# Position (bp)	A	C	G	T	N
0.0	26.230273655142383	23.809401040995276	23.695103540930823	26.265221762931517	0.0
1.0	26.30102925042038	23.88903689317051	23.598280094760934	26.211653761648172	0.0
2.0	26.31422155002521	23.750515605664788	23.694085430129704	26.2411774141803	0.0
3.0	26.270880593936894	23.76807360051328	23.687300932609244	26.273744872940586	0.0
4.0	26.227888272764766	23.769533935200037	23.640071490765777	26.362506301269416	0.0
5.0	26.26945097623637	23.70376947245716	23.81747516089212	26.20930439041435	0.0
6.0	26.218380533406656	23.69856108514343	23.74152231692787	26.341536064522042	0.0
7.0	26.083108744776705	23.717983600500634	23.815074593950573	26.383833060772087	0.0
8.0	26.268021514122225	23.650641815067903	23.69646529158051	26.384871379229363	0.0
9.0	26.27144370936793	23.701635306584183	23.77151530772976	26.255405676318126	0.0
10.0	26.324893535980117	23.719353111155023	23.632005361147147	26.323747991717717	0.0
11.0	26.266968325791858	23.81465146915631	23.62506443668022	26.29331576837161	0.0
12.0	26.383527120682743	23.576378944956755	23.76424766596025	26.275846268400255	0.0
13.0	26.296466006071366	23.69923821524715	23.78143078068618	26.222864997995305	0.0
14.0	26.272409645455063	23.746205395498023	23.66086259235924	26.32052236668767	0.0
15.0	26.21026404719629	23.76968898562346	23.753078641388395	26.266968325791858	0.0
16.0	26.25379460450198	23.72587204307234	23.62363251045306	26.39670084197262	0.0
17.0	26.25579930122	23.812933157683716	23.6791912480669	26.25207629302938	0.0
18.0	26.314508276533594	23.828111575691622	23.624491666189357	26.23288848158543	0.0
19.0	26.38954121083682	23.70611146113752	23.766538747923708	26.13780858010195	0.0
20.0	26.361972730475024	23.626715084726833	23.768188990809925	26.243123193988215	0.0
21.0	26.258301568527497	23.769334528511003	23.67625959029844	26.29610431266306	0.0
22.0	26.3069869208233	23.74900123431687	23.63673853961126	26.307273305248568	0.0
23.0	26.279494015997436	23.63702492403653	23.826038644714345	26.257442415251692	0.0
24.0	26.29152216185875	23.614973323290787	23.74527823678837	26.348226278062093	0.0
25.0	26.23882742760918	23.79052697598094	23.718071716387776	26.252573880022105	0.0
26.0	26.30240477001899	23.875583150285955	23.610963941337015	26.211048138358045	0.0
27.0	26.304409460995874	23.746137390064177	23.693729040239873	26.255724108700072	0.0
28.0	26.25486495542426	23.77019368178681	23.70232057299796	26.272620789790967	0.0
29.0	26.236536352207025	23.77534860144166	23.655639911679042	26.33247513467228	0.0
30.0	26.268325023411926	23.705470801675922	23.822888416036385	26.203315758875767	0.0
31.0	26.207897909680078	23.704325263974845	23.738118626156634	26.349658200188443	0.0
32.0	26.068715078999144	23.72122194506574	23.832052717645002	26.378010258290114	0.0
33.0	26.254578570998994	23.65678544938012	23.700602266446342	26.38803371317454	0.0
34.0	26.263170103757076	23.699456728745265	23.769620912936272	26.267752254561387	0.0
35.0	26.32331083306366	23.714921487709812	23.626428700301563	26.335338978924973	0.0
36.0	26.260803821502826	23.817378902692578	23.62807933971396	26.293737936090633	0.0
37.0	26.388530909382503	23.56994346787635	23.77384859471565	26.2676770280255	0.0
38.0	26.300038375403084	23.68850628039246	23.781867335658767	26.229588008545683	0.0
39.0	26.273118316522613	23.742346398153398	23.660440687091544	26.32409459823244	0.0
40.0	26.196081126747657	23.775853279951427	23.756092811198744	26.27197278210217	0.0
41.0	26.251925929744374	23.728886368713166	23.629224874134405	26.38996282740806	0.0
42.0	26.258226369056825	23.80134142080634	23.6945203360998	26.245911874037038	0.0
43.0	26.311493719607537	23.83227085015837	23.618342297140174	26.237893133093916	0.0
44.0	26.389103676592722	23.699961624596916	23.775566896346316	26.135367802464042	0.0
45.0	26.352943871837976	23.63001635245702	23.780653697344945	26.23638607836006	0.0
46.0	26.254428193812412	23.767766472021833	23.670396325136103	26.307409009029648	0.0
47.0	26.317146023718223	23.74399670087032	23.633452945876517	26.305404329534944	0.0
48.0	26.29996305662074	23.64490825727484	23.80900559305579	26.246123093048627	0.0
49.0	26.292803486996792	23.60452828459576	23.753160949988974	26.34950727841848	0.0
50.0	26.239536288994596	23.793827305453014	23.719654164148885	26.246982241403504	0.0
51.0	26.295667314846373	23.87401448524126	23.620565720553405	26.20975247935896	0.0
52.0	26.30998645409427	23.74199202137561	23.697602689707118	26.250418834823	0.0
53.0	26.26072861508149	23.76547540974217	23.693020565147787	26.28077541002855	0.0
54.0	26.245263944693757	23.770916682656374	23.658654630952825	26.325164741697048	0.0
55.0	26.284498386233007	23.702757579836362	23.823324732303693	26.18941930162694	0.0
56.0	26.21891672847762	23.708198852750563	23.726527350987876	26.34635706778394	0.0
57.0	26.067420235234817	23.73340053782687	23.824183880658566	26.374995346279746	0.0
58.0	26.260155849511573	23.659513779307698	23.703330345406275	26.37700002577445	0.0
59.0	26.257578404446953	23.69960736920182	23.780940080129902	26.26187414622132	0.0
60.0	26.327169421191755	23.709344383890397	23.626866141822482	26.336620053095366	0.0
61.0	26.25664406158358	23.817528867302055	23.628230388563047	26.297596682551323	0.0
62.0	26.381220216275658	23.57124037756598	23.777721774193548	26.26981763196481	0.0
63.0	26.29788306451613	23.690375274926687	23.79433192815249	26.21740973240469	0.0
64.0	26.271822305718473	23.736769153225808	23.665173662023463	26.326234879032256	0.0
65.0	26.201658724340177	23.767698405425218	23.765693731671554	26.264949138563047	0.0
66.0	26.266381048387093	23.719586235337243	23.62880315249267	26.385229563782993	0.0
67.0	26.260367027126097	23.795477456011728	23.690661656891496	26.25349385997067	0.0
68.0	26.312488544721408	23.83356625733138	23.622502749266864	26.231442448680355	0.0
69.0	26.394680168621704	23.69724844208211	23.77285328079179	26.1352181085044	0.0
70.0	26.344201497773383	23.635895012672364	23.76362100319315	26.256282486361098	0.0
71.0	26.250268482323126	23.772785199822444	23.680570471240173	26.29637584661426	0.0
72.0	26.30697194896688	23.7441470853559	23.64735025845898	26.301530707218234	0.0
73.0	26.299239658060912	23.63704053725103	23.809728367484283	26.253991437203773	0.0
74.0	26.29322565402294	23.59608803356387	23.750733851683208	26.359952460729986	0.0
75.0	26.243968097140485	23.798559502842334	23.718659163480677	26.238813236536508	0.0
76.0	26.295803084324927	23.868150120996035	23.62558529146441	26.210461503214628	0.0
77.0	26.315563383306845	23.72896888468863	23.698039721064763	26.25742801093976	0.0
78.0	26.256855248650428	23.77307158096711	23.700617151366753	26.269456019015706	0.0
79.0	26.241963429127825	23.77364434325644	23.6588055042456	26.32558672337013	0.0
80.0	26.28749803112963	23.688016381001475	23.83006142875553	26.194424159113368	0.0
81.0	26.212179790082622	23.71035411028538	23.73211907727995	26.34534702235205	0.0
82.0	26.071280266907227	23.7292552658333	23.822329137849565	26.377135329409914	0.0
83.0	26.255136961782437	23.657087217377608	23.716368114323352	26.371407706516603	0.0
84.0	26.25055486346779	23.70147629480075	23.78424044560906	26.2637283961224	0.0
85.0	26.327018629093462	23.70777667998339	23.632744820081044	26.332459870842108	0.0
86.0	26.25706643450768	23.8116648433786	23.635827324119525	26.29544139799419	0.0
87.0	26.38135549535205	23.576832977267127	23.770712456971356	26.271099070409466	0.0
88.0	26.30832851259787	23.6782116121494	23.79276374195987	26.220696133292858	0.0
89.0	26.26623060489252	23.738637860624422	23.677066090851294	26.31806544363176	0.0
90.0	26.206663497391077	23.7689941750242	23.764984850480833	26.259357477103894	0.0
91.0	26.26651698521705	23.718018477258536	23.63095885860258	26.384505678921837	0.0
92.0	26.25678005418316	23.80106877137113	23.693676149673813	26.2484750247719	0.0
93.0	26.316919922333653	23.842880298751954	23.620076406270584	26.220123372643805	0.0
94.0	26.394242609955725	23.692530628375707	23.78531785352219	26.127908908146374	0.0
95.0	26.346628024525543	23.637191533476333	23.77236265954918	26.243817782448946	0.0
96.0	26.25842313717292	23.766348689956956	23.67871656161312	26.296511611257007	0.0
97.0	26.30424385787558	23.745442986136368	23.648073954643216	26.30223920134484	0.0
98.0	26.30223920134484	23.634327738432415	23.81789700074745	26.245536059475295	0.0
99.0	26.291643159682348	23.601966854436164	23.749738678702244	26.356651307179245	0.0
100.0	26.242672264431377	23.793841122378552	23.72596917983774	26.23751743335233	0.0
101.0	26.290497641664786	23.874886522121386	23.618863245195268	26.215752591018564	0.0
102.0	26.30911230945024	23.725110041324562	23.70506347601715	26.26071417320805	0.0
103.0	26.254700203615826	23.75689816631203	23.71279572263572	26.275605907436418	0.0
104.0	26.249258993032388	23.77236265954918	23.65981551432327	26.31856283309516	0.0
105.0	26.280474359011073	23.694467434354657	23.83364787348899	26.191410333145278	0.0
106.0	26.21288879597465	23.70649537353911	23.72883297488165	26.35178285560459	0.0
107.0	26.056525586576818	23.72883297488165	23.830784078445074	26.383857360096453	0.0
108.0	26.25641848064218	23.655519821757395	23.718523312723555	26.369538384876872	0.0
109.0	26.25870951667731	23.692749157328308	23.785822496255587	26.262718829738795	0.0
110.0	26.32171300764347	23.707927271061063	23.645210159599298	26.325149561696172	0.0
111.0	26.257488802593443	23.814105868471998	23.63683746291396	26.2915678660206	0.0
112.0	26.393518677617788	23.56782020000687	23.77429923135961	26.26436189101573	0.0
113.0	26.294718031547475	23.670916526341113	23.806087265312666	26.228278176798746	0.0
114.0	26.260352589436064	23.74508860556491	23.663470680550304	26.33108812444872	0.0
115.0	26.211954591795823	23.75539823819833	23.774012852675348	26.258634317330493	0.0
116.0	26.257775181277708	23.715305222401685	23.640846764493624	26.38607283182698	0.0
117.0	26.25319312232952	23.80923743083955	23.68666735397551	26.250902092855426	0.0
118.0	26.325074172079223	23.825274637158206	23.62509593685923	26.224555253903343	0.0
119.0	26.396096085776144	23.687526490028294	23.791481952415317	26.124895471780246	0.0
120.0	26.364956312806605	23.635759635954372	23.766348689956956	26.23293536128206	0.0
121.0	26.265296245278318	23.7511705762242	23.685589669718517	26.297943508778964	0.0
122.0	26.303384719362406	23.739429016544143	23.65236964720909	26.304816616884363	0.0
123.0	26.307394032423886	23.62630911230945	23.816465103225493	26.24983175204117	0.0
124.0	26.298802647292142	23.59280271029563	23.744870227127585	26.363524415284644	0.0
125.0	26.248113475014822	23.790118188821463	23.720241589749904	26.24152674641381	0.0
126.0	26.296797990761394	23.867154275502813	23.623158937761144	26.21288879597465	0.0
127.0	26.319135592103944	23.721387107767473	23.702486060477625	26.25699123965096	0.0
128.0	26.25785037816414	23.761480238382298	23.720527969254295	26.260141414199268	0.0
129.0	26.250118131545563	23.774940075088708	23.65781085779253	26.317130935573203	0.0
130.0	26.27589228694081	23.69103088030196	23.834793391506555	26.198283441250673	0.0
131.0	26.216611729531742	23.699049506424924	23.72625555934213	26.358083204701206	0.0
132.0	26.063971453691003	23.7339878059607	23.829352180923117	26.37268855942518	0.0
133.0	26.260427793703663	23.650078611173956	23.71766417421038	26.371829420912	0.0
134.0	26.25727761915535	23.692462777823916	23.794413881387335	26.255845721633392	0.0
135.0	26.320853869130296	23.713082102140113	23.646069298112472	26.31999473061712	0.0
136.0	26.251625208341682	23.809087420457864	23.64355959288173	26.295727778318717	0.0
137.0	26.3939562296312	23.568241567531345	23.784458712548613	26.253343490288845	0.0
138.0	26.296014158643246	23.67362952695698	23.813383125325757	26.216973189074018	0.0
139.0	26.26852164748873	23.73205111316032	23.66675639916835	26.332670840182598	0.0
140.0	26.211818343232547	23.76527123080536	23.77271711924304	26.250193306719055	0.0
141.0	26.266803365541573	23.713150011741593	23.63840474704026	26.381641875676575	0.0
142.0	26.264798703269893	23.795627545205132	23.68708940220971	26.252484349315264	0.0
143.0	26.316347161684604	23.82455195798228	23.634395422496894	26.224705457836222	0.0
144.0	26.390233285412357	23.68938044480592	23.79075907968819	26.12962719009353	0.0
145.0	26.365966464767958	23.634749488093703	23.764480146627147	26.23480390051119	0.0
146.0	26.27833383450034	23.743001560777238	23.684293426120824	26.2943711786016	0.0
147.0	26.309262998124204	23.73355098300328	23.653364262496957	26.303821756375562	0.0
148.0	26.31069490384753	23.62243509887309	23.821183613270904	26.245686384008476	0.0
149.0	26.30067156378424	23.586637455789912	23.763334622048486	26.349356358377364	0.0
150.0	26.240245142259834	23.79741397826367	23.722954880650658	26.23938599882584	0.0
151.0	26.304967280954223	23.860704211234733	23.626444434898406	26.20788407291264	0.0
152.0	26.31355871529418	23.720091069204003	23.715508970889356	26.250841244612456	0.0
153.0	26.260578203531082	23.760757191746496	23.719231925770007	26.259432678952415	0.0
154.0	26.260005441241745	23.773930724401104	23.655941692798947	26.3101221415582	0.0
155.0	26.273465355041026	23.691166573592795	23.841230293397484	26.194137777968702	0.0
156.0	26.218193794120598	23.707490298838724	23.725818692097313	26.348497214943368	0.0
157.0	26.065552644013916	23.734410126437275	23.81889256411358	26.38114466543523	0.0
158.0	26.254850580637772	23.64620473388032	23.724386786373984	26.374557899107927	0.0
159.0	26.25914629780775	23.689734667869466	23.799132265131664	26.251986769191117	0.0
160.0	26.31355871529418	23.716654495468017	23.64076349213168	26.32902329710612	0.0
161.0	26.244043255131967	23.80951017228739	23.648277126099707	26.29816944648094	0.0
162.0	26.396971224340177	23.565799120234605	23.784022177419356	26.253207478005862	0.0
163.0	26.30647452346041	23.66574642595308	23.807791880498534	26.219987170087975	0.0
164.0	26.270963159824046	23.7213045271261	23.682070197947212	26.325662115102638	0.0
165.0	26.209391037390027	23.770562225073313	23.78173112170088	26.238315615835777	0.0
166.0	26.275831653225808	23.704980755131967	23.63453079178886	26.384656799853374	0.0
167.0	26.262658082844574	23.795477456011728	23.688943365102638	26.252921096041053	0.0
168.0	26.317929802052788	23.825833944281523	23.635676319648095	26.220559934017594	0.0
169.0	26.39038443914956	23.682070197947212	23.797768511730204	26.12977685117302	0.0
170.0	26.369840456150502	23.628011672962316	23.772062213796204	26.230085657090978	0.0
171.0	26.270752012555022	23.7434239353004	23.695025244642494	26.290798807502085	0.0
172.0	26.315427727008473	23.727100116557793	23.657509099812994	26.29996305662074	0.0
173.0	26.3056907123199	23.623715931187945	23.817310693819575	26.253282662672582	0.0
174.0	26.31199113358898	23.5776083028097	23.76003413682797	26.350366426773352	0.0
175.0	26.24583671026367	23.79296815709814	23.71850863300905	26.242686499629137	0.0
176.0	26.317718789288136	23.848526417379997	23.63459847701635	26.199156316315513	0.0
177.0	26.315141344223512	23.71879501579401	23.71994054693384	26.246123093048627	0.0
178.0	26.26960648141519	23.751442653279227	23.7202269297188	26.258723935586787	0.0
179.0	26.260442232296533	23.768912003161667	23.655504420318284	26.315141344223512	0.0
180.0	26.27791158217897	23.68099248817955	23.843657910035713	26.19743801960577	0.0
181.0	26.223785235821907	23.709344383890397	23.725668202633006	26.3412021776547	0.0
182.0	26.070284063084397	23.74084649023578	23.822751966733776	26.366117479946045	0.0
183.0	26.256432873307116	23.64290357778013	23.72194522642855	26.3787183224842	0.0
184.0	26.25156436596283	23.688724823373416	23.79840943001234	26.261301380651407	0.0
185.0	26.318291554858053	23.71020353224527	23.645194640059795	26.326310272836878	0.0
186.0	26.2450527232217	23.807641860118792	23.649558110097313	26.29774730656219	0.0
187.0	26.388244525777388	23.562211110538346	23.78644947334055	26.26309489034372	0.0
188.0	26.301470293428643	23.65328109696376	23.81909720432325	26.226151405284348	0.0
189.0	26.266817877210162	23.72630891626716	23.682778608290235	26.32409459823244	0.0
190.0	26.206963703741888	23.773562211110537	23.767261771798086	26.25221231334949	0.0
191.0	26.2777004542044	23.695379486915133	23.643544054389977	26.383376004490493	0.0
192.0	26.25307146416482	23.803632489647235	23.692802034469132	26.250494011718818	0.0
193.0	26.318080542525102	23.821674656769247	23.630370408554853	26.229874392150798	0.0
194.0	26.393972197879616	23.684496909920902	23.803632489647235	26.117898402552253	0.0
195.0	26.377151105014306	23.62270570277306	23.777926061269085	26.222217130943548	0.0
196.0	26.281212322549052	23.74040970155879	23.688574120585027	26.28980385530713	0.0
197.0	26.310996302777067	23.734109244202862	23.66852721081617	26.2863672422039	0.0
198.0	26.313000993753953	23.617837167543478	23.815442420979377	26.253719417723186	0.0
199.0	26.314719300305573	23.571442890649834	23.757879151500223	26.35595865754437	0.0
200.0	26.23739550548283	23.792531666957824	23.73009986224909	26.239972965310255	0.0
201.0	26.317010375707728	23.850954089712786	23.6232784716236	26.20875706295589	0.0
202.0	26.319015066684614	23.715207872135082	23.71606702541089	26.249710035769414	0.0
203.0	26.268038638986656	23.754156153971724	23.719790022939392	26.25801518410223	0.0
204.0	26.26746587013612	23.764752377706692	23.648480301047307	26.319301451109883	0.0
205.0	26.268325023411926	23.688860505010297	23.844653632356856	26.198160839220918	0.0
206.0	26.220498824391935	23.704898032825383	23.734395628628132	26.34020751415455	0.0
207.0	26.06184185279268	23.738405010581904	23.82861610454177	26.371137032083645	0.0
208.0	26.25973349065384	23.639888768289225	23.722367482766817	26.378010258290114	0.0
209.0	26.25686964640115	23.683705585355447	23.80341427511806	26.25601049312534	0.0
210.0	26.32046211520232	23.711756501716895	23.64359622770114	26.32418515537965	0.0
211.0	26.25495452150205	23.796881801727494	23.64910532224437	26.299058354526082	0.0
212.0	26.393280179622884	23.560324879144044	23.78485348363003	26.261541457603045	0.0
213.0	26.302781405365778	23.64996448782276	23.8169289985566	26.230325108254863	0.0
214.0	26.265837285494992	23.727575778404013	23.68662221916741	26.31996471693358	0.0
215.0	26.21285540816093	23.7702476687974	23.77368433111096	26.243212591930714	0.0
216.0	26.29075308726831	23.690918047059363	23.645668659930806	26.372660205741518	0.0
217.0	26.256100075606568	23.796309024675235	23.692636378216143	26.25495452150205	0.0
218.0	26.321969436616495	23.831821201915364	23.632781176254955	26.21342818521319	0.0
219.0	26.403590166563568	23.68261277980159	23.81005567392948	26.103741379705365	0.0
220.0	26.38333214004439	23.61423355051192	23.781198539414333	26.221235770029356	0.0
221.0	26.273931409751555	23.75026849001217	23.697000071597337	26.278800028638933	0.0
222.0	26.3186081477769	23.72707095296055	23.665783632848857	26.28853726641369	0.0
223.0	26.309443688694778	23.61423355051192	23.829311949595475	26.247010811197825	0.0
224.0	26.314598696928478	23.570988759218157	23.760005727786925	26.354406816066444	0.0
225.0	26.253024987470464	23.784921600916444	23.721915944726856	26.24013746688623	0.0
226.0	26.33393761831528	23.85035498162802	23.62009662831891	26.195610771737794	0.0
227.0	26.317040550099808	23.722051819585133	23.71288730801064	26.248020322304416	0.0
228.0	26.265203781506592	23.752122873188934	23.720906255638322	26.261767089666154	0.0
229.0	26.27007242828054	23.75785069292299	23.64386708021525	26.32820979858122	0.0
230.0	26.268067691373613	23.677374825659488	23.84920941768121	26.205348065285687	0.0
231.0	26.219954005607537	23.706873097289883	23.737803323853793	26.33536957324879	0.0
232.0	26.073035429428966	23.730070767212812	23.830021221572114	26.366872581786104	0.0
233.0	26.27522746604119	23.632984222720545	23.719187909718105	26.372600401520163	0.0
234.0	26.246301976384203	23.68739851019409	23.801954904875235	26.26434460854648	0.0
235.0	26.314176640232777	23.7085914432101	23.645012644162065	26.332219272395058	0.0
236.0	26.244658792801257	23.790567399447838	23.658254384658566	26.306519423092347	0.0
237.0	26.392588137583413	23.55442907466277	23.79184924248933	26.261133545264485	0.0
238.0	26.303821105147694	23.646059467416645	23.815319933785077	26.234799493650584	0.0
239.0	26.261434389373534	23.729400915323943	23.693028530842064	26.316136164460456	0.0
240.0	26.203098284172633	23.770696039935732	23.77900166398882	26.24720401190282	0.0
241.0	26.29017891664781	23.692493634668647	23.644091339998912	26.373236108684633	0.0
242.0	26.257783276909947	23.784892280020394	23.68923029334433	26.26809414972533	0.0
243.0	26.313091098648673	23.826968132944568	23.628479283263353	26.23146148514341	0.0
244.0	26.40412910913096	23.673348972162312	23.805391099615903	26.11713081909083	0.0
245.0	26.398297438423928	23.606715150334697	23.773992398051107	26.22099501319027	0.0
246.0	26.288185841341676	23.737736848889334	23.685318591295133	26.288758718473854	0.0
247.0	26.31105534691726	23.72031201212298	23.663592951940622	26.305039689019132	0.0
248.0	26.312185954840523	23.597861771429553	23.839930788314227	26.250021485415697	0.0
249.0	26.306742982863234	23.555463884448567	23.786360485169332	26.351432647518862	0.0
