# Position (bp)	A	C	G	T	N
0.0	26.326120219815653	23.819961591655378	23.623677415158003	26.230240773370966	0.0
1.0	26.097027737160218	23.907638961560544	23.81487064759637	26.180462653682874	0.0
2.0	26.119516782162282	23.78729604716965	23.815534583735733	26.277652586932337	0.0
3.0	26.249188288771563	23.878426833055705	23.686721815974476	26.185663062198255	0.0
4.0	26.153898270634667	23.72104315226658	23.85259461260071	26.272463964498044	0.0
5.0	26.241284895701018	23.738109351624466	23.841138114997037	26.17946763767748	0.0
6.0	26.1584011425249	23.819724924711334	23.83411938369136	26.187754549072405	0.0
7.0	26.19302290795894	23.670240537802226	23.836751512004312	26.299985042234518	0.0
8.0	26.04002336718942	23.945442692532374	23.8215514346269	26.1929825056513	0.0
9.0	26.233565395545195	23.773630696553493	23.738355735285403	26.25444817261591	0.0
10.0	26.137283950617284	23.759294532627866	23.91562610229277	26.18779541446208	0.0
11.0	26.24112874779542	23.812910052910052	23.708783068783067	26.237178130511463	0.0
12.0	26.271040564373898	23.61058201058201	23.96867724867725	26.149700176366842	0.0
13.0	26.254391534391537	23.909135802469137	23.706525573192238	26.12994708994709	0.0
14.0	26.33058201058201	23.785537918871253	23.836331569664903	26.047548500881835	0.0
15.0	26.310546737213404	23.7931569664903	23.757601410934743	26.138694885361552	0.0
16.0	26.175379188712522	23.87414462081129	23.762962962962963	26.187513227513225	0.0
17.0	26.279432015712125	23.765999954850216	23.618416597060747	26.33615143237691	0.0
18.0	26.208603291419287	23.692913741336884	23.776158656342417	26.32232431090142	0.0
19.0	26.222994785199898	23.795629500869133	23.70194369821884	26.279432015712125	0.0
20.0	26.176716256179876	23.743142876492765	23.800144479310113	26.279996388017246	0.0
21.0	26.1722012777389	23.894394654265525	23.597534821771227	26.335869246224348	0.0
22.0	26.185746213061833	23.697428719777864	23.801555410072915	26.315269657087388	0.0
23.0	26.140804849073163	23.85820750217988	23.74956614001473	26.251421508732225	0.0
24.0	26.242673762687758	23.755492032496466	23.79302268488079	26.208811519934983	0.0
25.0	26.34397830558981	23.797255465224886	23.634998885367843	26.22376734381746	0.0
26.0	26.108353533101752	23.914362388078235	23.82378088871456	26.153503190105454	0.0
27.0	26.114561610939763	23.779477787779683	23.821523405864376	26.28443719541618	0.0
28.0	26.254807733007503	23.86977710178708	23.693411254116377	26.182003911089037	0.0
29.0	26.14814166833626	23.730095350431885	23.844944790435047	26.276818190796806	0.0
30.0	26.24888184052577	23.733763760063436	23.835068302965485	26.182286096445313	0.0
31.0	26.14785948297999	23.81644406945146	23.842122936872315	26.19357351069624	0.0
32.0	26.194984437477604	23.684099137359365	23.820676849795557	26.300239575367474	0.0
33.0	26.044861827940302	23.931575694810896	23.832810820115302	26.190751657133504	0.0
34.0	26.21981674882964	23.772423153872854	23.74307587682045	26.264684220477065	0.0
35.0	26.144191073348438	23.759160442128017	23.910411793090407	26.186236691433134	0.0
36.0	26.25537210372005	23.808542879475812	23.695950922322837	26.2401340944813	0.0
37.0	26.2779469322219	23.600007901189976	23.965437937563667	26.15660722902446	0.0
38.0	26.256783030501413	23.91690205628469	23.713164229055497	26.1131506841584	0.0
39.0	26.32507188671951	23.77863123171086	23.84268730758486	26.053609573984765	0.0
40.0	26.30672983856176	23.797819835937435	23.771576597804035	26.123873727696772	0.0
41.0	26.1803107989514	23.871188028568447	23.766215076034843	26.182286096445313	0.0
42.0	26.279283702712924	23.773202625445148	23.627595392490505	26.319918279351427	0.0
43.0	26.20224731783576	23.690240364808197	23.78392563872475	26.323586678631294	0.0
44.0	26.21607436127525	23.798317051284222	23.710557653127452	26.275050934313075	0.0
45.0	26.186727167036327	23.744701984886195	23.802549819684067	26.26602102839341	0.0
46.0	26.17628633831671	23.89595290904063	23.60078785929149	26.32697289335117	0.0
47.0	26.188984643516243	23.707453622967567	23.80734695720389	26.296214776312297	0.0
48.0	26.151380301880188	23.86145905936864	23.737862570863395	26.24929806788777	0.0
49.0	26.247604965305506	23.754229229158614	23.807279776736205	26.190886028799675	0.0
50.0	26.355963530570374	23.78978438338615	23.64530629636632	26.208945789677152	0.0
51.0	26.1144142288341	23.917331444583343	23.81884931104834	26.149405015534217	0.0
52.0	26.130498703365607	23.77313554132722	23.81433437082897	26.2820313844782	0.0
53.0	26.261714153491035	23.868795837225118	23.685094207049513	26.184395802234334	0.0
54.0	26.168311327702824	23.71952062622221	23.83690907192582	26.275258974149146	0.0
55.0	26.2501446191789	23.726575220314974	23.84593895236456	26.177341208141563	0.0
56.0	26.157588344681827	23.818284943520922	23.83295849923387	26.191168212563387	0.0
57.0	26.203866481930362	23.67719306166562	23.82421080255884	26.294729653845177	0.0
58.0	26.04979414694437	23.933133735351138	23.82675045643224	26.190321661272254	0.0
59.0	26.227005550554633	23.77623956272804	23.74237751108277	26.25437737563456	0.0
60.0	26.148840648006793	23.76636313099817	23.91112340178171	26.17367281921333	0.0
61.0	26.250426802942613	23.802764836516836	23.71077292954718	26.236035430993372	0.0
62.0	26.284006670824173	23.601849996754886	23.969253257106093	26.144890075314848	0.0
63.0	26.265946909946695	23.91281650436397	23.707104540618943	26.11413204507039	0.0
64.0	26.347215833895348	23.78075450294741	23.82872574277821	26.043303920379028	0.0
65.0	26.3139181497775	23.79514587489665	23.769749336162697	26.121186639163156	0.0
66.0	26.179034310723832	23.868795837225118	23.76297692583364	26.189192926217412	0.0
67.0	26.27998194029008	23.761781138890456	23.636209718381398	26.322027202438058	0.0
68.0	26.215079857779784	23.679665895366554	23.783509227383036	26.321745019470626	0.0
69.0	26.21931260229133	23.795078729047916	23.710706021784524	26.274902646876235	0.0
70.0	26.175292059371298	23.744567977876855	23.796489643885096	26.28365031886675	0.0
71.0	26.167955302217962	23.891020937976183	23.598397200744962	26.342626559060893	0.0
72.0	26.19391613522208	23.696314690445284	23.81200970709408	26.297759467238556	0.0
73.0	26.150386166301242	23.86132439380215	23.744783157110565	26.24350628278604	0.0
74.0	26.238991368047383	23.77413010291184	23.808838509965263	26.178040019075517	0.0
75.0	26.34932459697331	23.785699571929648	23.643761939833116	26.221213891263922	0.0
76.0	26.115677759247813	23.91070627375621	23.823794165037064	26.14982180195891	0.0
77.0	26.13543051122944	23.76679336646152	23.82125452549657	26.27652159681247	0.0
78.0	26.2646699456235	23.854834203865334	23.68862890504852	26.19186694546265	0.0
79.0	26.156594174066893	23.727005680327107	23.834517087541375	26.281883058064626	0.0
80.0	26.26354121693883	23.724183858615444	23.837338909253035	26.17493601519269	0.0
81.0	26.16336654617488	23.815893064244413	23.829437808460384	26.19130258112032	0.0
82.0	26.197510588885976	23.691450726760184	23.832823994514378	26.27821468983947	0.0
83.0	26.060087871528104	23.92679065751268	23.82830907977572	26.1848123911835	0.0
84.0	26.223753530804416	23.764818091263358	23.75014461836272	26.261283759569505	0.0
85.0	26.160262542292053	23.761996269551698	23.910424091585046	26.167317096571203	0.0
86.0	26.25733320917318	23.803194866541943	23.70584201748965	26.23362990679523	0.0
87.0	26.28357615109162	23.601152431987042	23.965731797133593	26.149539619787742	0.0
88.0	26.269467042533318	23.916914281521866	23.714307482624633	26.099311193320183	0.0
89.0	26.345374046576993	23.7927541262088	23.822383254181233	26.039488573032976	0.0
90.0	26.31884892248738	23.788803575812473	23.781466839362157	26.110880662337994	0.0
91.0	26.185094573354668	23.856809479063493	23.778362835479328	26.17973311210251	0.0
92.0	26.28011580723626	23.76813720787173	23.632125785169674	26.31962119972233	0.0
93.0	26.211263551760528	23.672477721780453	23.789865173739074	26.326393552719946	0.0
94.0	26.224526076380855	23.770959021620737	23.714804928015532	26.289709973982877	0.0
95.0	26.171475977899554	23.749513237128298	23.79776625223629	26.281244532735858	0.0
96.0	26.16159962977804	23.904148630573786	23.60249674080512	26.331754998843053	0.0
97.0	26.193768306516695	23.70323549164461	23.807360418982906	26.295635782855786	0.0
98.0	26.141773166320053	23.84369453388001	23.762144346653198	26.252387953146737	0.0
99.0	26.247026522152588	23.762144346653198	23.80418925287048	26.186639878323735	0.0
100.0	26.343814460625932	23.78782277930939	23.65237610156243	26.215986658502246	0.0
101.0	26.126817595652163	23.907185164073898	23.823377532217968	26.142619708055975	0.0
102.0	26.147981139050124	23.752550206979453	23.815194295437422	26.284274358533	0.0
103.0	26.271294051915582	23.842565811565454	23.691317021414683	26.19482311510428	0.0
104.0	26.153342570044273	23.733079747053328	23.834382574784907	26.279195108117488	0.0
105.0	26.253798856039936	23.719535079278632	23.842283630986813	26.18438243369462	0.0
106.0	26.167169418397606	23.80080308592681	23.834946935942185	26.197080559733394	0.0
107.0	26.192001309317885	23.696114091251555	23.829867685526676	26.28201691390388	0.0
108.0	26.05570808983501	23.931170513258255	23.82224880990341	26.190872587003327	0.0
109.0	26.230942229170136	23.770327583433744	23.742673886727072	26.25605630066905	0.0
110.0	26.16745159897625	23.757629457394966	23.904927719444782	26.169991224184002	0.0
111.0	26.2535166754613	23.80108526650545	23.715020190020404	26.230377868012855	0.0
112.0	26.27411585770198	23.5914250965763	23.98986407361527	26.14459497210645	0.0
113.0	26.27383367712334	23.91170005333213	23.719817259857273	26.09464900968726	0.0
114.0	26.343532280047295	23.796570377247214	23.83325385247035	26.02664349023514	0.0
115.0	26.300923012672726	23.791773307410345	23.80108526650545	26.10621841341148	0.0
116.0	26.188332961795574	23.857803562811984	23.775124653270613	26.17873882212183	0.0
117.0	26.289709973982877	23.753181595002005	23.630997059670072	26.326111371345046	0.0
118.0	26.230169703878865	23.664294461908337	23.79381571298768	26.311720121225118	0.0
119.0	26.228758797004364	23.77321647261994	23.723270369262547	26.27475436111315	0.0
120.0	26.175708698523064	23.748102330253793	23.791840443363377	26.28434852785977	0.0
121.0	26.172322522024256	23.892579194202863	23.611808726176836	26.32328955759604	0.0
122.0	26.202798110513513	23.695898775897195	23.808489144482508	26.29281396910678	0.0
123.0	26.14841089110308	23.836492362739538	23.75832790132654	26.256768844830848	0.0
124.0	26.245199375813037	23.75296644007438	23.804323595226606	26.197510588885976	0.0
125.0	26.339448220982504	23.793600672722295	23.647994672400607	26.21895643389459	0.0
126.0	26.128658139121452	23.913528095467875	23.82830907977572	26.129504685634952	0.0
127.0	26.145871251562586	23.747887160993393	23.828026897604556	26.27821468983947	0.0
128.0	26.24773901535353	23.847497467415014	23.70104492057983	26.203718596651626	0.0
129.0	26.15610361758564	23.736666854788645	23.83571307635871	26.271516451267	0.0
130.0	26.263689439837012	23.72431775020529	23.84085964461777	26.17113316533993	0.0
131.0	26.1702866140488	23.80925506308218	23.835498153107267	26.18496016976175	0.0
132.0	26.184395802234334	23.699203395235045	23.828443559014502	26.287957243516125	0.0
133.0	26.047254493070977	23.928618795131765	23.830136661596764	26.193990050200494	0.0
134.0	26.234060144647398	23.775393011436908	23.74830337012069	26.242243473795007	0.0
135.0	26.176850707436692	23.743291062086247	23.91993859663975	26.159919633837315	0.0
136.0	26.25896641439367	23.79295554464442	23.714508236967305	26.233569803994605	0.0
137.0	26.27956588727291	23.592040137931814	23.980043907917533	26.14835006687774	0.0
138.0	26.271946904153193	23.907240291440214	23.717047898007213	26.10376490639938	0.0
139.0	26.35180513463025	23.788158407124595	23.84092691984265	26.019109538402496	0.0
140.0	26.317452882100135	23.78653242168651	23.79640890915607	26.099605787057286	0.0
141.0	26.179182057526308	23.846920087928957	23.78314619741123	26.190751657133504	0.0
142.0	26.273223920355782	23.751608461069598	23.638451813892587	26.336715804682033	0.0
143.0	26.230331625166492	23.67711131679346	23.78688173013974	26.305675327900307	0.0
144.0	26.236539720522835	23.76487121023997	23.72282547350836	26.27576359572883	0.0
145.0	26.174740953111947	23.734677291915933	23.809738808497187	26.28084294647493	0.0
146.0	26.171354719281215	23.89044404812967	23.61107975709416	26.327121475494952	0.0
147.0	26.2026773822155	23.689527507506153	23.814535973090727	26.29325913718762	0.0
148.0	26.155908289241626	23.83125220458554	23.75957671957672	26.25326278659612	0.0
149.0	26.248465608465608	23.747724867724866	23.804726631393297	26.199082892416225	0.0
150.0	26.334250440917106	23.795978835978836	23.651216931216933	26.21855379188712	0.0
151.0	26.1384126984127	23.90151675485009	23.83604938271605	26.124021164021165	0.0
152.0	26.151393298059965	23.751675485008818	23.83520282186949	26.261728395061727	0.0
153.0	26.262857142857143	23.838306878306877	23.6994708994709	26.199365079365077	0.0
154.0	26.155135534773994	23.738479685304227	23.83809195934239	26.268292820579386	0.0
155.0	26.26385193002853	23.712585326760223	23.847471449574318	26.176091293636933	0.0
156.0	26.173833785305312	23.809940373561194	23.84098111312092	26.175244728012576	0.0
157.0	26.196973245704385	23.696782768438904	23.83420858812607	26.27203539773064	0.0
158.0	26.05305708956382	23.9329745776343	23.828000440214126	26.18596789258775	0.0
159.0	26.228296173805564	23.76196832151434	23.749269837148994	26.2604656675311	0.0
160.0	26.16967480500717	23.746797151016448	23.924576433804027	26.15895161017236	0.0
161.0	26.269852019911276	23.800977503865994	23.70954815843238	26.219622317790343	0.0
162.0	26.289323084216587	23.576072601672816	23.97762802930254	26.156976284808053	0.0
163.0	26.26956983057352	23.89663968936598	23.721964489293736	26.111825990766764	0.0
164.0	26.352251306536633	23.78432833293827	23.848103123271592	26.01531723725351	0.0
165.0	26.32241351577866	23.784959830234413	23.79370772439054	26.098918929596383	0.0
166.0	26.178214357269642	23.84986356107018	23.786652971038826	26.185269110621356	0.0
167.0	26.283827637779723	23.75088184665745	23.633490419617914	26.331800095944917	0.0
168.0	26.222874396816888	23.67751220475774	23.802240595987247	26.29737280243813	0.0
169.0	26.23613737054491	23.770635211784295	23.721816180827947	26.271411236842845	0.0
170.0	26.172926602139007	23.73423258176482	23.819172051810256	26.27366876428592	0.0
171.0	26.161356773993283	23.89056635719728	23.619098682168353	26.328978186641084	0.0
172.0	26.199170358664674	23.683438214295794	23.836385698563646	26.281005728475886	0.0
173.0	26.141677178308488	23.8330666621516	23.768726948463325	26.25652921107659	0.0
174.0	26.254553868989667	23.73966120061292	23.791866670052965	26.213918260344443	0.0
175.0	26.3338497441932	23.788198177605828	23.667702310303667	26.210249767897302	0.0
176.0	26.140266219674974	23.899663909653494	23.838146113232252	26.12192375743928	0.0
177.0	26.140548411401674	23.753206403494662	23.8330666621516	26.273178522952062	0.0
178.0	26.267816880144707	23.830244744884567	23.692252990526825	26.209685384443898	0.0
179.0	26.15614276684125	23.74339669496117	23.844139425681774	26.256321112515803	0.0
180.0	26.25752397937731	23.71806629849845	23.8498505786374	26.174559143486835	0.0
181.0	26.167504310502952	23.803570874263123	23.844206712250294	26.184718102983627	0.0
182.0	26.20926892176755	23.689846966562914	23.832636786156726	26.268247325512817	0.0
183.0	26.0566023359963	23.930557867973036	23.82501756653413	26.18782222949654	0.0
184.0	26.222814201096607	23.7575733632082	23.760113103082396	26.2594993326128	0.0
185.0	26.176608365362362	23.753407493946938	23.91538691635202	26.154597224338676	0.0
186.0	26.26860364707675	23.805049017117895	23.704023523701483	26.22232381210387	0.0
187.0	26.27932702347291	23.579858112798632	23.98000936884464	26.16080549488382	0.0
188.0	26.28835723517493	23.89196480474989	23.71277154128782	26.106906418787357	0.0
189.0	26.36426745229509	23.77936935259026	23.832139652223972	26.024223542890685	0.0
190.0	26.31382896166382	23.778307677112583	23.805116193755026	26.10274716746857	0.0
191.0	26.176400039507286	23.848009820382938	23.792135227801843	26.18345491230793	0.0
192.0	26.286530234448197	23.742818119222044	23.643203034168256	26.327448612161508	0.0
193.0	26.237710376900587	23.67904188913095	23.795588716686797	26.287659017281666	0.0
194.0	26.24504746531815	23.772730864309015	23.711212199884866	26.27100947048797	0.0
195.0	26.176756103893172	23.734070052262645	23.81336704631396	26.275806797530223	0.0
196.0	26.15164068584845	23.891253061823438	23.631068618708447	26.32603763361967	0.0
197.0	26.19707419489564	23.69230508742423	23.8339673330248	26.276653384655326	0.0
198.0	26.138169052638116	23.826979679029694	23.777595290704728	26.25725597762746	0.0
199.0	26.251047654523752	23.743731710139038	23.792551705454574	26.212668929882632	0.0
200.0	26.354049378744392	23.78747216836972	23.64947807756453	26.209000375321352	0.0
201.0	26.143113943125794	23.888633342834005	23.835297902421544	26.13295481161866	0.0
202.0	26.14156829655801	23.749925922581337	23.847002615991126	26.261503164869527	0.0
203.0	26.27124622908536	23.825689911586338	23.702367950964707	26.200695908363596	0.0
204.0	26.157041585767825	23.740517903102003	23.83703210367093	26.26540840745925	0.0
205.0	26.271691063380658	23.706437966874653	23.845565555056993	26.176305414687697	0.0
206.0	26.181949535912132	23.803516851934948	23.856007179322198	26.158526432830726	0.0
207.0	26.20424381474865	23.692327663813565	23.839639227771332	26.263789293666452	0.0
208.0	26.055950489489177	23.93233789286833	23.827074437912906	26.184637179729584	0.0
209.0	26.224294265225893	23.763429632535342	23.76032533081979	26.251950771418976	0.0
210.0	26.174981515242163	23.752208293588755	23.930282830905387	26.142527360263696	0.0
211.0	26.261902208575798	23.8041349415543	23.70733689670548	26.226625953164422	0.0
212.0	26.274319450480604	23.59163077895616	23.976283067961823	26.157766702601414	0.0
213.0	26.291816473164648	23.88964458467148	23.722576239043196	26.09596270312068	0.0
214.0	26.357571413251456	23.77845382761482	23.839975617052257	26.023999142081465	0.0
215.0	26.32011175549253	23.77908535466847	23.805895384441715	26.09490750539728	0.0
216.0	26.177877492274476	23.834680890092987	23.804202119403406	26.183239498229128	0.0
217.0	26.29224708193168	23.747544758765493	23.645101934842977	26.315106224459843	0.0
218.0	26.242013410696952	23.6823538708148	23.792698620549523	26.282934097938725	0.0
219.0	26.24314225724155	23.763066398753754	23.733434176957985	26.26035716704671	0.0
220.0	26.187129947903436	23.730463789220583	23.81851431667711	26.263891946198868	0.0
221.0	26.169498222046624	23.89146017948863	23.619405091155386	26.31963650730936	0.0
222.0	26.195045408621148	23.69150359261496	23.842207158137146	26.271243840626745	0.0
223.0	26.135289286752446	23.83775896956852	23.772566793758486	26.254384949920556	0.0
224.0	26.267084724429	23.743780638206	23.792039781338104	26.197094856026894	0.0
225.0	26.35908753531243	23.77595340029407	23.665324253464924	26.19963481092858	0.0
226.0	26.1454491063592	23.90266892816725	23.83183240813124	26.120049557342305	0.0
227.0	26.158713315290242	23.755633761080553	23.838323403991115	26.247329519638086	0.0
228.0	26.281760019416545	23.833525711399037	23.69777923276429	26.186935036420135	0.0
229.0	26.17572022035582	23.738485505283123	23.840648424094645	26.245145850266415	0.0
230.0	26.27005517377623	23.710330619329163	23.833942455585817	26.185671751308792	0.0
231.0	26.182002906853686	23.797536229838993	23.844948988951135	26.17551187435619	0.0
232.0	26.214458069341163	23.676182144016256	23.84071570688755	26.26864407975503	0.0
233.0	26.06672254630531	23.922694188799802	23.8292792373276	26.181304027567286	0.0
234.0	26.236619225417897	23.754773052467595	23.753644170878808	26.2549635512357	0.0
235.0	26.168408931837167	23.741561491047843	23.936860761780046	26.153168815334944	0.0
236.0	26.256194895067793	23.79996839051264	23.716146803490588	26.22768991092898	0.0
237.0	26.271435183617253	23.596482315620733	23.98059403258035	26.151488468181665	0.0
238.0	26.292186203509804	23.917227832310722	23.72277194190595	26.067814022273527	0.0
239.0	26.357663368348565	23.783168981886533	23.84921060504287	26.009957044722032	0.0
240.0	26.322518733859248	23.766528838147924	23.802938146512187	26.108014281480646	0.0
241.0	26.181168481098766	23.83675473977459	23.805706640623896	26.176370138502747	0.0
242.0	26.293237284977955	23.743176031569497	23.639299283589168	26.324287399863376	0.0
243.0	26.240684281842817	23.669828364950316	23.795449412827463	26.294037940379404	0.0
244.0	26.245271300321832	23.769973462819717	23.727062277680538	26.257692959177913	0.0
245.0	26.184425998080073	23.73143599299791	23.818115082726298	26.26602292619572	0.0
246.0	26.167638463384673	23.895187135576233	23.62157812257345	26.31559627846564	0.0
247.0	26.18819668612516	23.685421944324418	23.851765244134914	26.274616125415506	0.0
248.0	26.13886759576954	23.833553493187303	23.7693441310663	26.258234779976863	0.0
249.0	26.265306295628953	23.748978165988273	23.818561880004864	26.167153658377906	0.0
