# Position (bp)	A	C	G	T	N
0.0	25.674444097459002	24.198410523431075	24.446646739788537	25.68049863932138	0.0
1.0	25.512883427762944	24.475963468806363	24.31854538038456	25.692607723046134	0.0
2.0	25.656108597285066	24.278567331591358	24.381811229367152	25.68351284175642	0.0
3.0	25.746978469303546	24.399437914036536	24.164279500750403	25.68930411590952	0.0
4.0	25.686018353301044	24.36910527657405	24.225082844761662	25.719793525363244	0.0
5.0	25.719993500224625	24.209432958321784	24.28335197239507	25.78722156905852	0.0
6.0	25.712310393057063	24.37673836233126	24.20469425531983	25.706256989291848	0.0
7.0	25.826481167029318	24.31194268073949	24.163483502234854	25.698092649996333	0.0
8.0	25.703873133995526	24.32193076908374	24.261721661898786	25.71247443502195	0.0
9.0	25.66084136621666	24.25346746602616	24.35731624182111	25.72837492593607	0.0
10.0	25.786978931072053	24.140710112703157	24.34298965985181	25.729321296372987	0.0
11.0	25.72063850052401	24.30819022499148	24.273149785138393	25.69802148934611	0.0
12.0	25.693243247547965	24.23587949911284	24.220270575905555	25.85060667743364	0.0
13.0	25.643549532847228	24.221863323171604	24.347690357189503	25.78689678679166	0.0
14.0	25.92419160112512	24.215173784654198	24.167391366672717	25.693243247547965	0.0
15.0	25.705985225676358	24.319658005307033	24.30150068647407	25.672856082542534	0.0
16.0	25.804098457264995	24.25881505974395	24.197335015274447	25.739751467716605	0.0
17.0	25.65852135714809	24.241294839817407	24.204980202151482	25.895203600883022	0.0
18.0	25.690694851922284	24.342912115391353	24.222500422078024	25.74389261060833	0.0
19.0	25.796371096188885	24.199806322549406	24.251729718020922	25.752092863240783	0.0
20.0	25.747951733540603	24.22911277888916	24.28262891655305	25.74030657101719	0.0
21.0	25.802423516519923	24.22943132732763	24.23325390858934	25.7348912475631	0.0
22.0	25.808475936850954	24.252366814897876	24.1829232553102	25.75623399294097	0.0
23.0	25.683286400530065	24.373415221518584	24.174003899032886	25.769294478918464	0.0
24.0	25.626584778481416	24.362266026171937	24.189294224079713	25.821854971266934	0.0
25.0	25.700488016207746	24.17591518966374	24.440628942036927	25.682967852091586	0.0
26.0	25.567334768924965	24.45018539519119	24.299511983792254	25.682967852091586	0.0
27.0	25.683286400530065	24.266701494629274	24.353983766771574	25.696028338069087	0.0
28.0	25.739350925701764	24.383608771549802	24.17527809278679	25.701762209961647	0.0
29.0	25.71100011467744	24.358443444910233	24.22974987576611	25.70080656464622	0.0
30.0	25.752729960117737	24.195346644410748	24.2663829461908	25.78554044928072	0.0
31.0	25.71577834125457	24.368318446502975	24.18069341624087	25.73520979600158	0.0
32.0	25.847020297906496	24.29282246658427	24.18610873969496	25.674048495814272	0.0
33.0	25.71737108344695	24.29568940253055	24.264471655559944	25.722467858462554	0.0
34.0	25.68583478803787	24.235165199220194	24.364495865241267	25.714504147500666	0.0
35.0	25.805609000904678	24.140556312992953	24.332322472955237	25.72151221314713	0.0
36.0	25.742454407899977	24.2784104483555	24.236362188420802	25.742772955323723	0.0
37.0	25.724297204746353	24.222027554352156	24.199092139842318	25.85458310105917	0.0
38.0	25.66026917257307	24.193995381062354	24.343075575376282	25.802659870988293	0.0
39.0	25.91988532292745	24.217567890419687	24.17520108306124	25.687345703591625	0.0
40.0	25.696265031456555	24.283188659711715	24.327148204188898	25.693398104642828	0.0
41.0	25.830054949430597	24.21820498526718	24.220434817233418	25.731305248068807	0.0
42.0	25.6484829178944	24.252289559608187	24.20864856255475	25.890578959942662	0.0
43.0	25.693398104642828	24.34498685991877	24.227442860555865	25.734172174882534	0.0
44.0	25.77104158304823	24.203793250638686	24.262724336308555	25.762440830004525	0.0
45.0	25.72963054987481	24.247115562266266	24.26240578989953	25.760848097959393	0.0
46.0	25.804807502405026	24.237559169995475	24.218446385453895	25.739186942145604	0.0
47.0	25.816593719539	24.245522830221137	24.178946630734632	25.758936819505234	0.0
48.0	25.72612653937552	24.369755929741405	24.145499257786867	25.758618273096207	0.0
49.0	25.62355459566904	24.358288259016454	24.21048272522824	25.80767442008626	0.0
50.0	25.688219516701388	24.200289240139398	24.4411103253633	25.670380917795914	0.0
51.0	25.53085759064238	24.4398361397272	24.328026350158954	25.70127991947147	0.0
52.0	25.687582423883338	24.246478469448213	24.3805865076483	25.68535259902015	0.0
53.0	25.758936819505234	24.371030115377508	24.161108031829155	25.7089250332881	0.0
54.0	25.719437064785964	24.34140529933806	24.22481731363442	25.714340322241547	0.0
55.0	25.761166644368416	24.200607786548424	24.24584137663016	25.792384192453	0.0
56.0	25.737912756509495	24.367844651287246	24.14613635060492	25.74810624159834	0.0
57.0	25.841440339443057	24.271643635761293	24.171301516918	25.715614507877653	0.0
58.0	25.74874333441639	24.284704038531373	24.264317068353687	25.702235558698543	0.0
59.0	25.690130795155547	24.23373661308716	24.349687505972746	25.72644508578455	0.0
60.0	25.822646101310497	24.122882462746	24.331530360658242	25.72294107528526	0.0
61.0	25.72954858932172	24.26264704851765	24.247993960379326	25.75981040178131	0.0
62.0	25.71839950052082	24.22919978211495	24.196389606500873	25.856011110863353	0.0
63.0	25.681448234780696	24.187151790065844	24.328904490534423	25.802495484619037	0.0
64.0	25.933099096286718	24.194159788740695	24.179825245996682	25.69291586897591	0.0
65.0	25.688456233455547	24.28781213466825	24.328585945140112	25.695145686736087	0.0
66.0	25.840402386542095	24.231429599875128	24.182373609151174	25.745794404431603	0.0
67.0	25.65946860257321	24.234615053818246	24.192248516374825	25.913667827233724	0.0
68.0	25.703109321593875	24.330497217505982	24.223465965017347	25.7429274958828	0.0
69.0	25.803050380979077	24.188667465151244	24.26639229377437	25.741889860095306	0.0
70.0	25.71162814403303	24.25556178486787	24.266073749394764	25.766736321704343	0.0
71.0	25.812925256746773	24.228485512601615	24.20427613975179	25.75431309089982	0.0
72.0	25.808784179811934	24.241545832165336	24.18038531128157	25.76928467674116	0.0
73.0	25.725962641115157	24.37597156035779	24.144071252006828	25.75399454652022	0.0
74.0	25.64983053439005	24.33615351290742	24.20236487347417	25.81165107922836	0.0
75.0	25.71640630972707	24.19790525215973	24.412922708391733	25.672765729721466	0.0
76.0	25.53165056955735	24.463571264748605	24.313218317576005	25.69155984811804	0.0
77.0	25.7087612446166	24.252694885451444	24.388394791162305	25.65014907876965	0.0
78.0	25.763550877908308	24.364185418312477	24.157450115950155	25.714813587829056	0.0
79.0	25.718636120384293	24.3450727555363	24.211602660482658	25.724688463596753	0.0
80.0	25.749853469585382	24.192808542086084	24.262888305598736	25.794449682729798	0.0
81.0	25.73551897250325	24.357177441961213	24.171466068652684	25.735837516882853	0.0
82.0	25.843505517188653	24.272444636986826	24.184207843836802	25.699842001987715	0.0
83.0	25.768010499222754	24.283275145893327	24.26989628195	25.67881807293392	0.0
84.0	25.679455161693127	24.233900767054866	24.36768940648811	25.718954664763892	0.0
85.0	25.826304120690097	24.127506944267477	24.343480033638286	25.702708901404144	0.0
86.0	25.745948924756874	24.2618553876832	24.24465404597855	25.74754164158138	0.0
87.0	25.74658601148667	24.231275224652705	24.175848679159937	25.84629008470068	0.0
88.0	25.661853476423012	24.182219546457954	24.362515090991913	25.793411886127117	0.0
89.0	25.93102261976434	24.1955983677838	24.164699661388404	25.708679351063456	0.0
90.0	25.69880450675153	24.278419642658054	24.325882604028298	25.69689324656212	0.0
91.0	25.821762245603303	24.249432196452066	24.20292486517652	25.72588069276811	0.0
92.0	25.674913754383955	24.22267455380038	24.217259316597065	25.885152375218603	0.0
93.0	25.694663443007816	24.3262011473932	24.215029513042758	25.764105896556227	0.0
94.0	25.781225113878893	24.182779600547892	24.286305864364667	25.74968942120855	0.0
95.0	25.7468225400567	24.232153664829738	24.283438983212818	25.737584811900742	0.0
96.0	25.79173701143567	24.240754308285286	24.21081132736597	25.756697352913072	0.0
97.0	25.812442264199024	24.2474436976396	24.166533940687415	25.773580097473957	0.0
98.0	25.704456407479377	24.378683145924253	24.154429331379607	25.762431115216767	0.0
99.0	25.61622017647246	24.35288121555761	24.197432548657343	25.833466059312588	0.0
100.0	25.692988882871976	24.21590800496926	24.409900296244384	25.68120281591438	0.0
101.0	25.513012455005896	24.482846494441436	24.331220335743637	25.672920714809035	0.0
102.0	25.712101423884302	24.24903640939063	24.401618195139044	25.63724397158602	0.0
103.0	25.798107858439778	24.352562673207405	24.147739942025293	25.701589526327524	0.0
104.0	25.72452457554232	24.334724301595898	24.22068614022234	25.72006498263944	0.0
105.0	25.771668843372726	24.200299429809196	24.23279074953015	25.795240977287932	0.0
106.0	25.742681489504026	24.367215621316856	24.163667059535566	25.726435829643552	0.0
107.0	25.836970025164845	24.27770522090912	24.211129869716178	25.674194884209854	0.0
108.0	25.777402605676425	24.26560061160131	24.274519797407066	25.6824769853152	0.0
109.0	25.690759086420538	24.23502054598159	24.360207689612334	25.714012677985536	0.0
110.0	25.81021246774759	24.129583028063582	24.361481859013157	25.698722645175675	0.0
111.0	25.733361789692637	24.266160398304084	24.24641083550207	25.754066976501207	0.0
112.0	25.723168466956114	24.228253979377634	24.190984643122214	25.857592910544035	0.0
113.0	25.634932517018072	24.18525089908292	24.373827369708632	25.80598921419038	0.0
114.0	25.938502409765203	24.182065485727755	24.181746944392238	25.6976851601148	0.0
115.0	25.691632874739987	24.269664352994766	24.33305407876253	25.705648693502713	0.0
116.0	25.813634206242774	24.252781662212396	24.219334821983175	25.714249309561655	0.0
117.0	25.68366934135208	24.213282536608364	24.244181046153454	25.858867075886106	0.0
118.0	25.683987882687596	24.33146137208495	24.22538710735799	25.75916363786947	0.0
119.0	25.776765520976014	24.17609021119358	24.300640270123914	25.746503997706494	0.0
120.0	25.74204440480362	24.240117223584875	24.26209664574905	25.755741725862453	0.0
121.0	25.793329723186698	24.226419902526043	24.23629471538241	25.74395565890485	0.0
122.0	25.795559519638132	24.23820596948364	24.20890007326474	25.757334437613483	0.0
123.0	25.723887490841907	24.366578536616444	24.149014111426116	25.760519861115533	0.0
124.0	25.59806326251075	24.34937724970535	24.221960309623164	25.830599178160735	0.0
125.0	25.678335934762526	24.217182174370084	24.44175453126493	25.66272735960246	0.0
126.0	25.528302487815758	24.456407479374384	24.3289905392922	25.686299493517662	0.0
127.0	25.704774949829577	24.243939731787343	24.411493007995414	25.639792310387666	0.0
128.0	25.823591246456218	24.342687860351035	24.14646577262447	25.68725512056828	0.0
129.0	25.72611728729334	24.323893861688912	24.23056095307871	25.719427897939028	0.0
130.0	25.77995094447807	24.175134584142963	24.256044341095148	25.78887013028382	0.0
131.0	25.734080846048485	24.355748096709455	24.168445194788646	25.741725862453414	0.0
132.0	25.837607109865257	24.259866849297616	24.234064918930972	25.668461121906155	0.0
133.0	25.762431115216767	24.278023763259327	24.291402541967955	25.66814257955595	0.0
134.0	25.688529289969104	24.230242410728504	24.371993756569935	25.709234542732457	0.0
135.0	25.847481922721627	24.120663842257827	24.342687860351035	25.689166374669515	0.0
136.0	25.735118450350235	24.253891803560677	24.24815802299246	25.762831723096625	0.0
137.0	25.720146912199894	24.19910234479771	24.215666599772558	25.86508414322984	0.0
138.0	25.657075325949496	24.14335725594004	24.40392572842904	25.795641689681425	0.0
139.0	25.9501352216584	24.18667915356657	24.190501673945384	25.672683950829644	0.0
140.0	25.69402635627801	24.266633538156718	24.318874650000478	25.720465455564796	0.0
141.0	25.815391378305286	24.24911365308716	24.215666599772558	25.71982836883499	0.0
142.0	25.697848876656828	24.208658645744737	24.237646091950726	25.855846385647713	0.0
143.0	25.684470055330983	24.325882604028298	24.227134160908996	25.762513179731723	0.0
144.0	25.78999006141536	24.1733773349303	24.304617619326724	25.732014984327616	0.0
145.0	25.729785173670393	24.238997477128514	24.27308172574603	25.758135623455058	0.0
146.0	25.789034428276548	24.249509441655412	24.249190897275806	25.71226523279223	0.0
147.0	25.82598557631049	24.2374047552305	24.195038352743303	25.741571315715706	0.0
148.0	25.704301623302158	24.351125098748756	24.1733773349303	25.771195943018782	0.0
149.0	25.603641599347622	24.325960092760123	24.212239749241864	25.85815855865039	0.0
150.0	25.699523457608116	24.19981651843735	24.437769170000763	25.662890853953773	0.0
151.0	25.534836013353377	24.460704365332177	24.32691572589893	25.67754389541551	0.0
152.0	25.6982492800897	24.231670956397643	24.42311612853903	25.646963634973623	0.0
153.0	25.8164292449224	24.32500445962131	24.173695879309907	25.684870416146378	0.0
154.0	25.73233352870722	24.311307051298385	24.233582222675263	25.72277719731913	0.0
155.0	25.75431309089982	24.16573226981983	24.276585713921666	25.803368925358683	0.0
156.0	25.72882954053159	24.3559032644428	24.179429678142757	25.735837516882853	0.0
157.0	25.82375576565327	24.24504982034097	24.251102163553426	25.680092250452336	0.0
158.0	25.77087739863918	24.25046507479422	24.296335465457048	25.682322061109552	0.0
159.0	25.72277719731913	24.20109069595576	24.381068270431435	25.695063836293674	0.0
160.0	25.840001529013023	24.11062409214852	24.348895288091537	25.700479090746924	0.0
161.0	25.707250411719922	24.24289723407034	24.25181650511106	25.798035849098678	0.0
162.0	25.747068586008847	24.17791397363081	24.196071061106565	25.878946379253776	0.0
163.0	25.66169842033339	24.119620166471822	24.40503683977485	25.813644573419936	0.0
164.0	25.936284550229832	24.183329245334107	24.17918815520806	25.701198049228008	0.0
165.0	25.702472230805252	24.257231776814354	24.319666674099395	25.720629318281002	0.0
166.0	25.80185839383041	24.25404632287124	24.245445597224833	25.698649686073516	0.0
167.0	25.705020593959745	24.20212342359848	24.24226014328172	25.85059583916006	0.0
168.0	25.695782777524713	24.321896491859572	24.220917601862855	25.761403128752864	0.0
169.0	25.788243089135655	24.175124073826314	24.2789702031689	25.757662633869128	0.0
170.0	25.75479571618789	24.226410045679554	24.261450150672452	25.757344087460105	0.0
171.0	25.81245261622166	24.2305511489969	24.25189375840166	25.705102476379782	0.0
172.0	25.81946063722024	24.24584137663016	24.200289240139398	25.734408746010207	0.0
173.0	25.706376662015888	24.3455464026554	24.161426578238185	25.786650357090522	0.0
174.0	25.603486171900386	24.335990010384613	24.20251906500258	25.85800475271242	0.0
175.0	25.68280422774794	24.210801271637266	24.416582251868274	25.68981224874652	0.0
176.0	25.53372450832362	24.45257799608825	24.323885246841613	25.68981224874652	0.0
177.0	25.710199218924206	24.22672859208858	24.42199754082172	25.64107464816549	0.0
178.0	25.803533316768917	24.339175474474875	24.14518071137784	25.712110497378365	0.0
179.0	25.743009499053915	24.302861183845874	24.258264686582187	25.695864630518024	0.0
180.0	25.760211005141336	24.14868472187713	24.293623337984112	25.79748093499742	0.0
181.0	25.706695208424918	24.365933372833087	24.18085790918879	25.74651350955321	0.0
182.0	25.831883947172262	24.262724336308555	24.24679701585724	25.65859470066194	0.0
183.0	25.776138325592658	24.2244987672254	24.299357173346582	25.70000573383536	0.0
184.0	25.75033606646152	24.179583723552682	24.365296280015038	25.70478392997076	0.0
185.0	25.839210514579868	24.11714862738352	24.36051808387964	25.68312277415697	0.0
186.0	25.725889941865095	24.248148443099467	24.22680576570837	25.79915584932707	0.0
187.0	25.74786971410369	24.19208409651987	24.183164768654933	25.87688142072151	0.0
188.0	25.672692522099226	24.1255076849566	24.394361710599664	25.807438082344508	0.0
189.0	25.948873138488494	24.172015608823763	24.184438958349926	25.694672294337817	0.0
190.0	25.70168033766027	24.244962968861987	24.32428127737517	25.72907541610257	0.0
191.0	25.824002548379386	24.256749223540655	24.232858166759577	25.68639006132038	0.0
192.0	25.73512781715378	24.20004778211356	24.219160627538425	25.845663773194232	0.0
193.0	25.687345703591625	24.311539380425263	24.21597515330095	25.785139762682167	0.0
194.0	25.804653355589252	24.162536155247764	24.264471655559944	25.76833883360304	0.0
195.0	25.76164931639505	24.223697455435072	24.26192326805214	25.752729960117737	0.0
196.0	25.80911303372791	24.246314394566838	24.233572457027815	25.71100011467744	0.0
197.0	25.84606465259107	24.239306328920378	24.202673258495686	25.711955759992865	0.0
198.0	25.71737108344695	24.34219747454798	24.158395025547584	25.782036416457487	0.0
199.0	25.59600412838776	24.358124896471757	24.208725678826724	25.837145296313757	0.0
200.0	25.706403664697973	24.20089578674414	24.450964276840153	25.64173627171773	0.0
201.0	25.55780674592556	24.44856454757445	24.327828535749326	25.665800170750664	0.0
202.0	25.67982567918854	24.236072174932463	24.431991946582396	25.6521101992966	0.0
203.0	25.79946351999694	24.348673773009068	24.172501895520202	25.67936081147379	0.0
204.0	25.745160755928794	24.30230780013508	24.242414588457176	25.710116855478955	0.0
205.0	25.762383555708478	24.154783295739826	24.296555415376382	25.78627773317531	0.0
206.0	25.725918987632134	24.37730583220232	24.183281402328294	25.71349377783725	0.0
207.0	25.80940122469526	24.273115963730667	24.263239389054206	25.654243422519862	0.0
208.0	25.765762895466278	24.23837894669768	24.3084716602415	25.687386497594545	0.0
209.0	25.73583294568951	24.158388081386086	24.39830243865138	25.707476534273027	0.0
210.0	25.824417411695734	24.109310579943795	24.38459430697959	25.681677701380877	0.0
211.0	25.721914399416285	24.25179940927759	24.253711132281673	25.77257505902445	0.0
212.0	25.730198532433974	24.196996683160588	24.201138749669433	25.87166603473601	0.0
213.0	25.67970151441289	24.126098052897714	24.37717260738376	25.817027825305637	0.0
214.0	25.91772424142974	24.20733669590597	24.19013085994131	25.68480820272298	0.0
215.0	25.683869754874316	24.2662639123882	24.31947590962245	25.730390423115036	0.0
216.0	25.821222250191983	24.248082566731778	24.235018210438103	25.695676972638136	0.0
217.0	25.705891537586474	24.218428859580083	24.242327681527485	25.833351921305958	0.0
218.0	25.67818619250195	24.339499386581267	24.225419435017447	25.756894985899336	0.0
219.0	25.79635696167034	24.179742769371966	24.275025174949967	25.748875094007722	0.0
220.0	25.742037871496947	24.232786697174618	24.280906825409975	25.744268605918457	0.0
221.0	25.799738678734187	24.262404793014436	24.25634978807483	25.68150674017655	0.0
222.0	25.828112152868517	24.233394733990682	24.234988176655428	25.703504936485377	0.0
223.0	25.68055936211303	24.340792769594565	24.199932438031016	25.77871543026139	0.0
224.0	25.594528615772933	24.355117312239862	24.212659906048227	25.837694165938974	0.0
225.0	25.72886390291163	24.19146142471062	24.441321197287238	25.638353475090508	0.0
226.0	25.548161745958904	24.471916271480293	24.338381520575187	25.641540461985617	0.0
227.0	25.656389237702466	24.241941344076086	24.44687374506792	25.654795673153536	0.0
228.0	25.78357566756121	24.362079845993996	24.164154082497753	25.69019040394704	0.0
229.0	25.732990384033094	24.338244902772598	24.22955929740015	25.69920541579415	0.0
230.0	25.775863992325025	24.1627808393387	24.276248059742404	25.78510710859387	0.0
231.0	25.742725734119965	24.3658025836433	24.193049725412198	25.698421956824536	0.0
232.0	25.8107802295524	24.25185104911376	24.265237887301947	25.672130834031893	0.0
233.0	25.74943822015395	24.235421613782332	24.33805600267742	25.677084163386297	0.0
234.0	25.72554194516959	24.15572576506625	24.422514829583307	25.696217460180854	0.0
235.0	25.82770480255252	24.12751132346707	24.35732750239857	25.687456371581842	0.0
236.0	25.686590761306118	24.26750902066785	24.261452741900523	25.78444747612551	0.0
237.0	25.71241871732755	24.2037485655999	24.21873007777636	25.86510263929619	0.0
238.0	25.66636278441148	24.16150810600603	24.37284440166009	25.799284707922403	0.0
239.0	25.917390251055096	24.22541406877558	24.184612834538243	25.67258284563108	0.0
240.0	25.690623585440957	24.258372595648098	24.345716635533083	25.705287183377855	0.0
241.0	25.777842952232792	24.26710616918722	24.255311009665657	25.699739868914335	0.0
242.0	25.71349324763763	24.217962941709068	24.25813280283612	25.81041100781718	0.0
243.0	25.67137150126415	24.338671572362735	24.257051672410878	25.73290525396223	0.0
244.0	25.788750402545684	24.213959806012834	24.2863383169286	25.71095147451288	0.0
245.0	25.76544115302446	24.21606453875833	24.30120213003412	25.717292178183094	0.0
246.0	25.79483777974782	24.251401529405012	24.277550655960408	25.676210034886758	0.0
247.0	25.808920610015118	24.280374785531595	24.228073196711378	25.682631407741912	0.0
248.0	25.687432628094324	24.358810810121252	24.23794003023364	25.715816531550782	0.0
249.0	25.581803279211357	24.353932853028695	24.26750353212077	25.796760335639178	0.0
