# Position (bp)	A	C	G	T	N
0.0	26.257047793148196	23.827244257326296	23.782209488707235	26.133498460818274	0.0
1.0	26.113647608861186	23.88620425045257	23.70813914558378	26.292008995102467	0.0
2.0	26.214043830307915	23.62996957298484	23.93957259968773	26.216413997019515	0.0
3.0	26.068008911430805	24.08486004787524	23.78149219064774	26.06563885004622	0.0
4.0	26.063335011997513	24.050419172319813	23.841573599549722	26.044672216132952	0.0
5.0	26.25323992475969	23.868951523320053	23.742168639009435	26.135639912910825	0.0
6.0	26.174015556779878	23.915735096356062	23.862417876671348	26.047831470192712	0.0
7.0	26.181724478038987	23.910242550078344	23.57021630763489	26.337816664247782	0.0
8.0	26.186421350993534	23.736720048099563	23.855191879940644	26.221666720966258	0.0
9.0	26.169766002375223	23.90471874972235	23.712805750282094	26.21270949762034	0.0
10.0	26.22292506974182	23.777371073875987	23.817942749515804	26.181761106866386	0.0
11.0	26.01177467024408	23.892570941203648	23.942026925377732	26.15362746317454	0.0
12.0	26.008813234065993	23.874506180517304	23.780036366436267	26.33664421898044	0.0
13.0	26.210190894176037	23.8111314463062	23.96631070203806	26.0123669574797	0.0
14.0	26.16754621321156	23.82179261654732	23.871248600721408	26.139412569519717	0.0
15.0	26.072187968277095	23.85081469109259	23.925739026398244	26.151258314232066	0.0
16.0	26.17909581430611	23.740945408885494	23.973418148865473	26.106540627942927	0.0
17.0	26.103875335382646	23.86206814856933	23.807873866510302	26.226182649537723	0.0
18.0	26.030727861783852	24.03827360116562	23.87717147307758	26.053827063972946	0.0
19.0	26.173095431998224	23.815503072480936	23.790923224994447	26.220478270526392	0.0
20.0	26.155545552541486	23.836162475272154	23.8841374572075	26.124154514978855	0.0
21.0	26.10046316587498	23.96231890925029	23.776934102512467	26.160283822362263	0.0
22.0	26.212700932254585	23.74406235563084	23.917305345952926	26.125931366161648	0.0
23.0	26.155841694405286	23.839123893910138	23.826093651903008	26.178940759781565	0.0
24.0	26.126227508025444	23.80269844466293	23.890652578211068	26.18042146910056	0.0
25.0	26.27104087942288	23.81039813312169	23.78581835842642	26.13274262902901	0.0
26.0	26.12563522429785	23.87880690365913	23.700233359788673	26.295324512254346	0.0
27.0	26.226619599853112	23.614056077423328	23.9220436157737	26.237280706949857	0.0
28.0	26.082102370319475	24.06034186616757	23.78226465606084	26.075291107452113	0.0
29.0	26.084767647093663	24.03339295656191	23.84297373813952	26.03886565820491	0.0
30.0	26.27814828415404	23.86755351283479	23.70822919011123	26.146069012899943	0.0
31.0	26.175090915552186	23.902498252763003	23.87703005247634	26.04538077920847	0.0
32.0	26.17420248996079	23.8841374572075	23.59836055864201	26.343299494189697	0.0
33.0	26.203816676340637	23.728070694985725	23.832904914770374	26.235207713903268	0.0
34.0	26.218919911394355	23.874364775702155	23.692237529466116	26.214477783437378	0.0
35.0	26.23935369999645	23.76923441405371	23.81484026107867	26.17657162487118	0.0
36.0	26.009251471825063	23.898648408533624	23.930039446096256	26.162060673545056	0.0
37.0	26.021985571968397	23.873772491974556	23.769826697781305	26.334415238275742	0.0
38.0	26.213589357845983	23.79381418874898	23.960542058067496	26.032054395337546	0.0
39.0	26.165022092183037	23.813063409895875	23.879991471114323	26.14192302680676	0.0
40.0	26.076179533043508	23.841789170684326	23.917897629680525	26.164133666591642	0.0
41.0	26.183086745874746	23.72155557398216	23.991340811902536	26.10401686824056	0.0
42.0	26.098686314692188	23.8651843779244	23.8083251400751	26.227804167308307	0.0
43.0	26.046269204799867	24.02213956573757	23.873476350110757	26.058114879351805	0.0
44.0	26.179455515181665	23.821877119258936	23.78456335492201	26.214104010637385	0.0
45.0	26.145618014795158	23.83542901817708	23.870669691244323	26.14828327578344	0.0
46.0	26.10771208073964	23.95210822144173	23.78804660060768	26.15213309721095	0.0
47.0	26.22498356422391	23.727337878096886	23.913017726946972	26.134660830732237	0.0
48.0	26.169309223579862	23.811145529172762	23.827433235212244	26.192112012035135	0.0
49.0	26.140287492818604	23.801076765439262	23.88814195772304	26.170493784019094	0.0
50.0	26.2856922867347	23.80433430664716	23.774128015446667	26.13584539117147	0.0
51.0	26.120446105461415	23.841351820373255	23.715788413814344	26.322413660350986	0.0
52.0	26.21846848180811	23.627538661091336	23.92841701265703	26.225575844443522	0.0
53.0	26.105046819751358	24.05368427910613	23.77827397698399	26.062994924158517	0.0
54.0	26.113338742826002	24.02081272691736	23.8259525346632	26.039895995593437	0.0
55.0	26.264074058718663	23.87600021322088	23.71934209513205	26.14058363292841	0.0
56.0	26.18382008896049	23.883403715966097	23.87096583135413	26.061810363719285	0.0
57.0	26.198034814231306	23.890807218711316	23.572752740776718	26.33840522628066	0.0
58.0	26.211361119172704	23.735333661061723	23.849347603338092	26.203957616427488	0.0
59.0	26.210176558733465	23.87600021322088	23.693577905578685	26.22024532246697	0.0
60.0	26.254005294985163	23.765243812152406	23.801372905549073	26.17937798731336	0.0
61.0	26.020350748346054	23.868300570365854	23.937893496170908	26.173455185117184	0.0
62.0	26.025681270322615	23.87363109234241	23.777977836874182	26.322709800460792	0.0
63.0	26.231794786749507	23.801669045658883	23.929009292876646	26.037526874714967	0.0
64.0	26.163978701603302	23.81410693027085	23.89051107860151	26.13140328952434	0.0
65.0	26.071879127452778	23.850236023667517	23.931970693974733	26.145914154904972	0.0
66.0	26.180562547752594	23.710754031947594	23.988237314838397	26.120446105461415	0.0
67.0	26.09586647634729	23.86178548795006	23.819733592357217	26.22261444334544	0.0
68.0	26.073952108221444	24.00659800164654	23.855270405534267	26.064179484597755	0.0
69.0	26.200918623900215	23.80426381267417	23.774353750159175	26.22046381326645	0.0
70.0	26.13746742478086	23.840914475242833	23.88740819710969	26.13420990286662	0.0
71.0	26.121475953565504	23.935086472399906	23.78435204927742	26.159085524757163	0.0
72.0	26.227197346600335	23.731343283582092	23.893923240938168	26.147536128879413	0.0
73.0	26.176557687751718	23.816038853352286	23.821369343757404	26.18603411513859	0.0
74.0	26.137763563136694	23.78701729447998	23.903991945036722	26.171227197346603	0.0
75.0	26.28435204927742	23.80863539445629	23.770137408197108	26.136875148069176	0.0
76.0	26.130063965884858	23.84387585880123	23.723347547974413	26.302712627339492	0.0
77.0	26.23371239042881	23.63213693437574	23.938343994314142	26.195806680881304	0.0
78.0	26.090973702914	24.069237147595356	23.782279080786545	26.057510068704097	0.0
79.0	26.11259180289031	24.012970859985785	23.839729921819476	26.034707415304432	0.0
80.0	26.248519308220803	23.86608623548922	23.740819710968964	26.144574745321016	0.0
81.0	26.189587775408675	23.908730158730158	23.860163468372424	26.041518597488743	0.0
82.0	26.202617863065626	23.89036958066809	23.582681828950484	26.324330727315804	0.0
83.0	26.201729447998108	23.740227434257285	23.84654110400379	26.211502013740816	0.0
84.0	26.213574982231698	23.88415067519545	23.683665008291875	26.218609334280973	0.0
85.0	26.271025823264626	23.755626628760957	23.793532338308456	26.179815209665957	0.0
86.0	26.021677327647474	23.856905946458184	23.961146647713814	26.160270078180524	0.0
87.0	26.04507225775882	23.86549395877754	23.763622364368633	26.325811419095004	0.0
88.0	26.22956645344705	23.7923477848851	23.93212508884151	26.045960672826347	0.0
89.0	26.165600568585646	23.78909026297086	23.893034825870647	26.152274342572852	0.0
90.0	26.074093816631127	23.853352286188105	23.92857142857143	26.143982468609334	0.0
91.0	26.173892442549157	23.704098554844823	24.007048092868988	26.11496090973703	0.0
92.0	26.101042407012553	23.831438047855958	23.85187159440891	26.215647950722577	0.0
93.0	26.057510068704097	24.010305614783224	23.85276000947643	26.07942430703625	0.0
94.0	26.19365614292779	23.802642138586418	23.78517002733349	26.218531691152304	0.0
95.0	26.153007859465415	23.831889173838107	23.89585467984672	26.119248286849757	0.0
96.0	26.111252598598682	23.94086744333426	23.80790210908488	26.139977848982177	0.0
97.0	26.206312447805924	23.721134084730604	23.912142192950764	26.160411274512708	0.0
98.0	26.162188094124055	23.83396213005135	23.82033984636433	26.183509929460264	0.0
99.0	26.14323535160299	23.774142536469224	23.899704455671312	26.18291765625648	0.0
100.0	26.27264704662967	23.828039398013516	23.741567510261135	26.15774604509568	0.0
101.0	26.1248748822857	23.86298351703674	23.719653401721146	26.292488198956416	0.0
102.0	26.206904721009707	23.639696519210382	23.941755853139938	26.211642906639977	0.0
103.0	26.086377124039778	24.04718048341339	23.795168235203533	26.0712741573433	0.0
104.0	26.122209652868676	24.00957113497314	23.841957818302426	26.02626139385576	0.0
105.0	26.264947494980483	23.865944883055658	23.738013871038433	26.131093750925427	0.0
106.0	26.17936401703378	23.903554231495903	23.860318287619712	26.056763463850608	0.0
107.0	26.196243803341606	23.888747401401318	23.593499209315272	26.321509585941804	0.0
108.0	26.21016222363052	23.72202249453628	23.851434189562962	26.21638109227024	0.0
109.0	26.20897767722295	23.874532844510515	23.686486102309274	26.23000337595726	0.0
110.0	26.256951806729408	23.74660183249329	23.81678620714163	26.17966015363567	0.0
111.0	26.031887989291704	23.85261873597053	23.970184966921543	26.14530830781623	0.0
112.0	26.036033901718188	23.892004904022127	23.754301384142476	26.31765981011721	0.0
113.0	26.228522692947802	23.78421118093354	23.941459716538045	26.045806409580614	0.0
114.0	26.187063568682962	23.792206869184618	23.89792763605996	26.12280192607246	0.0
115.0	26.06920120113006	23.861206697425388	23.94057130673237	26.129020794712183	0.0
116.0	26.16455718693919	23.702773615413317	24.02793160429043	26.104737593357065	0.0
117.0	26.103256910347604	23.834850539857026	23.843438501311883	26.218454048483487	0.0
118.0	26.05054459521088	24.005425222546656	23.881640122955915	26.06239005928655	0.0
119.0	26.204020954688005	23.821891074712525	23.76858632851715	26.205501642082318	0.0
120.0	26.143686330253495	23.837656953328594	23.875858801231935	26.142797915185973	0.0
121.0	26.1303601042407	23.934198057332388	23.792643923240938	26.142797915185973	0.0
122.0	26.20646766169154	23.720386164416016	23.914356787491116	26.158789386401327	0.0
123.0	26.157308694622127	23.82847666429756	23.825811419095	26.18840322198531	0.0
124.0	26.138355839848376	23.776948590381426	23.90991471215352	26.174780857616682	0.0
125.0	26.260660980810236	23.82077706704572	23.76836057806207	26.150201374081973	0.0
126.0	26.142797915185973	23.847725657427148	23.723051409618574	26.286425017768302	0.0
127.0	26.20794835347074	23.627694859038144	23.956408434020375	26.20794835347074	0.0
128.0	26.09215825633736	24.050580431177444	23.800935797204453	26.056325515280736	0.0
129.0	26.115553186448707	24.00290215588723	23.859571191660745	26.021973466003317	0.0
130.0	26.269841269841272	23.858090499881545	23.74881544657664	26.123252783700547	0.0
131.0	26.19610281923715	23.913172234067755	23.861644160151624	26.029080786543474	0.0
132.0	26.190180052120347	23.903991945036722	23.607261312485193	26.298566690357735	0.0
133.0	26.187810945273633	23.727789623312013	23.86282871357498	26.221570717839377	0.0
134.0	26.188995498696993	23.89214641080313	23.700544894574747	26.218313195925134	0.0
135.0	26.27880324213232	23.748293497670865	23.80840976193367	26.16449349826314	0.0
136.0	26.006651287169174	23.847204001433315	23.985797162393872	26.16034754900364	0.0
137.0	26.050479893626786	23.873560393154445	23.763396598544773	26.312563114673992	0.0
138.0	26.242081977262426	23.764285016243235	23.941376277470617	26.052256729023714	0.0
139.0	26.17959659913705	23.802190838044414	23.902878177203792	26.11533438561474	0.0
140.0	26.06854438682891	23.837135267517375	23.949964315222445	26.144356030431265	0.0
141.0	26.14769099556382	23.70690421052008	24.023774128015447	26.121630665900653	0.0
142.0	26.11778084447314	23.819733592357217	23.841944100592873	26.220541462576776	0.0
143.0	26.071879127452778	24.005117301097496	23.86593144948738	26.057072121962342	0.0
144.0	26.22506122714902	23.79640899439405	23.774494561370776	26.20403521708615	0.0
145.0	26.15939539677087	23.826685935630604	23.889468010755873	26.12445065684265	0.0
146.0	26.123562231251256	23.924116608820288	23.798256316705952	26.154064843222496	0.0
147.0	26.22276975562373	23.71592887856999	23.906051955128586	26.15524941067769	0.0
148.0	26.172129496914202	23.825501368175413	23.82372451699262	26.17864461791777	0.0
149.0	26.14547672917234	23.76686527914332	23.917897629680525	26.169760362003814	0.0
150.0	26.266302609602104	23.80654828889231	23.756500313910376	26.17064878759521	0.0
151.0	26.136296331394593	23.839420035773937	23.73103211362371	26.29325151920776	0.0
152.0	26.210924081071795	23.6196827728355	23.949880950970755	26.21951219512195	0.0
153.0	26.08950591691444	24.04642319856904	23.815728686670063	26.04834219784646	0.0
154.0	26.095724896054207	24.00289034459067	23.861038391831222	26.0403463675239	0.0
155.0	26.288513249386984	23.85600398014665	23.74050865326526	26.114974117201108	0.0
156.0	26.19759769720087	23.888579585164475	23.860149966239828	26.053672751394828	0.0
157.0	26.185752022648927	23.89361399684905	23.61020623319395	26.31042774730807	0.0
158.0	26.229877160354896	23.690756820147126	23.85422712896386	26.225138890534122	0.0
159.0	26.20885108802521	23.886506592117886	23.691645245738517	26.212997074118388	0.0
160.0	26.287406529947432	23.744132671947877	23.823498926482564	26.144961871622126	0.0
161.0	25.997778929443992	23.83830606352262	23.990819575035164	26.173095431998224	0.0
162.0	26.045754053453763	23.887465758495594	23.757459095283927	26.309321092766712	0.0
163.0	26.268453394536166	23.760124379951137	23.937810024431776	26.03361220108092	0.0
164.0	26.17487228844303	23.776708373435994	23.92477974383653	26.12363959428444	0.0
165.0	26.053157621973792	23.85252091508107	23.949063448582216	26.14525801436292	0.0
166.0	26.152442888703302	23.711331047104604	24.036792883076576	26.09943318111551	0.0
167.0	26.111871213063488	23.828900063374732	23.85614527621315	26.203083447348625	0.0
168.0	26.05797307462227	23.999774930850464	23.855849132595345	26.086402861931923	0.0
169.0	26.232775495819922	23.788694980054668	23.766780287437847	26.211749236687567	0.0
170.0	26.164739747447225	23.83022578123149	23.874351441635667	26.130683029685613	0.0
171.0	26.117060342580967	23.91699637518065	23.80357269776588	26.162370584472505	0.0
172.0	26.21804591437845	23.702587125968392	23.89922765287024	26.180139306782912	0.0
173.0	26.17658556232083	23.83111421734701	23.821341420076287	26.170958800255868	0.0
174.0	26.14874789736786	23.78017721339051	23.89715463526736	26.17392025397427	0.0
175.0	26.249437323793508	23.819860693217088	23.767146817029545	26.163555165959867	0.0
176.0	26.130683029685613	23.836740979411974	23.739605297448414	26.292970693454006	0.0
177.0	26.21774976900661	23.617889549622117	23.94898007533938	26.21538060603189	0.0
178.0	26.093664858205596	24.021239546068372	23.815714658011323	26.069380937714705	0.0
179.0	26.119429505555686	23.982444502357318	23.861024899902862	26.037101092184134	0.0
180.0	26.285270913786157	23.82844890900045	23.741974460423133	26.144305716790257	0.0
181.0	26.184877632732356	23.891231727830558	23.864578644364943	26.059311995072143	0.0
182.0	26.185766068847876	23.885308820393757	23.618777985737637	26.310147125020727	0.0
183.0	26.22219194958421	23.705844725058636	23.858063446184463	26.213899879172686	0.0
184.0	26.210346134710605	23.875536023123033	23.69725650927527	26.21686133289109	0.0
185.0	26.277945100408385	23.747079257620584	23.82052352733874	26.15445211463229	0.0
186.0	26.00223294271643	23.843622934750098	23.98044250172505	26.17370162080842	0.0
187.0	26.04813561129028	23.868203073405773	23.769586372534214	26.31407494276974	0.0
188.0	26.279721977901566	23.74352550263422	23.939870465630747	26.036882053833466	0.0
189.0	26.17518235205274	23.77758232125353	23.920028666956892	26.127206659736846	0.0
190.0	26.047839465041417	23.87294141338759	23.944904951861425	26.134314169709572	0.0
191.0	26.163117836941392	23.700950632274115	24.020197233985844	26.11573429679865	0.0
192.0	26.136168448485208	23.81881718837919	23.84872804809429	26.196286315041313	0.0
193.0	26.066573873900555	24.007759054698376	23.855835579115706	26.069831492285367	0.0
194.0	26.24048994725604	23.775057822897573	23.76943101084198	26.21502121900441	0.0
195.0	26.173934160181005	23.823400499899307	23.87196891621356	26.130696423706123	0.0
196.0	26.10818910882879	23.924091119087386	23.792601016382957	26.175118755700865	0.0
197.0	26.246786784652382	23.699610268073968	23.896845422130614	26.156757525143036	0.0
198.0	26.171564969141286	23.83643105061777	23.815996777900185	26.176007202340763	0.0
199.0	26.142246230024757	23.771870594785412	23.916095099328334	26.1697880758615	0.0
200.0	26.249015299141753	23.820580099861992	23.76816143763364	26.162243163362614	0.0
201.0	26.128185840445884	23.832129974590273	23.756907713539416	26.282776471424423	0.0
202.0	26.22845465853225	23.625540484511045	23.95249659420719	26.19350826274951	0.0
203.0	26.087342814326924	24.03023177297739	23.82321757517962	26.05920783751607	0.0
204.0	26.124221100765276	23.960184329613572	23.86600563887507	26.049588930746086	0.0
205.0	26.284162392048614	23.841114520275315	23.74989634298035	26.124826744695724	0.0
206.0	26.208937012071598	23.888500586402568	23.87695023278405	26.02561216874178	0.0
207.0	26.19177368146709	23.888487418850403	23.608610150215608	26.3111287494669	0.0
208.0	26.21502994260261	23.713001190596067	23.867304810363514	26.20466405643781	0.0
209.0	26.207047701411557	23.866995219789008	23.712689772007035	26.213267306792403	0.0
210.0	26.300419676520328	23.741488741000055	23.824120885792897	26.13397069668672	0.0
211.0	26.01313229139826	23.847518518189435	23.982573206453008	26.156775983959296	0.0
212.0	26.043638065282355	23.876543429263627	23.77821413868576	26.301604366768256	0.0
213.0	26.276008115272408	23.7484265553038	23.94597716468968	26.029588164734108	0.0
214.0	26.15769193177207	23.80099101687335	23.934271827694566	26.10704522366001	0.0
215.0	26.062347278785637	23.854572380599777	23.954387263976304	26.12869307663828	0.0
216.0	26.175271900101887	23.697367485723763	24.029097457526717	26.098263156647633	0.0
217.0	26.132917091202046	23.836575598891073	23.851384972632278	26.179122337274602	0.0
218.0	26.055766508106696	24.001101823933276	23.86811285994396	26.075018808016065	0.0
219.0	26.243191289589745	23.7845026494362	23.756956806340877	26.215349254633182	0.0
220.0	26.170701799074692	23.83018677914092	23.874911882660285	26.1241995391241	0.0
221.0	26.11872660063504	23.92955310174873	23.81107530448794	26.140644993128287	0.0
222.0	26.241054926306813	23.71273873276148	23.891344012132127	26.154862328799585	0.0
223.0	26.15308516184067	23.84099094829629	23.839213781337378	26.166710108525663	0.0
224.0	26.139191014430942	23.78853581668681	23.916198668278003	26.156074500604248	0.0
225.0	26.240351178592796	23.82303632044454	23.773866578200625	26.16274592276204	0.0
226.0	26.11669293017855	23.84006113671639	23.766602291442045	26.27664364166301	0.0
227.0	26.215061789831633	23.624983708337776	23.967997251152266	26.19195725067833	0.0
228.0	26.097182397687146	24.011232493660987	23.83409559468234	26.05748951396952	0.0
229.0	26.109623450792675	23.96887366999218	23.85957013199365	26.0619327472215	0.0
230.0	26.29757990461803	23.83660653455375	23.7465564738292	26.11925708699902	0.0
231.0	26.201323514600723	23.870954364221262	23.894948250223646	26.03277387095436	0.0
232.0	26.17541115692687	23.89568225982274	23.615159486231573	26.313747097018812	0.0
233.0	26.20740319446419	23.707580928006067	23.881463576472818	26.20355230105692	0.0
234.0	26.17629982463624	23.89420114697379	23.72298450163515	26.20651452675482	0.0
235.0	26.29664408456587	23.741716851855692	23.829991439142372	26.131647624436066	0.0
236.0	25.990349040087917	23.85131952734587	23.996172793061262	26.162158639504952	0.0
237.0	26.01908271447318	23.885089000334734	23.793852178575342	26.301976106616742	0.0
238.0	26.2821291356496	23.75593557732469	23.93544698637076	26.026488300654947	0.0
239.0	26.171651672645513	23.79946619902304	23.933064556740792	26.09581757159065	0.0
240.0	26.06574277605626	23.860492122835186	23.966844216401327	26.10692088470722	0.0
241.0	26.158458726250895	23.709852787381607	24.050554158186166	26.08113432818134	0.0
242.0	26.118014446636924	23.825395978881126	23.8778376264377	26.178751948044255	0.0
243.0	26.055213324207166	24.006269796824213	23.88122942537727	26.057287453591353	0.0
244.0	26.2454366584487	23.804937891143563	23.77975061634743	26.16987483406031	0.0
245.0	26.164870303253014	23.821053161886077	23.890102269730114	26.123974265130794	0.0
246.0	26.094790999834032	23.92773312468881	23.837043886478412	26.140431988998742	0.0
247.0	26.227292531766004	23.724543479485106	23.921941734911336	26.12622225383756	0.0
248.0	26.144935784004243	23.87536791186121	23.8427634367488	26.13693286738574	0.0
249.0	26.140193314896987	23.776368869247165	23.94028045776683	26.14315735808902	0.0
