# Position (bp)	A	C	G	T	N
0.0	26.28220338983051	23.73220338983051	23.747457627118642	26.238135593220342	0.0
1.0	26.291525423728814	23.755649717514125	23.70310734463277	26.249717514124292	0.0
2.0	26.172864611135115	23.75356215878826	23.812872632170563	26.260700597906055	0.0
3.0	26.32979098947463	23.668373355323542	23.808730376139874	26.19310527906195	0.0
4.0	26.240734204024	23.673279209318743	23.730038828097424	26.35594775855983	0.0
5.0	26.27556062548354	23.78853506062266	23.696768109149026	26.239136204744774	0.0
6.0	26.26797068223655	23.710007114865554	23.636882107807153	26.38514009509074	0.0
7.0	26.373337850427713	23.798029417577144	23.70938144038847	26.119251291606677	0.0
8.0	26.179674730188662	23.78546081771961	23.677338670746888	26.357525781344837	0.0
9.0	26.208119147831045	23.767745286507513	23.72173245372605	26.30240311193539	0.0
10.0	26.207990605928877	23.68022898048359	23.76547565953267	26.346304754054863	0.0
11.0	26.16169770737243	23.78551709732235	23.836326376225774	26.216458819079445	0.0
12.0	26.28363997674064	23.780153895660323	23.664421649269194	26.27178447832984	0.0
13.0	26.39739630672997	23.726521879040043	23.719465034747902	26.156616779482082	0.0
14.0	26.305018531220803	23.77415903823952	23.658427118529247	26.262395312010433	0.0
15.0	26.222594822549095	23.815653165550277	23.754682202971207	26.207069808929422	0.0
16.0	26.27481532290617	23.825532719671884	23.547776112367224	26.351875845054717	0.0
17.0	26.15654294642177	23.686372143044654	23.77331221931481	26.38377269121877	0.0
18.0	26.205093898105105	23.768513578741455	23.677339407847754	26.349053115305686	0.0
19.0	26.1683984113677	23.859970022610067	23.74875447049824	26.222877095523998	0.0
20.0	26.242918476742116	23.70782488913729	23.74423810289979	26.305018531220803	0.0
21.0	26.211868449502777	23.725325813581282	23.72052717300793	26.34227856390801	0.0
22.0	26.309252625844348	23.733511729853472	23.711212164836127	26.246023479466054	0.0
23.0	26.29034033652584	23.768231305766555	23.76145675436888	26.179971603338725	0.0
24.0	26.31292217451809	23.682984867345816	23.775852676088938	26.228240282047153	0.0
25.0	26.294856704124292	23.705566705338065	23.752988565121786	26.246588025415857	0.0
26.0	26.282436693228554	23.757504932720234	23.71968035408322	26.24037801996799	0.0
27.0	26.177148873589694	23.739157189351534	23.819604987198918	26.264088949859854	0.0
28.0	26.333528101686017	23.65814484555434	23.821580898023242	26.1867461547364	0.0
29.0	26.244329841616633	23.66520166992692	23.72617263250599	26.364295855950452	0.0
30.0	26.270581228282623	23.79871678705609	23.705002159388258	26.22569982527303	0.0
31.0	26.28046078240423	23.70330852153884	23.634998461612287	26.38123223444464	0.0
32.0	26.365989493799873	23.81395952770086	23.70330852153884	26.11674245696043	0.0
33.0	26.176302054664983	23.78234495451171	23.677339407847754	26.364013582975552	0.0
34.0	26.212641277225153	23.761671954565468	23.718766583490464	26.306920184718912	0.0
35.0	26.207842650197026	23.67134485756546	23.772116025156095	26.348696467081417	0.0
36.0	26.171994083575147	23.769011031196722	23.83901453137173	26.219980353856403	0.0
37.0	26.28659658789391	23.774656474759222	23.671627129743584	26.267119807603283	0.0
38.0	26.394142287759546	23.72695247665609	23.722718393984216	26.156186841600142	0.0
39.0	26.313902712345705	23.767814852555542	23.667608512175775	26.250673922922978	0.0
40.0	26.229503569321615	23.81156691666502	23.756523997301485	26.20240551671188	0.0
41.0	26.28341740315975	23.82314004330043	23.545949546813297	26.347493006726523	0.0
42.0	26.160629352271865	23.680310724336593	23.77684753675879	26.38221238663276	0.0
43.0	26.20861548710161	23.769508480843655	23.685109337819565	26.33676669423517	0.0
44.0	26.17756563515295	23.850520367291523	23.74523314204743	26.2266808555081	0.0
45.0	26.247851209109463	23.693012936497407	23.751160841055807	26.30797501333732	0.0
46.0	26.227245398270803	23.728579130547693	23.714183290098767	26.329992181082734	0.0
47.0	26.305716842286508	23.730837301598502	23.727450045022287	26.2359958110927	0.0
48.0	26.294143715651103	23.768097123936897	23.76329851045392	26.174460649958082	0.0
49.0	26.313902712345705	23.68369798091281	23.78221069300447	26.220188613737015	0.0
50.0	26.30938637024408	23.696682464454977	23.75539491177608	26.238536253524863	0.0
51.0	26.279183332439477	23.76837939531825	23.70317470622606	26.249262566016217	0.0
52.0	26.182928791398624	23.72829685916634	23.82652729987665	26.262247049558386	0.0
53.0	26.333943980421658	23.65095450067604	23.820317329486915	26.194784189415387	0.0
54.0	26.239665339050273	23.65885809935388	23.734789100937423	26.36668746065843	0.0
55.0	26.28257058901569	23.795477447927986	23.704021520370112	26.217930442686203	0.0
56.0	26.287086931117315	23.706279691420924	23.623574176684947	26.38305920077681	0.0
57.0	26.369227903090593	23.804510132131234	23.71023149075985	26.11603047401833	0.0
58.0	26.190267847313763	23.79011429168231	23.66676169803172	26.352856162972206	0.0
59.0	26.21503373133486	23.76238462189855	23.720326304795776	26.302255341970813	0.0
60.0	26.199226578598246	23.6830665876309	23.778474045219745	26.339232788551104	0.0
61.0	26.16817681429418	23.77169955118977	23.844525362012025	26.21559827250402	0.0
62.0	26.290399977418353	23.775651339373923	23.67713890535467	26.25680977785305	0.0
63.0	26.40584864651255	23.711858187258304	23.732463939932817	26.14982922629633	0.0
64.0	26.312342811011906	23.76259981765372	23.6750961834302	26.249961187904177	0.0
65.0	26.230766842332564	23.80945660243147	23.765140245744078	26.194636309491887	0.0
66.0	26.283551292654494	23.80945660243147	23.552591095517272	26.35440100939676	0.0
67.0	26.161328474529387	23.679330230247466	23.783770051740053	26.375571243483098	0.0
68.0	26.20451575206551	23.769656562349162	23.693725989426174	26.332101696159153	0.0
69.0	26.18391005755481	23.851797070604142	23.747074979323738	26.217217892517308	0.0
70.0	26.25447750450926	23.687233784306365	23.748204058475007	26.310084652709364	0.0
71.0	26.224556907000572	23.73155014099376	23.712355795422148	26.33153715658352	0.0
72.0	26.30302790801392	23.71856573075414	23.73521964823539	26.243186712996547	0.0
73.0	26.29540662374284	23.761470738502446	23.76852748319789	26.174595154556823	0.0
74.0	26.30443925695301	23.67876569067183	23.79393176410149	26.22286328827367	0.0
75.0	26.298511591408836	23.7005004643338	23.758648040624266	26.242339903633095	0.0
76.0	26.279317245837223	23.754978533382637	23.720259349481047	26.24544487129909	0.0
77.0	26.18108735967663	23.748204058475007	23.823287822034544	26.247420759813817	0.0
78.0	26.32758537955407	23.64912736295096	23.822158742883275	26.201128514611693	0.0
79.0	26.24939664832854	23.651385521253506	23.743405472082106	26.35581235833585	0.0
80.0	26.27762362711032	23.7956253828284	23.702758622636345	26.223992367424938	0.0
81.0	26.284398102017946	23.702194083060707	23.63783657143825	26.375571243483098	0.0
82.0	26.373313085180556	23.80691617434111	23.71348487457342	26.106285865904916	0.0
83.0	26.186168215857354	23.78800409855732	23.675378453218016	26.35044923236731	0.0
84.0	26.214038930539246	23.75660509439075	23.721039201517478	26.308316773552527	0.0
85.0	26.208111281727035	23.69253003342065	23.77382350284527	26.325535182007044	0.0
86.0	26.173392195826935	23.773541233854214	23.837898563815372	26.215168006503475	0.0
87.0	26.281783488393103	23.77777526872008	23.683215156715747	26.257226086171077	0.0
88.0	26.399489657664166	23.721321470508535	23.730918616204498	26.148270255622798	0.0
89.0	26.308242513541817	23.771215983154235	23.670728505982673	26.249812997321275	0.0
90.0	26.235417319411862	23.806781775636303	23.770369178571325	26.187431726380506	0.0
91.0	26.282838376054624	23.800571875361655	23.545965964101132	26.37062378448259	0.0
92.0	26.179245948745738	23.67016396959407	23.775167737874465	26.375422343785726	0.0
93.0	26.214811741227813	23.76415927829668	23.69133408416673	26.32969489630878	0.0
94.0	26.198157917763986	23.836984472426632	23.748916795804366	26.215940814005016	0.0
95.0	26.259692384121852	23.680325624588946	23.757949378022033	26.30203261326717	0.0
96.0	26.22751380997141	23.718431830819735	23.718714099014036	26.335340260194823	0.0
97.0	26.292153226466596	23.724923999288684	23.735367922477863	26.247554851766857	0.0
98.0	26.28481425341474	23.767828764822607	23.773756396902954	26.173600584859695	0.0
99.0	26.307960245347516	23.674680260702903	23.797466925224334	26.21989256872525	0.0
100.0	26.31642829117658	23.691898620555335	23.753715355107502	26.237957733160584	0.0
101.0	26.282838376054624	23.74440050469553	23.72859348581461	26.244167633435232	0.0
102.0	26.181221826105855	23.742142359141113	23.82343559910013	26.2532002156529	0.0
103.0	26.325178605199945	23.6475825140499	23.830774572151984	26.196464308598173	0.0
104.0	26.252353411069997	23.650969732381526	23.741013286363906	26.355663570184575	0.0
105.0	26.282273839666022	23.7932329023098	23.705165225687537	26.21932803233664	0.0
106.0	26.2927177628552	23.687664597640804	23.648147050438503	26.371470589065492	0.0
107.0	26.37090605267689	23.813556212299556	23.710528321379275	26.105009413644282	0.0
108.0	26.20098059970701	23.769804642182724	23.681454697366156	26.347760060744115	0.0
109.0	26.21219733878298	23.756753247486408	23.7273974381411	26.303651975589514	0.0
110.0	26.220383093311955	23.6732020978113	23.775100628327227	26.33131418054952	0.0
111.0	26.16505868339195	23.774818360929675	23.839739862366415	26.220383093311955	0.0
112.0	26.2997002320238	23.76522126941294	23.671790760823544	26.263287737739716	0.0
113.0	26.40216329733483	23.71949395100967	23.736994529657835	26.141348221997664	0.0
114.0	26.322771858019898	23.758097523110578	23.670594876861195	26.24853574200833	0.0
115.0	26.231035212758453	23.800719779832054	23.785195116787804	26.18304989062169	0.0
116.0	26.281278667701645	23.800437513231245	23.556559170136193	26.361724648930917	0.0
117.0	26.16837202737986	23.667489944252345	23.78660644979183	26.37753157857596	0.0
118.0	26.219180015524664	23.762896055324255	23.688377672711876	26.329546256439208	0.0
119.0	26.189824289041	23.83797897113824	23.755274857102535	26.216921882718225	0.0
120.0	26.27281066967751	23.677651541881307	23.748218192082422	26.301319596358763	0.0
121.0	26.22595441394397	23.714346199985886	23.724225531014042	26.3354738550561	0.0
122.0	26.287206266318535	23.71265260038106	23.737209794651047	26.262931338649352	0.0
123.0	26.27732693529038	23.767694587537928	23.775598052360454	26.17938042481123	0.0
124.0	26.31825559240703	23.668054477453957	23.79422764801355	26.219462282125466	0.0
125.0	26.30160186295957	23.690918072119118	23.763178321925057	26.244301742996264	0.0
126.0	26.27986733469762	23.74934725848564	23.726483663820478	26.244301742996264	0.0
127.0	26.175710959000774	23.741726060263918	23.831486839319737	26.25107614141557	0.0
128.0	26.316279726201397	23.6457554159904	23.831769105920543	26.206195751887655	0.0
129.0	26.247124409004304	23.653658880812927	23.738903394255875	26.36031331592689	0.0
130.0	26.281843200903253	23.78237245077976	23.716886599393128	26.218897748923858	0.0
131.0	26.286359466516124	23.689506739115092	23.653658880812927	26.370474913555853	0.0
132.0	26.36793451414861	23.818502575682732	23.716039799590714	26.097523110577942	0.0
133.0	26.196672631917668	23.76606807160559	23.693807617832523	26.343451678644215	0.0
134.0	26.214529473033508	23.759642987187846	23.728028949426008	26.297798590352638	0.0
135.0	26.225537932611292	23.663671801125123	23.783071247314926	26.327719018948663	0.0
136.0	26.178190768674913	23.766766778068828	23.845237557582873	26.209804895673383	0.0
137.0	26.29674374491916	23.765919971095656	23.67135985909132	26.265976424893868	0.0
138.0	26.41162722427965	23.708619365910938	23.745878872730557	26.133874537078857	0.0
139.0	26.320528634858626	23.75469626359482	23.670862136612932	26.253912964933622	0.0
140.0	26.24431579214782	23.800141699433485	23.76993883213698	26.185603676281715	0.0
141.0	26.277980071696728	23.804442939001326	23.571005165551696	26.34657182375025	0.0
142.0	26.176927202416234	23.672622576001352	23.768594574759362	26.381855646823045	0.0
143.0	26.213622378411944	23.767747763005616	23.689558811076296	26.32907104750614	0.0
144.0	26.186806672876617	23.8417026561662	23.75956191605273	26.211928754904452	0.0
145.0	26.270641036497587	23.67939707003133	23.752222880853584	26.297739012617495	0.0
146.0	26.225551769982697	23.70712650556498	23.72490960259012	26.342412121862203	0.0
147.0	26.292450087362994	23.704303791751467	23.743257242377965	26.259988878507574	0.0
148.0	26.275796075863255	23.76696803841149	23.77515390847068	26.182081977254573	0.0
149.0	26.32124176826084	23.667043969413072	23.791525648589065	26.220188613737015	0.0
150.0	26.31023318438813	23.690754765446595	23.763863053216625	26.23514899694865	0.0
151.0	26.280030146583528	23.744950870666077	23.723780517064714	26.251238465685677	0.0
152.0	26.17192020752592	23.74805585586094	23.835559984079893	26.24446395253324	0.0
153.0	26.32124176826084	23.644179987523607	23.837535883749357	26.1970423604662	0.0
154.0	26.248698023253514	23.65688219968442	23.746644498954183	26.347775278107875	0.0
155.0	26.273820176193794	23.783622049911227	23.71672373253093	26.22583404136405	0.0
156.0	26.298377786371375	23.68002845295524	23.650107686531985	26.371486074141405	0.0
157.0	26.35737250507383	23.818059158436103	23.723498245683363	26.101070090806704	0.0
158.0	26.192882224756396	23.768728759018597	23.690257093499838	26.34813192272517	0.0
159.0	26.22682891717264	23.745649467774303	23.729277635229927	26.298243979823127	0.0
160.0	26.225417552298126	23.667742126701047	23.78855495995958	26.318285361041248	0.0
161.0	26.187949168139195	23.760112457870637	23.830398627020376	26.22153974696979	0.0
162.0	26.291543642347843	23.762935195587495	23.681922623113707	26.263598538950955	0.0
163.0	26.4106631739992	23.697729954328103	23.745998769286356	26.14560810238634	0.0
164.0	26.320127588104953	23.761026350330965	23.666182095324125	26.252663966239965	0.0
165.0	26.24109070893258	23.794334749410755	23.781632393829476	26.18294214782719	0.0
166.0	26.284635187317935	23.801741074452952	23.573662579319375	26.33996115890974	0.0
167.0	26.186685635571212	23.66907165277872	23.763633900142267	26.3806088115078	0.0
168.0	26.230156041821918	23.754318813088542	23.6874195515209	26.32810559356864	0.0
169.0	26.18809701239753	23.838719147302577	23.75008468260958	26.22309915769031	0.0
170.0	26.259230404444146	23.685161348598786	23.761093421854888	26.294514825102183	0.0
171.0	26.231641464109995	23.704422985183324	23.742812543223536	26.321123007483145	0.0
172.0	26.280757516308505	23.714302650855437	23.742530267061476	26.26240956577458	0.0
173.0	26.27144240296051	23.75099855192329	23.792493147746168	26.185065897370034	0.0
174.0	26.31519520807987	23.65982335157778	23.810841098280093	26.214140342062255	0.0
175.0	26.29910546684243	23.697366081131815	23.773862921050178	26.229665530975577	0.0
176.0	26.284427106415293	23.742530267061476	23.72305321187931	26.24998941464392	0.0
177.0	26.19071142061124	23.734626534523787	23.83314091508286	26.241521129782107	0.0
178.0	26.317171141214295	23.64345133417828	23.841609199944674	26.19776832466275	0.0
179.0	26.25422355707483	23.647685476609187	23.756079522840377	26.34201144347561	0.0
180.0	26.28103979247057	23.777250234994902	23.723617764203432	26.2180922083311	0.0
181.0	26.300234571490673	23.67196122654638	23.661799284712206	26.36600491725074	0.0
182.0	26.361206222495714	23.819591659303963	23.721924107231068	26.097278010969248	0.0
183.0	26.19530178229672	23.75925162732667	23.708159497772836	26.337287092603777	0.0
184.0	26.227555389952606	23.740123807023636	23.734195974154648	26.298124828869113	0.0
185.0	26.231789556287595	23.672094867908125	23.779078137305547	26.317037438498737	0.0
186.0	26.18359397053012	23.759103483317336	23.83193134985604	26.225371196296503	0.0
187.0	26.292553491785693	23.759103483317336	23.68684017388359	26.26150285101338	0.0
188.0	26.415909219217525	23.70264777282222	23.738779427539093	26.14266358042116	0.0
189.0	26.31887968971854	23.745338862244854	23.66827659988878	26.267504848147826	0.0
190.0	26.234760443630222	23.79756054186344	23.78824532333688	26.179433691169457	0.0
191.0	26.279434762235432	23.797909997798214	23.576320083103276	26.346335156863077	0.0
192.0	26.186846874311943	23.668625690880656	23.769681983187393	26.374845451620004	0.0
193.0	26.230035736666498	23.7527451744209	23.684151098916608	26.33306798999599	0.0
194.0	26.193903877964647	23.846462182928825	23.75302745456701	26.20660648453952	0.0
195.0	26.271530918144403	23.68697390037769	23.76149585895026	26.279999322527647	0.0
196.0	26.23321486943095	23.69833200190822	23.746037481263603	26.32241564739723	0.0
197.0	26.28684824858789	23.71385745376944	23.746602043149466	26.25269225449321	0.0
198.0	26.27640385369943	23.74998941446464	23.79063787024674	26.182968861589185	0.0
199.0	26.31197125250877	23.659377231783704	23.811244379080723	26.217407136626797	0.0
200.0	26.309995285908254	23.68647620230511	23.772007328013277	26.23152118377336	0.0
201.0	26.292776148389446	23.74547291937774	23.720067634513924	26.241683297718886	0.0
202.0	26.193413256477644	23.722325882057376	23.851328272976964	26.232932588488016	0.0
203.0	26.32439161399775	23.63989984672145	23.842295282803164	26.193413256477644	0.0
204.0	26.257921553683083	23.65019548065659	23.75464001919521	26.337242946465118	0.0
205.0	26.287561220025125	23.77609349197612	23.719636984657942	26.216708303340813	0.0
206.0	26.30223991192785	23.66741471538863	23.656123413925	26.374221958758522	0.0
207.0	26.355873593880112	23.818718155001342	23.716249594218855	26.109158656899687	0.0
208.0	26.196740192065583	23.755271641251756	23.71434055790478	26.333647608777884	0.0
209.0	26.23068823693801	23.741506776230548	23.729086274498734	26.298718712332715	0.0
210.0	26.231535089328812	23.65738610541054	23.786389952943235	26.32468885231741	0.0
211.0	26.16978873796055	23.75851089055249	23.84743064259341	26.224269728893557	0.0
212.0	26.298510664724546	23.754841186500006	23.688504228628208	26.25814392014724	0.0
213.0	26.41707033411244	23.69697277644163	23.74552578390524	26.14043110554069	0.0
214.0	26.325402045442353	23.73853567103551	23.664859097080885	26.271203186441248	0.0
215.0	26.23422375660196	23.792169958588687	23.796404244448148	26.177202040361212	0.0
216.0	26.287932251235002	23.801552575864502	23.58108680310515	26.329428369795345	0.0
217.0	26.1939308398024	23.66182074805928	23.759209597741705	26.385038814396612	0.0
218.0	26.24107268877911	23.7439661256175	23.688355681016233	26.326605504587157	0.0
219.0	26.19944219868567	23.8434655947246	23.754827126758656	26.20226507983108	0.0
220.0	26.265497617488315	23.67804475960344	23.766683227569384	26.28977439533886	0.0
221.0	26.23847202658032	23.691379178934472	23.760822251141153	26.309326543344053	0.0
222.0	26.288154874988358	23.703799891036482	23.75545876182438	26.252586472150785	0.0
223.0	26.27460500724071	23.768161762837796	23.779453319294163	26.17777991062733	0.0
224.0	26.315254610483645	23.657786798476767	23.810787388460593	26.21617120257899	0.0
225.0	26.315819188306467	23.682910511592194	23.772678385420342	26.228591914680997	0.0
226.0	26.301422453824593	23.740215160608276	23.714244580758624	26.24411780480851	0.0
227.0	26.19612868986893	23.72694758177204	23.853130725171983	26.22379300318704	0.0
228.0	26.32061809980042	23.64141404161503	23.850025547146483	26.187942311438068	0.0
229.0	26.24863442739106	23.648188975488853	23.763362851343835	26.339813745776254	0.0
230.0	26.281379941114537	23.781147052762623	23.720454936809627	26.21701806931322	0.0
231.0	26.30904425443264	23.667102332553274	23.658633665210996	26.36521974780309	0.0
232.0	26.36352601433463	23.819820633625692	23.713115425112985	26.10353792692669	0.0
233.0	26.205235909509213	23.75185605483195	23.71261778538078	26.330290250278054	0.0
234.0	26.236227674223628	23.741612396010648	23.73511967773534	26.287040252030387	0.0
235.0	26.25203603176351	23.65720705843164	23.781697874058203	26.309059035746646	0.0
236.0	26.179990966576334	23.74971770551039	23.841745709123757	26.22854561878952	0.0
237.0	26.294037940379404	23.743507226738934	23.707938121047878	26.254516711833787	0.0
238.0	26.416420598580615	23.698473907373007	23.75521542014126	26.129890073905116	0.0
239.0	26.314303700629804	23.73919155819409	23.679062322682274	26.267442418493836	0.0
240.0	26.244244249896248	23.78412866907013	23.795421373136353	26.17620570789727	0.0
241.0	26.293306680896357	23.797181730657925	23.58147768564241	26.328033902803305	0.0
242.0	26.178718550329354	23.662462554033716	23.76213023431787	26.396688661319057	0.0
243.0	26.234868571525382	23.73957706827956	23.69919835548515	26.32635600470991	0.0
244.0	26.198403352564263	23.848897398317508	23.75231914875592	26.20038010036231	0.0
245.0	26.25924576579935	23.688647512857226	23.759252826330698	26.292853895012726	0.0
246.0	26.241597469355476	23.679037451279445	23.774219058916568	26.30514602044851	0.0
247.0	26.291510830386102	23.70651179082722	23.753686399023742	26.24829097976294	0.0
248.0	26.285260612088063	23.749208896523665	23.788481533384566	26.177048958003706	0.0
249.0	26.307581031598932	23.653428868496	23.831992224582976	26.20699787532209	0.0
