# Position (bp)	A	C	G	T	N
0.0	26.172243051536476	23.853618848712077	23.655670466269093	26.318467633482356	0.0
1.0	26.13778063578159	23.792881706601058	23.726619509603825	26.34271814801353	0.0
2.0	26.16351075934681	23.780155386383143	23.749122841351006	26.307211012919048	0.0
3.0	26.327736683495758	23.713357598528432	23.75165635116322	26.20724936681259	0.0
4.0	26.257439249044673	23.859548096195184	23.670299750371086	26.21271290438905	0.0
5.0	26.224045976497422	23.68175363663808	23.66693873900064	26.42726164786386	0.0
6.0	26.346301130932083	23.626865087573165	23.820571447738416	26.206262333756335	0.0
7.0	26.404626280807864	23.742390617750473	23.48692779401982	26.36605530742184	0.0
8.0	26.23310489776297	23.814967188006573	23.664881664412125	26.28704624981833	0.0
9.0	26.148501735538577	23.694712895526727	23.786101158702564	26.37068421023213	0.0
10.0	26.133759599369544	23.838015180138385	23.896980739780236	26.131244480711835	0.0
11.0	26.24414536268011	23.780446908639714	23.716171654053813	26.25923607462636	0.0
12.0	26.116433226394214	23.690741009848086	23.87099118031724	26.321834583440456	0.0
13.0	26.1854592606669	23.792184129042354	23.825439586849843	26.196917023440907	0.0
14.0	26.160308074089805	23.89474507875116	23.763958908550286	26.180987938608745	0.0
15.0	26.30283146469332	23.777931789982006	23.654690975754256	26.264545769570418	0.0
16.0	26.301154718921516	23.696889077678044	23.687946433561745	26.314009769838698	0.0
17.0	26.14521736214355	23.748868196604032	23.80615701047407	26.29975743077835	0.0
18.0	26.284313807683386	23.755788249957384	23.827888116656467	26.132009825702763	0.0
19.0	26.180355860349824	23.708560042701006	23.79323546754528	26.31784862940389	0.0
20.0	26.39805274468543	23.75830336158642	23.789323071677888	26.054320822050265	0.0
21.0	26.279842498120654	23.697940682489513	23.881823288256943	26.140393531132887	0.0
22.0	26.280960325511337	23.76976109234093	23.654904327948202	26.29437425419954	0.0
23.0	26.29577153843789	23.86170239522464	23.628355927419467	26.214170138917996	0.0
24.0	26.35976715655452	23.68061435793392	23.794353294935963	26.1652651905756	0.0
25.0	26.183150428826536	23.84884738023178	23.65434541425286	26.313656776688827	0.0
26.0	26.14087939235073	23.785903118170793	23.741749059630337	26.331468429848144	0.0
27.0	26.16491261408794	23.79372788803872	23.75851642363304	26.282843074240297	0.0
28.0	26.321128555379808	23.70597868309123	23.756560231166056	26.2163325303629	0.0
29.0	26.26048658890336	23.872813954918147	23.663501360951045	26.20319809522745	0.0
30.0	26.23673282323286	23.677194708219922	23.666854833751586	26.419217634795633	0.0
31.0	26.346279601383866	23.628289896545365	23.82195295077661	26.203477551294164	0.0
32.0	26.395743325191845	23.741749059630337	23.486605670722504	26.37590194445531	0.0
33.0	26.23477663076588	23.806582867107462	23.670487762618837	26.28815273950782	0.0
34.0	26.14227667268429	23.690329143355374	23.788138766704485	26.379255417255855	0.0
35.0	26.133892990682934	23.82726261604413	23.899921193389186	26.138923199883745	0.0
36.0	26.248469978034755	23.781711277170118	23.714921277226004	26.254897467569123	0.0
37.0	26.113213241746262	23.68194546135402	23.875049603451842	26.329791693447874	0.0
38.0	26.17664976888983	23.80015537757309	23.82865989637769	26.194534957159387	0.0
39.0	26.164074245887804	23.887066214320445	23.76494391316741	26.183915626624337	0.0
40.0	26.301007718576564	23.78674148637093	23.65120529401573	26.261045501036783	0.0
41.0	26.309111944511205	23.706817051291367	23.683901653821003	26.30016935037643	0.0
42.0	26.146747969751676	23.746220356697723	23.808818515641157	26.298213157909444	0.0
43.0	26.282210714874566	23.770187151204873	23.828313850642328	26.119288283278237	0.0
44.0	26.199212495004737	23.696410955765025	23.797294313923302	26.30708223530694	0.0
45.0	26.395110650320397	23.748948549487338	23.792264118779674	26.06367668141259	0.0
46.0	26.27801888558821	23.70311788262319	23.87777743622132	26.14108579556728	0.0
47.0	26.284446357160622	23.759567850346105	23.652536475901172	26.303449316592097	0.0
48.0	26.292830015733333	23.852905915788945	23.635210248184237	26.219053820293485	0.0
49.0	26.36744457703045	23.670980524761134	23.80008886678087	26.16148603142754	0.0
50.0	26.184680820145374	23.846198988930777	23.658125581616314	26.310994609307535	0.0
51.0	26.144925106192712	23.794433266264253	23.734909456740443	26.325732170802596	0.0
52.0	26.161971830985912	23.79890453834116	23.75503018108652	26.28409344958641	0.0
53.0	26.33523362396602	23.697462553096358	23.761178180192264	26.20612564274536	0.0
54.0	26.26425217974514	23.863737983456293	23.679298010283926	26.192711826514643	0.0
55.0	26.233791638721215	23.684607645875253	23.67175273865415	26.409847976749383	0.0
56.0	26.35172143974961	23.625083836351443	23.82517326179298	26.19802146210597	0.0
57.0	26.406494522691702	23.736306729264474	23.489268947015425	26.367929801028396	0.0
58.0	26.24133691035099	23.803934719427676	23.670914375139727	26.2838139950816	0.0
59.0	26.149116923764808	23.69466800804829	23.789682539682538	26.36653252850436	0.0
60.0	26.143807288173488	23.823775989268945	23.90286161412922	26.12955510842835	0.0
61.0	26.254471272076906	23.77235636038453	23.722334004024145	26.25083836351442	0.0
62.0	26.116979655712054	23.68628437290409	23.87715179968701	26.319584171696846	0.0
63.0	26.1697965571205	23.79610999329309	23.82349653476414	26.210596914822265	0.0
64.0	26.153588195841714	23.886373798345627	23.762016543706686	26.19802146210597	0.0
65.0	26.297227811312318	23.780181086519114	23.653308741336907	26.26928236083166	0.0
66.0	26.2921976302258	23.714788732394364	23.689358372456965	26.30365526492287	0.0
67.0	26.15247037782249	23.745528727923094	23.80784708249497	26.294153811759447	0.0
68.0	26.279548738126714	23.754963796770074	23.83460810807034	26.13087935703287	0.0
69.0	26.20409623268435	23.690130532834416	23.7859831601186	26.319790074362636	0.0
70.0	26.386579514365316	23.750213083464445	23.78989551225265	26.073311889917587	0.0
71.0	26.285417266327784	23.693483977520742	23.87876179644032	26.142336959711155	0.0
72.0	26.288491257290246	23.758596695180263	23.658831715762027	26.29408033176746	0.0
73.0	26.291285794528857	23.86031785066552	23.633121973166855	26.21527438163877	0.0
74.0	26.35500124356907	23.67448112429822	23.801632568654792	26.168885063477916	0.0
75.0	26.186211194357274	23.842712266062303	23.664700243963104	26.30637629561733	0.0
76.0	26.139748827694902	23.792903013061633	23.74008640684995	26.327261752393515	0.0
77.0	26.171885916130584	23.79569754249082	23.760207018740115	26.272209522638484	0.0
78.0	26.324187770021407	23.704595883099245	23.76663443642725	26.204581910452102	0.0
79.0	26.262987575522157	23.866119684106394	23.677488947636107	26.193403792735342	0.0
80.0	26.229173769428964	23.678047853521946	23.676091682921513	26.416686694127577	0.0
81.0	26.360516652600868	23.638086082684538	23.820848307353526	26.180548957361072	0.0
82.0	26.4097003705546	23.735894612706165	23.479356811106577	26.375048205632655	0.0
83.0	26.23867516948821	23.80380167783547	23.671620435834807	26.285902716841512	0.0
84.0	26.150368039525823	23.69341776538249	23.785637236545735	26.37057695854595	0.0
85.0	26.14645569832496	23.82224557206812	23.90356637845753	26.12773235114939	0.0
86.0	26.248735475433293	23.78535778360282	23.71912743613103	26.246779304832856	0.0
87.0	26.110406268688415	23.682239647665728	23.87729780182315	26.330056281822706	0.0
88.0	26.171327010244745	23.791226295404115	23.827555177983577	26.209891516367556	0.0
89.0	26.15372147484085	23.8957416960558	23.77390021294314	26.176636616160202	0.0
90.0	26.301272628702055	23.7747385717719	23.65597107103135	26.268017728494698	0.0
91.0	26.29177122864281	23.714376736101407	23.692020500667894	26.301831534587887	0.0
92.0	26.14952968069707	23.736732971534924	23.8219661191252	26.29177122864281	0.0
93.0	26.27548953032475	23.7556693857362	23.83307763460512	26.135763449333925	0.0
94.0	26.198360733617815	23.698661144691947	23.791439262469854	26.311538859220384	0.0
95.0	26.389506012413268	23.747285820876755	23.801778992463174	26.061429174246808	0.0
96.0	26.286108712480054	23.690557031994476	23.888688614839467	26.134645640686	0.0
97.0	26.28834432977591	23.770759802483212	23.64975701634516	26.291138851395722	0.0
98.0	26.298125155445266	23.85040366864798	23.64500632959147	26.206464846315285	0.0
99.0	26.359045726757262	23.670995380655764	23.808765296512714	26.161193596074256	0.0
100.0	26.181593603898918	23.845373529732314	23.67211318930369	26.30091967706508	0.0
101.0	26.156090363398576	23.780194721722314	23.736320854897667	26.327394059981447	0.0
102.0	26.15944377997116	23.790534422821118	23.763148187478343	26.286873609729376	0.0
103.0	26.32767351136249	23.703345591933918	23.762309833335195	26.206671063368397	0.0
104.0	26.26870926996121	23.86263287913169	23.677915516258484	26.19074233464862	0.0
105.0	26.234616201473266	23.673164842780654	23.683225092498407	26.40899386324767	0.0
106.0	26.35673645499156	23.6418662881032	23.815685047115505	26.18571220978974	0.0
107.0	26.4022870301025	23.73576195213557	23.49208034786108	26.369870669900852	0.0
108.0	26.230424430757537	23.795564547679994	23.683225092498407	26.290785929064057	0.0
109.0	26.140441086059845	23.69775656431294	23.786901554867484	26.374900794759725	0.0
110.0	26.138205475011457	23.817641206782845	23.909301259766828	26.134852058438874	0.0
111.0	26.244117548428925	23.770413923385608	23.726819507942007	26.258649020243457	0.0
112.0	26.10467130928561	23.686299057689943	23.884430086853488	26.32459954617096	0.0
113.0	26.177328668358278	23.784665943819093	23.832731581359475	26.205273806463154	0.0
114.0	26.160841036876402	23.891695822760756	23.768737215099318	26.178725925263524	0.0
115.0	26.2938598942556	23.773487888577147	23.663663495824995	26.26898872134226	0.0
116.0	26.305037949497546	23.699153821218186	23.701109980885526	26.294698248398745	0.0
117.0	26.145471210918725	23.744983847710174	23.815405595734454	26.294139345636648	0.0
118.0	26.295051181663464	23.74309403844703	23.82609133055558	26.135763449333925	0.0
119.0	26.21093608090699	23.686644701726735	23.79758721003345	26.304832007332823	0.0
120.0	26.39341834268101	23.738063899531358	23.807088583540825	26.061429174246808	0.0
121.0	26.279401860592493	23.69391045793826	23.890924232135323	26.135763449333925	0.0
122.0	26.28834432977591	23.75846390735602	23.663450172282257	26.289741590585813	0.0
123.0	26.296448442473373	23.847609147028166	23.651154277155065	26.204788133343392	0.0
124.0	26.355692300813487	23.670995380655764	23.805970774892902	26.16734154363785	0.0
125.0	26.186623742814586	23.836151608386917	23.679658397677194	26.297566251121303	0.0
126.0	26.160707798413824	23.773341307057304	23.738130236249518	26.327820658279354	0.0
127.0	26.168253027872634	23.79038793657536	23.757691942253846	26.283667093298156	0.0
128.0	26.33236549193636	23.694042884968464	23.76809812179152	26.20549350130365	0.0
129.0	26.267605633802816	23.867091437513974	23.67650346523586	26.18879946344735	0.0
130.0	26.230438184663534	23.670914375139727	23.690755644980996	26.407891795215736	0.0
131.0	26.359825620389	23.636541471048513	23.818186899172815	26.185446009389672	0.0
132.0	26.397272524033088	23.741895819360607	23.490107310529844	26.370724346076457	0.0
133.0	26.22429018555779	23.799742901855577	23.683489827856025	26.292477084730603	0.0
134.0	26.149116923764808	23.700816007154035	23.785490722110442	26.364576346970715	0.0
135.0	26.13821819807735	23.81623071763917	23.915716521350326	26.12983456293315	0.0
136.0	26.24692600044713	23.772635814889338	23.72764363961547	26.252794545048065	0.0
137.0	26.110272747596692	23.680974737312766	23.874357254638944	26.334395260451597	0.0
138.0	26.18321037335122	23.785211267605632	23.8343952604516	26.197183098591548	0.0
139.0	26.160015649452266	23.89531634249944	23.766208361278785	26.178459646769507	0.0
140.0	26.310641627543035	23.769561815336463	23.658059467918623	26.261737089201876	0.0
141.0	26.307847082494966	23.690755644980996	23.70696400625978	26.29443326626425	0.0
142.0	26.154985468365748	23.738821819807736	23.817348535658393	26.28884417616812	0.0
143.0	26.29674238973393	23.7414032567719	23.828313850642328	26.133540502851844	0.0
144.0	26.22017164143651	23.685791654906257	23.79254357406543	26.3014931295918	0.0
145.0	26.397625747892207	23.735255240485245	23.809869801782366	26.057249209840176	0.0
146.0	26.279975072588513	23.68523274433474	23.893985842795225	26.140806340281525	0.0
147.0	26.289476552304247	23.755934931631266	23.668185971903565	26.286402544160918	0.0
148.0	26.292065124441788	23.86051788798283	23.644218892347936	26.20319809522745	0.0
149.0	26.371783801004366	23.666082601855035	23.801619172975403	26.160514424165193	0.0
150.0	26.18203260143585	23.8323594262192	23.678378703152553	26.3072292691924	0.0
151.0	26.166735599548396	23.7673124000939	23.737689891458658	26.328262108899047	0.0
152.0	26.17707553180787	23.77849070523927	23.766194569579362	26.278239193373498	0.0
153.0	26.325820559755194	23.688292089929718	23.774365280087192	26.2115220702279	0.0
154.0	26.25183744417803	23.863299742338626	23.69282963608824	26.192033177395107	0.0
155.0	26.23954123979275	23.665163176221377	23.69338855446939	26.40190702951648	0.0
156.0	26.35831139578687	23.63554050202049	23.82417545565821	26.18197264653443	0.0
157.0	26.3929643354181	23.740896616867037	23.494134151589844	26.372004896125016	0.0
158.0	26.222494229167715	23.795950077410197	23.694785850422264	26.286769842999824	0.0
159.0	26.149834839618368	23.695065309612836	23.79119927117043	26.363900579598358	0.0
160.0	26.145363492569178	23.809923036938915	23.911646182307997	26.13306728818391	0.0
161.0	26.24289475007965	23.77918252597573	23.728041494100616	26.249881229844007	0.0
162.0	26.119932706226912	23.670193441651715	23.875875405914474	26.333998446206902	0.0
163.0	26.177221840294663	23.781418199500326	23.843458139807844	26.197901820397167	0.0
164.0	26.15682131938273	23.892363498158364	23.76045876020725	26.19035642225166	0.0
165.0	26.29990442495682	23.770519291067927	23.667119390555396	26.262456893419856	0.0
166.0	26.2968303738605	23.68835828903905	23.723011228670277	26.291800108430163	0.0
167.0	26.156262401001584	23.73027716762521	23.825852210801656	26.287608220571553	0.0
168.0	26.299419002719144	23.74068350319842	23.82983123412318	26.130066259959257	0.0
169.0	26.216139931196953	23.690380708319246	23.80300307685429	26.290476283629516	0.0
170.0	26.401980812278353	23.724195364876913	23.82144743497665	26.05237638786808	0.0
171.0	26.282371944454535	23.681717449201166	23.90137298684023	26.134537619504073	0.0
172.0	26.276223825080415	23.75801002143458	23.670539050339123	26.29522710314588	0.0
173.0	26.29641843099555	23.849460081826106	23.648807261508196	26.205314225670147	0.0
174.0	26.379491994824374	23.656139350699075	23.80397450192968	26.16039415254687	0.0
175.0	26.186104613630455	23.826331424611062	23.68157035024914	26.305993611509344	0.0
176.0	26.16158511024788	23.762960064835255	23.751502109940475	26.323952714976386	0.0
177.0	26.17975016069083	23.7889500600844	23.762401140206244	26.268898639018527	0.0
178.0	26.340794066439553	23.680025934175262	23.780632648555596	26.19854735082959	0.0
179.0	26.260661546888446	23.856154353488268	23.686519780453178	26.196664319170104	0.0
180.0	26.23187676760902	23.66052963993874	23.691550130230166	26.41604346222207	0.0
181.0	26.348972131862237	23.635098427177304	23.83072314072683	26.18520630023363	0.0
182.0	26.39703991862012	23.73123400069307	23.506824507864113	26.364901572822696	0.0
183.0	26.219300893166547	23.79662854779391	23.700492974278145	26.283577584761392	0.0
184.0	26.143845646511732	23.70300814916664	23.791039270263926	26.362106934057707	0.0
185.0	26.160054551348694	23.8010999698179	23.90450160412265	26.13434387471075	0.0
186.0	26.241937467162995	23.782375890092446	23.724806331533586	26.250880311210974	0.0
187.0	26.12959298881027	23.670590339492716	23.873201649954726	26.32661502174229	0.0
188.0	26.187442011245626	23.77790446806846	23.836032954380318	26.198620566305596	0.0
189.0	26.157259912583697	23.894161440692177	23.758341996713504	26.19023665001062	0.0
190.0	26.30202220061035	23.765608057502487	23.673105514381213	26.259264227505952	0.0
191.0	26.29783024246286	23.695742088377656	23.71027420995562	26.296153459203865	0.0
192.0	26.14915546016522	23.730395609063574	23.83435617112132	26.286092759649886	0.0
193.0	26.307405533959148	23.737169078912434	23.83134866849064	26.124076718637777	0.0
194.0	26.22216881342101	23.6787609654945	23.805078990685445	26.29399123039905	0.0
195.0	26.40270298216736	23.731859250419895	23.81793436493054	26.047503402482203	0.0
196.0	26.288681401906505	23.667582379194414	23.901773762181165	26.14196245671791	0.0
197.0	26.28225371478396	23.753936958362562	23.673171672344456	26.290637654509023	0.0
198.0	26.306081726872836	23.84175549009854	23.639422512617863	26.212740270410755	0.0
199.0	26.37546286592608	23.652344022916232	23.812478166701602	26.159714944456088	0.0
200.0	26.178718647383498	23.837071194019423	23.676937050234052	26.307273108363027	0.0
201.0	26.162023788231085	23.77230146664282	23.74547263459131	26.32020211053479	0.0
202.0	26.182850691125754	23.785848829865127	23.76656549904701	26.264734979962107	0.0
203.0	26.337897093223113	23.683761901967195	23.780458835332947	26.197882169476745	0.0
204.0	26.251613948990826	23.85290846184373	23.684666506436233	26.210811082729208	0.0
205.0	26.2298151574264	23.661470356438187	23.696963260652062	26.41175122548335	0.0
206.0	26.34411907729628	23.63352318776585	23.84117065100135	26.181187083936525	0.0
207.0	26.397498169460455	23.737207183540235	23.49965624982533	26.365638397173985	0.0
208.0	26.221710478511422	23.793101520884917	23.69165329860432	26.293534701999338	0.0
209.0	26.14792995321644	23.704508996193596	23.786394200403556	26.361166850186407	0.0
210.0	26.145148037807353	23.798118575572783	23.915497996165605	26.14123539045426	0.0
211.0	26.24380264606751	23.780791137294795	23.72182195218745	26.253584264450247	0.0
212.0	26.13061534763872	23.666206464811328	23.875812573012794	26.32736561453716	0.0
213.0	26.191820331233544	23.764022648638676	23.847865091919264	26.19629192820851	0.0
214.0	26.15297333251354	23.89928845713136	23.760110001285582	26.18762820906952	0.0
215.0	26.31199449993572	23.76458159826055	23.67263438546284	26.250789516340895	0.0
216.0	26.298579709010827	23.691918147417372	23.718468254456226	26.29103388911557	0.0
217.0	26.161916526463468	23.725175649918672	23.83025817883034	26.282649644787515	0.0
218.0	26.29557897561017	23.739774686777732	23.836752717201442	26.127893620410664	0.0
219.0	26.22766640675437	23.66319837456996	23.815512572209506	26.29362264646617	0.0
220.0	26.40695786322947	23.728728295105515	23.81536621288893	26.048947628776087	0.0
221.0	26.293490138648618	23.66556645826987	23.903680993597177	26.137262409484336	0.0
222.0	26.286223732640973	23.76086816783162	23.667243321194707	26.285664778332695	0.0
223.0	26.298461744846396	23.846588114295937	23.63614005276573	26.21881008809194	0.0
224.0	26.384615169630553	23.647664802533207	23.807527521820422	26.16019250601581	0.0
225.0	26.187022612749335	23.82541425964277	23.68595360068417	26.30160952692373	0.0
226.0	26.16725264528823	23.769864116308838	23.747226150483783	26.315657087919153	0.0
227.0	26.17703448237313	23.79166363895519	23.76287708981962	26.26842478885206	0.0
228.0	26.34423778315004	23.685806514721705	23.770210030603263	26.199745671524994	0.0
229.0	26.255435936993436	23.84517780684397	23.693139260600777	26.206246995561816	0.0
230.0	26.23699008395658	23.664632033180176	23.69369822584432	26.404679657018924	0.0
231.0	26.35828554180501	23.63109411856771	23.835395915082	26.17522442454528	0.0
232.0	26.399369487205288	23.740651306301775	23.488278498842945	26.371700707649996	0.0
233.0	26.224133883355133	23.78704542151569	23.69984684352327	26.288973851605906	0.0
234.0	26.16488356753977	23.698169947792646	23.781455769080278	26.355490715587305	0.0
235.0	26.147555644989996	23.79291455657287	23.914768979664842	26.14476081877229	0.0
236.0	26.243138701635534	23.781176286458507	23.72360286637377	26.252082145532192	0.0
237.0	26.132743066036152	23.65596807190529	23.882069512917685	26.32921934914087	0.0
238.0	26.203731651965878	23.770276464209456	23.851046941901153	26.17494494192351	0.0
239.0	26.15538115839957	23.896602609249758	23.763848363908732	26.18416786844194	0.0
240.0	26.29509241376997	23.759268627390696	23.67821617527453	26.267422783564797	0.0
241.0	26.301343827560764	23.68943273036245	23.722972519732576	26.286250922344205	0.0
242.0	26.15136497927445	23.72914517945837	23.833960829692735	26.285529011574443	0.0
243.0	26.305506018101827	23.731949887352762	23.832577693051647	26.129966401493764	0.0
244.0	26.227368150345086	23.677170658891868	23.80855209273852	26.286909098024523	0.0
245.0	26.410099434478635	23.731490566723416	23.811999787545112	26.04641021125284	0.0
246.0	26.284140784434317	23.658550222247072	23.911548461043864	26.145760532274746	0.0
247.0	26.30145794601546	23.74872447196634	23.66261759320091	26.28719998881729	0.0
248.0	26.30085358250226	23.837402738285956	23.637497239067407	26.224246440144377	0.0
249.0	26.393750629075008	23.64874688258385	23.816779806971827	26.140722681369315	0.0
