# Position (bp)	A	C	G	T	N
0.0	26.26079437299782	23.87181391893774	23.63474395282975	26.23264775523469	0.0
1.0	26.139792933748083	23.696550443381774	23.77460652769395	26.38905009517619	0.0
2.0	26.256829253431675	23.709949311924607	23.802214955738606	26.231006478905115	0.0
3.0	26.24420473601448	23.90782121284213	23.74128897115569	26.106685079987695	0.0
4.0	26.23706510166605	23.913062397920555	23.738711427386157	26.11116107302724	0.0
5.0	26.25554417792424	23.80261711305337	23.678172256048917	26.263666452973478	0.0
6.0	26.18423991391038	23.7204755813515	23.769495615752547	26.325788888985574	0.0
7.0	26.295928903739284	23.6420010905758	23.70262086248303	26.359449143201886	0.0
8.0	26.165581449308988	23.860666792348855	23.782357121104454	26.191394637237696	0.0
9.0	26.372724451649766	23.73936724022424	23.663382703947423	26.224525604178567	0.0
10.0	26.20642654138391	23.725711965663248	23.725131952902963	26.34272954004988	0.0
11.0	26.23136709007598	23.720201844440577	23.742822342091525	26.305608723391916	0.0
12.0	26.305608723391916	23.684821066063453	23.867815091932023	26.141755118612608	0.0
13.0	26.227887013514295	23.940606693347256	23.70425149353286	26.12725479960559	0.0
14.0	26.246737428223422	23.765152833362336	23.726581984803666	26.26152775361058	0.0
15.0	26.27863813003886	23.685111072443593	23.771242967345284	26.265007830172266	0.0
16.0	26.297778551128125	23.644800185604083	23.79357345861609	26.263847804651704	0.0
17.0	26.265007830172266	23.73151209326605	23.676990893799662	26.32648918276202	0.0
18.0	26.289078359723916	23.80865379038339	23.662200568412505	26.240067281480194	0.0
19.0	26.314308914796126	23.781393190650192	23.647120236645204	26.257177657908475	0.0
20.0	26.21795076285957	23.745943547521758	23.813804843672514	26.222300845946155	0.0
21.0	26.16487974920321	23.6580718691727	23.899936488786935	26.27711189283715	0.0
22.0	26.115288802016117	23.761313841094363	23.83265520371439	26.290742153175128	0.0
23.0	26.299732324887405	23.790604400544048	23.60500085551634	26.304662419052207	0.0
24.0	26.29596225287903	23.665322007650346	23.740433442278746	26.29828229719188	0.0
25.0	26.27102177651593	23.866875857328875	23.631681365114073	26.230421001041123	0.0
26.0	26.14196931161385	23.72419313208882	23.755223724773142	26.378613831524184	0.0
27.0	26.273051815289673	23.708242827438003	23.805394683038447	26.21331067423388	0.0
28.0	26.21302066869477	23.89964648324783	23.758703791242414	26.128629056814983	0.0
29.0	26.225200901337214	23.917916832211496	23.750293630608343	26.106588635842943	0.0
30.0	26.258261532795274	23.790024389465838	23.689102461857022	26.262611615881866	0.0
31.0	26.172129887680857	23.72100307115866	23.777264145745182	26.329602895415306	0.0
32.0	26.294145965164635	23.642343005956697	23.714844180475726	26.348666848402946	0.0
33.0	26.167993921501527	23.858686510721476	23.794015463050503	26.179304104726498	0.0
34.0	26.36142705511829	23.745294673773714	23.661193311331644	26.232084959776348	0.0
35.0	26.211784630911023	23.731374448266063	23.72325431671993	26.333586604102987	0.0
36.0	26.23121494568212	23.719194250946867	23.74500466907564	26.304586134295377	0.0
37.0	26.30400612489922	23.687873743554647	23.869706689248364	26.138413442297765	0.0
38.0	26.228894908097512	23.924807581882828	23.709044086514204	26.137253423505463	0.0
39.0	26.238175058435946	23.762984960356356	23.722964312021855	26.27587566918584	0.0
40.0	26.277615697374294	23.677433574423905	23.77835520935439	26.266595518847407	0.0
41.0	26.298496035635775	23.642343005956697	23.79778552412549	26.261375434282037	0.0
42.0	26.263115462470495	23.730214429473758	23.677433574423905	26.329236533631846	0.0
43.0	26.28196576784544	23.80445563218124	23.67424352274507	26.239335077228247	0.0
44.0	26.315026303426116	23.78154526103323	23.664093358312403	26.239335077228247	0.0
45.0	26.22156874686433	23.73333565336419	23.814536733338553	26.230558866432922	0.0
46.0	26.166758017881637	23.664894743100085	23.899797867311634	26.268549371706644	0.0
47.0	26.12209742389574	23.754505934928936	23.82758690690586	26.295809734269465	0.0
48.0	26.287109618557924	23.796846498058425	23.61704410668662	26.29899977669703	0.0
49.0	26.288269633986133	23.66866479324175	23.741745765218678	26.30131980755344	0.0
50.0	26.26767936013549	23.865867416036636	23.65039455024752	26.21605867358036	0.0
51.0	26.143847713174583	23.726085556937907	23.75102588864432	26.37904084124319	0.0
52.0	26.274059444990616	23.69911519823214	23.813666721767397	26.213158635009847	0.0
53.0	26.225338797006	23.891387755457146	23.757115969642395	26.126157477894456	0.0
54.0	26.228238835576512	23.913138044735994	23.742905780646883	26.11571733904061	0.0
55.0	26.267969363992545	23.794236463344962	23.687805047807135	26.24998912485536	0.0
56.0	26.175458133593178	23.725215545366755	23.77509620877958	26.324230112260494	0.0
57.0	26.290803424355612	23.636985824652577	23.7167366540612	26.35547409693061	0.0
58.0	26.16552212143006	23.853908080644036	23.801707537758393	26.178862260167506	0.0
59.0	26.374034289956615	23.752987031065125	23.65699603275874	26.215982646219523	0.0
60.0	26.214822634155393	23.729496786766582	23.726306753590237	26.329373825487785	0.0
61.0	26.236282857341713	23.72021669025358	23.742546922487996	26.30095352991671	0.0
62.0	26.306753590237335	23.69353641277869	23.873918288750204	26.125791708233763	0.0
63.0	26.23019279400506	23.92408881052363	23.718186669141357	26.127531726329956	0.0
64.0	26.249622996079157	23.752407025033058	23.725146741526114	26.27282323736167	0.0
65.0	26.280653318794517	23.68396631324966	23.78198733266826	26.253393035287566	0.0
66.0	26.298343502772433	23.643075887989234	23.79416745934158	26.26441314989676	0.0
67.0	26.266153167992947	23.720796696285642	23.686576340393938	26.32647379532747	0.0
68.0	26.292833445467835	23.803447555854582	23.66917615943206	26.234542839245528	0.0
69.0	26.313133656590026	23.7758972693316	23.663956105143495	26.24701296893488	0.0
70.0	26.200826506198798	23.740738055535417	23.821648662364968	26.236786775900818	0.0
71.0	26.16051620387153	23.67751758138186	23.906619299644746	26.255346915101864	0.0
72.0	26.11324584934387	23.754078155586168	23.84252881896614	26.290147176103822	0.0
73.0	26.277097078228085	23.80018850141376	23.616037120278403	26.306677300079752	0.0
74.0	26.298847241354313	23.666207496556225	23.74363807728558	26.291307184803888	0.0
75.0	26.260276952077138	23.863698977742335	23.651997389980426	26.2240266802001	0.0
76.0	26.139636047270354	23.72391792938447	23.752918146886103	26.383527876459073	0.0
77.0	26.27506706300297	23.702457768433263	23.81120858406438	26.21126658449938	0.0
78.0	26.222576669325022	23.8897991734938	23.761328209961576	26.126295947219603	0.0
79.0	26.230986732400492	23.918509388820418	23.73319799898499	26.1173058797941	0.0
80.0	26.26578699340245	23.78510838831291	23.702457768433263	26.246646849851373	0.0
81.0	26.183716377872834	23.713477851083884	23.783368375262814	26.319437395780472	0.0
82.0	26.28949093165829	23.643518760186296	23.713989084349787	26.353001223805627	0.0
83.0	26.16015033669155	23.86014975668888	23.802439491221662	26.177260415397914	0.0
84.0	26.368371294507952	23.75574927644667	23.671358888250886	26.20452054079449	0.0
85.0	26.21496058881871	23.720949116365937	23.73573918440025	26.32835111041511	0.0
86.0	26.234390678197116	23.72065911503193	23.745889231090462	26.29906097568049	0.0
87.0	26.299930979682507	23.692238984299326	23.864209775364966	26.1436202606532	0.0
88.0	26.226560642178953	23.922790044834205	23.72065911503193	26.12999019795491	0.0
89.0	26.243670720885316	23.758069287118722	23.72210912170196	26.276150870294003	0.0
90.0	26.2807908916381	23.68962897229327	23.768509335142944	26.261070800925683	0.0
91.0	26.29529095833841	23.64177875218226	23.809399523237808	26.25353076624152	0.0
92.0	26.268320834275837	23.731679165724163	23.693108988301343	26.306891011698653	0.0
93.0	26.283110902310153	23.811139531241842	23.66874887624483	26.23700069020318	0.0
94.0	26.313561042380794	23.77691937382912	23.667008868240792	26.242510715549294	0.0
95.0	26.207634552978742	23.736830352611598	23.822380498046847	26.233154596362812	0.0
96.0	26.175154497762648	23.655920215064366	23.90648064101709	26.262444646155895	0.0
97.0	26.10758438289345	23.748430372331633	23.852830549811934	26.29115469496298	0.0
98.0	26.27752467179194	23.803820466494795	23.614160144072244	26.30449471764102	0.0
99.0	26.297534705809	23.665780231826396	23.752780379726644	26.28390468263796	0.0
100.0	26.26853465650892	23.870520579884985	23.649830204711346	26.21111455889475	0.0
101.0	26.147894451420566	23.728420338314578	23.752200378740643	26.37148483152421	0.0
102.0	26.267954655522914	23.70899030528352	23.80933047586181	26.21372456333176	0.0
103.0	26.21836457121977	23.883860602563026	23.769020407334693	26.12875441888251	0.0
104.0	26.235764600799822	23.908220643975095	23.744950366415623	26.111064388809464	0.0
105.0	26.261574644676895	23.79251044726776	23.700290290493495	26.24562461756185	0.0
106.0	26.189654522412688	23.700580290986494	23.784680433956737	26.32508475264408	0.0
107.0	26.30644843226188	23.636711635946035	23.711531546162146	26.34530838562994	0.0
108.0	26.167538598953684	23.857691370770358	23.800561439326273	26.174208590949693	0.0
109.0	26.36647836022597	23.750391499530203	23.679051585138097	26.20407855510574	0.0
110.0	26.210458547449743	23.71646154024615	23.74198150962219	26.331098402681917	0.0
111.0	26.244968506037793	23.711241546510145	23.74198150962219	26.301808437829877	0.0
112.0	26.302388437133878	23.684561578526107	23.87393135128238	26.139118633057638	0.0
113.0	26.222058533529758	23.920621295254445	23.72516152980616	26.13215864140963	0.0
114.0	26.246128504645792	23.7489415012702	23.72893152528217	26.275998468801838	0.0
115.0	26.27309847228183	23.689491572610113	23.774751470298234	26.26265848480982	0.0
116.0	26.308188430173885	23.63903163316204	23.812161425406288	26.240618511257786	0.0
117.0	26.264978482025818	23.734441518670177	23.696741563910123	26.303838435393878	0.0
118.0	26.28933845279386	23.802011437586277	23.67441159070609	26.234238518913777	0.0
119.0	26.321818413817905	23.770981474822232	23.663391603930076	26.24380850742979	0.0
120.0	26.220684575163776	23.729580340286578	23.821510496567843	26.228224587981803	0.0
121.0	26.17399449579064	23.655630214571367	23.906190640524088	26.264184649113904	0.0
122.0	26.10120437204743	23.741470360499616	23.849350543895927	26.30797472355703	0.0
123.0	26.277814672284943	23.79280044776076	23.616770148509254	26.312614731445045	0.0
124.0	26.310294727501038	23.651570207669355	23.75017037528964	26.287964689539972	0.0
125.0	26.272884663903927	23.860080562136957	23.652150208655353	26.21488456530376	0.0
126.0	26.148474452406568	23.72378033042656	23.756840386628657	26.370904830538212	0.0
127.0	26.274334666368933	23.7031902954235	23.814550484735825	26.20792455347174	0.0
128.0	26.216624568261764	23.88850061045104	23.772500413250704	26.122374408036492	0.0
129.0	26.243884614603846	23.89981062967807	23.74466036592262	26.11164438979546	0.0
130.0	26.267954655522914	23.781200428040727	23.708410304297516	26.242434612138844	0.0
131.0	26.20096454163972	23.701160291972496	23.78149042853373	26.316384737854055	0.0
132.0	26.2950009570044	23.641198749514245	23.716599096355843	26.347201197125507	0.0
133.0	26.15638031934947	23.856959742014812	23.80765951523377	26.17900042340195	0.0
134.0	26.368371294507952	23.751399256436578	23.67860892160104	26.201620527454427	0.0
135.0	26.21090057014262	23.714859088351805	23.745599229756458	26.328641111749114	0.0
136.0	26.239320700875226	23.702099029655535	23.748209241762513	26.310371027706726	0.0
137.0	26.30660101036465	23.680928932273087	23.873489818053162	26.138980239309102	0.0
138.0	26.216700596822744	23.916410015486072	23.729359155052112	26.137530232639072	0.0
139.0	26.238450696873205	23.740379205744347	23.73718919107028	26.28398090631217	0.0
140.0	26.28376712825346	23.67838758790691	23.77263829478721	26.26520698905242	0.0
141.0	26.29420720655405	23.63169723772928	23.817008627564707	26.257086928151963	0.0
142.0	26.265573161960887	23.732686819942927	23.699626476115352	26.302113541980837	0.0
143.0	26.288849641700235	23.806416625341118	23.682874982237266	26.22185875072138	0.0
144.0	26.326840146973957	23.763496054497523	23.667794781670594	26.241869016857923	0.0
145.0	26.218530773937783	23.72709318747988	23.83352522033171	26.22085081825063	0.0
146.0	26.176769976306545	23.648791691921318	23.911826715890275	26.262611615881866	0.0
147.0	26.10890868015579	23.73405332041842	23.854695624686432	26.302342374739357	0.0
148.0	26.291032158714234	23.78016420113624	23.61747109369789	26.311332546451638	0.0
149.0	26.318872690468385	23.642701575600096	23.75551373031225	26.28291200361927	0.0
150.0	26.269571748820404	23.868035879485298	23.653141775007903	26.209250596686395	0.0
151.0	26.148929444552394	23.71607297699386	23.748263591834604	26.38673398661914	0.0
152.0	26.2594215549517	23.69954266126483	23.825985076314957	26.215050707468514	0.0
153.0	26.21389068531209	23.895876411239456	23.76972400172843	26.120508901720026	0.0
154.0	26.233031050893075	23.907766638342792	23.74913360845192	26.110068702312216	0.0
155.0	26.27711189283715	23.779874195597138	23.709112844055323	26.23390106751039	0.0
156.0	26.189820225566308	23.702152711116785	23.795244489169743	26.312782574147164	0.0
157.0	26.29516849370686	23.64393016646366	23.72223188910156	26.338669450727913	0.0
158.0	26.165825648164258	23.85911490052781	23.80285366278058	26.172205788527346	0.0
159.0	26.367960095122093	23.755872629197842	23.67351081723798	26.202656458442085	0.0
160.0	26.204976509483206	23.71527173597819	23.74601241227307	26.333739342265527	0.0
161.0	26.242387332521318	23.708021576474682	23.749782495214895	26.29980859578911	0.0
162.0	26.31227887013514	23.676700887419525	23.87100516211357	26.140015080331768	0.0
163.0	26.2157067455484	23.911316048953076	23.732092106026332	26.14088509947219	0.0
164.0	26.243837364422017	23.734122150687316	23.73789223362914	26.28414825126153	0.0
165.0	26.291184650497794	23.673579472128857	23.77624202842651	26.258993848946837	0.0
166.0	26.300174874354372	23.631528425057784	23.816263024949322	26.252033675638526	0.0
167.0	26.263710131141643	23.729329675364973	23.713959248067095	26.293000945426282	0.0
168.0	26.288727063920863	23.801320700545507	23.68212704130017	26.22782519423346	0.0
169.0	26.32439815902348	23.76941972118544	23.66385648039395	26.24232563939713	0.0
170.0	26.224497194147588	23.720835810507086	23.846990415150152	26.207676580195177	0.0
171.0	26.17635543697345	23.647173121818945	23.921523135594448	26.25494830561316	0.0
172.0	26.116033235213088	23.73649638211795	23.847860446906314	26.299609935762657	0.0
173.0	26.3007699781042	23.776807853486652	23.608891724547945	26.3135304438612	0.0
174.0	26.321650740252018	23.641662920696604	23.74954685846033	26.287139480591044	0.0
175.0	26.275829067760974	23.854530690370197	23.65645346055131	26.213186781317514	0.0
176.0	26.152864579557157	23.715325609384745	23.74751678436263	26.384293026695477	0.0
177.0	26.261618549077042	23.701695111871583	23.834809970563924	26.201876368487447	0.0
178.0	26.21405681307368	23.887011875933474	23.789858329829038	26.109072981163813	0.0
179.0	26.240737786929223	23.902672447544333	23.742296593825674	26.11429317170077	0.0
180.0	26.262198570247815	23.775067789974333	23.71387555645781	26.24885808332004	0.0
181.0	26.177515479314994	23.697344953090788	23.80783898612299	26.317300581471226	0.0
182.0	26.297946139077883	23.64521162133788	23.724094729332336	26.332747510251902	0.0
183.0	26.158160631528883	23.855179894087826	23.8145782943848	26.17208117999849	0.0
184.0	26.37102901854333	23.754545929109607	23.67334272970355	26.201082322643508	0.0
185.0	26.20978266543702	23.722064649347185	23.726994843596838	26.341157841618962	0.0
186.0	26.251254299419397	23.694223552407966	23.74555557488965	26.308966573282987	0.0
187.0	26.304616401886232	23.68436316390866	23.87287059110129	26.138149843103818	0.0
188.0	26.229793453862083	23.903901813731462	23.734535140684542	26.131769591721916	0.0
189.0	26.238493796655586	23.739175323507748	23.73395511783164	26.288375762005025	0.0
190.0	26.304402676233206	23.666161078613627	23.77259558079307	26.256840664360105	0.0
191.0	26.293962234602525	23.63019955744128	23.824217764411433	26.25162044354476	0.0
192.0	26.263297101028964	23.72017215178126	23.717562033803926	26.298968713385847	0.0
193.0	26.296434858516694	23.793324458906472	23.678768948786434	26.231471733790396	0.0
194.0	26.332686602225568	23.75446258965056	23.67093857214532	26.24191223597855	0.0
195.0	26.224373493731314	23.725308794144002	23.836674796771547	26.213642915353137	0.0
196.0	26.180581133323088	23.642654339068876	23.92338947069247	26.25337505691557	0.0
197.0	26.11503760052667	23.740389606999816	23.84856543767709	26.296007354796423	0.0
198.0	26.294267261005366	23.772291326502497	23.612782728989092	26.32065868350304	0.0
199.0	26.321818746030413	23.631053713795175	23.754890388591946	26.29223715158247	0.0
200.0	26.274256182408234	23.856105844104995	23.655415026869946	26.21422294661682	0.0
201.0	26.149259445084088	23.706167762442394	23.74967010721878	26.394902685254735	0.0
202.0	26.2658457290848	23.68731674637263	23.84392518756761	26.202912336974965	0.0
203.0	26.2208933061492	23.894677923140055	23.77316137339803	26.111267397312716	0.0
204.0	26.24003433785081	23.900768251408753	23.734299278731125	26.124898132009317	0.0
205.0	26.267585822875855	23.776351545348295	23.705007699915026	26.25105493186083	0.0
206.0	26.180581133323088	23.698337340382647	23.81173345243309	26.309348073861184	0.0
207.0	26.287673139834343	23.64939328553862	23.72682768381244	26.336105890814597	0.0
208.0	26.159485858796778	23.855014964850003	23.808902345653234	26.17659683069998	0.0
209.0	26.377288229971462	23.74567875455326	23.66737430686063	26.209658708614647	0.0
210.0	26.215459038073362	23.717837173151434	23.733788079162895	26.332915709612305	0.0
211.0	26.25780144312197	23.693765805897776	23.74364863924271	26.304784111737543	0.0
212.0	26.31377462239855	23.67926498225099	23.87676620032018	26.130194195030278	0.0
213.0	26.228799795828404	23.899967518155034	23.73842834272987	26.132804343286697	0.0
214.0	26.252871163082066	23.72943783206886	23.74161852393216	26.276072480916916	0.0
215.0	26.309210659876392	23.672373240682468	23.773299265966177	26.245116833474956	0.0
216.0	26.306600504050092	23.628290608949353	23.82202217472383	26.243086712276725	0.0
217.0	26.274194764592263	23.71420450920228	23.720294890460142	26.291305835745316	0.0
218.0	26.288481895564157	23.806499325705836	23.672800568437232	26.232218210292775	0.0
219.0	26.33575499195197	23.757486115340555	23.672800568437232	26.23395832427024	0.0
220.0	26.22308970629606	23.729201892094906	23.84405008077076	26.203658320838276	0.0
221.0	26.17755645977558	23.644805874658864	23.92699599481443	26.250641670751122	0.0
222.0	26.118972282723757	23.731232036844226	23.849270452983298	26.300525227448716	0.0
223.0	26.300235206770246	23.77531517997233	23.61145349663431	26.312996116623115	0.0
224.0	26.340838101756653	23.609713372563466	23.753853649765226	26.295594875914652	0.0
225.0	26.268912973495013	23.847240308233978	23.662207115367327	26.221639602903686	0.0
226.0	26.16334544653034	23.699329762212045	23.745733070767947	26.39159172048967	0.0
227.0	26.26427264263942	23.69091916253629	23.841729915342963	26.20307827948133	0.0
228.0	26.233240430042663	23.88639309982802	23.767484621653523	26.112881848475794	0.0
229.0	26.232370368007242	23.89712386493157	23.744863008732523	26.12564275832867	0.0
230.0	26.27152315960128	23.78778606914673	23.69381936932103	26.24687140193096	0.0
231.0	26.1807466872388	23.688598997108492	23.824038653956027	26.306615661696682	0.0
232.0	26.27884989066189	23.660535611742393	23.72405032453408	26.33656417306164	0.0
233.0	26.16255126130359	23.851659793156653	23.811346801932704	26.174442143607056	0.0
234.0	26.3849977668343	23.73942146507271	23.675326709241826	26.20025405885117	0.0
235.0	26.21243496267423	23.70867918399545	23.735651185317952	26.343234668012368	0.0
236.0	26.257678319731326	23.682577247231745	23.754792605611335	26.304951827425594	0.0
237.0	26.315682623650677	23.66691608517352	23.87805175143996	26.13934953973585	0.0
238.0	26.223745801938502	23.894002935017777	23.740581551151095	26.141669711892625	0.0
239.0	26.235056641202775	23.722600216936097	23.73739131443553	26.304951827425594	0.0
240.0	26.2939298051238	23.67199078840894	23.768283239022807	26.26579616744445	0.0
241.0	26.316659608903226	23.611119167918694	23.82633261208792	26.245888611090162	0.0
242.0	26.280952422388715	23.702949562453046	23.716872170157473	26.299225845000766	0.0
243.0	26.296736765772298	23.789702683103698	23.66555474981871	26.248005801305297	0.0
244.0	26.340110637631298	23.753441108813007	23.692233609588982	26.21421464396671	0.0
245.0	26.23685111370269	23.716152315306378	23.826971390112153	26.220025180878775	0.0
246.0	26.16024696229415	23.630276091775272	23.932886139705456	26.27659080622512	0.0
247.0	26.128285331275137	23.72982665869695	23.85198382070462	26.289904189323288	0.0
248.0	26.302379570516543	23.78554846198491	23.601567034242603	26.310504933255952	0.0
249.0	26.338653511317467	23.626813697040046	23.757109692396984	26.2774230992455	0.0
