# Position (bp)	A	C	G	T	N
0.0	26.509286193779367	22.66460239608595	26.40030722152002	24.42005890428356	0.0057452843310977116
1.0	25.823904011417998	21.9130587289012	24.183413666519506	28.07956311648413	6.0476677169449605E-5
2.0	27.34173111964638	22.31031652868921	25.359064934373777	24.988887417290634	0.0
3.0	28.148489505186173	23.45749792413931	22.49610076859763	25.89791180207689	0.0
4.0	27.85941116314118	23.850898471211003	22.730145367701	25.55954499794682	0.0
5.0	27.09746596828242	23.529223219885203	24.897930549835472	24.460503008410488	0.01487725358641598
6.0	26.618490974768537	23.793989952410932	24.9830211831529	24.6035907400587	9.071496089278035E-4
7.0	25.784639054242103	24.423975117490993	24.77594916575498	25.014529512902996	9.071496089278035E-4
8.0	25.679107316403503	24.656386847298297	24.711904403364677	24.952238573089954	3.628598435711214E-4
9.0	25.910793326523663	24.572082410308607	24.447319100760737	25.069563255844614	2.419065623807476E-4
10.0	25.622138320962833	24.596212589906084	24.49842186206367	25.28298532050503	2.419065623807476E-4
11.0	25.94199927307078	24.325398193320837	24.5231568080671	25.20932477226009	1.209532811903738E-4
12.0	26.286837077744536	23.895711661892037	24.291289368025154	25.526040939057083	1.209532811903738E-4
13.0	26.000661614448113	24.15902695504348	24.020898307924075	25.81929216930315	1.209532811903738E-4
14.0	25.941636413227208	24.311246659421563	24.477073607933566	25.26986188949587	1.814299217855607E-4
15.0	26.203318837082584	24.10447702522662	24.70621959914873	24.985984538542066	0.0
16.0	25.90867664410283	24.372932832828656	24.71474680547265	25.003643717595857	0.0
17.0	25.785969540335195	24.547468417586366	24.946553768874004	24.719947796563837	6.04766405951869E-5
18.0	25.922646748080318	24.388898665945785	24.77201818411629	24.916375925217004	6.04766405951869E-5
19.0	25.784336671039128	24.578492934211695	24.547166034383388	25.08994388372519	6.04766405951869E-5
20.0	25.900996110747244	24.514690078383776	24.58405678514645	25.000257025722526	0.0
21.0	26.065250666603774	24.08064922883212	24.405227358906487	25.448872745657624	0.0
22.0	25.775204698309256	24.228333185165564	24.30477565887788	25.6916864576473	0.0
23.0	25.804173009154347	24.399119218206373	24.39210392789733	25.404603844741946	0.0
24.0	25.830601301094447	24.192107677449044	24.516443900961036	25.460847120495472	0.0
25.0	25.728819114972744	24.367127075331517	24.540997417042682	25.36299591601246	6.04766405951869E-5
26.0	25.775567558152822	24.41145645288779	24.716077291565746	25.096777744112448	1.209532811903738E-4
27.0	25.82038074883386	24.267038235146483	24.545230781884346	25.36728975749472	6.04766405951869E-5
28.0	25.59988291722381	24.491588001676412	24.388596282742807	25.51938850859161	5.442897653566822E-4
29.0	25.647901369856385	24.533256407046498	24.476468841527616	25.341950045085337	4.2333648416630835E-4
30.0	25.63707605118985	24.276472591079333	24.35817653252343	25.72779101208263	4.838131247614952E-4
31.0	25.32429086603154	24.38454434782293	24.24810904664019	26.042209066537005	8.466729683326167E-4
32.0	25.429641173948358	24.383153385089244	24.27925451654671	25.907527587931522	4.2333648416630835E-4
33.0	25.575389877782754	24.118991418969465	24.2266398392289	26.07831362097233	6.65243046547056E-4
34.0	25.334813801495105	24.33017584792786	24.182370938313223	26.151732262654885	9.071496089278035E-4
35.0	25.435864956633413	24.39867045946072	24.247613882402757	25.917729370919123	1.2133058398230031E-4
36.0	25.633705379979638	24.173369514910284	24.2009563433872	25.991968761722877	0.0
37.0	25.436940249652174	24.296117187968434	24.152703627066003	26.114177752053614	6.118325977066067E-5
38.0	25.493409719556254	24.30947248225694	24.313225349201193	25.88389244898562	0.0
39.0	25.61019634894618	24.165119128928726	24.179113534881676	26.045570987243416	0.0
40.0	25.32613590857091	24.413130018974954	24.109044228732397	26.151689843721737	0.0
41.0	25.388114006582285	24.446699638924212	24.20604536128656	25.95914099320694	0.0
42.0	25.574345853444996	24.143333750550376	24.105847752206113	26.176409108208098	6.353559041400426E-5
43.0	25.331613132040655	24.307073920896013	24.089264568971995	26.272048378091334	0.0
44.0	25.482446351289006	24.345475640013717	24.129507815900933	26.042570192796344	0.0
45.0	25.606554543229276	24.107594690334384	24.01060666340734	26.275244103028996	0.0
46.0	25.460858052905717	24.259015826690305	23.991418666945385	26.288640453668975	6.699978962066059E-5
47.0	25.568410983692335	24.364412553414144	24.031527971570593	26.035648491322927	0.0
48.0	25.667010342181474	24.14045273582824	23.940214336958345	26.252322585031933	0.0
49.0	25.478262223121583	24.303461431241892	23.944030690290983	26.274245655345542	0.0
50.0	25.580872633344683	24.362357270727948	24.05086253686804	26.005907559059327	0.0
51.0	25.76676096484257	24.12867820174586	23.93944120384299	26.16511962956858	0.0
52.0	25.573121093732258	24.36012515193669	23.854930922730638	26.21182283160041	0.0
53.0	25.640575804057704	24.416014084594508	23.94955504356412	25.99385506778366	0.0
54.0	25.86373320856412	24.187160195857906	23.766701764650087	26.182404830927887	0.0
55.0	25.58974174000866	24.322461011791553	23.7857583190147	26.302038929185084	0.0
56.0	25.66761545889805	24.366233801314127	23.904668327897195	26.06148241189063	0.0
57.0	25.907582426766584	24.074309453831262	23.741833934615762	26.27627418478639	0.0
58.0	25.654669043904615	24.26580012509256	23.73990812167049	26.33962270933234	0.0
59.0	25.836860902884368	24.4313768484898	23.767239873490638	25.964522375135186	0.0
60.0	26.061373153621393	24.18926691147193	23.58632655534375	26.16303337956293	0.0
61.0	25.825681213172615	24.28229593515389	23.66843139014347	26.223591461530027	0.0
62.0	25.78901393698652	24.4524459587293	23.690393145975083	26.068146958309097	0.0
63.0	25.962516782606166	24.22875378584372	23.585335312972052	26.223394118578064	0.0
64.0	25.816704847552913	24.39915538798804	23.490435351764763	26.293704412694286	0.0
65.0	25.756160845249852	24.536906633317944	23.62842666884836	26.078505852583845	0.0
66.0	26.0609739301285	24.207598522272562	23.503228110461468	26.228199437137466	0.0
67.0	25.788226138308666	24.391075120869395	23.495077481033487	26.325621259788452	0.0
68.0	26.005012771137494	24.370945064174634	23.532781024827305	26.091261139860567	0.0
69.0	26.132743178069607	24.13289628438803	23.29651822313158	26.437842314410787	0.0
70.0	25.854820729903604	24.452718012983514	23.143875090163277	26.548586166949605	0.0
71.0	25.739996240997876	24.484550654081648	23.420569687468006	26.35488341745247	0.0
72.0	25.929411537589104	24.391291547820714	23.298310979837613	26.380985934752566	0.0
73.0	24.876774583299007	24.685414778812092	23.495036658703352	26.942773979185546	0.0
74.0	22.142215993197066	26.169057667475037	23.43626972378823	28.252456615539668	0.0
75.0	19.420492153905037	27.326811806290387	23.33734831258302	29.915347727221558	0.0
