# Position (bp)	A	C	G	T	N
0.0	26.276056400528063	23.7710919559357	23.71340455508592	26.23944708845032	0.0
1.0	26.11658401837122	23.718396734005616	23.897837831841226	26.26718141578194	0.0
2.0	26.14824428581729	23.802115398481394	23.698952284286484	26.350688031414833	0.0
3.0	26.083423919071812	23.850855203318766	23.761286243538834	26.30443463407059	0.0
4.0	26.001214517645167	23.802327548199436	23.836433865632202	26.360024068523195	0.0
5.0	26.18304926841847	23.681226206617367	23.91718447167253	26.218540053291633	0.0
6.0	26.355873464748118	23.738667553855112	23.78801741107322	26.117441570323546	0.0
7.0	26.026895983899003	23.83019657742922	23.848770386141165	26.294137052530616	0.0
8.0	26.234493464731727	23.760655328703898	23.792257474323257	26.212593732241118	0.0
9.0	26.35216046302764	23.69440840900775	23.707713801017864	26.245717326946743	0.0
10.0	26.23683750994376	23.73087125359292	23.851443681589004	26.180847554874315	0.0
11.0	26.362603248517104	23.67925051277787	23.63933699207273	26.318809246632295	0.0
12.0	26.22540052109319	23.773490769998336	23.74715893342203	26.253949775486447	0.0
13.0	26.172736847940577	23.717778147347417	23.79594212539498	26.313542879317037	0.0
14.0	26.237319141859306	23.881035534120517	23.754919895781363	26.126725428238817	0.0
15.0	26.20987859637452	23.81562170852043	23.787903985808526	26.186595709296522	0.0
16.0	26.167470480625312	23.820333721381452	23.751870946283056	26.26032485171018	0.0
17.0	26.270784769707937	23.639271469395563	23.883186753182677	26.206757007713822	0.0
18.0	26.257203123224336	23.76427805233646	23.875980165252606	26.102538659186596	0.0
19.0	26.486428054692457	23.8086262857523	23.549189120269638	26.15575653928561	0.0
20.0	26.237800771104908	23.77481075777272	23.75014205293516	26.237246418187212	0.0
21.0	26.21479512502044	23.845490754779213	23.66698911528046	26.272725004919884	0.0
22.0	26.177930655993524	23.84576793123806	23.817495932435467	26.15880548033294	0.0
23.0	26.36197582466926	23.706348172437018	23.70607099597817	26.225605006915554	0.0
24.0	26.22144736003282	23.835235225801803	23.742381112087386	26.20093630207799	0.0
25.0	26.282426180979595	23.765109581713006	23.706902525354717	26.245561711952682	0.0
26.0	26.12221818776488	23.723255936426806	23.907023928643692	26.247501947164626	0.0
27.0	26.146609716143587	23.82193075577705	23.704685113683922	26.326774414395437	0.0
28.0	26.095886424174218	23.845490754779213	23.76372369941876	26.2948991216278	0.0
29.0	25.985293017093475	23.81666440305892	23.831077578919064	26.366965000928545	0.0
30.0	26.174881714946185	23.684451232187946	23.921991457421537	26.21867559544433	0.0
31.0	26.35892688362192	23.731571230192277	23.782848875079342	26.12665301110646	0.0
32.0	26.04072830886327	23.83800699039029	23.8222079322359	26.299056768510535	0.0
33.0	26.246670417788074	23.757071464406383	23.78340322799704	26.2128548898085	0.0
34.0	26.352829001527244	23.692766525953417	23.709397113484357	26.245007359034982	0.0
35.0	26.228931124421738	23.714940642661336	23.86378440106325	26.19234383185367	0.0
36.0	26.35580489048788	23.686602990171348	23.632276554817036	26.325315564523727	0.0
37.0	26.223592086079684	23.77308180563332	23.751184926077244	26.252141182209755	0.0
38.0	26.167325420891284	23.7303967492835	23.79747326640464	26.304804563420568	0.0
39.0	26.22414643746085	23.891713001202945	23.74758164209966	26.136558919236546	0.0
40.0	26.22303773469852	23.829625646512298	23.77585356253915	26.171483056250032	0.0
41.0	26.16843412365362	23.81438098353022	23.761440426628823	26.255744466187338	0.0
42.0	26.260660840449802	23.653276346169307	23.88804350537581	26.198019308005087	0.0
43.0	26.236269447285487	23.766086539554248	23.887211980608843	26.110432032551422	0.0
44.0	26.494596474889338	23.804059503912324	23.552661849366515	26.148682171831823	0.0
45.0	26.236269447285487	23.776896361524795	23.746407120069403	26.240427071120315	0.0
46.0	26.208551955053316	23.839260719047182	23.681548188246122	26.270639137653383	0.0
47.0	26.186377961267578	23.842863993037366	23.813483451271264	26.157274594423797	0.0
48.0	26.36376991155348	23.71203742970151	23.707879805866686	26.21631285287832	0.0
49.0	26.219916126868505	23.85173359055166	23.738923397166715	26.189426885413113	0.0
50.0	26.28726963299269	23.77135286307836	23.706493931255075	26.23488357267388	0.0
51.0	26.11736140560947	23.7234016015167	23.910771849006192	26.248465143867644	0.0
52.0	26.145633247686284	23.825124798008776	23.712868954468476	26.316372999836467	0.0
53.0	26.109046157939815	23.825956322775742	23.754722367739056	26.310275151545387	0.0
54.0	25.979328294293246	23.80821712774715	23.839537893969506	26.3729166839901	0.0
55.0	26.167252891627378	23.69457540959524	23.914375122996372	26.223796575781012	0.0
56.0	26.356009013728475	23.73753752255511	23.783271384738196	26.123182078978225	0.0
57.0	26.031991529534377	23.843972692726652	23.834825920290037	26.289209857448938	0.0
58.0	26.25844344107123	23.7552767175837	23.775233311990863	26.21104652935421	0.0
59.0	26.356286188650795	23.681548188246122	23.703445007109536	26.258720615993546	0.0
60.0	26.224905275470295	23.724233126283668	23.867532561124	26.18332903712204	0.0
61.0	26.368408798616343	23.68148254911526	23.640460774313716	26.309647877954678	0.0
62.0	26.211805401569915	23.76186305379396	23.756873919020798	26.269457625615328	0.0
63.0	26.174941239079335	23.730542374384672	23.790134817508537	26.304381569027452	0.0
64.0	26.215963013880884	23.88825446804736	23.751884784247636	26.14389773382412	0.0
65.0	26.235642378819463	23.83365115969666	23.764080447026476	26.166626014457407	0.0
66.0	26.163577098762698	23.815080491374342	23.768792407645574	26.252550002217394	0.0
67.0	26.26689025319789	23.655362612081987	23.874052413487256	26.203694721232868	0.0
68.0	26.238064221073493	23.770943913965382	23.886525215848774	26.10446664911235	0.0
69.0	26.505259364995776	23.800047119475586	23.538949790041162	26.15574372548748	0.0
70.0	26.225591418711975	23.769280873650512	23.7690037002647	26.236124007372812	0.0
71.0	26.223928378397105	23.842454647504745	23.672824535388113	26.260792438710034	0.0
72.0	26.197319733359205	23.83219923222972	23.81141122829386	26.15906980611722	0.0
73.0	26.366672672090026	23.702482087669942	23.71717227711795	26.213672963122082	0.0
74.0	26.208961015563286	23.843286167662182	23.741009188297742	26.206743628476794	0.0
75.0	26.280748922488463	23.771498260737005	23.712183156173346	26.235569660601186	0.0
76.0	26.131629640921876	23.71689510373214	23.900938231910974	26.25053702343501	0.0
77.0	26.138836148952976	23.812242748451293	23.73158529318015	26.31733580941558	0.0
78.0	26.100309048325183	23.832753579001345	23.757085244674805	26.309852127998667	0.0
79.0	25.978629931953932	23.798106905774908	23.854650276480452	26.368612885790704	0.0
80.0	26.180966503596327	23.699156007040205	23.919786022146152	26.20009146721732	0.0
81.0	26.338955333508878	23.757085244674805	23.789237357428938	26.11472206438738	0.0
82.0	26.042102637304765	23.849661155535845	23.819172083096582	26.289064124062804	0.0
83.0	26.26827612012694	23.757916764832242	23.769835220422138	26.20397189461868	0.0
84.0	26.37110744626301	23.665340853971202	23.689732111922613	26.273819587843178	0.0
85.0	26.216444696980197	23.718280970661194	23.86906329254265	26.19621103981596	0.0
86.0	26.365490900422966	23.697981628998907	23.62563957581503	26.310887894763102	0.0
87.0	26.22662741902402	23.744823801367016	23.756742223922213	26.27180655568675	0.0
88.0	26.199464502502867	23.70934570631898	23.774758444063792	26.316431347114356	0.0
89.0	26.22967631781721	23.880915556590335	23.74038903948601	26.149019086106446	0.0
90.0	26.249909918899295	23.824372342607532	23.752030289423647	26.173687449069533	0.0
91.0	26.16481792530752	23.810513711729392	23.77337258097598	26.251295781987103	0.0
92.0	26.25427191112762	23.67241613472769	23.864219054455955	26.209092899688734	0.0
93.0	26.25870666071671	23.779681640413873	23.87419724103141	26.087414457838005	0.0
94.0	26.504003747363402	23.810447715688206	23.536601928561726	26.148946608386662	0.0
95.0	26.22600038249715	23.756122033221818	23.764714360550684	26.253163223730347	0.0
96.0	26.21519068037374	23.83539318212685	23.674633509522238	26.27478262797717	0.0
97.0	26.207707040442145	23.82236610520889	23.802132560208655	26.16779429414031	0.0
98.0	26.349619027293116	23.70678544404316	23.723692926851577	26.21990260181215	0.0
99.0	26.21823957071624	23.838164900620036	23.737551519317492	26.206044009346236	0.0
100.0	26.269793534689445	23.77386103157819	23.713991912125437	26.24235352160693	0.0
101.0	26.143125999550982	23.717040802467938	23.885284115004144	26.254549082976936	0.0
102.0	26.154212873523715	23.78827396774274	23.728959191988626	26.328553966744924	0.0
103.0	26.112359924276653	23.812110746784114	23.75085576808477	26.324673560854468	0.0
104.0	25.993730372768418	23.798806498016837	23.849251774592766	26.35821135462198	0.0
105.0	26.189968042085777	23.703182210002023	23.91355564363461	26.19329410427759	0.0
106.0	26.32689093564901	23.755013345824544	23.800746700962065	26.11734901756438	0.0
107.0	26.04861039893344	23.84176813466117	23.829849745140486	26.2797717212649	0.0
108.0	26.260369691812617	23.7497470806875	23.774969718975463	26.21491350852442	0.0
109.0	26.36791236934812	23.67574219691951	23.685166039796336	26.271179393936034	0.0
110.0	26.219625429962832	23.718426661714528	23.862001679661407	26.19994622866123	0.0
111.0	26.37504573322838	23.69175249731144	23.62689446433917	26.306307305121013	0.0
112.0	26.229530915662387	23.745800858121665	23.743306318391962	26.281361907823985	0.0
113.0	26.21151479539231	23.69175249731144	23.778507045688883	26.318225661607368	0.0
114.0	26.242280785391976	23.88854396487688	23.72944776433806	26.13972748539308	0.0
115.0	26.260296905662052	23.81786533920197	23.76298546514851	26.158852289987472	0.0
116.0	26.15081432863621	23.812321917580405	23.77712119028349	26.259742563499895	0.0
117.0	26.258429488867392	23.676573712467466	23.8664364292505	26.198560369414643	0.0
118.0	26.251500192634435	23.784947905550922	23.881403709113687	26.082148192700956	0.0
119.0	26.50594395030863	23.80795316904434	23.54131385000014	26.14478903064689	0.0
120.0	26.207984212291464	23.761388298358867	23.75418183027659	26.276445659073083	0.0
121.0	26.209647243387373	23.829572573291166	23.67574219691951	26.28503798640195	0.0
122.0	26.19745168201737	23.812665090482753	23.809893371989567	26.179989855510318	0.0
123.0	26.33215720078606	23.712606052878847	23.72119838020771	26.234038366127383	0.0
124.0	26.246233927497386	23.818208527469118	23.735888488221583	26.199669056811913	0.0
125.0	26.269239190990806	23.763051329454775	23.7164864587693	26.25122302078512	0.0
126.0	26.16502257564713	23.728127676440668	23.87419724103141	26.232652506880793	0.0
127.0	26.18387026140077	23.782730530756375	23.71676363061862	26.316635577224233	0.0
128.0	26.117903361263018	23.800746700962065	23.75473617397523	26.326613763799696	0.0
129.0	25.986523904686145	23.816822668222525	23.847311571647538	26.349341855443793	0.0
130.0	26.202440775305096	23.692926851577244	23.902468769661876	26.20216360345578	0.0
131.0	26.33686912222447	23.733393941577717	23.80767599719502	26.12206093900279	0.0
132.0	26.05394887828242	23.85652436624481	23.8313016580466	26.258225097426173	0.0
133.0	26.250187091516853	23.76616609291935	23.765888920301787	26.21775789526201	0.0
134.0	26.36161048377709	23.66915567677238	23.698813146851595	26.27042069259894	0.0
135.0	26.233075100128882	23.72493313192067	23.855481796637886	26.186509971312553	0.0
136.0	26.369517495232603	23.696172779280676	23.637411858619007	26.29689786686771	0.0
137.0	26.229544547430038	23.73275976761719	23.747449997782606	26.29024568717016	0.0
138.0	26.20598474433456	23.69506408266442	23.783759811965055	26.315191361035968	0.0
139.0	26.24395760344139	23.90100447913433	23.71557497006519	26.139462947359082	0.0
140.0	26.26751740653688	23.80205330613331	23.756596744866734	26.17383254246308	0.0
141.0	26.16385427291676	23.796786997206084	23.763526098718344	26.275832631158806	0.0
142.0	26.272025012264987	23.66574921767378	23.85117924070702	26.21104652935421	0.0
143.0	26.242367295576564	23.78299420981587	23.88859785522045	26.086040639387107	0.0
144.0	26.495150824733983	23.816809550339123	23.557373823045985	26.13066580188091	0.0
145.0	26.20273128168456	23.764977839864958	23.754722367739056	26.277568510711426	0.0
146.0	26.212300536890805	23.829137343707124	23.684451232187946	26.274110887214125	0.0
147.0	26.188740537888638	23.84133310789648	23.820822049941654	26.14910430427323	0.0
148.0	26.353456400022175	23.726370641388105	23.706691058262653	26.213481900327068	0.0
149.0	26.228172293364377	23.828926215422143	23.756305781916957	26.186595709296522	0.0
150.0	26.28804257442209	23.771550529408504	23.730805477022006	26.209601419147404	0.0
151.0	26.14786337342251	23.721170023754155	23.885813753017775	26.24515284980556	0.0
152.0	26.17447246098027	23.79046452260248	23.719229777786403	26.315833238630855	0.0
153.0	26.103514894159584	23.80570931234911	23.76385543504472	26.326920358446582	0.0
154.0	25.979893508214168	23.83065533193451	23.841188095759456	26.34826306409187	0.0
155.0	26.20329897250117	23.675158476518867	23.902444432741373	26.219098118238588	0.0
156.0	26.319436552570963	23.745561687348765	23.813470296220125	26.121531463860148	0.0
157.0	26.055080963916872	23.841531357233535	23.837096497014784	26.26629118183481	0.0
158.0	26.248274562196144	23.76142669453237	23.756437476786278	26.23386126648521	0.0
159.0	26.381320368758626	23.67827306543082	23.69379507619644	26.246611489614114	0.0
160.0	26.2350426995069	23.711600240591835	23.85628795627216	26.19706910362911	0.0
161.0	26.362618355988204	23.688937179856755	23.64292525001663	26.30551921413841	0.0
162.0	26.226800008869773	23.74381887930461	23.736612191498327	26.29276892032729	0.0
163.0	26.189103488036896	23.708616981173915	23.793988513648358	26.308291017140828	0.0
164.0	26.231512073973878	23.903197551943588	23.728573962791316	26.136716411291218	0.0
165.0	26.26477371000288	23.811173692263342	23.746036321706544	26.178016276027233	0.0
166.0	26.154178770206443	23.80729316805996	23.761004057919596	26.277524003814	0.0
167.0	26.276210934793156	23.665442450280647	23.85836047397963	26.199986140946574	0.0
168.0	26.247938465802783	23.796549095696765	23.862795371076157	26.092717067424292	0.0
169.0	26.51264638625182	23.814288684082875	23.54902640149678	26.124038528168526	0.0
170.0	26.2052525812487	23.754694754348275	23.7657819970896	26.27427066731342	0.0
171.0	26.211773053970226	23.83604094541443	23.688302616880975	26.26388338373437	0.0
172.0	26.196528010688162	23.840475867096483	23.82689391944519	26.13610220277016	0.0
173.0	26.354040779217904	23.74352776823035	23.70610801281696	26.19632343973479	0.0
174.0	26.219606843103122	23.826128413513246	23.74574523521781	26.20851950816582	0.0
175.0	26.293337620436176	23.771246105573603	23.723847748716643	26.21156852527358	0.0
176.0	26.136524277173056	23.721696034326484	23.89937106918239	26.24240861931807	0.0
177.0	26.1639655072054	23.797644489163485	23.7394358193979	26.298954184233214	0.0
178.0	26.09633257662063	23.797367305021744	23.780736256517294	26.325563861840333	0.0
179.0	25.980469605372935	23.82286824606191	23.860288105196926	26.33637404336823	0.0
180.0	26.205543128466534	23.690928594593245	23.8899468083632	26.21358146857702	0.0
181.0	26.31613960102115	23.748582896075348	23.81261243281749	26.12266507008601	0.0
182.0	26.04734318263714	23.847326551542533	23.844831887352054	26.260498378468277	0.0
183.0	26.27269451451063	23.75835019541536	23.754469606674615	26.214485683399396	0.0
184.0	26.37636167087064	23.68129279042049	23.707902541785625	26.234442996923246	0.0
185.0	26.21594427459122	23.728479996895523	23.864300979297003	26.19127474921626	0.0
186.0	26.362371385488736	23.704707734610608	23.64594420791201	26.286976671988647	0.0
187.0	26.21463100940216	23.739078854000358	23.75848190526876	26.287808231328718	0.0
188.0	26.18497205960617	23.72383359943232	23.77317278694341	26.318021554018095	0.0
189.0	26.227935958843357	23.882661433386552	23.74767163384779	26.1417309739223	0.0
190.0	26.25787209508604	23.81419638105375	23.758204718822068	26.16972680503814	0.0
191.0	26.160856838744014	23.827501330494943	23.758204718822068	26.253437111938975	0.0
192.0	26.248520513239846	23.68841939534381	23.857226409289098	26.205833682127246	0.0
193.0	26.23660146299412	23.797631158060465	23.859166719794217	26.106600659151198	0.0
194.0	26.518223673451285	23.80594677451097	23.552320472770514	26.123509079267226	0.0
195.0	26.220247417308123	23.75023214429258	23.75438995251783	26.27513048588147	0.0
196.0	26.21207711391072	23.82991698196887	23.691322606128644	26.266683297991765	0.0
197.0	26.215680567682565	23.836569512009202	23.82160131941846	26.126148600889778	0.0
198.0	26.355456752891087	23.730749187834707	23.7277001031145	26.186093956159706	0.0
199.0	26.222682972802165	23.828319898881265	23.77094166823741	26.178055460079165	0.0
200.0	26.271745517845464	23.775931079597743	23.736015788715058	26.21630761384174	0.0
201.0	26.13987576331276	23.731092157455173	23.902950136239028	26.226081942993044	0.0
202.0	26.182285877431998	23.800944110122156	23.732478108896977	26.28429190354887	0.0
203.0	26.116591779090427	23.80399320329413	23.758256805714556	26.321158211900887	0.0
204.0	25.982986060100398	23.82284214290268	23.850283981450428	26.343887815546495	0.0
205.0	26.190324395794466	23.70143279660054	23.897683520760165	26.210559286844827	0.0
206.0	26.307853078059555	23.73580439235731	23.82533685549793	26.131005674085202	0.0
207.0	26.04237696874948	23.839262450036312	23.846746608567422	26.271613972646783	0.0
208.0	26.254705318187614	23.75749108830753	23.776894462277067	26.210909131227787	0.0
209.0	26.38914298069087	23.679323210315943	23.69650905583182	26.235024753161362	0.0
210.0	26.218743156826818	23.699623850693396	23.85984072557732	26.221792266902465	0.0
211.0	26.344384078057438	23.712163210999	23.643419447832354	26.30003326311121	0.0
212.0	26.22325091473556	23.73766492959308	23.731012307351147	26.308071848320214	0.0
213.0	26.198303581328307	23.696086040580997	23.793935026056104	26.31167535203459	0.0
214.0	26.257899988912296	23.874875263332964	23.73544738884577	26.13177735890897	0.0
215.0	26.254850870384743	23.829970063199912	23.759840337066194	26.155338729349154	0.0
216.0	26.162268544184496	23.825257789111877	23.756236833351814	26.256236833351814	0.0
217.0	26.264348221388794	23.66316571450747	23.86302212834607	26.209463935757665	0.0
218.0	26.246330652873525	23.79899046177642	23.86219054826075	26.092488337089303	0.0
219.0	26.499685385534388	23.81534487012105	23.555337496777625	26.129632247566935	0.0
220.0	26.211681482651855	23.748541269933668	23.767113225172483	26.272664022241994	0.0
221.0	26.212658382235134	23.837929686742047	23.69600589870744	26.25340603231538	0.0
222.0	26.226795322058894	23.844582364306167	23.80716105300798	26.121461260626962	0.0
223.0	26.337191897016265	23.732384215369944	23.719910410360466	26.210513477253322	0.0
224.0	26.223541673596557	23.845202851789022	23.74957034671634	26.18168512789808	0.0
225.0	26.272050915300092	23.774795152402177	23.728780671700537	26.22437326059719	0.0
226.0	26.156532826987842	23.728292054164182	23.897936272539535	26.217238846308437	0.0
227.0	26.1784313453729	23.792601627143075	23.739934304444844	26.28903272303918	0.0
228.0	26.106637468642152	23.79953153802442	23.773752269545813	26.32007872378761	0.0
229.0	25.97358317972031	23.821430056409472	23.853862039334174	26.35112472453604	0.0
230.0	26.210863328297595	23.690316142534407	23.90181702263309	26.197003506534905	0.0
231.0	26.3009521697551	23.732172804257736	23.815054538398638	26.15182048758853	0.0
232.0	26.039073717824333	23.8306435964674	23.84866141470365	26.281621271004617	0.0
233.0	26.26914739684106	23.76522505640963	23.761898689966017	26.203728856783293	0.0
234.0	26.392500152458464	23.67374997921021	23.688995825410114	26.244754042921215	0.0
235.0	26.20795946256857	23.70624776509135	23.867576984806778	26.2182157875333	0.0
236.0	26.358551026744138	23.6891271566062	23.643666563179135	26.30865525347053	0.0
237.0	26.223832438905397	23.74595289839003	23.7326473588504	26.29756730385417	0.0
238.0	26.18585621146938	23.708253869694413	23.788087106932185	26.317802811904023	0.0
239.0	26.23990996584912	23.862099170621367	23.757872444227612	26.140118419301906	0.0
240.0	26.24393245936723	23.812757983095437	23.777551693644295	26.16575786389304	0.0
241.0	26.148369729448	23.830976388037936	23.757786790941125	26.26286709157294	0.0
242.0	26.26000210716603	23.675396618553044	23.865873337141018	26.19872793713991	0.0
243.0	26.245567142369943	23.808639185491003	23.858547824953767	26.087245847185294	0.0
244.0	26.491865827045885	23.812455114394172	23.56622550528368	26.129453553276267	0.0
245.0	26.213928775450213	23.75445777385845	23.738651048512782	26.292962402178553	0.0
246.0	26.234327377205126	23.807133487344036	23.688158832550798	26.270380302900044	0.0
247.0	26.228266989119973	23.834273051759858	23.803765714745307	26.133694244374862	0.0
248.0	26.364897098796252	23.739668275364732	23.701392355910578	26.194042269928442	0.0
249.0	26.217063293947966	23.84978088422921	23.746324957008934	26.186830864813892	0.0
