# Position (bp)	A	C	G	T	N
0.0	26.206614436028303	23.850275782105047	23.77848574493677	26.16462403692988	0.0
1.0	26.233975921892437	23.674187011692293	23.83483415146885	26.257002914946415	0.0
2.0	26.227261029162776	23.806195565308087	23.755265688704675	26.211277716824466	0.0
3.0	26.32883547931809	23.75690458065932	23.60276210316439	26.3114978368582	0.0
4.0	26.146306841269755	23.721494709353042	23.810349404836078	26.321849044541125	0.0
5.0	26.2532981530343	23.620193636122295	23.73613692143488	26.390371289408527	0.0
6.0	26.272575327845093	23.684488545399876	23.78851045501459	26.254425671740446	0.0
7.0	26.18365235105132	23.74374922119224	23.774088862642692	26.298509565113747	0.0
8.0	26.186677357575693	23.812374546607035	23.779868404300565	26.221079691516707	0.0
9.0	26.16336868338006	23.699700675849552	23.83107824414557	26.305852396624818	0.0
10.0	26.308489947611648	23.782526018105678	23.62541512490316	26.283568909379518	0.0
11.0	26.265690773256477	23.844828613685983	23.711013473613495	26.178467139444045	0.0
12.0	26.223704241452356	23.73945596290016	23.879772243381026	26.15706755226646	0.0
13.0	26.234539475466324	23.786860111711263	23.876521673176835	26.102078739645577	0.0
14.0	26.217203101043975	23.773045188343456	23.731871299090383	26.277880411522187	0.0
15.0	26.327993368836783	23.728349848035844	23.66117139714925	26.28248538597812	0.0
16.0	26.197157918118137	23.692593575789754	23.84022363923005	26.270024866862062	0.0
17.0	26.252146730739017	23.679320414122643	23.809072341439894	26.259460513698446	0.0
18.0	26.255397300943205	23.71670197147083	23.806092652086054	26.221808075499908	0.0
19.0	26.213681649989436	23.883293694435565	23.76735669048612	26.135667965088878	0.0
20.0	26.247541756283084	23.722661350178512	23.79796622657558	26.23183066696283	0.0
21.0	26.310856604192683	23.839617300571287	23.677360110735794	26.17216598450024	0.0
22.0	26.414874568962016	23.626976409050645	23.729098213003873	26.229050808983466	0.0
23.0	26.436003218055788	23.70986572472621	23.58173942958065	26.272391627637358	0.0
24.0	26.203317197907722	23.789233598886142	23.690091476215372	26.317357726990764	0.0
25.0	26.206838639423353	23.85289042628404	23.76918847025872	26.17108246403389	0.0
26.0	26.239344253413766	23.671942508404058	23.825531534508773	26.263181703673403	0.0
27.0	26.22877992886688	23.80386112518183	23.756457104779138	26.210901841172152	0.0
28.0	26.328463811770824	23.75970766617818	23.596366955876338	26.31546156617466	0.0
29.0	26.146432373424496	23.72503501125507	23.80304848483207	26.32548413048837	0.0
30.0	26.258034981458255	23.620204406135976	23.73234877440291	26.389411838002857	0.0
31.0	26.273475148103703	23.691174996681717	23.782190715854885	26.253159139359695	0.0
32.0	26.187877031262275	23.74860158139812	23.767021429326025	26.29649995801358	0.0
33.0	26.189702249382396	23.813548303211547	23.77345815455294	26.22329129285312	0.0
34.0	26.165864863693493	23.69354873661856	23.822487322844886	26.318099076843065	0.0
35.0	26.30292983140467	23.788356520608502	23.623661855848827	26.285051792138	0.0
36.0	26.26717375287132	23.84253239717419	23.707634464525636	26.18265938542886	0.0
37.0	26.22952151865817	23.735264161574136	23.88126814891865	26.153946170849046	0.0
38.0	26.22870888050969	23.784293329866077	23.879371993238852	26.107625796385385	0.0
39.0	26.214894031985438	23.772374637021628	23.728763056386253	26.283968274606686	0.0
40.0	26.3270380964764	23.724970745026656	23.663752004507433	26.284239153989514	0.0
41.0	26.196474233953104	23.699237203657955	23.837927447666104	26.266361114722837	0.0
42.0	26.252817145581414	23.680275646859965	23.805692801109522	26.261214406449096	0.0
43.0	26.24685779915919	23.72036579551857	23.811110388766092	26.22166601655615	0.0
44.0	26.212185238157154	23.891832444848955	23.769936722576173	26.126045594417718	0.0
45.0	26.250920989901616	23.726325141940798	23.792419711350927	26.230334156806656	0.0
46.0	26.30231682508553	23.840571662301006	23.682107652592716	26.17500386002075	0.0
47.0	26.406334226329946	23.630098951970506	23.74115919809085	26.222407623608703	0.0
48.0	26.425295731765125	23.714883969130668	23.586487489469594	26.273332809634613	0.0
49.0	26.200737331682777	23.799127228992685	23.686983468276047	26.313151971048487	0.0
50.0	26.20209172492815	23.85872053178896	23.766080033805657	26.173107709477232	0.0
51.0	26.235409798764252	23.67723183690938	23.829736516338045	26.25762184798832	0.0
52.0	26.226741681993882	23.805357437921383	23.75822455298251	26.209676327102223	0.0
53.0	26.32182008781886	23.76445476191121	23.596780878134403	26.31694427213553	0.0
54.0	26.136268213203167	23.73249108132048	23.802648651430648	26.328592054045707	0.0
55.0	26.260601513128133	23.62576489358532	23.723281207251965	26.390352386034582	0.0
56.0	26.26656084340776	23.69348455585382	23.79072999087139	26.249224609867028	0.0
57.0	26.18665164193093	23.753077858650105	23.76553827650751	26.29473222291146	0.0
58.0	26.18739334182084	23.81721158273966	23.77007882547336	26.22531624996614	0.0
59.0	26.16409784110301	23.70479724788038	23.822087385215486	26.30901752580112	0.0
60.0	26.302245577918033	23.799604518243626	23.61513665790828	26.28301324593006	0.0
61.0	26.2708237397405	23.844299374272016	23.69937968957391	26.185497196413575	0.0
62.0	26.223690982474203	23.737573475634534	23.883847549909255	26.15488799198201	0.0
63.0	26.222607470812903	23.78389359915486	23.88113877075602	26.112360159276214	0.0
64.0	26.209334452962054	23.772787604626593	23.72592572527562	26.291952217135737	0.0
65.0	26.313893328276944	23.728634504428854	23.664707316412493	26.292764850881706	0.0
66.0	26.199853725925728	23.700463201235202	23.834276891405043	26.265406181434024	0.0
67.0	26.253758431075113	23.680689113416584	23.79987539615895	26.26567705934935	0.0
68.0	26.253487553159793	23.720237289053824	23.80366768697348	26.222607470812903	0.0
69.0	26.20743830755479	23.897662323590758	23.763035999674948	26.13186336917951	0.0
70.0	26.246986483192025	23.732697673158707	23.79066554703795	26.229650296611318	0.0
71.0	26.298310814471304	23.85148386118124	23.67893556391059	26.17126976043687	0.0
72.0	26.403952629126803	23.63451182646571	23.734465235716684	26.2270703086908	0.0
73.0	26.418850833757705	23.722546672011962	23.582232672033633	26.2763698221967	0.0
74.0	26.20540019286403	23.806518370840692	23.67378891140173	26.314292524893546	0.0
75.0	26.20485843996836	23.857984895929267	23.76236550984365	26.17479115425872	0.0
76.0	26.233842219886665	23.6743306642974	23.828459363115297	26.26336775270064	0.0
77.0	26.23113345540832	23.807872753079863	23.75125957548243	26.209734216029386	0.0
78.0	26.324585829911264	23.763719892082825	23.589546336125167	26.322147941880747	0.0
79.0	26.137139328009706	23.7298603361035	23.792703672001128	26.34029666388567	0.0
80.0	26.256866717952608	23.631803061987366	23.72606806583381	26.385262154226215	0.0
81.0	26.264451258491977	23.695729903676334	23.799746459644826	26.240072378186863	0.0
82.0	26.18535533572427	23.749634316795422	23.774825826444044	26.290184521036263	0.0
83.0	26.18373007703726	23.822770957710766	23.772658814861366	26.220840150390607	0.0
84.0	26.16178908476266	23.704397950007042	23.822770957710766	26.311042007519532	0.0
85.0	26.302373961188824	23.79757944806215	23.61744661025213	26.282599980496897	0.0
86.0	26.274744563509696	23.841461432611357	23.702230938424364	26.181563065454583	0.0
87.0	26.22409066776462	23.733923482821016	23.882905529130053	26.15908032028431	0.0
88.0	26.21433911564257	23.78403562567042	23.88344728202572	26.118177976661283	0.0
89.0	26.21488086853824	23.770220926830852	23.722817548459794	26.29208065617111	0.0
90.0	26.314021648445713	23.721192289772787	23.664579112175353	26.300206949606146	0.0
91.0	26.201066169698677	23.7025018148722	23.833335139176317	26.263096876252806	0.0
92.0	26.260388111774457	23.678122934567085	23.797308571614316	26.264180382044145	0.0
93.0	26.2622842469093	23.71767089595094	23.801913471227504	26.21813138591226	0.0
94.0	26.21704788012092	23.889406563878087	23.765616027217664	26.127929528783334	0.0
95.0	26.251449188995917	23.729047706759992	23.793787177792467	26.225715926451628	0.0
96.0	26.300206949606146	23.84173230905919	23.684894845762948	26.17316589557171	0.0
97.0	26.4031399997833	23.632073938435198	23.733923482821016	26.230862578960483	0.0
98.0	26.41505856348802	23.71767089595094	23.58792107743816	26.27934946312288	0.0
99.0	26.201607922594345	23.806247494392856	23.679748193254095	26.312396389758703	0.0
100.0	26.20485843996836	23.852025614076908	23.763990768530658	26.179125177424073	0.0
101.0	26.243322895560876	23.67080927047555	23.822770957710766	26.263096876252806	0.0
102.0	26.240343254634695	23.797308571614316	23.752343081273768	26.210005092477218	0.0
103.0	26.332712123346298	23.759114992469634	23.585212312959815	26.32296057122425	0.0
104.0	26.144182115653408	23.730402088999167	23.787827895940104	26.33758789940732	0.0
105.0	26.263638629148474	23.63017780330036	23.720921413324955	26.385262154226215	0.0
106.0	26.26580564073115	23.691125004063146	23.805976617945024	26.23709273726068	0.0
107.0	26.192939876263637	23.74123714691255	23.782139490535577	26.283683486288233	0.0
108.0	26.190231111785295	23.819520440336753	23.770220926830852	26.2200275210471	0.0
109.0	26.167477490167183	23.701689185528696	23.820874822575927	26.309958501728193	0.0
110.0	26.310771131071697	23.796225065822977	23.612299957743275	26.28070384536205	0.0
111.0	26.28395436273607	23.84227406195486	23.69491727433283	26.17885430097624	0.0
112.0	26.23573835502151	23.73527786506019	23.876133617934187	26.152850161984116	0.0
113.0	26.22111102683844	23.783222996326916	23.87721712372553	26.118448853109122	0.0
114.0	26.22219453262978	23.773742320652705	23.713878625681254	26.290184521036263	0.0
115.0	26.311042007519532	23.726338942281647	23.66484998862319	26.297769061575632	0.0
116.0	26.20540019286403	23.702772691320035	23.832251633384978	26.259575482430954	0.0
117.0	26.265534764283316	23.67189277626689	23.800829965436165	26.261742494013628	0.0
118.0	26.261471617565796	23.722275795564126	23.79351630134463	26.222736285525443	0.0
119.0	26.216777003673087	23.889135687430247	23.76101112760448	26.133076181292186	0.0
120.0	26.247927795174064	23.731756471238338	23.78945315462711	26.230862578960483	0.0
121.0	26.297227308679965	23.840648803267854	23.68245695773244	26.179666930319744	0.0
122.0	26.39907685306578	23.63315744422654	23.73825750598637	26.229508196721312	0.0
123.0	26.416412945727195	23.713878625681254	23.58737932454249	26.28232910404906	0.0
124.0	26.192127246920133	23.807331000184195	23.681102575493266	26.319439177402405	0.0
125.0	26.198899158116003	23.854734378555253	23.76940829748735	26.176958165841395	0.0
126.0	26.237634490156346	23.665120865071025	23.823312710606437	26.27393193416619	0.0
127.0	26.231404331856154	23.797850324509984	23.752072204825936	26.218673138807922	0.0
128.0	26.324314953463425	23.75776061023046	23.588191953885993	26.32973248242012	0.0
129.0	26.135784945770535	23.726338942281647	23.798933830301323	26.338942281646492	0.0
130.0	26.257679347296108	23.631803061987366	23.72579718938598	26.384720401330547	0.0
131.0	26.261742494013628	23.695188150780666	23.805434865049353	26.237634490156346	0.0
132.0	26.192398123367973	23.730402088999167	23.778076343818057	26.29912344381481	0.0
133.0	26.189689358889623	23.813019405588722	23.770220926830852	26.2270703086908	0.0
134.0	26.163956096345338	23.694646397885	23.81979131678459	26.32160618898508	0.0
135.0	26.30156133184532	23.80001733609266	23.60986206971276	26.28855926234926	0.0
136.0	26.27582806930103	23.845253702881042	23.697355162363344	26.181563065454583	0.0
137.0	26.230862578960483	23.732027347686174	23.88155114689088	26.15555892646246	0.0
138.0	26.21352648629907	23.788369648835772	23.874779235695016	26.123324629170142	0.0
139.0	26.2129847334034	23.76940829748735	23.71929615463795	26.298310814471304	0.0
140.0	26.300206949606146	23.723359301355465	23.668371382445038	26.308062366593347	0.0
141.0	26.193210752711472	23.696813409467673	23.83577302720683	26.27420281061402	0.0
142.0	26.257950223743947	23.67189277626689	23.80353872991451	26.266618270074655	0.0
143.0	26.24874042451757	23.726338942281647	23.800288212540497	26.22463242066029	0.0
144.0	26.21325560985123	23.88263465268222	23.764261644978493	26.139848092488055	0.0
145.0	26.241968513321705	23.72877683031216	23.788640525283608	26.24061413108253	0.0
146.0	26.303457466980163	23.834960397863327	23.684082216419448	26.17749991873707	0.0
147.0	26.395826335691762	23.626385533030675	23.73988276467338	26.237905366604185	0.0
148.0	26.40964103453133	23.712795119889915	23.593338606394852	26.284225239183908	0.0
149.0	26.186167965067774	23.80326785346668	23.685707475106454	26.324856706359096	0.0
150.0	26.189689358889623	23.863673301333797	23.76642865656117	26.18020868321541	0.0
151.0	26.232487837647493	23.664308235727518	23.826021475084787	26.277182451540206	0.0
152.0	26.23113345540832	23.804080482810182	23.749905193243258	26.21488086853824	0.0
153.0	26.323773200567757	23.76236550984365	23.580065660450956	26.333795629137636	0.0
154.0	26.137410204457545	23.728505953864325	23.795141560031638	26.338942281646492	0.0
155.0	26.259304605983118	23.633970073570044	23.72010878398145	26.386616536465386	0.0
156.0	26.26634739362682	23.695729903676334	23.804351359258018	26.233571343438832	0.0
157.0	26.1918563704723	23.73663224729936	23.774554949996208	26.296956432232133	0.0
158.0	26.182104818350254	23.81979131678459	23.76940829748735	26.22869556737781	0.0
159.0	26.16422697279317	23.691937633406653	23.825479722189115	26.318355671611066	0.0
160.0	26.309416748832522	23.800829965436165	23.609049440369258	26.28070384536205	0.0
161.0	26.278536833779377	23.848775096702894	23.693292015645824	26.179396053871905	0.0
162.0	26.232216961199654	23.740695394016882	23.87802975306903	26.149057891714435	0.0
163.0	26.208379833790215	23.79216191910546	23.88209289978655	26.117365347317783	0.0
164.0	26.214068239194738	23.774013197100537	23.72660981872948	26.285308744975243	0.0
165.0	26.306437107906344	23.72173404266846	23.669996641132045	26.301832208293153	0.0
166.0	26.192668999815805	23.70304356776787	23.837940038789508	26.26634739362682	0.0
167.0	26.258762853087447	23.671621899819055	23.80760187663203	26.262013370461467	0.0
168.0	26.248469548069735	23.723901054251133	23.807872753079863	26.21975664459927	0.0
169.0	26.21542262143391	23.879925888203875	23.766699533009003	26.137951957353213	0.0
170.0	26.247927795174064	23.726338942281647	23.795683312927306	26.23004994961698	0.0
171.0	26.311312883967364	23.83875266813301	23.67703942877575	26.172895019123878	0.0
172.0	26.40205649399196	23.62259326276099	23.742591529151724	26.23275871409533	0.0
173.0	26.417767327966367	23.712795119889915	23.596047370873197	26.273390181270518	0.0
174.0	26.188876729546116	23.80001733609266	23.69139588051098	26.319710053850237	0.0
175.0	26.18373007703726	23.855005255003086	23.7729296913092	26.188334976650452	0.0
176.0	26.22558712788146	23.666603461819758	23.831026356421162	26.276783053877615	0.0
177.0	26.22986344933323	23.798985283083265	23.752393903030335	26.21875736455317	0.0
178.0	26.31993823899882	23.763628729700812	23.584576002600464	26.331857028699908	0.0
179.0	26.13384259071147	23.727330597429333	23.80453184890225	26.334294962956946	0.0
180.0	26.25573930356345	23.631709398236563	23.726517952676986	26.386033345523003	0.0
181.0	26.262511343166334	23.697804504760743	23.809136835832216	26.230547316240703	0.0
182.0	26.195874473473925	23.736811452873376	23.773922229897202	26.293391843755504	0.0
183.0	26.183484846843136	23.821391034878808	23.773444864613015	26.221679253665037	0.0
184.0	26.165606613862675	23.69109663997573	23.824099858057664	26.319196888103928	0.0
185.0	26.3121539478389	23.80107486103737	23.608477533020555	26.278293658103173	0.0
186.0	26.27314689406334	23.85037544289259	23.69624340401556	26.180234259028506	0.0
187.0	26.22743882783486	23.74344124411168	23.877799237735093	26.151320690318368	0.0
188.0	26.21199849389023	23.78922047984224	23.882946015716637	26.115835010550896	0.0
189.0	26.214978207458493	23.76863336791607	23.728000910167054	26.288387514458382	0.0
190.0	26.304911380609646	23.71960353556559	23.66921928795681	26.30626579586795	0.0
191.0	26.188973434499125	23.706601149085905	23.8377085460894	26.266716870325574	0.0
192.0	26.257235963517473	23.678700194764914	23.806556995148483	26.25750684656913	0.0
193.0	26.25019300417431	23.72312501523717	23.812787305336666	26.213894675251854	0.0
194.0	26.215249090510156	23.881862483509995	23.764841005192828	26.138047420787025	0.0
195.0	26.25452713300087	23.729355325425356	23.790574895100537	26.225542646473237	0.0
196.0	26.31032904164285	23.836895896934415	23.678158428661593	26.17461663276114	0.0
197.0	26.393490138502507	23.632379192931037	23.738565349181798	26.235565319384662	0.0
198.0	26.41786961315191	23.71364410842907	23.593101150440322	26.275385127978694	0.0
199.0	26.18247224125928	23.803577281580225	23.6930569965029	26.3208934806576	0.0
200.0	26.187077253137502	23.854774178343984	23.771071315381008	26.187077253137502	0.0
201.0	26.21871275327771	23.674287571784593	23.82571242821541	26.28128724672229	0.0
202.0	26.22373076027067	23.80606677899436	23.750535001273168	26.219667459461803	0.0
203.0	26.31671619392291	23.774708321933485	23.586170653678515	26.322404830465086	0.0
204.0	26.137659586571566	23.731095441776805	23.799900855191694	26.331344116459938	0.0
205.0	26.255766516685313	23.630867083652753	23.722427043236348	26.390939356425587	0.0
206.0	26.262267815590658	23.697776284886917	23.802067954826807	26.237887944695615	0.0
207.0	26.190211752723098	23.735971415955813	23.772541222298372	26.301275609022717	0.0
208.0	26.180530724138308	23.827054145131054	23.76637519097617	26.226039939754468	0.0
209.0	26.162652103717672	23.69404804472906	23.820823716802654	26.322476134750623	0.0
210.0	26.308389948964667	23.802674208193825	23.60817648907237	26.280759353769138	0.0
211.0	26.27100737899425	23.84845431199818	23.69838225574012	26.18215605326745	0.0
212.0	26.224485649659357	23.745581124459918	23.87479514025274	26.15513808562799	0.0
213.0	26.206136192483353	23.79521825579568	23.877568711161196	26.121076840559766	0.0
214.0	26.218055337338885	23.765962172968464	23.72993384874605	26.286048640946596	0.0
215.0	26.308803372034433	23.714493138365018	23.67142168309161	26.305281806508933	0.0
216.0	26.18717391657682	23.712867800430175	23.825557897246135	26.274400385746873	0.0
217.0	26.25977234433326	23.6781939244868	23.794947366139876	26.267086365040065	0.0
218.0	26.24378985464061	23.734809862550588	23.80361583512572	26.21778444768308	0.0
219.0	26.223473130455037	23.877839600817	23.75946082122908	26.139226447498874	0.0
220.0	26.25002031672419	23.731017407369283	23.789529573023724	26.22943270288281	0.0
221.0	26.308532482378627	23.846958180054937	23.667358338254495	26.177150999311937	0.0
222.0	26.39900962741837	23.62184887607882	23.737518759108664	26.24162273739415	0.0
223.0	26.414179448143592	23.704470221100138	23.59421813118644	26.28713219956983	0.0
224.0	26.19069548210232	23.803074055814104	23.686320614161026	26.319909847922546	0.0
225.0	26.18825747520005	23.857522876631432	23.76189882813135	26.192320820037168	0.0
226.0	26.228220353675454	23.67398795076283	23.815393117198337	26.282398578363384	0.0
227.0	26.227820669104702	23.807124475145606	23.74671542733306	26.21833942841663	0.0
228.0	26.309972395970192	23.77820338129048	23.581805720725235	26.33001850201409	0.0
229.0	26.133891734773762	23.731880622729577	23.79174804753636	26.3424795949603	0.0
230.0	26.256335517636508	23.629212052585814	23.72239935635746	26.392053073420218	0.0
231.0	26.263107850759447	23.698289850439796	23.805021820457323	26.233580478343434	0.0
232.0	26.188883079732033	23.737298489227925	23.773327301441967	26.300491129598075	0.0
233.0	26.181910778332814	23.81944369196095	23.77122454950318	26.227420980203064	0.0
234.0	26.16999143974774	23.69889583581653	23.815380281079676	26.315732443356055	0.0
235.0	26.309772774063518	23.806982565258377	23.600561292489733	26.28268336818837	0.0
236.0	26.26344989001701	23.85086740277612	23.69781225958152	26.187870447625343	0.0
237.0	26.21665623721715	23.750700940275827	23.872332702148466	26.160310120358552	0.0
238.0	26.207516809067418	23.794921250670466	23.879982445969887	26.11757949429223	0.0
239.0	26.211580241963883	23.774874981714554	23.726655578009783	26.28688919831178	0.0
240.0	26.304511542983462	23.718243927810978	23.67192029083659	26.305324238368975	0.0
241.0	26.185400000541804	23.71423075985339	23.825300633640083	26.275068605964723	0.0
242.0	26.2591701613515	23.685023243717694	23.790676505965347	26.265130088965467	0.0
243.0	26.243813104974713	23.737358686847614	23.80020968392992	26.21861852424775	0.0
244.0	26.22181164053272	23.88817849828242	23.757599072398435	26.132410788786427	0.0
245.0	26.251825282224527	23.73666087814023	23.79355279163201	26.21796104800323	0.0
246.0	26.309615405455194	23.85645704873265	23.66220917001701	26.171718375795145	0.0
247.0	26.387782636258716	23.624950557280407	23.742800327270167	26.24446647919071	0.0
248.0	26.41250782280765	23.711708880478337	23.59792258739194	26.277860709322077	0.0
249.0	26.190895471034615	23.801112396474792	23.6892225416065	26.318769590884095	0.0
