# Position (bp)	A	C	G	T	N
0.0	26.332943625424164	23.69186460976931	23.77655479198152	26.198636972825	0.0
1.0	26.28788958909578	23.711540106646897	23.66905243947646	26.331517864780864	0.0
2.0	26.16550914046552	23.797142107724063	23.783171963917113	26.2541767878933	0.0
3.0	26.240214831834795	23.792283614511412	23.753228464077814	26.21427308957598	0.0
4.0	26.190992018244014	23.754275940706957	23.702109464082096	26.352622576966933	0.0
5.0	26.272657566109213	23.793330501879876	23.700405619960037	26.233606312050874	0.0
6.0	26.262640657599217	23.732228974040336	23.69489129319485	26.310239075165597	0.0
7.0	26.26307824287697	23.627906711621716	23.736209240485763	26.37280580501555	0.0
8.0	26.24017464759831	23.73303541401855	23.816255222612988	26.210534715770155	0.0
9.0	26.25487687059514	23.863250981073893	23.65549415630495	26.226377992026013	0.0
10.0	26.277122648230577	23.775028070195436	23.73285153288915	26.21499774868483	0.0
11.0	26.219272397736148	23.81976939693251	23.76647877209281	26.19447943323853	0.0
12.0	26.274557858799792	23.685260440117865	23.727152000820734	26.31302970026161	0.0
13.0	26.235801040734557	23.683265603893922	23.8223341863633	26.258599169008225	0.0
14.0	26.304405440757805	23.66353478272021	23.64529633207659	26.386763444445393	0.0
15.0	26.25652950781831	23.637886961502623	23.74304302849473	26.362540502184338	0.0
16.0	26.13512982072173	23.806592629956086	23.666384540633274	26.39189300868891	0.0
17.0	26.35085649474077	23.69488211976393	23.750167423277393	26.20409396221791	0.0
18.0	26.228031928687656	23.813147073156134	23.694312168181312	26.264508829974893	0.0
19.0	26.268498491053183	23.693457240807394	23.754442060146992	26.28360220799243	0.0
20.0	26.222332412861526	23.812577121573522	23.703146417711814	26.261944047853135	0.0
21.0	26.424380248897855	23.785504421399402	23.598845278093624	26.191270051609116	0.0
22.0	26.281037425870675	23.744182931659953	23.677498596494228	26.297281045975147	0.0
23.0	26.33347297147107	23.630192615137343	23.866722521921762	26.169611891469817	0.0
24.0	26.20323903484399	23.86444271559131	23.697446901885684	26.234871347679018	0.0
25.0	26.320859028577292	23.70963329419677	23.77261276459927	26.19689491262667	0.0
26.0	26.27896770663536	23.712198069009542	23.6797109213811	26.329123302974	0.0
27.0	26.166117614873414	23.802250162435737	23.787431463517503	26.244200759173346	0.0
28.0	26.237361359672622	23.79227603816385	23.75009974124272	26.220262860920812	0.0
29.0	26.202309437231413	23.743830291700387	23.715332793780703	26.338527477287492	0.0
30.0	26.255884733320418	23.793700913059833	23.704788719550425	26.24562563406933	0.0
31.0	26.262724132821134	23.719322443489464	23.71134314407195	26.30661027961745	0.0
32.0	26.278397756676963	23.620436125708164	23.73471109236609	26.36645502524878	0.0
33.0	26.242490909298166	23.725306918052596	23.824193235833892	26.208008936815347	0.0
34.0	26.233086734984667	23.868079382630206	23.668596897192426	26.2302369851927	0.0
35.0	26.28039258153134	23.77061793974489	23.74098054190842	26.208008936815347	0.0
36.0	26.218553011045632	23.82020358612514	23.76605834007774	26.19518506275149	0.0
37.0	26.252750008549246	23.683985546069056	23.739840641991634	26.32342380339006	0.0
38.0	26.242205934318967	23.674296396776363	23.827042985625862	26.256454683278807	0.0
39.0	26.314514589252486	23.657130481121886	23.644306643602757	26.38404828602287	0.0
40.0	26.254670014163217	23.643736695268576	23.74205278291523	26.35954050765298	0.0
41.0	26.140395373159425	23.803892177174138	23.661975041962446	26.393737407703995	0.0
42.0	26.33987729012365	23.697311838681824	23.75858128460655	26.204229586587974	0.0
43.0	26.239566383307356	23.81187145385271	23.699591632018556	26.24897053082138	0.0
44.0	26.286872095044583	23.68363307866142	23.755161594601446	26.274333231692548	0.0
45.0	26.22303788161603	23.800187513001948	23.710420650368043	26.266353955013976	0.0
46.0	26.423659695248624	23.795057977994293	23.59158642269078	26.189695904066294	0.0
47.0	26.28772701754586	23.738348118743037	23.681353285324686	26.29257157838642	0.0
48.0	26.321353969262685	23.647726333607856	23.855472501417747	26.17544719571171	0.0
49.0	26.230732184127508	23.852337785579735	23.697881787016005	26.21904824327675	0.0
50.0	26.326408480807046	23.70921318856687	23.780741500669688	26.1836368299564	0.0
51.0	26.28394745091334	23.719187255991564	23.675871306032885	26.32099398706221	0.0
52.0	26.169103188851846	23.80524920919894	23.79128551480437	26.234362087144852	0.0
53.0	26.234077113789862	23.79242540822433	23.753669031945513	26.219828446040296	0.0
54.0	26.19874041777094	23.73742555071101	23.732296030321166	26.331538001196886	0.0
55.0	26.2557350887692	23.796130061839218	23.712347895471773	26.23578695391981	0.0
56.0	26.267418996323844	23.72517169644638	23.70522356159699	26.302185745632784	0.0
57.0	26.280812744008436	23.608047647544954	23.74454988458579	26.366589723860816	0.0
58.0	26.23778176740475	23.72517169644638	23.83118178450315	26.20586475164572	0.0
59.0	26.239776580889686	23.860249066712264	23.662477558348293	26.237496794049758	0.0
60.0	26.277108090393547	23.773332193439913	23.740845230970905	26.20871448519563	0.0
61.0	26.219258499330312	23.8163631700436	23.77105240659998	26.193325924026105	0.0
62.0	26.26257444928899	23.677866119517827	23.744834857940784	26.314724573252402	0.0
63.0	26.241201447664643	23.675586332677895	23.830611837793167	26.252600381864294	0.0
64.0	26.312939748255253	23.658135538640853	23.660415318984015	26.368509394119876	0.0
65.0	26.260504800362483	23.641037186067123	23.739637685908964	26.35882032766143	0.0
66.0	26.136541744202944	23.80860104128967	23.664404934584553	26.390452279922826	0.0
67.0	26.350271151374567	23.702591255332546	23.755311175768217	26.191826417524673	0.0
68.0	26.246826118303503	23.814870437233374	23.689482518359355	26.24882092610377	0.0
69.0	26.276463262764633	23.702021310246757	23.74875680728162	26.27275861970699	0.0
70.0	26.208639797555506	23.80176170026018	23.71626993739153	26.27332856479278	0.0
71.0	26.428353628127933	23.80176170026018	23.592591853774888	26.177292817837	0.0
72.0	26.28700724685177	23.733083317422366	23.6929021888741	26.28700724685177	0.0
73.0	26.32661843031424	23.63989729589554	23.867020412583248	26.166463861206974	0.0
74.0	26.2217485345287	23.845077526780294	23.702306282789653	26.230867655901353	0.0
75.0	26.317994254969907	23.71420755061098	23.77177184023345	26.196026354185665	0.0
76.0	26.284652562465805	23.715062465803392	23.673741564836767	26.326543406894036	0.0
77.0	26.174653474375344	23.79713432427503	23.781460879080797	26.24675132226883	0.0
78.0	26.230507933612984	23.79627940908262	23.754388564654384	26.21882409265001	0.0
79.0	26.193746580339226	23.735865402152108	23.741279865037388	26.329108152471274	0.0
80.0	26.259575050155025	23.804543589275944	23.70964800291811	26.22623335765092	0.0
81.0	26.271258891118	23.727886193689585	23.703948568302025	26.296906346890385	0.0
82.0	26.272398778041218	23.61218767098304	23.750398960423126	26.365014590552615	0.0
83.0	26.242476746306764	23.733585628305672	23.817367317162137	26.206570308225423	0.0
84.0	26.240196972460332	23.850993981397046	23.671461790990335	26.237347255152287	0.0
85.0	26.29035199708189	23.77262675542586	23.733585628305672	26.20343561918658	0.0
86.0	26.213979573226336	23.8216418931242	23.762652744847713	26.20172578880175	0.0
87.0	26.252450756884915	23.674311508298377	23.744984497537843	26.328253237278865	0.0
88.0	26.24076691592194	23.677446197337222	23.833040762356376	26.24874612438446	0.0
89.0	26.31307475072169	23.657715730109743	23.66939953777717	26.359809981391397	0.0
90.0	26.25095109044122	23.640617474986676	23.74349197664378	26.364939457928315	0.0
91.0	26.13382804284823	23.801626044062203	23.672819188801782	26.391726724287786	0.0
92.0	26.361519806903704	23.681653287282035	23.758310464417107	26.198516441397157	0.0
93.0	26.236987515424048	23.806755520599125	23.690202414843565	26.266054549133262	0.0
94.0	26.27973315323171	23.70074633883612	23.749476365936857	26.270044141995307	0.0
95.0	26.210485219983298	23.79849136395631	23.728388517951743	26.26263489810865	0.0
96.0	26.429627856477246	23.80191101498092	23.60385622647209	26.164604902069744	0.0
97.0	26.287142397118373	23.744631860318655	23.68934750208741	26.27887824047556	0.0
98.0	26.323048732876806	23.638907649474373	23.874863570172664	26.163180047476153	0.0
99.0	26.22587364959406	23.848076303813194	23.70701569904791	26.219034347544834	0.0
100.0	26.312144856004604	23.721766586685057	23.765367013000336	26.200721544310003	0.0
101.0	26.293621799073275	23.713502453592618	23.670756937597247	26.32211880973686	0.0
102.0	26.159685848954446	23.79500390409046	23.789874442171016	26.255435804784078	0.0
103.0	26.2309283756134	23.80127324643645	23.763657192360522	26.20414118558963	0.0
104.0	26.20414118558963	23.734020301270398	23.732025510523947	26.329813002616024	0.0
105.0	26.250876283077908	23.800133366009906	23.708372991673173	26.240617359239018	0.0
106.0	26.27965826384812	23.737724912656663	23.69697418740774	26.285642636087474	0.0
107.0	26.28051317416803	23.59495488923212	23.756532939694626	26.36799899690522	0.0
108.0	26.2389075385992	23.717777005192158	23.83774942008583	26.205566036122814	0.0
109.0	26.24232717987883	23.85912217808352	23.665912445784436	26.232638196253212	0.0
110.0	26.28592760619411	23.77049647491978	23.74000467350975	26.203571245376363	0.0
111.0	26.208985677402442	23.818371452834597	23.77078144502642	26.201861424736546	0.0
112.0	26.257145625423895	23.670186997383976	23.76251731193398	26.310150065258153	0.0
113.0	26.22807867454704	23.681870771756042	23.824640795180585	26.265409758516334	0.0
114.0	26.30893521223088	23.66185543507687	23.661285496487753	26.367923856204495	0.0
115.0	26.250516506846388	23.6259493039625	23.752760640041036	26.37077354915008	0.0
116.0	26.153626946696495	23.796645911403047	23.66755482096804	26.38217232093242	0.0
117.0	26.359089808073183	23.674679053332003	23.771568613481897	26.19466252511292	0.0
118.0	26.236837980707577	23.818018608494935	23.695481811834775	26.24966159896271	0.0
119.0	26.28385791430973	23.700611259136828	23.754470455808388	26.261060370745053	0.0
120.0	26.205491358306144	23.804910020945243	23.73110297365459	26.258495647094026	0.0
121.0	26.432041947480162	23.803770143767007	23.60087200604135	26.16331590271148	0.0
122.0	26.288702392317226	23.732242850832822	23.698616474074917	26.28043828277503	0.0
123.0	26.324893492726158	23.632503597737344	23.871592835871937	26.171010073664565	0.0
124.0	26.227433993987148	23.831412165339184	23.707165552911675	26.233988287761996	0.0
125.0	26.323543660270037	23.70523832050018	23.771066415133053	26.200151604096728	0.0
126.0	26.27880335352821	23.713502453592618	23.684720472822402	26.322973720056766	0.0
127.0	26.178778846099043	23.793294083450647	23.78702474110466	26.24090232934565	0.0
128.0	26.24261214998547	23.797853605156817	23.771066415133053	26.188467829724658	0.0
129.0	26.20157645462991	23.728035929031044	23.745704075642465	26.32468354069658	0.0
130.0	26.246031791265096	23.79357905355728	23.721481616578423	26.2389075385992	0.0
131.0	26.28592760619411	23.715782214445706	23.697259157514377	26.301031021845812	0.0
132.0	26.27766347310167	23.59353003869894	23.75624796958799	26.3725585186114	0.0
133.0	26.24460694073192	23.72091167636515	23.841169061365463	26.19331232153747	0.0
134.0	26.222949212627594	23.867671281282593	23.67047196749061	26.2389075385992	0.0
135.0	26.28592760619411	23.767076833640154	23.73459024148367	26.21240531868207	0.0
136.0	26.205281066016173	23.808682469208982	23.77676581726577	26.209270647509076	0.0
137.0	26.256290715103987	23.659928073545085	23.77334617598614	26.310435035364787	0.0
138.0	26.2217485345287	23.684922957673027	23.830543927092624	26.26278458070565	0.0
139.0	26.3050354791827	23.662762531703287	23.674161465902937	26.35804052321108	0.0
140.0	26.25666483333286	23.62692321941016	23.747752266257063	26.36865968099992	0.0
141.0	26.15435910734692	23.784798907978992	23.6705242669752	26.390317717698892	0.0
142.0	26.363605275456813	23.66831192221323	23.782016938912765	26.18606586341719	0.0
143.0	26.245340659090132	23.801680212477343	23.70022911988327	26.252750008549246	0.0
144.0	26.267853682446678	23.693104745403353	23.765773365098543	26.27326820705142	0.0
145.0	26.211998586524103	23.79313096310144	23.735281042324484	26.259589408049973	0.0
146.0	26.438344062671877	23.791773888808144	23.610244309745887	26.159637738774087	0.0
147.0	26.294716263853385	23.72394965047719	23.70115158717267	26.28018249849675	0.0
148.0	26.326918528271026	23.622213292980764	23.88325111781754	26.167617060930677	0.0
149.0	26.221837187166937	23.83202339087961	23.71347312385653	26.232666298096923	0.0
150.0	26.318234279933318	23.70413644718656	23.778800530057993	26.198828742822133	0.0
151.0	26.287456719055015	23.708981063250736	23.69074250865619	26.31281970903806	0.0
152.0	26.169835624558285	23.786562706609217	23.790552401796504	26.253049267035998	0.0
153.0	26.235950573376194	23.80280646558603	23.765474317762123	26.195768643275652	0.0
154.0	26.200613273145933	23.740396233727743	23.733841734491484	26.325148758634842	0.0
155.0	26.24051022501881	23.788557554202857	23.73127693044251	26.23965529033582	0.0
156.0	26.281832068030003	23.7064838246358	23.697934477805894	26.313749629528303	0.0
157.0	26.289526480176917	23.5927775117981	23.75293527574493	26.36476073228005	0.0
158.0	26.254189179946653	23.715318149693363	23.837288831133304	26.19320383922668	0.0
159.0	26.226831270090965	23.851822720744135	23.68340058819506	26.237945420969837	0.0
160.0	26.288386567266258	23.77202881699838	23.74267605954905	26.196908556186305	0.0
161.0	26.198048469096964	23.81306568178191	23.780863142055946	26.208022707065183	0.0
162.0	26.265018352597863	23.668581720356567	23.76518933953446	26.301210587511115	0.0
163.0	26.225196136824135	23.682898122843067	23.831942160654084	26.259963579678715	0.0
164.0	26.307630050555424	23.649907951507828	23.6764110777368	26.36605092019994	0.0
165.0	26.265242903269016	23.630026702688223	23.754278272219228	26.350452121823537	0.0
166.0	26.143841140378626	23.78391626128167	23.68103824155531	26.391204356784392	0.0
167.0	26.364206326588775	23.65830721003135	23.779424337418067	26.198062125961812	0.0
168.0	26.263322884012542	23.80507267027643	23.686805357651753	26.244799088059278	0.0
169.0	26.280706754060983	23.688800227985183	23.76631518951268	26.26417782844115	0.0
170.0	26.2111712738672	23.801652892561982	23.736392134511256	26.25078369905956	0.0
171.0	26.43837685487847	23.783766838890962	23.617052200205755	26.16080410602481	0.0
172.0	26.282206560862242	23.72848027495091	23.696277276367272	26.29303588781957	0.0
173.0	26.323244010384755	23.62132693453102	23.89149014388756	26.16393891119667	0.0
174.0	26.22613978991046	23.82572713438093	23.709454029376058	26.238679046332553	0.0
175.0	26.323679028318853	23.695272401872913	23.7824774791463	26.198571090661932	0.0
176.0	26.28891099097456	23.707526710117214	23.68387304536659	26.31968925354164	0.0
177.0	26.181831653823355	23.786250056996945	23.79593953764078	26.23597875153892	0.0
178.0	26.244243308558662	23.793374675117413	23.765161187360356	26.19722082896357	0.0
179.0	26.211755049929327	23.72554831061055	23.730963020382106	26.33173361907802	0.0
180.0	26.240823491860837	23.792519720942956	23.736377730153663	26.230279057042544	0.0
181.0	26.265902147644887	23.720133600838995	23.70474442569878	26.309219825817337	0.0
182.0	26.288985910355205	23.592460444120196	23.754046783092424	26.364506862432176	0.0
183.0	26.266187132369705	23.70274953262505	23.83954220053805	26.191521134467195	0.0
184.0	26.234553827914826	23.84666681865852	23.678810815740274	26.23996853768638	0.0
185.0	26.30665496329397	23.760886416488074	23.73951256212667	26.192946058091287	0.0
186.0	26.205200401258494	23.810473758606538	23.78026537777575	26.20406046235922	0.0
187.0	26.256782636450687	23.669691304546074	23.76658611098445	26.306939948018787	0.0
188.0	26.218099431453858	23.682583108907224	23.830775588138902	26.268541871500023	0.0
189.0	26.305664958648478	23.651872075327592	23.680085723893825	26.3623772421301	0.0
190.0	26.25273231440924	23.63455526328539	23.75424987104331	26.358462551262065	0.0
191.0	26.140162385684523	23.788448330402716	23.679298247613943	26.392091036298815	0.0
192.0	26.370507164597655	23.651436909362424	23.777971569599764	26.200084356440158	0.0
193.0	26.266771542240917	23.797350751798273	23.689625297812434	26.246252408148372	0.0
194.0	26.29527033959167	23.683640550368775	23.755742507666177	26.26534660237338	0.0
195.0	26.212623827274488	23.785951232857975	23.744342988725876	26.257081951141664	0.0
196.0	26.421880299010237	23.799983470650428	23.613030827236948	26.16510540310239	0.0
197.0	26.278815928593207	23.726171375156387	23.711921935871825	26.28309076037858	0.0
198.0	26.326124067017965	23.62842022166428	23.89317480357148	26.152280907746277	0.0
199.0	26.22160791131124	23.829975205904987	23.708284647610363	26.240132235173412	0.0
200.0	26.315729475703144	23.6989475304156	23.78957448081872	26.195748513062533	0.0
201.0	26.29180500733859	23.71061743876199	23.686677971415136	26.310899582484286	0.0
202.0	26.18272705509513	23.772813807412135	23.803023221349505	26.241435916143224	0.0
203.0	26.243024641043327	23.801150257354408	23.754980363545165	26.200844738057107	0.0
204.0	26.206829724291637	23.719355445482478	23.73161041729604	26.34220441292985	0.0
205.0	26.23988964825381	23.79431027308637	23.73332041336305	26.232479665296772	0.0
206.0	26.265824588603447	23.729615421884528	23.693135505788337	26.311424483723687	0.0
207.0	26.276159451887697	23.596872978280135	23.746213060417183	26.380754509414977	0.0
208.0	26.270894193088708	23.70217313858212	23.83384396152476	26.193088706804417	0.0
209.0	26.247809048806552	23.846384039900247	23.66825792661204	26.23754898468115	0.0
210.0	26.313509446437884	23.75617388627794	23.736793654684174	26.1935230126	0.0
211.0	26.216038281657468	23.798639393740757	23.78096918258173	26.204353142020047	0.0
212.0	26.26220883339556	23.662122762367012	23.765864002074824	26.309804402162605	0.0
213.0	26.22068698199893	23.66958514313075	23.842014660784113	26.267713214086207	0.0
214.0	26.30314396217327	23.65082667593904	23.679327828810674	26.366701533077013	0.0
215.0	26.243081325421393	23.6340783555928	23.759768797988954	26.36307152099686	0.0
216.0	26.15238600121416	23.774792723002687	23.68586811226162	26.386953163521525	0.0
217.0	26.3717878559865	23.65357867615204	23.780411336844747	26.194222131016716	0.0
218.0	26.271461796292495	23.800077524682493	23.68037029436578	26.248090384659235	0.0
219.0	26.292417928825095	23.690480940790188	23.76002553768804	26.257075592696676	0.0
220.0	26.20890740877972	23.791377610060024	23.744064482662303	26.25565049849795	0.0
221.0	26.41932661256994	23.788310203988566	23.626419041592918	26.16594414184858	0.0
222.0	26.28950751173575	23.72346095636039	23.705789637196418	26.281241894707442	0.0
223.0	26.32741534155525	23.628548871173233	23.892193552248674	26.151842235022844	0.0
224.0	26.239012210555117	23.810582481102713	23.713673313495455	26.236731994846714	0.0
225.0	26.343407165028232	23.6781124320565	23.79383370909495	26.184646693820312	0.0
226.0	26.295672398607916	23.711880880512826	23.684803087438468	26.30764363344079	0.0
227.0	26.18800592862843	23.77950062706647	23.797742560711434	26.234750883593662	0.0
228.0	26.241456170654264	23.801013573216128	23.753413256260725	26.204116999868887	0.0
229.0	26.221218910152267	23.71607408547535	23.726905295321487	26.335801709050898	0.0
230.0	26.23925070616839	23.80022631592449	23.741224557273036	26.219298420634086	0.0
231.0	26.268894101819363	23.7221273696902	23.709870965719123	26.29910756277132	0.0
232.0	26.27801514663505	23.588447056610335	23.74920547148676	26.384332325267863	0.0
233.0	26.279590120712015	23.707440819758578	23.82858038679151	26.184388672737896	0.0
234.0	26.267333646871037	23.83200079809597	23.663545541351347	26.237120013681647	0.0
235.0	26.313224165205867	23.75789188649935	23.72739321903459	26.201490729260197	0.0
236.0	26.221443128536205	23.798651787877493	23.769008223238846	26.210896860347454	0.0
237.0	26.261917995638978	23.64815369048128	23.771288497441816	26.318639816437926	0.0
238.0	26.221802903937473	23.663612990759162	23.844040201348786	26.270543903954575	0.0
239.0	26.302827841166593	23.64971368143818	23.69246906647892	26.354989410916307	0.0
240.0	26.24877431418603	23.624666499441314	23.76319750074111	26.363361685631542	0.0
241.0	26.151973569813947	23.7700642226156	23.683692928670993	26.39426927889946	0.0
242.0	26.37952513034827	23.63544104609297	23.788238580807374	26.19679524275138	0.0
243.0	26.267204908031427	23.796084066002987	23.688891929800555	26.24781909616503	0.0
244.0	26.291165477307132	23.690730408354693	23.756874574125657	26.261229540212515	0.0
245.0	26.21682267505681	23.78588596893898	23.752812000148264	26.244479355855944	0.0
246.0	26.427005249246545	23.785844427273272	23.627597179492295	26.15955314398789	0.0
247.0	26.291326143615656	23.724072246967374	23.710384788671345	26.27421682074562	0.0
248.0	26.323249665604777	23.620138435344078	23.88965100261527	26.166960896435874	0.0
249.0	26.22778297474275	23.82640489173835	23.712039973533507	26.233772159985396	0.0
