# Position (bp)	A	C	G	T	N
0.0	26.23973955869668	23.686524388547262	23.80394557444559	26.269790478310473	0.0
1.0	26.23027908400345	23.79810234007624	23.64089151061521	26.330727065305098	0.0
2.0	26.315335494372487	23.75158252062494	23.752417256778756	26.180664728223817	0.0
3.0	26.32142747834603	23.699857819773346	23.705144364404305	26.273570337476315	0.0
4.0	26.249878274418155	23.77613622135971	23.785596038006204	26.188389466215934	0.0
5.0	26.38733550343599	23.669142809448292	23.66023982416604	26.28328186294967	0.0
6.0	26.342849035029392	23.822546676645125	23.548231837770313	26.286372450555167	0.0
7.0	26.357460398711392	23.655614842345976	23.719321867923373	26.26760289101926	0.0
8.0	26.311221395705946	23.742468161814205	23.671809365906853	26.274501076572992	0.0
9.0	26.205338763338563	23.764061821944786	23.699524874542398	26.33107454017425	0.0
10.0	26.21273612853515	23.755970147177862	23.651657732887895	26.37963599139909	0.0
11.0	26.107867381368973	23.841645410114687	23.732604166376913	26.317883042139435	0.0
12.0	26.31593587707269	23.785177623179052	23.64887606850683	26.250010431241428	0.0
13.0	26.09479355877796	23.87224371830641	23.740670993082	26.29229172983363	0.0
14.0	26.199384139506034	23.758473645120823	23.745956155406027	26.29618605996712	0.0
15.0	26.13790935668448	23.734551331443658	23.811325268361074	26.316214043510794	0.0
16.0	26.29479522777659	23.613548930867296	23.81049076904675	26.281165072309363	0.0
17.0	26.401889306447618	23.67391104793642	23.739280160891468	26.18491948472449	0.0
18.0	26.28978823189067	23.681143375327192	23.607151102790844	26.421917289991292	0.0
19.0	26.409677966714607	23.666400554107543	23.69254819928956	26.231373279888288	0.0
20.0	26.24917593192711	23.77571996428343	23.74178365883443	26.233320444955034	0.0
21.0	26.366284002369976	23.70645652119489	23.665566054793224	26.26169342164191	0.0
22.0	26.254461094251134	23.723424673919393	23.757360979368393	26.264753252461077	0.0
23.0	26.243890769603084	23.619946758943748	23.795747947827103	26.340414523626066	0.0
24.0	26.266422251089715	23.69115736709903	23.77099113483562	26.271429246975636	0.0
25.0	26.256408259317883	23.683090540393938	23.78545578961716	26.275045410671023	0.0
26.0	26.239718273031485	23.79213178413172	23.643034573306593	26.325115369530206	0.0
27.0	26.323446370901564	23.73844566157715	23.728988002681525	26.20911996483976	0.0
28.0	26.325115369530206	23.685594038336898	23.696442529423056	26.29284806270984	0.0
29.0	26.250010431241428	23.76681863826402	23.782395958797984	26.200774971696568	0.0
30.0	26.39131898179957	23.642756406868486	23.673076548622102	26.29284806270984	0.0
31.0	26.338189192121213	23.80019861083681	23.554299479550593	26.30731271749138	0.0
32.0	26.35397137118983	23.637127327551198	23.71779537021068	26.291105931048296	0.0
33.0	26.31634580346538	23.72857782636391	23.67350117802831	26.281575192142398	0.0
34.0	26.21565011307403	23.765573756811563	23.697701523509107	26.321074606605304	0.0
35.0	26.212590299277604	23.759454129218717	23.650413492109852	26.377542079393823	0.0
36.0	26.108834795089837	23.83845295814453	23.730803145488583	26.32190910127705	0.0
37.0	26.322743595948804	23.778925671559588	23.642624875173503	26.2557058573181	0.0
38.0	26.104662321731077	23.870163755671086	23.73469745395676	26.29047646864108	0.0
39.0	26.206748836575343	23.76696458126448	23.746102214470692	26.28018436768948	0.0
40.0	26.14777787977157	23.732472134832086	23.81119279886731	26.30855718652903	0.0
41.0	26.294092612218673	23.621762508379717	23.810636469086145	26.273508410315465	0.0
42.0	26.400351600421697	23.693807215040934	23.720789209427565	26.185051975109808	0.0
43.0	26.299934074920934	23.683793278979913	23.603681790491766	26.412590855607387	0.0
44.0	26.418154153419067	23.673779342918895	23.695476204384434	26.212590299277604	0.0
45.0	26.25153338395934	23.767242746155066	23.732472134832086	26.248751735053506	0.0
46.0	26.37642941983149	23.697423358618522	23.66042742817087	26.265719793379123	0.0
47.0	26.241797612788908	23.726074342348657	23.759454129218717	26.27267391564371	0.0
48.0	26.24402293191358	23.62343149772322	23.797006389447535	26.335539180915664	0.0
49.0	26.260434660458028	23.68852208211984	23.76807724082682	26.282966016595317	0.0
50.0	26.26099099023919	23.677673651387067	23.769468065279735	26.291867293094	0.0
51.0	26.253202373302848	23.772249714185577	23.64651918364168	26.328028728869903	0.0
52.0	26.317458463027716	23.735810113519094	23.737200937972013	26.209530485481185	0.0
53.0	26.32024011193355	23.682402454526994	23.698257853290272	26.29909958024918	0.0
54.0	26.243188437241827	23.75611615053171	23.791999421417028	26.20869599080943	0.0
55.0	26.38282721231492	23.640955885830003	23.667937880216634	26.308279021638448	0.0
56.0	26.328585058651065	23.799231708572208	23.561678892013607	26.310504340763117	0.0
57.0	26.345201668984704	23.632267037552158	23.721557719054243	26.300973574408903	0.0
58.0	26.316755725297007	23.720379081003948	23.66669355578983	26.29617163790921	0.0
59.0	26.232750395687354	23.745413781881	23.690615603294564	26.33122021913708	0.0
60.0	26.206881204781073	23.758765622348758	23.64833477514666	26.38601839772351	0.0
61.0	26.103404441155938	23.836929521753763	23.725942347865512	26.333723689224787	0.0
62.0	26.319815522070872	23.77434276956114	23.64026803819739	26.2655736701706	0.0
63.0	26.106742401272875	23.871421776295477	23.730392961354767	26.29144286107688	0.0
64.0	26.222736515336535	23.740963168391744	23.755705825574893	26.280594490696828	0.0
65.0	26.14540710596076	23.734009084814787	23.798542980408957	26.322040828815496	0.0
66.0	26.311192458435446	23.608279253743383	23.805775227328994	26.274753060492184	0.0
67.0	26.39909207484819	23.689224786579175	23.726776837894747	26.184906300677884	0.0
68.0	26.30646368160311	23.68672131649147	23.60521945696952	26.401595544935898	0.0
69.0	26.44443269976996	23.673925802709867	23.691171929980722	26.19046956753945	0.0
70.0	26.263904690112128	23.768501339356497	23.73957235167635	26.228021618855024	0.0
71.0	26.380176967518864	23.695066216783818	23.66363375901597	26.261123056681345	0.0
72.0	26.24137345932278	23.72288255109165	23.76961399272881	26.26612999685675	0.0
73.0	26.26195754671058	23.623021910926532	23.789085426744293	26.32593511561859	0.0
74.0	26.271136937032164	23.678932742885276	23.754036845516424	26.295893474566135	0.0
75.0	26.274196733806026	23.660017635555953	23.772117462816514	26.29366816782151	0.0
76.0	26.259175913279797	23.790754406802765	23.6285851777881	26.321484502129337	0.0
77.0	26.325378788932436	23.745691945224074	23.71982275431779	26.209106511525697	0.0
78.0	26.313139601836994	23.677541926169884	23.714259487456225	26.2950589845369	0.0
79.0	26.2488838695859	23.743744801822526	23.79297971354739	26.214391615044185	0.0
80.0	26.382402274263494	23.64165885491278	23.669475189220616	26.30646368160311	0.0
81.0	26.32231899215858	23.79770849037972	23.582688226180178	26.297284291281525	0.0
82.0	26.33198146324638	23.630466589893796	23.722260237773366	26.31529170908646	0.0
83.0	26.304926523561694	23.731373590762804	23.668787186755047	26.294912698920452	0.0
84.0	26.227875706183255	23.739996606426097	23.70327924940821	26.328848437982437	0.0
85.0	26.20784805690078	23.755295505183547	23.664336598025606	26.372519839890067	0.0
86.0	26.09241091173092	23.837353234882602	23.73860579744814	26.331630055938337	0.0
87.0	26.32606682002654	23.777548448830746	23.637911227444555	26.25847350369816	0.0
88.0	26.109656943057498	23.853208457231233	23.737214988470193	26.299919611241073	0.0
89.0	26.217027396155245	23.746672489520254	23.747506974907022	26.28879313941747	0.0
90.0	26.153606506760724	23.726644840237775	23.798410583499997	26.321338069501504	0.0
91.0	26.3132713774294	23.608147915316422	23.80925889352801	26.269321813726172	0.0
92.0	26.407290064338824	23.69048380681107	23.71551836841417	26.186707760435933	0.0
93.0	26.302701229196973	23.687424027059578	23.612598504045863	26.397276239697582	0.0
94.0	26.433437273124284	23.670734319324175	23.69187461578902	26.20395379176252	0.0
95.0	26.269599975521764	23.773932345488078	23.731651752558395	26.224815926431766	0.0
96.0	26.37947388477982	23.68631137987722	23.67741020241834	26.256804532924622	0.0
97.0	26.25096313521723	23.70161027863467	23.771707051123357	26.275719535024745	0.0
98.0	26.255135562151082	23.611485856863503	23.79256918579261	26.34080939519281	0.0
99.0	26.279335638367414	23.68102630576101	23.755573666979135	26.284064388892443	0.0
100.0	26.274885049637973	23.657382553135857	23.773097860101306	26.29463453712486	0.0
101.0	26.25624820933344	23.784502493720495	23.622612328687104	26.336636968258958	0.0
102.0	26.34220020417076	23.738883959243733	23.708842485320012	26.210073351265496	0.0
103.0	26.330239246960385	23.68714586526399	23.70327924940821	26.279335638367414	0.0
104.0	26.2462343846922	23.752235725432055	23.79924506888677	26.202284820988975	0.0
105.0	26.39171300378578	23.638467551035735	23.67351593728008	26.296303507898404	0.0
106.0	26.32801395259567	23.79701977452205	23.585894971669223	26.289071301213063	0.0
107.0	26.347411989852688	23.635898348836175	23.71545240108594	26.301237260225196	0.0
108.0	26.30366754287145	23.722618600575792	23.6831198453429	26.290594011209855	0.0
109.0	26.21910682744329	23.742646138440353	23.708988748417966	26.329258285698394	0.0
110.0	26.214656263473383	23.758501272583135	23.6625359869821	26.36430647696138	0.0
111.0	26.10895536918819	23.819418366921184	23.742646138440353	26.328980125450276	0.0
112.0	26.330370926690865	23.761004714816206	23.650853256561106	26.25777110193182	0.0
113.0	26.10673008720324	23.858082641409716	23.7359702924855	26.299216978901548	0.0
114.0	26.227451634886854	23.745984061417783	23.734857651493023	26.291706652202336	0.0
115.0	26.152626528142864	23.71510827387658	23.805788514763353	26.326476683217205	0.0
116.0	26.319522677014227	23.60718209760643	23.811629879973854	26.26166534540549	0.0
117.0	26.420216686833285	23.674218717403093	23.713439312387866	26.19212528337575	0.0
118.0	26.320078997510464	23.680060082613593	23.604122334877122	26.395738584998817	0.0
119.0	26.43189941725428	23.675053198147452	23.692020973282705	26.20102641131556	0.0
120.0	26.27306991557836	23.771018483748488	23.730128927275004	26.225782673398147	0.0
121.0	26.38683745705901	23.680338242861712	23.673940557154978	26.2588837429243	0.0
122.0	26.262221665901723	23.71010138941044	23.75989207382373	26.2677848708641	0.0
123.0	26.270844633593416	23.598559129914744	23.798278188064142	26.332318048427698	0.0
124.0	26.282527364014406	23.680060082613593	23.75989207382373	26.277520479548265	0.0
125.0	26.2691756721047	23.669768153433193	23.7682368812673	26.292819293194807	0.0
126.0	26.25916190317242	23.784092015410078	23.626375154726638	26.330370926690865	0.0
127.0	26.333152529172054	23.74681854216214	23.7095450689142	26.210483859751605	0.0
128.0	26.330927247187102	23.67588767889181	23.711492190651036	26.281692883270054	0.0
129.0	26.238856205059736	23.745705901169664	23.816080443943758	26.19935744982684	0.0
130.0	26.378492649615442	23.629713077704064	23.682007204350427	26.309787068330063	0.0
131.0	26.322026119247298	23.798000027816023	23.58965800197494	26.290315850961736	0.0
132.0	26.340736125328228	23.634785704748765	23.731863901375227	26.292614268547776	0.0
133.0	26.305761008948465	23.720803442530382	23.68825851244635	26.285177036074803	0.0
134.0	26.23037916234357	23.733598885127524	23.70689535275088	26.329126599778025	0.0
135.0	26.206179086127236	23.754461019796775	23.66795270136828	26.371407192707707	0.0
136.0	26.125234003610544	23.81760374739571	23.735267855901064	26.321894393092688	0.0
137.0	26.326344981822125	23.760580579299756	23.650150346450516	26.262924092427603	0.0
138.0	26.128850106953212	23.850426839275332	23.736658664879013	26.284064388892443	0.0
139.0	26.23316078029947	23.739718444630505	23.741109253608453	26.28601152146157	0.0
140.0	26.15499731573867	23.721359766121562	23.79701977452205	26.326623143617716	0.0
141.0	26.320503584114736	23.6031410029958	23.82400146869428	26.25235394419518	0.0
142.0	26.423701610278634	23.66795270136828	23.718021824574482	26.1903238637786	0.0
143.0	26.316887480772067	23.6757412316448	23.612042180454683	26.39532910712845	0.0
144.0	26.421754477709502	23.666283730594735	23.70383557299939	26.208126218696364	0.0
145.0	26.285177036074803	23.763084035460068	23.73053910537603	26.221199823089098	0.0
146.0	26.39811072508435	23.68519873269486	23.675184908053616	26.24150563416717	0.0
147.0	26.25624820933344	23.702722925817028	23.760858741095344	26.280170123754182	0.0
148.0	26.269321813726172	23.604809973769342	23.79868874529559	26.327179467208893	0.0
149.0	26.27349424066002	23.68186079114778	23.756408152365903	26.288236815826295	0.0
150.0	26.27015629911294	23.66322395084325	23.770316242145405	26.296303507898404	0.0
151.0	26.260976959858475	23.780330066786647	23.644587110538716	26.314105862816167	0.0
152.0	26.34220020417076	23.744447195155534	23.69994130786113	26.213411292812577	0.0
153.0	26.320503584114736	23.6673963777771	23.71941263355243	26.292687404555732	0.0
154.0	26.234829751073008	23.746672489520254	23.81426580584863	26.204231953558104	0.0
155.0	26.385871606078393	23.630957182554805	23.673794099075668	26.309377112291138	0.0
156.0	26.321338069501504	23.80202668684267	23.593405340150152	26.283229903505674	0.0
157.0	26.34533326657432	23.63908962954309	23.73366490311598	26.281912200766616	0.0
158.0	26.30813266166158	23.722048061062416	23.68143621297298	26.288383064303023	0.0
159.0	26.232750395687354	23.73178377807016	23.720935407690103	26.314530418552383	0.0
160.0	26.21188814495648	23.753758682173345	23.665859065760596	26.368494107109576	0.0
161.0	26.122597711828337	23.811338494190558	23.740406841705585	26.325656952275516	0.0
162.0	26.329273075735532	23.764328889210322	23.657514165468246	26.2488838695859	0.0
163.0	26.142903635873054	23.833035234950668	23.752089702114876	26.2719714270614	0.0
164.0	26.239704479264315	23.737625208274803	23.739294188333275	26.28337612412761	0.0
165.0	26.151526699508487	23.725386021179357	23.798821143752033	26.324266135560126	0.0
166.0	26.328716749049374	23.592145779844838	23.83080992820604	26.24832754289974	0.0
167.0	26.42941187924373	23.6786545795422	23.709530710623895	26.182402830590178	0.0
168.0	26.327604095677064	23.66530273907444	23.613564357261872	26.393528807986627	0.0
169.0	26.431915349331437	23.668918862534458	23.70535826047772	26.193807527656393	0.0
170.0	26.29617163790921	23.762103582465695	23.72371704112089	26.218007738504205	0.0
171.0	26.40882779185593	23.68310519303145	23.676151109454494	26.23191590565812	0.0
172.0	26.25361264641823	23.702854790390013	23.77462093290422	26.26891163028754	0.0
173.0	26.249996522958213	23.6118953772034	23.79937747043819	26.338730629400196	0.0
174.0	26.272805917090636	23.683939683060686	23.765441542582636	26.277812857266042	0.0
175.0	26.271136937032164	23.666137229103672	23.780740526451943	26.28198530741222	0.0
176.0	26.25194366635976	23.77768072967808	23.653063551978992	26.317312051983166	0.0
177.0	26.32982940242169	23.738459698304037	23.720935407690103	26.210775491584172	0.0
178.0	26.331498382480163	23.6619647789575	23.725664184522437	26.280872654039904	0.0
179.0	26.240538969293546	23.74457929185176	23.80911318744593	26.20576855140876	0.0
180.0	26.3746137006573	23.634426607992744	23.680879886286828	26.31007980506313	0.0
181.0	26.316199398610852	23.790754406802765	23.60355047691105	26.289495717675333	0.0
182.0	26.348817802503476	23.648122392211405	23.72739916550765	26.27566063977747	0.0
183.0	26.29937774513976	23.726908837020407	23.685462268323416	26.288251149516412	0.0
184.0	26.231227346946724	23.736922773081425	23.726074342348657	26.305775537623195	0.0
185.0	26.210364980152935	23.760566788781055	23.666547055763715	26.362521175302295	0.0
186.0	26.10577498129341	23.814252612663736	23.746936709142446	26.33303569690041	0.0
187.0	26.324968915073477	23.765573756811563	23.650691657000436	26.258765671114524	0.0
188.0	26.144319917216745	23.820491636832987	23.73676260733867	26.2984258386116	0.0
189.0	26.238619388972808	23.725357656477318	23.74232599800274	26.293696956547137	0.0
190.0	26.14292906955073	23.714509044682373	23.80574865157319	26.336813234193713	0.0
191.0	26.325481512801396	23.593570927864878	23.816663514069855	26.264284045263874	0.0
192.0	26.41811222502865	23.678691041803436	23.711515138028105	26.19168159513981	0.0
193.0	26.338833687536855	23.649204989262625	23.6127646790471	26.399196644153417	0.0
194.0	26.428960867001212	23.666729718602916	23.709289775572195	26.195019638823673	0.0
195.0	26.285703158902006	23.76436749635597	23.734325103201183	26.21560424154084	0.0
196.0	26.408932604898023	23.665338867067973	23.68425444794321	26.241474080090793	0.0
197.0	26.25510442513324	23.69732845237168	23.772434435258642	26.275132687236436	0.0
198.0	26.263449534342907	23.629454897466427	23.786064780301093	26.321030787889576	0.0
199.0	26.270960132631604	23.692321386845883	23.772156264951654	26.264562215570862	0.0
200.0	26.258442468817105	23.676465679347526	23.793297208282798	26.27179464355257	0.0
201.0	26.26596715328467	23.784382232508456	23.650302652661562	26.299347961545312	0.0
202.0	26.343577532490652	23.727634858465375	23.71901148299804	26.20977612604593	0.0
203.0	26.334675983621146	23.657535161118034	23.71984600320456	26.287942852056258	0.0
204.0	26.254840217197795	23.74849786362827	23.799403596225744	26.19725832294819	0.0
205.0	26.405610201175005	23.633612248531243	23.679789033291794	26.28098851700196	0.0
206.0	26.332523846481237	23.79501901320493	23.602244309251795	26.27021283106204	0.0
207.0	26.36291816649327	23.641254457753572	23.724985117640184	26.27084225811297	0.0
208.0	26.303461896880258	23.73228368360293	23.687497392102593	26.276757027414217	0.0
209.0	26.2323218835887	23.74319858463798	23.716771817382693	26.307707714390627	0.0
210.0	26.213127705266437	23.76211458646282	23.67838346073817	26.346374247532573	0.0
211.0	26.118269519644826	23.81802806244506	23.744867643622523	26.31883477428759	0.0
212.0	26.314808530051575	23.77671204677842	23.66071180198174	26.247767621188267	0.0
213.0	26.13448908002971	23.82893020176422	23.74992697765377	26.286653740552303	0.0
214.0	26.228514043935807	23.734627057491537	23.756046945718666	26.280811952853995	0.0
215.0	26.141165408827778	23.739634304090085	23.811961199402468	26.30723908767967	0.0
216.0	26.317048609372478	23.598106142795945	23.840680097252125	26.24416515057945	0.0
217.0	26.426651978702452	23.674049594133717	23.715776765198427	26.183521661965404	0.0
218.0	26.325950405866283	23.657636906848264	23.614518830081398	26.401893857204055	0.0
219.0	26.402728400625353	23.67321505071242	23.716054946338858	26.208001602323368	0.0
220.0	26.28171960453769	23.77196935556557	23.737474894152076	26.208836145744662	0.0
221.0	26.397999321238018	23.66292234851646	23.69463499852564	26.24444333171988	0.0
222.0	26.240548795753842	23.679056854661482	23.79533657136181	26.28505777822287	0.0
223.0	26.257385750369984	23.61131202083032	23.808821729406134	26.322480499393563	0.0
224.0	26.258498481122523	23.693654096518266	23.775439806829944	26.272407615529268	0.0
225.0	26.256273019617442	23.66639219308104	23.79213076811804	26.285204019183478	0.0
226.0	26.25682938499371	23.792965316182443	23.65665579899632	26.293549499827527	0.0
227.0	26.33917146068166	23.74038878812494	23.71535234619279	26.20508740500061	0.0
228.0	26.323036864769833	23.669174019962387	23.72202873070803	26.285760384559747	0.0
229.0	26.234852952631048	23.753741557155415	23.814385383168833	26.1970201070447	0.0
230.0	26.38952252723408	23.62967207824723	23.68892499081997	26.29188040369872	0.0
231.0	26.327561026496976	23.801655191598858	23.599415814729817	26.271367967174353	0.0
232.0	26.365745505933667	23.649276442802538	23.724942554955295	26.260035496308493	0.0
233.0	26.30713635946354	23.73167088121646	23.662402043013444	26.298790716306552	0.0
234.0	26.2407224008813	23.75204468826154	23.7111509230307	26.296081987826454	0.0
235.0	26.21930185718896	23.76817964325058	23.656904091602033	26.355614407958427	0.0
236.0	26.10635717226568	23.827990252261674	23.744255399646143	26.3213971758265	0.0
237.0	26.306374976353947	23.7840364093605	23.671926291074588	26.23766232321097	0.0
238.0	26.137732463522177	23.833196555992934	23.744175371732993	26.284895608751896	0.0
239.0	26.230648324593492	23.74111526852406	23.749461004548426	26.278775402334027	0.0
240.0	26.13734681670863	23.7448359321751	23.811047279909864	26.30676997120641	0.0
241.0	26.315716260992705	23.594005169108872	23.840497658877762	26.249780911020665	0.0
242.0	26.407997128779257	23.683676052850494	23.735703017842187	26.17262380052806	0.0
243.0	26.310502943762454	23.658056115123927	23.63384937285061	26.397591568263014	0.0
244.0	26.403056255808387	23.65454069906565	23.743857716044232	26.19854532908173	0.0
245.0	26.271224170650402	23.777192816477356	23.755210391287168	26.196372621585073	0.0
246.0	26.37838439491332	23.676990288560535	23.705095027409076	26.239530289117063	0.0
247.0	26.22239166066057	23.697604332182205	23.81253182768111	26.26747217947612	0.0
248.0	26.258581394895824	23.62468102395138	23.808344441259706	26.308393139893088	0.0
249.0	26.267764565761244	23.701485725734862	23.784690819333637	26.24605888917026	0.0
