# Position (bp)	A	C	G	T	N
0.0	26.22914733606957	23.737833914296143	23.736997996583884	26.296020753050403	0.0
1.0	26.18985920359333	23.64671888365976	23.81083739450022	26.35258451824669	0.0
2.0	26.258184959179694	23.649307587283012	23.815653821505197	26.2768536320321	0.0
3.0	26.264053161700176	23.757540296178657	23.77425781195581	26.204148730165365	0.0
4.0	26.18859218972896	23.777416191155492	23.81307952924394	26.22091208987161	0.0
5.0	26.388652845843307	23.82211424607232	23.656899592396226	26.13233331568815	0.0
6.0	26.318619475338224	23.691131566630265	23.67385829228609	26.316390665745427	0.0
7.0	26.172520330186185	23.8376482452939	23.715346748423872	26.274484676096048	0.0
8.0	26.210149207162836	23.85865992132916	23.655854068931703	26.275336802576305	0.0
9.0	26.2408976694691	23.731523731523733	23.883066740209596	26.144511858797575	0.0
10.0	26.336197891276797	23.782609301224287	23.641934899786897	26.239257907712023	0.0
11.0	26.176581194200317	23.79208044904383	23.768959705837293	26.26237865091856	0.0
12.0	26.326726743457247	23.70154741841581	23.627728178057577	26.343997660069363	0.0
13.0	26.306113068791177	23.777595164143346	23.74946028385587	26.166831483209606	0.0
14.0	26.312798584899088	23.761159937044724	23.660041505912506	26.265999972143682	0.0
15.0	26.250957560900872	23.699040349875343	23.728289482847472	26.321712606376312	0.0
16.0	26.342326281042382	23.74500327311726	23.677033859353454	26.235636586486898	0.0
17.0	26.15847458807471	23.687897823028816	23.759209994846582	26.39441759404989	0.0
18.0	26.213557074649152	23.667775344999527	23.792849860440242	26.325817719911083	0.0
19.0	26.296847230811228	23.732401820683815	23.711231078649305	26.259519869855648	0.0
20.0	26.178385289718015	23.884987478655216	23.625646611158622	26.31098062046815	0.0
21.0	26.389534997089033	23.675509140999534	23.640967500215883	26.293988361695547	0.0
22.0	26.304295141606797	23.637903322404433	23.79835481507687	26.2594467209119	0.0
23.0	26.313209113421937	23.706986603971732	23.6629738681345	26.31683041447183	0.0
24.0	26.1491363196996	23.72648591731734	23.81646132032636	26.307916442656698	0.0
25.0	26.255825419862	23.71617913740609	23.713672082833085	26.31432335989883	0.0
26.0	26.219612409363013	23.628432227350853	23.78888372002329	26.36307164326285	0.0
27.0	26.263346583581022	23.661581060038387	23.794454952407747	26.280617403972844	0.0
28.0	26.278946034257505	23.759913311624096	23.777462693635147	26.183677960483248	0.0
29.0	26.20707713649798	23.7696629682969	23.804761732318998	26.21849816288612	0.0
30.0	26.381456710131562	23.816182758707143	23.666038045945953	26.13632248521534	0.0
31.0	26.306523634560584	23.682194619860887	23.67690194909565	26.33437979648288	0.0
32.0	26.168078509806765	23.813397142514912	23.72286461626744	26.295659731410886	0.0
33.0	26.20317727382886	23.844874605487107	23.660188251942273	26.291759868741764	0.0
34.0	26.250532749096767	23.705593795875618	23.878580561413088	26.165292893614534	0.0
35.0	26.343850891536462	23.787769473546398	23.63957469211977	26.228804942797375	0.0
36.0	26.1903634393446	23.789440843261733	23.763256051054775	26.25693966633889	0.0
37.0	26.32630150952541	23.71060790502163	23.627596542493183	26.335494042959773	0.0
38.0	26.3176660993295	23.778298378492817	23.74514954580528	26.158885976372403	0.0
39.0	26.31460192151805	23.759913311624096	23.651274280127137	26.274210486730716	0.0
40.0	26.24913994100065	23.690551468437576	23.731778588082577	26.3285300024792	0.0
41.0	26.350257808778593	23.74069255989771	23.676623387476425	26.232426243847268	0.0
42.0	26.180056659433347	23.68637304414923	23.748770846855177	26.38479944956224	0.0
43.0	26.21313247239462	23.662629391511693	23.793831548686864	26.330406587406824	0.0
44.0	26.299764894648288	23.73199104148328	23.711934660768605	26.256309403099827	0.0
45.0	26.17656808425885	23.89070417199413	23.628857708732024	26.303870035015	0.0
46.0	26.383259654195534	23.67064171882704	23.64779979330843	26.298298833668998	0.0
47.0	26.309441236361003	23.62133658691492	23.809921752477095	26.259300424246984	0.0
48.0	26.319469398783806	23.705461727239555	23.658942196000435	26.316126677976204	0.0
49.0	26.15400471880754	23.716604129931557	23.810200312544396	26.319190838716505	0.0
50.0	26.241194019872477	23.729975013161962	23.715489889662358	26.313341077303203	0.0
51.0	26.20832393193106	23.632757549674224	23.79766510951589	26.36125340887882	0.0
52.0	26.25790762391048	23.65169963425063	23.80184351052539	26.288549231313496	0.0
53.0	26.28102810949639	23.75142413834407	23.76758062224748	26.19996712991206	0.0
54.0	26.201917050383162	23.77259470345888	23.80045071018889	26.22503753596907	0.0
55.0	26.389109415608836	23.806857591736794	23.657549395663935	26.14648359699044	0.0
56.0	26.292727632323	23.680112761115243	23.680669881249845	26.346489725311915	0.0
57.0	26.159575920153543	23.805743351467594	23.719389730604558	26.315290997774305	0.0
58.0	26.192724568162255	23.84808448169721	23.659777876202334	26.2994130739382	0.0
59.0	26.240079779603278	23.705740287306853	23.88875425152303	26.165425681566845	0.0
60.0	26.32392635986061	23.79097966790069	23.64807835337573	26.237015618862973	0.0
61.0	26.20386697085426	23.775380304131883	23.756438219555474	26.264314505458387	0.0
62.0	26.337854363225617	23.69849772555705	23.62272938725142	26.340918523965918	0.0
63.0	26.311391156832105	23.779558705141383	23.749474217872972	26.159575920153543	0.0
64.0	26.326154840399006	23.757273899757376	23.64445707250083	26.272114187342787	0.0
65.0	26.261528904785386	23.69877628562435	23.72468237188326	26.315012437707004	0.0
66.0	26.35651788773472	23.742510216190468	23.67788428057684	26.22308761549797	0.0
67.0	26.193838808431458	23.684848282259345	23.731367813498462	26.389945095810734	0.0
68.0	26.23053566951726	23.65163375024374	23.790077718042284	26.327752862196718	0.0
69.0	26.295718543692026	23.72879467394635	23.72127357308003	26.254213209281595	0.0
70.0	26.17781504271695	23.885278461019915	23.64543957926522	26.29146691699792	0.0
71.0	26.403447440186522	23.681652186266508	23.642096877080483	26.272803496466484	0.0
72.0	26.322386912206714	23.612291115933267	23.80477505007089	26.260546921789125	0.0
73.0	26.327122406968417	23.684994888451243	23.666610026435205	26.321272678145135	0.0
74.0	26.15330189336223	23.71981470287556	23.817310183263647	26.309573220498567	0.0
75.0	26.248847464142557	23.718979027329375	23.72956425091437	26.302609257613703	0.0
76.0	26.22544854884941	23.621762105456686	23.793354150939717	26.359435194754187	0.0
77.0	26.2619397143661	23.65296065918087	23.77691919853144	26.30818042792159	0.0
78.0	26.29453106066726	23.749341905507382	23.75491307581527	26.20121395801009	0.0
79.0	26.218484585964553	23.768283884554208	23.790847124301166	26.222384405180073	0.0
80.0	26.389519514416797	23.813131805532727	23.656581919881	26.140766760169477	0.0
81.0	26.283945837082268	23.679145159627957	23.69028750024374	26.346621503046038	0.0
82.0	26.16695126061656	23.803103698978525	23.720093261390954	26.30985177901396	0.0
83.0	26.188121707786543	23.852687114718755	23.676081015958616	26.283110161536083	0.0
84.0	26.228512692518752	23.717864793267797	23.889735397266225	26.163887116947222	0.0
85.0	26.31876565150658	23.796139736093664	23.644882462234428	26.240212150165327	0.0
86.0	26.19257864403286	23.76410550682329	23.775804964469863	26.26751088467399	0.0
87.0	26.325729614391445	23.70811524522899	23.621762105456686	26.34439303492288	0.0
88.0	26.310966013075536	23.766055416431055	23.755191634330668	26.167786936162745	0.0
89.0	26.32155123666053	23.76521974088487	23.649060839965347	26.264168182489257	0.0
90.0	26.259154129212153	23.694465877974658	23.72482875615266	26.32155123666053	0.0
91.0	26.35832096069261	23.736249655283835	23.678866601112563	26.226562782910996	0.0
92.0	26.187286032240365	23.679980835174142	23.728728575368187	26.404004557217313	0.0
93.0	26.23094665062174	23.649830636894414	23.789945179836877	26.329277532646966	0.0
94.0	26.312285510540622	23.7155702634042	23.724205553327092	26.247938672728083	0.0
95.0	26.187697253149782	23.880688481391	23.6444721763377	26.287142089121513	0.0
96.0	26.39912198845103	23.662021265038593	23.66090703718457	26.27794970932581	0.0
97.0	26.32474727919486	23.61188101160747	23.806870886061844	26.256500823135827	0.0
98.0	26.330875532391996	23.6756705562504	23.666199619491188	26.327254291866414	0.0
99.0	26.160955784653183	23.724418024863994	23.81550615193054	26.29912003855228	0.0
100.0	26.268478772566596	23.70826172098063	23.730267721097626	26.292991785355145	0.0
101.0	26.235051936945847	23.631379999052907	23.791550253069	26.342017810932244	0.0
102.0	26.26457897507751	23.65477878398743	23.775115392222133	26.30552684871293	0.0
103.0	26.289370544829566	23.743081341418915	23.76397311368188	26.20357500006964	0.0
104.0	26.23031646856624	23.77093703776954	23.787371898616406	26.211374595047815	0.0
105.0	26.398007760597004	23.81912739245612	23.65645012576847	26.12641472117841	0.0
106.0	26.280735278960872	23.678456125885464	23.680684581593514	26.360124013560153	0.0
107.0	26.164298468215257	23.794892936631076	23.72107534130192	26.319733253851744	0.0
108.0	26.197168189908997	23.854504126821414	23.677620454994944	26.27070722827465	0.0
109.0	26.239508848361947	23.7113258475792	23.88375260798957	26.165412696069286	0.0
110.0	26.310262317092537	23.78960035432446	23.65645012576847	26.24368720281454	0.0
111.0	26.18156899995265	23.780965088455762	23.76425167064539	26.273214240946203	0.0
112.0	26.33198976024602	23.702969138674014	23.627758758527325	26.337282342552644	0.0
113.0	26.320568924742265	23.7558949617402	23.76787291117097	26.155663202346563	0.0
114.0	26.336446671662124	23.769822809915514	23.648371973826787	26.245358544595575	0.0
115.0	26.27126434220166	23.687927062644675	23.717732657739845	26.32307593741382	0.0
116.0	26.34675327931185	23.735003189477233	23.68987696138922	26.2283665698217	0.0
117.0	26.18714013922277	23.68235592337455	23.732496176805675	26.398007760597004	0.0
118.0	26.23874626732629	23.63534563444311	23.796909123323083	26.32899897490752	0.0
119.0	26.309499933146142	23.714734590185856	23.7150131479253	26.260752328742704	0.0
120.0	26.177536484201553	23.880542966258204	23.65296065918087	26.28895989035937	0.0
121.0	26.40289032315573	23.666331467919807	23.656581919881	26.274196289043456	0.0
122.0	26.323501146268292	23.620090754364316	23.80393937452471	26.252468724842682	0.0
123.0	26.331857901730128	23.686944798059002	23.66772426049678	26.313473039714086	0.0
124.0	26.169736845770508	23.722043170998717	23.81146045444036	26.296759528790414	0.0
125.0	26.278653225289773	23.70700101116741	23.731235602006738	26.283110161536083	0.0
126.0	26.224612873303233	23.62649760021839	23.790290007270375	26.358599519208003	0.0
127.0	26.26138259733531	23.646553813326797	23.7841617199317	26.307901869406198	0.0
128.0	26.289238448874762	23.73875668192239	23.77079091119276	26.20121395801009	0.0
129.0	26.215977559326	23.789175773208797	23.77469073040828	26.220155937056916	0.0
130.0	26.397597711363236	23.812296129986546	23.664381558312048	26.125724600338167	0.0
131.0	26.300937906521334	23.678588042597166	23.684437771420452	26.336036279461045	0.0
132.0	26.155530361485386	23.78499739547788	23.732906953099103	26.32656528993763	0.0
133.0	26.192300085517463	23.858258285026643	23.67552389892783	26.273917730528062	0.0
134.0	26.248290347111762	23.715079208113853	23.869957742673215	26.166672702101167	0.0
135.0	26.316258624868034	23.781097576262358	23.65964606355034	26.242997735319268	0.0
136.0	26.1953642291868	23.778590549623807	23.760762804638556	26.265282416550832	0.0
137.0	26.331300784699334	23.699758489767152	23.627611834279968	26.34132889125354	0.0
138.0	26.324336821814477	23.7585343365154	23.762434155730926	26.1546946859392	0.0
139.0	26.337707630553414	23.756584426907636	23.65407489324245	26.2516330492965	0.0
140.0	26.26890367725096	23.700594165313337	23.71730767623701	26.313194481198693	0.0
141.0	26.355813934054055	23.739592357468574	23.68973038321295	26.21486332526442	0.0
142.0	26.188400266301944	23.67329543080467	23.731235602006738	26.407068700886654	0.0
143.0	26.25059193849411	23.63547731134572	23.79899161536533	26.31493913479484	0.0
144.0	26.306303796763142	23.7260090810329	23.716816624418506	26.250870497785456	0.0
145.0	26.181860725537554	23.882068809907825	23.637214510751026	26.298855953803596	0.0
146.0	26.40303741897384	23.658942196000435	23.662842036942635	26.275178348083088	0.0
147.0	26.32643340046631	23.62300794731872	23.811871672948197	26.238686979266774	0.0
148.0	26.33339740214881	23.668970358423238	23.669806038625136	26.32782620080281	0.0
149.0	26.17740376446075	23.712147168854756	23.819949914899897	26.290499151784598	0.0
150.0	26.282142349765593	23.71966829067186	23.72412525174866	26.27406410781389	0.0
151.0	26.23450857825727	23.62774346846282	23.783179986016282	26.35456796726362	0.0
152.0	26.263757385323782	23.652535314452532	23.777330224602984	26.306377075620702	0.0
153.0	26.3030343548131	23.736103334642568	23.77064478298778	26.190217527556552	0.0
154.0	26.228380256776667	23.76479502157448	23.77705166453568	26.22977305711317	0.0
155.0	26.385766694801234	23.816050073957697	23.67092027889434	26.12726295234673	0.0
156.0	26.299134513870897	23.679277080913344	23.690140923538046	26.33144748167771	0.0
157.0	26.165982801701443	23.790701107833385	23.725518052085164	26.31779803838001	0.0
158.0	26.19690296917176	23.854491363245113	23.67147739902894	26.27712826855419	0.0
159.0	26.242029700074376	23.713261409123955	23.888475691455728	26.15623319934594	0.0
160.0	26.328661881004713	23.791258227967987	23.651421074183332	26.228658816843968	0.0
161.0	26.20553833125806	23.760616620564974	23.775380304131883	26.258464744045085	0.0
162.0	26.331726041745014	23.702954686633852	23.626907788260922	26.338411483360215	0.0
163.0	26.31668379811081	23.753374058815172	23.767023502112878	26.16291864096114	0.0
164.0	26.33813292329291	23.74891709773837	23.652535314452532	26.260414664516183	0.0
165.0	26.270999947073587	23.69487644468215	23.712425728922057	26.32169787932221	0.0
166.0	26.361810529013425	23.727467972556262	23.691533723874546	26.21918777455577	0.0
167.0	26.18213928560485	23.681227001384446	23.736103334642568	26.40053037836814	0.0
168.0	26.238202948287963	23.6420158891105	23.796617157119456	26.323164005482074	0.0
169.0	26.30672891572977	23.73672657581869	23.70413495715734	26.252409551294193	0.0
170.0	26.188692069629262	23.88415179379755	23.640131815358217	26.287024321214975	0.0
171.0	26.399284653761836	23.65628838927315	23.66380955299217	26.280617403972844	0.0
172.0	26.32797287924075	23.621189625251056	23.80782591013045	26.243011585377747	0.0
173.0	26.346357946109467	23.67216640156886	23.669380785376628	26.312094866945042	0.0
174.0	26.174206865429667	23.700858248348826	23.8289965931914	26.295938293030108	0.0
175.0	26.287024321214975	23.711165028260076	23.724257424363557	26.277553226161395	0.0
176.0	26.230197750893485	23.628432227350853	23.80615454041511	26.33521548134055	0.0
177.0	26.25526829662356	23.656845512511595	23.79194789783474	26.295938293030108	0.0
178.0	26.300952402176126	23.734285642655585	23.777184132015922	26.18757782315237	0.0
179.0	26.222676587174465	23.76687735210467	23.791669336215516	26.218776724505343	0.0
180.0	26.39482766785427	23.809218718226568	23.684144551195445	26.11180906272372	0.0
181.0	26.303180895129906	23.667709415661292	23.695565577583587	26.333544111625212	0.0
182.0	26.15108625103416	23.792783582692408	23.74709947713984	26.30903068913359	0.0
183.0	26.19175624744072	23.8593598096867	23.677180510714873	26.27170343215771	0.0
184.0	26.25136843395443	23.71450776769075	23.883873232178324	26.150250566176492	0.0
185.0	26.333544111625212	23.784426734115723	23.64514592450423	26.236883229754838	0.0
186.0	26.192194015839277	23.75418197620487	23.774795880561925	26.27882812739393	0.0
187.0	26.32897005691109	23.699025853735993	23.624648658285537	26.34735543106738	0.0
188.0	26.303620525877413	23.74526785540182	23.78287430253969	26.16823731618108	0.0
189.0	26.33398424986281	23.75056061462863	23.642755466166733	26.272699669341833	0.0
190.0	26.27799242856864	23.69317596195899	23.69735445608542	26.33147715338695	0.0
191.0	26.383085408657863	23.714134492172263	23.685999220012256	26.216780879157614	0.0
192.0	26.184745668282357	23.678477909632846	23.738091258565937	26.39868516351886	0.0
193.0	26.242555254082422	23.639053089604378	23.79644435035016	26.32194730596304	0.0
194.0	26.296318994478767	23.740173492526004	23.710366651995386	26.253140860999842	0.0
195.0	26.194714424601017	23.88509570251019	23.64608317524521	26.274106697643578	0.0
196.0	26.39779150196252	23.679511500736815	23.66056878295824	26.26212821434242	0.0
197.0	26.316449243266284	23.641626065179665	23.805981998846722	26.235942692707333	0.0
198.0	26.342356195522278	23.67421868253398	23.682854333285977	26.30057078865777	0.0
199.0	26.171314596756893	23.699011357273587	23.83411750613549	26.29555653983403	0.0
200.0	26.291656568526673	23.7062541611301	23.722132615738612	26.279956654604614	0.0
201.0	26.229535596988107	23.619619084231022	23.81461764959872	26.33622766918215	0.0
202.0	26.255999688002298	23.664468754265595	23.80013204188569	26.279399515846418	0.0
203.0	26.323692047122798	23.74525387420364	23.761968036949444	26.16908604172412	0.0
204.0	26.242349788426555	23.74413959668725	23.797624917473822	26.215885697412368	0.0
205.0	26.404214244525352	23.80011867187783	23.673925337003062	26.121741746593756	0.0
206.0	26.30364957810197	23.67086103968822	23.69648970813961	26.328999674070197	0.0
207.0	26.156430463742197	23.800251273779775	23.75010794743865	26.293210315039378	0.0
208.0	26.210268267543245	23.85631111234922	23.66966598880129	26.263754631306234	0.0
209.0	26.26291890687244	23.718973730395298	23.888068640833495	26.130038721898767	0.0
210.0	26.326155389029726	23.79363177981447	23.660473020029528	26.21973981112628	0.0
211.0	26.193215532346986	23.761794259639466	23.780180350840048	26.2648098571735	0.0
212.0	26.323589633587492	23.70830744887413	23.64033462685985	26.327768290678534	0.0
213.0	26.301303462435264	23.75427267687559	23.787980510743328	26.156443349945818	0.0
214.0	26.33584702772121	23.760401373942454	23.64200608969627	26.26174550864007	0.0
215.0	26.281803062677074	23.679892580655046	23.701900174667866	26.336404182000017	0.0
216.0	26.35653515931871	23.73818133193673	23.69388744337904	26.211396065365523	0.0
217.0	26.164873553484174	23.688315885069894	23.737624176105815	26.409186385340117	0.0
218.0	26.232992723504307	23.639696459812125	23.798208176864534	26.329102639819034	0.0
219.0	26.28870861702009	23.743606601219064	23.727448992099486	26.24023578966136	0.0
220.0	26.190164445917823	23.873212559511707	23.643941018990816	26.292681975579658	0.0
221.0	26.391577962074088	23.667898919944395	23.66455595702064	26.275967160960878	0.0
222.0	26.31998283945699	23.619983118037236	23.81582502932057	26.244209013185205	0.0
223.0	26.33335469115201	23.67959929017754	23.68182793212671	26.305218086543736	0.0
224.0	26.155620495705683	23.710521697222276	23.83003262174653	26.303825185325508	0.0
225.0	26.285996049732148	23.721107746480836	23.73197237598304	26.26092382780398	0.0
226.0	26.225265556617256	23.632797809244966	23.812760646640463	26.329175987497315	0.0
227.0	26.235851605875816	23.665113117507932	23.812482066396814	26.286553210219438	0.0
228.0	26.318868518482407	23.73726540061232	23.773480832286335	26.17038524861894	0.0
229.0	26.233344383683	23.75147299303828	23.791588548123343	26.223594075155376	0.0
230.0	26.402999752063582	23.811924905909525	23.66177015458418	26.123305187442718	0.0
231.0	26.30647897682478	23.66357348012737	23.68836725995303	26.341580283094824	0.0
232.0	26.15827346146239	23.800078560066414	23.75132674580247	26.290321232668727	0.0
233.0	26.206262536215736	23.863940271896592	23.67366837530644	26.25612881658124	0.0
234.0	26.256407399153108	23.712112770225094	23.895420102518386	26.13605972810341	0.0
235.0	26.324102964118563	23.789837307778026	23.649431691553378	26.236628036550037	0.0
236.0	26.19589533008132	23.762177642447423	23.783071509958017	26.25885551751324	0.0
237.0	26.33518778015194	23.702281888917057	23.633471418582168	26.329058912348835	0.0
238.0	26.29618589413217	23.76162047264714	23.78195717035745	26.16023646286324	0.0
239.0	26.331302426780105	23.76912854886294	23.64404253481654	26.255526489540415	0.0
240.0	26.275129268075244	23.684753053401085	23.718184452170814	26.321933226352854	0.0
241.0	26.35387007082082	23.728317740866007	23.708258342759393	26.209553845553778	0.0
242.0	26.160207063910647	23.677223248440473	23.761921080566026	26.400648607082854	0.0
243.0	26.22218631062172	23.632650331841766	23.817935615453628	26.327227742082886	0.0
244.0	26.283585541255572	23.73633660911069	23.738008397952616	26.24206945168112	0.0
245.0	26.183948016629326	23.876795844896957	23.653325308456214	26.285930830017502	0.0
246.0	26.400104774484067	23.676804155311455	23.66426465588827	26.258826414316204	0.0
247.0	26.331438443961435	23.64376079808282	23.81430084155381	26.210499916401943	0.0
248.0	26.321582834053224	23.694858576006688	23.701546607217498	26.282011982722587	0.0
249.0	26.133481956249128	23.71743068134318	23.868468719520692	26.280618642887	0.0
