# Position (bp)	A	C	G	T	N
0.0	26.119270819262713	23.921702822528598	23.682764955379255	26.27626140282943	0.0
1.0	26.05923617927544	24.026763442506326	23.737696650967607	26.176303727250623	0.0
2.0	26.095034562661517	23.88530539105483	23.84238345794701	26.17727658833664	0.0
3.0	26.13431379905455	24.069032790575523	23.706460568770165	26.09019284159976	0.0
4.0	25.9215462648939	23.96530508118491	23.756115129505687	26.357033524415495	0.0
5.0	26.103880124005507	23.84104966522714	23.919978632158	26.135091578609348	0.0
6.0	26.138767769098497	23.955910729129467	23.84607766937848	26.059243832393552	0.0
7.0	26.114901967844734	23.965216138847378	23.766571245101392	26.153310648206496	0.0
8.0	26.220201929279746	23.822254226862896	23.875361927479485	26.082181916377873	0.0
9.0	26.141327828716815	23.931280303393983	23.81096682828477	26.116425039604437	0.0
10.0	26.128215436495317	23.91348698224497	23.773678873374656	26.18461870788506	0.0
11.0	26.202319734544606	23.7685785775575	23.858283780459267	26.170817907438632	0.0
12.0	26.18251858607799	23.773678873374656	23.789879813029156	26.253922727518198	0.0
13.0	26.092213348374205	23.817481413922007	23.862484024073396	26.227821213630392	0.0
14.0	26.262923249548475	23.71847567158895	23.84028273639871	26.178318342463864	0.0
15.0	26.063711695278325	23.830382162165407	23.871184528702667	26.2347216138536	0.0
16.0	26.258723005934343	23.768878594958505	23.76467835134438	26.207720047762773	0.0
17.0	26.2784453144923	23.77390756491607	23.765807119391567	26.18184000120007	0.0
18.0	26.13503742705849	23.805109281010456	23.789508422963262	26.270344868967793	0.0
19.0	26.178239803189175	23.812309677032236	23.830910700088506	26.178539819690084	0.0
20.0	26.206141337773577	23.76910730090155	23.90381470980904	26.120936651515837	0.0
21.0	26.16653915965378	23.802709149003196	23.831810749591227	26.198940941751797	0.0
22.0	26.25024376340699	23.785608208451464	23.900814544799964	26.063333483341584	0.0
23.0	26.22174219582077	23.763406987384307	23.902314627304502	26.11253618949042	0.0
24.0	26.2070413872763	23.74060573331533	23.88551370325368	26.16683917615469	0.0
25.0	26.14883818610024	23.855512053162926	23.711504132727303	26.284145628009544	0.0
26.0	26.076534209381514	23.990519478571322	23.744205931326224	26.188740380720937	0.0
27.0	26.099935496452304	23.895114231282722	23.817409957547664	26.18754031471731	0.0
28.0	26.14883818610024	24.032821805199287	23.702203621199168	26.116136387501314	0.0
29.0	25.956827625519402	23.904114726309945	23.771807449409717	26.36725019876093	0.0
30.0	26.09843541394777	23.848911690142955	23.89631429728635	26.156338598622924	0.0
31.0	26.14973823560296	23.950917300451525	23.846811574636607	26.05253288930891	0.0
32.0	26.120336618514017	23.952117366455155	23.790408472465984	26.137137542564844	0.0
33.0	26.23614298786433	23.806009330513177	23.865712614193782	26.092135067428707	0.0
34.0	26.15303841711294	23.926315947377105	23.824610353569447	26.096035281940505	0.0
35.0	26.146059595098947	23.89924276062355	23.755535287834967	26.199162356442535	0.0
36.0	26.212063027277416	23.751935100625232	23.84313984327185	26.1928620288255	0.0
37.0	26.184461592002783	23.771136099077154	23.78073659830311	26.26366571061695	0.0
38.0	26.102557332981313	23.801737690359897	23.8551404673043	26.240564509354485	0.0
39.0	26.244764727765848	23.723433618548164	23.842539812070225	26.189261841615764	0.0
40.0	26.04975458723854	23.833839359646703	23.875541528159463	26.2408645249553	0.0
41.0	26.25856544540316	23.765435802661738	23.77623636429094	26.19976238764416	0.0
42.0	26.272287342079764	23.779765208495217	23.765664517561362	26.18228293186366	0.0
43.0	26.129780359237603	23.787565590713942	23.79746607583772	26.28518797421074	0.0
44.0	26.18258294656438	23.800166208144198	23.83916811923784	26.178082726053574	0.0
45.0	26.206884137322728	23.77376491448081	23.859569118886824	26.159781829309637	0.0
46.0	26.17388252024349	23.80076623754564	23.82926763411407	26.1960836080968	0.0
47.0	26.25188634243078	23.75426395893399	23.919872073731614	26.07397762490362	0.0
48.0	26.250086254226456	23.760564267649116	23.869169589309877	26.120179888814555	0.0
49.0	26.21708463714722	23.744363473810218	23.874569853922843	26.16398203511972	0.0
50.0	26.151381417689468	23.849368619062332	23.73026278287636	26.268987180371838	0.0
51.0	26.06287708097697	23.984375234386484	23.74166334150373	26.21108434313281	0.0
52.0	26.109679374289342	23.878170030331486	23.815766972581656	26.196383622797516	0.0
53.0	26.17208243203917	24.02577726308589	23.710761827329538	26.0913784775454	0.0
54.0	25.970772567855825	23.906671426899916	23.75756412064191	26.364991884602347	0.0
55.0	26.091678492246118	23.848168560259452	23.912671720914325	26.147481226580105	0.0
56.0	26.168182240929806	23.93547283816907	23.840068163340003	26.05627675756112	0.0
57.0	26.131580447441927	23.9609740877303	23.777065076188734	26.13038038863904	0.0
58.0	26.228185181073872	23.81726704608526	23.876369942127166	26.078177830713706	0.0
59.0	26.14688119717866	23.909371559206402	23.843068310347206	26.10067893326773	0.0
60.0	26.150102904733618	23.89579920676351	23.75119255485752	26.202905333645347	0.0
61.0	26.206505499252962	23.754792720465144	23.8465969434594	26.192104836822494	0.0
62.0	26.204405402648522	23.752092596259427	23.7862941695318	26.257207831560255	0.0
63.0	26.108100972644742	23.82139578420607	23.847796998661938	26.22270624448725	0.0
64.0	26.24400722433232	23.73799194762959	23.833696350032103	26.184304478005988	0.0
65.0	26.04899825391968	23.832196281028928	23.893399096358433	26.225406368692962	0.0
66.0	26.24070707252534	23.78569414193053	23.782393990123545	26.191204795420592	0.0
67.0	26.28893042400823	23.770322123851326	23.770322123851326	26.170425328289117	0.0
68.0	26.14282414143808	23.790422988188492	23.778722485066858	26.288030385306566	0.0
69.0	26.183025870112413	23.803923568713454	23.835724936172255	26.177325625001874	0.0
70.0	26.210327044062893	23.76942208514966	23.877726742249916	26.142524128537524	0.0
71.0	26.164725083178574	23.78322267857518	23.84742543929389	26.204626798952358	0.0
72.0	26.231627960002278	23.76882205934855	23.913728290316485	26.085821690332683	0.0
73.0	26.24392848892502	23.767922020646886	23.855225774708313	26.132923715719773	0.0
74.0	26.225327689090633	23.74092085959696	23.867526303631056	26.16622514768135	0.0
75.0	26.161424941272475	23.851625619901657	23.727720291972553	26.259229146853315	0.0
76.0	26.0870217419349	23.980331154239632	23.74512104020473	26.187526063620737	0.0
77.0	26.118823109393702	23.89392743887987	23.83332483296782	26.153924618758605	0.0
78.0	26.1632250186758	24.0322333860356	23.711219582442045	26.093322012846553	0.0
79.0	25.976616994530765	23.921528625730907	23.74152088539807	26.360333494340253	0.0
80.0	26.098122219255426	23.862426084321626	23.92992898694644	26.109522709476508	0.0
81.0	26.16112492837192	23.95723016089692	23.841425181282798	26.040219729448367	0.0
82.0	26.118823109393702	23.97703101233353	23.80122345260846	26.102922425664303	0.0
83.0	26.231027934201173	23.81382399443176	23.890927309874325	26.064220761492745	0.0
84.0	26.16052490257081	23.918828509625914	23.84622538769167	26.0744212001116	0.0
85.0	26.14964598583943	23.90495619824793	23.754350174006962	26.191047641905673	0.0
86.0	26.19434777391096	23.7507500300012	23.846453858154327	26.208448337933515	0.0
87.0	26.206048241929675	23.75765030601224	23.79395175807032	26.24234969398776	0.0
88.0	26.107644305772233	23.821252850114007	23.861454458178326	26.209648385935434	0.0
89.0	26.23784951398056	23.74144965798632	23.845253810152407	26.175447017880714	0.0
90.0	26.02604104164167	23.843153726149048	23.89775591023641	26.233049321972878	0.0
91.0	26.223748949957997	23.778651146045842	23.815852634105365	26.1817472698908	0.0
92.0	26.282172440380293	23.76267921913111	23.808280906393538	26.14686743409506	0.0
93.0	26.12796673476919	23.79628046237711	23.762079196930287	26.31367360592342	0.0
94.0	26.165468122320522	23.81338109510052	23.84698233834652	26.174168444232436	0.0
95.0	26.219470120394455	23.75457891942002	23.895884147713463	26.130066812472062	0.0
96.0	26.144767356392183	23.789680218168073	23.85268254925432	26.21286987618542	0.0
97.0	26.232070586611705	23.761179163629052	23.91868499134468	26.08806525841456	0.0
98.0	26.245571086130187	23.77587970754918	23.855682660258427	26.122866546062205	0.0
99.0	26.202369487671046	23.75457891942002	23.847882371647753	26.19516922126119	0.0
100.0	26.16456808901929	23.86918315977691	23.70837720995677	26.257871541247024	0.0
101.0	26.08806525841456	23.97748716702518	23.752478841717142	26.181968732843114	0.0
102.0	26.110866102045776	23.89318404780977	23.83138176112516	26.16456808901929	0.0
103.0	26.173868433132025	24.03148916509911	23.71737754296909	26.077264858799776	0.0
104.0	25.99806192829135	23.900384314219625	23.758179052624946	26.343374704864083	0.0
105.0	26.10066572463181	23.856282682459252	23.92678529105577	26.11626630185317	0.0
106.0	26.171768355429155	23.94418593487959	23.83948206083625	26.044563648855007	0.0
107.0	26.105165891137972	23.967586800711626	23.815181161702984	26.11206614644742	0.0
108.0	26.229970508908828	23.824181494715305	23.891083970106894	26.054764026268973	0.0
109.0	26.15586776710738	23.891683992307716	23.859282793463358	26.093165447121542	0.0
110.0	26.162389521243725	23.891012294418008	23.774608336683446	26.17198984765482	0.0
111.0	26.2019908676895	23.74730740845189	23.85561109077709	26.195090633081524	0.0
112.0	26.216391357306147	23.75630771446229	23.79890916291154	26.22839176532002	0.0
113.0	26.10058741997228	23.81840982593408	23.874511733398933	26.206491020694706	0.0
114.0	26.246992397741526	23.749107469653968	23.832510305350382	26.171389827254128	0.0
115.0	26.048985665512625	23.824710040141365	23.900012600428415	26.22629169391759	0.0
116.0	26.238292101931464	23.771008214279284	23.81690977493235	26.173789908856904	0.0
117.0	26.29267282889467	23.75457891942002	23.79658047347752	26.156167778207795	0.0
118.0	26.128566756970006	23.7875801404652	23.78398000726027	26.299873095304527	0.0
119.0	26.173568422031618	23.82628157241818	23.859582804563768	26.140567200986435	0.0
120.0	26.222170220298153	23.739578364399485	23.89708419211511	26.141167223187256	0.0
121.0	26.169968288826688	23.778279796352464	23.848182382748163	26.203569532072684	0.0
122.0	26.23447067541499	23.740478397700716	23.91058469163359	26.114466235250706	0.0
123.0	26.256971507945792	23.77647972975	23.858082749061715	26.108466013242488	0.0
124.0	26.19816933226529	23.766579363436446	23.86108286006582	26.174168444232436	0.0
125.0	26.175968510834903	23.86498300437116	23.723377764977304	26.235670719816635	0.0
126.0	26.088365269514973	23.984687433435038	23.759979119227413	26.166968177822582	0.0
127.0	26.11206614644742	23.87548339288554	23.84698233834652	26.165468122320522	0.0
128.0	26.17056831102751	24.02398888758884	23.735078197893323	26.070364603490333	0.0
129.0	26.00016200599422	23.883583692596627	23.768679441139323	26.34757486026983	0.0
130.0	26.100065702430992	23.840982116338306	23.933985557465626	26.12496662376508	0.0
131.0	26.17116833322833	23.945085968180823	23.854782626957196	26.028963071633648	0.0
132.0	26.12226652386138	23.956186378896017	23.806180828690664	26.115366268551938	0.0
133.0	26.211369820683366	23.84698233834652	23.878783514990054	26.062864325980062	0.0
134.0	26.139367156584793	23.896784181014695	23.87308330408225	26.090765358318258	0.0
135.0	26.17244689787592	23.88515540621625	23.77145085803432	26.170946837873515	0.0
136.0	26.21054842193688	23.7267490699628	23.858754350174006	26.203948157926316	0.0
137.0	26.2252490099604	23.73184927397096	23.819752790111604	26.22314892595704	0.0
138.0	26.13172366411756	23.785622781779615	23.875026626144923	26.2076269279579	0.0
139.0	26.22772779229507	23.742420924099736	23.85192563280221	26.177925650802987	0.0
140.0	26.04269796410635	23.80249491476608	23.902999537978747	26.251807583148825	0.0
141.0	26.215805927072644	23.774893645107674	23.8138954391902	26.195404988629477	0.0
142.0	26.29148828292586	23.75516400303615	23.80076623754564	26.152581476492347	0.0
143.0	26.15318150589379	23.768964679269285	23.778865164393057	26.29898865044387	0.0
144.0	26.180782858360057	23.807366560961487	23.86406933939763	26.14778124128082	0.0
145.0	26.215584563643617	23.76416444405776	23.90697144160064	26.113279550697982	0.0
146.0	26.160681873411797	23.78216532610098	23.850868692565935	26.20628410792129	0.0
147.0	26.23208537218324	23.73866319449653	23.909071544505682	26.120179888814555	0.0
148.0	26.266287048065358	23.76746460576568	23.857769030682505	26.10847931548646	0.0
149.0	26.2035839756148	23.751863841328223	23.88117017733869	26.163382005718276	0.0
150.0	26.18258294656438	23.85386883957314	23.722462400657633	26.241085813204844	0.0
151.0	26.103379065574213	23.97297467575911	23.773164885079368	26.150481373587304	0.0
152.0	26.101578977369893	23.88237023614157	23.862269251193307	26.153781535295227	0.0
153.0	26.180782858360057	24.022177086677246	23.73926322389797	26.05777683106472	0.0
154.0	26.000474023227138	23.881470192039412	23.7824653408017	26.33559044393175	0.0
155.0	26.11987987411383	23.826867516508308	23.927372441249624	26.12588016812824	0.0
156.0	26.166982182126926	23.931272632358986	23.848168560259452	26.05357662525464	0.0
157.0	26.114179594800145	23.967274396445426	23.80106625224636	26.117479756508068	0.0
158.0	26.239585739701244	23.830767707617674	23.873369795119963	26.05627675756112	0.0
159.0	26.169382299732685	23.88027013323653	23.881470192039412	26.068877374991374	0.0
160.0	26.170960889966278	23.894742526611385	23.769336005472287	26.16496057795005	0.0
161.0	26.20666274646282	23.708732854108412	23.84764007728402	26.23696432214475	0.0
162.0	26.24116454055611	23.717133290931127	23.81703848600127	26.22466368251149	0.0
163.0	26.13023716304397	23.775407647420607	23.874113076219192	26.220242113316232	0.0
164.0	26.235542954862517	23.726804974273584	23.87951337323553	26.15813869762837	0.0
165.0	26.044810599014745	23.800080404663472	23.920387382468185	26.2347216138536	0.0
166.0	26.22032077860516	23.78117930839989	23.82078160533311	26.177718307661845	0.0
167.0	26.299304257559715	23.73444780131588	23.81155250470279	26.154695436421623	0.0
168.0	26.155295473023855	23.782750747795617	23.783350784397847	26.27860299478268	0.0
169.0	26.186497376339958	23.804052047174878	23.858055341375824	26.15139523510934	0.0
170.0	26.234500304518576	23.74914869807058	23.918059001599097	26.098291995811746	0.0
171.0	26.151995271711577	23.77735041837552	23.86345567079592	26.207198639116985	0.0
172.0	26.224299682280623	23.76504966802975	23.892557446004208	26.118093203685426	0.0
173.0	26.255801603897837	23.76174946671747	23.865255780602617	26.117193148782075	0.0
174.0	26.19429785216898	23.76174946671747	23.87485636623834	26.169096314875205	0.0
175.0	26.151695253410455	23.87635645774392	23.722447069271226	26.249501219574395	0.0
176.0	26.1084926180497	23.96726200298218	23.769549942546494	26.154695436421623	0.0
177.0	26.119593295191006	23.86255561589257	23.863155652494804	26.154695436421623	0.0
178.0	26.161595857347297	24.026665626603222	23.72544725228239	26.08629126376709	0.0
179.0	25.995085700227715	23.858655377978057	23.792051315130223	26.354207606664005	0.0
180.0	26.104592380135188	23.819953017134047	23.933359934956034	26.142094667774735	0.0
181.0	26.14479483248478	23.942960520591754	23.847554700836753	26.064689946086713	0.0
182.0	26.142094667774735	23.936360117967194	23.80315199227153	26.11839322198654	0.0
183.0	26.241700743745366	23.808252303390507	23.884756970175182	26.065289982688945	0.0
184.0	26.174796662596417	23.858655377978057	23.879656659056202	26.086891300369324	0.0
185.0	26.17967549923195	23.886028705837173	23.76662106374808	26.167674731182792	0.0
186.0	26.214477726574504	23.697616647465438	23.843125960061442	26.244779665898616	0.0
187.0	26.248679915514593	23.704517089093702	23.81792434715822	26.22887864823349	0.0
188.0	26.132650887609472	23.783193473962754	23.876499725481608	26.207655912946166	0.0
189.0	26.25235890804684	23.725289594402827	23.85759845909676	26.164753038453576	0.0
190.0	26.06252437670637	23.79346554258798	23.910173712159853	26.2338363685458	0.0
191.0	26.24553718760313	23.776364345504184	23.810266718670306	26.167831748222376	0.0
192.0	26.33652256614733	23.725431956532827	23.789936665376572	26.14810881194327	0.0
193.0	26.15560935948324	23.80043743193253	23.765934913248667	26.27801829533556	0.0
194.0	26.20961330177103	23.785436336852587	23.861041856055493	26.14390850532089	0.0
195.0	26.227614615866955	23.761134562823084	23.913845710736883	26.097405110573074	0.0
196.0	26.144508549124083	23.7830361616398	23.857141571334708	26.215313717901406	0.0
197.0	26.256416718420443	23.750933818168726	23.887443783396186	26.10520568001464	0.0
198.0	26.276218163925968	23.761134562823084	23.852941264712324	26.109706008538623	0.0
199.0	26.199712579018268	23.74973373056233	23.874542841627438	26.176010848791964	0.0
200.0	26.165224044043743	23.860128110889427	23.732017221463824	26.24263062360301	0.0
201.0	26.120520244220756	23.966937189661124	23.758119440152413	26.15442312596571	0.0
202.0	26.124577336537623	23.849470301797464	23.848870247192494	26.177082114472416	0.0
203.0	26.171995715558705	24.008172841802704	23.73484468900297	26.084986753635626	0.0
204.0	26.00743481039433	23.86040078368542	23.790793196458417	26.341371209461833	0.0
205.0	26.097901258644747	23.820339339023988	23.93195217450007	26.1498072278312	0.0
206.0	26.158222094205964	23.942140651862786	23.850929067991636	26.048708185939613	0.0
207.0	26.142620112754322	23.93553981355632	23.808323657104452	26.113516416584908	0.0
208.0	26.258465028219263	23.814295958689762	23.87640533720592	26.05083367588506	0.0
209.0	26.17926722055695	23.826583733148503	23.889594003822623	26.104555042471922	0.0
210.0	26.177702564841155	23.89611013094252	23.764687526254516	26.16149977796181	0.0
211.0	26.233512164092225	23.703176946434787	23.84060058330033	26.222710306172665	0.0
212.0	26.239670661377723	23.697318122625827	23.840743652370122	26.22226756362633	0.0
213.0	26.14254551128368	23.765486738940616	23.886710135056067	26.205257614719642	0.0
214.0	26.225676263634046	23.73936657014688	23.866892713006166	26.168064453212907	0.0
215.0	26.06223369141211	23.794034687631278	23.912860829382467	26.230870791574144	0.0
216.0	26.24394605916208	23.77255786877277	23.820869366909324	26.162626705155827	0.0
217.0	26.333304326168566	23.735262609864634	23.794077137052852	26.137355926913948	0.0
218.0	26.160761708141912	23.7919766182247	23.791676544106394	26.25558512952699	0.0
219.0	26.190926304355	23.80442251889728	23.85393504556653	26.15071613118119	0.0
220.0	26.23459476004285	23.757453180373716	23.905091418677436	26.102860640905995	0.0
221.0	26.162576107211766	23.776057999021745	23.86548115962034	26.195884734146148	0.0
222.0	26.229650857477232	23.767198307551503	23.88482947981215	26.118321355159118	0.0
223.0	26.261174345293647	23.7716847566776	23.83980362560429	26.127337272424462	0.0
224.0	26.22953771362552	23.73670232718652	23.862739508154906	26.171020451033055	0.0
225.0	26.176422044503127	23.858838357315406	23.71719657298903	26.24754302519243	0.0
226.0	26.123163072084697	23.97931777465017	23.747047861406283	26.15047129185885	0.0
227.0	26.123476648190884	23.847864381551425	23.86797067482122	26.160688295436472	0.0
228.0	26.174049521797453	24.040668973402514	23.71656558442143	26.068715920378597	0.0
229.0	25.986045464776055	23.894065571310676	23.786630654962863	26.33325830895041	0.0
230.0	26.093180283592165	23.813939530347366	23.954085077650237	26.138795108410235	0.0
231.0	26.160259045744137	23.939824081771064	23.840791301920934	26.059125570563857	0.0
232.0	26.13805169511108	23.930220903118933	23.79217520999451	26.13955219177548	0.0
233.0	26.251804368898533	23.815268637142538	23.892695194451697	26.04023179950723	0.0
234.0	26.19074056845839	23.8304168154686	23.88563608699436	26.09320652907865	0.0
235.0	26.17191251320465	23.899812734082396	23.759663401517333	26.16861135119562	0.0
236.0	26.210483353040388	23.70158516748996	23.863943291698426	26.223988187771223	0.0
237.0	26.223545370514866	23.713731798374607	23.838877351355894	26.223845479754633	0.0
238.0	26.13104688048642	23.787472727327295	23.885309220339188	26.196171171847098	0.0
239.0	26.230398703500846	23.735838297744632	23.875692141474467	26.15807085728005	0.0
240.0	26.0632582374375	23.7977753366109	23.91873315444783	26.22023327150378	0.0
241.0	26.233735048250818	23.792829163602526	23.847158229652866	26.126277558493793	0.0
242.0	26.339266952841236	23.730675712184432	23.8000180109867	26.13003932398763	0.0
243.0	26.14609632282526	23.800017411718084	23.80301943207779	26.250866833378865	0.0
244.0	26.187767013026786	23.81088197236124	23.847809705088522	26.153541309523455	0.0
245.0	26.210957086196906	23.741754562950554	23.961532803103317	26.085755547749223	0.0
246.0	26.105429410457663	23.782571358223386	23.91558921204187	26.196410019277078	0.0
247.0	26.208429049742506	23.806735432337884	23.892016876116692	26.09281864180292	0.0
248.0	26.259238015729775	23.77124255628395	23.878750386637797	26.090769041348473	0.0
249.0	26.190469040447567	23.707278400235435	23.952023879951593	26.150228679365405	0.0
