# Position (bp)	A	C	G	T	N
0.0	26.26039109121609	23.710997291057673	23.80881237825968	26.219799239466557	0.0
1.0	26.11176258343857	23.809872812556378	23.87104230561068	26.20732229839437	0.0
2.0	26.37857309967895	23.738827236878084	23.73967285754956	26.142926805893413	0.0
3.0	26.21798431171379	23.72775778142942	23.737340996146983	26.316916910709807	0.0
4.0	26.207870393857913	23.79466626080192	23.690381569230944	26.30708177610922	0.0
5.0	26.22957750051435	23.682348929166302	23.776763796548643	26.311309773770702	0.0
6.0	26.20676827343644	23.764767551968255	23.663874735085898	26.364589439509402	0.0
7.0	26.29140528567322	23.662659294454496	23.716485461298703	26.32944995857358	0.0
8.0	26.23611432049642	23.626931032344967	23.88026894961985	26.256685697538764	0.0
9.0	26.329033312481332	23.624472359826644	23.707880365868093	26.33861396182393	0.0
10.0	26.256022993040094	23.741159232438218	23.784552960072137	26.218264814449547	0.0
11.0	26.192059511397897	23.807658711149934	23.81019470821945	26.19008706923272	0.0
12.0	26.253768773422753	23.684521964552395	23.768209867846373	26.293499394178475	0.0
13.0	26.411564146636984	23.745667671672912	23.64620023105751	26.196567950632588	0.0
14.0	26.199667502606445	23.766237425681197	23.751021443264108	26.28307362844825	0.0
15.0	26.27180253036152	23.696074840091295	23.685085519456734	26.347037110090447	0.0
16.0	26.243624785144693	23.65944377130942	23.756093437403138	26.340838006142747	0.0
17.0	26.213474597762687	23.757220547211812	23.740313900081716	26.288990954943785	0.0
18.0	26.237707458649158	23.700865056778156	23.786243624785143	26.27518385978754	0.0
19.0	26.244751894953367	23.81611203471498	23.672969089013495	26.266166981318158	0.0
20.0	26.26785764603116	23.779762743385273	23.78877962185466	26.163599988728905	0.0
21.0	26.192059511397897	23.876130632026825	23.71354504212573	26.218264814449547	0.0
22.0	26.379648962639234	23.825907109506865	23.67910147059238	26.115342457261526	0.0
23.0	26.315122107914824	23.743628325316788	23.614292839209785	26.326956727558603	0.0
24.0	26.286099112121754	23.767861117920713	23.652332688064785	26.293707081892748	0.0
25.0	26.266374746048786	23.706997359752712	23.80956406333212	26.217063830866376	0.0
26.0	26.113578215344386	23.802452577122054	23.87120588798846	26.2127633195451	0.0
27.0	26.384928372575317	23.728345524835724	23.747224507737567	26.13950159485139	0.0
28.0	26.220653043742885	23.738207680082954	23.733417490391442	26.307721785782718	0.0
29.0	26.21417219886613	23.796253508109512	23.679880076192195	26.309694216832163	0.0
30.0	26.232769405903767	23.67790764514275	23.7830100424918	26.30631290646168	0.0
31.0	26.215299302322958	23.776810973479257	23.655647351870428	26.352242372327357	0.0
32.0	26.297859630535488	23.665791282981864	23.717356266131667	26.318992820350978	0.0
33.0	26.237277819731077	23.63676836896859	23.89318440539657	26.232769405903767	0.0
34.0	26.328573199734002	23.636204817240174	23.710311869526503	26.324910113499318	0.0
35.0	26.253902595719257	23.741588990453433	23.78864555977593	26.215862854051373	0.0
36.0	26.195293215964295	23.812878284097696	23.80104369780102	26.19078480213699	0.0
37.0	26.25333904399085	23.693123541809904	23.756804887120587	26.29673252707866	0.0
38.0	26.407188665847634	23.745533852552324	23.646066972487404	26.20121050911263	0.0
39.0	26.195293215964295	23.765258163046788	23.73848945594716	26.30095916504176	0.0
40.0	26.275317561398957	23.67847119687116	23.68974223143942	26.356469010290457	0.0
41.0	26.255029699176085	23.6545202484136	23.753705352614315	26.336744699795993	0.0
42.0	26.215299302322958	23.752860025021697	23.73200861107041	26.299832061584933	0.0
43.0	26.23586894041004	23.70383102464975	23.77793807693608	26.282361958004124	0.0
44.0	26.24629464738568	23.81851380138183	23.665227731253452	26.269963819979036	0.0
45.0	26.274190457942137	23.778783404528703	23.782728266627593	26.16429787090157	0.0
46.0	26.190221250408573	23.872896543173695	23.71482028335381	26.222061923063915	0.0
47.0	26.376400774317894	23.82126443745016	23.686575953879057	26.11575883435289	0.0
48.0	26.303702806197926	23.738140791731592	23.620077037304203	26.33807936476628	0.0
49.0	26.28454210142212	23.755329071015773	23.663470398119994	26.296658429442115	0.0
50.0	26.258900570030967	23.707145534006024	23.810275209711097	26.223678686251912	0.0
51.0	26.119630086730123	23.793019887628418	23.87332555636331	26.21402446927815	0.0
52.0	26.377735323786823	23.7220127700102	23.756107457437995	26.144144448764983	0.0
53.0	26.233748668616546	23.732438418231922	23.730465998298083	26.30334691485345	0.0
54.0	26.22529544032866	23.791611016247106	23.672420497387954	26.310673046036282	0.0
55.0	26.24022947697059	23.676365337255632	23.781467142301647	26.301938043472134	0.0
56.0	26.2128973721731	23.77893117381528	23.646779038248038	26.36139241576358	0.0
57.0	26.2946119122893	23.665376140481385	23.719476801523836	26.320535145705477	0.0
58.0	26.241638348351902	23.635226292921267	23.892486207149176	26.230649151577655	0.0
59.0	26.329551922545885	23.634944518645003	23.71355954172232	26.32194401708679	0.0
60.0	26.249246253811	23.750753746189	23.78513020789306	26.21486979210694	0.0
61.0	26.197399786978647	23.80513618150772	23.802600213021353	26.19486381849228	0.0
62.0	26.25544528788878	23.687918082582403	23.763151814344567	26.293484815184254	0.0
63.0	26.411548236938355	23.738919226585967	23.647906135353093	26.201626401122592	0.0
64.0	26.205571240990267	23.756952780266786	23.747936003426375	26.289539975316572	0.0
65.0	26.280523198476164	23.686227436924828	23.68031017712331	26.352939187475698	0.0
66.0	26.248964479534738	23.657486460746025	23.74962664908395	26.34392241063529	0.0
67.0	26.211770275068048	23.75244439184658	23.741736969348594	26.294048363736778	0.0
68.0	26.2393841541418	23.710460024683428	23.76568778283093	26.284468038343846	0.0
69.0	26.252909319402413	23.803163761573877	23.665094366205118	26.27883255281859	0.0
70.0	26.268125130320602	23.771041494079924	23.789920370589527	26.17091300500995	0.0
71.0	26.184438170270557	23.870789587876942	23.714404864551106	26.230367377301388	0.0
72.0	26.364417644655465	23.819439552543713	23.689823750686823	26.126319052114006	0.0
73.0	26.291156539258093	23.74927795545161	23.634877921638793	26.324687583651503	0.0
74.0	26.26945998112118	23.763930176531087	23.66305526986855	26.303554572479182	0.0
75.0	26.255934853970892	23.70898434748306	23.80196959664126	26.23311120190479	0.0
76.0	26.11694693656733	23.792604030476532	23.87290924665254	26.217539786303597	0.0
77.0	26.37871376403228	23.720470222262296	23.747520400342637	26.153295613362786	0.0
78.0	26.23754564717551	23.71906135882061	23.72920517560074	26.31418781840314	0.0
79.0	26.22768360308372	23.783869077138093	23.67961318245345	26.308834137324737	0.0
80.0	26.25135250890402	23.674541274063387	23.773725260357963	26.30038095667463	0.0
81.0	26.211622559848518	23.770343988097924	23.650872368243093	26.36716108381047	0.0
82.0	26.297845002479598	23.67425950137505	23.70863576935215	26.319259726793202	0.0
83.0	26.25586087191741	23.633120688877867	23.881925972679323	26.229092466525405	0.0
84.0	26.335602542716742	23.62607637166945	23.710889950858842	26.32743113475497	0.0
85.0	26.251634281592356	23.74357558270592	23.776824759929667	26.227965375772055	0.0
86.0	26.194997971236646	23.806129119516704	23.80697443758171	26.19189847166494	0.0
87.0	26.262341643749153	23.69426536224697	23.757382444434423	26.28601054956945	0.0
88.0	26.41534421351607	23.745829764212615	23.649463504801407	26.189362517469906	0.0
89.0	26.20598710608178	23.762736125512827	23.74611153690095	26.285165231504443	0.0
90.0	26.286292322257786	23.68327622740183	23.68412154546684	26.34630990487354	0.0
91.0	26.250788963527345	23.66693341147829	23.752028763356027	26.33024886163834	0.0
92.0	26.209086605653486	23.751746990667687	23.743293810017583	26.29587259366124	0.0
93.0	26.23754564717551	23.7128623596772	23.76132726207114	26.288264731076143	0.0
94.0	26.26093278030747	23.80049366574997	23.65988909426987	26.27868445967269	0.0
95.0	26.27896623236103	23.76978044272125	23.787813894774807	26.163439430142915	0.0
96.0	26.200351652315046	23.875445200847572	23.695392453000316	26.22881069383707	0.0
97.0	26.364832613406143	23.82719493261425	23.68461835405766	26.123354099921947	0.0
98.0	26.297207358754793	23.73139248852484	23.646860920210653	26.324539232509714	0.0
99.0	26.270720800683016	23.75506132765281	23.665739637134152	26.30847823453002	0.0
100.0	26.258322837330265	23.70885073697439	23.806907356218847	26.225919069476493	0.0
101.0	26.11426381664591	23.80035953992415	23.87671950814037	26.208657135289577	0.0
102.0	26.380255735450746	23.719773005201496	23.75245845285124	26.147512806496515	0.0
103.0	26.23063528112303	23.7237178006075	23.7383698978298	26.307277020439674	0.0
104.0	26.221618605909303	23.78570744270185	23.677225569036736	26.315448382352113	0.0
105.0	26.24951394485176	23.665109411718298	23.7823261894967	26.303050453933242	0.0
106.0	26.20978421969129	23.771618887680404	23.65665627870543	26.361940613922876	0.0
107.0	26.31094004474525	23.672435460329446	23.70596622128048	26.310658273644822	0.0
108.0	26.24190612514018	23.63721407277584	23.884890870052804	26.235988932031173	0.0
109.0	26.3289733951727	23.633269277369838	23.717237065297635	26.32052026215983	0.0
110.0	26.258812391165915	23.742596464336234	23.778381394090697	26.220209750407157	0.0
111.0	26.208093593088716	23.797823600020287	23.798387142221145	26.19569566466985	0.0
112.0	26.257685306764195	23.69328652176118	23.753303766152527	26.29572440532209	0.0
113.0	26.418294834008645	23.744005319838376	23.64876668789342	26.18893315825956	0.0
114.0	26.21429255729815	23.752740223951673	23.74738657304352	26.285580645706652	0.0
115.0	26.290934296614804	23.684551617647887	23.680606822241884	26.343907263495424	0.0
116.0	26.248668631550476	23.666800038320872	23.753867308353385	26.33066402177527	0.0
117.0	26.21006599079172	23.759502730361966	23.7383698978298	26.292061381016516	0.0
118.0	26.240497269638034	23.70145788367362	23.76175689916539	26.296287947522952	0.0
119.0	26.262757186571918	23.795005889016	23.660319303011008	26.281917621401078	0.0
120.0	26.286707730108372	23.76062981476368	23.781762647295842	26.17089980783211	0.0
121.0	26.204430568783145	23.875028881537794	23.69864017266933	26.22190037700973	0.0
122.0	26.368213876138714	23.821841266621018	23.690253791945267	26.119691065295005	0.0
123.0	26.298334446332316	23.74181804861692	23.646015604527513	26.313831900523247	0.0
124.0	26.26311295953474	23.75872436227976	23.673065706388048	26.305096971797454	0.0
125.0	26.25944992490779	23.706033018030585	23.811979250317698	26.22253780674393	0.0
126.0	26.121173526892385	23.79288580316487	23.88108065461431	26.204860015328435	0.0
127.0	26.383785672422345	23.721597313015643	23.755691808304405	26.138925206257607	0.0
128.0	26.228321052705727	23.727863170796994	23.730117358655377	26.313698417841895	0.0
129.0	26.222122036095186	23.784217867256512	23.67742571746573	26.316234379182575	0.0
130.0	26.25847081531157	23.656574479775706	23.78196367939813	26.302991025514586	0.0
131.0	26.210851096803278	23.774637568858395	23.654320291917326	26.360191042421	0.0
132.0	26.314543738288787	23.668408966032207	23.71123853534144	26.305808760337563	0.0
133.0	26.253962439594808	23.64473999351921	23.875794249003228	26.225503317882755	0.0
134.0	26.328068865439075	23.637413882979473	23.719973513292665	26.314543738288787	0.0
135.0	26.262697417546033	23.743078938841066	23.773792248411503	26.2204313952014	0.0
136.0	26.212541737697066	23.793798165654632	23.80337846405275	26.190281632595557	0.0
137.0	26.260443229687652	23.693768579438988	23.753504557686075	26.29228363318728	0.0
138.0	26.41626396539822	23.73800701615971	23.656010932811114	26.189718085630957	0.0
139.0	26.20972400287409	23.7625213091196	23.745896673664042	26.28185801434227	0.0
140.0	26.298764423280126	23.683624734076275	23.67150847433748	26.346102368306116	0.0
141.0	26.248045196466563	23.662491722903958	23.75632229250905	26.333140788120428	0.0
142.0	26.213387058143955	23.75322278420378	23.745051353217146	26.288338804435114	0.0
143.0	26.248119156705947	23.697216633699075	23.763433588620828	26.291230620974147	0.0
144.0	26.266152710386763	23.78822972493195	23.664530817652597	26.28108674702869	0.0
145.0	26.28644045827768	23.76878729986982	23.779494722367804	26.165277519484693	0.0
146.0	26.199653981188746	23.880369913269877	23.696089536594027	26.223886568947346	0.0
147.0	26.375837224177427	23.811402309992026	23.69164790514324	26.121112560687305	0.0
148.0	26.29694020451235	23.736168366239966	23.653326495591628	26.313564933656057	0.0
149.0	26.262281870873753	23.749975344681353	23.675023175999527	26.312719608445363	0.0
150.0	26.266864285472764	23.703549248785546	23.805552111628327	26.224034354113364	0.0
151.0	26.12302403561667	23.794978725802363	23.876412409478995	26.205584829101973	0.0
152.0	26.392121502437377	23.722280143142946	23.756375214855307	26.129223139564374	0.0
153.0	26.229046265170236	23.730800334752555	23.7305185565064	26.309634843570805	0.0
154.0	26.216929800585536	23.779829749583673	23.686279371859932	26.31696107797086	0.0
155.0	26.25130674661655	23.660919329705905	23.791946214168373	26.295827709509172	0.0
156.0	26.213830239877822	23.770531067460528	23.664300668659777	26.35133802400187	0.0
157.0	26.313297960770832	23.66683667287518	23.71163941401396	26.308225952340024	0.0
158.0	26.261450763478155	23.641758408967313	23.869153453615073	26.227637373939455	0.0
159.0	26.334713107478674	23.628514831397986	23.724319435090973	26.312452626032368	0.0
160.0	26.25722408978582	23.75024303373731	23.773067071675932	26.21946580480094	0.0
161.0	26.214112018123974	23.805471569983855	23.793073327152996	26.187343084739172	0.0
162.0	26.25919653750891	23.693605606259986	23.75756926813736	26.289628588093745	0.0
163.0	26.417837690094647	23.75418792918349	23.646266860905804	26.181707519816054	0.0
164.0	26.214675574616287	23.75503326392196	23.74827058601422	26.282020575447536	0.0
165.0	26.288219696862964	23.679516693952195	23.683461589398373	26.348802019786465	0.0
166.0	26.243416955724186	23.671063346567518	23.763204833060477	26.322314864647822	0.0
167.0	26.214393796370132	23.75841460287583	23.74488924706035	26.282302353693694	0.0
168.0	26.242082008971845	23.70437997340006	23.760735781429634	26.292802236198465	0.0
169.0	26.263215436982932	23.779614977119543	23.66718514010054	26.289984445796982	0.0
170.0	26.286039539234913	23.760735781429634	23.789759022564866	26.163465656770583	0.0
171.0	26.197842699668627	23.869502490926713	23.701562182998583	26.231092626406078	0.0
172.0	26.37966451292947	23.808423526361914	23.691766675026134	26.120145285682483	0.0
173.0	26.29823014086174	23.730370512303917	23.650063259572764	26.321336087261578	0.0
174.0	26.277378433135056	23.74643196285015	23.676832343816482	26.299357260198313	0.0
175.0	26.266744813827543	23.7067678071268	23.80510924634953	26.22137813269613	0.0
176.0	26.125156389129966	23.79002716380564	23.87343469978923	26.211381747275166	0.0
177.0	26.396230881076633	23.71450952987455	23.75057765354313	26.138681935505687	0.0
178.0	26.223008709912843	23.737964343177893	23.729792635882813	26.30923431102645	0.0
179.0	26.21990909680092	23.77910466266347	23.683580222214083	26.31740601832153	0.0
180.0	26.24667848276756	23.675126731908826	23.789248851029775	26.28894593429384	0.0
181.0	26.22047266282127	23.774314351490492	23.652865874104986	26.352347111583253	0.0
182.0	26.30923431102645	23.668927505684973	23.708940693129847	26.312897490158726	0.0
183.0	26.266403293479822	23.643003468748855	23.873783754082332	26.21680948368899	0.0
184.0	26.337694395054147	23.626941837168868	23.719084881496155	26.31627888628083	0.0
185.0	26.25794980317457	23.753462408737526	23.768396908276813	26.220190879811096	0.0
186.0	26.223290492923017	23.804465133579235	23.788121718989075	26.18412265450867	0.0
187.0	26.26414902939842	23.693160844560037	23.76107055001226	26.28161957602928	0.0
188.0	26.42617426024915	23.751771710676476	23.642721685738678	26.179332343335695	0.0
189.0	26.223572275933194	23.763606597103834	23.73993682424912	26.27288430271385	0.0
190.0	26.28415562312086	23.687525184356534	23.686961618336184	26.341357574186425	0.0
191.0	26.24611491674721	23.670618203746024	23.768960474297163	26.314306405209603	0.0
192.0	26.212300955526185	23.761352333022433	23.739373258228767	26.28697345322261	0.0
193.0	26.231536116230185	23.711825339126808	23.765927829532068	26.290710715110936	0.0
194.0	26.266195524146053	23.80199615646891	23.660540686763486	26.271267632621548	0.0
195.0	26.28366612000609	23.75888323442722	23.80143258886052	26.15601805670617	0.0
196.0	26.19462243788076	23.871596756104847	23.7168974476023	26.21688335841209	0.0
197.0	26.375038393151506	23.811925687765758	23.69752114088948	26.115514778193255	0.0
198.0	26.294447998061322	23.72795387749696	23.656662374147956	26.32093575029376	0.0
199.0	26.25866135408771	23.757541260309793	23.681741203389308	26.30205618221319	0.0
200.0	26.25704463480613	23.714495040577095	23.803257439134356	26.225202885482418	0.0
201.0	26.120525927220058	23.787611517197462	23.866793658665795	26.225068896916685	0.0
202.0	26.393013937184044	23.709274736670068	23.752951718618792	26.144759607527096	0.0
203.0	26.225706371503364	23.7161044530922	23.740619989461138	26.317569185943302	0.0
204.0	26.207671953944605	23.773870946835103	23.69215249227197	26.326304606948327	0.0
205.0	26.240077547995504	23.66397371483641	23.793596091039994	26.302352646128096	0.0
206.0	26.219788828241896	23.770207705768478	23.65298399163654	26.357019474353088	0.0
207.0	26.314751308199742	23.66115583709285	23.703424003246194	26.32066885146121	0.0
208.0	26.25275799784151	23.648475387246847	23.877287060023615	26.221479554888035	0.0
209.0	26.32320494143041	23.631568120785513	23.721458420804957	26.323768516979122	0.0
210.0	26.249376544549236	23.751609712661008	23.783169943388835	26.21584379940092	0.0
211.0	26.21048983168816	23.807685479757776	23.80486760201422	26.176957086539844	0.0
212.0	26.256139451133777	23.68820746343099	23.760063345891673	26.295589739543562	0.0
213.0	26.41901278471132	23.74541038162518	23.650729689441693	26.184847144221802	0.0
214.0	26.233314641410963	23.770207705768478	23.734420658425314	26.262056994395238	0.0
215.0	26.28150035082578	23.684544222364366	23.685389585687435	26.34856584112242	0.0
216.0	26.242331850190347	23.662564775964633	23.771616644640257	26.323486729204763	0.0
217.0	26.214153072754787	23.75640010482505	23.730475629584337	26.29897119283583	0.0
218.0	26.236636101827692	23.708696607810094	23.768717911145927	26.285949379216284	0.0
219.0	26.25833394387867	23.79661513664005	23.662764812299578	26.2822861071817	0.0
220.0	26.275523143425556	23.76843612098942	23.80027840867463	26.1557623269104	0.0
221.0	26.193240417725725	23.87467100999228	23.709260188123107	26.222828384158888	0.0
222.0	26.372251481515924	23.811898904678575	23.707354462018806	26.1084951517867	0.0
223.0	26.287995987296863	23.73356102042139	23.66029537327438	26.318147619007366	0.0
224.0	26.247981672316573	23.75328638696097	23.68678372262753	26.311948218094923	0.0
225.0	26.257354764534817	23.700940057260084	23.825210216641494	26.21649496156361	0.0
226.0	26.112379181108576	23.792092879082478	23.865359145602618	26.230168794206328	0.0
227.0	26.399526587200945	23.70276439259447	23.751232845830867	26.14647617437371	0.0
228.0	26.228270150393524	23.72396574510594	23.741155186843596	26.306608917656938	0.0
229.0	26.21115457015003	23.786309275561617	23.69218977197155	26.31034638231681	0.0
230.0	26.247787909870713	23.676691051320493	23.785182095877904	26.29033894293089	0.0
231.0	26.21707226348952	23.78433671111512	23.655556432250865	26.343034593144495	0.0
232.0	26.30442868897731	23.677818231004206	23.709661057069106	26.30809202294938	0.0
233.0	26.2407430368475	23.660346945906646	23.884373908044683	26.21453610920117	0.0
234.0	26.33035382170272	23.63864873699516	23.7175513148551	26.313446126447015	0.0
235.0	26.245251755582355	23.75164850028743	23.778137222854696	26.22496252127552	0.0
236.0	26.19875559362918	23.81336158797074	23.804625945421957	26.183256872978124	0.0
237.0	26.25877791178692	23.69078079736691	23.763483886966423	26.28695740387975	0.0
238.0	26.414610503060292	23.759820552994356	23.64287566080909	26.182693283136267	0.0
239.0	26.227780470484802	23.779827992380266	23.728823111692236	26.263568425442703	0.0
240.0	26.28671911986834	23.67692810604865	23.683127803954278	26.35322497012873	0.0
241.0	26.268162911025687	23.650674662668667	23.769036534364396	26.312125891941246	0.0
242.0	26.218188991911617	23.757292224445507	23.730518840007893	26.293999943634983	0.0
243.0	26.25044741878116	23.71023609619715	23.760685206009928	26.278631279011762	0.0
244.0	26.266347237880495	23.800732807215333	23.662063134160093	26.270856820744083	0.0
245.0	26.277055422922874	23.77466662532661	23.799752523387667	26.148525428362852	0.0
246.0	26.19640894100403	23.871240522028355	23.715083011528595	26.217267525439013	0.0
247.0	26.365876071869522	23.810866121312234	23.715588830569917	26.107668976248327	0.0
248.0	26.29150199299773	23.735559928060393	23.65493795490807	26.3180001240338	0.0
249.0	26.25654701163099	23.754164998787854	23.68538261609846	26.3039053734827	0.0
