# Position (bp)	A	C	G	T	N
0.0	26.307930631441785	23.62328242353744	23.835515314882027	26.23327163013875	0.0
1.0	26.191607992707468	23.69067125991958	23.838031910431567	26.279688836941382	0.0
2.0	26.16774085310442	23.64365903784585	23.799963650090174	26.388636458959553	0.0
3.0	26.321322622765642	23.75738495133551	23.68105398249141	26.24023844340744	0.0
4.0	26.419488682115055	23.67193790820435	23.734846112552564	26.17372729712803	0.0
5.0	26.17669014222329	23.7359405273473	23.708261923467262	26.37910740696215	0.0
6.0	26.322028354240697	23.742692674362363	23.645960597054984	26.289318374341956	0.0
7.0	26.39244947539398	23.703022390458965	23.664442251402722	26.240085882744335	0.0
8.0	26.371583446787454	23.785668158576712	23.49660476311618	26.346143631519652	0.0
9.0	26.291233366879123	23.785642401878565	23.672145812367216	26.2509784188751	0.0
10.0	26.277639560562438	23.712856064629747	23.675397646269534	26.33410672853828	0.0
11.0	26.209152153859055	23.67260224191429	23.72263997987309	26.395605624353564	0.0
12.0	26.171134654627792	23.793084169625136	23.693008693707547	26.34277248203953	0.0
13.0	26.193777429905236	23.785257037430465	23.71089928158108	26.31006625108322	0.0
14.0	26.21362480082744	23.850389958907556	23.725994465099376	26.209990775165625	0.0
15.0	26.22340871607078	23.709781119838986	23.73046711206776	26.336343052022475	0.0
16.0	26.295809688871497	23.720962737259946	23.732423895116426	26.25080367875213	0.0
17.0	26.25192184049423	23.708383417661363	23.87582813854024	26.16386660330417	0.0
18.0	26.220892852151064	23.767366449556928	23.79000922483437	26.221731473457638	0.0
19.0	26.201884102535434	23.8800212450731	23.67092499930115	26.247169653090317	0.0
20.0	26.409508820873782	23.63843222980396	23.564913300776283	26.387145648545975	0.0
21.0	26.40559526571642	23.579449362789358	23.619703072979416	26.395252298514805	0.0
22.0	26.304401910933073	23.712230698485733	23.683997193421874	26.299370197159316	0.0
23.0	26.268900374862675	23.78211561201014	23.643184403923616	26.30579960920356	0.0
24.0	26.290704467882293	23.662472640056357	23.797210753331413	26.249612138729937	0.0
25.0	26.331237717726445	23.591749107569655	23.81202635499859	26.26498681970531	0.0
26.0	26.21355152335135	23.67477238483665	23.83215321009362	26.279522881718385	0.0
27.0	26.197058683759582	23.647377498735082	23.766181851726575	26.389381965778757	0.0
28.0	26.33291495565103	23.7513662500594	23.67281560725797	26.242903187031597	0.0
29.0	26.422926724270475	23.656881846974404	23.737668807008617	26.182522621746507	0.0
30.0	26.174415971777677	23.72564860188242	23.721455507070953	26.378479919268948	0.0
31.0	26.309154085052732	23.730680315656176	23.65157059354655	26.30859500574454	0.0
32.0	26.394972758860707	23.670858829679283	23.691824303736606	26.242344107723405	0.0
33.0	26.376243602036165	23.76590231207248	23.50033964067973	26.357514445211628	0.0
34.0	26.300135296814375	23.76359956615567	23.669954043809334	26.266311093220622	0.0
35.0	26.270224637438083	23.70266009191238	23.683930987443112	26.343184283206423	0.0
36.0	26.210962396430848	23.67079266042736	23.721948274127	26.39629666901479	0.0
37.0	26.17434280411034	23.797703308622097	23.69371484798676	26.334239039280803	0.0
38.0	26.203694385741283	23.785683137097045	23.707132713875193	26.303489763286482	0.0
39.0	26.215714557266335	23.84187045050485	23.730334440307267	26.212080551921552	0.0
40.0	26.223541645701253	23.70098285867633	23.726420896089813	26.34905459953261	0.0
41.0	26.295383135978888	23.714680263437433	23.73844106761486	26.251495532968818	0.0
42.0	26.253452305077545	23.714121185692083	23.86674941017298	26.165677099057394	0.0
43.0	26.219069023738438	23.767792649245802	23.784285442733665	26.228852884282087	0.0
44.0	26.20704885221339	23.88659667013295	23.667438193955253	26.23891628369841	0.0
45.0	26.417747314337785	23.638020534868183	23.55751356458588	26.38671858620815	0.0
46.0	26.419145004794075	23.570931392966262	23.620689173210188	26.38923442902947	0.0
47.0	26.30956607302094	23.693928153119785	23.681069400921917	26.315436372937356	0.0
48.0	26.283009954351428	23.776671428132154	23.621527787483963	26.318790830032455	0.0
49.0	26.305932077834587	23.648922520427245	23.789530180330022	26.255615221408146	0.0
50.0	26.337519882146744	23.596369359270742	23.80825923244431	26.25785152613821	0.0
51.0	26.21256635535441	23.67324233436669	23.822795213189725	26.29139609708917	0.0
52.0	26.192160074692577	23.633547925408056	23.786455261326182	26.387836738573185	0.0
53.0	26.3344449631429	23.751792538010193	23.678274020009336	26.23548847883757	0.0
54.0	26.420542695250372	23.653395129887375	23.73278394780465	26.193278227057608	0.0
55.0	26.175946865399613	23.7171298146942	23.716291200420425	26.390632119485762	0.0
56.0	26.299782239826907	23.727472724070743	23.64696575378844	26.325779282313906	0.0
57.0	26.392029809942052	23.663178963081403	23.684423858017013	26.260367368959532	0.0
58.0	26.370784915006446	23.760737756930446	23.498810565421696	26.369666762641415	0.0
59.0	26.28908630434904	23.77045514264789	23.67569199461052	26.264766558392548	0.0
60.0	26.277345737335562	23.693023307820894	23.691625621271672	26.338005333571875	0.0
61.0	26.219761051507547	23.65193132327372	23.720417964185682	26.407889661033057	0.0
62.0	26.17838952965052	23.79757026170283	23.681841815427106	26.34219839321954	0.0
63.0	26.203547887536548	23.78582969468935	23.697216367468567	26.31340605030553	0.0
64.0	26.22870624542258	23.8311147388842	23.712031844890337	26.228147170802885	0.0
65.0	26.234017454309626	23.709516009101737	23.7167839791577	26.339682557430937	0.0
66.0	26.308094841418484	23.704763874834374	23.7380288147059	26.24911246904124	0.0
67.0	26.271754991138668	23.69386191975043	23.860466156417896	26.173916932693007	0.0
68.0	26.219761051507547	23.771293754577425	23.77940033656292	26.22954485735211	0.0
69.0	26.20606372332515	23.885624514303924	23.66982171110378	26.238490051267142	0.0
70.0	26.42179266775686	23.643199575104475	23.562972591443387	26.37203516569528	0.0
71.0	26.43325366542273	23.579185710092666	23.617482214488376	26.37007840999623	0.0
72.0	26.320879980991517	23.691279857995443	23.68820495618265	26.29963520483039	0.0
73.0	26.29711937607447	23.773463597355583	23.619438970187428	26.309978056382516	0.0
74.0	26.30690315456972	23.65773547458314	23.78576320460676	26.249598166240375	0.0
75.0	26.3488336338351	23.588689952059486	23.81231917480817	26.250157239297245	0.0
76.0	26.240093924273555	23.65326289012817	23.81874851496219	26.287894670636085	0.0
77.0	26.207108613918123	23.618320824073685	23.782967839322403	26.391602722685786	0.0
78.0	26.333738661299567	23.75753001523474	23.672550910590243	26.236180412875456	0.0
79.0	26.42850154443932	23.658015011111576	23.718115364725286	26.195368079723817	0.0
80.0	26.17160747480677	23.718953974310594	23.70581575747411	26.403622793408527	0.0
81.0	26.302710106643186	23.73125358156177	23.656896864997833	26.309139446797207	0.0
82.0	26.38517338253176	23.66108991292437	23.689882175353265	26.2638545291906	0.0
83.0	26.36392860637064	23.763120745803455	23.52635330621829	26.346597341607612	0.0
84.0	26.274962542209895	23.771719927544336	23.670807522866024	26.282510007379745	0.0
85.0	26.280832792897556	23.697363418834	23.689256882170092	26.332546906098354	0.0
86.0	26.207594427175344	23.648724198850548	23.72867142250151	26.415009951472594	0.0
87.0	26.173770601784557	23.79855535925934	23.692890846881497	26.3347831920746	0.0
88.0	26.207035355681285	23.77339714202652	23.69932016906322	26.320247333228973	0.0
89.0	26.222409821768007	23.839367578325916	23.72391931480198	26.2143032851041	0.0
90.0	26.244493145783483	23.704910884003848	23.721403493078693	26.32919247713398	0.0
91.0	26.304313795648188	23.70966299170338	23.731746315718855	26.25427689692958	0.0
92.0	26.27524207795693	23.700158776304313	23.85026947246014	26.174329673278617	0.0
93.0	26.21486235659816	23.764731533868552	23.79324418006575	26.22716192946754	0.0
94.0	26.221291678779885	23.88185701187468	23.64928327034461	26.24756803900083	0.0
95.0	26.42052681159623	23.643067393084863	23.564797602708136	26.371608192610772	0.0
96.0	26.433105885049628	23.565077137673764	23.625736225215732	26.376080752060872	0.0
97.0	26.336945856872507	23.668505074957302	23.695619966623525	26.29892910154667	0.0
98.0	26.291940727405887	23.773610222034623	23.630488319631464	26.30396073092803	0.0
99.0	26.296972356787247	23.657044141366423	23.79177999480065	26.25420350704568	0.0
100.0	26.36601749329815	23.582128770577267	23.809390697635415	26.242463038489173	0.0
101.0	26.23575419931402	23.665150655369725	23.819733491363767	26.27936165395248	0.0
102.0	26.230163500001396	23.605889242655916	23.77668510665657	26.38726215068612	0.0
103.0	26.3377844617694	23.750688354852866	23.664312050472834	26.2472151329049	0.0
104.0	26.43953518925915	23.65452832667574	23.706801365248772	26.199135118816336	0.0
105.0	26.18040627611905	23.727207417739848	23.710435319801977	26.381950986339124	0.0
106.0	26.306197010653076	23.73028230236179	23.652851116881955	26.31066957010318	0.0
107.0	26.39005750034243	23.657603211297683	23.68779298758585	26.264546300774033	0.0
108.0	26.374124007301454	23.762428823409376	23.5304148019355	26.33303236735367	0.0
109.0	26.29130816407538	23.76236239929781	23.671793323605545	26.274536113021263	0.0
110.0	26.28180400181138	23.689403977212372	23.696951400186727	26.331840620789514	0.0
111.0	26.209404648094413	23.65865521694648	23.71819599818862	26.413744136770482	0.0
112.0	26.18620331080288	23.794788364669113	23.69443559252861	26.324572731999396	0.0
113.0	26.22394042567466	23.766275877877106	23.698069536923672	26.31171415952457	0.0
114.0	26.230649246096306	23.839793368331012	23.717916464004382	26.211640921568296	0.0
115.0	26.239314805807602	23.685770032817313	23.729377365558037	26.345537795817048	0.0
116.0	26.30612347583986	23.70477835734532	23.73329084413733	26.255807322677487	0.0
117.0	26.26000033544102	23.69499466089708	23.862715171438314	26.18228983222358	0.0
118.0	26.222822288937714	23.7654372753244	23.80541066367006	26.206329772067825	0.0
119.0	26.21834974198995	23.87333747043926	23.655300806735653	26.253011980835133	0.0
120.0	26.418849601802442	23.640551578394184	23.57849481602406	26.36210400377931	0.0
121.0	26.453511937540707	23.557529693601726	23.617070641281167	26.371887727576404	0.0
122.0	26.33219376245678	23.681922753307596	23.69226554703595	26.293617937199677	0.0
123.0	26.29082258754336	23.781157666106665	23.632165529425247	26.295854216924724	0.0
124.0	26.305358405756184	23.651173907088168	23.79177999480065	26.251687692355	0.0
125.0	26.358470049226106	23.579053885955325	23.807713487841628	26.254762576976944	0.0
126.0	26.23854954897033	23.652571581916323	23.82504465571076	26.283834213402585	0.0
127.0	26.22429326572314	23.60616877762155	23.790661854938126	26.378876101717186	0.0
128.0	26.334709577147457	23.75655858913112	23.662634840679047	26.24609699304237	0.0
129.0	26.43226728015274	23.65872135116021	23.71882136877091	26.190189999916143	0.0
130.0	26.197178374056918	23.714628344286446	23.713510204423923	26.374683077232714	0.0
131.0	26.307035615549974	23.729164162499266	23.650335302191277	26.31346491975949	0.0
132.0	26.38782122061738	23.643346928050494	23.69198601207032	26.276845839261803	0.0
133.0	26.369371912885725	23.77109440734394	23.53796224600754	26.32157143376279	0.0
134.0	26.296766330478345	23.761377104904174	23.67835498803587	26.263501576581618	0.0
135.0	26.27160811324552	23.696804347339935	23.70407227676275	26.32751526265179	0.0
136.0	26.208992105910507	23.6464879128743	23.727273743766354	26.417246237448843	0.0
137.0	26.183554352930656	23.79967350224747	23.70351320526869	26.31325893955319	0.0
138.0	26.222689357515037	23.765290605362612	23.701556455039473	26.31046358208288	0.0
139.0	26.231634501420043	23.831261041662007	23.71860813560838	26.21849632130957	0.0
140.0	26.24561128877161	23.695406668604782	23.728391886754476	26.33059015586913	0.0
141.0	26.3213654762171	23.696245275845875	23.727832815260417	26.254556432676612	0.0
142.0	26.265737862557863	23.69344991837556	23.86284858107655	26.177963637990025	0.0
143.0	26.225484714985352	23.765570141109645	23.804984681441063	26.20396046246394	0.0
144.0	26.236945680613637	23.866482545787957	23.652078627814923	26.244493145783483	0.0
145.0	26.41843822941563	23.64431772121822	23.5716382238249	26.365605825541255	0.0
146.0	26.450584930185748	23.57024054118272	23.6121710204481	26.367003508183434	0.0
147.0	26.34408151285169	23.670314618362752	23.692398004109187	26.293205864676366	0.0
148.0	26.289851426335137	23.76647518414469	23.639286063706376	26.3043873258138	0.0
149.0	26.295721693432288	23.656337791940963	23.7938697639314	26.254070750695348	0.0
150.0	26.372314702223715	23.58030385620641	23.80001956755699	26.24736187401289	0.0
151.0	26.23450319370484	23.659971766810628	23.8195871245475	26.285937914937037	0.0
152.0	26.229471536192996	23.61384823961871	23.788279033362684	26.36840119082561	0.0
153.0	26.337093099640796	23.748025773267923	23.670314618362752	26.24456650872853	0.0
154.0	26.436328567235524	23.64347911163291	23.715319999440926	26.204872321690637	0.0
155.0	26.2006792737641	23.701343173019136	23.72063119348121	26.377346359735558	0.0
156.0	26.317246006121852	23.71783582819685	23.65521964582722	26.30969851985408	0.0
157.0	26.396913916726067	23.63621116189358	23.69072078493857	26.276154136441782	0.0
158.0	26.381539407662096	23.76088445357597	23.53334171942919	26.324234419332747	0.0
159.0	26.290483990898267	23.748371695170153	23.698334516707945	26.262809797223635	0.0
160.0	26.28265694622261	23.69581868091934	23.705322949454064	26.316201423403985	0.0
161.0	26.229265320042266	23.641308905499617	23.736072053536986	26.39335372092113	0.0
162.0	26.181464440058814	23.80399961982926	23.710634158341115	26.30390178177081	0.0
163.0	26.22004058881739	23.780238948492453	23.686593949694466	26.313126512995687	0.0
164.0	26.239049125886833	23.82999658964482	23.722095188044747	26.2088590964236	0.0
165.0	26.243801260154193	23.699732203257167	23.72936315810071	26.327103378487926	0.0
166.0	26.339682557430937	23.681282740807415	23.723492874593973	26.255541827167672	0.0
167.0	26.268121006110682	23.693582382440585	23.85822985793914	26.18006675350959	0.0
168.0	26.235974215478542	23.76206902335255	23.805956380998172	26.19600038017074	0.0
169.0	26.237651439337604	23.878077006938117	23.6393521443307	26.244919409393574	0.0
170.0	26.411597476330112	23.658706353621277	23.57847892143023	26.35121724861838	0.0
171.0	26.442346666368493	23.574285850061358	23.620130097027673	26.363237386542476	0.0
172.0	26.34422879633693	23.675758177188015	23.706507367226397	26.27350565924866	0.0
173.0	26.301179930283205	23.76465129020806	23.634386539681827	26.299782239826907	0.0
174.0	26.298943625553132	23.643611296693344	23.808538770535566	26.24890630721795	0.0
175.0	26.374977986375313	23.576242616700167	23.796239094520214	26.25254030240431	0.0
176.0	26.240240626388957	23.65647004889121	23.821956598915953	26.28133272580388	0.0
177.0	26.228779564647375	23.60643273055603	23.804904775349215	26.35988292944738	0.0
178.0	26.337799420238	23.740051938177356	23.67631725337053	26.245831388214114	0.0
179.0	26.438153594999626	23.63242977304302	23.73138625734836	26.198030374608994	0.0
180.0	26.197750836517734	23.71461397187288	23.723000114610617	26.364635076998766	0.0
181.0	26.311802377751004	23.72104334797181	23.654792820343665	26.31236145393352	0.0
182.0	26.40153410504482	23.64444991096712	23.69029415793343	26.263721826054624	0.0
183.0	26.373859834010283	23.767167133029382	23.534311903011464	26.324661129948872	0.0
184.0	26.292308208379456	23.766954032627776	23.69371484798676	26.247022911006006	0.0
185.0	26.28755604754397	23.69119899813268	23.70070331980365	26.320541634519696	0.0
186.0	26.220067873176678	23.629258147297094	23.741355115367625	26.409318864158603	0.0
187.0	26.18736127650772	23.790554782151702	23.708368975137397	26.313714966203182	0.0
188.0	26.213638371267393	23.76902992793367	23.69886449405411	26.318467206744828	0.0
189.0	26.232367789872697	23.83388403414904	23.720948435394686	26.212799740583577	0.0
190.0	26.232926876995244	23.707530344453577	23.717034825536864	26.342507953014316	0.0
191.0	26.351173803413786	23.68376914174536	23.71675528197559	26.24830177286527	0.0
192.0	26.27681521611513	23.68293051106154	23.863236108082724	26.177018164740613	0.0
193.0	26.236075197428192	23.759871409602347	23.808232580893144	26.195820812076313	0.0
194.0	26.223775246348453	23.880355021315257	23.65168774896918	26.24418198336711	0.0
195.0	26.42176650154868	23.656226588095848	23.577394863078798	26.344612047276673	0.0
196.0	26.444409656606773	23.582706220438105	23.616251635338976	26.35663248761615	0.0
197.0	26.338182509420673	23.691449273741767	23.70710380069551	26.26326441614205	0.0
198.0	26.302400733526405	23.768044637765428	23.64141069651463	26.288143932193535	0.0
199.0	26.302400733526405	23.633862978161936	23.81640594424752	26.24733034406414	0.0
200.0	26.38067336829511	23.576556227706277	23.794880969686126	26.247889434312487	0.0
201.0	26.236707629345528	23.655667497847503	23.830103655332042	26.277521217474924	0.0
202.0	26.23530990372466	23.61373572922141	23.808299135646475	26.342655231407452	0.0
203.0	26.354955216871108	23.7426060314656	23.672999295546287	26.229439456117003	0.0
204.0	26.44524829197929	23.626874350057587	23.730306046001946	26.197571311961177	0.0
205.0	26.20835406661113	23.70330819248682	23.715887934070974	26.372449806831078	0.0
206.0	26.312067047227146	23.726231277151275	23.64935507858145	26.312346597040126	0.0
207.0	26.4018025371941	23.635936687558356	23.711694686876257	26.250566088371286	0.0
208.0	26.38286690316647	23.771305249680612	23.54039645865307	26.30543138849985	0.0
209.0	26.30928618952571	23.774020586278425	23.68707962226807	26.2296136019278	0.0
210.0	26.286362848532622	23.70217548097083	23.713078045589494	26.29838362490705	0.0
211.0	26.215929104581924	23.650163540298006	23.74213748567275	26.39176986944732	0.0
212.0	26.167006793212376	23.801403371446145	23.71949344441028	26.3120963909312	0.0
213.0	26.215649548516957	23.778759330183668	23.71362276704593	26.29196835425345	0.0
214.0	26.234100248804896	23.83578876743731	23.726202789969527	26.203908193788266	0.0
215.0	26.247239383858435	23.71138631852618	23.71446143524084	26.326912862374552	0.0
216.0	26.32299907746499	23.700763188057365	23.72760057029437	26.248637164183275	0.0
217.0	26.26233541136675	23.69964496379749	23.86653993458388	26.171479690251882	0.0
218.0	26.213206824541736	23.772116441017697	23.812372626911817	26.202304107528747	0.0
219.0	26.22858245109852	23.87387513313895	23.658895918190485	26.23864649757205	0.0
220.0	26.406174868887472	23.639952139734085	23.583761056504187	26.370111934874256	0.0
221.0	26.448947185972916	23.563912464915518	23.629888065125744	26.357252283985822	0.0
222.0	26.332930770349	23.67797197714337	23.713755353528576	26.275341898979054	0.0
223.0	26.294351817683697	23.768548648618427	23.645543292294274	26.2915562414036	0.0
224.0	26.29071756851957	23.64610240755029	23.818030348776098	26.245149675154032	0.0
225.0	26.369273261990227	23.59270690060049	23.811041408075862	26.226978429333425	0.0
226.0	26.22250550728527	23.679369765283415	23.833406018316616	26.2647187091147	0.0
227.0	26.207129837744752	23.636877005825983	23.815793887752022	26.340199268677246	0.0
228.0	26.344672190725397	23.731367484093173	23.688315609379718	26.235644715801715	0.0
229.0	26.429657709640264	23.639952139734085	23.73108792646516	26.199302224160487	0.0
230.0	26.202377358068592	23.71319623827256	23.710121104364454	26.3743052992944	0.0
231.0	26.309874589746883	23.731500170531106	23.651266682694725	26.30735855702728	0.0
232.0	26.39541970221355	23.64399814372697	23.703264692233287	26.25731746182619	0.0
233.0	26.37871989488545	23.779650829594217	23.53363805370347	26.307991221816863	0.0
234.0	26.29352760942008	23.776642139869836	23.69808556795563	26.231744682754453	0.0
235.0	26.279549571712923	23.703117661530204	23.7134614094335	26.303871357323374	0.0
236.0	26.22113502935421	23.65613642717361	23.74140341067934	26.381325132792842	0.0
237.0	26.17306315977814	23.79870057255323	23.718464841653248	26.309771426015388	0.0
238.0	26.21807344784398	23.775776078010377	23.71063696546788	26.295513508677757	0.0
239.0	26.21723474682412	23.850700035784577	23.727690552871714	26.20437466451959	0.0
240.0	26.238963537036103	23.715185166546444	23.731400868937982	26.314450427479464	0.0
241.0	26.31002108112038	23.705356393954137	23.752048000089466	26.23257452483602	0.0
242.0	26.262518942677083	23.679884135123498	23.90635746998529	26.151239452214124	0.0
243.0	26.206400957403382	23.749419797893935	23.84476867411935	26.199410570583332	0.0
244.0	26.227546249692413	23.868084916001166	23.663680289913426	26.24068854439299	0.0
245.0	26.39760410724472	23.65077234544702	23.600158831359128	26.35146471594913	0.0
246.0	26.450741485431763	23.557228469237373	23.65063074500899	26.34139930032187	0.0
247.0	26.331023373659747	23.702535362518248	23.72211129195541	26.24432997186659	0.0
248.0	26.291988399441784	23.776669677740518	23.656972500412508	26.274369422405186	0.0
249.0	26.265979433340135	23.65641316780817	23.855815241254135	26.221792157597555	0.0
