# Position (bp)	A	C	G	T	N
0.0	26.325013459181452	23.56273124019198	23.726818707689485	26.38543659293708	0.0
1.0	26.11596659832075	23.790964593761814	23.871719682477863	26.22134912543957	0.0
2.0	26.190305741129443	23.705604251797592	23.84505908933414	26.25903091773883	0.0
3.0	26.162775714502516	23.920121181230652	23.821904824627964	26.095198279638858	0.0
4.0	26.25029705918564	23.83345215700759	23.76960232722608	26.146648456580685	0.0
5.0	26.247799012239636	23.83766373201632	23.72457232839453	26.189964927349507	0.0
6.0	26.21617443285274	23.71396997354649	23.884887143135256	26.18496845046551	0.0
7.0	26.266671628673915	23.78700393048228	23.806183996954093	26.14014044388972	0.0
8.0	26.272413951038544	23.765372020060916	23.633979893283257	26.328234135617283	0.0
9.0	26.235491119348513	23.784975168524852	23.66732979347655	26.312203918650084	0.0
10.0	26.124963147635583	23.78043719069059	23.855716195290338	26.238883466383488	0.0
11.0	26.086247166311736	23.930354239655607	23.76891987818003	26.214478715852625	0.0
12.0	26.313228458244602	23.823590025417325	23.665304206452795	26.197877309885282	0.0
13.0	26.265427858304136	23.756325708135833	23.728561287811132	26.249685145748895	0.0
14.0	26.253978612809416	23.76262279315793	23.727702594399027	26.255695999633623	0.0
15.0	26.189290375764234	23.67761214535962	23.839618969109935	26.293478509766206	0.0
16.0	26.178986054818985	23.717970735728517	23.785235053010005	26.31780815644249	0.0
17.0	26.21133017334158	23.849637058917818	23.71882942914062	26.220203338599983	0.0
18.0	26.201312083533697	23.759474250646882	23.77865173685054	26.26056192896888	0.0
19.0	26.321529161228273	23.671315060337523	23.794680680543152	26.212475097891048	0.0
20.0	26.103421034553826	23.91947745643562	23.902589819330906	26.074511689679653	0.0
21.0	26.36331890728401	23.785235053010005	23.556250143115566	26.29519589659041	0.0
22.0	26.111933228191397	23.76055116510051	23.782590899593266	26.344924707114824	0.0
23.0	26.237302107513834	23.683268979216816	23.747098340150387	26.332330573118966	0.0
24.0	26.284816340316397	23.795185033589128	23.65350102613569	26.266497599958782	0.0
25.0	26.32803711834765	23.569921773254066	23.727920908838506	26.374120199559776	0.0
26.0	26.13196935045754	23.79690241549765	23.86960491629194	26.201523317752862	0.0
27.0	26.206389233160355	23.697580495121205	23.84584779989066	26.25018247182778	0.0
28.0	26.15715761844926	23.91855030068495	23.824952986670255	26.099339094195535	0.0
29.0	26.255907078189537	23.817510998399975	23.773717759732545	26.152864163677947	0.0
30.0	26.268787442503484	23.79089157881781	23.738511430607755	26.201809548070955	0.0
31.0	26.20581677252418	23.691283428123274	23.892217111420877	26.21068268793167	0.0
32.0	26.277374352046117	23.75940624382816	23.815793616491447	26.147425787634276	0.0
33.0	26.279091733954647	23.757402631601547	23.645200346911146	26.318305287532667	0.0
34.0	26.234439804332954	23.79089157881781	23.67038861490287	26.304280001946367	0.0
35.0	26.14771201795237	23.768279383688878	23.850427484980063	26.23358111337869	0.0
36.0	26.0955434067035	23.913329707759683	23.784240203795402	26.20688668174142	0.0
37.0	26.312791596301917	23.834902825085152	23.660875289807368	26.191430288805563	0.0
38.0	26.290751924893378	23.737584795489024	23.716403812576925	26.255259467040677	0.0
39.0	26.278444056444457	23.767638892864298	23.728997910524658	26.224919140166588	0.0
40.0	26.209748976729543	23.695222829664825	23.825457251624353	26.26957094198128	0.0
41.0	26.16853192890059	23.735294959498525	23.78223659730372	26.313936514297165	0.0
42.0	26.20459684575092	23.855225119500815	23.7158313535793	26.22434668116896	0.0
43.0	26.203165698256864	23.75991069639637	23.780519220310843	26.25640438503592	0.0
44.0	26.332541431719953	23.659157912814493	23.786816269284714	26.221484386180837	0.0
45.0	26.112430947133415	23.90359790480007	23.904170363797693	26.079800784268826	0.0
46.0	26.350001431147497	23.780232990812035	23.574720210664914	26.295045367375565	0.0
47.0	26.100048372646846	23.761560060794974	23.78417212647873	26.354219440079458	0.0
48.0	26.251749572803696	23.668821968623615	23.74724862681791	26.332179831754782	0.0
49.0	26.271213123012497	23.799342246494415	23.659948879557835	26.269495750935253	0.0
50.0	26.313861196264142	23.580091077965832	23.70774906904122	26.39829865672881	0.0
51.0	26.13668564362812	23.80535304876478	23.874620389213757	26.183340918393338	0.0
52.0	26.20452184067939	23.7034556388481	23.852867009568623	26.239155510903885	0.0
53.0	26.156149193836924	23.90696423000192	23.838841804271105	26.098044771890056	0.0
54.0	26.2483148286492	23.819950711421384	23.77987869628561	26.151855763643805	0.0
55.0	26.25289448752186	23.80277699064891	23.72835753396819	26.21597098786104	0.0
56.0	26.20423561199985	23.70975266979801	23.88377970695908	26.202232011243066	0.0
57.0	26.275220324526078	23.74896599889516	23.825675285012206	26.150138391566557	0.0
58.0	26.27178558037158	23.755549258524606	23.64935841841481	26.323306742689006	0.0
59.0	26.24115911166067	23.776730180810656	23.662524937673705	26.31958576985497	0.0
60.0	26.14040661646216	23.775871494772034	23.845711292580095	26.238010596185717	0.0
61.0	26.09110060336833	23.909185624491947	23.781814226669567	26.217899545470157	0.0
62.0	26.314358334382838	23.820454987806695	23.669040449721216	26.196146228089255	0.0
63.0	26.285449320495058	23.74546328841464	23.71569559094604	26.25339180014426	0.0
64.0	26.29947448564853	23.74889802273794	23.72428242675429	26.227345064859232	0.0
65.0	26.20215701315503	23.682493159154138	23.823889722129994	26.291460105560834	0.0
66.0	26.186414480839908	23.725713566055664	23.76922020081747	26.31865175228696	0.0
67.0	26.206736658919432	23.853084963878043	23.729720756099514	26.210457621103007	0.0
68.0	26.21303367184548	23.758915997847566	23.77494475802297	26.253105572283985	0.0
69.0	26.347846994035013	23.67390632334589	23.77523098588324	26.20301569673586	0.0
70.0	26.120868300836932	23.91634132099882	23.898308965801498	26.064481412362756	0.0
71.0	26.364448209930963	23.759488453568117	23.582885863778436	26.293177472722483	0.0
72.0	26.108199546043913	23.757703085241275	23.802926957721404	26.33117041099341	0.0
73.0	26.266483099724365	23.683856508659797	23.736236057165264	26.313424334450573	0.0
74.0	26.276787273200846	23.798633552106203	23.673552335183317	26.251026839509635	0.0
75.0	26.3351775895676	23.58024231981292	23.69702295254642	26.387557138073063	0.0
76.0	26.166017408328635	23.812944904156875	23.854734052144842	26.166303635369648	0.0
77.0	26.21181373489079	23.720779796950538	23.828401164371602	26.23900530378707	0.0
78.0	26.133387525653102	23.906254919527267	23.855020279185858	26.10533727563378	0.0
79.0	26.22984603847464	23.821817942428293	23.784894654137556	26.16344136495951	0.0
80.0	26.256751380329906	23.804071865885458	23.727363018893847	26.21181373489079	0.0
81.0	26.21610714050599	23.711620531638104	23.88679148073835	26.18548084711755	0.0
82.0	26.265910645642336	23.748830046969857	23.82095926130525	26.164300046082555	0.0
83.0	26.265910645642336	23.75655817707722	23.65580625864048	26.321724918639966	0.0
84.0	26.2481645690995	23.776880296989177	23.670403837732167	26.304551296179156	0.0
85.0	26.143691699129583	23.77459048066107	23.847864603160517	26.233853217048825	0.0
86.0	26.084654267346743	23.912197244213935	23.793699588406696	26.209448900032626	0.0
87.0	26.309628077647453	23.836061069226673	23.654307418411218	26.200003434714663	0.0
88.0	26.280433003028275	23.75105188136496	23.709262852988488	26.259252262618283	0.0
89.0	26.309628077647453	23.76106979912644	23.72185680674578	26.20744531648033	0.0
90.0	26.193134005392505	23.697527577896466	23.8220359843606	26.287302432350433	0.0
91.0	26.1951375889448	23.718708318306454	23.766508097339813	26.31964599540893	0.0
92.0	26.1951375889448	23.859817845632474	23.72672265251564	26.218321912907083	0.0
93.0	26.20916267381087	23.75133810758671	23.787402611528048	26.252096607074364	0.0
94.0	26.338823152266627	23.686364755247958	23.788547516415072	26.186264576070347	0.0
95.0	26.115566699296455	23.912483470435696	23.904755362448267	26.067194467819586	0.0
96.0	26.36572841711175	23.767939228448597	23.57845746964571	26.287874884793943	0.0
97.0	26.098890876565296	23.74726296958855	23.80737030411449	26.346475849731664	0.0
98.0	26.275205724508048	23.66025044722719	23.74840787119857	26.316135957066187	0.0
99.0	26.2720572450805	23.79849731663685	23.680858676207514	26.24858676207513	0.0
100.0	26.325581395348834	23.573524150268334	23.696601073345256	26.40429338103757	0.0
101.0	26.16844364937388	23.796493738819322	23.8528801431127	26.182182468694098	0.0
102.0	26.234561717352417	23.705760286225402	23.840286225402505	26.21939177101968	0.0
103.0	26.131806797853308	23.920143112701254	23.858318425760284	26.08973166368515	0.0
104.0	26.246296958855098	23.808228980322006	23.798783542039356	26.146690518783544	0.0
105.0	26.238855098389983	23.797638640429337	23.736100178890876	26.227406082289807	0.0
106.0	26.205939177101968	23.7312343470483	23.881788908765653	26.181037567084083	0.0
107.0	26.276923076923076	23.749838998211093	23.81509838998211	26.158139534883723	0.0
108.0	26.270339892665472	23.738962432915923	23.685438282647585	26.305259391771017	0.0
109.0	26.24858676207513	23.785330948121647	23.670268336314848	26.295813953488373	0.0
110.0	26.144973166368512	23.757567084078712	23.86747763864043	26.229982110912342	0.0
111.0	26.089656988459424	23.91263280820663	23.793849606154975	26.20386059717897	0.0
112.0	26.337241252976735	23.81531644989925	23.64501282286133	26.202429474262683	0.0
113.0	26.29631113757098	23.740325609085914	23.72830417658912	26.235059076753984	0.0
114.0	26.309191243817548	23.755209287415276	23.70826845576113	26.227331013006044	0.0
115.0	26.17781416010258	23.68909140868291	23.842221560725406	26.290872870489103	0.0
116.0	26.195846308847777	23.726014379923065	23.78354552115772	26.294593790071442	0.0
117.0	26.201284575929655	23.84451135739146	23.717427642425353	26.236776424253527	0.0
118.0	26.18926314343286	23.7377495878366	23.799287873236857	26.273699395493683	0.0
119.0	26.340103498809302	23.67077303535446	23.79613940282103	26.192984063015206	0.0
120.0	26.1111238322037	23.900611375709836	23.90891188862429	26.079352903462173	0.0
121.0	26.377026470049458	23.760933779080418	23.578322494962446	26.283717255907675	0.0
122.0	26.10118067978533	23.75813953488372	23.79849731663685	26.342182468694098	0.0
123.0	26.273488372093023	23.657960644007154	23.750697674418607	26.317853309481215	0.0
124.0	26.292093023255813	23.797638640429337	23.673703041144904	26.236565295169946	0.0
125.0	26.33359570661896	23.57896243291592	23.710339892665473	26.377101967799643	0.0
126.0	26.16357781753131	23.791055456171737	23.865474060822898	26.179892665474057	0.0
127.0	26.221681574239714	23.71921288014311	23.84114490161002	26.217960644007153	0.0
128.0	26.14153846153846	23.91928443649374	23.856887298747765	26.08228980322004	0.0
129.0	26.245438282647587	23.802504472271917	23.79277280858676	26.159284436493742	0.0
130.0	26.240858676207512	23.81309481216458	23.725223613595706	26.220822898032196	0.0
131.0	26.20536672629696	23.75241502683363	23.88293381037567	26.159284436493742	0.0
132.0	26.276350626118067	23.769302325581396	23.802504472271917	26.15184257602862	0.0
133.0	26.266332737030414	23.745831842576028	23.676851520572452	26.31098389982111	0.0
134.0	26.24973166368515	23.780751341681576	23.66912343470483	26.30039355992844	0.0
135.0	26.15298747763864	23.768443649373882	23.856314847942755	26.222254025044723	0.0
136.0	26.098679352212816	23.92221516197542	23.779960729762376	26.199144756049392	0.0
137.0	26.3225082576265	23.824039567912898	23.652876287302433	26.200575887158173	0.0
138.0	26.28529884879814	23.759638668017654	23.714987377423622	26.240075105760592	0.0
139.0	26.325656746065825	23.740747737381717	23.719853223193482	26.213742293358976	0.0
140.0	26.17452930097832	23.702107197444573	23.844647855879373	26.27871564569773	0.0
141.0	26.19771362494061	23.71670473475416	23.784826575532236	26.300755064772996	0.0
142.0	26.20601418537155	23.864683691402337	23.71012153165376	26.219180591572353	0.0
143.0	26.21860813912884	23.72844000984618	23.78568525419751	26.267266596827472	0.0
144.0	26.344547676701758	23.665756467281483	23.787688837749805	26.20200701826696	0.0
145.0	26.119573866401048	23.910766113105154	23.90017574290016	26.06948427759364	0.0
146.0	26.381184633086608	23.754486596026037	23.58418199408084	26.280146776806518	0.0
147.0	26.108199546043913	23.741960597985535	23.788329378629715	26.36151047734084	0.0
148.0	26.281366905857062	23.654947577517436	23.757416858200262	26.306268658425235	0.0
149.0	26.300544117604968	23.768579712799788	23.66668288619899	26.264193283396253	0.0
150.0	26.34118835742888	23.57823873052583	23.699885222956553	26.380687689088738	0.0
151.0	26.153995872606068	23.793195238326945	23.869904085318556	26.18290480374843	0.0
152.0	26.236715487458962	23.721924705114592	23.829546072535656	26.21181373489079	0.0
153.0	26.15313719148303	23.903392649117134	23.846433467955453	26.097036691444387	0.0
154.0	26.217252048670048	23.79348146536796	23.80865149854167	26.18061498742032	0.0
155.0	26.24988193134558	23.80178204955735	23.727935472975876	26.22040054612119	0.0
156.0	26.20093710733228	23.731370197468035	23.896809427173825	26.170883268025865	0.0
157.0	26.260758558904097	23.77602161586614	23.81323113119789	26.14998869403188	0.0
158.0	26.290812398210512	23.726218110729793	23.669831383650138	26.31313810740956	0.0
159.0	26.257323834411935	23.756271950036208	23.692729546931215	26.293674668620643	0.0
160.0	26.14655396953972	23.780601248522355	23.85044064652964	26.22240413540829	0.0
161.0	26.100546122757407	23.89974010510287	23.79956035400662	26.20015341813311	0.0
162.0	26.32151403088971	23.83676997584237	23.666750626839015	26.17496536642891	0.0
163.0	26.293177472722483	23.75691240282564	23.71913032526934	26.230779799182535	0.0
164.0	26.345843399013084	23.73057943968034	23.737735136187215	26.185842025119356	0.0
165.0	26.18927675944266	23.69222490640349	23.837056203702645	26.28144213045121	0.0
166.0	26.213319899705755	23.70882612229944	23.787825011735343	26.29002896625946	0.0
167.0	26.21303367184548	23.876841876280867	23.70653629941724	26.20358815245641	0.0
168.0	26.230779799182535	23.73401417400364	23.77351361872159	26.261692408092234	0.0
169.0	26.326379904514386	23.661026069633515	23.793263341080568	26.21933068477153	0.0
170.0	26.13661083315206	23.89859519366177	23.905750890168644	26.05904308301753	0.0
171.0	26.391067400936535	23.73744890832694	23.59147269958669	26.280010991149833	0.0
172.0	26.098903457928678	23.748107312856533	23.806211734803405	26.346777494411384	0.0
173.0	26.266347235460298	23.66080756559646	23.770719378540292	26.302125820402956	0.0
174.0	26.288673072464512	23.766425948347173	23.68256094524159	26.262340033946725	0.0
175.0	26.339621777422856	23.567210787386475	23.696872379218654	26.39629505597202	0.0
176.0	26.14870724816885	23.793045215544506	23.87748267600917	26.18076486027747	0.0
177.0	26.25289448752186	23.698589751295902	23.8471424359778	26.20137332520444	0.0
178.0	26.15500427911876	23.906105543963292	23.83569328879615	26.103196888121794	0.0
179.0	26.214826073142877	23.792472758185422	23.806211734803405	26.186489433868292	0.0
180.0	26.264343634703508	23.785603269876436	23.74037913850892	26.209673956911132	0.0
181.0	26.19650743765224	23.729216220006812	23.880631191484124	26.193645150856824	0.0
182.0	26.27178558037158	23.761846289474512	23.80936025027836	26.15700787987555	0.0
183.0	26.298977304928002	23.730074906045438	23.667677053905447	26.30327073512112	0.0
184.0	26.24402139845608	23.776730180810656	23.69572746450049	26.28352095623277	0.0
185.0	26.176185201404813	23.777588866849282	23.843421463143763	26.202804468602146	0.0
186.0	26.08638406274151	23.90216675730601	23.78939233477402	26.222056845178464	0.0
187.0	26.320233563271028	23.84377593954833	23.652288404843002	26.183702092337636	0.0
188.0	26.29807306992134	23.74228598252825	23.709655259271134	26.249985688279274	0.0
189.0	26.342725638588977	23.72081840143804	23.73885116955382	26.19760479041916	0.0
190.0	26.184151772935966	23.698778351518758	23.851341294466515	26.26572858107876	0.0
191.0	26.20025589429905	23.714875358867424	23.795593694810268	26.289275052023253	0.0
192.0	26.21227777412033	23.86056909289192	23.72661100345486	26.200542129532895	0.0
193.0	26.246339766947273	23.72489359205182	23.76897381806316	26.259792822937744	0.0
194.0	26.328775514293156	23.656197135930253	23.79645240051179	26.218574949264806	0.0
195.0	26.134421790515884	23.900642025629505	23.895203556186544	26.069732627668067	0.0
196.0	26.39546832377785	23.716592770270463	23.596373972057716	26.291564933893973	0.0
197.0	26.097572145797198	23.759596063681798	23.801100291388302	26.341731499132703	0.0
198.0	26.287346649034525	23.672294067471565	23.75587499499087	26.28448428850304	0.0
199.0	26.30051350747935	23.778487643189585	23.660844625345632	26.260154223985438	0.0
200.0	26.341159027026407	23.556940938052794	23.6997727285738	26.402127306347	0.0
201.0	26.175005724753834	23.800950309136706	23.85390428211587	26.170139683993586	0.0
202.0	26.284348523013513	23.698763453171516	23.818124570643462	26.198763453171516	0.0
203.0	26.156686512479965	23.88424547744447	23.856766659033664	26.102301351041906	0.0
204.0	26.237978016945274	23.79493931760934	23.78806961300664	26.179013052438744	0.0
205.0	26.25343485230135	23.814117242958552	23.727959697733	26.2044882070071	0.0
206.0	26.211432938610425	23.748636789090877	23.866853294175904	26.17307697812279	0.0
207.0	26.303887977696295	23.747778073557573	23.8173340317553	26.13099991699083	0.0
208.0	26.300453115563073	23.742912018868843	23.655323034471703	26.30131183109638	0.0
209.0	26.241155052783437	23.79405298953491	23.705317273122812	26.259474684558842	0.0
210.0	26.17446014335112	23.764856076392864	23.863896585678628	26.196787194577386	0.0
211.0	26.08837530163074	23.90861912517783	23.79383485377171	26.20917071941972	0.0
212.0	26.35200700727921	23.81988315476412	23.66359334880965	26.164516489147015	0.0
213.0	26.292407570674513	23.747380835155777	23.725626023334897	26.234585570834813	0.0
214.0	26.330915482072214	23.757821758371357	23.72289936051937	26.18836339903706	0.0
215.0	26.181357057799765	23.70900888522488	23.864729321242102	26.24490473573326	0.0
216.0	26.203909647021106	23.722380138603828	23.803389811101475	26.270320403273594	0.0
217.0	26.226523654538113	23.863789248900073	23.723238898382956	26.18644819817886	0.0
218.0	26.222379980477417	23.74226753955327	23.777476892073317	26.257875587895995	0.0
219.0	26.321996685168276	23.66354744245561	23.78234322534844	26.232112647027673	0.0
220.0	26.137934785409016	23.904287812125187	23.88024240064808	26.07753500181772	0.0
221.0	26.382396468759573	23.723947226046906	23.593701247212593	26.299955057980927	0.0
222.0	26.097361294791867	23.753213220434077	23.800159158179184	26.349266326594872	0.0
223.0	26.29216570865871	23.657452996542013	23.746765291868	26.303616002931275	0.0
224.0	26.29617331165411	23.77768108640392	23.669475805528204	26.256669796413767	0.0
225.0	26.335104312180825	23.555831634873016	23.694952710284653	26.414111342661506	0.0
226.0	26.160201067167428	23.79857787345135	23.86613460965947	26.175086449721757	0.0
227.0	26.25437973755926	23.712700666407127	23.81775711635789	26.21516247967573	0.0
228.0	26.153330890603886	23.873863558293447	23.853253028602836	26.119552522499827	0.0
229.0	26.234341722582272	23.791993954244624	23.80229921908993	26.17136510408318	0.0
230.0	26.250944649277486	23.79285272631507	23.747051549224814	26.20915107518263	0.0
231.0	26.217527588131734	23.735096683699027	23.87307312465112	26.17430260351811	0.0
232.0	26.293099746661515	23.752844690626475	23.828130590980003	26.125924971732005	0.0
233.0	26.285249721609144	23.74638235016274	23.661075948461193	26.307291979766923	0.0
234.0	26.247824394265564	23.79568772042321	23.69692667063619	26.25956121467503	0.0
235.0	26.18270612551027	23.776644166194327	23.847924288486972	26.192725419808433	0.0
236.0	26.081156516138265	23.903814499391686	23.818507120875974	26.196521863594075	0.0
237.0	26.353109568453448	23.822801116438846	23.658484219566304	26.1656050955414	0.0
238.0	26.305815264999055	23.742564167158093	23.717086241347523	26.234534326495325	0.0
239.0	26.356198578961532	23.748862081403406	23.73311729579013	26.161822043844936	0.0
240.0	26.181553762163368	23.701786680484503	23.850080301854813	26.266579255497312	0.0
241.0	26.209937159134828	23.709471936328892	23.81883508209393	26.26175582244235	0.0
242.0	26.219740891847398	23.857132631880322	23.748622145873597	26.174504330398683	0.0
243.0	26.20508576975167	23.72862914424952	23.814814072481237	26.251471013517573	0.0
244.0	26.313754910831893	23.639857056135245	23.826840917681285	26.219547115351578	0.0
245.0	26.137840980029438	23.879340461722613	23.917998705664722	26.06481985258323	0.0
246.0	26.378082411461662	23.721144676817516	23.602587636276162	26.298185275444663	0.0
247.0	26.09260940413016	23.75432075077251	23.811596651650834	26.34147319344649	0.0
248.0	26.290316113844515	23.64896986637188	23.76066075182285	26.300053267960756	0.0
249.0	26.316663707335515	23.769538745281775	23.675890233634423	26.237907313748288	0.0
