# Position (bp)	A	C	G	T	N
0.0	26.25140127698981	23.756483145970773	23.673051615733296	26.31906396130612	0.0
1.0	26.366581610711314	23.586111987155594	23.637718971300785	26.409587430832303	0.0
2.0	26.244753801343947	23.728871866614682	23.76642662202142	26.259947710019954	0.0
3.0	26.22369503584728	23.725422183745604	23.647163034161693	26.403719746245425	0.0
4.0	26.094932880807896	23.873392249546377	23.85991968055679	26.17175518908894	0.0
5.0	26.243905515061012	23.70120470876889	23.808117954259476	26.246771821910624	0.0
6.0	26.251060463623233	23.71253983903882	23.74234746520533	26.29405223213262	0.0
7.0	26.28070467057768	23.691925864574166	23.720011807559704	26.307357657288442	0.0
8.0	26.244358155062976	23.76122995801751	23.762376237623762	26.232035649295753	0.0
9.0	26.109531887579664	23.896772270872496	23.759800100866535	26.233895740681305	0.0
10.0	26.254710087826123	23.66233505738069	23.75517572388498	26.32777913090821	0.0
11.0	26.30571514535009	23.627376534808086	23.7872687937877	26.279639526054126	0.0
12.0	26.227488287462215	23.762339355559696	23.6821066808029	26.328065676175193	0.0
13.0	26.269610441709528	23.702451394759088	23.7021648494921	26.325773314039285	0.0
14.0	26.197974124962393	23.86578219694256	23.750017909079187	26.18622576901586	0.0
15.0	26.295686061005487	23.72336919924925	23.666346691118527	26.31459804862673	0.0
16.0	26.373053283092396	23.741994641603505	23.5694943908764	26.315457684427695	0.0
17.0	26.229207559064143	23.704457211628007	23.71849792971045	26.347837299597405	0.0
18.0	26.34812384486439	23.64284997922547	23.72766737825408	26.281358797656058	0.0
19.0	26.308007507485996	23.817356046821498	23.669498689055406	26.205137756637104	0.0
20.0	26.403140536126195	23.746006275341347	23.69041649354557	26.16043669498689	0.0
21.0	26.293393698869576	23.775233892574178	23.705603392695963	26.22576901586028	0.0
22.0	26.367608923019613	23.743427367938448	23.68583176927375	26.203131939768188	0.0
23.0	26.17820250154018	23.841712394515525	23.729673195123	26.2504119088213	0.0
24.0	26.253277361491183	23.740848460535553	23.817642592088486	26.18823158588478	0.0
25.0	26.27161625857845	23.729100104589023	23.69041649354557	26.308867143286964	0.0
26.0	26.359223579169367	23.591490776134286	23.638197520817453	26.411088123878894	0.0
27.0	26.249763600832125	23.722155043468792	23.781469743771957	26.24661161192713	0.0
28.0	26.22512077848395	23.737341899101967	23.643355320843817	26.394182001570265	0.0
29.0	26.087865988893537	23.88004103316465	23.845369155209664	26.186723822732144	0.0
30.0	26.231997845185766	23.708400910065162	23.807545288349676	26.252055956399396	0.0
31.0	26.247471245264855	23.707541276727433	23.74679786581697	26.298189612190747	0.0
32.0	26.282716212111662	23.69149478775653	23.71986268790152	26.305926312230287	0.0
33.0	26.235934289815955	23.75160106250376	23.768507136368978	26.24395751131131	0.0
34.0	26.09581445727205	23.89945757291819	23.77108602899248	26.233641940817282	0.0
35.0	26.256565430804013	23.667357236802516	23.747016364506415	26.32906096788706	0.0
36.0	26.302125867152643	23.63039310919891	23.79200371360538	26.275477310043065	0.0
37.0	26.219601303200406	23.759337740374285	23.680538243544888	26.34052271288042	0.0
38.0	26.271179155670556	23.68884800866508	23.705180995280625	26.334791840383737	0.0
39.0	26.196391269588837	23.865645425187758	23.74672982088158	26.191233484341826	0.0
40.0	26.299260430904305	23.722946700020344	23.66678414955285	26.311008719522505	0.0
41.0	26.376627209609527	23.737273881262052	23.57423055873141	26.311868350397006	0.0
42.0	26.23134959181861	23.706327169779964	23.718362002022996	26.343961236378433	0.0
43.0	26.33966308200592	23.639562505193602	23.737560424886887	26.28321398791359	0.0
44.0	26.313014524896346	23.805757807597416	23.6730881092992	26.208139558207037	0.0
45.0	26.394106370724412	23.749881800754753	23.697730861034938	26.158280967485897	0.0
46.0	26.295821907406292	23.775957270614665	23.706327169779964	26.22189365219908	0.0
47.0	26.36230002836782	23.743577841008403	23.683690223418065	26.21043190720571	0.0
48.0	26.17805247759945	23.835271800955336	23.731829552390206	26.254846169055007	0.0
49.0	26.27060606842089	23.742431666509066	23.81206176734377	26.174900497726277	0.0
50.0	26.280635095290084	23.72667176714319	23.67853243817105	26.31416069939568	0.0
51.0	26.354487833392554	23.591928662303573	23.640067853335932	26.413515650967938	0.0
52.0	26.253911309271377	23.713709353903287	23.786204683255583	26.24617465356975	0.0
53.0	26.229268628147672	23.728036494091487	23.63548316847571	26.407211709285132	0.0
54.0	26.094880053182344	23.88105035130148	23.8458055864385	26.17826400907768	0.0
55.0	26.23471294141919	23.7119900970807	23.81342624961317	26.239870711886944	0.0
56.0	26.24130342590576	23.70683232661295	23.74895411876626	26.30291012871503	0.0
57.0	26.268811535067112	23.695084071658624	23.732621178951714	26.303483214322554	0.0
58.0	26.242087859502732	23.745447564249876	23.776107556398625	26.23635701984876	0.0
59.0	26.098816868153435	23.894162853270448	23.77324213657164	26.23377814200448	0.0
60.0	26.270455515789898	23.65318104582093	23.760061205367506	26.31630223302167	0.0
61.0	26.31257718724659	23.619655633845195	23.78556344182768	26.28220373708054	0.0
62.0	26.221456836748438	23.75490344967893	23.690431503571745	26.333208210000887	0.0
63.0	26.27303439363418	23.690144961589045	23.704472060723976	26.332348584052795	0.0
64.0	26.19939310408064	23.856052769571534	23.763213167177188	26.181340959170633	0.0
65.0	26.302834759834838	23.717079907962717	23.666361977025062	26.31372335517738	0.0
66.0	26.378768385249963	23.741722518474795	23.571516580751826	26.30799251552341	0.0
67.0	26.229766554246698	23.710489442360647	23.715647198049222	26.344096805343437	0.0
68.0	26.34925456103201	23.629971145222342	23.73685130476892	26.283922988976734	0.0
69.0	26.300255881990548	23.81421764009754	23.680115992194597	26.205410485717316	0.0
70.0	26.39853978205617	23.751751487869246	23.696448885208415	26.153259844866174	0.0
71.0	26.294238500353877	23.776680640364024	23.71020290037795	26.218877958904148	0.0
72.0	26.35641811059947	23.73484551089003	23.693296923398734	26.215439455111767	0.0
73.0	26.176183203482058	23.835421746817236	23.7400032665786	26.248391783122106	0.0
74.0	26.270742057772594	23.746880274163367	23.805334838633883	26.177042829430153	0.0
75.0	26.271315141737993	23.726249251409072	23.688425709692858	26.314009897160084	0.0
76.0	26.357202212097768	23.584916473251383	23.64680936416516	26.411071950485688	0.0
77.0	26.254907017393048	23.708129172755665	23.78578182755953	26.251181982291754	0.0
78.0	26.232270265623658	23.7333447949798	23.633341929568182	26.401043009828363	0.0
79.0	26.09358434339093	23.87575575231382	23.86114215307029	26.169517751224962	0.0
80.0	26.2348491360784	23.699532937906532	23.81386286140004	26.251755064615033	0.0
81.0	26.242872288604257	23.710708043210406	23.747958394223332	26.298461273962005	0.0
82.0	26.276970686839164	23.683773174016448	23.735923665434537	26.30333247370985	0.0
83.0	26.250820221724915	23.748176887083048	23.769953952967267	26.231048938224767	0.0
84.0	26.103825027006426	23.88371046817826	23.770240493307853	26.24222401150746	0.0
85.0	26.262568375688772	23.64444928379242	23.77167319501076	26.32130914550805	0.0
86.0	26.315578338696415	23.622672217908196	23.78112902624996	26.28062041714543	0.0
87.0	26.21758154221742	23.750755750148283	23.693161141691334	26.338501565942963	0.0
88.0	26.276895392717865	23.69602654509715	23.70032465020588	26.326753411979105	0.0
89.0	26.205260307572402	23.850758329011352	23.75791925866283	26.186062104753415	0.0
90.0	26.28835700634114	23.730124845626392	23.679407205343402	26.302110942689065	0.0
91.0	26.379763374986748	23.746457645039555	23.573100738987538	26.30067824098616	0.0
92.0	26.24537595525386	23.698032327481226	23.716943989959628	26.339647727305287	0.0
93.0	26.349390098885074	23.62926264574158	23.735282571756866	26.286064683616484	0.0
94.0	26.319303363123975	23.80691765690233	23.667659051379548	26.206119928594145	0.0
95.0	26.38921920622595	23.753907693894686	23.701184271227625	26.15568882865174	0.0
96.0	26.304976346094882	23.76450968649621	23.705482376336352	26.22503159107255	0.0
97.0	26.36400365625475	23.7252536598365	23.705768916676934	26.20497376723182	0.0
98.0	26.175173571811307	23.836431311982256	23.747030725720723	26.241364390485717	0.0
99.0	26.282053118848335	23.741586459249667	23.80577149554	26.170588926361997	0.0
100.0	26.272883827949716	23.736715273459772	23.679120665002824	26.311280233587688	0.0
101.0	26.364787731523933	23.575038969374656	23.655270034843205	26.404903264258206	0.0
102.0	26.26679121584449	23.696531725655603	23.7922359251788	26.244441133321107	0.0
103.0	26.24042958004768	23.7208875848157	23.629481478085456	26.409201357051167	0.0
104.0	26.09973867595819	23.87189391160829	23.853268842838805	26.175098569594716	0.0
105.0	26.230687236383645	23.69509902805795	23.823182193288098	26.251031542270308	0.0
106.0	26.249025765633593	23.71572987346415	23.746389602053917	26.28885475884834	0.0
107.0	26.283410507977262	23.67274894553457	23.737220337428937	26.306620209059233	0.0
108.0	26.24694478112741	23.745461943362763	23.785863899848994	26.22172937566083	0.0
109.0	26.10568120277484	23.886152444318366	23.771250426226313	26.236915926680478	0.0
110.0	26.274739034880355	23.653196482450937	23.752338872126373	26.31972561054233	0.0
111.0	26.324310229718073	23.60735029069351	23.793886983406544	26.274452496181873	0.0
112.0	26.228606304424446	23.741163862885504	23.699042674208364	26.33118715848169	0.0
113.0	26.2649967191319	23.694458055032623	23.707638835162882	26.332906390672594	0.0
114.0	26.1990928184806	23.85491972618362	23.75405810431728	26.1919293510185	0.0
115.0	26.296802514663618	23.723685002277982	23.683569584490233	26.295942898568164	0.0
116.0	26.376460272842152	23.73858501459915	23.57669064995573	26.308264062602976	0.0
117.0	26.25238901639861	23.69503113242959	23.713369609132563	26.33921024203924	0.0
118.0	26.3506717899786	23.63657723793887	23.727123466659787	26.28562750542274	0.0
119.0	26.309983294793877	23.799044679979254	23.677265733123587	26.21370629210328	0.0
120.0	26.39823721392693	23.74689463685518	23.7001888290023	26.15467932021559	0.0
121.0	26.292217895487873	23.767811961844508	23.718813844403755	26.221156298263864	0.0
122.0	26.367291034490663	23.716521534815886	23.699042674208364	26.21714475648509	0.0
123.0	26.16585432945647	23.83085047551097	23.75119271733244	26.252102477700124	0.0
124.0	26.28362173453336	23.742596556377922	23.817956234079194	26.155825475009525	0.0
125.0	26.283908273231845	23.729988853644628	23.67382726874178	26.312275604381753	0.0
126.0	26.36335503392628	23.57532550889419	23.65813543003851	26.403184027141023	0.0
127.0	26.271089308637446	23.697391344214193	23.78593205574913	26.245587291399232	0.0
128.0	26.235844947735192	23.71802218962039	23.64094305886668	26.405189803777734	0.0
129.0	26.094082655426643	23.877693121026045	23.840729417090987	26.18749480645633	0.0
130.0	26.21901424392033	23.696313085437733	23.821817754612585	26.262854916029355	0.0
131.0	26.25483178649306	23.69115535930726	23.76508276717738	26.2889300870223	0.0
132.0	26.277181933058447	23.67596872125642	23.749609588785958	26.297239756899177	0.0
133.0	26.26121092294908	23.753116135132814	23.77231439296255	26.213358548955558	0.0
134.0	26.107338319149548	23.887790481102613	23.766297028568154	26.23857417117969	0.0
135.0	26.267801369666756	23.64308432906387	23.755408464425916	26.333705836843464	0.0
136.0	26.31078254391243	23.611278260122067	23.81271669675349	26.26522249921201	0.0
137.0	26.232270265623658	23.744806441445313	23.704404137654375	26.318519155276654	0.0
138.0	26.263789793403824	23.68864437376429	23.705836843462563	26.341728989369322	0.0
139.0	26.1970257027422	23.856557494484083	23.75970658185048	26.18671022092324	0.0
140.0	26.31164216739735	23.72073698386773	23.680907762400068	26.28671308633485	0.0
141.0	26.37009656437147	23.743373735637125	23.587208802544485	26.299320897446922	0.0
142.0	26.25290122926158	23.696380985128513	23.709561878563857	26.341155907046048	0.0
143.0	26.36702016395932	23.61478442013932	23.73656476278622	26.28163065311514	0.0
144.0	26.307419431558017	23.798457831049117	23.680402534177293	26.213720203215573	0.0
145.0	26.391089690506004	23.7402898085613	23.703039350810485	26.165581150122208	0.0
146.0	26.29230804497576	23.756690774467888	23.72889612250278	26.222105058053575	0.0
147.0	26.361651403486654	23.72402489483879	23.701961098948964	26.212362602725598	0.0
148.0	26.174252409824977	23.83291116026912	23.747234861943678	26.245601567962222	0.0
149.0	26.281992504040254	23.73319426455924	23.818010934473392	26.166802296927116	0.0
150.0	26.289442616938118	23.72259218081997	23.66986830492739	26.31809689731452	0.0
151.0	26.371755967987347	23.56506116273672	23.657614753558157	26.405568115717777	0.0
152.0	26.27211406761303	23.704389287822433	23.786340999352408	26.23715564521213	0.0
153.0	26.244032711913945	23.710979810078342	23.637910976371547	26.40707650163617	0.0
154.0	26.086794561370834	23.878963279224035	23.84457784718541	26.189664312219723	0.0
155.0	26.212014843044827	23.697580125220284	23.82423313322922	26.266171898505668	0.0
156.0	26.25184463515624	23.69557430835136	23.767783715632476	26.28479734085992	0.0
157.0	26.280499161855094	23.678668137599036	23.757754631287877	26.283078069257993	0.0
158.0	26.241317653531393	23.753524516883296	23.795360245741925	26.209797583843386	0.0
159.0	26.110366091282124	23.88275680260413	23.77759438828141	26.229282717832337	0.0
160.0	26.273124269307473	23.64062535818261	23.746647410769548	26.339602961740365	0.0
161.0	26.316965820782617	23.60881874240653	23.813985741466656	26.2602296953442	0.0
162.0	26.225844164775463	23.74263576553653	23.718565894138415	26.312954175549596	0.0
163.0	26.266820255369872	23.689051647066915	23.71111569584852	26.33301240171469	0.0
164.0	26.199195378584694	23.849804002475757	23.762693991701624	26.18830662723792	0.0
165.0	26.302638516378973	23.71999862457878	23.687332370538478	26.290030488503767	0.0
166.0	26.367397932283428	23.73862412030351	23.593345253650597	26.300632693762466	0.0
167.0	26.25020058226165	23.690770923595352	23.71226188020081	26.346766613942187	0.0
168.0	26.36632729961058	23.63095050475238	23.724078250229955	26.278643945407083	0.0
169.0	26.31474885596147	23.79743425897537	23.677084557127426	26.210732327935744	0.0
170.0	26.398134006527542	23.73983833023385	23.708031623316895	26.15399603992172	0.0
171.0	26.289608060014558	23.76139743597091	23.72815789926128	26.220836604753256	0.0
172.0	26.365543208532245	23.71182467863672	23.709532296794677	26.213099816036355	0.0
173.0	26.18444504301081	23.826730318469146	23.743058381234565	26.245766257285474	0.0
174.0	26.28616948725149	23.736467783438687	23.813835670607652	26.16352705870217	0.0
175.0	26.28445020086996	23.730163733373068	23.676865855545557	26.308520210211416	0.0
176.0	26.377940346322582	23.563173926374215	23.656875302666908	26.402010424636295	0.0
177.0	26.282881540489427	23.689323170382256	23.79190784572182	26.235887443406497	0.0
178.0	26.24763596767723	23.712247120178805	23.640896326437044	26.399220585706917	0.0
179.0	26.09182787502973	23.871350425097212	23.846420558257087	26.190401141615972	0.0
180.0	26.216763759423923	23.688531401602962	23.839543353611536	26.255161485361583	0.0
181.0	26.247997730522464	23.69512205605495	23.773063708704537	26.28381650471805	0.0
182.0	26.27894515142745	23.67162494018265	23.756443797477786	26.29298611091212	0.0
183.0	26.254090515734518	23.745622933250807	23.794050054731244	26.206236496283434	0.0
184.0	26.097920212735477	23.88259431826648	23.776570442835936	26.242915026162105	0.0
185.0	26.273289433717885	23.63902595579091	23.751927055573706	26.3357575549175	0.0
186.0	26.31684518794881	23.616388425631417	23.809810360538485	26.25695602588129	0.0
187.0	26.22142370006132	23.739605361942587	23.722412301061958	26.316558636934133	0.0
188.0	26.277301147923364	23.689458934374088	23.71123681148955	26.322003106213	0.0
189.0	26.203084435121987	23.83244789069798	23.764821851234174	26.19964582294586	0.0
190.0	26.301371433156245	23.721266097003248	23.69117824046215	26.286184229378357	0.0
191.0	26.370143676678758	23.730722280487594	23.611517058381903	26.287616984451738	0.0
192.0	26.239762965000658	23.684874118139252	23.731295382516947	26.34406753434314	0.0
193.0	26.372511655495924	23.620754376362914	23.731936488651115	26.274797479490054	0.0
194.0	26.3229381879035	23.794118237018484	23.685515091252434	26.19742848382558	0.0
195.0	26.403172701925914	23.727924762949996	23.718755104204575	26.150147430919517	0.0
196.0	26.29693732520288	23.763525285406445	23.724267571408923	26.215269817981753	0.0
197.0	26.35310164595846	23.71223235981844	23.717390307642933	26.217275686580166	0.0
198.0	26.185181789005547	23.82484755398652	23.740314520196232	26.2496561368117	0.0
199.0	26.283755902984733	23.733437256430243	23.816250974279033	26.16655586630599	0.0
200.0	26.283469350327813	23.740314520196232	23.672688093164	26.303528036311953	0.0
201.0	26.3672182821119	23.57647395945268	23.654416505480334	26.401891252955085	0.0
202.0	26.275173939456458	23.693591462925394	23.791307038960145	26.239927558658	0.0
203.0	26.25597469137925	23.71565627041711	23.642584505347134	26.385784532856505	0.0
204.0	26.10017566130895	23.87274441422828	23.836064728183466	26.191015196279306	0.0
205.0	26.22110400123794	23.684187903154168	23.834345367900116	26.260362727707776	0.0
206.0	26.25090624614935	23.688199743815318	23.779612398880122	26.28128161115521	0.0
207.0	26.281718797014026	23.67887897067041	23.74278222744401	26.296620004871553	0.0
208.0	26.24941254685297	23.74628901548584	23.804461205167296	26.199837232493895	0.0
209.0	26.1077137338736	23.875665545245614	23.78195906717637	26.234661653704418	0.0
210.0	26.275353763447022	23.633518835861782	23.755881729242727	26.335245671448465	0.0
211.0	26.32177715625197	23.612886216837364	23.810328918334946	26.255007708575718	0.0
212.0	26.222489683631363	23.74226272352132	23.71905089408528	26.316196698762035	0.0
213.0	26.279305018641157	23.679572671861166	23.723990497450988	26.31713181204669	0.0
214.0	26.203937998446808	23.83288581180024	23.768981456274233	26.19419473347872	0.0
215.0	26.318851211746942	23.711381566315815	23.691608469762922	26.278158752174324	0.0
216.0	26.38147393518399	23.72212049049023	23.616949939390814	26.279455634934962	0.0
217.0	26.25761561695811	23.68191796053348	23.72117814955553	26.33928827295288	0.0
218.0	26.365019730563887	23.615636579347818	23.73657046404796	26.282773226040334	0.0
219.0	26.32805178950626	23.789013357176223	23.690718754209044	26.192216099108474	0.0
220.0	26.41281795568394	23.7344819285395	23.704678060914517	26.14802205486204	0.0
221.0	26.295110718819764	23.764067322544687	23.718501663576415	26.222320295059138	0.0
222.0	26.355005201362957	23.713629863560943	23.725092922420885	26.20627201265522	0.0
223.0	26.18449220082133	23.828833605103352	23.740568051881805	26.246106142193515	0.0
224.0	26.289092612918296	23.728531840078865	23.82797387568886	26.15440167131398	0.0
225.0	26.28020874230184	23.738275440109817	23.68726482818308	26.294250989405267	0.0
226.0	26.35995254280032	23.57814676196317	23.667272300012034	26.39462839522448	0.0
227.0	26.268187067801907	23.69584717274741	23.788985593635637	26.24698016581505	0.0
228.0	26.25672387753874	23.712468798629	23.644262816563163	26.386544507269093	0.0
229.0	26.098756233163297	23.869146558147534	23.828165300624747	26.203931908064426	0.0
230.0	26.2242792457156	23.67427064824898	23.832750616151774	26.268699489883645	0.0
231.0	26.259815441050037	23.683441279303032	23.774861007623088	26.281882272023843	0.0
232.0	26.29133948529833	23.672837737146786	23.742763798933915	26.293058978620966	0.0
233.0	26.244701796015924	23.745411089044214	23.812471520810227	26.19741559412963	0.0
234.0	26.12003817286116	23.871507627407656	23.78438638272019	26.224067817010997	0.0
235.0	26.268563469728146	23.6374370231961	23.759521748849366	26.334477758226388	0.0
236.0	26.31842906189638	23.612790810975014	23.817411689182606	26.251368437946	0.0
237.0	26.21096011325794	23.745765723423645	23.729143859367564	26.314130303950844	0.0
238.0	26.26684396654993	23.683003857418797	23.7214060950656	26.328746080965672	0.0
239.0	26.19978334259955	23.837472559595113	23.76210100361669	26.200643094188653	0.0
240.0	26.322577316928474	23.698201025447023	23.693042264581383	26.286179393043124	0.0
241.0	26.36243257341687	23.720972891790723	23.62352320735573	26.293071327436675	0.0
242.0	26.248717316655107	23.681917461118214	23.71946640372852	26.349898818498158	0.0
243.0	26.361820021613685	23.62026412271071	23.740945326541553	26.276970529134047	0.0
244.0	26.320738220210472	23.796651177190622	23.676251795240784	26.20635880735812	0.0
245.0	26.40144717302433	23.741607371179242	23.702618557528567	26.154326898267865	0.0
246.0	26.291631666012044	23.76613733253441	23.71854599874428	26.223685002709267	0.0
247.0	26.37209195639583	23.703601759305453	23.723385344091017	26.200920940207702	0.0
248.0	26.188291429620115	23.82776656267205	23.73485960726739	26.24908240044045	0.0
249.0	26.282345384474215	23.70847861993026	23.857588548357498	26.151587447238022	0.0
