# Position (bp)	A	C	G	T	N
0.0	26.363141474036656	23.764465543178588	23.58476208315529	26.287630899629473	0.0
1.0	26.23611981011139	23.899389476518554	23.7237834895251	26.14070722384495	0.0
2.0	26.205144564667044	23.742028383199536	23.911484688935	26.141342363198422	0.0
3.0	26.315758666608136	23.85676866119379	23.656291613620734	26.171181058577343	0.0
4.0	26.233351185720434	23.829424831207145	23.64768167730493	26.289542305767494	0.0
5.0	26.403570383377232	23.634474685396547	23.72549019607843	26.23646473514779	0.0
6.0	26.22408217614609	23.790989303639105	23.694122122883773	26.29080639733103	0.0
7.0	26.326401610703687	23.728907800090134	23.5313741901122	26.41331639909398	0.0
8.0	26.275174266500446	23.817299644736302	23.63878987937422	26.268736209389026	0.0
9.0	26.149186468453706	23.853447266768114	23.745464122673535	26.25190214210465	0.0
10.0	26.022971687760627	23.825005486868093	23.777013680591118	26.375009144780158	0.0
11.0	26.026407121494998	23.952523366673887	23.769043034477917	26.2520264773532	0.0
12.0	26.19671900879652	23.590244816022192	23.834007362623858	26.379028812557433	0.0
13.0	26.251148581026907	23.838689476364106	23.64964913410159	26.260512808507404	0.0
14.0	26.422045732545957	23.630335414923067	23.739194559383833	26.208424293147143	0.0
15.0	26.174771600639108	23.782504111481128	23.760556703323715	26.28216758455605	0.0
16.0	26.195841112470227	23.82669155990472	23.73685350251371	26.240613825111346	0.0
17.0	26.278363367142095	23.71227240537741	23.75704511801853	26.25231910946197	0.0
18.0	26.303529728495928	23.80767047283496	23.769043034477917	26.119756764191195	0.0
19.0	26.262853865377522	23.722807161292966	23.76143459965001	26.2529043736795	0.0
20.0	26.2698770359879	23.69588500728654	23.800354670115823	26.23388328660974	0.0
21.0	26.27104756442296	23.67188917436777	23.740365087818898	26.316698173390378	0.0
22.0	26.16862632635503	23.772261987674337	23.74533983366791	26.313771852302718	0.0
23.0	26.251733845244434	23.625360669074052	23.861514780847813	26.261390704833698	0.0
24.0	26.186985517679318	23.83159656685015	23.80877132916041	26.172646586310123	0.0
25.0	26.393290550644227	23.699034609498227	23.603051558700365	26.30462328115718	0.0
26.0	26.270385424622578	23.851202860763124	23.730638784760934	26.147772929853364	0.0
27.0	26.219467586699324	23.72654194722688	23.904169117453407	26.14982134862039	0.0
28.0	26.330960093876104	23.821061841762575	23.649872559089566	26.19810550527175	0.0
29.0	26.258094912020415	23.784775566460947	23.67152727176957	26.28560224974907	0.0
30.0	26.40997053203288	23.64021572775929	23.693181984449573	26.256631755758253	0.0
31.0	26.22473494924311	23.786823985227976	23.698741978245792	26.289699087283125	0.0
32.0	26.33739798142962	23.70898407208093	23.56471686463171	26.38890108185774	0.0
33.0	26.26745911209825	23.806722910393386	23.64021572775929	26.28560224974907	0.0
34.0	26.16035607370796	23.861737585850694	23.736198778557153	26.24170756188419	0.0
35.0	26.061154079133342	23.811405010432303	23.758731384994455	26.368709525439897	0.0
36.0	26.04205684052814	23.925753815900368	23.746371383088306	26.285817960483193	0.0
37.0	26.18690888659987	23.584254143646408	23.8306489371664	26.39818803258732	0.0
38.0	26.25714018166495	23.838549957861225	23.641609701282892	26.26270015919094	0.0
39.0	26.402577488528888	23.64658441801667	23.75397977338702	26.196858320067424	0.0
40.0	26.16993632362581	23.769781814776664	23.76100290289353	26.299278958703997	0.0
41.0	26.206807753534978	23.822455286075474	23.736421949620752	26.2343150107688	0.0
42.0	26.253043356119488	23.72266832100384	23.777682835471488	26.24660548740519	0.0
43.0	26.291377938009177	23.80197115834816	23.77417127071823	26.132479632924433	0.0
44.0	26.260651746418205	23.713304148328497	23.758661859724693	26.26738224552861	0.0
45.0	26.274990635827322	23.68901582545182	23.77417127071823	26.26182226800262	0.0
46.0	26.288451634048133	23.656826481880326	23.727057776945408	26.327664107126136	0.0
47.0	26.187494147392076	23.72735040734151	23.763929206854577	26.32122623841184	0.0
48.0	26.265041202359775	23.634001310984175	23.832404719543028	26.268552767113025	0.0
49.0	26.170152372201365	23.839943346921096	23.7940005091754	26.195903771702138	0.0
50.0	26.406889669884613	23.698895908746405	23.622226969323645	26.271987452045337	0.0
51.0	26.252088643340187	23.842284383239353	23.741619821554508	26.164007151865952	0.0
52.0	26.222533059822258	23.74044930339538	23.8984692548774	26.138548381904958	0.0
53.0	26.33080598954142	23.819751908676174	23.655001477779177	26.194440624003228	0.0
54.0	26.264671713550797	23.80424254306775	23.649148886983546	26.28193685639791	0.0
55.0	26.412742260680243	23.64417418480726	23.688946504393833	26.254137050118658	0.0
56.0	26.22516672568029	23.768541739214406	23.70796742447963	26.29832411062567	0.0
57.0	26.343389059752027	23.707382165400066	23.536193884627878	26.41303489022003	0.0
58.0	26.261160159073416	23.805120431687097	23.653245700540488	26.280473708699	0.0
59.0	26.160202967848793	23.856330601148866	23.739864044315816	26.243602386686526	0.0
60.0	26.064513108340236	23.808924615704257	23.748057671429702	26.37850460452581	0.0
61.0	26.03634448248617	23.923858016562782	23.75296286542007	26.286834635530976	0.0
62.0	26.19143768472186	23.56948468088842	23.845140900711087	26.393936733678636	0.0
63.0	26.254645480349986	23.86094284961812	23.630058818365377	26.254352851666518	0.0
64.0	26.398033535247123	23.64586076727241	23.770813215111346	26.18529248236912	0.0
65.0	26.180903052117166	23.775787902730226	23.769057443010563	26.27425160214204	0.0
66.0	26.198753401808446	23.81880431919937	23.733942000994936	26.24850027799725	0.0
67.0	26.25669388113423	23.716384279987125	23.773154244579054	26.253767594299593	0.0
68.0	26.28888303631522	23.801246598191554	23.797149796623067	26.112720568870163	0.0
69.0	26.261961197436573	23.71931056682176	23.756767038305092	26.261961197436573	0.0
70.0	26.263716969537356	23.691510841892722	23.777251046147544	26.26752114242238	0.0
71.0	26.308781786790743	23.66166271617944	23.727796798642203	26.301758698387616	0.0
72.0	26.165393731893598	23.74476926228309	23.77608053141369	26.313756474409622	0.0
73.0	26.257279138501154	23.642349223070845	23.829924209170983	26.270447429257015	0.0
74.0	26.177900161237933	23.834536521415966	23.78654555776327	26.20101775958283	0.0
75.0	26.41317293426701	23.70841392791406	23.628526531101947	26.249886606716977	0.0
76.0	26.25017923454413	23.852679446699305	23.745870289789337	26.151271028967226	0.0
77.0	26.243156166692515	23.750259707196598	23.893062086846086	26.1135220392648	0.0
78.0	26.312216333900057	23.81727147961408	23.675054355618894	26.19545783086697	0.0
79.0	26.267736904173166	23.802054832602252	23.660715592088515	26.269492671136067	0.0
80.0	26.419318118637175	23.63847587722507	23.706950788778308	26.235255215359448	0.0
81.0	26.22793951968068	23.77542570033155	23.71221808966702	26.28441669032075	0.0
82.0	26.335919187899254	23.711340206185564	23.536348765549512	26.416391840365666	0.0
83.0	26.267151648518865	23.813174690033975	23.642280038978026	26.277393622469138	0.0
84.0	26.16122037509035	23.86526244326678	23.75113759067805	26.222379590964824	0.0
85.0	26.070213120846514	23.806736877836663	23.759331169838266	26.36371883147856	0.0
86.0	26.030632191307806	23.903819367223438	23.786768578886377	26.278779862582375	0.0
87.0	26.198014818629805	23.56671309681271	23.854950663092716	26.380321421464775	0.0
88.0	26.24951716549811	23.861681083422095	23.645137124998534	26.24366462608126	0.0
89.0	26.416899792820104	23.651282291386234	23.775356127023514	26.156461788770148	0.0
90.0	26.163777463041214	23.770088841548347	23.802570435311882	26.263563260098554	0.0
91.0	26.20474523895918	23.813690260203902	23.751068088443574	26.23049641239334	0.0
92.0	26.264441141011087	23.70600353493381	23.79642526892419	26.23313005513092	0.0
93.0	26.297507988716305	23.78998747556565	23.785598071003008	26.126906464715038	0.0
94.0	26.25595495885665	23.72414640712605	23.749604953589362	26.270293680427937	0.0
95.0	26.272342069223836	23.68083761544134	23.79905891166177	26.247761403673053	0.0
96.0	26.298093242657988	23.664743132044993	23.73848512869734	26.298678496599674	0.0
97.0	26.160558566361946	23.746386056910094	23.762187913335598	26.330867463392366	0.0
98.0	26.247176149731366	23.64777076773612	23.84529397305491	26.259759109477603	0.0
99.0	26.173942815004697	23.822691984678094	23.782016954757076	26.22134824556013	0.0
100.0	26.409799463323708	23.71705395732926	23.613756938896742	26.259389640450294	0.0
101.0	26.233638542370798	23.85985550122464	23.745438690439613	26.16106726596495	0.0
102.0	26.235686925172573	23.744560812095994	23.89145912159493	26.1282931411365	0.0
103.0	26.324645263992647	23.80045239997308	23.669648526773827	26.205253809260448	0.0
104.0	26.28631124298795	23.785821094246092	23.671404283461065	26.256463379304897	0.0
105.0	26.409799463323708	23.63658177583084	23.71763920955834	26.235979551287116	0.0
106.0	26.222811376132825	23.7770423108099	23.70710466943491	26.29304164362236	0.0
107.0	26.327864151252584	23.701544773258657	23.55289070707248	26.41770036841628	0.0
108.0	26.286018616873406	23.79723351271314	23.64828682041243	26.268461050001022	0.0
109.0	26.16867554494298	23.83732329040508	23.75685110890666	26.237150055745275	0.0
110.0	26.086740232871865	23.78728422481879	23.76709302291555	26.358882519393795	0.0
111.0	26.043355358261106	23.88582932924438	23.79365237289822	26.277162939596295	0.0
112.0	26.20810337865123	23.577402307057536	23.82671902707954	26.38777528721169	0.0
113.0	26.224783018371014	23.86739393797515	23.66314150772238	26.24468153593146	0.0
114.0	26.438692082145764	23.630074853541057	23.789262994024593	26.14197007028859	0.0
115.0	26.166843217239137	23.75970784294217	23.80213850538723	26.27131043443146	0.0
116.0	26.185571233766613	23.809454136843275	23.786629366700414	26.218345262689695	0.0
117.0	26.26779893133256	23.695330286128975	23.81179513890921	26.225075643629253	0.0
118.0	26.288575324667722	23.801845880128987	23.79716387599712	26.112414919206167	0.0
119.0	26.267506306074317	23.717862431013597	23.754147963035578	26.260483299876512	0.0
120.0	26.279211316403988	23.65992262988172	23.79540812444767	26.265457929266624	0.0
121.0	26.30203608654685	23.661093130914686	23.732786319183926	26.30408446335454	0.0
122.0	26.170647345596283	23.743613453738874	23.763219346041073	26.32251985462377	0.0
123.0	26.26136117565124	23.635634733447652	23.851884799288335	26.251119291612774	0.0
124.0	26.153166360872376	23.82649612416711	23.7984040171713	26.22193349778921	0.0
125.0	26.41945612510352	23.711786687267544	23.621950470103855	26.246806717525082	0.0
126.0	26.25031823089956	23.857514492308322	23.73783041146158	26.154336865330535	0.0
127.0	26.2307122812254	23.73812303757612	23.90199366171836	26.12917101948012	0.0
128.0	26.326401020679885	23.796940886598602	23.693351242051545	26.183306850669968	0.0
129.0	26.295967904767757	23.784650589787933	23.65355409047414	26.26582741497017	0.0
130.0	26.421797134019837	23.61697582615668	23.723491731849133	26.237735307974354	0.0
131.0	26.22522912691817	23.78033078552784	23.737314620813972	26.257125466740018	0.0
132.0	26.317699249704447	23.713026582234033	23.56173843830838	26.40753572975314	0.0
133.0	26.259759109477603	23.82042068053328	23.651282291386234	26.26853791860288	0.0
134.0	26.155876534828458	23.838270925754685	23.774478246110988	26.231374293305866	0.0
135.0	26.12230087407932	23.77542570033155	23.754063868949554	26.348209556639578	0.0
136.0	26.031662423550756	23.896936177684136	23.790419336903405	26.280982061861703	0.0
137.0	26.20431334679425	23.560120563017588	23.847189301495334	26.38837678869283	0.0
138.0	26.24030667486027	23.847481930178795	23.666052146431394	26.246159248529544	0.0
139.0	26.449536183536708	23.6435197378047	23.796271910572674	26.110672168085912	0.0
140.0	26.172416820296725	23.737746173879966	23.804465513709655	26.285371492113658	0.0
141.0	26.18997454130454	23.807099171860827	23.764960641442073	26.237965645392563	0.0
142.0	26.278641032393995	23.704386503965118	23.797735053989992	26.21923740965089	0.0
143.0	26.31697538992772	23.786322535334914	23.790126708219937	26.106575366517426	0.0
144.0	26.270447429257015	23.716384279987125	23.764375384075148	26.248792906680713	0.0
145.0	26.267228513738917	23.681854095338426	23.810318087378928	26.240599303543732	0.0
146.0	26.32107219149621	23.643227109121238	23.73072308547684	26.304977613905717	0.0
147.0	26.17212419161326	23.72252948233986	23.775787902730226	26.32955842331665	0.0
148.0	26.250918125181066	23.65031940514267	23.84608856725651	26.252673902419755	0.0
149.0	26.164668976495925	23.81250585260792	23.811920591815714	26.21090457908044	0.0
150.0	26.42452476823673	23.707451540406403	23.61351718325686	26.25450650810001	0.0
151.0	26.260651746418205	23.85318147766645	23.744615600711676	26.14155117520367	0.0
152.0	26.224442317990675	23.738832459829045	23.903291223696108	26.13343399848417	0.0
153.0	26.324814837575023	23.79560292280095	23.68791462190579	26.191667617718238	0.0
154.0	26.278579099690692	23.78770187898527	23.67416095304146	26.25955806828258	0.0
155.0	26.419919994615586	23.628217846409562	23.737661934819315	26.214200224155537	0.0
156.0	26.217203256410105	23.773725148218166	23.72309979340173	26.28597180197	0.0
157.0	26.316112909172844	23.70876082007222	23.55717738773169	26.41794888302324	0.0
158.0	26.27163282864049	23.787771489438907	23.667792324845053	26.272803357075553	0.0
159.0	26.170382119007623	23.8234726067083	23.772847251891864	26.23329802239221	0.0
160.0	26.12744165630258	23.758577803789596	23.768234691638014	26.345745848269807	0.0
161.0	26.033875291170656	23.878919830038274	23.77942433074645	26.30778054804462	0.0
162.0	26.210918753145812	23.544146738303425	23.851119617000855	26.393814891549905	0.0
163.0	26.254813826362795	23.835024756821294	23.671442450632675	26.23871896618323	0.0
164.0	26.45117112055343	23.638374828809212	23.803420304105067	26.107033746532288	0.0
165.0	26.167316313750277	23.734943989886574	23.81600355842727	26.28173613793588	0.0
166.0	26.208285048752796	23.79903079678337	23.803127670283622	26.189556484180216	0.0
167.0	26.282321405578774	23.703339537170347	23.812199318748466	26.202139738502417	0.0
168.0	26.31304795683066	23.801079233533496	23.772986386674628	26.112886422961218	0.0
169.0	26.272664489471037	23.69807212838431	23.758939963245194	26.270323418899462	0.0
170.0	26.260666502791725	23.667930844775313	23.81863726282029	26.25276538961267	0.0
171.0	26.32329014058129	23.64130116702368	23.746356708922992	26.28905198347204	0.0
172.0	26.179606934251034	23.719727031171356	23.772401119031734	26.32826491554588	0.0
173.0	26.2408441925185	23.64458933112492	23.849433605581126	26.265132870775453	0.0
174.0	26.147862882694117	23.821703021754526	23.810875506991064	26.219558588560293	0.0
175.0	26.398944170992795	23.722499575678476	23.630904653490266	26.247651599838466	0.0
176.0	26.25818647906778	23.856819285852243	23.749714680354206	26.13527955472577	0.0
177.0	26.214660497891558	23.733103906403176	23.90927101348761	26.142964582217658	0.0
178.0	26.325862326283723	23.784900547522685	23.68657472031277	26.202662405880822	0.0
179.0	26.316497961787537	23.76441600018729	23.67838090137861	26.240705136646564	0.0
180.0	26.410434243139868	23.61839044132494	23.736030270308234	26.235145045226954	0.0
181.0	26.199812712162	23.767119278941824	23.744586210932926	26.288481797963243	0.0
182.0	26.319208708884467	23.697471614187055	23.576027156736508	26.407292520191973	0.0
183.0	26.281751141285266	23.791993444925673	23.680206016621796	26.24604939716727	0.0
184.0	26.17435327168442	23.81598969916891	23.75599906356081	26.25365796558586	0.0
185.0	26.13902065732371	23.76309189714356	23.754312754046452	26.343574691486282	0.0
186.0	26.05189074031804	23.870267296425705	23.784231442300378	26.293610520955873	0.0
187.0	26.223669809609092	23.522904851368672	23.86031757179897	26.393107767223267	0.0
188.0	26.262005513317998	23.818470200574744	23.675369749325466	26.24415453678179	0.0
189.0	26.449001808508772	23.62737695994943	23.797107556523216	26.126513675018582	0.0
190.0	26.18708993965785	23.736823930843563	23.801789779876977	26.27429634962162	0.0
191.0	26.221913975851436	23.805886725311513	23.778378663108178	26.193820635728876	0.0
192.0	26.286294546965628	23.708730590721004	23.803252974675022	26.201721887638346	0.0
193.0	26.321996500038043	23.789206304613746	23.77077005015832	26.11802714518989	0.0
194.0	26.285709269046407	23.696732393376998	23.7555528242586	26.262005513317998	0.0
195.0	26.280149128813818	23.66512738573912	23.802960335715415	26.251763149731648	0.0
196.0	26.34072539345308	23.62386529243411	23.74150615419732	26.293903159915487	0.0
197.0	26.21693911353806	23.720143510145792	23.75321171258172	26.309705663734423	0.0
198.0	26.251839972843026	23.63768849662147	23.835513012229416	26.274958518306086	0.0
199.0	26.169977408140095	23.79724683655433	23.798124758571447	26.234650996734132	0.0
200.0	26.392107973966382	23.722315868333567	23.625158027812894	26.26041812988716	0.0
201.0	26.260864475725032	23.864387931286764	23.74381785724737	26.130929735740832	0.0
202.0	26.242950832145667	23.71212764151744	23.89737406608586	26.147547460251037	0.0
203.0	26.352693974662504	23.768023482106017	23.682570155132908	26.196712388098575	0.0
204.0	26.315820278776847	23.74812339226296	23.6714495166912	26.264606812268994	0.0
205.0	26.415182686820504	23.60837564565927	23.735093135892072	26.241348531628162	0.0
206.0	26.227378081614493	23.75769671996816	23.743942125348255	26.270983073069086	0.0
207.0	26.321781222014764	23.703387201563956	23.575496491053507	26.39933508536778	0.0
208.0	26.272183461322346	23.79307922831991	23.676601423487543	26.2581358868702	0.0
209.0	26.19478246618319	23.8034615767324	23.764245201847267	26.237510755237142	0.0
210.0	26.144674574396166	23.742796854467926	23.760063917399055	26.352464653736856	0.0
211.0	26.0490503087594	23.890075799701485	23.767157364862886	26.293716526676224	0.0
212.0	26.212509657933552	23.519409519795836	23.880850366416144	26.387230455854464	0.0
213.0	26.25818007281582	23.830205687126117	23.66455555425481	26.24705868580326	0.0
214.0	26.426464218400625	23.6487514779738	23.79742686224699	26.127357441378585	0.0
215.0	26.18750768258205	23.719130653648715	23.813955666379847	26.27940599738939	0.0
216.0	26.218684148911265	23.785705923671273	23.79214469679232	26.203465230625145	0.0
217.0	26.301802856473895	23.70785530320768	23.798290798407866	26.19205104191056	0.0
218.0	26.31321704518848	23.78014516506673	23.787169281198782	26.119468508546007	0.0
219.0	26.28570592367127	23.709611332240694	23.747073284944978	26.257609459143055	0.0
220.0	26.26420196793472	23.6845802188025	23.78057703451788	26.2706407787449	0.0
221.0	26.34673581559246	23.623704189324453	23.749553673341566	26.280006321741524	0.0
222.0	26.202740592019385	23.734334665972057	23.74896832690428	26.31395641510428	0.0
223.0	26.240433160166827	23.628301748737833	23.846345211092412	26.284919880002928	0.0
224.0	26.165751548286643	23.808199772878936	23.80263881897046	26.22340985986396	0.0
225.0	26.386002704395523	23.740729250203415	23.618972915069104	26.25429513033196	0.0
226.0	26.249473166619836	23.878722955886484	23.743795073522524	26.128008803971152	0.0
227.0	26.21399574431966	23.710637152030813	23.936299431307642	26.13906767234188	0.0
228.0	26.340436865782163	23.76976008382578	23.702734581939406	26.187068468452644	0.0
229.0	26.30371218085869	23.771362674479523	23.680043552196782	26.244881592465003	0.0
230.0	26.41099114023714	23.619302399775215	23.746915766397294	26.222790693590355	0.0
231.0	26.220972094575213	23.759417422304438	23.755612403191535	26.263998079928818	0.0
232.0	26.336016391043465	23.704083126006147	23.553344065564175	26.406556417386213	0.0
233.0	26.27954081124907	23.78631683087172	23.683578909163288	26.250563448715923	0.0
234.0	26.15572844406198	23.821440906669476	23.77958471634382	26.243245932924726	0.0
235.0	26.137810521509298	23.753742942194044	23.75257212938652	26.355874406910136	0.0
236.0	26.035440607419464	23.896652050977337	23.795083742631178	26.27282359897202	0.0
237.0	26.197891359961595	23.533406314211952	23.874699246579752	26.394003079246698	0.0
238.0	26.248682824025288	23.836787261444794	23.678433438707412	26.2360964758225	0.0
239.0	26.43133122585177	23.653846153846153	23.80605315536822	26.10876946493385	0.0
240.0	26.203278995635614	23.72603028431427	23.804770672278995	26.265920047771118	0.0
241.0	26.20359989579095	23.80708445909356	23.803864516525625	26.18545112858987	0.0
242.0	26.31047413301016	23.689086773629807	23.812325643344955	26.188113450015077	0.0
243.0	26.322106588211184	23.78342774338032	23.793966539322884	26.100499129085613	0.0
244.0	26.26156760222379	23.740920841152413	23.75526598532111	26.242245571302686	0.0
245.0	26.271796793573092	23.667306859036668	23.832136876251596	26.228759471138645	0.0
246.0	26.312753803948436	23.616832526723524	23.791622383641776	26.278791285686264	0.0
247.0	26.180751359280436	23.750589241116003	23.775769234147585	26.29289016545598	0.0
248.0	26.233405751696758	23.64069170272945	23.89103281078897	26.234869734784823	0.0
249.0	26.144764927547264	23.785988469635438	23.88202604140742	26.18722056140988	0.0
