# Position (bp)	A	C	G	T	N
0.0	26.202336617769635	23.699579318996314	23.856738333048014	26.24134573018604	0.0
1.0	26.255939067205126	23.762162283520475	23.66477982302772	26.317118826246677	0.0
2.0	26.333956323348655	23.714030745399135	23.708418222738576	26.243594708513633	0.0
3.0	26.223206193406455	23.824636131758606	23.802749320246143	26.149408354588793	0.0
4.0	26.190917100161055	23.906163195905794	23.73865759835693	26.164262105576224	0.0
5.0	26.20807101415121	23.754615134273756	23.817459515873818	26.21985433570122	0.0
6.0	26.348701375212507	23.652701330325932	23.895369388476492	26.103227905985065	0.0
7.0	26.120093803999012	23.869527165009764	23.77190817082202	26.238470860169205	0.0
8.0	26.37857669792347	23.82071700854677	23.67682162301653	26.123884670513224	0.0
9.0	26.19720759077574	23.776427758051035	23.72285703066714	26.30350762050609	0.0
10.0	26.27503442628008	23.853555793010415	23.738006893669773	26.13340288703973	0.0
11.0	26.340381255276125	23.7716619128952	23.739970103124588	26.147986728704087	0.0
12.0	26.235770237183747	23.789891714975642	23.705193249924978	26.269144797915633	0.0
13.0	26.242501241028833	23.670416396725365	23.96882423385751	26.118258128388288	0.0
14.0	26.259328750641547	23.79774455279491	23.738567810656864	26.204358885906682	0.0
15.0	26.222869146480665	23.679391068518814	23.77418603933711	26.323553745663407	0.0
16.0	26.282252636302445	23.661094906888042	23.709894547902177	26.346757908907335	0.0
17.0	26.303006506618804	23.777204397576845	23.691103881534666	26.22868521426969	0.0
18.0	26.26149876598609	23.73373345299529	23.64595019071124	26.358817590307382	0.0
19.0	26.213540498092886	23.740464437962753	23.801043302669957	26.2449517612744	0.0
20.0	26.297397352479244	23.720271483060355	23.69278662777653	26.289544536683866	0.0
21.0	26.122952658739063	23.801323760376935	23.8030065066188	26.272717074265202	0.0
22.0	26.106125196320395	23.784776755665245	23.84675790890734	26.26234013910702	0.0
23.0	26.09630917657617	23.836941889163114	23.863585371326003	26.203163562934712	0.0
24.0	26.18269015032533	23.75224366165582	23.703724478348665	26.36134170967018	0.0
25.0	26.199237155037018	23.705687682297512	23.850964774512004	26.24411038815347	0.0
26.0	26.246914965223244	23.757852815795378	23.671752299753194	26.32347991922818	0.0
27.0	26.3332959389724	23.71269912497195	23.71073592102311	26.24326901503253	0.0
28.0	26.224197890958045	23.827125869418893	23.79711689477227	26.151559344850796	0.0
29.0	26.188579762171866	23.90088624635405	23.738220776306935	26.172313215167154	0.0
30.0	26.207931343953334	23.75	23.813102984070003	26.228965671976667	0.0
31.0	26.3358200583352	23.65716849899035	23.895277092214496	26.111734350459955	0.0
32.0	26.11895299822471	23.869968953418912	23.767882634387945	26.24319541396844	0.0
33.0	26.380058391130827	23.81387756933596	23.674490479889837	26.13157355964337	0.0
34.0	26.19018905601005	23.772089488194165	23.729460036291126	26.308261419504657	0.0
35.0	26.26114465687498	23.86099433196564	23.747128822277254	26.130732188882128	0.0
36.0	26.33266117158074	23.773211315875827	23.74684836535684	26.147279147186598	0.0
37.0	26.24515861241134	23.786953704976145	23.69832931812509	26.269558364487423	0.0
38.0	26.245999983172585	23.670844539924445	23.964202478678263	26.11895299822471	0.0
39.0	26.26170557071581	23.79116055878237	23.736471459301494	26.210662411200325	0.0
40.0	26.218515204971943	23.68290418750228	23.775174514318728	26.32340609320705	0.0
41.0	26.27677654937991	23.66040127663632	23.710042012328852	26.352780161654916	0.0
42.0	26.30117623302539	23.768096432037066	23.699665135376176	26.231062199561368	0.0
43.0	26.251255041199006	23.735002608242045	23.650304855817502	26.363437494741447	0.0
44.0	26.21143027019144	23.74481857292701	23.79502022088725	26.248730935994303	0.0
45.0	26.302578513694673	23.711163836864277	23.68704460935265	26.299213040088397	0.0
46.0	26.123367044160624	23.797263869958098	23.804275273304505	26.275093812576777	0.0
47.0	26.10541785159383	23.78492380006843	23.853916008997032	26.255742339340703	0.0
48.0	26.1017719218537	23.837088640965668	23.865695166618988	26.19544427056164	0.0
49.0	26.185908762010534	23.763889590029226	23.704713345785585	26.345488302174658	0.0
50.0	26.18787195494753	23.708359275525716	23.857842394871017	26.245926374655742	0.0
51.0	26.249852760529723	23.759682748021383	23.67694818853383	26.313516302915062	0.0
52.0	26.330063214812572	23.717614327942965	23.71424885433669	26.238073602907768	0.0
53.0	26.224611708482676	23.828394500816128	23.795581133154965	26.151412657546235	0.0
54.0	26.183665112939686	23.897667165878588	23.746781765864	26.17188595531773	0.0
55.0	26.205540691380463	23.756597730548965	23.8132498695879	26.224611708482676	0.0
56.0	26.336794162025118	23.653950785557633	23.904678569224988	26.104576483192265	0.0
57.0	26.11712376214021	23.87151779629406	23.768871139181574	26.24248730238415	0.0
58.0	26.381312699298583	23.814865816139083	23.681369070823386	26.122452413738944	0.0
59.0	26.183311224103456	23.782052540504765	23.7279246584755	26.306711576916282	0.0
60.0	26.266886917599415	23.864225957264214	23.74559334535552	26.123293779780855	0.0
61.0	26.3243802637963	23.77560206751682	23.752043818343463	26.14797385034342	0.0
62.0	26.237439106132715	23.795514397175253	23.703244587912938	26.263801908779094	0.0
63.0	26.241085025647642	23.667065848110994	23.967153069724002	26.12469605651736	0.0
64.0	26.262119176695283	23.783174361893973	23.736338318894557	26.21836814251619	0.0
65.0	26.213039490917456	23.68753908846403	23.76802977313967	26.331391647478846	0.0
66.0	26.28588416104823	23.652976744707825	23.71243311158726	26.34870598265669	0.0
67.0	26.305796434861623	23.769084932859176	23.69448401969913	26.23063461258007	0.0
68.0	26.258399614094525	23.73374765820442	23.64568492612827	26.362167801572788	0.0
69.0	26.21156370244893	23.74328311326999	23.80217857102792	26.24297461325316	0.0
70.0	26.298785070842822	23.722529475774333	23.686911746558824	26.291773706824017	0.0
71.0	26.12406187949429	23.803580843831682	23.797971752616643	26.274385524057394	0.0
72.0	26.101064605512615	23.783388115457534	23.85350175564555	26.2620455233843	0.0
73.0	26.09910142358735	23.844246755140734	23.86163493790736	26.19501688336456	0.0
74.0	26.187725064785006	23.766280387251655	23.703739020203944	26.342255527759395	0.0
75.0	26.1871641556635	23.71635947543779	23.847051300748255	26.249425068150455	0.0
76.0	26.24269415869241	23.763475841644137	23.684668110072806	26.309161889590648	0.0
77.0	26.331317799890066	23.71692038455929	23.720846748409823	26.23091506714082	0.0
78.0	26.218855521028484	23.831065390785387	23.792643115962353	26.15743597222378	0.0
79.0	26.190529610392527	23.900618121851895	23.735430385568932	26.17342188218665	0.0
80.0	26.20932006596291	23.75001402272804	23.820408117476806	26.220257793832243	0.0
81.0	26.33889007303037	23.657464017679857	23.902020394655658	26.10162551463412	0.0
82.0	26.126793151318832	23.86914026895517	23.76312874230505	26.240937837420947	0.0
83.0	26.366861582039743	23.821743581114244	23.682638509107736	26.12875632773828	0.0
84.0	26.180640275966518	23.78332141404793	23.735363818658588	26.30067449132697	0.0
85.0	26.26028914784121	23.862689832148416	23.748545146046304	26.128475873964074	0.0
86.0	26.321147616844055	23.781919145176897	23.753593313982023	26.14333992399703	0.0
87.0	26.23701148458205	23.792295934822544	23.716292962012535	26.25439961858287	0.0
88.0	26.24290101384039	23.667494005300576	23.970384081443775	26.119220899415254	0.0
89.0	26.26337413935748	23.78248005272531	23.733120188464937	26.221025619452277	0.0
90.0	26.219342896807035	23.686845315720838	23.763970103627667	26.329841683844464	0.0
91.0	26.282651739088976	23.658172680513566	23.715945995972696	26.343229584424765	0.0
92.0	26.31153839681854	23.763342550888193	23.698277457749757	26.226841594543504	0.0
93.0	26.26358093592771	23.734175440170965	23.64751546698227	26.354728156919055	0.0
94.0	26.214221210098554	23.747076277603586	23.804849593062716	26.23385291923515	0.0
95.0	26.303966166151564	23.721835508713674	23.6864984322678	26.28769989286696	0.0
96.0	26.123915348070202	23.802886422149054	23.792509661605425	26.280688568175314	0.0
97.0	26.106527262834934	23.776243388320818	23.855050677854873	26.262178670989382	0.0
98.0	26.102320468019947	23.842430293409915	23.86570789138617	26.18954134718397	0.0
99.0	26.19627221888795	23.77203659350583	23.698838363725088	26.33285282388113	0.0
100.0	26.190102253159303	23.712019654145376	23.854770224867206	26.243107867828115	0.0
101.0	26.242827414840452	23.758013944122546	23.68509616732947	26.314062473707533	0.0
102.0	26.346314567289085	23.7052887824414	23.718189619874018	26.230207030395498	0.0
103.0	26.220391175827196	23.828688097014297	23.782132901061797	26.16878782609671	0.0
104.0	26.19627221888795	23.904690856671696	23.730810004318975	26.16822692012138	0.0
105.0	26.20664897943158	23.743710841751597	23.82279858427332	26.226841594543504	0.0
106.0	26.328926482053816	23.662099022340886	23.902727685758034	26.106246809847267	0.0
107.0	26.128609770393783	23.86508005508081	23.76692178468563	26.239388389839778	0.0
108.0	26.380736299208845	23.807587353849346	23.679981602335605	26.131694744606204	0.0
109.0	26.181334784206058	23.7887970563737	23.729341189734328	26.300526969685922	0.0
110.0	26.271640392969626	23.8572273934492	23.748131487209978	26.1230007263712	0.0
111.0	26.328011285396574	23.77477444631724	23.755142792238203	26.142071476047978	0.0
112.0	26.245838790465747	23.796088813603053	23.71335541426997	26.24471698166123	0.0
113.0	26.243875625057843	23.667641705485927	23.964079682079383	26.12440298737685	0.0
114.0	26.27388401057866	23.77813987273079	23.73186525954449	26.216110857146063	0.0
115.0	26.224524423179936	23.683066576548025	23.76692178468563	26.325487215586413	0.0
116.0	26.28054115904961	23.65607682125149	23.71525206973144	26.34812994996747	0.0
117.0	26.313073523142847	23.76180700455453	23.699266339099413	26.225853133203202	0.0
118.0	26.26343362275919	23.732920508851045	23.644297861838414	26.359348006551347	0.0
119.0	26.21295236813174	23.746101725337102	23.80219200825649	26.238753898274663	0.0
120.0	26.299892306656798	23.720300195194184	23.69057234524691	26.289235152902112	0.0
121.0	26.127134235265082	23.7918153059164	23.793217562989387	26.287832895829126	0.0
122.0	26.101613156536764	23.773305512553005	23.852392811469343	26.27268851944089	0.0
123.0	26.09460187117184	23.84229656054385	23.872865764734918	26.190235803549395	0.0
124.0	26.18883354647641	23.77667092952817	23.701790401830785	26.332705122164633	0.0
125.0	26.193320769109956	23.715532521146038	23.8560386798591	26.235108029884902	0.0
126.0	26.245765183639584	23.761246101725337	23.676269323102467	26.31671939153261	0.0
127.0	26.341960018846333	23.715532521146038	23.717495681048213	26.225011778959413	0.0
128.0	26.21491552803392	23.827993538399408	23.783401763478494	26.17368917008817	0.0
129.0	26.197247088914317	23.900350003365418	23.727872383388302	26.174530524331963	0.0
130.0	26.203417020035445	23.741334051288952	23.825189024253437	26.23005990442216	0.0
131.0	26.321206614166158	23.662527203787214	23.907361288730343	26.108904893316282	0.0
132.0	26.131694744606204	23.86620186388533	23.766641332484497	26.235462059023973	0.0
133.0	26.37709042059417	23.818524989693383	23.671287584100604	26.133097005611848	0.0
134.0	26.17993252320041	23.78515117775902	23.723451693510615	26.311464605529956	0.0
135.0	26.26189821800172	23.84916116511389	23.75913575607321	26.129804860811184	0.0
136.0	26.325280593214163	23.77456067039482	23.745954465652922	26.154204270738095	0.0
137.0	26.23104838935849	23.791668302642428	23.724359585602667	26.252923722396414	0.0
138.0	26.247034209655435	23.669951705995523	23.957135565365178	26.125878518983864	0.0
139.0	26.27872539726166	23.772317046493498	23.724920491577997	26.22403706466685	0.0
140.0	26.222354346740858	23.674999859773507	23.78241335404946	26.320232439436175	0.0
141.0	26.282164542229324	23.66300674491327	23.706757533689508	26.348071179167892	0.0
142.0	26.311685980637417	23.7584276595506	23.70009311091417	26.229793248897813	0.0
143.0	26.24830324990745	23.732064930839904	23.645404471567517	26.37422734768513	0.0
144.0	26.204552338430126	23.744124476952244	23.80330038927093	26.2480227953467	0.0
145.0	26.292615070506276	23.721127202970575	23.693923110577625	26.292334615945524	0.0
146.0	26.126866425101802	23.78983857035483	23.801337207345664	26.2819577971977	0.0
147.0	26.097699150783587	23.769645841980683	23.85602584669232	26.276629160543408	0.0
148.0	26.09461415061532	23.84003993672945	23.867804938243907	26.197540974411325	0.0
149.0	26.18787195494753	23.7742664669819	23.699104223108463	26.338757354962112	0.0
150.0	26.196005182829353	23.70639608258872	23.857001026469447	26.240597708112475	0.0
151.0	26.248730935994303	23.75687818668282	23.680313662140104	26.314077215182774	0.0
152.0	26.333989600686557	23.711163836864277	23.724064819021656	26.23078174342751	0.0
153.0	26.217039392868564	23.84185639524122	23.778192852855884	26.162911359034336	0.0
154.0	26.19404198989236	23.892058043201462	23.73107622236806	26.18282374453812	0.0
155.0	26.202175217774187	23.743416292257727	23.833442711225537	26.220965778742546	0.0
156.0	26.331465495481854	23.662925381841028	23.90888541123283	26.09672371144429	0.0
157.0	26.13185401656379	23.864920728851445	23.77405268663707	26.2291725679477	0.0
158.0	26.37949747729	23.819486707744257	23.683184644422695	26.11783117054305	0.0
159.0	26.18457991760176	23.783588221931172	23.722729070201172	26.309102790265904	0.0
160.0	26.261218308279112	23.853208436167826	23.75364595019071	26.13192730536235	0.0
161.0	26.320394884451424	23.775241193628002	23.7525241193628	26.151839802557774	0.0
162.0	26.23597711465111	23.79206865604667	23.719991025353377	26.251963203948847	0.0
163.0	26.23850123401391	23.672032757460176	23.95894099169845	26.13052501682746	0.0
164.0	26.276643482162893	23.76991249719542	23.74354947273951	26.209894547902174	0.0
165.0	26.223917433251064	23.674556876822976	23.784776755665245	26.316748934260715	0.0
166.0	26.27363213381236	23.66733135329637	23.704071415950796	26.35496509694048	0.0
167.0	26.303154045064197	23.764997560004264	23.70413789621885	26.227710498712693	0.0
168.0	26.2442575962396	23.73807346911302	23.647765580915305	26.36990335373207	0.0
169.0	26.204432378462972	23.743402195435245	23.812675637624174	26.23948978847761	0.0
170.0	26.293057510979985	23.727976935028803	23.693480443574398	26.28548511041682	0.0
171.0	26.127025617150647	23.794165325136444	23.804542318500776	26.27426673921213	0.0
172.0	26.09729693345823	23.765558478564497	23.858390500283264	26.278754087694008	0.0
173.0	26.094492340657062	23.849696262599636	23.860914633804317	26.194896762938992	0.0
174.0	26.189995400442008	23.763448097914495	23.702027171047465	26.344529330596032	0.0
175.0	26.2009333737197	23.710440996645687	23.848427736456546	26.24019789317807	0.0
176.0	26.250855405602486	23.762045793648124	23.67790753766589	26.3091912630835	0.0
177.0	26.335554583291266	23.709038692379316	23.73035371722815	26.225053007101266	0.0
178.0	26.22308978112835	23.838892067445226	23.783921740203503	26.15409641122292	0.0
179.0	26.195604617507488	23.891057786154207	23.72698818698886	26.18634940934944	0.0
180.0	26.20121383457297	23.741572151359115	23.843940362804158	26.21327365126376	0.0
181.0	26.331628131345425	23.65855573878998	23.912092350149766	26.097723779714826	0.0
182.0	26.121355751567076	23.870651091696935	23.777257365623818	26.23073579111217	0.0
183.0	26.38555061631445	23.8179243034034	23.681619946431827	26.114905133850318	0.0
184.0	26.18558146709484	23.785110291539873	23.725932885529584	26.303375355835705	0.0
185.0	26.268110861187928	23.853048907037923	23.74843642197255	26.1304038098016	0.0
186.0	26.312423924566826	23.77928728888191	23.748716884398995	26.15957190215227	0.0
187.0	26.23838184398436	23.794151797483693	23.72151202903347	26.245954329498478	0.0
188.0	26.250722190748103	23.667943705581763	23.95121075629498	26.13012334737515	0.0
189.0	26.276244271554937	23.764703242706574	23.740303011605533	26.218749474132952	0.0
190.0	26.230248433617348	23.667102318302415	23.785737924690228	26.31691132339001	0.0
191.0	26.274354724262594	23.6657663797528	23.712042809904837	26.347836086079766	0.0
192.0	26.30724270232673	23.7682021135767	23.70313446565999	26.221420718436583	0.0
193.0	26.245540622405706	23.73987524961296	23.646480737732507	26.368103390248827	0.0
194.0	26.203751486459197	23.732583185622293	23.814478673517467	26.24918665440104	0.0
195.0	26.29995063833606	23.733144113621577	23.68350198568512	26.28340326235724	0.0
196.0	26.13251363055038	23.79765083353901	23.799614081536493	26.270221454374116	0.0
197.0	26.105308622585206	23.764556081581368	23.861316161457516	26.26881913437591	0.0
198.0	26.097175166595616	23.844207857479415	23.86019430545895	26.19842267046602	0.0
199.0	26.19576496984995	23.75515355490114	23.700182302622352	26.34889917262656	0.0
200.0	26.20389847146263	23.716168840274857	23.84686579722339	26.233066891039126	0.0
201.0	26.2555041368672	23.75655588276539	23.670733417473006	26.31720656289441	0.0
202.0	26.334875893984012	23.706352545225073	23.72654606647034	26.23222549432057	0.0
203.0	26.227738045154958	23.84574393493199	23.77731033515636	26.149207684756696	0.0
204.0	26.19885009115131	23.89174028887954	23.724582807460383	26.184826812508767	0.0
205.0	26.203057074744073	23.749263777871267	23.841256485766372	26.206422661618284	0.0
206.0	26.325900995652784	23.661478053568924	23.911372878979105	26.101248071799187	0.0
207.0	26.126563249371053	23.856749002240925	23.78242541698336	26.23426233140466	0.0
208.0	26.382909501919794	23.821410240948648	23.681177061217394	26.114503195914168	0.0
209.0	26.186863516655496	23.783266816061747	23.728014943247633	26.301854724035124	0.0
210.0	26.27247944175819	23.842231620987917	23.750518864220247	26.134770073033646	0.0
211.0	26.30529409784938	23.776321841659467	23.75528680570358	26.163097254787576	0.0
212.0	26.237421048498376	23.802405286244767	23.719106543859453	26.2410671213974	0.0
213.0	26.25060300436407	23.671707596172183	23.949931005082064	26.127758394381683	0.0
214.0	26.27612551465721	23.763139885793777	23.74182438269181	26.2189102168572	0.0
215.0	26.231250771284653	23.6689029247114	23.784174921749663	26.315671382254287	0.0
216.0	26.26750470484957	23.66027480248046	23.71188090209706	26.360339590572913	0.0
217.0	26.30712446640826	23.770565368844412	23.700167720294154	26.222142444453173	0.0
218.0	26.26196900259714	23.7397138097188	23.641549757955495	26.35676742972856	0.0
219.0	26.200826821784567	23.727092717349237	23.820208332164714	26.251872128701486	0.0
220.0	26.304039310495703	23.728495060945853	23.68390053457338	26.283565093985068	0.0
221.0	26.130148704514983	23.795807553583547	23.794966147425576	26.279077594475886	0.0
222.0	26.101260426424638	23.76663880677388	23.860315359028007	26.271785407773475	0.0
223.0	26.106028394653148	23.837597392762785	23.851340360009647	26.205033852574424	0.0
224.0	26.193120624663436	23.762004128522708	23.694971728594506	26.349903518219346	0.0
225.0	26.20097379285586	23.711799946149704	23.839694399569197	26.247531861425237	0.0
226.0	26.247531861425237	23.744895440674924	23.682070095135526	26.325502602764317	0.0
227.0	26.34092846885658	23.70703195117573	23.72273828756058	26.229301292407108	0.0
228.0	26.232105995332972	23.830999820499013	23.775466702566863	26.161427481601145	0.0
229.0	26.190315921737568	23.89915410159756	23.719092173756955	26.19143780290792	0.0
230.0	26.213875426314843	23.73788368336026	23.835487345180397	26.212753545144494	0.0
231.0	26.329429186860526	23.666363758750673	23.903641626278947	26.100565428109856	0.0
232.0	26.119149723876223	23.86949119741518	23.780301394221734	26.231057684486863	0.0
233.0	26.379987827555162	23.82685959337303	23.67792945030473	26.115223128767077	0.0
234.0	26.185340898573244	23.77581385695414	23.728975186723623	26.309870057748995	0.0
235.0	26.26590976659131	23.850766529609416	23.748113826702046	26.135209877097225	0.0
236.0	26.305736771544446	23.779526675679165	23.754564679616987	26.160171873159406	0.0
237.0	26.234216445748327	23.801683953082666	23.72483466183507	26.239264939333935	0.0
238.0	26.244032961053676	23.665935570002972	23.954260648114385	26.135770820828963	0.0
239.0	26.27600675376253	23.76241789186127	23.742223917518835	26.21935143685737	0.0
240.0	26.22382035582158	23.68039447222791	23.776880853343503	26.318904318607007	0.0
241.0	26.26061734905692	23.667852294020623	23.7172222658573	26.35430809106516	0.0
242.0	26.30858438086475	23.776274780979204	23.70053271916807	26.214608118987975	0.0
243.0	26.254776426755843	23.741576375133963	23.648151992772938	26.355495205337252	0.0
244.0	26.196395102187402	23.73598500577996	23.826051335001853	26.241568557030785	0.0
245.0	26.30666225172996	23.727572215082247	23.68968981328185	26.27607571990594	0.0
246.0	26.13592036841116	23.78648541705838	23.790414238047262	26.2871799764832	0.0
247.0	26.10549181616112	23.760636745324323	23.85774265250679	26.276128786007767	0.0
248.0	26.10246651622826	23.834383034140536	23.853187834697383	26.20996261493382	0.0
249.0	26.190182154986108	23.767436638693198	23.682674226051812	26.359706980268882	0.0
