# Position (bp)	A	C	G	T	N
0.0	26.05866296155123	24.033862459885157	23.969002446851675	25.938472131711936	0.0
1.0	25.92556160779058	24.108559062573008	24.109481242853104	25.85639808678331	0.0
2.0	25.961115807269653	23.964650733881506	24.138630600169062	25.93560285867978	0.0
3.0	25.93002419000372	24.111624418686855	24.06060103091833	25.897750360391097	0.0
4.0	25.9249127875705	24.148084400116794	23.963363095695474	25.96363971661723	0.0
5.0	26.101735546588067	24.01950991631143	23.76318870957332	26.115565827527178	0.0
6.0	26.04177871479896	23.921495108810902	24.057643193671417	25.979082982718722	0.0
7.0	25.966957793744356	24.04687125463273	23.83574778274258	26.150423168880337	0.0
8.0	25.90883110338088	24.061975674363435	23.824127737248705	26.205065485006973	0.0
9.0	26.007356398130476	24.05333235002197	23.938100549732507	26.001210702115042	0.0
10.0	26.02922830155053	23.95202772878398	24.040216569669184	25.978527399996317	0.0
11.0	25.845168664999168	24.070637110601712	24.076782674426465	26.00741154997265	0.0
12.0	26.043977654729932	23.956329623461304	23.999041292043337	26.000651429765426	0.0
13.0	26.0796219249135	23.852469594822978	24.12840541055439	25.93950306970913	0.0
14.0	26.070096300985135	23.948954946871602	23.926216360720016	26.05473239142325	0.0
15.0	26.0273846324031	23.98029732237784	23.992895728218585	25.999422317000477	0.0
16.0	26.098673172770237	23.943423939429323	24.013483367031508	25.944419520768935	0.0
17.0	26.029842857933	24.03253461488824	23.925294526146303	26.012328001032454	0.0
18.0	25.958861595757103	24.085079185589883	23.921914466042686	26.034144752610327	0.0
19.0	26.03813936909642	24.053429531892405	23.880431910225603	26.02799918878558	0.0
20.0	25.935349065880036	23.933136676499508	24.128564405113078	26.002949852507374	0.0
21.0	26.03244837758112	24.03453785644051	23.922074729596854	26.010939036381515	0.0
22.0	26.014626352015735	23.887659783677485	24.009955752212388	26.087758112094395	0.0
23.0	25.87051376597837	24.00258112094395	24.021939528023598	26.104965585054078	0.0
24.0	25.958702064896755	23.96970255653884	23.974618977384466	26.096976401179937	0.0
25.0	26.06717059980334	24.01210668633235	23.992133726647	25.928588987217303	0.0
26.0	25.95747295968535	24.084009341199604	24.099373156342182	25.85914454277286	0.0
27.0	25.962082104228124	23.94972959685349	24.125798918387414	25.962389380530976	0.0
28.0	25.942723697148473	24.07663470993117	24.061578171091448	25.91906342182891	0.0
29.0	25.951020157325466	24.129178957718782	23.974926253687315	25.944874631268437	0.0
30.0	26.114183874139623	24.02071042281219	23.742625368731563	26.122480334316617	0.0
31.0	26.028761061946902	23.93344395280236	24.05635447394297	25.981440511307767	0.0
32.0	25.982976892822023	24.02439773844641	23.853244837758112	26.13938053097345	0.0
33.0	25.896017699115042	24.062807276302852	23.83081366764995	26.210361356932154	0.0
34.0	26.018006391347097	24.043141592920353	23.945735004916422	25.993117010816125	0.0
35.0	26.02661012782694	23.932829400196656	24.04621435594887	25.994346116027533	0.0
36.0	25.857608161258604	24.055125368731563	24.059119960668635	26.028146509341198	0.0
37.0	26.06194690265487	23.958333333333336	23.998586529006882	25.981133235004915	0.0
38.0	26.083456243854474	23.836344641101277	24.107976892822023	25.972222222222225	0.0
39.0	26.045046705998033	23.954953294001964	23.938974926253685	26.061025073746315	0.0
40.0	26.03244837758112	23.964171583087513	24.000737463126846	26.002642576204522	0.0
41.0	26.07700344149459	23.947885939036382	24.012721238938052	25.962389380530976	0.0
42.0	25.997726155358897	24.049594395280234	23.942969518190758	26.00970993117011	0.0
43.0	25.968842182890857	24.086774827925268	23.91869469026549	26.025688298918386	0.0
44.0	26.047812192723697	24.051130776794494	23.86707227138643	26.03398475909538	0.0
45.0	25.95608434068129	23.924693186497134	24.09861050509768	26.020611967723895	0.0
46.0	26.06178673926537	24.0307028594957	23.924385912082645	25.983124489156285	0.0
47.0	26.004326423755998	23.871227438376117	24.022713724718997	26.101732413148888	0.0
48.0	25.866052937236127	24.01103729696843	24.00950092489599	26.113408840899453	0.0
49.0	25.95393341977987	23.969862525426958	23.973857092815308	26.10234696197786	0.0
50.0	26.079301380891216	24.007350003994567	23.984304422907922	25.92904419220629	0.0
51.0	25.953011596536403	24.064503045089445	24.121963360598816	25.860521997775333	0.0
52.0	25.974520805550604	23.959722469748833	24.109979658433762	25.9557770662668	0.0
53.0	25.940106071127882	24.0820176867153	24.062352124188028	25.91552411796879	0.0
54.0	25.964073475457994	24.126265202401655	23.966482506867585	25.943178815272766	0.0
55.0	26.12324162216309	24.016568236429226	23.734183049514197	26.126007091893488	0.0
56.0	26.037819334935257	23.91148038667412	24.056513910312745	25.994186368077877	0.0
57.0	25.998180935466227	24.017182785258203	23.826979922689755	26.15765635658581	0.0
58.0	25.915216843554305	24.05313389175337	23.847260034046005	26.18438923064632	0.0
59.0	26.02184106538185	24.052212068509903	23.940056907221564	25.98588995888668	0.0
60.0	26.041506627909122	23.928073205056506	24.032239231568145	25.998180935466227	0.0
61.0	25.87404207201283	24.042686561660755	24.071263082208198	26.012008284118217	0.0
62.0	26.071312246114513	23.952347883801107	24.008579101652522	25.96776076843186	0.0
63.0	26.10357605963582	23.84603093638805	24.09031409590649	25.96007890806964	0.0
64.0	26.05256850683071	23.957571548847415	23.943744200195425	26.046115744126446	0.0
65.0	26.016310125921056	23.955420627945994	24.021177352646557	26.007091893486393	0.0
66.0	26.078686832062242	23.94528057226787	24.001204515704796	25.974828079965096	0.0
67.0	26.023991986283267	24.039921091930356	23.926229558569574	26.009857363216792	0.0
68.0	25.972369884649183	24.069726710135754	23.932682321273838	26.025221083941226	0.0
69.0	26.06209401367986	24.040535640759337	23.876451103422422	26.020919242138383	0.0
70.0	25.943633927803244	23.93868069468173	24.111060581851255	26.006624795663768	0.0
71.0	26.07821929425646	24.029633362421798	23.914713437642114	25.977433905679625	0.0
72.0	25.996484802300856	23.883371639974925	24.01764973390199	26.102493823822225	0.0
73.0	25.883101240151916	24.0164206437974	24.000135199911504	26.10034291613918	0.0
74.0	25.95100846843082	23.966335222035127	23.961726134142893	26.12093017539116	0.0
75.0	26.076682931625715	24.01887882400659	23.986000663708655	25.918437580659038	0.0
76.0	25.96821572989516	24.065891520507368	24.103686041223682	25.86220670837379	0.0
77.0	25.981428448519562	23.96879340224432	24.113211489534297	25.93656665970182	0.0
78.0	25.922739396025126	24.10122786101449	24.056058799670605	25.919973943289783	0.0
79.0	25.962992096950625	24.124273300475657	23.962340679195194	25.950393923378524	0.0
80.0	26.111404727080544	24.0158060987451	23.753395361413947	26.11939381276041	0.0
81.0	26.04380477132779	23.917171617851306	24.06558424798122	25.97343936283969	0.0
82.0	25.989110261673282	24.024409729477266	23.833593490738807	26.15288651811064	0.0
83.0	25.907990314769975	24.056980617249053	23.850493479676995	26.18453558830398	0.0
84.0	26.019222969235873	24.044075171150798	23.954351593515323	25.98235026609801	0.0
85.0	26.06224112289672	23.917786162903603	24.039158810732413	25.980813903467265	0.0
86.0	25.868966703949063	24.03762244810167	24.07142242597805	26.021988421971216	0.0
87.0	26.072073843733484	23.95650250119836	23.998291564754613	25.973132090313538	0.0
88.0	26.106488366662163	23.855717112621527	24.09354604786077	25.94424847285555	0.0
89.0	26.068079300893547	23.956809773724512	23.930998881528005	26.044112043853936	0.0
90.0	26.014306608817495	23.958346136355257	24.0158060987451	26.011541156082153	0.0
91.0	26.07330293383808	23.928233428792662	24.028096999791053	25.970366637578202	0.0
92.0	26.033050232912576	24.038544265680116	23.941138874890918	25.98726662651639	0.0
93.0	25.944863017907842	24.07357333366109	23.939602512260176	26.041961136170894	0.0
94.0	26.041346591118597	24.039466083258564	23.885829820184117	26.033357505438726	0.0
95.0	25.96344708492346	23.922248237802894	24.13518678982074	25.97911788745291	0.0
96.0	26.059622794564994	24.032865667422556	23.928086379921705	25.97942515809074	0.0
97.0	25.988336006587883	23.873699477025376	24.032251126146885	26.105713390239853	0.0
98.0	25.86604229273059	24.02610571339024	24.019653029995762	26.088198963883407	0.0
99.0	25.929647314761894	23.97079699858041	23.97202608113174	26.127529605525957	0.0
100.0	26.054399193721846	24.04177651591969	23.97724968197489	25.926574608383575	0.0
101.0	25.961603461096466	24.073118120978595	24.11367784517247	25.85160057275247	0.0
102.0	25.988336006587883	23.967724292202085	24.115521468999464	25.928418232210564	0.0
103.0	25.940094516448198	24.08540894649189	24.054681882708653	25.91981465435126	0.0
104.0	25.98772146531222	24.102923372848338	23.97602059942356	25.933334562415883	0.0
105.0	26.116160591926157	24.021496653822755	23.756322093373402	26.10602066087769	0.0
106.0	26.03073935460875	23.925935485456883	24.06328546056796	25.980039699366408	0.0
107.0	25.987414194674386	24.011356722774284	23.86417408725257	26.137054995298758	0.0
108.0	25.928110961572738	24.054989153346483	23.858335945133753	26.158563939947026	0.0
109.0	26.024593941852103	24.03348020869822	23.95143894839697	25.990486901052712	0.0
110.0	26.049175592878697	23.923477320354223	24.057140047811313	25.970207038955774	0.0
111.0	25.86972954038458	24.03378747933605	24.08018534564874	26.016297634630632	0.0
112.0	26.055628276273175	23.980322388353216	24.00982036958512	25.954228965788488	0.0
113.0	26.100182518758874	23.84727420217179	24.098314313280852	25.954228965788488	0.0
114.0	26.08973531707257	23.942528099899828	23.943757182451158	26.02397940057644	0.0
115.0	26.010459492511817	23.947444430105147	24.030407502319893	26.011688575063147	0.0
116.0	26.07283543199179	23.942220829262	24.038703809541367	25.946239929204847	0.0
117.0	26.030432083970922	24.04300559847102	23.930237274386535	25.996325043171524	0.0
118.0	25.94193814027519	24.072810850340765	23.952360760310466	26.03289024907358	0.0
119.0	26.044259262673375	24.051609176330327	23.88476121998734	26.01937034100895	0.0
120.0	25.97620481557503	23.905495261857645	24.130418750998636	25.987881171568688	0.0
121.0	26.075761114047268	24.00996792074827	23.92300979584813	25.991261169356328	0.0
122.0	25.98235026609801	23.88767345534101	24.033627905261735	26.096348373299243	0.0
123.0	25.874804881945895	24.020722459163483	24.031476997578693	26.072995661311932	0.0
124.0	25.946399380538587	23.953122503410725	23.98231339339487	26.118164722655816	0.0
125.0	26.04042477354015	24.043767898624647	23.9881515713917	25.927655756443507	0.0
126.0	25.976512088101178	24.065891520507368	24.10983149174666	25.847764899644794	0.0
127.0	25.982964811150307	23.979240668133382	24.121200575214168	25.916593945502143	0.0
128.0	25.92919211907425	24.092624230282322	24.05913152493209	25.919052125711335	0.0
129.0	25.994026622091663	24.105222403854427	23.965413404456683	25.935337569597227	0.0
130.0	26.119086540234264	24.013962463588207	23.776133528348964	26.090817467828565	0.0
131.0	26.04142660926798	23.92953604778717	24.073340031894986	25.955697311049864	0.0
132.0	26.003631972419132	24.0057398684255	23.86531589249116	26.125312266664206	0.0
133.0	25.92013323418612	24.064810319503938	23.849410954947427	26.165645491362515	0.0
134.0	26.003404600512535	24.047910226707064	23.979695306690594	25.96898986608981	0.0
135.0	26.07653591116082	23.902876703068443	24.05282661733888	25.96776076843186	0.0
136.0	25.848845570024764	24.034390152469566	24.085397705274673	26.031366572230997	0.0
137.0	26.048881213856845	23.970477074255935	24.013188217869853	25.967453494017366	0.0
138.0	26.10787790143866	23.838349076025835	24.086626802932624	25.967146219602878	0.0
139.0	26.08606141800997	23.935447791004233	23.95664972560395	26.02184106538185	0.0
140.0	26.02038464729398	23.925995802618598	24.030776699924104	26.022842850163318	0.0
141.0	26.069548704680724	23.938286816965288	24.032313076717436	25.95985140163655	0.0
142.0	26.032368386282002	24.044604091064127	23.95088510667064	25.972142415983235	0.0
143.0	25.95739319876721	24.05689510541081	23.942895947345296	26.042815748476684	0.0
144.0	26.044966675987354	24.046447743216127	23.88605000599187	26.02253557480465	0.0
145.0	25.980291237374747	23.912929919278266	24.129560378442658	25.97721846490433	0.0
146.0	26.075854461204713	24.01894056950765	23.918153632477974	25.987051336809664	0.0
147.0	26.006409803373288	23.852703578858097	24.041679085788733	26.09920753197988	0.0
148.0	25.86114713094353	24.017477983517598	24.02792544201968	26.093449443519194	0.0
149.0	25.921373656426113	23.945882164959222	23.996890344704674	26.135853833909994	0.0
150.0	26.047972271216025	24.045440298920223	23.98705744258507	25.919529987278683	0.0
151.0	25.975147339892697	24.063876990394483	24.10474498982909	25.856230679883723	0.0
152.0	25.989282136689628	23.966777081963382	24.107203215358993	25.936737565987993	0.0
153.0	25.921680934617346	24.0933756967533	24.076782674426465	25.90816069420289	0.0
154.0	25.987131189350965	24.11304150099251	23.979990044186604	25.91983726546992	0.0
155.0	26.13063010465895	23.994124840983535	23.78394655817698	26.09129849618053	0.0
156.0	26.0369902623242	23.928133555803427	24.061185421448698	25.97369076042368	0.0
157.0	25.993356625091803	24.013557155455587	23.8679068452573	26.125179374195312	0.0
158.0	25.932595041728636	24.052040954289016	23.861527304907877	26.153836699074475	0.0
159.0	26.015560663233323	24.040057031182783	23.967231652306445	25.977150653277448	0.0
160.0	26.073329318206962	23.91130667781069	24.05234823436866	25.96301576961369	0.0
161.0	25.86253518356912	24.02069838616502	24.08215440209442	26.034612028171438	0.0
162.0	26.07548027876449	23.94234196585504	23.999803340749025	25.982374414631447	0.0
163.0	26.136936294693886	23.813591612482945	24.07385783994395	25.975614252879215	0.0
164.0	26.095453483941544	23.915915879005397	23.9512530881648	26.037377548888262	0.0
165.0	26.01932797640082	23.933504386436617	24.03705809147756	26.010109545685005	0.0
166.0	26.09368998417503	23.931353419269595	24.033370719191236	25.941585877364144	0.0
167.0	26.06388372486057	24.02906878485719	23.946717470462612	25.960330019819626	0.0
168.0	25.96309554903437	24.058260482123927	23.939035444866104	26.0396085239756	0.0
169.0	26.063576443836713	24.04320371195477	23.878193802141748	26.015026042066776	0.0
170.0	25.980770235347983	23.9059960114678	24.137380044433108	25.975853708751114	0.0
171.0	26.08985566921609	24.01108676747595	23.937646151435167	25.9614114118728	0.0
172.0	26.003201887946215	23.864820101218992	24.04458060491714	26.087397405917656	0.0
173.0	25.863160353007697	24.010238698099755	24.02898301334841	26.097617935544136	0.0
174.0	25.943976007276483	23.944172668944663	23.990572531281494	26.12127879249736	0.0
175.0	26.026020796971412	24.0584822635758	23.98381228643772	25.93168465301507	0.0
176.0	25.981771921630326	24.060325966715013	24.105189409769167	25.852712701885494	0.0
177.0	25.99221957275253	23.947860075223087	24.11748076403058	25.942439587993803	0.0
178.0	25.931070085302	24.072617320976423	24.063398805280368	25.93291378844121	0.0
179.0	26.009734752575035	24.079684849676738	23.987806976572678	25.922773421175542	0.0
180.0	26.118205953932005	23.976130190024335	23.7948327146685	26.110831141375158	0.0
181.0	26.0224133533683	23.931340284115528	24.062550894045128	25.98369546847104	0.0
182.0	25.999674278111186	24.004474066699238	23.88002372238662	26.115827932802958	0.0
183.0	25.91525059152506	24.051255262268384	23.873644101650125	26.159850044556432	0.0
184.0	26.002212457364106	24.0408075469379	23.957225824294014	25.99975417140399	0.0
185.0	26.075961036167534	23.916664105952126	24.045724118858125	25.961650739022218	0.0
186.0	25.87806901637833	24.02390683096211	24.069999692714255	26.028024459945303	0.0
187.0	26.087023322988045	23.929877392987738	23.98580339858034	25.997295885443872	0.0
188.0	26.14448575730572	23.812801524137296	24.070921549949297	25.971791168607687	0.0
189.0	26.087945180223088	23.917585963187168	23.956918538548997	26.037550318040747	0.0
190.0	26.031484594181837	23.9195031788808	24.034428400664968	26.014583826272396	0.0
191.0	26.094785652169904	23.925956199355312	24.02951181363677	25.949746334838014	0.0
192.0	26.06559341668997	24.039037701003906	23.93886224030434	25.956506642001788	0.0
193.0	25.976172990114588	24.048256301681782	23.945929834157372	26.02964087404626	0.0
194.0	26.065286130000707	24.01752763275553	23.883550636237093	26.033635601006672	0.0
195.0	25.980941962406316	23.905822196683125	24.14120524725975	25.972030593650803	0.0
196.0	26.087571098894685	24.013987776060375	23.917806451216403	25.98063467382854	0.0
197.0	26.018431168895024	23.858807044283356	24.028123050638083	26.09463873618354	0.0
198.0	25.85441851603744	24.00975951522005	24.039566598858112	26.096255369884396	0.0
199.0	25.937386686988745	23.941233951804712	23.9983898029045	26.12298955830204	0.0
200.0	26.015758000381044	24.06690389709362	24.00329418416702	25.914043918358313	0.0
201.0	25.985950550362297	24.074586229572677	24.105622852788073	25.83384036727695	0.0
202.0	25.995955945620373	23.953954323081838	24.108525702485434	25.94156402881235	0.0
203.0	25.958010411352923	24.065651754380575	24.059198436453254	25.917139397813248	0.0
204.0	26.004720141112553	24.071183169746845	23.987904638399087	25.936192050741518	0.0
205.0	26.152385283886275	23.957936400624437	23.810431084286996	26.07924723120229	0.0
206.0	26.046605963571995	23.94217738292426	24.057724279291598	25.953492374212146	0.0
207.0	26.004517447488514	24.007928581306373	23.883775602710468	26.103778368494645	0.0
208.0	25.922249539028886	24.058082360172094	23.865703749231713	26.1539643515673	0.0
209.0	26.016447550384452	24.024732788769445	23.94913306166602	26.009686599180082	0.0
210.0	26.080689871355954	23.912241774587116	24.04899905960159	25.95806929445534	0.0
211.0	25.881239359053946	24.032711113296497	24.07327731918843	26.012772208461126	0.0
212.0	26.085166017185635	23.92927827701083	24.004265676669085	25.981290029134446	0.0
213.0	26.14373259737785	23.825534295074714	24.077545776963692	25.953187330583745	0.0
214.0	26.05906939578339	23.926178621918986	23.976273895137993	26.03847808715963	0.0
215.0	26.034722798476846	23.932545939018432	24.035503431404187	25.99722783110054	0.0
216.0	26.104795360458795	23.91717914911011	24.03611810300052	25.94190738743058	0.0
217.0	26.058240491740296	24.052247406838266	23.947137917787167	25.94237418363427	0.0
218.0	25.970501547454766	24.053624609294562	23.95435392610942	26.02151991714125	0.0
219.0	26.046721762408065	24.044404422001826	23.887353898448858	26.02151991714125	0.0
220.0	25.985106232577582	23.903789827612172	24.132759219475613	25.978344720334633	0.0
221.0	26.088840670131454	24.012121621912353	23.929753602832477	25.96928410512372	0.0
222.0	26.003091874149042	23.882422726197024	24.030562223198892	26.08392317645504	0.0
223.0	25.85657909295435	23.99066891235662	24.0456842182909	26.107067776398125	0.0
224.0	25.943741278730243	23.959748458602014	23.991713641141647	26.104796621526095	0.0
225.0	26.03072345814098	24.06086908413605	23.996631361532362	25.911776096190607	0.0
226.0	25.956526015540476	24.084046424707388	24.099722140257697	25.859705419494443	0.0
227.0	25.961455707874837	23.938648798180363	24.134751337062767	25.96514415688203	0.0
228.0	25.95331624341454	24.076498902679674	24.068507214035865	25.90167763986992	0.0
229.0	25.996348413035058	24.09494126108847	23.989819818158345	25.918890507718128	0.0
230.0	26.145277497725427	23.97152482356702	23.81814493323825	26.0650527454693	0.0
231.0	26.05990747998217	23.9350208246884	24.05428250879862	25.95078918653081	0.0
232.0	26.008895555603367	24.0029385456658	23.85939243416705	26.128773464563782	0.0
233.0	25.918765061722322	24.060640338366202	23.86975606157478	26.150838538336696	0.0
234.0	26.023582353809076	24.032668568337186	23.962585452220527	25.981163625633208	0.0
235.0	26.074313607357585	23.90970232752579	24.05325152770776	25.96273253740886	0.0
236.0	25.86852410842181	24.048481197090883	24.087826830033013	25.995167864454295	0.0
237.0	26.091687620265457	23.927985196205608	23.99315140076601	25.98717578276292	0.0
238.0	26.144572387633026	23.839443252448373	24.062916899771917	25.953067460146688	0.0
239.0	26.04476304359186	23.92772499100866	23.985822884422078	26.0416890809774	0.0
240.0	26.043450326015783	23.927191345595176	24.032020560052384	25.99733776833666	0.0
241.0	26.091073426874406	23.923683272052042	24.045118606967623	25.940124694105926	0.0
242.0	26.09044540163624	24.038222082845255	23.943220284267518	25.92811223125098	0.0
243.0	25.96151185421362	24.062931408208634	23.966080745780847	26.009475991796904	0.0
244.0	26.051743117009302	24.055260714219827	23.882148194156606	26.010847974614265	0.0
245.0	25.987779790220756	23.88414478519307	24.163665939932162	25.96440948465401	0.0
246.0	26.05478744341665	24.016249261956307	23.971659122220036	25.95730417240701	0.0
247.0	25.99427973920531	23.890084881289212	24.050928773526877	26.064706605978593	0.0
248.0	25.855472378222437	24.00212830086547	24.05441314871656	26.08798617219553	0.0
249.0	25.943126387855152	23.942462062729515	24.030423630290766	26.083987919124567	0.0
