# Position (bp)	A	C	G	T	N
0.0	26.287488681876003	23.720843679348523	23.65446253492648	26.337205103848994	0.0
1.0	26.242771676637727	23.58030452002822	23.803889546219608	26.373034257114448	0.0
2.0	26.203933353515772	23.756210960174865	23.705940024829953	26.333915661479413	0.0
3.0	26.210895840739422	23.777161837895484	23.837984358336296	26.173957963028794	0.0
4.0	26.276865483044094	23.749378612034512	23.77576156475904	26.19799434016235	0.0
5.0	26.21448467193015	23.65124371339467	23.804260589684272	26.330011024990906	0.0
6.0	26.183414699168566	23.79714636408573	23.701062476742703	26.318376460003	0.0
7.0	26.285784105456372	23.849868512764118	23.800994693302897	26.06335268847661	0.0
8.0	26.317528635890312	23.820062478306145	23.700104130510237	26.162304755293302	0.0
9.0	26.22870249017038	23.834606926272297	23.647733078614745	26.28895750494258	0.0
10.0	26.156746670813106	23.836589402134678	23.79882714883881	26.2078367782134	0.0
11.0	26.21283472350256	23.7219143241112	23.711640769905706	26.353610182480537	0.0
12.0	26.22199762319935	23.81743061185957	23.760509568288594	26.200062196652485	0.0
13.0	26.205337805568824	23.752734986727678	23.874351655430544	26.167575552272954	0.0
14.0	26.25281828581583	23.796605839821407	23.705532170107844	26.24504370425492	0.0
15.0	26.205060141941644	23.731354887435167	23.789386585514844	26.274198385108345	0.0
16.0	26.333267619790696	23.655764697389138	23.690472554414978	26.320495128405184	0.0
17.0	26.255522020052812	23.789320531224575	23.66825952591844	26.286897922804176	0.0
18.0	26.205820368791805	23.756278651335975	23.690750217271184	26.347150762601036	0.0
19.0	26.148066494700807	23.741562519957018	23.74572746280012	26.364643522542057	0.0
20.0	26.29376648618631	23.717062335138138	23.797584339858393	26.19158683881716	0.0
21.0	26.240177703734556	23.87116479244759	23.752880744134387	26.135776759683466	0.0
22.0	26.159100374843813	23.931972789115648	23.724281549354437	26.184645286686102	0.0
23.0	26.316534777176177	23.771206441760377	23.7201166180758	26.192142162987643	0.0
24.0	26.274330140219355	23.71234207968902	23.76176593086214	26.25156184922949	0.0
25.0	26.289601554907676	23.710953769262808	23.6629182285159	26.33652644731362	0.0
26.0	26.242676662501736	23.57378869915313	23.80591420241566	26.377620435929472	0.0
27.0	26.20658059142024	23.757878661668748	23.71012078300708	26.32541996390393	0.0
28.0	26.21268915729557	23.76287657920311	23.852283770651116	26.1721504928502	0.0
29.0	26.268776898514506	23.754824378731083	23.788143828960155	26.188254893794255	0.0
30.0	26.204636956823546	23.652922393447177	23.811189782035264	26.331250867694017	0.0
31.0	26.180202693322226	23.79230876023879	23.698736637512148	26.328751908926833	0.0
32.0	26.283215326947108	23.84673052894627	23.809801471609052	26.06025267249757	0.0
33.0	26.314035818409	23.811189782035264	23.69790365125642	26.17687074829932	0.0
34.0	26.22851589615438	23.834235735110372	23.654310703873385	26.282937664861862	0.0
35.0	26.131611828404832	23.849507149798697	23.81063445786478	26.2082465639317	0.0
36.0	26.204359294738307	23.72344856309871	23.714563376370958	26.35762876579203	0.0
37.0	26.210190198528394	23.805081216159934	23.7667638483965	26.21796473691517	0.0
38.0	26.205469943079272	23.75093710953769	23.872830764959044	26.17076218242399	0.0
39.0	26.263501318894907	23.79230876023879	23.70651117589893	26.237678744967376	0.0
40.0	26.226294599472443	23.719283631820076	23.783145911425795	26.27127585728169	0.0
41.0	26.341451224625228	23.657576960774787	23.691451641117197	26.309520173482788	0.0
42.0	26.2598187982263	23.7858564879731	23.665629138888967	26.288695574911635	0.0
43.0	26.213171697426912	23.750315839744996	23.691451641117197	26.34506082171089	0.0
44.0	26.15652878931337	23.735322128773763	23.74281898425938	26.365330097653484	0.0
45.0	26.29695239787645	23.707767831360094	23.79967347120105	26.195606299562407	0.0
46.0	26.246973500077747	23.861314111819453	23.753581821008908	26.138130567093892	0.0
47.0	26.157011484040073	23.925453697327796	23.721095537439748	26.196439281192387	0.0
48.0	26.31722161753926	23.77079677469513	23.716097647659875	26.195883960105732	0.0
49.0	26.279459783646903	23.712765721139963	23.767464848175216	26.24030964703792	0.0
50.0	26.295286434616493	23.7163753082032	23.662509162797928	26.32582909438237	0.0
51.0	26.24808414225105	23.575601412736845	23.80161709500433	26.374697350007775	0.0
52.0	26.21476487705191	23.75552544481219	23.706379528643463	26.323330149492435	0.0
53.0	26.22809258313157	23.76052333459206	23.854094937692974	26.157289144583395	0.0
54.0	26.28140340745019	23.763022279481998	23.784679801861436	26.170894511206377	0.0
55.0	26.210044647815366	23.652791043781516	23.793842599791198	26.34332170861192	0.0
56.0	26.188942446522578	23.793842599791198	23.701936959950242	26.31527799373598	0.0
57.0	26.286956618316708	23.85381727714965	23.79772984739777	26.061496257135875	0.0
58.0	26.30583753526289	23.820775672493834	23.6919411803905	26.181445611852773	0.0
59.0	26.228647904218217	23.834658699660142	23.65390168595482	26.28279171016682	0.0
60.0	26.120637952864346	23.843821497589907	23.822996956840445	26.212543592705302	0.0
61.0	26.205324418578822	23.724982785046315	23.721373197983073	26.34831959839179	0.0
62.0	26.21282125324863	23.8118905351074	23.770519114151803	26.20476909749217	0.0
63.0	26.209489326728715	23.7460849863391	23.87519713898576	26.16922854794642	0.0
64.0	26.255025655834203	23.783291499144806	23.724149803416335	26.237533041604657	0.0
65.0	26.223094693351694	23.71859659254981	23.794953241964503	26.263355472133988	0.0
66.0	26.33547409017834	23.6629987810736	23.686599861725433	26.314927267022625	0.0
67.0	26.255785735506855	23.786279720007887	23.666330698342094	26.29160384614317	0.0
68.0	26.205251656934692	23.75768076345331	23.692153057172924	26.344914522439073	0.0
69.0	26.163602691078513	23.726027549402616	23.748240331192576	26.36212942832629	0.0
70.0	26.30596911321268	23.705137246844405	23.798153012322505	26.190740627620407	0.0
71.0	26.250992630930103	23.858960333635057	23.759003093121276	26.131043942313564	0.0
72.0	26.162419409474836	23.914769792921916	23.724573376944306	26.19823742065894	0.0
73.0	26.319574404282616	23.765666909155527	23.719853173920043	26.194905512641814	0.0
74.0	26.2765372590614	23.709024472864385	23.77538497420548	26.239053293868736	0.0
75.0	26.282368098091375	23.72429571794288	23.659878829611777	26.333457354353975	0.0
76.0	26.2571011289615	23.57158326715794	23.809259372379593	26.36205623150097	0.0
77.0	26.220172481771687	23.74706375605991	23.7142999938915	26.318463768276906	0.0
78.0	26.217673550758843	23.759003093121276	23.85729437962649	26.16602897649339	0.0
79.0	26.281257462085662	23.744564825047064	23.7939881273011	26.180189585566175	0.0
80.0	26.209621439717456	23.65043842356325	23.803983851352477	26.335956285366812	0.0
81.0	26.174914064539056	23.79870833032536	23.69680747680159	26.32957012833399	0.0
82.0	26.28958723212848	23.8389688855323	23.804261510353903	26.067182371985314	0.0
83.0	26.30763506722125	23.81536787041099	23.694586204790173	26.182410857577594	0.0
84.0	26.224337366793094	23.83813590852802	23.657102239597506	26.280424485081383	0.0
85.0	26.127989693297867	23.8389688855323	23.82814018447664	26.20490123669319	0.0
86.0	26.200736351671782	23.724573376944306	23.722629763934318	26.352060507449593	0.0
87.0	26.211287393726018	23.812868939398147	23.77010945317836	26.205734213697475	0.0
88.0	26.221283117777393	23.73318080598855	23.88117305374923	26.164363022484828	0.0
89.0	26.260710695980055	23.782604108242587	23.72429571794288	26.232389477834484	0.0
90.0	26.221283117777393	23.714022334890075	23.799818966331067	26.264875581001462	0.0
91.0	26.33977037664339	23.6595354777804	23.695908705973817	26.304785439602398	0.0
92.0	26.25702822395913	23.78614763088115	23.676750288070416	26.28007385708931	0.0
93.0	26.210381641237802	23.752828643223054	23.69868528827866	26.338104427260483	0.0
94.0	26.178728602962615	23.70812566811512	23.74977440268773	26.363371326234535	0.0
95.0	26.299714568131588	23.700563089327957	23.80773886871245	26.191983473828007	0.0
96.0	26.2427947889248	23.86160441586424	23.768311509457014	26.127289285753953	0.0
97.0	26.166716645009387	23.906029609391485	23.7363809016093	26.190872843989826	0.0
98.0	26.32053887759749	23.763036017725653	23.716389564522043	26.200035540154822	0.0
99.0	26.278890258665687	23.705838581059318	23.77553060340519	26.2397405568698	0.0
100.0	26.283332778018416	23.724996945767945	23.667244194182523	26.32442608203112	0.0
101.0	26.2605648663357	23.56617687890803	23.810793100767444	26.36246515398883	0.0
102.0	26.224191739135268	23.750819089505658	23.718055509279313	26.306933662079768	0.0
103.0	26.21863858994436	23.758871155832473	23.86632459267651	26.156165661546666	0.0
104.0	26.280000888503867	23.743599995557478	23.803574006819268	26.17282510911938	0.0
105.0	26.206699319183908	23.643920967580716	23.81162607314608	26.337753640089296	0.0
106.0	26.181710147824834	23.79385599573518	23.701951376625686	26.3224824798143	0.0
107.0	26.299992225591133	23.84189073623652	23.80274103444063	26.055376003731716	0.0
108.0	26.31665167316385	23.808571841091084	23.693343995379777	26.181432490365285	0.0
109.0	26.2250247115139	23.838836504181522	23.664745277046613	26.27139350725797	0.0
110.0	26.132287120025765	23.841335421317428	23.8282855207188	26.198091937938006	0.0
111.0	26.197536623018912	23.733326669554305	23.72388631592976	26.345250391497014	0.0
112.0	26.2219704794589	23.80579526649563	23.77969546529837	26.1925387887471	0.0
113.0	26.219471562322994	23.74193405080021	23.874099001543776	26.16449538533302	0.0
114.0	26.25695531936161	23.77830717800064	23.730272437499305	26.23446506513844	0.0
115.0	26.22613534135208	23.716667221981584	23.80523995157654	26.251957485089793	0.0
116.0	26.340457078440792	23.658571123149073	23.6902239856507	26.310747812759434	0.0
117.0	26.258548355300604	23.778796469317548	23.681061314926545	26.2815938604553	0.0
118.0	26.2199540755837	23.742423443109534	23.698276029620416	26.339346451686346	0.0
119.0	26.168309931502094	23.71438011755984	23.753807367342574	26.363502583595487	0.0
120.0	26.299436910672043	23.698064172192048	23.81412499028199	26.18837392685392	0.0
121.0	26.245293706060707	23.864103333000145	23.763591332644744	26.127011628294404	0.0
122.0	26.169215562145293	23.90936149890603	23.734437299392486	26.18698563955619	0.0
123.0	26.32081653505703	23.762480702806563	23.726107575606125	26.19059518653028	0.0
124.0	26.276946656448875	23.709725785492953	23.78191672497473	26.23141083308344	0.0
125.0	26.296937993536133	23.71833316673886	23.66863248148025	26.31609635824476	0.0
126.0	26.26000955141661	23.567287508746208	23.81634624995835	26.35635668987883	0.0
127.0	26.232799120381166	23.746098912693387	23.708892813114318	26.31220915381113	0.0
128.0	26.212602907081674	23.76171370659855	23.86833446710444	26.15734891921534	0.0
129.0	26.285144688105643	23.745120143049917	23.803150874348194	26.166584294496243	0.0
130.0	26.208510803711743	23.651549059568964	23.811758303392438	26.328181833326852	0.0
131.0	26.187131060601853	23.802040238342485	23.70263831583156	26.3081903852241	0.0
132.0	26.297917002171296	23.835359318513746	23.806482782365322	26.060240896949637	0.0
133.0	26.316797814268337	23.802040238342485	23.695696840795883	26.18546510659329	0.0
134.0	26.23488840884733	23.832305069498048	23.662933078627475	26.269873443027148	0.0
135.0	26.1354864863364	23.8389688855323	23.823697640453805	26.201846987677495	0.0
136.0	26.19907039766322	23.717909560910055	23.732625487985697	26.350394553441024	0.0
137.0	26.215452278747424	23.793432809298245	23.786213675261138	26.20490123669319	0.0
138.0	26.224892684795947	23.733736123991402	23.8900581417949	26.15131304941775	0.0
139.0	26.26432026299861	23.775940292208332	23.73318080598855	26.22655863880451	0.0
140.0	26.224059707791668	23.72151912792861	23.805094487358186	26.24932667692154	0.0
141.0	26.338250687902086	23.65689026608136	23.692153057172924	26.312705988843632	0.0
142.0	26.260783611409593	23.772119071616785	23.682990284684564	26.284107032289057	0.0
143.0	26.22218890304954	23.749350970282073	23.702704128523155	26.325755998145233	0.0
144.0	26.171654824477375	23.72380627122362	23.752960547322942	26.351578356976063	0.0
145.0	26.314167351562674	23.698882693973655	23.809391590217462	26.177558364246206	0.0
146.0	26.241975610297875	23.86964392811924	23.762189297852018	26.126191163730873	0.0
147.0	26.166174281969834	23.92351007352451	23.72526044558964	26.185055198916015	0.0
148.0	26.331104644705565	23.760245674048736	23.72526044558964	26.18338923565606	0.0
149.0	26.2783491414736	23.702492281036896	23.791621315444587	26.227537262044915	0.0
150.0	26.297507718963104	23.720817876896422	23.665563428774515	26.31611097536596	0.0
151.0	26.26835336191386	23.557553477420644	23.820498011950512	26.353595148714987	0.0
152.0	26.233923454541415	23.754137142095562	23.71443168439992	26.297507718963104	0.0
153.0	26.213727020055476	23.762255276259125	23.859992058886412	26.16402564479899	0.0
154.0	26.279605719838955	23.733444398167432	23.807024850756626	26.179925031236984	0.0
155.0	26.209357212272664	23.64986811050951	23.813411078717202	26.327363598500625	0.0
156.0	26.193530473413855	23.797029015687908	23.704289879216994	26.305150631681247	0.0
157.0	26.295154796612525	23.823684575871166	23.813966402887683	26.067194224628626	0.0
158.0	26.316257115090934	23.79952797445509	23.69929196168263	26.184922948771344	0.0
159.0	26.242121338331252	23.82174094127447	23.667916146050256	26.268221574344025	0.0
160.0	26.14410662224073	23.82673885880883	23.82840483132028	26.200749687630154	0.0
161.0	26.199361377203946	23.72344856309871	23.72594752186589	26.35124253783146	0.0
162.0	26.2240733027905	23.79008746355685	23.786755518533944	26.199083715118697	0.0
163.0	26.226294599472443	23.735110370678882	23.89087880049979	26.147716229348884	0.0
164.0	26.26516729140636	23.770095793419408	23.737886991531308	26.226849923642924	0.0
165.0	26.22740524781341	23.725669859780645	23.794252394835485	26.252672497570455	0.0
166.0	26.335488922640355	23.66020730308844	23.701023742950834	26.30328003132037	0.0
167.0	26.276624397124525	23.759610605610458	23.682142668728776	26.281622328536248	0.0
168.0	26.22775573443214	23.740174205675984	23.70296738294428	26.329102676947596	0.0
169.0	26.17055718605355	23.712407920055313	23.76405321130976	26.35298168258138	0.0
170.0	26.30224241145307	23.699423570309982	23.814098648333463	26.184235369903487	0.0
171.0	26.2486533314082	23.868243055632686	23.760509568288594	26.12259404467052	0.0
172.0	26.16840854315448	23.91155858147206	23.73163255106234	26.188400324311118	0.0
173.0	26.33500671945978	23.752179659473327	23.727745260281885	26.185068360785014	0.0
174.0	26.28363894843231	23.691371325121892	23.791052567277895	26.233937159167898	0.0
175.0	26.295023157146506	23.71941535146662	23.66582627142175	26.319735219965125	0.0
176.0	26.26087053100392	23.5530948387885	23.82242855714873	26.363606073058854	0.0
177.0	26.231993513777667	23.749125359574396	23.724690960382954	26.29419016626498	0.0
178.0	26.225957733925316	23.748358309245944	23.867754000449818	26.157929956378922	0.0
179.0	26.291837199358035	23.723989715282134	23.801180632299122	26.182992453060706	0.0
180.0	26.211869630649794	23.651519106140288	23.819228868292303	26.317382394917615	0.0
181.0	26.202429014899515	23.783965391813318	23.712605443347975	26.301000149939192	0.0
182.0	26.30710878365996	23.815619221093666	23.80812226152727	26.069149733719104	0.0
183.0	26.32654534549877	23.783965391813318	23.70566381411983	26.183825448568083	0.0
184.0	26.241857468915384	23.81867353795405	23.673732319670357	26.26573667346021	0.0
185.0	26.15633659682462	23.822560850321814	23.824782171674823	26.196320381178744	0.0
186.0	26.2054833317599	23.717325751223115	23.730653679341156	26.346537237675832	0.0
187.0	26.22852954079734	23.783687726644196	23.784243056982447	26.203539675576014	0.0
188.0	26.24352345993014	23.730098349002905	23.884757848206007	26.14162034286095	0.0
189.0	26.276843280225243	23.77535777157042	23.724267380451263	26.223531567753078	0.0
190.0	26.22797421045909	23.7203800680835	23.794239003070977	26.257406718386434	0.0
191.0	26.331338766330227	23.673242721681547	23.700731649752182	26.294686862236045	0.0
192.0	26.276083244248845	23.76542781379722	23.680739702064447	26.277749239889488	0.0
193.0	26.217218064946064	23.74349220452873	23.704896638853796	26.33439309167141	0.0
194.0	26.182932890546258	23.709193292664303	23.75278708735141	26.355086729438028	0.0
195.0	26.29546123473519	23.69954073670941	23.819215753786008	26.185782274769398	0.0
196.0	26.249368304724246	23.847815583853034	23.77673251106508	26.126083600357635	0.0
197.0	26.1743978763932	23.911679282060966	23.73591527786262	26.178007563683213	0.0
198.0	26.334334790166103	23.758684074615015	23.72647455725797	26.180506577960916	0.0
199.0	26.287686523649008	23.6845466510432	23.789227582453588	26.23853924285421	0.0
200.0	26.300181595037515	23.713701817616382	23.66122251778465	26.32489406956145	0.0
201.0	26.267694409427396	23.55015521655347	23.82976714740297	26.352383226616166	0.0
202.0	26.230209195261867	23.750631695275754	23.729806576294905	26.28935253316747	0.0
203.0	26.212233541862773	23.744588924893307	23.885367120100184	26.15781041314374	0.0
204.0	26.291719886710723	23.72216360304326	23.810462597878605	26.175653912367412	0.0
205.0	26.216193702449047	23.647192758371745	23.82212472927195	26.31448880990726	0.0
206.0	26.192314100072196	23.781029599600156	23.709113122674516	26.317543177653135	0.0
207.0	26.301379752705223	23.817602745621805	23.802608451783627	26.078409049889345	0.0
208.0	26.32623877157177	23.77552862121149	23.71332972357588	26.18490288364086	0.0
209.0	26.243769697474555	23.80857178558041	23.671401002401876	26.276257514543154	0.0
210.0	26.150193677370986	23.813847584933427	23.836616824246462	26.199341913449125	0.0
211.0	26.203784691851666	23.70472184042095	23.735821289238757	26.35567217848862	0.0
212.0	26.22433254196343	23.78608021991753	23.788579282768964	26.201007955350075	0.0
213.0	26.239882266372334	23.731656184486376	23.892429227928417	26.136032321212877	0.0
214.0	26.27903425104475	23.769142127257833	23.72915712163494	26.222666500062473	0.0
215.0	26.229403499808406	23.712007197320997	23.7997523144163	26.2588369884543	0.0
216.0	26.33665895655216	23.670421760849464	23.695412528149323	26.297506754449053	0.0
217.0	26.27362668791807	23.778437410623297	23.6695887352728	26.278347166185828	0.0
218.0	26.221979102165033	23.742617310826834	23.709018612568133	26.326384974439996	0.0
219.0	26.18165662399689	23.716713409046733	23.75059006469886	26.35103990225752	0.0
220.0	26.31418186261034	23.694565003096113	23.81479969677532	26.17645343751822	0.0
221.0	26.267254233899518	23.84756573338998	23.770371172552057	26.114808860158444	0.0
222.0	26.175898080965432	23.912820128342897	23.728997109369143	26.182284681322525	0.0
223.0	26.33223095057604	23.763429215642173	23.72677568315798	26.177564150623805	0.0
224.0	26.298500251300233	23.682201001313423	23.782721095613493	26.236577651772848	0.0
225.0	26.306275286218472	23.71441186026041	23.667483970932476	26.311828882588646	0.0
226.0	26.272398348360436	23.55280220588848	23.8288159454859	26.345983500265184	0.0
227.0	26.240888580354042	23.751197500867754	23.715931968066645	26.291981950711556	0.0
228.0	26.21735846541747	23.751818817962704	23.880107962812808	26.15071475380702	0.0
229.0	26.30462369801429	23.716896726951624	23.81436342582951	26.164116149204574	0.0
230.0	26.222707241692422	23.657194902852634	23.81908403517687	26.301013820278072	0.0
231.0	26.201047975275117	23.780486111689616	23.720506604687845	26.297959308347423	0.0
232.0	26.300882203481606	23.83143443453728	23.80644283449174	26.06124052748937	0.0
233.0	26.328372963531706	23.785894185565407	23.705643380974728	26.180089469928163	0.0
234.0	26.228961932239443	23.821993163408965	23.689815367612553	26.259229536739042	0.0
235.0	26.152321025433118	23.820882425629165	23.838931914550944	26.187864634386777	0.0
236.0	26.195917483290337	23.70203348319037	23.7506282610567	26.351420772462593	0.0
237.0	26.21618844777172	23.78839334556996	23.79394703446897	26.20147117218935	0.0
238.0	26.230350354464193	23.73618866991928	23.894746487985984	26.138714487630548	0.0
239.0	26.282832714559827	23.76840006553353	23.7198052876672	26.228961932239443	0.0
240.0	26.22491030468637	23.713719217568062	23.801470669910138	26.25989980783543	0.0
241.0	26.337099994723527	23.659984059496402	23.70358439163651	26.299331554143556	0.0
242.0	26.27354481777936	23.767281937910003	23.680351498925173	26.278821745385468	0.0
243.0	26.222496264324718	23.745563017647942	23.704734447647773	26.327206270379566	0.0
244.0	26.177758890305448	23.704888800006664	23.7551628072339	26.36218950245398	0.0
245.0	26.305394910084836	23.69154958528469	23.820714099209457	26.182341405421024	0.0
246.0	26.254836980224283	23.846138888348744	23.782247692277778	26.11677643914919	0.0
247.0	26.18073323387977	23.89969080499046	23.737731514277698	26.18184444685207	0.0
248.0	26.32552764126228	23.75712249722879	23.733785987537193	26.183563873971732	0.0
249.0	26.291078507908022	23.677389422449167	23.79573886445655	26.235793205186265	0.0
