# Position (bp)	A	C	G	T	N
0.0	26.283061363130255	23.662394258605186	23.712569448946745	26.341974929317814	0.0
1.0	26.37382771869195	23.732583148465007	23.598406796765108	26.295182336077932	0.0
2.0	26.14895559738927	23.826808400311123	23.749027741768213	26.27520826053139	0.0
3.0	26.250725609653003	23.738002784086746	23.680517592159468	26.330754014100776	0.0
4.0	26.162741550998327	23.789920370589527	23.782594239406695	26.26474383900545	0.0
5.0	26.31220081201626	23.747672004034722	23.679205677915245	26.260921506033768	0.0
6.0	26.35960747963723	23.767316453342424	23.658846499519633	26.214229567500713	0.0
7.0	26.25409203342367	23.87550076347061	23.580536288800367	26.289870914305354	0.0
8.0	26.29464675574186	23.763243666562435	23.662111493291192	26.279998084404514	0.0
9.0	26.123367624026773	23.66311365505741	23.89635046365675	26.31716825725907	0.0
10.0	26.173736690890653	23.670779111035998	23.885133231930595	26.270350966142754	0.0
11.0	26.41513154188496	23.744296095994592	23.662328882879837	26.178243479240603	0.0
12.0	26.218241225846434	23.727677313954143	23.644020055208156	26.410061404991268	0.0
13.0	26.280209565658275	23.898653596980452	23.59754380034928	26.223593037011998	0.0
14.0	26.30471522731114	23.68091938482339	23.740634330460257	26.273731057405215	0.0
15.0	26.24162019041181	23.799504253281505	23.797814207650273	26.16106134865641	0.0
16.0	26.219086248662048	23.805137738718944	23.769083431919327	26.20669258069968	0.0
17.0	26.404146245281957	23.684581150357726	23.669370739676637	26.24190186468368	0.0
18.0	26.346121345276323	23.539237226071773	23.801194298912737	26.31344712973917	0.0
19.0	26.18049687341558	23.713875274632414	23.845417159596643	26.26021069235536	0.0
20.0	26.123316996225565	23.85921919891837	23.691059658610783	26.32640414624528	0.0
21.0	26.344431299645088	23.722325502788575	23.65303363190806	26.280209565658275	0.0
22.0	26.279082868570786	23.742042701819617	23.71190355472931	26.26697087488029	0.0
23.0	26.136837361275422	23.69472142414512	23.828516703284322	26.339924511295138	0.0
24.0	26.202749140893474	23.80006760182525	23.74260605036336	26.254577206917922	0.0
25.0	26.29288490789251	23.643456706664413	23.694439749873247	26.369218635569823	0.0
26.0	26.374570446735397	23.70908681201059	23.605712354233567	26.31063038702045	0.0
27.0	26.163033068559514	23.816404709593826	23.750492929975774	26.27006929187088	0.0
28.0	26.259083995267872	23.733592473663457	23.6797926877359	26.32753084333277	0.0
29.0	26.15204777195651	23.789645653765984	23.78880063095037	26.269505943327136	0.0
30.0	26.321334009351588	23.74852121007267	23.679229339192158	26.250915441383583	0.0
31.0	26.359849135684932	23.778875052461686	23.644516803231358	26.216759008622027	0.0
32.0	26.26239011213421	23.872953994270762	23.583957005360247	26.28069888823478	0.0
33.0	26.297806896474018	23.758527640540585	23.66839238131721	26.27527308166818	0.0
34.0	26.125704885894397	23.665857327151556	23.899363983077105	26.30907380387694	0.0
35.0	26.177250987262763	23.66895572668736	23.878238531696628	26.27555475435325	0.0
36.0	26.42850302234791	23.726980299812407	23.652055365582978	26.192461312256704	0.0
37.0	26.21696683585806	23.71909346463036	23.661068891505316	26.402870808006263	0.0
38.0	26.295835187678513	23.893730529375645	23.59205908366242	26.21837519928342	0.0
39.0	26.294426824253147	23.690644523437985	23.73374044425416	26.28118820805471	0.0
40.0	26.257246029823506	23.782469818771794	23.801060215986613	26.159223935418087	0.0
41.0	26.222036944189377	23.801905234041833	23.78077978266136	26.195278039107432	0.0
42.0	26.413292697353967	23.668674054002288	23.6779692526097	26.240063996034046	0.0
43.0	26.343156198770778	23.544174727200005	23.81007374190895	26.302595332120266	0.0
44.0	26.19640472984773	23.709234920652804	23.84866289976396	26.245697449735513	0.0
45.0	26.130774994225707	23.86837998771907	23.682194342885794	26.318650675169426	0.0
46.0	26.344001216826	23.73205040814372	23.65036532947254	26.273583045557743	0.0
47.0	26.285976643700952	23.742472297491425	23.705573175746856	26.26597788306077	0.0
48.0	26.14204190162863	23.692052886863348	23.833734247455087	26.33217096405293	0.0
49.0	26.20231985623426	23.790638326638913	23.747260733137665	26.259781083989157	0.0
50.0	26.294426824253147	23.643041839660643	23.702756448896125	26.359774887190092	0.0
51.0	26.37780193903476	23.70585484843193	23.603889336435486	26.31245387609782	0.0
52.0	26.152745463661407	23.812327123389537	23.763034403501752	26.2718930094473	0.0
53.0	26.267386246486137	23.722191864166163	23.67965928872014	26.330762600627565	0.0
54.0	26.160913971528526	23.781624800716575	23.78669490904789	26.27076631870701	0.0
55.0	26.319214020539572	23.753739204894345	23.684166051681306	26.24288072288478	0.0
56.0	26.36646076451385	23.767755891871793	23.642693571965758	26.2230897716486	0.0
57.0	26.26787560242576	23.8604259442346	23.593964334705074	26.277734118634566	0.0
58.0	26.291180314570283	23.751352021271803	23.684877642074902	26.272590022083016	0.0
59.0	26.14499301455676	23.660653927621794	23.885145792960476	26.309207264860966	0.0
60.0	26.183863626121052	23.67304745594664	23.880639055387803	26.2624498625445	0.0
61.0	26.423284059669207	23.726283293523817	23.655302176754248	26.19513047005273	0.0
62.0	26.226677633061428	23.711073054216055	23.669385731668847	26.39286358105368	0.0
63.0	26.301038803010503	23.898102663481904	23.585729415476138	26.215129118031456	0.0
64.0	26.29371535445491	23.681215917797108	23.746281941502545	26.27878678624544	0.0
65.0	26.256816440578667	23.777547433412952	23.811347965207986	26.154288160800398	0.0
66.0	26.226677633061428	23.79613772590022	23.778392446707826	26.198792194330522	0.0
67.0	26.39821533192122	23.67163910045518	23.689947721844156	26.240197845779438	0.0
68.0	26.332022623822617	23.54432376402722	23.815573031682366	26.308080580467802	0.0
69.0	26.190623732480056	23.708819685429717	23.842613457118393	26.257943124971835	0.0
70.0	26.132881157330207	23.85951372301591	23.69022939294245	26.317375726711433	0.0
71.0	26.352866285096223	23.71783316057506	23.65558384785254	26.27371670647618	0.0
72.0	26.276251746360806	23.73783180855379	23.72656496462211	26.259351480463295	0.0
73.0	26.145274685655057	23.700932894677543	23.830501599891836	26.323290819775565	0.0
74.0	26.201890576411735	23.80317950335752	23.74994366578034	26.244986254450403	0.0
75.0	26.289208616882238	23.647697057100363	23.709946369822884	26.353147956194512	0.0
76.0	26.37173824868178	23.710791383117762	23.6150232096985	26.302447158501963	0.0
77.0	26.162738293749154	23.806277885438732	23.76571724728469	26.265266573527423	0.0
78.0	26.254281400694033	23.728818333408448	23.692201090630494	26.324699175267025	0.0
79.0	26.166118346928656	23.786560908558293	23.78036414439587	26.266956600117176	0.0
80.0	26.316812384514847	23.733888413177702	23.700932894677543	26.248366307629905	0.0
81.0	26.362932187874094	23.77269206393916	23.64650376734033	26.217871980846418	0.0
82.0	26.265755932680797	23.874375044010986	23.580592915991833	26.279276107316385	0.0
83.0	26.305397351179916	23.73600806701481	23.686152563474224	26.27244201833105	0.0
84.0	26.13414228817044	23.66643569766721	23.88078619594058	26.318635818221765	0.0
85.0	26.19413789412606	23.669815731805556	23.87177277157166	26.26427360249672	0.0
86.0	26.429895275275612	23.726149634111305	23.65150721355619	26.19244787705689	0.0
87.0	26.23526164280926	23.721642921926843	23.662210654994283	26.380884780269614	0.0
88.0	26.289623858534306	23.897968036143833	23.584188200300822	26.22821990502104	0.0
89.0	26.295820587787937	23.679110825686006	23.746429838941374	26.278638747584683	0.0
90.0	26.25610518666239	23.7917786302975	23.812058835127566	26.14005734791255	0.0
91.0	26.216953124559893	23.80276374124712	23.77572346814036	26.204559666052628	0.0
92.0	26.407080044841784	23.668125714736384	23.688124250054926	26.236669990366902	0.0
93.0	26.335535988913488	23.53630438334094	23.809523809523807	26.318635818221765	0.0
94.0	26.191602868522306	23.70502442074665	23.848675871626305	26.254696839104742	0.0
95.0	26.1347056271935	23.841070794815028	23.706432768304293	26.31779080968718	0.0
96.0	26.358351219347316	23.71572786218474	23.65178888306772	26.27413203540022	0.0
97.0	26.284553807326787	23.737416414572454	23.71741787925391	26.260611898846847	0.0
98.0	26.1552675015351	23.694884318331617	23.83374738751528	26.31610079261801	0.0
99.0	26.196109580706768	23.79628534248196	23.74727484747596	26.260330229335317	0.0
100.0	26.291877214626535	23.644183806256443	23.71741787925391	26.346521099863107	0.0
101.0	26.389616535127004	23.709249463419578	23.608411778292293	26.292722223161118	0.0
102.0	26.166815951507775	23.80586210587394	23.76248500109851	26.264836941519775	0.0
103.0	26.258921881777674	23.721924591438373	23.695729326866203	26.32342419991775	0.0
104.0	26.17019598564612	23.772906773025074	23.789806943716798	26.267090297612008	0.0
105.0	26.32821258161374	23.74051477919927	23.69347597077397	26.237796668413015	0.0
106.0	26.37517709920654	23.765234756793145	23.654257281840536	26.20533086215978	0.0
107.0	26.26870632374439	23.86184712711991	23.589191807947003	26.280254741188696	0.0
108.0	26.29510911815406	23.74404272339083	23.688554142208503	26.272294016246605	0.0
109.0	26.13005171423099	23.668837387473666	23.8888200367295	26.312290861565845	0.0
110.0	26.20863706524556	23.673907410119767	23.86234325179986	26.25511227283482	0.0
111.0	26.43059138997488	23.721790957332942	23.66179568935408	26.185821963338103	0.0
112.0	26.22469213695821	23.719819281859458	23.687990806358936	26.367497774823395	0.0
113.0	26.296235789853196	23.89304505560125	23.596730398729115	26.21398875581644	0.0
114.0	26.296235789853196	23.6784140969163	23.749957749811283	26.275392363419225	0.0
115.0	26.262153970954405	23.77108284417004	23.82347307817975	26.14329010669581	0.0
116.0	26.223847133183863	23.785166240409207	23.791081266829657	26.199905359577276	0.0
117.0	26.404959608819585	23.65926067803103	23.69418750070417	26.241592212445212	0.0
118.0	26.328064265353717	23.537298466599818	23.815023040436248	26.319614227610217	0.0
119.0	26.203285374674675	23.70770756109377	23.846569848011985	26.242437216219567	0.0
120.0	26.145543450094078	23.833331455547167	23.704609213921156	26.316515880437603	0.0
121.0	26.355949389907273	23.71728427053641	23.65109230821231	26.275674031344003	0.0
122.0	26.282152393614023	23.72066428563381	23.730522663001228	26.26666065775094	0.0
123.0	26.142445102921457	23.68911747805807	23.83586646687022	26.332570952150252	0.0
124.0	26.19370866523204	23.794179614002275	23.750239417736065	26.26187230302962	0.0
125.0	26.29426411437971	23.638135583672273	23.729677659226876	26.33792264272114	0.0
126.0	26.38890453710693	23.703764210146804	23.617573825163085	26.289757427583176	0.0
127.0	26.157936838784547	23.80460132721926	23.77051950832047	26.266942325675725	0.0
128.0	26.261027299255268	23.71334091958944	23.703764210146804	26.321867571008482	0.0
129.0	26.17145689917415	23.78037788568789	23.792489606453575	26.25567560868439	0.0
130.0	26.332570952150252	23.726015976204692	23.69249749315547	26.248915578489584	0.0
131.0	26.36982539356162	23.772558143465144	23.650877257222692	26.20673920575055	0.0
132.0	26.265326299126546	23.87001551994637	23.60158523154577	26.263072949381318	0.0
133.0	26.289905528045832	23.7447398218722	23.69403930979703	26.271315340284936	0.0
134.0	26.128508897939867	23.66277399401734	23.89346132395937	26.31525578408342	0.0
135.0	26.207376361167917	23.66052063792511	23.87149110206013	26.260611898846847	0.0
136.0	26.429895275275612	23.71347450609251	23.67206908789779	26.184561130734085	0.0
137.0	26.23139215548201	23.71466798112809	23.695514400394337	26.358425462995566	0.0
138.0	26.296250394339538	23.877540673306594	23.607418090044614	26.218790842309254	0.0
139.0	26.29371535445491	23.677554193519313	23.760647167515437	26.26808328451034	0.0
140.0	26.26751994231376	23.75529541664789	23.829938257695254	26.1472463833431	0.0
141.0	26.21738248681779	23.78177249988733	23.796419396998512	26.204425616296362	0.0
142.0	26.408073820361437	23.658963901032042	23.68741268195953	26.24554959664699	0.0
143.0	26.332585966019202	23.54460543512551	23.80881292532336	26.31399567353193	0.0
144.0	26.195975483347606	23.695581143809996	23.85697868313128	26.251464689711117	0.0
145.0	26.151263439270135	23.828315348583047	23.703816372460377	26.31660483968644	0.0
146.0	26.364489061272085	23.71818163893607	23.655650478983052	26.261678820808793	0.0
147.0	26.28252254079313	23.71789996704439	23.73226523352008	26.2673122586424	0.0
148.0	26.151826783053494	23.6877610746346	23.8404272399253	26.319984902386608	0.0
149.0	26.193588002996997	23.793455053489645	23.755710913689857	26.257246029823506	0.0
150.0	26.301750314065043	23.635155004478595	23.721628518796017	26.341466162660343	0.0
151.0	26.389350519122758	23.707263211857292	23.615719589208556	26.287666679811394	0.0
152.0	26.16513906180462	23.79401839885979	23.782751491456867	26.25809104787872	0.0
153.0	26.272174682132377	23.710079938708024	23.701348085470762	26.316397293688844	0.0
154.0	26.172180878931446	23.771484584053944	23.794581744229934	26.26175279278467	0.0
155.0	26.335551036273806	23.720501828055728	23.698249685934954	26.245697449735513	0.0
156.0	26.362947543948106	23.765918072452052	23.6450801501883	26.226054233411546	0.0
157.0	26.257038316043275	23.862532075567362	23.6166311288628	26.263798479526564	0.0
158.0	26.28837811954256	23.73584586783843	23.705706720748125	26.27006929187088	0.0
159.0	26.149794377781532	23.653878654723677	23.898090248436706	26.29823671905808	0.0
160.0	26.21119936904963	23.647681820742495	23.88851332319306	26.25260548701482	0.0
161.0	26.44104557489719	23.70429834938877	23.671905808123487	26.18275026759056	0.0
162.0	26.23690563040288	23.708026894335234	23.701266692768556	26.35380078249333	0.0
163.0	26.305426767093497	23.86695885842408	23.609507123582464	26.21810725089995	0.0
164.0	26.298666546484966	23.6742925710809	23.759640356263624	26.267400526170505	0.0
165.0	26.271343988192147	23.755415218383295	23.826397534772884	26.146843258651675	0.0
166.0	26.22852925767144	23.781611073241358	23.792033080012846	26.197826589074356	0.0
167.0	26.405703372786732	23.66246218501597	23.69231982603699	26.23951461616031	0.0
168.0	26.33697446326665	23.541341565779764	23.814848824566642	26.30683514638694	0.0
169.0	26.202333402813377	23.694009881189125	23.855691824076526	26.247964891920972	0.0
170.0	26.15057870468175	23.8422385406896	23.708442130940206	26.298740623688445	0.0
171.0	26.36268122371605	23.70365362785444	23.663092189951467	26.270572958478045	0.0
172.0	26.28916361751691	23.725061053414343	23.73182129306484	26.253954036003908	0.0
173.0	26.157620620984346	23.686189675423993	23.84280189399381	26.31338780959785	0.0
174.0	26.204171079613314	23.779773305991842	23.76456272393357	26.251492890461275	0.0
175.0	26.31092683146675	23.628230840300155	23.713297428848275	26.34754489938482	0.0
176.0	26.400218581697725	23.701466976136288	23.625414065844918	26.27290037632107	0.0
177.0	26.177411722288575	23.798082339950877	23.775829821754513	26.24867611600604	0.0
178.0	26.268675214638215	23.701466976136288	23.71667755819456	26.31318025103094	0.0
179.0	26.18670707799085	23.767379498388806	23.798082339950877	26.24783108366947	0.0
180.0	26.335714446672824	23.720902719877415	23.698931879126576	26.244450954323185	0.0
181.0	26.36254806134952	23.770544906553244	23.661817106319454	26.205089925777784	0.0
182.0	26.25691872174415	23.868568933707028	23.611115023308873	26.263397321239946	0.0
183.0	26.286850659410614	23.745542429312646	23.697938672841072	26.269668238435667	0.0
184.0	26.14685618031965	23.647236447013356	23.899057501957667	26.306849870709325	0.0
185.0	26.210797320669045	23.64610973088385	23.89229720518064	26.250795743266465	0.0
186.0	26.434450472375737	23.703008895423842	23.67427763412147	26.188262998078947	0.0
187.0	26.237349054823344	23.7027939821922	23.696315346198592	26.363541616785863	0.0
188.0	26.31094160197402	23.86708054938988	23.599765641724787	26.222212206911315	0.0
189.0	26.300519419061892	23.682861424402553	23.760605275314635	26.25601388122092	0.0
190.0	26.271787995898734	23.749619731164017	23.826236859599113	26.152355413338142	0.0
191.0	26.23038094486947	23.782576363615878	23.798632158912937	26.188410532601715	0.0
192.0	26.406431331898638	23.660890336101314	23.68652327245276	26.246155059547284	0.0
193.0	26.34389823442588	23.539485989206	23.805674174394102	26.31094160197402	0.0
194.0	26.198551034894596	23.68680495307201	23.863982062578167	26.25066194945523	0.0
195.0	26.15271076107501	23.849965212345534	23.69166025841453	26.305663768164926	0.0
196.0	26.363971820591477	23.704899284810892	23.666027249859862	26.265101644737772	0.0
197.0	26.28876288340361	23.720673443921456	23.740672824222347	26.249890848452583	0.0
198.0	26.14904890271006	23.68151972755774	23.847148398218646	26.322282971513562	0.0
199.0	26.206304047773305	23.777640066477	23.757922312047548	26.258133573702146	0.0
200.0	26.311089828455536	23.629193543843837	23.719050167600912	26.340666460099715	0.0
201.0	26.393904397059238	23.707501197149377	23.613419340300272	26.285175065491114	0.0
202.0	26.18025509284298	23.78650621957815	23.773830448891292	26.25940823868758	0.0
203.0	26.268140436271857	23.70256444925185	23.722282314764737	26.307012799711554	0.0
204.0	26.187726404624144	23.76635887844149	23.795654157957895	26.250260558976468	0.0
205.0	26.3330760606863	23.723261015306786	23.69847270186983	26.245190222137087	0.0
206.0	26.361037168490586	23.77093280376333	23.666708919592683	26.201321108153408	0.0
207.0	26.255404853452767	23.858255517527923	23.61065337107928	26.275686257940027	0.0
208.0	26.290971369336685	23.742267692758393	23.707056821894966	26.259704116009964	0.0
209.0	26.15266306858514	23.64536737614224	23.90930806413449	26.29266149113813	0.0
210.0	26.210288508667656	23.638443033481877	23.899007881734544	26.252260576115923	0.0
211.0	26.44212080068057	23.706612431619334	23.665203747626748	26.18606302007335	0.0
212.0	26.23430620540455	23.700763668425367	23.702172131032093	26.362757995137986	0.0
213.0	26.32044485258906	23.86885412147811	23.604060913705585	26.206640112227248	0.0
214.0	26.306078412592885	23.68490735054677	23.753640906606872	26.255373330253466	0.0
215.0	26.27734553260055	23.754485991312528	23.831670394429203	26.136498081657717	0.0
216.0	26.24748587300067	23.77223277013133	23.79279649796898	26.187484858899023	0.0
217.0	26.417629593739612	23.645751759184662	23.701527349758024	26.2350912973177	0.0
218.0	26.34185366513237	23.53814430666434	23.808853107376464	26.31114892082683	0.0
219.0	26.210168116464594	23.68166043178438	23.859129219813404	26.24904223193762	0.0
220.0	26.14826854765332	23.84736514446845	23.70820668693009	26.296159620948135	0.0
221.0	26.36940091438938	23.710178567907356	23.666515489125075	26.25390502857819	0.0
222.0	26.291089069863744	23.713558935296952	23.73524962604686	26.26010236879245	0.0
223.0	26.150535090017378	23.683684191252073	23.85016916112421	26.31561155760633	0.0
224.0	26.203152818155186	23.773184143510694	23.765296464065987	26.258366574268138	0.0
225.0	26.31611565591689	23.624163342573187	23.728393392378248	26.331327609131677	0.0
226.0	26.409077592229508	23.697406080274042	23.621346314200075	26.272170013296375	0.0
227.0	26.18737745926577	23.78135352579271	23.777409686070357	26.253859328871158	0.0
228.0	26.277804070042592	23.695152457575553	23.718815495909677	26.308227976472182	0.0
229.0	26.194420030198547	23.767831789601786	23.79205823361053	26.245689946589142	0.0
230.0	26.347533114355095	23.716977198843885	23.707399248412596	26.228090438388424	0.0
231.0	26.374651037661174	23.764088782216515	23.651688400224238	26.209571779898077	0.0
232.0	26.256898256526405	23.851980810240548	23.622391057549557	26.268729875683487	0.0
233.0	26.285142824947883	23.73429488985295	23.714857175052114	26.265705110147053	0.0
234.0	26.149507856824926	23.640619982083397	23.91274952250562	26.29712263858605	0.0
235.0	26.203179933291267	23.651458126746597	23.898235373659062	26.247126566303074	0.0
236.0	26.43446317497521	23.698785269990083	23.677938790228072	26.188812764806634	0.0
237.0	26.235650397915343	23.687865342629763	23.71350095077118	26.362983308683713	0.0
238.0	26.309250818369794	23.85752195935477	23.617222669829342	26.216004552446094	0.0
239.0	26.300799495174292	23.689058916991105	23.765120825750618	26.245020762083982	0.0
240.0	26.289944979251008	23.744284518969906	23.825421107345395	26.14034939443369	0.0
241.0	26.240741105967675	23.780249007547987	23.794336332055146	26.184673554429196	0.0
242.0	26.41101139741621	23.649990842619857	23.70155393696905	26.237443822994887	0.0
243.0	26.353830287250414	23.5365558129181	23.807913616356984	26.301700283474506	0.0
244.0	26.19860794093612	23.692338039281992	23.867895285597545	26.24115873418435	0.0
245.0	26.15165230330461	23.844402234259015	23.701238311567533	26.302707150868848	0.0
246.0	26.380093175841925	23.71051793479946	23.658377793372846	26.25101109598577	0.0
247.0	26.302853325591425	23.708280366087056	23.739003717807424	26.249862590514095	0.0
248.0	26.14507152644251	23.677874449525508	23.865078067291805	26.311975956740174	0.0
249.0	26.18912693512418	23.77690002340052	23.78761351365829	26.246359527817013	0.0
