# Position (bp)	A	C	G	T	N
0.0	26.290461756311263	23.867734584153816	23.755724937495852	26.086078722039076	0.0
1.0	26.244551629532936	23.784487908489503	23.72530256432949	26.245657897648073	0.0
2.0	26.16906947352119	23.81198647090221	23.768843804187604	26.250100251389004	0.0
3.0	26.192161764543215	23.79705319513733	23.723217149873346	26.287567890446113	0.0
4.0	26.26240560128971	23.6697075195434	23.795526379099137	26.272360500067748	0.0
5.0	26.18872494801575	23.71283679157634	23.79772596557979	26.30071229482812	0.0
6.0	26.197724413476557	23.793289369997098	23.84941866091549	26.159567555610856	0.0
7.0	26.350787164273193	23.786904373503504	23.63455891704776	26.227749545175545	0.0
8.0	26.2215672667251	23.755622955760092	23.760599634490596	26.262210143024216	0.0
9.0	26.305079872381132	23.652896583375266	23.762378974957286	26.27964456928632	0.0
10.0	26.215522079415678	23.8238733595601	23.706378190684983	26.254226370339246	0.0
11.0	26.25367345189748	23.76941089304622	23.599941390645174	26.37697426441113	0.0
12.0	26.14944832562473	23.78102218032329	23.666844522098767	26.40268497195321	0.0
13.0	26.243444460724817	23.817238338258914	23.736235786540306	26.20308141447596	0.0
14.0	26.216627916299206	23.75558793200209	23.760287738757093	26.26749641294161	0.0
15.0	26.149724784845613	23.927822026611963	23.686749586002318	26.235703602540106	0.0
16.0	26.28961315061222	23.75558793200209	23.879165203736623	26.075633713649065	0.0
17.0	26.313112184387244	23.75669376888562	23.75558793200209	26.174606114725048	0.0
18.0	26.201975577592428	23.838525698266878	23.787104283182707	26.172394440957987	0.0
19.0	26.159400857576504	23.742594348620607	23.75890544265268	26.339099351150207	0.0
20.0	26.222986478379507	23.749505829142674	23.78738074240359	26.240126950074227	0.0
21.0	26.304541948539878	23.687578963664965	23.755035013560324	26.252844074234833	0.0
22.0	26.223539396821273	23.67347954339995	23.839631535150406	26.26334952462837	0.0
23.0	26.255812539049757	23.651573877993354	23.804731862942955	26.287881720013935	0.0
24.0	26.338677260525433	23.775361537547102	23.722281660626066	26.1636795413014	0.0
25.0	26.29333819898872	23.86659257600513	23.753521379855634	26.086547845150516	0.0
26.0	26.252422460528752	23.785590472162095	23.717028964472423	26.244958102836733	0.0
27.0	26.158150387455454	23.803283764469104	23.782549437546823	26.256016410528616	0.0
28.0	26.178055341300844	23.790290252931143	23.72642852601052	26.305225879757494	0.0
29.0	26.24689330668281	23.664778460628277	23.811853952930313	26.2764742797586	0.0
30.0	26.193813429761775	23.70873523370351	23.79499003370019	26.302461302834523	0.0
31.0	26.202660075915286	23.783378810623717	23.845305333698256	26.168655779762744	0.0
32.0	26.339506633602326	23.78089069139304	23.655655356782475	26.22394731822216	0.0
33.0	26.223670860529857	23.76513260293211	23.74992742985577	26.26126910668226	0.0
34.0	26.30577879514209	23.66090805293612	23.753521379855634	26.27979177206616	0.0
35.0	26.205148195145956	23.83120599139111	23.710946895241886	26.25269891822105	0.0
36.0	26.250210798990377	23.774532164470212	23.589858426015773	26.385398610523637	0.0
37.0	26.147921452840468	23.77923194523926	23.671966360628	26.400880241292274	0.0
38.0	26.251593087451862	23.822912260622196	23.72753435677971	26.197960295146235	0.0
39.0	26.207636314376632	23.767620722162782	23.76153865293225	26.263204310528337	0.0
40.0	26.139351264379258	23.926583895233595	23.69463589139636	26.23942894899079	0.0
41.0	26.295549860527096	23.74633347985591	23.882074206773765	26.07604245284323	0.0
42.0	26.307990456680464	23.756285956778605	23.756285956778605	26.17943762976233	0.0
43.0	26.21399484129946	23.832588279852594	23.784484641392904	26.16893223745504	0.0
44.0	26.16506182976288	23.734445799087137	23.759050533701576	26.341441837448404	0.0
45.0	26.226711895145126	23.74992742985577	23.786972760623577	26.236387914375527	0.0
46.0	26.304120048988306	23.68302466831988	23.76319739908603	26.24965788360578	0.0
47.0	26.216482960530136	23.681089464473803	23.84254075677529	26.259886818220775	0.0
48.0	26.25290279774411	23.65310184673228	23.799624018577905	26.294371336945705	0.0
49.0	26.33051440198385	23.781588572408015	23.723532778025053	26.164364247583084	0.0
50.0	26.291534082898142	23.872819106438385	23.757536886163646	26.07810992449982	0.0
51.0	26.248959833683973	23.786841239518854	23.721321128715225	26.24287779808195	0.0
52.0	26.156899931162414	23.802322784687647	23.778824010770734	26.261953273379206	0.0
53.0	26.176804774950863	23.776888817624634	23.740396604012485	26.30590980341202	0.0
54.0	26.237072218643654	23.66741217678819	23.813381031236784	26.28213457333138	0.0
55.0	26.19118049546474	23.701692741090508	23.811722294254412	26.29540446919034	0.0
56.0	26.196986074903034	23.774400712151078	23.85319071881367	26.175422494132217	0.0
57.0	26.341849104696713	23.778547554607005	23.650548350800754	26.229054989895527	0.0
58.0	26.23154309536908	23.751178394397893	23.750625482070436	26.26665302816259	0.0
59.0	26.3144799444876	23.652760000110582	23.751178394397893	26.281581661003923	0.0
60.0	26.211638251580638	23.821398259984903	23.71358035613083	26.253383132303625	0.0
61.0	26.260570992560567	23.76693639573041	23.578116835903913	26.394375775805106	0.0
62.0	26.16242905443698	23.769977413531425	23.667965089115643	26.39962844291595	0.0
63.0	26.253936044631082	23.819463066838807	23.730444182118262	26.19615670641185	0.0
64.0	26.22380232278469	23.752837131380264	23.75643106150873	26.26692948432632	0.0
65.0	26.146671053104463	23.91014068854172	23.69809881096204	26.245089447391774	0.0
66.0	26.29457510069916	23.74647863961451	23.883600896823793	26.07534536286254	0.0
67.0	26.303974610265925	23.7619601847833	23.759748535473474	26.174316669477303	0.0
68.0	26.21799674334639	23.842408928428263	23.778547554607005	26.16104677361834	0.0
69.0	26.169340458530193	23.738461410866385	23.75670751767246	26.33549061293096	0.0
70.0	26.233201832351455	23.740120147848756	23.7882235203375	26.238454499462293	0.0
71.0	26.30812145272185	23.685381827430533	23.76223664094703	26.244260078900588	0.0
72.0	26.216614462527748	23.68123498497461	23.845173490065548	26.256977062432096	0.0
73.0	26.258839661397428	23.65186524458009	23.800874704883864	26.288420389138622	0.0
74.0	26.330921727399144	23.78643326523334	23.718425424979888	26.164219582387627	0.0
75.0	26.29885298971865	23.86328765381245	23.743582796780963	26.09427655968794	0.0
76.0	26.25710833980698	23.782009991070517	23.70736723957282	26.253514429549686	0.0
77.0	26.15564948869715	23.804679271155	23.777863171542865	26.26180806860498	0.0
78.0	26.170025129726337	23.784498082787106	23.739712431888492	26.305764355598065	0.0
79.0	26.22890996701896	23.66313449794456	23.827072096604308	26.280883438432173	0.0
80.0	26.19462959225706	23.70985533128941	23.809378999953	26.286136076500526	0.0
81.0	26.200158684960588	23.778692535448396	23.854994014757146	26.166154764833866	0.0
82.0	26.339768275724794	23.774545715920745	23.652076312537496	26.233609695816966	0.0
83.0	26.219234054787783	23.753811618282498	23.757405528539792	26.26954879838993	0.0
84.0	26.305764355598065	23.657052495970674	23.758787801715677	26.278395346715584	0.0
85.0	26.204029049853066	23.822372367806306	23.72395451768342	26.24964406465721	0.0
86.0	26.26263743251051	23.76127589343227	23.58323910837851	26.39284756567871	0.0
87.0	26.162560854576565	23.767081440770976	23.670875227729507	26.399482476922948	0.0
88.0	26.265678433497452	23.828730824415366	23.716490242533652	26.189100499553525	0.0
89.0	26.225039602126486	23.755470346093556	23.76182880270262	26.257661249077337	0.0
90.0	26.136574118869966	23.9100084871573	23.697967781976818	26.255449611995918	0.0
91.0	26.293600351650298	23.749111889484496	23.887339207072817	26.069948551792393	0.0
92.0	26.310187629760897	23.756299709999087	23.76293462124333	26.170578038996688	0.0
93.0	26.209834597191772	23.848912012783263	23.783392264246398	26.157861125778563	0.0
94.0	26.17417194925399	23.734183339184955	23.76431689441921	26.327327817141843	0.0
95.0	26.23665069680391	23.735289157725664	23.786986174503692	26.24107397096673	0.0
96.0	26.313505085383014	23.68856832438081	23.759617165621208	26.238309424614968	0.0
97.0	26.227804148478256	23.675298501892332	23.835365735659607	26.261531613969808	0.0
98.0	26.256206389401864	23.643993763200672	23.799637292521368	26.300162554876096	0.0
99.0	26.335199391803165	23.774414264980305	23.71967654986523	26.170709793351303	0.0
100.0	26.295666597553392	23.864537977745528	23.745939594996198	26.093855829704886	0.0
101.0	26.25585735019697	23.785472389245975	23.704471628999933	26.254198631557124	0.0
102.0	26.152463888312944	23.801783122537838	23.778008155366646	26.26774483378257	0.0
103.0	26.17153915267123	23.778008155366646	23.748427672955973	26.30202501900615	0.0
104.0	26.2229594305066	23.668532725136497	23.8299813394153	26.278526504941603	0.0
105.0	26.18646762042988	23.710830050452692	23.823622917962542	26.279079411154882	0.0
106.0	26.204713525468243	23.77358490566038	23.851544681733362	26.17015688713802	0.0
107.0	26.347086875388765	23.770267468380677	23.655262976017692	26.22738268021287	0.0
108.0	26.21991844633354	23.757550625475155	23.755062547515376	26.26746838067593	0.0
109.0	26.305066003179213	23.662450756790378	23.749533485382543	26.282949754647866	0.0
110.0	26.209136775174514	23.82058193378948	23.719400096758587	26.25088119427742	0.0
111.0	26.273273895915406	23.748980579169256	23.59499619876978	26.382749326145554	0.0
112.0	26.163798465685257	23.766950031100976	23.675996959015826	26.39325454419794	0.0
113.0	26.259174787476674	23.827769714562166	23.72437625267814	26.18867924528302	0.0
114.0	26.218812633906975	23.763909046927914	23.76307968760799	26.254198631557124	0.0
115.0	26.147211279286754	23.907664662381645	23.695625129587395	26.249498928744213	0.0
116.0	26.299536941046377	23.734052111410602	23.889695210449926	26.0767157370931	0.0
117.0	26.31446540880503	23.757827078581794	23.762250328288065	26.16545718432511	0.0
118.0	26.213560024880778	23.83606330776142	23.788789826525676	26.161586840832125	0.0
119.0	26.166010090538393	23.732669845877393	23.775796530513514	26.325523533070704	0.0
120.0	26.240099523118392	23.737646001796943	23.789895638952245	26.23235883613242	0.0
121.0	26.31695348676481	23.67820858386896	23.760591609648213	26.244246319718016	0.0
122.0	26.226276867786304	23.672955974842765	23.841592369894258	26.259174787476674	0.0
123.0	26.253994758434608	23.645928940297022	23.806548639294046	26.293527661974323	0.0
124.0	26.331474636669494	23.781457081800163	23.722572244507536	26.164496037022804	0.0
125.0	26.30217044534077	23.86549929089386	23.739159522618138	26.093170741147233	0.0
126.0	26.25710833980698	23.783392264246398	23.707090784937645	26.252408611008978	0.0
127.0	26.154820124791623	23.803849907249468	23.773716352015217	26.26761361594369	0.0
128.0	26.169472220455987	23.77841608081322	23.75270579974179	26.299405898989004	0.0
129.0	26.23333324118179	23.668940045283268	23.825136914158072	26.27258979937687	0.0
130.0	26.202093867406827	23.70017941905823	23.817949093643477	26.279777619891465	0.0
131.0	26.211289332691955	23.76825296774871	23.851189587583836	26.169268111975498	0.0
132.0	26.35062285401496	23.769911700145414	23.6562885309713	26.223176914868322	0.0
133.0	26.224006281066675	23.755536019373995	23.7594063949663	26.261051304593032	0.0
134.0	26.310536821094654	23.656012075571848	23.758300573368498	26.275150529965003	0.0
135.0	26.216265529882065	23.809721277666274	23.71683226345094	26.25718092900072	0.0
136.0	26.26049839379413	23.754983108575093	23.59685062008946	26.387667877541315	0.0
137.0	26.172032665969997	23.76770005694981	23.67674623053063	26.383521046549564	0.0
138.0	26.25441637500622	23.82160885984264	23.737842873809168	26.18613189134197	0.0
139.0	26.21737135147987	23.761065127363	23.769358789346516	26.252204731810618	0.0
140.0	26.149086867815612	23.910903953865123	23.692504188299303	26.24750499001996	0.0
141.0	26.301966703711688	23.7259552916328	23.898187005490403	26.073890999165105	0.0
142.0	26.310813276494105	23.749730455985535	23.766317779952562	26.173138487567797	0.0
143.0	26.214883252884814	23.841790104002524	23.78677547951189	26.156551163600778	0.0
144.0	26.173138487567797	23.730102122624558	23.77931118372673	26.31744820608091	0.0
145.0	26.235893863243042	23.74530716959433	23.795898507693757	26.222900459468875	0.0
146.0	26.323253769469375	23.676469775131178	23.7594063949663	26.240870060433153	0.0
147.0	26.22518460360333	23.6723883877353	23.84849096403029	26.253936044631082	0.0
148.0	26.2656198164326	23.64508459581997	23.800453389361937	26.288842198385492	0.0
149.0	26.330936445141116	23.781443606777636	23.72089937216458	26.166720575916663	0.0
150.0	26.298037979757765	23.85912821831311	23.740804326009968	26.102029475919153	0.0
151.0	26.257398698990098	23.774255706777915	23.71813479524161	26.250210798990377	0.0
152.0	26.17086744130112	23.79333128754641	23.77923194523926	26.25656932591321	0.0
153.0	26.174184933608686	23.771214672162646	23.755180126009417	26.299420268219254	0.0
154.0	26.226158979760534	23.667543037551248	23.827059126006652	26.27923885668157	0.0
155.0	26.201277787453797	23.68993611062731	23.824571006775976	26.284215095142915	0.0
156.0	26.22014939814994	23.768239346673376	23.853941468215574	26.15766978696111	0.0
157.0	26.35865508490039	23.76658059593385	23.643003665839135	26.231760653326624	0.0
158.0	26.2278902349344	23.75165183927811	23.759945592975743	26.260512332811746	0.0
159.0	26.311104230367306	23.657655964038284	23.763539552911382	26.267700252683028	0.0
160.0	26.226784401108045	23.808602281335183	23.716265156834883	26.24834816072189	0.0
161.0	26.26880608650938	23.74722850397271	23.596835103588983	26.38713030592893	0.0
162.0	26.170939792877324	23.76658059593385	23.684195975870708	26.378283635318123	0.0
163.0	26.262447542007862	23.8171724934894	23.743911002493657	26.176468962009082	0.0
164.0	26.222913982715816	23.758286842236217	23.76879226358655	26.250006911461416	0.0
165.0	26.147993740980542	23.911721285642408	23.697189523330326	26.24309545004672	0.0
166.0	26.310827771910716	23.726217661272038	23.889051692202212	26.07390287461503	0.0
167.0	26.322162568630812	23.73976412564484	23.7698980974129	26.168175208311446	0.0
168.0	26.206879392233727	23.839012711559835	23.796438109245326	26.15766978696111	0.0
169.0	26.175363128182727	23.722623701336403	23.78703852172134	26.31497464875953	0.0
170.0	26.245307117699422	23.73727599953555	23.796991026158498	26.22042585660653	0.0
171.0	26.31884506715176	23.67507284680331	23.765198303650912	26.24088378239402	0.0
172.0	26.218839590066267	23.676520594829658	23.844054882684528	26.260584932419544	0.0
173.0	26.260381072443572	23.65308695219454	23.799334284355684	26.287197691006202	0.0
174.0	26.33620391744882	23.772583387473563	23.723926295564187	26.16728639951343	0.0
175.0	26.296815431018516	23.861182760918187	23.74866261372967	26.09333919433363	0.0
176.0	26.25147561740938	23.7691208223094	23.725439782368895	26.253963777912322	0.0
177.0	26.158307829688177	23.7940024273388	23.787367332664296	26.260322410308724	0.0
178.0	26.17876603826791	23.765526812694045	23.75972110485385	26.2959860441842	0.0
179.0	26.232676182498277	23.664065156629704	23.832707146273428	26.27055151459859	0.0
180.0	26.2030947187411	23.696411243167926	23.827454362989442	26.27303967510153	0.0
181.0	26.224178351837928	23.761722032998627	23.851296058742868	26.162803556420577	0.0
182.0	26.358815853496704	23.76089264387137	23.645607555182025	26.234683947449906	0.0
183.0	26.22141372141372	23.75702216127748	23.758957402574424	26.26260671473438	0.0
184.0	26.303799708055024	23.662471800769673	23.76144556995621	26.27228292121909	0.0
185.0	26.22058433228646	23.811761843676738	23.71582916795683	26.251824656079975	0.0
186.0	26.262330251691957	23.752875215641172	23.599438227097803	26.385356305569076	0.0
187.0	26.178285486796128	23.76310434821073	23.679888972442164	26.37872119255098	0.0
188.0	26.253206971292077	23.816461715397885	23.74485778741098	26.185473525899056	0.0
189.0	26.211954914033104	23.757495666405866	23.774912982535685	26.25563643702534	0.0
190.0	26.154726589606565	23.904022294164644	23.69059105524054	26.250660060988253	0.0
191.0	26.303741405383885	23.71823758877993	23.89324014608428	26.0847808597519	0.0
192.0	26.31949992950134	23.740907746282232	23.76772488381544	26.171867440400987	0.0
193.0	26.214719567387046	23.832141306962225	23.78293047726211	26.17020864838862	0.0
194.0	26.18817889518923	23.723490430152417	23.7787834972312	26.309547177427156	0.0
195.0	26.248448338305103	23.73150792487884	23.800900724062714	26.21914301275335	0.0
196.0	26.31811760282437	23.661562195024178	23.769936606498593	26.25038359565286	0.0
197.0	26.22032136419432	23.666604001017394	23.84354230484258	26.2695323299457	0.0
198.0	26.2530169446541	23.663075362102475	23.801861727862608	26.282045965380817	0.0
199.0	26.33050046170094	23.777045445748758	23.73557530148795	26.156878791062354	0.0
200.0	26.296844113296746	23.870833966906734	23.73978794874276	26.09253397105376	0.0
201.0	26.258967943489857	23.767987724803362	23.718499882500932	26.254544449205845	0.0
202.0	26.16939218423854	23.78982872783069	23.78678757551043	26.253991512420345	0.0
203.0	26.192615529229617	23.76771125641061	23.75361136838031	26.286061845979457	0.0
204.0	26.23933868760454	23.663759140736236	23.833510733885348	26.263391437773876	0.0
205.0	26.213350658685947	23.695000069117096	23.818857909069546	26.27279136312741	0.0
206.0	26.234434786455225	23.77081812752969	23.846570676575322	26.14817640943976	0.0
207.0	26.359951783779	23.768606374272885	23.635901178864486	26.23554066308363	0.0
208.0	26.227187649467375	23.754150527645763	23.76133878535033	26.25732303753653	0.0
209.0	26.303770241166045	23.65489727703269	23.76576232855314	26.275570153248122	0.0
210.0	26.21004641955648	23.820503675687927	23.724844553927138	26.244605350828447	0.0
211.0	26.258152451887057	23.753044641845058	23.606238301801767	26.38256460446612	0.0
212.0	26.190140475143835	23.76355055695174	23.67646205014639	26.36984691775804	0.0
213.0	26.250964194182487	23.822162504388984	23.750832870243656	26.176040431184873	0.0
214.0	26.22014437418959	23.76147017271267	23.77529382165834	26.243091631439402	0.0
215.0	26.15157907541906	23.906894959621123	23.700922590330634	26.240603374629178	0.0
216.0	26.295621497432947	23.719446279917832	23.916571513883092	26.068360708766132	0.0
217.0	26.305850997652747	23.749028888661567	23.765340794417458	26.17977931926823	0.0
218.0	26.20327952247587	23.838329660850597	23.78994688954075	26.168443927132785	0.0
219.0	26.17148512990083	23.730228726095458	23.786629213793788	26.311656930209924	0.0
220.0	26.234666032618463	23.739760075422247	23.80058446710921	26.224989424850083	0.0
221.0	26.310143573211832	23.668706126951562	23.769342847742724	26.25180745209388	0.0
222.0	26.21621472175529	23.666283287622754	23.858433601698664	26.259068388923296	0.0
223.0	26.25471737237175	23.661372150568848	23.79822778860642	26.285682688452976	0.0
224.0	26.33911538482806	23.76290455467882	23.736362781798977	26.161617278694145	0.0
225.0	26.28555155891875	23.869414116391525	23.73808727290824	26.106947051781482	0.0
226.0	26.264815741526654	23.757993657604654	23.714586679863864	26.26260392100483	0.0
227.0	26.172472234740514	23.77596469934447	23.79117096543201	26.260392100483003	0.0
228.0	26.17689587578416	23.762140821083072	23.75716422490897	26.3037990782238	0.0
229.0	26.233995316444148	23.66799284472105	23.833327342952963	26.264684495881845	0.0
230.0	26.205109914871617	23.694942339966104	23.8293119226739	26.27063582248838	0.0
231.0	26.22289070016921	23.773515002045986	23.859225179991373	26.14436911779343	0.0
232.0	26.352285420422245	23.77489742427091	23.636655201778346	26.23616195352849	0.0
233.0	26.22766345114368	23.751461915544827	23.769986424576217	26.250888208735272	0.0
234.0	26.313650351274458	23.651097784524016	23.764733205597167	26.27051865860436	0.0
235.0	26.220474835698663	23.815606484131134	23.709159678502996	26.254759001667203	0.0
236.0	26.257800338970867	23.747038152194047	23.60990148831988	26.3852600205152	0.0
237.0	26.181213935960496	23.76362726475947	23.68399952444544	26.371159274834593	0.0
238.0	26.24618796017507	23.825283466460963	23.74510275572808	26.183425817635886	0.0
239.0	26.220896314708263	23.757122989595807	23.768458945866662	26.253521749829268	0.0
240.0	26.162200722772305	23.904297647257252	23.687521255975867	26.245980373994577	0.0
241.0	26.30127971153953	23.724159670836514	23.896152016900597	26.078408600723364	0.0
242.0	26.312602141974235	23.742564893855306	23.764133960495425	26.18069900367504	0.0
243.0	26.201491649913027	23.842616277622763	23.787031992765748	26.168860079698465	0.0
244.0	26.17119658403301	23.733393068507393	23.791192380446684	26.30421796701291	0.0
245.0	26.24177222191493	23.721444770175342	23.817412467503736	26.219370540405997	0.0
246.0	26.29867076739259	23.673118303361527	23.77600522178769	26.25220570745819	0.0
247.0	26.21561967561348	23.663509835594006	23.855187750315316	26.265682738477196	0.0
248.0	26.262274223439274	23.661106962077834	23.79830166237933	26.278317152103558	0.0
249.0	26.33315722943388	23.769324175930564	23.73751483283499	26.160003761800578	0.0
