# Position (bp)	A	C	G	T	N
0.0	26.236453201970445	23.778465869106263	23.745249824067557	26.23983110485574	0.0
1.0	26.226600985221676	23.799859254046446	23.732019704433498	26.241520056298384	0.0
2.0	26.212966455193843	23.862184268448516	23.68936575040953	26.235483525948112	0.0
3.0	26.206914020832688	23.794633936286086	23.72370935557138	26.27474268730985	0.0
4.0	26.180559464175158	23.844768390836947	23.722631845556368	26.252040299431528	0.0
5.0	26.320543412196386	23.639218422889044	23.80017108254733	26.24006708236724	0.0
6.0	26.220629074508107	23.81440079232213	23.745466516230504	26.21950361693926	0.0
7.0	26.26076485697968	23.769760774703958	23.767510036883966	26.201964331432396	0.0
8.0	26.204991292947994	23.734945521143086	23.86154240010803	26.198520785800895	0.0
9.0	26.17904292517983	23.812095791875187	23.78902832516126	26.219832957783723	0.0
10.0	26.233976658030873	23.785854732951332	23.790074177841163	26.190094431176636	0.0
11.0	26.181374245070987	23.62607841978976	23.873900482985793	26.318646852153467	0.0
12.0	26.301487776268157	23.85308455486263	23.74337898772704	26.102048681142175	0.0
13.0	26.15155683451618	23.85505362914455	23.80357640148862	26.18981313485065	0.0
14.0	26.23003850946703	23.69049527844117	23.779947510105572	26.299518701986237	0.0
15.0	26.285172589360812	23.682900277639472	23.69021398211518	26.341713150884537	0.0
16.0	26.243259436788495	23.706247872696533	23.87643214991969	26.174060540595278	0.0
17.0	26.272232958365333	23.828330478175623	23.702309724132693	26.19712683932635	0.0
18.0	26.28348481140488	23.652238978106706	23.708216946978457	26.356059263509955	0.0
19.0	26.174623133247255	23.797950474968847	23.833393812043422	26.19403257974048	0.0
20.0	26.14818127860432	23.804701586792575	23.810890105964326	26.23622702863878	0.0
21.0	26.298393516682278	23.6772743511197	23.842676590801048	26.181655541396974	0.0
22.0	26.389814822628598	23.738596950185233	23.54619026320897	26.325397963977192	0.0
23.0	26.329336112541036	23.91975178412195	23.561380264812364	26.189531838524655	0.0
24.0	26.12708405415517	23.795137511708962	23.71384287349823	26.363935560637643	0.0
25.0	26.24185295515855	23.781916584387492	23.76081935993834	26.215411100515617	0.0
26.0	26.22300610131731	23.79963825292478	23.742816395075064	26.234539250682847	0.0
27.0	26.190094431176636	23.86743066748805	23.708498243304444	26.233976658030873	0.0
28.0	26.177717392833134	23.79682528966489	23.7419725060971	26.28348481140488	0.0
29.0	26.173497947943304	23.84858381364681	23.73268972733947	26.24522851107042	0.0
30.0	26.306269813809962	23.652801570758683	23.79963825292478	26.241290362506575	0.0
31.0	26.205003136454035	23.820454181047943	23.759131581982405	26.215411100515617	0.0
32.0	26.263157598636276	23.765534545904618	23.767222319112907	26.204085536346195	0.0
33.0	26.19395889709647	23.73853017457201	23.87327073570034	26.19424019263118	0.0
34.0	26.18383225784674	23.811667013597827	23.77959932264035	26.22490140591508	0.0
35.0	26.241986615996105	23.78150149508156	23.79022163212836	26.18629025679397	0.0
36.0	26.182633425129186	23.619194428113722	23.8833301922087	26.314841954548395	0.0
37.0	26.296839090967904	23.851825180942843	23.75393461022394	26.09740111786531	0.0
38.0	26.150284529632994	23.85604460209452	23.79078422161525	26.202886646657237	0.0
39.0	26.232422594718972	23.688955524488115	23.78093890559467	26.297682975198246	0.0
40.0	26.285587301230102	23.68220445064543	23.692331061409455	26.33987718671501	0.0
41.0	26.244236973943668	23.70189508268659	23.875453939392237	26.178414003977508	0.0
42.0	26.258301711115923	23.82088275916388	23.71174039870717	26.209075131013027	0.0
43.0	26.273210332518516	23.657169218478813	23.714272051398176	26.355348397604494	0.0
44.0	26.174475877569275	23.79247199007592	23.835510085823024	26.197542046531773	0.0
45.0	26.150847119119884	23.797535295457934	23.8110374431433	26.24058014227888	0.0
46.0	26.28586859597355	23.689518113975005	23.838604328000923	26.18600896205053	0.0
47.0	26.39501095643026	23.74296411522958	23.54015060520564	26.321874323134526	0.0
48.0	26.326937628516532	23.91145966655321	23.566873605832928	26.194729099097323	0.0
49.0	26.123561529005705	23.80400507455717	23.721304419984303	26.351128976452813	0.0
50.0	26.246768626634676	23.767436757909305	23.768561936883085	26.217232678572937	0.0
51.0	26.222014689211505	23.796410116484154	23.75843532611906	26.223139868185285	0.0
52.0	26.215263615368823	23.858857549528974	23.706114503838265	26.21976433126394	0.0
53.0	26.18629025679397	23.795847526997264	23.74043246253857	26.277429753670194	0.0
54.0	26.174194582825834	23.84704317030428	23.74043246253857	26.23832978433132	0.0
55.0	26.306965701731933	23.65632533424848	23.7966914112276	26.24001755279199	0.0
56.0	26.218076562803272	23.826227359289337	23.748590010098482	26.207106067808912	0.0
57.0	26.258790436005626	23.772995780590715	23.761744022503517	26.20646976090014	0.0
58.0	26.187623066104077	23.738396624472575	23.88073136427567	26.19324894514768	0.0
59.0	26.190717299578058	23.812095639943742	23.781434599156118	26.215752461322083	0.0
60.0	26.246902259065376	23.785868394181733	23.78643098050357	26.18079836624932	0.0
61.0	26.18698681578955	23.621874481365733	23.885164879986274	26.305973822858448	0.0
62.0	26.30119183912282	23.848315475905835	23.752394508032324	26.098098176939022	0.0
63.0	26.142823789525206	23.865755651882836	23.791775550561038	26.19964500803092	0.0
64.0	26.23114984205389	23.691353892112822	23.7838993420553	26.29359692377799	0.0
65.0	26.292190457973398	23.68713449469903	23.689384839986385	26.33129020734119	0.0
66.0	26.251684242801005	23.703168204871435	23.869693756135707	26.175453796191857	0.0
67.0	26.262373382915943	23.807527967572526	23.715826397112806	26.21427225239873	0.0
68.0	26.279250972571106	23.648597331653075	23.70063656642316	26.37151512935266	0.0
69.0	26.164202069755078	23.794588482170234	23.84156444004377	26.19964500803092	0.0
70.0	26.156607154410256	23.801339518032297	23.808090553894363	26.233962773663084	0.0
71.0	26.28515812895041	23.685728028894435	23.84522125113572	26.183892591019436	0.0
72.0	26.391768236938855	23.735516918377165	23.562521624411744	26.31019322027224	0.0
73.0	26.321726239869932	23.915544541365566	23.57405464400944	26.188674574755066	0.0
74.0	26.125946199870043	23.798245293262184	23.71441993130821	26.361388575559562	0.0
75.0	26.248871311191813	23.7650527002737	23.770678563492087	26.215397425042404	0.0
76.0	26.224680099352742	23.793182016365634	23.765896579756458	26.216241304525163	0.0
77.0	26.20723992337574	23.861817547629965	23.705981136480627	26.224961392513663	0.0
78.0	26.193175265329778	23.785587101020813	23.744518299526586	26.276719334122827	0.0
79.0	26.18529905682403	23.835938576825384	23.74254924740015	26.23621311895044	0.0
80.0	26.305973822858448	23.658161299124334	23.792900723204717	26.242964154812505	0.0
81.0	26.19711336958265	23.824968143549526	23.763646234469103	26.21427225239873	0.0
82.0	26.26483114019049	23.761329050188184	23.771736867865723	26.2021029417556	0.0
83.0	26.196195801992676	23.72813655056793	23.878346675968068	26.197320971471328	0.0
84.0	26.173411120049956	23.811680384357896	23.7872079481972	26.22770054739495	0.0
85.0	26.234659060542388	23.78292166310833	23.796142367293665	26.18627690905562	0.0
86.0	26.186558200634032	23.623429338149045	23.886436963963735	26.30357549725319	0.0
87.0	26.30216903936113	23.8560574734953	23.746635049493253	26.095138437650316	0.0
88.0	26.13142505126539	23.866746553474936	23.80486240622442	26.196965989035252	0.0
89.0	26.232690019493504	23.68531348539956	23.783484246265154	26.29851224884178	0.0
90.0	26.289229626754206	23.681656694880214	23.698534189584898	26.330579488780685	0.0
91.0	26.256318512080068	23.707254228515655	23.868715594523813	26.167711664880468	0.0
92.0	26.25238042998231	23.81836440198817	23.71709943376005	26.212155734269473	0.0
93.0	26.27066438257905	23.651277204411777	23.71062972745659	26.367428685552586	0.0
94.0	26.166023915409998	23.791360410460673	23.843399352466786	26.199216321662544	0.0
95.0	26.15477225227354	23.800080449391427	23.809644363057416	26.235502935277623	0.0
96.0	26.295136749900845	23.68053152856657	23.843399352466786	26.1809323690658	0.0
97.0	26.396964301285784	23.737352427405675	23.55507548459507	26.310607786713476	0.0
98.0	26.325234948790865	23.909502873393475	23.57757881086798	26.187683366947677	0.0
99.0	26.130018593373332	23.79501720098002	23.712880060083883	26.362084145562765	0.0
100.0	26.25491205418801	23.760980919992235	23.77110741681505	26.212999609004704	0.0
101.0	26.229033228974156	23.800643032548248	23.76154350314906	26.208780235328533	0.0
102.0	26.21159315111265	23.856901348230537	23.713442643240704	26.218062857416115	0.0
103.0	26.19668469745684	23.780671330481038	23.74579117475802	26.2768527973041	0.0
104.0	26.184589159585155	23.84424322720202	23.74213438423867	26.229033228974156	0.0
105.0	26.31820265933058	23.64565137284355	23.79361074308796	26.242535224737907	0.0
106.0	26.200341487976193	23.827084440918924	23.753386047375127	26.219188023729757	0.0
107.0	26.268621450110263	23.751068904991225	23.779479274494804	26.20083037040371	0.0
108.0	26.198861334893557	23.72519015257212	23.880743957873893	26.195204554660428	0.0
109.0	26.17495161798461	23.816328367613306	23.782292182366444	26.226427832035643	0.0
110.0	26.230292119660763	23.778287225214836	23.794320754982348	26.19709990014205	0.0
111.0	26.189223780256256	23.622171277478515	23.889396773603746	26.29920816866148	0.0
112.0	26.309615898510568	23.8531103641299	23.749876935626784	26.087396801732748	0.0
113.0	26.14056061096187	23.86211164399938	23.79460204497827	26.202725700060476	0.0
114.0	26.225791479726023	23.689118296507786	23.776318195243388	26.308772028522803	0.0
115.0	26.291050758779765	23.678147986666854	23.702338926316084	26.328462328237297	0.0
116.0	26.25167015935078	23.705995696263063	23.87702001378321	26.165314130602944	0.0
117.0	26.255045639301837	23.821043304594873	23.721747936034653	26.202163120068633	0.0
118.0	26.27923657895107	23.64073641720932	23.71190278617741	26.3681242176622	0.0
119.0	26.16897090054992	23.77941238519852	23.85536068409727	26.196256030154284	0.0
120.0	26.151812210798724	23.797696234933404	23.808947834770255	26.241543719497617	0.0
121.0	26.292175918763448	23.667177676825922	23.856767134076875	26.183879270333748	0.0
122.0	26.390064837344056	23.72962405592045	23.569288758245314	26.311022348490177	0.0
123.0	26.32227394832703	23.908805783322315	23.586447447996512	26.182472820354146	0.0
124.0	26.128183851141333	23.792914305002743	23.720341486055048	26.358560357800876	0.0
125.0	26.24013726951801	23.758315635504424	23.782225285157732	26.219321809819835	0.0
126.0	26.22916695967708	23.799102684913013	23.757190475520737	26.21453987988917	0.0
127.0	26.213696009901412	23.85536068409727	23.714434396140703	26.216508909860618	0.0
128.0	26.206663760003373	23.776318195243388	23.74678274567165	26.27023529908159	0.0
129.0	26.179378630399007	23.848609724195157	23.730467925908215	26.241543719497617	0.0
130.0	26.312710088465703	23.64298673717669	23.80529106482328	26.239012109534325	0.0
131.0	26.20356957004824	23.8187929846275	23.75775305551258	26.219884389811675	0.0
132.0	26.266652414600117	23.761757954903462	23.772728295602864	26.198861334893557	0.0
133.0	26.1867658310455	23.730253386741076	23.887776227552994	26.195204554660428	0.0
134.0	26.16848192987983	23.81942256627211	23.787636707322562	26.224458796525496	0.0
135.0	26.234377768963974	23.77307645786393	23.792204285195908	26.200341487976193	0.0
136.0	26.187964658526084	23.619209964472873	23.892062795531967	26.300762581469073	0.0
137.0	26.317358784595346	23.858589097701007	23.744947300022783	26.079104817680864	0.0
138.0	26.14858383754849	23.858026514544182	23.789391369411792	26.20399827849554	0.0
139.0	26.23944101737538	23.679687653831333	23.786297162049266	26.294574166744024	0.0
140.0	26.294011583587203	23.67378053068469	23.697971606428077	26.334236279300033	0.0
141.0	26.2532981530343	23.705351868625215	23.880878307295035	26.16047167104545	0.0
142.0	26.251891691185985	23.815337185163514	23.72447974976231	26.208291373888194	0.0
143.0	26.282271267109607	23.648812102322914	23.716322271042074	26.352594359525405	0.0
144.0	26.184381522466822	23.773705914453362	23.8513426084804	26.190569954599415	0.0
145.0	26.15343936180387	23.7978970582444	23.800147397201705	26.248516182750027	0.0
146.0	26.30203571860557	23.66378716234272	23.852534873319627	26.18164224573208	0.0
147.0	26.394862461708968	23.72370260561855	23.574898523492198	26.306536409180282	0.0
148.0	26.33016503469751	23.902886349124195	23.587275422572652	26.179673193605645	0.0
149.0	26.128832630098454	23.78762306610408	23.72067510548523	26.36286919831224	0.0
150.0	26.24001755279199	23.746620946894364	23.78853386366769	26.224827636645955	0.0
151.0	26.22792187882385	23.799785653405493	23.759841799836288	26.212450667934366	0.0
152.0	26.212450667934366	23.862795675937203	23.704426735377595	26.220326920750832	0.0
153.0	26.193041330636653	23.768561936883085	23.761529568296957	26.276867164183304	0.0
154.0	26.173350698595492	23.84394892812638	23.74296411522958	26.239736258048545	0.0
155.0	26.31596713352218	23.648449081432016	23.807099316735066	26.228484468310743	0.0
156.0	26.209637720499916	23.82032016967699	23.760685684066623	26.209356425756468	0.0
157.0	26.270752578073576	23.750344587030025	23.781005800313928	26.197897034582475	0.0
158.0	26.184676144450886	23.732622968343	23.889867172248508	26.192833714957608	0.0
159.0	26.17117395878458	23.80604110290353	23.792538917237227	26.23024602107466	0.0
160.0	26.219067952753466	23.770383435021955	23.8016073272067	26.20894128501788	0.0
161.0	26.192063505458556	23.624671938159818	23.886277521329294	26.296987035052332	0.0
162.0	26.3203346301094	23.851396776906697	23.74534806200896	26.082920530974945	0.0
163.0	26.14199275943257	23.856741407100483	23.79260584477506	26.208659988691892	0.0
164.0	26.237633510268722	23.680368610705578	23.788105103559243	26.29389277546646	0.0
165.0	26.28770425629471	23.67755564744569	23.700059353524782	26.334680742734818	0.0
166.0	26.249803092017913	23.70856493462655	23.89056416949839	26.15106780385715	0.0
167.0	26.261617570943134	23.807300222787315	23.73444426941513	26.196637936854422	0.0
168.0	26.270619078695685	23.647804757296846	23.72544276166258	26.356133402344895	0.0
169.0	26.18707383486734	23.771294191777123	23.84724441343925	26.194387559916287	0.0
170.0	26.16035060872696	23.804768548731914	23.790422395751285	26.244458446789835	0.0
171.0	26.306136513875018	23.669812514943953	23.852656155501485	26.171394815679545	0.0
172.0	26.389400694805836	23.72044613848296	23.574452523945485	26.315700642765723	0.0
173.0	26.337360581724074	23.899351608320792	23.581484971659236	26.181802838295898	0.0
174.0	26.12139726690183	23.79252533094792	23.724732344287105	26.361345057863144	0.0
175.0	26.24046043100708	23.749553437057834	23.785278472431244	26.224707659503842	0.0
176.0	26.232865344746592	23.795967853094155	23.766150107034456	26.2050166951248	0.0
177.0	26.216549974261095	23.864604928929683	23.70792111237071	26.210923984438512	0.0
178.0	26.200797202757858	23.766431406525584	23.758836320265097	26.273935070451458	0.0
179.0	26.171823355171554	23.83675627930789	23.74420874672638	26.247211618794182	0.0
180.0	26.31247310073616	23.6375962395884	23.811720624597392	26.238210035078048	0.0
181.0	26.20811098952722	23.816784015437715	23.76446231008768	26.210642684947384	0.0
182.0	26.263600868655274	23.757496652526637	23.789283584440717	26.18961889437737	0.0
183.0	26.179210783927626	23.73752433247443	23.89448989006785	26.188774993530096	0.0
184.0	26.168240072913036	23.809818505057777	23.794909590089226	26.22703183193996	0.0
185.0	26.22204218953504	23.769940729863766	23.812979794143875	26.195037286457325	0.0
186.0	26.19391208216242	23.615506440388085	23.883305062575424	26.307276414874075	0.0
187.0	26.31459024279096	23.858831869161246	23.740966719269966	26.085611168777834	0.0
188.0	26.152560824324667	23.852080643391815	23.797226934015207	26.198131598268308	0.0
189.0	26.24398367328568	23.667547139027427	23.788506600729693	26.299962586957193	0.0
190.0	26.287866640786966	23.6661406336588	23.70383497753811	26.342157748016128	0.0
191.0	26.25530957270247	23.708402486708486	23.889279585923653	26.14700835466539	0.0
192.0	26.255872176432533	23.808264648794623	23.737376578806717	26.19848659596613	0.0
193.0	26.269655967819066	23.641733944696053	23.728093617260683	26.360516470224198	0.0
194.0	26.184984106444624	23.77169540634054	23.84539649497876	26.197923992236067	0.0
195.0	26.156010014346393	23.79954429097865	23.800106894708712	26.244338799966243	0.0
196.0	26.308549631634172	23.676119373595245	23.85249613912104	26.162834855649542	0.0
197.0	26.389283494004033	23.72816036501833	23.56894306152933	26.313613079448313	0.0
198.0	26.329647330859746	23.899192380073643	23.58582122090979	26.18533906815682	0.0
199.0	26.126339004410838	23.78617562336844	23.726539292465567	26.360946079755156	0.0
200.0	26.236965064826563	23.7485477668663	23.789899489995413	26.22458767831172	0.0
201.0	26.22655680798454	23.79411905358002	23.765426021204714	26.213898117230727	0.0
202.0	26.22923611404138	23.854452367891753	23.704235059144548	26.21207645892232	0.0
203.0	26.209826012349325	23.76781017483157	23.74896268478276	26.273401128036344	0.0
204.0	26.168474056570602	23.83869924188081	23.747556155674644	26.245270545873943	0.0
205.0	26.3057512975231	23.63362729791693	23.817882611080638	26.24273879347933	0.0
206.0	26.208004320881727	23.827581065761233	23.766537359029826	26.197877254327214	0.0
207.0	26.271091081967583	23.75844627857388	23.783764016180847	26.186698623277692	0.0
208.0	26.190918246212185	23.726939760662987	23.885034966608718	26.197107026516107	0.0
209.0	26.1799472265825	23.798673350549397	23.80007989152756	26.22129953134055	0.0
210.0	26.231085380571006	23.76539823730797	23.801968611366636	26.20154777075439	0.0
211.0	26.20014121790598	23.607864318286033	23.88157950258665	26.31041496122134	0.0
212.0	26.314353309196886	23.86076252043018	23.744581255151502	26.08030291522143	0.0
213.0	26.152318421060034	23.84838485536417	23.79577977883363	26.203516944742166	0.0
214.0	26.247401393612563	23.666658227349576	23.790716188579353	26.295224190458512	0.0
215.0	26.285940941659003	23.672003128173536	23.70716694938379	26.334888980783678	0.0
216.0	26.25000703278403	23.704701838088432	23.89740012040126	26.147891008726276	0.0
217.0	26.253664080477556	23.796409341787676	23.73930313549643	26.21062344223834	0.0
218.0	26.268010959890624	23.646751697714063	23.72636281288856	26.35887452950675	0.0
219.0	26.186430665188844	23.77052869657194	23.85042112310748	26.19261951513174	0.0
220.0	26.168426738082246	23.794158850899354	23.796128030426637	26.241286380591767	0.0
221.0	26.30634330772455	23.676637307055024	23.856395772440976	26.16062361277945	0.0
222.0	26.397207132950935	23.729805303859322	23.56805081622721	26.304936746962532	0.0
223.0	26.333911898660112	23.89493553732028	23.599557777296422	26.17159478672319	0.0
224.0	26.13882832829313	23.774667698150363	23.72740699064632	26.35909698291019	0.0
225.0	26.247489267850817	23.7440712963536	23.7800795557481	26.228359880047485	0.0
226.0	26.232016968892243	23.803428661449217	23.761231482471292	26.203322887187248	0.0
227.0	26.231173025312682	23.851252130957537	23.701592802849152	26.215982040880625	0.0
228.0	26.205573403399406	23.76826434563428	23.753635990255265	26.27252626071105	0.0
229.0	26.16618936968667	23.8391556063172	23.75026021593703	26.244394808059095	0.0
230.0	26.30769057652599	23.638859663435298	23.81890096040779	26.234548799630915	0.0
231.0	26.2097931212972	23.81946358946083	23.76826434563428	26.202478943607687	0.0
232.0	26.26641123235801	23.754265443507663	23.78858591229151	26.19073741184281	0.0
233.0	26.188768204617507	23.72022629004172	23.891828633960948	26.199176871379827	0.0
234.0	26.175693657147843	23.792376874625496	23.803629550652513	26.228299917574148	0.0
235.0	26.220215489352128	23.75840436605058	23.812698680620024	26.208681463977268	0.0
236.0	26.19827270937069	23.608462036177453	23.88218415056123	26.311081103890622	0.0
237.0	26.320083270036854	23.84955129828115	23.75165274144091	26.07871269024109	0.0
238.0	26.15326187863955	23.846456803668385	23.797226207556193	26.203055110135875	0.0
239.0	26.242720904717697	23.67119588150899	23.7915998537148	26.294483360058514	0.0
240.0	26.288455316575	23.669766067886734	23.702119877899534	26.339658737638732	0.0
241.0	26.256098315823827	23.70563774175215	23.893018518622725	26.1452454238013	0.0
242.0	26.25911628325755	23.793780668977625	23.731317246657362	26.21578580110746	0.0
243.0	26.276232335908965	23.640758395191654	23.722079339977828	26.360929928921557	0.0
244.0	26.182476164747463	23.7592723916298	23.846790261034005	26.21146118258873	0.0
245.0	26.17181453598818	23.788925631464153	23.794272848800393	26.244986983747275	0.0
246.0	26.29713960838838	23.650932589550834	23.857236540285562	26.194691261775226	0.0
247.0	26.399905425108507	23.71521698745194	23.55702922251558	26.327848364923973	0.0
248.0	26.345569192658484	23.8852606688436	23.600101339939197	26.16906879855872	0.0
249.0	26.159008442203703	23.758371124792042	23.719242538122224	26.36337789488204	0.0
