# Position (bp)	A	C	G	T	N
0.0	26.26136857360304	23.897405093004338	23.60843410382544	26.23279222956719	0.0
1.0	26.39287807523743	23.843751549100283	23.586856048124897	26.176514327537394	0.0
2.0	26.40812423099127	23.780519806166065	23.61724212330964	26.194113839533024	0.0
3.0	26.218749544454	23.718713100774064	23.741745506494265	26.32079184827767	0.0
4.0	26.23742748024839	23.83458208215504	23.670446925745605	26.25754351185097	0.0
5.0	26.18087683548621	23.744348145492072	23.67001040728335	26.40476461173837	0.0
6.0	26.26126296826401	23.66979644307373	23.798058003375612	26.27088258528665	0.0
7.0	26.29099770307927	23.722410717408792	23.795865542691246	26.19072603682069	0.0
8.0	26.162612763600855	23.761167057726222	23.756794963347275	26.319425215325648	0.0
9.0	26.20787343742258	23.68530732753721	23.80684517477259	26.299974060267616	0.0
10.0	26.317553487585865	23.65344765779603	23.73155512551112	26.297443729106977	0.0
11.0	26.083231084440584	23.80237644884981	23.751956329765065	26.362436136944538	0.0
12.0	26.276459633302924	23.74117283608798	23.772357534019008	26.210009996590085	0.0
13.0	26.279374091053487	23.675306090925254	23.85075644750916	26.194563370512096	0.0
14.0	26.17066481695748	23.862997170061522	23.642955609894003	26.323382403086992	0.0
15.0	26.237697345220433	23.811994159426668	23.810536930551386	26.13977156480151	0.0
16.0	26.285494452329672	23.75545367906574	23.697164524054475	26.26188734455011	0.0
17.0	26.32804553548789	23.756036570615855	23.65257332047086	26.26334457342539	0.0
18.0	26.177659515558833	23.683175126851776	23.810536930551386	26.32862842703801	0.0
19.0	26.096054698543064	23.727474884660335	23.911960060270985	26.264510356525616	0.0
20.0	26.328843138512113	23.734983300205762	23.78598616219493	26.150187399087194	0.0
21.0	26.22858608408769	23.70117568883008	23.77870003905362	26.291538188028607	0.0
22.0	26.23849521155987	23.751887105893598	23.77491125502014	26.23470642752639	0.0
23.0	26.28658362429252	23.780448708607533	23.713707820633132	26.219259846466812	0.0
24.0	26.265891034571197	23.799975518626244	23.704381583012257	26.2297518637903	0.0
25.0	26.255981907099013	23.900524017976323	23.61111920680349	26.232374868121173	0.0
26.0	26.368771093326494	23.85622438927716	23.597421295297828	26.177583222098523	0.0
27.0	26.40083003514826	23.795603844741457	23.626274342937414	26.17729177717287	0.0
28.0	26.217434767529635	23.725587915562823	23.73899434307048	26.31798297383707	0.0
29.0	26.228801086503516	23.832547891547833	23.674002314065966	26.26464870788269	0.0
30.0	26.169346494947813	23.744531780519296	23.68274563635357	26.40337608817932	0.0
31.0	26.253282388908804	23.674585202218474	23.796117382016153	26.27601502685657	0.0
32.0	26.29262733920302	23.722964918876542	23.793202941253618	26.191204800666824	0.0
33.0	26.15564862336391	23.755898099493177	23.770178859229596	26.31827441791332	0.0
34.0	26.207234224860766	23.685077188963596	23.80544359245626	26.30224499371938	0.0
35.0	26.30923965154946	23.656807113567012	23.73316546154541	26.300787773338115	0.0
36.0	26.090073706206883	23.799614710931195	23.746863333129323	26.363448249732603	0.0
37.0	26.28592412544919	23.733456905621665	23.77221896776337	26.208400001165778	0.0
38.0	26.278638023542854	23.682454192277312	23.85644630580061	26.18246147837922	0.0
39.0	26.17867270538793	23.859943634715652	23.650978232041943	26.310405427854477	0.0
40.0	26.232006971342305	23.80777514506629	23.81914146404017	26.141076419551233	0.0
41.0	26.28796423398296	23.756480987645688	23.705186830225085	26.25036794814627	0.0
42.0	26.324686187590896	23.755315211340672	23.658555778024535	26.2614428230439	0.0
43.0	26.183627254684232	23.68799162972613	23.818850019963918	26.309531095625715	0.0
44.0	26.095319699579445	23.728502356325357	23.920272558500113	26.255905385595085	0.0
45.0	26.3211121473537	23.73892515737934	23.787013289811146	26.152949405455818	0.0
46.0	26.23513639543017	23.703369083702494	23.771858242014456	26.28963627885288	0.0
47.0	26.244754021916535	23.746794124504547	23.786430403357425	26.222021450221494	0.0
48.0	26.283515971088832	23.776812776871065	23.712112380508277	26.227558871531826	0.0
49.0	26.262532058754957	23.795756586616925	23.707740732105385	26.233970622522733	0.0
50.0	26.26515504779669	23.889892748892517	23.615061785964095	26.229890417346702	0.0
51.0	26.37124038237351	23.85958265329914	23.599323851713685	26.169853112613662	0.0
52.0	26.40359058055491	23.7902191653066	23.63109116344136	26.175099090697135	0.0
53.0	26.22194502813876	23.720495102310846	23.750513667190294	26.3070462023601	0.0
54.0	26.249632053998447	23.825122915822696	23.674447206670532	26.250797823508325	0.0
55.0	26.181143095292914	23.744684819640884	23.684647689881995	26.389524395184203	0.0
56.0	26.25924965245496	23.668035474366185	23.805013391777244	26.267701481401605	0.0
57.0	26.28955965971188	23.72253519895314	23.79510435094325	26.19280079039173	0.0
58.0	26.15724482034035	23.748473570547997	23.771788960745628	26.32249264836603	0.0
59.0	26.202418388848248	23.691059422186342	23.8201683954057	26.28635379355971	0.0
60.0	26.312292165154567	23.658126433532196	23.734484336429425	26.295097064883816	0.0
61.0	26.08292701408541	23.798893101850368	23.75954838089187	26.358631503172354	0.0
62.0	26.284605139294886	23.733318566919543	23.784903867731792	26.197172426053783	0.0
63.0	26.276736195103183	23.683773362749584	23.853684268814792	26.185806173332438	0.0
64.0	26.178520113895683	23.86097032825155	23.65462912500255	26.30588043285022	0.0
65.0	26.235351377502397	23.81696252925353	23.81754541400847	26.130140679235602	0.0
66.0	26.28781100544706	23.751096551945235	23.70650586819227	26.25458657441544	0.0
67.0	26.331235919690137	23.754885302852347	23.66220662681678	26.251672150640736	0.0
68.0	26.184931846200026	23.68115038135235	23.821917049670525	26.312000722777096	0.0
69.0	26.09662480582652	23.725158180350373	23.914012840951152	26.264204172871963	0.0
70.0	26.32008440146653	23.739078228734968	23.787457522397283	26.153379847401215	0.0
71.0	26.222160048029565	23.698276414802898	23.774051212105316	26.305512325062224	0.0
72.0	26.235857799849615	23.747238591521384	23.790954820734317	26.225948787894687	0.0
73.0	26.27724249683786	23.78454310711642	23.720134529409364	26.21807986663636	0.0
74.0	26.26558483571441	23.798532300464558	23.71197416662295	26.223908697198077	0.0
75.0	26.25334429153479	23.89179358945215	23.61638134541067	26.23848077360239	0.0
76.0	26.377206940971433	23.858277813722236	23.605598008871482	26.158917236434853	0.0
77.0	26.419465962543935	23.778714276554695	23.62949621417455	26.172323546726822	0.0
78.0	26.213631846305844	23.73434599254495	23.74512929765711	26.3068928634921	0.0
79.0	26.256182185397076	23.82818989108862	23.667606077121032	26.24802184639328	0.0
80.0	26.18332201572031	23.749792348516422	23.68567539920087	26.381210236562396	0.0
81.0	26.250353371822932	23.67605785680354	23.80749760290042	26.266091168473118	0.0
82.0	26.287074897340023	23.722979806075372	23.79554853507343	26.19439676151118	0.0
83.0	26.15359506649219	23.73900904340426	23.790885484214115	26.31651040588943	0.0
84.0	26.215671931056793	23.691795653453717	23.815657941904213	26.276874473585277	0.0
85.0	26.312721677066243	23.660028619474648	23.739591924761676	26.287657778697437	0.0
86.0	26.08918667649793	23.793508450322477	23.75503828073315	26.362266592446442	0.0
87.0	26.280663202408466	23.74192345019133	23.778062094351004	26.199351253049198	0.0
88.0	26.285617693946485	23.68450963648604	23.848590738598112	26.181281930969362	0.0
89.0	26.182447693684193	23.861122687782515	23.658571416081113	26.297858202452183	0.0
90.0	26.23694710060241	23.81653226394034	23.818863789369992	26.12765684608726	0.0
91.0	26.28853210073356	23.759409890913755	23.712487941641918	26.239570066710773	0.0
92.0	26.32467074489323	23.76261573837953	23.662360144904305	26.250353371822932	0.0
93.0	26.18361345639902	23.67751506019707	23.818572348691287	26.320299134712627	0.0
94.0	26.10317582907587	23.717733873858645	23.91678785741556	26.262302439649922	0.0
95.0	26.315850829437753	23.743894335575476	23.788193189634068	26.1520616453527	0.0
96.0	26.23337335773656	23.69726396288222	23.784404471852742	26.284958207528476	0.0
97.0	26.231624718760564	23.752637530455463	23.79256478707406	26.223172963709914	0.0
98.0	26.279712290600482	23.787901749804735	23.7299052237675	26.202480735827283	0.0
99.0	26.264848859304507	23.79518774553806	23.714750352642195	26.225213042515243	0.0
100.0	26.25377414578986	23.884076893484572	23.63635303855166	26.225795922173905	0.0
101.0	26.384047749501637	23.845023956353973	23.60225457851972	26.168673715624674	0.0
102.0	26.418146209533578	23.783821592194077	23.618866648791688	26.179165549480654	0.0
103.0	26.216102003642987	23.72255009107468	23.755191256830603	26.30615664845173	0.0
104.0	26.25632058287796	23.822805100182148	23.676211293260472	26.244663023679415	0.0
105.0	26.182586520947176	23.74848816029144	23.682914389799635	26.38601092896175	0.0
106.0	26.260692167577414	23.67096539162113	23.8056102003643	26.26273224043716	0.0
107.0	26.288378870673952	23.718469945355192	23.797741347905284	26.195409836065576	0.0
108.0	26.141202185792352	23.740910746812386	23.78870673952641	26.32918032786885	0.0
109.0	26.228051001821495	23.68495446265938	23.80065573770492	26.286338797814206	0.0
110.0	26.308779599271404	23.657559198542806	23.743533697632056	26.290127504553734	0.0
111.0	26.08174863387978	23.784918032786887	23.765391621129325	26.367941712204008	0.0
112.0	26.28896174863388	23.73712204007286	23.779672131147542	26.19424408014572	0.0
113.0	26.287795992714024	23.682914389799635	23.855737704918035	26.173551912568303	0.0
114.0	26.18200364298725	23.857777777777777	23.655810564663025	26.30440801457195	0.0
115.0	26.243497267759565	23.810856102003644	23.816976320582878	26.128670309653916	0.0
116.0	26.28255009107468	23.750819672131147	23.718178506375228	26.248451730418942	0.0
117.0	26.31431693989071	23.754608378870675	23.668051001821492	26.263023679417124	0.0
118.0	26.17500910746812	23.68174863387978	23.82863387978142	26.314608378870673	0.0
119.0	26.100692167577417	23.712058287795994	23.91927140255009	26.267978142076505	0.0
120.0	26.30710763455777	23.74010561779415	23.803056620930043	26.14973012671804	0.0
121.0	26.234830556883225	23.68881220783157	23.789067509122066	26.287289726163138	0.0
122.0	26.238910714493883	23.746517294039474	23.80276518110071	26.211806810365935	0.0
123.0	26.279712290600482	23.78644455065807	23.72057914922885	26.213264009512592	0.0
124.0	26.26776325759784	23.79256478707406	23.719704829740852	26.219967125587253	0.0
125.0	26.259602942376514	23.870962101164594	23.632272880941002	26.23716207551789	0.0
126.0	26.38025903172031	23.847646914817965	23.59963162005572	26.172462433405997	0.0
127.0	26.416106130728252	23.775661276972755	23.627901283501007	26.18033130879799	0.0
128.0	26.217129134450328	23.71307082299933	23.750375229873836	26.319424812676505	0.0
129.0	26.251810575216467	23.823235399550597	23.67751506019707	26.24743896503586	0.0
130.0	26.187693625900916	23.736386077295897	23.68567539920087	26.390244897602315	0.0
131.0	26.266091168473118	23.665565992370084	23.80429175543464	26.264051083722162	0.0
132.0	26.283577609195536	23.718025314537353	23.80166878932628	26.196728286940836	0.0
133.0	26.148349134275463	23.747169382408057	23.782725145210318	26.321756338106162	0.0
134.0	26.221500744630934	23.679263704269317	23.80720616222171	26.292029388878042	0.0
135.0	26.298732524488305	23.665274551691375	23.750375229873836	26.285617693946485	0.0
136.0	26.0877294731044	23.775147687563937	23.772233280776863	26.364889558554804	0.0
137.0	26.286492015982603	23.72210548403925	23.79642285710955	26.194979642868592	0.0
138.0	26.28037176172976	23.67168624662293	23.874237518324332	26.173704473322978	0.0
139.0	26.180699049611945	23.85354523013613	23.65682277200887	26.30893294824305	0.0
140.0	26.238189332074306	23.80144671574542	23.829716543969784	26.13064740821049	0.0
141.0	26.293854663938777	23.746072825409037	23.70905975134209	26.2510127593101	0.0
142.0	26.325038907443997	23.758604811116747	23.663886314488725	26.25246996695053	0.0
143.0	26.1854384154907	23.68428722145476	23.825636362576578	26.304638000477965	0.0
144.0	26.104417670682732	23.704688128420795	23.919480534620337	26.271413666276132	0.0
145.0	26.312583607532037	23.73885597209148	23.78898406101638	26.15957635936011	0.0
146.0	26.233311280860107	23.68901932554405	23.79423002381084	26.283439369785004	0.0
147.0	26.231639076707857	23.743588249009093	23.81790627185824	26.206866402424804	0.0
148.0	26.275647003963627	23.791093494987177	23.724061552809513	26.209197948239684	0.0
149.0	26.26428071811611	23.77885287945908	23.72901608766612	26.227850314758683	0.0
150.0	26.259326183259503	23.866577290743763	23.64041734670086	26.233679179295873	0.0
151.0	26.373863371415247	23.84967358358592	23.600781067847983	26.175681977150848	0.0
152.0	26.411750990906974	23.786138960130568	23.633714152483094	26.168395896479367	0.0
153.0	26.22064065236842	23.70751838283511	23.76347564547577	26.308365319320703	0.0
154.0	26.25299094483255	23.81972435219268	23.685951521192354	26.241333181782412	0.0
155.0	26.174592488320382	23.738411454917973	23.691488958641173	26.39550709812048	0.0
156.0	26.262608599348912	23.65476700503324	23.808358033218795	26.27426636239905	0.0
157.0	26.27339203017029	23.715970261046458	23.820890128497695	26.189747580285555	0.0
158.0	26.146030968847544	23.741325895680507	23.79407727348238	26.318565861989573	0.0
159.0	26.224137981283462	23.676625310752247	23.80719225691378	26.29204445105051	0.0
160.0	26.308656763396954	23.658555778024535	23.754149435035657	26.278638023542854	0.0
161.0	26.092405258816914	23.768430194772076	23.78300239858475	26.35616214782626	0.0
162.0	26.29029578659299	23.720924810342765	23.79262005310111	26.196159349963132	0.0
163.0	26.285341237296684	23.664384659549604	23.88005327597714	26.17022082717658	0.0
164.0	26.18246147837922	23.85207464465681	23.657972889872028	26.307490987091942	0.0
165.0	26.239369546336828	23.798809738923634	23.83465746477888	26.127163249960656	0.0
166.0	26.28337773011034	23.752761440670554	23.71429071048444	26.24957011873466	0.0
167.0	26.332631922545595	23.753635775447513	23.663579293420923	26.25015300858597	0.0
168.0	26.192738358232443	23.68164887881137	23.826497006860613	26.29911575609557	0.0
169.0	26.111425223975427	23.703798693160955	23.917719268589817	26.267056814273808	0.0
170.0	26.322508065761824	23.73388669171157	23.789261388972275	26.15434385355433	0.0
171.0	26.240028911420886	23.685215247277167	23.784598256571375	26.290157584730572	0.0
172.0	26.22640739574954	23.747653854673057	23.817601044544702	26.208337705032704	0.0
173.0	26.282365147646857	23.78204455635995	23.733664416698726	26.201925879294468	0.0
174.0	26.265169796803413	23.770969584630272	23.730167057205144	26.23369356136117	0.0
175.0	26.254969164947134	23.87472458293988	23.63573835087842	26.234567901234566	0.0
176.0	26.376793853973584	23.844705580619966	23.5931871437065	26.185313421699952	0.0
177.0	26.412058895533875	23.78612480910246	23.624371932524276	26.177444362839392	0.0
178.0	26.22794106932078	23.702840155632952	23.768707284729608	26.30051149031666	0.0
179.0	26.254171341969894	23.819419145184558	23.688559229412878	26.237850283432667	0.0
180.0	26.18072657855238	23.735190825233524	23.685936202147968	26.39814639406613	0.0
181.0	26.256502921760926	23.657374349707823	23.81621322297189	26.269909505559358	0.0
182.0	26.284481879253313	23.713915159640354	23.807761246229397	26.193841714876935	0.0
183.0	26.15391341095551	23.743642801976016	23.791148740218294	26.31129504685018	0.0
184.0	26.23522725616776	23.674278303192807	23.806012561386126	26.284481879253313	0.0
185.0	26.31129504685018	23.652128295178002	23.760838202934874	26.27573845503694	0.0
186.0	26.099121285866257	23.772787549363915	23.770164522099005	26.357926642670826	0.0
187.0	26.28535622167495	23.715955291957506	23.794354662430965	26.204333823936583	0.0
188.0	26.289727933783137	23.671655275927897	23.87800008743424	26.16061670285473	0.0
189.0	26.18451539571281	23.847398102676944	23.659997376972736	26.30808912463751	0.0
190.0	26.23122344177154	23.802584563731006	23.837266914203443	26.128925080294014	0.0
191.0	26.28805586481461	23.744586347394744	23.71893889494454	26.24841889284611	0.0
192.0	26.323612560256944	23.75158110715389	23.676095991419764	26.248710341169406	0.0
193.0	26.18779764160017	23.672598611540188	23.825900429594828	26.313703317264814	0.0
194.0	26.10939804263306	23.703492133809753	23.919163893050126	26.267945930507064	0.0
195.0	26.323106381862537	23.738826567340787	23.787790028358007	26.150277022438672	0.0
196.0	26.240917715155064	23.68724006376908	23.782835392421738	26.289006828654117	0.0
197.0	26.232250693651054	23.74181025437758	23.817587260136634	26.208351791834737	0.0
198.0	26.296369698524096	23.766874956282496	23.73277530369092	26.203980041502483	0.0
199.0	26.261395695866074	23.77532700692485	23.735689803912425	26.22758749329665	0.0
200.0	26.263435846021128	23.87616871458882	23.63193359602695	26.2284618433631	0.0
201.0	26.380890204947654	23.839737461820047	23.59608524330248	26.18328708992982	0.0
202.0	26.40100025647602	23.78348760754506	23.631642146004804	26.183869989974117	0.0
203.0	26.22154346552573	23.70253358242668	23.769275832019375	26.306647120028217	0.0
204.0	26.25185435617045	23.81911393106021	23.689418293205406	26.239613419563927	0.0
205.0	26.190358222266262	23.73313592394298	23.676303003984135	26.400202849806618	0.0
206.0	26.265843998006478	23.64948952379842	23.81911393106021	26.26555254713489	0.0
207.0	26.290325871219515	23.71273436293211	23.80541574009577	26.1915240257526	0.0
208.0	26.15130380547403	23.743919606191582	23.78559708082807	26.31917950750632	0.0
209.0	26.235533107361757	23.67076543742404	23.80162687876518	26.29207457644902	0.0
210.0	26.317430802276814	23.647449367697334	23.750914427109592	26.284205402916257	0.0
211.0	26.10729472386487	23.7634468145877	23.775104849451054	26.354153612096376	0.0
212.0	26.298486495623862	23.70952840334469	23.792883352617665	26.199101748413778	0.0
213.0	26.29207457644902	23.66989108480929	23.870992186202134	26.167042152539555	0.0
214.0	26.19064967313785	23.836892434226826	23.66406206737761	26.308395825257712	0.0
215.0	26.23473521611145	23.791495438780565	23.836087552096995	26.137681793010987	0.0
216.0	26.29768878785229	23.741657194485732	23.720089767130077	26.2405642505319	0.0
217.0	26.327999766838623	23.745446066859024	23.685407012328408	26.24114715397394	0.0
218.0	26.195389233773426	23.66413103669377	23.82909271079246	26.311387018740344	0.0
219.0	26.114657107050217	23.696190726006236	23.92468887528781	26.264463291655737	0.0
220.0	26.31933292335672	23.738228959310305	23.796519473403496	26.145918643929477	0.0
221.0	26.249675759015357	23.68314442349224	23.77903231917554	26.28814749831686	0.0
222.0	26.243923196194785	23.722559660515056	23.816699115147415	26.21681802814274	0.0
223.0	26.304545507536986	23.763363139303078	23.730720356272663	26.20137099688728	0.0
224.0	26.277440339484944	23.774438369259826	23.72197675367523	26.226144537580005	0.0
225.0	26.273651445026058	23.865954743112955	23.632792007181415	26.227601804679573	0.0
226.0	26.373619968056705	23.846718817398603	23.60364666518997	26.17601454935472	0.0
227.0	26.413549086584982	23.77618708977931	23.634540727700898	26.175723095934806	0.0
228.0	26.228552608952892	23.710970630153273	23.757311858982767	26.303164901911064	0.0
229.0	26.25361767611853	23.822889069590538	23.68007647760028	26.243416776690655	0.0
230.0	26.183960105739608	23.73224679181713	23.68182520321649	26.40196789922677	0.0
231.0	26.283054557324682	23.638398517080677	23.819100164088752	26.259446761505885	0.0
232.0	26.295004182368764	23.70776463319023	23.8059847219672	26.191246462473806	0.0
233.0	26.1568548586884	23.738367331473857	23.782085471879036	26.322692337958713	0.0
234.0	26.234090240070884	23.665795218401257	23.815894167125705	26.284220374402157	0.0
235.0	26.32589833492176	23.64306178539056	23.758477676060238	26.27256220362744	0.0
236.0	26.107890541434596	23.75672895044403	23.77042730110432	26.364953207017056	0.0
237.0	26.300250359217387	23.709804813075806	23.790537645690705	26.199407182016106	0.0
238.0	26.288300734173305	23.683573928832697	23.8785568350398	26.1495685019542	0.0
239.0	26.189497736857597	23.83600451171209	23.67104139524988	26.303456356180433	0.0
240.0	26.23160103762861	23.79842023958728	23.837185578128185	26.13279314465592	0.0
241.0	26.292548137180034	23.732518756448894	23.72552334427338	26.24940976209769	0.0
242.0	26.326466961841938	23.738679523016966	23.685921072191633	26.248932442949457	0.0
243.0	26.189400409851597	23.655374856799718	23.8346484924982	26.320576240850485	0.0
244.0	26.122394246718304	23.68826868082055	23.92147831587662	26.267858756584527	0.0
245.0	26.31666404295884	23.726772897681226	23.791782547095554	26.164780512264375	0.0
246.0	26.241647522535654	23.677888820216204	23.779926066726528	26.300537590521618	0.0
247.0	26.239660385390273	23.719957898051472	23.812383920787692	26.227997795770563	0.0
248.0	26.310080593428896	23.75931606386825	23.706831197004863	26.22377214569799	0.0
249.0	26.27028697726226	23.760037789324514	23.73029619132595	26.23937904208728	0.0
