# Position (bp)	A	C	G	T	N
0.0	26.302852487562884	23.67909024991811	23.732282186020598	26.285775076498403	0.0
1.0	26.102962790840913	23.687209019112704	23.94309022752151	26.266737962524882	0.0
2.0	26.248239993505823	23.77877243221001	23.769535022379724	26.203452551904444	0.0
3.0	26.296314955693262	23.789611567333367	23.728035557346857	26.186037919626514	0.0
4.0	26.156718088798335	23.88638246423214	23.793464388867744	26.163435058101786	0.0
5.0	26.331151477160468	23.65191791594024	23.759658141663007	26.257272465236287	0.0
6.0	26.367380975033722	23.69110313911384	23.666758077243802	26.27475780860864	0.0
7.0	26.183381040720565	23.715747914725494	23.77059042438589	26.33028062016805	0.0
8.0	26.223279238947956	23.833519865696697	23.72663682148853	26.216564073866817	0.0
9.0	26.341721365139588	23.814120319853167	23.692972295433307	26.15118601957394	0.0
10.0	26.2855448248078	23.682281583276446	23.798106514173167	26.23406707774259	0.0
11.0	26.152653901677503	23.857138061079468	23.70857999753802	26.281628039705012	0.0
12.0	26.252811692163075	23.8602155350888	23.666054902136327	26.220917870611803	0.0
13.0	26.31659933526561	23.683120894369903	23.781879833033045	26.218399937331437	0.0
14.0	26.168600812453143	23.785796618135834	23.73040208596784	26.315200483443192	0.0
15.0	26.30177150594792	23.726765071229536	23.76817108517329	26.20329233764926	0.0
16.0	26.17391644937835	23.836155283743103	23.714175404827717	26.275752862050826	0.0
17.0	26.239662485032284	23.823845387705774	23.69291285712687	26.243579270135076	0.0
18.0	26.191541982340894	23.774046262827472	23.90497879340637	26.129432961425263	0.0
19.0	26.196784328427107	23.827695509977982	23.70543620274342	26.270083958851494	0.0
20.0	26.22643990409499	23.71914491225027	23.761949658261454	26.29246552539329	0.0
21.0	26.117329767203728	23.775658367768308	23.76139011909791	26.345621745930053	0.0
22.0	26.240428383183612	23.739288322137885	23.698162193617335	26.322121101061164	0.0
23.0	26.22560059534967	23.8366481365947	23.728657078030537	26.209094190025095	0.0
24.0	26.287709442503154	23.778176294004258	23.686971410346437	26.247142853146148	0.0
25.0	26.313448244026223	23.681935557874535	23.733133391338892	26.271482806760353	0.0
26.0	26.10613898393283	23.69172749323657	23.94603804306773	26.25609547976287	0.0
27.0	26.24378561816488	23.77845606358603	23.784890763966796	26.192867554282294	0.0
28.0	26.284631977103658	23.78517053354857	23.733413160920666	26.196784328427107	0.0
29.0	26.14250902956325	23.898477214166412	23.81818334419772	26.140830412072617	0.0
30.0	26.332472575586745	23.662351687150462	23.759991271189048	26.24518446607374	0.0
31.0	26.365205616654126	23.69732288487202	23.663190995895782	26.27428050257808	0.0
32.0	26.18132375404965	23.718798784684335	23.774472775698165	26.32540468556785	0.0
33.0	26.216015085133648	23.837420755487663	23.728590692651593	26.217973466727095	0.0
34.0	26.342470582310778	23.8119617947728	23.689143291983505	26.156424330932914	0.0
35.0	26.280082140119404	23.67431554563309	23.804408037198062	26.241194277049445	0.0
36.0	26.144674041372213	23.853647345833405	23.723275085469368	26.27840352732502	0.0
37.0	26.249307572222314	23.846653125856793	23.674595314432153	26.229443987488736	0.0
38.0	26.313374627208074	23.681029996810636	23.789580290847642	26.216015085133648	0.0
39.0	26.172930690077717	23.78482422126355	23.73026930544598	26.311975783212755	0.0
40.0	26.30917809522211	23.71460225269837	23.766919018123424	26.2093006339561	0.0
41.0	26.17041277088614	23.845534050660532	23.716560634291824	26.267492544161502	0.0
42.0	26.234759594670965	23.814199945165313	23.694738667964792	26.256301792198926	0.0
43.0	26.183561904442172	23.765520174128103	23.915196481627582	26.135721439802147	0.0
44.0	26.1921614597176	23.82504427328859	23.720690803186	26.26210346380781	0.0
45.0	26.219578725320964	23.72404801938233	23.763495309689205	26.2928779456075	0.0
46.0	26.119421775463785	23.776364638441805	23.75762018134563	26.34659340474878	0.0
47.0	26.239442254482583	23.726286163513215	23.698589129893495	26.33568245211071	0.0
48.0	26.230209909942676	23.847425714597456	23.72544685946413	26.19691751599574	0.0
49.0	26.280568152887625	23.770489510098226	23.706142866335234	26.24279947067891	0.0
50.0	26.30183052213105	23.676207688584626	23.746429460691196	26.275532328593133	0.0
51.0	26.11410618315293	23.692434233533554	23.943945680241942	26.249513903071573	0.0
52.0	26.246436454891604	23.77552533439272	23.782799302818102	26.195238907897572	0.0
53.0	26.28532420916576	23.783079070834464	23.744191316560308	26.187405403439467	0.0
54.0	26.145999737018066	23.893027901264272	23.816931000814126	26.144041360903536	0.0
55.0	26.34659340474878	23.662499055782945	23.739994796314896	26.250912743153375	0.0
56.0	26.37708811853211	23.69075562543539	23.656344159423007	26.275812096609492	0.0
57.0	26.189010743061775	23.71474932855864	23.76986347358997	26.326376454789614	0.0
58.0	26.232934198746644	23.831692032229185	23.723981647269472	26.211392121754702	0.0
59.0	26.340085049239033	23.814066696508505	23.68873097582811	26.15711727842435	0.0
60.0	26.287768576544313	23.68117726051925	23.80091763652641	26.230136526410025	0.0
61.0	26.152641002685765	23.84819829901522	23.727898388540734	26.27126230975828	0.0
62.0	26.247482094897045	23.854073410922112	23.670266338406446	26.228178155774394	0.0
63.0	26.29811996418979	23.68313563115488	23.808471351835273	26.210273052820053	0.0
64.0	26.17670098478066	23.777417188898838	23.73041629364369	26.315465532676814	0.0
65.0	26.31658460161146	23.721743509400177	23.76398836168308	26.197683527305283	0.0
66.0	26.18677260519248	23.833370635631155	23.712511190689348	26.267345568487016	0.0
67.0	26.240208146821843	23.807352282900627	23.692927484333033	26.259512085944493	0.0
68.0	26.185933303491492	23.76426812891674	23.915622202327665	26.1341763652641	0.0
69.0	26.19425303756424	23.821833533366345	23.721397377469287	26.262516051600127	0.0
70.0	26.22334874846478	23.722236676822188	23.762243279310432	26.2921712954026	0.0
71.0	26.110043335823253	23.78630319409357	23.766719542525898	26.336933927557276	0.0
72.0	26.233700107150547	23.732308269056993	23.70321255815645	26.330779065636005	0.0
73.0	26.228104778131218	23.84197671783595	23.733707101311825	26.19621140272101	0.0
74.0	26.287974798638096	23.770356506388467	23.692861199470684	26.248807495502753	0.0
75.0	26.303361953441268	23.681390774981047	23.748534723213062	26.266712548364623	0.0
76.0	26.117876796450325	23.686426571098448	23.936537778262707	26.259158854188524	0.0
77.0	26.24908726195372	23.779588799270368	23.78378529603487	26.18753864274104	0.0
78.0	26.295808259265165	23.767279075427833	23.75301098642853	26.183901678878474	0.0
79.0	26.143895076390226	23.89177514610803	23.814839372092177	26.149490405409566	0.0
80.0	26.347285286243043	23.65117599827664	23.749933555467894	26.25160516001242	0.0
81.0	26.373023799731982	23.685587271745547	23.673837080804944	26.267551847717524	0.0
82.0	26.187465378998553	23.70034858802267	23.779522272144852	26.332663760833924	0.0
83.0	26.22243608753308	23.832397983449063	23.729164451855127	26.216001477162727	0.0
84.0	26.333503057838755	23.815612043352488	23.68719960161369	26.163685297195073	0.0
85.0	26.291538207597316	23.68719960161369	23.798826103255912	26.22243608753308	0.0
86.0	26.14522076308884	23.846945798199428	23.730843045864784	26.27699039284695	0.0
87.0	26.237263667951723	23.86177337861807	23.675449443546086	26.22551350988412	0.0
88.0	26.297693052299394	23.67740780322402	23.812814386669725	26.21208475780686	0.0
89.0	26.17375686125302	23.782879460164168	23.72972398319168	26.31363969539114	0.0
90.0	26.30524672534285	23.721051247475113	23.768891176750355	26.204810850431677	0.0
91.0	26.196977411719946	23.82148712238629	23.708182026734406	26.273353439159358	0.0
92.0	26.2492935916876	23.797147509246255	23.699789056686118	26.25376984238002	0.0
93.0	26.196417880383393	23.76525422306276	23.911291901902967	26.127035994650882	0.0
94.0	26.20054106528873	23.818902594259782	23.72014558964646	26.260410750805026	0.0
95.0	26.226838964534206	23.719026530104102	23.767705620196786	26.28642888516491	0.0
96.0	26.10821865304398	23.775818801878902	23.772181858366228	26.34378068671089	0.0
97.0	26.24614274163993	23.729098065985347	23.701681107197512	26.323078085177215	0.0
98.0	26.223481785907122	23.846319553047618	23.742526780493673	26.187671880551584	0.0
99.0	26.287547944707267	23.7702235041671	23.705877580481364	26.236350970644274	0.0
100.0	26.31328631418156	23.671746264439363	23.740008896523364	26.274958524855712	0.0
101.0	26.112974656099013	23.694407220172167	23.937243140864418	26.2553749828644	0.0
102.0	26.252297569122906	23.769384209510328	23.791485635471947	26.186832585894816	0.0
103.0	26.30265524852914	23.759312673629083	23.75455667057405	26.183475407267732	0.0
104.0	26.140111850001258	23.902552295051237	23.812747766776802	26.1445880881707	0.0
105.0	26.346018805795605	23.645448365193893	23.760151968285854	26.248380860724644	0.0
106.0	26.383507300464686	23.68433568429092	23.675383207952034	26.25677380729235	0.0
107.0	26.19431295531608	23.692942111211828	23.78610355748033	26.326641375991766	0.0
108.0	26.222289365606922	23.821913362652612	23.733787670236456	26.22200960150401	0.0
109.0	26.330278309329575	23.808764449815914	23.684828952227484	26.176128288627034	0.0
110.0	26.281599355423506	23.67084074708206	23.804008460066473	26.24355143742796	0.0
111.0	26.151509047571086	23.84345519857656	23.734626962545182	26.27040879130717	0.0
112.0	26.247188370765773	23.85968151654525	23.668602634258793	26.224527478430186	0.0
113.0	26.31097458622889	23.666644285538435	23.810163270330456	26.212217857902214	0.0
114.0	26.168015129642686	23.785823793377425	23.732668613824824	26.313492463155068	0.0
115.0	26.299224493906735	23.714483947135776	23.774073701055272	26.212217857902214	0.0
116.0	26.190676021978266	23.820514542138067	23.72931144458992	26.25949799129374	0.0
117.0	26.245509786148318	23.798692942111213	23.700495741990355	26.255301529750113	0.0
118.0	26.20074752968297	23.762603372836026	23.916753393538567	26.119895703942436	0.0
119.0	26.204178008801403	23.8155454156327	23.719026530104102	26.261250045461793	0.0
120.0	26.223481785907122	23.72014558964646	23.766306795768834	26.290065828677577	0.0
121.0	26.11129606678547	23.768824679739147	23.77358068279418	26.3462985706812	0.0
122.0	26.244743917211977	23.72042535453205	23.710353818650805	26.324476909605167	0.0
123.0	26.22488061033507	23.82841460036985	23.745604194235163	26.201100595059913	0.0
124.0	26.285030060736958	23.752038786603737	23.713710997277886	26.24922015538142	0.0
125.0	26.31160772486802	23.674543913295267	23.743645840036034	26.270202521800677	0.0
126.0	26.110456772128703	23.69944298811279	23.9433979683474	26.246702271411102	0.0
127.0	26.256494042406764	23.769384209510328	23.79372375455667	26.18039799352624	0.0
128.0	26.296500421046154	23.76127102782821	23.75679478965877	26.185433761466864	0.0
129.0	26.146266677484242	23.899754646195337	23.816384710289473	26.13759396603095	0.0
130.0	26.34797715999474	23.64376977588035	23.762669852256163	26.245583211868745	0.0
131.0	26.38826330351972	23.683216624748564	23.676782032379986	26.25173803935173	0.0
132.0	26.194179755037183	23.696991400003355	23.788195007861415	26.320633837098047	0.0
133.0	26.219358665182043	23.832957514785615	23.72272984148477	26.224953978547568	0.0
134.0	26.33602094885324	23.808617901645583	23.692515149310935	26.162846000190243	0.0
135.0	26.28902031658283	23.66397905114676	23.815332277684213	26.231668354586198	0.0
136.0	26.14522076308884	23.842749313175286	23.739515781581346	26.27251414215453	0.0
137.0	26.256287733394508	23.860094784608414	23.666496942161245	26.217120539835832	0.0
138.0	26.311681335713207	23.668175536170903	23.80945719865041	26.210685929465477	0.0
139.0	26.163685297195073	23.777563912466917	23.7400753129179	26.31867547742011	0.0
140.0	26.3046871940063	23.710420152080616	23.779242506476574	26.205650147436504	0.0
141.0	26.20152696528938	23.814000072739276	23.726153407135723	26.258319554835623	0.0
142.0	26.253283758718222	23.791898523112906	23.70656975556805	26.248247962600825	0.0
143.0	26.19705070207391	23.757767016094963	23.928424551184673	26.116757730646455	0.0
144.0	26.203558639212176	23.805393912264996	23.72034467323187	26.27070277529096	0.0
145.0	26.240487914055503	23.706636078782452	23.764827663384064	26.288048343777977	0.0
146.0	26.1107489669566	23.769650206049146	23.774686030343638	26.344914796650613	0.0
147.0	26.252385029012025	23.713483177502113	23.711804564707727	26.322327228778136	0.0
148.0	26.230842831484065	23.830426535511055	23.74341843900201	26.195312194002874	0.0
149.0	26.28379266835834	23.75187795331765	23.71830560350495	26.24602377481906	0.0
150.0	26.30673377406368	23.669345926694774	23.750479105408786	26.27344119383276	0.0
151.0	26.11061529724119	23.69088818449125	23.945758273485957	26.252738244781597	0.0
152.0	26.25050008812742	23.767824819478676	23.803915095527323	26.177759996866577	0.0
153.0	26.29862045619228	23.758592423280188	23.765586662824496	26.177200457703037	0.0
154.0	26.147265112453383	23.89036389629501	23.81958219210658	26.142788799145023	0.0
155.0	26.35597322045563	23.63465449855499	23.759431732025504	26.249940548963874	0.0
156.0	26.39206349650428	23.693685880308976	23.671584083348954	26.24266653983779	0.0
157.0	26.1951789970792	23.704942982799718	23.77964167011717	26.320236350003917	0.0
158.0	26.225394196443556	23.823845387705774	23.731521167425775	26.21923924842489	0.0
159.0	26.336463031144035	23.79782674380868	23.692073546033416	26.173636679013867	0.0
160.0	26.278270795331192	23.666054902136327	23.808458017659106	26.247216284873375	0.0
161.0	26.148177575845743	23.840072068845892	23.745789456014503	26.265960899293862	0.0
162.0	26.25588916617241	23.852381964883225	23.678644568538143	26.213084300406226	0.0
163.0	26.313242090891798	23.66633467250081	23.804821002920804	26.215602233686592	0.0
164.0	26.153772983135443	23.77572488501438	23.749986011481774	26.320516120368403	0.0
165.0	26.309605076153492	23.705502523528686	23.785516847771348	26.19937555254647	0.0
166.0	26.2142767216417	23.80824485570803	23.733825730552407	26.243652692097864	0.0
167.0	26.257081707163536	23.788940646551122	23.712283352217884	26.241694294067454	0.0
168.0	26.20084770657602	23.7497726859429	23.933862100801544	26.115517506679538	0.0
169.0	26.20567713200199	23.809710324143758	23.718224903059028	26.266387640795223	0.0
170.0	26.237571132013183	23.703396990773122	23.772780429393958	26.286251447819737	0.0
171.0	26.11706249842628	23.76585262133043	23.782359211376676	26.334725668866614	0.0
172.0	26.243033639965084	23.712762147765172	23.72479240806643	26.31941180420332	0.0
173.0	26.226806777233154	23.833344524273148	23.74745406119206	26.192394637301643	0.0
174.0	26.28031704021196	23.74192501489798	23.72905539810481	26.248702546785253	0.0
175.0	26.308574242301315	23.671981445369873	23.74668117762589	26.27276313470292	0.0
176.0	26.112732247622617	23.68904767633473	23.953993917707194	26.244226158335454	0.0
177.0	26.256816000850513	23.759830568697176	23.815785424319657	26.16756800613265	0.0
178.0	26.297942819733038	23.75451485741304	23.7648665057032	26.182675817150724	0.0
179.0	26.149662452333455	23.88405034817909	23.822220232716244	26.144066966771206	0.0
180.0	26.362011129420782	23.63533101493715	23.760669891531514	26.241987964110557	0.0
181.0	26.38803013728524	23.67981512515702	23.680934222269475	26.251220515288264	0.0
182.0	26.18246929468707	23.70646000615505	23.79626780068825	26.31480289846963	0.0
183.0	26.214923201745798	23.831519458355483	23.73779481297037	26.215762526928348	0.0
184.0	26.337744453459415	23.792910499958033	23.69862630445122	26.170718742131328	0.0
185.0	26.280390565984945	23.66365442184484	23.81333407940016	26.242620932770055	0.0
186.0	26.1508547128109	23.83851383487676	23.740872338639736	26.26975911367261	0.0
187.0	26.263883837394737	23.842990235850376	23.670928573426963	26.222197353327925	0.0
188.0	26.31816019919984	23.666452172453347	23.800744201661864	26.214643426684948	0.0
189.0	26.166801891279412	23.77108804521165	23.75066446576952	26.311445597739418	0.0
190.0	26.31032649749601	23.694989228660155	23.78647567355846	26.20820860028537	0.0
191.0	26.199888649214248	23.820954651133512	23.73366458793215	26.245492111720093	0.0
192.0	26.239896594848204	23.791857963399725	23.722193778344792	26.24605166340728	0.0
193.0	26.20408528686816	23.73981965649122	23.92698969585568	26.129105360784937	0.0
194.0	26.197443960741744	23.81066956142216	23.728135456651408	26.263751021184685	0.0
195.0	26.240249784571994	23.704354443412377	23.763667088196783	26.29172868381884	0.0
196.0	26.12113802258923	23.758977357614285	23.78163932775084	26.33824529204565	0.0
197.0	26.243474173675114	23.715398432123013	23.721273774151854	26.319853620050026	0.0
198.0	26.223609922053797	23.8345839418509	23.75009092791235	26.191715208182952	0.0
199.0	26.286074001538783	23.734489753095055	23.726096383856753	26.253339861509406	0.0
200.0	26.31181366720291	23.67014058893474	23.75659229208925	26.261453451773097	0.0
201.0	26.11876617472197	23.688606001259004	23.954116248163952	26.23851157585507	0.0
202.0	26.26117367279849	23.75966986080996	23.816464992655803	26.162691473735748	0.0
203.0	26.30957543540603	23.75743162901308	23.76162831363223	26.171364621948662	0.0
204.0	26.147303630132196	23.889207526054417	23.820941456249564	26.142547387563823	0.0
205.0	26.35741764006435	23.630411974540113	23.76330698747989	26.248863397915645	0.0
206.0	26.384556200601523	23.67685528432538	23.691124012030496	26.247464503042593	0.0
207.0	26.187665070056852	23.704619723353776	23.7994650611039	26.308250145485474	0.0
208.0	26.2150834862796	23.8296812749004	23.73175835981915	26.223476879000852	0.0
209.0	26.34657997224585	23.79778638255965	23.6920296342719	26.163604010922604	0.0
210.0	26.287840635666722	23.65760170107996	23.810363158189247	26.244194505064073	0.0
211.0	26.151306586089195	23.82435230261317	23.74433439650831	26.280006714789323	0.0
212.0	26.271893011023444	23.854568854568857	23.667953667953668	26.20558446645403	0.0
213.0	26.321694365172625	23.658720832633875	23.81316098707403	26.206423815119468	0.0
214.0	26.1694924738403	23.776509428683344	23.746852442504615	26.30714565497174	0.0
215.0	26.30966370096805	23.700688265905654	23.78854009288792	26.201107940238376	0.0
216.0	26.212372593510697	23.818823285835393	23.742442343579945	26.226361777073965	0.0
217.0	26.24902425444646	23.7880470819962	23.72593510697529	26.23699355658205	0.0
218.0	26.19278773652212	23.750276286375374	23.929897403327747	26.127038573774758	0.0
219.0	26.208395818877722	23.81650513687132	23.71830024397341	26.256798800277547	0.0
220.0	26.248685005707635	23.690881214047497	23.772019159746627	26.28841462049824	0.0
221.0	26.123693745366033	23.748303792510107	23.77852076717541	26.34948169494845	0.0
222.0	26.245754223393597	23.717873390521916	23.717034027766122	26.31933835831837	0.0
223.0	26.22924675586295	23.830347999798555	23.7542457766064	26.186159467732097	0.0
224.0	26.294657970795527	23.72590658933273	23.735139657145414	26.24429578272633	0.0
225.0	26.321517804432432	23.65791763543931	23.757802641776554	26.2627619183517	0.0
226.0	26.12062863202308	23.691772217419164	23.947780006770916	26.239819143786846	0.0
227.0	26.257725699544782	23.765077180053215	23.81599894798985	26.161198172412153	0.0
228.0	26.30668893794539	23.755844112240528	23.768714449191545	26.16875250062253	0.0
229.0	26.141759161073168	23.887479050611486	23.82368658875406	26.147075199561286	0.0
230.0	26.356918824092286	23.630910245684916	23.769127246376	26.243043683846796	0.0
231.0	26.382659642034756	23.675956677084237	23.69358354154484	26.24780013933617	0.0
232.0	26.178485092667202	23.703442564240305	23.807245500940102	26.310826842152384	0.0
233.0	26.219614558152028	23.825991583848154	23.72694511594592	26.227448742053898	0.0
234.0	26.330692094189274	23.794934640522875	23.705121317933568	26.169251947354283	0.0
235.0	26.2881636672934	23.653079953442564	23.813400931148713	26.24535544811532	0.0
236.0	26.15666129465485	23.819836153639535	23.73701763810547	26.286484913600145	0.0
237.0	26.26550049243442	23.839701405676426	23.680219804816904	26.214578297072254	0.0
238.0	26.322298325722983	23.654199122571402	23.815919061688604	26.20758349001701	0.0
239.0	26.166454024532186	23.774789596203778	23.74709016026502	26.311666218999015	0.0
240.0	26.313344842734388	23.701065225846346	23.77773238683899	26.207857544580275	0.0
241.0	26.214860954875398	23.801928555038813	23.737568767034357	26.24564172305144	0.0
242.0	26.25472577228424	23.776196379449782	23.720788360958057	26.248289487307925	0.0
243.0	26.200071646068423	23.743954862976892	23.92782778076303	26.128145710191653	0.0
244.0	26.220630011615054	23.803579675058426	23.714017828405098	26.261772484921426	0.0
245.0	26.24657810321952	23.686523464834938	23.772175850505796	26.294722581439743	0.0
246.0	26.119428053163734	23.751245675127926	23.778398593646777	26.350927678061563	0.0
247.0	26.251280816587062	23.703365678034906	23.724922591084958	26.320430914293073	0.0
248.0	26.232014312953055	23.826923023079356	23.7524463894232	26.18861627454439	0.0
249.0	26.306004625403883	23.73347370071509	23.723954104345975	26.23656756953505	0.0
