# Position (bp)	A	C	G	T	N
0.0	26.214660446687805	23.870602296014447	23.87564391906119	26.039093338236558	0.0
1.0	26.20012870967072	23.878906145738494	23.863188144475124	26.05777700011566	0.0
2.0	26.097774350914133	23.825862605833247	23.836835159621003	26.23952788363162	0.0
3.0	26.16163383439249	23.961876406726788	23.83614209163778	26.040347667242948	0.0
4.0	26.10445220712519	23.882203626054928	23.824378903168792	26.18896526365108	0.0
5.0	26.19924448635153	23.855313799095043	23.725144846317612	26.22029686823581	0.0
6.0	26.052161846420248	23.88823986384311	23.84613559945205	26.21346269028459	0.0
7.0	26.09006327199844	23.905489305431193	23.71899405231355	26.28545337025682	0.0
8.0	26.12575752185102	23.883433545617343	23.731039717270903	26.259769215260732	0.0
9.0	26.063380344325626	23.860573915569958	23.98450030685123	26.091545433253188	0.0
10.0	26.116500249033514	23.975701444394375	23.862746958233522	26.04505134833859	0.0
11.0	26.127469582335223	23.78803690439485	23.886464435642623	26.198029077627304	0.0
12.0	26.109681474278396	23.81560847188293	23.838733012356805	26.235977041481867	0.0
13.0	26.159488176837513	23.829246021393164	23.914036003130708	26.097229798638615	0.0
14.0	26.259398050423354	23.791890994473828	23.789815715200533	26.158895239902286	0.0
15.0	26.10434504186135	23.872233949197163	23.770545264805634	26.252875744135856	0.0
16.0	26.081516969855084	23.855928183478404	23.860375210492613	26.202179636173895	0.0
17.0	26.115314375163056	23.89713730047672	23.94101463368356	26.04653369067666	0.0
18.0	26.028152645684603	23.901287859023316	23.930934705784694	26.139624789507387	0.0
19.0	26.277482626947794	23.768766453999955	23.85918933662216	26.094561582430092	0.0
20.0	26.066835455046757	23.837109330993222	23.93227514482399	26.16378006913604	0.0
21.0	26.167337669653072	23.927828144177692	23.738089449935668	26.166744736233564	0.0
22.0	26.132058131192448	23.824954195893344	23.80509092633988	26.23789674657433	0.0
23.0	26.145399133131342	23.90144260700966	23.85163619977113	26.101522060087873	0.0
24.0	26.16585533610431	23.85578673370767	23.811316727244698	26.16704120294332	0.0
25.0	26.224259277925682	23.856972600546687	23.857269067256436	26.0614990542712	0.0
26.0	26.213290009664814	23.875946469970888	23.837109330993222	26.073654189371076	0.0
27.0	26.123164129899855	23.80301565937161	23.827029462861617	26.24679074786692	0.0
28.0	26.18156807172123	23.942651479665347	23.831476463507915	26.04430398510551	0.0
29.0	26.12998286422418	23.87149946932459	23.819321328408034	26.179196338043205	0.0
30.0	26.21388294308432	23.846892732415075	23.70666397870183	26.232560345798774	0.0
31.0	26.077508256597863	23.881579337456195	23.833551730476184	26.207360675469754	0.0
32.0	26.09025632511725	23.88395107113422	23.729195448643072	26.296597155105456	0.0
33.0	26.131168731063187	23.8771323368099	23.719412047221216	26.272286884905693	0.0
34.0	26.086402257890462	23.854304400158906	23.99038261993561	26.068910722015026	0.0
35.0	26.13413339816072	23.969333483543135	23.865570135129527	26.03096298316662	0.0
36.0	26.13769099867776	23.781077122849876	23.868534802227057	26.212697076245306	0.0
37.0	26.133243998031464	23.806276793178892	23.84155633163952	26.218922877150124	0.0
38.0	26.170895270170114	23.84244573176878	23.88246873758546	26.10419026047565	0.0
39.0	26.239082613413338	23.798568658725312	23.803905059500867	26.15844366836048	0.0
40.0	26.109230194541453	23.870313602485577	23.779594789301107	26.24086141367186	0.0
41.0	26.092628058795274	23.85756553396619	23.853415000029646	26.196391407208885	0.0
42.0	26.11634539557553	23.89758853978287	23.93998327927757	26.04608278536403	0.0
43.0	26.004280979288836	23.915080075658306	23.939390345858065	26.141248599194792	0.0
44.0	26.261910550064332	23.784931190076666	23.865570135129527	26.08758812472947	0.0
45.0	26.07379605583028	23.836375063739965	23.920571110083365	26.169257770346388	0.0
46.0	26.158881497029423	23.907526652199177	23.77026337946328	26.163328471308123	0.0
47.0	26.1428723896261	23.82006949138473	23.804060383981408	26.232997735007768	0.0
48.0	26.15117340827967	23.89122107984394	23.85416296085477	26.103442551021615	0.0
49.0	26.15295219799115	23.848826591720325	23.81829070167325	26.179930508615275	0.0
50.0	26.233590664911592	23.85445942580668	23.850308916479893	26.06164099280183	0.0
51.0	26.207501749143212	23.85090184638372	23.85416296085477	26.087433443618295	0.0
52.0	26.121230448136423	23.792498250856784	23.830445764701697	26.2558255363051	0.0
53.0	26.190306781932236	23.932726173111813	23.831335159557437	26.045631885398507	0.0
54.0	26.13931481020314	23.867800348642785	23.817401306817505	26.175483534336568	0.0
55.0	26.208391143998956	23.85238417114329	23.706523414801904	26.232701270055852	0.0
56.0	26.075871310493675	23.876397832248273	23.843490222585885	26.20424063467217	0.0
57.0	26.106703665492663	23.875211972440617	23.714527968503564	26.303556393563156	0.0
58.0	26.145244109241407	23.880844806526973	23.717789082974612	26.25612200125701	0.0
59.0	26.067273826888187	23.8482336618165	23.99201916349449	26.09247334780082	0.0
60.0	26.153248662943067	23.96830196734142	23.852977101047117	26.0254722686684	0.0
61.0	26.1230092378479	23.77530328364581	23.878473086911665	26.223214391594624	0.0
62.0	26.13219965135722	23.80969321806776	23.84052557306675	26.217581557508275	0.0
63.0	26.18526687774971	23.857424075325813	23.867207418738957	26.090101628185515	0.0
64.0	26.24129875366134	23.80702503350054	23.797834619991225	26.153841592846895	0.0
65.0	26.11144710472328	23.87610136729636	23.780343187828336	26.232108340152028	0.0
66.0	26.09454860246422	23.85890640008538	23.855645285614337	26.190899711836067	0.0
67.0	26.118858728521115	23.885588245757585	23.93865547215008	26.05689755357122	0.0
68.0	26.03080863780284	23.88944229013246	23.942509516524957	26.137239555539743	0.0
69.0	26.274799293227552	23.78004672287642	23.862760444460257	26.082393539435767	0.0
70.0	26.078681331712666	23.8320832468649	23.923986837034185	26.16524858438825	0.0
71.0	26.169991995493756	23.90442026622395	23.758856837923574	26.16673090035872	0.0
72.0	26.145682013578014	23.820521182295217	23.807773264949155	26.22602353917761	0.0
73.0	26.15072188787762	23.897305149565682	23.84660994337553	26.105363019181173	0.0
74.0	26.148053719130772	23.835047878805845	23.82200349826569	26.194894903797696	0.0
75.0	26.238178530135485	23.848981648928287	23.84868518573419	26.06415463520204	0.0
76.0	26.205567578785093	23.871809314873556	23.851649817675135	26.07097328866621	0.0
77.0	26.128783611514628	23.804215706620024	23.82733983575939	26.239660846105956	0.0
78.0	26.188372713527613	23.933177196051112	23.849574575316474	26.0288755151048	0.0
79.0	26.13738104414337	23.876256262784974	23.819038866324746	26.16732382674691	0.0
80.0	26.201120630873675	23.85787554475112	23.714683822003497	26.226320002371708	0.0
81.0	26.088464617117786	23.859061397527498	23.84660994337553	26.205864041979186	0.0
82.0	26.084017669206368	23.882778453055053	23.745219530995225	26.287984346743354	0.0
83.0	26.136788117755184	23.889300643325132	23.714683822003497	26.259227416916193	0.0
84.0	26.076013162965815	23.836530194776316	23.995730930005042	26.091725712252824	0.0
85.0	26.156651151759508	23.95867303074323	23.86113663988616	26.0235391776111	0.0
86.0	26.117221546944947	23.77753401915152	23.89463698081883	26.210607453084698	0.0
87.0	26.145978476772108	23.81548130799561	23.830897394088524	26.207642821143757	0.0
88.0	26.170881385076044	23.87595979959088	23.872995167649936	26.08016364768314	0.0
89.0	26.249444131511073	23.796507663573568	23.808069728143252	26.145978476772108	0.0
90.0	26.100916071269754	23.87803504194954	23.790874862885772	26.230174023894932	0.0
91.0	26.097654976134717	23.844831164210962	23.871809314873556	26.185704544780762	0.0
92.0	26.132341169843766	23.860543713497968	23.954226082831816	26.05288903382645	0.0
93.0	26.024132103999285	23.88455723221962	23.94651803978536	26.144792623995734	0.0
94.0	26.26130265927485	23.771011828881445	23.890190032907416	26.077495478936292	0.0
95.0	26.092163931315817	23.81534010055972	23.93985390380419	26.152642064320275	0.0
96.0	26.14878806564842	23.90991129873826	23.784804572621194	26.156496062992122	0.0
97.0	26.15946067735509	23.80703918034342	23.80288872023527	26.230611422066218	0.0
98.0	26.14552698984916	23.89449530405085	23.85536239445973	26.104615311640263	0.0
99.0	26.151752680011388	23.84617208993454	23.81118964045157	26.1908855896025	0.0
100.0	26.238912342282518	23.862181007494545	23.828680865193057	26.070225785029884	0.0
101.0	26.20511573854473	23.868703159093066	23.83757470828195	26.08860639408026	0.0
102.0	26.128925149416567	23.78035765107675	23.831941940992316	26.258775258514373	0.0
103.0	26.207190968598802	23.910504221610854	23.852101318660466	26.03020349112987	0.0
104.0	26.149973911393605	23.866924390475287	23.82097286784935	26.162128830281755	0.0
105.0	26.22053173323214	23.851508395787878	23.718397210890807	26.209562660089176	0.0
106.0	26.083566549663217	23.86010577744047	23.844393321316762	26.211934351579547	0.0
107.0	26.09157100844322	23.86811023622047	23.757826581918223	26.28249217341808	0.0
108.0	26.147898681339534	23.883526230907883	23.712764443601174	26.255810644151406	0.0
109.0	26.08030547386396	23.818008253486386	24.014265724314583	26.08742054833507	0.0
110.0	26.144341144103976	23.952008822692346	23.871371312019733	26.03227872118395	0.0
111.0	26.13337207096101	23.762569964898965	23.895384688359737	26.208673275780285	0.0
112.0	26.142562375486193	23.822751636467128	23.850026088606395	26.184659899440284	0.0
113.0	26.159164215918796	23.880858077981216	23.88293330803529	26.077044398064697	0.0
114.0	26.265000948676597	23.776800113841194	23.81860117635898	26.139597761123234	0.0
115.0	26.118548999146192	23.886787306707145	23.777393036713786	26.217270657432877	0.0
116.0	26.100464851532113	23.83490655535528	23.892420073996774	26.172208519115834	0.0
117.0	26.14552698984916	23.855658855896024	23.954380514182716	26.0444336400721	0.0
118.0	26.01656626506024	23.894198842614554	23.968610663124938	26.120624229200267	0.0
119.0	26.257885874205485	23.78510103405749	23.883229769471587	26.07378332226544	0.0
120.0	26.085796448370935	23.803919243425927	23.94503572381489	26.16524858438825	0.0
121.0	26.160801636476833	23.904123803029854	23.783759746227506	26.15131481426581	0.0
122.0	26.148943108713052	23.824671667012538	23.8160742343838	26.210310989890605	0.0
123.0	26.174735406599268	23.88989356971332	23.84660994337553	26.08876108031188	0.0
124.0	26.145682013578014	23.845424090599153	23.82200349826569	26.186890397557143	0.0
125.0	26.23106341347722	23.855503839198363	23.84987103851057	26.063561708813847	0.0
126.0	26.22187305446029	23.8587649343334	23.836826657970413	26.082535353235897	0.0
127.0	26.143013844831163	23.76597195458184	23.828229225341673	26.262784975245324	0.0
128.0	26.206456968367377	23.915982330793632	23.84720286976372	26.030357831075275	0.0
129.0	26.159022857312266	23.852242744063325	23.819038866324746	26.169695532299663	0.0
130.0	26.22750585514808	23.831193857282617	23.73217515045507	26.209125137114224	0.0
131.0	26.087652567823564	23.873658870649763	23.863282628094716	26.175405933431957	0.0
132.0	26.081130358217543	23.87603058323377	23.754480313303233	26.288358745245453	0.0
133.0	26.12648936138674	23.897672460562866	23.726019762295106	26.24981841575529	0.0
134.0	26.066900082713477	23.82385290638554	24.012700520887375	26.096546490013605	0.0
135.0	26.160286265708887	23.950739529630102	23.87425179879576	26.014722405865243	0.0
136.0	26.125007041021735	23.76782119658829	23.900044173146878	26.207127589243097	0.0
137.0	26.121745936218723	23.81733069677951	23.857056882561686	26.20386648444008	0.0
138.0	26.170662508263938	23.870397765846747	23.881366936547792	26.077572789341524	0.0
139.0	26.25900880201833	23.773454013975318	23.838676110035607	26.12886107397075	0.0
140.0	26.117002511050696	23.88462804135081	23.782051472092355	26.216317975506136	0.0
141.0	26.095953561867606	23.82385290638554	23.888482074299827	26.19171145744703	0.0
142.0	26.139237316525797	23.863282628094716	23.95489002665212	26.042590028727368	0.0
143.0	26.047036989822388	23.883442185058804	23.95459356257912	26.114927262539688	0.0
144.0	26.27272403856416	23.76670580004032	23.891517544795853	26.069052616599663	0.0
145.0	26.071578922402804	23.817838994859265	23.95806774857251	26.152514334165417	0.0
146.0	26.160892960377108	23.91633684647426	23.78411230192259	26.138657891226043	0.0
147.0	26.149627192007234	23.804568565541572	23.827100102281317	26.218704140169873	0.0
148.0	26.165932909384683	23.88965476349298	23.853485717673912	26.090926609448424	0.0
149.0	26.141700068780683	23.825095462846573	23.846737660982377	26.186466807390367	0.0
150.0	26.238941726158004	23.844958850176695	23.846737660982377	26.06936176268292	0.0
151.0	26.233605293740958	23.868083390650572	23.833100111472145	26.06521120413633	0.0
152.0	26.150001185873872	23.757204183763015	23.81946256196191	26.273332068401206	0.0
153.0	26.201290230771058	23.913739534663094	23.842290633968172	26.04267960059768	0.0
154.0	26.160081113772737	23.84199416550056	23.848516471788063	26.149408248938645	0.0
155.0	26.22886179825914	23.82035196736475	23.74030548110903	26.210480753267085	0.0
156.0	26.075071967933876	23.857481255725567	23.863114173310052	26.20433260303051	0.0
157.0	26.088116619182163	23.86489298938936	23.766168696987574	26.280821694440903	0.0
158.0	26.14237050960116	23.876158824558335	23.723773580430652	26.257697085409852	0.0
159.0	26.08989543526147	23.81004616027726	24.004530051615312	26.09552835284596	0.0
160.0	26.163123363859793	23.928930368244576	23.888314067766963	26.01963220012867	0.0
161.0	26.129325858352875	23.759053432670328	23.885942312994548	26.22567839598225	0.0
162.0	26.15956573170117	23.808267344197947	23.84295425774452	26.189212666356358	0.0
163.0	26.175871545761524	23.8393966255859	23.900765780322146	26.08396604833043	0.0
164.0	26.249988882399506	23.763204003522056	23.837024870813483	26.14978224326496	0.0
165.0	26.12369294076839	23.865782397429015	23.803227365306565	26.20729729649603	0.0
166.0	26.10442243324251	23.835542524080722	23.898097556203176	26.161937486473587	0.0
167.0	26.154822222156337	23.869932968280743	23.952351446622178	26.022893362940742	0.0
168.0	26.031194504644194	23.88653525168765	23.9639137511377	26.118356492530452	0.0
169.0	26.287718424438633	23.77691208471933	23.87445078890727	26.060918701934767	0.0
170.0	26.078268603616962	23.82686036169582	23.95463978654017	26.14023124814705	0.0
171.0	26.17469959887222	23.901345690322238	23.80143433570808	26.122520375097462	0.0
172.0	26.149202932709553	23.80588142864343	23.826634529008388	26.21828110963863	0.0
173.0	26.1672877773133	23.891858558726828	23.849166466547484	26.091687197412384	0.0
174.0	26.150169879453777	23.82878048491245	23.843011224495847	26.178038411137926	0.0
175.0	26.230514263351694	23.866729123801505	23.83678527592811	26.065971336918693	0.0
176.0	26.23940847559132	23.845679488167733	23.84508654068509	26.06982549555586	0.0
177.0	26.135939139870384	23.754958523323587	23.829669906136413	26.279432430669615	0.0
178.0	26.206499890304713	23.907938973845084	23.84063943456528	26.044921701284917	0.0
179.0	26.189007939566793	23.83263464354962	23.84419711946113	26.13416029742246	0.0
180.0	26.24533795041773	23.78401294997302	23.743099573670758	26.227549525938485	0.0
181.0	26.06219444584446	23.860573915569958	23.867985781077213	26.209245857508368	0.0
182.0	26.08591241546767	23.856126796265606	23.77845044574959	26.279510342517128	0.0
183.0	26.133051880093806	23.867985781077213	23.74702413599884	26.251938202830143	0.0
184.0	26.094213704835802	23.787344684358295	24.011183022677344	26.107258588128563	0.0
185.0	26.153508628893825	23.93113487519901	23.88814605525694	26.02721044065023	0.0
186.0	26.132458930853225	23.75562189998725	23.890814326839553	26.221104842319974	0.0
187.0	26.155880425856143	23.79505302448584	23.84486076069458	26.204205788963435	0.0
188.0	26.18641731174603	23.82232868955253	23.893779073042452	26.097474925658986	0.0
189.0	26.236521522575064	23.764812613216247	23.846936083036613	26.151729781172083	0.0
190.0	26.12059994604162	23.874211748103303	23.810173230120636	26.19501507573444	0.0
191.0	26.107851537369143	23.834187674364134	23.893186123801872	26.164774664464847	0.0
192.0	26.16566408832572	23.857609169367056	23.948923352416415	26.027803389890806	0.0
193.0	26.043813019386477	23.881623613610557	23.97590254286282	26.09866082414015	0.0
194.0	26.276623499833974	23.774370286039563	23.87131777429913	26.077688439827334	0.0
195.0	26.078139545915434	23.83973625383197	23.931940680830373	26.150183519422228	0.0
196.0	26.182873643983122	23.894062432365924	23.78555143450946	26.13751248914149	0.0
197.0	26.17220043107921	23.801264775729113	23.823500635945603	26.203034157246073	0.0
198.0	26.181391253302028	23.88635400082421	23.84632945243453	26.08592529343923	0.0
199.0	26.147966746913653	23.821792393534384	23.848475504903764	26.181765354648196	0.0
200.0	26.230543449257315	23.85365709033769	23.843280263274927	26.072519197130067	0.0
201.0	26.24894006866576	23.850382168248903	23.83288959518035	26.067788167904983	0.0
202.0	26.167872390891837	23.734582542694497	23.825604838709676	26.271940227703983	0.0
203.0	26.219179544349437	23.904161576868795	23.853461260214186	26.023197618567583	0.0
204.0	26.183473181723844	23.824828772200316	23.85833308625137	26.133364959824473	0.0
205.0	26.24338059573156	23.78893810819946	23.743276820076733	26.22440447599224	0.0
206.0	26.073858835040696	23.858983292070036	23.872918921322995	26.194238951566273	0.0
207.0	26.09180372587565	23.86446185914257	23.77135944352034	26.272374971461442	0.0
208.0	26.1514284443522	23.861173296170556	23.74286519102756	26.244533068449687	0.0
209.0	26.110239675964504	23.77752804324427	24.00199260482673	26.110239675964504	0.0
210.0	26.146866521371702	23.929783984936766	23.885305934854483	26.03804355883705	0.0
211.0	26.142277230365046	23.770397013429488	23.893157159674182	26.194168596531288	0.0
212.0	26.15206245941354	23.785816162233168	23.864691038805848	26.197430339547452	0.0
213.0	26.17417424541198	23.833387202471854	23.90069891500636	26.091739637109807	0.0
214.0	26.249647871662198	23.77511231040669	23.840941776505996	26.13429804142512	0.0
215.0	26.128380842805083	23.857830389258403	23.815129688551764	26.198659079384758	0.0
216.0	26.1148952195689	23.838993680851882	23.900079767754256	26.146031331824958	0.0
217.0	26.163244124842468	23.881088294165618	23.952257394914376	26.003410186077545	0.0
218.0	26.047606762330933	23.872475320338886	23.978637154862835	26.101280762467344	0.0
219.0	26.274242334381114	23.790700432951784	23.86602218136528	26.06903505130182	0.0
220.0	26.080019927880056	23.84050578857468	23.93006263048017	26.149411653065098	0.0
221.0	26.180923149919188	23.897810002520647	23.803804694334474	26.117462153225684	0.0
222.0	26.164909627389054	23.814776922734755	23.825452604421514	26.19486084545468	0.0
223.0	26.164175165251635	23.881938122195763	23.854952211213686	26.098934501338917	0.0
224.0	26.14188359637729	23.831723041701512	23.848330100887885	26.178063261033312	0.0
225.0	26.225667548427655	23.85469923251207	23.851140555865292	26.06849266319498	0.0
226.0	26.232940492642392	23.844164625358093	23.85009578828121	26.072799093718306	0.0
227.0	26.136727600564658	23.756213003712976	23.822939773900046	26.28411962182232	0.0
228.0	26.217548354952935	23.886842589132666	23.866972721934555	26.028636333979843	0.0
229.0	26.166397779306745	23.833602220693255	23.86385204868443	26.136147951315568	0.0
230.0	26.245002787762317	23.79770335836388	23.740761830195616	26.216532023678184	0.0
231.0	26.070554739979535	23.853077687322983	23.86612690362857	26.210240669068906	0.0
232.0	26.084493675578692	23.86612690362857	23.759953734596735	26.289425686196005	0.0
233.0	26.143666792216692	23.86656504034901	23.73874127699202	26.25102689044228	0.0
234.0	26.103332611667845	23.764839864405975	24.018114792264143	26.113712731662037	0.0
235.0	26.153015739321017	23.922463009481554	23.88420462600206	26.04031662519537	0.0
236.0	26.129444597676603	23.788551481557274	23.90154784254061	26.18045607822551	0.0
237.0	26.145770000741454	23.797434566619707	23.872469785719584	26.184325646919255	0.0
238.0	26.168324084811562	23.858220309575852	23.891734461148793	26.08172114446379	0.0
239.0	26.251820303764582	23.771758376363188	23.844422233360717	26.13199908651151	0.0
240.0	26.14835225132505	23.86573614072969	23.810568963420604	26.175342644524658	0.0
241.0	26.11017017022955	23.8448920752344	23.912817790011655	26.132119964524385	0.0
242.0	26.15176513513273	23.8774535541495	23.963478121579413	26.00730318913836	0.0
243.0	26.04147816774599	23.878573568718426	23.99693853031656	26.083009733219022	0.0
244.0	26.272320302835222	23.799027533441517	23.879720304615212	26.04893185910805	0.0
245.0	26.089652492011737	23.833950934115002	23.92948373717205	26.14691283670121	0.0
246.0	26.163673910205436	23.901897720124854	23.817930428796924	26.116497940872783	0.0
247.0	26.168412869380475	23.822833862980204	23.848055142618918	26.1606981250204	0.0
248.0	26.164596964436733	23.903502915387012	23.863740894052015	26.068159226124244	0.0
249.0	26.147760857437895	23.828500551922232	23.877461395116974	26.146277195522906	0.0
