# Position (bp)	A	C	G	T	N
0.0	26.251270007828243	23.761221872449575	23.78259686759162	26.204911252130557	0.0
1.0	26.185201841025556	23.786205633005213	23.72180305023957	26.306789475729666	0.0
2.0	26.26614779079902	23.74079152626115	23.75328229696946	26.239778385970364	0.0
3.0	26.224794260099642	23.71677977156973	23.839182869117504	26.219243099213124	0.0
4.0	26.294711250249787	23.806034769866116	23.680032860409867	26.219221119474234	0.0
5.0	26.154127941343795	23.88403078229546	23.754152362926927	26.207688913433813	0.0
6.0	26.271506271506272	23.717671217671217	23.732933732933734	26.27788877788878	0.0
7.0	26.14760489592959	23.809523809523807	23.762628995424286	26.28024229912232	0.0
8.0	26.261098779134294	23.664816870144286	23.84406215316315	26.230022197558267	0.0
9.0	26.418198667117988	23.685568583493794	23.726076654588233	26.170156094799985	0.0
10.0	26.21531342074453	23.848774560123402	23.740019198650547	26.19589282048152	0.0
11.0	26.124036599508383	23.608791428301917	23.95114886722413	26.31602310496557	0.0
12.0	26.173697848752365	23.699790812391452	23.892332192141872	26.23417914671431	0.0
13.0	26.166761920087005	23.763601356112773	23.728089401346125	26.3415473224541	0.0
14.0	26.218642666503904	23.811043108183842	23.615449919820662	26.354864305491592	0.0
15.0	26.319907225018174	23.728089401346125	23.75167155880835	26.20033181482735	0.0
16.0	26.274962407266635	23.77969271061641	23.643748508775335	26.301596373341617	0.0
17.0	26.301596373341617	23.765543416139074	23.6834220207412	26.249438189778107	0.0
18.0	26.2916086360635	23.803274868078635	23.779415273469795	26.12570122238807	0.0
19.0	26.208377492079173	23.73086377281227	23.74473563014299	26.31602310496557	0.0
20.0	26.175844724408577	23.85176019509326	23.746056935493268	26.226338145004895	0.0
21.0	26.39300418372896	23.747100797904807	23.714640831862923	26.145254186503315	0.0
22.0	26.19158593290497	23.775399229838754	23.774844358624364	26.25817047863191	0.0
23.0	26.170500826758108	23.818679184561265	23.668309085461264	26.342510903219363	0.0
24.0	26.205180277657558	23.892199620468087	23.782889991233034	26.11973011064132	0.0
25.0	26.252621766487998	23.76763103283728	23.792322801877685	26.187424398797038	0.0
26.0	26.189643883654607	23.785386911697795	23.721576722042816	26.30339248260479	0.0
27.0	26.267603289276558	23.736280809224176	23.7662438548013	26.22987204669796	0.0
28.0	26.229039739876374	23.722686464471597	23.83005404445628	26.218219751195747	0.0
29.0	26.287578652994643	23.82006636259724	23.666921907425287	26.225433076982835	0.0
30.0	26.160790580506266	23.883599116645026	23.74182952136809	26.213780781480615	0.0
31.0	26.270932516562905	23.720466979614034	23.72185415765001	26.28674634617305	0.0
32.0	26.162177758542242	23.80758176027344	23.747933104726393	26.282307376457926	0.0
33.0	26.261499705918258	23.67108344153322	23.83088635127787	26.236530501270654	0.0
34.0	26.41103749819667	23.6785742029275	23.733506453152224	26.17688184572361	0.0
35.0	26.213225910266225	23.854468377889493	23.738222858474547	26.194082853369732	0.0
36.0	26.118342932605344	23.612544528414954	23.956287245730266	26.312825293249436	0.0
37.0	26.162732629756636	23.698549566645582	23.902464737934327	26.236253065663462	0.0
38.0	26.17244287600848	23.76430180555093	23.73128696829466	26.331968350145928	0.0
39.0	26.21932949362453	23.80508483980868	23.619202982987648	26.356382683579145	0.0
40.0	26.307276581105526	23.724628513721964	23.75126233201274	26.21683257315977	0.0
41.0	26.27564892188523	23.784277169269014	23.64583680127842	26.29423710756733	0.0
42.0	26.301172997747223	23.75764335097824	23.69383316132326	26.24735048995128	0.0
43.0	26.286191474958663	23.79565202916403	23.788993574591338	26.12916292128597	0.0
44.0	26.202405921585598	23.7348936311882	23.756256172942262	26.30644427428394	0.0
45.0	26.176531787096508	23.852182718583972	23.748699524199253	26.222585970120267	0.0
46.0	26.392025435155336	23.734484499758633	23.72394200518247	26.149548059903566	0.0
47.0	26.200873362445414	23.77776421433446	23.76805402196168	26.25330840125844	0.0
48.0	26.1792335051575	23.809114263995163	23.663461378403422	26.348190852443913	0.0
49.0	26.195602115157335	23.890679879926534	23.787196972639453	26.126521032276678	0.0
50.0	26.254973005665207	23.763615076876977	23.796629730944442	26.184782186513377	0.0
51.0	26.19171803820822	23.788584142978422	23.71534154908086	26.304356269732498	0.0
52.0	26.274115956342975	23.725884043657025	23.759176131792277	26.24082386820772	0.0
53.0	26.233333148377287	23.717283587555418	23.835747934503367	26.213635329563928	0.0
54.0	26.287155357529286	23.81549524755442	23.667345455352535	26.230003939563762	0.0
55.0	26.169523312784715	23.88513119857066	23.736703972300983	26.20864151634364	0.0
56.0	26.272451351936212	23.727548648063788	23.71672871941983	26.283271280580173	0.0
57.0	26.16092285668311	23.80661735738502	23.74086548331789	26.291594302613987	0.0
58.0	26.265238066173573	23.67428130704738	23.837967407045717	26.22251321973333	0.0
59.0	26.416162199053396	23.674003872979586	23.73281989535187	26.177014032615148	0.0
60.0	26.218629142784216	23.840741747723655	23.73365219755525	26.20697691193688	0.0
61.0	26.122082087191977	23.60991660331922	23.958928660603807	26.30907264888499	0.0
62.0	26.163142329225458	23.69758576874206	23.911210000943274	26.228061901089205	0.0
63.0	26.176736598547357	23.76000843399566	23.733374763487458	26.329880203969523	0.0
64.0	26.220016313123185	23.809114263995163	23.616020152810684	26.354849270070968	0.0
65.0	26.311292121427343	23.725051741453644	23.75002080755508	26.213635329563928	0.0
66.0	26.266347802444752	23.795797428741057	23.649589675013733	26.288265093800455	0.0
67.0	26.3087952148172	23.757234093317724	23.69925037314882	26.23472031871626	0.0
68.0	26.28992969820722	23.792468219927535	23.78414519789372	26.133456883971522	0.0
69.0	26.20836408227585	23.7269937799282	23.753627450436404	26.311014687359545	0.0
70.0	26.1675086767264	23.84622427152952	23.755226149752946	26.231040901991136	0.0
71.0	26.38522061434659	23.74545010653409	23.723810369318183	26.145518909801137	0.0
72.0	26.189630681818183	23.787619850852273	23.772638494318183	26.250110973011363	0.0
73.0	26.1810302734375	23.814808238636363	23.673040216619317	26.331121271306817	0.0
74.0	26.19712136008523	23.877785422585227	23.793168501420457	26.13192471590909	0.0
75.0	26.246504350142047	23.763205788352273	23.796497691761363	26.193792169744317	0.0
76.0	26.18435946377841	23.787064985795457	23.712158203125	26.316417347301137	0.0
77.0	26.274247602982953	23.724365234375	23.756824840198863	26.244562322443183	0.0
78.0	26.23263272372159	23.711603338068183	23.838112571022727	26.2176513671875	0.0
79.0	26.289506392045453	23.805930397727273	23.671653053977273	26.23291015625	0.0
80.0	26.169932972301137	23.887772993607957	23.744062943892043	26.198231090198863	0.0
81.0	26.26953125	23.73074618252841	23.71493252840909	26.2847900390625	0.0
82.0	26.157171075994317	23.81009188565341	23.755992542613637	26.276744495738637	0.0
83.0	26.267866654829547	23.677479137073863	23.8372802734375	26.21737393465909	0.0
84.0	26.408802379261363	23.6785888671875	23.738514293323863	26.17409446022727	0.0
85.0	26.222367720170453	23.834783380681817	23.740456321022727	26.202392578125	0.0
86.0	26.128040660511363	23.60506924715909	23.957685990767043	26.3092041015625	0.0
87.0	26.166881214488637	23.695789683948863	23.90414151278409	26.23318758877841	0.0
88.0	26.17464932528409	23.754050514914773	23.742120916193183	26.329179243607953	0.0
89.0	26.224864612926137	23.803156072443183	23.618386008522727	26.353593306107953	0.0
90.0	26.31308815696023	23.719371448863637	23.752940784801137	26.214599609375	0.0
91.0	26.268421519886363	23.787897283380683	23.651677911931817	26.292003284801137	0.0
92.0	26.308649236505683	23.7548828125	23.700783469460227	26.23568448153409	0.0
93.0	26.289228959517047	23.793445933948863	23.783180930397727	26.134144176136363	0.0
94.0	26.207108931107953	23.7152099609375	23.765425248579543	26.312255859375	0.0
95.0	26.17402184497668	23.842207912908624	23.762030134637634	26.221740107477064	0.0
96.0	26.389235677625187	23.741434318213344	23.72784019975031	26.141489804411155	0.0
97.0	26.188930503537243	23.780829518657235	23.77222915799695	26.258010819808575	0.0
98.0	26.170342627271463	23.81550839228742	23.675128311832434	26.339020668608683	0.0
99.0	26.2033569149674	23.893743931197115	23.77944236371203	26.123456790123456	0.0
100.0	26.24635871826883	23.76335136634762	23.803856290747678	26.186433624635875	0.0
101.0	26.190872520460534	23.783603828547648	23.714523512276322	26.311000138715496	0.0
102.0	26.27410181717298	23.718962408100985	23.760022194479124	26.24691358024691	0.0
103.0	26.234429185740048	23.702316548758496	23.84047718130115	26.222777084200306	0.0
104.0	26.28797336662505	23.802746566791512	23.671799139963934	26.237480926619504	0.0
105.0	26.172284644194754	23.876820640865585	23.740602025246222	26.21029268969344	0.0
106.0	26.267443473435982	23.7250658898599	23.722291579969482	26.285199056734637	0.0
107.0	26.15009016507144	23.810514634484672	23.758357608544873	26.281037591899015	0.0
108.0	26.267443473435982	23.671521708974893	23.850464696906645	26.21057012068248	0.0
109.0	26.420030517408794	23.677070328755722	23.736163129421556	26.16673602441393	0.0
110.0	26.22194479123318	23.835483423498406	23.74615064502705	26.196421140241366	0.0
111.0	26.127895685948122	23.59384103204328	23.96421140241365	26.314051879594953	0.0
112.0	26.175891247052295	23.69399361908725	23.906783187682066	26.223331946178384	0.0
113.0	26.17866555694271	23.75530586766542	23.748647523928422	26.31738105146345	0.0
114.0	26.239700374531832	23.795810792065474	23.617977528089888	26.346511305312802	0.0
115.0	26.316826189485365	23.72534332084894	23.752531557775004	26.20529893189069	0.0
116.0	26.264391732556525	23.78388125953669	23.65598557358857	26.295741434318217	0.0
117.0	26.315993896518243	23.75364128173117	23.699542238868084	26.230822582882507	0.0
118.0	26.29879317519767	23.783603828547648	23.78776529338327	26.129837702871413	0.0
119.0	26.211402413649605	23.727007906783186	23.75391871272021	26.307670966846995	0.0
120.0	26.1754090037703	23.849143706876703	23.756204067704445	26.219243221648554	0.0
121.0	26.39187899502841	23.722978071732957	23.742120916193183	26.143022017045453	0.0
122.0	26.17825594815341	23.784845525568183	23.783735795454543	26.253162730823863	0.0
123.0	26.18019797585227	23.816472833806817	23.671930486505683	26.33139870383523	0.0
124.0	26.203779740767047	23.885553533380683	23.784845525568183	26.12582120028409	0.0
125.0	26.255382191051137	23.744062943892043	23.801768909801137	26.198785955255683	0.0
126.0	26.192127574573863	23.787619850852273	23.716597123579543	26.303655450994317	0.0
127.0	26.28395774147727	23.713267933238637	23.76431551846591	26.238458806818183	0.0
128.0	26.234852183948863	23.69662198153409	23.838390003551137	26.23013583096591	0.0
129.0	26.28395774147727	23.793445933948863	23.692183061079543	26.230413263494317	0.0
130.0	26.175481622869317	23.870017311789773	23.75155362215909	26.202947443181817	0.0
131.0	26.26426003196023	23.71493252840909	23.73324307528409	26.28756436434659	0.0
132.0	26.153009588068183	23.802601207386363	23.763205788352273	26.281183416193183	0.0
133.0	26.267866654829547	23.670543323863637	23.846435546875	26.215154474431817	0.0
134.0	26.413314578842385	23.670886427130757	23.74579341761757	26.170005576409295	0.0
135.0	26.21744667038427	23.83790127258654	23.751342083579555	26.193309973449637	0.0
136.0	26.125061382117202	23.587656437700964	23.96774005609701	26.319542124084816	0.0
137.0	26.1666763768321	23.698352323642588	23.910588796688558	26.224382502836757	0.0
138.0	26.171187917191478	23.751407977894054	23.752240280097432	26.325163824817032	0.0
139.0	26.23472031871626	23.793023088063123	23.624065740776704	26.348190852443913	0.0
140.0	26.30886820458045	23.720401170775013	23.75480309062409	26.215927534020445	0.0
141.0	26.265383804418995	23.782335120018644	23.66054088845979	26.291740187102576	0.0
142.0	26.307276581105526	23.75264951004872	23.70243366514632	26.23764024369944	0.0
143.0	26.302560175783203	23.779838199553886	23.793987415520856	26.12361420914206	0.0
144.0	26.215167959516595	23.716582881113293	23.76180488508617	26.30644427428394	0.0
145.0	26.180283706439024	23.84010786726334	23.764090299991956	26.215518126305685	0.0
146.0	26.392595757431152	23.729199149932583	23.741961258676845	26.136243833959416	0.0
147.0	26.183130711737256	23.781357333496096	23.78274451922917	26.25276743553748	0.0
148.0	26.188679454669543	23.80577180239817	23.666775791944335	26.338772950987956	0.0
149.0	26.213648797864842	23.879570083397606	23.793009693653904	26.113771425083648	0.0
150.0	26.24832844119165	23.74418075584976	23.80715898813124	26.20033181482735	0.0
151.0	26.199499503387507	23.78218964493594	23.71338523257556	26.304925619100995	0.0
152.0	26.288834264597355	23.710055986816187	23.766098290432303	26.235011458154155	0.0
153.0	26.24083763823306	23.683699457887815	23.857929985961682	26.217532917917445	0.0
154.0	26.285227581691366	23.79966818517265	23.689525637966717	26.225578595169264	0.0
155.0	26.175085034485434	23.875685963345003	23.756665427447412	26.192563574722143	0.0
156.0	26.27801421587939	23.70395236959067	23.732805832838572	26.285227581691366	0.0
157.0	26.156496745662274	23.807991299571082	23.74529050443622	26.290221450330424	0.0
158.0	26.268026478601275	23.668162977677408	23.851271494442933	26.212539049278387	0.0
159.0	26.42790359587283	23.67294508671322	23.740362500381476	26.15878881703247	0.0
160.0	26.22065747237412	23.82747800610918	23.755344147863312	26.196520373653385	0.0
161.0	26.13021271165045	23.58999114973047	23.965364650525327	26.314431488093753	0.0
162.0	26.176544843677608	23.69236574085634	23.915425825585878	26.215663589880172	0.0
163.0	26.175507712795472	23.747919209854622	23.765120408389745	26.31145266896016	0.0
164.0	26.227943624458995	23.79841305071579	23.6239041171901	26.349739207635114	0.0
165.0	26.31457750132477	23.719963710919185	23.766573539489343	26.198885248266695	0.0
166.0	26.27220215404591	23.78162124970175	23.65982499070575	26.28635160554659	0.0
167.0	26.314927948773438	23.748605862866846	23.698666622276228	26.237799566083485	0.0
168.0	26.298558975468733	23.78606029330981	23.798822543682963	26.116558187538498	0.0
169.0	26.21172018488617	23.715590476031938	23.769413879779602	26.303275459302295	0.0
170.0	26.177667664529448	23.84244680762519	23.762266360001888	26.21761916784348	0.0
171.0	26.39331254369708	23.72515508994662	23.74707298937953	26.13445937697677	0.0
172.0	26.178295175842592	23.792295997070216	23.782308093531167	26.247100733556028	0.0
173.0	26.19383191468111	23.80838761943868	23.669111853421967	26.328668612458245	0.0
174.0	26.21519493058407	23.869424807732855	23.79590274001487	26.1194775216682	0.0
175.0	26.25126236003063	23.732923459365878	23.805058318258997	26.21075586234449	0.0
176.0	26.20354237645518	23.7809208847063	23.705179282868528	26.310357455969992	0.0
177.0	26.283445604767557	23.715999511702492	23.76677135469265	26.233783528837296	0.0
178.0	26.23628050472206	23.691862078149796	23.85416551065931	26.217691906468833	0.0
179.0	26.288994440067032	23.786747161770744	23.694081612269585	26.23017678589264	0.0
180.0	26.187173312321743	23.8616564383136	23.761777402923126	26.189392846441535	0.0
181.0	26.2756772353483	23.704624399338577	23.7337557846608	26.28594258065232	0.0
182.0	26.16109378641423	23.79839971589963	23.755396242328736	26.285110255357402	0.0
183.0	26.26319235592449	23.658014182823024	23.859714345958782	26.2190791152937	0.0
184.0	26.425014218929903	23.67167450441827	23.74935841413847	26.153952862513353	0.0
185.0	26.22719769167811	23.82149347316437	23.758514017784066	26.19279481737345	0.0
186.0	26.121492085951697	23.590661284281495	23.975474079931196	26.312372549835615	0.0
187.0	26.16394079376309	23.689153384105317	23.92026301552291	26.22664280660868	0.0
188.0	26.174278786130056	23.746094985489716	23.767458119933192	26.312168108447036	0.0
189.0	26.241697509114015	23.796034780292647	23.619580838655622	26.34268687193772	0.0
190.0	26.31251855407246	23.71286757871782	23.758645850962594	26.215968016247125	0.0
191.0	26.2634838194167	23.787288587028897	23.659663958804988	26.289563634749413	0.0
192.0	26.31869534336574	23.753440316065166	23.694899453988548	26.232964886580547	0.0
193.0	26.303713321791626	23.778410352022018	23.789785590624586	26.12809073556177	0.0
194.0	26.204110622808187	23.722921383229014	23.77091934123496	26.302048652727837	0.0
195.0	26.18087789341094	23.840346696038907	23.7648814891061	26.213893921444047	0.0
196.0	26.395971478511775	23.72027855616902	23.75162999750298	26.13211996781622	0.0
197.0	26.180950531309826	23.79269206225897	23.78242654606997	26.243930860361235	0.0
198.0	26.187054351746525	23.808783952501177	23.662292262020365	26.34186943373193	0.0
199.0	26.22007047138141	23.87231917431956	23.78880781289016	26.118802541408876	0.0
200.0	26.24531809227867	23.738867463862608	23.80739672058375	26.20841772327498	0.0
201.0	26.21507643647865	23.768276780512167	23.712232611047916	26.30441417196127	0.0
202.0	26.28194101489887	23.710013039980023	23.767999334128678	26.240046610992422	0.0
203.0	26.237272147157565	23.696695613572675	23.84956857087368	26.216463668396084	0.0
204.0	26.291096745553922	23.786033349055295	23.69725050633965	26.22561939905113	0.0
205.0	26.181023169611766	23.866559017171205	23.761961440394643	26.190456372822386	0.0
206.0	26.2828462748558	23.7031426439049	23.736991196601828	26.277019884637475	0.0
207.0	26.17269975501416	23.798029570317595	23.75058610711125	26.278684567556994	0.0
208.0	26.26259263266829	23.65819620507784	23.852686659508528	26.22652450274534	0.0
209.0	26.417481438733947	23.6757410634024	23.74732262754281	26.159454870320843	0.0
210.0	26.231313882384278	23.81723950414507	23.75092945054213	26.200517162928517	0.0
211.0	26.13531690101768	23.5852930404963	23.975107372346212	26.304282686139814	0.0
212.0	26.16972044347276	23.684064501093143	23.924334402432663	26.221880653001435	0.0
213.0	26.178116511804056	23.741562091630204	23.770971653067058	26.309349743498682	0.0
214.0	26.230831763436147	23.797051830190302	23.631969857974013	26.340146548399535	0.0
215.0	26.315526626824926	23.718044758147304	23.761326874309844	26.20510174071793	0.0
216.0	26.27620170631893	23.777484913643615	23.65929111465631	26.28702226538115	0.0
217.0	26.30588888118194	23.759728098772282	23.704792952764098	26.229590067281684	0.0
218.0	26.297842824443368	23.772768259693418	23.798571131303323	26.130817784559895	0.0
219.0	26.19755121066081	23.728785343887598	23.781223728785346	26.292439716666248	0.0
220.0	26.183473816803637	23.832895883159186	23.763532747723502	26.220097552313675	0.0
221.0	26.394410980492257	23.71837379065038	23.75721725426654	26.129997974590825	0.0
222.0	26.190482796507418	23.77747134600925	23.78496258542094	26.247083272062394	0.0
223.0	26.186598450145805	23.794118544701888	23.675645980672602	26.343637024479705	0.0
224.0	26.210736888250132	23.858765166291644	23.796615624505787	26.133882320952438	0.0
225.0	26.257349044589525	23.730859189669857	23.79911270430968	26.212679061430936	0.0
226.0	26.20546527533079	23.77192227977837	23.723090496946625	26.29952194794421	0.0
227.0	26.277048229709145	23.71559925753494	23.76776048010521	26.239592032650705	0.0
228.0	26.221557567400346	23.70200404526928	23.85793280635701	26.21850558097336	0.0
229.0	26.29952194794421	23.78385277217476	23.70450112507318	26.212124154807846	0.0
230.0	26.187430810080432	23.862926965964803	23.751113281412568	26.198528942542193	0.0
231.0	26.280377669447674	23.70033932540002	23.742234775443162	26.277048229709145	0.0
232.0	26.178552304111026	23.796060717882696	23.747228935050956	26.278158042955326	0.0
233.0	26.272331523412895	23.660108595226138	23.842117967599002	26.22544191376196	0.0
234.0	26.408634371011598	23.673214582986514	23.752011542089786	26.1661395039121	0.0
235.0	26.240774651795128	23.801398368570002	23.768658786970757	26.189168192664113	0.0
236.0	26.140891182509296	23.581932190222517	23.96814827146107	26.30902835580711	0.0
237.0	26.16752677431885	23.6826480217524	23.92847233782809	26.221352866100663	0.0
238.0	26.18230448450276	23.736262516681972	23.768724734267614	26.312708264547652	0.0
239.0	26.242234732353175	23.799244767895146	23.616402020981138	26.342118478770544	0.0
240.0	26.312722671727766	23.707255352445642	23.768854260313653	26.211167715512936	0.0
241.0	26.266323319662348	23.785844705777887	23.658754516141563	26.2890774584182	0.0
242.0	26.3059308017627	23.762890030969373	23.702116795613225	26.2290623716547	0.0
243.0	26.304980698302394	23.777027233293833	23.793678589963115	26.12431347844066	0.0
244.0	26.196667897078374	23.73075631464865	23.769333884705798	26.303241903567177	0.0
245.0	26.178561218570547	23.843504278486	23.758017824480767	26.219916678462685	0.0
246.0	26.40836469817584	23.721535711510064	23.74346334476901	26.126636245545082	0.0
247.0	26.19112389242966	23.78694677000289	23.78139503897315	26.240534298594305	0.0
248.0	26.183853290470875	23.80448723287306	23.67900905552687	26.332650421129195	0.0
249.0	26.235911387485427	23.848481483537835	23.7957359391483	26.119871189828437	0.0
