# Position (bp)	A	C	G	T	N
0.0	25.842579166740716	22.169719107172913	25.261118783303033	26.719683197133048	0.006899745650285347
1.0	24.738463597122603	21.684914364926787	24.944828285552695	28.631793752397915	0.0
2.0	27.977155617165277	22.443466634049756	24.104001948651362	25.475375800133605	0.0
3.0	29.340658191854146	23.174813916534248	21.689073346157063	25.795454545454543	0.0
4.0	28.326816927322906	23.46345237099607	21.689282428702853	26.52044827297817	0.0
5.0	27.21596136154554	23.36946976666388	23.89207158986368	25.50827966881325	0.014217613113657273
6.0	27.126578573220705	23.4264447603914	24.071464414150707	25.375303169691392	2.0908254578907754E-4
7.0	25.945680354603994	24.531864179978253	24.14474784644978	25.376975830057706	7.317889102617714E-4
8.0	25.568181818181817	24.83576566028268	24.622292381032032	24.973237434138998	5.227063644726938E-4
9.0	25.769423768503806	24.665154302918793	24.409341808145857	25.155871037885756	2.0908254578907754E-4
10.0	25.473571966212262	24.844860751024505	24.545663628000334	25.13569457221711	2.0908254578907754E-4
11.0	25.97944718574893	24.481161662624405	24.682089989127707	24.857092079953166	2.0908254578907754E-4
12.0	26.402212093334448	24.051183407209166	24.100004181650917	25.44660031780547	0.0
13.0	26.014259429622815	24.370870619720666	24.100213264196704	25.514656686459812	0.0
14.0	26.02471355691227	24.448231161662626	24.46056703186418	25.066383708288033	1.0454127289453877E-4
15.0	26.366145354185832	24.183637199966547	24.42606841180898	25.02414903403864	0.0
16.0	25.80047252655348	24.514092163586184	24.64623233252488	25.03920297733545	0.0
17.0	25.61282094170779	24.650309442167767	25.12785397675002	24.60891109810153	1.0454127289453877E-4
18.0	25.762001338128293	24.57828050514343	24.66787237601405	24.991845780714225	0.0
19.0	25.314460148866775	24.952956427197456	24.629505728861755	25.102973153801123	1.0454127289453877E-4
20.0	25.58940369657941	24.76969557581333	24.89869950656519	24.742201221042066	0.0
21.0	25.87783306849544	24.34013548548967	24.38435644392406	25.397675002090825	0.0
22.0	25.50838421008614	24.548381701095593	24.33689470602994	25.606339382788324	0.0
23.0	25.614284519528308	24.634837333779377	24.62595132558334	25.12492682110897	0.0
24.0	25.833507568788157	24.284205904491092	24.46035794931839	25.42192857740236	0.0
25.0	25.417328761394998	24.679267374759554	24.625637701764656	25.277766162080788	0.0
26.0	25.500229990800367	24.645814167433304	25.06000669064147	24.793949151124863	0.0
27.0	25.630906581918538	24.49151124864096	24.76760475035544	25.10976833653927	2.0908254578907754E-4
28.0	25.15597557915865	24.83262942209584	24.71261604081291	25.2986744166597	1.0454127289453877E-4
29.0	25.283620473362884	24.82353433135402	24.923684870786985	24.968323994312954	8.363301831563101E-4
30.0	25.526888015388476	24.574935184410805	24.382892866103536	25.514865769005603	4.1816509157815507E-4
31.0	25.04746173789412	24.67571297148114	24.319749937275237	25.95655264698503	5.227063644726938E-4
32.0	25.26051685205319	24.511583173036716	24.616542611022833	25.61041649243121	9.408714560508488E-4
33.0	25.62766580245881	24.138579911349	24.21437233419754	26.019068328175965	3.136238186836163E-4
34.0	25.22319561762984	24.434431713640546	24.207995316550974	26.133331939449693	0.0010454127289453877
35.0	25.408431178978763	24.455145035602513	24.5865277573568	25.54968598374257	2.1004431935138314E-4
36.0	25.71368225404469	24.11840493389093	24.24386431799941	25.924048494064966	0.0
37.0	25.276751590324704	24.395187446696738	24.44591194567268	25.882149017305878	0.0
38.0	25.481752575993415	24.45403518701948	24.606043454210994	25.458168782776113	0.0
39.0	25.69822792478958	24.234264448146785	24.121859921673845	25.945647705389792	0.0
40.0	25.30774951333144	24.443994838032328	24.15680570441173	26.091449944224504	0.0
41.0	25.57708613288644	24.36457985118738	24.306356525993504	25.751977489932678	0.0
42.0	25.862728577214472	23.879734643436933	23.9650005777889	26.29253620155969	0.0
43.0	25.379953571034154	24.190880203476823	23.97490240012023	26.454263825368795	0.0
44.0	25.637868606415193	24.188033100083665	24.171253935871192	26.00284435762995	0.0
45.0	25.996320264224813	23.911097395208806	23.881061139681545	26.211521200884835	0.0
46.0	25.61668781413595	24.214832678902187	23.914246511867994	26.25423299509387	0.0
47.0	25.90456496599306	24.109032909308297	24.259834571434173	25.726567553264466	0.0
48.0	26.080528948462074	23.912961841005025	23.804933981583943	26.201575228948965	0.0
49.0	25.76597087857279	24.16264052029805	23.832012057310642	26.239376543818516	0.0
50.0	25.92280272886793	24.13109792082506	24.083098802120354	25.863000548186655	0.0
51.0	26.19368718276245	23.814313086154158	23.694241823254565	26.297757907828835	0.0
52.0	25.739994316755364	24.0671616055442	23.76023880662898	26.43260527107146	0.0
53.0	25.979624379370602	24.089483925238408	23.95834808493524	25.972543610455745	0.0
54.0	26.330414440155902	23.776589012178462	23.56941985361404	26.3235766940516	0.0
55.0	25.897286299853395	24.109595188941746	23.689674774855636	26.30344373634922	0.0
56.0	26.109170621621995	24.150755764639236	23.85580820403721	25.884265409701555	0.0
57.0	26.310566803993957	23.732153132346205	23.695536044054638	26.2617440196052	0.0
58.0	25.956896748953305	23.982148168242563	23.878050613963126	26.182904468841006	0.0
59.0	26.1887310036413	23.937897345943934	23.961824459238816	25.91154719117595	0.0
60.0	26.29808260715354	23.907252988754355	23.483889588216066	26.31077481587604	0.0
61.0	26.04916820436971	24.122611773659685	23.51070169518298	26.317518326787624	0.0
62.0	26.238347312230825	24.078635471653318	23.823231555088974	25.859785661026883	0.0
63.0	26.46931815346585	23.77298523532697	23.561677487952004	26.196019123255176	0.0
64.0	25.93470984913943	24.123588475404464	23.54616690999017	26.39553476546594	0.0
65.0	26.123563732537026	24.104203042511667	23.816281159831608	25.955952065119703	0.0
66.0	26.44528854670573	23.7195101178715	23.622845268106563	26.21235606731621	0.0
67.0	26.039007139109	24.04389295305121	23.55685491160998	26.36024499622981	0.0
68.0	26.372142132350923	23.9825488385699	23.710131546470915	25.935177482608257	0.0
69.0	26.31751375142737	23.80913944671426	23.39487547153686	26.47847133032151	0.0
70.0	26.085843165836074	24.15077707959895	23.20946677960092	26.55391297496405	0.0
71.0	26.106393746836865	24.144612065660258	23.607326711414885	26.14166747608799	0.0
72.0	26.226031539656365	23.87587687864506	23.459184679368143	26.438906902330437	0.0
73.0	24.881658307050852	24.455684632788124	23.560293611523292	27.10236344863773	0.0
74.0	21.841186680173173	25.907979378915652	23.677469723267112	28.57336421764406	0.0
75.0	18.70365854759905	27.14333450739205	23.573292873463565	30.579714071545332	0.0
