# Position (bp)	A	C	G	T	N
0.0	26.18247186814213	23.842916841761216	23.894861558574966	26.07974973152169	0.0
1.0	26.13461269085306	23.77871550637344	23.889316897791474	26.197354904982024	0.0
2.0	26.04738434781594	23.888854844216443	23.915409688724694	26.148351119242925	0.0
3.0	26.154299570757843	24.027055970726327	23.847305345538476	25.971339112977354	0.0
4.0	26.180166089884626	23.913791996638516	23.772854866853805	26.133187046623053	0.0
5.0	26.14934814832106	23.925057481996756	23.7304356960282	26.19515867365399	0.0
6.0	26.08754008339096	23.96600169816441	23.854249641839036	26.092208576605596	0.0
7.0	26.049292302126158	23.926344567605497	23.823348340243513	26.20101479002483	0.0
8.0	26.12671227880786	23.917197916818626	23.744766517381727	26.21132328699179	0.0
9.0	26.089924814662453	23.885130108270385	23.89942611734981	26.125518959717347	0.0
10.0	26.093692106161438	23.865900729662943	23.852480299684036	26.187926864491583	0.0
11.0	26.000332593264698	23.843436096872164	23.90937125285549	26.246860057007655	0.0
12.0	26.080855173138133	23.918123707189558	23.755328056575863	26.245693063096443	0.0
13.0	26.157876771277945	23.847520575561397	23.87961290811965	26.114989745041008	0.0
14.0	26.256487756775126	23.78887913152313	23.862399747929317	26.092233363772426	0.0
15.0	26.136287383920575	23.839643366660734	23.84051861209414	26.183550637324547	0.0
16.0	26.207182264026535	23.865900729662943	23.984642360128486	25.942274646182035	0.0
17.0	26.194345331003237	23.84401959382777	23.855689532939863	26.10594554222913	0.0
18.0	26.02075498671086	23.95517576387045	23.919290701100767	26.104778548317924	0.0
19.0	26.259113493075347	23.7973398373794	23.78829563456753	26.155251034977724	0.0
20.0	26.128841210982518	23.75606468609506	23.952993759536472	26.16210034338595	0.0
21.0	26.094123344701732	24.042851766380853	23.735058918261306	26.12796597065611	0.0
22.0	26.124465009350484	23.73826813279146	23.963496643453347	26.17377021440471	0.0
23.0	26.051528315483292	23.952993759536472	23.80536989114928	26.190108033830956	0.0
24.0	26.150430472367205	23.785531110417402	23.752563724789432	26.31147469242596	0.0
25.0	26.18952454028002	23.833377581594277	23.89931235285022	26.07778552527548	0.0
26.0	26.161516849835014	23.765692329685525	23.879181825342876	26.19360899513658	0.0
27.0	26.06874137523595	23.865469726895842	23.90893999644069	26.156848901427516	0.0
28.0	26.166768291793456	24.00696691299819	23.840671250981	25.985593544227353	0.0
29.0	26.207321093583612	23.895227897993657	23.77473647972506	26.12271452869767	0.0
30.0	26.16443431758971	23.910690477093503	23.72426428756896	26.20061091774783	0.0
31.0	26.096165572130015	23.98421066451163	23.84300522518475	26.07661853817361	0.0
32.0	26.057363250992672	23.911565717419908	23.83541980902256	26.195651222564862	0.0
33.0	26.13467614649189	23.91185746419538	23.73622590536318	26.21724048394955	0.0
34.0	26.11162815122986	23.890268202810688	23.897853618972874	26.100250026986576	0.0
35.0	26.098499546333763	23.86109352526381	23.85992653816194	26.180480390240486	0.0
36.0	26.00047262977626	23.846506186490373	23.90427204803319	26.248749135700177	0.0
37.0	26.095290331803607	23.922652094887724	23.75110499091209	26.230952582396583	0.0
38.0	26.160641609508613	23.846506186490373	23.87072116885428	26.122131035146733	0.0
39.0	26.24583166794549	23.787865084621153	23.86605322044678	26.100250026986576	0.0
40.0	26.12592374322783	23.82579216543209	23.852632868775217	26.195651222564862	0.0
41.0	26.203236638727052	23.878598331791938	23.98129319675694	25.93687183272407	0.0
42.0	26.18018864346502	23.852632868775217	23.86634496722225	26.100833520537513	0.0
43.0	26.00339009753095	23.948034064353504	23.93957340786491	26.109002430250637	0.0
44.0	26.2560428050869	23.80041019596631	23.789907312049433	26.15363968689736	0.0
45.0	26.12956398698817	23.749799425262204	23.947310839788194	26.173325747961428	0.0
46.0	26.096596793721645	24.0368765772468	23.766428894432046	26.100097734599508	0.0
47.0	26.10768310650154	23.740755327994396	23.964815544177497	26.186746021326563	0.0
48.0	26.05487724826047	23.956354937056002	23.80289702857643	26.185870786107103	0.0
49.0	26.150277887182185	23.79035199043076	23.74950768018905	26.309862442198007	0.0
50.0	26.209793882105814	23.834988986623486	23.889545315303486	26.065671815967207	0.0
51.0	26.143276005426458	23.740171837848088	23.90296558866862	26.21358656805683	0.0
52.0	26.064213090601434	23.8615377882806	23.917552842326376	26.156696278791593	0.0
53.0	26.168074336644644	24.012953481248086	23.84315784867183	25.975814333435444	0.0
54.0	26.21825448922731	23.896838942132366	23.761760973261563	26.12314559537876	0.0
55.0	26.15815500415737	23.927472174813648	23.724417603897713	26.18995521713127	0.0
56.0	26.11993639957405	23.956063191982846	23.845200064183917	26.078800344259186	0.0
57.0	26.065671815967207	23.90996747042434	23.81660904701472	26.207751666593733	0.0
58.0	26.138024594109666	23.911134450716965	23.741338818140708	26.209502137032658	0.0
59.0	26.11235102767202	23.899172902717606	23.900339883010226	26.088136186600146	0.0
60.0	26.099805989526352	23.85395241637857	23.8699983954021	26.176243198692983	0.0
61.0	26.006447566116726	23.832363280965094	23.921053783204236	26.240135369713947	0.0
62.0	26.0910536373317	23.918136332472688	23.756801307017927	26.234008723177688	0.0
63.0	26.16078070981576	23.8615377882806	23.868247924963168	26.10943357694047	0.0
64.0	26.24071885986025	23.79589514682071	23.889837060376642	26.073548932942398	0.0
65.0	26.125479555964	23.822152203404663	23.874958061645735	26.177410178985603	0.0
66.0	26.204834215862178	23.868539670036323	23.978235817542632	25.948390296558866	0.0
67.0	26.184412060741323	23.85045147550071	23.848409259988625	26.116727203769347	0.0
68.0	26.022785290213413	23.936516272081455	23.940892448178783	26.099805989526352	0.0
69.0	26.2663924262979	23.785975814333433	23.801438303210652	26.146193456158006	0.0
70.0	26.120075736579075	23.757537919344628	23.944837163437555	26.177549180638742	0.0
71.0	26.110448205340653	24.031776687954206	23.754620485636018	26.103154621069123	0.0
72.0	26.098778470506208	23.749660848331374	23.9693436065899	26.182217074572524	0.0
73.0	26.051224301055818	23.96263350906009	23.800424194861233	26.185717995022856	0.0
74.0	26.160044578387065	23.78642051305989	23.747910388106206	26.305624520446834	0.0
75.0	26.201472137049365	23.84593616071559	23.878319674881187	26.074272027353857	0.0
76.0	26.161795038612233	23.745868184510176	23.903117861404393	26.189218915473194	0.0
77.0	26.07193808038697	23.870734347238795	23.924415127477268	26.132912444896974	0.0
78.0	26.152750994115536	24.012521625477365	23.84593616071559	25.98879121969151	0.0
79.0	26.227437297056017	23.910411445675926	23.76045535305324	26.101695904214818	0.0
80.0	26.1582941181619	23.914495852867983	23.744701211026733	26.182508817943383	0.0
81.0	26.114824355903572	23.96205002231837	23.84797836431162	26.07514725746644	0.0
82.0	26.05880962869821	23.91128667578851	23.833099452397693	26.196804243115583	0.0
83.0	26.13758033883075	23.914204109497124	23.74149203394726	26.206723517724868	0.0
84.0	26.104321594552566	23.905451808371282	23.90428483488784	26.08594176218831	0.0
85.0	26.10694728489032	23.855271948583148	23.866941683417597	26.17083908310893	0.0
86.0	25.99375085699615	23.82347192115927	23.937251835795163	26.24552538604942	0.0
87.0	26.111323435453237	23.910119702305064	23.75958012294066	26.21897673930104	0.0
88.0	26.151875764002952	23.859356355775205	23.87365178094741	26.11511609927443	0.0
89.0	26.24698410290372	23.79575630092745	23.870442603867932	26.086816992300893	0.0
90.0	26.115407842645293	23.822596691046687	23.873068294205684	26.188927172102332	0.0
91.0	26.219268482671904	23.850020567907645	24.00435281109325	25.926358138327206	0.0
92.0	26.19301157929439	23.843893957119562	23.866358196675876	26.096736266910174	0.0
93.0	26.014172892956438	23.935209632199133	23.935793118940854	26.114824355903572	0.0
94.0	26.264488705155397	23.793422353960562	23.801882911715538	26.1402060291685	0.0
95.0	26.128383838678527	23.747480081337578	23.95578363270891	26.16835244727499	0.0
96.0	26.09541703012816	24.03776304158194	23.7676102564701	26.099209671819796	0.0
97.0	26.09541703012816	23.744562664651706	23.972412907818384	26.187607397401745	0.0
98.0	26.041444821439512	23.96424414109794	23.8274172985305	26.16689373893205	0.0
99.0	26.156974522200084	23.778696439876416	23.740186539622897	26.324142498300606	0.0
100.0	26.196651389127958	23.84871444033737	23.86796939046413	26.086664780070546	0.0
101.0	26.144137888782243	23.753023173040734	23.90181142402026	26.201027514156767	0.0
102.0	26.076162080001403	23.850173148680305	23.934778232570622	26.13888653874767	0.0
103.0	26.161934130566067	23.997210949648306	23.85396579037194	25.986889129413687	0.0
104.0	26.232535614364195	23.90181142402026	23.76410935644705	26.101543605168498	0.0
105.0	26.161642388897477	23.918148957461145	23.743687439645942	26.17652121399543	0.0
106.0	26.10183534683708	23.96774504112099	23.848422698668784	26.081996913373146	0.0
107.0	26.059824546560513	23.90035271567732	23.860092365412275	26.17973037234989	0.0
108.0	26.150264463822577	23.901519682351672	23.739019572948543	26.209196280877205	0.0
109.0	26.114671980254922	23.884306923905022	23.912022382420815	26.088998713419244	0.0
110.0	26.105919730197304	23.844046573639975	23.890433498945356	26.15960019721737	0.0
111.0	26.011687171243608	23.825083365181797	23.928068174193115	26.23516128938148	0.0
112.0	26.105627988528717	23.916398507449625	23.769068964813037	26.20890453920862	0.0
113.0	26.151139688828334	23.86826113213272	23.8755546738474	26.105044505191543	0.0
114.0	26.261418039554336	23.788907398276972	23.875846415515987	26.0738281466527	0.0
115.0	26.127216872004176	23.818956790141467	23.89101698228253	26.162809355571824	0.0
116.0	26.21444763091178	23.85309056536618	24.007130166380275	25.925331637341763	0.0
117.0	26.19723487246513	23.846672248657256	23.8618428154238	26.09425006345381	0.0
118.0	25.996224862808482	23.9490735743314	23.957242341051845	26.097459221808272	0.0
119.0	26.27192073962348	23.78482301491675	23.81224673176396	26.131009513695812	0.0
120.0	26.12766106422147	23.73799111349692	23.950088544113058	26.184259278168554	0.0
121.0	26.099945443989647	24.040528989080045	23.756662689232044	26.102862877698264	0.0
122.0	26.099653700618784	23.74411772428501	23.967884889735593	26.18834368536061	0.0
123.0	26.047139893863765	23.95533992478856	23.829015045205633	26.168505136142045	0.0
124.0	26.152167507373814	23.782627849238697	23.749952591702236	26.315252051685256	0.0
125.0	26.19330332266525	23.840101293298364	23.886488489265304	26.08010689477108	0.0
126.0	26.163253755466542	23.73303147619228	23.905743551742145	26.19797121659903	0.0
127.0	26.078939921287635	23.840976523410948	23.95067203085478	26.12941152444664	0.0
128.0	26.152459250744677	24.00435281109325	23.86023158588779	25.982956352274282	0.0
129.0	26.236773084923577	23.895532533762	23.766873707212188	26.10082067410223	0.0
130.0	26.162378525353958	23.90428483488784	23.75374525552343	26.179591384234772	0.0
131.0	26.107898683066583	23.96620434932286	23.873137942503046	26.05275902510751	0.0
132.0	26.06063611910166	23.892976549599435	23.86847003495096	26.177917296347946	0.0
133.0	26.13364841801234	23.917844587399532	23.74425626887226	26.204250725715873	0.0
134.0	26.10768310650154	23.8842939039867	23.916385862033753	26.091637127478013	0.0
135.0	26.113226262891487	23.83907341764766	23.885460884279315	26.16223943518154	0.0
136.0	26.005572330897266	23.81894300759996	23.935349291788835	26.240135369713947	0.0
137.0	26.101264714892125	23.90646652954648	23.772847286041458	26.219421469519933	0.0
138.0	26.165448630986244	23.84607529940338	23.87379108135311	26.11468498825726	0.0
139.0	26.26289148542004	23.78568406926028	23.895088471693434	26.056335973626243	0.0
140.0	26.122638316742712	23.806175677725783	23.89720040611033	26.173985599421172	0.0
141.0	26.21949796361345	23.853730263388222	24.001353701088796	25.925418071909533	0.0
142.0	26.206077651095217	23.84206042641584	23.876194699560045	26.075667222928896	0.0
143.0	26.022569464704574	23.954090861350664	23.939503565135194	26.08383610880956	0.0
144.0	26.2766801647781	23.77554235567329	23.824555670957277	26.123221808591335	0.0
145.0	26.11987326483099	23.740379622011776	23.964733546892596	26.17501356626464	0.0
146.0	26.109662097898834	24.024833557979004	23.768095646541916	26.097408697580242	0.0
147.0	26.11520530280486	23.72433350254696	23.968526266038825	26.191934928609356	0.0
148.0	26.04606111529283	23.95743985622677	23.834905853040887	26.161593175439517	0.0
149.0	26.15379229258871	23.75095182940883	23.78625339522291	26.309002482779547	0.0
150.0	26.1896773553584	23.830599163848863	23.879029411164048	26.100694069628695	0.0
151.0	26.165753980178607	23.733738669218493	23.9111217437223	26.189385606880595	0.0
152.0	26.079396430749124	23.838184624271722	23.940588339980337	26.141830604998816	0.0
153.0	26.14299759891003	24.011483220086298	23.85306379663964	25.992455384364032	0.0
154.0	26.237232357240174	23.89099109875394	23.783919407400493	26.08785713660539	0.0
155.0	26.163128243878386	23.896534319832185	23.759996032220702	26.180341404068724	0.0
156.0	26.107188703465983	23.952036410316257	23.86130236900455	26.07947251721321	0.0
157.0	26.047088341696817	23.893686544520946	23.877932080756214	26.181293033026027	0.0
158.0	26.146651145557083	23.90163350925869	23.746130663235686	26.20558468194854	0.0
159.0	26.11835137808198	23.875959493404988	23.9147622673657	26.090926861147334	0.0
160.0	26.107848371596372	23.838615470345054	23.890255252232617	26.163280905825957	0.0
161.0	26.010695561604507	23.80885695196917	23.930225026913952	26.25022245951237	0.0
162.0	26.121268879883537	23.887046000250905	23.765386175125965	26.2262989447396	0.0
163.0	26.178743665374217	23.829571214760225	23.878876995206543	26.112808124659015	0.0
164.0	26.257516214016263	23.77180467908939	23.90571801178087	26.064961095113475	0.0
165.0	26.130972872989105	23.809218165586216	23.898493981176223	26.161314980248456	0.0
166.0	26.22024868857911	23.851230314099162	24.024530426715057	25.903990570606666	0.0
167.0	26.21178790867026	23.84627054656638	23.871361135261612	26.070580409501748	0.0
168.0	26.016606468703866	23.944007142065246	23.934671109062368	26.104715280168517	0.0
169.0	26.296103956727485	23.76516375985389	23.819137700651773	26.119594582766847	0.0
170.0	26.118871733828147	23.750423041463897	23.963402537081773	26.167302687626183	0.0
171.0	26.10720162447922	24.01562627641821	23.781640583972273	26.0955315151303	0.0
172.0	26.120330497496763	23.71774673528691	23.97419738822953	26.187725378986805	0.0
173.0	26.038639732054293	23.94939840586306	23.833280817841263	26.178681044241387	0.0
174.0	26.15133258449913	23.76332949191113	23.780834707006463	26.304503216583274	0.0
175.0	26.179049175066737	23.852606088897318	23.87769689720062	26.090647838835316	0.0
176.0	26.17117182827384	23.718107686248192	23.912415573806364	26.198304911671606	0.0
177.0	26.08393750638211	23.82897404851862	23.944800221732724	26.142288223366545	0.0
178.0	26.154250120348355	24.001108663622706	23.84356172776473	26.00107948826421	0.0
179.0	26.25548861431635	23.884990736823678	23.783752242855684	26.07576840600429	0.0
180.0	26.165336756575396	23.880322679464925	23.75807792738253	26.196262636577146	0.0
181.0	26.09539203043582	23.95974955799203	23.872806736026423	26.072051675545726	0.0
182.0	26.054546409378155	23.880975860237953	23.880684105801826	26.183793624582062	0.0
183.0	26.146817095692814	23.8877559058564	23.763759908738948	26.201667089711833	0.0
184.0	26.10217853673053	23.874335162638985	23.917514945164594	26.10597135546589	0.0
185.0	26.1077218871899	23.832905911837386	23.895049788039785	26.16432241293293	0.0
186.0	26.02632216202338	23.80285511724186	23.920432498037947	26.25039022269681	0.0
187.0	26.121726140981988	23.883963087121046	23.765510440462958	26.228800331434005	0.0
188.0	26.17745140086301	23.80431389367854	23.900884893786486	26.117349811671964	0.0
189.0	26.247180914536123	23.77134554620966	23.897967340913134	26.083506198341077	0.0
190.0	26.140474745588648	23.80555036877976	23.8942442348987	26.159730650732893	0.0
191.0	26.23967183269536	23.84231164223695	24.01357249556531	25.904444029502383	0.0
192.0	26.21866539071982	23.85689944916441	23.859525254411356	26.064909905704415	0.0
193.0	26.01531136215106	23.94384277845206	23.94325926617496	26.097586593221923	0.0
194.0	26.296856035850997	23.76762207076837	23.817220614321723	26.118301279058908	0.0
195.0	26.1345003646973	23.74471188913202	23.952443471918308	26.16834427425237	0.0
196.0	26.106783369803065	24.01633843909555	23.775929978118164	26.100948212983223	0.0
197.0	26.145295404814007	23.717870167760758	23.966739606126914	26.170094821298324	0.0
198.0	26.05397520058352	23.950984682713347	23.822319474835886	26.172720641867247	0.0
199.0	26.139244753449315	23.75907734231172	23.78737793545714	26.314299968781818	0.0
200.0	26.187982319216914	23.84192329574465	23.883353513545057	26.086740871493387	0.0
201.0	26.176895359523844	23.729011364133683	23.912237961166465	26.181855315176005	0.0
202.0	26.097548878015765	23.81360852655504	23.938192396007484	26.150650199421722	0.0
203.0	26.17196275861666	24.00003501226888	23.844813953556226	25.983188275558227	0.0
204.0	26.247822674528866	23.873407306476977	23.798130928379486	26.08063909061467	0.0
205.0	26.182480239720128	23.875144792010104	23.75610168848637	26.18627327978339	0.0
206.0	26.11283583483112	23.95952475432413	23.87374244298686	26.05389696785789	0.0
207.0	26.05404900707854	23.880009103482084	23.876215985947958	26.189725903491418	0.0
208.0	26.150856522614475	23.889263340948812	23.760587996720382	26.19929213971633	0.0
209.0	26.12271932819207	23.857001549383313	23.918276595558435	26.10200252686619	0.0
210.0	26.11732780882074	23.818916592503975	23.892738864654305	26.17101673402098	0.0
211.0	26.054301679237852	23.797616095006056	23.913163999241352	26.234918226514743	0.0
212.0	26.131194322946605	23.873328411819802	23.767117092144154	26.22836017308944	0.0
213.0	26.198180953409178	23.804882888298167	23.895339167277	26.101596991015647	0.0
214.0	26.252162926348166	23.778913182397794	23.902342234036656	26.06658165721739	0.0
215.0	26.153181754517018	23.798088146038566	23.893505765908774	26.15522433353565	0.0
216.0	26.230507960222234	23.84915262150427	24.024814417106306	25.895525001167186	0.0
217.0	26.22788178719828	23.870162005695878	23.854404967552174	26.04755123955367	0.0
218.0	26.006116065175778	23.948655399411738	23.955074933470282	26.090153601942202	0.0
219.0	26.3014146318689	23.769200242775106	23.81472057519025	26.114664550165738	0.0
220.0	26.124598774438283	23.751386051940475	23.94397432156405	26.18004085205719	0.0
221.0	26.11191194579484	24.01385476425307	23.785665513075653	26.08856777687643	0.0
222.0	26.133505302044362	23.726137882333717	23.972127062311426	26.168229753310495	0.0
223.0	26.03108276091486	23.945281268055254	23.828852225574703	26.19478374545518	0.0
224.0	26.149657561228985	23.776952280347487	23.78862467134924	26.284765487074285	0.0
225.0	26.20204443121566	23.830492548593906	23.87776600804816	26.089697012142278	0.0
226.0	26.16980609014109	23.718283554868176	23.92255278170915	26.189357573281587	0.0
227.0	26.065349406590972	23.814276251090664	23.941216466626397	26.17915787569197	0.0
228.0	26.179310666833977	23.979584392390546	23.85818798350643	25.982916957269047	0.0
229.0	26.25751796871124	23.87102798829225	23.800116143679652	26.071337899316855	0.0
230.0	26.18296529968454	23.877879169013386	23.755898411623775	26.1832571196783	0.0
231.0	26.11490804671495	23.939662769862903	23.87779638957143	26.067632793850713	0.0
232.0	26.053561579474188	23.874795357646256	23.864289653924608	26.207353408954948	0.0
233.0	26.160751285508336	23.87952116638359	23.749365271138657	26.210362276969413	0.0
234.0	26.108513829793445	23.854132011929984	23.928548499121593	26.108805659154978	0.0
235.0	26.115086498727617	23.813414890388252	23.90038054770854	26.17111806317559	0.0
236.0	26.03512478696332	23.812247566128917	23.924018863960033	26.228608782947727	0.0
237.0	26.11903274947324	23.880383584990458	23.777950283369616	26.222633382166684	0.0
238.0	26.191560147084576	23.81982139730345	23.894822856475805	26.093795599136172	0.0
239.0	26.250218875853616	23.781882916010037	23.90503706297788	26.062861145158468	0.0
240.0	26.17889975193346	23.79454253611557	23.88063621771487	26.145921494236102	0.0
241.0	26.22775707235354	23.859361364943073	24.032722677352417	25.88015888535097	0.0
242.0	26.236201995201707	23.86565953149535	23.860405928399228	26.03773254490371	0.0
243.0	26.007425439134163	23.964554035831245	23.946457446746408	26.081563078288177	0.0
244.0	26.296632506224476	23.785825411049068	23.82581385234633	26.091728230380124	0.0
245.0	26.13805202273331	23.73657616738815	23.95112396776237	26.174247842116174	0.0
246.0	26.106223107057993	24.014922846083337	23.790437935322657	26.088416111536013	0.0
247.0	26.12575792518983	23.732801630141264	23.993495783060425	26.14794466160848	0.0
248.0	26.046377200844283	23.966030145472487	23.828235616966243	26.159357036716983	0.0
249.0	26.16264472846808	23.75940771534837	23.800862969947858	26.277084586235688	0.0
