# Position (bp)	A	C	G	T	N
0.0	26.250812935006714	23.758181239535624	23.7161161770607	26.27488964839696	0.0
1.0	26.208471128699717	23.69037900067802	23.7908370117201	26.310312858902158	0.0
2.0	26.31032765109586	23.78237768430374	23.687181757803852	26.220112906796544	0.0
3.0	26.313852454480045	23.74259781946981	23.666777353478334	26.27677237257181	0.0
4.0	26.1414072098197	23.75178474581899	23.70806539087317	26.39874265348814	0.0
5.0	26.174797467794058	23.83931338261986	23.765992297135774	26.219896852450308	0.0
6.0	26.240606912427094	23.820538075897254	23.774333491959847	26.164521519715798	0.0
7.0	26.178928817460733	23.83006271942808	23.775283510074672	26.215724953036514	0.0
8.0	26.297501272602524	23.733207179691476	23.785217891684926	26.184073656021067	0.0
9.0	26.27778822852464	23.706166801296877	23.79109448827611	26.224950481902383	0.0
10.0	26.269346205446674	23.791648801538017	23.670488651609244	26.268516341406066	0.0
11.0	26.1852533159984	23.75624126913874	23.767306123013512	26.291199291849352	0.0
12.0	26.205999917013596	23.851122391114924	23.70257672784609	26.240300964025394	0.0
13.0	26.24942946847208	23.82207714969364	23.788052724028713	26.140440657805563	0.0
14.0	26.25496189540947	23.72608954232998	23.736877774857888	26.282070787402663	0.0
15.0	26.238087993250442	23.641166788841094	23.851122391114924	26.269622826793544	0.0
16.0	26.240504998533908	23.732662805043347	23.776092236366754	26.250739960055984	0.0
17.0	26.25516588936283	23.810946429658152	23.75589893390428	26.17798874707474	0.0
18.0	26.348663645969918	23.872356198790616	23.640548151344653	26.138432003894817	0.0
19.0	26.15032668890696	23.82118139118023	23.773879271713334	26.254612648199476	0.0
20.0	26.18103157347319	23.718001914214426	23.75589893390428	26.345067578408106	0.0
21.0	26.193479499648692	23.64220787483472	23.720768120031202	26.443544505485384	0.0
22.0	26.18490426161668	23.701681299895437	23.825883941068753	26.28753049741913	0.0
23.0	26.21809873141801	23.776368856948434	23.866547166575383	26.138985245058173	0.0
24.0	26.36083495156374	23.796562159410907	23.696702129425237	26.145900759600117	0.0
25.0	26.262358024486453	23.758388519139377	23.717172052469394	26.262081403904773	0.0
26.0	26.211736458039425	23.696702129425237	23.784944094980442	26.3066173175549	0.0
27.0	26.30412773231979	23.786050577307154	23.68923337371994	26.22058831665311	0.0
28.0	26.313532832096843	23.730173219808247	23.67540234463605	26.280891603458862	0.0
29.0	26.14507089785508	23.747876937035624	23.71108639967248	26.395965765436813	0.0
30.0	26.17660564416635	23.84469414062284	23.768070239498098	26.210629975712713	0.0
31.0	26.245964808426947	23.82111549707198	23.782941962396304	26.149977732104773	0.0
32.0	26.171000838158044	23.834116628447028	23.771047310287212	26.22383522310771	0.0
33.0	26.297692714110653	23.730384197263124	23.78930421817558	26.182618870450643	0.0
34.0	26.27500988915844	23.70050925708216	23.797879432486784	26.226601421272616	0.0
35.0	26.265604815397765	23.79538985413837	23.67008107726821	26.268924253195653	0.0
36.0	26.197003100908145	23.74808786551851	23.756663079829714	26.29824595374363	0.0
37.0	26.204195216136895	23.84213860312525	23.712957148824227	26.240709031913628	0.0
38.0	26.259519179434974	23.82277521597092	23.777962805699474	26.139742798894627	0.0
39.0	26.255093262371133	23.72789461891471	23.743938568271155	26.273073550443005	0.0
40.0	26.229920859070504	23.643525574885132	23.852926775968378	26.273626790075987	0.0
41.0	26.2312313973688	23.740830078449164	23.770981555041658	26.256956969140376	0.0
42.0	26.25502063578123	23.809984841275988	23.762959602553746	26.172034920389038	0.0
43.0	26.335240160660344	23.876096794538434	23.648715934363832	26.13994711043739	0.0
44.0	26.14381977715569	23.82132622237959	23.770428316939043	26.264425683525676	0.0
45.0	26.172034920389038	23.71455126857497	23.763789459707667	26.349624351328327	0.0
46.0	26.192504730185778	23.64567312479945	23.723956316319416	26.437865828695355	0.0
47.0	26.185036015800478	23.704592982727906	23.824922270046585	26.28544873142503	0.0
48.0	26.218230301957355	23.775684078913883	23.866968365845292	26.139117253283466	0.0
49.0	26.358199541918854	23.792004602941013	23.705699458933136	26.144096396207	0.0
50.0	26.26802173119267	23.751618221450148	23.709572125651437	26.270787921705747	0.0
51.0	26.207165539905063	23.705699458933136	23.77817365037565	26.308961350786152	0.0
52.0	26.312280779401835	23.77983336468349	23.684399791982475	26.223486063932196	0.0
53.0	26.315600208017525	23.735850935525633	23.66116379167266	26.28738506478418	0.0
54.0	26.15294820584883	23.74138331655178	23.707635792292287	26.398032685307104	0.0
55.0	26.191951492083167	23.838753222611945	23.761023269194595	26.208272016110296	0.0
56.0	26.245542987864756	23.823473274524286	23.77534169273794	26.15564204487302	0.0
57.0	26.163663975170742	23.827622548816212	23.776448165882456	26.232265310130593	0.0
58.0	26.29090838678982	23.734402186390934	23.790832316761133	26.183857110058117	0.0
59.0	26.27292819819147	23.701207992055522	23.804939849353683	26.22092396039933	0.0
60.0	26.262969939890844	23.79802439220047	23.675759109731707	26.263246558176974	0.0
61.0	26.201837298656468	23.744913681263814	23.76344710643442	26.289801913645306	0.0
62.0	26.20626319123452	23.836750952258452	23.712825960072916	26.244159896434116	0.0
63.0	26.261033611887946	23.823749892810415	23.781427295032763	26.133789200268875	0.0
64.0	26.263523176463107	23.72444392809031	23.74214749840253	26.269885397044057	0.0
65.0	26.23503149299188	23.645607716543708	23.84007037169199	26.279290418772423	0.0
66.0	26.241874360321983	23.733783297834083	23.76559431274377	26.258748029100165	0.0
67.0	26.260960969267792	23.815662084036404	23.744847998672235	26.178528948023565	0.0
68.0	26.332328289673868	23.87928411385577	23.64028657575171	26.14810102071865	0.0
69.0	26.1442283754253	23.81676855412022	23.773892838372383	26.2651102320821	0.0
70.0	26.167740864706367	23.710270808553013	23.77361622085143	26.34837210588919	0.0
71.0	26.17797571298166	23.64554230864983	23.731570357666453	26.444911620702054	0.0
72.0	26.187933943736	23.69892949019391	23.837238250670797	26.2758983153993	0.0
73.0	26.218361871040912	23.773339603330477	23.87098558822716	26.137312937401454	0.0
74.0	26.361649746894965	23.791596359713424	23.710824043594922	26.135929849796685	0.0
75.0	26.270365964980225	23.74955049652845	23.717739481618764	26.26234405687256	0.0
76.0	26.198722027053194	23.702248900445355	23.786340626815303	26.31268844568615	0.0
77.0	26.299687422201323	23.784957539210534	23.686205084230036	26.22914995435811	0.0
78.0	26.30992227047661	23.731570357666453	23.675140383391884	26.28336698846505	0.0
79.0	26.153356753616773	23.743464911067466	23.703631988050123	26.399546347265634	0.0
80.0	26.187933943736	23.839451190838428	23.761168432408507	26.211446433017066	0.0
81.0	26.252036590864453	23.81891560699398	23.782678811986358	26.14636899015521	0.0
82.0	26.16434907928113	23.82334147508651	23.780189261184308	26.232120184448053	0.0
83.0	26.299338056103412	23.723482826248716	23.79097731465986	26.186201802988013	0.0
84.0	26.277761949152307	23.69914055173978	23.802041984891193	26.22105551421672	0.0
85.0	26.257568925980124	23.805638002716375	23.67784106154446	26.25895200975904	0.0
86.0	26.205564975892848	23.742569382397768	23.771060908243456	26.280804733465924	0.0
87.0	26.2080545266949	23.835235995585197	23.718227107888833	26.23848236983107	0.0
88.0	26.26808036269989	23.819468840505547	23.778529560649606	26.133921236144957	0.0
89.0	26.24844057303927	23.727355460829685	23.75418728614067	26.27001667999037	0.0
90.0	26.23765251956372	23.63717839844431	23.848790216618582	26.27637886537339	0.0
91.0	26.242005797871165	23.73088583504835	23.760483746044393	26.266624621036094	0.0
92.0	26.25500674943017	23.81304078426166	23.75384496226958	26.178107504038593	0.0
93.0	26.339927858549643	23.883854477859657	23.62881453451061	26.14740312908009	0.0
94.0	26.14961605700502	23.816913408130297	23.775974241518956	26.257496293345728	0.0
95.0	26.169809024320077	23.705437163911572	23.78040009736883	26.34435371439952	0.0
96.0	26.180320431963533	23.648730885835047	23.73088583504835	26.44006284715307	0.0
97.0	26.19304476753192	23.704607315939718	23.841808847285844	26.260539069242515	0.0
98.0	26.218493438668705	23.7751443935471	23.866427670450776	26.13993449733342	0.0
99.0	26.354311890061744	23.78703888114364	23.719544579433048	26.13910464936157	0.0
100.0	26.265241541083007	23.752185266325874	23.727289827170328	26.25528336542079	0.0
101.0	26.213514350837592	23.696308836221206	23.780953329350062	26.309223483591136	0.0
102.0	26.30037177189139	23.778463785434507	23.695478988249352	26.225685454424752	0.0
103.0	26.306457323684967	23.726459979198477	23.67417955697183	26.292903140144723	0.0
104.0	26.15099913695811	23.738907698776252	23.715948571555025	26.394144592710617	0.0
105.0	26.19525769545686	23.83129743964239	23.761313594016244	26.21213127088451	0.0
106.0	26.241656593262206	23.81325152899066	23.789186004376052	26.155905873371083	0.0
107.0	26.17526893915295	23.81767737259794	23.77895124103421	26.2281024472149	0.0
108.0	26.30002240583326	23.724458041619524	23.793058617532424	26.182460935014785	0.0
109.0	26.27761657257139	23.705924821514028	23.801357074296085	26.2151015316185	0.0
110.0	26.255763969760427	23.801910304746993	23.68019960554669	26.262126119945894	0.0
111.0	26.205973229178483	23.747693720557766	23.76733340156509	26.278999648698665	0.0
112.0	26.218697529549424	23.836763823154353	23.709244204219488	26.235294443076736	0.0
113.0	26.26931811580773	23.816294296470666	23.786143236896045	26.128244350825558	0.0
114.0	26.25659381543679	23.72473465684498	23.753226025066873	26.265445502651357	0.0
115.0	26.24137997803675	23.63483470857203	23.84395581901619	26.27982949437503	0.0
116.0	26.239924318283663	23.72854163324242	23.76311844077961	26.26841560769431	0.0
117.0	26.25237196899705	23.814845344855247	23.751224018986818	26.181558667160886	0.0
118.0	26.342824897514344	23.883445731009033	23.631726572138284	26.142002799338336	0.0
119.0	26.155833522353216	23.81097274241108	23.77971530839746	26.25347842683824	0.0
120.0	26.177132835796122	23.704199560736235	23.780268537318054	26.33839906614958	0.0
121.0	26.173813462272555	23.645280680692863	23.741542512876403	26.439363344158178	0.0
122.0	26.190133715430107	23.708625392101	23.84942215239244	26.251818740076455	0.0
123.0	26.223327450665813	23.775566091493	23.87016823691475	26.130938220926435	0.0
124.0	26.361358066354278	23.780545151778355	23.720796428354088	26.137300353513282	0.0
125.0	26.26260670402806	23.75786276603396	23.727158560940932	26.25237196899705	0.0
126.0	26.213922559015696	23.69341159678463	23.786077440984304	26.306588403215365	0.0
127.0	26.31322715026251	23.772799946890025	23.693688211244933	26.220284691602536	0.0
128.0	26.310184391199233	23.720796428354088	23.676538114706485	26.29248106574019	0.0
129.0	26.15555690789292	23.743478814098488	23.71609398252903	26.38487029547957	0.0
130.0	26.199538607080225	23.82369700758477	23.76948057336645	26.20728381196856	0.0
131.0	26.23252829082218	23.81878383349976	23.787802928248777	26.160884947429274	0.0
132.0	26.18135447411297	23.817400757372486	23.77895124103421	26.22229352748034	0.0
133.0	26.300575636284172	23.72362819594316	23.79499492411061	26.180801243662057	0.0
134.0	26.283148877080492	23.69762636475037	23.80274015042336	26.216484607745777	0.0
135.0	26.259359967691342	23.79748446113971	23.683242373026697	26.259913198142254	0.0
136.0	26.208739381433034	23.740501724695932	23.77729154968148	26.273467344189562	0.0
137.0	26.225132222443513	23.833510367567328	23.70654362787404	26.23481378211512	0.0
138.0	26.27658279669831	23.817466640111533	23.783996105246853	26.121954457943303	0.0
139.0	26.251759974108673	23.721823125714018	23.75805992072164	26.268356979455675	0.0
140.0	26.244291321702523	23.63081621306129	23.84547081554918	26.279421649687006	0.0
141.0	26.241321125280077	23.723548449558795	23.768913722995215	26.266216702165917	0.0
142.0	26.257918176537302	23.814278996431636	23.755082846947527	26.172719980083535	0.0
143.0	26.34726563580537	23.88066720146054	23.636967165500263	26.135099997233823	0.0
144.0	26.14810102071865	23.8115128212221	23.781914746480044	26.258471411579208	0.0
145.0	26.178528948023565	23.705844928217754	23.778595336228598	26.33703078753008	0.0
146.0	26.18018865314929	23.638073635584078	23.745401233714144	26.436336477552487	0.0
147.0	26.201764819783683	23.699482725235814	23.851622361760395	26.247130093220107	0.0
148.0	26.22638377914857	23.779425188791457	23.876517938646234	26.117673093413735	0.0
149.0	26.367735332355952	23.77887195374955	23.714696688888274	26.138696025006226	0.0
150.0	26.27479184531548	23.746231086277007	23.727144477331194	26.25183259107632	0.0
151.0	26.21393599070565	23.690077729523388	23.79270282979724	26.30328344997372	0.0
152.0	26.319880501230948	23.768083870432353	23.690354347044345	26.22168128129236	0.0
153.0	26.31268844568615	23.718292716660674	23.685375231667173	26.283643605986	0.0
154.0	26.164698071975877	23.735996238001714	23.717739481618764	26.38156620840364	0.0
155.0	26.199551879616056	23.82147105197643	23.774722690935242	26.204254377472267	0.0
156.0	26.23115883698608	23.81351501622366	23.788619370472105	26.166706776318154	0.0
157.0	26.182750636913603	23.81379163450979	23.781703913318893	26.22175381525771	0.0
158.0	26.305569155954622	23.72416730980418	23.791108935047262	26.179154599193932	0.0
159.0	26.288142203928533	23.691802970327156	23.80549308592594	26.21456173981837	0.0
160.0	26.267395832468903	23.7983010104866	23.686823841176846	26.247479315867654	0.0
161.0	26.213178648387732	23.743530589833174	23.7739586013073	26.269332160471798	0.0
162.0	26.22625225444527	23.832667603483188	23.719530411498503	26.221549730573045	0.0
163.0	26.283512398065877	23.80555893645507	23.785918983812255	26.125009681666793	0.0
164.0	26.258689319985507	23.717659685704565	23.756109840196732	26.2675411541132	0.0
165.0	26.245688188610455	23.631077683143065	23.84296846257472	26.28026566567176	0.0
166.0	26.246037410167467	23.715235708397646	23.768346860079777	26.27038002135511	0.0
167.0	26.265677471466585	23.80624387976963	23.758388519139377	26.169690129624406	0.0
168.0	26.354749298766826	23.870973095882224	23.638335186691233	26.13594241865972	0.0
169.0	26.146454000763477	23.814265876638284	23.785220715562122	26.254059407036124	0.0
170.0	26.179371849983124	23.70002157640537	23.784944094980442	26.33566247863106	0.0
171.0	26.17549916183964	23.64193125425304	23.749813281107368	26.43275630279995	0.0
172.0	26.195969084883792	23.694489164771817	23.86018489319679	26.2493568571476	0.0
173.0	26.236632310390423	23.778028580438498	23.871249716463904	26.114089392707175	0.0
174.0	26.373006257157556	23.76972996298817	23.709426676182417	26.14783710367186	0.0
175.0	26.27867863880544	23.745387351800524	23.723534325847982	26.252399683546056	0.0
176.0	26.210906596294393	23.686743788484836	23.79268947126742	26.30966014395335	0.0
177.0	26.32127820838382	23.76419755135461	23.691999579536716	26.222524660724854	0.0
178.0	26.312149729188448	23.72021487886785	23.685637306158128	26.281998085785574	0.0
179.0	26.16637068264427	23.73376928737006	23.72215122293959	26.37770880704608	0.0
180.0	26.197905428955536	23.822841114670297	23.77443251287669	26.20482094349748	0.0
181.0	26.232002323619312	23.82014080026556	23.790542316150535	26.157314559964597	0.0
182.0	26.184700073304658	23.81488499467504	23.78141381170385	26.219001120316456	0.0
183.0	26.301434281683516	23.716961037883294	23.801330548678443	26.18027413175475	0.0
184.0	26.296047335706756	23.688876717482287	23.79869599975657	26.21637994705438	0.0
185.0	26.259256493030485	23.79427003372033	23.682791014182456	26.26368245906673	0.0
186.0	26.211400735263606	23.73479611510831	23.784588233016045	26.269214916612032	0.0
187.0	26.22502780067607	23.82974368053289	23.725456567321896	26.219771951469152	0.0
188.0	26.27758629274527	23.80733716549286	23.788803381447405	26.12627316031447	0.0
189.0	26.262168016132737	23.71362734819544	23.751524892047325	26.2726797436245	0.0
190.0	26.241697809964563	23.63949200693774	23.852492800849788	26.266317382247905	0.0
191.0	26.239280774550483	23.717565698478563	23.78091286307054	26.262240663900414	0.0
192.0	26.26120680831759	23.810024370745147	23.755805686876037	26.172963134061227	0.0
193.0	26.351386864140704	23.860093665542642	23.651794334147535	26.13672513616912	0.0
194.0	26.151662936826938	23.811684126373795	23.780978647243835	26.255674289555436	0.0
195.0	26.18707105690472	23.691351843296935	23.785957914129778	26.335619185668563	0.0
196.0	26.17683589719474	23.632983770356212	23.751103045928204	26.439077286520845	0.0
197.0	26.194684879819196	23.693972564087666	23.853309985974988	26.258032570118147	0.0
198.0	26.234242607822473	23.76174629388349	23.877929830676326	26.126081267617714	0.0
199.0	26.376152499190862	23.773364647562772	23.708910447389606	26.141572405856756	0.0
200.0	26.279405581251247	23.73857525394472	23.72585035519065	26.256168809613385	0.0
201.0	26.21384468984442	23.681036581317635	23.79473078540288	26.31038794343506	0.0
202.0	26.32477261159183	23.761258769115013	23.691825082435216	26.222143536857946	0.0
203.0	26.30651514816208	23.719211277579834	23.689335428331155	26.28493814592693	0.0
204.0	26.166817890101136	23.723913957554164	23.729999778697415	26.379268373647285	0.0
205.0	26.19586385464846	23.81575453117047	23.771217385531237	26.217164228649832	0.0
206.0	26.2371540408581	23.819969847439108	23.792030318538295	26.150845793164496	0.0
207.0	26.177955435068256	23.828268717409646	23.77902875558445	26.214747091937646	0.0
208.0	26.308800951603757	23.724809471776926	23.794796608528472	26.171592968090845	0.0
209.0	26.295595500893516	23.693062678771984	23.78905320696886	26.222288613365645	0.0
210.0	26.269868932817698	23.79596895107526	23.682274117965996	26.25188799814105	0.0
211.0	26.22201198360139	23.736493551760198	23.773561940170516	26.267932524467902	0.0
212.0	26.227340501752455	23.83282663841347	23.721067904496078	26.218764955338003	0.0
213.0	26.28073019394566	23.801844019109637	23.795481516931172	26.121944270013525	0.0
214.0	26.28578225797528	23.70232259635068	23.74990317904684	26.261991966627203	0.0
215.0	26.2523237285885	23.64310848492896	23.845881467711237	26.2586863187713	0.0
216.0	26.24658701419415	23.706523332789285	23.7809381803495	26.265951472667066	0.0
217.0	26.263811046624213	23.807561012044726	23.75195719889567	26.17667074243539	0.0
218.0	26.354270981448796	23.8675909993748	23.65070846450485	26.12742955467155	0.0
219.0	26.15702959450712	23.806731104385786	23.786536684684883	26.249702616422212	0.0
220.0	26.191055808523707	23.69524684220136	23.790409587093276	26.323287762181664	0.0
221.0	26.1788838295259	23.64019630082493	23.753893650099865	26.427026219549305	0.0
222.0	26.19472453905418	23.698355395106297	23.85852801637689	26.24839204946263	0.0
223.0	26.228197573896566	23.7783033874158	23.879829038549317	26.113670000138317	0.0
224.0	26.36734580964632	23.786049213660316	23.715506867504878	26.13109810918849	0.0
225.0	26.27059565568601	23.753195162164854	23.73881001648759	26.23739916566155	0.0
226.0	26.20171293888526	23.685142357614723	23.801606710117184	26.31153799338283	0.0
227.0	26.306558519879164	23.770623319427692	23.693994754954577	26.228823405738567	0.0
228.0	26.296322935454956	23.728297794646515	23.69067510595213	26.284704163946397	0.0
229.0	26.164643525024623	23.724148233393453	23.72193513405849	26.38927310752343	0.0
230.0	26.179858582952498	23.823737703466822	23.771453231678304	26.224950481902383	0.0
231.0	26.234705366504095	23.813844634464136	23.79530987625974	26.156140122772026	0.0
232.0	26.18574040826263	23.813567996281986	23.77871158533043	26.221980010124955	0.0
233.0	26.30303499749642	23.726150330720948	23.79945944899207	26.17135522279056	0.0
234.0	26.287062702983828	23.691636098062972	23.802568315988072	26.218732882965128	0.0
235.0	26.263825031398518	23.79233267493264	23.68389020753454	26.2599520861343	0.0
236.0	26.21513657664835	23.74087783070803	23.77628761598088	26.267697976662742	0.0
237.0	26.225168127785416	23.827531737491046	23.72960127918203	26.21769885554151	0.0
238.0	26.269707121536122	23.805677200184796	23.80429400162111	26.12032167665797	0.0
239.0	26.276972446608386	23.70366271992918	23.75733097266792	26.26203386079451	0.0
240.0	26.252479506892822	23.63699742435602	23.845040847887613	26.265482220863547	0.0
241.0	26.246652353865564	23.703547951572563	23.780737478143468	26.269062216418405	0.0
242.0	26.272860581578726	23.812356472899314	23.744846858312812	26.169936087209138	0.0
243.0	26.363525687850014	23.861146158443454	23.643391548796956	26.131936604909576	0.0
244.0	26.1527989529694	23.803620888592512	23.787572322310552	26.256007836127537	0.0
245.0	26.182253878124772	23.690181689384758	23.794225564908437	26.33333886758203	0.0
246.0	26.172271709683397	23.635820251209974	23.761176187353165	26.430731851753457	0.0
247.0	26.19800084128495	23.699605924417188	23.85374925280613	26.248643981491732	0.0
248.0	26.21774878716344	23.78321982160994	23.882017916494856	26.117013474731763	0.0
249.0	26.374663408451248	23.78321982160994	23.703240411465007	26.138876358473805	0.0
