# Position (bp)	A	C	G	T	N
0.0	26.058243985475745	23.945429941278405	23.841947671036596	26.154378402209254	0.0
1.0	25.91098075474702	24.03360418337793	23.80306527955521	26.25234978231984	0.0
2.0	26.097605030568545	23.85234032261521	23.958266364195772	26.091788282620477	0.0
3.0	26.157712830277628	24.066528499312735	23.828970449125535	25.946788221284102	0.0
4.0	25.884737004827368	24.068887195075288	23.889200101628816	26.157175698468528	0.0
5.0	26.106919297816006	23.842421830759577	23.914966559022943	26.135692312401478	0.0
6.0	26.088353856183943	23.956181188764315	23.87353883731394	26.0819261177378	0.0
7.0	26.092891157711755	23.86028376608273	23.858447488584474	26.18837758762104	0.0
8.0	26.120273094778334	23.90221958362533	23.980867452329292	25.996639869267046	0.0
9.0	26.2113283760213	23.870375470485634	23.86578536674929	26.05251078674378	0.0
10.0	26.009620386406613	23.860945025489126	24.03077054888833	26.098664039215926	0.0
11.0	25.987282975220772	23.993745524867965	23.905925839794865	26.113045660116402	0.0
12.0	26.04174953948214	23.929487218716915	23.915717581684547	26.113045660116402	0.0
13.0	26.162310361498868	23.899500009179757	23.943256855749283	25.99493277357209	0.0
14.0	26.096828087611613	23.90806778333323	23.998029411944703	25.997074717110458	0.0
15.0	25.97534928979272	23.985789734582596	23.842891501380024	26.195969474244656	0.0
16.0	26.158026474422137	23.878080573796076	23.948152726694126	26.01574022508767	0.0
17.0	26.093768168271087	24.0329124924267	23.76272161465824	26.11059772464398	0.0
18.0	26.053071241042087	24.093498895369116	23.830651824017917	26.022778039570877	0.0
19.0	26.080610515106823	23.888790291487915	23.771289388811713	26.25930980459355	0.0
20.0	26.124979345544453	23.873796686719338	23.92887523484881	26.072348732887402	0.0
21.0	26.091626224732718	23.943562847683335	23.848705348127023	26.116105579456928	0.0
22.0	26.128957240687136	23.911739686541864	23.97079612981402	25.988506942956985	0.0
23.0	25.987282975220772	23.847481380390814	23.98609572651665	26.179139917871762	0.0
24.0	26.09789234045678	24.0006364593278	23.914653252062372	25.986817948153046	0.0
25.0	26.087794668429172	23.88466622604098	23.869366722968838	26.158172382561013	0.0
26.0	25.91980612469707	24.004308340065116	23.828364054735502	26.24752148050231	0.0
27.0	26.10523610193141	23.86508286210864	23.932706665687498	26.096974370272452	0.0
28.0	26.17438985581748	24.006144280433773	23.845805488237744	25.973660375511002	0.0
29.0	25.932045727154783	24.009510171109643	23.906085530341976	26.152358571393602	0.0
30.0	26.099728280825442	23.858351080756897	23.90363760985043	26.138283028567233	0.0
31.0	26.0822868473232	23.943110327776555	23.900883699297445	26.0737191256028	0.0
32.0	26.083816797630412	23.84672345842207	23.913429291816602	26.156030452130913	0.0
33.0	26.09789234045678	23.9155712222467	23.973709333920834	26.01282710337568	0.0
34.0	26.202846931531663	23.869672713030283	23.88283028567232	26.044650069765733	0.0
35.0	26.029656556755036	23.833871875841474	24.016547942522827	26.119923624880663	0.0
36.0	26.0015054711023	23.988090866808644	23.898129788744463	26.112273873344595	0.0
37.0	26.044038089642847	23.909757411079287	23.912817311693715	26.133387187584145	0.0
38.0	26.171329955203053	23.86508286210864	23.959327801033023	26.00425938165528	0.0
39.0	26.074025115664245	23.909145430956404	23.99604660840616	26.020782844973194	0.0
40.0	25.977026266186876	23.967589532691978	23.849477368975055	26.20590683214609	0.0
41.0	26.167964064527183	23.87854642481212	23.957185870602924	25.99630364005777	0.0
42.0	26.036082348045337	24.082641795794473	23.772673863552914	26.108601992607277	0.0
43.0	26.066375364128174	24.067648282783775	23.836625786394457	26.029350566693594	0.0
44.0	26.057501652346332	23.87487454407481	23.81153460135615	26.25608920222271	0.0
45.0	26.11961763481922	23.89904775892879	23.869366722968838	26.11196788328315	0.0
46.0	26.11380382365181	23.95014809918974	23.815206482093462	26.12084159506499	0.0
47.0	26.16643411421997	23.838461726763114	24.016241952461385	25.97886220655553	0.0
48.0	26.01894690460454	23.84458152799197	23.953207999804167	26.183263567599326	0.0
49.0	26.11395000152994	24.01028120314556	23.871974541782688	26.003794253541813	0.0
50.0	26.102016462164563	23.901349407912857	23.88452005752578	26.112114072396807	0.0
51.0	25.917505584284445	23.994981793702763	23.82179247881032	26.26572014320247	0.0
52.0	26.103852391297693	23.859123037850736	23.911141029956244	26.125883540895323	0.0
53.0	26.184633273155654	24.00354946299073	23.859123037850736	25.952694226002876	0.0
54.0	25.937088828371223	24.027110553532633	23.878706281937518	26.157094336158625	0.0
55.0	26.096508674765158	23.869832624460695	23.893087726813743	26.140570973960404	0.0
56.0	26.09008292279918	23.918484746488787	23.91817875829993	26.073253572412103	0.0
57.0	26.103852391297693	23.847495486674212	23.88054221107065	26.168109910957437	0.0
58.0	26.11119610783024	23.92491049845476	23.98763807717022	25.976255316544783	0.0
59.0	26.210030292830698	23.862488907928153	23.907775159878828	26.01970563936232	0.0
60.0	26.018481686606897	23.837703864630825	24.002631498424158	26.141182950338116	0.0
61.0	25.98176310394419	23.973256632293992	23.92093265199963	26.124047611762187	0.0
62.0	26.08182124170007	23.88910988035862	23.926440439399038	26.102628438542276	0.0
63.0	26.18340932040023	23.87625837642667	23.95091949450751	25.989412808665584	0.0
64.0	26.063155962179863	23.925522474832473	24.003855451179586	26.007466111808085	0.0
65.0	25.973807411033935	23.976316514182553	23.871974541782688	26.177901533000824	0.0
66.0	26.144242832226677	23.886355986658913	23.961323092928613	26.008078088185798	0.0
67.0	26.040206848015668	24.073620758238732	23.787521801658457	26.098650592087147	0.0
68.0	26.089776934610327	24.061381230684496	23.828524218965146	26.020317615740034	0.0
69.0	26.050610446436767	23.867078730760994	23.808634986689516	26.273675836112727	0.0
70.0	26.112420060585663	23.898901502402005	23.86952663627184	26.119151800740493	0.0
71.0	26.119151800740493	23.933478167742724	23.824240384321165	26.12312964719562	0.0
72.0	26.14454882041553	23.865242801627858	23.998653651969036	25.991554725987577	0.0
73.0	26.020317615740034	23.830972124475995	23.95091949450751	26.197790765276462	0.0
74.0	26.107364478660518	23.994222978348407	23.880090082371517	26.018322460619558	0.0
75.0	26.11011835550714	23.898755247665324	23.86662668445467	26.124499712372863	0.0
76.0	25.910921263601093	23.996058896246158	23.82837839491818	26.26464144523457	0.0
77.0	26.112260259721186	23.84428968336536	23.938227482466985	26.10522257444647	0.0
78.0	26.164583919807104	24.034613172098943	23.82837839491818	25.972424513175767	0.0
79.0	25.94335581312804	24.03553113104782	23.8770302192086	26.144082836615546	0.0
80.0	26.091759176529628	23.8807020550041	23.914666536112506	26.112872232353766	0.0
81.0	26.099714820753217	23.935779591936647	23.905180960307455	26.059324627002677	0.0
82.0	26.082273600724577	23.852857300221533	23.89997919293049	26.1648899061234	0.0
83.0	26.107670464976806	23.925988029815308	23.98504338885965	25.98129811634824	0.0
84.0	26.21231778514865	23.87458232867826	23.908546809786664	26.004553076386422	0.0
85.0	26.033621776434156	23.840311861253564	24.014418075223677	26.111648287088602	0.0
86.0	26.00975484376339	23.966990196198427	23.93424966035519	26.089005299683	0.0
87.0	26.089005299683	23.883455931850726	23.93118979719227	26.096348971274004	0.0
88.0	26.162748001909353	23.87764219184118	23.973109922524266	25.9864998837252	0.0
89.0	26.074317956500987	23.92201020770351	24.004626513102334	25.99904532269317	0.0
90.0	25.97364845844094	23.988715224655152	23.873970356045678	26.16366596085823	0.0
91.0	26.16305398822565	23.884373890799605	23.975251826738308	25.977320294236446	0.0
92.0	26.058712654370098	24.042568816322536	23.819810778062006	26.07890775124536	0.0
93.0	26.08594543652008	24.058786091086006	23.828072408601887	26.02719606379203	0.0
94.0	26.021688310098774	23.889881644492856	23.82042275069459	26.26800729471378	0.0
95.0	26.133985288177914	23.896919329767574	23.882843959218146	26.08625142283637	0.0
96.0	26.10155073865097	23.943123263527653	23.842759751783902	26.112566246037478	0.0
97.0	26.146224740829588	23.8807020550041	23.98810325202257	25.98496995214374	0.0
98.0	26.026584091159442	23.83174424439739	23.961482442505172	26.180189221937994	0.0
99.0	26.075076343118713	24.000195830044	23.893713243618695	26.031014583218585	0.0
100.0	26.127093698556365	23.903810730262474	23.845979670393557	26.123115900787603	0.0
101.0	25.916270416812008	23.994688110056483	23.842613841512296	26.246427631619206	0.0
102.0	26.108428647487564	23.85056943704982	23.911766325799995	26.12923558966262	0.0
103.0	26.176969162887758	24.011823238906533	23.852405343712327	25.958802254493378	0.0
104.0	25.959414223380882	24.022532694437814	23.886981585856176	26.131071496325127	0.0
105.0	26.08394989198749	23.87535417699364	23.918497983562514	26.12219794745635	0.0
106.0	26.083643907543742	23.945730599056343	23.918497983562514	26.052127509837398	0.0
107.0	26.09802517640003	23.835270214862277	23.928901454650045	26.137803154087646	0.0
108.0	26.105674787493804	23.9304313768688	23.99591204783149	25.96798178780591	0.0
109.0	26.199917996169077	23.844449748174803	23.931349330200053	26.02428292545607	0.0
110.0	26.02152906546231	23.83680013708103	24.037219947737857	26.104450849718802	0.0
111.0	26.001640076618504	23.950932334600108	23.95062635015636	26.096801238625027	0.0
112.0	26.103226911943793	23.886981585856176	23.90962443469374	26.100167067506284	0.0
113.0	26.151878438500187	23.876578114768645	23.990404327843972	25.9811391188872	0.0
114.0	26.070486576462454	23.921251843556274	24.01029331668778	25.99796826329349	0.0
115.0	25.966145881143404	23.965925572343902	23.906258605812482	26.161669940700214	0.0
116.0	26.13841512297515	23.87443622366239	24.015495052231543	25.971653601130917	0.0
117.0	26.047843727624887	24.057414921025416	23.816605163793472	26.078136187556222	0.0
118.0	26.085785798649997	24.05619098325041	23.83312832375602	26.02489489434357	0.0
119.0	26.04019411653112	23.89187733695619	23.82180689933724	26.246121647175457	0.0
120.0	26.139639060750152	23.8787200058749	23.877496068099898	26.104144865275046	0.0
121.0	26.115466289693835	23.94052886351258	23.82609068154975	26.11791416524384	0.0
122.0	26.14269890518766	23.86372676813111	24.01457709890029	25.978997227780944	0.0
123.0	26.047537743181138	23.809873506030954	23.974493136768928	26.16809561401898	0.0
124.0	26.070034148072896	24.007074403632668	23.897531302400157	26.02536014589428	0.0
125.0	26.115320122884107	23.901509124511954	23.889575658176565	26.09359509442738	0.0
126.0	25.930198401527484	24.004626513102334	23.842759751783902	26.22241533358628	0.0
127.0	26.106140533395344	23.842147779151315	23.924152111917554	26.12755957553578	0.0
128.0	26.17039765981665	24.005238485734917	23.86815661603613	25.956207238412297	0.0
129.0	25.967834718431394	23.998812773092787	23.888657699227693	26.144694809248133	0.0
130.0	26.100632779702092	23.856529136017038	23.91742041295913	26.12541767132174	0.0
131.0	26.097878902855463	23.93302571509002	23.946489113006866	26.02260626904765	0.0
132.0	26.107976451293098	23.838475943355814	23.9262940161316	26.12725358921949	0.0
133.0	26.09359509442738	23.94679509932316	23.983207470961897	25.976402335287567	0.0
134.0	26.186614934580128	23.861118930761414	23.957198634077084	25.995067500581374	0.0
135.0	26.040353475392582	23.819810778062006	24.041344871057365	26.09849087548805	0.0
136.0	25.990477705836994	23.951078907751246	23.94832503090462	26.11011835550714	0.0
137.0	26.080437682826823	23.869074574985007	23.914972522428794	26.13551521975937	0.0
138.0	26.16519589243969	23.844901655997944	24.011664198377048	25.978238253185314	0.0
139.0	26.072482038603233	23.9073228645215	24.04226283000624	25.977932266869026	0.0
140.0	25.97548437633869	23.94281727721136	23.903957015042288	26.17774133140766	0.0
141.0	26.137351137657124	23.87427634236197	24.00401454046975	25.98435797951116	0.0
142.0	26.059936599635265	24.042874802638824	23.807877311726617	26.08931128599929	0.0
143.0	26.10002080706951	24.0248216099776	23.859283012863663	26.015874570089224	0.0
144.0	26.03270381748528	23.897225316083865	23.84581961494682	26.22425125148403	0.0
145.0	26.130007466066118	23.888045726595106	23.909464768735543	26.072482038603233	0.0
146.0	26.116238081832982	23.93639156456923	23.840923833886148	26.10644651971164	0.0
147.0	26.150814535573968	23.842147779151315	23.996670868878745	26.01036681639597	0.0
148.0	26.0547348322583	23.80328751698224	23.96913210041247	26.17284555034699	0.0
149.0	26.088246993666043	23.96744285670573	23.91511887641137	26.029191273216856	0.0
150.0	26.12535150500751	23.872659565679037	23.886735065435776	26.11525386387768	0.0
151.0	25.94703924016548	23.979523145088248	23.86508286210864	26.208354752637636	0.0
152.0	26.10003427088688	23.815206482093462	23.942804337715113	26.141954909304545	0.0
153.0	26.160926293114002	24.020219823260142	23.868142762723068	25.950711120902792	0.0
154.0	25.95897285256175	23.997270568651928	23.89904775892879	26.14470881985753	0.0
155.0	26.103706151624195	23.854985190081027	23.92995275513451	26.111355903160266	0.0
156.0	26.10401214168564	23.951066069374065	23.933930625933268	26.010991163007024	0.0
157.0	26.117169714327677	23.84243959756187	23.905167560157647	26.135223127952806	0.0
158.0	26.124207485740865	23.90577954028053	23.992374727668846	25.97763824630976	0.0
159.0	26.21875841472669	23.8305059851656	23.944334288022326	26.00640131208538	0.0
160.0	26.033634427553793	23.823774203813862	24.05173679958875	26.090854569043596	0.0
161.0	26.01068517294558	23.92505691415143	23.944946268145213	26.119311644757776	0.0
162.0	26.110131942914492	23.86753078260018	23.903943599911877	26.118393674573447	0.0
163.0	26.192137279381168	23.828364054735502	24.004002350003674	25.97549631587966	0.0
164.0	26.068823284619715	23.883442265795207	24.061222491493474	25.9865119580916	0.0
165.0	25.95897285256175	23.93821448679347	23.92536290421287	26.17744975643191	0.0
166.0	26.16827005458863	23.869672713030283	23.987784876747202	25.974272355633886	0.0
167.0	26.086570708183398	24.004002350003674	23.82897603485839	26.080450906954546	0.0
168.0	26.077085016278673	24.027563584734768	23.857739100634014	26.037612298352546	0.0
169.0	26.048933930625935	23.882524295610878	23.824386183936745	26.24415558982644	0.0
170.0	26.14776872047196	23.877628454627793	23.899659739051675	26.074943085848574	0.0
171.0	26.122371545372207	23.922608993659885	23.85682113044968	26.098198330518223	0.0
172.0	26.15327654157793	23.86294093167854	23.977075224596707	26.006707302146825	0.0
173.0	26.055971702039116	23.80082494920565	23.969425473060635	26.173777875694597	0.0
174.0	26.084282418315453	23.98517775071449	23.899500009179757	26.031039821790298	0.0
175.0	26.10149783510044	23.863465981242637	23.903857040130966	26.131179143525955	0.0
176.0	25.955618658278357	23.977062704250866	23.84579136118285	26.221527276287926	0.0
177.0	26.104637642134122	23.823147819488135	23.930857639441378	26.141356898936362	0.0
178.0	26.172262273411583	23.980428636124405	23.873636797591217	25.97367229287279	0.0
179.0	25.969082385772513	23.990220437938337	23.90852009155335	26.1321770847358	0.0
180.0	26.09423385270682	23.85038126828313	23.94064944125531	26.11473543775474	0.0
181.0	26.082606088052778	23.945545342162276	23.952277205909354	26.019571363875592	0.0
182.0	26.123609258148615	23.819169900001224	23.92871568279458	26.12850515905558	0.0
183.0	26.12850515905558	23.911886023426888	24.002460190205753	25.95714862731178	0.0
184.0	26.209287524020514	23.832021639882008	23.930551645634694	26.028139190462785	0.0
185.0	26.040378942730197	23.819169900001224	24.06580090818962	26.074650249078957	0.0
186.0	26.009167574448295	23.93146962705475	23.943403385515477	26.115959412981482	0.0
187.0	26.128811152862262	23.8384475098224	23.90240021541964	26.130341121895697	0.0
188.0	26.212347462087365	23.831409652268636	24.005520128272604	25.95072275737139	0.0
189.0	26.087195995153056	23.876696735658072	24.04591131075507	25.990195958433805	0.0
190.0	25.981322138039925	23.940343447448623	23.899952264966156	26.178382149545293	0.0
191.0	26.181442087612144	23.88189863037172	23.967882890050305	25.968776391965825	0.0
192.0	26.075262236692332	24.006132115885976	23.82192384426139	26.096681803160305	0.0
193.0	26.080158137599298	24.038261465587937	23.849769280669758	26.03181111614301	0.0
194.0	26.06730639771851	23.84517937356948	23.826513751361674	26.261000477350336	0.0
195.0	26.149618731716874	23.873636797591217	23.890772450765596	26.085972019926317	0.0
196.0	26.121467301501816	23.94187341648205	23.819781887614592	26.116877394401538	0.0
197.0	26.165836403471193	23.835081577948863	23.996646307878727	26.002435710701217	0.0
198.0	26.062875992190992	23.79147006444269	23.965887601667067	26.179766341699256	0.0
199.0	26.079865361077108	23.989290085679315	23.8984088127295	26.032435740514074	0.0
200.0	26.10137854006334	23.858076163955996	23.907954528068053	26.132590767912607	0.0
201.0	25.952287693701194	23.976413131288403	23.851257068716492	26.22004210629391	0.0
202.0	26.102855674014958	23.82064212884194	23.91703489724225	26.15946729990085	0.0
203.0	26.164231812033712	23.977758872887737	23.888708680404676	25.969300634673882	0.0
204.0	25.965640281781514	23.98050052329104	23.910422366254767	26.143436828672677	0.0
205.0	26.085306664544916	23.85960939364821	23.947743700539213	26.107340241267664	0.0
206.0	26.11716029207445	23.941903380400653	23.955674702998476	25.98526162452642	0.0
207.0	26.113793968772757	23.82102177093088	23.93517073379727	26.130013526499084	0.0
208.0	26.13248948763305	23.895971942538516	24.00614522062199	25.965393349206444	0.0
209.0	26.210543711783174	23.826793245071215	23.91891147468738	26.04375156845823	0.0
210.0	26.032428065149933	23.835974463969837	24.052039148717384	26.07955832216285	0.0
211.0	26.028914895700716	23.930993536382335	23.939868768974634	26.10022279894232	0.0
212.0	26.150427852657092	23.81529496737547	23.91720836852865	26.117068811438788	0.0
213.0	26.199118565220054	23.827202056681156	24.016343269878192	25.957336108220602	0.0
214.0	26.04151363792175	23.912883796092256	24.046630919151855	25.99897164683414	0.0
215.0	25.985211121041097	23.934600834935054	23.92572505906982	26.15446298495403	0.0
216.0	26.193507709824132	23.88882427477458	23.963810654799435	25.95385736060185	0.0
217.0	26.07828013858792	24.02700750480528	23.822859661365555	26.071852695241244	0.0
218.0	26.0740083251714	24.01964985308521	23.881305093046034	26.025036728697355	0.0
219.0	26.063907933398628	23.86141038197845	23.828354554358473	26.246327130264447	0.0
220.0	26.150220372184137	23.885896180215475	23.87548971596474	26.08839373163565	0.0
221.0	26.142568560235063	23.918645935357493	23.855288932419196	26.083496571988245	0.0
222.0	26.14762578125478	23.8692083080822	23.987353007792652	25.995812902870362	0.0
223.0	26.066835213673123	23.798490422816286	23.962854361918986	26.171820001591605	0.0
224.0	26.125949642181563	23.980263359269305	23.883539127400503	26.01024787114863	0.0
225.0	26.10722539371585	23.91588484672248	23.873949708443657	26.10294005111802	0.0
226.0	25.95135479289361	23.999975512103145	23.827335839261448	26.2213338557418	0.0
227.0	26.10196885101381	23.789364776177884	23.9822093251053	26.126457047703006	0.0
228.0	26.1439188940995	24.01648075816385	23.885467301735012	25.954133046001644	0.0
229.0	25.936231564640842	24.04050422123043	23.892960126361416	26.130304087767307	0.0
230.0	26.10115740528164	23.84634457678639	23.96664615723692	26.08585186069505	0.0
231.0	26.128707385537485	23.920423412585443	23.955932276026314	25.99493692585076	0.0
232.0	26.11692895428818	23.8146548425509	23.88842801911368	26.179988184047236	0.0
233.0	26.16593554943995	23.875849866378505	24.009318300787648	25.948896283393896	0.0
234.0	26.197772056730205	23.82993182701756	23.94656364699436	26.02573246925787	0.0
235.0	26.02772854313414	23.830077724410486	24.053853006272444	26.088340726182935	0.0
236.0	26.015496092303074	23.94455447969314	23.951901500935215	26.08804792706857	0.0
237.0	26.126647380263577	23.849627282607035	23.910241692305338	26.113483644824047	0.0
238.0	26.188355084509674	23.84026891250241	24.012012894574912	25.959363108413008	0.0
239.0	26.0507520350715	23.911439566259602	24.060530174775828	25.97727822389307	0.0
240.0	25.973584628384582	23.928444591400616	23.932730813035015	26.165239967179787	0.0
241.0	26.16822716055431	23.90525587405008	23.954856922408037	25.971660042987576	0.0
242.0	26.104396765274156	23.97996209209966	23.84155844951176	26.07408269311442	0.0
243.0	26.08747577007524	24.01679329003335	23.894303938951307	26.001427000940108	0.0
244.0	26.052589670717364	23.871459721677773	23.8218468247746	26.254103782830263	0.0
245.0	26.167935190431706	23.832830518078378	23.93267890779338	26.06655538369653	0.0
246.0	26.086090869270894	23.9033415117515	23.923864134113806	26.0867034848638	0.0
247.0	26.12723279244948	23.90294111340181	23.997904674964236	25.97192141918448	0.0
248.0	26.06267443178511	23.79532928738393	23.984964018418157	26.157032262412805	0.0
249.0	26.07586094916563	23.987708822871635	23.96411907613974	25.972311151822996	0.0
