# Position (bp)	A	C	G	T	N
0.0	26.30397910423809	23.775293085749542	23.693392324017122	26.227335485995244	0.0
1.0	26.21820465782913	23.84916978636629	23.78304045510261	26.149585100701966	0.0
2.0	26.222209924878605	23.78235546394035	23.733657983204903	26.261776627976147	0.0
3.0	26.294280567875887	23.86301695825044	23.737123599609316	26.105578874264353	0.0
4.0	26.308595587380818	23.82642812477519	23.76611015500058	26.098866132843412	0.0
5.0	26.21699841182883	23.697782647431534	23.804583008228608	26.280635932511025	0.0
6.0	26.26595762341392	23.779141511678738	23.715781377100704	26.239119487806633	0.0
7.0	26.278190183964206	23.74823270960548	23.696493640521375	26.277083465908934	0.0
8.0	26.261094756413378	23.725624737156643	23.804754421301933	26.20852608512805	0.0
9.0	26.236878655577506	23.684822125201283	23.796599102464075	26.28170011675714	0.0
10.0	26.254921327921604	23.705376040637788	23.603560233180332	26.436142398260277	0.0
11.0	26.247451146396187	23.72059307707844	23.700949266400507	26.331006510124862	0.0
12.0	26.252154594023303	23.66719511284124	23.79363485199357	26.287015441141886	0.0
13.0	26.283418687074096	23.760434045213966	23.596643398434583	26.359503869277358	0.0
14.0	26.23520493141286	23.77945871767772	23.797995783509204	26.18734056740022	0.0
15.0	26.20006750812034	23.80435925386927	23.691753495758608	26.303819742251783	0.0
16.0	26.13919953076323	23.768945157952402	23.75953828872448	26.332317022559888	0.0
17.0	26.288602747912503	23.739894532395596	23.732977716786834	26.23852500290506	0.0
18.0	26.39788843453096	23.637802334010257	23.753728163613122	26.210581067845663	0.0
19.0	26.19971834804766	23.767772708534494	23.661530714726414	26.370978228691428	0.0
20.0	26.241772470596697	23.660700699149785	23.856584375233442	26.240942455020072	0.0
21.0	26.119206837114977	23.728208632715344	23.830577220499173	26.322007309670507	0.0
22.0	26.1189301652561	23.825043783321668	23.73235871059847	26.323667340823764	0.0
23.0	26.396432039707946	23.77524284872413	23.688091213178435	26.140233898389493	0.0
24.0	26.248412595209704	23.77524284872413	23.69445466593256	26.281889890133602	0.0
25.0	26.310663763456628	23.77690287987738	23.683941135295306	26.228492221370686	0.0
26.0	26.209955206826045	23.86018110939882	23.78796975423239	26.141893929542743	0.0
27.0	26.222405440475434	23.781882973337133	23.737338804058222	26.258372782129214	0.0
28.0	26.281336546415858	23.863501171705323	23.75034238142536	26.104819900453464	0.0
29.0	26.30568366999687	23.825597127039416	23.763899302510243	26.104819900453464	0.0
30.0	26.203038410354168	23.70164813426332	23.8056767532004	26.28963670218211	0.0
31.0	26.276633124814975	23.769156067828874	23.715205055348203	26.239005752007944	0.0
32.0	26.280229858980352	23.743148913094604	23.70054144682782	26.276079781097227	0.0
33.0	26.257819438411463	23.725718585985465	23.8034633783294	26.212998597273675	0.0
34.0	26.228215549511813	23.678961041835553	23.804293393906025	26.28853001474661	0.0
35.0	26.24785925149195	23.69749805638019	23.608686389681246	26.44595630244661	0.0
36.0	26.243985845467698	23.72295186739671	23.70690489958195	26.32615738755364	0.0
37.0	26.25366936052833	23.66872418305717	23.79239650397439	26.28520995244011	0.0
38.0	26.29074338961761	23.74563895982448	23.59927954647949	26.36433810407842	0.0
39.0	26.233676405489152	23.78098716246127	23.7967574147853	26.188579017264274	0.0
40.0	26.200199203187253	23.8031208499336	23.696325807879592	26.30035413899956	0.0
41.0	26.143758300132802	23.76881363435148	23.76660026560425	26.320827799911466	0.0
42.0	26.292054006197436	23.7300796812749	23.73063302346171	26.247233289065957	0.0
43.0	26.39995573262506	23.64099158919876	23.758300132802123	26.200752545374062	0.0
44.0	26.206213462224813	23.76681118080129	23.663889818808602	26.363085538165286	0.0
45.0	26.24965070371098	23.657526401266043	23.856729037380926	26.23609385764205	0.0
46.0	26.113528902365807	23.734440752432622	23.835702092457687	26.316328252743876	0.0
47.0	26.122382352859802	23.82740198261957	23.731120708497375	26.319094956023253	0.0
48.0	26.398776010469206	23.7764946422791	23.683256741764218	26.141472605487483	0.0
49.0	26.254077428957977	23.766534510473356	23.697090258161083	26.282297802407584	0.0
50.0	26.3038780879867	23.775941301623224	23.69432355488171	26.225857055508367	0.0
51.0	26.217556945670246	23.855069015413306	23.792541521299466	26.134832517616985	0.0
52.0	26.22558038518043	23.77345126867179	23.74108084030312	26.25988750584466	0.0
53.0	26.28893789027808	23.864475806563174	23.745507565550117	26.10107873760863	0.0
54.0	26.30996483520132	23.8157818288462	23.76819453244098	26.1060588035115	0.0
55.0	26.203446758945443	23.70179365373602	23.81107843327127	26.283681154047272	0.0
56.0	26.277594406832648	23.775111290639416	23.71009376357414	26.237200538953797	0.0
57.0	26.276211055192967	23.743570873254555	23.705390367999204	26.274827703553278	0.0
58.0	26.264314231091657	23.730844038169437	23.800841631137583	26.204000099601316	0.0
59.0	26.235817187314115	23.684640093403903	23.804991686056646	26.27455103322534	0.0
60.0	26.256290791581478	23.700963642752207	23.601085654366827	26.441659911299492	0.0
61.0	26.233327154362673	23.729184016201817	23.710647104230013	26.326841725205497	0.0
62.0	26.262100868468156	23.667763203399726	23.799734949825833	26.27040097830628	0.0
63.0	26.285064505686957	23.75048763145299	23.602469006006512	26.36197885685354	0.0
64.0	26.23048787910647	23.772555486080755	23.80326580751545	26.193690827297328	0.0
65.0	26.201990914171567	23.810182546577323	23.691214634713177	26.296611904537937	0.0
66.0	26.15772378417561	23.76010535576939	23.769788790456005	26.312382069598993	0.0
67.0	26.283885104664094	23.734651756021712	23.734928425584187	26.246534713730004	0.0
68.0	26.40561971215299	23.63560405265575	23.752635277582574	26.206140957608692	0.0
69.0	26.195278370310117	23.769999695664325	23.673442285505597	26.361279648519957	0.0
70.0	26.233458664298382	23.65933217685776	23.869047124996197	26.23816203384766	0.0
71.0	26.115321087972376	23.740119465586552	23.828930149428817	26.315629297012254	0.0
72.0	26.120024457521655	23.826716799052686	23.73569276483429	26.317565978591368	0.0
73.0	26.406930000027668	23.76778634528819	23.691702426108684	26.13358122857546	0.0
74.0	26.257252180841796	23.770553033258356	23.69806580844006	26.274128977459792	0.0
75.0	26.30566922031966	23.77857642837183	23.687552394153435	26.228201957155072	0.0
76.0	26.20911181016094	23.85493701634836	23.79545322498983	26.14049794850087	0.0
77.0	26.21824188046248	23.7763630779957	23.749249535888094	26.256145505653727	0.0
78.0	26.294602468439006	23.862130405070786	23.7409494719776	26.102317654512607	0.0
79.0	26.31147926505701	23.822566767097438	23.763082975738914	26.10287099210664	0.0
80.0	26.203855103017627	23.697512470846025	23.80873332724662	26.28989909888973	0.0
81.0	26.28021569099415	23.78189645393603	23.70802588513265	26.22986196993717	0.0
82.0	26.27883234700907	23.74177947836865	23.709409229117732	26.269978945504548	0.0
83.0	26.266382251143334	23.727392700923797	23.805689970479442	26.20053507745343	0.0
84.0	26.228201957155072	23.685062374980287	23.807626652058556	26.27910901580609	0.0
85.0	26.254762161668644	23.70110916520724	23.609531793394808	26.434596879729305	0.0
86.0	26.240928721817824	23.7224126625775	23.71798596182524	26.318672653779434	0.0
87.0	26.261955550391068	23.670398928738418	23.797666575365962	26.269978945504548	0.0
88.0	26.281875703776254	23.74703618551196	23.606765105424646	26.364323005287137	0.0
89.0	26.230066068325936	23.77574396033687	23.801474087272165	26.192715884065027	0.0
90.0	26.199079248790962	23.81309414459778	23.69689357134162	26.290933035269642	0.0
91.0	26.14706565885725	23.764400571042817	23.771593939863436	26.316939830236496	0.0
92.0	26.277099633691524	23.734243755602527	23.744757140801894	26.243899469904054	0.0
93.0	26.399940239705185	23.635749936366352	23.758313874348445	26.205995949580018	0.0
94.0	26.20260343897412	23.759631479201538	23.681611310157837	26.356153771666506	0.0
95.0	26.24548686522154	23.652561247216035	23.86504170759037	26.236910179972057	0.0
96.0	26.112686577487587	23.736668096114208	23.83875831730969	26.31188700908852	0.0
97.0	26.123753268132084	23.823264950407392	23.733071421654746	26.31991035980578	0.0
98.0	26.39986719971227	23.767378162652687	23.699871349721256	26.13288328791379	0.0
99.0	26.262640235720507	23.77014483531381	23.69461467166512	26.27260025730056	0.0
100.0	26.3113336745563	23.775124846103836	23.69074132993955	26.22280014940032	0.0
101.0	26.213393462352503	23.857018356873105	23.791448214804465	26.138139965969927	0.0
102.0	26.222523482134214	23.77678484970051	23.745521448629805	26.255170219535472	0.0
103.0	26.287816956936737	23.866148376654817	23.74607478316203	26.099959883246417	0.0
104.0	26.310503672757957	23.815518266956246	23.774294844305498	26.099683215980303	0.0
105.0	26.20371010803857	23.701531353317932	23.80804825077121	26.28671028787229	0.0
106.0	26.27398359363112	23.78397819861943	23.707894700438516	26.234143507310932	0.0
107.0	26.281730277082264	23.731964752590297	23.708724702236854	26.277580268090585	0.0
108.0	26.27260025730056	23.72200473101025	23.815794934222357	26.189600077466835	0.0
109.0	26.241336856229857	23.68050464109339	23.814964932424022	26.263193570252735	0.0
110.0	26.251573545076013	23.694891338931235	23.614381164492524	26.439153951500227	0.0
111.0	26.23774018177039	23.719238058349127	23.71979139288135	26.323230366999127	0.0
112.0	26.270940253703884	23.663904605126646	23.807494916238987	26.257660224930486	0.0
113.0	26.27979360621948	23.74137143963812	23.622127847943673	26.35670710619873	0.0
114.0	26.22272759969677	23.771462403789222	23.811302379885237	26.194507616628766	0.0
115.0	26.19976428014143	23.810749046883906	23.702295778622535	26.28719089435213	0.0
116.0	26.153837641030748	23.755139080249883	23.77173907028989	26.319284208429476	0.0
117.0	26.28387089634413	23.73245242719521	23.737985757208545	26.245690919252112	0.0
118.0	26.406434156139508	23.62814915644384	23.754309080747884	26.211107606668772	0.0
119.0	26.195963424587422	23.761844817330438	23.688251324544538	26.353940433537602	0.0
120.0	26.252403546874355	23.659201261602732	23.857571691405333	26.230823500117584	0.0
121.0	26.120986595470956	23.732241419856408	23.837098313713014	26.309673670959622	0.0
122.0	26.128733278922105	23.810814923432332	23.736114761581984	26.32433703606358	0.0
123.0	26.389907178132223	23.764888157257673	23.697381344326246	26.14782332028386	0.0
124.0	26.26098023212384	23.76350482092711	23.69516800619735	26.280346940751702	0.0
125.0	26.312163676354633	23.771804838910484	23.69295466806845	26.223076816666435	0.0
126.0	26.211456791489713	23.853698349679757	23.798364896457276	26.13647996237325	0.0
127.0	26.224183485730883	23.77125150437826	23.755204802943737	26.249360206947113	0.0
128.0	26.288923626001186	23.860338364066454	23.750778126685944	26.099959883246417	0.0
129.0	26.317143687144657	23.81717827055292	23.769314833515473	26.096363208786954	0.0
130.0	26.213670129618617	23.694061337132897	23.81164492523067	26.280623608017816	0.0
131.0	26.27841026988892	23.785638202216106	23.71536471662355	26.220586811271424	0.0
132.0	26.279516938953368	23.737774765178656	23.71730138748634	26.26540690838163	0.0
133.0	26.27066358643777	23.721174729211914	23.817454937819033	26.190706746531283	0.0
134.0	26.238570183568733	23.673311292174468	23.82077494501238	26.26734357924442	0.0
135.0	26.257936892196597	23.686037986415638	23.61659450262142	26.43943061876634	0.0
136.0	26.242443525294306	23.71010803856742	23.729474747195287	26.317973688942992	0.0
137.0	26.260703564857725	23.668884615916667	23.806111579908425	26.264300239317183	0.0
138.0	26.28754028967063	23.736944763380322	23.624894520604794	26.350620426344257	0.0
139.0	26.225916047852504	23.760803886632505	23.816137492944968	26.197142572570026	0.0
140.0	26.195205896349087	23.8011974192406	23.709896968825046	26.293699715585262	0.0
141.0	26.157302376025054	23.75776053828532	23.773807284115936	26.311129801573692	0.0
142.0	26.29701973196401	23.72373037040316	23.735073759697215	26.244176137935614	0.0
143.0	26.415156981441108	23.614999833999182	23.765230575137505	26.204612609422206	0.0
144.0	26.198875064671327	23.759762950174718	23.69391577648481	26.34744620866914	0.0
145.0	26.251995473698482	23.659055508060746	23.865727099432	26.223221918808775	0.0
146.0	26.125557833461983	23.72932938250291	23.836676875745276	26.30843590828983	0.0
147.0	26.128877859026183	23.81260669040485	23.744269497541797	26.31424595302717	0.0
148.0	26.392819891379833	23.761422962956814	23.70249250919232	26.143264636471038	0.0
149.0	26.265275575955265	23.757826268595604	23.70166250280127	26.27523565264786	0.0
150.0	26.31341594663612	23.768616351679242	23.693639107687797	26.224328593996844	0.0
151.0	26.210771822943034	23.847466958828917	23.798219912959997	26.14354130526805	0.0
152.0	26.220178562041596	23.767509676491176	23.765849663709076	26.246462097758155	0.0
153.0	26.292112449265858	23.861023729882717	23.747589523105994	26.099274297745428	0.0
154.0	26.318395984982416	23.818416735142193	23.77331972122852	26.08986755864687	0.0
155.0	26.207451797378837	23.691979094905697	23.816756722360097	26.283812385355365	0.0
156.0	26.27440564625681	23.787706498673373	23.713005923478946	26.224881931590872	0.0
157.0	26.274128977459792	23.74316282235373	23.714665936261042	26.268042263925434	0.0
158.0	26.271085620692613	23.72102931859242	23.815650047172028	26.192235013542938	0.0
159.0	26.23954537783274	23.671782272723497	23.82478011747357	26.26389223197019	0.0
160.0	26.25891219362389	23.686169050168353	23.61091513737989	26.444003618827868	0.0
161.0	26.250612129713396	23.698342477237073	23.734032752052194	26.317012640997334	0.0
162.0	26.273852308662775	23.66099218963986	23.812053352810818	26.253102148886548	0.0
163.0	26.282429041370285	23.734032752052194	23.63249530354717	26.351042903030354	0.0
164.0	26.223017800919653	23.758168668832067	23.827336059450754	26.191477470797526	0.0
165.0	26.20669429673364	23.79385904239131	23.713901538836108	26.285545122038943	0.0
166.0	26.169620575362025	23.747931895020503	23.775045512143027	26.307402017474452	0.0
167.0	26.29163185241339	23.72579833002252	23.746825216770603	26.23574460079349	0.0
168.0	26.414196468589708	23.612917148532823	23.76757543395621	26.205310948921266	0.0
169.0	26.193763297467637	23.76404447752192	23.69294020324202	26.34925202176842	0.0
170.0	26.259057494860848	23.6453529068368	23.869732542793983	26.225857055508367	0.0
171.0	26.13372583630523	23.720053895379884	23.845938894591374	26.30028137372351	0.0
172.0	26.1290224407303	23.821591905732888	23.73803746669581	26.311348186841006	0.0
173.0	26.400712702764768	23.757404389651423	23.704560357015392	26.13732255056842	0.0
174.0	26.266804264043092	23.75242432374855	23.7076037306227	26.27316768158565	0.0
175.0	26.32047830766294	23.775111290639416	23.686576785699465	26.217833615998188	0.0
176.0	26.226687066492183	23.84068215836056	23.796968246546463	26.135662528600793	0.0
177.0	26.223920363212805	23.760447763258732	23.763491136866044	26.252140736662415	0.0
178.0	26.295577978148575	23.850365619838367	23.74633757653393	26.107718825479125	0.0
179.0	26.31715826372769	23.81384513655064	23.77926134555847	26.089735254163198	0.0
180.0	26.203723429273378	23.690726840618524	23.827125312291635	26.278424417816463	0.0
181.0	26.27178432994597	23.784241411461345	23.71286046685351	26.23111379173918	0.0
182.0	26.277041066176775	23.733610741448814	23.71507382947701	26.274274362897405	0.0
183.0	26.274827703553278	23.720883906363692	23.811631773927143	26.192656616155887	0.0
184.0	26.240520582889047	23.66914655503941	23.823805268356384	26.266527593715157	0.0
185.0	26.26099418715641	23.683533412092153	23.616025852075442	26.439446548675992	0.0
186.0	26.242180604856667	23.704560357015392	23.732504060137064	26.320754977990873	0.0
187.0	26.272337670601843	23.669699895695288	23.802778323433145	26.255184110269724	0.0
188.0	26.289767901261897	23.722820598659254	23.63926615962218	26.348145340456675	0.0
189.0	26.233123063302344	23.75	23.830234617087207	26.18664231961045	0.0
190.0	26.200475874280656	23.797034085878707	23.70683930942895	26.295650730411683	0.0
191.0	26.166445329791944	23.752490039840637	23.771857016378927	26.309207613988487	0.0
192.0	26.30118415227977	23.725929614873838	23.73727312970341	26.235613103142985	0.0
193.0	26.407149181053562	23.618581230633023	23.771303674192122	26.20296591412129	0.0
194.0	26.19971834804766	23.76196259949812	23.688644556896186	26.349674495558034	0.0
195.0	26.261692844435714	23.646313762488276	23.870694640036078	26.221298753039935	0.0
196.0	26.134147117494237	23.735402101046095	23.837770688829927	26.292680092629737	0.0
197.0	26.12667697730461	23.815083596402157	23.744808944247854	26.31343048204538	0.0
198.0	26.399752102014446	23.749789037707608	23.71022496188845	26.140233898389493	0.0
199.0	26.26473623488334	23.74840567841323	23.708288258876326	26.278569827827102	0.0
200.0	26.32781741870689	23.770262755264373	23.6750876358113	26.226832190217436	0.0
201.0	26.233748986689314	23.82891718934592	23.800973331599522	26.13636049236524	0.0
202.0	26.231812283677193	23.755599146743986	23.759195880909363	26.253392688669457	0.0
203.0	26.297660186089495	23.85077426619706	23.745915631683353	26.10564991603009	0.0
204.0	26.31896391922288	23.80733678435365	23.776072864300755	26.097626432122713	0.0
205.0	26.209678534967175	23.683941135295306	23.817573643132036	26.288806686605486	0.0
206.0	26.273313062508475	23.789076441667888	23.71271500861833	26.22489548720531	0.0
207.0	26.2796765152626	23.73927550707035	23.71022496188845	26.270823015778593	0.0
208.0	26.278846499685976	23.717695102078082	23.821723721015164	26.181734677220774	0.0
209.0	26.241495798737823	23.670107542351545	23.824490439603917	26.263906219306715	0.0
210.0	26.261139500717963	23.6795143855533	23.622243310766134	26.437102802962603	0.0
211.0	26.24038911130232	23.707181571440824	23.736785460340474	26.31564385691638	0.0
212.0	26.273313062508475	23.66236073030304	23.809550159224653	26.254776047963833	0.0
213.0	26.283826593145733	23.71658841464258	23.63635357556877	26.36323141664292	0.0
214.0	26.23852500290506	23.75234480049137	23.825663045944257	26.18346715065931	0.0
215.0	26.21030439522131	23.794122366768296	23.69894698399172	26.29662625401867	0.0
216.0	26.169356846817436	23.75704823510533	23.767285122206296	26.306309795870934	0.0
217.0	26.30105301600828	23.71388730570665	23.742107913390402	26.242951764894674	0.0
218.0	26.407848649007576	23.614561833564814	23.782502116545576	26.195087400882034	0.0
219.0	26.204290097582707	23.764584146061416	23.684902209790366	26.34622354656552	0.0
220.0	26.254921327921604	23.643954548095518	23.88106364317986	26.220060480803014	0.0
221.0	26.136505117074343	23.726956565044528	23.83956263470536	26.296975683175766	0.0
222.0	26.131524996057404	23.813278662671504	23.748813762841102	26.30638257842999	0.0
223.0	26.412348486734892	23.750750476569916	23.708142774536086	26.128758262159103	0.0
224.0	26.275948505548683	23.73636346029875	23.71063283504456	26.277055199108005	0.0
225.0	26.333496570633336	23.755453924197028	23.680752108942915	26.230297396226725	0.0
226.0	26.237214230972477	23.833199146739265	23.79335817860374	26.136228443684516	0.0
227.0	26.23334080351486	23.753793883858044	23.757113964536007	26.255751348091096	0.0
228.0	26.303062497752027	23.847309489620596	23.740513561146205	26.10911445148117	0.0
229.0	26.325749715718093	23.81355533606133	23.772884347756317	26.087810600464255	0.0
230.0	26.213420319447096	23.687668943688664	23.821025517586744	26.277885219277497	0.0
231.0	26.288675481480865	23.782014569620706	23.7100794882649	26.219230460633526	0.0
232.0	26.281205299955456	23.735810113519094	23.71395291572252	26.269031670802935	0.0
233.0	26.282588666904605	23.716719649620817	23.817152090129124	26.18353959334545	0.0
234.0	26.24357771893857	23.66636509267175	23.833752493518926	26.256304694870753	0.0
235.0	26.27041503775208	23.681858802502234	23.625694104366737	26.422032055378946	0.0
236.0	26.241364331819927	23.707312754366598	23.74023688775637	26.3110860260571	0.0
237.0	26.266541610294464	23.66525839911243	23.812171969112185	26.25602802148092	0.0
238.0	26.291165541989336	23.71948638351912	23.63814440690909	26.351203667582457	0.0
239.0	26.227879901282662	23.753582930311314	23.83326508704169	26.185272081364335	0.0
240.0	26.200851614831045	23.79347648652163	23.70078936228492	26.304882536362406	0.0
241.0	26.172221930171624	23.747956030091665	23.769537032169527	26.310285007567185	0.0
242.0	26.3100956217628	23.710932312187346	23.739984063039532	26.238988003010316	0.0
243.0	26.40598974041138	23.607844656325916	23.792118820866698	26.194046782396008	0.0
244.0	26.202578228111484	23.761589990343403	23.679135388795583	26.35669639274953	0.0
245.0	26.247416347774116	23.63706292351836	23.883876073235992	26.23164465547153	0.0
246.0	26.1333576828148	23.71611824993636	23.845059822248786	26.305464245000053	0.0
247.0	26.136209563391155	23.806928076724063	23.76016535740276	26.296697002482023	0.0
248.0	26.41741238191689	23.74805615969098	23.695205839545324	26.139325618846808	0.0
249.0	26.26882273836601	23.74805615969098	23.717342099292193	26.26577900265082	0.0
