# Position (bp)	A	C	G	T	N
0.0	26.297772685635206	23.772960162699558	23.758953658078813	26.170313493586423	0.0
1.0	26.16667180238503	23.833748392753595	23.782204455749252	26.217375349112125	0.0
2.0	26.24741245773798	23.776537189179802	23.74488443945221	26.23116591363001	0.0
3.0	26.324899797494304	23.715853422850373	23.790637682864322	26.168609096791002	0.0
4.0	26.268369121671014	23.713286262823726	23.737932463807894	26.28041215169737	0.0
5.0	26.299649655396458	23.76938307423889	23.77050328080498	26.160463989559673	0.0
6.0	26.279561461235808	23.77322561223204	23.81187079068595	26.1353421358462	0.0
7.0	26.298871301489346	23.72058901765989	23.71414891204216	26.266390768808606	0.0
8.0	26.252866354389198	23.681196995192643	23.862067806955405	26.20386884346275	0.0
9.0	26.277758491326697	23.70404380886256	23.857744381110226	26.160453318700515	0.0
10.0	26.232881314177575	23.821148225703503	23.84102437768048	26.104946082438442	0.0
11.0	26.2776726425764	23.751441720882838	23.704690771866566	26.266194864674198	0.0
12.0	26.29502928233094	23.707770175693984	23.696012451989297	26.30118808998578	0.0
13.0	26.265914918871708	23.742203509400582	23.749762046067882	26.242119525659835	0.0
14.0	26.14021925355251	23.828426816568314	23.828986708173296	26.20236722170588	0.0
15.0	26.15813578491204	23.84102437768048	23.716448495571257	26.284391341836223	0.0
16.0	26.22196342788036	23.88329619385687	23.67221705877742	26.222523319485347	0.0
17.0	26.237640392819948	23.711129525323898	23.76543901100747	26.285791070848685	0.0
18.0	26.138539578737557	23.80911055619632	23.78643494619442	26.265914918871708	0.0
19.0	26.16233497194943	23.798752561504095	23.729046056683426	26.30986640986305	0.0
20.0	26.284111396033726	23.72736638186847	23.740243888783134	26.248278333314673	0.0
21.0	26.158695676517024	23.78559510878694	23.716448495571257	26.33926071912478	0.0
22.0	26.21104554158315	23.787834675206877	23.76767857742741	26.233441205782558	0.0
23.0	26.207406246150743	23.781955813354536	23.825627358543386	26.185010581951335	0.0
24.0	26.189489714791215	23.757320582735183	23.740243888783134	26.31294581369047	0.0
25.0	26.294469390725954	23.777476680514653	23.750321937672865	26.177731991086528	0.0
26.0	26.17269296664166	23.827586979160834	23.78279565076201	26.216924403435492	0.0
27.0	26.238760176029917	23.777476680514653	23.74864226285791	26.235120880597517	0.0
28.0	26.321624133567738	23.71448887495381	23.795113266071688	26.168773725406762	0.0
29.0	26.27263361813153	23.70944985050894	23.745562859030493	26.272353672329036	0.0
30.0	26.30118808998578	23.76963819804486	23.765998902612452	26.16317480935691	0.0
31.0	26.285791070848685	23.774957168292218	23.804071531751454	26.135180229107647	0.0
32.0	26.289430366281085	23.71672844137375	23.721487520016122	26.272353672329036	0.0
33.0	26.24953109340619	23.680762792051823	23.863566377577587	26.206139736964396	0.0
34.0	26.264928026337152	23.709597048267987	23.85460816205412	26.170866763340744	0.0
35.0	26.228815220008173	23.81961513266557	23.836691731007186	26.114877916319067	0.0
36.0	26.270246966804212	23.747109575772505	23.711556657913743	26.271086799509536	0.0
37.0	26.29432217102353	23.7067976059169	23.699239111568975	26.29964111149059	0.0
38.0	26.256249755048795	23.742630468010773	23.750748850828916	26.250370926111515	0.0
39.0	26.13083473772025	23.828293403953932	23.837531563712506	26.203340294613316	0.0
40.0	26.15462999770446	23.83557195406675	23.72779342355003	26.282004624678763	0.0
41.0	26.212578454371886	23.885122083680933	23.67768340546563	26.224616056481548	0.0
42.0	26.238893212472075	23.71211654638396	23.760826843292815	26.28816339785115	0.0
43.0	26.148191280296967	23.807297586320804	23.775103999283342	26.269407134098888	0.0
44.0	26.16582776710879	23.790220987979193	23.739271137189473	26.30468010772254	0.0
45.0	26.28256451314898	23.72723353507981	23.752988404709782	26.237213547061426	0.0
46.0	26.156309663115106	23.792180597624952	23.713516267559502	26.33799347170044	0.0
47.0	26.214818008252756	23.79162070915474	23.76558589528966	26.22797538730285	0.0
48.0	26.20837929084526	23.783222382101485	23.818775299960247	26.189623027093	0.0
49.0	26.180944755804642	23.755787847060866	23.74654968730229	26.3167177098322	0.0
50.0	26.29460211525864	23.773984222342907	23.75970706635238	26.171706596046068	0.0
51.0	26.16666759981412	23.831652734775233	23.783502326336595	26.218177339074057	0.0
52.0	26.239173156707185	23.779863051280184	23.747109575772505	26.233854216240125	0.0
53.0	26.31475810018644	23.71519593297015	23.795539928446257	26.174506038397148	0.0
54.0	26.276685684211703	23.71883520802656	23.735351917897955	26.269127189863777	0.0
55.0	26.297961446079942	23.7737042781078	23.768385337640744	26.159948938171517	0.0
56.0	26.28480406702985	23.77762349739932	23.80785747479102	26.129714960779815	0.0
57.0	26.28760350938093	23.71855526379145	23.71743548685102	26.2764057399766	0.0
58.0	26.247424527456776	23.688188658962645	23.861473170294722	26.202913643285857	0.0
59.0	26.26981994087611	23.70778464570456	23.858953686285048	26.163441727134284	0.0
60.0	26.222229687360027	23.83515855952701	23.82676027949476	26.1158514736182	0.0
61.0	26.267300456866433	23.750895816536772	23.71786258174326	26.263941144853536	0.0
62.0	26.293615067634146	23.713383499059393	23.697986652333604	26.29501478097286	0.0
63.0	26.255262922153545	23.74193765116904	23.748936217862582	26.25386320881484	0.0
64.0	26.129288721669802	23.823121024814117	23.842717011556033	26.204873241960048	0.0
65.0	26.150004479082682	23.836278330197974	23.730739944459376	26.282977246259964	0.0
66.0	26.206832840634238	23.889187494401146	23.68063020693362	26.223349458031	0.0
67.0	26.23370733673744	23.720941951088417	23.758174325898057	26.28717638627609	0.0
68.0	26.13096837767625	23.816682343456062	23.785608707336735	26.26674057153095	0.0
69.0	26.160642300456864	23.797646242049627	23.734659141807757	26.30705231568575	0.0
70.0	26.26870017020514	23.72850040311744	23.750615873869034	26.252183552808383	0.0
71.0	26.15784287377945	23.796526471378662	23.709184359043267	26.33644629579862	0.0
72.0	26.220270088685837	23.79288721669802	23.755094956552895	26.231747738063245	0.0
73.0	26.215231120666488	23.793167159365762	23.817802114127026	26.173799605840724	0.0
74.0	26.19227582191167	23.75369524321419	23.750895816536772	26.303133118337364	0.0
75.0	26.29025575562125	23.764892949923855	23.764613007256113	26.180238287198783	0.0
76.0	26.16764086715041	23.829559706172176	23.784768879333512	26.2180305473439	0.0
77.0	26.24406521544388	23.77777031263997	23.74361730717549	26.23454716474066	0.0
78.0	26.31041162769865	23.706944817701334	23.80604452208188	26.176599032518137	0.0
79.0	26.27653856490191	23.710024187046493	23.73689868314969	26.27653856490191	0.0
80.0	26.289415927618027	23.77385111529159	23.77944996864642	26.157282988443963	0.0
81.0	26.29557466630834	23.77413105795933	23.804084923407686	26.126209352324643	0.0
82.0	26.293055182298662	23.715902983069068	23.715623040401326	26.275418794230944	0.0
83.0	26.245317985095934	23.686656327508693	23.865538690659484	26.202486996735885	0.0
84.0	26.26547374432419	23.705972263435772	23.861059633053205	26.167494359186826	0.0
85.0	26.22096310936179	23.82746670100611	23.823547525600613	26.128022664031487	0.0
86.0	26.268833037528903	23.74768348739425	23.717449848551865	26.266033626524983	0.0
87.0	26.298226853070112	23.705972263435772	23.70429261683342	26.291508266660696	0.0
88.0	26.25063686600339	23.739005313282085	23.752162545000534	26.25819527571399	0.0
89.0	26.131941839436983	23.828586465407678	23.836424816218667	26.20304687893667	0.0
90.0	26.149858069862102	23.842023638226518	23.72808761036678	26.280030681544602	0.0
91.0	26.21648405175551	23.883734862184998	23.676858388994955	26.222922697064536	0.0
92.0	26.2355200465822	23.716330084150293	23.759441013610736	26.28870885565677	0.0
93.0	26.141179895749932	23.804791471874317	23.78883482915195	26.265193803223802	0.0
94.0	26.166934476986043	23.79919264986647	23.73284660907345	26.30102626407404	0.0
95.0	26.26547374432419	23.734526255675807	23.745723899691505	26.254276100308495	0.0
96.0	26.159935949476232	23.801432178669607	23.707092027837344	26.33153984401682	0.0
97.0	26.217323875056685	23.794433651159796	23.757201484807595	26.231040988975916	0.0
98.0	26.212564876350015	23.7905144757543	23.825787054403754	26.17113359349193	0.0
99.0	26.191849234920973	23.74740354629386	23.755801779305635	26.304945439479532	0.0
100.0	26.287869032355594	23.77455783303193	23.761680542413878	26.1758925921986	0.0
101.0	26.164974889283293	23.833065523013957	23.77903689063821	26.222922697064536	0.0
102.0	26.253156335906922	23.775117715232717	23.74264454758719	26.229081401273174	0.0
103.0	26.324261375406614	23.707651910038127	23.80059235536843	26.167494359186826	0.0
104.0	26.273871977335965	23.707931851138518	23.74404425308915	26.27415191843636	0.0
105.0	26.303825675077963	23.764759894518193	23.773158127529967	26.158256302873877	0.0
106.0	26.295987324266974	23.770078775425652	23.808990588380205	26.12494331192717	0.0
107.0	26.2987867352709	23.71716990745147	23.713810614246764	26.270232743030864	0.0
108.0	26.253009349980406	23.684564134147024	23.859246402777	26.20318011309557	0.0
109.0	26.270645540563237	23.701080566597614	23.85868652371088	26.169587369128266	0.0
110.0	26.22333575947595	23.82341414254521	23.828173114607246	26.125076983371592	0.0
111.0	26.27176529869548	23.750349924416327	23.716757180449022	26.26112759643917	0.0
112.0	26.29975925200157	23.70611947819271	23.698281171267006	26.295840098538715	0.0
113.0	26.253289289513464	23.727954761771457	23.7677061754661	26.25104977324898	0.0
114.0	26.131235653098933	23.838250937797437	23.831812328537037	26.1987010805666	0.0
115.0	26.15754996920665	23.835451542466828	23.723195789709422	26.283802698617098	0.0
116.0	26.217736968814737	23.8850008398186	23.67336655282459	26.22389563854208	0.0
117.0	26.246010861653886	23.715077543250658	23.75734841274285	26.281563182352613	0.0
118.0	26.148871843681764	23.794020491573818	23.779183696321596	26.277923968422822	0.0
119.0	26.170987066793572	23.795140249706062	23.72543530597391	26.308437377526456	0.0
120.0	26.26252729410447	23.734113431498795	23.75062986394939	26.252729410447344	0.0
121.0	26.15391075527686	23.804658193830132	23.70611947819271	26.3353115727003	0.0
122.0	26.217736968814737	23.78730194278036	23.759867868540397	26.23509321986451	0.0
123.0	26.20989866188903	23.79038127764403	23.82957281227255	26.170147248194393	0.0
124.0	26.184424164380495	23.759867868540397	23.758748110408153	26.29695985667096	0.0
125.0	26.292480824141983	23.762667263871005	23.766306477800793	26.17854543418622	0.0
126.0	26.168747550529087	23.82397402161133	23.783102849784445	26.224175578075137	0.0
127.0	26.2451710430547	23.77442472425956	23.74811040815184	26.232293824533905	0.0
128.0	26.322714293712558	23.69968086893231	23.80661777056156	26.170987066793572	0.0
129.0	26.27176529869548	23.70947875258944	23.738872403560833	26.27988354515425	0.0
130.0	26.30339846593136	23.76210738480488	23.768266054532223	26.166228094731537	0.0
131.0	26.30003919153463	23.76462684060243	23.805218072896253	26.13011589496669	0.0
132.0	26.294587618765014	23.722208847258536	23.706252204536167	26.276951329440283	0.0
133.0	26.245464928782585	23.683429633611038	23.860073456956016	26.21103198065036	0.0
134.0	26.265900743527727	23.70050613634328	23.863992654304397	26.1696004658246	0.0
135.0	26.21775060467616	23.823960852817343	23.829279763504434	26.12900877900206	0.0
136.0	26.264780972856762	23.75369524321419	23.719542237749707	26.261981546179342	0.0
137.0	26.297814207650273	23.705265161694886	23.699666308340053	26.29725432231479	0.0
138.0	26.25302338081161	23.724861148436798	23.765172892591597	26.256942578159993	0.0
139.0	26.12880198199964	23.836345058298225	23.832425849978303	26.202427109723835	0.0
140.0	26.15819604439903	23.831586019624034	23.7243676777291	26.285850258247834	0.0
141.0	26.211385300169365	23.885055218845793	23.67201825231303	26.231541228671805	0.0
142.0	26.237140097700262	23.721568243214872	23.752921909774223	26.288369749310643	0.0
143.0	26.139159889702277	23.796873031647607	23.787634897750653	26.27633218089946	0.0
144.0	26.163794913427484	23.7979928054533	23.72968660330613	26.308525677813083	0.0
145.0	26.256529699283902	23.743470300716098	23.74459007765653	26.25540992234347	0.0
146.0	26.151550611118264	23.796939649621795	23.714915988735044	26.336593750524894	0.0
147.0	26.218457283309167	23.780702883985512	23.758027400941735	26.24281243176359	0.0
148.0	26.208659235080372	23.78546193598235	23.8372516194774	26.168627209459878	0.0
149.0	26.18402414239084	23.753828237415107	23.76922517034607	26.29292244984799	0.0
150.0	26.2999210557257	23.760546899057708	23.753828237415107	26.185703807801485	0.0
151.0	26.168347265224767	23.821574742311334	23.783782270571702	26.2262957218922	0.0
152.0	26.242532487528486	23.770904835756717	23.75522795859065	26.23133471812415	0.0
153.0	26.32035698488861	23.700918776979627	23.802538534323965	26.176185703807803	0.0
154.0	26.274726074565947	23.70175860968495	23.741230746835228	26.282284568913873	0.0
155.0	26.295441947963965	23.76922517034607	23.773424333872693	26.161908547817276	0.0
156.0	26.286203788205388	23.77594383198867	23.81485608066873	26.122996299137213	0.0
157.0	26.3003482525783	23.7262465986585	23.70609050087903	26.26731464788417	0.0
158.0	26.242546401276563	23.688866493099297	23.85851459925534	26.210072506368803	0.0
159.0	26.261862769799276	23.70286386159402	23.872232020380167	26.163041348226535	0.0
160.0	26.220710506424794	23.828560230676633	23.82044175694969	26.13028750594888	0.0
161.0	26.26662187508748	23.74121665126956	23.731418493323257	26.2607429803197	0.0
162.0	26.29209708574788	23.710702387951066	23.698104756305817	26.29909576999524	0.0
163.0	26.26130287505949	23.72665938803505	23.76053301979228	26.251504717113182	0.0
164.0	26.13064060535989	23.83170636798065	23.83702538289909	26.200627643760377	0.0
165.0	26.15555599103046	23.83002667905904	23.729805240069542	26.284612089840962	0.0
166.0	26.210705777290045	23.892735065465875	23.673255713041943	26.223303444202134	0.0
167.0	26.240380281571852	23.724766173304705	23.749121662668074	26.28573188245537	0.0
168.0	26.140158842582355	23.794193315397987	23.789434196786754	26.276213645232904	0.0
169.0	26.16367448748492	23.80287170815965	23.7384836328312	26.294970171524234	0.0
170.0	26.256970728539113	23.73603054802804	23.750867841705674	26.256130881727174	0.0
171.0	26.16122819197778	23.80349824192067	23.71475442879219	26.320519137309358	0.0
172.0	26.225336498622653	23.783901816308706	23.758706411950463	26.23205527311818	0.0
173.0	26.205460124073372	23.791180488678865	23.83261293140131	26.170746455846455	0.0
174.0	26.189223085709166	23.75590692257732	23.76094600344897	26.293923988264538	0.0
175.0	26.295603681888423	23.756746769389263	23.7615059013236	26.186143647398712	0.0
176.0	26.172146200533025	23.811896710040088	23.78810105036841	26.227856039058477	0.0
177.0	26.241013639112225	23.771584063066896	23.75422722895344	26.233175068867435	0.0
178.0	26.32527826924369	23.702436675550377	23.798179212111712	26.17410584309422	0.0
179.0	26.271808022216746	23.70103693086381	23.739389935275806	26.287765111643637	0.0
180.0	26.300082864885443	23.772143960941523	23.771864012004208	26.155909162168822	0.0
181.0	26.286365366957064	23.77242390987884	23.82449441221921	26.11671631094488	0.0
182.0	26.296310812248397	23.72692507964592	23.71236765339888	26.264396454706805	0.0
183.0	26.244386960952287	23.69122406244051	23.864514395135554	26.19987458147165	0.0
184.0	26.26510341429547	23.703262001545337	23.868433724146428	26.163200860012765	0.0
185.0	26.225350220042326	23.83343971512077	23.81188340556097	26.129326659275932	0.0
186.0	26.265663318439884	23.739375818859813	23.732097064982476	26.262863797717827	0.0
187.0	26.300097423321127	23.7013023370399	23.704381809834157	26.294218429804815	0.0
188.0	26.26062418114019	23.727337879754987	23.76233188878064	26.249706050324185	0.0
189.0	26.122680940529612	23.833506437515922	23.841625070338154	26.20218755161631	0.0
190.0	26.152635896115093	23.827627427541202	23.73048378653035	26.28925288981336	0.0
191.0	26.211146043006355	23.89005691441561	23.674493215342537	26.224303827235495	0.0
192.0	26.241660904303714	23.72740430511502	23.75371987357329	26.277214917007974	0.0
193.0	26.14311749901317	23.7982323776676	23.794033084828513	26.264617038490716	0.0
194.0	26.16215429321702	23.792913273404757	23.740002183632274	26.304930249745944	0.0
195.0	26.247893348861428	23.733069803640518	23.75938544577018	26.259651401727872	0.0
196.0	26.156628462326637	23.794379650729837	23.72131175077407	26.32768013616945	0.0
197.0	26.225497057687246	23.78710085609823	23.760785213968568	26.226616872245955	0.0
198.0	26.2075800247479	23.792140021612422	23.83413306756401	26.166146886075666	0.0
199.0	26.180704475338885	23.753506419336958	23.770023684077916	26.29576542124624	0.0
200.0	26.31004305686978	23.75238660477825	23.76358475036534	26.173985587986632	0.0
201.0	26.188823130889528	23.81257663730886	23.777582432349202	26.22101779945241	0.0
202.0	26.239774693310785	23.78094187602533	23.751826697498892	26.22745673316499	0.0
203.0	26.323760785213967	23.707594022429884	23.794659604369517	26.173985587986632	0.0
204.0	26.257411772610457	23.707314068790208	23.735029479118257	26.30024467948108	0.0
205.0	26.294645606687535	23.776182664150816	23.767224147681144	26.161947581480504	0.0
206.0	26.291006209371726	23.760785213968568	23.81677594190402	26.131432634755686	0.0
207.0	26.298432250839866	23.731522956326987	23.7026875699888	26.267357222844346	0.0
208.0	26.24566766891192	23.689382359363716	23.857636380942782	26.207313590781585	0.0
209.0	26.264424772815076	23.703100241322737	23.864915257084306	26.167559728777878	0.0
210.0	26.223271126938002	23.828240919602013	23.81900234603777	26.129485607422215	0.0
211.0	26.261065291518985	23.739214665255684	23.733335572987528	26.266384470237796	0.0
212.0	26.302778850945412	23.703100241322737	23.697221149054588	26.296899758677263	0.0
213.0	26.266664427012472	23.721577388451223	23.757411855609494	26.254346328926815	0.0
214.0	26.119760244346956	23.842865421602085	23.828027671005074	26.209346663045885	0.0
215.0	26.16035409031991	23.825228095420734	23.731442313345298	26.282975500914063	0.0
216.0	26.212986111305526	23.891298079211193	23.66929173537292	26.226424074110366	0.0
217.0	26.241261824707372	23.728642737760953	23.75187921511099	26.27821622242068	0.0
218.0	26.148875830424107	23.79387284887611	23.7896734854996	26.267577835200186	0.0
219.0	26.165673283930158	23.7896734854996	23.738721209864586	26.305932020705665	0.0
220.0	26.253373498023496	23.740467418448137	23.751105835451686	26.25505324807669	0.0
221.0	26.14978891140998	23.795619211861275	23.719750501125432	26.33484137560331	0.0
222.0	26.22285803872384	23.78806033662191	23.759504585717643	26.229577038936608	0.0
223.0	26.209699996640502	23.790859920043896	23.827534462871924	26.17190562044368	0.0
224.0	26.185903537553614	23.739627543421538	23.774062419511978	26.300406499512874	0.0
225.0	26.30572570801465	23.746626501976507	23.764543835877223	26.183103954131624	0.0
226.0	26.182823995789427	23.82277517105455	23.774622336196373	26.219778496959652	0.0
227.0	26.244694789415334	23.784140919831128	23.7474663770031	26.22369791375043	0.0
228.0	26.323363083573163	23.710511875832875	23.78806033662191	26.178064703972048	0.0
229.0	26.27129083192421	23.695394125354145	23.73374841823537	26.299566624486275	0.0
230.0	26.301526332881668	23.765663669246013	23.77770187796056	26.15510811991176	0.0
231.0	26.288928207482726	23.774342377854175	23.814376420788584	26.122352993874507	0.0
232.0	26.296354362055354	23.736120987474592	23.702245838395942	26.26527881207411	0.0
233.0	26.245828573988216	23.6841810566866	23.855517480794642	26.214472888530537	0.0
234.0	26.267945530694973	23.690900132141817	23.870915362046183	26.170238975117023	0.0
235.0	26.21895227216735	23.81968241170015	23.821642142041256	26.139723174091245	0.0
236.0	26.255067302739143	23.736813814419136	23.732894353736924	26.275224529104797	0.0
237.0	26.30462048422137	23.701538668279245	23.698179130551637	26.29566171694775	0.0
238.0	26.26150641671706	23.713297050325874	23.76536988510381	26.259826647853256	0.0
239.0	26.109560431253865	23.84522566358055	23.830667626004015	26.21454627916157	0.0
240.0	26.151205731740433	23.825975938561296	23.72910302965823	26.293715300040038	0.0
241.0	26.210050009240227	23.890752490661768	23.66982701170989	26.22937048838811	0.0
242.0	26.235687143141167	23.722448888154595	23.757172179922655	26.28469178878158	0.0
243.0	26.149990198549382	23.80100254837716	23.789520849085665	26.259486403987793	0.0
244.0	26.163837646643685	23.791493616151318	23.737723098638096	26.3069456385669	0.0
245.0	26.26347218176522	23.73176634027202	23.755853817024803	26.248907660937952	0.0
246.0	26.146304570092017	23.79136962702559	23.719940055182846	26.34238574769955	0.0
247.0	26.21875717863526	23.785444949322336	23.756590337346832	26.23920753469557	0.0
248.0	26.210581168612862	23.79053948046709	23.833404307775062	26.165475043144994	0.0
249.0	26.183405428424145	23.745433354999214	23.769527310218077	26.301633906358564	0.0
