# Position (bp)	A	C	G	T	N
0.0	26.24174658346944	23.8036210338233	23.643647835615674	26.310984547091586	0.0
1.0	26.319844996733536	23.796854148403344	23.68825135544103	26.19504949942209	0.0
2.0	26.336845396628643	23.85243750593254	23.603410442385968	26.207306655052847	0.0
3.0	26.257310757806284	23.775770857469887	23.747016373305787	26.219902011418046	0.0
4.0	26.281144005694905	23.730720377426966	23.70866658291808	26.27946903396005	0.0
5.0	26.188189842393516	23.693451766164017	23.744814841695653	26.373543549746813	0.0
6.0	26.21991218251299	23.762920699078556	23.76208327866839	26.255083839740063	0.0
7.0	26.24882765396811	23.81704702782368	23.722142825242283	26.211982492965923	0.0
8.0	26.31459952828214	23.73773603338311	23.766206578929005	26.18145785940575	0.0
9.0	26.243029156130156	23.803861805636963	23.617693522906794	26.335415515326087	0.0
10.0	26.404693522681917	23.64094104906484	23.76765722993963	26.186708198313614	0.0
11.0	26.183079761416316	23.711556013296825	23.732210192558355	26.3731540327285	0.0
12.0	26.13360425586549	23.74916964848918	23.861650878358386	26.255575217286943	0.0
13.0	26.38089549572683	23.769823770102878	23.78015083090973	26.069129903260563	0.0
14.0	26.209801218034954	23.770940209109025	23.612405870236294	26.406852702619727	0.0
15.0	26.34489033777862	23.681904198368883	23.58896065110723	26.384244812745266	0.0
16.0	26.250551241759286	23.7539145142653	23.760613148302177	26.23492109567324	0.0
17.0	26.29465058250205	23.67911310085352	23.693626807933416	26.332609508711013	0.0
18.0	26.286277289955954	23.718746685571702	23.72656175861472	26.268414265857622	0.0
19.0	26.22626869337561	23.65092301594833	23.77624329438822	26.346564996287842	0.0
20.0	26.245527266231626	23.643666162408383	23.833460793453202	26.277345777906792	0.0
21.0	26.19110086468201	23.633897321104605	23.797176525753457	26.377825288459928	0.0
22.0	26.220686498344882	23.78154637966741	23.703116539485656	26.29465058250205	0.0
23.0	26.2399450712009	23.7363305999185	23.745541221719204	26.278183107161396	0.0
24.0	26.26199474157228	23.841275866496222	23.71232716128636	26.184402230645134	0.0
25.0	26.239107741946288	23.798013855008065	23.650643906196795	26.312234496848852	0.0
26.0	26.317464127519308	23.76445435591418	23.702771272988112	26.2153102435784	0.0
27.0	26.33030314025505	23.83813912465844	23.603687587744883	26.227870147341626	0.0
28.0	26.267782730411433	23.754127323931083	23.745474945783084	26.2326149998744	0.0
29.0	26.283971050817375	23.72175068311921	23.71505206777882	26.279226198284594	0.0
30.0	26.198563705227436	23.6818381000494	23.748545144480758	26.371053050242406	0.0
31.0	26.228707474259178	23.7630588110516	23.749103362425792	26.259130352263433	0.0
32.0	26.255501935620725	23.810228227406828	23.71728493955895	26.216984897413496	0.0
33.0	26.316905909574274	23.725099990789403	23.770594753309535	26.187399346326785	0.0
34.0	26.261921441988594	23.793760798028373	23.606478677470044	26.337839082512986	0.0
35.0	26.41208206920228	23.636064228556755	23.76780366358437	26.184050038656594	0.0
36.0	26.200517468035045	23.70137572812553	23.725658208734437	26.372448595104984	0.0
37.0	26.13848232128702	23.73954739815342	23.865983409808976	26.255986870750576	0.0
38.0	26.384097531567136	23.769970191244933	23.786158466467942	26.05977381071999	0.0
39.0	26.228634267787566	23.766341784729434	23.609762088175863	26.39526185930714	0.0
40.0	26.34306862712262	23.684004867646895	23.591340947404852	26.381585557825638	0.0
41.0	26.262127251007584	23.751828158667426	23.749595293119423	26.236449297205567	0.0
42.0	26.3031561554521	23.681213785711893	23.682609326679394	26.333020732156616	0.0
43.0	26.287805204809594	23.711357470609904	23.735360775250918	26.26547654932958	0.0
44.0	26.22109834656306	23.664746402295386	23.778064328856438	26.336090922285116	0.0
45.0	26.23505375623807	23.644371504169875	23.845329403489966	26.27524533610209	0.0
46.0	26.179232117538042	23.630974310881868	23.796764577820948	26.393028993759142	0.0
47.0	26.21523707449956	23.778901653436936	23.705775306739906	26.3000859653236	0.0
48.0	26.243985218430073	23.72475466389791	23.750432617699925	26.280827499972087	0.0
49.0	26.26743030668408	23.836677049491463	23.711915686996907	26.183976956827543	0.0
50.0	26.21746994004756	23.80318406627145	23.64995366803988	26.32939232564111	0.0
51.0	26.30503649329444	23.774369566127522	23.69677770489973	26.2238162356783	0.0
52.0	26.331551697670847	23.830749263854194	23.601043861730187	26.236655176744772	0.0
53.0	26.257309125416917	23.756227584185773	23.759576873159634	26.226886417237672	0.0
54.0	26.296384163445303	23.72720041307897	23.69342841592587	26.282987007549856	0.0
55.0	26.215722120658135	23.65909820394379	23.740876676388908	26.38430299900917	0.0
56.0	26.233864102599885	23.761251517646567	23.74980811365254	26.255076266101007	0.0
57.0	26.260100199561805	23.80060566308944	23.704871819919894	26.234422317428862	0.0
58.0	26.30503649329444	23.720780942545737	23.776602425443432	26.197580138716386	0.0
59.0	26.273776462871734	23.793348870312737	23.59629903568388	26.33657563113164	0.0
60.0	26.420586962892667	23.632303892152894	23.770462062324686	26.17664708262975	0.0
61.0	26.202604072177177	23.69147466402445	23.715757009084946	26.390164254713426	0.0
62.0	26.1483842516872	23.722110269449544	23.866129293357822	26.263376185505432	0.0
63.0	26.377809906052708	23.76369715813624	23.784630155797323	26.073862780013734	0.0
64.0	26.23630284186376	23.765650904584607	23.6087929754442	26.389253278107432	0.0
65.0	26.351015669046518	23.696711565620763	23.585906231334743	26.366366533997983	0.0
66.0	26.264213505411877	23.75141646617507	23.753649319258916	26.230720709154138	0.0
67.0	26.309428780359823	23.670196435250052	23.683593553753145	26.33678123063698	0.0
68.0	26.27984347699882	23.695595139078836	23.74555522682996	26.279006157092375	0.0
69.0	26.23099981578962	23.66489340917591	23.78602568897473	26.318081086059742	0.0
70.0	26.255002986441	23.626655800114992	23.834032030277488	26.28430918316652	0.0
71.0	26.188575607196483	23.63140061291817	23.785188369068287	26.39483541081706	0.0
72.0	26.227371429528368	23.780722662900587	23.68889657982729	26.30300932774376	0.0
73.0	26.277889730550452	23.717086350010884	23.73829845430745	26.26672546513121	0.0
74.0	26.25695673288937	23.847987362051544	23.70843404431097	26.186621860748115	0.0
75.0	26.20643843186728	23.78993318187147	23.6679635821662	26.335664804095053	0.0
76.0	26.310471772629207	23.769771161108274	23.695529003285078	26.224228062977446	0.0
77.0	26.315216572189332	23.843734213074992	23.624357009883138	26.21669220485253	0.0
78.0	26.25158043691231	23.77032937282123	23.758606926849147	26.219483263417313	0.0
79.0	26.293446315384035	23.71506641323855	23.704181284835897	26.287305986541515	0.0
80.0	26.196596583186103	23.662036300507694	23.75079196286776	26.390575153438444	0.0
81.0	26.225902698116315	23.746326269164104	23.76753831425645	26.260232718463133	0.0
82.0	26.243486367074443	23.795169794047787	23.72399780064585	26.23734603823192	0.0
83.0	26.293725421240516	23.72120674208107	23.775911489950794	26.209156346727625	0.0
84.0	26.27111784686578	23.794890688191312	23.60370317650375	26.330288288439156	0.0
85.0	26.428812655775957	23.610959928772186	23.774236854811925	26.185990560639933	0.0
86.0	26.19855032418145	23.689667780299033	23.716182836664462	26.39559905885505	0.0
87.0	26.13986513642656	23.722536060376008	23.875485642834814	26.262113160362617	0.0
88.0	26.395804492475328	23.75519135444112	23.786730228196312	26.06227392488724	0.0
89.0	26.224433974902873	23.762727191533067	23.617592551243693	26.395246282320368	0.0
90.0	26.353938730853393	23.68960166123342	23.58772830795338	26.36873129995981	0.0
91.0	26.282766936096102	23.746539097039253	23.746259991961775	26.224433974902873	0.0
92.0	26.32016701647836	23.662249363640424	23.69099718662082	26.326586433260395	0.0
93.0	26.290023668110567	23.68513597999375	23.752958513821284	26.271881838074396	0.0
94.0	26.23531907292457	23.647177689456527	23.78868396373867	26.32881927388023	0.0
95.0	26.247320591256194	23.63210601527263	23.836690037065154	26.28388335640602	0.0
96.0	26.205733934711738	23.61954628678605	23.78700933327379	26.387710445228418	0.0
97.0	26.228899656142545	23.774170499709733	23.694625552628054	26.302304291519675	0.0
98.0	26.266299736524807	23.729792792390477	23.72141964006609	26.28248783101862	0.0
99.0	26.26602063144733	23.841993033537264	23.72169874514357	26.170287589871833	0.0
100.0	26.208804090564016	23.788125753583707	23.67062251596481	26.332447639887462	0.0
101.0	26.306975653732046	23.764335494530954	23.707677321938437	26.22101152979857	0.0
102.0	26.320372660059338	23.841926489509866	23.639854977406507	26.19784587302429	0.0
103.0	26.253945837019838	23.761265347247612	23.76070713865064	26.224081677081905	0.0
104.0	26.288554770032015	23.719120598176332	23.699583297282363	26.292741334509294	0.0
105.0	26.191147369860644	23.656601235315623	23.758195199964273	26.394056194859456	0.0
106.0	26.238595100603145	23.75149669680063	23.76210266014307	26.24780554245316	0.0
107.0	26.25785329719863	23.804526513512837	23.71800418098239	26.219616008306147	0.0
108.0	26.30725475803053	23.732517604503627	23.774941457873393	26.185286179592453	0.0
109.0	26.277669702391087	23.802293679124954	23.596593811141286	26.32344280734268	0.0
110.0	26.42699050208072	23.627295283974668	23.767684746112774	26.17802946783183	0.0
111.0	26.199241394516715	23.68423256086567	23.733913125996054	26.38261291862156	0.0
112.0	26.146417706327274	23.71430963744453	23.86642105556951	26.272851600658687	0.0
113.0	26.3925870105222	23.760640821680763	23.78185268916241	26.064919478634625	0.0
114.0	26.221775656591028	23.753942337212873	23.632253202712885	26.392028803483214	0.0
115.0	26.362722933936194	23.692818666443383	23.58117725864523	26.363281140975186	0.0
116.0	26.28234112032153	23.740545368277093	23.753105026654385	26.224008484746992	0.0
117.0	26.314158921544	23.672723213039717	23.69867984035279	26.314438025063495	0.0
118.0	26.3021574702057	23.678026179910127	23.74780205978397	26.2720142901002	0.0
119.0	26.240196488877725	23.647603896285133	23.791342208825252	26.32085740601189	0.0
120.0	26.26085014932038	23.63978899773926	23.832928633230065	26.26643221971029	0.0
121.0	26.2055876524603	23.615506991543164	23.792179519383737	26.3867258366128	0.0
122.0	26.22010103547406	23.772084065980074	23.701470875547738	26.30634402299813	0.0
123.0	26.277875464009604	23.717100672639482	23.71849619023696	26.28652767311396	0.0
124.0	26.286806776633455	23.82539283820369	23.721845432470904	26.165954952691955	0.0
125.0	26.2111697228502	23.782689999720898	23.66686203913031	26.339278238298586	0.0
126.0	26.303068193553248	23.769359371903686	23.703490757461157	26.224081677081905	0.0
127.0	26.331536831998747	23.843042906703808	23.632877369944374	26.19254289135307	0.0
128.0	26.261202548780453	23.766289224620348	23.761823555844583	26.210684670754613	0.0
129.0	26.293299543106265	23.714934033699052	23.705444487550555	26.286321935644132	0.0
130.0	26.202032437501572	23.657159443912594	23.757078782770332	26.383729335815502	0.0
131.0	26.233571223230406	23.749822071009717	23.764614598829436	26.251992106930437	0.0
132.0	26.258132401497114	23.800619053334042	23.709351947729346	26.231896597439498	0.0
133.0	26.315906991283573	23.71744597238542	23.778848918052187	26.18779811827882	0.0
134.0	26.267621947645615	23.812062329571937	23.592407246664006	26.327908476118438	0.0
135.0	26.43145617085649	23.62115498940799	23.763498181635494	26.183890658100022	0.0
136.0	26.204265271889454	23.686186290955067	23.73586685608545	26.37368158107003	0.0
137.0	26.16023980708257	23.726722636538202	23.86432143973563	26.248716116643596	0.0
138.0	26.410876166659225	23.744864466574374	23.779473496181843	26.064785870584554	0.0
139.0	26.21243245657125	23.759098825525836	23.642432903139373	26.38603581476354	0.0
140.0	26.362590988255256	23.7035569151074	23.56791184745233	26.365940249185016	0.0
141.0	26.28890724780065	23.749051042736568	23.751283883356404	26.210757826106374	0.0
142.0	26.324911802795516	23.67090162104229	23.693788237395616	26.31039833876658	0.0
143.0	26.29700129504756	23.68457776983879	23.750725673201448	26.267695261912205	0.0
144.0	26.24704148617872	23.64410753360425	23.79538248559818	26.313468494618853	0.0
145.0	26.27076541776448	23.634897066047426	23.83138704059304	26.262950475595055	0.0
146.0	26.21159514133881	23.61675523601125	23.789800384048586	26.381849238601347	0.0
147.0	26.227783235832625	23.76747197785022	23.718907694368777	26.285837091948377	0.0
148.0	26.281650515786183	23.710813647121867	23.72197785022105	26.285557986870895	0.0
149.0	26.280534095476266	23.823013888268655	23.73677041932747	26.15968159692761	0.0
150.0	26.22582950029027	23.78114812664672	23.680670298754077	26.312352074308937	0.0
151.0	26.31102998434216	23.76418904397871	23.6977618501369	26.227019121542227	0.0
152.0	26.32358974788368	23.845687954070343	23.645010843262522	26.185711454783455	0.0
153.0	26.269164105870434	23.760560667844494	23.759165138562103	26.21111008772297	0.0
154.0	26.292608997814604	23.71785747180333	23.69692453256747	26.292608997814604	0.0
155.0	26.2069234998758	23.660640771225303	23.758606926849147	26.373828802049754	0.0
156.0	26.23288034452827	23.753024809719584	23.768096525969405	26.245998319782743	0.0
157.0	26.255208813046526	23.79014588863118	23.71171714296081	26.242928155361483	0.0
158.0	26.30851803163386	23.728184388493023	23.777586125089663	26.185711454783455	0.0
159.0	26.274746222999994	23.805217604881005	23.5992374828001	26.3207986893189	0.0
160.0	26.443047054456343	23.615146516619358	23.757211397566756	26.184595031357542	0.0
161.0	26.206365288162843	23.68380655731299	23.732929188053152	26.376898966471014	0.0
162.0	26.152291744583934	23.73243721496235	23.873944279151292	26.241326761302425	0.0
163.0	26.418838581468435	23.748067186549292	23.774582316920004	26.058511915062272	0.0
164.0	26.230162495883175	23.751695572810547	23.626934906750474	26.3912070245558	0.0
165.0	26.37362330652049	23.709829577488374	23.570834473018763	26.345712642972373	0.0
166.0	26.315010913069447	23.75671949224921	23.734111854775236	26.19415773990611	0.0
167.0	26.339014083720823	23.66489340917591	23.69419960590143	26.301892901201835	0.0
168.0	26.307195927275973	23.685547300201513	23.74722986664285	26.260026905879663	0.0
169.0	26.247188000647526	23.641727558430976	23.794398888039165	26.316685552882333	0.0
170.0	26.26281797223447	23.638936492076162	23.83710220326778	26.261143332421582	0.0
171.0	26.212299671212385	23.610467615257086	23.803888513645525	26.373344199885008	0.0
172.0	26.225138576444518	23.750858252904106	23.72378490926243	26.300218261388945	0.0
173.0	26.279285263727857	23.695316032443355	23.733832748139754	26.291565955689027	0.0
174.0	26.29407791540836	23.80835421981322	23.73746113440101	26.160106730377407	0.0
175.0	26.22346393663163	23.780164449629627	23.67410392814679	26.322267685591953	0.0
176.0	26.310339534169724	23.77325313646957	23.688404482465078	26.228002846895627	0.0
177.0	26.322341152992728	23.84972856803941	23.645142833219364	26.182787445748495	0.0
178.0	26.276009322187644	23.763484376962474	23.75818133608719	26.202324964762692	0.0
179.0	26.291639337398998	23.71882719064432	23.698452349386663	26.29108112257002	0.0
180.0	26.20567425373655	23.656307129798904	23.769345632666735	26.368672983797815	0.0
181.0	26.237771606402728	23.752599187797426	23.757344013843728	26.252285191956126	0.0
182.0	26.259262877318335	23.787487614608484	23.72357201669062	26.229677491382557	0.0
183.0	26.29833791534672	23.74003935414544	23.78246368114769	26.179159049360145	0.0
184.0	26.272380925799293	23.79139511841132	23.61332458796768	26.322899367821705	0.0
185.0	26.433984118788118	23.617232091770518	23.76599634369287	26.182787445748495	0.0
186.0	26.21125640202632	23.6853343009057	23.741713998632374	26.361695298435606	0.0
187.0	26.15913632760603	23.720568040995413	23.873240222839982	26.247055408558573	0.0
188.0	26.41117102633665	23.755735673376428	23.776947896082437	26.056145404204482	0.0
189.0	26.21746994004756	23.749874401312926	23.648558127072377	26.384097531567136	0.0
190.0	26.363443525248126	23.713590336157907	23.56957050831184	26.353395630282122	0.0
191.0	26.298690424356096	23.749037076732424	23.738710073572918	26.21356242533856	0.0
192.0	26.328158580766893	23.651187067026164	23.703660286146512	26.316994066060435	0.0
193.0	26.297456165324135	23.65425730857044	23.766460681370333	26.281825844735096	0.0
194.0	26.246657623409753	23.630532714819218	23.80134978982801	26.321459871943016	0.0
195.0	26.253635445101292	23.645604809672935	23.83484333394738	26.265916411278393	0.0
196.0	26.222095691055546	23.60932013687695	23.786835920709617	26.381748251357884	0.0
197.0	26.23158552855604	23.743573426222095	23.715941252323613	26.308899792898256	0.0
198.0	26.28740810208832	23.683285046807228	23.737991168868867	26.291315682235584	0.0
199.0	26.290199230764937	23.793813742401152	23.748039232104677	26.167947794729233	0.0
200.0	26.22237480392321	23.77762519607679	23.67239964496843	26.327600355031567	0.0
201.0	26.32962763448393	23.758432721051033	23.70372644629714	26.208213198167897	0.0
202.0	26.325793522312406	23.86065491408858	23.640712746597593	26.17283881700142	0.0
203.0	26.27611115452891	23.778595272918086	23.761011064095836	26.18428250845717	0.0
204.0	26.29760296531166	23.72109770121359	23.70602552222309	26.275273811251658	0.0
205.0	26.22482729746703	23.656409182890236	23.762193845509735	26.356569674132995	0.0
206.0	26.22789756471984	23.742934896378483	23.77112553206336	26.258042006838323	0.0
207.0	26.25832112204312	23.785639522713	23.728141790524038	26.22789756471984	0.0
208.0	26.315260623822486	23.736794361872864	23.770009071244154	26.177935943060497	0.0
209.0	26.278696531993578	23.79959528295304	23.60086525713488	26.3208429279185	0.0
210.0	26.44337450282604	23.62849766241016	23.762472960714533	26.165654874049267	0.0
211.0	26.21812853255181	23.67064405833508	23.741818435559278	26.36940897355383	0.0
212.0	26.150595498937957	23.719195804293395	23.88778327020607	26.242425426562576	0.0
213.0	26.40291846116487	23.757155895955854	23.780322716602793	26.059602926276476	0.0
214.0	26.23572658685743	23.739571441729865	23.649974460673622	26.374727510739078	0.0
215.0	26.380588995481073	23.7133343195514	23.574891632311854	26.33118505265567	0.0
216.0	26.286805239609123	23.750736174571763	23.756039422671666	26.206419163147448	0.0
217.0	26.32107807563053	23.670827425279402	23.712695524021125	26.295398975068945	0.0
218.0	26.281722062813312	23.669710942646287	23.777730637399934	26.270836357140464	0.0
219.0	26.243761653287486	23.653801065124433	23.819877856799938	26.28255942478815	0.0
220.0	26.257717686201392	23.660499960923108	23.83215916576418	26.249623187111325	0.0
221.0	26.212779260218603	23.613886810990657	23.798385566112522	26.374948362678218	0.0
222.0	26.206080364419932	23.767403173043643	23.73251309075887	26.294003371777553	0.0
223.0	26.27920997688881	23.69371531925821	23.733350452733706	26.293724251119272	0.0
224.0	26.27920997688881	23.802293255328415	23.743398796431723	26.175097971351057	0.0
225.0	26.21223455329031	23.77185539155483	23.687280887836902	26.328629167317956	0.0
226.0	26.313909055637897	23.75126652766264	23.70632747450895	26.228496942190517	0.0
227.0	26.311749501761284	23.852934444624324	23.652801580965885	26.18251447264851	0.0
228.0	26.261374420811702	23.769329537207614	23.76542176073243	26.203874281248257	0.0
229.0	26.297102662870543	23.704292971584884	23.697035672416682	26.301568693127898	0.0
230.0	26.215112530320244	23.66472300765647	23.743437010654304	26.376727451368982	0.0
231.0	26.22432374343701	23.75208996843066	23.77134977767481	26.252236510457514	0.0
232.0	26.248049595404442	23.800658183046345	23.724456329080358	26.22683589246886	0.0
233.0	26.305270767796486	23.745111776675536	23.780002735451166	26.169614720076815	0.0
234.0	26.26926329834003	23.797029523333677	23.614480027019557	26.319227151306734	0.0
235.0	26.442322453867174	23.637926751316783	23.76381333057927	26.155937464236768	0.0
236.0	26.225161126447627	23.670305561060573	23.74427439366492	26.360258918826883	0.0
237.0	26.15468783582735	23.721797480579585	23.887041983827253	26.236472699765812	0.0
238.0	26.40674152912574	23.759479926421537	23.78627633235359	26.047502212099133	0.0
239.0	26.2283779521405	23.755292987994654	23.642803908925718	26.37352515093913	0.0
240.0	26.366577436364093	23.710045247858332	23.586946509271485	26.33643080650609	0.0
241.0	26.283717203973904	23.75438606285783	23.769739027515303	26.192157705652964	0.0
242.0	26.32015320365366	23.65807222457958	23.723954262232844	26.297820309533915	0.0
243.0	26.277351885249107	23.675747204091547	23.778761704289757	26.26813920636959	0.0
244.0	26.243819638126027	23.6507896624985	23.816622974893285	26.288767724482188	0.0
245.0	26.25433793906365	23.648363797787127	23.846031431387274	26.25126683176195	0.0
246.0	26.193394553815487	23.62330696701744	23.8232181796353	26.360080299531774	0.0
247.0	26.20110624349084	23.756872139807733	23.745982817207363	26.296038799494063	0.0
248.0	26.282797653451272	23.675180025855592	23.754477959921037	26.287544360772092	0.0
249.0	26.27721329189737	23.79580223541993	23.759503885319553	26.167480587363144	0.0
