# Position (bp)	A	C	G	T	N
0.0	26.27637547707391	23.74309090801838	23.65991635353315	26.32061726137456	0.0
1.0	26.13539165776915	23.87404658954832	23.713891330379948	26.27667042230258	0.0
2.0	26.156264562061665	23.824270201081795	23.898886942365202	26.120578294491338	0.0
3.0	26.16540200360377	23.918499273052205	23.769275912813452	26.14682281053057	0.0
4.0	26.126189886407868	23.91981315687038	23.636717505927315	26.31727945079444	0.0
5.0	26.303032447542552	23.741787858415012	23.818159300803227	26.13702039323921	0.0
6.0	26.234206607793126	23.849680814990638	23.59787111707382	26.318241460142417	0.0
7.0	26.15179587576585	23.905403253863888	23.703437254913524	26.23936361545674	0.0
8.0	26.24402238326326	23.93022035367443	23.706151859473675	26.119605403588636	0.0
9.0	26.25634585109582	23.83858395391482	23.777852463752737	26.127217731236623	0.0
10.0	26.220756096410547	23.674001226357248	23.78985661053724	26.31538606669497	0.0
11.0	26.157592337648172	23.774457058461103	23.826046454039744	26.24190414985098	0.0
12.0	26.1906095508185	23.721098883605478	23.785954123761485	26.302337441814533	0.0
13.0	26.358053989039465	23.730532373082717	23.719035307782335	26.192378330095483	0.0
14.0	26.32651075859995	23.637671461041162	23.731416762721206	26.30440101763768	0.0
15.0	26.06473142560662	23.794503223600234	23.862896022310203	26.27786932848295	0.0
16.0	26.241609353304817	23.70576946320497	23.807474271631435	26.24514691185878	0.0
17.0	26.2174360365194	23.798040782154196	23.734069931636682	26.250453249689727	0.0
18.0	26.128112683031805	23.810127440546907	23.96401123764434	26.097748638776945	0.0
19.0	26.180291671702776	23.770035110268648	23.778879006653558	26.27079421137502	0.0
20.0	26.26776880943818	23.72014456780006	23.786178799474083	26.22590782328768	0.0
21.0	26.26128330454162	23.868131997712386	23.64968840096929	26.2208962967767	0.0
22.0	26.22354945787075	23.74166465222954	23.864889245264106	26.169896644635603	0.0
23.0	26.173139397083883	23.718670589414476	23.85221303114811	26.25597698235353	0.0
24.0	26.11064271353525	23.91824726282214	23.756404436085347	26.214705587557262	0.0
25.0	26.315525709131	23.67828358164956	23.678578377326676	26.327612331892762	0.0
26.0	26.141891055309564	23.830103355364397	23.714838245611965	26.31316734371407	0.0
27.0	26.173139397083883	23.80563531416375	23.88935728646475	26.131868002287618	0.0
28.0	26.16576950515598	23.891715651881682	23.773207789680974	26.169307053281372	0.0
29.0	26.144249420726496	23.908519005477306	23.63494861711348	26.312282956682726	0.0
30.0	26.324074783767372	23.718375793737362	23.794727874110457	26.162821548384812	0.0
31.0	26.24831229474851	23.85840374036755	23.587191717420655	26.30609224746328	0.0
32.0	26.162231957030578	23.88405096427666	23.718965385091593	26.234751693601165	0.0
33.0	26.25450300396795	23.915299306050976	23.695676526599414	26.134521163381656	0.0
34.0	26.28191900193976	23.81978550666533	23.788242369213897	26.110053122181014	0.0
35.0	26.24005801578926	23.656763497220076	23.78205165999446	26.32112682699621	0.0
36.0	26.165987164634057	23.775496065963285	23.810281853316	26.24823491608666	0.0
37.0	26.200772951986767	23.728623691479545	23.78728785828624	26.283315498247443	0.0
38.0	26.36055173796279	23.722433000509994	23.710936002995116	26.2060792585321	0.0
39.0	26.30336154519647	23.64784991406731	23.733929998024873	26.314858542711345	0.0
40.0	26.064282955848583	23.769600169801812	23.87395753185995	26.29215934248966	0.0
41.0	26.23968586665252	23.71889546281311	23.792594164831566	26.248824505702807	0.0
42.0	26.200478157178697	23.80880787927563	23.747785354004343	26.242928609541327	0.0
43.0	26.1158720472615	23.805270341578744	23.97772530430194	26.10113230685781	0.0
44.0	26.179252930997382	23.758692761903077	23.78021278289247	26.281841524207078	0.0
45.0	26.271151465125875	23.71086610459289	23.765108189375628	26.252874240905605	0.0
46.0	26.272625434821062	23.867106892282294	23.64925417133424	26.21101350156241	0.0
47.0	26.226047992453278	23.733860031837743	23.866812098343257	26.173279877365722	0.0
48.0	26.16974235009728	23.725016213666645	23.832321207475974	26.2729202287601	0.0
49.0	26.1054772713873	23.908672837686456	23.77011968633925	26.215730204586997	0.0
50.0	26.336595719592005	23.676964801603678	23.679912740994045	26.30652673781027	0.0
51.0	26.144979659218205	23.820234655975472	23.7238370379105	26.31094864689582	0.0
52.0	26.167973586463063	23.81610754082896	23.8945227286127	26.12139614409528	0.0
53.0	26.19362065915925	23.8856789104416	23.775425977241905	26.145274453157242	0.0
54.0	26.16207770768233	23.901008195271505	23.63864158952892	26.298272507517247	0.0
55.0	26.32215081657921	23.744177819704028	23.773657213607688	26.160014150109074	0.0
56.0	26.240787689405103	23.846176522610698	23.587937032014622	26.325098755969577	0.0
57.0	26.171216319792467	23.88862684983197	23.714403631861327	26.22575319851424	0.0
58.0	26.257590943930193	23.917516655857558	23.70732857732445	26.117563822887803	0.0
59.0	26.268793113613587	23.83291079535405	23.798419904486764	26.099876186545607	0.0
60.0	26.24462001061258	23.65603443193208	23.783680207534932	26.3156653499204	0.0
61.0	26.167896445090367	23.77329233744373	23.818985263294433	26.23982595417147	0.0
62.0	26.18411006394062	23.74381303044328	23.813384194964346	26.25869271065176	0.0
63.0	26.36717656041342	23.728188997733042	23.70342637985266	26.20120806200088	0.0
64.0	26.302911671152433	23.651837592601872	23.742044272023254	26.30320646422244	0.0
65.0	26.054106320068627	23.791274714714007	23.871753222825237	26.282865742392126	0.0
66.0	26.248080160131597	23.709911827392762	23.789800749363984	26.25220726311166	0.0
67.0	26.20120806200088	23.806014368214232	23.747645340353337	26.24513222943155	0.0
68.0	26.125741036079724	23.794222645414052	23.970214108206743	26.109822210299484	0.0
69.0	26.206514337260963	23.767396476043643	23.782725715683874	26.24336347101152	0.0
70.0	26.257730925470636	23.720454451657027	23.768800372617342	26.253014250254996	0.0
71.0	26.277482002936132	23.866671383341885	23.658548089451745	26.19729852427024	0.0
72.0	26.21675480953476	23.72487633467169	23.884064123199554	26.174304732593995	0.0
73.0	26.175483901397907	23.722223204862892	23.834244241234355	26.26804865250485	0.0
74.0	26.113577539192622	23.899688109851365	23.762314944195836	26.224419406760173	0.0
75.0	26.345284209160962	23.680952296726037	23.689796062755363	26.283967431357635	0.0
76.0	26.14453072029526	23.82982235821969	23.72369716586778	26.301949755617265	0.0
77.0	26.19287664125558	23.808597319749307	23.89939331765039	26.099132721344727	0.0
78.0	26.182558914221367	23.879642240184893	23.79415250190141	26.143646343692335	0.0
79.0	26.168703680775423	23.912953758895355	23.64027097299114	26.278071587338086	0.0
80.0	26.327007092700356	23.73696281491177	23.79415250190141	26.141877590486466	0.0
81.0	26.243580899823716	23.85016302008714	23.603716740069924	26.30253934001922	0.0
82.0	26.173125563790084	23.882000577792713	23.725760711274624	26.21911314714258	0.0
83.0	26.25389862685793	23.923566278130544	23.70453567280424	26.117999422207287	0.0
84.0	26.283967431357635	23.830706734822623	23.78678269687697	26.09854313694277	0.0
85.0	26.24534965302958	23.656484544044904	23.790025411087722	26.308140391837792	0.0
86.0	26.18071298231547	23.76637197359849	23.835353145276116	26.217561898809926	0.0
87.0	26.21549835948624	23.735124092411187	23.79614589812601	26.253231649976566	0.0
88.0	26.374096096078393	23.712130368518643	23.715373073170156	26.198400462232808	0.0
89.0	26.30599929839663	23.634895039546258	23.750158450340926	26.308947211716188	0.0
90.0	26.051889170250835	23.787302158167343	23.891363498347694	26.269445173234125	0.0
91.0	26.23554417005922	23.707413707207355	23.811769838719663	26.24527228401376	0.0
92.0	26.196042131577162	23.787891740831252	23.783764662183874	26.23230146540771	0.0
93.0	26.117332845944997	23.78877611482712	23.98834984656111	26.10554119266677	0.0
94.0	26.18749318295045	23.759296981631554	23.786417784171473	26.266792051246522	0.0
95.0	26.27143126665566	23.712060467419757	23.793717425653846	26.222790840270736	0.0
96.0	26.269367733415088	23.874195222036178	23.653691955757846	26.202745088790884	0.0
97.0	26.22161167841898	23.745961370657735	23.88127019314671	26.151156757776572	0.0
98.0	26.200386765087373	23.72473645732613	23.83911515694644	26.235761620640048	0.0
99.0	26.100747588614016	23.89836803999717	23.760406103341744	26.240478268047074	0.0
100.0	26.329210197391696	23.693783458717544	23.678454354644717	26.298551989246043	0.0
101.0	26.139954720184893	23.82614437657713	23.7229677145485	26.31093318868948	0.0
102.0	26.20392425064264	23.80049760630144	23.880091031294956	26.11548711176096	0.0
103.0	26.18269933731104	23.863877555833312	23.801087187227317	26.152335919628328	0.0
104.0	26.16707544277527	23.908390915737094	23.651333632054335	26.273200009433296	0.0
105.0	26.334811216187532	23.729453104733157	23.7789779025069	26.156757776572416	0.0
106.0	26.23782515388062	23.869183784166214	23.58618493974483	26.306806122208332	0.0
107.0	26.174739994811684	23.88480767870198	23.734464542603117	26.205987783883216	0.0
108.0	26.256986533971656	23.922246067495223	23.72237813362262	26.098389264910505	0.0
109.0	26.2770322854515	23.820838148244228	23.807277786949037	26.09485177935523	0.0
110.0	26.243131382213527	23.64190033724029	23.807867367874916	26.30710091267127	0.0
111.0	26.174662834401946	23.76210479770064	23.85525830938168	26.20797405851573	0.0
112.0	26.20148868744933	23.75679858500995	23.79069938831159	26.251013339229125	0.0
113.0	26.367750018424353	23.706684354042302	23.72348736089616	26.202078266637187	0.0
114.0	26.32264721055347	23.623553688554793	23.745891370034638	26.3079077308571	0.0
115.0	26.054683469673524	23.7821504900877	23.897413221313286	26.265752818925492	0.0
116.0	26.224187486181737	23.7034416685091	23.83491782740069	26.237453017908468	0.0
117.0	26.192939789225438	23.801606603286903	23.76446311445206	26.2409904930356	0.0
118.0	26.110398702925785	23.796300390596212	23.990861522588254	26.10243938388975	0.0
119.0	26.17702115115336	23.762989166482424	23.81280860785614	26.24718107450807	0.0
120.0	26.289118694431995	23.699089687050446	23.772787302785183	26.239004315732377	0.0
121.0	26.26317713369337	23.877437917128503	23.637773270759144	26.22161167841898	0.0
122.0	26.211588802679053	23.757458198712357	23.879501450369077	26.151451548239514	0.0
123.0	26.197144069995048	23.72208334315968	23.853559889630453	26.227212697214817	0.0
124.0	26.08571327500413	23.91841379147702	23.7683654458411	26.22750748767776	0.0
125.0	26.336579958965167	23.681991840199988	23.702037591679833	26.279390609155012	0.0
126.0	26.17208688064524	23.80639341556022	23.732401009362544	26.289118694431995	0.0
127.0	26.19891281277268	23.7963705398203	23.896304506756596	26.10841214065043	0.0
128.0	26.18564724194043	23.85650779425984	23.797254911209112	26.16059005259062	0.0
129.0	26.17680352805226	23.888345164257245	23.652807584369032	26.282043723321465	0.0
130.0	26.343360139612766	23.704101124920406	23.791653892413272	26.160884843053555	0.0
131.0	26.25492300073108	23.867415041388583	23.590017215763034	26.287644742117305	0.0
132.0	26.179456642218714	23.868299412777397	23.735348913991935	26.216895031011955	0.0
133.0	26.231634554158905	23.930500200457512	23.711176096030943	26.12668914935264	0.0
134.0	26.264061505082186	23.827028747965944	23.819658986392472	26.089250760559395	0.0
135.0	26.24106784897295	23.635414947055633	23.788116406858006	26.33540079711341	0.0
136.0	26.1798286083196	23.752221989664616	23.859820825828436	26.208128576187345	0.0
137.0	26.196926505573032	23.740725127718346	23.80115735076926	26.261191015939367	0.0
138.0	26.392373158659645	23.69002101862197	23.723037647801004	26.194568174917382	0.0
139.0	26.30393575907294	23.6372533702019	23.761950103619153	26.296860767106008	0.0
140.0	26.06493682603133	23.76319932079877	23.90381520066505	26.26804865250485	0.0
141.0	26.220074818481166	23.69782531152258	23.82871343460458	26.25338643539168	0.0
142.0	26.197747774305764	23.7866281469253	23.776899946937093	26.238724131831848	0.0
143.0	26.120216968339133	23.810506455987266	23.985614055775013	26.083662519898592	0.0
144.0	26.19067271976888	23.749778904545725	23.819350274158364	26.240198101527035	0.0
145.0	26.266512194187236	23.717126693964666	23.792004575215422	26.224356536632676	0.0
146.0	26.24911930051088	23.871304378587286	23.661705270046784	26.217871050855052	0.0
147.0	26.229662843178005	23.733635203216803	23.876021095516467	26.160680858088725	0.0
148.0	26.21020638584513	23.707988054914377	23.853027100486706	26.228778458753784	0.0
149.0	26.106810369732735	23.88493535130801	23.778219316191947	26.230034962767306	0.0
150.0	26.322011214027558	23.677988785972442	23.6936129568596	26.3063870431404	0.0
151.0	26.181983267397367	23.810057249320497	23.7354739430101	26.27248554027204	0.0
152.0	26.19642825557606	23.7991498092672	23.88876769511052	26.115654240046226	0.0
153.0	26.173139397083883	23.876091480994525	23.80593010984087	26.144839012080727	0.0
154.0	26.170486235989838	23.89702197406977	23.662954206439515	26.269537583500874	0.0
155.0	26.35031159903071	23.675925216232628	23.816247958539936	26.157515226196722	0.0
156.0	26.245953929331577	23.869016384743734	23.595740792057025	26.289288893867663	0.0
157.0	26.16635909651021	23.871079954483548	23.7245665029568	26.237994446049445	0.0
158.0	26.23504648927828	23.923848380687346	23.719260180768707	26.121844949265665	0.0
159.0	26.278971045168593	23.818311528279747	23.80563531416375	26.097082112387902	0.0
160.0	26.24064760714349	23.639370552270222	23.799444604944313	26.32053723564198	0.0
161.0	26.170858182225537	23.7387866763753	23.8531677362868	26.237187405112362	0.0
162.0	26.217730833065563	23.72935318689806	23.787428106492303	26.265487873544075	0.0
163.0	26.40286306405634	23.669214691480676	23.717561325051513	26.210360919411468	0.0
164.0	26.313834507114915	23.619688871725177	23.779468599745883	26.28700802141402	0.0
165.0	26.07512617329371	23.742983821517853	23.914850714588933	26.2670392905995	0.0
166.0	26.219359403328273	23.695001695090134	23.839452854384387	26.246186047197206	0.0
167.0	26.203812342650952	23.78675408444227	23.77732051153549	26.232113061371287	0.0
168.0	26.11920498564328	23.823309179456036	23.975130743424504	26.082355091476177	0.0
169.0	26.183176401917375	23.761106558101964	23.81387560654926	26.2418414334314	0.0
170.0	26.27641039700719	23.729633003452108	23.783876207574593	26.210080391966113	0.0
171.0	26.255479595416446	23.864356613691104	23.661239398254192	26.218924392638254	0.0
172.0	26.225115193108756	23.758818205670185	23.86907341404958	26.14699318717148	0.0
173.0	26.191213190532203	23.712829402175036	23.85315421283972	26.24280319445304	0.0
174.0	26.107272148390976	23.896560263198236	23.766553070056485	26.229614518354303	0.0
175.0	26.299482329634564	23.683714019551193	23.697569661450657	26.319233989363582	0.0
176.0	26.196302017617302	23.807530393971913	23.73471457377687	26.26145301463392	0.0
177.0	26.199839628315036	23.78542032711107	23.888895440019812	26.125844604554082	0.0
178.0	26.185689185524097	23.860594554437935	23.801339575250875	26.152376684787093	0.0
179.0	26.18716318998149	23.877693006143648	23.664846762496612	26.270297041378253	0.0
180.0	26.349303680294327	23.660129948232964	23.815195217150336	26.17537115432237	0.0
181.0	26.231678124594648	23.86413216513567	23.607655389549898	26.296534320719783	0.0
182.0	26.184509981958186	23.84998172234473	23.737367781800174	26.228140513896914	0.0
183.0	26.24081695223046	23.91719632560169	23.725280945249576	26.11670577691827	0.0
184.0	26.281204674362936	23.81195240734408	23.80929919932078	26.097543718972204	0.0
185.0	26.24405976203672	23.638904284046554	23.80340318149122	26.313632772425503	0.0
186.0	26.169552284566244	23.729478112443285	23.868624543425774	26.232345059564693	0.0
187.0	26.220552989142455	23.723582077232166	23.786080050470062	26.269784883155324	0.0
188.0	26.423376600405057	23.65577767230426	23.72181326666883	26.199032460621858	0.0
189.0	26.32314400181598	23.605956174770277	23.782542429343387	26.288357394070356	0.0
190.0	26.086789894165857	23.751363462162082	23.89905957961145	26.26278706406061	0.0
191.0	26.24547108125079	23.687166319289876	23.83132523016783	26.2360373692915	0.0
192.0	26.211351147378597	23.76594891629914	23.77685667790854	26.245843258413714	0.0
193.0	26.130279946227684	23.817244876300087	23.980271691705386	26.072203485766842	0.0
194.0	26.20132779887267	23.748260654229853	23.804568288483765	26.245843258413714	0.0
195.0	26.298985575179756	23.714133257863192	23.78606573567173	26.200815431285324	0.0
196.0	26.264198557223175	23.859472239664868	23.653108573820706	26.223220629291262	0.0
197.0	26.26095569961705	23.742729365844458	23.861830681560228	26.134484252978268	0.0
198.0	26.194624521309994	23.71354364738935	23.849154056372658	26.24267777492799	0.0
199.0	26.110092392233632	23.877230945207337	23.77817609358325	26.234500568975783	0.0
200.0	26.290079126425397	23.68810509310032	23.719649532434758	26.302166248039526	0.0
201.0	26.203700428060987	23.793056685652292	23.74234973644179	26.260893149844932	0.0
202.0	26.20120164385823	23.767843349980247	23.89284261295629	26.138112393205226	0.0
203.0	26.209021226415096	23.84316037735849	23.8092570754717	26.138561320754718	0.0
204.0	26.18189858490566	23.861733490566035	23.66185141509434	26.29451650943396	0.0
205.0	26.375	23.650943396226413	23.81367924528302	26.160377358490567	0.0
206.0	26.257525103331975	23.856862363575257	23.603912758919567	26.281699774173195	0.0
207.0	26.189577707284283	23.839314142855457	23.744383778110592	26.226724371749665	0.0
208.0	26.25238802801953	23.922144390197882	23.70869595981037	26.11677162197222	0.0
209.0	26.283064259348798	23.80950977039282	23.814521740155904	26.09290423010248	0.0
210.0	26.26140229844392	23.635704303833293	23.78134710748675	26.321546290236036	0.0
211.0	26.175545354572606	23.733795620653158	23.853495015964832	26.237164008809405	0.0
212.0	26.220358921290277	23.709619880713362	23.795119448793127	26.274901749203234	0.0
213.0	26.417458525094272	23.664651027032765	23.726859700278023	26.19103074759494	0.0
214.0	26.315308435958595	23.614669540272246	23.788324159219762	26.281697864549397	0.0
215.0	26.085123445506493	23.74358006710341	23.905147149874107	26.266149337515994	0.0
216.0	26.266831381035637	23.68407862654162	23.842994577988225	26.20609541443452	0.0
217.0	26.23359239559869	23.77790619508686	23.75962638425342	26.228875025061033	0.0
218.0	26.118901324401776	23.814465816753742	23.996674253770948	26.069958605073534	0.0
219.0	26.214722913448046	23.75697286332598	23.79117379972403	26.23713042350194	0.0
220.0	26.300752722094295	23.711777904230637	23.775168131521454	26.212301242153618	0.0
221.0	26.28705033213727	23.86906745054796	23.65648780689159	26.18739441042318	0.0
222.0	26.25786117163521	23.743760448392678	23.84754413017776	26.150834249794347	0.0
223.0	26.195649930565178	23.709853847809487	23.84282669009662	26.251669531528716	0.0
224.0	26.11628729803043	23.889904469866728	23.761941266658802	26.23186696544404	0.0
225.0	26.286708338247433	23.69029366670598	23.723021582733814	26.299976412312777	0.0
226.0	26.17260290128553	23.79909187404175	23.747788654322445	26.280516570350276	0.0
227.0	26.183217360537796	23.771966033730394	23.904941620474112	26.139874985257695	0.0
228.0	26.220073121830406	23.85186932421276	23.795848567048	26.132208986908832	0.0
229.0	26.16611628729803	23.89314777686048	23.668180209930416	26.272555725911072	0.0
230.0	26.372213704446278	23.658155442858828	23.81648779337186	26.153143059323032	0.0
231.0	26.26990211109801	23.83447340488265	23.60980068404293	26.28582379997641	0.0
232.0	26.188679022756357	23.84198515146333	23.72787904162662	26.241456784153698	0.0
233.0	26.2439703263395	23.927926971659062	23.710917689794666	26.11718501220677	0.0
234.0	26.281121371876072	23.81765323332036	23.83239571170789	26.068829683095686	0.0
235.0	26.247508521152508	23.642807439644294	23.78492493130005	26.324759107903144	0.0
236.0	26.173578452330055	23.75698426972918	23.846618802612372	26.222818475328392	0.0
237.0	26.21707606891285	23.717614174133796	23.78837869634059	26.276931060612764	0.0
238.0	26.419500458497836	23.680602445518367	23.720407723993148	26.17948937199065	0.0
239.0	26.312173633573245	23.627823594799956	23.79264693307701	26.26735583854979	0.0
240.0	26.087494987143494	23.747965370007783	23.92518459106886	26.23935505177986	0.0
241.0	26.2359040294423	23.705411909030857	23.860821458903462	26.197862602623385	0.0
242.0	26.2419525602876	23.771760896299725	23.764682983222396	26.221603560190275	0.0
243.0	26.12915784320087	23.82070324251308	23.996484377304178	26.053654536981874	0.0
244.0	26.19661396885323	23.77890514393582	23.80545068428504	26.219030202925907	0.0
245.0	26.297889160265715	23.703880688589194	23.806826896982997	26.191403254162093	0.0
246.0	26.244199732737844	23.875714247786828	23.700489390636385	26.17959662883894	0.0
247.0	26.254333043234553	23.763220391485845	23.864115764164442	26.118330801115157	0.0
248.0	26.169500926395788	23.716617298228638	23.880359229144293	26.23352254623128	0.0
249.0	26.09685937246456	23.866704037528212	23.84310138813082	26.193335201876412	0.0
