# Position (bp)	A	C	G	T	N
0.0	28.346819716610177	20.05334233898319	27.585873039931258	23.95391443211098	0.06005047236439227
1.0	25.24361646766063	19.826049572183607	25.908724434606363	29.020456925312082	0.001152600237320389
2.0	26.907913580339404	21.873413373735815	24.524739699643906	26.693933346280872	0.0
3.0	28.27050128860632	22.440422128067645	23.16465806981065	26.124015103664807	4.034098505769913E-4
4.0	27.778629420795664	22.957535926528692	23.301298749198942	25.96236301354074	1.728899359615677E-4
5.0	26.962243143185137	23.16120027109142	24.715192645492646	25.161363940230796	0.0
6.0	27.175128284332484	22.965834643454848	24.762564487946115	25.09635732430925	1.1525995730771181E-4
7.0	26.372285051705617	23.567318730665143	24.45118971327933	25.609206504349913	0.0
8.0	25.982072466240357	24.23369417383968	24.498792075647415	25.285441284272547	0.0
9.0	26.485988999589676	23.992685603109255	24.328207338832	25.19311805846907	0.0
10.0	26.13427323986519	23.981505387250404	24.2295448153766	25.654676557507806	0.0
11.0	26.076758521168642	23.994645022383484	24.435571989064137	25.493024467383734	0.0
12.0	26.715010534760097	23.39656110391377	24.205109704427365	25.68331865689877	0.0
13.0	26.268839240021947	23.6802734888267	23.88624303253558	26.164644238615775	0.0
14.0	25.928130806220352	24.251386577286414	24.21859511943237	25.601887497060872	0.0
15.0	26.45890290962236	23.747758193830364	24.50634160285107	25.2869972936962	0.0
16.0	26.157901531113275	23.96231460435867	24.403702610868553	25.476081253659505	0.0
17.0	25.73069049935224	24.366819424530085	24.675600850157444	25.22688922596023	0.0
18.0	26.143724556364422	24.05308182073849	24.432229450302213	25.370964172594874	0.0
19.0	25.81194876925418	24.193065038888708	24.207818313424095	25.78716787843302	0.0
20.0	25.690003734422618	24.46565483792145	24.415401496535285	25.42893993112065	0.0
21.0	26.228613514921555	23.84129164918557	24.24775588863122	25.682338947261652	0.0
22.0	25.865717539338224	23.88849060170308	23.99833334101733	26.247458517941364	0.0
23.0	25.524375175771436	24.44087394710029	24.287635833859685	25.747115043268586	0.0
24.0	25.953315106892084	24.09964684349081	24.176352345079092	25.770685704538014	0.0
25.0	25.659114065864152	24.190759839742558	24.163385599881973	25.986740494511324	0.0
26.0	25.512676290104704	24.40952323871259	24.510318071378187	25.56748239980452	0.0
27.0	25.928822365964194	23.992685603109255	24.351086440357584	25.72740559056897	0.0
28.0	25.56062443234471	24.232195794394677	24.05930585843311	26.147873914827503	0.0
29.0	25.39949101202853	24.600566617950125	24.186091811471595	25.813850558549756	0.0
30.0	25.810335129851868	24.046396743214647	24.02824329993868	26.115024826994805	0.0
31.0	25.452856372262	24.07993739079119	23.90358965611039	26.56361658083642	0.0
32.0	25.25045988722966	24.478275803246643	24.02732122028022	26.243943089243484	0.0
33.0	25.767516055712054	24.002482699480407	23.77835971249556	26.451641532311974	0.0
34.0	25.455219201386807	24.16782310823832	23.52213682740052	26.854820862974353	0.0
35.0	25.38830166876253	24.520870958328402	23.651154913995267	26.439672458913797	0.0
36.0	25.957960842790474	24.016290412386162	23.474312191881317	26.551436552942047	0.0
37.0	25.63396618033087	24.11116537451926	23.396373847750443	26.858494597399424	0.0
38.0	25.514762869071728	24.47286182154554	23.53577589439736	26.476599414985376	0.0
39.0	26.00038602784402	24.0544722479966	23.345258302003305	26.599883422156072	0.0
40.0	25.708601734339215	24.241581016825766	23.177779990412407	26.87203725842261	0.0
41.0	25.511673561438187	24.598099352638695	23.40499819988724	26.485228886035877	0.0
42.0	26.052972949460806	24.12098200536142	23.2372810128465	26.588764032331273	0.0
43.0	25.70311111111111	24.216090702947845	23.085786848072562	26.99501133786848	0.0
44.0	25.55098707708781	24.646699040368876	23.229209120180226	26.57310476236309	0.0
45.0	26.140165453373154	24.039057487163234	23.06113719141416	26.75963986804945	0.0
46.0	25.923293206908728	24.148966815568564	22.908090607008532	27.019649370514177	0.0
47.0	25.758414128623112	24.52614692423166	23.078970021617685	26.63646892552754	0.0
48.0	26.338094269530448	23.98078367457632	22.94706089014626	26.73406116574697	0.0
49.0	26.02130679860527	24.159098113259557	22.801306522967515	27.01828856516766	0.0
50.0	25.908028418228508	24.631434306835498	22.935418002049612	26.525119272886382	0.0
51.0	26.289116888223706	24.165700322203985	22.935767852628793	26.609414936943516	0.0
52.0	26.00762021151389	24.240524868578124	22.883312492716282	26.868542427191706	0.0
53.0	25.85611259166055	24.624916272271026	23.000185878308002	26.51878525776042	0.0
54.0	26.464295512759918	24.079807996016058	22.864681918472083	26.59121457275194	0.0
55.0	26.143368066218986	24.21730099120514	22.722513342216054	26.91681760035982	0.0
56.0	25.96127610918427	24.561129660439423	22.903238496984095	26.574355733392217	0.0
57.0	26.492016493602932	23.962784075381045	22.79628693963144	26.748912491384587	0.0
58.0	26.185785279501278	24.175414865566893	22.65177897547704	26.987020879454793	0.0
59.0	26.060105889223806	24.453967315271264	22.817524239923387	26.668402555581544	0.0
60.0	26.561506189384808	24.026481498389785	22.673467587555923	26.738544724669485	0.0
61.0	26.222209194009626	24.126458345547285	22.6151856846	27.03614677584309	0.0
62.0	26.074730803237898	24.613254556296564	22.79998903335915	26.51202560710638	0.0
63.0	26.60903411058525	24.144890626803647	22.753376428488973	26.49269883412213	0.0
64.0	26.266869586199952	24.227794276073165	22.541548154439244	26.96378798328764	0.0
65.0	26.184454324623925	24.55088981643409	22.750247115650126	26.514408743291863	0.0
66.0	26.658105708851526	24.041742049484867	22.723860612424776	26.576291629238835	0.0
67.0	26.311428615855544	24.280893959487045	22.555572585893994	26.85210483876342	0.0
68.0	26.198346526604805	24.55635233180043	22.603014110045706	26.64228703154906	0.0
69.0	26.585233750720306	24.06805147140656	22.624220645445305	26.722494132427826	0.0
70.0	26.308627012569087	24.23284679921848	22.424277251308627	27.034248936903804	0.0
71.0	26.082790499885405	24.51793904617789	22.676953579111014	26.72231687482569	0.0
72.0	26.63151745289908	24.146633562144004	22.57017671973127	26.651672265225645	0.0
73.0	26.11023359184948	24.236429447966543	22.612383428177537	27.04095353200644	0.0
74.0	26.12105789924707	24.751257612727237	22.58502377852933	26.542660709496367	0.0
75.0	26.564891311122345	24.0690982874317	22.776535113536422	26.58947528790953	0.0
76.0	26.383074052855022	24.348493529005626	22.408296975305923	26.854259397999208	0.005876044834222085
77.0	26.077309718501535	24.66845259681262	22.56277076533736	26.682498274510724	0.008968644837765013
78.0	26.807134099870773	24.070131548427714	22.52269790251499	26.591752543159153	0.008283906027370025
79.0	26.159049770766448	24.284663592602868	22.349500794940568	27.19885845653811	0.00792738515200761
80.0	26.184582992162824	24.468826763364135	22.52895075447421	26.808281670370803	0.00935781962802667
81.0	26.679951179415646	23.896181532866713	22.729469200687475	26.686925548608865	0.007472538421301716
82.0	26.19964713923165	24.355870151475816	22.43632876451047	27.00020663017966	0.00794731460239585
83.0	26.131796423410403	24.598085260115607	22.54165914017341	26.722249819364162	0.006209356936416184
84.0	26.645313167923995	24.038942038496504	22.539781929401	26.770544213181775	0.005418650996730747
85.0	26.369689303806815	24.121170873275247	22.352918515284404	27.148516504330743	0.007704803302792349
86.0	26.045460769546764	24.440640832534573	22.585923593043955	26.92044365329317	0.007531151581541832
87.0	26.559051780833933	24.35073001768411	22.32363386580536	26.758546102918608	0.008038232757990734
88.0	26.274969704077243	24.249247488370273	22.256362143778585	27.213166021656697	0.006254642117196356
89.0	26.21545205112762	24.65619353543465	22.541490999130026	26.582680853911526	0.00418256039617212
90.0	26.616098821971967	24.124082041557465	22.65087614157804	26.60447060296788	0.004472391924649141
91.0	26.304485397050648	24.472165225228682	22.144131014248185	27.074424223828792	0.004794139643699542
92.0	26.342842456951942	24.540735029555385	22.327422256489335	26.780776150089952	0.008224106913389873
93.0	26.599984543878826	24.223053908742646	22.179533887545677	26.989699599244858	0.00772806058799501
94.0	26.69721837365448	24.026904448944308	22.101436403898305	27.169704074745106	0.004736698757800751
95.0	26.272640610104865	24.488083889418494	22.238322211630123	26.994598029869714	0.006355258976803306
96.0	26.814505110127346	24.27037219216265	21.91752746351861	26.996228889981964	0.0013663442094332405
97.0	26.641488361156828	24.372501763461084	22.197566423700916	26.776687044439218	0.011756407241946862
98.0	26.18301522489159	24.551324660526067	22.332478713639098	26.926850884689646	0.006330516253600481
99.0	26.59879259183465	24.156690200893618	22.45813295132849	26.781268119649376	0.005116136293870869
100.0	26.487509879969856	24.204547543334005	22.24142050989835	27.057331397165598	0.0091906696321894
101.0	26.46790446719035	24.57351424264064	22.058240101563122	26.89240656986432	0.007934618741569468
102.0	26.67922428186138	24.005736546941222	22.41106211738516	26.891134038272185	0.012843015540048804
103.0	26.53447083237261	24.13880562600876	22.05902697717316	27.263085081853816	0.004611482591653217
104.0	26.55958162121778	24.696799900386004	22.24380525463828	26.49483252396962	0.004980699788320259
105.0	26.677441077441078	24.172390572390572	22.136026936026937	27.011447811447812	0.0026936026936026937
106.0	26.542007153866287	24.23881117864309	22.008317096577194	27.20504841946084	0.005816151452583825
107.0	26.33650273912222	24.652099993703168	22.03576600969712	26.969334424784336	0.006296832693155343
108.0	26.620962515774753	24.33234421364985	22.28930045363075	26.75739281694464	0.0
109.0	26.261879229375438	24.571977961025034	22.131420330584625	27.0347224790149	0.0
110.0	26.335617810909383	24.51605146086329	22.15141677688269	26.996913951344638	0.0
111.0	26.3671875	24.82204861111111	21.875	26.922743055555554	0.013020833333333334
112.0	27.133872416891286	24.14054002931858	21.676833593417506	27.034567550952854	0.014186409419775853
113.0	26.53426831140912	24.410093668424015	21.989046424732557	27.0461176229718	0.020473972462507036
114.0	26.68522126356805	24.375173949345953	22.23211800723629	26.696354021708878	0.011132758140829391
115.0	26.221844453888654	24.527958229615688	22.403011353287596	26.835043409629044	0.012142553579017668
116.0	26.46335791641751	25.499966779615974	21.84572453657564	26.177662613779816	0.013288153611055743
117.0	27.305249324669635	23.91764619989779	22.472074176827043	26.297729429802146	0.007300868803387604
118.0	27.37715379706445	24.298021697511167	21.593809827696234	26.731014677728144	0.0
119.0	26.671333566678335	24.387469373468672	22.033601680084004	26.90759537976899	0.0
120.0	27.2876131766519	23.540743594683107	22.461953380851472	26.70005779233288	0.009632055480639569
121.0	27.054468535166578	23.828662083553674	21.745108408249603	27.371760973030142	0.0
122.0	27.05745792222867	24.271619268717355	21.648287869994196	27.01102727800348	0.011607661056297156
123.0	26.550612508059316	24.487427466150873	21.843971631205676	27.092198581560282	0.02578981302385558
124.0	26.24376336421953	24.51888809693514	21.682109764789736	27.555238774055596	0.0
125.0	26.929810600031836	25.11539073690912	21.5183829380869	26.436415724972147	0.0
126.0	27.732434350603263	23.616039744499645	22.95954577714691	25.691980127750174	0.0
127.0	26.604595879556257	24.187797147385105	21.236133122028527	27.951664025356575	0.019809825673534072
128.0	26.758682101513802	24.777382012466607	21.193232413178986	27.226179875333926	0.04452359750667854
129.0	27.473363774733638	25.11415525114155	21.43581938102486	25.976661593099948	0.0
130.0	25.483964172204566	25.917364923432533	21.092169893094482	27.50650101126842	0.0
131.0	26.303475935828878	24.96657754010695	21.524064171122994	27.205882352941174	0.0
132.0	25.27895344363217	26.35629088110812	20.85417468257022	27.510580992689498	0.0
133.0	25.700090334236673	26.287262872628723	19.873532068654022	28.093947606142727	0.045167118337850046
134.0	27.509495387954424	24.525230602278896	20.672816060770483	27.2924579489962	0.0
135.0	25.708635464733025	27.22478576137113	20.369149637442323	26.697429136453525	0.0
136.0	27.63268744734625	25.947767481044647	17.775905644481888	28.55939342881213	0.08424599831508003
137.0	29.69094922737307	25.938189845474614	18.76379690949227	25.607064017660043	0.0
138.0	28.93553223388306	25.937031484257872	17.541229385307346	27.586206896551722	0.0
139.0	24.88372093023256	30.697674418604652	18.13953488372093	26.27906976744186	0.0
140.0	20.792079207920793	25.742574257425744	18.81188118811881	34.65346534653465	0.0
