# Position (bp)	A	C	G	T	N
0.0	26.321975772996293	23.793074838210078	23.783395099286466	26.101554289507163	0.0
1.0	26.25172852480779	23.864704906244818	23.673046075557277	26.21052049339012	0.0
2.0	26.217249180019582	23.91604949197166	23.687616498061363	26.179084829947403	0.0
3.0	26.189817759464617	23.79635518929233	23.725560686927906	26.288266364315145	0.0
4.0	26.171981937389216	23.77202175698433	23.715334138942733	26.34066216668372	0.0
5.0	26.184768272349462	23.790484248713543	23.744860404863225	26.279887074073766	0.0
6.0	26.16923208790358	23.737450541793738	23.917725876422917	26.175591493879764	0.0
7.0	26.24576634364157	23.78533807042039	23.73031781799079	26.23857776794725	0.0
8.0	26.299579202309136	23.72447427936322	23.7601397866705	26.21580673165715	0.0
9.0	26.17725200505376	23.65894318945235	23.817080486908058	26.346724318585835	0.0
10.0	26.32483972542526	23.757681983174972	23.66562258966115	26.251855701738624	0.0
11.0	26.23139805873555	23.76763435004133	23.68690959656975	26.314057994653368	0.0
12.0	26.081283191834636	23.748558980214142	23.73307752064425	26.43708030730697	0.0
13.0	26.228633512383787	23.85305883231091	23.764593349054387	26.153714306250915	0.0
14.0	26.225316056761667	23.779521899353924	23.816013911197242	26.179148132687168	0.0
15.0	26.149567486723267	23.816566820467592	23.744688615321667	26.28917707748747	0.0
16.0	26.283924439419117	23.767081440770976	23.770675351028274	26.17831876878164	0.0
17.0	26.348891278685628	23.688844779015987	23.7455179792272	26.21674596307119	0.0
18.0	26.308528901949835	23.761552348067443	23.772886988109686	26.157031761873036	0.0
19.0	26.194353137621885	23.76763435004133	23.699902964423053	26.338109547913735	0.0
20.0	26.209281687921422	23.753258709012144	23.791962357936875	26.245497245129563	0.0
21.0	26.335621456197146	23.712066968370827	23.75685261926944	26.195458956162586	0.0
22.0	26.268442979849222	23.712066968370827	23.753811618282498	26.265678433497452	0.0
23.0	26.211420862314917	23.667768796098684	23.83474693412657	26.28606340745983	0.0
24.0	26.315018315018314	23.773308452553735	23.669914990669707	26.24175824175824	0.0
25.0	26.325799986177344	23.79044854516553	23.7829843112862	26.10076715737093	0.0
26.0	26.251987006703985	23.866196696385376	23.671297256202916	26.21051904070772	0.0
27.0	26.211348400027646	23.909323381021494	23.698389660653813	26.18093855829705	0.0
28.0	26.17872693344391	23.785748842352618	23.73101112723754	26.304513096965927	0.0
29.0	26.15578132559265	23.768332296634185	23.728246596171125	26.347639781602044	0.0
30.0	26.186744073536527	23.788513373419036	23.7492570322759	26.275485520768537	0.0
31.0	26.174856589950927	23.730181767917617	23.91512889626097	26.179832745870478	0.0
32.0	26.23070011749257	23.782707858179556	23.74621604810284	26.24037597622503	0.0
33.0	26.304236643859287	23.730181767917617	23.750362844702465	26.21521874352063	0.0
34.0	26.17375077752436	23.66549174096344	23.810629621950376	26.350127859561823	0.0
35.0	26.31474186191167	23.763909046927914	23.67019144377635	26.251157647384062	0.0
36.0	26.22931785195936	23.769991015274034	23.678761490082245	26.32192964268436	0.0
37.0	26.083627064759142	23.741239892183287	23.74179279839657	26.433340244660997	0.0
38.0	26.23070011749257	23.856520837652916	23.759209344115003	26.15356970073951	0.0
39.0	26.21079549381436	23.789619185845602	23.822517105535972	26.177068214804063	0.0
40.0	26.14334093579377	23.810353168843733	23.754233188195453	26.292072707167048	0.0
41.0	26.290690441633842	23.76612067178105	23.769161655954107	26.174027230631005	0.0
42.0	26.345981062962192	23.683184739788512	23.748151219849333	26.22268297739996	0.0
43.0	26.31584767433824	23.76307968760799	23.77082037459396	26.150252263459812	0.0
44.0	26.1978021978022	23.763909046927914	23.708618425599557	26.32967032967033	0.0
45.0	26.21936554012026	23.7492570322759	23.787960467205753	26.243416960398093	0.0
46.0	26.339899094616076	23.706959706959708	23.757550625475155	26.19559057294906	0.0
47.0	26.264150943396224	23.713318128412467	23.764185500034557	26.258345428156748	0.0
48.0	26.209617224086738	23.672061173374324	23.819410271863234	26.298911330675708	0.0
49.0	26.308790883732758	23.77621797654032	23.668401861072024	26.2465892786549	0.0
50.0	26.32399572052957	23.79418732911837	23.79363442596212	26.088182524389943	0.0
51.0	26.24824798812364	23.86330022364933	23.673377989478254	26.21507379874878	0.0
52.0	26.210097670342552	23.90670312141477	23.699087986243768	26.18411122199891	0.0
53.0	26.17692348096769	23.773729912337206	23.745808302946696	26.303538303748407	0.0
54.0	26.147343162108438	23.769583138665347	23.726456692478028	26.356617006748184	0.0
55.0	26.185769931467657	23.778706040743433	23.759354430274765	26.276169597514148	0.0
56.0	26.176370577811443	23.721204112493677	23.91665537822723	26.185769931467657	0.0
57.0	26.230555087123715	23.779811847055928	23.748572818727936	26.241060247092417	0.0
58.0	26.31376701213899	23.71512217777495	23.752719592399792	26.218391217686264	0.0
59.0	26.183005415686416	23.660661216884556	23.806904101712064	26.34942926571696	0.0
60.0	26.324548623685818	23.755760559759157	23.668401861072024	26.251288955483005	0.0
61.0	26.238295731311183	23.76681862288411	23.6623199263533	26.332565719451413	0.0
62.0	26.097028974889902	23.73640894929049	23.73226217561863	26.43429990020098	0.0
63.0	26.235254763951822	23.855283127883737	23.757972172384147	26.151489935780297	0.0
64.0	26.216456056639398	23.780364750212176	23.820450229040134	26.182728964108293	0.0
65.0	26.142367033702214	23.798887005946472	23.762948300790377	26.29579765956094	0.0
66.0	26.28999217642034	23.76543636499349	23.770136041821594	26.174435416764574	0.0
67.0	26.345282492045108	23.683053794712585	23.753825398712287	26.217838314530017	0.0
68.0	26.321507656326453	23.764607010259116	23.77400636391533	26.139878969499097	0.0
69.0	26.20843896087381	23.762948300790377	23.705999275696865	26.322613462638948	0.0
70.0	26.217561862951893	23.743043787165462	23.79418732911837	26.245207020764276	0.0
71.0	26.343623782576365	23.709316694634353	23.76046023658726	26.18659928620203	0.0
72.0	26.266217340701694	23.715675080931202	23.762948300790377	26.255159277576734	0.0
73.0	26.219148089171973	23.67082448690729	23.826742745930645	26.283284677990093	0.0
74.0	26.3116863729477	23.7829977690481	23.66495359785917	26.240362260145027	0.0
75.0	26.329932076222807	23.790738370437538	23.77581006775791	26.10351948558175	0.0
76.0	26.264136964412586	23.857086382347006	23.659701046916336	26.219075606324072	0.0
77.0	26.2060824539918	23.90822964152722	23.69674535356579	26.18894255091519	0.0
78.0	26.177331648831032	23.776639417906775	23.741806711654302	26.304222221607887	0.0
79.0	26.135311241288367	23.76613431602111	23.735448360512983	26.36310608217754	0.0
80.0	26.184242900071602	23.779403918403002	23.76309336547526	26.27325981605014	0.0
81.0	26.17318489808669	23.72521970867694	23.926475344802327	26.175120048434046	0.0
82.0	26.22681620771351	23.771110416914322	23.753417613738463	26.24865576163371	0.0
83.0	26.303116421409396	23.715820406989764	23.759223064780542	26.2218401068203	0.0
84.0	26.179266799178393	23.66688874820653	23.812025024258492	26.34181942835659	0.0
85.0	26.31555667364242	23.752864713639216	23.675458699744837	26.256119912973524	0.0
86.0	26.234280359053326	23.764475615723374	23.674352899546346	26.326891125676955	0.0
87.0	26.104625285780237	23.728260659222787	23.738765761108453	26.428348293888522	0.0
88.0	26.246997061335975	23.85736283239663	23.74761216269638	26.148027943571016	0.0
89.0	26.215481755678976	23.783274219097724	23.823359476293028	26.177884548930276	0.0
90.0	26.13365254099063	23.795161571231503	23.76558141592186	26.305604471856004	0.0
91.0	26.289846819027503	23.764199165673748	23.771386866963944	26.174567148334805	0.0
92.0	26.346519079200174	23.678223200241064	23.75784081453243	26.217416906026337	0.0
93.0	26.31555667364242	23.76806946636847	23.77415136746017	26.142222492528937	0.0
94.0	26.213270155281993	23.758393714631673	23.712226556344667	26.31610957374167	0.0
95.0	26.225157507415776	23.745953462398646	23.78576226954433	26.243126760641257	0.0
96.0	26.34817777949791	23.70642110530259	23.761711115227147	26.183689999972355	0.0
97.0	26.277959466893723	23.70559175515372	23.75728791443318	26.259160863519377	0.0
98.0	26.214579935310866	23.66350592983717	23.82688745749592	26.295026677356038	0.0
99.0	26.314858278665636	23.77291412679588	23.6664814461575	26.245746148380977	0.0
100.0	26.325916219511186	23.7895010380642	23.784248516162563	26.100334226262056	0.0
101.0	26.258739228874497	23.867183072504154	23.6592937846079	26.214783914013452	0.0
102.0	26.20842559802726	23.905056519900146	23.696890783482754	26.189627098589835	0.0
103.0	26.179674951828847	23.77070253862677	23.74499282616088	26.304629683383506	0.0
104.0	26.134337394362113	23.763791325598305	23.74250478947063	26.35936649056896	0.0
105.0	26.18630971633617	23.780101788345483	23.771255435669048	26.262333059649297	0.0
106.0	26.175528224011767	23.72591787820231	23.921919879689604	26.17663401809632	0.0
107.0	26.229159237112658	23.767108707851968	23.76434422264058	26.23938783239479	0.0
108.0	26.30711772007376	23.720388907779537	23.760750391865777	26.211742980280928	0.0
109.0	26.17497532696949	23.668140137284336	23.81078757419187	26.346096961554306	0.0
110.0	26.315687624229056	23.75439207587959	23.67726293848191	26.252657361409444	0.0
111.0	26.249339979155785	23.753009833273897	23.678092284045327	26.31955790352499	0.0
112.0	26.11194506414988	23.728682363413697	23.743057686512905	26.41631488592352	0.0
113.0	26.245469699859843	23.85363709496836	23.753009833273897	26.1478833718979	0.0
114.0	26.20842559802726	23.788395243979643	23.825439345812217	26.17773981218087	0.0
115.0	26.141525055911714	23.795582905529248	23.76434422264058	26.29854781591846	0.0
116.0	26.297165573312764	23.753009833273897	23.778166648697514	26.171657944715825	0.0
117.0	26.35521976275188	23.675880695876216	23.756880112569835	26.212019428802062	0.0
118.0	26.316793418313612	23.756327215527563	23.775125714964986	26.151753651193843	0.0
119.0	26.205661112815875	23.759091700738946	23.717071525525874	26.3181756609193	0.0
120.0	26.228329891549247	23.74609862024543	23.788395243979643	26.23717624422568	0.0
121.0	26.35079658641366	23.704631342074638	23.761303288908056	26.183268782603648	0.0
122.0	26.275879037185092	23.702419753905527	23.77457281792271	26.247128390986674	0.0
123.0	26.212921239598597	23.6618472341249	23.82688745749592	26.298344068780583	0.0
124.0	26.3152802235928	23.770833966864696	23.672141299149363	26.24174451039314	0.0
125.0	26.332420126669415	23.787420969842064	23.789632570239046	26.090526333249475	0.0
126.0	26.261925364015603	23.864826983736442	23.659424596866714	26.213823055381237	0.0
127.0	26.216311105827845	23.90021259008816	23.698404053863527	26.185072250220472	0.0
128.0	26.18009614932726	23.77415136746017	23.745124112249776	26.30062837096279	0.0
129.0	26.14201831210191	23.758459394904456	23.739660739561216	26.359861553432413	0.0
130.0	26.195926220806793	23.7733877388535	23.769793878273177	26.260892162066522	0.0
131.0	26.18320948336872	23.726114649681527	23.914930555555554	26.175745311394195	0.0
132.0	26.235458687190377	23.766200017692853	23.7609474522293	26.237393842887474	0.0
133.0	26.306782997169144	23.718374026893134	23.762606157112526	26.212236818825197	0.0
134.0	26.177680467091296	23.67137738853503	23.81485536093418	26.336086783439487	0.0
135.0	26.32613455414013	23.745466206652512	23.670548036093418	26.25785120311394	0.0
136.0	26.240711252653924	23.757630042462846	23.678841560509554	26.322817144373673	0.0
137.0	26.110502919320595	23.735513977353147	23.736619780608635	26.417363322717623	0.0
138.0	26.242369957537154	23.849411712668083	23.764541312809627	26.14367701698514	0.0
139.0	26.205878450106155	23.790527689313517	23.83033660651097	26.173257254069355	0.0
140.0	26.145612172682238	23.79633315640481	23.756800690021233	26.30125398089172	0.0
141.0	26.300701079263977	23.74906006723284	23.787210279547065	26.163028573956122	0.0
142.0	26.358202848549183	23.667783527954704	23.759841648973815	26.214171974522294	0.0
143.0	26.320881988676575	23.76537066525124	23.77781095187544	26.135936394196747	0.0
144.0	26.21140746638358	23.75403618188252	23.722520789101203	26.312035562632698	0.0
145.0	26.23048257254069	23.74906006723284	23.79384509907997	26.2266122611465	0.0
146.0	26.35350318471338	23.704827937013448	23.757353591648975	26.184315286624205	0.0
147.0	26.283910241701612	23.70129959886876	23.776770879696567	26.23801927973306	0.0
148.0	26.222057579493875	23.66293824607576	23.82604512808037	26.28895904635	0.0
149.0	26.318335752298015	23.770543921487317	23.672126615522842	26.238993710691823	0.0
150.0	26.32939387656369	23.781049139539707	23.785472389245975	26.104084594650633	0.0
151.0	26.261662865436453	23.861220540465826	23.66272720989702	26.214389384200704	0.0
152.0	26.229041398852722	23.891077475983135	23.700048379293662	26.179832745870478	0.0
153.0	26.184532448683388	23.76805584352754	23.750086391595826	26.297325316193245	0.0
154.0	26.138160586524535	23.755128219305327	23.748216872532648	26.358494321637494	0.0
155.0	26.193451360705954	23.76369828930345	23.777520982848802	26.2653293671418	0.0
156.0	26.185157744578742	23.723888931892827	23.924870896042286	26.16608242748615	0.0
157.0	26.239619157147438	23.756234034788957	23.755404673176233	26.248742134887372	0.0
158.0	26.311497163583287	23.7111720538311	23.76148665833619	26.215844124249426	0.0
159.0	26.18045802877332	23.666110072873238	23.815395163163075	26.338036735190368	0.0
160.0	26.33223120390132	23.751257865112628	23.66887461158231	26.247636319403746	0.0
161.0	26.24653050392012	23.752916588338067	23.682697305127668	26.31785560261415	0.0
162.0	26.107750660724747	23.729970917052782	23.749322688016278	26.41295573420619	0.0
163.0	26.247359865532836	23.845805088962855	23.77199190543066	26.13484314007365	0.0
164.0	26.216120578120332	23.77890325220334	23.83142948767569	26.17354668200064	0.0
165.0	26.148112925877186	23.7968727538123	23.763974743174355	26.29103957713616	0.0
166.0	26.306520993906958	23.74987559575809	23.782773606396038	26.160829803938913	0.0
167.0	26.359047229379307	23.661133903196912	23.768398005108867	26.211420862314917	0.0
168.0	26.31868496422687	23.755404673176233	23.789408499297807	26.136501863299088	0.0
169.0	26.21916157070031	23.749599141887185	23.72610056286008	26.305138724552425	0.0
170.0	26.239619157147438	23.744070064469042	23.793278853490506	26.223031924893014	0.0
171.0	26.35462396744479	23.697072906414835	23.76618637414161	26.182116751998763	0.0
172.0	26.281712802337697	23.699902964423053	23.76846371394686	26.249920519292385	0.0
173.0	26.225388558063926	23.667623202348764	23.82160885984264	26.28537937974467	0.0
174.0	26.322773629399453	23.766107027239226	23.676535230191227	26.234584113170094	0.0
175.0	26.333424564371793	23.783931726008312	23.786419845238985	26.096223864380914	0.0
176.0	26.254357664374833	23.85470489523636	23.67500739524327	26.21593004514554	0.0
177.0	26.218418164376217	23.889815022158086	23.713158556780265	26.178608256685436	0.0
178.0	26.18883719130043	23.76319739908603	23.753244922163336	26.294720487450203	0.0
179.0	26.14329394721855	23.752757673104462	23.74944017162541	26.354508208051573	0.0
180.0	26.19471522014387	23.770727472782667	23.780679977219823	26.25387732985364	0.0
181.0	26.191397718664817	23.722900159792985	23.919462122426864	26.16623999911533	0.0
182.0	26.237289822458383	23.748887254712233	23.75911621760598	26.254706705223406	0.0
183.0	26.309445479627776	23.708800778507015	23.770451014326078	26.21130272753913	0.0
184.0	26.181168755771072	23.668990760758383	23.81136686590106	26.338473617569484	0.0
185.0	26.32409777782693	23.749993088538584	23.672308262237436	26.253600871397055	0.0
186.0	26.235631071718853	23.76022205143233	23.689448686545873	26.31469819030294	0.0
187.0	26.113989350820255	23.722900159792985	23.748887254712233	26.414223234674527	0.0
188.0	26.241160240850608	23.84398896377841	23.770727472782667	26.144123322588314	0.0
189.0	26.20813013524422	23.778046865496687	23.835274082429308	26.17854891682978	0.0
190.0	26.15864379789669	23.79242278472614	23.75427130677106	26.294662110606108	0.0
191.0	26.299638390339382	23.73906600758606	23.782193765274414	26.17910183680014	0.0
192.0	26.352718707494276	23.658616151898173	23.773070585763417	26.21559455484413	0.0
193.0	26.321755189153922	23.750400866978513	23.77832332548187	26.149520618385697	0.0
194.0	26.225270654325495	23.75012440699333	23.724137168386246	26.300467770294926	0.0
195.0	26.240199493525306	23.73713078768979	23.7990578243705	26.2236118944144	0.0
196.0	26.354653927390547	23.691238430149617	23.76615908613387	26.187948556325956	0.0
197.0	26.28063530680232	23.69489791686825	23.76428956498901	26.26017721134042	0.0
198.0	26.220992275665306	23.679481579369334	23.8240709510829	26.275455193882458	0.0
199.0	26.321973498326024	23.77354421875907	23.68424690293133	26.22023537998358	0.0
200.0	26.337048085349906	23.791092889074427	23.780034336804796	26.09182468877087	0.0
201.0	26.266273350824278	23.849703216103464	23.670554669335463	26.213468763736795	0.0
202.0	26.223421460779463	23.883708264332576	23.70953606608591	26.183334208802055	0.0
203.0	26.202963139080648	23.761511261753167	23.75045270948354	26.28507288968265	0.0
204.0	26.146913273064055	23.744159685936246	23.75549473334992	26.353432307649776	0.0
205.0	26.20524729755882	23.769317961903184	23.774294324182357	26.251140416355646	0.0
206.0	26.201100328992837	23.729507063669793	23.909761964004314	26.15963064333306	0.0
207.0	26.24229355008156	23.756877056205248	23.753006552210334	26.24782284150286	0.0
208.0	26.31245732042786	23.71007472899336	23.770620972223373	26.206846978355408	0.0
209.0	26.18334729490997	23.662245961510283	23.817620339114256	26.336786404465496	0.0
210.0	26.314116121612248	23.762326966301455	23.67772810589787	26.245828806188438	0.0
211.0	26.235599532218068	23.758456430204557	23.692104382829196	26.31383965474818	0.0
212.0	26.123906919136207	23.726386273973134	23.7435272195451	26.40617958734556	0.0
213.0	26.239746535179027	23.847202293569104	23.77449150832027	26.1385596629316	0.0
214.0	26.213001719628647	23.786721812742943	23.835380115342293	26.16489635228611	0.0
215.0	26.161302273116842	23.795015841595106	23.761010323301246	26.28267156198681	0.0
216.0	26.293453799494614	23.742486992198085	23.801098129420026	26.162961078887275	0.0
217.0	26.340453296323535	23.66839366778544	23.76847494926819	26.222678086622835	0.0
218.0	26.309765389570533	23.759627985159216	23.788380618513376	26.142226006756868	0.0
219.0	26.20802530231735	23.754375100219516	23.736957639629978	26.30064195783316	0.0
220.0	26.227101568677323	23.747739877137786	23.794462906338296	26.23069564784659	0.0
221.0	26.347364987033668	23.693275754341926	23.771792560809054	26.187566697815353	0.0
222.0	26.27997954133894	23.68974716965483	23.782917018011915	26.24735627099432	0.0
223.0	26.218123106186276	23.677924490743813	23.825006082321458	26.27894632074846	0.0
224.0	26.32353063148495	23.752360361954423	23.687113460491066	26.236995546069565	0.0
225.0	26.32727031443098	23.78649768731632	23.78124472976298	26.104987268489722	0.0
226.0	26.270317195694787	23.84483316330339	23.666509077940066	26.218340563061755	0.0
227.0	26.228570006718254	23.878562680224828	23.705215080964663	26.18765223209225	0.0
228.0	26.18792870354243	23.755532884896642	23.759127013748927	26.297411397812002	0.0
229.0	26.141277301631188	23.742327896046447	23.759192701133536	26.357202101188832	0.0
230.0	26.202654133259607	23.772739839646114	23.777163395078794	26.247442632015485	0.0
231.0	26.18829071927807	23.731807927099	23.91870521100593	26.161196142617005	0.0
232.0	26.231144386446076	23.759455454304167	23.755861275767494	26.253538883482264	0.0
233.0	26.308630199477463	23.715561453710997	23.77583322965482	26.199975117156722	0.0
234.0	26.18919255173558	23.65584262984006	23.81730463512075	26.337660183303612	0.0
235.0	26.325218761663834	23.754821050885415	23.663307482823924	26.256652704626827	0.0
236.0	26.243105378841292	23.755926955031175	23.69123156250432	26.309736103623216	0.0
237.0	26.119244114516377	23.715837929747437	23.75620343106761	26.408714524668575	0.0
238.0	26.232046337383707	23.848822903274858	23.77030370892603	26.148827050415406	0.0
239.0	26.21304196364883	23.782257930737032	23.827876602874255	26.176823502739886	0.0
240.0	26.16747493626928	23.790222241883665	23.75344920067021	26.288853621176848	0.0
241.0	26.301294866158454	23.743636961889514	23.79064256661662	26.164425605335413	0.0
242.0	26.344911113507596	23.664905251340418	23.7633454171402	26.226838218011782	0.0
243.0	26.315949571512714	23.752215717560652	23.78816495723423	26.1436697536924	0.0
244.0	26.213278097803393	23.750356053461946	23.73957074471174	26.29679510402292	0.0
245.0	26.23082752097703	23.732666640854458	23.80899702975226	26.227508808416257	0.0
246.0	26.342224336493675	23.689858503612086	23.775873704240468	26.192043455653767	0.0
247.0	26.284258652306313	23.68545516400176	23.775898835848885	26.254387347843043	0.0
248.0	26.22082940335291	23.677521249553987	23.826053764898198	26.275595582194907	0.0
249.0	26.32324305186759	23.760566029385732	23.691693220038946	26.224497698707737	0.0
