# Position (bp)	A	C	G	T	N
0.0	26.303710965168264	23.665690146591338	23.720371493169083	26.310227395071312	0.0
1.0	26.245063096040845	23.812451480929525	23.718954877972767	26.22353054505686	0.0
2.0	26.374641271675976	23.588954708867	23.85893938234986	26.177464637107168	0.0
3.0	26.275891764492588	23.841102751212436	23.80569278883198	26.07731269546299	0.0
4.0	26.15076094253206	23.732682998677237	23.706341046143738	26.41021501264697	0.0
5.0	26.249157409977396	23.71345708313744	23.77208435529826	26.2653011515869	0.0
6.0	26.268390422112404	23.70456379830362	23.705979807705923	26.321065971878056	0.0
7.0	26.183754088379796	23.80987441063616	23.719257507751994	26.287113993232047	0.0
8.0	26.118644403734148	23.691788443623945	23.77871468090709	26.410852471734813	0.0
9.0	26.237705057277307	23.802216345691036	23.805330781383603	26.154747815648054	0.0
10.0	26.241407815914936	23.91882863193178	23.64053812268563	26.199225429467653	0.0
11.0	26.12271359373098	23.735027418473567	23.778058992891296	26.36419999490416	0.0
12.0	26.2458631652554	23.79504514068777	23.789099988959002	26.16999170509783	0.0
13.0	26.15753519671375	23.82760192396434	23.73276259876737	26.282100280554545	0.0
14.0	26.17197342234075	23.963491106336114	23.75654320568243	26.107992265640707	0.0
15.0	26.128867876454436	23.81677660447867	23.843105059026694	26.211250460040205	0.0
16.0	26.414800554879257	23.67522577357529	23.774311355207654	26.1356623163378	0.0
17.0	26.359878832488747	23.706366956374033	23.677490586869745	26.256263624267472	0.0
18.0	26.21040115505478	23.7343940208929	23.84989949891006	26.20530532514226	0.0
19.0	26.313733261614246	23.670979248648187	23.63813945587861	26.377148033858962	0.0
20.0	26.319961498173996	23.760439373779125	23.717691022846303	26.201908105200577	0.0
21.0	26.188319225433855	23.775160660193077	23.684001925091298	26.35251818928177	0.0
22.0	26.246638167766044	23.787050929988958	23.68654984004756	26.279761062197437	0.0
23.0	26.23531410129377	23.817625909464088	23.76185488208816	26.18520510715398	0.0
24.0	26.20247430852419	23.79044814993064	23.842538855703083	26.164538685842086	0.0
25.0	26.29589785692042	23.67635818022252	23.705517651388615	26.322226311468448	0.0
26.0	26.253998810973023	23.800639809755683	23.73637573252555	26.20898564674575	0.0
27.0	26.356481612547068	23.588313563400618	23.878775868414348	26.17642895563797	0.0
28.0	26.274665232284917	23.841406449055853	23.795260878181352	26.088667440477874	0.0
29.0	26.14783568779549	23.73099680095122	23.708631769668486	26.412535741584804	0.0
30.0	26.24182543951533	23.709481074653908	23.783936811709086	26.264756674121674	0.0
31.0	26.26192565750361	23.723069954420634	23.712595192933783	26.302409195141973	0.0
32.0	26.17812756560881	23.822155536052996	23.72873198765677	26.270984910681427	0.0
33.0	26.11612830167313	23.69560909322538	23.783936811709086	26.40432579339241	0.0
34.0	26.229935169719447	23.797242589814	23.809415961271693	26.163406279194856	0.0
35.0	26.240409931206298	23.908784644565863	23.64125357415848	26.209551850069364	0.0
36.0	26.12030087959437	23.74310295528988	23.775093352508698	26.361502812607046	0.0
37.0	26.242034249542083	23.791230101548276	23.791796303268967	26.17493934564067	0.0
38.0	26.163049109506243	23.817275380699883	23.740555047546792	26.279120462247086	0.0
39.0	26.176637950802732	23.963355424637136	23.74565086303297	26.114355761527158	0.0
40.0	26.126172034243783	23.8070163518594	23.84523485980885	26.221576754087966	0.0
41.0	26.414934094306293	23.668297323005845	23.77644154549984	26.140327037188023	0.0
42.0	26.357464782352675	23.70170312995425	23.69575802871767	26.245074058975405	0.0
43.0	26.21959505367577	23.730862436019386	23.84155455904335	26.207987951261497	0.0
44.0	26.321511074874305	23.662635321828144	23.644233818000636	26.371619785296918	0.0
45.0	26.316415273814375	23.749263939846898	23.72916383566608	26.20515695067265	0.0
46.0	26.18477374643294	23.778423245912037	23.677922725007928	26.3588802826471	0.0
47.0	26.249886759976448	23.780121846265345	23.691228427775513	26.2787629659827	0.0
48.0	26.239412057797708	23.823153055215833	23.75634144131902	26.181093445667436	0.0
49.0	26.207421751143723	23.797674049916203	23.828531956334647	26.16637224260543	0.0
50.0	26.300561670516824	23.666598722652534	23.71444263260407	26.31839697422657	0.0
51.0	26.253850160800834	23.80050505050505	23.733693436608235	26.211951352085883	0.0
52.0	26.361145083118174	23.59101100693029	23.866467364225212	26.18137654572632	0.0
53.0	26.269137563980614	23.846367260044392	23.809564252389364	26.074930923585633	0.0
54.0	26.152217239661184	23.728031435430537	23.715858132898493	26.403893192009786	0.0
55.0	26.232334556325586	23.725483534900576	23.783802147030848	26.25837976174299	0.0
56.0	26.263192462744033	23.71812293336957	23.715858132898493	26.302826470987906	0.0
57.0	26.186755446845133	23.814943153508175	23.719255333605112	26.279046066041584	0.0
58.0	26.11937763283055	23.688114327127778	23.78946414820854	26.40304389183313	0.0
59.0	26.242243058386556	23.791728948679623	23.813244553154867	26.152783439778954	0.0
60.0	26.234599356796668	23.914311274176743	23.638854916881826	26.212234452144767	0.0
61.0	26.111376909858365	23.74438401848072	23.78033762417441	26.363901447486505	0.0
62.0	26.265382905900637	23.785433410808164	23.79732357962025	26.15186010367095	0.0
63.0	26.165165768770187	23.8134602372938	23.739571331104397	26.281802662831616	0.0
64.0	26.16997845614651	23.96718313407864	23.74438401848072	26.118454391294133	0.0
65.0	26.112152284321443	23.801502686604348	23.85274350713691	26.2336015219373	0.0
66.0	26.41365213994123	23.667314018469344	23.77489143174213	26.144142409847298	0.0
67.0	26.35080428271344	23.706947802306686	23.695057667155485	26.24719024782439	0.0
68.0	26.21406772847461	23.727330891137317	23.844533651913462	26.21406772847461	0.0
69.0	26.313435286523944	23.668729510749248	23.64636473272675	26.37147047000006	0.0
70.0	26.317681763363666	23.742901306216275	23.728463284961244	26.21095364545882	0.0
71.0	26.190570556628185	23.77545762865409	23.678921055164565	26.355050759553155	0.0
72.0	26.244359263264577	23.784516779245486	23.696190060979408	26.27493389651053	0.0
73.0	26.2395465895129	23.826415350730677	23.760170312031118	26.173867747725303	0.0
74.0	26.206140971707143	23.786215369981374	23.840287175073748	26.167356483237743	0.0
75.0	26.295033886885182	23.672409790677	23.713459066794247	26.31909725564357	0.0
76.0	26.24973813392822	23.815374510947418	23.728746383417224	26.206140971707143	0.0
77.0	26.35929723639287	23.59229292763437	23.875957580527356	26.1724522554454	0.0
78.0	26.284559244013884	23.85217731022495	23.798671702044537	26.06459174371663	0.0
79.0	26.153484658894673	23.731011171065074	23.71091118069042	26.404592989349833	0.0
80.0	26.237281801865052	23.71147737760238	23.79697311130865	26.254267709223917	0.0
81.0	26.25964657988755	23.716573149810042	23.71289286988229	26.310887400420118	0.0
82.0	26.195100131923883	23.817073101683302	23.716006952898077	26.271819813494734	0.0
83.0	26.12517481329657	23.689678796491844	23.784516779245486	26.400629610966103	0.0
84.0	26.230487438921507	23.798954800500518	23.815091412491437	26.155466348086538	0.0
85.0	26.237281801865052	23.90823080450919	23.652875997214313	26.201611396411444	0.0
86.0	26.121137486375922	23.745665067164918	23.77907059040016	26.354126856058997	0.0
87.0	26.26268631364389	23.78586493410902	23.78586493410902	26.165583818138067	0.0
88.0	26.16388523221085	23.814740894871687	23.73858762580152	26.28278624711594	0.0
89.0	26.175775333701363	23.947796792503574	23.752176313219245	26.12425156057582	0.0
90.0	26.12417760364176	23.80363269881892	23.852608454404418	26.219581243134904	0.0
91.0	26.410671618974284	23.674823630660523	23.77107656071295	26.143428189652244	0.0
92.0	26.360846572829495	23.70851215617887	23.69577279778958	26.23486847320205	0.0
93.0	26.22241221166586	23.730876807573406	23.84524793622394	26.201463044536798	0.0
94.0	26.31526797948114	23.679070083456953	23.642550589407648	26.36311134765426	0.0
95.0	26.323194691367814	23.728328935895547	23.74276687540341	26.20570949733323	0.0
96.0	26.195801107474892	23.760601977148422	23.69407421667101	26.34952269870568	0.0
97.0	26.252986671800155	23.776455400921765	23.689261570168384	26.281296357109696	0.0
98.0	26.243361378794916	23.819769219445355	23.756638621205088	26.18023078055464	0.0
99.0	26.200896850830606	23.791742630988914	23.8418507739868	26.16550974419368	0.0
100.0	26.29205403752732	23.671709565276473	23.715023383800066	26.321213013396143	0.0
101.0	26.26374435221778	23.81467347608964	23.729178226454835	26.192403945237746	0.0
102.0	26.35801560429854	23.58791289676024	23.871859040414904	26.182212458526312	0.0
103.0	26.285542809906126	23.846946517342513	23.795422890079156	26.07208778267221	0.0
104.0	26.153053482657484	23.722383901980546	23.723516289392926	26.40104632596904	0.0
105.0	26.23968111970467	23.703416412823156	23.799669342875585	26.257233124596585	0.0
106.0	26.256100737184205	23.71530648065316	23.70851215617887	26.32008062598376	0.0
107.0	26.18674200817584	23.819769219445355	23.72323319253983	26.270255579838974	0.0
108.0	26.128707153291288	23.693791119817913	23.7804187568651	26.397082970025703	0.0
109.0	26.238831829145386	23.794856696372964	23.817504444620592	26.148807029861054	0.0
110.0	26.249023315856824	23.895922272928015	23.656988528915512	26.198065882299655	0.0
111.0	26.113062901111718	23.74637990923941	23.77723737887028	26.363319810778602	0.0
112.0	26.254894022993064	23.785730260420056	23.792241469608225	26.16713424697866	0.0
113.0	26.161472325945468	23.81517224979263	23.746096813187748	26.27725861107415	0.0
114.0	26.169115919340275	23.945396433555942	23.756288271047485	26.1291993760563	0.0
115.0	26.120066357526657	23.80264863916113	23.85700292720489	26.220282076107328	0.0
116.0	26.411654465261382	23.6673291095522	23.781133400143812	26.139883025042604	0.0
117.0	26.355884700966488	23.70752863508456	23.699318872827952	26.237267791121	0.0
118.0	26.231322790866212	23.728477683601422	23.839734116940985	26.200465408591374	0.0
119.0	26.317383746935498	23.681766967313823	23.641284346531233	26.35956493921945	0.0
120.0	26.321630175688917	23.720267921344814	23.749709827368516	26.208392075597754	0.0
121.0	26.18715993183066	23.764430780380366	23.69309077732294	26.35531851046603	0.0
122.0	26.254253506134674	23.757636494374896	23.70611315883342	26.28199684065701	0.0
123.0	26.243212791375786	23.81765268742321	23.749992922618745	26.18914159858226	0.0
124.0	26.205844218345703	23.772923637887203	23.84313125994372	26.17810088382337	0.0
125.0	26.298699460420455	23.66308268079878	23.7211172070955	26.317100651685266	0.0
126.0	26.272371602149256	23.804630305912728	23.72791149310097	26.195086598837047	0.0
127.0	26.36069732022036	23.5790033914811	23.875970308970157	26.184328979328384	0.0
128.0	26.29218826966521	23.845962212446	23.806895067914553	26.05495444997424	0.0
129.0	26.153471597053546	23.717720064092767	23.725646731099147	26.403161607754544	0.0
130.0	26.239249457872592	23.707245539834332	23.79896840090817	26.254536601384903	0.0
131.0	26.25623517288627	23.71687077834208	23.71998482609459	26.30690922267706	0.0
132.0	26.20018231334115	23.819634354174806	23.721400302345728	26.25878303013832	0.0
133.0	26.123746595779618	23.694223158323847	23.781699590644266	26.40033065525227	0.0
134.0	26.236135410120088	23.789060067150196	23.818501973173895	26.15630254955582	0.0
135.0	26.258008079561314	23.899251777135465	23.651825827985178	26.190914315318043	0.0
136.0	26.112004438958657	23.752675265261754	23.779286369452716	26.356033926326877	0.0
137.0	26.24958950956301	23.790893340429626	23.79315811525439	26.16635903475297	0.0
138.0	26.158715419719393	23.81382418553035	23.74418235966889	26.283278035081363	0.0
139.0	26.172870262374165	23.95084306242852	23.748711909318416	26.127574765878904	0.0
140.0	26.115192435630668	23.79973671918128	23.871077328124336	26.21399351706371	0.0
141.0	26.412028321249714	23.67021201303389	23.78883060189733	26.12892906381907	0.0
142.0	26.361636653427055	23.70475012244043	23.69569094620265	26.237922277929865	0.0
143.0	26.224899712088057	23.72796426154974	23.852527934819225	26.194608091542975	0.0
144.0	26.31917176481246	23.66964581451903	23.648130270954297	26.36305214971421	0.0
145.0	26.311244985604404	23.716074092737653	23.75372629397593	26.218954627682013	0.0
146.0	26.194608091542975	23.751461499916484	23.684650075162853	26.369280333377688	0.0
147.0	26.24528285862306	23.760237576896838	23.707581115014737	26.28689844946537	0.0
148.0	26.240753270504168	23.8273321009079	23.763917867243435	26.167996761344497	0.0
149.0	26.207987951261497	23.773044344793224	23.850330660868778	26.168637043076505	0.0
150.0	26.292634868868053	23.66405082212257	23.716424333016263	26.32688997599312	0.0
151.0	26.27055306427504	23.808998052271598	23.726049735018346	26.19439914843502	0.0
152.0	26.369071884766953	23.557888300040766	23.886284368347148	26.186755446845133	0.0
153.0	26.298013769986866	23.840422158807808	23.80050505050505	26.061059020700277	0.0
154.0	26.162408841781037	23.716707433075147	23.718406033428455	26.402477691715358	0.0
155.0	26.244507858857634	23.705949630837523	23.801071250622822	26.24847125968202	0.0
156.0	26.267438963627303	23.719255333605112	23.715575032839606	26.297730669927976	0.0
157.0	26.19581464872945	23.817774154097023	23.72350183448838	26.26290936268515	0.0
158.0	26.1258889341849	23.698022829188748	23.781820446618653	26.394267790007703	0.0
159.0	26.245074058975405	23.792012048738506	23.825417855686915	26.137496036599178	0.0
160.0	26.2414680478214	23.898808428478816	23.663834714393698	26.19588880930609	0.0
161.0	26.113014183393258	23.748832205645048	23.784786116694505	26.353367494267193	0.0
162.0	26.2489029810605	23.783936811709086	23.79922430144665	26.167935905783768	0.0
163.0	26.15887665260595	23.817625909464088	23.74062225745265	26.282875180477312	0.0
164.0	26.170483820740024	23.941058234011834	23.763836593720804	26.12462135152733	0.0
165.0	26.12271359373098	23.79759306285724	23.87006729345552	26.20962604995626	0.0
166.0	26.409929025810598	23.66948166476515	23.788385372579107	26.132203936845144	0.0
167.0	26.363216854883685	23.700906216115982	23.694111718526614	26.241765210473716	0.0
168.0	26.225911382765187	23.717892460089406	23.85434862000923	26.201847537136175	0.0
169.0	26.310276394499855	23.670047872897598	23.655043357387743	26.364632375214804	0.0
170.0	26.31367364329454	23.711097962500034	23.753563572433592	26.221664821771835	0.0
171.0	26.195902351745477	23.75044942770513	23.690997573798153	26.36265064675124	0.0
172.0	26.256486621917354	23.755545300897158	23.710814858433814	26.277153218751682	0.0
173.0	26.25620351785113	23.82547200525441	23.760074965956736	26.158249510937726	0.0
174.0	26.209848652137723	23.768635377916688	23.847904740874114	26.173611229071476	0.0
175.0	26.300442209803354	23.66162173792416	23.71824271146518	26.319693340807305	0.0
176.0	26.2695837792235	23.806854535056875	23.73551210839519	26.188049577324435	0.0
177.0	26.37178463646504	23.558005356344097	23.887822527220536	26.18238747997033	0.0
178.0	26.312049509379264	23.827238085531643	23.805722115586057	26.05499028950304	0.0
179.0	26.16341945383409	23.717959606597475	23.72871759157027	26.389903347998168	0.0
180.0	26.249483333616435	23.703521258344516	23.798361389025725	26.248634019013323	0.0
181.0	26.263638577001693	23.71286371897878	23.73098243051191	26.29251527350761	0.0
182.0	26.19824135256182	23.82440703685459	23.726169647760923	26.251181962822667	0.0
183.0	26.12435098209079	23.70691851675698	23.776845419080136	26.391885082072104	0.0
184.0	26.24297192165922	23.792416186803916	23.821292883309837	26.143319008227028	0.0
185.0	26.240498265977774	23.895817113737703	23.664236676339442	26.199447943945074	0.0
186.0	26.116855026838493	23.73960999252599	23.792267796072746	26.351267184562772	0.0
187.0	26.240855660996985	23.792267796072746	23.801044096663873	26.16583244626639	0.0
188.0	26.1627182750889	23.80953729078432	23.744705908998256	26.283038525128532	0.0
189.0	26.178289130976378	23.953638484361196	23.75659638076688	26.111476003895547	0.0
190.0	26.12598839826399	23.801111479150567	23.857732933585865	26.215167188999583	0.0
191.0	26.422268211686166	23.66308911418064	23.782844168381835	26.13179850575136	0.0
192.0	26.366778872150864	23.696212852576714	23.688285804071672	26.248722471200747	0.0
193.0	26.22182712805864	23.71121762296126	23.85871734693011	26.20823790204999	0.0
194.0	26.31723481899434	23.667618856183523	23.649782997047176	26.36536332777496	0.0
195.0	26.309307770489298	23.720843324717386	23.75679815186526	26.21305075292805	0.0
196.0	26.196630438167606	23.75368395423828	23.69253243719937	26.35715317039474	0.0
197.0	26.259763717332774	23.759629240617063	23.70102570345478	26.27958133859538	0.0
198.0	26.253535322078815	23.829274023911378	23.760478567242604	26.156712086767207	0.0
199.0	26.21765471943831	23.767906687050562	23.84123209331295	26.173206500198177	0.0
200.0	26.29466055149765	23.654096597021688	23.729120661344204	26.32212219013646	0.0
201.0	26.268897570918977	23.804144725666724	23.735915293584732	26.191042409829567	0.0
202.0	26.372232602910366	23.562369061774532	23.882282996432817	26.183115338882285	0.0
203.0	26.29890719664798	23.821980635298114	23.81207179661401	26.067040371439898	0.0
204.0	26.157069248626918	23.724590906517186	23.731385538757717	26.386954306098183	0.0
205.0	26.257856293528114	23.694298171111488	23.809523809523807	26.238321725836588	0.0
206.0	26.26621519854594	23.704058117083502	23.73973013832817	26.28999654604239	0.0
207.0	26.198834713972673	23.823531077125175	23.71679812467088	26.260836084231272	0.0
208.0	26.139947567790994	23.702359449405183	23.770306156537888	26.387386826265928	0.0
209.0	26.25064407816136	23.778799494929476	23.823247965845457	26.147308461063705	0.0
210.0	26.254681966043535	23.896075217217742	23.666471319330608	26.18277149740811	0.0
211.0	26.11971145134988	23.751472186990398	23.77950036238449	26.34931599927523	0.0
212.0	26.254190070664972	23.793372893640154	23.797619586881684	26.15481744881319	0.0
213.0	26.151986319985504	23.80611297336474	23.751755299873164	26.29014540677659	0.0
214.0	26.172370447544846	23.95134988222504	23.756851331763002	26.119428338467117	0.0
215.0	26.129128151409198	23.78664552751157	23.86818226858995	26.21604405248928	0.0
216.0	26.429095191853076	23.66079391188886	23.787063330058633	26.123047566199432	0.0
217.0	26.364544906331304	23.69844824510989	23.69193659350024	26.24507025505856	0.0
218.0	26.225818415516983	23.706941703731175	23.866901841098713	26.200338039653126	0.0
219.0	26.32943861069666	23.65852898958985	23.645788801657925	26.366243598055565	0.0
220.0	26.31160234759196	23.723928620973748	23.751957034423988	26.212511997010303	0.0
221.0	26.196657540917233	23.746011613389086	23.688539210051726	26.368791635641948	0.0
222.0	26.258942904139992	23.768943951666557	23.698731360397268	26.27338178379618	0.0
223.0	26.250732560806085	23.82726570086605	23.765546568218042	26.156455170109822	0.0
224.0	26.213435557115837	23.761933343148026	23.851398027247093	26.173233072489044	0.0
225.0	26.30205089294814	23.66284271202564	23.722580206787992	26.312526188238227	0.0
226.0	26.281383418456905	23.797889086441003	23.736452895145124	26.184274599956964	0.0
227.0	26.377076656512237	23.567149473970307	23.880275868317042	26.175498001200413	0.0
228.0	26.294123642458356	23.82252018617714	23.80468387257511	26.078672298789396	0.0
229.0	26.157944803687304	23.71889969763202	23.739284056034336	26.383871442646345	0.0
230.0	26.254770506098318	23.69653352660725	23.81402670350951	26.23466926378492	0.0
231.0	26.259017247432137	23.708707518430856	23.74296456519031	26.289310668946698	0.0
232.0	26.195882359602727	23.81515916786519	23.724845135499358	26.264113337032718	0.0
233.0	26.13586174875146	23.705027009274886	23.77325798670487	26.385853255268792	0.0
234.0	26.243728978630397	23.778070960216528	23.831013668844772	26.147186392308303	0.0
235.0	26.25031496754065	23.89166815303034	23.67621619938224	26.18180068004677	0.0
236.0	26.117323971574987	23.745363947793095	23.783301718524392	26.354010362107527	0.0
237.0	26.24331134452592	23.783018600832364	23.802836839274086	26.17083321536763	0.0
238.0	26.157526683842473	23.806517369270406	23.749327595481443	26.286628351405678	0.0
239.0	26.17762803997622	23.950058039126866	23.757821126242177	26.114492794654737	0.0
240.0	26.129169262132624	23.792966759159636	23.85412537516281	26.223738603544934	0.0
241.0	26.426105842609456	23.66011887400997	23.784146545206386	26.129628738174187	0.0
242.0	26.36720962370585	23.68659522892549	23.68687841236039	26.25931673500827	0.0
243.0	26.22540412564994	23.699264814164504	23.86153811298526	26.213792947200286	0.0
244.0	26.33334938271255	23.65461358287286	23.643284609306185	26.368752425108404	0.0
245.0	26.317086434859455	23.718602358859318	23.751458708632157	26.21285249764907	0.0
246.0	26.180143226215836	23.743937814440468	23.70172913928296	26.374189820060735	0.0
247.0	26.25517737649372	23.752471825439546	23.707143221390567	26.285207576676168	0.0
248.0	26.266804550155122	23.795951325239763	23.772435579606466	26.164808544998653	0.0
249.0	26.2034146092692	23.779586008375027	23.83228409367793	26.184715288677847	0.0
