# Position (bp)	A	C	G	T	N
0.0	25.966995378760082	23.395184571655157	29.24440689146571	21.38674256321315	0.006670594905889024
1.0	27.494561612208674	22.153860977390387	26.681267857738444	23.67023543494132	7.41177211765447E-5
2.0	25.12813101048395	24.522144522144522	24.286598404245463	26.063126063126063	0.0
3.0	27.76573777466154	23.472175486916008	24.142569778076883	24.619442842679323	7.41176662422195E-5
4.0	28.60623210984831	23.279173084021267	22.957428294863792	25.157092393600383	7.41176662422195E-5
5.0	27.475048287659558	23.46528254395548	23.948826198519722	25.09327708296583	0.01756588689940602
6.0	26.754921042450153	23.837056757826456	24.854025256335948	24.55347811972375	5.188236636955365E-4
7.0	25.854020809275973	24.51286163862301	24.956381753416455	24.67614285735462	5.92941329937756E-4
8.0	25.131744151745544	25.11417826484614	24.840535841079863	24.91280056566603	7.41176662422195E-4
9.0	25.196226521376275	25.165467689885755	25.08675472833652	24.551402825068966	1.48235332484439E-4
10.0	25.288799486512808	25.123887679123868	24.89916291507746	24.688001683953377	1.48235332484439E-4
11.0	25.380853627985644	24.98024764194645	24.50374516567522	25.1350053290602	1.48235332484439E-4
12.0	25.873958461495132	24.398349844278783	24.669916973390276	25.057774720835813	0.0
13.0	25.98135495988011	24.303034525491288	24.393458078306796	25.322078318655567	7.41176662422195E-5
14.0	25.71934900971386	24.693856979586513	24.28176275527977	25.305031255419852	0.0
15.0	25.74195489791774	24.539914586801423	25.01026529677455	24.707865218506292	0.0
16.0	25.693037238197874	24.651832262827174	25.063259428137734	24.591722835504733	1.48235332484439E-4
17.0	25.256780654696172	25.11247355852257	25.057626485503327	24.573045183611693	7.41176662422195E-5
18.0	25.225577117208196	25.064667663796335	25.45511952956035	24.25463568943512	0.0
19.0	25.27345712960067	25.11084296986524	25.130335916086942	24.485363984447147	0.0
20.0	25.127890033100954	25.31385125770268	24.81696642321484	24.741292285981533	0.0
21.0	25.463643061178203	24.832975839123158	24.997591175847127	24.70578992385151	0.0
22.0	25.49425365733624	24.69622874490626	24.7040110998617	25.10543238022956	7.41176662422195E-5
23.0	25.312887728041527	24.85706408065188	24.58319930388688	25.24684888741971	0.0
24.0	25.368846566054405	24.696599333237472	25.004039412810204	24.93051468789792	0.0
25.0	25.331343026935844	24.82096877719192	24.947117045136178	24.900571150736063	0.0
26.0	25.106099439225737	25.063333545803978	25.015379415745258	24.815113481558786	7.41176662422195E-5
27.0	25.17606651615839	24.897532326420134	25.423545403741166	24.502855753680315	0.0
28.0	25.213347702278227	24.841944076738468	25.21831358591646	24.72587581140315	5.188236636955365E-4
29.0	24.925029980595994	25.250035947068127	24.76167464419814	25.06281472214028	4.44705997453317E-4
30.0	25.0193076520561	25.081788844698288	24.822525248183005	25.075933549065155	4.44705997453317E-4
31.0	25.024125300361845	24.913393506995966	24.70141698154322	25.36054538743528	5.188236636955365E-4
32.0	24.86017702263405	24.87314761422644	24.54050752813136	25.725278423013236	8.89411994906634E-4
33.0	25.041024128265065	24.66843462006543	24.715721691127968	25.57363367788166	0.001185882659875512
34.0	25.104691203567135	24.566745181981105	24.567931064640984	25.75974313781587	8.89411994906634E-4
35.0	24.932772852952752	24.869023292765206	24.480723754633374	25.71748009964867	0.0
36.0	25.090899309120417	24.726480130673828	24.856122795140678	25.326497765065074	0.0
37.0	25.22584052949959	24.620468443937526	24.78689505055537	25.366795976007523	0.0
38.0	24.99894150451524	24.85990056190989	24.63179478494396	25.50936314863091	0.0
39.0	25.1053870589642	24.764111965039294	24.81369243505606	25.316808540940443	0.0
40.0	25.201253558365643	24.71523475806185	24.610336404259517	25.473175279312986	0.0
41.0	24.92705268021321	24.9733327545094	24.42246808457858	25.677146480698802	0.0
42.0	25.07415759556284	24.673115198645228	24.662932481535993	25.589716395662787	7.832859314797133E-5
43.0	25.224728317075545	24.522271541070026	24.48169642043433	25.771303721420097	0.0
44.0	25.032298653005743	24.73868182978088	24.220539214978228	26.00848030223515	0.0
45.0	25.1179132087198	24.70149532983973	24.552222657883306	25.628368803557162	0.0
46.0	25.29117999091997	24.552973709191463	24.495934623797925	25.659911676090637	0.0
47.0	25.173048094626456	24.759375953692867	24.32306670735756	25.744509244323115	0.0
48.0	25.209434216427006	24.601380142925105	24.610673173493208	25.57851246715468	0.0
49.0	25.36527925054191	24.58890356350106	24.394701173024092	25.65111601293294	0.0
50.0	25.143310159775584	24.850503154325995	24.272136404050688	25.734050281847733	0.0
51.0	25.230500288350633	24.673623125720876	24.592884948096884	25.502991637831602	0.0
52.0	25.29859068689419	24.612183768765636	24.418379083068476	25.6708464612717	0.0
53.0	25.137159213551683	24.810285767913285	24.195392051053446	25.857162967481585	0.0
54.0	25.307849072953953	24.646138921747	24.391443300747888	25.65456870455116	0.0
55.0	25.415715139813187	24.49872095188623	24.287212459202774	25.798351449097805	0.0
56.0	25.24624131598821	24.687315400500054	24.195685248387562	25.870758035124176	0.0
57.0	25.34160278888758	24.48429710483486	24.481421963003086	25.692678143274478	0.0
58.0	25.462449120865365	24.535815018247582	24.250186999559197	25.751548861327862	0.0
59.0	25.279273699555127	24.688733775797683	24.122255683393774	25.909736841253416	0.0
60.0	25.38571086856373	24.5577004854885	24.356041142492646	25.70054750345512	0.0
61.0	25.511502625321132	24.549965257283745	24.192530372867246	25.74600174452788	0.0
62.0	25.225030368431327	24.774560432301488	24.0767003106407	25.923708888626486	0.0
63.0	25.33666760177084	24.62486470086098	24.388640531107065	25.64982716626112	0.0
64.0	25.46875561954865	24.604972858742684	24.06140360668058	25.864867915028082	0.0
65.0	25.201547434281345	24.818396365114715	24.079453028517076	25.90060317208686	0.0
66.0	25.4572610566494	24.56611730802411	24.27727925884657	25.699342376479915	0.0
67.0	25.533925097771448	24.439400706153528	24.19682163039745	25.829852565677573	0.0
68.0	25.38327367484607	24.743725351471383	23.903416294822673	25.96958467885988	0.0
69.0	25.397345187881353	24.532741765112448	24.14311236946546	25.92680067754074	0.0
70.0	25.353435491843797	24.660495214128435	23.79978729459698	26.18628199943079	0.0
71.0	25.025694925659113	24.79874246010892	23.877910735130662	26.29765187910131	0.0
72.0	25.074904315777264	24.762239204113452	24.255145040528873	25.907711439580407	0.0
73.0	24.126325762739594	24.970860484772473	24.21953813016332	26.683275622324622	0.0
74.0	20.538882469897537	26.836206239259592	23.84287091180306	28.78204037903981	0.0
75.0	17.835939993616343	28.138003075762413	24.033891419783533	29.992165510837708	0.0
