# Position (bp)	A	C	G	T	N
0.0	26.225277733421535	23.81863494308461	23.648972329310855	26.307114994182996	0.0
1.0	26.328215890685954	23.759894609576385	23.77529256107854	26.136596938659125	0.0
2.0	26.13260881340856	23.799966358859738	23.820778250717726	26.246646577013976	0.0
3.0	26.210918793186018	23.902533579621903	23.682755239333197	26.203792387858886	0.0
4.0	26.213312734973794	23.82331396061419	23.789110042555375	26.174263261856645	0.0
5.0	26.180500929124346	23.88391075846187	23.732001778446595	26.203586533967187	0.0
6.0	26.34151346144529	23.672878472232117	23.746405578940468	26.239202487382123	0.0
7.0	26.201142153677804	23.83219915877304	23.772925714415987	26.193732973133173	0.0
8.0	26.13957252317328	23.85601080517349	23.710118167337715	26.294298504315517	0.0
9.0	26.168780843619288	23.82295620063596	23.806715218654904	26.201547737089843	0.0
10.0	26.219854418028234	23.804789105568297	23.838976652754233	26.136379823649236	0.0
11.0	26.30332901240723	23.75920570932038	23.699947294198086	26.237517984074298	0.0
12.0	26.14093816327403	23.67345194512899	23.89139755843934	26.294212333157645	0.0
13.0	26.256036238800018	23.717041067791055	23.779433341405394	26.247489352003534	0.0
14.0	26.279397729377074	23.766613011210666	23.73100098289198	26.222988276520276	0.0
15.0	26.221278899160982	23.77971823763194	23.642398256435094	26.35660460677198	0.0
16.0	26.36429680488882	23.694534265893648	23.81960370934887	26.121565219868664	0.0
17.0	26.20361533311491	23.760630190453128	23.75949060554693	26.276263870885032	0.0
18.0	26.2668622954089	23.772880728194757	23.751228614976995	26.20902836141935	0.0
19.0	26.317858719961258	23.67687069984758	23.744106209313255	26.26116437087791	0.0
20.0	26.19563823877153	23.844674577285225	23.623310209256278	26.33637697468697	0.0
21.0	26.247699469524736	23.690193330028546	23.77879580406033	26.283311396386388	0.0
22.0	26.263368717343866	23.713554754049788	23.821245220879415	26.201831307726938	0.0
23.0	26.14314285225894	23.707287054922137	23.745178145102933	26.404391947715993	0.0
24.0	26.166219380865286	23.827512920007067	23.681076676751964	26.325191022375687	0.0
25.0	26.226332313407745	23.800162960177317	23.670535546400917	26.302969180014017	0.0
26.0	26.329749349013976	23.770248941613534	23.773097895762465	26.126903813610024	0.0
27.0	26.12967832550348	23.798955576384518	23.828014825915155	26.24335127219685	0.0
28.0	26.20375092234628	23.89325569005746	23.697533097630533	26.205460289965725	0.0
29.0	26.20859413060138	23.839125715441572	23.772175483679813	26.18010467027723	0.0
30.0	26.18352340551613	23.88328437894401	23.73627876367138	26.196913451868483	0.0
31.0	26.341355015711937	23.66135148301886	23.759355226533945	26.237938274735264	0.0
32.0	26.186942140755026	23.83371271797998	23.78983894908079	26.189506192184204	0.0
33.0	26.145632423285004	23.838271031631848	23.71434187922178	26.301754665861367	0.0
34.0	26.155603734398458	23.824880985279496	23.817758620198457	26.201756660123586	0.0
35.0	26.228821647431534	23.804368573846105	23.832003350360534	26.134806428361827	0.0
36.0	26.304888506497022	23.75679117510477	23.71405698461854	26.224263333779668	0.0
37.0	26.13537621756831	23.66334574524155	23.907215525616298	26.294062511573845	0.0
38.0	26.254462161723268	23.720324665889855	23.777873375744644	26.247339796642233	0.0
39.0	26.28095735982473	23.771890589076573	23.73855792049731	26.20859413060138	0.0
40.0	26.21942012552456	23.773315062092777	23.65451401254106	26.3527507998416	0.0
41.0	26.351896116031874	23.68214878905549	23.826590352898943	26.139364742013694	0.0
42.0	26.20204155472683	23.758215648120977	23.752232861452903	26.287509935699287	0.0
43.0	26.28095735982473	23.763913540185808	23.752517756056147	26.202611343933313	0.0
44.0	26.317708763642887	23.67645089699066	23.74938391542049	26.256456423945963	0.0
45.0	26.1929249274231	23.851091288777717	23.616338135706698	26.339645648092485	0.0
46.0	26.2623643905552	23.682081320083874	23.78008478439238	26.275469504968544	0.0
47.0	26.27461482359376	23.70686707995259	23.81455693317531	26.20396116327833	0.0
48.0	26.149546449083783	23.71028580545173	23.75102561764974	26.38914212781475	0.0
49.0	26.17547178411888	23.811423101467774	23.68749430212417	26.32561081228918	0.0
50.0	26.21963032181603	23.79660862430486	23.68322089525025	26.300540158628866	0.0
51.0	26.33529720120339	23.775811377518462	23.774102014768893	26.114789406509253	0.0
52.0	26.126110726505587	23.804232939896128	23.831012880011624	26.238643453586658	0.0
53.0	26.205026081952315	23.88514254620252	23.703950610952994	26.20588076089217	0.0
54.0	26.205026081952315	23.846397100929035	23.77859257170044	26.16998424541821	0.0
55.0	26.17425764011749	23.878305114683666	23.744120521126238	26.2033167240726	0.0
56.0	26.34291428424912	23.662926021839894	23.765487494622644	26.22867219928834	0.0
57.0	26.195339720633942	23.83357691683119	23.784575324279434	26.18650803825543	0.0
58.0	26.146623021062137	23.83728052557057	23.719904617830313	26.29619183553698	0.0
59.0	26.154315131520846	23.83443159577105	23.81990205379349	26.191351218914615	0.0
60.0	26.23465495186733	23.79625593645747	23.828733736172005	26.140355375503194	0.0
61.0	26.308727126654873	23.75523134734437	23.72788162126897	26.208159904731787	0.0
62.0	26.137791338683623	23.67318216911817	23.899956981160027	26.28906951103818	0.0
63.0	26.24605067106541	23.728736300208826	23.77887746468039	26.246335564045363	0.0
64.0	26.290493975937938	23.758080277143893	23.74298094920643	26.20844479771174	0.0
65.0	26.21984051690982	23.779162357660343	23.651815195621765	26.34918192980807	0.0
66.0	26.351176180667736	23.69483403559453	23.821041625713303	26.132948158024437	0.0
67.0	26.19761886447356	23.746399664965857	23.766342173562503	26.289639296998086	0.0
68.0	26.267417644561817	23.759219849063697	23.758650063103794	26.214712443270688	0.0
69.0	26.313285414334104	23.67460663401793	23.759219849063697	26.252888102584265	0.0
70.0	26.199898008313177	23.844972636029276	23.619337395907227	26.33579195975032	0.0
71.0	26.256516908350193	23.68166149112561	23.777670151847527	26.284151448676674	0.0
72.0	26.270761516765905	23.719267257343095	23.818124839748155	26.19184638614285	0.0
73.0	26.157089541608503	23.700464374234354	23.761146406085295	26.38129967807185	0.0
74.0	26.18244494458847	23.81783994757984	23.672829833907866	26.32688527392382	0.0
75.0	26.223754308994046	23.79789749579784	23.683940628472122	26.294407566735988	0.0
76.0	26.34682772570582	23.76997806330304	23.771117631976296	26.112076579014843	0.0
77.0	26.11969425459601	23.80438219884847	23.836290030796757	26.239633515758765	0.0
78.0	26.208580357880525	23.893838084846344	23.700396853659857	26.197184703613274	0.0
79.0	26.20772568381048	23.834295791299986	23.785579369307513	26.17239915558202	0.0
80.0	26.175817851862192	23.877314386158837	23.743130557162026	26.20373720481694	0.0
81.0	26.344188643660736	23.66535521678808	23.76421251755643	26.226243621994755	0.0
82.0	26.196045138186552	23.84084829250365	23.78700382609092	26.17610274321887	0.0
83.0	26.136502844640198	23.844551880140507	23.721763705410943	26.29718156980835	0.0
84.0	26.149038064334167	23.841987857930377	23.820621006179294	26.188353071556165	0.0
85.0	26.241627755255532	23.783585129810746	23.841987857930377	26.13279925700334	0.0
86.0	26.308007441362236	23.758514690422807	23.708943594360292	26.224534273854665	0.0
87.0	26.144194911270585	23.671622826635065	23.904379065043546	26.279803197050803	0.0
88.0	26.262139932936574	23.720339248627536	23.787858500160965	26.229662318274926	0.0
89.0	26.29319309081482	23.752531971932502	23.750252841079057	26.204022096173624	0.0
90.0	26.215987533154234	23.773329040970225	23.66592499950144	26.344758426374103	0.0
91.0	26.355584297927987	23.69897239687645	23.823185028389425	26.122258276806136	0.0
92.0	26.21969112079109	23.743130557162026	23.76677653976656	26.270401782280327	0.0
93.0	26.2738204785605	23.767916105193283	23.746834144798882	26.211429271447333	0.0
94.0	26.32396135733638	23.67076815256502	23.763357843486386	26.241912646612214	0.0
95.0	26.206871009740436	23.836574922153435	23.62091216514582	26.335641902960305	0.0
96.0	26.2595010996775	23.67155538841977	23.78038357662986	26.288559935272872	0.0
97.0	26.27346073638508	23.711155174182082	23.815425113671328	26.19995897576151	0.0
98.0	26.17545838888699	23.68950349275808	23.75502831812018	26.38000980023475	0.0
99.0	26.176028169977094	23.823971830022906	23.675258965505453	26.324741034494547	0.0
100.0	26.21847686118993	23.790069855161647	23.70032933347008	26.291123950178342	0.0
101.0	26.34468337264823	23.763575034471756	23.787505840256173	26.104235752623843	0.0
102.0	26.125528114343343	23.7974092127642	23.841567121445646	26.235495551446814	0.0
103.0	26.21184970357223	23.886864589060806	23.70054670339845	26.200739003968515	0.0
104.0	26.21042525490509	23.830741311575355	23.789147410494767	26.16968602302479	0.0
105.0	26.173104699825934	23.875184109990226	23.75353619381618	26.19817499636766	0.0
106.0	26.340904752815426	23.65952258178472	23.770914467555333	26.228658197844524	0.0
107.0	26.1995994450348	23.835299547310214	23.791996307829056	26.173104699825934	0.0
108.0	26.15202285955221	23.835299547310214	23.725332110206747	26.287345482930828	0.0
109.0	26.165127787289926	23.841852011179075	23.81051414050192	26.182506061029077	0.0
110.0	26.244327133183106	23.780885608225336	23.838718224111357	26.1360690344802	0.0
111.0	26.307572654004268	23.760373547418475	23.70652938780045	26.225524410776806	0.0
112.0	26.147749513550778	23.665220376453295	23.920766467338815	26.266263642657112	0.0
113.0	26.261135627455396	23.718494756604453	23.78629851316048	26.234071102779673	0.0
114.0	26.29161882893226	23.750972186215325	23.76293755501933	26.194471429833083	0.0
115.0	26.213843931706233	23.778036710891048	23.667499494320722	26.340619863081994	0.0
116.0	26.359707475221718	23.694848908729877	23.82960175264164	26.115841863406768	0.0
117.0	26.20814613703766	23.746698840213895	23.780885608225336	26.264269414523113	0.0
118.0	26.27281610652597	23.758949098751327	23.760088657685046	26.20814613703766	0.0
119.0	26.333782509479708	23.664935486719866	23.75809442955104	26.243187574249387	0.0
120.0	26.21184970357223	23.835869326777072	23.617074011503846	26.335206958146852	0.0
121.0	26.248390368420456	23.66642735860882	23.796622337697855	26.288559935272872	0.0
122.0	26.26776292548403	23.700614224015133	23.81941358130206	26.212209269198773	0.0
123.0	26.174318826706777	23.681241666951557	23.763575034471756	26.38086447186991	0.0
124.0	26.186569120144043	23.805169054049436	23.68067188586145	26.327589939945074	0.0
125.0	26.228163139721715	23.7849418253507	23.691782617118502	26.29511241780908	0.0
126.0	26.33927045229223	23.773546203548594	23.786366278075963	26.10081706608321	0.0
127.0	26.13507838785679	23.78928295694437	23.836005139440076	26.239633515758765	0.0
128.0	26.20609099455856	23.879661548104043	23.714708982650066	26.19953847468733	0.0
129.0	26.2189111421327	23.82638671262927	23.778524828352467	26.176177316885557	0.0
130.0	26.174183071707358	23.8768126264209	23.74747158200621	26.201532719865533	0.0
131.0	26.33750131763003	23.658937520120567	23.78400553831953	26.219555623929867	0.0
132.0	26.19733397149361	23.842978385169612	23.797395508377278	26.162292134959504	0.0
133.0	26.14434387722252	23.837850311530474	23.72617226338926	26.291633547857746	0.0
134.0	26.16770510157859	23.839274776430234	23.816483338034068	26.176536783957104	0.0
135.0	26.23978302550647	23.79226743473814	23.836425846630714	26.131523693124674	0.0
136.0	26.313360379250618	23.7530198741909	23.712564955784483	26.221054790774	0.0
137.0	26.13615644087884	23.675243869085605	23.906577627860333	26.28202206217522	0.0
138.0	26.256951408514905	23.709716017868537	23.796323730513265	26.237008843103293	0.0
139.0	26.287719938007108	23.749316254900172	23.765270307229464	26.19769349986325	0.0
140.0	26.216781383900084	23.7686890327286	23.66869131187893	26.34583827149239	0.0
141.0	26.355884640477257	23.68585241889763	23.843114239886955	26.11514870073816	0.0
142.0	26.20773944679166	23.73656365827462	23.7844259516192	26.271270943314523	0.0
143.0	26.270131364901555	23.75337243986587	23.757645858914493	26.218850336318077	0.0
144.0	26.326540496343377	23.673886845561483	23.746250074784832	26.253322583310307	0.0
145.0	26.2114430766338	23.83371271797998	23.624030289994217	26.330813915392	0.0
146.0	26.25425206406728	23.66198868395412	23.787912457336912	26.295846794641687	0.0
147.0	26.26080465860983	23.701304251209383	23.83150145581557	26.206389634365223	0.0
148.0	26.165934485450393	23.69133291168812	23.76113228833695	26.38160031452454	0.0
149.0	26.18901101405674	23.80386660057093	23.68250115382643	26.324621231545898	0.0
150.0	26.238297920833265	23.779365594890116	23.68535010797536	26.296986376301263	0.0
151.0	26.341430061024596	23.759138020432697	23.795034842709242	26.104397075833464	0.0
152.0	26.125553767040355	23.790259398014275	23.838976652754233	26.245210182191137	0.0
153.0	26.207393647935636	23.88462809540632	23.70400337318093	26.20397488347711	0.0
154.0	26.220498911693312	23.8265090996114	23.784914132032682	26.168077856662602	0.0
155.0	26.184316987840596	23.874941596107167	23.75414525190596	26.186596164146277	0.0
156.0	26.33025928553317	23.65221949669946	23.784696996891764	26.232824220875607	0.0
157.0	26.214020962783795	23.84082187331732	23.796092910886802	26.14906425301208	0.0
158.0	26.150488742261462	23.829710857172163	23.728002324766457	26.29179807579992	0.0
159.0	26.17783893584955	23.831990039971167	23.814611271128737	26.175559753050543	0.0
160.0	26.248493602618783	23.788685566790026	23.838257792668436	26.124563037922755	0.0
161.0	26.30953669779659	23.753141007743544	23.71354009378864	26.22378220067122	0.0
162.0	26.15170283930006	23.654850969510143	23.911829562224717	26.281616628965075	0.0
163.0	26.258254938718302	23.70983641118854	23.80014928689865	26.231759363194513	0.0
164.0	26.288169298180637	23.737186682696965	23.772799015390227	26.20184500373217	0.0
165.0	26.210961760901647	23.781345975236608	23.670235497233634	26.337456766628108	0.0
166.0	26.370580140797315	23.686827103056686	23.8358295275512	26.106763228594794	0.0
167.0	26.2064780442221	23.73981840507577	23.787111717630435	26.2665918330717	0.0
168.0	26.271435124116454	23.73981840507577	23.76602915661209	26.222717314195688	0.0
169.0	26.337531801903697	23.6651747430919	23.748650288745615	26.248643166258784	0.0
170.0	26.199925356338017	23.82528824704203	23.636969695243035	26.33781670137692	0.0
171.0	26.252421652421653	23.677777777777777	23.786324786324787	26.283475783475787	0.0
172.0	26.26695156695157	23.68888888888889	23.84216524216524	26.201994301994304	0.0
173.0	26.164672364672363	23.69002849002849	23.766951566951565	26.378347578347576	0.0
174.0	26.184900284900287	23.79202279202279	23.688034188034187	26.335042735042734	0.0
175.0	26.233618233618234	23.784615384615385	23.683760683760685	26.2980056980057	0.0
176.0	26.345014245014248	23.768660968660967	23.797150997150997	26.089173789173792	0.0
177.0	26.13169838090707	23.78981136698395	23.843087872045217	26.23540238006376	0.0
178.0	26.218383010729408	23.886745793423326	23.704978375945164	26.189892819902106	0.0
179.0	26.224935754619683	23.821503256428812	23.79187345796842	26.16168753098308	0.0
180.0	26.18846831036074	23.86252913122012	23.75740032706739	26.191602231351744	0.0
181.0	26.342390390801064	23.647495562640135	23.78766770086354	26.22244634569526	0.0
182.0	26.216178485856005	23.838380385017537	23.78852240902344	26.15691872010302	0.0
183.0	26.15463949834329	23.830688011578445	23.72983244871039	26.284840041367875	0.0
184.0	26.18569389481961	23.83496155237794	23.805901474941383	26.173443077861062	0.0
185.0	26.256349769371244	23.78994692262327	23.847782174776423	26.10592113322906	0.0
186.0	26.310841149186885	23.756111180754196	23.711381326282922	26.221666343775997	0.0
187.0	26.152149882049937	23.652976102291763	23.917366579676123	26.277507435982177	0.0
188.0	26.25927360995567	23.704258737991317	23.790299604553898	26.24616804749912	0.0
189.0	26.2940318408187	23.73588303000604	23.767792225552427	26.20229290362283	0.0
190.0	26.225370089687633	23.76807712908409	23.678902323673203	26.327650457555073	0.0
191.0	26.365047935155772	23.690081055285688	23.83395774868588	26.110913260872664	0.0
192.0	26.200658129033176	23.733386515477427	23.793501331927803	26.272454023561586	0.0
193.0	26.27387854527842	23.748771350019233	23.7644410889044	26.212909015797948	0.0
194.0	26.353936665764472	23.656462342768418	23.745352497898832	26.244248493568286	0.0
195.0	26.187837433581674	23.834527557372613	23.64478126469038	26.332853744355333	0.0
196.0	26.26284209986495	23.665361801056427	23.777614432155538	26.294181666923084	0.0
197.0	26.268825108121508	23.680461774275344	23.837729419876123	26.212983697727026	0.0
198.0	26.176230932722493	23.691003265013077	23.768212562038098	26.36455324022633	0.0
199.0	26.200447870903776	23.795848362080264	23.684165541291303	26.319538225724653	0.0
200.0	26.236630825598155	23.785021966187454	23.68160139489564	26.296745813318744	0.0
201.0	26.35201741340308	23.755106924904698	23.79641817239041	26.096457489301812	0.0
202.0	26.14696019578738	23.783380295333526	23.848338855760655	26.22132065311844	0.0
203.0	26.227663308565436	23.88458996216438	23.695411861239002	26.192334868031182	0.0
204.0	26.232221817021472	23.81051419975384	23.79512923371473	26.162134749509956	0.0
205.0	26.19318958836669	23.854674750421662	23.755812098281442	26.196323562930207	0.0
206.0	26.345689775521308	23.64163183671376	23.792632859532013	26.220045528232916	0.0
207.0	26.20551524113154	23.832519922163247	23.787504522907994	26.17446031379722	0.0
208.0	26.148533723086913	23.827676493129456	23.732517357994933	26.291272425788698	0.0
209.0	26.182152818733247	23.832519922163247	23.809442407355174	26.17588485174834	0.0
210.0	26.249960825206344	23.793202674712457	23.84049733468949	26.116339165391704	0.0
211.0	26.31357018718482	23.743981310008834	23.7169150118237	26.22553349098265	0.0
212.0	26.14205532921166	23.657084247414456	23.91606598478589	26.284794438587994	0.0
213.0	26.256873415197013	23.70437904213795	23.803242257614176	26.23550528505086	0.0
214.0	26.29989458389128	23.733724607538676	23.767058890566684	26.19932191800336	0.0
215.0	26.22610330778655	23.76506453175304	23.67303911792359	26.335793042536825	0.0
216.0	26.36293445093721	23.684502933140354	23.841772819091197	26.11078979683124	0.0
217.0	26.209653293977876	23.73407713632051	23.7927684343384	26.263501135363214	0.0
218.0	26.275752231551415	23.74091495744881	23.763707694543136	26.21962511645664	0.0
219.0	26.356666448236272	23.65230819199462	23.748607506218143	26.242417853550965	0.0
220.0	26.216206205892494	23.812142260868573	23.63435891153284	26.337292621706094	0.0
221.0	26.25901740230435	23.666051261011773	23.783719101507746	26.291212235176133	0.0
222.0	26.26756470306677	23.681151492358712	23.83870673641264	26.212577068161874	0.0
223.0	26.174114214730988	23.686849692866993	23.782864371431504	26.35617172097052	0.0
224.0	26.21172233808563	23.781154911279017	23.686849692866993	26.320273057768357	0.0
225.0	26.24306244088117	23.781724731329845	23.687704422943234	26.28750840484575	0.0
226.0	26.359020821224654	23.755228098966345	23.79397586242265	26.09177521738635	0.0
227.0	26.145982614740714	23.787205793946782	23.843903050540334	26.222908540772167	0.0
228.0	26.243781803262806	23.878730205763194	23.707783216424584	26.169704774549412	0.0
229.0	26.240362863476037	23.805223000347592	23.78442444997806	26.16998968619831	0.0
230.0	26.202754525821543	23.85080886417122	23.75878240157727	26.18765420842997	0.0
231.0	26.350128922888445	23.641751071983133	23.789620639058647	26.218499366069775	0.0
232.0	26.20710286764392	23.83463680784079	23.794464150889638	26.163796173625652	0.0
233.0	26.147841075829454	23.824664871718166	23.738336396142284	26.289157656310095	0.0
234.0	26.182315483567674	23.831217858313032	23.81298346083166	26.173483197287634	0.0
235.0	26.271208171289373	23.784207302306367	23.83862558228984	26.10595894411442	0.0
236.0	26.309746313222256	23.741253162537323	23.719314840562532	26.22968568367789	0.0
237.0	26.145921181592325	23.644097736648963	23.91647482506325	26.29350625669546	0.0
238.0	26.264730016183073	23.68085154878855	23.814760786816493	26.239657648211885	0.0
239.0	26.290087297426663	23.734985070544525	23.77458801540811	26.2003396166207	0.0
240.0	26.22437000649654	23.762238001344897	23.67419277630244	26.33919921585612	0.0
241.0	26.354543641182005	23.687060097455333	23.855469751802357	26.10292650956031	0.0
242.0	26.205200401258494	23.73466782180475	23.79137978204368	26.268751994893076	0.0
243.0	26.270563288758165	23.7186064274884	23.782163092673027	26.228667191080408	0.0
244.0	26.36740906266567	23.649692457659484	23.752016554271673	26.23088192540317	0.0
245.0	26.222232357409787	23.828079347116553	23.61600054730013	26.333687748173528	0.0
246.0	26.244430317318685	23.65622051239655	23.79391247580413	26.305436694480633	0.0
247.0	26.277299424074812	23.675942293436734	23.835604721446085	26.211153561042366	0.0
248.0	26.191148332862834	23.662996769235594	23.780193959924834	26.365660937976738	0.0
249.0	26.205976201271202	23.785041532289107	23.693793111314516	26.315189155125168	0.0
