# Position (bp)	A	C	G	T	N
0.0	26.34720707081951	23.803070107086405	23.631642807845584	26.2180800142485	0.0
1.0	26.335240554801075	23.877373822828773	23.65418438453147	26.133201237838684	0.0
2.0	26.315950587325133	23.88260732841507	23.661369006041618	26.140073078218183	0.0
3.0	26.167392054498706	23.80951055801062	23.766655164353217	26.256163941360466	2.782817769961152E-4
4.0	26.25197577862374	23.73550168080322	23.879371758053384	26.13315078251965	0.0
5.0	26.211114790501977	23.797094270631874	23.60592054185369	26.385870397012457	0.0
6.0	26.26940597338053	23.547073833832833	23.80586652419155	26.37765366859509	0.0
7.0	26.239895371001627	23.6995812057379	23.783896595383524	26.276626827876946	0.0
8.0	26.167327085327575	23.642617038801454	23.67266979808998	26.51738607778099	0.0
9.0	26.144642012410607	23.80387901049058	23.82947936666945	26.221999610429364	0.0
10.0	26.306372487638193	23.761106148764654	23.7310538076038	26.201467555993357	0.0
11.0	26.232076421990524	23.665662139337122	23.837628313757573	26.26463312491478	0.0
12.0	26.216215464155628	23.737175580803232	23.7449669285116	26.301642026529535	0.0
13.0	26.296355040584572	23.628931500140524	23.824828242522393	26.24988521675251	0.0
14.0	26.244598230807547	23.689036182462235	23.79115848992551	26.275207096804714	0.0
15.0	26.210371953374352	23.792828064434445	23.74441040367529	26.252389578515917	0.0
16.0	26.303868125874786	23.772236645490896	23.590531286434985	26.333363942199327	0.0
17.0	26.34616401343451	23.69849710467954	23.702949303370037	26.252389578515917	0.0
18.0	26.399312135302317	23.675679586390743	23.648966394247758	26.276041884059183	0.0
19.0	26.181710924304273	23.754149588310753	23.711853700751032	26.352285786633946	0.0
20.0	26.274299198049945	23.716796429346587	23.642222308792512	26.36668206381096	0.0
21.0	26.23888695652174	23.775165217391304	23.799652173913046	26.186295652173914	0.0
22.0	26.25168695652174	23.74761739130435	23.71033043478261	26.290365217391304	0.0
23.0	26.15791304347826	23.874504347826086	23.6864	26.28118260869565	0.0
24.0	26.392765217391307	23.63353043478261	23.726747826086957	26.24695652173913	0.0
25.0	26.356034782608695	23.800765217391305	23.631860869565216	26.211339130434787	0.0
26.0	26.328208695652172	23.879513043478262	23.669704347826087	26.122573913043478	0.0
27.0	26.300660869565217	23.88424347826087	23.6672	26.147895652173915	0.0
28.0	26.15513043478261	23.80271304347826	23.769321739130433	26.272834782608694	0.0
29.0	26.237495652173916	23.732034782608697	23.885078260869566	26.145391304347825	0.0
30.0	26.216626086956524	23.79464347826087	23.607652173913042	26.381078260869568	0.0
31.0	26.26866086956522	23.546434782608696	23.808	26.376904347826084	0.0
32.0	26.222191304347824	23.706991304347827	23.785182608695653	26.285634782608696	0.0
33.0	26.163756521739128	23.640486956521737	23.671373913043478	26.524382608695653	0.0
34.0	26.147617391304344	23.79993043478261	23.82775652173913	26.224695652173914	0.0
35.0	26.30177391304348	23.759304347826088	23.73593043478261	26.20299130434783	0.0
36.0	26.237217391304345	23.66191304347826	23.836382608695654	26.264486956521736	0.0
37.0	26.20633043478261	23.740939130434782	23.744278260869564	26.308452173913043	0.0
38.0	26.31067826086956	23.623234782608694	23.8144	26.25168695652174	0.0
39.0	26.257530434782613	23.68	23.783234782608695	26.279234782608697	0.0
40.0	26.204939130434784	23.797704347826087	23.746226086956522	26.25113043478261	0.0
41.0	26.30650434782609	23.766539130434783	23.600973913043475	26.325982608695654	0.0
42.0	26.354921739130432	23.6992	23.708104347826087	26.237773913043476	0.0
43.0	26.397773913043476	23.680834782608695	23.64104347826087	26.28034782608696	0.0
44.0	26.181008695652174	23.749008695652172	23.721460869565217	26.348521739130437	0.0
45.0	26.281387738747163	23.710820978585105	23.65016027781488	26.357631004852855	0.0
46.0	26.2348453017305	23.778650275337597	23.79812842780701	26.188375995124897	0.0
47.0	26.261836455866682	23.747485231386538	23.70435503663284	26.286323276113944	0.0
48.0	26.16667176808755	23.87576277836367	23.689885551941277	26.267679901607504	0.0
49.0	26.400409597720497	23.62755546403916	23.71854626200341	26.25348867623693	0.0
50.0	26.359783736855725	23.801467539658912	23.633120650458988	26.205628073026375	0.0
51.0	26.333070842040527	23.881327964783498	23.674303029965746	26.111298163210222	0.0
52.0	26.30719272518831	23.87548451904268	23.673746511323763	26.14357624444525	0.0
53.0	26.162497878272678	23.805919688794773	23.77085901434983	26.260723418582714	0.0
54.0	26.256271269446845	23.72021581792936	23.883832298672424	26.139680613951366	0.0
55.0	26.2148106306191	23.797293649844036	23.610025126816687	26.377870592720182	0.0
56.0	26.276584199879238	23.552703706692416	23.797015390523043	26.37369670290531	0.0
57.0	26.22844533734769	23.697955072250032	23.795345834597097	26.278253755805185	0.0
58.0	26.163332656235657	23.64230320805171	23.679589957064586	26.514774178648047	0.0
59.0	26.141628429198306	23.80814576336271	23.837362992066826	26.212862815372155	0.0
60.0	26.29828842691658	23.75277215848538	23.747206972065545	26.201732442532492	0.0
61.0	26.227054040742733	23.66289439780509	23.84515425305459	26.26489730839759	0.0
62.0	26.198671590001588	23.7488765279915	23.745815675460587	26.30663620654633	0.0
63.0	26.309697059077237	23.632285872496013	23.824841322622202	26.233175745804544	0.0
64.0	26.259332121977756	23.68014647570657	23.78978064817726	26.270740754138412	0.0
65.0	26.206741110310343	23.79311976002916	23.756946048300254	26.243193081360243	0.0
66.0	26.31164487432418	23.765850346571984	23.597503457372063	26.325001321731772	0.0
67.0	26.357835921608785	23.696563775645075	23.701572443422926	26.244027859323214	0.0
68.0	26.402635672288433	23.678476919780618	23.644807541940636	26.274079865990313	0.0
69.0	26.18002821549515	23.749989565275463	23.722441892497294	26.347540326732094	0.0
70.0	26.265658999716173	23.714584643467322	23.651141694817156	26.368614661999345	0.0
71.0	26.226629825337593	23.785474387763337	23.797717729750488	26.190178057148582	0.0
72.0	26.260577273574693	23.750970423981368	23.711179562523128	26.27727273992081	0.0
73.0	26.170143497533243	23.876742937122092	23.683632043052043	26.26948152229262	0.0
74.0	26.3980366131577	23.62770223079256	23.724257677827588	26.250003478222155	0.0
75.0	26.36186310274112	23.79855250306779	23.64244989273163	26.197134501459463	0.0
76.0	26.334593841042462	23.88509067029515	23.67389302101681	26.10642246764558	0.0
77.0	26.30927238375086	23.872012554990693	23.671945216609764	26.146769844648688	0.0
78.0	26.172369559712727	23.816917516048516	23.76321376596852	26.247499158270237	0.0
79.0	26.249446962677286	23.724535935600024	23.891490599061157	26.134526502661537	0.0
80.0	26.214942998895317	23.795213409798567	23.616293662122718	26.373549929183397	0.0
81.0	26.269759780065055	23.557581272138883	23.800778565247274	26.371880382548785	0.0
82.0	26.225516794247856	23.696988416128935	23.800778565247274	26.27671622437594	0.0
83.0	26.15456106227687	23.651354141449556	23.679458176465516	26.514626619808055	0.0
84.0	26.145378555786507	23.809682813965203	23.839178137843337	26.205760492404956	0.0
85.0	26.29647252621884	23.758205126064684	23.74624004184997	26.19908230586651	0.0
86.0	26.241655745049098	23.66498877229888	23.83444775571194	26.258907726940084	0.0
87.0	26.194630181507545	23.743179206353183	23.757648610519812	26.304542001619456	0.0
88.0	26.31233321924765	23.62965003519961	23.827491311401054	26.23052543415169	0.0
89.0	26.255012118125993	23.68307552750717	23.789091738804995	26.27282061556184	0.0
90.0	26.20464746131521	23.80216985410945	23.750135650664063	26.243047033911278	0.0
91.0	26.314281023654694	23.76822240587235	23.595146071417638	26.322350499055315	0.0
92.0	26.342663316443087	23.693927580632145	23.714240398019918	26.24916870490485	0.0
93.0	26.39720183984039	23.687527651866137	23.65051936813225	26.264751140161223	0.0
94.0	26.179326004023608	23.74930087734676	23.71757949128914	26.353793627340494	0.0
95.0	26.276643107574156	23.709722299515835	23.655740441872116	26.357894151037897	0.0
96.0	26.232048995355907	23.7856202748615	23.805376466758123	26.176954263024477	0.0
97.0	26.26989184180577	23.73720369190358	23.7074302759467	26.285474190343955	0.0
98.0	26.168050063859805	23.876610060075517	23.6929609523041	26.262378923760576	0.0
99.0	26.401507035708622	23.622283871434494	23.73219507987345	26.244014012983435	0.0
100.0	26.359768602124205	23.796194011369547	23.647048675361244	26.196988711144996	0.0
101.0	26.336116823093043	23.888853333926946	23.669030917049035	26.105998925930972	0.0
102.0	26.30717817580785	23.878001341195	23.66958742949683	26.145233053500323	0.0
103.0	26.175562981905	23.809550310116563	23.767255364084356	26.247631343894085	0.0
104.0	26.244848781655122	23.726908211619424	23.899148814211102	26.12909419251435	0.0
105.0	26.215353621922137	23.794246217802275	23.61115362247865	26.379246537796934	0.0
106.0	26.271004866701357	23.557728427490602	23.80120262339968	26.370064082408362	0.0
107.0	26.22787515199746	23.692682696080205	23.80092436717578	26.27851778474655	0.0
108.0	26.160258889590715	23.643431344450597	23.69212618363241	26.50418358232628	0.0
109.0	26.149406896858768	23.79758529248903	23.839323726073445	26.213684084578766	0.0
110.0	26.298552232867067	23.75278604044176	23.751673015546178	26.196988711144996	0.0
111.0	26.23594458249045	23.670700454392414	23.839880238521236	26.253474724595904	0.0
112.0	26.205614654085775	23.733864617216827	23.755012090232928	26.30550863846447	0.0
113.0	26.30968248182291	23.62951853325579	23.83041952690877	26.230379458012525	0.0
114.0	26.249022625013563	23.679326397333192	23.78840283710046	26.283248140552786	0.0
115.0	26.205614654085775	23.800646110951888	23.756125115128512	26.237614119833825	0.0
116.0	26.32136924322655	23.761411983382537	23.588893124566965	26.328325648823952	0.0
117.0	26.342238460018752	23.69017839006514	23.726073442947733	26.24150970696837	0.0
118.0	26.405402622843166	23.673483016631376	23.64621390668956	26.274900453835905	0.0
119.0	26.16777180763591	23.75779465247189	23.72217785581319	26.35225568407901	0.0
120.0	26.278312649563134	23.70888752852134	23.654349156881295	26.358450665034226	0.0
121.0	26.238316651779876	23.78185703672168	23.7946568942537	26.185169417244747	0.0
122.0	26.267533717885577	23.74039662862883	23.708675242571214	26.283394410914383	0.0
123.0	26.167639177581325	23.879803772618878	23.69086674513536	26.261690304664437	0.0
124.0	26.39970615979231	23.618241466529764	23.73093586436603	26.251116509311895	0.0
125.0	26.34850672966423	23.80161333856458	23.659423616850177	26.19045631492102	0.0
126.0	26.33320255218029	23.884534154750277	23.685301589686652	26.09696170338278	0.0
127.0	26.305933290481637	23.88147331925349	23.67389302101681	26.138700369248063	0.0
128.0	26.178769488478736	23.81274364946199	23.772674530231317	26.235812331827958	0.0
129.0	26.254733860353554	23.71757949128914	23.901786136641263	26.125900511716043	0.0
130.0	26.224125505385683	23.784361356673596	23.62130230202655	26.370210835914175	0.0
131.0	26.273377131106713	23.55090308560044	23.806343720695978	26.369376062596867	0.0
132.0	26.232473238558736	23.695040611721886	23.800778565247274	26.271707584472104	0.0
133.0	26.172647817485164	23.64634550154572	23.684466816369348	26.496539864599768	0.0
134.0	26.14871764905573	23.787978707715254	23.848082386561263	26.215221256667753	0.0
135.0	26.29591601067397	23.753474743933285	23.760431188244166	26.190178057148582	0.0
136.0	26.233029754103605	23.66971915443028	23.84140420002282	26.255846891443298	0.0
137.0	26.209099585674178	23.726205482234633	23.762657250423647	26.302037681667546	0.0
138.0	26.311220188157908	23.621580559798986	23.831665177987585	26.235534074055522	0.0
139.0	26.256403406988166	23.672223474382196	23.79215257430178	26.279220544327853	0.0
140.0	26.202421399135734	23.79910901861266	23.762657250423647	26.235812331827958	0.0
141.0	26.32596785009697	23.76237899265121	23.598206906914427	26.313446250337385	0.0
142.0	26.346280667484745	23.69253629176997	23.712014335840436	26.24916870490485	0.0
143.0	26.402766995289095	23.67027566997515	23.653580203629037	26.273377131106713	0.0
144.0	26.176821684071687	23.74957913511919	23.731214122138468	26.342385058670654	0.0
145.0	26.289589234733345	23.695663062290958	23.661993778138896	26.352753924836804	0.0
146.0	26.24625393389115	23.770302495707853	23.79785016848602	26.185593401914982	0.0
147.0	26.26990597617544	23.736633117867868	23.712424556941595	26.281036349015103	0.0
148.0	26.177523881606223	23.872423666511768	23.698789850213007	26.251262601669	0.0
149.0	26.407087821424298	23.610303386137677	23.729676634843074	26.252932157594948	0.0
150.0	26.34308817759623	23.806197948115766	23.658442248669225	26.19227162561878	0.0
151.0	26.330288248830612	23.87548451904268	23.684876884163426	26.10935034796328	0.0
152.0	26.299401464200546	23.876041037684658	23.680702994348554	26.14385450376624	0.0
153.0	26.183367327347046	23.818997876881383	23.768076421139916	26.229558374631658	0.0
154.0	26.253766935557927	23.71492889083052	23.899136561326966	26.13216761228459	0.0
155.0	26.224271447532814	23.785050239720405	23.611694682742634	26.378983630004143	0.0
156.0	26.270740754138412	23.552147188050434	23.810928356572624	26.366183701238533	0.0
157.0	26.239575710187353	23.688772514657312	23.798406687128	26.273245088027338	0.0
158.0	26.155541395247887	23.655381396138317	23.693502923114167	26.49557428549963	0.0
159.0	26.146358837655164	23.794511056634118	23.847380327622524	26.21174977808819	0.0
160.0	26.291053684570798	23.751659121201413	23.760563419473144	26.196723774754645	0.0
161.0	26.237071376298427	23.66623350965699	23.84348469712864	26.25321041691594	0.0
162.0	26.20256722049547	23.732180968732	23.771137273670824	26.29411453710171	0.0
163.0	26.31860135734897	23.61225120138462	23.82957173107906	26.239575710187353	0.0
164.0	26.261001677903707	23.673189992681777	23.79951972441197	26.266288605002547	0.0
165.0	26.211471518767198	23.78978064817726	23.7686329397819	26.230114893273637	0.0
166.0	26.339192547102346	23.746928712744555	23.599451272619003	26.314427467534095	0.0
167.0	26.3439229555592	23.682929068916486	23.723833189102255	26.249314786422058	0.0
168.0	26.407644340066284	23.665955250335998	23.660946582558147	26.26545382703957	0.0
169.0	26.17334999179135	23.75778082626323	23.727450560275145	26.341418621670282	0.0
170.0	26.29641378389208	23.688560170963	23.66129068162593	26.353735363518986	0.0
171.0	26.246399999999998	23.764869565217392	23.805495652173914	26.183234782608693	0.0
172.0	26.267547826086957	23.742052173913045	23.705878260869564	26.284521739130433	0.0
173.0	26.180173913043483	23.879234782608698	23.695582608695652	26.24500869565217	0.0
174.0	26.415026086956523	23.60626086956522	23.736765217391305	26.24194782608696	0.0
175.0	26.352695652173914	23.79269565217391	23.662191304347825	26.192417391304346	0.0
176.0	26.33349565217391	23.873391304347827	23.681947826086958	26.111165217391303	0.0
177.0	26.30706086956522	23.8784	23.67638260869565	26.13815652173913	0.0
178.0	26.19130434782609	23.810226086956522	23.767652173913042	26.230817391304345	0.0
179.0	26.258086956521737	23.71366956521739	23.899547826086955	26.12869565217391	0.0
180.0	26.21746086956522	23.78768695652174	23.62017391304348	26.374678260869565	0.0
181.0	26.272000000000002	23.54671304347826	23.80966956521739	26.371617391304348	0.0
182.0	26.22942608695652	23.689182608695653	23.80104347826087	26.28034782608696	0.0
183.0	26.159026086956523	23.64744347826087	23.688347826086957	26.505182608695655	0.0
184.0	26.14344347826087	23.785739130434784	23.852521739130434	26.21829565217391	0.0
185.0	26.30177391304348	23.757078260869566	23.753182608695653	26.18796521739131	0.0
186.0	26.251965217391305	23.659130434782607	23.84333913043478	26.245565217391302	0.0
187.0	26.202156521739127	23.722295652173912	23.77544347826087	26.300104347826085	0.0
188.0	26.321252173913045	23.622678260869563	23.825252173913043	26.230817391304345	0.0
189.0	26.264765217391307	23.674156521739132	23.79464347826087	26.266434782608695	0.0
190.0	26.23248695652174	23.783513043478262	23.754017391304348	26.22998260869565	0.0
191.0	26.335443478260867	23.753460869565217	23.595965217391303	26.315130434782606	0.0
192.0	26.344069565217392	23.675547826086955	23.723130434782608	26.25725217391304	0.0
193.0	26.40222608695652	23.672208695652174	23.65690434782609	26.26866086956522	0.0
194.0	26.170713043478262	23.757634782608697	23.726747826086957	26.344904347826088	0.0
195.0	26.294055774763898	23.689248526604594	23.661422362218747	26.35527333641276	0.0
196.0	26.25405915302485	23.768062709218558	23.7975585255431	26.18031961221349	0.0
197.0	26.258511351715345	23.741349517075573	23.717975473950464	26.282163657258618	0.0
198.0	26.186441385412927	23.87324590328155	23.694044905989042	26.24626780531648	0.0
199.0	26.425190540190833	23.604722669760942	23.72604508407699	26.244041705971235	0.0
200.0	26.35729451016075	23.788654128162104	23.658983841301378	26.195067520375765	0.0
201.0	26.333642204617487	23.878254626808356	23.686253558280672	26.10184961029348	0.0
202.0	26.318616034037056	23.86823717975474	23.665383876918966	26.147762909289234	0.0
203.0	26.191450108939733	23.8114716464509	23.763332248109904	26.233745996499458	0.0
204.0	26.254893940279324	23.71324501284181	23.89801125849744	26.13384978838143	0.0
205.0	26.221224187682434	23.784480191889763	23.614740116814563	26.37955550361324	0.0
206.0	26.2746505719684	23.537383164567178	23.815645582723242	26.37232068074118	0.0
207.0	26.2423721314623	23.688757920044075	23.793662851688914	26.275207096804714	0.0
208.0	26.159449930851792	23.639783734448606	23.693766643570886	26.506999691128712	0.0
209.0	26.1416411360898	23.778080156272175	23.857384945446654	26.222893762191372	0.0
210.0	26.301085501693226	23.751088701711033	23.763332248109904	26.184493548485836	0.0
211.0	26.258511351715345	23.655644692283506	23.839576150684668	26.24626780531648	0.0
212.0	26.204528442593073	23.724375509568052	23.762497460855432	26.30859858698344	0.0
213.0	26.324181282400183	23.61140096779669	23.832341327812607	26.232076421990524	0.0
214.0	26.264076600078468	23.668444763518686	23.802010724233597	26.26546791216925	0.0
215.0	26.239589507280737	23.77974973078111	23.751923488965502	26.22873727297265	0.0
216.0	26.337816140889824	23.746079978184227	23.596096534798107	26.320007346127838	0.0
217.0	26.355903198069974	23.66371430241003	23.72465377198621	26.25572872753379	0.0
218.0	26.403764333992815	23.672062174954714	23.661766465482938	26.262407025569534	0.0
219.0	26.17920656254087	23.74858433994763	23.72521029682252	26.346998800688976	0.0
220.0	26.298376056008816	23.693554311409905	23.661832307469695	26.34623732511158	0.0
221.0	26.258935751632713	23.761238385957686	23.799082285437613	26.180743576971988	0.0
222.0	26.27479679773827	23.73591636498215	23.722003166643944	26.26728367063564	0.0
223.0	26.201613374479297	23.868370013161886	23.69055933839959	26.23945727395922	0.0
224.0	26.42700718755826	23.600958341101535	23.72255969457747	26.24947477676273	0.0
225.0	26.356884667933695	23.78489082313264	23.663289469656707	26.194935039276956	0.0
226.0	26.352988972399	23.86725695729483	23.6827679473302	26.09698612297598	0.0
227.0	26.31152764135114	23.880335363732744	23.66495905345729	26.143177941458827	0.0
228.0	26.199943790678716	23.81716944327728	23.755673106622403	26.2272136594216	0.0
229.0	26.262274919233885	23.71337698367425	23.890631130503017	26.133716966588842	0.0
230.0	26.227770187355127	23.778490751897063	23.615149803406506	26.3785892573413	0.0
231.0	26.27257068600416	23.542244644114298	23.814665067576403	26.370519602305137	0.0
232.0	26.252257416430375	23.68694190683166	23.797969229570555	26.26283144716741	0.0
233.0	26.175456561603465	23.63017605761177	23.696124617734878	26.498242763049884	0.0
234.0	26.138725717990603	23.78489082313264	23.85946556622543	26.216917892651324	0.0
235.0	26.297336179046166	23.755673106622403	23.761238385957686	26.18575232837374	0.0
236.0	26.2458573451948	23.664124261557	23.854735078790444	26.235283314457764	0.0
237.0	26.197439414977836	23.725620598211876	23.77487332032913	26.302066666481156	0.0
238.0	26.316536392752894	23.612923691672393	23.832195697482547	26.23834421809217	0.0
239.0	26.25865748766595	23.67247218055992	23.81438680360964	26.254483528164485	0.0
240.0	26.239046773650482	23.77751002451519	23.762761952199547	26.220681249634776	0.0
241.0	26.332060728835067	23.74251463680684	23.596146568420114	26.329278065937977	0.0
242.0	26.35606496979411	23.665778994732403	23.712249594425757	26.265906441047733	0.0
243.0	26.40783831390544	23.665764143776627	23.664094522808412	26.26230301950952	0.0
244.0	26.189893143365982	23.74053873552983	23.72690338379341	26.342664737310773	0.0
245.0	26.292750800055657	23.691108946709335	23.656045637957423	26.360094615277585	0.0
246.0	26.24211762479616	23.755934391923105	23.80602539057065	26.19564430938427	2.782833258196835E-4
247.0	26.266927148558167	23.736968948109556	23.718323342628306	26.277780560703967	0.0
248.0	26.208572088531678	23.858914810660984	23.68998884031069	26.242524260496648	0.0
249.0	26.42953950279549	23.598429294601882	23.729785238597497	26.242245964005136	0.0
