# Position (bp)	A	C	G	T	N
0.0	26.248774342055643	23.739073835590034	23.76924387729732	26.242907945057002	0.0
1.0	26.24123183162882	23.858636593467068	23.738794483352002	26.161337091552113	0.0
2.0	26.181843575418995	23.716480446927374	23.74162011173184	26.36005586592179	0.0
3.0	26.28468323529576	23.732913252110183	23.75469937937468	26.227704133219376	0.0
4.0	26.221285034004104	23.78471979779078	23.732771020402463	26.261224147802654	0.0
5.0	26.259771379736975	23.735899748925462	23.661610731132406	26.34271814020516	0.0
6.0	26.243151010103833	23.702671455141562	23.71775179986707	26.33642573488754	0.0
7.0	26.355002387607897	23.699870706145507	23.67948528200302	26.265641624243575	0.0
8.0	26.277665771234858	23.670116219974645	23.670674701352084	26.381543307438417	0.0
9.0	26.241309021863568	23.80699745902326	23.87149917627677	26.0801943428364	0.0
10.0	26.35098535234234	23.803141735493348	23.738363684084142	26.10750922808017	0.0
11.0	26.29960965639711	23.630027977417033	23.734175448001654	26.336186918184207	0.0
12.0	26.126495898320794	23.805096245665176	23.7294287804415	26.33897907557253	0.0
13.0	26.204323922858492	23.84328222768863	23.722940580264527	26.22945326918835	0.0
14.0	26.201252558307065	23.73829740302166	23.81368544201124	26.246764596660032	0.0
15.0	26.255699475355094	23.761472244636977	23.71903157083544	26.263796709172492	0.0
16.0	26.14429270662605	23.78436787129307	23.772920057965024	26.298419364115848	0.0
17.0	26.15127308060657	23.79525725470268	23.77962121698632	26.273848447704435	0.0
18.0	26.304841308177927	23.733271533755694	23.7874392358445	26.174447922221884	0.0
19.0	26.164954613608376	23.800841553887093	23.783809441374633	26.2503943911299	0.0
20.0	26.218005455860304	23.787718450803723	23.837977143463437	26.156298949872536	0.0
21.0	26.219328322369524	23.8136189508248	23.796307671688798	26.17074505511688	0.0
22.0	26.321241497928234	23.886773065883375	23.655583725163897	26.136401711024494	0.0
23.0	26.334922992729265	23.67987535879022	23.694115281950477	26.29108636653004	0.0
24.0	26.22379574924333	23.723432770809833	23.673174218479513	26.379597261467325	0.0
25.0	26.245016026893907	23.744932262640024	23.77145760970325	26.238594100762814	0.0
26.0	26.247249740330815	23.857455577024023	23.73962719322738	26.155667489417784	0.0
27.0	26.18247205066062	23.71533555960106	23.74241933502351	26.359773054714807	0.0
28.0	26.278242514267845	23.74549069099925	23.748562046974993	26.22770474775791	0.0
29.0	26.216815394753006	23.77871717837319	23.73851033650893	26.26595709036488	0.0
30.0	26.2469705261512	23.750516546232284	23.676245574455255	26.326267353161263	0.0
31.0	26.24641209779198	23.7097512760088	23.72036141483409	26.323475211365132	0.0
32.0	26.344137060656486	23.71170577526609	23.690206283435895	26.253950880641526	0.0
33.0	26.27991779934552	23.660888794576543	23.676245574455255	26.382947831622683	0.0
34.0	26.238873314942424	23.81166445156751	23.878955068854214	26.07050716463585	0.0
35.0	26.36144833979249	23.80021667020338	23.729296268581702	26.10903872142243	0.0
36.0	26.294436936685393	23.625707807945318	23.744094620101187	26.3357606352681	0.0
37.0	26.118252789349654	23.801612741101444	23.735159766353576	26.34497470319533	0.0
38.0	26.207807365091067	23.843428293810675	23.716386196806358	26.2323781442919	0.0
39.0	26.20641129809102	23.743190683207267	23.81857830120983	26.231819717491884	0.0
40.0	26.26504611209301	23.756592926407723	23.71554855660633	26.262812404892937	0.0
41.0	26.146380417088977	23.77976763860851	23.766644608808065	26.307207335494443	0.0
42.0	26.150010191289102	23.779488425208502	23.789540107608843	26.280961275893556	0.0
43.0	26.30944104269452	23.729230013206795	23.7912153880089	26.170113556089785	0.0
44.0	26.162854007689536	23.79205302820893	23.786747973608747	26.258344990492784	0.0
45.0	26.225118595891654	23.7912153880089	23.83644795881044	26.147218057289006	0.0
46.0	26.216389780818094	23.820187072455674	23.792545023035043	26.170878123691192	0.0
47.0	26.304062543626973	23.89417841686444	23.663548792405418	26.138210247103167	0.0
48.0	26.333659081390483	23.669691470054445	23.701521708781236	26.29512773977384	0.0
49.0	26.21722741867932	23.725533994136537	23.67890548652799	26.37833310065615	0.0
50.0	26.243194192377494	23.744520452324444	23.774396202708363	26.2378891525897	0.0
51.0	26.249895295267343	23.859276839313136	23.739494625157057	26.15133324026246	0.0
52.0	26.197682535250593	23.706268323328214	23.748150216389778	26.34789892503141	0.0
53.0	26.285634510679884	23.738936199916235	23.74842942901019	26.22699986039369	0.0
54.0	26.211643166271116	23.776629903671644	23.74228675136116	26.26944017869608	0.0
55.0	26.249616082646938	23.74228675136116	23.676392572944298	26.331704593047604	0.0
56.0	26.253245846712268	23.714086276699707	23.717995253385453	26.31467262320257	0.0
57.0	26.355996091023314	23.70989808739355	23.683652101074966	26.250453720508165	0.0
58.0	26.28591372330029	23.64763367304202	23.67834706128717	26.388105542370514	0.0
59.0	26.242077341895854	23.809297780259666	23.884405975150077	26.064218902694403	0.0
60.0	26.358509004607004	23.79785006282284	23.738377774675413	26.105263157894736	0.0
61.0	26.287588999022756	23.629205640094934	23.74675415328773	26.336451207594585	0.0
62.0	26.122295127739775	23.795337149239145	23.745637302806085	26.336730420214995	0.0
63.0	26.20068071846791	23.839106968848334	23.729655927248565	26.230556385435193	0.0
64.0	26.211290768418905	23.743895731130166	23.82179583471776	26.223017665733167	0.0
65.0	26.27550949180653	23.763440559987266	23.700059472122092	26.26099047608411	0.0
66.0	26.154889976574125	23.769583220485213	23.769583220485213	26.305943582455445	0.0
67.0	26.154889976574125	23.782147753321922	23.7799140585954	26.283048211508554	0.0
68.0	26.317670479769706	23.72463011411388	23.78633593093416	26.171363475182257	0.0
69.0	26.1579613068231	23.79219937959129	23.797225192725975	26.252614120859636	0.0
70.0	26.222180030210723	23.792478591432108	23.83547721491773	26.149864163439446	0.0
71.0	26.21177600571824	23.8183787888941	23.80441823583283	26.16542696955483	0.0
72.0	26.300844334249145	23.891532086935154	23.670955348567087	26.13666823024861	0.0
73.0	26.349985481024817	23.670676137505865	23.692175389220218	26.2871629922491	0.0
74.0	26.217639438003975	23.722609394893787	23.667325604771158	26.392425562331077	0.0
75.0	26.250027921106124	23.732660993097905	23.780964506689898	26.23634657910608	0.0
76.0	26.248631865799993	23.86026044807791	23.737407581138733	26.153700104983358	0.0
77.0	26.196140186289618	23.7139538519958	23.74494627979182	26.34495968192276	0.0
78.0	26.2849293037593	23.74131653599589	23.746621546159172	26.22713261408564	0.0
79.0	26.216522593759073	23.780126873506223	23.743550224485695	26.25980030824901	0.0
80.0	26.24667738837142	23.747179968281625	23.674864303424243	26.331278339922715	0.0
81.0	26.250027921106124	23.706973575465167	23.725401505506042	26.31759699792267	0.0
82.0	26.3586410239228	23.71199937456722	23.683799057383457	26.245560544126516	0.0
83.0	26.286325359065426	23.650852152158862	23.686311956934485	26.37651053184123	0.0
84.0	26.23690500122853	23.809723245996114	23.88148048873104	26.071891264044318	0.0
85.0	26.357803390739125	23.79715874824097	23.74243338024079	26.102604480779114	0.0
86.0	26.28353324845317	23.63074895575063	23.7469007572204	26.3388170385758	0.0
87.0	26.125220576738368	23.80274296946548	23.746621546159172	26.32541490763698	0.0
88.0	26.193274941156435	23.836181743556526	23.74432156089716	26.226221754389883	0.0
89.0	26.21337808143447	23.7446007711788	23.81914991637652	26.22287123101021	0.0
90.0	26.27564197424006	23.759957336668965	23.713329219635185	26.251071469455788	0.0
91.0	26.153906291445278	23.76665838342831	23.777826794693887	26.301608530432524	0.0
92.0	26.163399441021017	23.784807051734873	23.773080219906017	26.27871328733809	0.0
93.0	26.306075894938758	23.720309476676167	23.798488355535206	26.17512627284987	0.0
94.0	26.1625618101761	23.788436785396186	23.79569625271881	26.253305151708904	0.0
95.0	26.21952070763054	23.792624939620776	23.841765949189313	26.14608840355937	0.0
96.0	26.21553856720852	23.810427916482855	23.80791503096433	26.166118485344292	0.0
97.0	26.306002445875237	23.884697644030222	23.667193441927214	26.142106468167327	0.0
98.0	26.345091776163326	23.677803403005413	23.69343913512065	26.283665685710616	0.0
99.0	26.20967516766531	23.730015579890214	23.67249842246631	26.387810829978164	0.0
100.0	26.251556592973973	23.736437398437545	23.777481195240036	26.234524813348447	0.0
101.0	26.250998173969858	23.85621827482033	23.73783344594783	26.15495010526198	0.0
102.0	26.19152655003155	23.71577589528527	23.736716607939602	26.35598094674358	0.0
103.0	26.28897066624971	23.738671074454007	23.749281035532203	26.22307722376408	0.0
104.0	26.225310899780542	23.767429653165955	23.750397873540432	26.256861573513067	0.0
105.0	26.250160545463686	23.742300797980757	23.677524193503352	26.33001446305221	0.0
106.0	26.254627897496608	23.71326300976675	23.72331455184083	26.308794540895814	0.0
107.0	26.361006717780622	23.704049096198844	23.692322297112415	26.242621888908126	0.0
108.0	26.290366713760005	23.646811148276996	23.690088621095953	26.372733516867047	0.0
109.0	26.23201192782993	23.810148706980797	23.886652110544627	26.071187254644652	0.0
110.0	26.352630432718886	23.7922792988491	23.73950870296018	26.115581565471835	0.0
111.0	26.29232118027441	23.628662530643243	23.747884988021912	26.331131301060438	0.0
112.0	26.12479547903974	23.796467441379964	23.755982063581587	26.322755015998705	0.0
113.0	26.18921975122503	23.83856151666178	23.744188968463376	26.22802976364982	0.0
114.0	26.204576230961457	23.74111767251609	23.826276332872638	26.22802976364982	0.0
115.0	26.272982367969178	23.751727603970348	23.71654730493781	26.25874272312267	0.0
116.0	26.14622160796303	23.765408831371893	23.78188214599824	26.306487414666833	0.0
117.0	26.150968156245202	23.782719772165684	23.778531641328478	26.287780430260643	0.0
118.0	26.30369532744203	23.715151261325403	23.796959417012186	26.18419399422038	0.0
119.0	26.169395931928914	23.78830394661529	23.794446538509863	26.24785358294593	0.0
120.0	26.228588181094775	23.79221286873002	23.83409417710209	26.145104773073115	0.0
121.0	26.218051452727035	23.80177242191906	23.811544754491084	26.168631370862812	0.0
122.0	26.305444026871122	23.87995108249524	23.668589489437505	26.14601540119613	0.0
123.0	26.345370985665383	23.667193441927214	23.712425381260573	26.275010191146826	0.0
124.0	26.208279120155016	23.718009571301728	23.682549964540392	26.39116134400286	0.0
125.0	26.252115011978088	23.73057399889433	23.783344594783248	26.233966394344332	0.0
126.0	26.253790268990436	23.854263808305927	23.739229493458122	26.15271642924552	0.0
127.0	26.198506787582993	23.70544514370913	23.743696845491048	26.35235122321683	0.0
128.0	26.29546590423646	23.735945252447976	23.75297707962798	26.215611763687583	0.0
129.0	26.21840386650398	23.765541542301754	23.762749439485358	26.253305151708904	0.0
130.0	26.254142782553824	23.742646299207323	23.679265565275177	26.32394535296368	0.0
131.0	26.26586961438268	23.70188159808797	23.721984738366007	26.310264049163344	0.0
132.0	26.358567427886964	23.704394490622725	23.69629739245518	26.240740689035135	0.0
133.0	26.29406985282826	23.651902957674515	23.676194252177144	26.377832937320083	0.0
134.0	26.226221754389883	23.809935977082418	23.892023799884406	26.071818468643286	0.0
135.0	26.356612955915487	23.779502056383723	23.752418659064702	26.111466328636084	0.0
136.0	26.283739072407602	23.628170083735164	23.751581028219785	26.33650981563745	0.0
137.0	26.123193160464943	23.788157575114546	23.767496014273227	26.321153250147283	0.0
138.0	26.19195202037124	23.825917487547187	23.754160244812258	26.227970247269315	0.0
139.0	26.206264955284226	23.729097503566933	23.83352273203202	26.231114809116825	0.0
140.0	26.274951068124896	23.736077799587324	23.724071690432247	26.264899441855533	0.0
141.0	26.146307413095073	23.76043557168784	23.793382660896274	26.299874354320817	0.0
142.0	26.156079854809438	23.78025966773698	23.78444785704314	26.27921262041044	0.0
143.0	26.314114197961747	23.7031969845037	23.805668016194332	26.177020801340223	0.0
144.0	26.170319698450367	23.79198659779422	23.796453999720786	26.241239704034626	0.0
145.0	26.239285215691748	23.777467541532875	23.84308250732933	26.140164735446042	0.0
146.0	26.22093039489151	23.80350077760932	23.81271481980963	26.162854007689536	0.0
147.0	26.30441520149435	23.86967435341157	23.678413174405065	26.147497270689012	0.0
148.0	26.34238822389564	23.67143283940483	23.712477209206224	26.273701727493304	0.0
149.0	26.22093039489151	23.719736757606473	23.67422497340492	26.38510787409709	0.0
150.0	26.251437953025007	23.724270413348673	23.7876520321208	26.236639601505523	0.0
151.0	26.25311323810268	23.844890938941443	23.74939968951383	26.152596133442042	0.0
152.0	26.20173782905391	23.69997877972235	23.74632833353809	26.35195505768565	0.0
153.0	26.29283506493144	23.733829963674133	23.75756323520789	26.21577173618654	0.0
154.0	26.218284670819525	23.76258910447386	23.763147534392303	26.255978690314315	0.0
155.0	26.25206968088522	23.738576617980886	23.69473986938324	26.31461383175065	0.0
156.0	26.25821240998808	23.699486523689995	23.7279664495305	26.31433461679143	0.0
157.0	26.355100000837645	23.698928093771553	23.703674748078303	26.2422971573125	0.0
158.0	26.288088410624688	23.653416055418585	23.680220691503767	26.37827484245296	0.0
159.0	26.2261026896777	23.811730937296698	23.88516447157173	26.077001901453873	0.0
160.0	26.359288225225953	23.784926301211513	23.748628356512828	26.107157117049702	0.0
161.0	26.290880560216895	23.620747905189766	23.750303646268154	26.338067888325185	0.0
162.0	26.120001005173854	23.781296506741644	23.78353022641541	26.31517226166909	0.0
163.0	26.190994733991165	23.8257582103388	23.760700943190766	26.222546112479268	0.0
164.0	26.19665219394379	23.73061190300018	23.838110262603134	26.23462564045289	0.0
165.0	26.279858716441662	23.72530678914965	23.733962501221573	26.260871993187116	0.0
166.0	26.158472569692638	23.75385319871337	23.798248749106506	26.289425482487488	0.0
167.0	26.167965957827022	23.776469799857043	23.78233336311651	26.273230879199428	0.0
168.0	26.324327644746248	23.700801912080056	23.800203270192995	26.174667172980698	0.0
169.0	26.169082827019302	23.792664403145103	23.794618924231596	26.243633845604002	0.0
170.0	26.24447149749821	23.77451527877055	23.845715689778412	26.135297533952823	0.0
171.0	26.22472029329067	23.798035980041494	23.821769516645585	26.155474210022255	0.0
172.0	26.30513509966689	23.871470334475337	23.672946281234033	26.15044828462374	0.0
173.0	26.34199188592266	23.66652426544704	23.710640721722886	26.28084312690741	0.0
174.0	26.23142152715535	23.70589401440207	23.67545924393329	26.387225214509286	0.0
175.0	26.25104009024353	23.726622401170484	23.78274539149276	26.23959211709322	0.0
176.0	26.243780399953092	23.85087479268	23.743096313752645	26.162248493614264	0.0
177.0	26.2066442919289	23.704284892584507	23.744213189181945	26.344857626304652	0.0
178.0	26.294113212394	23.732273043298587	23.75628593207703	26.21732781223038	0.0
179.0	26.225425181702178	23.754610614255277	23.76242876409012	26.257535439952424	0.0
180.0	26.256139341767625	23.733389921846424	23.696812149404845	26.313658586981102	0.0
181.0	26.251392607939334	23.69122775666567	23.736740557489927	26.32063907790507	0.0
182.0	26.354983093250983	23.708539374157105	23.697091369041804	26.23938616355011	0.0
183.0	26.286574282196117	23.6532538860393	23.688435560296085	26.3717362714685	0.0
184.0	26.230171915530477	23.80877922382525	23.885564623988877	26.075484236655395	0.0
185.0	26.364755780544535	23.793142924155568	23.741487291318226	26.10061400398167	0.0
186.0	26.289087258928745	23.621143627789053	23.75265607679657	26.337113036485633	0.0
187.0	26.120997037479654	23.779740381581558	23.782532577951145	26.316730002987647	0.0
188.0	26.196180264700953	23.8255989277936	23.750209415312447	26.228011392192997	0.0
189.0	26.214402787744422	23.719561399344947	23.832925205018164	26.233110607892467	0.0
190.0	26.273318460150946	23.725983486858453	23.73296401676444	26.26773403622616	0.0
191.0	26.157514701037034	23.741686165667982	23.805348776170078	26.295450357124906	0.0
192.0	26.155001703254054	23.785524015882146	23.793063009231076	26.266411271632723	0.0
193.0	26.319463447051138	23.695056095694955	23.80981632778426	26.175664129469645	0.0
194.0	26.169242024024257	23.786361681809804	23.80367344431476	26.240722849851174	0.0
195.0	26.24100207182706	23.776030468702007	23.844160630818287	26.138806828652644	0.0
196.0	26.225718091121553	23.801226904787836	23.81490881980918	26.158146184281435	0.0
197.0	26.306692690227486	23.866844252339188	23.687862466039533	26.138600591393796	0.0
198.0	26.33880330711432	23.675018219284798	23.714388627815612	26.27178984578527	0.0
199.0	26.233257105521073	23.70880417270486	23.675018219284798	26.38292050248927	0.0
200.0	26.251479884736522	23.71948086760337	23.782026939486673	26.247012308173428	0.0
201.0	26.244778519891888	23.853228940960975	23.746286326981927	26.155706212165207	0.0
202.0	26.211830142739075	23.694071525900775	23.74070185627806	26.353396475082093	0.0
203.0	26.283957546261007	23.7399163993064	23.75611159045154	26.220014463981055	0.0
204.0	26.228949741854237	23.752202406382022	23.762813048856422	26.25603480290732	0.0
205.0	26.26161935157805	23.726513482496628	23.691051598437443	26.320815567487877	0.0
206.0	26.25603480290732	23.699707648877087	23.73712412497103	26.307133423244565	0.0
207.0	26.35823204358182	23.70752601701612	23.701103786044772	26.233138153357295	0.0
208.0	26.294568188735408	23.648050573672762	23.687700869235	26.36968036835683	0.0
209.0	26.23509274539205	23.813632441760138	23.87729629660655	26.073978516241265	0.0
210.0	26.364801510070397	23.795894775346312	23.74088666374407	26.098417050839224	0.0
211.0	26.299182696737766	23.61104518204334	23.756244258353835	26.333527862865058	0.0
212.0	26.131086843009083	23.76769264706293	23.786680218580454	26.314540291347534	0.0
213.0	26.199012643524107	23.821650359647947	23.7535182951347	26.22581870169325	0.0
214.0	26.21779424617524	23.72231080035853	23.82618456581045	26.233710387655773	0.0
215.0	26.287043423143185	23.727895411404333	23.725103105881434	26.259958059571048	0.0
216.0	26.153923479445783	23.737455532410383	23.815919536699372	26.29270145144446	0.0
217.0	26.16257965073745	23.779898694872752	23.79721103745609	26.260310616933708	0.0
218.0	26.3178322713235	23.712324712531345	23.811172604055557	26.158670412089602	0.0
219.0	26.176261986004928	23.794697955468187	23.79218487348028	26.236855185046604	0.0
220.0	26.243556737014345	23.768450210261193	23.856408079837824	26.13158497288664	0.0
221.0	26.222129144851657	23.80732984293194	23.814031413612565	26.15650959860384	0.0
222.0	26.31092495636998	23.86541012216405	23.69787085514834	26.125794066317624	0.0
223.0	26.355602094240837	23.668551483420593	23.709877835951136	26.265968586387434	0.0
224.0	26.23636998254799	23.702338568935428	23.67022687609075	26.391064572425826	0.0
225.0	26.265762696719573	23.710502507511364	23.777239168556143	26.24649562721292	0.0
226.0	26.23588477733969	23.849281254537537	23.756017468809688	26.158816499313087	0.0
227.0	26.214383844701832	23.69151467089611	23.748198947850465	26.345902536551584	0.0
228.0	26.28845396693315	23.74351828840929	23.756083803609375	26.211943941048187	0.0
229.0	26.232327999039434	23.756083803609375	23.762785411716088	26.2488027856351	0.0
230.0	26.2488027856351	23.7351412782759	23.700237069386777	26.315818866702223	0.0
231.0	26.259413665137398	23.68962618988448	23.745752157778195	26.30520798719993	0.0
232.0	26.35742468369806	23.700795536729	23.70889331319128	26.23288646638166	0.0
233.0	26.281473125155326	23.66058588808873	23.68208688076443	26.375854105991515	0.0
234.0	26.242101177528394	23.811372070489746	23.885648227005802	26.060878524976054	0.0
235.0	26.375854105991515	23.77898096464064	23.74826526081821	26.096899668549632	0.0
236.0	26.29962331377767	23.611719995643952	23.75105759752934	26.337599093049036	0.0
237.0	26.125660736674273	23.762785411716088	23.784007170720674	26.327546680888968	0.0
238.0	26.193029191169494	23.811159325592953	23.75447473207454	26.241336751163015	0.0
239.0	26.203434034865307	23.729689127417828	23.829934575185483	26.236942262531375	0.0
240.0	26.288982217853636	23.72442141006166	23.724979894558125	26.261616477526584	0.0
241.0	26.15434020748105	23.7329833428743	23.818991636531184	26.293684813113472	0.0
242.0	26.159890978346468	23.76917792534921	23.79738281010014	26.27354828620418	0.0
243.0	26.320933869526364	23.70559651474531	23.81311438784629	26.160355227882036	0.0
244.0	26.18946545271742	23.77702061107077	23.78456124671843	26.248952689493382	0.0
245.0	26.23545577942499	23.75728258380208	23.86090055467733	26.1463610820956	0.0
246.0	26.23806624247943	23.80075862107492	23.805227670117148	26.15594746632851	0.0
247.0	26.309100152516525	23.8573830846327	23.695927864712814	26.13758889813796	0.0
248.0	26.349459992513086	23.670374736700953	23.71507271802837	26.265092552757586	0.0
249.0	26.2332452410618	23.698869699797186	23.664787489035028	26.403097570105988	0.0
