# Position (bp)	A	C	G	T	N
0.0	26.165448515767437	23.690916074722875	23.809665499910736	26.33396990959896	0.0
1.0	26.21035148747856	23.733925547626907	23.7993865063865	26.256336458508034	0.0
2.0	26.224262358936627	23.74544215184532	23.7776311091395	26.25266438007855	0.0
3.0	26.281536301742257	23.823550892226795	23.650434279253325	26.244478526777627	0.0
4.0	26.350569116246863	23.572881502640005	23.855275685969012	26.22127369514412	0.0
5.0	26.262574350623886	23.737560893803373	23.751626314237722	26.248238441335026	0.0
6.0	26.220564448507734	23.86950712187522	23.59658755876291	26.31334087085414	0.0
7.0	26.275658554925336	23.64441415051216	23.808596444249698	26.271330850312815	0.0
8.0	26.261437802427263	23.78521950573006	23.75492606507139	26.198416626771287	0.0
9.0	26.279617007465113	23.80855782754517	23.748241912798875	26.163583252190847	0.0
10.0	26.3101665025803	23.835076976339106	23.724183444948125	26.130573076132467	0.0
11.0	26.146530925771653	23.755558200170938	23.88971232595125	26.208198548106154	0.0
12.0	26.193052114550312	23.7799006826714	23.736354686198354	26.290692516579934	0.0
13.0	26.214618973561432	23.81499763337616	23.715734667658396	26.254648725404017	0.0
14.0	26.252214483737912	23.70870241395632	23.76820609912773	26.27087700317804	0.0
15.0	26.196497396713774	23.66245182230036	23.76468997227669	26.376360808709176	0.0
16.0	26.158631415241057	23.699776861180606	23.73953614172696	26.402055581851375	0.0
17.0	26.23517479207519	23.66975454729867	23.872067076881464	26.223003583744674	0.0
18.0	26.25140306984921	23.844208533369397	23.67137737507607	26.233011021705323	0.0
19.0	26.41855433092163	23.694367435255934	23.688417066738793	26.198661167083642	0.0
20.0	26.40232605314761	23.750354993576305	23.66569747785516	26.18162147542092	0.0
21.0	26.273581716140377	23.769287984312665	23.70085874636554	26.25627155318142	0.0
22.0	26.275475015214013	23.697072148218272	23.778213537088376	26.249239299479342	0.0
23.0	26.303333558726077	23.7189803232132	23.810399621340185	26.16728649672054	0.0
24.0	26.222121246544738	23.83359568978108	23.7465041679514	26.197778895722777	0.0
25.0	26.167215721912985	23.692410055013713	23.797893575242206	26.342480647831096	0.0
26.0	26.206974894922187	23.730005463505407	23.805466751053483	26.257552890518927	0.0
27.0	26.225096422756312	23.74488134456327	23.772198871596803	26.257823361083616	0.0
28.0	26.284870417552458	23.817096985335088	23.644266294499168	26.253766302613286	0.0
29.0	26.351135705901125	23.575296300503616	23.850094394227074	26.22347359936818	0.0
30.0	26.260528066730497	23.736496757057928	23.7465041679514	26.256471008260174	0.0
31.0	26.216170894121593	23.867134039802448	23.59558159285525	26.32111347322071	0.0
32.0	26.279731476823375	23.645348176757924	23.798434516371582	26.276485830047115	0.0
33.0	26.262691831248002	23.787886164348734	23.744340403433895	26.205081600969365	0.0
34.0	26.272428771576788	23.81168757404132	23.745963226822024	26.169920427559866	0.0
35.0	26.306237592162844	23.83062051356951	23.724596052211638	26.13854584205601	0.0
36.0	26.139086783185384	23.76570757804428	23.882009920860312	26.213195717910022	0.0
37.0	26.18858289652337	23.788968046607486	23.73162828689354	26.290820769975603	0.0
38.0	26.216370457121062	23.8083775326119	23.72345000500369	26.251802005263343	0.0
39.0	26.249908716431314	23.70451711668339	23.774568803468505	26.271005363416794	0.0
40.0	26.19392146096985	23.667462749542228	23.76158625147744	26.377029538010476	0.0
41.0	26.15037581783316	23.704787586516538	23.743194302823433	26.40164229282687	0.0
42.0	26.241253681770605	23.666921809875934	23.871937943401484	26.219886564951977	0.0
43.0	26.244499319768373	23.84462049025362	23.672872146205172	26.238008043772837	0.0
44.0	26.413272495652194	23.6988372501873	23.695862082022682	26.19202817213782	0.0
45.0	26.39947853416169	23.75428356598247	23.66367617187817	26.18256172797767	0.0
46.0	26.26938254441791	23.774298333635357	23.70181241835192	26.254506703594814	0.0
47.0	26.265866436586993	23.708033224514306	23.78349430796236	26.24260603093634	0.0
48.0	26.301027514896123	23.727777522334044	23.810811761110223	26.160383201659602	0.0
49.0	26.22252033927644	23.83860567768738	23.746646183140037	26.192227799896138	0.0
50.0	26.165180889735158	23.689577202700363	23.803985632681325	26.341256274883158	0.0
51.0	26.19330967630258	23.736368357278863	23.80912454561191	26.26119742080665	0.0
52.0	26.226306906698976	23.752326034273842	23.770988402284924	26.250378656742253	0.0
53.0	26.278507443309678	23.818050025965036	23.64846589925567	26.254976631469624	0.0
54.0	26.348829409728232	23.58490566037736	23.848883503548553	26.217381426345852	0.0
55.0	26.254165224164794	23.743400553920722	23.748809935952917	26.253624285961575	0.0
56.0	26.214406266228146	23.86970962437251	23.595453955340144	26.3204301540592	0.0
57.0	26.27147524666782	23.653334343084644	23.798305781547516	26.276884628700014	0.0
58.0	26.254976631469624	23.78938030119439	23.746105244936818	26.20953782239917	0.0
59.0	26.268500086550112	23.818590964168255	23.749621343257747	26.16328760602389	0.0
60.0	26.303390600657785	23.834548641163234	23.717976458369396	26.144084299809588	0.0
61.0	26.135429288558075	23.769365587675264	23.879987450233685	26.215217673532976	0.0
62.0	26.183572788644625	23.79451921412498	23.723385840401594	26.298522156828803	0.0
63.0	26.211901149220107	23.80608499738998	23.726026359847346	26.255987493542566	0.0
64.0	26.24895531592058	23.714937156674214	23.763621463287976	26.272486064117235	0.0
65.0	26.189993211243912	23.674907837902897	23.75794162751637	26.377157323336824	0.0
66.0	26.151586702693052	23.70979825764276	23.734681347689797	26.40393369197439	0.0
67.0	26.235161429046684	23.67382596442259	23.868833659247716	26.22217894728301	0.0
68.0	26.244898290369434	23.840164012019617	23.671121280721827	26.243816416889125	0.0
69.0	26.40934305937592	23.704118421871154	23.686267509446107	26.200271009306817	0.0
70.0	26.401499476643703	23.75253226011484	23.65840926732823	26.187558995913225	0.0
71.0	26.271674659007004	23.779579097122486	23.69600437076886	26.252741873101648	0.0
72.0	26.262208266054326	23.71358481482383	23.777415350161878	26.24679156895997	0.0
73.0	26.300614774605187	23.73035385376857	23.805273592279754	26.163757779346497	0.0
74.0	26.22589457171449	23.84577935250047	23.740296973467125	26.188029102317905	0.0
75.0	26.160711870824656	23.69134233089011	23.798717983393285	26.349227814891947	0.0
76.0	26.187217699402265	23.74083790874422	23.80493873907987	26.267005652773644	0.0
77.0	26.222108024774837	23.754090823033025	23.765179996213455	26.25862115597869	0.0
78.0	26.277283423038433	23.82143726503124	23.64346955886728	26.257809753063043	0.0
79.0	26.347334541422118	23.580180131447275	23.850377302355774	26.222108024774837	0.0
80.0	26.256998350147402	23.741108376382765	23.74651772915371	26.255375544316124	0.0
81.0	26.21967381602791	23.86444161956022	23.596408189760094	26.319476374651774	0.0
82.0	26.267817055689285	23.656992940794634	23.80412733616423	26.271062667351853	0.0
83.0	26.254293673761936	23.7884402131285	23.74895193790063	26.208314175208937	0.0
84.0	26.267005652773644	23.815486976983205	23.749763340816273	26.16774402942688	0.0
85.0	26.299732237037837	23.83793579098261	23.720823303491738	26.141508668487816	0.0
86.0	26.136910718632517	23.76355719038217	23.882292483704326	26.21723960728099	0.0
87.0	26.181808346631325	23.797906580477644	23.72785546209396	26.29242961079707	0.0
88.0	26.21257076090455	23.80460388769132	23.72427521630591	26.25855013509822	0.0
89.0	26.247460991910337	23.723193348677825	23.7667385207083	26.262607138703544	0.0
90.0	26.19120387524984	23.674509305413935	23.75862451349765	26.37566230583857	0.0
91.0	26.155231776615974	23.70263786374418	23.743478366704444	26.398651992935406	0.0
92.0	26.241240253048836	23.670993235622657	23.86708174321331	26.2206847681152	0.0
93.0	26.248001925724378	23.835437115091786	23.670993235622657	26.245567723561187	0.0
94.0	26.417584676426912	23.701826463023117	23.686139382415863	26.194449478134104	0.0
95.0	26.40324993035477	23.75024003937998	23.661797360783922	26.184712669481325	0.0
96.0	26.27396674879845	23.771336458127664	23.69885132704588	26.255845466028006	0.0
97.0	26.26071387035439	23.711022337861852	23.783237002036618	26.24502678974714	0.0
98.0	26.306422777641043	23.72427521630591	23.808390424389625	26.160911581663427	0.0
99.0	26.232784827929418	23.841863836508605	23.73962762216957	26.185723713392406	0.0
100.0	26.163815953176893	23.688239048824556	23.802375774885594	26.345569223112957	0.0
101.0	26.188698841322903	23.74206181774907	23.807244166044594	26.261995174883427	0.0
102.0	26.228186902945914	23.753150930944575	23.76207631473608	26.256585851373426	0.0
103.0	26.280657340992935	23.816710482187098	23.64739865632404	26.255233520495924	0.0
104.0	26.35449460690446	23.580323044800018	23.843216167386107	26.22196618090942	0.0
105.0	26.25442212196943	23.740709486871573	23.74395508097757	26.260913310181426	0.0
106.0	26.22250711326042	23.862689732022112	23.59817381238302	26.316629342334448	0.0
107.0	26.274977551307433	23.658217303344045	23.79804831607759	26.268756829270934	0.0
108.0	26.25929051312843	23.783172676425085	23.747741607434573	26.20979520301191	0.0
109.0	26.272543355727933	23.807785098395595	23.755044194173077	26.164627351703395	0.0
110.0	26.30337649973494	23.835913580647606	23.722047320762066	26.13866259885539	0.0
111.0	26.144612854716385	23.756666991226076	23.88189283048262	26.216827323574915	0.0
112.0	26.189510239849405	23.80021204548159	23.724751982517066	26.28552573215194	0.0
113.0	26.227575033875798	23.80285232857224	23.71576245560986	26.253810181942107	0.0
114.0	26.25137599294626	23.71684431738579	23.76660995907858	26.26516973058937	0.0
115.0	26.1918735952701	23.67843822434027	23.753086686879453	26.376601493510183	0.0
116.0	26.16347472365193	23.69899359808294	23.736317829352533	26.40121384891259	0.0
117.0	26.247319011286525	23.667619606580963	23.867223104240086	26.217838277892426	0.0
118.0	26.243532495070767	23.835308181850145	23.676004035344427	26.24515528773466	0.0
119.0	26.42501480798306	23.701157321634803	23.6841179986639	26.189709871718243	0.0
120.0	26.40689362323623	23.749570636107677	23.651932610829977	26.19160312982612	0.0
121.0	26.271119970356988	23.771748802514246	23.70196871796675	26.255162509162016	0.0
122.0	26.25570344004998	23.716573851941806	23.780403696721688	26.247319011286525	0.0
123.0	26.303575823634894	23.72658107336916	23.8096139646718	26.16022913832414	0.0
124.0	26.22656410589292	23.84456849826361	23.73367736630857	26.195190029534903	0.0
125.0	26.159488494368894	23.685263920894055	23.808055564571095	26.34719202016596	0.0
126.0	26.188698841322903	23.734759231010568	23.801834842534593	26.274707085131933	0.0
127.0	26.22629363971742	23.756126058875076	23.76342864561358	26.25415165579393	0.0
128.0	26.271731957201432	23.8223902718726	23.64929191955254	26.256585851373426	0.0
129.0	26.34719202016596	23.579782112449017	23.851059686475608	26.22196618090942	0.0
130.0	26.24854285953842	23.73157782279549	23.752944708450197	26.26693460921589	0.0
131.0	26.218250565952	23.86248380579394	23.602294641239173	26.31697098701488	0.0
132.0	26.27045067900717	23.662338294597966	23.792162409968327	26.275048616426538	0.0
133.0	26.255845466028006	23.781884667501508	23.745642101960616	26.216627764509877	0.0
134.0	26.26395947323865	23.810283692738775	23.754837976799347	26.170918857223224	0.0
135.0	26.305141589808777	23.827387553079273	23.719200497660456	26.14827035945149	0.0
136.0	26.132312768777215	23.75463175831012	23.88743136883672	26.225624104075944	0.0
137.0	26.185053958293892	23.797095177562007	23.723798447515755	26.29405241662835	0.0
138.0	26.218121921731864	23.802027971838832	23.71980558733559	26.260044519093718	0.0
139.0	26.24679156895997	23.710068726012835	23.76848989394935	26.274649811077843	0.0
140.0	26.18133822340146	23.676530648123357	23.759834906106907	26.382296222368275	0.0
141.0	26.15510279150405	23.70222514328062	23.732788069099257	26.409883996116072	0.0
142.0	26.238136581117523	23.668146128650985	23.86856319087764	26.225154099353855	0.0
143.0	26.237396139864984	23.832925826553574	23.68200406785529	26.247673965726154	0.0
144.0	26.41563527782586	23.701477843171194	23.68416782066817	26.198719058334774	0.0
145.0	26.395620564306732	23.753948848883503	23.651711528474987	26.198719058334774	0.0
146.0	26.265795395534013	23.772070278691363	23.707969101609834	26.254165224164794	0.0
147.0	26.25477717342796	23.710737922845777	23.782953368296067	26.251531535430196	0.0
148.0	26.301027514896123	23.729129871499783	23.806213773946723	26.16362883965737	0.0
149.0	26.220768893721296	23.839546042204226	23.74515181512796	26.194533248946517	0.0
150.0	26.155855958196067	23.68781205541401	23.810335221217873	26.345996765172046	0.0
151.0	26.18912383765275	23.734332992540423	23.798434516371582	26.278108653435243	0.0
152.0	26.221039364285986	23.759486755056447	23.767059930867724	26.252413949789844	0.0
153.0	26.268912654235837	23.827915807922622	23.64399582393448	26.259175713907055	0.0
154.0	26.34843100025424	23.58665606422053	23.8425212184158	26.222391717109428	0.0
155.0	26.24437081614714	23.73169247413618	23.753059706538643	26.27087700317804	0.0
156.0	26.226790181891946	23.864223409290688	23.595374940834404	26.313611467982962	0.0
157.0	26.266278991142066	23.660017580634253	23.793359929677464	26.280343498546216	0.0
158.0	26.257894380958817	23.785516262086688	23.742240854689296	26.214348502265196	0.0
159.0	26.26249239299479	23.810399621340185	23.759551017648253	26.16755696801677	0.0
160.0	26.30610942216356	23.823717151172225	23.72688816522595	26.14328526143826	0.0
161.0	26.133277796410297	23.7577219763932	23.88863043784012	26.220369789356386	0.0
162.0	26.187372201966873	23.802079388949597	23.722831084809208	26.287717324274322	0.0
163.0	26.216924562442696	23.80620085848054	23.720190521011677	26.256684058065094	0.0
164.0	26.251545075637704	23.712076338231594	23.77266223632287	26.26371634980783	0.0
165.0	26.18257452200702	23.684217644019984	23.753188197650672	26.380019636322327	0.0
166.0	26.15850244642611	23.706666883044875	23.740205505202542	26.394625165326474	0.0
167.0	26.235316710077544	23.666907387422476	23.876794248667245	26.220981653832737	0.0
168.0	26.24688953802878	23.832630098452885	23.678188899707887	26.242291463810453	0.0
169.0	26.416477334198852	23.704154495293736	23.685221248512388	26.19414692199502	0.0
170.0	26.397273612463483	23.752028562155143	23.654928053662232	26.195769771719142	0.0
171.0	26.26744563453424	23.769338959212376	23.70875256951206	26.254462836741315	0.0
172.0	26.258590983963497	23.717201442176357	23.783197509459885	26.24101006440026	0.0
173.0	26.30889946148291	23.730725226455768	23.80158985607989	26.158785455981437	0.0
174.0	26.21836102110257	23.83870950291844	23.74972276167241	26.193206714306577	0.0
175.0	26.159126685744273	23.685078897970886	23.81139138478516	26.344403031499684	0.0
176.0	26.189960997300645	23.728084648299514	23.81085043195084	26.271103922449	0.0
177.0	26.217549591851085	23.760000865524535	23.766762775953566	26.255686766670816	0.0
178.0	26.269210587528875	23.830324733986444	23.641532194807937	26.25893248367675	0.0
179.0	26.350353512677227	23.57688833110641	23.855749517199595	26.217008639016765	0.0
180.0	26.24196344771812	23.730312644536227	23.75546701936887	26.272256888376788	0.0
181.0	26.22492338734762	23.863116924566626	23.594803593018444	26.317156095067308	0.0
182.0	26.26576543680707	23.654579042889562	23.800366226059392	26.279289294243974	0.0
183.0	26.258192076642406	23.790088094407345	23.73707457325468	26.214645255695572	0.0
184.0	26.259003508088618	23.812267220603868	23.75790131370751	26.1708279576	0.0
185.0	26.302350993735736	23.826396477296086	23.72496727217648	26.1462852567917	0.0
186.0	26.13925283190341	23.757695095695077	23.88481969944498	26.21823237295654	0.0
187.0	26.18225881487412	23.79745534410196	23.732270174945093	26.288015666078827	0.0
188.0	26.220196637950856	23.802658804755016	23.7152942131101	26.261850344184033	0.0
189.0	26.24886737081265	23.70772081197679	23.775340464952734	26.26807135225782	0.0
190.0	26.177190538658156	23.68581204441259	23.758570791014698	26.378426625914557	0.0
191.0	26.160420864720123	23.706638897529178	23.739366809569535	26.393573428181167	0.0
192.0	26.231827218262715	23.66796045602694	23.877310901640453	26.222901424069896	0.0
193.0	26.243129787510277	23.835850608040854	23.674644047258404	26.24637555719046	0.0
194.0	26.422458562340417	23.6987168390531	23.690872895659325	26.18795170294716	0.0
195.0	26.401631540225907	23.751460596356083	23.652464621110486	26.194443242307525	0.0
196.0	26.269095944951747	23.77634483057082	23.702233089539966	26.252326134937466	0.0
197.0	26.257806773398684	23.720148981231286	23.78398262426598	26.238061621104052	0.0
198.0	26.307034413366114	23.731238724300873	23.79831814579496	26.16340871653805	0.0
199.0	26.215953044277946	23.841930161477915	23.751859565605475	26.190257228638664	0.0
200.0	26.156717427172648	23.691542019420627	23.805144572773255	26.34659598063347	0.0
201.0	26.18647047686024	23.736442076221902	23.801087338724948	26.27600010819291	0.0
202.0	26.214600632928516	23.760785480511753	23.771604771307242	26.253009115252496	0.0
203.0	26.278163966352007	23.826512672094342	23.634740742744313	26.260582618809337	0.0
204.0	26.34848935652268	23.583349111465743	23.854372345892727	26.213789186118852	0.0
205.0	26.23468728107782	23.740022558282327	23.756251538372073	26.269038622267782	0.0
206.0	26.22359747801649	23.863362806964396	23.597748499495548	26.315291215523562	0.0
207.0	26.264981377245345	23.65779572582761	23.793848675579984	26.28337422134706	0.0
208.0	26.24685901614513	23.796553505594943	23.736776762264373	26.21981071599555	0.0
209.0	26.25064577816607	23.816298764704133	23.75841540238404	26.17464005474576	0.0
210.0	26.298862886386015	23.826641565776235	23.72331677972887	26.151178768108885	0.0
211.0	26.134949744122387	23.764430307161327	23.883172665995865	26.217447282720418	0.0
212.0	26.18201391368323	23.805273350860677	23.723046295995758	26.28966643946033	0.0
213.0	26.223739339531033	23.797764175414585	23.70688139526706	26.27161508978732	0.0
214.0	26.245648581173743	23.710668177773208	23.771256697871557	26.272426543181492	0.0
215.0	26.17775698052782	23.68389021576546	23.751511331946652	26.38684147176007	0.0
216.0	26.15936403692654	23.70742236419651	23.73392984173954	26.39928375713741	0.0
217.0	26.227255637572455	23.66522678769945	23.880261937155637	26.227255637572455	0.0
218.0	26.24964836734252	23.833661523813646	23.671099041395276	26.245591067448554	0.0
219.0	26.4241122627832	23.700311600631856	23.681377534459997	26.194198602124942	0.0
220.0	26.402473330015365	23.753056499253457	23.640534048860708	26.20393612187047	0.0
221.0	26.271557786769957	23.771179105446517	23.698959167333868	26.258303940449657	0.0
222.0	26.262161789328193	23.71390007654793	23.78584972261518	26.2380884115087	0.0
223.0	26.308685620619794	23.73229321915159	23.790177520874863	26.16884363935375	0.0
224.0	26.218954725697998	23.843257542561304	23.74047205587203	26.197315675868673	0.0
225.0	26.158094898053026	23.68475150256152	23.80241383600846	26.35473976337699	0.0
226.0	26.191364937165606	23.729652530957367	23.798897490411196	26.280085041465828	0.0
227.0	26.219225213820863	23.760758665087018	23.764545498807145	26.255470622284978	0.0
228.0	26.279544065220094	23.825134838329248	23.63038338986535	26.264937706585307	0.0
229.0	26.349600489042523	23.581966015872244	23.855159019967434	26.2132744751178	0.0
230.0	26.234984487464192	23.738642849221396	23.752978758510253	26.273393904804156	0.0
231.0	26.230386176937582	23.86739554396661	23.586628112988603	26.315590166107206	0.0
232.0	26.259598973224307	23.65938961485092	23.797068441794856	26.283942970129914	0.0
233.0	26.25229577415263	23.795445508667814	23.73512649411281	26.21713222306675	0.0
234.0	26.24904990789855	23.81437972848329	23.753790225073775	26.18278013854439	0.0
235.0	26.293751690559912	23.827427644035705	23.728698945090613	26.15012172031377	0.0
236.0	26.134162834730862	23.767649445496346	23.882066540438192	26.216121179334596	0.0
237.0	26.18663781444414	23.80551798755748	23.720043278333783	26.287800919664594	0.0
238.0	26.213487188226097	23.80422992758974	23.709287826042267	26.272995058141895	0.0
239.0	26.240536220006007	23.715779593669446	23.76744324436907	26.276240941955482	0.0
240.0	26.174478490435384	23.694062148359734	23.750054098502556	26.38140526270233	0.0
241.0	26.163471656058707	23.708718903083927	23.727653635062794	26.40015580579457	0.0
242.0	26.228603579234385	23.66806604488109	23.878513773776806	26.224816602107726	0.0
243.0	26.246811457383757	23.840966449633875	23.672443688241007	26.239778404741358	0.0
244.0	26.416901103657214	23.70590781216187	23.680750919714345	26.196440164466566	0.0
245.0	26.39655699434912	23.762906537328533	23.63928510564628	26.201251362676064	0.0
246.0	26.27166785691099	23.77567140600316	23.691813283126663	26.260847453959187	0.0
247.0	26.256532888970646	23.713169654933616	23.785667139162708	26.244630316933033	0.0
248.0	26.307673995844876	23.738313711911356	23.79079380193906	26.163218490304708	0.0
249.0	26.216310531484083	23.84901924185001	23.734590694767938	26.200079531897973	0.0
