# Position (bp)	A	C	G	T	N
0.0	26.10866819478879	23.98693689479347	23.72760443467278	26.17679047574496	0.0
1.0	26.26274734527764	23.691935257519763	23.741345838985826	26.303971558216777	0.0
2.0	26.259859323748323	23.674363127152386	23.762943559939426	26.302833989159858	0.0
3.0	26.15143551230293	23.7607177415347	23.764810435199504	26.323036310962866	0.0
4.0	26.26361837278167	23.859301418035447	23.624569926891226	26.25251028229166	0.0
5.0	26.237807533679998	23.705925165952	23.737785611355182	26.318481689012824	0.0
6.0	26.275962049957037	23.71556173896777	23.84036663997147	26.16810957110372	0.0
7.0	26.22067772237583	23.782829552296388	23.819071390575953	26.177421334751834	0.0
8.0	26.22534478576376	23.854586476273422	23.628966972460976	26.291101765501846	0.0
9.0	26.286687883756066	23.718134182016907	23.69037077302098	26.304807161206046	0.0
10.0	26.233719173458564	23.708565533888372	23.79594210352516	26.2617731891279	0.0
11.0	26.388600718299692	23.69629190203304	23.679050371569595	26.236057008097674	0.0
12.0	26.215893184335336	23.811138028679387	23.71031890986771	26.262649877117568	0.0
13.0	26.236933696087338	23.75327662136138	23.697753048682486	26.312036633868797	0.0
14.0	26.026528578567316	23.89413115836784	23.765842482546603	26.31349778051824	0.0
15.0	26.30436180223146	23.801132677572635	23.692423684533516	26.202081835662394	0.0
16.0	26.411025195939192	23.70557396594954	23.643037072104452	26.240363766006812	0.0
17.0	26.367775381504277	23.83181666754335	23.60066394309727	26.199744007855102	0.0
18.0	26.21201760384339	23.745317038673516	23.832108896019264	26.21055646146383	0.0
19.0	26.293841577098636	23.901367044810314	23.683364601780255	26.12142677631079	0.0
20.0	26.23853371868416	23.617544177510748	23.942793520729168	26.201128583075928	0.0
21.0	26.187101657222843	23.676281929520542	23.695861180190477	26.440755233066138	0.0
22.0	26.181257104784056	23.77067145140693	23.788497336345227	26.259574107463784	0.0
23.0	26.309252803193463	23.659040499826126	23.853956323659624	26.177750373320784	0.0
24.0	26.183887153381512	23.73794195774973	23.885809134451005	26.192361754417753	0.0
25.0	26.084529761922155	23.994225582190477	23.741448689213	26.179795966674362	0.0
26.0	26.247592774964275	23.69615340781241	23.748754379761483	26.30749943746183	0.0
27.0	26.263373066548994	23.67715861238636	23.7741781828702	26.285290138194444	0.0
28.0	26.14326751393195	23.767164719943658	23.76248907799263	26.32707868813176	0.0
29.0	26.248177230208153	23.872951119085677	23.631863330985773	26.247008319720393	0.0
30.0	26.230935800513738	23.708134740311923	23.73735750250585	26.32357195666849	0.0
31.0	26.28295231721893	23.709303650799683	23.846358405489205	26.16138562649219	0.0
32.0	26.22626015856271	23.791711840186558	23.80778435939322	26.174243641857515	0.0
33.0	26.2306435728918	23.84489726737951	23.643552435863345	26.280906723865353	0.0
34.0	26.288796869657716	23.713394837506833	23.69293890397108	26.304869388864375	0.0
35.0	26.221584516611678	23.706965829824167	23.794049661162074	26.277399992402085	0.0
36.0	26.39224544782422	23.69352335921496	23.678911978117995	26.23531921484282	0.0
37.0	26.21661664703871	23.7987253031131	23.718070479457857	26.266587570390325	0.0
38.0	26.23005911764792	23.752261111224755	23.699660139275686	26.31801963185164	0.0
39.0	26.023746416558787	23.887562500182643	23.768918085675296	26.31977299758328	0.0
40.0	26.298363530099355	23.795441262419637	23.70134424313267	26.204850964348335	0.0
41.0	26.40356516656926	23.710987726475746	23.64903565166569	26.236411455289304	0.0
42.0	26.37405026300409	23.82144944476914	23.612215078901226	26.19228521332554	0.0
43.0	26.218293395675047	23.736411455289304	23.828170660432495	26.217124488603154	0.0
44.0	26.29281122150789	23.9041496201052	23.681472822910578	26.12156633547633	0.0
45.0	26.238380367094194	23.62208175896622	23.940608005236687	26.198929868702898	0.0
46.0	26.184318573002418	23.68169584542418	23.701567207576836	26.43241837399657	0.0
47.0	26.17613624741015	23.781637108015467	23.78368268941353	26.258543955160857	0.0
48.0	26.31523578247872	23.658317772303413	23.852355779205787	26.174090666012077	0.0
49.0	26.18899418762657	23.735173187687938	23.891221825769065	26.184610798916424	0.0
50.0	26.083208406755094	23.988825281048275	23.736634317257984	26.19133199493865	0.0
51.0	26.245101563116414	23.69718381886669	23.758843486722718	26.29887113129418	0.0
52.0	26.27169412129129	23.672929068003892	23.776377041563293	26.278999769141524	0.0
53.0	26.148082559665227	23.75475232392658	23.758843486722718	26.33832162968548	0.0
54.0	26.25474501827873	23.869012656304335	23.627341825418394	26.24890049999854	0.0
55.0	26.245393789030423	23.69806049660872	23.737218769086006	26.319326945274852	0.0
56.0	26.300916712692246	23.709749533169102	23.828393254257	26.160940499881647	0.0
57.0	26.221139038167628	23.79040388543575	23.818749799094686	26.169707277301935	0.0
58.0	26.236334785696126	23.83803670941932	23.648674317141097	26.276954187743463	0.0
59.0	26.27958422096955	23.714425147793257	23.69806049660872	26.307930134628478	0.0
60.0	26.21237226074734	23.715886277363303	23.79829398511401	26.273447476775345	0.0
61.0	26.38887671280914	23.695138237468623	23.678189134456066	26.237795915266176	0.0
62.0	26.221139038167628	23.79040388543575	23.71939298833142	26.269064088065203	0.0
63.0	26.231366945157962	23.75504454984059	23.708288403599052	26.30530010140239	0.0
64.0	26.0346989050295	23.888884018456988	23.76819471597102	26.308222360542487	0.0
65.0	26.30376210542311	23.793256614514235	23.691854518676102	26.21112676138655	0.0
66.0	26.41130092752234	23.712894722999867	23.634870631965914	26.240933717511876	0.0
67.0	26.38003284609675	23.82510914605993	23.606524801140846	26.188333206702474	0.0
68.0	26.221062413428324	23.732473802023364	23.822186895459406	26.224276889088898	0.0
69.0	26.2891508524205	23.906347712754457	23.690393393375842	26.114108041449203	0.0
70.0	26.23968813832725	23.62194370008445	23.93696139426013	26.201406767328166	0.0
71.0	26.17744438242797	23.68360300757153	23.697045321052123	26.441907288948375	0.0
72.0	26.175983261397473	23.776238080905195	23.791433739622388	26.25634491807494	0.0
73.0	26.31274418985222	23.658471725846937	23.857768634407062	26.171015449893776	0.0
74.0	26.19380893796957	23.73357334681461	23.886114382398752	26.186503332817068	0.0
75.0	26.091822690040704	23.978165007320214	23.73386557102071	26.19614673161837	0.0
76.0	26.23881146570895	23.696753096846024	23.763087991630698	26.301347445814326	0.0
77.0	26.27095612837994	23.669284021472635	23.779744771378393	26.280015078769036	0.0
78.0	26.151436428085084	23.7584124043331	23.7613346463941	26.328816521187715	0.0
79.0	26.256052693868842	23.86799648162056	23.62749596000035	26.248454864510247	0.0
80.0	26.253422676013944	23.70376647779242	23.73182000157801	26.310990844615624	0.0
81.0	26.29374961645573	23.70814984088392	23.833514025300772	26.164586517359577	0.0
82.0	26.226830273258855	23.800492690011485	23.822117281262877	26.150559755466784	0.0
83.0	26.23910368991505	23.83731293998007	23.649412775457844	26.27417059464704	0.0
84.0	26.276800612501937	23.70698094405952	23.70347425358632	26.31274418985222	0.0
85.0	26.205497906213566	23.70727316826562	23.806337174133482	26.280891751387337	0.0
86.0	26.39632031279679	23.70201313255582	23.675128505594635	26.226538049052756	0.0
87.0	26.21923244390026	23.78851149756139	23.716916567066917	26.27533949147144	0.0
88.0	26.232090308968655	23.752275696005004	23.707565392471718	26.308068602554624	0.0
89.0	26.037468987706124	23.886991055017052	23.763964664249	26.311575293027822	0.0
90.0	26.300686140430855	23.795455342427324	23.6940538392304	26.209804677911418	0.0
91.0	26.412607684305268	23.71012612359879	23.64554476277308	26.231721429322857	0.0
92.0	26.378709775455576	23.821170997416747	23.60697128028895	26.193147946838728	0.0
93.0	26.219740271884607	23.73233509836238	23.829061027924865	26.21886360182815	0.0
94.0	26.289289429696904	23.907961333006043	23.69551495599116	26.107234281305885	0.0
95.0	26.247424789234525	23.616545637848656	23.94032816586549	26.19570140705133	0.0
96.0	26.170278049707047	23.67703569497816	23.70918016978127	26.443506085533524	0.0
97.0	26.180213614646192	23.781651349337384	23.78954135678906	26.248593679227362	0.0
98.0	26.31142151634254	23.65745678759808	23.861428091348753	26.169693604710627	0.0
99.0	26.186934732105026	23.740155754591548	23.895325901141128	26.1775836121623	0.0
100.0	26.09430020017241	23.979193758127437	23.738110197104074	26.188395844596073	0.0
101.0	26.24128811677211	23.693107932379714	23.762072441957308	26.30353150889087	0.0
102.0	26.25765257667188	23.667684575035434	23.790125801785482	26.28453704650721	0.0
103.0	26.152160254818018	23.760611329466254	23.764117999444778	26.32311041627095	0.0
104.0	26.26174369164682	23.852369193904238	23.632910097748425	26.25297701670052	0.0
105.0	26.26174369164682	23.699536827340335	23.734895749623764	26.30382373138908	0.0
106.0	26.293011498955305	23.709472392279483	23.83542028900805	26.162095819757162	0.0
107.0	26.232813664324016	23.800938034219254	23.81233471164945	26.15391358980728	0.0
108.0	26.235443666807907	23.83571251150626	23.66184012507123	26.267003696614605	0.0
109.0	26.285413714001844	23.70479683230812	23.70216682982423	26.30762262386581	0.0
110.0	26.212942534445727	23.70041349483497	23.809412486667348	26.277231484051956	0.0
111.0	26.397042708318114	23.70041349483497	23.67878902996742	26.2237547668795	0.0
112.0	26.2149880919332	23.784281351821278	23.7243757396882	26.27635481655733	0.0
113.0	26.236320334302537	23.751844654519953	23.70567349980275	26.30616151137476	0.0
114.0	26.040823482999958	23.880422553732412	23.76791689192151	26.31083707134612	0.0
115.0	26.305792417432773	23.796192936418414	23.702682010251134	26.195332635897678	0.0
116.0	26.414791090746508	23.69888312887559	23.644237681396586	26.242088098981313	0.0
117.0	26.37241895232696	23.81168068356487	23.613554408747948	26.202345955360222	0.0
118.0	26.217249259218136	23.727228628370046	23.83272064195251	26.222801470459313	0.0
119.0	26.296441324816044	23.905776053020695	23.696253134077136	26.101529488086122	0.0
120.0	26.24844027153156	23.603842118951395	23.948078209972326	26.199639399544722	0.0
121.0	26.17158620367205	23.670468459148992	23.71488601928073	26.443059317898232	0.0
122.0	26.180352827382258	23.764855774428927	23.796415619785684	26.25837577840313	0.0
123.0	26.322372131487665	23.646214133550746	23.863918622354305	26.16749511260728	0.0
124.0	26.183275035285657	23.73300370828183	23.903660649840592	26.180060606591915	0.0
125.0	26.099115447667643	23.971748093989895	23.732127045910808	26.197009412431655	0.0
126.0	26.235874777546925	23.69326168079554	23.771576852606753	26.299286689050778	0.0
127.0	26.264220194209937	23.6581951859547	23.787356775285133	26.29022784455023	0.0
128.0	26.148500761235162	23.749660293331228	23.7762523852522	26.325586560181414	0.0
129.0	26.256330232870752	23.862457518402604	23.639493055372917	26.24171919335373	0.0
130.0	26.252531362596322	23.697060551069967	23.73475703302387	26.315651053309843	0.0
131.0	26.302208896954184	23.697937213440987	23.8428787254498	26.15697516415503	0.0
132.0	26.23032258253046	23.799045606898748	23.82534547802938	26.145286332541417	0.0
133.0	26.2335370112242	23.83440432252993	23.661994056229123	26.270064610016746	0.0
134.0	26.28555231190478	23.70758049952222	23.706703837151196	26.3001633514218	0.0
135.0	26.21337377669072	23.70232052529609	23.814825529577128	26.269480168436065	0.0
136.0	26.411207251751133	23.6900472521018	23.680403966020567	26.218341530126505	0.0
137.0	26.220971517239565	23.777129047623223	23.728035954846042	26.27386348029117	0.0
138.0	26.24084253098271	23.755796929928376	23.711379369796642	26.29198116929227	0.0
139.0	26.045931263825693	23.879406324242343	23.773914618929478	26.300747793002483	0.0
140.0	26.305284843880127	23.78895691179264	23.701290162329595	26.204468081997632	0.0
141.0	26.416329393199984	23.68784792741193	23.652489005128505	26.243333674259585	0.0
142.0	26.38739936587718	23.81291915664587	23.609532297891615	26.190149179585337	0.0
143.0	26.212942534445727	23.718531289723995	23.840388071477623	26.228138104352656	0.0
144.0	26.296225946435612	23.901462573603542	23.699244604842125	26.103066875118714	0.0
145.0	26.248670383747708	23.59528234620285	23.95150261247677	26.204544657572676	0.0
146.0	26.16714006849715	23.662201493845778	23.720353940924127	26.45030449673294	0.0
147.0	26.1779523325268	23.77412303772019	23.799838692709613	26.248085937043403	0.0
148.0	26.321726221785834	23.64379142266017	23.86938785052191	26.165094505032087	0.0
149.0	26.18591888440487	23.741463400379306	23.898680023261047	26.173937691954773	0.0
150.0	26.095329380513903	23.96413824542742	23.741463400379306	26.199068973679367	0.0
151.0	26.249039312922445	23.696753096846024	23.7660102336917	26.288197356539833	0.0
152.0	26.269202783143335	23.65350391434324	23.794648205889487	26.282645096623934	0.0
153.0	26.145884168169186	23.747892332913505	23.78471258288209	26.32151091603522	0.0
154.0	26.254883797044442	23.86010642805586	23.642691618717546	26.242318156182147	0.0
155.0	26.254883797044442	23.693538630578924	23.740586727761006	26.310990844615624	0.0
156.0	26.297840755341127	23.698214217876522	23.846371890369166	26.15757313641318	0.0
157.0	26.220985789136858	23.785297031294288	23.83468292212517	26.15903425744368	0.0
158.0	26.226245824846657	23.83380624950687	23.664608434175037	26.27533949147144	0.0
159.0	26.29287294383743	23.70405870199852	23.70288980517412	26.300178548989926	0.0
160.0	26.22157023754906	23.697921993670423	23.819779487614078	26.26072828116644	0.0
161.0	26.404502590567585	23.678050747655632	23.692954182166726	26.224492479610056	0.0
162.0	26.22390803119786	23.774484735668594	23.737080037287807	26.264527195845737	0.0
163.0	26.23851924150285	23.754029041241605	23.708734289296117	26.298717427959428	0.0
164.0	26.043605696034227	23.869165378444958	23.78500480708819	26.302224118432626	0.0
165.0	26.307053456886447	23.788358304037686	23.703320563060892	26.20126767601497	0.0
166.0	26.437678440448742	23.68111139359616	23.656564416819354	26.224645749135746	0.0
167.0	26.390045616465173	23.81495086221256	23.610392722405837	26.184610798916424	0.0
168.0	26.216463423543473	23.72582195843963	23.82926993199903	26.228444686017866	0.0
169.0	26.305884553230413	23.883623952004815	23.700982755748814	26.109508739015958	0.0
170.0	26.242255990648744	23.593220338983052	23.963471654003506	26.201052016364702	0.0
171.0	26.161893629456458	23.6750438340152	23.728521332554063	26.434541203974284	0.0
172.0	26.179427235534774	23.770601987142022	23.804208065458795	26.24576271186441	0.0
173.0	26.31239041496201	23.632378725891293	23.88457042665108	26.17066043249562	0.0
174.0	26.187393884844784	23.736188592018095	23.901297198413786	26.175120324723334	0.0
175.0	26.101478963994634	23.96149608853328	23.74203314445688	26.194991803015206	0.0
176.0	26.25051505118367	23.695276724946595	23.76190462274875	26.292303601120988	0.0
177.0	26.267464253256144	23.658456044582245	23.79609525451565	26.27798444764596	0.0
178.0	26.145020879663587	23.749046607383423	23.789666246832983	26.31626626612001	0.0
179.0	26.256651831244394	23.85980087609841	23.639753476778132	26.243793815879062	0.0
180.0	26.25285287215918	23.691477765861386	23.746708786407908	26.308960575571522	0.0
181.0	26.303992705998557	23.699952366897623	23.84431281213563	26.15174211496819	0.0
182.0	26.224506792831072	23.789374019211042	23.830285886282542	26.15583330167534	0.0
183.0	26.23298139386731	23.830578113904483	23.661670548423576	26.27476994380463	0.0
184.0	26.295810332584256	23.69732231830017	23.70462800884865	26.30223934026692	0.0
185.0	26.231812483379553	23.695861180190477	23.813044456588127	26.259281879841843	0.0
186.0	26.409486877518635	23.67394410854503	23.68913994488587	26.227429069050466	0.0
187.0	26.21486328130708	23.777392686711533	23.743494282566576	26.264249749414816	0.0
188.0	26.257236286488272	23.749923290249242	23.70141350500732	26.29142691825517	0.0
189.0	26.043910122472596	23.86038533134229	23.78703619823553	26.308668347949588	0.0
190.0	26.30239306598246	23.782499554350274	23.705935469919375	26.20917190974789	0.0
191.0	26.433896264432477	23.67934260089948	23.650411897240478	26.236349237427564	0.0
192.0	26.393568616907803	23.811722487339164	23.60949979105603	26.185209104696998	0.0
193.0	26.221445541603227	23.729313816310487	23.82341166053472	26.22582898155156	0.0
194.0	26.307068735260685	23.888578801099953	23.700967571311264	26.1033848923281	0.0
195.0	26.24753065494629	23.591742743924534	23.961121696337774	26.199604904791407	0.0
196.0	26.17301195805912	23.668891512466537	23.72441524740207	26.433681282072264	0.0
197.0	26.180902173023647	23.762405171305335	23.803025166863435	26.253667488807586	0.0
198.0	26.305976691720534	23.63060935837941	23.883972927795767	26.17944102210429	0.0
199.0	26.183316530048657	23.73003696722629	23.904206665789975	26.182439836935078	0.0
200.0	26.108797615394728	23.950379169771622	23.742895132892063	26.197928081941583	0.0
201.0	26.24789958941539	23.688832390888237	23.768319233185757	26.294948786510613	0.0
202.0	26.2619266792326	23.66194713540525	23.802218033577347	26.273908151784802	0.0
203.0	26.132468329461272	23.752830988179255	23.792866640365872	26.321834041993604	0.0
204.0	26.254913134324	23.860079779073335	23.643244348982307	26.241762737620363	0.0
205.0	26.25711221445208	23.69043200766819	23.735728083274644	26.316727694605092	0.0
206.0	26.30007042809175	23.70855043791077	23.843269733746745	26.148109400250735	0.0
207.0	26.220583121221065	23.789498908510694	23.836840613338087	26.153077356930154	0.0
208.0	26.235779224005167	23.83011926018358	23.666176689762793	26.267924826048457	0.0
209.0	26.286335489036887	23.70095238651872	23.702705782993807	26.31000634145059	0.0
210.0	26.2384093187178	23.692185404143277	23.818429950349657	26.250975326789266	0.0
211.0	26.41871692290608	23.675528137629932	23.69130870590573	26.214446233558252	0.0
212.0	26.227888939867267	23.769627081793026	23.73806594524143	26.26441803309828	0.0
213.0	26.24776076658494	23.74887855683781	23.704459179468895	26.298901497108357	0.0
214.0	26.049042499408227	23.8660638879229	23.782485322610338	26.302408290058533	0.0
215.0	26.31512810097285	23.768597070057364	23.70985794483198	26.206416884137806	0.0
216.0	26.44225008840092	23.680634499446214	23.653456695237455	26.223658716915406	0.0
217.0	26.390816824521977	23.800742859981703	23.621310905313113	26.187129410183204	0.0
218.0	26.217814027838255	23.73849692131003	23.8331808843599	26.210508166491813	0.0
219.0	26.307530005172552	23.884906382692705	23.708104538108834	26.09945907402591	0.0
220.0	26.26260264765189	23.590695227797422	23.95803500978988	26.188667114760804	0.0
221.0	26.165872760746957	23.671936643385255	23.728338057804145	26.43385253806365	0.0
222.0	26.186036996989976	23.761652882901313	23.807533826236885	26.244776293871823	0.0
223.0	26.305561237908766	23.632192641514948	23.88643735936176	26.17580876121453	0.0
224.0	26.181298529751277	23.741696791520425	23.891907056667847	26.185097622060454	0.0
225.0	26.116713960495286	23.95035463065517	23.742573505130235	26.190357903719313	0.0
226.0	26.242376244568028	23.694354256590692	23.77238176786377	26.29088773097751	0.0
227.0	26.26780093925251	23.67068298912583	23.79839093828813	26.263125133333524	0.0
228.0	26.14272313091964	23.748710500398904	23.784947996271043	26.323618372410408	0.0
229.0	26.256403662324985	23.870573692162473	23.6353222068635	26.237700438649043	0.0
230.0	26.247928764096823	23.684125931142912	23.737605461341314	26.330339843418948	0.0
231.0	26.297901439855988	23.703121392688793	23.845441235347923	26.153535932107296	0.0
232.0	26.227764351071198	23.78173337970174	23.844856759608053	26.14564550961901	0.0
233.0	26.238577152258852	23.82352339510268	23.668345086166337	26.269554366472132	0.0
234.0	26.28650416292846	23.699030062509678	23.708966150087527	26.305499624474336	0.0
235.0	26.238284914388917	23.69143187789133	23.82352339510268	26.246759812617075	0.0
236.0	26.41567330144044	23.67389760569513	23.690847402151455	26.219581690712975	0.0
237.0	26.222504069412338	23.76215344241599	23.744619170219792	26.270723317951884	0.0
238.0	26.25055890492625	23.75075616548846	23.70779719860778	26.29088773097751	0.0
239.0	26.040732114311766	23.865897886243488	23.78874708858022	26.304622910864527	0.0
240.0	26.3064990326559	23.776791924576386	23.72068012180937	26.19602892095834	0.0
241.0	26.441155496323315	23.6859794947334	23.65558400261869	26.2172810063246	0.0
242.0	26.39436496222362	23.80598868900612	23.615426208186587	26.18422014058367	0.0
243.0	26.22056725980312	23.727698926742583	23.840227278041482	26.21150653541282	0.0
244.0	26.30206734886549	23.890111624562664	23.699247944488775	26.108573082083076	0.0
245.0	26.25569641713997	23.576370720927446	23.95637545637107	26.211557405561514	0.0
246.0	26.165363860127105	23.670348045205536	23.720920714916307	26.443367379751052	0.0
247.0	26.19220244638305	23.760729237317864	23.798150010524594	26.248918305774495	0.0
248.0	26.30549447979042	23.62287144461078	23.881631268712574	26.190002806886227	0.0
249.0	26.17444366149825	23.723952013519952	23.900261101186214	26.201343223795586	0.0
