# Position (bp)	A	C	G	T	N
0.0	26.195646234242837	23.770847773505245	23.770847773505245	26.262658218746676	0.0
1.0	26.258056537407352	23.68284061789076	23.792130549699596	26.26697229500229	0.0
2.0	26.19007941524635	23.851869303881116	23.7475721460505	26.210479134822034	0.0
3.0	26.288443642797237	23.76871201590019	23.71902393070092	26.223820410601657	0.0
4.0	26.198661118147275	23.77218905172587	23.808662238190013	26.22048759193684	0.0
5.0	26.364440411442747	23.780575353637452	23.674613339153108	26.180370895766686	0.0
6.0	26.169091086595724	23.726964182138737	23.79702637669341	26.306918354572133	0.0
7.0	26.138624663717042	23.7716520286081	23.88649786243192	26.203225445242946	0.0
8.0	26.252813375591384	23.746325386982683	23.76957879748289	26.231282439943044	0.0
9.0	26.31723979562547	23.709168149721567	23.62190711292267	26.351684941730298	0.0
10.0	26.331197905903426	23.63263759729972	23.83182934949829	26.20433514729857	0.0
11.0	26.235907327041858	23.84933755826502	23.692911758627815	26.221843356065307	0.0
12.0	26.356742669513906	23.758639296457027	23.74801956327065	26.136598470758422	0.0
13.0	26.324596450138916	23.75060274161328	23.72534499781865	26.19945581042915	0.0
14.0	26.288431953342055	23.734816651741635	23.721039700580928	26.255711694335375	0.0
15.0	26.159560056026265	23.802553328281782	23.694059837891206	26.34382677780074	0.0
16.0	26.18653991871599	23.811450942573074	23.815756239810796	26.186252898900143	0.0
17.0	26.297329567633348	23.791646575279557	23.6802828867305	26.230740970356592	0.0
18.0	26.18653991871599	23.636942894537437	23.777008564671302	26.399508622075267	0.0
19.0	26.27522904181305	23.694059837891206	23.86167941034649	26.16903170994925	0.0
20.0	26.312541617873297	23.7925076347271	23.637803953984985	26.257146793414616	0.0
21.0	26.17620720534546	23.891242451378844	23.655025142935866	26.27752520033983	0.0
22.0	26.07862046795711	23.865697687768364	23.75634313793024	26.299338706344287	0.0
23.0	26.227870772198113	23.670237193175815	23.91391701683084	26.187975017795228	0.0
24.0	26.217538058827582	23.65301600422493	23.85565199421368	26.273793942733807	0.0
25.0	26.186826938531837	23.769259029643404	23.773851346696976	26.270062685127783	0.0
26.0	26.239925604463732	23.70008725402402	23.79910909049161	26.26087805102064	0.0
27.0	26.191344081237855	23.845824878232193	23.76431148449093	26.198519556039024	0.0
28.0	26.285486310629175	23.78067156703759	23.717527388787314	26.21631473354592	0.0
29.0	26.197658499062882	23.782393680989873	23.806503276321795	26.213444543625453	0.0
30.0	26.353509811744242	23.782680699981917	23.684520204701943	26.179289283571894	0.0
31.0	26.17376079905858	23.71458913349215	23.804425820154414	26.30722424729485	0.0
32.0	26.133004219167074	23.78203840303091	23.87818948939468	26.206767888407335	0.0
33.0	26.2667546855716	23.720042478688903	23.778307166843664	26.23489566889584	0.0
34.0	26.310381447145602	23.70884877012715	23.629057719353636	26.35171206337361	0.0
35.0	26.335352027783358	23.634511064550388	23.826813237277918	26.203323670388336	0.0
36.0	26.23030337820384	23.859820326626675	23.683591171321144	26.226285123848342	0.0
37.0	26.361757699262363	23.76166011308516	23.747022186504406	26.12956000114807	0.0
38.0	26.32530639189461	23.750466404523408	23.731236187250655	26.192991016331334	0.0
39.0	26.2776613759651	23.741568841307657	23.727217932895154	26.253551849832096	0.0
40.0	26.15740076346833	23.80873109267817	23.687035389340146	26.34683275451336	0.0
41.0	26.186389598461584	23.801842656640165	23.827674291782667	26.18409345311558	0.0
42.0	26.295456502396604	23.784621566545162	23.681582044143397	26.23833988691484	0.0
43.0	26.194713125340837	23.620160156137885	23.786343675554665	26.398783042966617	0.0
44.0	26.2776613759651	23.694210843546397	23.864125599150427	26.16400218133808	0.0
45.0	26.300335811256854	23.788639820900663	23.637955282569386	26.2730690852731	0.0
46.0	26.175482908068084	23.893688470480182	23.66378691771189	26.267041703739846	0.0
47.0	26.070721276656812	23.86068138113143	23.749892368186906	26.318704974024854	0.0
48.0	26.22743319652134	23.67325851726414	23.898567779340432	26.200740506874087	0.0
49.0	26.21997072414684	23.64800091845814	23.855228035934676	26.276800321460346	0.0
50.0	26.199592434201087	23.77715909417066	23.767113458281912	26.256135013346345	0.0
51.0	26.23719181424184	23.696219970724147	23.798685456789414	26.2679027582446	0.0
52.0	26.18574040429263	23.853150445881443	23.752694375321102	26.208414774504824	0.0
53.0	26.2798820932749	23.76561015582172	23.72227053680854	26.23223721409485	0.0
54.0	26.21042389591603	23.779674005700162	23.792876803545237	26.21702529483857	0.0
55.0	26.35192344673389	23.76044384362147	23.690698628918145	26.196934080726496	0.0
56.0	26.168731272172025	23.725646648221073	23.804289174884907	26.301332904721995	0.0
57.0	26.138594537501582	23.793382547099412	23.882070651986727	26.185952263412283	0.0
58.0	26.26689092224148	23.729664879510466	23.781901886272575	26.221542311975476	0.0
59.0	26.313100582069502	23.72392454909705	23.62892208075497	26.334052788078484	0.0
60.0	26.338645052409216	23.627486998151614	23.832129777389987	26.201738172049183	0.0
61.0	26.23388402236433	23.855952148605674	23.681159087517077	26.229004741512924	0.0
62.0	26.36533758883161	23.772717357611103	23.74688587075072	26.11505918280656	0.0
63.0	26.319414945524265	23.748894986395417	23.736553276006568	26.195136792073754	0.0
64.0	26.2835378804404	23.741719573378646	23.727081730824427	26.247660815356532	0.0
65.0	26.16844425565136	23.80601127400893	23.681446104037747	26.344098366301967	0.0
66.0	26.19255364338771	23.797974811430144	23.826102430455897	26.183369114726247	0.0
67.0	26.293009425622536	23.769560175883726	23.695222897029954	26.24220750146378	0.0
68.0	26.18738734601564	23.618015452969473	23.788503266248004	26.406093934766883	0.0
69.0	26.28066771523369	23.695509913550623	23.859683363374394	26.164139007841293	0.0
70.0	26.30535113601139	23.790799398413373	23.634088378127043	26.269761087448195	0.0
71.0	26.177628784312823	23.892977279772225	23.662215997152796	26.267177938762153	0.0
72.0	26.072867754267936	23.851072867754265	23.75033006899877	26.325729308979025	0.0
73.0	26.22785667543024	23.662503013673465	23.899578659747654	26.210061651148642	0.0
74.0	26.225273526744196	23.641263791143817	23.841601322572128	26.291861359539855	0.0
75.0	26.21207076679334	23.751191118560786	23.781327853231232	26.255410261414646	0.0
76.0	26.23618015452969	23.69694499615398	23.79309553057874	26.27377931873759	0.0
77.0	26.186164121315798	23.86277205500369	23.74251247800742	26.208551345673094	0.0
78.0	26.283175426864098	23.777528393027815	23.72270839492212	26.216587785185975	0.0
79.0	26.204533125916658	23.785564832540693	23.803646821444666	26.206255220097987	0.0
80.0	26.358947570842652	23.772075094786935	23.682813213054622	26.186164121315798	0.0
81.0	26.17030314510898	23.73096373854093	23.795255070117733	26.303478046232353	0.0
82.0	26.14648091064079	23.788940742909297	23.870452966872744	26.194125379577173	0.0
83.0	26.27276745480951	23.735555976510703	23.771719850522654	26.219956718157135	0.0
84.0	26.310079388313902	23.725223441078715	23.62275913137819	26.34193803922919	0.0
85.0	26.3448081879603	23.62419420574374	23.8265396912868	26.204457915009154	0.0
86.0	26.243778952625323	23.854093119105432	23.68245822498522	26.219669703284026	0.0
87.0	26.371213556286488	23.757082091994008	23.75449895813601	26.117205393583497	0.0
88.0	26.327587295573657	23.742731348338474	23.736130006256925	26.193551349830948	0.0
89.0	26.284535064607045	23.748471645800688	23.716900009758508	26.25009327983376	0.0
90.0	26.165423892266098	23.812475962504376	23.675856882903673	26.346243262325853	0.0
91.0	26.200439706785605	23.78922775778241	23.823095512809473	26.18723702262251	0.0
92.0	26.290849391815485	23.784922534685748	23.69049464143232	26.233733432066447	0.0
93.0	26.18379284414518	23.607834357976433	23.78951477265552	26.418858025222868	0.0
94.0	26.272480439936395	23.70283628097608	23.852371029866767	26.172312249220752	0.0
95.0	26.311514462679458	23.781478356208417	23.629073458586625	26.277933722525503	0.0
96.0	26.189820156480508	23.881933561797172	23.65605285665903	26.27219342506329	0.0
97.0	26.092522114495974	23.84031640519612	23.739000154988034	26.328161325319876	0.0
98.0	26.246075071610207	23.65117360381615	23.89628430545271	26.206467019120932	0.0
99.0	26.225984030492462	23.633091666810174	23.846343717531443	26.29458058516592	0.0
100.0	26.214790450441143	23.760239255598226	23.772867910015098	26.252102383945537	0.0
101.0	26.24492701211777	23.699679117371865	23.79324596600596	26.262147904504413	0.0
102.0	26.196920339250607	23.856894795000215	23.743524245511818	26.20266062023736	0.0
103.0	26.301967481308207	23.77739190333367	23.707647489344602	26.21299312601352	0.0
104.0	26.207252845026762	23.79231663389923	23.787150381011152	26.213280140062857	0.0
105.0	26.352481953991646	23.771651622346916	23.68267726705222	26.193189156609215	0.0
106.0	26.16756980161646	23.738002847171195	23.79310938648053	26.301317964731812	0.0
107.0	26.144608743570902	23.78794314842028	23.865723732549597	26.20172437545922	0.0
108.0	26.285532237325498	23.718485947832477	23.76727819617928	26.228703618662745	0.0
109.0	26.317677718589273	23.719921013960324	23.621762490815577	26.34063877663483	0.0
110.0	26.338342670830272	23.6140131337252	23.831282145481264	26.21636204996326	0.0
111.0	26.243915319617926	23.860270481263775	23.671702792064657	26.224111407053634	0.0
112.0	26.36847905951506	23.764695077149156	23.751205455547392	26.11562040778839	0.0
113.0	26.330593313739897	23.74661324393828	23.738289860396765	26.184503581925057	0.0
114.0	26.287254316678915	23.73685479426892	23.72078205363703	26.255108835415136	0.0
115.0	26.15723732549596	23.811478232916972	23.68576644011756	26.345518001469507	0.0
116.0	26.195984110947833	23.806311994856724	23.806599008082294	26.191104886113152	0.0
117.0	26.28007898603968	23.779619764878763	23.700404114621602	26.239897134459955	0.0
118.0	26.177328251285818	23.608272869213813	23.80258082292432	26.41181805657605	0.0
119.0	26.26314520573108	23.696672942689197	23.862566587068333	26.177615264511388	0.0
120.0	26.307058229243204	23.78220288390889	23.631807953710506	26.278930933137403	0.0
121.0	26.186225661278474	23.880361407053638	23.663379408523145	26.270033523144747	0.0
122.0	26.077734662013224	23.841614621601764	23.747187270389418	26.33346344599559	0.0
123.0	26.250516623806025	23.642714456282146	23.898156227038942	26.20861269287289	0.0
124.0	26.228703618662745	23.633243019838353	23.83817046289493	26.299882898603965	0.0
125.0	26.213491917707564	23.7520664952241	23.76785222263042	26.266589364437916	0.0
126.0	26.24678545187362	23.684618387215284	23.79884965099192	26.26974650991918	0.0
127.0	26.197207353299945	23.860338963592266	23.736348894278375	26.206104788829414	0.0
128.0	26.302254495357545	23.773086692593605	23.708508531492615	26.21615028055623	0.0
129.0	26.207252845026762	23.776530861185655	23.805519280168763	26.210697013618816	0.0
130.0	26.353055982090325	23.782558156221747	23.672057747226727	26.192328114461205	0.0
131.0	26.192690305211613	23.71489090564673	23.787792683416857	26.3046261057248	0.0
132.0	26.14561986602146	23.792097906513515	23.866147743776082	26.196134483688944	0.0
133.0	26.282812975368387	23.73325985752582	23.754211943262902	26.2297152238429	0.0
134.0	26.316756263400045	23.723856457709672	23.619095728345382	26.340291550544897	0.0
135.0	26.355503382479988	23.623974995192487	23.812831323745094	26.20769029858243	0.0
136.0	26.249020558934365	23.861336976519247	23.671332585179083	26.2183098793673	0.0
137.0	26.38133479519995	23.77810242442159	23.732466928616326	26.10809585176213	0.0
138.0	26.33828244066668	23.741651430916757	23.734476038494545	26.185590089922016	0.0
139.0	26.295517101830303	23.744521587885643	23.715533002499907	26.24442830778415	0.0
140.0	26.147129986538964	23.82287687313619	23.678220961904405	26.351772178420436	0.0
141.0	26.20317325465254	23.801419009678195	23.80486320792625	26.190544527743015	0.0
142.0	26.297888706473945	23.775587522817812	23.693500797905926	26.233022972802317	0.0
143.0	26.180211932998866	23.616293353845446	23.79883586099216	26.404658852163532	0.0
144.0	26.267464955282826	23.704694442212094	23.86083142945708	26.167009173048	0.0
145.0	26.306786218614743	23.77357840717312	23.646143071995223	26.273492302216916	0.0
146.0	26.187674362536306	23.876904354614652	23.66049389802877	26.274927384820266	0.0
147.0	26.089514712466848	23.844758504299506	23.735118193403213	26.33060858983043	0.0
148.0	26.248536198939178	23.656460242015108	23.898130926959197	26.19687263208652	0.0
149.0	26.21782507864343	23.640387132327618	23.849050538449173	26.29273725057978	0.0
150.0	26.20777938508875	23.760648435167965	23.789063396936925	26.242508782806368	0.0
151.0	26.22729673256642	23.694633877522904	23.814034120915707	26.264035268994974	0.0
152.0	26.19637378123861	23.866340228525836	23.737754981960755	26.199531008274807	0.0
153.0	26.29970121151412	23.766170025286517	23.715367372067725	26.218761391131633	0.0
154.0	26.204984400428234	23.77162341743995	23.80663993547776	26.216752246654057	0.0
155.0	26.345911534498445	23.781669139827848	23.68408212234542	26.188337203328295	0.0
156.0	26.184107047525014	23.717157569043014	23.793505278324716	26.305230105107256	0.0
157.0	26.1399057421514	23.77456186173602	23.8781766100469	26.207355786065683	0.0
158.0	26.283990516810846	23.730934599289334	23.755618445147327	26.22945643875249	0.0
159.0	26.331998679697477	23.714929464272902	23.61074037399004	26.342331482039583	0.0
160.0	26.353525351243523	23.61504570829925	23.81510024253383	26.21632869792339	0.0
161.0	26.241586659204085	23.852987184454875	23.67273718804265	26.23268896829839	0.0
162.0	26.370172643905796	23.780944590347442	23.73903933640447	26.109843429342288	0.0
163.0	26.340609348315898	23.738752314117193	23.731289734647895	26.189348602919015	0.0
164.0	26.28119573484881	23.740187425553593	23.725836311189564	26.25278052840803	0.0
165.0	26.141702903230435	23.831747535196108	23.68163487894835	26.344914682625102	0.0
166.0	26.187414610624447	23.803687672931424	23.819760967153076	26.189136749291052	0.0
167.0	26.289020791954172	23.78330903204326	23.689739497824363	26.237930678178206	0.0
168.0	26.17765582484702	23.61798372004914	23.77957773159895	26.424782723504897	0.0
169.0	26.260892527066282	23.701220422268403	23.867406803595827	26.170480247069495	0.0
170.0	26.309399432842334	23.79191972537629	23.64151961515941	26.257161226621967	0.0
171.0	26.18253521773573	23.880322843595366	23.66017611738097	26.276965821287927	0.0
172.0	26.08092903640601	23.848750301374267	23.750301374266655	26.320019287953066	0.0
173.0	26.25832376578645	23.661021814006887	23.888920780711825	26.191733639494835	0.0
174.0	26.228473019517796	23.63059701492537	23.844144661308842	26.296785304247987	0.0
175.0	26.190872560275547	23.770091848450058	23.790470723306544	26.248564867967854	0.0
176.0	26.23450057405281	23.705223880597014	23.803960964408727	26.25631458094145	0.0
177.0	26.188651517369454	23.873776905214996	23.743753569901177	26.193818007514373	0.0
178.0	26.300305109945782	23.774465483540425	23.70414381212346	26.221085594390342	0.0
179.0	26.20041963381066	23.76987304785605	23.822973085456617	26.20673423287667	0.0
180.0	26.343933248947327	23.794557389659555	23.67544108909612	26.186068272296993	0.0
181.0	26.174949339548448	23.717702168209918	23.798070023364083	26.30927846887755	0.0
182.0	26.14280219748678	23.78773701341569	23.87642868213939	26.193032106958135	0.0
183.0	26.293491925900835	23.725451925671216	23.75444175913754	26.226614389290408	0.0
184.0	26.335186583122127	23.72236270691194	23.61128253113546	26.33116817883047	0.0
185.0	26.364750557553595	23.627069119424103	23.81076760132837	26.19741272169393	0.0
186.0	26.23558756246466	23.86386794375382	23.67557699980195	26.224967493979566	0.0
187.0	26.37508359716071	23.772305731679662	23.758815374414823	26.093795296744805	0.0
188.0	26.33719578526796	23.74561204602795	23.740158497346417	26.177033671357673	0.0
189.0	26.286391673866305	23.74302878612617	23.72121459140004	26.24936494860748	0.0
190.0	26.140293974976824	23.823396871959286	23.676438086435876	26.359871066628017	0.0
191.0	26.18256237155421	23.796771489913777	23.820307925464128	26.200358213067886	0.0
192.0	26.27871732166845	23.794188222597274	23.687126143813362	26.23996831192092	0.0
193.0	26.17452553990287	23.623979609409982	23.7841421830331	26.417352667654047	0.0
194.0	26.268671282104272	23.71611614369855	23.859630994615323	26.155581579581856	0.0
195.0	26.304549994833465	23.796484460211943	23.64493277764383	26.254032767310758	0.0
196.0	26.183136430957877	23.884315548973007	23.65641396571717	26.276134054351946	0.0
197.0	26.077796530384965	23.857334757000654	23.739939608950735	26.324929103663646	0.0
198.0	26.262945188178833	23.660417001538498	23.893487795356954	26.183150014925715	0.0
199.0	26.23108452547705	23.632574800799098	23.85071987875726	26.28562079496659	0.0
200.0	26.203816390732275	23.77810053043698	23.786137454361754	26.231945624468988	0.0
201.0	26.238547383407195	23.709786677076398	23.802498335208615	26.249167604307793	0.0
202.0	26.19441948844832	23.864278927986085	23.748317264223243	26.19298431934235	0.0
203.0	26.292010987654674	23.78103911983949	23.708993630719508	26.217956261786323	0.0
204.0	26.18580847381247	23.780178018375906	23.830408937085057	26.20360457072657	0.0
205.0	26.339371568151876	23.795390810899246	23.676558808924455	26.188678812024417	0.0
206.0	26.17497631964178	23.72657079709521	23.798042423720542	26.300410459542466	0.0
207.0	26.137087746491	23.781394414305808	23.890467579436837	26.191050259766353	0.0
208.0	26.294095697350674	23.713654238066535	23.76130198915009	26.230948075432703	0.0
209.0	26.32918949794626	23.72491668795513	23.615556174276456	26.330337639822154	0.0
210.0	26.361337470471224	23.61900059990413	23.81504582521262	26.204616104412022	0.0
211.0	26.241643679909526	23.86556406775185	23.664926274939795	26.227865977398828	0.0
212.0	26.39061508830646	23.773999753149496	23.751323951100638	26.084061207443405	0.0
213.0	26.340383881236207	23.741564745155557	23.740990674217613	26.177060699390626	0.0
214.0	26.291013780572865	23.73783328405891	23.717453765761835	26.25369916960639	0.0
215.0	26.151514542652038	23.818203215371323	23.679852119326387	26.350430122650252	0.0
216.0	26.195219123505975	23.798753114343775	23.80621605795837	26.199811704191877	0.0
217.0	26.30084847928172	23.789567952971975	23.685086742367705	26.2244968253786	0.0
218.0	26.1682377119763	23.630262810429752	23.784688335993202	26.416811141600743	0.0
219.0	26.256644890179913	23.717521843461885	23.86878996980378	26.157043296554416	0.0
220.0	26.30084847928172	23.803632731322548	23.653799786445	26.24171900295073	0.0
221.0	26.16479327646188	23.888021401425995	23.656957185666556	26.29022813644557	0.0
222.0	26.068636118350803	23.861614062482058	23.743642146112954	26.32610767305418	0.0
223.0	26.257807476807198	23.655793607054285	23.895184623863322	26.191214292275188	0.0
224.0	26.2365665472582	23.63656195462478	23.835480389455313	26.291391108661706	0.0
225.0	26.200686598695693	23.774627996693305	23.784961421879306	26.2397239827317	0.0
226.0	26.235418388904197	23.715497841462295	23.794720767888307	26.2543630017452	0.0
227.0	26.19444691618133	23.871428858468985	23.74627923865401	26.187844986695673	0.0
228.0	26.290318413929498	23.78273337103131	23.71183438916365	26.215113825875548	0.0
229.0	26.187844986695673	23.7723999161842	23.83124320073023	26.20851189638989	0.0
230.0	26.337680081978743	23.795076108765354	23.68600075204588	26.181243057210025	0.0
231.0	26.177873713337657	23.705013462233985	23.808922389790517	26.30819043463784	0.0
232.0	26.13653977530412	23.779931224919775	23.892738430802968	26.19079056897314	0.0
233.0	26.306468187219778	23.70558754470667	23.75610680230322	26.23183746577033	0.0
234.0	26.33668311417672	23.720007692727215	23.615811424848083	26.32749776824798	0.0
235.0	26.359646478998567	23.614089172486445	23.811287067894057	26.21497728062093	0.0
236.0	26.232773888357862	23.869556606129496	23.668627163938332	26.22904234157431	0.0
237.0	26.389785895327243	23.776554978601013	23.75273048759835	26.080928638473395	0.0
238.0	26.340988745080818	23.735795006042235	23.743832183729882	26.179384065147065	0.0
239.0	26.28530258538784	23.74526739403125	23.7073778420752	26.26205217850572	0.0
240.0	26.1385786175438	23.822810900499782	23.683583512032406	26.355026969924012	0.0
241.0	26.187263509051967	23.79149178059382	23.81761703251589	26.20362767783832	0.0
242.0	26.28790793561465	23.787893579267134	23.686537765807774	26.237660719310433	0.0
243.0	26.17118177797943	23.614309753674213	23.794646190249196	26.419862278097163	0.0
244.0	26.259197353230057	23.710360197358973	23.857690164791297	26.172752284619673	0.0
245.0	26.30458759866267	23.79852709704845	23.64457312239341	26.25231218189547	0.0
246.0	26.182022910849906	23.89208690956304	23.64878839061046	26.27710178897659	0.0
247.0	26.075187710662657	23.84823381004514	23.750535187308376	26.32604329198383	0.0
248.0	26.257290096971232	23.644358298919858	23.89598886498798	26.202362739120932	0.0
249.0	26.23773480726537	23.62710363153233	23.841924240507055	26.29323732069525	0.0
