# Position (bp)	A	C	G	T	N
0.0	26.302883380067698	23.71890116519388	23.68901723771966	26.289198217018754	0.0
1.0	26.24060192374292	23.73705495291187	23.767776747511533	26.254566375833676	0.0
2.0	26.292081489031933	23.785972604269936	23.773126492313278	26.148819414384857	0.0
3.0	26.320933596575248	23.85708979918961	23.54795740842616	26.27401919580898	0.0
4.0	26.292333124832457	23.803446966312215	23.70264051469931	26.201579394156017	0.0
5.0	26.149430101582087	23.713191151915204	23.79584177989244	26.341536966610263	0.0
6.0	26.271425420411493	23.770315584332184	23.804657681880496	26.15360131337583	0.0
7.0	26.316186221818942	23.747330215676694	23.642074404969637	26.294409157534727	0.0
8.0	26.242085161981976	23.867075390577018	23.725250427149987	26.16558902029102	0.0
9.0	26.196804055789443	23.67058994316088	23.770532992373063	26.362073008676617	0.0
10.0	26.104142996323475	23.803036689846156	23.798011830751577	26.294808483078786	0.0
11.0	26.173374388293198	23.81029481964943	23.74636744561288	26.26996334644449	0.0
12.0	26.032399174806475	23.80499080171627	23.798290989590168	26.36431903388709	0.0
13.0	26.230601950203646	23.842118927248414	23.77260837644011	26.15467074610783	0.0
14.0	26.31958014627882	23.757746636145384	23.65613310256267	26.26654011501312	0.0
15.0	26.2266205125342	23.58773937803584	23.859639327787395	26.326000781642566	0.0
16.0	26.2796605437999	23.825302886494335	23.70889397576908	26.186142593936683	0.0
17.0	26.31930098821953	23.75104684272235	23.62095918709173	26.30869298196639	0.0
18.0	26.28859360169728	23.83116520573949	23.775054435821563	26.105186756741666	0.0
19.0	26.23276198983865	23.724247669030206	23.816928144715536	26.22606219641561	0.0
20.0	26.281056334096363	23.59555580369605	23.869689017921946	26.253698844285633	0.0
21.0	26.252023895929877	23.77924180671096	23.75746747808609	26.21126681927307	0.0
22.0	26.241415889676734	23.72313103679303	23.760259058679022	26.27519401485121	0.0
23.0	26.130031824018758	23.88839260789459	23.80380771592876	26.177767852157892	0.0
24.0	26.236111886550166	23.742392942884262	23.77840433253308	26.243090838032497	0.0
25.0	26.30673887555134	23.70693986935403	23.69214449221149	26.294176762883144	0.0
26.0	26.233599464016528	23.75635084584892	23.763050639271956	26.246999050862595	0.0
27.0	26.29361844676456	23.784824967896824	23.78426665177824	26.137289933560382	0.0
28.0	26.31001532573467	23.856501991787194	23.557803702183847	26.275678980294288	0.0
29.0	26.294382518054498	23.80429958042661	23.704919588745497	26.1963983127734	0.0
30.0	26.125492363652608	23.72418144106571	23.800670535786566	26.349655659495113	0.0
31.0	26.26172111629413	23.77415059418627	23.806532838666634	26.157595450852966	0.0
32.0	26.334302009094944	23.730881215785786	23.64210920074479	26.29270757437448	0.0
33.0	26.235480331973836	23.88497603434751	23.72697301386574	26.15257061981291	0.0
34.0	26.179090561413204	23.68202869178524	23.769963234986225	26.368917511815333	0.0
35.0	26.09925157933231	23.80290379402659	23.81323261338671	26.28461201325439	0.0
36.0	26.176019831333168	23.8123951415467	23.75460958458605	26.25697544253408	0.0
37.0	26.031416360291555	23.811836826986692	23.798995592106547	26.357751220615206	0.0
38.0	26.233526231013816	23.83640266762697	23.773033965066258	26.15703713629296	0.0
39.0	26.31440838362803	23.74840182903339	23.661305000809556	26.275884786529026	0.0
40.0	26.219216016883383	23.58984093662589	23.861460211823953	26.329482834666774	0.0
41.0	26.286492733556287	23.81847011071347	23.710157388435103	26.18487976729514	0.0
42.0	26.306871158108656	23.74840182903339	23.64204320226005	26.302683810597898	0.0
43.0	26.286492733556287	23.837173596261536	23.775200853102266	26.101132817079915	0.0
44.0	26.226753242402758	23.72467352647241	23.825449023231403	26.223124207893427	0.0
45.0	26.280072134039784	23.58565358911513	23.879326227869868	26.25494804897522	0.0
46.0	26.251039857965175	23.787483739133833	23.747843516031956	26.213632886869036	0.0
47.0	26.227869868405623	23.73556063000039	23.761243028066396	26.27532647352759	0.0
48.0	26.135469066668154	23.882676105878478	23.803395659674727	26.17845916777864	0.0
49.0	26.231219746414236	23.744493638023346	23.784692174126658	26.23959444143576	0.0
50.0	26.31022103611727	23.711553170938693	23.6956412503978	26.282584542546246	0.0
51.0	26.236802876428584	23.750635081039132	23.766547001580026	26.24601504095226	0.0
52.0	26.292634176572072	23.780783983116617	23.790554460641726	26.136027379669592	0.0
53.0	26.30540194236551	23.85134399522085	23.553763996169984	26.289490066243655	0.0
54.0	26.307356032415562	23.793279605162148	23.713441068831425	26.18592329359086	0.0
55.0	26.13483779656806	23.722932363360254	23.7952336952122	26.346996144859485	0.0
56.0	26.265761829921587	23.781834220583267	23.806399924069645	26.1460040254255	0.0
57.0	26.334713293116295	23.730469567839027	23.651468498672614	26.283348640372058	0.0
58.0	26.243429372206702	23.873955608657177	23.71762840465297	26.164986614483155	0.0
59.0	26.184248359262245	23.669892776287398	23.776251106154547	26.36960775829581	0.0
60.0	26.10692222442445	23.794954539490764	23.81365797282698	26.284465263257808	0.0
61.0	26.178106933390655	23.80472498974103	23.749731312618117	26.267436764250203	0.0
62.0	26.037412449786864	23.81449543999129	23.798304408147995	26.349787702073847	0.0
63.0	26.241196126435206	23.82454504596299	23.78155506486183	26.15270376273997	0.0
64.0	26.32151949618116	23.741569520746793	23.667314306132475	26.269596676939567	0.0
65.0	26.221302871946044	23.590825851980885	23.856023047032025	26.33184822904105	0.0
66.0	26.277133860377866	23.821128679262138	23.713374871588726	26.18836258877127	0.0
67.0	26.312307383089912	23.744640225110544	23.64107374156952	26.301978650230023	0.0
68.0	26.291649917370137	23.835365581312253	23.77115994461566	26.101824556701953	0.0
69.0	26.233027379516727	23.726495153870204	23.819174594667025	26.221302871946044	0.0
70.0	26.278808790030816	23.596688105766226	23.872214033677253	26.252289070525702	0.0
71.0	26.24810174639332	23.781488677475547	23.752177408548842	26.218232167582293	0.0
72.0	26.21711554781366	23.74268614051543	23.764739380946	26.27545893072491	0.0
73.0	26.141464558488543	23.875843047925322	23.809125016749295	26.173567376836836	0.0
74.0	26.235260619054003	23.74045290097816	23.776184733574524	26.24810174639332	0.0
75.0	26.301141185403548	23.70583768815043	23.69411318057975	26.298907945866272	0.0
76.0	26.235260619054003	23.751898253606683	23.76418107106168	26.248660056277632	0.0
77.0	26.3042118897673	23.770601634731342	23.787350931260885	26.137835544240474	0.0
78.0	26.309442389559635	23.853164910321727	23.560890501779607	26.27650219833903	0.0
79.0	26.30972154372252	23.80068392769907	23.71833344964757	26.17126107893084	0.0
80.0	26.12547979621746	23.728941307837253	23.793984227789796	26.351594668155485	0.0
81.0	26.2689650359411	23.786726219554748	23.804312931816597	26.139995812687555	0.0
82.0	26.32954148928746	23.73229115779189	23.65440714634657	26.28376020657408	0.0
83.0	26.23937469467513	23.877451322492846	23.717775141321795	26.165398841510225	0.0
84.0	26.186893712052484	23.663340079558935	23.78198059878568	26.3677856096029	0.0
85.0	26.115709400516433	23.791750994486705	23.8165957149836	26.27594389001326	0.0
86.0	26.179077395491664	23.80961686091144	23.74736548258776	26.263940261009143	0.0
87.0	26.024984297578335	23.805150394305254	23.80068392769907	26.369181380417334	0.0
88.0	26.247191011235955	23.828878498150605	23.783097215437223	26.140833275176217	0.0
89.0	26.32388492180914	23.753719718836713	23.664111482695283	26.258283876658865	0.0
90.0	26.219760709719566	23.588740069118376	23.86007715799523	26.331422063166826	0.0
91.0	26.282291067650032	23.82099568428869	23.71435909174655	26.18235415631473	0.0
92.0	26.31578947368421	23.73697051581962	23.651549580432466	26.2956904300637	0.0
93.0	26.28564090825345	23.841373881292817	23.774097915840837	26.0988872946129	0.0
94.0	26.221435630021272	23.72524607370766	23.82881197903	26.22450631724107	0.0
95.0	26.28731582855516	23.594043983407122	23.869289219654632	26.24935096838309	0.0
96.0	26.257446416508014	23.776331142909786	23.756232099289278	26.209990341292926	0.0
97.0	26.225622930775543	23.735295595517915	23.76628162109953	26.272799852607015	0.0
98.0	26.138527075086675	23.874593133943375	23.821833144439545	26.165046646530403	0.0
99.0	26.242372133792635	23.734737288750676	23.774656222608073	26.248234354848616	0.0
100.0	26.30015688420159	23.70710110377248	23.689793593988153	26.302948418037776	0.0
101.0	26.240697213490925	23.74311189025922	23.7704689218538	26.24572197439605	0.0
102.0	26.295411276680085	23.7735396090736	23.786659818103654	26.144389296142656	0.0
103.0	26.308178892154977	23.846332074355086	23.556571671035407	26.288917362454534	0.0
104.0	26.31794923330737	23.797201215988746	23.717084418539084	26.1677651321648	0.0
105.0	26.128962920159566	23.718480181560853	23.804180031097598	26.348376867181983	0.0
106.0	26.274401427028117	23.789943248275534	23.803621725888892	26.132033598807457	0.0
107.0	26.33581499998604	23.74332476334838	23.64673796224182	26.27412227442376	0.0
108.0	26.241182267109963	23.86168546759457	23.728529675317606	26.168602589977862	0.0
109.0	26.18898073009572	23.663766271107427	23.782126975353616	26.365126023443235	0.0
110.0	26.11695935817233	23.788547485253766	23.81534613527177	26.279147021302133	0.0
111.0	26.17390648946059	23.807250709745496	23.751420188874654	26.267422611919255	0.0
112.0	26.03153866123994	23.80334257328454	23.799992742032288	26.365126023443235	0.0
113.0	26.24983599784494	23.82790800246771	23.799992742032288	26.12226325765506	0.0
114.0	26.32150473999799	23.746887457150194	23.663700213271994	26.26790758957982	0.0
115.0	26.214589590986748	23.581350424869076	23.871668322967494	26.33239166117668	0.0
116.0	26.28716906551135	23.818071172549327	23.720368033766203	26.17439172817312	0.0
117.0	26.322342195473276	23.7309758031198	23.652254988443115	26.294427012963812	0.0
118.0	26.281306877184363	23.829237245553113	23.77982737251136	26.109628504751164	0.0
119.0	26.224359904865057	23.72846343669395	23.816117109773664	26.23105954866733	0.0
120.0	26.291077191062673	23.594470560648524	23.86692274194089	26.24752950634791	0.0
121.0	26.26344116037831	23.77508179148475	23.75861183380417	26.20286521433277	0.0
122.0	26.231338700492422	23.72958004399433	23.771452817758522	26.267628437754727	0.0
123.0	26.1442433310629	23.86692274194089	23.818071172549327	26.17076275444689	0.0
124.0	26.22910548589167	23.72427615931753	23.792668356465715	26.253949998325087	0.0
125.0	26.305034782317406	23.71283093448865	23.685474055629378	26.296660227564566	0.0
126.0	26.233851066918273	23.75079558270152	23.772848576883995	26.24250477349621	0.0
127.0	26.30168496041627	23.76335741483078	23.795180722891565	26.139776901861385	0.0
128.0	26.30901634996804	23.840749022268003	23.56075896010072	26.289475667663243	0.0
129.0	26.316832622889958	23.79161816390166	23.72043424979133	26.171114963417054	0.0
130.0	26.130152473578132	23.709055177457806	23.807317168491398	26.353475180472664	0.0
131.0	26.274474772908725	23.776889449677018	23.807317168491398	26.14131860892286	0.0
132.0	26.32472238195999	23.745903424095406	23.656016034570353	26.27335815937425	0.0
133.0	26.23706821950389	23.871522446723574	23.734737288750676	26.156672045021857	0.0
134.0	26.192403678124982	23.668298783449554	23.770748075237417	26.368549463188046	0.0
135.0	26.11479903747913	23.785822357952803	23.8257412918102	26.27363731275787	0.0
136.0	26.177050242025985	23.805363094806072	23.75762786620737	26.259958796960575	0.0
137.0	26.03356540284625	23.7919637323924	23.8165292301508	26.357941634610555	0.0
138.0	26.251025888684797	23.824624678275725	23.79224288577602	26.13210654726346	0.0
139.0	26.315862935306022	23.742061553492917	23.671993858608417	26.27008165259264	0.0
140.0	26.225975294856585	23.577081443227023	23.8660060018145	26.330937260101887	0.0
141.0	26.286345973469118	23.810520791460092	23.72844923846532	26.174683996605474	0.0
142.0	26.320402876412523	23.742127830631112	23.647215150297022	26.290254142659343	0.0
143.0	26.27434231095627	23.818895439724866	23.792934030104067	26.113828219214792	0.0
144.0	26.22716512573139	23.7340323373085	23.81973290455134	26.21906963240877	0.0
145.0	26.29360400196525	23.585801063022018	23.875005583098844	26.245589351913885	0.0
146.0	26.270434141766046	23.763622761177363	23.766972620483273	26.19897047657332	0.0
147.0	26.22409442136764	23.731519942829067	23.778976282996116	26.265409352807183	0.0
148.0	26.151514136406274	23.858814596453616	23.815266425476796	26.174404841663318	0.0
149.0	26.240079503549463	23.729073789231848	23.78602155640481	26.244825150813877	0.0
150.0	26.301493762265405	23.698366659873876	23.695016791216645	26.305122786644077	0.0
151.0	26.238756971933608	23.760126402063523	23.762080497568547	26.23903612843432	0.0
152.0	26.298775619587854	23.7564973675542	23.80311650317401	26.14161050968394	0.0
153.0	26.306665438374633	23.844219071467055	23.56701589242395	26.28209959773436	0.0
154.0	26.304432180134608	23.792016660106473	23.72669385658574	26.17685730317318	0.0
155.0	26.13142761431523	23.713081346658477	23.796549606387135	26.35894143263916	0.0
156.0	26.279939701859195	23.77310032940651	23.80045781921724	26.146502149517058	0.0
157.0	26.32181341075317	23.747696946010834	23.661995421807827	26.268494221428174	0.0
158.0	26.240020099380267	23.873038914633465	23.732622410809	26.154318575177264	0.0
159.0	26.19256322930043	23.661995421807827	23.77924180671096	26.366199542180784	0.0
160.0	26.105186756741666	23.782312545363187	23.828094467087265	26.284406230807882	0.0
161.0	26.186142593936683	23.795712132209257	23.764446429568423	26.253698844285633	0.0
162.0	26.039863770867065	23.78873318072693	23.819998883367763	26.351404165038243	0.0
163.0	26.251186421752	23.826140360672213	23.793478867734912	26.12919434984088	0.0
164.0	26.317141190165792	23.743296698388416	23.675181941773047	26.26438016967274	0.0
165.0	26.23478933278246	23.565472518208136	23.87059312878435	26.32914502022506	0.0
166.0	26.277294831638837	23.81706111920674	23.739454745434344	26.166189303720085	0.0
167.0	26.321122891646986	23.73442987231239	23.651519465800156	26.29292777024047	0.0
168.0	26.280644747053472	23.818736076914057	23.793611711304287	26.107007464728184	0.0
169.0	26.23346677163068	23.731917435751416	23.815107001881536	26.219508790736366	0.0
170.0	26.303535835720147	23.589266871011507	23.87317220240189	26.234025090866453	0.0
171.0	26.261382733419314	23.768766505312406	23.774070538052246	26.19578022321603	0.0
172.0	26.22648778118353	23.729963318426208	23.778816251556314	26.26473264883395	0.0
173.0	26.145531491996493	23.858376742653913	23.82320263080024	26.172889134549354	0.0
174.0	26.23214420309477	23.725562996731032	23.78418668014081	26.258106120033386	0.0
175.0	26.310588274704998	23.70685925011934	23.685643059932946	26.296909415242713	0.0
176.0	26.247571297764477	23.747124639882085	23.768620050472343	26.2366840118811	0.0
177.0	26.286933023650533	23.757453603412465	23.8166357728298	26.1389776001072	0.0
178.0	26.31743505995003	23.845455941264323	23.5707605767486	26.266348422037044	0.0
179.0	26.31743505995003	23.778457071870246	23.730999539382772	26.17310832879695	0.0
180.0	26.13493609964993	23.700637049361557	23.81062716700073	26.353799683987784	0.0
181.0	26.277309094563584	23.766798617586137	23.8181645608491	26.137727727001174	0.0
182.0	26.31611271474593	23.741673971424902	23.66322924285483	26.27898407097433	0.0
183.0	26.23515552155974	23.879859525311687	23.73218243843066	26.15280251469792	0.0
184.0	26.199422691463763	23.65848347635771	23.7810359170775	26.36105791510103	0.0
185.0	26.11316140631019	23.787456659985374	23.82095618820035	26.278425745504087	0.0
186.0	26.186302042912896	23.79890233212549	23.75786541006214	26.25693021489947	0.0
187.0	26.02829593483225	23.79555237930399	23.817885398113976	26.35826628774978	0.0
188.0	26.261955144131722	23.823747815551595	23.791085775541994	26.12321126477469	0.0
189.0	26.325956902736642	23.738390287343005	23.675299333078364	26.260353476841992	0.0
190.0	26.23662457811414	23.561121455670232	23.873226264820094	26.329027701395542	0.0
191.0	26.28024745123	23.81578506582694	23.732035777695888	26.17193170524717	0.0
192.0	26.317655466595202	23.73036079193327	23.659173897021876	26.292809844449653	0.0
193.0	26.28694739428048	23.817739215883332	23.792893593737787	26.102419796098395	0.0
194.0	26.245910243096265	23.727569148995567	23.805735151251213	26.22078545665695	0.0
195.0	26.30481390908177	23.581845387647537	23.878597031925228	26.234743671345463	0.0
196.0	26.275501658235907	23.771118778823713	23.77056045023617	26.18281911270421	0.0
197.0	26.22999787835137	23.719194220182462	23.787868636449925	26.26293926501625	0.0
198.0	26.15239020468326	23.85123893113575	23.817739215883332	26.178631648297657	0.0
199.0	26.22616279232073	23.72623956271583	23.781793412262605	26.26580423270084	0.0
200.0	26.312013377664993	23.705713703452457	23.676401207116516	26.305871711766038	0.0
201.0	26.25039083437556	23.744304984813294	23.764405038413436	26.240899142397712	0.0
202.0	26.285712690463033	23.75030010664255	23.815346476608433	26.148640726285993	0.0
203.0	26.319844781619462	23.833279825798076	23.572814449826218	26.274060942756243	0.0
204.0	26.317611423626136	23.77269999022906	23.731662037101657	26.178026549043143	0.0
205.0	26.15129925963976	23.702136212884277	23.807941843195497	26.338622684280466	0.0
206.0	26.277631057336365	23.772061574195565	23.81700828024411	26.133299088223964	0.0
207.0	26.318111009988776	23.744981881731537	23.658996878856065	26.27791022942362	0.0
208.0	26.21998883305416	23.872975991066443	23.734505862646564	26.17252931323283	0.0
209.0	26.20156337241764	23.668341708542716	23.779731993299833	26.350362925739812	0.0
210.0	26.11501954215522	23.78168620882189	23.83389168062535	26.269402568397542	0.0
211.0	26.17671691792295	23.797040759352317	23.769402568397542	26.256839754327192	0.0
212.0	26.034204546089036	23.79549857899821	23.81950764660886	26.3507892283039	0.0
213.0	26.25964555718098	23.821594881014864	23.797306502585176	26.121453059218975	0.0
214.0	26.31527519926297	23.742654140900907	23.679839193735255	26.262231466100864	0.0
215.0	26.232638646547272	23.566772288837086	23.875542651349125	26.325046413266517	0.0
216.0	26.284080693702293	23.813631719124274	23.738253572086634	26.164034015086795	0.0
217.0	26.327353333668345	23.724294655968553	23.658687750213574	26.289664260149525	0.0
218.0	26.289385081827167	23.81502761073608	23.792972523269512	26.102614784167237	0.0
219.0	26.243320658637497	23.729878222415785	23.813631719124274	26.213169399822444	0.0
220.0	26.30892756439248	23.566279725511873	23.887334796227744	26.237457913867907	0.0
221.0	26.27417697771028	23.76825836422924	23.771887702684595	26.185676955375886	0.0
222.0	26.231329741198806	23.714788240877745	23.779279153521873	26.274602864401576	0.0
223.0	26.145900220553337	23.8672213071275	23.810268293363855	26.1766101789553	0.0
224.0	26.234194796601795	23.724346643810946	23.780741452138397	26.260717107448862	0.0
225.0	26.31013236029024	23.703128795133296	23.681073399797313	26.30566544477915	0.0
226.0	26.242085161981976	23.748980982054118	23.76796542597742	26.240968429986488	0.0
227.0	26.27964242041844	23.752463803722087	23.811930114521505	26.155963661337967	0.0
228.0	26.315451512486565	23.848290687773076	23.565755126540754	26.2705026731996	0.0
229.0	26.31852255119561	23.775423314767508	23.727403436771503	26.178650697265383	0.0
230.0	26.14075447256159	23.69843432425792	23.81206307372747	26.34874812945302	0.0
231.0	26.273367877962166	23.766834922832956	23.82406807674268	26.135729122462198	0.0
232.0	26.329484287405357	23.740870613986107	23.650414312197082	26.279230786411457	0.0
233.0	26.227302168717753	23.870412972103725	23.733611774953655	26.16867308422487	0.0
234.0	26.205246465503762	23.65516047617984	23.785261206530723	26.354331851785673	0.0
235.0	26.111864917835064	23.777855950326927	23.83229754705708	26.277981584780925	0.0
236.0	26.17454910938634	23.78357250544419	23.777151153051538	26.26472723211793	0.0
237.0	26.034116924451396	23.787760343961136	23.822658998269027	26.35546373331844	0.0
238.0	26.27086939527612	23.814562510469596	23.79781115640181	26.116756937852475	0.0
239.0	26.3209177534138	23.731430374198375	23.68117617169069	26.26647570069714	0.0
240.0	26.229325113635092	23.56015679967836	23.870629097285043	26.339888989401505	0.0
241.0	26.300418255834085	23.81349922100549	23.725269018355235	26.160813504805198	0.0
242.0	26.333218852003565	23.72081075119298	23.666920759374204	26.279049637429253	0.0
243.0	26.29243665566483	23.81339320119959	23.79189214848571	26.10227799464987	0.0
244.0	26.234292097179555	23.7266126780229	23.80424462440659	26.234850600390953	0.0
245.0	26.311144871035847	23.56597893231756	23.88322293093241	26.239653265714193	0.0
246.0	26.273015943943452	23.762312639813217	23.76733963196832	26.197331784275008	0.0
247.0	26.240102777506248	23.71227883984304	23.77176690731871	26.275851475332	0.0
248.0	26.154696996782267	23.865134519127636	23.81178494815874	26.168383535931355	0.0
249.0	26.2315824755946	23.727776769129786	23.77889194586819	26.261748809407425	0.0
