# Position (bp)	A	C	G	T	N
0.0	26.214667674678143	23.804024845821324	23.691038944135673	26.290268535364863	0.0
1.0	26.271918650376065	23.80700510650553	23.70952734362019	26.21154889949821	0.0
2.0	26.24211476581062	23.760377494337032	23.727147359034998	26.270360380817348	0.0
3.0	26.248369705176238	23.768937033929515	23.719093625304943	26.2635996355893	0.0
4.0	26.270653748065115	23.75496008395799	23.6214912511457	26.352618010539054	2.7690629214167635E-4
5.0	26.270771088140577	23.716906786583557	23.78170178241619	26.230620342859673	0.0
6.0	26.201459805506943	23.772511795848747	23.69774937421084	26.328279024433463	0.0
7.0	26.275318777776242	23.677747165266027	23.773553558819867	26.273380498137865	0.0
8.0	26.19127391339261	23.756254378411008	23.831293074565206	26.221178633631183	0.0
9.0	26.28263524121489	23.72387173232249	23.666554986695314	26.3269380397673	0.0
10.0	26.190080630870106	23.674796207690946	23.870835548467127	26.264287612971827	0.0
11.0	26.196449140528088	23.71882199184831	23.735712387028176	26.349016480595427	0.0
12.0	26.247120326067698	23.711899698741803	23.7758616870459	26.265118288144606	0.0
13.0	26.330187843345737	23.80022815878079	23.70276227184122	26.166821726032254	0.0
14.0	26.26116908900106	23.735369774029287	23.764997106489496	26.23846403048016	0.0
15.0	26.247878323037604	23.66780838038172	23.74644541233217	26.337867884248507	0.0
16.0	26.322915772539616	23.716818079871967	23.64011928462452	26.320146862963895	0.0
17.0	26.13490681234823	23.831450936306773	23.773026944259083	26.260615307085917	0.0
18.0	26.1836396208809	23.73010884583542	23.760566851168342	26.325684682115337	0.0
19.0	26.293288440079408	23.657563414951557	23.741461375095874	26.307686769873158	0.0
20.0	26.263661107619207	23.817329497470602	23.663378125060568	26.255354378892047	2.7689095757199854E-4
21.0	26.405983059811216	23.768319797980357	23.730939518708137	26.094757623500293	0.0
22.0	26.227665283134847	23.68940587507234	23.79517822086484	26.287750620927973	0.0
23.0	26.142936650117814	23.953559848596022	23.7204176623204	26.18308583896576	0.0
24.0	26.38272421937517	23.758351723507765	23.741461375095874	26.11746268202119	0.0
25.0	26.206344679401806	23.800439149058707	23.68995965698748	26.303256514552004	0.0
26.0	26.26718795859938	23.789297640341793	23.726997347391972	26.216517053666855	0.0
27.0	26.224546869202612	23.765485083925416	23.729489359109966	26.28047868776201	0.0
28.0	26.239498939510568	23.776006911179167	23.70983015555691	26.274663993753357	0.0
29.0	26.271064421271813	23.758562829153217	23.61790261218206	26.352193247202027	2.768901908880976E-4
30.0	26.260265703827173	23.714814178992896	23.77822203270627	26.246698084473657	0.0
31.0	26.196027179541137	23.77351489946117	23.69820076753961	26.332257153458084	0.0
32.0	26.278817346616677	23.677157113032113	23.767146425070745	26.27687911528046	0.0
33.0	26.190766265914263	23.75357880571723	23.832492510120336	26.22316241824817	0.0
34.0	26.280201797571117	23.728381798346412	23.666635285778366	26.324781118304102	0.0
35.0	26.18827425419627	23.669404187687245	23.875410489707992	26.26691106840849	0.0
36.0	26.19436583839581	23.716475520138225	23.73862673540927	26.350531906056695	0.0
37.0	26.24891320600076	23.710937716320462	23.774899350415613	26.26524972726316	0.0
38.0	26.34001007880295	23.79677367549577	23.69986210868494	26.16335413701634	0.0
39.0	26.266007669837048	23.72776231811826	23.7717877365674	26.23444227547729	0.0
40.0	26.245794741869833	23.673215101549197	23.738837895086597	26.342152261494373	0.0
41.0	26.32858467970816	23.720009414240423	23.641372817765223	26.310033088286193	0.0
42.0	26.137807866428542	23.832149631044842	23.77898686159682	26.251055640929792	0.0
43.0	26.190416857028147	23.724993423876175	23.753236145145436	26.331353573950246	0.0
44.0	26.296465506499977	23.6535559524304	23.74714457781285	26.302833963256774	0.0
45.0	26.268222785230716	23.810275366532373	23.665185308247153	26.256039650565548	2.7688942420844235E-4
46.0	26.40832883388019	23.76874195290111	23.73108499120876	26.09184422200994	0.0
47.0	26.22364358793316	23.69758137087954	23.80196868380612	26.276806357381176	0.0
48.0	26.149991001093714	23.949827636333428	23.721116971937256	26.1790643906356	0.0
49.0	26.37787099721726	23.752405476872813	23.758497044205395	26.11122648170453	0.0
50.0	26.20232310226911	23.801138015533496	23.705611164181583	26.290927718015812	0.0
51.0	26.26981138344649	23.78778145732038	23.72825039595078	26.214156763282347	0.0
52.0	26.24101496306305	23.76120014619721	23.726589064005584	26.271195826734157	0.0
53.0	26.24572207024111	23.767845473978003	23.71800551562206	26.26842694015882	0.0
54.0	26.269257606131426	23.760092591567076	23.627739813266288	26.342633100377675	2.768886575330328E-4
55.0	26.26427361029583	23.71800551562206	23.776982799676595	26.240738074405517	0.0
56.0	26.195605223227638	23.786950791347785	23.695023757046815	26.322420228377762	0.0
57.0	26.280333152432746	23.68422509940303	23.768676139950603	26.26676560821363	0.0
58.0	26.192559447994775	23.749847711238356	23.830422310580467	26.2271705301864	0.0
59.0	26.279225597802615	23.725204620717914	23.67065755518391	26.32491222629556	0.0
60.0	26.188683006789308	23.66262778411545	23.884138710141876	26.26455049895336	0.0
61.0	26.187298563501642	23.718836181594657	23.74957082258082	26.344294432322872	0.0
62.0	26.253751841309576	23.713021519786466	23.777259688334127	26.255966950569835	0.0
63.0	26.329896222131154	23.80190277885457	23.706653080663205	26.161547918351076	0.0
64.0	26.261708896684823	23.728461583189585	23.77220986994576	26.237619650179838	0.0
65.0	26.252294708395517	23.66782313509083	23.745074856641292	26.334807299872352	0.0
66.0	26.326500663146497	23.72070872224545	23.63736546709603	26.315425147512023	0.0
67.0	26.140985776269048	23.834232757498818	23.770271654709724	26.254509811522414	0.0
68.0	26.189164269279015	23.717386067555108	23.766118336346796	26.32733132681909	0.0
69.0	26.295212331479107	23.662285377273594	23.746736183986467	26.29576610726083	0.0
70.0	26.266139102938613	23.818450147719687	23.66450048040049	26.25063338105035	2.7688789086186894E-4
71.0	26.417596779240053	23.76556456056507	23.73261490155251	26.08422375864236	0.0
72.0	26.230143677126566	23.69578881206788	23.802390650049702	26.27167686075585	0.0
73.0	26.146800421977147	23.941665259153222	23.72486204060838	26.186672278261252	0.0
74.0	26.38575467179094	23.75615037227577	23.755042820712323	26.10305213522097	0.0
75.0	26.205223766948997	23.800175546922805	23.699111466758225	26.295489219369973	0.0
76.0	26.26246684276688	23.794571904817282	23.727565220762102	26.215396031653736	0.0
77.0	26.238931437210304	23.761068562789696	23.72839588213469	26.27160411786531	0.0
78.0	26.248068712308743	23.77214404775749	23.718704832787864	26.261082407145903	0.0
79.0	26.27049656936853	23.766329418149397	23.623178774940605	26.339718350417268	2.7688712419495073E-4
80.0	26.261636181394294	23.71621284867011	23.78211198422851	26.240038985707088	0.0
81.0	26.191860626097164	23.787095952464018	23.696276975728075	26.32476644571074	0.0
82.0	26.279633844466964	23.683540168015107	23.7715902735091	26.265235714008828	0.0
83.0	26.1843846737439	23.754700158933208	23.836658747694912	26.224256419627974	0.0
84.0	26.28710979682023	23.727288333637908	23.670803360302138	26.314798509239722	0.0
85.0	26.190476190476193	23.663881182197265	23.883175784559665	26.26246684276688	0.0
86.0	26.187430432110048	23.71953549416045	23.74916241644931	26.343871657280193	0.0
87.0	26.250560696426493	23.713167090303966	23.777681790241388	26.25859042302815	0.0
88.0	26.330304188194642	23.795956340438256	23.705137363702313	26.16860210766479	0.0
89.0	26.268485625444747	23.721408022505322	23.774847089509052	26.23525926254088	0.0
90.0	26.254364421210603	23.67350668265224	23.74798911282842	26.324139783308738	0.0
91.0	26.33216948767717	23.71476274992455	23.640280319748367	26.312787442649917	0.0
92.0	26.140564128264838	23.831055020088105	23.775400862224117	26.252979989422943	0.0
93.0	26.18957301354805	23.723069340650515	23.76349474885023	26.323862896951205	0.0
94.0	26.292574738550055	23.654955296697576	23.749373544616084	26.303096420136285	0.0
95.0	26.261563466506445	23.81665692949643	23.674060455367304	26.247442262272298	2.76886357532278E-4
96.0	26.413020304076596	23.765432953352956	23.73414479495181	26.087401947618638	0.0
97.0	26.234982376183343	23.69316561403703	23.80336638433488	26.268485625444747	0.0
98.0	26.156069764286645	23.93627183595037	23.72556131786831	26.18209708189468	0.0
99.0	26.380624600245323	23.74798911282842	23.7632178624927	26.108168424433558	0.0
100.0	26.20397110413973	23.800043748044487	23.698980227545206	26.297004920270574	0.0
101.0	26.262321408793888	23.790840624653892	23.731863993797763	26.214973972754457	0.0
102.0	26.238786133569608	23.76481337911175	23.718850371026694	26.27755011629195	0.0
103.0	26.24847712925019	23.7706279765201	23.720511684571935	26.260383209657768	0.0
104.0	26.26564403588437	23.77035109092923	23.62969321076531	26.33403477683021	2.768855908738509E-4
105.0	26.259552552885147	23.710543803300478	23.789456196699525	26.24044744711485	0.0
106.0	26.20223723557426	23.79277882379001	23.69725329493853	26.307730645697198	0.0
107.0	26.27976520101894	23.67344113412338	23.78253405692768	26.26425960793	0.0
108.0	26.188669841621444	23.745154502159707	23.839018717465944	26.227156938752906	0.0
109.0	26.28751799756341	23.72660316757116	23.678701960349983	26.30717687451545	0.0
110.0	26.19420755343892	23.663196367261047	23.881105327278767	26.261490752021267	0.0
111.0	26.198360837302026	23.709713146527854	23.754845497840293	26.337080518329824	0.0
112.0	26.25706058256728	23.706390519437367	23.78198028574593	26.254568612249418	0.0
113.0	26.337357403920702	23.791671281426517	23.711651345663974	26.159319968988815	0.0
114.0	26.265294425477837	23.712416346172482	23.79049786660243	26.231791361747252	0.0
115.0	26.258372304872342	23.66589969570358	23.74841137332104	26.32731662610304	0.0
116.0	26.33562317082963	23.71324700064514	23.643748909766003	26.307380918759222	0.0
117.0	26.147064605536034	23.82483158480567	23.778868703985204	26.24923510567309	0.0
118.0	26.191643062235404	23.717400273008437	23.7661320020711	26.324824662685064	0.0
119.0	26.291875368602923	23.654270533086354	23.754502839453874	26.299351258856852	0.0
120.0	26.269170813016906	23.810156689122024	23.665069041230918	26.255326571805927	2.768848242196693E-4
121.0	26.417027309150214	23.76557823242266	23.722661084668612	26.094733373758515	0.0
122.0	26.22736120455974	23.694695717422423	23.803511453340754	26.27443162467708	0.0
123.0	26.161739501219678	23.927832739415386	23.72210731502017	26.188320444344765	0.0
124.0	26.386293093661827	23.73899728929757	23.766685771719537	26.10802384532106	0.0
125.0	26.198011413192457	23.7957586782626	23.702725377324793	26.303504531220153	0.0
126.0	26.258721896112526	23.789733082290397	23.7473695868867	26.204175434710375	0.0
127.0	26.244600730977957	23.762321408793884	23.721896112526302	26.27118174770185	0.0
128.0	26.252907298704176	23.762321408793884	23.726880053162034	26.257891239339905	0.0
129.0	26.268136006202237	23.76398272233913	23.63550780817366	26.3320965776941	2.768855908738509E-4
130.0	26.26453649352088	23.708051832982612	23.78613356960904	26.24127810388747	0.0
131.0	26.196976409347656	23.78696422638166	23.709436260936982	26.306623103333703	0.0
132.0	26.283364713700298	23.672333591759884	23.780318972200686	26.26398272233913	0.0
133.0	26.189777383984936	23.745154502159707	23.83957248864769	26.225495625207664	0.0
134.0	26.28696422638166	23.72161922693543	23.68562410012183	26.30579244656108	0.0
135.0	26.193930667848047	23.660981282534056	23.88332041200576	26.261767637612138	0.0
136.0	26.198914608483776	23.706113633846496	23.76675157824787	26.328220179421862	0.0
137.0	26.24930778602281	23.6986377228929	23.788902425517776	26.26315206556651	0.0
138.0	26.339849374238568	23.78779488315428	23.707774947391737	26.16458079521542	0.0
139.0	26.26488610279683	23.711993886349227	23.789245180100732	26.233874830753212	0.0
140.0	26.253533762138005	23.656339728485236	23.76017211255984	26.329954396816913	0.0
141.0	26.341029851118204	23.705071727410918	23.647756251401734	26.30614217006914	0.0
142.0	26.150532037136	23.82025645214435	23.78176924844736	26.247442262272298	0.0
143.0	26.197602717916485	23.708394363701306	23.77207822593373	26.32192469244848	0.0
144.0	26.294789829410313	23.652186433122253	23.754634385409197	26.298389352058233	0.0
145.0	26.275130898025523	23.80475081612254	23.669907160004318	26.249934239490084	2.76886357532278E-4
146.0	26.420496235729967	23.76377163520776	23.734975454024404	26.080756675037865	0.0
147.0	26.23664369432854	23.695103818539756	23.80115129347462	26.267101193657087	0.0
148.0	26.164930127727676	23.918827995425836	23.724176886080645	26.19206499076584	0.0
149.0	26.37674819123987	23.740790067532583	23.771524453218664	26.110937288008884	0.0
150.0	26.205632422284918	23.79146027096099	23.712824545421824	26.29008276133227	0.0
151.0	26.263574391263656	23.785988403967238	23.752485061939648	26.197952142829458	0.0
152.0	26.247238050936154	23.756638368802573	23.720919929781424	26.275203650479845	0.0
153.0	26.24529984106679	23.77214404775749	23.721473704029815	26.261082407145903	0.0
154.0	26.264958826884634	23.762729885534863	23.634254259908406	26.337780140547906	2.7688712419495073E-4
155.0	26.269665907995947	23.707629347820067	23.784050194097876	26.23865455008611	0.0
156.0	26.190476190476193	23.789311049457577	23.710951993310406	26.309260766755827	0.0
157.0	26.28710979682023	23.673849118668283	23.780173774359145	26.258867310152347	0.0
158.0	26.19130685184878	23.743070899717022	23.846626684165933	26.218995564268273	0.0
159.0	26.29237065217993	23.717874171415282	23.689354797623203	26.300400378781585	0.0
160.0	26.19656770720848	23.64948305173913	23.887052204298396	26.266897036753996	0.0
161.0	26.20432054668594	23.700153395466806	23.77491291899944	26.320613138847815	0.0
162.0	26.250560696426493	23.708460009192653	23.789034162333383	26.25194513204747	0.0
163.0	26.34525609290117	23.789311049457577	23.71399775167655	26.151435105964705	0.0
164.0	26.262539560357407	23.714340300755627	23.79602222855988	26.227097910327085	0.0
165.0	26.25838624199448	23.65120986163912	23.76501078478335	26.32539311158305	0.0
166.0	26.335914851435803	23.706864327702355	23.6542556284386	26.30296519242324	0.0
167.0	26.151784404012655	23.809035959430386	23.79463778910557	26.244541847451387	0.0
168.0	26.21297662789313	23.708525655047527	23.763072569547315	26.315425147512023	0.0
169.0	26.29576610726083	23.644564552258437	23.76058057852956	26.29908876195117	0.0
170.0	26.28247548849946	23.805713304740046	23.669207574545144	26.24232674432449	2.7688789086186894E-4
171.0	26.42285764916643	23.76362634532904	23.731784237879925	26.081731767624603	0.0
172.0	26.22875923767226	23.69357370894099	23.8082052957578	26.269461757628953	0.0
173.0	26.15593772237559	23.921729331011164	23.737045107806303	26.185287838806946	0.0
174.0	26.38907732648128	23.74313664140526	23.766949000019384	26.100837032094077	0.0
175.0	26.20688509429417	23.79020758285178	23.711571421847008	26.29133590100704	0.0
176.0	26.263996721638293	23.786120125375184	23.760092591567076	26.18979056141944	0.0
177.0	26.249598511446575	23.754001041101354	23.725481509375452	26.27091893807662	0.0
178.0	26.24821406815891	23.764245921430074	23.725204620717914	26.2623353896931	0.0
179.0	26.278118043172476	23.748740156608225	23.634385141047083	26.338479770514684	2.768886575330328E-4
180.0	26.267873162843756	23.70720685797827	23.785843236717653	26.23907674246032	0.0
181.0	26.191451893364643	23.78861212329298	23.709698855896065	26.310237127446314	0.0
182.0	26.28088692974781	23.669550000553777	23.789996566580644	26.259566503117764	0.0
183.0	26.187298563501642	23.7418179401699	23.850635182580383	26.220248313748073	0.0
184.0	26.301930467720318	23.7108064105262	23.69003976121122	26.29722336054226	0.0
185.0	26.196989666515304	23.649614017211398	23.888292040004874	26.265104276268424	0.0
186.0	26.204742548926223	23.70000775288241	23.780028574909455	26.31522112328191	0.0
187.0	26.255413173254773	23.708868189923468	23.785289459402584	26.25042917741918	0.0
188.0	26.342633100377675	23.785843236717653	23.712744631128928	26.15877903177574	0.0
189.0	26.256593429413964	23.716132962301508	23.79892290013983	26.228350708144703	0.0
190.0	26.263792554443384	23.64940261106727	23.759327712478022	26.327477122011324	0.0
191.0	26.33910647782808	23.70478049590896	23.6535559524304	26.302557073832567	0.0
192.0	26.155528789577883	23.80944469825975	23.78646287605045	26.24856363611192	0.0
193.0	26.203430659965942	23.703672938212126	23.765142390386398	26.327754011435534	0.0
194.0	26.293973501682107	23.642203486037854	23.763481053841147	26.3003419584389	0.0
195.0	26.28898949204635	23.803630020351374	23.66712353421661	26.239980063961454	2.7688942420844235E-4
196.0	26.42438842048428	23.769849510597943	23.721670750785673	26.084091318132103	0.0
197.0	26.23028893411416	23.688167130456453	23.81138292422921	26.270161011200177	0.0
198.0	26.151098558790547	23.91964668909471	23.739668563359224	26.18958618875552	0.0
199.0	26.39033102130664	23.7454832412676	23.767634395204276	26.096551342221485	0.0
200.0	26.21146045326799	23.791169996261992	23.71170273151417	26.28566681895585	0.0
201.0	26.269403080126487	23.780160264042486	23.756624597816998	26.193812058014032	0.0
202.0	26.255004790200303	23.751086793999235	23.72422844548309	26.269679970317373	0.0
203.0	26.25417411962764	23.76077795068032	23.726166676819307	26.258881252872733	0.0
204.0	26.282140028907335	23.754686366480783	23.62537864733604	26.337518067084954	2.768901908880976E-4
205.0	26.283524479861775	23.69958521849405	23.781544714996926	26.235345586647245	0.0
206.0	26.192150716868706	23.78071404442426	23.71813686128355	26.30899837742348	0.0
207.0	26.280755577952895	23.672726869977904	23.78237538556959	26.26414216649961	0.0
208.0	26.18107510923318	23.741949417699928	23.85353616462783	26.223439308439062	0.0
209.0	26.301799232460393	23.708168814411582	23.698477657730496	26.29155429539753	0.0
210.0	26.194919618777586	23.653621446806625	23.882055854289305	26.269403080126487	0.0
211.0	26.21457882233064	23.690170952003857	23.7682539858343	26.326996239831207	0.0
212.0	26.259158143063623	23.70346168116648	23.78514428747847	26.25223588829142	0.0
213.0	26.3458247728116	23.776006911179167	23.712045277084016	26.16612303892522	0.0
214.0	26.258953961340488	23.705465550611514	23.79767023948299	26.23791024856501	0.0
215.0	26.265322453364643	23.64676466760625	23.75918239638048	26.328730482648627	0.0
216.0	26.339529229993936	23.709895805932664	23.653133159630407	26.297441804442993	0.0
217.0	26.160657671402426	23.80902276874344	23.78659460118011	26.243724958674026	0.0
218.0	26.208559807062382	23.70934202401752	23.755582813932044	26.32651535498805	0.0
219.0	26.296611131570273	23.643441976115387	23.75918239638048	26.300764495933855	0.0
220.0	26.28996574858855	23.794347547992125	23.673346199533164	26.24206361292859	2.7689095757199854E-4
221.0	26.433395264610844	23.759459287338053	23.722355899023405	26.084789549027697	0.0
222.0	26.24150983101345	23.68303738304818	23.80902276874344	26.26643001719493	0.0
223.0	26.158719434699425	23.92393251613582	23.738969356477728	26.178378692687033	0.0
224.0	26.400168349702202	23.726509263386987	23.769704252768218	26.103618134142593	0.0
225.0	26.221296791110692	23.784933255434677	23.70740378731452	26.286366166140112	0.0
226.0	26.282839358497252	23.7758616870459	23.749833864965446	26.191465089491405	0.0
227.0	26.26871788055999	23.746234272550062	23.717714424951268	26.267333421938687	0.0
228.0	26.25459640262272	23.75952507531455	23.727128743576113	26.258749778486624	0.0
229.0	26.28145489987595	23.76229399255715	23.63077042353358	26.325203792309054	2.768917242601453E-4
230.0	26.290869218500795	23.689471469076732	23.78666046429204	26.23299884813043	0.0
231.0	26.19395711500975	23.78499911394648	23.71937577529683	26.301667995746943	0.0
232.0	26.286715842636895	23.670365940102783	23.78666046429204	26.25625775296828	0.0
233.0	26.189249955697324	23.728790093921674	23.85671407052986	26.225245879851144	0.0
234.0	26.306928938507884	23.711069023569024	23.68919457735247	26.292807460570618	0.0
235.0	26.205032783980155	23.64489190147085	23.888002835371257	26.262072479177746	0.0
236.0	26.210570618465358	23.690025252525253	23.779184387737022	26.32021974127237	0.0
237.0	26.255427077795503	23.70386983873826	23.78195330497962	26.258749778486624	0.0
238.0	26.350677830940988	23.772262094630516	23.72269847598795	26.154361598440545	0.0
239.0	26.258822486992976	23.7028279030101	23.801678522280152	26.236671087716772	0.0
240.0	26.264024721166944	23.64930720923278	23.76034202044591	26.326326049154364	0.0
241.0	26.343989256392863	23.70654446275042	23.654210912514365	26.295255368342357	0.0
242.0	26.15696449289609	23.81133026341658	23.79083953823874	26.240865705448595	0.0
243.0	26.20294349758401	23.705816384454568	23.76479709803813	26.326443019923296	0.0
244.0	26.28388668900396	23.654085786281946	23.7595879600144	26.302439564699693	0.0
245.0	26.288885319805278	23.801387881238128	23.67290087116408	26.23654901613287	2.769116596423409E-4
246.0	26.423406983216246	23.7630945688865	23.719065249236408	26.094433198660845	0.0
247.0	26.226693583448945	23.681506896733158	23.80002935369261	26.291770166125282	0.0
248.0	26.15001176942994	23.90966616358123	23.757632821478516	26.18268924551031	0.0
249.0	26.383461873970177	23.731878539482977	23.774248487282094	26.11041109926476	0.0
