# Position (bp)	A	C	G	T	N
0.0	26.272628424870724	23.72584987148521	23.813001989281673	26.18851971436239	0.0
1.0	26.2687549974131	23.681305455722573	23.822132211146062	26.227807335718257	0.0
2.0	26.25588588439044	23.8177049615723	23.684356135429287	26.24205301860797	0.0
3.0	26.330582582017666	23.708009084948696	23.664299526664216	26.297108806369422	0.0
4.0	26.14227029419494	23.767686966624712	23.63877785308234	26.45126488609801	0.0
5.0	26.201619863241056	23.85923565469473	23.76933545774414	26.169809024320077	0.0
6.0	26.327144785466132	23.785432940187206	23.65432276338209	26.233099510964575	0.0
7.0	26.214309224628884	23.87710452145388	23.744893415167766	26.16369283874947	0.0
8.0	26.2841132558712	23.719897221154298	23.820020854480532	26.175968668493972	0.0
9.0	26.252630822033357	23.80945796077759	23.77820614582152	26.15970507136753	0.0
10.0	26.311117256637168	23.805309734513276	23.732024336283185	26.15154867256637	0.0
11.0	26.14103982300885	23.784568584070797	23.74253318584071	26.331858407079643	0.0
12.0	26.233683628318584	23.69690265486726	23.77516592920354	26.29424778761062	0.0
13.0	26.21321902654867	23.712389380530972	23.80199115044248	26.272400442477878	0.0
14.0	26.230641592920357	23.683904867256636	23.787057522123895	26.298396017699115	0.0
15.0	26.249170353982297	23.67837389380531	23.794524336283185	26.277931415929203	0.0
16.0	26.258019911504427	23.734236725663717	23.710730088495573	26.297013274336283	0.0
17.0	26.2829092920354	23.75691371681416	23.819413716814157	26.140763274336283	0.0
18.0	26.366150442477874	23.81028761061947	23.581858407079643	26.241703539823007	0.0
19.0	26.168694690265486	23.90403761061947	23.76133849557522	26.16592920353982	0.0
20.0	26.093677838280314	23.797500560009514	23.75795420919743	26.350867392512743	0.0
21.0	26.1796842375989	23.747168840794135	23.798053655825065	26.275093265781894	0.0
22.0	26.222549163304304	23.71813131047757	23.808562476320585	26.250757049897537	0.0
23.0	26.10971761693137	23.74329717008526	23.880188384434778	26.266796828548593	0.0
24.0	26.345336434357208	23.772058152494047	23.66392792055332	26.218677492595432	0.0
25.0	26.27813529276744	23.735000732851955	23.814923078199453	26.17194089618115	0.0
26.0	26.270945047165245	23.69490128622432	23.813816886568347	26.220336780042093	0.0
27.0	26.24688537918866	23.821283680078317	23.685498657359908	26.246332283373107	0.0
28.0	26.323765697550616	23.703474271365398	23.671947809878844	26.30081222120514	0.0
29.0	26.152582542636775	23.76210242781408	23.635720033960084	26.44959499558906	0.0
30.0	26.202084618128822	23.863318962060394	23.767080290154066	26.167516129656722	0.0
31.0	26.330606578503435	23.784437032981014	23.66026736577784	26.224689022737707	0.0
32.0	26.213627137018047	23.87431485445324	23.745167338676225	26.16689066985249	0.0
33.0	26.28359356419489	23.721384284378956	23.82149435014187	26.173527801284287	0.0
34.0	26.245153511319074	23.810985558708193	23.784437032981014	26.15942389699172	0.0
35.0	26.31207791992301	23.80877318156426	23.733552358670583	26.14559653984215	0.0
36.0	26.15002129413001	23.772268958689388	23.736317830100496	26.341391917080102	0.0
37.0	26.235750908457366	23.685709702933057	23.783330844409043	26.295208544200534	0.0
38.0	26.222476645593773	23.707556927229383	23.797711295844604	26.27225513133224	0.0
39.0	26.23326198417044	23.687645532934	23.791350711555797	26.28774177133976	0.0
40.0	26.23906947417326	23.677689835786307	23.797434748701612	26.28580594133882	0.0
41.0	26.24736588846301	23.73908330153041	23.712811322946223	26.30073948706036	0.0
42.0	26.28027499847899	23.752634111536995	23.82343018014281	26.143660709841203	0.0
43.0	26.35162416137079	23.81043246442221	23.593896051459893	26.24404732274711	0.0
44.0	26.166614122709497	23.89892755017948	23.756782318681864	26.177676008429156	0.0
45.0	26.08551367107021	23.792114556571708	23.764736465128884	26.3576353072292	0.0
46.0	26.17179614107184	23.74537821865416	23.804835689969387	26.277989950304615	0.0
47.0	26.22240412828433	23.72436069391017	23.80594187548223	26.247293302323264	0.0
48.0	26.11012629873093	23.742336208493846	23.881162490355447	26.266375002419778	0.0
49.0	26.337447421619842	23.772756310096984	23.664903222594948	26.224893045688226	0.0
50.0	26.28241469235598	23.73210399250006	23.80621842186044	26.179262893283518	0.0
51.0	26.27467139376609	23.694493685063453	23.810090071155383	26.22074485001507	0.0
52.0	26.25641933280421	23.81672718423243	23.679836727018305	26.247016755945058	0.0
53.0	26.332469586812056	23.70887409673039	23.656053738492215	26.302602577965338	0.0
54.0	26.15796882216132	23.754227702756893	23.632547296344335	26.455256178737457	0.0
55.0	26.21438428331623	23.856549862694724	23.765013011507094	26.16405284248195	0.0
56.0	26.328248581321002	23.785688211413593	23.65460559064612	26.231457616619284	0.0
57.0	26.21348215174611	23.868375349830202	23.747248371146338	26.170894127277357	0.0
58.0	26.28261855510448	23.724295085231358	23.82136259554651	26.171723764117655	0.0
59.0	26.248050353425295	23.814725500824103	23.788453667547927	26.148770478202678	0.0
60.0	26.308337297153795	23.818044048185307	23.737016183449295	26.1366024712116	0.0
61.0	26.154024844857908	23.76909547460758	23.743100186944837	26.33377949358967	0.0
62.0	26.236988528887956	23.687237973031273	23.783199300892687	26.292574197188085	0.0
63.0	26.226203249964048	23.701065253702946	23.801727856992734	26.27100363934027	0.0
64.0	26.24030707624916	23.687514518644708	23.78734748509419	26.28483092001195	0.0
65.0	26.243349077996925	23.686684881804403	23.782093118438954	26.287872921759714	0.0
66.0	26.257729449895468	23.735080364155266	23.70383070983728	26.303359476111993	0.0
67.0	26.290085286667182	23.752779283415006	23.805876041194235	26.151259388723574	0.0
68.0	26.344011681286712	23.815002046437538	23.584916096060883	26.256070176214862	0.0
69.0	26.165639760622117	23.89298790942578	23.761352197431446	26.18002013252066	0.0
70.0	26.074860690532486	23.793365689080627	23.772348280582403	26.35942533980448	0.0
71.0	26.16141922816333	23.74109871268373	23.810234924848938	26.287247134304003	0.0
72.0	26.227513446993267	23.713444227817646	23.818531270308764	26.24051105488033	0.0
73.0	26.10749298267446	23.739439443591763	23.889326751565935	26.263740822167836	0.0
74.0	26.340896834944203	23.7709655563391	23.673345224761828	26.214792383954865	0.0
75.0	26.280056968238824	23.723123297520775	23.82046708424939	26.176352649991014	0.0
76.0	26.263464277319176	23.695192267806032	23.82102017394671	26.22032328092809	0.0
77.0	26.242999958518272	23.825168346676623	23.683300839313613	26.24853085549149	0.0
78.0	26.33066467554376	23.706254061752468	23.66449578960468	26.298585473099102	0.0
79.0	26.165290856044578	23.75243705147882	23.632693132008683	26.44957896046791	0.0
80.0	26.20953803183031	23.86333153579182	23.765987749063207	26.161142683314665	0.0
81.0	26.328379506977207	23.785003567418684	23.661111817834882	26.22550510776923	0.0
82.0	26.206147021896758	23.867690248502512	23.75264790960327	26.173514819997457	0.0
83.0	26.28828061481281	23.716420634613364	23.82123084240859	26.174067908165238	0.0
84.0	26.253436060242365	23.810169079052894	23.78140849432808	26.154986366376665	0.0
85.0	26.299342378168504	23.82593209183476	23.734396000066372	26.140329529930366	0.0
86.0	26.1610703362223	23.76951709872071	23.7443515870865	26.325060977970498	0.0
87.0	26.24431010547391	23.68019335962346	23.783067758831436	26.29242877607119	0.0
88.0	26.22439893143366	23.70314651858653	23.800213492032764	26.27224105794705	0.0
89.0	26.233524886202108	23.685724241301305	23.793023345851562	26.28772752664502	0.0
90.0	26.243480473222235	23.678534095120103	23.789981360928746	26.288004070728917	0.0
91.0	26.252882972074577	23.732460191479124	23.702869974502637	26.311786861943666	0.0
92.0	26.282473189051064	23.75237136551938	23.81459378439517	26.150561661034384	0.0
93.0	26.357693179869802	23.817359225234096	23.573723887324878	26.251223707571224	0.0
94.0	26.163835777061223	23.898663185898464	23.764815849294536	26.17268518774578	0.0
95.0	26.082459686897653	23.791298287920313	23.775258775410872	26.350983249771158	0.0
96.0	26.16874120246566	23.748157530136307	23.80263656400457	26.280464703393463	0.0
97.0	26.230963449269513	23.714972331840922	23.82724891940698	26.22681529948259	0.0
98.0	26.111220192086986	23.738201970647694	23.884493386466524	26.266084450798793	0.0
99.0	26.32968941419829	23.772216798900462	23.684829110055944	26.213264676845306	0.0
100.0	26.273274577096128	23.723821718053024	23.828078549364363	26.17482515548648	0.0
101.0	26.275763466968282	23.689530346481124	23.81784644655662	26.21685973999397	0.0
102.0	26.242301725353766	23.815634100003592	23.692572322991534	26.2494918516511	0.0
103.0	26.32775361096439	23.70446368571405	23.66076984129179	26.307012862029772	0.0
104.0	26.16403996604048	23.744285923668514	23.64555995873974	26.44611415155127	0.0
105.0	26.212435046887922	23.86015757438324	23.765026672603128	26.16238070612571	0.0
106.0	26.322979580097783	23.782659675670892	23.661534036857592	26.23282670737373	0.0
107.0	26.218446494546583	23.862027388774585	23.75085728191854	26.168668834760293	0.0
108.0	26.294495696997856	23.715459834959404	23.82469414393487	26.165350324107873	0.0
109.0	26.25550319683193	23.811973186433928	23.785701643768945	26.1468219729652	0.0
110.0	26.29836729275901	23.820822548173712	23.742561005287495	26.138249153779785	0.0
111.0	26.162861441118558	23.768002920289373	23.74145483507002	26.327680803522046	0.0
112.0	26.251631601070773	23.685316696533263	23.781830048007787	26.281221654388176	0.0
113.0	26.227019313731997	23.699696909360412	23.804783080020353	26.268500696887237	0.0
114.0	26.238357558461097	23.68559323908763	23.790679409747572	26.2853697927037	0.0
115.0	26.244994579765933	23.67646733479348	23.789849782084467	26.28868830335612	0.0
116.0	26.249695803190193	23.734541271210812	23.707440100882724	26.308322824716267	0.0
117.0	26.28371053737749	23.7547288776797	23.804229994911616	26.15733059003119	0.0
118.0	26.35616468662198	23.816674409858187	23.577741642884007	26.249419260635825	0.0
119.0	26.171710802858346	23.887469303776466	23.769938718169954	26.170881175195237	0.0
120.0	26.08826709659935	23.791298287920313	23.77249334221959	26.34794127326075	0.0
121.0	26.160168359572683	23.74788098681718	23.81701681659924	26.2749338370109	0.0
122.0	26.22543258288695	23.716908135074817	23.837481022214725	26.220178259823513	0.0
123.0	26.12034612161822	23.734606907499025	23.88615264638129	26.258894324501465	0.0
124.0	26.338538800410387	23.762814326050105	23.685105653375075	26.213541220164434	0.0
125.0	26.273274577096128	23.728522954478205	23.83195015583216	26.166252312593507	0.0
126.0	26.276593096925666	23.683169850141176	23.822824226300927	26.21741282663223	0.0
127.0	26.253363458118894	23.813698296769697	23.69008343311938	26.24285481199202	0.0
128.0	26.328030154283518	23.696167386140203	23.66851305422738	26.3072894053489	0.0
129.0	26.160444902891815	23.753411853199744	23.6510908251223	26.435052418786142	0.0
130.0	26.220178259823513	23.848542754979853	23.77111062562395	26.160168359572683	0.0
131.0	26.316488111369836	23.7844504792509	23.668025419932192	26.231035989447076	0.0
132.0	26.22108040242695	23.86160627865688	23.75071210101602	26.166601217900144	0.0
133.0	26.304043627594677	23.715314458277795	23.820677754240805	26.159964159886727	0.0
134.0	26.25869039783632	23.81072216722068	23.783067758831436	26.147519676111568	0.0
135.0	26.304043627594677	23.814040696227384	23.740479969912005	26.141435706265938	0.0
136.0	26.159687615802834	23.770346730972385	23.7479466601771	26.32201899304768	0.0
137.0	26.255924956997394	23.685447697217413	23.778919597573047	26.279707748212143	0.0
138.0	26.22827054860815	23.698445269160356	23.811828343556247	26.26145583867524	0.0
139.0	26.239957965183002	23.68081193567567	23.797237316961876	26.281992782179447	0.0
140.0	26.24936049003747	23.67085632112388	23.789217516350714	26.290565672487936	0.0
141.0	26.252125938524077	23.729760373888638	23.7045947926605	26.313518894926784	0.0
142.0	26.288906403395973	23.752990141176145	23.81161764909224	26.14648580633564	0.0
143.0	26.35942533980448	23.813000373335548	23.585680507736342	26.241893779123632	0.0
144.0	26.170268663320474	23.89043293096058	23.770135921793116	26.169162483925827	0.0
145.0	26.08848353447418	23.784305483346422	23.780710390371787	26.346500591807615	0.0
146.0	26.156790300992245	23.73480381854183	23.824404597294276	26.284001283171648	0.0
147.0	26.229870880496016	23.707214818461132	23.83774470897642	26.22516959206644	0.0
148.0	26.11980542196829	23.739017651955322	23.89277743824028	26.248399487836103	0.0
149.0	26.347679637613624	23.7545042491351	23.678730541505463	26.219085571745808	0.0
150.0	26.285180156138082	23.718553219967756	23.825023575578744	26.171243048315418	0.0
151.0	26.273841754631462	23.68315528355683	23.834426152437896	26.208576809373817	0.0
152.0	26.257802064695255	23.811749349424645	23.688133118364615	26.242315467515482	0.0
153.0	26.33385231870311	23.693940592307033	23.672369974806625	26.299837114183234	0.0
154.0	26.171243048315418	23.750356053461946	23.65328827471011	26.425112623512526	0.0
155.0	26.222127581906125	23.85295475977799	23.773862495609826	26.15105516270606	0.0
156.0	26.313184108494976	23.788861787268875	23.668010685781603	26.229943418454543	0.0
157.0	26.22137045702181	23.864635704448535	23.746826621534172	26.16716721699548	0.0
158.0	26.307376618492157	23.71419405866118	23.81430412442409	26.164125198422578	0.0
159.0	26.262852528470525	23.79909403155956	23.786925957267936	26.151127482701973	0.0
160.0	26.309035901350104	23.81209174728016	23.746826621534172	26.13204572983556	0.0
161.0	26.162465915564624	23.77116277011742	23.749315545821094	26.317055768496857	0.0
162.0	26.258704321325656	23.681284948645196	23.794116182985714	26.265894547043434	0.0
163.0	26.234921267028387	23.696218494366736	23.81043246442221	26.258427774182664	0.0
164.0	26.246055735465333	23.673607097325505	23.79335234139286	26.2869848258163	0.0
165.0	26.24909776245088	23.67139471406329	23.787821383237326	26.291686140248505	0.0
166.0	26.256841103868627	23.721173337463117	23.710111421152043	26.311874137516213	0.0
167.0	26.294175071418497	23.742190978454154	23.814646530291675	26.148987419835674	0.0
168.0	26.357781090207162	23.80635009305837	23.59368475197801	26.242184064756458	0.0
169.0	26.166409938025616	23.890697204930298	23.77122850877072	26.17166434827337	0.0
170.0	26.088772123893804	23.77820796460177	23.790099557522122	26.3429203539823	0.0
171.0	26.16288716814159	23.737278761061948	23.829092920353983	26.27074115044248	0.0
172.0	26.232649979673617	23.70028678176654	23.84298629144439	26.22407694711545	0.0
173.0	26.13889972040852	23.737067856935447	23.883639058736335	26.2403933639197	0.0
174.0	26.356820677048333	23.748406383867213	23.66737739872068	26.227395540363773	0.0
175.0	26.289895713207173	23.721581088443276	23.817267193769894	26.171256004579657	0.0
176.0	26.27191999977876	23.68120487058869	23.82915881957638	26.217716310056165	0.0
177.0	26.266942109906278	23.807034864587568	23.684523463837014	26.24149956166914	0.0
178.0	26.328059535562875	23.69669163908086	23.677056629028286	26.298192196327975	0.0
179.0	26.175957345014783	23.74287539512001	23.656868520100996	26.42429873976421	0.0
180.0	26.221588002179207	23.849623477941034	23.77218963548019	26.156598884399568	0.0
181.0	26.317070337778414	23.79548559449997	23.66467734887914	26.222766718842472	0.0
182.0	26.222213618438158	23.86102799241146	23.75068446175034	26.166073927400042	0.0
183.0	26.296329072616555	23.70947848162877	23.823693715120108	26.170498730634574	0.0
184.0	26.262735207247868	23.796723415082024	23.78649100100665	26.154050376663456	0.0
185.0	26.30255865662231	23.81165720859744	23.74362548258277	26.142158652197477	0.0
186.0	26.165112445934135	23.763260655538225	23.751368931072246	26.32025796745539	0.0
187.0	26.259416586466667	23.677253066958706	23.802531001449132	26.260799345125502	0.0
188.0	26.22871934424053	23.69854755030476	23.817188243232778	26.255544862221925	0.0
189.0	26.24870366017229	23.66432057965403	23.79485335803869	26.292122402134986	0.0
190.0	26.244278820227052	23.67621233700687	23.799831302977086	26.27967753978899	0.0
191.0	26.250639527648335	23.73096973132925	23.71437658153459	26.304014159487828	0.0
192.0	26.283898516015196	23.747352002522167	23.817043424393102	26.15170605706953	0.0
193.0	26.356632023761456	23.795195716743088	23.60271464681383	26.245457612681626	0.0
194.0	26.171064785367015	23.888117612571005	23.770582476479145	26.170235125582835	0.0
195.0	26.101168993868797	23.768988890824765	23.785858686423687	26.34398342888275	0.0
196.0	26.16145777158297	23.728612002997846	23.833979086984538	26.27595113843465	0.0
197.0	26.230813905251804	23.70004701457452	23.838601731242566	26.23053734893111	0.0
198.0	26.13429574932935	23.72604330871982	23.886999087364142	26.252661854586684	0.0
199.0	26.361071932299012	23.750933377582346	23.664647805525597	26.223346884593045	0.0
200.0	26.290346221815376	23.712281070497166	23.819861776768654	26.177510930918807	0.0
201.0	26.27402935376906	23.67245685018073	23.82649914682139	26.22701464922882	0.0
202.0	26.265732641203133	23.80492769414999	23.679370777319	26.249968887327878	0.0
203.0	26.32519241459226	23.68960338948364	23.67549897812157	26.30970521780253	0.0
204.0	26.182080661085717	23.73730250257891	23.659866090318513	26.420750746016864	0.0
205.0	26.2152676949116	23.84211821774566	23.77491447424824	26.1676996130945	0.0
206.0	26.315731250656825	23.796275298269293	23.669887661579818	26.21810578949406	0.0
207.0	26.21202148313264	23.870946330886706	23.753961713119423	26.16307047286123	0.0
208.0	26.296925212812443	23.72105114689175	23.81840004867445	26.163623591621356	0.0
209.0	26.260768560642727	23.799106710731916	23.777811579573267	26.162313149052093	0.0
210.0	26.311379067162633	23.8145940788473	23.73715723827039	26.136869615719675	0.0
211.0	26.17752395702255	23.76619605348673	23.74102908029924	26.31525090919148	0.0
212.0	26.264640402671567	23.677696807113126	23.79440518826832	26.263257601946982	0.0
213.0	26.238643749049324	23.696502896967516	23.821508082470235	26.243345271512926	0.0
214.0	26.264436479490243	23.659509270321696	23.793917872472235	26.282136377715826	0.0
215.0	26.255600420377235	23.68189612257315	23.791138890425355	26.27136456662426	0.0
216.0	26.25974887991592	23.722827590021573	23.710658775374743	26.306764754687762	0.0
217.0	26.288307672735417	23.750549672409072	23.809181396043467	26.151961258812044	0.0
218.0	26.360214503607786	23.802267277690355	23.601481280715973	26.23603693798589	0.0
219.0	26.172703613871377	23.888832039471318	23.775440498480275	26.163023848177026	0.0
220.0	26.10418775478597	23.776335949642956	23.792100183086358	26.327376112484718	0.0
221.0	26.16918064705264	23.727936987316706	23.83275531144041	26.270127054190244	0.0
222.0	26.234318649467887	23.706219439343318	23.84339668562073	26.21606522556807	0.0
223.0	26.122032435781133	23.748257627718655	23.885711441024846	26.243998495475363	0.0
224.0	26.35185963670155	23.765404783503328	23.67220169480275	26.210533884992365	0.0
225.0	26.28583281476872	23.729516697780543	23.829910806886538	26.154739680564198	0.0
226.0	26.264260526861648	23.6750328424255	23.834335891585425	26.22637073912743	0.0
227.0	26.245453916891375	23.81746525617092	23.684712715204313	26.252368111733386	0.0
228.0	26.31888996136327	23.697289344060536	23.679588907357573	26.304231787218622	0.0
229.0	26.178392745033506	23.7371153266422	23.651655405685712	26.43283652263858	0.0
230.0	26.20604967738188	23.847189917388743	23.780813279752635	26.165947125476734	0.0
231.0	26.308729658269996	23.787516732490346	23.673016715896143	26.230736893343508	0.0
232.0	26.21469582821679	23.852510703262418	23.761519144181516	26.171274324339272	0.0
233.0	26.294348013673623	23.71616164968526	23.822364563627715	26.167125773013396	0.0
234.0	26.25404139159391	23.790901372068003	23.79532650572087	26.159730730617227	0.0
235.0	26.312950983347672	23.80583619814642	23.737799768233625	26.143413050272287	0.0
236.0	26.168857568776254	23.768499132950375	23.7427780435931	26.31986525468027	0.0
237.0	26.254871104153814	23.67280561770717	23.80749562326625	26.264827654872764	0.0
238.0	26.223342026877155	23.69437814426489	23.82879157897066	26.253488249887297	0.0
239.0	26.254390574439253	23.6587659374395	23.800923749204856	26.28591973891639	0.0
240.0	26.25459131743152	23.674326237996194	23.789662344559012	26.281420100013275	0.0
241.0	26.262813455995843	23.72197359031239	23.709526628200944	26.305686325490825	0.0
242.0	26.2944316893032	23.754252994384665	23.806257088323974	26.14505822798816	0.0
243.0	26.369935960386726	23.78843414155106	23.59368732624241	26.247942571819806	0.0
244.0	26.167627067536053	23.893925268548003	23.773586993507266	26.16486067040868	0.0
245.0	26.094774903379836	23.770911314172523	23.792490047500877	26.341823734946757	0.0
246.0	26.159562430315592	23.726590879538307	23.839192587653653	26.274654102492455	0.0
247.0	26.23635266970279	23.71716478615263	23.83115769203101	26.215324852113575	0.0
248.0	26.11700773632309	23.75100992772791	23.887696036656227	26.244286299292774	0.0
249.0	26.36326408641661	23.759587396101956	23.660808163536352	26.216340353945082	0.0
