# Position (bp)	A	C	G	T	N
0.0	26.19988181738598	23.859209489626192	23.70983979690099	26.23106889608684	0.0
1.0	26.203711809507134	23.802853891271994	23.791637485774313	26.201796813446553	0.0
2.0	26.179767903747354	23.697673018947416	23.882058773643234	26.240500303662	0.0
3.0	26.303824478853205	23.567598621217925	23.793018547901735	26.33555835202714	0.0
4.0	26.297590160391525	23.668350919043725	23.690783300459863	26.343275620104883	0.0
5.0	26.28150766251033	23.662411844200182	23.774846394161063	26.281234099128426	0.0
6.0	26.14458292754987	23.764047402803463	23.906846706862027	26.18452296278464	0.0
7.0	26.35378567579175	23.708449482832673	23.72431602876769	26.213448812607886	0.0
8.0	26.395078141883666	23.733904522736786	23.650742847138446	26.220274488241103	0.0
9.0	26.325997455923183	23.76523368576548	23.636388505149704	26.27238035316163	0.0
10.0	26.287699525379217	23.837726197152275	23.69766519402005	26.176909083448457	0.0
11.0	26.365663169700866	23.661829273296767	23.747999617020696	26.224507939981674	0.0
12.0	26.304040967731346	23.67653656348138	23.79006226132248	26.22936020746479	0.0
13.0	26.196533499655324	23.78760025823677	23.74547264988128	26.270393592226636	0.0
14.0	26.2717613717187	23.735351081640022	23.804287168039917	26.18860037860136	0.0
15.0	26.259379522208576	23.754161457720684	23.675651129645992	26.310807890424748	0.0
16.0	26.22244957694696	23.75252012682017	23.67373624359539	26.35129405263748	0.0
17.0	26.190443624386894	23.69042310775064	23.825012241592965	26.2941210262695	0.0
18.0	26.298224353520794	23.637626963784033	23.765924329174386	26.298224353520794	0.0
19.0	26.251719978006165	23.623128540829473	23.724617501511393	26.40053397965297	0.0
20.0	26.262935739159694	23.704647975555112	23.70546864100537	26.326947644279823	0.0
21.0	26.184425411084998	23.877534830409488	23.773857428526878	26.164182329978637	0.0
22.0	26.270321728212014	23.798750947184708	23.65239894188868	26.2785283827146	0.0
23.0	26.370716468293594	23.672368467844958	23.672094912694874	26.284820151166578	0.0
24.0	26.327768309730082	23.802307164135826	23.59796146702156	26.27196305911253	0.0
25.0	26.199744499489817	23.864677738355443	23.69835620710313	26.237221555051605	0.0
26.0	26.21342225699412	23.79847739203462	23.781790527879373	26.206309823091882	0.0
27.0	26.1863402971356	23.695347100452185	23.878081940709656	26.24023066170255	0.0
28.0	26.314364107375866	23.558843080559257	23.789450072081785	26.337342739983093	0.0
29.0	26.298771463820962	23.67018002664427	23.678113125996767	26.352935383538	0.0
30.0	26.28728214751735	23.66060559639126	23.771942542476275	26.280169713615116	0.0
31.0	26.13983592162098	23.769754101275588	23.89996635271654	26.190443624386894	0.0
32.0	26.35758582108946	23.710119078556833	23.71285463005769	26.219440470296014	0.0
33.0	26.39478932150116	23.73638037296509	23.65486093823945	26.213969367294293	0.0
34.0	26.31983521037759	23.769206990975416	23.630788085031885	26.280169713615116	0.0
35.0	26.282084599665716	23.845802432999506	23.692611548951326	26.179501418383456	0.0
36.0	26.36168914834075	23.661699816991604	23.74896390986905	26.227647124798597	0.0
37.0	26.30717970882869	23.67148304783372	23.794582528627465	26.226754714710115	0.0
38.0	26.194748849703743	23.791573430208064	23.748351834729373	26.26532588535882	0.0
39.0	26.27024986459057	23.735221223444704	23.80251560627862	26.192013305686103	0.0
40.0	26.25759453330379	23.75840835542279	23.677983581309718	26.3060135299637	0.0
41.0	26.22750363142475	23.751022406779754	23.671691847280467	26.34978211451503	0.0
42.0	26.18619702975443	23.698500105318157	23.82050503475499	26.294797830172424	0.0
43.0	26.293703615558638	23.628743923689473	23.773180252708865	26.304372208043027	0.0
44.0	26.247473048126295	23.62190508235333	23.724761256048954	26.40586061347142	0.0
45.0	26.26197139175892	23.710262912416326	23.70397117838707	26.323794517437676	0.0
46.0	26.184829261487202	23.882601714087194	23.77618934289677	26.156379681528836	0.0
47.0	26.264433374639935	23.812298425151617	23.652816645192704	26.270451555015743	0.0
48.0	26.368383762949342	23.67415383016148	23.67196540093391	26.28549700595526	0.0
49.0	26.32352096378423	23.802724047281014	23.604397648532796	26.26935734040196	0.0
50.0	26.20315735626807	23.873300889870034	23.69685878339748	26.22668297046441	0.0
51.0	26.20644000010942	23.802997600934457	23.78001909404501	26.21054330491111	0.0
52.0	26.18373504687342	23.695764568783698	23.88068683851307	26.23981354582981	0.0
53.0	26.30191022516201	23.565826583396934	23.79697942055865	26.335283770882402	0.0
54.0	26.29206229363796	23.67415383016148	23.674974491121816	26.35880938507874	0.0
55.0	26.282487915767362	23.667314988825332	23.7709918234813	26.27920527192601	0.0
56.0	26.125741672342905	23.777830664817444	23.900109147907724	26.196318514931928	0.0
57.0	26.35114988278226	23.714092663564568	23.71792241471281	26.21683503894036	0.0
58.0	26.397106896561155	23.732420758345437	23.655552181727163	26.21492016336624	0.0
59.0	26.317502783408425	23.775095128282985	23.621631528699883	26.285770559608707	0.0
60.0	26.27564907443121	23.84676618548579	23.690840603021673	26.186744137061325	0.0
61.0	26.360450706999416	23.661843915756418	23.751569514086647	26.226135863157516	0.0
62.0	26.30648867490973	23.673541963015648	23.788707736076155	26.23126162599847	0.0
63.0	26.193237772185142	23.792811029653134	23.746580588685852	26.267370609475872	0.0
64.0	26.258343363606524	23.740015318962687	23.80430025166867	26.19734106576212	0.0
65.0	26.25061207295089	23.766758489007305	23.67484496431512	26.30778447372668	0.0
66.0	26.22736013962102	23.750892463911633	23.663902878042244	26.357844518425104	0.0
67.0	26.18468600315679	23.6994646584291	23.81873339880348	26.297115939610627	0.0
68.0	26.293833313728758	23.635727005889578	23.764843623909552	26.30559605647211	0.0
69.0	26.25033852079407	23.617672563539326	23.72572566548401	26.406263250182594	0.0
70.0	26.26045995059648	23.712868714113377	23.6994646584291	26.327206676861042	0.0
71.0	26.182497585902215	23.896422211340926	23.769220458418705	26.15185974433815	0.0
72.0	26.266204545889742	23.81845984664666	23.645027779221525	26.270307828242075	0.0
73.0	26.366051083129765	23.67867469451063	23.673203651374187	26.282070570985418	0.0
74.0	26.32228273803825	23.806423551746494	23.599344569032255	26.271949141183004	0.0
75.0	26.201372684722934	23.88602722938169	23.685239946274354	26.22736013962102	0.0
76.0	26.210126353741238	23.80478223880556	23.778247679593832	26.206843727859376	0.0
77.0	26.17757364707942	23.700832419213206	23.879461977617964	26.24213195608941	0.0
78.0	26.298483700394737	23.565150549429507	23.795481465473614	26.340884284702142	0.0
79.0	26.293559761571938	23.679495350981096	23.67074168196279	26.356203205484174	0.0
80.0	26.283438331769528	23.65952604353309	23.777974127437005	26.279061497260376	0.0
81.0	26.133805301987906	23.77687991880972	23.893686689772707	26.195628089429672	0.0
82.0	26.348817297249983	23.71341581842702	23.715330683524773	26.222436200798228	0.0
83.0	26.40325417645755	23.73174381293409	23.649131061573854	26.215870949034496	0.0
84.0	26.32118852941096	23.774691501555147	23.62505847177352	26.279061497260376	0.0
85.0	26.275231767064867	23.84335309291746	23.68852257215622	26.192892567861453	0.0
86.0	26.357023861954637	23.65952604353309	23.754995746263962	26.22845434824831	0.0
87.0	26.30689185418616	23.667394313413322	23.798698989501098	26.227014842899425	0.0
88.0	26.191726711200836	23.79651057823297	23.744262259206373	26.267500451359826	0.0
89.0	26.260661666146916	23.734687959908303	23.804443569079936	26.20020680486484	0.0
90.0	26.250742006165833	23.77018461934058	23.67088572968271	26.308187644810882	0.0
91.0	26.22831085202824	23.749941870484705	23.668970875061206	26.35277640242585	0.0
92.0	26.1823543411122	23.701523403626734	23.823253447422196	26.292868807838865	0.0
93.0	26.29232170651844	23.637786099796752	23.760336795572854	26.309555398111957	0.0
94.0	26.24937425286476	23.615354945659163	23.7310668749299	26.404203926546177	0.0
95.0	26.262504684555054	23.70617376485038	23.70425891022888	26.327062640365682	0.0
96.0	26.189466658277784	23.885622997951106	23.76909041669972	26.155819927071395	0.0
97.0	26.260589829933558	23.813679174314686	23.653104936768766	26.272626058982993	0.0
98.0	26.36618038477636	23.676903844207427	23.674988989585927	26.281926781430286	0.0
99.0	26.32870394432697	23.7950777294201	23.601130311328006	26.275088014924926	0.0
100.0	26.205059045910005	23.884802345970463	23.69386398514073	26.2162746229788	0.0
101.0	26.217095274959444	23.7950777294201	23.781400196409376	26.20642679921108	0.0
102.0	26.187278252996066	23.691128478538584	23.880425535407028	26.241167733058322	0.0
103.0	26.306546340849597	23.56939843474312	23.796445482721175	26.32760974168611	0.0
104.0	26.29861337170337	23.678271597508502	23.673621236284852	26.34949379450327	0.0
105.0	26.28903909859586	23.661311456575202	23.772373024622297	26.27727642020664	0.0
106.0	26.131747468972517	23.780853095088943	23.89656502435969	26.19083441157885	0.0
107.0	26.355238358367778	23.712465430035316	23.711371227394455	26.220924984202448	0.0
108.0	26.406392331827895	23.731887526910548	23.645992619603188	26.215727521658373	0.0
109.0	26.327062640365682	23.773740777923365	23.622740813484953	26.276455768225997	0.0
110.0	26.288491997275436	23.840760689675925	23.678545148168713	26.192202164879923	0.0
111.0	26.363991979494646	23.658575949973056	23.753771579727708	26.223660490804594	0.0
112.0	26.30838922869867	23.66671772931689	23.80130428598002	26.223588756004418	0.0
113.0	26.195686664988894	23.79501263800593	23.736199406943793	26.273101290061383	0.0
114.0	26.265988992351545	23.741396855270214	23.79583328774168	26.19678086463656	0.0
115.0	26.24758934799557	23.773884261348872	23.666379440044864	26.3121469506107	0.0
116.0	26.23035575068729	23.747623541641023	23.667200087535733	26.354820620135953	0.0
117.0	26.185220138689424	23.70850601124287	23.817925676692244	26.288348173375457	0.0
118.0	26.29217786166619	23.637109679537154	23.756650664040592	26.31406179475606	0.0
119.0	26.244033208868462	23.617414139756267	23.72738090353289	26.41117174784238	0.0
120.0	26.259625511195	23.704676322952142	23.705770519606638	26.32992764624622	0.0
121.0	26.18877627781653	23.8863129675981	23.7684132780764	26.156497476508967	0.0
122.0	26.259078412867755	23.81436953756514	23.65324908019094	26.27330296937617	0.0
123.0	26.372601315771476	23.671303324990085	23.676227209935305	26.27986814930313	0.0
124.0	26.32609795795549	23.794126899457005	23.60154828826611	26.27822685432139	0.0
125.0	26.201359539343212	23.881662631816504	23.702487929643155	26.214489899197137	0.0
126.0	26.214489899197137	23.790844309493522	23.780449441275834	26.21421635003351	0.0
127.0	26.18549368785305	23.6901782172801	23.883030377634622	26.241297717232232	0.0
128.0	26.30175208239301	23.573372724412895	23.800418530220345	26.324456662973756	0.0
129.0	26.29772078213391	23.67218872755523	23.677933275705485	26.352157214605377	0.0
130.0	26.282128437154643	23.656869932487883	23.782702891969667	26.278298738387807	0.0
131.0	26.125931437450078	23.776137694083662	23.900876453917782	26.197054414548475	0.0
132.0	26.349968815310042	23.70692956636868	23.7104857152236	26.232615903097678	0.0
133.0	26.40194329857426	23.72799290958628	23.64018338786095	26.229880403978513	0.0
134.0	26.319950323200104	23.774014328583583	23.621099509523667	26.284935838692647	0.0
135.0	26.284388737372215	23.835289676471636	23.679092249489145	26.201229336667005	0.0
136.0	26.359888719591424	23.65775529799241	23.757327738310497	26.22502824410567	0.0
137.0	26.301420826015832	23.665479453553708	23.79705768105	26.236042039380457	0.0
138.0	26.188991197115673	23.788304035977482	23.734961511316822	26.287743255590023	0.0
139.0	26.253621146675933	23.73830906469782	23.803414478021452	26.204655310604796	0.0
140.0	26.241109530583213	23.777492066965753	23.665608928766822	26.31578947368421	0.0
141.0	26.226337673706094	23.742477295108873	23.6697122223438	26.36147280884123	0.0
142.0	26.174909727541305	23.70883028777766	23.825363825363826	26.290896159317214	0.0
143.0	26.285425101214578	23.641262720210086	23.75287230550388	26.32043987307145	0.0
144.0	26.23406891910745	23.62108442139299	23.728043899890306	26.416802759609254	0.0
145.0	26.24802015543319	23.705612500307748	23.711904234337002	26.334463109922062	0.0
146.0	26.184829261487202	23.88342237504753	23.769076947907177	26.16267141555809	0.0
147.0	26.260877177145144	23.803818261894797	23.656099289034056	26.27920527192601	0.0
148.0	26.372760621404478	23.673880276508033	23.677983581309718	26.275375520777764	0.0
149.0	26.333095341654833	23.78931991826217	23.596738146236312	26.280846593846686	0.0
150.0	26.201242480693953	23.877404194671723	23.70397117838707	26.217382146247253	0.0
151.0	26.208081322030097	23.79506454498453	23.786857935381157	26.20999619760422	0.0
152.0	26.187838351675108	23.683728208032083	23.886157911581986	26.242275528710824	0.0
153.0	26.29725981305343	23.574306746653757	23.801356279013785	26.32707716127903	0.0
154.0	26.302255729596947	23.672303711039014	23.678595462279585	26.346845097084458	0.0
155.0	26.28255981266995	23.65780532774553	23.778169264521633	26.28146559506289	0.0
156.0	26.128001575673355	23.781451917342803	23.900174527708327	26.19037197927552	0.0
157.0	26.34739220588799	23.70567734805421	23.711148436089484	26.23578200996832	0.0
158.0	26.396084889401955	23.73330634263236	23.63838296522029	26.23222580274539	0.0
159.0	26.31846743462716	23.779054976378514	23.6225814305293	26.27989615846503	0.0
160.0	26.292479695368986	23.837048668196754	23.675377574495908	26.195094061938356	0.0
161.0	26.3548502695886	23.659511375790917	23.763188777673523	26.22244957694696	0.0
162.0	26.297475626169454	23.67298033680202	23.793344932103427	26.236199104925102	0.0
163.0	26.191335937585485	23.7949862674939	23.732341966757488	26.281335828163126	0.0
164.0	26.24639247172108	23.7422549274391	23.807087852717103	26.204264748122718	0.0
165.0	26.24290802453263	23.773778976567073	23.66791226467225	26.31540073422805	0.0
166.0	26.230050826964007	23.74505545008398	23.672289182993485	26.35260453995853	0.0
167.0	26.17205665920767	23.72317085847782	23.826575553816948	26.278196928497564	0.0
168.0	26.2921483556465	23.64000941037439	23.755997745887065	26.311844488092046	0.0
169.0	26.234499511698715	23.62612261423104	23.727886243581644	26.411491630488605	0.0
170.0	26.251733674733895	23.70764294096889	23.71065208054646	26.329971303750753	0.0
171.0	26.191277325039053	23.880258129464128	23.77083487209789	26.15762967339893	0.0
172.0	26.261034651610025	23.807765221458997	23.655119777433097	26.27608034949788	0.0
173.0	26.379211769565565	23.668250568317042	23.68110780105758	26.27142986105982	0.0
174.0	26.341187187630794	23.787795476989658	23.593569195164587	26.27744814021496	0.0
175.0	26.200304743771763	23.87834322246022	23.714208336410863	26.207143697357154	0.0
176.0	26.210152836934725	23.78998394213698	23.79682289572237	26.203040325205922	0.0
177.0	26.195380697190284	23.67208038232486	23.889011990053426	26.243526930431425	0.0
178.0	26.29358807067648	23.574420125125496	23.80995368660632	26.322038117591706	0.0
179.0	26.302413883660876	23.66749463824572	23.683361053967698	26.34673042412571	0.0
180.0	26.280529172320215	23.651901781415503	23.78758699172758	26.2799820545367	0.0
181.0	26.12213857399221	23.779653783866593	23.90713222742592	26.191075414715282	0.0
182.0	26.345636188558675	23.70032170525671	23.714273208736376	26.23976889744824	0.0
183.0	26.39487678907515	23.73068674224187	23.6401387490699	26.234297719613075	0.0
184.0	26.321908570897083	23.784916468563893	23.617224409179567	26.275950551359458	0.0
185.0	26.30111803824911	23.83306296522236	23.668653621519294	26.197165375009234	0.0
186.0	26.356924204830516	23.65552275879426	23.762484578075288	26.225068458299937	0.0
187.0	26.294350977978386	23.679660785118315	23.792367665162082	26.233620571741213	0.0
188.0	26.18520038298454	23.795376829435096	23.740117630967035	26.279305156613326	0.0
189.0	26.246823271298787	23.743738869481245	23.80392231957959	26.205515539640377	0.0
190.0	26.246074386947814	23.76596233599965	23.672951295041962	26.31501198201057	0.0
191.0	26.230754921378313	23.741068204449213	23.670215676190267	26.357961197982206	0.0
192.0	26.16947705910031	23.71890969175047	23.834079245406897	26.277534003742325	0.0
193.0	26.292306345541487	23.641491678247455	23.755840546248372	26.310361429962686	0.0
194.0	26.231100241555804	23.633623036162245	23.729096395265177	26.40618032701677	0.0
195.0	26.248881812735437	23.711861949352613	23.708852760383753	26.330403477528197	0.0
196.0	26.184868156488765	23.888309847981244	23.771772166096287	26.155049829433697	0.0
197.0	26.259277192809684	23.80760887108908	23.65906436108079	26.27404957502045	0.0
198.0	26.379371188930563	23.67438386855863	23.673289618024494	26.27295532448632	0.0
199.0	26.334233354397657	23.793930739412442	23.594230016933526	26.27760588925637	0.0
200.0	26.200461226600137	23.87982940634173	23.709673448284352	26.210035918773784	0.0
201.0	26.214412920910306	23.792015800977712	23.791468675710647	26.202102602401332	0.0
202.0	26.19772560026481	23.684505685999337	23.874358153671075	26.243410560064778	0.0
203.0	26.290736895665944	23.57590132048683	23.809523809523807	26.32383797432341	0.0
204.0	26.303392733062324	23.66843023860198	23.676637140058983	26.351539888276715	0.0
205.0	26.280413408982728	23.656393449798383	23.780044098417164	26.28314904280173	0.0
206.0	26.122293774244554	23.78715674634656	23.896308535724643	26.194240943684242	0.0
207.0	26.34442724034732	23.706455548686076	23.709738309268875	26.239378901697734	0.0
208.0	26.392847958943605	23.726699238946672	23.649280801868986	26.231172000240736	0.0
209.0	26.313586562529924	23.792693102080456	23.611046519580352	26.28267381580927	0.0
210.0	26.296625586453104	23.83728405531467	23.6657593456346	26.200331012597626	0.0
211.0	26.35489474620088	23.660014498898903	23.76123322709926	26.223857527800952	0.0
212.0	26.298065349178213	23.67758737662224	23.782089160265247	26.2422581139343	0.0
213.0	26.18699800844768	23.789475411988708	23.73093252795833	26.292594051605278	0.0
214.0	26.24424486312144	23.746590688373185	23.802945207540564	26.206219240964813	0.0
215.0	26.246231623178733	23.77018235934585	23.671698464198368	26.311887553277053	0.0
216.0	26.233100437159067	23.739269358924556	23.67087776507214	26.35675243884424	0.0
217.0	26.162246745927963	23.718478314393423	23.831734793813023	26.28754014586559	0.0
218.0	26.291096508745916	23.64735105678691	23.749938447565533	26.311613986901644	0.0
219.0	26.234540037916403	23.631822422108602	23.72620307981868	26.407434460156313	0.0
220.0	26.252048333839433	23.70677981402907	23.706232679781476	26.334939172350026	0.0
221.0	26.1836565528901	23.88596628011632	23.760398970293345	26.16997819670023	0.0
222.0	26.263264585915124	23.8060846799675	23.652887090640995	26.277763643476383	0.0
223.0	26.37460640530064	23.677781698906553	23.668206849573643	26.279405046219168	0.0
224.0	26.341231216197365	23.782010773073335	23.585316011063053	26.291441999666247	0.0
225.0	26.199523446070344	23.87912710202139	23.707053381152868	26.2142960707554	0.0
226.0	26.210739698146035	23.792132756653835	23.789944219663457	26.207183325536672	0.0
227.0	26.20745689266047	23.688724383858446	23.86462804446013	26.239190679020957	0.0
228.0	26.29062129829486	23.57546759460635	23.807726082710285	26.32618502438851	0.0
229.0	26.305739453958527	23.670460141161023	23.671827980521968	26.351972424358483	0.0
230.0	26.284948295672155	23.65869672265689	23.76839743940472	26.287957542266238	0.0
231.0	26.129014608524376	23.782896536630737	23.894512228483887	26.193576626360997	0.0
232.0	26.341850413087485	23.708486075395303	23.708212507523115	26.241451003994094	0.0
233.0	26.385894840509934	23.730918640914812	23.651310390107785	26.231876128467473	0.0
234.0	26.308547104412934	23.78323516779331	23.620188269924686	26.288029457869065	0.0
235.0	26.298698634071876	23.840684578116154	23.658761445427164	26.201855342384807	0.0
236.0	26.352865220947695	23.663138543356524	23.763538227111198	26.220458008584586	0.0
237.0	26.299591287362738	23.675240330690652	23.78029096838085	26.24487741356576	0.0
238.0	26.180588611854304	23.793148728723143	23.730227773856615	26.296034885565934	0.0
239.0	26.24741134276421	23.745065479007597	23.79841165189844	26.209111526329753	0.0
240.0	26.24468926198182	23.768579033903915	23.672828445037794	26.313903259076472	0.0
241.0	26.23115412919834	23.7375215781972	23.6685807770066	26.36274351559786	0.0
242.0	26.15927557245643	23.726643503953163	23.823215604738326	26.29086531885208	0.0
243.0	26.285811210085136	23.65427545906196	23.746744435446807	26.313168895406097	0.0
244.0	26.242052505444242	23.629638546306126	23.725938652455106	26.40237029579453	0.0
245.0	26.246846975011078	23.71485163683718	23.707738521894715	26.330562866257022	0.0
246.0	26.17819095092444	23.892120223901422	23.758611067033634	26.171077758140505	0.0
247.0	26.262872213528272	23.812363891047177	23.652589763512406	26.272174131912145	0.0
248.0	26.368966356873763	23.693274931397788	23.664548182964765	26.273210528763684	0.0
249.0	26.33996602036042	23.786021290624408	23.591500165520788	26.28251252349438	0.0
