# Position (bp)	A	C	G	T	N
0.0	26.226912479533727	23.76556784872123	23.7868499385657	26.220669733179346	0.0
1.0	26.251883464951238	23.741448146897497	23.79082259533667	26.2158457928146	0.0
2.0	26.22265222683437	23.74684707945218	23.647542495268844	26.382958198444605	0.0
3.0	26.23839624140357	23.748269366077306	23.768129099616424	26.2452052929027	0.0
4.0	26.257021276595744	23.636879432624113	23.817021276595746	26.289078014184398	0.0
5.0	26.21978028212161	23.83283741274114	23.67569346150682	26.271688843630418	0.0
6.0	26.30015996732582	23.68225497203408	23.810739366710912	26.206845693929182	0.0
7.0	26.124948240752822	23.843287180156214	23.84385440478284	26.187910174308126	0.0
8.0	26.15948317423585	23.83229253518011	23.85724900315926	26.150975287424778	0.0
9.0	26.135806145164263	23.89354431636111	23.756008337232547	26.214641201242078	0.0
10.0	26.233989400465607	23.674845529792403	23.73099073604097	26.36017433370102	0.0
11.0	26.24958529109021	23.76671950365369	23.73807977723397	26.245615428022127	0.0
12.0	26.194007208137084	23.86681676529886	23.78600169569865	26.153174330865404	0.0
13.0	26.181246933989684	23.785718134050935	23.637982515588803	26.39505241637058	0.0
14.0	26.206200358989047	23.715111283768646	23.850937313026538	26.22775104421577	0.0
15.0	26.234482132831243	23.759279528608452	23.803515020217887	26.202723318342418	0.0
16.0	26.187694593628958	23.834990273863063	23.74283299967674	26.234482132831243	0.0
17.0	26.327773650392167	23.709089259282365	23.74283299967674	26.22030409064873	0.0
18.0	26.199320588218615	23.74028095208389	23.74084807377119	26.31955038592631	0.0
19.0	26.26652450816372	23.975636452313573	23.609559403161136	26.148279636361575	0.0
20.0	26.228243794270938	23.75757816354655	23.689523561070498	26.324654481112013	0.0
21.0	26.273046407567673	23.747086412331495	23.772606888260015	26.20726029184082	0.0
22.0	26.250077979232007	23.713059111093468	23.814290332276595	26.222572577397933	0.0
23.0	26.299984687714446	23.706820772533163	23.73914670870929	26.25404783104311	0.0
24.0	26.270494359974823	23.725252227370426	23.924595500456533	26.079657912198222	0.0
25.0	26.237317741267745	23.76636854969971	23.782247956944122	26.214065752088427	0.0
26.0	26.2427053972971	23.751339824986246	23.788202734660775	26.21775204305588	0.0
27.0	26.21803560389953	23.747086412331495	23.659749672487226	26.375128311281753	0.0
28.0	26.246675249108204	23.746235729800542	23.774024692478264	26.233064328612993	0.0
29.0	26.25574919610501	23.64188533933726	23.826767009397205	26.275598455160527	0.0
30.0	26.221721894866985	23.8210957925242	23.6906578044451	26.26652450816372	0.0
31.0	26.29402990999779	23.684703026728446	23.804082141905187	26.21718492136858	0.0
32.0	26.123252206806008	23.85618969032408	23.826699446207243	26.193858656662666	0.0
33.0	26.16947249325836	23.837758287751058	23.83520624739479	26.157562971595794	0.0
34.0	26.141967169418617	23.883695014163823	23.76176419714228	26.212573619275275	0.0
35.0	26.230154341729545	23.657414102575007	23.73369175322337	26.37873980247208	0.0
36.0	26.260211705925556	23.76204775718187	23.72972191266918	26.248018624223402	0.0
37.0	26.205484618285652	23.880292293688804	23.7765093192007	26.137713768824845	0.0
38.0	26.17400945389172	23.794940721773724	23.64266898051659	26.388380843817966	0.0
39.0	26.189605256068894	23.718663071125366	23.854204770046987	26.237526902758756	0.0
40.0	26.23149775988204	23.775591221006067	23.787784268133613	26.20512675097828	0.0
41.0	26.203992514036184	23.82861679804911	23.737594283445812	26.229796404468892	0.0
42.0	26.31713264901038	23.699597345885557	23.759144785345658	26.22412521975841	0.0
43.0	26.184143367549478	23.74071343503658	23.739295638858955	26.33584755855498	0.0
44.0	26.274882322917257	23.96472523110078	23.621902115351897	26.13849033063007	0.0
45.0	26.228662167526796	23.740996994272106	23.69931378665003	26.33102705155107	0.0
46.0	26.269494697442298	23.748369534395735	23.78097884648103	26.20115692168094	0.0
47.0	26.239720977712246	23.71037259683548	23.814438836272895	26.23546758917938	0.0
48.0	26.301253331821016	23.719446492372256	23.735892928032666	26.24340724777406	0.0
49.0	26.239720977712246	23.7421312312142	23.92672829354052	26.091419497533035	0.0
50.0	26.241422333125392	23.75942834458118	23.777292576419214	26.221856745874213	0.0
51.0	26.231214200646512	23.752906482164125	23.80196222990983	26.21391708727953	0.0
52.0	26.222990982816306	23.74950377133783	23.666420915329212	26.361084330516643	0.0
53.0	26.262689275789715	23.741564112743152	23.76651732546929	26.229229285997846	0.0
54.0	26.247660636306925	23.640900584132023	23.826915442635965	26.284523336925087	0.0
55.0	26.217603357341346	23.82578120569387	23.695627516588218	26.260987920376564	0.0
56.0	26.287075370044803	23.68740429875801	23.79685816367039	26.228662167526796	0.0
57.0	26.102971408803356	23.859740657458577	23.84414494372783	26.193142990010237	0.0
58.0	26.174711691964802	23.85208457980894	23.82826567156561	26.144938056660642	0.0
59.0	26.14578873195505	23.888096500605396	23.749436427617457	26.216678339822096	0.0
60.0	26.23340828727872	23.665503131902877	23.74575016800837	26.355338412810035	0.0
61.0	26.26091345513113	23.754824037815354	23.746600843302776	26.23766166375074	0.0
62.0	26.19427722373611	23.87221722844318	23.791403075474747	26.14210247234596	0.0
63.0	26.176413042553616	23.79111951704328	23.646788275425976	26.385679164977134	0.0
64.0	26.18151709432004	23.702932844856676	23.87051587785437	26.24503418296891	0.0
65.0	26.23503524621309	23.774605713119076	23.79105205550924	26.199306985158593	0.0
66.0	26.206679483471422	23.824228297916985	23.73178851137917	26.237303707232424	0.0
67.0	26.316983400536493	23.709103901185838	23.762412735140163	26.21149996313751	0.0
68.0	26.190516698708677	23.741145913083916	23.741145913083916	26.32719147512349	0.0
69.0	26.28267292761908	23.955799037038297	23.612127192609353	26.149400842733268	0.0
70.0	26.221140922469672	23.742563701221	23.700880729990757	26.335414646318572	0.0
71.0	26.271047064894997	23.74398148935808	23.787932921607656	26.19703852413926	0.0
72.0	26.24921312758392	23.70796967067617	23.819407818250905	26.223409383489006	0.0
73.0	26.301104173401164	23.70144784524559	23.744548604612916	26.252899376740334	0.0
74.0	26.245810436054917	23.725833801203418	23.924324140395054	26.104031622346607	0.0
75.0	26.248646012329086	23.751637545298333	23.77375504023683	26.225961402135756	0.0
76.0	26.243825532663003	23.755323794454746	23.792753401273742	26.20809727160851	0.0
77.0	26.237303707232424	23.74851841139675	23.673942755386175	26.340235125984652	0.0
78.0	26.261406105562834	23.741145913083916	23.753622448690248	26.243825532663003	0.0
79.0	26.247228224192003	23.653810163839598	23.84407733183615	26.254884280132252	0.0
80.0	26.22057380721484	23.83216791148465	23.692657558795673	26.254600722504833	0.0
81.0	26.274733314051414	23.696060250324674	23.798140996194654	26.23106543942926	0.0
82.0	26.109912295874533	23.866410709374104	23.81820604940127	26.205470945350097	0.0
83.0	26.179950831246828	23.836920799743663	23.820190947164857	26.16293742184465	0.0
84.0	26.1456404556191	23.893065050770847	23.7441977185018	26.217096775108246	0.0
85.0	26.2287226048664	23.657429330550695	23.754689320966474	26.35915874361643	0.0
86.0	26.25906318496695	23.762345355197457	23.733989672860492	26.244601786975103	0.0
87.0	26.205754502173463	23.858471118319756	23.785029901067023	26.15074447843976	0.0
88.0	26.18505485406748	23.77368762813224	23.64069947797189	26.400558039828393	0.0
89.0	26.19271088829846	23.69967929723277	23.868112050314323	26.239497764154446	0.0
90.0	26.259555837851327	23.756606855250322	23.779291336796497	26.204545970101854	0.0
91.0	26.219857995145524	23.825794523966152	23.736190821858766	26.218156659029557	0.0
92.0	26.32477372229658	23.718610348660484	23.757457523308304	26.199158405734636	0.0
93.0	26.194054397386747	23.758875303404942	23.733071705646168	26.313998593562143	0.0
94.0	26.28762788376472	23.96303563732051	23.616813737722026	26.132522741192748	0.0
95.0	26.22014155116485	23.728251253317605	23.703298323616814	26.348308871900734	0.0
96.0	26.25728738969671	23.746115282535218	23.792334913685547	26.204262414082525	0.0
97.0	26.25331760542613	23.70046276342354	23.830898532314045	26.215321098836284	0.0
98.0	26.30577546900166	23.690254746727764	23.756606855250322	26.247362929020255	0.0
99.0	26.268913186489122	23.70896944400336	23.908592881609692	26.113524487897827	0.0
100.0	26.238005580382463	23.74781661865118	23.775605108545246	26.238572692421116	0.0
101.0	26.2530340494068	23.764829979810813	23.776455776603225	26.20568019417916	0.0
102.0	26.254451829503438	23.727967697298276	23.66955515731688	26.348025315881408	0.0
103.0	26.26125717396729	23.733071705646168	23.74498105845791	26.26069006192863	0.0
104.0	26.246512260962273	23.661048476737065	23.849046117550984	26.243393144749678	0.0
105.0	26.241124696595058	23.8252274119275	23.68741918653449	26.246228704942947	0.0
106.0	26.26494340221854	23.695075199056326	23.79517047387882	26.244810924846313	0.0
107.0	26.112316220776087	23.867126026115436	23.81211631434931	26.208441438759163	0.0
108.0	26.18036947244552	23.831398068988985	23.81948874994683	26.168743708618656	0.0
109.0	26.14152240795089	23.908241532332383	23.73867551358938	26.211560546127345	0.0
110.0	26.243318730239746	23.642550295606313	23.75228616392327	26.36184481023067	0.0
111.0	26.264585371386445	23.74491372832575	23.736690627082357	26.253810273205453	0.0
112.0	26.212694766988502	23.853798930996838	23.7673145903336	26.16619171168106	0.0
113.0	26.193980122779408	23.761927041243105	23.64368451646747	26.400408319510017	0.0
114.0	26.19993478230048	23.68706846440673	23.867409581330726	26.245587171962057	0.0
115.0	26.269331321987377	23.750801041211798	23.786245342618795	26.193622294182028	0.0
116.0	26.202412480930963	23.837852245467385	23.733504222125184	26.226231051476468	0.0
117.0	26.335966608632532	23.732653558891414	23.74739838827673	26.18398144419933	0.0
118.0	26.2041138073985	23.76412809854083	23.73151934124639	26.300238752814277	0.0
119.0	26.284926814606457	23.954109554082333	23.611575825285115	26.1493878060261	0.0
120.0	26.19957693681841	23.72726602507755	23.705148780999586	26.368008257104457	0.0
121.0	26.26252601611723	23.73719042947151	23.79730396465778	26.20297958975348	0.0
122.0	26.239841663216758	23.707417216289635	23.840120680757433	26.212620439736178	0.0
123.0	26.30165652487056	23.692672386904324	23.75703923825943	26.248631849965694	0.0
124.0	26.284076151372687	23.68246442809911	23.908173739458867	26.12528568106934	0.0
125.0	26.24154298968429	23.728400242722575	23.781992026449956	26.24806474114318	0.0
126.0	26.278121508736312	23.765829425008363	23.765829425008363	26.19021964124696	0.0
127.0	26.266212223463558	23.724997589787506	23.65070633403844	26.358083852710497	0.0
128.0	26.28237482490515	23.719326501562385	23.75136815003431	26.24693052349815	0.0
129.0	26.251616269310162	23.660197808679083	23.852165233763582	26.23602068824717	0.0
130.0	26.25672027765805	23.8252274119275	23.66445114896899	26.253601161445456	0.0
131.0	26.275718530952975	23.682315178186602	23.794319805820837	26.24764648503958	0.0
132.0	26.108494511757684	23.879737880072476	23.81820604940127	26.193561558768568	0.0
133.0	26.174279694779436	23.841174152094208	23.82586208363225	26.158684069494104	0.0
134.0	26.113389024051358	23.91610096919997	23.748234853769333	26.22227515297934	0.0
135.0	26.255451395387087	23.667137372328177	23.7306542808695	26.346756951415234	0.0
136.0	26.27246485303208	23.751921102925746	23.738593894437166	26.237020149605005	0.0
137.0	26.21802178856809	23.844928004718398	23.781411096177077	26.155639110536434	0.0
138.0	26.21405198178426	23.75418956394508	23.631125553646267	26.400632900624394	0.0
139.0	26.21149996313751	23.68556861811026	23.861941462363394	26.240989956388837	0.0
140.0	26.26318192258288	23.75368980408948	23.783746997825105	26.199381275502535	0.0
141.0	26.209872937466862	23.836205307646722	23.71654364956715	26.23737810531927	0.0
142.0	26.347965893591862	23.728453103688814	23.74291458369369	26.180666419025638	0.0
143.0	26.190023847264086	23.76815128409436	23.75368980408948	26.288135064552076	0.0
144.0	26.28671727239474	23.966075069259148	23.614179055807135	26.13302860253898	0.0
145.0	26.206544547155904	23.725684795553793	23.70583564906709	26.36193500822322	0.0
146.0	26.265524868144958	23.72823682867351	23.811603243917652	26.19463505926388	0.0
147.0	26.23149775988204	23.727102591731413	23.848465944535814	26.192933703850734	0.0
148.0	26.304939601882833	23.71916293313673	23.73872852038791	26.237168944592526	0.0
149.0	26.254749617195035	23.693075483468494	23.919922871887938	26.132252027448533	0.0
150.0	26.25815232802132	23.729654624851133	23.797708841376963	26.214484205750583	0.0
151.0	26.260137242669995	23.758861226110135	23.779561050303407	26.201440480916467	0.0
152.0	26.251914024839788	23.725684795553793	23.645437531900416	26.376963647706003	0.0
153.0	26.269494697442298	23.712073952248623	23.76736800317586	26.25106334713322	0.0
154.0	26.246675249108204	23.669107180327682	23.837258760612265	26.246958809951852	0.0
155.0	26.249227296701054	23.8199615491496	23.662868841767377	26.26794231238197	0.0
156.0	26.262554656352616	23.69207560866335	23.795858877439333	26.249510857544706	0.0
157.0	26.13417570046816	23.85490717609462	23.816059230356977	26.194857893080247	0.0
158.0	26.178127755864764	23.820596216720496	23.823715394845415	26.177560632569325	0.0
159.0	26.134533369629327	23.91905993375981	23.740132026677554	26.206274669933304	0.0
160.0	26.253913161834763	23.656481103398214	23.740699151581143	26.348906583185883	0.0
161.0	26.272628283653194	23.745519713261647	23.75345946191189	26.228392541173267	0.0
162.0	26.211945918969192	23.868302254888615	23.77586089560365	26.143890930538543	0.0
163.0	26.205423982577926	23.763384147724693	23.6369152942244	26.39427657547298	0.0
164.0	26.201170545801006	23.692493534776098	23.866317317726057	26.240018601696836	0.0
165.0	26.258524620379692	23.762033715671123	23.792091420793692	26.187350243155493	0.0
166.0	26.206065418043128	23.846252002665494	23.710992329613926	26.236690249677448	0.0
167.0	26.35096624179439	23.745019920318725	23.74019934496888	26.163814492918007	0.0
168.0	26.19642426734344	23.76373509520636	23.740482908224752	26.29935772922545	0.0
169.0	26.29538784364322	23.960527994782435	23.61656576540812	26.127518396166227	0.0
170.0	26.21266170240519	23.714745898245873	23.709358181106694	26.363234218242244	0.0
171.0	26.25661413169849	23.726939152824013	23.82420162538919	26.1922450900883	0.0
172.0	26.21606447112467	23.727789845003887	23.851140211085088	26.205005472786358	0.0
173.0	26.288940434533565	23.7263720247041	23.759832583779	26.224854956983336	0.0
174.0	26.25661413169849	23.69376215780907	23.90133104969744	26.148292660795004	0.0
175.0	26.243286620880525	23.741117355821853	23.79783016781321	26.217765855484416	0.0
176.0	26.269090950336594	23.754161302579867	23.781383452335717	26.195364294747826	0.0
177.0	26.269090950336594	23.72552133252423	23.654630317535034	26.350757399604145	0.0
178.0	26.261151156657803	23.72325282004458	23.76607099309805	26.24952503019957	0.0
179.0	26.250524596486052	23.669226319431054	23.84617129634881	26.234077787734083	0.0
180.0	26.2584644351939	23.825754568242914	23.6703605821036	26.24542041445958	0.0
181.0	26.276045506618424	23.6975828862448	23.804487143132608	26.221884464004177	0.0
182.0	26.12327768813926	23.86552143620747	23.82241933242781	26.188781543225453	0.0
183.0	26.21572035808774	23.820717933594405	23.82412073126122	26.139440977056637	0.0
184.0	26.126187437969655	23.936764497377002	23.75074436410038	26.186303700552955	0.0
185.0	26.24698709768893	23.672196228555226	23.74252091308663	26.33829576066922	0.0
186.0	26.270806748901176	23.761236353324826	23.759818516943145	26.208138380830853	0.0
187.0	26.210974053594217	23.85169431447611	23.79271232099816	26.144619310931517	0.0
188.0	26.19878066071175	23.778817524457676	23.627392598894087	26.395009215936483	0.0
189.0	26.208705515383524	23.67191266127889	23.872111158372324	26.24727066496526	0.0
190.0	26.24904650232951	23.77661640895054	23.793630493777098	26.180706594942848	0.0
191.0	26.209063402987105	23.85941828843978	23.712246454690074	26.219271853883043	0.0
192.0	26.323908475566355	23.751662417871593	23.7496774413085	26.174751665253552	0.0
193.0	26.190347909677897	23.76073659644576	23.74031969465389	26.308595799222456	0.0
194.0	26.30008875680918	23.9427873040899	23.61526617117871	26.14185776792221	0.0
195.0	26.223599736848076	23.699553095437945	23.722522175086773	26.35432499262721	0.0
196.0	26.245718109843242	23.727059277239626	23.83027835121708	26.19694426170005	0.0
197.0	26.226718994578164	23.733864930468908	23.841904675483768	26.19751139946916	0.0
198.0	26.29732764683197	23.717134366280256	23.763072525577915	26.222465461309863	0.0
199.0	26.251956625303418	23.695583131054196	23.915065447698556	26.13739479594383	0.0
200.0	26.24061386992128	23.729327828316055	23.810144960413783	26.21991334134888	0.0
201.0	26.269254327261176	23.76278895669336	23.792563689571473	26.17539302647399	0.0
202.0	26.268687189492073	23.734999206007124	23.63915292302806	26.35716068147274	0.0
203.0	26.26613506953109	23.73074567273882	23.76278895669336	26.240330301036728	0.0
204.0	26.254941215836848	23.669345462588545	23.839204187769035	26.236509133805576	0.0
205.0	26.233956999370474	23.851397718958957	23.685225410184717	26.229419871485852	0.0
206.0	26.267985458505127	23.706493197143878	23.806310010605536	26.219211333745456	0.0
207.0	26.13166215315686	23.85231606856754	23.834167505565087	26.181854272710513	0.0
208.0	26.191212125508656	23.829063222220647	23.83955536020644	26.140169292064257	0.0
209.0	26.149317725524888	23.932351039575323	23.744909880786288	26.173421354113497	0.0
210.0	26.249702249293904	23.658136817867312	23.747462029695672	26.344698903143115	0.0
211.0	26.267567291659578	23.765327072061343	23.762774923151962	26.20433071312712	0.0
212.0	26.22049432288654	23.841040823039666	23.78744569594265	26.151019158131145	0.0
213.0	26.20915143884484	23.763342067354046	23.642256780208935	26.38524971359218	0.0
214.0	26.22418076020009	23.680255441748617	23.852667279182405	26.242896518868886	0.0
215.0	26.25034383214753	23.77220021381397	23.80396037919369	26.173495574844814	0.0
216.0	26.21149434413841	23.851884200168442	23.717187070209818	26.219434385483336	0.0
217.0	26.3311621101227	23.73108214256344	23.754618693693054	26.183137053620804	0.0
218.0	26.194479969827846	23.76312588084834	23.741574340054957	26.300819809268866	0.0
219.0	26.290044038872175	23.92306099936763	23.62786160507936	26.159033356680837	0.0
220.0	26.21468798384764	23.693717708043852	23.73908950153413	26.352504806574373	0.0
221.0	26.243612502197696	23.72632868461499	23.835788136410297	26.194270676777016	0.0
222.0	26.222911621417754	23.733134453638534	23.840892463177955	26.20306146176576	0.0
223.0	26.28586498488552	23.711866425439965	23.751283171034647	26.250985418639868	0.0
224.0	26.249283976383982	23.69740416626494	23.90639799002955	26.14691386732153	0.0
225.0	26.25382115573301	23.71016498318408	23.80289358612984	26.23312027495307	0.0
226.0	26.27934278957129	23.76602900391899	23.776237657454303	26.178390549055415	0.0
227.0	26.247582534128096	23.730015142836077	23.64636089858837	26.376041424447454	0.0
228.0	26.26431338297764	23.71810504704488	23.774536215198417	26.243045354779067	0.0
229.0	26.25	23.66265880217786	23.85237068965517	26.23497050816697	0.0
230.0	26.259357985480943	23.83904264972777	23.681374773139748	26.220224591651544	0.0
231.0	26.27183529945554	23.70576225045372	23.78317831215971	26.239224137931032	0.0
232.0	26.125868097402726	23.83287157688174	23.836274490342817	26.204985835372717	0.0
233.0	26.208105172712038	23.83060296790769	23.82776720669013	26.13352465269014	0.0
234.0	26.14777760763162	23.936444739364447	23.723478468004018	26.192299184999918	0.0
235.0	26.25525326255253	23.665345198191915	23.733120083485044	26.34628145577051	0.0
236.0	26.277939416625546	23.755806237558062	23.75864200681719	26.207612338999198	0.0
237.0	26.23568645466456	23.84740158462786	23.786716122482545	26.130195838225035	0.0
238.0	26.210164531332413	23.773388006964648	23.629898082452826	26.386549379250106	0.0
239.0	26.20449299281416	23.681509082968937	23.871222046404526	26.242775877812374	0.0
240.0	26.241530987581147	23.746983202357285	23.824973270676587	26.18651253938498	0.0
241.0	26.20146288475883	23.855118253160175	23.71869956975646	26.224719292324533	0.0
242.0	26.332717850973854	23.7459901466096	23.743721087219807	26.17757091519674	0.0
243.0	26.191563534454147	23.780496452894837	23.73340973106674	26.294530281584272	0.0
244.0	26.299306412493085	23.93004552997745	23.621689857169198	26.148958200360266	0.0
245.0	26.223797054659865	23.6790367926375	23.723009796050373	26.37415635665226	0.0
246.0	26.259238768069682	23.707423642734536	23.834248343760198	26.199089245435587	0.0
247.0	26.22721494563367	23.715751481170408	23.84627607654416	26.21075749665176	0.0
248.0	26.29360984829136	23.72852496977746	23.74725443122031	26.23061075071087	0.0
249.0	26.249340212153715	23.699295658737864	23.912981787017646	26.138382342090775	0.0
