# Position (bp)	A	C	G	T	N
0.0	26.265045579254803	23.796906805912027	23.77837640499159	26.15967120984158	0.0
1.0	26.247898044074695	23.849732277192672	23.6948513142756	26.207518364457034	0.0
2.0	26.1464895929554	23.85516978168161	23.73929011953029	26.259050505832704	0.0
3.0	26.245706605605058	23.694835758651777	23.810155917279218	26.249301718463947	0.0
4.0	26.253045332241946	23.683213547960698	23.73547850085311	26.328262618944247	0.0
5.0	26.18682874492584	23.766715703082657	23.759526153369688	26.286929398621815	0.0
6.0	26.140514354761557	23.778331402406145	23.84441611803449	26.236738124797803	0.0
7.0	26.292054679378	23.807483023291823	23.685825831139816	26.21463646619036	0.0
8.0	26.21066630539066	23.78698355733367	23.75518758242761	26.247162554848057	0.0
9.0	26.278203699761406	23.656133967746662	23.789670416561837	26.275991915930096	0.0
10.0	26.31528019684277	23.787564623593486	23.676149401454204	26.221005778109536	0.0
11.0	26.232617290094275	23.775400182466615	23.689143236294267	26.302839291144842	0.0
12.0	26.140554587929554	23.7596417019159	23.704901716844986	26.394901993309556	0.0
13.0	26.232064360952144	23.81216997041829	23.753559481352465	26.2022061872771	0.0
14.0	26.250311022642446	23.843963396090793	23.784247048740703	26.121478532526055	0.0
15.0	26.12230792623925	23.821569765834507	23.74858311907329	26.307539188852946	0.0
16.0	26.282933842028143	23.810234718420833	23.740012717370266	26.16681872218075	0.0
17.0	26.2149235575461	23.787564623593486	23.83815764009842	26.15935417876199	0.0
18.0	26.289292527162644	23.78673522988029	23.723701307677423	26.200270935279647	0.0
19.0	26.177324375881234	23.739183323657073	23.780376544745792	26.303115755715904	0.0
20.0	26.213541234690773	23.742500898509856	23.792264521301597	26.251693345497774	0.0
21.0	26.312515551132122	23.71098393740842	23.751071300212878	26.22542921124658	0.0
22.0	26.28791020430732	23.65624395233751	23.773741395040226	26.282104448314946	0.0
23.0	26.264891031790572	23.737182446759984	23.770634567375613	26.227291954073834	0.0
24.0	26.34803379484231	23.73020524616269	23.679888972442164	26.24187198655284	0.0
25.0	26.269518290794885	23.799044543725394	23.776098111204494	26.155339054275224	0.0
26.0	26.249612951740612	23.854337152209492	23.691223957181403	26.204825938868492	0.0
27.0	26.14317468040872	23.849360817445923	23.75121643738665	26.2562480647587	0.0
28.0	26.22804883443181	23.68928871588446	23.81839695669483	26.264265492988898	0.0
29.0	26.237448577874112	23.68182421373911	23.743475472198877	26.337251736187905	0.0
30.0	26.1968085106383	23.75619277215022	23.76365727429557	26.28334144291591	0.0
31.0	26.145109921705668	23.76725129384704	23.839684610961207	26.247954173486086	0.0
32.0	26.2791944972796	23.799873932852655	23.70504710930243	26.215884460565313	0.0
33.0	26.21394921926837	23.793791745919403	23.748451806962446	26.24380722784978	0.0
34.0	26.27587694077056	23.66468350510904	23.78383907639227	26.27560047772814	0.0
35.0	26.299099836333877	23.80097978502234	23.685418233290573	26.214502145353208	0.0
36.0	26.23966028221347	23.777203963374177	23.67878312027248	26.304352634139867	0.0
37.0	26.13764541956031	23.75646923519264	23.714723315787147	26.391162029459903	0.0
38.0	26.236619188746847	23.814802937143362	23.751769363471492	26.1968085106383	0.0
39.0	26.24380722784978	23.85212544787013	23.783009687265004	26.12105763701508	0.0
40.0	26.112487282700048	23.821161587119033	23.752598752598754	26.313752377582166	0.0
41.0	26.28887070376432	23.80678550891317	23.74043437873225	26.163909408590257	0.0
42.0	26.214778608395626	23.785774317689214	23.837749369664262	26.161697704250898	0.0
43.0	26.29827044720662	23.77996859379838	23.723017207059762	26.198743751935243	0.0
44.0	26.182985358517275	23.73241695050206	23.78992126332552	26.29467642765515	0.0
45.0	26.22058433228646	23.735734507011102	23.794897598089086	26.248783562613347	0.0
46.0	26.31098774715796	23.707535276684215	23.751769363471492	26.229707612686337	0.0
47.0	26.27891803423718	23.65583668775158	23.78079798292564	26.284447295085595	0.0
48.0	26.259493023474413	23.73456303754634	23.762485727634893	26.24345821134435	0.0
49.0	26.343464726275457	23.722056652493407	23.68224619450726	26.252232426723875	0.0
50.0	26.269096579065227	23.800848183924316	23.78674864672089	26.143306590289566	0.0
51.0	26.24338565828251	23.85005833337941	23.6996632698762	26.206892738461878	0.0
52.0	26.14275366726198	23.84563494915873	23.743620650569234	26.26799073301006	0.0
53.0	26.22679796745495	23.67975804088313	23.83374710406564	26.259696887596277	0.0
54.0	26.229562582592873	23.677269887258994	23.749702803872673	26.343464726275457	0.0
55.0	26.197216585479133	23.74527941965199	23.774860801627806	26.282643193241068	0.0
56.0	26.143306590289566	23.75882603382783	23.84646433370011	26.251403042182496	0.0
57.0	26.283196116268652	23.794213107593293	23.70685126923481	26.215739506903248	0.0
58.0	26.21656889144462	23.782325262500205	23.751085111441636	26.250020734613532	0.0
59.0	26.28209027021348	23.66344681156936	23.77845480130711	26.27600811691004	0.0
60.0	26.301166114665175	23.799742337869144	23.684457886617604	26.214633660848076	0.0
61.0	26.23730350497907	23.776796032224354	23.672293580010724	26.313606882785844	0.0
62.0	26.152153358730928	23.74832049630371	23.71210403799687	26.38742210696849	0.0
63.0	26.237856428006655	23.81163018296223	23.748044034789917	26.2024693542412	0.0
64.0	26.251403042182496	23.840382180396666	23.780666493417453	26.12754828400338	0.0
65.0	26.115383977396505	23.80858910631051	23.75467911112094	26.321347805172042	0.0
66.0	26.292319346223813	23.808036183282923	23.731456343962357	26.168188126530907	0.0
67.0	26.210763199654973	23.786195723693304	23.83789402677253	26.165147049879184	0.0
68.0	26.301442576178967	23.789513261858815	23.7223331140072	26.186711047955015	0.0
69.0	26.189752124606734	23.73587972818304	23.78564280066572	26.288725346544506	0.0
70.0	26.215463045389452	23.727032959741674	23.806100952686375	26.251403042182496	0.0
71.0	26.315265651868604	23.71514511464859	23.748596957817504	26.220992275665306	0.0
72.0	26.28402550081003	23.655705889183167	23.77956064736228	26.280707962644524	0.0
73.0	26.26570642633012	23.735261186293076	23.76207787899313	26.23695450838367	0.0
74.0	26.341383848101824	23.726901768238065	23.68156233066826	26.250152052991847	0.0
75.0	26.277798051510025	23.798228444414956	23.768647226000507	26.155326278074508	0.0
76.0	26.2584458525473	23.84467372192549	23.681285870683077	26.21559455484413	0.0
77.0	26.134868239171062	23.844950181910672	23.74680688717115	26.273374691747115	0.0
78.0	26.220570834577405	23.679350650786805	23.833338862533036	26.266739652102757	0.0
79.0	26.221953134503313	23.67050393126099	23.761459266385785	26.346083667849918	0.0
80.0	26.199559875703592	23.753718386800696	23.777493945526324	26.269227791969392	0.0
81.0	26.142885578741332	23.76394740625242	23.85462628139203	26.23854073361422	0.0
82.0	26.274480531687843	23.79131694478541	23.711420009067886	26.22278251445886	0.0
83.0	26.202600935540588	23.785511285096593	23.760629886430237	26.25125789293258	0.0
84.0	26.27226885180639	23.664698271572174	23.790211104844687	26.272821771776755	0.0
85.0	26.296320870517203	23.79131694478541	23.692067810105165	26.220294374592225	0.0
86.0	26.236052593747583	23.771411825852326	23.67852127083126	26.314014309568833	0.0
87.0	26.15670857800042	23.7445952072897	23.71363168894934	26.385064525760544	0.0
88.0	26.252640192858482	23.812327903659224	23.741277687467516	26.193754216014774	0.0
89.0	26.258722312532484	23.839697442192218	23.782470225259598	26.1191100200157	0.0
90.0	26.10749870063807	23.806245783985226	23.75758882659324	26.328666688783464	0.0
91.0	26.29106813079875	23.809286843822225	23.73713078768979	26.162514237689237	0.0
92.0	26.214212254918223	23.782470225259598	23.840526822147762	26.16279069767442	0.0
93.0	26.295491490561655	23.790764024815047	23.726901768238065	26.18684271638523	0.0
94.0	26.196518815866593	23.731878047971335	23.79242278472614	26.279180351435933	0.0
95.0	26.22305897444404	23.729666368089884	23.797951984429773	26.249322673036307	0.0
96.0	26.31484368952438	23.710590629112342	23.752612546859968	26.221953134503313	0.0
97.0	26.29272689070984	23.64976943237236	23.7672649260746	26.290238750843205	0.0
98.0	26.26860224982514	23.73264181666883	23.759458361094445	26.23929757241158	0.0
99.0	26.343173411331477	23.717094532204648	23.68502535124047	26.254706705223406	0.0
100.0	26.27267650490161	23.800032069180965	23.776533100371008	26.15075832554642	0.0
101.0	26.25802420670246	23.84813584062723	23.67617868062966	26.217661272040647	0.0
102.0	26.139147070369734	23.845094797604762	23.747781420885882	26.267976711139617	0.0
103.0	26.222913982715816	23.67617868062966	23.83210125014514	26.26880608650938	0.0
104.0	26.214896687474777	23.671202428411085	23.770451014326078	26.343449869788067	0.0
105.0	26.197756263166333	23.75579871612693	23.784826854068637	26.2616181666381	0.0
106.0	26.147717282523956	23.765751220564084	23.848688757540405	26.23784273937155	0.0
107.0	26.277099840207015	23.785932687894988	23.719582658313936	26.21738481358406	0.0
108.0	26.204667724581025	23.798926235354614	23.75552225767034	26.24088378239402	0.0
109.0	26.27267650490161	23.66429096699639	23.785932687894988	26.277099840207015	0.0
110.0	26.29700484908133	23.792014773939922	23.6911074372854	26.21987293969335	0.0
111.0	26.246412951525773	23.758839759149392	23.683919517414118	26.310827771910716	0.0
112.0	26.163751873006042	23.742252251754127	23.717370990661234	26.376624884578593	0.0
113.0	26.251112745287763	23.809431656704945	23.743081627123892	26.196373970883396	0.0
114.0	26.247518785352124	23.84924167445358	23.78731498017793	26.115924560016367	0.0
115.0	26.115924560016367	23.806114155225895	23.75801038377963	26.31995090097811	0.0
116.0	26.29894005827744	23.796991026158498	23.74474037786342	26.159328537700638	0.0
117.0	26.222913982715816	23.780403518763237	23.83707750236372	26.159604996157228	0.0
118.0	26.295622556798392	23.77763893419736	23.731470371947207	26.19526813705704	0.0
119.0	26.188909592555525	23.735340790339436	23.793949983136034	26.281799633969005	0.0
120.0	26.225678567281697	23.72732349509839	23.801137903007316	26.2458600346126	0.0
121.0	26.316909857955643	23.70188931709232	23.754969340757164	26.226231484194866	0.0
122.0	26.291199221492985	23.64880929342748	23.77985060185006	26.280140883229475	0.0
123.0	26.27302559735926	23.727665550692944	23.76001127953621	26.23929757241158	0.0
124.0	26.346636587820278	23.715843368830797	23.68653861040153	26.250981432947395	0.0
125.0	26.274204071702663	23.797951984429773	23.77970562540778	26.148138318459786	0.0
126.0	26.257892932576937	23.847161861792124	23.67990357075717	26.21504163487377	0.0
127.0	26.15145583828197	23.844120801955125	23.743489367348968	26.26093399241394	0.0
128.0	26.2236118944144	23.674374371053535	23.83665638235522	26.265357352176842	0.0
129.0	26.223684392408387	23.67029291016408	23.76428956498901	26.34173313243852	0.0
130.0	26.204055679194948	23.750742988264243	23.786682885697303	26.25851844684351	0.0
131.0	26.154016283538144	23.760695575245705	23.84473964308917	26.24054849812698	0.0
132.0	26.287546825539444	23.783641817452967	23.716738316077574	26.21207304093001	0.0
133.0	26.209031972685676	23.79193563993752	23.76152495749416	26.237507429882644	0.0
134.0	26.277870699307464	23.667251841919743	23.78612996419833	26.268747494574455	0.0
135.0	26.305240313506488	23.78806518944473	23.684668869137305	26.222025627911478	0.0
136.0	26.23308405789088	23.765671868736433	23.682733643890906	26.318510429481773	0.0
137.0	26.168392242511366	23.74051394053329	23.715079551580665	26.376014265374675	0.0
138.0	26.24303664487234	23.806864520409714	23.75019006676527	26.199908767952667	0.0
139.0	26.247736477613593	23.852480544074755	23.78612996419833	26.113653014113318	0.0
140.0	26.120288072100962	23.810734970902505	23.755166360256002	26.313810596740527	0.0
141.0	26.295287726525025	23.796082551179794	23.75129590976321	26.157333812531963	0.0
142.0	26.225619617654782	23.777559680964295	23.841698574844834	26.155122126536085	0.0
143.0	26.299987559266274	23.7886181109437	23.733602421796167	26.177791907993864	0.0
144.0	26.1993558464537	23.733602421796167	23.794423786682888	26.27261794506725	0.0
145.0	26.229490068147577	23.73443180404462	23.800782383921042	26.23529574388676	0.0
146.0	26.317128125734353	23.69683314211465	23.75488989950652	26.231148832644486	0.0
147.0	26.303101345261727	23.647964966796973	23.780113570389865	26.268820117551435	0.0
148.0	26.278015996107413	23.73013964109667	23.75999756713195	26.231846795663966	0.0
149.0	26.352180740478616	23.713893926659885	23.68458884416331	26.249336488698187	0.0
150.0	26.27172999513425	23.791856504622462	23.776651037289334	26.15976246295395	0.0
151.0	26.251271729995135	23.846043260936877	23.68901225284204	26.213672756225947	0.0
152.0	26.155339054275224	23.84134338921573	23.75011058521697	26.253206971292077	0.0
153.0	26.22639005617729	23.67131861812713	23.838578758791527	26.263712566904058	0.0
154.0	26.2162334018042	23.663643074166945	23.774781524476722	26.34534199955213	0.0
155.0	26.202410211467164	23.742435259088058	23.79247520810813	26.262679321336645	0.0
156.0	26.154858436707755	23.76261711698013	23.853297245591094	26.229227200721017	0.0
157.0	26.288390455363537	23.7814166558385	23.713406559380278	26.216786329417687	0.0
158.0	26.21706279322443	23.783075438678946	23.76897578453517	26.230885983561464	0.0
159.0	26.28175532400176	23.66170782751976	23.7888811786205	26.26765566985798	0.0
160.0	26.31603683603761	23.786393004359834	23.683824932059018	26.213745227543534	0.0
161.0	26.246367956738943	23.75459966658465	23.686866033933168	26.312166342743236	0.0
162.0	26.165364061363906	23.737182446759984	23.72944146017124	26.36801203170487	0.0
163.0	26.258255900428797	23.80104558611709	23.75515259419813	26.185545919255983	0.0
164.0	26.253556015714203	23.842238693321463	23.787498859586798	26.116706431377533	0.0
165.0	26.120576924671905	23.813486457420428	23.75542905800487	26.310507559902796	0.0
166.0	26.302766573314056	23.79993973089013	23.745476360962204	26.15181733483361	0.0
167.0	26.230609519754722	23.769252248341907	23.844726867582132	26.15541136432124	0.0
168.0	26.30027839905339	23.783351902485688	23.742158795281316	26.174210903179613	0.0
169.0	26.202686675273906	23.730270851591463	23.79966326708339	26.26737920605124	0.0
170.0	26.23752111492324	23.73303548965887	23.79855741185643	26.230885983561464	0.0
171.0	26.317972082684793	23.68769542535339	23.76178772555991	26.232544766401904	0.0
172.0	26.301180503718445	23.649885267203008	23.77346493046916	26.275469298609384	0.0
173.0	26.277753663856856	23.731231459543444	23.761642646436776	26.229372230162923	0.0
174.0	26.351642761564577	23.705309254979152	23.687615424596636	26.25543255885963	0.0
175.0	26.272718727364214	23.795292309223512	23.777598381005568	26.154390582406705	0.0
176.0	26.252813058119024	23.836762453484322	23.691616948571493	26.21880753982516	0.0
177.0	26.14637302118295	23.841185935538807	23.759075049902407	26.253365993375837	0.0
178.0	26.228760374447756	23.67060540881268	23.841462403167213	26.259171813572348	0.0
179.0	26.222750584039478	23.66016505163047	23.7784935237279	26.33859084060215	0.0
180.0	26.198697833870142	23.749740810881796	23.794252222114707	26.257309133133354	0.0
181.0	26.163033411205266	23.76218188855559	23.84456946959539	26.230215230643754	0.0
182.0	26.288273593121463	23.776281776585893	23.716564603751674	26.218880026540965	0.0
183.0	26.212521253507692	23.784852296761173	23.76743478801786	26.235191661713277	0.0
184.0	26.27555604705492	23.662929735557984	23.788999322652437	26.272514894734663	0.0
185.0	26.311773406505303	23.78457582836842	23.688364827691075	26.2152859374352	0.0
186.0	26.244038650281304	23.758034862664328	23.69251185358234	26.30541463347203	0.0
187.0	26.173815678522555	23.730664491781976	23.724858655534206	26.370661174161263	0.0
188.0	26.246803334208817	23.805034489431996	23.75112315284555	26.197039023513636	0.0
189.0	26.248054342927762	23.8358542782338	23.796595549387202	26.119495829451232	0.0
190.0	26.124195818115968	23.805995526716668	23.754295651404604	26.31551300376276	0.0
191.0	26.296713049103822	23.79300144040829	23.74876625297551	26.161519257512378	0.0
192.0	26.22704262889719	23.768948557241714	23.844148375877445	26.15986043798365	0.0
193.0	26.30224244753292	23.780283824021364	23.730519238159484	26.18695449028623	0.0
194.0	26.21238972306008	23.722501610437295	23.79963671852321	26.265471947979417	0.0
195.0	26.238930835519746	23.72692512918057	23.802401417737755	26.23174261756192	0.0
196.0	26.31551300376276	23.675225253868508	23.767289737712986	26.241972004655757	0.0
197.0	26.29374457426279	23.644325992115057	23.774543685133064	26.28738574848909	0.0
198.0	26.274740738897595	23.744197555439435	23.759956428099454	26.22110527756351	0.0
199.0	26.345866740392594	23.716339507879457	23.690074647497926	26.24771910423003	0.0
200.0	26.269705666052896	23.802730454688717	23.775636027846435	26.151927851411948	0.0
201.0	26.261134980010947	23.83563083014006	23.691035062400122	26.212199127448866	0.0
202.0	26.157457326277722	23.83590730388335	23.75683581330281	26.249799556536114	0.0
203.0	26.244823029156922	23.6722348478565	23.835354356396774	26.24758776658981	0.0
204.0	26.229965965988107	23.65128823296848	23.782060675095455	26.336685125947962	0.0
205.0	26.208953903405334	23.751372004744304	23.787313690741147	26.252360401109215	0.0
206.0	26.171906319377825	23.772937016342407	23.833208459014035	26.221948205265733	0.0
207.0	26.29327862824408	23.77708413395743	23.71653621677813	26.213101021020357	0.0
208.0	26.21110662604301	23.791658141965307	23.767604660292953	26.22963057169873	0.0
209.0	26.275525720636782	23.659502231167785	23.79552881717695	26.269443231018485	0.0
210.0	26.299855679109967	23.797187677981942	23.69267944726758	26.210277195640515	0.0
211.0	26.23820135252451	23.75986330986967	23.698208983284214	26.30372635432161	0.0
212.0	26.18290599235818	23.731939152985674	23.722262464956565	26.36289238969958	0.0
213.0	26.24124259733366	23.80769379641354	23.755716157857194	26.195347448395605	0.0
214.0	26.25928619022209	23.841213404738273	23.79282983082338	26.106670574216256	0.0
215.0	26.126853436477898	23.805271321258637	23.76158786595262	26.30628737631085	0.0
216.0	26.28555155891875	23.796700516736568	23.766011506996264	26.151736417348413	0.0
217.0	26.21753807787267	23.7762411769097	23.84314874769487	26.163071997522763	0.0
218.0	26.28555155891875	23.780664817953348	23.7416814812562	26.192102141871697	0.0
219.0	26.193484529697837	23.72564578247298	23.809418484737055	26.271451203092127	0.0
220.0	26.228320702916562	23.734769542125505	23.802506545606356	26.234403209351576	0.0
221.0	26.317346478919966	23.677815163688543	23.763246731343983	26.241591626047505	0.0
222.0	26.29240509828859	23.6395808565346	23.789156459951894	26.27885758522492	0.0
223.0	26.275335993076926	23.735861472148727	23.7646154569257	26.224187077848647	0.0
224.0	26.347570281568643	23.69777266594413	23.691137112649578	26.26351993983765	0.0
225.0	26.258964958555207	23.79577865883667	23.78167803011452	26.163578352493598	0.0
226.0	26.260070890219694	23.829509574603385	23.689332736130233	26.221086799046688	0.0
227.0	26.152519035848776	23.829786057519506	23.756518084747544	26.261176821884174	0.0
228.0	26.23186963277539	23.667767068672827	23.844163169157778	26.256200129394003	0.0
229.0	26.224622113840017	23.650268328895745	23.786852022351066	26.33825753491317	0.0
230.0	26.206927060436904	23.748697063450592	23.795976034262047	26.24839984185046	0.0
231.0	26.161043356125184	23.77605556308218	23.84185977068063	26.221041310112003	0.0
232.0	26.285186588107134	23.78407372283157	23.714398679492035	26.21634100956926	0.0
233.0	26.20977775811634	23.793540110263827	23.77778023545806	26.21890189616178	0.0
234.0	26.28304735151157	23.649489324758488	23.794922555422225	26.272540768307724	0.0
235.0	26.305442963077653	23.791051708978706	23.68073258533834	26.2227727426053	0.0
236.0	26.24046804063283	23.756767069050372	23.694557036922344	26.308207853394457	0.0
237.0	26.17466365109296	23.72524731943884	23.734371457484283	26.36571757198392	0.0
238.0	26.235767727094267	23.809023496037913	23.75261973357517	26.20258904329265	0.0
239.0	26.260447858171794	23.833420427619117	23.786970141866913	26.11916157234217	0.0
240.0	26.12957366388046	23.80309846459273	23.75443437675405	26.31289349477276	0.0
241.0	26.295676699525778	23.802347606077785	23.751192467751526	26.150783226644915	0.0
242.0	26.2242586974977	23.76786025379742	23.841969764425773	26.165911284279105	0.0
243.0	26.281920100883283	23.778919597573047	23.744904675254283	26.194255626289387	0.0
244.0	26.19120709538783	23.725133923509418	23.816121707915382	26.267537273187365	0.0
245.0	26.233575148449408	23.71899295020895	23.817452173985192	26.22997972735645	0.0
246.0	26.31047606403576	23.675141336696647	23.76862823193601	26.245754367331585	0.0
247.0	26.29615082482325	23.635252204507484	23.782680371308764	26.285916599360498	0.0
248.0	26.27933480122595	23.740581329733676	23.76271036413326	26.217373504907115	0.0
249.0	26.3491141446413	23.702474309503064	23.697218649295326	26.251192896560312	0.0
