# Position (bp)	A	C	G	T	N
0.0	26.05923070291042	24.03868655392839	23.915520193124852	25.986562550036336	0.0
1.0	26.0167383084332	24.09719057531007	24.00327622519737	25.88279489105935	0.0
2.0	25.96394537925089	23.977092538140614	24.017426913188725	26.04153516941977	0.0
3.0	25.9893476186078	24.18090576029063	24.009113019919337	25.82063360118223	0.0
4.0	26.119389200172407	23.84705375284773	23.900006157256325	26.13355088972354	0.0
5.0	26.09636566249854	23.943037623981827	23.96335494357326	25.99724176994637	0.0
6.0	25.930679964293407	23.880321359312955	24.002831901991566	26.18616677440207	0.0
7.0	26.029412669978512	23.917031401010792	23.878865106773286	26.174690822237405	0.0
8.0	25.93494258463035	23.98426655750924	23.99011427674485	26.090676581115563	0.0
9.0	26.029273276748178	24.050434236685152	23.89871298524642	26.021579501320254	0.0
10.0	26.010142974082484	23.985240987955216	24.003397403940248	26.001218634022045	0.0
11.0	25.925207875576234	24.072945709238848	24.014783630913914	25.987062784271004	0.0
12.0	25.894126553296775	24.12926137237886	24.008013441902545	25.96859863242182	0.0
13.0	25.930131649402682	24.08340872862005	24.082485521027593	25.90397410094967	0.0
14.0	26.06276580685266	24.05017325529152	23.88553456796962	26.001526369886204	0.0
15.0	26.018144106550466	23.904921927411266	24.127414957193942	25.94951900884433	0.0
16.0	26.03753146599211	23.915692682656623	24.062790425721793	25.983985425629474	0.0
17.0	26.09292392153966	24.046172689057528	23.808600601931353	26.05230278747146	0.0
18.0	25.882432590458958	23.999704573570412	24.02432344270266	26.093539393267974	0.0
19.0	26.097232223637807	23.856299660875077	23.95908343950221	26.08738467598491	0.0
20.0	26.054912049631334	23.901081992639003	23.93123992171248	26.11276603601718	0.0
21.0	26.01152155984195	24.1300360664213	23.846920813894805	26.01152155984195	0.0
22.0	25.998288999126036	23.962628786666503	23.993094449710114	26.045987764497347	0.0
23.0	26.026292790408544	24.08356823693054	23.866308054013466	26.02383091864745	0.0
24.0	26.02136904688635	23.93924100493605	23.993094449710114	26.046295498467487	0.0
25.0	26.07245288592917	24.033407599798124	23.914622287325052	25.979517226947646	0.0
26.0	26.04014081906473	24.092184788094386	23.98878617412819	25.878888218712685	0.0
27.0	25.98105589679834	23.95308903359224	24.01986730511208	26.045987764497347	0.0
28.0	26.013060229692638	24.14203769125666	23.999249129112865	25.845652949937836	0.0
29.0	26.116458843658837	23.858922438730165	23.891542239564743	26.133076478046256	0.0
30.0	26.115843375718562	23.940779674786743	23.942933812577703	26.000443136916996	0.0
31.0	25.94843609596376	23.87707874296828	24.00232646881424	26.17215869225372	0.0
32.0	26.03090879996061	23.914622287325052	23.901081992639003	26.153386920075334	0.0
33.0	25.933049397456887	23.974938145472002	23.986632036337227	26.10538042073388	0.0
34.0	26.042910424795974	24.048486564334866	23.90385159837024	26.004751412498923	0.0
35.0	26.024138652617584	23.966013860338016	23.998018193232316	26.011829293812085	0.0
36.0	25.9192013688007	24.0635655288716	24.00848114821699	26.00875195411071	0.0
37.0	25.895198119129976	24.129728332451162	24.009404350127404	25.965669198291465	0.0
38.0	25.91704723100974	24.085722374721502	24.082645035020125	25.914585359248637	0.0
39.0	26.04167948891542	24.054948977707753	23.904467066310517	25.998904467066307	0.0
40.0	26.012752495722495	23.88784943192309	24.139268085525426	25.960129986828985	0.0
41.0	26.019214909095385	23.91862282893684	24.066950602543113	25.995211659424662	0.0
42.0	26.06075899506395	24.05956498725981	23.823533032164352	26.056142985511883	0.0
43.0	25.892428513398734	23.973399475621314	24.0414086830217	26.092763327958245	0.0
44.0	26.08230037297357	23.856152832998927	23.962936520636642	26.09861027339086	0.0
45.0	26.057829011749213	23.89754983720973	23.922476135377497	26.122145015663563	0.0
46.0	26.008591879565973	24.120963324491164	23.8640070409099	26.00643775503296	0.0
47.0	25.986127438007372	23.941555524098497	23.99756276195693	26.074754275937195	0.0
48.0	26.026132607906256	24.077573101754687	23.880316840945596	26.015977449393464	0.0
49.0	26.012900128632012	23.941863256174646	24.004332867632126	26.040903747561224	0.0
50.0	26.079370257079376	24.026181845038437	23.901858086275766	25.992589811606422	0.0
51.0	26.015977449393464	24.10249939992245	23.99879369026151	25.882729460422578	0.0
52.0	25.971356298352404	23.9544802712966	24.025566380886147	26.048597049464856	0.0
53.0	26.013207860708153	24.144658694354348	24.003717403479836	25.83841604145767	0.0
54.0	26.11937542697825	23.85969879184387	23.891702927762974	26.129222853414902	0.0
55.0	26.098757377876524	23.940940059946207	23.959096252438776	26.00120630973849	0.0
56.0	25.94796866056537	23.876316323955713	24.004332867632126	26.1713821478468	0.0
57.0	26.03782642679977	23.910166852331685	23.883086429630907	26.168920291237637	0.0
58.0	25.934428449214973	23.972944195865313	23.99756276195693	26.095064592962785	0.0
59.0	26.039672819256644	24.043414841302567	23.912628708940847	26.00428363049994	0.0
60.0	26.031979517353008	23.94924882600213	24.015103490297207	26.003668166347648	0.0
61.0	25.917503185026984	24.06711021116575	24.00925658085045	26.006130022956814	0.0
62.0	25.90642483028576	24.126810233937924	24.019411739363242	25.947353196413076	0.0
63.0	25.909194418971065	24.092651973485804	24.08588186781061	25.912271739732518	0.0
64.0	26.03074858904843	24.045568965835585	23.924937991986656	25.99874445312933	0.0
65.0	26.008591879565973	23.887702410773084	24.148659211344235	25.955046498316705	0.0
66.0	26.02797900036312	23.92401479575822	24.060955569642847	25.987050634235807	0.0
67.0	26.07844706085094	24.05233907151078	23.82154001440186	26.047673853236418	0.0
68.0	25.88642224533632	23.96863594679928	24.059109177185974	26.085832630678425	0.0
69.0	26.09660325334351	23.858467863539286	23.95509573544889	26.089833147668312	0.0
70.0	26.065977351058596	23.90078778926637	23.92479074347612	26.108444116198914	0.0
71.0	26.030280649926148	24.11373707533235	23.85709010339734	25.998892171344167	0.0
72.0	25.982274741506643	23.94048498276711	24.015263417035943	26.0619768586903	0.0
73.0	26.025664697193502	24.091580502215656	23.875553914327917	26.007200886262925	0.0
74.0	26.016740521910386	23.938638601674054	23.998338257016247	26.046282619399307	0.0
75.0	26.063823239783357	24.047575086164453	23.908481043820778	25.98012063023141	0.0
76.0	26.02227966518956	24.109121122599706	23.999261447562777	25.86933776464796	0.0
77.0	25.99181437715411	23.962026095519448	24.04111275233875	26.00504677498769	0.0
78.0	26.006893156080746	24.149741506646972	24.01157065484983	25.831794682422455	0.0
79.0	26.123830625307733	23.864167897587397	23.88386262924668	26.128138847858196	0.0
80.0	26.07520925652388	23.945716395864107	23.980489906450025	25.998584441161988	0.0
81.0	25.952424913835547	23.88909404234367	23.995260955194485	26.163220088626293	0.0
82.0	26.03551206302314	23.919251600196947	23.88540128015756	26.159835056622356	0.0
83.0	25.944423929098964	23.959871984244216	23.99803052683407	26.09767355982275	0.0
84.0	26.032742491383555	24.057114721811914	23.911558345642543	25.998584441161988	0.0
85.0	26.029972919743972	23.957410142786806	24.027264894140817	25.985352043328408	0.0
86.0	25.93734613490891	24.05680699162974	24.023264401772526	25.982582471688826	0.0
87.0	25.915497291974397	24.11373707533235	24.02541851304776	25.945347119645497	0.0
88.0	25.916112752338748	24.081733136386017	24.096196454948302	25.905957656326933	0.0
89.0	26.027818808468734	24.042035942885278	23.935253569670113	25.994891678975872	0.0
90.0	26.000430822255048	23.89586410635155	24.16543574593796	25.938269325455444	0.0
91.0	26.027818808468734	23.91586656819301	24.06419251600197	25.992122107336286	0.0
92.0	26.07459379615953	24.044805514524864	23.838626292466767	26.041974396848843	0.0
93.0	25.890263417035943	23.9561792220581	24.062961595273265	26.090595765632695	0.0
94.0	26.097365829640573	23.8653988183161	23.964180206794683	26.073055145248645	0.0
95.0	26.067663296016146	23.910180267231247	23.93602944344262	26.08612699330999	0.0
96.0	26.001193985758338	24.122820514398608	23.877561068678798	25.998424431164256	0.0
97.0	25.969190243782347	23.955724053889377	24.01080741748266	26.06427828484561	0.0
98.0	26.020580867916866	24.082200380352166	23.90617979948425	25.991038952246726	0.0
99.0	26.016580400169865	23.94126082434254	23.985265969559517	26.05689280592808	0.0
100.0	26.07412559006899	24.043734344323337	23.899409777143173	25.982730288464495	0.0
101.0	26.008271736387638	24.100971805934233	24.008345591176813	25.882410866501317	0.0
102.0	25.989500310805568	23.95233904271884	24.037272050270495	26.020888596205094	0.0
103.0	26.019657683052174	24.138514657098366	24.023424277300116	25.81840338254934	0.0
104.0	26.138440802309194	23.84248004382051	23.88802383047864	26.131055323391656	0.0
105.0	26.08705017817468	23.941876280919	23.977572762353752	25.99350077855257	0.0
106.0	25.926416011718295	23.896024765972637	24.008961047753274	26.168598174555797	0.0
107.0	26.02150405278156	23.91756574614878	23.91264209353709	26.148288107532576	0.0
108.0	25.95226518792966	23.96587908740099	23.990189622171208	26.09166610249814	0.0
109.0	26.036275010616627	24.03542568054111	23.91787347443701	26.010425834405254	0.0
110.0	26.026735433681473	23.95541632560115	24.05081209495264	25.967036145764737	0.0
111.0	25.941494697841595	24.047427083782104	24.022193364147192	25.98888485422911	0.0
112.0	25.911952782171454	24.117589133498683	24.02557837531773	25.94487970901213	0.0
113.0	25.923954185412445	24.07419944485817	24.102202719087153	25.89964365064223	0.0
114.0	26.02765861854617	24.040657061441028	23.931413519119157	26.000270800893645	0.0
115.0	26.016272671881634	23.89079338507272	24.170518399074354	25.922415543971294	0.0
116.0	26.019349954763943	23.9077184409254	24.08989358755793	25.98303801675273	0.0
117.0	26.100282494568596	24.030194299641188	23.837248662920587	26.032274542869626	0.0
118.0	25.88918088884239	23.94618447695423	24.067737150805325	26.096897483398056	0.0
119.0	26.08612699330999	23.876945612102336	23.964340445959838	26.07258694862784	0.0
120.0	26.083210241260463	23.90571147218119	23.91402018709995	26.097058099458394	0.0
121.0	26.012740029542098	24.122968980797637	23.868476120137863	25.995814869522405	0.0
122.0	25.98135155096012	23.970334810438207	24.00910881339242	26.039204825209257	0.0
123.0	26.03120384047267	24.0715780403742	23.91001969473166	25.987198424421464	0.0
124.0	26.00443131462334	23.9497168882324	23.99310684391925	26.05274495322501	0.0
125.0	26.06043820777942	24.043882323978334	23.909404234367308	25.986275233874938	0.0
126.0	26.015509601181684	24.102351058591825	24.012493845396357	25.869645494830134	0.0
127.0	25.99181437715411	23.946331856228458	24.05157557853274	26.01027818808469	0.0
128.0	26.01427868045298	24.134354997538157	24.030957656326933	25.82040866568193	0.0
129.0	26.122987823079217	23.84300788714884	23.893783523459884	26.140220766312055	0.0
130.0	26.119295049529324	23.919017476050826	23.989795635757126	25.971891838662724	0.0
131.0	25.941118725746943	23.9023999950763	24.01318320157312	26.14329807760364	0.0
132.0	26.03497672014008	23.912247391209352	23.911016466692722	26.14175942195785	0.0
133.0	25.929117211709784	23.968562187845237	23.998412107373547	26.103908493071433	0.0
134.0	26.022359743844607	24.045187239005536	23.94271277299598	25.98974024415388	0.0
135.0	26.022667474973765	23.961792103003763	24.06026606433427	25.9552743576882	0.0
136.0	25.935887296551257	24.051341861588693	24.025492446739435	25.987278395120615	0.0
137.0	25.908499226056207	24.099040186608157	24.033801187226697	25.958659400108935	0.0
138.0	25.94081099461778	24.049187743684588	24.099963379995632	25.910037881701996	0.0
139.0	26.034053526752604	24.015337319477226	23.944251428641767	26.0063577251284	0.0
140.0	26.0180515080364	23.865472259577363	24.170126077443616	25.94635015494262	0.0
141.0	26.00758864964503	23.897784028138936	24.11134943177447	25.983277890441563	0.0
142.0	26.116217738237747	24.01749143738133	23.849470240861155	26.016820583519767	0.0
143.0	25.900805947827266	23.94086638622103	24.067959342563217	26.09036832338849	0.0
144.0	26.096522945971646	23.864549066189888	23.98887244236965	26.050055545468815	0.0
145.0	26.06260539888477	23.913699085414642	23.923238838488903	26.100456677211685	0.0
146.0	26.00967515602112	24.1128029640936	23.892465441475153	25.985056438410126	0.0
147.0	25.996750329275347	23.954935437413067	23.994940853530938	26.05337337978065	0.0
148.0	26.047834168318175	24.070335676214626	23.888464899863365	25.993365255603834	0.0
149.0	25.995211659424662	23.93985647287633	23.99832592720245	26.06660594049656	0.0
150.0	26.074607023720137	24.01986730511208	23.911852681593814	25.993672989573973	0.0
151.0	26.02229224879676	24.085722374721502	24.023560112753728	25.868425263728014	0.0
152.0	26.007828752200297	23.942933812577703	24.032176663917575	26.017060771304422	0.0
153.0	26.003520476618373	24.13619074582405	24.03186892994744	25.82841984761014	0.0
154.0	26.129464079641796	23.839608561185393	23.90392515886815	26.127002200304656	0.0
155.0	26.113461863950395	23.9282362173224	23.981166623070887	25.97713529565632	0.0
156.0	25.931898262836395	23.886076533673894	24.0270191257251	26.155006077764615	0.0
157.0	26.021756858641965	23.916850025388133	23.92054284439384	26.140850271576067	0.0
158.0	25.95097782769922	23.969472696219476	23.98424397224231	26.095305503838993	0.0
159.0	26.064224277207614	24.02825006539367	23.930698096659537	25.97682756073918	0.0
160.0	26.01437122063055	23.95285501069379	24.06856333953932	25.96421042913634	0.0
161.0	25.935898816759245	24.042405871582222	24.028865535227954	25.992829776430582	0.0
162.0	25.926359034327827	24.086104229816435	24.03471249865366	25.952824237202076	0.0
163.0	25.946669538859226	24.04609869058793	24.094720807496422	25.912510963056423	0.0
164.0	26.02391100306196	24.015940668707973	23.955009155113785	26.005139173116277	0.0
165.0	26.018679509470545	23.86330414980536	24.187964487390563	25.93005185333354	0.0
166.0	26.02791155698481	23.903617423951008	24.110723023187827	25.95774799587635	0.0
167.0	26.10792263544183	24.013786524287976	23.852841162622518	26.02544967764767	0.0
168.0	25.888815374436458	23.942392023510948	24.048252835007926	26.12053976704467	0.0
169.0	26.098382853010417	23.859303595882505	23.983936237325167	26.05837731378191	0.0
170.0	26.059541101454986	23.935535094413947	23.921686895295306	26.083236908835765	0.0
171.0	26.023843521504713	24.09678967970654	23.8912208572343	25.988145941554446	0.0
172.0	25.99030010586179	23.956153524212805	23.997698121568725	26.05584824835668	0.0
173.0	26.043538738029	24.068477805952877	23.895221448090794	25.992762007927322	0.0
174.0	26.000763189640313	23.94846008025801	24.002621925699795	26.04815480440188	0.0
175.0	26.062003003520516	24.03431891479357	23.91953273098796	25.98414535069795	0.0
176.0	26.032767916492283	24.074324823358527	24.022932617740466	25.869974642408728	0.0
177.0	26.009072109111496	23.919840468746152	24.051244491494128	26.019842930648217	0.0
178.0	26.01584233979172	24.11340751864891	24.01893202688397	25.851818114675396	0.0
179.0	26.154097079251947	23.822668648503928	23.89929558610375	26.123938686140374	0.0
180.0	26.11747617333075	23.91468252136476	23.997156494363768	25.970684810940725	0.0
181.0	25.919292447168957	23.87990804767488	24.038393480863267	26.162406024292896	0.0
182.0	26.03007838104822	23.9183753858274	23.91745216971174	26.13409406341264	0.0
183.0	25.94545023711267	23.964536191610428	23.994694584722005	26.095318986554894	0.0
184.0	26.0663915482642	24.014389861856095	23.926376592163127	25.99284199771658	0.0
185.0	26.022384913417717	23.948841517644198	24.065166748217422	25.963606820720663	0.0
186.0	25.94575797581789	24.034700616400624	24.029469058411884	25.990072349369598	0.0
187.0	25.936833553366505	24.07470664807925	24.04331730014679	25.945142498407453	0.0
188.0	25.968222901298965	24.036854787337166	24.09594061873944	25.898981692624428	0.0
189.0	26.033463506805642	24.00885056516213	23.944225437065896	26.013460490966327	0.0
190.0	26.022077174712493	23.849134177152862	24.18580032066373	25.94298832747091	0.0
191.0	26.0266932552908	23.894064028115007	24.11655911198919	25.962683604605	0.0
192.0	26.123938686140374	24.02177559078138	23.837440106354496	26.016845616723757	0.0
193.0	25.902982295792288	23.943302220950237	24.049164335545974	26.1045511477115	0.0
194.0	26.100550544543637	23.846980006216324	23.96822905607307	26.08424039316697	0.0
195.0	26.07371025517929	23.92998264337679	23.91490330760614	26.081403793837783	0.0
196.0	26.02754902322833	24.07985277644423	23.885975602250205	26.00662259807723	0.0
197.0	26.024471607764937	23.946292945332793	23.977067099966764	26.05216834693551	0.0
198.0	26.045705774462373	24.07062053005404	23.892745916269682	25.99092777921391	0.0
199.0	26.02077870920886	23.922289104718296	24.00476383913734	26.05216834693551	0.0
200.0	26.06232381796472	24.031229612122555	23.922904587810972	25.983541982101755	0.0
201.0	26.043243842091655	24.063542474488226	24.017688984083605	25.87552469933651	0.0
202.0	26.012161945911345	23.906286544308628	24.062003766756526	26.019547743023498	0.0
203.0	26.02233000147718	24.119848343099118	24.032448668078192	25.825372987345514	0.0
204.0	26.160749182159222	23.822786290434266	23.911110016895375	26.105354510511138	0.0
205.0	26.128904194325703	23.923567192611536	23.989117957524336	25.958410655538422	0.0
206.0	25.94887040336802	23.869710930359236	24.023893715435822	26.157524950836926	0.0
207.0	26.037354933417863	23.902787309540003	23.922483435250523	26.137374321791608	0.0
208.0	25.951651868835306	23.96817825103482	23.989721021127302	26.090448859002567	0.0
209.0	26.06059673473156	23.999876898456616	23.934940834320713	26.004585532491113	0.0
210.0	26.032283379752876	23.935864095896104	24.059581146998628	25.972271377352396	0.0
211.0	25.942419253081383	24.031267792019943	24.03342206902919	25.99289088586948	0.0
212.0	25.94104015289306	24.07203946659773	24.051419831165195	25.93550054934402	0.0
213.0	25.9704368004284	24.03741101957031	24.085113454856568	25.90703872514472	0.0
214.0	26.02490990394884	24.029409320748098	23.954316454878114	25.991364320424953	0.0
215.0	26.026756449830884	23.833367699603915	24.199907057190604	25.939968793374597	0.0
216.0	26.03598917924113	23.88353219606624	24.112196127793286	25.96828249689934	0.0
217.0	26.129092817200068	24.020939959191086	23.841823906145653	26.0081433174632	0.0
218.0	25.89827316121368	23.935998325788095	24.058794382772852	26.106934130225373	0.0
219.0	26.109717627144725	23.850119258290377	23.95198892052012	26.08817419404478	0.0
220.0	26.08502963788232	23.931897501554218	23.89465779479383	26.08841506576963	0.0
221.0	26.03178609020011	24.07777866688005	23.88881023753393	26.001625005385907	0.0
222.0	26.000086174528043	23.958057626137965	23.97775466111867	26.064101538215322	0.0
223.0	26.043949279822726	24.067462760064014	23.882801920472733	26.005786039640526	0.0
224.0	26.0002585283581	23.940341503650174	24.01728446737003	26.042115500621698	0.0
225.0	26.073521445806865	24.02127345250406	23.916629733589403	25.98857536809967	0.0
226.0	26.046437189146598	24.042509971930862	24.022812330723394	25.888240508199146	0.0
227.0	25.983823013425422	23.896450050168355	24.07373209482127	26.045994841584953	0.0
228.0	26.017531332332013	24.108352005515478	24.02925171743038	25.844864944722133	0.0
229.0	26.143817001591263	23.83386837140157	23.90558296578321	26.11673166122395	0.0
230.0	26.136122302623278	23.932976094109247	23.981914379545643	25.94898722372183	0.0
231.0	25.96192616075963	23.844934517305592	24.03915111035873	26.153988211576046	0.0
232.0	26.039957770712203	23.901407540328663	23.908179000470923	26.15045568848821	0.0
233.0	25.954858706458474	23.950801961273164	23.98527506148216	26.109064270786202	0.0
234.0	26.04750516327014	23.999433656210854	23.949262983585264	26.00379819693374	0.0
235.0	26.030576408703226	23.936643366544473	24.048680942223697	25.9840992825286	0.0
236.0	25.943162476030423	24.027750845668237	24.036984711795647	25.992101966505686	0.0
237.0	25.933005223290273	24.09115672640978	24.04929653329886	25.926541517001084	0.0
238.0	25.958564054578975	24.039435249794543	24.092376734064462	25.909623961562023	0.0
239.0	26.010126660202843	24.04266124936516	23.96755775120427	25.979654339227725	0.0
240.0	26.027464730201043	23.83170233921189	24.18786343361459	25.95296949697248	0.0
241.0	26.020405021827344	23.89308605944179	24.128599663815876	25.957909254915002	0.0
242.0	26.145428906589164	23.993275675742247	23.849490903380943	26.01180451428765	0.0
243.0	25.912582944590707	23.922836512555232	24.080488968946778	26.084091573907287	0.0
244.0	26.11164486487818	23.85263469071022	23.96811026531668	26.06761017909492	0.0
245.0	26.098967091040116	23.924746084246447	23.895181605967096	26.08110521874634	0.0
246.0	26.011728037647984	24.08467101129686	23.91004398014118	25.99355697091397	0.0
247.0	25.988634438575147	23.967166155883756	23.994579027613078	26.04962037792802	0.0
248.0	26.04416625338455	24.0853630362528	23.88421529277316	25.986255417589494	0.0
249.0	26.008125999192945	23.937197546798426	24.03361292766998	26.02106352633865	0.0
