# Position (bp)	A	C	G	T	N
0.0	26.42642474106459	23.746011791347588	23.727491350112103	26.10007211747572	0.0
1.0	26.291450010242368	23.804940468005938	23.588026815354006	26.315582706397688	0.0
2.0	26.263847889284232	23.78385507278911	23.789186580314954	26.16311045761171	0.0
3.0	26.24751675140577	23.78531263678912	23.637159500319875	26.330011111485234	0.0
4.0	26.256527094632702	23.732109237119072	23.813478713464402	26.197884954783824	0.0
5.0	26.19853933498498	23.671414903496785	23.7477308627912	26.38231489872704	0.0
6.0	26.31674929228145	23.700224730449712	23.752970453977955	26.230055523290886	0.0
7.0	26.285829711903446	23.86019644094568	23.607701652157566	26.24627219499331	0.0
8.0	26.19746284316421	23.710802273454114	23.774483675679313	26.317251207702363	0.0
9.0	26.2730906795708	23.761273581597585	23.788484465951328	26.177151272880284	0.0
10.0	26.30840741353725	23.72455348501892	23.6274941582067	26.339544943237126	0.0
11.0	26.17852744731165	23.629457786205794	23.81796607411854	26.37404869236401	0.0
12.0	26.19591958101789	23.789072690703346	23.690610772463202	26.324396955815565	0.0
13.0	26.2155558610088	23.67097449247229	23.76130138043048	26.352168266088427	0.0
14.0	26.425944575197136	23.840407536965298	23.679390041039824	26.054257846797746	0.0
15.0	26.319347626675043	23.727078149589182	23.695940619889306	26.257633603846465	0.0
16.0	26.224532446147503	23.9125007363605	23.724272966733338	26.13869385075866	0.0
17.0	26.190589733591786	23.771680556997108	23.745031319866587	26.292698389544523	0.0
18.0	26.383866832359466	23.68724455303619	23.679109522754242	26.2497790918501	0.0
19.0	26.242766134710493	23.72202882044866	23.81459985469153	26.22060519014932	0.0
20.0	26.34375271752089	23.632543487347224	23.699026321030736	26.32467747410115	0.0
21.0	26.239680433569063	23.552595775955655	23.87911906037595	26.328604730099332	0.0
22.0	26.212189641581784	23.68724455303619	23.831430951826597	26.269134853555432	0.0
23.0	26.192272843305293	23.751763758720614	23.699587357601906	26.356376040372194	0.0
24.0	26.307846376966083	23.610663061071634	23.66199790733359	26.41949265462869	0.0
25.0	26.42538353862596	23.74923909415035	23.731005405587364	26.09437196163632	0.0
26.0	26.291015279831015	23.801696013554643	23.595515073650077	26.311773632964265	0.0
27.0	26.26408552441491	23.763826045000744	23.791036318702435	26.181052111881915	0.0
28.0	26.254267384419457	23.779535068993475	23.63927592620125	26.326921620385825	0.0
29.0	26.249144421629023	23.728694695975136	23.823509610529506	26.198651271866343	0.0
30.0	26.195285061882164	23.661089978792877	23.757587998339336	26.386036960985628	0.0
31.0	26.31506603381919	23.698398806117527	23.74552574589603	26.241009414167255	0.0
32.0	26.28533117895894	23.86979499781196	23.601059234075024	26.243814589154074	0.0
33.0	26.193808996170947	23.70562576265481	23.772669256770975	26.32789598440327	0.0
34.0	26.265901791099207	23.759484971317164	23.797354727407885	26.177258510175744	0.0
35.0	26.312187048543418	23.72470089905606	23.623434366102362	26.339677686298163	0.0
36.0	26.17417282634613	23.63156935074407	23.819235030926965	26.375022791982833	0.0
37.0	26.189040212070637	23.781084758124464	23.70001542841915	26.329859601385753	0.0
38.0	26.217372399960727	23.664389806022694	23.763131688570347	26.35510610544623	0.0
39.0	26.41457564834425	23.834102416651472	23.686831142965342	26.064490792038935	0.0
40.0	26.339116652874594	23.728347616309243	23.686831142965342	26.24570458785082	0.0
41.0	26.23588650293841	23.917696396762835	23.71348023058474	26.132936869714012	0.0
42.0	26.203627081083358	23.7805237247009	23.745178619016226	26.270670575199517	0.0
43.0	26.385682427030588	23.69188044377744	23.68879475994782	26.233642369244148	0.0
44.0	26.23392288595593	23.73704363437452	23.822320714756582	26.20671276491297	0.0
45.0	26.332103735080015	23.641667952368262	23.702540078825194	26.32368823372652	0.0
46.0	26.23644753636198	23.547694853920923	23.884034391348866	26.331823218368232	0.0
47.0	26.20390759779514	23.686831142965342	23.83213879966899	26.277122459570528	0.0
48.0	26.189040212070637	23.75527722064042	23.70001542841915	26.355667138869798	0.0
49.0	26.304332580613487	23.602956646142196	23.662706705751997	26.43000406749232	0.0
50.0	26.423271666409526	23.74293448532196	23.728347616309243	26.105446231959267	0.0
51.0	26.27992762668836	23.804928678626027	23.59734631190653	26.31779738277908	0.0
52.0	26.263096623981376	23.766778405823526	23.795952143848968	26.17417282634613	0.0
53.0	26.24907078839222	23.778560107718416	23.63886278525043	26.333506318638932	0.0
54.0	26.25881521293964	23.722390220092795	23.8222538893533	26.196540677614266	0.0
55.0	26.196260161689377	23.6556274299692	23.756052131079482	26.39206027726194	0.0
56.0	26.31491839791745	23.692936047979444	23.75100284443148	26.241142709671628	0.0
57.0	26.295001767250326	23.86657540548577	23.59643856981761	26.241984257446294	0.0
58.0	26.20909037356201	23.706895342607165	23.77113330920903	26.312880974621795	0.0
59.0	26.27192576447388	23.76748661241504	23.787403187213	26.173184435898083	0.0
60.0	26.3106368535178	23.719799038955138	23.63592501269331	26.333639094833757	0.0
61.0	26.179075253796068	23.624423892035335	23.83088303360291	26.365617820565685	0.0
62.0	26.18833225335005	23.79609915649098	23.702687615537172	26.312880974621795	0.0
63.0	26.217786342839993	23.671269920081237	23.770291763795033	26.34065197328374	0.0
64.0	26.41891569678558	23.83985951801889	23.682210010463216	26.05901477473232	0.0
65.0	26.341213003559737	23.73354428071711	23.68501516184321	26.240227553879947	0.0
66.0	26.229567978635966	23.928502301626708	23.701004524709177	26.140925195028146	0.0
67.0	26.200955434560026	23.778146187659015	23.74252076513309	26.27837761264787	0.0
68.0	26.395071910055627	23.682490525601214	23.682771040739215	26.239666523603944	0.0
69.0	26.231812099739965	23.72821449309512	23.82022345835893	26.219749948805987	0.0
70.0	26.33672476135175	23.63087574020932	23.695394221949186	26.337005276489744	0.0
71.0	26.24864300801993	23.53381750246152	23.87885112220081	26.338688367317744	0.0
72.0	26.216664282287994	23.68024640449722	23.823589640014923	26.27949967319986	0.0
73.0	26.200113889146024	23.74588694678908	23.696516282501186	26.357482881563705	0.0
74.0	26.312600459483797	23.606190408065373	23.648267678765283	26.432941453685547	0.0
75.0	26.429575272029552	23.739715613753095	23.72372625088713	26.10698286333022	0.0
76.0	26.272206279611883	23.813210579908944	23.590481560337402	26.32410158014177	0.0
77.0	26.255094856193917	23.764400945897044	23.80563667118296	26.174867526726082	0.0
78.0	26.244996311225936	23.77674361196902	23.644620981971293	26.333639094833757	0.0
79.0	26.26035097955611	23.709072956172438	23.82548641188483	26.205089652386615	0.0
80.0	26.191624963533133	23.651286999842913	23.764895312044164	26.39219272457979	0.0
81.0	26.32066156504567	23.692522609456702	23.738807477390544	26.24800834810709	0.0
82.0	26.296537330849844	23.855781961805167	23.595745158322302	26.251935549022686	0.0
83.0	26.208943333454886	23.701152069208305	23.76651172967469	26.323392867662115	0.0
84.0	26.27233939897164	23.760059917697323	23.781378948579057	26.186221734751985	0.0
85.0	26.309367189450445	23.71966596444771	23.62877956963609	26.342187276465758	0.0
86.0	26.181172490595785	23.625132893301057	23.82934676806297	26.364347848040193	0.0
87.0	26.18509968049505	23.79792924886883	23.69806642000174	26.318904650634384	0.0
88.0	26.214553604739553	23.683479714661605	23.766231216110455	26.335735464488387	0.0
89.0	26.427463399992707	23.84982425825201	23.671978658528033	26.05073368322725	0.0
90.0	26.342187276465758	23.732289074838214	23.684601768918537	26.240921879777495	0.0
91.0	26.23278698641473	23.929770624058527	23.695261284359407	26.14218110516734	0.0
92.0	26.209223847019125	23.775488163730156	23.740423968200982	26.274864021049737	0.0
93.0	26.3988510164409	23.686845877432404	23.671978658528033	26.242324447598662	0.0
94.0	26.236153149185533	23.721068532268877	23.82008982044327	26.222688498102325	0.0
95.0	26.34106522220882	23.63943908507696	23.689651013074737	26.329844679639486	0.0
96.0	26.242324447598662	23.539015229081404	23.87815612823958	26.340504195080356	0.0
97.0	26.21259000978992	23.680955092583503	23.827383173113336	26.279071724513237	0.0
98.0	26.197722790885553	23.74771732087105	23.701152069208305	26.35340781903509	0.0
99.0	26.308245135193513	23.611668242217853	23.64785449200396	26.432232130584676	0.0
100.0	26.41764542524454	23.743229103843316	23.722751613654278	26.11637385725787	0.0
101.0	26.263923992044635	23.809710818566632	23.59904513182735	26.327320057561383	0.0
102.0	26.247654205319098	23.762304026211186	23.807466710052765	26.18257505841695	0.0
103.0	26.2434465018556	23.76735327036739	23.648135005568193	26.34106522220882	0.0
104.0	26.252349294510363	23.7022076355578	23.826474795926956	26.218968274004883	0.0
105.0	26.195685713484252	23.641616875648687	23.764200959353698	26.398496451513363	0.0
106.0	26.321916463294905	23.685937894471092	23.73783275828214	26.254312883951865	0.0
107.0	26.309573901091195	23.852001458666443	23.589722011837637	26.248702628404725	0.0
108.0	26.209357318978597	23.706068315890164	23.76665890583493	26.31791545929631	0.0
109.0	26.28116838854277	23.754596890244073	23.769183513749294	26.195051207463866	0.0
110.0	26.33250208280153	23.709434459775984	23.61181628708719	26.346247170335296	0.0
111.0	26.18747738372077	23.617426526896892	23.8196756720366	26.37542041734574	0.0
112.0	26.19953939931162	23.801442392655073	23.690079132432516	26.308939075600783	0.0
113.0	26.218614214664605	23.681663772717965	23.764695321901534	26.335026690715896	0.0
114.0	26.431522815442747	23.841555607294435	23.672126365041475	26.05479521222135	0.0
115.0	26.346247170335296	23.730192347071878	23.682785820679904	26.240774661912923	0.0
116.0	26.238250053998556	23.93552712410692	23.695689372242214	26.130533449652305	0.0
117.0	26.225065990445763	23.774232729578028	23.73271695498624	26.267984324989975	0.0
118.0	26.40908185620394	23.68138326072748	23.671004317079532	26.238530565989045	0.0
119.0	26.241055173903412	23.724021083281205	23.82079771999854	26.214126022816846	0.0
120.0	26.35241843412597	23.63453775831648	23.686712988546695	26.326330819010856	0.0
121.0	26.253397701484747	23.532150881789445	23.87269243823827	26.341758978487533	0.0
122.0	26.215809094759756	23.68082223674651	23.821358743979513	26.28200992451422	0.0
123.0	26.20262503120696	23.74982818640583	23.68531042859427	26.362236353792944	0.0
124.0	26.318195971286794	23.615743454953982	23.62836649452581	26.437694079233413	0.0
125.0	26.419180287861405	23.74533999455807	23.72710671517654	26.10837300240399	0.0
126.0	26.26994790892337	23.813223896255444	23.59442454367712	26.322403651144064	0.0
127.0	26.237689030017584	23.761890201996685	23.8196756720366	26.180745095949128	0.0
128.0	26.242177221865347	23.77619631351142	23.654454109640916	26.327172354982313	0.0
129.0	26.247300064517937	23.713989172206794	23.82703582148167	26.2116749417936	0.0
130.0	26.194283149597464	23.64189738842604	23.76476198490841	26.399057477068084	0.0
131.0	26.321916463294905	23.685657381693737	23.73839378383685	26.254032371174507	0.0
132.0	26.304805183876123	23.843025049791017	23.604308676260207	26.247861090072654	0.0
133.0	26.19660073662862	23.70732336762144	23.77156097383089	26.32451492191905	0.0
134.0	26.280474292334404	23.75697426849075	23.77408559590899	26.188465843265853	0.0
135.0	26.324588765961266	23.70654832701241	23.623235564731495	26.34562734229483	0.0
136.0	26.192259465282042	23.61713049844735	23.818820882668934	26.371789153601675	0.0
137.0	26.19478410152404	23.799465338146973	23.692028040293195	26.313722520035792	0.0
138.0	26.215615760506722	23.6786297358101	23.766150704375487	26.33960379930769	0.0
139.0	26.425441672323736	23.843573099644864	23.66095723254209	26.070027995489305	0.0
140.0	26.341434678695258	23.718035031025238	23.68689758867158	26.253632701607927	0.0
141.0	26.225019916742404	23.930386777527183	23.702045533600387	26.142547772130026	0.0
142.0	26.23378954957179	23.764667599857496	23.732969033586453	26.268573816984258	0.0
143.0	26.40546674034947	23.66564464504619	23.679670559325412	26.249218055278934	0.0
144.0	26.242485616424904	23.72904177758827	23.81459985469153	26.21387275129529	0.0
145.0	26.349082564946997	23.63815385305891	23.677706931326316	26.335056650667777	0.0
146.0	26.255108939276205	23.52622705711072	23.87799698723361	26.340667016379467	0.0
147.0	26.220885708434906	23.671816047329045	23.827223177542827	26.28007506669322	0.0
148.0	26.205737721013346	23.751202722149444	23.681353669038916	26.361705887798298	0.0
149.0	26.317664516961536	23.619639646210338	23.626372085064364	26.43632375176376	0.0
150.0	26.42257835577012	23.744189765009832	23.726797631303597	26.10643424791645	0.0
151.0	26.263805006129324	23.82610110440049	23.592429372508647	26.317664516961536	0.0
152.0	26.24052198842581	23.77308314842503	23.809550525551007	26.176844337598148	0.0
153.0	26.248376500422182	23.780937660421394	23.656948578193067	26.313737260963354	0.0
154.0	26.247047536762025	23.715923945669065	23.82644846023081	26.210580057338102	0.0
155.0	26.20440863774328	23.64214742960374	23.767819974080037	26.385623958572946	0.0
156.0	26.322300487262996	23.692146285496282	23.74151778075129	26.244035446489434	0.0
157.0	26.31669009007493	23.84699324788698	23.593122775126865	26.243193886911225	0.0
158.0	26.208482944344702	23.707641382405743	23.77103904847397	26.31283662477558	0.0
159.0	26.285626122082583	23.755890933572708	23.773283213644525	26.18519973070018	0.0
160.0	26.33394954541502	23.70939101602058	23.612050078686263	26.34460935987814	0.0
161.0	26.19376230791241	23.61772676013667	23.823069025297492	26.365441906653427	0.0
162.0	26.196848052334225	23.808762392069074	23.695711937342555	26.29867761825414	0.0
163.0	26.21178925989615	23.688765334088878	23.77208066719592	26.327364738819053	0.0
164.0	26.424425699273723	23.855396000302964	23.666042970514226	26.054135329909084	0.0
165.0	26.344270020983178	23.725299879935815	23.687990215330064	26.24243988375094	0.0
166.0	26.23262155095995	23.944669486865877	23.701455357443418	26.121253604730754	0.0
167.0	26.232695139911634	23.783996072655867	23.737428992215442	26.245879795217057	0.0
168.0	26.398765691843746	23.674591486078967	23.69619187881338	26.230450943263904	0.0
169.0	26.2355003857213	23.73855109053931	23.8187811206957	26.20716740304369	0.0
170.0	26.334245038221475	23.635879093905604	23.69535030507048	26.33452556280244	0.0
171.0	26.232975664492603	23.537976015148327	23.883582298898943	26.34546602146013	0.0
172.0	26.20913107511046	23.68693456764149	23.822988989410195	26.280945367837855	0.0
173.0	26.201556911424362	23.748088926292166	23.693667157584684	26.356687004698788	0.0
174.0	26.307034153867733	23.617925520723755	23.634195946419805	26.44084437898871	0.0
175.0	26.420366084578163	23.728171681043552	23.727891156462587	26.123571077915702	0.0
176.0	26.26748018795147	23.809523809523807	23.599971947541903	26.32302405498282	0.0
177.0	26.238586156111932	23.767164597797883	23.81429272740024	26.179956518689952	0.0
178.0	26.241952451083527	23.786801318465532	23.643453257591695	26.32779297285925	0.0
179.0	26.24707552303955	23.712809349349463	23.828946851663797	26.211168275947195	0.0
180.0	26.184237840627926	23.642958532740117	23.781257539119263	26.391546087512697	0.0
181.0	26.31728069166529	23.694641669916095	23.742331116241623	26.245746522176994	0.0
182.0	26.302412805457916	23.850053159706345	23.600384881884462	26.247149152951277	0.0
183.0	26.20009425705245	23.710978702394577	23.78111043784645	26.307816602706524	0.0
184.0	26.275556004398666	23.756143540025583	23.774938845126687	26.193361610449067	0.0
185.0	26.337906870404602	23.720863688771317	23.601639404046892	26.33959003677718	0.0
186.0	26.194350155693325	23.61404886806744	23.82865318259601	26.362947793643226	0.0
187.0	26.192386456083263	23.81238252868404	23.692877380985777	26.302353634246924	0.0
188.0	26.203400576207187	23.687613789698403	23.767564640964572	26.341420993129837	0.0
189.0	26.426982430449776	23.85621190061408	23.66012191803495	26.0566837509012	0.0
190.0	26.344580719728	23.713769538920744	23.68824130076192	26.253408440589336	0.0
191.0	26.233771334313317	23.946328983246744	23.694412962734383	26.125486719705552	0.0
192.0	26.22094050781699	23.784810375153942	23.738803311386466	26.255445805642598	0.0
193.0	26.404968762886888	23.67989182729397	23.683258197813544	26.231881212005597	0.0
194.0	26.23636970603169	23.733192693853848	23.824645759635533	26.20579184047892	0.0
195.0	26.328944895319907	23.62883520774714	23.711030754600003	26.33118914233295	0.0
196.0	26.23244227375886	23.534857364075776	23.8869236142476	26.34577674791776	0.0
197.0	26.212524581518064	23.67372014800809	23.82857319190837	26.285182078565477	0.0
198.0	26.20074228469956	23.746938706808766	23.69447943287878	26.35783957561289	0.0
199.0	26.314076758858462	23.614808663915593	23.636970603169438	26.434143974056507	0.0
200.0	26.41282362743255	23.73936437313973	23.732351101223955	26.115460898203764	0.0
201.0	26.279157841583324	23.80991121147939	23.597828678832425	26.313102268104867	0.0
202.0	26.23371158458755	23.77400305780371	23.827865288317227	26.164420069291516	0.0
203.0	26.245493947512376	23.788590745234455	23.653093571598895	26.312821735654275	0.0
204.0	26.231821446204943	23.716279904843127	23.843361461465953	26.208537187485977	0.0
205.0	26.17880066430271	23.659051124377218	23.77743615063513	26.38471206068495	0.0
206.0	26.309322426170457	23.701758667800025	23.74299716941169	26.245921736617827	0.0
207.0	26.2916487826226	23.85801611948505	23.603852293225383	26.246482804666964	0.0
208.0	26.18231396333971	23.726792757713305	23.772239397186798	26.31865388176019	0.0
209.0	26.27208510304044	23.76410388765142	23.775044745302445	26.188766264005704	0.0
210.0	26.334304927074363	23.723906536235585	23.606922535270535	26.334866001419517	0.0
211.0	26.1980373564347	23.620454583709723	23.815709003585276	26.365799056270305	0.0
212.0	26.205611881343664	23.804768023161213	23.69255283932469	26.297067256170433	0.0
213.0	26.211857250664178	23.677750752545187	23.77397554263207	26.336416454158567	0.0
214.0	26.42983585677936	23.86262578656051	23.653904959083423	26.053633397576707	0.0
215.0	26.349395156765492	23.723825661512222	23.678658796597617	26.248120385124672	0.0
216.0	26.235496106111274	23.946574051215297	23.698296563951793	26.119633278721636	0.0
217.0	26.218176207375404	23.785050006312158	23.744932740458122	26.251841045854313	0.0
218.0	26.40726038349862	23.682652789272137	23.68153062798951	26.228556199239733	0.0
219.0	26.23403365941653	23.73973567342679	23.831753414896216	26.194477252260466	0.0
220.0	26.33530928341184	23.64491251301013	23.702704143323245	26.317074060254786	0.0
221.0	26.240766664889904	23.538867676804514	23.885056374893747	26.33530928341184	0.0
222.0	26.212993017312243	23.69821547300766	23.81828740394947	26.27050410573063	0.0
223.0	26.193635626576295	23.757690354689117	23.69372680269208	26.354947216042508	0.0
224.0	26.308096719623624	23.619663742484985	23.632568669642282	26.43967086824911	0.0
225.0	26.40516421519808	23.732441584163972	23.742821634268754	26.119572566369197	0.0
226.0	26.274712234151487	23.80678518626579	23.60030635174904	26.318196227833685	0.0
227.0	26.233753117521807	23.76077631553108	23.823617699949224	26.181852866997897	0.0
228.0	26.25311050825775	23.776486661635616	23.64855955764154	26.321843272465095	0.0
229.0	26.244767878985108	23.703331724888624	23.826489962182844	26.22541043394342	0.0
230.0	26.196795080403533	23.645820475127085	23.761684602695453	26.39569984177393	0.0
231.0	26.333212699641745	23.68824887572205	23.739027243576256	26.23951118105995	0.0
232.0	26.312733026418776	23.854050065787444	23.595108444077866	26.23810846371591	0.0
233.0	26.192453359517465	23.71861411137607	23.775845139570766	26.3130873895357	0.0
234.0	26.280263711600504	23.762098471033806	23.782858745967175	26.17477907139851	0.0
235.0	26.3249441014002	23.724572098673303	23.612634626552467	26.33784917337403	0.0
236.0	26.191758685698897	23.610175958344556	23.822829697459376	26.37523565849717	0.0
237.0	26.18642831492953	23.805155310171468	23.70051171559386	26.30790465930514	0.0
238.0	26.203054030472973	23.680659396768664	23.77295923377108	26.343327338987283	0.0
239.0	26.4218803917553	23.859367591815893	23.655410201236087	26.06334181519272	0.0
240.0	26.344981988351346	23.706359626973704	23.69205130794869	26.256607076726258	0.0
241.0	26.222080068233915	23.950608970851885	23.702868237281194	26.124442723633006	0.0
242.0	26.218694410307346	23.788039483061453	23.735571230562897	26.257694876068307	0.0
243.0	26.398682338680484	23.681707347869885	23.6825491246924	26.237061188757227	0.0
244.0	26.2268539953252	23.737650086003946	23.831931735596093	26.20356418307476	0.0
245.0	26.335845731635455	23.626833087331566	23.709613150525023	26.327708030507964	0.0
246.0	26.24090786637931	23.538243085488507	23.89014233117816	26.330706716954023	0.0
247.0	26.20903128762218	23.686152792705823	23.830678090245524	26.274137829426476	0.0
248.0	26.189560771085148	23.755574202492642	23.70730420482195	26.347560821600265	0.0
249.0	26.313603439517973	23.614412523258	23.63910880113603	26.432875236087998	0.0
