# Position (bp)	A	C	G	T	N
0.0	26.348524848571696	23.60076940459328	23.83032313890619	26.220382607928837	0.0
1.0	26.18345559664681	23.73221854176886	23.766940955362408	26.317384906221925	0.0
2.0	26.230669179811073	23.751419155010307	23.599032218952196	26.418879446226423	0.0
3.0	26.21654836434177	23.641543955559474	23.890915704082534	26.250991976016223	0.0
4.0	26.209344105101895	23.77935876381832	23.800024247500854	26.21127288357893	0.0
5.0	26.219471874448953	23.764823223417388	23.75683301005114	26.258871892082524	0.0
6.0	26.274462264124953	23.8342282970159	23.7003281380439	26.190981300815245	0.0
7.0	26.235284718147078	23.797913343416727	23.8122394778675	26.15456246056869	0.0
8.0	26.25097797220906	23.73690068210118	23.78345766895503	26.228663676734733	0.0
9.0	26.336594933500823	23.79976419512303	23.7118883122321	26.151752559144047	0.0
10.0	26.264162169755966	23.79327157484154	23.708704862172787	26.233861393229706	0.0
11.0	26.212099926451753	23.815583964829063	23.721651557597646	26.250664551121545	0.0
12.0	26.204387001517794	23.83183619951133	23.73046632895074	26.23331047002014	0.0
13.0	26.13324592042487	23.805877232610158	23.83838161243761	26.222495234527365	0.0
14.0	26.321936599931682	23.830668708749737	23.67778793922232	26.169606752096257	0.0
15.0	26.16244477010038	23.749132298335116	23.763731723172867	26.324691208391638	0.0
16.0	26.203763896999682	23.905869519706467	23.67007503553445	26.220291547759402	0.0
17.0	26.237921041903107	23.74114393380125	23.74362308141521	26.277311942880438	0.0
18.0	26.12140110404707	23.783840364930526	23.83121963044173	26.263538900580674	0.0
19.0	26.200733827693735	23.70368125874588	23.74472492479919	26.3508599887612	0.0
20.0	26.18971539385392	23.742521238031227	23.840309838359573	26.22745352975528	0.0
21.0	26.327170356005595	23.660709366770607	23.803122624150202	26.20899765307359	0.0
22.0	26.253071388432847	23.758497967098958	23.838657073283603	26.149773571184593	0.0
23.0	26.200733827693735	23.80394900668819	23.80036801569025	26.194949149927833	0.0
24.0	26.275659177804467	23.794858798770342	23.759875271328934	26.169606752096257	0.0
25.0	26.353614597221153	23.60892272772348	23.822680344215875	26.21478233083949	0.0
26.0	26.19136815892989	23.72378990050354	23.775301078704672	26.309540861861898	0.0
27.0	26.234890972597153	23.746653150721155	23.601209824035614	26.417246052646075	0.0
28.0	26.21615963506947	23.64280441178091	23.89760569432661	26.243430258823008	0.0
29.0	26.20211113192371	23.779708452240598	23.798439789768285	26.219740626067413	0.0
30.0	26.206518505459638	23.765384488248838	23.762078958096897	26.266018048194628	0.0
31.0	26.25830514450676	23.83424969974768	23.704783102129863	26.2026620536157	0.0
32.0	26.228279912293267	23.795960642154323	23.811386449530065	26.164372996022344	0.0
33.0	26.24067565036306	23.738664786187293	23.77722930462664	26.243430258823008	0.0
34.0	26.32882312108157	23.794307877078353	23.72378990050354	26.153079101336534	0.0
35.0	26.264017475187934	23.787355831076855	23.71408344787882	26.23454324585639	0.0
36.0	26.20589539678648	23.816279140233977	23.728958292588196	26.248867170391343	0.0
37.0	26.21388373931559	23.823716562588665	23.728958292588196	26.233441405507552	0.0
38.0	26.14825221056111	23.797206842409718	23.833842933090928	26.220698013938243	0.0
39.0	26.316833319560367	23.823650937939014	23.687023111037657	26.172492631462962	0.0
40.0	26.16312701429634	23.754235187174615	23.76167258904223	26.32096520948682	0.0
41.0	26.20582321020301	23.911797923036662	23.668567336032833	26.213811530727487	0.0
42.0	26.255130429992015	23.734402115527644	23.738534005454095	26.271933449026253	0.0
43.0	26.12511362697298	23.793074952483266	23.82062088532628	26.261190535217477	0.0
44.0	26.20720050684516	23.69308321626312	23.745971407321708	26.353744869570008	0.0
45.0	26.202242238933422	23.74624686665014	23.845687684213427	26.20582321020301	0.0
46.0	26.32509709941327	23.662231771478943	23.798859598380297	26.213811530727487	0.0
47.0	26.25347767402143	23.762223507699087	23.83659752637523	26.14770129190425	0.0
48.0	26.19866126766383	23.81731537338512	23.78839214389995	26.195631215051097	0.0
49.0	26.280197228879153	23.80216511032146	23.752031512547173	26.165606148252213	0.0
50.0	26.35897859681018	23.606864446464478	23.826956449880175	26.20720050684516	0.0
51.0	26.187642894526626	23.730821144258048	23.768283612924552	26.313252348290778	0.0
52.0	26.226207200506845	23.74624686665014	23.60851720243506	26.419028730407955	0.0
53.0	26.224003525879404	23.637991350577085	23.885078368178938	26.25292675536457	0.0
54.0	26.206649588188302	23.773241880836295	23.795278627110708	26.224829903864695	0.0
55.0	26.222075310580394	23.76580447896868	23.749276919262872	26.262843291188055	0.0
56.0	26.273035286339976	23.831088339806627	23.690053163650386	26.20582321020301	0.0
57.0	26.23612373633033	23.79803322039501	23.809877971517505	26.155965071757155	0.0
58.0	26.24934578409498	23.736330330826654	23.771038206208853	26.243285678869515	0.0
59.0	26.325372558741698	23.787290306586232	23.7266892543316	26.160647880340466	0.0
60.0	26.249273478022538	23.781715611063518	23.72772573141137	26.241285179502576	0.0
61.0	26.196385432649	23.81421972228267	23.73736678134925	26.252028063719074	0.0
62.0	26.216769366803387	23.812291512295094	23.73516311279202	26.2357760081095	0.0
63.0	26.15196456510721	23.792668414905574	23.833436170916062	26.221930849071157	0.0
64.0	26.315311046960048	23.824070605346083	23.691575398311997	26.169042949381872	0.0
65.0	26.166563829083938	23.749972454218913	23.756307983869192	26.32715573282796	0.0
66.0	26.213942572555588	23.917450803234978	23.665406906278236	26.203199717931202	0.0
67.0	26.256363075431366	23.73316952775513	23.740606888648934	26.269860508164573	0.0
68.0	26.123592410586394	23.799554860177615	23.81525595539787	26.261596773838118	0.0
69.0	26.202373344498557	23.696809096718745	23.74281055113599	26.358007007646712	0.0
70.0	26.19796601952445	23.7441878401904	23.846658145838383	26.21118799444677	0.0
71.0	26.334868551532647	23.661275039115008	23.802584896097315	26.20127151325503	0.0
72.0	26.25250666607902	23.767326296304457	23.837292580268407	26.142874457348114	0.0
73.0	26.205127922607375	23.813052292910818	23.796249366447032	26.185570418034775	0.0
74.0	26.28005244716719	23.80699222107142	23.750247912029792	26.162707419731596	0.0
75.0	26.366270741973157	23.596542453557813	23.826825183454904	26.210361621014126	0.0
76.0	26.200720597633264	23.72215121531986	23.76760175411534	26.309526432931534	0.0
77.0	26.233500077128184	23.744738755812158	23.59764428480134	26.424116882258314	0.0
78.0	26.220002644394985	23.642268450164174	23.88742590184887	26.250303003591966	0.0
79.0	26.19493598360475	23.7802728134159	23.809195883558473	26.215595319420874	0.0
80.0	26.21587077723176	23.75961347759977	23.74804424954274	26.27647149562573	0.0
81.0	26.267381387866635	23.825447894400494	23.69377906079905	26.213391656933826	0.0
82.0	26.239009233345822	23.794321161770863	23.814705039776108	26.15196456510721	0.0
83.0	26.24727296767227	23.72848674497014	23.770631790035036	26.25360849732255	0.0
84.0	26.31228101104035	23.789913836796757	23.72490579342868	26.172899358734213	0.0
85.0	26.24031424140505	23.785165535915468	23.73255323896175	26.241966983717735	0.0
86.0	26.183570088669626	23.807753014188794	23.73503235243077	26.273644544710812	0.0
87.0	26.20753485220352	23.8118848699705	23.73778692295191	26.242793354874074	0.0
88.0	26.1509941217627	23.779039979726416	23.83605943244985	26.23390646606103	0.0
89.0	26.31544152889261	23.81760386079541	23.690618509561087	26.176336100750895	0.0
90.0	26.182120682911243	23.737721535723928	23.74929070004462	26.330867081320207	0.0
91.0	26.21352270035314	23.908228981307538	23.66665381203964	26.211594506299683	0.0
92.0	26.268613959023124	23.736619710550528	23.72312235217638	26.27164397824997	0.0
93.0	26.120969385787557	23.793363706980614	23.817328404502057	26.268338502729772	0.0
94.0	26.209666312246238	23.704942236815285	23.739098817190676	26.346292633747805	0.0
95.0	26.211594506299683	23.743506117884277	23.833855782103054	26.211043593712986	0.0
96.0	26.331417993906907	23.657563754359096	23.80548378388801	26.205534467845986	0.0
97.0	26.261727551689372	23.76581807764562	23.823939355542457	26.148515015122552	0.0
98.0	26.209390855952886	23.81071745346166	23.795016444740714	26.18487524584474	0.0
99.0	26.28514133662412	23.808238346821508	23.742679749004225	26.16394056755015	0.0
100.0	26.36144272988205	23.605227058622607	23.834131238396402	26.199198973098937	0.0
101.0	26.207738118192786	23.73083512839018	23.76113532065867	26.300291432758367	0.0
102.0	26.243547436328278	23.74984161263132	23.60026884534231	26.406342105698087	0.0
103.0	26.22536732096718	23.64406639598495	23.88564156525284	26.244924717795026	0.0
104.0	26.191210740591792	23.787028212233565	23.80520832759466	26.216552719579983	0.0
105.0	26.22371458320708	23.757829845138474	23.739649729777376	26.278805841877066	0.0
106.0	26.27963221075712	23.822011161489005	23.68070208300049	26.217654544753383	0.0
107.0	26.250433843662023	23.792537338100566	23.80107648319441	26.155952335042997	0.0
108.0	26.254565688062275	23.73000875951013	23.75948258289857	26.255942969529023	0.0
109.0	26.32150156734631	23.791710969220514	23.72229598329633	26.16449148013685	0.0
110.0	26.248157891112427	23.7709862685416	23.74509344829011	26.23576239205586	0.0
111.0	26.182874929414517	23.804867299296212	23.73572796011404	26.27652981117523	0.0
112.0	26.212348671615683	23.815059154076053	23.74426708168634	26.228325092621922	0.0
113.0	26.140107317180668	23.786346257671415	23.843089941493407	26.230456483654514	0.0
114.0	26.318877466697515	23.822981742857458	23.68718253837085	26.170958252074172	0.0
115.0	26.169580978195	23.750261682037042	23.76127987307044	26.318877466697515	0.0
116.0	26.205390099053538	23.911127271124627	23.66927797794158	26.21420465188025	0.0
117.0	26.25745105168634	23.73759076234864	23.733734395486948	26.271223790478075	0.0
118.0	26.12330457585474	23.78717262199892	23.819951740323273	26.269571061823072	0.0
119.0	26.21007283024273	23.69847618418008	23.740620764882824	26.350830220694366	0.0
120.0	26.21007283024273	23.752740775019557	23.83152084090834	26.20566555382937	0.0
121.0	26.333201115040932	23.66018797033903	23.804250818100684	26.202360096519357	0.0
122.0	26.264337421082207	23.76403442082879	23.825185381064138	26.14644277702487	0.0
123.0	26.212001013673575	23.813891735254906	23.79185535318811	26.182251897883408	0.0
124.0	26.287751077028172	23.795436265273967	23.746956224727025	26.169856432970835	0.0
125.0	26.35771659009024	23.598761555327847	23.833449024339185	26.21007283024273	0.0
126.0	26.204839189501865	23.7191352923677	23.767339878138806	26.308685639991623	0.0
127.0	26.25634923258299	23.74117167443449	23.599587919655352	26.402891173327163	0.0
128.0	26.23128284798202	23.639253407375577	23.87972542667945	26.249738317962958	0.0
129.0	26.199605548761006	23.780286252603048	23.805352637204024	26.214755561431925	0.0
130.0	26.221989615326347	23.75087801451651	23.747572548101424	26.279559822055727	0.0
131.0	26.288374399162617	23.816160976214416	23.68063685319597	26.214827771426997	0.0
132.0	26.245403335766525	23.7880645116862	23.800735466277356	26.16579668626992	0.0
133.0	26.25146335752751	23.739584337598306	23.747848003636012	26.261104301238174	0.0
134.0	26.322530885451815	23.793298166843417	23.714793339485173	26.16937760821959	0.0
135.0	26.246026542968426	23.77242902868602	23.746536137111125	26.23500829123443	0.0
136.0	26.17468336299079	23.807687434234808	23.740751554950776	26.27687764782362	0.0
137.0	26.213594907350018	23.816843096908546	23.745499720411093	26.22406227533034	0.0
138.0	26.143221928705813	23.7913566610014	23.837633700703247	26.22778770958954	0.0
139.0	26.32337183325942	23.817249766548862	23.686957863102602	26.17242053708912	0.0
140.0	26.168288658544313	23.74673237271748	23.759954384060865	26.325024584677344	0.0
141.0	26.206026482586886	23.920271271599393	23.66602301180891	26.20767923400481	0.0
142.0	26.260567279378343	23.733510361374098	23.731582151386522	26.274340207861037	0.0
143.0	26.124766204539007	23.788602075304862	23.820830727954363	26.265800992201765	0.0
144.0	26.21739250199708	23.693909594248407	23.74900145993444	26.33969644382007	0.0
145.0	26.21518882736964	23.75340880918932	23.83439385174779	26.197008511693248	0.0
146.0	26.33501363523676	23.6627826901358	23.800512354350882	26.20169132027656	0.0
147.0	26.26752609977137	23.762774426355946	23.829711043164476	26.139988430708204	0.0
148.0	26.212709693413768	23.81263256480181	23.790871277855825	26.183786463928598	0.0
149.0	26.277993554251715	23.800512354350882	23.757265239787344	26.164228851610062	0.0
150.0	26.35980497479547	23.6052116904939	23.837148445032092	26.19783488967854	0.0
151.0	26.20720050684516	23.7266892543316	23.76470264165496	26.30140759716828	0.0
152.0	26.243285678869515	23.737432168140373	23.603558934523317	26.41572321846679	0.0
153.0	26.229788171776434	23.64405145580255	23.88618020549266	26.23998016692835	0.0
154.0	26.194804837065806	23.785913009944082	23.808500674875354	26.210781478114757	0.0
155.0	26.214710119577223	23.760085282443	23.745761357908044	26.279443240071732	0.0
156.0	26.28302422120547	23.82261472223982	23.680477317239117	26.21388373931559	0.0
157.0	26.240472471744525	23.781426725835818	23.80566734705683	26.172433455362825	0.0
158.0	26.251766397540678	23.733496406603365	23.751676872519123	26.263060323336834	0.0
159.0	26.331374801323314	23.780600341021465	23.717519633525878	26.170505224129336	0.0
160.0	26.251287786549725	23.77157558962719	23.738795568361496	26.238341055461596	0.0
161.0	26.182697658018984	23.7908579550776	23.738520105997917	26.2879242809055	0.0
162.0	26.220783692583154	23.802768404379865	23.74437022243647	26.232077680600508	0.0
163.0	26.15151106128262	23.7871980563215	23.834577974398314	26.226712907997562	0.0
164.0	26.33607237007022	23.809786156799984	23.688030785928163	26.166110687201638	0.0
165.0	26.171895444641248	23.745051966404333	23.756070552003592	26.326982036950824	0.0
166.0	26.207778041000267	23.917834180848544	23.659447636782343	26.214940141368842	0.0
167.0	26.259565535973028	23.74153632562214	23.73354782905719	26.26535030934764	0.0
168.0	26.11604806320278	23.799934990165887	23.82720606464622	26.256810881985114	0.0
169.0	26.221623542439694	23.69504794488473	23.74408092093846	26.33924759173712	0.0
170.0	26.219970745494063	23.753722236454642	23.82451703895918	26.201789979092116	0.0
171.0	26.337594794791485	23.667225862966607	23.79697042319866	26.198208919043253	0.0
172.0	26.274513044699894	23.764740882758847	23.82616983590481	26.13457623663645	0.0
173.0	26.221348076282087	23.815151189600602	23.781268852215163	26.18223188190215	0.0
174.0	26.292693811101834	23.798898686301897	23.749590244090562	26.158817258505707	0.0
175.0	26.367620605970455	23.60304224824459	23.832781023687335	26.19655612209762	0.0
176.0	26.214461422341955	23.720115365226803	23.7727294013294	26.292693811101834	0.0
177.0	26.233744053374323	23.749039311775352	23.598359323565305	26.41885731128502	0.0
178.0	26.21363502386914	23.65014696119508	23.897515570724558	26.238702444211214	0.0
179.0	26.206748369929013	23.79752135551387	23.7991741524595	26.19655612209762	0.0
180.0	26.217288303674728	23.765632747507023	23.74304446036031	26.274034488457936	0.0
181.0	26.274860889207208	23.82706186986943	23.688226543992066	26.209850696931298	0.0
182.0	26.239122470173736	23.796550593770576	23.80564102705368	26.15868590900201	0.0
183.0	26.252620386260773	23.73539676986604	23.756056845509463	26.255925998363722	0.0
184.0	26.32451744949989	23.792969513992382	23.733193028464076	26.14932000804366	0.0
185.0	26.240572092843884	23.78256725561818	23.752541196304318	26.224319455233626	0.0
186.0	26.181897316386515	23.8070839462506	23.747307296056945	26.263711441305944	0.0
187.0	26.20979182793092	23.806598589046793	23.752882096430746	26.230727486591537	0.0
188.0	26.134181783121907	23.786344916876715	23.837031527622827	26.242441772378548	0.0
189.0	26.32039998347176	23.813616517223807	23.687450931779676	26.17853256752476	0.0
190.0	26.162555266311312	23.74254507389502	23.764307260030577	26.3305923997631	0.0
191.0	26.196234855955968	23.916708446506195	23.664652051986977	26.222404645550863	0.0
192.0	26.25243103571763	23.733244447872533	23.73655010550557	26.277774410904264	0.0
193.0	26.117450015701877	23.793021756736653	23.824425504250524	26.265102723310946	0.0
194.0	26.215039130830025	23.696672020010304	23.743226826587478	26.345062022572197	0.0
195.0	26.219171214254033	23.74074757653307	23.826694911752472	26.213386297460424	0.0
196.0	26.33459407789804	23.661687047020354	23.796943911099603	26.206774963982006	0.0
197.0	26.25883921512453	23.774355188381683	23.83000057849168	26.136805018002114	0.0
198.0	26.205948547297204	23.82283830055673	23.7961174944148	26.17509565773127	0.0
199.0	26.278948687788038	23.796668438871336	23.766366493761932	26.15801637957869	0.0
200.0	26.367099800833575	23.605766184682093	23.831653411861282	26.195480602623043	0.0
201.0	26.21559007528656	23.72669849289144	23.772151410555544	26.28556002126646	0.0
202.0	26.24423918702636	23.746532493326686	23.59144162881219	26.417786690834767	0.0
203.0	26.22165046430844	23.64543418555258	23.896113913275833	26.236801436863143	0.0
204.0	26.20043910273186	23.790608049849453	23.78923068870812	26.219722158710567	0.0
205.0	26.20849999449054	23.758443247055194	23.752933787312816	26.280122971141452	0.0
206.0	26.267451213733985	23.83805494033255	23.684616486507334	26.209877359426137	0.0
207.0	26.243832831511995	23.786056069926257	23.810573233318	26.159537865243752	0.0
208.0	26.258983887540598	23.727380162033658	23.75382564164722	26.25981030877852	0.0
209.0	26.319863585400995	23.79184101859172	23.730685846985352	26.15760954902193	0.0
210.0	26.24307870306603	23.784468747417424	23.747279689264758	26.22517286025178	0.0
211.0	26.17916861794441	23.804302911765514	23.754442026390457	26.26208644389962	0.0
212.0	26.208441113030258	23.801613734094747	23.755609365057065	26.23433578781793	0.0
213.0	26.134206778381685	23.782186018451434	23.8419644800238	26.241642723143084	0.0
214.0	26.3143685934431	23.81662061613137	23.696788216205196	26.17222257422033	0.0
215.0	26.163407317214272	23.738936163765437	23.766759318690823	26.330897200329474	0.0
216.0	26.203974589951677	23.92302055613406	23.667101921180368	26.205902932733892	0.0
217.0	26.25907009801491	23.745613020170467	23.732941053315923	26.2623758284987	0.0
218.0	26.12078037277621	23.809248331983493	23.818614568354242	26.251356726886055	0.0
219.0	26.22525860525337	23.71041721188413	23.74347460778777	26.320849575074725	0.0
220.0	26.205699646010384	23.755320174653242	23.842646795498684	26.19633338383769	0.0
221.0	26.32746105425545	23.675431467886117	23.80022313742235	26.196884340436082	0.0
222.0	26.251980000275477	23.775154612195422	23.83025027203482	26.142615115494277	0.0
223.0	26.19881268853046	23.824189749452486	23.795540006336	26.181457555681053	0.0
224.0	26.279803308494376	23.791683310147242	23.755044696354044	26.173468685004337	0.0
225.0	26.36382418974945	23.616479111857963	23.82584261924767	26.193854079144913	0.0
226.0	26.212586603490312	23.745953912480545	23.763309045329954	26.278150438699193	0.0
227.0	26.234900345725265	23.747882260574922	23.600225892205344	26.41699150149447	0.0
228.0	26.22746243164695	23.64760815966722	23.8869988016694	26.23793060701643	0.0
229.0	26.208729907301553	23.784796352667318	23.79664191953279	26.20983182049834	0.0
230.0	26.221474143535605	23.758140406166323	23.759242322398652	26.261143127899416	0.0
231.0	26.26830558340955	23.83913124924243	23.68871968352966	26.20384348381836	0.0
232.0	26.248267920650793	23.790987953267603	23.813026338625303	26.147717787456305	0.0
233.0	26.260113552780556	23.730657873350907	23.758205855048033	26.251022718820504	0.0
234.0	26.316862395076623	23.784927397294236	23.741401586212785	26.15680862141635	0.0
235.0	26.241453215133802	23.785268400725066	23.74890496471094	26.224373419430197	0.0
236.0	26.172032110015923	23.808133288521827	23.75193525104545	26.2678993504168	0.0
237.0	26.21866055465412	23.805168580802807	23.753929052537046	26.222241812006025	0.0
238.0	26.143322708877985	23.782710145207012	23.827062884470756	26.24690426144425	0.0
239.0	26.321284631638104	23.817145501778242	23.690974355301254	26.1705955112824	0.0
240.0	26.170430815513544	23.740034050900036	23.756839106742408	26.332696026844012	0.0
241.0	26.204848321215746	23.915684724123963	23.6635984692992	26.21586848536109	0.0
242.0	26.25539324542504	23.733586074268366	23.736065727337348	26.27495495296925	0.0
243.0	26.115263913418435	23.796705249613574	23.82646215225064	26.26156868471735	0.0
244.0	26.21843691792221	23.698074528000355	23.75263140492224	26.330857149155197	0.0
245.0	26.20920741906239	23.75345477992742	23.824823713223644	26.21251408778654	0.0
246.0	26.33111962302626	23.66970707376891	23.789853674667256	26.209319628537575	0.0
247.0	26.272538628791576	23.77031335686748	23.817436762318913	26.139711252022035	0.0
248.0	26.22571782103183	23.816032783180706	23.785994394671356	26.172255001116106	0.0
249.0	26.2995736753484	23.78654555776327	23.754578098432216	26.159302668456107	0.0
