# Position (bp)	A	C	G	T	N
0.0	26.353328960495638	23.686081698571844	23.721633971436916	26.2389553694956	0.0
1.0	26.219663438483543	23.70647602564173	23.81120365113574	26.262656884738977	0.0
2.0	26.259903820980256	23.792595042233337	23.595000895649896	26.35250024113651	0.0
3.0	26.182714062495695	23.691208770010444	23.784629884284584	26.34144728320928	0.0
4.0	26.216701066723253	23.76662707674841	23.7646981016129	26.251973754915443	0.0
5.0	26.21086075342447	23.90997043287049	23.707988084970363	26.171180728734676	0.0
6.0	26.261782932279655	23.776104309777114	23.706667327971257	26.255445429971978	0.0
7.0	26.193001937017986	23.721995211184556	23.819259414375814	26.265743437421644	0.0
8.0	26.207014363216057	23.830870582270947	23.81048159342703	26.15163346108596	0.0
9.0	26.354158630798224	23.76128235929424	23.734832872304082	26.14972613760346	0.0
10.0	26.222263853609352	23.785174695708232	23.66257638288142	26.329985067800997	0.0
11.0	26.248987530787325	23.755420498437903	23.765889567847832	26.22970240292693	0.0
12.0	26.11619565037716	23.797296776077626	23.820989933163254	26.265517640381958	0.0
13.0	26.155520352641364	23.78373166196019	23.847096907500518	26.213651077897925	0.0
14.0	26.274261312762587	23.78483366623046	23.74764102210896	26.193263998897997	0.0
15.0	26.1692954060197	23.762242578689992	23.86417797368965	26.204284041600662	0.0
16.0	26.25718024657345	23.900544114608444	23.63799159721744	26.204284041600662	0.0
17.0	26.23376265583029	23.795027205730424	23.736896480473863	26.234313657965423	0.0
18.0	26.207865555479025	23.70824436944693	23.737722983676562	26.346167091397476	0.0
19.0	26.261863764722087	23.744610510365728	23.659480680487636	26.33404504442455	0.0
20.0	26.18472346580343	23.756457056271092	23.91652317652731	26.142296301398165	0.0
21.0	26.330463530546183	23.649838143122803	23.805496246297956	26.21420208003306	0.0
22.0	26.186376472208828	23.773262621392657	23.964460362283905	26.07590054411461	0.0
23.0	26.26957779461395	23.794476203595288	23.80742475377092	26.128521248019837	0.0
24.0	26.263516771127488	23.70411185343343	23.6746332392038	26.357738136235277	0.0
25.0	26.361319650113646	23.6919898064605	23.714305392933397	26.23238515049246	0.0
26.0	26.22301811419519	23.7035608512983	23.81816929540602	26.255251739100487	0.0
27.0	26.263241270059922	23.795853708933123	23.594186927474343	26.346718093532612	0.0
28.0	26.1717749156278	23.697224326744266	23.792272195054757	26.338728562573184	0.0
29.0	26.216957090708725	23.768028101108893	23.763620084027824	26.251394724154558	0.0
30.0	26.203733039465526	23.89668709966251	23.714305392933397	26.185274467938562	0.0
31.0	26.24285419105999	23.773813623527793	23.715407397203663	26.267924788208553	0.0
32.0	26.18940698395206	23.721192919622563	23.819271299676288	26.270128796749088	0.0
33.0	26.195743508506098	23.83029134237895	23.80604724843309	26.167917900681864	0.0
34.0	26.347820097802877	23.757834561608927	23.734416970865762	26.159928369722437	0.0
35.0	26.228180375562022	23.78008463369479	23.663272502865205	26.328462487877985	0.0
36.0	26.24167989068148	23.757769108701403	23.771819624437978	26.228731376179145	0.0
37.0	26.121010755532048	23.788625143260163	23.825266684298686	26.265097416909107	0.0
38.0	26.15950872920323	23.772305132281108	23.84696551021139	26.22122062830427	0.0
39.0	26.27191254542299	23.7769886246236	23.75797915570408	26.19311967424933	0.0
40.0	26.16667171749174	23.767621639938618	23.863219983635325	26.202486658934315	0.0
41.0	26.254005074701702	23.903993916969945	23.641718345790505	26.200282662537848	0.0
42.0	26.24656658686363	23.79379409714665	23.73456169399163	26.22507762199809	0.0
43.0	26.209925146772385	23.71720522236946	23.730429200748258	26.3424404301099	0.0
44.0	26.276596037765476	23.736490190838538	23.657697319664884	26.329216451731103	0.0
45.0	26.194221672447565	23.763764646244802	23.921074889042558	26.120938792265076	0.0
46.0	26.321226964793915	23.660176815610907	23.80812007372368	26.210476145871503	0.0
47.0	26.19064017830331	23.78112111786697	23.95496133363822	26.0732773701915	0.0
48.0	26.268882050377844	23.80646707642633	23.798202089939583	26.12644878325624	0.0
49.0	26.267780052179614	23.70976673453139	23.67064579849412	26.351807414794877	0.0
50.0	26.36365389542588	23.695440757954362	23.706736239486247	26.23416910713351	0.0
51.0	26.2256286210972	23.702603746242875	23.81115056876882	26.2606170638911	0.0
52.0	26.262821060287568	23.7921410998493	23.596811919212513	26.34822592065062	0.0
53.0	26.177967199023627	23.69268576245878	23.782223116065204	26.347123922452386	0.0
54.0	26.223975623799856	23.752469164712917	23.76128515029878	26.26227006118845	0.0
55.0	26.218741132358247	23.897657427330106	23.704807742639343	26.178793697672305	0.0
56.0	26.258137567945077	23.77092763453332	23.702603746242875	26.268331051278732	0.0
57.0	26.196701168393588	23.719684718315488	23.818589056606893	26.26502505668403	0.0
58.0	26.19697666794315	23.836496527328176	23.80453857957942	26.16198822514925	0.0
59.0	26.34547092515504	23.752469164712917	23.74062268408191	26.161437226050133	0.0
60.0	26.21591391213793	23.76397467615117	23.679947545030277	26.340163866680626	0.0
61.0	26.232443839571545	23.75295472452876	23.786014579395996	26.2285868565037	0.0
62.0	26.121968824556863	23.78105560116591	23.828992390723407	26.267983183553824	0.0
63.0	26.164048057876627	23.767766179310648	23.842701643896756	26.225484118915972	0.0
64.0	26.26818631380879	23.777408610415478	23.757021756079553	26.197383319696183	0.0
65.0	26.17258849685519	23.766388689152816	23.851793078938453	26.20922973505354	0.0
66.0	26.269563803966623	23.891740293515603	23.644894057231962	26.19380184528581	0.0
67.0	26.246697467346596	23.790357017899108	23.73718589780676	26.225759616947535	0.0
68.0	26.208127742927278	23.72368649426	23.722860000165298	26.345325762647427	0.0
69.0	26.265155835461556	23.744073348595922	23.65426099030522	26.336509825637293	0.0
70.0	26.178924951581223	23.769419167500047	23.922596073051057	26.129059807867673	0.0
71.0	26.3265918965009	23.663352425346922	23.809917378140334	26.200138300011844	0.0
72.0	26.192148857096413	23.788979527741276	23.951798864397116	26.067072750765195	0.0
73.0	26.275349262629515	23.800825943098637	23.80716239782467	26.116662396447175	0.0
74.0	26.265155835461556	23.716799043470836	23.66665840172572	26.35138671934189	0.0
75.0	26.374253055961915	23.68263728755658	23.70357513795564	26.239534518525865	0.0
76.0	26.229892087421035	23.69696318519804	23.812121362392865	26.261023364988056	0.0
77.0	26.271492290187588	23.78594904939404	23.593375925329013	26.34918273508936	0.0
78.0	26.181128935833755	23.687871750156344	23.78677554348874	26.344223770521157	0.0
79.0	26.21611718584271	23.75867474426895	23.768868171436917	26.256339898451426	0.0
80.0	26.21859666812681	23.894770771862834	23.70109565567154	26.185536904338818	0.0
81.0	26.248350455535995	23.768592673405347	23.710187090713237	26.27286978034542	0.0
82.0	26.19242435512798	23.7220335060706	23.818733315150464	26.266808823650955	0.0
83.0	26.20234228426438	23.830579730507825	23.799999449003938	26.16707853622386	0.0
84.0	26.338989307921395	23.751236297416657	23.736359403712058	26.17341499094989	0.0
85.0	26.20089261116315	23.77321064521461	23.686429004352856	26.339467739269377	0.0
86.0	26.22458537660477	23.74290594523114	23.776516612485537	26.25599206567855	0.0
87.0	26.11906992120778	23.77321064521461	23.82941208882032	26.278307344757284	0.0
88.0	26.166934357445708	23.75799284260058	23.84863119557222	26.226441604381495	0.0
89.0	26.271623032610524	23.772594157820933	23.754411387923884	26.20137142164466	0.0
90.0	26.18098467963888	23.75468688443748	23.852212650248912	26.212115785674733	0.0
91.0	26.27465349426003	23.88472123885272	23.641457817351323	26.199167449535928	0.0
92.0	26.259225689498898	23.793807389367487	23.718045848129794	26.228921073003818	0.0
93.0	26.204952876321354	23.723831274915216	23.7210763097793	26.350139538984134	0.0
94.0	26.277408459395946	23.754135891410293	23.650824698813437	26.317630950380323	0.0
95.0	26.19448400880487	23.76515575195396	23.907036456453643	26.133323782787528	0.0
96.0	26.3184574399211	23.669282965224074	23.808408704587844	26.203850890266985	0.0
97.0	26.200544932103888	23.7803080602015	23.94946291954675	26.069684088147866	0.0
98.0	26.280714417559047	23.796286857989813	23.802898774316013	26.120099950135128	0.0
99.0	26.27437799774644	23.716392869048242	23.660467076789143	26.348762056416174	0.0
100.0	26.36666932979963	23.69517963750169	23.708954463181268	26.22919656951741	0.0
101.0	26.23883894749312	23.705373008504576	23.80427625688397	26.251511787118336	0.0
102.0	26.27988792801827	23.79105242423157	23.592970430959195	26.33608921679096	0.0
103.0	26.1867701064243	23.68691474209394	23.78388951487819	26.34242563660357	0.0
104.0	26.20853433099804	23.764880255440367	23.770665682225793	26.255919731335798	0.0
105.0	26.218452205487342	23.89463911334202	23.69738360961042	26.189525071560222	0.0
106.0	26.259225689498898	23.76515575195396	23.699587581719154	26.27603097682799	0.0
107.0	26.206330358889307	23.722178295833665	23.8064802289927	26.265011116284327	0.0
108.0	26.207156848430085	23.837060342001372	23.790776927717978	26.16500588185057	0.0
109.0	26.35151702155209	23.750554436733605	23.737881597108387	26.160046944605913	0.0
110.0	26.202952212506403	23.764814784204173	23.693185888005466	26.339047115283954	0.0
111.0	26.221961419574523	23.74194863657151	23.781620025235412	26.254469918618558	0.0
112.0	26.118650511595614	23.7813445294808	23.834239714366	26.26576524455758	0.0
113.0	26.153566420465975	23.769708223250124	23.850703751966346	26.226021604317555	0.0
114.0	26.27313124857087	23.77328965819336	23.755657978472822	26.197921114762952	0.0
115.0	26.166514685260744	23.762269858368022	23.865029491739282	26.20618596463195	0.0
116.0	26.264039913714964	23.891477011320088	23.634715675389756	26.209767399575185	0.0
117.0	26.25219362890273	23.786788912979397	23.73444486380905	26.226572594308823	0.0
118.0	26.204532994658152	23.722598578996813	23.721221104018646	26.35164732232639	0.0
119.0	26.276988178509736	23.754555998490286	23.64628646520636	26.32216935779362	0.0
120.0	26.19902309474548	23.76447381833309	23.907180226071194	26.129322860850234	0.0
121.0	26.324924307749946	23.65923473000113	23.8099304926126	26.20591046963632	0.0
122.0	26.197094629776053	23.77962604309293	23.953187890341972	26.07009143678905	0.0
123.0	26.281396098439874	23.7958802478353	23.806624552665	26.11609910105983	0.0
124.0	26.27395773355777	23.709099324210776	23.661438689966197	26.355504252265256	0.0
125.0	26.368177022064394	23.69312061446404	23.70358942429811	26.23511293917346	0.0
126.0	26.23511293917346	23.69477358443784	23.8124099475733	26.2577035288154	0.0
127.0	26.29351787824774	23.78320747803616	23.592840436053482	26.330434207662616	0.0
128.0	26.188829779907046	23.683202794621234	23.78486044800996	26.343106977461755	0.0
129.0	26.218583239435457	23.759239413416054	23.76695327329379	26.2552240738547	0.0
130.0	26.221961419574523	23.889063369533474	23.704756709699105	26.184218501192895	0.0
131.0	26.268244706349076	23.756825407320473	23.699246794606896	26.275683091723558	0.0
132.0	26.207084648825564	23.717154018656572	23.80586365164113	26.269897680876735	0.0
133.0	26.215349521463878	23.83892314219438	23.776661101652426	26.169066234689325	0.0
134.0	26.353923886032916	23.749938013455214	23.733683763933197	26.162454336578673	0.0
135.0	26.20302440072621	23.764880255440367	23.697934602637606	26.334160741195824	0.0
136.0	26.2165237298922	23.754135891410293	23.777828591579173	26.251511787118336	0.0
137.0	26.118997964080766	23.78416501139178	23.833754383838272	26.263082640689184	0.0
138.0	26.155783116929634	23.77575562222608	23.841875149802057	26.226586111042238	0.0
139.0	26.27542165089895	23.765903167685092	23.759015697921086	26.19965948349487	0.0
140.0	26.170181112904917	23.756260710015482	23.8609502504284	26.212607926651206	0.0
141.0	26.269085178716068	23.897591589572922	23.634490244587827	26.19883298712319	0.0
142.0	26.247871771842924	23.7901470612544	23.733945307980097	26.228035858922578	0.0
143.0	26.20516945930607	23.72705783821609	23.72788433458777	26.33988836789006	0.0
144.0	26.282381528306203	23.747785672370426	23.654391325070183	26.315441474253188	0.0
145.0	26.203313157582986	23.763213647145687	23.911432404808018	26.12204079046331	0.0
146.0	26.33279794587536	23.665135807502953	23.802610082732514	26.199456163889174	0.0
147.0	26.194772671546684	23.77533562732625	23.96239982147629	26.067491879650778	0.0
148.0	26.285136523801782	23.791590100750184	23.80646707642633	26.1168062990217	0.0
149.0	26.263096559837123	23.71472572642344	23.668166302548098	26.35401141119134	0.0
150.0	26.359521402182505	23.697369254801266	23.708940235882714	26.23416910713351	0.0
151.0	26.24353609181849	23.699848750747293	23.807293575075008	26.249321582359215	0.0
152.0	26.282381528306203	23.78167211696609	23.593230425068253	26.342715929659455	0.0
153.0	26.19064017830331	23.68745127101717	23.782498615614763	26.339409935064754	0.0
154.0	26.21405764001576	23.761560649848338	23.779192621020066	26.24518908911584	0.0
155.0	26.21412985982544	23.89331526051309	23.70790355285198	26.184651326809487	0.0
156.0	26.260138411355022	23.762728114255488	23.696057039583884	26.281076434805605	0.0
157.0	26.19594683946046	23.713413559023184	23.815624173499074	26.27501542801728	0.0
158.0	26.21633386229393	23.82691968615005	23.77980913338623	26.176937318169795	0.0
159.0	26.3540840165741	23.73352508154809	23.73352508154809	26.178865820329715	0.0
160.0	26.204284041600662	23.761140574419727	23.6919898064605	26.342585577519113	0.0
161.0	26.213651077897925	23.743233005027893	23.783456160892623	26.259659756181552	0.0
162.0	26.1279702458847	23.774640126730493	23.832219849851917	26.265169777532886	0.0
163.0	26.16365404589322	23.77174059778551	23.842820264868188	26.221785091453082	0.0
164.0	26.286876122676126	23.756653405772347	23.759132935873843	26.197337535677683	0.0
165.0	26.17502176476422	23.756102399083126	23.8594161533121	26.209459682840553	0.0
166.0	26.274753975513264	23.897711118212975	23.632125894008354	26.195409012265408	0.0
167.0	26.247479144396813	23.7996319275316	23.732684614791225	26.220204313280366	0.0
168.0	26.197613039022293	23.738470185028046	23.732684614791225	26.331232161158436	0.0
169.0	26.285295519476765	23.751208774254692	23.651751792842955	26.311743913425587	0.0
170.0	26.208154370459347	23.764157467125475	23.902736031253184	26.124952131161994	0.0
171.0	26.335988274545347	23.671037080097307	23.79528943083607	26.19768521452127	0.0
172.0	26.20374630480121	23.777106159996254	23.95866336429081	26.060484170911725	0.0
173.0	26.2913566097567	23.79584043904334	23.80190152932328	26.11090142187668	0.0
174.0	26.280336445611358	23.710985175124183	23.65753737901926	26.3511410002452	0.0
175.0	26.372354816224984	23.691148879662563	23.708505638191482	26.22799066592097	0.0
176.0	26.257194100906133	23.6939039206989	23.80713610729232	26.24176587110265	0.0
177.0	26.277581404575024	23.78840182824523	23.593895931079896	26.340120836099857	0.0
178.0	26.183910009339588	23.69252640018073	23.788126324141597	26.33543726633808	0.0
179.0	26.217521509982888	23.77021855740541	23.777381664099888	26.234878268511807	0.0
180.0	26.21731823566686	23.90913849629446	23.700305810397555	26.17323745764113	0.0
181.0	26.258643965065982	23.7689065212001	23.695071218006998	26.277378295726923	0.0
182.0	26.198583905005922	23.727580791800975	23.81546684298978	26.258368460203325	0.0
183.0	26.211808138413645	23.830068600710803	23.790671405350306	26.167451855525247	0.0
184.0	26.34983607460672	23.746866132187233	23.748243656500538	26.155054136705512	0.0
185.0	26.197003049847233	23.768420994630397	23.706156724127954	26.328419231394417	0.0
186.0	26.210227319688457	23.75271717419394	23.79183897247423	26.24521653364337	0.0
187.0	26.121790015125256	23.774482118307624	23.84363402935237	26.260093837214747	0.0
188.0	26.15031118531437	23.77626616193759	23.83715323982621	26.236269412921835	0.0
189.0	26.272708738559537	23.76779092256575	23.752086972333498	26.20741336654122	0.0
190.0	26.158097452653966	23.76007670139903	23.873034939911726	26.20879090603528	0.0
191.0	26.261833129456363	23.899615388853988	23.63567736745242	26.202874114237222	0.0
192.0	26.239792376103416	23.800983017599542	23.733483210456132	26.225741395840913	0.0
193.0	26.197363925898987	23.73127913512084	23.724942418531867	26.34641452044831	0.0
194.0	26.278987114389068	23.754487371991083	23.65199758653086	26.31452792708899	0.0
195.0	26.21066059074892	23.757242473750768	23.900507765254307	26.131589170246006	0.0
196.0	26.323895273071912	23.664120034273466	23.79719144926618	26.214793243388446	0.0
197.0	26.193027939486946	23.78506900152357	23.961395514143316	26.060507544846168	0.0
198.0	26.274578951573574	23.80352818331345	23.812895529296373	26.108997335816596	0.0
199.0	26.270170788758087	23.710681254012115	23.673211870080422	26.34593608714938	0.0
200.0	26.370253635366787	23.69642001091023	23.704960849896132	26.228365503826844	0.0
201.0	26.257845173874948	23.701654718675787	23.806348873986806	26.234151233462455	0.0
202.0	26.284845245507793	23.785410042924603	23.589797279054007	26.339947432513593	0.0
203.0	26.191998060403016	23.685675084444103	23.79505292565062	26.327273929502258	0.0
204.0	26.209906271179907	23.76722632121269	23.76612427747257	26.256743130134836	0.0
205.0	26.211631552701252	23.902843556194743	23.70475064814126	26.18077424296274	0.0
206.0	26.25791751730902	23.771699989806066	23.694005692071602	26.27637680081331	0.0
207.0	26.203917225266625	23.717148674375483	23.818536977802022	26.26039712255587	0.0
208.0	26.221549973688635	23.823771699989805	23.78767966806351	26.166998658258052	0.0
209.0	26.34608125941906	23.75131212444312	23.742220238538025	26.1603863775998	0.0
210.0	26.193244434648445	23.76322459775182	23.70674454485343	26.336786422746307	0.0
211.0	26.20784659466608	23.75468371170377	23.79793916685034	26.23953052677981	0.0
212.0	26.115825435309674	23.777000220409963	23.844500771434866	26.26267357284549	0.0
213.0	26.149582045305518	23.769141333157005	23.844081133354273	26.237195488183207	0.0
214.0	26.267574395865072	23.76011483453963	23.76948233537306	26.202828434222237	0.0
215.0	26.16232776885416	23.75405351047094	23.875279991844764	26.20833872883014	0.0
216.0	26.261309910843188	23.907305568719075	23.634545234133064	26.196839286304673	0.0
217.0	26.248911713816554	23.80811999250598	23.729873593493426	26.21309470018404	0.0
218.0	26.19463516238883	23.75136380167293	23.7202305513616	26.33377048457664	0.0
219.0	26.29857695857613	23.762174374233723	23.650590293562562	26.288658373627584	0.0
220.0	26.190023556639254	23.767684699205134	23.921422765907618	26.12086897824799	0.0
221.0	26.313179319750386	23.676488820928217	23.802675262773622	26.20765659654778	0.0
222.0	26.18837045914783	23.788899450345085	23.961648138198953	26.061081952308136	0.0
223.0	26.271300849967627	23.80184871402791	23.813420396467883	26.113430039536585	0.0
224.0	26.266892589990494	23.710377319502417	23.661335427256823	26.361394663250266	0.0
225.0	26.370834871636628	23.706585407517206	23.70135058437157	26.221229136474594	0.0
226.0	26.255668762432705	23.719534706877454	23.79557740099296	26.229219129696872	0.0
227.0	26.279363225091885	23.785383271709364	23.59665412145892	26.338599381739837	0.0
228.0	26.189544680593137	23.68426852989635	23.795026366977634	26.331160422532886	0.0
229.0	26.215167762305967	23.765270530149827	23.770780870303124	26.248780837241082	0.0
230.0	26.219372756252184	23.898686606805843	23.71381418530774	26.168126451634233	0.0
231.0	26.25408799486435	23.774979129529168	23.69755863706871	26.273374238537773	0.0
232.0	26.203943761313447	23.724559378211506	23.817133347843935	26.254363512631112	0.0
233.0	26.224056558287163	23.828154058514464	23.79095916000143	26.15683022319694	0.0
234.0	26.34638644673002	23.747702870619612	23.74742735285285	26.158483329797523	0.0
235.0	26.1993321430933	23.769534263483877	23.701481187595054	26.32965240582777	0.0
236.0	26.197954550463976	23.75658489276819	23.79295333818246	26.25250721858538	0.0
237.0	26.11998280764399	23.781932597147833	23.845026339571074	26.253058255637107	0.0
238.0	26.15787298525968	23.771593883455022	23.83055517288883	26.23997795839647	0.0
239.0	26.283582541899825	23.760914067816692	23.754577089343133	26.200926300940353	0.0
240.0	26.160331739843222	23.758248722222987	23.87066554617218	26.21075399176161	0.0
241.0	26.2648723417153	23.904585558329337	23.629319798744632	26.20122230121073	0.0
242.0	26.247668071105572	23.7902214677994	23.73400717007856	26.22810329101646	0.0
243.0	26.19410450085013	23.738519153345255	23.724740759520184	26.342635586284434	0.0
244.0	26.286737857388907	23.744815707888392	23.662142611091973	26.306303823630728	0.0
245.0	26.20062063529684	23.76575702624196	23.910443318800397	26.123179019660803	0.0
246.0	26.320764857140492	23.6680731674379	23.78961467758427	26.221547297837333	0.0
247.0	26.205510827892052	23.783326396793942	23.950905838544926	26.06025693676908	0.0
248.0	26.29919349948457	23.795624059404304	23.80003417842239	26.105148262688736	0.0
249.0	26.274937844885088	23.7068704141653	23.664147386177582	26.35404435477203	0.0
