# Position (bp)	A	C	G	T	N
0.0	26.405772355484565	23.64104541323566	23.81289416430283	26.140288066976947	0.0
1.0	26.15543499215114	23.720635620060037	23.836027650023407	26.287901737765416	0.0
2.0	26.27316312845777	23.73496066157943	23.60140004571353	26.390476164249264	0.0
3.0	26.198960203553373	23.69171797724344	23.81425754788681	26.295064271316377	0.0
4.0	26.158777188204745	23.818505739846845	23.696797305892947	26.32591976605546	0.0
5.0	26.21605696317549	23.799912991282607	23.759437417052606	26.224592628489297	0.0
6.0	26.160589649200578	23.87423974184951	23.683159920594495	26.282010688355417	0.0
7.0	26.263941697479964	23.756019261637242	23.789884061242976	26.190154979639825	0.0
8.0	26.269522915422037	23.805499040544895	23.72648509059073	26.198492953442337	0.0
9.0	26.265468210161185	23.87286817437267	23.758895511294032	26.102768104172114	0.0
10.0	26.300315478255126	23.80154050289326	23.64297551602442	26.255168502827193	0.0
11.0	26.270859829652753	23.812827246750242	23.751163085190143	26.165149838406865	0.0
12.0	26.20396522581746	23.79768649279575	23.800989930022187	26.197358351364596	0.0
13.0	26.102863246333886	23.8361609760529	23.858459115947575	26.20251666166564	0.0
14.0	26.3181366463047	23.80367726608288	23.737608703431988	26.140577384180435	0.0
15.0	26.163701381108247	23.742288559953092	23.79899740956177	26.295012649376893	0.0
16.0	26.178566807704694	23.89947668192667	23.675394140269066	26.246562370099568	0.0
17.0	26.200039090566236	23.717237563281294	23.791289410585836	26.291433935566634	0.0
18.0	26.20334251869878	23.757429272227252	23.806980694215422	26.232247514858543	0.0
19.0	26.17746566499385	23.651719571985826	23.81468869319136	26.356126069828967	0.0
20.0	26.267208795927978	23.669062569681685	23.859560258658423	26.204168375731918	0.0
21.0	26.36190706906092	23.637404716744804	23.729625418778337	26.271062795415943	0.0
22.0	26.24903994119898	23.731552418522323	23.870571685766905	26.148835954511796	0.0
23.0	26.241331942223038	23.835335119019764	23.747243702151906	26.17608923660529	0.0
24.0	26.21738208826209	23.755226986805557	23.74504141673021	26.282349508202135	0.0
25.0	26.410357348338238	23.645663287076164	23.80560426582686	26.138375098758736	0.0
26.0	26.15296523967747	23.717512848959007	23.846071260450532	26.283450650912986	0.0
27.0	26.27436622354849	23.733204132588597	23.60794914922961	26.384480494633305	0.0
28.0	26.192055805912585	23.694664137708905	23.81854269267933	26.294737363699177	0.0
29.0	26.151038239933488	23.818267407001617	23.697141708808317	26.333552644256574	0.0
30.0	26.209398803608448	23.789637696519563	23.767064270947174	26.233899228924816	0.0
31.0	26.140577384180435	23.873875113899448	23.68943370983238	26.296113792087738	0.0
32.0	26.2586749399189	23.749721273251318	23.793766981685245	26.197836805144536	0.0
33.0	26.257849082885766	23.806154837182287	23.722743276835537	26.213252803096417	0.0
34.0	26.25454565475322	23.87112225712233	23.765687842558616	26.108644245565838	0.0
35.0	26.29962010681055	23.799207179430713	23.65055332268898	26.25061939106976	0.0
36.0	26.26686120134339	23.810493861146288	23.760667290645817	26.161977646864504	0.0
37.0	26.21125364752519	23.79012277707427	23.8030611683092	26.195562407091337	0.0
38.0	26.115657887854738	23.829147637648962	23.856676053856592	26.198518420639704	0.0
39.0	26.315514189522133	23.795562969875654	23.7416072741087	26.14731556649351	0.0
40.0	26.162180911245635	23.746837673188146	23.79941694814472	26.291564467421498	0.0
41.0	26.180624950104747	23.9054013505441	23.668932255320556	26.245041444030598	0.0
42.0	26.212833197067674	23.715730562873528	23.785102171716755	26.28633406834205	0.0
43.0	26.204299388043307	23.762528870426497	23.804096778900018	26.229074962630172	0.0
44.0	26.188057622480805	23.642780259923306	23.816209282031377	26.352952835564516	0.0
45.0	26.27477213353484	23.681595326776065	23.861631168773968	26.182001370915124	0.0
46.0	26.359559655454344	23.644707249057838	23.722612666925432	26.273120428562386	0.0
47.0	26.25467638970327	23.730320623463573	23.869063841150027	26.145939145683133	0.0
48.0	26.23705820333039	23.847041108183923	23.734449885894715	26.181450802590973	0.0
49.0	26.219715301119578	23.76005131296781	23.744084831567385	26.276148554345223	0.0
50.0	26.411588362086764	23.650212932299368	23.80850132549324	26.129697380120632	0.0
51.0	26.154472954707497	23.72206209860128	23.84126014078032	26.2822048059109	0.0
52.0	26.269541734455395	23.728393634329038	23.617454117012286	26.38461051420329	0.0
53.0	26.19989484145009	23.689853851638354	23.811804735438155	26.298446571473406	0.0
54.0	26.1649337528664	23.80189450560341	23.694808966555726	26.338362774974467	0.0
55.0	26.22797382598187	23.792534844092813	23.74959051480891	26.2299008151164	0.0
56.0	26.15942806962487	23.867136852015495	23.675539075210388	26.29789600314925	0.0
57.0	26.262109062079332	23.750691651457217	23.79721467484811	26.18998461161534	0.0
58.0	26.261833777917253	23.804647347224172	23.72123624611505	26.212282628743523	0.0
59.0	26.24944599062382	23.86300758958435	23.77188853193709	26.115657887854738	0.0
60.0	26.287638123448087	23.78751424591617	23.666114264635443	26.258733366000296	0.0
61.0	26.25955921621309	23.803205399959257	23.77099724166029	26.166238142167366	0.0
62.0	26.207255369402798	23.786137828894844	23.803480683363524	26.203126118338833	0.0
63.0	26.12129503968199	23.8262636161679	23.852966032874253	26.199475311275854	0.0
64.0	26.3131670442627	23.79625780770406	23.742852974291353	26.14772217374189	0.0
65.0	26.164239132529328	23.741476561059066	23.794881394471773	26.299402911939833	0.0
66.0	26.191216831882137	23.903618039822387	23.667700811808523	26.237464316486953	0.0
67.0	26.215716987416833	23.710094339362943	23.786072349785144	26.288116323435084	0.0
68.0	26.2088349212554	23.760746346311073	23.80121289534029	26.229205837093232	0.0
69.0	26.185711178952992	23.64705461332423	23.80947137473401	26.357762832988772	0.0
70.0	26.268846538183077	23.680639096192017	23.865078469318373	26.18543589630653	0.0
71.0	26.370150552079348	23.65008272243526	23.720004514635402	26.259762210849992	0.0
72.0	26.25150373145627	23.742577691644897	23.868657143722317	26.137261433176512	0.0
73.0	26.23663846854758	23.848010945238023	23.741751843705526	26.17359874250887	0.0
74.0	26.22149792299243	23.76845426041188	23.741751843705526	26.268295972890165	0.0
75.0	26.41749916726999	23.64292537362737	23.804516287097776	26.135059172004855	0.0
76.0	26.160385175478922	23.713673013766883	23.83837605261202	26.287565758142172	0.0
77.0	26.27682973493034	23.723583189039346	23.61016673869896	26.389420337331355	0.0
78.0	26.195070788932533	23.693026815282593	23.815802875602525	26.29609952018235	0.0
79.0	26.151300848145837	23.806718548269433	23.710094339362943	26.331886264221787	0.0
80.0	26.225076597396374	23.78524650184577	23.7464316486953	26.243245252062554	0.0
81.0	26.151576130792293	23.863702056086087	23.67898740031327	26.305734412808352	0.0
82.0	26.264992581132677	23.75111145368507	23.794330829178858	26.189565136003388	0.0
83.0	26.270222951415366	23.79735893828989	23.71312244847397	26.219295661820773	0.0
84.0	26.24021714295153	23.865078469318373	23.772583500108738	26.122120887621364	0.0
85.0	26.272352889358704	23.797843992248062	23.676444679351654	26.25335843904158	0.0
86.0	26.24097075405215	23.798119274136717	23.764810165609585	26.196099806201552	0.0
87.0	26.1994031888654	23.78050123326286	23.80665301268499	26.21344256518675	0.0
88.0	26.119774820034962	23.81759872269555	23.858890892323785	26.203735564945703	0.0
89.0	26.316600828596204	23.790070609610066	23.74657619093499	26.14675237085874	0.0
90.0	26.175381608467646	23.73336269665396	23.78704251717066	26.304213177707737	0.0
91.0	26.193550163104067	23.89632912612005	23.667845787510494	26.242274923265384	0.0
92.0	26.230437834638625	23.710239081662145	23.768048119141675	26.291274964557555	0.0
93.0	26.203735564945703	23.76281777765543	23.797778481274	26.235668176124864	0.0
94.0	26.191898476318944	23.649952514004926	23.806862758592214	26.351286251083923	0.0
95.0	26.28329181176276	23.68050871952982	23.85200886405241	26.184190604655004	0.0
96.0	26.360370528402132	23.644722172518684	23.725654824990023	26.26925247408916	0.0
97.0	26.25658954206984	23.740795287187037	23.858340330062074	26.14427484068105	0.0
98.0	26.245027734573934	23.839345932033087	23.739969443794475	26.175656889598503	0.0
99.0	26.225207493152382	23.768048119141675	23.739418881532764	26.26732550617318	0.0
100.0	26.411297537610285	23.65573341775288	23.80851444537734	26.124454599259494	0.0
101.0	26.170701829243114	23.715194142017534	23.838520088640525	26.275583940098823	0.0
102.0	26.286319904202166	23.72620538725173	23.60783450098413	26.379640207561973	0.0
103.0	26.19685353667433	23.70032896095137	23.81126725668589	26.291550245688413	0.0
104.0	26.148128776513012	23.810166132162472	23.710514362793003	26.33119072853151	0.0
105.0	26.23236480255461	23.780986332291853	23.740795287187037	26.2458535779665	0.0
106.0	26.15583664817695	23.860542579108916	23.670048036557333	26.3135727361568	0.0
107.0	26.28081428158507	23.74987956450525	23.780986332291853	26.188319821617828	0.0
108.0	26.272280566528565	23.80273354162939	23.70418289678334	26.220802995058705	0.0
109.0	26.246679421359065	23.869076294165417	23.771076211581075	26.113168072894442	0.0
110.0	26.282944178645952	23.78092086790396	23.68567385882521	26.250461094624878	0.0
111.0	26.24302852455226	23.793033204318597	23.769634372608504	26.194303898520644	0.0
112.0	26.200084786354903	23.78917927909576	23.807347783717717	26.203388150831625	0.0
113.0	26.111372626745617	23.820220388859983	23.86343928845725	26.20496769593715	0.0
114.0	26.314528982814295	23.795720503101027	23.748372409274722	26.14137810480996	0.0
115.0	26.164776872107844	23.74506905389149	23.79819801963845	26.29195605436222	0.0
116.0	26.193681231711107	23.902253714210207	23.66165933046492	26.24240572361376	0.0
117.0	26.226990065158684	23.712035500059187	23.773147574648952	26.28782686013318	0.0
118.0	26.205518255167686	23.760484712346567	23.79847329925372	26.23552373323203	0.0
119.0	26.19065315594315	23.649822307008346	23.80370361194383	26.355820925104673	0.0
120.0	26.282321267827797	23.686709775454418	23.85325394269229	26.177715014025498	0.0
121.0	26.3582984416421	23.636333605860152	23.734333148895992	26.271034803601758	0.0
122.0	26.258922500529913	23.740114020816645	23.855731459229712	26.14523201942373	0.0
123.0	26.244332680920646	23.840591080389906	23.740664580047184	26.174411658642267	0.0
124.0	26.225613667082335	23.760209432731298	23.73846234312503	26.275714557061335	0.0
125.0	26.409775729697436	23.647895349701457	23.80810808578814	26.13422083481296	0.0
126.0	26.17000718479796	23.711209661213378	23.840866360005176	26.27791679398349	0.0
127.0	26.29856276512868	23.720844447747798	23.60550228895	26.37509049817352	0.0
128.0	26.199737383247033	23.699647917372072	23.813063118862985	26.28755158051791	0.0
129.0	26.152664569036	23.81168672078664	23.702400713524764	26.3332479966526	0.0
130.0	26.233190645947175	23.773829022889625	23.752907656944654	26.240072674218546	0.0
131.0	26.165196206626018	23.852834707444977	23.66812106864135	26.313848017287654	0.0
132.0	26.278887313669085	23.743823379626445	23.783188581338692	26.194100725365782	0.0
133.0	26.27090416087429	23.809065007639052	23.69619974398855	26.223831087498105	0.0
134.0	26.253010887368728	23.864396514940882	23.765845870094836	26.116746727595558	0.0
135.0	26.276482117688516	23.777473132487668	23.692411028893588	26.25363372093023	0.0
136.0	26.24014490838619	23.803074348132487	23.76866411205074	26.188116631430585	0.0
137.0	26.20490882663848	23.789585535588444	23.807754140239606	26.197751497533474	0.0
138.0	26.11228259493148	23.82440222208764	23.85661038038661	26.20670480259427	0.0
139.0	26.314340613661763	23.791368213575876	23.75117683655323	26.143114336209127	0.0
140.0	26.16486172514604	23.734384548893086	23.80100313272514	26.29975059323574	0.0
141.0	26.18908666472133	23.908088376984104	23.66666483144397	26.236160126850592	0.0
142.0	26.225148790680002	23.710434892722056	23.774851209319994	26.28956510727794	0.0
143.0	26.21083405365824	23.76246345612808	23.800177282512347	26.22652520770133	0.0
144.0	26.199619557288013	23.645808385706147	23.808226041331164	26.346346015674683	0.0
145.0	26.285508215855817	23.684623452558903	23.855574917208287	26.174293414376994	0.0
146.0	26.365615907020022	23.640577986626695	23.726191361032427	26.267614745320856	0.0
147.0	26.258805652134416	23.735826306705096	23.861631168773968	26.14373687238652	0.0
148.0	26.252749400568735	23.843462414076928	23.734449885894715	26.169338299459614	0.0
149.0	26.219440016957506	23.766382848695567	23.7416072741087	26.27256986023823	0.0
150.0	26.409110804628078	23.65379162640636	23.809877746303624	26.12721982266194	0.0
151.0	26.169338299459614	23.719033972818444	23.837956730835405	26.273670996886533	0.0
152.0	26.288811625800733	23.719584541142595	23.609195592149998	26.382408240906674	0.0
153.0	26.19989484145009	23.699488797311023	23.820613828624598	26.280002532614294	0.0
154.0	26.14648971400728	23.81455757705892	23.70884845882162	26.33010425011218	0.0
155.0	26.222337230460912	23.78550841135388	23.75137298731759	26.240781370867616	0.0
156.0	26.16122381000884	23.855706259170454	23.66686028425999	26.31620964656072	0.0
157.0	26.272439223804504	23.738709846142836	23.789087125164137	26.19976380488852	0.0
158.0	26.27023693838281	23.798171552528636	23.704023850751117	26.227567658337442	0.0
159.0	26.26142779669602	23.849374688583076	23.76926655636887	26.11993095835203	0.0
160.0	26.279944282025447	23.776764723695003	23.682341476306096	26.260949517973454	0.0
161.0	26.24663462332557	23.78557388963216	23.7698825628066	26.19790892423567	0.0
162.0	26.2111226731414	23.777315296566076	23.8086979502172	26.202864080075315	0.0
163.0	26.12097253727399	23.821767568877046	23.854251547118285	26.203008346730684	0.0
164.0	26.32523619706213	23.784053119563062	23.753220869029004	26.137489814345805	0.0
165.0	26.168046776928666	23.73312484859163	23.798368093025303	26.300460281454402	0.0
166.0	26.195575572048362	23.90903384940648	23.660999405378025	26.234391173167133	0.0
167.0	26.22310436716806	23.716882859471006	23.778822648490323	26.281190124870612	0.0
168.0	26.204384786486667	23.774142753319975	23.805250291805226	26.216222168388132	0.0
169.0	26.199501727436648	23.650603570494553	23.803388804008204	26.34650589806059	0.0
170.0	26.290347001417736	23.68391350428762	23.84605855390841	26.17968094038623	0.0
171.0	26.361096199639373	23.650603570494553	23.71970103646199	26.268599193404086	0.0
172.0	26.266672172440845	23.735392492876905	23.86064885548719	26.137286479195055	0.0
173.0	26.26006524342404	23.851013750671015	23.727133831605897	26.161787174299043	0.0
174.0	26.235839837029083	23.765123673452536	23.729886718696232	26.269149770822146	0.0
175.0	26.41450220919189	23.65390703500296	23.807518134643708	26.124072621161442	0.0
176.0	26.185737291984967	23.707863621973544	23.840828068436775	26.26557101760471	0.0
177.0	26.282638917564793	23.72658325418783	23.605456222213046	26.385321606034328	0.0
178.0	26.190692488747576	23.705661312301277	23.825136612021858	26.278509586929292	0.0
179.0	26.155455533991272	23.819630837841185	23.70758833326451	26.317325294903032	0.0
180.0	26.22607383834407	23.792508251824486	23.74763594519522	26.233781964636215	0.0
181.0	26.15339721901815	23.85885319598186	23.671380552947944	26.31636903205204	0.0
182.0	26.269019113400304	23.751214718116575	23.79058122025145	26.189184948231674	0.0
183.0	26.263788599130635	23.80517160216158	23.70661770171203	26.22442209699576	0.0
184.0	26.254979311939614	23.86133080800434	23.780395481936832	26.103294398119214	0.0
185.0	26.27652428617048	23.78238798409919	23.69787365245064	26.243214077279685	0.0
186.0	26.243214077279685	23.799180734035875	23.772477508726723	26.185127679957716	0.0
187.0	26.19806635613844	23.78293856606433	23.818726393798244	26.20026868399899	0.0
188.0	26.108740536820374	23.822436338609773	23.854645560908466	26.21417756366139	0.0
189.0	26.31025464556091	23.789125946317963	23.748933241569166	26.15168616655196	0.0
190.0	26.160495526496902	23.72938747419133	23.80454232622161	26.30557467309016	0.0
191.0	26.19160357880248	23.90419821059876	23.664969029593944	26.23922918100482	0.0
192.0	26.216655196145904	23.71534755677908	23.77673778389539	26.291259463179628	0.0
193.0	26.202890571231936	23.774810736407435	23.798485891259464	26.22381280110117	0.0
194.0	26.195529788106782	23.653471860899824	23.804057272009008	26.346941078984386	0.0
195.0	26.29573653334214	23.673017682085842	23.848654779503867	26.18259100506815	0.0
196.0	26.352997530619493	23.644662476703306	23.726699867033357	26.27564012564384	0.0
197.0	26.256920184226246	23.742666875889544	23.86214414905478	26.138268790829432	0.0
198.0	26.243981401187614	23.85443593788283	23.739363356815847	26.16221930411371	0.0
199.0	26.22223323395247	23.762487990331703	23.750925673573775	26.264353102142056	0.0
200.0	26.41493851325124	23.65237068787526	23.808461964107266	26.12422883476623	0.0
201.0	26.183141591580434	23.716789309812278	23.835440703209095	26.264628395398198	0.0
202.0	26.28747773565791	23.72449752098423	23.601441435489154	26.386583307868705	0.0
203.0	26.198282720668193	23.69724348862626	23.828558371805567	26.27591541889998	0.0
204.0	26.149555814331215	23.816445468535356	23.688434104429742	26.345564612703683	0.0
205.0	26.217697599704888	23.78519299539982	23.760967055474648	26.236142349420643	0.0
206.0	26.149149201507516	23.861724941981628	23.674249202333396	26.31487665417746	0.0
207.0	26.27468361748342	23.74555054824954	23.79372713332801	26.18603870093903	0.0
208.0	26.266700069098984	23.80116009216869	23.702879858608604	26.229259980123715	0.0
209.0	26.24715414029572	23.861724941981628	23.78216475290918	26.108956164813474	0.0
210.0	26.27117710862611	23.78250551967537	23.70129333839877	26.245024033299746	0.0
211.0	26.233186325520446	23.79874795593069	23.785809066032385	26.18225665251648	0.0
212.0	26.201802635128814	23.779201973318358	23.816091574305016	26.202903817247815	0.0
213.0	26.113301252050963	23.818149783616523	23.861371419761923	26.20717754457059	0.0
214.0	26.306835075045974	23.787591811564678	23.760062107013468	26.145511006375884	0.0
215.0	26.16230412615212	23.724548788142403	23.805210822477456	26.307936263228022	0.0
216.0	26.190384424794356	23.908722511590007	23.66480932926628	26.236083734349364	0.0
217.0	26.226592739826344	23.723853519141507	23.77395785729624	26.275595883735914	0.0
218.0	26.205945347729614	23.791301666657493	23.795706443638124	26.207046541974773	0.0
219.0	26.202713900688522	23.66638127303911	23.80017674216292	26.33072808410945	0.0
220.0	26.274016424357384	23.683449830828568	23.871754565150958	26.17077917966309	0.0
221.0	26.351100233729124	23.656745796867646	23.72226703483362	26.26988693456961	0.0
222.0	26.251717179503416	23.742639184453296	23.86542268080971	26.140220955233577	0.0
223.0	26.23437332239477	23.861293191021936	23.736857898750415	26.16747558783287	0.0
224.0	26.21978245847798	23.762185436115416	23.738509694665524	26.27952241074108	0.0
225.0	26.41194138326896	23.656745796867646	23.80568272854661	26.125630091316783	0.0
226.0	26.180965254472927	23.72887421849406	23.831285565230797	26.25887496180222	0.0
227.0	26.282826002571298	23.726671823940578	23.602787130307426	26.387715043180698	0.0
228.0	26.204916295242004	23.699417191341286	23.82109949042096	26.274567022995754	0.0
229.0	26.158390710299773	23.81421700744134	23.696388898830254	26.33100338342863	0.0
230.0	26.230938858437558	23.785441541244197	23.762591571940238	26.22102802837801	0.0
231.0	26.1511016162912	23.8641775800506	23.674220003909273	26.310500799748926	0.0
232.0	26.281869512910234	23.74745002601593	23.79452646879878	26.176153992275058	0.0
233.0	26.27361048786061	23.806639705538228	23.698446477388167	26.221303329212997	0.0
234.0	26.247732209371794	23.855918555000976	23.786542744584143	26.109806491043088	0.0
235.0	26.267626184485103	23.786608229315213	23.70622016418987	26.23954542200981	0.0
236.0	26.228258056701115	23.795417880287857	23.78963654683706	26.18668751617397	0.0
237.0	26.207885738826885	23.77807387993547	23.818543214091036	26.19549716714661	0.0
238.0	26.115252893435674	23.825281635080223	23.84813179310421	26.211333678379894	0.0
239.0	26.315948859694522	23.78784041229394	23.74847206774659	26.147738660264952	0.0
240.0	26.165875146259204	23.729093537063804	23.7932411039989	26.311790212678094	0.0
241.0	26.190633517799622	23.906830759065002	23.663445389719445	26.23909033341593	0.0
242.0	26.22360870953886	23.71113583047898	23.7788693459035	26.28638611407866	0.0
243.0	26.198880970999966	23.780467657198244	23.799742270879914	26.22090910092188	0.0
244.0	26.198120897034848	23.647398334581663	23.812618407719082	26.341862360664404	0.0
245.0	26.278047652093456	23.684225020102883	23.853860304241984	26.18386702356168	0.0
246.0	26.356461056307385	23.649322251414155	23.708532306658515	26.285684385619945	0.0
247.0	26.26708565479748	23.73497990894995	23.858638325295995	26.13929611095658	0.0
248.0	26.263460849927018	23.848081742818586	23.729378391032526	26.159079016221874	0.0
249.0	26.234817813765183	23.755818116720373	23.739017874356218	26.270346195158222	0.0
