# Position (bp)	A	C	G	T	N
0.0	24.281302642652975	18.77672753246037	30.372849488131237	26.569120336755418	0.0
1.0	25.5950626393819	16.700815299988246	28.418512345042778	29.285609715587075	0.0
2.0	25.27085268620609	23.515849387327712	20.382866840199707	30.828855502561964	0.0015755837045255358
3.0	27.99787034022037	21.966219551904878	21.73336186884867	28.30254823902608	0.0
4.0	27.59443794153156	21.858277930922654	23.462086631929512	27.085197495616274	0.0
5.0	26.12573518840321	23.11598432035734	23.774904825146777	26.78564043042208	0.1977352356705962
6.0	27.040687372845806	22.516410645928538	24.388790013976706	26.053718072357178	3.938948917740961E-4
7.0	25.81219485455103	23.946249103068507	23.18301210110757	27.0585439412729	0.0
8.0	25.065501438044603	24.472623976775957	23.63198662858141	26.827196341504244	0.0026916150937896562
9.0	25.72212422263202	24.170440945636596	24.20247773016756	25.90495710156383	0.0
10.0	25.581044202228263	24.25690087438101	24.417544341076216	25.743066301044674	0.0014442812698383521
11.0	25.440423725864914	24.40644963495791	24.507352376400707	25.645708613627843	6.5649148629016E-5
12.0	25.983342185026874	23.967847672967455	24.392860261191704	25.655490336773568	4.5954404040311205E-4
13.0	25.849614869269566	24.05463584745501	24.13590949345773	25.959839789817686	0.0
14.0	25.586690029010356	24.421417640845323	24.157836309099824	25.834056021044493	0.0
15.0	25.98577120352615	23.935482642693348	24.364565478132597	25.714180675647906	0.0
16.0	25.826572018100784	24.036385384136146	24.378023553601544	25.758493850972492	5.25193189032128E-4
17.0	25.509092735330864	24.536697545837878	24.39154727821912	25.562662440612137	0.0
18.0	25.651682686153084	24.317232441971075	24.448990283269513	25.581700693714556	3.938948917740961E-4
19.0	25.484736901189496	24.249942064626335	24.500918759835063	25.764336625200475	6.5649148629016E-5
20.0	25.235138838101978	24.72852435813186	24.58192980924327	25.454406994522895	0.0
21.0	25.72868913749492	24.211340365232473	24.56046253764158	25.49917971388788	3.2824574314508005E-4
22.0	25.599557262141648	24.22026864944602	24.425093993168552	25.754948796946525	1.31298297258032E-4
23.0	25.348186672041145	24.54306551325489	24.345198979287037	25.582882378389876	0.18066645702705203
24.0	25.6960615106263	24.19538762211562	24.398571737122428	25.709913480987023	6.5649148629016E-5
25.0	25.5485478736569	24.215738858190615	24.299835417584386	25.934958762487287	9.190880808062241E-4
26.0	25.34772712800074	24.503872971523368	24.379139589128236	25.76926031134765	0.0
27.0	25.62903372987607	24.174970736892	24.373887657237916	25.82210787599401	0.0
28.0	25.362760783036787	24.315000370917687	24.26687954497262	26.055096704478387	2.62596594516064E-4
29.0	25.138437642171436	24.71178382523146	24.259789436920688	25.889989095676412	0.0
30.0	25.428081685922656	24.338962310167283	24.296027766963903	25.936796938648904	1.31298297258032E-4
31.0	25.31083230647123	24.38104341443848	24.17037529648797	26.13774898260232	0.0
32.0	25.19417376935747	24.671540897121876	24.12947587689209	26.004809456628564	0.0
33.0	25.5759235686352	24.284736113399713	24.02831053885478	26.11083283166442	1.9694744588704804E-4
34.0	25.29645514292148	24.521335645058688	23.591481103877303	26.590202914953498	5.25193189032128E-4
35.0	25.168185187327563	24.90122777540871	23.49709501370099	26.432079550483806	0.0014124730789357217
36.0	25.661962475098615	24.404290977118812	23.399706973219185	26.53403957456339	0.0
37.0	25.51115977015794	24.47905726773378	23.209214399369287	26.79984922728986	7.193354491386678E-4
38.0	25.357037627931145	24.793169708424582	23.25398497401829	26.594533157697835	0.0012745319281493872
39.0	25.76303665636337	24.544061320721404	23.079784266319507	26.60684004146431	0.006277715131412196
40.0	25.580875634559625	24.540676137919203	22.990767342980508	26.88768088454066	0.0
41.0	25.42787115881718	25.020685550914294	22.953522547032986	26.597485715876672	4.3502735887059936E-4
42.0	25.820215017338178	24.54877933152971	22.974673465085687	26.612330864165713	0.04400132188071591
43.0	25.73440457825814	24.495238280622697	22.927885621408027	26.839065077642548	0.0034064420685862777
44.0	25.58476465459092	24.818000098711813	22.83019100735403	26.767044239343235	0.0
45.0	25.989779550831283	24.515257763819697	22.63450794500632	26.860237098750524	2.1764159217883177E-4
46.0	26.011450978032038	24.500162609906358	22.476508366019274	27.01187804604233	0.0
47.0	25.763651169640582	24.872219458284757	22.523037625026916	26.84022543829035	8.663087573914702E-4
48.0	26.201995244357658	24.444400164720573	22.523678582340363	26.828863295208492	0.0010627133729194066
49.0	25.9825283777945	24.487883461475732	22.41695542819209	27.112203524655133	4.2920788254583223E-4
50.0	25.81640806725079	24.952126007131252	22.382308801550515	26.848848010312036	3.0911375540755874E-4
51.0	26.30206722967157	24.437733250659747	22.576908999443457	26.6831233903302	1.6712989502571293E-4
52.0	25.928208623521265	24.51681670032303	22.517375021299582	27.037599654856127	0.0
53.0	25.99251623531892	24.86194855058178	22.496579212935945	26.64895600116336	0.0
54.0	26.343867981720802	24.38466587785717	22.506365525401478	26.764264421207546	8.361938130019775E-4
55.0	26.12223973351004	24.485332306535092	22.45733116034171	26.933977470136288	0.0011193294768701756
56.0	25.950374666936003	24.824209544147212	22.28138015948595	26.94355467059129	4.80958839542512E-4
57.0	26.159137338056944	24.50596053890512	22.26526337565618	27.06963874738176	0.0
58.0	26.15900018611783	24.50032917855367	22.004961290268817	27.335709345059684	0.0
59.0	24.703968770331816	24.338073550825666	24.653158595904205	26.304799082938313	0.0
60.0	20.4810005814905	22.5200474941938	28.91470196000599	28.084249964309716	0.0
61.0	15.391421765968868	25.00503220611916	24.214556494900698	35.38898953301127	0.0
