# Position (bp)	A	C	G	T	N
0.0	26.268183565566694	23.793937232922353	23.622617542022073	26.315261659488883	0.0
1.0	26.291026191020062	23.68278836028949	23.696716790443983	26.32946865824647	0.0
2.0	26.22424762392896	23.868511069761222	23.7114062552229	26.19583505108692	0.0
3.0	26.293696554413525	23.81939221748698	23.717723740285788	26.169187487813712	0.0
4.0	26.337558595218795	23.765357308978892	23.769813748673513	26.1272703471288	0.0
5.0	26.201424302261785	23.651661453880067	23.830186629829022	26.31672761402913	0.0
6.0	26.208963204741163	23.853420522018112	23.68381476489133	26.253801508349394	0.0
7.0	26.215579467985563	23.7056097669652	23.69168560352894	26.3871251615203	0.0
8.0	26.253484415161278	23.838551485801965	23.655036633351806	26.252927465684948	0.0
9.0	26.232279156026966	23.75365833962201	23.668169451785104	26.345893052565923	0.0
10.0	26.370600143123262	23.56354644962423	23.827795428409132	26.238057978843376	0.0
11.0	26.243070077492614	23.75038634927088	23.742589751372062	26.263953821864444	0.0
12.0	26.076835472292842	23.868449117452965	23.830023027808796	26.224692382445404	0.0
13.0	26.10885721366298	23.792989187789416	23.83809807563257	26.26005552291504	0.0
14.0	26.244183877192444	23.85146367203054	23.745652700546596	26.15869975023042	0.0
15.0	26.288735865185686	23.721706007000233	23.7799020413164	26.209656086497684	0.0
16.0	26.333009403253964	23.757069147469863	23.708618860527217	26.201302588748952	0.0
17.0	26.240007128318076	23.801342685538145	23.68857046593026	26.270079720213513	0.0
18.0	26.219680283796166	23.804962534562595	23.78073739109127	26.194619790549968	0.0
19.0	26.266181421264108	23.694139464429416	23.810253083136796	26.229426031169684	0.0
20.0	26.238820266642904	23.739739148836637	23.736954657340476	26.28448592717998	0.0
21.0	26.191483911208135	23.64478798881748	23.885924952385196	26.277803147589186	0.0
22.0	26.188977868861592	23.79013844491719	23.76925475869597	26.251628927525257	0.0
23.0	26.292839401668466	23.771760801042515	23.68794760700801	26.247452190281013	0.0
24.0	26.21014000423243	23.743637436931266	23.836917902052726	26.209304656783576	0.0
25.0	26.267500529053383	23.794593631311052	23.633371573683213	26.304534265952352	0.0
26.0	26.28587817292806	23.68182172571645	23.707995945780382	26.324304155575106	0.0
27.0	26.217101232972833	23.881469765991334	23.730271877749683	26.171157123286143	0.0
28.0	26.271120367998396	23.837196351202344	23.721361504961962	26.170321775837298	0.0
29.0	26.34017575710324	23.779278928082153	23.771760801042515	26.108784513772093	0.0
30.0	26.200878226172474	23.664770433237827	23.821536867956997	26.312814472632702	0.0
31.0	26.210345470897966	23.854950672870494	23.672845436091922	26.261858420139617	0.0
32.0	26.221483405869133	23.696791996279927	23.695956651157093	26.385767946693843	0.0
33.0	26.251834278665566	23.82710583544258	23.664770433237827	26.25628945265403	0.0
34.0	26.230950650594625	23.761670467486976	23.665048881612105	26.34233000030629	0.0
35.0	26.36933949261137	23.55645401564323	23.829611870811092	26.244594620934308	0.0
36.0	26.243759275811467	23.752481671135765	23.73688856217613	26.266870490876638	0.0
37.0	26.07808249311536	23.86330412409887	23.824321351699787	26.234292031085975	0.0
38.0	26.112888539900258	23.79369203052908	23.835180838296676	26.258238591273987	0.0
39.0	26.24682220792854	23.850217050507748	23.744128219907388	26.158832521656322	0.0
40.0	26.28385584170767	23.730762697941987	23.781997198809353	26.20338426154099	0.0
41.0	26.350405003160386	23.75025408414153	23.703196308888348	26.196144603809728	0.0
42.0	26.237076514828768	23.79731185939471	23.695956651157093	26.26965497461943	0.0
43.0	26.214522196512156	23.798704101266104	23.78979375328917	26.19697994893257	0.0
44.0	26.271882561613662	23.688438545051554	23.81012048461155	26.22955840872323	0.0
45.0	26.241458619902318	23.732924200994614	23.742669866957737	26.28294731214533	0.0
46.0	26.184655309717265	23.650225264107547	23.889690199201414	26.275429226973774	0.0
47.0	26.179086357738335	23.786386139992317	23.76383188447766	26.270695617791688	0.0
48.0	26.28740247372847	23.77441289323762	23.69421998474107	26.243964648292838	0.0
49.0	26.213892307606628	23.74461900015036	23.842911002578422	26.19857768966458	0.0
50.0	26.277099912567454	23.79056285397651	23.635189093764446	26.29714813969159	0.0
51.0	26.286288683332682	23.681132947590594	23.70730702189155	26.325271347185176	0.0
52.0	26.215562993200308	23.872983343264632	23.729582829807256	26.1818708337278	0.0
53.0	26.281276626551648	23.83956963139107	23.723456982630438	26.155696759426846	0.0
54.0	26.348104050298776	23.780817188013387	23.76327498927977	26.107803772408072	0.0
55.0	26.200175421498876	23.667701560694447	23.818619739095325	26.313503278711348	0.0
56.0	26.219388252328514	23.851198017458618	23.673548943990422	26.25586478622245	0.0
57.0	26.217717571386807	23.700001392234118	23.70250741364668	26.3797736227324	0.0
58.0	26.255307892575214	23.8244671223913	23.668258454341682	26.2519665306918	0.0
59.0	26.2363735085692	23.758196778370248	23.663803305163796	26.34162640789675	0.0
60.0	26.37420468626004	23.55548749077645	23.830592952510894	26.239714870452612	0.0
61.0	26.242220891865177	23.757639884723012	23.73369345789188	26.26644576551993	0.0
62.0	26.084619989697465	23.851198017458618	23.82474556921492	26.239436423628998	0.0
63.0	26.10578194829242	23.799128461442077	23.8431230595737	26.2519665306918	0.0
64.0	26.244726913277738	23.850919570635	23.748451139543626	26.155902376543636	0.0
65.0	26.287607724114885	23.726732287301434	23.78158631155415	26.204073677029527	0.0
66.0	26.353321174488702	23.752627841897894	23.698887604939646	26.195163378673758	0.0
67.0	26.244726913277738	23.78938282261545	23.697773817645178	26.268116446461637	0.0
68.0	26.21883135868128	23.801356036031017	23.78158631155415	26.198226293733555	0.0
69.0	26.26616731869631	23.69944449858688	23.804418951090817	26.229969231625986	0.0
70.0	26.235465116279073	23.737247170988148	23.74922035106478	26.278067361668	0.0
71.0	26.186458611779383	23.657611601176157	23.884545130535507	26.271384656508957	0.0
72.0	26.174763877751044	23.781520092666845	23.779292524280496	26.264423505301615	0.0
73.0	26.294217232469038	23.77344515726633	23.68824066648846	26.244096943776174	0.0
74.0	26.208734295642877	23.750612581306246	23.83498173393923	26.205671389111647	0.0
75.0	26.275004455136774	23.79043036621224	23.634222133119486	26.3003430455315	0.0
76.0	26.286142297068523	23.686291544150407	23.708567228013898	26.318998930767172	0.0
77.0	26.223770382250734	23.88008999376281	23.721097300187115	26.175042323799342	0.0
78.0	26.268878642074313	23.838044640470464	23.73669027889156	26.15638643856366	0.0
79.0	26.34043927648579	23.785975229439543	23.76982535863851	26.10376013543616	0.0
80.0	26.19362527392054	23.672303327142565	23.826283563097093	26.307787835839807	0.0
81.0	26.218406903215207	23.8474454038431	23.675923115691226	26.258224577250466	0.0
82.0	26.22453269922063	23.697641846983185	23.700704744985895	26.37712070881029	0.0
83.0	26.252377226518014	23.816537978543007	23.663671523680378	26.2674132712586	0.0
84.0	26.228987823588213	23.755001573215793	23.67258177241554	26.343428830780454	0.0
85.0	26.376285372991365	23.546167618485427	23.847166958570128	26.230380049953084	0.0
86.0	26.24903588324233	23.76084892394824	23.72687860064544	26.26323659216399	0.0
87.0	26.087537624917513	23.855241871486367	23.82266377454843	26.234556729047686	0.0
88.0	26.098396990563486	23.795933028342944	23.843547170021466	26.262122811072096	0.0
89.0	26.244023868328796	23.85301430930258	23.754723127942817	26.148238694425803	0.0
90.0	26.291638010007322	23.72576481955354	23.783681436332095	26.198915734107043	0.0
91.0	26.34315038550748	23.74887577721037	23.70822276735619	26.199751069925963	0.0
92.0	26.238454962869323	23.795654583069968	23.70460297880753	26.261287475253177	0.0
93.0	26.217014676850336	23.800945043256476	23.788693451245624	26.193346828647563	0.0
94.0	26.269083942896444	23.694857394253447	23.807070839261897	26.228987823588213	0.0
95.0	26.24005257032116	23.74129164833574	23.74574676029827	26.272909021044832	0.0
96.0	26.196615228686465	23.650518742099138	23.882463008648486	26.270403020565915	0.0
97.0	26.177959447343362	23.78250143398916	23.776097210543025	26.263441908124452	0.0
98.0	26.292678580378574	23.776097210543025	23.697575862203387	26.233648346875015	0.0
99.0	26.209145231081088	23.746025204795927	23.83457055505126	26.210259009071724	0.0
100.0	26.272909021044832	23.790854768918912	23.641051629178754	26.2951845808575	0.0
101.0	26.293513913871546	23.684210526315788	23.698132751198703	26.32414280861396	0.0
102.0	26.212765009550647	23.872995895728106	23.728761645941116	26.185477448780137	0.0
103.0	26.269289242575276	23.83039388758639	23.738785647856815	26.16153122198152	0.0
104.0	26.350595035891494	23.78277987848682	23.767186986617958	26.099438099003724	0.0
105.0	26.206566259860388	23.66075530644124	23.832833526851722	26.299844906846655	0.0
106.0	26.218260896198963	23.857893461862957	23.664653518554097	26.259192123383983	0.0
107.0	26.223551326923562	23.69834520895809	23.70809073924024	26.370012724878112	0.0
108.0	26.255572354993472	23.82058200306845	23.66827328694461	26.255572354993472	0.0
109.0	26.2291202013705	23.755426172039236	23.674955936280938	26.340497690309324	0.0
110.0	26.379201367715567	23.535177187662715	23.847312600413765	26.238308844207953	0.0
111.0	26.243320831210198	23.76183037765322	23.73454289286321	26.260305898273373	0.0
112.0	26.09017678391932	23.85956412419704	23.823644884014268	26.226614207869375	0.0
113.0	26.109110957038915	23.791345412222007	23.842857500856216	26.256686129882862	0.0
114.0	26.236081294429177	23.838123957576315	23.762387265097914	26.163407482896595	0.0
115.0	26.287593383063385	23.726468024915146	23.786054981497415	26.19988361052406	0.0
116.0	26.344117458699834	23.747351304091175	23.704749414572074	26.20378182263692	0.0
117.0	26.236081294429177	23.79106696849966	23.710318289019014	26.262533448052146	0.0
118.0	26.21742556503192	23.795522068057213	23.788839418720887	26.198212948189976	0.0
119.0	26.2717220908896	23.696952990346357	23.79691428666895	26.234410632095095	0.0
120.0	26.236989680846918	23.732102979913012	23.749088094270167	26.2818192449699	0.0
121.0	26.19299545021691	23.64884807511319	23.887753454103994	26.270403020565915	0.0
122.0	26.184920559784818	23.776654099538337	23.785564323463404	26.25286101721344	0.0
123.0	26.295463025355154	23.775818766045365	23.698689640194022	26.230028568405462	0.0
124.0	26.203019452132608	23.742962315321687	23.840417889502085	26.21360034304362	0.0
125.0	26.269567687072936	23.78807032394233	23.640494740183442	26.301867248801297	0.0
126.0	26.289058801909015	23.68560274880408	23.705372308137818	26.319966141149088	0.0
127.0	26.224738122949955	23.870211450751523	23.732381424410672	26.172669001887854	0.0
128.0	26.273744354537808	23.82816633160512	23.74184853733105	26.156240776526012	0.0
129.0	26.35170881388213	23.77971698901258	23.773869654561754	26.094704542543536	0.0
130.0	26.198915734107043	23.659773289858745	23.834636921286307	26.30667405474791	0.0
131.0	26.22954471413416	23.841876498383623	23.674252444053383	26.25432634342883	0.0
132.0	26.23177227631795	23.70321075244266	23.704324533534557	26.36069243770483	0.0
133.0	26.25432634342883	23.826005117824117	23.659216399312797	26.260452139434253	0.0
134.0	26.234629778134188	23.75339704178918	23.67292613383231	26.339047046244318	0.0
135.0	26.378029493005435	23.51950236122249	23.855029849416375	26.247438296355696	0.0
136.0	26.239084914906886	23.757295286465293	23.740310077519382	26.263309721108435	0.0
137.0	26.087053372538538	23.84417045353292	23.82802058273189	26.240755591196653	0.0
138.0	26.10765838011227	23.78430455314978	23.85447295731979	26.25356410941816	0.0
139.0	26.236857346520537	23.832197273456295	23.76369954557605	26.167245834447115	0.0
140.0	26.29198966408269	23.714971487124657	23.792657934598594	26.200380914194067	0.0
141.0	26.336687698741972	23.74489744774931	23.715103554662047	26.20331129884667	0.0
142.0	26.24758446707914	23.785550797195476	23.702851860308407	26.264012875416974	0.0
143.0	26.213892307606628	23.79279043476808	23.80504212912172	26.18827512850357	0.0
144.0	26.270695617791688	23.701738069912622	23.800865415137526	26.22670089715816	0.0
145.0	26.249328243297054	23.72602907557924	23.74691270365018	26.277729977473523	0.0
146.0	26.188069600955632	23.648063530781073	23.895047238766693	26.268819629496594	0.0
147.0	26.18444977209001	23.76306270935837	23.79369203052908	26.25879548802254	0.0
148.0	26.289981705941813	23.768074780095397	23.710714414993888	26.231229098968907	0.0
149.0	26.208396332278017	23.744406668281666	23.838243770413747	26.208953229026573	0.0
150.0	26.27251261374648	23.777051334885225	23.639219005825158	26.311217045543145	0.0
151.0	26.289219562723453	23.68488466636223	23.70270541193767	26.323190358976646	0.0
152.0	26.221556419366692	23.866990410211287	23.738068453938943	26.173384716483078	0.0
153.0	26.27585400354187	23.819654054776517	23.752826258868605	26.151665682813004	0.0
154.0	26.347136985843644	23.77287459764098	23.78568325852333	26.094305157992046	0.0
155.0	26.20158103867391	23.66490222230885	23.834756676533075	26.29876006248416	0.0
156.0	26.220794083495996	23.85007142240575	23.6738126199075	26.255321874190756	0.0
157.0	26.22775533161994	23.693025664729582	23.72031375737544	26.35890524627504	0.0
158.0	26.24501922696732	23.83419977668316	23.66295307283415	26.257827923515375	0.0
159.0	26.23256202489349	23.754072341491938	23.670537131400884	26.342828502213685	0.0
160.0	26.376521036950408	23.510984880126973	23.864617269512433	26.247876813410187	0.0
161.0	26.248712165511094	23.758249101996494	23.743212764180104	26.24982596831231	0.0
162.0	26.094728928243256	23.838442903683905	23.823406565867515	26.24342160220533	0.0
163.0	26.11310667446329	23.775234594715005	23.855149945702113	26.256508785119593	0.0
164.0	26.233397376994404	23.826747974271157	23.774956144014702	26.16489850471974	0.0
165.0	26.298554840865425	23.714810792749144	23.789435580430485	26.197198785954946	0.0
166.0	26.339912231850484	23.735826780423693	23.71633512285313	26.207925864872696	0.0
167.0	26.248579893519857	23.778429974827915	23.71132298233499	26.261667149317237	0.0
168.0	26.218785502662	23.80014925040654	23.79597246664142	26.185092780290038	0.0
169.0	26.28422178164888	23.700741796796684	23.797643180147467	26.21739324140696	0.0
170.0	26.24781762440585	23.726703923681594	23.751207790001867	26.274270661910688	0.0
171.0	26.185722599526073	23.647623264193445	23.905749219635393	26.26090491664509	0.0
172.0	26.18098889807784	23.7651304413202	23.79241883790414	26.261461822697818	0.0
173.0	26.283181158754427	23.765965800399304	23.70916138302049	26.241691657825783	0.0
174.0	26.21217563703091	23.738677403815363	23.83892049330738	26.210226465846343	0.0
175.0	26.28186207626293	23.77744858350551	23.635158690821605	26.30553064940996	0.0
176.0	26.28325434527158	23.683331198520854	23.705607502659234	26.32780695354834	0.0
177.0	26.23146193814984	23.865996892455573	23.740414227875455	26.16212694151913	0.0
178.0	26.273230008409303	23.82395036839438	23.75405846416021	26.148761159036106	0.0
179.0	26.35064016529018	23.773828684083025	23.775499406893402	26.1000317437334	0.0
180.0	26.198677340758792	23.656387051862165	23.841280891054648	26.3036547163244	0.0
181.0	26.22262443438914	23.846571528019492	23.67782805429864	26.252975983292725	0.0
182.0	26.22401670727463	23.69620605638705	23.727671423599027	26.352105812739296	0.0
183.0	26.248242255482072	23.829864253393666	23.662234597981204	26.259658893143055	0.0
184.0	26.235227943551532	23.760038315456498	23.671489513371426	26.333244227620543	0.0
185.0	26.37724017331061	23.512213051759282	23.8652944386897	26.24525233624041	0.0
186.0	26.243581604125595	23.758367583341684	23.73887570866887	26.259175103863846	0.0
187.0	26.08848197280048	23.84246109978726	23.820184671589757	26.2488722558225	0.0
188.0	26.11660596339983	23.782314743654005	23.850257849656387	26.250821443289784	0.0
189.0	26.248593800470033	23.815729385950256	23.774796449137344	26.160880364442363	0.0
190.0	26.298158853209475	23.70713179848743	23.792617591695347	26.20209175660775	0.0
191.0	26.330049398254634	23.739843284454864	23.720072844325884	26.210034472964622	0.0
192.0	26.24512004277098	23.77075200071285	23.725641982390385	26.258485974125783	0.0
193.0	26.218109723158143	23.797205406519232	23.796926949616008	26.187757920706613	0.0
194.0	26.283547095416044	23.700580861100125	23.792750096067632	26.2231219474162	0.0
195.0	26.249369989502146	23.724594217547846	23.75243998540882	26.273595807541188	0.0
196.0	26.192564623065763	23.649689102001833	23.90364250489389	26.254103770038512	0.0
197.0	26.18727392717218	23.765805953982085	23.792537891128617	26.254382227717123	0.0
198.0	26.29364476040109	23.76023680040989	23.705380637723774	26.240737801465247	0.0
199.0	26.21539815271176	23.736846355406673	23.84098952720671	26.20676596467486	0.0
200.0	26.280630429939855	23.778681220761865	23.63109824014257	26.30959010915571	0.0
201.0	26.288148808197814	23.687068389396302	23.700712853642237	26.324069948763647	0.0
202.0	26.23329249276008	23.851080418801516	23.73496324348407	26.18066384495433	0.0
203.0	26.273112051681892	23.822120739585653	23.750278458453998	26.15448875027846	0.0
204.0	26.348295834261528	23.769213633325908	23.775061260859882	26.107429271552686	0.0
205.0	26.199393515798384	23.66207301757913	23.833046984425778	26.30548648219671	0.0
206.0	26.221391794920347	23.851982212024424	23.677109815966297	26.249516177088932	0.0
207.0	26.221816288284877	23.70174622755258	23.72541539386885	26.35102209029369	0.0
208.0	26.248270062403062	23.82816742175948	23.662483257545592	26.261079258291865	0.0
209.0	26.231078537297144	23.75973223136814	23.669510687354503	26.339678543980217	0.0
210.0	26.38673854687622	23.511622985330646	23.867218391828825	26.23442007596431	0.0
211.0	26.257253923523315	23.74775838447744	23.736341460697936	26.25864623130131	0.0
212.0	26.093240067276312	23.833524543601513	23.82405685071119	26.249178538410987	0.0
213.0	26.12749083861482	23.775883001592803	23.845776852047806	26.250849307744573	0.0
214.0	26.243887768854634	23.821272235155213	23.776718386259592	26.15812160973056	0.0
215.0	26.30152931086334	23.70682453580459	23.804007618708162	26.187638534623908	0.0
216.0	26.34344525693791	23.731182855583462	23.72087972064581	26.204492166832814	0.0
217.0	26.240135444454964	23.772395395334073	23.725613593455	26.26185556675596	0.0
218.0	26.224819973601697	23.796621685592875	23.799406316657105	26.179152024148323	0.0
219.0	26.28190491041842	23.710298122601735	23.79133088657084	26.216466080409006	0.0
220.0	26.25455639064245	23.725811796352662	23.75505066678548	26.264581146219413	0.0
221.0	26.199698700401825	23.657309299910057	23.892334125103382	26.25065787458474	0.0
222.0	26.18159844727675	23.762012302602816	23.792086569333716	26.26430268078672	0.0
223.0	26.297996998142636	23.764518491497057	23.703813027169872	26.233671483190435	0.0
224.0	26.216685091796133	23.73611501736232	23.843602674382016	26.203597216459535	0.0
225.0	26.293057837431427	23.76959705939684	23.633427083623403	26.303918019548327	0.0
226.0	26.289437776725794	23.687171061791652	23.70972682464983	26.313664336832726	0.0
227.0	26.230959873019412	23.854250786667038	23.74035810754365	26.1744312327699	0.0
228.0	26.27551446631951	23.826125699646347	23.745092033081786	26.153267800952356	0.0
229.0	26.349308011472804	23.77043245802122	23.773774052518725	26.106485477987246	0.0
230.0	26.191769072899874	23.65577025359988	23.8473555382906	26.305105135209644	0.0
231.0	26.217666502371145	23.84707707130704	23.681389216087595	26.253867210234215	0.0
232.0	26.229362115680754	23.699489570019132	23.717589923950666	26.353558390349445	0.0
233.0	26.243285464858857	23.819508839934393	23.66718739992593	26.270018295280824	0.0
234.0	26.241966205152767	23.745502745692104	23.668088708689307	26.344442340465825	0.0
235.0	26.388440246388274	23.50769127950366	23.862180736714304	26.241687737393764	0.0
236.0	26.261180480523965	23.74717355224612	23.72963008342894	26.26201588380097	0.0
237.0	26.07906256613609	23.829321541151966	23.832384686500994	26.25923120621094	0.0
238.0	26.125288214130567	23.77808347349544	23.855497510498235	26.241130801875755	0.0
239.0	26.24308007618878	23.81901823406886	23.77641266694142	26.16148902280094	0.0
240.0	26.296032258783164	23.710372713703297	23.808396640452692	26.185198387060844	0.0
241.0	26.337468042798978	23.731041512334507	23.729649041701713	26.201841403164806	0.0
242.0	26.24447873092969	23.773902290943727	23.715417221346495	26.266201756780088	0.0
243.0	26.208665573049107	23.80010750502015	23.810969411201132	26.180257510729614	0.0
244.0	26.28787878787879	23.71991978609626	23.783422459893046	26.208778966131906	0.0
245.0	26.268717411649362	23.72153393644993	23.74047417442845	26.26927447747226	0.0
246.0	26.190137961577992	23.64872581215722	23.88465041655873	26.276485809706056	0.0
247.0	26.195788728902556	23.74891709773837	23.78011582527598	26.275178348083088	0.0
248.0	26.31106827166031	23.75593027693662	23.70272145040018	26.230280001002885	0.0
249.0	26.21816854755809	23.72486147520204	23.844373065597654	26.212596911642212	0.0
