# Position (bp)	A	C	G	T	N
0.0	24.328152013873858	25.183510631191062	27.26645984143399	23.22187751350109	0.0
1.0	25.38579319080029	24.383599346923944	23.6510265105056	26.551523265166516	0.028057686603657116
2.0	25.21918397558714	21.767019659085747	21.35884712301826	31.653880378057288	0.0010688642515678903
3.0	27.929823717563313	21.724131480991584	23.70072869820351	26.643712806864244	0.0016032963773518355
4.0	28.838587016790502	21.75710359552093	22.214309668265063	27.184655405306103	0.005344314117406565
5.0	28.053908096502276	22.0662721672129	22.322799244848415	27.556486060024664	5.344314117406565E-4
6.0	27.604050455669583	22.246509160822438	22.92443540661546	27.22500497689252	0.0
7.0	26.289750006346374	23.65513675431787	22.626757110275914	27.421675736413082	0.006680392646758206
8.0	25.724321572724758	23.76295829163655	23.274888804864393	27.23769772292136	1.3360785293516412E-4
9.0	25.57067254184932	24.275344407642905	23.81386288360485	26.34012016690293	0.0
10.0	25.579757875848912	24.536280544425278	23.620532320407666	26.263429259318144	0.0
11.0	25.848176052395655	24.0538225874764	23.4990827820896	26.598784970185406	1.3360785293516412E-4
12.0	26.062215832797786	23.90271210580673	23.59247467129128	26.442463782251263	1.3360785293516412E-4
13.0	26.43979162519256	23.73917609381409	23.228794095601764	26.592238185391587	0.0
14.0	26.52556786677694	23.409966344181846	23.22224731080794	26.84208487038034	1.3360785293516412E-4
15.0	26.412001191782046	23.543440589264076	23.766164880106995	26.27799251528808	4.0082355880549235E-4
16.0	26.33664636272662	23.75828201678382	23.846730415426897	26.058341205062668	0.0
17.0	25.86287291621852	23.998909759920046	23.998776152067116	26.139307563941376	1.3360785293516412E-4
18.0	25.4132824910917	24.369938767521	24.450771518546773	25.76480475216411	0.001202470676416477
19.0	25.466725632265764	24.651717729361263	24.11434694485603	25.76680886995814	4.0082355880549235E-4
20.0	25.78698365575135	24.305940605965056	23.840050022780137	26.066892107650517	1.3360785293516412E-4
21.0	25.805955970868144	24.00104748556701	23.95989626686298	26.233100276701865	0.0
22.0	26.29455988905204	23.73476703466723	23.54330698141114	26.427232487016656	1.3360785293516412E-4
23.0	26.442864605810072	23.378568498742084	23.396204735329523	26.78236216011832	0.0
24.0	26.170304585822336	23.564016198616088	23.799566843340784	26.465711548661986	4.0082355880549235E-4
25.0	26.100561286590178	23.81533256998713	24.058231646623263	26.024939241828875	9.352549705461488E-4
26.0	26.32515608737419	23.694551070933745	24.174470478676856	25.805688755162276	1.3360785293516412E-4
27.0	26.207180353232438	23.744787623637368	24.594667176157948	25.453364846972242	0.0
28.0	26.29856812464009	23.8809340257783	24.13839635838436	25.682101491197244	0.0
29.0	26.32488887166832	23.661416323405824	23.774047743430167	26.239379845789816	2.6721570587032823E-4
30.0	26.35388177575525	23.76322550734242	23.517119842235847	26.36523844325474	5.344314117406565E-4
31.0	26.588363557656464	23.55105623688138	23.060982632315195	26.799463965294024	1.3360785293516412E-4
32.0	27.22366889836317	22.76276990456391	22.773458532798724	27.23970184071539	4.0082355880549235E-4
33.0	26.745620000561154	22.887292423499485	23.155042560781553	27.2112433680402	8.016471176109847E-4
34.0	26.17043819367527	23.719134915873816	22.806058848914905	27.303967217977203	4.0082355880549235E-4
35.0	26.07511469960041	23.72393535520412	22.994363581486898	27.205142239057505	0.0014441246510633811
36.0	26.059886922405322	23.980318792919405	23.383738081317432	26.574802223932508	0.001253979425332579
37.0	26.111169001549378	24.115258533952172	23.30572244135177	26.465629307973902	0.0022207151727801815
38.0	26.153349902764905	23.759110545952204	23.32355699579922	26.762863839173345	0.0011187163103244463
39.0	25.983402286868422	23.99236896113627	23.326994494576017	26.69662344854546	6.108088738313191E-4
40.0	26.361688664897926	23.93970005439428	22.859585049343384	26.83858219641886	4.4403494555021484E-4
41.0	26.53186007955957	23.714890593506663	22.593999680988354	27.159249645945412	0.0
42.0	26.439458865468236	23.51295789014317	22.836276834583817	27.210780628098824	5.257817059513231E-4
43.0	26.50299544555471	23.482469090763995	22.549919342427025	27.464331112162476	2.850090917900281E-4
44.0	26.529879837142822	23.429900874924204	22.47113492642964	27.56877498236539	3.0937913794597E-4
45.0	26.463453966376843	23.52377944713961	22.92643758483061	27.08498515044414	0.0013438512087941624
46.0	26.622527681205995	23.44393642817494	22.919527301411083	27.01327821437962	7.303748283619153E-4
47.0	26.580838632955896	23.390724367923067	22.79493940731726	27.23349759180378	0.0
48.0	26.41159440389716	23.638680373766967	22.97817381204168	26.97111800703847	4.3340325572525695E-4
49.0	26.303614002785448	23.76318957580908	22.710384061563158	27.222340249746242	4.7211009607440454E-4
50.0	26.58048412197039	23.380738868943983	22.600576262307207	27.438200746778424	0.0
51.0	26.635334044085223	23.386155967245873	22.574000993564162	27.40450899510474	0.0
52.0	26.750396823001854	23.443035529992574	22.373574907508555	27.43178567333168	0.0012070661653318525
53.0	26.61157240416664	23.128501823067843	22.44949873787611	27.809774774480967	6.522604084454678E-4
54.0	26.735693750307526	23.16624842720876	22.637649986292992	27.459704912732054	7.029234586645861E-4
55.0	26.86041224613519	23.288117611397393	22.322673537435588	27.52879660503183	0.0
56.0	26.707785311657545	23.186831141246632	22.76284617269831	27.34253737439752	0.0
57.0	26.792748808065497	23.206810550713396	22.941544535608216	27.058896105612888	0.0
58.0	26.808146174343356	23.232775028549675	22.699847735059002	27.25827940616673	9.51655881233346E-4
59.0	26.63834951456311	23.230006582195163	22.70754484120454	27.423070594043114	0.0010284679940760243
60.0	26.787291353881482	23.35732579705025	22.5978097677294	27.25646913362183	0.001103947717036121
61.0	27.04154855238344	23.391965461209093	21.96510538363915	27.601380602768323	0.0
62.0	27.12493957819218	23.04805759788333	22.02152288396469	27.805479939959802	0.0
63.0	27.246376811594203	22.83187044975165	22.08205756276791	27.839695175886238	0.0
64.0	26.87072359341633	23.026860554643577	22.387669421967836	27.714746429972255	0.0
65.0	27.039565554693564	22.86578743211792	22.508921644685802	27.585725368502718	0.0
66.0	26.885986024200374	23.01193420419274	22.96047935996813	27.141600411638755	0.0
67.0	27.256925969280978	23.104891632081163	22.571033308502713	27.06714909013515	0.0
68.0	26.835874609338006	22.92830760488683	22.629036840609906	27.60678094516526	0.0
69.0	27.019706922688226	23.120768064679133	22.520464881253158	27.339060131379483	0.0
70.0	26.89729496713008	23.21370837374717	22.17049250996875	27.718504149154004	0.0
71.0	27.09157846295444	23.07869305108145	22.13989875747814	27.689829728485964	0.0
72.0	27.022859660286848	22.84987028244163	22.30407753683489	27.823192520436635	0.0
73.0	27.58997295610568	22.329415435822757	21.98616600790514	28.091845225712504	0.0026003744539213644
74.0	27.177152317880793	22.660044150110377	22.210264900662253	27.95253863134658	0.0
75.0	27.234677749809755	22.785810454838142	22.428730316689105	27.550781478663	0.0
76.0	27.249285447993042	22.713433577730832	22.30644960854977	27.730831365726356	0.0
77.0	27.16597592263667	22.699164528649433	22.44260246036445	27.692257088349454	0.0
78.0	27.13662537079044	23.039609143255976	22.5056709125807	27.318094573372885	0.0
79.0	27.130865658395887	23.28883629774803	21.965018673963687	27.61527936989239	0.0
80.0	27.303044569993723	23.13637790332706	22.18298807281858	27.37758945386064	0.0
81.0	26.79290727129272	23.159337236825714	22.49906565341971	27.54868983846186	0.0
82.0	27.272328863178192	22.74520115698133	22.096590411078974	27.88149706372162	0.004382505039880796
83.0	27.245328511151296	22.25622478787036	22.641072008160616	27.857374692817732	0.0
84.0	27.2447484123107	22.32046897899365	22.57449926722032	27.860283341475327	0.0
85.0	27.52967778405879	22.678452130119737	21.50675779844802	28.285112287373455	0.0
86.0	27.461055819991348	22.10082215491129	22.365858935525747	28.072263089571614	0.0
87.0	26.995438996579246	23.329532497149373	22.206385404789053	27.468643101482325	0.0
88.0	27.206015037593982	23.392481203007517	21.88270676691729	27.518796992481203	0.0
89.0	26.576090406958286	22.912830931369438	22.614437178591835	27.896641483080437	0.0
90.0	27.315373274360006	22.832060045570298	22.396461600321675	27.45610507974802	0.0
91.0	27.486910994764397	23.135701146172348	22.215933210697607	27.16145464836564	0.0
92.0	27.525665823538166	22.638000297574763	21.90894212170808	27.92739175717899	0.0
93.0	26.52262408016283	22.365742915296696	22.75716298731799	28.354470017222482	0.0
94.0	28.28341013824885	22.926267281105993	21.765964450296245	27.024358130348915	0.0
95.0	27.369422345209273	22.007955724662747	22.16361120719474	28.459010722933243	0.0
96.0	26.820410386780463	22.87997094606864	22.18994007626657	28.10967859088433	0.0
97.0	26.91645956796024	23.035748422863698	22.337985088893138	27.70980692028293	0.0
98.0	27.192537767413565	23.157254385075536	21.971002737503802	27.6792051100071	0.0
99.0	24.95257225756054	23.100100435219282	23.178216716884275	28.7691105903359	0.0
100.0	22.277946416787646	25.366239936650388	21.274910914610004	31.08090273195196	0.0
