# Position (bp)	A	C	G	T	N
0.0	26.312171566538844	23.75173980968612	23.70146286038915	26.234625763385882	0.0
1.0	26.187757420820905	23.831273966766084	23.76509018605312	26.21587842635989	0.0
2.0	26.315819372724125	23.703495407058984	23.73814839431691	26.242536825899982	0.0
3.0	26.263214401354247	23.809212731269774	23.846988451422696	26.080584415953282	0.0
4.0	26.233456404430562	23.770803748934963	23.740698665151946	26.255041181482536	0.0
5.0	26.301201021251458	23.771360087698124	23.714276788681037	26.21316210236938	0.0
6.0	26.275299389719226	23.81174158627564	23.764600307270264	26.148358716734872	0.0
7.0	26.241583866012025	23.776448171381027	23.749755076657454	26.23221288594949	0.0
8.0	26.14910624281232	23.719847230701518	23.83485014126901	26.296196385217158	0.0
9.0	26.226915476001185	23.732480748699544	23.760874997160574	26.2797287781387	0.0
10.0	26.252069154478885	23.743245967455714	23.798044844220705	26.206640033844696	0.0
11.0	26.099029804342454	23.84830080892228	23.80060023225638	26.252069154478885	0.0
12.0	26.26257463862554	23.73359227932095	23.70434728291269	26.29948579914082	0.0
13.0	26.215157993963604	23.760281887693534	23.834104208724092	26.190455909618766	0.0
14.0	26.24156367033223	23.64756088211995	23.784132176026485	26.326743271521337	0.0
15.0	26.320496767434136	23.6268338458306	23.798044844220705	26.25462454251456	0.0
16.0	26.24071187432034	23.812525376422855	23.660337822298317	26.28642492695849	0.0
17.0	26.08994398021562	23.869311777215593	23.80287168828809	26.2378725542807	0.0
18.0	26.292103567037767	23.800884164260346	23.704631214916652	26.20238105378524	0.0
19.0	26.2699568707286	23.717976019102945	23.669991510433082	26.342075599735377	0.0
20.0	26.368197344100036	23.65835029827057	23.7066187389444	26.266833618685	0.0
21.0	26.217997314003245	23.72053140713862	23.774762419895684	26.286708858962456	0.0
22.0	26.24468692237583	23.796341252196925	23.882372649397922	26.076599176029326	0.0
23.0	26.26825327870482	23.688731022694682	23.81479683245456	26.228218866145937	0.0
24.0	26.272228326760306	23.763405139737138	23.636771465969332	26.327595067533228	0.0
25.0	26.310843079299367	23.756306839638043	23.69696505080963	26.235885030252952	0.0
26.0	26.194147025670294	23.828993432652748	23.763121207733175	26.213738333943787	0.0
27.0	26.318225311402426	23.692706070750177	23.737851259380406	26.251217358466995	0.0
28.0	26.258031726562127	23.802587756284126	23.852559788981733	26.086820728172018	0.0
29.0	26.232193914201428	23.76539266376488	23.740974511424003	26.261438910609687	0.0
30.0	26.303460847196312	23.771923099856046	23.710877719003854	26.213738333943787	0.0
31.0	26.278190898843544	23.815364696462492	23.75147999557066	26.154964409123306	0.0
32.0	26.234465370233135	23.78157678799081	23.742678103447787	26.241279738328267	0.0
33.0	26.150421497059885	23.731036891285274	23.826154112613114	26.29238749904173	0.0
34.0	26.230206390173684	23.727061843229784	23.76397300374506	26.278758762851474	0.0
35.0	26.245822650391688	23.75204785957859	23.79690911620485	26.20522037382488	0.0
36.0	26.09306723225922	23.846029352890568	23.800884164260346	26.260019250589867	0.0
37.0	26.26115497860572	23.738703055392293	23.699520438845305	26.300621527156675	0.0
38.0	26.212886537931894	23.76397300374506	23.82842556864482	26.194714889678224	0.0
39.0	26.244119058367904	23.649548406147698	23.782712516006665	26.323620019477733	0.0
40.0	26.328162931541154	23.624846321802856	23.78526790404234	26.26172284261365	0.0
41.0	26.239576146304483	23.815364696462492	23.65835029827057	26.286708858962456	0.0
42.0	26.086252864164088	23.87612614531072	23.794637660173144	26.24298333035205	0.0
43.0	26.289548179002093	23.807130668347547	23.701224030869085	26.202097121781275	0.0
44.0	26.268821142712746	23.71400097104745	23.670275442437045	26.346902443802755	0.0
45.0	26.35769185995338	23.669139714421192	23.712013447019707	26.26115497860572	0.0
46.0	26.223675954082516	23.72138320315051	23.767096255788665	26.28784458697831	0.0
47.0	26.24241546634412	23.79832877622467	23.883508377413776	26.075747380017432	0.0
48.0	26.262006774617614	23.688163158686756	23.81820401650213	26.2316260501935	0.0
49.0	26.26569789066914	23.76965164382434	23.64358583406446	26.321064631442066	0.0
50.0	26.30544837122406	23.765108731760918	23.69299000275414	26.236452894260882	0.0
51.0	26.186764793567235	23.831548820688422	23.77220703186001	26.20947935388433	0.0
52.0	26.31850924340639	23.69469359477792	23.743529899459677	26.243267262356014	0.0
53.0	26.256328134538343	23.809402124379254	23.848584740926242	26.08568500015616	0.0
54.0	26.235317166245025	23.76624445977677	23.74381383146364	26.25462454251456	0.0
55.0	26.297782207117038	23.77135523584812	23.715704563071235	26.215157993963604	0.0
56.0	26.27251225876427	23.826154112613114	23.742394171443824	26.158939457178793	0.0
57.0	26.231909982197465	23.78299644801063	23.74977640354688	26.235317166245025	0.0
58.0	26.146730381008354	23.738703055392293	23.829561296660675	26.285005266938672	0.0
59.0	26.22793493414197	23.73841912338833	23.761133683705427	26.27251225876427	0.0
60.0	26.245822650391688	23.740122715412113	23.80599494033169	26.208059693864517	0.0
61.0	26.080290292080853	23.849152604934172	23.807130668347547	26.26342643463743	0.0
62.0	26.260587114597794	23.736431599360586	23.701791894877015	26.301189391164602	0.0
63.0	26.21260260592793	23.75914615967768	23.83069702467653	26.197554209717854	0.0
64.0	26.24156367033223	23.649264474143735	23.783848244022522	26.325323611501517	0.0
65.0	26.311978807315224	23.627401709838527	23.786971496066123	26.273647986780123	0.0
66.0	26.24156367033223	23.811389648407	23.66147355031417	26.2855731309466	0.0
67.0	26.083129612120487	23.87527434929883	23.799464504240525	26.242131534340157	0.0
68.0	26.283869538922815	23.811957512414928	23.704063350908726	26.200109597753528	0.0
69.0	26.26569789066914	23.71059378699989	23.673114762476683	26.350593559854286	0.0
70.0	26.351445355866176	23.66317714233795	23.711729515015744	26.273647986780123	0.0
71.0	26.222824158070623	23.715704563071235	23.7668123237847	26.29465895507344	0.0
72.0	26.24468692237583	23.797476980212778	23.88606376544945	26.071772331961938	0.0
73.0	26.260871046601757	23.691570342734323	23.81820401650213	26.22935459416179	0.0
74.0	26.267969346700852	23.76226941172128	23.640746514024823	26.329014727553044	0.0
75.0	26.30317691519235	23.770219507832262	23.684472042635228	26.242131534340157	0.0
76.0	26.185345133547415	23.83211668469635	23.765108731760918	26.217429449995315	0.0
77.0	26.309707351283514	23.69753291481756	23.741826307435897	26.25093342646303	0.0
78.0	26.257463862554197	23.806278872335653	23.85057226495399	26.08568500015616	0.0
79.0	26.231058186185574	23.77447848789172	23.74381383146364	26.250649494459065	0.0
80.0	26.302892983188386	23.76539266376488	23.71144558301178	26.220268770034956	0.0
81.0	26.265130026661215	23.830129160668605	23.753467519598406	26.151273293071775	0.0
82.0	26.22793493414197	23.7824285840027	23.754603247614263	26.23503323424106	0.0
83.0	26.139064216901335	23.74438169547157	23.829845228664638	26.286708858962456	0.0
84.0	26.219984838030992	23.745801355491388	23.754035383606332	26.28017842287129	0.0
85.0	26.246106582395644	23.736431599360586	23.807982464359434	26.20947935388433	0.0
86.0	26.077450972041216	23.851707992969843	23.808834260371327	26.262006774617614	0.0
87.0	26.254340610510596	23.742394171443824	23.696681118805667	26.306584099239917	0.0
88.0	26.217713381999282	23.75659077164201	23.830980956680495	26.194714889678224	0.0
89.0	26.23929221430052	23.656078842238863	23.782712516006665	26.32191642745395	0.0
90.0	26.316521719378645	23.627969573846457	23.78441610803045	26.27109259874445	0.0
91.0	26.23702075826881	23.812809308426818	23.661189618310207	26.288980314994166	0.0
92.0	26.08653679616805	23.876410077314684	23.80230382428016	26.2347493022371	0.0
93.0	26.291819635033804	23.798044844220705	23.708890194976107	26.201245325769385	0.0
94.0	26.26910507471671	23.707186602952323	23.673966558488573	26.349741763842395	0.0
95.0	26.359963315985084	23.659486026286423	23.70917412698007	26.271376530748412	0.0
96.0	26.220836634042875	23.725642183209967	23.76738018779263	26.286140994954525	0.0
97.0	26.24525478638376	23.799180572236562	23.879533329358285	26.076031312021396	0.0
98.0	26.261438910609687	23.685607770651085	23.81905581251402	26.233897506225208	0.0
99.0	26.26257463862554	23.768799847812446	23.640746514024823	26.32787899953719	0.0
100.0	26.306584099239917	23.769367711820376	23.683336314619375	26.24071187432034	0.0
101.0	26.191875569638583	23.830129160668605	23.76283727572921	26.215157993963604	0.0
102.0	26.309991283287477	23.695829322793777	23.74296203545175	26.251217358466995	0.0
103.0	26.260587114597794	23.80145202826827	23.84546148888264	26.092499368251293	0.0
104.0	26.232193914201428	23.772774895867936	23.75204785957859	26.24298333035205	0.0
105.0	26.300621527156675	23.7793053319591	23.70917412698007	26.21089901390415	0.0
106.0	26.279894490867328	23.826721976621037	23.73756732737644	26.155816205135196	0.0
107.0	26.239576146304483	23.779021399955138	23.751196063566695	26.230206390173684	0.0
108.0	26.148150041028174	23.739554851404186	23.83126488868446	26.281030218883185	0.0
109.0	26.23702075826881	23.72904936725753	23.75517111162219	26.278758762851474	0.0
110.0	26.244402990371867	23.732172619301128	23.8051431443198	26.21828124600721	0.0
111.0	26.080574224084817	23.856250905033264	23.806562804339617	26.256612066542306	0.0
112.0	26.260871046601757	23.73245655130509	23.704915146920616	26.301757255172532	0.0
113.0	26.215157993963604	23.759714023685607	23.832400616700316	26.192727365650477	0.0
114.0	26.241847602336193	23.657782434262643	23.77987319596703	26.320496767434136	0.0
115.0	26.32560754350548	23.624562389798893	23.77589814791154	26.273931918784086	0.0
116.0	26.240427942316373	23.808834260371327	23.66147355031417	26.28926424699813	0.0
117.0	26.083697476128414	23.876410077314684	23.80372348429998	26.23616896225692	0.0
118.0	26.292955363049657	23.790094748109723	23.704915146920616	26.212034741920004	0.0
119.0	26.275351578803907	23.709458058984033	23.667152190393445	26.34803817181861	0.0
120.0	26.357975791957344	23.664312870353807	23.709458058984033	26.26825327870482	0.0
121.0	26.219984838030992	23.723086795174293	23.767664119796592	26.28926424699813	0.0
122.0	26.24525478638376	23.803439552296016	23.87442255328694	26.07688310803329	0.0
123.0	26.262006774617614	23.68305238261541	23.81678435648231	26.238156486284662	0.0
124.0	26.263710366641398	23.763121207733175	23.645573358092204	26.327595067533228	0.0
125.0	26.312830603327114	23.771071303844156	23.67907733455992	26.23702075826881	0.0
126.0	26.183925473527598	23.837227460767696	23.76226941172128	26.216577653983425	0.0
127.0	26.31027521529144	23.68986675071054	23.752615723586516	26.2472423104115	0.0
128.0	26.262858570629504	23.80996998838718	23.84744901291039	26.079722428072927	0.0
129.0	26.23247784620539	23.78072499197892	23.744097763467607	26.242699398348083	0.0
130.0	26.29011604301002	23.781008923982885	23.71002592299196	26.218849110015135	0.0
131.0	26.275067646799943	23.823882656581404	23.736999463368512	26.16405023325014	0.0
132.0	26.225379546106296	23.78186071999478	23.750628199558772	26.242131534340157	0.0
133.0	26.14424922486343	23.733375733966312	23.834171881565947	26.28820315960431	0.0
134.0	26.223750411702575	23.733091801156174	23.75665822439778	26.286499562743472	0.0
135.0	26.237379186589287	23.73791865892855	23.80293927245057	26.221762882031598	0.0
136.0	26.08121614101239	23.854047178275735	23.807766130222944	26.256970550488933	0.0
137.0	26.25895808015991	23.731104271485197	23.70469852014219	26.305239128212698	0.0
138.0	26.205010846233346	23.76943520085407	23.829345023793568	26.196208929119013	0.0
139.0	26.238514917829846	23.658701404899546	23.778521050778544	26.324262626492068	0.0
140.0	26.31695509589858	23.623276877865955	23.784267238319682	26.275500787915785	0.0
141.0	26.235466148014595	23.804994392311077	23.66615085393035	26.293388605743978	0.0
142.0	26.078166924573036	23.876545663623844	23.804142591462117	26.241144820341006	0.0
143.0	26.286858132568607	23.786822640866564	23.708456962762106	26.217862263802722	0.0
144.0	26.27180965090362	23.70959269722739	23.669841990942516	26.348755660926475	0.0
145.0	26.35698973579977	23.663879384999788	23.712715967006915	26.266414912193532	0.0
146.0	26.210479989778392	23.723505444427094	23.768083022189412	26.297931543605106	0.0
147.0	26.23887335141044	23.798179985519386	23.880236800636013	26.08270986243416	0.0
148.0	26.262723775181364	23.680063601130055	23.82288221013927	26.234330413549312	0.0
149.0	26.257612970087596	23.768083022189412	23.64826303610216	26.326040971620834	0.0
150.0	26.309572821874244	23.770638424736294	23.683470804525903	26.236317948863558	0.0
151.0	26.184642030693222	23.83878249265322	23.753034540524425	26.22354093612913	0.0
152.0	26.313263958886413	23.688013742387028	23.747923735430657	26.250798563295902	0.0
153.0	26.264143443262967	23.803290790613154	23.849288036457075	26.083277729666804	0.0
154.0	26.225528471443376	23.784551171936002	23.73855392609208	26.251366430528545	0.0
155.0	26.284586663638045	23.77915643322591	23.719246440182285	26.21701046295376	0.0
156.0	26.275500787915785	23.82316614375559	23.741677195871606	26.159655872457023	0.0
157.0	26.22808387399026	23.7831315038544	23.74905946989594	26.239725152259403	0.0
158.0	26.1426940833745	23.74202854108815	23.83288755629	26.28238981924735	0.0
159.0	26.230145885506285	23.73407837725799	23.74543575415822	26.29033998307751	0.0
160.0	26.248317688546653	23.74146067224314	23.797395753476778	26.21282588573343	0.0
161.0	26.085339330028333	23.857873785470506	23.805061982884432	26.251724901616726	0.0
162.0	26.262798344094445	23.728115754385367	23.707388541542446	26.301697359977737	0.0
163.0	26.20345604979074	23.773261327563784	23.835726900515056	26.18755572213042	0.0
164.0	26.242071131251528	23.663094771631542	23.777804278323877	26.317029818793053	0.0
165.0	26.31596880119707	23.626534314992064	23.783834431689442	26.27366245212142	0.0
166.0	26.234763325790123	23.812227954559006	23.6696924697538	26.28331624989707	0.0
167.0	26.075759597720566	23.887186854934654	23.7994508692677	26.237602678077078	0.0
168.0	26.294957594273594	23.793204294236396	23.70092534491032	26.210912766579685	0.0
169.0	26.281612638524898	23.710011272228577	23.667137052695537	26.341239036550984	0.0
170.0	26.360262696873587	23.667137052695537	23.710863077914667	26.261737172516202	0.0
171.0	26.20693767337795	23.722504422291188	23.786957719205095	26.28360018512577	0.0
172.0	26.250095828139685	23.79519184083727	23.876681251472913	26.078031079550136	0.0
173.0	26.26713194186142	23.68076594367293	23.817622723904222	26.234479390561425	0.0
174.0	26.26116930205881	23.774748504371182	23.646125845772062	26.31795634779794	0.0
175.0	26.315684865968375	23.775316374828574	23.673383627726842	26.23561513147621	0.0
176.0	26.187062207369255	23.831251614881612	23.758280261106837	26.223405916642296	0.0
177.0	26.306882873878813	23.688148259619016	23.755156973591184	26.24981189291099	0.0
178.0	26.271390970291858	23.801154480639877	23.848003793374655	26.07945075569361	0.0
179.0	26.228516750758818	23.783550496460748	23.746071046272924	26.241861706507514	0.0
180.0	26.285019861269248	23.78156294985988	23.714554235887707	26.218862952983162	0.0
181.0	26.275366063493593	23.82244962279205	23.746354981501618	26.155829332212736	0.0
182.0	26.234479390561425	23.78156294985988	23.750330074703356	26.23362758487534	0.0
183.0	26.145114028711614	23.746990278030168	23.829615664183173	26.278280029075052	0.0
184.0	26.23512175177176	23.73222560421588	23.740459749227693	26.292192894784662	0.0
185.0	26.254997274214066	23.72995411593676	23.790716427403236	26.224332182445938	0.0
186.0	26.083783845175358	23.85375022714883	23.813715246229332	26.24875068144648	0.0
187.0	26.255565146283843	23.72739869162275	23.71149827366891	26.305537888424496	0.0
188.0	26.205308468108306	23.76800154461203	23.835010448846084	26.191679538433583	0.0
189.0	26.239380792295115	23.66748818826095	23.776519625658732	26.316611393785205	0.0
190.0	26.30987163215414	23.624113052292646	23.787092799077772	26.278922516475433	0.0
191.0	26.239739232405146	23.806684441112917	23.667271452138188	26.286304874343752	0.0
192.0	26.073920117209127	23.8824955776837	23.80838806215945	26.235196242947715	0.0
193.0	26.29908203219276	23.78794460960104	23.70247962043323	26.21049373777297	0.0
194.0	26.27437952701801	23.71184953618917	23.667555388979274	26.346215547813546	0.0
195.0	26.35700514777493	23.670678694231256	23.710713788824815	26.261602369169	0.0
196.0	26.212765232501685	23.72178732562729	23.781130125414904	26.28431731645613	0.0
197.0	26.257059379711578	23.7916357885352	23.877384714544096	26.073920117209127	0.0
198.0	26.2590469375992	23.680332546828282	23.82144915684955	26.239171358722967	0.0
199.0	26.249960958684348	23.77289595702332	23.64767981010304	26.32946327418929	0.0
200.0	26.310723442677407	23.777722883321832	23.67295018895997	26.23860348504079	0.0
201.0	26.188346664168023	23.835078125221827	23.757563367604508	26.219011843005642	0.0
202.0	26.303341084809094	23.689418525743132	23.753020378147085	26.25422001130069	0.0
203.0	26.260750558645736	23.805264756907473	23.83962111467925	26.09436356976754	0.0
204.0	26.218160032482373	23.78254980962035	23.755291872875798	26.24399828502148	0.0
205.0	26.288008495390287	23.79050004117084	23.707306546731747	26.21418491670713	0.0
206.0	26.273243779653654	23.82230096737282	23.740243220298076	26.16421203267545	0.0
207.0	26.228381758761582	23.781414062255994	23.75131675710055	26.23888742188188	0.0
208.0	26.14299099917658	23.748544819557626	23.82236860785372	26.286095573412076	0.0
209.0	26.226752605127913	23.734347937192993	23.74684119367387	26.292058264005224	0.0
210.0	26.25628212044635	23.733496124251115	23.789147903120476	26.22107385218206	0.0
211.0	26.080808654419492	23.86126806553281	23.81299866549306	26.244924614554645	0.0
212.0	26.256849995740932	23.72327436894858	23.708793548936654	26.311082086373833	0.0
213.0	26.206593032170133	23.769840143104574	23.828899173741448	26.194667650983845	0.0
214.0	26.23725829807774	23.670461966552146	23.765013203100597	26.327266532269512	0.0
215.0	26.312860424374414	23.62197570054715	23.782968803682113	26.282195071396323	0.0
216.0	26.228530703684672	23.815053848927707	23.668825545374787	26.287589902012844	0.0
217.0	26.079746954050243	23.880075754779394	23.811646587485697	26.228530703684672	0.0
218.0	26.293268671082853	23.78893151120563	23.704033913608885	26.213765904102626	0.0
219.0	26.265158764186275	23.7097126826789	23.664850407025774	26.36027814610905	0.0
220.0	26.356019069306534	23.657184068781252	23.71482357484192	26.271973287070296	0.0
221.0	26.21206227338162	23.71965052855143	23.772179142449083	26.29610805561786	0.0
222.0	26.250393964604235	23.787795757391628	23.873261231895373	26.088549046108767	0.0
223.0	26.26970177944229	23.669961299188788	23.817893233462716	26.24244368790621	0.0
224.0	26.248406395429726	23.77558640389109	23.641283515385204	26.334723685293977	0.0
225.0	26.323082208700445	23.776154280798096	23.665418283932773	26.23534522656869	0.0
226.0	26.195309904625073	23.83265803304476	23.75003194307602	26.22200011925415	0.0
227.0	26.305761963036893	23.68813336021284	23.752019512250524	26.25408516449974	0.0
228.0	26.26743027181428	23.798017541717655	23.836349232940268	26.098202953527792	0.0
229.0	26.227394949870664	23.77047551172808	23.752303450704026	26.24982608769723	0.0
230.0	26.294120486443358	23.787511818938125	23.702898159794884	26.215469534823633	0.0
231.0	26.28304688675683	23.82697926397474	23.734131389679973	26.155842459588456	0.0
232.0	26.23307371894068	23.7778579115191	23.747192558541013	26.24187581099921	0.0
233.0	26.138028552931956	23.75833361727259	23.81966449737072	26.283973332424726	0.0
234.0	26.22179063454746	23.742433018728633	23.745840289845198	26.28993605687871	0.0
235.0	26.253307892375666	23.731359387599802	23.799220870671345	26.216111849353187	0.0
236.0	26.08010494395039	23.86026781150976	23.807739048462754	26.251888196077093	0.0
237.0	26.250468499778528	23.727668177223528	23.71403909275728	26.307824230240666	0.0
238.0	26.199927311549516	23.771110883959704	23.83357752109669	26.195384283394098	0.0
239.0	26.23343214419571	23.674855474916807	23.760889070610013	26.330823310277466	0.0
240.0	26.31392136206559	23.616368184773872	23.78361648176596	26.286093971394582	0.0
241.0	26.234186650764578	23.810537973335606	23.666851244480412	26.2884241314194	0.0
242.0	26.073288616524014	23.881843120104957	23.80687336358628	26.237994899784745	0.0
243.0	26.280021469770503	23.799638194608132	23.70279703399096	26.217543301630396	0.0
244.0	26.26764363409162	23.707364175967736	23.664763852205276	26.360228337735364	0.0
245.0	26.35475955148086	23.661429399134317	23.723061018142985	26.260750031241837	0.0
246.0	26.210757428147	23.723773194763588	23.776035083633225	26.28943429345619	0.0
247.0	26.241801567395445	23.789302057384056	23.87821013552091	26.09068623969959	0.0
248.0	26.265271745460023	23.68004681299515	23.81951999636404	26.235161445180786	0.0
249.0	26.23942233672974	23.787421280028635	23.642266907927816	26.33088947531381	0.0
