# Position (bp)	A	C	G	T	N
0.0	26.286389918244346	23.87986100096607	23.619454097155135	26.21429498363445	0.0
1.0	26.284948019552147	23.666748374259225	23.721540524562744	26.326763081625888	0.0
2.0	26.21424432766508	23.720463645457087	23.815302836816056	26.249989190061772	0.0
3.0	26.20435053257712	23.74146954396643	23.724754461197954	26.32942546225849	0.0
4.0	26.239834938418888	23.712905810006284	23.786388182881776	26.260871068693053	0.0
5.0	26.2240240655579	23.70711017369155	23.804790060279153	26.264075700471402	0.0
6.0	26.249945977094285	23.79197579773824	23.697183605848878	26.26089461931859	0.0
7.0	26.2873276768608	23.734424293060975	23.702156470130657	26.276091559947567	0.0
8.0	26.331876597056375	23.58818055847639	23.848030813285202	26.23191203118203	0.0
9.0	26.31594108547676	23.696013504365585	23.8314028351102	26.156642575047456	0.0
10.0	26.156562616117128	23.805559796181132	23.733549173174026	26.30432841452771	0.0
11.0	26.235486258932916	23.69840798914656	23.79144571407174	26.274660037848786	0.0
12.0	26.128334451898343	23.735565470618226	23.731532875729826	26.404567201753604	0.0
13.0	26.225041189957714	23.8576267671356	23.782159851600937	26.13517219130575	0.0
14.0	26.326719896765866	23.718214602560113	23.736937310612607	26.218128190061414	0.0
15.0	26.327872063415253	23.720806977521228	23.761132810249673	26.190188148813842	0.0
16.0	26.34486652149367	23.6649268950261	23.74903506043114	26.241171523049093	0.0
17.0	26.33334485499983	23.787056559860815	23.738089477261994	26.141509107877365	0.0
18.0	26.345730646480707	23.70611685274158	23.698051686195893	26.250100814581824	0.0
19.0	26.31058956367449	23.69603539455947	23.670975769935364	26.322399271830676	0.0
20.0	26.1423732328644	23.75911651861325	23.80433905960158	26.294171188920767	0.0
21.0	26.237715023100943	23.793969559757123	23.674432269883518	26.293883147258416	0.0
22.0	26.31836668855783	23.80894772619912	23.67644856151994	26.196237023723114	0.0
23.0	26.19105227380088	23.760844768587326	23.71274181097554	26.33536114663625	0.0
24.0	26.156199232657013	23.747306810457065	23.80808360121208	26.288410355673847	0.0
25.0	26.29215489728434	23.885566808383167	23.61595981242727	26.20631848190522	0.0
26.0	26.28495385572569	23.660318228428558	23.735497102300876	26.31923081354487	0.0
27.0	26.220720565022525	23.72656781076815	23.813268351134308	26.23944327307502	0.0
28.0	26.201133731982996	23.73952968557372	23.72138306084592	26.337953521597363	0.0
29.0	26.231666148191675	23.72224718583296	23.78993697648428	26.25614968949109	0.0
30.0	26.223600981645983	23.708133144378003	23.7919532681207	26.276312605855313	0.0
31.0	26.254709481179354	23.79281739310774	23.695459311234774	26.257013814478125	0.0
32.0	26.290138605647922	23.730600394040994	23.706692936066272	26.272568064244812	0.0
33.0	26.33766547993502	23.59320452110193	23.840344267394837	26.228785731568216	0.0
34.0	26.309937696767893	23.69596714030181	23.842867964962714	26.151227197967586	0.0
35.0	26.147482667142896	23.820400780014577	23.73082008105469	26.30129647178784	0.0
36.0	26.225253691963374	23.714977835257926	23.793036900911073	26.26673157186763	0.0
37.0	26.12876001301945	23.74003738770008	23.72707555023	26.404127049050473	0.0
38.0	26.22517815274185	23.866994648216743	23.780006567312068	26.127820631729335	0.0
39.0	26.31792703370644	23.727583286766865	23.74572980695559	26.208759872571104	0.0
40.0	26.3205193937334	23.727295246763873	23.768196927189248	26.18398843231348	0.0
41.0	26.356524394107854	23.661334086077872	23.7451537269496	26.236987792864674	0.0
42.0	26.329736673829263	23.78058264731806	23.741697246913652	26.147983431939025	0.0
43.0	26.34097023394609	23.697627126455323	23.704828126530213	26.256574513068376	0.0
44.0	26.303525033556664	23.692730446404397	23.67688824623964	26.326856273799304	0.0
45.0	26.13617379181621	23.753218847033473	23.813995287665552	26.296612073484766	0.0
46.0	26.22777051276881	23.78922384740793	23.68322512630554	26.299780513517717	0.0
47.0	26.31936723372142	23.799017207509777	23.678328446254614	26.203287112514182	0.0
48.0	26.189461192370395	23.754371007045457	23.71404540662607	26.34212239395807	0.0
49.0	26.155184432013918	23.740833126904665	23.81140292763859	26.292579513442828	0.0
50.0	26.305253273574635	23.875923888309607	23.612079245565624	26.206743592550136	0.0
51.0	26.28912303340688	23.65758956603893	23.725855046748894	26.327432353805296	0.0
52.0	26.212792432613043	23.724414846733914	23.808234487605638	26.254558233047405	0.0
53.0	26.190325312379382	23.739392926889685	23.725855046748894	26.34442671398204	0.0
54.0	26.21970539268494	23.71030088658713	23.787495607389957	26.282498113337983	0.0
55.0	26.21682499265498	23.71030088658713	23.79959328751577	26.27328083324212	0.0
56.0	26.263775513143266	23.788071687395945	23.69388260641638	26.25427019304441	0.0
57.0	26.289411073409873	23.73651252685973	23.69964340647629	26.274432993254106	0.0
58.0	26.338089833916133	23.599693525436813	23.83646240789921	26.225754232747846	0.0
59.0	26.323035932886874	23.69640671131274	23.84129041549651	26.13926694030388	0.0
60.0	26.15366889897026	23.824872182616836	23.733563764671995	26.28789515374091	0.0
61.0	26.23057535824872	23.708792395765823	23.79578022611075	26.264852019874702	0.0
62.0	26.119968315690933	23.741628861525168	23.7283790595521	26.4100237632318	0.0
63.0	26.218978270387357	23.86167246583865	23.77468488605203	26.14466437772196	0.0
64.0	26.318063460607878	23.720533677443143	23.74847339677858	26.212929465170404	0.0
65.0	26.33505772288407	23.72226190750513	23.764603544023778	26.17807682558702	0.0
66.0	26.352051985160262	23.655437011775007	23.740120284812313	26.252390718252418	0.0
67.0	26.312014655390925	23.779005461206996	23.747609281747586	26.161370601654493	0.0
68.0	26.342258681475677	23.689425536327395	23.698642763324653	26.269673018872275	0.0
69.0	26.30078115998802	23.69633845657534	23.67963223264281	26.32324815079383	0.0
70.0	26.140919879254326	23.744728898310942	23.810689679010068	26.30366154342466	0.0
71.0	26.233092149226906	23.781021729612643	23.687409267921748	26.298476853238707	0.0
72.0	26.318063460607878	23.794847570108534	23.675599695831508	26.21148927345208	0.0
73.0	26.196223241237877	23.75596239371385	23.70440353019794	26.343410834850335	0.0
74.0	26.15532179643754	23.7458810516856	23.806081065511442	26.29271608636542	0.0
75.0	26.307406041892296	23.872329884554233	23.60330207157177	26.216962001981702	0.0
76.0	26.298764891582366	23.654572896744014	23.72629444431643	26.32036776735719	0.0
77.0	26.223874922229644	23.72370209922345	23.81270594741572	26.239717031131182	0.0
78.0	26.192190704426572	23.749913588496902	23.724278175910776	26.33361753116575	0.0
79.0	26.230499804133927	23.7176532940065	23.794559531764868	26.257287370094705	0.0
80.0	26.219266308731022	23.712180565476874	23.79340737839021	26.275145747401897	0.0
81.0	26.269673018872275	23.79801599188884	23.677327925893497	26.254983063345392	0.0
82.0	26.297036661520384	23.744728898310942	23.684528884485104	26.273705555683573	0.0
83.0	26.3396663363827	23.60877480010139	23.821635136069315	26.229923727446597	0.0
84.0	26.32778093018835	23.69828646482918	23.83193587132788	26.141996733654594	0.0
85.0	26.154670384270844	23.821278483309666	23.72248161600567	26.30156951641382	0.0
86.0	26.236473038248505	23.70231899002526	23.78930631925502	26.271901652471218	0.0
87.0	26.126442707898278	23.740627979388034	23.720753390921633	26.412175921792052	0.0
88.0	26.228620477103963	23.85606230809556	23.76907522942122	26.14624198537926	0.0
89.0	26.319063995990525	23.72039702976571	23.739983524301657	26.220555449942108	0.0
90.0	26.338938527210825	23.724717580030994	23.750928918307036	26.18541497445115	0.0
91.0	26.363421645380757	23.647523748624625	23.742575854460824	26.246478751533797	0.0
92.0	26.31762381256877	23.77742829326743	23.745744257988697	26.159203636175103	0.0
93.0	26.33807441715777	23.691305324646148	23.700522498545414	26.270097759650668	0.0
94.0	26.299189464770233	23.68756084774957	23.678055637165947	26.335194050314247	0.0
95.0	26.130976041108596	23.734222790614613	23.821209869288953	26.313591298987838	0.0
96.0	26.23754961431888	23.772531669633445	23.688424957802624	26.301493758245048	0.0
97.0	26.323960619624515	23.783189026954474	23.673735086900667	26.219115266520344	0.0
98.0	26.200680918721808	23.76331449573418	23.700522498545414	26.335482086998603	0.0
99.0	26.15833952612205	23.755249468572316	23.804791778280883	26.281619227024756	0.0
100.0	26.316471665831358	23.878241132790674	23.597117328863003	26.208169872514965	0.0
101.0	26.30322197835116	23.662501656210935	23.71060378249774	26.323672582940162	0.0
102.0	26.220555449942108	23.718092736290895	23.806519998386992	26.254831815380008	0.0
103.0	26.207593799146263	23.737391194142486	23.72414150666229	26.330873500048966	0.0
104.0	26.24158212789981	23.719532919712655	23.79096601743198	26.247918934955557	0.0
105.0	26.22948458715702	23.71607647950043	23.786645467166696	26.267793466175853	0.0
106.0	26.27873886018123	23.80306355817477	23.672006866794554	26.246190714849444	0.0
107.0	26.30005357482329	23.75179302836009	23.677767600481598	26.27038579633502	0.0
108.0	26.344411224213516	23.606334502762273	23.821785942657655	26.227468330366555	0.0
109.0	26.345199450427586	23.677699400021314	23.83698322767218	26.140117921878915	0.0
110.0	26.157400073161106	23.813940359295927	23.723209065064417	26.30545050247855	0.0
111.0	26.234593682221565	23.7036226269446	23.788017132372637	26.273766558461197	0.0
112.0	26.11707505350266	23.739339072927798	23.730986033141406	26.412599840428136	0.0
113.0	26.216371910824353	23.86024540584135	23.771818653148223	26.15156403018607	0.0
114.0	26.320352554870674	23.722852698888186	23.740710870441845	26.216083875799296	0.0
115.0	26.337346621349155	23.723428768938305	23.750504061293853	26.188720548418686	0.0
116.0	26.358661213203526	23.65142001267354	23.744167290742553	26.24575148338038	0.0
117.0	26.32121665994585	23.77585114349905	23.743879255717495	26.159052940837608	0.0
118.0	26.32726539547209	23.681375655279684	23.70643470245982	26.28492424678841	0.0
119.0	26.285212281813468	23.68569618065557	23.68166369030474	26.347427847226225	0.0
120.0	26.123048562705225	23.72717322426407	23.826257272884384	26.323520940146324	0.0
121.0	26.238262572728843	23.76317760239645	23.68569618065557	26.312863644219135	0.0
122.0	26.32726539547209	23.781035773950112	23.671870499452734	26.21982833112507	0.0
123.0	26.20686675499741	23.761737427271157	23.68512011060545	26.346275707125987	0.0
124.0	26.162509361138316	23.744743360792672	23.803502505904717	26.289244772164295	0.0
125.0	26.31776023964514	23.867734316492886	23.593524972636672	26.220980471225303	0.0
126.0	26.30623883864278	23.64853966242295	23.701538107033816	26.34368339190046	0.0
127.0	26.223860821475892	23.72026038366265	23.801198225704244	26.25468056915721	0.0
128.0	26.21781208594965	23.73062964456478	23.720548418687713	26.33100985079786	0.0
129.0	26.244098865426768	23.722056921645606	23.777647841603322	26.256196371324304	0.0
130.0	26.238626184187407	23.707367093055744	23.780240164295652	26.273766558461197	0.0
131.0	26.282983705811702	23.79665820801373	23.673954933910174	26.246403152264392	0.0
132.0	26.30804282517088	23.752588722244145	23.676835292457206	26.26253316012777	0.0
133.0	26.34404730700878	23.620956336644785	23.817396789552365	26.217599566794075	0.0
134.0	26.34469926089787	23.69591391159578	23.822938089395066	26.136448738111284	0.0
135.0	26.168132773390017	23.819769685867193	23.722989359924878	26.289108180817912	0.0
136.0	26.243097901070634	23.706351515221343	23.777496781180783	26.27305380252724	0.0
137.0	26.128458970496315	23.74235620447207	23.729682553855813	26.399502271175795	0.0
138.0	26.228483535728277	23.852455238841394	23.7741088093647	26.144952416065625	0.0
139.0	26.3356337995714	23.72254994584879	23.7337834412517	26.20803281332811	0.0
140.0	26.348019448348964	23.728886789409405	23.729462866096735	26.193630896144892	0.0
141.0	26.38027974283937	23.648812129870727	23.72715855934742	26.243749567942487	0.0
142.0	26.32238403576284	23.78188584464364	23.73637578634468	26.159354333248842	0.0
143.0	26.33044910938544	23.687985344609075	23.70757195197825	26.27399359402724	0.0
144.0	26.290123741272435	23.67963223264281	23.696050418231675	26.33419360785308	0.0
145.0	26.123061501947138	23.734935594626357	23.82134709772565	26.320655805700856	0.0
146.0	26.236260571007215	23.774972924395694	23.68625711454709	26.302509390050005	0.0
147.0	26.33196514726003	23.787139050910923	23.67134730323324	26.209548498595808	0.0
148.0	26.191978109022827	23.775329444804495	23.696694750486067	26.335997695686615	0.0
149.0	26.15539713401023	23.757182976884856	23.814214733203716	26.273205155901202	0.0
150.0	26.310437993628554	23.88715744842644	23.597677245415845	26.204727312529165	0.0
151.0	26.29603599347877	23.658741726050913	23.71433344662907	26.330888833841243	0.0
152.0	26.21826519266996	23.72873544677885	23.8105388076296	26.242460552921585	0.0
153.0	26.20299907251119	23.74198528691665	23.727583286766865	26.327432353805296	0.0
154.0	26.233894916943424	23.721026692743962	23.791308655915063	26.253769734397547	0.0
155.0	26.218916793644663	23.722754937739975	23.78958041091905	26.268747857696304	0.0
156.0	26.25924251021825	23.805998738381152	23.683869425329735	26.250889326070865	0.0
157.0	26.289774838481105	23.76596106264024	23.6887661194851	26.25549797939356	0.0
158.0	26.345654760018782	23.613299421325966	23.823857270006595	26.217188548648657	0.0
159.0	26.350051271415897	23.68019310313044	23.833143225836185	26.13661239961748	0.0
160.0	26.17319369073543	23.813844434459	23.720230894196536	26.292730980609036	0.0
161.0	26.243839491201744	23.69840798914656	23.76811427221744	26.28963824743426	0.0
162.0	26.12948662186646	23.73671764058634	23.722603558476944	26.41119217907026	0.0
163.0	26.222599879021807	23.858340294380277	23.772791427830743	26.146268398767177	0.0
164.0	26.321686781691966	23.722671889852233	23.741106662442032	26.214534666013765	0.0
165.0	26.33580090445603	23.73332949275571	23.744851225624334	26.18601837716393	0.0
166.0	26.364317193305876	23.652677362675345	23.73476970936429	26.24823573465449	0.0
167.0	26.310165048823343	23.78344903073422	23.745427312267765	26.160958608174667	0.0
168.0	26.333496557882306	23.69357951435896	23.69559581761097	26.277328110147767	0.0
169.0	26.295186796094132	23.68176973816862	23.696171904254403	26.326871561482847	0.0
170.0	26.136762969150563	23.72353601981738	23.827807702278424	26.311893308753636	0.0
171.0	26.238154218394445	23.767030561396435	23.687242561281217	26.307572658927903	0.0
172.0	26.326371306193813	23.781789272659715	23.67866946645582	26.213169954690656	0.0
173.0	26.204240585997024	23.768539241694967	23.691631453269157	26.335588719038856	0.0
174.0	26.16016983083167	23.751544636761924	23.805408893075132	26.282876639331278	0.0
175.0	26.316941653608627	23.889874642824225	23.586851322702554	26.206332380864595	0.0
176.0	26.305995944326664	23.65857452299751	23.706966079823026	26.328463452852795	0.0
177.0	26.219582449995393	23.729145543368052	23.810662273020554	26.240609733616	0.0
178.0	26.19452253663932	23.744988017328787	23.735194487971242	26.325294958060653	0.0
179.0	26.23290808170131	23.716539878502278	23.799785117825138	26.25076692197127	0.0
180.0	26.222538432512305	23.720572519853558	23.799497072014333	26.257391975619804	0.0
181.0	26.25307128845772	23.814763499987038	23.68658311417848	26.24558209737677	0.0
182.0	26.287924831565213	23.761475024987973	23.69608862593507	26.254511517511748	0.0
183.0	26.355615597104563	23.61889234863913	23.826573378230073	26.198918676026235	0.0
184.0	26.356555653491416	23.692700322036146	23.82721810315526	26.12352592131718	0.0
185.0	26.168461197237058	23.817136470737342	23.729570292021684	26.28483204000392	0.0
186.0	26.249477913960224	23.713507986116113	23.77025333775006	26.266760762173607	0.0
187.0	26.123889216942953	23.74605735025132	23.732807166621058	26.397246266184666	0.0
188.0	26.219596501941446	23.865953843140417	23.782995932758006	26.13145372216013	0.0
189.0	26.331647290617692	23.732299431968755	23.734315770068328	26.20173750734523	0.0
190.0	26.332223387217567	23.73834844626747	23.742957219066493	26.18647094744847	0.0
191.0	26.35958797571177	23.6490534732864	23.740364784367042	26.25099376663479	0.0
192.0	26.306875136822942	23.797110299455014	23.740076736067103	26.15593782765494	0.0
193.0	26.327038517818668	23.69485315297669	23.7037826502748	26.274325678929845	0.0
194.0	26.288151997326914	23.702054360475163	23.681602931179498	26.328190711018422	0.0
195.0	26.137790784758792	23.732011383668812	23.825339032849026	26.30485879872337	0.0
196.0	26.24523280063601	23.770033759260752	23.679874641379868	26.30485879872337	0.0
197.0	26.33229923695786	23.782776390341137	23.67648626149676	26.208438111204245	0.0
198.0	26.200660784703437	23.77125442515475	23.691176767109397	26.336908023032407	0.0
199.0	26.151692432661317	23.753683428245523	23.815037892863007	26.279586246230156	0.0
200.0	26.31019524026247	23.894032180941462	23.589563373871563	26.2062092049245	0.0
201.0	26.30040154164338	23.667048812946117	23.711696556650786	26.320853088759716	0.0
202.0	26.21427460378728	23.73934935275174	23.809345492882287	26.237030550578694	0.0
203.0	26.19900795593988	23.7439581521019	23.73877325283297	26.318260639125253	0.0
204.0	26.233361466293736	23.72616739783559	23.796739841168797	26.243731294701885	0.0
205.0	26.22011112999444	23.73480892150904	23.790402723808263	26.254677224688255	0.0
206.0	26.253813072320913	23.822664412189155	23.68756859209416	26.235953923395773	0.0
207.0	26.289819420960303	23.75929323858383	23.689008846039734	26.261878494416134	0.0
208.0	26.341956613790146	23.6293823326929	23.831305935862613	26.197355117654347	0.0
209.0	26.347217421361908	23.695126166609057	23.830510427468603	26.127145984560435	0.0
210.0	26.16977762415025	23.807466297960595	23.73228482544072	26.290471252448437	0.0
211.0	26.241290014085767	23.712765620364156	23.765767270904686	26.280177094645392	0.0
212.0	26.12347656261252	23.740994760325957	23.72313550851339	26.41239316854813	0.0
213.0	26.231283738240226	23.856572511651756	23.764107409306426	26.148036340801596	0.0
214.0	26.33325459877059	23.72061136427794	23.735590134751323	26.21054390220015	0.0
215.0	26.341032037285615	23.735014028194655	23.748264478998035	26.175689455521695	0.0
216.0	26.36839709872738	23.65695158976604	23.727812696236295	26.246838615270278	0.0
217.0	26.305313430772152	23.79608132320154	23.74221536015301	26.156389885873292	0.0
218.0	26.33728734466727	23.690077716774493	23.7102414462579	26.262393492300333	0.0
219.0	26.272187303763705	23.698719315124524	23.70304011429954	26.326053266812227	0.0
220.0	26.109149148226457	23.741639253596343	23.832087982993336	26.317123615183863	0.0
221.0	26.218033287436842	23.77706980683147	23.690941876609497	26.313955029122187	0.0
222.0	26.313742773442563	23.779730784630583	23.698787580259076	26.207738861667774	0.0
223.0	26.193912264479756	23.770224999063824	23.688705686476148	26.347157049980268	0.0
224.0	26.145807228429792	23.752365644362637	23.82121057619463	26.28061655101294	0.0
225.0	26.307193307907685	23.889548214635496	23.588242749657216	26.215015727799607	0.0
226.0	26.29077417645093	23.659392319303137	23.71930774637339	26.330525757872543	0.0
227.0	26.2127112882969	23.738895482146354	23.81350171104633	26.234891518510413	0.0
228.0	26.19427577227529	23.744944635840948	23.736014932767976	26.324764659115786	0.0
229.0	26.22834180697383	23.719376071207385	23.803488355345596	26.248793766473188	0.0
230.0	26.216819576269966	23.728881911538075	23.793118347712117	26.261180164479843	0.0
231.0	26.253402658754737	23.819619478331006	23.687977992539356	26.238999870374908	0.0
232.0	26.285088793190365	23.76143221327649	23.69460327519408	26.25887571833907	0.0
233.0	26.34212383517449	23.62633405827368	23.842663939738735	26.188878166813094	0.0
234.0	26.35372197929449	23.693519302672588	23.828041733639825	26.124716984393093	0.0
235.0	26.17311049274961	23.819111979121658	23.726645811369018	26.28113171675971	0.0
236.0	26.24664053025611	23.708278482398253	23.764449680688344	26.28063130665729	0.0
237.0	26.131705616831773	23.73910062710102	23.72296941118181	26.4062243448854	0.0
238.0	26.228568465686504	23.858137069640964	23.76826289348758	26.14503157118496	0.0
239.0	26.33428584596949	23.716988523759046	23.73830483476978	26.210420795501683	0.0
240.0	26.336667319636337	23.72786144751852	23.74255326504039	26.192917967804753	0.0
241.0	26.365629438421717	23.652376329185763	23.728144599278043	26.253849633114477	0.0
242.0	26.29565177305782	23.789630175980452	23.750158463080982	26.164559587880742	0.0
243.0	26.33254672809679	23.68200402811033	23.71658008246389	26.26886916132899	0.0
244.0	26.269594283079762	23.69669202397418	23.70879437528815	26.32491931765791	0.0
245.0	26.124895536151694	23.736779919887034	23.81372294746549	26.32460159649578	0.0
246.0	26.227750622521445	23.783201143594944	23.68175320483261	26.307295029051005	0.0
247.0	26.331507639089075	23.78120495820121	23.681464398962238	26.20582300374748	0.0
248.0	26.19606531280821	23.76557985015659	23.681949002485855	26.356405834549346	0.0
249.0	26.15944076917309	23.74049059585537	23.81056747855878	26.289501156412754	0.0
