# Position (bp)	A	C	G	T	N
0.0	26.191504918904545	23.708510591154834	23.718481343614286	26.38150314632633	0.0
1.0	26.298413542497563	23.761134006913053	23.781629442524153	26.15882300806523	0.0
2.0	26.2719281239441	23.89064603147347	23.681542986600785	26.155882857981645	0.0
3.0	26.145103176295624	23.87663709804725	23.683051725236165	26.295208000420956	0.0
4.0	26.298196883385906	23.71911148527958	23.80662259725226	26.176069034082257	0.0
5.0	26.31778620225578	23.764597069647785	23.736628294984726	26.180988433111708	0.0
6.0	26.274530436155104	23.755513896542272	23.67714941586618	26.292806251436453	0.0
7.0	26.128503469549376	23.769043755641825	23.774581743469327	26.327871031339473	0.0
8.0	26.177271128856745	23.81456058789488	23.754752141059328	26.253416142189046	0.0
9.0	26.207879945731925	23.795442589362352	23.767754796910044	26.22892266799568	0.0
10.0	26.27877680413085	23.652421889059625	23.809958885335767	26.25884242147376	0.0
11.0	26.27794620485347	23.694782452205935	23.789193903401305	26.238077439539293	0.0
12.0	26.133421930589584	23.82795520301231	23.73658928250066	26.30203358389745	0.0
13.0	26.228387114636543	23.78891703697551	23.878344892506608	26.104350955881333	0.0
14.0	26.311447042374407	23.919597989949747	23.647992026246936	26.12096294142891	0.0
15.0	26.163046638149424	23.82020294309011	23.747110206680787	26.269640212079683	0.0
16.0	26.24887523014522	23.660174148981824	23.72828328972687	26.36266733114609	0.0
17.0	26.24970582942259	23.63968603347315	23.6961667843349	26.41444135276936	0.0
18.0	26.26437974998962	23.786425239143373	23.70115037999917	26.248044630867838	0.0
19.0	26.186580284341822	23.785317773440205	23.920151722801332	26.107950219416644	0.0
20.0	26.280088375518428	23.83148848515723	23.717973564866856	26.170449574457482	0.0
21.0	26.219177930484573	23.768363114849414	23.795495949455407	26.216963005210616	0.0
22.0	26.234682407402282	23.65457132889979	23.77916087555996	26.331585388137967	0.0
23.0	26.31248165765008	23.689733267623883	23.73929222062871	26.258492854097337	0.0
24.0	26.237727929653975	23.736523564036258	23.724341475029487	26.301407031280284	0.0
25.0	26.196474946426495	23.704960878882346	23.72046535580006	26.3780988188911	0.0
26.0	26.30611374748744	23.754796697546414	23.783313860448633	26.15577569451751	0.0
27.0	26.280918972496163	23.882708632117524	23.683088491802007	26.153283903584303	0.0
28.0	26.150238381332606	23.873018334043955	23.681150432187295	26.29559285243614	0.0
29.0	26.30002270298406	23.71658923657063	23.811000426373116	26.172387634072198	0.0
30.0	26.316911508197993	23.7664250552347	23.732370579147585	26.18429285741972	0.0
31.0	26.268183152170906	23.759780279412823	23.67395192504693	26.298084643369346	0.0
32.0	26.131688382163205	23.76171833902754	23.7824832634709	26.32411001533836	0.0
33.0	26.17875554423483	23.816260873898766	23.753966100568682	26.251017481297723	0.0
34.0	26.212533154662694	23.799095203025587	23.765594458256963	26.222777184054753	0.0
35.0	26.27170966839892	23.658935675979478	23.817302394604457	26.252052261017145	0.0
36.0	26.267556695008405	23.70406465348974	23.791830824475966	26.23654782702589	0.0
37.0	26.119433977413365	23.82699266584899	23.740333954433577	26.313239402304067	0.0
38.0	26.224365771747042	23.787400986192747	23.885411158208907	26.1028220838513	0.0
39.0	26.30825583423545	23.91725062086952	23.650075999413048	26.124417545481982	0.0
40.0	26.161794305996615	23.811211366965036	23.741995143789783	26.284999183248566	0.0
41.0	26.238485881274798	23.65948940576488	23.732028007652545	26.369996705307774	0.0
42.0	26.244300044021518	23.64647675580793	23.693543787567105	26.415679412603442	0.0
43.0	26.270325343935415	23.780202498982522	23.699081085421124	26.25039107166094	0.0
44.0	26.183666632519998	23.783524877694934	23.92444910807975	26.10835938170532	0.0
45.0	26.273298116216488	23.83052593109406	23.722548921891093	26.173627030798365	0.0
46.0	26.231491633166108	23.763247948436824	23.792041817557617	26.21321860083945	0.0
47.0	26.231491633166108	23.657485852243155	23.782351573141966	26.328670941448774	0.0
48.0	26.331439582710388	23.684895400733136	23.72780934028816	26.255855676268315	0.0
49.0	26.244504247095694	23.738883905334617	23.710920628592312	26.305691218977373	0.0
50.0	26.21377232909177	23.696800558158078	23.717288503494025	26.372138609256123	0.0
51.0	26.31261282213141	23.76241735605834	23.76795463858157	26.157015183228676	0.0
52.0	26.27468243684729	23.893374087732706	23.678527525831424	26.15341594958858	0.0
53.0	26.14953985182232	23.866518267495042	23.67603574869597	26.307906131986663	0.0
54.0	26.298215887571015	23.71645791111554	23.805608159739528	26.179718041573917	0.0
55.0	26.315658327519188	23.756326345282787	23.740821954217747	26.18719337298028	0.0
56.0	26.270806339081034	23.76795463858157	23.67354397156052	26.287695050776883	0.0
57.0	26.14040333565899	23.76241735605834	23.781797844889642	26.315381463393024	0.0
58.0	26.182209818709367	23.81031484988427	23.754111432273497	26.253363899132857	0.0
59.0	26.22041706811965	23.792595545809938	23.768508366833892	26.21847901923652	0.0
60.0	26.271287331563254	23.665449390762177	23.815509331679536	26.247753945995033	0.0
61.0	26.271010468203627	23.705871441267593	23.777579051410758	26.245539039118025	0.0
62.0	26.127318384557668	23.828521909581966	23.733280913870576	26.31087879198979	0.0
63.0	26.23308018793485	23.8002818469001	23.867005916569994	26.099632048595055	0.0
64.0	26.310325065270533	23.914903277785314	23.644961502149844	26.129810154794303	0.0
65.0	26.15666590067804	23.808310884329256	23.750723305527025	26.28429990946568	0.0
66.0	26.24720021927578	23.651883086140497	23.74241740473824	26.358499289845483	0.0
67.0	26.238340591767745	23.64745327238648	23.704763987829086	26.409442148016687	0.0
68.0	26.272394785001758	23.783670045322534	23.70947066494273	26.23446450473298	0.0
69.0	26.180753012965514	23.786438678918792	23.927638992328117	26.10516931578758	0.0
70.0	26.27010714582353	23.82125750989784	23.74013677012099	26.168498574157645	0.0
71.0	26.228854619452363	23.758132838672168	23.798554777264044	26.21445776461142	0.0
72.0	26.213904039425234	23.654309366261526	23.792463800215952	26.339322794097292	0.0
73.0	26.31966554998754	23.684210526315788	23.73570696863147	26.260416955065203	0.0
74.0	26.23660677205903	23.736537556410752	23.71438854896315	26.312467122567067	0.0
75.0	26.208643650156425	23.688086602619123	23.72158697638362	26.381682770840833	0.0
76.0	26.31966554998754	23.745950884575983	23.772529693513107	26.161853871923363	0.0
77.0	26.281735374733522	23.880229242227085	23.67978072482627	26.15825465821313	0.0
78.0	26.145518978930752	23.86417121182757	23.68254935075722	26.307760458484452	0.0
79.0	26.3052686951466	23.717157174894098	23.807968105429275	26.169606024530022	0.0
80.0	26.319388687394447	23.757579113485978	23.743182258645035	26.179849940474544	0.0
81.0	26.26484675655472	23.77529831944406	23.674520335557464	26.285334588443753	0.0
82.0	26.146903291896233	23.760070876823832	23.79191007502976	26.30111575625017	0.0
83.0	26.199230321991195	23.804645754312133	23.754810487555027	26.241313436141645	0.0
84.0	26.222486779811177	23.79080262465738	23.771145380547633	26.215565214983805	0.0
85.0	26.271141861231317	23.65562818564139	23.825344485327708	26.247885467799588	0.0
86.0	26.27224930853759	23.703802143464262	23.782154040383066	26.241794507615086	0.0
87.0	26.131880362467502	23.81703863053066	23.73038087881481	26.320700128187024	0.0
88.0	26.229335725419517	23.790459895180113	23.871026686711463	26.109177692688913	0.0
89.0	26.304919004072637	23.922246124626582	23.644276850752092	26.128558020548688	0.0
90.0	26.162888887043145	23.805133571988225	23.74422397014322	26.287753570825405	0.0
91.0	26.24124078396195	23.644553712578663	23.75363727224654	26.36056823121285	0.0
92.0	26.228782001766376	23.6511983964163	23.705463314423667	26.414556287393648	0.0
93.0	26.26283600643427	23.784368934995612	23.71986012940522	26.2329349291649	0.0
94.0	26.187529589607717	23.784092073169045	23.929167670290788	26.099210666932454	0.0
95.0	26.2663624886487	23.82195618950586	23.7433276484529	26.16835367339255	0.0
96.0	26.227878801302356	23.76160047841591	23.804237081662937	26.206283638618793	0.0
97.0	26.226771357062173	23.653901526058164	23.786241112759974	26.333086004119693	0.0
98.0	26.325333894438412	23.688509158563868	23.7372367051319	26.248920241865818	0.0
99.0	26.24144499324459	23.731699483930985	23.71425723714811	26.312598285676316	0.0
100.0	26.22068041374117	23.684633103723225	23.718687014108838	26.375999468426762	0.0
101.0	26.319519812177454	23.751910341314314	23.77682783671842	26.151742009789807	0.0
102.0	26.278267514230656	23.87566723515471	23.686847992203592	26.15921725841104	0.0
103.0	26.143436177988438	23.870130013953798	23.68186449312277	26.304569314934994	0.0
104.0	26.302354426454627	23.713149792907927	23.811435469224122	26.17306031141332	0.0
105.0	26.320627256417637	23.757447562515228	23.744158231633037	26.177766949434094	0.0
106.0	26.256949212607143	23.77378236505792	23.679926465702454	26.289341956632484	0.0
107.0	26.14371303904848	23.75800128463532	23.789840306540565	26.30844536977563	0.0
108.0	26.188841391835922	23.80534452590312	23.758278145695364	26.24753593656559	0.0
109.0	26.221787857981347	23.791778333960885	23.774612948238055	26.211820859819706	0.0
110.0	26.285669988067323	23.64553022899115	23.822443956555084	26.24635582638645	0.0
111.0	26.27653359838092	23.696195662706643	23.780361191938937	26.2469095469735	0.0
112.0	26.129797642811457	23.814968728629847	23.732464361158716	26.322769267399977	0.0
113.0	26.225314444078375	23.793927346321773	23.872832529977046	26.107925679622806	0.0
114.0	26.309756833604197	23.925159125453703	23.638608721652968	26.126475319289135	0.0
115.0	26.177971333885207	23.801125713953482	23.746584236128605	26.274318716032703	0.0
116.0	26.236111995525942	23.64636080987173	23.759319809630863	26.35820738497147	0.0
117.0	26.225037583784843	23.650236853981113	23.7119766994377	26.41274886279634	0.0
118.0	26.277364179261504	23.777592589003664	23.72692715528817	26.218116076446663	0.0
119.0	26.195413532377426	23.77980747135188	23.92377482398607	26.101004172284625	0.0
120.0	26.272730293029745	23.82057188420563	23.742220204212718	26.164477618551906	0.0
121.0	26.23009368978272	23.76160047841591	23.80091474894239	26.207391082858976	0.0
122.0	26.219572969500987	23.66276107997962	23.7845799463997	26.333086004119693	0.0
123.0	26.328656227158966	23.684633103723225	23.741112759972534	26.245597909145275	0.0
124.0	26.237292077343906	23.7245010963698	23.72948459545062	26.30872223083568	0.0
125.0	26.224556468581806	23.68823229750382	23.7245010963698	26.362710137544575	0.0
126.0	26.32118097853773	23.748588008593767	23.77627411459833	26.15395689827017	0.0
127.0	26.271345987729518	23.887295399676624	23.68380252054309	26.157556092050765	0.0
128.0	26.15561806463045	23.864592792752884	23.681033909942634	26.298755232674036	0.0
129.0	26.298755232674036	23.722839930009524	23.810604886043986	26.167799951272453	0.0
130.0	26.326441338678595	23.74360450951295	23.75163348025427	26.17832067155419	0.0
131.0	26.26054840638774	23.76990631021728	23.684079381603137	26.285465901791845	0.0
132.0	26.144266761168577	23.75163348025427	23.793162639261116	26.31093711931604	0.0
133.0	26.20213072271811	23.798976721522074	23.756063257214997	26.242829298544816	0.0
134.0	26.228986245542536	23.789563445480518	23.77876586413874	26.202684444838205	0.0
135.0	26.28339655029209	23.649048976992717	23.825410448794262	26.242144023920925	0.0
136.0	26.26927655804424	23.70165286968078	23.785819097981673	26.24325147429331	0.0
137.0	26.13804368891719	23.81682770840832	23.73321520529361	26.31191339738088	0.0
138.0	26.22802403167308	23.79384811318143	23.87192336443423	26.10620449071126	0.0
139.0	26.318281237022067	23.91954373044658	23.642127412165344	26.12004762036601	0.0
140.0	26.17486641379883	23.796893601705474	23.760070876823832	26.268169107671863	0.0
141.0	26.24103657354855	23.64517290068939	23.760624602010022	26.35316592375204	0.0
142.0	26.222763642404274	23.64794152662034	23.715219136742434	26.414075694232952	0.0
143.0	26.27675184805781	23.770037930175253	23.730446579362663	26.222763642404274	0.0
144.0	26.191827547350556	23.778132778130008	23.934283712959143	26.09575596156029	0.0
145.0	26.27994285524436	23.81806704541679	23.736115264073003	26.165874835265846	0.0
146.0	26.24201246996024	23.761309899553694	23.801178333720944	26.195499296765117	0.0
147.0	26.228446127778334	23.657762716369316	23.78373589377277	26.330055262079583	0.0
148.0	26.33033212620574	23.682680487723847	23.737499584703812	26.249487801366598	0.0
149.0	26.241735605834084	23.724210106648062	23.722548921891093	26.311505365626765	0.0
150.0	26.229830448409135	23.680188710588393	23.728916796792806	26.361064044209666	0.0
151.0	26.327840349070293	23.74497491611017	23.782074709015806	26.145110025803735	0.0
152.0	26.27385184446881	23.88645248457867	23.679358118209905	26.160337552742618	0.0
153.0	26.149816715948482	23.867625723999687	23.685449128985457	26.29710843106637	0.0
154.0	26.30486062659889	23.71258181334928	23.809761121631947	26.172796438419883	0.0
155.0	26.323964251304027	23.750235334507234	23.752450247516528	26.173350166672204	0.0
156.0	26.263884735926997	23.77487624173561	23.678804389957584	26.282434632379815	0.0
157.0	26.149816715948482	23.755218888778142	23.79093436105297	26.304030034220403	0.0
158.0	26.208235046568547	23.799517148963975	23.757987530039756	26.234260274427722	0.0
159.0	26.230384176661463	23.792595545809938	23.775983698240253	26.20103657928835	0.0
160.0	26.275104793652027	23.651802672307344	23.823459381039132	26.2496331530015	0.0
161.0	26.277319718925984	23.69582431212727	23.785528785722594	26.241327183224154	0.0
162.0	26.140271217599796	23.81238475466934	23.730986250851362	26.3163577768795	0.0
163.0	26.23136001949134	23.78192953215241	23.874125796680936	26.112584651675313	0.0
164.0	26.31663464253875	23.917593705182373	23.654848194559037	26.11092345771985	0.0
165.0	26.17626375330162	23.8010332626403	23.758119085457356	26.26458389860072	0.0
166.0	26.238558526631707	23.636851926708122	23.77334669671582	26.351242849944352	0.0
167.0	26.215578676914387	23.649310881374138	23.721295952777794	26.413814488933678	0.0
168.0	26.276212256289007	23.768363114849414	23.73873848931022	26.216686139551364	0.0
169.0	26.193778811412432	23.775627448537453	23.926242784168778	26.104350955881333	0.0
170.0	26.287709311597414	23.80864047133871	23.73333259502082	26.17031762204306	0.0
171.0	26.24064188889873	23.757143173562508	23.798950119606626	26.203264817932137	0.0
172.0	26.227352263666166	23.649718702932574	23.787044830335784	26.335884203065476	0.0
173.0	26.340867812527684	23.676851687782406	23.736101266944274	26.246179232745636	0.0
174.0	26.24368742801453	23.719212368211217	23.732501993443787	26.30459821033047	0.0
175.0	26.230120935589618	23.677405422167094	23.73720873571365	26.355264906529634	0.0
176.0	26.32813192167981	23.74662222025339	23.777354478603705	26.1478913794631	0.0
177.0	26.281064498981127	23.881733410117832	23.689587578630285	26.147614512270756	0.0
178.0	26.158135465579868	23.863460175423054	23.67934349251351	26.299060866483565	0.0
179.0	26.29933773367591	23.7086914149021	23.815008416762648	26.17696243465934	0.0
180.0	26.32813192167981	23.737485602906	23.756035704793124	26.17834677062107	0.0
181.0	26.26389873305573	23.764618587755827	23.67546735182068	26.296015327367765	0.0
182.0	26.153982457694692	23.74551475148401	23.79092097102862	26.309581819792683	0.0
183.0	26.20464915389386	23.79590458049083	23.76101931425534	26.238426951359973	0.0
184.0	26.223199255780987	23.786214228758748	23.779015681757777	26.211570833702492	0.0
185.0	26.283978714332385	23.64874218538022	23.81458655193227	26.25269254835512	0.0
186.0	26.27318083403935	23.69885542468894	23.792160185169802	26.23580355610191	0.0
187.0	26.136961421111792	23.80738796507024	23.746753714193954	26.308896899624013	0.0
188.0	26.23622570463481	23.78398582424276	23.873691788028133	26.106096683094304	0.0
189.0	26.305997009801207	23.91051553242151	23.653856802702254	26.129630655075033	0.0
190.0	26.17835982058807	23.7892463591561	23.76737360872695	26.265020211528878	0.0
191.0	26.248961736530262	23.63613710615206	23.7718035328645	26.343097624453183	0.0
192.0	26.226812115842517	23.639182678996622	23.726950550971814	26.40705465418905	0.0
193.0	26.283570518854866	23.7720804031231	23.734149177695333	26.210199900326707	0.0
194.0	26.196152046492184	23.773530576251662	23.92996270547291	26.100354671783244	0.0
195.0	26.286484780357604	23.8148502954222	23.738433680899725	26.16023124332047	0.0
196.0	26.236924729634698	23.75504598840461	23.809866603170736	26.19816267878996	0.0
197.0	26.22114303750505	23.641805425579633	23.80460603912752	26.332445497787795	0.0
198.0	26.33355298495479	23.67890624567388	23.74341737315119	26.244123396220147	0.0
199.0	26.23913970396868	23.723205732353573	23.727912552813294	26.30974201086445	0.0
200.0	26.232494780966725	23.673645681630664	23.729573783563783	26.36428575383883	0.0
201.0	26.323031856868358	23.731788757897768	23.784671270121656	26.16050811511222	0.0
202.0	26.275133036895937	23.874377730648046	23.692472963469534	26.158016268986483	0.0
203.0	26.156078166444246	23.859980397477145	23.687766143009817	26.296175293068792	0.0
204.0	26.303097087862493	23.698564142887996	23.811804705712973	26.186534063536538	0.0
205.0	26.328015549119826	23.726805065646303	23.74341737315119	26.201762012082686	0.0
206.0	26.26738062672699	23.769443321575512	23.674753168797658	26.28842288289984	0.0
207.0	26.160797842591105	23.74506470565434	23.786595934369583	26.307541517384976	0.0
208.0	26.210081567333198	23.787149684085787	23.763338446289044	26.23943030229197	0.0
209.0	26.219086750910925	23.78423576578472	23.781743878262986	26.214933605041363	0.0
210.0	26.288451421768144	23.640667829553948	23.823961015588228	26.24691973308968	0.0
211.0	26.271284990447715	23.71293296785447	23.786582495777612	26.229199545920206	0.0
212.0	26.139214220450203	23.816762189550627	23.740897638231303	26.303125951767864	0.0
213.0	26.233497984317548	23.795297479289417	23.871439330173217	26.09976520621982	0.0
214.0	26.317392460018606	23.91546316395694	23.64661321047269	26.120531165551764	0.0
215.0	26.19861117263988	23.781730385859213	23.763456341647103	26.25620209985381	0.0
216.0	26.260632171177956	23.63027732246489	23.767886412971247	26.341204093385905	0.0
217.0	26.231559828113234	23.63775306782439	23.727185132680635	26.403501971381736	0.0
218.0	26.289427634784918	23.773424002126433	23.72856952996943	26.208578833119212	0.0
219.0	26.191207945354915	23.780134951421363	23.933526595729955	26.095130507493764	0.0
220.0	26.289165033059774	23.815219678594765	23.736031276649943	26.159584011695518	0.0
221.0	26.237388001018928	23.756520583446854	23.820757329080415	26.1853340864538	0.0
222.0	26.23144184604139	23.652266849779323	23.792093298852038	26.324198005327247	0.0
223.0	26.338872860378444	23.681616559881714	23.7403159800865	26.23919459965334	0.0
224.0	26.238640831538202	23.733393878647256	23.72951750184128	26.298447787973263	0.0
225.0	26.236979527192783	23.683277864227133	23.72674866126558	26.352993947314502	0.0
226.0	26.329458802421073	23.72924061778371	23.78904757421877	26.15225300557644	0.0
227.0	26.27851213582824	23.882634385677342	23.691861270011795	26.146992208482622	0.0
228.0	26.15834445484298	23.862421849474753	23.69795271927833	26.28128097640394	0.0
229.0	26.293886366153508	23.7113744600731	23.818252298150405	26.176486875622995	0.0
230.0	26.31852918374128	23.73740170561524	23.74958467161369	26.194484439029793	0.0
231.0	26.25678369697641	23.772566175656216	23.68147081625872	26.28917931110865	0.0
232.0	26.142983719127255	23.7473695868867	23.787517997563405	26.322128696422638	0.0
233.0	26.197253294938534	23.792501938199138	23.766474692656995	26.243770074205337	0.0
234.0	26.20223723557426	23.794440137335254	23.78696422638166	26.216358400708828	0.0
235.0	26.2832333770815	23.634254259908406	23.825860149851312	26.25665221315878	0.0
236.0	26.267042496871156	23.697792643622144	23.799964558251833	26.235200301254856	0.0
237.0	26.139673714405966	23.806056108717563	23.73738772164937	26.316882455227102	0.0
238.0	26.23063845340215	23.787636299196464	23.875410489707992	26.106314757693394	0.0
239.0	26.31730508315012	23.91168310471433	23.64559163127087	26.125420180864673	0.0
240.0	26.1856897602038	23.78412803898765	23.765852577947612	26.264329622860938	0.0
241.0	26.2539356396574	23.627683642415466	23.770294331848152	26.348086386078982	0.0
242.0	26.22150468552693	23.637541815281686	23.73640311039234	26.40455038879904	0.0
243.0	26.283606393938385	23.77399665459218	23.733286807794133	26.209110143675296	0.0
244.0	26.1869483456254	23.77607852151781	23.93615695441088	26.100816178445914	0.0
245.0	26.290235917774986	23.813625511690642	23.73746046341585	26.158678107118522	0.0
246.0	26.244927917572603	23.76296583528369	23.813929011619052	26.178177235524657	0.0
247.0	26.234384954158934	23.64845026729081	23.787496883915466	26.329667894634795	0.0
248.0	26.33942173987712	23.674705136088907	23.734536610768558	26.25133651326541	0.0
249.0	26.229176707828504	23.728719661841367	23.73536760347244	26.306736026857685	0.0
