# Position (bp)	A	C	G	T	N
0.0	26.33482881542271	23.783717753667446	23.712922964163955	26.16853046674588	0.0
1.0	26.256538107030618	23.672389476840387	23.79843196481915	26.272640451309844	0.0
2.0	26.24469059715166	23.80555786902085	23.649537769634378	26.30021376419311	0.0
3.0	26.14142670356912	23.83400559088802	23.723797917435853	26.300769788107008	0.0
4.0	26.1577068493607	23.85756083478145	23.774004963385316	26.210727352472535	0.0
5.0	26.239000693962527	23.749340735600278	23.76210964607911	26.249548924358084	0.0
6.0	26.30661488967782	23.623297424381633	23.864232519020824	26.205855166919722	0.0
7.0	26.256245142666813	23.698512268235817	23.788719884534252	26.256522704563118	0.0
8.0	26.217960282546247	23.807158023286473	23.762749968775587	26.21213172539169	0.0
9.0	26.319660506076865	23.71128584156025	23.83146313776537	26.13759051459752	0.0
10.0	26.18853346210847	23.886400346360716	23.734312468430662	26.19075372310015	0.0
11.0	26.242652323780664	23.86530786693976	23.587220177731894	26.304819631547687	0.0
12.0	26.143295644402997	23.691017379092912	23.822012777602005	26.34367419890208	0.0
13.0	26.172436569918794	23.70350634717111	23.765673654938137	26.358383427971958	0.0
14.0	26.258953871430595	23.78864284148213	23.723700387712	26.22870289937528	0.0
15.0	26.23564119571824	23.735634257421896	23.88050588506296	26.148218661796907	0.0
16.0	26.341935895692426	23.80002164748459	23.680127886678193	26.17791457014479	0.0
17.0	26.196509204343926	23.818893813537446	23.773933653235048	26.21066332888357	0.0
18.0	26.33027955783625	23.71037885873351	23.73091621590868	26.228425367521556	0.0
19.0	26.337495386032934	23.7867001185061	23.669859208090607	26.20594528737036	0.0
20.0	26.182837477797516	23.713643428063943	23.771369893428062	26.332149200710482	0.0
21.0	26.19005328596803	23.718083925399643	23.662577708703374	26.429285079928956	0.0
22.0	26.249167406749557	23.78247113676732	23.77414520426288	26.194216252220247	0.0
23.0	26.246669626998226	23.746392095914743	23.855461811722915	26.15147646536412	0.0
24.0	26.08264875666075	23.91013543516874	23.698656749555948	26.308559058614566	0.0
25.0	26.347413410301957	23.775255328596803	23.712255772646536	26.165075488454708	0.0
26.0	26.25416296625222	23.662855239786857	23.803841030195382	26.27914076376554	0.0
27.0	26.248889875666077	23.80328596802842	23.65341918294849	26.294404973357015	0.0
28.0	26.138987566607458	23.825210923623448	23.728630106571934	26.30717140319716	0.0
29.0	26.158969804618117	23.849633658969804	23.778030639431616	26.213365896980463	0.0
30.0	26.243616785079926	23.7411190053286	23.759436056838364	26.255828152753107	0.0
31.0	26.307448934280643	23.62871891651865	23.86656305506217	26.19726909413854	0.0
32.0	26.251110124333927	23.703929840142095	23.785523978685614	26.259436056838364	0.0
33.0	26.206705150976912	23.81161190053286	23.769982238010655	26.211700710479573	0.0
34.0	26.316607460035524	23.71974911190053	23.837699822380106	26.125943605683837	0.0
35.0	26.186445381882773	23.886545293072825	23.736123445825932	26.190885879218474	0.0
36.0	26.243339253996446	23.865452930728242	23.587644316163413	26.3035634991119	0.0
37.0	26.13066163410302	23.693661190053287	23.818827708703374	26.35684946714032	0.0
38.0	26.164242895204264	23.705039964476022	23.773867673179396	26.35684946714032	0.0
39.0	26.256310345497486	23.781850072574176	23.731339555562954	26.230500026365377	0.0
40.0	26.238548405449585	23.738000283080922	23.8678844696812	26.155566841788296	0.0
41.0	26.344009924484002	23.795449057923353	23.677776205106003	26.182764812486642	0.0
42.0	26.20996278318499	23.813488528284502	23.76686343565876	26.209685252871743	0.0
43.0	26.33929190915878	23.70358652423811	23.731894616189454	26.22522695041366	0.0
44.0	26.34595263667674	23.77935229975494	23.670005356335043	26.204689707233275	0.0
45.0	26.194348388385947	23.705463446583888	23.760691825644837	26.339496339385327	0.0
46.0	26.2035068633056	23.715454510132602	23.661336249243732	26.419702377318067	0.0
47.0	26.260955478710706	23.77956383457019	23.76596488696222	26.193515799756884	0.0
48.0	26.251797003791054	23.74237487580553	23.85560692935763	26.150221191045787	0.0
49.0	26.0847242188931	23.9055622471012	23.693529676234036	26.31618385777166	0.0
50.0	26.34948740293404	23.772625595994693	23.710458978358247	26.16742802271302	0.0
51.0	26.262620655968828	23.659948601528633	23.805096552528017	26.272334189974522	0.0
52.0	26.255682417393334	23.814255027447672	23.6441294175765	26.285933137582496	0.0
53.0	26.154384134191083	23.81703032287787	23.7223927487081	26.306192794222945	0.0
54.0	26.17103590677228	23.85144398621233	23.776788539139993	26.2007315678754	0.0
55.0	26.248189119731798	23.73987710991835	23.7615244142739	26.250409356075956	0.0
56.0	26.302584910163684	23.636081060828925	23.87364634965392	26.187687679353466	0.0
57.0	26.247911590188778	23.706573564755967	23.781784070914348	26.26373077414091	0.0
58.0	26.208502395079957	23.813699968361632	23.765132298333157	26.212665338225253	0.0
59.0	26.322844566804136	23.72683322139642	23.82979668185678	26.12052552994266	0.0
60.0	26.18269214757911	23.886412708632836	23.732106282713794	26.198788861074263	0.0
61.0	26.237920526640064	23.866708111078424	23.591398804402726	26.303972557878787	0.0
62.0	26.135234595722718	23.68575884902948	23.830629270485844	26.348377284761966	0.0
63.0	26.15854707733638	23.696860030750276	23.789277368575885	26.35531552333746	0.0
64.0	26.259772481912062	23.788101231395164	23.73204041929047	26.220085867402304	0.0
65.0	26.235349949906055	23.732317948063265	23.875522794825756	26.156809307204927	0.0
66.0	26.340810883568356	23.792541691759894	23.693463919871892	26.173183504799862	0.0
67.0	26.20898471649048	23.817241752538695	23.772559620118617	26.201213910852207	0.0
68.0	26.334427721794057	23.707617887284464	23.735370764564014	26.222583626357466	0.0
69.0	26.34053335479556	23.771449505027434	23.679032423686525	26.20898471649048	0.0
70.0	26.18587715500494	23.712270068049865	23.764722860536626	26.337129916408564	0.0
71.0	26.19892097112599	23.713657708062744	23.66064985957083	26.42677146124044	0.0
72.0	26.26525016374152	23.778599260665402	23.760837468500572	26.195313107092506	0.0
73.0	26.253038931628204	23.745295900356346	23.849646429324718	26.152018738690735	0.0
74.0	26.09068505012156	23.900711581798603	23.694785803887612	26.313817564192227	0.0
75.0	26.351283844539914	23.76333522052375	23.71088242803699	26.174498506899347	0.0
76.0	26.254704099643654	23.6587071635528	23.806629588925524	26.279959147878017	0.0
77.0	26.2383299474917	23.81773070902854	23.65343413150387	26.29050521197589	0.0
78.0	26.156181658729366	23.821893629067173	23.729476804209547	26.292447907993914	0.0
79.0	26.16450749880663	23.85020148532987	23.77693409264995	26.208356923213554	0.0
80.0	26.24832095558442	23.733084668243027	23.768608252572683	26.24998612359987	0.0
81.0	26.302438916086636	23.622350995215417	23.877954285587418	26.197255803110536	0.0
82.0	26.257201851666835	23.69672849990564	23.781374540691154	26.26469510773637	0.0
83.0	26.222233323342326	23.8080172289384	23.762225108513448	26.207524339205822	0.0
84.0	26.326028796305543	23.722816132147734	23.827166661116106	26.12398841043061	0.0
85.0	26.180326594953428	23.886557653667257	23.731974556232725	26.201141195146587	0.0
86.0	26.22972657941186	23.86407788545864	23.594875722960445	26.31131981216905	0.0
87.0	26.134256946525902	23.684794795794893	23.83799025321655	26.342958004462652	0.0
88.0	26.149520986667557	23.69867119592367	23.790532964776144	26.361274852632633	0.0
89.0	26.253521126760564	23.78741414001249	23.74273225560258	26.216332477624366	0.0
90.0	26.247138000416292	23.72580309442864	23.88121834455006	26.14584056060501	0.0
91.0	26.34260736834802	23.783528758759452	23.69916048012211	26.174703392770414	0.0
92.0	26.206341497259416	23.810171373065984	23.775202941788663	26.208284187885937	0.0
93.0	26.335114133074306	23.707486297092903	23.74134461944078	26.21605495039201	0.0
94.0	26.34094220495386	23.77104003330327	23.688336918060084	26.19968084368279	0.0
95.0	26.192669971081745	23.700482340991215	23.774581906384775	26.33226578154227	0.0
96.0	26.21015413819708	23.701592446839808	23.66440390091195	26.423849514051167	0.0
97.0	26.26565943062671	23.772916747611887	23.766811165444626	26.194612656316778	0.0
98.0	26.253170739830047	23.741556257389142	23.85839489795352	26.146878104827298	0.0
99.0	26.093037971170553	23.899746340813596	23.6952093382104	26.312006349805454	0.0
100.0	26.353635319127676	23.770974062376848	23.70547781730988	26.16991280118559	0.0
101.0	26.26288416600523	23.66301626860121	23.800669393826702	26.273430171566858	0.0
102.0	26.237906784411898	23.817043455093444	23.661628636290473	26.283421124204192	0.0
103.0	26.15603647807819	23.81454571693411	23.734063042911142	26.295354762076563	0.0
104.0	26.17796106858789	23.846183733619	23.776802118081957	26.19905307971115	0.0
105.0	26.24873031643567	23.731565304751808	23.774581906384775	26.245122472427745	0.0
106.0	26.305623241176047	23.6191670875818	23.885870017706186	26.189339653535963	0.0
107.0	26.257333636762265	23.696041917596844	23.788458229492182	26.25816621614871	0.0
108.0	26.21237434989426	23.805387343683222	23.769863956528255	26.21237434989426	0.0
109.0	26.31866698489701	23.736283254608324	23.82842204004152	26.116627720453145	0.0
110.0	26.18684191537663	23.886147544168338	23.737948413381215	26.189062127073814	0.0
111.0	26.236519152101152	23.871993694598782	23.590026809056244	26.30146034424382	0.0
112.0	26.133834361106334	23.68438580618662	23.838690519141	26.343089313566047	0.0
113.0	26.146878104827298	23.698817182218324	23.793731232272997	26.36057348068138	0.0
114.0	26.265864062365573	23.776458605655417	23.744820676774154	26.21285665520486	0.0
115.0	26.25309788053629	23.718733261731707	23.875812803370273	26.152356054361732	0.0
116.0	26.344681358876798	23.793387672863815	23.6990289376039	26.162902030655488	0.0
117.0	26.20064552475945	23.810871791456094	23.784506850721705	26.20397583306275	0.0
118.0	26.335245485350807	23.70846481112989	23.736772431707863	26.219517271811437	0.0
119.0	26.34773414148815	23.761472218290606	23.689038012694024	26.201755627527216	0.0
120.0	26.19794297386256	23.692156547126768	23.782075120862775	26.327825358147898	0.0
121.0	26.21348445574285	23.695486864672546	23.672174641852102	26.418854037732498	0.0
122.0	26.267047062937447	23.766811165444626	23.774304379922626	26.191837391695298	0.0
123.0	26.241237101957672	23.74655173370781	23.857284792104927	26.154926372229593	0.0
124.0	26.095813235792033	23.901689026048633	23.697429549907582	26.305068188251752	0.0
125.0	26.361128533605676	23.763480847898848	23.7101957671664	26.165194851329076	0.0
126.0	26.26427179831597	23.659963477517582	23.80261207906174	26.27315264510471	0.0
127.0	26.24012699610908	23.813158084623367	23.66634658614699	26.280368333120563	0.0
128.0	26.15797916331322	23.808162608304702	23.741556257389142	26.29230197099293	0.0
129.0	26.175463330428556	23.852011789324113	23.777634697468404	26.19489018277893	0.0
130.0	26.239294416722636	23.730732725365364	23.78263017378707	26.24734268412493	0.0
131.0	26.29875806563519	23.635884271144107	23.88815652535905	26.177201137861655	0.0
132.0	26.260459307569555	23.699993061819193	23.783528758759452	26.2560188718518	0.0
133.0	26.21438978699785	23.8093387913689	23.77104003330327	26.20523138832998	0.0
134.0	26.321515298688684	23.717477277457853	23.831540969957675	26.129466453895787	0.0
135.0	26.18802469992368	23.877332963297025	23.74162214667314	26.193020190106154	0.0
136.0	26.23520432942483	23.85984874765836	23.601193367099146	26.303753555817664	0.0
137.0	26.13501699854298	23.67640324706862	23.843752168181503	26.344827586206897	0.0
138.0	26.146950669534448	23.694442517172	23.800735447165753	26.3578713661278	0.0
139.0	26.27080072379303	23.76416780453148	23.75056893240528	26.21446253927021	0.0
140.0	26.248598483586992	23.721706020137432	23.8826722616312	26.147023234644372	0.0
141.0	26.348508564514162	23.79025543677357	23.689790299841253	26.171445698871015	0.0
142.0	26.207524339205822	23.821616101064595	23.78054195668343	26.190317603046147	0.0
143.0	26.344623172478105	23.69978130793397	23.73030938821727	26.225286131370655	0.0
144.0	26.341643469886737	23.762568584297977	23.694574034963075	26.201213910852207	0.0
145.0	26.194625917928967	23.70490838749785	23.775678420967914	26.324787273605278	0.0
146.0	26.218215929085652	23.694084735320075	23.676877903652844	26.41082143194143	0.0
147.0	26.262620655968828	23.777066068683013	23.768185123306377	26.192128152041782	0.0
148.0	26.237087938011	23.746260289407807	23.85643951798669	26.1602122545945	0.0
149.0	26.096657989242956	23.89529365400947	23.706573564755967	26.30147479199161	0.0
150.0	26.36558411642919	23.770405359650535	23.70463085795483	26.159379665965442	0.0
151.0	26.266783599114124	23.653010362953136	23.803153845726875	26.277052192205865	0.0
152.0	26.23930817435516	23.810369613845396	23.670494724163387	26.27982748763606	0.0
153.0	26.157714488707324	23.812589850189553	23.73987710991835	26.289818551184773	0.0
154.0	26.172146024944354	23.844783277179857	23.788999839032865	26.19407085884292	0.0
155.0	26.24180594024234	23.732661341799837	23.78372677771549	26.24180594024234	0.0
156.0	26.296552240918516	23.619772369637072	23.88953183411458	26.19414355532983	0.0
157.0	26.256032815184238	23.696370736093648	23.79433893667036	26.253257512051754	0.0
158.0	26.222451647281176	23.799612012622077	23.768251087225	26.209685252871743	0.0
159.0	26.31542430221941	23.714965267081297	23.837078604910623	26.132531825788675	0.0
160.0	26.18359740342639	23.88065086409063	23.747713844044615	26.188037888438366	0.0
161.0	26.235495572003853	23.85706078746451	23.602565490215667	26.304878150315968	0.0
162.0	26.143633038318608	23.675555962600015	23.839576377729855	26.341234621351518	0.0
163.0	26.151403887089568	23.69803591797314	23.787678209152393	26.3628819857849	0.0
164.0	26.26526420959148	23.76110124333925	23.757215808170514	26.216418738898756	0.0
165.0	26.25832593250444	23.722801953818827	23.868505772646536	26.150366341030196	0.0
166.0	26.35851465364121	23.78302619893428	23.687555506216697	26.170903641207815	0.0
167.0	26.216141207815273	23.811334369449376	23.779973357015987	26.19255106571936	0.0
168.0	26.34852353463588	23.690608348134994	23.73945381882771	26.22141429840142	0.0
169.0	26.347764064620517	23.76033459240284	23.690674097119498	26.201227245857144	0.0
170.0	26.201855028058546	23.69962089043567	23.777052492520497	26.321471588985286	0.0
171.0	26.212678800392986	23.690462313844993	23.686576857109554	26.410282028652464	0.0
172.0	26.261802074833895	23.773444568409015	23.772334437913177	26.192418918843913	0.0
173.0	26.25014570462758	23.743748577645302	23.853096431485522	26.153009286241595	0.0
174.0	26.10804900116009	23.887788009480516	23.70406141241903	26.30010157694037	0.0
175.0	26.363101482579275	23.764841057066256	23.714885184753467	26.157172275601	0.0
176.0	26.274013510288135	23.648832420251	23.810356407395687	26.266797662065176	0.0
177.0	26.239599464917102	23.80730354853213	23.66992489967196	26.283172086878814	0.0
178.0	26.163277993328116	23.81146653789153	23.74014065353382	26.28511481524653	0.0
179.0	26.183260342253234	23.835889408800004	23.80258549392481	26.178264755021953	0.0
180.0	26.234048812437905	23.731259609567104	23.786211069111175	26.24848050888382	0.0
181.0	26.304060036023834	23.62058964744933	23.88341377176209	26.19193654476475	0.0
182.0	26.257156892403078	23.692470796548594	23.794048018827866	26.256324292220462	0.0
183.0	26.2238528850984	23.7859995503959	23.780448882511788	26.20969868199391	0.0
184.0	26.329593108290755	23.70995540038355	23.827352026132544	26.133099465193148	0.0
185.0	26.189161210822693	23.868149435080777	23.742426807505613	26.20026254659092	0.0
186.0	26.236896954626065	23.849832231063203	23.605602844162224	26.307667970148508	0.0
187.0	26.150584069028106	23.66721525767588	23.83734322832395	26.344857444972064	0.0
188.0	26.15752240388325	23.684144794722425	23.79765595295254	26.360676848441788	0.0
189.0	26.269718802384574	23.762475160692283	23.760532421541093	26.207273615382054	0.0
190.0	26.262502914108726	23.725285582655225	23.875709099790186	26.136502403445867	0.0
191.0	26.365190554957312	23.787175701328835	23.689206141275992	26.15842760243786	0.0
192.0	26.218520512663957	23.807012772193143	23.7845323800907	26.189934335052207	0.0
193.0	26.33813840150535	23.692668061746144	23.745399845690148	26.223793691058354	0.0
194.0	26.344872374851864	23.75739981627085	23.690791062215354	26.20693674666193	0.0
195.0	26.192300006660897	23.698905393103757	23.783831790226248	26.324962810009104	0.0
196.0	26.233653056240147	23.68724882879282	23.67614733897289	26.40295077599414	0.0
197.0	26.25696618486201	23.77051000244233	23.769954927951332	26.20256888474433	0.0
198.0	26.241979173605095	23.73498523501854	23.863484979684273	26.15955061169209	0.0
199.0	26.09904749217345	23.892071315970604	23.7080641222052	26.300817069650744	0.0
200.0	26.358822353959898	23.764404183041364	23.716390239570153	26.160383223428585	0.0
201.0	26.270287972645928	23.6409001087946	23.818801483159042	26.270010435400433	0.0
202.0	26.241424099114102	23.813805812740068	23.66421323741646	26.28055685072937	0.0
203.0	26.16648904282955	23.813528275494573	23.732764937054554	26.287217744621326	0.0
204.0	26.173705011212505	23.83378849441595	23.799651413219657	26.19285508115189	0.0
205.0	26.229913130359968	23.72679081901696	23.78757181316089	26.255724237462186	0.0
206.0	26.304921608952313	23.608902358808688	23.88782961291558	26.198346419323414	0.0
207.0	26.25440940970112	23.69327438393157	23.79124584731439	26.261070359052923	0.0
208.0	26.222769900280035	23.77459347393487	23.78180950239933	26.22082712338576	0.0
209.0	26.32747538217303	23.71387812649178	23.81490280537762	26.14374368595757	0.0
210.0	26.19425602540049	23.861807120574618	23.749958368951006	26.19397848507388	0.0
211.0	26.238940017984614	23.836273410526548	23.618681794464734	26.306104777024103	0.0
212.0	26.150827352306095	23.665439931613683	23.84362181035009	26.34011090573013	0.0
213.0	26.152215061642046	23.678484399371648	23.80504349081059	26.364257048175716	0.0
214.0	26.274406405684076	23.767363761257823	23.757649768945754	26.20058006411235	0.0
215.0	26.25692121952235	23.740442125421517	23.876160475152997	26.126476179903136	0.0
216.0	26.36433022023008	23.789844714894326	23.68632131111142	26.159503753764174	0.0
217.0	26.218765872057688	23.81051503873129	23.781095355853267	26.18962373335776	0.0
218.0	26.351154445008785	23.697554558246807	23.73724337571433	26.21404762103008	0.0
219.0	26.34290123285466	23.76284339248741	23.689849071057058	26.20440630360087	0.0
220.0	26.20003830130918	23.70018401281151	23.77845190549013	26.321325780389177	0.0
221.0	26.236674336180027	23.681310903938652	23.67936808390762	26.402646675973703	0.0
222.0	26.273587916769593	23.76735007674139	23.76401952811677	26.195042478372248	0.0
223.0	26.25304953358442	23.73931795915082	23.857829981043626	26.149802526221134	0.0
224.0	26.108170668413354	23.88724982722779	23.701294195686383	26.303285308672468	0.0
225.0	26.36060605219554	23.76748200799891	23.713360292423793	26.158551647381756	0.0
226.0	26.267905267569436	23.6411980049903	23.826599574242504	26.264297153197763	0.0
227.0	26.24431375052387	23.812444664015164	23.673948581594733	26.269293003866235	0.0
228.0	26.171186548874957	23.821180859124556	23.735418279919067	26.27221431208142	0.0
229.0	26.17285184167506	23.83811133592564	23.807580967923688	26.18145585447561	0.0
230.0	26.231487443657436	23.732986211337344	23.784887980993403	26.250638364011813	0.0
231.0	26.307053941908716	23.619256442637283	23.890978226175772	26.18271138927823	0.0
232.0	26.25653977990258	23.699468491097573	23.806325372264396	26.23766635673545	0.0
233.0	26.217960282546247	23.785509096712413	23.784121345008952	26.212409275732384	0.0
234.0	26.31462083742721	23.723958767006945	23.829150638090006	26.13226975747584	0.0
235.0	26.189445286349482	23.864677180302753	23.751713878110653	26.194163655237112	0.0
236.0	26.238849384114083	23.846358806974305	23.61155056703692	26.30324124187469	0.0
237.0	26.141984046362136	23.66234242035671	23.849966971417786	26.34570656186337	0.0
238.0	26.145592210805617	23.687599571461085	23.809444509206372	26.357363708526925	0.0
239.0	26.279444785216477	23.764547187983116	23.751779801439383	26.204228225361025	0.0
240.0	26.257251505815084	23.715546673328337	23.889027673689178	26.138174147167405	0.0
241.0	26.357718838045272	23.782876018375873	23.68849842472693	26.17090671885192	0.0
242.0	26.214131252481003	23.81904135333128	23.783786784811113	26.183040609376608	0.0
243.0	26.35307704266329	23.69606014169276	23.73659137850623	26.214271437137715	0.0
244.0	26.328560085729674	23.764720906602406	23.689762966335557	26.216956041332363	0.0
245.0	26.201899050474765	23.69842856349603	23.781720250985618	26.317952135043587	0.0
246.0	26.224237359195694	23.674558463806665	23.695382368538688	26.405821808458946	0.0
247.0	26.26621907165685	23.75974254957004	23.774736427070057	26.199301951703053	0.0
248.0	26.249892400265455	23.72969835976353	23.862705515492973	26.157703724478036	0.0
249.0	26.115086538434838	23.876444274135103	23.70400606449356	26.304463122936504	0.0
