# Position (bp)	A	C	G	T	N
0.0	26.227954739730958	23.70006073694156	23.803819678769063	26.268164844558424	0.0
1.0	26.369111890943447	23.724243037746884	23.629200971791064	26.277444099518604	0.0
2.0	26.297896989312015	23.753138769461778	23.848180568169997	26.10078367305621	0.0
3.0	26.459977673989638	23.67091348249208	23.74289658895678	26.12621225456151	0.0
4.0	26.175761018102474	23.68364816304036	23.881318854353538	26.25927196450363	0.0
5.0	26.159573510887167	23.815401745546158	23.743982814468236	26.281041929098436	0.0
6.0	26.355834982904447	23.77378756523304	23.64838267050567	26.221994781356848	0.0
7.0	26.272385006649777	23.70020047743434	23.856814686307644	26.17059982960824	0.0
8.0	26.279755042822515	23.67610092955513	23.737677630506056	26.306466397116296	0.0
9.0	26.132542315694764	23.78760614069617	23.837935106562448	26.24191643704662	0.0
10.0	26.22306446533807	23.839353997030905	23.79352422511134	26.14405731251968	0.0
11.0	26.33468667056548	23.684994826577892	23.683870169598272	26.296448333258354	0.0
12.0	26.20282063970489	23.843009132214675	23.682183184128842	26.271987043951594	0.0
13.0	26.22868775023618	23.637478069188898	23.772436906743444	26.361397273831482	0.0
14.0	26.315005173422108	23.73194925547708	23.804489630662648	26.148555940438168	0.0
15.0	26.274162484360282	23.883991958725204	23.663840973950208	26.178004582964302	0.0
16.0	26.112212334640745	23.753532115895577	23.70770247283258	26.426553076631098	0.0
17.0	26.10658906555326	23.817637383492894	23.77518170188239	26.30059184907146	0.0
18.0	26.307058608522066	23.642472551417768	23.705172001743215	26.345296838316955	0.0
19.0	26.26769572490968	23.783616605513615	23.705172001743215	26.243515667833496	0.0
20.0	26.282804653804416	23.72534906344717	23.707354652960923	26.2844916297875	0.0
21.0	26.139411695242167	23.709603954271703	23.829098086406912	26.321886264079218	0.0
22.0	26.292645347039077	23.712134418246333	23.73631440733722	26.258905827377372	0.0
23.0	26.350283693127825	23.819257393172247	23.7155083702125	26.11495054348743	0.0
24.0	26.304454178920672	23.698357447717804	23.72366208746408	26.273526285897443	0.0
25.0	26.227696771690294	23.695545821079328	23.797607868055984	26.279149539174394	0.0
26.0	26.367996940950217	23.71831999685098	23.627504456428223	26.286178605770584	0.0
27.0	26.298830925643724	23.753465329831922	23.84287505693544	26.104828687588917	0.0
28.0	26.46021829469221	23.66518025338379	23.743343473933407	26.131257977990586	0.0
29.0	26.18355423346623	23.682050013214646	23.866211558034784	26.268184195284338	0.0
30.0	26.16696563629922	23.816726929197618	23.736033244673376	26.280274189829782	0.0
31.0	26.35731275972401	23.772303228309706	23.640719101629056	26.229664910337224	0.0
32.0	26.2726827979059	23.69048489313007	23.853840400825494	26.182991908138536	0.0
33.0	26.27718140052746	23.67670792260154	23.737157895328764	26.30895278154223	0.0
34.0	26.126759375369023	23.79029763879595	23.829941574398454	26.25300141143657	0.0
35.0	26.224885145051818	23.838938779641573	23.792265777442882	26.143910297863727	0.0
36.0	26.332570445305425	23.688797917146985	23.68261233854234	26.296019299005245	0.0
37.0	26.19508190268398	23.847935984884693	23.678676061248474	26.278306051182852	0.0
38.0	26.234163512958787	23.636220499007496	23.770053926998926	26.35956206103479	0.0
39.0	26.307546968222994	23.734908594017984	23.811384838584516	26.146159599174506	0.0
40.0	26.270078472278847	23.883295329620122	23.664832554046342	26.18179364405469	0.0
41.0	26.113190146963312	23.748899954170614	23.705038701931862	26.43287119693421	0.0
42.0	26.109535042610084	23.819190422501947	23.766894314063435	26.304380220824537	0.0
43.0	26.30466138269786	23.63980914732039	23.706444511298493	26.34908495868326	0.0
44.0	26.26642336792562	23.784607512082932	23.70278940694526	26.246179713046192	0.0
45.0	26.2790017656916	23.72999538895824	23.705534374753984	26.285468470596175	0.0
46.0	26.140389351867473	23.716780818066287	23.82221622411912	26.32061360594712	0.0
47.0	26.290810531169516	23.716499656983476	23.740960671187736	26.25172914065927	0.0
48.0	26.33945139849523	23.826433640361238	23.71874894564594	26.1153660154976	0.0
49.0	26.296996074991284	23.70834598558206	23.724934489467707	26.26972344995895	0.0
50.0	26.223331871295702	23.69766186443537	23.797755209914865	26.28125105435406	0.0
51.0	26.361100801871405	23.72212287863963	23.632432493224016	26.284343826264944	0.0
52.0	26.28884240358986	23.767670974054454	23.842740983164074	26.100745639191608	0.0
53.0	26.45332163703229	23.67601246105919	23.73927370469089	26.13139219721763	0.0
54.0	26.182563514288603	23.67966755513569	23.873387541190098	26.264381389385605	0.0
55.0	26.16147643307804	23.820810418705086	23.742647637684584	26.275065510532293	0.0
56.0	26.35435293588403	23.777511611952722	23.63102668780998	26.237108764353273	0.0
57.0	26.269161127793332	23.695131414690103	23.851738137813918	26.183969319702644	0.0
58.0	26.266911839130874	23.67966755513569	23.73280699978632	26.32061360594712	0.0
59.0	26.1190211095741	23.796349404500827	23.833462667431423	26.251166818493648	0.0
60.0	26.22248838804728	23.847239560488994	23.79241314934152	26.1378589021222	0.0
61.0	26.321457089195544	23.694287931441682	23.68416613246061	26.30008884690217	0.0
62.0	26.193247635435295	23.85595555405603	23.67376317239673	26.277033638111945	0.0
63.0	26.229798576200274	23.63496294296929	23.76907677946849	26.366161701361946	0.0
64.0	26.301213491233398	23.741241832270543	23.81068861972401	26.146856056772044	0.0
65.0	26.265713345835596	23.8932827994568	23.6587951156834	26.182208739024205	0.0
66.0	26.11501142916588	23.74426784454085	23.70378076245048	26.436939963842786	0.0
67.0	26.10545197922788	23.822992726383237	23.765636026755214	26.30591926763367	0.0
68.0	26.300858382372372	23.65007914662228	23.69197203017412	26.35709044083122	0.0
69.0	26.27133655168148	23.788972331015636	23.693658991927887	26.246032125374995	0.0
70.0	26.28279022689572	23.725644558157843	23.704276436022155	26.287288778924285	0.0
71.0	26.14024235949054	23.72030252762392	23.822363426772007	26.317091686113532	0.0
72.0	26.287288778924285	23.725363398656057	23.72958079118284	26.257767031236824	0.0
73.0	26.335648213231366	23.837264880366632	23.716647454100713	26.110439452301293	0.0
74.0	26.300784435009984	23.708493828548935	23.71720977310428	26.273511963336798	0.0
75.0	26.21896701999044	23.695279331965025	23.802963421148817	26.28279022689572	0.0
76.0	26.35785981387241	23.720583687125707	23.634548879579388	26.287007619422496	0.0
77.0	26.292068490454636	23.76528804790958	23.84035763488627	26.102285826749515	0.0
78.0	26.450361289959794	23.68150251637754	23.73745325723283	26.13068293642984	0.0
79.0	26.178761211235134	23.682908313886468	23.87494025360587	26.263390221272527	0.0
80.0	26.162453960131582	23.82039531025951	23.73857789523997	26.278572834368934	0.0
81.0	26.362077206399192	23.781876458514915	23.623864818511542	26.232181516574354	0.0
82.0	26.26620181629038	23.698090926982875	23.8513228554559	26.184384401270837	0.0
83.0	26.27294964433323	23.679253240363256	23.736047459723903	26.311749655579607	0.0
84.0	26.122248151376276	23.7936851575899	23.833328647341638	26.250738043692184	0.0
85.0	26.222903253015435	23.84457502741305	23.79509095509883	26.137430764472686	0.0
86.0	26.320746759636744	23.69612281047038	23.68459527089718	26.2985351589957	0.0
87.0	26.188320634295835	23.856383726488037	23.683751792391824	26.2715438468243	0.0
88.0	26.224027891022576	23.63173728456153	23.776534427980994	26.367700396434895	0.0
89.0	26.299378637501054	23.74391992577389	23.809148930188094	26.147552506536957	0.0
90.0	26.27315693435788	23.89399191949864	23.658099760733936	26.17475138540955	0.0
91.0	26.116551532174398	23.742166215406936	23.708989487475783	26.432292764942883	0.0
92.0	26.10811677083597	23.823421082967126	23.76072269035148	26.30773945584543	0.0
93.0	26.299585853218282	23.642354872902203	23.696618504179423	26.36144076970009	0.0
94.0	26.266971442709696	23.790806672458537	23.69830545644711	26.24391642838466	0.0
95.0	26.285172855889694	23.720450302525922	23.707798196090778	26.286578645493602	0.0
96.0	26.14009536876673	23.717357565397332	23.819699048561596	26.322848017274342	0.0
97.0	26.290796014305318	23.71988798668436	23.72832272430779	26.26099327470254	0.0
98.0	26.340560966283544	23.82729031242268	23.715951775793428	26.11619694550035	0.0
99.0	26.307103173710612	23.702737353516724	23.72016914460514	26.269990328167523	0.0
100.0	26.230628219258197	23.691772194606266	23.80058030994849	26.277019276187048	0.0
101.0	26.361928968262895	23.719044512922018	23.63301018916305	26.28601632965204	0.0
102.0	26.294451067275464	23.772464517870397	23.83909894509548	26.09398546975865	0.0
103.0	26.46089655637779	23.68361861490362	23.7384444094559	26.117040419262693	0.0
104.0	26.183956004408554	23.67855777232956	23.879023369846376	26.258462853415505	0.0
105.0	26.166243055399356	23.825041049056434	23.739006725297465	26.269709170246745	0.0
106.0	26.365584021233047	23.780055781731484	23.62766818866821	26.22669200836726	0.0
107.0	26.269428012325964	23.69964461638813	23.84725252479813	26.183674846487776	0.0
108.0	26.275332328662365	23.68305629906206	23.72241840797139	26.31919296430419	0.0
109.0	26.13137947322252	23.787084729751008	23.830945365392832	26.25059043163364	0.0
110.0	26.230909377178975	23.84191052430329	23.789615151038035	26.137564947479703	0.0
111.0	26.321161069749653	23.697114195101104	23.678838930250343	26.302885804898896	0.0
112.0	26.19042263658652	23.846971366877348	23.6898040891608	26.27280190737534	0.0
113.0	26.232315166782875	23.63244787332149	23.76993409658337	26.365302863312266	0.0
114.0	26.303729278661237	23.741255988663713	23.807328100047233	26.147686632627813	0.0
115.0	26.276101925082873	23.892170617392942	23.65740441360463	26.174323043919557	0.0
116.0	26.115561203689907	23.743438495471963	23.706888068534862	26.43411223230327	0.0
117.0	26.11303078951734	23.82160017769131	23.758339823377092	26.307029209414267	0.0
118.0	26.29409598142114	23.64587697126293	23.70407649723201	26.35595055008392	0.0
119.0	26.26513679700174	23.795452564574767	23.696204097584015	26.24320654083948	0.0
120.0	26.283204750444227	23.726916934703883	23.704705458962188	26.285172855889694	0.0
121.0	26.134472210351113	23.717919881238895	23.818574416878473	26.329033491531522	0.0
122.0	26.293045277671563	23.72157493420905	23.727198092624665	26.258181695494727	0.0
123.0	26.339155176679636	23.82026136440316	23.719044512922018	26.121538945995187	0.0
124.0	26.304853910344363	23.70105040599204	23.722137250050608	26.27195843361299	0.0
125.0	26.23287748262444	23.688679457477676	23.79973683618615	26.278706223711733	0.0
126.0	26.359117389055086	23.71651409163499	23.635259452529297	26.28910906678063	0.0
127.0	26.297617742239314	23.766345864577097	23.83747901853117	26.09855737465242	0.0
128.0	26.447756494063334	23.681717092481534	23.74329085025206	26.127235563203072	0.0
129.0	26.173907909275705	23.680030140213848	23.879090507800747	26.266971442709696	0.0
130.0	26.166671352658362	23.811398206202377	23.746169201788174	26.275761239351088	0.0
131.0	26.363483003908115	23.77681558748278	23.62527061602047	26.234430792588636	0.0
132.0	26.256080074226105	23.704838755025726	23.84457502741305	26.19450614333512	0.0
133.0	26.26760761379931	23.68403295189361	23.725363398656057	26.322996035651023	0.0
134.0	26.123372789383414	23.783001096522057	23.83417212584699	26.259453988247532	0.0
135.0	26.225996007535073	23.83614024235949	23.79115472207383	26.1467090280316	0.0
136.0	26.316529367109958	23.69303005595074	23.678409761857903	26.312030815081393	0.0
137.0	26.185020341947148	23.8443609085976	23.683256061113	26.287362688342252	0.0
138.0	26.219040737314753	23.631803727623154	23.775757797277805	26.373397737784288	0.0
139.0	26.295797497111078	23.738363478402672	23.816244879368178	26.149594145118073	0.0
140.0	26.26663067804807	23.8882890785789	23.65886163500793	26.186218608365103	0.0
141.0	26.103276088936873	23.742366476601777	23.70947062991329	26.444886804548062	0.0
142.0	26.106931183013373	23.822778546284738	23.767952135137264	26.30233813556463	0.0
143.0	26.291654014417944	23.64367893653632	23.70469089150556	26.359976157540178	0.0
144.0	26.26016397314349	23.79494359908679	23.703566247174333	26.241326180595387	0.0
145.0	26.275701709745352	23.72696932805124	23.710943101271695	26.286385860931716	0.0
146.0	26.13005985936283	23.710380777525046	23.822002041235198	26.337557321876925	0.0
147.0	26.2939772315115	23.720502604964757	23.72809397554454	26.257426187979206	0.0
148.0	26.33109059879044	23.8208773937419	23.71965911934478	26.12837288812288	0.0
149.0	26.304454178920672	23.694702333087786	23.720006972834064	26.28083651515748	0.0
150.0	26.234725838286483	23.686548615836205	23.79620205473675	26.282523491140562	0.0
151.0	26.359280898370947	23.71578953287635	23.63087840839439	26.29405116035831	0.0
152.0	26.296374397255846	23.770401923158026	23.836756498390336	26.096467181195788	0.0
153.0	26.44257939353043	23.683241252302025	23.73947394317687	26.134705410990676	0.0
154.0	26.168445025515584	23.68211659848453	23.881742651090214	26.26769572490968	0.0
155.0	26.16570695937739	23.813768050744525	23.74403931800801	26.27648567187008	0.0
156.0	26.358866795627335	23.776935534661927	23.625388006657968	26.23880966305277	0.0
157.0	26.25314903954294	23.702989338251832	23.84807008862297	26.19579153358226	0.0
158.0	26.26636375905349	23.688368797516755	23.719859192946153	26.3254082504836	0.0
159.0	26.125781636600838	23.786213954743804	23.838229340051285	26.249775068604077	0.0
160.0	26.22615727203203	23.841040982500335	23.796054703315487	26.13674704215214	0.0
161.0	26.31416168068739	23.702427009762022	23.675435242251115	26.30797606729947	0.0
162.0	26.18293159535853	23.850386461341213	23.682812100218463	26.283869843081792	0.0
163.0	26.22117004017848	23.63445171412264	23.78065753255188	26.363720713147	0.0
164.0	26.304113725633538	23.729485496101645	23.815521996946547	26.15087878131827	0.0
165.0	26.26876078973857	23.889254404462665	23.66010425628827	26.18188054951049	0.0
166.0	26.115806580404993	23.736581360955064	23.710995270790807	26.436616787849136	0.0
167.0	26.11496308292705	23.825992093616975	23.763573280249226	26.29547154320675	0.0
168.0	26.295190377380774	23.64885762324904	23.7022791301854	26.353672869184784	0.0
169.0	26.262856307392973	23.800124837626736	23.70902711000894	26.22799174497135	0.0
170.0	26.282330646317703	23.723152102704542	23.713873604359208	26.28064364661855	0.0
171.0	26.130219506777518	23.71612293729141	23.827183750818897	26.326473805112172	0.0
172.0	26.297232476993543	23.72202743623844	23.7315871012003	26.24915298556772	0.0
173.0	26.328441971427846	23.820154585405763	23.723152102704542	26.128251340461844	0.0
174.0	26.306584940673677	23.69453972895462	23.720407130405444	26.27846819996626	0.0
175.0	26.2388235955688	23.68441770229995	23.793229488837653	26.283529213293594	0.0
176.0	26.35663273913288	23.710566271157848	23.63802508013271	26.29477590957656	0.0
177.0	26.294568673926427	23.771646436614844	23.837439794859684	26.096345094599037	0.0
178.0	26.446118332447654	23.676330417619123	23.74324844865447	26.134302801278753	0.0
179.0	26.17254167615609	23.68026677238591	23.88861240682789	26.258579144630108	0.0
180.0	26.160806167722928	23.810514595482175	23.746408066175935	26.282271170618966	0.0
181.0	26.357343290464435	23.775930809935385	23.62803592214993	26.238689977450246	0.0
182.0	26.260621158528696	23.693829465385285	23.851846436745415	26.193702939340604	0.0
183.0	26.265119862339663	23.686800240680654	23.719978181286518	26.328101715693165	0.0
184.0	26.123973030270655	23.78830224541554	23.842849029123485	26.244875695190323	0.0
185.0	26.232504259710172	23.836944480371596	23.798424328990208	26.132126930928028	0.0
186.0	26.3160114492012	23.70676323884181	23.674428805200503	26.302796506756493	0.0
187.0	26.181405117852314	23.85584987783173	23.681524615008282	26.281220389307673	0.0
188.0	26.22667345223066	23.6342880921787	23.779090528233663	26.359947927356973	0.0
189.0	26.298090576032525	23.734103363634063	23.82126599504579	26.14654006528762	0.0
190.0	26.270609802730725	23.88375283982275	23.66387745461907	26.18175990282745	0.0
191.0	26.116528330746565	23.73894999662595	23.70633421058551	26.438187462041974	0.0
192.0	26.119902377578335	23.821614144004318	23.764817689002857	26.29366578941449	0.0
193.0	26.290010572013404	23.646163708752276	23.70633421058551	26.357491508648806	0.0
194.0	26.26751692646827	23.79209123422633	23.708021234001393	26.232370605304002	0.0
195.0	26.281930522556973	23.72242763352125	23.719897091282284	26.275744752639497	0.0
196.0	26.13009798821892	23.716804206323545	23.824211665799723	26.328886139657815	0.0
197.0	26.286429264315135	23.730300431598035	23.726364032559644	26.256906271527182	0.0
198.0	26.32832379693804	23.82364932307995	23.718772405842742	26.129254474139262	0.0
199.0	26.309278118620906	23.694939463636004	23.724181367283933	26.271601050459154	0.0
200.0	26.236173359501088	23.689316020626787	23.789975650491773	26.284534969380353	0.0
201.0	26.35089159688911	23.71996378502702	23.626614631074023	26.302529987009848	0.0
202.0	26.293606408493673	23.777389759119142	23.835873730855635	26.093130101531546	0.0
203.0	26.449938563712383	23.68010392151901	23.744773697958404	26.125183816810203	0.0
204.0	26.175513773256515	23.687414417986073	23.87383207789615	26.263239730861258	0.0
205.0	26.15871694802785	23.81878915344213	23.741747550976797	26.280746347553226	0.0
206.0	26.354695038970675	23.775769572503457	23.62787218966855	26.241663198857314	0.0
207.0	26.259939491412954	23.69732210138	23.845781831678156	26.19695657552889	0.0
208.0	26.260501838876205	23.686918673309865	23.714473699009144	26.33810578880479	0.0
209.0	26.12806901128069	23.789265911621474	23.83650309853452	26.246161978563315	0.0
210.0	26.22310573257004	23.841564225703777	23.795170559985603	26.140159481740575	0.0
211.0	26.309988415642255	23.70997491930314	23.671735291802097	26.308301373252508	0.0
212.0	26.17847271623024	23.859907606052	23.675175944957275	26.28644373276049	0.0
213.0	26.219524196473508	23.647058492735855	23.77246232964339	26.36095498114725	0.0
214.0	26.300783633393408	23.731692023922328	23.81576320606437	26.15176113661989	0.0
215.0	26.273302404048927	23.882187543933643	23.659496696190075	26.18501335582736	0.0
216.0	26.115563053563896	23.745817517221987	23.69661183748067	26.442007591733447	0.0
217.0	26.11528187825109	23.82792070856179	23.753128075354983	26.303669337832137	0.0
218.0	26.295796429073526	23.64037677491916	23.7013918177984	26.362434978208917	0.0
219.0	26.26233656684943	23.7947420216505	23.70926472655701	26.233656684943064	0.0
220.0	26.28434214632967	23.721140787686736	23.7087690391369	26.285748026846694	0.0
221.0	26.126602352319285	23.7138302089982	23.81758419115476	26.34198324752776	0.0
222.0	26.295870366569286	23.72873254247868	23.715798441722036	26.25959864923	0.0
223.0	26.330736203391545	23.823770065429677	23.715798441722036	26.129695289456738	0.0
224.0	26.3057854957711	23.69871333453302	23.71755218643153	26.27794898326435	0.0
225.0	26.23549127226921	23.69112155839482	23.788127586827425	26.285259582508548	0.0
226.0	26.347962029872235	23.718395717113548	23.630106172395177	26.30353608061904	0.0
227.0	26.29545588743895	23.778072077087675	23.831214659479766	26.095257375993615	0.0
228.0	26.44616712639218	23.683596375057288	23.74123780040321	26.12899869814732	0.0
229.0	26.178204792954812	23.685283441164977	23.870860713010373	26.265651052869842	0.0
230.0	26.16421947667062	23.80597560495549	23.73793041395095	26.291874504422935	0.0
231.0	26.35767026762567	23.773921258779797	23.62939552251396	26.23901295108057	0.0
232.0	26.256446016544544	23.699408962845077	23.838029951131183	26.206115069479203	0.0
233.0	26.26178840757382	23.684787682133358	23.714030243556795	26.339393666736022	0.0
234.0	26.131883952019706	23.787417825590616	23.83212520315145	26.24857301923823	0.0
235.0	26.22214224256705	23.840560557408207	23.793322573570347	26.143974626454398	0.0
236.0	26.30452753580808	23.706719603200934	23.674384078550016	26.314368782440965	0.0
237.0	26.169635451081835	23.857779527337655	23.68344838251627	26.289136639064235	0.0
238.0	26.213780595818864	23.654768097400495	23.77005159639528	26.361399710385356	0.0
239.0	26.3012273474954	23.734341829633482	23.811947307005582	26.152483515865537	0.0
240.0	26.26448093577775	23.89494994938702	23.659599595096164	26.18096951973906	0.0
241.0	26.10744633588087	23.750274155180268	23.694318379925654	26.44796112901321	0.0
242.0	26.117434680403555	23.829421093477603	23.750688906634874	26.30245531948397	0.0
243.0	26.288617760444055	23.64235040055338	23.70505549260052	26.36397634640205	0.0
244.0	26.255377780277257	23.801704018221184	23.706942608891264	26.2359755926103	0.0
245.0	26.281690774525906	23.73461858592221	23.701437473286393	26.282253166265495	0.0
246.0	26.126825317822526	23.71584515062299	23.819606718350613	26.337722813203868	0.0
247.0	26.294077948371857	23.73319835779765	23.723075192621337	26.249648501209155	0.0
248.0	26.3302195051994	23.836532458986888	23.70886738016636	26.12438065564735	0.0
249.0	26.29908019020463	23.71005885545404	23.71737009198098	26.273490862360347	0.0
