# Position (bp)	A	C	G	T	N
0.0	26.284497020218843	23.675054095134655	23.68541124898878	26.35503763565772	0.0
1.0	26.184004635526158	23.69716801822859	23.7198417874768	26.39898555876845	0.0
2.0	26.278179283782954	23.69746911264996	23.69662940218213	26.32772220138496	0.0
3.0	26.18093982573843	23.761821993456095	23.72879458350477	26.328443597300712	0.0
4.0	26.230205598687927	23.73676874765602	23.703183337158336	26.329842316497714	0.0
5.0	26.229856878186936	23.731522061581	23.71920810034759	26.319412959884474	0.0
6.0	26.29444721185222	23.69100057649146	23.78307130024011	26.23148091141621	0.0
7.0	26.226108856863018	23.725759059745346	23.780047572408	26.26808451098363	0.0
8.0	26.188337544666716	23.776824514717283	23.821036519675744	26.213801420940257	0.0
9.0	26.310001818766874	23.831442282132713	23.790589979993566	26.067965919106843	0.0
10.0	26.371145097117534	23.798691669324736	23.72482526678642	26.10533796677131	0.0
11.0	26.332812910951812	23.666067901130937	23.686493080620703	26.314626107296547	0.0
12.0	26.178364978371693	23.825552179338672	23.77686750493842	26.21921533735122	0.0
13.0	26.23908092288236	23.756162528469343	23.67082444977924	26.333932098869063	0.0
14.0	26.12996010095075	23.83898243434564	23.72818283053816	26.302874634165452	0.0
15.0	26.16773269315785	23.82667136725592	23.774069535145298	26.231526404440935	0.0
16.0	26.23628295308924	23.751685776800354	23.81631887902138	26.195712391089028	0.0
17.0	26.167452896178535	23.781344256607404	23.71531216948982	26.335890677724244	0.0
18.0	26.24271828361341	23.834785479655963	23.745810040234804	26.176686196495822	0.0
19.0	26.23348498329612	23.849334922580177	23.6982445537518	26.218935540371906	0.0
20.0	26.307351385834437	23.712793996676012	23.79701288744887	26.182841730040685	0.0
21.0	26.313227122399987	23.778546286814287	23.761478671076265	26.146747919709455	0.0
22.0	26.16605391128197	23.82695116423523	23.699643538648356	26.307351385834437	0.0
23.0	26.28580701842743	23.769872580455623	23.813520909228263	26.130799491888684	0.0
24.0	26.215018382661544	23.71223440271739	23.75728171638659	26.31546549823448	0.0
25.0	26.28133026675844	23.667187089048188	23.695166786979367	26.356315857214007	0.0
26.0	26.191795233378663	23.707477854069086	23.729022221476097	26.371704691076154	0.0
27.0	26.285247424468807	23.6982445537518	23.702161711462164	26.314346310317234	0.0
28.0	26.18675888775105	23.78638060223502	23.70384049333803	26.3230200166759	0.0
29.0	26.23956709932485	23.743505230789893	23.695660081196856	26.3212675886884	0.0
30.0	26.2364893411639	23.7202821464845	23.73119419814607	26.312034314205533	0.0
31.0	26.281536528792426	23.688385380089144	23.78071812491781	26.24935996620062	0.0
32.0	26.242085265092907	23.71524581494839	23.79246956516873	26.25019935478997	0.0
33.0	26.18920378396376	23.759733410184023	23.84143389954757	26.20962890630465	0.0
34.0	26.276706472227506	23.848362077648826	23.8013564481651	26.073575001958567	0.0
35.0	26.380510570670722	23.799957471097134	23.715739051605468	26.103792906626676	0.0
36.0	26.32007476133451	23.662577923022685	23.70342805340735	26.31391926223545	0.0
37.0	26.182975008673658	23.814506832604	23.783449541695113	26.21906861702723	0.0
38.0	26.24089265928753	23.75910734071247	23.673210148739244	26.326789851260756	0.0
39.0	26.13373101588119	23.833253125314773	23.73560452597061	26.29741133283343	0.0
40.0	26.15583485355508	23.832413739073992	23.777294042596054	26.234457364774876	0.0
41.0	26.240612863873935	23.750153887477477	23.81926335463509	26.189969894013498	0.0
42.0	26.159192398518204	23.778693019664022	23.73000861769874	26.332105964119034	0.0
43.0	26.25124508959049	23.831854148246805	23.742319615896857	26.17458114626585	0.0
44.0	26.222426161990352	23.846683305167264	23.70734518919766	26.223545343644727	0.0
45.0	26.31839598885295	23.7011896900986	23.794361562825262	26.186052758223187	0.0
46.0	26.31224048975389	23.772817315978557	23.771977929737776	26.142964264529777	0.0
47.0	26.163389329722108	23.82625823997493	23.70734518919766	26.303007241105302	0.0
48.0	26.281462994258597	23.766382021465905	23.820942127116652	26.131212857158847	0.0
49.0	26.212633322514577	23.71350068829672	23.764983044397937	26.308882944790767	0.0
50.0	26.27474790433235	23.6662152633994	23.710143143333596	26.34889368893465	0.0
51.0	26.1941668252174	23.710702734160783	23.7316873901803	26.363443050441514	0.0
52.0	26.275307495159538	23.70818457543844	23.706785598370473	26.309722331031548	0.0
53.0	26.19724457476693	23.783449541695113	23.707065393784067	26.31224048975389	0.0
54.0	26.239140470894363	23.73218057945468	23.705600089534283	26.323078860116674	0.0
55.0	26.239420265525105	23.719310026440592	23.722947356640226	26.318322351394073	0.0
56.0	26.286425763489596	23.69440830430464	23.773869979435094	26.245295952770665	0.0
57.0	26.249772666862526	23.704480911011316	23.803248415662903	26.242498006463254	0.0
58.0	26.20304696352877	23.74896825729914	23.838782333767014	26.209202445405072	0.0
59.0	26.286911803383266	23.846829655909527	23.80653934181295	26.059719198894253	0.0
60.0	26.394912228669913	23.793389030961986	23.71504675355198	26.096651986816116	0.0
61.0	26.31629015741202	23.66608283017073	23.707212525810984	26.31041448660627	0.0
62.0	26.18114972887976	23.814933157249737	23.78779315400413	26.216123959866373	0.0
63.0	26.24550231389512	23.773803461609486	23.67195850097648	26.30873572351891	0.0
64.0	26.141698796326867	23.828363261948596	23.750580572234377	26.279357369490157	0.0
65.0	26.152051168698904	23.839834809712205	23.776041812392627	26.232072209196268	0.0
66.0	26.244662932351442	23.75281892301752	23.81045645568345	26.192061688947582	0.0
67.0	26.16939838726826	23.781917483198377	23.717285104335126	26.33139902519823	0.0
68.0	26.25109819085298	23.833679345058563	23.738829230622876	26.176393233465582	0.0
69.0	26.22815509532576	23.849907388236346	23.703575205788376	26.21836231064951	0.0
70.0	26.316849745107806	23.715326547399876	23.791990061722522	26.175833645769796	0.0
71.0	26.323005209761448	23.767647996955844	23.774083255457377	26.13526353782533	0.0
72.0	26.159885396439904	23.81913006496813	23.720642630509843	26.300341908082125	0.0
73.0	26.27907757564227	23.769606553891094	23.828363261948596	26.122952608518048	0.0
74.0	26.201854473623833	23.720083042814053	23.76820758465163	26.309854898910483	0.0
75.0	26.28075633872962	23.66384447938759	23.71280840276884	26.34259077911395	0.0
76.0	26.203813030559086	23.70329541194048	23.73127479672977	26.361616760770662	0.0
77.0	26.279637163338055	23.70133685500523	23.70497417502784	26.314051806628875	0.0
78.0	26.19457983357862	23.783316452437845	23.711129639681484	26.310974074302052	0.0
79.0	26.238993640303633	23.735125501179326	23.702389712568582	26.32349114594846	0.0
80.0	26.2342371581978	23.70994412532491	23.733446742789035	26.32237197368826	0.0
81.0	26.28543928910178	23.69763323046275	23.781850943042528	26.235076537392942	0.0
82.0	26.23591591658809	23.714980400495794	23.805913146636748	26.24319053627937	0.0
83.0	26.197024680546267	23.75023432669198	23.841446865897982	26.21129412686377	0.0
84.0	26.28060927567374	23.840820574805267	23.80808487778673	26.070485271734267	0.0
85.0	26.391966603993193	23.800250693884863	23.725546154534875	26.082236547587073	0.0
86.0	26.31726206464321	23.672105828632823	23.70148401826484	26.30914808845913	0.0
87.0	26.17093070104754	23.813680723430924	23.790737756289733	26.224650819231805	0.0
88.0	26.24563524039753	23.77227146566389	23.67602292058376	26.306070373354824	0.0
89.0	26.133998119795866	23.833266183185604	23.749048706240487	26.283686990778047	0.0
90.0	26.144350434237623	23.841380159369685	23.786820664338794	26.227448742053898	0.0
91.0	26.234443549109145	23.761919151222134	23.80808487778673	26.195552421881995	0.0
92.0	26.174847792998477	23.781224818694604	23.712116124988807	26.331811263318112	0.0
93.0	26.24983212463067	23.82822992210583	23.74792953711165	26.17400841615185	0.0
94.0	26.236961679649028	23.841939743934105	23.705960694780195	26.215137881636675	0.0
95.0	26.318101441489837	23.713794878682066	23.786820664338794	26.1812830154893	0.0
96.0	26.330412301907064	23.758561643835616	23.77367042707494	26.13735562718238	0.0
97.0	26.166454024532186	23.822354284179426	23.725546154534875	26.285645536753517	0.0
98.0	26.28004969110932	23.770033127406215	23.831307637210138	26.118609544274328	0.0
99.0	26.20842286686364	23.714354463246487	23.76527665860865	26.311946011281222	0.0
100.0	26.277531560569432	23.653639538006985	23.723587608559406	26.34524129286418	0.0
101.0	26.203666398066076	23.71015757901334	23.74037514549199	26.345800877428598	0.0
102.0	26.276971976005015	23.69840630316053	23.702603187393677	26.322018533440772	0.0
103.0	26.20058868296177	23.77954606500134	23.706520279344616	26.31334497269227	0.0
104.0	26.232971189869307	23.736951223947912	23.702816661024205	26.327260925158573	0.0
105.0	26.2374478538593	23.704215618521076	23.73723101544729	26.321105512172327	0.0
106.0	26.29172740473799	23.69414312454359	23.785075361840356	26.229054108878064	0.0
107.0	26.24108514335117	23.715407278496066	23.79794577081159	26.24556180734117	0.0
108.0	26.194919545954352	23.746464134926654	23.838515538220918	26.220100780898075	0.0
109.0	26.29221342435858	23.841806328866006	23.798998349234772	26.066981897540643	0.0
110.0	26.3895805937159	23.793682325620434	23.73268794941384	26.084049131249827	0.0
111.0	26.306762541618866	23.674771271089227	23.703589714893262	26.314876472398645	0.0
112.0	26.171064044095015	23.801236674967125	23.809070815030356	26.2186284659075	0.0
113.0	26.241011723231022	23.769340533281106	23.689879969782602	26.29976777370527	0.0
114.0	26.136649785960103	23.833972188802775	23.75982764891861	26.269550376318513	0.0
115.0	26.157074508267815	23.836770095968216	23.778293836210516	26.227861559553457	0.0
116.0	26.252762933325872	23.743319996642512	23.803195209982935	26.20072186004868	0.0
117.0	26.17330236982737	23.77325760331272	23.721496320752077	26.33194370610783	0.0
118.0	26.255840631207857	23.823340141574104	23.75647016032008	26.164349066897962	0.0
119.0	26.242970258246835	23.842086119582554	23.70219076131054	26.21275286086008	0.0
120.0	26.320192496012986	23.70498866847598	23.797039814218966	26.177779021292075	0.0
121.0	26.338099101871798	23.7508743459892	23.77521613832853	26.135810413810468	0.0
122.0	26.16378948546487	23.81550600151087	23.728211297949134	26.292493215075126	0.0
123.0	26.270109957751604	23.770179905430737	23.831174281637335	26.128535855180324	0.0
124.0	26.211074116560813	23.708905738507596	23.77661509191125	26.30340505302034	0.0
125.0	26.27794409781484	23.646232618001733	23.732408158697293	26.343415125486136	0.0
126.0	26.197364371450156	23.707226994208334	23.74611790380795	26.34929073053356	0.0
127.0	26.288016563610416	23.69659494697966	23.706107831342155	26.309280658067763	0.0
128.0	26.205198511513387	23.7813715340925	23.705548249909068	26.307881704485048	0.0
129.0	26.24423627898648	23.733380338436742	23.704841525651357	26.31754185692542	0.0
130.0	26.230806249440413	23.702603187393677	23.745691198853972	26.320899364311934	0.0
131.0	26.301873489121675	23.681338973945742	23.78933879487868	26.227448742053898	0.0
132.0	26.24535544811532	23.713794878682066	23.793535679111827	26.24731399409079	0.0
133.0	26.19387366818874	23.751007252215956	23.83690348285433	26.21821559674098	0.0
134.0	26.285792627991693	23.843751923582705	23.800104083311417	26.070351365114185	0.0
135.0	26.390715320951525	23.785554803220986	23.73239397212134	26.09133590370615	0.0
136.0	26.31069428045416	23.669440356345444	23.704414587332053	26.31545077586834	0.0
137.0	26.1677196241809	23.793948618657772	23.818570477272345	26.219761279888974	0.0
138.0	26.235429735370978	23.767927790803736	23.68343004874009	26.313212425085197	0.0
139.0	26.143377559414223	23.825005735773882	23.76429047078113	26.26732623403076	0.0
140.0	26.159605602592013	23.835078314298023	23.78471542167731	26.22060066143266	0.0
141.0	26.23997985478659	23.75428435528322	23.80073026398623	26.20500552594396	0.0
142.0	26.172549348777995	23.7752689525888	23.71819084791763	26.333990850715576	0.0
143.0	26.255368559477343	23.814440200892545	23.767714497558792	26.162476742071323	0.0
144.0	26.241938417201776	23.82926931632182	23.706719268057245	26.22207299841916	0.0
145.0	26.317482967501853	23.704201116380577	23.803528210293646	26.174787705823928	0.0
146.0	26.34378366279151	23.74812887340692	23.771911417019908	26.13617604678166	0.0
147.0	26.16282973889492	23.815626014258374	23.74092063882889	26.280623608017816	0.0
148.0	26.276426676813912	23.772537520564963	23.826817830802117	26.124217971819007	0.0
149.0	26.210954550033016	23.69867153137626	23.769459771015434	26.32091414757529	0.0
150.0	26.291255833734372	23.651665901892535	23.730288413112334	26.326789851260756	0.0
151.0	26.19808396100771	23.700070508444227	23.74959429665029	26.35225123389777	0.0
152.0	26.293773992456714	23.68859889648689	23.709303757092815	26.30832335396358	0.0
153.0	26.204799050933957	23.782050564627145	23.70958355250641	26.30356683193249	0.0
154.0	26.25307077184795	23.724265672827798	23.716151560427754	26.306511994896503	0.0
155.0	26.22872843464782	23.6982445537518	23.757841310345214	26.315185701255167	0.0
156.0	26.310708949586182	23.67837896822066	23.787219993172954	26.223692089020208	0.0
157.0	26.245236456427218	23.701042523544917	23.807645172662717	26.24607584736515	0.0
158.0	26.19291442129591	23.75588273149003	23.847376343724992	26.20382650348907	0.0
159.0	26.286513710128705	23.8447118074986	23.80554001119194	26.063234471180753	0.0
160.0	26.400671516508112	23.783156127588136	23.731393396754335	26.084778959149414	0.0
161.0	26.32512590934527	23.655567991046446	23.699496362618913	26.31980973698937	0.0
162.0	26.169837716843876	23.785674314493566	23.82316731952994	26.221320649132622	0.0
163.0	26.23922775601567	23.759093452714044	23.69306099608282	26.308617795187466	0.0
164.0	26.147733631785115	23.823447118074988	23.762730833799665	26.26608841634023	0.0
165.0	26.15948517067711	23.845831001678793	23.783156127588136	26.21152770005596	0.0
166.0	26.235383982607672	23.75132554931603	23.81204200347511	26.20124846460119	0.0
167.0	26.17410792979275	23.76923270630304	23.724464813835517	26.33219455006869	0.0
168.0	26.258887126153123	23.81260160213095	23.75664173654655	26.171869535169378	0.0
169.0	26.246575955724555	23.829669361134194	23.71243344273487	26.21132124040638	0.0
170.0	26.319043981656353	23.70823645281604	23.796093441783555	26.17662612374405	0.0
171.0	26.33219455006869	23.751885147971873	23.77902568278031	26.136894619179124	0.0
172.0	26.161590159989707	23.80959042859781	23.7402000011192	26.288619410293286	0.0
173.0	26.283862808409676	23.765661811202076	23.83281383779428	26.11766154259397	0.0
174.0	26.21307338037706	23.699908785163878	23.774335614636904	26.312682219822157	0.0
175.0	26.290578011068895	23.652902366549338	23.72732919602236	26.32919042635941	0.0
176.0	26.20635817771784	23.701867385939483	23.744956603002816	26.346817833339863	0.0
177.0	26.291977011622897	23.68060257751862	23.714178590814722	26.31324182004376	0.0
178.0	26.208036978382644	23.78384881840413	23.716137191590327	26.291977011622897	0.0
179.0	26.250713494275256	23.720746734714435	23.72382455315672	26.304715217853587	0.0
180.0	26.237283013799818	23.698362600588702	23.754322935903033	26.310031449708447	0.0
181.0	26.310031449708447	23.67709767316926	23.78650012870877	26.226370748413526	0.0
182.0	26.237283013799818	23.696124187176128	23.816159106425367	26.250433692598683	0.0
183.0	26.197830977403218	23.749286505724744	23.841621058993383	26.211261457878653	0.0
184.0	26.294509700778413	23.836718019888416	23.806779072955898	26.061993206377277	0.0
185.0	26.399715719905764	23.78943127192958	23.727035148883306	26.083817859281353	0.0
186.0	26.316054550440132	23.66519863232175	23.69513757925427	26.323609237983845	0.0
187.0	26.164960799565744	23.78691304274834	23.824406677224573	26.223719480461337	0.0
188.0	26.23071456152034	23.763689373632463	23.69261935007303	26.312976714774173	0.0
189.0	26.152369653659548	23.824686480466937	23.75333665366514	26.269607212208374	0.0
190.0	26.16552040605046	23.84175447825089	23.77907855196226	26.213646563736383	0.0
191.0	26.233026388317622	23.738853307143675	23.826991575100802	26.2011287294379	0.0
192.0	26.17230891483605	23.758439588911926	23.726262126006944	26.34298937024508	0.0
193.0	26.260167378767914	23.817478238241936	23.745288799724673	26.17706558326548	0.0
194.0	26.24897521775748	23.833427067681797	23.707795060339738	26.209802654220983	0.0
195.0	26.33095779715887	23.709473884491302	23.790617051816906	26.16895126653292	0.0
196.0	26.347466234649254	23.741651347396285	23.77970469483174	26.131177723122722	0.0
197.0	26.171262926982138	23.79963737296862	23.7383601199803	26.290739580068944	0.0
198.0	26.285143483905628	23.766340600796884	23.838530241303665	26.109985673993823	0.0
199.0	26.216871110713168	23.695829789139097	23.775574159466355	26.31172494068138	0.0
200.0	26.285982898330122	23.64798316694274	23.725489098804676	26.340544835922458	0.0
201.0	26.213793257823344	23.69638939875543	23.743396606527288	26.346420736893943	0.0
202.0	26.287661727179117	23.67428481891033	23.717094954559702	26.320958499350855	0.0
203.0	26.201761651072214	23.776413573890853	23.72297085553118	26.298853919505756	0.0
204.0	26.253112845910632	23.719745935812416	23.71890651669045	26.308234701586503	0.0
205.0	26.23856291446319	23.699040264137217	23.753042894317133	26.30935392708246	0.0
206.0	26.310752958952406	23.673018271356224	23.797252301407426	26.218976468283948	0.0
207.0	26.23212736786144	23.69064607291754	23.82103584319651	26.256190716024513	0.0
208.0	26.209463051568317	23.75024483057724	23.8420213212457	26.198270796608746	0.0
209.0	26.303625191668438	23.840755705283893	23.80074316988819	26.054875933159476	0.0
210.0	26.38980603713611	23.785633541137365	23.738066191366247	26.08649423036028	0.0
211.0	26.323491555396377	23.66587574289008	23.696374808331562	26.31425789338198	0.0
212.0	26.185266433120308	23.782275845859402	23.818930685977147	26.213527035043143	0.0
213.0	26.24234725284565	23.752896012177242	23.69133826541462	26.313418469562492	0.0
214.0	26.1656798773322	23.82508646065341	23.754295051876394	26.254938610138	0.0
215.0	26.179950082263538	23.83823743382542	23.77779891882212	26.204013565088925	0.0
216.0	26.252213986518814	23.733375864259195	23.828790638719372	26.185619510502622	0.0
217.0	26.17722524881991	23.752682666129434	23.73645376020952	26.33363832484114	0.0
218.0	26.262566909260833	23.82683197766007	23.743448978278447	26.16715213480065	0.0
219.0	26.251094751627786	23.836065665511054	23.711830592606894	26.20100899025426	0.0
220.0	26.33139985505908	23.70707384432002	23.795213591988517	26.16631270863238	0.0
221.0	26.360220153503068	23.739251847437092	23.776186598841033	26.12434140021881	0.0
222.0	26.18541297084945	23.79695903029218	23.734001891512257	26.28362610734612	0.0
223.0	26.29230020202246	23.764501127632307	23.83893045614546	26.10426821419977	0.0
224.0	26.225705539668592	23.682796751971257	23.76617998466644	26.325317723693708	0.0
225.0	26.29985505867605	23.65145808733414	23.726167225352977	26.322519628636826	0.0
226.0	26.2279440157141	23.69594779873862	23.742955795694293	26.333152389852987	0.0
227.0	26.29649734460779	23.67524189531767	23.71301617858562	26.315244581488923	0.0
228.0	26.203320779213513	23.776532936376917	23.72057103523921	26.299575249170363	0.0
229.0	26.24991605667853	23.724061513665973	23.722382647236586	26.30363978241891	0.0
230.0	26.240122669173775	23.687965885434153	23.751762809750858	26.320148635641218	0.0
231.0	26.312593736708973	23.67257627649811	23.799050880845254	26.21577910594766	0.0
232.0	26.229769659525886	23.682089852931302	23.82759161014483	26.260548877397984	0.0
233.0	26.20878382915855	23.738611689387326	23.85249479551407	26.200109685940053	0.0
234.0	26.29455316719924	23.829403831194632	23.801422567448835	26.074620434157286	0.0
235.0	26.389969276572405	23.78603287238865	23.733987721821467	26.09001012921748	0.0
236.0	26.320855555120293	23.656479621245612	23.70069001796397	26.321974805670123	0.0
237.0	26.181788674303686	23.779597181727116	23.824926828995306	26.213687314973892	0.0
238.0	26.24418689245681	23.74601966523216	23.700130392689054	26.309663049621975	0.0
239.0	26.161921977044173	23.824647016357847	23.754134231718442	26.25929677487954	0.0
240.0	26.16745019028431	23.827512872173717	23.76678979180658	26.238247145735393	0.0
241.0	26.247198054519355	23.72775584105938	23.840533272140615	26.18451283228065	0.0
242.0	26.185332161667496	23.74246486401773	23.74638285487202	26.32582011944275	0.0
243.0	26.249828579744705	23.806005446266397	23.747232787307347	26.196933186681555	0.0
244.0	26.25266934790944	23.83227399054568	23.722841221728704	26.192215439816174	0.0
245.0	26.3373414391115	23.705482596088178	23.79840795351493	26.158768011285392	0.0
246.0	26.357569921848757	23.760272745594197	23.75747363235327	26.124683700203775	0.0
247.0	26.196834567818293	23.78636971844785	23.739061791430828	26.277733922303025	0.0
248.0	26.31484649042997	23.733444566066364	23.849063153503973	26.10264578999969	0.0
249.0	26.205946658678812	23.684453639186025	23.779636011410688	26.32996369072448	0.0
