# Position (bp)	A	C	G	T	N
0.0	25.192089922220877	24.607179754469897	24.233734483732157	25.880498754355102	0.08649708522196678
1.0	26.48417891369837	22.94769532425548	25.531501009856573	25.034639166302124	0.0019855858874483047
2.0	26.34317129091005	23.42181600444275	24.70894103120162	25.526040648666086	3.102477949137976E-5
3.0	27.253522940180208	23.722997203737492	23.50619611191379	25.517283744168505	0.0
4.0	26.88679347723233	23.51604739713201	23.42734763512287	26.169035871747404	7.756187653824591E-4
5.0	26.341936806926462	23.539160836340407	24.16238602670052	25.95633018152892	1.861485036917902E-4
6.0	26.049458401096537	23.632382880051527	24.4591612026927	25.85899751615924	0.0
7.0	25.379479119418573	24.412872289135695	24.541221642611116	25.66642694883462	0.0
8.0	25.173692012432237	24.70624223993666	24.666282373541605	25.45365927512554	1.2409896395979938E-4
9.0	25.184333498591787	24.6749382762778	24.67006739194238	25.470660833188035	0.0
10.0	25.099294683538336	24.722592278438363	24.735839842841074	25.44227319518223	0.0
11.0	25.474911222703657	24.52726050916564	24.58698313557129	25.410814107818418	3.1024740989949846E-5
12.0	25.679829636942276	24.184592244931643	24.35445270185162	25.781125416274463	0.0
13.0	25.65240376590716	24.263208938600176	24.412313843797875	25.67207345169479	0.0
14.0	25.73393678522875	24.26119233043583	24.602681654512207	25.402189229823215	0.0
15.0	25.75853940483378	24.227313313274802	24.742820409563812	25.271326872327606	0.0
16.0	25.409324920250903	24.433441692412032	24.90542107709214	25.251781285503938	3.1024740989949846E-5
17.0	25.274305247462642	24.666499546728534	25.03386350479053	25.025331701018295	0.0
18.0	25.181106925528834	24.78696861599251	24.863661775719663	25.16826268275899	0.0
19.0	25.01664477354111	24.89136686942369	24.903435493668784	25.18855286336642	0.0
20.0	25.227799160718707	24.776885575170777	24.82996890700458	25.16534635710594	0.0
21.0	25.30480256785576	24.548543481484746	24.548388357779796	25.5982655928797	0.0
22.0	25.238378597396277	24.584935502665957	24.50321633489843	25.673469565039337	0.0
23.0	25.42905665552051	24.48466353978644	24.60730434091971	25.47897546377334	0.0
24.0	25.46098111399917	24.440763531285658	24.630138550288315	25.46811680442686	0.0
25.0	25.269868709501083	24.624523072169133	24.814518585991586	25.291089632338203	0.0
26.0	25.269434363127218	24.691629586930393	25.005041520410863	25.03389452953152	0.0
27.0	25.216351031293417	24.708227823360016	24.896548001169013	25.178873144177555	0.0
28.0	24.97165889910568	24.9107883572834	24.906879239918666	25.210673503692256	0.0
29.0	25.146669463029987	24.856339936846037	24.820289187815717	25.17670141230826	0.0
30.0	25.21765407041499	24.68257036256133	24.56430404990764	25.535471517116036	0.0
31.0	25.10304867719812	24.722375105251434	24.524127010325657	25.650449207224796	0.0
32.0	25.278586661719256	24.59523571667462	24.486587073727815	25.63959054787831	0.0
33.0	25.397690642379672	24.37204372999292	24.421435117648922	25.808830509978485	0.0
34.0	25.286994366527534	24.502999161711497	24.546371749615446	25.663634722145524	0.0
35.0	25.472084287745904	24.517153297840178	24.63208717431254	25.37867524010138	0.0
36.0	25.425692729801053	24.506557184692163	24.6298866816626	25.437863403844187	0.0
37.0	25.232004350923535	24.693903381176366	24.78084039742278	25.293251870477317	0.0
38.0	25.35750116754343	24.669909353313116	24.730961489319654	25.241627989823805	0.0
39.0	25.37667809649134	24.629806536510067	24.52336365821872	25.470151708779877	0.0
40.0	25.27287651359451	24.7216195063598	24.47368588499545	25.531818095050234	0.0
41.0	25.428920685581353	24.60786018593155	24.458174688803723	25.50504443968337	0.0
42.0	25.485202763910642	24.435294949127893	24.308304285765463	25.771198001196005	0.0
43.0	25.318592462149237	24.541616303181236	24.384892517375402	25.75489871729413	0.0
44.0	25.532171100164636	24.475725101630697	24.43867875487426	25.553425043330407	0.0
45.0	25.5921868685221	24.396494384236846	24.391134624513878	25.62018412272718	0.0
46.0	25.443046002836468	24.591971262902074	24.50159433138613	25.46338840287533	0.0
47.0	25.569569305085576	24.56012756463196	24.530419982387645	25.339883147894817	0.0
48.0	25.541953357238263	24.512630372743793	24.365926823393742	25.579489446624205	0.0
49.0	25.44586182998862	24.671056582153376	24.338068705639	25.545012882219005	0.0
50.0	25.622005117302045	24.563480915021316	24.347062580968267	25.46745138670838	0.0
51.0	25.684181278425296	24.46439800529387	24.139673301063162	25.71174741521768	0.0
52.0	25.510815416860755	24.5578270047143	24.25246410840997	25.678893470014973	0.0
53.0	25.67730421214006	24.477045652867858	24.250445703501747	25.59520443149033	0.0
54.0	25.666216810175406	24.36334979795183	24.19299811602425	25.777435275848514	0.0
55.0	25.53805044493603	24.558791713617744	24.33987345852478	25.56328438292145	0.0
56.0	25.732708966053767	24.537132695299093	24.38323783306653	25.346920505580613	0.0
57.0	25.72816357434097	24.39858419821225	24.297343199538272	25.575909027908505	0.0
58.0	25.567756907378904	24.568189512317375	24.31290599083691	25.55114758946681	0.0
59.0	25.738254479972422	24.55217640832933	24.26365567833629	25.445913433361955	0.0
60.0	25.81829232101948	24.42456921386898	24.035439052811096	25.721699412300445	0.0
61.0	25.676730899035626	24.539661430320667	24.156667772626268	25.626939898017444	0.0
62.0	25.85347643577861	24.47018090150044	24.186805085214154	25.4895375775068	0.0
63.0	25.85350295797643	24.352001600934393	24.040906567583196	25.75358887350598	0.0
64.0	25.678220490275105	24.523349141746575	24.11491842759862	25.6835119403797	0.0
65.0	25.842035593469625	24.4762230961097	24.191935410815045	25.489805899605635	0.0
66.0	25.851184633951174	24.3660493493985	24.16340942330679	25.61935659334354	0.0
67.0	25.623056240608648	24.578084710371073	24.22668217893335	25.572176870086928	0.0
68.0	25.81022400458194	24.488125628874226	24.253680202621467	25.447970163922367	0.0
69.0	25.822134457832156	24.449106208653127	24.087931329030372	25.640828004484344	0.0
70.0	25.670246504295392	24.58637158013395	24.102312088235976	25.641069827334682	0.0
71.0	25.900771932239046	24.455272904219946	24.098552227691748	25.54540293584926	0.0
72.0	25.951587669394527	24.316080631698462	23.962368144516088	25.769963554390923	0.0
73.0	25.71078144153705	24.562694787624707	24.01554482600618	25.710978944832064	0.0
74.0	25.905492089079495	24.455298846001337	24.077753125228202	25.561455939690962	0.0
75.0	25.87904728648623	24.36641236513177	24.00270285393327	25.751837494448736	0.0
76.0	25.630163054276366	24.613704565490305	24.139803699075895	25.61485693933627	0.0014717418211627642
77.0	25.971095602496412	24.47375229044618	24.13001314949553	25.423302008244843	0.0018369493170375519
78.0	25.892542716962975	24.397946972485542	23.948906958845434	25.758611513462437	0.0019918382436129715
79.0	25.687249161729405	24.584348853298913	24.08395813043673	25.64270177807937	0.0017420764555878348
80.0	25.964096491758788	24.427523141945912	24.048781752651276	25.55786999023328	0.0017286234107468518
81.0	25.996590020221973	24.30061170567477	23.88040198831379	25.820774202385543	0.001622083403924
82.0	25.850999371511797	24.416390370205896	23.95546765920133	25.774884557630863	0.002258041450114219
83.0	26.05878751126579	24.354938420244117	23.925634496064223	25.658182475790227	0.0024570966356450025
84.0	26.016184129933446	24.226043418029047	23.866042102580334	25.888647266538683	0.003083082918487398
85.0	25.888108730013652	24.43167277771207	23.92716207352609	25.75144353286524	0.0016128858829474954
86.0	25.993151610114545	24.41106548519559	23.949891038109648	25.643190332108638	0.0027015344715798574
87.0	25.980965004239305	24.301989228989513	23.88430892305225	25.830732166925902	0.002004676793035989
88.0	25.810996877881408	24.588105296724866	23.93908531566028	25.659711321449674	0.0021011882837741296
89.0	25.982402790655456	24.421736508698107	23.96475371039169	25.628772798889965	0.0023341913647887233
90.0	25.980558996909586	24.34196016500347	23.847902740527957	25.827127550950944	0.00245054660803507
91.0	25.833342862697116	24.47783851158961	23.957821130030073	25.728281627005455	0.002715868677743599
92.0	26.061083293761232	24.457962407506475	23.918930290990183	25.559168805563736	0.0028552021783689882
93.0	26.100739251772275	24.202831217347605	23.707415589710525	25.98537931296045	0.003634628209139668
94.0	25.851491045079033	24.516653857286876	23.82960530474679	25.79809090334408	0.004158889543220844
95.0	26.23338070646126	24.40755843805365	23.80981587566394	25.546090665507748	0.0031543143134021554
96.0	26.106385060962662	24.21167698560273	23.802489470253583	25.876678712093376	0.0027697710876521757
97.0	25.911212632833447	24.562869144082303	23.821124437459957	25.702651703247593	0.0021420823766988176
98.0	26.10460577673692	24.365216319487242	23.901146308393937	25.62595012120465	0.003081474177246395
99.0	26.065437714122265	24.316704841194685	23.705406770001538	25.908766850785632	0.0036838238958821347
100.0	25.85275812616223	24.501199682524433	23.80151830173445	25.84177914405111	0.0027447455277802555
101.0	26.258865119783252	24.359187970723674	23.83470611388404	25.545309002397836	0.0019317932111957076
102.0	26.2053902895182	24.28896197506168	23.61868409168034	25.884412148180658	0.0025514955591219796
103.0	25.938249715968126	24.30800119819623	23.907792863176244	25.844337038566266	0.001619184093135469
104.0	26.27083529791654	24.410839355673858	23.74216667095303	25.57330109988084	0.002857575575730039
105.0	26.304268183758676	24.2042382092824	23.67196417595926	25.8161989336353	0.0033304973643654948
106.0	25.9639789379787	24.385289955751787	23.867402960362714	25.78076117195196	0.0025669739548405106
107.0	26.125353215538077	24.317570557995438	23.88111530997855	25.673918224219523	0.002042692268409764
108.0	26.143675150376616	24.24161413269269	23.807012156572316	25.804808439153916	0.002890121204458012
109.0	25.727937366875825	24.664479112697407	23.693512175464857	25.910233530980754	0.003837813981156333
110.0	26.28769791148885	24.39760754243434	23.573774232188985	25.738475704658608	0.00244460922921471
111.0	26.15867382271468	24.187586565096954	23.682046398891966	25.966932132963986	0.004761080332409973
112.0	26.07882776056033	24.40077915977841	23.77450416058428	25.74128395584761	0.004604963229368614
113.0	26.4672545007581	24.37352489462657	23.65615140407951	25.50159716190953	0.0014720386262935539
114.0	26.35221872331061	24.13742513871933	23.564209103341316	25.944575144220945	0.0015718904078007682
115.0	26.15160431553874	24.269020596889447	23.97590023819532	25.601233011069073	0.002241838307412078
116.0	26.417651750961095	24.22917528802845	23.703796997666984	25.648776216436666	5.997469068053282E-4
117.0	26.60117549359787	24.174869157133752	23.431334050045386	25.790690039204577	0.0019312600184113455
118.0	26.270730057029233	24.210497245198084	23.585661221502644	25.931730623179	0.0013808530910396444
119.0	26.543741188691843	24.39712102099874	23.587593678118278	25.467834087704976	0.0037100244861616085
120.0	26.546834431795485	24.012782105052928	23.52786099460755	25.908528060714996	0.003994407829039345
121.0	26.107988534933163	24.390810731715714	23.462932199450847	26.037407793146784	8.607407534924556E-4
122.0	26.156547265160523	24.129570451843044	23.6474435196195	26.059936087990486	0.006502675386444709
123.0	26.24269889224572	24.224572004028197	23.558912386706947	25.97079556898288	0.0030211480362537764
124.0	26.271075104007007	24.218305233194656	23.497919859864243	26.008320560543023	0.004379242391066345
125.0	26.666267727843934	24.032074681347616	23.418107833163784	25.87876249177189	0.00478726587277841
126.0	26.56979489062582	24.228872685306616	23.106279179562502	26.092430362482293	0.002622882022766616
127.0	26.288295308599217	24.02845722037029	23.686451072918018	25.995353334199173	0.00144306391330072
128.0	26.790345420120605	23.811872523905745	23.68617842198215	25.708421504828884	0.0031821291626227106
129.0	26.365678108476136	23.992431075034926	23.463667391727235	26.174686543936904	0.0035368808248006085
130.0	26.517590818402702	24.24392074748632	23.240424313059282	25.992137961005866	0.0059261600458289715
131.0	26.63938982900091	23.637455248938206	23.266104823108225	26.454826443708168	0.002223655244490894
132.0	27.178475699185757	24.068173772315784	22.81899560006069	25.92929752693066	0.005057401507105649
133.0	26.555448801933213	24.357294669112296	23.25385040906047	25.830494657466446	0.002911462427577372
134.0	27.052156503444298	23.920051579626048	22.861311887067767	26.156299840510368	0.01018018935152194
135.0	26.923076923076923	24.163086649914888	22.82159358028694	26.08818999756829	0.004052849152954527
136.0	26.762812515594593	24.442337441988123	22.760616797245373	26.03423324517192	0.0
137.0	26.99177589308661	24.286815728604473	23.245952197378568	25.46260601387818	0.01285016705217168
138.0	27.24962761762902	24.19171120651888	22.623324279330586	25.90905108209936	0.02628581442215018
139.0	26.56875834445928	24.873164218958614	23.6849132176235	24.819759679572766	0.0534045393858478
140.0	28.70420995079278	22.41662110442865	26.38053581191908	22.471295790049204	0.027337342810278838
