# Position (bp)	A	C	G	T	N
0.0	22.927791723585564	24.15905383701963	30.363713488766685	22.27553257249223	0.27390837813588814
1.0	24.117262925531247	23.652469849845744	28.740495881606837	23.48753877345419	0.0022325695619838056
2.0	22.853209946655543	26.105924262868324	25.173826470740085	25.86683001633962	2.0930339643598176E-4
3.0	25.683131402067637	24.913941420165404	24.869220261126916	24.53370691664004	0.0
4.0	26.561717292507076	24.19226330925414	23.78914496771844	25.456874430520344	0.0
5.0	26.447298102455406	23.772121624808314	24.14649563323347	25.63408463950281	0.0
6.0	26.543856736011207	23.36363116276409	24.710079912036758	25.38243218918794	0.0
7.0	26.177715327845863	23.96789006827477	24.300822004205603	25.54478185702345	0.008790742650311234
8.0	25.732736307022968	24.471753111294987	24.225682084885086	25.56982849679696	0.0
9.0	25.965900290652648	24.29656616847807	24.640242345425953	25.093733037703913	0.0035581577394116896
10.0	25.917202367081877	24.316380223340676	24.652870317010926	25.113547092566517	0.0
11.0	25.76859695561233	24.523451050214675	24.41370630268341	25.294245691489586	0.0
12.0	25.944551344216183	24.179844641065607	24.501125354594837	25.37447866012338	0.0
13.0	25.852876456577217	24.17063529162242	24.381124740638207	25.59536351116215	0.0
14.0	25.6212473645214	24.397450405560214	24.282473073118048	25.697782639818158	0.0010465169821799087
15.0	25.7608527299442	24.233077471559156	24.58735835392646	25.41613003601414	0.002581408556043775
16.0	25.675736015393568	24.29196149375648	24.562590785348203	25.469711705501748	0.0
17.0	25.51178168818538	24.564683819312563	24.542986033882034	25.380548458620023	0.0
18.0	25.6107821946996	24.478032213188065	24.64498655574517	25.266199036367166	0.0
19.0	25.65243357059036	24.47119496890449	24.56880011944247	25.307571341062673	0.0
20.0	25.577712258062718	24.59468397280172	24.5514977053371	25.275826992603218	2.790711952479757E-4
21.0	25.727573489910878	24.38370614919425	24.658381973117073	25.230338387777795	0.0
22.0	25.689689575155967	24.322659325233754	24.418450513002625	25.569200586607653	0.0
23.0	25.54066555689355	24.490590416974225	24.30975228245354	25.654666140152344	0.004325603526343623
24.0	25.58552625152966	24.299147577034116	24.512985880392876	25.60234029104335	0.0
25.0	25.508153762647158	24.26440321322574	24.423822633511147	25.80348085501833	1.3953559762398785E-4
26.0	25.381385672205763	24.50056721220434	24.410148144943996	25.706433846870848	0.0014651237750518723
27.0	25.453106969384493	24.338984990155762	24.622660860125333	25.584619270145105	6.279101893079453E-4
28.0	25.407967203553135	24.461357709272	24.470008916324687	25.660666170850178	0.0
29.0	25.256431544533488	24.67756811779037	24.450055325864458	25.615945011811686	0.0
30.0	25.427013812628807	24.50956725825109	24.581567626625066	25.47731639557226	0.004534906922779605
31.0	25.49768859282536	24.38265963221207	24.47719499960232	25.642456775360245	0.0
32.0	25.32208304321557	24.545497674639265	24.372264230189085	25.749201507542598	0.010953544413483045
33.0	25.452548826993997	24.404008578648543	24.492683450938586	25.65075914341887	0.0
34.0	25.382571724785567	24.390752696874262	24.396682959773283	25.829992618566887	0.0
35.0	25.223845916790744	24.595006489864367	24.271671548982155	25.903017769382018	0.006458274980712924
36.0	25.348290812756314	24.42665430184214	24.506879582913356	25.71810461942116	7.06830670230978E-5
37.0	25.34001793673419	24.37244581403781	24.495894425436827	25.791641823791178	0.0
38.0	25.150028061768946	24.61753713243933	24.43838735014261	25.79404745564911	0.0
39.0	25.31368864755178	24.569501385825607	24.53720537144408	25.57960459517853	0.0
40.0	25.3879192995768	24.54555928258137	24.47870764258809	25.587006565550197	8.07209703541229E-4
41.0	25.258213519931328	24.79095054236545	24.415623989684093	25.535211948019132	0.0
42.0	25.444478366897716	24.530004409918927	24.548397917915203	25.476063940055255	0.0010553652129010858
43.0	25.384212565209335	24.524375697646107	24.39835918228603	25.693052554858525	0.0
44.0	25.192062880300853	24.674600671937835	24.28257205034473	25.850764397416583	0.0
45.0	25.22818845177665	24.561944796954315	24.513483502538072	25.696383248730964	0.0
46.0	25.25649944186498	24.564250238622943	24.424959150987657	25.754291168524418	0.0
47.0	25.10497734340587	24.776553834100675	24.392180975072375	25.72628784742108	0.0
48.0	25.251765828180183	24.660703895646996	24.5475488139859	25.539981462186923	0.0
49.0	25.25122413486518	24.71559736480303	24.49744330379796	25.53573519653382	0.0
50.0	25.056133404523294	25.027966424246422	24.37745179747228	25.538448373757998	0.0
51.0	25.283515305190353	24.81503684574362	24.5193344906823	25.38211335838373	0.0
52.0	25.364366850125208	24.74605883116477	24.396922292723275	25.492557280657458	9.474532929212922E-5
53.0	25.196405839190366	24.906481563927667	24.234459990352168	25.6626526065298	0.0
54.0	25.321629494968306	24.767444920632673	24.415702199935623	25.492085535732002	0.0031378487313981243
55.0	25.329310811122458	24.722892526117395	24.306733391896113	25.63896675129617	0.0020965195678653865
56.0	25.052568893776606	24.938900546716493	24.294924806106362	25.713605753400543	0.0
57.0	25.29607944525607	24.81061076475994	24.542586893248824	25.350609997042028	1.1289969313863405E-4
58.0	25.249197916226287	24.788029105189235	24.390627715693597	25.57214526289088	0.0
59.0	25.01042743301674	25.11843239904349	24.333775709279497	25.53638593122175	9.785274385209557E-4
60.0	25.348056056654144	24.867256750149053	24.372413916369517	25.412273276827285	0.0
61.0	25.31113409629308	24.84041239865203	24.33499049080778	25.505588735777916	0.00787427846918688
62.0	25.20426342302494	25.100246847390228	24.17819924270348	25.513381139072255	0.003909347809089792
63.0	25.36356491922324	24.866420899659445	24.347471034080048	25.422396799077422	1.463479598362659E-4
64.0	25.359033953267595	24.799572339062617	24.19202959217061	25.648442432444472	9.216830547034253E-4
65.0	25.150143496413797	25.12500543852214	24.013613225196714	25.71107669847061	1.611413967413987E-4
66.0	25.155301593323216	24.969176783004553	24.34305901799263	25.5324626056796	0.0
67.0	25.29278418334237	24.79549111468677	24.266906097485087	25.64481860448577	0.0
68.0	25.04291079970042	25.053183243589526	24.218687256379653	25.6852187003304	0.0
69.0	25.436941663817258	24.872955796870762	24.283030510259827	25.405696453766915	0.001375575285235361
70.0	25.36450884066082	24.8744895632527	24.051986816740254	25.706112803930104	0.002901975416122546
71.0	25.20070401800611	25.172351372159014	23.826909278076208	25.798290553552693	0.0017447782059754292
72.0	25.049461672954816	24.93029354927763	24.24496181098739	25.77528296678016	0.0
73.0	25.424539525758878	24.880419950565486	24.06727561441079	25.62752210713401	2.428021308315002E-4
74.0	24.168975606727358	25.24958542560815	24.30246726737914	26.2761259478296	0.002845752455755017
75.0	22.541584602763066	26.40690165766703	23.941697229217702	27.109816510352204	0.0
76.0	24.951832679495812	25.127092086631535	24.275168875786346	25.592516075117803	0.05339028296849973
77.0	24.741000450434	25.431260119547616	24.463435715763975	25.328999427827082	0.035304286427327955
78.0	25.372905402814528	25.361401894244413	24.28262842389151	24.93065940667459	0.05240487237496325
79.0	24.98389088761209	25.08591526606884	24.44020834452022	25.449712720829083	0.040272780969768565
80.0	24.637272060068877	25.199006379495287	24.528594817365775	25.59137356743635	0.04375317563371535
81.0	25.207657268748697	25.096013575873055	24.44103724433594	25.213611599035396	0.04168031200690702
82.0	25.171305370442965	25.01136809094473	24.31517052136417	25.459819678557427	0.042336338690709525
83.0	24.991725142327553	25.435257513570768	24.232093207996822	25.301204819277107	0.03971931682775057
84.0	25.095123398610674	24.96945578943694	24.592452961915733	25.309805564282474	0.0331622857541802
85.0	25.375137918352337	24.919087899963223	23.94630378815741	25.711658698050755	0.047811695476278046
86.0	24.680396347386825	25.20108801243443	24.134447250825726	25.92966776763163	0.0544006217213911
87.0	25.19314883701917	25.20336835220537	24.469607161836244	25.092997588194415	0.040878060744798266
88.0	24.8431672666911	25.022096708129432	24.246017203095697	25.83913596481773	0.04958285726604436
89.0	24.764897420133433	25.331876038891544	24.00892592845595	25.85786825147437	0.03643236104469795
90.0	25.174387838552942	24.847260306922596	24.844854957425312	25.0733631596671	0.060133737432048875
91.0	25.280841762822142	24.813195750521018	24.396380826513493	25.463833680679105	0.045747979464240335
92.0	24.76085554600172	25.28213671539123	24.013865004299227	25.897463456577817	0.0456792777300086
93.0	24.752475247524753	25.26459542505975	24.56754296119267	25.37839990895641	0.0369864572664163
94.0	25.364650687197376	24.8924844365583	24.297013623650415	25.40976211241767	0.0360891401762353
95.0	24.688684353004874	25.398898054078156	24.46574731679353	25.411637313290232	0.03503296283321125
96.0	25.885374425520414	25.16558529332252	24.249797242497973	24.67220870505542	0.027034333603676672
97.0	25.008961215857767	25.123664778837192	24.033980930532657	25.779625779625782	0.05376729514660549
98.0	25.207914024228156	24.77499715186268	24.33828276307295	25.65602096229066	0.02278509854555121
99.0	25.117587939698495	25.15376884422111	24.385929648241206	25.32261306532663	0.020100502512562814
100.0	25.183509730283372	25.209115739160122	23.753840901331515	25.80232161147149	0.051212017753499484
101.0	24.851937248519373	24.964962249649624	24.648492246484924	25.498440254984402	0.036168000361680004
102.0	24.761493839589626	25.70113620020135	24.334819502373076	25.154609521070043	0.047940936765904406
103.0	25.042197330059846	24.87340800982047	24.515370057797554	25.53322080711984	0.03580379520229145
104.0	24.991818479328025	25.406348860041454	24.40820333806043	25.166357586996835	0.027271735573251882
105.0	25.33356537881425	25.258150597517115	23.906485671191554	25.484394941408517	0.017403411068569442
106.0	24.94130730260719	25.880390460892126	23.60682070925491	25.52823427653528	0.04324725071049055
107.0	24.56117283544803	25.86286240220893	24.29163105647229	25.258036946946287	0.026296758924462562
108.0	25.204731574158323	25.162735353818157	23.53888150066494	26.04465598096171	0.04899559039686428
109.0	24.573863636363637	25.41866028708134	24.44677033492823	25.55322966507177	0.007476076555023923
110.0	25.812878546381896	25.223143130379345	23.876314950589737	25.03984698756774	0.047816385081287854
111.0	25.06382978723404	25.31063829787234	24.357446808510637	25.20851063829787	0.059574468085106386
112.0	24.92009862113049	24.947493379600036	24.08912428088759	26.006757373755825	0.03652634462606155
113.0	25.017068175168244	24.90002925972886	24.6074319711304	25.43645762215937	0.039012971813127864
114.0	25.77503142019271	24.39254294093004	25.073313782991203	24.71721826560536	0.04189359028068705
115.0	24.96635262449529	24.955136832660386	24.069089277703007	25.986989681471513	0.022431583669807086
116.0	24.91889943529977	25.735912531539107	23.993752252793463	25.27934638952301	0.07208939084464737
117.0	25.071077797880587	25.743086068751612	24.502455414835875	24.644611010597053	0.03876970793486689
118.0	24.871545618664072	25.579780586029717	23.55228440494376	25.940841549784754	0.05554784057769754
119.0	24.652622142536977	25.56402211265501	24.757209024353802	24.95144180487076	0.07470491558344539
120.0	24.586173320350536	25.64102564102564	23.693605972086985	26.062966569295682	0.01622849724115547
121.0	25.393457117595048	24.721485411140584	24.47391688770999	25.393457117595048	0.01768346595932803
122.0	25.384024577572966	25.44162826420891	23.886328725038403	25.24961597542243	0.03840245775729647
123.0	24.911624038261593	24.68288625493866	24.870035350384693	25.514660012476607	0.020794343938448742
124.0	25.073880427369854	25.301204819277107	23.437144805637644	26.18776994771539	0.0
125.0	25.827320228912665	24.508584224931575	24.632993281910924	24.956456830057228	0.07464543418760886
126.0	25.17653449212385	26.09994568169473	24.4975556762629	24.22596414991852	0.0
127.0	26.352163461538463	25.510817307692307	22.506009615384613	25.570913461538463	0.06009615384615385
128.0	25.125125125125123	26.059392726059393	24.758091424758092	24.057390724057388	0.0
129.0	27.23894463024898	24.45187662578967	23.634336677814936	24.600520252694167	0.07432181345224824
130.0	24.896779521056978	24.40132122213047	24.194880264244425	26.465730800990915	0.041288191577208914
131.0	23.736671302735278	26.19378766805749	24.29299953639314	25.68382012053778	0.09272137227630968
132.0	24.44794952681388	27.339642481598318	22.187171398527866	26.025236593059937	0.0
133.0	24.597014925373134	26.268656716417908	24.17910447761194	24.83582089552239	0.11940298507462686
134.0	26.021505376344084	27.598566308243726	23.369175627240143	23.010752688172044	0.0
135.0	24.848484848484848	26.32034632034632	24.58874458874459	24.155844155844157	0.08658008658008658
136.0	22.835497835497836	24.134199134199132	25.216450216450216	27.81385281385281	0.0
137.0	23.35164835164835	28.296703296703296	24.725274725274726	23.626373626373624	0.0
138.0	23.06201550387597	28.875968992248062	24.031007751937985	23.643410852713178	0.3875968992248062
139.0	24.0625	24.375	28.4375	23.125	0.0
140.0	23.376623376623375	33.116883116883116	21.428571428571427	21.428571428571427	0.6493506493506493
