# Position (bp)	A	C	G	T	N
0.0	26.242965534619366	23.766273763193997	23.64000335974466	26.350757342441973	0.0
1.0	26.27152336422432	23.7287566144973	23.71391774225159	26.285802279026793	0.0
2.0	26.260827692014804	23.743931733046647	23.72965345786229	26.265587117076254	0.0
3.0	26.350651459414664	23.70058063035067	23.741454319453076	26.207313590781585	0.0
4.0	26.243312775922355	23.765225594956483	23.698878254029133	26.292583375092033	0.0
5.0	26.14506060521233	23.750804803627915	23.73708815049128	26.367046440668478	0.0
6.0	26.2323899309453	23.7663504575189	23.764950889145787	26.236308722390017	0.0
7.0	26.28800622486194	23.861877478818954	23.66651085852154	26.183605437797564	0.0
8.0	26.106937742798607	23.893622023443008	23.74528396941437	26.254156264344008	0.0
9.0	26.242744476846696	23.72786960488534	23.833938776538282	26.195447141729684	0.0
10.0	26.28338594488101	23.646092193341843	23.920903575346454	26.149618286430698	0.0
11.0	26.18124118476728	23.77790091118723	23.743759374930036	26.297098529115452	0.0
12.0	26.112958112252894	23.8674524816979	23.75887120245371	26.260718203595495	0.0
13.0	26.280587458302552	23.77202408937247	23.740401191035886	26.206987261289093	0.0
14.0	26.198311952895875	23.69394631383348	23.852340654174224	26.255401079096423	0.0
15.0	26.16724875187499	23.766706964873396	23.64273400944769	26.423310273803928	0.0
16.0	26.222099088812772	23.852340654174224	23.674636756442116	26.250923500570888	0.0
17.0	26.273311393198558	23.75439362392818	23.698423892359013	26.273871090514252	0.0
18.0	26.280027760986858	23.851501108200683	23.629581122528936	26.238890008283523	0.0
19.0	26.194320767230934	23.728301295415815	23.818412311067704	26.25896562628555	0.0
20.0	26.255887299663904	23.732778861410935	23.824848812185696	26.186485026739465	0.0
21.0	26.284711630757517	23.684365179088648	23.78231193523201	26.248611254921823	0.0
22.0	26.30206219898863	23.870743863635727	23.674290655599616	26.152903281776023	0.0
23.0	26.271838628521536	23.693880006828287	23.85143436028175	26.182847004368426	0.0
24.0	26.127437125178755	23.833803944175948	23.81813246319301	26.22062646745229	0.0
25.0	26.264562583779455	23.759644257381687	23.649943890501124	26.32584926833773	0.0
26.0	26.286950413755083	23.717387228302695	23.712070118683485	26.28359223925874	0.0
27.0	26.260924561408416	23.747330950895094	23.74229368915058	26.249450798545908	0.0
28.0	26.33424470457859	23.694159854702985	23.74984958176735	26.221745858951074	0.0
29.0	26.248891102796517	23.769159085121327	23.707312704813663	26.27463710726849	0.0
30.0	26.145067541284554	23.76356212762742	23.739495210403625	26.351875120684397	0.0
31.0	26.21978692382821	23.778394064986273	23.759364409506993	26.242454601678528	0.0
32.0	26.283518685390302	23.85528547201809	23.679541498525207	26.181654344066402	0.0
33.0	26.110293335721362	23.885229110813853	23.75230174232799	26.252175811136798	0.0
34.0	26.240142386200183	23.71927978552519	23.834856634335	26.20572119393963	0.0
35.0	26.268127095355098	23.639803211525223	23.930844186736365	26.16122550638331	0.0
36.0	26.190889298087527	23.767693332363198	23.751462201053343	26.289955168495933	0.0
37.0	26.110013488629814	23.868997979504	23.755659907426583	26.265328624439604	0.0
38.0	26.28127990865791	23.779167063116713	23.731872904644902	26.207680123580474	0.0
39.0	26.21187782995371	23.676183333426614	23.858643637116682	26.25329519950299	0.0
40.0	26.171579848770634	23.766573943997	23.645680000447754	26.416166206784613	0.0
41.0	26.22754926708047	23.84800944763781	23.686257828722386	26.238183456559337	0.0
42.0	26.27988067320016	23.757338989975878	23.697171865292805	26.265608471531156	0.0
43.0	26.291634251045227	23.843531894173022	23.63308688132804	26.231746973453706	0.0
44.0	26.197252468944054	23.724530487856068	23.83423024075178	26.243986802448095	0.0
45.0	26.266654353429097	23.71473586706181	23.826674390424778	26.191935389084314	0.0
46.0	26.277288513148576	23.690948930847178	23.788615292481367	26.243147263522875	0.0
47.0	26.309750684923838	23.88236380579786	23.66240460738962	26.145480901888686	0.0
48.0	26.27253112590565	23.694866779164883	23.84290547631241	26.189696618617052	0.0
49.0	26.13064904754309	23.82331623472389	23.81576038439689	26.230274333336133	0.0
50.0	26.266094660812282	23.757552352248148	23.657647220146696	26.318705766792878	0.0
51.0	26.292959906419394	23.722011871080404	23.70829940196844	26.276728820531766	0.0
52.0	26.262736505111395	23.731806491874664	23.75615312070611	26.249303882307835	0.0
53.0	26.334657006372105	23.69318770131444	23.753354657622033	26.218800634691426	0.0
54.0	26.244546495064906	23.773223745518962	23.714456020753403	26.267773738662726	0.0
55.0	26.160592602542682	23.74719803883707	23.75083604084637	26.34137331777388	0.0
56.0	26.230834025952948	23.773783438135776	23.762309739491073	26.233072796420203	0.0
57.0	26.288968489393856	23.86214809425197	23.67912912072536	26.16975429562881	0.0
58.0	26.114624727150616	23.881737281020875	23.75468741254827	26.24895057928024	0.0
59.0	26.243353668774837	23.71886718531371	23.83276431409862	26.20501483181284	0.0
60.0	26.27497621313035	23.635193373257962	23.927631947165164	26.162198466446522	0.0
61.0	26.191862092125145	23.759444786477864	23.766720770134885	26.2819723512621	0.0
62.0	26.11406503610007	23.862707785302515	23.762243241730566	26.26098393686685	0.0
63.0	26.290087871494933	23.776235517994067	23.723064868192758	26.21061174231824	0.0
64.0	26.212570660995134	23.66709576313875	23.857950411372922	26.262383164493198	0.0
65.0	26.164996921699224	23.772597526165555	23.649465495046734	26.412940057088484	0.0
66.0	26.23132031118822	23.84255890748307	23.68640510438238	26.239715676946325	0.0
67.0	26.282252196787375	23.759444786477864	23.697039234342643	26.26126378239212	0.0
68.0	26.292046790171824	23.84367828958415	23.629316617227293	26.234958303016736	0.0
69.0	26.20242289577742	23.722438790958776	23.824302277096667	26.250836036167136	0.0
70.0	26.25783215472056	23.714043448694664	23.82961932719727	26.198505069387508	0.0
71.0	26.28161895780221	23.695014006229346	23.789041839587398	26.234325196381047	0.0
72.0	26.30764451882096	23.88027122552408	23.669268289952733	26.142815965702226	0.0
73.0	26.27490268399092	23.70201012478277	23.828220103486586	26.19486708773972	0.0
74.0	26.121827610041947	23.820104605964612	23.81534724534828	26.24272053864516	0.0
75.0	26.26958563389032	23.74958373094607	23.664231084594267	26.316599550569343	0.0
76.0	26.284417405223582	23.715162827663214	23.724677548895873	26.275742218217335	0.0
77.0	26.267067031211084	23.733632580644258	23.753221712593852	26.246078675550805	0.0
78.0	26.33311039035543	23.707607019625513	23.755740315273087	26.20354227474597	0.0
79.0	26.248317433487898	23.766374415474296	23.71236438024184	26.272943770795965	0.0
80.0	26.159606650230455	23.754620936304537	23.747904662493248	26.33786775097176	0.0
81.0	26.223970940921976	23.772251155059173	23.773930223511996	26.229847680506857	0.0
82.0	26.287142289459396	23.849981250454746	23.690750037778933	26.172126422306924	0.0
83.0	26.115038254669198	23.87992455406865	23.763229623162125	26.24180756810003	0.0
84.0	26.24488585164912	23.719014277638788	23.821157322676875	26.214942548035214	0.0
85.0	26.291619792803534	23.632822338264184	23.928057715018106	26.147500153914176	0.0
86.0	26.207386761141986	23.760431183572038	23.75651336814592	26.27566868714005	0.0
87.0	26.126232013029533	23.856977349429958	23.76071102753105	26.256079610009458	0.0
88.0	26.29217948072155	23.76406915503915	23.73104756787615	26.212703796363147	0.0
89.0	26.209625512814057	23.679276435459588	23.8617346967331	26.249363354993253	0.0
90.0	26.17940236524114	23.759031963776998	23.643456408706506	26.418109262275358	0.0
91.0	26.224737086600513	23.84242546356152	23.694108165287037	26.23872928455093	0.0
92.0	26.275948531099058	23.76266993524411	23.69158956965596	26.26979196400087	0.0
93.0	26.291060104885517	23.842705307520525	23.626945615125006	26.239288972468948	0.0
94.0	26.199197969457916	23.720626960651252	23.832564231004945	26.247610838885887	0.0
95.0	26.252088329700037	23.71726884254064	23.838440937698515	26.19220189006081	0.0
96.0	26.285109824454377	23.69404185894225	23.802061324833563	26.21878699176981	0.0
97.0	26.306098062645695	23.87649960961877	23.666617227705594	26.150785100029942	0.0
98.0	26.267759547549552	23.699918565635816	23.844597487567967	26.187724399246665	0.0
99.0	26.12447984149682	23.821930190321343	23.82360924937665	26.22998071880518	0.0
100.0	26.272516881539588	23.750570180470866	23.66689707088148	26.31001586710807	0.0
101.0	26.282031549519647	23.710832449495303	23.726223824168933	26.280912176816113	0.0
102.0	26.259923938624794	23.731820687686618	23.763163123385656	26.245092250302932	0.0
103.0	26.343876891390067	23.692082956711058	23.757846103043853	26.206194048855018	0.0
104.0	26.253487545579457	23.75364845540559	23.720347117475367	26.272516881539588	0.0
105.0	26.166736161055344	23.746652376008484	23.753088769053825	26.33352269388235	0.0
106.0	26.230260561981066	23.769879359606875	23.77407700724514	26.22578307116692	0.0
107.0	26.286155637145157	23.852366347273215	23.69229649861198	26.16918151696964	0.0
108.0	26.118530043879286	23.88063042894242	23.770932210978778	26.22990731619952	0.0
109.0	26.250055968478552	23.71776215635354	23.82913942867377	26.203042446494134	0.0
110.0	26.2811184740754	23.62961180263276	23.92764395092684	26.161625772365007	0.0
111.0	26.20472150085072	23.754981194591206	23.75917883048267	26.2811184740754	0.0
112.0	26.135040745052386	23.851806662487686	23.766454732694548	26.246697859765376	0.0
113.0	26.276640995791173	23.756940091340557	23.74742544998657	26.218993462881706	0.0
114.0	26.20696023999284	23.672707531118476	23.854605086415333	26.26572714247336	0.0
115.0	26.18485269096445	23.760578042446497	23.648081400555206	26.40648786603385	0.0
116.0	26.239701799946268	23.84425091788305	23.68893838989881	26.227108892271872	0.0
117.0	26.280838631682634	23.76477567833796	23.686699650756694	26.26768603922271	0.0
118.0	26.30126712635444	23.83669517327841	23.61953747649324	26.242500223873915	0.0
119.0	26.19611969452319	23.72118664700302	23.832284387829063	26.25040927064473	0.0
120.0	26.256565820514183	23.71251150855061	23.830325485597868	26.200597185337337	0.0
121.0	26.286509040333794	23.68032954332392	23.81045662011009	26.222704796232193	0.0
122.0	26.31421351474634	23.879018198201727	23.669135816288552	26.137632470763382	0.0
123.0	26.265240958966597	23.70411621327408	23.843198271688546	26.187444556070776	0.0
124.0	26.119722507506793	23.81045662011009	23.826687524311378	26.24313334807174	0.0
125.0	26.27279672471547	23.749450807767328	23.666057541353823	26.311694926163376	0.0
126.0	26.27671452917785	23.70607511550527	23.727902883224242	26.289307472092638	0.0
127.0	26.26104331132833	23.734059433093694	23.760644534802697	26.24425272077528	0.0
128.0	26.35003344125952	23.68228844555511	23.76540186879273	26.202276244392642	0.0
129.0	26.259923938624794	23.753088769053825	23.713071194902376	26.273916097419008	0.0
130.0	26.165057102000038	23.744133787425525	23.758685632571506	26.332123478002927	0.0
131.0	26.242293818544088	23.760924377978583	23.78135292981813	26.215428873659203	0.0
132.0	26.284343849869312	23.862854072569135	23.691309725696954	26.161492351864602	0.0
133.0	26.099366992964722	23.891957844306013	23.775822601317508	26.232852561411757	0.0
134.0	26.243766475813086	23.731887099753177	23.82759373373407	26.196752690699665	0.0
135.0	26.273150091508974	23.632542494305177	23.943728976722582	26.150578437463267	0.0
136.0	26.197872066535698	23.75315524063782	23.766587750670226	26.282384942156256	0.0
137.0	26.127351388865566	23.853899065880864	23.761270715449065	26.257478829804505	0.0
138.0	26.280985722361212	23.747558361457653	23.757632743981954	26.21382317219918	0.0
139.0	26.215222391994224	23.671440804607354	23.84970140649574	26.263635396902686	0.0
140.0	26.197032534658675	23.76266993524411	23.63366187014121	26.406635659956006	0.0
141.0	26.235238148542006	23.84059998880618	23.689763250685623	26.234398611966192	0.0
142.0	26.2875692617675	23.766720770134885	23.67940896625063	26.26630100184698	0.0
143.0	26.301561538031002	23.84032014328091	23.6385515195612	26.21956679912688	0.0
144.0	26.20564785819628	23.702142783183476	23.838707781686296	26.253501576933946	0.0
145.0	26.26889312389636	23.706620324117996	23.83199147028452	26.19249508170113	0.0
146.0	26.286523441326025	23.67891553958566	23.82219684949026	26.212364169598057	0.0
147.0	26.313388686933138	23.869490875611117	23.676676769118398	26.140443668337348	0.0
148.0	26.26476893025651	23.702768807123785	23.84409158835612	26.188370674263584	0.0
149.0	26.12960278503825	23.807991313546278	23.823382903581482	26.239022997833985	0.0
150.0	26.269246483721293	23.734391528468844	23.67562363924352	26.32073834856634	0.0
151.0	26.289955168495933	23.696892018201254	23.723477491898425	26.28967532140438	0.0
152.0	26.270719237022753	23.739495210403625	23.751248821140827	26.238536731432795	0.0
153.0	26.350755729185614	23.685764418462124	23.77615528198871	26.18732457036355	0.0
154.0	26.257006691162683	23.747051103020397	23.70871194418714	26.28723026162978	0.0
155.0	26.161858413766275	23.74229368915058	23.757965170133517	26.33788272694963	0.0
156.0	26.239656122931578	23.75656593076004	23.795464785342688	26.2083131609657	0.0
157.0	26.276669577092708	23.86521369243513	23.708498444041464	26.149618286430698	0.0
158.0	26.111279020305815	23.89543734748248	23.770624846083237	26.222658786128463	0.0
159.0	26.25176304654443	23.714934963171917	23.831911702151476	26.201390288132174	0.0
160.0	26.269953209304408	23.63797658226431	23.932937067633826	26.159133140797458	0.0
161.0	26.19103588779188	23.763348780979246	23.763628629637093	26.28198670159178	0.0
162.0	26.140663129379632	23.84506458907023	23.768945754136166	26.245326527413976	0.0
163.0	26.28478518817024	23.74823695345557	23.75383392661249	26.2131439317617	0.0
164.0	26.203908926052787	23.664562204759665	23.86185550854098	26.26967336064656	0.0
165.0	26.203629077394947	23.75831150513802	23.6354579443437	26.402601473123333	0.0
166.0	26.254988330245656	23.831765239243957	23.699955783664585	26.21329064684581	0.0
167.0	26.286611405575737	23.760123581858988	23.68484387155994	26.268421141005334	0.0
168.0	26.295286762524693	23.83596299260636	23.639228285021858	26.22952195984709	0.0
169.0	26.21392370701838	23.706458681398026	23.83994761189143	26.23966999969216	0.0
170.0	26.277729736688187	23.698902704200282	23.837428952825515	26.18593860628601	0.0
171.0	26.280248395754104	23.67203700749721	23.834350591744954	26.213364005003736	0.0
172.0	26.311591708574355	23.864014798521268	23.680152686709597	26.14424080619478	0.0
173.0	26.26548979660372	23.70120784032776	23.84729047496446	26.186011888104062	0.0
174.0	26.133959455072592	23.80559255818119	23.82658144246807	26.23386654427815	0.0
175.0	26.279762237918796	23.729472871167427	23.66874503263072	26.322019858283053	0.0
176.0	26.290676457747974	23.68609584364121	23.733390796234314	26.2898369023765	0.0
177.0	26.265003596105572	23.745490875406837	23.74772969599615	26.24177583249144	0.0
178.0	26.36686993291934	23.682524046332393	23.772916427625926	26.177689593122345	0.0
179.0	26.259126692058622	23.741572939375537	23.721983259219044	26.277317109346797	0.0
180.0	26.168454458191427	23.7457707279805	23.74716999084882	26.338604822979256	0.0
181.0	26.23393996042885	23.763961145268674	23.794185223224407	26.207913671078074	0.0
182.0	26.283547421151315	23.853860577057624	23.71729213891921	26.145299862871855	0.0
183.0	26.097444938852043	23.896118433940615	23.777180757283183	26.229255869924163	0.0
184.0	26.24576721797778	23.713933898637112	23.840707469286095	26.19959141409901	0.0
185.0	26.275151820446084	23.628298771443763	23.934738197184675	26.161811210925475	0.0
186.0	26.19035625332326	23.7547924887359	23.765426916295862	26.289424341644978	0.0
187.0	26.136904262166627	23.83986790921557	23.772423250216885	26.250804578400917	0.0
188.0	26.297540088993365	23.750874541740128	23.753393221951697	26.19819214731481	0.0
189.0	26.206028041306357	23.66859765482887	23.860297204264967	26.26507709959981	0.0
190.0	26.195113760389553	23.75171410181065	23.63529510536479	26.417877032435005	0.0
191.0	26.241996149196257	23.836643084225138	23.705111270317467	26.216249496261142	0.0
192.0	26.280616128598933	23.77031746742489	23.68440200600009	26.26466439797609	0.0
193.0	26.29264989029687	23.829366856221736	23.63710652397797	26.240876729503427	0.0
194.0	26.2110056055098	23.707696311781646	23.846224886448546	26.235073196260007	0.0
195.0	26.273693283742904	23.699300640589712	23.847624164980534	26.17938191068685	0.0
196.0	26.29300332748435	23.668796368592353	23.824116285643125	26.214084018280175	0.0
197.0	26.312313371225798	23.863855795951608	23.68698698950821	26.136843843314388	0.0
198.0	26.279923655149638	23.696848256214214	23.847690904104375	26.175537184531773	0.0
199.0	26.138316271416016	23.80263400928004	23.824462815468227	26.234586903835712	0.0
200.0	26.273766812378614	23.737987160184257	23.673340311088474	26.314905716348658	0.0
201.0	26.28854006039354	23.701245091975608	23.728391399378154	26.281823448252702	0.0
202.0	26.27909840424043	23.738812611594025	23.743570225175052	26.23851875899049	0.0
203.0	26.354100783047222	23.682280967866518	23.7737950643957	26.189823184690557	0.0
204.0	26.259095488637634	23.735307287585357	23.726631590731	26.27896563304601	0.0
205.0	26.165621851561628	23.750419791783276	23.75377812604948	26.33018023060562	0.0
206.0	26.242023956117766	23.75965521101534	23.79631702675473	26.202003806112167	0.0
207.0	26.28687531309558	23.843400434905504	23.7286570263546	26.14106722564431	0.0
208.0	26.10315210303456	23.88467383303901	23.77776596131726	26.23440810260917	0.0
209.0	26.24980059722879	23.71591611930023	23.834018532563523	26.200264750907458	0.0
210.0	26.27296999277946	23.628517214550786	23.94672472950962	26.151788063160136	0.0
211.0	26.203003520712876	23.75305753482931	23.76089377970077	26.283045164757045	0.0
212.0	26.139194098188153	23.831140117655618	23.771808549343156	26.257857234813077	0.0
213.0	26.298305122693893	23.733319899695505	23.763265717356262	26.205109260254346	0.0
214.0	26.21378515135232	23.673428264373992	23.851983700519433	26.260802883754252	0.0
215.0	26.19811257388501	23.749272344617587	23.64376231416801	26.408852767329392	0.0
216.0	26.251301398233455	23.83797731928756	23.701400472421554	26.20932081005743	0.0
217.0	26.291043021706763	23.770808378205917	23.68236927244842	26.2557793276389	0.0
218.0	26.30503655109877	23.83321951929428	23.647385448968397	26.214358480638555	0.0
219.0	26.214018835448705	23.692923412770604	23.855529589566338	26.237528162214353	0.0
220.0	26.28174808636879	23.688165572829938	23.847693147311123	26.182393193490157	0.0
221.0	26.28986440156169	23.670533577755698	23.828381914610766	26.211220106071842	0.0
222.0	26.318971187081065	23.85608933544171	23.6848070975777	26.140132379899526	0.0
223.0	26.28378075812193	23.694948839083803	23.837684436782126	26.183585966012135	0.0
224.0	26.14552313995925	23.792344893983834	23.82648948794304	26.235642478113874	0.0
225.0	26.27118644067797	23.738049392114277	23.678716163267133	26.312048003940625	0.0
226.0	26.28797886393659	23.691030606990125	23.7341311600206	26.286859369052685	0.0
227.0	26.27601783360341	23.745952314981963	23.743153569939242	26.23487628147539	0.0
228.0	26.362219180919276	23.679901931973703	23.765823404785294	26.192055482321724	0.0
229.0	26.250976067797176	23.74104746418286	23.729292669206075	26.278683798813883	0.0
230.0	26.169532131172318	23.738808455615853	23.755880895939278	26.33577851727255	0.0
231.0	26.243139537812652	23.75392176344315	23.805698836555173	26.19723986218902	0.0
232.0	26.292191435768263	23.848306745032186	23.727959697733	26.131542121466556	0.0
233.0	26.115175567733377	23.88594394594988	23.768674887628812	26.230205598687927	0.0
234.0	26.26379100918561	23.71185956820357	23.839484128094757	26.18486529451606	0.0
235.0	26.283809502485333	23.624949621602255	23.94485244727061	26.1463884286418	0.0
236.0	26.216918185482065	23.742219336348576	23.76321033540818	26.27765214276118	0.0
237.0	26.133513949218575	23.831780932336212	23.773845774931708	26.260859343513506	0.0
238.0	26.29920290179571	23.73718149657427	23.766289015270253	26.19732658635977	0.0
239.0	26.207682145895838	23.678966459182302	23.865086650844116	26.248264744077737	0.0
240.0	26.18718406601096	23.76047515352363	23.644037909279714	26.4083028711857	0.0
241.0	26.24280627897082	23.826331818080032	23.723324450813983	26.207537452135167	0.0
242.0	26.28317097749412	23.754618743701712	23.695834732952637	26.266375545851528	0.0
243.0	26.30339846593136	23.825933598342758	23.639213929791165	26.23145400593472	0.0
244.0	26.22378992749363	23.69278575627782	23.837518546513255	26.245905769715293	0.0
245.0	26.292420450282478	23.687982575490345	23.84419845575843	26.17539851846875	0.0
246.0	26.27398610247882	23.65770214958033	23.84415962551724	26.22415212242361	0.0
247.0	26.33224978230984	23.84792207392226	23.685529414070484	26.13429872969742	0.0
248.0	26.287066334388037	23.691092879343657	23.847618514266514	26.174222272001792	0.0
249.0	26.15770167726038	23.78349620586341	23.838098171534174	26.220703945342034	0.0
