# Position (bp)	A	C	G	T	N
0.0	26.23101558607928	23.743505800298912	23.75745498541029	26.268023628211516	0.0
1.0	26.254074443100134	23.746067895523453	23.774535620240552	26.22532204113586	0.0
2.0	26.164518479721266	23.82153348666682	23.838897365244915	26.175050668367	0.0
3.0	26.289978738725406	23.767088002322517	23.70674810655115	26.23618515240093	0.0
4.0	26.205336179295625	23.771184631803628	23.716542155816438	26.30693703308431	0.0
5.0	26.325704220342217	23.855135067455475	23.625493359740705	26.19366735246161	0.0
6.0	26.17377671425035	23.69064250777491	23.83205624681677	26.303524531157972	0.0
7.0	26.289434151226843	23.731335639823374	23.716540720171167	26.262689488778623	0.0
8.0	26.07447574232497	23.657100914090304	23.916278090566916	26.352145253017806	0.0
9.0	26.11753259499703	23.771091089610284	23.820022701992254	26.291353613400435	0.0
10.0	26.1776009057265	23.79551745031163	23.701929504666598	26.324952139295277	0.0
11.0	26.288825485505246	23.683155023169416	23.84216919221371	26.185850299111625	0.0
12.0	26.27630916450713	23.768493575429325	23.695671344167536	26.259525915896013	0.0
13.0	26.21514986872086	23.967047940354043	23.59952324195471	26.21827894897039	0.0
14.0	26.218847872652123	23.819127783103536	23.74687447552348	26.21514986872086	0.0
15.0	26.23221757917284	23.66324269430877	23.804335767378486	26.3002039591399	0.0
16.0	26.194668616178486	23.680310404760753	23.84700504350844	26.278015935552325	0.0
17.0	26.148870259799	23.935472676017874	23.812869622604477	26.102787441578652	0.0
18.0	26.364492335175697	23.72354860457244	23.669216392966966	26.242742667284897	0.0
19.0	26.249285289624822	23.68742195078241	23.800922225288087	26.262370534304676	0.0
20.0	26.215434330561727	23.865210601323884	23.742323086069618	26.177031982044767	0.0
21.0	26.19438415433762	23.74459878079655	23.757968487317267	26.303048577548566	0.0
22.0	26.382982354832013	23.715014749346448	23.62512480763268	26.27687808818886	0.0
23.0	26.203202471404474	23.813438546286207	23.837902264600714	26.145456717708605	0.0
24.0	26.20348693324534	23.87345999470901	23.659829152218375	26.263223919827272	0.0
25.0	26.24700959489789	23.73350476900276	23.741469700547018	26.278015935552325	0.0
26.0	26.242173743603164	23.73777169661576	23.794095141107295	26.22595941867378	0.0
27.0	26.174756287317834	23.815145317331407	23.84216919221371	26.167929203137046	0.0
28.0	26.303048577548566	23.756546178112934	23.700507195462265	26.23989804887623	0.0
29.0	26.23079526996851	23.762804338612	23.696809191531003	26.309591199888494	0.0
30.0	26.3186191123678	23.860875798624345	23.640702960101496	26.17980212890636	0.0
31.0	26.164156772163782	23.693043789931217	23.8344209226778	26.308378515227197	0.0
32.0	26.276518879678672	23.735428483652026	23.713524984212413	26.274527652456893	0.0
33.0	26.06317310591622	23.666304452952993	23.920897076309515	26.34962536482127	0.0
34.0	26.112384864397427	23.774684106024317	23.833567539582752	26.279363489995504	0.0
35.0	26.17659859533542	23.800217896530437	23.70122573909877	26.321957769035365	0.0
36.0	26.290951604782347	23.696674375538695	23.84260246968365	26.169771549995307	0.0
37.0	26.284409019664736	23.764944828939846	23.69866559709623	26.251980554299188	0.0
38.0	26.208742600478462	23.96975618914329	23.609629547452233	26.21187166292602	0.0
39.0	26.204760157363395	23.814156447433174	23.76466036871734	26.21642302648609	0.0
40.0	26.22040546960116	23.67846892129839	23.813587526988165	26.287538082112288	0.0
41.0	26.193381748463203	23.67846892129839	23.84886059457876	26.27928873565965	0.0
42.0	26.157255300205094	23.93163851932765	23.822690254108316	26.088415926358937	0.0
43.0	26.36860924552615	23.72426701712166	23.66538375106317	26.24173998628902	0.0
44.0	26.25624745763676	23.687287188196038	23.78883948763025	26.267625866536953	0.0
45.0	26.215000725373567	23.85967008303394	23.73962786913692	26.185701322455575	0.0
46.0	26.202484475583354	23.74759275536705	23.755273181374683	26.294649587674908	0.0
47.0	26.387099159988963	23.712604147998963	23.62442147902248	26.27587521298959	0.0
48.0	26.21016490159099	23.80903616342809	23.840326787903614	26.140472147077315	0.0
49.0	26.20732029936594	23.86848834993159	23.661970228393113	26.26222112230936	0.0
50.0	26.244015668069054	23.735360965799348	23.75271303937214	26.26791032675946	0.0
51.0	26.242024446511518	23.73137852268428	23.799933436307935	26.226663594496262	0.0
52.0	26.166073567102742	23.813871987210668	23.848291674133748	26.171762771552842	0.0
53.0	26.296925269454945	23.754988721152177	23.704923721991335	26.24316228740154	0.0
54.0	26.233206179613873	23.75271303937214	23.714310909333992	26.299769871679995	0.0
55.0	26.324158569055367	23.858179914889742	23.644266436064903	26.173395079989987	0.0
56.0	26.16742143231004	23.705425209931047	23.831440730036636	26.295712627722278	0.0
57.0	26.277507225269098	23.74069817718408	23.71452791115764	26.267266686389185	0.0
58.0	26.072127528844184	23.666169810891382	23.92019206699588	26.341510593268552	0.0
59.0	26.119063332043783	23.778815738570422	23.824329244703364	26.277791684682427	0.0
60.0	26.18498343028631	23.797806824161913	23.695117268059565	26.322092477492216	0.0
61.0	26.300473623575932	23.68573013412223	23.853276251973433	26.160519990328407	0.0
62.0	26.2814148970971	23.772774466995692	23.698815229913667	26.246995405993545	0.0
63.0	26.21001578745253	23.97530899315877	23.606081724956976	26.208593494431724	0.0
64.0	26.205464449785943	23.813452047390804	23.76566300189165	26.215420500931604	0.0
65.0	26.223100883243966	23.6874368857472	23.827106060390562	26.262356170618272	0.0
66.0	26.20404215676514	23.672076121122473	23.853276251973433	26.270605470138957	0.0
67.0	26.154830818245173	23.927235489055455	23.820279053890683	26.097654638808688	0.0
68.0	26.363054516491484	23.724700962892374	23.67292949693496	26.239315023681183	0.0
69.0	26.247848781806027	23.686867968538877	23.80065141020353	26.264631839451564	0.0
70.0	26.213713749306635	23.859534341264986	23.740915103329588	26.185836806098795	0.0
71.0	26.198921901890227	23.7571292437668	23.760827205620902	26.28312164872207	0.0
72.0	26.395767255970075	23.70678007083019	23.632536375144007	26.264916298055724	0.0
73.0	26.210869163265016	23.80918516832838	23.840760073390317	26.139185595016283	0.0
74.0	26.213713749306635	23.859534341264986	23.669231535080858	26.25752037434752	0.0
75.0	26.249839992035156	23.72839892474648	23.747457651225307	26.274303431993058	0.0
76.0	26.243866361347767	23.737217141475487	23.790126441849548	26.2287900553272	0.0
77.0	26.16791591403661	23.81601217482826	23.856974213827534	26.159097697307597	0.0
78.0	26.29307769986773	23.74831102703779	23.717305039184172	26.24130623391031	0.0
79.0	26.229358972535522	23.765094084683327	23.713891535934234	26.29165540684692	0.0
80.0	26.32315543342834	23.864017795679654	23.637304933067078	26.175521837824924	0.0
81.0	26.17097051310497	23.69277420309149	23.841545629874897	26.294709653928646	0.0
82.0	26.292149533773674	23.73373612557105	23.704152514891366	26.26996182576391	0.0
83.0	26.079944018705948	23.67115541067172	23.92062489688405	26.32827567373829	0.0
84.0	26.122043772365494	23.778964914975564	23.823055873200094	26.27593543945885	0.0
85.0	26.192230341888852	23.797102521142264	23.68900886652425	26.321658270444637	0.0
86.0	26.30003953952103	23.687586581595063	23.85029597749376	26.16207790139014	0.0
87.0	26.284678862285837	23.768656822558576	23.706076285674463	26.24058802948112	0.0
88.0	26.214417986784127	23.976310422219505	23.605094055702367	26.204177535293997	0.0
89.0	26.19251479887469	23.82497930575428	23.76296768284184	26.21953821252919	0.0
90.0	26.21982266951503	23.686733210637552	23.831237359442692	26.262206760404727	0.0
91.0	26.199341766534772	23.677346130104937	23.855700660224663	26.267611443135625	0.0
92.0	26.164069100290998	23.9199879390238	23.828392789584324	26.087550171100876	0.0
93.0	26.36774030215021	23.716601194150428	23.685879839680045	26.22977866401932	0.0
94.0	26.251966308914596	23.691000065425108	23.798809263057287	26.25822436260301	0.0
95.0	26.224089524302585	23.85968305802638	23.74447797876244	26.1717494389086	0.0
96.0	26.20190187940731	23.75016711847918	23.77207030638862	26.275860695724894	0.0
97.0	26.405573081266514	23.698111490071028	23.623014845810093	26.273300582852364	0.0
98.0	26.21015113199657	23.819005709051705	23.830099531499343	26.140743627452373	0.0
99.0	26.209582218024902	23.860251971998053	23.673363732303223	26.256802077673825	0.0
100.0	26.239734658523613	23.72911730152725	23.751020489436687	26.28012755051245	0.0
101.0	26.236036717707734	23.740780037946564	23.80108491894398	26.222098325401728	0.0
102.0	26.162646815361818	23.810471999476597	23.861105342955565	26.165775842206017	0.0
103.0	26.302030738421887	23.73082404344227	23.720583591952142	26.246561626183695	0.0
104.0	26.235183346750222	23.763252139827674	23.71432553826373	26.287238975158374	0.0
105.0	26.330401538339004	23.86302866180436	23.63603263281259	26.170537167044046	0.0
106.0	26.1773641152844	23.688941481675332	23.837427605903034	26.296266797137235	0.0
107.0	26.287164199483428	23.736730119357812	23.7062933084529	26.269812372705857	0.0
108.0	26.08320912080285	23.661064776360554	23.925324564497593	26.330401538339004	0.0
109.0	26.12161070465484	23.76659801790936	23.828040552072547	26.28375072536325	0.0
110.0	26.198623804931888	23.78758010974288	23.69513211529545	26.31866397002978	0.0
111.0	26.300743281875356	23.675789150303373	23.856418308685274	26.167049259135993	0.0
112.0	26.28083140614822	23.76709932328068	23.711914981979753	26.24015428859135	0.0
113.0	26.202606180077314	23.96707144665466	23.620320353634913	26.210002019633112	0.0
114.0	26.198054894196826	23.822283664581608	23.77392625210141	26.205735189120148	0.0
115.0	26.225931520214818	23.672944596628064	23.831386236342585	26.269737646814526	0.0
116.0	26.194641429786458	23.68034043618386	23.85926286236058	26.2657552716691	0.0
117.0	26.163635794725625	23.911602649986204	23.830817325607526	26.093944229680645	0.0
118.0	26.3849420706644	23.703096865586303	23.675789150303373	26.236171913445922	0.0
119.0	26.263479628728852	23.686598454269532	23.790424663418186	26.259497253583426	0.0
120.0	26.228207163155066	23.846177915454174	23.7514542780665	26.174160643324257	0.0
121.0	26.20289063544485	23.742636161673055	23.76596150181056	26.288511701071542	0.0
122.0	26.4128186966824	23.689158552577307	23.631983023703665	26.266039727036627	0.0
123.0	26.218251225291496	23.80749198547002	23.83366187928283	26.140594909955656	0.0
124.0	26.204312912282496	23.85926286236058	23.671522319790412	26.264901905566507	0.0
125.0	26.246696762044554	23.71561290175765	23.7616946712976	26.275995664900197	0.0
126.0	26.2378786456511	23.748894179758725	23.804647431794717	26.208579742795457	0.0
127.0	26.17444509869179	23.798958324444104	23.8640986036086	26.162497973255505	0.0
128.0	26.303587835550662	23.739507152630214	23.725568839621218	26.2313361721979	0.0
129.0	26.2452744852069	23.746902992186012	23.722724285945915	26.285098236661174	0.0
130.0	26.32499687098206	23.865304311217812	23.651108810176705	26.158590007623427	0.0
131.0	26.186751169114885	23.682114533434977	23.845107922673435	26.2860263747767	0.0
132.0	26.28943984889688	23.730472083470822	23.71824046787352	26.26184759975878	0.0
133.0	26.07751999726922	23.66362488195069	23.927315757734362	26.33153936304573	0.0
134.0	26.132988951722098	23.76659801790936	23.82661827118914	26.273794759179403	0.0
135.0	26.205315363237347	23.77946618802038	23.68701766762339	26.32820078111888	0.0
136.0	26.302599652393567	23.673648189289057	23.84972706352209	26.17402509479529	0.0
137.0	26.285038088898748	23.77299130128063	23.707281550636335	26.23468905918429	0.0
138.0	26.206812195274587	23.959880072593627	23.626779994652196	26.20652773747959	0.0
139.0	26.197140630244693	23.81964237966013	23.782093950720533	26.201123039374647	0.0
140.0	26.216632910816283	23.67470359329131	23.850499510729808	26.258163985162597	0.0
141.0	26.191674987128177	23.694114233536155	23.855403179696367	26.258807599639304	0.0
142.0	26.17204723177535	23.90319249707717	23.83236190167348	26.092398369474008	0.0
143.0	26.38169441576137	23.704354801546327	23.683020284858465	26.23093049783384	0.0
144.0	26.26335896319938	23.673917557738314	23.79253747052281	26.270186008539497	0.0
145.0	26.23121495805634	23.842033549238643	23.75982454493476	26.166926947770257	0.0
146.0	26.209595981145977	23.742472471361967	23.767504970942387	26.28042657654967	0.0
147.0	26.411847199346877	23.686433807528523	23.643195853707795	26.258523139416802	0.0
148.0	26.224387912716224	23.804200339645508	23.832077441450974	26.139334306187294	0.0
149.0	26.213862884483547	23.845731532131204	23.677615540630875	26.262790042754368	0.0
150.0	26.255394076969246	23.710044005996423	23.754135340484662	26.28042657654967	0.0
151.0	26.230361577388827	23.748730596257072	23.805907100980534	26.215000725373567	0.0
152.0	26.17659859533542	23.793959771635333	23.871332952156635	26.158108680872612	0.0
153.0	26.299769871679995	23.735929886244357	23.728818380681737	26.23548186139391	0.0
154.0	26.246575810071597	23.747877215589558	23.735645426021854	26.269901548316994	0.0
155.0	26.334264469110373	23.864004869972863	23.650943557242094	26.150787103674666	0.0
156.0	26.187482576761813	23.687354569297554	23.845799363945133	26.279363489995504	0.0
157.0	26.27907902896382	23.729454801986677	23.723196659289645	26.268269509759858	0.0
158.0	26.08137861194395	23.670002446364872	23.921750459404567	26.326868482286613	0.0
159.0	26.134572824868723	23.770986112612434	23.832998617519387	26.26144244499946	0.0
160.0	26.20263354772274	23.78442343851784	23.69396457312234	26.318978440637082	0.0
161.0	26.29707487889037	23.668363007444366	23.858099055302226	26.176463058363037	0.0
162.0	26.284064402343972	23.767707799965866	23.707401718154404	26.240826079535758	0.0
163.0	26.202423621778458	23.962280252602834	23.637139443591057	26.19815668202765	0.0
164.0	26.20555271092905	23.804687944472892	23.800989930022187	26.18876941457587	0.0
165.0	26.218502693876623	23.662022313377218	23.864845336777247	26.254629655968913	0.0
166.0	26.192122024139707	23.6953720376518	23.863206433462196	26.249299504746297	0.0
167.0	26.177045375024534	23.901609218944238	23.839595832017682	26.081749574013546	0.0
168.0	26.38783399755929	23.702768129670563	23.679726458381335	26.22967141438881	0.0
169.0	26.265514014172048	23.671192506051995	23.796926070370972	26.266367409404985	0.0
170.0	26.225119973146498	23.854388016055207	23.748567007171363	26.171925003626928	0.0
171.0	26.21317243988542	23.745437891317273	23.770755283227654	26.270634385569657	0.0
172.0	26.415427110090828	23.689398271021258	23.63506544119111	26.2601091776968	0.0
173.0	26.225119973146498	23.803753232234445	23.836751181241233	26.134375613377824	0.0
174.0	26.213741370040704	23.841018157405905	23.683424504390718	26.261815968162665	0.0
175.0	26.247592714280433	23.712439942310482	23.763074726131247	26.27689261727784	0.0
176.0	26.23536071594171	23.740886450074957	23.80830467347676	26.215448160506575	0.0
177.0	26.184441467043296	23.78981444342985	23.872593781024474	26.153150308502376	0.0
178.0	26.313304147216364	23.732921427900905	23.724671940649205	26.229102484233525	0.0
179.0	26.24389466827105	23.74771361193843	23.72979231204681	26.27859940774371	0.0
180.0	26.327886759819762	23.85047335123572	23.6590278093851	26.162612079559423	0.0
181.0	26.197885849528923	23.67325110372764	23.845068499385555	26.283794547357882	0.0
182.0	26.274691638978652	23.73782486004278	23.731282144645213	26.256201356333346	0.0
183.0	26.08552182422284	23.6595967411588	23.93780437849893	26.31707705611943	0.0
184.0	26.1395703427245	23.764280187519912	23.828853943835053	26.26729552592053	0.0
185.0	26.201658440838038	23.799052725902115	23.682705847212937	26.31658298604691	0.0
186.0	26.308902385253248	23.66734464562561	23.868178133045074	26.155574836076067	0.0
187.0	26.287073227625207	23.77124261095655	23.706099552248148	26.235584609170093	0.0
188.0	26.20685339113713	23.964680514544824	23.625026313244238	26.203439781073808	0.0
189.0	26.197465963462996	23.807938919137268	23.797413621442022	26.197181495957718	0.0
190.0	26.212976343547673	23.673804945211245	23.861839035991032	26.251379675250046	0.0
191.0	26.19939635480228	23.692931775575982	23.857070926888383	26.25060094273336	0.0
192.0	26.183750508490007	23.89547436783669	23.83602015185005	26.084754971823255	0.0
193.0	26.391413559543825	23.69748329450319	23.67301888026945	26.238084265683536	0.0
194.0	26.275918766765948	23.670743120805845	23.788798142980276	26.26453996944793	0.0
195.0	26.226989938298473	23.85052811843052	23.754092811160323	26.168389132110683	0.0
196.0	26.2136198514498	23.741007194244602	23.776281465930456	26.269091488375135	0.0
197.0	26.410473045051504	23.682406388056815	23.644571886974404	26.262548679917273	0.0
198.0	26.21987818997471	23.793918601773388	23.833175452520546	26.153027755731355	0.0
199.0	26.2136198514498	23.843416370106763	23.68752684684992	26.25543693159352	0.0
200.0	26.254014581928764	23.721094298938073	23.756653040556877	26.268238078576285	0.0
201.0	26.23865320554944	23.73133521652429	23.81866748594007	26.2113440919862	0.0
202.0	26.20089323813046	23.77862486843228	23.872215742610873	26.148266150826387	0.0
203.0	26.315819417972865	23.737376610815577	23.709214007339348	26.237589963872214	0.0
204.0	26.238727846840952	23.743919437885815	23.729695900776605	26.28765681449663	0.0
205.0	26.33523834448936	23.8526551152252	23.66120576111786	26.15090077916758	0.0
206.0	26.195562812740913	23.674575924034716	23.842983082476838	26.286878180747536	0.0
207.0	26.269240944559343	23.732039177422063	23.73289259207633	26.265827285942265	0.0
208.0	26.092299639574545	23.653809500780877	23.934582922034885	26.319307937609697	0.0
209.0	26.157159153298874	23.761055275667157	23.823354545428685	26.258431025605283	0.0
210.0	26.200473362008147	23.79469060786054	23.688866889692996	26.315969140438316	0.0
211.0	26.312270999749664	23.662126487790445	23.861541612616918	26.164060899842973	0.0
212.0	26.293855095056713	23.760052570641797	23.703726882999028	26.24236545130246	0.0
213.0	26.220176544049252	23.95377879935254	23.630617278331396	26.195427378266817	0.0
214.0	26.20396157336421	23.79817197541014	23.7973185559004	26.200547895325254	0.0
215.0	26.22743759334329	23.671716094161155	23.85719365621222	26.243652656283338	0.0
216.0	26.20987471694678	23.678895324359075	23.858683902094878	26.252546056599265	0.0
217.0	26.189392473913585	23.897941534575164	23.827676061947408	26.08498992956384	0.0
218.0	26.38966329468258	23.708765262115815	23.67747294637066	26.224098496830944	0.0
219.0	26.281562567562954	23.665809446865648	23.793823465823102	26.258804519748296	0.0
220.0	26.23803780111742	23.84019298824547	23.768789613226975	26.152979597410138	0.0
221.0	26.215564228900444	23.74517813861927	23.77163436920381	26.267623263276473	0.0
222.0	26.41839533004859	23.670930007623948	23.65016328899307	26.260511373334396	0.0
223.0	26.227376949380126	23.7916830241066	23.840044150863957	26.140895875649317	0.0
224.0	26.223394268353044	23.847156081269453	23.6778921376187	26.251557512758804	0.0
225.0	26.26492794192113	23.716012084592144	23.752425168268275	26.266634805218448	0.0
226.0	26.242738719055993	23.73251176313289	23.81244986089064	26.21229965692048	0.0
227.0	26.192386251785095	23.785424525349764	23.877879620621183	26.144309602243954	0.0
228.0	26.327228452273253	23.727391173240935	23.716865516240805	26.228514858245006	0.0
229.0	26.231928584839643	23.739623693538384	23.731658331484233	26.296789390137743	0.0
230.0	26.33384634203931	23.853766915774592	23.669994111304874	26.14239263088123	0.0
231.0	26.189900461138883	23.67283889155982	23.84665496513722	26.29060568216408	0.0
232.0	26.284916121654184	23.741398095704096	23.722053589970443	26.251632192671277	0.0
233.0	26.09630719075105	23.653778863851663	23.92659329030129	26.323320655096	0.0
234.0	26.16287504871686	23.760458123412256	23.82076746481718	26.255899363053704	0.0
235.0	26.210457441966316	23.791533909877106	23.68513882567137	26.312869822485208	0.0
236.0	26.311162949476557	23.655837505689576	23.856395084205733	26.176604460628127	0.0
237.0	26.293315581803544	23.75092100284764	23.712516250899668	26.243247164449144	0.0
238.0	26.222764630076895	23.960013541231056	23.62432756124136	26.192894267450693	0.0
239.0	26.204557932857114	23.804403175930748	23.795584306964916	26.195454584247223	0.0
240.0	26.228761963287926	23.67137801144834	23.850898455725876	26.248961569537855	0.0
241.0	26.212838116590653	23.67548773860568	23.845061726638765	26.266612418164904	0.0
242.0	26.18433145631013	23.8912142225055	23.8263388373079	26.098115483876477	0.0
243.0	26.385161956741342	23.701486251533062	23.672176676977188	26.241175114748405	0.0
244.0	26.283990494756466	23.650411941317927	23.782176245428804	26.283421318496806	0.0
245.0	26.227394593486906	23.84831252810556	23.780289963967963	26.144002914439568	0.0
246.0	26.214683797954034	23.74347472148375	23.785600837968154	26.256240642594058	0.0
247.0	26.41650700745013	23.688398349982492	23.64142580187833	26.25366884068904	0.0
248.0	26.231949252915456	23.775737973760933	23.851756104227405	26.14055666909621	0.0
249.0	26.221414905247816	23.83979819606414	23.69431031341108	26.244476585276967	0.0
