# Position (bp)	A	C	G	T	N
0.0	26.3148635289781	23.634870901261664	23.85520164871069	26.195063921049545	0.0
1.0	26.214053136292296	23.774218230763648	23.813313673910493	26.19841495903356	0.0
2.0	26.096414071182444	23.83601119171679	23.795801430797326	26.271773306303437	0.0
3.0	26.074003339420237	23.87406253315687	23.85563429439391	26.19629983302899	0.0
4.0	26.145843803397327	23.802503880903718	23.743033917423304	26.30861839827565	0.0
5.0	26.1697298293321	23.65675454588602	23.836831099360378	26.336684525421504	0.0
6.0	26.39610063314462	23.771956271705026	23.68485701204873	26.147086083101627	0.0
7.0	26.24136044395315	23.788228988711353	23.782366931296686	26.18804363603881	0.0
8.0	26.269674901817393	23.7215326256556	23.815039873165095	26.19375259936192	0.0
9.0	26.210007173100593	23.816647733774698	23.773385843034696	26.19995925009001	0.0
10.0	26.126538472272614	23.854483547765902	23.84136641455723	26.177611565404256	0.0
11.0	26.257078348138908	23.782691572404975	23.799157714945952	26.16107236451016	0.0
12.0	26.234193200878565	23.77934252646444	23.84129987636439	26.145164396292607	0.0
13.0	26.238658595465953	23.719338786696472	23.77124899877481	26.27075361906277	0.0
14.0	26.14544348345432	23.707058951581168	23.99870503556966	26.148792529394854	0.0
15.0	26.227774196159203	23.918886107320176	23.696453639436132	26.15688605708449	0.0
16.0	26.240054031274507	23.781575223758132	23.83822991758556	26.140140827381796	0.0
17.0	26.155490621275927	23.801111325077933	23.75869007649779	26.28470797714834	0.0
18.0	26.28387071566321	23.764829994055443	23.770969911613097	26.180329378668254	0.0
19.0	26.26628822447539	23.74110758530997	23.693104593495594	26.299499596719052	0.0
20.0	26.229169631967757	23.77403987039192	23.793575971711725	26.20321452592859	0.0
21.0	26.160235103025027	23.87953481751886	23.648171560460046	26.312058518996068	0.0
22.0	26.15325792398224	23.96633092481113	23.67887114824831	26.201540002958325	0.0
23.0	26.25735743530062	23.713477956300533	23.757294640689235	26.271869967709616	0.0
24.0	26.21047079213309	23.80055315075451	23.73133953465007	26.25763652246233	0.0
25.0	26.32126839533255	23.637008073991588	23.851626101347712	26.19009742932815	0.0
26.0	26.216331622529033	23.772644434583366	23.820368339236026	26.190655603651575	0.0
27.0	26.10804580378498	23.84520709662835	23.796645930490552	26.25010116909612	0.0
28.0	26.086762374690213	23.881421777668624	23.852117707472818	26.179698140168345	0.0
29.0	26.138951528277033	23.806626627073612	23.748018486682	26.306403357967355	0.0
30.0	26.15737122954297	23.65787358503204	23.85072227555873	26.334032909866263	0.0
31.0	26.398501864297035	23.7756480385809	23.68354953225122	26.14230056487084	0.0
32.0	26.263703141396327	23.775368952198082	23.76978722454174	26.19114068186385	0.0
33.0	26.265935832458865	23.729598785416062	23.802440331331354	26.202025050793722	0.0
34.0	26.20621134653598	23.800486726651634	23.778997075174708	26.214304851637678	0.0
35.0	26.1302998504097	23.827279019402088	23.848489584496193	26.193931545692024	0.0
36.0	26.25804813110325	23.80097847412737	23.783954252287803	26.157019142481573	0.0
37.0	26.250791905401144	23.782000653060315	23.836143260222208	26.131064181316333	0.0
38.0	26.220371574573072	23.72534627546307	23.788977793158494	26.265304356805363	0.0
39.0	26.13692497899881	23.720880905800236	23.991873027213636	26.150321087987315	0.0
40.0	26.232372255541943	23.91540357173756	23.685995205309325	26.166228967411175	0.0
41.0	26.251629162212925	23.77306991373464	23.837538688241843	26.13776223581059	0.0
42.0	26.138878578226297	23.801257559731294	23.770558143299294	26.289305718743112	0.0
43.0	26.2759096097546	23.754371178271512	23.764418260012892	26.205300951960997	0.0
44.0	26.262513500766087	23.736509699620164	23.70581028318816	26.29516651642558	0.0
45.0	26.23348859795765	23.761348318369695	23.801257559731294	26.203905523941355	0.0
46.0	26.163717196975828	23.87409890235632	23.651946761630192	26.310237139037657	0.0
47.0	26.152553772818738	23.954754641891306	23.675669037964013	26.21702254732594	0.0
48.0	26.262234415162162	23.71529919372169	23.756045691895075	26.266420699221072	0.0
49.0	26.196091127031394	23.808513785433405	23.73092798754162	26.26446709999358	0.0
50.0	26.321400563194747	23.64022516626525	23.837538688241843	26.20083558229816	0.0
51.0	26.19748655505103	23.779488882624968	23.837259602637918	26.185764959686086	0.0
52.0	26.12436612682208	23.84088771548897	23.789256878762423	26.245489278926527	0.0
53.0	26.08968669937541	23.874869527844293	23.848077384640288	26.18736638814001	0.0
54.0	26.145503664383753	23.801191134033278	23.7330944367231	26.32021076485987	0.0
55.0	26.150527191234502	23.651601667810915	23.85979894729204	26.338072193662544	0.0
56.0	26.394447328320968	23.7752362453044	23.676440217239627	26.153876209135003	0.0
57.0	26.24988138894936	23.7819342811054	23.771049972928772	26.197134357016473	0.0
58.0	26.267184648101942	23.738955218048975	23.80007479473311	26.193785339115973	0.0
59.0	26.207181410717972	23.80481923675882	23.769096379153478	26.21890297336973	0.0
60.0	26.151643530534667	23.823797004861657	23.848077384640288	26.176482079963385	0.0
61.0	26.26348324798013	23.789403178767284	23.794705775644335	26.15240779760825	0.0
62.0	26.2347375912256	23.789961346859606	23.832940289968324	26.14236077194647	0.0
63.0	26.22859774221007	23.728562856704297	23.783542413797914	26.259296987287723	0.0
64.0	26.13538367079246	23.70930605751922	24.00792598691096	26.14738428477736	0.0
65.0	26.233063086948633	23.913037411216386	23.681397652903172	26.172501848931805	0.0
66.0	26.2481336254413	23.76372744652052	23.8429873156301	26.145151612408075	0.0
67.0	26.14208168790031	23.801124708706027	23.771541799813015	26.28525180358065	0.0
68.0	26.284693635488328	23.75870393368963	23.763169278428197	26.19343315239384	0.0
69.0	26.25204080208755	23.73163278121206	23.71265506607315	26.30367135062724	0.0
70.0	26.216597128225168	23.765681034843645	23.810055398183163	26.207666438748028	0.0
71.0	26.16552474777779	23.87564014903088	23.648744819502394	26.31009028368893	0.0
72.0	26.15408230188521	23.955458186232782	23.661861769671937	26.22859774221007	0.0
73.0	26.25092446590291	23.709864225611543	23.766239202935964	26.272972105549584	0.0
74.0	26.192595900255363	23.806706389629237	23.73693537808911	26.263762332026293	0.0
75.0	26.312322956058214	23.633116112917403	23.849964416784115	26.204596514240265	0.0
76.0	26.2015265897325	23.760099353920435	23.844661819907063	26.193712236440003	0.0
77.0	26.12366214085372	23.837684718753053	23.79665936396746	26.24199377642577	0.0
78.0	26.105169738443163	23.874457183045134	23.827850277408768	26.192522801102935	0.0
79.0	26.161265475167173	23.799941950680406	23.748590629500217	26.290201944652207	0.0
80.0	26.15987005883075	23.66263298317686	23.84710702285134	26.330389935141046	0.0
81.0	26.38034583998482	23.786266870583507	23.669889148126234	26.163498141305443	0.0
82.0	26.242199622679426	23.792964868998315	23.768684624744637	26.196150883577623	0.0
83.0	26.28099219683185	23.736869132274304	23.788220453454493	26.193918217439354	0.0
84.0	26.210105046941806	23.796592951473	23.765056542269953	26.228245459315243	0.0
85.0	26.154567476752366	23.816407863450138	23.8579912702754	26.171033389522098	0.0
86.0	26.275616283905034	23.79429387944195	23.775316270229993	26.154773566423028	0.0
87.0	26.251057024924858	23.779223425067748	23.841458819983423	26.12826073002397	0.0
88.0	26.245475375156634	23.730663072084216	23.774199940276347	26.2496616124828	0.0
89.0	26.142493936932937	23.716988030152073	23.98072098170056	26.15979705121443	0.0
90.0	26.242405467784113	23.91429934945872	23.66759042970331	26.175704753053857	0.0
91.0	26.242963632760937	23.766943795577657	23.8534593669851	26.136633204676308	0.0
92.0	26.134121462280607	23.814108736119135	23.775037187741578	26.276732613858677	0.0
93.0	26.29291939818652	23.765548383135602	23.74712893890047	26.194403279777408	0.0
94.0	26.25831316962355	23.74182637162066	23.711964545360672	26.287895913395122	0.0
95.0	26.22063703368805	23.750757011249814	23.822481210771468	26.20612474429067	0.0
96.0	26.166774113424708	23.86406450154472	23.657543460120507	26.311617924910063	0.0
97.0	26.16035521619125	23.943323928253474	23.669823089610595	26.22649776594468	0.0
98.0	26.24268455027252	23.704708400661982	23.772804527834293	26.2798025212312	0.0
99.0	26.19831043461516	23.8107597462582	23.725360504804407	26.265569314322235	0.0
100.0	26.306315357630254	23.64554291311883	23.84871496468211	26.199426764568805	0.0
101.0	26.207520156732727	23.764990218158783	23.831132767912212	26.196356857196278	0.0
102.0	26.137470452141535	23.8132714886539	23.80461993151316	26.2446381276914	0.0
103.0	26.117861787574164	23.862044329338744	23.816274928973705	26.203818954113384	0.0
104.0	26.164189351358292	23.808739722816046	23.735062151496717	26.292008774328945	0.0
105.0	26.148560775623885	23.678408564459502	23.83888054744668	26.334150112469928	0.0
106.0	26.36317461026239	23.77664532621861	23.677850401040416	26.182329662478583	0.0
107.0	26.25768172405517	23.789762166567126	23.764365730998723	26.188190378378984	0.0
108.0	26.279729179109058	23.73841113201123	23.787529512890785	26.194330175988927	0.0
109.0	26.215261304204645	23.7947856373389	23.760737668774663	26.22921538968179	0.0
110.0	26.157491390329263	23.81180962162102	23.864835146434174	26.16586384161555	0.0
111.0	26.283004808564435	23.783276912471848	23.77685805106623	26.15686022789749	0.0
112.0	26.25984109131807	23.78830036922407	23.829046185103216	26.12281235435464	0.0
113.0	26.24951509688295	23.71825105562362	23.783276912471848	26.24895693502159	0.0
114.0	26.148766880907793	23.705134251881706	23.997611067233386	26.148487799977115	0.0
115.0	26.238351859655783	23.92030564943528	23.681970534635337	26.159371956273596	0.0
116.0	26.224676894052507	23.77964886037302	23.860861411200634	26.13481283437384	0.0
117.0	26.13481283437384	23.8226273236976	23.779090698511663	26.263469143416902	0.0
118.0	26.28384205135647	23.77406724175944	23.743368339384737	26.19872236749935	0.0
119.0	26.256213039219244	23.731926021226897	23.722437269583807	26.289423669970052	0.0
120.0	26.209606523795838	23.746438229622207	23.818441109737414	26.22551413684454	0.0
121.0	26.16160460371903	23.861140492131312	23.661597626695766	26.31565727745389	0.0
122.0	26.155185742313414	23.935096938761273	23.674156268576326	26.235561050348995	0.0
123.0	26.24756153036819	23.69341285279318	23.765415732908384	26.29360988393024	0.0
124.0	26.213513656825345	23.793044745045616	23.72132094586109	26.27212065226795	0.0
125.0	26.30672668767216	23.627549753152916	23.851651740488226	26.2140718186867	0.0
126.0	26.216862627993493	23.770160108729932	23.82848802324186	26.18448924003472	0.0
127.0	26.13648731995791	23.82513905207371	23.796114635283086	26.24225899268529	0.0
128.0	26.109210254578336	23.85869534882423	23.82269380829319	26.209400588304245	0.0
129.0	26.15274700126703	23.809297886235132	23.73924837713986	26.298706735357978	0.0
130.0	26.15358424639566	23.667803459496874	23.837485138898966	26.341127155208504	0.0
131.0	26.373221551805937	23.760737668774663	23.677850401040416	26.188190378378984	0.0
132.0	26.262147031407856	23.79729737272479	23.772459100575468	26.16809649529189	0.0
133.0	26.279171015689972	23.738969295430316	23.780552470152212	26.2013072187275	0.0
134.0	26.218331203009615	23.79562288246753	23.75236521748838	26.23368069703448	0.0
135.0	26.173678129482752	23.826880033936334	23.843904018218453	26.15553781836246	0.0
136.0	26.293756645651754	23.78480507483597	23.764990218158783	26.156448061353494	0.0
137.0	26.253289684832147	23.764711135670368	23.842016984960246	26.139982194537236	0.0
138.0	26.25754920238002	23.724310385246543	23.773708123555746	26.24443228881769	0.0
139.0	26.159590975563468	23.731287466928634	23.987485906295003	26.121635651212895	0.0
140.0	26.249455787628794	23.923296754819766	23.67184273099722	26.155404726554217	0.0
141.0	26.22685004297882	23.77873162236685	23.85492135433528	26.13949698031905	0.0
142.0	26.16022215090074	23.814799826967892	23.767913707212927	26.257064314918438	0.0
143.0	26.27492569387271	23.77991432119783	23.75284316872026	26.1923168162092	0.0
144.0	26.25204080208755	23.74530789947393	23.71907399913484	26.283577299303683	0.0
145.0	26.206550102563387	23.74809873993553	23.822893264306547	26.222457893194534	0.0
146.0	26.16022215090074	23.868942131923028	23.667443450595147	26.30339226658108	0.0
147.0	26.155198638069855	23.9412248998786	23.686979333826383	26.216597128225168	0.0
148.0	26.26180874370317	23.710143309657703	23.75870393368963	26.269344012949496	0.0
149.0	26.19238991499076	23.784446044530775	23.7464905083251	26.27667353215336	0.0
150.0	26.308768287033164	23.645182716834956	23.856729014216583	26.189319981915304	0.0
151.0	26.200762459742016	23.76770095502827	23.841100264014244	26.190436321215472	0.0
152.0	26.11850532913961	23.81325824070017	23.810467384660896	26.257769045499323	0.0
153.0	26.106856594253053	23.86076938534015	23.839000647480407	26.193373372926388	0.0
154.0	26.156813056777334	23.807463886222063	23.73601777222086	26.299705284779744	0.0
155.0	26.14788229252718	23.665129830985286	23.84569872066802	26.34128915581951	0.0
156.0	26.36529058474179	23.764205496885396	23.684107705016856	26.186396213355955	0.0
157.0	26.279331978834087	23.779555247940344	23.77174082922146	26.169371944004112	0.0
158.0	26.27486659670901	23.732110562861415	23.778717988791893	26.214304851637678	0.0
159.0	26.235515416731786	23.787927839424857	23.748297573064814	26.22825917077854	0.0
160.0	26.16406930273058	23.813324700261223	23.858257607894796	26.1643483891134	0.0
161.0	26.285824325795186	23.770132650127962	23.7832497467284	26.16079327734845	0.0
162.0	26.26991635757763	23.76762086567256	23.822042862206295	26.14041991454351	0.0
163.0	26.249895342022274	23.71828863274818	23.793363288772294	26.23845273645726	0.0
164.0	26.165889871898635	23.71633501716391	23.993190254249114	26.124584856688344	0.0
165.0	26.23622003293238	23.92341826909659	23.684518991934358	26.15584270603667	0.0
166.0	26.22226563590187	23.78052524350423	23.85280902012224	26.14440010047166	0.0
167.0	26.152008461969977	23.809616839096982	23.776126192755413	26.262248506177627	0.0
168.0	26.272853877519125	23.775288926596875	23.740402836657744	26.211454359226256	0.0
169.0	26.252201312275158	23.745147344889467	23.711656698547902	26.290994644287473	0.0
170.0	26.209221649470148	23.753799095194374	23.818268589401885	26.218710665933592	0.0
171.0	26.15591570404316	23.88469170464599	23.670072479340458	26.289320111970394	0.0
172.0	26.16233474459196	23.934648585438826	23.68681780251124	26.216198867457972	0.0
173.0	26.251084957397108	23.724773868365016	23.755752716230962	26.268388458006914	0.0
174.0	26.19394487424227	23.78456523437936	23.727351887203188	26.294138004175178	0.0
175.0	26.32065150652511	23.646974111658125	23.843174029047635	26.189200352769127	0.0
176.0	26.219062929100108	23.754423568549964	23.83954586556817	26.18696763678176	0.0
177.0	26.134013569369287	23.81588972584962	23.819517899454937	26.23057880532616	0.0
178.0	26.101991035595272	23.85837803441751	23.847493483223836	26.19213744676338	0.0
179.0	26.157530155788628	23.807304371124122	23.75288161515576	26.28228385793149	0.0
180.0	26.152785607832413	23.672224299900087	23.8385625694239	26.336427522843604	0.0
181.0	26.371313904874604	23.780790720780562	23.684783397431246	26.16311197691359	0.0
182.0	26.28674931483146	23.792512545142976	23.773813444374362	26.1469246956512	0.0
183.0	26.289819316450185	23.73474069649964	23.78469799556803	26.19074199148214	0.0
184.0	26.217534732881948	23.805629824786635	23.755114343605747	26.22172109872567	0.0
185.0	26.158925611069865	23.82991074668021	23.850005302730068	26.16115833951985	0.0
186.0	26.275100821925456	23.788950754245686	23.780019815520298	26.155928608308564	0.0
187.0	26.268123526046246	23.754901550355147	23.827465427498918	26.149509496099693	0.0
188.0	26.234426632133605	23.73989684736983	23.778969813342858	26.2467067071537	0.0
189.0	26.16353710815397	23.70863847459141	24.00336027507368	26.12446414218094	0.0
190.0	26.23833392873091	23.921027953916226	23.680171027953918	26.16046708939895	0.0
191.0	26.23163570599268	23.77869072072877	23.85934848620166	26.130325087076894	0.0
192.0	26.149097272420267	23.817271973720565	23.762848762081255	26.27078199177791	0.0
193.0	26.268270151240706	23.786292607095113	23.738288543495308	26.20714869816887	0.0
194.0	26.254594574982626	23.752243213146414	23.70898373722799	26.28417847464297	0.0
195.0	26.22891798282459	23.74638225189295	23.815597413362433	26.209102351920023	0.0
196.0	26.15021364599236	23.879509800364495	23.676887997030445	26.2933885566127	0.0
197.0	26.18370485315501	23.9300257045015	23.676608903637426	26.20966053870607	0.0
198.0	26.264362843738397	23.708146457048922	23.75670870743477	26.27078199177791	0.0
199.0	26.181545176973614	23.78607989907955	23.744494867458176	26.28788005648866	0.0
200.0	26.300718388398614	23.644858248070065	23.860877137163623	26.193546226367705	0.0
201.0	26.21434552051354	23.763885012559307	23.84510186994139	26.176667596985766	0.0
202.0	26.139341722974386	23.823677989612026	23.802745751453394	26.234234535960187	0.0
203.0	26.119040575163687	23.855282474364913	23.846351361157474	26.179325589313923	0.0
204.0	26.16871989238009	23.806998643587182	23.740852586394563	26.283428877638165	0.0
205.0	26.13215814768712	23.69563882578189	23.837978442525497	26.334224584005494	0.0
206.0	26.367716258533395	23.770157801606484	23.698150701371485	26.163975238488636	0.0
207.0	26.273381375279797	23.79471836292695	23.79164829276189	26.140251969031365	0.0
208.0	26.268636721388344	23.736387029790844	23.806998643587182	26.18797760523363	0.0
209.0	26.227051225516192	23.809231421889045	23.755644742644392	26.208072609950378	0.0
210.0	26.169557184243285	23.807277740874913	23.849421431322533	26.173743643559273	0.0
211.0	26.264244467578575	23.790877400592247	23.77943437985805	26.16544375197113	0.0
212.0	26.26229078111176	23.7624093977901	23.808739676860256	26.166560144237884	0.0
213.0	26.233337798914864	23.719215397325115	23.806294237167037	26.241152566592984	0.0
214.0	26.185053698617907	23.71000513541876	23.99552325451582	26.10941791144752	0.0
215.0	26.23376333402178	23.914997181085923	23.70008987032995	26.151149614562343	0.0
216.0	26.227902225546618	23.777121581717807	23.852757791087768	26.14221840164781	0.0
217.0	26.14787338853955	23.796725026723937	23.76267468245263	26.292726902283885	0.0
218.0	26.271236111227402	23.784165473509113	23.74620771268208	26.19839070258141	0.0
219.0	26.234952957495683	23.733927260649804	23.7252751239907	26.305844657863815	0.0
220.0	26.201739916772027	23.75458074815863	23.826588853256972	26.21709048181237	0.0
221.0	26.158758334659066	23.869291334187384	23.686759160798566	26.285191170354988	0.0
222.0	26.179970024532995	23.945206855841448	23.677827922956908	26.19699519666865	0.0
223.0	26.25114082608368	23.71048276131546	23.74816142095994	26.29021499164092	0.0
224.0	26.177252073727576	23.80656001250377	23.730644278967993	26.285543634800668	0.0
225.0	26.29614950933875	23.641331651278847	23.85149542830987	26.21102341107253	0.0
226.0	26.22330389737979	23.76888124769741	23.838935840041085	26.168879014881718	0.0
227.0	26.121225484313033	23.823372621695775	23.814162231258948	26.241239662732248	0.0
228.0	26.112646180468335	23.851628569036258	23.851349465516762	26.18437578497865	0.0
229.0	26.173490747718333	23.810600351670434	23.74668564570599	26.269223254905246	0.0
230.0	26.150883362639206	23.68444556085852	23.841301738814927	26.323369337687346	0.0
231.0	26.357978174104773	23.779340757486953	23.68695749253398	26.175723575874294	0.0
232.0	26.256942700047446	23.790784001786264	23.80306455664406	26.14920874152223	0.0
233.0	26.283457534399506	23.73468419436769	23.811158558709426	26.170699712523376	0.0
234.0	26.20893689469424	23.81087945518993	23.760361718161267	26.219821931954563	0.0
235.0	26.169583298445392	23.811437662228922	23.84213904937341	26.17683998995227	0.0
236.0	26.271808512122895	23.771871310590054	23.77326683208248	26.18305334520457	0.0
237.0	26.27208761642138	23.778290709455217	23.80955039088557	26.14007128323783	0.0
238.0	26.235877283079535	23.728397267003082	23.791195909435984	26.2445295404814	0.0
239.0	26.16414727816728	23.713325592819185	24.010851605412405	26.111675523601125	0.0
240.0	26.21565721271803	23.899481665703686	23.7082813463852	26.176579775193083	0.0
241.0	26.217546288671596	23.786222124212472	23.86019467341817	26.13603691369776	0.0
242.0	26.140712804178452	23.813923884551073	23.76116286405802	26.28420044721246	0.0
243.0	26.27848285026717	23.786006622035856	23.751109721438983	26.18440080625799	0.0
244.0	26.23960020101625	23.725780333910322	23.722988441565693	26.31163102350773	0.0
245.0	26.209263106167214	23.744108646608144	23.81167772342469	26.23495052379995	0.0
246.0	26.173589626171356	23.862430612176517	23.677303340667688	26.28667642098444	0.0
247.0	26.186427189183302	23.938533367959273	23.67353321437647	26.20150622848095	0.0
248.0	26.26575738789006	23.707433409851262	23.758538451656865	26.268270750601815	0.0
249.0	26.17856753881083	23.798393109977294	23.73248660226819	26.29055274894368	0.0
