# Position (bp)	A	C	G	T	N
0.0	31.858724235405848	16.688095163431484	21.832576989527663	29.452012860084608	0.16859075155039283
1.0	28.135840243463562	16.171422001018414	25.66267812904584	30.02991029896859	1.4932750358759327E-4
2.0	31.133739205488087	18.695355466655915	21.309781399467496	28.86067594587774	4.479825107627798E-4
3.0	32.12582316663431	19.03459913091523	20.596711813281168	28.240775307240877	0.0020905819284125016
4.0	31.591530156644314	19.660280436632966	20.448877805486283	28.298714292114024	5.97309122403572E-4
5.0	29.545447757850884	20.20577299266803	21.408902892469424	28.838980393328058	8.959636836053579E-4
6.0	29.17227888362925	20.347484581958277	21.86300715277674	28.617229381635735	0.0
7.0	27.205339943554286	21.80043902220497	21.679185270357042	29.315035763883706	0.0
8.0	25.989666552182417	22.868278405781954	22.581719354308838	28.559589051323787	7.466364030044649E-4
9.0	26.382546627443364	22.91770573566085	23.15528543909687	27.543864888676513	5.97309122403572E-4
10.0	26.299968641271075	23.283408245852435	23.244881807457404	27.17174130541909	0.0
11.0	26.258455657264022	23.54353636865919	23.306852628906775	26.89115534517001	0.0
12.0	27.08707273731838	22.70730359729419	23.133931637970942	27.071542700135886	1.49327280600893E-4
13.0	27.012110442456734	22.63219197515194	22.964295847208327	27.390953753341197	4.4798184180267896E-4
14.0	26.858751325279616	22.989532157629878	23.064643779772126	27.086923410037777	1.49327280600893E-4
15.0	27.25013812773456	22.69042961458629	23.108247345707586	26.95118491197157	0.0
16.0	26.858601997999017	22.90814878970239	23.308495228993383	26.924753983305212	0.0
17.0	26.3042991324085	23.54846416891902	23.589977152926068	26.557110218465812	1.49327280600893E-4
18.0	26.61684113070617	23.283408245852435	23.70600444995296	26.393746173488434	0.0
19.0	26.374632281571518	23.477981692475396	23.700927322412532	26.44645870354055	0.0
20.0	26.45706094046321	23.648364119641016	23.615960099750623	26.27861484014515	0.0
21.0	27.278360983768124	22.971015574835366	23.18395627697224	26.566667164424267	0.0
22.0	27.076022518553916	22.816312512132843	23.11212985500321	26.99553511431003	0.0
23.0	27.015843624471753	23.170367494437556	23.034181014529544	26.779607866561143	0.0
24.0	27.25222870966297	22.718801797900458	23.2943091373363	26.734361700539072	2.98654561201786E-4
25.0	26.730628518524046	23.10555945465677	23.45349201845685	26.710320008362327	0.0
26.0	26.670300297161287	23.567428733555335	23.67554168471038	26.086729284572996	0.0
27.0	27.366912061164456	22.90426628040677	23.60983768124599	26.118685322621587	2.98654561201786E-4
28.0	27.31375154927054	22.892170770678096	23.213075096689415	26.578165365030536	0.0028372183314169666
29.0	27.256559200800396	23.095554526856514	22.744934072005616	26.90265354577628	2.98654561201786E-4
30.0	27.820269685068766	22.459420311496707	22.08341421894366	27.636895784490868	0.0
31.0	27.718279152418358	22.278136992847223	21.62692072214673	28.373527259695074	0.0031358728926187524
32.0	27.788462974300778	22.191825824659908	21.569728373676586	28.44998282736273	0.0
33.0	28.390251915122374	21.895411172667135	20.915674884644673	28.796720772918004	0.001941254647811609
34.0	28.03679424194006	22.19615631579733	20.447533859960878	29.31936625502113	1.49327280600893E-4
35.0	27.945115062894278	22.60370257542871	20.632941116738383	28.816971935569857	0.0012693093687724509
36.0	28.55282927791035	22.202336032416188	20.50402142949411	28.740813260179348	0.0
37.0	28.408024917552215	22.217845364602418	20.59105899596922	28.783070721876147	0.0
38.0	28.419261413385843	22.55716102551099	20.41354828229682	28.609633083862583	3.961949437601277E-4
39.0	28.941688376118673	22.058163434052304	20.152528139959923	28.846546210528352	0.0010738393407485518
40.0	28.657516370330672	22.037610980355606	20.04031412392515	29.264092466152448	4.66059236128912E-4
41.0	28.569910725353342	22.415550838989418	20.010017784096515	29.00376172852311	7.589230376147555E-4
42.0	29.108731905260356	21.8752318077294	19.90977699753013	29.105435084220037	8.242052600779697E-4
43.0	28.79097410618945	21.948272200570102	19.89040669763435	29.3703469956061	0.0
44.0	28.549345473756986	22.452826496735522	19.96027837747934	29.036571286941438	9.783650867157588E-4
45.0	28.99833269206105	21.87415387684722	20.089635614837615	29.037521553873997	3.5626238011770905E-4
46.0	28.705643666725187	21.953531924855152	20.130703653849906	29.21012075456975	0.0
47.0	28.725979012905267	22.42087078483524	20.222528200874034	28.629766781551197	8.552198342583961E-4
48.0	29.11331318668447	21.821163351840138	20.02764307634643	29.03741185841123	4.6852671773607894E-4
49.0	28.960308285163777	21.999229287090557	19.853564547206165	29.186897880539497	0.0
50.0	28.639441984156498	22.336973057029848	20.105247737849748	28.917773796243086	5.634247208230509E-4
51.0	29.231082557256855	21.825800917097133	19.99098948979529	28.952127035850722	0.0
52.0	28.650258979654016	22.044754392498053	19.950573817664782	29.35441281018315	0.0
53.0	28.828608304775464	22.31593157980625	20.130698592134348	28.724019760558996	7.417627249395463E-4
54.0	29.154798912778112	21.84209241386045	20.13720479809899	28.865903875262443	0.0
55.0	29.205383893037606	21.98005634306667	19.911460895228725	28.903098868666994	0.0
56.0	28.80933455020068	22.270635224384453	20.268692162000374	28.650356718776067	9.813446384235678E-4
57.0	29.206105383858162	21.911880834676502	20.04478435360168	28.832902437177506	0.004326990686152548
58.0	29.07444907683145	22.048838594401428	20.17033948779035	28.706372840976773	0.0
59.0	28.650904033379692	22.480121762405858	20.13015981315769	28.73881439105676	0.0
60.0	29.262516426229983	21.842914699129228	20.26455255671562	28.624240061228324	0.005776256696847608
61.0	29.09220985691574	22.044515103338632	19.925278219395867	28.93799682034976	0.0
62.0	29.12473528536675	22.15552094089644	20.260076657857432	28.459667115879377	0.0
63.0	29.13950581674839	21.9478896259975	20.392269974040957	28.512643015094703	0.00769156811845015
64.0	29.093063106898814	22.17944107131524	19.89887664219679	28.824388076752207	0.004231102836954452
65.0	28.65072886297376	22.801166180758017	19.759766763848397	28.788338192419825	0.0
66.0	29.036424696460863	22.079566003616634	20.191165073624386	28.692844226298114	0.0
67.0	28.63504024661757	22.2441057258663	20.140435005994178	28.97756465148142	0.0028543700405320544
68.0	28.769026716351924	22.222573106802248	20.248847344154612	28.759552832691217	0.0
69.0	29.271532438478747	22.256012304250557	20.109759507829978	28.362695749440714	0.0
70.0	28.92664092664093	22.2007722007722	19.853281853281853	29.01930501930502	0.0
71.0	28.58120242880356	22.628923287436926	20.161635166338833	28.623963054819125	0.004276062601556487
72.0	28.492202682845903	22.306489074275966	20.80390576859269	28.397402474285443	0.0
73.0	29.01237791821173	21.637854494176633	20.88577845093226	28.463989136679373	0.0
74.0	27.93186787892738	22.764414777304637	20.848198872137186	28.455518471630796	0.0
75.0	27.910009781545487	22.19758721878057	20.997717639387023	28.894685360286925	0.0
76.0	28.365636458878996	22.48559455212153	20.180722891566266	28.954950235725512	0.013095861707700367
77.0	28.110397196261683	22.26927570093458	20.04964953271028	29.556074766355138	0.014602803738317755
78.0	27.811228641171688	21.920260374288038	19.65825874694874	30.61025223759154	0.0
79.0	27.37601442741208	21.87556357078449	19.81965734896303	30.910730387736702	0.018034265103697024
80.0	27.86259541984733	22.17758135797509	21.07271996785858	28.846926476496588	0.040176777822418644
81.0	27.748108589230085	22.986203827325323	20.493991989319092	28.704939919893192	0.06675567423230974
82.0	28.111165764879487	22.700442695523858	19.84751598622725	29.26709296606001	0.07378258730939498
83.0	27.852893455922118	21.876690102758246	20.200108166576527	30.01622498647918	0.05408328826392645
84.0	29.33413317336533	22.135572885422917	20.03599280143971	28.464307138572288	0.029994001199760045
85.0	28.03458596607915	22.048553375457267	18.7894911872298	31.09411373461922	0.03325573661456601
86.0	28.317272053372868	21.830985915492956	20.16308376575241	29.68865826538176	0.0
87.0	27.998362668849776	20.30290626279165	20.26197298403602	31.436758084322552	0.0
88.0	28.982199908717483	21.86216339570972	19.625741670470102	29.529895025102693	0.0
89.0	27.71629778672032	22.937625754527165	19.41649899396378	29.929577464788732	0.0
90.0	25.886325267304443	23.747889701744512	20.934158694428813	29.431626336522225	0.0
91.0	26.97409981048642	22.74162981680354	19.204042956411875	31.080227416298168	0.0
92.0	27.915194346289752	21.342756183745585	21.554770318021202	29.187279151943464	0.0
93.0	29.825949367088604	21.914556962025316	19.699367088607595	28.560126582278482	0.0
94.0	28.308501314636285	23.31288343558282	17.703768624014025	30.67484662576687	0.0
95.0	24.90234375	24.31640625	23.2421875	27.5390625	0.0
96.0	28.125	22.306034482758623	19.82758620689655	29.74137931034483	0.0
97.0	28.468033775633295	21.71290711700844	20.506634499396863	29.3124246079614	0.0
98.0	28.30188679245283	22.641509433962266	21.024258760107816	28.03234501347709	0.0
99.0	31.039755351681958	22.93577981651376	18.960244648318042	27.06422018348624	0.0
100.0	31.551724137931036	20.17241379310345	17.413793103448274	30.862068965517242	0.0
101.0	28.87189292543021	24.47418738049713	16.252390057361378	30.401529636711285	0.0
102.0	27.463312368972748	24.737945492662476	19.07756813417191	28.721174004192875	0.0
103.0	28.80184331797235	22.350230414746544	22.811059907834103	26.036866359447004	0.0
104.0	28.999999999999996	23.5	20.0	27.500000000000004	0.0
105.0	27.56756756756757	26.216216216216214	18.64864864864865	27.56756756756757	0.0
106.0	26.20481927710843	21.084337349397593	23.19277108433735	29.518072289156628	0.0
107.0	25.901639344262296	23.60655737704918	21.639344262295083	28.852459016393446	0.0
108.0	23.0188679245283	29.056603773584904	21.50943396226415	26.41509433962264	0.0
109.0	23.809523809523807	21.03174603174603	23.809523809523807	31.349206349206348	0.0
110.0	28.879310344827587	21.551724137931032	21.120689655172413	28.448275862068968	0.0
111.0	29.411764705882355	16.666666666666664	21.568627450980394	32.35294117647059	0.0
112.0	27.956989247311824	19.892473118279568	23.655913978494624	28.49462365591398	0.0
113.0	34.93975903614458	18.072289156626507	13.855421686746988	33.13253012048193	0.0
114.0	24.82758620689655	17.24137931034483	28.965517241379313	28.965517241379313	0.0
115.0	25.925925925925924	25.925925925925924	15.555555555555555	32.592592592592595	0.0
116.0	26.400000000000002	23.200000000000003	28.799999999999997	21.6	0.0
117.0	30.555555555555557	24.074074074074073	23.14814814814815	22.22222222222222	0.0
118.0	40.909090909090914	20.454545454545457	15.909090909090908	22.727272727272727	0.0
119.0	23.376623376623375	23.376623376623375	25.97402597402597	27.27272727272727	0.0
120.0	30.985915492957744	25.352112676056336	16.901408450704224	26.76056338028169	0.0
121.0	21.875	28.125	23.4375	26.5625	0.0
122.0	26.785714285714285	19.642857142857142	17.857142857142858	35.714285714285715	0.0
123.0	30.76923076923077	21.153846153846153	15.384615384615385	32.69230769230769	0.0
124.0	22.727272727272727	27.27272727272727	20.454545454545457	29.545454545454547	0.0
125.0	15.384615384615385	28.205128205128204	23.076923076923077	33.33333333333333	0.0
126.0	20.588235294117645	32.35294117647059	23.52941176470588	23.52941176470588	0.0
127.0	37.03703703703704	7.4074074074074066	18.51851851851852	37.03703703703704	0.0
128.0	21.73913043478261	21.73913043478261	17.391304347826086	39.130434782608695	0.0
129.0	42.857142857142854	19.047619047619047	14.285714285714285	23.809523809523807	0.0
130.0	27.77777777777778	27.77777777777778	16.666666666666664	27.77777777777778	0.0
131.0	33.33333333333333	26.666666666666668	6.666666666666667	33.33333333333333	0.0
132.0	25.0	16.666666666666664	25.0	33.33333333333333	0.0
133.0	12.5	12.5	37.5	37.5	0.0
134.0	33.33333333333333	16.666666666666664	0.0	50.0	0.0
135.0	66.66666666666666	33.33333333333333	0.0	0.0	0.0
136.0	66.66666666666666	0.0	0.0	33.33333333333333	0.0
137.0	0.0	0.0	0.0	100.0	0.0
138.0	0.0	100.0	0.0	0.0	0.0
139.0	0.0	0.0	0.0	100.0	0.0
