# Position (bp)	A	C	G	T	N
0.0	27.707244971888212	20.50921690297236	25.74359809114513	26.038268659623153	0.001671374371145393
1.0	26.677024343204376	19.49890742984043	23.86715335150529	29.956914875449907	0.0
2.0	27.72628410602908	20.5889341936309	22.937723864246614	28.545184879439407	0.2018729566539957
3.0	29.25784437760562	21.061642466861368	21.361981174511104	28.316569932847084	0.0019620481748228525
4.0	28.87175689787103	21.587471377713893	21.238372139497265	28.301890905761372	5.086791564355543E-4
5.0	28.36690855554118	21.497492213581143	22.785466901724714	27.350132329152967	0.0
6.0	28.140744051187582	21.429895030575207	22.766629242468834	27.662731675768377	0.0
7.0	27.277807450685444	22.179469012400855	22.53292784396653	28.009795692947176	0.0
8.0	26.900804075240803	22.543028743963987	22.534017869146112	28.0221493116491	0.0
9.0	27.119245121228968	22.371240775661917	22.652903282065814	27.856610821043297	0.0
10.0	26.799431733539713	22.672523735298284	22.824836587058495	27.703207944103507	0.0
11.0	27.012277316939354	22.62892272811502	22.96588584529636	27.392623436268043	2.9067338122177287E-4
12.0	27.382086526198755	22.18666317858609	23.020387104275443	27.4107178542491	1.4533669061088644E-4
13.0	27.244816021916773	22.442891764133087	22.70050104824088	27.611718497363956	7.266834530544322E-5
14.0	27.21952743775048	22.580016931724455	22.780363559731562	27.41994673410289	1.4533669061088644E-4
15.0	27.315304316863052	22.395366666303325	23.038699527292415	27.250629489541208	0.0
16.0	27.0302263982298	22.777311489228737	23.108170465404417	27.08429164713705	0.0
17.0	26.850880922015964	22.989212384139407	23.323486772544445	26.83641992130018	0.0
18.0	26.946294459402015	22.97002794097877	23.299288213557734	26.784389386061484	0.0
19.0	26.6604171889704	23.202348640920274	23.219062360340523	26.918171809768804	0.0
20.0	26.797397019871163	23.25038241716717	23.225965853144544	26.726254709817134	0.0
21.0	26.98713406946367	22.927880300701613	23.15882030208231	26.926092659407097	7.266834530544322E-5
22.0	26.858874439999564	22.99153777118918	22.99124709780796	27.158340691003296	0.0
23.0	26.969839003280978	23.005054083415992	23.064060779804013	26.961046133499018	0.0
24.0	27.1664068773322	22.751514226645302	23.177132725099284	26.904946170923218	0.0
25.0	26.92173255868877	23.012538922982454	23.080919835914877	26.984663345723288	1.4533669061088644E-4
26.0	26.930162086744204	23.034412094919393	23.3175279682294	26.717897850107004	0.0
27.0	26.992656863706888	22.94277731148923	23.326393506356663	26.738172318447223	0.0
28.0	26.714482437877646	23.25067309054839	23.164488433016135	26.870356038557823	0.0
29.0	26.858438429927734	23.29071334881169	23.094944826558827	26.755903394701754	0.0
30.0	27.01859946298093	23.03237738125084	22.947646090624694	27.00137706514354	0.0
31.0	26.88365434574872	23.05577658843919	22.784578323759277	27.27599074205281	0.0
32.0	27.07230137016165	23.003310043128664	22.792644510088184	27.131744076621505	0.0
33.0	27.31406895499286	22.625071305813833	22.71314534032403	27.347641730523975	7.266834530544322E-5
34.0	27.122805870148937	22.82687130072705	22.708930576296314	27.341392252827706	0.0
35.0	27.218456037714667	22.93684135314335	22.771919898626532	27.072782710515458	0.0
36.0	27.41016281445303	22.706593491083098	22.736029699816573	27.147213994647295	0.0
37.0	27.149319268113832	22.833820727350904	22.870264841957706	27.146595162577565	0.0
38.0	27.215521489897025	22.907833742788224	22.755242319478565	27.12140244783619	0.0
39.0	27.410273430004352	22.75410115140605	22.5505648766276	27.285060541961997	0.0
40.0	27.211809264834418	22.922684638334488	22.421974338879465	27.44353175795163	0.0
41.0	27.301988795496918	22.91747262527542	22.398517618856886	27.382020960370777	0.0
42.0	27.533629461613586	22.586274062343687	22.250574929905806	27.629521546136925	0.0
43.0	27.393962118548345	22.634431856016878	22.215367908118655	27.756238117316123	0.0
44.0	27.46830240683199	22.700943374644922	22.206734648961927	27.62401956956116	0.0
45.0	27.661384783754723	22.411602302898814	22.264586601461662	27.662426311884797	0.0
46.0	27.51503965054366	22.682377418389667	22.158730986938597	27.643851944128073	0.0
47.0	27.6198066340124	22.660834994024835	22.212240529072215	27.50703473906229	8.310382826095267E-5
48.0	27.680270042308663	22.442260467279095	22.156638794652782	27.720830695759457	0.0
49.0	27.48725192555142	22.683546676129932	22.017618676178518	27.811582722140134	0.0
50.0	27.690377616640667	22.757415646439096	21.889175273750087	27.663031463170146	0.0
51.0	27.9020103474569	22.440114502636	21.90963900368876	27.748236146218336	0.0
52.0	27.70361185007288	22.531833974977285	21.844591749171528	27.919962425778305	0.0
53.0	27.883186057975408	22.483931417698745	21.753148981795654	27.879733542530193	0.0
54.0	28.043503141476968	22.28445758216778	21.734501783853755	27.9375374925015	0.0
55.0	27.89047621951096	22.427091526581183	21.649888927505128	28.03173035297274	8.129734299958741E-4
56.0	27.995364398158344	22.46158848021479	21.714123902715286	27.828608585302415	3.146336091621307E-4
57.0	28.182993099918903	22.242894998200168	21.724955221032452	27.849048257198245	1.0842365023397824E-4
58.0	28.01043330306748	22.527561944931104	21.52991100940187	27.93209374259955	0.0
59.0	28.101239623775754	22.429969570439724	21.556616772420146	27.91217403336438	0.0
60.0	28.320484302814574	22.226453016891316	21.435870123172357	28.01719255712175	0.0
61.0	28.14049746915039	22.333732118725536	21.371771744742347	28.153998667381728	0.0
62.0	28.239856554186606	22.41600323842936	21.35339360410201	27.990746603282023	0.0
63.0	28.4430310293739	22.002450858137372	21.30911953797684	28.24539857451188	0.0
64.0	28.24591724170798	22.18236764237967	21.222914187436135	28.348800928476216	0.0
65.0	28.390462975527125	22.233505648765416	21.299413018642458	28.076618357065	0.0
66.0	28.637415501759143	21.957987307398746	21.25372126755724	28.150875923284875	0.0
67.0	28.335735110172592	22.132968073014016	21.27799893148674	28.25329788532665	0.0
68.0	28.50560907377905	22.299976673664567	21.1368031670877	28.057611085468686	0.0
69.0	28.632791585346894	21.96341905732396	21.130762189329694	28.273027167999448	0.0
70.0	28.45792587619079	22.145092645736998	21.093013937470893	28.30396754060132	0.0
71.0	28.532550784277856	22.204766583747144	21.122035029883087	28.14064760209191	0.0
72.0	28.742466600863324	21.932608708501043	21.074998079094044	28.249926611541593	0.0
73.0	28.45090319020123	22.10489032396234	20.892193767864057	28.552012717972374	0.0
74.0	28.66956577899292	21.957116100837442	20.911928699059224	28.461389421110418	0.0
75.0	28.78856839003024	21.76187750945199	21.06700433957758	28.382549760940197	0.0
76.0	28.760280705393704	21.962580471786843	20.903688442471662	28.37345038034779	0.0
77.0	28.64067007726915	22.09068451433465	21.04973507367839	28.218910334717812	0.0
78.0	28.96978505078925	21.832136872375198	20.980304942383682	28.217773134451868	0.0
79.0	28.68009651291578	21.94314836829805	20.877011024244673	28.499744094541494	0.0
80.0	28.729211232601553	22.110567020546195	20.761247638123663	28.398974108728588	0.0
81.0	28.985137121560822	21.698614678762862	20.87870643959079	28.437541760085526	0.0
82.0	28.807635016839207	21.868576457454186	20.743475002410044	28.580313523296564	0.0
83.0	28.90315481751801	21.9167201096422	20.68487308785374	28.49525198498605	0.0
84.0	28.885721981105377	21.66164923920344	20.654868041089493	28.797760738601692	0.0
85.0	28.802921740620548	21.690282641990382	20.672100304526484	28.834695312862586	0.0
86.0	28.807479317534696	21.86101084381469	20.72880000597867	28.60270983267194	0.0
87.0	29.04222894323957	21.717406869783986	20.623437396070944	28.61653552857584	3.912623296541632E-4
88.0	28.86077194938951	21.82392928307271	20.698477257259064	28.61682151027872	0.0
89.0	29.09937861507653	21.80089898842316	20.614423349634304	28.485299046866004	0.0
90.0	29.029077254185086	21.65620581905285	20.50131023241992	28.813406694342135	0.0
91.0	28.703384995497043	21.84852156938557	20.53252735957149	28.915566075545897	0.0
92.0	28.81145881679125	21.86990826231645	20.480511914049	28.8381210068433	0.0
93.0	29.185848031862616	21.53054363006259	20.322764185589406	28.960844152485386	0.0
94.0	28.909477290715703	21.565959384588695	20.41775541846017	29.10680790623543	0.0
95.0	28.96511654400875	21.971336781425872	20.318872610449088	28.744674064116293	0.0
96.0	29.194564256194617	21.57513851040407	20.338320309445177	28.891976923956136	0.0
97.0	28.75127877237852	22.043478260869563	20.27621483375959	28.92902813299233	0.0
98.0	29.160729895856996	21.872784465965957	20.339204713623943	28.627280924553105	0.0
99.0	29.61745964787638	21.611420705579363	20.379210053062767	28.391909593481497	0.0
100.0	29.878621084615265	21.341531315123845	20.518286377881356	28.261561222379534	0.0
101.0	28.95835863705586	21.764315678342193	20.47686227612045	28.780843291321368	0.019620117160128184
102.0	29.38503991327486	21.341283137873262	20.495713018626194	28.766137774711737	0.01182615551394501
103.0	28.98109680099709	21.6088491898629	20.525550477773162	28.874117158288325	0.01038637307852098
104.0	28.977085845850237	21.822168621861636	20.37276614406315	28.82030479114132	0.007674597083653108
105.0	29.257480605836722	21.277013298854822	20.442371629109715	29.019671222755818	0.0034632434429257486
106.0	29.241516966067866	21.35850250718076	20.45421352417117	28.940898690424028	0.004868312156175454
107.0	29.404065291037877	21.360743250179652	20.692177394518016	28.53916435684221	0.0038497074222359103
108.0	29.284390765110835	21.40741442038492	20.44984243342305	28.85699987827475	0.0013525028064433234
109.0	28.892343678685535	21.12334550433592	20.528582838886354	29.452875399361023	0.0028525787311729804
110.0	29.04726068633353	21.673690547862734	20.57796508127634	28.696568332329917	0.004515352197471402
111.0	29.612998429144916	21.498500547419198	20.26720403662155	28.61812354219888	0.003173444615457849
112.0	29.276892996206488	21.576229549290595	20.257691472116846	28.88250137869951	0.006684603686558934
113.0	29.47780955407266	21.72262825265685	20.299756381739222	28.483917664089258	0.01588814744200826
114.0	29.618882874839574	21.300894667336273	20.28346632442386	28.785596041887544	0.011160091512750405
115.0	28.877625194004047	21.6400463645115	20.31197815367085	29.158562700143413	0.011787587670183298
116.0	29.434220626983965	21.687171933027656	20.58756405734559	28.284819187120064	0.006224195522728688
117.0	29.328281390306405	21.356140081911562	20.543594910094395	28.769793468976545	0.0021901487110974837
118.0	29.1451467216342	21.363225791509368	20.32100423836765	29.159043009009427	0.011580239479352434
119.0	28.870671723969167	21.517190750030586	20.531016762510706	29.068885354215094	0.01223540927444023
120.0	29.443066749328374	21.200144657987188	20.30894812977888	29.034924571192395	0.012915891713163877
121.0	28.97030781803323	21.59901934077908	20.449468809588666	28.981204031599017	0.0
122.0	29.37496396240558	21.6686847719541	20.532779795883066	28.423571469757253	0.0
123.0	29.55107272560808	21.112704855494858	20.474868007446517	28.858302560502946	0.0030518509475997192
124.0	29.384283274801042	21.148951251731805	20.014821020072816	29.445500531623548	0.006443921770789702
125.0	29.36867568396307	21.4268679091002	20.036796020578514	29.154032230588395	0.01362815576982045
126.0	29.19930999784374	20.998346869833966	20.182563070509595	29.608998778121183	0.010781283691511536
127.0	28.91405982743548	21.65038579953628	20.331445512942338	29.100307879432897	0.0038009806530084765
128.0	29.656114414269645	21.41651936365097	20.243451711393217	28.675879800739196	0.008034709946970914
129.0	29.42250530785563	21.040339702760086	20.484076433121018	29.044585987261147	0.008492569002123142
130.0	29.91745974471156	21.25749853412115	20.156961796941953	28.650038338369942	0.01804158585539669
131.0	29.468506757079417	21.422090635595247	20.099326679719212	28.990974643044744	0.019101284561386753
132.0	29.26149323331137	21.435450352273303	20.077043945460996	29.215875107709465	0.010137361244867962
133.0	30.002683123155354	20.756640729809497	20.34343976388516	28.88113764421787	0.016098738932116982
134.0	28.608715388107125	21.487743985474353	20.318883340898775	29.57898320472084	0.005674080798910576
135.0	29.204764196342637	21.4990375360924	19.766602502406162	29.529595765158806	0.0
136.0	29.146783737354458	21.59445186740472	20.201056181205065	29.05770821403576	0.0
137.0	29.918611690320844	21.94793838703168	19.81569919956952	28.317750723077957	0.0
138.0	29.876260639439238	21.271725913740074	20.8139618053072	28.038051641513484	0.0
139.0	29.62794229309036	21.078208048595293	20.50113895216401	28.785117691723617	0.007593014426727411
140.0	29.219468883687146	21.341512632173703	20.154976188554365	29.275970619097585	0.008071676487206393
141.0	29.050470487596236	20.958083832335326	20.6928999144568	29.29854576561163	0.0
142.0	29.46557971014493	21.58514492753623	20.434782608695652	28.514492753623188	0.0
143.0	29.44583896505117	22.42710948059471	20.023170496234794	28.103881058119327	0.0
144.0	29.13369643407666	20.97420614530881	20.419278594183538	29.472818826430995	0.0
145.0	30.062152437029766	20.53211209246538	20.324937302366152	29.06989423181769	0.010903936321011885
146.0	29.275092936802977	21.398698884758364	20.480947955390334	28.833643122676577	0.011617100371747211
147.0	29.81266946019226	21.308848903130393	20.828198175992114	28.05028346068524	0.0
148.0	29.58152958152958	20.818575364029908	20.89728453364817	28.702610520792337	0.0
149.0	29.8630519843488	21.50642817216322	20.640022358859696	27.990497484628285	0.0
150.0	29.326424870466322	21.820873427091044	19.733530717986678	29.119170984455963	0.0
151.0	29.692404268675453	21.468926553672315	19.789704959196484	29.04896421845574	0.0
152.0	29.88775339252806	22.04724409448819	19.450494220137376	28.614508292846374	0.0
153.0	30.008904719501334	21.246660730187	19.554764024933213	29.189670525378453	0.0
154.0	29.089872696180883	21.584647539426182	20.71062131863956	28.61485844575337	0.0
155.0	29.401052205584783	20.55847834884662	20.497774180493728	29.54269526507487	0.0
156.0	29.101099374865274	21.491700797585686	20.327656822591074	29.079543004957962	0.0
157.0	28.584622489032558	20.480258600785035	19.718309859154928	31.21680905102748	0.0
158.0	27.522255192878337	21.241345202769534	20.99406528189911	30.24233432245302	0.0
159.0	29.040805511393746	21.303656597774246	20.482246952835187	29.17329093799682	0.0
160.0	30.082928224192163	20.560480411781526	19.788390048613095	29.568201315413212	0.0
161.0	29.156403940886698	22.383004926108374	18.93472906403941	29.52586206896552	0.0
162.0	28.471760797342192	21.96013289036545	19.335548172757473	30.23255813953488	0.0
163.0	29.150233058443888	20.54499820724274	20.903549659376118	29.401219074937252	0.0
164.0	31.01460415065334	20.33051498847041	20.67640276710223	27.97847809377402	0.0
165.0	29.109730848861282	21.94616977225673	20.579710144927535	28.36438923395445	0.0
166.0	29.074492099322804	20.677200902934537	19.81941309255079	30.428893905191874	0.0
167.0	28.364688856729376	22.045344910757354	19.826338639652676	29.763627592860587	0.0
168.0	29.37823834196891	21.554404145077722	19.585492227979277	29.481865284974095	0.0
169.0	32.60504201680672	20.616246498599438	19.327731092436977	27.450980392156865	0.0
170.0	27.96352583586626	22.37082066869301	19.696048632218847	29.969604863221882	0.0
171.0	30.952380952380953	20.17195767195767	17.261904761904763	31.613756613756617	0.0
172.0	30.523255813953487	20.566860465116278	19.694767441860463	29.21511627906977	0.0
173.0	27.666399358460303	20.12830793905373	19.887730553327987	32.31756214915798	0.0
174.0	29.85332182916307	20.448662640207075	18.809318377911993	30.88869715271786	0.0
175.0	30.1498127340824	21.34831460674157	19.662921348314608	28.83895131086142	0.0
176.0	28.982528263103802	22.302158273381295	21.274409044193217	27.440904419321686	0.0
177.0	27.64505119453925	22.29806598407281	23.321956769055745	26.7349260523322	0.0
178.0	30.062893081761004	22.138364779874216	19.87421383647799	27.92452830188679	0.0
179.0	28.49083215796897	20.16925246826516	19.605077574047954	31.734837799717912	0.0
180.0	30.317460317460316	24.6031746031746	17.142857142857142	27.936507936507937	0.0
181.0	30.824372759856633	21.32616487455197	17.20430107526882	30.64516129032258	0.0
182.0	30.927835051546392	23.711340206185564	18.762886597938145	26.5979381443299	0.0
183.0	29.594272076372313	19.331742243436754	21.002386634844868	30.071599045346066	0.0
184.0	28.651685393258425	22.47191011235955	16.853932584269664	32.02247191011236	0.0
185.0	29.7029702970297	20.13201320132013	21.45214521452145	28.71287128712871	0.0
186.0	35.10204081632653	19.183673469387756	17.142857142857142	28.57142857142857	0.0
187.0	27.918781725888326	22.33502538071066	16.751269035532996	32.99492385786802	0.0
188.0	26.973684210526315	24.342105263157894	21.052631578947366	27.631578947368425	0.0
189.0	27.358490566037734	22.641509433962266	24.528301886792452	25.471698113207548	0.0
190.0	31.666666666666664	21.666666666666668	18.333333333333332	28.333333333333332	0.0
191.0	20.0	15.0	15.0	50.0	0.0
