# Position (bp)	A	C	G	T	N
0.0	26.30653209854343	23.672675777737815	23.759215968351015	26.261576155367738	0.0
1.0	26.19245639273512	23.751910627584966	23.826930857759397	26.228702121920517	0.0
2.0	26.29786660148183	23.792184001056444	23.84247747330091	26.067471924160817	0.0
3.0	26.337438153757976	23.743056784754003	23.760476282791505	26.159028778696513	0.0
4.0	26.23363488228353	23.671124346800024	23.815249761195705	26.27999100972074	0.0
5.0	26.224976542703516	23.712657950478416	23.7859795598456	26.276385946972464	0.0
6.0	26.20673575275085	23.75857138442782	23.785820029720686	26.248872833100645	0.0
7.0	26.24652377875783	23.82482654007135	23.711902019719655	26.216747661451162	0.0
8.0	26.11889359239773	23.777594880884497	23.840235506279512	26.26327602043826	0.0
9.0	26.205637402918413	23.751808210328214	23.844500933949412	26.198053452803954	0.0
10.0	26.263605083912644	23.830068113194297	23.726142827048662	26.180183975844397	0.0
11.0	26.32933080542097	23.848044378905975	23.646092268801347	26.176532546871705	0.0
12.0	26.300400252791235	23.843269433326313	23.615757320412893	26.240572993469556	0.0
13.0	26.25826838002949	23.79299206516396	23.82782107998034	26.120918474826205	0.0
14.0	26.229056948248015	23.754230742223157	23.717997331648057	26.298714977880767	0.0
15.0	26.174566392809496	23.871638227652554	23.734569201601012	26.219226177936942	0.0
16.0	26.20700115440683	23.820103531473734	23.652700497434186	26.320194816685248	0.0
17.0	26.179475152165427	23.865043943296435	23.768702935451525	26.186777969086616	0.0
18.0	26.083415021894407	23.893131700685622	23.7799380384072	26.243515239012773	0.0
19.0	26.145208088150618	23.725166911498285	23.80549789763136	26.324127102719736	0.0
20.0	26.34097975715325	23.653262252581968	23.845663390697897	26.160094599566886	0.0
21.0	26.095211879997866	23.76168099610423	23.863358677853082	26.27974844604482	0.0
22.0	26.153353537793482	23.81167720425698	23.71645970670764	26.3185095512419	0.0
23.0	26.132568597325484	23.82375493993433	23.833304777446653	26.21037168529353	0.0
24.0	26.214303971328018	23.71842584972488	23.770107323320985	26.297162855626116	0.0
25.0	26.29744373320001	23.66533998825932	23.772073466338227	26.26514281220245	0.0
26.0	26.182283927904344	23.74847975013131	23.82263142963876	26.246604892325582	0.0
27.0	26.305027427695087	23.789487875919523	23.824316695082114	26.081168001303272	0.0
28.0	26.350529594665574	23.723762523628825	23.763928016695363	26.16177986501024	0.0
29.0	26.256154729837906	23.64624031323467	23.80858755094417	26.289017405983255	0.0
30.0	26.23761680996104	23.702977583160827	23.776567507520497	26.28283809935763	0.0
31.0	26.212899583458558	23.764770649417038	23.762523628825903	26.259806138298497	0.0
32.0	26.249975423212284	23.825159327803792	23.71056127765591	26.214303971328018	0.0
33.0	26.120771739222025	23.77572487479882	23.831619512003304	26.27188387397585	0.0
34.0	26.213180461032447	23.73190797327169	23.846225145845683	26.20868641985018	0.0
35.0	26.247447525047257	23.804655264909684	23.74230044350569	26.20559676653737	0.0
36.0	26.31710516337244	23.823193184786547	23.66309296766818	26.19660868417283	0.0
37.0	26.29632022290444	23.82375493993433	23.624050984897213	26.25587385226401	0.0
38.0	26.284804242374875	23.769826445747093	23.824878450229896	26.120490861648133	0.0
39.0	26.244357871734447	23.732750605993367	23.720672870316015	26.30221865195617	0.0
40.0	26.18003690731321	23.866729208739788	23.721796380611583	26.23143750333542	0.0
41.0	26.202359920118866	23.824182861508472	23.65256762791795	26.320889590454712	0.0
42.0	26.17904721244618	23.87586404478287	23.771097298253792	26.17399144451716	0.0
43.0	26.063607178066956	23.891031348569918	23.787949858017186	26.257411615345944	0.0
44.0	26.147869976883904	23.723629254920244	23.806206797760858	26.32229397043499	0.0
45.0	26.35768434593811	23.64161346407175	23.844967685216652	26.155734504773488	0.0
46.0	26.109109089428106	23.7626710183721	23.858449733027363	26.269770159172428	0.0
47.0	26.163318156667014	23.82053147355974	23.69610340730671	26.32004696246654	0.0
48.0	26.13972457299827	23.833732645374393	23.830643009417773	26.195899772209568	0.0
49.0	26.241120807574664	23.72250575093602	23.75930050641942	26.277072935069896	0.0
50.0	26.310497178600617	23.667454055708944	23.771939926241963	26.250108839448473	0.0
51.0	26.18691174033576	23.739639186695467	23.8253063654927	26.248142707476074	0.0
52.0	26.320608714458654	23.7820514621	23.81407132565044	26.08326849779091	0.0
53.0	26.346449306095852	23.720258742967566	23.75452561448646	26.17876633645012	0.0
54.0	26.264995267239467	23.652005875925838	23.802555409812122	26.280443447022574	0.0
55.0	26.240278179586497	23.705934067168684	23.769131166281397	26.284656586963422	0.0
56.0	26.204045176095203	23.751716854525895	23.775029562198586	26.269208407180315	0.0
57.0	26.235222411657478	23.823901985512418	23.721101370955736	26.21977423187437	0.0
58.0	26.11135609739656	23.778400074151264	23.825587241488755	26.284656586963422	0.0
59.0	26.204887804083377	23.71660735501883	23.861820244980045	26.216684595917748	0.0
60.0	26.242525187554943	23.815194829634663	23.7432905746442	26.19898940816619	0.0
61.0	26.304879658679493	23.827834249457208	23.65369113190218	26.213594959961128	0.0
62.0	26.288307974912158	23.828957753441433	23.626727036280755	26.256007235365658	0.0
63.0	26.268927531184254	23.760424010403646	23.826710745472983	26.143937712939113	0.0
64.0	26.243086939547062	23.732898162790107	23.719416114979396	26.30459878268343	0.0
65.0	26.18269860039491	23.865471632928777	23.71857348699123	26.23325627968508	0.0
66.0	26.215132951905872	23.814780173636567	23.641480657583188	26.328606216874373	0.0
67.0	26.176091407770674	23.876291671230877	23.76703152253596	26.18058539846249	0.0
68.0	26.079751482314744	23.889211894469863	23.77180638764602	26.259230235569376	0.0
69.0	26.169912170569415	23.720968117944786	23.80354519690701	26.30557451457879	0.0
70.0	26.356693658698262	23.6437276529291	23.854383466608244	26.145195221764396	0.0
71.0	26.11064766832102	23.750459931859865	23.855787838699438	26.28310456111968	0.0
72.0	26.174967910097717	23.811971429454175	23.706362648196368	26.306698012251744	0.0
73.0	26.1350837427078	23.8403397456963	23.831351764312657	26.193224747283246	0.0
74.0	26.23367066350964	23.72461948538189	23.75944791324351	26.28226193786496	0.0
75.0	26.337594198258017	23.65580525291337	23.769840266718347	26.236760282110268	0.0
76.0	26.202774477503365	23.730236973746667	23.812252303872416	26.254736244877552	0.0
77.0	26.319899109908967	23.77630037833784	23.82180203409254	26.08199847766065	0.0
78.0	26.348267426151097	23.722653364454217	23.75186430395106	26.17721490544363	0.0
79.0	26.263724226261196	23.65299650873098	23.803264322488772	26.28001494251905	0.0
80.0	26.24574826349391	23.69962166215863	23.769840266718347	26.28478980762911	0.0
81.0	26.22636792863543	23.752987801624016	23.755234796969926	26.265409472770628	0.0
82.0	26.25080400302221	23.82854302013027	23.70214953192278	26.21850344492474	0.0
83.0	26.128904505506544	23.777423876010797	23.822363782929017	26.27130783555365	0.0
84.0	26.19406737053796	23.723215113290696	23.863933196828366	26.21878431934298	0.0
85.0	26.24687176116686	23.82573427594788	23.73445009002025	26.192943872865005	0.0
86.0	26.306698012251744	23.81365667596361	23.661984490114623	26.217660821670023	0.0
87.0	26.285351556465585	23.845395485224604	23.64625552269325	26.222997435616563	0.0
88.0	26.259230235569376	23.77882824810199	23.82067853641958	26.14126297990905	0.0
89.0	26.219346068179455	23.753268676042254	23.723495987708933	26.30388926806935	0.0
90.0	26.178900151953062	23.866461066592514	23.713665383070577	26.24097339838385	0.0
91.0	26.22313100190151	23.799760134594266	23.659323714374793	26.317785149129435	0.0
92.0	26.17454000050557	23.863799142214344	23.77729030735915	26.18437054992093	0.0
93.0	26.073706650787987	23.895256900343504	23.7632466653372	26.267789783531303	0.0
94.0	26.176786983229082	23.71353217257951	23.802568862998655	26.307111981192755	0.0
95.0	26.355422109748254	23.6464035637146	23.84666589894757	26.151508427589576	0.0
96.0	26.118365432417782	23.73768723685726	23.850598118713716	26.293349212011247	0.0
97.0	26.170046035058547	23.809590684009628	23.714374791100827	26.305988489831	0.0
98.0	26.139430895450705	23.851440737235034	23.829532655680794	26.179595711633475	0.0
99.0	26.23942162664697	23.719711375069167	23.76099968261369	26.279867315670174	0.0
100.0	26.330705299789624	23.650054910640307	23.770830232029052	26.248409557541013	0.0
101.0	26.208806487039123	23.72392446767575	23.82194908898894	26.245319956296186	0.0
102.0	26.33463751955577	23.757910081368863	23.820263851946308	26.08718854712906	0.0
103.0	26.340816722045428	23.722239230633114	23.767178885103345	26.169765162218113	0.0
104.0	26.274811604542275	23.645560945193285	23.81127592105226	26.26835152921218	0.0
105.0	26.2576783612755	23.69752242067449	23.75903357273062	26.285765645319394	0.0
106.0	26.22537798462502	23.743585566506475	23.76099968261369	26.27003676625481	0.0
107.0	26.25065654026453	23.82335345319114	23.719711375069167	26.206278631475172	0.0
108.0	26.141958751014656	23.778132925880467	23.802849735839093	26.27705858726579	0.0
109.0	26.186055786963568	23.720273120750043	23.864641760735662	26.22902933155073	0.0
110.0	26.244196464934433	23.82335345319114	23.74751778627262	26.184932295601815	0.0
111.0	26.305988489831	23.807624574126557	23.658761968693913	26.227624967348532	0.0
112.0	26.290540483606854	23.832341384085183	23.64078610690582	26.236332025402138	0.0
113.0	26.26020621683945	23.775885943156954	23.82194908898894	26.141958751014656	0.0
114.0	26.225939730305896	23.728137560282335	23.746394294910864	26.299528414500905	0.0
115.0	26.192515862293664	23.867169616299613	23.72083486643092	26.219479654975803	0.0
116.0	26.21202971617959	23.814512618141475	23.651888157063212	26.321569508615728	0.0
117.0	26.19208785653096	23.859452020166557	23.77519064136953	26.173269481932955	0.0
118.0	26.090412459449215	23.87658516718862	23.77575238389484	26.25724998946733	0.0
119.0	26.181133877287344	23.72800426924319	23.797379471119413	26.293482382350046	0.0
120.0	26.3600488715997	23.65469686968978	23.846531942084344	26.138722316626172	0.0
121.0	26.105017765107362	23.74822700015448	23.862260732793125	26.284494501945034	0.0
122.0	26.18057213476203	23.81675958824273	23.70300672686674	26.2996615501285	0.0
123.0	26.139564930414146	23.85327285238811	23.822377013495863	26.184785203701882	0.0
124.0	26.228601120676338	23.725195556616622	23.76283230581263	26.283371016894407	0.0
125.0	26.320446023565097	23.65890993862963	23.78221242293595	26.238431614869324	0.0
126.0	26.206412290926455	23.73502605080961	23.82687095369837	26.231690704565562	0.0
127.0	26.343477467102954	23.76873060232842	23.809456935413653	26.07833499515497	0.0
128.0	26.34628617972952	23.710309379695815	23.75693400929684	26.186470431277826	0.0
129.0	26.270170067549536	23.64514724675945	23.818163944556012	26.266518741135002	0.0
130.0	26.262586543457804	23.707500667069247	23.741486089850717	26.28842669962223	0.0
131.0	26.231690704565562	23.737553892173523	23.776875868945467	26.253879534315445	0.0
132.0	26.237308129818697	23.836420576628704	23.732779080708358	26.193492212844244	0.0
133.0	26.14265451430337	23.7760332551575	23.796536857331443	26.28477537320769	0.0
134.0	26.205850548401138	23.715084191160983	23.866473801732976	26.212591458704903	0.0
135.0	26.247700366536996	23.82350049854649	23.745980030053225	26.182819104863285	0.0
136.0	26.301627648967095	23.826309211173058	23.65216902832587	26.219894111533975	0.0
137.0	26.31960340977713	23.816478716980072	23.651045543275238	26.212872329967556	0.0
138.0	26.2684848399736	23.787829848189084	23.80552473773646	26.138160574100862	0.0
139.0	26.2269158931004	23.723510329040685	23.731093853132418	26.3184799247265	0.0
140.0	26.2041653208252	23.87377645456205	23.710871122221132	26.21118710239162	0.0
141.0	26.213862198167025	23.817735996382357	23.655953240289524	26.312448565161095	0.0
142.0	26.202346411709026	23.84947462735196	23.768302376465105	26.17987658447391	0.0
143.0	26.096457350863545	23.87559580151278	23.77644768883783	26.25149915878584	0.0
144.0	26.1725738906225	23.731227161527162	23.797232279030315	26.29896666882002	0.0
145.0	26.365533532004054	23.65511062176821	23.840205823617474	26.139150022610263	0.0
146.0	26.107973137321537	23.76099968261369	23.850317245873278	26.280709934191492	0.0
147.0	26.18858364252752	23.81436552229709	23.70763384293029	26.2894169922451	0.0
148.0	26.15010406338738	23.853406847118105	23.812961158094893	26.18352793139962	0.0
149.0	26.240545118008722	23.71268955405819	23.76408928385852	26.282676044074567	0.0
150.0	26.32705395286392	23.664379425502695	23.770549359188614	26.238017262444775	0.0
151.0	26.211615215443512	23.736001999814622	23.828409164319037	26.223973620422825	0.0
152.0	26.34868116157772	23.765493648060716	23.805096718562606	26.080728471798963	0.0
153.0	26.35626472826957	23.695837183631856	23.758752699890177	26.189145388208395	0.0
154.0	26.277901205787103	23.647807927916794	23.81464639513753	26.259644471158573	0.0
155.0	26.268632402052617	23.703701623164143	23.748079531953497	26.27958644282974	0.0
156.0	26.23857900812565	23.730665415846282	23.79049133085978	26.240264245168287	0.0
157.0	26.25515050571155	23.837116222372646	23.724486213356627	26.18324705855918	0.0
158.0	26.152631918951336	23.778413798720905	23.78796347529583	26.280990807031934	0.0
159.0	26.20992997840088	23.71325129973907	23.868573980501807	26.208244741358243	0.0
160.0	26.25458876003067	23.80846719264787	23.75847182704974	26.178472220271715	0.0
161.0	26.29784317745827	23.80846719264787	23.663255934140935	26.230433695752918	0.0
162.0	26.309078091075826	23.825881308755086	23.650335783480745	26.21470481668834	0.0
163.0	26.27003676625481	23.78318863700837	23.813522903775773	26.133251692961046	0.0
164.0	26.235208534040382	23.71297042689863	23.725890577558822	26.32593046150216	0.0
165.0	26.200099428985514	23.86548437925698	23.710161698494243	26.224254493263267	0.0
166.0	26.21681819841531	23.824610778274927	23.656928750586324	26.30164227272344	0.0
167.0	26.20080835657569	23.842305866623974	23.778266499265513	26.17861927753482	0.0
168.0	26.086492468352475	23.88752664796043	23.775457755083124	26.25052312860397	0.0
169.0	26.182551519390167	23.72742822956428	23.79174847134098	26.298271779704574	0.0
170.0	26.38141060750328	23.65608612733161	23.83837362476863	26.124129640396482	0.0
171.0	26.12216351946881	23.74905555976867	23.851293848007618	26.2774870727549	0.0
172.0	26.18451764031784	23.813094927127132	23.721248992363027	26.281138440192002	0.0
173.0	26.142386477582008	23.846799857315794	23.811971429454175	26.19884223564802	0.0
174.0	26.224682682125994	23.723495987708933	23.77433425741017	26.2774870727549	0.0
175.0	26.325797472691985	23.669848973825314	23.775176880664887	26.229176672817818	0.0
176.0	26.211481584468764	23.740629327221505	23.825172527111405	26.22271656119832	0.0
177.0	26.343773435459273	23.749898183023387	23.822082908510776	26.08424547300656	0.0
178.0	26.333100207566197	23.702992155177498	23.782198741120858	26.181708896135447	0.0
179.0	26.278048821591376	23.64063803432847	23.815341922473042	26.26597122160711	0.0
180.0	26.260915482078808	23.706362648196368	23.75495392255169	26.277767947173142	0.0
181.0	26.214290328651156	23.735292713274966	23.79315284343217	26.257264114641703	0.0
182.0	26.24182997356942	23.836394430759462	23.729941830254447	26.191833765416668	0.0
183.0	26.16093723228856	23.76055748580866	23.796790692840712	26.281714589062066	0.0
184.0	26.192676398138342	23.71224654309926	23.87459378080876	26.220483277953637	0.0
185.0	26.258682628002934	23.81167720425698	23.738368157471204	26.191272010268886	0.0
186.0	26.29997163136504	23.808868428518064	23.648487333825805	26.242672606291094	0.0
187.0	26.3368405678237	23.824664490795616	23.62917315027554	26.209321791105143	0.0
188.0	26.27813698999511	23.779162196019392	23.829439422963492	26.113261391022004	0.0
189.0	26.240780167740557	23.718773348013908	23.719335104739542	26.32111137950599	0.0
190.0	26.192749967698987	23.86820063703213	23.722143888367704	26.216905506901185	0.0
191.0	26.237837898568632	23.823393928499204	23.641383726939758	26.297384445992407	0.0
192.0	26.21115430420421	23.860750960609398	23.7630047412534	26.165089993932995	0.0
193.0	26.090375929712607	23.90288295171112	23.780138417634767	26.22660270094151	0.0
194.0	26.19261622811945	23.720591870210995	23.796710334134776	26.290081567534774	0.0
195.0	26.380524908433138	23.657393883558413	23.84080848482125	26.1212727231872	0.0
196.0	26.12436240253466	23.759353302024582	23.854009842033122	26.262274453407635	0.0
197.0	26.19325155959025	23.803799192748784	23.723186423349052	26.279762824311913	0.0
198.0	26.143816551177874	23.852953320431546	23.81671970631111	26.186510422079472	0.0
199.0	26.250551228431874	23.724590826997133	23.763914129143345	26.260943815427655	0.0
200.0	26.33172575929083	23.671785249829366	23.769250863006043	26.227238127873758	0.0
201.0	26.21937346744452	23.734140771804068	23.82261820163304	26.223867559118368	0.0
202.0	26.34324186920508	23.761947964036032	23.827674054766124	26.067136111992767	0.0
203.0	26.32133317229505	23.695660111846706	23.797058055238004	26.18594866062024	0.0
204.0	26.28172898941922	23.63892220446432	23.82402260528112	26.255326200835338	0.0
205.0	26.276954017015754	23.70492917592403	23.75801563382141	26.26010117323881	0.0
206.0	26.215722017959514	23.749027450473704	23.797058055238004	26.238192476328777	0.0
207.0	26.244238401667317	23.842694672505274	23.72247704489342	26.19058988093399	0.0
208.0	26.14761488788583	23.77444027178172	23.810393207142276	26.267551633190177	0.0
209.0	26.18946635170397	23.731184396426052	23.87949025478834	26.19985899708163	0.0
210.0	26.258282517042534	23.82106673482744	23.746632923338794	26.174017824791235	0.0
211.0	26.293954570095586	23.801966737917148	23.66630058339255	26.237778108594718	0.0
212.0	26.31003876186731	23.837424863771698	23.639402280770742	26.213134093590245	0.0
213.0	26.26020325043397	23.796255203447057	23.823220435151427	26.12032111096755	0.0
214.0	26.23183357957833	23.729403899846634	23.71816838663648	26.320594133938553	0.0
215.0	26.184925311925934	23.8757464594089	23.73249366597943	26.20683456268574	0.0
216.0	26.218217363459654	23.816893812568114	23.651730840533467	26.313157983438764	0.0
217.0	26.20276844600744	23.836836960551892	23.775041290743008	26.18535330269766	0.0
218.0	26.073840207633452	23.88936327988944	23.787119535296565	26.24967697718055	0.0
219.0	26.191532869678554	23.725885644304125	23.785995977663674	26.296585508353655	0.0
220.0	26.388022808348083	23.667031824948737	23.829667705963313	26.115277660739867	0.0
221.0	26.12258082638128	23.76169208730092	23.856914131625516	26.258812954692285	0.0
222.0	26.182203258906377	23.809510433724988	23.730018061341145	26.278268246027487	0.0
223.0	26.144001977478098	23.858947386161585	23.814004702128315	26.183045934232002	0.0
224.0	26.244280341227327	23.712602771278256	23.77187093584713	26.271245951647288	0.0
225.0	26.32545806426242	23.67412059807477	23.772151827622334	26.228269510040477	0.0
226.0	26.2150675966057	23.739849273473425	23.831419992191208	26.213663137729664	0.0
227.0	26.337536410596364	23.774679853599206	23.82327413071018	26.064509605094255	0.0
228.0	26.322368254735135	23.70754671932451	23.78198303975461	26.188101986185742	0.0
229.0	26.27377397762416	23.64266071925148	23.831419992191208	26.25214531093315	0.0
230.0	26.261695631290223	23.700524424944312	23.774679853599206	26.263100090166258	0.0
231.0	26.18978733683699	23.75417475400903	23.800521896918337	26.255516012235645	0.0
232.0	26.261281379298723	23.837452634358314	23.714702239000918	26.186563747342046	0.0
233.0	26.15959798543287	23.772566269764358	23.795880418081666	26.271955326721102	0.0
234.0	26.18740642740171	23.74897122809383	23.85571070231765	26.207911642186808	0.0
235.0	26.26409031283093	23.809082405683036	23.74981390815349	26.177013373332546	0.0
236.0	26.297235728510955	23.80852061897659	23.680995036614448	26.213248615898	0.0
237.0	26.308264467452798	23.832182603663984	23.65578108234131	26.203771846541912	0.0
238.0	26.267253922686695	23.778250928355142	23.84060942793099	26.113885721027174	0.0
239.0	26.219501918506992	23.714487958068123	23.74988061998955	26.316129503435338	0.0
240.0	26.176932433305524	23.87770408636222	23.740059383857368	26.20530409647489	0.0
241.0	26.21280947043439	23.8168277752963	23.663444494073953	26.306918260195356	0.0
242.0	26.205927798848155	23.83930327293159	23.781991852788313	26.17277707543194	0.0
243.0	26.074619317862563	23.90234309153228	23.79333595549812	26.229701635107038	0.0
244.0	26.201941987615335	23.724727750868162	23.783167192996256	26.290163068520243	0.0
245.0	26.36710518182176	23.669141158421795	23.866107705016606	26.09764595473984	0.0
246.0	26.113357479845906	23.772419587336287	23.8732954369835	26.240927495834303	0.0
247.0	26.178111985972247	23.808961800228175	23.726627438417832	26.286298775381745	0.0
248.0	26.134447641742724	23.861899195180072	23.811035924643676	26.192617238433524	0.0
249.0	26.238703295715123	23.712962546648082	23.76185872937368	26.286475428263117	0.0
