# Position (bp)	A	C	G	T	N
0.0	26.236344579029087	23.6680884932935	23.832037621420444	26.26352930625697	0.0
1.0	26.15114708338705	23.73927324294178	23.662763649815872	26.446816023855295	0.0
2.0	26.206683948714353	23.680515658936454	23.831850346808658	26.28095004554053	0.0
3.0	26.340671905301033	23.620654866661436	23.76357766593057	26.275095562106966	0.0
4.0	26.33301666568584	23.634055503711735	23.745309535619505	26.287618294982916	0.0
5.0	26.26341600112092	23.743589743589745	23.792629956564383	26.200364298724953	0.0
6.0	26.25303345345716	23.774708984626766	23.791242356818195	26.181015205097886	0.0
7.0	26.249215387374463	23.753026362984215	23.713795731707318	26.283962517934	0.0
8.0	26.325818075847497	23.912921647416173	23.678665299237267	26.082594977499063	0.0
9.0	26.20908989015916	23.71301277740417	23.72113875812598	26.35675857431069	0.0
10.0	26.338736567801952	23.725289659133892	23.67709486249072	26.258878910573436	0.0
11.0	26.31127674180759	23.748826652843352	23.75022766437368	26.189668940975388	0.0
12.0	26.190996564729353	23.85159406645259	23.78686751511687	26.17054185370118	0.0
13.0	26.414597378434568	23.652650986589556	23.703647663399515	26.229103971576357	0.0
14.0	26.23919122632998	23.710932902943796	23.7316678154929	26.31820805523332	0.0
15.0	26.335580549531223	23.82665613108948	23.63695970141726	26.200803617962038	0.0
16.0	26.295791933558615	23.83394137063376	23.761649378232825	26.1086173175748	0.0
17.0	26.17383093248003	23.70666345369823	23.78848206855391	26.33102354526783	0.0
18.0	26.24976533188376	23.71226746841437	23.82855077377433	26.209416425927536	0.0
19.0	26.272741792219946	23.734683527278943	23.728799311826993	26.263775368674118	0.0
20.0	26.206334217833653	23.680044383796552	23.6937742198511	26.41984717851869	0.0
21.0	26.232953287735334	23.69293361764368	23.800810900929427	26.27330219369156	0.0
22.0	26.241919711281163	23.683406792626236	23.792124678119407	26.282548817973193	0.0
23.0	26.23043148111307	23.832753784811437	23.58141372479244	26.355401009283053	0.0
24.0	26.351758399717557	23.736084530957978	23.590099947602464	26.322057121722004	0.0
25.0	26.241639510545355	23.65286491242326	23.847044022337602	26.258451554693785	0.0
26.0	26.15393668023772	23.741408344938314	23.667995752156845	26.43665922266712	0.0
27.0	26.206054017097845	23.688730606606573	23.83443498922628	26.270780387069298	0.0
28.0	26.325139329815876	23.627927046936424	23.774472031763555	26.27246159148414	0.0
29.0	26.336347359248162	23.632130057973534	23.741128144202506	26.2903944385758	0.0
30.0	26.265736773824766	23.748133162597686	23.790163272968755	26.195966790608793	0.0
31.0	26.248364328204726	23.767467013368375	23.789602871497138	26.194565786929758	0.0
32.0	26.248924729676343	23.747572761126072	23.713388271357598	26.29011423783999	0.0
33.0	26.328781939381372	23.909248585686786	23.683406792626236	26.078562682305606	0.0
34.0	26.20129060458913	23.717311081658902	23.723755698582462	26.357642615169507	0.0
35.0	26.3259799320233	23.71955268754536	23.683686993362045	26.270780387069298	0.0
36.0	26.318134311420703	23.740287541995087	23.756819385407706	26.184758761176507	0.0
37.0	26.19477258972002	23.85146040214297	23.791497612696418	26.162269395440585	0.0
38.0	26.41557015085965	23.653078837058125	23.70071282867454	26.230638183407677	0.0
39.0	26.23820358207617	23.71500302615947	23.720607025173162	26.326186366591198	0.0
40.0	26.32562596668983	23.83044540584161	23.631503440855393	26.21242518661317	0.0
41.0	26.30236937078299	23.826802806482704	23.75591221895945	26.11491560377485	0.0
42.0	26.172563458106023	23.68831765619002	23.792271546615336	26.346847339088626	0.0
43.0	26.23981125784207	23.705129606124036	23.83934500643057	26.215714129603324	0.0
44.0	26.263628186915263	23.729226734362786	23.736511912667524	26.27063316605443	0.0
45.0	26.201984370490543	23.688597855355585	23.693921639501358	26.41549613465251	0.0
46.0	26.229163689550532	23.707371199448566	23.790310152456364	26.27315495854453	0.0
47.0	26.24961822863692	23.69896522448156	23.77377840168792	26.277638145193606	0.0
48.0	26.241772652001043	23.841586599755104	23.575117193300997	26.341523554942853	0.0
49.0	26.358615704042432	23.740995099316596	23.588846952413775	26.311542244227198	0.0
50.0	26.23981125784207	23.662539332957866	23.85643715553015	26.24121225366991	0.0
51.0	26.158833698993245	23.74239609514443	23.67318690124941	26.42558330461292	0.0
52.0	26.193298196357972	23.69448203783249	23.836543014774904	26.275676751034638	0.0
53.0	26.313223439220597	23.63087682724881	23.77658039334359	26.27931934018701	0.0
54.0	26.32555220250554	23.62275105144737	23.753323862601537	26.298372883445552	0.0
55.0	26.26446878441196	23.750521870945867	23.78554676664173	26.199462578000443	0.0
56.0	26.242333050332178	23.76201003673411	23.796754733264404	26.198902179669307	0.0
57.0	26.244014245325577	23.744637688468963	23.717458369408977	26.293889696796484	0.0
58.0	26.316305630041835	23.912757187809095	23.682433473713115	26.088503708435955	0.0
59.0	26.184331823059832	23.71801876774011	23.73763270932979	26.360016699870272	0.0
60.0	26.325272003339972	23.72250195438918	23.684955266203218	26.26727077606763	0.0
61.0	26.316305630041835	23.740154501819895	23.760048642575143	26.18349122556313	0.0
62.0	26.199669365911067	23.83731682030878	23.78407912802264	26.178934685757515	0.0
63.0	26.418784499425595	23.643979937795958	23.706183978256608	26.231051584521843	0.0
64.0	26.246462495446778	23.713749334528845	23.71571072319202	26.324077446832355	0.0
65.0	26.333604191767773	23.82919106727563	23.630250217153744	26.20695452380285	0.0
66.0	26.311468519711955	23.82835047213427	23.75633948835776	26.103841519796017	0.0
67.0	26.180822716179446	23.70163439257364	23.78205110243744	26.335491788809467	0.0
68.0	26.248910731848103	23.70611755409915	23.83220647200406	26.21276524204869	0.0
69.0	26.267123575545476	23.733576918442886	23.750668971758884	26.248630534252754	0.0
70.0	26.192871212779252	23.70807893726656	23.687344315211085	26.411705534743103	0.0
71.0	26.237702828034333	23.709479925243283	23.78793525193967	26.26488199478272	0.0
72.0	26.24975132463413	23.70219478776433	23.771963989005044	26.27608989859649	0.0
73.0	26.244427570322593	23.85546287241763	23.560414804520146	26.339694752739636	0.0
74.0	26.35678680605563	23.736659091991672	23.588434564054573	26.318119537898127	0.0
75.0	26.24190579196449	23.65848396289063	23.852100501273497	26.247509743871376	0.0
76.0	26.15784651336122	23.740021463135804	23.668290878727678	26.433841144775293	0.0
77.0	26.19483259594666	23.68482253685299	23.83781042391094	26.282534443289407	0.0
78.0	26.319800723470195	23.620377089923814	23.768041222670227	26.291780963935768	0.0
79.0	26.338573962358254	23.620377089923814	23.73721948718236	26.30382946053557	0.0
80.0	26.268804761117543	23.750108576568195	23.782331300032784	26.198755362281478	0.0
81.0	26.255635474136362	23.765799641907474	23.785133275986226	26.19343160796994	0.0
82.0	26.244147372727245	23.74982837897285	23.699392811810892	26.306631436489013	0.0
83.0	26.308312622061074	23.912903379463195	23.69154727914125	26.087236719334474	0.0
84.0	26.176619752249287	23.708359134861904	23.746746205424067	26.368274907464745	0.0
85.0	26.317559142707438	23.704996763717773	23.697151231048135	26.280292862526654	0.0
86.0	26.313636376372617	23.7184462482943	23.770002605837636	26.19791476949545	0.0
87.0	26.206527464891337	23.8284971363886	23.78870918933459	26.176266209385474	0.0
88.0	26.41919684386313	23.641886060769085	23.699886800488663	26.23903029487912	0.0
89.0	26.243793640653195	23.717539199533753	23.711094672898245	26.327572486914807	0.0
90.0	26.329533864586484	23.824294184235008	23.636562321374534	26.209609629803975	0.0
91.0	26.312161662351635	23.83970500879818	23.749481635901056	26.098651692949126	0.0
92.0	26.187120509508453	23.700380786398163	23.775193125110327	26.337305578983056	0.0
93.0	26.25296657541616	23.702622354599278	23.82927095796219	26.21514011202237	0.0
94.0	26.27033872897479	23.735405289540562	23.73904783786737	26.255208143617274	0.0
95.0	26.192164037960957	23.70486392280039	23.688612553342317	26.414359485896334	0.0
96.0	26.243720106586565	23.702061962549	23.789763318417563	26.26445461244687	0.0
97.0	26.258010103868667	23.703743138699835	23.773792144984633	26.26445461244687	0.0
98.0	26.247362654913374	23.855329188300132	23.55355806922523	26.343750087561258	0.0
99.0	26.363083613295863	23.744931954395295	23.580176691613453	26.311807740695393	0.0
100.0	26.258570495918942	23.656109814426173	23.8393580148672	26.245961674787683	0.0
101.0	26.161902867245924	23.73260332928917	23.668718635557436	26.436775167907467	0.0
102.0	26.19860854653916	23.67852549643731	23.841039191018037	26.281826766005494	0.0
103.0	26.314049308896504	23.627529819861977	23.769028812557266	26.289392058684257	0.0
104.0	26.336464990907636	23.624167467560305	23.730361761088055	26.309005780444	0.0
105.0	26.26977833692451	23.737927053766818	23.78415939791478	26.20813521139389	0.0
106.0	26.254367555541858	23.76006253975281	23.794246454819792	26.19132344988554	0.0
107.0	26.237835990058645	23.74717352259641	23.70878666715234	26.306203820192607	0.0
108.0	26.303401859941218	23.911648589353113	23.69169470961885	26.09325484108683	0.0
109.0	26.171709728125798	23.70878666715234	23.753057639124332	26.366445965597535	0.0
110.0	26.305923624167466	23.70878666715234	23.69533725794566	26.289952450734532	0.0
111.0	26.31629087709762	23.709347059202617	23.770149596657824	26.20421246704194	0.0
112.0	26.192931234484192	23.833967508559965	23.789136270153044	26.183964986802806	0.0
113.0	26.42409230751988	23.631106154768645	23.69555105997859	26.249250477732883	0.0
114.0	26.25317321109349	23.70311633145976	23.706758869580323	26.336951587866427	0.0
115.0	26.327705144944996	23.81827657511754	23.626342835687907	26.227675444249556	0.0
116.0	26.31145382102249	23.837049656200442	23.743744641266034	26.10775188151104	0.0
117.0	26.194685802187212	23.702622354599278	23.76790802845671	26.3347838147568	0.0
118.0	26.266976376673117	23.69505706192052	23.81918390105718	26.218782660349184	0.0
119.0	26.27314068922618	23.737646857741677	23.737646857741677	26.251565595290465	0.0
120.0	26.20449266306708	23.70514411882553	23.679646280537863	26.41071693756952	0.0
121.0	26.245121086712263	23.700941178448442	23.789763318417563	26.264174416421724	0.0
122.0	26.268377356798815	23.70542431485067	23.769309008582404	26.256889319768113	0.0
123.0	26.25212598734074	23.844681739344846	23.568688654582743	26.334503618731663	0.0
124.0	26.370929101999756	23.744931954395295	23.57989649558831	26.304242448016634	0.0
125.0	26.262773436296033	23.654148442250197	23.838517426791782	26.244560694661985	0.0
126.0	26.169468159924687	23.730361761088055	23.668438439532295	26.431731639454963	0.0
127.0	26.200569918715132	23.68497000501551	23.838797622816923	26.275662453452437	0.0
128.0	26.32161460157526	23.630892172163644	23.764545676155038	26.282947550106055	0.0
129.0	26.334503618731663	23.624727859610584	23.740729014018207	26.300039507639543	0.0
130.0	26.271459513075346	23.741849798118764	23.772671360884072	26.21401932792181	0.0
131.0	26.25660912374297	23.76650704833101	23.776594105236022	26.200289722689995	0.0
132.0	26.23531422583239	23.751376462973496	23.690293729493153	26.323015581700957	0.0
133.0	26.302561271865798	23.909967413202278	23.686651181166344	26.100820133765584	0.0
134.0	26.169748355949825	23.69785902217191	23.758381363601977	26.37401125827629	0.0
135.0	26.30480284006691	23.702061962549	23.69841941422219	26.294715783161898	0.0
136.0	26.30480284006691	23.718033135981933	23.78471978996506	26.192444233986095	0.0
137.0	26.19027604989745	23.83858422155722	23.778622104165965	26.192517624379363	0.0
138.0	26.428163141790794	23.62703562982639	23.693442273853154	26.251358954529664	0.0
139.0	26.246315411945346	23.7015679813501	23.711655066518723	26.340461540185828	0.0
140.0	26.32512447778173	23.81259264032996	23.63606815526309	26.22621472662522	0.0
141.0	26.300186891796095	23.835568843148188	23.752069959735607	26.112174305320114	0.0
142.0	26.19602678696517	23.70898596206114	23.763624646249546	26.331362604724145	0.0
143.0	26.264188585246394	23.707371199448566	23.81300628486728	26.215433930437754	0.0
144.0	26.277357946028033	23.751642667608134	23.72446334854815	26.24653603781568	0.0
145.0	26.213472536278786	23.701206817806096	23.678510685395178	26.40680996051994	0.0
146.0	26.244367980991235	23.703234628230703	23.785333213781353	26.26706417699671	0.0
147.0	26.27014637645424	23.708278227343033	23.764878617381363	26.256696778821365	0.0
148.0	26.25809777857479	23.850059402389544	23.56845845195131	26.32338436708435	0.0
149.0	26.380825356974736	23.751148819797805	23.581067449732128	26.286958373495327	0.0
150.0	26.284230022388037	23.650623306536804	23.827149770095296	26.23799690097986	0.0
151.0	26.174671534687448	23.725997304468923	23.670237358043302	26.429093802800324	0.0
152.0	26.206054017097845	23.683406792626236	23.838357799527582	26.272181390748333	0.0
153.0	26.328501738645567	23.629608251351268	23.75850058982255	26.28338942018062	0.0
154.0	26.329342340852985	23.637453871953866	23.741968746409928	26.291235040783217	0.0
155.0	26.281988416501584	23.747852961861877	23.767747214104183	26.202411407532356	0.0
156.0	26.266857576768	23.77138982366968	23.780356247215508	26.18139635234682	0.0
157.0	26.236876098036632	23.76410460453869	23.692373216172065	26.30664608125261	0.0
158.0	26.30048166506485	23.925780429099408	23.682846391154623	26.09089151468112	0.0
159.0	26.163463505255162	23.704141647075964	23.771950225141293	26.36044462252758	0.0
160.0	26.295157851084518	23.71534967650825	23.718992286073743	26.27050018633349	0.0
161.0	26.29487765034871	23.733562724335712	23.78764146634649	26.18391815896908	0.0
162.0	26.175585481077988	23.836463184322167	23.79387255314022	26.194078781459623	0.0
163.0	26.408432944974024	23.6414429257522	23.701966454273915	26.24815767499986	0.0
164.0	26.22630195636702	23.70897149229726	23.708691290776326	26.356035260559395	0.0
165.0	26.311837146419712	23.82532188239909	23.638707146559817	26.224133824621376	0.0
166.0	26.29138237807697	23.83428835619317	23.751908878210067	26.12242038751979	0.0
167.0	26.190582934510932	23.70069826610327	23.770749038903396	26.337969760482398	0.0
168.0	26.26266871775904	23.690397132953937	23.81985132382321	26.22708282546381	0.0
169.0	26.276959115452403	23.735229753168404	23.732147510528662	26.255663620850534	0.0
170.0	26.20382590372755	23.70356671514194	23.676667143013255	26.41594023811725	0.0
171.0	26.245089413307483	23.691023923873995	23.79161739734702	26.272269265471497	0.0
172.0	26.26526414893438	23.708676817547534	23.767519796459332	26.25853923705875	0.0
173.0	26.248451869245297	23.856905083472967	23.575299398680798	26.31934364860094	0.0
174.0	26.37678560420531	23.754069972708066	23.59435331566176	26.27479110742486	0.0
175.0	26.2687002109947	23.65522401024431	23.8393189886825	26.236756790078488	0.0
176.0	26.158299265021114	23.739846055127618	23.665871817216384	26.435982862634884	0.0
177.0	26.204533163715638	23.678200856868255	23.851648028334374	26.265617951081733	0.0
178.0	26.337630750866538	23.633928396300167	23.748252218526623	26.280188634306672	0.0
179.0	26.32698294389446	23.640373121572736	23.739005438787718	26.293638495745082	0.0
180.0	26.273743909034103	23.74713139674009	23.764784339878	26.214340354347808	0.0
181.0	26.261695074828868	23.773470708723636	23.781036255782737	26.183797960664762	0.0
182.0	26.236476584631852	23.757218792818897	23.695013183666262	26.31129143888299	0.0
183.0	26.309330000756553	23.921699389992742	23.676239418741822	26.092731190508882	0.0
184.0	26.164463784847047	23.7036995525119	23.767025983451067	26.364810679189983	0.0
185.0	26.305126919057052	23.714347359483973	23.7045401688518	26.275985552607175	0.0
186.0	26.298121782891215	23.72779722092238	23.78243728301591	26.1916437131705	0.0
187.0	26.181909885675857	23.83097960098633	23.796514234476575	26.190596278861243	0.0
188.0	26.401031158932973	23.634555032503922	23.71525442725846	26.249159381304636	0.0
189.0	26.23178659493387	23.695359784801614	23.72534185160278	26.347511768661736	0.0
190.0	26.309197234917157	23.824881822690607	23.644708710795538	26.221212231596702	0.0
191.0	26.292104606883566	23.83889217353781	23.758752966691794	26.110250252886836	0.0
192.0	26.18177640538223	23.7083821361922	23.775912216499755	26.333929241925812	0.0
193.0	26.267033179498817	23.705926691829397	23.81044449488199	26.21659563378979	0.0
194.0	26.280483191687892	23.749639231443886	23.728063170223916	26.241814406644302	0.0
195.0	26.19614040691891	23.715453783796658	23.68855375941851	26.399852049865917	0.0
196.0	26.232641029377152	23.707954583664915	23.801544514060907	26.257859872897026	0.0
197.0	26.250854638585952	23.723366099149285	23.767639179995292	26.25814008226947	0.0
198.0	26.24328898552999	23.860388482273954	23.57345408489223	26.322868447303826	0.0
199.0	26.361817550073415	23.755029758235356	23.58578329727973	26.2973693944115	0.0
200.0	26.258213660245183	23.66122591943958	23.83859894921191	26.241961471103327	0.0
201.0	26.158458844133097	23.748091068301225	23.665429071803853	26.42802101576182	0.0
202.0	26.192364273204905	23.692049036777583	23.850367775831874	26.26521891418564	0.0
203.0	26.332189141856393	23.640490367775833	23.752574430823117	26.274746059544658	0.0
204.0	26.33527145359019	23.635166374781086	23.732959719789843	26.29660245183888	0.0
205.0	26.284833625218912	23.73772329246935	23.766024518388793	26.211418563922944	0.0
206.0	26.267180385288967	23.77106830122592	23.776392294220667	26.18535901926445	0.0
207.0	26.248406304728544	23.750052539404553	23.694570928196146	26.30697022767075	0.0
208.0	26.315096322241683	23.92126094570928	23.683642732049037	26.08	0.0
209.0	26.16854640980735	23.706059544658494	23.767145359019263	26.358248686514884	0.0
210.0	26.313134851138354	23.711943957968476	23.711943957968476	26.262977232924694	0.0
211.0	26.30248686514886	23.733800350262698	23.78059544658494	26.183117338003502	0.0
212.0	26.175344799565114	23.847072075858705	23.79439241861273	26.18319070596345	0.0
213.0	26.411282413400812	23.641397243845166	23.713411456144186	26.233908886609843	0.0
214.0	26.24259542583657	23.699120698061503	23.718735464057342	26.33954841204459	0.0
215.0	26.30627702291852	23.834529370392268	23.637260313893176	26.221933292796034	0.0
216.0	26.29198622479145	23.84685868642346	23.747663734717953	26.11349135406713	0.0
217.0	26.17577170526127	23.705978614180996	23.77771301755251	26.34053666300522	0.0
218.0	26.254304776796094	23.70688568138067	23.8178501475323	26.220959394290933	0.0
219.0	26.275881200770023	23.73939042399074	23.72285783938734	26.261870535851887	0.0
220.0	26.192097424559574	23.695116722849434	23.688952030285453	26.423833822305536	0.0
221.0	26.23784571412559	23.703029114243282	23.786532911144114	26.27259226048701	0.0
222.0	26.255779415473423	23.710594894499398	23.759352145038807	26.274273544988368	0.0
223.0	26.260262840810377	23.840894443354724	23.562361644296242	26.336481071538653	0.0
224.0	26.376551685487716	23.7405778014403	23.58477877098103	26.298091742090957	0.0
225.0	26.272665880196932	23.666387385847468	23.840681034217038	26.220265699738558	0.0
226.0	26.170667667967795	23.749050772132072	23.65714029517834	26.42314126472179	0.0
227.0	26.205134096825443	23.68768371587333	23.843483182904652	26.263699004396575	0.0
228.0	26.33291207698063	23.64060761792142	23.75073206134464	26.27574824375331	0.0
229.0	26.317780474067515	23.636684609758763	23.739243251725423	26.3062916644483	0.0
230.0	26.252770624514877	23.745968408575695	23.779594192827062	26.221666774082365	0.0
231.0	26.24716632713965	23.77314925084555	23.790522572708753	26.189161849306046	0.0
232.0	26.230073220145204	23.74484754910065	23.707298756686626	26.317780474067515	0.0
233.0	26.293121565616516	23.91689947852013	23.6930077983798	26.096971157483555	0.0
234.0	26.166464444936377	23.703936178261493	23.760819796620048	26.368779580182082	0.0
235.0	26.302929086023163	23.71010090537424	23.709540475636718	26.27742953296588	0.0
236.0	26.295083069697846	23.73251809487515	23.77539096979564	26.197007865631367	0.0
237.0	26.18531221628165	23.83346223253416	23.79002880616923	26.19119674501496	0.0
238.0	26.40360021072217	23.633108039947544	23.707645403902845	26.25564634542744	0.0
239.0	26.232108230494187	23.69139289597274	23.72557920575675	26.350919667776317	0.0
240.0	26.30801693675618	23.83812003127303	23.63383652275281	26.22002650921798	0.0
241.0	26.294875423498453	23.839495136598394	23.757667809073304	26.107961630829845	0.0
242.0	26.185478605197304	23.69331827518853	23.78495624076965	26.33624687884452	0.0
243.0	26.24912073222338	23.708422194260027	23.827806440583917	26.214650632932678	0.0
244.0	26.279149933159392	23.750136623890544	23.71986917737004	26.250844265580024	0.0
245.0	26.208419630670747	23.709603737573882	23.669526273160148	26.412450358595212	0.0
246.0	26.24238704234668	23.70758394923667	23.776811764804805	26.27321724361184	0.0
247.0	26.268141329999832	23.710276863743125	23.756803874634933	26.264777931622113	0.0
248.0	26.260955845873983	23.839247925151284	23.561760559235143	26.338035669739586	0.0
249.0	26.37026905062883	23.741146331140527	23.592872779049983	26.295711839180658	0.0
