# Position (bp)	A	C	G	T	N
0.0	26.16199342215285	23.63844138469257	23.844138469256926	26.35542672389765	0.0
1.0	26.277384469591393	23.741289926974748	23.748536707731756	26.232788895702104	0.0
2.0	26.334903425402047	23.729200925332368	23.66286685805067	26.273028791214912	0.0
3.0	26.306430844867084	23.852152440621847	23.705832185996734	26.135584528514332	0.0
4.0	26.202944758602815	23.87885409147536	23.655056896883284	26.26314425303854	0.0
5.0	26.314000022294803	23.77267102901669	23.70940952211087	26.203919426577638	0.0
6.0	26.34593037027542	23.757040026083974	23.610178324104545	26.286851279536062	0.0
7.0	26.36392516176495	23.7263622531726	23.746704788019642	26.16300779704281	0.0
8.0	26.402244817775745	23.554424849040462	23.705732700608298	26.337597632575495	0.0
9.0	26.238913517775984	23.724166371770185	23.73586935017819	26.301050760275636	0.0
10.0	26.26264314971161	23.691939034244474	23.754353701691326	26.291064114352587	0.0
11.0	26.217503970575944	23.819554738220624	23.672434450667335	26.2905068405361	0.0
12.0	26.35877288305609	23.76717099947059	23.6989049569506	26.175151160522724	0.0
13.0	26.25400540555602	23.683301290088885	23.721753183426678	26.34094012092842	0.0
14.0	26.333138287497558	23.69779040931762	23.732620022848227	26.236451280336592	0.0
15.0	26.101312379837832	23.723425004876145	23.787511493772463	26.387751121513553	0.0
16.0	26.327565549332665	23.706149516564963	23.717294992894757	26.24898994120761	0.0
17.0	26.31112597174622	23.747387778985203	23.776366017442673	26.165120231825906	0.0
18.0	26.101591016746077	23.803115160634178	23.665747164869458	26.429546657750286	0.0
19.0	26.27518181058263	23.664353980328233	23.74766641589345	26.312797793195685	0.0
20.0	26.291900025077318	23.727604558499817	23.719245451252473	26.261249965170386	0.0
21.0	26.376048371367272	23.68302265318064	23.622001170275013	26.318927805177072	0.0
22.0	26.309938114915116	23.63363806838288	23.69382347286502	26.362600343836988	0.0
23.0	26.17535686322588	23.735618892644283	23.74927206310551	26.339752181024323	0.0
24.0	26.191239122742004	23.75540205800647	23.753730241215298	26.299628578036227	0.0
25.0	26.168112323797477	23.6436689691299	23.83787835303755	26.35034035403507	0.0
26.0	26.28402495465197	23.73812661783104	23.749829335369235	26.228019092147754	0.0
27.0	26.341981270079216	23.727817080952153	23.641997152338732	26.288204496629895	0.0
28.0	26.313839020761176	23.825339727103774	23.71026300464486	26.150558247490185	0.0
29.0	26.19291093953317	23.863791513300693	23.663173498360226	26.280124048805902	0.0
30.0	26.31049538717884	23.762367961303013	23.71026300464486	26.216873646873285	0.0
31.0	26.3450462675297	23.743420704336415	23.615805355943724	26.29572767219016	0.0
32.0	26.369844883265394	23.703575737480183	23.758188419325087	26.16839095992934	0.0
33.0	26.4085017219665	23.553603869687816	23.69849425453897	26.339400153806714	0.0
34.0	26.233240083367697	23.726915060798234	23.739175016439486	26.30066983939458	0.0
35.0	26.260824983560514	23.69570790098414	23.748369983170427	26.295097132284923	0.0
36.0	26.21652196203872	23.82360152915083	23.66868027150229	26.291196237308164	0.0
37.0	26.36670641864405	23.770660811609062	23.689577923163515	26.173054846583373	0.0
38.0	26.26333270175986	23.672023895768085	23.724964613309854	26.339678789162203	0.0
39.0	26.329090645653846	23.705460138426044	23.736110027529172	26.229339188390938	0.0
40.0	26.117049140131293	23.727750966864683	23.782642131894832	26.372557761109196	0.0
41.0	26.322682032477733	23.712147386957636	23.72273553046599	26.24243505009864	0.0
42.0	26.317109325368076	23.753942690280084	23.769824905542613	26.159123078809227	0.0
43.0	26.101445560224246	23.81886472810762	23.659763940126837	26.419925771541298	0.0
44.0	26.271970397779832	23.67313843719002	23.74530499426011	26.30958617077004	0.0
45.0	26.297047579773302	23.718834635489227	23.712147386957636	26.271970397779832	0.0
46.0	26.39401268348138	23.672302531123567	23.610445482206348	26.323239303188707	0.0
47.0	26.309791497744456	23.62403278971727	23.69787095318103	26.368304759357247	0.0
48.0	26.169081035294646	23.742173851259288	23.74022340920553	26.34852170424054	0.0
49.0	26.169638304452857	23.75917056058491	23.761399637217778	26.309791497744456	0.0
50.0	26.167409227819995	23.64827399809971	23.830222378257588	26.35409439582271	0.0
51.0	26.284714385624685	23.732421640990488	23.753876503581846	26.228987469802977	0.0
52.0	26.338490859392632	23.72322669987991	23.65384668968188	26.284435751045578	0.0
53.0	26.298367480001	23.830501012836695	23.7098522400827	26.1612792670796	0.0
54.0	26.174653726876812	23.869231219332782	23.666942514899983	26.28917253889042	0.0
55.0	26.303661537004064	23.76307144469243	23.700657298972118	26.23260971933139	0.0
56.0	26.336261782759763	23.743288389575724	23.62431142429638	26.296138403368136	0.0
57.0	26.360781625721312	23.69285553075708	23.759449195164017	26.18691364835759	0.0
58.0	26.430366626357642	23.548735838436976	23.685823669384277	26.33507386582111	0.0
59.0	26.25900683767352	23.699755359521195	23.732076880638854	26.309160922166434	0.0
60.0	26.26235044330638	23.692232246847258	23.739878627115527	26.305538682730834	0.0
61.0	26.2197194714874	23.817896091882282	23.659353458124126	26.303030978506186	0.0
62.0	26.362101344686735	23.760218894715432	23.689167275017137	26.188512485580702	0.0
63.0	26.27739666865426	23.66576203558711	23.710622077827995	26.346219217930646	0.0
64.0	26.349005555958026	23.691953613044518	23.735977753877187	26.223063077120262	0.0
65.0	26.11355999264407	23.722603331345745	23.78111642992081	26.382720246089374	0.0
66.0	26.322256710895136	23.70644257078692	23.726225570781345	26.2450751475366	0.0
67.0	26.316962668643107	23.746844472183987	23.776936922879734	26.159255936293167	0.0
68.0	26.119132668698835	23.8223542327261	23.656288486294002	26.40222461228106	0.0
69.0	26.28659158414462	23.687774106003445	23.740435894721003	26.285198415130928	0.0
70.0	26.296343767240465	23.733470049652546	23.710622077827995	26.259564105278997	0.0
71.0	26.39693057002903	23.67049881023366	23.618672922924315	26.313897696812987	0.0
72.0	26.303514955627687	23.62891653547695	23.708048314966774	26.35952019392859	0.0
73.0	26.178130093760014	23.738140681815015	23.746221039579822	26.33750818484515	0.0
74.0	26.189275414814915	23.746221039579822	23.757366360634727	26.307137184970536	0.0
75.0	26.181473690076484	23.63086696666156	23.838448571309158	26.349210771952798	0.0
76.0	26.292369634572786	23.75485866339737	23.719193636021675	26.23357806600816	0.0
77.0	26.34698170774182	23.72894579194472	23.63198149876705	26.292091001546414	0.0
78.0	26.29710639602112	23.81532203012023	23.721144067206286	26.16642750665236	0.0
79.0	26.182030956129232	23.85767425012887	23.66708926009	26.293205533651903	0.0
80.0	26.305465386812298	23.76182448905669	23.705261984703046	26.227448139427967	0.0
81.0	26.328313294974855	23.745663773527077	23.63643962718901	26.289583304309062	0.0
82.0	26.36369968932418	23.688822636147062	23.761267223003944	26.186210451524822	0.0
83.0	26.417123623556687	23.5525054611921	23.692378850697697	26.337992064553518	0.0
84.0	26.255795550800233	23.68569167669743	23.743089920199722	26.315422852302618	0.0
85.0	26.26276135705051	23.70045918594802	23.74392581694976	26.292853640051717	0.0
86.0	26.21372208104855	23.81079755695243	23.67148143194686	26.30399893005216	0.0
87.0	26.3650193928046	23.75897195845036	23.688477999197538	26.1875306495475	0.0
88.0	26.275021176051	23.665908786946634	23.70770362444831	26.351366412554057	0.0
89.0	26.344679238553788	23.701852347198074	23.73528821719941	26.218180197048728	0.0
90.0	26.11898711604476	23.71578395969863	23.774575364450985	26.390653559805628	0.0
91.0	26.320438232802818	23.70770362444831	23.731665997949268	26.240192144799607	0.0
92.0	26.315422852302618	23.7425326556997	23.786835183451473	26.15520930854621	0.0
93.0	26.09892559404396	23.826400962953056	23.66730194819669	26.40737149480629	0.0
94.0	26.283937408051354	23.674825018946994	23.748662565199947	26.292575007801705	0.0
95.0	26.30399893005216	23.72804377869912	23.70296687619812	26.264990415050598	0.0
96.0	26.393161250055723	23.660893406446434	23.622720788194908	26.323224555302925	0.0
97.0	26.295845326096345	23.609837920071776	23.711259776481832	26.38305697735005	0.0
98.0	26.177148318319745	23.72379819279626	23.750546814267047	26.34850667461695	0.0
99.0	26.193587575265326	23.75305449752993	23.746367342162237	26.306990585042506	0.0
100.0	26.185228631055708	23.6290634917539	23.82466278625901	26.361045090931377	0.0
101.0	26.284700067150187	23.743023764478387	23.731321242584922	26.240954925786507	0.0
102.0	26.364667300088882	23.727420401953765	23.620425916070626	26.287486381886726	0.0
103.0	26.294730800201727	23.820761945627854	23.72769903342742	26.156808220743	0.0
104.0	26.182442316319165	23.854476353939987	23.67559494785412	26.287486381886726	0.0
105.0	26.30392563883231	23.763085230581478	23.71042388206087	26.222565248525342	0.0
106.0	26.335689626828866	23.744974184793964	23.642437802489294	26.276898385887876	0.0
107.0	26.375255296087737	23.68674020680028	23.761413441739553	26.176591055372434	0.0
108.0	26.424220809254994	23.528969233598403	23.693918606400704	26.352891350745892	0.0
109.0	26.25481334529588	23.691689560822297	23.741007194244602	26.31248989963722	0.0
110.0	26.269580772252844	23.685002424087067	23.755217359806966	26.29019944385313	0.0
111.0	26.228900690446867	23.81595885181862	23.670234997130105	26.284905460604406	0.0
112.0	26.366544254913656	23.75382420632046	23.69057503803309	26.1890565007328	0.0
113.0	26.283790937815198	23.66243333760567	23.701163004530535	26.35261272004859	0.0
114.0	26.338681185183532	23.695869021281812	23.743793501217617	26.221656292317036	0.0
115.0	26.12079197989401	23.71425864730369	23.783916321628986	26.381033051173315	0.0
116.0	26.31722662149134	23.703949311503546	23.74212171703381	26.236702349971303	0.0
117.0	26.313883053123728	23.744908024006822	23.774442877920745	26.1667660449487	0.0
118.0	26.102959615266734	23.809828976477995	23.683609270600563	26.40360213765471	0.0
119.0	26.28797039827472	23.676922133865332	23.743236239823016	26.291871228036932	0.0
120.0	26.309146331269606	23.724289352406533	23.705342464990053	26.261221851333804	0.0
121.0	26.396636370222183	23.661040184119166	23.6223105171943	26.320012928464354	0.0
122.0	26.299467535253847	23.615967812492165	23.706801672903367	26.37776297935062	0.0
123.0	26.19107989200244	23.715717880060296	23.74887502542512	26.34432720251214	0.0
124.0	26.18606452547667	23.756955338161088	23.750546814267047	26.306433322095195	0.0
125.0	26.19024399758148	23.627391702911975	23.829399521311128	26.352964778195414	0.0
126.0	26.29445216872808	23.730485348163956	23.744138290373005	26.23092419273496	0.0
127.0	26.367453614825425	23.727977664901072	23.612624234808315	26.29194448546519	0.0
128.0	26.308662373884427	23.829956784258435	23.72156914100703	26.139811700850103	0.0
129.0	26.19107989200244	23.847231935624986	23.684789786484703	26.276898385887876	0.0
130.0	26.317578581041357	23.764478387949747	23.69231283627336	26.225630194735537	0.0
131.0	26.327330682619248	23.744974184793964	23.646617274594103	26.281077857992685	0.0
132.0	26.36327414272061	23.70206493785125	23.770051017422826	26.16460990200531	0.0
133.0	26.432727029557306	23.529936248941198	23.69767286344791	26.339663858053587	0.0
134.0	26.251616067050065	23.685134412197407	23.7425326556997	26.32071686505283	0.0
135.0	26.258860505550352	23.694886540947795	23.755071106950204	26.29118184655165	0.0
136.0	26.231833177299276	23.811354821452454	23.66730194819669	26.28951005305158	0.0
137.0	26.36641255405466	23.757021532700282	23.694886540947795	26.181679372297268	0.0
138.0	26.280593821051223	23.665908786946634	23.70296687619812	26.35053051580402	0.0
139.0	26.339385225803575	23.699066024697963	23.740303597699615	26.22124515179885	0.0
140.0	26.123723864294952	23.700180553698008	23.787113815701485	26.38898176630556	0.0
141.0	26.325174981053006	23.70045918594802	23.743647184699746	26.230718648299227	0.0
142.0	26.329354464803174	23.747548036199902	23.76621639695065	26.156881102046274	0.0
143.0	26.11174267754447	23.81191208595248	23.678447238197137	26.397897998305915	0.0
144.0	26.282544246801304	23.691821586197673	23.746433507199857	26.279200659801166	0.0
145.0	26.314865587802593	23.719127546698765	23.71466943069859	26.251337434800053	0.0
146.0	26.412944139806516	23.667580580446703	23.61296865944452	26.30650662030226	0.0
147.0	26.309366249181515	23.619164379553908	23.701918388386574	26.369550982878	0.0
148.0	26.195405341395116	23.70972011312501	23.75875952576659	26.336115019713287	0.0
149.0	26.197634405606095	23.754022764318254	23.748450103790802	26.299892726284845	0.0
150.0	26.18286685520835	23.62000027863303	23.831761378676212	26.36537148748241	0.0
151.0	26.297385029047494	23.732010755234818	23.74594240655345	26.22466180916424	0.0
152.0	26.365650120508782	23.722537232338148	23.618885746527535	26.29292690062553	0.0
153.0	26.311038047339753	23.81420749801474	23.735632984577663	26.13912147006785	0.0
154.0	26.193176277184133	23.835383608019058	23.67684141601304	26.294598698783766	0.0
155.0	26.312709845497988	23.75875952576659	23.701082489307456	26.227448139427967	0.0
156.0	26.33890134997701	23.729781691023838	23.648142214296662	26.283174744702492	0.0
157.0	26.35366890037476	23.702754287465694	23.779657002744536	26.16391980941501	0.0
158.0	26.423958048894658	23.535082782102794	23.69724765529655	26.343711513705998	0.0
159.0	26.257892302462565	23.68498776797606	23.752417148238756	26.304702781322618	0.0
160.0	26.27154535879675	23.687774106003445	23.749073542605895	26.291606992593913	0.0
161.0	26.236158865848967	23.80284986653441	23.669662908825448	26.291328358791176	0.0
162.0	26.35374233060458	23.771921514430446	23.704492134167747	26.16984402079723	0.0
163.0	26.30665321794179	23.656567120096742	23.70282033135132	26.333959330610153	0.0
164.0	26.356807302434703	23.687774106003445	23.741829063734695	26.213589527827157	0.0
165.0	26.13807976728505	23.698083556704766	23.780837796118075	26.38299887989211	0.0
166.0	26.328108020752644	23.696411753888334	23.744615401762083	26.23086482359694	0.0
167.0	26.326714851738952	23.756875289082572	23.770249711614014	26.146160147564462	0.0
168.0	26.12359080954265	23.808422542589177	23.677186021499384	26.390800626368787	0.0
169.0	26.277118034851515	23.69000317642535	23.74489403556482	26.287984753158316	0.0
170.0	26.324207147514304	23.713965683460856	23.717866556699192	26.243960612325644	0.0
171.0	26.418385372839893	23.660189359532342	23.616722486305147	26.304702781322618	0.0
172.0	26.311184670639996	23.60842925328719	23.71375312419022	26.366632951882597	0.0
173.0	26.18273412967096	23.709016336345375	23.762514175534214	26.345735358449456	0.0
174.0	26.18635637919937	23.762514175534214	23.75136879236987	26.29976065289655	0.0
175.0	26.186077744620263	23.62236098224262	23.836630973577083	26.354930299560035	0.0
176.0	26.29864611458011	23.73994477462642	23.746353369945915	26.215055740847546	0.0
177.0	26.359388452825772	23.71932581577239	23.62403278971727	26.29725294168457	0.0
178.0	26.305333344478715	23.804587996979603	23.749139715737	26.14093894280468	0.0
179.0	26.192207705360648	23.842482299738364	23.685889666279365	26.279420328621622	0.0
180.0	26.308119690269805	23.751090157790763	23.708459067187157	26.232331084752282	0.0
181.0	26.32233005380434	23.725734411091885	23.654961227998317	26.296974307105458	0.0
182.0	26.367190221040808	23.693134165336186	23.781182692334486	26.158492921288516	0.0
183.0	26.42104031296323	23.532148947315626	23.7012806080938	26.345530131627342	0.0
184.0	26.242992320809606	23.693478818140274	23.751434972080737	26.312093888969386	0.0
185.0	26.2741994806237	23.698772889894453	23.73666729824014	26.290360331241715	0.0
186.0	26.231289635879318	23.806326137110887	23.67313843719002	26.289245789819777	0.0
187.0	26.34803784982669	23.767038551987785	23.70796785662539	26.176955741560135	0.0
188.0	26.288849383926934	23.651521653115473	23.709200135976328	26.350428826981272	0.0
189.0	26.354403221087537	23.68753221784137	23.739080764033048	26.21898379703805	0.0
190.0	26.119509034927624	23.695612800757903	23.80149630104351	26.383381863270966	0.0
191.0	26.31853189331372	23.69344969405156	23.744441100745643	26.243577311889076	0.0
192.0	26.322432875246598	23.752800347744678	23.76979748330937	26.15496929369936	0.0
193.0	26.131006118968802	23.79933348937261	23.67087972715418	26.398780664504407	0.0
194.0	26.27645701675193	23.68536908861916	23.744441100745643	26.29373279388326	0.0
195.0	26.31630276078064	23.72242841698153	23.72242841698153	26.23884040525629	0.0
196.0	26.410762251869684	23.649981609656603	23.623510660826337	26.315745477647372	0.0
197.0	26.299378906217346	23.614102646266332	23.711627466333038	26.37489098118328	0.0
198.0	26.19433074288835	23.73614799252124	23.74478590515572	26.32473535943469	0.0
199.0	26.19182296180092	23.765126796198206	23.757603452935918	26.28544678906496	0.0
200.0	26.18597147259692	23.622740558900812	23.85039135317081	26.34089661533146	0.0
201.0	26.310245957596205	23.734754780806	23.747015043900102	26.20798421769769	0.0
202.0	26.373497769468045	23.70772647353037	23.622183274214716	26.296592482786867	0.0
203.0	26.321670293661164	23.794662884561262	23.747850970929242	26.135815850848328	0.0
204.0	26.203525940208927	23.847326287397287	23.672338895963307	26.27680887643048	0.0
205.0	26.328079067551265	23.750358752016673	23.70048177261113	26.221080407820935	0.0
206.0	26.34362460989746	23.73551047703968	23.643557735176106	26.27730717788676	0.0
207.0	26.37343958983504	23.69009139545252	23.789846188140885	26.14662282657156	0.0
208.0	26.4189322863695	23.534951891863273	23.69656625213512	26.349549569632103	0.0
209.0	26.25174501712276	23.692665215852696	23.749508887396587	26.306080879627952	0.0
210.0	26.270414262188645	23.69963135207131	23.756753669063947	26.273200716676094	0.0
211.0	26.231125253915664	23.820006185928964	23.676782425274258	26.272086134881118	0.0
212.0	26.34314072431098	23.779881241309745	23.70743342463616	26.169544609743117	0.0
213.0	26.292925690210545	23.662212017521373	23.71404050424102	26.330821788027066	0.0
214.0	26.33479623824451	23.71438523162661	23.735283873214907	26.21553465691397	0.0
215.0	26.12330198537095	23.71215604319053	23.80828979449669	26.35625217694183	0.0
216.0	26.326788789380117	23.698011001075585	23.755134113922992	26.220066095621302	0.0
217.0	26.31480686814871	23.75680600990877	23.77854065772388	26.14984646421864	0.0
218.0	26.112507453869604	23.80863478546788	23.675440405267587	26.403417355394932	0.0
219.0	26.25824105396323	23.69438855977307	23.754576815261068	26.292793571002637	0.0
220.0	26.305332790895967	23.72559728484092	23.71807375290492	26.250996171358192	0.0
221.0	26.390336333491238	23.66260762950372	23.620252459107753	26.32680357789729	0.0
222.0	26.297618350986014	23.580470868199814	23.739024546561556	26.382886234252613	0.0
223.0	26.191464756942022	23.71560336059521	23.76464687277946	26.328285009683306	0.0
224.0	26.1931366948574	23.767990748610202	23.75182868209494	26.28704387443746	0.0
225.0	26.17223747091525	23.62921990163432	23.83654020314046	26.362002424309978	0.0
226.0	26.307385785741154	23.73873183509119	23.73315870870662	26.220723670461037	0.0
227.0	26.372870020759898	23.71393142267984	23.626154682122806	26.28704387443746	0.0
228.0	26.306271160464238	23.819542167667507	23.750992713137254	26.123193958731	0.0
229.0	26.18812088111128	23.841834673205803	23.693032198737686	26.27701224694523	0.0
230.0	26.306271160464238	23.750435400498795	23.697490699845343	26.24580273919162	0.0
231.0	26.32919434660484	23.7413058986134	23.650463685407285	26.279036069374474	0.0
232.0	26.382417851888178	23.693098221053102	23.781711177493424	26.142772749565296	0.0
233.0	26.42248670097893	23.528329910466727	23.690788355379937	26.358395033174403	0.0
234.0	26.252783111009553	23.694968246758492	23.744290965025456	26.307957677206495	0.0
235.0	26.273828996904076	23.705410760215013	23.737178111737478	26.28358213114343	0.0
236.0	26.225899308642113	23.818825778369778	23.684232525866705	26.2710423871214	0.0
237.0	26.335970395057668	23.785943782934243	23.707082726084618	26.171003095923467	0.0
238.0	26.290489778629865	23.670218694963996	23.697806362440645	26.34148516396549	0.0
239.0	26.330969333017514	23.717378885622324	23.727968120828745	26.22368366053141	0.0
240.0	26.124649918488487	23.705220917109056	23.796625283896947	26.37350388050551	0.0
241.0	26.322756483499333	23.690898855738308	23.756667428393072	26.229677232369287	0.0
242.0	26.313486578079015	23.74977704450192	23.7999420315705	26.136794345848568	0.0
243.0	26.11271829345106	23.809523809523807	23.679927314481922	26.397830582543214	0.0
244.0	26.255647312283482	23.683176374516094	23.77988790381244	26.281288409387987	0.0
245.0	26.306092870282626	23.72177936339818	23.74045375996432	26.231674006354872	0.0
246.0	26.38674809279457	23.66412000969978	23.639034370113528	26.310097527392124	0.0
247.0	26.288942839701978	23.602210930335627	23.748268355432415	26.360577874529984	0.0
248.0	26.19788269529878	23.715150602913386	23.77452210124931	26.312444600538527	0.0
249.0	26.192586646151444	23.77842445325261	23.762257566381795	26.26673133421415	0.0
