# Position (bp)	A	C	G	T	N
0.0	26.34978041849651	23.763749337176577	23.731389957715265	26.15508028661165	0.0
1.0	26.283973949339895	23.663136140532163	23.768644033229545	26.284245876898392	0.0
2.0	26.157205358915164	23.739874538083157	23.827975233915506	26.274944869086177	0.0
3.0	26.248416198550245	23.719499926587744	23.8312496941156	26.200834180746412	0.0
4.0	26.226637737429105	23.763574174673867	23.774177936562317	26.235610151334715	0.0
5.0	26.125469682057194	23.904709599186518	23.75245376588491	26.21736695287138	0.0
6.0	26.171522408186792	23.731960893064937	23.78361771774711	26.312898981001165	0.0
7.0	26.2710597216596	23.69318938728682	23.80384043412185	26.23191045693173	0.0
8.0	26.298089601418052	23.8110643804594	23.697696483964016	26.193149534158533	0.0
9.0	26.295757608710428	23.6478312286759	23.72857395299523	26.327837209618444	0.0
10.0	26.307962908088506	23.771282857088487	23.662812667360804	26.257941567462208	0.0
11.0	26.20601724105121	23.672327596284283	23.824838314172077	26.296816848492426	0.0
12.0	26.230212346028058	23.798196513186333	23.686192207001355	26.285398933784247	0.0
13.0	26.32019638813298	23.75388412991412	23.76910801619169	26.15681146576121	0.0
14.0	26.237824289166845	23.727514184040473	23.92406543008838	26.110596096704302	0.0
15.0	26.258757132798504	23.752796709465724	23.740835084533344	26.247611073202425	0.0
16.0	26.232930897149053	23.796565382513734	23.72996088004937	26.24054284028784	0.0
17.0	26.27941812131806	23.85447052139092	23.708484326193513	26.15762703109751	0.0
18.0	26.257397857238008	23.773185842873183	23.67531800251738	26.29409829737143	0.0
19.0	26.17964729517756	23.737572823188156	23.750078158344728	26.332701723289553	0.0
20.0	26.22504709889817	23.75904937704401	23.716368124444394	26.299535399613422	0.0
21.0	26.187531093428447	23.740291374309148	23.829459851077768	26.242717681184637	0.0
22.0	26.15164621863132	23.843596316906943	23.85447052139092	26.15028694307082	0.0
23.0	26.281864817326955	23.820488632378485	23.748175172560032	26.149471377734525	0.0
24.0	26.293010876923034	23.726970473816277	23.772098422424783	26.207920226835906	0.0
25.0	26.358799814051103	23.762855348613403	23.72289264713478	26.155452190200712	0.0
26.0	26.287030064456847	23.667162349154395	23.763127203725503	26.282680382663255	0.0
27.0	26.171219786702476	23.72968902493727	23.822119763051084	26.276971425309164	0.0
28.0	26.25032962432342	23.71881482045329	23.82347903861158	26.207376516611706	0.0
29.0	26.23592130338215	23.756874536147215	23.765302044622295	26.241902115848337	0.0
30.0	26.12038288073988	23.906938558026113	23.749806303232628	26.222872258001374	0.0
31.0	26.165510829348392	23.737572823188156	23.782157061572466	26.314759285890993	0.0
32.0	26.263650524816295	23.70005681771843	23.801730629643625	26.23456202782165	0.0
33.0	26.299263544501322	23.811517413679205	23.692988584803842	26.19623045701563	0.0
34.0	26.293826442259334	23.64378280951384	23.721261516462185	26.341129231764636	0.0
35.0	26.308234763200605	23.773185842873183	23.657647420230916	26.2609319736953	0.0
36.0	26.200308283697122	23.67858026386257	23.82266347327528	26.298447979165022	0.0
37.0	26.232387186924853	23.802002484755725	23.682929945656163	26.282680382663255	0.0
38.0	26.308506618312705	23.753068564577823	23.771011001976387	26.167413815133088	0.0
39.0	26.24081469539994	23.72425192269528	23.920531313631088	26.114402068273694	0.0
40.0	26.2620193941437	23.749806303232628	23.73566983740346	26.252504465220216	0.0
41.0	26.233474607373253	23.800371354083126	23.72316450224688	26.242989536296733	0.0
42.0	26.281592962214855	23.850936404933627	23.707668760857214	26.159801871994304	0.0
43.0	26.256310436789608	23.77835109000307	23.678036553638375	26.287301919568947	0.0
44.0	26.168773090693588	23.746272186775336	23.752796709465724	26.332158013065353	0.0
45.0	26.218794431319886	23.762583493501303	23.721533371574285	26.297088703604526	0.0
46.0	26.187802948540543	23.732951286282464	23.83435324309556	26.244892522081432	0.0
47.0	26.14729653683773	23.84903341914893	23.860995044081307	26.142674999932037	0.0
48.0	26.275884004860767	23.825925734620476	23.742194360093844	26.155995900424912	0.0
49.0	26.29002047068994	23.728329749376773	23.773729553097382	26.207920226835906	0.0
50.0	26.35064416068812	23.76829245085539	23.72479563291948	26.15626775553701	0.0
51.0	26.28431151333585	23.671512030947987	23.766933175294895	26.277243280421263	0.0
52.0	26.1622485680032	23.73866024363655	23.82402274883578	26.275068439524475	0.0
53.0	26.252776320332316	23.718271110229093	23.82402274883578	26.204929820602814	0.0
54.0	26.23537759315795	23.757146391259315	23.7647583343981	26.242717681184637	0.0
55.0	26.1130427927132	23.910744529595508	23.752252999241524	26.22395967844977	0.0
56.0	26.1611611475548	23.741922504981744	23.782428916684566	26.314487430778893	0.0
57.0	26.257669712350108	23.701959803503126	23.80444918076462	26.23592130338215	0.0
58.0	26.296544993380326	23.811789268791305	23.693532295028042	26.198133442800327	0.0
59.0	26.28322409288745	23.653841448661524	23.72370821247108	26.33922624597994	0.0
60.0	26.300894675173918	23.77943851045147	23.656831854894616	26.262834959479996	0.0
61.0	26.193240050782535	23.686464062113455	23.826197589732576	26.29409829737143	0.0
62.0	26.227765650019165	23.801458774531525	23.683201800768263	26.287573774681043	0.0
63.0	26.303341371182814	23.760680507716607	23.772098422424783	26.163879698675796	0.0
64.0	26.242717681184637	23.72425192269528	23.91971574829479	26.113314647825298	0.0
65.0	26.249242203875024	23.748447027672132	23.74001951919705	26.2622912492558	0.0
66.0	26.223415968225574	23.801730629643625	23.721533371574285	26.253320030556516	0.0
67.0	26.27996183154226	23.843596316906943	23.71038731197821	26.166054539572592	0.0
68.0	26.251960754996016	23.786778598478158	23.676677278077875	26.28458336844795	0.0
69.0	26.170947931590376	23.748175172560032	23.745456621439036	26.33542027441055	0.0
70.0	26.22368782333767	23.75932123215611	23.716368124444394	26.300622820061818	0.0
71.0	26.189434079213143	23.73376685161876	23.832722112422964	26.244076956745133	0.0
72.0	26.14729653683773	23.843868172019043	23.860451333857107	26.148383957286125	0.0
73.0	26.27180617817928	23.828916140853572	23.746000331663236	26.153277349303917	0.0
74.0	26.289204905353643	23.728057894264673	23.77862294511517	26.204114255266514	0.0
75.0	26.35064416068812	23.769923581527987	23.717999255116993	26.1614330026669	0.0
76.0	26.278058845757563	23.671783886060087	23.763942769061803	26.286214499120547	0.0
77.0	26.1622485680032	23.73974766408495	23.82402274883578	26.273981019076075	0.0
78.0	26.253320030556516	23.72044595112589	23.82320718349948	26.203026834818115	0.0
79.0	26.232659042036953	23.761496073052907	23.764214624173903	26.241630260736237	0.0
80.0	26.10162487800502	23.91944389318269	23.74409734587854	26.23483388293375	0.0
81.0	26.164967119124192	23.746000331663236	23.782700771796662	26.30633177741591	0.0
82.0	26.263106814592096	23.708212471081413	23.796565382513734	26.232115331812757	0.0
83.0	26.292195311586735	23.80934257278241	23.701959803503126	26.196502312127727	0.0
84.0	26.289204905353643	23.648404346419532	23.728601604488873	26.333789143737953	0.0
85.0	26.296544993380326	23.780797786011966	23.65057918731633	26.27207803329138	0.0
86.0	26.18535625253165	23.690541888794947	23.82320718349948	26.300894675173918	0.0
87.0	26.219338141544085	23.806624021661417	23.681570670095667	26.292467166698835	0.0
88.0	26.300622820061818	23.760408652604507	23.77454511843368	26.164423408899996	0.0
89.0	26.244620666969332	23.725883053367877	23.924609140312576	26.104887139350215	0.0
90.0	26.247882928314525	23.751709289017324	23.745184766326936	26.255223016341212	0.0
91.0	26.219881851768285	23.805536601213017	23.726970473816277	26.247611073202425	0.0
92.0	26.277243280421263	23.84903341914893	23.706309485296718	26.167413815133088	0.0
93.0	26.255223016341212	23.783244482020862	23.67613356785368	26.285398933784247	0.0
94.0	26.173666482711372	23.746544041887436	23.74926259300843	26.330526882392757	0.0
95.0	26.22803750513126	23.753068564577823	23.720989661350085	26.297904268940826	0.0
96.0	26.189162224101043	23.727514184040473	23.83353767775926	26.24978591409922	0.0
97.0	26.15083065329502	23.83408138798346	23.871869248565282	26.143218710156233	0.0
98.0	26.270990612842983	23.8147796750244	23.75388412991412	26.160345582218504	0.0
99.0	26.292467166698835	23.725611198255777	23.77508882865788	26.20683280638751	0.0
100.0	26.356081262930108	23.770739146864287	23.715280703995997	26.15789888620961	0.0
101.0	26.282680382663255	23.66770605937859	23.769651726415887	26.27996183154226	0.0
102.0	26.16986051114198	23.732951286282464	23.828916140853572	26.268272061721987	0.0
103.0	26.253048175444416	23.72289264713478	23.82021677726639	26.203842400154414	0.0
104.0	26.237280578942645	23.75904937704401	23.763399058837603	26.24027098517574	0.0
105.0	26.10570270468651	23.908569688698712	23.749534448120528	26.23619315849425	0.0
106.0	26.158714451545904	23.75932123215611	23.778079234890974	26.303885081407014	0.0
107.0	26.268000206609887	23.709028036417713	23.798196513186333	26.22477524378607	0.0
108.0	26.302797660958614	23.81015813811871	23.690270033682847	26.196774167239827	0.0
109.0	26.29002047068994	23.65003547709213	23.725883053367877	26.33406099885005	0.0
110.0	26.303885081407014	23.769651726415887	23.653297738437324	26.27316545373978	0.0
111.0	26.19541489167933	23.681842525207767	23.817498226145396	26.30524435696751	0.0
112.0	26.226950084682866	23.80363361542832	23.678036553638375	26.29137974625044	0.0
113.0	26.314487430778893	23.762311638389207	23.76802059574329	26.155180335088613	0.0
114.0	26.25141704477182	23.73050459027357	23.923521719864183	26.09455664509043	0.0
115.0	26.253048175444416	23.756602681035115	23.737300968076056	26.253048175444416	0.0
116.0	26.21743515575939	23.807711442109813	23.727514184040473	26.247339218090325	0.0
117.0	26.274796584412375	23.853383100942523	23.70386278928782	26.167957525357288	0.0
118.0	26.259572698134804	23.77916665533937	23.67912397408677	26.282136672439055	0.0
119.0	26.172579062262972	23.742194360093844	23.753068564577823	26.332158013065353	0.0
120.0	26.229940490915958	23.760952362828707	23.715552559108097	26.293554587147234	0.0
121.0	26.187802948540543	23.726698618704177	23.828644285741472	26.256854147013808	0.0
122.0	26.145393551053033	23.835712518656056	23.867519566771694	26.15137436351922	0.0
123.0	26.269903192394583	23.817498226145396	23.75959308726821	26.153005494191817	0.0
124.0	26.292739021810934	23.727242328928373	23.770739146864287	26.209279502396406	0.0
125.0	26.35472198736961	23.763399058837603	23.71854296534119	26.163335988451596	0.0
126.0	26.276155859972867	23.670152755387488	23.769923581527987	26.28376780311165	0.0
127.0	26.16714196002099	23.736213547627656	23.824838314172077	26.27180617817928	0.0
128.0	26.24978591409922	23.72343635735898	23.821576052826885	26.20520167571491	0.0
129.0	26.230756056252257	23.751437433905227	23.75959308726821	26.258213422574308	0.0
130.0	26.104071574013915	23.906394847801916	23.749806303232628	26.23972727495154	0.0
131.0	26.15762703109751	23.75877752193191	23.77454511843368	26.309050328536905	0.0
132.0	26.269087627058283	23.69951310749423	23.79982764385893	26.231571621588557	0.0
133.0	26.292195311586735	23.8142359648002	23.69461971547644	26.198949008136623	0.0
134.0	26.29056418091414	23.64323909928964	23.727242328928373	26.33895439086784	0.0
135.0	26.300079109837622	23.765302044622295	23.659278550903508	26.275340294636568	0.0
136.0	26.196502312127727	23.671512030947987	23.811789268791305	26.32019638813298	0.0
137.0	26.22042556199248	23.800643209195226	23.692173019467543	26.286758209344747	0.0
138.0	26.309050328536905	23.762039783277107	23.76747688551909	26.1614330026669	0.0
139.0	26.246866861315453	23.728394256229578	23.927936450976233	26.096802431478732	0.0
140.0	26.23932623062682	23.76515940311167	23.740964166582845	26.25455019967867	0.0
141.0	26.213499854556726	23.808384600955304	23.72628391071142	26.25183163377655	0.0
142.0	26.271405308271778	23.849706802667455	23.704807240084712	26.17408064897605	0.0
143.0	26.257812478761206	23.780655228753727	23.67653415470271	26.284998137782356	0.0
144.0	26.161575245826324	23.744226445665383	23.755100709273844	26.33909759923445	0.0
145.0	26.227092684067298	23.759994127897652	23.71676893005402	26.29614425798103	0.0
146.0	26.184954912584512	23.72628391071142	23.831492411123286	26.257268765580783	0.0
147.0	26.14009857519961	23.837201399517728	23.865202628309515	26.15749739697315	0.0
148.0	26.261074757843744	23.815724728891016	23.764071976750824	26.15912853651442	0.0
149.0	26.292066409127855	23.7328084688765	23.764615689931247	26.2105094320644	0.0
150.0	26.348068866711433	23.760809697668286	23.720031209136554	26.171090226483724	0.0
151.0	26.273580160993472	23.667562887225728	23.773586957408227	26.285269994372566	0.0
152.0	26.164021955138228	23.735798891368827	23.820618147514825	26.279561005978124	0.0
153.0	26.24612264538211	23.724652771170152	23.816812155251863	26.21241242819588	0.0
154.0	26.232801672461743	23.760265984487862	23.755644422454267	26.251287920596127	0.0
155.0	26.109922493686135	23.908155969562937	23.745313872026227	26.236607664724705	0.0
156.0	26.15885667992421	23.766518686062728	23.77603366672013	26.298590967292935	0.0
157.0	26.271133451681568	23.698554538509846	23.798054050527266	26.23225795928132	0.0
158.0	26.286629277323627	23.821433717285455	23.69964196487069	26.192295040520225	0.0
159.0	26.290707126176798	23.643367650696902	23.73498332159819	26.330941901528103	0.0
160.0	26.30130953319505	23.771683961276747	23.655873053846634	26.271133451681568	0.0
161.0	26.197732172324457	23.680340146965673	23.814093589349746	26.307834091360128	0.0
162.0	26.22383040498476	23.800500759839167	23.6903988408035	26.285269994372566	0.0
163.0	26.31381493634478	23.768149825604	23.757275561995534	26.16075967605569	0.0
164.0	26.24755328403654	23.726348412353197	23.934047411918225	26.092050891692043	0.0
165.0	26.238381465804334	23.763385611639876	23.746530411402812	26.251702511152974	0.0
166.0	26.207661504081948	23.814494928487733	23.726956630482356	26.25088693694796	0.0
167.0	26.277529027645247	23.85201134191861	23.707926565698582	26.162533064737563	0.0
168.0	26.25795524672479	23.77534736664682	23.68291562341133	26.283781763217064	0.0
169.0	26.16389235507926	23.747889701744512	23.755501727658025	26.332716215518204	0.0
170.0	26.22614785272905	23.764744901981576	23.71608230774877	26.29302493754061	0.0
171.0	26.186184716683115	23.71662602388545	23.838418438501627	26.25877082092981	0.0
172.0	26.13996884506537	23.830262696451438	23.878653432615902	26.151115025867295	0.0
173.0	26.2642079822966	23.82129138019623	23.764473043913235	26.15002759359394	0.0
174.0	26.29900581504408	23.727228488550697	23.770997637553386	26.202768058851834	0.0
175.0	26.353921144848698	23.75794845027308	23.721519469115567	26.16661093576266	0.0
176.0	26.278888317986947	23.663613700559214	23.77616294085184	26.281335040602006	0.0
177.0	26.1641642131476	23.734296798327527	23.820475805991208	26.281063182533664	0.0
178.0	26.25088693694796	23.71852903036383	23.816397934966112	26.214186097722102	0.0
179.0	26.24110004648773	23.755773585726363	23.751695714701267	26.25143065308464	0.0
180.0	26.11957948993989	23.90366437490315	23.74517112106112	26.23158501409584	0.0
181.0	26.168242084172693	23.760123314819797	23.772085069826744	26.29954953118076	0.0
182.0	26.263120550023245	23.704392410810165	23.797367870182335	26.235119168984255	0.0
183.0	26.280247608328644	23.824281818947966	23.70031453978507	26.19515603293832	0.0
184.0	26.287315918105474	23.64784593259551	23.73592794673757	26.328910202561445	0.0
185.0	26.30688969902593	23.771541353690065	23.654642384304005	26.266926562979997	0.0
186.0	26.201408768510138	23.67367244908778	23.816669793034453	26.308248989367634	0.0
187.0	26.227507143070746	23.80443617995917	23.68291562341133	26.285141053558757	0.0
188.0	26.318579595964536	23.76691976652829	23.753598721179646	26.16090191632752	0.0
189.0	26.23790907954045	23.731370875222243	23.9273810753647	26.10333896987261	0.0
190.0	26.236621112068658	23.7632429581581	23.748562542647967	26.251573387125276	0.0
191.0	26.21487234834995	23.805653047409585	23.725454481196834	26.25402012304363	0.0
192.0	26.27767190358773	23.846160119835687	23.713764520698028	26.162403455878554	0.0
193.0	26.261904049891665	23.774117340017455	23.67842277965512	26.285555830435765	0.0
194.0	26.1599567199602	23.75073741901984	23.753456014484676	26.335849846535286	0.0
195.0	26.22601858975579	23.761611800879194	23.717298694802317	26.2950709145627	0.0
196.0	26.18578337687617	23.71267708251209	23.837460614348203	26.264078926263533	0.0
197.0	26.13902353488094	23.824139496570492	23.881773720425077	26.15506324812349	0.0
198.0	26.25891359488034	23.82332391793104	23.76133994133271	26.156422545855907	0.0
199.0	26.290721161818958	23.73333840804487	23.770855025459646	26.205085404676527	0.0
200.0	26.351073981138384	23.759436924507323	23.724910762103868	26.164578332250425	0.0
201.0	26.2782156226807	23.668907695528183	23.77031130636668	26.28256537542444	0.0
202.0	26.15669440540239	23.737416301242124	23.82196462019862	26.28392467315686	0.0
203.0	26.247223634381534	23.721376587999575	23.815439991083007	26.215959786535887	0.0
204.0	26.23526181433624	23.754815312217094	23.750465559473355	26.25945731397331	0.0
205.0	26.126246136196198	23.907328517794564	23.74203791353235	26.224387432476888	0.0
206.0	26.167840646808234	23.761611800879194	23.770039446820196	26.300508105492376	0.0
207.0	26.263263347624083	23.69636550972306	23.797497261015067	26.24287388163779	0.0
208.0	26.282837234970923	23.823052058384555	23.68820972332854	26.205900983315978	0.0
209.0	26.27957492041312	23.655314718203986	23.727629357568706	26.33748100381419	0.0
210.0	26.30377042005019	23.77520477820339	23.650149386820793	26.270875414925634	0.0
211.0	26.19448288236366	23.678694639201602	23.814624412443557	26.31219806599119	0.0
212.0	26.223843713383914	23.807827923781456	23.681413234666444	26.286915128168182	0.0
213.0	26.31573224009548	23.76976758727371	23.748290683101484	26.16620948952933	0.0
214.0	26.236420578736176	23.726334562141822	23.92533629117324	26.11190856794876	0.0
215.0	26.23295771201762	23.765003330297553	23.749235390868186	26.252803566816645	0.0
216.0	26.22153954898256	23.811763426536356	23.720689983280547	26.246007041200535	0.0
217.0	26.27645547596069	23.84982396998654	23.70465018282654	26.169070371226226	0.0
218.0	26.25715334321095	23.77261543898759	23.680454551633204	26.289776666168258	0.0
219.0	26.159011513314397	23.751682140089986	23.75059469599141	26.338711650604214	0.0
220.0	26.225073742302936	23.756031916484293	23.712806013565864	26.306088327646908	0.0
221.0	26.17695434094091	23.715252762787664	23.83242486440931	26.27536803186211	0.0
222.0	26.141612407737163	23.819375535226392	23.877825655524894	26.16118640151155	0.0
223.0	26.2593282314081	23.81801623010317	23.766362635420773	26.15629290306795	0.0
224.0	26.295213886661138	23.725855342748787	23.767721940543993	26.21120883004608	0.0
225.0	26.354479590033574	23.754672611361073	23.710902986393357	26.179944812211996	0.0
226.0	26.287058055921815	23.666317778351704	23.765547052346843	26.28107711337964	0.0
227.0	26.15955523536368	23.734283034512757	23.823453450596055	26.282708279527505	0.0
228.0	26.24220098685552	23.726670925822717	23.809588538339202	26.22153954898256	0.0
229.0	26.23132654586975	23.755216333410363	23.752769584188563	26.260687536531325	0.0
230.0	26.130737966751393	23.902293147742874	23.745157475498523	26.221811410007206	0.0
231.0	26.16472059483192	23.758750526730736	23.76364402517433	26.312884853263014	0.0
232.0	26.267212201122785	23.703290877703317	23.787295934318376	26.24220098685552	0.0
233.0	26.28433944567537	23.82318158957141	23.686435494175377	26.20604347057784	0.0
234.0	26.281620835428924	23.653268449168785	23.72857395299523	26.336536762407057	0.0
235.0	26.29548574768578	23.77261543898759	23.65625892043987	26.275639892886755	0.0
236.0	26.19217855832099	23.678551524460694	23.815025758832086	26.314244158386234	0.0
237.0	26.223714437179712	23.811219704487065	23.6736580260171	26.29140783231612	0.0
238.0	26.317506490681964	23.772887300012233	23.737817227833133	26.17178898147267	0.0
239.0	26.22759179412452	23.734619420716953	23.917038664180037	26.120750120978485	0.0
240.0	26.224039541187377	23.770387065377264	23.753802821496443	26.251770571938916	0.0
241.0	26.20858221839171	23.81602307732044	23.725214582647965	26.250180121639882	0.0
242.0	26.274405313771926	23.850798941813327	23.71023303489134	26.16456270952341	0.0
243.0	26.26485910361404	23.77402199092956	23.675867619389432	26.285251286066973	0.0
244.0	26.156598627987854	23.758704228875335	23.748643894056517	26.336053249080294	0.0
245.0	26.227961410034695	23.768231800828794	23.705963607095857	26.29784318204066	0.0
246.0	26.173131568571467	23.72231512827834	23.835161996437844	26.269391306712347	0.0
247.0	26.14892205277699	23.827691604846958	23.869297539539236	26.154088802836817	0.0
248.0	26.258865633974416	23.824079714559222	23.769145418153336	26.147909233313026	0.0
249.0	26.29313158123749	23.726448960055695	23.773768601514227	26.20665085719259	0.0
