# Position (bp)	A	C	G	T	N
0.0	26.316057875098803	23.724880796221743	23.701932475273892	26.257128853405558	0.0
1.0	26.304158745718436	23.77502712718186	23.619488507424208	26.30132561967549	0.0
2.0	26.230562425458015	23.689123457104895	23.764479912971794	26.315834204465293	0.0
3.0	26.16654580066174	23.785579930199884	23.835437157231564	26.212437111906812	0.0
4.0	26.300478154459757	23.74342820884699	23.668645757795503	26.28744787889775	0.0
5.0	26.354536081306158	23.667557982755298	23.69021856127987	26.287687374658674	0.0
6.0	26.201671151394983	23.727800594816596	23.75074352074777	26.319784733040645	0.0
7.0	26.348629985668236	23.73945652604925	23.634659068378923	26.277254419903585	0.0
8.0	26.151249175099768	23.767606132442868	23.718890994213663	26.362253698243705	0.0
9.0	26.22428027245564	23.762266876247928	23.692028831584462	26.32142401971197	0.0
10.0	26.335941637425908	23.74236412604821	23.631914767079294	26.289779469446593	0.0
11.0	26.265990376745595	23.665899185223573	23.811748979759447	26.256361458271382	0.0
12.0	26.29827557398266	23.676377714151396	23.762471573450238	26.262875138415705	0.0
13.0	26.245599725859027	23.786260666151236	23.798155212501733	26.169984395488	0.0
14.0	26.267406394168276	23.76105555602756	23.66703199916172	26.304506050642445	0.0
15.0	26.349252201199086	23.645791737821543	23.698467585945178	26.306488475034197	0.0
16.0	26.257494272209524	23.742080922563673	23.627383511326723	26.37304129390008	0.0
17.0	26.33650804439498	23.655420656295757	23.64267649949165	26.365394799817615	0.0
18.0	26.198587947426105	23.651455807512257	23.851397467594442	26.298558777467196	0.0
19.0	26.20757623816213	23.748810548733516	23.70689655172414	26.336716661380215	0.0
20.0	26.35342561964747	23.675177851284605	23.66300013593729	26.308396393130636	0.0
21.0	26.249773437854003	23.78109565453804	23.803468666455206	26.16566224115275	0.0
22.0	26.45141374779102	23.775431600888123	23.594465086773305	26.178689564547557	0.0
23.0	26.192849698672344	23.68792197199692	23.799787031582763	26.31944129774797	0.0
24.0	26.339831890887673	23.76155466944583	23.66300013593729	26.23561330372921	0.0
25.0	26.315476460193032	23.698400471249265	23.72105668584893	26.26506638270878	0.0
26.0	26.299617109973266	23.76013865603335	23.62703339526032	26.313210838733063	0.0
27.0	26.250339843218995	23.679992296887036	23.755041007748424	26.314626852145544	0.0
28.0	26.147537269473016	23.788742126965428	23.832072137387286	26.231648466174274	0.0
29.0	26.283757759753502	23.755890615795913	23.67631066201459	26.284040962435995	0.0
30.0	26.35229280891749	23.682257918347002	23.682257918347002	26.283191354388507	0.0
31.0	26.202478589877202	23.728419955593818	23.746544927273554	26.322556527255426	0.0
32.0	26.322273324572933	23.73918165752866	23.644308758892567	26.294236259005842	0.0
33.0	26.148953282885497	23.76948434455571	23.721906293896417	26.359656078662375	0.0
34.0	26.215505913272008	23.767218723095745	23.69188680955186	26.325388554080387	0.0
35.0	26.33154444145509	23.753557723623285	23.628665694340214	26.28623214058141	0.0
36.0	26.26810722023194	23.66293312187593	23.811897310998145	26.257062346893985	0.0
37.0	26.29756021579983	23.668597159485138	23.769983432689994	26.263859192025034	0.0
38.0	26.246017473556027	23.78555953611532	23.795754803811896	26.172668186516756	0.0
39.0	26.27858568980898	23.752991319862364	23.67369479333343	26.294728196995226	0.0
40.0	26.356466206935615	23.649056229733365	23.693235723085202	26.30124184024582	0.0
41.0	26.257345548774442	23.735716005154277	23.634612933829878	26.372325512241403	0.0
42.0	26.332394047096475	23.6567026805058	23.65245465229889	26.35844862009884	0.0
43.0	26.19504113507314	23.65726908426672	23.858342419393665	26.28934736126648	0.0
44.0	26.21365822161051	23.745844024174044	23.712709497997768	26.327788256217683	0.0
45.0	26.351577146805777	23.66314930927257	23.670795738390172	26.31447780553148	0.0
46.0	26.245376742394633	23.775580137409165	23.80956426682073	26.169478853375473	0.0
47.0	26.445883105922867	23.781244158977756	23.591499436429856	26.18137329866952	0.0
48.0	26.197798961218442	23.68495579231166	23.794837810742383	26.322407435727513	0.0
49.0	26.336567489649	23.758021670546523	23.66314930927257	26.242261530531906	0.0
50.0	26.31447780553148	23.697416639762565	23.7206391281938	26.267466426512154	0.0
51.0	26.29833534406099	23.764818496428834	23.62689957123357	26.309946588276606	0.0
52.0	26.245943144551493	23.684672591233227	23.76991611584057	26.29946814837471	0.0
53.0	26.15560200053242	23.792289001036515	23.829388342310807	26.22272065612026	0.0
54.0	26.27766166533562	23.756888866232803	23.690903014958682	26.274546453472897	0.0
55.0	26.364321195335112	23.673627749174468	23.682406982605787	26.27964407288463	0.0
56.0	26.208560602198773	23.727152752997682	23.73989680152702	26.324389843276524	0.0
57.0	26.327221854060824	23.74839283387991	23.637944413292324	26.286440898766944	0.0
58.0	26.160133217787298	23.765951300742554	23.723754340056527	26.350161141413626	0.0
59.0	26.21252541729679	23.774730534173873	23.68948700956653	26.323257038962804	0.0
60.0	26.344422512156374	23.751723981682606	23.624567057577448	26.279286448583573	0.0
61.0	26.272772842226296	23.66223269433911	23.812895241385757	26.25209922204884	0.0
62.0	26.29911046793182	23.673843905671653	23.767866397437604	26.259179228958928	0.0
63.0	26.248700818732	23.78315921236339	23.8001512289476	26.16798873995701	0.0
64.0	26.27164004112068	23.75030798030059	23.68517191672779	26.292880061850944	0.0
65.0	26.3549009223833	23.653736686047004	23.703296734417613	26.28806565715208	0.0
66.0	26.25832962812972	23.74889197891857	23.62796546089429	26.364812932057426	0.0
67.0	26.324032092255322	23.656285488534635	23.66563109765595	26.35405132155409	0.0
68.0	26.19545916676815	23.663648695721125	23.85565848312268	26.285233654388048	0.0
69.0	26.213226548251527	23.750240719553226	23.710592793139774	26.32593993905547	0.0
70.0	26.351427891749836	23.6635816803924	23.674626459893293	26.310363967964474	0.0
71.0	26.248060083600482	23.783375058055892	23.802349422839473	26.166215435504153	0.0
72.0	26.44290132197515	23.774029475401292	23.59618020548954	26.186888997134023	0.0
73.0	26.187455396082786	23.684538441496652	23.810279008122162	26.317727154298403	0.0
74.0	26.338683915402655	23.76326789537479	23.65706809248162	26.24098009674094	0.0
75.0	26.316311156926492	23.700680811536415	23.71880557789685	26.264202453640245	0.0
76.0	26.28742481053955	23.772896677503766	23.634412134531075	26.3052663774256	0.0
77.0	26.25372407308812	23.67151126567509	23.771480680131855	26.30328398110493	0.0
78.0	26.156586653375168	23.788755848069147	23.831802168175177	26.222855330380508	0.0
79.0	26.27751282893619	23.76213509747726	23.6822728457016	26.278079227884955	0.0
80.0	26.37040225653341	23.6666968746106	23.679724050432164	26.283176818423826	0.0
81.0	26.203880965596927	23.72758476160268	23.755621509566478	26.31291276323391	0.0
82.0	26.327922335376147	23.743443932168063	23.635828131902986	26.292805600552803	0.0
83.0	26.165082637606623	23.756471107989626	23.73324875109032	26.345197503313432	0.0
84.0	26.20926175561018	23.77063108170871	23.698132016266978	26.32197514641413	0.0
85.0	26.335494139203476	23.742810293705343	23.62754843405294	26.294147133038244	0.0
86.0	26.264977669784685	23.67031143358	23.810494776400486	26.25421612023483	0.0
87.0	26.297545517106613	23.67399301632074	23.76773177687343	26.260729689699215	0.0
88.0	26.248552146787535	23.78104211447457	23.807662789676844	26.16274294906106	0.0
89.0	26.26412807376759	23.75385504192756	23.69664891010991	26.285367974194934	0.0
90.0	26.347388483442792	23.662665069426154	23.707127260987402	26.28281918614366	0.0
91.0	26.264411272439954	23.750456657859186	23.626698838035846	26.358433231665007	0.0
92.0	26.328697371066724	23.64907153315265	23.673709817648376	26.348521278132246	0.0
93.0	26.189646822935693	23.65700109597886	23.854390570617003	26.298961510468438	0.0
94.0	26.2122284840418	23.751522188553142	23.710741695222453	26.325507632182603	0.0
95.0	26.357792189402733	23.667978816799298	23.674492367817393	26.299736625980575	0.0
96.0	26.254424966724248	23.775310809662713	23.810993741327067	26.159270482285972	0.0
97.0	26.433406020786727	23.781257964940103	23.597745744951997	26.187590269321177	0.0
98.0	26.200334173487015	23.69488261448274	23.802497805216504	26.30228540681374	0.0
99.0	26.345614680977597	23.75831893744159	23.660615672170145	26.235450709410664	0.0
100.0	26.315595706720284	23.69091784429781	23.7387782843873	26.254708164594604	0.0
101.0	26.294639064314236	23.767381269292855	23.63144629152389	26.306533374869023	0.0
102.0	26.253008977372488	23.677324346520916	23.776726799014472	26.292939877092124	0.0
103.0	26.158420888674915	23.795417858457704	23.8296848007703	26.216476452097083	0.0
104.0	26.291523887740365	23.754920562997366	23.682705106057604	26.27085044320467	0.0
105.0	26.36119056384696	23.66854521254	23.69091784429781	26.27934637931523	0.0
106.0	26.20684772450511	23.726600775962165	23.757752541700885	26.308798957831836	0.0
107.0	26.3249412364419	23.747274220497864	23.641075019115856	26.286709523944378	0.0
108.0	26.158420888674915	23.752938177904902	23.733963920591318	26.354677012828866	0.0
109.0	26.21137889043074	23.758885333182295	23.705644133556117	26.324091642830844	0.0
110.0	26.340159326670648	23.739277450999825	23.633078550370847	26.287484671958676	0.0
111.0	26.26199693580772	23.671593351665624	23.81687344772607	26.24953626480059	0.0
112.0	26.3075916638111	23.667345395640467	23.777792252294606	26.24727068825384	0.0
113.0	26.245571505843774	23.776093069884542	23.821404600819573	26.156930823452118	0.0
114.0	26.259731359260968	23.755136486827087	23.698780270226642	26.2863518836853	0.0
115.0	26.351770406472752	23.666495804435435	23.704161014525177	26.277572774566636	0.0
116.0	26.267944074242944	23.74154302754658	23.628830594345686	26.361682303864793	0.0
117.0	26.33279620289371	23.640724871216136	23.680372460784284	26.346106465105873	0.0
118.0	26.199410383703707	23.649503980334796	23.851140292995687	26.29994534296581	0.0
119.0	26.208263713856873	23.75265498003455	23.723768797258646	26.315312508849935	0.0
120.0	26.36317294893942	23.65608450624451	23.673359576335987	26.307382968480077	0.0
121.0	26.253008977372488	23.76285010336722	23.815524907252698	26.16861601200759	0.0
122.0	26.438786780323415	23.78663872447679	23.58670102800827	26.187873467191526	0.0
123.0	26.194103820339272	23.687519469853587	23.80561298179038	26.312763728016762	0.0
124.0	26.33456996403387	23.762566905496872	23.664580442355074	26.238282688114182	0.0
125.0	26.30766616635043	23.69346662513098	23.737362295035542	26.26150491348305	0.0
126.0	26.287842315425785	23.762566905496872	23.633711874486703	26.31587890459064	0.0
127.0	26.254708164594604	23.677041148650563	23.779841975588344	26.288408711166493	0.0
128.0	26.15417292061964	23.790320296791368	23.838180736880858	26.217326045708134	0.0
129.0	26.289258304777547	23.769646852255672	23.680439523094787	26.260655319871994	0.0
130.0	26.369969697827873	23.65551811050381	23.690351448557106	26.28416074311121	0.0
131.0	26.214210869134263	23.714989663277734	23.757469343830532	26.313330123757467	0.0
132.0	26.320976466256973	23.748973407719973	23.63144629152389	26.29860383449916	0.0
133.0	26.155305712101047	23.75123899068279	23.74104386735012	26.352411429866045	0.0
134.0	26.21449406700462	23.75633655234913	23.70649372716717	26.322675653479088	0.0
135.0	26.34285730468496	23.745359081756625	23.635761195551517	26.276022418006907	0.0
136.0	26.26894245119779	23.665213857477436	23.824371511346353	26.24147217997842	0.0
137.0	26.30632467594992	23.67229382428655	23.774811743682545	26.246569756080984	0.0
138.0	26.250817736166454	23.77622773704437	23.81417635914123	26.15877816764795	0.0
139.0	26.268167246281592	23.753639113245807	23.697848816792597	26.280344823680007	0.0
140.0	26.35086149280107	23.666980074084982	23.70662800049843	26.27553043261552	0.0
141.0	26.264843234486996	23.748042378089362	23.637877470568412	26.34923691685523	0.0
142.0	26.331961699994622	23.646939879413324	23.67101190290762	26.35008651768444	0.0
143.0	26.19885757008499	23.650338282730164	23.850560878147416	26.30024326903743	0.0
144.0	26.20948443097662	23.74591127285085	23.728069554381843	26.316534741790687	0.0
145.0	26.37260871412186	23.655569872983957	23.666331544441455	26.305489868452725	0.0
146.0	26.246017473556027	23.767717817646307	23.814446127922288	26.171818580875378	0.0
147.0	26.443125982356523	23.771116240211835	23.5878846235539	26.197873153877744	0.0
148.0	26.194265712084825	23.685373147854456	23.809699125470114	26.3106620145906	0.0
149.0	26.331902215777784	23.763253885540802	23.661584122524808	26.243259776156602	0.0
150.0	26.30584756898817	23.70406452489918	23.725871131451356	26.264216774661293	0.0
151.0	26.29621867778332	23.753624994335944	23.636662286465178	26.31349404141556	0.0
152.0	26.25543749150392	23.683390729076987	23.77628120893561	26.284890570483483	0.0
153.0	26.147820472155516	23.78307807331551	23.84651547419457	26.222585980334408	0.0
154.0	26.280642530246045	23.770050749920703	23.68593955321945	26.263367166613804	0.0
155.0	26.371550591327203	23.658468893017353	23.68508994517196	26.284890570483483	0.0
156.0	26.218904345461958	23.71567583488151	23.76750192577824	26.297917893878292	0.0
157.0	26.327370972857857	23.744845711178574	23.640060718655125	26.287722597308445	0.0
158.0	26.15178530971045	23.75419139970094	23.753624994335944	26.34039829625266	0.0
159.0	26.221169966921927	23.750509764828493	23.707179754406635	26.321140513842945	0.0
160.0	26.335941637425908	23.73613364938842	23.640410871615362	26.28751384157031	0.0
161.0	26.273920074312596	23.65768628417204	23.8185458633883	26.249847778127062	0.0
162.0	26.305638864580587	23.669014423553467	23.78229581736774	26.243050894498204	0.0
163.0	26.256644661755917	23.773233305862597	23.82052828778005	26.149593744601436	0.0
164.0	26.268330397448896	23.741581752581407	23.710712485344178	26.27937536462552	0.0
165.0	26.352442070563182	23.666249412351107	23.71099568963076	26.270312827454955	0.0
166.0	26.266705560165505	23.743065015392197	23.637429517333565	26.352799907108732	0.0
167.0	26.336374011968246	23.63459746644728	23.68302553660284	26.346002984981638	0.0
168.0	26.20411723557849	23.65697066844897	23.848983718539454	26.289928377433085	0.0
169.0	26.211345826524575	23.747164392988935	23.71459562332377	26.326894157162723	0.0
170.0	26.37220722800121	23.65398939107729	23.677495546574757	26.296307834346745	0.0
171.0	26.26232303121787	23.761041520933222	23.81088589885556	26.165749548993343	0.0
172.0	26.449805861812127	23.769254515022702	23.585453371434074	26.195486251731097	0.0
173.0	26.189613081920598	23.685775620366016	23.81123654056381	26.31337475714957	0.0
174.0	26.338863431681858	23.74553240176948	23.675296943058303	26.240307223490362	0.0
175.0	26.30884343723272	23.692572600241295	23.7381690069046	26.260414955621386	0.0
176.0	26.296948722450992	23.750630136675937	23.636780723765074	26.315640417108	0.0
177.0	26.24823703334485	23.676712980532315	23.776118811208217	26.298931174914614	0.0
178.0	26.158743464987054	23.779234093651056	23.848053514888218	26.21396892647367	0.0
179.0	26.29156778004973	23.770454661312158	23.679828262975153	26.258149295662957	0.0
180.0	26.375397198511465	23.652073928484445	23.685775620366016	26.28675325263808	0.0
181.0	26.21595137893729	23.7019184475698	23.771870698786174	26.310259474706736	0.0
182.0	26.32923437685855	23.739018629389008	23.642161666166334	26.289585327586106	0.0
183.0	26.164124407388318	23.759409569014835	23.735053724461764	26.341412299135087	0.0
184.0	26.22926213119304	23.743266741811055	23.700785617590583	26.326685509405323	0.0
185.0	26.339504442122134	23.722376570744018	23.64421108080782	26.293907906326027	0.0
186.0	26.265870284935865	23.65129128822958	23.821216266351737	26.261622160482812	0.0
187.0	26.300138488857172	23.669983035823016	23.7787350218212	26.251143453498614	0.0
188.0	26.264454243451517	23.781567104789904	23.810171142773797	26.143807508984786	0.0
189.0	26.26424541767678	23.738020255114755	23.71338106350681	26.284353263701654	0.0
190.0	26.34750889276571	23.66098738020255	23.7153635271994	26.276140199832344	0.0
191.0	26.26290375111514	23.74063637264759	23.64604426570753	26.350415610529744	0.0
192.0	26.336255115478835	23.643778586499383	23.683427972641923	26.336538325379856	0.0
193.0	26.21249238873391	23.644061796400404	23.845990455826335	26.29745535903935	0.0
194.0	26.21349049683794	23.750116824745888	23.715281809608232	26.321110868807935	0.0
195.0	26.365858286627038	23.658356297066213	23.669401545768395	26.306383870538358	0.0
196.0	26.263618933255543	23.756630689365124	23.823468604588594	26.15628177279074	0.0
197.0	26.451388161192664	23.771640899139886	23.587270209264982	26.18970073040247	0.0
198.0	26.193739875160016	23.681929921946686	23.802861577152697	26.3214686257406	0.0
199.0	26.34185991186433	23.752449786457923	23.677398525030306	26.228291776647445	0.0
200.0	26.319769351896955	23.689010229628536	23.7286599526469	26.262560465827605	0.0
201.0	26.30022770269505	23.753582635687017	23.63010206971554	26.31608759190239	0.0
202.0	26.25449602084454	23.675266929111558	23.773258942479256	26.296978107564644	0.0
203.0	26.158203290945654	23.780905718088874	23.84179670905435	26.219094281911126	0.0
204.0	26.285366337194482	23.767028236426974	23.684046560367044	26.2635588660115	0.0
205.0	26.372029794103486	23.65572516922031	23.688294769039057	26.283950267637145	0.0
206.0	26.225891415786347	23.69622475856014	23.771276445098984	26.30660738055453	0.0
207.0	26.336061627347135	23.741255770483445	23.63363448412586	26.289048118043556	0.0
208.0	26.171231130873146	23.749752187827468	23.7364411339885	26.342575547310883	0.0
209.0	26.23183890792716	23.74097255657198	23.705287603727097	26.32190093177377	0.0
210.0	26.32708837815257	23.728563943526346	23.646147528215586	26.2982001501055	0.0
211.0	26.27682442938346	23.64684790828219	23.81876216073841	26.25756550159594	0.0
212.0	26.30542960153845	23.66837259228	23.781943622321098	26.244254183860455	0.0
213.0	26.270876819331434	23.765800109322736	23.811398453054945	26.151924618290884	0.0
214.0	26.275199528721373	23.729048776204962	23.71318843781331	26.282563257260357	0.0
215.0	26.36129850856175	23.656544372128856	23.710073014200667	26.27208410510873	0.0
216.0	26.28008870485809	23.736762952410352	23.637918777844177	26.34522956488738	0.0
217.0	26.344663122626255	23.640184546888673	23.679552284036806	26.335600046448267	0.0
218.0	26.211265970131496	23.646132190630478	23.84636952993789	26.296232309300134	0.0
219.0	26.227558138546897	23.742278640191007	23.711124139356915	26.31903908190518	0.0
220.0	26.366903724095742	23.64541646487047	23.67770385664398	26.30997595438981	0.0
221.0	26.26962390640002	23.755441447616242	23.814635334502103	26.160299311481634	0.0
222.0	26.45287005384095	23.762238831756246	23.58607329279449	26.198817821608316	0.0
223.0	26.197192672399144	23.68555211909051	23.808188605286116	26.309066603224235	0.0
224.0	26.347585222445026	23.74559584905233	23.677338589991955	26.22948033851069	0.0
225.0	26.318696258029433	23.69773080016767	23.72293783774598	26.260635104056917	0.0
226.0	26.305667901528285	23.757774530129492	23.639103195912494	26.29745437242973	0.0
227.0	26.254970601230333	23.67110763688271	23.777600290022544	26.296321471864413	0.0
228.0	26.15640825204772	23.785530593979768	23.837360794843036	26.220700359129477	0.0
229.0	26.294622121016438	23.755225503857528	23.68781792022114	26.262334454904895	0.0
230.0	26.374491610871313	23.64561737416307	23.685835344231837	26.29405567073378	0.0
231.0	26.228064212804043	23.69631467446102	23.768537085500004	26.30708402723493	0.0
232.0	26.34050459391179	23.74559584905233	23.636270944499202	26.27762861253668	0.0
233.0	26.18558044160464	23.73964812108441	23.73766554509511	26.33710589221584	0.0
234.0	26.2334454904893	23.735682969105802	23.709059805820843	26.321811734584056	0.0
235.0	26.341011632155393	23.727104593101142	23.66167902954913	26.270204745194338	0.0
236.0	26.27105442783787	23.64496860422632	23.81632127067207	26.267655697263738	0.0
237.0	26.29456231430894	23.665644215218947	23.788281743435494	26.25151172703662	0.0
238.0	26.275019613507688	23.757976395816165	23.82311873182033	26.143885258855814	0.0
239.0	26.271978519961937	23.73680155888884	23.705646440386097	26.28557348076313	0.0
240.0	26.35018013731222	23.656617497111004	23.704484172841184	26.288718192735594	0.0
241.0	26.275956028766544	23.74004741551456	23.637228826593475	26.34676772912542	0.0
242.0	26.338122323188834	23.629302726098484	23.67349135489134	26.359083595821343	0.0
243.0	26.214244032882178	23.645819759898927	23.839011041929872	26.300925165289023	0.0
244.0	26.22797102557783	23.74837465049674	23.70814813555769	26.31550618836774	0.0
245.0	26.354586300873123	23.638047967908076	23.671760353101824	26.335605378116977	0.0
246.0	26.259246562729306	23.76186010669492	23.806339933535238	26.17255339704053	0.0
247.0	26.446030446325107	23.764906544571595	23.601710162091408	26.18735284701189	0.0
248.0	26.175998911977878	23.682048201646765	23.828251174440545	26.31370171193481	0.0
249.0	26.347285029410767	23.71986671653463	23.6940827128172	26.238765541237406	0.0
