# Position (bp)	A	C	G	T	N
0.0	26.173424056364098	23.727649234559912	23.66718613833843	26.431740570737567	0.0
1.0	26.23615806699765	23.811673067806666	23.69557256848936	26.256596296706324	0.0
2.0	26.295085317257588	23.769910198335662	23.71229408625955	26.222710398147203	0.0
3.0	26.04067338691368	23.83502474685556	23.864823139445125	26.259478726785634	0.0
4.0	26.284021351404274	23.653973307906888	23.73343095272554	26.3285743879633	0.0
5.0	26.146446660896956	23.764595718116425	23.719762212164635	26.369195408821987	0.0
6.0	26.093383800838726	23.688989269034554	23.823764747274698	26.39386218285202	0.0
7.0	26.272306862995432	23.869549181490623	23.65931852356229	26.198825431951654	0.0
8.0	26.124674469932085	23.881850315742888	23.884687179079837	26.10878803524519	0.0
9.0	26.251308395573723	23.7840076475544	23.75847797782323	26.20620597904865	0.0
10.0	26.181953300506024	23.934908892872542	23.712530350132745	26.170607456488685	0.0
11.0	26.337883949363643	23.70423737707522	23.76125008154802	26.196628592013116	0.0
12.0	26.153798152334545	23.714448607727064	23.883784849370166	26.24796839056823	0.0
13.0	26.275198338973148	23.815142687766095	23.693458855831608	26.21620011742915	0.0
14.0	26.272645531310186	23.784508995810558	23.800960422971865	26.141885049907387	0.0
15.0	26.240519182876948	23.799191045910696	23.63864826381207	26.321641507400283	0.0
16.0	26.23286078161076	23.876058703063926	23.763168195510474	26.12791231981484	0.0
17.0	26.36191902517061	23.620495016366284	23.822166249709266	26.195419708753835	0.0
18.0	26.159396858353613	23.779619576008216	23.689136983270647	26.371846582367525	0.0
19.0	26.32079057392626	23.90385586321528	23.64857582100898	26.126777741849477	0.0
20.0	26.169891704533203	23.6817622264958	23.89591381745775	26.25243225151324	0.0
21.0	26.18095383969548	23.738207480272525	23.863294700953613	26.217543979078386	0.0
22.0	26.347453156112255	23.735938324341806	23.7858597548177	26.13074876472824	0.0
23.0	26.254701407443964	23.781037798464915	23.64063377525145	26.32362701883967	0.0
24.0	26.318805062486884	23.706439297242408	23.73366916841108	26.24108647185963	0.0
25.0	26.160247791827633	23.73366916841108	23.670132802350846	26.435950237410438	0.0
26.0	26.235697226524163	23.816209715391118	23.703035563346326	26.245057494738393	0.0
27.0	26.293277058266252	23.777350420077493	23.71721778791334	26.212154733742913	0.0
28.0	26.035727860129228	23.839184919189684	23.87747692552063	26.247610295160456	0.0
29.0	26.260941586253455	23.66672906845476	23.749836904417478	26.322492440874306	0.0
30.0	26.158545924879594	23.759197172631712	23.71750143240468	26.364755470084017	0.0
31.0	26.098696937206782	23.693958939623432	23.816777004373797	26.39056711879599	0.0
32.0	26.278527544716557	23.864145634427633	23.663041690067338	26.194285130788476	0.0
33.0	26.12110485202267	23.87946243696001	23.9047067966893	26.094725914328016	0.0
34.0	26.235697226524163	23.788128910748423	23.76118268407109	26.214991178656323	0.0
35.0	26.178117394782074	23.935340401754058	23.722039744266127	26.16450245919774	0.0
36.0	26.342556480549135	23.704953836989972	23.762817149097305	26.189672533363588	0.0
37.0	26.147125980343493	23.70240104380877	23.885918509168782	26.26455446667896	0.0
38.0	26.272212846222576	23.811603863227017	23.697011813759556	26.219171476790855	0.0
39.0	26.273631064656577	23.771893747074923	23.810469288479812	26.144005899788684	0.0
40.0	26.22987553750326	23.803027036839538	23.639365093772337	26.327732331884864	0.0
41.0	26.23356289497271	23.862024756350763	23.772677248437127	26.131735100239396	0.0
42.0	26.36262040640352	23.603342447724618	23.829689467772496	26.204347678099367	0.0
43.0	26.159815745583682	23.770975391143534	23.693257241402783	26.37595162187	0.0
44.0	26.33992897582228	23.90769126039551	23.63454316477382	26.11783659900839	0.0
45.0	26.182790819047185	23.677656882878182	23.884716186932007	26.254836111142627	0.0
46.0	26.184209033458515	23.745163888857373	23.865995756702482	26.20463132098163	0.0
47.0	26.356096620111412	23.723607029805194	23.79026310713759	26.1300332429458	0.0
48.0	26.256254325553957	23.77835010608244	23.646456165828976	26.31893940253463	0.0
49.0	26.31893940253463	23.71651595774856	23.735520030860346	26.229024608856466	0.0
50.0	26.164354031699926	23.734385459331282	23.671700382350604	26.429560126618185	0.0
51.0	26.230726466150056	23.811536323307504	23.705737528222468	26.25199968231997	0.0
52.0	26.286887756838627	23.778633748964705	23.7054538853402	26.229024608856466	0.0
53.0	26.04522402114841	23.82827125336117	23.87251954299459	26.253985182495832	0.0
54.0	26.264479969139654	23.664042024529437	23.750269460738153	26.321208545592757	0.0
55.0	26.16633953187579	23.761615176028773	23.71878510080668	26.353260191288758	0.0
56.0	26.09656338283847	23.702050170753015	23.818343752481873	26.38304269392664	0.0
57.0	26.279796684781992	23.8535154698828	23.680493311700836	26.18619453363437	0.0
58.0	26.116418384597058	23.88329797252068	23.901167474103406	26.099116168778863	0.0
59.0	26.2378175382067	23.787993964079465	23.758211461441586	26.215977036272253	0.0
60.0	26.17683431851961	23.93917562032698	23.726159815745586	26.15783024540782	0.0
61.0	26.346945316643833	23.702550225920916	23.76466784094487	26.18583661649038	0.0
62.0	26.1600251874165	23.696877384366218	23.88805214475957	26.25504528345771	0.0
63.0	26.26780917695578	23.8111851416934	23.708223067475615	26.212782613875202	0.0
64.0	26.28539498577535	23.759845925623374	23.81231971000434	26.142439378596936	0.0
65.0	26.23710141310082	23.790979072946865	23.648023871249553	26.32389564270276	0.0
66.0	26.22547212089926	23.86444216270798	23.771691466368654	26.13839425002411	0.0
67.0	26.35424525893612	23.610299581912763	23.841467219578057	26.193987939573066	0.0
68.0	26.161936475700454	23.756374837615372	23.700213865520002	26.381474821164176	0.0
69.0	26.335241293631118	23.900180963132307	23.64376925215142	26.120808491085157	0.0
70.0	26.182642288644704	23.674686150931194	23.886566182018278	26.256105378405824	0.0
71.0	26.19228609193381	23.73453445957828	23.868413140532905	26.204766307955	0.0
72.0	26.35084156365761	23.717515983185745	23.79948831114313	26.132154142013515	0.0
73.0	26.24220695601858	23.789560866580818	23.648023871249553	26.320208306151045	0.0
74.0	26.327015696708063	23.706170332257386	23.749000164511937	26.217813806522617	0.0
75.0	26.17328212662881	23.728861634114104	23.664758706368882	26.433097532888205	0.0
76.0	26.226323044718885	23.80828119061261	23.70531940843776	26.260076356230748	0.0
77.0	26.298367928113958	23.773109672734698	23.704752125891343	26.223770273260005	0.0
78.0	26.05727284588635	23.825866949551564	23.86954770562574	26.247312498936342	0.0
79.0	26.262629127689628	23.669580608013433	23.741341850135296	26.32644841416164	0.0
80.0	26.160801910607617	23.75609119634216	23.71638141809291	26.366725474957313	0.0
81.0	26.09216072249105	23.709857668809104	23.822746895546267	26.375234713153578	0.0
82.0	26.276527550076867	23.85905297851701	23.68149354148821	26.182925929917918	0.0
83.0	26.115986589440602	23.880326074007684	23.906421071142905	26.097266265408813	0.0
84.0	26.23710141310082	23.786440812575517	23.768855053636564	26.20760272068709	0.0
85.0	26.186329625196418	23.938756176288724	23.726308862655223	26.14860533585963	0.0
86.0	26.3507668220071	23.705819451496062	23.762547545233563	26.18086618126328	0.0
87.0	26.153636696269277	23.699012080247563	23.89954589160963	26.24780533187353	0.0
88.0	26.26737652421297	23.815588312878127	23.710641339463752	26.206393823445158	0.0
89.0	26.28240946905341	23.756591095391126	23.821261122251876	26.13973831330359	0.0
90.0	26.244894486044927	23.783185840707965	23.66065350578625	26.311266167460857	0.0
91.0	26.23610165645564	23.861754027683233	23.757090991604265	26.14505332425686	0.0
92.0	26.362037667347405	23.604776491944634	23.834240980258677	26.198944860449284	0.0
93.0	26.17823916496483	23.752269117313364	23.69327206716587	26.37621965055593	0.0
94.0	26.33452461992285	23.894372589062854	23.648740639891084	26.122362151123212	0.0
95.0	26.1929884275017	23.663206262763786	23.886430678466077	26.257374631268437	0.0
96.0	26.191286589516675	23.729577944179713	23.872532334921715	26.206603131381893	0.0
97.0	26.359201270705697	23.726174268209665	23.79368050828228	26.12094395280236	0.0
98.0	26.251701837985024	23.78488767869299	23.645620603585204	26.31778987973678	0.0
99.0	26.32289539369185	23.70688677104606	23.751134558656684	26.2190832766054	0.0
100.0	26.171715452688904	23.730145223508057	23.661504424778762	26.43663489902428	0.0
101.0	26.239221692761518	23.81211708645337	23.70603585205355	26.242625368731566	0.0
102.0	26.304742455184932	23.766451100521895	23.70631949171772	26.222486952575448	0.0
103.0	26.048899478103017	23.827433628318584	23.867994100294982	26.255672793283413	0.0
104.0	26.260494667574314	23.663206262763786	23.756523712275925	26.31977535738598	0.0
105.0	26.15895166780123	23.750850918992512	23.73638529611981	26.353812117086456	0.0
106.0	26.086339913773543	23.708304969366917	23.827433628318584	26.377921488540956	0.0
107.0	26.2741093714545	23.841899251191286	23.690152030859995	26.19383934649421	0.0
108.0	26.123780349444065	23.877070569548444	23.904299977308828	26.094849103698657	0.0
109.0	26.24773088268664	23.778363966417064	23.765316541865214	26.208588609031086	0.0
110.0	26.188450192874974	23.933514862718404	23.731279782164737	26.146755162241885	0.0
111.0	26.35799195032916	23.696892169014724	23.76184546787648	26.18327041277963	0.0
112.0	26.167670275498423	23.694623058137456	23.89799212051248	26.23971454585164	0.0
113.0	26.276303958747565	23.80779496314113	23.71107411199764	26.204826966113664	0.0
114.0	26.285947679975948	23.757590884981607	23.831336988492772	26.125124446549673	0.0
115.0	26.235101911153215	23.790425513810337	23.66051928455137	26.313953290485077	0.0
116.0	26.235669187263515	23.85509499038467	23.766883555232837	26.142352267118973	0.0
117.0	26.36784452096369	23.600388016859448	23.83580760263443	26.195959859542434	0.0
118.0	26.166745139861924	23.753552566640764	23.696824955610644	26.38287733788667	0.0
119.0	26.343168010165584	23.88884791894759	23.649173762345345	26.11881030854148	0.0
120.0	26.189152546218818	23.665908407599233	23.88913155700274	26.255807489179205	0.0
121.0	26.188301632053367	23.731996074449317	23.866724150645844	26.21297814285147	0.0
122.0	26.355648084592215	23.72263601862935	23.803189226292112	26.118526670486325	0.0
123.0	26.252120194462254	23.779079991604313	23.647188295959293	26.32161151797414	0.0
124.0	26.318207861312338	23.70590137337546	23.750716186089253	26.225174579222944	0.0
125.0	26.180359766509152	23.7246214850154	23.66023564649622	26.434783101979225	0.0
126.0	26.240491034201074	23.80942926350543	23.711857772533627	26.23822192975987	0.0
127.0	26.30714597716146	23.76745083134314	23.702497716713655	26.222905474781737	0.0
128.0	26.05988750882826	23.821976906124046	23.879839233494344	26.23829635155335	0.0
129.0	26.26183837690499	23.65831728410119	23.760710912437847	26.319133426555975	0.0
130.0	26.148382833041655	23.755889051823655	23.73348158191065	26.362246533224038	0.0
131.0	26.096193282864526	23.700012196470965	23.83842795998423	26.365366560680283	0.0
132.0	26.27658759760722	23.84041343200184	23.693772141558483	26.189226828832457	0.0
133.0	26.12519854776492	23.885296119809393	23.889267075107785	26.100238257317905	0.0
134.0	26.24631268436578	23.77269117313365	23.764465622872702	26.216530519627867	0.0
135.0	26.198168249853214	23.932448185977382	23.725107003366812	26.144276560802588	0.0
136.0	26.352259770023657	23.697944735334328	23.771975107641865	26.177820387000157	0.0
137.0	26.167042018618215	23.703901202071716	23.897911832946637	26.231144946363433	0.0
138.0	26.27851303898933	23.800906517509176	23.715246853000075	26.20533359050142	0.0
139.0	26.292695102649777	23.75353842488328	23.820761406633803	26.13300506583314	0.0
140.0	26.239161327104554	23.779133586909353	23.664258545426698	26.3174465405594	0.0
141.0	26.224411939062335	23.857418800364197	23.773177103276915	26.14499215729655	0.0
142.0	26.36736754624075	23.597035373003514	23.840683917777834	26.1949131629779	0.0
143.0	26.171087228448165	23.749351168747182	23.706804857086937	26.372756745717712	0.0
144.0	26.344676180021953	23.883513871515813	23.649225515306746	26.122584433155488	0.0
145.0	26.184134764023977	23.6651094716599	23.897128691247087	26.253627073069037	0.0
146.0	26.19377859466696	23.719285108507275	23.867629915162656	26.219306381663106	0.0
147.0	26.35403636858721	23.71474683526352	23.80437773182776	26.126839064321516	0.0
148.0	26.258165346312794	23.78480642846405	23.642418105441106	26.31461011978205	0.0
149.0	26.328015974767126	23.69978102769489	23.74970217497362	26.22250082256436	0.0
150.0	26.17881981869547	23.721054243864803	23.676805954231384	26.423319983208344	0.0
151.0	26.240370324147083	23.805579822779926	23.71055945722098	26.243490395852003	0.0
152.0	26.305324544185886	23.762182461793305	23.70687209975153	26.22562089426928	0.0
153.0	26.05862915006169	23.82380054175944	23.879111060685567	26.2384592474933	0.0
154.0	26.267390903546968	23.66297457134348	23.75203868899888	26.31759583611068	0.0
155.0	26.156769865694713	23.754024194806483	23.73445278041724	26.35475315908156	0.0
156.0	26.09238274879097	23.699280963253962	23.84081916296748	26.36751712498759	0.0
157.0	26.290082398491016	23.844790174582688	23.70296833118237	26.162159095743924	0.0
158.0	26.117417473635246	23.887971771700222	23.90272128524992	26.091889469414614	0.0
159.0	26.246192072703757	23.779052287025536	23.77763406456883	26.197121575701875	0.0
160.0	26.20116691674727	23.91980780194751	23.725794419562448	26.15323086174277	0.0
161.0	26.366323265787745	23.688136785495473	23.76500487871293	26.180535070003856	0.0
162.0	26.169472872086953	23.69295876920284	23.905126052327034	26.23244230638317	0.0
163.0	26.27640745195035	23.803297102271436	23.713381288434046	26.206914157344162	0.0
164.0	26.291440695273323	23.757062787900793	23.823719621502644	26.12777689532324	0.0
165.0	26.233367654608834	23.778120045043128	23.679978215917696	26.308534084430335	0.0
166.0	26.227694716509102	23.86009400058431	23.77187981313342	26.140331469773166	0.0
167.0	26.36185970256786	23.603960845381238	23.835984013660436	26.198195438390474	0.0
168.0	26.177772861231425	23.748620766924503	23.704655496651547	26.368950875192525	0.0
169.0	26.36554711233268	23.878247402503465	23.63884941469461	26.11735607046924	0.0
170.0	26.193940734815673	23.649060703274134	23.895266216802675	26.261732345107518	0.0
171.0	26.19933002601042	23.728198189765454	23.87257446440373	26.19989731982039	0.0
172.0	26.371503697337406	23.706924671891443	23.805633794826846	26.1159378359443	0.0
173.0	26.262015992012504	23.780389220283023	23.648493409464162	26.309101378240314	0.0
174.0	26.334987944972344	23.694795064529853	23.757764856048787	26.212452134449016	0.0
175.0	26.188342079137712	23.712664870231173	23.66955041838037	26.429442632250744	0.0
176.0	26.25216281378528	23.79974471706141	23.71436675648844	26.233725712664867	0.0
177.0	26.31229612820876	23.76287051482059	23.70529002978301	26.219543327187633	0.0
178.0	26.067014797942985	23.827609779066172	23.875830026464406	26.229545396526436	0.0
179.0	26.275496455811815	23.659689858714675	23.754144813912394	26.310668871561116	0.0
180.0	26.156647728400873	23.749890086200782	23.732871175354347	26.360591010043994	0.0
181.0	26.08772113947281	23.707342809084693	23.85257084830761	26.35236520313488	0.0
182.0	26.289111584488968	23.850018011680646	23.70791010611291	26.15296029771748	0.0
183.0	26.106515992148587	23.89518590376346	23.909935668334526	26.08836243575343	0.0
184.0	26.233023588277344	23.778889683106982	23.792504850403347	26.195581878212327	0.0
185.0	26.20501663607973	23.91312364025222	23.733573112237515	26.14828661143053	0.0
186.0	26.365353741072088	23.68768898243066	23.76427473294265	26.1826825435546	0.0
187.0	26.170485553658246	23.691660095420172	23.8953214615965	26.242532889325084	0.0
188.0	26.28025846272543	23.79661093871438	23.718039631707637	26.205090966852552	0.0
189.0	26.296993867466938	23.766543940365228	23.8198703147958	26.11659187737203	0.0
190.0	26.239487157667817	23.773135344424116	23.68123218312556	26.30614531478251	0.0
191.0	26.224169964118055	23.86163468493384	23.77370264788892	26.14049270305918	0.0
192.0	26.360322795671475	23.598405877263893	23.843764625792453	26.19750670127218	0.0
193.0	26.170276134961494	23.747039385043045	23.70903005290105	26.37365442709441	0.0
194.0	26.36401026819271	23.882341261399255	23.636415209405893	26.11723326100214	0.0
195.0	26.191550014891718	23.652867009885263	23.894821937624986	26.260761037598034	0.0
196.0	26.192400970088926	23.726332808577627	23.88007204754003	26.201194173793418	0.0
197.0	26.38301493426371	23.701087804393765	23.80717355231247	26.108723709030052	0.0
198.0	26.261895644527648	23.761789275128	23.66222751705456	26.314087563289796	0.0
199.0	26.32806117817918	23.681015703004448	23.76582781156395	26.225095307252428	0.0
200.0	26.188220477443952	23.708813651629303	23.67903013524553	26.42393573568122	0.0
201.0	26.258849959154034	23.797313243169647	23.708529999092313	26.235306798584006	0.0
202.0	26.310340328244582	23.761991479029447	23.71291931174158	26.214748880984395	0.0
203.0	26.066471701163834	23.8290014494768	23.872400656944865	26.2321261924145	0.0
204.0	26.273539815227164	23.656255584456844	23.75496750732539	26.3152370929906	0.0
205.0	26.159794179967722	23.74844344345764	23.731707801362113	26.360054575212526	0.0
206.0	26.093135266536375	23.707313475595747	23.840063992556896	26.35948726531098	0.0
207.0	26.291977387027327	23.83240530888606	23.70788078549729	26.16773651858933	0.0
208.0	26.113348839847962	23.88551653713054	23.918420604754072	26.082714018267435	0.0
209.0	26.236320623592352	23.770770810522553	23.796299973336208	26.196608592548888	0.0
210.0	26.205759962784047	23.91153269018571	23.749847533734048	26.132859813296193	0.0
211.0	26.354755259037375	23.68836090498559	23.77090566637166	26.185978169605374	0.0
212.0	26.167823995279914	23.69034651780244	23.897133909728367	26.24469557718928	0.0
213.0	26.29518687453196	23.788208863775615	23.713890212630766	26.202714049061655	0.0
214.0	26.300576395034835	23.761544920235096	23.814589148342296	26.123289536387773	0.0
215.0	26.25242883685308	23.765016239522314	23.677932687534568	26.304622236090037	0.0
216.0	26.237260057923656	23.859893967373267	23.77110795301433	26.13173802168875	0.0
217.0	26.362071068524077	23.58644438960324	23.857624676271442	26.193859865601233	0.0
218.0	26.167479356542504	23.754088269750635	23.70926977048957	26.36916260321729	0.0
219.0	26.377672444849136	23.87719731202469	23.642609344373437	26.10252089875274	0.0
220.0	26.191023251723948	23.658778043473944	23.88854376753382	26.261654937268286	0.0
221.0	26.18833521023683	23.723587429190623	23.88811196745818	26.199965393114365	0.0
222.0	26.376971103250497	23.704865671387765	23.814643251231807	26.103519974129934	0.0
223.0	26.270462855538124	23.75577612054611	23.66755642798181	26.306204595933952	0.0
224.0	26.33010711205918	23.681806835201744	23.761516815685564	26.22656923705351	0.0
225.0	26.191678391503654	23.710740707121136	23.67471519992738	26.42286570144783	0.0
226.0	26.258056097671673	23.79130168383788	23.712442699586983	26.238199518903464	0.0
227.0	26.310534198701944	23.76208414650751	23.72237098897109	26.20501066581945	0.0
228.0	26.074314875172682	23.812360471680183	23.879305698570604	26.234018954576527	0.0
229.0	26.26323657478718	23.662584709823644	23.755910894768345	26.318267820620832	0.0
230.0	26.168492058764294	23.755910894768345	23.730664601576617	26.344932444890745	0.0
231.0	26.091618514326566	23.702865312444153	23.842429090537745	26.36308708269154	0.0
232.0	26.281391212587973	23.835337435146812	23.709105969188176	26.174165383077042	0.0
233.0	26.11892456159262	23.875402098001285	23.920505154229758	26.08516818617634	0.0
234.0	26.222746691024206	23.774132971752437	23.808740348229634	26.19437998899372	0.0
235.0	26.204950003545846	23.908375292532444	23.751223317495214	26.135451386426496	0.0
236.0	26.353099363447598	23.68349388977772	23.779090217970975	26.184316528803713	0.0
237.0	26.1672964110245	23.67498383088811	23.90617376405578	26.25154599403161	0.0
238.0	26.29324528259069	23.78646560234197	23.71980347437338	26.200485640693966	0.0
239.0	26.30289001599891	23.752425366783537	23.829583234049313	26.115101383168238	0.0
240.0	26.24144661439125	23.769333772113978	23.677984181201275	26.3112354322935	0.0
241.0	26.230987258164735	23.853986682214487	23.781070813508446	26.133955246112333	0.0
242.0	26.350227851836717	23.597278262991527	23.855775178621087	26.19671870655067	0.0
243.0	26.178922695361496	23.74531069983371	23.706150432181794	26.369616172623	0.0
244.0	26.37126251504075	23.88130860217495	23.63696733035167	26.11046155243263	0.0
245.0	26.192719656246982	23.649480907971142	23.88759912131825	26.270200314463626	0.0
246.0	26.19309828053066	23.710965661703348	23.88807838373288	26.207857674033118	0.0
247.0	26.384512759374378	23.696102642709132	23.811348604842603	26.108035993073887	0.0
248.0	26.275731087951986	23.753367646182106	23.665077828467933	26.30582343739798	0.0
249.0	26.330312734209986	23.671958392950422	23.77075242442824	26.22697644841135	0.0
