# Position (bp)	A	C	G	T	N
0.0	25.776252145420504	24.252457481666408	24.164144172257764	25.80714620065533	0.0
1.0	25.760961148385082	24.244343891402714	24.1947261663286	25.7999687938836	0.0
2.0	25.859470322256513	24.24927993908737	24.16408963393133	25.727160104724785	0.0
3.0	25.700858754805534	24.430513255779122	24.137188576563982	25.731439412851365	0.0
4.0	25.68007788366128	24.277485506025375	24.134261946217837	25.908174664095508	0.0
5.0	25.845865834633386	24.142277691107644	24.126365054602182	25.885491419656788	0.0
6.0	25.86916436043918	24.221160716235737	24.08575110215314	25.823923821171945	0.0
7.0	25.818578894002027	24.3045004289837	24.1222993526246	25.75462132438967	0.0
8.0	25.769587151240604	24.148204998611668	24.205298116551077	25.876909733596648	0.0
9.0	25.813073441004796	24.307191234873322	24.110649741220367	25.769085582901514	0.0
10.0	25.806984978708137	24.086477717637152	24.290193264596237	25.81634403905848	0.0
11.0	25.732424464583758	24.125473802430236	24.2892573585612	25.852844374424812	0.0
12.0	25.76455723845326	24.151679171411192	24.09646071534418	25.987302874791375	0.0
13.0	25.895896052036377	24.057776599229438	24.177572571713803	25.868754777020385	0.0
14.0	25.98917468686144	24.050289350949164	24.095524809309147	25.865011152880253	0.0
15.0	25.835998065794197	24.140448298990783	24.14232011106085	25.881233524154172	0.0
16.0	26.005397058135365	24.045297852095647	24.179132415105524	25.770172674663467	0.0
17.0	25.82913475487061	24.12828152053534	24.10956339983466	25.933020324759394	0.0
18.0	25.756446052816294	24.226551654213917	24.186619663385798	25.830382629583994	0.0
19.0	25.926468982514155	24.145439797844297	24.222808030073782	25.70528318956777	0.0
20.0	25.86033162270508	24.22623968553557	24.147935547271054	25.765493144488293	0.0
21.0	25.84379728275281	24.185995726029105	24.128905457892028	25.841301533326057	0.0
22.0	25.815951532697333	24.253305297835567	24.07797944756759	25.852763721899507	0.0
23.0	25.792865922519702	24.14099692399843	24.166266308111783	25.89987084537009	0.0
24.0	25.818447274338162	24.075795673631866	24.18436043500777	25.921396617022207	0.0
25.0	25.811895952530996	24.21898885027422	24.141932827113738	25.827182370081047	0.0
26.0	25.780075246610473	24.249561685374328	24.17968091943122	25.790682148583976	0.0
27.0	25.8914477173323	24.228347881427315	24.129766086614712	25.75043831462567	0.0
28.0	25.732656155434793	24.392754862016684	24.146612342690286	25.72797663985824	0.0
29.0	25.710114273413883	24.261028803888355	24.144977179633564	25.8838797430642	0.0
30.0	25.87982417554992	24.12095574127975	24.099118070049013	25.900102013121323	0.0
31.0	25.87857630862245	24.214545760840064	24.087575300969906	25.81930262956758	0.0
32.0	25.852995036609293	24.279746807800418	24.12781900938084	25.73943914620945	0.0
33.0	25.7843623555984	24.1262591757215	24.198011524051076	25.891366944629024	0.0
34.0	25.833965065965366	24.29596907785754	24.107853138541305	25.76221271763579	0.0
35.0	25.837708666747776	24.064489762811693	24.26851600545318	25.829285564987348	0.0
36.0	25.74817421470175	24.101301837172084	24.2750673068224	25.875456641303774	0.0
37.0	25.795593157945635	24.14528914636543	24.078216299013874	25.98090139667506	0.0
38.0	25.91258068239603	24.049515359682044	24.159327649299478	25.87857630862245	0.0
39.0	25.963743226422338	24.057938461442472	24.1165882070336	25.861730105101593	0.0
40.0	25.82772573132801	24.13187457689512	24.139361778459943	25.901037913316927	0.0
41.0	25.998683500391518	24.046707659095233	24.195203823464265	25.75940501704898	0.0
42.0	25.791849557163225	24.144665212901696	24.136554077873136	25.926931152061943	0.0
43.0	25.765956318418205	24.235135565143334	24.174925985892866	25.8239821305456	0.0
44.0	25.921939684352065	24.139361778459943	24.22858426377411	25.710114273413883	0.0
45.0	25.842076200993922	24.212985927180725	24.14684898002477	25.79808889180058	0.0
46.0	25.838332600211512	24.174925985892866	24.1359301444094	25.850811269486222	0.0
47.0	25.806119520321452	24.233500131025618	24.094675368431563	25.86570498022137	0.0
48.0	25.800192170907323	24.144277924055054	24.151765102262377	25.903764802775246	0.0
49.0	25.79800841059685	24.091867676603815	24.16829928747021	25.941824625329126	0.0
50.0	25.816414390356513	24.230692439197874	24.155820657124675	25.79707251332094	0.0
51.0	25.766811834733023	24.230380473439237	24.196064239989017	25.806743451838727	0.0
52.0	25.911875912499845	24.21447021974868	24.127743738847222	25.745910128904253	0.0
53.0	25.722824662765014	24.38823514731023	24.148021513158717	25.74091867676604	0.0
54.0	25.711201719549898	24.268052622220004	24.12361292657285	25.89713273165725	0.0
55.0	25.866248217901163	24.138899201058184	24.096471990241742	25.898380590798908	0.0
56.0	25.887461823309383	24.194740897647474	24.07713017354601	25.840667105497133	0.0
57.0	25.853457661699146	24.268052622220004	24.115189877366642	25.763299838714204	0.0
58.0	25.775778430130806	24.130788116637394	24.201604122926604	25.891829330305193	0.0
59.0	25.828812443651362	24.294257664194866	24.10520700423336	25.77172288792041	0.0
60.0	25.83754745764298	24.057788356850278	24.275851741855377	25.828812443651362	0.0
61.0	25.746453740301796	24.104583074662532	24.283026931919924	25.865936253115752	0.0
62.0	25.79449631725571	24.14857010940605	24.075570349618935	25.981363223719306	0.0
63.0	25.903683992150967	24.07026694826688	24.150753862903958	25.8752951966782	0.0
64.0	25.994465744706734	24.029087596592095	24.115501842152057	25.860944816549107	0.0
65.0	25.82288511272848	24.127668468783245	24.162608524749725	25.88683789373856	0.0
66.0	25.999457181273378	24.03439099794415	24.177582834449648	25.788568986332823	0.0
67.0	25.795120246826535	24.122677032216604	24.138899201058184	25.943303519898674	0.0
68.0	25.77796218362871	24.239039897176408	24.180702482303797	25.802295436891082	0.0
69.0	25.94299155511326	24.11986934914787	24.222193798763996	25.71494529697488	0.0
70.0	25.857201239124127	24.223129693120242	24.130788116637394	25.788880951118237	0.0
71.0	25.849090154703337	24.17602301052257	24.12798043356866	25.846906401205434	0.0
72.0	25.80159101544221	24.23522071439713	24.100452347527686	25.86273592263297	0.0
73.0	25.800655124005615	24.145999064108565	24.133520511620652	25.91982530026517	0.0
74.0	25.815005459366713	24.07892684448604	24.173451879581968	25.93261581656528	0.0
75.0	25.820620807986273	24.227421619092183	24.15910154422087	25.792856028700673	0.0
76.0	25.767586959912652	24.246139447824053	24.197473093121197	25.788800499142102	0.0
77.0	25.90017158009671	24.221806270472626	24.15379815941351	25.72422399001716	0.0
78.0	25.725783809078145	24.389330837622836	24.147246919357354	25.73763843394166	0.0
79.0	25.69949867571775	24.26041409947247	24.126270078708224	25.913817146101557	0.0
80.0	25.875445716906203	24.12938970709809	24.12096671044545	25.874197865550258	0.0
81.0	25.898842929830195	24.19864545735312	24.080723504216177	25.8217881086005	0.0
82.0	25.850800652626262	24.28412327523545	24.12408633883532	25.74098973330297	0.0
83.0	25.778425273981366	24.116287267860653	24.215491450658398	25.889796007499587	0.0
84.0	25.81367707478685	24.306896562481477	24.12003082192849	25.759395540803183	0.0
85.0	25.8451853215245	24.027377858749468	24.29285823472708	25.834578584998958	0.0
86.0	25.746293101565744	24.094137906292605	24.2994094543458	25.86015953779586	0.0
87.0	25.819604368727596	24.150291217310194	24.06294162239394	25.967162791568267	0.0
88.0	25.90788985216081	24.0591980683261	24.156842436928912	25.876069642584177	0.0
89.0	25.98244897067861	24.053582737224342	24.094761831970576	25.86920646012647	0.0
90.0	25.826155588346317	24.12845381858113	24.152162994344113	25.89322759872844	0.0
91.0	25.996799261271995	24.02613000739352	24.198021531675145	25.779049199659337	0.0
92.0	25.814301000464823	24.11472745366572	24.17275254171723	25.898219004152224	0.0
93.0	25.749100767116623	24.23264940680266	24.191782274895417	25.8264675511853	0.0
94.0	25.92941528805089	24.122526524640385	24.218299116209277	25.72975907109945	0.0
95.0	25.887924230465664	24.200205271548054	24.1477955145983	25.76407498338798	0.0
96.0	25.824283811312398	24.19521386612427	24.135317001038835	25.8451853215245	0.0
97.0	25.78707978736679	24.23538146696948	24.10435748334124	25.873181262322493	0.0
98.0	25.791135291621952	24.132122089395793	24.148968030147994	25.92777458883426	0.0
99.0	25.791759215353515	24.09437470363623	24.17205320821583	25.94181287279443	0.0
100.0	25.81328458409244	24.228518305922282	24.15271157253737	25.805485537447904	0.0
101.0	25.760874990641142	24.23818912376151	24.195450348149443	25.805485537447904	0.0
102.0	25.909992762484713	24.204185280391325	24.144912525892835	25.740909431231124	0.0
103.0	25.73841373630487	24.37046095485288	24.145536449624398	25.74558885921785	0.0
104.0	25.727102850386675	24.231874292238725	24.14046975071205	25.90055310666255	0.0
105.0	25.857814464378748	24.126119549653254	24.115824840198034	25.900241145769964	0.0
106.0	25.883395257570513	24.205669577261794	24.081197181121375	25.829737984046318	0.0
107.0	25.857190542593578	24.272741169167034	24.130175041256827	25.73989324698256	0.0
108.0	25.817883470128184	24.098355030213412	24.22282742635383	25.86093407330457	0.0
109.0	25.814139939417196	24.295202353432973	24.130175041256827	25.760482665893004	0.0
110.0	25.83504131922022	24.035026969019164	24.302065493069787	25.827866218690826	0.0
111.0	25.739269325197395	24.08525267272495	24.30955255449177	25.86592544758589	0.0
112.0	25.80134954282131	24.17041799639997	24.077453650410384	25.95077881036833	0.0
113.0	25.881523492215013	24.068718745418074	24.17041799639997	25.87933976596694	0.0
114.0	25.99788490514829	24.029099712060095	24.106154052527977	25.866861330263642	0.0
115.0	25.826618375120496	24.116136801090615	24.17384956621838	25.883395257570513	0.0
116.0	26.00381216210736	24.014125589216135	24.199118398517562	25.782943850158947	0.0
117.0	25.821003079054012	24.129863080364245	24.170106035507388	25.879027805074355	0.0
118.0	25.76921757088531	24.23000252688323	24.20005428119531	25.800725621036147	0.0
119.0	25.91427938593618	24.134854454645566	24.227506839742567	25.723359319675687	0.0
120.0	25.88994643631474	24.204733694584046	24.126119549653254	25.779200319447952	0.0
121.0	25.83379347564989	24.190071532632672	24.130175041256827	25.84595995046061	0.0
122.0	25.805485537447904	24.219159449948837	24.105293368938582	25.870061643664677	0.0
123.0	25.799870223863834	24.13992113604033	24.140233097906112	25.91997554218972	0.0
124.0	25.805485537447904	24.089695275649508	24.16269435224238	25.942124834660213	0.0
125.0	25.79519079587711	24.240684818687765	24.17298909381317	25.791135291621952	0.0
126.0	25.762434799970052	24.224150839801343	24.21354413636477	25.799870223863834	0.0
127.0	25.914360228605656	24.208240784646485	24.148968030147994	25.728430956599862	0.0
128.0	25.747148668546753	24.38293942948414	24.1421048691008	25.7278070328683	0.0
129.0	25.721024111607825	24.246063808879086	24.130949521293026	25.901962558220067	0.0
130.0	25.87950123381303	24.120654747606466	24.11940689625052	25.880437122329987	0.0
131.0	25.87950123381303	24.216427339175358	24.092890054936657	25.81118137207496	0.0
132.0	25.852984392499167	24.261038025150444	24.140308406462623	25.74566917588777	0.0
133.0	25.762203206354062	24.13656485239478	24.225162298666984	25.876069642584177	0.0
134.0	25.79839089567651	24.28911468065924	24.14873140311526	25.763763020548993	0.0
135.0	25.855168132372068	24.024570193198585	24.300033380023773	25.820228294405574	0.0
136.0	25.716656631862012	24.085402946800976	24.314695633456143	25.883244787880866	0.0
137.0	25.825531662668343	24.141556257818568	24.08321920692807	25.949692872585018	0.0
138.0	25.901650595381078	24.054830588580288	24.17368843023419	25.869830385804445	0.0
139.0	25.977769528093813	24.043911889215757	24.10724034553004	25.87107823716039	0.0
140.0	25.829275216736182	24.08789864951287	24.18211142688683	25.900714706864118	0.0
141.0	25.980265230805706	24.018330936418852	24.19864545735312	25.802758375422318	0.0
142.0	25.80899763220205	24.126582041547213	24.177120021463043	25.88730030478769	0.0
143.0	25.796519118642586	24.20769237968373	24.200205271548054	25.79558323012563	0.0
144.0	25.929103325211898	24.13656485239478	24.23202548112469	25.702306341268628	0.0
145.0	25.868270571609507	24.202700974259947	24.139372517945663	25.78965593618488	0.0
146.0	25.833018770804024	24.17493628159014	24.138124666589718	25.853920281016123	0.0
147.0	25.811573857432542	24.23771642489471	24.088597722664172	25.86211199500858	0.0
148.0	25.792544064888475	24.128529090625488	24.14381531742318	25.93511152706286	0.0
149.0	25.814693495554515	24.060832943378568	24.175011698642955	25.949461862423963	0.0
150.0	25.809390110747156	24.24645141163625	24.17158009670878	25.772578380907813	0.0
151.0	25.771330525659025	24.231477148650757	24.20028076743098	25.796911558259243	0.0
152.0	25.926688504133523	24.189362034004056	24.152862267976914	25.73108719388551	0.0
153.0	25.736078614880675	24.401185462486353	24.145687100296364	25.717048822336608	0.0
154.0	25.72555209967899	24.24621508724095	24.152001722045615	25.876231091034445	0.0
155.0	25.875607161463616	24.108638616872927	24.129540257495734	25.886213964167727	0.0
156.0	25.887461823309383	24.203475911639096	24.08898483539178	25.820077429659737	0.0
157.0	25.84565854206377	24.263061185653363	24.13359579970613	25.757684472576734	0.0
158.0	25.775778430130806	24.125172750499924	24.232176671897278	25.86687214747199	0.0
159.0	25.799487753822348	24.268676551790833	24.16541620781846	25.766419486568353	0.0
160.0	25.86843197139907	24.022224371312966	24.302056783830242	25.807286873457723	0.0
161.0	25.722744416610254	24.069331053910634	24.310479833036446	25.89744469644267	0.0
162.0	25.839419246355472	24.134531694062375	24.066835335627314	25.95921372395484	0.0
163.0	25.934256541121638	24.022848300883794	24.17602301052257	25.86687214747199	0.0
164.0	25.98853841378385	24.015049181248422	24.118309525220795	25.878102879746933	0.0
165.0	25.824756901440963	24.095536095885496	24.18007855273297	25.899628449940572	0.0
166.0	26.007568265694168	24.00506630811514	24.23560828453684	25.751757141653854	0.0
167.0	25.830372267578433	24.13047615185198	24.176958904878816	25.86219267569077	0.0
168.0	25.791376669401554	24.215330573484863	24.18912553151	25.804167225603575	0.0
169.0	25.92708135105709	24.1329718701353	24.225313446618145	25.714633332189464	0.0
170.0	25.880286633244836	24.192557144149568	24.14919403897688	25.77796218362871	0.0
171.0	25.82818851408053	24.157929052968502	24.155745299470595	25.858137133480376	0.0
172.0	25.806743451838727	24.226636884335576	24.09342750539701	25.873192158428694	0.0
173.0	25.77960243083719	24.1430300610205	24.14147023222731	25.935897275914993	0.0
174.0	25.81735028763243	24.069718107740496	24.159564246228335	25.953367358398744	0.0
175.0	25.793328924217278	24.23849158316383	24.16081210926289	25.807367383356	0.0
176.0	25.77429901294034	24.22414115826647	24.204799281230894	25.796760547562297	0.0
177.0	25.92061095374172	24.170483047780674	24.15706852015923	25.75183747831838	0.0
178.0	25.741854574041955	24.37887617455108	24.12150442367446	25.757764827732508	0.0
179.0	25.755037482802834	24.212673960448857	24.18116532053022	25.851123236218086	0.0
180.0	25.875144674571903	24.09506250253473	24.14716094675664	25.88263187613673	0.0
181.0	25.870153206862017	24.1861567882401	24.086639400774303	25.85705060412358	0.0
182.0	25.869529273398285	24.247302267686173	24.151528481002785	25.731639977912756	0.0
183.0	25.782802521939058	24.11534034010613	24.24231079997629	25.859546337978518	0.0
184.0	25.798400858532446	24.286610075901503	24.14185751231489	25.77313155325116	0.0
185.0	25.856738637391707	24.03391702308866	24.30907168059598	25.80027265892365	0.0
186.0	25.714481807660032	24.071976964376518	24.322798216798162	25.89074301116529	0.0
187.0	25.831469332110423	24.133434410554457	24.06480172954356	25.970294527791555	0.0
188.0	25.92630721859821	24.02112638708208	24.177733686479673	25.874832707840035	0.0
189.0	25.963431259690466	24.014263118980992	24.128130976112708	25.894174645215834	0.0
190.0	25.829285564987348	24.086327434042435	24.194891856732397	25.889495144237817	0.0
191.0	26.008666435811286	24.009583618002974	24.211738060253253	25.770011885932487	0.0
192.0	25.83739670001591	24.1069172383457	24.1755499193566	25.880136142281785	0.0
193.0	25.79528119121377	24.202379058297225	24.19333202307306	25.80900772741595	0.0
194.0	25.93940982133665	24.117212140497337	24.22920819723785	25.714169840928164	0.0
195.0	25.872336973985092	24.20861839293458	24.151840447734653	25.767204185345676	0.0
196.0	25.824918030741202	24.17586188608847	24.132186543626986	25.867033539543343	0.0
197.0	25.83872517516987	24.20557423895478	24.086402575605373	25.869298010269976	0.0
198.0	25.78569066530233	24.137565279242292	24.131949860550435	25.94479419490494	0.0
199.0	25.817199403517748	24.06362893313284	24.163458598765857	25.955713064583552	0.0
200.0	25.81440185685495	24.223034734917732	24.171247449632187	25.791315958595128	0.0
201.0	25.784301491233542	24.225681662195043	24.212266799775378	25.777750046796033	0.0
202.0	25.923776721201	24.167009846130806	24.155154555551395	25.75405887711679	0.0
203.0	25.741134773900075	24.39333337493214	24.130636898559224	25.734894952608556	0.0
204.0	25.744032297818837	24.2080763266847	24.18966856672189	25.858222808774574	0.0
205.0	25.88102050176438	24.093551195130246	24.15376791291352	25.871660390191852	0.0
206.0	25.881956512921633	24.19963245961892	24.09105516537757	25.827355862081873	0.0
207.0	25.838275992249827	24.26296921459304	24.145343812498247	25.75341098065889	0.0
208.0	25.756861913067354	24.131905984692715	24.2420460466582	25.86918605558173	0.0
209.0	25.82818238265661	24.265892021928853	24.14264363117841	25.763281964236125	0.0
210.0	25.85907248565482	24.028755877700153	24.32580010047084	25.786371536174187	0.0
211.0	25.733961127908465	24.077419676929175	24.315182831128876	25.873436364033488	0.0
212.0	25.8227374136075	24.120941697739365	24.089738989344276	25.96658189930886	0.0
213.0	25.937575082454185	24.03761845476019	24.167423341789373	25.857383120996253	0.0
214.0	25.940556985724317	24.029019424292066	24.136984164131366	25.89343942585225	0.0
215.0	25.830106312271628	24.073005045698363	24.208430716039828	25.88845792599018	0.0
216.0	26.00813183178404	24.00481793870858	24.2088938399658	25.77815638954158	0.0
217.0	25.85056090368683	24.124007301889442	24.176431123523628	25.849000670900097	0.0
218.0	25.77379745057963	24.20545145335684	24.220429688109466	25.80032140795407	0.0
219.0	25.92326775154853	24.12837595369229	24.233223596960666	25.71513269779851	0.0
220.0	25.86929454754245	24.21698740252324	24.134918133563836	25.778799916370478	0.0
221.0	25.815944104825295	24.170793585410834	24.155502922388962	25.857759387374905	0.0
222.0	25.842882464549632	24.2273317355702	24.092832534451766	25.836953265428402	0.0
223.0	25.75472934597405	24.149466680813617	24.140416794093234	25.955387179119104	0.0
224.0	25.82745083353618	24.06738192871097	24.181287097196996	25.923880140555855	0.0
225.0	25.789851454250407	24.242603919610538	24.177381100986146	25.790163525152916	0.0
226.0	25.776602982205382	24.21996417358957	24.21247433168765	25.7909585125174	0.0
227.0	25.897711172002275	24.16938700355152	24.175628694300713	25.757273130145492	0.0
228.0	25.75088008388885	24.369897385963597	24.13396000299603	25.745262527151525	0.0
229.0	25.71983197158747	24.19840085886737	24.204642627534938	25.877124542010222	0.0
230.0	25.879309161043874	24.10165344452004	24.14440955989289	25.874627834543197	0.0
231.0	25.878534423569064	24.19980026215592	24.109606141938706	25.812059172336312	0.0
232.0	25.85372856705928	24.24395633204127	24.1238007852243	25.77851431567515	0.0
233.0	25.77291595143722	24.1159764052308	24.23332605099716	25.87778159233482	0.0
234.0	25.814274300267158	24.270929564804874	24.154203390676887	25.76059274425108	0.0
235.0	25.857817893547562	24.022958371566077	24.320081396727904	25.79914233815846	0.0
236.0	25.71160160297624	24.09551690990125	24.340832199348323	25.852049287774186	0.0
237.0	25.80383393362089	24.151222526700835	24.099100504990606	25.94584303468767	0.0
238.0	25.917995998739073	24.0584396330825	24.18390818947625	25.83965617870218	0.0
239.0	25.920492885433475	24.055006413877695	24.147391221570604	25.877109479118225	0.0
240.0	25.826971215970733	24.070028028690395	24.22952313771513	25.87347761762374	0.0
241.0	25.993626060112305	24.02088854345173	24.222220141275475	25.76326525516049	0.0
242.0	25.858823602860614	24.112613976544477	24.185034540238675	25.84352788035623	0.0
243.0	25.770692007280015	24.22103524813551	24.23164933552691	25.776623409057564	0.0
244.0	25.92401806982545	24.1485671827244	24.257523110207828	25.66989163724232	0.0
245.0	25.88685253988573	24.20244153735677	24.157794498735523	25.752911424021978	0.0
246.0	25.827018487122082	24.15534053335082	24.180631141168426	25.83700983835867	0.0
247.0	25.82557921688628	24.241865983888093	24.106351089739587	25.826203709486045	0.0
248.0	25.76345173860911	24.16941446842526	24.14630795363709	25.920825839328536	0.0
249.0	25.804044264588327	24.079486410871304	24.21906225019984	25.897407074340528	0.0
