# Position (bp)	A	C	G	T	N
0.0	26.194277943581984	23.788305648210848	23.775765834301684	26.241650573905485	0.0
1.0	26.239421273654965	23.833727640815145	23.745391618388386	26.18145946714151	0.0
2.0	26.14871906330285	23.68325726291386	23.8451507197432	26.322872954040093	0.0
3.0	26.256032186521338	23.744803682280697	23.821982235001727	26.177181896196238	0.0
4.0	26.20510963140445	23.84643245201014	23.68177639093974	26.26668152564567	0.0
5.0	26.272036372551206	23.710133945485747	23.758051215761437	26.25977846620161	0.0
6.0	26.18832057007073	23.756104219537402	23.966983589295015	26.088591621096853	0.0
7.0	26.35427431732652	23.809377898733402	23.647257745972762	26.189090037967315	0.0
8.0	26.160724233983284	23.68440111420613	23.75348189415042	26.40139275766017	0.0
9.0	26.166448942529186	23.787174423495266	23.747064902219115	26.299311731756436	0.0
10.0	26.281399617313898	23.77444358722263	23.70509217610245	26.23906461936102	0.0
11.0	26.1658139321136	23.770265791372015	23.773329508329134	26.29059076818525	0.0
12.0	26.08170097565459	23.866633615659495	23.68782395325325	26.36384145543267	0.0
13.0	26.31899977996942	23.719296681994535	23.691723229380486	26.269980308655555	0.0
14.0	26.22430307402219	23.71038405084656	23.712612208633555	26.352700666497697	0.0
15.0	26.279728498973654	23.678354282658525	23.785584376157598	26.256332842210224	0.0
16.0	26.295604123205983	23.691723229380486	23.819285262685877	26.19338738472765	0.0
17.0	26.241571296871385	23.883623318785318	23.637411883322518	26.237393501020772	0.0
18.0	26.21288376536384	23.813157828771644	23.74742717405533	26.22653123180918	0.0
19.0	26.298667840163105	23.722081879228277	23.81538598655864	26.163864294049983	0.0
20.0	26.308064237610086	23.770478105625525	23.74986770349987	26.17158995326452	0.0
21.0	26.328953158683383	23.7089254181962	23.748196589814004	26.21392483330641	0.0
22.0	26.182173673274995	23.932297614206693	23.67633870132185	26.20919001119646	0.0
23.0	26.21308927646348	23.802229265656944	23.67355351184541	26.31112794603417	0.0
24.0	26.36878136819648	23.61868527915954	23.79972259512815	26.212810757515836	0.0
25.0	26.194707025918973	23.783568496164794	23.78746776143181	26.23425671648442	0.0
26.0	26.255145637557725	23.816990769882075	23.759058828772122	26.168804763788078	0.0
27.0	26.12089950479331	23.69026464870405	23.850970081494644	26.337865765007994	0.0
28.0	26.244283398599606	23.76100846140563	23.80974927724333	26.184958862751433	0.0
29.0	26.201669999610072	23.844842664646475	23.684415750803527	26.269071584939923	0.0
30.0	26.255145637557725	23.722572846630758	23.750146222447512	26.27213529336401	0.0
31.0	26.181338116432062	23.761844018248564	23.962934698447537	26.09388316687184	0.0
32.0	26.34315762501323	23.810306315138618	23.65043643919096	26.196099620657193	0.0
33.0	26.169918839578653	23.676617220269495	23.747361032971074	26.406102907180774	0.0
34.0	26.161563271149333	23.793316659332334	23.74568991928521	26.29943015023312	0.0
35.0	26.289330247351987	23.770133382352533	23.692705330559292	26.247831039736187	0.0
36.0	26.172074096974455	23.774311154931304	23.77765337299432	26.27596137509992	0.0
37.0	26.079884582069557	23.87012140607114	23.691591257871618	26.358402753987686	0.0
38.0	26.299635419712956	23.715822338828495	23.69938976668533	26.285152474773216	0.0
39.0	26.237525867375215	23.713315675281233	23.71248012076548	26.336678336578068	0.0
40.0	26.281253220366363	23.67822238561955	23.786287436323782	26.254236957690303	0.0
41.0	26.299356901541042	23.686299412605173	23.82388738953273	26.190456296321052	0.0
42.0	26.234462167484118	23.890453232621162	23.643129095957864	26.231955503936856	0.0
43.0	26.217751077169034	23.81051851728066	23.748408964942918	26.223321440607393	0.0
44.0	26.31272577379311	23.717214929688087	23.81191110814025	26.15814818837855	0.0
45.0	26.31070286650104	23.764218313075837	23.74444357794588	26.180635242477244	0.0
46.0	26.32964204944241	23.714085181760453	23.748342821492628	26.20792994730451	0.0
47.0	26.187041142589766	23.92854357683181	23.68261271599024	26.201802564588185	0.0
48.0	26.203752186361562	23.811009235636856	23.68010605942447	26.30513251857711	0.0
49.0	26.371976693664283	23.620503336638407	23.79875447020421	26.208765499493097	0.0
50.0	26.19483962968327	23.77786566548947	23.799868539788996	26.22742616503827	0.0
51.0	26.259734182997068	23.82131437929613	23.750292443266005	26.16865899444079	0.0
52.0	26.13245173293524	23.683169750782636	23.848330566727196	26.33604794955493	0.0
53.0	26.251378661111175	23.753356134624166	23.815186996579808	26.180078207684854	0.0
54.0	26.202081081984378	23.84665946235002	23.68428382036742	26.266975635298177	0.0
55.0	26.266418600505787	23.720769599269172	23.743050990964896	26.269760809260145	0.0
56.0	26.184255968627802	23.763382760887243	23.971156738449885	26.08120453203507	0.0
57.0	26.352201958534334	23.807109992090105	23.65002618063524	26.19066186874032	0.0
58.0	26.173672307572332	23.676485333273916	23.753356134624166	26.396486224529585	0.0
59.0	26.16420271610165	23.783436013413397	23.751963547643186	26.30039772284177	0.0
60.0	26.292526006489435	23.774735757356318	23.694522970658273	26.238215265495967	0.0
61.0	26.162180228105115	23.77835647342255	23.77584982383824	26.283613474634098	0.0
62.0	26.085866674093776	23.858847776741076	23.700928852929298	26.354356696235847	0.0
63.0	26.30060298848334	23.709284351543676	23.707613251820803	26.282499408152184	0.0
64.0	26.24155746494172	23.706220668718405	23.706220668718405	26.346001197621465	0.0
65.0	26.28806974056177	23.676976423568078	23.780027573145425	26.254926262724727	0.0
66.0	26.2889052904232	23.690623737971563	23.821248032976367	26.199222938628864	0.0
67.0	26.229859766881592	23.88642092216853	23.64355442911056	26.240164881839323	0.0
68.0	26.215098385996182	23.804537035747607	23.756632177025164	26.223732401231043	0.0
69.0	26.30450222117005	23.737136013591613	23.8087147850548	26.149646980183544	0.0
70.0	26.311948886772168	23.753502336747935	23.748767567386906	26.185781209092983	0.0
71.0	26.32336803640759	23.71701676108354	23.739019512820082	26.220595689688786	0.0
72.0	26.181046439731958	23.929524350640307	23.695849556881292	26.193579652746447	0.0
73.0	26.21112615096673	23.81226917999365	23.67496086852381	26.301643800515812	0.0
74.0	26.379349721205642	23.618422152036228	23.7919375233257	26.21029060343243	0.0
75.0	26.192744105212146	23.775505088484483	23.802521125426825	26.229229680876543	0.0
76.0	26.259866423800847	23.818118012733745	23.755451947661303	26.1665636158041	0.0
77.0	26.13899054717223	23.68136673295344	23.847362176434217	26.332280543440117	0.0
78.0	26.245383599872994	23.750438662455505	23.82619497223197	26.177982765439527	0.0
79.0	26.191073010143544	23.865187190499267	23.682202280487736	26.26153751886945	0.0
80.0	26.25930939211132	23.728157394874195	23.737348417751488	26.275184795263	0.0
81.0	26.17436205945756	23.755173431816537	23.980771266077326	26.089693242648575	0.0
82.0	26.356232906090028	23.818675044423276	23.64237451468614	26.182717534800553	0.0
83.0	26.173526511923264	23.673846805144745	23.759629685332797	26.392996997599194	0.0
84.0	26.160157751374474	23.778847278621683	23.752109757524106	26.308885212479737	0.0
85.0	26.288758853297757	23.7765529303963	23.69550504530048	26.239183171005465	0.0
86.0	26.172339554431595	23.774603324912892	23.777388475603473	26.275668645052043	0.0
87.0	26.07847997615911	23.868741418254437	23.695783560369534	26.35699504521692	0.0
88.0	26.299063910852897	23.710823374098656	23.71026634396054	26.279846371087906	0.0
89.0	26.236398020314887	23.71667219054887	23.708316738477137	26.338613050659106	0.0
90.0	26.292936579333627	23.679351171295124	23.778781050948762	26.248931198422493	0.0
91.0	26.288758853297757	23.686871078159683	23.822786431859896	26.201583636682663	0.0
92.0	26.234448414831483	23.884895292259788	23.644815302731953	26.235840990176772	0.0
93.0	26.211331664099685	23.8069110729236	23.757892420769426	26.22386484220729	0.0
94.0	26.30686233278652	23.72419209741343	23.811645829097582	26.157299740702474	0.0
95.0	26.310966778815086	23.756990708763173	23.755876651589762	26.17616586083198	0.0
96.0	26.33324792228337	23.70797219313295	23.74974933713598	26.209030547447693	0.0
97.0	26.18507831821929	23.93078362781578	23.692375392705152	26.191762661259776	0.0
98.0	26.21432231902141	23.816314253247477	23.677057106570707	26.292306321160403	0.0
99.0	26.375303580579757	23.613834361979457	23.804338138633273	26.206523918807513	0.0
100.0	26.187027918272765	23.784842138098526	23.80016042423297	26.22796951939573	0.0
101.0	26.259441634544682	23.816314253247477	23.758940308816648	26.165303803391186	0.0
102.0	26.14692186002986	23.672600877877052	23.8497359684499	26.33074129364319	0.0
103.0	26.246072948463716	23.74974933713598	23.829682939328446	26.174494775071857	0.0
104.0	26.196218889953432	23.863940197410933	23.68262739243778	26.25721352019786	0.0
105.0	26.258049063077916	23.72273345068069	23.736659165348364	26.282558320893028	0.0
106.0	26.174216260778504	23.750584880016042	23.98035917203271	26.094839687172744	0.0
107.0	26.351629865644703	23.814364653194	23.64502796283505	26.18897751832624	0.0
108.0	26.189256032619596	23.667309106303335	23.756155165883115	26.387279695193953	0.0
109.0	26.166417860564607	23.772866023484326	23.756433680176468	26.304282435774606	0.0
110.0	26.29418268815677	23.767229542485843	23.69927224417837	26.239315525179013	0.0
111.0	26.171358226871543	23.78087670485087	23.772799812838915	26.27496525543867	0.0
112.0	26.081398360669432	23.860810084417448	23.70846319026094	26.34932836465218	0.0
113.0	26.313678634392517	23.708184676743286	23.710691298402168	26.267445390462026	0.0
114.0	26.241265119802588	23.70400697397848	23.718489676896468	26.33623822932246	0.0
115.0	26.284991742074205	23.68673913588396	23.778370083191987	26.24989903884985	0.0
116.0	26.280257012274088	23.6822829196015	23.82683143526371	26.210628632860693	0.0
117.0	26.23680890352013	23.882534138794426	23.642734000094695	26.237922957590747	0.0
118.0	26.212021200448966	23.801486705157235	23.753860893638475	26.23263120075533	0.0
119.0	26.30030998554515	23.71626156875524	23.82070413787533	26.16272430782428	0.0
120.0	26.316537064682162	23.75337002294958	23.745571622735678	26.184521289632585	0.0
121.0	26.33296940799002	23.698224192865577	23.75420556582964	26.214600833314766	0.0
122.0	26.17755843229875	23.93718945656291	23.696274592812102	26.18897751832624	0.0
123.0	26.211258661794524	23.812136538847174	23.68179184955772	26.294812949800583	0.0
124.0	26.37892426639335	23.606314476058913	23.80712328156681	26.20763797598093	0.0
125.0	26.18396426104588	23.78094293799158	23.807401795860166	26.227691005102383	0.0
126.0	26.25972014883804	23.81603573895412	23.767852766203962	26.156391346003875	0.0
127.0	26.14720037432321	23.667030592009983	23.850292997036608	26.3354760366302	0.0
128.0	26.26111272030481	23.732759965241414	23.839987968182527	26.16613934627125	0.0
129.0	26.1939907756066	23.864218711704286	23.688754706891558	26.253035805797552	0.0
130.0	26.264733406118403	23.72663265078764	23.74027985116196	26.268354091932	0.0
131.0	26.183685746752523	23.73860876540184	23.99456340099374	26.083142086851897	0.0
132.0	26.350794322764642	23.8065662529801	23.651712305875538	26.190927118379715	0.0
133.0	26.186749403979416	23.668701677770105	23.758940308816648	26.385608609433834	0.0
134.0	26.162518660457657	23.775372652124506	23.76005436599006	26.302054321427775	0.0
135.0	26.292936579333627	23.76513381256493	23.70636713299373	26.235562475107717	0.0
136.0	26.164262617428918	23.775995900258184	23.78407283726086	26.275668645052043	0.0
137.0	26.069846009018317	23.862614086735164	23.71611516041075	26.351424743835768	0.0
138.0	26.309090453338978	23.695226530231416	23.71611516041075	26.279567856018847	0.0
139.0	26.24280386690322	23.700518316543516	23.717507735756044	26.33917008079722	0.0
140.0	26.295443214955146	23.6748949301902	23.772932234498548	26.25672962035611	0.0
141.0	26.285489881519357	23.67663196359241	23.837335606022627	26.200542548865606	0.0
142.0	26.23674960868524	23.87799891935852	23.6518440534082	26.233407418548044	0.0
143.0	26.21029060343243	23.7977863560658	23.76631406560719	26.22560897489458	0.0
144.0	26.299767438621902	23.71374061747135	23.82403319918116	26.16245874472559	0.0
145.0	26.325742805895658	23.750292443266005	23.75168503024699	26.172279720591344	0.0
146.0	26.338701321850927	23.693328357128134	23.76435068877736	26.20361963224358	0.0
147.0	26.18551590064672	23.933411689997268	23.692771319232847	26.18830109012316	0.0
148.0	26.21865965541636	23.805571493028673	23.67995944764122	26.29580940391375	0.0
149.0	26.388834732426847	23.59584672545273	23.80139370881401	26.21392483330641	0.0
150.0	26.184958862751433	23.771870700363745	23.80835668250511	26.23481375437971	0.0
151.0	26.262944168091757	23.81949744041087	23.76797143509673	26.149586956400643	0.0
152.0	26.15125807008651	23.657677931829703	23.852641195180507	26.33842280290328	0.0
153.0	26.250689334395418	23.731485452955365	23.841221918327104	26.176603294322113	0.0
154.0	26.191364798547244	23.865174547824488	23.693885395023422	26.24957525860484	0.0
155.0	26.258766383877095	23.721737289787825	23.752931411923953	26.266564914411127	0.0
156.0	26.181059597484417	23.740676578227617	23.998306604798326	26.079957219489643	0.0
157.0	26.3398153976415	23.808913720400398	23.659906083410853	26.191364798547244	0.0
158.0	26.1866299764373	23.6671475760496	23.75850179087683	26.387720656636272	0.0
159.0	26.16601957431164	23.76936402983495	23.760451423510343	26.30416497234307	0.0
160.0	26.29449004431249	23.755782765756557	23.714004807250426	26.23572238268053	0.0
161.0	26.176954721048574	23.779456942243364	23.785305856434224	26.25828248027384	0.0
162.0	26.08114393620784	23.85994914229851	23.72375299756852	26.335153923925127	0.0
163.0	26.324013134990153	23.68921655187012	23.712055169186804	26.27471514395292	0.0
164.0	26.242406856041512	23.693672867444107	23.724310037015268	26.339610239499113	0.0
165.0	26.30925158965132	23.669163131787176	23.777228784456373	26.24435649410513	0.0
166.0	26.28425802139037	23.675913547237077	23.84664661319073	26.193181818181817	0.0
167.0	26.236352495543674	23.881740196078432	23.655303030303028	26.226604278074866	0.0
168.0	26.207664884135472	23.80291889483066	23.760026737967916	26.22938948306595	0.0
169.0	26.29714320728389	23.72109993621863	23.827495063210403	26.15426179328708	0.0
170.0	26.327296832090198	23.748461165670488	23.754867172834075	26.169374829405246	0.0
171.0	26.34053409685937	23.680355173297386	23.769204202364108	26.209906527479138	0.0
172.0	26.186510544903573	23.93241903318887	23.688710881360088	26.192359540547468	0.0
173.0	26.213527334306306	23.804576699829543	23.694281353401887	26.287614612462264	0.0
174.0	26.391225392439754	23.604039706324713	23.790371996122953	26.21436290511258	0.0
175.0	26.200436725008075	23.765583395536936	23.790371996122953	26.243607883332032	0.0
176.0	26.263383059080425	23.812932407892244	23.76864715515993	26.1550373778674	0.0
177.0	26.147238717008882	23.65779476152809	23.85721766062456	26.337748860838467	0.0
178.0	26.255584398221902	23.723526331621343	23.8421773861117	26.178711884045054	0.0
179.0	26.194587729364187	23.85248275938903	23.69288873539144	26.260040775855348	0.0
180.0	26.260876346661615	23.71517062355864	23.759455876290957	26.264497153488787	0.0
181.0	26.17704074243251	23.738845129736294	24.001492886507204	26.082621241323988	0.0
182.0	26.339420002451007	23.816553214719416	23.658351808732274	26.185674974097306	0.0
183.0	26.176205171626243	23.665593422386614	23.77115386757874	26.387047538408403	0.0
184.0	26.173141412003254	23.76307668311813	23.760848494301406	26.30293341057721	0.0
185.0	26.300221426880388	23.748102552675924	23.711337334800227	26.24033868564346	0.0
186.0	26.17237873744899	23.782082526773156	23.77539794170485	26.270140794073	0.0
187.0	26.077958973359145	23.85951230381439	23.716072249223615	26.346456473602853	0.0
188.0	26.32473157213085	23.69685406715223	23.709666188533152	26.26874817218377	0.0
189.0	26.247858843845307	23.69323325024023	23.72359240742546	26.335315498489003	0.0
190.0	26.296043561212695	23.67262244627961	23.777626136727616	26.25370785578008	0.0
191.0	26.284418745856936	23.66878902833715	23.848994802720632	26.197797423085277	0.0
192.0	26.2448681740448	23.882417821153428	23.65040636819911	26.22230763660266	0.0
193.0	26.207824328615114	23.802481102068327	23.7593097032593	26.230384866057253	0.0
194.0	26.299810880893958	23.715647308186156	23.83624903560397	26.148292775315916	0.0
195.0	26.330243543750974	23.751086254150046	23.753035941086033	26.165634261012944	0.0
196.0	26.3412528200986	23.683257666490263	23.774336406428432	26.201153106982705	0.0
197.0	26.183048770297745	23.93560426705289	23.683257666490263	26.198089296159093	0.0
198.0	26.209787482940143	23.80608862769128	23.701919059688606	26.282204829679973	0.0
199.0	26.38748851070941	23.59747096342924	23.79996100604406	26.215079519817287	0.0
200.0	26.19502548533549	23.76430938918753	23.80107511907083	26.23959000640615	0.0
201.0	26.26354343648163	23.813887418878647	23.774614934685122	26.147954209954598	0.0
202.0	26.163830320586023	23.647606049633733	23.850653148761943	26.3379104810183	0.0
203.0	26.241539704202992	23.738963317828592	23.8353340946439	26.184162883324515	0.0
204.0	26.20031752221263	23.848981979221794	23.684650307773726	26.266050190791855	0.0
205.0	26.269671058128846	23.720023396373563	23.73784920480183	26.272456340695765	0.0
206.0	26.179427902960757	23.738684789571902	24.003843689942343	26.078043617524997	0.0
207.0	26.33582896041534	23.82042626201856	23.660828681885533	26.182916095680557	0.0
208.0	26.17818108894014	23.665842218434214	23.762770591708723	26.39320610091692	0.0
209.0	26.169268135075818	23.764441770558285	23.758592644584823	26.307697449781074	0.0
210.0	26.293844195561896	23.756709105443324	23.717714823676214	26.23173187531857	0.0
211.0	26.17491163617221	23.774813593406623	23.778713021583332	26.27156174883783	0.0
212.0	26.0832750740195	23.856980115701603	23.72328543535723	26.33645937492166	0.0
213.0	26.31974753987862	23.699053274544813	23.707966253234435	26.273232932342133	0.0
214.0	26.24983636328187	23.685683806510376	23.722171313021025	26.34230851718673	0.0
215.0	26.299136276658857	23.671478746723785	23.78372657209625	26.24565840452111	0.0
216.0	26.29419596352353	23.668202302897285	23.84311999688045	26.194481736698734	0.0
217.0	26.240160879713446	23.879886136380097	23.659289299382216	26.220663684524244	0.0
218.0	26.218713965005318	23.80523973194142	23.747583740453337	26.228462562599926	0.0
219.0	26.310981129447807	23.714226028828076	23.83733723278323	26.13745560894088	0.0
220.0	26.333058514194036	23.744930701011633	23.7635924060787	26.15841837871563	0.0
221.0	26.338775896741705	23.68211418798848	23.762610647815453	26.216499267454363	0.0
222.0	26.18001125279231	23.92416063639554	23.696040911141935	26.199787199670215	0.0
223.0	26.220120215474264	23.81163271331562	23.697990652383417	26.270256418826705	0.0
224.0	26.399217875227706	23.589640746249533	23.797427455699093	26.213713922823672	0.0
225.0	26.191988234704276	23.76456038905694	23.803276679423547	26.240174696815238	0.0
226.0	26.263996434739013	23.815107793437694	23.767478134922847	26.15341763690045	0.0
227.0	26.166787365606375	23.653556904907806	23.850481867305444	26.329173862180376	0.0
228.0	26.252019386106625	23.734889421202162	23.838783354687763	26.17430783800345	0.0
229.0	26.19993315135647	23.84407553896719	23.685588546599075	26.270402763077268	0.0
230.0	26.258425714444876	23.727926020834495	23.744638181716894	26.269010083003728	0.0
231.0	26.192691214974097	23.739345997437468	23.991421090747032	26.076541696841403	0.0
232.0	26.34616455907749	23.825413625981838	23.656899337084287	26.171522477856385	0.0
233.0	26.18489220656231	23.66386273745195	23.7613503425993	26.38989471338644	0.0
234.0	26.183499526488774	23.75522255027575	23.762464486658125	26.29881343657735	0.0
235.0	26.31253499118431	23.739690657040434	23.714343809102026	26.23343054267323	0.0
236.0	26.17298805912779	23.761973600282992	23.782863859572892	26.282174481016323	0.0
237.0	26.08636311727234	23.849434152510035	23.72799211183809	26.33621061837953	0.0
238.0	26.332868176893143	23.69568184413638	23.704873558223937	26.266576420746535	0.0
239.0	26.247078845409295	23.691225255487872	23.722699912817983	26.338995986284846	0.0
240.0	26.299867965838246	23.665591451762964	23.782583746984663	26.251956835414127	0.0
241.0	26.302916851215798	23.660730452416967	23.842633216614715	26.193719479752524	0.0
242.0	26.229987714748155	23.87628946393401	23.66206364373327	26.23165917758457	0.0
243.0	26.21014361531711	23.810890247809553	23.754335622449123	26.224630514424213	0.0
244.0	26.30851615132147	23.72045982647847	23.82577636117442	26.14524766102564	0.0
245.0	26.322241974042765	23.738220887271595	23.77054204815853	26.168995090527115	0.0
246.0	26.330381573887795	23.6938603775057	23.747917142681995	26.22784090592451	0.0
247.0	26.172143870297145	23.93054498942458	23.68141652106306	26.21589461921522	0.0
248.0	26.222737482791104	23.79649189300664	23.709820358613925	26.270950265588333	0.0
249.0	26.39412974533618	23.57967371372197	23.808475417054506	26.217721123887344	0.0
