# Position (bp)	A	C	G	T	N
0.0	26.278706141856883	24.611309870556383	24.457231159694857	24.622684808942132	0.030068018949745843
1.0	26.15429079001445	22.634716090628274	24.79661668589004	26.413793103448274	5.833300189582256E-4
2.0	25.755293057047023	23.940951093080912	23.173527423139642	27.12953903671002	6.893900224051757E-4
3.0	26.85257561278786	23.51531982907379	23.398998581978507	26.232734766344635	3.71209815211754E-4
4.0	26.606131216236495	23.771972295035283	23.71838553512783	25.90351095360039	0.0
5.0	25.711263766566546	24.246232754670874	24.473731100137453	25.56193151928592	0.006840859339204806
6.0	25.84468018593345	24.20512815073856	24.73680596119749	25.213306157275557	7.954485494597976E-5
7.0	25.636988569669494	24.506178911757445	24.505197858546445	25.351608145074966	2.651495164865992E-5
8.0	25.59506843111296	24.612238718352085	24.448800556389745	25.34389229414521	0.0
9.0	25.973808000462423	24.311691741414528	24.487618445603385	25.226881812519668	0.0
10.0	25.886865474006466	24.283267713247163	24.384130589318666	25.445471073911225	2.651495164865992E-4
11.0	25.728995451890345	24.40815313551235	24.32781283201691	25.53392495261115	0.0011136279692437168
12.0	25.989796516306562	24.126299199487093	24.27955562001635	25.603341096027343	0.0010075681626490769
13.0	25.895350258534034	24.088091154161376	24.285335879475756	25.731169677925536	5.302990329731984E-5
14.0	25.67975718667878	24.340699098518158	24.219393194725537	25.75678312121814	0.00336739885937981
15.0	25.873501938375544	24.149446752276376	24.292919155647276	25.675594339269942	0.008537814430868495
16.0	25.79406314323616	24.204863001222073	24.28687374667138	25.7140410191605	1.5908970989195951E-4
17.0	25.65987097294229	24.385350277094503	24.3438278628127	25.610818312392265	1.325747582432996E-4
18.0	25.82569548055301	24.235991554457602	24.320627280120124	25.617261445642892	4.242392263785587E-4
19.0	25.76643456361825	24.256832306453447	24.27857456680535	25.698158563122952	0.0
20.0	25.65751114224556	24.415338687409136	24.31691518688931	25.61015543860105	7.954485494597976E-5
21.0	25.9149448078024	24.18810555178012	24.254737625273204	25.642212015144278	0.0
22.0	25.870983017968918	24.150162655970888	24.192162339382367	25.78669198667783	0.0
23.0	25.714703892951718	24.30466527922763	24.171798856516194	25.80877894140116	5.302990329731984E-5
24.0	25.886123055360304	24.103310736407707	24.1963782166945	25.814055416779247	1.325747582432996E-4
25.0	25.77279815201393	24.11614397300566	24.156420184559973	25.95423996614571	3.9772427472989884E-4
26.0	25.61810992409565	24.304930428744118	24.19916228661761	25.87742615121954	3.712093230812389E-4
27.0	25.82211596208044	24.164586789667762	24.192188854334017	25.82007431080349	0.001034083114297737
28.0	25.740211276437723	24.173973082551388	24.199029711859367	25.886070025457002	7.159036945138179E-4
29.0	25.58008748343147	24.35713836854033	24.28865024843184	25.77380572017658	3.1817941978391903E-4
30.0	25.75733993520276	24.234559747068573	24.26767692167775	25.740237791389376	1.8560466154061945E-4
31.0	25.7348022263014	24.213586420314485	24.215946251011214	25.835638587421254	2.651495164865992E-5
32.0	25.639427945221172	24.312831884335417	24.244052099758793	25.803661555732972	2.651495164865992E-5
33.0	25.822990955484844	24.154166413669838	24.198499412826397	25.824343218018925	0.0
34.0	25.753521782165357	24.09843198530435	24.199851675360478	25.948194557169817	0.0
35.0	25.615784472580515	24.283526220504406	24.19838169650265	25.90230761041243	0.0
36.0	25.81347693873541	24.14707925745145	24.18416999308969	25.855140869018655	1.3294170479656331E-4
37.0	25.751892914513125	24.106937419841408	24.227521507002827	25.913648158642637	0.0
38.0	25.61028118312357	24.309927283262343	24.26489615362658	25.814895379987508	0.0
39.0	25.772483847894907	24.17927099292547	24.272366776539116	25.77587838264051	0.0
40.0	25.727982935522885	24.19506728619318	24.229538001352044	25.84741177693189	0.0
41.0	25.60128629446802	24.348571842713458	24.279183879444787	25.770850613217807	1.0737015592830894E-4
42.0	25.77608799771826	24.171900141532536	24.28951206255415	25.762499798195055	0.0
43.0	25.713464814722393	24.17003103809687	24.255712911767365	25.860791235413377	0.0
44.0	25.612643580518984	24.31458208322895	24.258039940936456	25.814734395315604	0.0
45.0	25.81377881757386	24.12248211697272	24.273540174605422	25.790198890848004	0.0
46.0	25.732188585570114	24.11268573363681	24.25903225639606	25.89609342439702	0.0
47.0	25.621670051530977	24.264792448861687	24.242967244438194	25.870570255169145	0.0
48.0	25.8216774637164	24.123722702482038	24.28350569590182	25.770984472152712	1.0966574702798971E-4
49.0	25.749023109064456	24.142870746554394	24.240931386175074	25.867174758206072	0.0
50.0	25.665785226008147	24.3054889646743	24.24994410971684	25.77878169960071	0.0
51.0	25.79319164738021	24.159585560677332	24.293607812978316	25.75361497896414	0.0
52.0	25.752155787726842	24.166820943594868	24.279461688763586	25.80153369854214	2.7881372566513803E-5
53.0	25.650950143619035	24.31424118640274	24.273451308343745	25.761329346608346	2.801502613942014E-5
54.0	25.848893494440016	24.18599543261988	24.254252703962244	25.710858368977856	0.0
55.0	25.743651185057388	24.134074922556092	24.27656265128528	25.845541376930292	1.6986417094677191E-4
56.0	25.64096942764455	24.278797286531912	24.301688543381495	25.77851627072954	2.847171249948039E-5
57.0	25.802670733212825	24.13716458656224	24.267948652216642	25.79215874195238	5.7286055915200604E-5
58.0	25.735587025512572	24.142860025307918	24.257466268119806	25.864086681059707	0.0
59.0	25.672668249756846	24.286825997033446	24.285027030916684	25.755478722293017	0.0
60.0	25.867030788192814	24.111482419246325	24.270172095916106	25.751314696644762	0.0
61.0	25.768467026230553	24.145368866820625	24.25579191390239	25.830342770438637	2.942260780222829E-5
62.0	25.644331577880102	24.305803431138283	24.27879569821067	25.771039646521842	2.9646249097271717E-5
63.0	25.839060937807208	24.167632306617527	24.28126805906071	25.71173989095988	2.9880555467573923E-4
64.0	25.764595229530705	24.157166278336224	24.264868476786635	25.81330976236828	6.025297815407771E-5
65.0	25.676873490345965	24.292451038514354	24.267928893680548	25.762533869883132	2.1270757600573459E-4
66.0	25.825884485800298	24.190015452225207	24.274252925235945	25.709755140954403	9.199578413986548E-5
67.0	25.754157488245376	24.143841711347793	24.245486569043447	25.85651423136338	0.0
68.0	25.623795765594657	24.31283252181293	24.250054528421337	25.81331718417107	0.0
69.0	25.822568971302296	24.16674636760979	24.254464752139537	25.75621990894838	0.0
70.0	25.798576580105166	24.12669291855938	24.240814017056287	25.833820798618046	9.568566112093838E-5
71.0	25.640085000812356	24.336382462393072	24.24267138778784	25.780861149006736	0.0
72.0	25.820269655816443	24.183788382276965	24.216122308290295	25.779819653616297	0.0
73.0	25.751045789177606	24.148117909226226	24.26524365915088	25.835592642445288	0.0
74.0	25.66511592520937	24.30431860696212	24.264643561931443	25.76585516906775	6.673682931989166E-5
75.0	25.825044738311703	24.176559996297286	24.251729143771044	25.746598553846955	6.756777301012063E-5
76.0	25.707190612447977	24.157780516832755	24.26389418335593	25.866207125938207	0.00492756142513289
77.0	25.625076055441514	24.34838471243156	24.25359926418202	25.76843297881819	0.004506989126715386
78.0	25.791347391736984	24.147058079459402	24.25092198541689	25.80642101002378	0.004251533362941808
79.0	25.69147725228218	24.182456295359962	24.256489385087143	25.864945545776713	0.004631521494000576
80.0	25.60617917973687	24.34565888632844	24.2312336464401	25.81244810759369	0.004480179900901311
81.0	25.80039915476559	24.16895303259373	24.249018610114366	25.77774323585178	0.00388596667453636
82.0	25.743691340650116	24.152562870766538	24.22962798129599	25.87006174883844	0.004056058448918595
83.0	25.57729686233843	24.365677068871396	24.227446935911313	25.82493242439182	0.00464670848704305
84.0	25.81876704985224	24.191229262448672	24.254699130186523	25.731428827983226	0.0038757295293367785
85.0	25.74093894571848	24.16979083201251	24.23397025365688	25.8512448897233	0.004055078888830403
86.0	25.575867358465885	24.340894767508694	24.24901600941777	25.830971623812378	0.003250240795278431
87.0	25.80615904055828	24.18323943798231	24.264544642482836	25.74254991180179	0.0035069671747872443
88.0	25.734255984417448	24.173212363524527	24.260515659439232	25.828981495719923	0.0030344968988671893
89.0	25.53313125310882	24.379821799960606	24.226842841452708	25.85686577577775	0.0033383297001178427
90.0	25.811599836029707	24.162296603563593	24.254986544665975	25.767251394915647	0.0038656208250764097
91.0	25.700932962512812	24.189031959480793	24.241540837114346	25.865250282224405	0.0032439586676412963
92.0	25.57811751674597	24.348677395775827	24.252847684511845	25.81555490249382	0.004802500472539611
93.0	25.77773787344841	24.18652779960046	24.280622208255707	25.750622881641267	0.004489237054162645
94.0	25.747799539703013	24.141702641193056	24.234970214327785	25.87186646353435	0.0036611412417950394
95.0	25.555198841259237	24.376766202398862	24.22548408411323	25.838164530736123	0.004386341492550685
96.0	25.76927049789389	24.189816302351165	24.260408827350105	25.77669627935028	0.0038080930545618813
97.0	25.712574681615052	24.22124942991597	24.25243102286796	25.809713600468598	0.0040312651324222026
98.0	25.64310259699829	24.354914507458663	24.210906718644967	25.786713806703375	0.0043623701947005135
99.0	25.789933169525707	24.1652010860901	24.278719263928497	25.76138914264169	0.004757337814003275
100.0	25.700211919160594	24.211609034992502	24.265312451542876	25.81899002429317	0.0038765700108543957
101.0	25.624517941676288	24.356450488089827	24.2181350539351	25.796725936413967	0.004170579884818087
102.0	25.83086028599774	24.144350797426267	24.279921085468622	25.741037552376365	0.0038302787310016823
103.0	25.735628977248293	24.206204369501048	24.24705886244772	25.80697272066664	0.004135070136302938
104.0	25.661884620022835	24.360768959411775	24.232285971573702	25.74077768273042	0.004282766261269029
105.0	25.7796940694844	24.20278730545106	24.262546562661356	25.750650033193185	0.004322029210002213
106.0	25.68921781257756	24.274379578696546	24.24991466756902	25.782184474862156	0.004303466294721415
107.0	25.578119249727006	24.344114435334504	24.29017875996211	25.783605726593184	0.003981828383196684
108.0	25.832411313187194	24.191112549023483	24.270698529048573	25.701393896885214	0.004383711855532615
109.0	25.683981926077433	24.26599181250549	24.250317127942715	25.796106484199854	0.0036026492745086015
110.0	25.568192845913472	24.401982286228158	24.29206373852454	25.732779535353146	0.004981593980681766
111.0	25.796870424330603	24.23261262192399	24.239503041722816	25.726442383502214	0.004571528520375103
112.0	25.693314129096457	24.1535587794902	24.28170769287158	25.866735990160773	0.004683408380993235
113.0	25.57639613324988	24.351832533555882	24.289728075665902	25.77689686348147	0.005146394046873913
114.0	25.86888654682221	24.15829900400408	24.267254986214823	25.700286249954573	0.005273213004313345
115.0	25.69705283795649	24.1543691717471	24.29425454609205	25.849210140703505	0.005113303500859766
116.0	25.58013796904533	24.343254164382657	24.295102787837397	25.775963551729408	0.0055415270052090355
117.0	25.855340984160634	24.15810173449478	24.29122305695104	25.689803505861025	0.005530718532516016
118.0	25.714506307792544	24.193435294803525	24.34194199493738	25.74389251423813	0.0062238882284214245
119.0	25.589300969633978	24.405890059655484	24.251437235658155	25.747552476377443	0.005819258674938635
120.0	25.78090917384778	24.251436912690448	24.3089963589918	25.65434474293155	0.004312811538429639
121.0	25.685670261941446	24.23490452800313	24.268700678476876	25.80510602797334	0.00561850360520648
122.0	25.56936034878946	24.391584318453862	24.31251255974068	25.720776213817025	0.005766559198972504
123.0	25.778985734820925	24.229628287012027	24.338470042047195	25.64780136065653	0.005114575463317726
124.0	25.77007987242535	24.282507800581644	24.166086712049076	25.777269773379853	0.004055841564079992
125.0	25.631403614566185	24.439075787367102	24.258924945353613	25.66519964746099	0.005396005252111779
126.0	25.817431866490914	24.21462237765639	24.257037098288333	25.706239147036076	0.004669510528287019
127.0	25.81915190507771	24.16199287202555	24.2455160079342	25.76783769104042	0.005501523922126429
128.0	25.61149407322711	24.372054093627384	24.26871601668216	25.743931330048454	0.0038044864148987804
129.0	25.836987658655175	24.18516564218665	24.28911167907216	25.682919117717034	0.005815902368975651
130.0	25.70387985144605	24.2680541564864	24.246515139318277	25.77709075323466	0.004460099514610633
131.0	25.693670217291046	24.403490626441183	24.169767306495448	25.727698899888512	0.0053729498838099585
132.0	25.798182429847966	24.192024627522546	24.29801883010051	25.707626513297665	0.004147599231311609
133.0	25.751656775821747	24.233044435273076	24.20754645376445	25.80372009620448	0.00403223893624793
134.0	25.61636288788749	24.34888405427096	24.329339276574487	25.701260516006563	0.004153265260501348
135.0	25.856915795289087	24.185808867853055	24.303600575367188	25.650402769615276	0.0032719918753924817
136.0	25.67619660743281	24.19900603414373	24.294794334212906	25.828185901987023	0.0018171222235345882
137.0	25.584471218206158	24.371887550200803	24.26265060240964	25.77777777777778	0.00321285140562249
138.0	25.893913264572898	24.13690180081584	24.325384981041136	25.64006898152754	0.003730972042582828
139.0	25.716219747828955	24.316554776297806	24.206877937389947	25.756777328883423	0.003570209599865189
140.0	25.64428255933861	24.46761584841417	24.08168805054828	25.80346302336663	0.002950518332308028
141.0	25.795368904104155	24.25360269236989	24.320271189750443	25.627858583454614	0.0028986303208936325
142.0	25.861298521293158	24.32159953087786	24.157281349416028	25.659193429781418	6.271686315337253E-4
143.0	25.648114860736516	24.411291973709453	24.165281581946772	25.774505520724684	8.060628825775956E-4
144.0	25.953366457360417	24.299211161525253	24.145424985691417	25.600172532495	0.0018248629279096196
145.0	25.752176508929292	24.280926613713074	24.140131420252267	25.82488362584404	0.0018818312613230644
146.0	25.683744374310802	24.475683128824105	23.939450964391302	25.89953868908911	0.0015828433846819454
147.0	25.40497612027981	24.435281787950984	24.186693356832283	25.972142139637434	9.065952994846913E-4
148.0	25.410661795108897	24.391055278648594	24.23769142290083	25.960215611538374	3.7589180330333715E-4
149.0	24.515513905586918	24.747804485775934	24.23445623701203	26.502026322284767	1.9904934035048605E-4
150.0	25.37877326432067	27.766714251371894	18.604630456783493	28.24988202752394	0.0
