# Position (bp)	A	C	G	T	N
0.0	26.264068396620242	23.724521034409822	23.78407863830166	26.227331930668267	0.0
1.0	26.271582673746785	23.764597179084706	23.74288926738581	26.2209308797827	0.0
2.0	26.222587108983635	23.78381387064455	23.728153178225536	26.265445842146278	0.0
3.0	26.258797598871237	23.793939292741236	23.648391037789672	26.298872070597863	0.0
4.0	26.250215674378996	23.669080364447957	23.77983959391993	26.300864367253112	0.0
5.0	26.36621678029776	23.7656880478642	23.708918881313483	26.15917629052456	0.0
6.0	26.200964500482808	23.860951644186702	23.712631171787386	26.225452683543104	0.0
7.0	26.28974989704262	23.664893202586732	23.718876261923576	26.32648063844707	0.0
8.0	26.270799710612724	23.82297289776838	23.600367299237575	26.305860092381323	0.0
9.0	26.299900109351043	23.77230496976847	23.659058468028036	26.268736452852448	0.0
10.0	26.380619024829997	23.59600894814749	23.779089826490523	26.244282200531995	0.0
11.0	26.237048001691686	23.766847336145396	23.66167321454408	26.334431447618833	0.0
12.0	26.255133498792443	23.76517790564379	23.69422710932544	26.285461486238326	0.0
13.0	26.286852678323	23.77018619714861	23.664455598713424	26.27850552581496	0.0
14.0	26.295199830831038	23.870908504078976	23.77463801181957	26.059253653270414	0.0
15.0	26.224527272929627	23.69561830141011	23.767403812979264	26.312450612680994	0.0
16.0	26.281214785548336	23.669398032859863	23.721150234415216	26.32823694717658	0.0
17.0	26.27731945854955	23.704734213491744	23.732557977768813	26.285388350189898	0.0
18.0	26.261738150554386	23.645469595581588	23.750643424548905	26.34214882931512	0.0
19.0	26.203864720858082	23.69137880663875	23.740905107051933	26.36385136545123	0.0
20.0	26.23467610446125	23.736387261203205	23.66404567536435	26.364890958971195	0.0
21.0	26.307574164037327	23.57306221932856	23.708285337473498	26.411078279160616	0.0
22.0	26.246640289811523	23.73972610362654	23.74278670918126	26.27084689738068	0.0
23.0	26.30117471605928	23.70912004807933	23.642621436481306	26.347083799380087	0.0
24.0	26.325381323628434	23.68101812434962	23.704668258181556	26.288932293840396	0.0
25.0	26.271403371117902	23.707450626867665	23.766715079881806	26.25443092213263	0.0
26.0	26.283645793336785	23.756142078874586	23.729987813225154	26.230224314563472	0.0
27.0	26.24051907870208	23.783409291998463	23.718858338480718	26.257213290818736	0.0
28.0	26.27418573980401	23.79092168745096	23.64651675264186	26.28837582010317	0.0
29.0	26.26166508071652	23.671001597079623	23.760315631903755	26.307017690300107	0.0
30.0	26.37073393321202	23.757533263217642	23.712737127371277	26.15899567619906	0.0
31.0	26.191827626695158	23.854081456625657	23.71635420666322	26.23773671001597	0.0
32.0	26.286149925154284	23.642621436481306	23.731935471305434	26.33929316705898	0.0
33.0	26.263612738796795	23.808450610173455	23.605059459218822	26.322877191810935	0.0
34.0	26.312304190803715	23.75669855261181	23.654307384962966	26.27668987162151	0.0
35.0	26.386593434722847	23.585861115284665	23.781183397049578	26.246362052942914	0.0
36.0	26.227998419614586	23.769775685436525	23.662376254152687	26.339849640796203	0.0
37.0	26.260830370110682	23.761706816246807	23.69186936222545	26.28559345141706	0.0
38.0	26.29366232060678	23.77367100159708	23.653194437488523	26.279472240307616	0.0
39.0	26.28559345141706	23.862985036421204	23.77895750210069	26.072464010061047	0.0
40.0	26.229946077694866	23.69715586272906	23.76782802735625	26.30507003221983	0.0
41.0	26.282459718369427	23.667040430486885	23.725470010322557	26.32502984082113	0.0
42.0	26.29025032901418	23.701819942293834	23.726304718605924	26.281625010086056	0.0
43.0	26.26743496926882	23.639495057135782	23.74550300912336	26.347566964472037	0.0
44.0	26.204831848016312	23.70348935886057	23.73242591268395	26.359252880439165	0.0
45.0	26.245937764323557	23.740428704981525	23.662522815296267	26.351110715398658	0.0
46.0	26.317166006321507	23.575991630681564	23.700362818857677	26.40647954413925	0.0
47.0	26.247328940925073	23.7265169389663	23.745158705426704	26.280995414681925	0.0
48.0	26.320226594844854	23.70008458353737	23.62384810577394	26.355840715843833	0.0
49.0	26.32551306593064	23.675043404709967	23.703145172060722	26.29629835729867	0.0
50.0	26.267361883987	23.710935761029248	23.776321061300806	26.245381293682946	0.0
51.0	26.279326002760094	23.749332235231268	23.731246939411477	26.24009482259716	0.0
52.0	26.23592129279259	23.781051061745984	23.718169879357166	26.26485776610426	0.0
53.0	26.279326002760094	23.786059297511464	23.6461069313983	26.288507768330145	0.0
54.0	26.256510706495124	23.672261051506922	23.769365178293192	26.30186306370476	0.0
55.0	26.369474246538754	23.74988870587188	23.716778702755644	26.16385834483373	0.0
56.0	26.184169523215957	23.84782753861906	23.713996349552595	26.254006588612384	0.0
57.0	26.270700707830656	23.641933401593732	23.72596046832569	26.361405422249923	0.0
58.0	26.26485776610426	23.802196946089126	23.60214575079019	26.330799537016425	0.0
59.0	26.30241953434537	23.749332235231268	23.660018697413523	26.288229533009837	0.0
60.0	26.383386012553977	23.584616925611005	23.78967635667542	26.242320705159592	0.0
61.0	26.248163646885992	23.744323999465788	23.64861104928104	26.358901304367183	0.0
62.0	26.261240706940303	23.756844588879492	23.68867693540489	26.293237768775317	0.0
63.0	26.293237768775317	23.76296576592619	23.654453991007436	26.289342474291054	0.0
64.0	26.295741886658057	23.857287539509414	23.772147531496238	26.074823042336288	0.0
65.0	26.232860704269246	23.697023995014025	23.76046164804345	26.309653652673287	0.0
66.0	26.29010403189681	23.664682854352563	23.723112109045683	26.322101004704944	0.0
67.0	26.29956400646617	23.68582867986055	23.726450923599575	26.288156390073702	0.0
68.0	26.263115280919507	23.63936351065221	23.748709687292195	26.34881152113609	0.0
69.0	26.200512508034024	23.697236296253017	23.744536169099828	26.357715026613132	0.0
70.0	26.25413872735873	23.743635402465152	23.665173478756852	26.33705239141927	0.0
71.0	26.330653014662918	23.57864277566011	23.706908544559138	26.38379566511783	0.0
72.0	26.254695194902755	23.733062519128573	23.744191870009182	26.268050415959486	0.0
73.0	26.319801897554324	23.697726830082637	23.634011296291142	26.348459976071897	0.0
74.0	26.33232241729501	23.67769399849754	23.704126206838986	26.285857377368465	0.0
75.0	26.27278039008375	23.702178570434878	23.77591052001892	26.249130519462454	0.0
76.0	26.278345065524057	23.736957791936785	23.740853064745	26.243844077794165	0.0
77.0	26.24746111683036	23.77591052001892	23.705517375699063	26.271110987451657	0.0
78.0	26.28613561114048	23.788709273531623	23.63901950418742	26.28613561114048	0.0
79.0	26.27500626025987	23.67045992042514	23.761442363874128	26.29309145544086	0.0
80.0	26.370718677833118	23.74196599983306	23.71442085640355	26.172894465930273	0.0
81.0	26.1806850115467	23.848807768286914	23.729445480092373	26.241061740074013	0.0
82.0	26.28641384491249	23.6459753484878	23.717203194123705	26.350407612476	0.0
83.0	26.25386049358671	23.813193845468962	23.619821373918366	26.313124287025957	0.0
84.0	26.302829637461393	23.75504298711778	23.653765894104225	26.288361481316603	0.0
85.0	26.38824740547008	23.58615508750452	23.783422831863334	26.242174675162072	0.0
86.0	26.24161820761804	23.733062519128573	23.67101638796917	26.354302885284213	0.0
87.0	26.256364597534848	23.743357168693137	23.707743245875186	26.292534987896833	0.0
88.0	26.292534987896833	23.75893825992599	23.648479452435936	26.30004729974124	0.0
89.0	26.288639715088618	23.862162989343645	23.77229348098272	26.076903814585012	0.0
90.0	26.23827940235386	23.688545115606132	23.757547091065913	26.315628390974094	0.0
91.0	26.2902359694055	23.66037767347132	23.72242363199791	26.326962725125274	0.0
92.0	26.293574765380022	23.690426837242043	23.72687535996394	26.28912303741399	0.0
93.0	26.270203193558352	23.635614936660257	23.755533358745282	26.338648511036112	0.0
94.0	26.210383099014777	23.699052060176232	23.72409302998517	26.36647181082382	0.0
95.0	26.253157935739484	23.736825704205756	23.66086830712386	26.3491480529309	0.0
96.0	26.32577654613647	23.56543465437993	23.71484535853004	26.39394344095356	0.0
97.0	26.267626011374134	23.723470557466083	23.73960802644319	26.26929540471659	0.0
98.0	26.32188129500406	23.687856832826952	23.636383871434454	26.353878000734532	0.0
99.0	26.32633301058395	23.673945221639787	23.710671875173894	26.28904989260236	0.0
100.0	26.277920603652632	23.708167785160207	23.771048267726176	26.242863343460986	0.0
101.0	26.282372319232522	23.750180850945434	23.72931343416469	26.238133395657353	0.0
102.0	26.257609651319374	23.776334679977296	23.707333088488976	26.25872258021435	0.0
103.0	26.285711105917443	23.788855130045743	23.6386097292244	26.28682403481242	0.0
104.0	26.28710226703616	23.674223453863533	23.742390348680622	26.296283930419683	0.0
105.0	26.371963095277845	23.74795499315549	23.730982827507148	26.149099084059518	0.0
106.0	26.18276518313245	23.841719252556953	23.726809344151	26.248706220159594	0.0
107.0	26.281259390337553	23.645287302594237	23.725139950808543	26.348313356259666	0.0
108.0	26.26929540471659	23.79831502565301	23.627758672498413	26.304630897131982	0.0
109.0	26.309360844935618	23.740999187561908	23.663372397137547	26.28626757036493	0.0
110.0	26.381422990885113	23.580737426685808	23.80332320568039	26.23451637674869	0.0
111.0	26.241472182342267	23.730982827507148	23.666711183822468	26.360833806328117	0.0
112.0	26.24954091683082	23.743503277575595	23.711506571845124	26.295449233748457	0.0
113.0	26.299622717104604	23.76631831992254	23.648626089279155	26.285432873693697	0.0
114.0	26.293779840405996	23.849787987045506	23.796923864534296	26.059508308014202	0.0
115.0	26.256218490200663	23.668937041612413	23.75324140540661	26.32160306278032	0.0
116.0	26.29259375704273	23.65662900340277	23.733699114945757	26.317078124608738	0.0
117.0	26.297880154585396	23.688903851557956	23.72173516261237	26.29148083124428	0.0
118.0	26.27395224991862	23.62407592379797	23.76764335179863	26.334328474484785	0.0
119.0	26.211628405205158	23.68528684271298	23.7345338092946	26.368550942787266	0.0
120.0	26.24954091683082	23.745172670918056	23.670606434954873	26.33467997729625	0.0
121.0	26.33106295838759	23.567938744393622	23.712063036292612	26.38893526092618	0.0
122.0	26.26929540471659	23.726531111927258	23.738216865324475	26.265956618031673	0.0
123.0	26.31715134720043	23.691752083959354	23.636383871434454	26.354712697405763	0.0
124.0	26.334123512848763	23.669215273836155	23.717627680767475	26.279033532547608	0.0
125.0	26.290997518168563	23.697594960657963	23.782455788899647	26.228951732273824	0.0
126.0	26.282650551456264	23.757414888762757	23.7248617185848	26.235072841196178	0.0
127.0	26.254549096858206	23.776891144424784	23.7145671263063	26.253992632410718	0.0
128.0	26.286545802588673	23.782455788899647	23.645287302594237	26.285711105917443	0.0
129.0	26.271243030282793	23.680344562785884	23.743503277575595	26.304909129355725	0.0
130.0	26.38058829421388	23.737103936429502	23.732373988625866	26.14993378073075	0.0
131.0	26.19055568539726	23.831424660278454	23.721244699676138	26.256774954648147	0.0
132.0	26.278755300323866	23.636383871434454	23.728756969717203	26.356103858524477	0.0
133.0	26.259279044661838	23.80527083124659	23.62970629806462	26.305743826026955	0.0
134.0	26.320490133885343	23.750737315392918	23.651686643740334	26.2770859069814	0.0
135.0	26.38281415200383	23.566547583274904	23.813339565735145	26.237298698986123	0.0
136.0	26.242028646789755	23.731261059730894	23.669493506059897	26.357216787419453	0.0
137.0	26.254549096858206	23.736547471982014	23.71707121631999	26.291832214839793	0.0
138.0	26.31186493494931	23.764927158803825	23.645843767041725	26.277364139205144	0.0
139.0	26.287936963707388	23.838380465872035	23.795254471191836	26.07842809922874	0.0
140.0	26.26456545691296	23.67923163389091	23.752128476511636	26.304074432684494	0.0
141.0	26.2999741243312	23.66037767347132	23.727431825959695	26.31221637623779	0.0
142.0	26.292461833388515	23.69849559418048	23.7285447579512	26.2804978144798	0.0
143.0	26.268533795571088	23.63644963565389	23.776122600588184	26.318893968186842	0.0
144.0	26.22819001087891	23.692096235229307	23.732440019921484	26.3472737339703	0.0
145.0	26.24968698700648	23.75198241562561	23.6587741020005	26.339556495367404	0.0
146.0	26.328148910714784	23.566678723463454	23.711360284911382	26.39381208091038	0.0
147.0	26.287248546228543	23.717481427895716	23.72610667482819	26.26916335104755	0.0
148.0	26.333435352383074	23.674076959461342	23.63067249102696	26.361815197128628	0.0
149.0	26.334826521243148	23.668512284021034	23.722767869564006	26.27389332517181	0.0
150.0	26.30644667649759	23.70384797306697	23.771458779666677	26.21824657076876	0.0
151.0	26.29030911772071	23.754486519573746	23.722211402019976	26.232992960685568	0.0
152.0	26.251356389638573	23.77479758493086	23.725828441056176	26.248017584374388	0.0
153.0	26.297821429565122	23.784814000723408	23.643749478311676	26.273615091399794	0.0
154.0	26.28140563701622	23.667955816477004	23.74196599983306	26.308672546673716	0.0
155.0	26.37572688572939	23.720263765615872	23.739740129656937	26.164269218997806	0.0
156.0	26.188197323391115	23.824879663893604	23.72666314237222	26.260259870343063	0.0
157.0	26.284187974736373	23.638184802871372	23.723046103336024	26.35458111905623	0.0
158.0	26.272502156311734	23.78230989677527	23.638184802871372	26.307003144041623	0.0
159.0	26.307559611585656	23.748365376589412	23.682423972621798	26.261651039203137	0.0
160.0	26.39854205503464	23.56918282741159	23.80929857266075	26.22297654489302	0.0
161.0	26.25302579227067	23.727776077460284	23.67769399849754	26.341504131771515	0.0
162.0	26.25803400016694	23.740018363428952	23.71497732394758	26.286970312456525	0.0
163.0	26.313124287025957	23.75838179238196	23.650983556384073	26.277510364208005	0.0
164.0	26.292534987896833	23.835174313458168	23.79649981914805	26.075790879496953	0.0
165.0	26.25831223393896	23.67574636209343	23.758660026153976	26.30728137781364	0.0
166.0	26.31236279558943	23.64409349793689	23.738971478176673	26.30457222829701	0.0
167.0	26.29705989555075	23.698627468983805	23.729233269061154	26.27507936640429	0.0
168.0	26.274522897311975	23.62851236335206	23.779037252823386	26.31792748651258	0.0
169.0	26.23362241902679	23.691671605329862	23.71615624539174	26.358549730251607	0.0
170.0	26.261240706940303	23.75044517651249	23.665583403819614	26.322730712727598	0.0
171.0	26.32662600721186	23.56708810043182	23.719282820638384	26.387003071717935	0.0
172.0	26.283777767884963	23.727351644927214	23.731803410052084	26.257067177135735	0.0
173.0	26.33413836086008	23.675599875350574	23.63302987134399	26.357231892445355	0.0
174.0	26.328851889774295	23.661966344655657	23.724291056403864	26.284890709166188	0.0
175.0	26.30631482882963	23.70258870142011	23.775486355339893	26.215610114410364	0.0
176.0	26.29295953345501	23.751836353114008	23.72707340960691	26.228130703824064	0.0
177.0	26.255676000534212	23.76491341316832	23.735698704536347	26.24371188176112	0.0
178.0	26.29546365133775	23.76658282509015	23.66224457997596	26.275708943596136	0.0
179.0	26.273761296354003	23.666974580421137	23.75378400035614	26.30548012286872	0.0
180.0	26.3722565997418	23.726795174286604	23.740985175622136	26.159963050349468	0.0
181.0	26.19112540622357	23.82723812491653	23.728186350888127	26.253450117971777	0.0
182.0	26.280995414681925	23.63080398878155	23.737924587098785	26.35027600943774	0.0
183.0	26.262075412901215	23.78911988603481	23.644437519476472	26.3043671815875	0.0
184.0	26.308262476071764	23.754618706317054	23.676712816631795	26.260406000979387	0.0
185.0	26.39813248453012	23.57432221875974	23.80358812269065	26.223957174019496	0.0
186.0	26.236213286440886	23.727615719357605	23.682819334231116	26.353351659970397	0.0
187.0	26.26292417446662	23.72260742785278	23.71453851376167	26.29992988391893	0.0
188.0	26.317737142602756	23.758778422054288	23.6458136247788	26.277670810564157	0.0
189.0	26.288243870407673	23.845310569720983	23.78660226374776	26.079843296123585	0.0
190.0	26.259863551880336	23.672524512804532	23.75098774638012	26.316624188935016	0.0
191.0	26.321705717537135	23.640592872068403	23.733524761896813	26.304176648497645	0.0
192.0	26.29889010386669	23.695684231906803	23.73797658895446	26.267449075272047	0.0
193.0	26.2758693607715	23.620625372145952	23.782282791971106	26.321222475111433	0.0
194.0	26.224394967195508	23.702427921936994	23.728025998742357	26.345151112125144	0.0
195.0	26.256743859922484	23.75341192706754	23.672165631147383	26.317678581862598	0.0
196.0	26.327417007743442	23.583406835262004	23.717797112417603	26.371379044576948	0.0
197.0	26.269967362179642	23.74519684250652	23.73045000125209	26.25438579406175	0.0
198.0	26.329232969485165	23.665063063614532	23.651150949223563	26.354553017676736	0.0
199.0	26.326728788894794	23.660332944721603	23.729337032100815	26.283601234282788	0.0
200.0	26.319216247123673	23.696782684425944	23.76272610663914	26.221274961811247	0.0
201.0	26.30224346756669	23.74742278080907	23.73434539328156	26.215988358342678	0.0
202.0	26.27024560446746	23.75910895689749	23.7349018778572	26.235743560777852	0.0
203.0	26.31031249391345	23.770516890698083	23.654768098965217	26.264402516423253	0.0
204.0	26.30001752926413	23.653655129813938	23.744918600218696	26.30140874070323	0.0
205.0	26.38543791162468	23.705964679923987	23.741301450477046	26.167295957974286	0.0
206.0	26.186772918121644	23.836738555199098	23.719042067451497	26.25744645922777	0.0
207.0	26.280818811404593	23.63529113881786	23.741857935052685	26.342032114724862	0.0
208.0	26.276996533091445	23.7875558572947	23.644817166483953	26.290630443129903	0.0
209.0	26.320124207702882	23.759453308031762	23.677371604739037	26.24305087952632	0.0
210.0	26.3958063205694	23.589168554082104	23.809815302255437	26.20520982309306	0.0
211.0	26.23241836976029	23.735166042933262	23.683134156012187	26.34928143129426	0.0
212.0	26.248834847451967	23.736000779087078	23.720419037549213	26.294745335911742	0.0
213.0	26.30782286898816	23.776902850623966	23.65670084447474	26.258573435913128	0.0
214.0	26.291962882065693	23.847855423698157	23.789980383700385	26.07020131053576	0.0
215.0	26.255790982067083	23.67144784985879	23.75631269216322	26.31644847591091	0.0
216.0	26.298157453936348	23.668174760847428	23.742744731408983	26.29092305380724	0.0
217.0	26.269219853419923	23.701842546063652	23.747474916108782	26.281462684407643	0.0
218.0	26.25649358779943	23.626781823797348	23.79400823054428	26.322716357858944	0.0
219.0	26.21614778251107	23.702464989579653	23.736689362341505	26.344697865567777	0.0
220.0	26.25072344403882	23.732581693526843	23.677766895200783	26.33892796723355	0.0
221.0	26.32724156352952	23.562572344403883	23.727294987089305	26.382891104977297	0.0
222.0	26.279734328349903	23.731534735149182	23.731256486667725	26.25747444983319	0.0
223.0	26.322306346013118	23.66614634200634	23.659746626932783	26.35180068504776	0.0
224.0	26.325645327790625	23.656407645155276	23.73737795325982	26.28056907379428	0.0
225.0	26.30839392194017	23.708161862706632	23.78050646788595	26.202937747467242	0.0
226.0	26.293368503941387	23.76520280140571	23.734873716926693	26.20655497772621	0.0
227.0	26.24550976513046	23.76770703773884	23.756298849999027	26.23048434713168	0.0
228.0	26.301437709903695	23.769376528627596	23.666424590487797	26.26276117098091	0.0
229.0	26.294203249385767	23.65279041489631	23.74989913492547	26.303107200792454	0.0
230.0	26.387416490674504	23.7226307837425	23.731256486667725	26.158696238915276	0.0
231.0	26.18318210528366	23.837547406585028	23.727082759445842	26.25218772868547	0.0
232.0	26.28696878886784	23.639156239304825	23.738769195667114	26.335105776160226	0.0
233.0	26.262834246918388	23.802832577422855	23.642004507637942	26.292328668020815	0.0
234.0	26.317092851776618	23.761095189070367	23.692367622916606	26.2294443362364	0.0
235.0	26.39583739113498	23.582737416177412	23.800884832633074	26.22054036005454	0.0
236.0	26.23550657091102	23.741815925450837	23.674200791903992	26.348476711734147	0.0
237.0	26.251937348177297	23.74458446838053	23.71341994473862	26.290058238703555	0.0
238.0	26.31148384870737	23.778809793451554	23.638569437062966	26.27113692077811	0.0
239.0	26.27406568516421	23.857132124402796	23.803428673190847	26.065373517242147	0.0
240.0	26.252549621974193	23.668839932436757	23.767346473104098	26.311263972484955	0.0
241.0	26.29601698617786	23.66210195602628	23.74753374834076	26.2943473094551	0.0
242.0	26.26550751095057	23.69553238975683	23.763990849942395	26.2749692493502	0.0
243.0	26.25490146967559	23.61416075985651	23.809523809523807	26.32141396094409	0.0
244.0	26.216583269788433	23.70131857978549	23.739167218625983	26.34293093180009	0.0
245.0	26.241553207832837	23.751488973248577	23.68998185400826	26.316975964910327	0.0
246.0	26.333514243170654	23.567263669129822	23.730639168371397	26.368582919328126	0.0
247.0	26.29090079157435	23.733592367041116	23.740272319390787	26.235234521993746	0.0
248.0	26.318895117429957	23.6744248186641	23.669693106730723	26.336986957175224	0.0
249.0	26.29495822176699	23.667466418762075	23.76182232143354	26.275753038037397	0.0
