# Position (bp)	A	C	G	T	N
0.0	27.20110832128636	23.431674655710264	21.984373811154224	27.382843211849146	0.0
1.0	26.22338077352585	20.680906914242282	25.81893576195839	27.276776550273475	0.0
2.0	26.74671026821132	22.94248606475717	23.849495414625483	26.46091197079563	3.96281610393357E-4
3.0	27.410164940331878	23.120020226213395	22.905869643956827	26.563786676853745	1.585126441573428E-4
4.0	26.31761654047739	23.325769638329625	23.68107573020831	26.675538090984674	0.0
5.0	25.94566662096219	23.67806398996932	24.498604692449806	25.877664696618684	0.0
6.0	26.316248325711523	23.396764759496882	24.428047205028015	25.85893970976358	0.0
7.0	25.808374216353734	23.762056858440396	24.274369318316914	26.155199606888953	0.0
8.0	25.416293501779304	24.17767668201596	24.55469870733041	25.851331108874327	0.0
9.0	25.691867515237014	24.083123964715114	24.536231998922116	25.688776521125757	0.0
10.0	25.39822307466732	24.19392421516489	24.65725630681683	25.750596403350954	0.0
11.0	25.31230928962615	24.337298788171797	25.010659966870886	25.339731955331175	0.0
12.0	25.71437629286773	23.96138635048703	24.796351041823527	25.527886314821714	0.0
13.0	25.336561704960648	24.2482147527601	24.679368803151227	25.735854739128023	0.0
14.0	25.22401781680708	24.660188788409563	24.720819826745817	25.39497356803754	0.0
15.0	25.52321019552519	24.318198029689395	24.67992359696607	25.47866817781934	0.0
16.0	25.405197625482472	24.3858036188408	24.79024830986027	25.418750445816457	0.0
17.0	25.179000261545653	24.747449929858213	24.931086682570754	25.142463126025376	0.0
18.0	25.50458497459837	24.491848493734793	24.674613427595443	25.328953104071395	0.0
19.0	25.14254238228464	24.62214578396329	24.772811932822396	25.462499900929675	0.0
20.0	24.943846940312113	24.991162927092166	24.988468214277223	25.076442662059232	7.92562592630753E-5
21.0	25.450056668225372	24.562545076997456	24.777725820896705	25.209672433880463	0.0
22.0	25.306523582699942	24.580298479072386	24.74641959848779	25.36675833973988	0.0
23.0	25.095701933060166	24.895500622161634	24.861420430678514	25.1471392453219	2.3776877778922592E-4
24.0	25.400283737408163	24.59686303725837	24.660664325965143	25.342188899368328	0.0
25.0	25.22916947365918	24.621273965111396	24.62222504022255	25.527331521006875	0.0
26.0	25.156095202618626	24.862530018308195	24.793497816490056	25.187876962583122	0.0
27.0	25.530660283895923	24.449367138769784	24.623413884111496	25.396558693222797	0.0
28.0	25.23376633669644	24.59274171177669	24.601142875258574	25.572349076268296	0.0
29.0	25.095701933060166	24.972062168609767	24.678496984299336	25.253738914030738	0.0
30.0	25.5141749819692	24.52862339803286	24.513168427476558	25.44403319252138	0.0
31.0	25.30802945162594	24.546059775070734	24.511821071069086	25.634089702234235	0.0
32.0	25.29978680066258	24.754820761969675	24.66367606381714	25.2817163735506	0.0
33.0	25.713980011571415	24.447861269843784	24.358618721913565	25.479539996671235	0.0
34.0	25.441814017262015	24.483447330252904	24.29957280876257	25.775165843722508	0.0
35.0	25.39771798215703	24.72220560494211	24.4198242822332	25.46017236772313	7.976294452886024E-5
36.0	25.820295519320286	24.25423114595897	24.218795825863925	25.706597156657057	8.035219976199679E-5
37.0	25.595843921792344	24.291113473706048	24.256511902292292	25.856530702209312	0.0
38.0	25.43912829688828	24.64256523414585	24.275619328599447	25.642523507855586	1.6363251083451763E-4
39.0	25.78677306650679	24.30390109776519	24.13925699282628	25.76973806619669	3.3077670505054683E-4
40.0	25.66335470460947	24.298237246268396	24.117995551695227	25.92041249742691	0.0
41.0	25.621191486907957	24.58003537793848	24.23431185160939	25.56446128354417	0.0
42.0	25.929782021905368	24.212235443532464	24.026808216620303	25.83117431794187	0.0
43.0	25.74208441830319	24.20682475540649	24.0448550357898	26.006235790500515	0.0
44.0	25.559146908052977	24.50607541247449	24.15733384313743	25.776999239739823	4.4459659527927337E-4
45.0	25.980811393574804	24.14693145373172	23.868071535994492	26.00327963905851	9.059776404718331E-4
46.0	25.740798272087105	24.18319870998284	23.963141310136695	26.11249186342387	3.698443694893189E-4
47.0	25.709909874160182	24.407105381756956	24.073019031395233	25.80977674981978	1.889628678516528E-4
48.0	26.118753601553163	24.039811423643208	23.851853857190925	25.989484431621733	9.668599097339589E-5
49.0	25.819431446241907	24.17705284945358	23.843308525335356	26.159513941500663	6.932374684948329E-4
50.0	25.722043939767957	24.313460172918745	24.02211311945534	25.941366913417713	0.0010158544402489656
51.0	26.10083433851856	24.121210729952296	23.79857757595235	25.978020877244973	0.0013564783318238164
52.0	25.9032123756299	24.095499927030485	23.754260132031902	26.244774094963386	0.0022534703443302688
53.0	25.808170240234862	24.283573081846097	23.945780801991383	25.96114946645179	0.0013264094758692955
54.0	26.151901590728027	24.051028211858487	23.71469243683304	26.082035840104307	3.4192047613566036E-4
55.0	25.92841760591459	24.09434075440142	23.74255648719122	26.234685152492776	0.0
56.0	25.845353971276865	24.362771489789395	23.82644584909719	25.96542868983655	0.0
57.0	26.14316714819872	23.934154578074825	23.79912444146054	26.123553832265916	0.0
58.0	25.98258845704259	24.03823874745192	23.751604345596217	26.22756844990927	0.0
59.0	25.835944958978146	24.32789971357524	23.775817335440614	26.060337992005998	0.0
60.0	26.164349646887025	24.075185298638882	23.594297040117382	26.165888265515218	2.7974884149011014E-4
61.0	25.998330369133605	23.98098072665239	23.73547239664622	26.28521650756778	0.0
62.0	25.89993907919102	24.36681565121932	23.81159184264336	25.921050250619764	6.031763265355361E-4
63.0	26.390727802334347	23.93541927487704	23.49230424516107	26.181391989144622	1.5668848292643947E-4
64.0	26.074111493147782	24.024475695406323	23.66271774732348	26.238695064122414	0.0
65.0	26.031087871929643	24.357425698900286	23.64622531072603	25.963903865794858	0.0013572526491875147
66.0	26.365146884066032	23.837473138500275	23.676966297094808	26.119883954789692	5.297255491929631E-4
67.0	26.127598186421714	23.916563622445974	23.55664488017429	26.39882529588412	3.680150738974268E-4
68.0	26.050776416876875	24.265257382914033	23.656208937186484	26.027757263022604	0.0
69.0	26.36955264847865	23.885222255343074	23.54512226594619	26.200102830232087	0.0
70.0	26.046224241007316	24.040404462108814	23.572609465281722	26.34076183160215	0.0
71.0	25.953427418915947	24.212778833573882	23.70381980499337	26.1299739425168	0.0
72.0	26.402772951007712	23.817441334868814	23.58144067161382	26.198345042509647	0.0
73.0	26.1408259665364	23.94477747846872	23.583867663239367	26.330528891755513	0.0
74.0	26.068624852293816	24.26394631298105	23.603015311898492	26.064413522826648	0.0
75.0	26.402500232844535	23.921153667042667	23.491943579182664	26.18440252093014	0.0
76.0	26.247317814038713	23.980769334709784	23.50000270245437	26.27191014879714	0.0
77.0	26.08841760445053	24.211061378365788	23.667452663682703	26.033068353500983	0.0
78.0	26.498665753554057	23.781171775374297	23.535575969394984	26.184586501676666	0.0
79.0	26.31757590718341	23.809553196741547	23.472290792396937	26.400580103678106	0.0
80.0	25.97635961261767	24.239462155378767	23.580060520424027	26.204117711579535	0.0
81.0	26.57716129510811	23.896383259213806	23.456386361107644	26.07006908457044	0.0
82.0	26.2709921375384	23.832535564499345	23.53941283743505	26.3570594605272	0.0
83.0	26.195919932736416	24.283480595341704	23.456699069225436	26.063900402696444	0.0
84.0	26.605702820542497	23.910560635876067	23.403557510514332	26.080179033067097	0.0
85.0	26.290293956309895	23.903713981478493	23.47980058726727	26.326191474944338	0.0
86.0	26.126099508703216	24.208606979453325	23.4231230267934	26.24217048505006	0.0
87.0	26.61218037875476	23.82605009736002	23.41453291475148	26.14723660913374	0.0
88.0	26.336179231561303	23.894001449884332	23.451186457895638	26.318632860658724	0.0
89.0	26.067628555137855	24.195714989804497	23.67241029407501	26.064246160982634	0.0
90.0	26.484770675589616	23.82203980954499	23.536963839831785	26.155720221186602	5.054538470092296E-4
91.0	26.384218429456674	23.76594124738278	23.417507349364463	26.43233297379608	0.0
92.0	26.171215317575015	24.195057667923567	23.517881762761416	26.115845251740005	0.0
93.0	26.579485367788863	23.866749291989784	23.34203988023189	26.21172545998946	0.0
94.0	26.375736866658183	23.839037423435542	23.336786685811568	26.448439024094704	0.0
95.0	26.27969040208427	24.147876744023886	23.46262828599139	26.10980456790045	0.0
96.0	26.38282628597206	23.623807565243926	23.667590983269427	26.325775165514585	0.0
97.0	26.38131323645751	23.886552580810815	23.44311668123968	26.289017501492	0.0
98.0	26.109406841735016	24.208602571633705	23.454372720086447	26.22761786654483	0.0
99.0	26.529158043951213	23.87449874544228	23.258211478255596	26.33813173235091	0.0
100.0	26.163868942888392	23.7655935454214	23.55715123559529	26.51338627609492	0.0
101.0	26.31168745025206	24.131898381533563	23.545701777659854	26.007395860971076	0.003316529583443884
102.0	26.703316745264583	23.674908591924822	23.500343051683558	26.119694640577368	0.0017369705496643306
103.0	26.416603060371465	24.03136699015011	23.23628830007633	26.314832988042014	9.086613600843237E-4
104.0	26.32363978377146	24.32096067794678	23.331971612878707	26.02057781282361	0.002850112579446888
105.0	26.5994837172359	23.776806989674345	23.428316123907862	26.193407466243052	0.0019857029388403494
106.0	26.128821164812564	23.955833930593208	23.399083855286527	26.51418362365357	0.002077425654129403
107.0	26.18220881529547	24.300657566353436	23.47598689207665	26.038976540289504	0.0021701859849389093
108.0	26.752981260647356	23.80579216354344	23.55252697331062	25.887563884156727	0.001135718341851221
109.0	26.566898271868876	23.866025298414396	23.204465823386187	26.35904744937348	0.0035631569570639585
110.0	26.086362563803235	24.34520187280337	23.535475217645086	26.032960345748315	0.0
111.0	26.458079406654395	23.740307564637845	23.54062394647442	26.259692435362155	0.0012966468711910998
112.0	26.255067040848147	24.113013652201026	23.290085546562548	26.340478030395463	0.001355729992814631
113.0	26.116862856332435	24.145511274996455	23.783860445326905	25.953765423344205	0.0
114.0	26.296895165477448	24.28090371007699	23.34188782246221	26.078829864562163	0.001483437421192387
115.0	26.663671850796206	23.77315818823967	23.26507218538943	26.298097775574696	0.0
116.0	26.288126273571173	24.10971310282369	23.62292589837306	25.979234725232075	0.0
117.0	26.710984810040934	23.78801718596705	23.412497039818668	26.08850096417335	0.0
118.0	26.595387470177613	23.87381814968631	23.271184943006094	26.25960943712998	0.0
119.0	25.870858113848765	24.437590041003286	23.684016105795873	26.003841749473604	0.0036939898784677334
120.0	26.47963030994412	23.587076316247412	23.616079197200254	26.313347125814495	0.0038670507937121753
121.0	26.11241217798595	23.921909068884762	23.816926431397885	26.14673342485666	0.002018896874747638
122.0	26.36098919648886	23.90276839972991	23.62213031735314	26.112002025658338	0.002110060769750169
123.0	26.464682128119687	23.953483240285102	23.35326698589933	26.228567645695875	0.0
124.0	26.106225330655768	23.853380421485124	23.754125983888468	26.28626826397064	0.0
125.0	26.13378411011833	24.30813813088626	23.61265394832166	25.945423810673752	0.0
126.0	26.56044843955156	24.07837592162408	23.308251691748307	26.05292394707605	0.0
127.0	26.712672853705616	23.672034055154544	23.005737553211176	26.609555537928664	0.0
128.0	26.054116865869855	24.416223992917217	23.14353696325808	26.386122177954846	0.0
129.0	26.878144699554678	23.766699439014516	23.220172343993987	26.134983517436815	0.0
130.0	26.275935180978344	23.568075117370892	23.349992427684384	26.80599727396638	0.0
131.0	26.52356982302846	24.20616076233894	23.21208091936556	26.058188495267043	0.0
132.0	26.463963963963966	23.966613672496027	23.36049284578696	26.20892951775305	0.0
133.0	26.575076325284485	23.768387454898697	23.3902303635859	26.26630585623092	0.0
134.0	26.116688491197436	24.636257820456862	23.07580387021679	26.163974974538046	0.007274843590862796
135.0	26.887169911976528	23.51865259307244	23.324315055443357	26.266051899554167	0.003810539953511413
136.0	25.803493101523244	24.08485525161496	23.052077518143392	27.05558656990191	0.003987558816492543
137.0	25.572550986292207	24.644767636242058	23.537278502173187	26.245402875292545	0.0
138.0	26.356114005516396	23.9218948382295	23.790552077404666	25.93143907884944	0.0
139.0	25.790196976637652	23.75171781951443	23.52267521759047	26.930829134218964	0.004580852038479157
140.0	26.37336275967951	23.897711461881688	23.739384925394617	25.98474307921125	0.004797773832941515
141.0	26.46911351784998	23.937023666265546	23.811672683513837	25.77717609306057	0.00501403931006819
142.0	26.214154169955272	23.651670612996583	23.783214943435937	26.345698500394633	0.005261773217574322
143.0	26.16590319554059	23.858932612175067	23.571941056349687	26.403223135934656	0.0
144.0	25.76404105639488	23.941875216238035	23.716987660016144	26.571329719755504	0.0057663475954330525
145.0	26.711872616092514	23.98135254586184	23.279045831567476	26.02772900647817	0.0
146.0	26.70768059871884	24.177078708695376	23.4286801547536	25.686560537832182	0.0
147.0	26.918732141670542	23.782311117017745	23.004850820652536	26.294105920659177	0.0
148.0	26.066913459523644	23.517496682265836	23.426695536774464	26.988894321436057	0.0
149.0	26.6847547114468	24.052210896824818	23.31157879298966	25.951455598738725	0.0
150.0	26.812543339240314	24.108174743816935	23.476384929501503	25.602896987441255	0.0
151.0	26.491029578147728	24.171650234362374	23.024082754161952	26.305155972199774	0.008081461128171973
152.0	25.93885719151835	23.997274972323936	24.090947798688582	25.972920037469134	0.0
153.0	26.595649449467373	24.993286187449645	23.328260674961957	25.08280368812103	0.0
154.0	26.45033487406848	24.639184982548816	23.035562682765775	25.874917460616924	0.0
155.0	26.10641471904525	24.554947787170562	23.391347588264544	25.947289905519643	0.0
156.0	26.929117369908912	23.243639409485915	23.473981782012356	26.353261438592817	0.0
157.0	26.518353726362626	23.704115684093438	23.014460511679644	26.763070077864292	0.0
158.0	26.80037532254281	24.771287825475017	23.387285948862306	25.04105090311987	0.0
159.0	26.966848095002472	24.690747154873822	22.785749628896586	25.556655121227116	0.0
160.0	26.839432217736686	24.078656075009768	22.789425706472198	26.292486000781352	0.0
161.0	26.549529607083567	24.211400110680685	23.727172108467073	25.511898173768678	0.0
162.0	27.266113778553763	23.817837916484798	24.108831660119307	24.807216644842136	0.0
163.0	26.848009835561705	23.543875826033503	23.666820347318275	25.94129399108652	0.0
164.0	25.298837399705253	25.020468315048305	23.890617324381857	25.79007696086458	0.0
165.0	26.671285071007965	24.03879459646692	23.41531001039141	25.8746103221337	0.0
166.0	27.078734363502576	23.399558498896248	22.829286239882265	26.69242089771891	0.0
167.0	26.401411211289687	23.931791454331634	23.402587220697765	26.264210113680907	0.0
168.0	27.27272727272727	23.837452869710933	22.664432341851697	26.225387515710096	0.0
169.0	25.87894971072541	24.098798397863817	23.45349354695149	26.56875834445928	0.0
170.0	27.333333333333332	23.11904761904762	23.333333333333332	26.21428571428571	0.0
171.0	26.591664535924313	24.26489388903094	22.833035029404243	26.310406545640504	0.0
172.0	26.04052573932092	24.397590361445783	23.138006571741514	26.423877327491784	0.0
173.0	25.184965966262208	25.155371411660255	22.610239715892273	27.04942290618526	0.0
174.0	26.096774193548388	24.387096774193548	23.129032258064516	26.387096774193548	0.0
175.0	26.473702788563358	24.95587716201906	22.732086127779738	25.83833392163784	0.0
176.0	26.90531177829099	23.941493456505004	24.74980754426482	24.403387220939184	0.0
177.0	25.783234546994073	25.021168501270107	23.03132938187976	26.164267569856055	0.0
178.0	24.84791764155358	25.409452503509595	24.00561534861956	25.73701450631727	0.0
179.0	25.868325557283566	26.17936754795231	22.913426645930535	25.038880248833596	0.0
180.0	28.864803194523674	24.985738733599543	20.308043354249858	25.841414717626925	0.0
181.0	25.428027901078	23.589093214965125	24.920735573874445	26.062143310082437	0.0
182.0	26.156069364161848	23.98843930635838	21.965317919075144	27.89017341040462	0.0
183.0	27.181208053691275	25.503355704697988	21.308724832214764	26.006711409395972	0.0
184.0	27.643064985451016	24.248302618816684	19.495635305528612	28.612997090203685	0.0
185.0	26.121979286536252	24.971231300345227	23.935558112773304	24.971231300345227	0.0
186.0	26.97274031563845	24.820659971305595	21.664275466284074	26.54232424677188	0.0
187.0	30.0	24.107142857142858	23.57142857142857	22.321428571428573	0.0
188.0	26.436781609195403	26.666666666666668	21.60919540229885	25.287356321839084	0.0
189.0	32.37410071942446	23.381294964028775	20.14388489208633	24.100719424460433	0.0
190.0	34.22818791946309	21.476510067114095	18.120805369127517	26.174496644295303	0.0
