# Position (bp)	A	C	G	T	N
0.0	26.288291010252742	23.70558071789142	23.732089056616683	26.27403921523916	0.0
1.0	26.333611718395932	23.581875137173526	23.765438256948464	26.31907488748208	0.0
2.0	26.3382461500751	23.71006495634899	23.68498308398722	26.266705809588686	0.0
3.0	26.2030774843176	23.76913452522437	23.681637980910363	26.34615000954767	0.0
4.0	26.165267822790945	23.811505194009435	23.69323282556963	26.329994157629994	0.0
5.0	26.280061897800234	23.73233476108646	23.81583409565661	26.171769245456694	0.0
6.0	26.20450083069023	23.843516769113712	23.750901220530444	26.201081179665614	0.0
7.0	26.26854698760162	23.822780986684066	23.697970837738257	26.210701187976053	0.0
8.0	26.36360009802078	23.74752810973768	23.7951137781881	26.093758014053442	0.0
9.0	26.360958041519687	23.694033040237517	23.604850612310024	26.34015830593277	0.0
10.0	26.233043953946222	23.832344200968144	23.65541154649397	26.27920029859166	0.0
11.0	26.20027864756212	23.74003151167727	23.6853276958012	26.374362144959413	0.0
12.0	26.214239517238823	23.754277297061666	23.736612523185016	26.294870662514498	0.0
13.0	26.308831532191203	23.67535564603212	23.74686948866178	26.268943333114898	0.0
14.0	26.276066225807092	23.633188121294317	23.78191412070739	26.308831532191203	0.0
15.0	26.254982463438193	23.651992558001716	23.814964342799183	26.27806063576091	0.0
16.0	26.225066314130963	23.79530515896872	23.704701963923974	26.27492656297634	0.0
17.0	26.356982286790455	23.78305378353814	23.751713055692473	26.108250873978932	0.0
18.0	26.264384681791892	23.761970021169237	23.70897569953929	26.26466959749958	0.0
19.0	26.211105444454258	23.79929397887635	23.67706514027825	26.312535436391144	0.0
20.0	26.21558940344519	23.710617638511376	23.804924469061092	26.26886848898234	0.0
21.0	26.174561658432626	23.735120319560547	23.67785242548051	26.412465596526317	0.0
22.0	26.22470668011465	23.796092107287553	23.692098170276537	26.28710304232126	0.0
23.0	26.196785020314433	23.737969468519754	23.8963821506516	26.168863360514216	0.0
24.0	26.319868255352123	23.74936606435658	23.70207019163376	26.22869548865754	0.0
25.0	26.295365574302952	23.715461191742026	23.731131511017658	26.25804172293736	0.0
26.0	26.338102808691044	23.585824914098158	23.75762859633827	26.318443680872523	0.0
27.0	26.328130787333826	23.718880170493073	23.681556319127477	26.271432723045628	0.0
28.0	26.197639765002194	23.760192830401557	23.691528340484698	26.350639064111547	0.0
29.0	26.16658404134685	23.80834344781214	23.69580206392351	26.32927044691751	0.0
30.0	26.278840510339563	23.739963872791197	23.81831546916936	26.16288014769988	0.0
31.0	26.214090141117946	23.8424653045874	23.755851423003392	26.18759313129126	0.0
32.0	26.260246222751526	23.81796269334982	23.70542163010744	26.21636945379121	0.0
33.0	26.36167563671175	23.749868227236075	23.796024308869658	26.092431827182512	0.0
34.0	26.35312821418701	23.694879808993598	23.614534037261066	26.337457939558327	0.0
35.0	26.235173783345633	23.837051936988402	23.6589806343897	26.26879364527627	0.0
36.0	26.205542718593204	23.73448286669155	23.678354792112437	26.381619622602802	0.0
37.0	26.215799625622893	23.7470190863945	23.74388503146876	26.293296256513848	0.0
38.0	26.310676015647484	23.6752207371867	23.744739773721236	26.269363473444585	0.0
39.0	26.26679924668716	23.63447802315212	23.789471284934027	26.309251445226696	0.0
40.0	26.24771000304858	23.65214269636991	23.8208118341914	26.27933546639011	0.0
41.0	26.21807893829616	23.801152762384504	23.70285740335002	26.27791089596932	0.0
42.0	26.350848901513746	23.781778604661763	23.76154970468655	26.10582278913793	0.0
43.0	26.263950105845584	23.75813073567666	23.713969052632176	26.263950105845584	0.0
44.0	26.207252203098157	23.799728191963712	23.67550565127086	26.31751395366727	0.0
45.0	26.207177535158298	23.705639003487338	23.808777608096097	26.27840585325827	0.0
46.0	26.164725457570714	23.738688943085727	23.68028172224375	26.41630387709981	0.0
47.0	26.22655163768149	23.802224602830897	23.689683860232947	26.281539899254668	0.0
48.0	26.1960659175347	23.732705764365328	23.89311193672646	26.178116381373513	0.0
49.0	26.31857862466665	23.74809108107492	23.70535409021494	26.22797620404349	0.0
50.0	26.299489435415857	23.70449935039774	23.730426458186127	26.265584756000273	0.0
51.0	26.341371686458643	23.58796982198619	23.75521391288492	26.315444578670256	0.0
52.0	26.34051694664144	23.707633396394137	23.67914206915415	26.272707587810267	0.0
53.0	26.206322795341098	23.763476397784515	23.67914206915415	26.35105873772024	0.0
54.0	26.18011077428031	23.799660383379297	23.687119640781347	26.333109201559047	0.0
55.0	26.28951747088186	23.73156611127573	23.813051307182093	26.165865110660313	0.0
56.0	26.211091642092967	23.843184181660185	23.749447982107498	26.19627619413935	0.0
57.0	26.252973773807998	23.810704161146486	23.714118836987335	26.222203228058177	0.0
58.0	26.364944370842057	23.755431143781074	23.793324501047053	26.086299984329813	0.0
59.0	26.35440260979814	23.693320227360143	23.61525421314301	26.337022949698706	0.0
60.0	26.228186389731757	23.84916734333376	23.665683718677435	26.256962548257047	0.0
61.0	26.215365329002665	23.73292305939	23.682493553855576	26.369218057751752	0.0
62.0	26.21878427853042	23.73976095844552	23.748308332264912	26.29314643075915	0.0
63.0	26.312805390543755	23.674800917418125	23.742325170591336	26.270068521446788	0.0
64.0	26.272062908671312	23.641466159522487	23.7856318646096	26.300839067196602	0.0
65.0	26.249269911819596	23.656281607476103	23.810134336225193	26.284314144479108	0.0
66.0	26.22362779036141	23.79503397581093	23.7010128637976	26.28032537003006	0.0
67.0	26.35810647178654	23.784492214767013	23.74118552074875	26.116215792697695	0.0
68.0	26.260666410245452	23.761699217915293	23.704431813325357	26.273202558513898	0.0
69.0	26.197700756442583	23.796743450574812	23.683348291237515	26.322207501745087	0.0
70.0	26.20189979087485	23.700660425202145	23.82374225752594	26.273697526397065	0.0
71.0	26.15403463386004	23.733425264825378	23.686984666055054	26.425555435259522	0.0
72.0	26.229821132466824	23.790692506253812	23.702084983446632	26.27740137783273	0.0
73.0	26.194492088003514	23.728866678443016	23.898674021186032	26.17796721236744	0.0
74.0	26.319568301869587	23.739978232750026	23.71091724456246	26.229536220817923	0.0
75.0	26.28993749038423	23.704364276637815	23.742257525941206	26.26344070703675	0.0
76.0	26.33153459112329	23.58612594234528	23.76647501609751	26.315864450433917	0.0
77.0	26.334098795963374	23.709492686317972	23.684420461214977	26.271988056503677	0.0
78.0	26.200190320981463	23.76846939763979	23.679007139885922	26.352333141492824	0.0
79.0	26.181101240505317	23.79582091593397	23.690973429139625	26.33210441442109	0.0
80.0	26.291077136979823	23.73228561822979	23.815479819707907	26.161157425082482	0.0
81.0	26.212081928960334	23.845612515563257	23.74959756344252	26.192707992033892	0.0
82.0	26.252824178673283	23.806579730873224	23.717687549681326	26.222908540772167	0.0
83.0	26.36963762190622	23.741904970839375	23.795753119061388	26.09270428819301	0.0
84.0	26.360805385954468	23.688056822617362	23.610561074911608	26.340576716516566	0.0
85.0	26.231455865886772	23.848176713097637	23.66440922313362	26.255958197881974	0.0
86.0	26.216355591517637	23.729368894004622	23.688341733454514	26.365933781023227	0.0
87.0	26.22176889742355	23.733927467399077	23.75615051269705	26.288153122480317	0.0
88.0	26.314934741172753	23.678369854154145	23.742474792513683	26.264220612159423	0.0
89.0	26.269349007228186	23.63677287192973	23.791479456504085	26.302398664337996	0.0
90.0	26.258807306253505	23.648454216253022	23.810853393430527	26.281885084062946	0.0
91.0	26.229461490026694	23.783501953063787	23.701162721126423	26.285873835783093	0.0
92.0	26.345420200748176	23.780083023017948	23.753301404325516	26.121195371908364	0.0
93.0	26.261656414625044	23.763843105300197	23.699738166940655	26.274762313134104	0.0
94.0	26.199545852125578	23.803445711664533	23.682073695037136	26.314934741172753	0.0
95.0	26.20431467742487	23.69454226355317	23.830159435650224	26.27098362337174	0.0
96.0	26.15531015305367	23.742122237797304	23.67944203220623	26.4231255769428	0.0
97.0	26.2313811298392	23.79141167219392	23.705083934493487	26.272123263473397	0.0
98.0	26.19548246663704	23.731295656831573	23.892269821190467	26.180952055340924	0.0
99.0	26.311725757005938	23.742407147822718	23.722748356069154	26.22311873910219	0.0
100.0	26.288363134921994	23.710212314950937	23.747250618254757	26.254173931872316	0.0
101.0	26.348479150284344	23.577159333082612	23.765199949855838	26.309161566777213	0.0
102.0	26.328535448505363	23.7053688445189	23.70024046406145	26.265855242914288	0.0
103.0	26.200610847094485	23.76263575962711	23.67659293195209	26.360160461326316	0.0
104.0	26.192633366382896	23.787138021812712	23.70081028411228	26.319418327692112	0.0
105.0	26.289217864998232	23.734429667111126	23.809645913820415	26.166706554070224	0.0
106.0	26.20708911105476	23.844337002014306	23.756015145773798	26.19255874115713	0.0
107.0	26.260652043226422	23.80160061996245	23.716697674286088	26.221049662525036	0.0
108.0	26.369202453638145	23.74718296014975	23.795047708047832	26.088566878164272	0.0
109.0	26.360940086441452	23.693904937191764	23.610996356011157	26.334158620355623	0.0
110.0	26.22674784679862	23.85032009550157	23.67396129223423	26.248970765465586	0.0
111.0	26.219340207242965	23.731228044183723	23.686782206849788	26.36264954172353	0.0
112.0	26.225323300730224	23.738350774525696	23.75288114442333	26.283444780320753	0.0
113.0	26.314214975398087	23.673106564593194	23.748322597004464	26.26435586300425	0.0
114.0	26.27774659604717	23.639202368165385	23.787355159278494	26.29569587650895	0.0
115.0	26.267489864354726	23.64661000772104	23.80701389502235	26.27888623290189	0.0
116.0	26.233585667926917	23.789919342201607	23.701882395174778	26.2746125946967	0.0
117.0	26.348973899466937	23.785360794782743	23.74347914037192	26.1221861653784	0.0
118.0	26.266635136713685	23.760288783978986	23.69846348461063	26.2746125946967	0.0
119.0	26.209368384764193	23.79789680018462	23.688776571345542	26.303958243705644	0.0
120.0	26.20716377767901	23.69368753347693	23.828449975497737	26.270698713346324	0.0
121.0	26.154740333002835	23.73101074680616	23.690553523197373	26.42369539699363	0.0
122.0	26.232520769940855	23.791981492244748	23.709357584874695	26.266140152939705	0.0
123.0	26.19719192678952	23.73243529693323	23.893409461292123	26.17696331498513	0.0
124.0	26.31970323771753	23.738703317492334	23.717904885637118	26.223688559153018	0.0
125.0	26.290642415125305	23.71163686507801	23.754088458864693	26.243632260932	0.0
126.0	26.342780949776063	23.573740412777646	23.76918869021163	26.314289947234666	0.0
127.0	26.33480346906447	23.70223483423935	23.699385733985206	26.263575962710977	0.0
128.0	26.202890127297803	23.753233728788448	23.6828609525112	26.361015191402554	0.0
129.0	26.185225705722132	23.801098613058	23.700525374086865	26.31315030713301	0.0
130.0	26.297480255735238	23.72616727637412	23.813919564201626	26.162432903689016	0.0
131.0	26.205813890542956	23.84589742640041	23.757290156045666	26.190998527010972	0.0
132.0	26.265930077182347	23.800311692455846	23.72224612307578	26.211512107286023	0.0
133.0	26.376760392835063	23.741904970839375	23.7963229407357	26.085011695589866	0.0
134.0	26.36536395934892	23.68777191178021	23.61398000495745	26.33288412391342	0.0
135.0	26.234304974258304	23.84760689142333	23.66668850983085	26.251399624487515	0.0
136.0	26.219774521563476	23.72424049893586	23.694324861034737	26.361660118465924	0.0
137.0	26.224977634435557	23.743966995834594	23.747101023972466	26.283954345757383	0.0
138.0	26.319853213518492	23.67017487877009	23.75308416859932	26.256887739112102	0.0
139.0	26.278900807726824	23.635767910309557	23.789905551519297	26.29542573044432	0.0
140.0	26.259526760402867	23.648873883499295	23.806715386697437	26.2848839694004	0.0
141.0	26.23103551433822	23.785916777070245	23.706141288089235	26.2769064205023	0.0
142.0	26.34898927304586	23.779363790475376	23.754576406399135	26.117070530079634	0.0
143.0	26.272062908671312	23.757710443466244	23.705571463167942	26.2646551846945	0.0
144.0	26.201974443352285	23.793894325968346	23.69759391426984	26.306537316409536	0.0
145.0	26.211736147516696	23.696236865498143	23.82216853189889	26.269858455086272	0.0
146.0	26.15104962049552	23.720739406924533	23.70506917694254	26.423141795637406	0.0
147.0	26.23823308184988	23.784275066669704	23.715326054748935	26.262165796731473	0.0
148.0	26.196920657351903	23.734985070544525	23.89567615617806	26.17241811592551	0.0
149.0	26.327980762655844	23.729856631641326	23.707918309666535	26.234244296036284	0.0
150.0	26.303193307957056	23.710197615845736	23.742962642171722	26.24364643402548	0.0
151.0	26.34792469172384	23.575148724728194	23.768035010142913	26.308891573405056	0.0
152.0	26.340232033369045	23.70364461058054	23.70022565131174	26.25589770473868	0.0
153.0	26.206322795341098	23.755498826157318	23.687689467326145	26.35048891117544	0.0
154.0	26.191792218448708	23.793392291386503	23.708773049483735	26.306042440681054	0.0
155.0	26.29721012923666	23.730996284730928	23.817040092995693	26.15475349303672	0.0
156.0	26.203263405919948	23.84388987500819	23.766108330033077	26.186738389038783	0.0
157.0	26.27107295794953	23.798588535627083	23.71767293572623	26.21266557069716	0.0
158.0	26.385893333865173	23.74132080471134	23.786622144092448	26.08616371733104	0.0
159.0	26.370792887404804	23.69174575406786	23.617098264018484	26.320363094508853	0.0
160.0	26.23688326785058	23.844459703176508	23.674650909018386	26.244006119954527	0.0
161.0	26.226626360820894	23.72451087374602	23.693740152656968	26.355122612776118	0.0
162.0	26.228980403553457	23.73597506424831	23.7607626601934	26.274281872004835	0.0
163.0	26.32442689368685	23.66503125516408	23.748796234564736	26.261745616584324	0.0
164.0	26.287177938406924	23.62521048147905	23.787897350568834	26.29971422954519	0.0
165.0	26.26096569329964	23.647718822386395	23.80442246161473	26.286893022699235	0.0
166.0	26.230194796869345	23.784193446368892	23.70926061524698	26.27635114151478	0.0
167.0	26.34843481555982	23.770517492399872	23.7628247682923	26.118222923748007	0.0
168.0	26.273501984437903	23.749718645738657	23.70897569953929	26.267803670284145	0.0
169.0	26.19913898473137	23.8004336417071	23.693305335616458	26.307122037945074	0.0
170.0	26.2140292894182	23.692233175679526	23.829278021539686	26.26445951336259	0.0
171.0	26.15676106900678	23.720154994586586	23.70277508689954	26.420308849507094	0.0
172.0	26.248789104792298	23.775428799361787	23.717020912872528	26.258761182973387	0.0
173.0	26.211465040743064	23.730981822326058	23.890819989743008	26.166733147187877	0.0
174.0	26.333409311071854	23.724428742378485	23.70135050430224	26.24081144224742	0.0
175.0	26.310331072995613	23.704484586016296	23.74095390050715	26.244230440480937	0.0
176.0	26.34651547096701	23.57627215225939	23.76773605333637	26.30947632343723	0.0
177.0	26.34423613881133	23.69907117214656	23.694797424354665	26.261895264687446	0.0
178.0	26.21174995726252	23.7554846429996	23.68767451136817	26.34509088836971	0.0
179.0	26.195224799133854	23.78796512621802	23.711607499002792	26.305202575645335	0.0
180.0	26.290386916633423	23.736965069234714	23.8121830303721	26.160464983759756	0.0
181.0	26.21267939107468	23.840742608532135	23.766664102410687	26.179913897982498	0.0
182.0	26.269947774653186	23.79430108354061	23.71794323876927	26.21780790303693	0.0
183.0	26.374512435216925	23.737032699962107	23.796865339521737	26.091589525299234	0.0
184.0	26.372802931229504	23.6860324976708	23.611953991549353	26.329210579550345	0.0
185.0	26.22749509229897	23.84644095515686	23.671501713777747	26.25456223876642	0.0
186.0	26.23062918294257	23.719937660087925	23.69401018294542	26.355422974024084	0.0
187.0	26.226294675419403	23.731537199124727	23.768006929248724	26.274161196207146	0.0
188.0	26.320603118161927	23.663441374908825	23.755755379285194	26.260200127644058	0.0
189.0	26.287057482726688	23.61963102785099	23.786594486786807	26.306717002635516	0.0
190.0	26.2588503454662	23.655246100149583	23.8122373388418	26.27366621554242	0.0
191.0	26.21953130564855	23.78630956620842	23.72248735664933	26.2716717714937	0.0
192.0	26.341552365702302	23.77127650481232	23.77327095454364	26.113900174941733	0.0
193.0	26.269182332594436	23.748482793597248	23.711727934262935	26.270606939545377	0.0
194.0	26.209063919264675	23.78837178822363	23.694347729461445	26.30821656305025	0.0
195.0	26.21512196094856	23.688146951474902	23.82718898604736	26.269542101529176	0.0
196.0	26.156143065136067	23.713789949654245	23.706381972402436	26.42368501280725	0.0
197.0	26.237495405603312	23.78088218114887	23.71477985360614	26.266842559641677	0.0
198.0	26.20786332773933	23.72304264454898	23.892572320790038	26.17652170692166	0.0
199.0	26.327816258323338	23.72361249220021	23.705662291186453	26.242908958290002	0.0
200.0	26.30823147277545	23.697467019973217	23.744479585149726	26.249821922101603	0.0
201.0	26.34470182636693	23.564977063566687	23.767843405419267	26.322477704647117	0.0
202.0	26.345556600279224	23.70003134171012	23.695472547511184	26.258939510499474	0.0
203.0	26.205373678661992	23.755306721372197	23.68663988375075	26.35267971621506	0.0
204.0	26.202809356925094	23.782089637290937	23.709718779382854	26.305382226401118	0.0
205.0	26.28971137134228	23.72197053879249	23.816280593782942	26.172037496082286	0.0
206.0	26.214715343607804	23.844122096949285	23.76975613091829	26.17140642852462	0.0
207.0	26.263722800149303	23.80765143161608	23.71761447657472	26.211011291659897	0.0
208.0	26.37413987149716	23.741113786274983	23.795535167324378	26.089211174903483	0.0
209.0	26.375279586283533	23.690681406977905	23.608621942358923	26.325417064379643	0.0
210.0	26.232245380593504	23.852805835339705	23.666747396464036	26.248201387602755	0.0
211.0	26.24193295627769	23.720883848816836	23.691536193067687	26.34564700183779	0.0
212.0	26.235244171037976	23.725862840242417	23.768032527645364	26.270860461074246	0.0
213.0	26.3272766644917	23.666882263942355	23.753786011630858	26.252055059935092	0.0
214.0	26.30398732626324	23.613382645414603	23.784626255833967	26.298003772488187	0.0
215.0	26.26924019398332	23.652117917243658	23.803987941577056	26.274653947195958	0.0
216.0	26.22650003704147	23.773215028578917	23.71936243083218	26.280922503547433	0.0
217.0	26.346247545995666	23.76729912781338	23.765304581472943	26.121148744718013	0.0
218.0	26.27358907216554	23.753622238621823	23.715440922962074	26.257347766250565	0.0
219.0	26.212897876378015	23.791518619090088	23.693215978025798	26.3023675265061	0.0
220.0	26.218101414422325	23.695562976555465	23.82976783414445	26.256567774877766	0.0
221.0	26.15456068567	23.712944072761257	23.710949520737643	26.4215457208311	0.0
222.0	26.23869157014432	23.788234958897863	23.722699491387786	26.25037397957003	0.0
223.0	26.20364434186719	23.73723126896611	23.893091706913992	26.16603268225271	0.0
224.0	26.319613625678507	23.734096963998233	23.71956518641991	26.226724223903346	0.0
225.0	26.30572667643053	23.711084643571525	23.753825287644535	26.229363392353417	0.0
226.0	26.337069815417408	23.568330892367662	23.773770921545275	26.32082837066966	0.0
227.0	26.33165600050149	23.708235267299987	23.704531078146992	26.255577654051525	0.0
228.0	26.190191251225237	23.765643164877247	23.69383847363742	26.350327110260093	0.0
229.0	26.201588821263304	23.77618591716246	23.707800496934052	26.314424764640176	0.0
230.0	26.28279650778454	23.726321548245913	23.818356926303313	26.17252501766623	0.0
231.0	26.21619542329271	23.83609107824169	23.769130163470116	26.17858333499548	0.0
232.0	26.26976415510997	23.78736632749301	23.722969873287152	26.219899644109862	0.0
233.0	26.373632636081023	23.74219615955595	23.794910371592454	26.089260832770574	0.0
234.0	26.3670789772873	23.688912064146074	23.61853146753517	26.325477491031464	0.0
235.0	26.2297370843057	23.8433504583287	23.674664979811883	26.25224747755372	0.0
236.0	26.234011209605956	23.72168035811471	23.698885023180004	26.34542340909933	0.0
237.0	26.22789196089438	23.72438003459212	23.77481500055564	26.272913003957864	0.0
238.0	26.31280506743183	23.66425699607063	23.76569681461873	26.257241121878806	0.0
239.0	26.30091239108011	23.611324819202956	23.790839616351235	26.296923173365705	0.0
240.0	26.266431480051406	23.64138410552622	23.80666064452151	26.285523769900866	0.0
241.0	26.231722573530043	23.771269638170363	23.71769480010601	26.27931298819359	0.0
242.0	26.35688738796506	23.771498596446232	23.757534305134016	26.114079710454696	0.0
243.0	26.283269826522382	23.745942356525433	23.707467773974653	26.263320042977533	0.0
244.0	26.205235631938212	23.793766833397463	23.693728357060408	26.30726917760392	0.0
245.0	26.215415836532735	23.68325794434611	23.83717118858078	26.264155030540376	0.0
246.0	26.14283515468678	23.70894828952394	23.720919626722306	26.42729692906698	0.0
247.0	26.23674181420154	23.795895912730426	23.712092491612534	26.2552697814555	0.0
248.0	26.196951038744842	23.742902100294177	23.89056121867232	26.169585642288663	0.0
249.0	26.32180566007617	23.73691591981939	23.70755512987161	26.233723290232835	0.0
