# Position (bp)	A	C	G	T	N
0.0	26.137408311600304	23.737192786577456	23.800239410527954	26.325159491294286	0.0
1.0	26.252392022241295	23.83606766819145	23.54444231511647	26.367097994450788	0.0
2.0	26.208746802642867	23.65474930776003	23.805833979053663	26.33066991054343	0.0
3.0	26.18793705808186	23.75901887924283	23.746521586989484	26.306522475685824	0.0
4.0	26.181232469660365	23.82376628065206	23.815990446832735	26.17901080285484	0.0
5.0	26.269837963927188	23.805834409408366	23.738354091167853	26.185973535496593	0.0
6.0	26.17941490912625	23.76962914624495	23.919025866737016	26.131930077891784	0.0
7.0	26.17353129833311	23.82744057023694	23.83438248859443	26.16464564283552	0.0
8.0	26.307883257483834	23.881902466520245	23.71752331712681	26.092690958869113	0.0
9.0	26.28366915723333	23.87639903487071	23.64594526306437	26.19398654483159	0.0
10.0	26.304800510869867	23.77155232251437	23.75628175583752	26.167365410778242	0.0
11.0	26.21060551793454	23.749829941888713	23.79175447218127	26.24781006799548	0.0
12.0	26.167497751074485	23.811956509667603	23.848328021056606	26.172217718201303	0.0
13.0	26.333807181013512	23.67729862399076	23.807791832791	26.181102362204722	0.0
14.0	26.20664571371456	23.748098130893016	23.842219828304252	26.20303632708817	0.0
15.0	26.184156458580897	23.887753628821784	23.738380551514275	26.189709361083036	0.0
16.0	26.091145341670092	23.731994713636816	23.803071865664183	26.37378807902891	0.0
17.0	26.212198616216696	23.78558022278245	23.73893584176449	26.263285319236363	0.0
18.0	26.128905078684628	23.76392390302411	23.762535677398578	26.344635340892687	0.0
19.0	26.21969503459458	23.70756194262741	23.84527392468043	26.22746909809758	0.0
20.0	26.336028342014373	23.68979265462057	23.715058361005298	26.25912064235976	0.0
21.0	26.2044245527137	23.743378163766202	23.896915917950313	26.15528136556978	0.0
22.0	26.299934475750476	23.851937407682996	23.71311484512955	26.13501327143698	0.0
23.0	26.31853669913264	23.692569105871637	23.72477594038404	26.264118254611684	0.0
24.0	26.263285319236363	23.699232588874207	23.786690803282877	26.250791288606557	0.0
25.0	26.14667436669147	23.72560887575936	23.8036271559144	26.324089601634775	0.0
26.0	26.25551125573337	23.83277989405062	23.55929944582033	26.352409404395676	0.0
27.0	26.21275390646691	23.653698788356674	23.807514187665895	26.326033117510523	0.0
28.0	26.173050653576624	23.77197561165221	23.745876969892162	26.309096764879	0.0
29.0	26.181657652454938	23.823339959796986	23.808069477916106	26.186932909831967	0.0
30.0	26.27355818886532	23.808069477916106	23.743378163766202	26.17499416945237	0.0
31.0	26.180824717079616	23.758926290772187	23.92245926946015	26.137789722688048	0.0
32.0	26.171384782825985	23.8158435414191	23.84360805392979	26.169163621825124	0.0
33.0	26.31104028075475	23.878868984818364	23.72116655375765	26.08892418066924	0.0
34.0	26.279111091367458	23.87581488844219	23.645369434603467	26.199704585586886	0.0
35.0	26.296325089124085	23.763646257899005	23.762813322523684	26.17721533045323	0.0
36.0	26.206017663733817	23.7363711327612	23.804116355195976	26.253494848309007	0.0
37.0	26.172350030818436	23.809047849095162	23.853193178852443	26.16540894123396	0.0
38.0	26.336159745012132	23.67966593924048	23.8018291159273	26.18234519982009	0.0
39.0	26.199281458406215	23.761293152753947	23.829871117848594	26.20955427099124	0.0
40.0	26.183455774153604	23.882345755107252	23.732973507249273	26.201224963489867	0.0
41.0	26.092111035221865	23.732140576499138	23.800163254427027	26.37558513385197	0.0
42.0	26.21705064774248	23.77628590625642	23.740747527583892	26.26591591841721	0.0
43.0	26.118209532059506	23.758794360503536	23.767123668004906	26.355872439432055	0.0
44.0	26.206777835157453	23.706042079661497	23.859856624853542	26.227323460327508	0.0
45.0	26.321444635093037	23.69632455424323	23.72103483316397	26.261195977499764	0.0
46.0	26.20816605307435	23.7512979837523	23.88373397302415	26.156801990149205	0.0
47.0	26.312004753258144	23.865964783687886	23.69493633632633	26.127094126727634	0.0
48.0	26.335604457845374	23.702988000244325	23.719368971663695	26.2420385702466	0.0
49.0	26.283407464170093	23.701044495160673	23.78683636242483	26.228711678244405	0.0
50.0	26.149583256981344	23.733806437999412	23.806271413261367	26.310338891757873	0.0
51.0	26.249812590581218	23.8337581280159	23.569996723805716	26.34643255759716	0.0
52.0	26.21288599399179	23.65662152182001	23.806549056844748	26.323943427343448	0.0
53.0	26.167074802734234	23.7699001038387	23.752686201669192	26.310338891757873	0.0
54.0	26.177625258902644	23.817932443763294	23.813490146429224	26.190952150904838	0.0
55.0	26.271191146501415	23.804605551761092	23.74380160700106	26.18040169473643	0.0
56.0	26.176514684569124	23.754352063169467	23.931211025781984	26.137922226479425	0.0
57.0	26.161521931066652	23.820153592430326	23.849028525101758	26.169295951401267	0.0
58.0	26.31089417892463	23.884844547357666	23.715481961496387	26.088779312221316	0.0
59.0	26.273134651585067	23.869018863105055	23.658842670487044	26.199003814822834	0.0
60.0	26.29145912808809	23.767956598755045	23.761848439920705	26.17873583323616	0.0
61.0	26.206149788297356	23.739571041854653	23.80842645936003	26.245852710487956	0.0
62.0	26.178590466882856	23.803085158367022	23.845842032783974	26.172482341966152	0.0
63.0	26.341843987383946	23.667595842032785	23.803085158367022	26.18747501221625	0.0
64.0	26.208298165341386	23.751999022700012	23.82946115232553	26.210241659633066	0.0
65.0	26.193583137132958	23.874716805117497	23.73200879569988	26.19969126204966	0.0
66.0	26.110845808715737	23.729787659366533	23.79364532895029	26.36572120296744	0.0
67.0	26.216072142508107	23.789480698325264	23.734507574074897	26.259939585091736	0.0
68.0	26.128059615299186	23.76560348274177	23.75866243170006	26.347674470258987	0.0
69.0	26.202467682466352	23.705632801741373	23.876660299409178	26.2152392163831	0.0
70.0	26.319632624050467	23.71673848340811	23.72118075607481	26.242448136466617	0.0
71.0	26.218015636799784	23.762271778241747	23.876937941450844	26.142774643507614	0.0
72.0	26.312136288925416	23.865554617742436	23.698136466616322	26.12417262671583	0.0
73.0	26.334347652258895	23.715627915241438	23.710075074408067	26.239949358091604	0.0
74.0	26.280485096175205	23.689529563324598	23.787814846075253	26.24217049442495	0.0
75.0	26.142219359424278	23.734785216116567	23.799475811825328	26.323519612633824	0.0
76.0	26.24966682955	23.832515214783882	23.558482519657055	26.35933543600906	0.0
77.0	26.20940873350806	23.659266580782727	23.801141664075338	26.330183021633868	0.0
78.0	26.166374217049444	23.758940073741726	23.75810714761672	26.316578561592113	0.0
79.0	26.19136200079961	23.815023766158767	23.796977033450315	26.19663719959131	0.0
80.0	26.277708675758515	23.805861578783706	23.731453511616543	26.184976233841233	0.0
81.0	26.188585580382924	23.75644129536671	23.91719603749278	26.137777086757584	0.0
82.0	26.169705921549465	23.815301408200433	23.837512771533916	26.177479898716182	0.0
83.0	26.300475323175338	23.88748833903425	23.718959619741458	26.093076718048952	0.0
84.0	26.26577006796677	23.860279418950736	23.66704055794945	26.206909955133046	0.0
85.0	26.281873306383545	23.749777886366665	23.778652658700192	26.189696148549597	0.0
86.0	26.204616063768647	23.72583479789104	23.80662840769955	26.262920730640772	0.0
87.0	26.183720271643462	23.79545669085841	23.846264902353838	26.174558135144288	0.0
88.0	26.342252997129194	23.663577453370277	23.79878837685811	26.195381172642417	0.0
89.0	26.208430276141243	23.753255334862207	23.825719505355686	26.212594883640865	0.0
90.0	26.197047015642266	23.870141985351687	23.733820499863956	26.198990499142088	0.0
91.0	26.12236172114899	23.739928590863407	23.78268522785956	26.355024460128046	0.0
92.0	26.211484321640967	23.79934365785806	23.72077139636513	26.268400624135847	0.0
93.0	26.127636890648514	23.764360954861207	23.755476458862006	26.35252569562827	0.0
94.0	26.21231724314089	23.70577880936648	23.859591646352637	26.222312301139993	0.0
95.0	26.313100744631825	23.71799499136538	23.72243723936498	26.24646702463782	0.0
96.0	26.22647690863962	23.758252863861756	23.872918390351437	26.14235183714719	0.0
97.0	26.318098273631367	23.869031423351785	23.694673189367478	26.118197113649362	0.0
98.0	26.340864794629322	23.718272631865357	23.70189184236683	26.238970731138494	0.0
99.0	26.27478635563527	23.70189184236683	23.789070959358984	26.234250842638918	0.0
100.0	26.15179161414634	23.730488813864255	23.79601197185836	26.321707600131045	0.0
101.0	26.25701736363687	23.830717034355235	23.552798893880247	26.35946670812765	0.0
102.0	26.201489263641864	23.658857564870704	23.80933871585716	26.330314455630273	0.0
103.0	26.16234195314539	23.770469045860658	23.760751628361533	26.30643737263242	0.0
104.0	26.19066128414284	23.81322568285681	23.79434612885851	26.20176690414184	0.0
105.0	26.28089444663472	23.797677814858208	23.730488813864255	26.190938924642815	0.0
106.0	26.189828362642913	23.750756570362434	23.92455952334679	26.134855543647863	0.0
107.0	26.175113416144242	23.809061075357185	23.84210029485421	26.173725213644367	0.0
108.0	26.297275236133245	23.87597243585116	23.72354780136488	26.103204526650714	0.0
109.0	26.262847814136343	23.860702208352535	23.667742060869905	26.208707916641217	0.0
110.0	26.27367579363537	23.750201289362483	23.76880320286081	26.20731971414134	0.0
111.0	26.20474819464766	23.720705538079677	23.803719817090947	26.270826450181715	0.0
112.0	26.180520850685767	23.792548170359265	23.84863123993559	26.17829973901938	0.0
113.0	26.349880615247933	23.651507579543562	23.78699539119329	26.211616414015214	0.0
114.0	26.21244933089011	23.748403575989784	23.819479149314233	26.219667943805874	0.0
115.0	26.203564884224555	23.86251318785052	23.718140929535235	26.215780998389693	0.0
116.0	26.11971791881837	23.745627186406796	23.774501638069854	26.360153256704983	0.0
117.0	26.213004608806706	23.79782331056694	23.719251485368424	26.26992059525793	0.0
118.0	26.14165139652396	23.76728302515409	23.74923649286468	26.34182908545727	0.0
119.0	26.211338775056912	23.717585651618638	23.855572213893055	26.2155033594314	0.0
120.0	26.31239935587762	23.713698706202454	23.72313843078461	26.25076350713532	0.0
121.0	26.223554889222058	23.75756566161364	23.875284579932256	26.14359486923205	0.0
122.0	26.326836581709145	23.869454161807983	23.692320506413463	26.11138875006941	0.0
123.0	26.344605475040257	23.708978843911378	23.713421067244155	26.232994613804212	0.0
124.0	26.280470875673274	23.703148425787106	23.7853295574435	26.231051141096117	0.0
125.0	26.147204175689932	23.73063468265867	23.806985396190793	26.3151757454606	0.0
126.0	26.269365317341332	23.830862346604476	23.553223388305845	26.34654894774835	0.0
127.0	26.205785995890945	23.66233549891721	23.808928868898885	26.322949636292964	0.0
128.0	26.166361263812536	23.775889832861345	23.758120939530237	26.299627963795878	0.0
129.0	26.186423972524775	23.81121608977758	23.8009434197996	26.201416517898046	0.0
130.0	26.28720719420066	23.79872230196652	23.720427898350543	26.193642605482275	0.0
131.0	26.193087326024006	23.755132864492378	23.904225399037703	26.147554410445917	0.0
132.0	26.176151302546792	23.8153806857146	23.81760180354768	26.190866208190926	0.0
133.0	26.304011638722073	23.865765998384127	23.726390080432676	26.103832282461127	0.0
134.0	26.258200829036838	23.847719315780854	23.67280531516449	26.221274540017824	0.0
135.0	26.269584121140436	23.74638025193169	23.773866737742832	26.210168889185038	0.0
136.0	26.211629869841413	23.721736040158145	23.80364044245036	26.262993647550086	0.0
137.0	26.169778579857013	23.80481710279725	23.83757895467481	26.187825362670925	0.0
138.0	26.350246407996114	23.654057055597974	23.788713819670992	26.206982716734924	0.0
139.0	26.21371892474193	23.739636953250372	23.82792761276494	26.218716509242757	0.0
140.0	26.19491188956418	23.85908993733567	23.733594689218794	26.212403483881356	0.0
141.0	26.11189622764616	23.73664877711544	23.77829543025157	26.373159564986825	0.0
142.0	26.209349395984706	23.80883630921807	23.719157182798266	26.262657111998955	0.0
143.0	26.140566173939117	23.78558022278245	23.741989938140666	26.331863665137767	0.0
144.0	26.220527969969904	23.72005597325722	23.85499150405917	26.2044245527137	0.0
145.0	26.326588407760738	23.706729007252093	23.717557167131258	26.24912541785591	0.0
146.0	26.22358206634608	23.758093355396866	23.86693024443877	26.151394333818285	0.0
147.0	26.338527148140333	23.868040824939197	23.68507268749375	26.108359339426716	0.0
148.0	26.346023566518216	23.710060748753374	23.713670135379765	26.230245549348645	0.0
149.0	26.283831058494272	23.704230201126126	23.783359061781592	26.228579678598003	0.0
150.0	26.16638717057406	23.734215874637673	23.793909576535654	26.30548737825261	0.0
151.0	26.276962887073086	23.828681376346236	23.54298374938571	26.351371987194973	0.0
152.0	26.211993747414425	23.661816192863945	23.80563676698013	26.320553292741504	0.0
153.0	26.161739840242554	23.7767615937985	23.756493443392166	26.305005122566783	0.0
154.0	26.181525390787684	23.81708637587806	23.804036982536026	26.197351250798235	0.0
155.0	26.29536052419691	23.80514756920343	23.711302995807536	26.188188910792125	0.0
156.0	26.199017130799344	23.759613515839742	23.910930949273954	26.13043840408696	0.0
157.0	26.16986423077991	23.824860482549905	23.818196962545464	26.18707832412472	0.0
158.0	26.306539430100866	23.880456119210706	23.72191943226652	26.091085018421907	0.0
159.0	26.249899352803823	23.857133734441334	23.687213502550193	26.20575341020465	0.0
160.0	26.260727602875317	23.758291246609232	23.785778342944564	26.19520280757089	0.0
161.0	26.201383798671728	23.73225827946958	23.815275093845095	26.251082828013594	0.0
162.0	26.165639828190812	23.79923757590229	23.84393906160198	26.19118353430492	0.0
163.0	26.338337493440545	23.659024841254194	23.799792873861293	26.20284479144397	0.0
164.0	26.19736454856927	23.754879694363154	23.819294436454303	26.22846132061327	0.0
165.0	26.184387711187927	23.872669470936934	23.73023475351575	26.21270806435939	0.0
166.0	26.10164785584385	23.738286618633126	23.78798606194383	26.372079463579194	0.0
167.0	26.202157344550415	23.79798148071023	23.732733608207347	26.267127566532007	0.0
168.0	26.142257416066016	23.76584000621939	23.75584455970058	26.336058018014015	0.0
169.0	26.220555080463342	23.713086260703456	23.851911906798016	26.214446752035187	0.0
170.0	26.315511822392025	23.721693450761318	23.712253306826888	26.25054142001977	0.0
171.0	26.221110383047723	23.753901000655254	23.87162514854344	26.153363467753575	0.0
172.0	26.331615597338992	23.87162514854344	23.684210526315788	26.112548727801776	0.0
173.0	26.33827922835153	23.713641563287837	23.718639286547237	26.2294399218134	0.0
174.0	26.27858420053087	23.70892149132062	23.79388278673049	26.218611521418023	0.0
175.0	26.16446951944114	23.731966548572316	23.801101720327406	26.302462211659133	0.0
176.0	26.263386300091902	23.843926222293796	23.546005558594302	26.34668191902	0.0
177.0	26.20979945191483	23.66206412096745	23.814495103605868	26.313641323511856	0.0
178.0	26.173149379586462	23.781732160160814	23.75313399766217	26.291984462590552	0.0
179.0	26.182106940765543	23.818170712068458	23.801511542028308	26.19821080513769	0.0
180.0	26.28567144784847	23.799845625024293	23.714883857819537	26.1995990693077	0.0
181.0	26.192102442789633	23.750978726239858	23.91479389830132	26.142124932669187	0.0
182.0	26.166836034895407	23.828721519760553	23.811507044052398	26.19293540129164	0.0
183.0	26.31323213784946	23.87682175471525	23.718559199913372	26.091386907521912	0.0
184.0	26.249927115928713	23.861273152839978	23.683297192089093	26.205502539142216	0.0
185.0	26.268252253853134	23.76520500553919	23.776033496130896	26.19050924447678	0.0
186.0	26.195024433585072	23.726677032430032	23.82302310084407	26.255275433140827	0.0
187.0	26.166776340449633	23.800321524659942	23.846134623874455	26.18676751101597	0.0
188.0	26.328371635860826	23.66038333069561	23.808095868769072	26.20314916467449	0.0
189.0	26.202388951515726	23.738470338018313	23.83787115654796	26.221269553918003	0.0
190.0	26.186635272950408	23.87292208675661	23.73437139913982	26.20607124115316	0.0
191.0	26.107225460007722	23.742978756486753	23.783516633023932	26.366279150481596	0.0
192.0	26.189134183147907	23.81822371910028	23.73437139913982	26.258270698611994	0.0
193.0	26.146725307922125	23.783027354812912	23.742211708259752	26.328035629005207	0.0
194.0	26.222248136918445	23.722220371172494	23.848276857806063	26.207254634103	0.0
195.0	26.313597441108854	23.725552260687035	23.71833316673886	26.242517131465252	0.0
196.0	26.206699319183908	23.767478537078375	23.880207465653772	26.145614678083938	0.0
197.0	26.313875098568396	23.886593587223317	23.688623818567507	26.110907495640777	0.0
198.0	26.32692499916703	23.71583424960295	23.72527460322749	26.231966148002535	0.0
199.0	26.26889459012206	23.713335332467043	23.788302846544276	26.229467230866625	0.0
200.0	26.156443319006208	23.74832017236975	23.795799597952	26.299436910672043	0.0
201.0	26.257305882189613	23.85611750496314	23.540697755133206	26.345878857714037	0.0
202.0	26.20371784370618	23.663145034776694	23.819744276769725	26.3133928447474	0.0
203.0	26.168177590204216	23.78975718787744	23.742277630464663	26.299787591453676	0.0
204.0	26.188519355608992	23.814257234405282	23.792044514291106	26.20517889569462	0.0
205.0	26.294307435152742	23.7970423763168	23.713189357885796	26.195460830644667	0.0
206.0	26.206567190701758	23.75150630008274	23.91143788490479	26.13048862431071	0.0
207.0	26.174914064539056	23.82647423046808	23.812313621395294	26.18629808359757	0.0
208.0	26.31381662793313	23.880961702387594	23.730470105760606	26.074751563918667	0.0
209.0	26.259950632092472	23.863191476955627	23.68465624331881	26.19220164763309	0.0
210.0	26.26467084822284	23.758513742770436	23.789333977504004	26.187481431502725	0.0
211.0	26.193107354672474	23.73831049112597	23.819109709233878	26.24947244496768	0.0
212.0	26.162359676913294	23.813622619401308	23.84249939608664	26.181518307598754	0.0
213.0	26.340618240682378	23.658409944717633	23.808624715744227	26.192347098855755	0.0
214.0	26.203248646397338	23.740108288213243	23.838123004303764	26.21852006108566	0.0
215.0	26.18971592313181	23.877617319498317	23.727124051434267	26.205542705935596	0.0
216.0	26.114746951955997	23.74739343993736	23.77515972555803	26.36269988254861	0.0
217.0	26.19249255169388	23.813754862570768	23.7285123657153	26.265240220020047	0.0
218.0	26.14203049857281	23.783833312971332	23.743572087030888	26.33056410142497	0.0
219.0	26.216166687028664	23.716361051567688	23.853249219765207	26.21422304163844	0.0
220.0	26.312515965658562	23.71247376078723	23.72052600597532	26.25448426757889	0.0
221.0	26.217277341537372	23.764952186323402	23.86796539200551	26.14980508013372	0.0
222.0	26.323344847118406	23.882126236991457	23.67498917111854	26.119539744771593	0.0
223.0	26.347779246309848	23.696646934038228	23.71497273343181	26.24060108622011	0.0
224.0	26.29307951175628	23.705532170107844	23.777447049546296	26.223941268589577	0.0
225.0	26.170074524917535	23.748847695947223	23.796883503448583	26.284194275686662	0.0
226.0	26.258722132906843	23.858313410912764	23.546496291791964	26.33646816438843	0.0
227.0	26.21568415119382	23.670334613366208	23.818607401977527	26.29537383346245	0.0
228.0	26.154875647999287	23.795838921329345	23.742805021282976	26.30648040938839	0.0
229.0	26.179105140692943	23.81756287727755	23.795627328916606	26.207704653112906	0.0
230.0	26.27545495437961	23.79479433340923	23.715937425377486	26.21381328683367	0.0
231.0	26.184936109244582	23.7450922681357	23.931683261788276	26.138288360831442	0.0
232.0	26.163000560883642	23.823671510998317	23.82533750201307	26.187990426104967	0.0
233.0	26.299129517277763	23.873162198558916	23.738771883546907	26.08893640061642	0.0
234.0	26.245262324896917	23.860944897194187	23.68795901650724	26.20583376140166	0.0
235.0	26.24942731399853	23.761540490635717	23.786530425245385	26.202501770120367	0.0
236.0	26.19119019059043	23.73383979741437	23.81741747745346	26.257552534541738	0.0
237.0	26.166550509103324	23.79776921944894	23.84469502392105	26.190985247526676	0.0
238.0	26.336760675620518	23.639776422143427	23.802211899162277	26.22125100307378	0.0
239.0	26.201054028688688	23.735082273103387	23.835598180717607	26.228265517490325	0.0
240.0	26.198826512052825	23.879618907984216	23.722450385007345	26.199104194955613	0.0
241.0	26.118770914038965	23.736965607253442	23.78889490565252	26.35536857305508	0.0
242.0	26.195322848946518	23.805371420002167	23.737888478190236	26.26141725286108	0.0
243.0	26.135726148223444	23.783458028538263	23.7587411616372	26.322074661601096	0.0
244.0	26.226931248524572	23.71599572299446	23.84541679974449	26.21165622873648	0.0
245.0	26.32134425774198	23.72448271073462	23.70587418414109	26.248298847382305	0.0
246.0	26.219131130374883	23.76017620704884	23.86572267388086	26.15496998869542	0.0
247.0	26.335627663061288	23.87436183746368	23.673816309184538	26.116194190290486	0.0
248.0	26.346358969800672	23.703362147507832	23.718361814181907	26.231917068509585	0.0
249.0	26.288860247550055	23.702528832692607	23.786415857425393	26.22219506233195	0.0
