# Position (bp)	A	C	G	T	N
0.0	26.214093978093867	23.91191339690955	23.841385746726694	26.03260687826988	0.0
1.0	26.116814460600274	24.005240934004966	23.936841273267284	25.941103332127476	0.0
2.0	26.01481679642257	23.97317533614429	23.850968685305716	26.16103918212743	0.0
3.0	26.08781561396149	24.131054650689137	23.83831567171892	25.942814063630447	0.0
4.0	26.15118979584392	23.906871268588663	23.80169258642283	26.140246349144586	0.0
5.0	26.177832223313157	23.875515619822902	23.823231693786422	26.12342046307752	0.0
6.0	26.1385259804607	23.807975001367872	23.905853886886053	26.147645131285373	0.0
7.0	26.060974497705097	23.94510471442901	23.846925438463177	26.14699534940272	0.0
8.0	26.037781729205612	23.924679706378516	23.827717746470313	26.209820817945563	0.0
9.0	26.083665907799116	23.85417584855881	23.93472320584561	26.127435037796467	0.0
10.0	26.15704928496527	23.96832874880321	23.822130362760443	26.052491603471072	0.0
11.0	25.940639200012157	23.854348718104585	24.00297867813559	26.202033403747667	0.0
12.0	25.96495493989453	23.876232883998725	23.852525037613407	26.306287138493335	0.0
13.0	26.191699214297653	23.832160605461922	23.93519855321348	26.040941627026942	0.0
14.0	26.254616191243297	23.840671114420754	23.730338444704486	26.174374249631466	0.0
15.0	26.119055941399065	23.79386331514719	23.878056564489903	26.209024178963848	0.0
16.0	26.23425175909181	23.803893557848667	23.961337973587028	26.0005167094725	0.0
17.0	25.96525888664306	24.06407197459005	23.87015394902813	26.10051518973876	0.0
18.0	25.94550234798863	24.006929985866478	23.960730080089967	26.086837586054923	0.0
19.0	26.173158462637346	23.91513806781052	23.727298977219192	26.18440449233294	0.0
20.0	26.171783579072788	23.806484360515125	23.899491500180847	26.12224056023124	0.0
21.0	26.063883139264515	23.89888361037911	23.874568018309642	26.162665232046734	0.0
22.0	26.14716404210245	23.730194190397164	24.018333956420378	26.10430781108001	0.0
23.0	26.038655712492435	23.924718926952924	23.831407842386334	26.205217518168304	0.0
24.0	26.154762664624158	23.84143802411499	23.837486740403698	26.16631257085715	0.0
25.0	26.225885771427354	23.896148106271294	23.840222244511512	26.037743877789833	0.0
26.0	26.138349639977264	24.0037446011787	23.918032139133818	25.93987361971022	0.0
27.0	26.019811128638597	23.965751488570152	23.848732701735827	26.16570468105542	0.0
28.0	26.093973684450482	24.11286082059044	23.84113407921412	25.95203141574495	0.0
29.0	26.17999009139623	23.907698012504294	23.782776658247393	26.12953523785208	0.0
30.0	26.20825696717699	23.866057561085327	23.801013352299492	26.124672119438188	0.0
31.0	26.145644317598105	23.809523809523807	23.901923059387794	26.14290881349029	0.0
32.0	26.067530478074936	23.940828006698943	23.85845893856362	26.1331825766625	0.0
33.0	26.041087271699386	23.923503147349447	23.817426376946386	26.21798320400478	0.0
34.0	26.086679006829645	23.86514572638272	23.93414121887984	26.114034047907797	0.0
35.0	26.175126972982337	23.94964240882413	23.830496007683728	26.044734610509806	0.0
36.0	25.952943250447557	23.839918299610645	23.994930199053517	26.21220825088828	0.0
37.0	25.99032847325437	23.865753616184456	23.857547103861013	26.28637080670016	0.0
38.0	26.195795226241387	23.821681605558545	23.920159753439897	26.06236341476017	0.0
39.0	26.24351457567772	23.849644536438436	23.73870464762148	26.168136240262363	0.0
40.0	26.115553772412138	23.777305650031764	23.884294255137426	26.22284632241867	0.0
41.0	26.220414763211725	23.810131699325545	23.95906470075105	26.01038883671168	0.0
42.0	25.9602379280684	24.05419945472285	23.88064691632701	26.104915700881744	0.0
43.0	25.9477761871328	24.013774782907355	23.964839653867546	26.0736093760923	0.0
44.0	26.162057342245	23.926846541259	23.713781165750273	26.19731495074573	0.0
45.0	26.18135066213994	23.786279402691115	23.88931609773593	26.143053837433015	0.0
46.0	26.072539049083765	23.8756386603406	23.894483129640832	26.157339160934807	0.0
47.0	26.14366172353948	23.716068557395086	24.01484457871973	26.125425140345705	0.0
48.0	26.04092897154789	23.923357719697638	23.831566917622315	26.204146391132156	0.0
49.0	26.15065241376376	23.84129309532566	23.832174803728773	26.17587968718181	0.0
50.0	26.24183532973262	23.88870821162947	23.82153679686574	26.047919661772173	0.0
51.0	26.122689652866637	23.998735596898566	23.925181378017015	25.953393372217782	0.0
52.0	26.00627946347972	23.965909747149773	23.849499557762858	26.178311231607648	0.0
53.0	26.096246607235667	24.1215285904033	23.82761565793033	25.9546091444307	0.0
54.0	26.197155700907874	23.898130446279588	23.76773887644411	26.13697497636843	0.0
55.0	26.184997978778696	23.87442288812768	23.810898790002703	26.129680343090918	0.0
56.0	26.15794704704127	23.795701637341228	23.90056199070542	26.145789324912084	0.0
57.0	26.08135339762742	23.931564182134835	23.847068013337022	26.140014406900725	0.0
58.0	26.044576288186644	23.927308979389622	23.824272284344804	26.20384244807893	0.0
59.0	26.078010024041898	23.858313906306513	23.92700503633639	26.1366710333152	0.0
60.0	26.18530192183193	23.94037853067849	23.837341835633676	26.036977711855908	0.0
61.0	25.95430520137747	23.831262974569086	24.01271697734712	26.20171484670632	0.0
62.0	25.99320991219085	23.856490247987136	23.86135333683881	26.2889465029832	0.0
63.0	26.205970049451533	23.83491029120784	23.914543371153982	26.044576288186644	0.0
64.0	26.237276183934178	23.857402077146826	23.74555103355835	26.159770705360643	0.0
65.0	26.1202581084408	23.780504484679753	23.88779638246978	26.211441024409666	0.0
66.0	26.223902689592077	23.80026078313967	23.96287031661748	26.012966210650774	0.0
67.0	25.978316702582603	24.047366485415292	23.86256910905173	26.111747702950378	0.0
68.0	25.970718126251864	23.983842387290316	23.979283241491874	26.066156244965942	0.0
69.0	26.18439009267224	23.910288168408766	23.729745994790417	26.175575744128583	0.0
70.0	26.171769332940237	23.790693928166533	23.901024585804123	26.136512153089107	0.0
71.0	26.087881560190993	23.856953110990208	23.88856299637398	26.16660233244481	0.0
72.0	26.134384564649814	23.718659862436212	24.025032597694302	26.121922975219675	0.0
73.0	26.052016497928644	23.90862311594445	23.837500873830965	26.201859512295943	0.0
74.0	26.144414624435047	23.83111810851309	23.83111810851309	26.19334915853877	0.0
75.0	26.243499457464946	23.889170878785208	23.831725990924316	26.03560367282553	0.0
76.0	26.130129387771227	23.996766065572274	23.91713346970162	25.955971076954874	0.0
77.0	26.013415964815767	23.96667588621657	23.865159523541767	26.1547486254259	0.0
78.0	26.099127384798688	24.128676548808397	23.831725990924316	25.940470075468603	0.0
79.0	26.2100659248475	23.882484172261716	23.767898337745546	26.139551565145236	0.0
80.0	26.17146539173462	23.864855582336155	23.82534322560644	26.138335800322785	0.0
81.0	26.172073274145852	23.80254763518545	23.884307819495394	26.141071271173306	0.0
82.0	26.065997793386845	23.929291117926148	23.85604128737337	26.148669801313634	0.0
83.0	26.04806526225567	23.92959505913176	23.821391989933467	26.2009476886791	0.0
84.0	26.077851500405764	23.861208287868795	23.93780147168332	26.12313874004213	0.0
85.0	26.180279686697403	23.946919707851713	23.83385357936361	26.03894702608727	0.0
86.0	25.967520842768177	23.811665871353846	24.032023245423407	26.188790040454574	0.0
87.0	26.014327788432606	23.85968858184073	23.8636398175137	26.26234381221297	0.0
88.0	26.19426098215561	23.833549638157994	23.910142821972517	26.062046557713874	0.0
89.0	26.251097987605277	23.847530933616202	23.72717021619338	26.17420086258514	0.0
90.0	26.12313874004213	23.78735057490479	23.892514232046953	26.196996453006133	0.0
91.0	26.242587633848107	23.79890034071809	23.97153894550638	25.986973079927417	0.0
92.0	25.99396372765652	24.03050353939534	23.87792505417752	26.09760767877062	0.0
93.0	25.952019841281903	23.97457835756251	23.987951770609495	26.08545003054609	0.0
94.0	26.165386567622363	23.914397998851104	23.740239688034748	26.17997574549179	0.0
95.0	26.186503268867796	23.789029612811653	23.89236899453821	26.13209812378234	0.0
96.0	26.065535404376117	23.86562233103251	23.9127329315255	26.15610933306587	0.0
97.0	26.123587821757805	23.736144164516297	24.014552616461962	26.12571539726394	0.0
98.0	26.051554193907233	23.89662414555048	23.854680514143816	26.197141146398472	0.0
99.0	26.14060842580688	23.83644415266266	23.82884566871218	26.194101752818277	0.0
100.0	26.244859625607496	23.903310811426902	23.814256579527253	26.037572983438345	0.0
101.0	26.12449963983186	23.985070498734093	23.928537778142505	25.961892083291545	0.0
102.0	26.012649956080764	23.95710807779632	23.85923960451411	26.171002361608814	0.0
103.0	26.119940549461575	24.104518666435673	23.834924455872564	25.940616328230192	0.0
104.0	26.22236811311407	23.877475965995266	23.775960220416824	26.12419570047384	0.0
105.0	26.177689027485236	23.87200505755092	23.827629911280102	26.122676003683743	0.0
106.0	26.164619635090407	23.80361870199658	23.878083844711302	26.153677818201714	0.0
107.0	26.076477221264817	23.920027476117962	23.86197505873628	26.14152024388094	0.0
108.0	26.05064237583317	23.91334081024154	23.831885062292372	26.204131751632914	0.0
109.0	26.084379644573314	23.843434757897107	23.944950503475546	26.127235094054036	0.0
110.0	26.172218119040892	23.955284441648203	23.84981748441551	26.022679954895402	0.0
111.0	25.979520566056664	23.795412339330056	24.03218109922708	26.1928859953862	0.0
112.0	26.005659350846322	23.86623020974855	23.855896271575897	26.272214167829233	0.0
113.0	26.198964782546586	23.827933850638118	23.91638020382173	26.056721162993558	0.0
114.0	26.250330534051848	23.836140213304642	23.7504293143432	26.16309993830031	0.0
115.0	26.13696115351065	23.77504840234276	23.90817384115521	26.179816602991373	0.0
116.0	26.23482962679286	23.783862643725325	23.988717771030323	25.99258995845149	0.0
117.0	26.000492381759994	24.058015944658724	23.87504445113111	26.06644722245018	0.0
118.0	25.94912663025473	23.991757164610515	23.99631625498081	26.06279995015395	0.0
119.0	26.164315695732387	23.924586566488255	23.748301738837068	26.16279599894229	0.0
120.0	26.19486886456684	23.772457455829745	23.88096446623365	26.151709213369767	0.0
121.0	26.0857539717517	23.861512229074407	23.900416703392896	26.15231709578099	0.0
122.0	26.132560917416136	23.731425393071966	24.01834589117081	26.11766779834109	0.0
123.0	26.05991896927458	23.8912984672245	23.854825522550918	26.19395704095	0.0
124.0	26.13134515259368	23.827166872840117	23.83993240347587	26.201555571090328	0.0
125.0	26.237724574558296	23.910750704383744	23.83415752056922	26.01736720048874	0.0
126.0	26.130129387771227	23.982480828908457	23.92837929430931	25.959010489011003	0.0
127.0	26.01858296531119	23.948135472674164	23.87701323056068	26.156268331453962	0.0
128.0	26.116452033518634	24.1010178990976	23.84631516879375	25.936214898590016	0.0
129.0	26.21736051378221	23.864855582336155	23.781271750792527	26.136512153089107	0.0
130.0	26.186358510809672	23.840236344681482	23.838108756242192	26.135296388266653	0.0
131.0	26.178231664691044	23.811434302908726	23.88681195100453	26.1235220813957	0.0
132.0	26.067900671712106	23.91994164311115	23.879517339898484	26.132640345278258	0.0
133.0	26.035074921734903	23.938178170876263	23.828455062156166	26.198291845232667	0.0
134.0	26.062733655511988	23.84851524269779	23.965532962523937	26.123218139266285	0.0
135.0	26.190389349867786	23.95003191392359	23.864320233427556	25.99525850278107	0.0
136.0	25.972766785204097	23.80657122883803	24.031184462478343	26.189477523479532	0.0
137.0	26.000729461110605	23.843044284368258	23.865536001945227	26.29069025257591	0.0
138.0	26.215312604480108	23.811434302908726	23.91173520561685	26.061517886994316	0.0
139.0	26.258168444728124	23.83422996261512	23.76249962007234	26.145101972584424	0.0
140.0	26.143886204066746	23.76584298349594	23.894410504239993	26.19586030819732	0.0
141.0	26.2299018266922	23.786511048296404	23.98802468010091	25.99556244491049	0.0
142.0	26.00133734536944	24.04486185830218	23.879517339898484	26.074283456429896	0.0
143.0	25.973374669462935	23.988632564359747	23.984681316677307	26.053311449500015	0.0
144.0	26.170025227196742	23.908999726452084	23.7585483723899	26.162426673961274	0.0
145.0	26.186597286388174	23.779664932159704	23.901242522978166	26.13249525847396	0.0
146.0	26.09511014929728	23.84227739143121	23.912184506151828	26.15042795311968	0.0
147.0	26.149820065165592	23.697904002334287	24.036801536740747	26.115474395759374	0.0
148.0	26.05346982444196	23.907321402519088	23.852915430627828	26.186293342411126	0.0
149.0	26.13401497835919	23.805804114185676	23.85504303846715	26.205137868987986	0.0
150.0	26.235308063354275	23.902530949189533	23.831407842386334	26.030753145069863	0.0
151.0	26.136829915472926	23.965143598768414	23.93626883318592	25.961757652572743	0.0
152.0	26.019811128638597	23.946299014914576	23.867577285589668	26.16631257085715	0.0
153.0	26.112818268304324	24.11346871039218	23.844173528222804	25.929539493080693	0.0
154.0	26.205521463069175	23.873656183607036	23.79250289507518	26.128319458248612	0.0
155.0	26.178774311792758	23.84660508742975	23.837486740403698	26.13713386037379	0.0
156.0	26.19040382242269	23.791663373920233	23.877983988133956	26.139948815523123	0.0
157.0	26.068217600894815	23.919320620292638	23.861874859425054	26.150586919387486	0.0
158.0	26.049069013938958	23.914457487097497	23.839990760046927	26.196482738916615	0.0
159.0	26.107426612280626	23.81415536494775	23.96187303575011	26.116544987021513	0.0
160.0	26.172471018765613	23.94242050296955	23.86734588426959	26.017762593995247	0.0
161.0	25.97156282864142	23.79500677799189	24.03937922104764	26.194051172319043	0.0
162.0	26.010771840027235	23.839990760046927	23.839686814222233	26.309550585703604	0.0
163.0	26.220494459067616	23.797438344589462	23.92570348261126	26.056363713731663	0.0
164.0	26.26335082034978	23.80777250262913	23.76643587047045	26.16244080655064	0.0
165.0	26.138125140574942	23.758533279028345	23.91688905369507	26.186452526701643	0.0
166.0	26.229612833808503	23.78163316170526	24.00564123450636	25.983112769979876	0.0
167.0	26.015027081572978	24.06217515789986	23.87585636736108	26.046941393166083	0.0
168.0	25.979465420083525	23.984668972602325	23.978286110283705	26.057579497030446	0.0
169.0	26.17703020613606	23.905643058181308	23.74911095846276	26.168215777219867	0.0
170.0	26.204544625597258	23.77965009543957	23.89180678654363	26.123998492419542	0.0
171.0	26.099378730957678	23.842263315947527	23.932839722313407	26.125518230781385	0.0
172.0	26.136315280758172	23.700463826967617	24.031464854316994	26.131756037957217	0.0
173.0	26.04695412185944	23.88678488276667	23.865204466842147	26.20105652853174	0.0
174.0	26.12385335043556	23.81626859411189	23.850614889879086	26.20926316557346	0.0
175.0	26.22727590493646	23.911781423156768	23.82849900152279	26.03244367038398	0.0
176.0	26.12970781243826	23.961325345515665	23.949471278202804	25.95949556384327	0.0
177.0	26.021197503958955	23.939440913553454	23.86193355035395	26.177428032133644	0.0
178.0	26.12909991155042	24.090504284181506	23.832450357293748	25.947945446974323	0.0
179.0	26.213981762917932	23.861702127659573	23.78905775075988	26.135258358662618	0.0
180.0	26.188753799392096	23.8258358662614	23.844072948328268	26.141337386018236	0.0
181.0	26.17272392925206	23.790345867312666	23.889434314390012	26.14749588904526	0.0
182.0	26.070595959258235	23.917093972930008	23.873020890641005	26.13928917717075	0.0
183.0	26.051143012592743	23.914358402305176	23.859039085225184	26.1754594998769	0.0
184.0	26.09096076279867	23.81496600293618	23.965118435010442	26.12895479925471	0.0
185.0	26.149623555086794	23.97241329001	23.880315745640566	25.99764740926264	0.0
186.0	25.968467989264404	23.789130058146075	24.04019465104757	26.202207301541954	0.0
187.0	26.018316165094728	23.825604333143872	23.8465770412676	26.3095024604938	0.0
188.0	26.238985528831392	23.78457077377135	23.919221638971546	26.05722205842571	0.0
189.0	26.25083966820568	23.81496600293618	23.76998106377223	26.164213265085912	0.0
190.0	26.140808938628997	23.765725731689155	23.899768692306054	26.193696637375798	0.0
191.0	26.245672479247656	23.771500825230472	23.989738570633953	25.99308812488792	0.0
192.0	26.02652287696923	24.06207921604625	23.86633394022474	26.04506396675978	0.0
193.0	25.969987750722645	23.98517928625923	23.998553187091755	26.046279775926372	0.0
194.0	26.18184249800151	23.88213945939045	23.7490083556485	26.187009686959534	0.0
195.0	26.21452475250534	23.78897072009775	23.885020228147976	26.11148429924893	0.0
196.0	26.09993404195175	23.848545731420042	23.917239366924317	26.13428085970389	0.0
197.0	26.173266544274092	23.699376284210143	24.011234179138956	26.116122992376805	0.0
198.0	26.063538766428774	23.89937871585065	23.86685552407932	26.17022699364126	0.0
199.0	26.11551508225024	23.801201230410097	23.86138433294022	26.221899354399447	0.0
200.0	26.21636326608773	23.923305359080587	23.839716954464077	26.020614420367604	0.0
201.0	26.141893596520287	23.960388214946825	23.95856446793701	25.939153720595883	0.0
202.0	26.028067637108617	23.93804085826056	23.867218252171032	26.166673252459795	0.0
203.0	26.137652018760505	24.098982032833923	23.839398885677028	25.923967062728543	0.0
204.0	26.208793713999118	23.83968873960819	23.803820842895572	26.147696703497118	0.0
205.0	26.206665957414472	23.826010304421175	23.846983905041263	26.12033983312309	0.0
206.0	26.192314473132267	23.781544279018306	23.91194655026719	26.11419469758224	0.0
207.0	26.079846313780088	23.912858454261933	23.880333878449278	26.126961353508705	0.0
208.0	26.0552505669141	23.919215500313097	23.858420422282613	26.167113510490193	0.0
209.0	26.08823851270017	23.801721727077076	23.98471602446409	26.125323735758666	0.0
210.0	26.15724134576803	23.953406368931095	23.88683535376871	26.002516931532167	0.0
211.0	25.985652187129528	23.799434598899598	24.041097972459493	26.173815241511384	0.0
212.0	26.000401254833292	23.819946012986065	23.87679044770312	26.30286228447752	0.0
213.0	26.239345338699678	23.770990138738586	23.929670115878938	26.059994406682797	0.0
214.0	26.246336985202028	23.819931664255055	23.784365462482217	26.1493658880607	0.0
215.0	26.134484435797667	23.76033560311284	23.91536964980545	26.189810311284045	0.0
216.0	26.251215953307394	23.76337548638132	24.005046206225682	25.9803623540856	0.0
217.0	26.0267268161893	24.06811811842241	23.87052450464801	26.03463056074028	0.0
218.0	25.956505085755627	23.979960967661526	24.01400786726573	26.049526079317115	0.0
219.0	26.178721903708073	23.890587856200487	23.74832045428292	26.182369785808525	0.0
220.0	26.212479556412145	23.79633626586088	23.87932659277589	26.111857584951085	0.0
221.0	26.10958437705197	23.855456115177898	23.922943164960238	26.11201634280989	0.0
222.0	26.16841465268278	23.70968232254142	24.007903936768507	26.113999088007294	0.0
223.0	26.031020289044406	23.902707435262933	23.874739318915566	26.191532956777102	0.0
224.0	26.093367139096124	23.8245505231989	23.867111735342224	26.214970602362754	0.0
225.0	26.21292223130873	23.91704186515959	23.840431450399315	26.02960445313236	0.0
226.0	26.130998525544562	23.953364646510707	23.96309301229726	25.952543815647466	0.0
227.0	26.00727812215936	23.934198965740535	23.884644499910316	26.173878412189787	0.0
228.0	26.15352342617055	24.068866344204032	23.85666120446178	25.920949025163637	0.0
229.0	26.203382513445234	23.86000541153508	23.803153891288947	26.133458183730735	0.0
230.0	26.200501634111117	23.826404195485292	23.845861518583263	26.127232651820325	0.0
231.0	26.20864521071865	23.793786976851656	23.89107447966387	26.106493332765822	0.0
232.0	26.08735307888288	23.913559002547746	23.86035425242766	26.13873366614171	0.0
233.0	26.05254837101266	23.91036009193837	23.86201948217782	26.17507205487115	0.0
234.0	26.08341390150617	23.808351119137523	23.98803334610263	26.120201633253675	0.0
235.0	26.14407501094518	23.966592888067325	23.886632290703897	26.002699810283602	0.0
236.0	25.962567495257087	23.81579267402831	24.05080994308508	26.170829887629516	0.0
237.0	26.0084764313859	23.82521768740575	23.87264678698254	26.293659094225813	0.0
238.0	26.25171780558697	23.782030233378332	23.915502207304172	26.05074975373053	0.0
239.0	26.23728360078563	23.832037116987834	23.791904069855825	26.138775212370707	0.0
240.0	26.148256255891027	23.76204810118885	23.904648970780503	26.185046672139624	0.0
241.0	26.24079834347378	23.780942042866567	24.012940850946087	25.96531876271356	0.0
242.0	26.02442317282314	24.054331829183745	23.888003697532138	26.033241300460976	0.0
243.0	25.953991880920164	23.98260631585349	24.036125343996595	26.027276459229753	0.0
244.0	26.18681977004084	23.920374892425215	23.754033104144558	26.13877223338939	0.0
245.0	26.220185327668684	23.800038318487456	23.877891753314092	26.101884600529768	0.0
246.0	26.091214325685506	23.855563124984794	23.94163159047225	26.11159095885745	0.0
247.0	26.175898975336914	23.711111313874163	24.02438022938584	26.08860948140308	0.0
248.0	26.044904588394886	23.916164313565663	23.881491304374276	26.157439793665183	0.0
249.0	26.106342727488396	23.812145285991495	23.877537364729644	26.203974621790465	0.0
