# Position (bp)	A	C	G	T	N
0.0	26.281846890933842	23.798420166855667	23.815610348489344	26.104122593721147	0.0
1.0	26.299037072567522	23.651471839987135	23.763485281600126	26.286005805845214	0.0
2.0	26.227258360550294	23.75777000238437	23.693724666049317	26.32124697101602	0.0
3.0	26.18813939948432	23.768887410241483	23.680445812193295	26.3625273780809	0.0
4.0	26.121827748914626	23.78945734199043	23.811636069264168	26.277078839830775	0.0
5.0	26.247141174024534	23.75105689930002	23.80372860212073	26.198073324554716	0.0
6.0	26.338652089062357	23.665228865430677	23.75227313048878	26.243845915018184	0.0
7.0	26.24243230656643	23.635043133080522	23.85569822367108	26.26682633668197	0.0
8.0	26.19636323317441	23.77868943341834	23.82553498170529	26.199412351701962	0.0
9.0	26.265837696697886	23.875388406431817	23.840740196635522	26.018033700234778	0.0
10.0	26.28212057462949	23.841081629428835	23.703327983946295	26.173469811995375	0.0
11.0	26.24802862614991	23.889309263863368	23.694181363622505	26.16848074636422	0.0
12.0	26.215045358921696	23.681431529231766	23.721344054281033	26.3821790575655	0.0
13.0	26.177073026062324	23.710257241767348	23.716077818337034	26.396591913833294	0.0
14.0	26.17810914936667	23.771723163058844	23.741234513151696	26.308933174422794	0.0
15.0	26.169239723939135	23.75592449901605	23.90365586629341	26.17117991075141	0.0
16.0	26.27040660772194	23.823553867900994	23.745669225865463	26.160370298511598	0.0
17.0	26.33082956844702	23.747886582222346	23.721832645028964	26.19945120430167	0.0
18.0	26.31281354804734	23.72044679730591	23.679148535158955	26.28759111948779	0.0
19.0	26.342747858865266	23.73735413952715	23.69993625100474	26.219961750602845	0.0
20.0	26.27373264225727	23.799440117519886	23.682197400149672	26.244629840073173	0.0
21.0	26.16619085894842	23.734859613625655	23.63036669530752	26.468582832118408	0.0
22.0	26.236037584190246	23.830760276060868	23.714349067324484	26.2188530724244	0.0
23.0	26.251836248233047	23.729593392278055	23.772554671692674	26.246015687796227	0.0
24.0	26.0993929986973	23.83796668422074	23.75758751628371	26.30505280079825	0.0
25.0	26.290639984478503	23.79334238753846	23.82189085063333	26.0941267773497	0.0
26.0	26.29950940990604	23.652817428420967	23.7625765680867	26.2850965935863	0.0
27.0	26.227999667396546	23.752598464480723	23.70021342054935	26.31918844757338	0.0
28.0	26.189473100695697	23.765625433077414	23.681365891515842	26.36353557471105	0.0
29.0	26.127109953158346	23.792510878904626	23.803597660689043	26.276781507247982	0.0
30.0	26.25017323096538	23.74372903905319	23.803320491144433	26.202777238836994	0.0
31.0	26.33193824662546	23.671110618365255	23.760913550819033	26.236037584190246	0.0
32.0	26.233265888744146	23.638681781645833	23.855151195986586	26.27290113362344	0.0
33.0	26.18191695469122	23.789673245729524	23.82625952421208	26.20215027536718	0.0
34.0	26.26423608127697	23.878367254172083	23.84760151999357	26.009795144557373	0.0
35.0	26.276708676214206	23.835128925056335	23.703196587498024	26.184965811231432	0.0
36.0	26.24954613612867	23.885850811134425	23.698484718299515	26.16611833443739	0.0
37.0	26.194389549628454	23.68878381112611	23.730081958807176	26.386744680438255	0.0
38.0	26.168335684648454	23.71844087019909	23.719826714081005	26.39339673107145	0.0
39.0	26.175746690613984	23.763553515599014	23.75135812323998	26.30934167054702	0.0
40.0	26.16770881837735	23.75551564336238	23.902969023703406	26.173806514556862	0.0
41.0	26.263886117208806	23.81898711723098	23.752743963280782	26.16438280227943	0.0
42.0	26.3398301514446	23.736945386815673	23.714217610146566	26.209006851593163	0.0
43.0	26.31599370274286	23.718097962260803	23.67790860107763	26.28799973391871	0.0
44.0	26.35285704782811	23.732510698685115	23.69176700148562	26.222865252001153	0.0
45.0	26.291048582008468	23.793487660480277	23.66515887270228	26.25030488480898	0.0
46.0	26.185447570899576	23.737776890840152	23.6263553515599	26.45042018670037	0.0
47.0	26.252522228874252	23.823421805361537	23.705625401893613	26.218430563870598	0.0
48.0	26.250027716800815	23.725027162464798	23.777411916007008	26.24753320472738	0.0
49.0	26.10174283243531	23.83450852568793	23.7546841393379	26.30906450253886	0.0
50.0	26.28855406993503	23.790993148406837	23.81843278121466	26.10202000044347	0.0
51.0	26.300472294285903	23.647420120180048	23.776857579990686	26.27525000554336	0.0
52.0	26.229794452205148	23.764939355639815	23.695093017583538	26.3101731745715	0.0
53.0	26.191545267079093	23.765493691656133	23.685669305306103	26.357291735958672	0.0
54.0	26.140269185569526	23.79154748442316	23.800694028692433	26.267489301314882	0.0
55.0	26.257511253021132	23.746923435109426	23.805128716822992	26.19043659504645	0.0
56.0	26.32264573493869	23.67818576908579	23.77131421982749	26.227854276148033	0.0
57.0	26.23727798842546	23.64132242400053	23.847258254063284	26.27414133351072	0.0
58.0	26.182603321017865	23.788709869648248	23.824741610840565	26.203945198493315	0.0
59.0	26.2715740050389	23.880729393308627	23.833888129758616	26.013808471893856	0.0
60.0	26.279611854997185	23.84081731075714	23.69863051666745	26.180940317578223	0.0
61.0	26.254943970642447	23.88433256742786	23.696136011507985	26.16458745042171	0.0
62.0	26.203945198493315	23.67922880987159	23.730227582020717	26.386598409614376	0.0
63.0	26.165418952141533	23.70666836662574	23.735493759579594	26.39241892165314	0.0
64.0	26.186965415167656	23.76286745344989	23.76231312050644	26.28785401087601	0.0
65.0	26.16673226273164	23.758155623430543	23.90061918989784	26.17449292393998	0.0
66.0	26.262631861948925	23.816360582493058	23.76203595403471	26.158971601523305	0.0
67.0	26.335526644012923	23.73930830335316	23.71796648503024	26.207198567603673	0.0
68.0	26.31473915863346	23.72461848035167	23.679163178988563	26.281479182026306	0.0
69.0	26.352433798788226	23.722678315049585	23.704939660859107	26.21994822530308	0.0
70.0	26.279539016724225	23.795295930641863	23.673342683082314	26.251822369551597	0.0
71.0	26.18031341984623	23.731547642144825	23.627333048775757	26.460805889233193	0.0
72.0	26.25126803660815	23.821072412512404	23.709928657350176	26.21773089352927	0.0
73.0	26.25265386896678	23.72822164448411	23.772013947016855	26.247110539532255	0.0
74.0	26.10492413953669	23.826892908418653	23.757324124015366	26.310858828029293	0.0
75.0	26.29561467208435	23.784763604716264	23.82134957898413	26.098272144215258	0.0
76.0	26.29367450678226	23.649783532985584	23.776725777036205	26.279816183195955	0.0
77.0	26.22022539177481	23.76813361641269	23.694407334933505	26.317233656878997	0.0
78.0	26.198883573451887	23.758709956374	23.696070333763867	26.346336136410255	0.0
79.0	26.14455894499354	23.784209271772813	23.805273923624007	26.26595785960964	0.0
80.0	26.25542553368404	23.738199637466256	23.810817253058534	26.195557575791174	0.0
81.0	26.32776598280459	23.66918518600642	23.766193451110606	26.23685538007838	0.0
82.0	26.245724707173622	23.630381879964744	23.85072922498711	26.27316418787452	0.0
83.0	26.192158982247538	23.775274047589352	23.82405521140814	26.20851175875497	0.0
84.0	26.262836236644077	23.883923003367563	23.835696170955806	26.017544589032553	0.0
85.0	26.27669452181987	23.846782799096438	23.692124336534597	26.18439834254909	0.0
86.0	26.246483460136645	23.878656855000763	23.697113319197882	26.17774636566471	0.0
87.0	26.20269127898114	23.677711719951773	23.739796837539323	26.37980016352777	0.0
88.0	26.155295943679928	23.713743261408833	23.735639351986585	26.39532144292465	0.0
89.0	26.181276954289963	23.768001862548367	23.77049634696615	26.280224836195526	0.0
90.0	26.176010820519075	23.755529440459426	23.900763866561714	26.167695872459785	0.0
91.0	26.267198084235964	23.809853767780133	23.76190423397155	26.16104391401235	0.0
92.0	26.33704364793401	23.730861761216865	23.721715318351645	26.21037927249748	0.0
93.0	26.317919267397645	23.723101143028195	23.683189392343596	26.27579019723057	0.0
94.0	26.34646725573454	23.719775163804478	23.71423186509828	26.219525715362696	0.0
95.0	26.2852138050311	23.793778201532167	23.67293428973714	26.2480737036996	0.0
96.0	26.18266277896651	23.730307431346244	23.63135954944068	26.455670240246565	0.0
97.0	26.24779653876429	23.8203860353219	23.715063359904214	26.2167540660096	0.0
98.0	26.25333983747048	23.721438153416337	23.78269160411978	26.242530404993403	0.0
99.0	26.109491236044747	23.826206498963405	23.757192430071285	26.307109834920567	0.0
100.0	26.29269725828446	23.787957737890665	23.822880519739687	26.096464484085192	0.0
101.0	26.283550815419236	23.653809909200767	23.78019711970199	26.282442155677998	0.0
102.0	26.215091076397744	23.77243650151332	23.70508542223306	26.307386999855876	0.0
103.0	26.1909777270258	23.756083770330047	23.69926495859156	26.353673544052597	0.0
104.0	26.149957316599963	23.78213727424916	23.80846794310358	26.2594374660473	0.0
105.0	26.259991795917912	23.739453874211467	23.817891550904115	26.18266277896651	0.0
106.0	26.327342875198173	23.667113826095633	23.769387687224913	26.236155611481284	0.0
107.0	26.25417133227641	23.630250889699443	23.84837969378818	26.267198084235964	0.0
108.0	26.182867374174396	23.773756433673228	23.8294664312619	26.213909760890473	0.0
109.0	26.26767960930939	23.892382697195373	23.832792401267195	26.00714529222804	0.0
110.0	26.291515727680665	23.837781356275134	23.691715840209316	26.178987075834886	0.0
111.0	26.25132692345003	23.87935598134131	23.69864494438701	26.170672150821655	0.0
112.0	26.201991701704834	23.67453166184863	23.741328226121613	26.38214841032492	0.0
113.0	26.163743046643955	23.70612837689892	23.73301330110838	26.397115275348742	0.0
114.0	26.195544321199122	23.754011940199224	23.768147273543644	26.282296465058007	0.0
115.0	26.18445778524271	23.750408816013394	23.896473927239064	26.168659471504828	0.0
116.0	26.2712099291016	23.808890293183442	23.76010953497525	26.159790242739707	0.0
117.0	26.336066164446585	23.73239319508423	23.73294752188205	26.198593118587134	0.0
118.0	26.31306160233704	23.727404253903845	23.67696051530219	26.282573628456916	0.0
119.0	26.35380462197684	23.71659488134635	23.711051613368145	26.218548883308667	0.0
120.0	26.288116896435128	23.783668423882613	23.683612436876036	26.244602242806224	0.0
121.0	26.18390345844489	23.7371049728657	23.637048985859124	26.44194258283028	0.0
122.0	26.248482530390966	23.814433561161646	23.71714920814417	26.219934700303217	0.0
123.0	26.244047916008405	23.72047516893109	23.785885731073897	26.24959118398661	0.0
124.0	26.1079606871435	23.83411216248427	23.753734776800314	26.304192373571915	0.0
125.0	26.299480595790442	23.783391260483704	23.823579953325684	26.093548190400167	0.0
126.0	26.289502713429673	23.651184319203544	23.778679482702234	26.280633484664552	0.0
127.0	26.217163066314114	23.77119607093166	23.708279979379043	26.303360883375188	0.0
128.0	26.193604177406748	23.754566266997045	23.70135089440629	26.350478661189918	0.0
129.0	26.14953519698003	23.78921169186082	23.808335966385624	26.25291714477353	0.0
130.0	26.261232046740833	23.739045116658076	23.81969966574094	26.18002317086015	0.0
131.0	26.327474099080373	23.67418888131309	23.771750397729477	26.22658662187706	0.0
132.0	26.25652026895936	23.63344586167329	23.843812881446127	26.26622098792122	0.0
133.0	26.194231105025818	23.772924941171905	23.83112941626455	26.20171453753773	0.0
134.0	26.266848116808067	23.88185045884528	23.83057508793033	26.020726336416324	0.0
135.0	26.28818975767537	23.831960908765872	23.70280240689363	26.17704692666513	0.0
136.0	26.251881251784244	23.875198518834694	23.707237033567353	26.16568319581371	0.0
137.0	26.204486179208807	23.659841960991915	23.75324628530725	26.38242557449203	0.0
138.0	26.16291155414263	23.709177182737108	23.734676286111025	26.393234977009232	0.0
139.0	26.202064324438183	23.740562533952705	23.77603964567235	26.28133349593676	0.0
140.0	26.177469199961195	23.750051968569412	23.903878934020703	26.16859989744869	0.0
141.0	26.27530869330229	23.810474091935863	23.760307099599494	26.153910115162347	0.0
142.0	26.341828462146093	23.740351168946354	23.726215718067046	26.191604650840507	0.0
143.0	26.32464418852811	23.72067240399673	23.675494394323646	26.27918901315151	0.0
144.0	26.35540958161837	23.71540625562993	23.71069443867016	26.21848972408154	0.0
145.0	26.287503984256986	23.794398481131946	23.676048725730677	26.24204880888039	0.0
146.0	26.191604650840507	23.732036197840877	23.643066007012294	26.433293144306326	0.0
147.0	26.25986019723166	23.809708587171627	23.71852081797369	26.211910397623022	0.0
148.0	26.241567210097728	23.72156964916268	23.77922027528174	26.257642865457854	0.0
149.0	26.107141471310495	23.82938740666419	23.760372955204353	26.303098166820956	0.0
150.0	26.30282100034923	23.783932105301087	23.817192081908235	26.096054812441448	0.0
151.0	26.289794176178095	23.649506366513855	23.78448643824454	26.276213019063512	0.0
152.0	26.216345061170642	23.76591628463888	23.711037323237083	26.3067013309534	0.0
153.0	26.193894576960812	23.755106792241556	23.702167996141842	26.348830634655783	0.0
154.0	26.144004612050086	23.786980936490075	23.818577914266868	26.250436537192968	0.0
155.0	26.26595785960964	23.73847680393798	23.815251916606154	26.18031341984623	0.0
156.0	26.32055965453971	23.666413521289158	23.773676945847214	26.23934987832392	0.0
157.0	26.267066525496546	23.629827547021293	23.84657172791122	26.256534199570947	0.0
158.0	26.195075846815207	23.768753828372503	23.833333795278733	26.202836529533556	0.0
159.0	26.26824799815961	23.88100656054857	23.836659802158024	26.0140856391338	0.0
160.0	26.284323698076186	23.83527396595832	23.706945533865678	26.17345680209982	0.0
161.0	26.245243117244517	23.880175058828744	23.712766045904438	26.1618157780223	0.0
162.0	26.206162536412847	23.66149010651537	23.7565584698151	26.37578888725668	0.0
163.0	26.15848977114301	23.714983383823967	23.732999254420125	26.393527590612898	0.0
164.0	26.19487128317701	23.744428923035986	23.784063948202842	26.276635845584163	0.0
165.0	26.189954849206327	23.751146785812285	23.89666039341336	26.162237971568025	0.0
166.0	26.279203195201656	23.805194697206968	23.74892943560122	26.166672671990156	0.0
167.0	26.34766388296826	23.732022140241856	23.72841894614888	26.19189503064101	0.0
168.0	26.3241045369757	23.713174663447813	23.68434911070398	26.278371688872504	0.0
169.0	26.368728709973364	23.706799781591002	23.714283338553347	26.210188169882287	0.0
170.0	26.296664828113787	23.781912519990797	23.677697060070788	26.243725591824628	0.0
171.0	26.183857136125898	23.728141777372496	23.641665119141	26.446335967360607	0.0
172.0	26.255162282768367	23.80581501704593	23.72599018819812	26.21303251198758	0.0
173.0	26.25045040050999	23.717397932315198	23.78059258848638	26.251559078688437	0.0
174.0	26.10687657640178	23.81995066382106	23.76340807672053	26.309764683056624	0.0
175.0	26.296460544915323	23.78059258848638	23.823553867900994	26.0993929986973	0.0
176.0	26.302558274896754	23.641453477091936	23.785304470744755	26.27068377726655	0.0
177.0	26.223010615593555	23.764793924443584	23.707419828709224	26.304775631253634	0.0
178.0	26.201391391113944	23.753707142659163	23.697996064192466	26.346905402034427	0.0
179.0	26.153163890351728	23.771723163058844	23.831868954239308	26.243243992350116	0.0
180.0	26.26236869092824	23.72599018819812	23.825771224257878	26.18586989661576	0.0
181.0	26.328057873000915	23.66279553202694	23.766456941711244	26.242689653260896	0.0
182.0	26.267080573186618	23.631475373485962	23.84517309238061	26.25627096094681	0.0
183.0	26.19841514015117	23.763751112145883	23.83775558567473	26.200078162028223	0.0
184.0	26.27269678399286	23.87933113260105	23.831103498166517	26.01686858523957	0.0
185.0	26.285169448070754	23.824174240345464	23.705545346449032	26.185110965134744	0.0
186.0	26.247197115211385	23.87406489665705	23.71302894489577	26.165709043235797	0.0
187.0	26.21449101829601	23.656763371388816	23.752387129319352	26.376358480995815	0.0
188.0	26.159334126040427	23.707208368326086	23.74850674493956	26.384950760693926	0.0
189.0	26.204031176203202	23.74801822677029	23.778507045688883	26.26944355133763	0.0
190.0	26.187196323592595	23.751132939934088	23.90690351925097	26.154767217222354	0.0
191.0	26.280048893114223	23.81072488753752	23.756953548769772	26.152272670578487	0.0
192.0	26.349210748783904	23.728813559322035	23.72631899884973	26.195656693044334	0.0
193.0	26.317058636029767	23.713846196488213	23.690563632080046	26.27853153540197	0.0
194.0	26.36002051083055	23.706639688457116	23.717726623889572	26.21561317682276	0.0
195.0	26.28740108374794	23.787851490499882	23.68557451113544	26.239172914616738	0.0
196.0	26.19454799950109	23.721329877905124	23.641503942791413	26.442618179802373	0.0
197.0	26.256984788682423	23.81009135660118	23.715297795911127	26.217626058805273	0.0
198.0	26.240908687746682	23.714743447603	23.79401525566544	26.250332608984877	0.0
199.0	26.109528138720123	23.82977072153976	23.764634795334604	26.296066344405517	0.0
200.0	26.29329460286487	23.77599893565125	23.832265288926337	26.09844117255754	0.0
201.0	26.300223956716483	23.639629251851524	23.7865315535057	26.273615237926297	0.0
202.0	26.223723890194687	23.766575014413053	23.705596700518868	26.304104394873384	0.0
203.0	26.204321699410173	23.756042396558605	23.693401037740035	26.34623486629119	0.0
204.0	26.138908599050957	23.767683711029314	23.831988114772273	26.261419575147453	0.0
205.0	26.26045645292725	23.720695600113086	23.82713106529705	26.191716881662614	0.0
206.0	26.33473953800356	23.651124501776696	23.76726111613107	26.246874844088673	0.0
207.0	26.262396682761334	23.62728739238654	23.847364890709624	26.2629510341425	0.0
208.0	26.204816772501875	23.753745346900196	23.833572167048708	26.207865713549218	0.0
209.0	26.275846776428846	23.87715505294085	23.819502189700096	26.027495980930205	0.0
210.0	26.29802095459837	23.81479017683907	23.711680248350795	26.17550862021176	0.0
211.0	26.25533566162204	23.85997006485947	23.722767337435556	26.16192693608293	0.0
212.0	26.215144963689784	23.657076334608348	23.75602860468984	26.371750097012033	0.0
213.0	26.15444315095072	23.69920727313044	23.75575142746272	26.390598148456125	0.0
214.0	26.207179464436674	23.750550891265846	23.777437156818994	26.264832487478486	0.0
215.0	26.182860373969586	23.7700192362062	23.902233506477668	26.144886883346548	0.0
216.0	26.2801501200184	23.821851665012833	23.75061672274917	26.14738149221959	0.0
217.0	26.351531143978534	23.731345765793733	23.723861897687208	26.193261192540522	0.0
218.0	26.3260305563563	23.711665964476573	23.684779475353128	26.277524003814	0.0
219.0	26.36178681508748	23.70473645697053	23.71720957048141	26.21626715746059	0.0
220.0	26.29193737942657	23.79232543184691	23.68034459054926	26.235392598177263	0.0
221.0	26.2049161243112	23.71470069739337	23.6348718858448	26.445511292450636	0.0
222.0	26.272344506626087	23.804019724423526	23.709499932089887	26.214135836860503	0.0
223.0	26.253773169129445	23.709499932089887	23.78627993935211	26.250446959428558	0.0
224.0	26.117121387251192	23.82286824606191	23.76465957629632	26.295350790390582	0.0
225.0	26.29701389524103	23.781567808942512	23.832015322739355	26.089402973077103	0.0
226.0	26.29562797453232	23.64574757948948	23.794595463604338	26.264028982373862	0.0
227.0	26.227717859805804	23.769648890847655	23.709222747948143	26.293410501398395	0.0
228.0	26.212749916151797	23.76161055073717	23.693977620152396	26.331661912958637	0.0
229.0	26.143044441179814	23.778650604680557	23.830484326535817	26.24782062760381	0.0
230.0	26.262307078233103	23.730208887706226	23.823620720241262	26.183863313819405	0.0
231.0	26.334652740819585	23.65315105552599	23.777607770090473	26.234588433563953	0.0
232.0	26.259258027319497	23.630421766897285	23.866861805925137	26.24345839985808	0.0
233.0	26.195577755171623	23.756607450237965	23.839486427528016	26.2083283670624	0.0
234.0	26.256354534518216	23.886951652871943	23.830959680235942	26.025734132373895	0.0
235.0	26.294052100253353	23.815437153168535	23.720638862864014	26.169871883714098	0.0
236.0	26.24526701518436	23.862559110337447	23.72119323883071	26.170980635647485	0.0
237.0	26.198976621965485	23.65716281467766	23.75972236851588	26.38413819484098	0.0
238.0	26.142430273362788	23.700126952096372	23.762217060365998	26.395225714174842	0.0
239.0	26.214571812675842	23.743434091444566	23.769767022854214	26.272227073025377	0.0
240.0	26.187737180144644	23.744764365251186	23.905540971700546	26.161957482903624	0.0
241.0	26.283501325083442	23.811305900225097	23.745606156370936	26.159586618320525	0.0
242.0	26.353550418886773	23.730725941039815	23.72240919499443	26.19331444507898	0.0
243.0	26.324442263493935	23.711737487489568	23.685399737731462	26.278420511285034	0.0
244.0	26.35152556940266	23.708499105868	23.721807117013462	26.218168207715877	0.0
245.0	26.287902313510635	23.79638666459641	23.68326198345274	26.23244903844021	0.0
246.0	26.194622051916223	23.714710334998806	23.645947129968004	26.444720483116967	0.0
247.0	26.2588142647593	23.800386538264238	23.725796299325914	26.215002897650546	0.0
248.0	26.247150756193466	23.716523118389894	23.78945266789048	26.246873457526164	0.0
249.0	26.125693939914925	23.81524144394962	23.76615957983706	26.292905036298396	0.0
