# Position (bp)	A	C	G	T	N
0.0	26.234377410893376	23.792349064297838	23.734763153834283	26.2385103709745	0.0
1.0	26.247602883152954	23.66450283245531	23.806952189917784	26.280942094473957	0.0
2.0	26.234702255332515	23.657297458136114	23.7834814663794	26.324518820151972	0.0
3.0	26.11512872432745	23.72164139014009	23.902365111505986	26.260864774026476	0.0
4.0	26.082021812612087	23.755306459210857	23.812606576841386	26.350065151335674	0.0
5.0	26.274846842082066	23.640585746396933	23.81330159989422	26.271265811626783	0.0
6.0	26.349075183517197	23.771708741340607	23.750499249404346	26.128716825737857	0.0
7.0	26.266473869035323	23.73338841837086	23.594023273428355	26.406114439165464	0.0
8.0	26.12035251996695	23.791242082071054	23.721839713577527	26.36656568438447	0.0
9.0	26.169179164899564	23.86552029918649	23.739665893731516	26.22563464218243	0.0
10.0	26.256684786499896	23.832537492633655	23.77333135061602	26.137446370250426	0.0
11.0	26.284222526973217	23.764519273664558	23.63096123236896	26.32029696699326	0.0
12.0	26.26769988268923	23.789303240090547	23.77883889871068	26.164157978509543	0.0
13.0	26.210146005099986	23.771954463592355	23.775258992449153	26.24264053885851	0.0
14.0	26.406765472079485	23.637294912677824	23.760113235188825	26.195826380053866	0.0
15.0	26.305701964542404	23.93773166124173	23.647208499248222	26.109357874967642	0.0
16.0	26.29055620728208	23.877424009605164	23.608380285180843	26.223639497931917	0.0
17.0	26.275685827426486	23.69539954507653	23.874670235557833	26.15424439193915	0.0
18.0	26.208421568600453	23.801905055639853	23.76087393532504	26.228799440434653	0.0
19.0	26.280294873312975	23.781802560452057	23.725625724584802	26.212276841650166	0.0
20.0	26.19768187939054	23.771889001181364	23.8949823621258	26.1354467573023	0.0
21.0	26.108184469307893	23.795296016126056	23.785382456855363	26.31113705771068	0.0
22.0	26.170898276146943	23.821666574874705	23.78421545409484	26.223219694883515	0.0
23.0	26.139780800793083	23.793027482513633	23.785316957647186	26.281874759046097	0.0
24.0	26.244974390042408	23.694718290466486	23.819463567770004	26.240843751721098	0.0
25.0	26.227350333204825	23.797708872611114	23.74043068788897	26.234510106295094	0.0
26.0	26.24469901415432	23.66745607754585	23.823318830203227	26.2645260780966	0.0
27.0	26.250757283692238	23.65644104202236	23.77512804978796	26.317673624497438	0.0
28.0	26.11554772264141	23.723357382827558	23.888307539791818	26.27278735473922	0.0
29.0	26.070110701107012	23.758880872390815	23.81698518477722	26.354023241724956	0.0
30.0	26.270308971746438	23.634961722751555	23.825521837307924	26.269207468194082	0.0
31.0	26.350167979291733	23.78008481577353	23.744836702098365	26.124910502836375	0.0
32.0	26.277468744836703	23.71922674450625	23.59475684309082	26.40854766756623	0.0
33.0	26.12711350994107	23.80101338326816	23.713719226744505	26.358153880046263	0.0
34.0	26.178608801013382	23.84672578069064	23.75034421986011	26.224321198435863	0.0
35.0	26.268656716417908	23.806520901029906	23.7765049292284	26.148317453323788	0.0
36.0	26.2948174257862	23.77595417745222	23.59971360907639	26.329514787685188	0.0
37.0	26.277468744836703	23.795781241394504	23.767968276697694	26.158781737071102	0.0
38.0	26.20146499972462	23.764388390152558	23.790273723632758	26.24387288649006	0.0
39.0	26.40028639092361	23.652035027812964	23.737952304896183	26.209726276367242	0.0
40.0	26.312992234399957	23.946962603954397	23.63771548163243	26.10232968001322	0.0
41.0	26.30142644710029	23.874538745387454	23.601916616181086	26.222118191331166	0.0
42.0	26.249380404251806	23.698573552899706	23.88775678801564	26.164289254832845	0.0
43.0	26.19423309403234	23.794614213211947	23.761018447379946	26.25013424537576	0.0
44.0	26.271062755238322	23.768728951013518	23.74917731679981	26.211030976948347	0.0
45.0	26.189551716826248	23.757713945822697	23.90421351486062	26.14852082249044	0.0
46.0	26.11905568360499	23.778367080555487	23.794614213211947	26.307963022627572	0.0
47.0	26.17295713522534	23.819883131116754	23.779953847255346	26.227205886402565	0.0
48.0	26.151477934251616	23.79675168391428	23.782982965341382	26.26878741649272	0.0
49.0	26.237670112517968	23.699819905161064	23.824839869802997	26.237670112517968	0.0
50.0	26.217017034658618	23.806114412543852	23.72708196793541	26.24978658486212	0.0
51.0	26.242626851204214	23.67173171927235	23.830898105975074	26.254743323548364	0.0
52.0	26.26906279086418	23.655760005727785	23.766460503053903	26.30871670035413	0.0
53.0	26.110997901647288	23.72790809104978	23.884871482780838	26.276222524522087	0.0
54.0	26.072720864014627	23.75048878950934	23.820158505488212	26.35663184098782	0.0
55.0	26.2577724416344	23.636759174097186	23.828144362260492	26.27732402200792	0.0
56.0	26.348095235472623	23.78325833971284	23.7474596714233	26.121186753391235	0.0
57.0	26.269338165235638	23.73121258350728	23.602337377664938	26.39711187359215	0.0
58.0	26.134404723221223	23.81189727434447	23.71000875690501	26.343689245529294	0.0
59.0	26.175435504568462	23.855131050663378	23.734792450336233	26.234640994431928	0.0
60.0	26.277599396379376	23.809694279372806	23.77940309851243	26.13330322573539	0.0
61.0	26.30155696669622	23.768938872397026	23.606743367608264	26.32276079329849	0.0
62.0	26.259975436606066	23.798128555771573	23.765359005568072	26.176537002054296	0.0
63.0	26.209306552257793	23.770315744254315	23.78050459599826	26.23987310748963	0.0
64.0	26.394908878620484	23.640889789669057	23.753517907595377	26.210683424115082	0.0
65.0	26.311470444068714	23.941323228929733	23.63620842535427	26.110997901647288	0.0
66.0	26.301832341067684	23.863392281807116	23.605641870122433	26.22913350700277	0.0
67.0	26.25281570294816	23.698993782046692	23.879363995351678	26.16882651965347	0.0
68.0	26.204553027319815	23.793381670581564	23.765844309266598	26.236220992832028	0.0
69.0	26.258526255497145	23.769148792624392	23.749321892477617	26.22300305940084	0.0
70.0	26.18582762162564	23.766119682879747	23.898849764417875	26.149202931076736	0.0
71.0	26.134883503192956	23.77217790236904	23.788700319158018	26.304238275279985	0.0
72.0	26.17501597162558	23.8291146211971	23.7624743903245	26.233395016852818	0.0
73.0	26.148029431850727	23.788359438679972	23.79524376005111	26.268367369418193	0.0
74.0	26.23284427114313	23.698037142290662	23.8230564183905	26.246062168175712	0.0
75.0	26.22072786552993	23.797171370035027	23.72832815632366	26.25377260811138	0.0
76.0	26.252946489546847	23.661687925451062	23.82856387548741	26.256801709514683	0.0
77.0	26.275527063644173	23.650397638402396	23.77706915163131	26.297006146322122	0.0
78.0	26.119390654946802	23.723371444936443	23.871522040843303	26.285715859273456	0.0
79.0	26.08359218381689	23.742096799065934	23.838477298261846	26.335833718855326	0.0
80.0	26.268642742273034	23.64296257132157	23.822781045535653	26.265613640869738	0.0
81.0	26.32922477033904	23.790562421518736	23.745952019033773	26.134260789108453	0.0
82.0	26.262859912321286	23.737966206243254	23.59862754169145	26.400546339744015	0.0
83.0	26.1436234661732	23.803229572841627	23.69941400656489	26.353732954420284	0.0
84.0	26.168131650254445	23.846463111052365	23.737966206243254	26.247439032449936	0.0
85.0	26.278280792192625	23.804055691406166	23.784504218712136	26.133159297689073	0.0
86.0	26.298933756306038	23.75916991606635	23.601381270239905	26.340515057387705	0.0
87.0	26.274976317934485	23.795519132905955	23.7624743903245	26.167030158835065	0.0
88.0	26.21439428986848	23.77872138876038	23.78175049016368	26.225133831207454	0.0
89.0	26.41734408388959	23.644064062740952	23.732458749146343	26.206133104223117	0.0
90.0	26.33528297314564	23.930176458925384	23.630295419998678	26.1042451479303	0.0
91.0	26.298658383451194	23.858854889520412	23.609917828740116	26.23256889828828	0.0
92.0	26.238076355385193	23.71208115788778	23.885290683585573	26.164551803141457	0.0
93.0	26.21652507951369	23.80812072312713	23.75139407123876	26.22396012612042	0.0
94.0	26.279034545429514	23.764336559776396	23.74781423398367	26.208814660810418	0.0
95.0	26.191466218728053	23.74037918737694	23.912211375621307	26.15594321827369	0.0
96.0	26.14410221812224	23.768742513321126	23.789946164755126	26.29720910380151	0.0
97.0	26.172668843936048	23.826780413387453	23.773633745105275	26.226916997571227	0.0
98.0	26.137696683978344	23.787402312017754	23.80695367703348	26.267947326970422	0.0
99.0	26.230772196306717	23.715530392734603	23.811910361121974	26.241787049836706	0.0
100.0	26.215626772702986	23.80557682034223	23.735357129088577	26.243439277866205	0.0
101.0	26.262715271543673	23.66403595248192	23.824026700004957	26.24922207596945	0.0
102.0	26.2828173792359	23.641180131407204	23.771981517075776	26.304020972281123	0.0
103.0	26.124754231080612	23.7166318780876	23.862578687359907	26.29603520347188	0.0
104.0	26.0969417259174	23.743893640574314	23.822374471975458	26.336790161532825	0.0
105.0	26.265193613587922	23.657702411702182	23.816591673872217	26.26051230083768	0.0
106.0	26.31090525573736	23.779691914546767	23.751328666707057	26.158074163008816	0.0
107.0	26.272904011058912	23.729023588308834	23.601802030037504	26.39627037059475	0.0
108.0	26.146508566802336	23.803373849636234	23.70396479652812	26.34615278703332	0.0
109.0	26.177074785348044	23.85156383382992	23.719385591470097	26.25197578935194	0.0
110.0	26.287223320647897	23.78382248462051	23.7904313967385	26.13852279799309	0.0
111.0	26.302644115589874	23.752154780721803	23.6062079714495	26.338993132238826	0.0
112.0	26.28419423592715	23.798967908224242	23.759039064178044	26.157798791670565	0.0
113.0	26.23545350905696	23.767024832987282	23.78382248462051	26.213699173335243	0.0
114.0	26.41554636427222	23.64475995880445	23.736458614441574	26.203235062481756	0.0
115.0	26.337891646885826	23.935276720657807	23.626585450479972	26.100246181976395	0.0
116.0	26.271251783029413	23.862854058698154	23.62933916386247	26.23655499440996	0.0
117.0	26.243439277866205	23.721313190837844	23.890391192523115	26.144856338772836	0.0
118.0	26.225887730796238	23.80839609522367	23.750567954949126	26.215148219030965	0.0
119.0	26.281237522201877	23.75855374574894	23.75882911784549	26.20137961420369	0.0
120.0	26.179349846480054	23.737350094314944	23.911660631428216	26.171639427776782	0.0
121.0	26.14079775296369	23.76984400170731	23.798482699748035	26.290875545580967	0.0
122.0	26.172537615931972	23.810113894212765	23.785330337276672	26.23201815257859	0.0
123.0	26.12462273918886	23.78505496442183	23.7957945057608	26.294527790628514	0.0
124.0	26.254047980966227	23.702718480823034	23.81314299561606	26.230090542594674	0.0
125.0	26.226235322626835	23.786431828696056	23.729980393452735	26.257352455224375	0.0
126.0	26.276976287578176	23.670014291890524	23.81596230685983	26.237047113671473	0.0
127.0	26.283309880680612	23.642476930575558	23.771627155142742	26.302586033601088	0.0
128.0	26.120013328082877	23.71545093806021	23.86194970025582	26.302586033601088	0.0
129.0	26.09550507651256	23.738582321564785	23.823122020801723	26.342790581120934	0.0
130.0	26.267410544635432	23.647498774584047	23.815477141173425	26.269613539607096	0.0
131.0	26.3161518083835	23.762054513110574	23.75875002065308	26.163043657852853	0.0
132.0	26.276497898893545	23.744981302080177	23.60288812640785	26.375632672618426	0.0
133.0	26.14411482041411	23.798469465028735	23.71888605252505	26.3385296620321	0.0
134.0	26.190102467085786	23.85271836559353	23.71365392505941	26.243525242261274	0.0
135.0	26.299701768734458	23.794063462952405	23.772859577960077	26.133375190353057	0.0
136.0	26.304107770810788	23.7604676971204	23.601300872113036	26.33412365995578	0.0
137.0	26.287860638154324	23.778642455685254	23.762946073288337	26.17055083287208	0.0
138.0	26.238640744616404	23.77733105689266	23.78201244699014	26.202015751500802	0.0
139.0	26.42617172440381	23.66552844632924	23.73024178002974	26.178058049237208	0.0
140.0	26.345486589194252	23.935396816654734	23.61072864459988	26.108387949551137	0.0
141.0	26.273062730627306	23.85388555378091	23.628077325549373	26.244974390042408	0.0
142.0	26.272033573920726	23.716538295253333	23.86386480108168	26.147563329744255	0.0
143.0	26.210421382504723	23.813261074302332	23.763693141450357	26.21262440174259	0.0
144.0	26.278990356283288	23.779665030924882	23.75350417747523	26.187840435316602	0.0
145.0	26.17214392324681	23.740286062048035	23.927542697266606	26.16002731743855	0.0
146.0	26.13441721879836	23.762591631831427	23.81160880987393	26.291382339496277	0.0
147.0	26.18350650030154	23.81525429796468	23.78909337247375	26.21214582926003	0.0
148.0	26.14164901951605	23.802036146137684	23.771744548200815	26.28457028614545	0.0
149.0	26.24106053638159	23.69133412458659	23.831501609585363	26.236103729446462	0.0
150.0	26.23445146046809	23.795151692061122	23.744482110057636	26.225914737413152	0.0
151.0	26.25882936098145	23.66392663885332	23.823646853098708	26.253597147066515	0.0
152.0	26.26020625938012	23.630881077285306	23.78922439313203	26.31968827020254	0.0
153.0	26.11948724303634	23.713494981205336	23.872939815770994	26.294077959987334	0.0
154.0	26.104616740330734	23.749569719250417	23.817313120464842	26.32850041995401	0.0
155.0	26.274873738069143	23.63314919561374	23.811871099924545	26.28010596639257	0.0
156.0	26.32389145604653	23.77194093640364	23.76918713202289	26.13498047552694	0.0
157.0	26.29855645574361	23.71521256616015	23.61194490188195	26.374286076214293	0.0
158.0	26.152126080526973	23.77558635541248	23.714727111003405	26.357560453057143	0.0
159.0	26.20968075057899	23.849388516053345	23.711147155449932	26.229783577917733	0.0
160.0	26.29917963941586	23.779717073358796	23.77613711780532	26.14496616942002	0.0
161.0	26.300831926594388	23.75383124089521	23.618619073452425	26.326717759057978	0.0
162.0	26.297802733433755	23.788804652840696	23.750251285341733	26.163141328383816	0.0
163.0	26.221594351365347	23.78005794036328	23.794928565920934	26.20341914235044	0.0
164.0	26.42124626857451	23.655860678761442	23.743982904288245	26.178910148375795	0.0
165.0	26.331747133273854	23.949968606457155	23.60519039908353	26.113093861185465	0.0
166.0	26.276395360364823	23.85744026965401	23.62969939305817	26.236464976922992	0.0
167.0	26.274540042023403	23.697508612594355	23.877058141552222	26.150893203830023	0.0
168.0	26.19778040921984	23.823148734612946	23.749896731198195	26.229174124969017	0.0
169.0	26.285627736623248	23.777985845289564	23.743012144411093	26.193374273676095	0.0
170.0	26.170517445542917	23.73998292622477	23.929171371134306	26.16032825709801	0.0
171.0	26.116542285132045	23.77275355933137	23.81929336601217	26.29141078952441	0.0
172.0	26.185460263432553	23.818532807900223	23.781080552641072	26.21492637602615	0.0
173.0	26.13726802320938	23.815778965601755	23.773920562665058	26.273032448523804	0.0
174.0	26.240537109401895	23.706176042122774	23.806691286016815	26.24659556245852	0.0
175.0	26.24742171514806	23.803386675258658	23.71884371669572	26.230347892897566	0.0
176.0	26.26959713819132	23.660041803556332	23.829128651959234	26.241232406293115	0.0
177.0	26.26711866647206	23.634155543377386	23.79690851960884	26.30181727054171	0.0
178.0	26.11813497756983	23.71842358183225	23.89053967344758	26.272901767150337	0.0
179.0	26.11620727734374	23.74017905581243	23.838491767343108	26.305121899500726	0.0
180.0	26.291149628503607	23.641931450791184	23.807438740271973	26.259480180433236	0.0
181.0	26.329428352693007	23.775493905696646	23.759796874913942	26.13528086669641	0.0
182.0	26.306295886276388	23.719039672179903	23.61218970825554	26.36247473328817	0.0
183.0	26.162891566265063	23.792082616179	23.710843373493976	26.33418244406196	0.0
184.0	26.203098106712563	23.865335628227193	23.720206540447506	26.211359724612738	0.0
185.0	26.303339070567986	23.794561101549053	23.776660929432015	26.12543889845095	0.0
186.0	26.303889845094663	23.76784853700516	23.607573149741825	26.320688468158348	0.0
187.0	26.304716006884682	23.77225473321859	23.758485370051634	26.164543889845092	0.0
188.0	26.21363501173153	23.790495808594308	23.7830603320078	26.212808847666363	0.0
189.0	26.417972923849703	23.64591709718994	23.753318425661757	26.182791553298596	0.0
190.0	26.322413280311956	23.940857668454854	23.615073638757007	26.12165541247618	0.0
191.0	26.287163613531465	23.853559665568785	23.632973860168978	26.226302860730772	0.0
192.0	26.253087796696988	23.718960242121813	23.864640906800176	26.163311054381023	0.0
193.0	26.196705239561357	23.827529039826835	23.7482168527382	26.227548867873608	0.0
194.0	26.275191258034493	23.786771388128507	23.7484922422767	26.189545111560303	0.0
195.0	26.190922059252813	23.744361399199168	23.915378302609042	26.14933823893898	0.0
196.0	26.12207467462726	23.76887106812586	23.81954274321027	26.289511514036608	0.0
197.0	26.205865262543337	23.817405217544565	23.7799521371664	26.196777382745694	0.0
198.0	26.144177836038125	23.801432580324462	23.77692284390052	26.277466739736894	0.0
199.0	26.232302731045575	23.703669024925574	23.82456536526392	26.23946287876493	0.0
200.0	26.229273437779693	23.802809531808954	23.730932664318505	26.236984366092848	0.0
201.0	26.269349717310302	23.65533062164194	23.84424940584216	26.231070255205598	0.0
202.0	26.270175892751414	23.648996609926773	23.779256937808267	26.30157055951355	0.0
203.0	26.136335471291783	23.70848124168661	23.886659745152418	26.268523541869193	0.0
204.0	26.127798325066987	23.743731393840587	23.832407557852935	26.296062723239487	0.0
205.0	26.272175986869286	23.65897587010283	23.815123458490078	26.25372468453781	0.0
206.0	26.328631464152146	23.775191535533903	23.76582818808211	26.130348812231833	0.0
207.0	26.28649640061908	23.725345479981712	23.629508864886898	26.358649254512308	0.0
208.0	26.146668979970645	23.792606790648744	23.73752812454388	26.323196104836732	0.0
209.0	26.202298432736555	23.87963108309443	23.718525984737703	26.199544499431315	0.0
210.0	26.308875651649466	23.78159105742777	23.758733410994253	26.15079987992851	0.0
211.0	26.282988678580182	23.768922964223652	23.615528879121605	26.332559478074558	0.0
212.0	26.293178231809584	23.77883712412253	23.743586777815416	26.184397866252475	0.0
213.0	26.21861884356514	23.768713028343562	23.801760319016513	26.210907809074786	0.0
214.0	26.450500666453696	23.63845162427434	23.748333865761907	26.162713843510062	0.0
215.0	26.333878616632795	23.92829800007711	23.623710460075902	26.1141129232142	0.0
216.0	26.290916902129908	23.844302340311856	23.63665405354792	26.228126704010315	0.0
217.0	26.25160762627612	23.692900006334117	23.873835417624818	26.181656949764946	0.0
218.0	26.191918746832933	23.836171759677455	23.756857388354007	26.215052105135605	0.0
219.0	26.263521998722155	23.779439952411376	23.753828020004846	26.20321002886162	0.0
220.0	26.160798871973384	23.74226134085351	23.944678226001894	26.15226156117121	0.0
221.0	26.132708365462996	23.76236533080702	23.822677300667564	26.282249003062415	0.0
222.0	26.195571051276335	23.831004844248728	23.780882429890585	26.19254167458436	0.0
223.0	26.13415732379355	23.806494432831833	23.76848952524159	26.29085871813302	0.0
224.0	26.232749765223307	23.718642508764535	23.80924841164272	26.239359314369437	0.0
225.0	26.233300560985484	23.78859357056107	23.718642508764535	26.25946335968891	0.0
226.0	26.281915347733047	23.6625916735746	23.84490607503532	26.21058690365703	0.0
227.0	26.26952237482409	23.64303831631824	23.773853030357277	26.313586278500395	0.0
228.0	26.118328105334758	23.703626183873162	23.89585496366105	26.28219074713103	0.0
229.0	26.12631468787609	23.75182107851912	23.83168690393243	26.29017732967236	0.0
230.0	26.288597331923285	23.646408231159878	23.81770712845765	26.24728730845919	0.0
231.0	26.323573151789546	23.778600306244975	23.7485816891944	26.149244852771076	0.0
232.0	26.277581325666194	23.719664672769532	23.64200182865704	26.360752172907237	0.0
233.0	26.157028093647327	23.797943856769493	23.731572236282968	26.313455813300212	0.0
234.0	26.19448261807126	23.86927269372389	23.729919830793676	26.20632485741118	0.0
235.0	26.303816781279348	23.793812843046265	23.762417138749736	26.13995323692465	0.0
236.0	26.287843528216197	23.750850300324696	23.609845031905195	26.351461139553905	0.0
237.0	26.314557416959737	23.797117654024845	23.731572236282968	26.156752692732443	0.0
238.0	26.218108310566667	23.782993302194413	23.789052172380366	26.20984621485855	0.0
239.0	26.434575218119328	23.648596545342382	23.74719088745924	26.16963734907905	0.0
240.0	26.328009452436234	23.910091687529782	23.639628622814193	26.12227023721979	0.0
241.0	26.290478511993786	23.845172876332757	23.636944552322873	26.22740405935058	0.0
242.0	26.241953299525946	23.7008899919292	23.881312373118995	26.175844335425865	0.0
243.0	26.1851438645786	23.846122061071856	23.75549219729212	26.21324187705742	0.0
244.0	26.253515849905924	23.7727927625145	23.7700379339888	26.203653453590782	0.0
245.0	26.1672098539593	23.73292265986374	23.924943729837096	26.17492375633986	0.0
246.0	26.138514565326997	23.760507616730635	23.819193224429743	26.281784593512626	0.0
247.0	26.192641086258106	23.834085536213195	23.777601437175903	26.195671940352796	0.0
248.0	26.137177749121008	23.80220216248388	23.77519866856242	26.285421419832687	0.0
249.0	26.223699148012216	23.72587596027731	23.80605980447266	26.24436508723782	0.0
