# Position (bp)	A	C	G	T	N
0.0	26.220585478062063	23.66230211921679	23.85902856871014	26.25808383401101	0.0
1.0	26.225549181474744	23.788162865537988	23.752623478382535	26.23366447460473	0.0
2.0	26.415770107866866	23.704408411097276	23.767085915749124	26.112735565286737	0.0
3.0	26.214491358736254	23.614418054183815	23.827616790659544	26.343473796420387	0.0
4.0	26.19767012455098	23.84177661395911	23.69042423428565	26.27012902720426	0.0
5.0	26.22949443860081	23.79232594051429	23.713436877559698	26.264742743325204	0.0
6.0	26.256014322479583	23.679366677856102	23.72664204990489	26.33797694975943	0.0
7.0	26.285255540605934	23.70677236452334	23.702576525117696	26.30539556975303	0.0
8.0	26.2828294129164	23.83771991161581	23.619836097670124	26.25961457779767	0.0
9.0	26.269524968186715	23.797457733775225	23.709639076505713	26.22337822153235	0.0
10.0	26.203986207398	23.721205985743172	23.728477024914497	26.34633078194433	0.0
11.0	26.25656141371374	23.786645338285098	23.684850789886543	26.271942458114623	0.0
12.0	26.174622395359957	23.79950948451129	23.83055122866579	26.195316891462962	0.0
13.0	26.2789338419332	23.815449839617656	23.660241118845136	26.24537519960401	0.0
14.0	26.226078980264724	23.693240450468842	23.598996596594358	26.481683972672077	0.0
15.0	26.157283763489875	23.813492252148453	23.84509330700844	26.184130677353227	0.0
16.0	26.337102155303803	23.690164241588665	23.737985306907767	26.23474829619976	0.0
17.0	26.178537570298367	23.73658703014405	23.869143667344364	26.21573173221322	0.0
18.0	26.256841069066482	23.733231165911132	23.762315322596432	26.247612442425954	0.0
19.0	26.252366583422592	23.792238445339965	23.640665244153105	26.31472972708434	0.0
20.0	26.362550792403443	23.699392868229193	23.666673191958232	26.271383147409132	0.0
21.0	26.129804465524188	23.822094948319837	23.775951944158574	26.272148641997404	0.0
22.0	26.101559353886078	23.818179784330397	23.902915119244707	26.177345742538815	0.0
23.0	26.283894133965724	23.84446731397378	23.785460199561502	26.086178352498994	0.0
24.0	26.29424135308068	23.823493221173205	23.629133294554567	26.253132131191553	0.0
25.0	26.235793547809745	23.645073605083	23.8453062776858	26.27382656942145	0.0
26.0	26.227330564760827	23.783715759889258	23.76386034089797	26.225093334451948	0.0
27.0	26.423367870576225	23.701217892249396	23.771131339401823	26.104282897772556	0.0
28.0	26.198526224534024	23.62878756099948	23.825104520603492	26.347581693863	0.0
29.0	26.189297649509907	23.85474782219612	23.681082819469495	26.274871708824477	0.0
30.0	26.23208467916719	23.78035991442594	23.71520058167988	26.27235482472699	0.0
31.0	26.247465637540724	23.692828278591104	23.730861193842024	26.328844890026147	0.0
32.0	26.27934616944223	23.7042940839241	23.70653131423298	26.30982843240069	0.0
33.0	26.271236209572553	23.850832669155587	23.63941440496665	26.238516716305217	0.0
34.0	26.265083826223133	23.7907071046045	23.712404043793782	26.23180502537858	0.0
35.0	26.21754268215949	23.719395388509028	23.71743781198876	26.34562411734273	0.0
36.0	26.24942321406099	23.775326146230967	23.694506201322763	26.280744438385277	0.0
37.0	26.15965434791728	23.794622257645035	23.840765132765636	26.20495826167205	0.0
38.0	26.264804172434523	23.822587636506007	23.659269823957942	26.25333836710153	0.0
39.0	26.225652642029168	23.682201434623938	23.61144902610568	26.480696897241213	0.0
40.0	26.15797642518562	23.812520100116057	23.848875092635318	26.180628382063002	0.0
41.0	26.33695484989583	23.688633471761957	23.73421703930534	26.240194639036872	0.0
42.0	26.179789420697176	23.727505348378706	23.861459513122753	26.23124571780136	0.0
43.0	26.264804172434523	23.73253911657368	23.757987611337164	26.244669099654626	0.0
44.0	26.25305871331292	23.802732217514716	23.62235552386146	26.3218535453109	0.0
45.0	26.352615462057972	23.70625166044437	23.66933736034789	26.27179551714977	0.0
46.0	26.133014156035188	23.81329246670731	23.778895146901725	26.274798230355774	0.0
47.0	26.110082609498136	23.81301281370076	23.895790103639406	26.1811144731617	0.0
48.0	26.28766226865705	23.853842152656984	23.779454452914823	26.07904112577114	0.0
49.0	26.304161796043466	23.82923268808063	23.622848769247117	26.243756746628783	0.0
50.0	26.247392235713928	23.629560441404305	23.853562499650433	26.269484823231338	0.0
51.0	26.232497266399506	23.77771003979451	23.760651254100402	26.229141439705582	0.0
52.0	26.43832130362681	23.694653329119905	23.775472821998562	26.09155254525472	0.0
53.0	26.212362306235963	23.628935056363908	23.82301370016248	26.33568893723765	0.0
54.0	26.20537100062362	23.849860313713865	23.683746892364653	26.261021793297857	0.0
55.0	26.237251354215896	23.77211699530464	23.719822029324334	26.270809621155134	0.0
56.0	26.255988053256967	23.67563697785434	23.727092987161168	26.341281981727523	0.0
57.0	26.286470145726774	23.706398722548638	23.69800915581383	26.30912197591076	0.0
58.0	26.265496228889752	23.852097531509813	23.648231059853966	26.234175179746465	0.0
59.0	26.27556370897152	23.7869385632028	23.712551071487496	26.224946656338176	0.0
60.0	26.226065265236155	23.71115281036503	23.724296464916232	26.338485459482584	0.0
61.0	26.260182836624374	23.767083255263756	23.69409402467092	26.278639883440952	0.0
62.0	26.16482142807205	23.797844999958052	23.836157354713677	26.201176217256222	0.0
63.0	26.279478840114436	23.82021717791754	23.663332279976622	26.2369717019914	0.0
64.0	26.22270943854223	23.68654341460959	23.608240791751378	26.482506355096803	0.0
65.0	26.162024905827113	23.808751436713305	23.850139965938357	26.179083691521228	0.0
66.0	26.32869763162531	23.690458545752502	23.740236641712368	26.24060718090982	0.0
67.0	26.17349064703135	23.73408429277351	23.8702749261019	26.22215013409324	0.0
68.0	26.255708401032475	23.750304121794137	23.755617514059516	26.238369963113872	0.0
69.0	26.261860749971333	23.79952291330501	23.62641818634346	26.31219815038019	0.0
70.0	26.364493116360492	23.706119070324146	23.66473054109909	26.264657272216276	0.0
71.0	26.135105204872644	23.815955792699977	23.77288947056389	26.27604953186349	0.0
72.0	26.10546215197378	23.820430215779055	23.899571573990176	26.174536058256987	0.0
73.0	26.274371623208832	23.856784903296532	23.782956922491806	26.08588655100283	0.0
74.0	26.288074543888495	23.83692965088314	23.63334340078526	26.2416524044431	0.0
75.0	26.244169267425082	23.63194514357305	23.8525901316599	26.27129545734197	0.0
76.0	26.221444171940412	23.782051461314527	23.77561949612544	26.22088487061962	0.0
77.0	26.438732735067354	23.69228359932772	23.774221242823465	26.094762422781457	0.0
78.0	26.202148276373155	23.63523486460713	23.82008395112825	26.342532907891464	0.0
79.0	26.21137674816619	23.836024038770766	23.693681852629695	26.258917360433347	0.0
80.0	26.246053430055177	23.769187530936353	23.718850412065247	26.265908626943222	0.0
81.0	26.25220574458387	23.683614428855474	23.733392246405792	26.33078758015487	0.0
82.0	26.286323125152062	23.691444647346536	23.704867879045498	26.317364348455907	0.0
83.0	26.263951072320456	23.834905436129187	23.6539714588536	26.247172032696753	0.0
84.0	26.275976050717443	23.785127618578873	23.715214953480114	26.223681377223574	0.0
85.0	26.22955404109187	23.712418446876164	23.72500272659394	26.33302478543803	0.0
86.0	26.268984784207568	23.770306133577932	23.690326044704953	26.270383037509543	0.0
87.0	26.160480327974295	23.813092684618375	23.817846745845088	26.20858024156224	0.0
88.0	26.279052207981792	23.811974081976793	23.676063861024808	26.232909849016607	0.0
89.0	26.22340172656318	23.685851634138633	23.61510001705869	26.475646622239495	0.0
90.0	26.14621814429415	23.810296178014426	23.85783679028158	26.185648887409847	0.0
91.0	26.330507929494473	23.692842900648508	23.73674805433053	26.239901115526482	0.0
92.0	26.17362390901286	23.723324822631568	23.868183864716197	26.234867403639374	0.0
93.0	26.261434216376898	23.737027704990926	23.771424736219515	26.230113342412658	0.0
94.0	26.261434216376898	23.78289041329571	23.642505781777405	26.313169588549982	0.0
95.0	26.372735179214125	23.692842900648508	23.678860367628758	26.255561552508606	0.0
96.0	26.136916580441287	23.81162784194189	23.788137252160297	26.26331832545653	0.0
97.0	26.108112642970998	23.83232193293996	23.896082105204282	26.163483318884754	0.0
98.0	26.289325764143296	23.852177074302972	23.79233200033558	26.06616516121815	0.0
99.0	26.284292066332952	23.842948628317345	23.631253670404654	26.24150563494505	0.0
100.0	26.233675438351185	23.641041416146987	23.855812522721553	26.26947062278028	0.0
101.0	26.225492252321786	23.775766168611625	23.78387599240473	26.214865586661855	0.0
102.0	26.435788372749876	23.689074948754303	23.78024055415265	26.094896124343176	0.0
103.0	26.209272604735578	23.627552147565233	23.825543707755507	26.33763153994368	0.0
104.0	26.205916815579812	23.845958091786425	23.688515650561676	26.25960944207209	0.0
105.0	26.244228741774823	23.77241037945586	23.723192138504604	26.260168740264717	0.0
106.0	26.254855407434754	23.679007581287	23.739691435187126	26.326445576091125	0.0
107.0	26.285896457125602	23.68627845779116	23.71368406922993	26.31414101585331	0.0
108.0	26.257372249301575	23.828060549622336	23.663067582797108	26.251499618278984	0.0
109.0	26.274430844176727	23.779401606863708	23.719277051156208	26.226890497803357	0.0
110.0	26.228009094188614	23.703337052666313	23.7290647695272	26.339589083617877	0.0
111.0	26.263524529420483	23.765139502951698	23.698583018028977	26.272752949598843	0.0
112.0	26.163689802036405	23.806807218302474	23.830857040585474	26.19864593907565	0.0
113.0	26.275549440561985	23.821908269503428	23.677609335805432	26.22493295412916	0.0
114.0	26.221577164973393	23.666423371952874	23.629509691239434	26.4824897718343	0.0
115.0	26.15474103095436	23.801493885472507	23.86189809027632	26.181866993296808	0.0
116.0	26.344343118255214	23.685159861405907	23.7371745933203	26.233322427018578	0.0
117.0	26.173477520407396	23.723471787600918	23.871126510454683	26.231924181537007	0.0
118.0	26.255974003820004	23.74332687343921	23.77884230867108	26.221856814069707	0.0
119.0	26.26268558213154	23.776325466804256	23.63006898943206	26.330919961632144	0.0
120.0	26.36112206403405	23.689913896043244	23.685159861405907	26.263804178516796	0.0
121.0	26.1380351799547	23.800162196929445	23.785620403255127	26.276182219860733	0.0
122.0	26.10279929528231	23.836516681115246	23.88741295897536	26.173271064627084	0.0
123.0	26.292122262926814	23.83623703123689	23.802958695712967	26.06868201012332	0.0
124.0	26.28289381694119	23.833999832210072	23.639643166755224	26.243463184093514	0.0
125.0	26.232556838837773	23.6368466679717	23.86252411980201	26.268072373388517	0.0
126.0	26.227316835808708	23.775899146785832	23.784288666597686	26.212495350807767	0.0
127.0	26.43118216723669	23.67690281300599	23.79603399433428	26.09588102542304	0.0
128.0	26.210817446845404	23.620413379606195	23.83854089471432	26.330228278834078	0.0
129.0	26.209978494864217	23.833786833487608	23.70682543366826	26.249409237979915	0.0
130.0	26.251926093923473	23.768907880275957	23.728638185179072	26.250527840621494	0.0
131.0	26.268705133547172	23.673547005081254	23.74234106753843	26.315406793833144	0.0
132.0	26.293314391661937	23.67969931960994	23.71353704951774	26.313449239210378	0.0
133.0	26.2673068802452	23.832388580185633	23.662640629325846	26.237663910243324	0.0
134.0	26.276815002698626	23.77897530405018	23.715214953480114	26.22899473977108	0.0
135.0	26.226551226551226	23.703256261395797	23.735975480161528	26.33421703189145	0.0
136.0	26.269897200129762	23.76813539604237	23.695705672449858	26.26626173137801	0.0
137.0	26.167824423638375	23.803091826347643	23.824345335973245	26.20473841404074	0.0
138.0	26.289546320196205	23.804556653345898	23.688221327956555	26.217675698501342	0.0
139.0	26.229214790288207	23.66423741421644	23.6323569714698	26.474190824025552	0.0
140.0	26.14951368342161	23.811334895661464	23.864468966905864	26.174682454011062	0.0
141.0	26.347581693863	23.683040395989767	23.74036942265475	26.229008487492482	0.0
142.0	26.174196344924983	23.721352965029293	23.88159458590265	26.222856104143073	0.0
143.0	26.276829285344743	23.7272256945901	23.79182571975894	26.20411930030622	0.0
144.0	26.269837940629497	23.770292378035993	23.633541675405848	26.326328005928662	0.0
145.0	26.360445768139044	23.68639624145308	23.69115035585945	26.26200763454843	0.0
146.0	26.137075484361716	23.794688800393754	23.79972258266589	26.26851313257864	0.0
147.0	26.11889793726789	23.81454427491163	23.90179650096201	26.16476128685847	0.0
148.0	26.290885498232587	23.838314913418944	23.7963667278178	26.07443286053067	0.0
149.0	26.286970334243144	23.82377287574388	23.64759049621907	26.24166629379391	0.0
150.0	26.237751129804465	23.636124658821423	23.862644861067608	26.2634793503065	0.0
151.0	26.226078980264724	23.770145672473245	23.795034998867397	26.208740348394638	0.0
152.0	26.42351565930148	23.687647343413975	23.788323270401555	26.10051372688299	0.0
153.0	26.21545207686048	23.611860742820546	23.841178132070038	26.331509048248936	0.0
154.0	26.20454551810349	23.83194950542951	23.715612878688304	26.247892097778696	0.0
155.0	26.25516313695002	23.76483222077112	23.722604262506884	26.257400379771966	0.0
156.0	26.267747627823468	23.658563186728678	23.744417380020863	26.32927180542699	0.0
157.0	26.299069027330717	23.674783197187786	23.720646675037685	26.305501100443813	0.0
158.0	26.267467972470726	23.831390194724023	23.65408870108478	26.247053131720467	0.0
159.0	26.271942458114623	23.767908429651296	23.73490909802759	26.22524001420649	0.0
160.0	26.230906477395393	23.68911186804705	23.746721031819277	26.33326062273828	0.0
161.0	26.278727676449037	23.768254554200155	23.688832211912235	26.264185557438573	0.0
162.0	26.178610780184684	23.790906701120303	23.833694089747244	26.196788428947766	0.0
163.0	26.295300924825426	23.787617351033752	23.704838903633025	26.212242820507804	0.0
164.0	26.234129425583085	23.667990379775155	23.6282789865205	26.469601208121258	0.0
165.0	26.163376027742043	23.805022652273617	23.864869399854577	26.16673192012976	0.0
166.0	26.34718481790038	23.673929397419872	23.749157528825798	26.229728255853953	0.0
167.0	26.179110070781565	23.715318852617184	23.88423257517919	26.221338501422064	0.0
168.0	26.26971941864595	23.72258997312482	23.793902885795866	26.213787722433363	0.0
169.0	26.27727019763465	23.76397942832213	23.63477721007106	26.32397316397216	0.0
170.0	26.35473559688908	23.687632662991952	23.689030955397268	26.268600784721695	0.0
171.0	26.149819060456743	23.79900329438612	23.796486361017735	26.254691284139405	0.0
172.0	26.129403934246515	23.807393072280732	23.901917903226707	26.161285090246047	0.0
173.0	26.286013121612626	23.83144376891196	23.80627443522812	26.0762686742473	0.0
174.0	26.28908937350732	23.8233336502805	23.653300818283004	26.23427615792918	0.0
175.0	26.23819138761333	23.644631381125237	23.86332492491149	26.253852306349945	0.0
176.0	26.240222385667984	23.76606996535012	23.789561409151037	26.204146239830862	0.0
177.0	26.432069176708794	23.67993467141343	23.784527528336554	26.10346862354122	0.0
178.0	26.222324142772045	23.603587479060455	23.836823956798117	26.337264421369383	0.0
179.0	26.208620800554844	23.823679934671414	23.720205717929286	26.24749354684446	0.0
180.0	26.254485047975678	23.74705308227319	23.73586668046323	26.2625951892879	0.0
181.0	26.272103630826365	23.657282207748263	23.7574005039474	26.31321365747797	0.0
182.0	26.291679833993797	23.687205832589903	23.71936673779354	26.30174759562276	0.0
183.0	26.267069750011885	23.82228163444517	23.656163567567265	26.254485047975678	0.0
184.0	26.270705330600126	23.764392005078626	23.733349740055985	26.231552924265262	0.0
185.0	26.232744926952588	23.69510257959147	23.736212721211714	26.33593977224422	0.0
186.0	26.27105846029935	23.756627961608164	23.69733986621026	26.274973711882225	0.0
187.0	26.162550059288098	23.798017764055754	23.828221133409404	26.211211043246752	0.0
188.0	26.302454030622947	23.796686009927985	23.69097392155492	26.209886037894147	0.0
189.0	26.23568827711187	23.655243390179375	23.630073774938896	26.47899455776986	0.0
190.0	26.16185740573979	23.797032222700757	23.880091952994345	26.161018418565106	0.0
191.0	26.343991296882034	23.675724956861956	23.753471319143223	26.226812427112783	0.0
192.0	26.176473055851535	23.709004874529114	23.889387621548607	26.22513444807074	0.0
193.0	26.273236513942607	23.73305590746505	23.780318983815892	26.21338859477645	0.0
194.0	26.271278871726896	23.76409851974282	23.63293649128989	26.331686117240395	0.0
195.0	26.360211760955103	23.681597883509102	23.700614979318907	26.257575376216884	0.0
196.0	26.13851196402403	23.79884330987885	23.799682301746223	26.2629624243509	0.0
197.0	26.123410110411328	23.80555524481783	23.909310572416185	26.16172407235466	0.0
198.0	26.30323403398476	23.81814012282841	23.80611457272941	26.072511270457415	0.0
199.0	26.29400512344367	23.819258778651573	23.656214692425582	26.230521405479173	0.0
200.0	26.24422493931292	23.63635855156444	23.84582685445169	26.27358965467095	0.0
201.0	26.242061017252517	23.761155127233472	23.78408763574227	26.212696219771736	0.0
202.0	26.433072033246546	23.685365983259267	23.783248641528534	26.09831334196565	0.0
203.0	26.234936473799465	23.6024375714897	23.83288260447634	26.3297433502345	0.0
204.0	26.222910822806227	23.81833995676359	23.72269408142205	26.236055139008137	0.0
205.0	26.25786911057726	23.7433893877825	23.729406072674088	26.269335428966155	0.0
206.0	26.26402176922496	23.666201488384058	23.751220044243208	26.31855669814777	0.0
207.0	26.305971714550196	23.6852187969315	23.707032768500625	26.30177672001767	0.0
208.0	26.26681843224664	23.820297620878765	23.66592182208189	26.2469621247927	0.0
209.0	26.270880702078216	23.77288731901993	23.737369499981824	26.218862478920034	0.0
210.0	26.239778053719053	23.699813180297795	23.73644997818572	26.32395878779743	0.0
211.0	26.287881330335267	23.76273897819691	23.684710988802003	26.264668702665816	0.0
212.0	26.170419840923582	23.800774127149264	23.822588403754295	26.20621762817286	0.0
213.0	26.302497741656715	23.78406043130861	23.701277816776344	26.21216401025833	0.0
214.0	26.25027267998277	23.648486136670005	23.62751075337983	26.47373042996739	0.0
215.0	26.16972720814852	23.786643994607928	23.880054368193488	26.16357442905007	0.0
216.0	26.360257410623646	23.662815575524178	23.751751449403038	26.225175564449145	0.0
217.0	26.18266533542528	23.725182556263128	23.888231658374377	26.20392044993721	0.0
218.0	26.2668467757949	23.735810113519094	23.795939713783103	26.201403396902904	0.0
219.0	26.257058236217034	23.765735077371414	23.65330670850568	26.323899977905867	0.0
220.0	26.366410206929725	23.680994291883064	23.69693562776701	26.2556598734202	0.0
221.0	26.14134690681284	23.791811164559796	23.8046761382705	26.26216579035686	0.0
222.0	26.143584293545143	23.79964201812283	23.898087034343888	26.158686653988138	0.0
223.0	26.307193198344336	23.81810045866428	23.816702091956596	26.058004251034788	0.0
224.0	26.285938024387516	23.821456538762725	23.669873587649626	26.22273184920013	0.0
225.0	26.240910616400043	23.639109520080545	23.859771786553306	26.2602080769661	0.0
226.0	26.255527059869838	23.757198112759013	23.78572487337754	26.20154995399361	0.0
227.0	26.437594914405732	23.68196577348074	23.78824194049094	26.092197371622582	0.0
228.0	26.242662050179135	23.608131804821024	23.82795566605791	26.321250478941938	0.0
229.0	26.22084746852967	23.813132937501223	23.727272981521928	26.238746612447176	0.0
230.0	26.25776445285953	23.754681045645615	23.720840476676578	26.266714024818285	0.0
231.0	26.27174815904508	23.677770661625075	23.75104528203737	26.299435897292472	0.0
232.0	26.298317200797634	23.696788502037425	23.711890904717823	26.293003392447122	0.0
233.0	26.263357935333747	23.82320120595482	23.66630402255292	26.247136836158507	0.0
234.0	26.271468484921368	23.77034279657343	23.741256687707484	26.216932030797715	0.0
235.0	26.23085614561076	23.69978408976496	23.74537135441721	26.323988410207072	0.0
236.0	26.26889214556601	23.76019420734095	23.702580854467552	26.268332792625493	0.0
237.0	26.164852498629585	23.78788217789661	23.823960442560047	26.223304880913762	0.0
238.0	26.290780439372963	23.77899903511348	23.698731663660137	26.231488861853418	0.0
239.0	26.247224195506135	23.645659117224252	23.615733567517076	26.49138311975254	0.0
240.0	26.169492094303365	23.77582672077913	23.88658758639208	26.168093598525427	0.0
241.0	26.373706293706295	23.65986013986014	23.739020979020978	26.227412587412584	0.0
242.0	26.168496201058556	23.723522105475176	23.8874528629136	26.220528830552663	0.0
243.0	26.277123129776975	23.72931144458992	23.778270162598897	26.21529526303421	0.0
244.0	26.265664300642662	23.747905131483602	23.65949398608364	26.3269365817901	0.0
245.0	26.358658395659678	23.695483683228264	23.68093387391471	26.26492404719734	0.0
246.0	26.12850331303725	23.789230390401144	23.801822170487107	26.2804441260745	0.0
247.0	26.14471452798191	23.799316053708253	23.90565794849694	26.15031146981289	0.0
248.0	26.316953165669375	23.809550464313105	23.811509591326104	26.061986778691416	0.0
249.0	26.27721087483417	23.834179489619427	23.67996820616733	26.20864142937907	0.0
