# Position (bp)	A	C	G	T	N
0.0	26.39674836136454	23.61550443494892	23.672402477599917	26.315344726086625	0.0
1.0	26.246334723861402	23.707893335887174	23.773523256370748	26.272248683880672	0.0
2.0	26.23888147184245	23.802240886890978	23.575786253865783	26.383091387400786	0.0
3.0	26.275647434904453	23.704496486459846	23.696047091295718	26.32380898733999	0.0
4.0	26.185822513870505	23.815022389951277	23.76460979525164	26.234545300926577	0.0
5.0	26.321214340026472	23.821847982201696	23.72018361542144	26.13675406235039	0.0
6.0	26.26062370811767	23.75570962709306	23.724169393582688	26.259497271206584	0.0
7.0	26.229725163325075	23.769430051813472	23.798997521964406	26.201847262897047	0.0
8.0	26.26591991259711	23.780400239907415	23.800392524575024	26.15328732292045	0.0
9.0	26.343027855914	23.84914500674365	23.621071719193914	26.18675541814844	0.0
10.0	26.263004519026367	23.80245801247308	23.623667872678897	26.31086959582166	0.0
11.0	26.222741542663268	23.825545873044923	23.749806427998255	26.201906156293553	0.0
12.0	26.19571185223769	23.734883786409135	23.717145552067347	26.35225880928582	0.0
13.0	26.242939921051	23.758186312879047	23.74410838875343	26.254765377316524	0.0
14.0	26.375553966314342	23.648660063181723	23.759030988326586	26.21675498217735	0.0
15.0	26.265464599651995	23.601076679637128	23.864052302303712	26.269406418407165	0.0
16.0	26.184938873653447	23.777613848172404	23.736224751243082	26.301222526931067	0.0
17.0	26.233648491128093	23.689767601628535	23.80548813794113	26.271095769302242	0.0
18.0	26.23449316657563	23.6776605868805	23.69990370699898	26.38794253954489	0.0
19.0	26.140734191899	23.68554422439085	23.83561489556996	26.338106688140194	0.0
20.0	26.320650062224427	23.652320323454383	23.821255412961825	26.205774201359368	0.0
21.0	26.368796562734047	23.628106293958318	23.70243773334159	26.300659409966045	0.0
22.0	26.187472899996056	23.7615650146692	23.85645022327588	26.194511862058867	0.0
23.0	26.206055759841878	23.8525084045207	23.734253841865495	26.20718199377193	0.0
24.0	26.32374720553206	23.738477219103178	23.615717720727773	26.322057854636988	0.0
25.0	26.401738905187997	23.621067331895507	23.669213832405127	26.307979930511365	0.0
26.0	26.24631862284115	23.703845525754154	23.785497485682754	26.264338365721944	0.0
27.0	26.24434771346356	23.795070474088174	23.578833559518646	26.381748252929615	0.0
28.0	26.277571614400024	23.704690201201693	23.695680329761295	26.322057854636988	0.0
29.0	26.182686405793348	23.817313594206652	23.756778520466487	26.243221479533513	0.0
30.0	26.311921749266542	23.813934892416505	23.72468085346007	26.149462504856885	0.0
31.0	26.244910830428587	23.759030988326586	23.731156698557857	26.26490148268697	0.0
32.0	26.224638619687695	23.760157222256634	23.80436190401108	26.210842254044586	0.0
33.0	26.24631862284115	23.77817696513743	23.7978860589133	26.177618353108123	0.0
34.0	26.329941492147334	23.844624767010355	23.626698501545757	26.198735239296557	0.0
35.0	26.265672204906426	23.799226842583913	23.62494263262071	26.310158319888956	0.0
36.0	26.218933628405793	23.82991663076806	23.75558540067067	26.195564340155475	0.0
37.0	26.201758609330263	23.7310898816613	23.716730439483396	26.350421069525044	0.0
38.0	26.25039417965582	23.74256689791873	23.748761149653124	26.25827777277232	0.0
39.0	26.37878412469592	23.64289575637445	23.766217677268223	26.21210244166141	0.0
40.0	26.2706662762411	23.60798270114425	23.858568339490045	26.26278268312461	0.0
41.0	26.18169429678349	23.780858635913145	23.735809532390306	26.301637534913052	0.0
42.0	26.25095729344986	23.687100189206234	23.796907379043155	26.265035138300746	0.0
43.0	26.245044598612488	23.67668258401658	23.69273132714659	26.385541490224345	0.0
44.0	26.150159924317506	23.681750608162897	23.83153887737634	26.336550590143254	0.0
45.0	26.325288314262547	23.660915397783583	23.82281061356879	26.190985674385082	0.0
46.0	26.368929633300297	23.631915037390755	23.706246058203444	26.2929092711055	0.0
47.0	26.192393458870168	23.76509144968015	23.848713848094423	26.193801243355257	0.0
48.0	26.201684836471756	23.862791692945308	23.72651815478872	26.209005315794215	0.0
49.0	26.324162086674473	23.742285341021713	23.6167109649518	26.316841607352014	0.0
50.0	26.402434904045407	23.62008964771601	23.668235877106046	26.309239571132537	0.0
51.0	26.246452383097573	23.70033336336607	23.78536354626543	26.267850707270924	0.0
52.0	26.241665915848273	23.792120911793855	23.585739706279846	26.380473466078026	0.0
53.0	26.282773222812867	23.699770249572033	23.685973961618163	26.33148256599694	0.0
54.0	26.192393458870168	23.805072529056673	23.750450491035227	26.25208352103793	0.0
55.0	26.321628074601318	23.80760654112983	23.72567348409767	26.145091900171185	0.0
56.0	26.257996215875306	23.75917875484278	23.716945220290118	26.265879808991798	0.0
57.0	26.237724119290025	23.76509144968015	23.79578115145509	26.201403279574738	0.0
58.0	26.252365077934947	23.77945085142806	23.794936480764033	26.17324758987296	0.0
59.0	26.329511667717814	23.84026714118389	23.62403144427426	26.206189746824037	0.0
60.0	26.255669836049883	23.783607240496778	23.644236968879603	26.316485954573736	0.0
61.0	26.20470818117572	23.823588207304127	23.765587649823043	26.206115961697108	0.0
62.0	26.193727493108916	23.72476201470286	23.722228009764365	26.35928248242386	0.0
63.0	26.25953768617845	23.744685643494666	23.73820987132922	26.25756679899766	0.0
64.0	26.376664695779482	23.637694625109102	23.76749162372948	26.21814905538193	0.0
65.0	26.275586338936286	23.606160430216516	23.849142664076357	26.26911056677084	0.0
66.0	26.194498409212493	23.773685840583383	23.732578765098403	26.299236985105722	0.0
67.0	26.250809471520682	23.681054143086406	23.803249148295183	26.264887237097728	0.0
68.0	26.251091026832224	23.683025030267196	23.682461919644112	26.38342202325647	0.0
69.0	26.149731114677476	23.68696680462877	23.821831798856884	26.341470281836866	0.0
70.0	26.313033195371233	23.664442379705495	23.82521046259538	26.1973139623279	0.0
71.0	26.38060647014106	23.63347129543599	23.70498634456739	26.280935889855563	0.0
72.0	26.19224596672016	23.77509361714109	23.848861108764815	26.183799307373935	0.0
73.0	26.201255736689472	23.860123321226457	23.736520539459978	26.202100402624097	0.0
74.0	26.31894585691359	23.751161415660107	23.610946870512713	26.31894585691359	0.0
75.0	26.41242222034519	23.61883041923586	23.66050060534392	26.308246755075032	0.0
76.0	26.251372582143762	23.696821240532703	23.78720049553735	26.264605681786186	0.0
77.0	26.245459920601398	23.78804516147197	23.583072894670156	26.38342202325647	0.0
78.0	26.2798096686094	23.69597657459808	23.689219247121095	26.33499450967142	0.0
79.0	26.189430413604754	23.808880254526002	23.762705183433287	26.23898414843596	0.0
80.0	26.31613030379818	23.804938480164427	23.7201903313906	26.158740884646786	0.0
81.0	26.24855702902835	23.756792521890926	23.71934566545598	26.27530478362474	0.0
82.0	26.230819044401272	23.7669285131064	23.800152039868234	26.202100402624097	0.0
83.0	26.250527916209137	23.780443168060366	23.79086071458738	26.178168201143116	0.0
84.0	26.320916744094376	23.844919334403244	23.618548863924318	26.215615057578063	0.0
85.0	26.241162707540877	23.790230621306357	23.6514242435334	26.31718242761937	0.0
86.0	26.192453775786873	23.815852082518	23.76207516942543	26.229618972269698	0.0
87.0	26.187948903485925	23.722375982273327	23.722657536792134	26.36701757744861	0.0
88.0	26.25826360186051	23.738076199700426	23.743425720495985	26.26023447794308	0.0
89.0	26.37876859662361	23.629678015158852	23.766794679760793	26.224758708456747	0.0
90.0	26.288108296825204	23.593639138220354	23.848726814050657	26.26952575090379	0.0
91.0	26.207020823713584	23.763416035047808	23.728503373013638	26.30105976822497	0.0
92.0	26.261923800299574	23.685144099197007	23.789600531573434	26.26333156892998	0.0
93.0	26.24165193202167	23.688804297636075	23.687114975279584	26.382428795062673	0.0
94.0	26.161409120088297	23.69387226470555	23.814377259468653	26.330341355737502	0.0
95.0	26.327807372202766	23.659522710123547	23.820289887716374	26.19238002995732	0.0
96.0	26.37764238171928	23.633901321050082	23.704852860022747	26.283603437207887	0.0
97.0	26.193787798587724	23.77214420055635	23.84196952462469	26.192098476231234	0.0
98.0	26.208147038617906	23.84928992150282	23.738076199700426	26.20448684017884	0.0
99.0	26.32611804984627	23.756658745621838	23.60940614688095	26.30781705765094	0.0
100.0	26.40805018413614	23.629678015158852	23.66261980111045	26.299651999594566	0.0
101.0	26.25882670931267	23.702881983940173	23.781435473517057	26.256855833230098	0.0
102.0	26.257982048134426	23.7932607300125	23.580969220546667	26.36778800130641	0.0
103.0	26.28106945367315	23.70766839728357	23.685988760375253	26.325273388668023	0.0
104.0	26.182244095818362	23.814940366920816	23.766231572308627	26.236583964952192	0.0
105.0	26.316545223159483	23.80593064768619	23.71104704199655	26.16647708715777	0.0
106.0	26.25741894068226	23.751590778552366	23.70344509139234	26.287545189373034	0.0
107.0	26.248690775173717	23.759755836608743	23.78875587039519	26.20279751782235	0.0
108.0	26.254884957147524	23.78622188686045	23.78030925861273	26.178583897379298	0.0
109.0	26.327807372202766	23.84225107835077	23.620949849650312	26.20899169979615	0.0
110.0	26.24523823601456	23.779960751521088	23.65804833137654	26.316752681087806	0.0
111.0	26.19484026094326	23.811213127123963	23.768135528320002	26.225811083612776	0.0
112.0	26.191743178676308	23.721960847249086	23.7239317177826	26.362364256292004	0.0
113.0	26.253892458344364	23.740758050983462	23.748359958780764	26.25698953189141	0.0
114.0	26.3876297251488	23.632078924696064	23.76497153507858	26.215319815076555	0.0
115.0	26.273601108189226	23.601389741366205	23.860699262896496	26.264309887548077	0.0
116.0	26.197300478075537	23.77003947361012	23.73456390388936	26.29809614442499	0.0
117.0	26.255018666906928	23.67571950649541	23.810864534003052	26.258397292594616	0.0
118.0	26.238407090609112	23.68923400924617	23.687263144261685	26.385095755883032	0.0
119.0	26.16041714765157	23.69036021780874	23.811990742565616	26.33723189197407	0.0
120.0	26.329066879895485	23.66079724304144	23.81987420250356	26.190261674559512	0.0
121.0	26.38115402591406	23.630952716133503	23.708379554809756	26.279513703142687	0.0
122.0	26.199271343060023	23.77003947361012	23.836204226660733	26.194484956669122	0.0
123.0	26.206310146576044	23.847747864427014	23.738505633858335	26.207436355138608	0.0
124.0	26.329066879895485	23.744981333093076	23.606739232038382	26.319212554973053	0.0
125.0	26.407619927134306	23.623632360476837	23.66136034732272	26.307387365066138	0.0
126.0	26.26205747042295	23.69486505205899	23.781583111376396	26.26149436614166	0.0
127.0	26.261775918282304	23.79228209272075	23.583651956505825	26.362290032491114	0.0
128.0	26.286552506658705	23.702185407715653	23.68923400924617	26.322028076379468	0.0
129.0	26.188290809575026	23.81030142972177	23.75877738798448	26.242630372718722	0.0
130.0	26.31429279335083	23.805085986507947	23.720619868683343	26.160001351457886	0.0
131.0	26.26164224657349	23.744551935400313	23.711610149448717	26.28219566857748	0.0
132.0	26.24784611399547	23.75947428288266	23.791008300203845	26.201671302918022	0.0
133.0	26.263613122656064	23.7901636390256	23.762008266417396	26.18421497190094	0.0
134.0	26.329215140833174	23.843095739529016	23.61250323786785	26.21518588176996	0.0
135.0	26.240881153022066	23.775871340847086	23.66156020621053	26.32168729992032	0.0
136.0	26.19498776645616	23.818104518668473	23.766580041726378	26.22032767314899	0.0
137.0	26.191327557711634	23.722094427754516	23.725754636499037	26.3608233780348	0.0
138.0	26.25482516773705	23.74362627368943	23.741936937063766	26.25961162150976	0.0
139.0	26.39222454662428	23.629314495352915	23.76671387424015	26.21174708378265	0.0
140.0	26.279602104913437	23.59890643609099	23.853433154357504	26.268058304638075	0.0
141.0	26.20470818117572	23.769247879178646	23.737150483291053	26.28889345635458	0.0
142.0	26.257359172675542	23.66985857436882	23.80697639715178	26.26580585580386	0.0
143.0	26.244407591878794	23.683373267374122	23.691256838293885	26.3809623024532	0.0
144.0	26.163956212271376	23.686255518515182	23.818305703216506	26.33148256599694	0.0
145.0	26.329511667717814	23.66401252365078	23.82562618253897	26.18084962609244	0.0
146.0	26.385541490224345	23.6389539598162	23.70005180646905	26.27545274349041	0.0
147.0	26.19323812956122	23.77015947382647	23.846179836021264	26.190422560591042	0.0
148.0	26.20787908820614	23.849276961888457	23.737217316875395	26.205626633030004	0.0
149.0	26.320501847013244	23.75016893413821	23.6136138390846	26.315715379763944	0.0
150.0	26.402434904045407	23.629662582214614	23.669362104694116	26.298540409045863	0.0
151.0	26.26221956933057	23.70258581854221	23.781421749707178	26.25377286242004	0.0
152.0	26.25715154518425	23.78395576178034	23.588273718353005	26.3706189746824	0.0
153.0	26.289530588341293	23.703148932336244	23.688226416794304	26.319094062528155	0.0
154.0	26.18479142265069	23.81154833768808	23.769314803135416	26.234345436525814	0.0
155.0	26.30966928140644	23.810556190626357	23.7162340989847	26.1635404289825	0.0
156.0	26.256173169729085	23.746079298131015	23.707787344509327	26.289960187630573	0.0
157.0	26.239842777743366	23.752836701711313	23.797041383465757	26.21027913707956	0.0
158.0	26.259833430001745	23.780992549962555	23.767196184319445	26.19197783571626	0.0
159.0	26.33613577876261	23.833362427709858	23.615154603762747	26.21534718976479	0.0
160.0	26.239916658454522	23.772049610744304	23.661959934115128	26.326073796686046	0.0
161.0	26.19599341151296	23.80921543507947	23.76810778089057	26.226683372517	0.0
162.0	26.19345937803556	23.715737755691016	23.73037883800487	26.360424028268554	0.0
163.0	26.262307729127187	23.73698836872084	23.73980397732872	26.26089992482325	0.0
164.0	26.397175381444576	23.622674659240968	23.767115380825143	26.213034578489314	0.0
165.0	26.28849288918046	23.591702964554305	23.851583639061502	26.268220507203733	0.0
166.0	26.206277117830407	23.77809625439587	23.730512468922722	26.28511415885101	0.0
167.0	26.254987146746707	23.682365561727995	23.807378583917806	26.25526870760749	0.0
168.0	26.227112621528708	23.702637943704723	23.694191117881086	26.376058316885487	0.0
169.0	26.163835094970743	23.686655666991403	23.81617402762683	26.333335210411025	0.0
170.0	26.337840196867905	23.666946351242533	23.812232164477056	26.182981287412506	0.0
171.0	26.384579431358084	23.642732049036777	23.697355009826502	26.275333509778637	0.0
172.0	26.198467178358044	23.77450290290065	23.846582686210798	26.180447232530508	0.0
173.0	26.221273672296025	23.85249548093546	23.72860835337114	26.197622493397375	0.0
174.0	26.34431611489968	23.749725477387784	23.5985268694286	26.307431538283936	0.0
175.0	26.41583277490272	23.62640147313057	23.659625748250093	26.298140003716615	0.0
176.0	26.279275372928414	23.69200533840895	23.780978820932418	26.247740467730218	0.0
177.0	26.24999296095866	23.789425670539078	23.586701279979277	26.373880088522984	0.0
178.0	26.28518816765307	23.712277777464934	23.691723776755396	26.3108102781266	0.0
179.0	26.200719671586487	23.81561090431972	23.761832628490662	26.22183679560313	0.0
180.0	26.309832188309496	23.82250253406915	23.70987723842775	26.1577880391936	0.0
181.0	26.254364230206107	23.752111724293275	23.712692870818785	26.280831174681836	0.0
182.0	26.242820137402862	23.762529564140106	23.79350152044149	26.201148778015543	0.0
183.0	26.25577204640162	23.780268048203627	23.781112737920935	26.182847167473817	0.0
184.0	26.3264444194166	23.848124788827572	23.625408266696702	26.20002252505913	0.0
185.0	26.23332085066125	23.781461261012673	23.676719441151707	26.308498447174365	0.0
186.0	26.19925160280325	23.81581207290256	23.766538367322802	26.218397956971383	0.0
187.0	26.186299657336576	23.71782778980682	23.741479168485103	26.354393384371505	0.0
188.0	26.25120721258486	23.74189442978739	23.734292158115988	26.272606199511767	0.0
189.0	26.381572093468524	23.63095757650842	23.767235335358727	26.22023499466433	0.0
190.0	26.279082208713326	23.59322778376887	23.859307292267925	26.268382715249878	0.0
191.0	26.199680704589802	23.768361597828566	23.739923470465175	26.292034227116456	0.0
192.0	26.243041809678537	23.681076256416176	23.808907046742707	26.26697488716258	0.0
193.0	26.226711003865894	23.697125496611356	23.690086356174874	26.38607714334787	0.0
194.0	26.154703848449696	23.68846366103909	23.820518307447994	26.33631418306322	0.0
195.0	26.337158882293977	23.663122684116274	23.806439986935317	26.19327844665443	0.0
196.0	26.378549144601244	23.63215037898839	23.703949813603035	26.28535066280733	0.0
197.0	26.188210251269865	23.778846478730472	23.84726711642208	26.18567615357758	0.0
198.0	26.20454110306457	23.857121940780953	23.742524411807768	26.19581254434671	0.0
199.0	26.336595749473467	23.741679712577007	23.615819527193686	26.305905010755836	0.0
200.0	26.411773981011162	23.63215037898839	23.655801957449686	26.300273682550767	0.0
201.0	26.276903670499724	23.701134149500504	23.77124418565363	26.250717994346147	0.0
202.0	26.258320287422993	23.78673033821757	23.58034215950174	26.374607214857697	0.0
203.0	26.291263557422656	23.702823547962023	23.702541981551768	26.303370913063556	0.0
204.0	26.19722037639798	23.809537217448106	23.75068983770512	26.242552568448797	0.0
205.0	26.295353564932395	23.823749697314405	23.720977378827214	26.159919358925986	0.0
206.0	26.247205437641135	23.75842592227597	23.707743683022013	26.286624957060877	0.0
207.0	26.247487005636994	23.75673651430084	23.793621921757886	26.202154558304287	0.0
208.0	26.262410109417324	23.779261953969264	23.771378050085314	26.186949886528097	0.0
209.0	26.328015452451613	23.84993552092895	23.618768196331732	26.203280830287706	0.0
210.0	26.239113846708317	23.778765771371773	23.67571159472115	26.306408787198755	0.0
211.0	26.192091859001614	23.81874853936191	23.775105377119157	26.21405422451732	0.0
212.0	26.18280008897574	23.711470830881336	23.74525908552089	26.360469994622036	0.0
213.0	26.251932276693573	23.735819412024746	23.73525627127616	26.27699204000552	0.0
214.0	26.37159968576746	23.629104240168267	23.7803075311628	26.21898854290147	0.0
215.0	26.280089314122723	23.593344802633247	23.866468065696	26.26009781754803	0.0
216.0	26.193928779589527	23.7738314125541	23.7406061083877	26.291633699468676	0.0
217.0	26.249827537174536	23.688085845659145	23.808598644512585	26.253487972653733	0.0
218.0	26.229272784099066	23.716806185572818	23.685270126059766	26.36865090426835	0.0
219.0	26.168808496739388	23.6946287181682	23.823025893430344	26.313536891662064	0.0
220.0	26.31578947368421	23.68055008052981	23.821899602419272	26.181760843366707	0.0
221.0	26.37125930597948	23.647887641208737	23.698289163954183	26.282563888857602	0.0
222.0	26.188518589433134	23.78107155326793	23.845551713651776	26.184858143647155	0.0
223.0	26.200907790554922	23.85399889623481	23.74587495917195	26.19921835403832	0.0
224.0	26.330994402333673	23.74840911394686	23.605933301046324	26.314663182673137	0.0
225.0	26.410961064119746	23.641693040647844	23.654363814522398	26.292982080710015	0.0
226.0	26.275806142791176	23.716872965636863	23.7655850518657	26.241735839706266	0.0
227.0	26.253561895322512	23.784731999053914	23.58678635385811	26.374919751765464	0.0
228.0	26.294108371721087	23.70420219176231	23.69772601844865	26.303963418067962	0.0
229.0	26.204849809093673	23.80810253753365	23.754322141754987	26.232725511617694	0.0
230.0	26.308335163566532	23.82203375513169	23.723764311015753	26.145866770286023	0.0
231.0	26.248922978155463	23.757834805967125	23.709685594093695	26.283556621783717	0.0
232.0	26.246107234771053	23.76515573876659	23.79528419297979	26.193452833482567	0.0
233.0	26.2587780800009	23.781487050396173	23.776700286642676	26.183034582960246	0.0
234.0	26.325229623872996	23.844278127868538	23.63253422536084	26.197958022897627	0.0
235.0	26.244210111362964	23.783243463937264	23.672302862211207	26.30024356248856	0.0
236.0	26.18902138563122	23.818440355347818	23.775077785130016	26.217460473890945	0.0
237.0	26.193245012600485	23.715947007560292	23.744949246082587	26.345858733756632	0.0
238.0	26.25533939849582	23.741422469258865	23.721993675786937	26.281244456458385	0.0
239.0	26.38570941845961	23.632733856502874	23.7642301833346	26.217326541702917	0.0
240.0	26.27721194270251	23.596777509017848	23.864285935533285	26.261724612746356	0.0
241.0	26.197415514236074	23.7711865599982	23.734015921423524	26.297382004342207	0.0
242.0	26.242347096825064	23.68105346753254	23.814820864334514	26.261778571307882	0.0
243.0	26.224365076235912	23.70241240051594	23.691429022028714	26.381793501219438	0.0
244.0	26.160843789165366	23.685804007716897	23.827749848619266	26.32560235449847	0.0
245.0	26.31736080011942	23.675175399313332	23.81149537948497	26.195968421082277	0.0
246.0	26.375310185928473	23.645674015362125	23.687079083680487	26.291936715028914	0.0
247.0	26.199872118799945	23.776326204097266	23.83716836095173	26.18663331615106	0.0
248.0	26.23223269465868	23.84185056027222	23.731711576705745	26.19420516836335	0.0
249.0	26.344906846644843	23.74128887962457	23.608615065660864	26.305189208069724	0.0
