# Position (bp)	A	C	G	T	N
0.0	26.31112296997946	23.805195851990206	23.762392749043183	26.12128842898715	0.0
1.0	26.31418033447568	23.789075202828343	23.625923115621188	26.270821347074797	0.0
2.0	26.283636929610505	23.840321513738264	23.624644939660588	26.251396616990647	0.0
3.0	26.21541625557578	23.726359379125384	23.79667329044092	26.261551074857913	0.0
4.0	26.309148966326045	23.67070279824252	23.736566685101142	26.283581550330293	0.0
5.0	26.19786021953592	23.676253994720025	23.74128108934278	26.384604696401276	0.0
6.0	26.151122917975023	23.754953232592133	23.81525345545286	26.27867039397998	0.0
7.0	26.353696319657665	23.790933214776942	23.67978659849674	26.175583867068646	0.0
8.0	26.246398275062035	23.740125647060133	23.773468520159934	26.240007557717902	0.0
9.0	26.2853141879126	23.62049612127409	23.774978328035743	26.319211362777565	0.0
10.0	26.297700909911786	23.74466902826978	23.730499409599222	26.22713065221921	0.0
11.0	26.191845523372926	23.84774605820657	23.65770646662499	26.302701951795516	0.0
12.0	26.121553101340556	23.801347502952	23.687157046606934	26.389942349100508	0.0
13.0	26.2982565812322	23.749947905813713	23.80551503785511	26.146280475098976	0.0
14.0	26.209071334305754	23.83607696047788	23.662985344168924	26.29186636104744	0.0
15.0	26.229909008821284	23.855525456692366	23.727443217336948	26.18712231714941	0.0
16.0	26.242133777870393	23.740779329026882	23.838299645759534	26.178787247343195	0.0
17.0	26.282419948600406	23.82190734180732	23.714662776967423	26.181009932624853	0.0
18.0	26.22713065221921	23.85524762103216	23.696881294714174	26.22074043203445	0.0
19.0	26.170174341876777	23.726331874696115	23.78967840522331	26.313815378203792	0.0
20.0	26.226852816559003	23.74716954921164	23.84663471556574	26.17934291866361	0.0
21.0	26.292422032367856	23.682156004723208	23.68937973188859	26.33604223102035	0.0
22.0	26.189345002431065	23.671876085295548	23.857192470653608	26.28158644161978	0.0
23.0	26.212054700132803	23.728766468663004	23.801837044281324	26.257341786922865	0.0
24.0	26.332561880603567	23.741480911407034	23.6973052869054	26.228651921083994	0.0
25.0	26.316725335970904	23.80593842640313	23.758150958388786	26.11918527923718	0.0
26.0	26.312835658341832	23.789824047654108	23.62340141195298	26.273938882051084	0.0
27.0	26.276717223214707	23.83372183803938	23.637293117771105	26.252267820974808	0.0
28.0	26.20336901649501	23.720365518563487	23.802882251123144	26.273383213818356	0.0
29.0	26.29699911370917	23.665354363523715	23.751760773712448	26.28588574905467	0.0
30.0	26.199757172982295	23.675356391712764	23.740369574941585	26.384516860363348	0.0
31.0	26.153358875549763	23.74092524317431	23.811772942846744	26.293942938429183	0.0
32.0	26.33617372411628	23.782600360628685	23.700917130418112	26.180308784836924	0.0
33.0	26.24587763629847	23.7462040913852	23.766485981879658	26.241432290436673	0.0
34.0	26.285607914938307	23.62423491430207	23.769542157159645	26.32061501359998	0.0
35.0	26.29172026549828	23.75203860782881	23.733423722032523	26.222817404640388	0.0
36.0	26.195867495353227	23.85483723088293	23.643127634214718	26.306167639549134	0.0
37.0	26.119463113353543	23.803160085239508	23.68924809753089	26.388128703876063	0.0
38.0	26.302000127803694	23.756483953690612	23.799548241726797	26.141967676778904	0.0
39.0	26.198923670633214	23.845113036810243	23.666465699989164	26.28949759256738	0.0
40.0	26.221428234058575	23.854559396766568	23.733701556148887	26.190310813025974	0.0
41.0	26.24532196806575	23.74009174082522	23.836500179203004	26.178086111906023	0.0
42.0	26.284218744356497	23.81677395694127	23.714253168003513	26.184754130698725	0.0
43.0	26.23365293517852	23.853448060301115	23.692582106927237	26.220316897593122	0.0
44.0	26.174752102509675	23.7173093432835	23.79676990056317	26.31116865364366	0.0
45.0	26.230596759898532	23.743147916105208	23.845113036810243	26.18114228718601	0.0
46.0	26.293387270196455	23.685358419901814	23.688970263414525	26.332284046487203	0.0
47.0	26.190588647142338	23.672578050549138	23.860949581442902	26.27588372086562	0.0
48.0	26.2044075481763	23.731968615945412	23.79114711831255	26.272476717565734	0.0
49.0	26.331582062017787	23.742738151135363	23.69189479036143	26.233784996485415	0.0
50.0	26.312967279657933	23.813863289704358	23.760241603205078	26.11292782743263	0.0
51.0	26.305743632772018	23.786913530168448	23.631882954693843	26.275459882365688	0.0
52.0	26.27018106348752	23.831366741774072	23.644107587885387	26.25434460685302	0.0
53.0	26.20627957180444	23.70689774927833	23.807750973108586	26.279071705808644	0.0
54.0	26.280738701243855	23.66577852854313	23.75829677519733	26.295185995015686	0.0
55.0	26.19766676205585	23.667167691405805	23.753851454036766	26.38131409250158	0.0
56.0	26.147934731572057	23.733569676241704	23.81553028513957	26.302965307046666	0.0
57.0	26.337138713468487	23.78524653473324	23.69884060467481	26.178774147123463	0.0
58.0	26.25239977884527	23.73023568537128	23.779134218137465	26.23823031764598	0.0
59.0	26.28990717613752	23.626604135815672	23.764409091793105	26.319079596253708	0.0
60.0	26.30157614418399	23.746349974578322	23.732736178524096	26.21933770271359	0.0
61.0	26.19988942263613	23.845258370400828	23.636883940999475	26.317968265963565	0.0
62.0	26.136821428670654	23.78858052560366	23.68244848289524	26.392149562830447	0.0
63.0	26.305743632772018	23.748572635158602	23.801360823940275	26.1443229081291	0.0
64.0	26.216003711843168	23.82969974633886	23.663278035390313	26.291018506427655	0.0
65.0	26.226561349599503	23.83664556065224	23.74107115570015	26.195721934048105	0.0
66.0	26.245731797104426	23.74218248599029	23.832478072064212	26.17960764484107	0.0
67.0	26.279905203526248	23.81719728057478	23.71940021504241	26.183497300856555	0.0
68.0	26.233229331340347	23.866651478486034	23.69550661380439	26.20461257636923	0.0
69.0	26.177940649405855	23.719122382469877	23.79552633991704	26.30741062820723	0.0
70.0	26.237396819928378	23.732736178524096	23.858316501309982	26.171550500237544	0.0
71.0	26.296297325305822	23.691061292643827	23.68800513434594	26.324636247704408	0.0
72.0	26.194054938612894	23.6718908451389	23.85887216645505	26.275182049793155	0.0
73.0	26.214819548245494	23.725446614619507	23.792126246770206	26.267607590364793	0.0
74.0	26.331713578435867	23.747051518207655	23.68787350908924	26.233361394267234	0.0
75.0	26.31948901317197	23.813175303044197	23.741217066604435	26.126118617179404	0.0
76.0	26.31948901317197	23.7809469037121	23.61869358293673	26.280870500179198	0.0
77.0	26.26725677977168	23.835401785342192	23.643698375521975	26.25364305936416	0.0
78.0	26.202522150078767	23.711489146530862	23.809841330699495	26.27614737269088	0.0
79.0	26.27698086577705	23.660923899302922	23.766499690218403	26.295595544701623	0.0
80.0	26.201410825963865	23.670647985308296	23.75233030775343	26.37561088097441	0.0
81.0	26.14890076153485	23.735382615001207	23.823177220078293	26.29253940338565	0.0
82.0	26.333380564608216	23.781224734740825	23.707043850071262	26.178350850579697	0.0
83.0	26.24197415615771	23.735382615001207	23.7853922001717	26.237251028669384	0.0
84.0	26.2797591760643	23.632585134372977	23.773167634907804	26.314488054654923	0.0
85.0	26.293372896471823	23.74482886997786	23.742328390719333	26.21946984283099	0.0
86.0	26.19752119156172	23.84429237826139	23.641475727292175	26.31671070288472	0.0
87.0	26.139732337586924	23.7887261725164	23.681761226457294	26.389780263439384	0.0
88.0	26.314210223626194	23.75344163186833	23.7898374966313	26.142510647874172	0.0
89.0	26.21585803945756	23.830678657853866	23.669258830164672	26.284204472523896	0.0
90.0	26.21974767385971	23.833456968141114	23.74260622174806	26.204189136251117	0.0
91.0	26.249197762904558	23.746495856150208	23.829011671681517	26.175294709263717	0.0
92.0	26.285037965610076	23.814286627159095	23.71926841533516	26.181406991895667	0.0
93.0	26.228082604721457	23.871797650105158	23.695374946864817	26.204744798308568	0.0
94.0	26.185574457326545	23.713989625789385	23.80233989292392	26.29809602396015	0.0
95.0	26.241140663071533	23.73038165648416	23.852627309123136	26.175850371321168	0.0
96.0	26.30004084116122	23.68898483320414	23.688707002175416	26.32226732345922	0.0
97.0	26.19779902259044	23.669258830164672	23.849293336778437	26.28364881046645	0.0
98.0	26.214673882844536	23.719202516030805	23.78949357100786	26.2766300301168	0.0
99.0	26.342124784334864	23.73302809133922	23.688575373750115	26.236271750575803	0.0
100.0	26.312674858932077	23.81248732402975	23.75414313219405	26.120694684844125	0.0
101.0	26.315730983266327	23.789149647295467	23.61717319612261	26.27794617331559	0.0
102.0	26.265721675978586	23.83137972900512	23.64440048564594	26.258498109370354	0.0
103.0	26.202654382899038	23.705245142846028	23.81859957269825	26.27350090155668	0.0
104.0	26.272945242586815	23.668293821350083	23.771368560259827	26.287392375803275	0.0
105.0	26.200709576504515	23.6657933559857	23.765811970561188	26.367685096948602	0.0
106.0	26.156812517885275	23.73136111442963	23.81804391372839	26.29378245395671	0.0
107.0	26.342124784334864	23.776925149958466	23.709968244089872	26.170981821616802	0.0
108.0	26.244884464608692	23.74275212331184	23.779981274292716	26.232382137786754	0.0
109.0	26.28211361558957	23.631064670369206	23.76720111798585	26.319620596055376	0.0
110.0	26.294338112926575	23.74580824764609	23.741918634857043	26.217935004570297	0.0
111.0	26.21265624435659	23.827490116216072	23.6457896330706	26.31406400635674	0.0
112.0	26.145977167972926	23.787760499870807	23.68635273787066	26.379909594285607	0.0
113.0	26.31156354099235	23.752476155284455	23.788316158840672	26.14764414488252	0.0
114.0	26.209322290537408	23.841937249432533	23.668571650835016	26.280168809195043	0.0
115.0	26.233215626241552	23.83526934179417	23.735250727218677	26.196264304745604	0.0
116.0	26.25599764400597	23.733861579794016	23.836658489218827	26.173482286981187	0.0
117.0	26.288781523227932	23.817488254758523	23.720247935032354	26.173482286981187	0.0
118.0	26.228214695512776	23.85749570058872	23.697465917267934	26.21682368663057	0.0
119.0	26.17626058183051	23.71691398121317	23.804152439481793	26.30267299747453	0.0
120.0	26.23905004542512	23.727749331125516	23.85721787110379	26.17598275234558	0.0
121.0	26.30461780386905	23.68107397765695	23.691353668599433	26.32295454987456	0.0
122.0	26.194875157320947	23.664959867530904	23.863885778742155	26.276279196405998	0.0
123.0	26.213006901303583	23.718091195003502	23.79227187357612	26.2766300301168	0.0
124.0	26.333380564608216	23.739827911460807	23.69620843995099	26.230583083979987	0.0
125.0	26.313098899511296	23.811230485843122	23.757053435241755	26.11861717940383	0.0
126.0	26.318655520085795	23.78817051045895	23.615637441620756	26.2775365278345	0.0
127.0	26.27614737269088	23.825399868308093	23.642587051407073	26.255865707593955	0.0
128.0	26.203911305222388	23.70843300521489	23.81845409258997	26.269201596972753	0.0
129.0	26.284833162003725	23.666268441085766	23.762953907704276	26.285944489206237	0.0
130.0	26.21176339843859	23.660989636873836	23.759619926096743	26.367627038590836	0.0
131.0	26.161198010724306	23.727113605423277	23.814908454421694	26.296779929430723	0.0
132.0	26.34845664434751	23.774622843330647	23.70766537937932	26.169255132942514	0.0
133.0	26.243436223710166	23.73878254104965	23.785458283555137	26.23232295168505	0.0
134.0	26.28233267579807	23.635151279415442	23.771011029922484	26.311505014864	0.0
135.0	26.303170060845165	23.735726391242743	23.733781568638346	26.22732197927375	0.0
136.0	26.205373267024147	23.832411857861253	23.652099019253743	26.31011585586086	0.0
137.0	26.151196065901704	23.787125274358903	23.682104853721555	26.379573806017838	0.0
138.0	26.312616342066512	23.743505681660324	23.79962770538716	26.144250270886005	0.0
139.0	26.20426193982163	23.842691634484485	23.675159058705862	26.277887366988022	0.0
140.0	26.23232295168505	23.834634512266273	23.735170727641485	26.197871808407193	0.0
141.0	26.25593865473842	23.72766926902453	23.83907982107632	26.17731225516073	0.0
142.0	26.288444975411885	23.81018531381102	23.728780596227043	26.17258911455005	0.0
143.0	26.22648848387186	23.867418664740367	23.700441752563	26.205651098824774	0.0
144.0	26.181479732170143	23.70683188397744	23.811852304614785	26.299836079237632	0.0
145.0	26.24232489650765	23.73600422304337	23.85741671991776	26.164254160531215	0.0
146.0	26.311227183063373	23.678770872114022	23.69099547134165	26.319006473480954	0.0
147.0	26.198222427200918	23.66688985883327	23.86581798076843	26.26906973319738	0.0
148.0	26.218854882087527	23.720299615478652	23.79114711831255	26.26969838412127	0.0
149.0	26.339229899396265	23.738146902010683	23.69369344339269	26.228929755200358	0.0
150.0	26.317836672436357	23.798714739377708	23.751482939596087	26.131965648589855	0.0
151.0	26.317003170087265	23.781489024163232	23.625624084883878	26.27588372086562	0.0
152.0	26.280884734960146	23.81510695224309	23.65257399417104	26.251434318625723	0.0
153.0	26.20975920117135	23.70286196923265	23.82371980985033	26.26365901974567	0.0
154.0	26.269566522007302	23.66625361879942	23.774053555453065	26.290126303740212	0.0
155.0	26.2137217094625	23.657640737262657	23.764607169251455	26.364030384023383	0.0
156.0	26.162044420241937	23.73182265243411	23.821563321349387	26.28456960597456	0.0
157.0	26.357362346704598	23.772942215899935	23.697648961175354	26.17204647622011	0.0
158.0	26.24678406116813	23.736268010646633	23.786556125425783	26.230391802759456	0.0
159.0	26.291237643293343	23.6315242577641	23.769608197240544	26.30762990170202	0.0
160.0	26.31957680189817	23.73460100131694	23.732378322210675	26.213443874574217	0.0
161.0	26.212610369909374	23.82906486333302	23.65569589304468	26.30262887371293	0.0
162.0	26.144262987391855	23.790167978973457	23.695426282069093	26.370142751565602	0.0
163.0	26.319021132121602	23.738768524641177	23.80878291648839	26.133427426748835	0.0
164.0	26.214277379239064	23.833510221545538	23.67486650033618	26.27734589887921	0.0
165.0	26.233170151642284	23.832954551768974	23.737379350199763	26.196495946388982	0.0
166.0	26.25706395203459	23.733211826875525	23.833232386657258	26.176491834432635	0.0
167.0	26.29596083639415	23.80267054894617	23.73265615709896	26.168712457560723	0.0
168.0	26.224001600328954	23.86157154526208	23.708484521818374	26.20594233259059	0.0
169.0	26.18510471596939	23.703761328717572	23.817673632913433	26.293460322399604	0.0
170.0	26.253452098486914	23.72987780821613	23.8612937103738	26.15537638292316	0.0
171.0	26.306796397037168	23.675977839889313	23.696815456510507	26.320410306563012	0.0
172.0	26.199347086198514	23.662707508508717	23.859970827255676	26.27797457803709	0.0
173.0	26.214423044865026	23.726397795090072	23.791133683777687	26.26804547626721	0.0
174.0	26.339522620115968	23.7311869483195	23.69673513501499	26.232555296549542	0.0
175.0	26.31924050421896	23.802868946969213	23.755636622277542	26.122253926534288	0.0
176.0	26.305494816918156	23.781329791815427	23.63296390041148	26.28021149085494	0.0
177.0	26.26854226344114	23.81939370028423	23.65713587148291	26.254928164791718	0.0
178.0	26.209084771380386	23.695755457447607	23.828284540218547	26.266875230953456	0.0
179.0	26.27111580351189	23.66303623027339	23.780006668148477	26.285841298066238	0.0
180.0	26.214436541453658	23.657201600355634	23.76778172927317	26.360580128917537	0.0
181.0	26.1710935763503	23.73138475216715	23.814736608135142	26.282785063347408	0.0
182.0	26.358913091798176	23.769170926872636	23.69637697266059	26.17553900866859	0.0
183.0	26.247777283840858	23.738330740164482	23.787230495665703	26.22666148032896	0.0
184.0	26.287508335185596	23.631918204045345	23.76750388975328	26.31306957101578	0.0
185.0	26.30862413869749	23.734996665925763	23.737219382084906	26.219159813291842	0.0
186.0	26.207768392976217	23.83196265836853	23.66109135363414	26.299177595021117	0.0
187.0	26.15414536563681	23.784452100466773	23.689986663703046	26.371415870193378	0.0
188.0	26.307790620137812	23.740275616803736	23.806401422538343	26.145532340520116	0.0
189.0	26.207636183797423	23.83376213470846	23.67928250323685	26.27931917825727	0.0
190.0	26.240699270389367	23.825149061730727	23.730960941103252	26.203190726776654	0.0
191.0	26.254591323579255	23.72345923238071	23.833484293644663	26.188465150395366	0.0
192.0	26.293766913574757	23.796531432159547	23.73123878216705	26.178462872098645	0.0
193.0	26.22819642251846	23.854600214493303	23.70012058302169	26.21708277996655	0.0
194.0	26.194577653798923	23.702898993659666	23.810145644285644	26.29237770825577	0.0
195.0	26.249312343367098	23.72623764301869	23.864602492790024	26.159847520824187	0.0
196.0	26.308214648892246	23.664001244727967	23.69984274195789	26.327941364421896	0.0
197.0	26.195483958801614	23.656287421822253	23.857444910910015	26.29078370846612	0.0
198.0	26.20694828793385	23.733037708798722	23.797497193789663	26.262516809477766	0.0
199.0	26.33705180389814	23.748940722114945	23.69587263659475	26.21813483739216	0.0
200.0	26.316008824330257	23.81596714770751	23.750951616219428	26.117072411742804	0.0
201.0	26.31108073339946	23.782691928327125	23.629321530480976	26.27690580779244	0.0
202.0	26.27968425702878	23.81964530317049	23.64932636498265	26.251344074818086	0.0
203.0	26.22606018676736	23.696282157076848	23.8229794422541	26.254678213901695	0.0
204.0	26.283369268043298	23.655504678921513	23.78164662473049	26.279479428304697	0.0
205.0	26.22279890639934	23.653837604747828	23.76553157438485	26.357831914467983	0.0
206.0	26.18251128053524	23.73885838760586	23.807764120118254	26.270866211740646	0.0
207.0	26.36644513103203	23.76914356842784	23.69440307630754	26.17000822423259	0.0
208.0	26.257748486422955	23.73238790916593	23.791291687621037	26.21857191679008	0.0
209.0	26.288033919685255	23.634863257101102	23.76434043049771	26.31276239271594	0.0
210.0	26.304149104356934	23.747113853779705	23.74044550150177	26.20829154036159	0.0
211.0	26.207180148315267	23.833802433392886	23.66292590627075	26.296091512021096	0.0
212.0	26.161335226404454	23.791013839609455	23.68932146737092	26.35832946661517	0.0
213.0	26.306649736461164	23.74961448588393	23.806573328257976	26.137162449396932	0.0
214.0	26.214754881803128	23.84081487491248	23.677717638952174	26.26671260433222	0.0
215.0	26.24309545772809	23.82358825033064	23.742456405525854	26.190859886415417	0.0
216.0	26.246985340698174	23.72495193216044	23.852762372606332	26.175300354535047	0.0
217.0	26.282272136212587	23.801360347644398	23.729397512697687	26.186970003445325	0.0
218.0	26.217533369638907	23.85554086044211	23.709392400280073	26.217533369638907	0.0
219.0	26.178078842370827	23.706336063660714	23.81803127465908	26.29755381930938	0.0
220.0	26.23948342354157	23.730231059048425	23.867766206919548	26.162519310490456	0.0
221.0	26.301165853495895	23.671327116929884	23.699389844071263	26.328117185502965	0.0
222.0	26.189821259380896	23.65305481693882	23.871444567624415	26.28567935605587	0.0
223.0	26.204620095247094	23.730640778425478	23.802881863597715	26.261857262729716	0.0
224.0	26.340562092774483	23.730428863172225	23.70347730651144	26.22553173754185	0.0
225.0	26.305903796567975	23.812461100737973	23.75355650395661	26.128078598737442	0.0
226.0	26.310978235802423	23.771405073033566	23.630533782713677	26.287082908450333	0.0
227.0	26.281248002934127	23.811971559003396	23.653317699491254	26.253462738571226	0.0
228.0	26.216508336968573	23.69166136431205	23.82836486497751	26.263465433741867	0.0
229.0	26.274944567627497	23.660037010486302	23.7836831546716	26.2813352672146	0.0
230.0	26.2227075449155	23.653924167402987	23.770346042489816	26.353022245191692	0.0
231.0	26.16631563738212	23.74504715277276	23.81395633158652	26.2746808782586	0.0
232.0	26.355260159935984	23.773944550339824	23.696699583766332	26.174095705957868	0.0
233.0	26.251969335330223	23.732887274828908	23.804297388390438	26.210846001450435	0.0
234.0	26.29503769175838	23.62952321940132	23.757616847229592	26.3178222416107	0.0
235.0	26.31337647578586	23.739555923566172	23.725385044999488	26.221682555648485	0.0
236.0	26.211401722178536	23.82735979860681	23.663422183815747	26.297816295398913	0.0
237.0	26.15193960427127	23.785958604362964	23.69787686895827	26.36422492240749	0.0
238.0	26.30281778195186	23.7476138741237	23.804575248754492	26.144993095169955	0.0
239.0	26.211196692341037	23.834372533982418	23.67710313093928	26.277327642737262	0.0
240.0	26.24987495692961	23.816258933632696	23.734564127643967	26.199301981793727	0.0
241.0	26.25513740027399	23.72332650662339	23.839760351913654	26.18177574118896	0.0
242.0	26.285966774675835	23.801570671898535	23.730151231360082	26.182311322065548	0.0
243.0	26.21746682415063	23.85687486972834	23.710414784964915	26.21524352115612	0.0
244.0	26.179253148936642	23.705406276750676	23.821580638347545	26.293759935965138	0.0
245.0	26.245250662197357	23.71625433937302	23.88440938666489	26.15408561176474	0.0
246.0	26.29590818501975	23.673933406899465	23.69617002115258	26.33398838692821	0.0
247.0	26.192137383148996	23.649837527414643	23.869154670009703	26.28887041942666	0.0
248.0	26.20690997134049	23.733185819798134	23.80490408377138	26.255000125089996	0.0
249.0	26.335964863512533	23.732695835881472	23.70739978873631	26.22393951186968	0.0
