# Position (bp)	A	C	G	T	N
0.0	26.11878199794085	23.78517129035443	23.904489231767347	26.191557479937376	0.0
1.0	26.129782942893815	23.89320621130277	23.794479782237705	26.18253106356572	0.0
2.0	26.18553327842403	23.76228407667746	23.947602983154876	26.10457966174363	0.0
3.0	26.19882381147136	23.889601872875737	23.764085351234716	26.14748896441818	0.0
4.0	26.028904081770797	23.993095512082853	23.79030438412419	26.187696022022156	0.0
5.0	26.234372047505026	23.85996677694015	23.826687311216592	26.078973864338234	0.0
6.0	26.26930073184145	23.829265197343375	23.71843140572782	26.183002665087358	0.0
7.0	26.205778260317818	23.963565093554802	23.83976537273868	25.9908912733887	0.0
8.0	26.353220516782894	23.7986334552489	23.754924326808926	26.09322170115928	0.0
9.0	26.14345172969986	23.91266341067259	23.70258411631343	26.24130074331412	0.0
10.0	26.12494994896204	23.854183702818084	23.765924689401587	26.254941658818286	0.0
11.0	26.08885680609523	23.89478848854325	23.84995403763838	26.166400667723146	0.0
12.0	26.182755373084664	23.861515122462905	23.8668726983572	26.08885680609523	0.0
13.0	26.016952498040258	23.876741917109843	23.82570395727474	26.280601627575162	0.0
14.0	26.174578020403906	23.81837253762992	23.850517992995673	26.156531448970497	0.0
15.0	26.057557283765416	23.8668726983572	23.91396297069124	26.16160704718615	0.0
16.0	26.165272757008555	23.84262261799356	23.859541278712378	26.132563346285508	0.0
17.0	26.14440640878868	23.828805711739857	23.958797421596106	26.067990457875357	0.0
18.0	26.264528899892287	23.823448135845567	23.760567113507296	26.151455850754857	0.0
19.0	26.195162390945132	23.685279073308557	23.858695345676438	26.260863190069873	0.0
20.0	26.15371167218403	23.864052921570728	23.800043988517867	26.182191417727374	0.0
21.0	26.110005131993752	23.90211990818807	23.766488644758883	26.2213863150593	0.0
22.0	26.246690296329504	23.678726817975463	23.855244347068428	26.2193385386266	0.0
23.0	26.071300674770683	23.76839546693962	23.917843215213217	26.24246064307648	0.0
24.0	26.10280848184074	23.841642228739	23.837412587412587	26.218136702007673	0.0
25.0	26.128186329799234	23.78411910669975	23.902831039927815	26.1848635235732	0.0
26.0	26.14679675163546	23.893807805098128	23.80160162418227	26.15779381908414	0.0
27.0	26.1950146627566	23.746616286938867	23.929618768328446	26.12875028197609	0.0
28.0	26.196706519287165	23.88393864200316	23.778761561019625	26.14059327769005	0.0
29.0	26.01821565531243	23.98347620121814	23.81372659598466	26.184581547484775	0.0
30.0	26.22687796074893	23.839668396120008	23.848691630949695	26.08476201218137	0.0
31.0	26.253101736972706	23.820775998195355	23.73618317166704	26.1899390931649	0.0
32.0	26.203191969321	23.942025716219266	23.845307917888565	26.009474396571168	0.0
33.0	26.34587187006542	23.788630724114597	23.766636589217235	26.098860816602752	0.0
34.0	26.15046244078502	23.901421159485675	23.702064064967292	26.24605233476201	0.0
35.0	26.114651477554702	23.86814798105121	23.766636589217235	26.250563952176854	0.0
36.0	26.092939318745774	23.902549063839388	23.853203248364537	26.1513083690503	0.0
37.0	26.18345364313106	23.860816602752084	23.87265959846605	26.083070155650802	0.0
38.0	26.00862846830589	23.879145048499886	23.826979472140764	26.285247011053464	0.0
39.0	26.181761786600493	23.83008120911347	23.84812767877284	26.140029325513197	0.0
40.0	26.06361380554929	23.867302052785924	23.915519963907062	26.153564177757726	0.0
41.0	26.15892172343785	23.846153846153847	23.864764267990076	26.130160162418225	0.0
42.0	26.152436273404017	23.837694563501017	23.945691405368823	26.064177757726142	0.0
43.0	26.272276110985786	23.836566659147305	23.74915407173472	26.142003158132187	0.0
44.0	26.203191969321	23.6950146627566	23.85545905707196	26.24633431085044	0.0
45.0	26.154974058199866	23.850947439657116	23.802165576359123	26.191912925783896	0.0
46.0	26.124520640649674	23.903676968193096	23.760433115271827	26.211369275885403	0.0
47.0	26.240056846219133	23.69776760160275	23.841575001198397	26.22060055097972	0.0
48.0	26.062412411424514	23.777002659027016	23.922219935089288	26.238364994459186	0.0
49.0	26.086588728915356	23.82825497262028	23.862091912407443	26.223064386056926	0.0
50.0	26.133960444617387	23.787650644875676	23.90720783212366	26.17118107838327	0.0
51.0	26.14016388357837	23.891417260222987	23.803441216776356	26.164977639422293	0.0
52.0	26.174000823365535	23.766220583010472	23.94471044038777	26.11506815323622	0.0
53.0	26.181050185821192	23.882958025276192	23.786240772384545	26.149751016518064	0.0
54.0	26.012147461383595	23.974317762701542	23.824307329645105	26.189227446269758	0.0
55.0	26.198814579209458	23.83558630957416	23.856170447944688	26.109428663271693	0.0
56.0	26.22334636055515	23.83502236057771	23.73069179623395	26.21093948263319	0.0
57.0	26.20022445170059	23.931175664472907	23.84122579953869	26.027374084287818	0.0
58.0	26.359540043198493	23.776371664946623	23.777217588441303	26.086870703413584	0.0
59.0	26.152852735998554	23.895928852194608	23.692625238973385	26.25859317283345	0.0
60.0	26.113094331748638	23.847711212997897	23.774397843459038	26.264796611794427	0.0
61.0	26.08264108594019	23.889443438735398	23.8733708923365	26.154544582987917	0.0
62.0	26.16977120589214	23.857298345937593	23.88239407627974	26.090536371890526	0.0
63.0	26.01778695134812	23.87619063731876	23.814720196705412	26.29130221462771	0.0
64.0	26.186407701287497	23.818385865182353	23.844045544520952	26.1511608890092	0.0
65.0	26.074181850993394	23.850812932478387	23.915103118074	26.159902098454218	0.0
66.0	26.177102542846026	23.84122579953869	23.857298345937593	26.12437331167769	0.0
67.0	26.161875919941803	23.830510768606086	23.949785981355845	26.057827330096266	0.0
68.0	26.264796611794427	23.84178974853514	23.763682812526437	26.129730827143995	0.0
69.0	26.218270819587076	23.712363453849232	23.841507774036916	26.227857952526772	0.0
70.0	26.15736432797018	23.861809937909214	23.800903446292317	26.17992228782829	0.0
71.0	26.132550572126256	23.91200139859351	23.767348481003378	26.188099548276856	0.0
72.0	26.25090584052131	23.6922764582975	23.843978310582756	26.21283939059843	0.0
73.0	26.071852539032207	23.78560975403434	23.929134368928754	26.2134033380047	0.0
74.0	26.105615772436586	23.834605971058302	23.850114481000663	26.20966377550445	0.0
75.0	26.145937898286732	23.7703161480245	23.902561441896665	26.181184511792104	0.0
76.0	26.143118169206303	23.898049875367974	23.789490305771423	26.1693416496543	0.0
77.0	26.180338593067976	23.76665050021994	23.927939003620533	26.125071903091552	0.0
78.0	26.176390972355374	23.877465853080835	23.791746089035765	26.154397085528025	0.0
79.0	26.011718794058268	23.97192677727524	23.842501212483505	26.17385321618299	0.0
80.0	26.19077159066557	23.839117537586986	23.87380020527628	26.09631066647117	0.0
81.0	26.22094269182617	23.823045081828536	23.7500140986454	26.205998127699893	0.0
82.0	26.18062056597602	23.942037649022684	23.839963456311118	26.03737832869018	0.0
83.0	26.35290601279029	23.767214446036025	23.789772278679465	26.09010726249422	0.0
84.0	26.144528033746518	23.898049875367974	23.70461646045048	26.252805630435027	0.0
85.0	26.11379298676983	23.858291695333914	23.774827714553183	26.253087603343072	0.0
86.0	26.093208964482695	23.887898850678425	23.871544422011933	26.14734776282695	0.0
87.0	26.17385321618299	23.854908020437396	23.878593744713008	26.092645018666605	0.0
88.0	26.01679430640304	23.87210836782802	23.825864810908968	26.285232514859974	0.0
89.0	26.191335536481652	23.803025005357487	23.85970155987413	26.145937898286732	0.0
90.0	26.070087186023166	23.869006665839546	23.891564498482985	26.1693416496543	0.0
91.0	26.161728381137138	23.82896651289744	23.874364151092365	26.134940954873052	0.0
92.0	26.16652192057387	23.830376377437656	23.95106078208006	26.052040919908414	0.0
93.0	26.269442032009565	23.840527402127204	23.772007985472758	26.118022580390477	0.0
94.0	26.214457314941182	23.719279051668714	23.850114481000663	26.21614915238944	0.0
95.0	26.165676001849743	23.867032855483245	23.797667520104667	26.169623622562344	0.0
96.0	26.134658981965014	23.889590688126685	23.778775335265788	26.196974994642513	0.0
97.0	26.249065967375827	23.67691635297269	23.866683584993446	26.207334094658037	0.0
98.0	26.07396128522889	23.780682090541244	23.939432390136616	26.205924234093246	0.0
99.0	26.098983211427733	23.833625643599532	23.854773492440348	26.212617652532384	0.0
100.0	26.137895253294836	23.766798441262555	23.90975789942647	26.18554840601614	0.0
101.0	26.133383712208797	23.913987469194634	23.792175859871534	26.16045295872504	0.0
102.0	26.178499123069198	23.76538858467317	23.919626895552184	26.136485396705446	0.0
103.0	26.169194069579245	23.89255764903594	23.797251343593327	26.14099693779149	0.0
104.0	26.007624504435412	23.983916356028264	23.848288152129165	26.16017098740716	0.0
105.0	26.180754893612225	23.8327797296459	23.88212471027447	26.104340666467408	0.0
106.0	26.235457329280464	23.83616338546043	23.74790636296476	26.180472922294346	0.0
107.0	26.186958262605526	23.93146969090304	23.84772420949341	26.03384783699802	0.0
108.0	26.35924273782871	23.759185215679864	23.797815286229085	26.083756760262343	0.0
109.0	26.143816650970265	23.8905838498108	23.705610665283128	26.25998883393581	0.0
110.0	26.11674740445402	23.852799693215207	23.783998691653085	26.24645421067769	0.0
111.0	26.1094161501892	23.887482165314143	23.864078545930308	26.139023138566348	0.0
112.0	26.16242675795018	23.849416037400676	23.89594130485047	26.09221589979867	0.0
113.0	26.015519701335982	23.887200193996268	23.823474676155943	26.27380542851181	0.0
114.0	26.18921403314855	23.805992454447534	23.862950660658797	26.141842851745125	0.0
115.0	26.071350022275734	23.870281914923613	23.895095390896838	26.163272671903815	0.0
116.0	26.15227579050659	23.84434055367888	23.87197374283088	26.13140991298365	0.0
117.0	26.175961381208303	23.83418958623529	23.94415840020753	26.04569063234888	0.0
118.0	26.27295951455818	23.837291270731942	23.773001810255863	26.11674740445402	0.0
119.0	26.212899623850262	23.7109681203228	23.84546843895039	26.230663816876547	0.0
120.0	26.169758012215	23.87281965678451	23.791047974600023	26.166374356400468	0.0
121.0	26.13733131065908	23.893967505625326	23.76961815444133	26.199083029274263	0.0
122.0	26.273033596977257	23.67240479916536	23.852303007232585	26.202258596624795	0.0
123.0	26.087777918763834	23.767993345458134	23.934074919990415	26.210153815787617	0.0
124.0	26.105615772436586	23.82981243162157	23.86364918058673	26.200922615355115	0.0
125.0	26.147911708643036	23.7722899583808	23.90876484587361	26.17103348710256	0.0
126.0	26.14001646721783	23.909328791689692	23.786106630874908	26.164548110217574	0.0
127.0	26.177518863987547	23.778775335265788	23.9172240331149	26.126481767631766	0.0
128.0	26.180338593067976	23.885925040322125	23.789208332863378	26.144528033746518	0.0
129.0	26.007771173345667	23.96262167130982	23.8647770722189	26.16483008312561	0.0
130.0	26.182030430516235	23.845038968655892	23.879157690529095	26.093772910298778	0.0
131.0	26.235605283044407	23.848140670644362	23.7480402882891	26.16821375802213	0.0
132.0	26.191899482297742	23.922017572551628	23.853216182989136	26.032866762161493	0.0
133.0	26.35375193151442	23.769188256392326	23.7985134388288	26.078546373264455	0.0
134.0	26.153551166803897	23.880285582161264	23.710819864427428	26.255343386607414	0.0
135.0	26.11210114932157	23.852370264265012	23.77792941654166	26.25759916987176	0.0
136.0	26.107871555700928	23.881131500885395	23.871544422011933	26.139452521401747	0.0
137.0	26.166803893481916	23.852370264265012	23.895230146287545	26.08559569596553	0.0
138.0	26.02581743946042	23.88451517578191	23.81853351529985	26.271133869457824	0.0
139.0	26.185978051228837	23.82219916310441	23.860547478598257	26.131275307068496	0.0
140.0	26.070933104747297	23.88451517578191	23.88930871521864	26.15524300425215	0.0
141.0	26.161164435321055	23.822763108920494	23.868160747115414	26.147911708643036	0.0
142.0	26.178082809803634	23.82219916310441	23.957264186057003	26.042453841034952	0.0
143.0	26.27846516506694	23.842783185391546	23.761293014967123	26.11745863457439	0.0
144.0	26.211073640044663	23.71504945804807	23.840809375035246	26.233067526872016	0.0
145.0	26.168495730930175	23.873518232368234	23.797667520104667	26.160318516596924	0.0
146.0	26.142554223390217	23.90143355026449	23.76185696078321	26.194155265562085	0.0
147.0	26.26303070975601	23.675640009812685	23.840030678738902	26.221298601692407	0.0
148.0	26.083977408266907	23.770101200362053	23.940131343350917	26.205790048020123	0.0
149.0	26.117887898218484	23.832202615595445	23.858708218428724	26.191201267757343	0.0
150.0	26.1469312715358	23.76424676152289	23.9097456026077	26.17907636433361	0.0
151.0	26.12775700565641	23.91200139859351	23.800057522797637	26.16018407295244	0.0
152.0	26.188099548276856	23.782575103907604	23.918486812052716	26.110838535762827	0.0
153.0	26.187817573778627	23.877600509809895	23.788496568370356	26.14608534804112	0.0
154.0	26.002560328443895	23.968396298238787	23.851376881474838	26.177666491842476	0.0
155.0	26.18302400730878	23.850812932478387	23.888033566244268	26.078129493968564	0.0
156.0	26.24590432041326	23.83868802905465	23.752685807095606	26.162721843436483	0.0
157.0	26.193739038241382	23.931739613469357	23.845455417012083	26.029065931277174	0.0
158.0	26.354746476728646	23.757479373565456	23.798083701310055	26.089690448395846	0.0
159.0	26.16892528239746	23.870269172856005	23.708415810874065	26.252389733872466	0.0
160.0	26.118169872716713	23.83953395254933	23.787086695879225	26.25520947885473	0.0
161.0	26.119297770709615	23.87308891783827	23.86237388690567	26.145239424546446	0.0
162.0	26.159902098454218	23.850812932478387	23.902414265653814	26.086870703413584	0.0
163.0	26.027938033284272	23.89113528572476	23.824307329645105	26.25661935134587	0.0
164.0	26.206709865159795	23.818103890684124	23.85532452445001	26.119861719706073	0.0
165.0	26.067696437534188	23.878446433304575	23.890571336728307	26.163285792432934	0.0
166.0	26.15849222596308	23.82825497262028	23.87703656081344	26.1362162406032	0.0
167.0	26.17992228782829	23.833048539090125	23.95260572633811	26.034423446743478	0.0
168.0	26.280587183695108	23.83868802905465	23.76170899103885	26.119015796211393	0.0
169.0	26.208401712149154	23.703622244404215	23.851094906976613	26.236881136470018	0.0
170.0	26.191201267757343	23.86857732586665	23.778063511935983	26.162157894440025	0.0
171.0	26.15849222596308	23.88493184676378	23.759171220554812	26.197404706718324	0.0
172.0	26.247388203845578	23.662520689937146	23.860749321144482	26.22934178507279	0.0
173.0	26.09060994075699	23.777284634320342	23.92757746566246	26.20452795926021	0.0
174.0	26.110985788405145	23.833746898263026	23.862790435371082	26.192476877960747	0.0
175.0	26.158357771261	23.765508684863523	23.91326415519964	26.16286938867584	0.0
176.0	26.13861944507106	23.905932776900517	23.792014437175727	26.16343334085269	0.0
177.0	26.18965711707647	23.771148206632077	23.91326415519964	26.12593052109181	0.0
178.0	26.1899390931649	23.853485224452967	23.809778930746674	26.14679675163546	0.0
179.0	26.01821565531243	23.962891946762916	23.84784570268441	26.171046695240243	0.0
180.0	26.18852921272276	23.838540491766295	23.883374689826304	26.089555605684637	0.0
181.0	26.25028197608843	23.83459282652831	23.750563952176858	26.164561245206407	0.0
182.0	26.199244304083013	23.927644935709452	23.85433115271825	26.018779607489286	0.0
183.0	26.356023009248812	23.745770358673585	23.801883600270695	26.0963230318069	0.0
184.0	26.154974058199866	23.875479359350326	23.71700879765396	26.252537784795848	0.0
185.0	26.129596210241374	23.84220618091586	23.78327317843447	26.2449244304083	0.0
186.0	26.118599142792693	23.87124971802391	23.863072411459505	26.147078727723887	0.0
187.0	26.15920369952628	23.85912474622152	23.897473494247688	26.08419806000451	0.0
188.0	26.039093605838097	23.87518469642112	23.82019873898871	26.265522958752076	0.0
189.0	26.216740545235112	23.799614252360165	23.851780417103736	26.131864785300984	0.0
190.0	26.060242051004412	23.86023979517026	23.892949390360823	26.186568763464514	0.0
191.0	26.15526906461837	23.819352801182056	23.878286468378846	26.147091665820728	0.0
192.0	26.16936802806258	23.832605826819613	23.942013783146663	26.05601236197115	0.0
193.0	26.279339942927393	23.82076269752648	23.77395413889171	26.125943220654417	0.0
194.0	26.206589291555282	23.69246213018419	23.846422810994934	26.25452576726559	0.0
195.0	26.192208348842193	23.864187504934637	23.782413516958233	26.161190629264937	0.0
196.0	26.16485635976043	23.875466675690003	23.773108201085055	26.186568763464514	0.0
197.0	26.25657366024222	23.662639051419067	23.86284489686579	26.21794239147292	0.0
198.0	26.090205422476632	23.792349880863423	23.929956152100047	26.1874885445599	0.0
199.0	26.121578867226493	23.843737487099375	23.86093831950687	26.173745326167257	0.0
200.0	26.167259766407057	23.76788463599091	23.92410203195407	26.140753565647962	0.0
201.0	26.15119984208894	23.90406902969292	23.783943828779293	26.160787299438855	0.0
202.0	26.194209143102064	23.768286768106297	23.910689511262508	26.126814577529128	0.0
203.0	26.21197423779284	23.85795819845021	23.791127604137294	26.138939959619655	0.0
204.0	26.029320948489538	23.955874764188852	23.843080194119455	26.171724093202155	0.0
205.0	26.208530137469154	23.84659851956292	23.87056750088121	26.07430384208671	0.0
206.0	26.26458595349414	23.829880830856517	23.736823998511092	26.168709217138247	0.0
207.0	26.209597825290025	23.920681739993572	23.85385001494549	26.01587041977091	0.0
208.0	26.36723045947516	23.759101240193782	23.799143877142424	26.074524423188635	0.0
209.0	26.173221063554998	23.85554195735177	23.737669969714233	26.233567009379	0.0
210.0	26.132909214986267	23.85722100964982	23.771212967192866	26.238656808171047	0.0
211.0	26.129525292004352	23.877242553959473	23.851017150849646	26.142215003186525	0.0
212.0	26.156878669441486	23.85778499681347	23.901494001996515	26.08384233174853	0.0
213.0	26.03153834006362	23.87568524826855	23.824926117264873	26.26785029440296	0.0
214.0	26.198479482031267	23.800956527624248	23.870891330340424	26.12967266000406	0.0
215.0	26.050996006948363	23.887247050330497	23.895706905497775	26.166050037223364	0.0
216.0	26.16125611929524	23.822952151059173	23.87991517585219	26.1358765537934	0.0
217.0	26.16464006136215	23.83648791932682	23.94815800753491	26.050714011776115	0.0
218.0	26.25600649716877	23.844101788977373	23.758375256615608	26.14151645723825	0.0
219.0	26.176483858596338	23.70056624630586	23.85453561035035	26.268414284747443	0.0
220.0	26.181559771696712	23.864969431723328	23.79080470142351	26.16266609515645	0.0
221.0	26.15618020619487	23.870609335168183	23.776422947639137	26.196787510997808	0.0
222.0	26.246210679187286	23.64677185116253	23.871240641258833	26.235776828391355	0.0
223.0	26.097598804337096	23.76521015749475	23.93920166941613	26.19798936875203	0.0
224.0	26.12742941581221	23.829706834512088	23.868340608890843	26.174523140784856	0.0
225.0	26.158449234656473	23.75413127587335	23.93009824822623	26.157321241243952	0.0
226.0	26.129967400990378	23.9021804112664	23.79304704860524	26.174805139137984	0.0
227.0	26.198774999154008	23.779229129301886	23.890900477141212	26.131095394402898	0.0
228.0	26.20074898762591	23.877928552897252	23.785997089776995	26.135325369699842	0.0
229.0	26.01611343133744	23.955545654252123	23.85515395743505	26.173186956975393	0.0
230.0	26.189690616989413	23.841188463913777	23.888000586561535	26.081120332535274	0.0
231.0	26.265058881920318	23.843793710237783	23.73663312728421	26.154514280557684	0.0
232.0	26.215990614988943	23.924164147452963	23.84943374091955	26.01041149663854	0.0
233.0	26.382653521635156	23.746785182511392	23.789367414158733	26.081193881694713	0.0
234.0	26.167768352659838	23.860431800748998	23.724225059784327	26.247574786806837	0.0
235.0	26.146336236069125	23.843793710237783	23.760039254613545	26.24983079907955	0.0
236.0	26.12405811487615	23.880171908135182	23.85479177006723	26.140978206921446	0.0
237.0	26.16312188739051	23.85154227508841	23.897790787521924	26.087545049999157	0.0
238.0	26.03241926205006	23.869443097088585	23.81247814463458	26.285659496226778	0.0
239.0	26.203596124127195	23.803171989035658	23.857598899053592	26.13563298778356	0.0
240.0	26.059883076558627	23.870318197585387	23.896545597604	26.17325312825199	0.0
241.0	26.15024056766071	23.818736639046982	23.8790900732702	26.15193272002211	0.0
242.0	26.161964283699785	23.8354974448067	23.959872747989124	26.042665523504393	0.0
243.0	26.271717057761734	23.82840703971119	23.774537454873645	26.12533844765343	0.0
244.0	26.17764276829609	23.68429217330479	23.879473011736234	26.258592046662887	0.0
245.0	26.17548669521118	23.86654030360981	23.804487016760028	26.153485984418985	0.0
246.0	26.15444501172004	23.86036370200919	23.78899980537119	26.19619148089958	0.0
247.0	26.23163999582519	23.658771194927038	23.88866792475184	26.220920884495936	0.0
248.0	26.106763854646804	23.7699646264337	23.930753564154784	26.19251795476471	0.0
249.0	26.128987669922903	23.834199814385936	23.8767951390554	26.160017376635757	0.0
