# Position (bp)	A	C	G	T	N
0.0	25.734263003946655	24.24767934823279	24.299412069016004	25.71864557880455	0.0
1.0	25.758990593754984	24.273708390136296	24.21416695678203	25.753134059326694	0.0
2.0	25.685774988368422	24.22426330636109	24.352129310597263	25.737832394673227	0.0
3.0	25.751532345171324	24.41439038038598	24.17786916179743	25.656208112645263	0.0
4.0	25.769228266739542	24.426616696921784	24.129596012830774	25.674559023507904	0.0
5.0	25.693567905893378	24.219898762508297	24.24234537859959	25.844187952998738	0.0
6.0	25.68994457022406	24.265815702500845	24.243370546750985	25.80086918052411	0.0
7.0	25.708347292651272	24.310030217179882	24.17829762458488	25.803324865583967	0.0
8.0	25.74100274836968	24.356409881120815	24.183051178221206	25.7195361922883	0.0
9.0	25.760236771067095	24.274563372036294	24.167235827885648	25.797964029010963	0.0
10.0	25.686390571032724	24.30970671072402	24.229375760216993	25.774526958026268	0.0
11.0	25.69777349924222	24.303202180318593	24.32629326325786	25.672731057181323	0.0
12.0	25.788186471877662	24.282712909541495	24.168883627446515	25.760216991134328	0.0
13.0	25.75501336680998	24.180591782176286	24.334098699744374	25.73029615126936	0.0
14.0	25.742979985559945	24.284989495183396	24.158476378797832	25.813554140458827	0.0
15.0	25.772575598904634	24.21506579332505	24.267752489609013	25.7446061181613	0.0
16.0	25.753387234208624	24.275232699575255	24.253767749237344	25.717612316978776	0.0
17.0	25.798268494006077	24.23848210278459	24.195226975588497	25.768022427620842	0.0
18.0	25.676959001944855	24.14319073234508	24.42158463369737	25.758265632012694	0.0
19.0	25.767371974580293	24.294421064271265	24.17896564957493	25.75924131157351	0.0
20.0	25.8342846178113	24.21433658884021	24.17465908240888	25.77671971093961	0.0
21.0	25.749725997547802	24.222792450866564	24.280682583200804	25.74679896838483	0.0
22.0	25.67297278838555	24.198725766637722	24.353533086812433	25.774768358164295	0.0
23.0	25.73769265543338	24.292390699852675	24.213360912452558	25.75655573226139	0.0
24.0	25.78907827851658	24.2881627688395	24.24978616425837	25.67297278838555	0.0
25.0	25.750701673935456	24.230272636505255	24.277430328575285	25.741595360984004	0.0
26.0	25.777695387327267	24.257916800822173	24.20718162866407	25.757206183186494	0.0
27.0	25.739969233671246	24.19514828654965	24.31418080584365	25.750701673935456	0.0
28.0	25.77411790723919	24.372396163640445	24.173032955096122	25.68045297402424	0.0
29.0	25.802412522481212	24.42117998302323	24.102459029722358	25.673948464773204	0.0
30.0	25.693136767063766	24.201002344875587	24.22409335271677	25.881767535343876	0.0
31.0	25.718179127680262	24.268649241086383	24.24067985130692	25.772491779926433	0.0
32.0	25.752002575785664	24.27482852487487	24.18278971897268	25.79037918036679	0.0
33.0	25.771841329001333	24.33987361738525	24.15612123104342	25.732163822569998	0.0
34.0	25.797859366005483	24.263120408223003	24.15644645650597	25.782573769265543	0.0
35.0	25.72362430076753	24.278977494471185	24.239625341485624	25.757772863275658	0.0
36.0	25.711265773383634	24.29101079745024	24.32548458436321	25.672238844802912	0.0
37.0	25.7977754650709	24.287758553401847	24.156042669441916	25.758423312085338	0.0
38.0	25.765903473396644	24.176531806946794	24.31149993495512	25.746064784701446	0.0
39.0	25.765253024586965	24.273448679588917	24.137830102770913	25.823468193053206	0.0
40.0	25.758748536490177	24.211981267074282	24.29653961233251	25.73273058410303	0.0
41.0	25.745739560296606	24.254585664108237	24.279953167685704	25.719721607909456	0.0
42.0	25.803954728762847	24.22141277481462	24.21751008195655	25.757122414465982	0.0
43.0	25.634187589436713	24.152790425393523	24.441914921295695	25.771107063874073	0.0
44.0	25.773383634707947	24.284506309353453	24.184011968258098	25.758098087680498	0.0
45.0	25.827286889271207	24.199218813520183	24.151736204838674	25.821758092369933	0.0
46.0	25.75443685951327	24.208975513934195	24.280849873650727	25.7557377529018	0.0
47.0	25.67963548967253	24.189462113106174	24.362480933781274	25.768421463440017	0.0
48.0	25.759315209720274	24.280849873650727	24.2119025240584	25.7479323925706	0.0
49.0	25.77329981364702	24.324429802166637	24.23011503149788	25.67215535268846	0.0
50.0	25.770372803522818	24.200194483561585	24.29515970092461	25.734273011990982	0.0
51.0	25.76777101674575	24.24149784864756	24.19759269678452	25.793138437822172	0.0
52.0	25.739801808892253	24.18360809285777	24.317274888529695	25.759315209720274	0.0
53.0	25.795089777904977	24.37191241084815	24.176778402567965	25.65621940867891	0.0
54.0	25.81135094526166	24.432078730067875	24.090919438924683	25.665650885745784	0.0
55.0	25.704677687401823	24.199218813520183	24.20669895050426	25.889404548573737	0.0
56.0	25.73004510847825	24.23726994513482	24.234993381704886	25.797691564682047	0.0
57.0	25.747607169223464	24.25613289926857	24.15401276826861	25.842247163239357	0.0
58.0	25.75964043306741	24.325730695555173	24.16539558541829	25.749233285959132	0.0
59.0	25.79346366116931	24.266214823029717	24.14880919471447	25.791512321086508	0.0
60.0	25.7293109840576	24.26808723762692	24.226133562289824	25.776468216025656	0.0
61.0	25.71500120332247	24.29508068765001	24.314268802726662	25.67564930630086	0.0
62.0	25.804437332917047	24.27719346173109	24.1484054351149	25.76996377023696	0.0
63.0	25.794355441944568	24.144827989931116	24.294105020781704	25.76671154734261	0.0
64.0	25.72703442803156	24.273941238836745	24.16369088271834	25.835333450413355	0.0
65.0	25.753052211186343	24.1988148899773	24.29638157680775	25.751751322028603	0.0
66.0	25.742970320213864	24.253777456891786	24.273941238836745	25.7293109840576	0.0
67.0	25.81256789015292	24.216702115896215	24.219954338790565	25.7507756551603	0.0
68.0	25.660038636407982	24.13279476522203	24.433625382949245	25.773541215420742	0.0
69.0	25.80801477810083	24.26678634846918	24.172471884533078	25.752726988896914	0.0
70.0	25.81541093328737	24.209793712172704	24.160034863716042	25.814760490823886	0.0
71.0	25.780287040259136	24.19711008413473	24.26898397634991	25.75361889925622	0.0
72.0	25.6677604940761	24.19255698689033	24.353541496603064	25.78614102243051	0.0
73.0	25.775408721782995	24.285245037937056	24.20003707522042	25.73930916505953	0.0
74.0	25.789068013516193	24.28231804685137	24.236787074407363	25.69182686522507	0.0
75.0	25.76500164236722	24.22377822513765	24.290448577644945	25.720771554850185	0.0
76.0	25.77605916424648	24.25532468461671	24.196459641671247	25.772156509465567	0.0
77.0	25.75361889925622	24.171417606827045	24.33728043501592	25.737683058900817	0.0
78.0	25.76370075744025	24.370778221885438	24.15775831509384	25.70776270558047	0.0
79.0	25.811833499738196	24.439399901783187	24.109950794027636	25.638815804450978	0.0
80.0	25.681094564577556	24.201988402610876	24.245568047664424	25.871348985147147	0.0
81.0	25.740935271218245	24.237112295639108	24.211094597099677	25.810857836042967	0.0
82.0	25.742236156145214	24.24621849012791	24.180849022547587	25.830696331179286	0.0
83.0	25.758497217732362	24.31711671864786	24.188329110877675	25.736056952742103	0.0
84.0	25.803702968944624	24.26540654280074	24.150278226763756	25.78061226149088	0.0
85.0	25.728818410063614	24.241911774271184	24.252318819841033	25.776950995824173	0.0
86.0	25.710606080316374	24.27215725045856	24.343705688751285	25.673530980473778	0.0
87.0	25.824107921062563	24.287442598639277	24.148248364142525	25.740201116155635	0.0
88.0	25.785081500175615	24.15637886849397	24.300451405601592	25.75808822572882	0.0
89.0	25.743128097722156	24.27996253463595	24.14109352031325	25.835815847328643	0.0
90.0	25.786057160697794	24.198332270947432	24.285491277594932	25.730119290759845	0.0
91.0	25.728818410063614	24.25557102158161	24.295573102990726	25.720037465364054	0.0
92.0	25.82833578332531	24.186949564855407	24.239960453226836	25.744754198592446	0.0
93.0	25.6680022375148	24.1183281081292	24.41622978756618	25.797439866789816	0.0
94.0	25.788008481742143	24.258498003148134	24.179469500852075	25.77402401425765	0.0
95.0	25.85687106688131	24.187846561620894	24.157275964681205	25.798006406816594	0.0
96.0	25.74467047173033	24.19792835422866	24.276631380392537	25.780769793648474	0.0
97.0	25.65686131030782	24.187846561620894	24.360212693302113	25.795079434769175	0.0
98.0	25.76158186578207	24.300372375888255	24.21906759679334	25.718978161536338	0.0
99.0	25.799307283282115	24.274680065694263	24.2372798673106	25.688732783713025	0.0
100.0	25.747922662894123	24.25581735694424	24.27695659950892	25.719303380652715	0.0
101.0	25.793453339187277	24.244434687870953	24.19142397190107	25.770688001040703	0.0
102.0	25.746947005544985	24.155975088215687	24.33354472575898	25.763533180480348	0.0
103.0	25.801258597980386	24.34297608013399	24.18166739840968	25.67409792347594	0.0
104.0	25.832804852269213	24.427533050392704	24.089630388474234	25.650031708863846	0.0
105.0	25.66889441761387	24.208660585069193	24.223620664422654	25.89882433289429	0.0
106.0	25.711172902743222	24.248987755500266	24.23077548498301	25.809063856773502	0.0
107.0	25.755402702570855	24.240532058474397	24.178089988129503	25.825975250825245	0.0
108.0	25.754427045221718	24.310128949379646	24.19337528659935	25.742068718799295	0.0
109.0	25.796380311234696	24.24638600256923	24.164430785241557	25.79280290095452	0.0
110.0	25.71824408265742	24.231021900184075	24.274275901992286	25.776458115166218	0.0
111.0	25.729301496653505	24.2476080211782	24.346474311025542	25.67661617114275	0.0
112.0	25.807028612684807	24.28728462434062	24.163051325914026	25.742635437060553	0.0
113.0	25.780360731870722	24.145489550743772	24.306147271745708	25.768002445639805	0.0
114.0	25.761498084465632	24.269072413052953	24.152644348035356	25.816785154446052	0.0
115.0	25.778409423518468	24.19589834984357	24.314928159330833	25.710764067307128	0.0
116.0	25.72832584247738	24.246307148943366	24.29671594804316	25.72865106053609	0.0
117.0	25.810606011330595	24.195247913726153	24.234924516888572	25.759221558054673	0.0
118.0	25.628809116512624	24.15459565638761	24.429730134054882	25.786865093044888	0.0
119.0	25.77775898740105	24.260291525467824	24.201101838782904	25.760847648348218	0.0
120.0	25.85622062864855	24.198904011577802	24.14231588532774	25.802559474445907	0.0
121.0	25.75280094963982	24.207359708603672	24.27533050392702	25.764508837829485	0.0
122.0	25.66499178821731	24.193700505715725	24.36248922711677	25.778818478950193	0.0
123.0	25.76060620843293	24.292892336211523	24.21581540562954	25.730686049726003	0.0
124.0	25.765484495178626	24.28768883034945	24.26687480690115	25.67995186757078	0.0
125.0	25.77142225286519	24.24353787514147	24.276385112721314	25.708654759272026	0.0
126.0	25.810448673752127	24.23931001287872	24.181746042070483	25.76849527129867	0.0
127.0	25.727517529367383	24.17329031754498	24.341103927358823	25.75808822572882	0.0
128.0	25.79874074748605	24.342079587880995	24.161582391278895	25.697597273354063	0.0
129.0	25.80557037114126	24.404196641126042	24.122230750217895	25.6680022375148	0.0
130.0	25.660847393685525	24.19573050955497	24.257847562800016	25.88557453395949	0.0
131.0	25.71711048379753	24.248741397926395	24.254270140885378	25.77987797739069	0.0
132.0	25.747681180158967	24.23898479270466	24.193453968336563	25.81988005879981	0.0
133.0	25.718736584667823	24.35183619310273	24.19280352798845	25.736623694241	0.0
134.0	25.78182929843504	24.26467718645523	24.18760000520352	25.765893509906206	0.0
135.0	25.736382173973844	24.224428667601135	24.284919816705315	25.754269341719706	0.0
136.0	25.69930695355516	24.25077158737231	24.361997248628377	25.68792421044415	0.0
137.0	25.809556951115997	24.302806984451173	24.160360084947786	25.727275979485043	0.0
138.0	25.779720438920002	24.137347877274117	24.296056354518313	25.786875329287568	0.0
139.0	25.76931332565809	24.25995668039105	24.15295854716699	25.817771446783876	0.0
140.0	25.801510332312134	24.164016105007775	24.30191035572814	25.73256320695195	0.0
141.0	25.72508309429495	24.248899122550263	24.26841245991635	25.757605323238437	0.0
142.0	25.7937049973657	24.199140112266733	24.242719899051004	25.764434991316566	0.0
143.0	25.65166628181904	24.143605621160333	24.441835430481884	25.762892666538743	0.0
144.0	25.7817556206725	24.231415924886416	24.2148295341826	25.771998920258486	0.0
145.0	25.841680759724213	24.184011968258098	24.16189670872902	25.81241056328867	0.0
146.0	25.754845843632108	24.196045271237153	24.278327045661506	25.77078183946923	0.0
147.0	25.662240348121333	24.17498430787143	24.35515921412519	25.80761612988204	0.0
148.0	25.75427915402353	24.297919532716055	24.214661814302765	25.73313949895765	0.0
149.0	25.782898994728093	24.262469957297895	24.27287717209956	25.681753875874453	0.0
150.0	25.78428375363441	24.21766760548722	24.274582246534713	25.723466394343657	0.0
151.0	25.822010029985886	24.220269417649394	24.20075582643311	25.756964725931613	0.0
152.0	25.72086458218149	24.173111572210043	24.32954552846057	25.776478317147895	0.0
153.0	25.80835051613449	24.347107760555225	24.155874566635664	25.688667156674622	0.0
154.0	25.823961389107513	24.418007141974385	24.123026688088252	25.635004780829846	0.0
155.0	25.660047222890743	24.195552202108768	24.244010953629203	25.900389621371282	0.0
156.0	25.724442073904473	24.243360500588658	24.234579384541334	25.79761804096553	0.0
157.0	25.7309466043099	24.231001892818348	24.192299936906057	25.845751565965696	0.0
158.0	25.738752040796413	24.32401667761596	24.198479240791208	25.738752040796413	0.0
159.0	25.812578460898017	24.25051548403463	24.16693226832489	25.76997378674247	0.0
160.0	25.760951225620126	24.220348188645005	24.281165745730576	25.737534840004294	0.0
161.0	25.72127346110441	24.232706836608916	24.348162626798104	25.69785707548857	0.0
162.0	25.798027169511865	24.295475759162475	24.15692881093545	25.74956826039021	0.0
163.0	25.795509242997827	24.127086341698213	24.301083661814253	25.7763207534897	0.0
164.0	25.762986379424735	24.234086562853683	24.180749066593815	25.822177991127766	0.0
165.0	25.791281270733325	24.152779403920956	24.3173450936008	25.738594231744916	0.0
166.0	25.739244689016378	24.229858590589185	24.291326802742326	25.739569917652112	0.0
167.0	25.78770375574029	24.20351507109498	24.253925509633273	25.754855663531462	0.0
168.0	25.640783803561266	24.134645093097	24.43092934384909	25.79364175949264	0.0
169.0	25.760793560452065	24.245223188877144	24.203593788112855	25.790389462557933	0.0
170.0	25.836656107508276	24.208876197662242	24.136674970891846	25.817792723937632	0.0
171.0	25.784944418064615	24.180255891555056	24.277825116920454	25.756974573459868	0.0
172.0	25.652658932654248	24.18586347419123	24.385230573090972	25.776247020063554	0.0
173.0	25.74892754810992	24.31595619777997	24.199197978359074	25.73591827575104	0.0
174.0	25.78828059699551	24.247657517895878	24.26684619462522	25.697215690483393	0.0
175.0	25.772102825623143	24.23505229744497	24.275706405786543	25.71713847114534	0.0
176.0	25.82771764583442	24.217814955508143	24.200577613571316	25.75388978508612	0.0
177.0	25.72559452568039	24.161224436696674	24.332947390331476	25.78023364729146	0.0
178.0	25.783485975958786	24.33424832179841	24.142360930426186	25.73990477181662	0.0
179.0	25.825766248634025	24.40742571681324	24.147239423427173	25.619568611125565	0.0
180.0	25.637131185929125	24.190170161835876	24.273755008586146	25.898943643648852	0.0
181.0	25.693721704740597	24.250988707914868	24.26367278971744	25.7916167976271	0.0
182.0	25.740555237550083	24.23375136597804	24.22497007857626	25.800723317895613	0.0
183.0	25.741205703283548	24.304977363792478	24.21358692824062	25.74023000468335	0.0
184.0	25.82771764583442	24.240906489046157	24.159598272363013	25.77177759275641	0.0
185.0	25.75104644015208	24.24781524111217	24.272207785449684	25.728930533286064	0.0
186.0	25.72047445124906	24.254319919602175	24.332376061482222	25.692829567666543	0.0
187.0	25.827151178485124	24.28033863356219	24.184069391910132	25.708440796042552	0.0
188.0	25.80381825869191	24.1099944710053	24.29700458581325	25.789182684489543	0.0
189.0	25.742999317006536	24.225127654730542	24.17926952222981	25.852603506033113	0.0
190.0	25.78820697954272	24.141867499268223	24.321722444466126	25.74820307672293	0.0
191.0	25.744300256935638	24.218948190067323	24.283344716557714	25.75340683643933	0.0
192.0	25.80381825869191	24.21732201515595	24.23878752398608	25.740072202166065	0.0
193.0	25.623396179777476	24.172518205087343	24.443765062494105	25.76032055264108	0.0
194.0	25.78698990792568	24.202114684732447	24.212197001974182	25.7986984053677	0.0
195.0	25.854072618939206	24.20674671835768	24.121209361624622	25.817971301078487	0.0
196.0	25.766583839619084	24.212600986118883	24.25325562334942	25.767559550912615	0.0
197.0	25.682430960070512	24.172675441592105	24.373672621777295	25.771220976560087	0.0
198.0	25.7260128729262	24.320333564252426	24.18763639675152	25.766017166069854	0.0
199.0	25.79333717114357	24.24357735952151	24.275125460618536	25.68796000871638	0.0
200.0	25.758472646848368	24.266571261302282	24.294867625056916	25.680088466792427	0.0
201.0	25.833300807930993	24.235327791004774	24.19694781624449	25.734423584819744	0.0
202.0	25.72142280971091	24.168639900080663	24.348182456870756	25.76175483333767	0.0
203.0	25.78600191255586	24.330768079832943	24.163582074017214	25.719647933593983	0.0
204.0	25.827646549873474	24.375646471808952	24.15023516936748	25.6464718089501	0.0
205.0	25.652009862279385	24.192509611819123	24.279357520638577	25.87612300526292	0.0
206.0	25.71674852812022	24.25755456526689	24.280649253488598	25.74504765312429	0.0
207.0	25.74977880711981	24.218993962735507	24.224198501092953	25.807028729051734	0.0
208.0	25.75272594790122	24.29314023993546	24.218323054102584	25.73581075806074	0.0
209.0	25.80903306398095	24.224473331511625	24.182509010943253	25.78398459356417	0.0
210.0	25.75578652873339	24.211194066266533	24.276256933261763	25.756762471738316	0.0
211.0	25.714332189274035	24.251346031849312	24.368788327341935	25.66553345153472	0.0
212.0	25.81633748564476	24.272640616307555	24.19976641214917	25.711255485898516	0.0
213.0	25.793668868139374	24.129225363568338	24.29384780557634	25.783257962715943	0.0
214.0	25.720801910426005	24.24763962181894	24.193632347104106	25.837926120650952	0.0
215.0	25.77858611624457	24.145279679325334	24.31609359952107	25.76004060490903	0.0
216.0	25.71760449271496	24.240097350833924	24.30582217855028	25.73647597790084	0.0
217.0	25.78757963648669	24.238450675811983	24.25504499990239	25.718924687798943	0.0
218.0	25.624489556862144	24.160270197279154	24.45701865415464	25.758221591704057	0.0
219.0	25.741813933964814	24.228087244282037	24.21897624958919	25.81112257216396	0.0
220.0	25.84018847295257	24.216756911542667	24.123691883167595	25.81936273233717	0.0
221.0	25.80424723240028	24.18989541369189	24.258882026384125	25.746975327523707	0.0
222.0	25.65254885370735	24.19336468214582	24.398379407409816	25.75570705673701	0.0
223.0	25.695671557764086	24.311975866680985	24.22411184114184	25.768240734413084	0.0
224.0	25.792510487075432	24.230757965783983	24.303654936979918	25.673076610160667	0.0
225.0	25.76950864700561	24.259455730065024	24.271171657868873	25.699863965060498	0.0
226.0	25.819154614213	24.234869885572206	24.215993855526772	25.729981644688028	0.0
227.0	25.70121137560455	24.17771615666517	24.364857739850418	25.75621472787987	0.0
228.0	25.76811914960097	24.326268373019488	24.18956920232779	25.716043275051753	0.0
229.0	25.811092305689364	24.3845202447598	24.152779585991407	25.651607863559434	0.0
230.0	25.657817646829066	24.174228911427345	24.303448904396735	25.864504537346853	0.0
231.0	25.69624373413189	24.23995833604583	24.294316776251545	25.769481153570734	0.0
232.0	25.746789707533814	24.21496346207054	24.226681639893886	25.811565190501767	0.0
233.0	25.766833222115526	24.277274132907994	24.225517162806597	25.730375482169887	0.0
234.0	25.82658146673655	24.225664797085926	24.175208903674815	25.77254483250271	0.0
235.0	25.762221918396843	24.23387175530772	24.2794455620878	25.724460764207635	0.0
236.0	25.708370227616022	24.29000208344185	24.36552685035679	25.636100838585342	0.0
237.0	25.807837800884176	24.274850412464435	24.212345936232413	25.704965850418976	0.0
238.0	25.775713043959513	24.14534018732359	24.30290817107195	25.776038597644945	0.0
239.0	25.731131230852878	24.2475444473745	24.20294243084246	25.818381890930166	0.0
240.0	25.789552510939778	24.146306522192123	24.313333506980623	25.750807459887476	0.0
241.0	25.71251811210784	24.273317812545788	24.318577731468668	25.695586343877704	0.0
242.0	25.81677743730686	24.22474120049106	24.275540474973216	25.682940887228867	0.0
243.0	25.62381538581785	24.182412672359327	24.472907751529007	25.720864190293817	0.0
244.0	25.733864427645997	24.241220170727498	24.24610554359544	25.778809858031064	0.0
245.0	25.83264658651544	24.2248447083579	24.145692387370808	25.796816317755855	0.0
246.0	25.761223299769036	24.21059832623716	24.314842021936784	25.71333635205702	0.0
247.0	25.64012341455627	24.223853414263047	24.422593855988115	25.713429315192567	0.0
248.0	25.68675813667065	24.337841668485858	24.250520505811092	25.7248796890324	0.0
249.0	25.75698827332058	24.251972095781458	24.32756502784231	25.663474603055647	0.0
