# Position (bp)	A	C	G	T	N
0.0	25.962433174396764	23.917641959254443	23.966767808120217	26.153157058228583	0.0
1.0	26.176853055916776	23.895101863892503	23.853489380147376	26.074555700043344	0.0
2.0	26.24502121302142	24.03719417052904	23.779349967264746	25.938434649184792	0.0
3.0	26.086317203758536	23.99397988103922	23.884418329071007	26.035284586131237	0.0
4.0	26.216880806939358	23.83918867886454	23.84063005382094	26.103300460375163	0.0
5.0	25.99651231498696	23.919466182426103	23.988355167394467	26.09566633519247	0.0
6.0	26.06314915789595	23.96595847695021	23.912354317728568	26.058538047425273	0.0
7.0	26.044070990776042	23.970769182003913	23.930138806043264	26.055021021176785	0.0
8.0	26.15925429686937	23.874602008327212	23.993315180590972	25.97282851421244	0.0
9.0	26.118811710032354	24.015304520192345	23.91417713714429	25.951706632631012	0.0
10.0	26.055591407762513	23.911565409790725	23.988775698349773	26.044067484096985	0.0
11.0	25.95965474324698	23.954780123536462	23.977539872775882	26.108025260440677	0.0
12.0	26.035136443256203	23.99280907163271	23.855674380012907	26.116380105098187	0.0
13.0	25.957061860422236	23.969473126210012	23.995113856365816	26.078351157001933	0.0
14.0	26.01583387111644	23.946137180787314	23.89139854337605	26.1466304047202	0.0
15.0	26.020443440582653	23.887941366276387	23.99223287544943	26.09938231769153	0.0
16.0	26.04694846501337	23.95650871208629	23.953339633078272	26.043203189822073	0.0
17.0	26.04349128791371	23.959101594911036	23.875553148335946	26.12185396883931	0.0
18.0	26.094484650133676	23.79142850557758	23.960830183460864	26.15325666082788	0.0
19.0	26.062793860053475	23.919920254448236	23.96169447773578	26.055591407762513	0.0
20.0	26.02476491195722	23.96774453766018	23.918767862081683	26.088722688300912	0.0
21.0	25.934878307366095	24.02449986171292	23.95161104452844	26.089010786392553	0.0
22.0	25.85709182262377	24.054462063243292	24.019602194155066	26.068843919977873	0.0
23.0	25.997107495159955	23.995690052549094	23.953915829261547	26.053286623029408	0.0
24.0	26.0645224486033	23.93576564948834	23.92424172582281	26.075470176085553	0.0
25.0	25.970602470729233	23.903786761316493	23.97148981285148	26.154120955102794	0.0
26.0	26.171118742509446	23.898600995667003	23.883907992993457	26.046372268830094	0.0
27.0	26.244583755877198	24.049276297593806	23.789123720844472	25.91701622568452	0.0
28.0	26.09181659728324	23.993316143530055	23.903141700638137	26.011725558548566	0.0
29.0	26.197260195041842	23.87116290459659	23.8501318044972	26.081445095864364	0.0
30.0	25.98255288010003	23.94801587987531	23.98662080171475	26.082810438309913	0.0
31.0	26.062355591663643	23.966742147931754	23.925256261775942	26.045645998628665	0.0
32.0	26.026919730572217	23.97336836585942	23.95320161564479	26.046510287923574	0.0
33.0	26.172408428549204	23.88232989346194	23.99267082677914	25.952590851209717	0.0
34.0	26.1179582029697	24.0260900128491	23.925256261775942	25.930695522405262	0.0
35.0	26.040460262859185	23.918053850985004	23.999297044706804	26.04218884144901	0.0
36.0	25.945964633282053	23.969335015816494	23.989789862462764	26.09491048843869	0.0
37.0	26.031817369910055	23.993823212505692	23.86706078258515	26.107298634999104	0.0
38.0	25.960945647727208	23.97336836585942	23.99958514113844	26.06610084527493	0.0
39.0	26.00704107678922	23.956082579961166	23.89702281147546	26.139853531774154	0.0
40.0	26.027495923435488	23.895870425748907	24.003042298318093	26.07359135249751	0.0
41.0	26.03988406999591	23.973080269427783	23.96270879788883	26.02432686268748	0.0
42.0	26.04449361290211	23.973656462291057	23.870806036196434	26.111043888610396	0.0
43.0	26.097791452755065	23.783800913841883	23.965589762205205	26.152817871197847	0.0
44.0	26.063796073821834	23.923527683186116	23.965301665773566	26.047374577218484	0.0
45.0	26.03296975563661	23.97135169083796	23.92439197248103	26.071286581044404	0.0
46.0	25.93300029385836	24.023209048532728	23.965301665773566	26.078488991835346	0.0
47.0	25.862704764538787	24.060085391782337	24.027242398575652	26.049967445103224	0.0
48.0	25.98456955512149	23.99987323757008	23.96040402643573	26.055153180872704	0.0
49.0	26.07099848461277	23.934475347588343	23.94110156551601	26.053424602282877	0.0
50.0	25.976790951467276	23.915460983100264	23.97797790876562	26.129770156666837	0.0
51.0	26.177017971455406	23.91229192235225	23.87368700051281	26.037003105679535	0.0
52.0	26.249042079364806	24.04683295592701	23.805120049783064	25.899004914925122	0.0
53.0	26.086768633303276	24.015073161878036	23.895225391593947	26.00293281322474	0.0
54.0	26.204023543172568	23.8741944126739	23.852875338152213	26.06890670600132	0.0
55.0	25.9919102988119	23.94269218802217	23.991668299203706	26.073729213962228	0.0
56.0	26.06220542309598	23.960265969093193	23.9346255344158	26.042903073395024	0.0
57.0	26.031091187757127	23.981296887424087	23.954215978888417	26.033395945930373	0.0
58.0	26.161886214088987	23.896885119328854	24.00376827961326	25.937460386968898	0.0
59.0	26.11002915519089	24.03344204109384	23.937218387360705	25.919310416354563	0.0
60.0	26.037429272733558	23.918780321974715	23.995125436463578	26.048664968828145	0.0
61.0	25.948407988291827	23.966604054069627	24.006649227329824	26.07833873030872	0.0
62.0	26.037717367505213	23.9818730769674	23.881328001659426	26.099081553867958	0.0
63.0	25.95215322032336	23.974670707675998	24.023358724085874	26.04981734791477	0.0
64.0	26.00112933150489	23.966892148841282	23.895732740242227	26.136245779411592	0.0
65.0	26.00977217465457	23.909273194510067	24.00175161621167	26.07920301462369	0.0
66.0	26.04261497862337	23.959977874321538	23.978415939707524	26.018991207347568	0.0
67.0	26.047224494969868	23.96487548543969	23.8919875082107	26.095912511379744	0.0
68.0	26.098793459096303	23.7712757988868	23.988787351487144	26.14114339052975	0.0
69.0	26.045495926339928	23.924830312179495	23.983025456054026	26.04664830542655	0.0
70.0	26.03685308319025	23.962858822038097	23.935201723959114	26.06508637081254	0.0
71.0	25.919310416354563	24.02364681885753	23.97582308676262	26.081219678025285	0.0
72.0	25.859386703850102	24.044389642416768	24.044965831960084	26.05125782177305	0.0
73.0	25.990757919725272	23.99426115214861	23.9700611913295	26.04491973679662	0.0
74.0	26.069983981930694	23.92655888080943	23.94211599847886	26.061341138781014	0.0
75.0	25.967710337992788	23.91618746902981	23.98763497240052	26.12846722057688	0.0
76.0	26.178019521301728	23.914458900399875	23.876430390541273	26.031091187757127	0.0
77.0	26.243128939696003	24.059658665314544	23.80008527605241	25.897127118937046	0.0
78.0	26.088058794211616	24.00197056256104	23.911509064875876	25.998461578351467	0.0
79.0	26.193213082922078	23.87607351005016	23.864549752383258	26.06616365464451	0.0
80.0	25.992048630117253	23.935928091959322	23.995851459191613	26.076171818731815	0.0
81.0	26.049667252455993	23.969058799804095	23.931318602172222	26.04995534556769	0.0
82.0	26.022586499956784	23.980870617383538	23.954942237331107	26.04160064532857	0.0
83.0	26.163752124686702	23.899628359885916	24.003629973207342	25.932989542220046	0.0
84.0	26.101235919449167	24.030422632594856	23.940249488634727	25.928091959321254	0.0
85.0	26.04995534556769	23.919794877704472	23.995851459191613	26.03439831753623	0.0
86.0	25.950563222033363	23.96012791334159	24.0099680216646	26.07934084296045	0.0
87.0	26.020281755063234	24.007375183659356	23.873123793610095	26.099219267667312	0.0
88.0	25.936734752672063	23.9825991760537	24.021779839244044	26.058886232030193	0.0
89.0	25.9992509579096	23.97482066203797	23.891849845870187	26.134078534182247	0.0
90.0	26.0309412001959	23.913456829247213	23.987784852064188	26.067817118492698	0.0
91.0	26.05341246290801	23.961856472011757	23.990089596957738	25.9946414681225	0.0
92.0	26.067529025381003	23.949468468208927	23.885799890524616	26.097202615885458	0.0
93.0	26.105845409236267	23.77142692518222	23.988937224510963	26.133790441070552	0.0
94.0	26.035550689983	23.928725764166977	23.992106248739592	26.043617297110426	0.0
95.0	26.023738872403563	23.982022989830313	23.936216185071014	26.05802195269511	0.0
96.0	25.915127769295037	24.02869407392469	23.97943015182507	26.076748004955203	0.0
97.0	25.849154446717176	24.064129526663017	24.044539195067845	26.042176831551956	0.0
98.0	25.998386678574516	23.989801503846042	23.982022989830313	26.02978882774913	0.0
99.0	26.058598138918498	23.942554233528277	23.952637492437557	26.046210135115672	0.0
100.0	25.966408343176518	23.921235343262943	23.990089596957738	26.122266716602805	0.0
101.0	26.171818731814124	23.912016363688743	23.878885655843966	26.037279248653167	0.0
102.0	26.23836824061537	24.064417619774712	23.812624240154417	25.884589899455502	0.0
103.0	26.089637032534263	23.988291929670915	23.92606399681946	25.996007040975368	0.0
104.0	26.18672413147379	23.88198587771635	23.858938495178776	26.07235149563108	0.0
105.0	25.981527576113763	23.94126391481712	24.003203576943466	26.074004932125654	0.0
106.0	26.05297425614787	23.966615962571158	23.941840097720622	26.038569683560347	0.0
107.0	26.040586323722604	23.983037175320934	23.94731383530388	26.029062665652585	0.0
108.0	26.163025190716542	23.88479799027403	24.00522021710572	25.946956601903707	0.0
109.0	26.07227638341515	24.04497683744728	23.938383000299616	25.944363778837953	0.0
110.0	26.05124570743737	23.92167369609809	23.99945838807071	26.02762220839383	0.0
111.0	25.958480259973726	23.956532761759895	24.01501532646523	26.06997165180115	0.0
112.0	26.018115190486068	24.025098527276498	23.869817234783007	26.086969047454424	0.0
113.0	25.946956601903707	23.972953974509668	24.031436539215008	26.048652884371613	0.0
114.0	26.002270160639796	23.963735048053657	23.899202562861554	26.134792228444997	0.0
115.0	26.020708013551825	23.90899767222107	23.999170296618956	26.07112401760815	0.0
116.0	26.07227638341515	23.958261310470398	23.971513517250916	25.997948788863535	0.0
117.0	26.063921731314387	23.966039779667657	23.896321648344053	26.073716840673907	0.0
118.0	26.111744912304964	23.773306598446613	23.981596718062182	26.13335177118625	0.0
119.0	26.033960220332343	23.931180714005855	23.9919680103252	26.042891055336604	0.0
120.0	26.01753900758257	23.988510912904193	23.937806817396115	26.056143262117125	0.0
121.0	25.919011731083913	24.02077715550024	23.98793473000069	26.07227638341515	0.0
122.0	25.841803222014796	24.056212404065548	24.049874392127037	26.052109981792622	0.0
123.0	25.98700131369702	23.991103735969947	23.99225610177695	26.029638848556086	0.0
124.0	26.054414713406626	23.938671091751367	23.96143031643965	26.045483878402358	0.0
125.0	25.952718430938717	23.936078268685613	23.9936965590357	26.11750674133997	0.0
126.0	26.18290350088732	23.8977621056028	23.880764709949524	26.038569683560347	0.0
127.0	26.2359123280094	24.065143239069812	23.82487496830994	25.874069464610844	0.0
128.0	26.091077493942862	23.976192053838684	23.930097288763534	26.00263316345492	0.0
129.0	26.16231165912823	23.895018870098816	23.86188816225404	26.08078130851891	0.0
130.0	25.99241160557635	23.935708955976366	23.99620868372759	26.0756707547197	0.0
131.0	26.06529937281949	23.959044565251837	23.946944619701593	26.02871144222708	0.0
132.0	26.036778072593915	23.979499235110584	23.95357078036006	26.030151911935445	0.0
133.0	26.162675125104794	23.88903773742542	24.009461005044525	25.938826132425262	0.0
134.0	26.08114453961148	24.03884658709512	23.9489612772933	25.931047596000106	0.0
135.0	26.028423348285408	23.924185198309463	24.02069666876975	26.026694784635374	0.0
136.0	25.989680415549092	23.931525437401145	24.02688508154546	26.051909065504297	0.0
137.0	26.01330425488394	24.006430293828704	23.876499177487055	26.1037662738003	0.0
138.0	25.94848274451394	23.955437372337638	24.049356538473727	26.0467233446747	0.0
139.0	26.021370931729987	23.95053974710968	23.884853949934744	26.143235371225586	0.0
140.0	26.02490305555075	23.91200382592061	23.997280369685342	26.065812748843292	0.0
141.0	26.074455641792422	23.947727783443675	23.974232655154335	26.003583919609575	0.0
142.0	26.054576988009426	23.96270879788883	23.897310907907094	26.08540330619465	0.0
143.0	26.130058253098476	23.757872234994498	23.99151844105259	26.120551070854436	0.0
144.0	26.03008879132023	23.93505154045162	24.00678755192938	26.028072116298766	0.0
145.0	26.023174476960932	23.984027933830014	23.927561033229043	26.06523655598002	0.0
146.0	25.921476436592854	24.009956612677396	23.994687501800602	26.073879448929144	0.0
147.0	25.841097532165968	24.051154402401572	24.053747270286312	26.054000795146155	0.0
148.0	25.96440280490686	24.00822803408757	23.995839887527154	26.03152927347842	0.0
149.0	26.073879448929144	23.926120551070852	23.953489712076426	26.046510287923574	0.0
150.0	25.957776586979193	23.93389915472507	23.981723162376912	26.12660109591883	0.0
151.0	26.180475128635056	23.88722753279978	23.89068468997943	26.041612648585733	0.0
152.0	26.247601597206614	24.044240088042272	23.84631783950724	25.861840475243874	0.0
153.0	26.084614165742355	23.970844557122483	23.933680010371503	26.01086126676366	0.0
154.0	26.15325666082788	23.885348483451647	23.856250576196185	26.105144279524296	0.0
155.0	25.985082237837183	23.945629971507014	23.990285304362104	26.079002486293696	0.0
156.0	26.054225979032157	23.958882521902723	23.94159658660398	26.04529491246114	0.0
157.0	26.040397230793168	23.977608951809692	23.955137235921324	26.026856581475815	0.0
158.0	26.17032984445539	23.886281593647997	24.00958793211237	25.933800629784244	0.0
159.0	26.092255036689398	24.027738164176053	23.954272939156386	25.925733859978163	0.0
160.0	26.03809243942	23.926039244835106	24.01304511917212	26.022823196572777	0.0
161.0	25.988401070581762	23.92905811276833	24.016352589015877	26.06618822763403	0.0
162.0	26.031328057251347	24.0114548791274	23.862218777819713	26.09499828580154	0.0
163.0	25.96160771648598	23.942598840107056	24.035655327988106	26.06013811541886	0.0
164.0	26.02700654852622	23.942598840107056	23.886995427843768	26.143399183522952	0.0
165.0	26.009219245174304	23.909248055315473	23.99250936329588	26.089023336214346	0.0
166.0	26.065687121866898	23.94497263036589	23.970901757418613	26.018438490348604	0.0
167.0	26.062806107749932	23.970613656006915	23.902045520023048	26.064534716220113	0.0
168.0	26.138576779026216	23.756842408527802	23.982137712474792	26.12244309997119	0.0
169.0	26.032267358110055	23.946125036012678	23.990492653414	26.03111495246327	0.0
170.0	26.022471910112362	23.98617113223855	23.94122731201383	26.050129645635263	0.0
171.0	25.923941227312014	24.00345721694036	23.99913569576491	26.073465859982715	0.0
172.0	25.84471333909536	24.04868913857678	24.05041774704696	26.056179775280896	0.0
173.0	25.978104292711034	23.99654278305964	23.99366176894267	26.031691155286662	0.0
174.0	26.08297320656871	23.925669835782195	23.95793719389225	26.033419763756843	0.0
175.0	25.989340247767213	23.91011235955056	23.967444540478247	26.133102852203976	0.0
176.0	26.196773264188995	23.87957360991069	23.90060501296456	26.023048112935754	0.0
177.0	26.257562662057044	24.045231921636415	23.82886776145203	25.868337654854507	0.0
178.0	26.093708135143	23.96059913742189	23.926314970656787	26.01937775677833	0.0
179.0	26.167249595215186	23.879999308552627	23.838512466219917	26.11423863001227	0.0
180.0	25.97948124011443	23.94978925199584	23.9999193309075	26.070810176982228	0.0
181.0	26.058997917008792	23.950941667603004	23.944027173960016	26.04603324142819	0.0
182.0	26.050066696053264	23.97571860315704	23.96477065488898	26.009444045900715	0.0
183.0	26.188932776716594	23.87430602972656	24.00251226602362	25.934248927533226	0.0
184.0	26.09241796961656	24.033915591318852	23.969380317317636	25.904286121746946	0.0
185.0	26.020968201972362	23.939129407629565	23.999343123103916	26.040559267294157	0.0
186.0	25.98798599806969	23.936386291937367	24.00898889353059	26.06663881646235	0.0
187.0	26.033794782408275	24.003802993416787	23.8643599014679	26.098042322707037	0.0
188.0	25.955430069577496	23.94013166424178	24.03318976072833	26.0712485054524	0.0
189.0	26.046471427130903	23.945893775479334	23.878188968438035	26.12944582895173	0.0
190.0	26.0145666591759	23.909085146963072	23.99811002206895	26.07823817179208	0.0
191.0	26.07622142704858	23.942793594818696	23.959215659158613	26.02176931897411	0.0
192.0	26.069883086426156	23.96699453174068	23.894679827366648	26.068442554466515	0.0
193.0	26.123470875324838	23.758981716768368	23.978230681025888	26.1393167268809	0.0
194.0	26.01831204227097	23.947979509873406	23.984569021648312	26.049139426207308	0.0
195.0	26.02695523402882	23.975349617106605	23.929828807181917	26.067866341682656	0.0
196.0	25.9385065717068	23.986297659999885	24.00531268186716	26.069883086426156	0.0
197.0	25.857260569182987	24.04363083199364	24.04507136395328	26.05403723487009	0.0
198.0	25.972503125954354	23.996957596501236	23.984280915256388	26.04625836228803	0.0
199.0	26.082847874062935	23.920897509032134	23.958351339982826	26.0379032769221	0.0
200.0	25.988637083902344	23.90159438077293	23.967858850916464	26.14190968440826	0.0
201.0	26.18685428154909	23.882867465297586	23.904187338300286	26.02609091485304	0.0
202.0	26.276743475830756	24.01971800146358	23.836194229805184	25.867344292900484	0.0
203.0	26.105683491168076	23.95553929350347	23.92615235686113	26.012624858467326	0.0
204.0	26.166261394673455	23.866006707155453	23.84785589987669	26.1198759982944	0.0
205.0	25.99362123259452	23.930173528979598	24.002489275085065	26.073715963340817	0.0
206.0	26.067665641953504	23.935647629282403	23.939104955789436	26.057581772974654	0.0
207.0	26.04375246694652	23.97166144706401	23.958120251578123	26.026465834411344	0.0
208.0	26.188822975219466	23.86750296035288	24.007813602929527	25.935860461498127	0.0
209.0	26.097491407053564	24.021642988645496	23.959122640721205	25.921742963579735	0.0
210.0	26.027768254068867	23.937514225539992	23.99571289042805	26.03900462996309	0.0
211.0	26.005307087929975	23.899182616261815	24.018750558223825	26.076759737584382	0.0
212.0	26.055013094925965	23.991805947314894	23.86388191805371	26.089299039705427	0.0
213.0	25.97420183877446	23.91905012979754	24.034009548258467	26.072738483169537	0.0
214.0	26.034418677015896	23.93835409229599	23.872951114875864	26.15427611581225	0.0
215.0	26.027290695463268	23.904713061617272	23.99172520298031	26.076271039939147	0.0
216.0	26.088660185894813	23.9248814387544	23.957150842173807	26.029307533176983	0.0
217.0	26.07425420222544	23.95657460282703	23.913644771492287	26.055526423455245	0.0
218.0	26.12957317951584	23.761805703617053	23.978183578331095	26.130437538536004	0.0
219.0	26.023833259382616	23.941880499484267	23.98481033081901	26.049475910314108	0.0
220.0	26.049764029987493	23.96464195368188	23.927762635488275	26.057831380842345	0.0
221.0	25.935956758999417	23.99258956200047	23.98711528820611	26.084338390794	0.0
222.0	25.87416012631239	24.04084408025908	24.041708444260045	26.04328734916848	0.0
223.0	25.989984902442114	23.982355449526903	23.987541633532715	26.040118014498265	0.0
224.0	26.105960112252717	23.911903513371787	23.95080011755418	26.031336256821312	0.0
225.0	26.013622533652956	23.896770698875162	23.962463120044255	26.127143647427626	0.0
226.0	26.22107228471326	23.86075511709386	23.888415083901897	26.029757514290985	0.0
227.0	26.320763415083903	24.017783053660335	23.80399456020653	25.857458971049237	0.0
228.0	26.1347101889815	23.951295268115167	23.91585583353262	25.998138709370703	0.0
229.0	26.180748441227657	23.855267555637514	23.85267440386322	26.111309599271614	0.0
230.0	26.003059963176717	23.934271299447076	23.992762120998204	26.06990661637801	0.0
231.0	26.07912684440577	23.931678110314266	23.925915467796912	26.06327957748305	0.0
232.0	26.06126265260198	23.97605045769788	23.931678110314266	26.03100877938587	0.0
233.0	26.202159262151252	23.853882436330004	23.993338385249942	25.950619916268803	0.0
234.0	26.107363792740802	24.000829820522497	23.952711755502605	25.9390946312341	0.0
235.0	26.03360196851868	23.925339203545178	23.992473988872337	26.0485848390638	0.0
236.0	26.001769141447756	23.912799190920328	24.000391861949343	26.085039805682577	0.0
237.0	26.032749474873146	23.98612339688641	23.870581082755383	26.110546045485062	0.0
238.0	26.000190169394827	23.900547169213304	24.014936941557487	26.08432571983438	0.0
239.0	26.037221551503066	23.930074886834152	23.86005756979401	26.17264599186877	0.0
240.0	26.034988027075233	23.894845735131817	23.98705598603015	26.083110251762804	0.0
241.0	26.10228006270749	23.91097611582442	23.94584562891922	26.040898192548873	0.0
242.0	26.07803466542162	23.929746897462056	23.91418377169471	26.07803466542162	0.0
243.0	26.150156659393364	23.74708515526142	23.974796141019397	26.127962044325812	0.0
244.0	26.04896667233611	23.93388086679024	23.963285085430787	26.053867375442863	0.0
245.0	26.06283752029086	23.96296755480335	23.9096274554466	26.06456746945919	0.0
246.0	25.953513856446637	23.982178389134006	23.970931741500127	26.09337601291923	0.0
247.0	25.894291705969056	24.029411170821906	24.041526403996873	26.034770719212162	0.0
248.0	26.011943301114552	23.966956481524303	23.968401701891505	26.05269851546964	0.0
249.0	26.101257919807612	23.89932016833927	23.9834319937104	26.01598991814272	0.0
