# Position (bp)	A	C	G	T	N
0.0	26.12905834874258	23.734698829455226	23.769840273768587	26.366402548033612	0.0
1.0	26.23197257851742	23.734977729806918	23.796056906827758	26.2369927848479	0.0
2.0	26.162294524177398	23.79893908377445	23.730888726510077	26.307877665538072	0.0
3.0	26.231876378705948	23.86280289699062	23.695196874328946	26.210123849974483	0.0
4.0	26.291073266089786	23.702094551822796	23.753405633622144	26.25342654846527	0.0
5.0	26.18888275415907	23.732760014946432	23.722442514793066	26.355914716101438	0.0
6.0	26.230801833654933	23.737689193258753	23.707016741581807	26.32449223150451	0.0
7.0	26.329921455238964	23.744385178823865	23.688341526116062	26.237351839821105	0.0
8.0	26.45151396866113	23.643840963586683	23.604527965203815	26.300117102548377	0.0
9.0	26.363185216988867	23.699265644777267	23.652706296942696	26.284842841291173	0.0
10.0	26.141017527523537	23.75318169019189	23.703557080846295	26.402243701438277	0.0
11.0	26.180326909083814	23.79555776109375	23.69352064300112	26.330594686821318	0.0
12.0	26.307455121789385	23.838770201816036	23.659787060243715	26.19398761615086	0.0
13.0	26.240545536154876	23.812842737382663	23.72084205713521	26.225769669327253	0.0
14.0	26.31665518981413	23.574477338559717	23.747605891389014	26.361261580237137	0.0
15.0	26.051525956737375	23.841279311277333	23.756248379533474	26.35094635245182	0.0
16.0	26.304667222387945	23.639714184553366	23.835424722534313	26.220193870524376	0.0
17.0	26.34732208322995	23.826782234389853	23.711084409230175	26.114811273150018	0.0
18.0	26.384679935209217	23.691569113420112	23.62605347748632	26.29769747388435	0.0
19.0	26.371298018082317	23.580889507183024	23.737569453543838	26.31024302119082	0.0
20.0	26.338958385025634	23.62103525856373	23.72446632635708	26.31554003005356	0.0
21.0	26.44935920132258	23.683762995096085	23.575871288260434	26.291006515320902	0.0
22.0	26.299781151117248	23.647109661411505	23.81549784635972	26.237611341111528	0.0
23.0	26.233150726940718	23.632333876970684	23.706491587560464	26.42802380852814	0.0
24.0	26.35526003986674	23.74161892415562	23.63874600984123	26.26437502613641	0.0
25.0	26.158714227965262	23.73409163774237	23.748309845411843	26.358884288880525	0.0
26.0	26.251271972009647	23.728794658414532	23.790964468420245	26.228968901155582	0.0
27.0	26.17376880079176	23.788176584563487	23.707049164331814	26.33100545031294	0.0
28.0	26.222277979899356	23.850903971340554	23.703703703703706	26.223114345056388	0.0
29.0	26.2852841550621	23.685024881863423	23.76392199500969	26.26576896806479	0.0
30.0	26.186871854918525	23.710394624959925	23.726564351329124	26.37616916879243	0.0
31.0	26.217538577342868	23.7198734300729	23.72266131392966	26.339926678654567	0.0
32.0	26.33072666192726	23.722940102315338	23.68251578639234	26.263817449365057	0.0
33.0	26.436387460098416	23.63512176082744	23.613655055130405	26.31483572394374	0.0
34.0	26.363066114665664	23.69394611020505	23.647109661411505	26.29587811371778	0.0
35.0	26.15676270926553	23.751934094425625	23.689485496034234	26.401817700274606	0.0
36.0	26.183526394290414	23.789849314877543	23.700079454689917	26.326544836142123	0.0
37.0	26.30758722591617	23.846164568784065	23.650176333653942	26.196071871645827	0.0
38.0	26.248205299767214	23.809085713489175	23.714297662359385	26.228411324384226	0.0
39.0	26.328775143227535	23.58298833270606	23.745521961555085	26.342714562511325	0.0
40.0	26.056956467193576	23.842261531384604	23.749146210568867	26.35163579085295	0.0
41.0	26.294205383403728	23.64209147046934	23.84058880107055	26.223114345056388	0.0
42.0	26.35302973278133	23.827206958558104	23.706491587560464	26.1132717211001	0.0
43.0	26.39066616484757	23.69227337989099	23.623412648629056	26.293647806632375	0.0
44.0	26.3753328036354	23.583267121091737	23.73827346352751	26.303126611745352	0.0
45.0	26.35721155856647	23.610309594502294	23.713182508816683	26.319296338114555	0.0
46.0	26.463708721894648	23.67247940450801	23.567933759879566	26.29587811371778	0.0
47.0	26.300470870957938	23.650323253330804	23.80532873149204	26.243877144219212	0.0
48.0	26.234677178788786	23.636105124938318	23.705801832744626	26.42341586352827	0.0
49.0	26.346470698110103	23.754589528209046	23.63415361711974	26.264786156561108	0.0
50.0	26.15745322653939	23.7342380895296	23.740650186647784	26.367658497283227	0.0
51.0	26.252240749155973	23.71974117430589	23.802540863179786	26.22547721335835	0.0
52.0	26.16163502900777	23.79891663437386	23.706080619575854	26.333367717042517	0.0
53.0	26.2260347870208	23.843801314201123	23.701898817107477	26.228265081670603	0.0
54.0	26.27705277713502	23.676250428634756	23.772989459069912	26.273707335160317	0.0
55.0	26.176131944231486	23.715280585006287	23.715001798175063	26.39358567258717	0.0
56.0	26.209307577147285	23.71751087965609	23.723086616280593	26.350094926916036	0.0
57.0	26.33504043802987	23.715001798175063	23.677365575959655	26.272592187835414	0.0
58.0	26.456591496444076	23.62495365168931	23.602371918360067	26.31608293350655	0.0
59.0	26.381040265182033	23.67290498666005	23.643353582550176	26.30270116560774	0.0
60.0	26.158568373864295	23.75375316771537	23.685450394065185	26.402228064355153	0.0
61.0	26.17975617303741	23.7894378821122	23.69325642533949	26.337549519510894	0.0
62.0	26.3110647705445	23.825401383340257	23.65366869530551	26.209865150809737	0.0
63.0	26.26255586191131	23.801146929023663	23.703013964432376	26.233283244632656	0.0
64.0	26.330301061899043	23.573378087912637	23.75431074137782	26.3420101088105	0.0
65.0	26.065174785403837	23.83571649609559	23.740092612985332	26.359016105515238	0.0
66.0	26.326119259430662	23.623280930701956	23.840734659057645	26.209865150809737	0.0
67.0	26.35845853185279	23.827074104327608	23.704686685419727	26.109780678399876	0.0
68.0	26.3994401960429	23.699110948795223	23.617426407246228	26.28402244791565	0.0
69.0	26.403343211680053	23.585923495317775	23.728383566073873	26.2823497269283	0.0
70.0	26.372676660245276	23.620493062389706	23.706638193238305	26.300192084126717	0.0
71.0	26.468300543355532	23.67820193645333	23.570032645937935	26.283464874253198	0.0
72.0	26.301439368384077	23.64489446583347	23.819971619658823	26.23369454612363	0.0
73.0	26.238433895829093	23.640155116128007	23.698700024254318	26.42271096378858	0.0
74.0	26.36583876732302	23.738287533558776	23.629840060886703	26.266033638231495	0.0
75.0	26.166507294416768	23.725184625549556	23.73856631883557	26.369741761198107	0.0
76.0	26.249864092177567	23.733826969130106	23.773414478434564	26.242894460257766	0.0
77.0	26.1793314171492	23.80212936194414	23.68615468679868	26.332384534107984	0.0
78.0	26.218918926453654	23.83669873626634	23.707621153111663	26.23676118416834	0.0
79.0	26.264360926570745	23.67026392602154	23.792371877256418	26.273003270151296	0.0
80.0	26.188531331283333	23.709851435325998	23.7201664905673	26.38145074282337	0.0
81.0	26.215852288408943	23.724069484442385	23.72741490776389	26.332663319384775	0.0
82.0	26.32903911078648	23.71347564392429	23.67751234321813	26.279972902071098	0.0
83.0	26.43692901290497	23.626773422841993	23.61088266206485	26.32541490218819	0.0
84.0	26.380893172269786	23.663015508824948	23.64768231860139	26.30840900030388	0.0
85.0	26.154798312791506	23.7444208096482	23.702603018129405	26.398177859430888	0.0
86.0	26.175985993827695	23.77843261341682	23.70316058868299	26.342420804072496	0.0
87.0	26.31677255860764	23.82694125157862	23.657718588565903	26.19856760124784	0.0
88.0	26.263803356017164	23.792929447810003	23.71403321447788	26.22923398169496	0.0
89.0	26.340748092411744	23.568786085269263	23.745257165478577	26.345208656840413	0.0
90.0	26.065029453664497	23.838650233203886	23.73020276053181	26.36611755259981	0.0
91.0	26.310918067795004	23.623427999520487	23.844783509293308	26.2208704233912	0.0
92.0	26.36416605566227	23.828335177962582	23.702603018129405	26.10489574824574	0.0
93.0	26.388699160019964	23.6855971162451	23.62928249033312	26.296421233401823	0.0
94.0	26.397341503600515	23.584119275492824	23.735220895514068	26.283318325392603	0.0
95.0	26.37671139311791	23.6161795823239	23.69897880953111	26.30813021502708	0.0
96.0	26.464528755307377	23.667476073253617	23.58188899327849	26.286106178160516	0.0
97.0	26.29822609917452	23.63444763187167	23.819838807251724	26.247487461702086	0.0
98.0	26.243584489588823	23.632774929537415	23.705537481077556	26.41810309979621	0.0
99.0	26.36847959721328	23.733694637037534	23.61911452714099	26.2787112386082	0.0
100.0	26.15409491470612	23.723100855587244	23.748191390601086	26.37461283910555	0.0
101.0	26.253063136149606	23.718919099751602	23.784712058232344	26.243305705866444	0.0
102.0	26.194239770728267	23.800045162963023	23.671525866947682	26.33418919936103	0.0
103.0	26.221839359243493	23.837680965483788	23.705258697355177	26.23522097791754	0.0
104.0	26.26616597110128	23.675986406505697	23.79391192107075	26.26393570132227	0.0
105.0	26.187270177668864	23.705537481077556	23.723100855587244	26.384091485666332	0.0
106.0	26.215427333628842	23.72282207186487	23.733694637037534	26.328055957468756	0.0
107.0	26.35649189715111	23.71222829041458	23.674034920449063	26.25724489198525	0.0
108.0	26.434272555694015	23.61409642013822	23.623017499254253	26.328613524913507	0.0
109.0	26.37182500188179	23.668459246001543	23.655356411049873	26.304359341066796	0.0
110.0	26.155767617040375	23.7456823370997	23.708604102023692	26.389945943836228	0.0
111.0	26.196748824229648	23.775233411671557	23.690761943791628	26.337255820307163	0.0
112.0	26.30965623179194	23.826529616588747	23.66455627388828	26.199257877731036	0.0
113.0	26.279826373497706	23.78917259779036	23.713343425304085	26.21765760340785	0.0
114.0	26.336977036584784	23.56809710594618	23.755718551105236	26.339207306363793	0.0
115.0	26.079380877109347	23.836287046871906	23.72895531375714	26.355376762261606	0.0
116.0	26.30854109690243	23.61967209458574	23.861098798163372	26.210688010348456	0.0
117.0	26.365134192544765	23.82987502125726	23.692434646125882	26.112556140072098	0.0
118.0	26.387436890334847	23.681562080953217	23.632496145815036	26.298504882896896	0.0
119.0	26.399703374119394	23.588169533957252	23.735646123094163	26.27648096882919	0.0
120.0	26.37851581121882	23.607405610801198	23.70302842757617	26.31105015040382	0.0
121.0	26.473859844271413	23.65563519477225	23.580921157175474	26.289583803780864	0.0
122.0	26.296142448125032	23.638203619190463	23.816904981614112	26.248748951070393	0.0
123.0	26.260457932695658	23.621197717306153	23.692566748164896	26.425777601833296	0.0
124.0	26.363887270385476	23.740239030496323	23.63402184003858	26.261851859079616	0.0
125.0	26.17264057050619	23.724905840272765	23.742190527433866	26.36026306178718	0.0
126.0	26.253767086052655	23.712081717540336	23.801850576667345	26.232300619739668	0.0
127.0	26.1793314171492	23.80658992637281	23.679185054878882	26.334893601599113	0.0
128.0	26.227282484757414	23.84645622095406	23.706506012004493	26.21975528228403	0.0
129.0	26.274397196535254	23.66998514074475	23.795159730024338	26.260457932695658	0.0
130.0	26.185185907961827	23.705112085620534	23.72685733721031	26.38284466920733	0.0
131.0	26.216967429516114	23.728530048871058	23.73577846606765	26.31872405554518	0.0
132.0	26.3560812826353	23.719051349460134	23.671936637682293	26.252930730222275	0.0
133.0	26.438880509842516	23.606979668189766	23.62537949645803	26.328760325509688	0.0
134.0	26.380335601716205	23.66217915299457	23.658833729673066	26.298651515616157	0.0
135.0	26.14950139253246	23.74469959492499	23.712360502817127	26.393438509725424	0.0
136.0	26.20330695095331	23.782056822015115	23.681972907646802	26.332663319384775	0.0
137.0	26.31649377333084	23.825547325194663	23.667197287976826	26.19076161349767	0.0
138.0	26.287778889821272	23.80157179139055	23.707621153111663	26.20302816567651	0.0
139.0	26.342420804072496	23.57268907914435	23.749438944630455	26.335451172152695	0.0
140.0	26.090677699129355	23.825826110471453	23.734105754406897	26.34939043599229	0.0
141.0	26.313427135286133	23.61924622036861	23.851753141213106	26.21557350313215	0.0
142.0	26.371414472858863	23.836141165712757	23.687269827905848	26.105174533522536	0.0
143.0	26.3942748655558	23.68308804875397	23.632906698931418	26.289730386758812	0.0
144.0	26.40682020301144	23.583840490216033	23.742469312710657	26.266869994061874	0.0
145.0	26.38842037474317	23.608373594573724	23.701766662299033	26.301439368384077	0.0
146.0	26.488783074388277	23.66190036771778	23.574083005528312	26.275233552365634	0.0
147.0	26.302143591945292	23.630529388313814	23.809510533960417	26.257816485780477	0.0
148.0	26.270919466848063	23.6160324730901	23.692141278014592	26.420906782047243	0.0
149.0	26.372397873414048	23.744274415453713	23.635826338107094	26.247501373025145	0.0
150.0	26.175853157400258	23.714165437681388	23.741765333972683	26.36821607094567	0.0
151.0	26.25112560183107	23.722250255786918	23.80421358416714	26.22241055821487	0.0
152.0	26.182544041349665	23.795571192399155	23.67206862616637	26.34981614008481	0.0
153.0	26.22241055821487	23.830419546302313	23.720577534799567	26.22659236068325	0.0
154.0	26.26952553269194	23.666214102710644	23.79529240556793	26.26896795902949	0.0
155.0	26.19453187509235	23.706080619575854	23.726710845086522	26.372676660245276	0.0
156.0	26.217113608421595	23.71667451916241	23.73674717101063	26.329464701405364	0.0
157.0	26.34507676395398	23.727268418748974	23.67987465744068	26.247780159856372	0.0
158.0	26.448227891507315	23.58313562700552	23.633317256626064	26.33531922486109	0.0
159.0	26.38522206765041	23.670395905179024	23.65785049777389	26.28653152939668	0.0
160.0	26.153828997733463	23.74037139981656	23.70747455373198	26.398325048717997	0.0
161.0	26.202895480029103	23.776613687875837	23.697995801470324	26.322495030624733	0.0
162.0	26.317198080831457	23.830698333133533	23.670674692010248	26.181428894024762	0.0
163.0	26.290713331865057	23.79361968458058	23.71751087965609	26.198156103898274	0.0
164.0	26.362361547489943	23.559717533182603	23.752359233559243	26.32556168576821	0.0
165.0	26.083295929433476	23.825401383340257	23.733401729035926	26.35790095819034	0.0
166.0	26.309949623219598	23.6149173257652	23.857183082099933	26.217949968915267	0.0
167.0	26.377416036376104	23.83738921708294	23.69325642533949	26.091938321201457	0.0
168.0	26.400834130199023	23.674298920816174	23.641680861562822	26.283186087421974	0.0
169.0	26.40919773513578	23.58564470848655	23.74566834960984	26.259489206767828	0.0
170.0	26.39470081991207	23.614080965271526	23.69102613068969	26.300192084126717	0.0
171.0	26.4900459161911	23.657292924111438	23.57811746404347	26.27454369565399	0.0
172.0	26.29727205564616	23.623691437014735	23.824419074701346	26.254617432637755	0.0
173.0	26.255732586180457	23.624249013786088	23.697012782447484	26.42300561758597	0.0
174.0	26.364181268208362	23.741897712541295	23.631776300199334	26.262144719051005	0.0
175.0	26.167635456306893	23.716527969444794	23.75555834343941	26.360278230808902	0.0
176.0	26.262981084208032	23.705097645632083	23.807412983175123	26.224508286984765	0.0
177.0	26.174047589177434	23.790964468420245	23.683909728320717	26.351078214081603	0.0
178.0	26.227296170841523	23.815219057974044	23.73437042612805	26.223114345056388	0.0
179.0	26.267999275150196	23.667461213565844	23.801837215461603	26.262702295822354	0.0
180.0	26.190496103932308	23.707606741103167	23.72740071648615	26.374496438478374	0.0
181.0	26.207780983844213	23.71206735527398	23.756115920210764	26.324035740671043	0.0
182.0	26.362787326279985	23.7198734300729	23.6772188070645	26.240120436582615	0.0
183.0	26.450326879382203	23.588285312033904	23.636236914370148	26.325150894213746	0.0
184.0	26.37672674556378	23.677497595450173	23.654079371053403	26.29169628793264	0.0
185.0	26.15508997895148	23.752212882811303	23.703982492089377	26.388714646147843	0.0
186.0	26.185756701375823	23.784273547164027	23.702588550161	26.327381201299154	0.0
187.0	26.313162993629685	23.82971605402919	23.665788483251788	26.19133246908934	0.0
188.0	26.290874318006306	23.78175086634457	23.71818640556914	26.209188410079985	0.0
189.0	26.357505485222653	23.560669211103708	23.75136259343	26.330462710243633	0.0
190.0	26.069380438206913	23.817011394271915	23.75484054431555	26.35876762320562	0.0
191.0	26.306706664287628	23.609097600142743	23.845235971094656	26.238959764474973	0.0
192.0	26.367836024165914	23.843629682703863	23.69112903450641	26.097405258623812	0.0
193.0	26.414673517579395	23.678862071945737	23.629236632495743	26.277227777979128	0.0
194.0	26.416346285201303	23.5718049441435	23.755530587949938	26.256318182705257	0.0
195.0	26.382054548952148	23.612508956276642	23.699492872615956	26.305943622155247	0.0
196.0	26.484372168492303	23.65627970904995	23.580726371460354	26.278621750997388	0.0
197.0	26.292986882640758	23.628531998829054	23.825083290352257	26.253397828177928	0.0
198.0	26.253397828177928	23.64888411837685	23.689867153630622	26.4078508998146	0.0
199.0	26.359619164447913	23.74785675453392	23.646932545269525	26.245591535748638	0.0
200.0	26.15944352286825	23.73029259656802	23.765699708658016	26.34456417190571	0.0
201.0	26.265107266821865	23.713007234760305	23.80584635543722	26.216039142980605	0.0
202.0	26.19122628490179	23.772948408770926	23.681782065043144	26.354043241284135	0.0
203.0	26.23443968942108	23.810585890126433	23.72778343114432	26.22719098930817	0.0
204.0	26.284344201736896	23.667005868659132	23.805567559279034	26.243082370324938	0.0
205.0	26.21074201597502	23.712728438602117	23.715516400184004	26.36101314523886	0.0
206.0	26.23256125168672	23.712515752026853	23.74569258734708	26.309230408939342	0.0
207.0	26.368056562322266	23.72450402025181	23.681290495254874	26.22614892217105	0.0
208.0	26.460617144896343	23.599324196228437	23.630549453000413	26.30950920587481	0.0
209.0	26.368056562322266	23.67543575961013	23.6679082423526	26.288599435715003	0.0
210.0	26.157564876046884	23.750153338314504	23.701921468479217	26.390360317159395	0.0
211.0	26.18628096039968	23.793088066375976	23.71028537654314	26.310345596681202	0.0
212.0	26.311739581358523	23.84131993621126	23.677108541222918	26.1698319412073	0.0
213.0	26.29153400505183	23.784020385745592	23.722405919449542	26.202039689753043	0.0
214.0	26.341996531746787	23.581333883495688	23.749449372982195	26.32722021177533	0.0
215.0	26.0760954720211	23.831482570863805	23.770983129856337	26.321438827258763	0.0
216.0	26.302275008364003	23.621612579458013	23.853853016616483	26.222259395561505	0.0
217.0	26.36340571932006	23.844161492588082	23.70308827670424	26.08934451138762	0.0
218.0	26.39044939904483	23.689984638074712	23.63450327451565	26.285062688364807	0.0
219.0	26.39407380972959	23.588501138901357	23.75215722135949	26.265267830009563	0.0
220.0	26.3770669595934	23.625860449036605	23.70364587834805	26.29342671302195	0.0
221.0	26.47269564150675	23.66154695424042	23.587943537257548	26.27781386699528	0.0
222.0	26.27935440521695	23.620973745180205	23.837045586976583	26.262626262626267	0.0
223.0	26.253983388954406	23.631289433111128	23.699874817732947	26.414852360201518	0.0
224.0	26.358255477769692	23.74281038371571	23.650247994713908	26.248686143800693	0.0
225.0	26.153614533410284	23.731658288655254	23.75786571204733	26.356861465887132	0.0
226.0	26.261789855496726	23.715487750817587	23.805262116054276	26.217460277631403	0.0
227.0	26.18595560908561	23.795225230499863	23.670600568199244	26.34821859221528	0.0
228.0	26.212720637230714	23.825614689539616	23.743646790845247	26.21801788238443	0.0
229.0	26.264577879261843	23.682867872765748	23.818087025373806	26.234467222598607	0.0
230.0	26.19710770414607	23.715487750817587	23.720784995971307	26.366619549065035	0.0
231.0	26.2186485853528	23.727263602805877	23.755980327649468	26.298107484191863	0.0
232.0	26.368644682108645	23.732282059574658	23.68014586981008	26.218927388506618	0.0
233.0	26.453695855823707	23.594537627693267	23.62241825400366	26.329348262479368	0.0
234.0	26.36838113931391	23.68124637551858	23.65894187447027	26.291430610697237	0.0
235.0	26.157749463294948	23.756656536649288	23.698943318370645	26.386650681685115	0.0
236.0	26.17531435581454	23.791507513870688	23.71567178743692	26.317506342877856	0.0
237.0	26.315833495971226	23.845875038336075	23.672456575682382	26.165834890010313	0.0
238.0	26.298972866271875	23.781324232995416	23.719986171055126	26.199716729677586	0.0
239.0	26.348043315824103	23.59424314407753	23.74173330210668	26.31598023799168	0.0
240.0	26.0735606159886	23.825085112493483	23.765973405308344	26.335380866209572	0.0
241.0	26.292000111535568	23.609290912639768	23.86052477483758	26.238184200987092	0.0
242.0	26.347828026792037	23.84959873289944	23.72049055530459	26.082082685003932	0.0
243.0	26.384140458117443	23.68222912565045	23.65378501832135	26.27984539791075	0.0
244.0	26.37734670429574	23.57106205450266	23.79109172643814	26.260499514763463	0.0
245.0	26.369041642961527	23.629842820967617	23.716296866459178	26.28481866961168	0.0
246.0	26.477207758704836	23.654288622704392	23.60074184596935	26.267761772621423	0.0
247.0	26.267274679607862	23.635248016288052	23.856419696272436	26.241057607831653	0.0
248.0	26.251066844427584	23.643224910329288	23.707096119196507	26.398612126046622	0.0
249.0	26.367652719128447	23.749212069148253	23.67000061360987	26.21313459811343	0.0
