# Position (bp)	A	C	G	T	N
0.0	26.153030124438008	23.746218308159474	23.775405391752404	26.325346175650115	0.0
1.0	26.29784296226447	23.70664735828829	23.70889251856467	26.286617160882574	0.0
2.0	26.17329127706624	23.763006948264056	23.828673094839875	26.23502867982983	0.0
3.0	26.27982804678205	23.62785372752374	23.874783936067523	26.217534289626688	0.0
4.0	26.170361412654636	23.777871927319048	23.804246269012673	26.247520391013644	0.0
5.0	26.116852949097762	23.818621510009873	23.730810665230273	26.33371487566209	0.0
6.0	26.316424341542373	23.69858363933718	23.81387859525299	26.17111342386746	0.0
7.0	26.27747873089427	23.676098097351215	23.79895821353537	26.247464958219147	0.0
8.0	26.26344221739789	23.75815508546361	23.737399235960353	26.241003461178146	0.0
9.0	26.300378628523347	23.653064086383395	23.729070256626	26.317487028467255	0.0
10.0	26.188052309357744	23.747304183458553	23.7977850133634	26.266858493820305	0.0
11.0	26.303036421918772	23.611286391770502	24.000549680147852	26.08512750616287	0.0
12.0	26.255079633509176	23.8123683642248	23.675509225371666	26.257042776894362	0.0
13.0	26.19730712817363	23.840132820672462	23.740012508027856	26.22254754312605	0.0
14.0	26.187210962192665	23.902112061833407	23.67410698009653	26.236569995877403	0.0
15.0	26.283685437121918	23.80311354540891	23.62811333507212	26.28508768239705	0.0
16.0	26.251994693903878	23.831158450911598	23.66793710088594	26.248909754298584	0.0
17.0	26.259566818389608	23.834243390516896	23.704956376149493	26.20123341494401	0.0
18.0	26.253957837289065	23.848826741378296	23.775349088961246	26.12186633237139	0.0
19.0	26.179358388651906	23.8645318884598	23.695421108278573	26.260688614609712	0.0
20.0	26.338653451907195	23.68336179891242	23.851631231928565	26.12635351725182	0.0
21.0	26.191417698018064	23.808722526509445	23.769740107860706	26.230119667611778	0.0
22.0	26.291257561607644	23.747023734403527	23.731599036377045	26.230119667611778	0.0
23.0	26.204318354549304	23.79750456430837	23.784603907777132	26.21357317336519	0.0
24.0	26.240496282647776	23.723746462836292	23.71224805158019	26.323509202935742	0.0
25.0	26.152154830314302	23.745621489128393	23.781518968171834	26.320704712385474	0.0
26.0	26.2991101351484	23.70523682520452	23.711967602525164	26.283685437121918	0.0
27.0	26.17262761133126	23.756278553219413	23.830317103746516	26.240776731702802	0.0
28.0	26.280039599406567	23.638209501053087	23.865373235624883	26.216377663915463	0.0
29.0	26.170310624502203	23.773319273526806	23.80557082440573	26.250799277565264	0.0
30.0	26.12087847369262	23.81083256443982	23.737635771637226	26.33065319023033	0.0
31.0	26.30793694418815	23.705664758688965	23.812515249331835	26.17388304779106	0.0
32.0	26.26895474418983	23.671730613366687	23.805504062281777	26.25381058016171	0.0
33.0	26.259980424765754	23.756425752931378	23.742683826313264	26.240909995989604	0.0
34.0	26.294475465052038	23.652099289626527	23.736513981709216	26.31691126361222	0.0
35.0	26.200525558581273	23.755023515521366	23.783068263721592	26.26138266217577	0.0
36.0	26.317191711094225	23.60470366516814	23.991440742849292	26.086663880888345	0.0
37.0	26.25184744778769	23.79849287523172	23.679863590344755	26.26979608663584	0.0
38.0	26.192112134121203	23.836914180266035	23.747451433507305	26.223522252105457	0.0
39.0	26.1797724449131	23.908147840694614	23.679863590344755	26.23221612404753	0.0
40.0	26.285501145627965	23.79961466515973	23.624334988908302	26.290549200304003	0.0
41.0	26.24483626073763	23.82906165076997	23.66976748099267	26.256334607499728	0.0
42.0	26.258297739873743	23.824854938539936	23.710432365883	26.206414955703323	0.0
43.0	26.24483626073763	23.852899686740162	23.773813496815517	26.128450555706685	0.0
44.0	26.17556573268307	23.862995796092246	23.704823416242956	26.25661505498173	0.0
45.0	26.33177498015834	23.685752987466802	23.849534316956138	26.132937715418723	0.0
46.0	26.178089760021088	23.816721961561868	23.777739761563552	26.227448516853492	0.0
47.0	26.291670990232014	23.75390172559336	23.72894189969515	26.225485384479473	0.0
48.0	26.189027211819177	23.81700240904387	23.78250736875759	26.21146301037936	0.0
49.0	26.232496571529534	23.732587716961184	23.716041315523047	26.318874395986235	0.0
50.0	26.14527740462682	23.751097250773334	23.778300656527556	26.32532468807229	0.0
51.0	26.294475465052038	23.708188786026984	23.71856534286107	26.27877040605991	0.0
52.0	26.166030518294992	23.751097250773334	23.838596865158046	26.24427536577363	0.0
53.0	26.27344190390187	23.636674678116403	23.867763403286283	26.22212001469545	0.0
54.0	26.165676689831564	23.772625037159187	23.80852221418275	26.2531760588265	0.0
55.0	26.114281707915588	23.828086657785878	23.73189371100049	26.325737923298043	0.0
56.0	26.300497791488464	23.704690457827944	23.82275818551497	26.172053565168618	0.0
57.0	26.265442052864053	23.66739115193157	23.811259903246164	26.255906891958215	0.0
58.0	26.25422421650424	23.75404893781112	23.74675734417724	26.2449695015074	0.0
59.0	26.30526537194139	23.64467503330295	23.742550655542313	26.30750893921335	0.0
60.0	26.197293696978196	23.75180537053916	23.794433148706442	26.256467783776205	0.0
61.0	26.318446329664162	23.604010376498632	23.983173245460282	26.09437004837692	0.0
62.0	26.250017527869314	23.793591810979457	23.69010727056019	26.26628339059104	0.0
63.0	26.204865736521064	23.825843090513917	23.7490009114492	26.22029026151581	0.0
64.0	26.179625604711493	23.906611512304565	23.670195611021523	26.24356727196242	0.0
65.0	26.279744794222815	23.80060295870434	23.62027623922036	26.299376007852487	0.0
66.0	26.25478510832223	23.824721306877937	23.667110706022576	26.253382878777252	0.0
67.0	26.2567482296852	23.831452008693823	23.71394517282479	26.197854588796186	0.0
68.0	26.24889574423333	23.85248545186847	23.765266774170932	26.133352029727263	0.0
69.0	26.174016686531587	23.859216153684358	23.701605552828998	26.265161606955058	0.0
70.0	26.335273084203887	23.68533969010727	23.846876533688565	26.13251069200028	0.0
71.0	26.183551847437425	23.826964874149898	23.772277921895814	26.21720535651686	0.0
72.0	26.294608427399563	23.75629250508308	23.72123676645867	26.227862301058686	0.0
73.0	26.190843441071305	23.818831942789036	23.77452148916778	26.21580312697189	0.0
74.0	26.225338287877726	23.738063520998388	23.72067587464068	26.31592231648321	0.0
75.0	26.150178784266988	23.75124447872117	23.78097174507467	26.31760499193718	0.0
76.0	26.2926453060366	23.703849120100962	23.72488256327561	26.278623010586834	0.0
77.0	26.16840776835168	23.757414288719065	23.831452008693823	26.242725934235434	0.0
78.0	26.266563836500033	23.643272803757974	23.86454462595527	26.22561873378672	0.0
79.0	26.167212599838464	23.775296150049357	23.803060217176704	26.25443103293548	0.0
80.0	26.106563238795548	23.82795300874706	23.733723711849052	26.331760040608337	0.0
81.0	26.30708093903981	23.705118389576445	23.82094190034691	26.166858771036832	0.0
82.0	26.25884451324679	23.676793511639843	23.81280901460274	26.251552960510633	0.0
83.0	26.263612066958892	23.754196148377492	23.7452219296253	26.23696985503832	0.0
84.0	26.293619610911527	23.651553521399304	23.74662415130533	26.30820271638384	0.0
85.0	26.183124542525178	23.754196148377492	23.796262798778383	26.26641651031895	0.0
86.0	26.30876360505585	23.605560650294326	23.98780628027046	26.097869464379365	0.0
87.0	26.256320514222736	23.792617022410305	23.691096172776145	26.259966290590814	0.0
88.0	26.209766754445745	23.82655078706703	23.741015264585208	26.222667193902016	0.0
89.0	26.179759210493103	23.90703831150074	23.672306402263747	26.240896075742405	0.0
90.0	26.280438727119247	23.804676128858564	23.626593975494774	26.288291168527415	0.0
91.0	26.26080762359883	23.819259234330875	23.667538848551644	26.25239429351865	0.0
92.0	26.25379651519868	23.835244561483215	23.71156860930458	26.19939031401352	0.0
93.0	26.254918292542705	23.85235166597958	23.760365923769623	26.132364117708097	0.0
94.0	26.184526764205206	23.85515610933964	23.701753057544373	26.258564068910783	0.0
95.0	26.348025812096687	23.678195733319875	23.845060113243424	26.12871834134002	0.0
96.0	26.195183648973437	23.826831231403034	23.769340142521813	26.20864497710172	0.0
97.0	26.303435162671736	23.737930376889143	23.723347271416834	26.235287189022287	0.0
98.0	26.19686631498947	23.81477212495478	23.781399248970068	26.206962311085686	0.0
99.0	26.235287189022287	23.735686822201096	23.712970830984613	26.316055157792007	0.0
100.0	26.15732366361263	23.753074371033463	23.773266363225893	26.31633560212801	0.0
101.0	26.300911163647683	23.70259439055239	23.726432159112896	26.27006228668703	0.0
102.0	26.16770010404485	23.762889922793672	23.83131834077913	26.23809163238235	0.0
103.0	26.27511028473514	23.63893352627904	23.859923663051738	26.22603252593409	0.0
104.0	26.165944057120743	23.775162797480494	23.818351104106256	26.240542041292507	0.0
105.0	26.117354078619325	23.819966963842514	23.740040776377747	26.322638181160418	0.0
106.0	26.297398332487333	23.706668087576666	23.817162536212173	26.17877104372383	0.0
107.0	26.26654962855356	23.671051856671312	23.813516780292726	26.2488817344824	0.0
108.0	26.27440202591852	23.742564761245053	23.744808303349327	26.238224909487094	0.0
109.0	26.307213829193532	23.644970679709125	23.742284318482017	26.305531172615325	0.0
110.0	26.189708311482168	23.74901494479484	23.79416622964336	26.26711051407963	0.0
111.0	26.310579142349944	23.596454081704195	23.992158820345562	26.100807955600303	0.0
112.0	26.253649261453983	23.792764015828187	23.691524178372813	26.26206254434501	0.0
113.0	26.21466771739222	23.82894113225961	23.743406089534155	26.212985060814013	0.0
114.0	26.184940784510584	23.89961270854425	23.67357584153862	26.24187066540654	0.0
115.0	26.289826377885404	23.79809242832584	23.621413487614245	26.29066770617451	0.0
116.0	26.25617324632129	23.81379722305576	23.67525849811683	26.25477103250612	0.0
117.0	26.253929704217015	23.826978032918372	23.717885798098038	26.201206464766575	0.0
118.0	26.255051475269152	23.854741866458763	23.766121953339933	26.124084704932148	0.0
119.0	26.188025654903964	23.848291682908975	23.70386365994632	26.259819002240736	0.0
120.0	26.352645556805083	23.670490971145245	23.846889469093803	26.12997400295587	0.0
121.0	26.20092602200354	23.82613670462927	23.760793540842283	26.21214373252491	0.0
122.0	26.306092058141395	23.745369188875394	23.720409782965348	26.228128970017867	0.0
123.0	26.19840203713623	23.818003864501275	23.778461434913442	26.205132663449053	0.0
124.0	26.22897029830697	23.744247417823257	23.710594286259145	26.31618799761063	0.0
125.0	26.153811637813778	23.747332288216636	23.77958320596558	26.319272868004006	0.0
126.0	26.29992231735464	23.700778789552945	23.726859966515136	26.27243892657728	0.0
127.0	26.171479531884938	23.758549998738008	23.82809980397051	26.24187066540654	0.0
128.0	26.264306086449285	23.64216625207878	23.865679134217103	26.22784852725483	0.0
129.0	26.154726315140024	23.77151703133676	23.820033765403362	26.253722888119853	0.0
130.0	26.110769903835635	23.83328145113117	23.72839526946494	26.327553375568254	0.0
131.0	26.298387164623634	23.702874834888394	23.814491680618772	26.184246319869203	0.0
132.0	26.26725784332697	23.667258404215637	23.808882793898654	26.25660095855874	0.0
133.0	26.272305841375076	23.749428594665385	23.7404543759132	26.23781118804634	0.0
134.0	26.29558272126357	23.650992632727295	23.74241748626524	26.311007159743898	0.0
135.0	26.19462276030142	23.74858726165737	23.788410357370218	26.26837962067099	0.0
136.0	26.314092047439964	23.600793096582226	23.984721392574397	26.100393463403414	0.0
137.0	26.2499439109755	23.79660997935924	23.68751682670735	26.265929282957913	0.0
138.0	26.202268240150765	23.82830027820156	23.744727631697028	26.224703849950643	0.0
139.0	26.177028179125912	23.905703132011126	23.668727003499956	26.24854168536301	0.0
140.0	26.282195100062822	23.794927308624246	23.626099344880195	26.29677824643274	0.0
141.0	26.249663465853	23.815680247689134	23.674335905949924	26.26032038050794	0.0
142.0	26.254150587812973	23.83362873552903	23.713598223099705	26.19862245355829	0.0
143.0	26.248822130485504	23.857466570941398	23.766882796374407	26.12682850219869	0.0
144.0	26.182430063801444	23.852765897777466	23.696557526467082	26.268246511954008	0.0
145.0	26.34508869101872	23.673280516020473	23.84940054686952	26.132230246091286	0.0
146.0	26.195330575615227	23.821075510060997	23.760218747809017	26.223375166514757	0.0
147.0	26.30526537194139	23.74507466872327	23.71618874009675	26.23347121923859	0.0
148.0	26.193647900161253	23.81911238869803	23.78742200098156	26.199817710159152	0.0
149.0	26.219802902062405	23.744299920914035	23.70924408397696	26.326653093046602	0.0
150.0	26.150252121579253	23.73981277378609	23.779355757851107	26.330579346783555	0.0
151.0	26.293353675124028	23.70257983638694	23.721650265163095	26.28241622332594	0.0
152.0	26.168834993115013	23.763436939981432	23.828500755805965	26.239227311097586	0.0
153.0	26.263626242031783	23.648733919842503	23.865519823430265	26.22212001469545	0.0
154.0	26.144789832067577	23.78313496292474	23.818190996488788	26.253884208518897	0.0
155.0	26.108685226785127	23.83199979807668	23.73131858732202	26.32799638781617	0.0
156.0	26.303316870973802	23.697103802608737	23.822184081150738	26.177395245266723	0.0
157.0	26.26882163720549	23.668217549940966	23.815172854775067	26.24778795807848	0.0
158.0	26.26910208626052	23.742536549523095	23.753754511724175	26.23460685249221	0.0
159.0	26.292940255937808	23.651951504749405	23.747023734403527	26.308084504909264	0.0
160.0	26.193380841403258	23.748986877788717	23.795541420923183	26.262090859884847	0.0
161.0	26.316497976560065	23.591935406973647	23.99353845377218	26.098028162694103	0.0
162.0	26.254872815996862	23.79168185769975	23.692683063634068	26.260762262669324	0.0
163.0	26.20270914546933	23.826177188209886	23.748212132260146	26.222901534060632	0.0
164.0	26.183077656561128	23.900496396219538	23.672490675042766	26.24393527217657	0.0
165.0	26.2857222985669	23.793645006590573	23.630984098493986	26.289648596348542	0.0
166.0	26.24477662170121	23.827859887259166	23.670807975993494	26.25655551504613	0.0
167.0	26.259920913144686	23.83066438567462	23.716521300165468	26.192893401015226	0.0
168.0	26.251226968056763	23.85310037299829	23.77289171831618	26.122780940628772	0.0
169.0	26.185955593447552	23.854289071680377	23.693590861796736	26.26616447307534	0.0
170.0	26.352543266520644	23.66133903956878	23.85737402858914	26.12874366532144	0.0
171.0	26.199417223594875	23.81558688500683	23.76005766064913	26.224938230749167	0.0
172.0	26.301501252212056	23.752765944319332	23.722196825859793	26.22353597760882	0.0
173.0	26.205026236156254	23.81895229254366	23.777165148961352	26.19885632233873	0.0
174.0	26.229779453007563	23.742175405532745	23.7191783895358	26.308866751923897	0.0
175.0	26.146204931457675	23.748625788068477	23.77919499225954	26.32597428821431	0.0
176.0	26.298563804278018	23.705502752638356	23.715599031879	26.280334411204624	0.0
177.0	26.174323479177826	23.764958619277724	23.830584434341933	26.230133467202517	0.0
178.0	26.25705687851091	23.646327338200113	23.877700404131623	26.218915379157355	0.0
179.0	26.149156116960114	23.788863772765772	23.82279858427332	26.2391815260008	0.0
180.0	26.119781806963665	23.823987211307895	23.740692440368516	26.315538541359924	0.0
181.0	26.307966289456342	23.69974618933434	23.822584942436865	26.16970257877245	0.0
182.0	26.269544122390027	23.67226171946209	23.811647245242803	26.246546912905078	0.0
183.0	26.26870276106741	23.752471498885196	23.75639785172409	26.222427888323306	0.0
184.0	26.299833130004345	23.643094526944598	23.749666961143127	26.307405381907927	0.0
185.0	26.20560066187091	23.74546015453003	23.792295934822544	26.256643248776516	0.0
186.0	26.321708524392466	23.59233239381319	23.984967677702524	26.100991404091822	0.0
187.0	26.250266431832713	23.797971752616643	23.690277201287845	26.2614846142628	0.0
188.0	26.20595461123389	23.82657811781335	23.748050840802772	26.219416430149987	0.0
189.0	26.184640064616733	23.896691758001367	23.673730382203477	26.244937795178423	0.0
190.0	26.273824614935887	23.792643115962353	23.622407197585847	26.31112507151591	0.0
191.0	26.250546886393465	23.825736754131096	23.664475381698658	26.25924097777678	0.0
192.0	26.26064325058054	23.831626299906887	23.720005384727568	26.187725064785006	0.0
193.0	26.25363188656174	23.850977664598783	23.776937660560236	26.118452788279246	0.0
194.0	26.17742166181011	23.856934118234367	23.6981963916615	26.267447828294017	0.0
195.0	26.341488039981716	23.669309490889407	23.8619823144858	26.127220154643076	0.0
196.0	26.207991294666023	23.82496220864195	23.75428746112188	26.212759035570148	0.0
197.0	26.302504746706752	23.753726550427274	23.718108721319936	26.22565998154604	0.0
198.0	26.199858089594265	23.81542672683369	23.77672388890603	26.207991294666023	0.0
199.0	26.22152669101026	23.740331274785312	23.72518664355708	26.312955390647346	0.0
200.0	26.155339043420216	23.74173355545459	23.779034221257454	26.323893179867735	0.0
201.0	26.310224617947558	23.708145310339603	23.701975258090478	26.279654813622354	0.0
202.0	26.17644666690973	23.773211315875827	23.823693561550478	26.22664845566397	0.0
203.0	26.25862054459125	23.65177346933624	23.875017177986376	26.214588808086138	0.0
204.0	26.160533991474082	23.79150774063271	23.808896118465338	26.239062149427866	0.0
205.0	26.11180758303675	23.824388109681706	23.739970103124588	26.323834204156952	0.0
206.0	26.306726236050697	23.699023163066983	23.826912236123615	26.167338364758706	0.0
207.0	26.279521762176806	23.67378189864791	23.799707762249724	26.246988576925556	0.0
208.0	26.275314884773625	23.743896522034223	23.753712569308306	26.227076023883843	0.0
209.0	26.294946979321793	23.64433375682566	23.757078071230847	26.303641192621697	0.0
210.0	26.195384214113233	23.736885059695588	23.803634181159357	26.26409654503182	0.0
211.0	26.312896322908692	23.602825899780964	23.986773577444406	26.097504199865938	0.0
212.0	26.247062189040772	23.795287162256912	23.699931007017092	26.257719641685224	0.0
213.0	26.206395593423792	23.822491712428274	23.747048166076766	26.224064528071168	0.0
214.0	26.17246002052962	23.902422607261652	23.680859775969125	26.2442575962396	0.0
215.0	26.278754087694008	23.788275680253985	23.625328838505936	26.30764139354607	0.0
216.0	26.25126907824253	23.818845741786753	23.671324160445145	26.258561019525573	0.0
217.0	26.260243775206277	23.830064112991433	23.721245912305992	26.188446199496298	0.0
218.0	26.256317345284636	23.846611210518347	23.77200904200719	26.125062402189826	0.0
219.0	26.186556427163115	23.852006832007223	23.691303213791905	26.270133527037753	0.0
220.0	26.34333360444473	23.672231929256753	23.84836085114021	26.136073615158306	0.0
221.0	26.207030012031733	23.822278064937723	23.75468718886461	26.216004734165928	0.0
222.0	26.29621631324024	23.74711476706389	23.719349220461243	26.237319699234625	0.0
223.0	26.19468976909723	23.81694932367055	23.776843534133395	26.21151737309883	0.0
224.0	26.229259919900382	23.736804316853455	23.72165943077665	26.312276332469516	0.0
225.0	26.154376872076195	23.7449376815984	23.774946992898734	26.325738453426673	0.0
226.0	26.307301818793732	23.707702878938733	23.699849953022674	26.28514534924486	0.0
227.0	26.173802078220753	23.77276997938607	23.819887534882415	26.233540407510763	0.0
228.0	26.25681872361908	23.65189101260675	23.87121201497665	26.220078248797517	0.0
229.0	26.160693751858066	23.7919080980721	23.805650756968088	26.241747393101743	0.0
230.0	26.112527450336977	23.81974068371322	23.734479866948252	26.33325199900155	0.0
231.0	26.313619574088566	23.684557415026656	23.827593653678417	26.174229357206364	0.0
232.0	26.27519611390172	23.672497496865823	23.79253575204808	26.259770637184378	0.0
233.0	26.276598429966935	23.746820248322127	23.749624880452554	26.22695644125838	0.0
234.0	26.292584833110368	23.640805153792	23.754673218287323	26.311936794810308	0.0
235.0	26.186008812154153	23.743735152978658	23.806839375913256	26.26341665895393	0.0
236.0	26.324838102610272	23.592565481148664	23.975958693377983	26.10663772286308	0.0
237.0	26.24834526240212	23.785029953555163	23.702573537660708	26.264051246382014	0.0
238.0	26.197581278467098	23.821770737508132	23.754739841593935	26.225908142430836	0.0
239.0	26.16841302250443	23.909275505396128	23.677892705692297	26.244418766407147	0.0
240.0	26.27814614115984	23.793376190636465	23.62649074977842	26.301986918425275	0.0
241.0	26.248173216905425	23.818727016193503	23.681279996409547	26.25181977049153	0.0
242.0	26.26595861070668	23.82619526522643	23.72969318510165	26.178152938965237	0.0
243.0	26.25127652650125	23.84888170667385	23.774254003523772	26.125587763301127	0.0
244.0	26.18384244801531	23.856420961664185	23.69143918541651	26.268297404904	0.0
245.0	26.348310192719964	23.659546765739172	23.85372588194359	26.138417159597278	0.0
246.0	26.20152776296662	23.822887258726265	23.760586858544418	26.214998119762694	0.0
247.0	26.291652984645264	23.74862127322786	23.71101325542299	26.24871248670388	0.0
248.0	26.197947658556846	23.814963679843718	23.78408874019019	26.202999921409244	0.0
249.0	26.230018946038875	23.737000912216686	23.722686127289315	26.310294014455128	0.0
