# Position (bp)	A	C	G	T	N
0.0	26.260426255044962	23.73773277632231	23.787014090490686	26.214826878142038	0.0
1.0	26.172626212561074	23.75047794377965	23.753876655101607	26.323019188557673	0.0
2.0	26.2922086565448	23.74786531746234	23.713597113541038	26.246328912451823	0.0
3.0	26.266616823276863	23.758021670546523	23.639077217606044	26.33628428857057	0.0
4.0	26.34181290938285	23.736771606494052	23.65408087267043	26.267334611452664	0.0
5.0	26.288529882339617	23.773910827304007	23.770229515624337	26.167329774732046	0.0
6.0	26.17846857841874	23.631101886172694	23.82450467083299	26.365924864575575	0.0
7.0	26.41948042755008	23.699016068521274	23.593402704041903	26.28810079988674	0.0
8.0	26.31546162906587	23.581759083084172	23.827523330615204	26.275255957234755	0.0
9.0	26.35732001494921	23.63475237545159	23.736112526755683	26.27181508284352	0.0
10.0	26.288818864644647	23.732556460585883	23.630351263126006	26.348273411643465	0.0
11.0	26.27268120188782	23.701130485743647	23.724912304543178	26.301276007825354	0.0
12.0	26.37035652910017	23.829099320236345	23.636579834716358	26.163964315947126	0.0
13.0	26.33072016443429	23.734821395709645	23.734255161928704	26.200203277927358	0.0
14.0	26.245785097293115	23.822587631755525	23.590148664679187	26.341478606272172	0.0
15.0	26.28570457884947	23.6515850299113	23.72774347344788	26.33496691779135	0.0
16.0	26.300992890934882	23.753790227371173	23.673385030477533	26.271831851216408	0.0
17.0	26.206148732627238	23.724346070762238	23.664608406872944	26.40489678973758	0.0
18.0	26.227099382522063	23.688107108782003	23.712172044472002	26.372621464223933	0.0
19.0	26.297595488249232	23.68725775811059	23.723779836981297	26.29136691665888	0.0
20.0	26.259091591145236	23.782385033308703	23.69235386213906	26.266169513407	0.0
21.0	26.255336738276164	23.797889086441003	23.705310125363805	26.241464049919028	0.0
22.0	26.246277023430686	23.592629921973206	23.805250104752954	26.355842949843154	0.0
23.0	26.299785964236776	23.756554137458526	23.709273750608702	26.234386147696004	0.0
24.0	26.21088751231555	23.78345016590603	23.7964735059964	26.209188815782024	0.0
25.0	26.269775658811138	23.714652956298202	23.798738434707765	26.216832950182894	0.0
26.0	26.17436553684473	23.728525644655335	23.76108399488126	26.336024823618676	0.0
27.0	26.28591327587964	23.748910003057656	23.708707518430856	26.25646920263185	0.0
28.0	26.262414640499188	23.7602346466145	23.6421752375344	26.335175475351914	0.0
29.0	26.33913910059681	23.746645074346283	23.654915461535847	26.25930036352106	0.0
30.0	26.279967838012297	23.779486540661132	23.76334892359263	26.17719669773394	0.0
31.0	26.170685027688755	23.64444016624577	23.81515916786519	26.369715638200287	0.0
32.0	26.410484355004925	23.70106338402999	23.59376238632889	26.294689874636195	0.0
33.0	26.309978143437935	23.59064810935076	23.842055196312696	26.25731855089861	0.0
34.0	26.343385841930626	23.63538045140029	23.743247681279232	26.27798602538985	0.0
35.0	26.30112708195905	23.735819463043544	23.621440886943574	26.341612568053836	0.0
36.0	26.28583885644073	23.696466438098255	23.730157157296023	26.28753754816499	0.0
37.0	26.36907475092933	23.824434547992286	23.64182518763466	26.16466551344373	0.0
38.0	26.32632434253552	23.72591042798538	23.730723387870775	26.217041841608324	0.0
39.0	26.251015676093463	23.825567009141793	23.59199689705645	26.331420417708294	0.0
40.0	26.28527262586598	23.653149799129704	23.727609119709637	26.33396845529468	0.0
41.0	26.310753001729836	23.757336224884135	23.6709860622344	26.260924711151628	0.0
42.0	26.19920557850362	23.727892234997014	23.667022448211135	26.405879738288228	0.0
43.0	26.226101530804357	23.682027558442073	23.72222992924949	26.369640981504077	0.0
44.0	26.298862159660036	23.6888223253391	23.71685073878934	26.295464776211517	0.0
45.0	26.254413059541974	23.782533485460615	23.700713167408903	26.262340287588508	0.0
46.0	26.25575430192461	23.796055648983337	23.715084906034303	26.23310514305775	0.0
47.0	26.24782709632121	23.588815845351544	23.80907891533178	26.35427814299546	0.0
48.0	26.29765524582831	23.753022247136297	23.71536802052014	26.23395448651526	0.0
49.0	26.218383189794288	23.777086978432337	23.800868595242545	26.203661236530827	0.0
50.0	26.275289201447283	23.708856387345914	23.79520630552583	26.220648105680976	0.0
51.0	26.1694043837447	23.7340535765853	23.760666338253863	26.33587570141614	0.0
52.0	26.288312467795727	23.743113240132043	23.717349821920987	26.25122447015124	0.0
53.0	26.268211339301388	23.755853391994656	23.64996857429207	26.325966694411886	0.0
54.0	26.341821105618692	23.75217290367879	23.654498406065443	26.251507584637075	0.0
55.0	26.291709841625753	23.790676473752455	23.749907987792103	26.167705696829685	0.0
56.0	26.165723895428833	23.639493338316147	23.826348898967765	26.368433867287255	0.0
57.0	26.405521864931742	23.69300197613911	23.597309279926616	26.304166879002533	0.0
58.0	26.304733107974204	23.59249633366741	23.847582485405447	26.25518807295294	0.0
59.0	26.345501593934557	23.63156613271275	23.737167835929494	26.285764437423204	0.0
60.0	26.304941749359458	23.735685064337588	23.621024022196114	26.338349164106845	0.0
61.0	26.280593972509664	23.704825672748893	23.738233087496287	26.276347267245164	0.0
62.0	26.374304602012938	23.828263239103663	23.63829395693841	26.15913820194499	0.0
63.0	26.33042198094645	23.72294494854409	23.738799314864885	26.20783375564458	0.0
64.0	26.255396854606968	23.826564556997862	23.59695935903062	26.321079229364553	0.0
65.0	26.28767181461716	23.656413232733602	23.72549297170279	26.33042198094645	0.0
66.0	26.304941749359458	23.76314709171468	23.6722675990544	26.259643559871463	0.0
67.0	26.203303936695782	23.733703268547483	23.674249394844498	26.388743399912233	0.0
68.0	26.23614512407457	23.6759480769503	23.71388531064649	26.374021488328637	0.0
69.0	26.302110612516454	23.687555738006598	23.71869824327959	26.29163540619736	0.0
70.0	26.254547513554066	23.78834420961737	23.700295853800093	26.25681242302847	0.0
71.0	26.257304312375428	23.797053361116145	23.705324787099112	26.240317539409315	0.0
72.0	26.25022649030622	23.58528492480522	23.809510327957963	26.354978256930607	0.0
73.0	26.301469922087335	23.74892417104548	23.7180648668237	26.23154104004349	0.0
74.0	26.213704928429067	23.785162620039863	23.798752038412758	26.20238041311832	0.0
75.0	26.27174306939663	23.71778175394093	23.79139110346077	26.219084073201664	0.0
76.0	26.164160173944556	23.72995560789998	23.7712900887842	26.334594129371265	0.0
77.0	26.29071163254213	23.74665926798333	23.716649302409856	26.245979797064685	0.0
78.0	26.266080811741254	23.756001993114694	23.658044935676752	26.319872259467296	0.0
79.0	26.340539499909404	23.757700670411307	23.653232016669687	26.248527813009602	0.0
80.0	26.294392100018122	23.780349701032797	23.7469423808661	26.178315818082986	0.0
81.0	26.153401884399347	23.63992571117956	23.83470737452437	26.37196502989672	0.0
82.0	26.400559431056354	23.705041674216343	23.600006794709184	26.294392100018122	0.0
83.0	26.317890469287914	23.587266714984597	23.84121897082805	26.253623844899437	0.0
84.0	26.334594129371265	23.629450534517122	23.739581445914116	26.2963738901975	0.0
85.0	26.30422658026086	23.734701330909893	23.616360480950803	26.34471160787844	0.0
86.0	26.28780607954883	23.70384211405453	23.738381787966038	26.269970018430595	0.0
87.0	26.37642016097753	23.82954387812591	23.64014189577512	26.15389406512144	0.0
88.0	26.311304382291905	23.722244399335253	23.750272495378194	26.21617872299465	0.0
89.0	26.250152172743668	23.822466076094866	23.60815023059479	26.319231520566678	0.0
90.0	26.291486536604975	23.65401438775597	23.72649108055388	26.328007995085173	0.0
91.0	26.29714877822981	23.762446314871593	23.67892825090525	26.26147665599334	0.0
92.0	26.211365817613537	23.732153322178718	23.673549121361656	26.382931738846093	0.0
93.0	26.23203299954419	23.678362026742768	23.717997718116628	26.37160725559642	0.0
94.0	26.29828122655478	23.683741156286363	23.728472865122573	26.289504752036287	0.0
95.0	26.2611935439121	23.779149927664864	23.694499415373553	26.265157113049487	0.0
96.0	26.258004971434072	23.79805106195041	23.717364347230323	26.22657961938519	0.0
97.0	26.246680520245285	23.593644717992852	23.809658624418915	26.350016137342948	0.0
98.0	26.304435221308086	23.756999926391067	23.711135899076492	26.22742895322435	0.0
99.0	26.21553827947613	23.786726610761626	23.797484839390968	26.20025027037127	0.0
100.0	26.258004971434072	23.726990130740788	23.802014619866483	26.212990277958653	0.0
101.0	26.168824918322397	23.723026572824715	23.768890600139294	26.3392579087136	0.0
102.0	26.294526326517904	23.737182136810695	23.72614079690163	26.242150739769777	0.0
103.0	26.259986750392112	23.762945263265177	23.655929199531165	26.32113878681154	0.0
104.0	26.349733026063227	23.743693696244243	23.658194089768926	26.248379187923604	0.0
105.0	26.295092549077342	23.78417860924415	23.750488366957516	26.170240474720995	0.0
106.0	26.154669354336413	23.64460474834238	23.839668420069195	26.361057477252007	0.0
107.0	26.407204615846304	23.7054736734821	23.591662939034816	26.29565877163678	0.0
108.0	26.3103805581822	23.586000713440423	23.847029313341903	26.256589415035474	0.0
109.0	26.331613904161173	23.621106512125657	23.74680792032116	26.30047166339201	0.0
110.0	26.306059413564952	23.718712753277714	23.628400510731304	26.34682732242603	0.0
111.0	26.286524790569022	23.707105223671434	23.732585166709605	26.27378481904994	0.0
112.0	26.3867458998525	23.827710287385447	23.63972492985938	26.145818882902677	0.0
113.0	26.312570954563597	23.715032317061084	23.75127045827093	26.221126270104385	0.0
114.0	26.24462443979514	23.82374674069062	23.621039638298054	26.310589181216187	0.0
115.0	26.294451883958676	23.647935133727234	23.732585166709605	26.325027815604486	0.0
116.0	26.30549319260855	23.756083336400362	23.680775949198658	26.25764752179243	0.0
117.0	26.21065118241091	23.73485005053522	23.667469756723168	26.387029010330703	0.0
118.0	26.24292577692593	23.674547518678214	23.71984519519052	26.362681509205338	0.0
119.0	26.29501810491508	23.68445638541528	23.727772288580173	26.292753221089466	0.0
120.0	26.253117754141197	23.77193752317967	23.706255892236825	26.268688830442304	0.0
121.0	26.246397408965567	23.79776795067069	23.71340078931425	26.242433851049498	0.0
122.0	26.23875340441314	23.59732516462921	23.816453295132185	26.34746813582547	0.0
123.0	26.302736553629767	23.752753257195273	23.708021674999575	26.23648851417538	0.0
124.0	26.211574721560055	23.78644349948191	23.79805106195041	26.20393071700763	0.0
125.0	26.270178756462016	23.717364347230323	23.793238170195178	26.219218726112487	0.0
126.0	26.16571069424548	23.724442129223313	23.77596838213228	26.333878794398924	0.0
127.0	26.28801476708435	23.74709103160088	23.727556353300226	26.23733784801454	0.0
128.0	26.270744979021455	23.749072810558918	23.655646088251448	26.32453612216818	0.0
129.0	26.348034358384908	23.7343510240135	23.66668742816051	26.250927189441082	0.0
130.0	26.294317657417395	23.781414824314798	23.745459589997083	26.178807928270725	0.0
131.0	26.16444328682732	23.629450534517122	23.843483873890197	26.362622304765353	0.0
132.0	26.403673672766804	23.699945642326508	23.59944056894365	26.296940115963036	0.0
133.0	26.302393726200755	23.604037201138116	23.841003354897158	26.25256571776397	0.0
134.0	26.33693359568535	23.619891567458914	23.742196679076482	26.30097815777926	0.0
135.0	26.30671490937505	23.718765394350168	23.637228422429462	26.33729127384532	0.0
136.0	26.287746238824056	23.703477212115036	23.733770462099464	26.275006086961444	0.0
137.0	26.380041561206518	23.82465021205275	23.640342681773653	26.154965544967073	0.0
138.0	26.318039488808488	23.713386219119286	23.75755207890967	26.21102221316256	0.0
139.0	26.26169970612716	23.81134383121847	23.615994835991778	26.31096162666259	0.0
140.0	26.28293329256485	23.653649062607936	23.73461980555697	26.328797839270244	0.0
141.0	26.30756425283256	23.7609494527397	23.676015106988967	26.25547118743878	0.0
142.0	26.212154671105903	23.731505546212777	23.662425611668848	26.393914171012472	0.0
143.0	26.241598577632825	23.676864450446473	23.717916050892658	26.363620921028048	0.0
144.0	26.287746238824056	23.686773457450723	23.728957515840253	26.296522787884964	0.0
145.0	26.246128409406193	23.767177971428087	23.717349821920987	26.269343797244733	0.0
146.0	26.240540410460543	23.806881400174966	23.720531237525233	26.232046951839262	0.0
147.0	26.247052062070196	23.589448859470064	23.809429437761352	26.35406964069839	0.0
148.0	26.30254265839593	23.76214918476953	23.706375473156424	26.228932683678117	0.0
149.0	26.225326432850526	23.7817514693725	23.79166053248474	26.201261565292235	0.0
150.0	26.268643194455453	23.71210491149791	23.79166053248474	26.2275913615619	0.0
151.0	26.172383724222282	23.72427890332152	23.77410733497163	26.329230037484567	0.0
152.0	26.28874443676885	23.743813913457075	23.722863322876915	26.244578326897162	0.0
153.0	26.27005877490006	23.75287362830255	23.654915461535847	26.322152135261547	0.0
154.0	26.34253649366386	23.74041652039002	23.669071265981902	26.247975719964213	0.0
155.0	26.297595488249232	23.777572046170704	23.75209152602835	26.172740939551716	0.0
156.0	26.157809801534498	23.629568811755046	23.84756943461397	26.365051952096486	0.0
157.0	26.411483253588518	23.69157158630843	23.59757651255627	26.299368647546785	0.0
158.0	26.304539238807617	23.60075762508883	23.846221359025392	26.248481777078158	0.0
159.0	26.345025183390003	23.612082364832155	23.742316871880387	26.300575579897455	0.0
160.0	26.301499399787094	23.7137890421508	23.642159860478813	26.342551697583293	0.0
161.0	26.285078480668616	23.699916196688637	23.738703540123666	26.276301782519084	0.0
162.0	26.3830377567892	23.817127584879163	23.652352155104076	26.147482503227558	0.0
163.0	26.324998301284232	23.712656564970217	23.757389413603317	26.204955720142237	0.0
164.0	26.247423614414167	23.81457951122285	23.624889583474893	26.313107290888087	0.0
165.0	26.279982333355985	23.641593621888518	23.743799687436297	26.334624357319196	0.0
166.0	26.307444904985168	23.765599873162554	23.681513442504134	26.245441779348145	0.0
167.0	26.201558288600484	23.737004824352788	23.673019863649746	26.388417023396975	0.0
168.0	26.240911870625805	23.682362800389573	23.714921519331387	26.361803809653235	0.0
169.0	26.294421417408437	23.686609589816765	23.724830694661502	26.294138298113296	0.0
170.0	26.255350954678264	23.76390115739168	23.7137890421508	26.26695884577926	0.0
171.0	26.24466672517815	23.802755891021413	23.718669222297407	26.233908161503027	0.0
172.0	26.243251124694584	23.584470296455056	23.810400133632687	26.36187844521768	0.0
173.0	26.304971305778196	23.76170347699791	23.706211938042	26.227113279181896	0.0
174.0	26.23115122619661	23.754975849787378	23.796311500937133	26.217561423078884	0.0
175.0	26.27050503105836	23.70542969258733	23.78923347847998	26.23483179787433	0.0
176.0	26.175376409234268	23.72864560624678	23.77083062009139	26.325147364427558	0.0
177.0	26.292305340226385	23.738837958585073	23.723549430077632	26.245307271110914	0.0
178.0	26.27560120722751	23.751012157211374	23.657865381675283	26.315521253885834	0.0
179.0	26.34100213473157	23.748180948228512	23.672587668386154	26.23822924865376	0.0
180.0	26.29804221344545	23.77656035446837	23.759006809076883	26.1663906230093	0.0
181.0	26.154573560888327	23.617512825449317	23.852504501647772	26.375409112014587	0.0
182.0	26.413630649709518	23.691407798326182	23.605338557887226	26.289622994077078	0.0
183.0	26.306684824307837	23.59209859485905	23.83501838885853	26.26619819197459	0.0
184.0	26.344623346913814	23.614182212495365	23.739605835737525	26.3015886048533	0.0
185.0	26.294868092479657	23.705698155729582	23.64284460450394	26.356589147286826	0.0
186.0	26.285241872922576	23.69097570228934	23.740239296493222	26.283543128294856	0.0
187.0	26.391979660364324	23.81696592884525	23.64426022502704	26.14679418576339	0.0
188.0	26.324879247569378	23.709095644985023	23.756660494561185	26.20936461288441	0.0
189.0	26.250134483949694	23.81328531548519	23.621327172552817	26.315253028012297	0.0
190.0	26.27731439799322	23.649356458910198	23.735992434923926	26.33733670817266	0.0
191.0	26.31072304233838	23.763455473072067	23.68021698631378	26.245604498275775	0.0
192.0	26.20370213079201	23.730046828726902	23.671723263175178	26.394527777305903	0.0
193.0	26.240508264392616	23.67398825601214	23.716456871705144	26.369046607890102	0.0
194.0	26.288073113968778	23.68729508892928	23.732028697459246	26.292603099642697	0.0
195.0	26.263158192762216	23.765154217699784	23.707680024461922	26.264007565076074	0.0
196.0	26.240865682713242	23.80259399039074	23.724734641181648	26.231805685714367	0.0
197.0	26.23888380836974	23.58713593676122	23.816183985889054	26.35779626897999	0.0
198.0	26.305984411142664	23.762673378614444	23.71199402040198	26.219348189840915	0.0
199.0	26.23272933182333	23.7638731596829	23.796149490373725	26.207248018120044	0.0
200.0	26.280011325028312	23.69507361268403	23.786240090600227	26.23867497168743	0.0
201.0	26.171291053227634	23.732446206115515	23.76925254813137	26.327010192525478	0.0
202.0	26.29105322763307	23.733012457531146	23.731313703284258	26.24462061155153	0.0
203.0	26.272650056625142	23.761041902604756	23.64779161947905	26.318516421291054	0.0
204.0	26.3471121177803	23.747168742921858	23.666761041902603	26.238958097395244	0.0
205.0	26.295657688725054	23.78092803207257	23.762807935469805	26.160606343732567	0.0
206.0	26.154168483400248	23.608853957270426	23.860837264084168	26.37614029524516	0.0
207.0	26.416061246099922	23.69464153251151	23.6000770106286	26.28922021075997	0.0
208.0	26.31534242929583	23.593915010603148	23.828911344094088	26.261831216006932	0.0
209.0	26.338558934532287	23.61798090017752	23.734063426359793	26.309396738930396	0.0
210.0	26.29757981404093	23.706383990758674	23.63475237545159	26.36128381974881	0.0
211.0	26.289085946613213	23.696757607673927	23.73951007372677	26.274646371986094	0.0
212.0	26.39101235574582	23.809442915548306	23.643529371793566	26.15601535691231	0.0
213.0	26.338916635522487	23.6976069944167	23.75168461703983	26.211791753020986	0.0
214.0	26.263321215415804	23.803780337263163	23.616632124939127	26.31626632238191	0.0
215.0	26.27945956352847	23.65004133682148	23.73413062435588	26.33636847529417	0.0
216.0	26.31711570912468	23.759329097724777	23.678637357161463	26.244917835989085	0.0
217.0	26.208677334964154	23.73044994847054	23.67665545476166	26.384217261803645	0.0
218.0	26.249731027531453	23.672408521047803	23.721672952128564	26.356187499292176	0.0
219.0	26.302825076303677	23.67509074333086	23.727469889069464	26.294614291296003	0.0
220.0	26.272246980413033	23.758331115477613	23.70878327491407	26.260638629195288	0.0
221.0	26.243024312624048	23.80213538850084	23.713514783785545	26.24132551508957	0.0
222.0	26.239909850477506	23.58837003207896	23.819972762612863	26.351747354830675	0.0
223.0	26.306162954322165	23.769575102423335	23.708984657026935	26.21527728622757	0.0
224.0	26.240550411959568	23.75407004728333	23.802769047821286	26.20261049293581	0.0
225.0	26.28047226705173	23.699991505988276	23.793142501203317	26.226393725756676	0.0
226.0	26.17656219032249	23.729437413290295	23.778136413828253	26.315863982558962	0.0
227.0	26.29123134856593	23.73453382032334	23.729437413290295	26.244797417820436	0.0
228.0	26.28018913332767	23.750389308870577	23.65865398227583	26.310767575525922	0.0
229.0	26.34446048868881	23.752371244938985	23.665732325377277	26.23743594099493	0.0
230.0	26.290456384541987	23.78414956298186	23.754420437782603	26.170973614693548	0.0
231.0	26.16057170685301	23.605841648074115	23.856699548116016	26.376887096956864	0.0
232.0	26.417941719424213	23.696161817502293	23.593100558342865	26.292795904730625	0.0
233.0	26.314105558811622	23.5945830395796	23.832417387955957	26.25889401365282	0.0
234.0	26.347798758164938	23.613553160223905	23.734452287315218	26.304195794295936	0.0
235.0	26.311631831386293	23.704790110593287	23.634005877922682	26.34957218009774	0.0
236.0	26.28954715079307	23.697711687326226	23.73593517296835	26.276805988912354	0.0
237.0	26.38609684415577	23.807851953361688	23.65212664148636	26.153924560996188	0.0
238.0	26.343060030692044	23.697711687326226	23.758586127422944	26.20064215455879	0.0
239.0	26.26746247019984	23.810400185737826	23.611071786537405	26.31106555752493	0.0
240.0	26.282452409739193	23.63642541431771	23.73779274062706	26.343329435316036	0.0
241.0	26.32654968243226	23.7514618309911	23.682653127681203	26.23933535889544	0.0
242.0	26.2029829275959	23.723534092421485	23.67539495331919	26.39808802666342	0.0
243.0	26.24332391271104	23.67738427643391	23.715614256667592	26.363677554187458	0.0
244.0	26.306876269069672	23.675707209873327	23.71762013859586	26.29979638246114	0.0
245.0	26.272741690645034	23.747082946280898	23.697804563065002	26.282370800009065	0.0
246.0	26.239931574356245	23.813879983233452	23.70002605612262	26.24616238628768	0.0
247.0	26.237930829384627	23.587174178418383	23.81120970688449	26.363685285312506	0.0
248.0	26.29017821737308	23.76165550683752	23.72285102477822	26.22531525101118	0.0
249.0	26.241399918991416	23.729850530662883	23.827004183555257	26.201745366790448	0.0
