{
  "alignment": "../../docs/results/latest/snippy_multi/snippy-core_chromosome.snps.filter5.aln",
  "generated_by": {
    "program": "augur",
    "version": "10.3.0"
  },
  "input_tree": "../../docs/results/latest/parse_tree/parse_tree.xml",
  "models": {
    "Branch_Major": {
      "alphabet": [
        "0.ANT",
        "0.PE",
        "0.PRE",
        "1.ANT",
        "1.IN",
        "1.ORI",
        "1.PRE",
        "2.ANT",
        "2.MED",
        "3.ANT",
        "4.ANT",
        "NA"
      ],
      "equilibrium_probabilities": [
        [
          0.0,
          1.500908578704597,
          1.0087603150615245,
          1.008900580533469,
          1.005866456238169,
          0.9971760588090066,
          1.2631289278853812,
          1.1075883358633791,
          1.0988326622721545,
          1.2304124018500693,
          1.2299390837801083
        ],
        [
          1.500908578704597,
          0.0,
          1.516404986078194,
          1.0103019470206898,
          1.0072421457028509,
          0.9987372391761474,
          1.007408993542003,
          1.0056845567278585,
          0.9989095146126873,
          1.0099066440031474,
          1.0095984757861696
        ],
        [
          1.0087603150615245,
          1.516404986078194,
          0.0,
          1.0183844270457074,
          1.0153918105683621,
          1.0081226445583855,
          1.0154476868113134,
          1.0139983551555618,
          1.0081076437757086,
          1.0179099887505387,
          1.0176407793260251
        ],
        [
          1.008900580533469,
          1.0103019470206898,
          1.0183844270457074,
          0.0,
          1.3547086659780403,
          1.0082484221475516,
          1.3543980787708054,
          1.0142028733523394,
          1.0082408628555122,
          1.018155517626704,
          1.017882928625016
        ],
        [
          1.005866456238169,
          1.0072421457028509,
          1.0153918105683621,
          1.3547086659780403,
          0.0,
          1.5086560465770746,
          1.3497566320406689,
          1.0112055247841993,
          1.0051009698061157,
          1.0151406325844854,
          1.014862229467294
        ],
        [
          0.9971760588090066,
          0.9987372391761474,
          1.0081226445583855,
          1.0082484221475516,
          1.5086560465770746,
          0.0,
          1.005173449739153,
          1.0033116631431334,
          0.996083128447153,
          1.0077522089242403,
          1.007423461020001
        ],
        [
          1.2631289278853812,
          1.007408993542003,
          1.0154476868113134,
          1.3543980787708054,
          1.3497566320406689,
          1.005173449739153,
          0.0,
          1.236327064916981,
          1.2270935516833477,
          1.1212845119334338,
          1.1209276406893076
        ],
        [
          1.1075883358633791,
          1.0056845567278585,
          1.0139983551555618,
          1.0142028733523394,
          1.0112055247841993,
          1.0033116631431334,
          1.236327064916981,
          0.0,
          1.400495776699941,
          1.0534673170034552,
          1.053145599236973
        ],
        [
          1.0988326622721545,
          0.9989095146126873,
          1.0081076437757086,
          1.0082408628555122,
          1.0051009698061157,
          0.996083128447153,
          1.2270935516833477,
          1.400495776699941,
          0.0,
          1.0467793303134778,
          1.0464187900066988
        ],
        [
          1.2304124018500693,
          1.0099066440031474,
          1.0179099887505387,
          1.018155517626704,
          1.0151406325844854,
          1.0077522089242403,
          1.1212845119334338,
          1.0534673170034552,
          1.0467793303134778,
          0.0,
          1.4219270322174116
        ],
        [
          1.2299390837801083,
          1.0095984757861696,
          1.0176407793260251,
          1.017882928625016,
          1.014862229467294,
          1.007423461020001,
          1.1209276406893076,
          1.053145599236973,
          1.0464187900066988,
          1.4219270322174116,
          0.0
        ]
      ],
      "rate": 7.993114681587766
    },
    "Branch_Minor": {
      "alphabet": [
        "0.ANT1",
        "0.ANT2",
        "0.ANT3",
        "0.ANT4",
        "0.ANT5",
        "0.PE10",
        "0.PE2",
        "0.PE4a",
        "0.PE4h",
        "0.PE4m",
        "0.PE4t",
        "0.PE5",
        "0.PE7",
        "0.PE8",
        "0.PRE1",
        "0.PRE2",
        "1.ANT1",
        "1.IN1",
        "1.IN2",
        "1.IN3",
        "1.ORI1",
        "1.ORI2",
        "1.ORI3",
        "1.PRE0",
        "1.PRE1",
        "1.PRE2",
        "1.PRE3",
        "2.ANT1",
        "2.ANT2",
        "2.ANT3",
        "2.MED0",
        "2.MED1",
        "2.MED2",
        "2.MED3",
        "3.ANT1",
        "3.ANT2",
        "4.ANT1",
        "NA"
      ],
      "equilibrium_probabilities": [
        [
          0.0,
          1.0592544451127899,
          1.0732931451083352,
          1.2835852340532083,
          1.0590679632932718,
          1.029717153248399,
          1.0700971388964633,
          1.0030153856643995,
          1.0002015305921494,
          1.0110066912513147,
          1.0001393135363217,
          1.284671873210594,
          1.028809635166715,
          1.0721047841724363,
          1.0087718842001239,
          1.0089202644453783,
          0.9984696220933753,
          0.9985592274570192,
          0.9978077974950015,
          0.9983143451045688,
          0.9956208801391305,
          0.9981964578949718,
          0.9983774646246297,
          1.0054611295659637,
          1.0043057204530603,
          0.9985867835901089,
          0.998548710811917,
          0.9982698122654171,
          1.0009361105212051,
          1.0013313549579592,
          1.0023310195585937,
          0.9965289448246989,
          0.9990676292541844,
          0.9994387089849409,
          1.0040250578599255,
          1.0038983417173173,
          1.0143243146774517
        ],
        [
          1.0592544451127899,
          0.0,
          1.1432367058790533,
          1.1372260910699377,
          1.4155239596731068,
          1.0029460080887043,
          1.0048622933021785,
          1.0007511708232821,
          1.0009233147138097,
          1.001474131130224,
          1.000870047901578,
          1.0272534406443607,
          1.0028361036393463,
          1.0061443890350503,
          1.0013162210055442,
          1.0014821358063688,
          1.000655439686114,
          1.000714118036362,
          1.0000598997311898,
          1.0004252936437998,
          0.998125477383448,
          1.0003389571943955,
          1.0004989631932384,
          1.015189128428088,
          1.0141411727423781,
          1.0007364369753637,
          1.00072107144102,
          1.000496210914346,
          1.0067259098063581,
          1.0071061915137012,
          1.0086810214471997,
          0.9995137785918515,
          1.0017014972885423,
          1.003271052865983,
          1.0123452827406365,
          1.0122332075424596,
          1.0336959182093375
        ],
        [
          1.0732931451083352,
          1.1432367058790533,
          0.0,
          1.170075548227361,
          1.1430445238836677,
          1.0034349496784836,
          1.00606292714333,
          1.0008478400446024,
          1.0009765853052435,
          1.0016800956520633,
          1.0009233724734226,
          1.0333617981135408,
          1.0033147535953435,
          1.0073519461871858,
          1.001491956570645,
          1.001658916516427,
          1.0006899543895065,
          1.0007482312423148,
          1.000094603042224,
          1.0004583065503887,
          0.9981614004504326,
          1.0003723476823796,
          1.000532240049533,
          1.0834577400554832,
          1.0820498495189264,
          1.0008052933995328,
          1.0007556543513323,
          1.0006177025317973,
          1.0405298759736938,
          1.041108747652491,
          1.0487774858876804,
          1.0048303123885933,
          1.0070697778355295,
          1.0193586241231871,
          1.0668048341412768,
          1.066673320257448,
          1.1774813925658376
        ],
        [
          1.2835852340532083,
          1.1372260910699377,
          1.170075548227361,
          0.0,
          1.1370357073111934,
          1.0138659246508333,
          1.0313315248574502,
          1.002238793797923,
          1.0012866699119,
          1.0056983575616703,
          1.0012332837049087,
          1.1425902931430978,
          1.013430787272385,
          1.0328572293365288,
          1.0047468451837698,
          1.004914771224828,
          1.000500822897758,
          1.000560988849927,
          0.9999075094595411,
          1.0002785538028451,
          0.9979779298935952,
          1.0001910116549382,
          1.000350613060053,
          1.0175868397371837,
          1.0165190872893126,
          1.0005862081788912,
          1.000566557881113,
          1.0003454888958752,
          1.0077457228166535,
          1.0081343939698086,
          1.0099274974900272,
          0.9995299891579774,
          1.001719523005134,
          1.0036519607866006,
          1.0142456191812828,
          1.0141325096707903,
          1.039541583847881
        ],
        [
          1.0590679632932718,
          1.4155239596731068,
          1.1430445238836677,
          1.1370357073111934,
          0.0,
          1.002811659876572,
          1.0047146185591134,
          1.000612865689675,
          1.000789127541927,
          1.0013380758543091,
          1.0007352651373393,
          1.0271058920507687,
          1.0027027030348337,
          1.006009237853014,
          1.0011818374378068,
          1.0013458996696618,
          1.0005194150643655,
          1.0005800916228895,
          0.9999190542486914,
          1.0002936808433507,
          0.9979666343674037,
          1.0002052753499433,
          1.0003667774526568,
          1.0150489192549363,
          1.0139901235080377,
          1.000603116341838,
          1.0005859703514863,
          1.0003581170015343,
          1.0065825945822116,
          1.006965641231334,
          1.0085439189811378,
          0.9993570703605088,
          1.0015696134321173,
          1.0031314518403385,
          1.012204163466299,
          1.0120908730287774,
          1.0335417897204566
        ],
        [
          1.029717153248399,
          1.0029460080887043,
          1.0034349496784836,
          1.0138659246508333,
          1.002811659876572,
          0.0,
          1.072329729284488,
          1.1274163228017815,
          1.0480052147980359,
          1.2737541591883756,
          1.0479440977079684,
          1.0738901069270008,
          1.0309648929044126,
          1.286052508052463,
          1.010984803766765,
          1.011167726591875,
          1.0007155283997102,
          1.0007735080644575,
          1.0001203350427947,
          1.000482786237498,
          0.9981879435517771,
          1.0003970977310828,
          1.0005569309492746,
          1.0012019709931177,
          1.000252863714366,
          1.0007827677848333,
          1.0007809214873962,
          1.0005352101552882,
          1.00032696752638,
          1.0006607897933815,
          1.001071766155563,
          0.9986614517542085,
          1.0008333648676113,
          1.000414655427405,
          1.0010201308824955,
          1.0009137517962552,
          1.0011614380361968
        ],
        [
          1.0700971388964633,
          1.0048622933021785,
          1.00606292714333,
          1.0313315248574502,
          1.0047146185591134,
          1.072329729284488,
          0.0,
          1.0112014771064346,
          1.0036301727592276,
          1.029816197473017,
          1.0035716026307107,
          1.1642031266219195,
          1.2760211424966692,
          1.1643779828596914,
          1.1101874740330537,
          1.1104661589691633,
          0.999553254506969,
          0.9996275853626582,
          0.9989238588014848,
          0.9993607640141201,
          0.9968605694805331,
          0.9992584407125118,
          0.9994291602236662,
          1.0003510039077366,
          0.9993197694376736,
          0.9996431654719533,
          0.9996257003774147,
          0.9993579967044789,
          0.999265711768919,
          0.999620298838872,
          1.0000846037306241,
          0.9973691264100593,
          0.9997272348020932,
          0.9992962685462966,
          1.0000968735865243,
          0.9999814126482675,
          1.000697854085611
        ],
        [
          1.0030153856643995,
          1.0007511708232821,
          1.0008478400446024,
          1.002238793797923,
          1.000612865689675,
          1.1274163228017815,
          1.0112014771064346,
          0.0,
          1.2217198657048922,
          1.264307984348219,
          1.221637374830503,
          1.012316025690084,
          1.0050999675634067,
          1.0586938144093143,
          1.0017643976188373,
          1.0019260846875477,
          1.0002158551799754,
          1.0002810444118404,
          0.9996041577672692,
          0.9999997203497301,
          0.9976098034945976,
          0.9999066182452656,
          1.000071607708786,
          1.000573388524225,
          0.9995888009060417,
          1.0002925933562665,
          1.0002844368469765,
          1.000027997209403,
          0.9997564726307425,
          1.0000990920337538,
          1.0005130966302842,
          0.9980852500120818,
          1.0003433985451347,
          0.9998842897493957,
          1.0004096275984964,
          1.000299178187715,
          1.0002910525615283
        ],
        [
          1.0002015305921494,
          1.0009233147138097,
          1.0009765853052435,
          1.0012866699119,
          1.000789127541927,
          1.0480052147980359,
          1.0036301727592276,
          1.2217198657048922,
          0.0,
          1.106601337461382,
          1.3979065318175643,
          1.004620401249017,
          1.0023278929643629,
          1.0214355952377026,
          1.0011055555022628,
          1.0012704000583739,
          1.0005819876281938,
          1.0006418257903356,
          0.9999829794601772,
          1.000353859679602,
          0.9980361926015214,
          1.0002662840813998,
          1.0004273226267808,
          1.000912805067093,
          0.9999565365616638,
          1.000651444645121,
          1.000648105506644,
          1.0003995299992738,
          1.0001236992964562,
          1.0004589685359766,
          1.0008607586869596,
          0.9985032496613413,
          1.0006956246399483,
          1.0002513433703482,
          1.0007586606753778,
          1.0006513834896513,
          1.0006184957642912
        ],
        [
          1.0110066912513147,
          1.001474131130224,
          1.0016800956520633,
          1.0056983575616703,
          1.0013380758543091,
          1.2737541591883756,
          1.029816197473017,
          1.264307984348219,
          1.106601337461382,
          0.0,
          1.1065316637393054,
          1.0310874186022443,
          1.0128186826747272,
          1.1361850107959206,
          1.0045225794408499,
          1.0046921948554663,
          1.0004689269538543,
          1.000530473019433,
          0.9998655089579814,
          1.0002443518143527,
          0.9979022834567292,
          1.0001549926803401,
          1.0003173914588508,
          1.0008576200142327,
          0.9998912098312747,
          1.0005408081804172,
          1.000535900003194,
          1.0002847933213719,
          1.0000307001410866,
          1.0003687659314944,
          1.0007785577687063,
          0.9983749185979912,
          1.0005896478762433,
          1.0001465513893204,
          1.0006911080787637,
          1.0005827250798944,
          1.000645078821154
        ],
        [
          1.0001393135363217,
          1.000870047901578,
          1.0009233724734226,
          1.0012332837049087,
          1.0007352651373393,
          1.0479440977079684,
          1.0035716026307107,
          1.221637374830503,
          1.3979065318175643,
          1.1065316637393054,
          0.0,
          1.0045663929479003,
          1.0022747311264133,
          1.0213789846311694,
          1.0010518775109791,
          1.0012159790956214,
          1.000527589472094,
          1.0005882258213779,
          0.9999266613135249,
          1.000301228132219,
          0.997972706318852,
          1.000212826420832,
          1.0003744608609049,
          1.0008601878198569,
          0.999899688728199,
          1.0005981277462603,
          1.0005940746126591,
          1.0003443109642423,
          1.0000681914576823,
          1.0004045585852035,
          1.0008080135227715,
          0.9984409228418446,
          1.0006431780524327,
          1.0001964003555301,
          1.0007050209247943,
          1.0005972682634192,
          1.0005641021639557
        ],
        [
          1.284671873210594,
          1.0272534406443607,
          1.0333617981135408,
          1.1425902931430978,
          1.0271058920507687,
          1.0738901069270008,
          1.1642031266219195,
          1.012316025690084,
          1.004620401249017,
          1.0310874186022443,
          1.0045663929479003,
          0.0,
          1.07185304548779,
          1.1666640031170559,
          1.025651919745141,
          1.0258498814766193,
          1.0005017840999195,
          1.0005617680054852,
          0.9999101858248794,
          1.0002801229997602,
          0.9979861847852926,
          1.0001928421788,
          1.000351980850229,
          1.0034766788427567,
          1.0025079511445802,
          1.000574870881086,
          1.0005672511300998,
          1.0003258991768273,
          1.0012165499305878,
          1.0015577328058434,
          1.002170067532547,
          0.9986032821953763,
          1.0007749290424561,
          1.0006883780353462,
          1.0028252849750678,
          1.0027178732739541,
          1.0070300050894607
        ],
        [
          1.028809635166715,
          1.0028361036393463,
          1.0033147535953435,
          1.013430787272385,
          1.0027027030348337,
          1.0309648929044126,
          1.2760211424966692,
          1.0050999675634067,
          1.0023278929643629,
          1.0128186826747272,
          1.0022747311264133,
          1.07185304548779,
          0.0,
          1.072093923753636,
          1.223792487858547,
          1.22416355367015,
          1.0006767423319676,
          1.0007346849281682,
          1.0000860892913632,
          1.0004474321579997,
          0.9981680168376358,
          1.0003620320832274,
          1.0005206815167704,
          1.0011556209744552,
          1.0002131434245303,
          1.0007439949513612,
          1.000741661199966,
          1.0004975692201574,
          1.000289680492437,
          1.0006209010342455,
          1.0010287191759792,
          0.998637544885271,
          1.0007945220337457,
          1.0003778899641895,
          1.0009755672304421,
          1.0008699285855474,
          1.0011084840196562
        ],
        [
          1.0721047841724363,
          1.0061443890350503,
          1.0073519461871858,
          1.0328572293365288,
          1.006009237853014,
          1.286052508052463,
          1.1643779828596914,
          1.0586938144093143,
          1.0214355952377026,
          1.1361850107959206,
          1.0213789846311694,
          1.1666640031170559,
          1.072093923753636,
          0.0,
          1.0259236598218762,
          1.0261282945338088,
          1.0007887159509397,
          1.000845430273249,
          1.0001980099545857,
          1.000554316347703,
          0.9982814635361147,
          1.0004700206549317,
          1.000628535039305,
          1.0015554084229756,
          1.0006123655349508,
          1.0008546812510364,
          1.0008533907125872,
          1.0006106281326028,
          1.0005255975182905,
          1.0008580271037886,
          1.0012882623774104,
          0.9987679116966461,
          1.0009197991357655,
          1.000542674348021,
          1.0013220640377685,
          1.0012165162153948,
          1.001949169555092
        ],
        [
          1.0087718842001239,
          1.0013162210055442,
          1.001491956570645,
          1.0047468451837698,
          1.0011818374378068,
          1.010984803766765,
          1.1101874740330537,
          1.0017643976188373,
          1.0011055555022628,
          1.0045225794408499,
          1.0010518775109791,
          1.025651919745141,
          1.223792487858547,
          1.0259236598218762,
          0.0,
          1.3979635327393667,
          1.000455132585669,
          1.0005161050459288,
          0.9998587951235581,
          1.0002337948561837,
          0.9979185511716543,
          1.0001453457121539,
          1.0003058447148785,
          1.000828742905196,
          0.999873669266438,
          1.0005263520250207,
          1.0005212899366103,
          1.00027300972648,
          1.0000177873616998,
          1.0003517669900484,
          1.0007560275090328,
          0.9983850863713939,
          1.000574222811479,
          1.0001348915865937,
          1.0006660616595306,
          1.0005589406985007,
          1.0006017402838578
        ],
        [
          1.0089202644453783,
          1.0014821358063688,
          1.001658916516427,
          1.004914771224828,
          1.0013458996696618,
          1.011167726591875,
          1.1104661589691633,
          1.0019260846875477,
          1.0012704000583739,
          1.0046921948554663,
          1.0012159790956214,
          1.0258498814766193,
          1.22416355367015,
          1.0261282945338088,
          1.3979635327393667,
          0.0,
          1.0006162240742145,
          1.0006764571263744,
          1.0000094580332053,
          1.0003835701654769,
          0.9980382037078167,
          1.0002951991496782,
          1.0004582666135595,
          1.000993436898984,
          1.0000251476834443,
          1.000686128421741,
          1.0006830705886112,
          1.0004316106166824,
          1.0001698390236788,
          1.0005095807101663,
          1.000919728701323,
          0.9985138157508663,
          1.000732623635295,
          1.000288711739744,
          1.0008296324970505,
          1.0007210297002536,
          1.000763653969535
        ],
        [
          0.9984696220933753,
          1.000655439686114,
          1.0006899543895065,
          1.000500822897758,
          1.0005194150643655,
          1.0007155283997102,
          0.999553254506969,
          1.0002158551799754,
          1.0005819876281938,
          1.0004689269538543,
          1.000527589472094,
          1.0005017840999195,
          1.0006767423319676,
          1.0007887159509397,
          1.000455132585669,
          1.0006162240742145,
          0.0,
          1.335219834490231,
          0.9998270314413747,
          1.0001708978158448,
          0.9978181739122249,
          1.000080538619526,
          1.0002434675915446,
          1.000723229367988,
          1.0002210754441216,
          1.332368634808866,
          1.0017015708627655,
          1.0002074970472625,
          0.9999285960740778,
          1.000267232488197,
          1.0006738965806916,
          0.9982885523142295,
          1.0005126519924514,
          1.0000595420963383,
          1.0005667385419341,
          1.0004579396570326,
          1.0004126843347814
        ],
        [
          0.9985592274570192,
          1.000714118036362,
          1.0007482312423148,
          1.000560988849927,
          1.0005800916228895,
          1.0007735080644575,
          0.9996275853626582,
          1.0002810444118404,
          1.0006418257903356,
          1.000530473019433,
          1.0005882258213779,
          1.0005617680054852,
          1.0007346849281682,
          1.000845430273249,
          1.0005161050459288,
          1.0006764571263744,
          1.335219834490231,
          0.0,
          1.5010211467926013,
          1.0002369490817764,
          0.9979162853427647,
          1.0001450688884117,
          1.0003057374293474,
          1.0007805452856153,
          1.0002922923464488,
          1.332357382563424,
          1.0017624017154958,
          1.0002727676804224,
          0.999996919812601,
          1.0003310174282836,
          1.00073184095876,
          0.99838051657458,
          1.000571834061885,
          1.0001259554083983,
          1.000626728933685,
          1.0005195272179033,
          1.0004750251842114
        ],
        [
          0.9978077974950015,
          1.0000598997311898,
          1.000094603042224,
          0.9999075094595411,
          0.9999190542486914,
          1.0001203350427947,
          0.9989238588014848,
          0.9996041577672692,
          0.9999829794601772,
          0.9998655089579814,
          0.9999266613135249,
          0.9999101858248794,
          1.0000860892913632,
          1.0001980099545857,
          0.9998587951235581,
          1.0000094580332053,
          0.9998270314413747,
          1.5010211467926013,
          0.0,
          1.5005801229785836,
          0.9983094550408487,
          0.9994903034202687,
          0.9996577087877795,
          1.0001335630438026,
          0.9991298763697196,
          0.9999119519333458,
          0.9998585173194934,
          0.9995956634385248,
          0.9993174541809262,
          0.9996637925593438,
          1.0000836334411667,
          0.9976231528778413,
          0.99992775109965,
          0.9994529377630713,
          0.9999679208582374,
          0.9998552739490706,
          0.9998075902926093
        ],
        [
          0.9983143451045688,
          1.0004252936437998,
          1.0004583065503887,
          1.0002785538028451,
          1.0002936808433507,
          1.000482786237498,
          0.9993607640141201,
          0.9999997203497301,
          1.000353859679602,
          1.0002443518143527,
          1.000301228132219,
          1.0002801229997602,
          1.0004474321579997,
          1.000554316347703,
          1.0002337948561837,
          1.0003835701654769,
          1.0001708978158448,
          1.0002369490817764,
          1.5005801229785836,
          0.0,
          1.497790476261822,
          0.9998797669117755,
          1.0000369290010809,
          1.000492083636836,
          0.9995538430530914,
          1.0002447898451208,
          1.00023620755379,
          0.9999915583363617,
          0.9997258140381793,
          1.0000518503158107,
          1.000444904398977,
          0.9981401462782079,
          1.0002929874192839,
          0.9998524828633334,
          1.000339391532245,
          1.0002341229084983,
          1.0001900539605182
        ],
        [
          0.9956208801391305,
          0.998125477383448,
          0.9981614004504326,
          0.9979779298935952,
          0.9979666343674037,
          0.9981879435517771,
          0.9968605694805331,
          0.9976098034945976,
          0.9980361926015214,
          0.9979022834567292,
          0.997972706318852,
          0.9979861847852926,
          0.9981680168376358,
          0.9982814635361147,
          0.9979185511716543,
          0.9980382037078167,
          0.9978181739122249,
          0.9979162853427647,
          0.9983094550408487,
          1.497790476261822,
          0.0,
          1.4975984812095962,
          1.4978732300952708,
          0.9982200200456329,
          0.9970883197537307,
          0.9979394265065922,
          0.9979000482139461,
          0.9976012948475094,
          0.9973199960648463,
          0.9976972381923149,
          0.9981667123286863,
          0.9954217248451043,
          0.998025787760761,
          0.9974724888050085,
          0.9980214596011966,
          0.9978944483650632,
          0.9978380015495275
        ],
        [
          0.9981964578949718,
          1.0003389571943955,
          1.0003723476823796,
          1.0001910116549382,
          1.0002052753499433,
          1.0003970977310828,
          0.9992584407125118,
          0.9999066182452656,
          1.0002662840813998,
          1.0001549926803401,
          1.000212826420832,
          1.0001928421788,
          1.0003620320832274,
          1.0004700206549317,
          1.0001453457121539,
          1.0002951991496782,
          1.000080538619526,
          1.0001450688884117,
          0.9994903034202687,
          0.9998797669117755,
          1.4975984812095962,
          0.0,
          0.9999497783455129,
          1.000407316914697,
          0.9994543556465515,
          1.0001567845453794,
          1.000146993438803,
          0.9998983687047207,
          0.9996299263880275,
          0.9999604804513099,
          1.0003595322174885,
          0.9980199339166829,
          1.0002068012950933,
          0.9997585700599473,
          1.000251691211967,
          1.0001447691549006,
          1.0000998900812887
        ],
        [
          0.9983774646246297,
          1.0004989631932384,
          1.000532240049533,
          1.000350613060053,
          1.0003667774526568,
          1.0005569309492746,
          0.9994291602236662,
          1.000071607708786,
          1.0004273226267808,
          1.0003173914588508,
          1.0003744608609049,
          1.000351980850229,
          1.0005206815167704,
          1.000628535039305,
          1.0003058447148785,
          1.0004582666135595,
          1.0002434675915446,
          1.0003057374293474,
          0.9996577087877795,
          1.0000369290010809,
          1.4978732300952708,
          0.9999497783455129,
          0.0,
          1.0005655868601617,
          0.9996232482502425,
          1.0003166335953149,
          1.000308971636974,
          1.0000633723164951,
          0.9997951776736218,
          1.0001231598194218,
          1.0005180795477504,
          0.9982021592574678,
          1.000364122723211,
          0.9999224070484375,
          1.0004127000701866,
          1.0003069721468942,
          1.0002628123397126
        ],
        [
          1.0054611295659637,
          1.015189128428088,
          1.0834577400554832,
          1.0175868397371837,
          1.0150489192549363,
          1.0012019709931177,
          1.0003510039077366,
          1.000573388524225,
          1.000912805067093,
          1.0008576200142327,
          1.0008601878198569,
          1.0034766788427567,
          1.0011556209744552,
          1.0015554084229756,
          1.000828742905196,
          1.000993436898984,
          1.000723229367988,
          1.0007805452856153,
          1.0001335630438026,
          1.000492083636836,
          0.9982200200456329,
          1.000407316914697,
          1.0005655868601617,
          0.0,
          1.4221043878595312,
          1.0008432793846482,
          1.0007882432766408,
          1.0006997281204928,
          1.0657285523470486,
          1.066397782503836,
          1.078485956110206,
          1.0094672653395738,
          1.0117182118022852,
          1.0323647726707081,
          1.0289372470689837,
          1.0288202527040842,
          1.0789373287671506
        ],
        [
          1.0043057204530603,
          1.0141411727423781,
          1.0820498495189264,
          1.0165190872893126,
          1.0139901235080377,
          1.000252863714366,
          0.9993197694376736,
          0.9995888009060417,
          0.9999565365616638,
          0.9998912098312747,
          0.999899688728199,
          1.0025079511445802,
          1.0002131434245303,
          1.0006123655349508,
          0.999873669266438,
          1.0000251476834443,
          1.0002210754441216,
          1.0002922923464488,
          0.9991298763697196,
          0.9995538430530914,
          0.9970883197537307,
          0.9994543556465515,
          0.9996232482502425,
          1.4221043878595312,
          0.0,
          1.500587461736757,
          1.0023964340098785,
          0.9997147040143692,
          1.0643927192182325,
          1.0650822559523785,
          1.07713973873177,
          1.0082832879673356,
          1.0107132530865242,
          1.0311966473963208,
          1.0278139236745272,
          1.0276880877391557,
          1.0775443827879188
        ],
        [
          0.9985867835901089,
          1.0007364369753637,
          1.0008052933995328,
          1.0005862081788912,
          1.000603116341838,
          1.0007827677848333,
          0.9996431654719533,
          1.0002925933562665,
          1.000651444645121,
          1.0005408081804172,
          1.0005981277462603,
          1.000574870881086,
          1.0007439949513612,
          1.0008546812510364,
          1.0005263520250207,
          1.000686128421741,
          1.332368634808866,
          1.332357382563424,
          0.9999119519333458,
          1.0002447898451208,
          0.9979394265065922,
          1.0001567845453794,
          1.0003166335953149,
          1.0008432793846482,
          1.500587461736757,
          0.0,
          1.5009415596147324,
          1.000284341573543,
          1.000047527131732,
          1.0003800449661868,
          1.000785282197896,
          0.9984115166830156,
          1.0005913089017873,
          1.0001616617293385,
          1.0006572554290687,
          1.0005506152531194,
          1.0005306051167546
        ],
        [
          0.998548710811917,
          1.00072107144102,
          1.0007556543513323,
          1.000566557881113,
          1.0005859703514863,
          1.0007809214873962,
          0.9996257003774147,
          1.0002844368469765,
          1.000648105506644,
          1.000535900003194,
          1.0005940746126591,
          1.0005672511300998,
          1.000741661199966,
          1.0008533907125872,
          1.0005212899366103,
          1.0006830705886112,
          1.0017015708627655,
          1.0017624017154958,
          0.9998585173194934,
          1.00023620755379,
          0.9979000482139461,
          1.000146993438803,
          1.000308971636974,
          1.0007882432766408,
          1.0023964340098785,
          1.5009415596147324,
          0.0,
          1.0002759573182212,
          0.9999980383198502,
          1.0003348350005918,
          1.0007389352759062,
          0.9983684910268487,
          1.0005773390228152,
          1.000128037037078,
          1.0006329606870727,
          1.0005248980950243,
          1.0004801789531832
        ],
        [
          0.9982698122654171,
          1.000496210914346,
          1.0006177025317973,
          1.0003454888958752,
          1.0003581170015343,
          1.0005352101552882,
          0.9993579967044789,
          1.000027997209403,
          1.0003995299992738,
          1.0002847933213719,
          1.0003443109642423,
          1.0003258991768273,
          1.0004975692201574,
          1.0006106281326028,
          1.00027300972648,
          1.0004316106166824,
          1.0002074970472625,
          1.0002727676804224,
          0.9995956634385248,
          0.9999915583363617,
          0.9976012948475094,
          0.9998983687047207,
          1.0000633723164951,
          1.0006997281204928,
          0.9997147040143692,
          1.000284341573543,
          1.0002759573182212,
          0.0,
          2.0043269524109206,
          1.0008045385521949,
          1.0007889347865737,
          0.9981336335151029,
          1.0003922876480513,
          1.0000182212209463,
          1.0004240805162743,
          1.0003136218099198,
          1.0003302662475186
        ],
        [
          1.0009361105212051,
          1.0067259098063581,
          1.0405298759736938,
          1.0077457228166535,
          1.0065825945822116,
          1.00032696752638,
          0.999265711768919,
          0.9997564726307425,
          1.0001236992964562,
          1.0000307001410866,
          1.0000681914576823,
          1.0012165499305878,
          1.000289680492437,
          1.0005255975182905,
          1.0000177873616998,
          1.0001698390236788,
          0.9999285960740778,
          0.999996919812601,
          0.9993174541809262,
          0.9997258140381793,
          0.9973199960648463,
          0.9996299263880275,
          0.9997951776736218,
          1.0657285523470486,
          1.0643927192182325,
          1.000047527131732,
          0.9999980383198502,
          2.0043269524109206,
          0.0,
          1.4174957335907727,
          1.1420635432428312,
          1.0194345278144152,
          1.0218871624720545,
          1.061177975966847,
          1.013392024018521,
          1.0132746079218513,
          1.0382449088734182
        ],
        [
          1.0013313549579592,
          1.0071061915137012,
          1.041108747652491,
          1.0081343939698086,
          1.006965641231334,
          1.0006607897933815,
          0.999620298838872,
          1.0000990920337538,
          1.0004589685359766,
          1.0003687659314944,
          1.0004045585852035,
          1.0015577328058434,
          1.0006209010342455,
          1.0008580271037886,
          1.0003517669900484,
          1.0005095807101663,
          1.000267232488197,
          1.0003310174282836,
          0.9996637925593438,
          1.0000518503158107,
          0.9976972381923149,
          0.9999604804513099,
          1.0001231598194218,
          1.066397782503836,
          1.0650822559523785,
          1.0003800449661868,
          1.0003348350005918,
          1.0008045385521949,
          1.4174957335907727,
          0.0,
          1.143051185622192,
          1.0199268504330814,
          1.0223324941994125,
          1.0618255994991823,
          1.0138109590125044,
          1.0136957639285757,
          1.0388090369858647
        ],
        [
          1.0023310195585937,
          1.0086810214471997,
          1.0487774858876804,
          1.0099274974900272,
          1.0085439189811378,
          1.001071766155563,
          1.0000846037306241,
          1.0005130966302842,
          1.0008607586869596,
          1.0007785577687063,
          1.0008080135227715,
          1.002170067532547,
          1.0010287191759792,
          1.0012882623774104,
          1.0007560275090328,
          1.000919728701323,
          1.0006738965806916,
          1.00073184095876,
          1.0000836334411667,
          1.000444904398977,
          0.9981667123286863,
          1.0003595322174885,
          1.0005180795477504,
          1.078485956110206,
          1.07713973873177,
          1.000785282197896,
          1.0007389352759062,
          1.0007889347865737,
          1.1420635432428312,
          1.143051185622192,
          0.0,
          1.1095892987957945,
          1.1124241641307748,
          1.278576857996963,
          1.0165686825721643,
          1.016455804178215,
          1.0460728338243663
        ],
        [
          0.9965289448246989,
          0.9995137785918515,
          1.0048303123885933,
          0.9995299891579774,
          0.9993570703605088,
          0.9986614517542085,
          0.9973691264100593,
          0.9980852500120818,
          0.9985032496613413,
          0.9983749185979912,
          0.9984409228418446,
          0.9986032821953763,
          0.998637544885271,
          0.9987679116966461,
          0.9983850863713939,
          0.9985138157508663,
          0.9982885523142295,
          0.99838051657458,
          0.9976231528778413,
          0.9981401462782079,
          0.9954217248451043,
          0.9980199339166829,
          0.9982021592574678,
