# Position (bp)	A	C	G	T	N
0.0	26.16614938492558	23.79647040166738	23.867832627262636	26.169547586144397	0.0
1.0	26.241476178609457	23.80723137219365	23.819125076459528	26.132167372737364	0.0
2.0	26.23657191681025	23.819021832924513	23.788466489558843	26.155939760706392	0.0
3.0	26.136051843282125	23.71615180735842	23.805536776540407	26.34225957281905	0.0
4.0	26.192186722179482	23.849108476263748	23.663845770919128	26.29485903063764	0.0
5.0	26.116357404060714	23.863421035513586	23.71522386540077	26.30499769502493	0.0
6.0	26.244418112042172	23.74582507303471	23.760813803206457	26.248943011716662	0.0
7.0	26.183891273732968	23.813563635746647	23.703276379863244	26.29926871065714	0.0
8.0	26.13003656270943	23.75473293386759	23.78018261560518	26.335047887817804	0.0
9.0	26.228298365661935	23.708929480291804	23.8497426907199	26.21302946332636	0.0
10.0	26.104966127189854	23.74404822492903	23.81473438966738	26.336251258213732	0.0
11.0	26.12553261874535	23.831914430398356	23.789220107612312	26.253332843243975	0.0
12.0	26.196784071341934	23.887614970721874	23.895249054928648	26.020351903007548	0.0
13.0	26.214879678350584	23.900903932118855	23.706941644494837	26.17727474503572	0.0
14.0	26.20611461870577	23.83417638127444	23.85990607248987	26.099802927529918	0.0
15.0	26.45323275191771	23.701004023445122	23.654916774344954	26.190846450292216	0.0
16.0	26.186322548540055	23.827673272505702	23.756421819909125	26.229582359045118	0.0
17.0	26.24202308886357	23.71627219185867	23.776213890074843	26.265490829202914	0.0
18.0	26.19508760818487	23.755856332190106	23.84803083039044	26.20102522923458	0.0
19.0	26.136559629266255	23.872629546167833	23.786675412876722	26.204135411689194	0.0
20.0	26.13118749593556	23.825128577770112	23.85736137775428	26.186322548540055	0.0
21.0	26.291786008137368	23.767731574289535	23.77649663393435	26.163985783638743	0.0
22.0	26.106306036298655	23.96876245840131	23.72362353220594	26.201307973094096	0.0
23.0	26.261532415169775	23.816646261984804	23.83728656372905	26.08453475911637	0.0
24.0	26.236650955532877	23.769993525165617	23.83530735671248	26.158048162589033	0.0
25.0	26.17606975836778	23.79311124808442	23.86153506862174	26.169283924926063	0.0
26.0	26.247886495625966	23.808944859448424	23.825343956932578	26.117824687993036	0.0
27.0	26.237425002403313	23.81544794983007	23.796221421745205	26.15090562602141	0.0
28.0	26.134223785477182	23.721859996946375	23.800462567646278	26.34345364993016	0.0
29.0	26.18483479323	23.854749235180023	23.666725100232412	26.293690871357562	0.0
30.0	26.117824687993036	23.8629487839221	23.72638388590752	26.292842642177348	0.0
31.0	26.23827323158353	23.74589315705246	23.760595796176183	26.255237815187826	0.0
32.0	26.179179932028568	23.8131860053495	23.70291621192158	26.304717850700353	0.0
33.0	26.135920243837614	23.737976351370456	23.791414789723987	26.334688615067943	0.0
34.0	26.21735024513823	23.70998478842337	23.85588020742031	26.21678475901809	0.0
35.0	26.09944638908838	23.74758961541289	23.803855484367137	26.349108511131597	0.0
36.0	26.13103972811504	23.840544674690893	23.788802840994236	26.239612756199833	0.0
37.0	26.190981087370186	23.879563106658864	23.909816528547072	26.019639277423877	0.0
38.0	26.216145148566923	23.888893601259902	23.72009647165933	26.17486477851385	0.0
39.0	26.21953805569457	23.832062406871767	23.85298533415894	26.095414203274718	0.0
40.0	26.4604344617577	23.71415888418594	23.64856267971805	26.17684397433831	0.0
41.0	26.1737338094713	23.830931437829218	23.760811357191123	26.234523395508358	0.0
42.0	26.232544199683893	23.711896946100843	23.805767376632485	26.24979147758278	0.0
43.0	26.200311581971224	23.765335233361327	23.841110159212167	26.19324302545529	0.0
44.0	26.137542800109703	23.872494550142925	23.787671871951684	26.202290777795685	0.0
45.0	26.132453439418228	23.82810401522284	23.858922921632328	26.1805196237266	0.0
46.0	26.294464754763503	23.77381750118045	23.77381750118045	26.157900242875602	0.0
47.0	26.105027440136396	23.971737083626678	23.724903090090166	26.19833238614676	0.0
48.0	26.260252941226366	23.82046997418563	23.839413705648344	26.07986337893966	0.0
49.0	26.22773758125306	23.784561707084674	23.84308935503663	26.144611356625642	0.0
50.0	26.166874010404882	23.79156299479756	23.87327527708663	26.168287717710925	0.0
51.0	26.245193395159465	23.817575209228682	23.828319384754582	26.10891201085727	0.0
52.0	26.235580185478398	23.822381814069217	23.790432028952726	26.15160597149966	0.0
53.0	26.1385998642841	23.715222800271434	23.80994118977607	26.3362361456684	0.0
54.0	26.173377064012666	23.85517982356933	23.672246098167836	26.29919701425017	0.0
55.0	26.12389730830129	23.864793033250393	23.722856819724043	26.288452838724268	0.0
56.0	26.240952273241348	23.745476136620674	23.76215788283194	26.251413707306035	0.0
57.0	26.18327301515494	23.809092965392445	23.700237502827413	26.307396516625197	0.0
58.0	26.12644198145216	23.742648722008592	23.805417326396743	26.3254919701425	0.0
59.0	26.225401492874916	23.700237502827413	23.8614001357159	26.21296086858177	0.0
60.0	26.104105406016735	23.760178692603485	23.80428636055191	26.331429540827866	0.0
61.0	26.130609221303942	23.84352000814293	23.790082023065985	26.235788747487142	0.0
62.0	26.196205054837552	23.884517404101434	23.90798487902941	26.011292662031604	0.0
63.0	26.205252756014602	23.89921991851414	23.717134932326022	26.178392393145234	0.0
64.0	26.23183037822218	23.834755047627667	23.851719487334634	26.08169508681552	0.0
65.0	26.457457426324854	23.70384612122223	23.664827909896204	26.17386854255671	0.0
66.0	26.167365507335706	23.83136215968627	23.760959734902357	26.240312598075665	0.0
67.0	26.22956845292792	23.711480119090368	23.81524594196465	26.24370548601706	0.0
68.0	26.20808016263243	23.75926329093166	23.833624084980535	26.199032461455378	0.0
69.0	26.142201588437036	23.87405599961547	23.792343948360244	26.191398463587245	0.0
70.0	26.130609221303942	23.82401090247992	23.872076814982993	26.173303061233145	0.0
71.0	26.28102725337239	23.781317062550716	23.779903359241803	26.157752324835094	0.0
72.0	26.101486933140315	23.969339602636275	23.72816181813555	26.201011646087856	0.0
73.0	26.270565848886424	23.817790607920696	23.83616875093658	26.075474792256298	0.0
74.0	26.227589268295443	23.778489655932887	23.846912896084323	26.147008179687347	0.0
75.0	26.16616056231304	23.788035579984278	23.879926035252005	26.16587782245068	0.0
76.0	26.249568821709897	23.809523809523807	23.83016381947625	26.11074354929004	0.0
77.0	26.23316990969289	23.81744052566995	23.793407637369164	26.155981927267995	0.0
78.0	26.13505917745319	23.715371435357184	23.814895866908692	26.334673520280933	0.0
79.0	26.177470156807527	23.866071781996258	23.676070594488834	26.280387466707385	0.0
80.0	26.133645478141382	23.866071781996258	23.719895273154982	26.280387466707385	0.0
81.0	26.25239622033352	23.74364542159341	23.76400269168349	26.23995566638958	0.0
82.0	26.193303589099813	23.806413671037824	23.689924847744585	26.310357892117782	0.0
83.0	26.125728761995237	23.740818022969787	23.790014759020817	26.343438456014162	0.0
84.0	26.235149088729425	23.691338547056397	23.8739884981424	26.199523866071782	0.0
85.0	26.11357094791366	23.76032707347278	23.796235035992787	26.32986694262077	0.0
86.0	26.124241199039815	23.838013136056865	23.812001142265814	26.225744522637502	0.0
87.0	26.20142896322413	23.876465648617547	23.908415162730467	26.013690225427855	0.0
88.0	26.20227718041297	23.90304312053449	23.72209012024892	26.172589578803617	0.0
89.0	26.22602726170045	23.832641093860886	23.851019132952388	26.090312511486275	0.0
90.0	26.4527839901833	23.709649601479292	23.671197088918607	26.166369319418802	0.0
91.0	26.179375316314324	23.82500713916134	23.754039634361842	26.24157791016249	0.0
92.0	26.231399303896424	23.707670428038668	23.813414837580545	26.24751543048436	0.0
93.0	26.210193874175463	23.75658428592836	23.84508161263052	26.18814022726566	0.0
94.0	26.144032933446056	23.856391175148367	23.791926668796634	26.207649222608946	0.0
95.0	26.126503111543386	23.818786879776525	23.875900170491654	26.17880983818843	0.0
96.0	26.28398876960442	23.777789715649327	23.791926668796634	26.14629484594962	0.0
97.0	26.094836336493415	23.970335017515684	23.73368242182972	26.20114622416118	0.0
98.0	26.26136964456872	23.814263054769384	23.839992309497486	26.084374991164406	0.0
99.0	26.247798169547305	23.776941498460484	23.841406004812217	26.13385432717999	0.0
100.0	26.164881645762883	23.787335587699754	23.88601124167336	26.161771524864	0.0
101.0	26.242917406498457	23.81363024620848	23.827767159385214	26.11568518790785	0.0
102.0	26.223408466314563	23.827767159385214	23.799210594768212	26.14961377953201	0.0
103.0	26.133214960247	23.712409947863065	23.814195722735548	26.340179369154388	0.0
104.0	26.16883998145237	23.873005281550764	23.671412899650534	26.286741837346334	0.0
105.0	26.13349769851053	23.865936824962397	23.728808767148077	26.271756709378995	0.0
106.0	26.245462050870266	23.74351115685188	23.786770111172686	26.224256681105167	0.0
107.0	26.190328089481007	23.80147250087649	23.702231370375813	26.30596803926669	0.0
108.0	26.127560194976308	23.740401035953	23.798927856504676	26.33311091256602	0.0
109.0	26.250268601350356	23.686680765881405	23.879508261612063	26.18354237115617	0.0
110.0	26.11681614096199	23.740966512480068	23.79779690345054	26.34442044310741	0.0
111.0	26.130879172144706	23.850036049026677	23.79942604294782	26.219658735880795	0.0
112.0	26.201563538176625	23.876613370654677	23.917327565489067	26.004495525679634	0.0
113.0	26.225030747699225	23.894991305822977	23.72280419016922	26.157173756308577	0.0
114.0	26.2227688479862	23.817521240651992	23.858800910414637	26.10090900094717	0.0
115.0	26.460833792781713	23.703578042608537	23.663712060166535	26.17187610444322	0.0
116.0	26.183185603008326	23.824872414719312	23.746554137155947	26.24538784511642	0.0
117.0	26.237471196120843	23.701598880359644	23.81158375390531	26.249346169614206	0.0
118.0	26.212590299277604	23.745423187299433	23.859083647878762	26.1829028655442	0.0
119.0	26.135968446499003	23.85314616113208	23.80366710490974	26.207218287459177	0.0
120.0	26.132010122001216	23.815259340938972	23.87859253290357	26.174138004156237	0.0
121.0	26.28921215205621	23.77482788356871	23.782179057636032	26.153780906739048	0.0
122.0	26.09949531362653	23.957476285395195	23.721673240312708	26.221355160665567	0.0
123.0	26.261503880571695	23.812431966297694	23.84494677467238	26.081117378458234	0.0
124.0	26.240581308226247	23.77765525820999	23.841553925102847	26.14020950846092	0.0
125.0	26.156682236120375	23.78705284943622	23.891948745207586	26.164316169235814	0.0
126.0	26.24150371518078	23.81674036710736	23.828049897648746	26.11370602006311	0.0
127.0	26.23415252032888	23.826070729804005	23.798927856504676	26.140848893362435	0.0
128.0	26.145655443842525	23.70194863211228	23.811651078363738	26.340744845681456	0.0
129.0	26.165447122289955	23.867067778016533	23.686398027617876	26.281087072075636	0.0
130.0	26.12558102713156	23.867633254543605	23.727677814093937	26.279107904230898	0.0
131.0	26.241220976917244	23.746338539487226	23.78168082242906	26.230759661166463	0.0
132.0	26.189836661643334	23.80493266569216	23.698905517087336	26.30632515557717	0.0
133.0	26.14241041387461	23.732618566961282	23.79708325557987	26.327887763584236	0.0
134.0	26.255789098681863	23.68935936801986	23.87540219745421	26.179449335844062	0.0
135.0	26.100564914245002	23.747038299941757	23.81602682635814	26.3363699594551	0.0
136.0	26.13202292461286	23.8324931223334	23.803653574831557	26.23183037822218	0.0
137.0	26.194225870205074	23.865008298438422	23.926363022045287	26.014402809311214	0.0
138.0	26.211473050573826	23.892716883293136	23.735795816003687	26.160014250129354	0.0
139.0	26.21712786380948	23.809591128728997	23.862180891820593	26.11110011564093	0.0
140.0	26.460642388599865	23.70080298574983	23.674225288396293	26.164329337254017	0.0
141.0	26.18581768830581	23.819271657995927	23.76328884867677	26.231621805021486	0.0
142.0	26.242931463469805	23.69147251752997	23.80711377516399	26.258482243836234	0.0
143.0	26.21578828319385	23.740104048857724	23.857159013797784	26.186948654150644	0.0
144.0	26.142066676279903	23.857509210329138	23.799547046898457	26.200877066492495	0.0
145.0	26.12962601681185	23.805201892111207	23.88917634352054	26.175995747556403	0.0
146.0	26.287396198247563	23.787389129691046	23.783996222563395	26.141218449497995	0.0
147.0	26.111530512131058	23.951379640860782	23.73112341982419	26.205966427183974	0.0
148.0	26.254880838274254	23.812835933148417	23.840261932430256	26.092021296147074	0.0
149.0	26.237916302636005	23.769859109531524	23.848178715728103	26.144045872104364	0.0
150.0	26.15656048722284	23.786325414642697	23.87708593692568	26.180028161208785	0.0
151.0	26.241100662184248	23.81205503310921	23.827323158353078	26.119521146353463	0.0
152.0	26.219612189618807	23.83326076261458	23.81375149146964	26.133375556296972	0.0
153.0	26.143271563399477	23.704047184161865	23.814316977589787	26.338364274848875	0.0
154.0	26.162780834544414	23.860686839441524	23.693868433999288	26.282663892014767	0.0
155.0	26.12772069509554	23.858707638021027	23.73939006667081	26.27418160021262	0.0
156.0	26.249017467866253	23.730342288748524	23.78689090076284	26.233749342622385	0.0
157.0	26.19650132748242	23.799964374273703	23.696480121692957	26.30705417655092	0.0
158.0	26.13182686979043	23.747723905495423	23.794376774222734	26.32607245049141	0.0
159.0	26.258779221660504	23.682409889277192	23.889378979631072	26.16943190943123	0.0
160.0	26.102138680600323	23.740089799703686	23.828588877956093	26.329182641739894	0.0
161.0	26.138686647345725	23.828373506750548	23.813953488372093	26.21898635753163	0.0
162.0	26.211917721071604	23.853255107089844	23.92705167173252	26.00777550010603	0.0
163.0	26.22803421220047	23.877571216512337	23.735350250936595	26.159044320350606	0.0
164.0	26.205980066445182	23.811691524704884	23.887467307556374	26.09486110129356	0.0
165.0	26.460243048683253	23.702336049582385	23.674061423797056	26.16335947793731	0.0
166.0	26.182020730955625	23.817979269044372	23.76482297256796	26.235177027432044	0.0
167.0	26.24987983284041	23.677454378891298	23.815434552723694	26.257231235544598	0.0
168.0	26.233763296142776	23.73654834678263	23.84088171593049	26.1888066411441	0.0
169.0	26.149296101200825	23.862720648734847	23.79288212557928	26.19510112448505	0.0
170.0	26.134593254220707	23.81437090193484	23.874313278084557	26.176722565759896	0.0
171.0	26.287842159282725	23.77111060216641	23.79005465500618	26.150992583544685	0.0
172.0	26.109428766120118	23.94132433066703	23.729829531799147	26.219417371413705	0.0
173.0	26.250519547717804	23.82228781953952	23.84292835472315	26.084264278019525	0.0
174.0	26.231858241935345	23.77676554331261	23.847452307640108	26.143923907111937	0.0
175.0	26.1632246827569	23.802845574430545	23.87636001719107	26.15756972562148	0.0
176.0	26.242394082652854	23.818113958696195	23.835361577959237	26.104130380691714	0.0
177.0	26.231366916238773	23.83564432581601	23.802280078717004	26.13070867922821	0.0
178.0	26.150218281345428	23.68324323101631	23.826030898685786	26.340507588952477	0.0
179.0	26.163790178470446	23.856850415073854	23.6951186410007	26.284240765454996	0.0
180.0	26.13494989707978	23.85374018864937	23.73979280237056	26.271517111900295	0.0
181.0	26.264731163337785	23.72226243525074	23.797756113008663	26.215250288402814	0.0
182.0	26.198359492296515	23.793016673688257	23.702254355036178	26.306369478979054	0.0
183.0	26.132270195379874	23.73738230553906	23.800718183617498	26.329629315463563	0.0
184.0	26.26261769446094	23.667260440523652	23.893742754545197	26.17637911047021	0.0
185.0	26.113891480758898	23.74473379138745	23.816834902592813	26.324539825260835	0.0
186.0	26.13404058597163	23.832453508789293	23.800502729953713	26.23300317528536	0.0
187.0	26.212645156912256	23.850549525120947	23.92660934376493	26.010195974201867	0.0
188.0	26.231589424009456	23.86836279119742	23.7343391702411	26.165708614552024	0.0
189.0	26.21490715895371	23.816053993988728	23.870907543494056	26.0981313035635	0.0
190.0	26.454188674123753	23.692276372190868	23.691145367972222	26.162389585713154	0.0
191.0	26.17285137473563	23.819797097843175	23.76946741011344	26.237884117307757	0.0
192.0	26.235904859925128	23.692841874300193	23.82290735944445	26.24834590633023	0.0
193.0	26.239580623635728	23.74967483628714	23.83082438897497	26.179920151102166	0.0
194.0	26.157939530688473	23.86736676025753	23.795830541158775	26.178863167895223	0.0
195.0	26.14012616387732	23.801768330095825	23.87584931588189	26.182256190144965	0.0
196.0	26.28998464657432	23.777168918785186	23.78282395586809	26.150022478772406	0.0
197.0	26.10534768581745	23.935509957106543	23.737018155496557	26.22212420157945	0.0
198.0	26.253792409243726	23.831740026635227	23.834567545176675	26.079900018944375	0.0
199.0	26.238806560974027	23.76783810759839	23.846725874904926	26.146629456522664	0.0
200.0	26.165365061951107	23.79731158776925	23.87902710466938	26.158296245610263	0.0
201.0	26.242556536393096	23.82106281067448	23.83491769070253	26.1014629622299	0.0
202.0	26.226722387789607	23.83124190620529	23.79872535103742	26.14331035496768	0.0
203.0	26.14387586027495	23.68138299977945	23.838876227853397	26.335864912092198	0.0
204.0	26.16593056725837	23.864889471987695	23.6960861377684	26.273093822985526	0.0
205.0	26.14331035496768	23.84368302296517	23.735106003969847	26.2779006180973	0.0
206.0	26.254997653152973	23.726340671707206	23.79815984573015	26.22050182940967	0.0
207.0	26.203328008143302	23.780130914848797	23.703221975598375	26.313319101409526	0.0
208.0	26.125079171190734	23.733543702497286	23.81356315598987	26.32781397032211	0.0
209.0	26.257973669923995	23.65804831704669	23.90461002533478	26.179367987694533	0.0
210.0	26.126923446680728	23.743857129123285	23.815677115437904	26.31354230875808	0.0
211.0	26.137459318386817	23.82564093863898	23.791144627199493	26.24575511577471	0.0
212.0	26.21634842405581	23.84006152784729	23.934785005980302	26.0088050421166	0.0
213.0	26.246320629076997	23.862964816589898	23.738834646737978	26.151879907595127	0.0
214.0	26.227658690101535	23.814330672593247	23.85985449342732	26.098156143877894	0.0
215.0	26.447718147373184	23.69620539501216	23.684612339535146	26.171464118079513	0.0
216.0	26.1733086767442	23.80802922597538	23.772118826663046	26.24654327061738	0.0
217.0	26.245129475368863	23.68389800315559	23.831215468051056	26.239757053424494	0.0
218.0	26.232970836231612	23.75232569318381	23.830367190901942	26.18433627968263	0.0
219.0	26.16122401083536	23.861538157027855	23.79169647426744	26.185541357869347	0.0
220.0	26.141713581238317	23.78943439547358	23.880200307077196	26.188651716210902	0.0
221.0	26.309955691531627	23.77105500527347	23.776144682559654	26.14284462063525	0.0
222.0	26.109478958425818	23.938731595868312	23.72355135060242	26.228238095103446	0.0
223.0	26.256514080026694	23.824496616778404	23.82986905391382	26.089120249281084	0.0
224.0	26.243507126962	23.76766188708268	23.845420845621604	26.14341014033371	0.0
225.0	26.17119460718891	23.786391295496188	23.873481575316127	26.168932521998777	0.0
226.0	26.252346913384756	23.805901780261042	23.835874409030243	26.105876897323952	0.0
227.0	26.237077838351393	23.829370914108626	23.796570678851765	26.136980568688216	0.0
228.0	26.15055307982899	23.673287035989777	23.83474336643518	26.341416517746058	0.0
229.0	26.166953197457417	23.86556427715068	23.690535435564502	26.276947089827402	0.0
230.0	26.15479448956048	23.847750356278418	23.72446671341643	26.272988440744676	0.0
231.0	26.272988440744676	23.718811500441106	23.78695681679372	26.221243242020492	0.0
232.0	26.207462074620747	23.772320481825506	23.70558878002573	26.314628663528016	0.0
233.0	26.13910771545069	23.734214797513957	23.802926023740717	26.32375146329463	0.0
234.0	26.269609672785677	23.659699365477927	23.892414011514145	26.17827695022225	0.0
235.0	26.125682874690376	23.747921685724947	23.813522898216323	26.31287254136835	0.0
236.0	26.13678457009877	23.81217641120766	23.806803882924125	26.244235135769443	0.0
237.0	26.22924860950485	23.825183584946743	23.932351385970914	26.013216419577496	0.0
238.0	26.254980192336514	23.860811930405966	23.73441613341967	26.149791743837852	0.0
239.0	26.219917376170294	23.818114468784195	23.85346004959692	26.108508105448593	0.0
240.0	26.44146207661028	23.690595361305757	23.682112014116292	26.18583054796767	0.0
241.0	26.18644978479602	23.79601717107161	23.778201335904846	26.23933170822752	0.0
242.0	26.236573736276792	23.679715383005558	23.83243117890938	26.251279701808265	0.0
243.0	26.23382941053358	23.751746451944996	23.817927788808	26.19649634871342	0.0
244.0	26.171895992374512	23.849741621435097	23.7928898518177	26.185472534372696	0.0
245.0	26.137466162414754	23.79931377235685	23.872575503426894	26.190644561801502	0.0
246.0	26.30168994800595	23.77780040848425	23.765919287585362	26.154590355924434	0.0
247.0	26.118509841868043	23.925769368971732	23.732808207356857	26.222912581803364	0.0
248.0	26.257883453738607	23.81588896472234	23.833447083511512	26.092780498027544	0.0
249.0	26.233394031904982	23.773544296269446	23.8576538255676	26.135407846257973	0.0
