# Position (bp)	A	C	G	T	N
0.0	26.151495993614958	23.74852317295397	23.885263769177296	26.21471706425378	0.0
1.0	26.40323600339849	23.777129992247552	23.642391873374773	26.177242130979185	0.0
2.0	26.309752965303023	23.77762586985559	23.67923529933329	26.233385865508097	0.0
3.0	26.249217139147618	23.822419990905946	23.657983464834892	26.270379405111544	0.0
4.0	26.2414714074108	23.750521866939657	23.751093775914626	26.25691294973492	0.0
5.0	26.258634887231803	23.901768150418594	23.68818335696967	26.151413605379936	0.0
6.0	26.124024358864396	23.754753123481144	23.82994539268662	26.291277124967838	0.0
7.0	26.260284389454608	23.77516423576766	23.77344897970852	26.19110239506921	0.0
8.0	26.306025081398772	23.7518616663951	23.784449761449427	26.1576634907567	0.0
9.0	26.302851524090464	23.75260112963344	23.7014360522284	26.2431112940477	0.0
10.0	26.1845215467592	23.759028430803706	23.798757813683487	26.257692208753614	0.0
11.0	26.288561081782508	23.77474869021657	23.78046514818488	26.156225079816043	0.0
12.0	26.187951421540184	23.709295246479375	23.80361680295655	26.299136529023887	0.0
13.0	26.13793241431744	23.877359110747797	23.689859289387112	26.294849185547655	0.0
14.0	26.17566103690831	23.768174763553006	23.774177044419737	26.281987155118948	0.0
15.0	26.241400303543916	23.865354549014338	23.640697750859612	26.25254739658213	0.0
16.0	26.276842342947464	23.715583350244522	23.662991936936038	26.344582369871976	0.0
17.0	26.257120562956782	23.673567384177417	23.715583350244522	26.353728702621282	0.0
18.0	26.252833219480546	23.644413448539016	23.762458305584694	26.340295026395744	0.0
19.0	26.26512360411242	23.67270991548217	23.827340103525056	26.234826376880356	0.0
20.0	26.247116761512228	23.682713716926717	23.659847885053466	26.41032163650759	0.0
21.0	26.21281801370235	23.86792695510008	23.606113180151315	26.313141851046257	0.0
22.0	26.257902980552668	23.766391896372348	23.710942412567025	26.26476271050796	0.0
23.0	26.181302662718508	23.781540466690295	23.922164930773892	26.1149919398173	0.0
24.0	26.16615409240056	23.72809173745527	23.85985571701327	26.245898453130895	0.0
25.0	26.157865252037908	23.734665645329095	23.87843415230887	26.22903495032412	0.0
26.0	26.4010998433695	23.77610984714235	23.648633198806408	26.174157110681744	0.0
27.0	26.313352464357987	23.77496655881647	23.68464678107172	26.22703419575383	0.0
28.0	26.250185784352958	23.83155933094767	23.647204088399054	26.271050796300322	0.0
29.0	26.253044005167663	23.749528393565573	23.746098528587925	26.251329072678836	0.0
30.0	26.246470097293837	23.90215738507094	23.700366995552606	26.151005522082617	0.0
31.0	26.11127625275818	23.754673191032047	23.82269884642208	26.31135170978769	0.0
32.0	26.270193330055907	23.75981798849852	23.782397932934707	26.18759074851087	0.0
33.0	26.311637531869163	23.750385859809985	23.787542730401178	26.15043387791967	0.0
34.0	26.2932697666841	23.753747831331157	23.71116046291612	26.241821939068622	0.0
35.0	26.190659932717676	23.763465754325193	23.799765054920556	26.246109258036583	0.0
36.0	26.299843655768303	23.764323218118783	23.77718517502265	26.158647951090263	0.0
37.0	26.195518894214693	23.69143879566352	23.800050876185086	26.3129914339367	0.0
38.0	26.144642709128274	23.856357665297583	23.69858432727678	26.300415298297363	0.0
39.0	26.184943507427068	23.76203664800254	23.77661353249359	26.276406312076805	0.0
40.0	26.233818943661767	23.864646481968965	23.65313874621644	26.24839582815282	0.0
41.0	26.280121988515702	23.712303747974243	23.662570847945947	26.34500341556411	0.0
42.0	26.253254789649837	23.67829101749512	23.714876139355017	26.353578053500026	0.0
43.0	26.25296896838531	23.655711137597216	23.755176937653808	26.336142956363666	0.0
44.0	26.270404065521667	23.668287273236555	23.84292406586465	26.218384595377124	0.0
45.0	26.256398823559675	23.69000968934087	23.65914099277158	26.394450494327877	0.0
46.0	26.206665923531382	23.874364404963	23.60569241630439	26.313277255201236	0.0
47.0	26.268614056649614	23.757395604081516	23.717094920970645	26.256895418298225	0.0
48.0	26.17943807700003	23.771114985566065	23.926887129505246	26.12255980792866	0.0
49.0	26.172292565810157	23.737388172749878	23.859433503872868	26.230885757567098	0.0
50.0	26.1534284162689	23.733100866035954	23.89458941892703	26.218881298768114	0.0
51.0	26.40895189641867	23.766256037956957	23.654786063394976	26.1700060022294	0.0
52.0	26.301197587675425	23.787120930631378	23.680795724126106	26.230885757567098	0.0
53.0	26.251464829793925	23.822562666133134	23.660788292794464	26.265184211278473	0.0
54.0	26.24660588218481	23.744247863492156	23.75596650184354	26.253179752479493	0.0
55.0	26.25203647068911	23.90344985280247	23.698516591876984	26.145997084631432	0.0
56.0	26.11598593763398	23.745676965730127	23.845714122388316	26.292622974247575	0.0
57.0	26.268042415754422	23.755680681395948	23.782833623917455	26.193443278932175	0.0
58.0	26.313202046474405	23.75282247692	23.788550032869352	26.145425443736247	0.0
59.0	26.312269379285507	23.745037456662597	23.70673762615364	26.235955537898253	0.0
60.0	26.19594078960531	23.76647392896239	23.793626793875458	26.24395848755684	0.0
61.0	26.298835856644303	23.77990745160359	23.760185897087784	26.16107079466432	0.0
62.0	26.19651242886664	23.684443694961857	23.81277670912994	26.306267167041568	0.0
63.0	26.16192825355631	23.86250932486545	23.697305578341734	26.27825684323651	0.0
64.0	26.18679456142407	23.76047171671845	23.76847466637704	26.284259055480447	0.0
65.0	26.233097341591616	23.868225717478726	23.657576649679456	26.241100291250202	0.0
66.0	26.278828482497836	23.708738363568287	23.665293779707376	26.3471393742265	0.0
67.0	26.24224356977286	23.679584761240573	23.72017114879484	26.358000520191727	0.0
68.0	26.250818158692773	23.65271771595817	23.757899340042474	26.338564785306584	0.0
69.0	26.274541188037876	23.662149763770074	23.839072115151012	26.224236933041034	0.0
70.0	26.25710619056738	23.68987426794447	23.669866893798	26.38315264769015	0.0
71.0	26.21337578707581	23.86994063526271	23.609558951727923	26.307124625933557	0.0
72.0	26.272179539946038	23.766977637536012	23.71953171445557	26.241311108062376	0.0
73.0	26.185862258197286	23.77669547720309	23.92332052865048	26.114121735949148	0.0
74.0	26.16156765902959	23.73067864819134	23.879304431334887	26.228449261444187	0.0
75.0	26.138416335116844	23.74125394429963	23.898740110669046	26.22158960991448	0.0
76.0	26.413088215118673	23.758688891937624	23.65950976357068	26.168713129373028	0.0
77.0	26.309050166918187	23.798131888233414	23.67694471120867	26.21587323363973	0.0
78.0	26.25531622993552	23.81127955366534	23.665511958659167	26.267892257739973	0.0
79.0	26.246455846709654	23.748685233456808	23.763261992957425	26.241596926876117	0.0
80.0	26.251028947729456	23.90074084236521	23.698095303425255	26.150134906480083	0.0
81.0	26.11240682306672	23.747541958201857	23.849007637078703	26.29104358165272	0.0
82.0	26.265605707230073	23.762118717702474	23.781268578222893	26.191006996844564	0.0
83.0	26.312765811496774	23.756116522613986	23.783269309919056	26.147848355970183	0.0
84.0	26.31240478687981	23.73747045356458	23.700599931975315	26.249524827580295	0.0
85.0	26.190360502239386	23.769196251211152	23.79234750895325	26.24809573759621	0.0
86.0	26.299542977023094	23.777484973118817	23.77805660911245	26.144915440745642	0.0
87.0	26.21608412195282	23.680878490195013	23.808924952768574	26.294112435083587	0.0
88.0	26.156348160618283	23.85922892020819	23.706030473914822	26.278392445258707	0.0
89.0	26.18207178033172	23.75290462539264	23.78663114901693	26.278392445258707	0.0
90.0	26.23837792570447	23.864945280144507	23.657441414456102	26.239235379694918	0.0
91.0	26.27324772131602	23.698313388000788	23.673733040274612	26.35470585040858	0.0
92.0	26.240950287675812	23.67830612822367	23.728324277666466	26.35241930643405	0.0
93.0	26.253526279535716	23.651439236522968	23.761764983293936	26.333269500647376	0.0
94.0	26.28410880519503	23.67116067830327	23.81950021865077	26.22523029785093	0.0
95.0	26.25809936748477	23.67601958424914	23.66973158831919	26.396149459946894	0.0
96.0	26.214655031968743	23.86637437012859	23.603707631054696	26.315262966847968	0.0
97.0	26.282604594796982	23.75798144474868	23.708249255446244	26.25116470500809	0.0
98.0	26.1877132910705	23.771986486563733	23.919182334211744	26.12111788815402	0.0
99.0	26.165705368218273	23.73111462983817	23.871165047988704	26.232014953954852	0.0
100.0	26.147698885884633	23.737688424975847	23.90860709855548	26.206005590584034	0.0
101.0	26.41865357242893	23.762840336806963	23.663661775381996	26.154844315382107	0.0
102.0	26.318617559464265	23.79456604377576	23.68538388105432	26.20143251570565	0.0
103.0	26.256023597066374	23.8125725261094	23.671378839239267	26.26002503758496	0.0
104.0	26.256023597066374	23.743118951393928	23.76112543372757	26.239732017812127	0.0
105.0	26.25402287680708	23.88545590698366	23.70138964312867	26.159131573080597	0.0
106.0	26.11854553353493	23.751407649611004	23.84801385641688	26.282032960437185	0.0
107.0	26.271743541960817	23.756838176029085	23.793994409415962	26.177423872594137	0.0
108.0	26.32890697794063	23.7516934667909	23.77655956144212	26.14283999382635	0.0
109.0	26.31768488745981	23.734190782422292	23.710182207931403	26.237942122186496	0.0
110.0	26.189924973204715	23.768202929617722	23.79849946409432	26.243372633083244	0.0
111.0	26.29596284387281	23.77449088960343	23.77992140050018	26.14962486602358	0.0
112.0	26.222222222222225	23.674455162558054	23.817934976777423	26.2853876384423	0.0
113.0	26.159914255091106	23.84908896034298	23.71075384065738	26.28024294390854	0.0
114.0	26.193926402286532	23.739335476956054	23.792783136834583	26.27395498392283	0.0
115.0	26.23336906037871	23.870525187566987	23.659592711682745	26.236513040371563	0.0
116.0	26.294533762057874	23.688174347981423	23.666452304394426	26.35083958556627	0.0
117.0	26.25051804215791	23.669024651661307	23.718756698821007	26.361700607359772	0.0
118.0	26.256806002143623	23.65559128260093	23.751625580564486	26.335977134690964	0.0
119.0	26.277384780278673	23.661021793497678	23.82965344765988	26.231939978563773	0.0
120.0	26.264523043944266	23.672168631654163	23.669596284387282	26.39371204001429	0.0
121.0	26.221936405859235	23.861664880314397	23.609003215434083	26.30739549839228	0.0
122.0	26.264026478103546	23.75798144474868	23.71882449110251	26.259167586045262	0.0
123.0	26.18228276465242	23.768842497584846	23.92747103242882	26.12140370533392	0.0
124.0	26.163133013599182	23.733972801637158	23.8717366823485	26.231157502415154	0.0
125.0	26.138266918947966	23.736830973436152	23.910607818814775	26.21429428880111	0.0
126.0	26.41893938960883	23.759982165007976	23.669949753339775	26.151128692043425	0.0
127.0	26.31718847356477	23.777131195801918	23.699103105689474	26.20657722494384	0.0
128.0	26.250307253468392	23.814573246368692	23.673093742318663	26.262025757844253	0.0
129.0	26.262883209383947	23.741975682674337	23.750836015251206	26.24430509269051	0.0
130.0	26.246019995769903	23.884884272623857	23.712250695964833	26.156845035641403	0.0
131.0	26.12426187713291	23.738831693695445	23.85172947975557	26.285176949416076	0.0
132.0	26.261454123484455	23.76198288526727	23.799424935834043	26.177138055414233	0.0
133.0	26.317549510822495	23.762050801290755	23.782629697061505	26.137769990825245	0.0
134.0	26.311336717428084	23.73782411853478	23.712386244112132	26.238452919925003	0.0
135.0	26.179002606667584	23.765548543467325	23.814423560616454	26.241025289248636	0.0
136.0	26.303123151104263	23.775048517882304	23.772761960836995	26.14906637017644	0.0
137.0	26.229381686392983	23.679298941609908	23.809632693192633	26.281686678804473	0.0
138.0	26.15907005724967	23.852791457422878	23.71188237950559	26.27625610582186	0.0
139.0	26.190013433561038	23.731671763797983	23.798267928087576	26.280046874553403	0.0
140.0	26.23545888472861	23.862291708348813	23.65392860205219	26.248320804870378	0.0
141.0	26.285191642610112	23.686512133078	23.673078572041042	26.355217652270845	0.0
142.0	26.2526081115843	23.674221853831423	23.723382970817735	26.349787063766545	0.0
143.0	26.250110755740007	23.649708891042074	23.754319473860217	26.3458608793577	0.0
144.0	26.275548848283215	23.663714133004067	23.836921819309513	26.223815199403205	0.0
145.0	26.26383017643747	23.672288770939982	23.67200294967545	26.391878102947103	0.0
146.0	26.216383846525414	23.852070346329626	23.621984228382622	26.309561578762334	0.0
147.0	26.259903735122958	23.749242571484103	23.734094001166152	26.256759692226783	0.0
148.0	26.183589239370274	23.769250117187056	23.91873506579624	26.128425577646425	0.0
149.0	26.168154846970857	23.72494769455909	23.865857980724158	26.241039477745893	0.0
150.0	26.14700401294202	23.73695222198086	23.90558725004859	26.210456515028525	0.0
151.0	26.423108143642743	23.7443835960991	23.672070609487005	26.160437650771147	0.0
152.0	26.32678610218711	23.76010381057999	23.691506511027015	26.221603576205883	0.0
153.0	26.245612631049426	23.821269736014724	23.67321389781289	26.259903735122958	0.0
154.0	26.261904489693254	23.74809928315822	23.742382841528805	26.247613385619715	0.0
155.0	26.24675591937531	23.88615134850858	23.715515565870557	26.151577166245556	0.0
156.0	26.131569620542606	23.739524620714096	23.860427361176214	26.26847839756708	0.0
157.0	26.25933209096002	23.76810682886117	23.80354876696354	26.16901231321527	0.0
158.0	26.315714257131994	23.75274032703856	23.796757053394575	26.13478836243487	0.0
159.0	26.312073765384465	23.736516266227643	23.714507840144513	26.236902128243383	0.0
160.0	26.186597154339093	23.756523926303213	23.82140590969114	26.23547300966656	0.0
161.0	26.303288411244335	23.75887842453518	23.78746087776714	26.150372286453344	0.0
162.0	26.223543366727164	23.665127977934347	23.822045646177813	26.289283009160673	0.0
163.0	26.164663513069325	23.84719820502194	23.700284395409657	26.28785388649908	0.0
164.0	26.18760432625249	23.73265040129879	23.806964992111222	26.272780280337503	0.0
165.0	26.229906477945715	23.864415887316216	23.667482221663274	26.238195413074795	0.0
166.0	26.287929023849266	23.689776598907002	23.673484553998126	26.348809823245606	0.0
167.0	26.256774060777904	23.67062630050534	23.73693778153797	26.33566185717879	0.0
168.0	26.257992414173547	23.646398733218433	23.761872504380285	26.33373634822774	0.0
169.0	26.26628137299457	23.6658349125229	23.848192006585435	26.21969170789709	0.0
170.0	26.257706588007306	23.66554908635666	23.683270308663676	26.393474016972355	0.0
171.0	26.214832663070975	23.85247939907907	23.62782003241269	26.304867905437273	0.0
172.0	26.285506856989326	23.744219149264566	23.721067163624515	26.24920683012159	0.0
173.0	26.196043011244434	23.76194042222362	23.92114605187188	26.120870514660066	0.0
174.0	26.174605987503647	23.725068741389464	23.875127907574985	26.225197363531905	0.0
175.0	26.15059652091396	23.738216782617148	23.9054255677953	26.205761128673593	0.0
176.0	26.427562867644955	23.744219149264566	23.677621462176514	26.15059652091396	0.0
177.0	26.327237596538062	23.765084519038933	23.691341157370623	26.21633672705238	0.0
178.0	26.246348560289483	23.827680628362042	23.677907289159723	26.248063522188747	0.0
179.0	26.271501334812015	23.740503398482833	23.744219149264566	26.243776117440593	0.0
180.0	26.23805957777638	23.902281470979986	23.716493931893147	26.14316501935049	0.0
181.0	26.14116423046801	23.737930955633935	23.857406634615934	26.26349817928212	0.0
182.0	26.272930469728063	23.748792380995937	23.80652943160446	26.17174771767154	0.0
183.0	26.31502225169424	23.74886026164677	23.799165954479065	26.136951532179925	0.0
184.0	26.32167152575316	23.73463671182759	23.71348539415766	26.230206368261587	0.0
185.0	26.186474589835935	23.747498999599838	23.829817641342252	26.236208769221975	0.0
186.0	26.305740312525906	23.764144984122172	23.792156268668236	26.13795843468369	0.0
187.0	26.230281341912026	23.666391317645108	23.827027459633737	26.276299880809127	0.0
188.0	26.164540572059032	23.849036326062787	23.695545919927742	26.290877181950446	0.0
189.0	26.17747771953192	23.739631507640244	23.801370841884424	26.28151993094341	0.0
190.0	26.238073732771582	23.84967615432547	23.661028188579365	26.25122192432358	0.0
191.0	26.286379045212627	23.678463833898324	23.685895420427716	26.34926170046133	0.0
192.0	26.247506131058884	23.679607154902847	23.7336290723665	26.339257641671765	0.0
193.0	26.262158539060245	23.653950042445913	23.75427674735678	26.329614671137065	0.0
194.0	26.28016589635194	23.6576658463315	23.852030972654543	26.21013728466202	0.0
195.0	26.262158539060245	23.663954129830188	23.686820615279956	26.38706671582961	0.0
196.0	26.218998047773805	23.855175114403885	23.6253669356337	26.30045990218861	0.0
197.0	26.283670996066956	23.752915485228208	23.72461812860148	26.23879539010336	0.0
198.0	26.20449556388914	23.757488795390103	23.914696332205253	26.1233193085155	0.0
199.0	26.171910728985644	23.729477270648495	23.87010655812677	26.22850544223909	0.0
200.0	26.16133494923626	23.71375651696698	23.90011890606421	26.22478962773255	0.0
201.0	26.433161071983903	23.7326214213848	23.680028354523003	26.154189152108298	0.0
202.0	26.340551541205524	23.757202963504984	23.68231500960395	26.219930485685538	0.0
203.0	26.255659471325345	23.82065764200128	23.672596725509923	26.25108616116345	0.0
204.0	26.259375285831887	23.74319720113418	23.753772980883564	26.24365453215037	0.0
205.0	26.248513674197383	23.89468810024696	23.71604317204793	26.140755053507732	0.0
206.0	26.14132671727797	23.73433641269551	23.857244123296443	26.267092746730082	0.0
207.0	26.266806914844963	23.759203786700812	23.7992202506174	26.174769047836826	0.0
208.0	26.32462019979706	23.742407568849952	23.8004316073802	26.132540623972787	0.0
209.0	26.334413784035625	23.721609585712898	23.710747911986143	26.233228718265334	0.0
210.0	26.18720952168619	23.75676710856529	23.82279465148319	26.233228718265334	0.0
211.0	26.313051481622278	23.76855422134439	23.79285013991591	26.12554415711742	0.0
212.0	26.234161204848895	23.653934652554074	23.821433573529454	26.29047056906758	0.0
213.0	26.1721351539075	23.848873669798458	23.689949778907142	26.289041397386903	0.0
214.0	26.181642523124065	23.73975280975956	23.813498279272377	26.265106387844	0.0
215.0	26.242525410745117	23.856087717091796	23.650286406823458	26.251100465339626	0.0
216.0	26.288830705555494	23.684014954895215	23.681728273670007	26.345426065879284	0.0
217.0	26.26424888238455	23.660004802030574	23.728891073939838	26.346855241645038	0.0
218.0	26.264609791025322	23.64006391292293	23.7686900994995	26.326636196552244	0.0
219.0	26.281474113265364	23.65692823516297	23.85615590637157	26.205441745200098	0.0
220.0	26.26175143132362	23.667790002029435	23.679509276806414	26.39094928984053	0.0
221.0	26.22602193505235	23.84186410786306	23.6211987388917	26.31091521819289	0.0
222.0	26.286694297556096	23.742746891524938	23.72188080605974	26.248678004859226	0.0
223.0	26.210947548949548	23.749321137630414	23.91882235243676	26.12090896098328	0.0
224.0	26.17464627697585	23.71616407031585	23.880520222952693	26.22866942975561	0.0
225.0	26.16349864227526	23.724167500357296	23.891953694440474	26.220380162926972	0.0
226.0	26.450478776618553	23.724453337144492	23.683578676575674	26.141489209661284	0.0
227.0	26.350721737887667	23.74960697441761	23.683578676575674	26.216092611119052	0.0
228.0	26.246105473774474	23.82335286551379	23.676718593683006	26.253823067028726	0.0
229.0	26.277547520365875	23.737315992568245	23.745033585822494	26.24010290124339	0.0
230.0	26.258110618836643	23.882521080463057	23.709589824210376	26.149778476489928	0.0
231.0	26.149778476489928	23.717307417464628	23.85993997427469	26.27297413177076	0.0
232.0	26.28326425610976	23.759039588395026	23.806488495069317	26.151207660425897	0.0
233.0	26.336791015552425	23.737383842743583	23.798838927651644	26.12698621405235	0.0
234.0	26.3280053051611	23.724017287507717	23.722016418558916	26.225960988772268	0.0
235.0	26.182799387162426	23.74859939173584	23.837780979168098	26.23082024193364	0.0
236.0	26.32093457997353	23.750668149219518	23.814410299359434	26.113986971447517	0.0
237.0	26.23661200467633	23.660914628394696	23.8229854765083	26.279487890420672	0.0
238.0	26.1737273722513	23.83870663461456	23.69778789013483	26.28977810299931	0.0
239.0	26.190380910457744	23.72786883371541	23.81676509092572	26.264985164901127	0.0
240.0	26.240366364031374	23.861115557893292	23.653863745511927	26.244654332563407	0.0
241.0	26.290946932660912	23.68503810945103	23.693614880125335	26.33040007776272	0.0
242.0	26.25269465871468	23.651812926356477	23.741587232606943	26.353905182321895	0.0
243.0	26.24465310977423	23.648123155751765	23.77107303794862	26.33615069652538	0.0
244.0	26.28677311616416	23.662041908770647	23.848766985405135	26.202417989660066	0.0
245.0	26.266361247186737	23.668007881424032	23.67744500018588	26.388185871203344	0.0
246.0	26.22564020431627	23.84728903430248	23.618491422949546	26.30857933843171	0.0
247.0	26.282999276297158	23.743174166383003	23.732876418443265	26.240950138876574	0.0
248.0	26.207867338443187	23.75393753165046	23.911867956431802	26.126327173474557	0.0
249.0	26.16867083808984	23.723610312398968	23.890123912440167	26.21759493707102	0.0
