# Position (bp)	A	C	G	T	N
0.0	26.268153051653314	23.821601457634795	23.715944497752094	26.194300992959796	0.0
1.0	26.24739900596207	23.71217103489914	23.751792394855155	26.288637564283633	0.0
2.0	26.196232537956277	23.761047277902207	23.765090197537052	26.277629986604463	0.0
3.0	26.380432585405295	23.677380230442694	23.79570109830874	26.146486085843275	0.0
4.0	26.171738134382664	23.670862194431717	23.83392178530038	26.32347788588524	0.0
5.0	26.29509345479537	23.84788497042058	23.674855471855754	26.182166102928296	0.0
6.0	26.437097587072117	23.598612559730274	23.791043086650333	26.173246766547276	0.0
7.0	26.227546524006524	23.854788502742256	23.91246344782978	26.005201525421445	0.0
8.0	26.21163242590601	23.815452945567834	23.716274669922303	26.25663995860385	0.0
9.0	26.35512255595532	23.6913665090081	23.742032852272573	26.21147808276401	0.0
10.0	26.227224095229623	23.81495225852353	23.77048517629177	26.187338469955073	0.0
11.0	26.240429471165115	23.696912367508308	23.732216535825646	26.330441625500928	0.0
12.0	26.301874893885373	23.66592015868011	23.730060556081074	26.302144391353444	0.0
13.0	26.306725848310652	23.727904576336506	23.679664529551744	26.285705045801095	0.0
14.0	26.20000485095442	23.77264115603634	23.755662815547847	26.27169117746139	0.0
15.0	26.221025653463986	23.706883773826945	23.727635078868435	26.344455493840634	0.0
16.0	26.235848014207907	23.74137944974007	23.78584653197183	26.236926004080193	0.0
17.0	26.026178984048443	23.888255569838922	23.84378848760716	26.241776958505476	0.0
18.0	26.212401734485702	23.7354505054425	23.64786382831933	26.40428393175246	0.0
19.0	26.16038872314795	23.65594875236147	23.845135974947514	26.33852654954307	0.0
20.0	26.386497098859756	23.78746351678026	23.67670005740296	26.149339326957023	0.0
21.0	26.162275205424447	23.81090979650246	23.669962620701178	26.356852377371915	0.0
22.0	26.2509398724199	23.796626430694683	23.755123820611708	26.19730987627371	0.0
23.0	26.39566001277418	23.693947895359525	23.72520960165579	26.185182490210508	0.0
24.0	26.216983191442917	23.76859869401527	23.824384669906028	26.190033444635784	0.0
25.0	26.272499669865603	23.818725223076527	23.71416020546487	26.194614901593	0.0
26.0	26.25363484710061	23.708770256103445	23.740840454803926	26.296754441992015	0.0
27.0	26.20148061110916	23.762811166836897	23.76146368675939	26.274244535294542	0.0
28.0	26.38258193352611	23.668757057426905	23.792994720573056	26.155666288473924	0.0
29.0	26.166715625109482	23.666870585318396	23.83584458703778	26.330569202534342	0.0
30.0	26.297151696612165	23.844468459533825	23.67118252156642	26.18719732228759	0.0
31.0	26.436750632641896	23.60596448581508	23.78059790385999	26.176686977683033	0.0
32.0	26.227082732581795	23.855517796169384	23.907261031145655	26.010138440103166	0.0
33.0	26.21199095571372	23.824525754386723	23.706755995612603	26.256727294286954	0.0
34.0	26.348894931588436	23.689777746636015	23.739634509503777	26.22169281227177	0.0
35.0	26.22519626047329	23.816979865952682	23.76900957519343	26.188814298380596	0.0
36.0	26.240827029372372	23.703252547411086	23.728046180837218	26.32787424237933	0.0
37.0	26.30900952129423	23.663636633132377	23.722117268496184	26.305236577077206	0.0
38.0	26.308201033247723	23.721578276465184	23.678997906015958	26.291222784271135	0.0
39.0	26.20094161907816	23.771435039332943	23.758499230588875	26.269124111000018	0.0
40.0	26.22573525250429	23.7059475075661	23.722386764511686	26.345930475417923	0.0
41.0	26.233011644922833	23.7439464457518	23.78949127237154	26.233550636953833	0.0
42.0	26.02819467314176	23.888126814045055	23.838539547192795	26.245138965620395	0.0
43.0	26.20929599555871	23.73397509317825	23.65016183235731	26.40656707890574	0.0
44.0	26.160247720737452	23.655551752667336	23.845815939611334	26.33838458698388	0.0
45.0	26.373419068999066	23.796767664790075	23.674685969767935	26.15512729644292	0.0
46.0	26.15512729644292	23.81671036993718	23.66929604945791	26.35886628416199	0.0
47.0	26.244599973589388	23.80566103330162	23.75526527840286	26.194473714706128	0.0
48.0	26.38500739766563	23.702174563349082	23.7248122286512	26.18800581033409	0.0
49.0	26.20929599555871	23.769548567224433	23.8390785392238	26.182076897993063	0.0
50.0	26.265081670767497	23.817788353999187	23.716727348186158	26.200402627047158	0.0
51.0	26.23921005327936	23.71322389998464	23.748797374030826	26.298768672705176	0.0
52.0	26.20026140972606	23.769959441068274	23.76861196825354	26.26116718095212	0.0
53.0	26.37651085389352	23.678870278792125	23.79421395173352	26.15040491558083	0.0
54.0	26.161993181787558	23.66323959414119	23.83868055461981	26.33608666945144	0.0
55.0	26.289733604624526	23.84541791869349	23.674019376659075	26.190829100022906	0.0
56.0	26.42286391872044	23.61311360543301	23.78100871814911	26.183013757697438	0.0
57.0	26.224515920391305	23.8637435489739	23.905245711667767	26.00649481896703	0.0
58.0	26.20969371942921	23.828709255790763	23.699351865576112	26.26224515920391	0.0
59.0	26.34983089216175	23.693422985191273	23.734925147885143	26.221820974761833	0.0
60.0	26.214814116125208	23.8254753210354	23.764300055246384	26.19541050759301	0.0
61.0	26.234217724657405	23.713365582849367	23.725223343619042	26.327193348874182	0.0
62.0	26.30374732189778	23.666204034333607	23.724145365367253	26.30590327840136	0.0
63.0	26.299165914327677	23.72333688167841	23.68426017005107	26.29323703394284	0.0
64.0	26.19783595865953	23.778044277956692	23.755406734669126	26.268713028714647	0.0
65.0	26.221820974761833	23.714443561101156	23.71525204479	26.348483419347012	0.0
66.0	26.23179227359088	23.747860886906608	23.78370366377858	26.236643175723927	0.0
67.0	26.033444275261747	23.887189575950305	23.832482179672024	26.246883969115924	0.0
68.0	26.206190290110897	23.725223343619042	23.658119197445192	26.41046716882487	0.0
69.0	26.159298236158087	23.652998800749195	23.84730438063412	26.340398582458597	0.0
70.0	26.36600056593858	23.80014283211836	23.669976958214868	26.163879643728187	0.0
71.0	26.156333795965665	23.817120989584033	23.661622626763503	26.364922587686795	0.0
72.0	26.244997507175295	23.806610701629094	23.752442294476708	26.1959494967189	0.0
73.0	26.38809912010025	23.706628218775684	23.72064193604894	26.18463072507512	0.0
74.0	26.210502203118054	23.779391750771428	23.827900772101923	26.182205274008595	0.0
75.0	26.26628757764812	23.822241386280034	23.706897713338634	26.204573322733214	0.0
76.0	26.23772115397572	23.71767749585652	23.742470995647665	26.3021303545201	0.0
77.0	26.195808304160707	23.766058420716472	23.76902284493097	26.26911043019185	0.0
78.0	26.36990085348468	23.687366432477152	23.791121279984477	26.15161143405369	0.0
79.0	26.162121665359628	23.667154449196506	23.833431698318634	26.33729218712524	0.0
80.0	26.293903796349444	23.83612662942272	23.679551132275304	26.190418441952527	0.0
81.0	26.418679106468645	23.608943937348243	23.788156855769984	26.184220100413132	0.0
82.0	26.216828766772576	23.85930303691786	23.91859152120776	26.0052766751018	0.0
83.0	26.211169411453994	23.835048656981083	23.702997032880855	26.250784898684067	0.0
84.0	26.346185459768723	23.69006136358124	23.733988740577846	26.229764436072188	0.0
85.0	26.219793190987073	23.825077411895965	23.764980448274837	26.190148948842122	0.0
86.0	26.243508584703036	23.710542839972295	23.721861550609457	26.324087024715215	0.0
87.0	26.300102137888842	23.665806983644462	23.727790399038447	26.30630047942824	0.0
88.0	26.30091061722007	23.720244591947008	23.68062910471694	26.298215686115984	0.0
89.0	26.198233742154382	23.777916117574456	23.75500920318972	26.268840937081446	0.0
90.0	26.22437457386402	23.716471688401285	23.713237771076383	26.34591596665831	0.0
91.0	26.237579736274043	23.754200723858496	23.777107638243226	26.23111190162423	0.0
92.0	26.032495479253072	23.883826909965048	23.832623218987408	26.251054391794476	0.0
93.0	26.204162590583373	23.725634454155177	23.658261176553022	26.411941778708425	0.0
94.0	26.16643355512616	23.65098486257199	23.847175846949472	26.335405735352374	0.0
95.0	26.372865277699177	23.800823031959187	23.66823242163814	26.158079268703492	0.0
96.0	26.158079268703492	23.809446811492265	23.66230357320915	26.37017034659509	0.0
97.0	26.245395036475895	23.799206073296737	23.75905159984585	26.19634729038152	0.0
98.0	26.383375509005113	23.702458046660038	23.733719247467437	26.180447196867412	0.0
99.0	26.21602028744135	23.769292338041378	23.83208423276659	26.182603141750683	0.0
100.0	26.268032457750216	23.820765522129427	23.712968277965974	26.198233742154382	0.0
101.0	26.244317064034256	23.707308922647393	23.74476846499419	26.303605548324153	0.0
102.0	26.197553554729712	23.761618459100596	23.768086258889856	26.27274172727983	0.0
103.0	26.381616357065667	23.681040453392765	23.788837116547057	26.14850607299451	0.0
104.0	26.16278913086245	23.66945231210368	23.824410015387972	26.343348541645895	0.0
105.0	26.294570551568576	23.84031002320323	23.678884520129678	26.18623490509851	0.0
106.0	26.425004513985268	23.611781097316133	23.78102185846837	26.182192530230225	0.0
107.0	26.21614847912383	23.85890494759735	23.916845654042778	26.008100919236043	0.0
108.0	26.206985762755714	23.8295303568878	23.70745063586557	26.25603324449092	0.0
109.0	26.36490787427675	23.68023197841911	23.72874047683854	26.226119670465604	0.0
110.0	26.223963737202517	23.81578628233563	23.76673880060043	26.193511179861428	0.0
111.0	26.25199086962263	23.70529470260248	23.720655727101967	26.322058700672923	0.0
112.0	26.30561970954189	23.65867264578825	23.726854035233337	26.30885360943652	0.0
113.0	26.31181801767326	23.718230302180995	23.674033670287738	26.295918009858006	0.0
114.0	26.20644677943994	23.776440500284313	23.752186251074598	26.264926469201143	0.0
115.0	26.228545095386576	23.713109960681166	23.711493010733854	26.346851933198405	0.0
116.0	26.235821370149488	23.75380320102191	23.7804828751526	26.229892553676	0.0
117.0	26.035319576682504	23.88908801328055	23.83222527346666	26.24336713657029	0.0
118.0	26.205638304466284	23.728201493522768	23.653282812630536	26.412877389380412	0.0
119.0	26.163867097494	23.65732518749882	23.84300493978209	26.33580277522509	0.0
120.0	26.372992624013325	23.806623565967516	23.663254003972305	26.157129806046854	0.0
121.0	26.14635013973142	23.817403232282945	23.65867264578825	26.377573982197383	0.0
122.0	26.246062053149146	23.801233732809802	23.762426934074256	26.1902772799668	0.0
123.0	26.378651948828924	23.696131986234366	23.738442176522426	26.186773888414283	0.0
124.0	26.208602712703026	23.776171008626427	23.828721881914145	26.186504396756398	0.0
125.0	26.264387485885376	23.820367640519688	23.716613352233683	26.198631521361254	0.0
126.0	26.242019678280858	23.706372669234025	23.73628624325934	26.315321409225778	0.0
127.0	26.19688627660234	23.76524994138525	23.767405886268516	26.270457895743892	0.0
128.0	26.3766381812449	23.684940994483476	23.791660266205295	26.146760558066333	0.0
129.0	26.15457585826818	23.67065785963182	23.828850315441684	26.34591596665831	0.0
130.0	26.28554950992678	23.84582838139743	23.687366432477152	26.18125567619864	0.0
131.0	26.423799475566405	23.608674444237835	23.77872459690568	26.18880148329008	0.0
132.0	26.21305586322686	23.859033543807453	23.909698248564276	26.018212344401416	0.0
133.0	26.203354111252146	23.831545246545772	23.702458046660038	26.262642595542047	0.0
134.0	26.353192280639348	23.680090118496118	23.734527726798664	26.23218987406587	0.0
135.0	26.21602028744135	23.813489208148393	23.77225676225587	26.198233742154382	0.0
136.0	26.24695470323179	23.70211068710519	23.722053338507642	26.32888127115538	0.0
137.0	26.300584265787037	23.660608412564947	23.72852122544898	26.310286096199036	0.0
138.0	26.30489619041459	23.721244852639973	23.67704762520751	26.296811331737924	0.0
139.0	26.205452428691544	23.76894551883233	23.756548735528103	26.26905331694802	0.0
140.0	26.22431709893711	23.70911756462497	23.709387059914192	26.357178276523722	0.0
141.0	26.228090032986223	23.755740249660438	23.77918633982278	26.23698337753056	0.0
142.0	26.025699070780245	23.894799818899166	23.834971864691806	26.244529245628783	0.0
143.0	26.19898454175021	23.732833150076537	23.656835478515838	26.41134682965742	0.0
144.0	26.16509864901647	23.650700824388313	23.838539547192795	26.345660979402417	0.0
145.0	26.36695116462703	23.804583049239618	23.6674095773494	26.16105620878395	0.0
146.0	26.149608824425098	23.81090979650246	23.657835234637968	26.381646144434473	0.0
147.0	26.247436405334973	23.797704420566966	23.76024427250506	26.194614901593	0.0
148.0	26.369249260903192	23.703919301678162	23.736258997846715	26.19057243957193	0.0
149.0	26.200543845890568	23.774797135780908	23.828696629395164	26.19596238893336	0.0
150.0	26.26171977114275	23.82115070028917	23.71227372318837	26.204855805379708	0.0
151.0	26.235309019271764	23.704997291550445	23.742726937080427	26.316966752097365	0.0
152.0	26.200146068415	23.76387582567732	23.765762318121915	26.270215787785773	0.0
153.0	26.37019988734945	23.684912641924868	23.787052732853805	26.157834737871877	0.0
154.0	26.15621774434793	23.67386318617794	23.825860577428386	26.34405849204574	0.0
155.0	26.28611622410452	23.848228987842905	23.680061661353047	26.18559312669953	0.0
156.0	26.419787688750308	23.614573423633438	23.7789677652341	26.186671122382155	0.0
157.0	26.217932997178345	23.85873944574852	23.90509326010149	26.01823429697164	0.0
158.0	26.20230205978025	23.831250555841525	23.702430071767562	26.264017312610665	0.0
159.0	26.357802936999235	23.679522663511733	23.73396144548441	26.228712954004617	0.0
160.0	26.223322975591483	23.815619618443428	23.771691294376364	26.189366111588726	0.0
161.0	26.253988616273556	23.706933724289595	23.721217282566514	26.31786037687034	0.0
162.0	26.30169031089647	23.66031003406494	23.73199732654909	26.3060023284895	0.0
163.0	26.30681083178819	23.720678280367384	23.68213962312966	26.290371264714764	0.0
164.0	26.204130912854122	23.769457979388555	23.76191194860075	26.264499159156568	0.0
165.0	26.228116510715367	23.7107067396835	23.717713768272176	26.343462981328962	0.0
166.0	26.221648484325815	23.75355741451425	23.78643654866112	26.238357552498815	0.0
167.0	26.022756672847226	23.896931999482558	23.831982234487516	26.248329093182697	0.0
168.0	26.197932387564144	23.73900435513777	23.653033504376697	26.410029752921393	0.0
169.0	26.16431526323591	23.65713977712199	23.830968454811284	26.347576504830823	0.0
170.0	26.360782094298692	23.812372828825914	23.663607820942985	26.16323725593241	0.0
171.0	26.15152013324242	23.810345152848782	23.665891395568828	26.372243318339965	0.0
172.0	26.244498764327467	23.796869988923415	23.76426009222402	26.194371154525093	0.0
173.0	26.364158219984745	23.70254384144583	23.746472875842535	26.186825062726886	0.0
174.0	26.207576815171958	23.770189164351187	23.832983428243402	26.189250592233453	0.0
175.0	26.259051941366867	23.814657205304904	23.72356509716941	26.202725756158824	0.0
176.0	26.23910869875732	23.69122470374852	23.746203372564025	26.323463224930133	0.0
177.0	26.202058477136564	23.754416508781812	23.7781329251235	26.265392088958123	0.0
178.0	26.366186858410302	23.687579335455233	23.793764199530525	26.152469606603944	0.0
179.0	26.16298029111901	23.674643108359767	23.824487738882254	26.337888861638962	0.0
180.0	26.288839000568654	23.849282174148566	23.682728250294435	26.17915057498834	0.0
181.0	26.41604523367408	23.618855629010568	23.777054906198877	26.188044231116475	0.0
182.0	26.216611732618965	23.85655880188977	23.910729252852033	26.01610021263923	0.0
183.0	26.210682628533544	23.830955852429987	23.6980900199703	26.260271499066167	0.0
184.0	26.362413792174124	23.680302707714034	23.732317120827055	26.224966379284787	0.0
185.0	26.224157865091325	23.81586358748528	23.770047783188833	26.189930764234564	0.0
186.0	26.24781699402773	23.711756969448697	23.7230762596753	26.317349776848282	0.0
187.0	26.297945279316963	23.661898191069618	23.730083439339385	26.310073090274035	0.0
188.0	26.307917034992776	23.720381190573725	23.68884888208534	26.282852892348156	0.0
189.0	26.208738492054934	23.768353420581704	23.762424268558245	26.260483818805113	0.0
190.0	26.224639399754206	23.71310450399948	23.718494642202625	26.34376145404368	0.0
191.0	26.23595868998081	23.748409909230073	23.780750738448933	26.23488066234018	0.0
192.0	26.02358724477696	23.88801448869149	23.834652120480367	26.25374614605118	0.0
193.0	26.19688018800802	23.734934563722213	23.656508052866478	26.41167719540329	0.0
194.0	26.16541839713028	23.65333771732422	23.83606389487046	26.34517999067504	0.0
195.0	26.362158971774463	23.813694761041056	23.661961961692185	26.162184305492296	0.0
196.0	26.14992790631864	23.81166704847121	23.657777358541416	26.380627686668735	0.0
197.0	26.240752469377032	23.792531903138432	23.76746755784339	26.19924806964115	0.0
198.0	26.360684014068376	23.712487703647806	23.74078615801318	26.186042124270642	0.0
199.0	26.202482178711477	23.781482030481477	23.82891563017963	26.18712016062742	0.0
200.0	26.257462032907057	23.82837661200124	23.7173388672533	26.1968224878384	0.0
201.0	26.241560996644615	23.693352558315027	23.742672721637536	26.32241372340282	0.0
202.0	26.201275862905376	23.75465916349318	23.779993154432237	26.264071819169203	0.0
203.0	26.361095614254953	23.694288802106495	23.794816234237	26.149799349401555	0.0
204.0	26.154111518072032	23.678387680134108	23.821497777885583	26.34600302390828	0.0
205.0	26.28536315197969	23.852761000746543	23.681621806636965	26.180254040636804	0.0
206.0	26.41499772263592	23.610471023574085	23.78241874930938	26.192112504480612	0.0
207.0	26.214751390000618	23.86354142242274	23.911783809423707	26.009923378152937	0.0
208.0	26.202084394531095	23.837668410399875	23.69240222831316	26.267844966755877	0.0
209.0	26.35705295612638	23.689976633436018	23.725552024967456	26.22741838547015	0.0
210.0	26.226070832760623	23.81422099325415	23.767326158962707	26.19238201502252	0.0
211.0	26.24272315653299	23.70687796463993	23.72331824062096	26.327080638206123	0.0
212.0	26.299590340664082	23.660521776627856	23.727091418714963	26.3127964639931	0.0
213.0	26.30821474773609	23.722779215178956	23.677770590771885	26.291235446313067	0.0
214.0	26.20310478654593	23.77452565761104	23.753234152652006	26.26913540319103	0.0
215.0	26.22763044415696	23.709842604570934	23.719814575247952	26.342712376024146	0.0
216.0	26.231673134971974	23.75700733074601	23.775064683053042	26.236254851228978	0.0
217.0	26.026304441569643	23.889877102199225	23.826272100043123	26.257546356188012	0.0
218.0	26.193132815868907	23.733020698576972	23.651627856834843	26.422218628719275	0.0
219.0	26.164904497909923	23.645223278415475	23.840890041208606	26.348982182465996	0.0
220.0	26.3570675858872	23.81474723681338	23.65977700457364	26.168408172725776	0.0
221.0	26.149683185234895	23.81244997129666	23.647776367316467	26.390090476151972	0.0
222.0	26.25129030258438	23.785228966383407	23.762589714772382	26.200891016259835	0.0
223.0	26.357479173236094	23.704913526144292	23.738063858860436	26.199543441759175	0.0
224.0	26.19765683745826	23.779838668380783	23.825386686502963	26.197117807658	0.0
225.0	26.265305077391204	23.813258515997056	23.715963637049676	26.205472769562064	0.0
226.0	26.23889261717834	23.69332438543865	23.73375162045834	26.33403137692467	0.0
227.0	26.206422574689718	23.751937148786503	23.76999474443112	26.27164553209266	0.0
228.0	26.35923834678669	23.69749484549975	23.786974274664114	26.15629253304944	0.0
229.0	26.150632689638442	23.684019027854514	23.813386877248778	26.351961405258262	0.0
230.0	26.287546996914035	23.850580133949627	23.685905642324848	26.175967226811487	0.0
231.0	26.414219682779255	23.610441063511526	23.784279111135067	26.191060142574152	0.0
232.0	26.210734836336197	23.87133289312329	23.911221313353188	26.00671095718733	0.0
233.0	26.20857870551296	23.83279205465792	23.690756936677133	26.267872303151997	0.0
234.0	26.35869931408088	23.691565485735847	23.728219709730887	26.221515490452386	0.0
235.0	26.227444850216287	23.814464942660397	23.767299580902073	26.190790626221244	0.0
236.0	26.238976692037348	23.703346342094484	23.73029819530391	26.327378770564263	0.0
237.0	26.295575583777143	23.668847969986416	23.731106750900192	26.304469695336252	0.0
238.0	26.3114771771707	23.72841156557925	23.671543155307358	26.288568101942687	0.0
239.0	26.19935746781949	23.774768753099462	23.752129196403544	26.273744582677505	0.0
240.0	26.219173651726273	23.71021211222812	23.72261003153384	26.348004204511767	0.0
241.0	26.23381173775352	23.762549693416883	23.76847921299104	26.235159355838555	0.0
242.0	26.02143813962013	23.898108193336764	23.820484554782613	26.25996911226049	0.0
243.0	26.18936598592517	23.742308303932163	23.647703474503864	26.420622235638795	0.0
244.0	26.15933220308832	23.64970310853317	23.84295883410465	26.348005854273865	0.0
245.0	26.350063746458908	23.812604278694664	23.664087158794718	26.17324481605171	0.0
246.0	26.142823641671313	23.813913620080378	23.653531506324985	26.38973123192332	0.0
247.0	26.251735245360326	23.79044974864213	23.762416270199605	26.19539873579794	0.0
248.0	26.347810616434664	23.712032174935036	23.74141444637331	26.198742762256988	0.0
249.0	26.193621081914536	23.786700883085516	23.825787390962123	26.193890644037825	0.0
