# Position (bp)	A	C	G	T	N
0.0	26.343630735427908	23.75821799060474	23.620321681762785	26.277829592204565	0.0
1.0	26.356790964072573	23.6208938656169	23.56052846900766	26.461786701302863	0.0
2.0	26.358307754361775	23.52998389454503	23.772853011262377	26.33885533983082	0.0
3.0	26.256636459334526	23.744793812073777	23.637523456451095	26.361046272140605	0.0
4.0	26.395821474440574	23.818568237141623	23.612616813073338	26.17299347534447	0.0
5.0	26.342826578799084	23.635006306901552	23.739978319132078	26.282188795167283	0.0
6.0	26.335794898782183	23.645042643618332	23.79090612683831	26.22825633076118	0.0
7.0	26.23869268409869	23.75315661079382	23.60529996024744	26.40285074486005	0.0
8.0	26.356578063113943	23.781117291276434	23.62669259476386	26.235612050845763	0.0
9.0	26.435650925645266	23.681591755265913	23.608672526894328	26.274084792194497	0.0
10.0	26.282183257271612	23.632318795822897	23.63489231261938	26.450605634286106	0.0
11.0	26.282755149893056	23.602866325818663	23.702375641949466	26.412002882338815	0.0
12.0	26.273604867949995	23.779581145844055	23.661199373205687	26.285614613000263	0.0
13.0	26.167729907325064	23.78551800455797	23.81468444485112	26.23206764326584	0.0
14.0	26.131414829705164	23.86014977824927	23.717462977207283	26.290972414838283	0.0
15.0	26.28382377751153	23.710886230866674	23.741196453132105	26.264093538489693	0.0
16.0	26.379329572196948	23.635682566189235	23.721466214110265	26.263521647503552	0.0
17.0	26.373038771349407	23.68600897296957	23.67056791634379	26.270384339337237	0.0
18.0	26.26237786553127	23.763500201591572	23.73604943425684	26.238072498620312	0.0
19.0	26.340440985139413	23.743769962569736	23.630535547313972	26.28525350497688	0.0
20.0	26.296691324699683	23.657128478169493	23.726613232985528	26.319566964145295	0.0
21.0	26.31213238132547	23.677144662684398	23.68372140902501	26.327001546965118	0.0
22.0	26.162582888449805	23.768361274973763	23.67743060817747	26.39162522839896	0.0
23.0	26.24979626383619	23.67485709873984	23.845852503595765	26.229494133828208	0.0
24.0	26.266095156941184	23.675143044232907	23.73490565228456	26.323856146541345	0.0
25.0	26.337506219296692	23.75513985554075	23.615598853933744	26.291755071228817	0.0
26.0	26.37839630788235	23.618744245363406	23.551261301963297	26.451598144790943	0.0
27.0	26.337220274621266	23.540967293648023	23.790311050617927	26.331501381112783	0.0
28.0	26.25229470602028	23.742272345146663	23.64533710017786	26.360095848655202	0.0
29.0	26.397268656460348	23.82319468829171	23.61416913055662	26.165367524691323	0.0
30.0	26.349229950989084	23.630753921731223	23.74770529397972	26.272310833299972	0.0
31.0	26.322923040850053	23.661350002001612	23.780017042302656	26.23570991484567	0.0
32.0	26.235423970170253	23.7557117448916	23.615598853933744	26.39326543100441	0.0
33.0	26.365528797488263	23.782018655030623	23.6293241983541	26.223128349127013	0.0
34.0	26.418714507117162	23.69652119707879	23.61416913055662	26.27059516524743	0.0
35.0	26.271167054598276	23.627322585626136	23.639904151344798	26.461606208430794	0.0
36.0	26.276600003431337	23.591293556522682	23.71081843085	26.42128800919598	0.0
37.0	26.275742169405063	23.783448378407744	23.655345163817703	26.285464288369486	0.0
38.0	26.178160180030254	23.769369122066575	23.809687206013972	26.242783491889206	0.0
39.0	26.134124825931675	23.853436616254765	23.719328946954555	26.293109610859005	0.0
40.0	26.28224374426325	23.702172315487577	23.742490399434978	26.273093540814195	0.0
41.0	26.3854694769229	23.626683137032874	23.730766701265875	26.25708068477835	0.0
42.0	26.37574738575828	23.681584357727203	23.679010863007157	26.263657393507362	0.0
43.0	26.264515225080707	23.753928153746294	23.744777950297237	26.23677867087576	0.0
44.0	26.336287133384236	23.739916904714928	23.64355382464207	26.280242137258767	0.0
45.0	26.295111217863486	23.64841487022438	23.738773129283796	26.31770078262834	0.0
46.0	26.31512728790829	23.677867087576026	23.671004434989236	26.33600118952645	0.0
47.0	26.163005155567753	23.7739442237911	23.6715763227048	26.391474297936345	0.0
48.0	26.245928874324814	23.67443576128263	23.84543018823684	26.23420517615571	0.0
49.0	26.268518439089668	23.669860659558104	23.731052645123658	26.33056825622857	0.0
50.0	26.33935720004575	23.754718060162418	23.615463799611117	26.290460940180715	0.0
51.0	26.375671966144342	23.61517785657097	23.551698501658468	26.457451675626213	0.0
52.0	26.338785313965456	23.535685691410272	23.789603111060277	26.335925883563995	0.0
53.0	26.256433718403294	23.73841930687407	23.64377216058561	26.361374814137022	0.0
54.0	26.394830149834153	23.82791947843989	23.611460597049067	26.165789774676885	0.0
55.0	26.363090472377905	23.629760951618437	23.743852224636854	26.263296351366805	0.0
56.0	26.31962713027565	23.656925540432347	23.776735674253686	26.246711655038318	0.0
57.0	26.240420908155095	23.754146174082123	23.611460597049067	26.393972320713715	0.0
58.0	26.37138282054215	23.777879446414275	23.63490792634107	26.215829806702505	0.0
59.0	26.42599794121011	23.69409813565138	23.61832323001258	26.26158069312593	0.0
60.0	26.27101681345076	23.635479812421366	23.63519386938122	26.45830950474665	0.0
61.0	26.279309161615004	23.583724122154866	23.71068283197987	26.426283884250257	0.0
62.0	26.282740478096763	23.782740478096763	23.661786572114835	26.27273247169164	0.0
63.0	26.18058395120682	23.770376957631942	23.811838579896545	26.237200511264692	0.0
64.0	26.139694213387244	23.847867299933377	23.716905762021725	26.295532724657654	0.0
65.0	26.28809822687228	23.70832749534629	23.738351428710313	26.26522284907112	0.0
66.0	26.39275308031259	23.63741382416269	23.722338664249502	26.247494431275214	0.0
67.0	26.37731220029681	23.682592695319986	23.671440948641916	26.268654155741288	0.0
68.0	26.262935311291002	23.75836738428633	23.738923313155343	26.239773991267324	0.0
69.0	26.3338489824746	23.738923313155343	23.64256078416795	26.284666920202106	0.0
70.0	26.297248377992744	23.650281224175842	23.72576997091968	26.326700426911735	0.0
71.0	26.298106204660286	23.691456904217933	23.67973327309484	26.33070361802694	0.0
72.0	26.157994515628175	23.77295043763457	23.68030515753987	26.38874988919739	0.0
73.0	26.24005993348984	23.67229877530946	23.852442375493606	26.23519891570709	0.0
74.0	26.25921806239831	23.669153410861803	23.724626202029615	26.347002324710267	0.0
75.0	26.334631507311524	23.75258062117911	23.621905399145607	26.290882472363762	0.0
76.0	26.374949245400632	23.611611508569663	23.548704399494454	26.464734846535247	0.0
77.0	26.337490921360395	23.52840255974746	23.786893589765583	26.347212929126563	0.0
78.0	26.26571962873368	23.735710078290754	23.637060293604634	26.36150999937093	0.0
79.0	26.40182773746004	23.83636145281109	23.614184981213647	26.14762582851522	0.0
80.0	26.36865853449311	23.614756864023427	23.745146144652036	26.271438456831426	0.0
81.0	26.30718113244234	23.656218367732084	23.793470242077994	26.24313025774758	0.0
82.0	26.239413019484047	23.745718027461812	23.619045985096733	26.395822967957404	0.0
83.0	26.366085061849127	23.773168402330995	23.637918117819297	26.22282841800058	0.0
84.0	26.431279702163437	23.689101629294125	23.613041215594098	26.266577452948344	0.0
85.0	26.273440046665637	23.620761633526058	23.649927656824563	26.455870662983745	0.0
86.0	26.288594941124664	23.577870422792962	23.71626606275842	26.417268573323955	0.0
87.0	26.278586991953606	23.773168402330995	23.660221547400507	26.28802305831489	0.0
88.0	26.177288882915906	23.771956662844595	23.80998676095081	26.240767693288685	0.0
89.0	26.126391458382773	23.85316378962779	23.719343594787876	26.301101157201558	0.0
90.0	26.287947890187375	23.717056070089757	23.748795475276147	26.24620056444672	0.0
91.0	26.38259422457202	23.63699270565562	23.72449052535864	26.255922544413725	0.0
92.0	26.371156601081424	23.687604189601487	23.671591516714656	26.269647692602433	0.0
93.0	26.266216405555255	23.76166280170306	23.73278280238932	26.23933799035236	0.0
94.0	26.33741561178418	23.731924980627525	23.650145972669797	26.28051343491849	0.0
95.0	26.30710590953412	23.639566170941002	23.73821567354735	26.315112245977527	0.0
96.0	26.30539026601053	23.689319833125072	23.682743199617985	26.322546701246413	0.0
97.0	26.157273041807372	23.773672306368184	23.678454090809012	26.390600561015432	0.0
98.0	26.240767693288685	23.67244933847645	23.85316378962779	26.23361917860707	0.0
99.0	26.264214821444398	23.666444586143893	23.732496861802055	26.336843730609655	0.0
100.0	26.33019180839748	23.74615411009825	23.628918804543012	26.294735276961262	0.0
101.0	26.377085930619575	23.61690933421784	23.553144765586577	26.45285996957601	0.0
102.0	26.334194965172536	23.527124246548706	23.79247635278105	26.346204435497704	0.0
103.0	26.258706865985747	23.733286820464137	23.636639178323477	26.371367135226638	0.0
104.0	26.410540883668265	23.8342235591495	23.613478056982075	26.141757500200157	0.0
105.0	26.375942171540988	23.619482792144662	23.73871967608743	26.26585536022692	0.0
106.0	26.31332136198831	23.649220528187943	23.781038761995173	26.256419347828576	0.0
107.0	26.24183641957658	23.74958538733401	23.619196852375016	26.38938134071439	0.0
108.0	26.37108119545699	23.768457412130708	23.638068877171712	26.22239251524059	0.0
109.0	26.428841028925664	23.689538035708157	23.611476478594547	26.270144456771625	0.0
110.0	26.287872722489737	23.606043622971256	23.64864864864865	26.45743500589036	0.0
111.0	26.287014903180793	23.576591826697623	23.710411638892385	26.4259816312292	0.0
112.0	26.288444602029028	23.77188868936647	23.6672347336757	26.2724319749288	0.0
113.0	26.170848523840164	23.77067696046894	23.817570948602473	26.240903567088424	0.0
114.0	26.121381085138324	23.852741439702623	23.731503324040318	26.29437415111874	0.0
115.0	26.286653799413823	23.715490742726427	23.74694402745014	26.25091143040961	0.0
116.0	26.397026234898853	23.62170276645936	23.729215812424048	26.252055186217742	0.0
117.0	26.375866752448353	23.679176495818144	23.674315533633568	26.27064121809994	0.0
118.0	26.27378654657231	23.758095646579456	23.72635642290371	26.241761383944528	0.0
119.0	26.3372649939238	23.73178926299235	23.651154478518833	26.279791264565016	0.0
120.0	26.302094502823646	23.64000285938952	23.739223675745226	26.318678962041602	0.0
121.0	26.305811709200082	23.694617199227967	23.686039030666954	26.313532060904997	0.0
122.0	26.156551576238474	23.773250411037246	23.682321824290515	26.38787618843377	0.0
123.0	26.235470726999786	23.667738937736793	23.8584602187433	26.238330116520125	0.0
124.0	26.268067767531633	23.66144828079205	23.734362713560657	26.336121238115663	0.0
125.0	26.332765266324305	23.74872756802507	23.63092038293054	26.28758678272009	0.0
126.0	26.384806304400044	23.61233429790349	23.553430705356224	26.449428692340245	0.0
127.0	26.34591849572806	23.512255378527065	23.797337328865048	26.344488796879823	0.0
128.0	26.261280323912572	23.73042742276767	23.640642335098537	26.367649918221225	0.0
129.0	26.40453614850568	23.83508137845844	23.621198430762544	26.139184042273335	0.0
130.0	26.358785785362173	23.619482792144662	23.755018242957306	26.266713179535863	0.0
131.0	26.329619928858182	23.640642335098537	23.78875913577564	26.24097860026764	0.0
132.0	26.246411455890932	23.743866591941075	23.61519369559996	26.394528256568034	0.0
133.0	26.375084352232047	23.76731365305212	23.63263602154842	26.224965973167414	0.0
134.0	26.43284418570072	23.684391119854514	23.610904599055253	26.27186009538951	0.0
135.0	26.287872722489737	23.603470165044435	23.649792407727237	26.458864704738595	0.0
136.0	26.287014903180793	23.57058709153504	23.716702313824616	26.42569569145955	0.0
137.0	26.287014903180793	23.763882375816358	23.67266758929899	26.276435131703856	0.0
138.0	26.174429477043258	23.767381613448357	23.821138443854135	26.237050465654242	0.0
139.0	26.125533636620986	23.85059032434241	23.737357851785557	26.28651818725105	0.0
140.0	26.287947890187375	23.709621614820872	23.749939237625206	26.252491257366543	0.0
141.0	26.39096196407432	23.62447887178959	23.737139785315193	26.24741937882089	0.0
142.0	26.381239956308157	23.67451861764487	23.68309685979149	26.261144566255485	0.0
143.0	26.285524746869648	23.753792308726098	23.724626202029615	26.236056742374636	0.0
144.0	26.33670840469975	23.728915335367333	23.651139050843387	26.28323720908953	0.0
145.0	26.30840012467081	23.63426845971503	23.736349833152715	26.32098158246145	0.0
146.0	26.307542298003266	23.697175748668222	23.683164579765013	26.3121173735635	0.0
147.0	26.16657278230361	23.7735223220796	23.681448926429926	26.378455969186867	0.0
148.0	26.245281939837582	23.668077318998055	23.856227839414387	26.230412901749972	0.0
149.0	26.267585496969005	23.661214686034544	23.74156468031568	26.329635136680775	0.0
150.0	26.32971042465522	23.746493613443935	23.62925663175292	26.29453933014792	0.0
151.0	26.38146626291394	23.608096786276985	23.5574847234494	26.45295222735968	0.0
152.0	26.342653223454327	23.514088494158152	23.80003316958235	26.343225112805175	0.0
153.0	26.263446548361824	23.722542162542393	23.64562304485328	26.368388244242503	0.0
154.0	26.409278332828162	23.824910356344255	23.62646475159986	26.13934655922772	0.0
155.0	26.36066773800605	23.62389124952104	23.74856312800599	26.266877884466915	0.0
156.0	26.328355989683118	23.637044704590558	23.79174077399505	26.24285853173128	0.0
157.0	26.24200069770501	23.754567966189903	23.615884798609166	26.387546537495925	0.0
158.0	26.378110363206925	23.772010591390778	23.632183645108345	26.217695400293948	0.0
159.0	26.42786473673074	23.687942856816065	23.6198880240651	26.264304382388094	0.0
160.0	26.29089723720255	23.60730645834644	23.64762465758125	26.45417164686976	0.0
161.0	26.288323735123733	23.57242120794469	23.707958984095757	26.43129607283583	0.0
162.0	26.290325347851695	23.762288472426356	23.676505069799095	26.27088110992285	0.0
163.0	26.176308272117172	23.75863912820938	23.826694155560066	26.238358444113384	0.0
164.0	26.122550519419992	23.849855740498747	23.745199690035086	26.282394050046182	0.0
165.0	26.292116196810568	23.709742448894392	23.747487253979646	26.250654100315394	0.0
166.0	26.39913529835638	23.61744958766542	23.74326596438253	26.24014914959567	0.0
167.0	26.385409875441784	23.672065333013073	23.67492479612028	26.267599995424863	0.0
168.0	26.27825515062265	23.75648742547503	23.73218191956307	26.233075504339247	0.0
169.0	26.336874311939724	23.7258910827388	23.656405930543443	26.280828674778036	0.0
170.0	26.303132550791357	23.642108574124645	23.741046280542726	26.313712594541272	0.0
171.0	26.301416868021104	23.699297999799835	23.69214932159044	26.307135810588623	0.0
172.0	26.15930114521825	23.77278641179246	23.684428749124287	26.383483693865006	0.0
173.0	26.24944955020388	23.665052013931383	23.856351189829404	26.229147246035332	0.0
174.0	26.26117341599135	23.65618762760427	23.743973647037294	26.33866530936708	0.0
175.0	26.340170368273412	23.730030053215064	23.631091780974685	26.298707797536835	0.0
176.0	26.382776734064787	23.609645623697144	23.56132028263176	26.446257359606307	0.0
177.0	26.34453493160086	23.51878116850437	23.799011758246785	26.33767214164798	0.0
178.0	26.274477284165254	23.71980372420735	23.645170883469827	26.360548108157573	0.0
179.0	26.42145536898934	23.817884430617195	23.630301505238595	26.13035869515487	0.0
180.0	26.35997620899483	23.617147824495586	23.759550716017753	26.26332525049183	0.0
181.0	26.325948208811823	23.64288328681887	23.793292766619388	26.23787573774992	0.0
182.0	26.237303838587177	23.751544127739397	23.620865169053392	26.390286864620034	0.0
183.0	26.367410898110442	23.767843253877476	23.63887999267969	26.225865855332387	0.0
184.0	26.432321453081393	23.684060026536123	23.61200073203093	26.27161778835156	0.0
185.0	26.289060712815115	23.60628174040353	23.645456833051195	26.45920071373016	0.0
186.0	26.28362767076909	23.576257034359703	23.708651690533923	26.431463604337285	0.0
187.0	26.282483872443613	23.761838312668708	23.684060026536123	26.27161778835156	0.0
188.0	26.17961688365536	23.753613698167918	23.829104603515475	26.237664814661247	0.0
189.0	26.128431762226523	23.847405429054277	23.741603781408077	26.282559027311127	0.0
190.0	26.29113753928244	23.708719485518042	23.755043450163136	26.245099525036387	0.0
191.0	26.39529896199708	23.605844842869807	23.749392353664465	26.249463841468646	0.0
192.0	26.380429498727516	23.663035086214293	23.690486403019644	26.266049012038543	0.0
193.0	26.27984981799153	23.746600745191003	23.732875047539526	26.24067438927794	0.0
194.0	26.342759265560794	23.72200887023211	23.658813470628438	26.27641839357866	0.0
195.0	26.32016905484274	23.63364969160073	23.73401885567715	26.31216239787938	0.0
196.0	26.298722652262306	23.7017062757893	23.697131043238805	26.302440028709583	0.0
197.0	26.153744970818593	23.77834142101004	23.68826653017223	26.379647077999135	0.0
198.0	26.247898246537112	23.66888947350361	23.851041440287325	26.23217083967195	0.0
199.0	26.265627323366925	23.655735642307295	23.742951262195888	26.335685772129892	0.0
200.0	26.334045357971103	23.73672817530104	23.62949554913113	26.29973091759673	0.0
201.0	26.388090601560737	23.603759718850352	23.559722853703242	26.44842682588567	0.0
202.0	26.34384311392999	23.510034142965804	23.803709401611638	26.342413341492566	0.0
203.0	26.26749326577182	23.723642145116184	23.64529061554563	26.363573973566368	0.0
204.0	26.41275814541358	23.822296443298086	23.624701892446797	26.140243518841544	0.0
205.0	26.358712747279146	23.609546304610156	23.754811184251913	26.276929763858785	0.0
206.0	26.327543708143413	23.63928557130847	23.79513076698713	26.238039953560993	0.0
207.0	26.242193397845035	23.748656006222404	23.622549356026813	26.38660123990575	0.0
208.0	26.37401917049848	23.769816759316452	23.634273557065406	26.221890513119668	0.0
209.0	26.431933474787105	23.69188623456543	23.615535513094006	26.26064477755346	0.0
210.0	26.290384384418736	23.606670822586086	23.65671343029208	26.446231362703106	0.0
211.0	26.284951187010652	23.567208651937936	23.719338179364144	26.428501981687262	0.0
212.0	26.285809060285615	23.771096533620053	23.683307501815833	26.2597869042785	0.0
213.0	26.175218257883166	23.751433367362402	23.8357911472944	26.23755722746003	0.0
214.0	26.132038512901023	23.85666612334537	23.73198818419164	26.279307179561968	0.0
215.0	26.299610238460858	23.702248492283406	23.748573781601998	26.249567487653742	0.0
216.0	26.402630826422644	23.613382899628252	23.754074921361166	26.22991135258793	0.0
217.0	26.38718901915928	23.676008006863025	23.680583357163282	26.256219616814413	0.0
218.0	26.27516807311431	23.75871821194799	23.736699275662783	26.22941443927492	0.0
219.0	26.352091370006775	23.736699275662783	23.654628694963385	26.256580659367057	0.0
220.0	26.312056940397312	23.630322076986207	23.741274639046722	26.31634634356976	0.0
221.0	26.302906213629434	23.698666567533795	23.695235044995837	26.303192173840934	0.0
222.0	26.156494585343392	23.7801652278102	23.682938755901503	26.3804014309449	0.0
223.0	26.242071730464573	23.6735697659123	23.855440980503175	26.22891752311995	0.0
224.0	26.26523457383228	23.656412104158445	23.747061750424653	26.331291571584625	0.0
225.0	26.33552095397418	23.73496904445302	23.633452008178555	26.296057993394246	0.0
226.0	26.388710161712346	23.604855659932227	23.562819028010125	26.443615150345302	0.0
227.0	26.35103833637409	23.514558442524034	23.797663099738628	26.33674012136325	0.0
228.0	26.263247296207542	23.735894810891807	23.643814306222012	26.357043586678643	0.0
229.0	26.41623819682351	23.811389386149035	23.625798555308357	26.1465738617191	0.0
230.0	26.354183943676475	23.598345982487544	23.757342133408066	26.290127940427915	0.0
231.0	26.31901033474981	23.64581605632353	23.797949064038846	26.237224544887816	0.0
232.0	26.242657866591934	23.745045668498747	23.63065994841204	26.38163651649728	0.0
233.0	26.36733830148644	23.7613456336111	23.640668698919626	26.23064736598283	0.0
234.0	26.419097839825678	23.674984414945637	23.630945912712257	26.27497183251643	0.0
235.0	26.279547261319898	23.611786304597736	23.659256378433717	26.449410055648652	0.0
236.0	26.278689368419244	23.580616195874107	23.719594845779454	26.421099589927195	0.0
237.0	26.28269286862228	23.770210526917822	23.68013177234954	26.266964832110357	0.0
238.0	26.168953911001935	23.735962687271407	23.844915397219847	26.250168004506808	0.0
239.0	26.109473166463154	23.854066280995045	23.735676722153432	26.30078383038837	0.0
240.0	26.305118093347936	23.693595019460595	23.736205284244782	26.265081602946687	0.0
241.0	26.406325964480796	23.606543312265853	23.759258729659393	26.22787199359396	0.0
242.0	26.390569097320533	23.670776384992234	23.671062377916773	26.267592139770464	0.0
243.0	26.27165423017192	23.747079163604017	23.728488772834005	26.252777833390056	0.0
244.0	26.361657642815672	23.729724937004654	23.652500221663537	26.256117198516144	0.0
245.0	26.324822017487907	23.622119314785206	23.74139405571303	26.311664612013857	0.0
246.0	26.30607901692239	23.69334889415211	23.696781427705123	26.30379066122038	0.0
247.0	26.165561512011763	23.775509620280687	23.66709194619737	26.39183692151018	0.0
248.0	26.25384428328255	23.66733896923143	23.861877583715973	26.216939163770043	0.0
249.0	26.256991231458038	23.665050279649257	23.743151811640846	26.334806677251855	0.0
