# Position (bp)	A	C	G	T	N
0.0	26.323451487854534	23.645871099088044	23.759935298547006	26.270742114510416	0.0
1.0	26.246757955210974	23.74989541791003	23.708899238642385	26.29444738823661	0.0
2.0	26.237335214865592	23.591012150942763	23.743561283197565	26.42809135099408	0.0
3.0	26.292496423482035	23.692305118115726	23.68895866855927	26.32623978984297	0.0
4.0	26.280755276814922	23.827025881421203	23.724403717822515	26.167815123941363	0.0
5.0	26.3039162102774	23.7697009581386	23.723132522057266	26.203250309526734	0.0
6.0	26.24217497385849	23.816521436040432	23.699128616242593	26.24217497385849	0.0
7.0	26.329216982526187	23.723898720483145	23.732542220710386	26.214342076280282	0.0
8.0	26.211074835015012	23.896963495590644	23.69454845553979	26.19741321385456	0.0
9.0	26.254600200736032	23.757945801271326	23.795862607338016	26.191591390654622	0.0
10.0	26.347527418914176	23.69401216635907	23.693454588033255	26.265005826693503	0.0
11.0	26.26639977250804	23.737503275772664	23.62710276726123	26.36899418445806	0.0
12.0	26.26305430255315	23.702933419572116	23.737224486609758	26.29678779126498	0.0
13.0	26.30654541196675	23.77625496941683	23.659721099321427	26.257478519294995	0.0
14.0	26.343066792307653	23.765939770389245	23.73666690828394	26.154326529019162	0.0
15.0	26.19893279508439	23.73945479991302	23.665854460905393	26.3957579440972	0.0
16.0	26.31072724941036	23.73555175163231	23.704884943712468	26.248836055244862	0.0
17.0	26.268072507485492	23.689272750589637	23.668363563371564	26.374291178553307	0.0
18.0	26.199211584247294	23.718266823532037	23.82225518129659	26.26026641092408	0.0
19.0	26.254133049340105	23.729418390048345	23.700424317105945	26.31602424350561	0.0
20.0	26.261029565508302	23.62118234154365	23.68167942123531	26.436108671712738	0.0
21.0	26.314556935558066	23.5963701752185	23.75750986213914	26.331563027084293	0.0
22.0	26.246811357838833	23.667182425180165	23.719037064915877	26.366969152065124	0.0
23.0	26.35163579085295	23.690879437962614	23.6783339606072	26.279150810577228	0.0
24.0	26.160386958279318	23.813267539274314	23.703424915318028	26.32292058712834	0.0
25.0	26.34912669538187	23.62118234154365	23.739946193841565	26.289744769232914	0.0
26.0	26.272738677706688	23.74161892415562	23.692830956662345	26.29281144147535	0.0
27.0	26.266605333221815	23.592745926204714	23.71820069975885	26.422448040814622	0.0
28.0	26.305356918830764	23.69255216827667	23.684746093477745	26.317344819414824	0.0
29.0	26.29197507631832	23.82358270954432	23.714576450745064	26.1698657633923	0.0
30.0	26.30870237945887	23.763364418238336	23.733255272585343	26.194677929717447	0.0
31.0	26.2448598391391	23.79877054321917	23.70119460823262	26.25517500940911	0.0
32.0	26.329890296770238	23.703982492089377	23.75360682473968	26.2125203864007	0.0
33.0	26.20805977222989	23.87794644475111	23.702867338546678	26.21112644447232	0.0
34.0	26.253429087583914	23.735140620469704	23.803164796931107	26.208265495015276	0.0
35.0	26.3501683877155	23.693043691593996	23.68941945268417	26.267368468006335	0.0
36.0	26.277404821910476	23.730122443517633	23.618049824921382	26.374422909650512	0.0
37.0	26.26625331757254	23.703637620715035	23.736255770903494	26.293853290808933	0.0
38.0	26.318944175569285	23.788389053683343	23.648437674242256	26.244229096505116	0.0
39.0	26.332604768383256	23.758558779579364	23.744898186765397	26.163938265271984	0.0
40.0	26.211053371099762	23.730122443517633	23.65931039097174	26.39951379441087	0.0
41.0	26.299707830586343	23.735140620469704	23.71423154983607	26.25091999910788	0.0
42.0	26.280471485603407	23.68886187746727	23.66488614314071	26.36578049378861	0.0
43.0	26.20603519414769	23.715904275486764	23.81598902691973	26.262071503445817	0.0
44.0	26.256774538885296	23.729843655909182	23.705310346365724	26.308071458839798	0.0
45.0	26.26255586191131	23.628020306832788	23.683777673077834	26.425646158178072	0.0
46.0	26.330858635561487	23.59484467391698	23.75208044672802	26.322216243793505	0.0
47.0	26.247501373025145	23.66426259489207	23.71444422451261	26.37379180757018	0.0
48.0	26.367379710452	23.67987465744068	23.664820168554517	26.287925463552803	0.0
49.0	26.175853157400258	23.80421358416714	23.69855337513277	26.321379883299834	0.0
50.0	26.343682829797853	23.62606879901421	23.73981382615411	26.29043454503383	0.0
51.0	26.27064068001684	23.739256252491657	23.700783669782574	26.289319397708933	0.0
52.0	26.273707335160317	23.572541727418965	23.72280782944937	26.43094310797135	0.0
53.0	26.304373886595094	23.68823826237744	23.684335246740286	26.323052604287184	0.0
54.0	26.29461634750221	23.82568017017148	23.70803212739443	26.17167135493188	0.0
55.0	26.3110647705445	23.747341070597187	23.733959302698377	26.207634856159935	0.0
56.0	26.223525705539775	23.797801487048957	23.71388665085016	26.264786156561108	0.0
57.0	26.321379883299834	23.698274588301548	23.748735004753314	26.231610523645305	0.0
58.0	26.204289414185233	23.880601175922855	23.699389735626447	26.215719674265465	0.0
59.0	26.23990097519362	23.73222041940574	23.79606242577321	26.231816179627433	0.0
60.0	26.35113661074218	23.694584302114873	23.682317715738588	26.271961371404355	0.0
61.0	26.276421948268457	23.712984181679296	23.61652420699307	26.394069663059177	0.0
62.0	26.265828078216213	23.703784241897083	23.724693195947566	26.305694483939135	0.0
63.0	26.310155060803236	23.777941332262795	23.657505756932014	26.254397850001954	0.0
64.0	26.34667603387808	23.746438508160068	23.73389313572978	26.172992322232076	0.0
65.0	26.213137514009	23.73528706599981	23.645517956609737	26.40605746338145	0.0
66.0	26.315730781883367	23.73974764286391	23.7088023908692	26.23571918438352	0.0
67.0	26.310712632911255	23.668935985146277	23.6438452402857	26.37650614165677	0.0
68.0	26.212022369792976	23.711311465355255	23.80888658425751	26.267779580594258	0.0
69.0	26.250216059191857	23.737238568377855	23.715493256165352	26.297052116264936	0.0
70.0	26.27885776096393	23.635415766422543	23.673609349343042	26.412117123270484	0.0
71.0	26.331548178277608	23.617015938154275	23.748045018246497	26.303390865321617	0.0
72.0	26.261851859079616	23.66162158244099	23.71877256418334	26.35775399429605	0.0
73.0	26.38312345448412	23.6646882204857	23.66998514074475	26.28220318428543	0.0
74.0	26.178495061318824	23.80129300611376	23.708178723665245	26.312033208902168	0.0
75.0	26.35524492680493	23.629840060886703	23.74163295688028	26.273282055428087	0.0
76.0	26.283318325392603	23.717657423076172	23.70316058868299	26.29586366284824	0.0
77.0	26.274118411258463	23.576034502465856	23.71849377890655	26.431353307369132	0.0
78.0	26.31593620277726	23.689500110120186	23.669706355467955	26.3248573316346	0.0
79.0	26.312869564732548	23.807147496926394	23.7062272267277	26.173755711613357	0.0
80.0	26.311475638348586	23.752226797398375	23.723233128612012	26.213064435641027	0.0
81.0	26.22059163811441	23.79376580364038	23.716542281969005	26.26910027627621	0.0
82.0	26.334614816322322	23.696748527316775	23.753899509059128	26.214737147301776	0.0
83.0	26.208325085935563	23.887158871365685	23.70734236783487	26.197173674863883	0.0
84.0	26.236130471145803	23.744354613883466	23.78896013381656	26.23055478115417	0.0
85.0	26.345971563981042	23.696403679955395	23.68636743797045	26.271257318093117	0.0
86.0	26.260663507109005	23.701700585447448	23.6364650125453	26.401170894898247	0.0
87.0	26.26149986060775	23.705603568441592	23.739615277390577	26.293281293560078	0.0
88.0	26.311123501533313	23.768608865347087	23.655143574017284	26.265124059102313	0.0
89.0	26.3236688040145	23.75550599386674	23.745469751881796	26.175355450236964	0.0
90.0	26.22358516866462	23.725676052411483	23.649846668525228	26.40089211039866	0.0
91.0	26.311402286032898	23.736269863395595	23.71424588792863	26.23808196264288	0.0
92.0	26.291329802063007	23.688876498466684	23.645664901031502	26.374128798438807	0.0
93.0	26.209645943685533	23.703930861444103	23.813493169779758	26.272930025090606	0.0
94.0	26.265124059102313	23.72623362141065	23.711736827432397	26.29690549205464	0.0
95.0	26.277038536273945	23.629987092313655	23.673477353004312	26.419497018408087	0.0
96.0	26.335025550528158	23.597090613073284	23.76686990000028	26.30101393639828	0.0
97.0	26.27648096882919	23.65898059944076	23.712507074136955	26.35203135759309	0.0
98.0	26.382139999609706	23.65675032966175	23.67291978555956	26.288189885168983	0.0
99.0	26.17305220782769	23.800881514130154	23.706373832244683	26.319692445797475	0.0
100.0	26.353146492482598	23.61353885269347	23.748748958045837	26.284565696778095	0.0
101.0	26.285402047945222	23.725052341643877	23.70024059035241	26.28930502005849	0.0
102.0	26.29348677589413	23.563357782665786	23.72811896259001	26.415036478850073	0.0
103.0	26.323037850465987	23.688810457734995	23.66399870644353	26.324152985355493	0.0
104.0	26.318298527185597	23.815935835138458	23.698567888018154	26.167197749657795	0.0
105.0	26.316347041128964	23.745403553377326	23.741221797541684	26.197027607952027	0.0
106.0	26.215984901073597	23.792518002458873	23.718919099751602	26.272577996715928	0.0
107.0	26.33279528074915	23.690204376346873	23.75293071388148	26.2240696290225	0.0
108.0	26.21347584757221	23.88089244245207	23.720313018363484	26.185318691612235	0.0
109.0	26.241559846334837	23.739204130448115	23.7787913086629	26.24044471455414	0.0
110.0	26.344151970159075	23.677593099564543	23.71104705298549	26.2672078772909	0.0
111.0	26.265535179619853	23.7043562623013	23.63828470429493	26.39182385378392	0.0
112.0	26.257729257154967	23.705471394081997	23.74004047928364	26.296758869479405	0.0
113.0	26.311534365573653	23.76959147147214	23.656126812786102	26.26274735016811	0.0
114.0	26.335788481803835	23.753143277706844	23.743385874625734	26.167682365863588	0.0
115.0	26.227620699076116	23.72526498318939	23.647763324430866	26.39935099330363	0.0
116.0	26.300104264821496	23.736973866886718	23.72414985140869	26.238772016883093	0.0
117.0	26.29954669893115	23.690138332097398	23.641630099637023	26.368684869334437	0.0
118.0	26.21869964483053	23.706865308807867	23.822002665164955	26.25243238119665	0.0
119.0	26.278637978043058	23.721362021956946	23.70128964990438	26.29871035009562	0.0
120.0	26.2717416455488	23.638350603984932	23.671804650670055	26.41810309979621	0.0
121.0	26.33892852264142	23.601829936353678	23.747633823156335	26.311607717848574	0.0
122.0	26.2787112386082	23.657865464551257	23.714458560193588	26.348964736646955	0.0
123.0	26.38604297172297	23.663162355276402	23.667622894834416	26.283171778166214	0.0
124.0	26.182252070666095	23.796978542016888	23.700519374074787	26.320250013242223	0.0
125.0	26.36346149021051	23.61019344802496	23.752651930159104	26.27369313160543	0.0
126.0	26.28902623633611	23.72393720675437	23.708325318301316	26.2787112386082	0.0
127.0	26.29766853172977	23.569769808280434	23.708046534578937	26.424515125410856	0.0
128.0	26.318856094630345	23.678216676284705	23.67515005533857	26.32777717374638	0.0
129.0	26.311607717848574	23.81732975375034	23.698010320573403	26.17305220782769	0.0
130.0	26.320807580686978	23.738712744040303	23.74010666265218	26.20037301262054	0.0
131.0	26.21654246851835	23.801160297852526	23.713900992748833	26.268396240880286	0.0
132.0	26.33028622724776	23.685465053066483	23.756833685994742	26.227415033691017	0.0
133.0	26.216821252240724	23.87949852384019	23.727840178867638	26.17584004505145	0.0
134.0	26.24142737663786	23.747142458879285	23.77362698633956	26.23780317814329	0.0
135.0	26.3328686925007	23.681349316977975	23.71842765542236	26.267354335098968	0.0
136.0	26.26930582659604	23.69724003345414	23.649010315026484	26.38444382492333	0.0
137.0	26.25062726512406	23.70643992194034	23.732924449400613	26.310008363534987	0.0
138.0	26.32757178700864	23.751603010872596	23.66239197100641	26.25843323111235	0.0
139.0	26.343462503484805	23.741009199888484	23.74742124337887	26.16810705324784	0.0
140.0	26.229718427655424	23.73822135489267	23.644828547532757	26.387231669919153	0.0
141.0	26.317814329523276	23.738778923891832	23.71396710342905	26.22943964315584	0.0
142.0	26.306662949540005	23.678840256481738	23.647058823529413	26.367437970448844	0.0
143.0	26.21661555617508	23.70783384443825	23.82408698076387	26.251463618622807	0.0
144.0	26.28547532757179	23.728185112907724	23.703930861444103	26.282408698076388	0.0
145.0	26.278578975687132	23.640712686681592	23.668033643807203	26.412674693824066	0.0
146.0	26.339632951304576	23.598616109886006	23.751390441568	26.31036049724142	0.0
147.0	26.28248196956222	23.661064011887404	23.712639288093918	26.343814730456454	0.0
148.0	26.400686926922017	23.643779324726303	23.66050644133382	26.29502730701786	0.0
149.0	26.180167772979573	23.785959815890205	23.71403321447788	26.319839196652346	0.0
150.0	26.369184190644525	23.617294723431066	23.743584453817824	26.26993663210658	0.0
151.0	26.292518239526736	23.719887705290507	23.701487877022238	26.286106178160516	0.0
152.0	26.2972575892322	23.57352543497473	23.71737863779938	26.411838337993693	0.0
153.0	26.312311994178962	23.676675987387753	23.684481975137928	26.326530043295353	0.0
154.0	26.313984705839715	23.806311141096018	23.69479703037923	26.184907122685036	0.0
155.0	26.3248573316346	23.736614821898026	23.750832871014417	26.187694975452956	0.0
156.0	26.21780378534649	23.804080858881683	23.71431199975467	26.263803356017164	0.0
157.0	26.342420804072496	23.68308804875397	23.75724493238063	26.217246214792905	0.0
158.0	26.22282192032874	23.86206819645441	23.72769369304068	26.187416190176165	0.0
159.0	26.238507044923587	23.73835371259388	23.787977630207028	26.23516161227551	0.0
160.0	26.334967019609813	23.688172222872723	23.716050828273367	26.2608099292441	0.0
161.0	26.27307651562038	23.70071759530301	23.647190672933778	26.379015216142825	0.0
162.0	26.266943222432243	23.707687246653173	23.72692348437962	26.298446046534966	0.0
163.0	26.323536791395547	23.750341512916158	23.659736045364067	26.266385650324224	0.0
164.0	26.342494243067982	23.731941633351735	23.755638447942278	26.169925675638	0.0
165.0	26.2348828262215	23.737238568377855	23.65025731952785	26.37762128587279	0.0
166.0	26.325488293773592	23.733335563621765	23.709638749031217	26.231537393573422	0.0
167.0	26.306252056047146	23.682596501792595	23.65555425455397	26.35559718760629	0.0
168.0	26.214810230333036	23.70239031162705	23.832583398848055	26.250216059191857	0.0
169.0	26.291755181238813	23.727759842541637	23.69932366503298	26.28116131118657	0.0
170.0	26.286810316227903	23.642238435225273	23.66314744756717	26.407803800979657	0.0
171.0	26.338385880004573	23.607111294490892	23.75208044672802	26.30242237877652	0.0
172.0	26.292386052852407	23.64558387719998	23.727547205580198	26.33448286436742	0.0
173.0	26.40808258781088	23.648650532343453	23.659802005592464	26.283464874253198	0.0
174.0	26.172507715425553	23.77075916442011	23.726432058255295	26.330301061899043	0.0
175.0	26.36654334995832	23.6149173257652	23.748735004753314	26.269804319523164	0.0
176.0	26.290713331865057	23.71444422451261	23.72392297677427	26.270919466848063	0.0
177.0	26.299634510464266	23.575887169393667	23.718626026980992	26.405852293161082	0.0
178.0	26.3155253598441	23.67178983933515	23.694371572664394	26.318313228156352	0.0
179.0	26.305489033919994	23.811462041778995	23.6999473092889	26.18310161501211	0.0
180.0	26.321101096468606	23.72448055043672	23.76601978828928	26.188398564805393	0.0
181.0	26.213210592784442	23.800310568529984	23.721971468955694	26.264507369729884	0.0
182.0	26.340337387823148	23.68294131258416	23.7573773965213	26.219343903071398	0.0
183.0	26.21042272447219	23.871122423661195	23.738141105166758	26.180313746699863	0.0
184.0	26.238520856217278	23.744194215682448	23.782945909326614	26.23433901877366	0.0
185.0	26.33470311742042	23.685927280634747	23.70572131120119	26.27364829074364	0.0
186.0	26.267807856366222	23.703476539630323	23.64242103208899	26.386294571914465	0.0
187.0	26.275614039978812	23.693161225570826	23.724664752293066	26.306559982157296	0.0
188.0	26.31464495804176	23.744737795868296	23.665281998383005	26.275335247706934	0.0
189.0	26.336742972324213	23.732815893434143	23.756513302610337	26.1739278316313	0.0
190.0	26.248365575749467	23.735603823925462	23.63468074013979	26.38134986018529	0.0
191.0	26.344827970749034	23.733373479532407	23.689881763867863	26.231916785850697	0.0
192.0	26.302172634231884	23.67956642104999	23.667299526888197	26.350961417829932	0.0
193.0	26.20829244357213	23.69942679989294	23.832411455080738	26.259869301454188	0.0
194.0	26.283845570523685	23.734554822018023	23.703608707288787	26.277990900169506	0.0
195.0	26.288100767521545	23.634812524568773	23.676074125909217	26.40101258200046	0.0
196.0	26.336611028556934	23.61864243755698	23.75580938255359	26.288937151332497	0.0
197.0	26.284755232277725	23.66798908240332	23.717614521853314	26.329641163465638	0.0
198.0	26.403242938829674	23.644849130300233	23.682486401793206	26.26942152907688	0.0
199.0	26.17769810447549	23.773931031790948	23.724584386944606	26.323786476788957	0.0
200.0	26.367836024165914	23.60832703722187	23.744936393011177	26.27890054560104	0.0
201.0	26.293397864990926	23.716499343438706	23.731554252035895	26.25854853953447	0.0
202.0	26.302040497704127	23.573477711765413	23.719566084078878	26.404915706451586	0.0
203.0	26.326295628221818	23.67133461764714	23.680256044963993	26.322113709167045	0.0
204.0	26.327132012032777	23.803483259778023	23.702838407859776	26.166546320329427	0.0
205.0	26.340939821849258	23.716073992500384	23.750365919957623	26.19262026569274	0.0
206.0	26.21715432761337	23.808076724702733	23.70882529238747	26.265943655296432	0.0
207.0	26.340939821849258	23.683733638150468	23.77796673961833	26.197359800381953	0.0
208.0	26.234791627170434	23.868084442015814	23.73203153750934	26.165092393304413	0.0
209.0	26.23800469496657	23.7555829397628	23.79154794497633	26.214864420294298	0.0
210.0	26.34004494231659	23.69341087648669	23.723799911899675	26.242744269297035	0.0
211.0	26.2710494033679	23.706646593063454	23.644752983160476	26.377551020408163	0.0
212.0	26.25487900078064	23.71445299431248	23.732574997212	26.298093007694884	0.0
213.0	26.323742611798817	23.76017620162819	23.673190587710494	26.242890598862495	0.0
214.0	26.33273762891053	23.74602360327758	23.76024244519473	26.16099632261716	0.0
215.0	26.239339353572415	23.7354291720452	23.652067726295655	26.373163748086732	0.0
216.0	26.319633990281005	23.753830026290917	23.70308827670424	26.22344770672384	0.0
217.0	26.280601875214327	23.690542239718525	23.667122970678516	26.36173291438863	0.0
218.0	26.197592269389258	23.701760353297384	23.836979128912283	26.263668248401075	0.0
219.0	26.277050725162958	23.72629489402751	23.714306425261654	26.282347955547873	0.0
220.0	26.281584824229043	23.639095899653448	23.667812544434128	26.41150673168338	0.0
221.0	26.331769252001102	23.605918416848585	23.76762379522523	26.294688535925083	0.0
222.0	26.265414286391376	23.66056368264483	23.741973976586177	26.332048054377616	0.0
223.0	26.403142660388035	23.642441528171588	23.678685837118078	26.275729974322303	0.0
224.0	26.163093814211674	23.779612297415223	23.73137948627874	26.325914402094362	0.0
225.0	26.364946734805965	23.629616618852058	23.7450408027278	26.26039584361417	0.0
226.0	26.282288980274622	23.72231128458911	23.73931832438837	26.25608141074789	0.0
227.0	26.276155293789643	23.587927789781833	23.729560186798633	26.406356729629888	0.0
228.0	26.321879138495852	23.676866243814036	23.700564577960552	26.300690039729563	0.0
229.0	26.318533491322228	23.797867149926812	23.706698264445528	26.17690109430543	0.0
230.0	26.336934550777162	23.736251481145885	23.743500383355407	26.183313584721546	0.0
231.0	26.22680699797867	23.800655189238167	23.709207499825744	26.26333031295741	0.0
232.0	26.35254757092075	23.679375479194256	23.765804697846242	26.202272252038757	0.0
233.0	26.220746415965472	23.8665194577806	23.746354628436965	26.166379497816962	0.0
234.0	26.23065084534059	23.75763929160905	23.795278137128072	26.21643172592229	0.0
235.0	26.342452156845255	23.68431324441272	23.714703127091045	26.258531471650983	0.0
236.0	26.277225735220316	23.71496760235092	23.636622168690824	26.371184493737942	0.0
237.0	26.258280730711753	23.72080833314746	23.731960832422548	26.288950103718246	0.0
238.0	26.317256915982178	23.759416944086635	23.673821034846178	26.249505105085007	0.0
239.0	26.32430066274281	23.754743337022983	23.76143489255871	26.15952110767549	0.0
240.0	26.24010841015174	23.724758670302645	23.67233812367903	26.362794795866584	0.0
241.0	26.310227231534128	23.74874867896749	23.72170062545138	26.219323464047	0.0
242.0	26.274357801746735	23.682698850010595	23.681862291278595	26.361081056964075	0.0
243.0	26.19115342357265	23.689494202486323	23.8718690916392	26.247483282301825	0.0
244.0	26.276967182027082	23.721080695178813	23.71912857238471	26.28282355040939	0.0
245.0	26.28100187691561	23.650810029924674	23.67758326895671	26.390604824203006	0.0
246.0	26.33355087378749	23.61792087105429	23.772430373109767	26.27609788204845	0.0
247.0	26.27401103943012	23.676202748422043	23.742305450265384	26.307480761882452	0.0
248.0	26.3939016975059	23.655746026787458	23.695352638302385	26.254999637404257	0.0
249.0	26.135621963260686	23.795484846287298	23.766756106949007	26.30213708350301	0.0
