# Position (bp)	A	C	G	T	N
0.0	26.1760251149726	23.826728719742242	23.741910610525156	26.255335554760002	0.0
1.0	26.226695673725665	23.709966127833006	23.870514691708202	26.192823506733127	0.0
2.0	26.263107459135572	23.689529453231707	23.76690752081773	26.280455566814997	0.0
3.0	26.14434874551182	23.722107187699628	23.872998215741127	26.26054585104743	0.0
4.0	26.173458149779737	23.691079295154186	23.759361233480174	26.376101321585903	0.0
5.0	26.27463720434666	23.719994163333066	23.831771841385823	26.173596790934443	0.0
6.0	26.274697654187417	23.71663046500552	23.831154351219432	26.17751752958763	0.0
7.0	26.35842860249567	23.813207292667418	23.67694463331581	26.151419471521102	0.0
8.0	26.292913611239566	23.627535178701194	23.78966549954857	26.289885710510667	0.0
9.0	26.2470204180498	23.851519105106988	23.638200304977072	26.263260171866143	0.0
10.0	26.19278945528708	23.872303064164985	23.755879657280314	26.179027823267614	0.0
11.0	26.260771917463238	23.67330986516353	23.741017094699295	26.32490112267394	0.0
12.0	26.168844215573213	23.752576865595646	23.845055032766446	26.233523886064695	0.0
13.0	26.17544979894256	23.790558969969368	23.780100129634572	26.2538911014535	0.0
14.0	26.284717157177106	23.771292685142118	23.806797695752337	26.137192461928443	0.0
15.0	26.240955167355207	23.912487029661822	23.66835567763652	26.178202125346452	0.0
16.0	26.28719425094061	23.817807001367903	23.68844766038494	26.206551087306547	0.0
17.0	26.20159689977954	23.799641647102213	23.83982561259905	26.1589358405192	0.0
18.0	26.2331764511601	23.805906476206204	23.655629868163928	26.305287204469767	0.0
19.0	26.338865494178847	23.68755676657584	23.72939201277076	26.244185726474555	0.0
20.0	26.223268103377094	23.745630693859574	23.793245809594584	26.237855393168747	0.0
21.0	26.178405306470705	23.69388709988165	23.720309360636335	26.407398233011314	0.0
22.0	26.192370042743395	23.915933405076913	23.703730207441698	26.187966344737994	0.0
23.0	26.197324202999468	23.772537988776072	23.737308404732875	26.29282940349158	0.0
24.0	26.25347135256832	23.740611178236925	23.797859252307124	26.20805821688763	0.0
25.0	26.178333255351184	23.8314374495983	23.735106555730173	26.255122739320345	0.0
26.0	26.22594824003457	23.715289914705874	23.881254283284388	26.177507561975165	0.0
27.0	26.278792616099366	23.687491571046788	23.7631801305146	26.270535682339247	0.0
28.0	26.157966152076206	23.720519306087287	23.875749660777636	26.245764881058868	0.0
29.0	26.16512216133498	23.695473273681575	23.7719875265254	26.367417038458047	0.0
30.0	26.26227874857912	23.7301523954741	23.831712680723637	26.175856175223146	0.0
31.0	26.27163660684059	23.725198235218024	23.830611756222286	26.172553401719096	0.0
32.0	26.365215189455345	23.81272173307535	23.675106170406597	26.14695690706271	0.0
33.0	26.29530648361962	23.636849043984686	23.768134290770675	26.29971018162502	0.0
34.0	26.24989334793893	23.839969614483763	23.640427048614075	26.26970998896323	0.0
35.0	26.192094811618055	23.855657788628	23.762629668263923	26.189617731490017	0.0
36.0	26.266407215459182	23.67180339690255	23.7301523954741	26.33163699216417	0.0
37.0	26.172828632844432	23.756849814631835	23.8468503926172	26.22347115990653	0.0
38.0	26.16099369445492	23.799235407933814	23.79290509205105	26.246865805560223	0.0
39.0	26.280444002851393	23.7785930735335	23.795657403304425	26.14530552031068	0.0
40.0	26.240260258552116	23.926667418965074	23.654739067131626	26.178333255351184	0.0
41.0	26.30769188425981	23.814097888702037	23.678408943910647	26.199801283127506	0.0
42.0	26.184388340108605	23.789051856296325	23.855107326377325	26.171452477217745	0.0
43.0	26.220646681272225	23.79421575858994	23.6549491924741	26.330188367663737	0.0
44.0	26.33624343575573	23.68082084704898	23.73614215098037	26.246793566214922	0.0
45.0	26.221747602743495	23.739995376129823	23.798894674842845	26.23936234628384	0.0
46.0	26.18734380676626	23.685499763301884	23.732013695463102	26.395142734468752	0.0
47.0	26.193877242089215	23.910572395020544	23.690663936388933	26.204886426501307	0.0
48.0	26.205712115332215	23.77295758986935	23.740480495853667	26.28084979894477	0.0
49.0	26.249473623370296	23.739104347802154	23.799930091678984	26.21149193714857	0.0
50.0	26.170207495603208	23.840664074003737	23.719563045470686	26.269565384922373	0.0
51.0	26.222776351170964	23.711856616382217	23.88359989321091	26.181767139235905	0.0
52.0	26.29158375374656	23.683232736910767	23.76277409428816	26.26240941505451	0.0
53.0	26.175436858198953	23.710480468330704	23.86626042776186	26.24782224570848	0.0
54.0	26.171308414044415	23.672774011719277	23.769104375325114	26.38681319891119	0.0
55.0	26.256629593238156	23.72837039300036	23.827177823098918	26.187822190662562	0.0
56.0	26.263785563106023	23.72259057118401	23.83075580803285	26.182868057677116	0.0
57.0	26.354886564116114	23.813141112973497	23.67992998158714	26.152042341323252	0.0
58.0	26.295436968290797	23.644700591468432	23.771306212207534	26.28855622803324	0.0
59.0	26.25112500103211	23.845067747768574	23.6292877332915	26.274519517907812	0.0
60.0	26.213143314810385	23.853324636077648	23.763599783119066	26.169932265992905	0.0
61.0	26.275895665959325	23.66864556756474	23.729196081831265	26.326262684644664	0.0
62.0	26.157271703918994	23.76607684961179	23.84671912543039	26.22993232103883	0.0
63.0	26.17185887326502	23.799930091678984	23.789196136877187	26.2390148981788	0.0
64.0	26.275620436349023	23.769379604935416	23.81148973531168	26.143510223403876	0.0
65.0	26.248372704929086	23.934792600727157	23.643599673027225	26.173235021316533	0.0
66.0	26.299290182835026	23.80323284700261	23.68570980340349	26.21176716675887	0.0
67.0	26.19112494598619	23.790847514539003	23.850021880754017	26.168005658720787	0.0
68.0	26.221052805407695	23.79325909493744	23.658672185922594	26.327015913732264	0.0
69.0	26.330318659965762	23.67243362856215	23.73546103585131	26.26178667562078	0.0
70.0	26.208667507032096	23.743167443729458	23.800139816257218	26.248025232981227	0.0
71.0	26.185273054544854	23.691974877110315	23.72995645879549	26.392795609549342	0.0
72.0	26.193733056270386	23.9120921463663	23.680625318232483	26.213549479130833	0.0
73.0	26.205017408177028	23.763744203008244	23.756037816340292	26.27520057247444	0.0
74.0	26.249329131517747	23.72190953252508	23.811083435397084	26.217677900560087	0.0
75.0	26.171164352457097	23.837505332544346	23.71778111109582	26.273549203902736	0.0
76.0	26.225384287228042	23.70512061871276	23.885945477314323	26.183549616744877	0.0
77.0	26.29611790771602	23.67594644061266	23.778606520153577	26.249329131517747	0.0
78.0	26.177494598648632	23.714753602047697	23.85567038683309	26.252081412470584	0.0
79.0	26.182448704363743	23.670166650611694	23.77888174824886	26.368502896775702	0.0
80.0	26.270796922949895	23.738698446337402	23.814386172540495	26.17611845817221	0.0
81.0	26.26006302723382	23.730716831574167	23.822643015399013	26.186577125793004	0.0
82.0	26.356117632487923	23.82401915587543	23.655854789656928	26.164008421979716	0.0
83.0	26.30189769771698	23.645120893940856	23.765120343484664	26.2878610648575	0.0
84.0	26.25345755294701	23.84796400016514	23.625854927270975	26.272723519616882	0.0
85.0	26.217953128655374	23.85154196540383	23.76842308062807	26.16208182531273	0.0
86.0	26.27960422199898	23.66796482584942	23.72108384823923	26.331347103912368	0.0
87.0	26.169788211980677	23.75658827253086	23.851266737308542	26.22235677817992	0.0
88.0	26.172265264838234	23.80723024206311	23.781083573011134	26.239420920087525	0.0
89.0	26.300796785335844	23.770900133485625	23.793744065394197	26.13455901578433	0.0
90.0	26.261989623900806	23.920624217320103	23.634662226320064	26.182723932459023	0.0
91.0	26.288136292952785	23.811083435397084	23.702368337759918	26.19841193389021	0.0
92.0	26.18575144150715	23.800349539681008	23.847413543974568	26.16648547483727	0.0
93.0	26.231367109232224	23.809916991434925	23.649184226170817	26.309531673162034	0.0
94.0	26.346962591100247	23.68578946209569	23.724596516722812	26.24265143008125	0.0
95.0	26.217055287667613	23.722669925358346	23.81349494682608	26.24677984014796	0.0
96.0	26.192009599929545	23.681385824691194	23.739458792962985	26.387145782416276	0.0
97.0	26.195790684681164	23.898474419065497	23.68682517882847	26.21890971742487	0.0
98.0	26.19661636442201	23.761136355504668	23.755631823899027	26.286615456174296	0.0
99.0	26.25056077415733	23.73031097851306	23.802420342547002	26.21670790478261	0.0
100.0	26.150928752095165	23.850860220676672	23.72755871271024	26.27065231451793	0.0
101.0	26.22386379586995	23.70691671918907	23.88003423818659	26.18918524675439	0.0
102.0	26.30120246492925	23.66948590427069	23.771870192135676	26.25744143866438	0.0
103.0	26.18340548856846	23.692329710434116	23.853612486479495	26.27065231451793	0.0
104.0	26.18780911385298	23.672238170073513	23.787558107211762	26.352394608861747	0.0
105.0	26.2742302600616	23.74599889358915	23.799117623583616	26.180653222765642	0.0
106.0	26.231570140117853	23.733613697476446	23.82966777399494	26.20514838841076	0.0
107.0	26.350743249380056	23.819759617104783	23.666733638467868	26.162763495047297	0.0
108.0	26.29707406622502	23.646642098107268	23.771594965555394	26.284688870112323	0.0
109.0	26.25744143866438	23.85443816622034	23.611413095831143	26.276707299284137	0.0
110.0	26.232120593278417	23.838750251144255	23.760861128924386	26.168268026652942	0.0
111.0	26.27395503348131	23.653522762614323	23.736090736698987	26.33643146720538	0.0
112.0	26.184231168309314	23.75976022260326	23.843979556169618	26.212029052917813	0.0
113.0	26.183955941729025	23.801044209645593	23.78508106798922	26.229918780636158	0.0
114.0	26.288266815655987	23.77875085664273	23.79994330332446	26.13303902437682	0.0
115.0	26.265147782912283	23.911685294919042	23.64471551204529	26.178451410123383	0.0
116.0	26.275055939802446	23.824713695549864	23.71407261027641	26.186157754371287	0.0
117.0	26.183680715148743	23.81067713995547	23.843979556169618	26.16166258872617	0.0
118.0	26.216229605654274	23.806889490719335	23.65166127221085	26.325219631415546	0.0
119.0	26.33705440694013	23.68028491534007	23.741660611665235	26.24100006605456	0.0
120.0	26.191734372591764	23.723220380033908	23.81377017416386	26.27127507321047	0.0
121.0	26.1854041438228	23.673679459233327	23.746889931083075	26.394026465860804	0.0
122.0	26.179971651506186	23.88924821445773	23.694386722996683	26.236393411039398	0.0
123.0	26.192081687698682	23.74833142967234	23.750808482529898	26.30877840009908	0.0
124.0	26.26309053628194	23.71200132109486	23.807505470158393	26.217402672464807	0.0
125.0	26.150522245310803	23.824844840161283	23.731542515860017	26.293090398667896	0.0
126.0	26.242448429135646	23.708973812046732	23.87466112540768	26.173916633409938	0.0
127.0	26.30712703152738	23.666038229182433	23.765946027770514	26.26088871151967	0.0
128.0	26.18575144150715	23.682276686804187	23.85154196540383	26.280429906284837	0.0
129.0	26.182448704363743	23.683928055375894	23.781358801106418	26.35226443915395	0.0
130.0	26.271897835331032	23.739524130623256	23.795945890156467	26.19263214388925	0.0
131.0	26.24850344723189	23.704294934426905	23.831175086352815	26.216026531988383	0.0
132.0	26.359492918361617	23.829864532358656	23.66720428035912	26.14343826892061	0.0
133.0	26.30224531698107	23.648763947222115	23.780048110003467	26.268942625793347	0.0
134.0	26.264263735295902	23.852433298287526	23.601699813394838	26.281603153021738	0.0
135.0	26.2518784369203	23.85133238287636	23.740690384054343	26.156098796148996	0.0
136.0	26.28986001860547	23.66004833018655	23.72527756829804	26.324814082909942	0.0
137.0	26.17784187551949	23.742892214876672	23.852158069434733	26.2271078401691	0.0
138.0	26.18424420572863	23.810664046480774	23.7787374116857	26.226354336104897	0.0
139.0	26.298464494004126	23.80405853583352	23.782865855840235	26.114611114322123	0.0
140.0	26.264060792716325	23.910297165410242	23.644975821078734	26.180666220794695	0.0
141.0	26.28745530959203	23.81754478673834	23.713232764433727	26.181767139235905	0.0
142.0	26.211564079134238	23.80935342881992	23.824491099049904	26.154591392995936	0.0
143.0	26.212534059945504	23.81141111386343	23.662510665235462	26.313544160955605	0.0
144.0	26.331159001458733	23.695263259295956	23.745355461976718	26.2282222772686	0.0
145.0	26.199670271296817	23.729182091162553	23.81230234856012	26.25884528898051	0.0
146.0	26.17792689270606	23.67055753875964	23.764962334413163	26.38655323412114	0.0
147.0	26.172219041747404	23.902369209089308	23.70172406200458	26.22368768715871	0.0
148.0	26.216806852210674	23.76144970935353	23.73833010392813	26.28341333450766	0.0
149.0	26.23799982385063	23.703100228994188	23.82833142504844	26.230568522106744	0.0
150.0	26.160934472432622	23.83796459397569	23.74988990664083	26.251211026950855	0.0
151.0	26.2168790098176	23.715551005017517	23.881792434914004	26.185777550250876	0.0
152.0	26.293944573345772	23.654449022505897	23.779955797394635	26.271650606753695	0.0
153.0	26.172566310788902	23.683899077139877	23.87601251764939	26.26752209442183	0.0
154.0	26.187153721028167	23.683899077139877	23.783809075571043	26.345138126260913	0.0
155.0	26.252108981716194	23.73756973745414	23.806653510474035	26.203667770355633	0.0
156.0	26.238347273943308	23.71802811241664	23.828397008755196	26.215227604884856	0.0
157.0	26.366403725579783	23.81194849804308	23.67680815576094	26.144839620616196	0.0
158.0	26.304200635242182	23.627541106334256	23.773966080049323	26.29429217837424	0.0
159.0	26.281906607289322	23.84607762725486	23.602769964164413	26.2692458012914	0.0
160.0	26.234566202253625	23.836444405299922	23.750295877531475	26.17869351491498	0.0
161.0	26.28851224520128	23.63827526794119	23.73791030644655	26.33530218041098	0.0
162.0	26.191904790738896	23.74451594435851	23.838095814777912	26.22548345012468	0.0
163.0	26.183444574416843	23.798252253492052	23.793022775751737	26.225280396339368	0.0
164.0	26.299043556044865	23.79522466111608	23.799628431844766	26.106103350994285	0.0
165.0	26.260235326498314	23.91550264914333	23.647698341705084	26.17656368265327	0.0
166.0	26.273721874354916	23.822748228170372	23.712653959953208	26.1908759375215	0.0
167.0	26.212966938600257	23.803822483513336	23.826942343473043	26.15626823441336	0.0
168.0	26.207881713741532	23.80202685221374	23.649545031679885	26.340546402364843	0.0
169.0	26.338619736762432	23.708996427411495	23.7384468873341	26.213936948491973	0.0
170.0	26.201898596557864	23.72887887020018	23.8051199903116	26.264102542930356	0.0
171.0	26.16308993975025	23.684014961975773	23.773467539723825	26.37942755855015	0.0
172.0	26.181602994605306	23.90289551910162	23.69151161510514	26.223989871187936	0.0
173.0	26.21160409556314	23.760596719145656	23.743531872729275	26.284267312561926	0.0
174.0	26.234999449521084	23.70967741935484	23.802983595728282	26.252339535395798	0.0
175.0	26.175272487063744	23.84096664097765	23.72316415281295	26.260596719145656	0.0
176.0	26.231768776199427	23.704513113820084	23.877639209620195	26.186078900360286	0.0
177.0	26.294798785640168	23.653868914094776	23.797269066577854	26.2540632336872	0.0
178.0	26.16791304611099	23.689099661729774	23.883419254154063	26.25956803800517	0.0
179.0	26.19433610683724	23.67451193028716	23.792314742691683	26.338837220183915	0.0
180.0	26.261219479300557	23.749652509227428	23.800847189384537	26.188280822087478	0.0
181.0	26.258191836925675	23.725981850660162	23.822040686008712	26.193785626405447	0.0
182.0	26.369461463511307	23.809445169245674	23.68063239366065	26.140460973582368	0.0
183.0	26.30588079863921	23.64457582613578	23.77751721632289	26.27202615890212	0.0
184.0	26.265970857485726	23.863942881993186	23.60053727038022	26.26954899014087	0.0
185.0	26.24202489279364	23.849905592346097	23.756048420392055	26.152021094468207	0.0
186.0	26.279457665185866	23.652282573393006	23.72797384109788	26.340285920323243	0.0
187.0	26.18725193907266	23.734579624461215	23.84385029092971	26.234318145536417	0.0
188.0	26.18402111654561	23.816391746050968	23.775655969855524	26.2239311675479	0.0
189.0	26.29769595146938	23.785014188711234	23.80593256027106	26.111357299548327	0.0
190.0	26.260263076046535	23.91135014326332	23.644640905875587	26.183745874814555	0.0
191.0	26.293842567234677	23.83290624991399	23.7065702953619	26.166680887489434	0.0
192.0	26.196203855596778	23.82251263363023	23.817007783857576	26.164275726915413	0.0
193.0	26.20433013866793	23.814661697594918	23.65144200333596	26.329566160401196	0.0
194.0	26.344979824614523	23.70786702411688	23.73318947246734	26.213963678801257	0.0
195.0	26.20880618089636	23.73187857302106	23.8020659871791	26.25724925890348	0.0
196.0	26.167794711447158	23.682885005491134	23.76380696534393	26.38551331771778	0.0
197.0	26.18851015105474	23.892962522570134	23.690932311621967	26.227595014753156	0.0
198.0	26.21080503809398	23.742403223675517	23.756165499625666	26.290626238604837	0.0
199.0	26.218511912626063	23.715704408332233	23.823875897300393	26.241907781741315	0.0
200.0	26.162637072268463	23.838463909807547	23.7407517505615	26.258147267362485	0.0
201.0	26.24005328767915	23.70586081896777	23.88311942110203	26.170966472251045	0.0
202.0	26.295928281830168	23.665950108859903	23.777700097161937	26.260421512147996	0.0
203.0	26.191609942996497	23.680262915243414	23.870733338654762	26.257393803105327	0.0
204.0	26.198215853635038	23.68329062428608	23.786507978013326	26.33198554406555	0.0
205.0	26.246659198317694	23.75402891737382	23.813757359397318	26.185554524911165	0.0
206.0	26.248861168530542	23.721825103010918	23.829996889717076	26.199316838741467	0.0
207.0	26.36261044287248	23.80694173020286	23.681979576670063	26.148468250254602	0.0
208.0	26.296826401695522	23.64592221518813	23.800886295450166	26.25636508766618	0.0
209.0	26.280586826676945	23.867496077729765	23.593900525721835	26.25801656987146	0.0
210.0	26.241501747818667	23.829787234042556	23.75134182929179	26.17736918884699	0.0
211.0	26.284165038121714	23.65005092070133	23.7306983017258	26.33508573945116	0.0
212.0	26.175167212573285	23.752167570394427	23.82428229335829	26.248382923673997	0.0
213.0	26.191478878860696	23.789666647399322	23.796272594403113	26.22258187933687	0.0
214.0	26.310110677137093	23.787464665064725	23.811961718537113	26.090462939261073	0.0
215.0	26.256162109939474	23.908848941259368	23.65341899044615	26.181569958355013	0.0
216.0	26.282861145746455	23.825448860336518	23.71287251348026	26.178817480436763	0.0
217.0	26.193752958921905	23.79358560780385	23.81890847435234	26.193752958921905	0.0
218.0	26.205457658282548	23.817663347150887	23.65774305956962	26.319135934996947	0.0
219.0	26.330421187648977	23.692424567719776	23.752429081820832	26.224725162810415	0.0
220.0	26.174976947743634	23.729373391503007	23.83341820233688	26.26223145841648	0.0
221.0	26.17084818540895	23.6850580091108	23.771211516494407	26.37288228898584	0.0
222.0	26.18853632219849	23.896241164424286	23.697234272124724	26.217988241252506	0.0
223.0	26.207528681214633	23.75586285865281	23.74650430493471	26.290104155197852	0.0
224.0	26.220465505472003	23.72943870697818	23.80926166516196	26.240834122387863	0.0
225.0	26.169268711602406	23.832382797877262	23.729713958558122	26.268634531962213	0.0
226.0	26.23209827609461	23.707759088144055	23.890526640297495	26.16961599546384	0.0
227.0	26.29210328568715	23.67665557399746	23.783453480978686	26.247787659336698	0.0
228.0	26.18530537870593	23.67582981698472	23.87758978043121	26.261275023878138	0.0
229.0	26.200169004935276	23.688216172175842	23.79639034084497	26.315224482043913	0.0
230.0	26.258522500502334	23.746844920080484	23.81373123811254	26.18090134130464	0.0
231.0	26.236502313495897	23.71161262087018	23.82969587369221	26.222189191941712	0.0
232.0	26.348877793130782	23.79783210662204	23.708099597579974	26.145190502667205	0.0
233.0	26.302635273133646	23.660480812106734	23.79012501995585	26.246758894803772	0.0
234.0	26.272357432659334	23.86857215209385	23.59442006925368	26.26465034599314	0.0
235.0	26.239327061232803	23.838019058524313	23.748011296387027	26.174642583855857	0.0
236.0	26.281440784801624	23.639286323774712	23.724064277102798	26.35520861432087	0.0
237.0	26.19501131290221	23.754342117577114	23.817099823287514	26.23354674623316	0.0
238.0	26.172787853597978	23.809458272892176	23.79294304172023	26.22481083178962	0.0
239.0	26.28591718712583	23.795145072543153	23.82046842700681	26.098469313324212	0.0
240.0	26.240685738823576	23.89488200788908	23.668889885957935	26.19554236732941	0.0
241.0	26.28255244177724	23.836921213455927	23.712492429664703	26.16803391510213	0.0
242.0	26.1960477703324	23.80725584878234	23.821571531612882	26.17512484927238	0.0
243.0	26.21461864815085	23.82158520570121	23.65612120444578	26.307674941702157	0.0
244.0	26.330889296993092	23.686594327596318	23.750471507198572	26.232044868212018	0.0
245.0	26.19178082191781	23.723273903765403	23.80532800991258	26.279617264404216	0.0
246.0	26.189945118643415	23.668927459128124	23.761451973994003	26.37967544823446	0.0
247.0	26.186719100690397	23.899890670654298	23.703813859215746	26.209576369439556	0.0
248.0	26.240560503660127	23.7407119762491	23.74622007039344	26.27250744969733	0.0
249.0	26.230095124785873	23.725013907937715	23.80763532010289	26.237255647173523	0.0
