# Position (bp)	A	C	G	T	N
0.0	26.340389058863668	23.765432954889032	23.720774123397067	26.17340386285023	0.0
1.0	26.233873584994633	23.779024773169198	23.697196479441683	26.28990516239449	0.0
2.0	26.17467348223671	23.759177028237648	23.819640712583933	26.246508776941702	0.0
3.0	26.123902444435814	23.82922784227371	23.887745649991402	26.15912406329907	0.0
4.0	26.323919289176807	23.818622502745455	23.67829926011381	26.179158947963927	0.0
5.0	26.301078131239187	23.837293136341454	23.635420826123607	26.226207906295755	0.0
6.0	26.25948652822875	23.74259309067416	23.678540828464715	26.319379552632384	0.0
7.0	26.206531322956117	23.70807015987268	23.726369842123653	26.35902867504755	0.0
8.0	26.292807079803044	23.817260346892606	23.719391828949117	26.17054074435523	0.0
9.0	26.19681293456203	23.726116415493973	23.78766204242767	26.28940860751633	0.0
10.0	26.194674073950864	23.70968546764026	23.86021523261423	26.235425225794646	0.0
11.0	26.14422026690618	23.735744027322678	23.796732145728335	26.323303560042806	0.0
12.0	26.199386792191305	23.788692802847592	23.758475962364788	26.25344444259632	0.0
13.0	26.231266944994264	23.76734696140561	23.798118239328463	26.20326785427166	0.0
14.0	26.30057162500069	23.759030399804836	23.846354296612944	26.09404367858153	0.0
15.0	26.256493848516605	23.812810831489827	23.825285673890985	26.105409646102583	0.0
16.0	26.390113271569003	23.658122785715474	23.74905052588391	26.202713416831614	0.0
17.0	26.41118189429096	23.8017220826888	23.654796161075165	26.13229986194508	0.0
18.0	26.131190987064972	23.855502514373793	23.613767790511357	26.399538708049874	0.0
19.0	26.218514883873077	23.79784102060844	23.750991056924093	26.23265303859439	0.0
20.0	26.207980572512103	23.781207897406897	23.72715024700188	26.283661283079123	0.0
21.0	26.22184150851339	23.63372753835321	23.790910552607798	26.353520400525603	0.0
22.0	26.257048285956653	23.730754090362215	23.66422159755604	26.347976026125092	0.0
23.0	26.35712424388594	23.737407339642832	23.653410067475036	26.252058348996194	0.0
24.0	26.09043983522119	23.7532088066843	23.901798040618086	26.25455331747642	0.0
25.0	26.35102543204538	23.76984192988584	23.709962686360285	26.169169951708497	0.0
26.0	26.22295038339349	23.779821803806765	23.705527186839873	26.29170062595987	0.0
27.0	26.168061076828398	23.75376324412435	23.8394238286123	26.238751850434955	0.0
28.0	26.108109456735978	23.83797165169228	23.897850729221823	26.15606816234992	0.0
29.0	26.318167705307044	23.81489654254729	23.688485507085673	26.17845024505999	0.0
30.0	26.28684216362467	23.847053735778758	23.638309196957263	26.227794903639307	0.0
31.0	26.246368454902306	23.736998514115896	23.686267769621434	26.33036526136036	0.0
32.0	26.20395422589874	23.703178017786257	23.728404781441974	26.36446297487303	0.0
33.0	26.2871193808077	23.814342108181233	23.723692089330463	26.174846421680602	0.0
34.0	26.19924153378723	23.723692089330463	23.78163048058371	26.295435896298596	0.0
35.0	26.188152846466036	23.718979397218956	23.851489210707236	26.24137854560777	0.0
36.0	26.146570269011555	23.73921625158014	23.784125435230976	26.33008804417733	0.0
37.0	26.201736488434502	23.777472222838263	23.762502494954646	26.258288793772593	0.0
38.0	26.22696325209022	23.766106318334035	23.791333081989755	26.215597347585994	0.0
39.0	26.299039719677985	23.75529484819587	23.847608170144817	26.098057261981328	0.0
40.0	26.25551662194229	23.805748375507306	23.833192876627265	26.10554212592313	0.0
41.0	26.39412521345723	23.65549666230512	23.75335432791466	26.197023796322995	0.0
42.0	26.41574815373356	23.80075846621277	23.661595440331773	26.121897939721894	0.0
43.0	26.133263844226118	23.852875296622386	23.621953383158502	26.391907475992994	0.0
44.0	26.203122574349646	23.811292719167902	23.738107382848018	26.247477323634428	0.0
45.0	26.206726397729035	23.789115344525516	23.732563039187422	26.271595218558026	0.0
46.0	26.23555698476414	23.62250781752456	23.790501430440663	26.35143376727063	0.0
47.0	26.257179925040475	23.73367190791954	23.661041005965714	26.348107161074275	0.0
48.0	26.35226541881972	23.744483378057705	23.659377702867534	26.243873500255038	0.0
49.0	26.096671176066177	23.747809984254065	23.894180656893838	26.26133818278592	0.0
50.0	26.345334989243973	23.771096227628576	23.706781841165643	26.17678694196181	0.0
51.0	26.229458206737487	23.7824621321328	23.703455234969283	26.28462442616043	0.0
52.0	26.188707280832098	23.741988423410437	23.829589053247876	26.239715242509593	0.0
53.0	26.114895115169563	23.83506732200627	23.885797925866786	26.164239636957383	0.0
54.0	26.31552684833532	23.815873367892884	23.693066836692264	26.17553294707953	0.0
55.0	26.298616693926206	23.8452582263743	23.630416100684723	26.22570897901478	0.0
56.0	26.235134310980513	23.738530202644636	23.686968092479137	26.339367393895714	0.0
57.0	26.216560862695093	23.70498710947246	23.722728910819725	26.355723117012726	0.0
58.0	26.290023008898622	23.806448035927147	23.73104538020126	26.172483574972972	0.0
59.0	26.19244310148865	23.72577828292629	23.784547999889114	26.29723061569595	0.0
60.0	26.192997532780748	23.71247193191584	23.856624067862388	26.237906467441025	0.0
61.0	26.14282150084551	23.744074515565657	23.78621129376542	26.32689268982341	0.0
62.0	26.193829179718904	23.782607490366754	23.775122667923377	26.248440661990962	0.0
63.0	26.223491253846365	23.770687217586563	23.795636625731156	26.210184902835916	0.0
64.0	26.293072381005185	23.750450475424834	23.847475951542705	26.109001192027275	0.0
65.0	26.257588778310648	23.806725251573198	23.83361516924015	26.102070800876003	0.0
66.0	26.395087738751975	23.66118703739639	23.747955534610373	26.19576968924126	0.0
67.0	26.423640950295237	23.792587253624596	23.662295899980595	26.12147589609958	0.0
68.0	26.124248052560084	23.85080253929532	23.630138885038672	26.39481052310592	0.0
69.0	26.199927923932027	23.806170820281096	23.744906162503813	26.248995093283067	0.0
70.0	26.208798824605662	23.7936961162088	23.725223851634187	26.272281207551355	0.0
71.0	26.234302664042357	23.620436337426884	23.787597371995677	26.357663626535082	0.0
72.0	26.248995093283067	23.729659301971004	23.67976048568181	26.34158511906412	0.0
73.0	26.356000332658773	23.73714412441438	23.657860449643778	26.248995093283067	0.0
74.0	26.09098217503396	23.74712388767222	23.892384886202976	26.269509051090843	0.0
75.0	26.340753472125968	23.76597455160369	23.717739029190806	26.17553294707953	0.0
76.0	26.215729215756937	23.78288470601281	23.712749147561887	26.288636930668368	0.0
77.0	26.181354475646607	23.740747927813047	23.836387325700663	26.241510270839687	0.0
78.0	26.103661731317796	23.834657958423314	23.899526239774236	26.162154070484654	0.0
79.0	26.315380947628707	23.81768182473415	23.69265826153488	26.17427896610226	0.0
80.0	26.291817748356124	23.852333588370314	23.631116729317057	26.224731933956512	0.0
81.0	26.239978709956425	23.725092312298326	23.698479757825755	26.336449219919494	0.0
82.0	26.213088941374764	23.716498674916558	23.7206568865529	26.349755497155787	0.0
83.0	26.283224110974352	23.804652761606953	23.73590366255281	26.176219464865884	0.0
84.0	26.18924852799308	23.727032811061953	23.78718827273433	26.296530388210638	0.0
85.0	26.20005987824756	23.709013893971147	23.855105729461208	26.235820498320084	0.0
86.0	26.145725912866062	23.73451759200736	23.793841411352474	26.325915083774102	0.0
87.0	26.195070024283957	23.784693345752526	23.769446569752613	26.250790060210903	0.0
88.0	26.223068649301972	23.768337713316257	23.79467305367974	26.213920583702027	0.0
89.0	26.29597595999246	23.756694720734505	23.85039308960669	26.096936229666344	0.0
90.0	26.254116629519974	23.80659326037058	23.82655267622501	26.112737433884437	0.0
91.0	26.393000898173714	23.6532938580442	23.751704866770897	26.202000377011185	0.0
92.0	26.421831165519	23.787742700952506	23.663827994189592	26.126598139338903	0.0
93.0	26.133251277957044	23.845403235643083	23.634443298626127	26.386902187773746	0.0
94.0	26.210316800283866	23.811860328443277	23.7361808766619	26.24164199461096	0.0
95.0	26.205326946320262	23.788574343279777	23.72426066997106	26.281838040428905	0.0
96.0	26.231939500792834	23.624186376589822	23.800217335861525	26.34365678675582	0.0
97.0	26.254116629519974	23.725646740516506	23.677134271425878	26.34310235853764	0.0
98.0	26.356963063992104	23.733963163789184	23.654679928589644	26.254393843629064	0.0
99.0	26.081412239557345	23.752813723207254	23.89613341760642	26.269640619628976	0.0
100.0	26.33506314937405	23.77055542618897	23.729527738043753	26.164853686393226	0.0
101.0	26.21558386835656	23.777485778916205	23.722874599425612	26.284055753301622	0.0
102.0	26.17760553541133	23.74006187418915	23.83431467127951	26.24801791912001	0.0
103.0	26.113496685914512	23.83009039927037	23.892463400908706	26.16394951390641	0.0
104.0	26.319670449694232	23.817272560945185	23.693635753768703	26.169421235591876	0.0
105.0	26.291117554763343	23.84249890501034	23.637361601623358	26.22902193860296	0.0
106.0	26.2448230552152	23.7296733881475	23.691140840619404	26.334362716017896	0.0
107.0	26.217379010572888	23.70555589437092	23.720802585838875	26.356262509217316	0.0
108.0	26.284741665604017	23.802857507193668	23.733831576729667	26.17856925047265	0.0
109.0	26.202132319104937	23.7246835618489	23.778185588272798	26.294998530773366	0.0
110.0	26.209894271124984	23.71026850809738	23.84915200674181	26.230685214035827	0.0
111.0	26.139482277800262	23.737158127595404	23.800085381472222	26.323274213132112	0.0
112.0	26.202686744249228	23.771255273969185	23.783729839715694	26.2423281420659	0.0
113.0	26.22874472603082	23.77153248654133	23.78733360315357	26.212389184274286	0.0
114.0	26.29388968048479	23.748246630481184	23.856082321045424	26.101781367988604	0.0
115.0	26.265613998126042	23.796758830606485	23.824480087820945	26.11314708344653	0.0
116.0	26.394517844173272	23.663696795977092	23.74963269334191	26.192152666507734	0.0
117.0	26.424734014537027	23.789274091158582	23.66480564626567	26.12118624803872	0.0
118.0	26.138650640083828	23.848320369025373	23.627659161598295	26.3853698292925	0.0
119.0	26.207122145403538	23.803689144910102	23.746306142476172	26.24288256721019	0.0
120.0	26.21128033398571	23.790660154019307	23.72440634927675	26.273653162718237	0.0
121.0	26.235120615190137	23.62377818558827	23.79980816890008	26.34129303032151	0.0
122.0	26.258129258678142	23.718307672689573	23.67700299944003	26.34656006919226	0.0
123.0	26.34739170690869	23.726346837281763	23.67339923600215	26.252862219807394	0.0
124.0	26.09568269140142	23.752959244207645	23.88962504227492	26.26173302211602	0.0
125.0	26.335471566306474	23.76432495966557	23.73494042701825	26.165263047009706	0.0
126.0	26.218487860861465	23.771809699113476	23.731336663580365	26.278365776444694	0.0
127.0	26.18660841506484	23.733554364157524	23.838617929000318	26.24121929177732	0.0
128.0	26.110724552508362	23.82537777247992	23.903274721192684	26.16062295381903	0.0
129.0	26.316489804065068	23.814355255425077	23.70430125411663	26.164853686393226	0.0
130.0	26.287105108501603	23.823226106915936	23.650798931062393	26.238869853520065	0.0
131.0	26.239147067629155	23.723429027643792	23.697648115498488	26.339775789228568	0.0
132.0	26.217801581229278	23.69543040262577	23.723151813534702	26.363616202610245	0.0
133.0	26.292372176574297	23.799940121752435	23.73451759200736	26.1731701096659	0.0
134.0	26.19950545002939	23.730082166261933	23.776099708370758	26.29431267533792	0.0
135.0	26.19950545002939	23.70790503753479	23.859818369315725	26.232771143120097	0.0
136.0	26.148498053956953	23.73451759200736	23.805484403934223	26.311499950101457	0.0
137.0	26.195070024283957	23.763070645243562	23.789405985607043	26.25245334486544	0.0
138.0	26.2197420799929	23.76390228757083	23.807702116806936	26.208653515629333	0.0
139.0	26.28357418685946	23.750107420765058	23.862656661057684	26.103661731317796	0.0
140.0	26.267568541568487	23.791201175394338	23.82308097469021	26.11814930834696	0.0
141.0	26.393497611780585	23.665688092723347	23.75522899461923	26.185585300876834	0.0
142.0	26.42510028303796	23.776297442124143	23.67178685384319	26.12681542099471	0.0
143.0	26.134023047772704	23.843661030856957	23.631313257320592	26.391002664049743	0.0
144.0	26.21552467364698	23.79487094189821	23.749684666328463	26.239919718126348	0.0
145.0	26.21441580798882	23.78655444946206	23.73166559938347	26.267364143165643	0.0
146.0	26.252394456780575	23.62022460073906	23.790712695680135	26.336668246800233	0.0
147.0	26.25987929997311	23.714478181682093	23.68980592078818	26.335836597556618	0.0
148.0	26.350806283941687	23.725566838263624	23.6667969583815	26.25682991941319	0.0
149.0	26.097984913882723	23.746358069354002	23.891619470572092	26.264037546191183	0.0
150.0	26.335282164727538	23.762991054226305	23.73665549484516	26.165071286200998	0.0
151.0	26.213379610121756	23.769987358896454	23.73616686256681	26.280466168414986	0.0
152.0	26.18177685125635	23.73616686256681	23.84150939211816	26.24054689405868	0.0
153.0	26.121415918409213	23.82189301050379	23.90117734464013	26.155513726446873	0.0
154.0	26.31831362308234	23.818077987170316	23.700260031159385	26.163348358587957	0.0
155.0	26.2941955944401	23.816414674850165	23.652301192594933	26.2370885381148	0.0
156.0	26.25039503667604	23.720219779001237	23.698319500119204	26.331065684203526	0.0
157.0	26.217683227713	23.69859671883923	23.717170373080954	26.366549680366813	0.0
158.0	26.28865122003959	23.795900489568258	23.734635152442575	26.180813137949578	0.0
159.0	26.204931166591816	23.721605872601366	23.776217960446434	26.297245000360387	0.0
160.0	26.202436198111585	23.69998281243936	23.867422919334896	26.230158070114157	0.0
161.0	26.146160797946365	23.736575683482755	23.80560314476916	26.311660373801722	0.0
162.0	26.202990635551636	23.75958483724489	23.799781551648618	26.237642975554852	0.0
163.0	26.218792102593103	23.761248149565045	23.81059308172962	26.209366666112228	0.0
164.0	26.288169658326982	23.760482361910043	23.850301476193778	26.101046503569204	0.0
165.0	26.27133209877912	23.79048801854049	23.834566039409633	26.103613843270757	0.0
166.0	26.39116441147362	23.660537309791724	23.76227742616911	26.186020852565544	0.0
167.0	26.421381503258733	23.78112845590661	23.676616129273707	26.12087391156095	0.0
168.0	26.136952731042935	23.844612070757893	23.631429102108818	26.387006096090353	0.0
169.0	26.223722912040543	23.80219725384852	23.748139153865985	26.225940680244953	0.0
170.0	26.21873293358061	23.77807902462554	23.728179240026282	26.275008801767562	0.0
171.0	26.243128383829145	23.625053018521136	23.796652833337493	26.33516576431223	0.0
172.0	26.265860507924366	23.72208037746415	23.687982191321318	26.324076923290168	0.0
173.0	26.362610645841823	23.71154597849319	23.67107170876268	26.254771666902304	0.0
174.0	26.095369577210214	23.74370361745716	23.895620739459364	26.26530606587326	0.0
175.0	26.33849241661885	23.756178563606976	23.740654186176098	26.164674833598077	0.0
176.0	26.2190828394165	23.77454105931992	23.729353906886743	26.27702219437683	0.0
177.0	26.1794401228647	23.727413354328263	23.855489823187938	26.237656699619098	0.0
178.0	26.120741514910417	23.825338696665842	23.9062876849421	26.147632103481637	0.0
179.0	26.317642492792192	23.81043468618319	23.70453537369705	26.167387447327567	0.0
180.0	26.29962297626968	23.811820802838767	23.64604125083167	26.242514970059883	0.0
181.0	26.250554446662232	23.726713240186296	23.695664227101354	26.32706808605012	0.0
182.0	26.214238190286093	23.69732756708805	23.72699046351741	26.361443779108452	0.0
183.0	26.27689066311821	23.794632956309602	23.747782213351076	26.180694167221112	0.0
184.0	26.20148591705478	23.732257706808603	23.764692836549123	26.30156353958749	0.0
185.0	26.206198713683744	23.7000998003992	23.868651585717455	26.225049900199597	0.0
186.0	26.146318474162783	23.73447549345753	23.810711909514303	26.308494122865376	0.0
187.0	26.192891993790195	23.767187846529165	23.803226879574186	26.236693280106454	0.0
188.0	26.224772676868486	23.76358394322466	23.808216899534266	26.20342648037259	0.0
189.0	26.292765282671553	23.753392529919413	23.84154979360666	26.112292393802377	0.0
190.0	26.27426410658742	23.777299718893985	23.83828918989349	26.11014698462511	0.0
191.0	26.388831133547907	23.65732693496564	23.75990042055129	26.193941510935165	0.0
192.0	26.423207112500936	23.779860666394985	23.675901052625743	26.121031168478336	0.0
193.0	26.13794193231813	23.841959209019812	23.632099402024302	26.38799945663775	0.0
194.0	26.2299808437085	23.802038717332426	23.74077185161775	26.227208587341323	0.0
195.0	26.21002059786481	23.785127953492626	23.734672887609953	26.27017856103261	0.0
196.0	26.249109412642042	23.61851534582512	23.797603107144933	26.3347721343879	0.0
197.0	26.261307340657638	23.721920508320927	23.693366267738973	26.323405883282465	0.0
198.0	26.3563957340519	23.7091681290319	23.673960473168716	26.260475663747478	0.0
199.0	26.08998189716592	23.74493023616852	23.90128549527746	26.263802371388095	0.0
200.0	26.34142554966913	23.74631636435211	23.737722369613852	26.174535716364904	0.0
201.0	26.219796183146855	23.766619722995376	23.73917430887457	26.2744097849832	0.0
202.0	26.178766675168276	23.72503576220628	23.848124286142006	26.248073276483442	0.0
203.0	26.112859182457065	23.83211122354213	23.90086356264641	26.154166031354393	0.0
204.0	26.311849896870633	23.80125973075473	23.706447248774644	26.18044312359999	0.0
205.0	26.30214686508905	23.810962762536317	23.654882565592494	26.232007806782143	0.0
206.0	26.250582181906896	23.716427510035707	23.698130364390426	26.33485994366697	0.0
207.0	26.208166071547385	23.70533833085675	23.724189935460977	26.362305662134887	0.0
208.0	26.287176473197455	23.801536960234206	23.743041540065203	26.16824502650314	0.0
209.0	26.20705715362949	23.725853312337822	23.77159617645102	26.295493357581673	0.0
210.0	26.21400135289486	23.6967297647959	23.862514831941624	26.226754050367614	0.0
211.0	26.146356609778547	23.73055213635406	23.807068321190545	26.316022932676848	0.0
212.0	26.20152588797587	23.755780298745798	23.80318706543797	26.23950674784036	0.0
213.0	26.23313039910398	23.76132494982091	23.802909832884218	26.20263481819089	0.0
214.0	26.291976590418265	23.750578724560377	23.84927378731214	26.108170897709222	0.0
215.0	26.276524371648936	23.773377764716972	23.839082244265413	26.111015619368683	0.0
216.0	26.39220415575054	23.64841075116785	23.766235566460125	26.19314952662148	0.0
217.0	26.415769118809003	23.77982007457618	23.682510638887734	26.12190016772709	0.0
218.0	26.125504220900737	23.84358409226376	23.638430296225447	26.392481390610058	0.0
219.0	26.22891282349843	23.79617693128734	23.74849253545141	26.226417709762828	0.0
220.0	26.223645361167712	23.777602195700087	23.732412913599756	26.266339529532445	0.0
221.0	26.244715210490565	23.62290514409282	23.790077764378093	26.342301881038523	0.0
222.0	26.258022483747105	23.726590981550018	23.694431737846717	26.320954796856157	0.0
223.0	26.358658737749685	23.711620299136413	23.67696594169751	26.25275502141639	0.0
224.0	26.084473461693076	23.747383596013364	23.897367655008942	26.270775287284625	0.0
225.0	26.348123813088257	23.747938065732384	23.736016966773402	26.167921154405953	0.0
226.0	26.227599361249116	23.75937056422995	23.740241305890702	26.272788768630235	0.0
227.0	26.17631077004968	23.729983587650814	23.848917672107877	26.244787970191624	0.0
228.0	26.117886460606094	23.82264633230109	23.910530270055975	26.148936937036844	0.0
229.0	26.323668845750785	23.798869981314215	23.70710447959812	26.17035669333688	0.0
230.0	26.296776840716156	23.813563551075404	23.63724071394115	26.252418894267286	0.0
231.0	26.25602297741626	23.71181751140831	23.69490604432468	26.33725346685075	0.0
232.0	26.217487011438806	23.702391447787925	23.724847658177666	26.355273882595604	0.0
233.0	26.296776840716156	23.793048000842802	23.74342254825313	26.16675261018791	0.0
234.0	26.205565813330672	23.71791672904503	23.773918636436726	26.302598821187573	0.0
235.0	26.216932537108196	23.691301961175707	23.86762479830996	26.224140703406135	0.0
236.0	26.132929676020648	23.727897266996024	23.808018807769294	26.331154249214034	0.0
237.0	26.200021070024565	23.75783888084901	23.80275130162849	26.239388747497934	0.0
238.0	26.226635837893888	23.76310638698981	23.807187096273378	26.20307067884292	0.0
239.0	26.284374038330917	23.760122650061962	23.845511933706863	26.109991377900254	0.0
240.0	26.26671509411468	23.782775170027477	23.837394677231984	26.113115058625862	0.0
241.0	26.38988248734202	23.651710006044777	23.761236905296666	26.19717060131654	0.0
242.0	26.41313752024314	23.775983317434612	23.68752357077889	26.12335559154336	0.0
243.0	26.12188642199901	23.84150771773554	23.63712499792012	26.399480862345325	0.0
244.0	26.22061984330583	23.798654926159607	23.737363932607643	26.24336129792692	0.0
245.0	26.224220370760715	23.76940059241838	23.736950709459833	26.269428327361076	0.0
246.0	26.251775174188968	23.608707229396884	23.77929037411796	26.36022722229619	0.0
247.0	26.25997564514026	23.725183979051494	23.69023281359656	26.32460756221169	0.0
248.0	26.35982567155567	23.696905975271104	23.676654580560324	26.2666137726129	0.0
249.0	26.0871253838749	23.742957092010684	23.90996174428314	26.259955779831273	0.0
