# Position (bp)	A	C	G	T	N
0.0	26.329851901744817	23.515733518165025	23.798291238474803	26.356123341615355	0.0
1.0	26.34131072126282	23.79717330486329	23.53865115720103	26.322864816672865	0.0
2.0	26.263086408022048	23.76094842571839	23.686049176387733	26.289915989871833	0.0
3.0	26.300771883541163	23.69783078926629	23.712083526630263	26.289313800562287	0.0
4.0	26.205466551534307	23.79383482977457	23.70497053226361	26.295728086427516	0.0
5.0	26.275183725934	23.68849023388381	23.856428311956858	26.17989772822533	0.0
6.0	26.299436133293842	23.8788329244508	23.600532012987376	26.22119892926798	0.0
7.0	26.30965719378931	23.7804520269685	23.842201291425795	26.0676894878164	0.0
8.0	26.274674154478017	23.700040512412166	23.78888842322898	26.23639690988084	0.0
9.0	26.341595610339397	23.694165372193602	23.645273403886772	26.318965613580232	0.0
10.0	26.217980773797382	23.789981254312764	23.651134658848047	26.340903313041803	0.0
11.0	26.311848894674938	23.665382498624105	23.729358092912676	26.293410513788277	0.0
12.0	26.370795839630784	23.73857728335601	23.694716286398343	26.19591059061486	0.0
13.0	26.224126900759604	23.74248845505924	23.670131778549457	26.363252865631697	0.0
14.0	26.26798789771727	23.72879935409793	23.686055834769757	26.31715691341504	0.0
15.0	26.204012303428705	23.787466929646403	23.66482375980936	26.34369700711554	0.0
16.0	26.293410513788277	23.639959882553104	23.789981254312764	26.276648349345855	0.0
17.0	26.24340338986839	23.736342328097017	23.64750285655219	26.3727514254824	0.0
18.0	26.313804480526553	23.795009903645493	23.6240358263328	26.267149789495154	0.0
19.0	26.39649782510916	23.578498612930893	23.65811889403239	26.366884667927554	0.0
20.0	26.240050956979903	23.687732051214	23.743605932688734	26.328611059117364	0.0
21.0	26.309893308823323	23.592467083299574	23.686614573584507	26.411025034292596	0.0
22.0	26.254504819108814	23.619499930157843	23.76840340829725	26.357591842436097	0.0
23.0	26.25869534851236	23.70554546724403	23.696885039810027	26.338874144433582	0.0
24.0	26.310378544489453	23.68291660846487	23.676770498673	26.32993434837268	0.0
25.0	26.346417097359964	23.524514597010757	23.779298784746473	26.349769520882806	0.0
26.0	26.348093309121385	23.800530800391115	23.54043860874424	26.310937281743264	0.0
27.0	26.270149462215393	23.765050984774412	23.65330353401313	26.311496018997065	0.0
28.0	26.30646738371281	23.689342086883645	23.71001536527448	26.29417516412907	0.0
29.0	26.209526470177398	23.777901941611958	23.696046933929317	26.316524654281327	0.0
30.0	26.284955999441262	23.66308143595474	23.8603156865484	26.191646878055597	0.0
31.0	26.28160357591842	23.867858639474786	23.609442659589327	26.24109512501746	0.0
32.0	26.309540438608742	23.77035898868557	23.84886157284537	26.071238999860313	0.0
33.0	26.2796479955301	23.68822461237603	23.787959212180475	26.244168179913395	0.0
34.0	26.33852119424167	23.687879067246634	23.643738947509576	26.32986079100212	0.0
35.0	26.220627963045224	23.78398160642099	23.64932630443832	26.34606412609547	0.0
36.0	26.3281845839235	23.666088375224543	23.71609521973678	26.28963182111518	0.0
37.0	26.37986763551436	23.735092233294502	23.687879067246634	26.197161063944506	0.0
38.0	26.233758251827766	23.724476255129893	23.677263089082025	26.364502403960316	0.0
39.0	26.268399864785962	23.73900338314462	23.68424728524295	26.308349466826463	0.0
40.0	26.20749767426268	23.78202603149593	23.65547239705993	26.355003897181454	0.0
41.0	26.28572067126506	23.632284865805655	23.807448505521705	26.27454595740758	0.0
42.0	26.253872736771232	23.735092233294502	23.647370729513256	26.363664300421007	0.0
43.0	26.32427343407338	23.803816723518022	23.624462566105418	26.24744727630318	0.0
44.0	26.408921891543812	23.58088118206123	23.657427971984994	26.35276895440996	0.0
45.0	26.242977390760185	23.67111699646041	23.741517693762553	26.34438791901685	0.0
46.0	26.323435330534068	23.578925607136174	23.676704353389148	26.420934708940607	0.0
47.0	26.260224834614696	23.61797112462006	23.760168961201504	26.36163507956374	0.0
48.0	26.252123189701415	23.713235294117645	23.69814947255498	26.33649204362596	0.0
49.0	26.306599767566603	23.679990613266582	23.670492133023423	26.342917486143392	0.0
50.0	26.33956508135169	23.525221258716254	23.77525478276417	26.359958877167887	0.0
51.0	26.358841408903988	23.791178705524764	23.54449758626855	26.305482299302703	0.0
52.0	26.262739138208474	23.76324199892723	23.662111121044163	26.311907741820136	0.0
53.0	26.293469515465762	23.692562131235473	23.718822635437153	26.29514571786161	0.0
54.0	26.193176738780622	23.769667441444664	23.705692383336313	26.33146343643841	0.0
55.0	26.276986858573213	23.653171374932953	23.861858573216523	26.20798319327731	0.0
56.0	26.279780529232973	23.86716654747005	23.608752011442874	26.2443009118541	0.0
57.0	26.297939388521367	23.768829340246736	23.850963257643482	26.08226801358842	0.0
58.0	26.30240926157697	23.681108081530486	23.75961022706955	26.25687242982299	0.0
59.0	26.347034387196082	23.67824826164329	23.636902051386635	26.337815299773993	0.0
60.0	26.22858308213648	23.777143926716636	23.63774015024319	26.356532840903697	0.0
61.0	26.32719938092431	23.66427994736739	23.710934117048886	26.297586554659407	0.0
62.0	26.375250382033393	23.731048489606177	23.682438755926057	26.21126237243437	0.0
63.0	26.243110128983417	23.72769609417996	23.65254656337564	26.376647213460984	0.0
64.0	26.27635471696005	23.718477006757873	23.698362634200578	26.306805642081503	0.0
65.0	26.215732233002658	23.778540758144224	23.645283039952172	26.36044396890094	0.0
66.0	26.290043664950424	23.620698806826596	23.805639287839465	26.283618240383515	0.0
67.0	26.262107036398636	23.72713736160893	23.64053381309837	26.37022178889407	0.0
68.0	26.34060896262917	23.80089006098566	23.624889301109363	26.233611675275803	0.0
69.0	26.430844272851463	23.585498654851335	23.642210010811475	26.341447061485724	0.0
70.0	26.26657689696692	23.67294030221845	23.731327855891696	26.32915494492294	0.0
71.0	26.335021636918814	23.58102879428305	23.677410162786735	26.406539406011404	0.0
72.0	26.25113841443314	23.61811852919649	23.778753694608803	26.351989361761568	0.0
73.0	26.268459075747163	23.713102800918552	23.688798001977908	26.329640121356373	0.0
74.0	26.325729004285463	23.67343289919934	23.67231543717908	26.328522659336116	0.0
75.0	26.36344334746923	23.50804852020092	23.76478541935556	26.36372271297429	0.0
76.0	26.356459209842605	23.793560066377246	23.52983902959598	26.32014169418417	0.0
77.0	26.281868619990277	23.754728261173224	23.65024556227895	26.31315755655755	0.0
78.0	26.290249585142224	23.683490057381675	23.722880593595825	26.303379763880276	0.0
79.0	26.191354196349252	23.76199176430491	23.7055599322818	26.341094107064034	0.0
80.0	26.279354330444693	23.648569369248563	23.863122077138403	26.20895422316834	0.0
81.0	26.276840040899106	23.874296697341	23.62035345323701	26.228509808522883	0.0
82.0	26.295278164233395	23.76646161238595	23.854741111986456	26.0835191113942	0.0
83.0	26.283544813020665	23.684886884907	23.782385446174647	26.249182855897686	0.0
84.0	26.34129988406364	23.668896928384854	23.644592197343243	26.34521099020827	0.0
85.0	26.228715900043305	23.770865052869773	23.651017586009417	26.34940146107751	0.0
86.0	26.325934824209746	23.668617563660234	23.704376248411112	26.301071363718904	0.0
87.0	26.385160145828383	23.7334301797712	23.674484222877176	26.20692545152324	0.0
88.0	26.24491905407104	23.711360366526517	23.662750904443296	26.380969674959143	0.0
89.0	26.283192021343467	23.721976226061937	23.695995306672625	26.298836445921975	0.0
90.0	26.215027028537108	23.774496794289785	23.64319537372016	26.367280803452946	0.0
91.0	26.291293598357335	23.621684289924712	23.80383009037449	26.283192021343467	0.0
92.0	26.2717380676342	23.71359528432345	23.639842997024765	26.374823651017586	0.0
93.0	26.334036401223614	23.80383009037449	23.62783031386627	26.234303194535624	0.0
94.0	26.425109301448508	23.58397005210152	23.63788744395245	26.35303320249752	0.0
95.0	26.27201743235882	23.677557234847956	23.727004791105028	26.323420541688204	0.0
96.0	26.339903060440555	23.56776689807378	23.678954058471035	26.413375983014625	0.0
97.0	26.253226653555185	23.605973918582173	23.780297019745444	26.3605024081172	0.0
98.0	26.2680329425963	23.70682430242823	23.701516387488965	26.323626367486508	0.0
99.0	26.33452156130921	23.676652996457666	23.660449887695695	26.32837555453743	0.0
100.0	26.36385477544726	23.504285442903598	23.76660818648102	26.36525159516812	0.0
101.0	26.35631194895462	23.788957302014772	23.530545653655757	26.32418509537485	0.0
102.0	26.283118595581577	23.75040507771905	23.646481690487096	26.319994636212275	0.0
103.0	26.287309054744156	23.686989462392024	23.72079249963683	26.304908983226987	0.0
104.0	26.188972946395644	23.77862083608041	23.703192571154	26.329213646369944	0.0
105.0	26.286470962911647	23.638938863994458	23.865503022717878	26.209087150376025	0.0
106.0	26.27445831331225	23.87192839343383	23.626646850450893	26.226966442803025	0.0
107.0	26.295410609125142	23.77135737353194	23.852093553397623	26.08113846394529	0.0
108.0	26.293455061515942	23.689783101833743	23.774989104806178	26.241772731844137	0.0
109.0	26.345622518905902	23.674351947300934	23.643621999290417	26.33640353450275	0.0
110.0	26.22074718471772	23.77129096511592	23.662898057587924	26.345063792578436	0.0
111.0	26.338917802976336	23.66932341035376	23.694745458253365	26.29701332841654	0.0
112.0	26.382498456518523	23.72882776422866	23.68999628446992	26.198677494782892	0.0
113.0	26.24952159058211	23.705640621638914	23.67267576831854	26.372162019460436	0.0
114.0	26.27941344910143	23.714021516550872	23.68943755814246	26.317127476205243	0.0
115.0	26.224378905846237	23.779392496864148	23.637196646524583	26.35903195076504	0.0
116.0	26.301203775872523	23.611774598624972	23.80509390792749	26.281927717575016	0.0
117.0	26.28695625452219	23.710389795422355	23.63524110437846	26.367412845676995	0.0
118.0	26.332213087046767	23.792801928723282	23.63524110437846	26.239743879851492	0.0
119.0	26.425520383733243	23.589425545526417	23.647812446746396	26.337241623993947	0.0
120.0	26.27298809633559	23.67519003679213	23.733297574848375	26.318524292023902	0.0
121.0	26.35120978218054	23.562606681808152	23.675469399955862	26.410714136055446	0.0
122.0	26.259093296382797	23.610443741688922	23.773592285085318	26.356870676842963	0.0
123.0	26.27920750036317	23.69648783649387	23.707662394260748	26.316642268882205	0.0
124.0	26.332286649755837	23.67581490462515	23.66855144207668	26.323347003542334	0.0
125.0	26.36972141827487	23.515180636726303	23.766887550425192	26.348210394573634	0.0
126.0	26.36972141827487	23.783370023131333	23.54088211959012	26.306026439003677	0.0
127.0	26.27138530992636	23.76800500620188	23.648995965984646	26.311613717887116	0.0
128.0	26.299321704343548	23.686989462392024	23.707383030316574	26.30630580294785	0.0
129.0	26.208249058543508	23.76660818648102	23.69648783649387	26.328654918481604	0.0
130.0	26.288147146576673	23.647599146263786	23.855445920727686	26.208807786431855	0.0
131.0	26.282839231637407	23.876398216540583	23.625250030730033	26.215512521091977	0.0
132.0	26.304908983226987	23.765770094648506	23.861033199611125	26.068287722513382	0.0
133.0	26.29988043223189	23.68503391478282	23.775827196638694	26.239258456346594	0.0
134.0	26.337109413194398	23.665823916414077	23.645989020966322	26.351077649425207	0.0
135.0	26.213071475464794	23.769468229246694	23.670014387283317	26.347445908005195	0.0
136.0	26.343814166585183	23.670293752007936	23.696833400846476	26.289058680560405	0.0
137.0	26.380131580785292	23.74767778072663	23.679792152644886	26.192398485843192	0.0
138.0	26.263077761171093	23.70605243675881	23.668058834211003	26.36281096785909	0.0
139.0	26.273972985431133	23.717506390468078	23.696274671397244	26.31224595270355	0.0
140.0	26.22676034697099	23.7747761590144	23.642077914821698	26.356385579192914	0.0
141.0	26.302188822617367	23.611627159838527	23.81053484376528	26.275649173778824	0.0
142.0	26.29017613945887	23.71052227235267	23.640681091198616	26.358620496989843	0.0
143.0	26.339623695715943	23.79405232501292	23.63230014946013	26.234023829811008	0.0
144.0	26.4284616781439	23.584249416826136	23.649620762386334	26.33766814264363	0.0
145.0	26.27425235015575	23.67280803452948	23.73203335614812	26.320906259166655	0.0
146.0	26.351357014149823	23.569443086421476	23.68118897626797	26.39801092316073	0.0
147.0	26.261754303625608	23.603032791922985	23.759756840264394	26.37545606418702	0.0
148.0	26.283824178525734	23.7008107186957	23.70947104935271	26.30589405342586	0.0
149.0	26.342490934589364	23.673712264704402	23.657788430915705	26.326008369790532	0.0
150.0	26.37098621610598	23.494080244947675	23.774283846527766	26.36064969241858	0.0
151.0	26.37098621610598	23.779033060113868	23.551629538991044	26.29835118478911	0.0
152.0	26.288573392111836	23.75556635768842	23.633483631975057	26.322376618224684	0.0
153.0	26.304217860395468	23.67538845773479	23.72371869011102	26.296674991758717	0.0
154.0	26.217335188320284	23.764506053850496	23.697178967129854	26.32097979069936	0.0
155.0	26.291646412667554	23.641864597127004	23.857534767037105	26.20895422316834	0.0
156.0	26.291087681657423	23.865915732189052	23.630410611419343	26.212585974734182	0.0
157.0	26.308408342971447	23.76478541935556	23.859490325572562	26.067315912100437	0.0
158.0	26.2991892813043	23.677064650765182	23.78825212178101	26.235493946149507	0.0
159.0	26.356253474618175	23.65645769137289	23.64276874338251	26.34452009062642	0.0
160.0	26.21154173871989	23.78217251985596	23.664838679938427	26.341447061485724	0.0
161.0	26.347034387196082	23.6659561450805	23.70255312848335	26.28445633924007	0.0
162.0	26.36798685860993	23.752000961020023	23.68718798277986	26.192824197590188	0.0
163.0	26.263224501540705	23.707022989051634	23.672660935932928	26.35709157347473	0.0
164.0	26.283338874097993	23.709816651906817	23.700318198199206	26.30652627579598	0.0
165.0	26.240316466128235	23.774629630146972	23.6332702896749	26.35178361404989	0.0
166.0	26.31127550264979	23.605333661123108	23.812344078691897	26.271046757535206	0.0
167.0	26.287808734666285	23.728534193036516	23.638578249099744	26.34507882319746	0.0
168.0	26.338094666059508	23.793347171276675	23.63047662681972	26.238081535844092	0.0
169.0	26.435872865990785	23.586616119993405	23.65254656337564	26.32496445064017	0.0
170.0	26.290043664950424	23.663721214796357	23.721829402184085	26.324405718069134	0.0
171.0	26.35597410833266	23.55644456115747	23.676292697644662	26.411288632865208	0.0
172.0	26.25994546754872	23.601767834793492	23.77413731450027	26.36414938315752	0.0
173.0	26.28704407294833	23.70345744680851	23.714073395315573	26.295425084927587	0.0
174.0	26.33537457536206	23.674403271947075	23.670492133023423	26.319730019667443	0.0
175.0	26.371692293938853	23.50259252637225	23.774416681566244	26.351298498122656	0.0
176.0	26.363870016091546	23.783915161809404	23.557069104237442	26.29514571786161	0.0
177.0	26.286205971750405	23.762403897729303	23.636968085106382	26.31442204541391	0.0
178.0	26.295425084927587	23.671050867155373	23.741451367781156	26.292072680135885	0.0
179.0	26.208821294475236	23.766035669586984	23.703178079742536	26.32196495619524	0.0
180.0	26.27866306096907	23.64199669229394	23.862417307348473	26.21692293938852	0.0
181.0	26.293190148399788	23.8654903450742	23.631660110852852	26.209659395673164	0.0
182.0	26.30185052744502	23.763521365993206	23.878341230109065	26.05628687645271	0.0
183.0	26.302688628642944	23.676358841408902	23.789223136062937	26.23172939388521	0.0
184.0	26.33377194085224	23.665809007378105	23.654354925674184	26.34606412609547	0.0
185.0	26.228170894899023	23.781746663649493	23.658266075524303	26.33181636592718	0.0
186.0	26.338800562088103	23.66636774307098	23.7102284949616	26.284603199879314	0.0
187.0	26.3658992431925	23.75408924685222	23.677542456928464	26.20246905302681	0.0
188.0	26.244255402366285	23.706714718741708	23.6734693877551	26.375560491136905	0.0
189.0	26.283926301526773	23.706994091271007	23.704759111036612	26.304320496165612	0.0
190.0	26.221346854963752	23.773484753244215	23.649443350235373	26.355725041556667	0.0
191.0	26.310540196231813	23.59670786491742	23.80539972733165	26.28735221151912	0.0
192.0	26.28399973180162	23.71963212122567	23.647553807299467	26.348814339673243	0.0
193.0	26.350769952841784	23.78277048923854	23.62911516885323	26.237344389066447	0.0
194.0	26.424803879936526	23.58581230583555	23.66543369912612	26.323950115101802	0.0
195.0	26.28399973180162	23.665154325816328	23.725778334041077	26.32506760834097	0.0
196.0	26.355519299108238	23.55759560154661	23.681637351094025	26.40524774825112	0.0
197.0	26.27010445797236	23.60208189572083	23.770823846254853	26.35698980005196	0.0
198.0	26.291895637014832	23.71271403547492	23.70992029457204	26.285470032938207	0.0
199.0	26.325979276029983	23.687011619168416	23.673881036924875	26.31312806787673	0.0
200.0	26.370399756385794	23.502345345487967	23.78563067304012	26.341624225086118	0.0
201.0	26.367621298601158	23.784778970718474	23.55708654267906	26.290513188001306	0.0
202.0	26.30811395237736	23.75432685457578	23.62776897739559	26.30979021565127	0.0
203.0	26.308672706801993	23.658779847962922	23.73616733577509	26.296380109459992	0.0
204.0	26.22290390262028	23.7607525304591	23.711582141091082	26.304761425829543	0.0
205.0	26.289954433576675	23.6523541720796	23.86272521295528	26.194966181388452	0.0
206.0	26.307628695472403	23.86586503807922	23.63062876811068	26.1958774983377	0.0
207.0	26.32075946113573	23.76137766875828	23.87536388983567	26.042498980270327	0.0
208.0	26.302041135615667	23.682034318792642	23.790712358006136	26.225212187585562	0.0
209.0	26.336419563383195	23.674476300100018	23.64681756971956	26.34228656679723	0.0
210.0	26.235283599769787	23.772539071448925	23.67391753787011	26.318259790911174	0.0
211.0	26.342565947912185	23.689562880307545	23.701296887135616	26.266574284644655	0.0
212.0	26.34899171355613	23.764437019115256	23.697664932641214	26.188906334687402	0.0
213.0	26.25254588174816	23.707921359144642	23.678865479659486	26.360667279447714	0.0
214.0	26.26064800198921	23.745079358870843	23.709877043340754	26.284395595799193	0.0
215.0	26.218181716587836	23.794250847230334	23.65651480313245	26.331052633049385	0.0
216.0	26.293409325845836	23.61886402369178	23.834548654764898	26.253177995697484	0.0
217.0	26.28363087754589	23.722236191434078	23.64512614198307	26.34900678903696	0.0
218.0	26.329876399722853	23.79947922487204	23.63967054826669	26.23097382713842	0.0
219.0	26.405031179455086	23.594968820544914	23.67068237187367	26.329317628126326	0.0
220.0	26.267852752508887	23.674035001452808	23.718736729174584	26.33937551686373	0.0
221.0	26.341889989048077	23.558089895174447	23.69079814934847	26.409221966429	0.0
222.0	26.26038270373568	23.602019406191765	23.787252707954416	26.35034518211814	0.0
223.0	26.299776211350363	23.69505513694133	23.721038088772293	26.28413056293602	0.0
224.0	26.325906265279038	23.671718935531185	23.669763218551374	26.332611580638403	0.0
225.0	26.352448138576516	23.5063211566669	23.78431235594049	26.356918348816095	0.0
226.0	26.36390305231543	23.792694000139694	23.551861423482574	26.291541524062307	0.0
227.0	26.292938464762173	23.778165816861076	23.629531326395195	26.299364391981563	0.0
228.0	26.28623314940281	23.677306698330653	23.73905147726479	26.297408675001748	0.0
229.0	26.211636516029895	23.760284975902774	23.723405741426276	26.30467276664106	0.0
230.0	26.282601103583154	23.646294614793604	23.876789830271704	26.19431445135154	0.0
231.0	26.286865368066962	23.877135928297626	23.63350878957544	26.202489914059967	0.0
232.0	26.322906538818298	23.770129971725844	23.869313038522144	26.037650450933718	0.0
233.0	26.300290567724634	23.671770227983906	23.7882767098793	26.23966249441216	0.0
234.0	26.33368536927453	23.67944613011919	23.65346252493588	26.333405975670406	0.0
235.0	26.246235171184463	23.778910253186485	23.65206555691527	26.32278901871378	0.0
236.0	26.326700529171486	23.680563704535675	23.71939941550858	26.27333635078426	0.0
237.0	26.347655049480608	23.767455115417498	23.699562469615945	26.18532736548595	0.0
238.0	26.254278250422587	23.70674601511532	23.67824762862691	26.360728105835186	0.0
239.0	26.266851067991006	23.743626279982678	23.700319908358132	26.289202743668188	0.0
240.0	26.209688685729617	23.802046370235427	23.649211236595495	26.33905370743947	0.0
241.0	26.282995196888454	23.612085176295707	23.84148334837507	26.26343627844076	0.0
242.0	26.278655176653366	23.7389486861371	23.665180118253247	26.317216018956284	0.0
243.0	26.32034873973062	23.791706253842285	23.656457832671997	26.231487173755102	0.0
244.0	26.391931769913484	23.589624645100713	23.71425856788357	26.304185017102235	0.0
245.0	26.25511758212584	23.68130562968966	23.737756228429305	26.325820559755194	0.0
246.0	26.340956282854933	23.565002808651204	23.70082415048781	26.393216758006055	0.0
247.0	26.25019913192455	23.61550909299251	23.795496404446023	26.338795370636912	0.0
248.0	26.300241196873102	23.709680574847887	23.727567712598415	26.262510515680592	0.0
249.0	26.337692391538265	23.693190869734124	23.67977551642123	26.28934122230638	0.0
