# Position (bp)	A	C	G	T	N
0.0	22.945049824328535	26.741600997633885	37.8524571500184	12.407497787007284	0.05339424101189588
1.0	23.092523835453953	26.69164869943102	18.435928234609882	31.776810307471397	0.003088923033746043
2.0	25.71749062953134	25.17216333165943	20.23632908856472	28.874016950244506	0.0
3.0	20.585289136434202	29.065441923392942	15.301200885020577	35.048068055152285	0.0
4.0	34.568137670651964	16.10855711109797	16.430334636270487	32.88688099085591	0.006089591123670771
5.0	35.26641078616621	15.76233296648695	27.948310844502732	21.022504128124996	4.412747191065775E-4
6.0	29.624801757332442	21.40182387666901	24.135344251646618	24.83803011435193	0.0
7.0	30.369849993071984	21.794646631617688	24.812700945475214	23.022802429835114	0.0
8.0	16.928975068860918	35.06916098672557	24.893454219071717	23.10840972534179	0.0
9.0	25.569045814023887	25.564986086608105	18.64376862730908	30.222199472058925	0.0
10.0	24.07797853816276	19.541586170803324	31.99612384286737	24.38431144816655	0.0
11.0	24.78957815019403	23.857076413778007	22.791309712191804	28.56150619417323	5.295296629278931E-4
12.0	22.448615765333635	24.43541106063909	27.165842512582948	25.950130661444327	0.0
13.0	21.754931906898094	29.254660522945848	22.876122713204087	26.114284856951976	0.0
14.0	27.076175489660493	24.58235554210158	25.186990162221413	23.154478806016517	0.0
15.0	26.981124915164933	23.816743904451666	24.577942794910516	24.624188385472884	0.0
16.0	26.467657652012523	23.817008669283133	23.167275772870607	26.548057905833737	0.0
17.0	26.653081288981106	23.306542074220644	23.634938720179758	26.405437916618496	0.0
18.0	26.432267419540175	23.610315590853613	23.988399770184127	25.968928964478266	8.825494382131551E-5
19.0	26.32000713099946	23.95195047838592	23.884347191418794	25.84369519919582	0.0
20.0	25.97448902593901	24.150082827264775	23.879846189283906	25.995405447624663	1.7650988764263102E-4
21.0	25.83222205649905	24.196946202433896	24.15290698546706	25.817924755599996	0.0
22.0	25.93936355829813	24.1100150827699	24.072859751421124	25.877761607510845	0.0
23.0	25.945806169197084	24.045147699061232	24.12766607153416	25.87634952840971	0.005030531797814984
24.0	25.741407719306913	24.20621297153513	24.171970053332462	25.880409255825487	0.0
25.0	25.949512876837577	24.112397966253074	23.986987691082987	25.95110146582636	0.0
26.0	26.042974862344355	24.014170213779952	24.066946670185096	25.8759082536906	0.0
27.0	25.809893555712254	24.2093901495127	24.114251320073322	25.863993836274723	0.002471138426996834
28.0	26.097516417625926	24.083273834792042	24.032350732207142	25.78685901537489	0.0
29.0	25.94624744391619	24.11195669153397	24.05626782198272	25.885528042567124	0.0
30.0	25.796125784476132	24.27443404310901	24.167998580860502	25.76144159155436	0.0
31.0	25.951454485601648	24.201623714456424	24.133402642882547	25.713519157059377	0.0
32.0	25.919064921219224	24.0860097380505	24.208242835243023	25.786682505487253	0.0
33.0	25.75305737189133	24.300734016367763	24.228629727265748	25.717578884475163	0.0
34.0	26.043857411782568	24.060151039510856	24.10736743445526	25.78862411425132	0.0
35.0	25.894183239351303	24.026168976923334	24.23076311760145	25.84844315956224	4.415065616705196E-4
36.0	25.823458778685982	24.224562879214265	24.17428813524878	25.777071712636985	6.184942139866281E-4
37.0	26.088259580344403	24.051248410864297	24.148939367952767	25.71155264083853	0.0
38.0	26.088525857714227	24.05713583029816	24.07146756030606	25.778889715568237	0.003981036113305596
39.0	25.923922713507608	24.21669394609208	24.149063396558454	25.70624794740397	0.004071996437888334
40.0	26.03258823581517	24.238065079034666	24.01174558322667	25.71751252286447	8.857905902465598E-5
41.0	25.932655253464553	24.151720666073434	24.151100254900363	25.764523825561646	0.0
42.0	25.694426583108132	24.34473039335245	24.299054645046223	25.661788378493195	0.0
43.0	25.893609184384413	24.199273095203228	24.13519186647673	25.771925853935624	0.0
44.0	25.85711836994972	24.199411520729548	24.158912494571265	25.78455761474946	0.0
45.0	25.73143699216257	24.319757820096452	24.24109912417764	25.707706063563336	0.0
46.0	25.95696726961586	24.121080807999952	24.066291502232044	25.855660420152148	0.0
47.0	25.970823879592647	24.038121754982182	24.162915582583338	25.828138782841826	0.0
48.0	25.841716801200022	24.19489313639384	24.14314040222831	25.82024966017783	0.0
49.0	26.01111707333596	24.128202888371106	23.999133595631612	25.86136817015754	1.782725037838339E-4
50.0	25.959683267726547	24.110383534346113	24.155964865802673	25.77396833212467	0.0
51.0	25.80693247831815	24.21020591060188	24.2405551409811	25.742217207656577	8.926244229183106E-5
52.0	25.90470303552176	24.273633756166753	24.09444837969435	25.72703617918895	1.7864942818784273E-4
53.0	25.889226484025613	24.183402655053154	24.14264094745941	25.784729913461824	0.0
54.0	25.775386239410285	24.23552776361343	24.31273091615004	25.674923736167393	0.0014313446588479464
55.0	25.870771478552335	24.18079531028704	24.15295282534078	25.795480385819847	0.0
56.0	25.892854742942234	24.194815748612815	24.14311838159466	25.769211126850287	0.0
57.0	25.75228674187367	24.318057302823714	24.1807765731466	25.748879382156016	0.0
58.0	25.990941959081777	24.114723220046503	23.992860533629347	25.90138455035989	8.973688248686028E-5
59.0	25.980924839917733	24.073678254856354	24.01296823500885	25.932338862495396	8.980772166790901E-5
60.0	25.866032956978323	24.15427978738129	24.179805536930544	25.799881718709834	0.0
61.0	25.951618097069634	24.20912121381117	23.947188995968475	25.888563672376048	0.003508020774678926
62.0	25.948479902336345	24.2034443363094	24.051114966360597	25.7968707658152	9.002917845673783E-5
63.0	25.763742407627827	24.301718009318535	24.144937382358215	25.789512096886824	9.010380859788563E-5
64.0	25.944487382635195	24.2132916797811	24.105159587276308	25.73697116507595	9.018523144686873E-5
65.0	25.918346714135872	24.17038723386586	24.21470907361036	25.696556978387914	0.0
66.0	25.836689850578516	24.30606377653817	24.232157151866367	25.62508922101695	0.0
67.0	25.911087154702127	24.287789225404083	24.06594122158392	25.73409712474858	0.0010852735612890156
68.0	25.973286450940066	24.118148700715548	24.085920073003273	25.822644775341118	0.0
69.0	25.893502835610704	24.21905160648357	24.18053660013086	25.706908957774864	0.0
70.0	26.036888934045514	24.141913173478866	24.0217138875987	25.79939328843474	9.07164421737111E-5
71.0	25.92134479423504	24.14490502981015	24.034201074346015	25.899549101608795	0.0
72.0	25.76691132549443	24.23886193186829	24.215496150101053	25.778730592536224	0.0
73.0	25.98732503201508	24.252276096954496	24.033290221816493	25.726835599494315	2.7304971962344626E-4
74.0	25.943462852445897	24.129393357008183	24.066515577741995	25.86062821280392	0.0
75.0	25.730667600986877	24.405921984262545	24.15947678068293	25.70393363406765	0.0
76.0	25.937433764791006	24.22271840260775	24.08348742535977	25.756360407241473	0.0
77.0	25.87779771288144	24.271380093706167	24.121790572840947	25.72445701748688	0.004574603084563368
78.0	25.81222160420124	24.33187299149544	24.18690787200918	25.668997532294142	0.0
79.0	25.985604351925033	24.19922945370526	24.060340182327742	25.754826012041963	0.0
80.0	25.904823918823595	24.19528543351442	24.029371541352933	25.869875316261858	6.437900471898104E-4
81.0	25.849975901260596	24.220016422161994	24.14693687973393	25.783070796843482	0.0
82.0	25.894840483652125	24.235253477715926	23.930361630732655	25.939544407899294	0.0
83.0	26.018580003204406	24.078246800455286	24.003878628921345	25.899294567418963	0.0
84.0	25.83543593535753	24.341628547328053	24.068599945747295	25.75405687615891	2.7869540821445424E-4
85.0	26.00294641441878	24.25467836529944	23.852809816408545	25.889565403873227	0.0
86.0	25.94735530951654	24.22468677476816	23.986712394709684	25.841245521005618	0.0
87.0	25.7712004820003	24.460385600241	23.934327458954662	25.834086458804034	0.0
88.0	25.92120524135079	24.358416290408087	23.876558734746947	25.843819733494172	0.0
89.0	25.783663640330285	24.652814043814686	23.782982299787886	25.780540016067143	0.0
90.0	26.432883257609692	23.726029734860603	23.572449393144343	26.266504554083742	0.0021330603016147267
91.0	26.489019789102557	23.324483236770536	23.596435596736573	26.590061377390334	0.0
92.0	26.68407820018206	23.44813385929169	23.52941176470588	26.33729247041484	0.0010837054055225627
93.0	26.08819159164409	23.665981994580893	23.61135390263089	26.63337994930513	0.0010925618390000874
94.0	26.667621744927985	23.693287636511904	23.438722546091707	26.2003680724684	0.0
95.0	26.74219514364494	23.331183847727473	23.582451303032997	26.34083429689585	0.003335408698745886
96.0	26.465776144157065	23.640683132368103	23.59585817383119	26.295441301716792	0.0022412479268456675
97.0	26.264624427739786	23.802633809981348	23.487254846549483	26.445486915729383	0.0
98.0	26.349101359365022	23.637213757868807	23.55168324058024	26.460861235288753	0.001140406897180914
99.0	26.316638438583755	23.634394478817416	23.826806309264573	26.22100860668487	0.001152166649384167
100.0	26.55495432594403	23.429336126141852	23.52941176470588	26.48629778320824	0.0
101.0	26.722414320325548	23.363441770752473	23.43871286430033	26.47425493378496	0.0011761108366852493
102.0	26.48400741409629	23.739365999714842	23.39480062734661	26.38182595884226	0.0
103.0	26.721746544498217	23.592280811307386	23.42295822175255	26.26181355301238	0.001200869429466934
104.0	26.760700152946033	23.30606200383579	23.476002039280424	26.453594231749655	0.003641572188099342
105.0	26.31559569976928	23.609542977762505	23.459820332826077	26.612586520053018	0.0024544695891217908
106.0	26.437423244389862	23.432945058489327	23.70089191569598	26.42501829729696	0.0037214841278701946
107.0	26.442850334846625	23.48315734028945	23.500714841104617	26.573277483759313	0.0
108.0	26.297749171649464	23.677495525002858	23.806984804052252	26.21523149382387	0.002539005471556791
109.0	26.587092546671638	23.55616656602125	23.309478228469377	26.54597782374632	0.001284835091416017
110.0	26.66597278238922	23.686607166089875	23.259868335458354	26.386250683042334	0.001301033020218053
111.0	26.15897530506286	23.81598713860264	23.27570302822655	26.746698995862218	0.0026355322457370265
112.0	26.391595696398536	23.77659716474891	23.60172998371466	26.22740742718317	0.0026697279547214137
113.0	26.748369991613234	23.376078781484185	23.225928631334035	26.64691718745773	0.002705408110813516
114.0	26.173824803905436	23.48060995008502	23.787779057649058	26.55778618836048	0.0
115.0	26.444719254123306	23.631007795022857	23.423974211118676	26.498909252594867	0.0013894871402965166
116.0	26.820861295178606	23.44574346853501	23.456998550908146	26.2749898000816	0.0014068852966417648
117.0	26.50643678817115	23.503553792138838	23.47358205120886	26.513572916964005	0.0028544515171409816
118.0	26.315332397342555	23.746182460304823	23.627494970255757	26.310990172096858	0.0
119.0	26.975384796146162	23.50781341792974	23.127423334508286	26.387909763835037	0.0014686875807778169
120.0	26.421763837308156	23.79226512744791	23.400002982982087	26.38298507017465	0.0029829820871925664
121.0	26.45020397640243	23.536905321585103	23.67187855442151	26.33949559441302	0.0015165531779371844
122.0	26.816555637799162	23.417838638045893	23.25746360720454	26.508142116950406	0.0
123.0	26.43607843137255	23.589019607843138	23.226666666666667	26.748235294117645	0.0
124.0	26.734791633402523	23.380169247964233	23.249241577518763	26.63579754111448	0.0
125.0	26.937701082187775	23.36778135257223	23.400279483929673	26.294238081310322	0.0
126.0	26.720399854357684	23.360696435073315	23.279600145642316	26.63930356492668	0.0
127.0	26.698611415748534	23.84214344767079	23.09470380806155	26.364541328519124	0.0
128.0	26.75317978686834	23.231350979718115	23.56995531110347	26.44551392231007	0.0
129.0	26.48718757668174	23.325270796087917	23.484768815508115	26.70277281172223	0.0
130.0	26.31597800583884	23.860440957856465	23.708201242992498	26.113588737843212	0.0017910554689878745
131.0	27.151300020126985	23.25581395348837	23.04722522093938	26.545660805445266	0.0
132.0	26.73536299765808	23.53536299765808	23.353629976580798	26.371896955503516	0.0037470725995316155
133.0	26.703117505995206	23.595203836930455	23.305515587529975	26.396163069544365	0.0
134.0	26.85833398883033	23.595925430661527	23.06300637143082	26.480767718083854	0.0019664909934712497
135.0	26.477412586001652	23.249197990436414	23.541754938159514	26.731634485402417	0.0
136.0	26.88416740798974	23.57614249953452	23.212032190661397	26.325589093241202	0.002068808573142727
137.0	27.052032934385878	23.325693913929207	23.075290722349546	26.54698242933537	0.0
138.0	26.685699341847187	23.51697685568583	22.92638277470252	26.87094102776446	0.0
139.0	26.677276904799264	23.424715877250005	23.4045414808007	26.48898253793907	0.004483199210956939
140.0	27.107224439880937	22.90315881769307	23.55615034956967	26.42885161171231	0.004614781144004245
141.0	26.715633839644394	23.57080035180299	23.226128503173356	26.48743730537926	0.0
142.0	26.899363808307335	23.998427943307707	23.096951683820098	26.00525656456486	0.0
143.0	26.692063492063493	23.46920634920635	23.50984126984127	26.32888888888889	0.0
144.0	26.74562442426635	23.521515988945914	23.271483089880245	26.46137649690749	0.0
145.0	26.96748543107674	23.25581395348837	23.28304558575241	26.49365502968248	0.0
146.0	27.517120380327125	23.42520799139736	22.864904635236854	26.18993717810855	0.0028298149301035714
147.0	27.002032221011397	23.282184195800077	22.831561275881366	26.88422230730716	0.0
148.0	27.46865323890984	23.103099420583096	22.937551733652167	26.490695606854903	0.0
149.0	27.527315838379955	23.076676599698807	22.746643596398474	26.649363965522767	0.0
150.0	27.39877794937219	23.03766870341771	22.742227892298395	26.821325454911705	0.0
151.0	27.557639427483604	23.020517520975815	22.97821335401537	26.443629697525207	0.0
152.0	27.650472435086677	23.43203630682241	23.279517893013914	25.637973365077006	0.0
153.0	26.931288052502573	23.416620542421125	22.890804143275084	26.76128726180122	0.0
154.0	27.23449001051525	23.129337539432175	23.743427970557306	25.892744479495267	0.0
155.0	27.356239023731256	22.871166749223217	23.55113252578016	26.21695861665241	0.004503084612959877
156.0	27.80873019718037	23.089966571387045	22.40201540623032	26.699287825202266	0.0
157.0	28.05744125326371	22.89817232375979	22.219321148825067	26.819843342036553	0.005221932114882507
158.0	27.877310352647694	22.93343916543826	22.258759496541558	26.93049098537249	0.0
159.0	28.112399975187643	21.760436697475345	22.47999503752869	27.647168289808327	0.0
160.0	28.40565778632244	21.93765449052458	22.61054655314474	27.04614117000824	0.0
161.0	28.53844377741861	21.55776187177711	20.603401831755562	29.300392519048717	0.0
162.0	29.249563699825483	22.006980802792324	19.877835951134383	28.865619546247817	0.0
163.0	30.7762649867913	20.95102621418411	20.707173338752284	27.5655354602723	0.0
164.0	32.01561737432894	20.52220595412396	22.596388482186434	24.865788189360664	0.0
165.0	31.183449954365685	22.254335260115607	24.11013081837542	22.45208396714329	0.0
166.0	26.927710843373493	25.140562248995984	24.016064257028113	23.91566265060241	0.0
167.0	26.03978300180832	29.264617239300783	23.658830620855937	21.036769138034963	0.0
168.0	12.08133971291866	42.04545454545455	21.949760765550238	23.923444976076556	0.0
