# Position (bp)	A	C	G	T	N
0.0	26.269949612661208	23.67344787019156	23.79469934074715	26.261903176400082	0.0
1.0	26.255244056735698	23.825220305875565	23.71173780826175	26.20779782912699	0.0
2.0	26.34889192218486	23.68051625217787	23.76263719190776	26.207954633729514	0.0
3.0	26.20670522796943	23.835046398402064	23.788717351199146	26.16953102242936	0.0
4.0	26.10848507040378	23.829100229686095	23.75281559646261	26.30959910344751	0.0
5.0	26.314563171427857	23.7682341291305	23.74521176415113	26.171990935290513	0.0
6.0	26.148337368912998	23.830999353752535	23.821569133224056	26.19909414411041	0.0
7.0	26.295266014538377	23.71291563471571	23.76838444321797	26.223433907527948	0.0
8.0	26.252908500447887	23.743347541883793	23.7996455720074	26.204098385660917	0.0
9.0	26.18667968175881	23.690610553871664	23.76714816961401	26.35556159475551	0.0
10.0	26.19922413338916	23.734641418188776	23.748506082428204	26.317628365993862	0.0
11.0	26.245254818664055	23.75682488097186	23.78843631543775	26.209483984926337	0.0
12.0	26.274370613566848	23.769303078787342	23.708575849418654	26.247750458227152	0.0
13.0	26.280471065832202	23.812838124499137	23.759320520534956	26.147370289133708	0.0
14.0	26.157352847386093	23.836408053706162	23.70524833000119	26.30099076890655	0.0
15.0	26.25745572319475	23.76958037207213	23.777621877330997	26.195342027402123	0.0
16.0	26.269933921010235	23.767639319078608	23.734918711473565	26.227508048437592	0.0
17.0	26.254682790346866	23.60237252134465	23.784554209450707	26.358390478857775	0.0
18.0	26.20144247966747	23.808956018512102	23.794536767703097	26.195064734117334	0.0
19.0	26.2707658008646	23.766807439224245	23.749615255567356	26.212811504343797	0.0
20.0	26.153748034683844	23.885211671828944	23.720776753949348	26.24026353953786	0.0
21.0	26.162271580290046	23.75093586224108	23.74039874663783	26.34639381083105	0.0
22.0	26.155339267393174	23.793916202201704	23.824418378947954	26.226326151457176	0.0
23.0	26.303413470870424	23.838005712225826	23.730970801098078	26.127610015805676	0.0
24.0	26.26181959348917	23.788647644400076	23.666916229930955	26.282616532179798	0.0
25.0	26.281507362116297	23.67107561766908	23.793916202201704	26.25350081801292	0.0
26.0	26.264315226132045	23.815545018439952	23.713501372597953	26.20663838283005	0.0
27.0	26.354712586307294	23.68549482849458	23.74150791670133	26.2182846684968	0.0
28.0	26.214957158306294	23.841887807448078	23.760641100296702	26.182513933948925	0.0
29.0	26.10653578459917	23.816931481019328	23.760086515264952	26.316446219116546	0.0
30.0	26.307572858608548	23.780328868923828	23.735684773867955	26.176413498599672	0.0
31.0	26.149793417075674	23.825804841527326	23.809721875606577	26.214679865790423	0.0
32.0	26.275406926767047	23.7151651276932	23.78337908659845	26.226048858941297	0.0
33.0	26.2371405595763	23.749272107145828	23.809167290574827	26.20442004270305	0.0
34.0	26.166912994168555	23.698184570932614	23.77000313339674	26.36489930150209	0.0
35.0	26.196583211093888	23.729795830086708	23.74865166888038	26.32496928993902	0.0
36.0	26.230690095970672	23.758634171771146	23.799118766828144	26.211556965430038	0.0
37.0	26.26978823229284	23.7719441756255	23.714544784003593	26.24372280807806	0.0
38.0	26.270342815786773	23.815478979899122	23.766398340686187	26.147779863627918	0.0
39.0	26.15942611700048	23.836553152668515	23.715653950991456	26.288366779339544	0.0
40.0	26.261192188136906	23.774162509601226	23.77693542707088	26.187709875190983	0.0
41.0	26.27450219199126	23.770280425143707	23.73561895677299	26.219598426092045	0.0
42.0	26.2531507274749	23.593368290579566	23.784699595985927	26.36878138595961	0.0
43.0	26.192978418383333	23.80466460176746	23.802446267791733	26.199910712057477	0.0
44.0	26.270620107533738	23.768616674661914	23.74088749996534	26.21987571783901	0.0
45.0	26.163585493204966	23.88702025061628	23.718426868461115	26.23096738771764	0.0
46.0	26.170445218394374	23.74914039796801	23.730284611459883	26.350129772177734	0.0
47.0	26.152698595798483	23.79766631912864	23.818463142483196	26.231171942589675	0.0
48.0	26.30742696155638	23.837596219969388	23.735275849064973	26.11970096940926	0.0
49.0	26.271101843430422	23.782138024357238	23.669003305308458	26.277756826903882	0.0
50.0	26.268328933649816	23.67704474367222	23.795447991304155	26.25917833137381	0.0
51.0	26.268883515605935	23.820126888351563	23.709487788105328	26.201501807937177	0.0
52.0	26.367321812817497	23.6764901617161	23.741930832538433	26.21425719292797	0.0
53.0	26.207879500432576	23.839537256815813	23.7605093280685	26.19207391468311	0.0
54.0	26.121364715277622	23.810421704119435	23.757459127309836	26.310754453293107	0.0
55.0	26.318241309700745	23.777978659686326	23.726957119723153	26.17682291088977	0.0
56.0	26.150757558952066	23.826504580846958	23.80598504847046	26.216752811730515	0.0
57.0	26.27831140886	23.716974644512966	23.784633643159786	26.220080303467245	0.0
58.0	26.236995053128954	23.75329976263892	23.814858359768408	26.19484682446372	0.0
59.0	26.178691356586892	23.69112089021249	23.77458524316965	26.355602510030973	0.0
60.0	26.19754709080977	23.72467300552085	23.74796538309029	26.32981452057909	0.0
61.0	26.239972492811255	23.75877970124753	23.80397800534061	26.19726980060061	0.0
62.0	26.26271028996237	23.77569440400629	23.72439571531169	26.23719959071965	0.0
63.0	26.26686964309977	23.82311102977265	23.762661764175768	26.14735756295181	0.0
64.0	26.159281041945693	23.83253889688409	23.714690557991087	26.293489503179135	0.0
65.0	26.269642545191374	23.76682111731317	23.78429040049025	26.17924593700521	0.0
66.0	26.27019712560969	23.77541711379713	23.738537515978848	26.21584824461433	0.0
67.0	26.25882822703413	23.586582481359166	23.787340592791008	26.367248698815693	0.0
68.0	26.19200128662657	23.80896922910549	23.80370071513145	26.195328769136488	0.0
69.0	26.25910551724329	23.76848485856813	23.739646676815486	26.23276294737309	0.0
70.0	26.159835622364007	23.885224036624493	23.720236362174287	26.23470397883721	0.0
71.0	26.162258688864608	23.759822978421337	23.73736253375999	26.340555798954064	0.0
72.0	26.140075533643525	23.80002994725955	23.82526328632353	26.234631232773392	0.0
73.0	26.303953592839278	23.82942262792748	23.735421507678144	26.131202271555093	0.0
74.0	26.261251019038696	23.784224449164526	23.668872042014897	26.285652489781885	0.0
75.0	26.273174464970023	23.667485594813577	23.805575736064817	26.253764204151576	0.0
76.0	26.263192045120537	23.81528086647404	23.71046545805443	26.21106163035099	0.0
77.0	26.35996605977251	23.678022593543595	23.747344953609474	26.21466639307442	0.0
78.0	26.20440668378467	23.845228126022505	23.76481418834608	26.185551001846747	0.0
79.0	26.109850984654802	23.821658523600103	23.760654846742128	26.30783564500297	0.0
80.0	26.313104144367973	23.781174265321628	23.736253375998935	26.169468214311465	0.0
81.0	26.141184691404582	23.836354863934073	23.81250797207141	26.209952472589936	0.0
82.0	26.277333806573978	23.712683773576533	23.783115291403472	26.226867128446013	0.0
83.0	26.24239533710077	23.746513085288687	23.816112734794835	26.194978842815708	0.0
84.0	26.181596350881087	23.685721019867735	23.775285260720675	26.35739736853051	0.0
85.0	26.20294757857668	23.72038210378915	23.754211321696452	26.32245899593772	0.0
86.0	26.246204611310603	23.742842486170225	23.811610076670316	26.19934282584885	0.0
87.0	26.270883303062654	23.778058147434386	23.71982752644641	26.23123102305655	0.0
88.0	26.26201006557877	23.826306376252997	23.75587505372468	26.155808504443552	0.0
89.0	26.158858679828633	23.82907926296671	23.722045835817376	26.290016221387276	0.0
90.0	26.268387705020313	23.76419371386582	23.790536137646097	26.17688244346777	0.0
91.0	26.27032872571991	23.769184909950503	23.738683156099658	26.221803208229925	0.0
92.0	26.253968694109002	23.58534252083131	23.793863601702554	26.366825183357136	0.0
93.0	26.194074341092794	23.811610076670316	23.805509725900148	26.18880585633674	0.0
94.0	26.267555839006196	23.765302868551306	23.742287908827482	26.22485338361501	0.0
95.0	26.15525392710081	23.879545801156294	23.73286009400086	26.232340177742035	0.0
96.0	26.165441054137688	23.76329595492408	23.734180725163323	26.337082265774907	0.0
97.0	26.128284475204914	23.802948124979203	23.838163688594594	26.230603711221285	0.0
98.0	26.305471444891804	23.830122339422577	23.74471766545769	26.11968855022793	0.0
99.0	26.26055080468949	23.7779922137557	23.672900098714493	26.288556882840314	0.0
100.0	26.269978593373928	23.66374959793254	23.808493883028873	26.257777925664662	0.0
101.0	26.269701305471443	23.819585399128208	23.71088854135472	26.19982475404563	0.0
102.0	26.365365631828215	23.67844585676416	23.740281059017956	26.21590745238967	0.0
103.0	26.201488481460533	23.843154870839296	23.76911900087623	26.186237646823944	0.0
104.0	26.114974655885714	23.81903082332324	23.756363757361996	26.309630763429055	0.0
105.0	26.323772446455706	23.77327831941348	23.732794285650904	26.170154948479908	0.0
106.0	26.151853946916003	23.826240308787806	23.806552867711485	26.215352876584703	0.0
107.0	26.273860624008694	23.703401767987668	23.7946294879047	26.228108120098938	0.0
108.0	26.241972515223104	23.752481726727225	23.812930489468606	26.19261526858106	0.0
109.0	26.191710778428167	23.678380199480365	23.77099410210267	26.358914919988795	0.0
110.0	26.200861253836962	23.71969598238672	23.75823889395708	26.321203869819236	0.0
111.0	26.241345175342516	23.7410470916739	23.814250894944227	26.20335683803936	0.0
112.0	26.276837928443282	23.77959000324426	23.723855289390716	26.219716778921743	0.0
113.0	26.260755274694496	23.822292221818618	23.762675488094676	26.154277015392207	0.0
114.0	26.157327173861805	23.829501687292208	23.72801459639471	26.285156542451272	0.0
115.0	26.263528146030495	23.754911448353884	23.799277389729838	26.182283015885783	0.0
116.0	26.277392502710484	23.77099410210267	23.7407698045403	26.210843590646547	0.0
117.0	26.264637294564896	23.57827954425087	23.79983196399704	26.3572511971872	0.0
118.0	26.202802263772156	23.807596003737828	23.803159409600237	26.186442322889775	0.0
119.0	26.276560641309683	23.76960766643467	23.744097250143493	26.209734442112154	0.0
120.0	26.153167866857814	23.871649331599365	23.725519012192315	26.249663789350507	0.0
121.0	26.157676992868158	23.759136636386827	23.737785467895606	26.34540090284941	0.0
122.0	26.12939362681485	23.798234230636986	23.848977916791448	26.223394225756717	0.0
123.0	26.303253141671934	23.82319014186049	23.749154271897428	26.12440244457015	0.0
124.0	26.26110538049446	23.771337304096097	23.677059417251744	26.2904978981577	0.0
125.0	26.28162468527823	23.660144855200258	23.80821659512639	26.25001386439512	0.0
126.0	26.277465366740984	23.805721004004038	23.706729222817465	26.210084406437517	0.0
127.0	26.362592752803383	23.673177386616974	23.757472908971927	26.206756951607712	0.0
128.0	26.221453210439332	23.834836233764793	23.768009849266296	26.175700706529575	0.0
129.0	26.104787388911227	23.821037891496943	23.775285260720675	26.298889458871155	0.0
130.0	26.326895614679664	23.77084864197873	23.733691960014973	26.168563783326633	0.0
131.0	26.15830410248589	23.818819582125972	23.81188736534169	26.210988950046442	0.0
132.0	26.27587449914734	23.698476298750816	23.79719106575901	26.22845813634284	0.0
133.0	26.244263590611006	23.74977470295451	23.810500921984833	26.195460784449654	0.0
134.0	26.18887847512991	23.67081306809674	23.774796608195565	26.365511848577782	0.0
135.0	26.211893498671785	23.715179378538906	23.75233616353422	26.320590959255092	0.0
136.0	26.244059073742353	23.743185612005526	23.816390024235098	26.196365290017027	0.0
137.0	26.26984699168686	23.77673763427741	23.728489271671556	26.224926102364172	0.0
138.0	26.26679680784396	23.823876839122214	23.765923346107133	26.14340300692669	0.0
139.0	26.159485794461972	23.8308090751288	23.726825535029974	26.28287959537925	0.0
140.0	26.2695697022466	23.755940926257647	23.801139105020603	26.173350266475154	0.0
141.0	26.282952475231053	23.76903943898645	23.74602435162617	26.201983734156332	0.0
142.0	26.25855093682497	23.57576816320193	23.80675090743221	26.35892999254089	0.0
143.0	26.201983734156332	23.80508716617725	23.80702819764137	26.18590090202505	0.0
144.0	26.27907041230281	23.77125776065973	23.747688092881127	26.201983734156332	0.0
145.0	26.15748507477172	23.864282327365093	23.732846039303332	26.245386558559858	0.0
146.0	26.159775947647173	23.767296120677702	23.7406760391537	26.33225189252142	0.0
147.0	26.142029226631173	23.779496991376202	23.8504838754402	26.227989906552423	0.0
148.0	26.293708232814794	23.828023181654327	23.757868175137954	26.120400410392925	0.0
149.0	26.267642736322543	23.768127998225328	23.682444610819953	26.281784654632173	0.0
150.0	26.280952777084547	23.65998391703408	23.803344147741452	26.25571915813992	0.0
151.0	26.2770706818623	23.80639436541608	23.7151651276932	26.20136982502842	0.0
152.0	26.361367606688297	23.66885727754208	23.757868175137954	26.211906940631675	0.0
153.0	26.219116546044425	23.8249729639797	23.767850705709453	26.18805978426642	0.0
154.0	26.100785017289237	23.82060233647322	23.774017064628747	26.3045955816088	0.0
155.0	26.3312157369485	23.77152142506565	23.737968937606237	26.159293900379616	0.0
156.0	26.167058112353693	23.81810669691012	23.809233311796888	26.205601878939298	0.0
157.0	26.283521291964874	23.699147877735847	23.793704887848733	26.22362594245055	0.0
158.0	26.24303647238575	23.752942774984817	23.80867872522731	26.195342027402123	0.0
159.0	26.1948600774205	23.667879365994875	23.77075545991992	26.366505096664707	0.0
160.0	26.20234701687057	23.7128010026953	23.757445345342017	26.327406635092114	0.0
161.0	26.247823241678404	23.747740053462294	23.813181450136984	26.191255254722318	0.0
162.0	26.27777099947869	23.767150637221736	23.736370997260334	26.21870736603924	0.0
163.0	26.26778841354526	23.815399802566635	23.77075545991992	26.146056323968185	0.0
164.0	26.157702674223852	23.822886742016706	23.735539115099215	26.283871468660223	0.0
165.0	26.26695653138414	23.75189946426789	23.81567709662034	26.16546690772763	0.0
166.0	26.286162711056022	23.774426207688276	23.745310251312297	26.194100829943405	0.0
167.0	26.256769459857416	23.568950744120656	23.8196252637767	26.35465453224523	0.0
168.0	26.2038061487354	23.803264869241627	23.81075182945259	26.182177152570386	0.0
169.0	26.285053531765506	23.765552773364167	23.753074506345893	26.19631918852443	0.0
170.0	26.163188908145578	23.86994800693241	23.726585788561525	26.240277296360485	0.0
171.0	26.164093349305652	23.7635320999157	23.73996184391499	26.332412706863657	0.0
172.0	26.138859310528417	23.78322019610453	23.846998535871155	26.230921957495895	0.0
173.0	26.295254891521363	23.82731043968233	23.7565996716802	26.12083499711611	0.0
174.0	26.26974355561471	23.762977505656863	23.68477971516039	26.28249922356804	0.0
175.0	26.280835440791517	23.649562979724035	23.814000177470163	26.255601402014285	0.0
176.0	26.275012201073693	23.80706774923466	23.717778073561384	26.200141976130265	0.0
177.0	26.36208349971161	23.65954567638316	23.76020453436266	26.218166289542573	0.0
178.0	26.222048449354453	23.836461244953192	23.766859665468743	26.17463064022361	0.0
179.0	26.1045468536394	23.815175404785606	23.772471528438285	26.307806213136708	0.0
180.0	26.33997276934638	23.767757464166177	23.740582270126975	26.151687496360466	0.0
181.0	26.165552391278425	23.805192680444677	23.819612171159356	26.209642757117546	0.0
182.0	26.27536235902868	23.70009677696653	23.796873743493897	26.227667120510894	0.0
183.0	26.243473100717367	23.745296334399082	23.80768836152991	26.203542203353642	0.0
184.0	26.193909412071363	23.667995851611938	23.76726877450627	26.37082596181043	0.0
185.0	26.208051644103797	23.699885198351737	23.758117918485283	26.33394523905918	0.0
186.0	26.242991276183925	23.73953890777601	23.815796041284226	26.20167377475584	0.0
187.0	26.28569527094853	23.771150955848505	23.72900155841851	26.214152214784452	0.0
188.0	26.274326025589122	23.816627937286132	23.775310435858046	26.1337356012667	0.0
189.0	26.167011441343014	23.81440954794771	23.736765921102982	26.281813089606292	0.0
190.0	26.262402182895112	23.753681139808442	23.81108196394008	26.17283471335637	0.0
191.0	26.274676183583317	23.770662274243595	23.75457890694108	26.200082635232004	0.0
192.0	26.26108851120706	23.57183857845217	23.81114799193613	26.35592491840464	0.0
193.0	26.199528036359503	23.79728302012362	23.815307483479884	26.187881460036994	0.0
194.0	26.280499471744573	23.766780082136094	23.753469709196082	26.19925073692325	0.0
195.0	26.161128504044434	23.860639622426994	23.732803873340007	26.245428000188564	0.0
196.0	26.173125024263904	23.758936048672002	23.738693021424332	26.329245905639766	0.0
197.0	26.140958022062126	23.785557016011403	23.845176890781936	26.228308071144536	0.0
198.0	26.305952559217786	23.82188354435996	23.753667315552747	26.118496580869504	0.0
199.0	26.26518920297933	23.760599859130714	23.694047440782214	26.280163497107743	0.0
200.0	26.280163497107743	23.64773804968138	23.81079147463521	26.261306978575664	0.0
201.0	26.276281272704082	23.80829575894714	23.71151745059869	26.203905517750087	0.0
202.0	26.368345451419508	23.655502498488705	23.760599859130714	26.215552190961073	0.0
203.0	26.221098225823447	23.83297561408471	23.769196213167394	26.17672994692445	0.0
204.0	26.098603227246635	23.82167230052937	23.765934495600597	26.313789976623397	0.0
205.0	26.340133715271325	23.760388445358927	23.739590756952666	26.15988708241708	0.0
206.0	26.16709694773125	23.801429217147277	23.827772955795208	26.203700879326263	0.0
207.0	26.275945260180528	23.703672892142592	23.789914451700568	26.23046739597632	0.0
208.0	26.24738294302788	23.744713891546386	23.8043342623019	26.20356890312383	0.0
209.0	26.196986251227074	23.663529424814346	23.773064828320585	26.366419495637995	0.0
210.0	26.215024541748704	23.69706885555032	23.75530351349103	26.33260308920995	0.0
211.0	26.238041097030035	23.75530351349103	23.804664318793158	26.201991070685782	0.0
212.0	26.288233826017027	23.76833698455395	23.736723884528992	26.20670530490003	0.0
213.0	26.28157843653809	23.809378553007406	23.775269681927842	26.13377332852666	0.0
214.0	26.16039488644242	23.821580100385457	23.73561465294917	26.282410360222958	0.0
215.0	26.272981891794462	23.751421202961648	23.80716008984776	26.168436815396134	0.0
216.0	26.282205934960025	23.76257941426864	23.74926859839882	26.205946052372514	0.0
217.0	26.255029685892477	23.57761453541093	23.814713443092103	26.352642335604493	0.0
218.0	26.19734948378992	23.806394183173467	23.816654603739785	26.17960172929683	0.0
219.0	26.273054749049525	23.769789439531458	23.76396595758841	26.1931898538306	0.0
220.0	26.165326796207506	23.8536689526271	23.743299492245022	26.237704758920376	0.0
221.0	26.168727087181022	23.753348529974545	23.73976029239669	26.338164090447748	0.0
222.0	26.146264898531918	23.780525005130254	23.852071235642224	26.221138860695607	0.0
223.0	26.319306944421335	23.81297038873452	23.753903151916496	26.11381951492765	0.0
224.0	26.265231305080896	23.761390548132866	23.694003982185542	26.2793741646007	0.0
225.0	26.285197694991208	23.64547456226463	23.81546618747331	26.253861555270852	0.0
226.0	26.28270189625242	23.801600638924477	23.710365329473166	26.20533213534994	0.0
227.0	26.35563468161927	23.66793675091374	23.76083592619091	26.215592641276075	0.0
228.0	26.21836575098584	23.833768711557767	23.77248298697193	26.17538255048446	0.0
229.0	26.107513761595097	23.819137283176882	23.776431275218034	26.296917680009983	0.0
230.0	26.339069064488847	23.761179129518446	23.738439566839062	26.161312239153645	0.0
231.0	26.15632062783378	23.80887674879716	23.828843194076622	26.20595942929244	0.0
232.0	26.283884028230336	23.701557105420058	23.795843097017514	26.218715769332096	0.0
233.0	26.248388125511298	23.751195906878717	23.80028008485739	26.200135882752594	0.0
234.0	26.20686403922308	23.65004270612639	23.77261483510998	26.37047841954055	0.0
235.0	26.22322547725483	23.692748832514336	23.762631584785527	26.321394105445307	0.0
236.0	26.23182216503422	23.741555834100563	23.804505773646436	26.222116227218777	0.0
237.0	26.287561979345764	23.7642954598396	23.740723896573527	26.207418664241107	0.0
238.0	26.27591485396723	23.800900711029275	23.776219897727145	26.146964537276347	0.0
239.0	26.161107475235994	23.825581524331398	23.731295271267097	26.282015729165508	0.0
240.0	26.26290639724663	23.74250160159966	23.80490158828766	26.189690412866046	0.0
241.0	26.282449522964278	23.756378966052807	23.74195695584646	26.219214555136457	0.0
242.0	26.24423093991302	23.571325552498447	23.807080411822135	26.3773630957664	0.0
243.0	26.190806408663235	23.80891620805965	23.82250798863838	26.177769394638734	0.0
244.0	26.26422066195257	23.777806751572214	23.751452927909806	26.20651965856541	0.0
245.0	26.165131098922746	23.842775618457885	23.749837010650488	26.242256271968884	0.0
246.0	26.16963485585393	23.770575946153656	23.72812700279941	26.331662195193005	0.0
247.0	26.147588288828217	23.800803533772836	23.831047035581896	26.22056114181705	0.0
248.0	26.315731054194302	23.81829786053223	23.762244359963372	26.1037267253101	0.0
249.0	26.276327108249852	23.743929849876515	23.6937036934262	26.286039348447428	0.0
