# Position (bp)	A	C	G	T	N
0.0	26.257856369380534	23.730142782187393	23.66678946604597	26.345211382386104	0.0
1.0	26.155988702457105	23.86410574142916	23.682697567455932	26.2972079886578	0.0
2.0	26.14143082770129	23.679980801750165	23.79745846425163	26.381129906296913	0.0
3.0	26.248175834233205	23.688344592237915	23.739128251061015	26.324351322467866	0.0
4.0	26.087672257207668	23.82011311289247	23.678931258945934	26.413283370953927	0.0
5.0	26.207362189126904	23.881080055576327	23.790963825168934	26.12059393012784	0.0
6.0	26.322617363720823	23.630093991412718	23.811436877331303	26.235851767535163	0.0
7.0	26.351865955826355	23.690120491339076	23.704348456823706	26.25366509601087	0.0
8.0	26.22900056351859	23.7880165819529	23.678660499578754	26.304322354949754	0.0
9.0	26.3062168389692	23.654171246213156	23.791418162341902	26.248193752475746	0.0
10.0	26.30861025799811	23.803108027816595	23.704081831900943	26.184199882284354	0.0
11.0	26.251984010756196	23.75736071477387	23.80422381593959	26.18643145853034	0.0
12.0	26.227715619081092	23.775771218803264	23.809523809523807	26.186989352591837	0.0
13.0	26.208468273959458	23.853876387412797	23.74899230385142	26.188663034776326	0.0
14.0	26.192289346176057	23.78079226535673	23.85415533444354	26.172763054023672	0.0
15.0	26.329531285304235	23.87675004393416	23.582460926494665	26.21125774426694	0.0
16.0	26.19647355163728	23.831281677922178	23.793344881740406	26.178899888700137	0.0
17.0	26.217952473004903	23.763776496481086	23.755687032589382	26.262583997924633	0.0
18.0	26.16467359013197	23.785534364879453	23.621234563768688	26.42855748121989	0.0
19.0	26.226599830958097	23.764892284604077	23.7858133119102	26.222694572527622	0.0
20.0	26.39138390814858	23.750599734443167	23.760083907032794	26.09793245037546	0.0
21.0	26.248563426798928	23.616705533177868	23.845162514086784	26.289568525936424	0.0
22.0	26.24270555549357	23.897325463329725	23.69676310768441	26.163205873492295	0.0
23.0	26.262789685683362	23.764268100822335	23.702899925242406	26.2700422882519	0.0
24.0	26.177153186124098	23.678352655010432	23.865804536781855	26.27868962208362	0.0
25.0	26.269484395746627	23.715452506611026	23.673331622462985	26.341731475179365	0.0
26.0	26.17352688483983	23.848788815371055	23.68086317128416	26.29682112850496	0.0
27.0	26.135869140733963	23.68616315008424	23.807225823728285	26.37074188545351	0.0
28.0	26.245773964272562	23.679468440020976	23.73637347555873	26.33838412014773	0.0
29.0	26.091237740312195	23.82033629760218	23.67361056871562	26.414815393370006	0.0
30.0	26.193889961282263	23.880588688171564	23.800252167412385	26.125269183133792	0.0
31.0	26.32471575376856	23.627305490778035	23.815594211307364	26.232384544146033	0.0
32.0	26.340336743916183	23.694252591410685	23.706247280274038	26.25916338439909	0.0
33.0	26.234058221661847	23.788815371054305	23.67779476250516	26.299331644778682	0.0
34.0	26.29758461113606	23.655413076405953	23.79934894126245	26.247653371195533	0.0
35.0	26.294237265441723	23.791259522501136	23.717338971751193	26.19716424030595	0.0
36.0	26.25211649878798	23.759459738404935	23.80297523243132	26.185448530375766	0.0
37.0	26.23203242462196	23.771175448335114	23.80102261410962	26.19576951293331	0.0
38.0	26.206927331914432	23.85374330879543	23.75276504701626	26.18656431227388	0.0
39.0	26.196885294831418	23.778706976147372	23.851790690473734	26.172617038547475	0.0
40.0	26.339147486840748	23.874664219385036	23.5784241254362	26.207764168338016	0.0
41.0	26.207764168338016	23.829753997986014	23.796001595568114	26.16648023810786	0.0
42.0	26.217806205421024	23.770059666437003	23.762249193150215	26.24988493499176	0.0
43.0	26.170106529276723	23.786517449434157	23.620823837564473	26.422552183724648	0.0
44.0	26.220874605640837	23.76587548431908	23.795722650093587	26.2175272599465	0.0
45.0	26.396815567345616	23.751861955848632	23.76357763309846	26.087744843707288	0.0
46.0	26.2461854312764	23.620757948529125	23.848376820811506	26.284679799382975	0.0
47.0	26.247580154758516	23.897471087382215	23.703883468063623	26.151065289795643	0.0
48.0	26.268222062293926	23.761903964919913	23.698304574135133	26.271569398651025	0.0
49.0	26.18370181927731	23.677941611296145	23.866508226079098	26.271848343347447	0.0
50.0	26.25706427443695	23.716993868795573	23.686031007492456	26.33991084927502	0.0
51.0	26.176728201866702	23.849771544293628	23.684078394617483	26.28942185922219	0.0
52.0	26.13907066784939	23.69328356959949	23.80988245270493	26.357763309846188	0.0
53.0	26.25622744034768	23.682404726438936	23.74293572556305	26.318432107650334	0.0
54.0	26.087744843707288	23.81322978906202	23.685473118099605	26.41355224913109	0.0
55.0	26.182028151098763	23.885755410132386	23.80765089513353	26.12456554363532	0.0
56.0	26.32875306141804	23.622152672011246	23.8232717981333	26.22582246843741	0.0
57.0	26.34855813486418	23.697188795349433	23.700536131706528	26.253716938079858	0.0
58.0	26.22582246843741	23.779756425491083	23.691609901420943	26.302811204650567	0.0
59.0	26.297437900110182	23.65611793748867	23.80591082162931	26.240533340771837	0.0
60.0	26.306085161578263	23.782200588571666	23.712743552908687	26.19897069694138	0.0
61.0	26.24806482656662	23.769927056165358	23.79837933583453	26.183628781433494	0.0
62.0	26.238022845506908	23.771879663593634	23.805073989874337	26.185023501025118	0.0
63.0	26.214033668530938	23.861699605294355	23.74649576702604	26.17777095914866	0.0
64.0	26.205386407062857	23.77104283183866	23.855562839091203	26.16800792200728	0.0
65.0	26.339558431777295	23.867278483660858	23.580803079540857	26.21236000502099	0.0
66.0	26.206502182736163	23.83352626954351	23.80256349460941	26.15740805311092	0.0
67.0	26.22407564959065	23.772995439266936	23.760164019023975	26.24276489211844	0.0
68.0	26.172192080782157	23.78610580342822	23.623760442962944	26.41794167282668	0.0
69.0	26.215428388122568	23.76462712171718	23.790011018284773	26.229933471875476	0.0
70.0	26.390810497188255	23.756750423993573	23.76958180844417	26.082857270374006	0.0
71.0	26.258312505578864	23.6197893421405	23.841828081763815	26.280070070516825	0.0
72.0	26.247712666250113	23.890085245023656	23.701798625368205	26.16040346335803	0.0
73.0	26.272259662590375	23.760655627956798	23.703472284209585	26.263612425243238	0.0
74.0	26.173513790948853	23.675856913326786	23.872232884048916	26.27839641167544	0.0
75.0	26.262775595822546	23.712119521556726	23.68868829777738	26.33641658484335	0.0
76.0	26.173792734089083	23.8518700348121	23.692872444880837	26.281464786217978	0.0
77.0	26.136972239578682	23.68506203695439	23.814491654021243	26.363474069445687	0.0
78.0	26.25608096045702	23.683388378113005	23.741687494421136	26.318843167008836	0.0
79.0	26.09262028028207	23.806681246094797	23.68952512719807	26.411173346425066	0.0
80.0	26.18271891457645	23.882832723377668	23.81030750691779	26.124140855128093	0.0
81.0	26.33223243773989	23.625647148085335	23.81728108542355	26.224839328751226	0.0
82.0	26.341995447647953	23.700403909667052	23.69510399000268	26.262496652682316	0.0
83.0	26.21591314826386	23.78408685173614	23.699009193965903	26.300990806034097	0.0
84.0	26.28892291985707	23.647059808031866	23.812193686418574	26.25182358569249	0.0
85.0	26.304822634499033	23.783183680756046	23.71735328329107	26.19464040145385	0.0
86.0	26.260749741280957	23.762820888319848	23.79908339539801	26.177345975001188	0.0
87.0	26.225324061289218	23.76895762028692	23.80661483917578	26.19910347924808	0.0
88.0	26.220303098770703	23.849014078221018	23.754452617455655	26.176230205552624	0.0
89.0	26.19603511326455	23.78011531477251	23.862961196328	26.160888375634944	0.0
90.0	26.33745889086938	23.882487161677783	23.578997871669777	26.201056075783065	0.0
91.0	26.204682326490875	23.841482634443246	23.79713079886303	26.15670424020285	0.0
92.0	26.226439830737775	23.756963098714913	23.765610311941245	26.25098675860607	0.0
93.0	26.173161839569094	23.78792570091242	23.62334970724999	26.4155627522685	0.0
94.0	26.210261173733674	23.774815409891854	23.792946663430936	26.221976752943537	0.0
95.0	26.38898961779424	23.75410741482519	23.775028033629198	26.081874933751376	0.0
96.0	26.249797767351563	23.624120636656272	23.848110728651207	26.27797086734096	0.0
97.0	26.257887073289112	23.889673024675172	23.70752417028826	26.14491573174746	0.0
98.0	26.27601827625259	23.757175772249774	23.710592527712844	26.256213423784793	0.0
99.0	26.17057835748038	23.675166946538056	23.877957478144925	26.276297217836643	0.0
100.0	26.250076708935616	23.722865957411198	23.690229792076945	26.33682754157624	0.0
101.0	26.173088831736855	23.844484488058512	23.694134974253693	26.28829170595094	0.0
102.0	26.143799965411247	23.68437201881182	23.818263979157482	26.353564036619453	0.0
103.0	26.26011860596154	23.677677420794538	23.744065517799264	26.31813845544466	0.0
104.0	26.086616940680287	23.81352197222858	23.684093077227768	26.41576800986337	0.0
105.0	26.190662151532223	23.876004887056553	23.813243030644525	26.1200899307667	0.0
106.0	26.32455411187789	23.63025735150545	23.815195621732897	26.229992914883766	0.0
107.0	26.34240637325731	23.702503221775295	23.701387455439082	26.25370294952831	0.0
108.0	26.210745945584073	23.775585916797304	23.706408403952047	26.307259733666577	0.0
109.0	26.29993389102899	23.653343523970776	23.808155671284997	26.23856691371524	0.0
110.0	26.31025470084993	23.777472182628124	23.7247523702995	26.187520746222443	0.0
111.0	26.267855698342256	23.747904457195137	23.80871355289694	26.175526291565664	0.0
112.0	26.222946228580835	23.768825017643007	23.814013428210398	26.19421532556576	0.0
113.0	26.21680953084946	23.854180904270304	23.756830562986227	26.17217900189401	0.0
114.0	26.196725792819507	23.776356419404237	23.85892289797182	26.167994889804437	0.0
115.0	26.341775011924717	23.873706760688314	23.5805399736122	26.203978253774768	0.0
116.0	26.213741181983767	23.83242352140452	23.794487571792388	26.159347724819316	0.0
117.0	26.22183046535695	23.761572556687746	23.775519596986324	26.241077380968985	0.0
118.0	26.168552771416376	23.783887821165468	23.62684414740348	26.42071526001467	0.0
119.0	26.21095177392406	23.766593491195234	23.801740032747652	26.22071470213306	0.0
120.0	26.398194690068006	23.755502122745455	23.761917779178685	26.084385408007854	0.0
121.0	26.241987402998063	23.621331220815737	23.846437079146884	26.29024429703931	0.0
122.0	26.24254528616617	23.888557258338956	23.715055593057702	26.153841862437165	0.0
123.0	26.272949918827997	23.75494423957735	23.711429352465007	26.260676489129647	0.0
124.0	26.182293904010624	23.659546217831064	23.872378646463858	26.28578123169446	0.0
125.0	26.252866124776148	23.72621325641984	23.69246132474937	26.32845929405464	0.0
126.0	26.188430618859798	23.847273903899048	23.684650960395874	26.27964451684528	0.0
127.0	26.137384308978014	23.673493297033733	23.827190109847194	26.361932284141055	0.0
128.0	26.26262908021802	23.668751290104826	23.749086466312225	26.319533163364927	0.0
129.0	26.097774604042424	23.801248542530224	23.690229792076945	26.410747061350413	0.0
130.0	26.187593794107638	23.877120653392765	23.809337848467774	26.12594770403182	0.0
131.0	26.32343834554168	23.626910052496804	23.826911168263145	26.222740433698377	0.0
132.0	26.33961695741678	23.703897929695565	23.703897929695565	26.252587183192094	0.0
133.0	26.209909120831913	23.77670168313352	23.71896077523445	26.294428420800113	0.0
134.0	26.303985807412616	23.646780865669726	23.814425225315695	26.234808101601963	0.0
135.0	26.305938403947593	23.773699640443297	23.73102145903592	26.189340496573195	0.0
136.0	26.266328588523752	23.742737038245785	23.82865128578482	26.162283087445644	0.0
137.0	26.22783454254847	23.75835781052561	23.81470416767783	26.19910347924808	0.0
138.0	26.230902908532013	23.838693210821848	23.75807886816347	26.172325012482673	0.0
139.0	26.202729729955898	23.765610311941245	23.871329467192194	26.16033049091066	0.0
140.0	26.34032178880657	23.863306703561545	23.588826653574934	26.20754485405695	0.0
141.0	26.21710205163252	23.83268943778853	23.796984616242906	26.15322389433604	0.0
142.0	26.227980864447204	23.74705365486269	23.77494804669521	26.250017433994895	0.0
143.0	26.169196695063235	23.776130144437563	23.63972618788599	26.414946972613212	0.0
144.0	26.21215417831261	23.76608813536628	23.80011938833007	26.22163829799104	0.0
145.0	26.40302600050768	23.748022973949283	23.76727021169172	26.081680813851314	0.0
146.0	26.24103187797775	23.616426586925233	23.85185722415005	26.290684310946965	0.0
147.0	26.242426609240933	23.882541311940013	23.719915646653202	26.155116432165848	0.0
148.0	26.278968568336253	23.757852337011702	23.712105151579394	26.25107394307265	0.0
149.0	26.189705767492722	23.66133693359963	23.867199268045034	26.281758030862612	0.0
150.0	26.247168695535745	23.720473539158473	23.710710420316214	26.321647344989568	0.0
151.0	26.190821552503262	23.84265199781306	23.692857860147505	26.27366858953617	0.0
152.0	26.136427033239233	23.67221583745244	23.822009975117993	26.369347154190333	0.0
153.0	26.258326545641186	23.673331622462985	23.751436573201076	26.316905258694756	0.0
154.0	26.092632471575378	23.804157414949287	23.69843678520023	26.404773328275112	0.0
155.0	26.196400477555986	23.854925632929046	23.823404706381172	26.125269183133792	0.0
156.0	26.33057362507392	23.624516028251676	23.83149414770762	26.213416198966783	0.0
157.0	26.34145252892673	23.712663044084668	23.688115773852694	26.257768653135916	0.0
158.0	26.208953058924607	23.776262789685685	23.717684076632114	26.297100074757594	0.0
159.0	26.30721552284437	23.64522400841304	23.81259222686204	26.23496824188055	0.0
160.0	26.300799741137155	23.773260695526528	23.733371270129517	26.192568293206804	0.0
161.0	26.26927872666259	23.744529151359448	23.82653957839946	26.1596525435785	0.0
162.0	26.23106298345007	23.75596597962013	23.815102750138774	26.19786828679102	0.0
163.0	26.241105076557012	23.834907989321906	23.756523873681626	26.167463060439456	0.0
164.0	26.20623669771347	23.756523873681626	23.87675004393416	26.160489384670743	0.0
165.0	26.350246868810846	23.862869257161982	23.587826717621134	26.199057156406035	0.0
166.0	26.199409186892765	23.83029883762124	23.81300402522811	26.15728795025789	0.0
167.0	26.228977737113272	23.75191428467819	23.771161737180222	26.247946241028313	0.0
168.0	26.17437682711834	23.773738590970968	23.639563946352457	26.412320635558235	0.0
169.0	26.22068242172681	23.76341746446185	23.801633527482092	26.21426658632925	0.0
170.0	26.404862658896977	23.757346849397607	23.762646902119183	26.075143589586236	0.0
171.0	26.243423732028585	23.615427101755717	23.849466924789255	26.291682241426447	0.0
172.0	26.248723799534712	23.880988378904615	23.710270415023178	26.160017406537495	0.0
173.0	26.28052420457145	23.751555151386665	23.71250202239418	26.255418621647706	0.0
174.0	26.184007185775737	23.653364427062705	23.878198869690866	26.2844295174707	0.0
175.0	26.247050094006465	23.72087055003543	23.69827552540406	26.333803830554054	0.0
176.0	26.193770468023857	23.83496147687776	23.694091261583434	26.27717679351495	0.0
177.0	26.149417271525248	23.668985678659695	23.832450918585383	26.349146131229674	0.0
178.0	26.269645118637825	23.663127709310825	23.73928131084617	26.327945861205183	0.0
179.0	26.100879811206017	23.789213525772276	23.704412445674308	26.405494217347396	0.0
180.0	26.194607320787984	23.853651188609877	23.824919243708262	26.126822246893884	0.0
181.0	26.344125014644927	23.622121923868715	23.828545605686134	26.205207455800227	0.0
182.0	26.33296697778993	23.706365102123932	23.70524929843843	26.255418621647706	0.0
183.0	26.217481296340722	23.773313323253905	23.709991464101808	26.299213916303565	0.0
184.0	26.313234863383407	23.63836701675105	23.806853843257038	26.241544276608504	0.0
185.0	26.310445346388274	23.763058426433464	23.730421077590417	26.19607514958785	0.0
186.0	26.26943944655983	23.73767382177776	23.827217317321505	26.165669414340908	0.0
187.0	26.23178096712554	23.753853020349528	23.81187497384828	26.20249103867665	0.0
188.0	26.244333793603637	23.84032804719863	23.757200440743688	26.15813771845405	0.0
189.0	26.207233217568376	23.763058426433464	23.870454830746056	26.1592535252521	0.0
190.0	26.347619419555684	23.861594938686245	23.589616272971735	26.20116936878633	0.0
191.0	26.196500252452697	23.83069768998809	23.82037641952338	26.152425638035837	0.0
192.0	26.219653372684338	23.757054030456118	23.771838553013673	26.25145404384587	0.0
193.0	26.188483661662232	23.770231141312532	23.638006929218204	26.40327826780703	0.0
194.0	26.222795007838606	23.75907297995436	23.79924236084378	26.21888965136325	0.0
195.0	26.40558355951919	23.754118070413774	23.770855359140374	26.06944301092666	0.0
196.0	26.24302611024325	23.619448783753626	23.83898683329614	26.298538272706985	0.0
197.0	26.240794465521088	23.879993305065835	23.719314885070297	26.15989734434278	0.0
198.0	26.286264226735106	23.75	23.709830395001116	26.25390537826378	0.0
199.0	26.190303503682216	23.65097076545414	23.878598527114484	26.280127203749164	0.0
200.0	26.24525775496541	23.719872796250836	23.699509038161125	26.335360410622627	0.0
201.0	26.191977237223835	23.83647623298371	23.692535148404374	26.279011381388084	0.0
202.0	26.14511269805847	23.66659227850926	23.833407721490737	26.35488730194153	0.0
203.0	26.26729524659674	23.660734211113592	23.74302611024325	26.32894443204642	0.0
204.0	26.102153537156887	23.791006471769695	23.691419326043295	26.415420665030126	0.0
205.0	26.18054005802276	23.85153983485829	23.82782860968534	26.14009149743361	0.0
206.0	26.344286989511268	23.626422673510376	23.829502343226956	26.199787993751393	0.0
207.0	26.346944582373254	23.69629377535023	23.699362303962864	26.257399338313647	0.0
208.0	26.218345337789206	23.7732859478127	23.713868075586227	26.29450063881186	0.0
209.0	26.314600222052363	23.631839408157916	23.823206146052435	26.230354223737283	0.0
210.0	26.302883891160867	23.76322969029832	23.737565346440746	26.19632107210007	0.0
211.0	26.271919302376183	23.749002717072926	23.822927185793112	26.156150794757778	0.0
212.0	26.24207055462879	23.75179231966614	23.81316357671686	26.192973548988213	0.0
213.0	26.24653391877793	23.843849205242222	23.74788687603564	26.161729999944207	0.0
214.0	26.203016118323784	23.759882167186465	23.873697952989616	26.16340376150014	0.0
215.0	26.353449213748313	23.857584811129428	23.586992604742896	26.20197337037936	0.0
216.0	26.199535807538666	23.82194425227075	23.82780245040059	26.150717489789997	0.0
217.0	26.23580084358053	23.757504072842508	23.76252538552523	26.244169698051728	0.0
218.0	26.187613502905393	23.76872885114835	23.643195683890745	26.40046196205551	0.0
219.0	26.2206773807498	23.7490550089408	23.807358516357063	26.222909093952335	0.0
220.0	26.412399433143264	23.751352979903366	23.766975015901	26.069272571052366	0.0
221.0	26.245093690632608	23.617794664501893	23.842919989845647	26.29419165501985	0.0
222.0	26.262947495864335	23.880022428842825	23.70678472495376	26.150245350339084	0.0
223.0	26.293912689313103	23.739423712643003	23.719896113170808	26.246767484873086	0.0
224.0	26.194600897711645	23.648480892243917	23.876116908948383	26.28080130109606	0.0
225.0	26.252346799008	23.721848873118027	23.701484376525595	26.32431995134838	0.0
226.0	26.193206069177915	23.837340675710735	23.687815056895055	26.281638198216296	0.0
227.0	26.159730184368435	23.666055731768893	23.831761361575822	26.342452722286847	0.0
228.0	26.27215336418694	23.6526653778451	23.73970267834975	26.33547857961821	0.0
229.0	26.10421600872605	23.789637539857225	23.691720576789496	26.414425874627234	0.0
230.0	26.185952960802528	23.843756886965885	23.83371412152304	26.136576030708547	0.0
231.0	26.3586327332781	23.618352595915386	23.830087567335347	26.19292710347117	0.0
232.0	26.353053419143187	23.69227850820299	23.694789199563697	26.25987887309013	0.0
233.0	26.221939536972723	23.765925454783844	23.716269558983115	26.295865449260326	0.0
234.0	26.32188268901374	23.637109237696183	23.817879519954474	26.223128553335602	0.0
235.0	26.32216165549871	23.76543382078077	23.724983680460628	26.18742084325989	0.0
236.0	26.27362148711454	23.743674434953384	23.8242957491087	26.158408328823374	0.0
237.0	26.237076877583927	23.755669993806944	23.81425295564991	26.19300017295922	0.0
238.0	26.24851450346755	23.836012341477293	23.747022032772982	26.16845112228217	0.0
239.0	26.198579502658554	23.752322395987346	23.8792521466471	26.169845954707	0.0
240.0	26.355125064861877	23.856896561343994	23.590474649466877	26.197503724327248	0.0
241.0	26.19476729587823	23.82197200073653	23.832573555259206	26.150687148126035	0.0
242.0	26.233176349798004	23.751757694797224	23.765428654331185	26.249637301073587	0.0
243.0	26.1840655124789	23.76752556465451	23.64754955985547	26.40085936301112	0.0
244.0	26.22222594263679	23.75196368131301	23.797724780472286	26.228085595577916	0.0
245.0	26.41636320511211	23.754830968426045	23.76180709611709	26.06699873034476	0.0
246.0	26.22743128226594	23.612390121389705	23.853495186270408	26.30668341007395	0.0
247.0	26.258110427393362	23.880167999218607	23.705750205812993	26.155971367575038	0.0
248.0	26.290580541436743	23.735796287147366	23.736912766664155	26.236710404751733	0.0
249.0	26.199308340939346	23.644803206529172	23.88121774420896	26.274670708322517	0.0
