# Position (bp)	A	C	G	T	N
0.0	25.92795942841456	24.079409342445565	24.10859545447978	25.8840357746601	0.0
1.0	25.98517576685787	24.114374882605365	23.88146392914421	26.018985421392554	0.0
2.0	25.940299370051434	23.97127665722707	24.049586776859506	26.03883719586199	0.0
3.0	26.098841560498048	23.968341573501238	23.847556412160582	26.08526045384013	0.0
4.0	25.98120093272962	23.968377345187978	24.02992363059515	26.020498091487255	0.0
5.0	26.045148931375127	24.02838494188079	23.91801189832967	26.00845422841441	0.0
6.0	26.037086046793835	23.947312157266104	23.96580317467655	26.049798621263516	0.0
7.0	26.06145703323626	24.02088244811168	23.9524106688855	25.965249849766558	0.0
8.0	26.008262552724332	24.03507251401167	23.941179869417	26.015485063847	0.0
9.0	26.029241404812325	24.10234780573908	23.92496959437012	25.943441195078478	0.0
10.0	26.031967968476916	24.008909200685235	23.937843592106518	26.02127923873133	0.0
11.0	26.144632957687076	23.85984475342256	23.90953290251012	26.08598938638025	0.0
12.0	25.950502514740336	24.015553546202757	23.956332205720493	26.077611733336415	0.0
13.0	25.977079896810423	23.936399169167927	23.996198278825627	26.090322655196026	0.0
14.0	26.060278658073315	23.967598704641507	24.003131508930867	25.96899112835431	0.0
15.0	26.00567947099454	23.956332205720493	23.878333367036536	26.159654956248428	0.0
16.0	26.055656504669823	24.004287047281743	23.9831984723783	25.95685797567014	0.0
17.0	26.016079316152403	23.996487163413345	23.9973538171765	25.990079703257752	0.0
18.0	26.03131499884446	23.91379708805177	24.046972498266697	26.00791541483707	0.0
19.0	26.054136815345508	23.90830829674139	24.015773052923503	26.0217818349896	0.0
20.0	25.945441571985288	24.028125640958976	23.94117188244776	26.08526090460797	0.0
21.0	25.934175138158256	24.008481602491326	24.031014470145394	26.02632878920502	0.0
22.0	25.930419660215907	23.909972527234437	24.034192182250454	26.125415630299198	0.0
23.0	26.065616866140324	23.95012725292566	23.99259304196602	25.991662838967994	0.0
24.0	25.977796458873183	24.008481602491326	24.017148090050583	25.99657384858491	0.0
25.0	25.93937503069381	24.057302815741807	24.09687977559575	25.90644237796863	0.0
26.0	25.999173794852688	24.1199904090871	23.885706362068518	25.9951294339917	0.0
27.0	25.95468582538183	23.98912644694232	24.032747767657245	26.023439960018603	0.0
28.0	26.092482977574015	23.958793740484918	23.868373386950005	26.080349894991063	0.0
29.0	25.961330132510597	23.956771560054428	24.038525426030084	26.043372881404895	0.0
30.0	26.02315107709996	24.037369894355518	23.924416673166533	26.01506235537799	0.0
31.0	26.011595760354282	23.947816189576525	23.979015544789853	26.061572505279333	0.0
32.0	26.051461603126867	24.0110815487591	23.98334878856948	25.954108059544545	0.0
33.0	26.01130687743564	24.013970377945522	23.953882730868006	26.020840013750828	0.0
34.0	26.018817833320334	24.09110211722291	23.94579400914603	25.944286040310722	0.0
35.0	26.020551130832185	24.004437241630338	23.955327145461215	26.01968448207626	0.0
36.0	26.129748874078825	23.86519567484494	23.917772366037767	26.087283085038464	0.0
37.0	25.963641195859733	24.020036919237004	23.95099390168159	26.06532798322168	0.0
38.0	25.973463215093556	23.93914970201727	23.99663740282701	26.09074968006217	0.0
39.0	26.041928466811687	23.967460228044178	24.012525963352314	25.978085341791825	0.0
40.0	26.023728842937246	23.95706044297307	23.87530657699741	26.143904137092278	0.0
41.0	26.04857277394045	23.99981511493207	23.99663740282701	25.954974708300472	0.0
42.0	26.019973364994904	24.008192719572683	23.991437510291455	25.980396405140958	0.0
43.0	26.034053420074994	23.917703271878484	24.048566855980727	25.999676452065795	0.0
44.0	26.059763925560866	23.9312807298317	24.015634298392083	25.993321046215357	0.0
45.0	25.94009180646112	24.04936402792904	23.94738894682563	26.06315521878421	0.0
46.0	25.939225162712365	24.006609602990498	24.03665325294731	26.017511981349827	0.0
47.0	25.918136831492678	23.895101440650794	24.059474871664506	26.127286856192022	0.0
48.0	26.07124389377259	23.96327741555279	23.980899171777455	25.984579518897167	0.0
49.0	25.964935593925404	24.00487631549299	24.043008640438174	25.987179450143426	0.0
50.0	25.944136143955305	24.072474527895817	24.100496009105537	25.882893319043344	0.0
51.0	25.989779381389695	24.126784202817745	23.899434659394565	25.984001756397994	0.0
52.0	25.919870118990186	23.9800325280287	24.078252152887515	26.021845200093598	0.0
53.0	26.073554943769267	23.956922028061925	23.883257309417818	26.086265718750994	0.0
54.0	25.960024612682464	23.97858812178078	24.037519896696065	26.02386736884069	0.0
55.0	26.02271184384235	24.03549772794897	23.939878034336427	26.00191239387225	0.0
56.0	26.01000106886062	23.95229992806857	23.974543784286592	26.06315521878421	0.0
57.0	26.02877835008363	24.01267610923178	23.989854490514585	25.968691050170005	0.0
58.0	25.99469036263263	24.028853459208523	23.969343921794067	26.007112256364778	0.0
59.0	26.003645681369758	24.08489642162796	23.958655315559433	25.952802581442846	0.0
60.0	26.00971218761104	23.997076521754202	23.96154412805528	26.03166716257948	0.0
61.0	26.145486374915862	23.867079959441075	23.916189771870478	26.07124389377259	0.0
62.0	25.95309146269243	24.022209190468075	23.94998887807189	26.074710468767602	0.0
63.0	25.971002100166686	23.943922371830613	24.02192030921849	26.06315521878421	0.0
64.0	26.04697786880747	23.95345545306691	24.01700932797555	25.982557350150078	0.0
65.0	26.019823031346505	23.96703287179739	23.871702059434426	26.141442037421676	0.0
66.0	26.04957780005373	23.99505435300711	24.014698277978873	25.94066956896029	0.0
67.0	26.024156250090275	24.006031840491328	23.99158777801209	25.978224131406304	0.0
68.0	26.03245860343652	23.921898290983464	24.055938803572875	25.989704302007144	0.0
69.0	26.051524710830705	23.927675899284733	24.037161576593753	25.983637813290812	0.0
70.0	25.937919778140483	24.05615819045831	23.970360955035893	26.035561076365315	0.0
71.0	25.930986668207357	24.022359279534324	24.043447488914246	26.003206563344072	0.0
72.0	25.94629728597634	23.895830023254806	24.037958776883855	26.119913913884997	0.0
73.0	26.069937746450396	23.974694148744096	23.974405269163547	25.980962835641964	0.0
74.0	25.974029725708835	24.011670735054093	24.042869729753154	25.971429809483915	0.0
75.0	25.939075296462672	24.082735111868615	24.07984631606315	25.898343275605562	0.0
76.0	25.97114092990337	24.1257781693701	23.907674086057227	25.995406814669302	0.0
77.0	25.940230814784858	23.974405269163547	24.07609088151604	26.009273034535553	0.0
78.0	26.06907110770875	23.98104949951613	23.870408620166682	26.07947077260844	0.0
79.0	25.966807736195168	23.983071656579956	24.04951396010573	26.000606647119152	0.0
80.0	26.026028050207273	24.050958358008465	23.92674013837332	25.996273453410947	0.0
81.0	25.998295610474777	23.960827928877848	23.99462683980183	26.04624962084555	0.0
82.0	26.02949460517383	24.01340401253737	23.99809339476839	25.9590079875204	0.0
83.0	25.98847370473618	24.03506998107839	23.986827091127065	25.98962922305837	0.0
84.0	25.986451547672353	24.099201247959787	23.953894818944725	25.96045238542314	0.0
85.0	26.017939421951958	23.99924891309058	23.974405269163547	26.008406395793916	0.0
86.0	26.13869108662054	23.860008955267	23.932806609564803	26.068493348547655	0.0
87.0	25.941964092268137	24.035358860658935	23.975849667066285	26.046827380006643	0.0
88.0	25.964207819970248	23.940317478659022	24.027270232403623	26.06820446896711	0.0
89.0	26.040472029234614	23.971805352938627	24.009359698409718	25.97836291941704	0.0
90.0	25.999451128796963	23.975849667066285	23.873297415972154	26.151401788164602	0.0
91.0	26.02689468894891	24.011381855473545	24.03275894443401	25.928964511143533	0.0
92.0	26.024294772723987	24.020337122470497	23.993760201060187	25.961607903745325	0.0
93.0	26.029997168988288	23.922048959169878	24.074865815822466	25.973088056019368	0.0
94.0	26.068129163464924	23.921182322931774	24.03500054886962	25.975687964733684	0.0
95.0	25.94008094359081	24.051397158019107	23.97195573234884	26.036566166041247	0.0
96.0	25.934014507448715	24.02395375642392	24.051686035930633	25.990345700196727	0.0
97.0	25.96290229860154	23.89193655085551	24.030309070477543	26.114852080065404	0.0
98.0	26.08394214353188	23.97166685443731	23.987266261659833	25.95712474037098	0.0
99.0	25.9501916704943	24.01904283192794	24.04388633231937	25.986879165258387	0.0
100.0	25.944125234352207	24.073351879295256	24.091262309810006	25.891260576542535	0.0
101.0	25.95481371707875	24.152504427053994	23.90753595807804	25.98514589778922	0.0
102.0	25.944125234352207	23.98004431387163	24.085773629490966	25.990056822285197	0.0
103.0	26.072387027070747	23.977155534756346	23.870270707490892	26.080186730682016	0.0
104.0	25.949036158848187	23.983799726721497	24.052841547576747	26.014322566853572	0.0
105.0	26.017789101791912	24.058041349984254	23.943067941196013	25.981101607027824	0.0
106.0	26.00565622950772	23.9531786680995	23.99419933153651	26.04696577085626	0.0
107.0	26.038299433510414	24.005754447997642	24.006621081732227	25.949325036759713	0.0
108.0	25.973590781328088	24.02742029136226	24.01297639578585	25.9860125315238	0.0
109.0	25.999012037542574	24.08866240860625	23.940756917903787	25.97156863594739	0.0
110.0	26.008256130711477	23.995354843182625	23.990443918686648	26.005945107419254	0.0
111.0	26.116007591711515	23.878648166925213	23.92804628979654	26.07729795156673	0.0
112.0	25.947591769290547	24.04446408814243	23.965022662472162	26.042921480094865	0.0
113.0	25.95712474037098	23.93006843517724	24.044752966053956	26.06805385839783	0.0
114.0	26.036855043952773	23.972533488171894	24.031753460035183	25.958858007840146	0.0
115.0	26.030788607810678	23.961845005445348	23.869692951667837	26.137673435076138	0.0
116.0	26.043788113829454	24.02106497730864	24.023376000600866	25.91177090826104	0.0
117.0	26.010278276092176	24.027131413450732	23.997088110651795	25.965502199805297	0.0
118.0	26.045307742528152	23.905005113153805	24.069665998393834	25.98002114592421	0.0
119.0	26.048774287480576	23.919160171709528	24.046266819964988	25.98579872084491	0.0
120.0	25.930697788626812	24.074646483613304	23.95505033726691	26.03960539049297	0.0
121.0	25.94369736975142	24.013692892117923	24.034203342336745	26.008406395793916	0.0
122.0	25.964496699550793	23.906518567735038	24.029003509886905	26.09998122282726	0.0
123.0	26.081781809252814	23.982782776999407	23.98913812777144	25.94629728597634	0.0
124.0	25.961896783325873	24.009648577990266	24.043158609333698	25.985296029350163	0.0
125.0	25.943119610590326	24.07435760403276	24.09602357257377	25.886499212803145	0.0
126.0	25.951208238845634	24.145999740008378	23.923562462987306	25.979229558158686	0.0
127.0	25.958719107939853	23.97700518538847	24.08591278725463	25.97836291941704	0.0
128.0	26.06444903442	23.98798260944925	23.876475091358166	26.07109326477258	0.0
129.0	25.951497118426186	23.996937876446204	24.037381017722762	26.01418398740485	0.0
130.0	26.015917264888134	24.04864732136409	23.94667282943105	25.988762584316728	0.0
131.0	26.01302846908266	23.953894818944725	23.99520459896292	26.03787211300969	0.0
132.0	26.02833908685165	24.00011555183222	24.016870567503936	25.9546747938122	0.0
133.0	26.005806479568992	24.020626002051046	23.99549347854347	25.978074039836496	0.0
134.0	26.01302846908266	24.08620166683518	23.935406525789723	25.965363338292434	0.0
135.0	26.005228720407896	23.994049080640735	23.982782776999407	26.017939421951958	0.0
136.0	26.130024699204135	23.867808703941762	23.931939970823162	26.07022662603094	0.0
137.0	25.949474961362355	24.032470064853463	23.972960871260813	26.045094102523365	0.0
138.0	25.98211835396415	23.926162379212226	24.02842575072581	26.06329351609781	0.0
139.0	26.029783484754383	23.969494316294252	24.02553695492034	25.975185244031024	0.0
140.0	26.024872531885084	23.95418369852527	23.880519405485824	26.140424364103826	0.0
141.0	26.059826961131254	24.026692473242527	24.02091488163159	25.89256568399463	0.0
142.0	26.01331734866321	24.039114295206044	23.996071237704562	25.951497118426186	0.0
143.0	26.04170277671855	23.908320911475485	24.090315572965416	25.95966073884055	0.0
144.0	26.061057764527796	23.933742388001065	24.0446724673854	25.96052738008574	0.0
145.0	25.927381031479392	24.075363340391664	23.945944540577706	26.051311087551237	0.0
146.0	25.96378006892707	24.00227638424673	24.042430877939005	25.9915126688872	0.0
147.0	25.98313511264924	23.904056759387917	24.022209190468075	26.090598937494764	0.0
148.0	26.08539907500224	23.965588465549466	23.986387915519565	25.962624543928726	0.0
149.0	25.96378006892707	24.00487631549299	24.04503080918527	25.986312806394672	0.0
150.0	25.958291325184955	24.09269621536675	24.070452359148724	25.87856010029957	0.0
151.0	25.95395810644118	24.147294771538263	23.917923059367986	25.980824062652562	0.0
152.0	25.96233566267914	23.981765815526213	24.07882991538668	25.977068606407965	0.0
153.0	26.0521777313	23.99158777801209	23.874301990680692	26.08193250000722	0.0
154.0	25.96233566267914	23.994187709258355	24.024809121714334	26.018667506348166	0.0
155.0	26.00422344386893	24.0406975904415	23.95663314681234	25.998445818877236	0.0
156.0	26.009134425111867	23.946811184326457	24.01874261547306	26.025311775088618	0.0
157.0	26.044955700060374	23.99447659050794	24.004587434243405	25.955980275188278	0.0
158.0	26.008556662612698	24.01960925922181	23.994187709258355	25.97764636890713	0.0
159.0	26.018089743848993	24.0860519466263	23.94854447182397	25.947313837700737	0.0
160.0	26.027333943835707	23.983210221774133	23.982921340524552	26.00653449386561	0.0
161.0	26.124686924945763	23.859280165702284	23.933233765595975	26.082799143755974	0.0
162.0	25.962624543928726	24.040119827942327	23.969055040544486	26.02820058758446	0.0
163.0	25.981979587650905	23.917056415619232	24.027120171711015	26.073843825018848	0.0
164.0	26.031089400080308	23.953744334316493	24.03347555920188	25.981690706401317	0.0
165.0	26.005378968867266	23.959521959308187	23.878924090674047	26.1561749811505	0.0
166.0	26.074710468767602	23.99072113426334	24.03058674670603	25.903981650263024	0.0
167.0	26.032533806328235	24.03289779670271	23.987832321767492	25.946736075201564	0.0
168.0	26.046764231775875	23.9101923376916	24.08525488066281	25.957788549869715	0.0
169.0	26.072474737261746	23.946880362373687	24.019967529653748	25.960677370710822	0.0
170.0	25.93359737232097	24.06365823995193	23.94261629704097	26.060128090686124	0.0
171.0	25.973463215093556	24.00877048540997	24.019170270481077	25.998596029015403	0.0
172.0	25.99224060480528	23.8952394983837	24.02119245091157	26.091327445899452	0.0
173.0	26.09046079714353	23.974971183928865	23.97237123766109	25.96219678126652	0.0
174.0	25.964796727534296	24.003281709955772	24.049502976938477	25.982418585571455	0.0
175.0	25.961041249591954	24.08156898090773	24.079835683395874	25.877554086104443	0.0
176.0	25.968841088395283	24.144545457171663	23.909683644315795	25.976929810117255	0.0
177.0	25.95353029370726	23.970637940149235	24.107857326504142	25.967974439639356	0.0
178.0	26.07139452451316	23.967460228044178	23.87415104532284	26.086994202119822	0.0
179.0	25.963641195859733	23.982482139813555	24.02148133383021	26.032395330496506	0.0
180.0	26.00784028241194	24.031014470145394	23.971504588905162	25.9896406585375	0.0
181.0	26.032106447577863	23.94550512622739	23.999237349094784	26.02315107709996	0.0
182.0	26.05175048604551	23.988548681105033	24.00732607081676	25.952374762032697	0.0
183.0	26.01015134576108	24.007037187898117	23.98334878856948	25.999462677771323	0.0
184.0	26.010729111598362	24.07579132253489	23.93886081909863	25.974618746768126	0.0
185.0	26.02228442834404	23.97612671560343	23.977571130196644	26.024017725855884	0.0
186.0	26.117628706049565	23.8550715426815	23.935670808332635	26.091628942936296	0.0
187.0	25.968852283790305	24.01973670906554	23.96282611647316	26.048584890670995	0.0
188.0	25.99514093316039	23.899848912487688	24.02955884179722	26.07545131255471	0.0
189.0	26.034429464087104	23.955315073795994	24.018003391524655	25.992252070592247	0.0
190.0	26.020851810016843	23.942026305982544	23.851316021342917	26.185805862657695	0.0
191.0	26.09654000930214	23.98969253835687	24.011070121361115	25.902697330979873	0.0
192.0	26.040207189223384	24.028692183026777	23.97698154305705	25.954119084692785	0.0
193.0	26.06223783496458	23.895006875512774	24.07151688833936	25.97123840118328	0.0
194.0	26.08217104426906	23.94816210032471	24.00536174441581	25.96430511099042	0.0
195.0	25.955713480955062	24.064075341971083	23.937542430414123	26.042668746659732	0.0
196.0	25.98315783391833	24.00514220508154	24.012075515303838	25.99962444569629	0.0
197.0	26.002802212881516	23.900275887969265	24.02103104100764	26.07589085814158	0.0
198.0	26.10362409903078	23.95805347315509	23.973942309081192	25.964380118732937	0.0
199.0	25.964091230807007	23.99849778278517	24.050208721526484	25.987202264881336	0.0
200.0	25.98692478138154	24.060308940317952	24.072153482150853	25.880612796149656	0.0
201.0	25.968585782423176	24.15433816073425	23.8998234864177	25.977252570424874	0.0
202.0	25.965419116266304	23.975212699880107	24.10406043710006	25.95530774675353	0.0
203.0	26.09066195185227	23.958017351210337	23.84794723568005	26.10337346125734	0.0
204.0	25.992436651903983	23.956572861505215	24.01290796000497	26.038082526585832	0.0
205.0	26.036926934821736	23.999907552658872	23.957150657387267	26.006014855132126	0.0
206.0	26.049927342167834	23.929416455048923	23.992974002074288	26.027682200708956	0.0
207.0	26.042127097760176	23.987484941194825	24.013196857945992	25.95719110309901	0.0
208.0	26.02927708650521	24.00495751731231	23.984445644982824	25.981319751199656	0.0
209.0	26.029427484334327	24.081943958929795	23.932004194846577	25.956624361889297	0.0
210.0	26.034049904807027	23.98053960980993	23.977939498294038	26.007470987089004	0.0
211.0	26.137049780867113	23.84951623201218	23.924630998708604	26.0888029884121	0.0
212.0	25.952729699512044	24.030658380930095	23.965077411545142	26.051534508012725	0.0
213.0	26.008210716689828	23.912773413687802	24.01937983376332	26.059636035859047	0.0
214.0	26.025834000225345	23.961887482557284	24.02429124065027	25.987987276567097	0.0
215.0	26.0217893122008	23.926640915486246	23.863659344818323	26.187910427494632	0.0
216.0	26.0709157568421	23.999722646758865	24.01127903180606	25.91808256459297	0.0
217.0	26.027440794852758	24.035975234523743	23.96865890265712	25.96792506796638	0.0
218.0	26.055402110226396	23.890282095434006	24.07749823762582	25.976817556713776	0.0
219.0	26.081115438397802	23.939975268978746	24.009892408501	25.969016884122453	0.0
220.0	25.96072449070984	24.059355308434384	23.91980792733135	26.06011227352442	0.0
221.0	25.988760960952284	23.972956965170535	24.025251722693326	26.01303035118385	0.0
222.0	25.98703884014088	23.88077813187099	24.03448604638396	26.09769698160417	0.0
223.0	26.115321385335914	23.94896434958727	23.984502081702114	25.9512121833747	0.0
224.0	25.97894894990335	23.989702725426238	24.03390819708128	25.997440127589126	0.0
225.0	25.97519292943593	24.067134531985403	24.067423456636742	25.890249081941917	0.0
226.0	25.986611154289545	24.135460216290245	23.904030233250218	25.973898396169993	0.0
227.0	25.958007448520554	23.968460802810675	24.112346110618333	25.961185638050438	0.0
228.0	26.066932671499444	23.95141414987764	23.86386947464527	26.117783703977647	0.0
229.0	25.98098275966681	23.95501969044255	24.01858384834748	26.04541370154316	0.0
230.0	26.069545369179874	24.015544415711997	23.919619768567344	25.995290446540793	0.0
231.0	26.04831509695091	23.919757991118253	23.977833188386118	26.054093723544725	0.0
232.0	26.049470822269672	23.974654943759514	24.010771359970875	25.965102873999935	0.0
233.0	26.03084070834814	24.008598646059966	23.974793485138733	25.98576716045316	0.0
234.0	26.036041502336023	24.065229513928017	23.939543659220863	25.9591853245151	0.0
235.0	26.038214499319558	23.956729143973256	23.98042178682978	26.024634569877403	0.0
236.0	26.126930467068288	23.863679047660323	23.91222063306318	26.097169852208207	0.0
237.0	25.984484028951588	24.014504688019187	23.95209407821552	26.04891720481371	0.0
238.0	26.00861618119985	23.901379109083397	24.00424163447397	26.08576307524278	0.0
239.0	26.027409134644557	23.945574693214752	24.02590085209296	26.001115320047735	0.0
240.0	26.031363506332518	23.90232062206888	23.87284690135839	26.193468970240215	0.0
241.0	26.081038906997712	23.98513535381557	24.028480939501122	25.905344799685597	0.0
242.0	26.031973551884775	24.019177195436313	23.983631760857254	25.96521749182166	0.0
243.0	26.051321177861205	23.863567396977604	24.075406699670825	26.00970472549037	0.0
244.0	26.070721521365297	23.922775682432334	24.013236802936376	25.993265993265997	0.0
245.0	25.959056738470075	24.04368899769069	23.937038824709315	26.06021543912992	0.0
246.0	26.005699784379356	23.959615929336547	24.022047644647927	26.01263664163617	0.0
247.0	26.007567414447458	23.906439239558676	24.013678000445143	26.072315345548724	0.0
248.0	26.13903743315508	23.953461482873248	23.975140916317386	25.932360167654284	0.0
249.0	25.94739124150889	24.000578118225178	24.061858650093946	25.99017199017199	0.0
