# Position (bp)	A	C	G	T	N
0.0	27.188733793165714	22.612965843620625	28.248702606824505	21.942356054720932	0.00724170166822473
1.0	25.60900830068298	22.24984623139964	22.795136962209604	29.345820409560552	1.8809614722661638E-4
2.0	26.856320876979478	22.981446196037567	24.193114552434622	25.969118374548334	0.0
3.0	28.374666658515835	23.700949838072805	22.655653015438453	25.268730487972903	0.0
4.0	28.29690934954093	24.41122462175094	21.77129891962428	25.520567109083856	0.0
5.0	27.322478633483417	23.750349740780365	24.17403571470557	24.732915603729	0.020220307301647016
6.0	27.283777905787478	23.52726802487568	24.690923198100233	24.497466583590985	5.642876456273586E-4
7.0	26.5527902848477	24.13434748362978	24.162373770029273	25.14968905399527	7.994074979720913E-4
8.0	26.033598626900062	24.557704289761705	24.20398998389429	25.20418983576878	5.17263675158412E-4
9.0	26.00246875844962	24.55159117360074	24.29281826411013	25.152604540164347	5.17263675158412E-4
10.0	25.683034927054067	24.721959018609738	24.244900838202273	25.35001116819299	9.404794093789309E-5
11.0	25.863465901743414	24.582203778376027	24.43661756580417	25.11738358628311	3.2916779328262584E-4
12.0	26.33046095247052	24.09240210197148	24.406757344556386	25.17033257703114	4.7023970468946544E-5
13.0	26.217509375404113	24.24965025921964	24.016364341723193	25.51642899968259	4.7023970468946544E-5
14.0	26.096751819239856	24.38127035256222	24.365470298484652	25.156413481772333	9.404794093789309E-5
15.0	26.40047964449878	24.160916026944733	24.61460329402913	24.824001034527353	0.0
16.0	26.11725427036432	24.369796503767795	24.478798067314813	25.034104134582602	4.7023970468946544E-5
17.0	25.71242490859716	24.5967812092214	24.893784606703267	24.7968211795963	1.8809588187578618E-4
18.0	25.790578747516545	24.58422580910619	24.801429528702258	24.823765914675004	0.0
19.0	25.56542797691123	24.86731011132925	24.52850240410049	25.03875950765903	0.0
20.0	25.553201744589305	24.85207434489731	24.692004749421017	24.90253106521049	1.8809588187578618E-4
21.0	25.852274196771802	24.367210185392004	24.600543126858916	25.179972490977278	0.0
22.0	25.70476000141072	24.420300248051444	24.221059685174517	25.65388006536332	0.0
23.0	25.68181230382187	24.527702996602518	24.36777447303763	25.422710226537976	0.0
24.0	25.88457966448397	24.26074791625031	24.57049480972926	25.284130585565993	4.7023970468946544E-5
25.0	25.72502733268284	24.54952211890011	24.4744248380612	25.251025710355858	0.0
26.0	25.629897840424153	24.57942936411836	24.866040464126588	24.924397211478553	2.3511985234473274E-4
27.0	25.671749174141517	24.508752336503534	24.934507365129374	24.88475600437323	2.3511985234473274E-4
28.0	25.429152510492226	24.75040852074345	24.566262652387056	25.253988220495398	1.8809588187578618E-4
29.0	25.344509363648122	24.888423874069808	24.647473049386925	25.119029425249522	5.642876456273586E-4
30.0	25.5153474483618	24.568378731058157	24.53113574644675	25.38471485839907	4.232157342205189E-4
31.0	25.331248603975876	24.54858163949073	24.227078753394544	25.89224457167041	8.464314684410378E-4
32.0	25.287375239528348	24.551262005807462	24.289385514265895	25.87145997672313	5.17263675158412E-4
33.0	25.570600613662815	24.181982765714825	24.231075790884404	26.015541422239984	7.994074979720913E-4
34.0	25.38969939926878	24.3884179960735	24.08224492435019	26.139167440602844	4.702397046894655E-4
35.0	25.409073540303524	24.465961250878625	24.40114350949858	25.723774524835008	4.717448426495077E-5
36.0	25.59801326165842	24.26554768167283	24.525589487300817	25.610802202918816	4.7366449112565896E-5
37.0	25.43355902757119	24.393731332627294	24.404012518295513	25.768697121506	0.0
38.0	25.375364234352705	24.54423733024537	24.514653386763147	25.56569717818007	4.7870458709096485E-5
39.0	25.60844404164974	24.326246362922845	24.3734157424311	25.691893852996316	0.0
40.0	25.408065144802634	24.44629004989445	24.105635077851165	26.040009727451753	0.0
41.0	25.32885559135269	24.47961178544822	24.173737172013233	26.01779545118586	0.0
42.0	25.601957687197906	24.168474536578426	24.13003620021729	26.099432762802362	9.881320401319947E-5
43.0	25.416376086586457	24.25606923402176	23.916758229552357	26.41079644983943	0.0
44.0	25.363237267886156	24.376510437864134	24.08853627525139	26.171716018998314	0.0
45.0	25.636306924516532	24.115541556303242	24.19178180256282	26.056369716617407	0.0
46.0	25.576531874215373	24.257715049902227	23.97038897655189	26.195364099330504	0.0
47.0	25.56086140053945	24.322284794681703	24.172149509677432	25.944704295101406	0.0
48.0	25.67182779880739	24.167010617232005	24.224719365781926	25.936442218178684	0.0
49.0	25.541809238490824	24.36737865896529	23.880505977260757	26.21030612528312	0.0
50.0	25.534781082356645	24.413724869268343	23.982417153369077	26.06907689500594	0.0
51.0	25.697712077510943	24.16853045391627	24.035366458159885	26.098391010412904	0.0
52.0	25.50879341217599	24.295368253320373	23.760660996175474	26.435177338328163	0.0
53.0	25.5367627933909	24.351665397556953	23.90320086338691	26.208370945665234	0.0
54.0	25.772484406034636	24.115039459826	23.967816556294576	26.144659577844788	0.0
55.0	25.63107476506247	24.265188180553498	23.809113984123773	26.294623070260258	0.0
56.0	25.56055222455941	24.36755992175078	23.999972314524616	26.071915539165197	0.0
57.0	25.9097522657987	24.10923280336303	24.07132713046965	25.909687800368612	0.0
58.0	25.734647600536814	24.234677350045946	23.86254404580102	26.168131003616217	0.0
59.0	25.671804044938938	24.339731984115566	24.033484342215626	25.95497962872987	0.0
60.0	26.007451892076528	24.073305984169085	23.932493804612644	25.986748319141746	0.0
61.0	25.771055604547854	24.275043322962567	23.636249015875656	26.317652056613927	0.0
62.0	25.760550426261986	24.338498001344227	23.771475231997357	26.12947634039643	0.0
63.0	25.917744412384717	24.07796661891868	23.845755021699144	26.15853394699746	0.0
64.0	25.79542147637986	24.19127977745722	23.52782879976469	26.485469946398233	0.0
65.0	25.637182861251873	24.389247889776907	23.71980337135326	26.25376587761796	0.0
66.0	26.051634109301215	24.02063700097776	23.77956687262061	26.148162017100418	0.0
67.0	25.816347896528995	24.140573511643236	23.70532526911248	26.33775332271529	0.0
68.0	25.8939585138336	24.237509233780248	23.802180280635977	26.066351971750173	0.0
69.0	25.917889462839337	24.130293590505598	23.7580576855415	26.193759261113563	0.0
70.0	25.738051589444776	24.417412768805956	23.312807600733297	26.531728041015967	0.0
71.0	25.51221238100776	24.436982773658748	23.640465295510744	26.410339549822748	0.0
72.0	25.608992390674985	24.30785119724701	23.687360636013093	26.39579577606492	0.0
73.0	24.49590458226957	24.695200020049406	23.553691542093397	27.255203855587627	0.0
74.0	20.936942978663325	26.409019743294316	23.52227833229545	29.13175894574691	0.0
75.0	18.675372036939002	27.42426916063761	23.39823147657981	30.502127325843574	0.0
