# Position (bp)	A	C	G	T	N
0.0	26.22794496185707	23.86302475780409	23.835236579772545	26.073793700566295	0.0
1.0	26.13873028501895	23.95253194177938	23.849861936631253	26.05887583657041	0.0
2.0	26.077571077571076	23.854568854568857	23.862758862758863	26.205101205101204	0.0
3.0	26.168128625037657	23.98264954240069	23.818855606871157	26.030366225690493	0.0
4.0	26.141638320088685	23.90179555950734	23.822824869332756	26.133741251071225	0.0
5.0	26.156388470481566	23.892016788289144	23.811000131615508	26.140594609613782	0.0
6.0	26.118123961721146	23.95323943002878	23.83712768197665	26.091508926273427	0.0
7.0	26.091686773415223	23.812824449806243	23.753162243181986	26.342326533596548	0.0
8.0	26.082582464021147	23.912007182609663	23.766951222008732	26.238459131360454	0.0
9.0	26.153837155574273	23.876577003386497	23.854351271838244	26.115234569200986	0.0
10.0	26.147668984717242	23.736818402475187	23.956146148312346	26.159366464495225	0.0
11.0	26.018411833170546	23.880989840738813	23.952636904378952	26.147961421711692	0.0
12.0	26.113746293361096	23.938015054656475	23.75319487416436	26.195043777818068	0.0
13.0	26.20147739169596	23.86987723494973	23.9216385829673	26.00700679038701	0.0
14.0	26.26581353047486	23.76781672388684	23.78594781754271	26.180421928095594	0.0
15.0	26.090351333805135	23.834492358621333	23.889178076583402	26.18597823099013	0.0
16.0	26.11842528527229	23.84999151932716	23.923685641928447	26.107897553472103	0.0
17.0	26.136556378928162	23.962579762190238	23.746761260286473	26.15410259859513	0.0
18.0	25.93623703773022	23.949712534434457	23.893857068494594	26.220193359340733	0.0
19.0	26.221070670324075	23.783315884592664	23.819578071904406	26.176035373178845	0.0
20.0	26.06972826913404	23.8247025933161	23.927054942741172	26.178514194808688	0.0
21.0	26.080840809928763	23.95191194188726	23.77791294786464	26.189334300319338	0.0
22.0	26.170910877422827	23.77294154803542	23.949280024330616	26.10686755021114	0.0
23.0	26.025862976523296	23.927932248593386	23.8483898513259	26.197814923557416	0.0
24.0	26.22705845196458	23.792242276784147	23.84663523962147	26.1340640316298	0.0
25.0	26.25045327469031	23.868860321210917	23.82821181672496	26.052474587373815	0.0
26.0	26.159798336628103	23.92500789575267	23.85511586285955	26.060077904759677	0.0
27.0	26.08551977447391	23.846927674905544	23.86213430967727	26.205418240943278	0.0
28.0	26.172957924411328	23.967411011943057	23.82294798161167	26.036683082033946	0.0
29.0	26.151317713390025	23.89137783808443	23.829381557861247	26.127922890664294	0.0
30.0	26.159798336628103	23.88903835581186	23.801892641158513	26.149270666401524	0.0
31.0	26.133771596345728	23.960100129841265	23.826457205020528	26.079671068792475	0.0
32.0	26.09809449168899	23.802185076442584	23.77820538314871	26.321515048719718	0.0
33.0	26.083472727485407	23.910093696265015	23.770017195194704	26.236416381054873	0.0
34.0	26.172373053843184	23.877340944448992	23.854530992291405	26.095755009416415	0.0
35.0	26.14634631356081	23.726151902583958	23.95951525927312	26.16798652458211	0.0
36.0	26.02703271765958	23.87851068558528	23.93612043654739	26.158336160207746	0.0
37.0	26.129969937652795	23.93729017768368	23.754225689854835	26.178514194808688	0.0
38.0	26.199569535261848	23.861257003825052	23.905999602288013	26.033173858625087	0.0
39.0	26.237001251623017	23.77147937161506	23.79984559417001	26.191673782591913	0.0
40.0	26.09604744470049	23.822363111043526	23.893717320357005	26.18787212389898	0.0
41.0	26.115348173449217	23.863011615529484	23.917404578366806	26.104235632654493	0.0
42.0	26.12470610253951	23.97325971762449	23.757734913263697	26.144299266572308	0.0
43.0	25.934623167892944	23.963024482681984	23.895764367345507	26.206587982079565	0.0
44.0	26.221209746283147	23.78317678297793	23.820608499339098	26.17500497139983	0.0
45.0	26.075424467332248	23.826610285473652	23.908199252539784	26.189765994654312	0.0
46.0	26.074839600184816	23.946800484269996	23.791225823054294	26.187134092490886	0.0
47.0	26.15730586797209	23.771047906468045	23.950602120728277	26.121044104831586	0.0
48.0	26.025710759800912	23.914632791161488	23.856438509992454	26.20321793904515	0.0
49.0	26.21696231700969	23.794735025938856	23.84825036992847	26.140052287122977	0.0
50.0	26.25439381444505	23.871060188678143	23.821346481146808	26.053199515730004	0.0
51.0	26.154089098661238	23.9064446510975	23.86082501359816	26.078641236643097	0.0
52.0	26.07279256516882	23.83947736271706	23.871937489399283	26.215792582714837	0.0
53.0	26.183624889606328	23.9681481351511	23.824563250457658	26.023663724784917	0.0
54.0	26.156136133677233	23.893285140280383	23.821054047573092	26.129524678469284	0.0
55.0	26.16432427374122	23.913755490440348	23.79151825662801	26.130401979190427	0.0
56.0	26.15087232935039	23.943876148532862	23.824563250457658	26.080688271659092	0.0
57.0	26.113733265488744	23.790640955906866	23.762859766404063	26.332766012200327	0.0
58.0	26.092093181033928	23.89503974172267	23.787424186596017	26.225442890647386	0.0
59.0	26.166663742330933	23.880710496610693	23.85058983851818	26.102035922540196	0.0
60.0	26.15174963007153	23.73303154188526	23.948555085712282	26.166663742330933	0.0
61.0	26.026003193374624	23.867258552219862	23.950602120728277	26.156136133677233	0.0
62.0	26.144731224302397	23.9298393369946	23.75876569637207	26.166663742330933	0.0
63.0	26.21754718415712	23.883049965200403	23.876616426578703	26.022786424063778	0.0
64.0	26.258487884477038	23.773972242205183	23.805555068166264	26.161984805151512	0.0
65.0	26.092093181033928	23.827487586194795	23.906737084671217	26.17368214810006	0.0
66.0	26.113733265488744	23.85439147497646	23.91872686119348	26.11314839834132	0.0
67.0	26.138882552828125	23.961714596529397	23.75993543066692	26.139467419975553	0.0
68.0	25.938857988407932	23.943291281385434	23.91170845542435	26.206142274782284	0.0
69.0	26.24035700290679	23.77660414436861	23.822808649015375	26.16023020370923	0.0
70.0	26.07439466604281	23.83904550239794	23.91858696923617	26.16797286232308	0.0
71.0	26.092817873435493	23.92677506141069	23.797812609661946	26.18259445549187	0.0
72.0	26.166510703006203	23.771201310094746	23.949584746754006	26.112703240145045	0.0
73.0	26.024973681132295	23.921511287869926	23.85074277693297	26.202772254064804	0.0
74.0	26.230553281085506	23.78640776699029	23.837290911217686	26.14574804070652	0.0
75.0	26.262720786056846	23.86624166569189	23.817697976371505	26.053339571879754	0.0
76.0	26.16797286232308	23.911861036378525	23.860977892151126	26.059188209147266	0.0
77.0	26.096911919522753	23.84050766171482	23.88203298631419	26.180547432448236	0.0
78.0	26.180547432448236	23.977950637501465	23.816528248918	26.024973681132295	0.0
79.0	26.14896479120365	23.89606971575623	23.835243888174055	26.119721604866065	0.0
80.0	26.159784770148555	23.90513510352088	23.810094747923735	26.12498537840683	0.0
81.0	26.172359340273715	23.93671774476547	23.82179202245877	26.069130892502045	0.0
82.0	26.116797286232305	23.782606152766405	23.766522400280735	26.33407416072055	0.0
83.0	26.09135571411861	23.89665457948298	23.7972277459352	26.21476196046321	0.0
84.0	26.161246929465438	23.88758919171833	23.860393028424376	26.09077085039186	0.0
85.0	26.15949233828518	23.725874371271495	23.953093929114516	26.161539361328813	0.0
86.0	26.031407182126564	23.85512925488361	23.970932272780445	26.14253129020938	0.0
87.0	26.15715288337817	23.92735992513744	23.748684056614806	26.166803134869575	0.0
88.0	26.214177096736464	23.885542168674696	23.88466487308457	26.015615861504273	0.0
89.0	26.26389051351035	23.77675751549889	23.78523803953679	26.174113931453974	0.0
90.0	26.088138963621475	23.83056497836004	23.910983740788396	26.17031231723009	0.0
91.0	26.1144578313253	23.85600655047374	23.941689086442857	26.087846531758103	0.0
92.0	26.14487074511639	23.963621476196046	23.767107264007485	26.12440051468008	0.0
93.0	25.92349982454088	23.941104222716106	23.90425780793075	26.23113814481226	0.0
94.0	26.23260030412914	23.7717861738215	23.831149842086795	26.16446367996257	0.0
95.0	26.08096806077868	23.826331580701947	23.946812803761823	26.145887554757547	0.0
96.0	26.080090770319508	23.94184149115984	23.800012866926735	26.17805487159392	0.0
97.0	26.158462051339036	23.78071247682491	23.954708417894384	26.10611705394167	0.0
98.0	26.02043501909569	23.922248670904956	23.86317777998725	26.194138530012108	0.0
99.0	26.200279563226324	23.792409682947227	23.84212280896708	26.16518794485937	0.0
100.0	26.2637369064399	23.86756423228312	23.79474912417169	26.07394973710529	0.0
101.0	26.167234955930773	23.923710821670245	23.85879132769138	26.0502628947076	0.0
102.0	26.09149554628877	23.835104485293687	23.88744948269106	26.185950485726483	0.0
103.0	26.194138530012108	23.958802440037196	23.826331580701947	26.02072744924875	0.0
104.0	26.16050906241044	23.880431159017668	23.843292529579312	26.115767248992576	0.0
105.0	26.16489551470631	23.896514817435854	23.803814458916488	26.134775208941345	0.0
106.0	26.152028587971763	23.953246267129096	23.81785110626327	26.07687403863587	0.0
107.0	26.106409484094723	23.781297337131026	23.78071247682491	26.331580701949342	0.0
108.0	26.097636579502986	23.893882946058334	23.79972043677368	26.208760037665	0.0
109.0	26.16021663225738	23.860838338762786	23.87896900825238	26.09997602072745	0.0
110.0	26.1552453196554	23.71696270345828	23.97137693661869	26.156415040267632	0.0
111.0	26.03388680613635	23.843292529579312	23.968160204935053	26.154660459349284	0.0
112.0	26.15349073873705	23.929266994578345	23.751469461519118	26.16577280516549	0.0
113.0	26.20788274720583	23.8927132254461	23.876629567027916	26.022774460320154	0.0
114.0	26.26870821904188	23.75965750580474	23.790362671875823	26.181271603277555	0.0
115.0	26.094712277972405	23.820190547487734	23.926927553353885	26.158169621185976	0.0
116.0	26.109333785625306	23.86054590860973	23.956170568659676	26.07394973710529	0.0
117.0	26.14647241506366	23.964943473251413	23.77340172299846	26.115182388686463	0.0
118.0	25.907264549862262	23.95266140682298	23.92137138044578	26.218702662868974	0.0
119.0	26.23654090220551	23.773986583304577	23.835104485293687	26.154368029196227	0.0
120.0	26.09077085039186	23.806585565563225	23.93174640308808	26.170897180956835	0.0
121.0	26.09252544157211	23.92034156041642	23.810679611650485	26.176453386360976	0.0
122.0	26.159199906421804	23.79342613171131	23.94929231489063	26.098081646976258	0.0
123.0	26.023803953678794	23.914785355012285	23.87501462159317	26.186396069715755	0.0
124.0	26.208328459468945	23.799567200842205	23.849280617616095	26.142823722072755	0.0
125.0	26.26067376301322	23.8685811205989	23.80600070183647	26.06474441455141	0.0
126.0	26.19165984325652	23.90016376184349	23.857761141653995	26.050415253245994	0.0
127.0	26.098666510703005	23.828810387179786	23.897531875073106	26.174991227044096	0.0
128.0	26.20072523102117	23.951631769797636	23.8334892969938	26.014153702187393	0.0
129.0	26.155105860334544	23.863902210784886	23.84694116270909	26.13405076617148	0.0
130.0	26.17850040940461	23.87413732600304	23.81301906655749	26.13434319803486	0.0
131.0	26.165125058852084	23.94673045599034	23.83677575381844	26.051368731339135	0.0
132.0	26.116288794855524	23.77916650826561	23.785015162636455	26.31952953424241	0.0
133.0	26.07330118522981	23.918656915010278	23.791448682444386	26.216593217315527	0.0
134.0	26.154597480984563	23.86601902567267	23.88181039247395	26.097573100868814	0.0
135.0	26.166587222444797	23.699917241540653	23.9727569679406	26.16073856807395	0.0
136.0	26.018908699580944	23.847888197123048	23.98416184396375	26.14904125933226	0.0
137.0	26.147579095739548	23.912808260639434	23.769516228553716	26.170096415067302	0.0
138.0	26.210159697507596	23.87099038188789	23.87888606528853	26.03996385531599	0.0
139.0	26.270108404808763	23.759281083404733	23.814550867209228	26.156059644577272	0.0
140.0	26.094648773683392	23.80753248196421	23.925675300255296	26.172143444097102	0.0
141.0	26.098450399024443	23.863679563924332	23.950239648612843	26.08763038843838	0.0
142.0	26.142315306805784	23.957550466576404	23.785892460792084	26.11424176582573	0.0
143.0	25.938489701981815	23.942343965212203	23.92011907860299	26.199047254202988	0.0
144.0	26.24883757654449	23.760227864240637	23.85205200638675	26.138882552828125	0.0
145.0	26.074483484669038	23.811612639089937	23.9402845403635	26.17361933587753	0.0
146.0	26.10168004562004	23.904022459095494	23.82535713763507	26.1689403576494	0.0
147.0	26.177128569548625	23.77739761079674	23.944086210173854	26.10138760948078	0.0
148.0	26.020675235045548	23.919814010615433	23.88033513181559	26.17917562252343	0.0
149.0	26.202354702679308	23.78594781754271	23.871339419921977	26.140358059856005	0.0
150.0	26.26610596746931	23.86461336904964	23.79793773431514	26.071342929165915	0.0
151.0	26.19299671885692	23.893272194505695	23.8567175701995	26.057013516437884	0.0
152.0	26.102926124566462	23.823087315837803	23.89590412745574	26.178082432139995	0.0
153.0	26.18100680208449	23.944741105528813	23.84618983839932	26.02806225398738	0.0
154.0	26.14883873269504	23.866075554021887	23.866367991016336	26.118717722266737	0.0
155.0	26.16960175930096	23.873678915877576	23.8248419378045	26.131877387016967	0.0
156.0	26.15739589943647	23.94393381546587	23.82754355130676	26.0711267337909	0.0
157.0	26.109728529944178	23.769640857076848	23.78572493880738	26.334905674171598	0.0
158.0	26.09364444821364	23.906794208560825	23.791281257950654	26.208280085274875	0.0
159.0	26.162659780730102	23.852400768526667	23.879889926393393	26.105049524349837	0.0
160.0	26.153009331691784	23.70442721660579	23.992478498507104	26.150084953195325	0.0
161.0	26.015855980207807	23.83485449754791	23.971130535482946	26.17815898676134	0.0
162.0	26.168800975572665	23.906209332861533	23.766424040730744	26.158565650835058	0.0
163.0	26.214421280117445	23.850646141428793	23.884861369837378	26.050071208616387	0.0
164.0	26.258871833263637	23.744198764157648	23.828420864855694	26.168508537723024	0.0
165.0	26.09890832950727	23.80678046398189	23.929604360833213	26.16470684567762	0.0
166.0	26.111775594891697	23.846844449383394	23.96879103268578	26.07258892303913	0.0
167.0	26.157980775135766	23.955046453752416	23.78280056031092	26.104172210800904	0.0
168.0	25.941284328548075	23.939839685570824	23.90357739221472	26.215298593666382	0.0
169.0	26.254854482500466	23.759475014037058	23.85948905109489	26.126181452367586	0.0
170.0	26.083714238088135	23.815539744230865	23.9374877540218	26.163258263659202	0.0
171.0	26.110033952431504	23.895668652342895	23.83484086808267	26.15945652714294	0.0
172.0	26.181389622429073	23.77401308382244	23.943336579431435	26.10126071431705	0.0
173.0	26.046866638007423	23.91380001111277	23.87490532213868	26.164428028741128	0.0
174.0	26.199012715383624	23.788412273211133	23.8650321101454	26.14754290125984	0.0
175.0	26.244633686993346	23.873220489665094	23.801279726742077	26.080866096599483	0.0
176.0	26.201644694514954	23.883748406190414	23.870588510533768	26.044018388760865	0.0
177.0	26.097827739890278	23.813269853895914	23.897200743972768	26.19170166224104	0.0
178.0	26.178541766584395	23.937557757319826	23.841636740089136	26.042263736006642	0.0
179.0	26.16713652368196	23.850702445985938	23.874097816042205	26.10806321428989	0.0
180.0	26.16596675517915	23.85421175149438	23.831108823563817	26.148712669762652	0.0
181.0	26.144402495123515	23.937920204008222	23.836734932606515	26.080942368261752	0.0
182.0	26.106677350583567	23.771227704878243	23.789944055657745	26.33215088888044	0.0
183.0	26.085621455956627	23.89785551562084	23.797255130180993	26.21926789824154	0.0
184.0	26.16428861782674	23.851649524633935	23.868318774546932	26.115743082992392	0.0
185.0	26.152006012627687	23.70659780609276	23.989097725670938	26.15229845560862	0.0
186.0	26.01689735543812	23.839659362415812	23.976522677490955	26.166920604655107	0.0
187.0	26.172769464273703	23.89580841475433	23.763916630355	26.167505490616964	0.0
188.0	26.21956034122247	23.833225616835357	23.893761313887822	26.05345272805435	0.0
189.0	26.266643661152166	23.749294481308507	23.81918835375073	26.1648735037886	0.0
190.0	26.104337806736133	23.79813245912378	23.92563759880917	26.171892135330914	0.0
191.0	26.112818653183094	23.832640730873496	23.965994730177485	26.088545885765924	0.0
192.0	26.16428861782674	23.95839121267331	23.78584985392473	26.091470315575222	0.0
193.0	25.960163417137743	23.934118445256136	23.914232322552913	26.191485815053213	0.0
194.0	26.273446684564227	23.74497727711393	23.850549501968146	26.13102653635369	0.0
195.0	26.08885106582091	23.817419862374724	23.92971928069883	26.164009791105535	0.0
196.0	26.1239446340472	23.895503051678205	23.809523809523807	26.171028504750794	0.0
197.0	26.214310572229877	23.786128097372956	23.927379709483745	26.072181620913426	0.0
198.0	26.05551217600594	23.921823227847916	23.86801308990095	26.15465150624519	0.0
199.0	26.208245842862237	23.776546899766625	23.88299770136456	26.132209556006575	0.0
200.0	26.247309438023493	23.87844508913949	23.80854896822797	26.065696504609047	0.0
201.0	26.200517055823312	23.88926582752328	23.86382246970193	26.046394646951477	0.0
202.0	26.122152942690356	23.80882748616684	23.893639671045705	26.175379900097095	0.0
203.0	26.19132570994063	23.930044161085604	23.85429766326441	26.024332465709353	0.0
204.0	26.173067699254805	23.83804588154093	23.8816228167663	26.107263602437968	0.0
205.0	26.191492846363516	23.843602671938793	23.831904165838022	26.133000315859668	0.0
206.0	26.174899026973907	23.933458702690373	23.83723820860252	26.054404061733198	0.0
207.0	26.116991252416476	23.757395670955155	23.798633025564236	26.32698005106413	0.0
208.0	26.088482427227344	23.907276827103335	23.79877223101243	26.205468514656893	0.0
209.0	26.176375106384846	23.841904076696526	23.869688434980215	26.11203238193841	0.0
210.0	26.164383962283466	23.693330876611128	23.991354677569834	26.15093048353557	0.0
211.0	26.02897177401665	23.845998613706758	23.974976529528924	26.15005308274767	0.0
212.0	26.182670063202472	23.882696677848717	23.771851063269743	26.162782195679068	0.0
213.0	26.219827850944537	23.83618054885307	23.892335184681485	26.051656415520906	0.0
214.0	26.247473757790768	23.77314564316445	23.827545764833538	26.15183483421124	0.0
215.0	26.11148645684353	23.803256441079007	23.93516365561395	26.15009344646351	0.0
216.0	26.107684253320347	23.836598841205355	23.976402939980755	26.07931396549354	0.0
217.0	26.173059768064228	23.964259077814013	23.785554466884076	26.077126687237683	0.0
218.0	25.951360758105324	23.937643497462744	23.920679720975123	26.190316023456806	0.0
219.0	26.274488011184495	23.757684950658376	23.842797058806326	26.125029979350806	0.0
220.0	26.085773868891103	23.82077748106897	23.930751479238022	26.162697170801902	0.0
221.0	26.125844182053765	23.89068116607536	23.824287289521173	26.1591873623497	0.0
222.0	26.187126532259715	23.79137576521584	23.941128468515373	26.08036923400907	0.0
223.0	26.0366486786879	23.924596732915077	23.87838371429825	26.16037087409877	0.0
224.0	26.212538682484805	23.788631298152016	23.874917370117522	26.123912649245657	0.0
225.0	26.2494076903727	23.869931730831105	23.80996952164782	26.07069105714837	0.0
226.0	26.191061191061195	23.882063882063882	23.877676377676377	26.04919854919855	0.0
227.0	26.10170879670526	23.800888036083048	23.901801227338407	26.195601939873285	0.0
228.0	26.193415156372485	23.919491277539226	23.858358001146616	26.028735564941673	0.0
229.0	26.15889971802642	23.862453053153775	23.87444570546046	26.10420152335935	0.0
230.0	26.18668757093215	23.846657852554728	23.834372696533247	26.132281879979875	0.0
231.0	26.183254113345523	23.930968921389397	23.828592321755025	26.057184643510055	0.0
232.0	26.106478136617984	23.76204028981522	23.788658361438312	26.34282321212848	0.0
233.0	26.08777046178507	23.905063050466698	23.788644188270947	26.218522299477286	0.0
234.0	26.1724588802078	23.83061248965241	23.881801987322554	26.115126642817238	0.0
235.0	26.153459134214586	23.688729110784145	23.990896938247193	26.166914816754076	0.0
236.0	26.020072368170876	23.837619163232056	23.985339156328706	26.156969312268362	0.0
237.0	26.18155438353239	23.88587107550189	23.76827873480002	26.1642958061657	0.0
238.0	26.211405420426786	23.847245177048748	23.885565517543988	26.055783884980478	0.0
239.0	26.242412718842782	23.775284842988988	23.83525178803879	26.14705065012944	0.0
240.0	26.133252205658657	23.81614050689195	23.924668273618686	26.125939013830706	0.0
241.0	26.108210101364694	23.85156581391607	23.97150672107888	26.068717363640353	0.0
242.0	26.186157545828483	23.94958720722724	23.790145633056188	26.07410961388809	0.0
243.0	25.96027536329406	23.949760534576935	23.915237724654258	26.174726377474745	0.0
244.0	26.274890723652263	23.76782506421997	23.849745753289994	26.10753845883778	0.0
245.0	26.099856044380466	23.804758728040916	23.937595824116663	26.157789403461955	0.0
246.0	26.120516616826915	23.89499125122161	23.82301133537374	26.161480796577735	0.0
247.0	26.196509668055622	23.791200430731777	23.941020178847324	26.07126972236528	0.0
248.0	26.04803736239297	23.93089361901362	23.879976824079545	26.14109219451386	0.0
249.0	26.24241732580699	23.77879806749714	23.879168824784262	26.099615781911613	0.0
