# Position (bp)	A	C	G	T	N
0.0	26.223730328292348	23.677544579894715	23.73731026489604	26.361414826916903	0.0
1.0	26.2605951433399	23.790373256252355	23.6878778992641	26.261153701143648	0.0
2.0	26.325711030183875	23.730143658258672	23.658928930494426	26.285216381063027	0.0
3.0	26.34478868204845	23.842596471238753	23.61751087727529	26.19510396943751	0.0
4.0	26.266640230331227	23.701664092847388	23.689656039073647	26.34203963774774	0.0
5.0	26.31279128538358	23.80267570669429	23.635409132922476	26.249123874999654	0.0
6.0	26.275138362215806	23.811983759542944	23.67348192495211	26.23939595328914	0.0
7.0	26.269305194496955	23.715756054382638	23.863468191629273	26.151470559491134	0.0
8.0	26.297346951311447	23.70349067719473	23.738671074454007	26.260491297039824	0.0
9.0	26.32626679733197	23.635343289582792	23.713519112592728	26.324870800492505	0.0
10.0	26.25064912584386	23.669501415513132	23.682623529346074	26.397225929296937	0.0
11.0	26.36567701731561	23.72310664649025	23.63990686091118	26.271309475282962	0.0
12.0	26.25567461624797	23.811331922473435	23.64660751478332	26.286385946495276	0.0
13.0	26.28834030387465	23.735391178589175	23.647165902605995	26.32910261493017	0.0
14.0	26.307046295934377	23.65582091385751	23.78508769480755	26.25204509540056	0.0
15.0	26.22468409208932	23.661683985995634	23.725061003869627	26.388570918045417	0.0
16.0	26.213237141724417	23.643536381758587	23.773082356619966	26.37014411989703	0.0
17.0	26.24478605370574	23.862424408248508	23.642977993935908	26.249811544109846	0.0
18.0	26.263492045765467	23.618967317560738	23.743766995929352	26.373773640744442	0.0
19.0	26.445526475958616	23.583788884732	23.659729628616258	26.310955010693128	0.0
20.0	26.28834030387465	23.740416668993284	23.643536381758587	26.32770664537348	0.0
21.0	26.368748150340338	23.687928213661515	23.52711252073015	26.416211115267995	0.0
22.0	26.24268516036809	23.65122174573394	23.748101492003933	26.357991601894042	0.0
23.0	26.20918207808452	23.690587867417136	23.880717859376396	26.21951219512195	0.0
24.0	26.28177208969892	23.737492182614133	23.768482533726438	26.21225319396051	0.0
25.0	26.23989323684446	23.678582596265525	23.708735370320735	26.372788796569285	0.0
26.0	26.26613731796659	23.801148038952917	23.682491289198605	26.25022335388189	0.0
27.0	26.331189136067184	23.741121683194855	23.63391181988743	26.293777360850534	0.0
28.0	26.350732600732602	23.81957473420888	23.62330251049763	26.20639015456089	0.0
29.0	26.265299740909498	23.691425444474227	23.686120789779327	26.357154024836955	0.0
30.0	26.30773697846869	23.771274457250065	23.64368355222014	26.27730501206111	0.0
31.0	26.27925935852765	23.791097114267846	23.673557133922987	26.256086393281514	0.0
32.0	26.2675332797284	23.703151523273476	23.8648038952917	26.164511301706423	0.0
33.0	26.290706244974537	23.693100598588405	23.741959260251942	26.274233896185116	0.0
34.0	26.328118020191194	23.63586616635397	23.70454748503529	26.33146832841955	0.0
35.0	26.246314660948805	23.668252479228087	23.67997855802734	26.405454301795768	0.0
36.0	26.387585991244528	23.718786295005806	23.62916554989726	26.264462163852407	0.0
37.0	26.276746627356385	23.803939962476548	23.633353435182702	26.28595997498436	0.0
38.0	26.29712766907889	23.717669525596357	23.661272670419013	26.323930134905744	0.0
39.0	26.30075716965961	23.66266863218083	23.7922138836773	26.244360314482268	0.0
40.0	26.22732958098812	23.64647547574377	23.724928526757797	26.40126641651032	0.0
41.0	26.20136469221835	23.645079513981955	23.783558920754043	26.369996873045654	0.0
42.0	26.23291342803538	23.88462655230948	23.644241936924864	26.23821808273028	0.0
43.0	26.273117126775663	23.62302331814527	23.73888814437595	26.36497141070312	0.0
44.0	26.46548065755383	23.592591351737692	23.657084785133566	26.284843205574916	0.0
45.0	26.29266059144108	23.726603680871975	23.644521129277226	26.33621459840972	0.0
46.0	26.37865183596891	23.67383632627535	23.526981148932368	26.420530688823373	0.0
47.0	26.241980244459455	23.646901819765592	23.73959316317585	26.3715247725991	0.0
48.0	26.21099006639157	23.698831307338807	23.878071796704432	26.21210682956519	0.0
49.0	26.269061751419688	23.734567728894575	23.769745768863526	26.226624750822218	0.0
50.0	26.240584290492436	23.685150958461996	23.704135932413493	26.370128818632075	0.0
51.0	26.27380799490756	23.78593883488098	23.6854301492554	26.25482302095606	0.0
52.0	26.335788351043337	23.73903478158904	23.64048043151729	26.28469643585033	0.0
53.0	26.33662592342355	23.825025545957594	23.622891411532812	26.21545711908604	0.0
54.0	26.239188336525416	23.688501247982845	23.70078564289264	26.3715247725991	0.0
55.0	26.300051929487573	23.769466578070123	23.637688523583247	26.292792968859057	0.0
56.0	26.27129527776692	23.794872940269922	23.678171188626884	26.255660593336273	0.0
57.0	26.26626984348564	23.689618011156462	23.86215792148038	26.18195422387751	0.0
58.0	26.303960600595232	23.679008761007097	23.723958478745207	26.293072159652464	0.0
59.0	26.351981417060795	23.605860773135145	23.696039399404764	26.3461184103993	0.0
60.0	26.255102211749463	23.653602398807298	23.682079859734547	26.40921552970869	0.0
61.0	26.374037489739738	23.728983913026482	23.62791684581409	26.269061751419688	0.0
62.0	26.267944988246068	23.805202999625884	23.630708753748138	26.29614325837991	0.0
63.0	26.307869271702895	23.725354432712226	23.649414536906228	26.317361758678647	0.0
64.0	26.31819933105886	23.644668293418356	23.788172361228217	26.24896001429457	0.0
65.0	26.21657388225966	23.645226675005166	23.727867149852866	26.41033229288231	0.0
66.0	26.210152494011357	23.647181010558995	23.78342611774034	26.359240377689307	0.0
67.0	26.2447721523935	23.87723422432422	23.645226675005166	26.232766948277114	0.0
68.0	26.281066955536076	23.62763765502069	23.741826689523084	26.349468699920152	0.0
69.0	26.48766814265533	23.593017996638544	23.655556734361127	26.263757126345	0.0
70.0	26.308148462496302	23.721445761604564	23.64355153024474	26.326854245654395	0.0
71.0	26.387717838616553	23.670912227998368	23.517915673212762	26.42345426017232	0.0
72.0	26.237645876375005	23.65486626835669	23.752861689653244	26.354626165615052	0.0
73.0	26.223128036182924	23.694231950415993	23.876263331285948	26.206376682115142	0.0
74.0	26.29013345245407	23.731643307834048	23.757328717404658	26.22089452230722	0.0
75.0	26.25970182589759	23.674130325534648	23.694511139650455	26.3716567089173	0.0
76.0	26.273102909151824	23.799486291808588	23.662404377687196	26.265006421352393	0.0
77.0	26.338433190016193	23.73555195711653	23.633647886537496	26.292366966329777	0.0
78.0	26.332291026858005	23.829080350661677	23.62666815567592	26.211960466804403	0.0
79.0	26.242392093360877	23.687252219554413	23.70539951979452	26.364956167290188	0.0
80.0	26.292925344798707	23.76235412362499	23.64006923893015	26.304651292646152	0.0
81.0	26.266402367524712	23.786643587023285	23.6986989781674	26.248255067284603	0.0
82.0	26.274219666089678	23.6752470824725	23.85336981405997	26.197163437377856	0.0
83.0	26.29906750795689	23.685856273382097	23.72550114467586	26.289575073985148	0.0
84.0	26.354626165615052	23.606566530794574	23.707074655201296	26.331732648389078	0.0
85.0	26.263889664414542	23.65123680830867	23.685018705678708	26.39985482159808	0.0
86.0	26.366352113462504	23.713216818359484	23.63671896811659	26.283712100061425	0.0
87.0	26.268077502931487	23.80423250879446	23.629739237255013	26.297950751019037	0.0
88.0	26.31107264503881	23.70539951979452	23.657099782232397	26.326428052934283	0.0
89.0	26.323636160589647	23.647048969791726	23.790273047071306	26.23904182254732	0.0
90.0	26.223965603886313	23.644536266681556	23.721034116924454	26.410464012507678	0.0
91.0	26.213635602211177	23.639790049695684	23.781338991568486	26.365235356524654	0.0
92.0	26.256072365849576	23.864258194204034	23.642861131274778	26.236808308671616	0.0
93.0	26.2747780445586	23.623038695627898	23.758166285108047	26.344016974705454	0.0
94.0	26.48500753810933	23.593444636774805	23.65235356524652	26.269194259869337	0.0
95.0	26.314422915852365	23.726059523144787	23.634206265006423	26.32531129599643	0.0
96.0	26.388128873750627	23.66184599921827	23.5359316544754	26.4140934725557	0.0
97.0	26.240849623934203	23.645520992121323	23.755520936283787	26.35810844766069	0.0
98.0	26.234149119721263	23.68879508182991	23.875571636765667	26.201484161683165	0.0
99.0	26.2877531534248	23.734302672942807	23.751891496501777	26.226052677130625	0.0
100.0	26.270722705216905	23.66143468962706	23.69968340117594	26.368159203980102	0.0
101.0	26.26458057635504	23.80633309323193	23.663109815680297	26.265976514732735	0.0
102.0	26.351407943447747	23.737932112724817	23.618998162945097	26.291661780882347	0.0
103.0	26.33884449804848	23.826713793546297	23.625698667158037	26.208743041247185	0.0
104.0	26.248108503498223	23.691307770909763	23.707221468415497	26.35336225717652	0.0
105.0	26.303946038606075	23.752449871852857	23.642170740014855	26.30143334952622	0.0
106.0	26.28328615061617	23.77757676265139	23.694937210691773	26.244199876040675	0.0
107.0	26.274072957323373	23.68153620226589	23.857145250180075	26.187245590230663	0.0
108.0	26.29473284531328	23.66590169243569	23.741561552506827	26.29780390974421	0.0
109.0	26.350849568096667	23.593592084471023	23.723135165921235	26.33242318151108	0.0
110.0	26.266534890083815	23.65501337308966	23.690191020207603	26.388260716618927	0.0
111.0	26.377651584948435	23.715038723330597	23.640774801637157	26.266534890083815	0.0
112.0	26.285519652020483	23.797119899939137	23.633795109748675	26.28356533829171	0.0
113.0	26.322372425191666	23.69912502582486	23.65724687449397	26.321255674489507	0.0
114.0	26.32013892378735	23.648592056552257	23.78595239291757	26.24531662674283	0.0
115.0	26.22744861550832	23.65864281287167	23.71755141241045	26.396357159209565	0.0
116.0	26.21488517010905	23.64998799492995	23.7890234573485	26.3461033776125	0.0
117.0	26.25676332143994	23.869429507903803	23.637145361855147	26.236661808801117	0.0
118.0	26.27267701894568	23.615089535487545	23.77031788308737	26.34191556247941	0.0
119.0	26.48067183722242	23.59163777074225	23.659759563573825	26.267930828461513	0.0
120.0	26.321255674489507	23.730114857809717	23.633515922073137	26.315113545627643	0.0
121.0	26.3980322852628	23.64775449352564	23.533845921905623	26.42036729930594	0.0
122.0	26.246021553408898	23.641744374336927	23.76039979898375	26.351834273270423	0.0
123.0	26.243788039533193	23.681389245630687	23.868166843486517	26.2066558713496	0.0
124.0	26.29152939862639	23.73694790328885	23.75342006812217	26.218102629962587	0.0
125.0	26.275615612261994	23.673013568596797	23.70316600591881	26.348204813222402	0.0
126.0	26.264168853649007	23.810653861187113	23.66910491931431	26.256072365849576	0.0
127.0	26.344016974705454	23.732201686302975	23.62694734491038	26.296833994081187	0.0
128.0	26.344016974705454	23.82656764755151	23.6252722095036	26.204143168239437	0.0
129.0	26.250767770394773	23.671059243955554	23.71377519682841	26.364397788821265	0.0
130.0	26.295717237143336	23.753978446591102	23.641185995868	26.309118320397566	0.0
131.0	26.274219666089678	23.775196828410298	23.706237087497904	26.244346418002124	0.0
132.0	26.271706962979508	23.687252219554413	23.862024680328325	26.17901613713775	0.0
133.0	26.301580211067062	23.66435870232844	23.74783628343291	26.28622480317159	0.0
134.0	26.34457535317438	23.59204869060249	23.72354682003462	26.33982913618851	0.0
135.0	26.25160533809816	23.66715059467307	23.679993299458374	26.401250767770396	0.0
136.0	26.383103467530294	23.705957898263446	23.63141437266179	26.279524261544474	0.0
137.0	26.27533642302753	23.7955776425261	23.64314032050924	26.285945613937127	0.0
138.0	26.322519403651796	23.70539951979452	23.66268356692166	26.309397509632028	0.0
139.0	26.30855994192864	23.65486626835669	23.78524764085097	26.2513261488637	0.0
140.0	26.22284884694846	23.65654140376347	23.718800603048745	26.40180914623932	0.0
141.0	26.222569657714	23.642581942040312	23.79781115640181	26.337037243843874	0.0
142.0	26.272265341448435	23.85699927410799	23.63336869730303	26.237366687140547	0.0
143.0	26.278128315372157	23.606566530794574	23.772684125300128	26.34262102853314	0.0
144.0	26.478865374951145	23.58646490591323	23.667988162376457	26.26668155675917	0.0
145.0	26.319169132838237	23.72633871237925	23.64230275280585	26.31218940197666	0.0
146.0	26.406834552459657	23.65654140376347	23.531464626723995	26.405159417052875	0.0
147.0	26.247284869534145	23.63740933278984	23.756902992366925	26.358402805309094	0.0
148.0	26.243097007633075	23.68989720194987	23.854061388471653	26.212944401945403	0.0
149.0	26.30312302821502	23.73428853810117	23.743222643490107	26.219365790193706	0.0
150.0	26.266549034279045	23.666724366097302	23.70636945876073	26.360357140862924	0.0
151.0	26.260686027617552	23.804644618039074	23.681521478147737	26.253147876195637	0.0
152.0	26.348910318333342	23.72060818922435	23.628196036607495	26.302285455834806	0.0
153.0	26.341372166911427	23.817208203742275	23.637688523583247	26.203731105763055	0.0
154.0	26.254543830162657	23.667841129270922	23.711953274628815	26.36566176593761	0.0
155.0	26.305914936149065	23.746572933010963	23.643272339451336	26.30423979138864	0.0
156.0	26.279950192362456	23.762207617441607	23.71223246542222	26.245609724773715	0.0
157.0	26.27687909363501	23.678450379420287	23.867741737348467	26.176928789596232	0.0
158.0	26.298655975520553	23.66393245816326	23.742385071109894	26.29502649520629	0.0
159.0	26.366499338317816	23.59357637822535	23.708602985107962	26.331321298348865	0.0
160.0	26.256218974923083	23.663653267369856	23.67789199783348	26.402235759873584	0.0
161.0	26.384925930682513	23.70078564289264	23.65192725404687	26.26236117237798	0.0
162.0	26.270736896180114	23.80241109169184	23.6538815896007	26.272970422527347	0.0
163.0	26.337463495803764	23.699389688925617	23.659465405468787	26.303681409801833	0.0
164.0	26.329925344381845	23.636292569616224	23.785380453294174	26.248401632707758	0.0
165.0	26.229695849549667	23.644668293418356	23.72116657081116	26.404469286220817	0.0
166.0	26.219924171780512	23.644389102624952	23.796268894236945	26.339417831357594	0.0
167.0	26.276599902841603	23.872487980836343	23.61647002328451	26.23444209303754	0.0
168.0	26.28469643585033	23.605023200754932	23.782030163773317	26.328250199621415	0.0
169.0	26.4795716096466	23.584083891249602	23.676216853073054	26.260127646030746	0.0
170.0	26.33662592342355	23.704135932413493	23.647181010558995	26.31205713360396	0.0
171.0	26.410053102088902	23.641318003897503	23.54667232493341	26.401956569080177	0.0
172.0	26.25385285446261	23.642287590458324	23.752847761994104	26.351011793084965	0.0
173.0	26.235146966854284	23.69114625212186	23.858940855892076	26.21476592513178	0.0
174.0	26.293777360850534	23.743913606718483	23.755918877870098	26.20639015456089	0.0
175.0	26.26641651031895	23.65736397748593	23.713760832663272	26.36245867953185	0.0
176.0	26.263345394442954	23.79779773072456	23.697567676226214	26.24128919860627	0.0
177.0	26.344031984275883	23.721578218529437	23.630840704011437	26.303549093183236	0.0
178.0	26.356037255427502	23.79696015366747	23.64480032162959	26.20220226927544	0.0
179.0	26.259995086214598	23.669090056285178	23.714040025015635	26.35687483248459	0.0
180.0	26.30550343964978	23.75368533905119	23.651780130438667	26.28903109086036	0.0
181.0	26.282051282051285	23.757873224336638	23.707897793263648	26.252177700348433	0.0
182.0	26.276746627356385	23.6855624050746	23.877367551148037	26.160323416420976	0.0
183.0	26.293777360850534	23.659039131600107	23.752568569641742	26.294614937907625	0.0
184.0	26.3635754489413	23.59147458232824	23.722415795586528	26.32253417314393	0.0
185.0	26.275350665594566	23.662389439828463	23.6727195568659	26.38954033771107	0.0
186.0	26.368321718931476	23.70622263914947	23.654572053962298	26.270883587956757	0.0
187.0	26.261670240328776	23.806452693647813	23.649825783972126	26.282051282051285	0.0
188.0	26.31711198592847	23.70299020018427	23.662506630929446	26.31739118295781	0.0
189.0	26.32353351760337	23.6449172180808	23.785353323840635	26.246195940475193	0.0
190.0	26.22274339001033	23.6404500656113	23.738169025881565	26.398637518496805	0.0
191.0	26.21164869098107	23.6511255859664	23.791841281629623	26.345384441422905	0.0
192.0	26.273630604547016	23.874204635242023	23.620134629183433	26.232030131027535	0.0
193.0	26.300433594197152	23.596961211048413	23.77425181967172	26.328353375082713	0.0
194.0	26.47381543349648	23.574904584148822	23.681278949322806	26.270001033031892	0.0
195.0	26.336170913730665	23.7083611367818	23.65056719034869	26.304900759138842	0.0
196.0	26.412950311165957	23.63381532181735	23.551451968204955	26.401782398811736	0.0
197.0	26.25507095851935	23.647348862402175	23.754003020937162	26.34357715814131	0.0
198.0	26.238877395181575	23.69983834356599	23.85674838832165	26.204535872930784	0.0
199.0	26.28773728456279	23.764054198181295	23.754840619040838	26.19336789821508	0.0
200.0	26.25730455346249	23.675268799191436	23.720499096790046	26.346927550556025	0.0
201.0	26.262888540820345	23.79560372675316	23.70877272333855	26.23273500908794	0.0
202.0	26.364385129758634	23.707229908003296	23.625982438261694	26.302402523976383	0.0
203.0	26.347074672287913	23.799087012968883	23.651668923540825	26.20216939120238	0.0
204.0	26.27252802479304	23.672888193988804	23.71225552468834	26.34232825652981	0.0
205.0	26.323768786837277	23.75650192789317	23.649288173261894	26.27044111200766	0.0
206.0	26.293129924447594	23.76606116785142	23.699052384116683	26.241756523584296	0.0
207.0	26.296480363634334	23.680624968589633	23.869366376109134	26.1535282916669	0.0
208.0	26.30736929099123	23.663314366124826	23.744562516403192	26.284753826480756	0.0
209.0	26.351836185402654	23.58799534287653	23.72759736543063	26.332571106290185	0.0
210.0	26.269470992095734	23.664218047191067	23.681807902032883	26.384503058680313	0.0
211.0	26.38478226272542	23.70889069440838	23.64634898830414	26.259978054562055	0.0
212.0	26.251601933208807	23.81917629222612	23.660309190559552	26.268912584005516	0.0
213.0	26.332791672948808	23.721095159119717	23.650455944024703	26.295657223906765	0.0
214.0	26.30710468564153	23.65017673764093	23.808207550857443	26.234511025860098	0.0
215.0	26.218037849217385	23.657715310002846	23.753762306021365	26.370484534758404	0.0
216.0	26.191307164176603	23.666715993265523	23.806319574935014	26.335657267622857	0.0
217.0	26.27199803438157	23.87891343740315	23.62623095458137	26.222857573633906	0.0
218.0	26.286796014038536	23.61813394684454	23.771139472354303	26.32393056676262	0.0
219.0	26.457391590838654	23.578486529650405	23.686539701862593	26.277582177648352	0.0
220.0	26.32420977392596	23.70831786060303	23.658339778365352	26.309132587105655	0.0
221.0	26.40322540115089	23.62902302621476	23.562292514176743	26.405459058457602	0.0
222.0	26.25176250506066	23.63920648881071	23.752844438860272	26.356186567268363	0.0
223.0	26.244782286998646	23.68360067568511	23.87234577208192	26.199271265234326	0.0
224.0	26.278845751141265	23.756194943530033	23.758428613309878	26.20653069201882	0.0
225.0	26.25343775739554	23.673828370398294	23.71961860088509	26.353115271321077	0.0
226.0	26.261814019069956	23.79472574723234	23.70063240775642	26.242827825941283	0.0
227.0	26.348368723038906	23.720735435775016	23.636135192863424	26.29476064832265	0.0
228.0	26.34613505325906	23.80896539207885	23.653725342379698	26.19117421228239	0.0
229.0	26.261814019069956	23.672153118063406	23.722410688109896	26.343622174756735	0.0
230.0	26.317376554843573	23.75368206502771	23.656517429604502	26.272423950524214	0.0
231.0	26.281152800192096	23.78111091876679	23.693997554124763	26.243738726916355	0.0
232.0	26.289249875751768	23.685900478565085	23.869899540421162	26.15495010526198	0.0
233.0	26.29736144073712	23.663548792405418	23.743682814463213	26.295406952394245	0.0
234.0	26.341271370295605	23.59967499560239	23.731742933806878	26.327310700295133	0.0
235.0	26.274818581093346	23.669199132204753	23.668640705404734	26.387341581297168	0.0
236.0	26.37114720409662	23.702146313405873	23.661101943604475	26.26560453889303	0.0
237.0	26.245501174092347	23.818299087809823	23.677017107405018	26.259182630692813	0.0
238.0	26.32753123028039	23.724123681403672	23.65655347260614	26.29179161570979	0.0
239.0	26.310087562544677	23.65668557898499	23.803833095067905	26.22939376340243	0.0
240.0	26.213665428754922	23.65453885460587	23.745567252115155	26.386228464524052	0.0
241.0	26.19223143726788	23.654742956074948	23.811677976040883	26.34134763061629	0.0
242.0	26.266346827814814	23.879004850641028	23.63354063284529	26.221107688698876	0.0
243.0	26.27708891867739	23.62237488829312	23.781277926720286	26.319258266309202	0.0
244.0	26.456542502387776	23.55937599490608	23.71800242407994	26.266079078626202	0.0
245.0	26.324638328771716	23.719488353907167	23.67061386359828	26.285259453722844	0.0
246.0	26.3982683982684	23.641390867197316	23.57631615696132	26.384024577572962	0.0
247.0	26.239760022120866	23.66038884683814	23.76205545298897	26.33779567805202	0.0
248.0	26.260721896829587	23.68942180661343	23.863988671308746	26.185867625248232	0.0
249.0	26.273011404104135	23.778800041337433	23.76399677121127	26.18419178334716	0.0
