# Position (bp)	A	C	G	T	N
0.0	27.47989927231706	18.588273201606555	23.76448849779342	30.13617802612325	0.031161002159720834
1.0	27.400256744327322	19.513355596366175	21.456724761940272	31.629662897366234	0.0
2.0	28.568902273004028	19.14530095788245	22.401636103179303	29.884160665934218	0.0
3.0	28.757949277860785	19.875862653991604	21.496947532029704	29.869240536117907	0.0
4.0	28.585433129311127	20.585434497516367	21.294609476599927	29.53452289657258	0.0
5.0	28.420427577818387	20.47310484761956	22.26750601497227	28.838961559589787	0.0
6.0	28.0797006641608	20.819185240901525	22.603016412642347	28.498097682295327	0.0
7.0	27.481229098548642	21.52588248292054	22.3966074017775	28.596281016753316	0.0
8.0	27.571393731095274	21.591145805719844	22.40054098779528	28.436919475389605	0.0
9.0	27.47079654432758	21.765489179046916	22.266388602041154	28.49732567458435	0.0
10.0	27.503051949673356	21.773732607136346	22.081339033726564	28.64187640946373	0.0
11.0	27.92339837204267	21.37096760401171	22.071522171230026	28.634111852715595	0.0
12.0	27.975663758435402	21.323696161606765	21.83106034770848	28.86957973224935	0.0
13.0	27.81814929224526	21.530123914800576	21.702414982379246	28.949209195287494	1.0261528742028929E-4
14.0	27.93523333519181	21.48603354630566	21.9697278061091	28.609005312393432	0.0
15.0	27.91125556303127	21.582697147055573	22.12611350413762	28.379933785775535	0.0
16.0	27.74187192859618	21.815941695361893	22.17143525608158	28.270751119960348	0.0
17.0	27.74395843944039	21.765728614717563	22.408510775118256	28.08180217072379	0.0
18.0	27.687041160017937	21.94650254605631	22.236253912635394	28.13020238129036	0.0
19.0	27.67028066307262	22.087495950971782	22.08140744391818	28.160815942037416	0.0
20.0	28.02392714861875	21.7573141611491	22.123719147431146	28.095039542801008	0.0
21.0	28.04701558828831	21.609992813509372	21.913563038794393	28.42942855940792	0.0
22.0	27.98024724127351	21.689519661260096	21.758716570077176	28.571448117197605	6.84101916135262E-5
23.0	28.188795710407344	21.55177574044626	21.852883198833194	28.406442735025777	1.0261528742028929E-4
24.0	28.122814080596097	21.621280495125603	21.865915340335572	28.38992167375111	6.84101916135262E-5
25.0	27.985754261698396	21.84730776821669	21.9323074312965	28.2345963336926	3.42050958067631E-5
26.0	28.168204242731676	21.717294199055186	22.171059000027707	27.943374147993822	6.84101916135262E-5
27.0	28.0034382962305	21.81488133739188	22.116843923173988	28.06483644320363	0.0
28.0	27.951617576083247	22.016554582268558	21.991755887808655	28.04007195383954	0.0
29.0	28.21465476283726	21.836806803804016	21.98977199225186	27.958766441106864	0.0
30.0	28.15284615471444	21.84970212492317	21.813273697888963	28.184143817377628	3.42050958067631E-5
31.0	28.08166535034056	21.88568588571188	21.706040722534762	28.326608041412793	0.0
32.0	28.307111136802938	21.681584079032927	21.724032602929118	28.287237976139206	3.42050958067631E-5
33.0	28.33970859310678	21.6420087831845	21.556564453859206	28.461615554562087	1.0261528742028929E-4
34.0	28.23969289296781	21.777631988058317	21.515997210232385	28.466643703645683	3.42050958067631E-5
35.0	28.480847041444633	21.682295501020736	21.62562801024554	28.21122944728909	0.0
36.0	28.412301961257963	21.745007740031834	21.562832342916114	28.279857955794085	0.0
37.0	28.306885593405003	21.886665492890227	21.561901308644515	28.244547605060255	0.0
38.0	28.53818650146998	21.736407056477976	21.671519741069382	28.05385155075763	3.515022503174065E-5
39.0	28.524980661060116	21.838868059306794	21.453827194823372	28.182288616786096	3.54680236259599E-5
40.0	28.396697376253687	21.936115176352686	21.447247491190783	28.219904139096446	3.581710639328186E-5
41.0	28.658961475128258	21.696597314151077	21.490230232686937	28.154210978033724	0.0
42.0	28.641451684548937	21.67892040629414	21.329856364467975	28.34973492445796	3.662023099309306E-5
43.0	28.54063988032883	21.861904244521963	21.238295516447184	28.359160358702024	0.0
44.0	28.715634148898555	21.676954705448445	21.340562705054637	28.26681086329716	3.7577301205742866E-5
45.0	28.703840277039326	21.68017218149796	21.266259690831	28.349689737142704	3.811348901169055E-5
46.0	28.643974820422198	21.816459261139084	21.247705953534147	28.291589166839458	2.7079806510913937E-4
47.0	28.833348396197874	21.65272369336199	21.38363544200339	28.129978113002917	3.143554338301459E-4
48.0	28.769214977287717	21.69495600730276	21.259083017169313	28.276666116816195	7.988142401419333E-5
49.0	28.683048770976587	21.908999623038827	21.172909815289024	28.234960549063448	8.124163211189248E-5
50.0	28.896162555281173	21.75017808630912	21.273489718538876	28.080086953250227	8.268662060195032E-5
51.0	28.843886632039183	21.73872585676078	21.18680820819607	28.230495092193998	8.421080997325465E-5
52.0	28.70341448345104	21.884273124351044	21.10526631941167	28.306788634978936	2.574378073163825E-4
53.0	28.96757283557907	21.643553147970263	21.211465075140808	28.177190228983058	2.1871232680170842E-4
54.0	28.88074899334609	21.710526315789476	21.14687151954765	28.2616746865808	1.7848473598537854E-4
55.0	28.761295293889404	21.855921188655202	21.05631320514467	28.326197066616388	2.732456943309716E-4
56.0	29.00529120703597	21.613783271155413	21.20937490845361	28.17141111409226	1.3949926274639638E-4
57.0	28.909285743137445	21.632091543489572	21.157884482418606	28.300453107959445	2.8512299493193877E-4
58.0	28.830003304114594	21.863569221200756	21.07339993391771	28.23278459116441	2.4294960253445024E-4
59.0	29.060975336963736	21.681003521870643	21.1694002381053	28.088521485399276	9.94176610503973E-5
60.0	29.034731394404634	21.713990040112257	21.05171041840076	28.199466390975452	1.0175610689275517E-4
61.0	28.87955309032125	21.871921387574737	21.017737496307618	28.230735928706174	5.209709022121988E-5
62.0	29.180698723009474	21.658075284951497	21.12353600880543	28.037476466446638	2.135167869566865E-4
63.0	29.060076416729398	21.666451480191174	21.029043609180512	28.244209660195025	2.188337038917386E-4
64.0	28.91787443950214	21.840452796990927	21.00873905374047	28.232597074414368	3.366353520981359E-4
65.0	29.133731794907813	21.6665496075449	21.12412450331431	28.075536524173096	5.7570059884376286E-5
66.0	29.070915078260008	21.710148387874604	21.030913943543105	28.187845290806667	1.7729951561772333E-4
67.0	28.9898698594166	21.78717901236442	20.991460567737157	28.23118699019164	3.035702901828404E-4
68.0	29.183700209643604	21.607766796446043	21.13918837975442	28.069157432364978	1.8718179095537587E-4
69.0	29.068065178342316	21.712278675904543	20.992750833974853	28.22677700795484	1.2830382345393893E-4
70.0	29.02930717221825	21.81220810969927	20.981913031540653	28.176373682946082	1.9800359574529872E-4
71.0	29.203647432931916	21.708516496393802	21.036527996011003	28.050968412056935	3.3966260633987047E-4
72.0	29.150682746321454	21.69850857167245	20.96780174364952	28.182797045548842	2.098928077430856E-4
73.0	29.010507558998246	21.833045361197794	20.976697684040865	28.179605229487482	1.4416627561564407E-4
74.0	29.272290566856103	21.64144962582922	21.06467108918009	28.021291639310657	2.9707882392435186E-4
75.0	29.193691624559793	21.754555198285104	21.014316337467463	28.03736028173327	7.65579543714592E-5
76.0	29.091171786857124	21.873428355099175	20.946922714349668	28.088398191359932	7.895233410732938E-5
77.0	29.319800891896097	21.616054455691604	21.066136059377172	27.99768266718163	3.259258534979585E-4
78.0	29.129179391383552	21.722447956573777	20.947484311906468	28.200804232946634	8.410718956667135E-5
79.0	29.094695034869538	21.927936286211676	20.926327457459855	28.05095435165591	8.686980301403469E-5
80.0	29.299758159643364	21.63708146985793	21.07862235380508	27.984538016693627	0.0
81.0	29.259424540126606	21.73649233521145	20.961617143742505	28.042465980919438	0.0
82.0	29.079487474584724	21.94153527448498	20.84676027160778	28.132216979322518	0.0
83.0	29.384961989803767	21.59294616470523	21.112697280507607	27.909394564983398	0.0
84.0	29.232909339164536	21.815064625745585	20.870163335283912	28.08186269980597	0.0
85.0	29.126061988922807	21.860453752626423	20.88487923228744	28.128605026163328	0.0
86.0	29.33901107841973	21.6511859054706	21.04921738595033	27.960585630159336	0.0
87.0	29.158439405223085	21.863562967872117	20.918196538742713	28.05980108816208	0.0
88.0	29.037695697717215	21.90363509394434	20.94390234695707	28.114766861381373	0.0
89.0	29.386850571565475	21.63954705025278	21.021043779275004	27.95255859890674	0.0
90.0	29.13139069994361	21.788540617258136	20.942170857964733	28.13789782483352	0.0
91.0	29.042264188654336	21.98376861599312	20.891989764655452	28.08197743069709	0.0
92.0	29.451081084030957	21.65319631962105	21.003372589253555	27.89235000709444	0.0
93.0	29.309121600092897	21.755865180504674	20.919226406517513	28.015645201718026	1.416111668901763E-4
94.0	29.11959898333804	22.017968088110702	20.844658994634287	28.017773933916974	0.0
95.0	29.385410665961736	21.69819249217266	21.074908661949127	27.841488179916478	0.0
96.0	29.274058597334633	21.77998850534565	20.915666705828933	28.030286191490784	0.0
97.0	29.186781215828635	21.913712088850918	20.771738969090528	28.127767726229923	0.0
98.0	29.28128670513293	21.801798712266052	20.969829988254357	27.94708459434666	0.0
99.0	29.18251391052352	21.84388845916669	20.939392535190684	28.03420509511911	0.0
100.0	29.00034124375932	22.014302564521035	20.92046794905082	28.06488824266882	0.0
101.0	29.249390842672458	21.810243875147346	21.03005947844943	27.91030580373076	0.0
102.0	29.11301687484191	21.843545362931557	21.01144662723984	28.03199113498669	0.0
103.0	29.126248075263717	22.035070418709797	20.794255354266387	28.044426151760106	0.0
104.0	29.317162449484123	21.815241921268136	21.107529993971827	27.760065635275915	0.0
105.0	29.168423199836813	21.899095668729178	20.923596473334694	28.00888465809932	0.0
106.0	29.1117531306326	22.07116652532263	20.837103163822857	27.979977180221915	0.0
107.0	29.406913597266467	21.783345724174943	21.010107972644963	27.79963270591363	0.0
108.0	29.182624845762543	21.87824668245169	21.011438583349793	27.927689888435975	0.0
109.0	29.02070596038534	22.16275922567946	20.849580906226763	27.966953907708437	0.0
110.0	29.037125461244322	21.878669385091246	21.13956283939633	27.944642314268105	0.0
111.0	29.154256928124344	21.965528073155408	20.891407031668102	27.988807967052143	0.0
112.0	29.084244415920963	22.03135762684606	20.819716403734756	28.06468155349822	0.0
113.0	29.18877169880601	21.69912255156434	21.192342268197876	27.919763481431776	0.0
114.0	29.213583350123702	21.787397647587305	21.037611518300398	27.961407483988598	0.0
115.0	29.079547688264935	22.128996437648503	20.889587794894076	27.90186807919249	0.0
116.0	29.305521048253812	21.796852213928467	21.037451524742636	27.860175213075088	0.0
117.0	29.108683237654414	22.089432238285596	21.058880105797844	27.743004418262153	0.0
118.0	28.95273015636225	22.17376113438203	20.93126420627412	27.942244502981602	0.0
119.0	29.21067202592129	21.9814203391916	20.960974509361606	27.846933125525503	0.0
120.0	29.13259132762956	21.955960216594725	20.986261166556538	27.925187289219178	0.0
121.0	29.025632746775727	22.184702864625375	20.987820409334695	27.801843979264202	0.0
122.0	29.3448655743853	21.90703888615428	21.170100555516488	27.57799498394393	0.0
123.0	29.15479349260144	21.921026430789002	20.99062734500297	27.933552731606593	0.0
124.0	29.209514372699314	22.1738483101361	20.888288778564423	27.728348538600155	0.0
125.0	29.187949490554992	21.944001332022793	21.066907290139273	27.80114188728294	0.0
126.0	29.338562062126737	21.90897292559736	20.978026978892192	27.76320151018872	0.011236523194993004
127.0	29.066713772596124	22.263439910498732	21.01101101101101	27.648236471765884	0.010598834128245893
128.0	29.21218701228201	21.886161609307432	21.1594810834819	27.73291714731628	0.009253147612379478
129.0	29.187966523410992	21.89937635311985	21.136135974407857	27.76811968849969	0.008401460561605324
130.0	28.731623746419547	22.29866533041706	21.01207364721656	27.95289720132451	0.004740074622317626
131.0	29.311114733880057	21.870104831907458	21.12444447594678	27.689374339927557	0.004961618338141378
132.0	28.893229553489203	21.913341849618252	21.09711535605003	28.092599744511453	0.0037134963310656247
133.0	28.913084083055757	22.321234006786415	21.07368552127759	27.68966161317436	0.002334775705880522
134.0	29.09127970973134	22.05226466631334	21.19042765705899	27.66113579844266	0.004892168453667088
135.0	29.25720839074656	21.758256806141574	21.162585691911367	27.81852571399228	0.003423397208219577
136.0	28.980591671377425	22.024818972246898	21.268405609841448	27.72438917153445	0.0017945749997756782
137.0	29.15693733052124	21.984219644471224	21.0313724013257	27.824645977704126	0.002824645977704128
138.0	29.058766659761066	22.099894442964676	21.35310308088431	27.485276273343395	0.0029595430465536123
139.0	29.199801192842944	22.185636182902584	20.87268058316766	27.738775679257788	0.0031063618290258447
140.0	28.99556018714517	22.085083748548104	21.133074977475278	27.784110029200725	0.0021710576307248076
141.0	28.9336978810663	22.16564137616769	21.093643198906356	27.79904306220096	0.007974481658692184
142.0	28.90599782418975	22.502899087833395	21.047975420517172	27.534759166497302	0.00836850096237761
143.0	29.127345189307064	21.923525209610105	21.319447055432317	27.62341617475655	0.006266370893960471
144.0	28.969198206843966	21.814978900180105	21.303587626697517	27.906976744186046	0.00525852209236594
145.0	28.743811454497813	22.525616096424088	21.02243735606029	27.702618840759584	0.005516252258215768
146.0	29.40614136732329	22.003186558516802	21.038528389339515	27.547798377752024	0.004345307068366165
147.0	29.23222200222368	22.13320742647395	21.033553162648307	27.594925141264447	0.0060922673896157305
148.0	29.017542736410785	22.17651578206031	21.180933478455728	27.61700492989308	0.008003073180101159
149.0	29.139719752088382	22.15878469415252	21.33521961735381	27.35785502559957	0.008420910805712747
150.0	28.887315216429137	22.122687439143135	21.23395591750022	27.7454191378242	0.010622289103301761
151.0	29.029913335197094	22.37256546454198	20.91696952753704	27.66936911751002	0.011182555213866368
152.0	29.19294809010774	22.092066601371204	21.01469147894221	27.688540646425075	0.011753183153770812
153.0	28.976452637222156	22.044208008577673	20.99055631160048	27.976411398408178	0.012371644191513053
154.0	28.54385356120413	22.90491888609352	20.981174633469244	27.55920881408866	0.01084410514444348
155.0	28.919583124744	22.45255540891094	21.285213671323895	27.33582123515223	0.0068265598689300514
156.0	29.08064400373197	22.10712662376498	21.171742302815723	27.635702495155616	0.004784574531709768
157.0	29.229607250755286	22.877643504531722	20.838368580060422	27.04934541792548	0.005035246727089627
158.0	28.99698141185193	22.46200285971509	21.389609701848222	27.151406026584755	0.0
159.0	28.74271533335192	22.176058890778798	21.306081476730892	27.772355909990797	0.0027883891475894377
160.0	28.887262079062957	22.29575402635432	20.922401171303072	27.891654465592975	0.0029282576866764276
161.0	28.650231124807394	22.09553158705701	21.7442218798151	27.503852080123263	0.006163328197226502
162.0	28.814711691002685	22.277981027616796	21.25813449023861	27.645935183086735	0.003237608055168841
163.0	28.448745910577973	22.386177753544164	21.418347873500547	27.74332061068702	0.0034078516902944387
164.0	29.212717094875845	22.244150997559924	21.28606286780537	27.257069039758864	0.0
165.0	29.430188679245283	21.89433962264151	21.20754716981132	27.467924528301886	0.0
166.0	28.946635361534483	22.507859445262447	21.039436507620675	27.506068685582395	0.0
167.0	28.76775464029832	22.353039762014497	21.43545481208363	27.443750785603555	0.0
168.0	29.094130675526024	22.573643410852714	21.196013289036543	27.136212624584715	0.0
169.0	29.084799551967144	22.99901992812806	20.982872077285666	26.928641433705135	0.004667008913987025
170.0	29.134672179562905	22.533963378617837	21.032683599133687	27.29868084268557	0.0
171.0	28.9909872578473	22.360924065057493	21.299078006837252	27.34901067025795	0.0
172.0	28.813002791003118	22.43200350243529	21.764351775844144	26.99064193071745	0.0
173.0	29.311937196952204	22.096513507273148	21.363426460401755	27.20503347956592	0.023089355806972987
174.0	28.406746754034707	22.588278121587184	21.72673219269506	27.260041257128993	0.018201674554058973
175.0	28.992989165073297	22.077756532823454	21.300191204588913	27.609942638623323	0.019120458891013385
176.0	28.920940891015707	21.641841342589473	21.88447799420368	27.519040237244724	0.03369953494641774
177.0	28.369905956112852	22.363921345112566	21.858079224850385	27.400968937019094	0.007124536905101168
178.0	28.48731884057971	22.252415458937197	21.85235507246377	27.407910628019323	0.0
179.0	28.71019108280255	22.64331210191083	21.528662420382165	27.11783439490446	0.0
180.0	28.548671082418043	21.74058858053157	21.38844638215813	28.322293954892263	0.0
181.0	28.462897526501767	23.418727915194346	21.051236749116608	27.06713780918728	0.0
182.0	29.911504424778762	22.058686539357243	20.838379133674895	27.1914299021891	0.0
183.0	29.192975532754538	22.48421468034728	21.0043409629045	27.318468823993687	0.0
184.0	28.00208116545265	22.206035379812693	21.810613943808534	27.981269510926122	0.0
185.0	28.698419666374015	23.397717295873573	20.961369622475857	26.9315188762072	0.010974539069359086
186.0	30.77631882054826	21.941948859709743	19.684404515088687	27.585809721262383	0.01151808339092375
187.0	28.604453096483756	22.192480837084805	21.35296264752403	27.83793648862392	0.012166930283489474
188.0	28.867705783846453	23.00656962514492	21.10009017132552	27.012752801751898	0.01288161793121216
189.0	27.867066194497415	22.841187687278673	21.45192045764097	27.826205393625713	0.013620266957232362
190.0	28.794675155549125	23.26725510056432	20.518014759079726	27.42005498480683	0.0
191.0	29.673182651191205	22.495418448381184	20.876603543066587	26.95479535736103	0.0
192.0	29.36341659951652	21.35374697824335	21.62771958098308	27.655116841257048	0.0
193.0	29.499230900700734	22.83370364040335	20.953683131088702	26.71338232780721	0.0
194.0	28.308690948431302	22.91741795888929	20.519293184276957	28.254597908402452	0.0
195.0	28.369336646912636	21.83138979162684	22.022557828331102	27.77671573312942	0.0
196.0	28.251663641863278	22.82718289977818	20.830812663843517	28.090340794515022	0.0
197.0	28.84739214423696	22.730199613651	21.914573942906205	26.50783429920584	0.0
198.0	28.14139110604333	24.03648802736602	20.296465222348917	27.52565564424173	0.0
199.0	28.14778804083617	22.654350996596985	21.463296062226544	27.734564900340303	0.0
200.0	29.667782642286895	21.86453772856039	21.117692505794487	27.349987123358225	0.0
201.0	29.723876556578233	22.33351380617217	20.817541959935028	27.12506767731456	0.0
202.0	28.848379629629626	22.42476851851852	20.19675925925926	28.53009259259259	0.0
203.0	29.353846153846153	23.046153846153846	21.630769230769232	25.969230769230766	0.0
204.0	29.853181076672104	23.099510603588907	20.0326264274062	27.01468189233279	0.0
205.0	28.606356968215156	22.59867272092211	21.795319594830598	26.999650716032136	0.0
206.0	28.109914593390272	22.948384701076865	21.574452283698477	27.367248421834383	0.0
207.0	28.180737217598097	23.42449464922711	21.997621878715815	26.397146254458974	0.0
208.0	27.922624053826745	23.002523128679563	21.909167367535744	27.165685449957948	0.0
209.0	27.96271637816245	23.03595206391478	20.949844651575678	28.051486906347094	0.0
210.0	28.53107344632768	24.199623352165727	19.16195856873823	28.10734463276836	0.0
211.0	29.441368897835936	22.596879718168093	22.244589833920482	25.71716155007549	0.0
212.0	29.53813104189044	23.523093447905477	20.730397422126746	26.20837808807734	0.0
213.0	28.18443804034582	22.997118155619596	21.32564841498559	27.49279538904899	0.0
214.0	28.431970713849907	24.10006101281269	22.696766320927395	24.771201952410006	0.0
215.0	29.742233972240584	21.943159286186383	19.89424983476537	28.420356906807665	0.0
216.0	27.977044476327116	22.23816355810617	21.44906743185079	28.33572453371593	0.0
217.0	29.398148148148145	23.30246913580247	20.833333333333336	26.46604938271605	0.0
218.0	29.68227424749164	24.83277591973244	20.819397993311036	24.665551839464882	0.0
219.0	27.982062780269057	23.856502242152466	20.986547085201792	27.17488789237668	0.0
220.0	28.391472868217054	23.449612403100776	21.41472868217054	26.744186046511626	0.0
221.0	29.25531914893617	22.340425531914892	23.085106382978722	25.319148936170212	0.0
222.0	29.304446978335235	23.48916761687571	21.664766248574686	25.541619156214367	0.0
223.0	29.161451814768462	24.405506883604506	19.899874843554443	26.533166458072593	0.0
224.0	31.053351573187417	21.06703146374829	22.43502051983584	25.444596443228455	0.0
225.0	32.28699551569507	19.43198804185351	21.823617339312406	26.45739910313901	0.0
226.0	28.24302134646962	25.12315270935961	22.495894909688012	24.137931034482758	0.0
227.0	28.804347826086957	22.82608695652174	20.28985507246377	28.07971014492754	0.0
228.0	26.1758691206544	25.153374233128833	24.539877300613497	24.130879345603272	0.0
229.0	28.767123287671232	23.515981735159816	18.72146118721461	28.99543378995434	0.0
230.0	29.015544041450774	26.42487046632124	18.911917098445596	25.647668393782386	0.0
231.0	27.380952380952383	22.321428571428573	25.0	25.297619047619047	0.0
232.0	27.45762711864407	26.440677966101696	21.694915254237287	24.40677966101695	0.0
233.0	28.063241106719367	25.691699604743086	16.600790513833992	29.64426877470356	0.0
234.0	25.116279069767444	26.51162790697674	23.72093023255814	24.651162790697676	0.0
235.0	29.347826086956523	21.73913043478261	20.108695652173914	28.804347826086957	0.0
236.0	33.088235294117645	18.38235294117647	14.705882352941178	33.82352941176471	0.0
237.0	20.18348623853211	24.770642201834864	21.100917431192663	33.94495412844037	0.0
238.0	22.535211267605636	16.901408450704224	21.12676056338028	39.436619718309856	0.0
239.0	25.53191489361702	17.02127659574468	25.53191489361702	31.914893617021278	0.0
240.0	18.181818181818183	45.45454545454545	13.636363636363635	22.727272727272727	0.0
