# Position (bp)	A	C	G	T	N
0.0	26.320482765582764	23.735881013538524	23.754108106289188	26.18952811458953	0.0
1.0	26.36394737137281	23.729151010061354	23.64951263558153	26.25738898298431	0.0
2.0	26.140986925300652	23.730453142217847	23.809804201961065	26.318755730520436	0.0
3.0	26.244543076401133	23.925227880007963	23.72980202267164	26.10042702091926	0.0
4.0	26.2932569243321	23.710247647030787	23.780339074288502	26.216156354348612	0.0
5.0	26.167246996024602	23.82013714836807	23.71977100820311	26.29284484740422	0.0
6.0	26.31244007602985	23.891651855049872	23.635415556963515	26.16049251195676	0.0
7.0	26.2561954742201	23.75389670098006	23.82201888358115	26.167888941218685	0.0
8.0	26.07552427165415	23.80968399335077	23.812487210322566	26.302304524672515	0.0
9.0	26.251454038372597	23.703558364749906	23.72934564769526	26.315641949182233	0.0
10.0	26.274661487018648	23.704737640177026	23.75462818928138	26.265972683522946	0.0
11.0	26.32707459197659	23.61532704936642	23.659051350828662	26.398547007828334	0.0
12.0	25.973356204506402	23.735568878387582	23.957273509519844	26.333801407586165	0.0
13.0	26.041184928569628	23.77284664822398	23.750984497492862	26.434983925713535	0.0
14.0	26.212718726613804	23.797791922776156	23.849364175782902	26.140125174827133	0.0
15.0	26.17936493254966	23.734728026436386	23.772566364240248	26.313340676773706	0.0
16.0	26.266533251490408	23.759112733021098	23.756590177167507	26.217763838320984	0.0
17.0	26.293086534634597	23.799687203950874	23.734941785179746	26.172284476234786	0.0
18.0	26.32559938561923	23.842009966870524	23.768015202560665	26.06437544494958	0.0
19.0	26.198631096860268	23.730176970811307	23.773340583325393	26.297851349003032	0.0
20.0	26.14761955479817	23.796323805573152	23.73970659954818	26.3163500400805	0.0
21.0	26.35671082061315	23.651977958529297	23.613018593987363	26.37829262687019	0.0
22.0	26.307380977739907	23.77390114972168	23.7049514829784	26.21376638956001	0.0
23.0	26.342976943904123	23.921610395143254	23.567892999086276	26.16751966186635	0.0
24.0	26.305979561749194	23.679445711947352	23.757644724229362	26.256930002074096	0.0
25.0	26.32055428805265	23.72204875806515	23.755402458644216	26.20199449523799	0.0
26.0	26.367081298944456	23.73354036918903	23.643289179386855	26.256089152479667	0.0
27.0	26.129681430116992	23.725692439641012	23.827154957368926	26.31747117287307	0.0
28.0	26.24235527577064	23.93057945748384	23.7326995195946	26.09436574715092	0.0
29.0	26.286079454681012	23.717003660498566	23.77950681368455	26.217410071135877	0.0
30.0	26.167239378668206	23.82014787741534	23.722609324461434	26.290003419455015	0.0
31.0	26.307661260938055	23.885453862582754	23.645531444971997	26.161353431507195	0.0
32.0	26.249082072526082	23.762970104994086	23.82323099259492	26.164716829884917	0.0
33.0	26.083081312730705	23.809430382052955	23.81895998407996	26.28852832113638	0.0
34.0	26.238918334113453	23.690030074302868	23.7525330523035	26.318518539280177	0.0
35.0	26.271431093970282	23.703203347693137	23.761221807092827	26.26414375124375	0.0
36.0	26.32076079858065	23.61799749427523	23.657517314446036	26.40372439269808	0.0
37.0	25.98526275074765	23.722823116572258	23.960222320009642	26.33169181267045	0.0
38.0	26.057855895600408	23.759820395030033	23.75057107541559	26.43175263395397	0.0
39.0	26.21173094009524	23.791772590061747	23.848950202223758	26.147546267619255	0.0
40.0	26.18118015712632	23.731511871361587	23.78560637698545	26.301701594526644	0.0
41.0	26.277036742221462	23.749169663352795	23.75785841814212	26.215935176283622	0.0
42.0	26.297984214538765	23.798993228395894	23.740694649984302	26.162327907081036	0.0
43.0	26.331337728149247	23.84608054172833	23.766480559666352	26.056101170456074	0.0
44.0	26.208294093905554	23.73508901744473	23.7737678819678	26.282849006681914	0.0
45.0	26.139905376922734	23.804879142562445	23.738732678595454	26.316482801919367	0.0
46.0	26.359085609220145	23.647641149827347	23.62101439526436	26.372258845688144	0.0
47.0	26.29125745549128	23.783858020539036	23.70229606708821	26.222588456881475	0.0
48.0	26.338344768823713	23.922317144266557	23.574207363558905	26.16513072335082	0.0
49.0	26.298264496165746	23.67679043903314	23.766200278039374	26.25874478676174	0.0
50.0	26.311718014260727	23.725839723754426	23.758632674110945	26.203809587873895	0.0
51.0	26.37506166195794	23.726680568635363	23.64736086820037	26.250896901206332	0.0
52.0	26.139625095295756	23.722476344230685	23.82477913807794	26.313119422395626	0.0
53.0	26.254540562357054	23.924279115655413	23.72555944212745	26.095620879860082	0.0
54.0	26.292939145253154	23.718552401452982	23.7922664693484	26.196241983945466	0.0
55.0	26.16120678057312	23.823938293197006	23.724998878873492	26.289856047356388	0.0
56.0	26.329656038387373	23.87522983093412	23.643436925422666	26.15167720525584	0.0
57.0	26.242488452396966	23.75807211085699	23.83178617875241	26.167653257993635	0.0
58.0	26.079011169191528	23.80397157952268	23.828916574407558	26.288100676878233	0.0
59.0	26.24045293383971	23.694381770534076	23.73726473926875	26.32790055635747	0.0
60.0	26.271844388076854	23.70475216166599	23.762490014995024	26.260913435262133	0.0
61.0	26.330983645612903	23.61057779895455	23.663270597138332	26.395167958294213	0.0
62.0	25.97558753871379	23.733340807489103	23.965693625012264	26.32537802878484	0.0
63.0	26.055747859355073	23.765292823409055	23.755482993959948	26.423476323275924	0.0
64.0	26.20065305436047	23.80032792858444	23.860588309486104	26.138430707568983	0.0
65.0	26.18355592303488	23.733340807489103	23.77314068696834	26.309962582507673	0.0
66.0	26.278010566587724	23.75492243227714	23.759967487422397	26.20709951371274	0.0
67.0	26.298397358640752	23.798579540677046	23.746447450292333	26.15657565038987	0.0
68.0	26.33791684651304	23.837818748493493	23.767468454479715	26.056795950513756	0.0
69.0	26.206185220272094	23.73355456772407	23.778119096601323	26.282141115402506	0.0
70.0	26.13807716670497	23.803064021570354	23.739720728952367	26.31913808277231	0.0
71.0	26.36061953103541	23.659000072872814	23.61275386366057	26.367626532431203	0.0
72.0	26.298957918752418	23.7761571362105	23.706367402308388	26.21851754272869	0.0
73.0	26.340439367015524	23.906767642228115	23.585286418189057	26.167506572567312	0.0
74.0	26.291950917356623	23.6791802368927	23.770551535093865	26.25831731065681	0.0
75.0	26.307926880539036	23.732433447500743	23.7708318151497	26.188807856810527	0.0
76.0	26.368187092542865	23.731592607333248	23.65675783242616	26.243462467697725	0.0
77.0	26.146205288324094	23.717578604541657	23.822403345422746	26.313812761711503	0.0
78.0	26.259438430880135	23.925546405968845	23.725426446104947	26.089588717046077	0.0
79.0	26.291950917356623	23.713094123648347	23.79493589995123	26.200019059043793	0.0
80.0	26.18488393602888	23.8123132634128	23.72402504582579	26.27877775473253	0.0
81.0	26.323622563665616	23.889109998710712	23.649750831030367	26.13751660659331	0.0
82.0	26.24934834887019	23.763544533698074	23.83557650804684	26.1515306093849	0.0
83.0	26.069615765148395	23.807762054110714	23.830464675002172	26.292157505738718	0.0
84.0	26.236381930956004	23.69508978746423	23.741896425598465	26.326631855981297	0.0
85.0	26.285430803252364	23.705460120464032	23.75927374035489	26.24983533592872	0.0
86.0	26.345971125629575	23.605400420979464	23.66201683357297	26.386611619817984	0.0
87.0	25.979085560852834	23.73460916457158	23.96331704910773	26.32298822546786	0.0
88.0	26.05728347725674	23.769924352624955	23.766000442841246	26.406791727277056	0.0
89.0	26.19209780625415	23.801876189435152	23.86802209721767	26.138003907093026	0.0
90.0	26.18845417574071	23.735450002382375	23.77244686605734	26.303648955819583	0.0
91.0	26.270856281198583	23.74806256954429	23.76263709159807	26.218444057659053	0.0
92.0	26.28984158660045	23.7970447436573	23.746314337926165	26.166799331816094	0.0
93.0	26.33244391627521	23.836003453030933	23.77826608518224	26.05328654551162	0.0
94.0	26.21080305391437	23.733421527629854	23.7858336042692	26.269941814186577	0.0
95.0	26.134287027590613	23.801248920927833	23.753321300043723	26.311142751437828	0.0
96.0	26.363274549592475	23.665594134331872	23.616825677993656	26.354305638082	0.0
97.0	26.296568270233305	23.77518302185051	23.70623451461372	26.222014193302467	0.0
98.0	26.33328475172932	23.905512517237128	23.593562563763353	26.1676401672702	0.0
99.0	26.295447156294493	23.678767223112885	23.769857730641164	26.255927889951458	0.0
100.0	26.32039194143301	23.711279527338363	23.76817605973295	26.20015247149568	0.0
101.0	26.37084206867944	23.725573730058187	23.65045909615794	26.25312510510443	0.0
102.0	26.144937610009304	23.715763983093602	23.82787537697456	26.31142302992253	0.0
103.0	26.25144343419622	23.92232922631927	23.735944033992173	26.090283305492335	0.0
104.0	26.295166877809788	23.712120362792472	23.79031806002444	26.2023946993733	0.0
105.0	26.17688935726538	23.816944516071167	23.720808995818246	26.28535713084521	0.0
106.0	26.32655806809646	23.89289998542552	23.630839602228775	26.14970234424925	0.0
107.0	26.245277307532767	23.759207148222476	23.83908651636266	26.156429027882105	0.0
108.0	26.072552685200495	23.802863877529855	23.83649720142717	26.288086235842474	0.0
109.0	26.232591251411897	23.69916112884646	23.749050559294147	26.31919706044749	0.0
110.0	26.295373456020226	23.68935140937641	23.758299723365912	26.256975411237455	0.0
111.0	26.329006779917542	23.606669488128837	23.679261412207214	26.385062319746407	0.0
112.0	25.97922021138544	23.733635285841213	23.96682633152928	26.320318171244068	0.0
113.0	26.055736023251836	23.77315444142056	23.76474611044623	26.406363424881373	0.0
114.0	26.19559459512485	23.798939989741836	23.874334690811654	26.13113072432166	0.0
115.0	26.18718626415052	23.7316733419472	23.785206382483764	26.295934011418513	0.0
116.0	26.27631457247841	23.74008167292153	23.76530666584452	26.218297088755538	0.0
117.0	26.297689384172113	23.792280009417357	23.7505185151967	26.159512091213834	0.0
118.0	26.336648093545744	23.834041503638016	23.77630413578932	26.05300626702692	0.0
119.0	26.21192416785318	23.73202013520634	23.78919694608563	26.266858750854848	0.0
120.0	26.139332040315256	23.789757503055036	23.762570490038904	26.308339966590804	0.0
121.0	26.36019148626075	23.664753298877763	23.622431247687704	26.352623967173784	0.0
122.0	26.293765485386277	23.777705528212834	23.7039922867361	26.224536699664785	0.0
123.0	26.328520017489375	23.899346390573676	23.597206184064486	26.17492740787246	0.0
124.0	26.30665829568259	23.670358868571814	23.77266051548819	26.250322320257407	0.0
125.0	26.31814971355539	23.718566767940626	23.77546330033521	26.187820218168774	0.0
126.0	26.37588708140408	23.72361178066527	23.65494355191318	26.245557586017465	0.0
127.0	26.14886150879514	23.71632454006301	23.82479231364284	26.31002163749902	0.0
128.0	26.26237429509961	23.904671681783018	23.737065147930984	26.095888875186386	0.0
129.0	26.296568270233305	23.70175005885848	23.797605300626703	26.20407637028151	0.0
130.0	26.175207686357165	23.80993755395361	23.731179299752235	26.283675459936994	0.0
131.0	26.333845308698724	23.886733858762067	23.644853526463894	26.13456730607532	0.0
132.0	26.246958978440976	23.758366312768366	23.839927351816765	26.15474735697389	0.0
133.0	26.059525711418857	23.798512838191975	23.84111528727224	26.30084616311693	0.0
134.0	26.236942489496535	23.695370066734494	23.748903407355087	26.318784036413884	0.0
135.0	26.297763091144017	23.69284755330211	23.76095541597648	26.248433939577392	0.0
136.0	26.326631855981297	23.60624125879026	23.691446156950786	26.375680728277658	0.0
137.0	25.97271193376422	23.725146166049115	23.964785613785295	26.33735628640137	0.0
138.0	26.07004218226663	23.76277029583643	23.76557310425046	26.401614417646478	0.0
139.0	26.206538952029934	23.793601188390767	23.874322070714857	26.125537788864445	0.0
140.0	26.182154518827865	23.726894348136835	23.797244839329007	26.293706293706293	0.0
141.0	26.268481017980015	23.747354849559258	23.76557310425046	26.218591028210263	0.0
142.0	26.307233508229068	23.78105520426925	23.752186196690435	26.159525090811247	0.0
143.0	26.344791246244228	23.827021391093773	23.77881295125342	26.049374411408582	0.0
144.0	26.210256065294406	23.721915780976726	23.7883425265707	26.279485627158166	0.0
145.0	26.141306785057626	23.791425624467465	23.758352392483967	26.308915197990938	0.0
146.0	26.361962313226805	23.66648635164792	23.624163707351528	26.347387627773745	0.0
147.0	26.30506498347735	23.76878943223192	23.710770972832226	26.215374611458504	0.0
148.0	26.33841859057186	23.900802448547157	23.60482422088496	26.15595473999602	0.0
149.0	26.312632608616443	23.66648635164792	23.766266890518885	26.25461414921675	0.0
150.0	26.326646729244384	23.70936956076943	23.77887959908404	26.185104110902145	0.0
151.0	26.36532570217752	23.715535773845726	23.65835816168371	26.260780362293048	0.0
152.0	26.144256156420447	23.708595164554268	23.82491269178378	26.32223598724151	0.0
153.0	26.259172267659242	23.907876518434225	23.733260085990885	26.099691127915648	0.0
154.0	26.295048517021595	23.70130780140254	23.803891451923022	26.19975222965284	0.0
155.0	26.179011272990227	23.798005504762013	23.734381218783458	26.2886020034643	0.0
156.0	26.335409297554246	23.87536366744959	23.651697675331153	26.137529359665006	0.0
157.0	26.246279240544645	23.752879909860923	23.839487418087234	26.161353431507195	0.0
158.0	26.061645659382087	23.797791922776156	23.84712190391304	26.29344051392871	0.0
159.0	26.24943592848274	23.698291108551185	23.75294648537899	26.299326477587094	0.0
160.0	26.296243353766037	23.686519181234427	23.77368750017518	26.243549964824357	0.0
161.0	26.32062806035075	23.610001653675504	23.689602305055484	26.379767980918267	0.0
162.0	25.983238970794325	23.715454902180618	23.96687034026571	26.334435786759347	0.0
163.0	26.068518606756562	23.759245919743037	23.77213905526951	26.400096418230895	0.0
164.0	26.205578243114086	23.79736475521261	23.877246138365766	26.119810863307535	0.0
165.0	26.185117397604678	23.715801658729916	23.800167610761843	26.298913332903563	0.0
166.0	26.27564963184492	23.737663932013938	23.770177056385045	26.216509379756097	0.0
167.0	26.297585613462715	23.775288835073912	23.768281676560772	26.158843874902598	0.0
168.0	26.34355257330889	23.83442925292479	23.778652271160215	26.0433659026061	0.0
169.0	26.19976568061932	23.727920443525104	23.794908878910697	26.27740499694488	0.0
170.0	26.148753566643684	23.792666588186492	23.749502491745567	26.30907735342426	0.0
171.0	26.364647945355223	23.65819545542454	23.6307273170636	26.34642928215664	0.0
172.0	26.303545351858443	23.764704563354698	23.70892742525443	26.222822659532426	0.0
173.0	26.33325578722844	23.90008324527646	23.601577455945872	26.16508351154923	0.0
174.0	26.314756836903726	23.66127861381199	23.782923226553283	26.241041322731007	0.0
175.0	26.324847173444475	23.722100920182633	23.771711741508	26.181340164864885	0.0
176.0	26.36997340075173	23.711169722263488	23.65847574255067	26.260381134434112	0.0
177.0	26.147778998587352	23.70983474224724	23.825873937708813	26.3165123214566	0.0
178.0	26.272226831401213	23.899029082673724	23.732538063098417	26.096206022826646	0.0
179.0	26.294649864340652	23.692456891719175	23.805132632239836	26.207760611700337	0.0
180.0	26.178890956790816	23.793921115770118	23.737022669686304	26.29016525775276	0.0
181.0	26.332208444514205	23.877166625557773	23.660223781868737	26.130401148059285	0.0
182.0	26.239433145727293	23.75215821692042	23.845774379442563	26.162634257909723	0.0
183.0	26.058720482096557	23.79286665265223	23.850606124308037	26.29780674094317	0.0
184.0	26.24651390932661	23.698689650339848	23.74465699670661	26.310139443626934	0.0
185.0	26.293602410482798	23.675705977156472	23.780814238665826	26.249877373694908	0.0
186.0	26.3291990750473	23.612080442856143	23.686917525050802	26.37180295704576	0.0
187.0	25.985357677409226	23.71192968097451	23.96250847875686	26.340204162859397	0.0
188.0	26.070078172955913	23.755441134839238	23.77898551740182	26.395495174803024	0.0
189.0	26.221154627732478	23.79187886975752	23.87456449899516	26.11240200351484	0.0
190.0	26.18303515120258	23.722647173412785	23.800007287546983	26.294310387837644	0.0
191.0	26.28029587440754	23.73329820361967	23.77366000229838	26.21274591967441	0.0
192.0	26.30223223795589	23.77821129460832	23.7552274281614	26.16432903927438	0.0
193.0	26.346237933470118	23.83258775912908	23.768401107710247	26.05277319969056	0.0
194.0	26.211698227439374	23.721592501653717	23.800634578946777	26.266074691960135	0.0
195.0	26.14723128496631	23.78577915307255	23.76335586873409	26.303633693227045	0.0
196.0	26.36425045757643	23.664759747849462	23.63168531074555	26.339304483828563	0.0
197.0	26.31099500800233	23.760899848922698	23.71661373822424	26.21149140485073	0.0
198.0	26.340145359348156	23.895720223897122	23.5988911654815	26.165243251273225	0.0
199.0	26.322206681596878	23.65943420289205	23.7670662693997	26.251292846111372	0.0
200.0	26.33818331646911	23.705121772789827	23.772391814357107	26.184303096383953	0.0
201.0	26.37686359037029	23.69587214207433	23.66616120704878	26.261103060506603	0.0
202.0	26.14681727723744	23.70378675337052	23.835524287355998	26.313871682036044	0.0
203.0	26.26902486195588	23.903074810101746	23.735179527426634	26.09272080051574	0.0
204.0	26.297054124505987	23.695097681979988	23.799646831291867	26.208201362222162	0.0
205.0	26.16630415283882	23.79417436541394	23.744001704188715	26.295519777558525	0.0
206.0	26.336723024486503	23.872656740514845	23.66243609292313	26.128184142075522	0.0
207.0	26.252634765449816	23.750168176518073	23.839582025293748	26.157615032738363	0.0
208.0	26.072478676559214	23.7928395843786	23.843572976200154	26.291108762862038	0.0
209.0	26.24850392553123	23.709031384629185	23.744628847399003	26.297835842440588	0.0
210.0	26.302600857142057	23.67623687168376	23.770135690801002	26.251026580373182	0.0
211.0	26.333433305210402	23.61204932070511	23.689971325823297	26.36454604826119	0.0
212.0	25.988182730417137	23.71414316386651	23.965007876311084	26.332666229405266	0.0
213.0	26.068980981878827	23.747004330581756	23.787086737768558	26.39692794977086	0.0
214.0	26.218379045029643	23.79129118607487	23.876501338416045	26.113828430479447	0.0
215.0	26.185304051686686	23.718133785545106	23.7971774137037	26.299384749064508	0.0
216.0	26.286771404145586	23.72626238560397	23.773912799742128	26.21305341050832	0.0
217.0	26.30170084425559	23.769774977295917	23.75828278637979	26.170241392068704	0.0
218.0	26.354396744066104	23.841531096186834	23.75828278637979	26.045789373367267	0.0
219.0	26.209763316926594	23.718480564182485	23.7980850085771	26.273671110313824	0.0
220.0	26.160991579867925	23.773418842708345	23.76613111188349	26.299458465540244	0.0
221.0	26.37633386870275	23.66220712349655	23.622685087859445	26.33877391994125	0.0
222.0	26.31971364743541	23.751622225398936	23.72022883538932	26.208435291776333	0.0
223.0	26.345781373068395	23.88728651794048	23.608950479730243	26.157981629260878	0.0
224.0	26.33484974619005	23.651836092868376	23.75862967852608	26.254684482415495	0.0
225.0	26.34157690119211	23.70733512163537	23.772364286655286	26.178723690517238	0.0
226.0	26.390348774957044	23.693320215381082	23.653798179743976	26.2625328299179	0.0
227.0	26.150767178118745	23.702636491554593	23.817839343876308	26.32875698645035	0.0
228.0	26.268492720637287	23.891557957405777	23.7410374423285	26.098911879628435	0.0
229.0	26.294280220427062	23.697030513339428	23.799059316855494	26.209629949378016	0.0
230.0	26.17094869969335	23.78560496913909	23.732908773916506	26.310537557251052	0.0
231.0	26.338567448326895	23.869414343455862	23.66423554078069	26.127782667436556	0.0
232.0	26.25952315549302	23.75224939875884	23.83353608287878	26.154691362869364	0.0
233.0	26.076561059084373	23.778944447403163	23.849299671208456	26.29519482230401	0.0
234.0	26.254978851269346	23.691623757214252	23.742638587954335	26.310758803562067	0.0
235.0	26.310478502294266	23.683495020447978	23.774032329948227	26.23199414730953	0.0
236.0	26.341311641752558	23.602207652785214	23.701154000319544	26.35532670514269	0.0
237.0	25.986242775214567	23.71159161112014	23.979840676312794	26.32232493735249	0.0
238.0	26.06452010752417	23.755945923976263	23.79042317319632	26.389110795303246	0.0
239.0	26.21784576055971	23.78313529937745	23.883764018645746	26.115254921417097	0.0
240.0	26.18836720392432	23.712403644008408	23.803503854239665	26.29572529782761	0.0
241.0	26.287447474721994	23.722503945527887	23.78557632739332	26.2044722523568	0.0
242.0	26.315184511310658	23.763733568078408	23.742987785219473	26.178094135391465	0.0
243.0	26.35042124002972	23.83475615739378	23.76018055146698	26.05464205110952	0.0
244.0	26.22381347568635	23.71674816077517	23.793008702673603	26.266429660864883	0.0
245.0	26.165048407582592	23.777333531468432	23.761351879526384	26.296266181422588	0.0
246.0	26.383510866487033	23.659809279203245	23.62448022834904	26.332199625960683	0.0
247.0	26.31972991313028	23.73971611716476	23.721770145754935	26.21878382395002	0.0
248.0	26.346297838688237	23.883518560583752	23.600279313158847	26.169904287569164	0.0
249.0	26.32105869782859	23.661414121018876	23.767138077730944	26.250389103421583	0.0
