# Position (bp)	A	C	G	T	N
0.0	26.00293995918309	24.08026374002769	23.945824829810615	25.970971470978604	0.0
1.0	25.91474118369036	24.02745864790421	24.13535229559434	25.922447872811087	0.0
2.0	25.841375314329422	24.026613462575888	24.208717593028666	25.92329363006602	0.0
3.0	25.99991437256497	24.062450942615346	24.006222260278857	25.931412424540824	0.0
4.0	26.00481787408452	23.87444985472169	24.15587306842637	25.96485920276742	0.0
5.0	26.05789374539767	23.940108343846152	23.948956234337807	26.053041676418374	0.0
6.0	25.96976330668524	24.046077135819665	24.018392038108395	25.965767519386702	0.0
7.0	25.97751013185684	24.070723214795365	23.9206004908956	26.031166162452195	0.0
8.0	25.87138368280007	24.016027808933448	24.028299813636767	26.084288694629716	0.0
9.0	26.053516287193418	23.994999971461027	24.0175457622475	25.933937979098054	0.0
10.0	25.836748438944763	23.961769842810014	24.03083298135866	26.170648736886566	0.0
11.0	25.994851656944558	24.142133080672597	23.871017454138652	25.9919978082442	0.0
12.0	26.073258087070677	24.06158587919693	24.138639574206987	25.726516459525406	0.0
13.0	26.107218789686222	24.06187126325252	23.96055992351707	25.870350023544187	0.0
14.0	26.023030493286342	23.999086771022103	23.987956792853986	25.989925942837573	0.0
15.0	25.98336210955894	24.106961944036186	23.948859177237768	25.960816769167106	0.0
16.0	26.027311254120235	24.048743596695253	23.909190793510366	26.014754355674146	0.0
17.0	26.012756667284997	24.028766712803755	24.017636734635637	25.940839885275608	0.0
18.0	25.954252935888473	23.99252293774347	24.061015111085744	25.992209015282313	0.0
19.0	26.00248284128366	24.036472082304762	23.884076996618198	26.07696807979338	0.0
20.0	25.953111399666103	24.069576632753527	24.034474393915612	25.94283757366476	0.0
21.0	25.876343088711636	24.07300124142064	24.12494113953853	25.92571453032919	0.0
22.0	25.86093234970962	24.059302806752186	24.106676559980595	25.9730882835576	0.0
23.0	25.89631997260313	23.99594754641058	24.085843523922318	26.02188895706397	0.0
24.0	26.026455101953456	24.020490575191562	24.05587819808507	25.89717612476991	0.0
25.0	25.97622750816912	24.099827342646364	23.96055992351707	25.96338522566744	0.0
26.0	25.9054522623821	24.05045590102881	24.128936516316834	25.915155320272255	0.0
27.0	25.84152623392931	24.04617514019492	24.19657253749233	25.91572608838344	0.0
28.0	25.980793653058605	24.08498737175554	24.013070589746153	25.921148385439707	0.0
29.0	25.986215950114865	23.910617713788334	24.14463263937444	25.958533696722363	0.0
30.0	26.045575833678175	23.943436880181505	23.957706082961145	26.05328120317918	0.0
31.0	25.967095218390146	24.04360668369458	24.025056720081047	25.96424137783422	0.0
32.0	25.971375979224042	24.06986201680912	23.918893851400522	26.039868152566314	0.0
33.0	25.88205076982349	24.02020519113597	24.00993136513463	26.08781267390591	0.0
34.0	26.057202216857018	23.98760295200425	24.02042202473702	25.934772806401718	0.0
35.0	25.838027887650327	23.95564002899494	24.029839671695118	26.17649241165962	0.0
36.0	25.996130203249944	24.14741756705079	23.877159637677437	25.979292592021825	0.0
37.0	26.06568932698262	24.072578458763665	24.128798796827688	25.732933417426025	0.0
38.0	26.105642866723556	24.05574089558713	23.97840225794576	25.860213979743556	0.0
39.0	26.007471311931553	24.00636973576441	23.99952055752311	25.986638394780925	0.0
40.0	25.96923006675095	24.112246616077876	23.958425488075292	25.96009782909588	0.0
41.0	26.014605872599578	24.035478743289946	23.93873410063155	26.011181283478923	0.0
42.0	26.012893578039254	24.02720265291504	24.035478743289946	25.924425025755767	0.0
43.0	25.949253296880485	23.993242144135248	24.063731603535317	25.99377295544895	0.0
44.0	25.980359981393065	24.037761802703713	23.893643677209646	26.088234538693577	0.0
45.0	25.944972560479673	24.090557551647084	24.028629565048643	25.9358403228246	0.0
46.0	25.87220004166583	24.093982140767736	24.12337653071999	25.910441286846435	0.0
47.0	25.850510977235043	24.06715619265597	24.117954264612294	25.964378565496695	0.0
48.0	25.893318341243184	24.002088999363597	24.07657381273776	26.02801884665546	0.0
49.0	26.02916037636234	24.025490358354713	24.071436929056784	25.873912336226162	0.0
50.0	25.968088537044064	24.108822026957224	23.965845431170038	25.957244004828674	0.0
51.0	25.899882137057766	24.063731603535317	24.13336491565522	25.903021343751693	0.0
52.0	25.839095680166206	24.050889394332874	24.2121304654302	25.89788446007072	0.0
53.0	25.978362304406023	24.091984463780687	24.025490358354713	25.90416287345858	0.0
54.0	26.002619810677295	23.89820979603718	24.14820480184471	25.950965591440813	0.0
55.0	26.046854086819042	23.929601862976483	23.958425488075292	26.06511856212918	0.0
56.0	25.962951653363085	24.04204253910453	24.022921916514225	25.972083891018162	0.0
57.0	25.974081568005204	24.064016985962038	23.928460333269598	26.033441112763157	0.0
58.0	25.871629276812392	24.040901009397643	24.01464582613932	26.07282388765065	0.0
59.0	26.050775096458985	23.987180657975845	24.02884637337047	25.933197872194697	0.0
60.0	25.831887399831054	23.950651811602476	24.02884637337047	26.188614415196	0.0
61.0	25.982854272733498	24.140430583776627	23.88843862012283	25.98827652336705	0.0
62.0	26.052983798932104	24.07015801534778	24.135510218059466	25.741347967660648	0.0
63.0	26.08009497472953	24.054747452262927	23.9976712926894	25.86748628031814	0.0
64.0	25.985633930635345	24.009086524604108	24.013937998167854	25.991341546592693	0.0
65.0	25.959378897231524	24.100693760719615	23.969418593700503	25.970508748348358	0.0
66.0	25.978214029890783	24.059884306624543	23.94202203710521	26.01987962637946	0.0
67.0	25.98021169547586	24.029633942050573	24.056174356252267	25.9339800062213	0.0
68.0	25.95195899648696	23.988539107157635	24.065877303379764	25.99362459297564	0.0
69.0	25.99448073536924	24.02307018369962	23.891795016680508	26.090654064250636	0.0
70.0	25.948249046114686	24.080146343273146	24.039051508380208	25.932553102231964	0.0
71.0	25.867200899520277	24.085283197634762	24.129231840506378	25.918284062338582	0.0
72.0	25.85806871398851	24.069016492156308	24.10012299912388	25.972791794731297	0.0
73.0	25.889175220956083	24.00509119343396	24.083000151251824	26.022733434358138	0.0
74.0	26.035860951060048	24.035912319603664	24.070443396145645	25.857783333190643	0.0
75.0	25.96794032116755	24.116104323804468	23.959144884977267	25.956810470050712	0.0
76.0	25.90258811845586	24.042761458752487	24.154059969920862	25.900590452870787	0.0
77.0	25.844941197286598	24.054747452262927	24.23082740454726	25.869483945903216	0.0
78.0	25.98135321866733	24.091276194389984	24.027921657263366	25.89944892967932	0.0
79.0	25.999902970528726	23.91434009971205	24.16176525146329	25.923991678295934	0.0
80.0	26.057835272495854	23.930606805190504	23.96285483534955	26.048703086964093	0.0
81.0	25.974789460316373	24.03876612758234	24.02050175651881	25.965942655582474	0.0
82.0	25.963659609199535	24.065877303379764	23.936599801945725	26.033863285474972	0.0
83.0	25.871766992286155	24.03990765077381	24.025638610880428	26.062686746059605	0.0
84.0	26.051197169030566	23.99275134842042	24.030136126252106	25.92591535629691	0.0
85.0	25.849718900716308	23.95650809052253	24.006734967609372	26.187038041151794	0.0
86.0	25.986701292771325	24.14685653948232	23.86033503610057	26.006107131645784	0.0
87.0	26.08222915376515	24.082291937182337	24.117964333311452	25.717514575741056	0.0
88.0	26.073953157863194	24.061459257842934	24.004098044867312	25.860489539426556	0.0
89.0	25.968933623659073	24.011803282431202	24.018937761657025	26.0003253322527	0.0
90.0	25.940681085924815	24.11082985408563	23.986689915556305	25.96179914443325	0.0
91.0	25.966650590306813	24.072589045435215	23.96300344452657	25.9977569197314	0.0
92.0	25.98320258211072	24.032921340939637	24.05746394947647	25.92641212747317	0.0
93.0	25.94210798176998	24.002385769853117	24.070306012082952	25.985200236293952	0.0
94.0	25.987483269646216	24.037202028475132	23.901076164846423	26.07423853703223	0.0
95.0	25.93468812337512	24.08742876222493	24.056037053631307	25.921846060768637	0.0
96.0	25.87161932701884	24.076013595463614	24.134516325115367	25.917850752402178	0.0
97.0	25.853925818538805	24.06887911623779	24.107976062395302	25.96921900282811	0.0
98.0	25.883605252118226	24.003241907360216	24.0871433830559	26.02600945746566	0.0
99.0	26.0211580115921	24.01922314082606	24.08257731635137	25.87704153123047	0.0
100.0	25.981204927927493	24.11254212909983	23.94844910690589	25.95780383606679	0.0
101.0	25.900157243922138	24.047761057729353	24.150497558581208	25.9015841397673	0.0
102.0	25.847076718482008	24.044051128531923	24.231830621755595	25.87704153123047	0.0
103.0	25.971216657011336	24.099700066493345	24.030638307587378	25.898444968907942	0.0
104.0	25.992049336350743	23.921908844185825	24.16619341287802	25.91984840658541	0.0
105.0	26.05226434101669	23.925618773383256	23.959578894498176	26.062537991101877	0.0
106.0	25.9752119653778	24.041768095179663	24.026928378389947	25.95609156105259	0.0
107.0	25.958374594404855	24.052897882771944	23.93475090679231	26.053976616030887	0.0
108.0	25.8807514604279	24.038058165982232	24.026072240882847	26.055118132707022	0.0
109.0	26.066744289579123	23.98405305754369	24.02029610858076	25.928906544296424	0.0
110.0	25.840439254363435	23.942673196123422	24.03114048605641	26.18574706345673	0.0
111.0	25.98312843167471	24.142723422713832	23.87132860746778	26.002819538143672	0.0
112.0	26.082080288117165	24.078159200714584	24.120680454206894	25.719080056961356	0.0
113.0	26.07551660469218	24.059324283060274	24.00510255041908	25.860056561828472	0.0
114.0	25.968785404651086	24.026791243475557	24.019942182510352	25.98448116936301	0.0
115.0	25.93767925276745	24.111548372919955	23.997968111913657	25.952804262398942	0.0
116.0	25.974207577915205	24.066744099105915	23.976279418857178	25.982768904121706	0.0
117.0	25.98619343460431	24.036494079842928	24.051048334393986	25.926264151158772	0.0
118.0	25.939391518008748	23.99768273437344	24.070739384668947	25.992186362948864	0.0
119.0	25.98419579182279	24.020798315131003	23.918062400652946	26.076943492393262	0.0
120.0	25.939962273089183	24.08757665954174	24.05618513011789	25.916275937251186	0.0
121.0	25.866049490173026	24.081869108737404	24.141798392182938	25.91028300890663	0.0
122.0	25.855490521185004	24.064746456324396	24.108694597517786	25.971068424972817	0.0
123.0	25.87632308162083	24.002534152557125	24.097279495909113	26.023863269912933	0.0
124.0	26.019867984349897	24.018515294809266	24.07958608841567	25.882030632425167	0.0
125.0	25.97392220037499	24.12096583174711	23.956017613501782	25.949094354376122	0.0
126.0	25.896584886976225	24.05789739535919	24.140942259562287	25.904575458102297	0.0
127.0	25.849497592840446	24.04077474294618	24.240539021097963	25.86918864311541	0.0
128.0	25.983910414282573	24.087291282001523	24.043343140808133	25.885455162907768	0.0
129.0	25.99161560786843	23.9257675942388	24.160062554756813	25.92255424313596	0.0
130.0	26.055540176877003	23.937468073387688	23.949453930076796	26.057537819658517	0.0
131.0	25.977917485938022	24.03535256968206	24.02821813117664	25.958511813203277	0.0
132.0	25.980200506259756	24.058468150439623	23.927194481939882	26.034136861360736	0.0
133.0	25.87774996932192	24.029930396417942	24.030786529038593	26.061533105221553	0.0
134.0	26.0664589112245	23.976633220323503	24.039987215049713	25.916920653402283	0.0
135.0	25.83844160588108	23.94352933118729	24.041414106822824	26.176614956108807	0.0
136.0	25.971713297489813	24.14671871967855	23.873897012659384	26.007670970172253	0.0
137.0	26.079946120412888	24.082291937182337	24.113112887437893	25.724649054966882	0.0
138.0	26.081943774596116	24.056893191138407	24.006095699050544	25.855067335214933	0.0
139.0	25.966650590306813	24.016940107473793	24.026357620051883	25.990051682167515	0.0
140.0	25.950383977671933	24.099700066493345	23.998390461486654	25.951525494348065	0.0
141.0	25.97892189457523	24.068308357899724	23.97070868209046	25.982061065434593	0.0
142.0	26.008315948985622	24.034633615953837	24.031494445094477	25.92555598996607	0.0
143.0	25.940110327586748	23.98412150303501	24.080008903830073	25.99575926554817	0.0
144.0	25.979778032082322	24.032350582601573	23.90392995653675	26.08394142877935	0.0
145.0	25.923272956613808	24.109117579071434	24.04661954105322	25.92098992326154	0.0
146.0	25.901013381429237	24.068308357899724	24.144219216862485	25.886459043808557	0.0
147.0	25.850501268510406	24.05832008698357	24.110259095747566	25.980919548758457	0.0
148.0	25.875043877047236	24.00780797406474	24.096846274803017	26.020301874085007	0.0
149.0	26.040278415917307	24.006381078219576	24.07772587047781	25.875614635385304	0.0
150.0	25.972072794518436	24.124242675030178	23.936177802637474	25.96750672781391	0.0
151.0	25.906435585640864	24.0369166493061	24.150497558581208	25.90615020647183	0.0
152.0	25.855638093553	24.041197336841595	24.2292622092343	25.87390236037111	0.0
153.0	25.97892189457523	24.09028255391526	24.029782170080278	25.901013381429237	0.0
154.0	26.010884361506914	23.922764981692925	24.157061279468966	25.90928937733119	0.0
155.0	26.05882806190445	23.926474910890356	23.967569511231098	26.0471275159741	0.0
156.0	25.961513765264215	24.044907266039022	24.041482716010627	25.95209625268613	0.0
157.0	25.970645898673272	24.06231539535003	23.921908844185825	26.045129861790866	0.0
158.0	25.889027456329856	24.012944799107334	24.03206520343254	26.065962541130272	0.0
159.0	26.061185468451242	23.97191860962872	24.03584372592106	25.931052195998973	0.0
160.0	25.84486744099769	23.93681687166462	24.032704546103137	26.185611141234556	0.0
161.0	25.97956679318513	24.136297480094747	23.871464855455038	26.012670871265087	0.0
162.0	26.074387358772178	24.07986096247528	24.116389704602337	25.729361974150205	0.0
163.0	26.073245835580707	24.055318213858662	24.00480581263609	25.86663013792454	0.0
164.0	25.962232705210198	24.020216375720942	24.040763793167415	25.976787125901446	0.0
165.0	25.933409244625565	24.12352422454903	23.999954339072342	25.943112191753066	0.0
166.0	25.98220936106093	24.068160349762707	23.95343726901992	25.996193020156444	0.0
167.0	26.00561058648608	24.03505617721006	24.036197700401534	25.923135535902333	0.0
168.0	25.952529758082697	23.970274736094108	24.081573247262487	25.995622258560708	0.0
169.0	25.972791794731297	24.025923991678297	23.92404304683955	26.077241166750852	0.0
170.0	25.921708631912992	24.087566244017705	24.051608263486383	25.939116860582917	0.0
171.0	25.89060212494542	24.063308876198956	24.1352248372616	25.91086416159402	0.0
172.0	25.854073382818367	24.06159659141175	24.112679754230058	25.971650271539833	0.0
173.0	25.888033697764612	24.005376574231825	24.094700763964397	26.011888964039166	0.0
174.0	26.049559229357694	24.01450875976359	24.080146343273146	25.85578566760557	0.0
175.0	25.958808135635785	24.118101989389544	23.945446606679624	25.977643268295047	0.0
176.0	25.908295734413215	24.033058511624986	24.148066973165644	25.910578780796158	0.0
177.0	25.858924856382114	24.030775465242048	24.228829738962183	25.88146993941366	0.0
178.0	25.966661624910458	24.087989109806596	24.032339536596016	25.913009728686927	0.0
179.0	25.998909839129926	23.90420282699832	24.167040042008292	25.92984729186346	0.0
180.0	26.064262414849022	23.921896537455016	23.966130813596763	26.047710234099203	0.0
181.0	25.97550848013881	24.03005647718225	24.026631888061598	25.967803154617346	0.0
182.0	25.967232389763907	24.054599365880247	23.915903506493876	26.062264737861973	0.0
183.0	25.915292788100697	23.996095968402457	24.011506619445388	26.07710462405146	0.0
184.0	26.062624498438954	23.954783879271474	24.042681917547075	25.939909704742497	0.0
185.0	25.851155516743436	23.924818638950246	24.034691186794745	26.18933465751157	0.0
186.0	25.996700969732256	24.12087692562342	23.875161954989355	26.00726014965497	0.0
187.0	26.08667113768354	24.07756738631013	24.10553502375822	25.73022645224811	0.0
188.0	26.071831166792713	24.06443971975286	24.00593598835633	25.857793125098098	0.0
189.0	25.974800587891156	24.04217976341662	24.019634423024787	25.96338522566744	0.0
190.0	25.954823703999658	24.106391175925	23.99480601018821	25.943979109887135	0.0
191.0	25.992494399337907	24.066437408142008	23.947717641015394	25.993350551504683	0.0
192.0	26.010758978895847	24.018778270858007	24.04046745908306	25.92999529116308	0.0
193.0	25.961535717445344	23.97810521028644	24.07142632911248	25.98893274315574	0.0
194.0	25.991501214316088	24.022339991381354	23.913322659908733	26.072836134393828	0.0
195.0	25.937277934264262	24.098823354822876	24.034611575814132	25.92928713509873	0.0
196.0	25.90702705170903	24.061723215840047	24.129930394431554	25.90131933801937	0.0
197.0	25.867929212934822	24.0437439177176	24.109953396517724	25.97837347282986	0.0
198.0	25.889047753586585	23.996940665462336	24.100535668929776	26.0134759120213	0.0
199.0	26.04800757984378	24.011495335370984	24.07656327143318	25.86393381335205	0.0
200.0	25.989663153508737	24.104943820866044	23.93313869696373	25.97225432866149	0.0
201.0	25.923167150403685	24.035593912048334	24.13947607998927	25.90176285755871	0.0
202.0	25.85760111416797	24.043082683592278	24.233438737885134	25.865877464354615	0.0
203.0	25.974114927439036	24.085674738509397	24.037443456670328	25.90276687738124	0.0
204.0	26.004651892863766	23.904165299162376	24.173860928380826	25.91732187959303	0.0
205.0	26.056171213466023	23.943400695790157	23.97279626019926	26.02763183054456	0.0
206.0	25.974263184481426	24.037009871772554	24.04100538538156	25.947721558364467	0.0
207.0	25.95814390209794	24.045423541129765	23.93012377601023	26.066308780762064	0.0
208.0	25.891932155791675	24.00033105873153	24.016313204391665	26.09142358108513	0.0
209.0	26.059819058763097	23.960729472873084	24.045206769599588	25.934244698764235	0.0
210.0	25.84006392876509	23.931333656782442	24.025514426781587	26.20308798767088	0.0
211.0	25.988047535874514	24.105848373802754	23.88637738735345	26.01972670296928	0.0
212.0	26.06761134180972	24.052684903748734	24.122037187664997	25.757666566776543	0.0
213.0	26.073604749061747	24.026998872668635	24.012158054711247	25.88723832355837	0.0
214.0	25.969719023360017	24.013299656092585	24.015582858855257	26.001398461692137	0.0
215.0	25.945745394351928	24.10947957247028	23.98333261983247	25.96144241334532	0.0
216.0	26.002477296208138	24.054317858794118	23.93330707627675	26.009897768720997	0.0
217.0	26.013037199399513	24.02720459384329	24.034910469145103	25.924847737612094	0.0
218.0	25.959455564085953	23.9873166638602	24.061521600771734	25.991706171282118	0.0
219.0	25.977584273030065	24.027410318540777	23.925806055728227	26.069199352700934	0.0
220.0	25.93505889336975	24.083635149366827	24.04710327959153	25.93420267767189	0.0
221.0	25.90453085979308	24.052229753835178	24.124438102033537	25.918801284338212	0.0
222.0	25.881698180520868	24.03082411701748	24.10303246521584	25.984445237245808	0.0
223.0	25.898822689975027	23.99257937923653	24.074206207634678	26.034391723153767	0.0
224.0	26.054543119318424	24.002112083113325	24.072324575799524	25.871020221768724	0.0
225.0	26.00845408904479	24.09586628725065	23.90891732289083	25.986762300813727	0.0
226.0	25.91612650951447	24.03092809987413	24.145096058065825	25.907849332545574	0.0
227.0	25.87909578719032	24.031567530540016	24.218518095673023	25.870818586596645	0.0
228.0	26.000336799321833	24.077155587015532	24.01207910788139	25.910428505781248	0.0
229.0	26.003476454016905	23.914178966026082	24.148511375539808	25.933833204417205	0.0
230.0	26.057284754035194	23.93400979007007	23.95170612664298	26.056999329251756	0.0
231.0	25.967946796820367	24.030197942087312	24.043327482125274	25.95852777896705	0.0
232.0	25.96024032766765	24.054459048679195	23.926874170484222	26.05842645316893	0.0
233.0	25.908736716816662	23.97866127775447	24.034320063707902	26.07828194172097	0.0
234.0	26.06309191484989	23.945185616504826	24.059643894892478	25.932078573752804	0.0
235.0	25.849303260205623	23.926632528985632	24.031671547555845	26.1923926632529	0.0
236.0	25.997590939191195	24.093176991756675	23.88766469527093	26.021567373781195	0.0
237.0	26.06574737184629	24.046857204837572	24.117645379787124	25.769750043529015	0.0
238.0	26.08701857343887	24.029297337721463	23.999326366747635	25.884357722092034	0.0
239.0	25.984831834309052	24.004464247486005	24.011314755137168	25.99938916306777	0.0
240.0	25.958952987183515	24.09956326891788	23.99451945308709	25.94696429081152	0.0
241.0	25.997470818786734	24.049201994798906	23.948719851788837	26.00460733462552	0.0
242.0	26.007633435245687	24.03218945992161	24.033616803834416	25.926560300998286	0.0
243.0	25.96026754745313	23.96936279057817	24.071848424033597	25.9985212379351	0.0
244.0	25.979268428460088	24.0088841435737	23.90810963581292	26.103737792153293	0.0
245.0	25.93812808331811	24.08985017357939	24.0059154028869	25.966106340215607	0.0
246.0	25.89989265239933	24.055284014343467	24.110099810428707	25.934723522828495	0.0
247.0	25.874429347593335	24.05034017878301	24.07517908278778	26.00005139083587	0.0
248.0	25.896729432254567	24.000913646161973	24.05658895915716	26.045767962426304	0.0
249.0	26.056903025025342	23.989207554711705	24.064297848648803	25.889591571614158	0.0
