# Position (bp)	A	C	G	T	N
0.0	26.18660157309466	23.731477945124347	23.818103319440063	26.263817162340935	0.0
1.0	26.25772847788424	23.683598744623968	23.801497816376347	26.25717496111545	0.0
2.0	26.340274087849807	23.78038655685441	23.64782589443854	26.231513460857244	0.0
3.0	26.29689895451099	23.706975276869176	23.66712603981603	26.328999728803804	0.0
4.0	26.140891683085027	23.7617050007748	23.682841520377217	26.414561795762953	0.0
5.0	26.199561154722012	23.80777137987233	23.79836359963808	26.194303865767576	0.0
6.0	26.274431679837086	23.871383668680966	23.663589879806096	26.19059477167585	0.0
7.0	26.179811031029093	23.822540705797724	23.785742941331083	26.2119053218421	0.0
8.0	26.187795167756267	23.810683170699992	23.80487319026026	26.196648471283478	0.0
9.0	26.240161564743474	23.787918608993955	23.747527423125337	26.22439240313723	0.0
10.0	26.226945920600187	23.79642974712784	23.72727096686741	26.249353365404566	0.0
11.0	26.163319842760597	23.80832505733263	23.696564468431784	26.331790631474988	0.0
12.0	26.145061924771845	23.777341923775957	23.754104573608455	26.32349157784374	0.0
13.0	26.2449272034679	23.691861671374074	23.794493301280546	26.268717823877484	0.0
14.0	26.24741691955727	23.672220577780116	23.794493301280546	26.285869201382067	0.0
15.0	26.29555143061853	23.666134605117197	23.825476434837213	26.212837529427063	0.0
16.0	26.25211971661498	23.815240935358673	23.714269116178453	26.218370231847892	0.0
17.0	26.353644806037284	23.787577423254504	23.76268026236075	26.096097508347466	0.0
18.0	26.278676688234988	23.894081944855554	23.616063648208648	26.211177718700814	0.0
19.0	26.245480473709982	23.775405477928665	23.751891492640123	26.22722255572123	0.0
20.0	26.176525915106446	23.68266719780463	23.844498295932368	26.296308591156553	0.0
21.0	26.266432080732972	23.684880272650823	23.78861815606604	26.26006949055017	0.0
22.0	26.202252910193423	23.76123135484442	23.811302173239497	26.22521356172266	0.0
23.0	26.154948435356083	23.791937768335323	23.79553401496039	26.257579781348205	0.0
24.0	26.386214756783072	23.702308237064578	23.71807639534369	26.19340061080866	0.0
25.0	26.19865666356836	23.736057628468995	23.815175054220333	26.250110653742308	0.0
26.0	26.267538618156067	23.689306422343204	23.78806488735449	26.255090072146242	0.0
27.0	26.3286748107821	23.786681715575618	23.650854246890628	26.233789226751647	0.0
28.0	26.294925419377684	23.69954189350684	23.675474704554507	26.330057982560973	0.0
29.0	26.1441596954809	23.753762227238525	23.68764661620856	26.414431461072013	0.0
30.0	26.196996857433717	23.814345151153013	23.799130261585447	26.189527729827823	0.0
31.0	26.27465842667412	23.875415296177753	23.669046637657022	26.180879639491106	0.0
32.0	26.181432906672125	23.821195112437724	23.784402844899844	26.212969135990306	0.0
33.0	26.18475250975825	23.818152142942107	23.799064425196896	26.19803092210275	0.0
34.0	26.231226952963993	23.78799908157648	23.7564628522583	26.22431111320123	0.0
35.0	26.22486438038225	23.801277493920978	23.727416325254712	26.24644180044206	0.0
36.0	26.172857265366307	23.793255119796175	23.695880095936527	26.33800751890099	0.0
37.0	26.147130341448843	23.76586839433565	23.75784602021085	26.32915524400466	0.0
38.0	26.25114457148074	23.68868762258326	23.78827571516699	26.27189209076901	0.0
39.0	26.238696059907767	23.679282080505907	23.802660661873528	26.27936119771279	0.0
40.0	26.287106938247085	23.671259706381107	23.827834318609973	26.213799036761838	0.0
41.0	26.24035586145083	23.824791349114356	23.710265042643066	26.224587746791745	0.0
42.0	26.34741306097834	23.781083241813718	23.77167769973637	26.09982599747157	0.0
43.0	26.26663605254932	23.898375884190116	23.6203591257272	26.21462893753337	0.0
44.0	26.244781998898997	23.77361413486994	23.74180127196125	26.23980259426981	0.0
45.0	26.165869042020528	23.676726880411632	23.86234750615508	26.29505657141276	0.0
46.0	26.25494481175136	23.68557913081966	23.791529502890814	26.267946554538163	0.0
47.0	26.203491106254667	23.76497275166671	23.811170433483635	26.220365708594983	0.0
48.0	26.153143932058974	23.789869705939306	23.797338792221083	26.259647569780633	0.0
49.0	26.38330244266785	23.701900467509475	23.717391905723535	26.197405184099143	0.0
50.0	26.20874712993444	23.72679742178207	23.80619104262912	26.258264405654373	0.0
51.0	26.263520429334147	23.694154748402447	23.788209908987803	26.25411491327561	0.0
52.0	26.344020581482198	23.776591330327257	23.64491410550776	26.234473982682786	0.0
53.0	26.30418545464605	23.703560264460982	23.654042988741043	26.338211292151925	0.0
54.0	26.155080361835736	23.74837478215165	23.678386677363136	26.41815817864948	0.0
55.0	26.212343356662704	23.80397798002711	23.795402362444328	26.18827630086586	0.0
56.0	26.27617285077637	23.87417667383144	23.666702628834464	26.18294784655773	0.0
57.0	26.175755412997837	23.820233422132226	23.787867471112698	26.216143693757243	0.0
58.0	26.18765059157766	23.818850261832246	23.804465394712455	26.189033751877638	0.0
59.0	26.232741617357004	23.7875908390527	23.761034161293086	26.218633382297206	0.0
60.0	26.224995919677113	23.809444771792382	23.728944842333558	26.236614466196944	0.0
61.0	26.174372252697854	23.790633791712658	23.70266479663394	26.33232915895555	0.0
62.0	26.151135159658196	23.764630378073036	23.751075407133236	26.333159055135535	0.0
63.0	26.25487218215668	23.682470656254235	23.792570216132628	26.270086945456455	0.0
64.0	26.24712648447679	23.683300552434225	23.796719697032568	26.272853266056416	0.0
65.0	26.28557834081623	23.67583148681433	23.81663720535228	26.22195296701716	0.0
66.0	26.247403116536788	23.811934460332346	23.70875070195385	26.231911721177013	0.0
67.0	26.361928789375117	23.779845141372814	23.755778152153166	26.102447917098903	0.0
68.0	26.26455430425654	23.901009983651043	23.61220611301526	26.222229599077156	0.0
69.0	26.247956380656777	23.769056491032973	23.74222318121336	26.240763947096884	0.0
70.0	26.170150376771822	23.671616522633972	23.865258428955553	26.292974671638653	0.0
71.0	26.24899029577418	23.67908556759209	23.796653867858765	26.275270268774964	0.0
72.0	26.207495601562414	23.757372224004957	23.82459362862802	26.210538545804614	0.0
73.0	26.15355249908712	23.782269040532018	23.80827238223806	26.25590607814281	0.0
74.0	26.390902149978423	23.699003020813738	23.721686786982836	26.188408042225003	0.0
75.0	26.20500591990971	23.72141015568809	23.818784371438372	26.254799552963824	0.0
76.0	26.258119128500766	23.692917132329345	23.793334292321823	26.25562944684806	0.0
77.0	26.34027862304007	23.783098934416252	23.653912119770286	26.222710322773395	0.0
78.0	26.299060560123046	23.70508890929813	23.6588914830757	26.33695904750313	0.0
79.0	26.158808493687275	23.749073285162602	23.6785323050026	26.413585916147518	0.0
80.0	26.207772232857156	23.807995750943313	23.797483761743	26.186748254456532	0.0
81.0	26.282666607652157	23.875704370485735	23.668231473361864	26.173397548500247	0.0
82.0	26.172291026382254	23.81567554558456	23.792715211636185	26.219318216396996	0.0
83.0	26.19303831609464	23.813185870819076	23.80461032440462	26.18916548868166	0.0
84.0	26.238405722932395	23.78884238422321	23.757029873330882	26.215722019513514	0.0
85.0	26.220424738514993	23.814569023466568	23.729920081440028	26.23508615657841	0.0
86.0	26.177823636972224	23.79188532004769	23.706683116962154	26.323607926017935	0.0
87.0	26.160949174672815	23.752880415388404	23.7537103069769	26.332460102961885	0.0
88.0	26.2561100768203	23.679020064012306	23.792715211636185	26.27215464753121	0.0
89.0	26.243385072463365	23.682892891425283	23.80073749699164	26.272984539119705	0.0
90.0	26.289859001419114	23.66546516806688	23.821761417233528	26.222914413280478	0.0
91.0	26.25057746623033	23.809866304465093	23.710832574904632	26.22872365439995	0.0
92.0	26.350441087379284	23.77888368516126	23.763392375509344	26.10728285195011	0.0
93.0	26.26468562323475	23.903090792906088	23.6068194958132	26.225404088045966	0.0
94.0	26.251683988348322	23.769754877687813	23.74209182473796	26.236469309225907	0.0
95.0	26.176644702263385	23.666229591639144	23.86595628143206	26.291169424665416	0.0
96.0	26.252441257669563	23.6891898620724	23.791542874847163	26.266826005410877	0.0
97.0	26.20513756798176	23.769412493706675	23.826951484671945	26.19849845363962	0.0
98.0	26.15921702711525	23.78684016885481	23.80177817612464	26.252164627905305	0.0
99.0	26.386606693333775	23.698871903821363	23.73179084576784	26.182730557077022	0.0
100.0	26.20098812151792	23.722938693311647	23.821418889386823	26.25465429578361	0.0
101.0	26.26710263517513	23.68338063702302	23.791819504611418	26.257697223190423	0.0
102.0	26.333217148832343	23.77964779498415	23.664016553525094	26.22311850265841	0.0
103.0	26.29725527947905	23.700808312171155	23.663463293996582	26.33847311435321	0.0
104.0	26.157280618765455	23.744792444687878	23.693339308536242	26.40458762801042	0.0
105.0	26.209840273974116	23.804821103531456	23.79098961531865	26.194349007175777	0.0
106.0	26.27283918173142	23.871422841256447	23.67280321996155	26.18293475705058	0.0
107.0	26.17629566107415	23.81388400946071	23.794519979529454	26.21530034993568	0.0
108.0	26.198979238993626	23.81111771947053	23.80890468747839	26.180998354057454	0.0
109.0	26.238260556854176	23.787604254554005	23.761324499647298	26.212810688944522	0.0
110.0	26.218343268924883	23.814713896457764	23.734214857743538	26.232727976873814	0.0
111.0	26.18210487005353	23.792030318538295	23.701572635859417	26.324292175548763	0.0
112.0	26.165783759111466	23.75717506466203	23.753025629676756	26.324015546549745	0.0
113.0	26.251815377806054	23.678889057939944	23.79783952751767	26.27145603673633	0.0
114.0	26.247942571819806	23.679995573936015	23.797009640520617	26.275052213723566	0.0
115.0	26.296352646647946	23.657311996016542	23.820523105437143	26.22581225189837	0.0
116.0	26.249049087815873	23.810287832473477	23.714574198813263	26.226088880897386	0.0
117.0	26.35223170444958	23.784837964563827	23.753855516673813	26.109074814312784	0.0
118.0	26.260944134773652	23.911257417115035	23.608072034191345	26.219726413919968	0.0
119.0	26.25817784478347	23.76215438664435	23.753025629676756	26.22664213889542	0.0
120.0	26.179410999905944	23.66429318328935	23.868169319546105	26.288126497258602	0.0
121.0	26.255484185076376	23.683104007258766	23.80316132494592	26.258250482718935	0.0
122.0	26.20956364420986	23.767752715121134	23.830547671607274	26.192135969061724	0.0
123.0	26.168069179571447	23.782137462862455	23.80177817612464	26.248015181441463	0.0
124.0	26.39047951003336	23.690296381129425	23.731514216003585	26.187709892833627	0.0
125.0	26.19462563694003	23.73400388388189	23.826951484671945	26.24441899450613	0.0
126.0	26.263229818475548	23.689743121600912	23.791266245082905	26.255760814840635	0.0
127.0	26.340962782231518	23.778541275927125	23.664569813053603	26.215926128787753	0.0
128.0	26.29670201995054	23.690573010893683	23.6665062214034	26.34621874775238	0.0
129.0	26.156727359236942	23.754474486436845	23.692232789479217	26.396565364846996	0.0
130.0	26.216202758552008	23.798458618953568	23.795139061782493	26.190199560711935	0.0
131.0	26.268005189588735	23.873767956779247	23.67653038924682	26.1816964643852	0.0
132.0	26.181419833855703	23.817888589820548	23.79437499481318	26.20631658151057	0.0
133.0	26.196911143507617	23.809036412876598	23.81263260976008	26.181419833855703	0.0
134.0	26.24061876716838	23.786905970516717	23.759519548096367	26.212955714218534	0.0
135.0	26.22651061016396	23.814845653996066	23.72743040667454	26.23121332916543	0.0
136.0	26.175887223265732	23.790778797929697	23.71138583596363	26.321948142840938	0.0
137.0	26.16129817533998	23.763181481194604	23.75045644163633	26.325063901829086	0.0
138.0	26.25867239109026	23.674936098170914	23.798313655627233	26.268077855111592	0.0
139.0	26.247956380656777	23.679704335654275	23.8011458099925	26.271193473696442	0.0
140.0	26.29719688733606	23.65342428995466	23.82051005419222	26.22886876851706	0.0
141.0	26.244360163876834	23.80280560235248	23.720922512593674	26.231911721177013	0.0
142.0	26.35750267641518	23.781228301672794	23.75550152009317	26.105767501818853	0.0
143.0	26.26925704927647	23.909308945450924	23.608609896235315	26.212824109037292	0.0
144.0	26.256255342456658	23.761034161293086	23.75411835979319	26.228592136457063	0.0
145.0	26.17721098785582	23.66289523914908	23.868986693961105	26.290907079034	0.0
146.0	26.249965420896842	23.669534426955103	23.81255359760989	26.267946554538163	0.0
147.0	26.212066723837452	23.76690918144347	23.83302442667847	26.18799966804061	0.0
148.0	26.168358737447782	23.790146338764558	23.800658386124095	26.240836537663558	0.0
149.0	26.40183684195967	23.683642701042906	23.72458435918006	26.189936097817366	0.0
150.0	26.20708733298293	23.728733851558825	23.818362886940164	26.24581592851808	0.0
151.0	26.262413898033138	23.686132396470168	23.800658386124095	26.250795319372592	0.0
152.0	26.343190683006444	23.781017455531273	23.664278403275333	26.211513458186946	0.0
153.0	26.300865860743034	23.691111787324683	23.67174748955711	26.33627486237517	0.0
154.0	26.158676588564	23.75390743865667	23.69581454535395	26.391601427425375	0.0
155.0	26.221472239895988	23.79401919831807	23.80397798002711	26.18053058175883	0.0
156.0	26.272168724359524	23.86490321973836	23.679282080505907	26.183645975396207	0.0
157.0	26.18558241052978	23.814555906265475	23.787722447985967	26.212139235218775	0.0
158.0	26.20107389159836	23.808193333683736	23.80238402828302	26.188348746434887	0.0
159.0	26.243398830946447	23.78274304335678	23.76559176074514	26.208266364951633	0.0
160.0	26.23288675450705	23.806256898550163	23.736545233741552	26.22431111320123	0.0
161.0	26.181709540262638	23.78938224952903	23.712201477776638	26.316706732431694	0.0
162.0	26.167396981365908	23.7540388615943	23.76538087018103	26.31318328685876	0.0
163.0	26.262005931040587	23.67049528615058	23.799683530296996	26.267815252511838	0.0
164.0	26.255715973188526	23.671114037295947	23.80334562515388	26.26982436436165	0.0
165.0	26.296657971102693	23.654792565154487	23.82326335386888	26.225286109873934	0.0
166.0	26.250459905888736	23.79615311200679	23.72035508884137	26.233031893263103	0.0
167.0	26.36249712991062	23.773192396960333	23.758807370666165	26.105503102462883	0.0
168.0	26.27314398581415	23.901827728244722	23.611637486271984	26.213390799669146	0.0
169.0	26.2548860678254	23.761573721876584	23.758254100424082	26.225286109873934	0.0
170.0	26.178607193639586	23.65596454634481	23.878103163054725	26.287325096960878	0.0
171.0	26.251915703512722	23.672562699523635	23.817243268065706	26.258278328897937	0.0
172.0	26.216229674178255	23.759703003712453	23.836607780107666	26.18745954200163	0.0
173.0	26.175840834776448	23.789856315320648	23.79649557659218	26.23780727331072	0.0
174.0	26.406555163962093	23.681691683771984	23.717377713106455	26.19437543915947	0.0
175.0	26.207653961702526	23.72899642033163	23.81834981161096	26.24499980635488	0.0
176.0	26.263811046624213	23.68418140674881	23.79760212013743	26.254405426489548	0.0
177.0	26.34348218188256	23.780727331072296	23.65679445400375	26.218996033041392	0.0
178.0	26.300050347731307	23.6941402986561	23.67007297654681	26.33573637706578	0.0
179.0	26.167265122300726	23.748637568259905	23.696630021632924	26.387467287806444	0.0
180.0	26.212910043542486	23.797325484251118	23.80396474552265	26.185799726683744	0.0
181.0	26.277715534531172	23.870700029046848	23.67318145981161	26.17840297661037	0.0
182.0	26.18919180602238	23.806243689226385	23.789092216827807	26.215472287923426	0.0
183.0	26.195554449008952	23.800157682891406	23.815372698728854	26.18891516937079	0.0
184.0	26.24245123560444	23.77760503260181	23.760176827126035	26.21976690466772	0.0
185.0	26.225576306492975	23.805268850817328	23.734449476185603	26.234705366504095	0.0
186.0	26.1815908355303	23.787564007159396	23.712871697977498	26.317973459332805	0.0
187.0	26.163958371371187	23.753326583343014	23.768818364399888	26.313896680885907	0.0
188.0	26.261611919818968	23.66812178753022	23.806994539147176	26.26327175350363	0.0
189.0	26.248682503368087	23.671783579219934	23.79986776621731	26.279666151194668	0.0
190.0	26.29930757079902	23.660994630423176	23.82393542122546	26.21576237755235	0.0
191.0	26.24619274595345	23.79986776621731	23.734304154298567	26.21963533353067	0.0
192.0	26.3583047471506	23.776142525174286	23.763970344140755	26.10158238353436	0.0
193.0	26.265906827486994	23.894268009295118	23.62150049795286	26.21832466526502	0.0
194.0	26.263417063184686	23.756501051233816	23.758714175058092	26.221367710523403	0.0
195.0	26.188519941684024	23.65642264142592	23.871096246254968	26.283961170635084	0.0
196.0	26.25187078640806	23.666658367429367	23.818257768777716	26.263213077384854	0.0
197.0	26.217435687471124	23.759187998129892	23.835264760966812	26.18811155343217	0.0
198.0	26.176769199700118	23.780489491724232	23.796534772613473	26.24620653596218	0.0
199.0	26.409979058142014	23.680344807553453	23.715755082619363	26.19392105168517	0.0
200.0	26.212456117539983	23.721564580872364	23.823092478912905	26.24288682267475	0.0
201.0	26.262805102399323	23.674535309300452	23.796534772613473	26.26612481568675	0.0
202.0	26.348011076776668	23.77467999347123	23.655170315123783	26.222138614628314	0.0
203.0	26.296555520821517	23.692517089607364	23.66955573936931	26.34137165020181	0.0
204.0	26.180365555761504	23.742036146144844	23.692517089607364	26.385081208486294	0.0
205.0	26.211626189218123	23.78712891829909	23.805940626927853	26.19530426555493	0.0
206.0	26.279476369108878	23.872677577487856	23.679027100001107	26.168818953402162	0.0
207.0	26.180161338512097	23.8214985227235	23.79466409941462	26.203676039349777	0.0
208.0	26.192333654239842	23.809049563456494	23.819285374409365	26.179331407894303	0.0
209.0	26.24662839753786	23.777577979113353	23.751850058786914	26.223943564561864	0.0
210.0	26.232796182308597	23.807178919703993	23.729165225810913	26.2308596721765	0.0
211.0	26.193512691057474	23.788367106992183	23.7048205270074	26.313299674942943	0.0
212.0	26.168410452757325	23.754682217808195	23.764088150185074	26.31281917924941	0.0
213.0	26.268555968064096	23.672795277115366	23.802541814902316	26.256106939918222	0.0
214.0	26.265032243072095	23.664008100190056	23.802054371972456	26.268905284765392	0.0
215.0	26.308756767523633	23.665653209542175	23.812277124732688	26.213312898201508	0.0
216.0	26.251490445930358	23.79125180859216	23.729835753550095	26.227421991927386	0.0
217.0	26.360286387730035	23.770568902364804	23.75950291588744	26.10964179401773	0.0
218.0	26.269821948277578	23.900594243473837	23.626434428497127	26.203149379751455	0.0
219.0	26.270724575134107	23.758738695371914	23.758738695371914	26.211798034122065	0.0
220.0	26.18531203488018	23.659763297239575	23.876657832271913	26.278266835608328	0.0
221.0	26.2486651579955	23.66944608898209	23.82409410566969	26.25779464735272	0.0
222.0	26.214986236565093	23.769382927807673	23.84601552017484	26.169615315452393	0.0
223.0	26.171275227200418	23.800091295146142	23.79566486381807	26.232968613835368	0.0
224.0	26.394256705351832	23.693303639356508	23.732311565435104	26.18012808985656	0.0
225.0	26.205580069992944	23.738121256553192	23.833012878148647	26.223285795305216	0.0
226.0	26.252334250895657	23.674491306212218	23.80645429018024	26.26672015271188	0.0
227.0	26.335606490254936	23.784875437455906	23.660382056354003	26.219136015935153	0.0
228.0	26.287337846473914	23.700351073277208	23.670472496493417	26.34183858375546	0.0
229.0	26.178889678888297	23.736592680301996	23.692328122103785	26.392189518705926	0.0
230.0	26.20544841380722	23.78639030827498	23.80990585481778	26.198255423100015	0.0
231.0	26.280217560905434	23.866962502282398	23.678284300977694	26.174535635834474	0.0
232.0	26.186155114507198	23.80194875256597	23.80194875256597	26.209947380360866	0.0
233.0	26.187261731523648	23.808588454664665	23.817441390796265	26.18670842301542	0.0
234.0	26.241835218737293	23.775455719980858	23.76162296900634	26.221086092275513	0.0
235.0	26.23187563803564	23.800907981773967	23.7253811614531	26.241835218737293	0.0
236.0	26.185950904800244	23.789011815935883	23.70767524020572	26.317362039058157	0.0
237.0	26.165274165882806	23.753389033364687	23.771095003596525	26.31024179715598	0.0
238.0	26.256017263320974	23.67371216732142	23.813699994466884	26.25657057489072	0.0
239.0	26.258026498164384	23.66464799603828	23.80684946287131	26.270476042926035	0.0
240.0	26.303746966984747	23.66346741773854	23.814806924543284	26.21797869073343	0.0
241.0	26.24956076884129	23.795676581993046	23.720419337791586	26.23434331137408	0.0
242.0	26.366672477290148	23.775964494323574	23.753552089472535	26.103810938913746	0.0
243.0	26.27348218411637	23.891021082428725	23.621506899729102	26.213989833725797	0.0
244.0	26.272300365550276	23.755233512188237	23.754680067409577	26.21778605485191	0.0
245.0	26.17418833504909	23.64731732695735	23.890567750362525	26.287926587631034	0.0
246.0	26.243558733831108	23.674247665646394	23.822030098909067	26.26016350161343	0.0
247.0	26.215411355094403	23.776839238565476	23.83246890550706	26.175280500833058	0.0
248.0	26.166186003000224	23.799217283964285	23.795619225808593	26.238977487226894	0.0
249.0	26.40338106757153	23.691275539293564	23.713970983044845	26.191372410090064	0.0
