# Position (bp)	A	C	G	T	N
0.0	26.19015132909454	23.844565523890957	23.71115578316066	26.25412736385384	0.0
1.0	26.109643949753348	23.909002980476814	23.727081709938663	26.254271359831176	0.0
2.0	26.23628080661734	23.685367103033755	23.86722882144513	26.21112326890377	0.0
3.0	26.21696864312048	23.921018591166998	23.6320178853267	26.22999488038582	0.0
4.0	26.218755486140115	23.750976154586564	23.84995368941031	26.180314669863	0.0
5.0	26.265678259580866	23.75292242456137	23.785284590467377	26.196114725390384	0.0
6.0	26.1365182553481	23.995464509789098	23.751455136442665	26.116562098420136	0.0
7.0	26.125328312060425	23.78112730800734	23.881774411456238	26.211769968475995	0.0
8.0	26.107658516394704	23.923309092996487	23.773758198863412	26.195274191745394	0.0
9.0	26.164114644680016	23.864576726767538	23.797227507474858	26.174081121077585	0.0
10.0	26.057464741112828	23.790390745749615	23.79703197449768	26.355112538639876	0.0
11.0	26.10938707496136	23.894235413446676	23.7891832496136	26.207194261978362	0.0
12.0	26.143196966769704	23.82027627511592	23.830539992272023	26.205986765842347	0.0
13.0	26.409751738794434	23.798239470633696	23.719752221792888	26.07225656877898	0.0
14.0	26.234061051004637	23.822993141421946	23.798541344667697	26.14440446290572	0.0
15.0	26.18334621329212	23.806390069551778	23.79793759659969	26.212326120556412	0.0
16.0	26.13836698222566	23.804578825347757	23.828426874034005	26.228627318392583	0.0
17.0	26.091274632921174	23.775598918083464	23.761410838485318	26.371715610510044	0.0
18.0	26.196628670788254	23.86133114374034	23.77620266615147	26.16583751931994	0.0
19.0	26.203873647604325	23.817559408809892	23.883367948222567	26.095198995363216	0.0
20.0	26.3182839064915	23.86827424652241	23.76080709041731	26.052634756568775	0.0
21.0	26.141385722565687	23.814842542503865	23.86163301777434	26.182138717156107	0.0
22.0	26.151045691653785	23.819672527047913	23.917177840030913	26.11210394126739	0.0
23.0	26.2108167503864	23.92019658037094	23.758392098145286	26.110594571097373	0.0
24.0	26.09851960973725	23.775900792117465	23.99626883693972	26.129310761205566	0.0
25.0	26.177308732612055	23.833256858578054	23.745411514683155	26.24402289412674	0.0
26.0	26.10266704903929	23.898993253135707	23.738094878722475	26.260244819102528	0.0
27.0	26.224623790620804	23.701568230872564	23.884503343244834	26.189304635261802	0.0
28.0	26.202888925784496	23.906841954326595	23.655381643095406	26.234887476793507	0.0
29.0	26.22492566374353	23.76164098229514	23.857636635322173	26.155796718639156	0.0
30.0	26.246358655457115	23.77914962341328	23.789111436463255	26.185380284666355	0.0
31.0	26.13798620439829	23.991970174935474	23.769489683486032	26.100553937180205	0.0
32.0	26.095041447054633	23.794775195764128	23.910995997174474	26.19918736000676	0.0
33.0	26.10470135782121	23.927598968804524	23.777266607499715	26.19043306587455	0.0
34.0	26.158434611460272	23.885034986989307	23.798699534513048	26.15783086703737	0.0
35.0	26.057005548411244	23.791152729226663	23.803529489896338	26.348312232465755	0.0
36.0	26.10319199676393	23.894091153332973	23.797190173455775	26.205526676447327	0.0
37.0	26.133982962332386	23.82315118364094	23.847300960557376	26.195564893469296	0.0
38.0	26.382725664571673	23.807151956433803	23.73711760337614	26.073004775618386	0.0
39.0	26.210658504042065	23.847300960557376	23.787228390477743	26.15481214492281	0.0
40.0	26.18982932145164	23.80383136210779	23.791152729226663	26.2151865872139	0.0
41.0	26.155717761557177	23.799605151147414	23.821038078160754	26.223639009134654	0.0
42.0	26.08990961945989	23.773644140962247	23.748588747411446	26.387857492166418	0.0
43.0	26.19103681029746	23.862092698918694	23.78541715720901	26.16145333357483	0.0
44.0	26.192546171354742	23.8180193560462	23.88805370910386	26.101380763495197	0.0
45.0	26.342576660448096	23.853640276997943	23.76760669673314	26.036176365820822	0.0
46.0	26.149680317328066	23.814095017297277	23.860885210072873	26.17533945530178	0.0
47.0	26.16688703338103	23.801718256627606	23.913712847077576	26.117681862913788	0.0
48.0	26.217903437117002	23.91582595255776	23.7543243194291	26.11194629089614	0.0
49.0	26.107418207724308	23.773342268750792	23.987671538884157	26.131567984640743	0.0
50.0	26.17413196645596	23.826773650178406	23.740136325490692	26.258958057874942	0.0
51.0	26.123036704531387	23.894924637829906	23.73312162092813	26.248917036710566	0.0
52.0	26.209070025085506	23.697802678805918	23.887377855325163	26.205749440783414	0.0
53.0	26.17978850896709	23.91032007413959	23.67636981649244	26.233521600400884	0.0
54.0	26.215409322389494	23.76240313704655	23.86654873561206	26.1556388049519	0.0
55.0	26.229295402198225	23.762705008346742	23.803457633872373	26.204541955582656	0.0
56.0	26.12514980363272	24.004503919798832	23.754856354541804	26.11548992202664	0.0
57.0	26.10907180892812	23.791310962725046	23.89424876535011	26.205368462996724	0.0
58.0	26.102430660371663	23.92292645229844	23.791914703502904	26.182728183826992	0.0
59.0	26.169144016325152	23.869193523068937	23.79674462972578	26.164917830880135	0.0
60.0	26.04567902725286	23.79644275933685	23.823309223951604	26.334568989458685	0.0
61.0	26.095487641426278	23.87975898668148	23.807310093338323	26.21744327855392	0.0
62.0	26.142579422099328	23.824214835118394	23.841723317676323	26.191482425105956	0.0
63.0	26.378340195853507	23.786481036502167	23.744822922829854	26.09035584481447	0.0
64.0	26.221065723221077	23.849571947788498	23.784669814168588	26.144692514821838	0.0
65.0	26.192991777050604	23.80157455594866	23.80006520400401	26.205368462996724	0.0
66.0	26.141975681321465	23.803083907893306	23.81485685306157	26.240083557723654	0.0
67.0	26.085525918591596	23.77048190588889	23.762029534998852	26.38196264052067	0.0
68.0	26.190878684328094	23.87341970851395	23.78285859183501	26.15284301532294	0.0
69.0	26.181822572660202	23.821196131229094	23.883381431348635	26.113599864762065	0.0
70.0	26.328531581680092	23.84504389195455	23.766255720443873	26.060168805921492	0.0
71.0	26.157069200767957	23.790707221947187	23.871004745402512	26.18121883188234	0.0
72.0	26.16672905321371	23.805800741393675	23.917190914908776	26.110279290483838	0.0
73.0	26.196916092106694	23.92262458190951	23.76776507238852	26.112694253595276	0.0
74.0	26.1018269195938	23.757199608775974	24.006544550032	26.134428921598225	0.0
75.0	26.181822572660202	23.817271816173008	23.73455932960624	26.266346281560548	0.0
76.0	26.11352103577455	23.882101856799157	23.73539329064899	26.268983816777304	0.0
77.0	26.22611835094742	23.689207260564675	23.880894378888456	26.20378000959945	0.0
78.0	26.189592144148715	23.898704678071294	23.681660523622796	26.23004265415719	0.0
79.0	26.21072300758598	23.763769021550463	23.870932686125172	26.154575284738385	0.0
80.0	26.24755108386236	23.753505459309505	23.809351312679425	26.189592144148715	0.0
81.0	26.119558425328055	24.004057125779955	23.755316676175557	26.121067772716433	0.0
82.0	26.11827210432578	23.774262686026503	23.894406375464122	26.213058834183595	0.0
83.0	26.090802064780995	23.923385757841036	23.801732725571288	26.184079451806685	0.0
84.0	26.17079723488393	23.877501735744257	23.791167325746372	26.160533703625443	0.0
85.0	26.054879705376276	23.78180940018716	23.829504633682493	26.333806260754066	0.0
86.0	26.11314033869653	23.869351284450747	23.80686449120053	26.210643885652186	0.0
87.0	26.15751501796118	23.807770096899812	23.828900896549644	26.205813988589366	0.0
88.0	26.409877139493464	23.773357080327226	23.737434720922508	26.0793310592568	0.0
89.0	26.233887765267006	23.827089685151083	23.7926766685785	26.146345881003413	0.0
90.0	26.197059800163007	23.79177106287922	23.805355148368402	26.205813988589366	0.0
91.0	26.16838228635252	23.780300057355028	23.819241102424005	26.232076553868446	0.0
92.0	26.083557219186766	23.763999154768015	23.76098046910375	26.39146315694147	0.0
93.0	26.190116823135206	23.86120083315724	23.78935611434781	26.159326229359735	0.0
94.0	26.186494400338095	23.811694388263348	23.885652187037763	26.11615902436079	0.0
95.0	26.349503426208226	23.821656050955415	23.77245147462795	26.056389048208413	0.0
96.0	26.161137440758292	23.793884142844206	23.861804570290097	26.183173846107405	0.0
97.0	26.181362634708847	23.803242068403417	23.914933437981105	26.10046185890663	0.0
98.0	26.20641772572222	23.91282035801612	23.773658948893654	26.107102967368007	0.0
99.0	26.10649923023515	23.761282337670178	23.9979472937483	26.134271138346364	0.0
100.0	26.186192531771667	23.819542970990433	23.732906692426116	26.261357804811787	0.0
101.0	26.132682909158966	23.87259977480673	23.751852712733683	26.24286460330062	0.0
102.0	26.232902970679596	23.664311092730724	23.900975334393895	26.201810602195785	0.0
103.0	26.17584998385008	23.898560393152437	23.68121568142095	26.244373941576534	0.0
104.0	26.218413323230827	23.758795668802886	23.87350537777228	26.149285630194008	0.0
105.0	26.246788882817995	23.738570535905648	23.827017758874156	26.1876228224022	0.0
106.0	26.132381041503784	24.010553293225183	23.76060687473398	26.096458790537053	0.0
107.0	26.124755487937406	23.779854620976117	23.884602381124875	26.2107875099616	0.0
108.0	26.097889347726337	23.923845057837667	23.80521142746746	26.173054166968534	0.0
109.0	26.19659977299621	23.854113839986475	23.7946460914294	26.154640295587917	0.0
110.0	26.051100002414934	23.783175155159505	23.818795430944963	26.346929411480595	0.0
111.0	26.13049095607235	23.870112777415535	23.797664758868844	26.201731507643267	0.0
112.0	26.14830109396508	23.801589026540125	23.85351010649859	26.19659977299621	0.0
113.0	26.401869158878505	23.768383684706222	23.747253012630104	26.08249414378517	0.0
114.0	26.22739018087855	23.84445410418025	23.78076022120795	26.147395493733246	0.0
115.0	26.196297906252262	23.79947595933251	23.79857035910068	26.205655775314547	0.0
116.0	26.165205631625977	23.771402352145667	23.846869038131807	26.216522978096553	0.0
117.0	26.073136274722884	23.761138882851554	23.770496751913836	26.395228090511726	0.0
118.0	26.204750175082715	23.84958583882731	23.793740491197564	26.151923494892415	0.0
119.0	26.199014706947764	23.813361829553962	23.86709410997609	26.12052935352218	0.0
120.0	26.33606220869859	23.819701031176795	23.786495689342896	26.057741070781717	0.0
121.0	26.15433842884397	23.794947958173342	23.861358641841147	26.189354971141537	0.0
122.0	26.17003549952909	23.81064502885846	23.918411456446666	26.100908015165786	0.0
123.0	26.19750537322804	23.89758265111449	23.78076022120795	26.124151754449514	0.0
124.0	26.10151174865367	23.749366079837717	24.00353787823903	26.14558429326958	0.0
125.0	26.191468038349154	23.814267429785797	23.741819411239103	26.25244512062595	0.0
126.0	26.14445574771109	23.872901642461912	23.756984462871788	26.22565814695521	0.0
127.0	26.23924219143843	23.670348445834378	23.89674918722134	26.193660175505855	0.0
128.0	26.198490057988778	23.902484672669807	23.664009225075542	26.235016044265873	0.0
129.0	26.229280558817404	23.755475124595872	23.876222186668922	26.139022129917798	0.0
130.0	26.244675809231715	23.741891080112655	23.81494305266685	26.198490057988778	0.0
131.0	26.141135203504078	24.006025278397445	23.74913590383704	26.103703614261438	0.0
132.0	26.12672442418571	23.77064026322939	23.903160563890484	26.199474748694417	0.0
133.0	26.10136746460591	23.92398949497389	23.802638331270565	26.172004709149636	0.0
134.0	26.185588794638814	23.86391765025508	23.79660095994204	26.153892595164063	0.0
135.0	26.051257282579165	23.780601925921456	23.823165393787544	26.344975397711835	0.0
136.0	26.11827210432578	23.877501735744257	23.803242068403417	26.200984091526546	0.0
137.0	26.16143930932472	23.800827119872007	23.8445980620038	26.19313550879947	0.0
138.0	26.39629305400429	23.759471126271624	23.764602891900864	26.079632927823226	0.0
139.0	26.22513357684064	23.84882422193377	23.777281371690766	26.148760829534822	0.0
140.0	26.217284994113566	23.804449542669122	23.78965798291424	26.188607480303077	0.0
141.0	26.15177951519908	23.786337428683552	23.84007003350741	26.221813022609957	0.0
142.0	26.085972167718175	23.75313188637667	23.75796178343949	26.402934162465662	0.0
143.0	26.202493434358683	23.84007003350741	23.802336462704137	26.15510006942977	0.0
144.0	26.203097171491535	23.805355148368402	23.87327557581429	26.11827210432578	0.0
145.0	26.344069792012558	23.83222145078033	23.788450508648534	26.03525824855858	0.0
146.0	26.15177951519908	23.791469194312796	23.860295227457964	26.196456063030155	0.0
147.0	26.175023394813895	23.798714039907022	23.928819392036708	26.097443173242368	0.0
148.0	26.207625199987927	23.891991426932712	23.777885108823618	26.122498264255746	0.0
149.0	26.100159990340206	23.75554683490808	24.005795876475382	26.13849729827633	0.0
150.0	26.186796268904516	23.821957919521843	23.742264617985327	26.24898119358831	0.0
151.0	26.15246219839466	23.873347641946573	23.76195780468441	26.212232354974358	0.0
152.0	26.24181556378653	23.671396961381838	23.899610286504323	26.18717718832731	0.0
153.0	26.192912708403142	23.9035345897141	23.67833995936837	26.225212742514394	0.0
154.0	26.254795951326564	23.745656852889947	23.86549903552702	26.13404816025647	0.0
155.0	26.261135210357743	23.734185812738286	23.82172796126411	26.182951015639862	0.0
156.0	26.145217330930453	23.998321605704128	23.74475124445692	26.1117098189085	0.0
157.0	26.100921308427015	23.778028665612133	23.915077822186266	26.205972203774586	0.0
158.0	26.10756245698347	23.915983433353055	23.80157455594866	26.17487955371482	0.0
159.0	26.18242631343806	23.859533670623183	23.793122185058625	26.164917830880135	0.0
160.0	26.050207083086807	23.781651110279288	23.828139150174483	26.340002656459422	0.0
161.0	26.12265597642996	23.881570209015056	23.805498871004747	26.190274943550236	0.0
162.0	26.15374862648973	23.794631537003273	23.85983554101211	26.191784295494884	0.0
163.0	26.39101875218856	23.76776507238852	23.76263327577671	26.078582899646207	0.0
164.0	26.236762983445427	23.81847929772873	23.78346233261287	26.161295386212974	0.0
165.0	26.207783426108165	23.80368764867117	23.799159592837217	26.18936933238345	0.0
166.0	26.140768199765745	23.7949334073922	23.8323653356195	26.23193305722255	0.0
167.0	26.07284736225654	23.740596737384838	23.78316046222394	26.40339543813468	0.0
168.0	26.201444147940638	23.835987780286654	23.805800741393675	26.156767330379026	0.0
169.0	26.212915222719975	23.804895130226885	23.868287911902144	26.113901735150996	0.0
170.0	26.334870859847616	23.817271816173008	23.790707221947187	26.05715010203219	0.0
171.0	26.16552157165799	23.79523527778113	23.87613654201432	26.163106608546556	0.0
172.0	26.184237535771643	23.79704650011471	23.919002137242355	26.099713826871294	0.0
173.0	26.218348889720712	23.887003876015793	23.77953801755678	26.115109216706717	0.0
174.0	26.104845623483104	23.760218312665273	24.009261383532365	26.12567468031926	0.0
175.0	26.194802999384187	23.807310093338323	23.74904910827487	26.248837799002622	0.0
176.0	26.150506992848673	23.86866183471339	23.76330875094712	26.217522421490823	0.0
177.0	26.237445927303355	23.677879172993386	23.89069843962725	26.193976460076012	0.0
178.0	26.215409322389494	23.873793646816615	23.68512408419794	26.225672946595946	0.0
179.0	26.268538671222913	23.729197294025663	23.88345352842269	26.11881050632873	0.0
180.0	26.257369433115883	23.731612264427184	23.829418565688705	26.181599736768224	0.0
181.0	26.132394714837275	23.999372107695606	23.76451623614788	26.103716941319238	0.0
182.0	26.10047514686083	23.76821044115605	23.926391479958703	26.204922932024417	0.0
183.0	26.11104067426177	23.91582595255776	23.80926506191399	26.163868311266476	0.0
184.0	26.176546944147606	23.875676948434187	23.790548984803753	26.157227122614458	0.0
185.0	26.04945874312486	23.771832907693515	23.846697216134466	26.332011133047157	0.0
186.0	26.096550808111914	23.89197804785278	23.827075522389862	26.184395621645447	0.0
187.0	26.147869084059337	23.786624646054833	23.87145073747381	26.19405553241202	0.0
188.0	26.3812163035144	23.764286102407127	23.77605911865389	26.07843847542458	0.0
189.0	26.229978325575214	23.817113739411834	23.799605151147414	26.153302783865534	0.0
190.0	26.20824352635043	23.799605151147414	23.80202012883906	26.190131193663095	0.0
191.0	26.158132739248824	23.78390779615173	23.843376621808456	26.21458284279099	0.0
192.0	26.0877965139797	23.729570798089753	23.80262387326197	26.380008814668578	0.0
193.0	26.190131193663095	23.843376621808456	23.826169905755496	26.14032227877295	0.0
194.0	26.21579033163681	23.801718256627606	23.88624247583513	26.096248935900455	0.0
195.0	26.348312232465755	23.81983058931493	23.78934149595793	26.042515682261385	0.0
196.0	26.163264566843562	23.802925745473427	23.87477133179982	26.159038355883187	0.0
197.0	26.177754432993428	23.788435879323565	23.928504585438894	26.10530510224412	0.0
198.0	26.19405553241202	23.904354808522456	23.800510767781784	26.10107889128374	0.0
199.0	26.115568757433604	23.757343041543656	24.004576382725666	26.122511818297077	0.0
200.0	26.200394848852582	23.79537894018704	23.761267380292576	26.2429588306678	0.0
201.0	26.15670233800734	23.877560261422122	23.755905392963335	26.209832007607204	0.0
202.0	26.23005750682988	23.67168279172264	23.90986068555386	26.18839901589362	0.0
203.0	26.204096418275398	23.88148461201757	23.69432327592713	26.220095693779903	0.0
204.0	26.247264274825287	23.73658551310884	23.89718201439935	26.11896819766652	0.0
205.0	26.25450922977073	23.74684919928154	23.824430591822257	26.174210979125473	0.0
206.0	26.134363726925574	23.992875794303654	23.770697175976938	26.102063302793837	0.0
207.0	26.107877704791342	23.763222082689335	23.91778158809892	26.211118624420404	0.0
208.0	26.11633017774343	23.915970343894898	23.808503187789796	26.159196290571867	0.0
209.0	26.17549748840804	23.867670498454405	23.805182573415763	26.15164943972179	0.0
210.0	26.02939045595054	23.768052067233388	23.856803033230296	26.34575444358578	0.0
211.0	26.104858964451317	23.8866885625966	23.82238939335394	26.186063079598142	0.0
212.0	26.165233771251934	23.78314576893354	23.860727395672335	26.190893064142195	0.0
213.0	26.374734350850076	23.753260239567233	23.774995170015455	26.097010239567233	0.0
214.0	26.2210804675425	23.825408133693973	23.806691943585783	26.146819455177745	0.0
215.0	26.214137364760433	23.790692619783616	23.806691943585783	26.18847807187017	0.0
216.0	26.141385722565687	23.79974884080371	23.843218701700156	26.21564673493045	0.0
217.0	26.08010529366306	23.74239277434312	23.79461698222566	26.382884949768158	0.0
218.0	26.196930544822255	23.83687934698609	23.823596889489952	26.1425932187017	0.0
219.0	26.200553033230296	23.797635722565687	23.90419725656878	26.09761398763524	0.0
220.0	26.350282554095827	23.804276951313756	23.78797575347759	26.057464741112828	0.0
221.0	26.16493189721793	23.81152192812983	23.87400985316847	26.149536321483772	0.0
222.0	26.18666682766615	23.774089547913448	23.93136591962906	26.107877704791342	0.0
223.0	26.195723048686244	23.9066122488408	23.792201989953632	26.105462712519316	0.0
224.0	26.115726429675423	23.752354617465222	23.99023135625966	26.141687596599688	0.0
225.0	26.185459331530136	23.779523280525503	23.76865581530139	26.266361572642964	0.0
226.0	26.151728384999227	23.855667551160256	23.755746944270868	26.236857119569645	0.0
227.0	26.243800243311206	23.65190196309277	23.910608791202158	26.193689002393867	0.0
228.0	26.18976462810516	23.88585504568877	23.704730078517674	26.219650247688392	0.0
229.0	26.25466774134147	23.73431382315562	23.904269417351166	26.106749018151742	0.0
230.0	26.243196493420633	23.737634447553756	23.840573803896	26.17859525512961	0.0
231.0	26.128182139266986	23.99603940071786	23.772651941206835	26.103126518808317	0.0
232.0	26.102903441988516	23.757629912274876	23.920340998967585	26.21912564676902	0.0
233.0	26.107431579837108	23.91219035084012	23.811665690601398	26.168712378721377	0.0
234.0	26.17595739927912	23.861777082792475	23.80985443546196	26.152411082466447	0.0
235.0	26.046452656809414	23.75913929155774	23.864795841358198	26.329612210274643	0.0
236.0	26.10320531784509	23.87053148263308	23.806533801039663	26.219729398482166	0.0
237.0	26.170221758004235	23.763063677693186	23.857248944943883	26.209465619358696	0.0
238.0	26.377610471469715	23.75370552613943	23.76668618797206	26.101997814418798	0.0
239.0	26.23059692931879	23.827665110999753	23.79627002191619	26.14546793776527	0.0
240.0	26.212020537601934	23.792811839323466	23.806402899426153	26.188764723648443	0.0
241.0	26.156472347689473	23.796848799794553	23.81950843693823	26.227170415577746	0.0
242.0	26.080031432284585	23.72381902257684	23.806631003113004	26.38951854202557	0.0
243.0	26.215664635897745	23.826815220184734	23.817140092820754	26.140380051096766	0.0
244.0	26.21358342431492	23.805620998448525	23.880926530229576	26.099869047006983	0.0
245.0	26.35400806971556	23.805660908493785	23.784169918061814	26.056161103728837	0.0
246.0	26.169928542651768	23.81204809058332	23.87141918110303	26.146604185661882	0.0
247.0	26.19176056295344	23.77672180232382	23.917945050216076	26.113572584506656	0.0
248.0	26.208441584032354	23.89144715900651	23.78382802765963	26.11628322930151	0.0
249.0	26.105066587442817	23.74532766236089	24.006038797454732	26.14356695274156	0.0
