# Position (bp)	A	C	G	T	N
0.0	26.75441315205494	22.47349269376938	28.81453063881878	21.584523644321198	0.3730398710357015
1.0	25.953254859554225	22.03337841696467	26.810390403985064	25.202936328102194	3.9991393852043044E-5
2.0	24.992211679161972	23.095940515224918	23.171764167645456	28.73996366383408	1.1997413357680084E-4
3.0	28.14744015292697	22.34797283786702	24.051324913818615	25.45322210402553	3.999136186583698E-5
4.0	28.456013501083767	22.23079814760012	23.184152223119806	26.129036128196308	0.0
5.0	27.489662232957677	22.852263910995223	23.63581466403257	26.022259192014523	0.0
6.0	27.171360117670535	22.838057844282496	24.191245014578843	25.799337023468123	0.0
7.0	26.443677588169923	23.26468552205303	24.209001172146348	26.047043419803956	0.035592297826750295
8.0	25.825691320398263	23.93366075581244	24.345931540414654	25.89471638337464	0.0
9.0	26.07355768211759	23.84983889486315	24.62739063266709	25.423578337647733	0.02563445270443476
10.0	25.947305003197307	23.928781811615966	24.488980584601492	25.63493260058523	0.0
11.0	25.712195880811393	24.19088509246599	24.386442773783752	25.710476252938864	0.0
12.0	26.32978223512432	23.548504103711956	24.54352878037193	25.5781848807918	0.0
13.0	26.3185046755882	23.537026587446476	24.212880332696006	25.931588404269316	0.0
14.0	25.945785332054143	24.00584513511276	24.121100193918036	25.926949408148076	3.199307669820251E-4
15.0	26.321703983258022	23.62804689065286	24.506536785439632	25.543192453153136	5.198874963457908E-4
16.0	26.172216332385673	23.817525887397966	24.33773331451074	25.67252446570562	0.0
17.0	25.636532254420143	24.373685534450345	24.40675837748711	25.5830238336424	0.0
18.0	25.861803505721365	24.11886067854916	24.68749762551384	25.331838190215638	0.0
19.0	25.73715048063599	24.2347555988884	24.471304409725736	25.556789510749873	0.0
20.0	25.474047416139143	24.623231532696323	24.28154547355952	25.621135586259136	3.999134587275314E-5
21.0	26.008851684495475	24.13209781403304	24.364247576824376	25.494802924647107	0.0
22.0	25.978698209707417	23.939939397114465	24.09818515273295	25.983177240445166	0.0
23.0	25.595061228750097	24.389082202611355	24.030919708974977	25.98493685966357	0.0
24.0	25.925549711042528	23.97985076029547	24.34921083077622	25.74538869788578	0.0
25.0	25.75154736515018	24.118300799706944	24.228316992202885	25.89735581220224	0.004479030737748351
26.0	25.367550462080008	24.604115669369147	24.28458481584585	25.742509320982936	0.0012397317220553471
27.0	25.76778385157452	24.21755932016312	24.537050182340543	25.477606645921824	0.0
28.0	25.590582198012353	24.244233547860244	24.290583517726763	25.874320796979532	2.7993942110927196E-4
29.0	25.310482811519584	24.63318937781864	24.084428129752723	25.964781221343703	0.007118459565350058
30.0	25.74370906135912	24.17084942818374	24.072990604833112	26.01213097485704	3.199307669820251E-4
31.0	25.597540692194208	24.159371911918264	23.67131752688718	26.571729877654477	3.999134587275314E-5
32.0	25.48788442181112	24.316617883889926	23.676156479737784	26.519301223215297	3.999134587275314E-5
33.0	25.924429953358093	23.923502953960764	23.812287021088636	26.339780071592507	0.0
34.0	25.7805810822538	24.023321353259156	23.453204726497187	26.742252976455894	6.398615339640502E-4
35.0	25.423468667309262	24.49002646103597	23.40350726399437	26.675261898768632	0.007735708891767609
36.0	25.886813640325553	24.110874924458095	23.713812380383228	26.285305071625075	0.003193983208053545
37.0	25.84372915175833	24.138575531313787	23.490771178352354	26.52692413857553	0.0
38.0	25.53914306813504	24.5147020347734	23.417128100446565	26.529026796644995	0.0
39.0	25.942626492671987	24.104812736358504	23.56474957956319	26.387811191406314	0.0
40.0	25.902043814378615	24.119627483808856	23.233070017471285	26.743101143592483	0.0021575407487529415
41.0	25.614095228794355	24.51074426861892	23.091246187674297	26.783914314912426	0.0
42.0	26.059003673061206	24.07340099298307	23.29169422933734	26.573097241102143	0.0028038635162317737
43.0	25.96206699531529	24.04964206066375	23.100774857621133	26.886919791882374	5.962945174513721E-4
44.0	25.59780395999406	24.46060135931293	23.04741944885792	26.894175231835092	0.0
45.0	26.056167858405477	24.12202754708132	23.172187708683246	26.649616885829953	0.0
46.0	26.06706897199304	24.047988682032727	23.0239254817022	26.86101686427203	0.0
47.0	25.825996564888516	24.46699047825089	22.899292134861106	26.807720821999485	0.0
48.0	26.236658467210184	23.99410363639277	23.162175774890436	26.60706212150661	0.0
49.0	26.167153087878464	24.008827771532797	22.841785178124454	26.982233962464292	0.0
50.0	25.827726214476975	24.498246084899478	22.7537715416352	26.920256158988348	0.0
51.0	26.35579218525987	23.97713388892752	22.97794178511948	26.689132140693133	0.0
52.0	26.187973123591394	24.033887339889525	22.786141983664603	26.991997552854475	0.0
53.0	25.8777871411728	24.464994086112924	22.703347091918435	26.953871680795842	0.0
54.0	26.2430081723049	24.062333972074477	23.030000935228465	26.658985854172013	0.005671066220144821
55.0	26.245689293961778	24.09391637521998	22.72562853302868	26.934765797789566	0.0
56.0	25.898316138440773	24.543142725156475	22.621398356898943	26.93714277950381	0.0
57.0	26.3629292924398	24.097922532310513	22.90339072578105	26.6356363001982	1.2114927043909343E-4
58.0	26.357651118592173	23.94961308191766	22.641032127498104	27.051703671992062	0.0
59.0	26.05865318509156	24.366558101097922	22.609879235272466	26.95588163806693	0.009027840471114382
60.0	26.514205688234682	23.99457695803102	22.69319587014496	26.79802148358934	0.0
61.0	26.433522822671563	23.85934614185316	22.614952867525364	27.092178167949914	0.0
62.0	26.024477636528374	24.483985887262843	22.47278355893578	27.018581312978775	1.7160429422585872E-4
63.0	26.641750116796324	23.983410305036923	22.787194321390256	26.587645256776494	0.0
64.0	26.463977403827027	23.977801646974576	22.61347813979393	26.944742809404467	0.0
65.0	26.156177949610488	24.54909969793694	22.291868702113586	26.997287640675545	0.005566009663449085
66.0	26.419270472335434	24.0638313602632	22.712717291857274	26.803025682257154	0.001155193286940771
67.0	26.552837588012817	24.0381500989132	22.39424758696638	27.01252236135957	0.002242364748032948
68.0	26.204628266173675	24.264271203929617	22.35454711566366	27.176553414233044	0.0
69.0	26.59383652690787	23.923365820529042	22.59640222205453	26.886395430508554	0.0
70.0	26.382424071107764	23.916266214391154	22.273940764471245	27.419202864411567	0.008166085618266905
71.0	26.03643875512208	24.46950455484439	22.089471367130617	27.404585322902907	0.0
72.0	26.159829206932795	24.246829671999677	22.67329234397372	26.920048777093808	0.0
73.0	26.64368605803591	23.950769376562146	22.321199414033966	27.084345151367977	0.0
74.0	25.794573974922596	24.346550573906498	22.47771942729092	27.38115602387998	0.0
75.0	24.794956308447034	24.903227042771732	22.545224589912614	27.756592058868616	0.0
76.0	26.46446570739902	24.05229712950113	22.64991600321379	26.769410561682854	0.06391059820319918
77.0	26.07435164184992	24.589290996943102	22.520461492949416	26.760674489695297	0.05522137856227196
78.0	26.18198132757921	24.165188967462132	22.844873630012604	26.743863097399963	0.06409297754609353
79.0	26.760595965204516	23.35276698130668	22.64945400703313	27.156209513233385	0.08097353322228391
80.0	25.9116602471112	24.83117402831274	22.2875293882247	26.909609324195888	0.06002701215546997
81.0	26.49380238140443	24.497545363313353	22.571808294230923	26.371748623504843	0.06509533754644824
82.0	26.640505133954917	23.67815413666942	22.63070931193202	27.015224831818717	0.03540658562492624
83.0	26.153501328807916	24.370016970317955	22.205500944574304	27.213345714194233	0.0576350421056002
84.0	26.66782608695652	24.236521739130435	22.723478260869566	26.34086956521739	0.03130434782608696
85.0	26.538956613916863	23.654122813659423	22.41235708336488	27.368062391156204	0.026501097902627394
86.0	25.67729165807596	25.223702115376685	22.308358418209558	26.774153643148736	0.01649416518906437
87.0	26.84849299117739	23.91508800214967	22.92086524250974	26.25733351247257	0.058220251690626536
88.0	26.822967440046792	24.049522324039774	22.36790797426399	26.730356794696824	0.029245466952622347
89.0	26.35967707669429	23.932441045251753	22.26471213086892	27.368812407053323	0.07435734013171871
90.0	26.27614577901385	24.085984124225043	22.793904629468685	26.809200996581495	0.03476447071093343
91.0	26.705554146588888	23.44027390311945	22.17854425564291	27.593203144813593	0.08242454983515089
92.0	26.061026352288486	24.701803051317615	22.434119278779473	26.75450762829404	0.04854368932038835
93.0	26.66919000757002	23.30809992429977	22.702498107494325	27.23694171082513	0.08327024981074943
94.0	27.010446028850936	23.710827391808987	22.01127507875974	27.234289504228155	0.0331619963521804
95.0	26.194130925507903	24.72234762979684	21.86004514672686	27.151241534988714	0.07223476297968397
96.0	26.73923800098961	24.938149430974764	22.5531914893617	25.719940623453734	0.04948045522018803
97.0	26.340402392604677	24.10005437737901	22.31647634584013	27.145187601957588	0.09787928221859706
98.0	26.475507765830347	24.910394265232974	21.54121863799283	27.001194743130224	0.07168458781362007
99.0	26.613326337880377	24.34417628541448	22.927597061909758	26.04931794333683	0.06558237145855193
100.0	28.39506172839506	22.882572494975594	22.136089577950045	26.55756531725524	0.028710881424059722
101.0	26.212216624685137	24.197103274559197	21.86712846347607	27.676322418136017	0.04722921914357683
102.0	26.837281687705346	24.122427805637212	21.736123119488155	27.25229119833996	0.05187618882932734
103.0	26.101759031586912	23.340268583317574	23.037639493096272	27.48250425572158	0.03782863627766219
104.0	25.400457665903893	25.067609735801955	22.384023299355107	27.106303307676306	0.04160599126274183
105.0	27.771402341060362	23.89258664218499	21.597429423915536	26.715630020656416	0.022951572182694516
106.0	26.325088339222614	23.700151438667337	22.766279656739023	27.183240787481072	0.025239777889954566
107.0	26.3215859030837	23.595814977973568	22.21916299559471	27.83590308370044	0.027533039647577095
108.0	26.12282309807516	23.434158264589062	22.9147571035747	27.436602505346773	0.09165902841429881
109.0	25.992659325992662	25.325325325325327	23.056389723056387	25.625625625625624	0.0
110.0	25.82659808963997	24.650991917707568	22.116091109478326	27.36958119030125	0.03673769287288758
111.0	25.966625966625966	23.850223850223852	22.059422059422058	28.123728123728124	0.0
112.0	27.645204862674472	22.827555155335435	22.467357046375508	26.969833408374605	0.09004952723998198
113.0	27.30496453900709	24.873353596757852	20.51671732522796	27.30496453900709	0.0
114.0	27.728285077951004	22.7728285077951	20.824053452115812	28.619153674832965	0.05567928730512249
115.0	27.566894835096452	23.58431860609832	21.344119477286867	27.44243932794026	0.06222775357809583
116.0	25.99179206566348	24.281805745554035	21.409028727770178	28.18057455540356	0.13679890560875513
117.0	25.512528473804103	22.779043280182233	22.39939255884586	29.309035687167807	0.0
118.0	25.562031640299747	24.56286427976686	21.981681931723564	27.893422148209822	0.0
119.0	26.767200754005653	26.861451460885956	22.620169651272384	23.6569274269557	0.0942507068803016
120.0	29.059829059829063	25.213675213675213	20.51282051282051	25.213675213675213	0.0
121.0	25.334957369062117	25.213154689403165	25.091352009744217	24.3605359317905	0.0
122.0	28.551912568306008	22.950819672131146	21.44808743169399	27.049180327868854	0.0
123.0	27.24458204334365	22.60061919504644	22.13622291021672	27.86377708978328	0.15479876160990713
124.0	27.1304347826087	24.347826086956523	21.565217391304348	26.956521739130434	0.0
125.0	27.710843373493976	26.907630522088354	18.072289156626507	27.10843373493976	0.2008032128514056
126.0	27.126436781609197	23.448275862068964	22.988505747126435	26.436781609195403	0.0
127.0	28.60824742268041	19.84536082474227	24.22680412371134	27.061855670103093	0.25773195876288657
128.0	26.857142857142858	27.714285714285715	19.428571428571427	26.0	0.0
129.0	25.503355704697988	23.825503355704697	21.140939597315437	28.859060402684566	0.6711409395973155
130.0	26.436781609195403	23.371647509578544	24.137931034482758	26.053639846743295	0.0
131.0	26.905829596412556	21.973094170403588	24.2152466367713	26.45739910313901	0.4484304932735426
132.0	27.748691099476442	24.083769633507853	20.418848167539267	27.225130890052355	0.5235602094240838
133.0	21.192052980132452	26.490066225165563	21.192052980132452	31.125827814569533	0.0
134.0	30.327868852459016	31.967213114754102	13.934426229508196	23.770491803278688	0.0
135.0	33.33333333333333	20.2020202020202	23.232323232323232	22.22222222222222	1.0101010101010102
136.0	20.98765432098765	27.160493827160494	22.22222222222222	29.629629629629626	0.0
137.0	22.033898305084744	33.89830508474576	13.559322033898304	30.508474576271187	0.0
138.0	21.73913043478261	30.434782608695656	26.08695652173913	21.73913043478261	0.0
139.0	31.25	37.5	12.5	18.75	0.0
140.0	14.285714285714285	35.714285714285715	7.142857142857142	42.857142857142854	0.0
