# Position (bp)	A	C	G	T	N
0.0	26.265522987718576	23.64801625348126	23.618339953431036	26.46812080536913	0.0
1.0	26.281217184860523	23.792402867187143	23.610920878418483	26.31545906953385	0.0
2.0	26.326286625712257	23.639045741302418	23.740908662913622	26.2937589700717	0.0
3.0	26.296282558640506	23.730965553250797	23.712134397388745	26.26061749071995	0.0
4.0	26.293730634696917	23.840078973346497	23.619535632157675	26.246654759798915	0.0
5.0	26.31580448866992	23.676350181298446	23.767926579122292	26.239918750909347	0.0
6.0	26.25184356840673	23.681830759707083	23.70893157187563	26.357394100010556	0.0
7.0	26.22655287298617	23.753765232075214	23.68102779425859	26.338654100680024	0.0
8.0	26.234544132118252	23.894807398850524	23.590752862990062	26.27989560604116	0.0
9.0	26.334598743336635	23.679519467443978	23.73684795970463	26.24903382951476	0.0
10.0	26.186170940950994	23.743668431139913	23.727696906087434	26.34246372182167	0.0
11.0	26.336474399926985	23.744238842748928	23.710299352012413	26.208987405311674	0.0
12.0	26.21697316783791	23.759925161996897	23.74766131240303	26.275440357762157	0.0
13.0	26.10517249247057	23.913651090627	23.812403030026466	26.16877338687597	0.0
14.0	26.275080213903745	23.859964349376114	23.668591800356506	26.196363636363635	0.0
15.0	26.22716577540107	23.790089126559717	23.7724064171123	26.210338680926913	0.0
16.0	26.254830659536545	23.81204991087344	23.649197860962566	26.28392156862745	0.0
17.0	26.33098039215686	23.628948306595365	23.805775401069518	26.23429590017825	0.0
18.0	26.260819964349373	23.639215686274508	23.72392156862745	26.376042780748666	0.0
19.0	26.202638146167555	23.63807486631016	23.82516934046346	26.334117647058825	0.0
20.0	26.307023172905524	23.802067736185386	23.68570409982175	26.205204991087346	0.0
21.0	26.363493761140823	23.52541889483066	23.77440285204991	26.336684491978605	0.0
22.0	26.27707664884135	23.747023172905525	23.72163992869875	26.254260249554367	0.0
23.0	26.208342245989304	23.73133689839572	23.798645276292334	26.26167557932264	0.0
24.0	26.325276292335115	23.686274509803923	23.694260249554368	26.294188948306598	0.0
25.0	26.27622103386809	23.628948306595365	23.634367201426024	26.460463458110517	0.0
26.0	26.258538324420677	23.800641711229947	23.618680926916223	26.322139037433157	0.0
27.0	26.31614973262032	23.654331550802137	23.75843137254902	26.271087344028523	0.0
28.0	26.293333333333337	23.745311942959002	23.713654188948308	26.24770053475936	0.0
29.0	26.296755793226385	23.844848484848484	23.634937611408198	26.223458110516933	0.0
30.0	26.304171122994653	23.676007130124777	23.774117647058823	26.245704099821747	0.0
31.0	26.249907308642257	23.688488588980853	23.711590127372187	26.350013975004703	0.0
32.0	26.235076691403375	23.76292687935293	23.676224809341008	26.32577161990269	0.0
33.0	26.23336546633735	23.89640243450286	23.592945189461133	26.277286909698656	0.0
34.0	26.328338457501726	23.668524296543897	23.749522283002403	26.25361496295198	0.0
35.0	26.184880756133317	23.73868452425091	23.726705948788737	26.349728770827035	0.0
36.0	26.334612949410484	23.73839932007324	23.708167677240137	26.218820053276144	0.0
37.0	26.219105257453812	23.74866667046939	23.74866667046939	26.283561401607408	0.0
38.0	26.117572570203006	23.91094784756407	23.80599271018122	26.1654868720517	0.0
39.0	26.282630829913266	23.85583540343442	23.670453216666143	26.191080549986168	0.0
40.0	26.226160563790014	23.79137944311191	23.777404478263225	26.205055514834854	0.0
41.0	26.255821713672933	23.80678042478189	23.665034352745227	26.272363508799952	0.0
42.0	26.327122554737652	23.639366049961925	23.810202865152995	26.22330853014742	0.0
43.0	26.26352220450792	23.647636947525434	23.723786245782556	26.365054602184085	0.0
44.0	26.207622345113187	23.628813525484347	23.830452304015378	26.33311182538709	0.0
45.0	26.30915474278935	23.793090663297463	23.695265909356667	26.202488684556524	0.0
46.0	26.35849492480613	23.52899234799374	23.77084480088527	26.34166792631486	0.0
47.0	26.27264871216421	23.747172921651785	23.725782669332368	26.25439569685164	0.0
48.0	26.20847795520596	23.736905600538464	23.800220747403937	26.25439569685164	0.0
49.0	26.322844504273775	23.68756541852168	23.692128672349817	26.297461404854733	0.0
50.0	26.27835277944939	23.621398238013615	23.643929303790067	26.45631967874693	0.0
51.0	26.271793102071435	23.802787577682267	23.616834984185473	26.308584336060832	0.0
52.0	26.321988894180997	23.646781337432657	23.75829585285788	26.27293391552847	0.0
53.0	26.29945782840454	23.736335193809946	23.719222991954414	26.244983985831098	0.0
54.0	26.301169048590094	23.841290031857216	23.63822523650489	26.219315683047796	0.0
55.0	26.312006776431936	23.67900931759391	23.772270817706563	26.23671308826759	0.0
56.0	26.26116567986584	23.693487114548752	23.712310482904957	26.333036722680447	0.0
57.0	26.240060691102823	23.752238840024184	23.68293462016724	26.32476584870575	0.0
58.0	26.23806427324686	23.887995254229555	23.602507500827087	26.271432971696502	0.0
59.0	26.331325507375336	23.671241315582325	23.74453837115119	26.25289480589114	0.0
60.0	26.182734978381646	23.739689927786713	23.72828182575265	26.349293268078988	0.0
61.0	26.341307596655145	23.738263915032455	23.71202528035411	26.20840320795829	0.0
62.0	26.219526107441503	23.748816409413966	23.745108776252895	26.286548706891633	0.0
63.0	26.109437922812784	23.907959432789166	23.82182826243198	26.160774381966075	0.0
64.0	26.279914097236677	23.851991706333475	23.674881427377656	26.193212769052188	0.0
65.0	26.22629617059627	23.793525350156433	23.776128044172047	26.20405043507525	0.0
66.0	26.261661186039948	23.804077814442046	23.659765735292858	26.274495264225152	0.0
67.0	26.334102427351986	23.632671570235207	23.80607422660419	26.227151775808615	0.0
68.0	26.27164324685066	23.64550564842041	23.725932538381024	26.356918566347908	0.0
69.0	26.207472855924642	23.633241973710103	23.824327137800925	26.33495803256433	0.0
70.0	26.303015437970046	23.792669744944085	23.691993531624593	26.21232128546127	0.0
71.0	26.359770583722398	23.526006120429287	23.77242042158521	26.34180287426311	0.0
72.0	26.273069255537905	23.74988948432674	23.728499354018066	26.24854190611729	0.0
73.0	26.217454916735356	23.741048230465818	23.797518174480718	26.243978678318108	0.0
74.0	26.322409156116578	23.689141514250107	23.69056752293735	26.297881806695965	0.0
75.0	26.28019929897413	23.618981886837652	23.64008681540888	26.460731998779334	0.0
76.0	26.26850602773872	23.798944183167965	23.62012269378745	26.312427095305864	0.0
77.0	26.32383516480382	23.65149488490684	23.7467522652148	26.277917685074538	0.0
78.0	26.304156244919845	23.742759440890516	23.721939714056738	26.231144600132904	0.0
79.0	26.308719472719027	23.837446417723577	23.638090403246736	26.215743706310658	0.0
80.0	26.3161347178927	23.66803658567888	23.78525449977041	26.230574196658008	0.0
81.0	26.25046345150158	23.692781564612268	23.70960841913128	26.34714656475487	0.0
82.0	26.23278099421042	23.757807375295894	23.687362747055303	26.32204888343838	0.0
83.0	26.239340615463597	23.892992613296066	23.597239255055186	26.27042751618515	0.0
84.0	26.335738527792827	23.663405869435017	23.75324416051108	26.24761144226107	0.0
85.0	26.186863645438212	23.73613210506802	23.73670250691612	26.340301742577648	0.0
86.0	26.342868550894107	23.742406525397143	23.70960841913128	26.205116504577475	0.0
87.0	26.21538373784331	23.739554516156634	23.750962553118672	26.294099192881387	0.0
88.0	26.10272937284317	23.910675070587228	23.823403587827624	26.163191968741977	0.0
89.0	26.280619796880483	23.860126457729066	23.68016518790409	26.179088557486363	0.0
90.0	26.23128017773671	23.783407627962163	23.783122427851502	26.202189766449628	0.0
91.0	26.253525786368005	23.80764963736806	23.668186783256473	26.270637793007463	0.0
92.0	26.34393422144648	23.623125165772567	23.81221283913858	26.220727773642377	0.0
93.0	26.26236698979839	23.64651157484649	23.73121600771181	26.359905427643305	0.0
94.0	26.200193365675027	23.632821969534923	23.83759564898711	26.32938901580294	0.0
95.0	26.299443004183885	23.793960032056493	23.696136394100918	26.2104605696587	0.0
96.0	26.35477182565147	23.528723929144885	23.77285522386783	26.343649021335818	0.0
97.0	26.26978219267549	23.745476013244694	23.72665280594129	26.258088988138528	0.0
98.0	26.211030969880017	23.737775610256936	23.807079237146745	26.244114182716306	0.0
99.0	26.32653701469636	23.691858392441056	23.689291591445137	26.292313001417444	0.0
100.0	26.292313001417444	23.613428362010204	23.644800374182545	26.449458262389808	0.0
101.0	26.272634193782068	23.79167843117123	23.61970276444467	26.31598461060203	0.0
102.0	26.315699410491373	23.652500777170303	23.75060961523653	26.281190197101793	0.0
103.0	26.302009805179804	23.742053611916802	23.722660004392083	26.233276578511312	0.0
104.0	26.308854607835585	23.837310448876455	23.63938157208005	26.214453371207906	0.0
105.0	26.316555010823343	23.669897983920418	23.78169642729821	26.231850577958028	0.0
106.0	26.252310114307882	23.695213214994638	23.714321567911657	26.338155102785827	0.0
107.0	26.23633895366082	23.758242259691073	23.689794428346527	26.31562435830158	0.0
108.0	26.24118734171439	23.887722740651167	23.59796025462593	26.27312966300851	0.0
109.0	26.350989071162928	23.66327089370052	23.73998950466586	26.24575053047069	0.0
110.0	26.189851468205983	23.72458874261334	23.742271099044014	26.343288690136667	0.0
111.0	26.335017910515866	23.73941910607132	23.713751169317117	26.211811814095693	0.0
112.0	26.214663807068376	23.732859522234136	23.755105067421116	26.29737160327637	0.0
113.0	26.100298888863538	23.911109083027217	23.82840128681923	26.160190741290013	0.0
114.0	26.267065564279463	23.86284234513009	23.67489654424997	26.19519554634048	0.0
115.0	26.232271349245508	23.7835571666101	23.78384236509399	26.2003291190504	0.0
116.0	26.267635961247233	23.793253915062188	23.67489654424997	26.26421357944061	0.0
117.0	26.332946414056863	23.615575259601922	23.813788205901897	26.23769012043932	0.0
118.0	26.26877675518277	23.64095792466767	23.733362233446368	26.35690308670319	0.0
119.0	26.2154446386963	23.62897958834451	23.82975932099945	26.325816451959742	0.0
120.0	26.30898974141053	23.78640915144895	23.699138415380183	26.205462691760328	0.0
121.0	26.359469873058156	23.53229730230754	23.77699760148075	26.331235223153556	0.0
122.0	26.273625129408813	23.74362937886622	23.737355012220753	26.24539047950421	0.0
123.0	26.215159440212414	23.73364743193025	23.8174957861924	26.23369734166493	0.0
124.0	26.334372406476287	23.674040948798318	23.693434445702486	26.298152199022912	0.0
125.0	26.291022236925787	23.605878511149836	23.645806298893714	26.457292953030663	0.0
126.0	26.2625023885373	23.806373045320893	23.61443446566638	26.316690100475427	0.0
127.0	26.326957245895283	23.6460914973776	23.743914577350107	26.283036679377012	0.0
128.0	26.309560138378302	23.728799057704208	23.740777394027372	26.22086340989011	0.0
129.0	26.309845336862185	23.83375209977384	23.644380306474293	26.212022256889682	0.0
130.0	26.30357097021672	23.66605539124954	23.78983153325557	26.24054210527817	0.0
131.0	26.2631476876041	23.682664445914806	23.717458760181614	26.336729106299483	0.0
132.0	26.244324533984347	23.7488306828812	23.687227634671107	26.319617148463347	0.0
133.0	26.242042939606197	23.895423121677428	23.60138264619316	26.261151292523216	0.0
134.0	26.345570284514817	23.655570512674256	23.749401081475735	26.249458121335188	0.0
135.0	26.188140272422366	23.73200392434233	23.741985899746744	26.33786990348856	0.0
136.0	26.335873508407676	23.732859522234136	23.71859955737069	26.212667411987496	0.0
137.0	26.214093408473843	23.728581532775102	23.75881265828561	26.298512400465444	0.0
138.0	26.100584088160804	23.912249880216297	23.827260489630152	26.159905541992746	0.0
139.0	26.27605659510996	23.85955605750775	23.678739187350807	26.185648160031487	0.0
140.0	26.22964378404586	23.768645010409834	23.78547186492884	26.216239340615466	0.0
141.0	26.262591692620095	23.791311589490856	23.68093820231128	26.265158515577763	0.0
142.0	26.334747937985558	23.625323704895216	23.81298698335558	26.226941373763644	0.0
143.0	26.274570199755864	23.637587414581837	23.73769350993075	26.350148875731545	0.0
144.0	26.21325165132277	23.62275688193755	23.827532313449012	26.336459153290665	0.0
145.0	26.315068961976795	23.77619585429572	23.695198329853863	26.21353685387362	0.0
146.0	26.358704952257096	23.52550281209715	23.786177943575527	26.32961429207023	0.0
147.0	26.270292161493092	23.739119522685012	23.74254195329523	26.248046362526665	0.0
148.0	26.221312106597612	23.73861682072402	23.809632458424478	26.23043861425389	0.0
149.0	26.33881589267227	23.67900931759391	23.68471338487909	26.297461404854733	0.0
150.0	26.289760914019745	23.601719205879753	23.6450701172471	26.463449762853404	0.0
151.0	26.26181098432237	23.794231476754497	23.620257424556577	26.32370011436655	0.0
152.0	26.32854857155895	23.644214507154327	23.750595362022892	26.276641559263837	0.0
153.0	26.313432793253227	23.729490313067732	23.74403568464494	26.2130412090341	0.0
154.0	26.302880268775652	23.839008404943144	23.654767031631906	26.2033442946493	0.0
155.0	26.30345067550417	23.66617516620226	23.79793912048987	26.232435037803707	0.0
156.0	26.263597109170455	23.671376338320606	23.72385390701203	26.34117264549691	0.0
157.0	26.239069549890765	23.743247791093644	23.69504828506728	26.32263437394831	0.0
158.0	26.24677006268788	23.886990696639725	23.61604672785247	26.250192512819925	0.0
159.0	26.359710917045515	23.65569010854871	23.74838146629172	26.236217508114056	0.0
160.0	26.18288432688962	23.73526207411886	23.74153656602762	26.3403170329639	0.0
161.0	26.346306320694985	23.725850336255725	23.721287069412995	26.206556273636295	0.0
162.0	26.2114047446567	23.72813196967709	23.764352900241285	26.296110385424925	0.0
163.0	26.1030271571418	23.906384580721337	23.829094248572552	26.16149401356431	0.0
164.0	26.275650623885916	23.85397504456328	23.686844919786097	26.183529411764706	0.0
165.0	26.235226339326456	23.77703751026741	23.779604362507985	26.208131787898147	0.0
166.0	26.263041109799158	23.79342996161108	23.678776574202416	26.264752354387344	0.0
167.0	26.341473153424488	23.613749279851238	23.816531763551634	26.228245803172644	0.0
168.0	26.286713326602438	23.643125645281813	23.72440976322079	26.345751264894957	0.0
169.0	26.22140082481989	23.6188830136158	23.833929416864883	26.32578674469942	0.0
170.0	26.317800936621204	23.781451249493756	23.70301920586843	26.19772860801661	0.0
171.0	26.358585599306377	23.523908938971314	23.77859917518011	26.3389062865422	0.0
172.0	26.26988608815191	23.73924054965176	23.744374283416327	26.246499078779994	0.0
173.0	26.222331235151348	23.727899926131066	23.821163022180645	26.22860581653694	0.0
174.0	26.341263073232923	23.666009737009478	23.690537646062275	26.30218954369533	0.0
175.0	26.28935517267933	23.60982371278389	23.64262266093588	26.458198453600897	0.0
176.0	26.265112471871337	23.785797199825453	23.626080582737487	26.323009745565724	0.0
177.0	26.321583704341727	23.644619118649484	23.761554499017457	26.272242677991336	0.0
178.0	26.31274224875293	23.734459715761464	23.74444200432946	26.20835603115615	0.0
179.0	26.30076350247133	23.83542343442064	23.658309114399877	26.20550394870815	0.0
180.0	26.30989016630493	23.665724528764677	23.79492386365905	26.229461441271347	0.0
181.0	26.262050082710626	23.67035537048657	23.724259882493868	26.343334664308937	0.0
182.0	26.239803776167932	23.745365352803603	23.702013575951174	26.31281729507729	0.0
183.0	26.24037419428441	23.883691746049855	23.61245793166391	26.263476128001827	0.0
184.0	26.363299298385716	23.654668872283384	23.743939307512406	26.238092521818494	0.0
185.0	26.19474074496606	23.727397182134506	23.74080200787177	26.337060065027668	0.0
186.0	26.33506360161999	23.73053448177514	23.717129656037876	26.217272260566997	0.0
187.0	26.209001197878045	23.72368946437739	23.765329986880385	26.301979350864187	0.0
188.0	26.106325936911755	23.8990930351948	23.83092807027551	26.163652957617934	0.0
189.0	26.27895236709933	23.846682581377507	23.686965053234424	26.18739999828874	0.0
190.0	26.246228088689115	23.760046546383816	23.784859875990392	26.208865488936677	0.0
191.0	26.264631391607914	23.791270221552924	23.680607844479432	26.263490542359737	0.0
192.0	26.33679010655532	23.602459670979076	23.822073151253793	26.238677071211807	0.0
193.0	26.2797476441463	23.645526730097885	23.733086909895725	26.34163871586009	0.0
194.0	26.228979852602276	23.61386816346088	23.834052068359686	26.32309991557716	0.0
195.0	26.324811189449427	23.780717366007256	23.703424829443037	26.191046615100284	0.0
196.0	26.357325393022567	23.52916010678349	23.782428639879527	26.331085860314417	0.0
197.0	26.26890957628859	23.738505943824585	23.75248134711479	26.240103132772035	0.0
198.0	26.221639119832297	23.731443321021633	23.82299673430971	26.223920824836362	0.0
199.0	26.34142863254567	23.66926685966088	23.69236912282703	26.296935384966417	0.0
200.0	26.29094590933075	23.60851646392767	23.632189153344836	26.46834847339675	0.0
201.0	26.2715514167962	23.77878869985597	23.621921480826547	26.327738402521284	0.0
202.0	26.3283088287723	23.6521540721304	23.756827289191847	26.262709809905456	0.0
203.0	26.309769975614277	23.73629194415527	23.740855354163397	26.213082726067054	0.0
204.0	26.300072729347008	23.826989718066827	23.65814354776607	26.214794004820103	0.0
205.0	26.307203057484706	23.667270367782326	23.796186700511957	26.229339874221015	0.0
206.0	26.2590769336079	23.669904795587172	23.735504001551565	26.33551426925337	0.0
207.0	26.239111957879608	23.74605691729366	23.69928183130166	26.315549293525077	0.0
208.0	26.248524017865797	23.887808244964546	23.605161231439702	26.25850650572995	0.0
209.0	26.364320877089902	23.661918805295855	23.738070927002344	26.2356893906119	0.0
210.0	26.19461858339941	23.72466587187049	23.741493494270053	26.339222050460048	0.0
211.0	26.33579948319234	23.726377155504345	23.72352501611459	26.214298345188723	0.0
212.0	26.214298345188723	23.724951085809465	23.766307106960934	26.294443462040878	0.0
213.0	26.122038036347874	23.89878269996463	23.826908377351604	26.15227088633589	0.0
214.0	26.284115444181726	23.849508429570093	23.67467078899407	26.191705337254106	0.0
215.0	26.24796782750064	23.76401129460084	23.789110407575368	26.19891047032315	0.0
216.0	26.270649842559212	23.78896089079542	23.687422990918634	26.252966275726735	0.0
217.0	26.345377173367407	23.60157212613517	23.820049742162187	26.233000958335236	0.0
218.0	26.288333409391683	23.651770638433806	23.73334322091909	26.326552731255422	0.0
219.0	26.230719207776204	23.616973942408617	23.832314151416966	26.31999269839821	0.0
220.0	26.323130105416876	23.7718477616027	23.70881440240953	26.19620773057089	0.0
221.0	26.355359832063158	23.53026742116552	23.789531328435174	26.32484141833615	0.0
222.0	26.27407246839775	23.731917126819695	23.75616072650938	26.23784967827317	0.0
223.0	26.229938364037224	23.727706520406038	23.824681195754792	26.217673919801943	0.0
224.0	26.350301049323033	23.66296166362908	23.693765384033973	26.292971903013918	0.0
225.0	26.29867629568149	23.598502026485495	23.63443970029121	26.468381977541807	0.0
226.0	26.281277898045392	23.77305644211325	23.627309209456744	26.318356450384616	0.0
227.0	26.334328749853825	23.648415462326764	23.758225021177555	26.25903076664185	0.0
228.0	26.31436337551732	23.737403987940915	23.735122230873884	26.213110405667884	0.0
229.0	26.292401463747154	23.83808651852359	23.656686831694746	26.212825186034504	0.0
230.0	26.302098931282035	23.663817322529212	23.797300110950438	26.236783635238314	0.0
231.0	26.273366685110922	23.662743934787198	23.731482062486094	26.332407317615786	0.0
232.0	26.247411624444535	23.74460220304273	23.69326252260372	26.314723649909016	0.0
233.0	26.27051448064209	23.88036713575923	23.602847640941686	26.246270742657003	0.0
234.0	26.370341637051276	23.650764676018092	23.740894337233247	26.237999349697382	0.0
235.0	26.194075400877338	23.721499346845178	23.742320439467665	26.34210481280982	0.0
236.0	26.340543747361693	23.72134944267607	23.73161743733671	26.206489372625523	0.0
237.0	26.207345038847247	23.72562777378467	23.766984974501145	26.300042212866938	0.0
238.0	26.11407742067974	23.896761018128714	23.838290492977833	26.15087106821371	0.0
239.0	26.282148184698933	23.846059503198774	23.682341565816607	26.189450746285686	0.0
240.0	26.252317521891666	23.75595424855244	23.799594968481703	26.19213326107419	0.0
241.0	26.26187711976815	23.78333509237839	23.69747467688244	26.25731311097102	0.0
242.0	26.350111968506184	23.613516096364233	23.812064071659844	26.224307863469743	0.0
243.0	26.292786187457562	23.63931507865412	23.73003691637044	26.337861817517872	0.0
244.0	26.216730526177646	23.60823830486521	23.83904550239794	26.335985666559203	0.0
245.0	26.325399859628302	23.76133387351711	23.706269365303083	26.206996901551506	0.0
246.0	26.37054114048653	23.518468851467407	23.782105785746484	26.328884222299575	0.0
247.0	26.289343708002704	23.72791887442256	23.738476156236356	26.24426126133838	0.0
248.0	26.217069217423067	23.717297507076978	23.819457127202995	26.246176148296957	0.0
249.0	26.34947721669254	23.65109350744224	23.713017076066112	26.286412199799102	0.0
