# Position (bp)	A	C	G	T	N
0.0	26.27532864584343	23.667762383585845	23.806780890770778	26.250128079799946	0.0
1.0	26.164556926970977	23.81038097163413	23.69351680822369	26.3315452931712	0.0
2.0	26.26849469839415	23.755458757134114	23.826349908755333	26.149696635716403	0.0
3.0	26.121281432847727	23.799106685459687	23.739293932605428	26.34031794908716	0.0
4.0	26.148896168084818	23.698397623154857	24.007132750566935	26.14557345819339	0.0
5.0	26.250605678844853	23.794110725014882	23.6996940456578	26.255589550482465	0.0
6.0	26.18549907663002	23.82792924244899	23.758434230308133	26.22813745061286	0.0
7.0	26.334732389063003	23.754692742998262	23.711779753928617	26.19879511401012	0.0
8.0	26.136980233652622	23.81318863850285	23.729306239964565	26.320524887879966	0.0
9.0	26.228968159495956	23.79096329843483	23.78127439527403	26.19879414679519	0.0
10.0	26.262480865210808	23.746515599870452	23.730737184189472	26.260266350729268	0.0
11.0	26.20379623144998	23.721048683332732	23.80243209052935	26.272722994687935	0.0
12.0	26.19687587369517	23.68201786559558	23.8677602677348	26.253345992974452	0.0
13.0	26.311476998114898	23.784439160366837	23.663471306812678	26.240612534705594	0.0
14.0	26.281581052614094	23.802708904839545	23.64132616199727	26.27438388054909	0.0
15.0	26.1918932161117	23.653505991645744	23.891843112721556	26.262757679521	0.0
16.0	26.315075584147397	23.801324833288582	23.681187422665	26.20241215989902	0.0
17.0	26.28988548191987	23.786376860538184	23.606724373223198	26.317013284318747	0.0
18.0	26.30344938311931	23.679526536803845	23.760633129690273	26.25639095038657	0.0
19.0	26.221512347302305	23.777241988301828	23.703886196100793	26.297359468295074	0.0
20.0	26.21479623755031	23.72319752860868	23.881258062194465	26.18074817164654	0.0
21.0	26.192651154035662	23.731501934926673	23.835307013901577	26.240539897136088	0.0
22.0	26.351818941797184	23.73869908706893	23.78603420308149	26.123447768052394	0.0
23.0	26.19735698428253	24.013298122650546	23.667281192734198	26.12206370033273	0.0
24.0	26.339085518776262	23.611364856859716	23.819251828353458	26.230297796010564	0.0
25.0	26.271543014056594	23.671710209437126	23.82478809923212	26.231958677274164	0.0
26.0	26.158603088131898	23.820082268985256	23.696900241935037	26.32441440094781	0.0
27.0	26.27043575988086	23.764996373742576	23.827002607583584	26.137565258792982	0.0
28.0	26.115143361734404	23.8070720324204	23.73067149429487	26.347113111550325	0.0
29.0	26.149949481668074	23.700710024774743	24.000221450222142	26.14911904333504	0.0
30.0	26.249325268854413	23.791504615853068	23.698772335330997	26.260397779961526	0.0
31.0	26.19894534331705	23.820016331953884	23.75579576753263	26.225242557196438	0.0
32.0	26.33984304715506	23.76326971252993	23.69987958644171	26.197007653873307	0.0
33.0	26.148842230557364	23.807559756958383	23.722024608655936	26.321573403828317	0.0
34.0	26.229117936083927	23.790674177520035	23.786245173077187	26.193962713318847	0.0
35.0	26.255968775518678	23.740017439204994	23.751643575867462	26.252370209408866	0.0
36.0	26.196730841095622	23.729498553653237	23.79897856085037	26.27479204440077	0.0
37.0	26.196177215540267	23.68853026255692	23.85821649527342	26.257076026629388	0.0
38.0	26.312715394942632	23.795933620295912	23.66693886589805	26.224412118863405	0.0
39.0	26.280328299954327	23.80894382084677	23.637319898686524	26.27340798051238	0.0
40.0	26.189533708876	23.66167942312217	23.893371718038505	26.255415149963323	0.0
41.0	26.321573403828317	23.792611866963778	23.68963751366763	26.196177215540267	0.0
42.0	26.288079057729302	23.78098573030131	23.61489806369462	26.316037148274763	0.0
43.0	26.302196509390875	23.671091057563217	23.762992899752252	26.263719533293656	0.0
44.0	26.212232356645583	23.769082780861165	23.712889786992566	26.305795075500686	0.0
45.0	26.208561241889406	23.71642270301393	23.88500121797285	26.190014837123815	0.0
46.0	26.19029164913524	23.72583431140244	23.83240693580176	26.251467103660563	0.0
47.0	26.351673051797064	23.739398099962354	23.771231481276438	26.137697366964147	0.0
48.0	26.19859600947804	24.00873618708063	23.66521248089997	26.127455322541355	0.0
49.0	26.346413623579956	23.60708195850034	23.812199658967604	26.2343047589521	0.0
50.0	26.270290320437585	23.672686405208495	23.824933011493236	26.232090262860687	0.0
51.0	26.156797395752594	23.820780831321834	23.686527005779833	26.335894767145735	0.0
52.0	26.2611555240605	23.757390880705096	23.838496800053147	26.142956795181256	0.0
53.0	26.102265429501514	23.810261974887613	23.73801403990522	26.349458555705652	0.0
54.0	26.145098918498466	23.703623736010652	23.995105977185215	26.156171368305664	0.0
55.0	26.24142923182111	23.78639029831948	23.69919475608777	26.272985713771636	0.0
56.0	26.205443769947713	23.82874241883202	23.748743968974996	26.217069842245273	0.0
57.0	26.354645031099743	23.758709173801478	23.69448896491971	26.19215683017907	0.0
58.0	26.155340934570127	23.810196065404963	23.723277334418434	26.31118566560648	0.0
59.0	26.230633593259096	23.792203334468258	23.796078691900778	26.181084380371868	0.0
60.0	26.246411834234358	23.751788892671975	23.76037004127256	26.24142923182111	0.0
61.0	26.192433641424252	23.743484555316574	23.79690912563632	26.267172677622856	0.0
62.0	26.19215683017907	23.69725707737151	23.854209053388583	26.256377039060837	0.0
63.0	26.31256972183238	23.794141013184518	23.665700595420986	26.227588669562113	0.0
64.0	26.278245127430054	23.79552506941042	23.64964554320055	26.276584259958973	0.0
65.0	26.180807569126692	23.660441181762568	23.882997422887307	26.275753826223436	0.0
66.0	26.307033496928778	23.7930337682038	23.68729187254503	26.212640862322388	0.0
67.0	26.286272653540276	23.779746828435158	23.611722402610884	26.322258115413682	0.0
68.0	26.29319293466978	23.672067254060128	23.760646852517738	26.274092958752355	0.0
69.0	26.213194484812753	23.761477286253278	23.71524980830821	26.31007842062576	0.0
70.0	26.208416145801618	23.7149073515327	23.88902114278438	26.1876553598813	0.0
71.0	26.188762601797055	23.718782698237824	23.83531990987051	26.257134790094618	0.0
72.0	26.352357594849114	23.728471065000637	23.78217229791451	26.136999042235743	0.0
73.0	26.204817609575425	24.01081775351688	23.654839477603264	26.12952515930443	0.0
74.0	26.352357594849114	23.60252229708408	23.804040325750574	26.24107978231624	0.0
75.0	26.2762347131413	23.675600263523574	23.814005502992323	26.234159520342804	0.0
76.0	26.166340953003115	23.828122837418135	23.684735009328513	26.320801200250237	0.0
77.0	26.262394189194428	23.75753616528907	23.84390103471757	26.136168610798933	0.0
78.0	26.105719458115807	23.81621998682382	23.747017367089448	26.331043187970927	0.0
79.0	26.14467736443936	23.714564896653094	23.986945653949103	26.15381208495844	0.0
80.0	26.25235634267935	23.79788462017555	23.686607115670473	26.26315192147462	0.0
81.0	26.21194212462527	23.830824975986758	23.743076297061112	26.21415660232686	0.0
82.0	26.365571515173325	23.765774693502443	23.679133253427594	26.189520537896634	0.0
83.0	26.154088894671133	23.80895700868352	23.713457657802298	26.323496438843048	0.0
84.0	26.225228990834832	23.787919470518382	23.789580328794578	26.197271209852214	0.0
85.0	26.255954868944443	23.74335310677381	23.7466748233262	26.25401720095555	0.0
86.0	26.192288635023626	23.74362991648651	23.782383276264397	26.281698172225465	0.0
87.0	26.201423355542698	23.68826797394667	23.849371226737603	26.260937443773024	0.0
88.0	26.316853005738267	23.787089041380284	23.657818905549757	26.23823904733169	0.0
89.0	26.279206884811174	23.800375907589846	23.64730013646719	26.27311707113179	0.0
90.0	26.202807404106192	23.659479763825953	23.869855145477345	26.267857686590506	0.0
91.0	26.31962110286526	23.78819628023108	23.68826797394667	26.203914642956995	0.0
92.0	26.275608358546084	23.782106466551696	23.621280023473464	26.321005151428757	0.0
93.0	26.27726921682228	23.668060864919628	23.772418126607224	26.282251791650868	0.0
94.0	26.213049363476067	23.756916782696074	23.710412750962607	26.31962110286526	0.0
95.0	26.209655096052703	23.700935614239054	23.88833527099596	26.201074018712283	0.0
96.0	26.186956762442566	23.71311520788352	23.832696672756466	26.267231356917453	0.0
97.0	26.359131927143885	23.72557161047445	23.76903061506948	26.146265847312183	0.0
98.0	26.206887006588055	24.00625588219011	23.652770857554117	26.13408625366772	0.0
99.0	26.357471073465096	23.609865470852018	23.798372363394783	26.234291092288103	0.0
100.0	26.278303714776065	23.667718540663234	23.81636494491502	26.23761279964568	0.0
101.0	26.17062503460112	23.816641753861482	23.68321984166528	26.329513369872114	0.0
102.0	26.26224879588108	23.7648784808725	23.831035819077673	26.14183690416874	0.0
103.0	26.09865470852018	23.82079388805846	23.739688866744174	26.340862536677186	0.0
104.0	26.15532814225726	23.720246580726954	23.986259241933116	26.138166035082666	0.0
105.0	26.260792058926924	23.792493515768378	23.68730640727895	26.25940801802575	0.0
106.0	26.215118709188097	23.832630701902502	23.739623153343427	26.212627435565977	0.0
107.0	26.363211085614	23.769518436808845	23.678171737331184	26.18909874024597	0.0
108.0	26.159203456780556	23.806610732960383	23.72163062162813	26.31255518863093	0.0
109.0	26.23643293906622	23.783082037640376	23.794707981210262	26.185777042083146	0.0
110.0	26.26466737345022	23.737962304262016	23.747096974209782	26.250273348077986	0.0
111.0	26.185223425722675	23.746543357849312	23.784466078541552	26.28376713788646	0.0
112.0	26.203769573798446	23.68758321545918	23.849239192716624	26.25940801802575	0.0
113.0	26.30923349046811	23.786680543983437	23.669590683743884	26.234495281804566	0.0
114.0	26.27463246793869	23.79996733663473	23.649937302947176	26.2754628924794	0.0
115.0	26.193804479309975	23.655750274732117	23.869722998054037	26.28072224790387	0.0
116.0	26.30646540866576	23.790279050326497	23.69616426904648	26.207091271961268	0.0
117.0	26.270480345235164	23.78585011944273	23.62364052582482	26.320029009497286	0.0
118.0	26.273802043397986	23.665992177400828	23.77090247771002	26.289303301491167	0.0
119.0	26.201278300176327	23.750972288733077	23.721907429808365	26.325841981282235	0.0
120.0	26.199966782926428	23.705641366328962	23.894701876764657	26.19968997397996	0.0
121.0	26.177545258262747	23.707025411061284	23.832696672756466	26.282732657919507	0.0
122.0	26.35774788241156	23.715052870508774	23.773736367159387	26.15346287992028	0.0
123.0	26.217959364446656	23.989370536455738	23.655538947018766	26.137131152078837	0.0
124.0	26.361069589769144	23.59214969827825	23.79366661130488	26.253114100647736	0.0
125.0	26.28024137740132	23.663843215412722	23.79754193655539	26.25837347063057	0.0
126.0	26.18308143719205	23.806953440735203	23.671593865913746	26.338371256159	0.0
127.0	26.276089243204343	23.75463654985329	23.824115595416043	26.145158611526327	0.0
128.0	26.10059237114544	23.825222831201902	23.72944693572496	26.344737861927698	0.0
129.0	26.154991723366678	23.712139246743323	23.978984548439065	26.15388448145093	0.0
130.0	26.273189797872988	23.786324455098573	23.678368368312952	26.262117378715487	0.0
131.0	26.21450597633824	23.825631543107693	23.746463746131575	26.213398734422487	0.0
132.0	26.37062708645899	23.778850572167258	23.676984315918265	26.17353802545549	0.0
133.0	26.16578733204524	23.818434470655323	23.713246488659077	26.302531708640366	0.0
134.0	26.24246383471093	23.79130704371945	23.789369370366884	26.17685975120274	0.0
135.0	26.2673767778153	23.749508661399883	23.742865209905386	26.240249350879424	0.0
136.0	26.195682863770493	23.75781297576801	23.776912898814697	26.269591261646802	0.0
137.0	26.20848869364469	23.69531939865525	23.84119892486512	26.254992982834935	0.0
138.0	26.32945520778836	23.78860478828092	23.659610748027028	26.22232925590369	0.0
139.0	26.292362500934235	23.79635550314596	23.629991944792767	26.281290051127037	0.0
140.0	26.21188298602653	23.65939942866001	23.853444648670195	26.27527293664327	0.0
141.0	26.31790198640299	23.788670637996322	23.69483136612264	26.19859600947804	0.0
142.0	26.28634541710034	23.780643089664945	23.612618198728878	26.320393294505834	0.0
143.0	26.27527293664327	23.671579157162785	23.773999601390702	26.27914830480324	0.0
144.0	26.2002568815466	23.754622760590827	23.736629979848086	26.308490378014483	0.0
145.0	26.190087334431354	23.721747795878258	23.883960083597458	26.204204786092927	0.0
146.0	26.171264065549266	23.711782535881856	23.843822230834174	26.273131167734704	0.0
147.0	26.360953788746976	23.73205556201454	23.774684847780232	26.132305801458255	0.0
148.0	26.212304915654915	24.013021309106612	23.65759271869654	26.117081056541934	0.0
149.0	26.346559484462457	23.605828585981055	23.805687964700738	26.24192396485575	0.0
150.0	26.271615737447163	23.68340193714654	23.80769156242301	26.237290762983285	0.0
151.0	26.172311848792535	23.81993732906669	23.679315270226876	26.3284355519139	0.0
152.0	26.263107193870205	23.762359793163775	23.839314384418632	26.135218628547385	0.0
153.0	26.10117037414326	23.82824178136038	23.73633917597688	26.334248668519482	0.0
154.0	26.146989619377166	23.720415224913495	23.984775086505188	26.14782006920415	0.0
155.0	26.253840830449825	23.783806228373702	23.691349480968857	26.271003460207616	0.0
156.0	26.20456747404844	23.820346020761246	23.750865051903112	26.2242214532872	0.0
157.0	26.361245674740484	23.779653979238756	23.675570934256054	26.183529411764706	0.0
158.0	26.167750865051904	23.81674740484429	23.708512110726645	26.306989619377163	0.0
159.0	26.237231833910034	23.77494809688581	23.802906574394463	26.184913494809685	0.0
160.0	26.264359861591696	23.73923875432526	23.753079584775087	26.243321799307957	0.0
161.0	26.204290657439444	23.742837370242214	23.779100346020762	26.273771626297577	0.0
162.0	26.201595021716322	23.684771445734107	23.848647331895727	26.264986200653844	0.0
163.0	26.32394830158699	23.790515683088394	23.65210699545189	26.233429019872716	0.0
164.0	26.286301138549867	23.792453404715307	23.64020384831515	26.281041608419674	0.0
165.0	26.214401186996188	23.651342014350252	23.863384710780405	26.270872087873148	0.0
166.0	26.301322083444063	23.794456993533526	23.700062007263707	26.2041589157587	0.0
167.0	26.27613163256267	23.781446540880502	23.620061564354682	26.322360262202142	0.0
168.0	26.268934360882273	23.675702010806983	23.774249269200105	26.281114359110642	0.0
169.0	26.203882097617146	23.756256089999113	23.72995836655151	26.309903445832227	0.0
170.0	26.19869507566845	23.718120842526027	23.88116717924301	26.202016902562512	0.0
171.0	26.17931775211974	23.70234216477922	23.850993918288594	26.267346164812444	0.0
172.0	26.354893895018904	23.73534931874678	23.76441538453021	26.1453414017041	0.0
173.0	26.211224484146538	24.01742856668309	23.648427941070626	26.122919008099743	0.0
174.0	26.3518488786035	23.604136793210166	23.799848302818578	26.244166025367754	0.0
175.0	26.27718030699387	23.68226549848441	23.79742280169968	26.243131392822043	0.0
176.0	26.166524565113885	23.820741659377042	23.67651781067644	26.336215964832633	0.0
177.0	26.264242451085696	23.76759198768699	23.83541318333315	26.132752377894164	0.0
178.0	26.091506018093035	23.83458271971299	23.742401257875564	26.33151000431841	0.0
179.0	26.136218933568077	23.7226014693751	24.000808322398832	26.140371274657987	0.0
180.0	26.252484484085457	23.786270699420335	23.700178827489605	26.2610659890046	0.0
181.0	26.206808732096487	23.810907923220444	23.759418893705604	26.22286445097746	0.0
182.0	26.359061238726394	23.777689194501193	23.675818426428823	26.18743114034359	0.0
183.0	26.17469729433455	23.826409996622765	23.70737621871211	26.29151649033058	0.0
184.0	26.237536056161797	23.789869395031584	23.79706678625409	26.175527762552527	0.0
185.0	26.268817025705758	23.75139103426512	23.752775147961756	26.22701679206737	0.0
186.0	26.199611340873986	23.75498972987637	23.790976685988895	26.25442224326075	0.0
187.0	26.189441397847972	23.70024443515548	23.84889865768282	26.26141550931373	0.0
188.0	26.307091387743913	23.805991014309008	23.6598282033324	26.227089394614676	0.0
189.0	26.271104332011042	23.80488372028646	23.64543338103925	26.278578566663253	0.0
190.0	26.206953825711437	23.657679105303952	23.854777986933897	26.280589082050714	0.0
191.0	26.28889381020928	23.793322998560516	23.700033218912633	26.217749972317574	0.0
192.0	26.271453881076294	23.78806333739342	23.621691949950172	26.318790831580113	0.0
193.0	26.27477577233972	23.687852950946738	23.763979625733583	26.27339165097996	0.0
194.0	26.20307828590411	23.76093455874211	23.72633152474809	26.309655630605693	0.0
195.0	26.20093622227943	23.723352129753433	23.88169605164448	26.194015596322657	0.0
196.0	26.19290829616957	23.705358502265813	23.83186754475569	26.26986565680893	0.0
197.0	26.367104235988464	23.727570189182757	23.77213914372242	26.133186431106363	0.0
198.0	26.222324340185693	24.013531245328565	23.656425957402043	26.107718457083696	0.0
199.0	26.353262945758754	23.600230319069425	23.80452776285994	26.241978972311884	0.0
200.0	26.269180621032728	23.693309378607395	23.801271741266813	26.23623825909306	0.0
201.0	26.162542839267623	23.826107177065282	23.674404956344087	26.33694502732301	0.0
202.0	26.2685682964505	23.76631214116058	23.83773398960231	26.127385572786615	0.0
203.0	26.09416610839511	23.841886422651246	23.743335344956453	26.32061212399719	0.0
204.0	26.140264428400585	23.72907162156177	23.990122691234443	26.140541258803207	0.0
205.0	26.258194179917616	23.78665234530717	23.68810072197369	26.267052752801522	0.0
206.0	26.208364707445632	23.82402444966116	23.749280240953183	26.218330601940025	0.0
207.0	26.356745803251098	23.77917792443637	23.67536652345307	26.188709748859456	0.0
208.0	26.153275457323826	23.832329361739824	23.713015458209682	26.30137972272667	0.0
209.0	26.221929397174115	23.793849935775345	23.801601187048764	26.182619480001772	0.0
210.0	26.264838109580545	23.73460822961421	23.770596181955085	26.229957478850157	0.0
211.0	26.195907339327633	23.750110732161048	23.783330380475707	26.270651548035612	0.0
212.0	26.1876749226949	23.690380947371626	23.83959294744914	26.282351182484337	0.0
213.0	26.321107546140837	23.78948650586467	23.64940993436333	26.239996013631167	0.0
214.0	26.278752377287663	23.798621934440842	23.63999767461818	26.282628013653316	0.0
215.0	26.22595022561803	23.65141322702987	23.85045538853362	26.27218115881848	0.0
216.0	26.30457049525233	23.78844503501924	23.701796639260305	26.205187830468123	0.0
217.0	26.286299587520418	23.783462060183265	23.623730033496663	26.306508318799654	0.0
218.0	26.281593444619773	23.688231874429032	23.764637488580682	26.265537192370513	0.0
219.0	26.20158901530881	23.755778866650058	23.73750795891814	26.305124159122993	0.0
220.0	26.180345431845176	23.72456253512315	23.88734016371886	26.20775186931282	0.0
221.0	26.175784202177578	23.702547151790977	23.84594728522508	26.275721360806365	0.0
222.0	26.35275423142299	23.731957278822676	23.77265202394069	26.142636465813645	0.0
223.0	26.192743600958956	24.016543659647976	23.665240043629197	26.125472695763868	0.0
224.0	26.34611019140372	23.60184482844535	23.803380709029803	26.248664271121125	0.0
225.0	26.268392276282093	23.689390269222784	23.79514153228597	26.247075922209152	0.0
226.0	26.160498748698867	23.818738511283858	23.674229840763626	26.34653289925365	0.0
227.0	26.26569663145306	23.762817531503995	23.841992780103205	26.12949305693974	0.0
228.0	26.092950634509336	23.846422164640224	23.738179080016835	26.32244812083361	0.0
229.0	26.129914567772726	23.727236989995074	23.986911096223377	26.155937346008823	0.0
230.0	26.24812442210054	23.783158279396048	23.693185907835073	26.275531390668345	0.0
231.0	26.202722979220532	23.816655685423367	23.755751310828245	26.224870024527853	0.0
232.0	26.35581442990737	23.776791003870194	23.68958701297263	26.177807553249803	0.0
233.0	26.15870572667224	23.82994391260776	23.722253904800926	26.289096455919076	0.0
234.0	26.232621490385416	23.78537298392678	23.80004540144288	26.181960124244924	0.0
235.0	26.262520001550293	23.73222007518922	23.77042372834434	26.234836194916145	0.0
236.0	26.198570408225414	23.759903881823366	23.77983622259995	26.26168948735127	0.0
237.0	26.190337771059824	23.70044930942553	23.83333194913917	26.275880970375475	0.0
238.0	26.324604604937146	23.78820721940308	23.647296253540077	26.2398919221197	0.0
239.0	26.266745288895166	23.8086932930256	23.643974187547236	26.280587230532	0.0
240.0	26.217390221011456	23.651520059357203	23.850300246675694	26.28078947295565	0.0
241.0	26.29616093825274	23.784407860856856	23.71795936674585	26.201471834144556	0.0
242.0	26.283394846208587	23.78208660163745	23.628696656154563	26.305821895999404	0.0
243.0	26.271414054431226	23.676392000066453	23.771088707556075	26.281105237946246	0.0
244.0	26.20666166400381	23.746957559512765	23.733389451765376	26.31299132471805	0.0
245.0	26.18753565237618	23.719145118324352	23.887230495727252	26.206088733572212	0.0
246.0	26.178535329059414	23.708339679594577	23.84486506694729	26.26825992439872	0.0
247.0	26.358744568483495	23.733061561341174	23.76020183501483	26.1479920351605	0.0
248.0	26.210284929321574	24.006846279966325	23.648745956485133	26.134122834226968	0.0
249.0	26.370509873431747	23.592655163818648	23.785969479602294	26.25086548314731	0.0
