# Position (bp)	A	C	G	T	N
0.0	26.19650388426188	23.798735304495885	23.83066074459088	26.174100066651356	0.0
1.0	26.227235684700755	23.846556682900054	23.70541302722336	26.22079460517583	0.0
2.0	26.294329816071873	23.90253601272487	23.58245401796716	26.220680153236103	0.0
3.0	26.25850225840145	23.764319777324136	23.691233258006612	26.2859447062678	0.0
4.0	26.276808140658208	23.84933957958227	23.670128611871046	26.20372366788847	0.0
5.0	26.263768878833865	23.703191411915576	23.8107104657479	26.222329243502656	0.0
6.0	26.188289579786755	23.78427112265926	23.731912463040945	26.29552683451304	0.0
7.0	26.29191713587354	23.81153702931155	23.74602072443114	26.150525110383775	0.0
8.0	26.378988862820634	23.696602852327384	23.68316432518996	26.241243959662018	0.0
9.0	26.117606217384488	23.798405339425297	23.70713789782526	26.37685054536496	0.0
10.0	26.312385922085486	23.675296462604837	23.726526544460995	26.285791070848685	0.0
11.0	26.216644457633002	23.702731151249118	23.794833320269195	26.285791070848685	0.0
12.0	26.21776424084297	23.789514350021836	23.697692126804252	26.29502928233094	0.0
13.0	26.209645812570688	23.76123982397008	23.74780242545043	26.2813119380088	0.0
14.0	26.18473063614884	23.754521124710255	23.679215703839738	26.381532535301165	0.0
15.0	26.326943103815104	23.631065025811	23.749202154462896	26.292789715910995	0.0
16.0	26.254717086772	23.675296462604837	23.876577494597047	26.193408956026115	0.0
17.0	26.267874539489156	23.630225188403525	23.78643494619442	26.3154653259129	0.0
18.0	26.314905434307917	23.664378576307627	23.712809200138853	26.3079067892456	0.0
19.0	26.192009227013653	23.730165839893395	23.760120040760107	26.317704892332845	0.0
20.0	26.302027927393258	23.70944985050894	23.71448887495381	26.274033347143995	0.0
21.0	26.144138494787413	23.77215771026729	23.770757981254828	26.31294581369047	0.0
22.0	26.307346897640617	23.738844159770668	23.647021936553084	26.30678700603563	0.0
23.0	26.251077791339593	23.79119402483679	23.764319227797497	26.193408956026115	0.0
24.0	26.262835515044287	23.793713537059226	23.657099985442816	26.28635096245367	0.0
25.0	26.181371286518928	23.79623304928166	23.835425461630628	26.186970202568784	0.0
26.0	26.215451285367553	23.819401869472838	23.726460123231796	26.238686721927813	0.0
27.0	26.293276000593487	23.88994801421001	23.587047503870238	26.22972848132627	0.0
28.0	26.266121333770048	23.748295834698066	23.692026885919606	26.29355594561228	0.0
29.0	26.27703918950318	23.84347714108949	23.672430734603726	26.207052934803603	0.0
30.0	26.271086799509536	23.699239111568975	23.791340764919628	26.23833332400186	0.0
31.0	26.192982357914303	23.771184779991824	23.730032977430895	26.305799884662974	0.0
32.0	26.27920518232768	23.803658311264396	23.74654968730229	26.170586819105633	0.0
33.0	26.375785943440068	23.701198721214734	23.682162513227365	26.240852822117834	0.0
34.0	26.131954514660677	23.78910121103876	23.707917382857335	26.371026891443222	0.0
35.0	26.318957263713067	23.672084520763466	23.740670858365014	26.268287357158453	0.0
36.0	26.226015777657093	23.698119334628544	23.794420151505822	26.28144473620855	0.0
37.0	26.23357427200502	23.78630176868768	23.68972100757529	26.290402951732016	0.0
38.0	26.21677761789851	23.765865839524768	23.745429910361857	26.271926632214864	0.0
39.0	26.189343082857896	23.760266954822598	23.6799229593465	26.370467002973008	0.0
40.0	26.338273415935546	23.63345221631851	23.74794940847783	26.280324959268114	0.0
41.0	26.269687078333998	23.663406249475106	23.887641581796906	26.179265090393994	0.0
42.0	26.27556590727127	23.632892327848293	23.77594383198867	26.315597932891766	0.0
43.0	26.311118825130038	23.666485636061296	23.70539788474136	26.316997654067308	0.0
44.0	26.19522191179517	23.733952196722413	23.76642572799498	26.304400163487436	0.0
45.0	26.291802672907554	23.717995375321234	23.721914594612752	26.268287357158453	0.0
46.0	26.137553399362844	23.774264166578018	23.770904835756717	26.317277598302418	0.0
47.0	26.30020099996081	23.74403018918631	23.65388814548142	26.301880665371456	0.0
48.0	26.25485003387325	23.800858868913313	23.771184779991824	26.173106317221613	0.0
49.0	26.264928026337152	23.785181991747244	23.660606807124022	26.289283174791585	0.0
50.0	26.177025536513128	23.794420151505822	23.837531563712506	26.191022748268544	0.0
51.0	26.209145752557983	23.822627829178504	23.728846772951865	26.239379645311644	0.0
52.0	26.300967204624666	23.87665691530311	23.589434934143302	26.232940945928924	0.0
53.0	26.249737553014292	23.742284058620157	23.696373332586816	26.31160505577873	0.0
54.0	26.284450540990722	23.840264266618146	23.66781910054169	26.207466091849447	0.0
55.0	26.286616500940607	23.670272328227178	23.79428693003673	26.248824240795486	0.0
56.0	26.184437427214906	23.776370599301263	23.725141091104543	26.314050882379288	0.0
57.0	26.28689644360835	23.79428693003673	23.749216160530324	26.1696004658246	0.0
58.0	26.37871763862761	23.693507569649736	23.683149690943296	26.244625100779363	0.0
59.0	26.129848607005286	23.799045955388337	23.696586938994894	26.374518498611483	0.0
60.0	26.33056749977605	23.67699095225298	23.740537937830332	26.25190361014064	0.0
61.0	26.233427394069697	23.6811900922691	23.796806414046404	26.288576099614797	0.0
62.0	26.23118785272776	23.78980784735286	23.676711009585237	26.302293290334138	0.0
63.0	26.203753471289083	23.77077174594643	23.752855415210966	26.272619367553524	0.0
64.0	26.214111349995523	23.75341530054645	23.676431066917495	26.356042282540535	0.0
65.0	26.352123085192154	23.632480068082057	23.75201558720774	26.26338125951805	0.0
66.0	26.270659768879334	23.666353130878797	23.8975857744334	26.165401325808475	0.0
67.0	26.275978679566425	23.62772104273045	23.78084968198513	26.315450595717998	0.0
68.0	26.304532831676074	23.66411358953686	23.717022753740032	26.314330825047033	0.0
69.0	26.194515363253608	23.729060288452924	23.77413105795933	26.302293290334138	0.0
70.0	26.316570366388962	23.696306996327152	23.715902983069068	26.271219654214818	0.0
71.0	26.145525396398817	23.77917002597868	23.762933351249664	26.31237122637284	0.0
72.0	26.303413061005106	23.7584542685658	23.63471960942399	26.303413061005106	0.0
73.0	26.27485890889546	23.795406700707694	23.751175759204514	26.178558631192335	0.0
74.0	26.275138851563202	23.78308922332706	23.654035653498166	26.28773627161157	0.0
75.0	26.16680103914718	23.791767446027055	23.862033055630206	26.179398459195557	0.0
76.0	26.19976092963101	23.8196950313115	23.734312756671716	26.24623128238578	0.0
77.0	26.27982430847356	23.896399107545275	23.60357989681342	26.220196687167746	0.0
78.0	26.253789713255525	23.749149676527153	23.687282520148816	26.3097780900685	0.0
79.0	26.283463552966403	23.832012474210355	23.67776449609061	26.206759476732632	0.0
80.0	26.274711800637146	23.66678050938083	23.804231589673535	26.254276100308495	0.0
81.0	26.17785217990135	23.76923895212447	23.750482898398175	26.302425969576	0.0
82.0	26.288148973455982	23.791354299055477	23.758041308108773	26.16245541937976	0.0
83.0	26.36765224596745	23.70093332362871	23.679937741099273	26.25147668930457	0.0
84.0	26.124383429726382	23.791074357955086	23.711851026544014	26.37269118577451	0.0
85.0	26.33181978511721	23.66706045048122	23.74376431198876	26.25735545241281	0.0
86.0	26.23076104787553	23.67069968478632	23.791634240155872	26.30690502718228	0.0
87.0	26.227121813570424	23.78351594824449	23.700373441427924	26.288988796757163	0.0
88.0	26.223202638164928	23.76531977671898	23.74068495988444	26.270792625231653	0.0
89.0	26.19268905822215	23.76224042461466	23.679377858898487	26.3656926582647	0.0
90.0	26.337418607125063	23.623669579920385	23.771478480927613	26.26743333202694	0.0
91.0	26.295427442066188	23.655862806465517	23.887094155389708	26.161615596078587	0.0
92.0	26.264913862123407	23.62087016891646	23.789954593553517	26.324261375406614	0.0
93.0	26.302146028475608	23.66342121617612	23.728367551467173	26.3060652038811	0.0
94.0	26.196608233627643	23.71912949515422	23.779876713939387	26.30438555727875	0.0
95.0	26.31810267119798	23.70373273463263	23.72052920065618	26.25763539351321	0.0
96.0	26.15097783426367	23.77259824532918	23.761400601313483	26.31502331909366	0.0
97.0	26.31306373139092	23.74292448868758	23.62898846082784	26.31502331909366	0.0
98.0	26.28059056374539	23.793313886758227	23.743484370888364	26.182611178608024	0.0
99.0	26.263514156621447	23.783236007144097	23.669579920384752	26.283669915849707	0.0
100.0	26.1758925921986	23.783795889344884	23.860219809752028	26.180091708704488	0.0
101.0	26.19933430192683	23.81452274375103	23.737259216335076	26.24888373798706	0.0
102.0	26.29031490486228	23.884507822932154	23.61296571570941	26.212211556496158	0.0
103.0	26.262880753823286	23.729700827783518	23.69358852692606	26.31382989146714	0.0
104.0	26.276037948709334	23.822361072619316	23.688829541541743	26.212771437129607	0.0
105.0	26.273444935893846	23.675046190022954	23.81081686355747	26.24069201052573	0.0
106.0	26.192822350372317	23.758188231342032	23.752309501147753	26.2966799171379	0.0
107.0	26.288001791613013	23.811096803090532	23.753709198813056	26.1471922064834	0.0
108.0	26.376462684060243	23.703879961928223	23.681204859750295	26.23845249426124	0.0
109.0	26.137394322826268	23.77106544986283	23.721516152511057	26.37002407479984	0.0
110.0	26.331672358770508	23.65768993897318	23.762947203404064	26.24769049885225	0.0
111.0	26.230614187335537	23.685124013213148	23.802138738032586	26.282123061418734	0.0
112.0	26.246290801186944	23.78086333351996	23.689882985275183	26.28296288001792	0.0
113.0	26.218016908347796	23.769105873131405	23.75146968254857	26.261407535972232	0.0
114.0	26.201220536364143	23.757908291808967	23.691002743407424	26.34986842841946	0.0
115.0	26.360506130675777	23.626336711270365	23.758748110408153	26.25440904764571	0.0
116.0	26.29108112647668	23.64733217624993	23.889199932814513	26.172386764458878	0.0
117.0	26.27288505682773	23.63501483679525	23.77778399865629	26.31431610772073	0.0
118.0	26.317395442584402	23.648451934382173	23.723475729242484	26.31067689379094	0.0
119.0	26.21885672694698	23.707239236324952	23.7805833939869	26.29332064274117	0.0
120.0	26.315155926319918	23.70891887352332	23.7226359106433	26.253289289513464	0.0
121.0	26.15419069480992	23.7755444823918	23.763787022003246	26.30647780079503	0.0
122.0	26.296120038071773	23.739992161693074	23.63725435305974	26.326633447175414	0.0
123.0	26.285482335815463	23.79066121717709	23.74419125468899	26.179665192318456	0.0
124.0	26.280163484687307	23.772185207995072	23.674486310956834	26.273164996360787	0.0
125.0	26.178825373719278	23.772185207995072	23.859246402777	26.189743015508647	0.0
126.0	26.19793460034321	23.819281729135348	23.742018201719397	26.240765468802053	0.0
127.0	26.29703347246367	23.887587166416118	23.610166312542166	26.20521304857804	0.0
128.0	26.277437650292956	23.736419395384903	23.689669362491916	26.29647359183022	0.0
129.0	26.288635262961936	23.821521251669147	23.689949302808643	26.19989418256028	0.0
130.0	26.28506962135167	23.670419743685926	23.805911236275886	26.238599398686517	0.0
131.0	26.188210000615868	23.76531977671898	23.762800306815446	26.283669915849707	0.0
132.0	26.302425969576	23.804791471874317	23.75776136700838	26.135021191541302	0.0
133.0	26.379969654384716	23.696734207122823	23.689175797412222	26.234120341080235	0.0
134.0	26.135861014842476	23.78127641944135	23.714090555347155	26.368772010369018	0.0
135.0	26.32174190550308	23.676298506794172	23.762520365715055	26.23943922198769	0.0
136.0	26.230201165674742	23.681057505500842	23.804791471874317	26.283949856950095	0.0
137.0	26.25763539351321	23.777917126236638	23.694494678319682	26.269952801930472	0.0
138.0	26.23076104787553	23.75524189710485	23.751042780598965	26.262954274420665	0.0
139.0	26.199967526832353	23.760280836911914	23.687216209709476	26.352535426546254	0.0
140.0	26.34889619224115	23.630108225229414	23.753562250502494	26.26743333202694	0.0
141.0	26.296827147568152	23.65054392555806	23.887933978690885	26.164694948182905	0.0
142.0	26.291508266660696	23.62226987441842	23.77119853982722	26.31502331909366	0.0
143.0	26.329580256314074	23.635986988337653	23.713810614246764	26.320622141101513	0.0
144.0	26.223762520365717	23.71129114434323	23.78015665503978	26.284789680251276	0.0
145.0	26.325381139808187	23.701773146929884	23.728367551467173	26.24447816179476	0.0
146.0	26.153497304167207	23.777917126236638	23.767559305522116	26.30102626407404	0.0
147.0	26.300466381873257	23.745723899691505	23.648584337855315	26.305225380579927	0.0
148.0	26.292907972162656	23.780716537240565	23.74712360519347	26.17925188540331	0.0
149.0	26.281430387046566	23.762800306815446	23.69057550291419	26.265193803223802	0.0
150.0	26.189889647218223	23.7756775974335	23.860219809752028	26.17421294559625	0.0
151.0	26.207319360500758	23.812976426093943	23.740191536237077	26.23951267716822	0.0
152.0	26.281783901662013	23.884921490298613	23.614777572176017	26.218517035863353	0.0
153.0	26.28598302992299	23.731513337831068	23.687562462032883	26.294941170213065	0.0
154.0	26.28598302992299	23.81689561247085	23.689801997105402	26.207319360500758	0.0
155.0	26.27989787691481	23.683989518946518	23.808004120756067	26.228108483382602	0.0
156.0	26.18667696855684	23.766292663262565	23.76909208993998	26.277938278240615	0.0
157.0	26.314890710382517	23.79624652871092	23.75257547254322	26.13628728836334	0.0
158.0	26.372838842605034	23.697706709665862	23.686509002956193	26.242945444772907	0.0
159.0	26.152244020424614	23.76881214727224	23.718702409746484	26.360241422556662	0.0
160.0	26.330287557108306	23.672511869569114	23.76237346591418	26.234827107408403	0.0
161.0	26.237346591418074	23.681470034936844	23.79288721669802	26.288296156947055	0.0
162.0	26.260861775508378	23.775530771298037	23.704985219027144	26.258622234166445	0.0
163.0	26.250503896801934	23.756214727223863	23.74193765116904	26.25134372480516	0.0
164.0	26.214951177998746	23.746416733852907	23.691827913643284	26.346804174505063	0.0
165.0	26.36164113589537	23.62380184538207	23.760693809907732	26.25386320881484	0.0
166.0	26.318529965063153	23.654035653498166	23.890307265072114	26.13712711636657	0.0
167.0	26.3053726596793	23.60756517065305	23.779729911314163	26.30733225835349	0.0
168.0	26.329447729105077	23.636679208098183	23.72682074711099	26.30705231568575	0.0
169.0	26.23454716474066	23.70750470303682	23.781689509988354	26.276258622234167	0.0
170.0	26.321329391740573	23.695187225656188	23.736618740481948	26.24686464212129	0.0
171.0	26.157282988443963	23.77413105795933	23.776370599301263	26.29221535429544	0.0
172.0	26.31293111170832	23.728220460449702	23.654315596165905	26.304532831676074	0.0
173.0	26.288576099614797	23.774411000627072	23.74753650452387	26.18947639523426	0.0
174.0	26.282977246259964	23.755094956552895	23.695467168323926	26.266460628863207	0.0
175.0	26.185277255218132	23.772171459285136	23.8606333422915	26.181917943205228	0.0
176.0	26.21418473468359	23.80723093935025	23.740044511008776	26.238539814957377	0.0
177.0	26.27885167196226	23.90297159973685	23.613510070965667	26.204666657335217	0.0
178.0	26.28641014515068	23.73724507649455	23.694133784975435	26.282210993379334	0.0
179.0	26.290329353470597	23.82206794227566	23.69441372842686	26.19318897582688	0.0
180.0	26.272206576449967	23.677123516995415	23.80841736326124	26.242252543293375	0.0
181.0	26.200260908027122	23.752148572004455	23.758307345176842	26.289283174791585	0.0
182.0	26.30831938277895	23.78770148986322	23.761386731763032	26.1425923955948	0.0
183.0	26.379985106966693	23.708197327092442	23.685521844048665	26.2262957218922	0.0
184.0	26.1459517264161	23.7468296315374	23.733112364017085	26.37410627802942	0.0
185.0	26.324276204180126	23.681602624757147	23.762786452938574	26.23133471812415	0.0
186.0	26.24029293364762	23.686361676753993	23.794420151505822	26.278925238092572	0.0
187.0	26.266607691747808	23.762786452938574	23.707077550152007	26.26352830516161	0.0
188.0	26.228815220008173	23.760546899057708	23.749069185418264	26.26156869551585	0.0
189.0	26.207819402375048	23.752428516239565	23.69839927886365	26.34135280252174	0.0
190.0	26.35395029310161	23.619455004563093	23.756347735531083	26.270246966804212	0.0
191.0	26.300760888431025	23.654168089716528	23.892960522263966	26.15211049958848	0.0
192.0	26.296296296296294	23.594244282074968	23.802245177906553	26.307214243722182	0.0
193.0	26.32429103328574	23.624478598023572	23.72721928277484	26.32401108591585	0.0
194.0	26.23246829596036	23.68018812463257	23.78936759889141	26.297975980515666	0.0
195.0	26.312533243750174	23.69922454578539	23.74905517762661	26.239187032837822	0.0
196.0	26.15856219030822	23.77872959883542	23.77313065143753	26.28957755941883	0.0
197.0	26.315892612188907	23.718260966938214	23.65023375605386	26.315612664819017	0.0
198.0	26.287337980459675	23.76305254612133	23.753814282914814	26.195795190504185	0.0
199.0	26.289297612048934	23.734497914392094	23.70174407211444	26.27446040144453	0.0
200.0	26.19551524313429	23.774250440917108	23.854315388706922	26.175918927241675	0.0
201.0	26.227782614659766	23.81322978984292	23.73372451421997	26.22526308127735	0.0
202.0	26.299802915948128	23.902040267855142	23.596895926183066	26.20126089001366	0.0
203.0	26.29812322232425	23.749468097019104	23.68787933081006	26.264529349846587	0.0
204.0	26.287765111643637	23.824214463281898	23.70383642023695	26.18418400483752	0.0
205.0	26.277760514211646	23.671988510863446	23.81560271775189	26.23464825717301	0.0
206.0	26.201894139812488	23.744775438331274	23.75597342717248	26.297356994683756	0.0
207.0	26.316393575713803	23.793766639511542	23.75009448303085	26.139745301743805	0.0
208.0	26.391700050670902	23.69690403603513	23.677027605841992	26.234368307451984	0.0
209.0	26.158501933052825	23.75569347745145	23.727978455069472	26.357826134426254	0.0
210.0	26.33235070981252	23.689065443846285	23.766331566850592	26.212252279490606	0.0
211.0	26.248645743224518	23.666949415884908	23.80216513114245	26.28223970974813	0.0
212.0	26.25123878098352	23.776196368482054	23.706768643303864	26.26579620723056	0.0
213.0	26.227722938584456	23.759679288701758	23.75687978365425	26.255717989059534	0.0
214.0	26.228842740603458	23.750160971540232	23.691651316047324	26.329344971808982	0.0
215.0	26.35734002228406	23.629782254497407	23.7565998331495	26.256277890069036	0.0
216.0	26.30526922840042	23.656097601943976	23.907213204705407	26.131419964950197	0.0
217.0	26.294778333949225	23.59604035789073	23.81244330970538	26.296737998454667	0.0
218.0	26.3037368002598	23.634673743855053	23.73657629813776	26.325013157747396	0.0
219.0	26.22493715040789	23.697235737761826	23.81481626642628	26.263010845404	0.0
220.0	26.32152115609655	23.708713836988597	23.743708041948253	26.226056964966602	0.0
221.0	26.148229853136325	23.776182664150816	23.771983359555655	26.303604123157204	0.0
222.0	26.30024467948108	23.734189618199224	23.669800281073456	26.29576542124624	0.0
223.0	26.291006209371726	23.76246493580663	23.75322646569728	26.193302389124362	0.0
224.0	26.268889871837224	23.751826697498892	23.69807559868086	26.28120783198302	0.0
225.0	26.190516184301142	23.769729953695148	23.864635300309633	26.17511856169407	0.0
226.0	26.236782503772428	23.792193103525506	23.7331220586959	26.237902334006165	0.0
227.0	26.30503311925732	23.88533961936651	23.59894063170154	26.21068662967463	0.0
228.0	26.29131508368002	23.730801749189517	23.699726199208275	26.278156967922193	0.0
229.0	26.292994843138462	23.81646948157024	23.700006159118015	26.19052951617328	0.0
230.0	26.290828767641024	23.668436951452016	23.80281808434096	26.237916196566	0.0
231.0	26.194948920885462	23.759557211687866	23.754517890988293	26.290975976438375	0.0
232.0	26.311693183758827	23.806310909289426	23.74863868350546	26.13335722344628	0.0
233.0	26.387282994252377	23.710843778258692	23.686767023805192	26.215106203683742	0.0
234.0	26.15127480815586	23.75591770229373	23.73296079688458	26.35984669266583	0.0
235.0	26.336609824995588	23.68816683511063	23.762636796559825	26.21258654333396	0.0
236.0	26.244089263667135	23.667302184557755	23.80196478614963	26.286643765625485	0.0
237.0	26.258720897678533	23.778794360392848	23.710203030336967	26.252281711591657	0.0
238.0	26.24164305631768	23.75303761604533	23.749958005308127	26.255361322328856	0.0
239.0	26.22764482569403	23.751357828370494	23.69284522436364	26.328152121571836	0.0
240.0	26.352259365026036	23.622543255501427	23.76504843496276	26.26014894450977	0.0
241.0	26.312547596649193	23.659734354701428	23.903317206468664	26.124400842180712	0.0
242.0	26.277253725994182	23.596889848328306	23.81948352666784	26.306372899009666	0.0
243.0	26.31347579687745	23.638084358130055	23.74588401317116	26.30255583182134	0.0
244.0	26.221117121960507	23.70188053716833	23.80240359306923	26.27459874780193	0.0
245.0	26.322893185668484	23.697128376013328	23.753412766195765	26.226565672122426	0.0
246.0	26.148284224498596	23.776106278948635	23.79374849481095	26.28186100174182	0.0
247.0	26.298913150016663	23.71718936841722	23.67882336797475	26.305074113591363	0.0
248.0	26.27799777082015	23.76008871911774	23.770730532482734	26.19118297757938	0.0
249.0	26.253073523728442	23.750567096633265	23.7091200340538	26.28723934558449	0.0
