# Position (bp)	A	C	G	T	N
0.0	26.24227765300226	23.821764954693577	23.77321172188232	26.16274567042185	0.0
1.0	26.130873302870896	23.893254377237767	23.772615976694446	26.20325634319689	0.0
2.0	26.039532002096937	23.811240051470236	23.888087975980557	26.26113997045227	0.0
3.0	26.156393897695253	23.965723680683382	23.864455444954757	26.013426976666608	0.0
4.0	26.064100693069015	24.018549350266415	23.711478378450828	26.205871578213745	0.0
5.0	26.26785480277814	23.832811141158672	23.67734480170596	26.221989254357226	0.0
6.0	26.1266439531116	23.902839988563805	23.870377870961594	26.100138187363005	0.0
7.0	26.155271049802405	23.817479533156437	23.683763814561015	26.343485602480143	0.0
8.0	26.079899938950845	23.926800577733438	23.801724266293423	26.19157521702229	0.0
9.0	26.248566876609935	23.757240064918626	23.894819910364646	26.099373148106785	0.0
10.0	26.246281479011014	23.82057000943961	23.797343211670572	26.135805299878808	0.0
11.0	25.94582200530643	23.819676671063878	23.870001399563456	26.364499924066237	0.0
12.0	26.117640752905587	23.884890372492322	23.70413824113585	26.293330633466244	0.0
13.0	26.261170451939886	23.745529585878106	23.915561656725796	26.07773830545621	0.0
14.0	26.26921049732147	23.82384558348396	23.829205613738353	26.07773830545621	0.0
15.0	26.093520616760813	23.841414571540025	23.796747652753417	26.26831715894574	0.0
16.0	26.187321146212696	23.776200870111577	23.841712350998602	26.194765632677125	0.0
17.0	26.204294575351604	23.773818634442957	23.847370160711574	26.174516629493866	0.0
18.0	26.044387006095544	24.002215479171817	23.861961354181865	26.091436160550774	0.0
19.0	26.19230540170329	23.74724554821035	23.769281162527545	26.291167887558814	0.0
20.0	26.195502961399082	23.755810387081215	23.946983660938418	26.101702990581295	0.0
21.0	26.210391845655874	23.902912563538315	23.74032594745415	26.14636964335167	0.0
22.0	26.207414068804514	23.762063718469065	23.940432551865428	26.090089660860993	0.0
23.0	26.167214081311172	23.859139243823346	23.843357026511146	26.13028964835433	0.0
24.0	26.091876326971807	23.834721473642208	23.89963700900182	26.173765190384163	0.0
25.0	26.25773849759247	23.808517037350256	23.777845935781265	26.155898529276012	0.0
26.0	26.162449638349	23.871943684284187	23.76742371680151	26.1981829605653	0.0
27.0	26.047209674201433	23.79213926466778	23.888619234651795	26.272031826478987	0.0
28.0	26.170489635847673	23.95651254686276	23.85109924632468	26.02189857096489	0.0
29.0	26.086218550954225	24.010112530187214	23.712037067366246	26.191631851492314	0.0
30.0	26.280071823977654	23.816854812534057	23.669454858391823	26.233618505096466	0.0
31.0	26.135649646686776	23.905592562704538	23.86449924215579	26.0942585484529	0.0
32.0	26.173169635013892	23.813579257997564	23.68821485255538	26.325036254433165	0.0
33.0	26.085027440213686	23.929414777515404	23.78320593411371	26.2023518481572	0.0
34.0	26.265480717406	23.762659273839336	23.885045902430164	26.086814106324503	0.0
35.0	26.259822941388418	23.82102370012596	23.802561483647537	26.116591874838086	0.0
36.0	25.95192081495797	23.817450367904332	23.86330813141525	26.36732068572245	0.0
37.0	26.12522742770702	23.879983681782853	23.702805959127033	26.29198293138309	0.0
38.0	26.27262738184926	23.73794372597306	23.90469922964913	26.08472966252855	0.0
39.0	26.24910294472353	23.82519258771786	23.83740147280843	26.08830299475018	0.0
40.0	26.092769660027216	23.817152590219195	23.800477039851586	26.289600709902	0.0
41.0	26.175849634180114	23.782908156428572	23.8454414703071	26.195800739084213	0.0
42.0	26.206222958063968	23.776654825040723	23.851992579380084	26.16512963751522	0.0
43.0	26.04661411883116	23.99462809056015	23.8653925752112	26.09336521539749	0.0
44.0	26.20048716284222	23.757824085378566	23.755739647789603	26.285949103989616	0.0
45.0	26.191178090839518	23.755073357095853	23.936716663242244	26.117031888822385	0.0
46.0	26.214404611953317	23.899792450189533	23.756860012566143	26.128942925291	0.0
47.0	26.20219579957299	23.75179782206698	23.95577432159203	26.090232056768	0.0
48.0	26.17182265657802	23.853637183873648	23.83934394011131	26.135196219437024	0.0
49.0	26.092614264061726	23.825348472260686	23.91438346986359	26.167653793814004	0.0
50.0	26.26026210235749	23.81462853943893	23.77949098185651	26.145618376347063	0.0
51.0	26.143533944965057	23.857806046637663	23.775619895004212	26.223040113393065	0.0
52.0	26.033654633542074	23.803015278882032	23.886094758250625	26.277235329325272	0.0
53.0	26.178671502547473	23.948329923799143	23.857508270725948	26.015490302927436	0.0
54.0	26.098272006384317	24.006991778407077	23.700580365251934	26.194155849956672	0.0
55.0	26.2700887074441	23.821477385408386	23.673780533197547	26.234653373949968	0.0
56.0	26.144129496788487	23.890859172838073	23.871801514488286	26.093209815885153	0.0
57.0	26.18790255581065	23.805099710264038	23.664251704022654	26.34274602990266	0.0
58.0	26.091720936326578	23.93463223186024	23.78812648329626	26.185520348516928	0.0
59.0	26.245075530860007	23.767877721299612	23.88907251736778	26.097974230472598	0.0
60.0	26.263835413298075	23.81849962629123	23.801526399323453	26.116138561087237	0.0
61.0	25.957424000142932	23.808970797116338	23.868525979459417	26.365079223281313	0.0
62.0	26.11941409611611	23.88192589548661	23.71427805719084	26.284381951206438	0.0
63.0	26.27663977750184	23.745246752009244	23.89621913924895	26.08189433123997	0.0
64.0	26.23584447759683	23.840832819669885	23.849766097021348	26.07355660571194	0.0
65.0	26.09529424726716	23.820881833584952	23.805695262087468	26.278128657060417	0.0
66.0	26.166164914255425	23.7908064665017	23.83398397370043	26.209044645542445	0.0
67.0	26.20576911051357	23.770855480416767	23.857210494814233	26.166164914255425	0.0
68.0	26.055987826920727	23.987636344145578	23.860486029843102	26.095889799090592	0.0
69.0	26.202713326027922	23.74606936966983	23.77138024679594	26.27983705750631	0.0
70.0	26.18655549765503	23.75999404451723	23.94282736544331	26.110623092384426	0.0
71.0	26.23360381150897	23.887739149854838	23.746296434154694	26.1323606044815	0.0
72.0	26.204421945953992	23.7519541427827	23.95414278269932	26.089481128563985	0.0
73.0	26.179408918335444	23.865703863619444	23.825802129085087	26.129085088960025	0.0
74.0	26.10049877168168	23.814784485967394	23.913645499888332	26.17107124246259	0.0
75.0	26.26278567706395	23.813891163552444	23.781433782475993	26.141889376907617	0.0
76.0	26.152907020025314	23.879103699843668	23.779944911784412	26.18804436834661	0.0
77.0	26.055832650934267	23.807042358371174	23.88595250502494	26.25117248566962	0.0
78.0	26.17583562867565	23.951165041316163	23.85617509119333	26.016824238814856	0.0
79.0	26.0990099009901	24.009230998287798	23.701332539268964	26.19042656145314	0.0
80.0	26.26040348395742	23.82431325839351	23.683168316831683	26.232114940817393	0.0
81.0	26.163329114866375	23.887739149854838	23.869277153279235	26.079654581999552	0.0
82.0	26.18863991662324	23.801086875604856	23.682274994416737	26.32799821335517	0.0
83.0	26.085907838904195	23.93300081887888	23.79989577905159	26.18119556316534	0.0
84.0	26.24045261669024	23.785007072135787	23.88654805330157	26.087992257872404	0.0
85.0	26.26635896672374	23.810913422169286	23.80734013250949	26.115387478597484	0.0
86.0	25.962331571503018	23.797513585945058	23.88208144122683	26.358073401325093	0.0
87.0	26.12461847688528	23.88684582743989	23.706990247896968	26.28154544777786	0.0
88.0	26.270527804660166	23.747785304846275	23.90411672746222	26.07757016303134	0.0
89.0	26.25027916325467	23.829077644606567	23.834437579096253	26.086205613042505	0.0
90.0	26.0897789027023	23.825206580808455	23.804660165264647	26.280354351224595	0.0
91.0	26.167497952802798	23.76773617211345	23.85915283257649	26.20561304250726	0.0
92.0	26.230328295987494	23.75403856175091	23.87523263604556	26.140400506216032	0.0
93.0	26.044219459539942	23.98183577756272	23.86391721878955	26.110027544107794	0.0
94.0	26.196601811652464	23.75486114833277	23.76796317140424	26.280573868610528	0.0
95.0	26.20337256980529	23.74794164852737	23.945662498846133	26.103023282821212	0.0
96.0	26.211412423658608	23.890276838967683	23.76699907988339	26.131311657490315	0.0
97.0	26.212305740753422	23.749132737987118	23.94298254756169	26.09557897369777	0.0
98.0	26.174488650406307	23.865263960312898	23.82863795942554	26.131609429855253	0.0
99.0	26.092899022413324	23.80690057678507	23.91052535978346	26.189675041018145	0.0
100.0	26.26114040860324	23.830722365980105	23.76044808785476	26.147689137561898	0.0
101.0	26.144711413912518	23.872112724706472	23.785163194144605	26.198012667236405	0.0
102.0	26.05567747679609	23.79439413745768	23.890276838967683	26.25965154677855	0.0
103.0	26.19950152906109	23.937027100262934	23.859308513014142	26.004162857661832	0.0
104.0	26.11642303924342	23.998963752170017	23.706551289801	26.178061918785566	0.0
105.0	26.277220116309884	23.831913455439853	23.67379632965783	26.217070098592433	0.0
106.0	26.15453790195547	23.897125603361253	23.864668415583022	26.083668079100253	0.0
107.0	26.185506227909013	23.79260750326805	23.704466883246432	26.3174193855765	0.0
108.0	26.088432436939257	23.916778579447158	23.811962706989014	26.18282627662457	0.0
109.0	26.235829757583517	23.76461690096389	23.898018920456067	26.101534420996526	0.0
110.0	26.25935377441361	23.809580528069514	23.831020138345043	26.100045559171836	0.0
111.0	25.97617225535767	23.780696608670535	23.89087238369756	26.35225875227424	0.0
112.0	26.122080714177244	23.88610802585855	23.71637777784395	26.27543348212026	0.0
113.0	26.277517888674822	23.7434750630533	23.89474342444175	26.08426362383013	0.0
114.0	26.265309221712368	23.81285602408383	23.847397618416625	26.074437135787175	0.0
115.0	26.08575248565482	23.834295634359357	23.809580528069514	26.270371351916317	0.0
116.0	26.162577755808798	23.7741456166419	23.873006041801283	26.19027058574802	0.0
117.0	26.218261188052182	23.744070607783176	23.883130302209175	26.15453790195547	0.0
118.0	26.03423786652056	23.996581573250513	23.877472627275353	26.09170793295357	0.0
119.0	26.197197358155712	23.76617653189449	23.76200770637175	26.274618403578042	0.0
120.0	26.208293009752104	23.73736321000521	23.94282736544331	26.111516414799375	0.0
121.0	26.21960842700811	23.890716891237997	23.759100722102286	26.130573959651603	0.0
122.0	26.212164073550216	23.747189756569643	23.94759175165637	26.093054418223776	0.0
123.0	26.192510980421353	23.86391721878955	23.826099903223405	26.117471897565697	0.0
124.0	26.089481128563985	23.801980198019802	23.91930320851634	26.189235464899873	0.0
125.0	26.257723516712574	23.816868904935607	23.784411523859152	26.140996054492664	0.0
126.0	26.161542470036476	23.849624060150376	23.789771458348845	26.199062011464303	0.0
127.0	26.063574778530484	23.786198168689047	23.908881113675275	26.241345939105187	0.0
128.0	26.188342142484927	23.939254075783516	23.864810541204495	26.00759324052706	0.0
129.0	26.11092086652274	23.99761780689347	23.70490582892876	26.18655549765503	0.0
130.0	26.277376609841436	23.81657113079729	23.683763865108315	26.222288394252956	0.0
131.0	26.166682548001337	23.905974558101864	23.87798370575063	26.04935918814617	0.0
132.0	26.173829148601648	23.796988898947067	23.70706084139311	26.322121111058173	0.0
133.0	26.065141264471865	23.933072085378054	23.807411024822525	26.194375625327552	0.0
134.0	26.22296202772881	23.768104721520796	23.91044118347706	26.098492067273334	0.0
135.0	26.27209490685597	23.800562199247224	23.8249797512983	26.102363142598506	0.0
136.0	25.963599980942398	23.790437848396778	23.882748106150842	26.363214064509982	0.0
137.0	26.131842870074802	23.87381485540045	23.716887417218544	26.27745485730621	0.0
138.0	26.289663633331745	23.73296726856925	23.896743532326457	26.080625565772547	0.0
139.0	26.256312830530277	23.80979322502263	23.86547715470008	26.068416789747012	0.0
140.0	26.086581066272807	23.80979322502263	23.8205131259231	26.28311258278146	0.0
141.0	26.15030492162561	23.77525132212111	23.86547715470008	26.208966601553197	0.0
142.0	26.221770927628757	23.74070941921959	23.883939206250894	26.153580446900758	0.0
143.0	26.049061413121162	23.989351565105533	23.87768593072562	26.08390109104769	0.0
144.0	26.189689211280943	23.763411082623882	23.767579945387897	26.279319760707274	0.0
145.0	26.20346493082645	23.747997451030606	23.94959234356296	26.09894527457999	0.0
146.0	26.218651547546024	23.870979268779294	23.77152181810602	26.13884736556866	0.0
147.0	26.228180405095557	23.73042861992365	23.943041253997656	26.098349720983137	0.0
148.0	26.193042742881644	23.85251710727707	23.83762826735592	26.116811882485365	0.0
149.0	26.10021410215561	23.783503711798843	23.93030811057081	26.185974075474732	0.0
150.0	26.258334052962738	23.81089925883134	23.786481488650203	26.144285199555718	0.0
151.0	26.18180518788283	23.83948591660438	23.79511704151914	26.183591853993644	0.0
152.0	26.06567189067985	23.7739748258745	23.907974784185622	26.252378499260022	0.0
153.0	26.190738518436905	23.942219217976245	23.863605909100382	26.00343635448647	0.0
154.0	26.117187430208354	23.994032535189877	23.727819284678446	26.160960749923323	0.0
155.0	26.264289606665454	23.818343700959737	23.695063739313504	26.222302953061305	0.0
156.0	26.160740873086773	23.900303734143293	23.875290334107557	26.063665058662377	0.0
157.0	26.157167530224523	23.792507891132153	23.718956583884225	26.3313679947591	0.0
158.0	26.08242510868918	23.913703769876722	23.81335239116193	26.19051873027217	0.0
159.0	26.247989994639987	23.752903341075577	23.89643261270919	26.10267405157525	0.0
160.0	26.270323387529032	23.795783455422548	23.844321362634744	26.089571794413676	0.0
161.0	25.956166994223096	23.780894526829847	23.880054791257223	26.382883687689834	0.0
162.0	26.133940801619914	23.867548091239353	23.71568101959383	26.2828300875469	0.0
163.0	26.299207908998866	23.707045441010067	23.902685962718124	26.091060687272943	0.0
164.0	26.248585551783695	23.79757012685367	23.86784586981121	26.08599845155143	0.0
165.0	26.08838068012626	23.810374605443393	23.822583526889403	26.278661187540948	0.0
166.0	26.160740873086773	23.77583229110833	23.879757012685367	26.183669823119526	0.0
167.0	26.22297659460425	23.744565541063665	23.890179262700258	26.142278601631823	0.0
168.0	26.035078315764398	23.984872848549816	23.876779226966825	26.103269608718954	0.0
169.0	26.213227959108927	23.762503015017018	23.758929661514088	26.265339364359967	0.0
170.0	26.203777045899862	23.762275994735244	23.941837542954815	26.092109416410082	0.0
171.0	26.230577276977414	23.869476919045436	23.777760572691157	26.122185231285993	0.0
172.0	26.22283498799945	23.723564549845452	23.941837542954815	26.11176291920028	0.0
173.0	26.18501688414558	23.856672364197273	23.834636618644623	26.123674133012525	0.0
174.0	26.10320501940045	23.79599603355399	23.913321838977776	26.187477108067785	0.0
175.0	26.23720657381848	23.826667500454114	23.783191440576264	26.152934485151142	0.0
176.0	26.173779171393946	23.828751969078397	23.809693970227833	26.187774889299824	0.0
177.0	26.0641956780032	23.776938034703424	23.908259558033095	26.250606729260284	0.0
178.0	26.19998391981347	23.93237983782834	23.862401248298927	26.00523499405926	0.0
179.0	26.125836393035495	23.979727053722712	23.735546443449856	26.158890109791937	0.0
180.0	26.277407040143885	23.805525032979272	23.695941539588524	26.22112638728831	0.0
181.0	26.13306096195536	23.900588417466707	23.898206160516473	26.06814446006146	0.0
182.0	26.169092598327655	23.789813469280794	23.729363699168594	26.311730233222956	0.0
183.0	26.076780141506063	23.90922409891131	23.830311837434788	26.183683922147843	0.0
184.0	26.255151630654883	23.740381637563427	23.905948495604736	26.098518236176954	0.0
185.0	26.26021392667413	23.804404793100982	23.844307597017416	26.091073683207473	0.0
186.0	25.955582819162874	23.773137670629154	23.883317054577507	26.387962455630465	0.0
187.0	26.137527693737045	23.85860113871882	23.715367939585963	26.288503227958167	0.0
188.0	26.310241322629057	23.692140934321177	23.908628534673753	26.088989208376017	0.0
189.0	26.243538128022486	23.80172475403197	23.869619077113658	26.085118040831883	0.0
190.0	26.103878314314983	23.807978178526334	23.812444910308024	26.275698596850656	0.0
191.0	26.176834933415915	23.762715296471878	23.88153036186483	26.178919408247374	0.0
192.0	26.244133692260046	23.7522929223146	23.885401529408963	26.118171856016392	0.0
193.0	26.054446482597616	23.98039402529957	23.885997093646523	26.079162398456297	0.0
194.0	26.212646844244595	23.746110209490347	23.767252802882542	26.27399014338252	0.0
195.0	26.213916036853735	23.763452387333466	23.927829095868546	26.094802479944256	0.0
196.0	26.21451160463828	23.879885889212478	23.76166568397982	26.143936822169415	0.0
197.0	26.25381907841841	23.733971781998367	23.92246898580762	26.089740153775605	0.0
198.0	26.201409113378237	23.86231663956833	23.820924678542287	26.115349568511142	0.0
199.0	26.114533981710057	23.79181270528538	23.90943769300176	26.1842156200028	0.0
200.0	26.239164291818913	23.83483566649097	23.774980569427445	26.15101947226267	0.0
201.0	26.18883836443714	23.82530649680922	23.801781359157385	26.18407377959626	0.0
202.0	26.080159139029263	23.758885312098915	23.91284279362848	26.24811275524334	0.0
203.0	26.20971224199903	23.933377605322168	23.867863003010694	25.98904714966811	0.0
204.0	26.128570194847544	23.957939374808294	23.744717853728844	26.168772576615318	0.0
205.0	26.278361291360063	23.801596779044733	23.703026494858563	26.217015434736645	0.0
206.0	26.14979154258487	23.905002977963075	23.903513996426444	26.04169148302561	0.0
207.0	26.176295413936867	23.790946992257293	23.725431804645623	26.307325789160213	0.0
208.0	26.074759675517278	23.92285792564533	23.827264172295084	26.175118226542303	0.0
209.0	26.25405012626864	23.738802592080813	23.91152856530233	26.095618716348216	0.0
210.0	26.276385381426596	23.793896221470433	23.837077714775816	26.092640682327158	0.0
211.0	25.970243484061562	23.76411588125983	23.882046028493832	26.38359460618478	0.0
212.0	26.13343974841569	23.846905227045315	23.719147567541814	26.30050745699719	0.0
213.0	26.313328647837324	23.695903367600987	23.90139016284084	26.08937782172085	0.0
214.0	26.25049138146688	23.807878780659227	23.862973066339478	26.07865677153442	0.0
215.0	26.098765285032727	23.79729947049609	23.827080342837405	26.27685490163378	0.0
216.0	26.17321746588601	23.770198876665496	23.88396180900931	26.17262184843919	0.0
217.0	26.24484787839802	23.770042646463203	23.88678436137517	26.09832511376361	0.0
218.0	26.046803897743786	23.970171300598004	23.901972696733615	26.081052104924595	0.0
219.0	26.20592711277358	23.76324904178046	23.757888373007248	26.272935472438718	0.0
220.0	26.207196421445122	23.766297970683013	23.924140354639075	26.10236525323279	0.0
221.0	26.21374836945839	23.871426954714124	23.7764237085217	26.13840096730578	0.0
222.0	26.254251320813154	23.744557415911704	23.915503695894312	26.085687567380827	0.0
223.0	26.179059849423425	23.867995330220147	23.82689650243019	26.126048317926237	0.0
224.0	26.10902138077071	23.806247747707502	23.913166492439743	26.171564379082046	0.0
225.0	26.238574734415625	23.819351994972735	23.78629355300817	26.155779717603473	0.0
226.0	26.17767678181596	23.816217793886832	23.818302572915144	26.18780285138206	0.0
227.0	26.05691480648668	23.749348502673	23.92536446621893	26.268372224621388	0.0
228.0	26.212976337617082	23.924470984170476	23.874435989456913	25.98811668875553	0.0
229.0	26.117684900866983	23.97240894564884	23.729974595024437	26.17993155845974	0.0
230.0	26.28595935799572	23.80800629018856	23.702574152447724	26.203460199368	0.0
231.0	26.16422444603288	23.898618060519418	23.89832022873481	26.03883726471289	0.0
232.0	26.17331530447525	23.78975333424669	23.71201877542754	26.324912585850523	0.0
233.0	26.088730573806135	23.90650408925476	23.822515025703037	26.18225031123607	0.0
234.0	26.24003002162272	23.734654125888287	23.92109793363077	26.104217918858225	0.0
235.0	26.275330895054744	23.7845340068383	23.841420555403328	26.098714542703632	0.0
236.0	25.95590819469016	23.777527594607957	23.883557604674852	26.38300660602703	0.0
237.0	26.116300126283686	23.863744668684028	23.71810145583645	26.301853749195836	0.0
238.0	26.318391660461653	23.7066269545793	23.896053611317942	26.0789277736411	0.0
239.0	26.261801935964257	23.8132539091586	23.861206254653762	26.063737900223384	0.0
240.0	26.112416712089665	23.805821888226657	23.82637393404878	26.255387465634893	0.0
241.0	26.166448230668415	23.77397831526272	23.90176337424044	26.15781007982843	0.0
242.0	26.256903361870208	23.759182141516686	23.884291612303624	26.099622884309486	0.0
243.0	26.040341631837176	23.979766625059952	23.898737797267064	26.081153945835805	0.0
244.0	26.208336808989834	23.77438421297234	23.773490472729005	26.243788505308817	0.0
245.0	26.218147908703333	23.751910455142664	23.930964418610888	26.09897721754312	0.0
246.0	26.195328327970447	23.875878917888212	23.79156238827315	26.13723036586819	0.0
247.0	26.242852758634044	23.755210521454387	23.939049934598458	26.06288678531311	0.0
248.0	26.187319172012668	23.885831428835342	23.826536237109256	26.10031316204273	0.0
249.0	26.13034331924936	23.796058473328845	23.9113722639047	26.162225943517097	0.0
