# Position (bp)	A	C	G	T	N
0.0	26.28345617167469	23.731634187137374	23.765763783702976	26.21914585748496	0.0
1.0	26.271609534850267	23.614578132800798	23.81427858212681	26.299533750222125	0.0
2.0	26.272085204323396	23.659374506397093	23.711555385066678	26.356984904212833	0.0
3.0	26.328244210217544	23.64002515886469	23.70574282112104	26.325987809796725	0.0
4.0	26.24039665617491	23.634943197842983	23.779909973939827	26.344750172042282	0.0
5.0	26.14391065863873	23.850872121716325	23.69886772233111	26.306349497313835	0.0
6.0	26.22771445169514	23.846735212999363	23.711654192587748	26.21389614271775	0.0
7.0	26.24291475141705	23.647105270578948	23.684329263134146	26.425650714869857	0.0
8.0	26.2982764843891	23.73979200505324	23.720898754737412	26.24103275582025	0.0
9.0	26.217008797653957	23.872095646289196	23.652154297315587	26.25874125874126	0.0
10.0	26.33705520780466	23.76783398184176	23.60288727231715	26.29222353803643	0.0
11.0	26.30483757729212	23.70460806234686	23.70827353444557	26.28228082591545	0.0
12.0	26.29130352646612	23.739289067588487	23.73505967670536	26.23434772924004	0.0
13.0	26.330777841375287	23.750849402669026	23.660340437770152	26.25803231818554	0.0
14.0	26.29948034884016	23.72180758527157	23.70291630599361	26.27579575989466	0.0
15.0	26.26761893752062	23.661750234731194	23.768894803770362	26.301736023977828	0.0
16.0	26.31329635905837	23.621148082253193	23.736187514274192	26.32936804441424	0.0
17.0	26.284818460445326	23.697841036933863	23.730830285822236	26.286510216798575	0.0
18.0	26.222505434767285	23.751695280845652	23.793425270892484	26.232374013494574	0.0
19.0	26.272130287795953	23.793989189676903	23.780737098243108	26.153143424284035	0.0
20.0	26.294048981847506	23.709052562721688	23.68254845458493	26.314350000845877	0.0
21.0	26.350440701287425	23.738658215427648	23.624464983561815	26.286436099723115	0.0
22.0	26.37920047820178	23.68254845458493	23.744861304566037	26.19338976264725	0.0
23.0	26.315477835234674	23.678601034224133	23.51760267522317	26.488318455318023	0.0
24.0	26.184931004731265	23.766008199356005	23.639972706407793	26.40908808950494	0.0
25.0	26.301943822569097	23.699465970416906	23.75078243510723	26.24780777190677	0.0
26.0	26.293485064653105	23.608957260715837	23.780952005007585	26.31660566962347	0.0
27.0	26.285590223931514	23.66196547698936	23.694954632861712	26.357489666217415	0.0
28.0	26.33098555808065	23.637717037630193	23.707360811138493	26.32393659315066	0.0
29.0	26.244142310143175	23.62164539758982	23.781515922201983	26.352696370065022	0.0
30.0	26.140945463568126	23.8395993932251	23.70792472833289	26.31153041487388	0.0
31.0	26.21622840902042	23.822117960198725	23.719485030818074	26.242168599962785	0.0
32.0	26.248653647698372	23.61938972881222	23.69608246725051	26.4358741562389	0.0
33.0	26.291229395875508	23.72258657538727	23.72286853398447	26.26331549475275	0.0
34.0	26.218202119200818	23.85341536448788	23.649277340115376	26.279105176195927	0.0
35.0	26.361437086578203	23.75783140003722	23.597678916827853	26.283052596556722	0.0
36.0	26.31653146790051	23.69827131671474	23.690376498253272	26.294820717131472	0.0
37.0	26.309482522845627	23.741128902648427	23.730978421769397	26.218410152736542	0.0
38.0	26.344727248120048	23.746204143087944	23.6585152666052	26.250553342186812	0.0
39.0	26.300177915373187	23.71095941781353	23.710113544406944	26.278749122406342	0.0
40.0	26.279876953615123	23.6585152666052	23.75804637078015	26.30356140899953	0.0
41.0	26.321324750537833	23.62411641473737	23.74338456506599	26.311174269658803	0.0
42.0	26.289745476691955	23.698553274516936	23.738873240230866	26.27282800856024	0.0
43.0	26.222921477571663	23.746768058692336	23.78285865737334	26.24745180636266	0.0
44.0	26.282132616032683	23.795828716274322	23.78370453077992	26.138334136913073	0.0
45.0	26.29305483499876	23.719351273317844	23.676493808224123	26.311100083459277	0.0
46.0	26.36382604380484	23.74557327498703	23.61643696569147	26.274163715516657	0.0
47.0	26.383844991315726	23.67085466808021	23.742471747907878	26.202828592696186	0.0
48.0	26.323788148783073	23.6779035932601	23.50252633478447	26.495781923172355	0.0
49.0	26.19239618342995	23.752904157174115	23.6401213542959	26.41457830510004	0.0
50.0	26.30123158820743	23.69764058376379	23.757415469289242	26.24371235873954	0.0
51.0	26.30010376017865	23.610515868540364	23.785329213001603	26.304051158279385	0.0
52.0	26.27275393048068	23.653655290641282	23.705253422958066	26.36833735591997	0.0
53.0	26.32463401980466	23.632790472108812	23.721324972368212	26.321250535718317	0.0
54.0	26.24427627275393	23.61728283671306	23.78730291205197	26.35113797848104	0.0
55.0	26.136568696005234	23.83861908736156	23.707509079015633	26.317303137617575	0.0
56.0	26.205648162768142	23.818318182843477	23.724990413461754	26.251043240926624	0.0
57.0	26.245686057789907	23.619256535763427	23.691437529605487	26.44361987684118	0.0
58.0	26.285723952811672	23.732039338641645	23.707509079015633	26.274727629531046	0.0
59.0	26.2081857758329	23.85694629282927	23.63814765524553	26.2967202760923	0.0
60.0	26.355085376581776	23.749238716080573	23.598391717230957	26.29728419010669	0.0
61.0	26.325405664500302	23.676427050879	23.689115080428007	26.30905220419269	0.0
62.0	26.3220221899539	23.731408512258046	23.71279940225283	26.233769895535225	0.0
63.0	26.347680205264123	23.73789350513865	23.650487079356573	26.26393921024065	0.0
64.0	26.305104817221885	23.709697883918626	23.708288102857626	26.276909196001863	0.0
65.0	26.28198440782146	23.657535984661582	23.753683053021867	26.306796554495087	0.0
66.0	26.33583804435171	23.61975385222675	23.739303286199654	26.305104817221885	0.0
67.0	26.30961611661709	23.682912043759604	23.726333300438444	26.281138539184866	0.0
68.0	26.23884510735483	23.742686760746057	23.76749890741968	26.250969224479437	0.0
69.0	26.27183398418226	23.791465185456698	23.786953886061497	26.14974694429955	0.0
70.0	26.314899088156178	23.715552096902435	23.672976828903813	26.29657198603757	0.0
71.0	26.37326385951853	23.76348451782804	23.596566910840057	26.26668471181337	0.0
72.0	26.402023312073897	23.66902945306288	23.737262664027565	26.191684570835662	0.0
73.0	26.340275075705026	23.64957452927543	23.52692392278933	26.48322647223021	0.0
74.0	26.181534175816118	23.76010105282153	23.655777548454036	26.402587222908313	0.0
75.0	26.309541935229202	23.696379128532197	23.75389803364292	26.240180902595682	0.0
76.0	26.3154629989906	23.59628495542285	23.768559715337812	26.31969233024874	0.0
77.0	26.296008075203147	23.63998804509031	23.689048287684752	26.374955592021788	0.0
78.0	26.342530719042706	23.633503070494495	23.70089041520755	26.323075795255253	0.0
79.0	26.266402756396158	23.597976687926106	23.77758228868851	26.358038266989226	0.0
80.0	26.13472957655936	23.835101193799236	23.70370996937964	26.32645926026177	0.0
81.0	26.206346252530548	23.82354102169365	23.72993182318012	26.240180902595682	0.0
82.0	26.237361348423587	23.616585745461926	23.705119746465687	26.440933159648793	0.0
83.0	26.28501181393198	23.722037071498256	23.736980708610357	26.25597040595941	0.0
84.0	26.20127105502078	23.849762875494125	23.65436777136799	26.2945982981171	0.0
85.0	26.356064579068754	23.751078479470827	23.602769930018667	26.29008701144175	0.0
86.0	26.31510684670409	23.66586121629585	23.7030792264293	26.315952710570762	0.0
87.0	26.31144143661519	23.723943868473807	23.72789123318493	26.23672346172607	0.0
88.0	26.347531628259745	23.74142505505164	23.643868755762448	26.267174560926165	0.0
89.0	26.3029827979485	23.707308545762647	23.706462681895974	26.283245974392884	0.0
90.0	26.281272292037322	23.670372490251417	23.74960173909611	26.29875347861515	0.0
91.0	26.345557945904186	23.62666952380684	23.735785962607178	26.291986567681796	0.0
92.0	26.310313618126298	23.662759715451394	23.726481460073813	26.30044520634849	0.0
93.0	26.233340006259393	23.73437618949606	23.769338562651726	26.262945241592817	0.0
94.0	26.28634747523734	23.78597388536289	23.77807915594064	26.14959948345913	0.0
95.0	26.328002526306292	23.709779286544038	23.67284333517543	26.28937485197424	0.0
96.0	26.3841113379273	23.74897086853057	23.59840752478374	26.268510268758387	0.0
97.0	26.40018270608005	23.66833207393957	23.73261754655058	26.1988676734298	0.0
98.0	26.339844587050425	23.64549381393303	23.52397171439205	26.490689884624498	0.0
99.0	26.186743658858425	23.767579821128493	23.650287028996132	26.395389491016953	0.0
100.0	26.31813414235285	23.690042518637146	23.762786606065394	26.22903673294461	0.0
101.0	26.307419896917683	23.607148093428222	23.770681313228145	26.314750696425953	0.0
102.0	26.313340927289747	23.644647952451304	23.675944827275085	26.36606629298386	0.0
103.0	26.34125435618663	23.629986353434763	23.708933425062312	26.319825865316293	0.0
104.0	26.263999007522525	23.600663155401673	23.76222269841091	26.373115138664893	0.0
105.0	26.143886677117756	23.836094601148115	23.716828132225068	26.30319058950906	0.0
106.0	26.212119503310138	23.813256341141575	23.728106285314716	26.24651787023357	0.0
107.0	26.24257051665219	23.61194130849132	23.701320671726798	26.44416750312969	0.0
108.0	26.28711922135631	23.72641456235127	23.74671523791264	26.239750978379778	0.0
109.0	26.209863872692207	23.847372754237767	23.6480313983782	26.294731974691825	0.0
110.0	26.364374570020416	23.73092582358713	23.6158886620727	26.288810944319756	0.0
111.0	26.31213892389806	23.68377275713412	23.71365977855409	26.29042854041374	0.0
112.0	26.31946970273692	23.716761261908992	23.725783758941436	26.237985276412658	0.0
113.0	26.35725140906028	23.74918586061934	23.651630111456036	26.24193261886435	0.0
114.0	26.318623843640125	23.692513301134298	23.718452980102576	26.270409875123	0.0
115.0	26.294657835897695	23.65275792358509	23.749467813651602	26.303116426865614	0.0
116.0	26.347383052931043	23.628228009778134	23.72747547713502	26.296913460155807	0.0
117.0	26.309601346607682	23.672212682811296	23.727193524102756	26.290992446478267	0.0
118.0	26.252646834090378	23.730013054425395	23.77540749261988	26.24193261886435	0.0
119.0	26.2735113584779	23.781328506297424	23.773433821394033	26.17172631383064	0.0
120.0	26.324337126552155	23.71034319419852	23.67763655023853	26.28768312901079	0.0
121.0	26.38580306089075	23.74868891470333	23.594178217375124	26.271329807030803	0.0
122.0	26.393697768053503	23.667204258630605	23.737974669268162	26.20112330404773	0.0
123.0	26.351122740140077	23.64746749072372	23.526509298837222	26.474900470298984	0.0
124.0	26.209018011210482	23.74953477618505	23.649441167514407	26.392006045090056	0.0
125.0	26.32264540358871	23.686377118883012	23.76194074458367	26.22903673294461	0.0
126.0	26.314186788771472	23.59840752478374	23.756301668038844	26.33110401840595	0.0
127.0	26.310803342844576	23.63929082973372	23.68130194999267	26.36860387742903	0.0
128.0	26.344919755940765	23.636471291461312	23.704422163826454	26.314186788771472	0.0
129.0	26.263435099868044	23.604328555155806	23.761094883101944	26.371141461874203	0.0
130.0	26.14247690798155	23.83017357077605	23.725850654696785	26.301498866545614	0.0
131.0	26.199713534911524	23.81692174089571	23.735437084822987	26.247927639369777	0.0
132.0	26.243134424306675	23.608275908737188	23.704986071480935	26.443603595475206	0.0
133.0	26.291348528764928	23.723313070251614	23.754327991248154	26.2310104097353	0.0
134.0	26.215220995409794	23.85498550757328	23.634779568497862	26.29501392851907	0.0
135.0	26.335051371987323	23.718801809015755	23.636753245288553	26.309393573708366	0.0
136.0	26.313415118970752	23.672346172606982	23.707590500384867	26.306648208037398	0.0
137.0	26.31567075594854	23.718304776029346	23.722534095362693	26.243490372659423	0.0
138.0	26.349505310615314	23.749037829851662	23.663605579318066	26.23785128021496	0.0
139.0	26.29903543323737	23.686443903718136	23.73324837100717	26.281272292037322	0.0
140.0	26.304674525681836	23.665579261673624	23.73494009874051	26.29480611390403	0.0
141.0	26.349223355993086	23.620748476740154	23.731838597896054	26.298189569370706	0.0
142.0	26.304674525681836	23.677421355806995	23.73494009874051	26.28296401977066	0.0
143.0	26.24941141972611	23.73494009874051	23.77244006349618	26.2432084180372	0.0
144.0	26.288039202970676	23.790485159318457	23.762853606340595	26.15862203137027	0.0
145.0	26.32194797358642	23.71386036439918	23.662262523049854	26.301929138964546	0.0
146.0	26.39384660497482	23.747976969881524	23.589518025409824	26.268658399733834	0.0
147.0	26.40653459874925	23.663108389301485	23.73951830736524	26.19083870458403	0.0
148.0	26.341966808208284	23.667619675976834	23.523258502365607	26.467155013449272	0.0
149.0	26.196477812928222	23.741210039868495	23.661980567632646	26.40033157957064	0.0
150.0	26.324767527758514	23.69891672728708	23.76348451782804	26.212831227126365	0.0
151.0	26.308414113560364	23.60446166252192	23.76489429491409	26.322229929003626	0.0
152.0	26.298545673958035	23.63998804509031	23.681717446837304	26.37974883411435	0.0
153.0	26.347323961135267	23.628991783819142	23.709912988558248	26.313771266487347	0.0
154.0	26.275707285164067	23.587544337489355	23.75474389989455	26.382004477452025	0.0
155.0	26.12147767195051	23.82354102169365	23.73416115443826	26.32082015191758	0.0
156.0	26.215086870464045	23.803522187071778	23.74487546029222	26.236515482171956	0.0
157.0	26.25597040595941	23.599386465012152	23.708221256054994	26.436421872973447	0.0
158.0	26.282192259759885	23.718371651074534	23.757845409483853	26.24159067968173	0.0
159.0	26.213677093377996	23.847507232156453	23.651830172613106	26.286985501852445	0.0
160.0	26.353245024896665	23.715834052319646	23.63124742715682	26.299673495626873	0.0
161.0	26.330198920107705	23.673607488756996	23.695600073308615	26.30059351782668	0.0
162.0	26.3203304526807	23.720412219982236	23.72492351937744	26.234333807959626	0.0
163.0	26.360650191025332	23.744660454231457	23.648231429658974	26.246457925084233	0.0
164.0	26.3186387154075	23.69419029224761	23.733100249531248	26.25407074281364	0.0
165.0	26.300311561614482	23.657817940873784	23.749171753626662	26.292698743885072	0.0
166.0	26.364033665571736	23.611859078285143	23.72492351937744	26.29918373676568	0.0
167.0	26.307924379343888	23.6800924816376	23.741840892109455	26.270142246909057	0.0
168.0	26.25632639251124	23.742404804533855	23.77088238196608	26.230386420988822	0.0
169.0	26.295236349794877	23.7923110540933	23.767780863631877	26.144671732479946	0.0
170.0	26.319558793675142	23.716249746238695	23.661832043849955	26.30235941623621	0.0
171.0	26.37961563620779	23.751776329145333	23.598109760223764	26.270498274423115	0.0
172.0	26.410912864006498	23.662959871878737	23.75121241513094	26.17491484898383	0.0
173.0	26.36241625876886	23.666343355965083	23.521135497259376	26.450104888006678	0.0
174.0	26.200290979631426	23.737678478785554	23.662959871878737	26.399070669704283	0.0
175.0	26.330273159948568	23.69510297069903	23.750930458123744	26.223693411228655	0.0
176.0	26.299821803171454	23.600365416281324	23.779408115850494	26.320404664696728	0.0
177.0	26.294746577041934	23.633918300137598	23.695666884713418	26.375668238107053	0.0
178.0	26.336476214106874	23.640403311303093	23.72358062842578	26.299539846164254	0.0
179.0	26.280930683689352	23.580910382784833	23.760516996368395	26.37764193715742	0.0
180.0	26.12218888863826	23.828186678095324	23.73034759659847	26.319276836667942	0.0
181.0	26.21523470101279	23.811551214670786	23.746419146008616	26.22679493830781	0.0
182.0	26.242584530710754	23.601211287302913	23.72780998353371	26.428394198452622	0.0
183.0	26.29220896397717	23.709764735073197	23.76897570658426	26.229050594365372	0.0
184.0	26.206494033789728	23.857792163850856	23.656756817720435	26.278956984638985	0.0
185.0	26.346626666365914	23.719069316310648	23.621512191820994	26.312791825502448	0.0
186.0	26.31472098393659	23.680062708476076	23.704875414837435	26.300340892749897	0.0
187.0	26.31359313364744	23.716435880301248	23.72517672004218	26.24479426600913	0.0
188.0	26.363500508942444	23.7556286778493	23.63861421034972	26.24225660285854	0.0
189.0	26.311411621402147	23.699584949923306	23.71763060543174	26.271372823242807	0.0
190.0	26.309155914463595	23.640654606153568	23.748928539204186	26.30126094017865	0.0
191.0	26.385849950374446	23.6017436614635	23.723551836145447	26.2888545520166	0.0
192.0	26.30971984119823	23.67336235676261	23.742725345123162	26.274192456915994	0.0
193.0	26.264679759202604	23.733205509579733	23.76365763911407	26.238457092103594	0.0
194.0	26.27567636153445	23.800312980220216	23.767323173224682	26.15668748502065	0.0
195.0	26.331015581383543	23.716636496416225	23.67321389297738	26.27913402922285	0.0
196.0	26.392483942095673	23.76344267934381	23.59567352969373	26.248399848866782	0.0
197.0	26.409965769454175	23.675187647679145	23.76231481951423	26.15253176335245	0.0
198.0	26.352444918145572	23.672367998105194	23.533923204024205	26.441263879725028	0.0
199.0	26.198774016365245	23.734400288732115	23.681672841699232	26.385152853203405	0.0
200.0	26.33891060019061	23.669548348531244	23.758649275068095	26.232891776210053	0.0
201.0	26.298307646325714	23.59454566986415	23.793048999870294	26.314097683939842	0.0
202.0	26.323966457448666	23.629227359623748	23.691823580165458	26.354982602762128	0.0
203.0	26.35569516032618	23.64684253860122	23.712822710713603	26.284639590359	0.0
204.0	26.292816620236177	23.57635090172902	23.763294722714097	26.367537755320708	0.0
205.0	26.121098992815494	23.81715033328446	23.74101936546248	26.320731308437566	0.0
206.0	26.212174187654373	23.824763430066657	23.744120997484856	26.21894138479411	0.0
207.0	26.243190507878143	23.605111489572877	23.724101372613156	26.427596629935824	0.0
208.0	26.300934163073915	23.710767547631605	23.773364650682787	26.214933638611697	0.0
209.0	26.215927386950966	23.85527017005642	23.6686056839618	26.260196759030812	0.0
210.0	26.339148505415245	23.720206289634483	23.64181848429565	26.298826720654624	0.0
211.0	26.310832644843657	23.685360688696456	23.711584390975663	26.29222227548422	0.0
212.0	26.299983927317637	23.743017547421463	23.730892541429455	26.226105983831445	0.0
213.0	26.33946069101255	23.778546634746885	23.67139541900355	26.210597255237015	0.0
214.0	26.305845994202503	23.720942036341487	23.72235193268591	26.250860036770096	0.0
215.0	26.297950574673752	23.65383097034706	23.749985901036556	26.298232553942636	0.0
216.0	26.355756324795	23.640577944709502	23.718686202190415	26.28497952830508	0.0
217.0	26.296822657598213	23.688232441150927	23.75308767299428	26.26185722825658	0.0
218.0	26.24529445768184	23.744413269981813	23.769509495678655	26.24078277665769	0.0
219.0	26.271518603634725	23.817446106560265	23.76105009375837	26.14998519604664	0.0
220.0	26.3305266838487	23.704156961825433	23.670883220446996	26.294433133878876	0.0
221.0	26.38241116193033	23.74335230124579	23.605181680267542	26.269054856556334	0.0
222.0	26.402713783788357	23.661013890377124	23.77183236801886	26.164439957815667	0.0
223.0	26.351259897583972	23.671862663267838	23.532281350808727	26.444596088339463	0.0
224.0	26.19363170836247	23.73587267928444	23.674400505312548	26.39609510704054	0.0
225.0	26.3244715648898	23.691037469827876	23.765480836472737	26.219010128809582	0.0
226.0	26.290633670960318	23.60587877010535	23.789731327122198	26.31375623181213	0.0
227.0	26.286685916668546	23.649586049764263	23.695549189018475	26.368178844548716	0.0
228.0	26.36240588782675	23.649719425880495	23.71485773905197	26.273016947240784	0.0
229.0	26.289372021543585	23.57301976708118	23.760821137523617	26.37678707385162	0.0
230.0	26.133434847587626	23.812142232749625	23.743338127062007	26.311084792600738	0.0
231.0	26.206750697910497	23.825395482615683	23.743620111101713	26.224233708372108	0.0
232.0	26.243690607111635	23.597834362575078	23.724445196401884	26.4340298339114	0.0
233.0	26.299033637970947	23.717180490033247	23.76596386646326	26.217822005532543	0.0
234.0	26.20908047565202	23.860710770974734	23.68503421885971	26.24517453451353	0.0
235.0	26.332589833318764	23.722538201895503	23.641890539126805	26.302981425658928	0.0
236.0	26.3185054635178	23.692633063094817	23.715192104335568	26.273669369051817	0.0
237.0	26.320479379626367	23.733239337328165	23.727599577017976	26.218681706027493	0.0
238.0	26.33444531234579	23.787515192190014	23.663157776004375	26.21488171945982	0.0
239.0	26.321830004906634	23.716520689635725	23.727800305677597	26.233848999780047	0.0
240.0	26.290097432354308	23.65674482875312	23.76926439277506	26.28389334611751	0.0
241.0	26.35840367298478	23.628764569684904	23.737058961219894	26.275772796110424	0.0
242.0	26.27812985635758	23.678859208993657	23.800982059504573	26.24202887514419	0.0
243.0	26.24080869391082	23.729435025539633	23.80135778895323	26.228398491596316	0.0
244.0	26.27126771369257	23.799812708728226	23.7888121671631	26.140107410416103	0.0
245.0	26.32655306353294	23.708001771464193	23.69361567689396	26.271829488108907	0.0
246.0	26.378992265118562	23.741459754356864	23.617622666418427	26.261925314106144	0.0
247.0	26.408185488079756	23.678561051227003	23.775322231656986	26.137931229036255	0.0
248.0	26.347802045894387	23.68520535114792	23.54386598432572	26.42312661863197	0.0
249.0	26.17401951103914	23.74980957270937	23.705517595481655	26.370653320769833	0.0
