# Position (bp)	A	C	G	T	N
0.0	26.17927348993778	23.87717061872661	23.68844018820537	26.255115703130244	0.0
1.0	26.377630047518064	23.683481274265862	23.69077379476514	26.248114883450935	0.0
2.0	26.29568057864497	23.733193338583135	23.641613439496016	26.329512643275876	0.0
3.0	26.2556505001604	23.7490157193269	23.746390970865292	26.248942809647406	0.0
4.0	26.2264007885359	23.86691706958596	23.696903596820192	26.209778545057944	0.0
5.0	26.345623933866946	23.67639125807345	23.785155054017405	26.19282975404219	0.0
6.0	26.256432684598003	23.694438370143597	23.671404621328087	26.37772432393032	0.0
7.0	26.5063121373801	23.716434881483426	23.47852707076008	26.298725910376398	0.0
8.0	26.123602057118866	23.945201805226763	23.701764410910663	26.229431726743712	0.0
9.0	26.40874120675531	23.760491401350944	23.735711432894387	26.095055958999357	0.0
10.0	26.1895322329565	23.70027460834786	23.77461126302349	26.33558189567215	0.0
11.0	26.11023980130249	23.746334182617467	23.801139245672438	26.342286770407597	0.0
12.0	26.18282735822105	23.814840511436184	23.78277371922317	26.219558411119596	0.0
13.0	26.23005299766204	23.85565279243457	23.77198761638788	26.142306593515514	0.0
14.0	26.24550336118286	23.657421713299556	23.70814554825469	26.388929377262894	0.0
15.0	26.19798620544902	23.680159984141515	23.77023851863081	26.351615291778657	0.0
16.0	26.287773223645473	23.655089582956794	23.71426739040445	26.34286980299329	0.0
17.0	26.292145968038156	23.697067929126558	23.66325203915647	26.34753406367882	0.0
18.0	26.407877936297858	23.75128995959584	23.627104018843614	26.213728085262684	0.0
19.0	26.13443565360868	23.707270999376153	23.824169032807244	26.33412431420792	0.0
20.0	26.25249975221115	23.813674446264802	23.714558906697295	26.219266894826752	0.0
21.0	26.179620678999747	23.797932566451138	23.72213833031128	26.300308424237826	0.0
22.0	26.346076482214592	23.710769194890304	23.601159068780355	26.341995254114753	0.0
23.0	26.399347005407613	23.53520777763202	23.808066232308654	26.257378984651712	0.0
24.0	26.190330432754678	23.79523955281531	23.804568046992287	26.209861967437725	0.0
25.0	26.193169230051655	23.856096736202616	23.697512797490642	26.253221236255087	0.0
26.0	26.381779171865343	23.6855606991686	23.679147378117747	26.25351275084831	0.0
27.0	26.300155085763592	23.745612705372032	23.639209878846536	26.31502233001784	0.0
28.0	26.244767313051693	23.75056845345678	23.75056845345678	26.254095780034746	0.0
29.0	26.23310672932287	23.874170640982285	23.69634673911776	26.196375890577084	0.0
30.0	26.362830723306008	23.676232232185544	23.7721405333551	26.18879651115335	0.0
31.0	26.251472148695765	23.680896465677073	23.683228582422835	26.384402803204328	0.0
32.0	26.498676523746777	23.731036975711003	23.466633239659977	26.303653260882236	0.0
33.0	26.1511911286279	23.927809326134867	23.701885516388952	26.219114028848285	0.0
34.0	26.40364276635688	23.76631024149069	23.720542450355065	26.109504541797364	0.0
35.0	26.1867559090008	23.69080796184657	23.77680476684663	26.345631362305998	0.0
36.0	26.107755454238042	23.723457596287272	23.820240441236486	26.3485465082382	0.0
37.0	26.187921967373683	23.79925139052461	23.78234354411782	26.230483097983885	0.0
38.0	26.2392285357805	23.8601779405077	23.77272356254154	26.12786996117026	0.0
39.0	26.246224886017792	23.659907414965193	23.729870917338122	26.36399678167889	0.0
40.0	26.2065789013398	23.687892815914367	23.768642358236452	26.336885924509378	0.0
41.0	26.28761995825511	23.65757529821943	23.715003673083874	26.339801070441588	0.0
42.0	26.29286722093308	23.698678855863527	23.66777830898215	26.340675614221247	0.0
43.0	26.40364276635688	23.742406044846607	23.636003218321108	26.217947970475404	0.0
44.0	26.133117223848224	23.72374911088049	23.819365897456827	26.323767767814456	0.0
45.0	26.247682458983896	23.807996828321226	23.73278606327033	26.21153464942455	0.0
46.0	26.191711657085552	23.800125934304273	23.716752760643196	26.29140964796698	0.0
47.0	26.33659440991616	23.706258235287258	23.602479040100746	26.354668314695832	0.0
48.0	26.370916256846925	23.541192349513317	23.83095701046826	26.256934383171494	0.0
49.0	26.20358736812647	23.777609995423234	23.81113407591601	26.207668560534287	0.0
50.0	26.2035109812907	23.848086800879205	23.706411534582177	26.241990683247916	0.0
51.0	26.39095377188533	23.68950378675249	23.68192445151849	26.23761798984369	0.0
52.0	26.31545193243897	23.727983488709707	23.645193826922963	26.311370751928358	0.0
53.0	26.251319095843613	23.730607104752245	23.757717803858462	26.26035599554568	0.0
54.0	26.23878404141815	23.86878421632589	23.708452124837482	26.18397961741848	0.0
55.0	26.362093995417418	23.682798990199334	23.776374629049844	26.178732385333404	0.0
56.0	26.259189943971222	23.681049912837647	23.691544377007794	26.36821576618334	0.0
57.0	26.50901649379952	23.709909689305558	23.473201219689948	26.307872597204973	0.0
58.0	26.157743456993103	23.922714101644715	23.70233035407156	26.21721208729062	0.0
59.0	26.399990671587403	23.75626023939039	23.738186439986244	26.105562649035967	0.0
60.0	26.178732385333404	23.685131093348257	23.79444842845399	26.341688092864345	0.0
61.0	26.114599548738042	23.711367253773634	23.825348795177213	26.34868440231111	0.0
62.0	26.184562643205712	23.794156915560375	23.78949270926253	26.231787731971384	0.0
63.0	26.251319095843613	23.838466875389898	23.7926993510923	26.11751467767419	0.0
64.0	26.251902121630838	23.658020394242037	23.72273625662463	26.367341227502493	0.0
65.0	26.205260058652396	23.679883861263185	23.771418909858383	26.343437170226043	0.0
66.0	26.30816411009859	23.65306467505058	23.713116331135325	26.325654883715504	0.0
67.0	26.2892157720136	23.70058127670987	23.67142998734834	26.338772963928193	0.0
68.0	26.400865210268247	23.7431421591777	23.634407849859198	26.22158478069485	0.0
69.0	26.126260064482654	23.715448434284248	23.822142153347443	26.336149347885655	0.0
70.0	26.253942711886147	23.802319276581603	23.729732566071398	26.214005445460852	0.0
71.0	26.184854156099323	23.806108944198602	23.72710895002886	26.28192794967321	0.0
72.0	26.324488832141046	23.69125286411418	23.618374640710357	26.365883663034417	0.0
73.0	26.37309460440358	23.53172671328916	23.830526558204753	26.264652124102504	0.0
74.0	26.196146793804786	23.771932637396915	23.814201883750826	26.217718685047476	0.0
75.0	26.21443563432836	23.84386660447761	23.6943213619403	26.24737639925373	0.0
76.0	26.389925373134325	23.68528451492537	23.681203358208954	26.24358675373134	0.0
77.0	26.313549440298505	23.73046875	23.63514458955224	26.32083722014925	0.0
78.0	26.252332089552237	23.715893190298505	23.760785914179106	26.27098880597015	0.0
79.0	26.238339552238806	23.858442164179106	23.702192164179102	26.201026119402986	0.0
80.0	26.34911380597015	23.6884911380597	23.777985074626866	26.184409981343283	0.0
81.0	26.24504430970149	23.68790811567164	23.69111473880597	26.375932835820898	0.0
82.0	26.50478078358209	23.71064598880597	23.486182369402986	26.298390858208954	0.0
83.0	26.168376865671643	23.913829291044777	23.707439365671643	26.21035447761194	0.0
84.0	26.403334888059703	23.76894822761194	23.738339552238806	26.08937733208955	0.0
85.0	26.19344682835821	23.680328824626866	23.78993703358209	26.336287313432837	0.0
86.0	26.108034048507463	23.721431902985074	23.82375233208955	26.34678171641791	0.0
87.0	26.19694496268657	23.79110307835821	23.79052005597015	26.221431902985078	0.0
88.0	26.258745335820894	23.83016557835821	23.796933302238806	26.11415578358209	0.0
89.0	26.246793376865675	23.661963619402986	23.721723414179106	26.369519589552237	0.0
90.0	26.205981809701495	23.681203358208954	23.776819029850746	26.335995802238806	0.0
91.0	26.305095615671643	23.65117770522388	23.71705923507463	26.32666744402985	0.0
92.0	26.28993703358209	23.705690298507463	23.67245802238806	26.331914645522385	0.0
93.0	26.412954757462686	23.734549906716417	23.636893656716417	26.215601679104477	0.0
94.0	26.144764458955223	23.71152052238806	23.817339085820898	26.326375932835823	0.0
95.0	26.25116604477612	23.804512593283583	23.735132929104477	26.209188432835823	0.0
96.0	26.162546641791046	23.796058768656717	23.742712220149254	26.298682369402986	0.0
97.0	26.32258628731343	23.70627332089552	23.617945429104477	26.353194962686565	0.0
98.0	26.387807871362316	23.539460297748665	23.823682883387118	26.2490489475019	0.0
99.0	26.202698802767017	23.764506283505472	23.816686635125247	26.216108278602267	0.0
100.0	26.213991289696303	23.844602118691004	23.701470956909066	26.23993563470362	0.0
101.0	26.38394132496896	23.686895482185854	23.688353029658177	26.240810163187017	0.0
102.0	26.30844036590272	23.724791716466207	23.649873776388898	26.31689414124218	0.0
103.0	26.251304504987726	23.720127564554776	23.758606817824056	26.26996111263344	0.0
104.0	26.24051865369255	23.85742853644743	23.70788416578728	26.194168644072736	0.0
105.0	26.357705470467174	23.673194535946035	23.78017852041441	26.188921473172382	0.0
106.0	26.23556299228666	23.679899254318713	23.691268124602818	26.39326962879181	0.0
107.0	26.501128141743575	23.717795488599062	23.483713364544283	26.297363005113077	0.0
108.0	26.17317996047131	23.905236093539568	23.714880393654422	26.206703552334698	0.0
109.0	26.390354533847166	23.770558707097088	23.744905871584237	26.09418088747151	0.0
110.0	26.20058185295095	23.669987931506927	23.78717474828155	26.342255467260568	0.0
111.0	26.10263466281097	23.72508322596067	23.82769456801208	26.34458754321628	0.0
112.0	26.203788457390058	23.794170976148692	23.780470029908873	26.221570536552374	0.0
113.0	26.243725258131654	23.820989849639403	23.813410602783332	26.121874289445607	0.0
114.0	26.238186577736837	23.649582266894434	23.737618134222632	26.374613021146097	0.0
115.0	26.199415814973094	23.690976615108355	23.779595501425483	26.33001206849307	0.0
116.0	26.298529043090934	23.649582266894434	23.715463412643352	26.336425277371283	0.0
117.0	26.283662058873258	23.693017181569605	23.683980387241213	26.339340372315927	0.0
118.0	26.401431894636808	23.737035115233702	23.645792643466397	26.21574034666309	0.0
119.0	26.148693162936315	23.71400586517103	23.824779473067437	26.312521498825213	0.0
120.0	26.250429976504336	23.806997393905117	23.739075681694953	26.203496947895594	0.0
121.0	26.161519580692744	23.78571720080923	23.73266247281674	26.320100745681284	0.0
122.0	26.32476489759272	23.69418321954746	23.629176602281937	26.35187528057789	0.0
123.0	26.369442719674907	23.535670663273486	23.833011214402944	26.261875402648666	0.0
124.0	26.196285575193635	23.76887893866914	23.82776402820654	26.207071457930688	0.0
125.0	26.218808302238806	23.84678171641791	23.700443097014926	26.233966884328357	0.0
126.0	26.389633861940297	23.665753264925375	23.69344682835821	26.25116604477612	0.0
127.0	26.315298507462686	23.722014925373134	23.658465485074625	26.30422108208955	0.0
128.0	26.24825093283582	23.72551305970149	23.75262360074627	26.273612406716417	0.0
129.0	26.238707552202516	23.847725768790138	23.718585933377838	26.194980745629504	0.0
130.0	26.33927920732045	23.66261562096438	23.798168721340723	26.199936450374445	0.0
131.0	26.24045662446544	23.672527030454262	23.69963765052953	26.38737869455077	0.0
132.0	26.49990234346532	23.715962324983455	23.49732829211839	26.286807039432837	0.0
133.0	26.17107675803626	23.899031888502474	23.721209541772218	26.20868181168905	0.0
134.0	26.39466649564627	23.775139269878935	23.743072945058724	26.08712128941607	0.0
135.0	26.189150504753105	23.65882596439472	23.803124426085663	26.348899104766517	0.0
136.0	26.10694410839584	23.717711397246376	23.835773774993513	26.339570719364268	0.0
137.0	26.190025040884564	23.78534219141264	23.784176143237357	26.24045662446544	0.0
138.0	26.24657837738566	23.813327347619367	23.81857456440813	26.121519710586842	0.0
139.0	26.2369584799396	23.647748506729556	23.733453047612663	26.381839965718186	0.0
140.0	26.21138182941832	23.688337735178028	23.776083116156226	26.32419731924743	0.0
141.0	26.304082929587974	23.64169567219958	23.72361079530548	26.33061060290697	0.0
142.0	26.30903864877944	23.681049912837647	23.688046222284413	26.321865216098505	0.0
143.0	26.39773552124115	23.739421695035812	23.65663179190583	26.20621099181721	0.0
144.0	26.1531554905156	23.702107935878637	23.814340727093576	26.330395846512182	0.0
145.0	26.25081259455977	23.79889049869256	23.750499217285597	26.199797689462066	0.0
146.0	26.165690581482465	23.794809306284744	23.7222223841743	26.317277728058492	0.0
147.0	26.326314654104365	23.702399449622053	23.63039555499844	26.34089034127514	0.0
148.0	26.36457981086533	23.5435930922702	23.834233141711074	26.257593955153396	0.0
149.0	26.20782135933651	23.75588496800618	23.826140189776552	26.210153482880756	0.0
150.0	26.226263285855044	23.83845333115668	23.699400059469326	26.235883323518948	0.0
151.0	26.381058437356064	23.666750234670616	23.694152766198105	26.258038561775216	0.0
152.0	26.315758787758647	23.711060711183148	23.657421713299556	26.315758787758647	0.0
153.0	26.24317123084009	23.723595911775508	23.76848942087373	26.264743436510667	0.0
154.0	26.24470531989634	23.847559855757318	23.70704859299251	26.20068623135384	0.0
155.0	26.352566662682598	23.658365230167362	23.784592152941553	26.20447595420849	0.0
156.0	26.22488215419508	23.672649570157972	23.710838315847163	26.391629959799783	0.0
157.0	26.493660959732736	23.7105467987045	23.50152900741328	26.294263234149483	0.0
158.0	26.156084108526002	23.911693627143745	23.71258741870316	26.2196348456271	0.0
159.0	26.40329064550641	23.777304224374916	23.722790518696453	26.096614611422225	0.0
160.0	26.17998851422458	23.662154953022014	23.810828695781456	26.347027836971954	0.0
161.0	26.106526194272856	23.707923144420505	23.83823130719202	26.347319354114617	0.0
162.0	26.196021957071185	23.78750732436821	23.79362918436419	26.222841534196416	0.0
163.0	26.241207114184352	23.81520145292144	23.81520145292144	26.12838997997277	0.0
164.0	26.244996837039004	23.651368818743386	23.737657892972397	26.365976451245217	0.0
165.0	26.221168870542687	23.673593134168243	23.7730007696075	26.33223722568157	0.0
166.0	26.317369808064555	23.625201147414817	23.735103430583735	26.322325613936894	0.0
167.0	26.297546584575198	23.675050724130696	23.700121271484875	26.32728141980923	0.0
168.0	26.388868644524837	23.735464141724798	23.660835318090783	26.214831895659575	0.0
169.0	26.1550705329839	23.70485466328116	23.814174229151302	26.32590057458364	0.0
170.0	26.23757036536056	23.80863537114721	23.748290970786897	26.205503292705323	0.0
171.0	26.174893814261686	23.792893353661913	23.730799840247673	26.301412991828727	0.0
172.0	26.330564876060762	23.68940416463818	23.631683433858747	26.348347525442307	0.0
173.0	26.379616943124507	23.534967787074017	23.82794507769	26.257470192111477	0.0
174.0	26.217316903235588	23.746680309828033	23.8300551848386	26.205947602097783	0.0
175.0	26.226722016861597	23.837121167951306	23.696316335692714	26.239840479494386	0.0
176.0	26.37481488391618	23.67590983826393	23.694567207341674	26.254708070478213	0.0
177.0	26.308348006576722	23.718180440080694	23.65608638361883	26.317385169723757	0.0
178.0	26.242172650629104	23.704478934664223	23.77706776123232	26.276280653474355	0.0
179.0	26.24312371912415	23.83106869138581	23.71504283919342	26.210764750296622	0.0
180.0	26.338743014398286	23.65790447982229	23.795502977899698	26.207849527879727	0.0
181.0	26.23321196290671	23.67102298069831	23.713585227984968	26.382179828410006	0.0
182.0	26.51219874820349	23.710670005568073	23.495235068959587	26.281896177268845	0.0
183.0	26.15129421299198	23.91298644130054	23.714168272468346	26.221551073239134	0.0
184.0	26.409291396887124	23.775679465464815	23.726995251102682	26.088033886545375	0.0
185.0	26.17694817026065	23.660528179997492	23.81066213446755	26.351861515274305	0.0
186.0	26.122433511064724	23.696093893483603	23.82961108017736	26.351861515274305	0.0
187.0	26.194147982520327	23.7844251327155	23.79113014427436	26.230296740489816	0.0
188.0	26.261198098108895	23.80016733376673	23.812994312401063	26.125640255723308	0.0
189.0	26.255659175516794	23.64332836773782	23.735740918353365	26.365271538392022	0.0
190.0	26.23416300805187	23.68333595704116	23.75709129920181	26.325409735705165	0.0
191.0	26.310250534944874	23.620366969267636	23.73930839061762	26.33007410516987	0.0
192.0	26.28955239544524	23.6664276177316	23.71161369692093	26.33240628990222	0.0
193.0	26.394869178631296	23.73354711755703	23.65600174914365	26.21558195466803	0.0
194.0	26.161650025508344	23.702937103709644	23.814299249325853	26.32111362145616	0.0
195.0	26.23861234603892	23.80963486626339	23.754536841338094	26.19721594635959	0.0
196.0	26.17447707893011	23.779024852416004	23.747248742803002	26.299249325850887	0.0
197.0	26.324611908753003	23.69477443335034	23.63384592959697	26.346767728299685	0.0
198.0	26.37104109333458	23.53800317178973	23.84614487616027	26.24481085871542	0.0
199.0	26.211944971619978	23.746804150159026	23.83630252198832	26.20494835623267	0.0
200.0	26.226889237425006	23.82995842832238	23.703435931223073	26.239716403029544	0.0
201.0	26.367696532583917	23.671951070193746	23.706642722624206	26.25370967459813	0.0
202.0	26.31347260525564	23.708100355079267	23.666412066864517	26.31201497280058	0.0
203.0	26.26916057862178	23.70052066631295	23.75678527907831	26.273533475986966	0.0
204.0	26.24577647302336	23.828709196866647	23.71647051621047	26.209043813899523	0.0
205.0	26.33119448193832	23.656415533833403	23.79430877006813	26.21808121416015	0.0
206.0	26.21910867391412	23.689496438952006	23.71777492077652	26.373619966357353	0.0
207.0	26.4975205310524	23.710778183005505	23.494170842844525	26.29753044309757	0.0
208.0	26.15642956471545	23.91047674021987	23.724480127807077	26.2086135672576	0.0
209.0	26.404522224846	23.76937586183775	23.733809111501763	26.092292801814487	0.0
210.0	26.171880693959775	23.65305509639464	23.81893608771577	26.356128121929817	0.0
211.0	26.124944244745883	23.681042047478694	23.84109242399065	26.35292128378477	0.0
212.0	26.191857498943193	23.786423334256522	23.79516930746469	26.226549859335595	0.0
213.0	26.260950687287725	23.782050347652433	23.82315642173083	26.13384254332901	0.0
214.0	26.25628616824337	23.63482646531493	23.737445884290775	26.371441482150924	0.0
215.0	26.21729725317334	23.66754709720303	23.782702746826658	26.33245290279697	0.0
216.0	26.30971330616243	23.628481636318053	23.74771875200429	26.31408630551523	0.0
217.0	26.281726110304536	23.672211629846014	23.72527068865994	26.320791571189517	0.0
218.0	26.40599627419369	23.72125837796235	23.670531437583996	26.202213910259957	0.0
219.0	26.171311291408784	23.710763148918552	23.806677881013254	26.31124767865941	0.0
220.0	26.258188465160217	23.79035196916735	23.756534008915114	26.194925556757326	0.0
221.0	26.174809701090044	23.786853559486083	23.746038779871316	26.292297959552553	0.0
222.0	26.324075180824053	23.697061044333598	23.645751035675033	26.33311273916732	0.0
223.0	26.389455762480612	23.537952025002042	23.83211082994181	26.24048138257554	0.0
224.0	26.216943479946707	23.738305768619668	23.84471635020451	26.200034401229118	0.0
225.0	26.23247135652022	23.833999008775255	23.70368210839334	26.229847526311183	0.0
226.0	26.37678201801697	23.65791084808023	23.69522754438646	26.270079589516342	0.0
227.0	26.310020116031602	23.700475204804526	23.686189906999797	26.30331477216408	0.0
228.0	26.272411883035478	23.70601440191248	23.757907932713334	26.26366578233871	0.0
229.0	26.25266392427021	23.80987087802361	23.72561652901236	26.211848668693825	0.0
230.0	26.335169048042474	23.660020582550313	23.791504013014237	26.21330635639298	0.0
231.0	26.209516368375173	23.67284823430289	23.734071117667465	26.383564279654472	0.0
232.0	26.49434854479037	23.720660390835228	23.494427259926123	26.29056380444828	0.0
233.0	26.145669647152115	23.913949779743387	23.724741916392862	26.215638656711633	0.0
234.0	26.428461060788493	23.765265634429415	23.73931879338443	26.06695451139766	0.0
235.0	26.193190266144622	23.643402942779925	23.813660866041417	26.349745925034036	0.0
236.0	26.137506596036843	23.67955359771901	23.828237743032982	26.35470206321117	0.0
237.0	26.188525665507317	23.779550973881154	23.800541676749006	26.23138168386252	0.0
238.0	26.261854714335275	23.782896558962356	23.822837434804537	26.132411291897835	0.0
239.0	26.24407082071211	23.631879232785337	23.759573419784434	26.36447652671811	0.0
240.0	26.218118418137077	23.672256755338378	23.775758918679372	26.333865907845173	0.0
241.0	26.318643830583788	23.62129190648636	23.755707562848798	26.304356700081055	0.0
242.0	26.267662718615327	23.681893198504756	23.709593706444597	26.340850376435327	0.0
243.0	26.39283360646655	23.720016096391724	23.676275901485415	26.210874395656308	0.0
244.0	26.175860771785757	23.725427870721656	23.80387205141739	26.294839306075197	0.0
245.0	26.2536417216631	23.78674894503078	23.74621246365569	26.213396869650424	0.0
246.0	26.173942715153565	23.776915157648524	23.75387522857651	26.295266898621396	0.0
247.0	26.33665156787311	23.70082805167229	23.638993971177154	26.32352640927745	0.0
248.0	26.379813302217038	23.537922987164528	23.837514585764293	26.244749124854145	0.0
249.0	26.207777735641002	23.735191759602568	23.870839763243186	26.18619074151325	0.0
