# Position (bp)	A	C	G	T	N
0.0	26.17908786001335	23.828805499317294	23.742947906598015	26.249158734071337	0.0
1.0	26.20290641799354	23.69060247103691	23.790585022558393	26.31590608841116	0.0
2.0	26.23803918853424	23.772346465415772	23.756283320639756	26.233331025410234	0.0
3.0	26.30660669975186	23.76789037575328	23.672622740163064	26.252880184331794	0.0
4.0	26.213210452274666	23.704265759828086	23.818359050477973	26.264164737419275	0.0
5.0	26.21731039753658	23.676354936254583	23.82062670993897	26.285707956269867	0.0
6.0	26.244742329130887	23.79333165346307	23.724106230564963	26.237819786841076	0.0
7.0	26.25515018607124	23.83788543328017	23.81518031189084	26.09178406875775	0.0
8.0	26.274548892894423	23.744694282700245	23.67824302884815	26.302513795557182	0.0
9.0	26.28549437405865	23.83438912022681	23.55835252945867	26.32176397625587	0.0
10.0	26.21562433380492	23.634732677543585	23.822997677142137	26.32664531150936	0.0
11.0	26.20565736323794	23.690658456836097	23.743815633193336	26.359868546732635	0.0
12.0	26.272934414565068	23.73910900820337	23.749075978770353	26.23888059846121	0.0
13.0	26.164128319208846	23.747968537596243	23.95699805920934	26.130905083985574	0.0
14.0	26.31280229683299	23.722497390591734	23.744923074367446	26.219777238207826	0.0
15.0	26.201985636527738	23.800229239688367	23.750394524825992	26.2473905989579	0.0
16.0	26.235966721576986	23.735378396710917	23.78632040864353	26.242334473068563	0.0
17.0	26.209941998089676	23.88100610473567	23.71046110826562	26.198590788909037	0.0
18.0	26.186132144686386	23.763617990282256	23.725965198853803	26.32428466617755	0.0
19.0	26.174780935505755	23.759188250114207	23.69329586511441	26.37273494926563	0.0
20.0	26.32428466617755	23.724304046290783	23.730948656542864	26.2204626309888	0.0
21.0	26.10722739794294	23.853873946206342	23.818436024861917	26.2204626309888	0.0
22.0	26.159276844917567	23.921981201290162	23.761126261437727	26.157615692354547	0.0
23.0	26.388792757374823	23.74728332341256	23.743961018286523	26.11996290092609	0.0
24.0	26.315425185841445	23.688589266185854	23.699109899084984	26.29687564888772	0.0
25.0	26.180041251955316	23.826741787677015	23.747006464652056	26.246210495715612	0.0
26.0	26.219078337186286	23.683328949736293	23.79130386633259	26.306288846744835	0.0
27.0	26.241503896787055	23.776076634504907	23.75808081507219	26.224338653635847	0.0
28.0	26.315425185841445	23.753651074904138	23.676961198244715	26.253962541009706	0.0
29.0	26.203020529077094	23.706031368097566	23.835878126773625	26.255069976051715	0.0
30.0	26.203297387837594	23.679452927089244	23.825080635113995	26.292169049959163	0.0
31.0	26.235413004055978	23.79545674774014	23.722366034967262	26.246764213236617	0.0
32.0	26.253962541009706	23.836708703055137	23.819820318664434	26.089508437270727	0.0
33.0	26.275834383089467	23.734270961668905	23.676130621963207	26.313764033278424	0.0
34.0	26.281371558299533	23.83200210412658	23.56261853015684	26.324007807417043	0.0
35.0	26.202466811556086	23.638754689295254	23.83615498553413	26.32262351361453	0.0
36.0	26.19776021262753	23.68969670122787	23.74313044200501	26.369412644139594	0.0
37.0	26.258945998698763	23.739531278118466	23.754204792425142	26.247317930757625	0.0
38.0	26.1706280540982	23.744514735807527	23.952158806185025	26.132698403909245	0.0
39.0	26.312933456996912	23.715998283475685	23.74645274713105	26.224615512396348	0.0
40.0	26.219005747571956	23.798159448055902	23.737250689376406	26.245584114995737	0.0
41.0	26.247172595564194	23.736354399399772	23.78065155579919	26.235821449236845	0.0
42.0	26.217548872222086	23.882535015517846	23.702300960417723	26.197615151842346	0.0
43.0	26.19678458015986	23.759887263736964	23.720296680204985	26.323031475898194	0.0
44.0	26.183218576012536	23.761271549874447	23.694272100820328	26.36123777329269	0.0
45.0	26.332721478860567	23.719189251295	23.727218110892395	26.220871158952043	0.0
46.0	26.106529123996047	23.846543575943322	23.81498185200874	26.231945448051896	0.0
47.0	26.162177426722817	23.912989310542446	23.76099469264695	26.163838570087794	0.0
48.0	26.396398641184724	23.74106097226721	23.74659811681714	26.115942269730922	0.0
49.0	26.316663759665776	23.69399524359283	23.70008610259775	26.28925489414364	0.0
50.0	26.18017314651008	23.833531286250995	23.74576754513465	26.240528022104282	0.0
51.0	26.219210015587063	23.683197811720476	23.788126700941593	26.30946547175087	0.0
52.0	26.24606516665421	23.777882983524226	23.756288119779512	26.219763730042057	0.0
53.0	26.32552319094566	23.757672405916992	23.67267723707561	26.24412716606173	0.0
54.0	26.22004058726955	23.705623247147678	23.82771728447357	26.246618881109203	0.0
55.0	26.20038372411731	23.68209038281049	23.813597565871255	26.30392832720095	0.0
56.0	26.24274287992425	23.802800133998897	23.715866964565045	26.238590021511804	0.0
57.0	26.256308884071572	23.84432871812335	23.811936422506278	26.0874259752988	0.0
58.0	26.266829458716433	23.739399828902233	23.677106952715555	26.316663759665776	0.0
59.0	26.282333463456233	23.83519242961597	23.566364061717014	26.316110045210785	0.0
60.0	26.197615151842346	23.631702367406152	23.850142719900774	26.320539760850725	0.0
61.0	26.19650772293236	23.691780385772862	23.756011262552015	26.355700628742763	0.0
62.0	26.26599888703395	23.739953543357224	23.758779834826978	26.235267734781853	0.0
63.0	26.16633028513526	23.746874974044633	23.95811703862435	26.12867770219576	0.0
64.0	26.316386902438282	23.698148102005277	23.76320955046692	26.22225544508952	0.0
65.0	26.213877153251126	23.79165997596886	23.75483806665596	26.239624804124055	0.0
66.0	26.24315128225715	23.73207013308453	23.784672715040738	26.24010586961758	0.0
67.0	26.206329474887802	23.882956486590494	23.70549198641192	26.20522205210978	0.0
68.0	26.193317257246008	23.771383641704436	23.71628935849767	26.31900974255189	0.0
69.0	26.195532102802055	23.761416836702207	23.685004665018454	26.358046395477285	0.0
70.0	26.33562108422227	23.7221033280823	23.725148740721874	26.217126846973553	0.0
71.0	26.105830857781996	23.848903236166212	23.815403697130943	26.229862208920846	0.0
72.0	26.156495449876658	23.90621236492903	23.771106786009927	26.166185399184382	0.0
73.0	26.396529337013668	23.74674348489337	23.745359206420837	26.111367971672127	0.0
74.0	26.308766081855158	23.691372345992097	23.706876264884453	26.29298530726829	0.0
75.0	26.165631687795372	23.84004385394201	23.7436980722538	26.25062638600882	0.0
76.0	26.224601950725223	23.67226930307116	23.794362664348462	26.308766081855158	0.0
77.0	26.258655201149505	23.766123383508813	23.756710289895597	26.21851112544608	0.0
78.0	26.32288572227498	23.751173176005473	23.67365358154369	26.25228752017586	0.0
79.0	26.21435829002849	23.698570594049265	23.83256875019034	26.25450236573191	0.0
80.0	26.204945196415274	23.675591571405235	23.819002821159525	26.300460411019966	0.0
81.0	26.24149014809011	23.794362664348462	23.71795049266471	26.246196694896717	0.0
82.0	26.25644035559345	23.832015038801327	23.809312871851805	26.102231733753417	0.0
83.0	26.271944274485808	23.734838690029598	23.67448414862721	26.318732886857383	0.0
84.0	26.284125925044087	23.83478359574639	23.568171561936772	26.31291891727275	0.0
85.0	26.200238649608664	23.626588113477613	23.85360978297282	26.3195634539409	0.0
86.0	26.187226431966863	23.69884744974377	23.754218588645042	26.35970752964432	0.0
87.0	26.266130304901175	23.7436980722538	23.759201991146156	26.23096963169887	0.0
88.0	26.173660502936052	23.73373126725157	23.961306648135793	26.13130158167658	0.0
89.0	26.31790231977386	23.699124305438275	23.768338229064863	26.214635145722998	0.0
90.0	26.210686600221482	23.790143964562567	23.755260243632335	26.243909191583608	0.0
91.0	26.254080138205598	23.72529422676017	23.79007810055897	26.230547534475264	0.0
92.0	26.208122347391065	23.883377952995698	23.709236685391236	26.199263014221998	0.0
93.0	26.19732503509126	23.760454705274903	23.72363310179097	26.318587157842867	0.0
94.0	26.2050769516142	23.747165705521304	23.694009706506904	26.353747636357593	0.0
95.0	26.337690094988663	23.7189265810449	23.724740518437105	26.21864280552933	0.0
96.0	26.106793724269867	23.842403537088767	23.8268997040429	26.223903034598468	0.0
97.0	26.1602265774458	23.895559536103168	23.77761966328997	26.166594223161066	0.0
98.0	26.399428573010596	23.739690643159904	23.747165705521304	26.113715078308196	0.0
99.0	26.30169905398933	23.693455998183836	23.7139432061373	26.29090174168953	0.0
100.0	26.1602265774458	23.84295724541183	23.75353335123657	26.243282825905794	0.0
101.0	26.227502138698398	23.675183623522635	23.795615183789636	26.30169905398933	0.0
102.0	26.253803284044064	23.7579630178211	23.7687603301209	26.21947336801393	0.0
103.0	26.319694574488995	23.749657392975102	23.677398456814906	26.253249575721	0.0
104.0	26.214766847267867	23.698993081414503	23.8385275788273	26.247712492490333	0.0
105.0	26.208122347391065	23.664109457061304	23.823854308266036	26.3039138872816	0.0
106.0	26.246605075844197	23.790631808882033	23.71948028936797	26.243282825905794	0.0
107.0	26.259617221436265	23.837143308019634	23.807243058574034	26.09599641197007	0.0
108.0	26.277059033612865	23.729447039183167	23.67629104016877	26.317202887035197	0.0
109.0	26.272629367028333	23.845725787027167	23.57136331294764	26.310281532996864	0.0
110.0	26.206738076583395	23.61815166624677	23.8601222034269	26.314988053742933	0.0
111.0	26.194002785152865	23.697331956445304	23.749934247136636	26.358731011265196	0.0
112.0	26.280381283551264	23.73359985160617	23.759624142790305	26.226394722052266	0.0
113.0	26.174899848007065	23.730277601667773	23.9614508265481	26.133371723777067	0.0
114.0	26.315541762065997	23.69622453979917	23.765714934344036	26.2225187637908	0.0
115.0	26.2108183232651	23.788627969944795	23.763434310994956	26.23711939579515	0.0
116.0	26.242860662840563	23.729869353244574	23.79022322627442	26.237046757640442	0.0
117.0	26.210468905297024	23.869679930676103	23.715473016558555	26.204378147468322	0.0
118.0	26.20963834741129	23.75257126878791	23.721563774387256	26.316226609413544	0.0
119.0	26.196349421239578	23.7539555319308	23.70107667987254	26.348618366957083	0.0
120.0	26.33145350398529	23.716580427072863	23.737621226844738	26.214344842097105	0.0
121.0	26.10249638015188	23.845870604618455	23.827321478503777	26.224311536725885	0.0
122.0	26.1595280216388	23.90234854084822	23.77499633170267	26.163127105810307	0.0
123.0	26.396790724329534	23.733745290044656	23.762537963416694	26.10692602220912	0.0
124.0	26.306536767413334	23.68668034318652	23.724609153301607	26.282173736098535	0.0
125.0	26.168110453124697	23.837841878389714	23.755339795073684	26.238707873411904	0.0
126.0	26.22929488404028	23.67034603810046	23.79465286833166	26.305706209527607	0.0
127.0	26.248397715412107	23.763368521302425	23.758662026616612	26.229571736668856	0.0
128.0	26.31345808312777	23.74564995307348	23.68668034318652	26.25421162061223	0.0
129.0	26.22161560567217	23.696435789392083	23.840953261609847	26.240995343325896	0.0
130.0	26.216632244561218	23.670688423652138	23.816590162845166	26.296089168941478	0.0
131.0	26.252346332523075	23.789181676734902	23.72661280945288	26.231859181289142	0.0
132.0	26.257883400424138	23.84178382179501	23.806900294018305	26.093432483762548	0.0
133.0	26.27809369826302	23.734918411304477	23.676779198343308	26.310208692089194	0.0
134.0	26.282800205978923	23.837077314079103	23.581818483840067	26.2983039961019	0.0
135.0	26.207219229129407	23.618086278592035	23.860056145868516	26.314638346410042	0.0
136.0	26.19448397295696	23.688683894330595	23.75512870914336	26.361703423569082	0.0
137.0	26.27809369826302	23.722460008527086	23.774785300192136	26.224660993017757	0.0
138.0	26.17676535567356	23.729658196798468	23.965814142778832	26.12776230474914	0.0
139.0	26.325989335607225	23.690068161305863	23.76537228476033	26.218570218326587	0.0
140.0	26.221688201306197	23.7886938297513	23.759347288628767	26.230270680313733	0.0
141.0	26.24778516057586	23.726467331118496	23.785714285714285	26.240033222591364	0.0
142.0	26.21733111849391	23.86794019933555	23.71234772978959	26.202380952380956	0.0
143.0	26.21733111849391	23.75359911406423	23.73311184939092	26.295957918050945	0.0
144.0	26.20273035085922	23.756156578506584	23.70133915099433	26.339773919639864	0.0
145.0	26.34780273478055	23.71545879141415	23.729024720444965	26.207713753360334	0.0
146.0	26.099463176808353	23.84751895769368	23.82869277046725	26.224325095030714	0.0
147.0	26.159540862516227	23.91147262312465	23.77193735309345	26.15704916126567	0.0
148.0	26.40095902812577	23.73428497864058	23.761416836702207	26.10333915653144	0.0
149.0	26.306551236299104	23.678636984044807	23.73207013308453	26.282741646571555	0.0
150.0	26.172829935852537	23.837275296996946	23.75366487725603	26.236229889894492	0.0
151.0	26.236506745588994	23.660364508207387	23.799069211155068	26.304059535048545	0.0
152.0	26.250349530314317	23.7741521986495	23.763354826563752	26.212143444472435	0.0
153.0	26.319286598246393	23.742313793781268	23.686388943490986	26.25201066448135	0.0
154.0	26.209724306336135	23.691437937087137	23.842878421253715	26.25595933532301	0.0
155.0	26.218583713088112	23.6684588508242	23.815746488075792	26.297210948011895	0.0
156.0	26.252360201330017	23.78501542090488	23.728259846400036	26.234364531365067	0.0
157.0	26.25097591902502	23.825713320671767	23.82460589482777	26.098704865475447	0.0
158.0	26.275893000514955	23.731858980393024	23.682024817413165	26.310223201678856	0.0
159.0	26.27700042635895	23.82792817235976	23.5964761709644	26.29859523031689	0.0
160.0	26.214154009712125	23.61142641985836	23.85948980891367	26.31492976151584	0.0
161.0	26.19338977513718	23.69060736770414	23.75234635850697	26.36365649865171	0.0
162.0	26.282260699117938	23.724937568868047	23.778924578762894	26.213877153251126	0.0
163.0	26.17594781809423	23.741825812989	23.962757268866383	26.119469100050384	0.0
164.0	26.32295859888482	23.68673137725015	23.767850320322925	26.2224597035421	0.0
165.0	26.227238875184455	23.797816703903965	23.747428688499628	26.227515732411955	0.0
166.0	26.24862955292971	23.72700694359849	23.78763884428399	26.23672465918781	0.0
167.0	26.220390037541947	23.853531046855448	23.716486339826577	26.209592575776032	0.0
168.0	26.216237167631977	23.748048151142314	23.737250689376406	26.298463991849303	0.0
169.0	26.197206495106524	23.754204792425142	23.7087999557026	26.339788756765735	0.0
170.0	26.34338792065228	23.713229695870652	23.727903210177328	26.215479173299745	0.0
171.0	26.109442268026967	23.843907030828223	23.832555821647585	26.214094879497225	0.0
172.0	26.165367737648637	23.897340771605364	23.778291504588932	26.15899998615706	0.0
173.0	26.408726588131064	23.727626351416824	23.7586345325932	26.10501252785891	0.0
174.0	26.31348717451792	23.663118260219548	23.73565525547142	26.287739309791107	0.0
175.0	26.173119782942734	23.83615498553413	23.750882487299105	26.239842744224035	0.0
176.0	26.231813840169437	23.65508935616495	23.809022827004803	26.304073976660806	0.0
177.0	26.255069976051715	23.761126261437727	23.779398939630948	26.204404822879606	0.0
178.0	26.319578067248994	23.738423843076454	23.696064452719444	26.245933636955108	0.0
179.0	26.21527489382437	23.686716833612962	23.83705155678112	26.260956715781546	0.0
180.0	26.21444431524333	23.67453501442438	23.822378001849422	26.288642668482865	0.0
181.0	26.259849277673492	23.778357337054327	23.730460638881045	26.231332746391132	0.0
182.0	26.259849277673492	23.82846891144371	23.812134199349934	26.09954761153286	0.0
183.0	26.283105477942602	23.72132427448961	23.688654850302054	26.306915397265733	0.0
184.0	26.28448977557767	23.82376229948449	23.590646577739385	26.301101347198458	0.0
185.0	26.2221963819997	23.607811868414206	23.858923459415163	26.311068290170937	0.0
186.0	26.194787288825395	23.68560939550491	23.763406922595614	26.356196393074082	0.0
187.0	26.282551758888573	23.72243171259766	23.780572213270432	26.21444431524333	0.0
188.0	26.181221172001752	23.734059812732216	23.963576360626146	26.12114265463989	0.0
189.0	26.335431928548093	23.688101131248025	23.75786973205535	26.21859720814853	0.0
190.0	26.236388855819463	23.793373625734716	23.746861096422133	26.22337642202368	0.0
191.0	26.24753593656559	23.726439123790115	23.78900972336043	26.23701521628386	0.0
192.0	26.219572969500987	23.85601009989147	23.726715984850163	26.19770094575738	0.0
193.0	26.206837360738888	23.74277392633281	23.743881370572993	26.30650734235531	0.0
194.0	26.21148484588401	23.740202497861233	23.70033417407507	26.34797848217969	0.0
195.0	26.33358158747913	23.712516161898616	23.735495820747587	26.218406429874662	0.0
196.0	26.099908911954685	23.841257624124765	23.83599722029187	26.222836243628684	0.0
197.0	26.166356118264954	23.90604365027728	23.785054362120665	26.14254586933711	0.0
198.0	26.405289197622295	23.72885110011656	23.762905293350574	26.102954408910573	0.0
199.0	26.30894074847241	23.660742713648535	23.734665230668707	26.295651307210356	0.0
200.0	26.171062795378596	23.836827810370746	23.748231535290387	26.243877858960268	0.0
201.0	26.23944804520625	23.65603603653489	23.81024892784664	26.294266990412225	0.0
202.0	26.24941512615279	23.757644889517675	23.785331225480288	26.207608758849243	0.0
203.0	26.307833295033902	23.738264454343845	23.703379671030955	26.250522579591294	0.0
204.0	26.21460292147026	23.67631261282213	23.849075827546873	26.260008638160738	0.0
205.0	26.219309611615003	23.670775330298902	23.818897637795274	26.291017420290817	0.0
206.0	26.25364076325902	23.788442583917515	23.723379514269578	26.234537138553883	0.0
207.0	26.25081329512577	23.829616401567062	23.8127275495937	26.106842753713472	0.0
208.0	26.282521602622495	23.71152573626112	23.691037507302394	26.314915153813995	0.0
209.0	26.28639775404712	23.805660842287704	23.600224816782628	26.307716586882552	0.0
210.0	26.22078004778741	23.59745613719361	23.871832284465217	26.309931530553765	0.0
211.0	26.2025200800711	23.67330326514	23.760240767043488	26.36393588774541	0.0
212.0	26.28973445299976	23.71538766096589	23.783497933157797	26.211379952876552	0.0
213.0	26.182031624208495	23.72923121222441	23.96346409951852	26.125273064048578	0.0
214.0	26.336802527278717	23.685762461272667	23.75498021756525	26.222454793883365	0.0
215.0	26.230352431079503	23.787782721491123	23.7526199065832	26.22924494084618	0.0
216.0	26.241499988925064	23.723890845460385	23.793662923339316	26.240946242275232	0.0
217.0	26.214089529758343	23.86509624116774	23.718353378962057	26.20246085011186	0.0
218.0	26.210213303209517	23.75185505127694	23.740780118280284	26.297151527233257	0.0
219.0	26.209949829997896	23.74602682378479	23.697850331697918	26.346173014519398	0.0
220.0	26.342573621432447	23.714186038784845	23.730798622263077	26.21244171751963	0.0
221.0	26.118026868085014	23.840718549610713	23.833796639828115	26.207457942476157	0.0
222.0	26.167033989345796	23.906061377958423	23.782297631045594	26.144607001650183	0.0
223.0	26.40154829278017	23.735782397306547	23.75599437387173	26.10667493604155	0.0
224.0	26.328176049084647	23.661025771654504	23.73024486948047	26.28055330978038	0.0
225.0	26.17866279778056	23.836011650958547	23.74436556543697	26.24095998582393	0.0
226.0	26.24317499695436	23.65881076052407	23.80749338265425	26.29052085986732	0.0
227.0	26.262424896862974	23.758894703325304	23.779660547664534	26.199019852147188	0.0
228.0	26.31447794667331	23.738128858986073	23.70739540936401	26.239997784976605	0.0
229.0	26.224565231235236	23.67728127275597	23.85254548424699	26.245608011761806	0.0
230.0	26.220135172177013	23.677558151447105	23.818212526545746	26.284094149830135	0.0
231.0	26.25696003809851	23.79107841481412	23.72905758799897	26.222903959088406	0.0
232.0	26.255444157411944	23.84741684594661	23.812529937674263	26.084609058967178	0.0
233.0	26.295314909723206	23.722820744973934	23.67962742997007	26.302236915332795	0.0
234.0	26.27510265334319	23.826927709342215	23.606531050732762	26.291438586581826	0.0
235.0	26.21585028532507	23.60043968579632	23.877043029955672	26.306666998922935	0.0
236.0	26.189546664008617	23.676858627726233	23.769890383119165	26.36370432514599	0.0
237.0	26.272056970874967	23.72199010430078	23.789271998826027	26.21668092599822	0.0
238.0	26.17542577256505	23.72863522968599	23.967859743553536	26.12807925419543	0.0
239.0	26.33657006315638	23.687933836701582	23.743309881578327	26.23218621856371	0.0
240.0	26.226907230196705	23.790260056707424	23.751495215311007	26.231337497784867	0.0
241.0	26.244465427439295	23.723552427181776	23.79333165346307	26.238650491915855	0.0
242.0	26.209597022530406	23.84883360287113	23.733356964044397	26.208212410554065	0.0
243.0	26.20536480805552	23.746725229441644	23.743125058848943	26.304784903653893	0.0
244.0	26.21068024083439	23.742238519101136	23.700142351514078	26.346938888550397	0.0
245.0	26.340570377694505	23.70803663667157	23.73296331070545	26.218429674928473	0.0
246.0	26.106657951152496	23.84127054470117	23.84127054470117	26.210800959445162	0.0
247.0	26.17347419270848	23.897435613342125	23.783315144229437	26.145775049719962	0.0
248.0	26.405435875559892	23.726832295039735	23.765335490250937	26.102396339149443	0.0
249.0	26.317072427557207	23.663121972028396	23.741236368068385	26.278569232346012	0.0
