# Position (bp)	A	C	G	T	N
0.0	26.278346437647087	23.725495217850323	23.75565932768183	26.240499016820763	0.0
1.0	26.2621261144358	23.73687790080561	23.796921553394743	26.204074431363843	0.0
2.0	26.28454842684256	23.71957760786735	23.74490292436267	26.250971040927418	0.0
3.0	26.290959583888185	23.81033678196242	23.740624395351748	26.158079238797644	0.0
4.0	26.349153960183347	23.60005804342445	23.66293841991003	26.387849576482168	0.0
5.0	26.15794744568743	23.803359470132353	23.761536798261087	26.27715628591913	0.0
6.0	26.297806240167056	23.73704469739429	23.688111136083663	26.27703792635499	0.0
7.0	26.168827843621443	23.838284410507928	23.851939938436328	26.140947807434294	0.0
8.0	26.30027793503091	23.675399193789275	23.744811832010036	26.27951103916978	0.0
9.0	26.267370247628257	23.76577012246291	23.81441392748944	26.152445702419392	0.0
10.0	26.38488277494268	23.678835771136637	23.60174770869246	26.33453374522822	0.0
11.0	26.166988103975015	23.72150444038618	23.838701051924925	26.272806403713883	0.0
12.0	26.254601104834073	23.74312323280595	23.727478054081118	26.27479760827886	0.0
13.0	26.20652773747959	23.806272863295273	23.74682118414091	26.240378215084228	0.0
14.0	26.24891194893414	23.75222588224585	23.725771307311135	26.27309086150888	0.0
15.0	26.298692063058603	23.69533432324646	23.75876841153078	26.247205202164153	0.0
16.0	26.12403497693047	23.897299357694298	23.767017687585692	26.211647977789536	0.0
17.0	26.155609792175134	23.83841659412993	23.753079255630844	26.252894358064093	0.0
18.0	26.272806403713883	23.84979490592981	23.778964914975564	26.098433775380748	0.0
19.0	26.111803291745606	23.675991193186665	23.93086537750394	26.28134013756379	0.0
20.0	26.288451582438714	23.930296461913947	23.672577699646705	26.108674256000636	0.0
21.0	26.1123722073356	23.768724434355676	23.845243581209854	26.273659777098874	0.0
22.0	26.287882666848724	23.71837540464121	23.81395322376019	26.17978870474988	0.0
23.0	26.207096653069584	23.755923833580812	23.900712851234264	26.136266662115343	0.0
24.0	26.229494207033483	23.77121693543111	23.69896486102854	26.30032399650687	0.0
25.0	26.275576238739056	23.721436962909653	23.75813191408261	26.244854884268676	0.0
26.0	26.2627756743764	23.735944269187335	23.794257951283896	26.207022105152365	0.0
27.0	26.282972120370818	23.719161307022958	23.738788839045704	26.25907773356052	0.0
28.0	26.284394405300006	23.809903085504924	23.743055693833256	26.162646815361818	0.0
29.0	26.351810710943347	23.59855154502812	23.663123280813092	26.386514463215445	0.0
30.0	26.154397562772548	23.804213945788188	23.76211431188433	26.27927417955494	0.0
31.0	26.29093691597425	23.73992666698905	23.692422350354292	26.276714066682406	0.0
32.0	26.168620412064392	23.841477810932822	23.848304778592905	26.141596998409884	0.0
33.0	26.29321257186095	23.672794818331546	23.743055693833256	26.29093691597425	0.0
34.0	26.26526107387896	23.765460193202635	23.81267991853175	26.156598814386655	0.0
35.0	26.3824570186717	23.681545621081614	23.601328979257456	26.334668380989225	0.0
36.0	26.167123692923866	23.72392959140715	23.830600657662682	26.278346058006303	0.0
37.0	26.253598370635018	23.741565874361395	23.727911977880687	26.276923777122896	0.0
38.0	26.20211180265568	23.801301671464493	23.746970541718344	26.24961598416148	0.0
39.0	26.25217608975161	23.74441043612821	23.727911977880687	26.27550149623949	0.0
40.0	26.308498412734533	23.687234744615246	23.75635759554883	26.247909247101394	0.0
41.0	26.126730915835104	23.90313698271644	23.761193350552414	26.20893875089604	0.0
42.0	26.1651324996871	23.837427605903034	23.73815240024122	26.25928749416865	0.0
43.0	26.2692434603525	23.851365958560425	23.780820826743433	26.098569754343647	0.0
44.0	26.10881017670418	23.68040779637489	23.92845358244109	26.28232844447984	0.0
45.0	26.290862129780283	23.93272042509131	23.673296391957855	26.103121053170547	0.0
46.0	26.11592158112121	23.77427833467976	23.847668028263566	26.26213205593546	0.0
47.0	26.284319637716614	23.719947204933607	23.81637784882861	26.179355308521167	0.0
48.0	26.204671908245814	23.75607313937215	23.90825719389671	26.13099775848533	0.0
49.0	26.232189538300492	23.774210707468946	23.701959044116183	26.29164071011438	0.0
50.0	26.270022102182054	23.73125794697183	23.754014376374275	26.244705574471837	0.0
51.0	26.255514878437996	23.74092942946787	23.800380601281756	26.203175090812376	0.0
52.0	26.278840218575507	23.723293196680974	23.7412138848354	26.256652699908123	0.0
53.0	26.281684772250806	23.820861387743957	23.7412138848354	26.156239955169834	0.0
54.0	26.351660792663328	23.60353748695061	23.657299551413885	26.387502168972176	0.0
55.0	26.153395401494528	23.81318109282063	23.757427840784644	26.275995664900197	0.0
56.0	26.279978040045627	23.748040813656132	23.68944300794484	26.282538138353402	0.0
57.0	26.157946687375016	23.841911084941216	23.85272038890738	26.147421838776385	0.0
58.0	26.288796156439076	23.67379796273066	23.745765170715888	26.29164071011438	0.0
59.0	26.265111648414162	23.765324989332953	23.81425117337505	26.155312188877826	0.0
60.0	26.383444744702032	23.679135258142512	23.59977243635329	26.337647560802164	0.0
61.0	26.162992461954204	23.733466078793914	23.828758355852653	26.27478310339923	0.0
62.0	26.258000284454557	23.740008533636754	23.72351016925046	26.27848101265823	0.0
63.0	26.197695918077084	23.80287299103968	23.744844261129288	26.254586829753947	0.0
64.0	26.242355283743425	23.75053335229697	23.728345896742994	26.278765467216616	0.0
65.0	26.299530649978664	23.690513440477883	23.766178353008108	26.243777556535342	0.0
66.0	26.11975536907979	23.90527663205803	23.7590669890485	26.21590100981368	0.0
67.0	26.157018916228132	23.82989617408619	23.74569762480444	26.267387284881238	0.0
68.0	26.268240648556397	23.8532214478737	23.776703171668327	26.10183473190158	0.0
69.0	26.11036836865311	23.676575167117054	23.928601905845543	26.284454558384297	0.0
70.0	26.293841558810982	23.938273360830607	23.670032712274214	26.0978523680842	0.0
71.0	26.11918645996302	23.780685535485706	23.844118902005405	26.256009102545868	0.0
72.0	26.28132555824207	23.726639169392687	23.815673446166976	26.176361826198264	0.0
73.0	26.202816100128008	23.75792917081496	23.909543450433794	26.12971127862324	0.0
74.0	26.232040301407196	23.770662009210614	23.695566219410555	26.30173146997164	0.0
75.0	26.26589029756707	23.729131761821186	23.75103470051287	26.253943240098877	0.0
76.0	26.250814248857207	23.744207810531044	23.79939183788412	26.20558610272763	0.0
77.0	26.283241976270865	23.726856131827244	23.741078819289378	26.24882307261251	0.0
78.0	26.28096634627693	23.82101032282656	23.73595865180301	26.162064679093504	0.0
79.0	26.35407095983229	23.60027421341427	23.658587232009012	26.387067594744433	0.0
80.0	26.15637560410865	23.811054441603066	23.757861590494695	26.274708363793586	0.0
81.0	26.28523315251557	23.747052348023473	23.685894791936306	26.281819707524654	0.0
82.0	26.149548714126823	23.846042252759915	23.85969603272356	26.144713000389704	0.0
83.0	26.289784412503447	23.67138765072493	23.749612431766657	26.289215505004965	0.0
84.0	26.263824412889132	23.768318769342798	23.807288822137266	26.1605679956308	0.0
85.0	26.37703668305116	23.667906881485525	23.609309575823776	26.34574685963954	0.0
86.0	26.15943018387038	23.73532222829055	23.827484980884762	26.277762606954308	0.0
87.0	26.25159293646459	23.745278081194247	23.726219734207174	26.27690924813399	0.0
88.0	26.20010695430548	23.803590933915896	23.747269251774984	26.24903286000364	0.0
89.0	26.2521618423448	23.749829328235936	23.72138403422538	26.276624795193882	0.0
90.0	26.30222555980339	23.69094756963408	23.766896504642272	26.239930365920262	0.0
91.0	26.12216684871655	23.9057095394138	23.75722510467868	26.21489850719097	0.0
92.0	26.158576825050062	23.838863098488986	23.736175587110868	26.26638448935008	0.0
93.0	26.2672378481704	23.851094574913525	23.77685235754597	26.10481521937011	0.0
94.0	26.112779901693063	23.670751410886584	23.93159475696341	26.284873930456946	0.0
95.0	26.289994083378847	23.93273256872383	23.668760240305843	26.10851310759148	0.0
96.0	26.115055525213908	23.778274622246496	23.849103404332787	26.25756644820681	0.0
97.0	26.273495812852723	23.728779810668126	23.82890724558529	26.168817130893864	0.0
98.0	26.213760695430548	23.751251592936466	23.911683051156015	26.123304660476972	0.0
99.0	26.233028874735815	23.771664585425242	23.692017988752763	26.30328855108618	0.0
100.0	26.268585391107457	23.737530329708463	23.7508995798642	26.242984699319877	0.0
101.0	26.255500593082694	23.754028553304906	23.80039425065353	26.19007660295887	0.0
102.0	26.280532380608328	23.73354799987484	23.7403748510182	26.245544768498636	0.0
103.0	26.289919300930443	23.82144370834554	23.732410191350947	26.156226799373066	0.0
104.0	26.35932562088789	23.59587316848384	23.66527948844129	26.379521722186983	0.0
105.0	26.164760363302264	23.805798841142018	23.752037388388096	26.277403407167625	0.0
106.0	26.28878149240655	23.750330675602257	23.677510930073133	26.28337690191806	0.0
107.0	26.15110666101555	23.854440155538427	23.858991389633996	26.135461793812027	0.0
108.0	26.297315056335748	23.673528600239507	23.74890841494739	26.28024792847736	0.0
109.0	26.267372864481704	23.759081108449912	23.80459331994516	26.16895270712323	0.0
110.0	26.38342900379458	23.66549662356281	23.60092617350393	26.35014819913868	0.0
111.0	26.160703618789714	23.738316161955204	23.819384788681113	26.28159543057397	0.0
112.0	26.250874687814672	23.742582931782884	23.72466249850663	26.281879881895808	0.0
113.0	26.203086865744663	23.801179904083014	23.747418604254253	26.248314625918066	0.0
114.0	26.251728041780208	23.752823179369315	23.722955790575558	26.272492988274916	0.0
115.0	26.300369217815756	23.691950596494422	23.765623488852352	26.24205669683747	0.0
116.0	26.127422814133816	23.90614244184393	23.753107630691158	26.213327113331097	0.0
117.0	26.16667709654847	23.83303845212969	23.732058232874607	26.26822621844724	0.0
118.0	26.26452835126325	23.848967726153024	23.784112824772297	26.102391097811434	0.0
119.0	26.117467017869235	23.6723234552871	23.926622937016788	26.283586589826886	0.0
120.0	26.289560067585633	23.931458609488157	23.664643269597274	26.114338053328932	0.0
121.0	26.108649026892028	23.784681727415986	23.850105531440406	26.25656371425158	0.0
122.0	26.272208536953073	23.734618294771217	23.832185098164153	26.160988070111564	0.0
123.0	26.21617162654955	23.755667692587767	23.9047201852347	26.12344049562798	0.0
124.0	26.238717917355274	23.771095681163295	23.690595728097897	26.299590673383527	0.0
125.0	26.27683450290568	23.722169914635916	23.752606292650043	26.248389289808365	0.0
126.0	26.2543627845588	23.74521053724474	23.800963154915475	26.199463523280986	0.0
127.0	26.282807997656114	23.727574505124405	23.739521494625276	26.250096002594205	0.0
128.0	26.28167018913222	23.81859918703581	23.7403748510182	26.15935577281377	0.0
129.0	26.35278322187551	23.59871768979357	23.66442613204837	26.38407295628255	0.0
130.0	26.165329267564207	23.805229936880075	23.755735266090745	26.273705529464976	0.0
131.0	26.282523545525144	23.751752936257123	23.673528600239507	26.29219491797823	0.0
132.0	26.142288644955386	23.85301789488356	23.85557796406232	26.14911549609874	0.0
133.0	26.287643683882656	23.67096853106075	23.75317519691199	26.288212588144606	0.0
134.0	26.280891589295468	23.751251592936466	23.803875386856	26.16398143091207	0.0
135.0	26.37988121245221	23.66563125796468	23.597078099399234	26.35740943018387	0.0
136.0	26.15345667212816	23.73475332241034	23.822933733843072	26.28885627161842	0.0
137.0	26.242205989441107	23.73873566357182	23.73475332241034	26.28430502457673	0.0
138.0	26.192711177862734	23.800746404514836	23.747269251774984	26.25927316584744	0.0
139.0	26.24106817768068	23.754380575277626	23.73418441653013	26.27036683051156	0.0
140.0	26.299096577462223	23.696921081376296	23.768603222282906	26.235379118878573	0.0
141.0	26.117900054614964	23.91139859821591	23.749260422355725	26.2214409248134	0.0
142.0	26.163696977971963	23.830329510285818	23.72963316948844	26.27634034225378	0.0
143.0	26.26012652466776	23.85223238667395	23.776283451665755	26.111357636992537	0.0
144.0	26.112210995812852	23.668191334425632	23.93330147460404	26.286296195157473	0.0
145.0	26.28458947751684	23.930456945202984	23.67359594028764	26.111357636992537	0.0
146.0	26.10339295466958	23.77912798106681	23.84768113963226	26.269797924631348	0.0
147.0	26.266953395230292	23.73475332241034	23.834311851447296	26.16398143091207	0.0
148.0	26.21575186601129	23.755233934097944	23.904856180593484	26.12415801929729	0.0
149.0	26.241142821382958	23.770662009210614	23.688170421930245	26.300024747476186	0.0
150.0	26.27357054879662	23.723442686836336	23.749327978017416	26.253658786349632	0.0
151.0	26.24284954387841	23.753879238005297	23.79967629163336	26.203594926482925	0.0
152.0	26.278690716282988	23.723442686836336	23.74306999553408	26.2547966013466	0.0
153.0	26.279544077530716	23.827268305309897	23.732260753062857	26.160926864096535	0.0
154.0	26.346390708602733	23.607385557145335	23.666836390737046	26.379387343514882	0.0
155.0	26.159220141601075	23.806503181615184	23.762128396733335	26.272148280050406	0.0
156.0	26.28523315251557	23.745630079277262	23.673947734468115	26.295189033739057	0.0
157.0	26.143290731643486	23.853722503989463	23.851731327744766	26.151255436622282	0.0
158.0	26.287508782509505	23.679636809452965	23.749612431766657	26.283241976270865	0.0
159.0	26.274214194282465	23.754800170672734	23.81282890058313	26.15815673446167	0.0
160.0	26.387996017636183	23.65808562082207	23.5977812544446	26.356137107097144	0.0
161.0	26.157303370786515	23.73773289716968	23.823638173801733	26.28132555824207	0.0
162.0	26.2500355568198	23.742284170103826	23.72919926041815	26.27848101265823	0.0
163.0	26.203385009244773	23.798890627222303	23.746835443037977	26.25088892049495	0.0
164.0	26.25344901152041	23.751671170530507	23.73147489688522	26.26340492106386	0.0
165.0	26.309486559522117	23.689375622244345	23.771867444175793	26.229270374057744	0.0
166.0	26.133409187882233	23.91011235955056	23.75707580713981	26.199402645427394	0.0
167.0	26.1774996444318	23.82591381026881	23.724363532925615	26.272223012373775	0.0
168.0	26.25771582989617	23.844403356563788	23.780969990044092	26.11691082349595	0.0
169.0	26.1086616413028	23.66775707580714	23.93429099701323	26.28929028587683	0.0
170.0	26.28473901294268	23.928886360403926	23.679135258142512	26.107239368510882	0.0
171.0	26.10382591381027	23.778978808135403	23.851514720523394	26.265680557530935	0.0
172.0	26.264542739297397	23.74370644289575	23.835585265253876	26.156165552552977	0.0
173.0	26.21590100981368	23.75792917081496	23.90726781396672	26.11890200540464	0.0
174.0	26.244705574471837	23.768237144750803	23.687167365004594	26.299889915772766	0.0
175.0	26.278271307840445	23.724146562783567	23.75060091196391	26.24698121741208	0.0
176.0	26.246696762044554	23.748894179758725	23.809767628410263	26.194641429786458	0.0
177.0	26.277702397105386	23.723008741313446	23.743205072408113	26.25608378917306	0.0
178.0	26.27542675416514	23.825128218256914	23.738369331160094	26.16107569641785	0.0
179.0	26.340282577962103	23.602684120848018	23.676642516405963	26.380390784783913	0.0
180.0	26.154817678332183	23.809198717675205	23.765392591075496	26.270591012917116	0.0
181.0	26.291071799379317	23.743205072408113	23.677495882508556	26.28822724570401	0.0
182.0	26.14884411561404	23.853858210377503	23.84703128155677	26.150266392451694	0.0
183.0	26.289080611806604	23.68090934691892	23.750032001228846	26.279978040045627	0.0
184.0	26.276923777122896	23.759486613492324	23.81267991853175	26.150909690853023	0.0
185.0	26.39582645897573	23.654806740473564	23.602751260140863	26.346615540409847	0.0
186.0	26.15915891997679	23.73445446994436	23.823204797068964	26.283181813009886	0.0
187.0	26.25558956387179	23.740996962008033	23.723360679053783	26.280052795066393	0.0
188.0	26.20780092618931	23.792483529987372	23.743557067598168	26.256158476225156	0.0
189.0	26.253882826811704	23.753228577605334	23.730472083470822	26.262416512112146	0.0
190.0	26.300533639787453	23.691786043442146	23.77427833467976	26.233401982090637	0.0
191.0	26.128437652895194	23.90854165007339	23.758917701138962	26.204102995892452	0.0
192.0	26.179070852344488	23.816946761181974	23.723645135230466	26.280337251243076	0.0
193.0	26.262416512112146	23.845392378850114	23.77683844026989	26.115352668767848	0.0
194.0	26.103689965523913	23.67614095372467	23.93243596891463	26.287733111836793	0.0
195.0	26.284888550069972	23.9312981442079	23.673865304311217	26.109948001410903	0.0
196.0	26.10169877228714	23.775985071739846	23.853357151797194	26.26895900417582	0.0
197.0	26.26526107387896	23.744125979951527	23.83458304413622	26.156029902033296	0.0
198.0	26.21121440030949	23.7629000876125	23.903705895069805	26.1221796170082	0.0
199.0	26.24713054015537	23.762398768870167	23.68730212460923	26.303168566365237	0.0
200.0	26.277851894625755	23.729686215498923	23.743055693833256	26.249406196042063	0.0
201.0	26.25111293795709	23.745900263691627	23.80762742961823	26.195359368733058	0.0
202.0	26.27187829792318	23.727695016598066	23.74675363464914	26.25367305082962	0.0
203.0	26.273869496824037	23.829246160541835	23.729401758513085	26.167482584121043	0.0
204.0	26.334458834807293	23.60196502885816	23.679621785991632	26.383954350342915	0.0
205.0	26.152406363871687	23.81786788110836	23.765527795714373	26.264197959305584	0.0
206.0	26.285247776257513	23.74732254862081	23.679621785991632	26.287807889130043	0.0
207.0	26.138752428551516	23.856269574196336	23.842615638876165	26.16236235837598	0.0
208.0	26.272447211894857	23.696973662127682	23.747607005606646	26.282972120370818	0.0
209.0	26.27735772843383	23.76559539861071	23.807979610065257	26.149067262890206	0.0
210.0	26.38573614832767	23.662337219026814	23.605161202232424	26.34676543041309	0.0
211.0	26.160445574690083	23.741416486035966	23.8128153925802	26.285322546693745	0.0
212.0	26.255170020424067	23.736865161316015	23.724633476131146	26.28333134212877	0.0
213.0	26.205674364094598	23.79176551575043	23.745114437370926	26.25744568278405	0.0
214.0	26.24635182877916	23.756208291375806	23.72605576510613	26.271384114738893	0.0
215.0	26.295278569518644	23.699316732376417	23.77185347010064	26.233551228004302	0.0
216.0	26.13399099975537	23.900997309029258	23.763319736250732	26.20169195496464	0.0
217.0	26.18320219828984	23.809970814630233	23.723211187156164	26.283615799923766	0.0
218.0	26.269677367968914	23.844674665619863	23.77213792789564	26.113510038515585	0.0
219.0	26.106114135845665	23.669733121696733	23.92802079955397	26.296131942903635	0.0
220.0	26.285607004488742	23.927451883963975	23.67371553082669	26.113225580720588	0.0
221.0	26.095873655225777	23.78124057733554	23.851786110494785	26.271099656943896	0.0
222.0	26.259152429554028	23.742838775010952	23.834718642794968	26.16329015264005	0.0
223.0	26.2147770135345	23.759052869325778	23.895592610924318	26.130577506215403	0.0
224.0	26.247564323201868	23.755706950745992	23.688290261559686	26.308438464492458	0.0
225.0	26.282552731513746	23.72356312847573	23.74290631355872	26.250977826451805	0.0
226.0	26.247564323201868	23.74489752378785	23.796953448349427	26.210584704660857	0.0
227.0	26.275441266409704	23.73124351078809	23.736932682871327	26.25638253993088	0.0
228.0	26.280561521284618	23.8342175254946	23.71872733220498	26.166493621015803	0.0
229.0	26.338022159325263	23.600108094269583	23.67662745878906	26.385242287616094	0.0
230.0	26.156253111265983	23.813736505994964	23.764809626079163	26.265200756659883	0.0
231.0	26.281130438492937	23.743475230767043	23.67292949693496	26.30246483380506	0.0
232.0	26.139185595016283	23.852422876160947	23.840760073390317	26.16763145543245	0.0
233.0	26.276294642222194	23.68885917876801	23.742621854954557	26.29222432405524	0.0
234.0	26.272955874655807	23.761748173770567	23.80726167990351	26.158034271670118	0.0
235.0	26.38190382996154	23.66560089206472	23.60529549643857	26.347199781535167	0.0
236.0	26.157180893430127	23.740129258357417	23.81551100289011	26.28717884532235	0.0
237.0	26.255319391029285	23.73842250187743	23.721354937077578	26.2849031700157	0.0
238.0	26.20269439956307	23.792754249823638	23.735577907744123	26.26897344286917	0.0
239.0	26.235122772682796	23.754067769610632	23.725906287690872	26.2849031700157	0.0
240.0	26.292432729207142	23.701451097639726	23.76944018524893	26.2366759879042	0.0
241.0	26.136952007055275	23.906574492902052	23.74953770874228	26.20693579130039	0.0
242.0	26.18075569502491	23.811989496174863	23.722655772125034	26.284599036675193	0.0
243.0	26.275268511273918	23.842094032292483	23.766982004409986	26.115655452023617	0.0
244.0	26.10399144122099	23.680047346437068	23.927307285205377	26.28865392713656	0.0
245.0	26.279980992001274	23.937273604206798	23.671503083108774	26.111242320683147	0.0
246.0	26.098697839597513	23.787192387369956	23.84922712682405	26.26488264620848	0.0
247.0	26.259803530978587	23.751294805978304	23.83296718307134	26.15593447997177	0.0
248.0	26.211630514590794	23.768163785694366	23.89765101626132	26.122554683453526	0.0
249.0	26.250693683566457	23.755994137484528	23.695092277701097	26.298219901247922	0.0
