# Position (bp)	A	C	G	T	N
0.0	26.217031190778766	23.712739393128665	23.871591643814238	26.19863777227833	0.0
1.0	26.264408177825338	23.654772256036384	23.785198314494014	26.295621251644256	0.0
2.0	26.336602208790016	23.764696702420864	23.601392267841568	26.297308820947556	0.0
3.0	26.289918073900687	23.715097809730814	23.647383380705566	26.347600735662937	0.0
4.0	26.16732845698363	23.693765238592825	23.719958202716825	26.418948101706725	0.0
5.0	26.211844689951104	23.828417782359743	23.77909973669179	26.18063779099737	0.0
6.0	26.281401154626305	23.78435459064262	23.739217172280053	26.195027082451016	0.0
7.0	26.168299811378056	23.812336488177	23.728194940919817	26.291168759525128	0.0
8.0	26.223689525958736	23.718500564169002	23.807374594285875	26.25043531558639	0.0
9.0	26.255526489540415	23.783615125099942	23.74990597654846	26.210952408811185	0.0
10.0	26.18977313246568	23.856190943127118	23.716905865573185	26.23713005883402	0.0
11.0	26.210944464253878	23.771784186129434	23.746712872169727	26.270558477446958	0.0
12.0	26.163030397575326	23.810784007844536	23.796576929934034	26.229608664646104	0.0
13.0	26.371679443751116	23.74754858263505	23.74754858263505	26.13322339097878	0.0
14.0	26.322651096452134	23.659520413620967	23.692670262078803	26.3251582278481	0.0
15.0	26.27585131039401	23.60575637368515	23.861483776074166	26.256908539846673	0.0
16.0	26.374391674118396	23.74776099861551	23.658340227925468	26.21950709934063	0.0
17.0	26.320349214573636	23.833838936756393	23.704861314234616	26.140950534435355	0.0
18.0	26.303635051827833	23.812389094565948	23.68341147204417	26.200564381562053	0.0
19.0	26.180785955646186	23.827710410416266	23.7483181373737	26.243185496563846	0.0
20.0	26.110029333355616	23.751382400543765	23.829938965449042	26.308649300651577	0.0
21.0	26.199171534666565	23.755282371851123	23.757232357504797	26.288313735977514	0.0
22.0	26.17354315178967	23.77561793652518	23.73578251531435	26.3150563963708	0.0
23.0	26.152929017736515	23.779517907832535	23.848324544469424	26.21922852996153	0.0
24.0	26.326756310292858	23.784253587277178	23.66056878295824	26.228421319471725	0.0
25.0	26.231207013262686	23.714611242503	23.868102970385287	26.18607877384902	0.0
26.0	26.270206726336227	23.659175936062756	23.772832242734214	26.297785094866803	0.0
27.0	26.322299200227313	23.771160826459635	23.60541204589709	26.301127927415962	0.0
28.0	26.286642319702935	23.71071127119565	23.653047409722628	26.34959899937879	0.0
29.0	26.17493599868515	23.68591859645604	23.722132615738612	26.417012789120193	0.0
30.0	26.216164266791463	23.83578892241007	23.780075046590728	26.16797176420774	0.0
31.0	26.282111995721184	23.789758703876004	23.746302001793982	26.18182729860883	0.0
32.0	26.17179882889759	23.805915682855215	23.730980728624036	26.291304759623152	0.0
33.0	26.232805352974275	23.72011655310353	23.80201572241196	26.24506237151023	0.0
34.0	26.247290920334954	23.78056593997404	23.758280451726847	26.213862687964163	0.0
35.0	26.187677239273714	23.858286580236115	23.72318080773752	26.23085537275265	0.0
36.0	26.221384040247592	23.761901843567017	23.738502080907466	26.278212035277924	0.0
37.0	26.165391751026522	23.80006574219033	23.804244271236676	26.230298235546467	0.0
38.0	26.37236822312231	23.74936625642797	23.74685913900016	26.131406381449562	0.0
39.0	26.31637593390124	23.65883146042376	23.70117388809342	26.323618717581574	0.0
40.0	26.261497919092534	23.60868911186758	23.8697078929628	26.260105076077085	0.0
41.0	26.36672340164745	23.755707158357453	23.653472765816385	26.224096674178714	0.0
42.0	26.32075971017803	23.826741954264737	23.714200552121433	26.1382977834358	0.0
43.0	26.287610138754637	23.81448496987289	23.69107942247318	26.206825468899297	0.0
44.0	26.17869011836347	23.825906250783472	23.745678716582308	26.24972491427075	0.0
45.0	26.10654105114784	23.744007309619782	23.832870446460657	26.31658119277172	0.0
46.0	26.18927569579279	23.753200047913666	23.764621328824248	26.292902927469296	0.0
47.0	26.173675897475896	23.776042609734834	23.741221631348907	26.309059861440364	0.0
48.0	26.151947606963084	23.77520690625357	23.849027380431725	26.223818106351626	0.0
49.0	26.322152549313472	23.78272823758493	23.669629699787453	26.225489513314148	0.0
50.0	26.237467929878903	23.709743466888035	23.856548711763086	26.196239891469975	0.0
51.0	26.269224662166867	23.66461547889988	23.772699795809782	26.29346006312347	0.0
52.0	26.335523805013665	23.76322848968881	23.594694954300948	26.306552750996577	0.0
53.0	26.29624574139434	23.710579170369297	23.636480128364052	26.356694959872307	0.0
54.0	26.179247254017646	23.676872463291723	23.726736104340365	26.417144178350267	0.0
55.0	26.22966803072046	23.82618481861056	23.77102838884726	26.173118761821723	0.0
56.0	26.286144074878827	23.78516909020001	23.74115549612792	26.187531338793246	0.0
57.0	26.1655245417572	23.80634018608279	23.732241350493062	26.295893921666945	0.0
58.0	26.233773469274052	23.722491503704944	23.80188311326536	26.241851913755642	0.0
59.0	26.24937322413505	23.783219120842386	23.760098055601983	26.20730959942058	0.0
60.0	26.191709844559586	23.8653964009137	23.720541534347316	26.222352220179395	0.0
61.0	26.223466488383757	23.75870522034654	23.74979107471168	26.268037216558028	0.0
62.0	26.17109588277898	23.7957546381414	23.803275948520806	26.229873530558805	0.0
63.0	26.373335561869744	23.742269764332274	23.753412446375844	26.130982227422137	0.0
64.0	26.32152209036715	23.659813917209874	23.700206139617805	26.31845785280517	0.0
65.0	26.271658588222184	23.612736085575797	23.853696584767953	26.261908741434066	0.0
66.0	26.374097793476537	23.750839180903725	23.652783852070165	26.222279173549573	0.0
67.0	26.328691490635997	23.832180533231565	23.69122599803332	26.14790197809912	0.0
68.0	26.284399452895833	23.819645050852273	23.680361913304605	26.21559358294729	0.0
69.0	26.174365774233177	23.820759315952657	23.75473910875506	26.25013580105911	0.0
70.0	26.101659976433293	23.743596457751245	23.84025895520933	26.314484610606133	0.0
71.0	26.182165629935845	23.746103554227105	23.765881759758873	26.30584905607818	0.0
72.0	26.174365774233177	23.772288784086065	23.7522320122792	26.301113429401557	0.0
73.0	26.15681609890217	23.768110289959633	23.86059429329129	26.214479317846905	0.0
74.0	26.32200590003371	23.77925294096345	23.67757625055365	26.221164908449197	0.0
75.0	26.239271716330393	23.707382841988853	23.863937088592433	26.18940835308832	0.0
76.0	26.259885620687445	23.662812237973597	23.780088639788737	26.29721350155022	0.0
77.0	26.3281343580858	23.766717458584157	23.603756187653385	26.301391995676653	0.0
78.0	26.28774224819698	23.70793997453904	23.648605357943737	26.35571241932024	0.0
79.0	26.185508425236993	23.67562628662798	23.724653951044765	26.414211337090265	0.0
80.0	26.22395057120015	23.82716634027985	23.77563157938721	26.173251509132793	0.0
81.0	26.292126067602272	23.78698653414377	23.745201709277904	26.175685688976046	0.0
82.0	26.1637073725145	23.798129154108004	23.73795900630115	26.300204467076345	0.0
83.0	26.237527229777534	23.715395200873584	23.802864767592805	26.244212801756078	0.0
84.0	26.255076856221205	23.776679610676858	23.759129984233194	26.209113548868746	0.0
85.0	26.191563922425082	23.86303491539966	23.725702124340497	26.219699037834765	0.0
86.0	26.227777437308834	23.755230067245712	23.753001543252868	26.26399095219259	0.0
87.0	26.17902847496532	23.783922313653612	23.809271774072236	26.227777437308834	0.0
88.0	26.370124407351902	23.746873102272538	23.75411580524929	26.128886685126275	0.0
89.0	26.312739914536103	23.663860583539005	23.703695449911137	26.319704052013748	0.0
90.0	26.27011939317292	23.607590352719633	23.85579221242291	26.266498041684542	0.0
91.0	26.36782243170289	23.74652838713811	23.654323463785193	26.231325717373803	0.0
92.0	26.322694946557355	23.829262109904924	23.696665301699525	26.15137764183819	0.0
93.0	26.290102873952247	23.814219614856412	23.68134424192789	26.214333269263445	0.0
94.0	26.17394138441096	23.825362203781236	23.753213940493005	26.247482471314797	0.0
95.0	26.10457876835393	23.73845001016761	23.844304604953436	26.312666616525014	0.0
96.0	26.184526843889543	23.75098542270804	23.764913658864067	26.299574074538352	0.0
97.0	26.179791243596494	23.772992035834566	23.75627815244733	26.290938568121607	0.0
98.0	26.161405971870533	23.76630648247967	23.847647381630885	26.224640164018908	0.0
99.0	26.322416381834234	23.77522055361953	23.681622806651013	26.22074025789522	0.0
100.0	26.23884696489806	23.705579372839384	23.86965399475741	26.185919667505146	0.0
101.0	26.269767649164443	23.659337628801364	23.778841895020097	26.292052827014096	0.0
102.0	26.32715198212729	23.767699306095274	23.607524590300933	26.297624121476503	0.0
103.0	26.285367273659197	23.701122337269453	23.655994852123914	26.357515536947435	0.0
104.0	26.1839697144433	23.668808829387462	23.73677862182889	26.410442834340348	0.0
105.0	26.22575442291139	23.823969380165636	23.772713471111445	26.177562725811526	0.0
106.0	26.286965435785437	23.781561295210928	23.7484121855013	26.18306108350233	0.0
107.0	26.169411450092483	23.792982417043657	23.738105319457134	26.299500813406723	0.0
108.0	26.235431105564594	23.71526307579168	23.803567847034966	26.24573797160876	0.0
109.0	26.250473558710137	23.784346934682326	23.764290330488265	26.20088917611927	0.0
110.0	26.182782519555186	23.867080426982817	23.729469837095802	26.220667216366188	0.0
111.0	26.241280948454527	23.74896931339558	23.74896931339558	26.260780424754305	0.0
112.0	26.18417533929089	23.792703853096516	23.801339335457847	26.22178147215475	0.0
113.0	26.373320259398746	23.740333831034253	23.760111871281172	26.12623403828583	0.0
114.0	26.320393109442204	23.664564437412253	23.701892006328972	26.313150446816568	0.0
115.0	26.275822877899852	23.6010518574644	23.85705212488579	26.266073139749963	0.0
116.0	26.370739724501025	23.745281836288424	23.655863058345055	26.228115380865496	0.0
117.0	26.320041227349332	23.831357856177835	23.69597615499255	26.152624761480286	0.0
118.0	26.289120715350222	23.820215329331308	23.677033859353454	26.213630095965012	0.0
119.0	26.182152457623577	23.817986823962002	23.761995626558214	26.237865091856204	0.0
120.0	26.10944746995	23.73330361992841	23.84612170424948	26.311127205872108	0.0
121.0	26.184102399821718	23.745281836288424	23.778987979999165	26.291627783890693	0.0
122.0	26.188002284218005	23.76951683217962	23.756702926306115	26.285777957296265	0.0
123.0	26.16376728832681	23.766452637296823	23.850857278159253	26.218922796217115	0.0
124.0	26.331740880538185	23.768124016323803	23.679540927893925	26.220594175244088	0.0
125.0	26.229508196721312	23.713247071604663	23.876763653077425	26.1804810785966	0.0
126.0	26.26405002994554	23.667562711533908	23.778430853656836	26.289956404863712	0.0
127.0	26.335919328105632	23.761995626558214	23.606835940220343	26.295249105115815	0.0
128.0	26.284942267782775	23.69430477596557	23.659484379570177	26.36126857668148	0.0
129.0	26.182988147137067	23.67118403275903	23.735810688468877	26.410017131635026	0.0
130.0	26.232850954775266	23.813251250052232	23.777595164143346	26.176302631029152	0.0
131.0	26.282508412631206	23.783789806788047	23.74590510997705	26.187796670603703	0.0
132.0	26.176932676665253	23.793818108885077	23.737269627615714	26.291979586833953	0.0
133.0	26.237659617141713	23.716377331580237	23.802175027299267	26.243788023978787	0.0
134.0	26.25604483765293	23.78100416731665	23.763733202593986	26.19921779243643	0.0
135.0	26.19113943796938	23.862066275934303	23.729748401042944	26.217045885053373	0.0
136.0	26.23626679740601	23.747297929712747	23.755376284179796	26.261058988701446	0.0
137.0	26.178604060348093	23.794375236779356	23.801896463352126	26.225124239520426	0.0
138.0	26.381955741760077	23.728355581307245	23.765961714171105	26.123726962761573	0.0
139.0	26.322694946557355	23.66351609964817	23.70000807837697	26.313780875417496	0.0
140.0	26.276174637796217	23.60111760166916	23.853218676093295	26.26948908444132	0.0
141.0	26.36873157985637	23.741858923288632	23.65717501156047	26.232234485294526	0.0
142.0	26.318868355516432	23.83099988300249	23.699795532923655	26.150336228557418	0.0
143.0	26.296583115587968	23.81985726303826	23.68503156147105	26.198528059902728	0.0
144.0	26.184321219448332	23.814007387557037	23.76581555621173	26.2358558367829	0.0
145.0	26.10827283819244	23.733223392816353	23.851056598938108	26.307447170053095	0.0
146.0	26.178192778468002	23.740744661292208	23.788936492637514	26.292126067602272	0.0
147.0	26.192956749920608	23.764979859714412	23.75773715673766	26.284326233627315	0.0
148.0	26.170950075491252	23.769994038698318	23.84854950944616	26.210506376364272	0.0
149.0	26.336417981960096	23.759129984233194	23.680017382487144	26.224434651319566	0.0
150.0	26.24727702224624	23.70898819439415	23.869720487378196	26.17401429598141	0.0
151.0	26.269078307765593	23.664205069349073	23.78287430253969	26.283842320345645	0.0
152.0	26.33871987653943	23.761146133082253	23.609048946880197	26.291085043498125	0.0
153.0	26.2863494168215	23.69206169685861	23.670333527401173	26.351255358918717	0.0
154.0	26.18077279856037	23.67172635877665	23.740810795000293	26.40669004766269	0.0
155.0	26.230636161802433	23.811288062599413	23.785938531565737	26.172137244032413	0.0
156.0	26.286979776032094	23.78210485263803	23.748676806507326	26.18223856482255	0.0
157.0	26.17973146136275	23.794361802885955	23.731962783441972	26.293943952309323	0.0
158.0	26.240459078500194	23.714691626274444	23.79965457685665	26.245194718368715	0.0
159.0	26.259123070923174	23.776812078667337	23.76901220123684	26.195052649172656	0.0
160.0	26.191988411610673	23.857875090534293	23.74087692907683	26.209259568778204	0.0
161.0	26.24073764555128	23.748676806507326	23.755640982784556	26.254944565156833	0.0
162.0	26.186974204691072	23.790461864170705	23.811354393002397	26.211209538135826	0.0
163.0	26.38392110981113	23.7261128753691	23.76678366482812	26.12318234999164	0.0
164.0	26.326888202373954	23.659044122358132	23.70194356772959	26.312124107538327	0.0
165.0	26.27925310394201	23.599709175188522	23.85515587262765	26.26588184824182	0.0
166.0	26.362339753411074	23.735437826273476	23.661338577851566	26.240883842463887	0.0
167.0	26.328354383834107	23.81622272116954	23.70563098574286	26.14979190925349	0.0
168.0	26.29799040609731	23.812601329329375	23.692538261397633	26.196870003175682	0.0
169.0	26.180713024196468	23.811765623520103	23.7677517842319	26.239769568051525	0.0
170.0	26.107170912980738	23.72457365075297	23.858286580236115	26.309968856030174	0.0
171.0	26.17876304397484	23.738223512304373	23.792822958509994	26.29019048521079	0.0
172.0	26.20021282641276	23.759394726139206	23.760230431948475	26.28016201549956	0.0
173.0	26.184334416036638	23.76914462724735	23.84101532684454	26.205505629871467	0.0
174.0	26.34673991163804	23.74769484480943	23.672759890578252	26.232805352974275	0.0
175.0	26.247290920334954	23.70813810317067	23.86915075575662	26.17542022073776	0.0
176.0	26.26212821434242	23.67171155812211	23.77923933845344	26.286920889082033	0.0
177.0	26.3406847792477	23.755560941230218	23.61237628037451	26.29137799914758	0.0
178.0	26.29054229101029	23.69204712279617	23.66558303178198	26.351827554411567	0.0
179.0	26.186357343228117	23.664468754265595	23.742189611033577	26.406984291472714	0.0
180.0	26.22312850126888	23.82046760655975	23.782582171002602	26.173821721168768	0.0
181.0	26.28504412551257	23.787662684970584	23.749498573720807	26.177794615796042	0.0
182.0	26.177516045640935	23.79323408807274	23.735012925655198	26.294236940631126	0.0
183.0	26.233787216972722	23.70994161169549	23.81691255125691	26.23935862007488	0.0
184.0	26.258169115311976	23.774145202716632	23.763002334430904	26.20468334754049	0.0
185.0	26.186019043161902	23.85493099778814	23.737930880788024	26.221119078261935	0.0
186.0	26.24117624117624	23.742666599809457	23.7591023305309	26.2570548284834	0.0
187.0	26.18880476023333	23.785288071002356	23.81927381927382	26.206633349490495	0.0
188.0	26.38213352499067	23.72762372762373	23.766902338330908	26.123340409054695	0.0
189.0	26.328999674070197	23.65665384304669	23.69621113565644	26.318135347226672	0.0
190.0	26.27495661233575	23.60400364372808	23.867811785287472	26.2532279586487	0.0
191.0	26.359994651393425	23.743356027768183	23.671205553636497	26.2254437672019	0.0
192.0	26.32496775505542	23.81975145624577	23.70665039794301	26.1486303907558	0.0
193.0	26.290424574687094	23.798858403603635	23.703864657590724	26.20685236411855	0.0
194.0	26.183452145159357	23.80470845834343	23.76988670393987	26.241952692557334	0.0
195.0	26.109351451788587	23.720579099704434	23.862651857670954	26.307417590836028	0.0
196.0	26.18178070094799	23.73227920918403	23.793565496934292	26.292374592933694	0.0
197.0	26.192233869777056	23.753583178491734	23.76082614376172	26.29335680796949	0.0
198.0	26.18526948009438	23.755533207602888	23.843563093191893	26.215634219110846	0.0
199.0	26.34489329162128	23.747733091158292	23.67307483376002	26.234298783460407	0.0
200.0	26.24746495509349	23.702112723139667	23.87343718660159	26.176985135165253	0.0
201.0	26.265645588591706	23.66206364373327	23.778787465143036	26.293503302531988	0.0
202.0	26.34058283909106	23.750372596923953	23.608855410107335	26.300189153877657	0.0
203.0	26.28263879409528	23.693821437625186	23.670978112194156	26.352561656085378	0.0
204.0	26.19683703515922	23.658999295199838	23.742015282741868	26.40214838689908	0.0
205.0	26.225530480517705	23.80330225341048	23.779066042282437	26.192101223789372	0.0
206.0	26.28661210253896	23.79528980460545	23.74821013689319	26.169887955962402	0.0
207.0	26.170723689708776	23.80531860956191	23.737624176105815	26.2863335246235	0.0
208.0	26.235910921925754	23.720909501178383	23.814790258687452	26.22838931820841	0.0
209.0	26.259106040978924	23.7772484782639	23.756912233783236	26.20673324697394	0.0
210.0	26.19670441407937	23.85692198403744	23.73574025322803	26.21063334865516	0.0
211.0	26.249912944158897	23.746604822197153	23.75189781733595	26.251584416308	0.0
212.0	26.1919685763236	23.79201314891424	23.814020865543995	26.20199740921817	0.0
213.0	26.388366553842296	23.721254161269204	23.769448274901453	26.120931009987046	0.0
214.0	26.340524397989775	23.647775264371916	23.702655419484962	26.30904491815335	0.0
215.0	26.291787385781145	23.604022732337864	23.85753287274348	26.246657009137508	0.0
216.0	26.37042113444711	23.73362974601556	23.670948492724797	26.225000626812534	0.0
217.0	26.330099900266884	23.81532101248614	23.70026576925434	26.154313317992635	0.0
218.0	26.290819538776123	23.812256587121613	23.703887362866965	26.193036511235295	0.0
219.0	26.188021997002437	23.808913577633035	23.768240295522038	26.234824129842487	0.0
220.0	26.113918620005684	23.72756701341104	23.862123145326194	26.296391221257082	0.0
221.0	26.176878632040516	23.736481705380573	23.798048796795168	26.28859086578374	0.0
222.0	26.19199514147934	23.76106330284686	23.772763868652792	26.274177687021005	0.0
223.0	26.178344481372424	23.77053518945166	23.842967263488386	26.208153065687533	0.0
224.0	26.3349091952518	23.764684906548695	23.68556679490858	26.21483910329092	0.0
225.0	26.2377561595293	23.712934175776418	23.89011466586434	26.15919499882994	0.0
226.0	26.254265855051468	23.66118315666309	23.786825646668802	26.297725341616633	0.0
227.0	26.328091264921788	23.76119569305345	23.611873354598767	26.298839687426	0.0
228.0	26.276977765891356	23.693631199627806	23.676637331349788	26.35275370313105	0.0
229.0	26.191318592231248	23.662839774788203	23.734437290883715	26.411404342096834	0.0
230.0	26.21639165234252	23.8068705756496	23.77873303041362	26.198004741594254	0.0
231.0	26.287783813901655	23.78047081766263	23.752333194038165	26.179412174397548	0.0
232.0	26.181083716395044	23.784092491990528	23.740075219389887	26.29474857222454	0.0
233.0	26.22593675999443	23.721409667084554	23.817244741607464	26.235408831313556	0.0
234.0	26.256097662899187	23.766607512487848	23.76772187692402	26.209572947688947	0.0
235.0	26.197593530000084	23.847956116328504	23.73429094383882	26.220159409832593	0.0
236.0	26.234088965284762	23.753235139253768	23.756578232562287	26.256097662899187	0.0
237.0	26.192300298928263	23.78610889012088	23.822325734296516	26.199265076654342	0.0
238.0	26.37728479533304	23.718132659514303	23.77747256574054	26.127109979412115	0.0
239.0	26.33139061925404	23.641028784113576	23.7137412661444	26.31383933048798	0.0
240.0	26.29410256981746	23.601700581719303	23.854670470501706	26.24952637796153	0.0
241.0	26.37126275698552	23.73001301121974	23.66788234736892	26.23084188442582	0.0
242.0	26.335527983884226	23.823149987601106	23.69219538426817	26.149126644246497	0.0
243.0	26.299643063136863	23.804428692039554	23.69408755402118	26.201840690802396	0.0
244.0	26.186276558690352	23.80717520027865	23.765377917102054	26.241170323928948	0.0
245.0	26.10642649738894	23.71968856762285	23.866821974151335	26.307062960836873	0.0
246.0	26.171685588643467	23.73328651607114	23.803512409361225	26.291515485924165	0.0
247.0	26.194809139882334	23.76547768677036	23.765198997834585	26.27451417551272	0.0
248.0	26.166700574954504	23.781879596779362	23.847373686982838	26.204046141283293	0.0
249.0	26.343116571119612	23.760698529309302	23.676810354197613	26.21937454537347	0.0
