# Position (bp)	A	C	G	T	N
0.0	26.178212261281075	23.787512973480414	23.73025071508998	26.303473451510158	5.505986383695673E-4
1.0	26.19693261498564	23.697214796787808	23.75943244292357	26.346144845983794	2.7529931918478365E-4
2.0	26.201861532998027	23.825254852731874	23.890499354437313	26.082108966576644	2.7529325614110433E-4
3.0	26.244098498300094	23.79402898790106	23.743651154147912	26.2179460709419	2.75288709033599E-4
4.0	26.136986150530056	23.733768646958264	23.850763771702596	26.278206148162624	2.7528264645725E-4
5.0	26.09114558242605	23.829711092453167	23.867149326249432	26.21144343660964	5.50562261709771E-4
6.0	26.324917141063896	23.782716892211813	23.696279330962263	26.195811356904546	2.752788574826299E-4
7.0	26.31279041599683	23.751348851549253	23.771719262701225	26.163866193926317	2.752758263780308E-4
8.0	26.160812596344417	23.808357190046245	23.793492622770316	26.237062321074657	2.752697643690817E-4
9.0	26.263271333918738	23.710715888164323	23.82054761714696	26.205189893278796	2.7526749118455857E-4
10.0	26.24963871340683	23.79096301801616	23.76095902665951	26.198439241917505	0.0
11.0	26.257070894752054	23.71636593858816	23.819040147542562	26.207247753141473	2.7526597574906755E-4
12.0	26.344054943088757	23.91786063283648	23.697097320285724	26.040987103789035	0.0
13.0	26.22403897766217	23.862807437686666	23.695445724431234	26.217707860219935	0.0
14.0	26.269733129636514	23.690215670891998	23.816012221809324	26.22403897766217	0.0
15.0	26.22203993547783	23.719879103516238	23.774932147123753	26.283148813882175	0.0
16.0	26.267183431235996	23.68767307300584	23.737496077470645	26.307647418287523	0.0
17.0	26.300215257400506	23.79007173411582	23.70473951652417	26.204973491959503	0.0
18.0	26.21323144850063	23.75951729491365	23.689599929532104	26.337651327053617	0.0
19.0	26.238555848560086	23.686021481697615	23.847326899467635	26.228095770274663	0.0
20.0	26.085508387331192	23.75125933837252	23.923850630082082	26.2393816442142	0.0
21.0	26.249291192063552	23.78897067324367	23.688774133877992	26.272964000814785	0.0
22.0	26.1895586397494	23.791723325424048	23.83081098638538	26.187907048441172	0.0
23.0	26.261881102269	23.804595264900755	23.712932199610776	26.220591433219465	0.0
24.0	26.294362308587978	23.7495423728347	23.79330942202721	26.162785896550112	0.0
25.0	26.183430731074882	23.79165783526523	23.722291191262006	26.302620242397882	0.0
26.0	26.200221863155026	23.698618447673603	23.750918695136352	26.35024099403502	0.0
27.0	26.198570276393045	23.827717479568495	23.885798280698182	26.08791396334028	0.0
28.0	26.2445394412682	23.796337331090843	23.736054414278517	26.22306881336244	0.0
29.0	26.14516897108897	23.722566455722337	23.8450591405693	26.287205432619388	0.0
30.0	26.093694517007215	23.83074538863213	23.86350185941143	26.211782970488894	2.752644603302623E-4
31.0	26.323265076922652	23.782849372534663	23.684029431276098	26.209856119266583	0.0
32.0	26.311979234049115	23.75642398434296	23.764681918152867	26.166914863455066	0.0
33.0	26.160308516407138	23.805971587202404	23.787804132820607	26.24564049910952	2.752644603302623E-4
34.0	26.266010069173955	23.708803232705822	23.813678992091653	26.21123244156824	2.752644603302623E-4
35.0	26.244264176807867	23.793034157566883	23.756148719882628	26.20627768128229	2.752644603302623E-4
36.0	26.261881102269	23.718437488817383	23.8095500251867	26.209305590345927	8.257933809907869E-4
37.0	26.346112027130065	23.911948404429555	23.69614106753063	26.045247971989088	5.505289206605246E-4
38.0	26.220316168759133	23.857721305744494	23.689534720482705	26.23187727609301	5.505289206605246E-4
39.0	26.271240093920234	23.68788313372072	23.816156372234623	26.224169871203756	5.505289206605246E-4
40.0	26.226299795203804	23.717821673162888	23.777278632930347	26.2780493712977	5.505274052542336E-4
41.0	26.2708925150294	23.68726740217128	23.73709013234679	26.30419942304728	5.505274052542336E-4
42.0	26.293739402347448	23.789940763251195	23.709839025786703	26.2059302812094	5.505274052542336E-4
43.0	26.215013983396098	23.76186386558323	23.68919424808967	26.333377375525753	5.505274052542336E-4
44.0	26.227676113716942	23.69690163176323	23.846094558587126	26.22877716852745	5.505274052542336E-4
45.0	26.08151108762194	23.756358591530685	23.925645768646365	26.235658761093127	8.257911078813503E-4
46.0	26.244742463279824	23.798749201735262	23.685615819955515	26.26979146021889	0.0011010548105084672
47.0	26.183909184999226	23.802052366166787	23.830129263834753	26.18280813018872	0.0011010548105084672
48.0	26.25898389436509	23.807767369779985	23.712526390834846	26.21962129324037	0.0011010517797125704
49.0	26.28623492591298	23.757944776747987	23.79510527431329	26.15961397124603	0.0011010517797125704
50.0	26.175028696162006	23.80198684793649	23.728491641640677	26.29339176248111	0.0011010517797125704
51.0	26.192920787582334	23.708122183715993	23.757394250858134	26.340461726063825	0.0011010517797125704
52.0	26.19016815813306	23.832541034823514	23.885666783194647	26.08997244617921	0.0016515776695688556
53.0	26.236137069936056	23.80061053321185	23.742254788887085	26.219346030295437	0.0016515776695688556
54.0	26.143923983385132	23.72821637869575	23.83914734550179	26.287060714747764	0.0016515776695688556
55.0	26.087219816729927	23.83666997899744	23.862544695820684	26.211638667837452	0.0019268406144969984
56.0	26.31293543157101	23.789324752469795	23.686926936956528	26.2091613013331	0.0016515776695688556
57.0	26.30385175438838	23.757118987913202	23.769505820434972	26.167596596648952	0.0019268406144969984
58.0	26.156035552961963	23.80969421039448	23.79207738191908	26.23999075116505	0.0022021035594251407
59.0	26.26641599387815	23.709773761385563	23.810795262174192	26.210812879002667	0.0022021035594251407
60.0	26.233384440486773	23.79593106314807	23.75932109147263	26.2091613013331	0.0022021035594251407
61.0	26.251551794852034	23.718031649733405	23.810519999229264	26.217143926736014	0.002752629449281426
62.0	26.335782256000044	23.91622097008167	23.69160640702031	26.053913000393624	0.0024773665043532835
63.0	26.21494182317659	23.86006732931633	23.689404303460883	26.23310917754185	0.0024773665043532835
64.0	26.26228704970423	23.69408377352466	23.816300521072755	26.224851289194	0.0024773665043532835
65.0	26.214043876792648	23.723196344518154	23.771917751658457	26.288364667345647	0.0024773596851000576
66.0	26.26524264361805	23.684659638305487	23.736684191692586	26.31121142888602	0.002202097497866718
67.0	26.29386991109031	23.79366346444989	23.703102204850122	26.20716232211181	0.002202097497866718
68.0	26.205786011175647	23.768614605411656	23.68328332736932	26.340113958545512	0.002202097497866718
69.0	26.233862754273446	23.696495912356518	23.845688017836988	26.22202648022241	0.0019268353106333784
70.0	26.09155220347381	23.75375044730105	23.91477882683256	26.237716424894714	0.002202097497866718
71.0	26.24404745520108	23.797241872883923	23.683008065182083	26.273225247047815	0.0024773596851000576
72.0	26.18899501775441	23.80549973850092	23.82036389661152	26.182663987448045	0.0024773596851000576
73.0	26.257463025508475	23.812866269739686	23.704138005070316	26.223055346815638	0.0024773528658843737
74.0	26.289943874194517	23.75726346097206	23.78891852536947	26.161396786598072	0.0024773528658843737
75.0	26.174884596645665	23.80323211970569	23.72505787371556	26.2943480570672	0.0024773528658843737
76.0	26.191950805277315	23.715148462252024	23.74515195807218	26.345546682962144	0.0022020914363416657
77.0	26.1905744981296	23.837364536968984	23.88168162712536	26.08762672348063	0.0027526142954270817
78.0	26.23461632685643	23.801580551128435	23.742949866635836	26.21810064108387	0.0027526142954270817
79.0	26.13524695079151	23.73221467088367	23.841768719841667	26.28801704418772	0.0027526142954270817
80.0	26.085424632044287	23.838465582687157	23.861312281339202	26.211769628204383	0.00302787572496979
81.0	26.306459559967077	23.792496923953525	23.687622319297752	26.210943843915757	0.0024773528658843737
82.0	26.301229592805768	23.752859278099375	23.772127578167364	26.171030936632068	0.0027526142954270817
83.0	26.150661590845907	23.808737348296543	23.79910319826255	26.23846998687003	0.00302787572496979
84.0	26.26709717554247	23.710469017949798	23.8103889168738	26.20901701390896	0.00302787572496979
85.0	26.233790542567803	23.79580006110804	23.766071826717425	26.201584955311308	0.0027526142954270817
86.0	26.258288809797104	23.716249507970193	23.808737348296543	26.213421196781646	0.0033031371545124985
87.0	26.334260964350893	23.919667704402254	23.69257702502952	26.050741691921903	0.0027526142954270817
88.0	26.217274856795242	23.865716464211886	23.68817284215684	26.226358483970152	0.0024773528658843737
89.0	26.2659961298243	23.693127547888608	23.816169406894197	26.222229562527012	0.0024773528658843737
90.0	26.21555112691719	23.718661572509166	23.779494180989396	26.28381577353754	0.002477346046706231
91.0	26.268401175913592	23.68095086046486	23.739030862226528	26.30941501602017	0.002202085374849983
92.0	26.292073593693228	23.79188091122293	23.70434801757264	26.209220131464495	0.002477346046706231
93.0	26.20674278541779	23.768759014787	23.68563029188642	26.336390561862082	0.002477346046706231
94.0	26.235645155962693	23.689208680620546	23.848584609625316	26.22435946841659	0.002202085374849983
95.0	26.09223434592559	23.758023848584607	23.916023474230098	26.231240985212995	0.002477346046706231
96.0	26.24417823679024	23.792706693238497	23.68397872785528	26.276383735397424	0.002752606718562479
97.0	26.19628287988725	23.79325721458221	23.82711427722053	26.18059302159145	0.002752606718562479
98.0	26.257593732882274	23.8050278975923	23.710063227202287	26.224287283267223	0.0030278590559135463
99.0	26.287597063527237	23.749700654843338	23.796770100167084	26.162904322406433	0.0030278590559135463
100.0	26.186026155197045	23.802000038536388	23.722725183254287	26.286220763956365	0.0030278590559135463
101.0	26.19538499227896	23.7130910862582	23.748324355272466	26.340446967048635	0.0027525991417395876
102.0	26.20309226987583	23.8325538890097	23.879898594247617	26.081152127896768	0.0033031189700875054
103.0	26.24493177683027	23.799522699308824	23.737038698791334	26.215203706099484	0.0033031189700875054
104.0	26.14308560858591	23.728505641451942	23.839435386864047	26.285670244128017	0.0033031189700875054
105.0	26.091336744721204	23.832278629095523	23.863933519225526	26.208872728073484	0.003578378884261464
106.0	26.306865257519412	23.788512302741864	23.692446592695152	26.209147987987656	0.0030278590559135463
107.0	26.303286878635152	23.751076954414206	23.773648267376473	26.168684780604085	0.0033031189700875054
108.0	26.158775423693825	23.808881536390736	23.798972179480472	26.229792481550707	0.003578378884261464
109.0	26.27218250833349	23.707310628060547	23.808055756648212	26.208872728073484	0.003578378884261464
110.0	26.243004957431054	23.798146399737952	23.75630689278351	26.199238631077392	0.0033031189700875054
111.0	26.266402050135838	23.71254056642985	23.807505236819868	26.209698507816004	0.0038536387984354223
112.0	26.334391248936807	23.91265452403432	23.686941394411672	26.06270971364711	0.0033031189700875054
113.0	26.214377926356963	23.866410858453094	23.69024451338176	26.225938842752267	0.0030278590559135463
114.0	26.264750490650794	23.691070293124284	23.813836214845868	26.227039882408963	0.0033031189700875054
115.0	26.21568206466388	23.727614549097975	23.772481791606797	26.280918484753396	0.0033031098779500896
116.0	26.26990811849356	23.67834316008522	23.737523878731825	26.31119699196794	0.003027850721454249
117.0	26.297158774986652	23.79009837762253	23.70008863344839	26.209351104064478	0.0033031098779500896
118.0	26.213479991411916	23.770279718354832	23.682196788276162	26.330740392079143	0.0033031098779500896
119.0	26.235500723931583	23.689628785501547	23.845700727234693	26.22614191261072	0.003027850721454249
120.0	26.090989666771264	23.762572461972947	23.916167071297625	26.226967690080212	0.0033031098779500896
121.0	26.24568531272193	23.792025191718004	23.68412360237163	26.274587524153993	0.003578369034445931
122.0	26.19779021949165	23.797255115691424	23.81597273833314	26.185403557449337	0.003578369034445931
123.0	26.266677310050014	23.803926857935608	23.70758588797472	26.217956305241223	0.0038536387984354223
124.0	26.289799142840625	23.747498575529942	23.79594432042456	26.162904322406433	0.0038536387984354223
125.0	26.181897256484437	23.80420211784978	23.719972584112547	26.290349662668977	0.003578378884261464
126.0	26.194283952622264	23.709512707373936	23.751076954414206	26.341823266619507	0.0033031189700875054
127.0	26.196210772021484	23.83365492866639	23.88760587184449	26.078950048583376	0.003578378884261464
128.0	26.241700890743537	23.80289133809718	23.734351430804974	26.217477951620182	0.0035783887341312224
129.0	26.14185322510054	23.721479475131506	23.83763979839853	26.295449102785373	0.003578398584055206
130.0	26.088727769198794	23.830207739800876	23.86241332705737	26.214797503929354	0.0038536600135979145
131.0	26.30178011566485	23.785615388214957	23.695054377895406	26.214522242499815	0.00302787572496979
132.0	26.289393351335434	23.756988199542516	23.77377914674462	26.17653616522292	0.0033031371545124985
133.0	26.15011106798682	23.807636302578373	23.79717636825575	26.241497862594997	0.003578398584055206
134.0	26.26379403838796	23.70991849509071	23.808462086867003	26.21424698107027	0.003578398584055206
135.0	26.233790542567803	23.791671139664896	23.761667643844742	26.20956753676805	0.0033031371545124985
136.0	26.252233058347162	23.70578957364757	23.814793099746485	26.22360586967472	0.003578398584055206
137.0	26.333985702921346	23.906455155784208	23.682942874995526	26.07358839057395	0.00302787572496979
138.0	26.206887059924576	23.866607944066722	23.69181645517355	26.23193591896281	0.0027526218723333976
139.0	26.256158991439342	23.690990668611853	23.82421756723279	26.225604888656445	0.003027884059566737
140.0	26.206133408938886	23.731244271089956	23.773359501663965	26.28623492591298	0.0030278923942095685
141.0	26.262562312649155	23.681421678057966	23.740052685327658	26.313210694515938	0.002752629449281426
142.0	26.29476807720575	23.78602159713066	23.693533247634804	26.222649185634577	0.0030278923942095685
143.0	26.212464456672237	23.765652139205976	23.676466945049256	26.34238856667832	0.0030278923942095685
144.0	26.231457599872275	23.68802798873624	23.843001026730786	26.23476075521142	0.002752629449281426
145.0	26.07841140249223	23.76675319098569	23.922001491925162	26.229806022202713	0.0030278923942095685
146.0	26.237035079606265	23.788013917332805	23.691946885115943	26.27970095351347	0.0033031644315254013
147.0	26.189964986457028	23.79324392768272	23.823522934971702	26.19024025015965	0.0030279007288982846
148.0	26.26353268903099	23.808173702885046	23.70412373688021	26.220866697679796	0.0033031735239631476
149.0	26.28472805247642	23.746239199310736	23.799089975694148	26.166639598994735	0.0033031735239631476
150.0	26.183430731074882	23.80156735583712	23.71623537313474	26.295738630889627	0.003027909063632885
151.0	26.19306498718644	23.70687638148351	23.755047662041306	26.342258324685442	0.002752644603302623
152.0	26.188936020281485	23.836801206759397	23.891578834365117	26.079656029530373	0.003027909063632885
153.0	26.23415160507149	23.811267155904716	23.738872403560833	26.212680918064557	0.0030279173984133715
154.0	26.135128067495216	23.727651843593872	23.839960361699493	26.29423180147818	0.0030279257332397427
155.0	26.093838171132855	23.825095999009044	23.86088057585642	26.21688206229269	0.0033031917089888104
156.0	26.30028765294466	23.78683402837992	23.697647852237225	26.212753072656454	0.0024773937817416077
157.0	26.289552279890444	23.761509558611007	23.770868601786475	26.17531689995458	0.0027526597574906754
158.0	26.153295621894657	23.804175784852113	23.80445105082786	26.235324882667875	0.0027526597574906754
159.0	26.269182597685013	23.709759555170184	23.811883232173088	26.206421955214225	0.0027526597574906754
160.0	26.23147115900739	23.801147859118874	23.764262218368497	26.200366103747747	0.0027526597574906754
161.0	26.26395254414578	23.7042542356552	23.81353482802758	26.215230466438193	0.0030279257332397427
162.0	26.342953879185764	23.90602419587927	23.682783489546775	26.06576104160645	0.0024773937817416077
163.0	26.206218826042438	23.87085585932769	23.69028088217483	26.23044229858733	0.0022021338677178184
164.0	26.25962057233459	23.695510950110656	23.821858380770966	26.2205326961826	0.002477400601182546
165.0	26.20904363815538	23.730259880038425	23.77760588852217	26.28061318586336	0.0024774074206610273
166.0	26.25886705405978	23.681262266607575	23.749528604421347	26.308139934981817	0.0022021399294764685
167.0	26.292174420493115	23.790268193116663	23.693374036219698	26.221705942749868	0.0024774074206610273
168.0	26.20986944062893	23.766870456365975	23.6826386040635	26.338144091520938	0.0024774074206610273
169.0	26.23574458480028	23.684840743992975	23.841743213968172	26.235194049817913	0.0024774074206610273
170.0	26.075814172422053	23.769898398769005	23.919643913973403	26.231890839923693	0.002752674911845586
171.0	26.24435011919115	23.79308636266041	23.690961842315335	26.26884899334401	0.002752682489085614
172.0	26.192049151898527	23.801069141878763	23.82033791930236	26.184066372680174	0.0024774142401770526
173.0	26.26259011619105	23.80333681089845	23.70974534864196	26.22157503420217	0.0027526900663673577
174.0	26.29121809288127	23.74883354758438	23.799483044805537	26.157712624662448	0.0027526900663673577
175.0	26.194323402545137	23.79838196877899	23.71580126678797	26.289015940828175	0.0024774210597306215
176.0	26.191570712478768	23.70534104453577	23.755440003743658	26.345446087188705	0.002202152053093886
177.0	26.188818022412402	23.830863711562124	23.898579887194764	26.079260957770984	0.0024774210597306215
178.0	26.231281656022905	23.799823827350806	23.74944946047126	26.21696762827571	0.002477427879321735
179.0	26.134183368705592	23.729144817068974	23.845033706875434	26.289160672651047	0.002477434698950394
180.0	26.094544413522392	23.831270180770154	23.864853184467037	26.206579516019367	0.0027527052210559928
181.0	26.303750010322645	23.788052708799572	23.69693816598262	26.209332221240423	0.0019268936547391948
182.0	26.290812295783685	23.763553632332172	23.77208701851745	26.17134488918985	0.0022021641768447944
183.0	26.147396353766666	23.805945292736435	23.807321645346967	26.237134543973088	0.0022021641768447944
184.0	26.26824011297102	23.706297363734212	23.809248539001704	26.214011820116216	0.0022021641768447944
185.0	26.237685085017297	23.794659201330106	23.763828902854282	26.201624646621468	0.0022021641768447944
186.0	26.26273470252891	23.705471552167893	23.815029219965922	26.214287090638326	0.002477434698950394
187.0	26.349444916992177	23.90146416390708	23.679871393612075	26.067292631833933	0.0019268936547391948
188.0	26.204449484967434	23.869873760591062	23.7000313809259	26.22399374583652	0.0016516276790777312
189.0	26.26583498037316	23.691497971250666	23.817021674860577	26.22399374583652	0.0016516276790777312
190.0	26.205347434602245	23.731752904808175	23.776622246935535	26.284625781428495	0.0016516322255468968
191.0	26.26122765823325	23.68082757785381	23.748819771138827	26.30747336054856	0.0016516322255468968
192.0	26.29426030274419	23.783228775837724	23.693765363620596	26.22709392557195	0.0016516322255468968
193.0	26.209476515166113	23.76643718154466	23.683580298229725	26.338854372833953	0.0016516322255468968
194.0	26.241132799489097	23.692664275470232	23.833878830754493	26.23067246206063	0.0016516322255468968
195.0	26.07679539304718	23.76808881377021	23.920864794633296	26.23259936632377	0.0016516322255468968
196.0	26.2379017606448	23.798984793930785	23.693004767724815	26.26845704092756	0.0016516367720410927
197.0	26.19220647661833	23.79485570200068	23.82403461830674	26.187526839097547	0.0013763639767009107
198.0	26.261647512215262	23.80730851283463	23.7087605808272	26.220907026357445	0.0013763677654669328
199.0	26.292202876608627	23.750877434450484	23.797949212029454	26.157594109145965	0.0013763677654669328
200.0	26.188975294198606	23.80180304177276	23.715091872548342	26.29302869726791	0.0011010942123735462
201.0	26.19310439749501	23.70986167503957	23.745371963388617	26.350560869864424	0.0011010942123735462
202.0	26.189250567751703	23.839240244993462	23.890716399421926	26.07969169362054	0.0011010942123735462
203.0	26.233091275455994	23.80021691615695	23.747639522784457	26.2179511883592	0.001101097243403051
204.0	26.13433973898418	23.73394114068483	23.841848967580855	26.288769052475686	0.0011011002744492433
205.0	26.09277320362372	23.834416540728323	23.862494597726776	26.208939282578115	0.0013763753430615544
206.0	26.304459731386586	23.793951105642314	23.691548780118534	26.209489832715338	5.505501372246217E-4
207.0	26.28794322726985	23.765597773575244	23.768075249192755	26.177833199824924	5.505501372246217E-4
208.0	26.143423816248383	23.807439584004317	23.807439584004317	26.24114646560576	5.505501372246217E-4
209.0	26.261516820683067	23.71384606067613	23.80523738345542	26.21884918504816	5.505501372246217E-4
210.0	26.2309612880671	23.80303518290652	23.762294472751897	26.203158506137257	5.505501372246217E-4
211.0	26.257938244791106	23.710818034921395	23.81349563551379	26.21692225956787	8.258252058369325E-4
212.0	26.34988011770762	23.91149355993977	23.67695920148208	26.061391845801918	2.7527506861231083E-4
213.0	26.202955361271997	23.870818560197318	23.699872272016563	26.226353806514126	0.0
214.0	26.259937457332246	23.693265652183488	23.814111739963444	26.232685150520823	0.0
215.0	26.204403874793197	23.73131904280826	23.78031827478659	26.283958807611945	0.0
216.0	26.26028502137523	23.67846593865186	23.7522400632035	26.30900897676941	0.0
217.0	26.296070977314457	23.782520487459774	23.68644895959215	26.234959575633614	0.0
218.0	26.208808300139562	23.761599467064535	23.683420917166522	26.34617131562938	0.0
219.0	26.241841490237316	23.6867242361763	23.830418613101514	26.241015660484873	0.0
220.0	26.07309694415464	23.76985776458897	23.915479077603223	26.241566213653165	0.0
221.0	26.24026206402951	23.79442288105266	23.69036804580615	26.27494700911168	0.0
222.0	26.18906047843202	23.7886420568723	23.81644506840642	26.20585239628926	0.0
223.0	26.266760995295495	23.80660061827461	23.701994940388527	26.224643446041362	0.0
224.0	26.29896853296042	23.746865270639663	23.7911850446914	26.162981151708514	0.0
225.0	26.19050896167854	23.793937825688403	23.71520828917414	26.300344923458923	0.0
226.0	26.19518868937344	23.708051058581933	23.736679980950758	26.36008027109387	0.0
227.0	26.19353702077524	23.836330653042236	23.884779598589475	26.085352727593055	0.0
228.0	26.23600207009701	23.809143662530143	23.73674532301221	26.218108944360637	0.0
229.0	26.139451147503078	23.730479234282225	23.834259649238714	26.295809968975988	0.0
230.0	26.09678280713635	23.83563604731506	23.854905620383903	26.212400245549418	2.752796152692097E-4
231.0	26.31232674589214	23.792417147717796	23.688912012376573	26.206344094013495	0.0
232.0	26.29250661359276	23.76268694926872	23.76323750849926	26.181568928639265	0.0
233.0	26.143305062116845	23.809759763479754	23.805905848865986	26.24102932553741	0.0
234.0	26.264978652065835	23.711484940828647	23.80425417117437	26.219282235931146	0.0
235.0	26.234697894386223	23.805355289635447	23.756355518117527	26.2035912978608	0.0
236.0	26.251214671302375	23.71533885544242	23.812237280017175	26.220933913622762	2.752796152692097E-4
237.0	26.347287257031333	23.915191856127862	23.67542331122838	26.06209757561243	0.0
238.0	26.206140954562223	23.869836428402326	23.690628905540294	26.233393711495157	0.0
239.0	26.254865580593833	23.69640979337455	23.809825307075254	26.238899318956356	0.0
240.0	26.201415518954796	23.736232275043427	23.774772269923115	26.287579936078664	0.0
241.0	26.25945624525123	23.68410910332221	23.74962835717353	26.306806294253025	0.0
242.0	26.29446096244907	23.78565135998238	23.695628234775906	26.224259442792647	0.0
243.0	26.205624457995512	23.772488884606386	23.683290431814115	26.338320921717344	2.75303866642807E-4
244.0	26.2300813813913	23.698338233836598	23.83103725483718	26.240267820762714	2.75309172200381E-4
245.0	26.063123929717914	23.773339720611634	23.924211639162827	26.23904939678764	2.7531371998392167E-4
246.0	26.23501912101164	23.801185530253598	23.689956031309453	26.27356399688337	2.7532054194095475E-4
247.0	26.18754594487441	23.796072212264633	23.816446268932044	26.199660248838818	2.753250901001357E-4
248.0	26.260520975872996	23.81450593745096	23.70740329788025	26.21701913255122	5.506562445794776E-4
249.0	26.2927343661809	23.751180469324318	23.796334281379835	26.15920022687037	5.506562445794776E-4
