# Position (bp)	A	C	G	T	N
0.0	26.33563220941781	23.76312883878091	23.596122796602177	26.305116155199105	0.0
1.0	26.36143214616635	23.737606320707087	23.63662592311064	26.264335610015927	0.0
2.0	26.23675720360964	23.7658781787566	23.773090804179994	26.224273813453763	0.0
3.0	26.116927139678996	23.883072860321	23.694999694866546	26.305000305133454	0.0
4.0	26.199405290253864	23.689641398899344	23.86661192969998	26.244341381146814	0.0
5.0	26.249601286976297	23.706713633905167	23.874242445254968	26.169442633863564	0.0
6.0	26.2994694231884	23.750038136075062	23.806340850531548	26.144151590204988	0.0
7.0	26.180875256531145	23.976648732597482	23.672971323978036	26.16950468689334	0.0
8.0	26.337026303747972	23.699995840208544	23.738543241032183	26.2244346150113	0.0
9.0	26.210164941821123	23.785120850110367	23.799263474315886	26.20545073375262	0.0
10.0	26.23178560039929	23.781940188833588	23.62638124419427	26.35989296657285	0.0
11.0	26.207588815315162	23.721425481649085	23.90665380050799	26.164331902527753	0.0
12.0	26.094455351101942	23.80821659512639	23.745272241262658	26.35205581250901	0.0
13.0	26.140689945845825	23.76877580503387	23.889950282416947	26.200583966703363	0.0
14.0	26.262973571763297	23.78846319151945	23.75075214134989	26.197811095367364	0.0
15.0	26.258536977625702	23.819796637616218	23.67061615973957	26.251050225018506	0.0
16.0	26.32813604815923	23.647324040517194	23.73245119053231	26.292088720791266	0.0
17.0	26.179787431683383	23.72163699232192	23.775153409106665	26.323422166888033	0.0
18.0	26.259923413293702	23.833106420029004	23.753802299819483	26.153167866857814	0.0
19.0	26.311498820143246	23.728291883528314	23.784303884515452	26.175905411812987	0.0
20.0	26.199197531035363	23.757961606823482	23.774598834839463	26.268242027301692	0.0
21.0	26.164536639335402	23.718032259585122	23.95372632314488	26.163704777934598	0.0
22.0	26.271846760038486	23.812587172142624	23.646214891982797	26.269351175836093	0.0
23.0	26.294861592127262	23.724964437925117	23.75047485421629	26.229699115731332	0.0
24.0	26.194760936897765	23.679766635148365	23.840038598369	26.285433829584875	0.0
25.0	26.342277691972814	23.75685245828908	23.60268081200764	26.298189037730463	0.0
26.0	26.356142048652803	23.739383368872303	23.6434420206468	26.261032561828095	0.0
27.0	26.23968145254092	23.7435426758763	23.78069915177866	26.236076719804124	0.0
28.0	26.118506975157846	23.86776731172897	23.707495348508335	26.306230364604854	0.0
29.0	26.192542639828968	23.689748971957954	23.870262895931365	26.247445492281713	0.0
30.0	26.251327512152105	23.696126576030746	23.878858797072958	26.173687114744187	0.0
31.0	26.29763446346326	23.75186128988429	23.793177072790645	26.157327173861805	0.0
32.0	26.178123708881785	23.978404878035253	23.665070417067575	26.178400996015384	0.0
33.0	26.335345513632824	23.698622160233143	23.7435426758763	26.222489650257742	0.0
34.0	26.215002897650546	23.77959000324426	23.80010925113064	26.205297847974556	0.0
35.0	26.234690284136125	23.777094419041862	23.625418356962818	26.362796939859194	0.0
36.0	26.20827533426871	23.716857347256806	23.91594895712598	26.158918361348498	0.0
37.0	26.09320149290979	23.798102252119854	23.745695129187716	26.36300112578264	0.0
38.0	26.13555383638486	23.764207420717113	23.889817795634972	26.210420947263053	0.0
39.0	26.25645035617335	23.78916312434318	23.748679427349785	26.205707092133686	0.0
40.0	26.27558306228666	23.817446255119386	23.65939346548765	26.247577217106304	0.0
41.0	26.339358749331048	23.64663832807877	23.729824006832317	26.28417891575786	0.0
42.0	26.180751388507623	23.72621929408633	23.78223098444705	26.310798332958996	0.0
43.0	26.258945926535954	23.83768810361608	23.76282099273789	26.140544977110075	0.0
44.0	26.298875052337657	23.735092433153376	23.794986121855928	26.17104639265304	0.0
45.0	26.184633386849455	23.76975313263402	23.779180842892757	26.266432637623772	0.0
46.0	26.170769107057197	23.715959727040058	23.95165248350844	26.161618682394305	0.0
47.0	26.263937067261168	23.817446255119386	23.650520326420605	26.268096351198842	0.0
48.0	26.29277476922906	23.73037857802401	23.7481248561581	26.228721796588832	0.0
49.0	26.20016138021678	23.67492145885498	23.827428536569812	26.29748862435843	0.0
50.0	26.339358749331048	23.75145228330824	23.605045488701997	26.304143478658716	0.0
51.0	26.350172887569013	23.730655863619855	23.64608375688708	26.27308749192406	0.0
52.0	26.238981363635105	23.7395290026869	23.783617412426278	26.237872221251724	0.0
53.0	26.11337098871725	23.863752949625525	23.710136729527314	26.312739332129915	0.0
54.0	26.19683395306664	23.679912599580188	23.872903374288416	26.250350073064755	0.0
55.0	26.255895784981657	23.68850845305139	23.869021375946584	26.186574386020368	0.0
56.0	26.298320481145964	23.750897712116547	23.79082683791825	26.159954968819232	0.0
57.0	26.18158324529516	23.97799461511373	23.659116179891804	26.181305959699312	0.0
58.0	26.348231888398093	23.69017216662646	23.739251717091054	26.222344227884392	0.0
59.0	26.216798515967493	23.782785555638743	23.806632116881424	26.193783811512343	0.0
60.0	26.232049223738972	23.778626271701064	23.63055576351975	26.358768741040212	0.0
61.0	26.211180124223603	23.70840727595386	23.923857586512867	26.156555013309674	0.0
62.0	26.095829636202307	23.80850709849157	23.75194099378882	26.3437222715173	0.0
63.0	26.147332111434917	23.775444278382103	23.887189753799483	26.190033856383494	0.0
64.0	26.259077586852296	23.797072434914497	23.744665747932153	26.199184230301046	0.0
65.0	26.27516006222254	23.83006923782931	23.65177558846609	26.242995111482053	0.0
66.0	26.340321815877836	23.656489417453923	23.718323762411927	26.284865004256307	0.0
67.0	26.178110641884867	23.723037591399756	23.774889710265885	26.32396205644949	0.0
68.0	26.254918325980686	23.836724055223893	23.76296649576726	26.145391123028162	0.0
69.0	26.296510934696833	23.73468352184028	23.794299594333424	26.17450594912947	0.0
70.0	26.18726101580242	23.766571188522658	23.767957608813198	26.278210186861727	0.0
71.0	26.177833357826756	23.713055365307884	23.941537429188582	26.167573847676774	0.0
72.0	26.286251424546847	23.810104785645557	23.644288918897185	26.259354870910407	0.0
73.0	26.300115627452232	23.727751420387587	23.74161562329297	26.230517328867208	0.0
74.0	26.205561763637526	23.68283140297415	23.81343219434285	26.29817463904548	0.0
75.0	26.340044531819736	23.754093405907813	23.600200753658072	26.305661308614386	0.0
76.0	26.35418601878322	23.725810431980836	23.64817089571069	26.27183265352525	0.0
77.0	26.229130908576675	23.738842782711895	23.78542650447398	26.24659980423745	0.0
78.0	26.11156246793903	23.857520359581965	23.710837092843022	26.320080079635982	0.0
79.0	26.193915833197	23.665362507313368	23.879980368288685	26.260741291200944	0.0
80.0	26.249372644818532	23.685881527613333	23.87748481176572	26.18726101580242	0.0
81.0	26.30039291151034	23.746052168222693	23.79124946969424	26.16230545057273	0.0
82.0	26.18726101580242	23.970097687173674	23.653716576872846	26.188924720151064	0.0
83.0	26.351967746318362	23.685604243555225	23.730524260968664	26.23190374915775	0.0
84.0	26.218316830310474	23.782099095776687	23.80289540013476	26.19668867377808	0.0
85.0	26.233012885390178	23.792913174042884	23.62155162613236	26.35252231443458	0.0
86.0	26.205766383283148	23.711048629943267	23.923170346215915	26.160014640557673	0.0
87.0	26.092080234692578	23.80560223157591	23.75569123951176	26.346626294219753	0.0
88.0	26.14829623755348	23.779471665885655	23.882343480949306	26.18988861561156	0.0
89.0	26.264200331075326	23.804149810200116	23.73039265977712	26.201257198947438	0.0
90.0	26.279173587176235	23.82439143418838	23.657744639435673	26.238690339199707	0.0
91.0	26.350989759956523	23.65025801138522	23.712923860992728	26.28582836766553	0.0
92.0	26.193216005856208	23.715142121155825	23.774757863039074	26.3168840099489	0.0
93.0	26.255881855463713	23.832155344759222	23.766439387427457	26.145523412349608	0.0
94.0	26.309674664418832	23.725124291889763	23.784740033773012	26.180461009918393	0.0
95.0	26.185174812764977	23.777253405722558	23.766716669947844	26.27085511156462	0.0
96.0	26.181570139999945	23.71541940367621	23.940850092751003	26.162160363572838	0.0
97.0	26.2800054347374	23.799158724833145	23.653030836589092	26.267805003840362	0.0
98.0	26.29220586563444	23.731224507338283	23.742038525633383	26.234531101393898	0.0
99.0	26.207634696916344	23.672440613016196	23.81468654597483	26.305238144092634	0.0
100.0	26.32936172336632	23.75507080409158	23.606447373164045	26.309120099378053	0.0
101.0	26.35015791239536	23.72151961912473	23.647762468701735	26.280559999778173	0.0
102.0	26.216785020089116	23.740374830511062	23.78584916385456	26.256990985545265	0.0
103.0	26.105594729413852	23.853783381349423	23.70765549310537	26.33296639613135	0.0
104.0	26.18600666032614	23.670499635373485	23.8759659829804	26.26752772131998	0.0
105.0	26.24645424977055	23.686304739035556	23.876243265500786	26.19099774569311	0.0
106.0	26.311892924581926	23.738433852868347	23.79194937930308	26.157723843246643	0.0
107.0	26.199316221304723	23.966360084626626	23.64443507845709	26.18988861561156	0.0
108.0	26.34988062987497	23.68408647887246	23.732610919940218	26.23342197131235	0.0
109.0	26.22954001602693	23.77004406019249	23.790840249221528	26.209575674559048	0.0
110.0	26.241185881883194	23.783353621171074	23.616152261377596	26.35930823556814	0.0
111.0	26.213107662958485	23.713135391133637	23.90834174421313	26.165415201694746	0.0
112.0	26.096926609066006	23.815452357449452	23.74114084803851	26.346480185446037	0.0
113.0	26.151201319857474	23.78072619889365	23.87832910479835	26.189743376450526	0.0
114.0	26.274314076169087	23.786549099530006	23.743293266231337	26.19584355806957	0.0
115.0	26.282909786632285	23.827032123001842	23.660108971426194	26.22994911893968	0.0
116.0	26.34807081756298	23.661772657322295	23.716674291893693	26.273482233221035	0.0
117.0	26.196120839052256	23.72055622565126	23.775180579239972	26.308142356056507	0.0
118.0	26.26821389455004	23.83091405675942	23.76547574484604	26.135396303844498	0.0
119.0	26.326165619930958	23.72027894466858	23.78433085166854	26.169224583731925	0.0
120.0	26.19584355806957	23.776012422188025	23.759098282244313	26.269045737498093	0.0
121.0	26.188356971537107	23.7130696391188	23.93544898723121	26.16312440211288	0.0
122.0	26.273482233221035	23.808731578144712	23.644303955413218	26.273482233221035	0.0
123.0	26.299546645593313	23.734974836750823	23.723329035478102	26.242149482177762	0.0
124.0	26.213866821944016	23.677854954317958	23.79486752901052	26.3134106947275	0.0
125.0	26.32561105796559	23.760761968140415	23.606871022750905	26.30675595114309	0.0
126.0	26.352507313285916	23.72471544039152	23.65095869899763	26.271818547324933	0.0
127.0	26.2210761274938	23.74523423311012	23.78821278542611	26.24547685396997	0.0
128.0	26.108849724381937	23.847062477124258	23.72145384367964	26.32263395481417	0.0
129.0	26.174010935992282	23.677643326937368	23.88116813256286	26.26717760450749	0.0
130.0	26.243331373875623	23.685684497731835	23.87284968001686	26.198134448375683	0.0
131.0	26.307106176728297	23.74141812979004	23.799092734108985	26.152382959372677	0.0
132.0	26.193143376848084	23.969621011302003	23.6579563225785	26.179279289271413	0.0
133.0	26.34093455041537	23.6862390612349	23.73698162176551	26.235844766584222	0.0
134.0	26.222257960759087	23.76859174144031	23.79881545235745	26.21033484544315	0.0
135.0	26.233976536353126	23.778639818324493	23.61559769633682	26.37178594898556	0.0
136.0	26.219075981166917	23.707721230472327	23.909583465042896	26.16361932331786	0.0
137.0	26.093189367849558	23.81918911274893	23.744045341363456	26.343576178038052	0.0
138.0	26.152600508538963	23.7826536638929	23.878871232056255	26.185874595511883	0.0
139.0	26.27238722164147	23.779603539253717	23.73329710154974	26.214712137555075	0.0
140.0	26.27876475497794	23.811768489994208	23.663144234848506	26.246322520179348	0.0
141.0	26.34407260446042	23.65828432310427	23.715959727040058	26.28168334539526	0.0
142.0	26.204875235346147	23.712077728698226	23.770030418229865	26.313016617725758	0.0
143.0	26.263937067261168	23.825487537398896	23.765871134292187	26.144704261047753	0.0
144.0	26.323553470367877	23.729269435640628	23.781121842063673	26.166055251927826	0.0
145.0	26.193024584209095	23.781742356601356	23.74929985192908	26.275933207260465	0.0
146.0	26.191710778428167	23.700008595901142	23.939861966464896	26.168418659205795	0.0
147.0	26.284324681050474	23.804268558134634	23.645660317715596	26.265746443099292	0.0
148.0	26.296802602062463	23.737165071803503	23.725241725058716	26.24079060107532	0.0
149.0	26.219716778921743	23.677271050945965	23.79179063712265	26.31122153300965	0.0
150.0	26.324808602556033	23.76988495356827	23.609612990347635	26.295693453528063	0.0
151.0	26.351150880248003	23.7410470916739	23.645105743448397	26.2626962846297	0.0
152.0	26.219716778921743	23.75186128988429	23.786244894450654	26.24217703674332	0.0
153.0	26.114142792178264	23.85258265952373	23.726139375991302	26.3071351723067	0.0
154.0	26.195388147605897	23.68094144788651	23.861733160305683	26.26193724420191	0.0
155.0	26.248350136980225	23.67844585676416	23.884193480406836	26.189010525848776	0.0
156.0	26.317190511181664	23.746724527569427	23.79719106575901	26.1388938954899	0.0
157.0	26.198788248506105	23.97243750606569	23.65327824531729	26.175496000110915	0.0
158.0	26.348801419717997	23.684334576510878	23.72648245455932	26.240381549211804	0.0
159.0	26.22651711564324	23.778335436105756	23.791922581002954	26.20322486724805	0.0
160.0	26.24627738926446	23.780619686441103	23.61119583844008	26.36190708585436	0.0
161.0	26.21917572712425	23.71912720133765	23.904634351265692	26.15706272027241	0.0
162.0	26.089126619028207	23.82560664165509	23.750460994972727	26.334805744343974	0.0
163.0	26.150757558952066	23.786851970984273	23.88334923134941	26.179041238714255	0.0
164.0	26.267774351693696	23.79822090108476	23.736662303955278	26.197342443266265	0.0
165.0	26.273042880276847	23.82400896204441	23.670944342154883	26.232003815523857	0.0
166.0	26.346320754455387	23.6723964384648	23.719258743702014	26.262024063377805	0.0
167.0	26.200742587298375	23.72840937135188	23.77665813532392	26.294189906025828	0.0
168.0	26.264519689100492	23.831561901223132	23.77693542707088	26.12698298260549	0.0
169.0	26.31748241277095	23.73672812376085	23.788027096949513	26.157762366518682	0.0
170.0	26.188614369298175	23.784210964146077	23.753708787399827	26.27346587915592	0.0
171.0	26.16816728549285	23.706634796425135	23.95037559375425	26.174822324327774	0.0
172.0	26.27492520013643	23.813392711068715	23.638975234936733	26.272706853858118	0.0
173.0	26.286848811382335	23.73020472563216	23.732423071910468	26.25052339107504	0.0
174.0	26.219466543178726	23.670586669402628	23.793704887848733	26.31624189956992	0.0
175.0	26.321787765265686	23.74878337571299	23.620119291571115	26.309309567450207	0.0
176.0	26.346744160896655	23.72133134051893	23.65283989917616	26.279084599408254	0.0
177.0	26.216416317046047	23.751833601845664	23.79037736843127	26.24137271267702	0.0
178.0	26.1158312721142	23.852279911709573	23.713910178910126	26.317978637266105	0.0
179.0	26.177945140144416	23.682298656787605	23.87058131925419	26.26917488381379	0.0
180.0	26.243386536819102	23.678416540035716	23.89110107922846	26.187095843916726	0.0
181.0	26.30695982275315	23.74586484095755	23.79771897278906	26.14945636350024	0.0
182.0	26.18938681795872	23.977960607497497	23.658794266652247	26.173858307891535	0.0
183.0	26.340235201468552	23.68929669714137	23.737268701456074	26.233199399934005	0.0
184.0	26.228485387949323	23.77276243875251	23.78579529541604	26.21295687788213	0.0
185.0	26.24602774065098	23.786693139152472	23.603400753134824	26.363878367061723	0.0
186.0	26.224471403812828	23.711889081455805	23.906273830155982	26.15736568457539	0.0
187.0	26.088596187175046	23.828353552859618	23.749601386481803	26.333448873483533	0.0
188.0	26.1441279559874	23.779892630551487	23.886097431119392	26.189881982341717	0.0
189.0	26.266138692932252	23.800689915257998	23.73247482142065	26.200696570389105	0.0
190.0	26.277785172367896	23.823428279870445	23.66786459026576	26.230921957495895	0.0
191.0	26.342191152533257	23.676803753504352	23.710634097104176	26.270370996858215	0.0
192.0	26.19577786219958	23.73448171636307	23.774135315828442	26.295605105608903	0.0
193.0	26.26011097461892	23.83125868289044	23.7683120599629	26.140318282527737	0.0
194.0	26.31584785218913	23.737254695346664	23.790495891831636	26.15640156063257	0.0
195.0	26.179212582704324	23.77780612386377	23.771428254515808	26.271553038916096	0.0
196.0	26.16403370851947	23.700782816308536	23.955898297658763	26.179285177513233	0.0
197.0	26.281885968925828	23.79977871504987	23.64144073695098	26.276894579073325	0.0
198.0	26.276894579073325	23.733781449222313	23.74182313287357	26.247500838830796	0.0
199.0	26.22171199125952	23.676935064791014	23.791459731962362	26.309893211987102	0.0
200.0	26.315716500148355	23.76234329115609	23.61565188937971	26.306288319315847	0.0
201.0	26.35537031953214	23.726294364443557	23.655305708763493	26.26302960726081	0.0
202.0	26.213393008172016	23.760124895666088	23.79728302012362	26.229199076038277	0.0
203.0	26.110587321834615	23.860296156619157	23.726360157506516	26.30275636403971	0.0
204.0	26.16826576451667	23.69336143308746	23.87665686872608	26.261715933669795	0.0
205.0	26.232876712328768	23.684487826520993	23.89052187898619	26.19211358216405	0.0
206.0	26.299924851019224	23.752346672508505	23.798101587002275	26.14962688946999	0.0
207.0	26.185121611016676	23.98139854748944	23.657509213375963	26.175970628117923	0.0
208.0	26.337083387638412	23.692172027386395	23.72933056400558	26.241414020969618	0.0
209.0	26.221170937587523	23.788118696567274	23.779522318692685	26.21118804715252	0.0
210.0	26.247864764735894	23.790125784768286	23.60516449630632	26.356844954189494	0.0
211.0	26.230744700026342	23.726411824244693	23.889466605659777	26.153376870069188	0.0
212.0	26.099302580314188	23.82402284985372	23.745545803696462	26.33112876613563	0.0
213.0	26.152062870548566	23.77861092470065	23.887314413749884	26.182011791000903	0.0
214.0	26.27601812464297	23.79635843311685	23.727586838004072	26.20003660423611	0.0
215.0	26.28572379330808	23.82353430537916	23.66491594890936	26.225825952403405	0.0
216.0	26.346526608857694	23.6719142127433	23.72099730181663	26.260561876582372	0.0
217.0	26.187075895766377	23.74484558238333	23.776735725001593	26.2913427968487	0.0
218.0	26.26361223805021	23.83136492583462	23.768971168538016	26.136051667577153	0.0
219.0	26.307703826539807	23.746232110323255	23.806130117327996	26.13993394580894	0.0
220.0	26.190753496833164	23.785952769181282	23.760717890696924	26.262575843288634	0.0
221.0	26.17668346223493	23.703658512912806	23.9532349262779	26.166423098574366	0.0
222.0	26.277345948958853	23.814026749045368	23.63765941693404	26.27096788506174	0.0
223.0	26.269581349431938	23.735271525272385	23.741926896295453	26.253220229000224	0.0
224.0	26.21106954585412	23.67287742193111	23.798774857117504	26.317278175097265	0.0
225.0	26.308127039940544	23.754128409837747	23.63155866016289	26.306185890058813	0.0
226.0	26.349723108834727	23.7208515547224	23.652079387484022	26.277345948958853	0.0
227.0	26.209960317350273	23.751632645704095	23.804320999636726	26.234086037308902	0.0
228.0	26.119353317988963	23.851529353040682	23.72701810820554	26.302099220764813	0.0
229.0	26.18341144172375	23.68375807659244	23.860680513574223	26.27214996810959	0.0
230.0	26.247746873353485	23.672943068689165	23.883974376750505	26.195335681206842	0.0
231.0	26.321029147913666	23.736789708520863	23.79585645394319	26.14632468962228	0.0
232.0	26.204559509052743	23.96695589960317	23.647496318727487	26.180988272616602	0.0
233.0	26.34848270564517	23.691865704960218	23.735125856537138	26.224525732857472	0.0
234.0	26.224525732857472	23.79058758932805	23.77949524276987	26.205391435044607	0.0
235.0	26.24095971248558	23.781502351583992	23.602637767326293	26.37490016860414	0.0
236.0	26.219956905994614	23.729156671944803	23.895542793123816	26.155343628936766	0.0
237.0	26.079915254002277	23.830929516065964	23.754391900323622	26.334763329608137	0.0
238.0	26.136836325518708	23.78579391357881	23.887289728956258	26.190080031946223	0.0
239.0	26.263844750226006	23.786903157462717	23.741701469193526	26.207550623117754	0.0
240.0	26.273985595469533	23.81767203485486	23.673460332075177	26.23488203760043	0.0
241.0	26.337714493328413	23.67102194093061	23.72704605903611	26.264217506704867	0.0
242.0	26.18094675442465	23.741252631491356	23.77398158857482	26.303819025509174	0.0
243.0	26.246882965946316	23.835082200938093	23.776555465870036	26.14147936724556	0.0
244.0	26.310738052110523	23.74016304996075	23.80451757683015	26.144581321098574	0.0
245.0	26.18923447365209	23.77858656694888	23.764161516183798	26.26801744321523	0.0
246.0	26.173738875696312	23.69670875962627	23.957477973323865	26.17207439135356	0.0
247.0	26.270890205739395	23.801240650731295	23.647823867545554	26.280045275983753	0.0
248.0	26.27433463820909	23.736901535055473	23.742450262593533	26.246313564141904	0.0
249.0	26.22162172659755	23.667819877206657	23.80071190174313	26.30984649445266	0.0
