# Position (bp)	A	C	G	T	N
0.0	26.244125930203598	23.675546079802505	23.869044849566336	26.21128314042756	0.0
1.0	26.159555746530295	23.777085038193427	23.705925660345343	26.357433554930935	0.0
2.0	26.242039262480603	23.68228754717601	23.76685541631202	26.30881777403137	0.0
3.0	26.227839232836526	23.623829358671912	23.826074581689006	26.322256826802555	0.0
4.0	26.322516023448145	23.659969020421347	23.762869387688077	26.254645568442424	0.0
5.0	26.221145820505456	23.798968296320623	23.716596198842414	26.263289684331514	0.0
6.0	26.263002197477412	23.763132185244885	23.767237062112258	26.20662855516544	0.0
7.0	26.233478367950084	23.813863120159812	23.731220753632705	26.221437758257395	0.0
8.0	26.252404655248373	23.920402148660372	23.776464889981035	26.050728306110223	0.0
9.0	26.133820044548305	23.8410052374359	23.766575636345724	26.25859908167007	0.0
10.0	26.310979280452703	23.838972012740385	23.657279204929786	26.192769501877127	0.0
11.0	26.244486280003944	23.760712761183413	23.763175464903735	26.23162549390891	0.0
12.0	26.147274752156914	23.7891055758196	23.893086115040784	26.170533556982704	0.0
13.0	26.316653577888268	23.707015676434455	23.712761969391412	26.26356877628587	0.0
14.0	26.24578263141909	23.696617622512335	23.763110441014305	26.294489305054274	0.0
15.0	26.268494170248978	23.81920520559415	23.714677400377067	26.197623223779804	0.0
16.0	26.29120570907887	23.782264750870837	23.86791187922934	26.058617660820953	0.0
17.0	26.20275055136898	23.737871250554104	23.726652328336808	26.332725869740102	0.0
18.0	26.218347589573515	23.833368905525727	23.777000662190044	26.17128284271071	0.0
19.0	26.305636277069073	23.727199592835213	23.715980670617917	26.2511834594778	0.0
20.0	26.21287494458947	23.66453780776787	23.779189720183663	26.343397527458993	0.0
21.0	26.178123648940772	23.73841851505251	23.874961007404487	26.20849682860223	0.0
22.0	26.215064002583087	23.793418597142185	23.743070263288953	26.248447136985774	0.0
23.0	26.179218177937578	23.821602718810027	23.621851176892303	26.37732792636009	0.0
24.0	26.380064248852115	23.70831896764025	23.709960761135466	26.201656022372173	0.0
25.0	26.245710814493755	23.666726865761493	23.881528181385345	26.206034138359414	0.0
26.0	26.161705713988624	23.781105145928077	23.71324434812589	26.3439447919574	0.0
27.0	26.241879963004923	23.68971197469449	23.76632900447115	26.30207905782944	0.0
28.0	26.212054047841864	23.62978651211917	23.83665249251616	26.321506947522806	0.0
29.0	26.325611431260842	23.66453780776787	23.755930979001462	26.253919781969827	0.0
30.0	26.226009292551183	23.799712138873836	23.716801567365522	26.257477001209455	0.0
31.0	26.25884516245547	23.755110082253854	23.768518062464768	26.21752669282591	0.0
32.0	26.232029202033637	23.812025590087945	23.733219502317667	26.222725705560755	0.0
33.0	26.254740678717432	23.91545858028644	23.782746939423294	26.04705380157284	0.0
34.0	26.12969074083195	23.844040563244622	23.768244430215567	26.258024265707856	0.0
35.0	26.30016363208502	23.833095273276527	23.663716911020266	26.203024183618183	0.0
36.0	26.248447136985774	23.74799564377459	23.771528017205995	26.232029202033637	0.0
37.0	26.145763500294155	23.794995279856618	23.898427987029866	26.160813232819365	0.0
38.0	26.31869860858382	23.707980462710868	23.705244147706285	26.268076780999028	0.0
39.0	26.242355419955942	23.703602358703534	23.755865975291076	26.298176246049444	0.0
40.0	26.260688730486653	23.82044300939924	23.70934862021316	26.209519639900947	0.0
41.0	26.29708172004761	23.775293811823616	23.864771312473493	26.06285315565528	0.0
42.0	26.205343461319558	23.719134451206163	23.731447835033492	26.344074252440784	0.0
43.0	26.207532507333305	23.82557681362462	23.786994877632328	26.179895801409746	0.0
44.0	26.291537148110855	23.727069743006	23.72515432774397	26.256238781139178	0.0
45.0	26.205343461319558	23.672069961910598	23.775502386060154	26.34708419070969	0.0
46.0	26.16895057134101	23.7538855566744	23.867715949389257	26.20944792259533	0.0
47.0	26.22504487544328	23.808064445514646	23.727890635261154	26.23900004378092	0.0
48.0	26.187283831706143	23.83652204369336	23.61187119653255	26.364322928067946	0.0
49.0	26.391959633991508	23.718860820454445	23.702169344599625	26.187010200954425	0.0
50.0	26.245840812573878	23.676448053938092	23.888511886519854	26.18919924696817	0.0
51.0	26.164572479313513	23.781248631846243	23.720228974213036	26.3339499146272	0.0
52.0	26.229696598222496	23.696696729565257	23.765378048246575	26.308228623965675	0.0
53.0	26.199049954030034	23.6348561796769	23.840352874217416	26.32574099207565	0.0
54.0	26.31123856223458	23.655378486055778	23.772218817039533	26.26116413467011	0.0
55.0	26.22203493717438	23.804507245742307	23.713661836171795	26.25979598091152	0.0
56.0	26.258154196401208	23.748412941640034	23.77495512455672	26.21847773740204	0.0
57.0	26.227233921457028	23.813537060549013	23.734731404054113	26.224497613939846	0.0
58.0	26.24118908979467	23.917516746202004	23.78480583161858	26.05648833238475	0.0
59.0	26.118328882273108	23.838437458955386	23.78152226259796	26.26171139617355	0.0
60.0	26.30056696291756	23.83761656670023	23.662492885600457	26.19932358478175	0.0
61.0	26.24802985858763	23.747592049384878	23.77303970929469	26.231338382732805	0.0
62.0	26.149724865032002	23.783646229241747	23.888446520384065	26.178182385342186	0.0
63.0	26.325668956949794	23.69581099828434	23.712502428466276	26.266017616299592	0.0
64.0	26.25534604618327	23.696631888293286	23.749989738874888	26.298032326648553	0.0
65.0	26.264923096287664	23.818944499626497	23.71168153845733	26.204450865628516	0.0
66.0	26.302410406696275	23.777352739173143	23.864093450118617	26.056143404011962	0.0
67.0	26.207389084381788	23.73077070415752	23.73022344564902	26.331616765811667	0.0
68.0	26.219428771568825	23.83173989897608	23.778382194397167	26.17044913505793	0.0
69.0	26.29713947977606	23.724750860564004	23.738432323276545	26.239677336383387	0.0
70.0	26.20082198227977	23.69410438408791	23.7726359800579	26.33243765357442	0.0
71.0	26.177563495668448	23.757312741819852	23.860197341418164	26.204926421093532	0.0
72.0	26.228184907704854	23.81203859267002	23.719551904733237	26.240224594891888	0.0
73.0	26.196717543466008	23.847336766468377	23.60052317913413	26.355422510931486	0.0
74.0	26.389626167712844	23.715447465919475	23.698482452155925	26.19644391421176	0.0
75.0	26.248433472519412	23.673855819273353	23.88181405250398	26.195896655703255	0.0
76.0	26.16442929146441	23.78248663321093	23.714079319648224	26.339004755676438	0.0
77.0	26.226816761433597	23.6897263160199	23.768531541244137	26.314925381302366	0.0
78.0	26.205473679602033	23.625423441270954	23.83529707928134	26.33380579984567	0.0
79.0	26.32997499028616	23.650870961916283	23.755397337040097	26.263756710757463	0.0
80.0	26.2279112784506	23.80273519802549	23.711343027105713	26.258010496418194	0.0
81.0	26.261567676723452	23.755397337040097	23.76579524870163	26.21723973753482	0.0
82.0	26.2262695029251	23.814501255958277	23.72228819727575	26.23694104384088	0.0
83.0	26.23338386353562	23.92039577735335	23.792063657109708	26.054156702001325	0.0
84.0	26.110524328376993	23.83256078673883	23.793705432635214	26.263209452248958	0.0
85.0	26.291666894691048	23.81586940222953	23.675771224053104	26.216692479026314	0.0
86.0	26.23940370712914	23.728308040869265	23.78659107202469	26.245697179976908	0.0
87.0	26.15997964203919	23.772023674338296	23.895156501823735	26.17284018179878	0.0
88.0	26.323335859836533	23.69431317876971	23.70881548956244	26.27353547183131	0.0
89.0	26.24589899277347	23.704163804968548	23.74575533780807	26.30418186444991	0.0
90.0	26.263958474138	23.811973436144683	23.71401443116738	26.21005365854993	0.0
91.0	26.30746540651619	23.78515784260341	23.856574882544965	26.050801868335437	0.0
92.0	26.21627537897444	23.72626279209763	23.720790236961637	26.336671591966287	0.0
93.0	26.221474306353638	23.828873200897497	23.78071471570076	26.1689377770481	0.0
94.0	26.308761560772727	23.723800142286432	23.724073770043233	26.24336452689761	0.0
95.0	26.20286761889126	23.68850216165928	23.771958627483173	26.336671591966287	0.0
96.0	26.185081814699284	23.753078312263995	23.860887648443057	26.200952224593664	0.0
97.0	26.23488206643682	23.81409730203032	23.724073770043233	26.22694686148963	0.0
98.0	26.198763202539265	23.848574399387072	23.5935533300498	26.359109068023862	0.0
99.0	26.39276528211022	23.722705631259235	23.692059322497673	26.192469764132873	0.0
100.0	26.26416023641438	23.669348218683304	23.87429540852624	26.192196136376072	0.0
101.0	26.16592787172331	23.774968532807968	23.713675915284846	26.34542768018388	0.0
102.0	26.225578722705635	23.687407650632082	23.772779510753573	26.314234115908718	0.0
103.0	26.199857713566466	23.631861216001752	23.834619383790294	26.33366168664149	0.0
104.0	26.327094620478302	23.651562414491327	23.7492475236688	26.27209544136157	0.0
105.0	26.22612597821923	23.793848848027142	23.711760520987248	26.268264652766376	0.0
106.0	26.26361298090078	23.750615662452798	23.773326766267168	26.212444590379246	0.0
107.0	26.21983253981284	23.816012696327917	23.730093580692827	26.234061183166418	0.0
108.0	26.23159853335522	23.908225250369398	23.800142286433537	26.060033929841843	0.0
109.0	26.112570459147378	23.830241339681496	23.795216986811145	26.261971214359985	0.0
110.0	26.284955945931156	23.81956985716631	23.669074590926503	26.22639960597603	0.0
111.0	26.2491107097904	23.720790236961637	23.78126197121436	26.2488370820336	0.0
112.0	26.151901297265645	23.776818867129464	23.891194956506986	26.180084879097908	0.0
113.0	26.32839071747738	23.683512057374113	23.704307709988207	26.283789515160304	0.0
114.0	26.256426814352285	23.691447240608436	23.74398362615984	26.30814231887944	0.0
115.0	26.263541116562365	23.80445519494556	23.704581336996284	26.227422351495782	0.0
116.0	26.30540604879864	23.786395812412266	23.852066294351516	26.056131844437573	0.0
117.0	26.22667323373283	23.72763093088163	23.713949543041647	26.331746292343894	0.0
118.0	26.231324905598424	23.825316040059104	23.769222349915175	26.174136704427298	0.0
119.0	26.309582444043123	23.722432003502437	23.72653641985443	26.24144913260001	0.0
120.0	26.208340174027256	23.68822853390248	23.768127838887978	26.33530345318229	0.0
121.0	26.183713675915282	23.7492475236688	23.864992064795054	26.20204673562086	0.0
122.0	26.23898648278881	23.817380835111916	23.722158375745636	26.221474306353638	0.0
123.0	26.205330268702458	23.839271055655885	23.603951184808185	26.35144749083347	0.0
124.0	26.398237837246207	23.728178186395226	23.68795490614568	26.185629070212883	0.0
125.0	26.270180047063974	23.666885568872107	23.87648443058064	26.186449953483283	0.0
126.0	26.1700322880753	23.77524216056477	23.715591309582443	26.339134241777483	0.0
127.0	26.227767744760026	23.68987030044328	23.772232255239974	26.31012969955672	0.0
128.0	26.20970831281125	23.635965632353745	23.832430361735895	26.32189569309911	0.0
129.0	26.327094620478302	23.64773162589613	23.756088217588793	26.269085536036773	0.0
130.0	26.229683139057624	23.79576424232474	23.70163629398566	26.27291632463197	0.0
131.0	26.265052988160093	23.757794992051092	23.753690564468243	26.223461455320567	0.0
132.0	26.21744162819906	23.82346583337666	23.71291991714529	26.246172621278994	0.0
133.0	26.230575796464173	23.910753326638556	23.792819440758063	26.06585143613921	0.0
134.0	26.108263854495306	23.82209769084904	23.80212280994585	26.267515644709803	0.0
135.0	26.283659726535674	23.80923715108945	23.67379104085547	26.233312081519404	0.0
136.0	26.24070005116853	23.72769585644354	23.792819440758063	26.23878465162987	0.0
137.0	26.152663233531626	23.780571228431175	23.88154042324973	26.185225114787475	0.0
138.0	26.325539396095277	23.68663720567512	23.702781464202157	26.285041934027447	0.0
139.0	26.245638997961446	23.690194415181075	23.748477924778697	26.315688662078777	0.0
140.0	26.260558813308414	23.797040932760165	23.71604556536682	26.2263546885646	0.0
141.0	26.29503657105018	23.785274713848292	23.85888199029697	26.060806724804557	0.0
142.0	26.22533191773475	23.737180258966976	23.703796941869246	26.33369088142902	0.0
143.0	26.22724735396167	23.84116108271401	23.762080929916927	26.169510633407395	0.0
144.0	26.31699922288016	23.734170287753248	23.717478629204383	26.23135186016221	0.0
145.0	26.215481102853456	23.68327441086654	23.767279971104276	26.33396451517573	0.0
146.0	26.186000311943324	23.751474205844286	23.85819165907331	26.20433382313908	0.0
147.0	26.242642652503346	23.818241022736288	23.717543528407365	26.221572796352998	0.0
148.0	26.216647375434736	23.84067905136393	23.60015432985544	26.34251924334589	0.0
149.0	26.40873879124698	23.72794163923481	23.689359175375085	26.173960394143126	0.0
150.0	26.2897077857223	23.667468415738362	23.86722159742346	26.175602201115883	0.0
151.0	26.177791277079553	23.769260448049124	23.717269893911904	26.335678380959415	0.0
152.0	26.238811769566915	23.69373732730243	23.7640613926354	26.30338951049525	0.0
153.0	26.2095328785528	23.634632276283277	23.826450057600063	26.32938478756386	0.0
154.0	26.322817559672846	23.66226936032464	23.75256874382612	26.262344336176398	0.0
155.0	26.236349059107788	23.799360242549618	23.694831865284264	26.26945883305833	0.0
156.0	26.27500342044055	23.766862771925023	23.757559173621562	26.200574634012863	0.0
157.0	26.220002736352445	23.836366123956765	23.711041182104257	26.232589957586537	0.0
158.0	26.23231632234232	23.923108496374333	23.79231084963743	26.052264331645915	0.0
159.0	26.099876864140104	23.82952524285128	23.816390751128747	26.254207141879878	0.0
160.0	26.27308797373102	23.822410726501573	23.696538514160622	26.207962785606785	0.0
161.0	26.228211793679023	23.741141058968395	23.802161718429335	26.228485428923243	0.0
162.0	26.137710049829117	23.77869415431428	23.897999447255295	26.185596348601308	0.0
163.0	26.306961064121477	23.697006679491146	23.71342492892266	26.282607327464717	0.0
164.0	26.22924801681229	23.7030267042827	23.73969412801309	26.328031150891924	0.0
165.0	26.246904458947313	23.812612020960746	23.71574381917936	26.224739700912586	0.0
166.0	26.287403029183597	23.78251173227161	23.860772482863357	26.06931275568143	0.0
167.0	26.2187913880102	23.730585260669212	23.71307231750966	26.337551033810925	0.0
168.0	26.229463337748054	23.81979181488819	23.770263022515078	26.180481824848677	0.0
169.0	26.310460699860993	23.720460590405096	23.726480664616194	26.24259804511772	0.0
170.0	26.207298519061744	23.680509188822363	23.765063867514584	26.34712842460131	0.0
171.0	26.182468948645894	23.74050125464163	23.86719679950088	26.209832997211603	0.0
172.0	26.240480731605203	23.816026028682995	23.718883656274713	26.224609583437086	0.0
173.0	26.214484885467776	23.84311643676305	23.606964697640944	26.335433980128226	0.0
174.0	26.404665022999485	23.73283932104323	23.69890790082174	26.16358775513555	0.0
175.0	26.270033904056174	23.675922100026543	23.877047856984536	26.176996138932747	0.0
176.0	26.15893586687938	23.781000046518884	23.719157296760372	26.340906789841373	0.0
177.0	26.23610248383469	23.688783202852427	23.77552723680574	26.29958707650714	0.0
178.0	26.216126728381717	23.63514966766363	23.818215152568254	26.330508451386397	0.0
179.0	26.322846517788	23.6647028401146	23.749257750182657	26.263192891914745	0.0
180.0	26.23062967412155	23.799607599543567	23.69425601256557	26.275506713769314	0.0
181.0	26.277220461796947	23.7610893110261	23.757805616212696	26.203884610964256	0.0
182.0	26.218934878859024	23.82512135988748	23.717033072279595	26.2389106889739	0.0
183.0	26.2389106889739	23.92281128058625	23.783801533485477	26.054476496954372	0.0
184.0	26.099900941873127	23.833877879389888	23.80897652705491	26.257244651682072	0.0
185.0	26.28269328648595	23.822658588777426	23.683101559207753	26.211546565528863	0.0
186.0	26.22933324576814	23.739471653504523	23.794473541629042	26.236721559098296	0.0
187.0	26.13636674593163	23.775930998437506	23.90043810081518	26.187264154815686	0.0
188.0	26.299054014486682	23.695336294155798	23.725437077049794	26.280172614307723	0.0
189.0	26.23283229211989	23.68767427669187	23.756906077348066	26.322587353840177	0.0
190.0	26.24282708100165	23.811765092204677	23.721735894285473	26.223671932508203	0.0
191.0	26.291535887170703	23.78330601444298	23.864578573050895	26.06057952533542	0.0
192.0	26.215534320647116	23.739587780076402	23.71660153898357	26.32827636029291	0.0
193.0	26.233868584375923	23.836184721811755	23.756827460896027	26.1731192329163	0.0
194.0	26.314594073928127	23.730831116802943	23.71906435052923	26.235510458739697	0.0
195.0	26.208145886010136	23.686226863253758	23.780087347716155	26.32553990301996	0.0
196.0	26.169359804069124	23.75908164242615	23.878665152489496	26.192893401015226	0.0
197.0	26.227099210529914	23.832692544501757	23.719950196341347	26.220258048626977	0.0
198.0	26.205481138916632	23.846101221831518	23.603376797515292	26.345040841736562	0.0
199.0	26.391560742676536	23.736642631384512	23.69395378111018	26.177842844828763	0.0
200.0	26.26486242423413	23.67890322492372	23.875655041252205	26.18057930958994	0.0
201.0	26.15759300559607	23.79082463365578	23.715571852723468	26.336010508024682	0.0
202.0	26.228467442910503	23.699153064156416	23.77221667327979	26.300162819653288	0.0
203.0	26.20794395720169	23.64278189007621	23.819283867172	26.329990285550096	0.0
204.0	26.331358517930685	23.658379739214908	23.745399318620276	26.26486242423413	0.0
205.0	26.240234241383558	23.792466512512487	23.69669024587136	26.270609000232596	0.0
206.0	26.284636897497222	23.759967600168565	23.75230547787015	26.20309002446406	0.0
207.0	26.230454746958408	23.81907540075636	23.71481580805289	26.235654044232337	0.0
208.0	26.25152558327906	23.917862048960963	23.787332322662916	26.043280045097063	0.0
209.0	26.104303376259463	23.83221046755365	23.812234220132776	26.251251936054114	0.0
210.0	26.287099722521713	23.824274698030287	23.689366616133146	26.199258963314854	0.0
211.0	26.230454746958408	23.744643355571732	23.796362681086052	26.228539216383805	0.0
212.0	26.12571935211106	23.79341767163885	23.902329565200734	26.178533411049358	0.0
213.0	26.307839236408515	23.69777057775613	23.7237672775435	26.270622908291852	0.0
214.0	26.242710662204356	23.693939485155884	23.747027482616417	26.316322370023343	0.0
215.0	26.241759685191923	23.821043212224534	23.71377203232365	26.223425070259886	0.0
216.0	26.295121624173234	23.784100331391322	23.857438791119478	26.063339253315966	0.0
217.0	26.214192672701596	23.735181759471086	23.712195015160304	26.33843055266701	0.0
218.0	26.224317786267058	23.835338288253773	23.761725976115677	26.178617949363485	0.0
219.0	26.308602515406594	23.720130914981887	23.717668049520015	26.253598520091508	0.0
220.0	26.204067559136135	23.668410740282628	23.777050472322866	26.35047122825837	0.0
221.0	26.174584800794687	23.751665859391892	23.867694505332118	26.206054834481307	0.0
222.0	26.23478834349952	23.82062628103561	23.708428769631144	26.23615660583372	0.0
223.0	26.223568592359076	23.829930464908173	23.594589343425636	26.35191159930711	0.0
224.0	26.411567837078266	23.72293235037367	23.690367706819693	26.175132105728366	0.0
225.0	26.28076195792867	23.681884480347648	23.878093299072045	26.15926026265164	0.0
226.0	26.175132105728366	23.795723906553157	23.708702422097986	26.320441565620495	0.0
227.0	26.240261392836327	23.695019798755975	23.76917961726966	26.29553919113804	0.0
228.0	26.208517706682866	23.645488702257904	23.82117358596929	26.32482000508994	0.0
229.0	26.317705040952095	23.659171325599914	23.753034121726092	26.270089511721906	0.0
230.0	26.209885969017066	23.799828693555757	23.70514494002906	26.28514039739811	0.0
231.0	26.26605660243114	23.755288348393382	23.76431890451145	26.214336144664035	0.0
232.0	26.20886308035006	23.817133975141342	23.727102067176393	26.24690087733221	0.0
233.0	26.234312829410054	23.91291260063597	23.792505185728437	26.06026938422553	0.0
234.0	26.100222753717578	23.83628970024027	23.802904007924997	26.260583538117153	0.0
235.0	26.27645542462769	23.824248958749514	23.68413851231166	26.21515710431113	0.0
236.0	26.2236403539978	23.747078751922412	23.78730577463016	26.241975119449627	0.0
237.0	26.133679961688443	23.779982212492303	23.899568995005815	26.186768830813435	0.0
238.0	26.299931859789886	23.68925874944927	23.72291837131215	26.287891019448693	0.0
239.0	26.231517994214926	23.68515391751477	23.758493581411134	26.324834506859172	0.0
240.0	26.243384216258818	23.822294712298927	23.714471804583294	26.219849266858958	0.0
241.0	26.298145076982866	23.778482017262988	23.863592825514633	26.059780080239513	0.0
242.0	26.221701624556644	23.72383631825546	23.71562595787538	26.33883609931252	0.0
243.0	26.220490111826944	23.839720186323504	23.76883624441002	26.170953457439527	0.0
244.0	26.313095788733282	23.730010372847772	23.710852078811747	26.246041759607202	0.0
245.0	26.219188430231604	23.678995856209937	23.758094622926052	26.343721090632403	0.0
246.0	26.17866106839724	23.758522626186874	23.858152844798564	26.204663460617322	0.0
247.0	26.24659559034858	23.819508122681924	23.707829800046532	26.22606648692296	0.0
248.0	26.22116624284545	23.834537277562294	23.595573280923666	26.348723198668587	0.0
249.0	26.40237376377875	23.728057329461002	23.69466258995366	26.174906316806585	0.0
