# Position (bp)	A	C	G	T	N
0.0	26.152683504777936	23.72662244909258	23.706691322208812	26.414002723920678	0.0
1.0	26.211092779395646	23.790291326637952	23.759287351485423	26.239328542480983	0.0
2.0	26.238384308124136	23.767567133647237	23.70417735850101	26.289871199727617	0.0
3.0	26.217220170839862	23.898204686747455	23.683962864750853	26.20061227766183	0.0
4.0	26.315629229623767	23.800758945005548	23.812107138013403	26.071504687357283	0.0
5.0	26.301222759151322	23.792878216731154	23.72617723088505	26.17972179323248	0.0
6.0	26.244779688317294	23.851946563934806	23.71052420370355	26.192749544044347	0.0
7.0	26.17042532994966	23.79871756198404	23.72371956838793	26.307137539678365	0.0
8.0	26.142448754811802	23.773837626020132	23.832229605010088	26.251484014157977	0.0
9.0	26.29486040661813	23.697806409479455	23.798257192746515	26.209075991155906	0.0
10.0	26.230533387937616	23.706376526060634	23.77749122826436	26.28559885773739	0.0
11.0	26.245475776727506	23.682302677454704	23.83255669806413	26.239664847753662	0.0
12.0	26.312163104474966	23.78523913356282	23.647713814515146	26.254883947447066	0.0
13.0	26.19234728325235	23.81955128559886	23.826745769090284	26.161355662058504	0.0
14.0	26.309119284536287	23.805162318616002	23.67483148305976	26.210886913787952	0.0
15.0	26.169380278260483	23.815954043853143	23.760058441342824	26.25460723654355	0.0
16.0	26.18155555801521	23.760058441342824	23.733494194605246	26.324891806036728	0.0
17.0	26.224445748060255	23.660442516076905	23.7866226880804	26.328489047782437	0.0
18.0	26.254053814736515	23.767806346641283	23.73211064008766	26.246029198534536	0.0
19.0	26.150563936821364	23.773340564711614	23.894539940451814	26.18155555801521	0.0
20.0	26.314580687292636	23.77576517270863	23.665634537852565	26.244019602146164	0.0
21.0	26.25785510903763	23.777978853811266	23.80509644731854	26.159069589832562	0.0
22.0	26.311813585914344	23.628278669245606	23.809523809523807	26.25038393531624	0.0
23.0	26.280822050477465	23.729831289828965	23.730938130380284	26.258408529313286	0.0
24.0	26.16349695203783	23.790154099875757	23.673105711573957	26.373243236512455	0.0
25.0	26.15491893776512	23.721253275556258	23.710461580180915	26.413366206497706	0.0
26.0	26.219115689741525	23.782129505878707	23.76331321650631	26.235441587873453	0.0
27.0	26.24650999338663	23.75999269485236	23.70382053687301	26.289676774887997	0.0
28.0	26.210537675468814	23.900008024593998	23.68832476915457	26.20112953078262	0.0
29.0	26.32232857115186	23.80205263580242	23.811737490626445	26.06388130241928	0.0
30.0	26.297147948609396	23.792367780978392	23.72872444927765	26.181759821134566	0.0
31.0	26.250937355591898	23.849370069371233	23.70409724701084	26.195595328026034	0.0
32.0	26.177885879204954	23.78461989711917	23.726510768175014	26.310983455500857	0.0
33.0	26.14910802487071	23.773274781468167	23.82584970765574	26.251767486005384	0.0
34.0	26.294934267506758	23.697179493565105	23.80177592566459	26.206110313263547	0.0
35.0	26.21987326710756	23.7173137054152	23.79368549212762	26.269127535349625	0.0
36.0	26.24533052934503	23.68881264008412	23.829104291762363	26.23675253880849	0.0
37.0	26.29735189130856	23.78815130468469	23.64924319986718	26.26525360413957	0.0
38.0	26.190542073660033	23.822739976202996	23.834915188577437	26.151802761559534	0.0
39.0	26.310357231799443	23.799219679570545	23.673870333988212	26.216552754641796	0.0
40.0	26.16370126456183	23.8030936107806	23.754392761282826	26.278812363374747	0.0
41.0	26.16536152079471	23.7602036580979	23.744431223885552	26.33000359722184	0.0
42.0	26.216276045269655	23.666675890312405	23.784830792218933	26.33221727219901	0.0
43.0	26.249481169927225	23.766291264285123	23.732532720883256	26.2516948449044	0.0
44.0	26.149589086582363	23.766567973657267	23.898004925426825	26.185838014333545	0.0
45.0	26.30087633615668	23.77535688492519	23.666333693976885	26.25743308494124	0.0
46.0	26.266287760348213	23.774803467712253	23.799707242294357	26.159201529645177	0.0
47.0	26.31775556115122	23.630638283742538	23.81188242097894	26.239723734127303	0.0
48.0	26.292021660749715	23.726379461580393	23.720015163631633	26.261583714038256	0.0
49.0	26.168332913658617	23.79915382508142	23.656372184144043	26.37614107711592	0.0
50.0	26.173590377181498	23.714480991502278	23.70700985912765	26.404918772188573	0.0
51.0	26.231699184539735	23.785041686151565	23.748792858704284	26.23446627060442	0.0
52.0	26.241107277159642	23.760968037388867	23.697878475114212	26.30004621033728	0.0
53.0	26.215650085364604	23.892958042674	23.685980005036097	26.2054118669253	0.0
54.0	26.316925435331818	23.795003195984403	23.812435838191874	26.0756355304919	0.0
55.0	26.29617228984673	23.79195940131326	23.72942325625154	26.18244505258847	0.0
56.0	26.253005747237758	23.854218837768514	23.711437196831135	26.181338218162598	0.0
57.0	26.184382012833744	23.780337639841612	23.734680719774424	26.300599627550213	0.0
58.0	26.155604317761096	23.764565249272948	23.827654811547603	26.252175621418356	0.0
59.0	26.303366713614896	23.693727846017197	23.80164420253963	26.201261237828284	0.0
60.0	26.223048656306723	23.721056359853012	23.796597600389603	26.259297383450658	0.0
61.0	26.250166024704473	23.690618497365744	23.816520564926726	26.242694913003056	0.0
62.0	26.310211626156637	23.786082702439458	23.643301456590073	26.260404214813832	0.0
63.0	26.199251781998495	23.823161553105766	23.822331429583386	26.155255235312346	0.0
64.0	26.307444547748705	23.79964138663833	23.66765174657989	26.22526231903307	0.0
65.0	26.163833178376944	23.802131757205473	23.762285828131226	26.271749236286357	0.0
66.0	26.17988223314296	23.748450436091556	23.74955726745473	26.322110063310756	0.0
67.0	26.20838314074468	23.668205162261476	23.792446982777705	26.330964714216144	0.0
68.0	26.253763226634792	23.76643644574313	23.74374640279807	26.236053924824017	0.0
69.0	26.14944437065569	23.767819984947096	23.903406826935846	26.17932881746137	0.0
70.0	26.296580177258555	23.769137753083207	23.68308185271989	26.251200216938347	0.0
71.0	26.258671307966676	23.773841773360303	23.81396429925317	26.153522619419856	0.0
72.0	26.298517126784414	23.63521152872358	23.817284784154648	26.24898656033736	0.0
73.0	26.284681773028257	23.720714014936647	23.7284618130401	26.266142398995	0.0
74.0	26.16210053874867	23.797085167670655	23.66592601406225	26.374888279518423	0.0
75.0	26.17123187222774	23.703281469203887	23.707708782405856	26.417777876162518	0.0
76.0	26.231554014604598	23.77688555118666	23.75364215687631	26.237918277332433	0.0
77.0	26.247603024961748	23.757792763003156	23.700791105527777	26.29381310650732	0.0
78.0	26.216611832547947	23.888121795386187	23.692213186198956	26.20305318586691	0.0
79.0	26.327017955522102	23.797085167670655	23.813410885102922	26.06248599170432	0.0
80.0	26.288278965004857	23.794594803994542	23.741190338495766	26.175935892504835	0.0
81.0	26.252030338163717	23.860451087873866	23.70964573193172	26.1778728420307	0.0
82.0	26.190878074561493	23.779652621937892	23.74229716679626	26.287172136704363	0.0
83.0	26.164037488274538	23.76055983375439	23.83776110771376	26.23764157025731	0.0
84.0	26.29824041970929	23.6938734286497	23.80289601624824	26.20499013539277	0.0
85.0	26.22179670940857	23.711240363702775	23.803936977370956	26.263025949517697	0.0
86.0	26.25306452237724	23.686613502161077	23.81472852343979	26.245593452021893	0.0
87.0	26.31283308522001	23.77737317166306	23.639850135862797	26.26994360725413	0.0
88.0	26.19910679203307	23.81196146034522	23.824689950580254	26.164241797041456	0.0
89.0	26.306192133793033	23.809471103560103	23.66087981538155	26.223456947265312	0.0
90.0	26.1659020348982	23.802276739514213	23.757727023691594	26.27409420189599	0.0
91.0	26.174479930491373	23.745828652384933	23.756620198453763	26.32307121866993	0.0
92.0	26.195786316319587	23.6722247740693	23.800339795348012	26.331649114263104	0.0
93.0	26.252511109758323	23.764921387737484	23.75800373000105	26.22456377250314	0.0
94.0	26.154003663591535	23.764921387737484	23.90189101091883	26.17918393775215	0.0
95.0	26.297818176787175	23.770113034214642	23.69208207086429	26.239986718133895	0.0
96.0	26.25658905076163	23.77703067280953	23.813555804590543	26.152824471838294	0.0
97.0	26.31303698169593	23.631206851229265	23.80885181034602	26.24690435672879	0.0
98.0	26.293390888086442	23.718369097524867	23.73331119688983	26.254928817498858	0.0
99.0	26.169703510009825	23.787545483473764	23.668008688554075	26.37474231796234	0.0
100.0	26.17800467632369	23.70315029261611	23.707854286860638	26.41099074419956	0.0
101.0	26.231132140732438	23.78090455042267	23.75572434593727	26.232238962907623	0.0
102.0	26.24690435672879	23.75572434593727	23.7039804092475	26.293390888086442	0.0
103.0	26.212592869298135	23.88632936260878	23.69208207086429	26.208995697228794	0.0
104.0	26.31912450365943	23.793079594349674	23.819920032097844	26.067875869893054	0.0
105.0	26.3022454654879	23.79058924445551	23.737738485590558	26.169426804466028	0.0
106.0	26.24247706802806	23.86059574703579	23.721966269594212	26.174960915341938	0.0
107.0	26.195160420039016	23.78145796151026	23.739122013309537	26.28425960514119	0.0
108.0	26.158358582714204	23.7662391566015	23.83126495939346	26.24413730129083	0.0
109.0	26.295604532436805	23.69208207086429	23.807468282627042	26.204845114071862	0.0
110.0	26.22773910059879	23.705851752648066	23.803805244108954	26.262603902644187	0.0
111.0	26.261497083531637	23.67984150350308	23.812659797009374	26.246001615955905	0.0
112.0	26.30909030537139	23.77862510929839	23.63916590111678	26.273118684213436	0.0
113.0	26.19315100333153	23.82206775946607	23.82677174069442	26.158009496507983	0.0
114.0	26.315177810490432	23.80878593011544	23.656598302139482	26.219437957254645	0.0
115.0	26.176272011865098	23.799654672436883	23.761469413053824	26.262603902644187	0.0
116.0	26.174888487974414	23.739333030802776	23.764513165613344	26.32126531560947	0.0
117.0	26.197578279781737	23.675137522274735	23.807679111002887	26.31960508694064	0.0
118.0	26.265094245647436	23.76395975605707	23.75510520315665	26.21584079513885	0.0
119.0	26.162990182514474	23.759809184385	23.897608163897775	26.179592469202756	0.0
120.0	26.299201704506146	23.77149656193362	23.692635481951882	26.236666251608348	0.0
121.0	26.255758934130245	23.770943150846026	23.81576944894091	26.15752846608282	0.0
122.0	26.306396048644835	23.635080728842404	23.81134216024018	26.247181062272585	0.0
123.0	26.29477441580542	23.713111692192754	23.740505541028515	26.25160835097331	0.0
124.0	26.161402343695954	23.78699207238617	23.67326609388619	26.37833949003168	0.0
125.0	26.174960915341938	23.71117475338618	23.716155453174505	26.39770887809737	0.0
126.0	26.23860319041492	23.772603384108802	23.75655446256866	26.232238962907623	0.0
127.0	26.24247706802806	23.763195395619753	23.707024170229253	26.287303366122938	0.0
128.0	26.222554268874777	23.88992653467812	23.689315015426335	26.198204181020767	0.0
129.0	26.322721675728772	23.794463122068652	23.82130355981682	26.061511642385753	0.0
130.0	26.303905698750675	23.77952102270369	23.741335657659903	26.17523762088573	0.0
131.0	26.246350945641193	23.852294580721924	23.724733325032165	26.176621148604713	0.0
132.0	26.19183995351347	23.76900621203946	23.7476998851672	26.291453949279877	0.0
133.0	26.169426804466028	23.75710787365625	23.82656096514894	26.24690435672879	0.0
134.0	26.301968759944106	23.688761604338744	23.80940522143361	26.199864414283542	0.0
135.0	26.22934035800361	23.710752560232212	23.800128945497008	26.259778136267165	0.0
136.0	26.253967287689576	23.683358559795014	23.815624541703905	26.2470496108115	0.0
137.0	26.312075773465455	23.778269086562272	23.6509838320056	26.258671307966676	0.0
138.0	26.193368438237595	23.820328561981004	23.82613941055859	26.16016358922281	0.0
139.0	26.3162263795923	23.804556258698977	23.65845492303393	26.220762438674793	0.0
140.0	26.170955165152616	23.79072090494282	23.773288359210056	26.265035570694508	0.0
141.0	26.17704272080533	23.73482607576793	23.76415702573099	26.323974177695746	0.0
142.0	26.193091731162475	23.671183448489593	23.815624541703905	26.320100278644027	0.0
143.0	26.26621507947049	23.760072165404882	23.75453800858901	26.219174746535618	0.0
144.0	26.158299021561078	23.762009120290433	23.9053437818214	26.174348076327092	0.0
145.0	26.30751734271191	23.762074871814736	23.689023799707243	26.24138398576611	0.0
146.0	26.262967257070596	23.77923080541574	23.812435838191874	26.145366099321787	0.0
147.0	26.320799355822366	23.624827403006716	23.80939204352073	26.24498119765019	0.0
148.0	26.295065455420858	23.71199061404407	23.736064262806767	26.256879667728306	0.0
149.0	26.168886330871548	23.784764977545098	23.673528117745047	26.372820573838307	0.0
150.0	26.185765555866087	23.70534960748884	23.717524786173424	26.39136005047165	0.0
151.0	26.245534614863125	23.766502209518222	23.762074871814736	26.225888303803913	0.0
152.0	26.24498119765019	23.756263991078917	23.702582521424166	26.29617228984673	0.0
153.0	26.217310337003415	23.884933493086436	23.694834680443066	26.202921489467084	0.0
154.0	26.328547196803463	23.78974573246152	23.822397348024715	26.059309722710307	0.0
155.0	26.301153044763154	23.792236109919727	23.741598434936122	26.165012410381	0.0
156.0	26.249961952566608	23.85836946686553	23.717524786173424	26.17414379439444	0.0
157.0	26.19406681406012	23.771206255828176	23.747409315671945	26.287317614439765	0.0
158.0	26.174697211607374	23.756817408291848	23.835125943922232	26.233359436178542	0.0
159.0	26.304196839434297	23.689023799707243	23.809115334914264	26.1976640259442	0.0
160.0	26.220775950568502	23.704927377424326	23.804543027042882	26.26975364496429	0.0
161.0	26.25785510903763	23.68306727653581	23.81782511365869	26.24125250076787	0.0
162.0	26.316517658257442	23.779915824776072	23.640177205172268	26.263389311794217	0.0
163.0	26.193104936785573	23.81312104131559	23.831383910412328	26.162390111486516	0.0
164.0	26.314027267016982	23.80066908511327	23.66701808854171	26.218285559328038	0.0
165.0	26.164880502726977	23.79264449111622	23.778255563949095	26.264219442207704	0.0
166.0	26.18092969072108	23.72789431886416	23.7688474192629	26.32232857115186	0.0
167.0	26.190891255682935	23.673659131849615	23.815334722418225	26.32011489004923	0.0
168.0	26.2706564689475	23.753140668754913	23.762825550377986	26.2133773119196	0.0
169.0	26.159141974830373	23.760611863149855	23.902287845750276	26.177958316269496	0.0
170.0	26.312235913300704	23.74988585643645	23.690116135887568	26.247762094375283	0.0
171.0	26.272666144603985	23.77008580828862	23.803291208593556	26.153956838513835	0.0
172.0	26.3194304167001	23.621214930254826	23.816019945377118	26.24333470766796	0.0
173.0	26.30697839158575	23.7161270327931	23.73134617459953	26.24554840102162	0.0
174.0	26.173603367027592	23.779770716710892	23.67821753411163	26.368408382149884	0.0
175.0	26.186055392141945	23.696757215948555	23.728855769576658	26.388331622332846	0.0
176.0	26.246931959367657	23.77395977165753	23.757080359835854	26.222027909138955	0.0
177.0	26.259660696151215	23.74988585643645	23.705611989363202	26.28484145804913	0.0
178.0	26.23032925921519	23.877726647610455	23.682368209149747	26.209575884024606	0.0
179.0	26.332712576822075	23.779770716710892	23.829302105499092	26.05821460096794	0.0
180.0	26.302827716547633	23.78419810341822	23.742968064706258	26.170006115327887	0.0
181.0	26.24582511269083	23.848948634012846	23.71834072614676	26.186885527149567	0.0
182.0	26.19131291385689	23.76372143989684	23.749609144767245	26.295356501479024	0.0
183.0	26.174710213704422	23.75486666648219	23.839540437259778	26.23088268255361	0.0
184.0	26.296463348155857	23.681814785811333	23.812699405346624	26.20902246068619	0.0
185.0	26.224940160770373	23.705466469277916	23.800655810285427	26.268937559666284	0.0
186.0	26.254271760034314	23.684159552831467	23.82915726994756	26.232411417186658	0.0
187.0	26.31459523776582	23.775474909030535	23.652890961163305	26.257038892040345	0.0
188.0	26.196030250454506	23.815453410924146	23.830119291720973	26.15839704690038	0.0
189.0	26.30948329058091	23.794423091290955	23.668794602955867	26.227299015172267	0.0
190.0	26.168635491984958	23.788335367186615	23.785014790402425	26.258014350426002	0.0
191.0	26.191049385278227	23.721370402038836	23.772009197997694	26.31557101468525	0.0
192.0	26.20322483348691	23.670178176615945	23.8234781381526	26.30311885174455	0.0
193.0	26.277457095262076	23.75270489399029	23.75630219546076	26.21353581528687	0.0
194.0	26.158746146736693	23.755195333469846	23.90683542622488	26.179223093568577	0.0
195.0	26.315993369878328	23.754154202904967	23.68884916473196	26.241003262484746	0.0
196.0	26.273932497834696	23.765776285969658	23.811434469438073	26.148856746757577	0.0
197.0	26.303541138023306	23.622713977768615	23.836615649411563	26.23712923479652	0.0
198.0	26.297730096490962	23.719287953710904	23.738104659625158	26.244877290172973	0.0
199.0	26.166566587618057	23.78127239672257	23.681931258145834	26.370229757513535	0.0
200.0	26.193408065172214	23.689402597258848	23.72177840008191	26.39541093748703	0.0
201.0	26.241148489535917	23.768121556592938	23.75898986936153	26.231740084509614	0.0
202.0	26.255537814870262	23.744600544027183	23.708627230691324	26.291234410411228	0.0
203.0	26.2226083972782	23.87770180336987	23.693407751972305	26.20628204737962	0.0
204.0	26.331635208465347	23.774209348080547	23.833980391777054	26.06017505167705	0.0
205.0	26.308667631489378	23.771995605721415	23.728827629718385	26.190509133070822	0.0
206.0	26.245852692049066	23.856671250958136	23.7125012798198	26.184974777172997	0.0
207.0	26.1979937737807	23.758422691110344	23.746523694223452	26.297059840885506	0.0
208.0	26.180560359737115	23.744309927360774	23.845866482186096	26.229263230716015	0.0
209.0	26.302870978900035	23.673746108612935	23.813766862677273	26.209616049809753	0.0
210.0	26.224427392195874	23.698228699985886	23.81279176916925	26.264552138648984	0.0
211.0	26.25126946396106	23.700995923879205	23.818879661734552	26.228854950425184	0.0
212.0	26.31685267023269	23.776817858556118	23.65367639530347	26.252653075907716	0.0
213.0	26.19468634727192	23.817627867205726	23.83340113069394	26.15428465482842	0.0
214.0	26.326960381436255	23.794106333933822	23.662385747611182	26.21654753701874	0.0
215.0	26.184170838279776	23.775842555157993	23.781377033574913	26.258609572987318	0.0
216.0	26.19634669079699	23.721327942751355	23.770308076741077	26.312017289710575	0.0
217.0	26.207138923709984	23.659341784481878	23.82814337619787	26.305375915610274	0.0
218.0	26.285247806956857	23.749342778869302	23.75847469352741	26.20693472064643	0.0
219.0	26.15075960926474	23.773417826604312	23.900987907131196	26.174834656999753	0.0
220.0	26.31437671742734	23.760754242892997	23.68410129258459	26.240767747095074	0.0
221.0	26.273494055920832	23.771335591419273	23.819209227159018	26.135961125500874	0.0
222.0	26.30476411857165	23.629098315290783	23.830278275884968	26.235859290252595	0.0
223.0	26.297569236899783	23.72761284895176	23.730380111133247	26.24443780301521	0.0
224.0	26.171935533860218	23.793196962653028	23.67890903455757	26.35595846892918	0.0
225.0	26.20652631112882	23.694959155210203	23.71626707400766	26.382247459653318	0.0
226.0	26.237592253858267	23.77278500803892	23.762269382649773	26.227353355453044	0.0
227.0	26.25474932686161	23.756734842971273	23.706370531896937	26.282145298270184	0.0
228.0	26.221818815774544	23.883475801608892	23.70886107475226	26.185844307864304	0.0
229.0	26.321717256971443	23.78634463025124	23.839199484180902	26.052738628596412	0.0
230.0	26.29736528238605	23.785237722315543	23.741238131871476	26.17615886342693	0.0
231.0	26.23454825703509	23.853589287345	23.723527604900283	26.18833485071963	0.0
232.0	26.181693403105434	23.762546109633696	23.743728674726803	26.31203181253407	0.0
233.0	26.179479587234027	23.741514858855403	23.844180569891552	26.234824984019017	0.0
234.0	26.277994393511307	23.680634922391917	23.83006749371138	26.211303190385397	0.0
235.0	26.218089743057572	23.69404895327439	23.815532771574446	26.272328532093592	0.0
236.0	26.25129716491636	23.686300554840674	23.82604845516306	26.236353825079906	0.0
237.0	26.312730895355113	23.770979480580575	23.651156033373457	26.265133590690855	0.0
238.0	26.19664990605015	23.817048231279905	23.830331273539347	26.155970589130597	0.0
239.0	26.331417438974107	23.786607926102008	23.656821534025344	26.22515310089854	0.0
240.0	26.17621094171595	23.778818932284675	23.781032846180032	26.263937279819345	0.0
241.0	26.18532335554719	23.72334890517413	23.776761795115902	26.314565944162773	0.0
242.0	26.19471328818419	23.663169314819786	23.834485125414798	26.307632271581227	0.0
243.0	26.27947334770731	23.753878345202477	23.760797783565504	26.205850523524703	0.0
244.0	26.145010172024858	23.76655548943355	23.909379022101664	26.179055316439932	0.0
245.0	26.323729278021208	23.75972607820722	23.68305233467397	26.2334923090976	0.0
246.0	26.278812909512173	23.770598444857207	23.81821050621033	26.132378139420297	0.0
247.0	26.321224016365985	23.615797938749353	23.82535565293699	26.237622391947667	0.0
248.0	26.29374423825989	23.72715720933838	23.72078988093096	26.258308671470772	0.0
249.0	26.1603071820696	23.784186324639624	23.6933826847425	26.362123808548276	0.0
