# Position (bp)	A	C	G	T	N
0.0	26.057729970773448	24.06068275633493	24.061887974931455	25.81969929796017	0.0
1.0	25.879960227786313	24.087800174756698	24.116424116424117	25.915815481032872	0.0
2.0	25.806723752478174	24.115541521792842	24.183936028538888	25.8937986971901	0.0
3.0	25.942262152244254	24.229770362202256	24.011942852666653	25.81602463288683	0.0
4.0	25.80213662081307	24.142128064689118	24.062290992570635	25.99344432192718	0.0
5.0	25.992559008269446	24.044645950383348	23.956077060958894	26.006717980388316	0.0
6.0	25.962175710033858	24.175794382388027	23.997156249623444	25.864873657954668	0.0
7.0	25.924475558179605	24.025218994373017	23.95382743122914	26.09647801621823	0.0
8.0	25.99216210761589	24.10769420773126	24.050461327140134	25.84968235751272	0.0
9.0	25.9698480353028	24.061629290479992	24.06675000376523	25.90177267045198	0.0
10.0	25.854393204614595	24.16789662339227	24.032350371999158	25.945359799993977	0.0
11.0	25.77969215940239	24.1299436730022	24.11970240067472	25.97066176692069	0.0
12.0	25.83150094882376	24.10885870056327	24.10614777553541	25.953492575077565	0.0
13.0	26.03805524848565	23.94974562563443	24.075953866219265	25.93624525966065	0.0
14.0	25.981728420348745	24.080773273974295	24.03649496522496	25.901003340452	0.0
15.0	25.90702760014579	24.020831890021118	24.085291468744636	25.986849041088462	0.0
16.0	25.971788391853995	24.11511155422888	24.12475036973894	25.788349684178186	0.0
17.0	25.888954821064424	24.14704013060595	24.006373666756026	25.9576313815736	0.0
18.0	25.829013437111247	24.11782247109108	24.113003063336055	25.940161028461617	0.0
19.0	25.997993921521967	24.0494471235666	24.002457897955065	25.950101056956363	0.0
20.0	25.833755030241694	24.023169232993567	24.190944360105064	25.952131376659676	0.0
21.0	25.88044290223861	24.23010193016699	23.92738379238054	25.962071375213863	0.0
22.0	25.893997445721585	24.049675895804718	24.15871466782332	25.897611990650375	0.0
23.0	25.897611990650375	24.050579532036917	24.12588255138678	25.925925925925924	0.0
24.0	25.908756837514158	23.971963179835658	24.110821947516808	26.008458035133376	0.0
25.0	26.066591966071474	24.059013470204103	24.05359165281091	25.820802910913514	0.0
26.0	25.894599869876384	24.08100195185426	24.10449649389142	25.919901684377937	0.0
27.0	25.81899563844912	24.097267404033833	24.18010072531868	25.90363623219837	0.0
28.0	25.94550471095689	24.210824357213426	24.01081953782019	25.83285139400949	0.0
29.0	25.81929685052652	24.13160558085737	24.07196558953228	25.977131979083833	0.0
30.0	26.008759247210776	24.040037109327937	23.941239547940913	26.00996409552037	0.0
31.0	25.973818646232438	24.192751632569458	23.99786741849201	25.835562302706087	0.0
32.0	25.930142895009517	24.026482565844958	23.964131665823274	26.07924287332225	0.0
33.0	26.00544591435938	24.09274922287284	24.045760138798524	25.85604472396925	0.0
34.0	25.986770765560617	24.056603773584907	24.062628015132894	25.893997445721585	0.0
35.0	25.87441866069062	24.15359406250753	24.028591050386755	25.943396226415093	0.0
36.0	25.78917564278657	24.11624376491	24.10329164558182	25.991288946721607	0.0
37.0	25.845201089182872	24.106604978433214	24.10359285765922	25.944601074724694	0.0
38.0	26.051754103249163	23.954721936908307	24.05532646772673	25.9381974921158	0.0
39.0	25.96108954104454	24.098700876223294	24.03333805230833	25.906871530423835	0.0
40.0	25.904461841062915	23.999602401255448	24.09779724271295	25.998138514968687	0.0
41.0	25.963800441575575	24.11105053419801	24.132436527276177	25.792712496950237	0.0
42.0	25.855063209164047	24.1589431102463	24.024000506034763	25.961993174554888	0.0
43.0	25.823134825131856	24.11165295653824	24.128821993234798	25.936390225095106	0.0
44.0	25.97795736657098	24.056230101237077	24.008036314018668	25.957776218173272	0.0
45.0	25.832695771610332	24.030855979324926	24.180256269691622	25.956191979373124	0.0
46.0	25.868238582624986	24.236883799104803	23.94169774152545	25.95317987674476	0.0
47.0	25.87155189551618	24.04139833852419	24.173930854172063	25.913118911787564	0.0
48.0	25.882997885503954	24.06459152876257	24.13597836105472	25.916432224678758	0.0
49.0	25.900166870485613	23.980553865431304	24.10736338608529	26.011915877997794	0.0
50.0	26.07155551003934	24.062784267185553	24.054952800351813	25.810707422423295	0.0
51.0	25.872154316041858	24.068808472442274	24.117905745284553	25.941131466231315	0.0
52.0	25.79896022217269	24.115496063181865	24.18206353126864	25.90348018337681	0.0
53.0	25.961914974367005	24.214594239654932	24.01519304565745	25.808297740320608	0.0
54.0	25.822454622673902	24.14200256631144	24.057663692717338	25.97787911829732	0.0
55.0	26.00619288300391	24.057663692717338	23.936878377320074	25.99926504695868	0.0
56.0	25.97456580540612	24.174533274697733	24.003144635144007	25.847756284752133	0.0
57.0	25.936312102025937	24.02844629722224	23.95555341361591	26.079688187135915	0.0
58.0	26.0052892522154	24.10284523214275	24.05886853376868	25.83299698187317	0.0
59.0	25.979686379874334	24.05585643114032	24.072422995596305	25.892034193389037	0.0
60.0	25.875166418670215	24.161581233395786	24.03657897431881	25.926673373615184	0.0
61.0	25.77576703193431	24.11519485291903	24.120616637650077	25.98842147749658	0.0
62.0	25.835406663975856	24.105857334771112	24.105857334771112	25.952878666481926	0.0
63.0	26.050392325185623	23.945541348514286	24.067832346872695	25.936233979427403	0.0
64.0	25.963945240139157	24.100362957273454	24.04403680778325	25.891654994804135	0.0
65.0	25.905510625160016	23.98831307700417	24.105483516318017	26.00069278151779	0.0
66.0	25.95611379689453	24.10578472567358	24.13048389282971	25.807617584602177	0.0
67.0	25.86635340893688	24.14885766351903	24.024759409027244	25.960029518516848	0.0
68.0	25.832015542402747	24.10578472567358	24.1386165454299	25.923583186493772	0.0
69.0	26.00731938734017	24.047048901338876	24.013915872226992	25.93171583909396	0.0
70.0	25.820491813154373	24.03974746683695	24.184327522018336	25.955433197990335	0.0
71.0	25.8689863733298	24.22950878926252	23.933420884588973	25.96808395281871	0.0
72.0	25.884649212641115	24.044566802009662	24.16535138977578	25.90543259557344	0.0
73.0	25.87832383522693	24.044868010457957	24.137941420980976	25.938866733334137	0.0
74.0	25.899709635055846	23.968059856142844	24.11324232822082	26.01898818058049	0.0
75.0	26.06025373799684	24.079205773563537	24.053301847010207	25.807238641429414	0.0
76.0	25.88705888022747	24.08854323546067	24.112941119772525	25.91145676453933	0.0
77.0	25.817178520223134	24.10842299304811	24.19426740081206	25.880131085916698	0.0
78.0	25.94187881781708	24.219267702020506	24.029506379594935	25.809347100567475	0.0
79.0	25.804226556946467	24.16324293063772	24.060832058217567	25.971698454198243	0.0
80.0	26.014168845407777	24.061434475114158	23.953601850624707	25.97079482885336	0.0
81.0	25.98013229075049	24.169568308051904	24.009024205110904	25.8412751960867	0.0
82.0	25.915071265918865	24.045470427354545	23.980409402522923	26.059048904203664	0.0
83.0	25.994289087820334	24.112941119772525	24.05812118218292	25.83464861022422	0.0
84.0	25.98344558368173	24.06022964132098	24.078603356666946	25.877721418330342	0.0
85.0	25.872600874709335	24.171074350293377	24.05209701321703	25.904227761780263	0.0
86.0	25.807841058326	24.090952903047025	24.12709791684237	25.9741081217846	0.0
87.0	25.858745286087785	24.11324232822082	24.10300124097881	25.925011144712585	0.0
88.0	26.036379846805847	23.953228493028554	24.066482528456582	25.94390913170902	0.0
89.0	25.971319017942935	24.098711735347006	24.020096567137657	25.909872679572405	0.0
90.0	25.8881857366181	23.994192718608904	24.128531281909176	25.989090262863822	0.0
91.0	25.95174052777585	24.122808338629568	24.156242375684116	25.769208757910462	0.0
92.0	25.87673985005889	24.147206149453158	24.03877143468164	25.93728256580632	0.0
93.0	25.825534568083448	24.104434678626614	24.13094094223743	25.939089811052508	0.0
94.0	25.996921658930656	24.04359075533815	24.02100018976075	25.938487395970444	0.0
95.0	25.83660142530979	24.035988168603424	24.193218031433926	25.93419237465286	0.0
96.0	25.847143657491912	24.235085753528633	23.95044548461135	25.9673251043681	0.0
97.0	25.85437261670251	24.04924126048952	24.170025120633255	25.926361002174716	0.0
98.0	25.87816794077073	24.04622919415177	24.14803703636769	25.92756582870981	0.0
99.0	25.885999313248874	23.98267459442527	24.1094825872445	26.021843505081353	0.0
100.0	26.060397954204547	24.089904156049133	24.039602648208724	25.8100952415376	0.0
101.0	25.866722088687283	24.08779570961271	24.12785619190477	25.917626009795242	0.0
102.0	25.806179555298524	24.1130970668498	24.186591485490876	25.8941318923608	0.0
103.0	25.959192525256174	24.188699931927303	24.042915921180246	25.809191621636273	0.0
104.0	25.83328815233827	24.145326176663716	24.05827745950277	25.96310821149525	0.0
105.0	26.01732540557473	24.056771426333892	23.957373237188175	25.968529930903202	0.0
106.0	25.962204591593924	24.184483039054452	24.007072331761034	25.84624003759059	0.0
107.0	25.930879101681338	24.023036283351104	23.989903553635866	26.056181061331696	0.0
108.0	26.023650744884	24.086289676443833	24.055566599798794	25.83449297887337	0.0
109.0	26.000759040717114	24.034180928800776	24.08177157693721	25.8832884535449	0.0
110.0	25.86642088205351	24.16098892162001	24.069120898318662	25.90346929800782	0.0
111.0	25.79473370321508	24.09412104892198	24.12906101843987	25.98208422942307	0.0
112.0	25.839312285013765	24.115807926553774	24.125446538834574	25.91943324959789	0.0
113.0	26.028994063235128	23.962120367832433	24.068747195021672	25.940138373910766	0.0
114.0	25.995259021864527	24.090132801604824	24.03922903382239	25.875379142708262	0.0
115.0	25.892246663393564	23.991036117578666	24.129891957505897	25.986825261521872	0.0
116.0	25.938933551004673	24.116337699812348	24.182301753920946	25.762426995262032	0.0
117.0	25.88200566869177	24.15037394690948	24.02989165630017	25.93772872809858	0.0
118.0	25.821162111934072	24.10609670511056	24.153386004174713	25.919355178780656	0.0
119.0	26.010018102464166	24.040433856728484	24.0289880391206	25.920560001686756	0.0
120.0	25.847746070759463	24.03327730889945	24.172434773703454	25.946541846637633	0.0
121.0	25.851059343730988	24.23659178669751	23.953156344315328	25.959192525256174	0.0
122.0	25.866722088687283	24.04622919415177	24.166109434394183	25.920939282766764	0.0
123.0	25.884794486713776	24.044723160982898	24.161290128253786	25.909192224049544	0.0
124.0	25.873047427996553	23.98538545412924	24.13960325062199	26.001963867252215	0.0
125.0	26.041421936276727	24.085084849908732	24.06279555900939	25.810697654805146	0.0
126.0	25.872143808095228	24.087494502978934	24.12785619190477	25.912505497021066	0.0
127.0	25.81822782064952	24.105868107639203	24.206169916686246	25.869734155025032	0.0
128.0	25.949252706341603	24.189302345194854	24.051349706925944	25.8100952415376	0.0
129.0	25.82666160639522	24.14924186290279	24.05044608702462	25.97365044367737	0.0
130.0	26.027566431123077	24.03327730889945	23.961288923427247	25.97786733655022	0.0
131.0	25.96499365958126	24.166483432079204	24.0243134727121	25.84420943562743	0.0
132.0	25.936680150724257	24.03786781205854	23.988770982870328	26.03668105434688	0.0
133.0	26.015373679200955	24.111435077531056	24.053301847010207	25.819889396257782	0.0
134.0	26.000012048337933	24.040651092181832	24.0924589452885	25.86687791419174	0.0
135.0	25.89557071642645	24.147351616741215	24.081085558517447	25.875992108314883	0.0
136.0	25.799183722646426	24.087712164339827	24.141628638985527	25.97147547402822	0.0
137.0	25.829304658202684	24.10698956309583	24.121146402807273	25.942559375894213	0.0
138.0	26.058001048211715	23.92995054127484	24.066398790339587	25.94564962017386	0.0
139.0	26.004988041952565	24.0790496213787	24.063989108236896	25.85197322843184	0.0
140.0	25.89625113706874	23.982662337271154	24.1266408429068	25.9944456827533	0.0
141.0	25.949565353590724	24.117604535021716	24.1742320644349	25.758598046952656	0.0
142.0	25.892335403651874	24.14652072025398	24.032060820376273	25.92908305571787	0.0
143.0	25.84203328975825	24.094110134520502	24.144412248414127	25.91944432730712	0.0
144.0	26.003481990638385	24.01519304565745	24.061880636397042	25.91944432730712	0.0
145.0	25.82042392460082	24.046290132623277	24.19237755012907	25.940908392646833	0.0
146.0	25.85687047618474	24.21677565490839	23.961047371480724	25.96530649742615	0.0
147.0	25.88307584798475	24.022193239014076	24.167678234179636	25.927052678821543	0.0
148.0	25.883678270324978	24.04418165443247	24.15532857620492	25.916811499037628	0.0
149.0	25.868394419142632	23.963228029591075	24.14847345719174	26.01990409407456	0.0
150.0	26.050326513891903	24.06564013590689	24.043651654256728	25.84038169594448	0.0
151.0	25.894599869876384	24.077086194848068	24.122870430612785	25.905443504662763	0.0
152.0	25.81929685052652	24.096062555724234	24.209619508903828	25.875021084845418	0.0
153.0	25.939179257331503	24.195462541266053	24.056904985662307	25.80845321574014	0.0
154.0	25.827730788693703	24.140039519024555	24.075881346538473	25.95634834574327	0.0
155.0	26.025325911467746	24.040940745560132	23.966842574519866	25.96689076845225	0.0
156.0	25.968776262007104	24.150955899406913	24.02745857568428	25.852809262901705	0.0
157.0	25.930823425936246	24.030169492546484	23.983180266934948	26.05582681458232	0.0
158.0	26.03090454531763	24.091990722612127	24.05735112503389	25.819753607036354	0.0
159.0	26.01253049790656	24.023615169131602	24.094701647639987	25.869152685321843	0.0
160.0	25.892122931783884	24.15320989550859	24.077906195687206	25.876760977020325	0.0
161.0	25.794529336815376	24.073387973697923	24.125498133974318	26.00658455551238	0.0
162.0	25.857784444665334	24.087243854465058	24.117064119594325	25.937907581275283	0.0
163.0	26.05184524741858	23.92797330023977	24.065026446739036	25.955155005602613	0.0
164.0	25.986782654794748	24.07647264358953	24.059303348313797	25.87744135330193	0.0
165.0	25.881055941781028	23.97978240177356	24.15237900165066	25.986782654794748	0.0
166.0	25.941600298805984	24.11231731267395	24.214730652915165	25.731351735604903	0.0
167.0	25.895213079990842	24.142740099039724	24.040025543091918	25.922021277877516	0.0
168.0	25.848524645469112	24.096352880224586	24.134607274961745	25.920515199344557	0.0
169.0	26.007265322842994	24.017133149390943	24.051170524235815	25.924431003530245	0.0
170.0	25.830830725299485	24.044917421465296	24.184681930316547	25.939569922918672	0.0
171.0	25.879929033365762	24.201248844081245	23.987083831595815	25.931738290957174	0.0
172.0	25.86306090298717	24.030157807384022	24.168416233165757	25.938365056463052	0.0
173.0	25.896797163744363	24.044616204851398	24.148837153262026	25.909749478142217	0.0
174.0	25.887236208755795	23.96817938105824	24.142885543366287	26.001698866819684	0.0
175.0	26.039652274493502	24.075412818612833	24.037760628460237	25.847174278433428	0.0
176.0	25.89326055918021	24.06727994553987	24.12842710234769	25.91103239293223	0.0
177.0	25.815546438705244	24.079629863909922	24.20373148265288	25.901092214731946	0.0
178.0	25.937539534799658	24.197104697186024	24.038061845981456	25.827293922032858	0.0
179.0	25.862536372015686	24.1169808365413	24.070894555794524	25.94958823564849	0.0
180.0	26.030916966378097	24.015169314368677	23.968480598579458	25.98543312067376	0.0
181.0	25.957196861303977	24.15289847432866	24.02939891862584	25.860505745741523	0.0
182.0	25.948461526876216	24.025483079054776	23.989939304486647	26.03611608958236	0.0
183.0	26.03739939274182	24.085799315629668	24.062605426767554	25.814195864860956	0.0
184.0	26.020832329268877	24.012603017012868	24.080678586919852	25.885886066798403	0.0
185.0	25.885361599840955	24.169309874300794	24.074425497691145	25.870903028167103	0.0
186.0	25.797706509068234	24.075027938177556	24.122319516360776	26.004946036393427	0.0
187.0	25.855540795763638	24.07924502158243	24.131356123656932	25.933858058996996	0.0
188.0	26.065871041201028	23.915453247465223	24.082028543716223	25.936647167617522	0.0
189.0	26.005928032242714	24.070280918844997	24.039857582640025	25.883933466272268	0.0
190.0	25.892367658487508	23.975396256423544	24.145887427631617	25.98634865745733	0.0
191.0	25.955925321252355	24.1070298992114	24.184142513750746	25.752902265785494	0.0
192.0	25.915561687079418	24.122693399039708	24.026905073166617	25.934839840714258	0.0
193.0	25.869474851046142	24.081426101415136	24.14257399497563	25.90652505256309	0.0
194.0	26.02641107047973	23.987445102445314	24.04949665945744	25.936647167617522	0.0
195.0	25.83912934776388	24.055593543003965	24.174576255870065	25.930700853362087	0.0
196.0	25.89093954172076	24.188432470532952	23.9465511580482	25.974076829698085	0.0
197.0	25.883107768215652	24.017639563709974	24.164635927959733	25.934616740114645	0.0
198.0	25.912928751946644	24.048062991556744	24.141140607444402	25.897867649052202	0.0
199.0	25.891619977107055	23.9553587565516	24.13940598831255	26.013615278028794	0.0
200.0	26.02808636768923	24.09782634889269	24.041798202279683	25.83228908113839	0.0
201.0	25.891184249368926	24.071162199449354	24.127491912017206	25.910161639164514	0.0
202.0	25.831114217204277	24.070381125664227	24.21557759275102	25.882927064380475	0.0
203.0	25.93761861440303	24.191915844775544	24.039486923044482	25.830978617776946	0.0
204.0	25.858692967182595	24.102747937992156	24.07533483151483	25.96322426331042	0.0
205.0	26.05148844130884	24.011772573638833	23.963573705107272	25.973165279945054	0.0
206.0	25.97882243075116	24.146947628443613	24.037595457215584	25.836634483589645	0.0
207.0	25.948095374373032	24.033378018104866	23.98849241614074	26.03003419138136	0.0
208.0	26.035704387434176	24.08871268993939	24.059491245616783	25.816091677009652	0.0
209.0	26.03631937917239	24.000433808112213	24.085086641120192	25.878160171595212	0.0
210.0	25.900988428666537	24.150677379413814	24.06210742270464	25.88622676921501	0.0
211.0	25.82432314371014	24.07068768659302	24.1243119970838	25.980677172613042	0.0
212.0	25.85550872605344	24.054564570987868	24.142231809048102	25.94769489391059	0.0
213.0	26.06529126798583	23.919946494420476	24.074498083921814	25.940264153671883	0.0
214.0	25.99856594542157	24.078860950934846	24.050240113760296	25.87233298988329	0.0
215.0	25.9134621178342	23.955483785444862	24.15010665092009	25.980947445800844	0.0
216.0	25.96438900939986	24.10520607375271	24.18534586647385	25.745059050373587	0.0
217.0	25.934116257629896	24.119812724829625	24.02701872149145	25.91905229604902	0.0
218.0	25.8604690399865	24.083190725252475	24.14856950034949	25.90777073441153	0.0
219.0	26.01984863457784	23.998228446094146	24.040709585673312	25.941213333654705	0.0
220.0	25.830885343697744	24.0511592172459	24.179509196908754	25.9384462421476	0.0
221.0	25.908618429972428	24.18674018167849	23.958060288335517	25.94658110001356	0.0
222.0	25.878489326765187	24.030972718097047	24.13702716138654	25.95351079375122	0.0
223.0	25.87683750975436	24.053413196024138	24.14530751454491	25.924441779676595	0.0
224.0	25.896375929519238	23.965627372759812	24.134055656659395	26.00394104106155	0.0
225.0	26.023079936123416	24.104974539757148	24.03507186115882	25.83687366296062	0.0
226.0	25.896989345803405	24.06022513619052	24.109036783493227	25.933748734512847	0.0
227.0	25.82257656289547	24.050571886562775	24.215689819334465	25.911161731207287	0.0
228.0	25.94883692901049	24.16295046402314	24.03971314933108	25.848499457635288	0.0
229.0	25.843532864486345	24.103435599828853	24.077221147530118	25.975810388154684	0.0
230.0	26.046920856459298	24.013944883360754	23.95910545441397	25.980028805765976	0.0
231.0	25.967228723981243	24.138232351842255	24.03367522809724	25.860863696079257	0.0
232.0	25.94432860465957	24.020115946919933	23.97130253468163	26.064252913738866	0.0
233.0	26.04462658008528	24.07635634972052	24.056167417473972	25.82284965272023	0.0
234.0	26.0244499956307	24.01186038733084	24.08417982227499	25.87950979476347	0.0
235.0	25.892846381004038	24.142108117881033	24.07099379256313	25.894051708551796	0.0
236.0	25.81540408606039	24.087265714457903	24.13668414391611	25.9606460555656	0.0
237.0	25.859097209666725	24.056831193876935	24.14572410052432	25.938347495932017	0.0
238.0	26.066046520037244	23.93530948571222	24.0615686877179	25.93707530653263	0.0
239.0	25.988627357623496	24.08535207278009	24.05853264587207	25.867487923724347	0.0
240.0	25.918436841740473	23.967201159591493	24.135655328907518	25.978706669760516	0.0
241.0	25.948594624404443	24.116046324506605	24.188974574560095	25.746384476528856	0.0
242.0	25.943885238984993	24.1055391477307	24.04225182327768	25.908323790006634	0.0
243.0	25.876109075127786	24.079889574693798	24.152220561288456	25.89178078888996	0.0
244.0	25.993682865375114	24.01264632485021	24.062375676620572	25.93129513315411	0.0
245.0	25.843428147728403	24.03585605734076	24.198317514189004	25.922398280741838	0.0
246.0	25.87484890412156	24.188905267028996	23.991463271267214	25.944782557582226	0.0
247.0	25.864028384444023	24.042371680668975	24.162951306932424	25.93064862795458	0.0
248.0	25.89058811825672	24.052888137248697	24.161112266707665	25.895411477786922	0.0
249.0	25.899107072875154	23.956794626761287	24.144303293761567	25.999795006601996	0.0
