# Position (bp)	A	C	G	T	N
0.0	26.212036679398594	23.726306453228045	23.65191765732515	26.409739210048212	0.0
1.0	26.306739338798046	23.612434373345923	23.728595339255826	26.3522309486002	0.0
2.0	26.228626672539747	23.727325252132328	23.701296843984004	26.342751231343925	0.0
3.0	26.317746424087108	23.664663602483763	23.82912270365042	26.18846726977871	0.0
4.0	26.425768513539794	23.717237355421066	23.557928817398665	26.299065313640472	0.0
5.0	26.252702749081923	23.708114539360032	23.775039754721945	26.264142956836096	0.0
6.0	26.24797652482797	23.6453441480812	23.806078147612155	26.300601179478672	0.0
7.0	26.332723216839216	23.859463478807985	23.61751415660928	26.190299147743524	0.0
8.0	26.262715814941817	23.729133479950697	23.65391820123948	26.35423250386801	0.0
9.0	26.309241909468412	23.61497191621767	23.777125730693115	26.298660443620808	0.0
10.0	26.259029839221675	23.626863878927228	23.64831242814736	26.465793853703733	0.0
11.0	26.29963909241179	23.753267328997868	23.618284459239177	26.328809119351167	0.0
12.0	26.239508114677918	23.772360048616573	23.706870665618073	26.28126117108744	0.0
13.0	26.317008650890113	23.721169657539143	23.597912347179523	26.363909344391224	0.0
14.0	26.19546721956102	23.778365625223422	23.677700722099093	26.348466433116464	0.0
15.0	26.206334453421032	23.807535568742402	23.68170443983699	26.30442553799957	0.0
16.0	26.197680138185063	23.775151854859928	23.84035507155195	26.186812935403058	0.0
17.0	26.3910019560965	23.745696015740286	23.715096260538328	26.148205767624887	0.0
18.0	26.404156991043138	23.66562188997815	23.759423008728078	26.170798110250633	0.0
19.0	26.433040872121623	23.651608917969778	23.72653542136149	26.18881478854711	0.0
20.0	26.330660382754324	23.716526155641223	23.60013269426555	26.35268076733891	0.0
21.0	26.25487594230087	23.704229057756322	23.6636200368341	26.377274963108704	0.0
22.0	26.26145345977419	23.785161120580195	23.684210526315788	26.269174893329826	0.0
23.0	26.254303984259714	23.6444594424553	23.707088847962112	26.39414772532287	0.0
24.0	26.17880552282685	23.773435980736455	23.733684896875964	26.31407359956074	0.0
25.0	26.21255104725517	23.72052986192933	23.657614477401935	26.40930461341356	0.0
26.0	26.305494228943367	23.62043720472666	23.72710737940265	26.346961186927327	0.0
27.0	26.236573284983816	23.72939521156728	23.700225351468216	26.333806151980692	0.0
28.0	26.320651117034053	23.659330351525412	23.829201889749367	26.190816641691168	0.0
29.0	26.419599858154406	23.724533568217435	23.556091925096375	26.29977464853178	0.0
30.0	26.25887964858898	23.697079582241848	23.781729372333245	26.26231139683593	0.0
31.0	26.252302131115663	23.643315526372984	23.79574234434162	26.308639998169735	0.0
32.0	26.328944508630848	23.85551195964264	23.61528958235624	26.20025394937027	0.0
33.0	26.26116748075361	23.72396161017628	23.6567565403402	26.35811436872991	0.0
34.0	26.316647410745947	23.60270650545076	23.771720106612978	26.308925977190313	0.0
35.0	26.266315103124033	23.62358297395303	23.635022134776193	26.475079788146743	0.0
36.0	26.295198984202518	23.757135176563448	23.623296994932453	26.32436884430158	0.0
37.0	26.236498254103076	23.75992701836266	23.7187461571679	26.284828570366365	0.0
38.0	26.321433780317268	23.719604091776127	23.602639006854897	26.356323121051712	0.0
39.0	26.193887501894608	23.787666904028576	23.671845731918314	26.346599862158506	0.0
40.0	26.21619380170843	23.804539617990315	23.681854969014264	26.297411611286986	0.0
41.0	26.206395598236092	23.768724369276878	23.845652285817238	26.179227746669792	0.0
42.0	26.383701576879297	23.75270963572201	23.72382591984626	26.139762867552434	0.0
43.0	26.411727360600324	23.66291273686077	23.764148731118343	26.16121117142056	0.0
44.0	26.43403359662318	23.66205480470604	23.724683852000982	26.179227746669792	0.0
45.0	26.327078054667435	23.72325396507644	23.606003237263998	26.343664742992125	0.0
46.0	26.246432432123267	23.71295877921974	23.663770669015495	26.376838119641498	0.0
47.0	26.261017278753595	23.78616898975629	23.69637209089505	26.256441640595064	0.0
48.0	26.255869685825246	23.650901686694617	23.698373932589412	26.39485469489073	0.0
49.0	26.18866500037177	23.763004821578708	23.737838811706773	26.31049136634275	0.0
50.0	26.22098044486642	23.71267280183483	23.66863228455894	26.397714468739814	0.0
51.0	26.30248399956531	23.620016129124508	23.731833286623694	26.345666584686484	0.0
52.0	26.232133562877845	23.724111897231168	23.709813027985746	26.33394151190524	0.0
53.0	26.325648167742894	23.66119687255132	23.83449916780581	26.178655791899974	0.0
54.0	26.429457958464646	23.72325396507644	23.559388923523926	26.287899152934983	0.0
55.0	26.258729459674328	23.69151047535161	23.781593351597756	26.268166713376306	0.0
56.0	26.2510080702818	23.642322365147365	23.798180039922443	26.308489524648394	0.0
57.0	26.333369557135423	23.860809087217383	23.617156355275426	26.18866500037177	0.0
58.0	26.255869685825246	23.731547309238785	23.65890905347205	26.353673951463918	0.0
59.0	26.31735482358055	23.601713576490372	23.778447600363766	26.30248399956531	0.0
60.0	26.258729459674328	23.608863011113083	23.65547732485315	26.47693020435944	0.0
61.0	26.298766293561503	23.754425500031456	23.63402902098502	26.31277918542202	0.0
62.0	26.234918310793613	23.762364911819127	23.72032635645835	26.28239042092891	0.0
63.0	26.31813749181392	23.722328192427913	23.596212526345592	26.363321789412574	0.0
64.0	26.198027333640283	23.77723569330729	23.673998152591377	26.35073882046105	0.0
65.0	26.219475576171288	23.802401631210337	23.68314940273794	26.294973389880433	0.0
66.0	26.211393273850376	23.784603065660033	23.830645161290324	26.173358499199267	0.0
67.0	26.39813543811485	23.743136582017847	23.719972546328073	26.138755433539234	0.0
68.0	26.421013498055363	23.66506520247083	23.762582932967284	26.151338366506522	0.0
69.0	26.433024479524136	23.65219629375429	23.7322695035461	26.182509723175475	0.0
70.0	26.33665065202471	23.721402425074352	23.609871882864333	26.332075040036607	0.0
71.0	26.251143902997025	23.71682681308625	23.661347517730498	26.370681766186227	0.0
72.0	26.258007320979182	23.786032944406315	23.702528025623426	26.253431708991076	0.0
73.0	26.250571951498515	23.648764584763214	23.701956074124915	26.398707389613364	0.0
74.0	26.18136582017845	23.761725005719512	23.75	26.30690917410204	0.0
75.0	26.22083047357584	23.709963395104094	23.662491420727523	26.406714710592542	0.0
76.0	26.302333562113933	23.618737131091283	23.7368451155342	26.34208419126058	0.0
77.0	26.225120109814686	23.7368451155342	23.713967055593685	26.324067719057425	0.0
78.0	26.315202470830474	23.664779226721574	23.839510409517274	26.180507892930677	0.0
79.0	26.430164722031574	23.73141157629833	23.558968199496682	26.279455502173416	0.0
80.0	26.261153054221005	23.7013841226264	23.786032944406315	26.25142987874628	0.0
81.0	26.266300617707618	23.644760924273623	23.79432624113475	26.294612216884005	0.0
82.0	26.332075040036607	23.858098833218943	23.607298101121025	26.20252802562343	0.0
83.0	26.265156714710592	23.734843285289408	23.65648592999314	26.34351407000686	0.0
84.0	26.318348204072294	23.597860901395563	23.793182338137726	26.290608556394417	0.0
85.0	26.264584763212078	23.604152367879202	23.658201784488675	26.473061084420042	0.0
86.0	26.29832990162434	23.75486158773736	23.62159688858385	26.32521162205445	0.0
87.0	26.23819995939156	23.760227178485536	23.721334587810034	26.28023827431287	0.0
88.0	26.323134514028503	23.719618738221406	23.602940966194904	26.354305781555187	0.0
89.0	26.19587566953881	23.76852045149722	23.683871871791716	26.351732007172252	0.0
90.0	26.226189012271185	23.80426731792691	23.679868222751594	26.28967544705031	0.0
91.0	26.211529332364837	23.786468848839803	23.830508862337783	26.17149295645758	0.0
92.0	26.402846014378778	23.738425197751102	23.719264932138344	26.139463855731783	0.0
93.0	26.417430694173564	23.654062834232246	23.778175599544728	26.15033087204946	0.0
94.0	26.432587322195594	23.654634782459492	23.732705715478637	26.180072179866276	0.0
95.0	26.34479326931326	23.714689346320373	23.61917399237021	26.321343391996155	0.0
96.0	26.256713242317304	23.72069480270646	23.66064023884558	26.361951716130655	0.0
97.0	26.253853501181073	23.776173780749367	23.704394278229934	26.265578439839626	0.0
98.0	26.243558433090637	23.655206730686736	23.70496622645718	26.396268609765443	0.0
99.0	26.18178802454802	23.763590919749944	23.754439748114002	26.300181307588037	0.0
100.0	26.216676866410054	23.714117398093123	23.666645695231665	26.402560040265154	0.0
101.0	26.309046505110356	23.605161260802674	23.735565456614868	26.350226777472102	0.0
102.0	26.238124924931792	23.73156181902414	23.716691165115733	26.31362209092833	0.0
103.0	26.3181976767463	23.664929850549928	23.837944189291985	26.178928283411786	0.0
104.0	26.427153814036753	23.727558181433416	23.578851642349335	26.266436362180496	0.0
105.0	26.25871506111267	23.697244925389356	23.798193787498356	26.245846225999625	0.0
106.0	26.270439999771224	23.655492704800363	23.790472486430527	26.28359480899789	0.0
107.0	26.33449820122283	23.853100817314015	23.615170354779487	26.19723062668367	0.0
108.0	26.26071687990803	23.730989870796897	23.66264205764094	26.345651191654127	0.0
109.0	26.324489107246013	23.60230151966644	23.787326771180673	26.285882601906874	0.0
110.0	26.254997397635567	23.595438140939482	23.67207920339051	26.477485258034445	0.0
111.0	26.287598446588618	23.75701351513661	23.633186723937747	26.322201314337022	0.0
112.0	26.24376935681746	23.74436275140627	23.73063603320722	26.281231858569047	0.0
113.0	26.323555906349466	23.713191662162586	23.60709556941573	26.356156862072222	0.0
114.0	26.19343805675426	23.77153021450857	23.68659614565192	26.34843558308525	0.0
115.0	26.21717384030679	23.797267811131796	23.686882118947732	26.298676229613676	0.0
116.0	26.21481108658103	23.780899326248843	23.832088399812402	26.17220118735773	0.0
117.0	26.420711270747304	23.72570663799316	23.722560940735065	26.131021150524475	0.0
118.0	26.411846123929035	23.650209903798856	23.786332803331007	26.151611168941102	0.0
119.0	26.430720307477607	23.652783656100937	23.731140115075323	26.185355921346133	0.0
120.0	26.34750231637707	23.708834261790646	23.619896821129934	26.32376660070235	0.0
121.0	26.25885084819437	23.710550096658697	23.66965603230345	26.36094302284348	0.0
122.0	26.251701536244155	23.77660973907871	23.706832454444584	26.26485627023255	0.0
123.0	26.243980279337915	23.65221171114492	23.704830647098525	26.39897736241864	0.0
124.0	26.19193328834033	23.763169032612304	23.74286498667368	26.302032692373682	0.0
125.0	26.223104288443277	23.71684149117489	23.66565241761133	26.3944018027705	0.0
126.0	26.31690326123014	23.60273847244941	23.740291234371604	26.340067031948845	0.0
127.0	26.228251793047434	23.726564555427185	23.72170302330104	26.32348062822434	0.0
128.0	26.320048958488236	23.662792692831243	23.838379794328592	26.17877855435193	0.0
129.0	26.429290445087567	23.71912927099896	23.57871678429668	26.272863499616793	0.0
130.0	26.255133205980258	23.691103968154103	23.799487537319408	26.254275288546232	0.0
131.0	26.263998352798527	23.650495876276867	23.795769895105295	26.28973587581931	0.0
132.0	26.33034396769655	23.849246748492924	23.621326683519978	26.199082600290545	0.0
133.0	26.25913682067238	23.72999622516329	23.664222555221283	26.34664439894305	0.0
134.0	26.328914105306506	23.59444527058716	23.787190720765032	26.2894499033413	0.0
135.0	26.257706958282334	23.60130861005937	23.67651937177566	26.464465059882635	0.0
136.0	26.285160316171176	23.74715457384381	23.642488646892623	26.325196463092393	0.0
137.0	26.236048077830493	23.745792617885343	23.738357312194186	26.27980199208998	0.0
138.0	26.341000277394095	23.70146675703423	23.602234023386895	26.35529894218478	0.0
139.0	26.19715570959984	23.7595193360844	23.698035077484462	26.345289876831302	0.0
140.0	26.21545800053191	23.796981837835983	23.69231561156819	26.295244550063916	0.0
141.0	26.22525608981875	23.774171961954004	23.829936914110537	26.170635034116714	0.0
142.0	26.4154288753782	23.72069480270646	23.72956000022878	26.134316321686562	0.0
143.0	26.405991729628635	23.65120309309601	23.778175599544728	26.164629577730626	0.0
144.0	26.425723943468636	23.642337895573693	23.738711171864722	26.19322698909295	0.0
145.0	26.34822495867674	23.710685708729645	23.624893474642676	26.316195857950937	0.0
146.0	26.25556934586281	23.709541812275152	23.668075565799786	26.366813276062253	0.0
147.0	26.249277915363102	23.769596376136032	23.711543631070516	26.269582077430353	0.0
148.0	26.24756207068136	23.642623869687316	23.719550906251964	26.390263153379358	0.0
149.0	26.19236906675208	23.77102624670415	23.736137404842115	26.30046728170166	0.0
150.0	26.218678685205415	23.710399734616022	23.683804142049063	26.387117438129497	0.0
151.0	26.316195857950937	23.600013726757453	23.73785324952385	26.34593716576775	0.0
152.0	26.235265183795565	23.72183869916095	23.715261294547616	26.327634822495867	0.0
153.0	26.318769624973548	23.66264205764094	23.847095360927927	26.17149295645758	0.0
154.0	26.425151995241393	23.715261294547616	23.583427228167306	26.27615948204369	0.0
155.0	26.254139475294696	23.686949857298917	23.797049891043862	26.26186077636252	0.0
156.0	26.26186077636252	23.638906206210216	23.808774829702415	26.290458187724848	0.0
157.0	26.342219502290654	23.847667309155177	23.621461785279195	26.188651403274974	0.0
158.0	26.254711423521943	23.732991689592257	23.66349997998181	26.34879690690399	0.0
159.0	26.337929890586302	23.59000463278064	23.789328589976037	26.28273688665702	0.0
160.0	26.256713242317304	23.59429424448499	23.685519986730803	26.4634725264669	0.0
161.0	26.289314291270355	23.738139223637475	23.64462568848268	26.32792079660949	0.0
162.0	26.234482285282873	23.74135283301066	23.75279183026816	26.271373051438314	0.0
163.0	26.327996087862935	23.702460242335157	23.610376314412278	26.35916735538963	0.0
164.0	26.18386472241843	23.76051315341697	23.708465715895343	26.34715640826925	0.0
165.0	26.225617062408308	23.79826184436672	23.68129809740878	26.294822995816187	0.0
166.0	26.234843285289404	23.760867078471744	23.844657973003887	26.159631663234954	0.0
167.0	26.4181537405628	23.716540837336993	23.73284145504461	26.132463967055592	0.0
168.0	26.419011667810572	23.65219629375429	23.77001830244795	26.15877373598719	0.0
169.0	26.440173873255546	23.632463967055596	23.742564630519333	26.18479752916953	0.0
170.0	26.36238846945779	23.70710363761153	23.625314573324182	26.305193319606495	0.0
171.0	26.25428963623885	23.710821322351862	23.66992679020819	26.364962251201096	0.0
172.0	26.26229695721803	23.765156714710592	23.707675589110046	26.26487073896134	0.0
173.0	26.25	23.636467627545183	23.722546328071378	26.390986044383435	0.0
174.0	26.19166094715168	23.762582932967284	23.740562800274535	26.305193319606495	0.0
175.0	26.22883779455502	23.699382292381607	23.684225577671015	26.38755433539236	0.0
176.0	26.318634179821547	23.60529627087623	23.73055364905056	26.34551590025166	0.0
177.0	26.22855181880577	23.721974376572867	23.729123770304277	26.32035003431709	0.0
178.0	26.32035003431709	23.66363532372455	23.851235415236786	26.164779226721574	0.0
179.0	26.43931594600778	23.702814001372683	23.58413406543125	26.273735987188285	0.0
180.0	26.258007320979182	23.688801189659117	23.793754289636237	26.25943719972546	0.0
181.0	26.270590253946462	23.620452985586823	23.82349576755891	26.2854609929078	0.0
182.0	26.330645161290324	23.84951956074125	23.623598718828642	26.196236559139784	0.0
183.0	26.25428963623885	23.736559139784948	23.660775566231983	26.34837565774422	0.0
184.0	26.344657973003887	23.592141386410432	23.78231525966598	26.2808853809197	0.0
185.0	26.253431708991076	23.58527796842828	23.698810340883092	26.462479981697552	0.0
186.0	26.300045756119882	23.734843285289408	23.637897506291466	26.327213452299247	0.0
187.0	26.244069560940176	23.73862885675148	23.751497802270084	26.265803780038265	0.0
188.0	26.329576554497123	23.699164090494428	23.615944909474116	26.355314445534333	0.0
189.0	26.186588270957078	23.763794794654526	23.701451903031064	26.34816503135733	0.0
190.0	26.22490913094581	23.785243037185534	23.68915491064662	26.300692921222037	0.0
191.0	26.23642322365147	23.75900113818999	23.846224240587055	26.15835139757148	0.0
192.0	26.40114619735871	23.72353994246135	23.73640892478223	26.13890493539771	0.0
193.0	26.425740252460834	23.64861386761535	23.779591509903398	26.146054370020416	0.0
194.0	26.444614759864788	23.636316840064286	23.742414449865304	26.17665395020562	0.0
195.0	26.37111857194333	23.720394191227356	23.61429658142634	26.29419065540297	0.0
196.0	26.257871527519605	23.708669118446114	23.67177803579293	26.361681318241352	0.0
197.0	26.264734984757403	23.765864595427793	23.70180566120831	26.26759475860649	0.0
198.0	26.252437957206343	23.633171088830295	23.718964304302816	26.395426649660546	0.0
199.0	26.18523327175287	23.7695823014316	23.745846178484207	26.29933824833132	0.0
200.0	26.224984128255137	23.69265438489124	23.69151047535161	26.390851011502008	0.0
201.0	26.319928620044724	23.59999771218092	23.732691218778417	26.347382448995933	0.0
202.0	26.23642322365147	23.719536259072633	23.718392349532998	26.325648167742894	0.0
203.0	26.32135850696927	23.666916420249485	23.848512059666323	26.163213013114923	0.0
204.0	26.439753144321347	23.69637209089505	23.592562300173302	26.271312464610297	0.0
205.0	26.263305097832863	23.677211606106187	23.806473384084786	26.25300991197616	0.0
206.0	26.26845269076121	23.633171088830295	23.8239180045642	26.274458215844295	0.0
207.0	26.339661059603408	23.837930896424712	23.629453382826487	26.192954661145396	0.0
208.0	26.26387705260268	23.73469306047278	23.655191347468243	26.3462385394563	0.0
209.0	26.343378765607216	23.58741470724495	23.784739102831747	26.284467424316084	0.0
210.0	26.25501175367052	23.585126888165682	23.68950863365725	26.470352724506547	0.0
211.0	26.289043062474622	23.740126630786037	23.632027179290663	26.338803127448678	0.0
212.0	26.246221512996282	23.736762783940605	23.744484195414625	26.272531507648488	0.0
213.0	26.340022363495454	23.69186420611021	23.61322020035633	26.354893230038005	0.0
214.0	26.187310003231556	23.754779410713315	23.70444724703083	26.3534633390243	0.0
215.0	26.229062820831793	23.779373536149077	23.69186420611021	26.29969943690892	0.0
216.0	26.25201615209508	23.746839931822603	23.8383532184079	26.16279069767442	0.0
217.0	26.412164403619347	23.71481028151775	23.733112938834807	26.139912376028096	0.0
218.0	26.41273636166051	23.64159965224951	23.782587309394984	26.163076676694995	0.0
219.0	26.44390807490363	23.637309966940826	23.746267973781443	26.172513984374106	0.0
220.0	26.387570207849553	23.713380386414855	23.61671947745913	26.28232992827646	0.0
221.0	26.264599229000563	23.703657099715166	23.676489092760157	26.355254578524118	0.0
222.0	26.263169333897668	23.762854756975027	23.710234617188483	26.263741291938825	0.0
223.0	26.257735732506664	23.625870806117664	23.720815840949907	26.395577620425765	0.0
224.0	26.196822201123325	23.761138882851554	23.744266120637388	26.29777279538773	0.0
225.0	26.23971905421018	23.679062903945365	23.699939372447638	26.381278669396814	0.0
226.0	26.338095837289377	23.598416820142074	23.733398917855386	26.33008842471316	0.0
227.0	26.249728319930448	23.712808428373695	23.712522449353116	26.324940802342738	0.0
228.0	26.327951177382364	23.658321751116755	23.843637216378685	26.170089855122196	0.0
229.0	26.447491091702556	23.703220714150895	23.584538741799506	26.26474945234704	0.0
230.0	26.279620446473	23.678054416399274	23.7918747175941	26.25045041953362	0.0
231.0	26.270469065472412	23.627435840239766	23.83362789340929	26.268467200878533	0.0
232.0	26.345395997414734	23.829338183565262	23.623718091708277	26.201547727311723	0.0
233.0	26.270469065472412	23.72752906993371	23.656605867179145	26.345395997414734	0.0
234.0	26.35368943644652	23.585968645080847	23.78157941396844	26.278762504504193	0.0
235.0	26.26560739431585	23.5836807998307	23.68291608755584	26.467795718297616	0.0
236.0	26.309648415381183	23.732104760434	23.633441434021403	26.32480539016341	0.0
237.0	26.24337595410569	23.731028703960558	23.751905351571327	26.273689990362424	0.0
238.0	26.33917974793593	23.694423075273182	23.617208077260756	26.349189099530136	0.0
239.0	26.18846751107463	23.76706236969969	23.704146445393267	26.340323673832412	0.0
240.0	26.226442073955443	23.786713186718906	23.694340378070752	26.2925043612549	0.0
241.0	26.25198404186865	23.742439191797864	23.84453691390331	26.161039852430186	0.0
242.0	26.407939140879712	23.719613338671852	23.7347709203226	26.137676600125836	0.0
243.0	26.422632853902893	23.641860026140353	23.775707777183534	26.159799342773223	0.0
244.0	26.443527328991813	23.635552428592266	23.75881960949186	26.162100632924062	0.0
245.0	26.37455668687793	23.725260267703923	23.616005033748998	26.284178011669145	0.0
246.0	26.251662447981467	23.70872481301929	23.6746893188611	26.36492342013814	0.0
247.0	26.264666006898956	23.77594975087095	23.70701737324737	26.25236686898272	0.0
248.0	26.264366007387213	23.627629655273044	23.720041313447187	26.387963023892564	0.0
249.0	26.19312606037371	23.77125396611954	23.74178523301757	26.29383474048918	0.0
