# Position (bp)	A	C	G	T	N
0.0	25.68179381045317	21.67325262187145	23.77265318377764	28.87230038389774	0.0
1.0	26.195578100897492	22.12296677731423	24.432531348504437	27.24887015630956	5.361697427618425E-5
2.0	26.149075274870732	22.692322385418866	24.132420504468637	27.02616843099999	1.3404241772308848E-5
3.0	26.491871003025334	23.14785002808187	23.202083553944664	27.158195414948132	0.0
4.0	26.7685638161192	22.864542373644714	23.27740598174371	27.089487828492377	0.0
5.0	26.652281257535687	22.698223954226197	23.66149143128521	26.981140396204623	0.006862960748287913
6.0	26.404214926847196	23.019450982347596	23.710639041663367	26.86566824072298	2.680841886224266E-5
7.0	26.125185899579712	23.441583465644015	23.671090277996527	26.76212695257391	1.3404205837665684E-5
8.0	26.077131821651676	23.42242885550199	23.816391869276824	26.684047453569505	0.0
9.0	25.973141992763072	23.59571842857133	23.834581376598535	26.59655820206706	0.0
10.0	25.9826187662903	23.6719347429643	23.866845300049796	26.478601190695606	0.0
11.0	26.17830676731438	23.51534681036869	23.81245103276055	26.49386858114471	2.680841167533137E-5
12.0	26.13212927820362	23.557623675580686	23.71694606616718	26.59330098004851	0.0
13.0	26.13416671749095	23.57742168760292	23.772801391892735	26.515610203013402	0.0
14.0	26.20000817656556	23.529112929763972	23.83610945606403	26.434769437606437	0.0
15.0	26.098055786964274	23.637231254050583	23.892500950023088	26.372212008962055	0.0
16.0	26.122518462618018	23.661399037175894	23.97259107990314	26.24349142030295	0.0
17.0	26.16531809185768	23.635783599820115	23.991303351252522	26.20759495706968	0.0
18.0	26.07615331462553	23.758619742116487	23.892862863580707	26.27236407967728	0.0
19.0	26.135440117045526	23.71127608709785	23.89381456219518	26.25946923366145	0.0
20.0	26.283690633610107	23.574754250641224	23.868132103810215	26.27342301193846	0.0
21.0	26.18685865063881	23.65032716315398	23.729840912183015	26.432973274024192	0.0
22.0	26.225663826538852	23.62755341743579	23.764396954832517	26.382385801192843	0.0
23.0	26.32997535636757	23.519971261382683	23.78426198788394	26.36579139436581	0.0
24.0	26.231320401402346	23.63459062550056	23.746622977891775	26.387465995205318	0.0
25.0	26.240435261371957	23.660608189031475	23.82600268486243	26.272953864734138	0.0
26.0	26.341020421977806	23.582153372263615	23.877381005838203	26.199418391508704	2.680841167533137E-5
27.0	26.22380064192742	23.694909551770056	23.822825888078903	26.258463918223622	0.0
28.0	26.23377337107064	23.70276441639093	23.837758173382063	26.225650422333015	5.361682335066274E-5
29.0	26.32968046383914	23.617486858851702	23.789610266013167	26.263222411295995	0.0
30.0	26.24097142960547	23.67716238324099	23.71791116898749	26.363955018166052	0.0
31.0	26.230650191110467	23.680955773493046	23.73813811559653	26.35024251559412	1.3404205837665684E-5
32.0	26.35005485671239	23.575839991314073	23.729452190213724	26.344652961759813	0.0
33.0	26.263597729059445	23.645622286904963	23.652351198235472	26.43840197738844	2.680841167533137E-5
34.0	26.25949604207312	23.651627371120238	23.694279554095687	26.394597032710955	0.0
35.0	26.362978563918173	23.5686848436462	23.725934071944035	26.342335497548834	6.702294275758124E-5
36.0	26.27761786138799	23.668057633172786	23.679331392352154	26.374993113087065	0.0
37.0	26.298825346938372	23.65796738984427	23.736298149688835	26.306909113528526	0.0
38.0	26.390491181776905	23.592220813470675	23.727199977369406	26.290088027383018	0.0
39.0	26.29054368235345	23.660383156804034	23.691972328100473	26.35710083274204	0.0
40.0	26.285671758473622	23.69641986723264	23.727355561351434	26.290552812942302	0.0
41.0	26.386919457797386	23.5948611159355	23.743781623311317	26.274384157239883	5.3645715913478584E-5
42.0	26.292142337166062	23.671392218084954	23.677830847284703	26.35858094222095	5.365524333122334E-5
43.0	26.299745927998757	23.67525205614244	23.700247363652476	26.32471440211372	4.025009260875475E-5
44.0	26.397346233200913	23.580510413683463	23.690972195195403	26.331157737706214	1.3420214009468767E-5
45.0	26.296327172016287	23.64651918543407	23.65301651085839	26.404137131691257	0.0
46.0	26.31334329310258	23.65843586859819	23.692531851677774	26.33568898662146	0.0
47.0	26.40691436839284	23.568070954628322	23.70802955009854	26.316958258269153	2.686861114805545E-5
48.0	26.305742465883043	23.657189076551877	23.651046841197545	26.38602161636754	0.0
49.0	26.316056998712718	23.67346104511087	23.708114029160413	26.302341032965515	2.6894050484704752E-5
50.0	26.399692693119636	23.613936985943802	23.704057015921027	26.28231330501553	0.0
51.0	26.29383870431818	23.694354023748637	23.66488296529739	26.34688391688004	4.038975575776163E-5
52.0	26.30918508712497	23.68871993111754	23.71136729018084	26.290619911164693	1.0778041196098512E-4
53.0	26.40121953570865	23.58999610737707	23.710738879698535	26.298005027375776	4.0449839973691424E-5
54.0	26.294433670382805	23.681471446382577	23.642228701803315	26.381839191923333	2.698950796372664E-5
55.0	26.314482106915598	23.6902522101021	23.68229639634054	26.312969286641756	0.0
56.0	26.40615581650239	23.59794110226315	23.694347144501705	26.301515373180624	4.0563552134034955E-5
57.0	26.294185279365777	23.68169353971968	23.629918277655637	26.394189367242678	1.3536016225893371E-5
58.0	26.315943542527894	23.690514153195515	23.677205743540984	26.316295903679638	4.0657055971078196E-5
59.0	26.41090888464479	23.604018137145676	23.684325514378386	26.300747463831147	0.0
60.0	26.323082548979666	23.701221622654394	23.613816293076376	26.36187953528956	0.0
61.0	26.33874550065417	23.69766845862453	23.66300340376269	26.30058263695861	0.0
62.0	26.435341422400775	23.603572531342806	23.685858264324512	26.275227781931903	0.0
63.0	26.33399571814718	23.696492374016582	23.60291817132628	26.36659373650996	0.0
64.0	26.338858509677337	23.702653513074644	23.670951681592662	26.287536295655357	0.0
65.0	26.44200085635114	23.62181416741514	23.662739690230126	26.273445286003593	0.0
66.0	26.339139538120715	23.686864238575755	23.613888778583718	26.360107444719816	0.0
67.0	26.348917903103867	23.698536989956313	23.647769688891202	26.304775418048614	0.0
68.0	26.442623202067004	23.61368981352294	23.65277823993832	26.290894937185822	1.380728591147348E-5
69.0	26.354052744514433	23.69089776424171	23.592109088392053	26.3629404028518	0.0
70.0	26.36656551209398	23.70637795824368	23.65634212514567	26.270714404516664	0.0
71.0	26.479678155944637	23.60548563133515	23.65542387697088	26.25941233574934	0.0
72.0	26.36833360041567	23.696946724967457	23.58607146285071	26.34864821176616	0.0
73.0	26.360605043920742	23.718518607833122	23.655399146471222	26.265477201774917	0.0
74.0	26.491465608485715	23.616847639083623	23.64147548073195	26.25021127169871	0.0
75.0	26.362078244061532	23.70325912607435	23.580171404456053	26.35449122540806	0.0
76.0	26.356108618085877	23.739193553787768	23.620409902912954	26.284060913936052	2.270112773527307E-4
77.0	26.474596866775162	23.6192607771678	23.62091402850747	26.28502879721547	1.9953033409786708E-4
78.0	26.353456335958388	23.71862480046478	23.546910306206282	26.380793753149568	2.1480422098886412E-4
79.0	26.371414989016362	23.731844035335904	23.60940699858565	26.28714687450211	1.8710255998040316E-4
80.0	26.51133454789646	23.608190096926304	23.608262444026856	26.272068216949272	1.4469420110497174E-4
81.0	26.39446473325026	23.721954386056307	23.5303404915461	26.35313852878421	1.0186036312055334E-4
82.0	26.422832067344515	23.718845080913198	23.583243156516502	26.274977221570296	1.0247365548708364E-4
83.0	26.533079589883247	23.62090351389104	23.59208554986841	26.253769282142454	1.620642148511816E-4
84.0	26.42878161705117	23.722265926735414	23.50410426908058	26.344744364194256	1.0382293858072262E-4
85.0	26.421159430075296	23.751314166347242	23.57403054930734	26.253316598843384	1.7925542673397508E-4
86.0	26.56822719708778	23.628226832879903	23.560276478928543	26.243164141717802	1.0534938597110387E-4
87.0	26.405819572678602	23.75812818185831	23.499703988487784	26.33621174128943	1.3651568587983373E-4
88.0	26.42936374354447	23.77836655855697	23.568372499389703	26.223836015885453	6.11826234007627E-5
89.0	26.59422641336495	23.620096190953653	23.56615099316411	26.219449249774446	7.715274283401467E-5
90.0	26.45376993765324	23.744533892939764	23.475762700750995	26.325902319418915	3.1149237085098E-5
91.0	26.485352371077457	23.7539039791016	23.53500117024998	26.225648104572528	9.437499842708336E-5
92.0	26.667920227141344	23.617063448226972	23.51732432761925	26.19756483956784	1.2715744459948822E-4
93.0	26.49992776311702	23.746762397544558	23.42834157455192	26.324920053296196	4.821149030876728E-5
94.0	26.50932830937835	23.759922449278847	23.513244048562516	26.217423909532396	8.128324789651147E-5
95.0	26.68332607878196	23.601197700375785	23.52579424995207	26.189566775745497	1.1519514468921585E-4
96.0	26.526770168673846	23.76539804314469	23.40682569213481	26.300956092929795	5.000311686095099E-5
97.0	26.52477506088019	23.79427158645257	23.507236025935907	26.173683541943138	3.378478819640584E-5
98.0	26.724345426366042	23.627060101523433	23.488605038688444	26.159938039560597	5.1393861482921906E-5
99.0	26.542659469179842	23.78315539829766	23.389774995380023	26.284340598446544	6.953869593735815E-5
100.0	26.558022476829763	23.790976605982816	23.487907515022364	26.16302278138189	7.062078316683012E-5
101.0	26.766868561006675	23.616990275408668	23.47736772463512	26.138719606838972	5.383211056684854E-5
102.0	26.62527436259527	23.755383202218557	23.33628201627118	26.283005655921926	5.476299306773526E-5
103.0	26.634784862863953	23.75694878687166	23.45414288461878	26.154104882896156	1.8582749447860056E-5
104.0	26.84560670018628	23.61106666194506	23.441997815057846	26.101234138196737	9.468461407214097E-5
105.0	26.668169160748906	23.74191709361253	23.31826397430542	26.271611146806613	3.862452653572566E-5
106.0	26.65390865801992	23.80115720973362	23.424508150380493	26.12032741875837	9.856310759227675E-5
107.0	26.87867814857978	23.623336637935026	23.394303973135642	26.103600673059148	8.056729040520111E-5
108.0	26.691757199659232	23.797928383226033	23.266306237425212	26.24396698463754	4.119505197991659E-5
109.0	26.69429394902625	23.838073561171598	23.384692860355834	26.082918540991002	2.1088455314933938E-5
110.0	26.977763261339337	23.59967947588644	23.355719727731756	26.06677268662456	6.484841790395648E-5
111.0	26.75055006751207	23.78030750542969	23.24801916912355	26.221056710801466	6.65471332271389E-5
112.0	26.76928821772432	23.824984532221084	23.367790271052023	26.037936979002573	0.0
113.0	27.04661790303889	23.567306474239576	23.338205004293012	26.047776782069747	9.383635877393413E-5
114.0	26.830044172938237	23.754472528125984	23.195046945531	26.22031549059905	1.2086280572851023E-4
115.0	26.85374601090104	23.841589612276547	23.31058291238651	25.994081464435897	0.0
116.0	27.213316415739552	23.55434519112239	23.264657186624785	25.967655417498364	2.578901491120842E-5
117.0	26.95355637202131	23.732992547627813	23.1401258606237	26.173271793874513	5.342585266325204E-5
118.0	26.976633194450102	23.849169098023957	23.21899787337652	25.95514440280627	5.543134315410441E-5
119.0	27.284266811746132	23.54776931672988	23.238572542519602	25.929362512902408	2.8816101976726966E-5
120.0	26.996158663130675	23.78054823896179	23.07616298801347	26.14707004207751	6.0067816564901775E-5
121.0	27.031194208089822	23.841489319643834	23.183988031625326	25.94326568699864	6.275364237828774E-5
122.0	27.372943839844265	23.532389545645348	23.1343472471179	25.960319367392483	0.0
123.0	27.134267360133492	23.73933155648294	22.928486665849064	26.197914417534506	0.0
124.0	27.22199798036613	23.75182692349726	23.107795407882982	25.918197542341638	1.8214591199000967E-4
125.0	27.68604693292466	23.39608067449216	22.96434741249124	25.953486435920702	3.854417123479336E-5
126.0	27.384085519737546	23.627338494327315	22.810342687651996	26.178233298283143	0.0
127.0	27.418200514048905	23.737753740057734	22.944864560485563	25.899181185407794	0.0
128.0	27.774749502758283	23.383448418208427	22.911303336210455	25.93040492363118	9.381919165384471E-5
129.0	27.48419583481569	23.697125603203705	22.614577030165	26.204050853075238	5.067874036977236E-5
130.0	27.479994576295102	23.80322975012374	22.78556853545637	25.931096900220364	1.1023790442153211E-4
131.0	27.936974017237958	23.393499228115004	22.69505219297609	25.974414069116374	6.049255457638274E-5
132.0	27.645055087352755	23.595408369681394	22.409525707319464	26.349876648074975	1.3418757141294818E-4
133.0	27.663191125610957	23.76383608069929	22.506565636768773	26.06618101558566	2.261413353193568E-4
134.0	28.08890379793653	23.365631491349166	22.287879374336082	26.25741330890543	1.7202747278740414E-4
135.0	27.725582953658616	23.689294677732907	22.165078753663835	26.419742683863873	3.009310807638834E-4
136.0	27.658254407027677	24.00626200126731	22.40432953420955	25.930673105017178	4.8095247828800153E-4
137.0	28.061826151879377	24.010437557178975	22.508649141545472	25.41848625376123	6.008956349438839E-4
138.0	27.61665146396961	25.055581728697014	22.30566442468651	25.021901907520828	2.0047512604873548E-4
139.0	28.34123080163064	24.691848308437507	22.84850399386254	24.117514328263912	9.025678054063811E-4
140.0	31.42964864719295	21.81726781450295	24.760468470409403	21.992615067894697	0.0
