# Position (bp)	A	C	G	T	N
0.0	26.342396955684862	23.8395760968163	23.7602048717892	26.05782207570964	0.0
1.0	26.256111860881877	23.83100289829421	23.648476736210977	26.264408504612934	0.0
2.0	26.245634024054006	23.794326927597393	23.709427189486814	26.250611858861788	0.0
3.0	26.130059897460857	23.817951540022896	23.73803295189952	26.31395561061673	0.0
4.0	26.272055834685972	23.700983577545564	23.77896189293743	26.247998694831033	0.0
5.0	26.20556550976619	23.679961067976198	23.787798349813084	26.326675072444534	0.0
6.0	26.100648928728436	23.770643647714927	23.834789989852712	26.29391743370393	0.0
7.0	26.36117569969947	23.73960093007567	23.69094060952581	26.20828276069905	0.0
8.0	26.21425253798686	23.74289474266251	23.78298277044213	26.2598699489085	0.0
9.0	26.24239743447971	23.677706513325226	23.80625898485016	26.273637067344907	0.0
10.0	26.2865878606261	23.763725631130228	23.70760673647894	26.242079771764732	0.0
11.0	26.21609368261586	23.768701690754483	23.69654882620282	26.31865580042684	0.0
12.0	26.148640429931554	23.77699512346157	23.70981831853416	26.364546128072718	0.0
13.0	26.271106786239535	23.775889332433955	23.7515619298265	26.201441951500005	0.0
14.0	26.20199484701381	23.80685148120708	23.70677739320823	26.284376278570875	0.0
15.0	26.167991772914757	23.796622914201674	23.7897117202791	26.24567359260447	0.0
16.0	26.228533831676486	23.77616578019086	23.831178883814534	26.164121504318118	0.0
17.0	26.23019251821791	23.81929163026771	23.766213660942356	26.184302190572023	0.0
18.0	26.322249621266575	23.829796645030022	23.70180133358398	26.146152400119426	0.0
19.0	26.15527517609722	23.72087622881028	23.75515575066624	26.36869284442626	0.0
20.0	26.213329205046833	23.75736733272146	23.840025212035428	26.18927825019628	0.0
21.0	26.332478188271978	23.745480079174637	23.717558855727443	26.204482876825935	0.0
22.0	26.220793294483208	23.683279333871486	23.79551712317406	26.300410248471245	0.0
23.0	26.272969289503585	23.757578103186606	23.776376498688258	26.193076108621554	0.0
24.0	26.380710687964083	23.757235980029527	23.696694256000264	26.16535907600613	0.0
25.0	26.3425611084388	23.838511171192092	23.760276888542407	26.058650831826704	0.0
26.0	26.25935079367712	23.829111999424992	23.64499881128122	26.266538395616667	0.0
27.0	26.238064434086926	23.795662005783257	23.718533508047347	26.24774005208247	0.0
28.0	26.11698098602841	23.808378532291684	23.74396656106421	26.3306739206157	0.0
29.0	26.25907434744868	23.694759132401156	23.79649134446859	26.24967517568158	0.0
30.0	26.20986691878563	23.671261202983406	23.792068204813482	26.32680367341748	0.0
31.0	26.103435120834646	23.761106227227742	23.830217784338767	26.305240867598844	0.0
32.0	26.350025156606787	23.726274002443784	23.70913433628025	26.21456650466918	0.0
33.0	26.216778074496727	23.744519453521097	23.779075232076607	26.259627239905566	0.0
34.0	26.24248757374203	23.685359960634056	23.795662005783257	26.276490459840655	0.0
35.0	26.277043352297547	23.776863662249056	23.712728137250025	26.23336484820338	0.0
36.0	26.218713198095838	23.772716968822394	23.685083514405612	26.323486318676153	0.0
37.0	26.143796270187487	23.779904570761943	23.713004583478465	26.363294575572105	0.0
38.0	26.280637153267318	23.782669033046382	23.742584329921986	26.19410948376431	0.0
39.0	26.196873946048754	23.819159935201004	23.70332896548292	26.280637153267318	0.0
40.0	26.164529737320798	23.79870291429614	23.79123886612815	26.245528482254915	0.0
41.0	26.240552450142925	23.770505398994842	23.826623983368993	26.162318167493243	0.0
42.0	26.226177246263827	23.81031365589079	23.769399614081067	26.19410948376431	0.0
43.0	26.33122681307259	23.82579464468366	23.696970702228707	26.146007840015038	0.0
44.0	26.16148882880791	23.711069459879358	23.75778887248641	26.36965283882632	0.0
45.0	26.216778074496727	23.75695953380108	23.83768183250676	26.18858055919543	0.0
46.0	26.326250780960596	23.74949548563309	23.720745077874902	26.20350865553141	0.0
47.0	26.211802042384736	23.685912853090947	23.807549193606352	26.294735910917964	0.0
48.0	26.26536000110578	23.757723195156675	23.76961035011818	26.20730645361936	0.0
49.0	26.372271490810977	23.759316186390077	23.693798792489552	26.174613530309397	0.0
50.0	26.34490346551076	23.842249596390737	23.764845080390117	26.048001857708385	0.0
51.0	26.254229603910034	23.832574031890662	23.648738306389188	26.264458057810113	0.0
52.0	26.234602030209874	23.79000154809032	23.71895526018975	26.256441161510054	0.0
53.0	26.114625030408916	23.796636220890374	23.758210407590067	26.330528341110643	0.0
54.0	26.246212707609967	23.692693013689542	23.801059336090407	26.260034942610076	0.0
55.0	26.200599332109604	23.663942764889313	23.80631178539045	26.329146117610634	0.0
56.0	26.097761903708783	23.749917066589997	23.83893225999071	26.313388769710507	0.0
57.0	26.346838578410775	23.72918371408983	23.708450361589666	26.215527345909724	0.0
58.0	26.219950461109757	23.736924165689896	23.78253754119026	26.260587832010085	0.0
59.0	26.249530044009994	23.683017449189464	23.786684211690293	26.280768295110246	0.0
60.0	26.275515845810204	23.77230908729018	23.71121480858969	26.240960258309926	0.0
61.0	26.220779795209765	23.773414866090185	23.676659221089412	26.329146117610634	0.0
62.0	26.161897074109298	23.76733308269014	23.705962359289646	26.36480748391092	0.0
63.0	26.284085631510273	23.7750735342902	23.743558838489946	26.197281995709577	0.0
64.0	26.206128226109648	23.813222902890505	23.701539244089613	26.279109626910234	0.0
65.0	26.16659663400933	23.78226109649026	23.792765995090342	26.258376274410068	0.0
66.0	26.239854479509916	23.77147975319017	23.82759802729062	26.161067740009287	0.0
67.0	26.220226905809763	23.8126700134905	23.77369131079019	26.193411769909545	0.0
68.0	26.32969900701064	23.832021142490657	23.70126279938961	26.137017051109098	0.0
69.0	26.166873078709337	23.7125970320897	23.75655173939005	26.36397814981091	0.0
70.0	26.214698011809716	23.74715261958998	23.847778490390784	26.190370878209524	0.0
71.0	26.3374394586107	23.747981953689983	23.72282548598978	26.191753101709537	0.0
72.0	26.214974456509722	23.6871641196895	23.805758895990444	26.292102527810336	0.0
73.0	26.269914330024303	23.75620962190763	23.77556069741276	26.19831535065531	0.0
74.0	26.370190579922486	23.761949256091423	23.695326451741316	26.17253371224477	0.0
75.0	26.35277466011312	23.83797112827516	23.746468438483102	26.062785773128617	0.0
76.0	26.268183049610492	23.826636958240492	23.6311916359354	26.27398835621361	0.0
77.0	26.22865167607495	23.791805118621763	23.721035666697997	26.25850753860529	0.0
78.0	26.10922822595359	23.797886868396464	23.762225699263002	26.33065920638694	0.0
79.0	26.23722141439384	23.690350474652927	23.807562379401666	26.264865731551566	0.0
80.0	26.204324676976153	23.671275895814098	23.810050367945863	26.314349059263886	0.0
81.0	26.097064726404195	23.753379517772533	23.847370196108784	26.30218555971449	0.0
82.0	26.340334717392146	23.7307111777032	23.711360155692795	26.21759394921186	0.0
83.0	26.20957709723612	23.738175143335784	23.786829141533374	26.26541861789472	0.0
84.0	26.23943295976646	23.683162952191918	23.802033515970123	26.2753705720715	0.0
85.0	26.265695061066296	23.768860335380857	23.72601164378639	26.23943295976646	0.0
86.0	26.220081937756056	23.771901210268208	23.6809514068193	26.32706544515644	0.0
87.0	26.16700484881323	23.757249722174613	23.710530826178065	26.365214602834097	0.0
88.0	26.29029850333667	23.78157672127341	23.735134268448434	26.192990506941488	0.0
89.0	26.212065085780317	23.81502634503425	23.701684644687592	26.27122392449784	0.0
90.0	26.160370212695376	23.780194505415523	23.79429310716596	26.265142174723145	0.0
91.0	26.238880073423303	23.77411275564082	23.828848503613113	26.158158667322756	0.0
92.0	26.227269460217062	23.80535083402905	23.777430073699747	26.189949632054137	0.0
93.0	26.329000547357477	23.839629787304624	23.69698511077078	26.13438455456712	0.0
94.0	26.174468814445817	23.707489951290714	23.761396369748272	26.3566448645152	0.0
95.0	26.222293483128674	23.74149246139471	23.84875241196667	26.187461643509945	0.0
96.0	26.33508229713218	23.75227374508622	23.723523655242193	26.189120302539408	0.0
97.0	26.222293483128674	23.685650940736114	23.79042290276388	26.301632673371333	0.0
98.0	26.270598414879238	23.75276096854362	23.775429245948047	26.201211370629103	0.0
99.0	26.382761099131972	23.747442914800683	23.694089677669044	26.175706308398293	0.0
100.0	26.34184773594294	23.842538840050864	23.752971747664066	26.062641676342125	0.0
101.0	26.261679659423898	23.834245590755792	23.629678774810635	26.274395975009675	0.0
102.0	26.22518936252557	23.78973848620556	23.725880466633495	26.259191684635375	0.0
103.0	26.110189638967213	23.79996682700282	23.76541162160668	26.324431912423286	0.0
104.0	26.236523469895506	23.69464256095538	23.81185381765909	26.256980151490023	0.0
105.0	26.20058605628352	23.671974346215514	23.81931774202466	26.30812185547631	0.0
106.0	26.09940841488362	23.750760214518714	23.84060374854868	26.309227622048986	0.0
107.0	26.349588101951678	23.722839608558633	23.719522308840606	26.208049980649083	0.0
108.0	26.209432188864927	23.744954940012164	23.783656770055842	26.261956101067064	0.0
109.0	26.24702825233593	23.67335655443136	23.799413943716484	26.280201249516228	0.0
110.0	26.26886714214629	23.766793829822525	23.726156908276664	26.238182119754523	0.0
111.0	26.22933598717311	23.755736164095758	23.691878144523688	26.323049704207442	0.0
112.0	26.167689500746395	23.76181788024548	23.712334826118205	26.35815779288992	0.0
113.0	26.289600265383978	23.77812793719246	23.734726599214905	26.197545198208662	0.0
114.0	26.206114889146903	23.820147066954167	23.70514734339581	26.268590700503125	0.0
115.0	26.169624592248574	23.779786587051476	23.79333222756676	26.25725659313319	0.0
116.0	26.240670094543038	23.764305855034003	23.835074915685297	26.15994913473766	0.0
117.0	26.23182396196163	23.808260076297895	23.774534195831258	26.185381765909217	0.0
118.0	26.334107369934205	23.824846574888042	23.704318018466303	26.13672803671145	0.0
119.0	26.168518825675903	23.709846851329687	23.766517388179356	26.355116934815058	0.0
120.0	26.226848012384586	23.74053187372146	23.846132581412064	26.186487532481895	0.0
121.0	26.341018411013433	23.741084757007798	23.722839608558633	26.195057223420136	0.0
122.0	26.21717255487367	23.674185879360866	23.805219218223034	26.303422347542433	0.0
123.0	26.267833990805528	23.754143180580474	23.778193670021754	26.199829158592248	0.0
124.0	26.373231454809837	23.75448529045884	23.701131758344438	26.171151496386884	0.0
125.0	26.33812317201953	23.844052878049858	23.761949256091423	26.055874693839186	0.0
126.0	26.2632070725221	23.837141798760427	23.629809420077514	26.26984170863996	0.0
127.0	26.237497857565423	23.789593573249146	23.720482780354843	26.252425788830593	0.0
128.0	26.10535802155151	23.797057538881734	23.769413221724008	26.32817121784275	0.0
129.0	26.241920948310653	23.694497122226586	23.810050367945863	26.253531561516898	0.0
130.0	26.20764199503508	23.66906435044148	23.815579231377406	26.307714423146034	0.0
131.0	26.101764260321005	23.751997301914646	23.837141798760427	26.309096639003922	0.0
132.0	26.356921307686783	23.72601164378639	23.713018814722258	26.204048233804578	0.0
133.0	26.216211733353973	23.737069370649476	23.791528675450188	26.255190220546364	0.0
134.0	26.249384913943242	23.673210998015136	23.80396861817116	26.27343546987046	0.0
135.0	26.277858560615698	23.75642039265988	23.717165462295917	26.248555584428505	0.0
136.0	26.223952142158137	23.763055028777735	23.69394423588343	26.3190485931807	0.0
137.0	26.17004572370058	23.76443724463562	23.711636598864374	26.353880432799432	0.0
138.0	26.29029850333667	23.77245409661136	23.745362665796794	26.191884734255176	0.0
139.0	26.20633222479315	23.819791727138778	23.708384821016374	26.265491227051697	0.0
140.0	26.17454117217758	23.778601580706425	23.788553562394778	26.25830368472122	0.0
141.0	26.2430992682529	23.75482740222869	23.841630798066	26.16044253145241	0.0
142.0	26.23508239411506	23.799058431954705	23.7813660200643	26.18449315386593	0.0
143.0	26.33432576706281	23.832784592120795	23.70506749378692	26.127822147029473	0.0
144.0	26.17537050398494	23.7056203816585	23.769478930825432	26.34953018353113	0.0
145.0	26.22485396849092	23.749022079577152	23.8482654525249	26.177858499407026	0.0
146.0	26.342895529072223	23.737687878209858	23.725800788970993	26.193615803746923	0.0
147.0	26.218568237609745	23.678594333989427	23.806588230090455	26.296249198310367	0.0
148.0	26.273929810496632	23.75440584958602	23.776245041259486	26.195419298657857	0.0
149.0	26.37656399453742	23.75225994791753	23.700288056970038	26.17088800057501	0.0
150.0	26.33620284518458	23.83712894004987	23.75557730265886	26.071090912106687	0.0
151.0	26.264050379560672	23.827453322054325	23.642787241453664	26.265709056931335	0.0
152.0	26.244699143569584	23.781286801904162	23.727103341129116	26.24691071339714	0.0
153.0	26.10758181426131	23.794832667097925	23.769399614081067	26.328185904559703	0.0
154.0	26.236129310487815	23.69116533143138	23.817777704058784	26.254927654022016	0.0
155.0	26.206549564044295	23.661032692530977	23.826347537140553	26.306070206284176	0.0
156.0	26.10702892180442	23.756406641344192	23.843487203304083	26.2930772335473	0.0
157.0	26.35997722083078	23.722127309017125	23.7069227664527	26.210972703699404	0.0
158.0	26.21926609055273	23.737055405353104	23.792897543498814	26.250780960595353	0.0
159.0	26.25437476156513	23.67070831052652	23.806996301149464	26.26792062675889	0.0
160.0	26.289206986349082	23.75557730265886	23.718257061818907	26.236958649173147	0.0
161.0	26.23336484820338	23.756130195115748	23.697247148457155	26.31325780822372	0.0
162.0	26.165911968463014	23.75778887248641	23.722403755245566	26.353895403805005	0.0
163.0	26.300817727943738	23.767464490481956	23.750324824318422	26.181392957255884	0.0
164.0	26.218232784954647	23.806509220889442	23.708370538491096	26.26688745566481	0.0
165.0	26.174001266127227	23.78301122651237	23.789922401329157	26.253065106031244	0.0
166.0	26.245877484221786	23.760619020105988	23.831389450229864	26.162114045442358	0.0
167.0	26.243942355273088	23.7904752953145	23.784393461475727	26.181188887936685	0.0
168.0	26.331576051949916	23.829454321281165	23.71307013736651	26.125899489402403	0.0
169.0	26.175936395075926	23.704223833601027	23.77471781673223	26.345121954590816	0.0
170.0	26.237307627448974	23.74264996558235	23.847699822797477	26.172342584171197	0.0
171.0	26.33959301473739	23.736568131743578	23.72855116895611	26.195287684562924	0.0
172.0	26.216370130372763	23.681620647330067	23.799663839527607	26.302345382769566	0.0
173.0	26.272561654931426	23.760750391865777	23.77319057531702	26.193497377885777	0.0
174.0	26.37215602797667	23.7445055704531	23.70497332264396	26.17836507892627	0.0
175.0	26.34244515215853	23.835589171974522	23.762053255484783	26.059912420382165	0.0
176.0	26.25785120311394	23.815408262561924	23.652302282377917	26.274438251946215	0.0
177.0	26.23462933474876	23.786933828733194	23.731367215145085	26.247069621372965	0.0
178.0	26.108567763623498	23.790251238499646	23.77089968152866	26.3302813163482	0.0
179.0	26.240434801840056	23.683817675159236	23.82646629511677	26.249281227883937	0.0
180.0	26.205878450106155	23.66584837225761	23.826742745930645	26.30153043170559	0.0
181.0	26.11216162420382	23.757353591648975	23.836694975230007	26.293789808917197	0.0
182.0	26.36317896319887	23.71284501061571	23.710080502477	26.21389552370842	0.0
183.0	26.215001326963904	23.737172682236377	23.794121549893845	26.253704440905874	0.0
184.0	26.24568736730361	23.671653839348902	23.81209085279547	26.270567940552013	0.0
185.0	26.286325636942674	23.75458908351026	23.71947983014862	26.239605449398447	0.0
186.0	26.229376769285206	23.760394550601557	23.700404723991507	26.309823956121726	0.0
187.0	26.174639508138714	23.75182457537155	23.71699177282378	26.35654414366596	0.0
188.0	26.288813694267514	23.76841162420382	23.749889419674453	26.192885261854208	0.0
189.0	26.211348400027646	23.805929919137466	23.713318128412467	26.26940355242242	0.0
190.0	26.17872693344391	23.770543921487317	23.78906627963232	26.261662865436453	0.0
191.0	26.243969866611376	23.750362844702465	23.833022323588363	26.172644965097795	0.0
192.0	26.243693413504733	23.79100145137881	23.779113967793215	26.18619116732324	0.0
193.0	26.340728453936002	23.821411293109406	23.70087773861359	26.136982514341007	0.0
194.0	26.191996682562717	23.700048379293662	23.769161655954107	26.33879328218951	0.0
195.0	26.235952726518764	23.74041053286336	23.853203400373214	26.17043334024466	0.0
196.0	26.33906973529615	23.726587877531273	23.727970143064482	26.206372244108096	0.0
197.0	26.215291216507612	23.66804524996959	23.800743108004998	26.315920425517795	0.0
198.0	26.26761361594369	23.768740168582035	23.775651534461453	26.18799468101282	0.0
199.0	26.36914536577814	23.75857702876795	23.707156324470173	26.16512128098374	0.0
200.0	26.33888090235541	23.84136901470751	23.762578790224484	26.057171292712596	0.0
201.0	26.26119650558443	23.817870175826606	23.651996019020235	26.26893729956873	0.0
202.0	26.23769766670353	23.785248258321353	23.727468760367135	26.24958531460798	0.0
203.0	26.124073869291166	23.792159681521618	23.766725644144643	26.317040805042573	0.0
204.0	26.25096759924804	23.677153599469204	23.825887426738916	26.24599137454385	0.0
205.0	26.213369457038592	23.665265951564745	23.82422868517085	26.29713590622581	0.0
206.0	26.12296804157912	23.763131704080504	23.828099082163	26.285801172177376	0.0
207.0	26.369844078292605	23.720004423310847	23.704799292270266	26.205352206126285	0.0
208.0	26.221880641495975	23.729600765239123	23.802585999552136	26.245932593712762	0.0
209.0	26.242338623841288	23.669056195865828	23.816408960596267	26.272196219696614	0.0
210.0	26.272472678917495	23.76526400473298	23.72490095848412	26.2373623578654	0.0
211.0	26.224921692925683	23.75890544265268	23.705825272243217	26.310347592178417	0.0
212.0	26.186217402002114	23.756417309664737	23.71439550809058	26.342969780242566	0.0
213.0	26.283254588531918	23.775216536684756	23.75116458446797	26.190364290315355	0.0
214.0	26.216219952172292	23.809629127904568	23.713420787083752	26.260730132839388	0.0
215.0	26.176409604246437	23.773412769722018	23.79580609043031	26.254371535601233	0.0
216.0	26.23529574388676	23.758207428500338	23.848610093581964	26.15788673403094	0.0
217.0	26.23308405789088	23.795529629680825	23.777006759465323	26.19437955296297	0.0
218.0	26.33343930995397	23.820687557883968	23.707062189845594	26.138810942316464	0.0
219.0	26.170051007008283	23.704574043100234	23.77728322021481	26.348091729676682	0.0
220.0	26.222578549410446	23.75019006676527	23.852480544074755	26.174750839749528	0.0
221.0	26.331504084707575	23.7311142750508	23.727520285307495	26.209861354934134	0.0
222.0	26.21048673814118	23.663723273083153	23.8166064902105	26.309183498565165	0.0
223.0	26.27303967510153	23.76442096358162	23.77271483192476	26.189824529392087	0.0
224.0	26.373468394744993	23.743475472198877	23.703941257132747	26.179114875923386	0.0
225.0	26.327997567111776	23.83705178181416	23.766553316192528	26.06839733488153	0.0
226.0	26.259710818058668	23.81106411213403	23.650161731774073	26.279063338033232	0.0
227.0	26.237593652373448	23.77401785961129	23.73199524480938	26.256393243205885	0.0
228.0	26.109867020541316	23.784799977882834	23.775400182466615	26.32993281910923	0.0
229.0	26.24229355008156	23.678914047164856	23.82709905725581	26.251693345497774	0.0
230.0	26.208011943269472	23.667578999751182	23.82903430925327	26.29537474772608	0.0
231.0	26.108496956091408	23.767645546382973	23.833997777200267	26.28985972032535	0.0
232.0	26.36229423896756	23.721475452439275	23.71014027967465	26.206090028918517	0.0
233.0	26.219709431719217	23.727070402676215	23.81471088317828	26.238509282426286	0.0
234.0	26.241826903139298	23.666523824663745	23.813052072821776	26.27859719937518	0.0
235.0	26.27472664187667	23.766328914446856	23.704952931256134	26.253991512420345	0.0
236.0	26.231597572607512	23.755546647129567	23.70412352607788	26.308732254185042	0.0
237.0	26.179897983163077	23.748634937310793	23.727346871068967	26.344120208457166	0.0
238.0	26.276385452233175	23.77517590301489	23.75167608963105	26.196762555120884	0.0
239.0	26.217919121489174	23.808483756009764	23.706742824914365	26.266854297586693	0.0
240.0	26.185071622701393	23.765299831069406	23.786588956749895	26.263039589479302	0.0
241.0	26.24209562940495	23.763296070694867	23.834079415595006	26.160528884305172	0.0
242.0	26.23365132033734	23.793999723489563	23.77713258675515	26.195216369417945	0.0
243.0	26.3343168513413	23.818188354298766	23.712001592801425	26.135493201558514	0.0
244.0	26.176207872082124	23.70252788248015	23.781619271750824	26.339644973686905	0.0
245.0	26.228456381778358	23.73669771455121	23.869444014248103	26.165401889422334	0.0
246.0	26.324625111318845	23.72985889472141	23.730412031838572	26.215103962121173	0.0
247.0	26.2149536587592	23.66265899982575	23.810906717336408	26.311480624078637	0.0
248.0	26.279643530837017	23.763227915673248	23.772078794952787	26.185049758536948	0.0
249.0	26.37126775366829	23.750293877663914	23.703550042180087	26.17488832648771	0.0
