# Position (bp)	A	C	G	T	N
0.0	26.198199830856588	23.920804639362085	23.95674761386976	25.924247915911565	0.0
1.0	26.064697354113807	23.995106922798115	23.89422496073457	26.04597076235351	0.0
2.0	25.972774692001245	23.925591004231492	23.89206527549994	26.209569028267328	0.0
3.0	26.103121054888767	23.974497592915863	24.00620949182437	25.916171860371	0.0
4.0	26.17203190451598	23.986675243798945	23.800334024940124	26.040958826744948	0.0
5.0	26.082295205738014	23.991241978104945	23.77319743299358	26.15326538316346	0.0
6.0	25.954290684190184	23.981989273289525	23.879916408967915	26.183803633552376	0.0
7.0	25.998713577793815	23.87762682280893	23.98996228306724	26.13369731633001	0.0
8.0	26.072882318126368	23.921380343274027	23.91352924834825	26.092208090251358	0.0
9.0	26.184724646258463	23.875968524099115	23.88774481088491	26.05156201875751	0.0
10.0	25.997119382569544	23.94384909671205	23.96709936318426	26.091932157534142	0.0
11.0	25.9572617829029	23.926033957467112	23.95230373906558	26.164400520564406	0.0
12.0	26.191878108213384	23.840883630906546	23.8345426491414	26.132695611738665	0.0
13.0	26.093441915097277	23.9501900784772	23.961664235956988	25.994703770468536	0.0
14.0	26.15262441157199	23.973138393436784	23.857490964100986	26.01674623089024	0.0
15.0	26.07592872736496	23.945962757300432	23.85628315805048	26.121825357284127	0.0
16.0	26.050564800304365	23.931167133181756	23.9779696176388	26.04029844887508	0.0
17.0	26.06143505475891	23.942037387636294	23.809480673593434	26.187046884011366	0.0
18.0	25.93944664365796	24.00363549621202	23.98702816301758	26.069889697112437	0.0
19.0	26.137526835940683	23.909124672760047	23.80283774031566	26.150510750983607	0.0
20.0	26.15337232510319	23.80692129077453	23.9548766384545	26.084829745667776	0.0
21.0	26.175716602099758	23.973295569492212	23.794541353519676	26.056446474888357	0.0
22.0	26.044368487322643	23.77551852310368	24.033987457009914	26.14612553256376	0.0
23.0	25.99635848674894	23.947931795604216	23.8857301596408	26.169979558006045	0.0
24.0	26.09600188416606	23.823226573988244	23.870028775805373	26.210742766040322	0.0
25.0	26.206817420081467	23.917434877000794	23.96242538068307	25.913322322234674	0.0
26.0	26.096907733233486	23.98084431172078	23.878785316790516	26.043462638255217	0.0
27.0	25.986998046385512	23.921058273270507	23.88331456212766	26.208629118216326	0.0
28.0	26.114420815203772	23.960915632237356	24.01013343156763	25.91453012099124	0.0
29.0	26.18356729401747	23.979032613585925	23.818395378961956	26.019004713434647	0.0
30.0	26.086641443802634	23.982354060166493	23.769781479009968	26.1612230170209	0.0
31.0	25.957708926538658	23.992318399908207	23.87063267518366	26.17933999836947	0.0
32.0	26.008134524625508	23.86821707767052	24.015870475661345	26.10777792204263	0.0
33.0	26.08060245001978	23.918340726068223	23.915321229176794	26.085735594735205	0.0
34.0	26.198362828785466	23.86942487642709	23.892976952180227	26.039235342607213	0.0
35.0	26.003907228977507	23.933136260836218	23.977824814829354	26.08513169535692	0.0
36.0	25.96163427249752	23.92679531736422	23.943402550267074	26.16816785987119	0.0
37.0	26.198362828785466	23.853723492591662	23.832888964040812	26.11502471458206	0.0
38.0	26.0878492425592	23.95608443721107	23.946120097469358	26.009946222760366	0.0
39.0	26.123177356188908	23.98175016078821	23.875161920520803	26.019910562502073	0.0
40.0	26.073959556858632	23.939175254619073	23.863687832333376	26.123177356188908	0.0
41.0	26.038933392918075	23.935551858349363	23.97420141855964	26.051313330172928	0.0
42.0	26.051615279862066	23.967256575709357	23.80571349201796	26.175414652410616	0.0
43.0	25.951669932755806	24.005000286852205	23.991412550840778	26.051917229551215	0.0
44.0	26.12710270214777	23.917736826689936	23.811148586422533	26.144011884739765	0.0
45.0	26.16076308264615	23.7934918157031	23.94325795708113	26.10248714456962	0.0
46.0	26.187636442691804	23.964092359813154	23.80949505258422	26.03877614491082	0.0
47.0	26.0309255004031	23.77356325656812	24.042598804890346	26.152912438138433	0.0
48.0	25.97657488458043	23.966205994872926	23.88256643607915	26.174652684467496	0.0
49.0	26.09493844792758	23.8212710193458	23.87743332236256	26.206357210364057	0.0
50.0	26.210282532617917	23.91849823209525	23.955637819574072	25.91558141571276	0.0
51.0	26.085578064091454	23.956543663171118	23.904910578139578	26.05296769459785	0.0
52.0	25.993785912924274	23.913667066244344	23.888303445527097	26.204243575304286	0.0
53.0	26.123321547301643	23.956241715305435	23.99640078144108	25.924035955951847	0.0
54.0	26.197600722259295	23.986436501873587	23.80345609527059	26.012506680596527	0.0
55.0	26.090107282076673	23.99549493784403	23.766618455657447	26.147779324421844	0.0
56.0	25.95966580410226	23.973754691514962	23.879245009556648	26.187334494826125	0.0
57.0	26.01733784644743	23.871998260780295	23.99368325064994	26.116980642122336	0.0
58.0	26.085276116225774	23.925443033005923	23.92725472020001	26.062026130568295	0.0
59.0	26.212698115543372	23.868374886392115	23.884076175407554	26.034850822656956	0.0
60.0	26.01009109767108	23.940238478424316	23.975868326574734	26.073802097329875	0.0
61.0	25.969932031535436	23.910949535453206	23.962582620484746	26.15653581252661	0.0
62.0	26.21209421981201	23.846332692197365	23.83183919464465	26.109733893345975	0.0
63.0	26.098863770181442	23.95895924609657	23.944163800678176	25.998013183043817	0.0
64.0	26.131776087540725	23.982511179619728	23.88135864461642	26.004354088223124	0.0
65.0	26.07229235800147	23.926348876602965	23.880150853153694	26.12120791224187	0.0
66.0	26.033341083328555	23.93299172964796	23.974660535112008	26.05900665191148	0.0
67.0	26.062026130568295	23.95110860158885	23.812212583375356	26.174652684467496	0.0
68.0	25.94849373307205	23.98734234547063	24.003647530217435	26.06051639123989	0.0
69.0	26.136003357660265	23.910345639721843	23.80738141752445	26.14626958509344	0.0
70.0	26.150640880474658	23.801500671829945	23.960022344007125	26.08783610368827	0.0
71.0	26.1802315926144	23.97240213173906	23.796367589111824	26.050998686534715	0.0
72.0	26.022615758563944	23.775231366154866	24.05151199480653	26.150640880474658	0.0
73.0	25.973398553678457	23.9669671029787	23.889970862206926	26.16966348113592	0.0
74.0	26.09025167202621	23.814182405604118	23.864607394658574	26.230958527711095	0.0
75.0	26.205293114120508	23.929223847698417	23.95247369295107	25.91300934523001	0.0
76.0	26.09055361806845	23.96636321089421	23.901444811812127	26.041638359225207	0.0
77.0	25.996044506846626	23.91654211392424	23.899331189516435	26.1880821897127	0.0
78.0	26.1080664885185	23.96213596630282	24.003200628047768	25.926596917130908	0.0
79.0	26.193215272430812	23.991726678442564	23.814786297688602	26.00027175143802	0.0
80.0	26.08421275118136	23.978742998626146	23.790932560351465	26.14611168984102	0.0
81.0	25.966453794706883	23.974817700076997	23.884837779488805	26.17389072572731	0.0
82.0	26.007518456451834	23.87879885864396	24.010749279103823	26.102933405800382	0.0
83.0	26.058849283633013	23.9298277397829	23.931337469994112	26.07998550658997	0.0
84.0	26.21767290185244	23.857964581729245	23.902048703896615	26.022313812521702	0.0
85.0	26.013557377296674	23.943113365641562	23.9805546748796	26.062774582182165	0.0
86.0	25.958301251566347	23.908993462868185	23.969382671316637	26.163322614248834	0.0
87.0	26.220994308317103	23.84890620046198	23.825958301251564	26.104141189969354	0.0
88.0	26.094780862659846	23.96726904902094	23.942811419599316	25.995138668719896	0.0
89.0	26.140374715038423	23.988103325935654	23.874269668010324	25.99725229101559	0.0
90.0	26.092063348279666	23.9298277397829	23.880610534897414	26.097498377040022	0.0
91.0	26.042242251309688	23.9298277397829	23.991424732400322	26.03650527650709	0.0
92.0	26.07817383033652	23.946434772106226	23.823240786871384	26.15215061068587	0.0
93.0	25.941996165285264	23.99535003094947	23.99927532949862	26.063378474266646	0.0
94.0	26.122257952503887	23.91080513912164	23.81810770415327	26.148829204221208	0.0
95.0	26.16286267274984	23.794714164505248	23.968935978767284	26.073487183977633	0.0
96.0	26.15410629040391	23.97467291892496	23.820379423105376	26.05084136756576	0.0
97.0	26.01370222865028	23.777503344032226	24.056499802226536	26.15229462509096	0.0
98.0	25.96357948832533	23.971653476736705	23.900394641094007	26.16437239384396	0.0
99.0	26.076204681947058	23.8194735904489	23.860538004209104	26.24378372339494	0.0
100.0	26.207550417135938	23.941459054854207	23.936024058915358	25.914966469094498	0.0
101.0	26.081941622104733	23.962293205953134	23.91458601937878	26.041179152563355	0.0
102.0	26.003738069429055	23.916397684691727	23.889524649216305	26.190339596662916	0.0
103.0	26.126025478053183	23.945988218136584	24.01392566737221	25.914060636438023	0.0
104.0	26.190339596662916	23.984033189708533	23.822794976855977	26.002832236772576	0.0
105.0	26.078016347260007	23.98131569173911	23.786259726378148	26.154408234622732	0.0
106.0	25.961767823012377	23.97648458423791	23.880768266870376	26.18097932587934	0.0
107.0	26.013400284431455	23.869596330773852	24.030834543626412	26.086168841168284	0.0
108.0	26.07771440304118	23.92545601125648	23.927569620788255	26.06925996491408	0.0
109.0	26.20785236135476	23.840911629985477	23.917907405785854	26.033328602873908	0.0
110.0	26.002228348334928	23.933004616727104	24.011812057840434	26.05295497709753	0.0
111.0	25.966900874732403	23.89284603562338	23.977390416894384	26.16286267274984	0.0
112.0	26.223553460733662	23.850573844987878	23.819171646230075	26.106701048048386	0.0
113.0	26.079224124135308	23.971049588299056	23.940251277978906	26.00947500958673	0.0
114.0	26.15229462509096	23.96350098282843	23.88620326280923	25.99800112927138	0.0
115.0	26.104889382735436	23.92545601125648	23.890732426091603	26.078922179916482	0.0
116.0	26.031818881779778	23.942666831729507	24.007886782995712	26.017627503495007	0.0
117.0	26.07831829147883	23.951121269856607	23.821889144199503	26.14867129446506	0.0
118.0	25.9379142297252	23.99278957205446	24.015737332685163	26.05355886553518	0.0
119.0	26.125421589615534	23.923946290162355	23.82249303263715	26.128139087584962	0.0
120.0	26.16754985884023	23.78368585533765	23.9591165058804	26.08964777994173	0.0
121.0	26.154264232981568	23.9669671029787	23.81871159623775	26.060057067801985	0.0
122.0	26.010839862916495	23.77794888053505	24.0641937285807	26.147017527967755	0.0
123.0	25.96826547096034	23.959418451922645	23.910503193079396	26.161812884037623	0.0
124.0	26.078475776378763	23.820825218533447	23.870344369461176	26.23035463562661	0.0
125.0	26.198348355148937	23.937376390838956	23.95670093754246	25.907574316469645	0.0
126.0	26.103537297884866	23.96455153464076	23.91080513912164	26.02110602835273	0.0
127.0	26.01778462188807	23.908993462868185	23.905068164319037	26.16815375092471	0.0
128.0	26.129806603559945	23.9434153116838	24.011051225146065	25.91572685961019	0.0
129.0	26.19925419327566	23.965155426725243	23.835016682518834	26.000573697480263	0.0
130.0	26.105047028096077	23.977535214457177	23.77915666470402	26.138261092742727	0.0
131.0	25.973175032610268	23.96734141745978	23.8984975119571	26.16098603797285	0.0
132.0	25.997330788927002	23.886419633798734	24.030750277791196	26.085499299483068	0.0
133.0	26.055002657133198	23.941373979419296	23.927484419537176	26.076138943910333	0.0
134.0	26.18846321078313	23.86075414271221	23.928692207353013	26.02209043915165	0.0
135.0	26.014541765302674	23.91902990482632	24.008104256244263	26.058324073626743	0.0
136.0	25.947811488477708	23.886419633798734	23.98757186337504	26.17819701434852	0.0
137.0	26.20959949756027	23.83901396202715	23.83176723513213	26.11961930528045	0.0
138.0	26.069798057877193	23.954357698439537	23.948318759360358	26.027525484322915	0.0
139.0	26.13924585728779	23.964623894874148	23.90302671626649	25.99310353157157	0.0
140.0	26.11056089666167	23.903932557128364	23.88098458862747	26.104521957582495	0.0
141.0	26.02186706443266	23.946579383603627	23.98885208479904	26.04270146716468	0.0
142.0	26.083162481166	23.938728739095907	23.820365175748755	26.157743603989335	0.0
143.0	25.955438533982722	23.982813127485407	24.0205566106956	26.04119172783627	0.0
144.0	26.129964400346633	23.917592388498203	23.83183919464465	26.120604016510505	0.0
145.0	26.16816785987119	23.784275064088824	23.96786047508764	26.079696600952353	0.0
146.0	26.157297671062047	23.96242538068307	23.83258701435167	26.04768993390321	0.0
147.0	26.033498298513503	23.749852799526543	24.062672677478478	26.15397622448148	0.0
148.0	25.980053203535224	23.964237078817927	23.89871399627394	26.156995721372905	0.0
149.0	26.071924633130024	23.808804879521713	23.884292529742133	26.234977957606137	0.0
150.0	26.201763391509147	23.93169877408056	23.95947822936168	25.907059605048616	0.0
151.0	26.102500460476058	23.955323254191843	23.911842236373683	26.03033404895842	0.0
152.0	26.012216958200852	23.90821881822217	23.905803206121163	26.173761017455817	0.0
153.0	26.113370714930596	23.947170563350937	24.011788187052925	25.92767053466554	0.0
154.0	26.19942689602904	23.966193508646384	23.8414875339318	25.99289206139278	0.0
155.0	26.09434776963515	23.96709936318426	23.78653235863385	26.152020508546737	0.0
156.0	25.97394754482484	23.961434636358696	23.889569959357203	26.175047859459266	0.0
157.0	25.99478226210678	23.865111812982747	24.043867648213347	26.096238276697125	0.0
158.0	26.061513747893883	23.923388630887317	23.934862823013606	26.080234798205193	0.0
159.0	26.20494114947249	23.84669271509581	23.918859344521678	26.029506790910023	0.0
160.0	26.0071623115062	23.91795348724855	24.024844645477657	26.050039555767597	0.0
161.0	25.936807396626588	23.883228958445308	23.985892782733153	26.194070862194952	0.0
162.0	26.223058294935047	23.833104855998887	23.828877522057624	26.114959327008435	0.0
163.0	26.09261484760461	23.934862823013606	23.941807728774254	26.03071460060753	0.0
164.0	26.1342842821685	23.946940919988645	23.914632010580412	26.00414278726244	0.0
165.0	26.114355422159687	23.898326579664108	23.898628532088484	26.08868946608772	0.0
166.0	26.03200101456321	23.941880021861422	24.016764449222016	26.00935451435335	0.0
167.0	26.099336608520517	23.934331188458135	23.818381107383665	26.14795109563768	0.0
168.0	25.953191193832904	23.974189028827485	24.007101942465813	26.0655178348738	0.0
169.0	26.13798663554534	23.90624952819791	23.825024080778554	26.13073975547819	0.0
170.0	26.172567373744997	23.791650939835435	23.956216501849475	26.079565184570093	0.0
171.0	26.165924360232506	23.94474220578244	23.84751264437231	26.04182078961274	0.0
172.0	26.028836717747417	23.754208500037745	24.056465614856194	26.160489167358648	0.0
173.0	25.976598475126444	23.964369291160263	23.906997810825093	26.1520344228882	0.0
174.0	26.075416548400536	23.809538188384355	23.88653698659919	26.22850827661592	0.0
175.0	26.18381877804417	23.946928200885335	23.955986883028256	25.91326613804224	0.0
176.0	26.09814205868232	23.94428289745843	23.921334166734606	26.036240877124644	0.0
177.0	26.009064748635907	23.898385436010784	23.90895393042307	26.183595884930234	0.0
178.0	26.134074939684094	23.923447865617064	24.003466466167232	25.939010728531613	0.0
179.0	26.222850292747296	23.94065941365993	23.850676232663893	25.98581406092888	0.0
180.0	26.09814205868232	23.944886811424844	23.799041588535296	26.15792954135754	0.0
181.0	25.9659633060766	23.956735472805672	23.887587114852703	26.189714106265022	0.0
182.0	26.001292379790563	23.861014820093487	24.05064437814791	26.08704842196804	0.0
183.0	26.068025074583602	23.914159409611923	23.960962883335547	26.05685263246893	0.0
184.0	26.200282632589712	23.84319930428901	23.917178988561837	26.039339074559443	0.0
185.0	26.023637264019904	23.921104441196718	24.007162441269188	26.048095853514187	0.0
186.0	25.955998695541894	23.874904883263078	23.98813909388475	26.180957327310278	0.0
187.0	26.23259212735376	23.813607430579882	23.825987704274514	26.127812737791846	0.0
188.0	26.095201285132802	23.928351430676507	23.931672967521408	26.044774316669283	0.0
189.0	26.125095116736922	23.955225683330717	23.910233956977038	26.00944524295532	0.0
190.0	26.126302948316887	23.897249767492422	23.8945321464375	26.081915137753192	0.0
191.0	26.031264814853955	23.93416090176978	24.003309468522303	26.031264814853955	0.0
192.0	26.120644621660716	23.936878531030796	23.805224491274902	26.137252356033592	0.0
193.0	25.96664563020313	23.975831217105362	24.00602709778332	26.051496054908192	0.0
194.0	26.155369884440365	23.877694604902	23.825455731329132	26.141479779328503	0.0
195.0	26.181496456492003	23.792081988350358	23.956348571273278	26.070072983884362	0.0
196.0	26.16549254308223	23.95423484686067	23.8240898151699	26.0561827948872	0.0
197.0	26.06192004686429	23.754336909553732	24.036368138322125	26.147374905259852	0.0
198.0	25.988845574314023	23.969936799640063	23.884783901874872	26.15643372417104	0.0
199.0	26.081324282539377	23.807553869939124	23.88455406319451	26.22656778432699	0.0
200.0	26.19125267239193	23.954294548924402	23.964259400176346	25.890193378507327	0.0
201.0	26.10647928663528	23.941080374317178	23.92386830654391	26.028572032503632	0.0
202.0	26.01334110406846	23.89168883641294	23.908599244467126	26.18637081505147	0.0
203.0	26.14441058966701	23.92700654984252	23.999480602621748	25.92910225786872	0.0
204.0	26.226102291703786	23.92624512684546	23.851958774093994	25.995693807356762	0.0
205.0	26.1096968434149	23.93877076482188	23.79865257029313	26.152879821470094	0.0
206.0	25.980081293447604	23.951670864210953	23.897314175620423	26.170933666721023	0.0
207.0	26.005749729726464	23.852620898334873	24.054646590929682	26.086982781008984	0.0
208.0	26.056941995023315	23.920409247940473	23.962988911168555	26.05965984586766	0.0
209.0	26.201304584163797	23.823458355982364	23.91767832336776	26.05755873648608	0.0
210.0	26.01890439089207	23.924624026091685	24.011294316603248	26.045177266413	0.0
211.0	25.971649282172386	23.863162790135835	23.99603790564659	26.16915002204519	0.0
212.0	26.22789427908775	23.808948589099344	23.84639543873212	26.116761693080786	0.0
213.0	26.112389546226	23.92445354448652	23.927775462501586	26.035381446785895	0.0
214.0	26.119033382256124	23.96099464265222	23.911165872426267	26.00880610266539	0.0
215.0	26.131572907481004	23.901042484568087	23.89621057463489	26.07117403331602	0.0
216.0	26.038939271768573	23.926784263629802	24.008322989994895	26.025953474606727	0.0
217.0	26.125323516354754	23.954253201943665	23.797213757863297	26.123209523838288	0.0
218.0	25.95499611931374	23.966937157042466	24.00831101057902	26.069755713064772	0.0
219.0	26.143443452210178	23.895061411482605	23.81895768088981	26.142537455417408	0.0
220.0	26.183465458663647	23.790713476783694	23.943827859569648	26.08199320498301	0.0
221.0	26.166581601065488	23.957392704089493	23.844743700867067	26.031281993977963	0.0
222.0	26.055298008244872	23.761230992253445	24.05085846307174	26.13261253642994	0.0
223.0	25.970288088960565	23.960400225904753	23.90241397951757	26.166897705617114	0.0
224.0	26.08258382511945	23.811407827100687	23.884496203632676	26.22151214414719	0.0
225.0	26.213372314271734	23.936430465536297	23.95938411728108	25.890813102910887	0.0
226.0	26.087061573728704	23.93483520034793	23.918525878966715	26.05957734695665	0.0
227.0	25.995548159311866	23.89073962772464	23.915203609796464	26.19850860316703	0.0
228.0	26.168766252789965	23.914139965025356	24.00202961669843	25.915064165486246	0.0
229.0	26.211668624827468	23.94100751148469	23.858855366921077	25.98846849676677	0.0
230.0	26.113062571921315	23.94296432098728	23.791948437136618	26.152024669954788	0.0
231.0	25.989912108490138	23.93669395028542	23.901054094052977	26.172339847171465	0.0
232.0	26.00895235678947	23.85966184012613	24.023063494077068	26.108322309007328	0.0
233.0	26.063620932325744	23.90164488984735	23.96114604664649	26.07358813118042	0.0
234.0	26.198027098699434	23.829458207233166	23.92852612312209	26.043988570945313	0.0
235.0	26.028137874376288	23.91085041862488	23.99964963574199	26.061362071256845	0.0
236.0	25.965918014763623	23.87792825989779	23.9905884911382	26.165565234200383	0.0
237.0	26.22280885097952	23.80860330673368	23.837599144622782	26.13098869766402	0.0
238.0	26.11621571008294	23.927581145000815	23.920634057642705	26.03556908727354	0.0
239.0	26.116242682727915	23.955948360749822	23.920305920873783	26.007503035648483	0.0
240.0	26.134616488299667	23.887282931441224	23.887584992403166	26.09051558785594	0.0
241.0	26.047739589060132	23.93232360457459	24.01418533980172	26.00575146656356	0.0
242.0	26.141056275696233	23.938543520093283	23.79928163827557	26.121118565934914	0.0
243.0	25.959717107389828	23.978502095109196	24.009014860623125	26.052765936877847	0.0
244.0	26.14493611801777	23.905970072597967	23.82379509427464	26.125298715109622	0.0
245.0	26.187944119495338	23.783354280465993	23.943478996471214	26.08522260356746	0.0
246.0	26.16126946527522	23.952334624472012	23.852024630333503	26.034371279919267	0.0
247.0	26.050696939389084	23.765134598591313	24.045542035431655	26.13862642658794	0.0
248.0	25.98026180605079	23.978339961079616	23.89916961792755	26.14222861494204	0.0
249.0	26.100475938656796	23.78907607463927	23.898164236609503	26.212283750094436	0.0
