# Position (bp)	A	C	G	T	N
0.0	26.28694466214652	23.870498099251694	23.744432327503258	26.09812491109853	0.0
1.0	26.224602211716803	23.72142966712686	23.83076043453402	26.223207686622317	0.0
2.0	26.14409344068898	23.850747017924526	23.863576147858513	26.141583393527984	0.0
3.0	26.240873673231484	23.83358711354294	23.701119421715777	26.224419791509796	0.0
4.0	26.113376130108147	23.714841854576484	23.865708851793393	26.306073163521976	0.0
5.0	26.20332337825666	23.69085164704931	23.799046878093534	26.306778096600496	0.0
6.0	26.089829742857624	23.753464534873995	23.70466826904309	26.45203745322529	0.0
7.0	26.165720037586333	23.780326287290077	23.79259482323549	26.2613588518881	0.0
8.0	26.142513404022182	23.84507933675532	23.85372259598897	26.15868466323353	0.0
9.0	26.241423437539208	23.804717841201516	23.850719720308575	26.103139000950705	0.0
10.0	26.27540850151524	23.866078970919098	23.687651419474808	26.170861108090854	0.0
11.0	26.135175597801997	23.826211564893267	23.83987242430072	26.198740413004025	0.0
12.0	26.163054902715167	23.85660000724862	23.775192436902163	26.20515265313405	0.0
13.0	26.228013683162853	23.7974958808327	23.788574503260485	26.185915932743963	0.0
14.0	26.31443952839368	23.63495953318892	23.725846067205854	26.324754871211553	0.0
15.0	26.35570089966517	23.718597447928428	23.619347122437542	26.306354529968857	0.0
16.0	26.187309897989625	23.7746348508039	23.79275639899746	26.245298852209014	0.0
17.0	26.25282626453557	23.783556228376117	23.823423634401948	26.140193872686368	0.0
18.0	26.225504545720668	23.83067225367937	23.834296563318084	26.109526637281878	0.0
19.0	26.176158176024355	23.695178831801368	23.887546035702236	26.241116956472045	0.0
20.0	26.09949008751314	23.877509485933494	23.818684152566707	26.204316273986656	0.0
21.0	26.134060425605472	23.840987596497243	23.859109144690805	26.165842833206483	0.0
22.0	26.265929537844762	23.7632043357895	23.80920518889623	26.161660937469506	0.0
23.0	26.49203070069057	23.694900038752234	23.726124860254984	26.086944400302215	0.0
24.0	26.27345695017132	23.806417258404913	23.711348828651005	26.208776962772763	0.0
25.0	26.2882329817753	23.872212417999993	23.736440203072856	26.10311439715185	0.0
26.0	26.224873846496976	23.720204075943016	23.82753910061613	26.22738297694388	0.0
27.0	26.141236164933506	23.84956369009451	23.86350330368842	26.14569684128356	0.0
28.0	26.248292397334744	23.830327023334913	23.69622794056149	26.225152638768854	0.0
29.0	26.117260029551982	23.706543254620982	23.86573364186345	26.310463073963593	0.0
30.0	26.20368563383423	23.693718810114582	23.8010538347877	26.30154172126349	0.0
31.0	26.09014444187337	23.754708091365547	23.703410456353797	26.45173701040729	0.0
32.0	26.16263023047693	23.7906721941727	23.78481757278549	26.26188000256488	0.0
33.0	26.145345157809924	23.845872910109257	23.854794237937387	26.153987694143428	0.0
34.0	26.233443270112716	23.80823605833433	23.852006322991098	26.106314348561853	0.0
35.0	26.2716377048769	23.867618646690328	23.691701213579375	26.169042434853395	0.0
36.0	26.128338876637553	23.8299817949154	23.835000041818724	26.206679286628326	0.0
37.0	26.15816956656286	23.85172753149647	23.777290202430503	26.212812699510163	0.0
38.0	26.221734027338293	23.803496602925637	23.785653947269378	26.189115422466692	0.0
39.0	26.305650267221647	23.63928841258911	23.72348344396709	26.331577876222152	0.0
40.0	26.35053569785693	23.716234865106735	23.625348837857654	26.30788059917868	0.0
41.0	26.194970043853903	23.77171437253792	23.79011461118344	26.243200972424734	0.0
42.0	26.2563041726723	23.788441862215667	23.822454424560416	26.132799540551616	0.0
43.0	26.222291610327552	23.83026058641003	23.84196982918445	26.105477974077967	0.0
44.0	26.17406068175672	23.691422422084745	23.88769163430362	26.246825261854912	0.0
45.0	26.093768731303545	23.87904909797012	23.819945301108753	26.207236869617585	0.0
46.0	26.134751081014016	23.845872910109257	23.85841852736757	26.160957481509158	0.0
47.0	26.26578308348969	23.764187002182936	23.80823605833433	26.161793855993043	0.0
48.0	26.489373862182212	23.70257408186991	23.725713775924124	26.082338280023755	0.0
49.0	26.26829220694135	23.809908807302108	23.71567728211748	26.206121703639067	0.0
50.0	26.291710692490195	23.87207931060439	23.73881697617169	26.097393020733723	0.0
51.0	26.221939714295274	23.724253677249564	23.82852140555128	26.225285202903887	0.0
52.0	26.128544823971538	23.86169750092001	23.86086112876786	26.148896546340595	0.0
53.0	26.24312780881648	23.83326084774681	23.69470186120683	26.228909482229877	0.0
54.0	26.109308264472027	23.709198978510813	23.86950364100677	26.31198911601039	0.0
55.0	26.19824250331761	23.69804734981544	23.80370903170408	26.300001115162868	0.0
56.0	26.0886050187765	23.76126659845606	23.696866122282845	26.453262260484596	0.0
57.0	26.155793394351157	23.79862445043533	23.783848583607707	26.2617335716058	0.0
58.0	26.138787208002384	23.856055178104953	23.852988488763373	26.152169125129287	0.0
59.0	26.23134546813013	23.806430568759357	23.854661228404233	26.10756273470628	0.0
60.0	26.269818479869972	23.862188556788116	23.687944844198242	26.180048119143667	0.0
61.0	26.136556888481238	23.82371554504827	23.826224654509566	26.213502911960923	0.0
62.0	26.155235814470874	23.85047937930208	23.77158182624138	26.22270297998567	0.0
63.0	26.22270297998567	23.80001840013605	23.788588012590154	26.18869060728813	0.0
64.0	26.29602473424349	23.646962722997102	23.730042125159954	26.326970417599448	0.0
65.0	26.351782722272247	23.724745116297225	23.621871628384163	26.301600533046365	0.0
66.0	26.186460287766977	23.777715204924547	23.78552132324857	26.25030318405991	0.0
67.0	26.244169805376742	23.79137591199159	23.827339814270143	26.13711446836152	0.0
68.0	26.22186661016524	23.833473192953306	23.83765504205546	26.10700515482599	0.0
69.0	26.170290471238634	23.6921266933004	23.88421296205948	26.25336987340149	0.0
70.0	26.09362323769909	23.87557047391502	23.819533695946117	26.211272592439776	0.0
71.0	26.13488414884037	23.846018740259776	23.850200589361933	26.168896521537917	0.0
72.0	26.270097269810115	23.76767876707937	23.802527509597343	26.15969645351317	0.0
73.0	26.48671705330185	23.704951030547015	23.72753301569866	26.08079890045248	0.0
74.0	26.270097269810115	23.80001840013605	23.721120847075355	26.20876348297848	0.0
75.0	26.288497405859605	23.875849263855162	23.734502764202254	26.101150566082975	0.0
76.0	26.22262987393154	23.725515341767633	23.821697602970776	26.23015718133005	0.0
77.0	26.136205233430164	23.85459472419388	23.86184324242948	26.147356799946476	0.0
78.0	26.2502300010594	23.828946121206375	23.69261822054453	26.228205657189697	0.0
79.0	26.109162684628124	23.70098189543176	23.87494633308614	26.314909086853977	0.0
80.0	26.197817638432756	23.70376978706084	23.798279313286532	26.30013326121987	0.0
81.0	26.079817114818997	23.759461380838875	23.705655222403436	26.455066281938695	0.0
82.0	26.148956634466607	23.79654023613376	23.79932811999052	26.25517500940911	0.0
83.0	26.128605082312273	23.863170660310292	23.85452822035434	26.1536960370231	0.0
84.0	26.22701738245585	23.81549784635972	23.85452822035434	26.102956550830093	0.0
85.0	26.267162909993168	23.865122179010022	23.695618840519103	26.1720960704777	0.0
86.0	26.138920252582277	23.825813016629727	23.822467556001616	26.212799174786376	0.0
87.0	26.151744518323365	23.85062518295488	23.768940185951852	26.228690112769904	0.0
88.0	26.22283555667071	23.8007220619189	23.778418991064832	26.19802339034556	0.0
89.0	26.302847823359677	23.635958125984473	23.731024965499937	26.330169085155912	0.0
90.0	26.349684272153223	23.7268431397148	23.621739918315	26.301732669816975	0.0
91.0	26.18854458523258	23.772843223351316	23.78929173810619	26.249320453309917	0.0
92.0	26.242629532053698	23.780649298150237	23.83891607075649	26.137805099039575	0.0
93.0	26.221999191513685	23.825534228244052	23.8411463778419	26.111320202400368	0.0
94.0	26.168471821463918	23.69729157083316	23.886867673092738	26.247368934610183	0.0
95.0	26.095429264416843	23.880455540222194	23.815219057974044	26.208896137386915	0.0
96.0	26.132508119711733	23.8492312410265	23.85257670165461	26.16568393760716	0.0
97.0	26.267162909993168	23.76782503240915	23.808249348332147	26.15676270926553	0.0
98.0	26.48824209983412	23.695061263747753	23.73743709837048	26.079259538047644	0.0
99.0	26.27747808026318	23.798212966447817	23.718479488144524	26.205829465144483	0.0
100.0	26.293090229861022	23.872928253808947	23.73214011904264	26.10184139728739	0.0
101.0	26.227780627606663	23.721201240047282	23.8210072038718	26.23001092847425	0.0
102.0	26.13438677877646	23.855019292102504	23.865055646006645	26.145538283114394	0.0
103.0	26.249526061065637	23.8302071949506	23.700292169413654	26.21997457457011	0.0
104.0	26.120447398354035	23.70781943484176	23.867843522091132	26.303889644713074	0.0
105.0	26.198786716328033	23.69917701897986	23.798146619979036	26.303889644713074	0.0
106.0	26.081623208446125	23.757098609690072	23.704129111757275	26.457149070106524	0.0
107.0	26.15578050555204	23.79473483190548	23.78888030844975	26.26060435409273	0.0
108.0	26.138495722016074	23.854395213787683	23.856625508437485	26.150483555758758	0.0
109.0	26.23356203146388	23.81341354959757	23.851886132306653	26.10113828663189	0.0
110.0	26.267295238042138	23.868334555348945	23.69325642533949	26.17111378126943	0.0
111.0	26.14518660596548	23.820662007209428	23.825122596509033	26.209028790316058	0.0
112.0	26.149089621602634	23.866383047530366	23.767692509276632	26.216834821590368	0.0
113.0	26.233283244632656	23.804771157829588	23.775777327382166	26.18616827015559	0.0
114.0	26.309392049557147	23.636383911769542	23.728383566073873	26.325840472599438	0.0
115.0	26.36124640016504	23.73033507389245	23.61965670189603	26.28876182404648	0.0
116.0	26.197040956573375	23.77243188540746	23.79027424260588	26.240252915413286	0.0
117.0	26.246665012531466	23.786092440137498	23.830140759471085	26.13710178785995	0.0
118.0	26.22073783722752	23.826795317496384	23.838783151239067	26.113683694037025	0.0
119.0	26.17668951789393	23.698832161964	23.880601175922855	26.243877144219212	0.0
120.0	26.09305346852636	23.8778133076106	23.81982564671575	26.209307577147285	0.0
121.0	26.132641198560346	23.845474035188474	23.851049771812978	26.170834994438202	0.0
122.0	26.26004678043028	23.774383393226035	23.81229840227267	26.15327142407101	0.0
123.0	26.48363381907292	23.70273517760115	23.7342380895296	26.079392913796323	0.0
124.0	26.270361893185612	23.810904468116544	23.71974117430589	26.198992464391953	0.0
125.0	26.291549692358736	23.871122423661195	23.73033507389245	26.106992810087622	0.0
126.0	26.226107901955974	23.71423154983607	23.824352655173183	26.235307893034772	0.0
127.0	26.130762539866627	23.859758681446127	23.86059504427147	26.148883734415772	0.0
128.0	26.2475745478065	23.825746593215424	23.705310346365724	26.221368512612354	0.0
129.0	26.114314070968174	23.70614670919107	23.865055646006645	26.314483573834107	0.0
130.0	26.197465813574205	23.69924308953289	23.797655389676468	26.305635707216435	0.0
131.0	26.079889822522816	23.752836679732585	23.702375841246297	26.464897656498298	0.0
132.0	26.150144691575548	23.788521692584766	23.786291379281504	26.275042236558182	0.0
133.0	26.139550703385055	23.84874015177282	23.855709880845513	26.15599926399661	0.0
134.0	26.228205657189697	23.80608540984795	23.8551523025197	26.11055663044266	0.0
135.0	26.259151254272446	23.863515977406927	23.687321226449285	26.190011541871343	0.0
136.0	26.137041600918888	23.816400608875533	23.829503699532193	26.217054090673386	0.0
137.0	26.147356799946476	23.85821898331168	23.772909499461935	26.22151471727991	0.0
138.0	26.23099354881877	23.79493384333164	23.768448872855412	26.20562373499417	0.0
139.0	26.3084969361071	23.632399761356478	23.72495776344182	26.334145539094607	0.0
140.0	26.35477593714977	23.731091125025788	23.623757297306337	26.290375640518103	0.0
141.0	26.180253921169577	23.775697391091015	23.800509626589793	26.24353906114962	0.0
142.0	26.241308747846354	23.781273174349167	23.834800693627436	26.14261738417704	0.0
143.0	26.21203588574105	23.82532186208858	23.84400073600339	26.118641516166985	0.0
144.0	26.15850836646278	23.70126068459467	23.885261532113724	26.25496941682883	0.0
145.0	26.08163527027291	23.878079583376312	23.824830704808846	26.21545444154193	0.0
146.0	26.12819319027692	23.846018740259776	23.8607946070874	26.1649934623759	0.0
147.0	26.251139553880336	23.77883036468512	23.811448787681947	26.158581293752597	0.0
148.0	26.474729085875666	23.70327829090615	23.741193722765708	26.08079890045248	0.0
149.0	26.267030580468536	23.81618821666439	23.71666020803305	26.20012099483402	0.0
150.0	26.286267086338455	23.870273465052286	23.733945184321968	26.109514264287288	0.0
151.0	26.226121575056037	23.708083815641274	23.832145684877275	26.233648924425413	0.0
152.0	26.127708451819387	23.858073221594015	23.86225508235478	26.15196324423182	0.0
153.0	26.24312780881648	23.82183042833406	23.708920187793428	26.226121575056037	0.0
154.0	26.113211334515405	23.710592932097732	23.8636490359417	26.31254669744516	0.0
155.0	26.205006537660548	23.7053619968162	23.78119328335531	26.308438182167937	0.0
156.0	26.086314087373495	23.753659148568403	23.693440017842704	26.46658674621539	0.0
157.0	26.155733363071178	23.784605090746886	23.783211129387492	26.276450416794443	0.0
158.0	26.141793749477266	23.84649697510385	23.858763835066494	26.152945440352394	0.0
159.0	26.23156486102205	23.79993866570019	23.856812289163347	26.111684184114413	0.0
160.0	26.26613510273495	23.87158827957289	23.684239872870723	26.17803674482143	0.0
161.0	26.13816944994285	23.81332069475034	23.834787699684963	26.213722155621845	0.0
162.0	26.142072541749144	23.86573364186345	23.771780646240487	26.220413170146923	0.0
163.0	26.235467952828344	23.791853689815717	23.774847361231146	26.19783099612479	0.0
164.0	26.314366165769886	23.63517243302016	23.72689509046809	26.323566310741864	0.0
165.0	26.35618500655162	23.732192143633778	23.628202626223203	26.283420223591403	0.0
166.0	26.18584292843402	23.783211129387492	23.79798711979704	26.23295882238144	0.0
167.0	26.24801360506287	23.784326298475005	23.826423931528616	26.141236164933506	0.0
168.0	26.216788870612508	23.82419359335359	23.84287267556943	26.11614486046447	0.0
169.0	26.16493350804316	23.70849480052413	23.87744291728233	26.249128774150382	0.0
170.0	26.085271642007424	23.880297416424813	23.826769150991527	26.207661790576235	0.0
171.0	26.129042150721098	23.845727078332484	23.862454661280385	26.162776109666037	0.0
172.0	26.24752919660207	23.78271984922872	23.816732601222785	26.15301835294642	0.0
173.0	26.47725466908659	23.698245555341817	23.743967615399413	26.080532160172183	0.0
174.0	26.27066901968	23.81059915414189	23.718318654879297	26.200413171298813	0.0
175.0	26.290742119217487	23.878903451179156	23.732258307335883	26.098096122267478	0.0
176.0	26.232547506468016	23.7058390578999	23.827114372379338	26.23449906325274	0.0
177.0	26.126605852440004	23.85499375501829	23.863357569809974	26.155042822731733	0.0
178.0	26.237565795343027	23.82599919707378	23.717548398608262	26.218886608974927	0.0
179.0	26.10569631546079	23.70779061468463	23.870606209296103	26.31590686055848	0.0
180.0	26.209201894688128	23.699492872615956	23.786755583558925	26.304549649136995	0.0
181.0	26.082423066414634	23.74723295584439	23.708480397896768	26.46186357984421	0.0
182.0	26.159370591548036	23.77985201541181	23.782082378459155	26.278695014581	0.0
183.0	26.142364073312034	23.847599292974913	23.85735713130705	26.152679502406006	0.0
184.0	26.228511846015735	23.80327082740893	23.856241949783378	26.111975376791957	0.0
185.0	26.27088874391529	23.868230151162855	23.683388813614137	26.17749229130772	0.0
186.0	26.136509370312755	23.813307461121987	23.835889886976354	26.214293281588912	0.0
187.0	26.14543082250213	23.852338814450523	23.775670084698035	26.22656027834931	0.0
188.0	26.23799088896695	23.789888649124862	23.774554903174362	26.19756555873382	0.0
189.0	26.320793117099633	23.633484440429793	23.72604450689461	26.319677935575964	0.0
190.0	26.355084948952566	23.73022643760838	23.634599621953463	26.280088991485588	0.0
191.0	26.176655905164964	23.792119012172204	23.798252510552405	26.232972572110423	0.0
192.0	26.243009205823476	23.786264309172925	23.824738071739628	26.14598841326397	0.0
193.0	26.21903280306452	23.825574457882382	23.845368929927567	26.110023809125533	0.0
194.0	26.167734452975584	23.699558945707388	23.871018104972038	26.26168849634499	0.0
195.0	26.08249578320811	23.880842521990047	23.818670978713914	26.21799071608793	0.0
196.0	26.13351548015668	23.847386983007375	23.85296290617115	26.16613463066479	0.0
197.0	26.254234216652495	23.769045262556283	23.815604220973835	26.161116299817387	0.0
198.0	26.4708588315653	23.696837057585345	23.747577958375736	26.08472615247362	0.0
199.0	26.267616432245568	23.820901347979426	23.712728438602117	26.198753781172897	0.0
200.0	26.28992012490068	23.87721817193359	23.729735004251644	26.103126698914085	0.0
201.0	26.22614892217105	23.708055001059428	23.835465200566517	26.230330876203006	0.0
202.0	26.127454807016758	23.858605346210034	23.866690457338493	26.147249389434712	0.0
203.0	26.240367565879712	23.829889261857236	23.713352142833248	26.216391029429804	0.0
204.0	26.106545036856954	23.71028537654314	23.87059361443499	26.312575972164915	0.0
205.0	26.2039182230549	23.69892077405397	23.79677877122696	26.30038223166417	0.0
206.0	26.08215633904127	23.745267395631785	23.704841614577816	26.46773465074913	0.0
207.0	26.159941117758905	23.78290519178548	23.778444415945042	26.278709274510568	0.0
208.0	26.13596444761655	23.853720008252434	23.853720008252434	26.15659553587858	0.0
209.0	26.22267077801507	23.807160660417864	23.85650799315271	26.11366056841436	0.0
210.0	26.26142376812887	23.869890320674024	23.68393172782576	26.184754183371346	0.0
211.0	26.131224873286087	23.81190023474833	23.834482912440546	26.22239197952504	0.0
212.0	26.143213208357263	23.845077255061586	23.773704841614578	26.23800469496657	0.0
213.0	26.23716829949649	23.789317557056112	23.76812887181403	26.205385271633368	0.0
214.0	26.32722021177533	23.635699589051026	23.717108748139022	26.319971451034625	0.0
215.0	26.354542463798015	23.727424292270033	23.62538404492001	26.292649199011937	0.0
216.0	26.183638989411236	23.78736596762592	23.797123914776876	26.23187112818597	0.0
217.0	26.238562291946625	23.782626393295452	23.826955353209808	26.151855961548115	0.0
218.0	26.20928845049375	23.836434501870738	23.84981682939205	26.104460218243457	0.0
219.0	26.16468069208937	23.700380838737377	23.877139081414736	26.257799387758517	0.0
220.0	26.0850170485752	23.87525405583234	23.819773001636552	26.21995589395591	0.0
221.0	26.137431310830518	23.844028537893003	23.844586136427633	26.17395401484885	0.0
222.0	26.25173901042988	23.774049921796806	23.804717841201516	26.1694932265718	0.0
223.0	26.47366322721304	23.70462890423524	23.73529682363995	26.086411044911774	0.0
224.0	26.272648955478545	23.814754614824874	23.706022900571817	26.206573529124768	0.0
225.0	26.287425316646267	23.871072066822606	23.733624028036054	26.10787858849507	0.0
226.0	26.22644139623062	23.710828593732575	23.832106613137057	26.230623396899745	0.0
227.0	26.128024980484	23.859150217464034	23.853574216571875	26.15925058548009	0.0
228.0	26.24038139846102	23.83322181331549	23.70999219359875	26.216404594624738	0.0
229.0	26.107672577227614	23.711943793911008	23.871975019516004	26.308408609345378	0.0
230.0	26.209228864806693	23.69611825615662	23.78923773067283	26.30541514836386	0.0
231.0	26.085514026508456	23.74720501396796	23.697020726110885	26.470260233412702	0.0
232.0	26.153541616714715	23.787910047452034	23.78456442826156	26.273983907571697	0.0
233.0	26.132631496774266	23.85593763765829	23.855380034459877	26.15605083110757	0.0
234.0	26.222405611718592	23.807704960995657	23.856774042455907	26.11311538482985	0.0
235.0	26.255861803623304	23.870992924015415	23.687262670138676	26.185882602222605	0.0
236.0	26.139043933556007	23.8096565721901	23.835585120916253	26.215714373337644	0.0
237.0	26.145177568738536	23.8517556136702	23.76867273710682	26.234394080484446	0.0
238.0	26.233557675686832	23.79209207144012	23.773969967491734	26.20038028538132	0.0
239.0	26.321937782635118	23.63373276309113	23.715142830059275	26.32918662421448	0.0
240.0	26.351125287176856	23.72833627015814	23.622108714562934	26.298429728102068	0.0
241.0	26.17618273528534	23.78854502717217	23.80025596770011	26.235016269842376	0.0
242.0	26.23019845463595	23.79224864132329	23.82487361309014	26.152679290950616	0.0
243.0	26.204306082669426	23.841565604878852	23.847142709747942	26.10698560270378	0.0
244.0	26.165039473720903	23.69789705878252	23.879161054454492	26.257902413042082	0.0
245.0	26.08938157986474	23.876176532106257	23.81593808826605	26.21850379976295	0.0
246.0	26.130379972779398	23.8500970570517	23.849260358330174	26.17026261183873	0.0
247.0	26.250522968789227	23.77987895015759	23.80358686860235	26.16601121245084	0.0
248.0	26.47154807163956	23.705430983746936	23.737507565889484	26.085513378724023	0.0
249.0	26.274346823163196	23.812817802224163	23.706825617753132	26.206009756859505	0.0
