# Position (bp)	A	C	G	T	N
0.0	26.10326181754753	23.938787969400213	23.936607610076997	26.021342602975256	0.0
1.0	26.027883680944907	23.991428073060725	23.931935411527245	26.04875283446712	0.0
2.0	26.055335623670416	23.992786372598182	23.948869210954996	26.003008792776406	0.0
3.0	26.08595445952217	24.07273021736219	23.954689996480592	25.886625326635045	0.0
4.0	26.06316550033791	24.0640562080145	23.771306132491212	26.10147215915638	0.0
5.0	25.976929880289497	24.037395518018858	23.878881871519862	26.10679273017178	0.0
6.0	26.1136023916293	24.000996512207273	23.88048081714001	26.00492027902342	0.0
7.0	26.03422236754013	24.03568592647952	23.741105765488037	26.188985940492316	0.0
8.0	26.017761392014847	23.95639366518655	23.970405983571336	26.055438959227267	0.0
9.0	26.065756000959034	24.001033762303173	23.894543790108887	26.038666446628906	0.0
10.0	26.117334960736816	23.854330782212312	23.99039748914891	26.03793676790196	0.0
11.0	25.97402597402597	23.819695049615934	24.097743541522014	26.10853543483608	0.0
12.0	26.083003546441567	24.003711464751984	23.838065554680277	26.075219434126172	0.0
13.0	26.12752866888566	23.852388321340612	24.0955639900737	25.924519019700032	0.0
14.0	26.1477673609057	23.902518004651785	23.886327051035757	26.06338758340676	0.0
15.0	26.02664657327808	23.8639088075674	23.922756696671822	26.186687922482694	0.0
16.0	26.16520377249219	23.83619736772458	24.00308873576675	25.99551012401648	0.0
17.0	26.028514760233772	24.07003210167919	23.938947650287858	25.96250548779918	0.0
18.0	25.81896645670321	24.081241223413365	23.951402229992496	26.148390089890928	0.0
19.0	26.08705128484558	23.829658713379644	23.94237265970663	26.140917342068143	0.0
20.0	25.986711004832365	23.804052707617195	24.00861854232053	26.20061774522991	0.0
21.0	26.097556419070393	23.883761769541177	23.855739052458528	26.16294275892991	0.0
22.0	26.145817765157176	23.946345837692423	23.869750410999853	26.03808598615055	0.0
23.0	25.933156478852187	23.993050366163505	23.882204951925473	26.191588203058835	0.0
24.0	26.03030189807204	23.90617994320729	23.85044587256514	26.21307228615553	0.0
25.0	26.123399591491058	23.945723110646142	23.93793902256763	25.992938275295174	0.0
26.0	26.068288247895183	23.974368554775072	23.914275394808946	26.0430678025208	0.0
27.0	26.07856324415882	23.972189010113087	23.92828675335027	26.020960992377823	0.0
28.0	26.102849598963786	24.056879888407313	23.952573108155235	25.88769740447367	0.0
29.0	26.092574602700147	24.041000348727145	23.788795894983313	26.0776291535894	0.0
30.0	25.99262691177203	24.017648084491604	23.868816320430426	26.12090868330593	0.0
31.0	26.10409505305634	23.998654909580033	23.8862526777263	26.010997359637322	0.0
32.0	26.036840532057987	24.023252627908136	23.77167090121058	26.168235938823297	0.0
33.0	26.02220644647038	23.953818562247793	23.96751855726598	26.05645643401584	0.0
34.0	26.087281422806758	23.998032182533752	23.903066307975887	26.011620086683607	0.0
35.0	26.115615503412542	23.83051860708414	24.01391172221392	26.03995416728939	0.0
36.0	25.982582378747637	23.81207401710626	24.088563964766212	26.11677963937989	0.0
37.0	26.090936547425187	24.01228013911679	23.848192073332108	26.048591240125912	0.0
38.0	26.146359081978648	23.85068297376148	24.07673218772671	25.926225756533167	0.0
39.0	26.12705460365104	23.910775946620003	23.897075994258472	26.065093455470485	0.0
40.0	26.01402999666842	23.85192842397616	23.949696265828894	26.184345313526524	0.0
41.0	26.154454508374098	23.840096646936658	24.006052888043367	25.999395956645877	0.0
42.0	26.032711749888687	24.064589048133538	23.94658264029218	25.956116561685594	0.0
43.0	25.818182950409284	24.09136622774925	23.95997123010004	26.13047959174142	0.0
44.0	26.087822921888478	23.843832997580712	23.94004402666509	26.128300053865722	0.0
45.0	26.00118317401999	23.79798860416602	23.98916461686957	26.211663604944423	0.0
46.0	26.088987140766573	23.8857925709126	23.880499423981068	26.14472086433976	0.0
47.0	26.14409814117134	23.939346763396333	23.87894261606003	26.037612479372296	0.0
48.0	25.92178597004702	23.989787340037985	23.874272192296914	26.214154497618086	0.0
49.0	26.016439891646172	23.901049288538783	23.859326836254944	26.223183983560112	0.0
50.0	26.138182271071397	23.94370582557524	23.93685587072267	25.981256032630696	0.0
51.0	26.045396518977487	23.957717096864588	23.939346763396333	26.057539620761588	0.0
52.0	26.04819877323536	23.98387146993804	23.945262633496277	26.022667123330322	0.0
53.0	26.09895071146122	24.070118628763584	23.94681944141732	25.88411121835788	0.0
54.0	26.10268705047171	24.04707787153221	23.76591836099262	26.084316717003457	0.0
55.0	25.996824111841082	24.032443877074446	23.87115857645484	26.099573434629637	0.0
56.0	26.09614845720335	23.99072142479061	23.8979356726967	26.015194445309337	0.0
57.0	26.051623750661644	24.011582650932528	23.755332067129558	26.181461531276273	0.0
58.0	26.025469377588195	23.957717096864588	23.97982376934334	26.036989756203884	0.0
59.0	26.083382632250835	24.013762182021985	23.884235762991562	26.018619422735622	0.0
60.0	26.12105738393997	23.827256593081543	24.01282809726936	26.038857925709124	0.0
61.0	25.973702482478185	23.806943964430165	24.1092751213528	26.110078431738852	0.0
62.0	26.086726385632574	24.012441970165426	23.85146853233947	26.04936311186253	0.0
63.0	26.1449508205909	23.85209125356897	24.065061914058244	25.937896011781884	0.0
64.0	26.12097605325512	23.92121331004356	23.911561130986296	26.046249505715025	0.0
65.0	26.023831541452996	23.85302533541322	23.95390617459235	26.169236948541432	0.0
66.0	26.142459935672896	23.84306179574121	23.99936482434591	26.015113444239983	0.0
67.0	26.025388344526746	24.065373274672993	23.9554629776661	25.953775403134156	0.0
68.0	25.818644896332483	24.07969586295151	23.974144614551125	26.127514626164878	0.0
69.0	26.105719383132346	23.838702747134704	23.941140389387584	26.11443748034536	0.0
70.0	25.985764637016928	23.787876900850634	24.006762731495897	26.21959573063654	0.0
71.0	26.096920030388702	23.877859838342072	23.884087031248054	26.141133100021175	0.0
72.0	26.134283187824593	23.94449080243608	23.88159615408566	26.03962985565367	0.0
73.0	25.921313190440014	24.00209233681641	23.86540545253011	26.211189020213467	0.0
74.0	26.024684592679314	23.898098215286513	23.859178259624127	26.21803893241005	0.0
75.0	26.141133100021175	23.94262264456428	23.95071799534206	25.965526260072487	0.0
76.0	26.045545688914352	23.979051723064277	23.93265913591471	26.04274345210666	0.0
77.0	26.068274943021187	23.976249486256584	23.94698167959847	26.008493891123756	0.0
78.0	26.10439266187588	24.06436426587623	23.94355672350018	25.887686348747714	0.0
79.0	26.0975427496793	24.045371327512985	23.77573387468397	26.081352048123748	0.0
80.0	25.992303189568204	24.037275976735206	23.879727996213866	26.09069283748272	0.0
81.0	26.111865293363056	23.98559027561556	23.880350715504463	26.022193715516917	0.0
82.0	26.04585704855965	24.01610352085487	23.761722690645513	26.17631673993997	0.0
83.0	26.010673408640855	23.951340714632657	23.993996986038635	26.043988890687856	0.0
84.0	26.060802311534008	24.02295343305145	23.903702688901895	26.01254156651265	0.0
85.0	26.13459454746989	23.82773093544892	24.017037599790765	26.020636917290425	0.0
86.0	25.986617804111802	23.792784574045765	24.124070205154233	26.096527416688204	0.0
87.0	26.087186656412587	24.00326303892295	23.842290603506523	26.06725970115794	0.0
88.0	26.142919859390425	23.860349406706042	24.072384664962495	25.92434606894104	0.0
89.0	26.148212956879934	23.926668804662906	23.88058772063654	26.044530517820615	0.0
90.0	26.022112693159137	23.87249239506434	23.943482173159016	26.161912738617506	0.0
91.0	26.136381327197494	23.84073381012725	24.007933419060755	26.0149514436145	0.0
92.0	26.034878398869143	24.054948579114683	23.968079508551465	25.942093513464705	0.0
93.0	25.818172760474884	24.081102707886405	23.97430668206854	26.12641784957017	0.0
94.0	26.098395568743328	23.83793158204457	23.955625161517315	26.108047687694796	0.0
95.0	25.99930255873763	23.78990827401969	24.024049269243463	26.186739897999217	0.0
96.0	26.072782977451475	23.88487237447614	23.899506186677627	26.142838461394756	0.0
97.0	26.130384153138174	23.9458984849334	23.895147178787823	26.028570183140605	0.0
98.0	25.923642636078885	24.002876945207273	23.879890651173508	26.193589767540338	0.0
99.0	26.022654386718724	23.89701532502631	23.850623026770535	26.22970726148443	0.0
100.0	26.136611307266467	23.943407623282084	23.932198745851156	25.98778232360029	0.0
101.0	26.057215092130747	23.973297963097885	23.934689607502474	26.034797337268895	0.0
102.0	26.0646876770847	23.97018438603374	23.951502923648864	26.013625013232705	0.0
103.0	26.128204649193272	24.04023986997702	23.94870070429113	25.882854776538572	0.0
104.0	26.118863918000834	24.031833211903827	23.782124331359324	26.067178538736012	0.0
105.0	26.00677514369158	24.04023986997702	23.879890651173508	26.073094335157887	0.0
106.0	26.098002951671056	24.005679164565002	23.87397485475163	26.022343029012312	0.0
107.0	26.048185718644724	23.99260214089559	23.779322112001594	26.179890028458097	0.0
108.0	26.00646378598517	23.952748354474522	23.99540436025332	26.045383499286988	0.0
109.0	26.074339765983545	24.00007472584954	23.914762714291943	26.010822793874972	0.0
110.0	26.131629583963832	23.82104404466115	24.0333900004359	26.013936370939117	0.0
111.0	25.99299447341792	23.781116213902077	24.123919981318593	26.101969331361406	0.0
112.0	26.093562699462908	24.014945123375107	23.841830777613453	26.049661399548533	0.0
113.0	26.15614540359617	23.86175760878026	24.062894060870242	25.919202926753325	0.0
114.0	26.162061181598816	23.9062816221686	23.896940920059155	26.034716276173427	0.0
115.0	26.041877481123997	23.85303962014478	23.951428349030902	26.153654549700317	0.0
116.0	26.13341636179653	23.83996263719156	24.027399392854363	25.999221608157548	0.0
117.0	26.035027632910406	24.05417607223476	23.962637191562234	25.948159103292596	0.0
118.0	25.8108507822838	24.08717988635479	23.990659297890556	26.111310033470847	0.0
119.0	26.117537168210475	23.840896707402507	23.95796684050751	26.083599283879504	0.0
120.0	26.00802057451724	23.767801876864254	24.001942872088026	26.22223467653048	0.0
121.0	26.08118963552467	23.87739978952219	23.89919482897121	26.14221574598193	0.0
122.0	26.11668441405593	23.958975508602816	23.90261976374177	26.021720313599484	0.0
123.0	25.93422879809698	23.98388412511598	23.889231382365946	26.19265569442109	0.0
124.0	26.0114455092878	23.916942218236844	23.855293392366754	26.216318880108602	0.0
125.0	26.14750882699098	23.939359973098696	23.938114542273038	25.975016657637294	0.0
126.0	26.066867181029597	23.973920678510712	23.947766631171888	26.0114455092878	0.0
127.0	26.078076058460525	23.953682427593765	23.95555057383225	26.01269094011346	0.0
128.0	26.125402429835543	24.035880862087218	23.96364587419903	25.875070833878212	0.0
129.0	26.122288852771398	24.02436062694988	23.77651989264386	26.076830627634866	0.0
130.0	26.029192898553433	24.017510757408754	23.87926793576068	26.074028408277133	0.0
131.0	26.104622742260403	23.992988202619774	23.893976143698257	26.00841291142157	0.0
132.0	26.05916437558574	23.99454499599904	23.781575661715028	26.164714966700192	0.0
133.0	25.97976791324302	23.95780467224829	23.997347224081725	26.065080190426965	0.0
134.0	26.060721168965014	24.01135836449515	23.92044163114583	26.00747883539401	0.0
135.0	26.119567958701385	23.813334246652115	24.051212275004435	26.01588551964206	0.0
136.0	25.97050801439727	23.779781550072858	24.149365449042882	26.100344986486988	0.0
137.0	26.07356805699127	24.004271854333503	23.85388514565404	26.068274943021187	0.0
138.0	26.171334985615186	23.838939882679686	24.056268915098453	25.933456216606675	0.0
139.0	26.15265340689724	23.907127645000187	23.90525948712839	26.034959460974182	0.0
140.0	26.04180937317076	23.84298755806857	23.945113521726675	26.170089547033985	0.0
141.0	26.118092486269042	23.840185321260883	24.028557906666833	26.01316428580325	0.0
142.0	26.039941215298967	24.050041722192468	23.958813346119836	25.951203716388726	0.0
143.0	25.83786880549986	24.077441370978793	23.98808115277795	26.096608670743404	0.0
144.0	26.12089472307673	23.827419575803617	23.980297161645474	26.071388539474178	0.0
145.0	25.99020459505995	23.778921509102627	24.021782788607936	26.209091107229483	0.0
146.0	26.087037746247326	23.86765928430649	23.90720208237979	26.13810088706639	0.0
147.0	26.145262181205652	23.926195079879566	23.905956639920788	26.022586098993994	0.0
148.0	25.927309750880372	23.985042236067393	23.882915954429258	26.204732058622977	0.0
149.0	26.018308061151412	23.897001587944082	23.87178129962325	26.21290905128125	0.0
150.0	26.15001401127129	23.94681944141732	23.933119531712176	25.970047015599217	0.0
151.0	26.088987140766573	23.959273904785626	23.955537565775135	25.996201388672663	0.0
152.0	26.069682722545696	23.94650807983311	23.939346763396333	26.04446243422486	0.0
153.0	26.12105738393997	24.034000684995487	23.96020798953825	25.884733941526296	0.0
154.0	26.127595977208333	24.019989413706135	23.79518634990815	26.057228259177386	0.0
155.0	26.03045116293552	24.019055328953513	23.883924401407356	26.066569106703614	0.0
156.0	26.110241025752796	23.984880234393728	23.890848743185053	26.01402999666842	0.0
157.0	26.045166252035536	23.974916632676255	23.806158128586507	26.173758986701706	0.0
158.0	25.99472551834081	23.942846289648127	24.00325062506033	26.05917756695073	0.0
159.0	26.075057057187962	23.993598385896522	23.924475898981534	26.006868657933985	0.0
160.0	26.121450077684955	23.817678543072336	24.058050434506445	26.00282094473626	0.0
161.0	25.961179195934836	23.785682259751905	24.138457131470133	26.114681412843122	0.0
162.0	26.10129278134808	23.98526627808499	23.854493598365963	26.058947342200966	0.0
163.0	26.178822298610072	23.825848154237033	24.063418522393263	25.93191102475963	0.0
164.0	26.14114731231007	23.904934489114734	23.924861754595725	26.029056443979474	0.0
165.0	26.0415109849051	23.84079360334778	23.965650376127137	26.152045035619985	0.0
166.0	26.122154137398496	23.837679968116376	24.048161709759377	25.992004184725754	0.0
167.0	26.040576894335675	24.045670801574254	23.973123100682507	25.94062920340756	0.0
168.0	25.83974742191003	24.07649579036517	23.97467991829821	26.109076869426595	0.0
169.0	26.137099586509244	23.82335724605191	23.96378219498829	26.075760972450556	0.0
170.0	25.98523509576015	23.78357676847248	24.02799789517603	26.203190240591347	0.0
171.0	26.094524032668364	23.873561106838498	23.91933168725305	26.11258317324009	0.0
172.0	26.140605977575532	23.937702192317392	23.899404359725626	26.02228747038145	0.0
173.0	25.94008724433083	23.982850043746712	23.887883873498833	26.189178838423622	0.0
174.0	26.01396162732045	23.89698785051967	23.8683422280067	26.220708294153177	0.0
175.0	26.13072367560701	23.952722268235117	23.940267649751217	25.976286406406658	0.0
176.0	26.087132510913356	23.958949577477068	23.9673564449537	25.98656146665587	0.0
177.0	26.07965973982302	23.93404034050927	23.92781303126732	26.058486888400388	0.0
178.0	26.140998735856225	24.009702147798958	23.943381304372195	25.90591781197262	0.0
179.0	26.156878374423197	24.000361183936032	23.797350902648475	26.0454095389923	0.0
180.0	26.041673153447125	23.982924718058573	23.89200600312611	26.083396125368193	0.0
181.0	26.080052309560507	23.988915355035573	23.905780517802373	26.025251817601546	0.0
182.0	26.05296343001261	23.97303566702474	23.81143648903212	26.162564413930532	0.0
183.0	25.987887845811343	23.941899023866238	24.026902059688947	26.043311070633475	0.0
184.0	26.06728628586552	23.998879080846294	23.909516914981396	26.02431771830679	0.0
185.0	26.120841312098143	23.829495742064047	24.05212274064733	25.99754020519048	0.0
186.0	25.977070904584576	23.780062522574134	24.123500765963808	26.119365806877482	0.0
187.0	26.09601325179659	23.977158087456875	23.852299759624366	26.074528901122168	0.0
188.0	26.2034350051687	23.801546873248558	24.067454633769664	25.92756348781308	0.0
189.0	26.140227422749746	23.916130076845473	23.921734690064888	26.02190781033989	0.0
190.0	26.045883100222937	23.827390367538083	23.95660783898569	26.17011869325329	0.0
191.0	26.12995229851415	23.830815408949945	24.04597028309524	25.99326200944066	0.0
192.0	26.06082873547471	24.046904385298475	23.948823653958726	25.943443225268087	0.0
193.0	25.841314717714315	24.07866386020849	23.984319537681685	26.09570188439551	0.0
194.0	26.141161524952985	23.80341507765503	23.95380553237598	26.101617865016003	0.0
195.0	25.99209747075473	23.78262751313196	24.01677652780675	26.20849848830656	0.0
196.0	26.094226296304367	23.8676310782998	23.902192967433983	26.135949657961845	0.0
197.0	26.153074918343645	23.94858685465013	23.882576760087556	26.01576146691867	0.0
198.0	25.95068547746783	23.984082848896044	23.877594866158304	26.187636807477823	0.0
199.0	26.04012928055	23.887010293870382	23.863346224024014	26.2095142015556	0.0
200.0	26.13463694108855	23.94881056171379	23.94538547764354	25.971167019554116	0.0
201.0	26.090422219454478	23.957528957528957	23.976833976833976	25.97521484618259	0.0
202.0	26.086225471574735	23.9349479072606	23.915331394516095	26.063495226648563	0.0
203.0	26.15256232212583	24.003126226047318	23.943030446452482	25.901281005374372	0.0
204.0	26.145252092467118	23.998916400956556	23.813023116779593	26.042808389796733	0.0
205.0	26.06149113192507	23.973383320047827	23.892113391789557	26.073012156237546	0.0
206.0	26.097543507842154	23.983882870567868	23.909151203958288	26.00942241763169	0.0
207.0	26.0639275093805	23.966743994145947	23.80669168132775	26.162636815145806	0.0
208.0	25.985632389712865	23.94913106162752	24.020439747274544	26.04479680138507	0.0
209.0	26.078751926759775	23.98181450168932	23.91984679340464	26.019586778146262	0.0
210.0	26.124066975365345	23.80820407743832	24.057944839054223	26.00978410814211	0.0
211.0	25.98713301695253	23.777449771433552	24.130575588854427	26.10484162275949	0.0
212.0	26.103596029047242	23.96273183612969	23.870557901423712	26.063114233399347	0.0
213.0	26.20342170985844	23.804986204791888	24.066877175937172	25.924714909412504	0.0
214.0	26.123079414310897	23.934530371256145	23.931727733039367	26.0106624813936	0.0
215.0	26.059092437812186	23.836275083768264	23.95523224673335	26.149400231686204	0.0
216.0	26.123567513702046	23.834703537618335	24.05144494270055	25.990284005979074	0.0
217.0	26.06207064069906	24.05626592093872	23.948205955443168	25.933457482919053	0.0
218.0	25.836146439292968	24.071052205433553	23.981364989598774	26.111436365674713	0.0
219.0	26.15565714570436	23.818806910898243	23.93807845140074	26.087457491996663	0.0
220.0	25.97403406277541	23.790067670882213	24.016156306346986	26.21974195999539	0.0
221.0	26.105614569416808	23.871807568099506	23.896721071529782	26.125856790953904	0.0
222.0	26.15311311735267	23.937666026178025	23.877873245533447	26.03134761093585	0.0
223.0	25.92110467162241	23.985936239719223	23.88783870897421	26.205120379684153	0.0
224.0	26.038617253192154	23.905948302709437	23.859233883525384	26.19620056057303	0.0
225.0	26.13034026994874	23.93879750107444	23.947517580302588	25.98334464867424	0.0
226.0	26.070558777180512	23.944701551570567	23.984876702772397	25.999862968476524	0.0
227.0	26.077098918073837	23.91604950575221	23.936604234274075	26.070247341899876	0.0
228.0	26.16149787912574	23.98799105557874	23.942210069325494	25.90830099597003	0.0
229.0	26.150760529692423	24.006203829432064	23.804081073337237	26.038954567538276	0.0
230.0	26.06791822904339	23.976305856265494	23.887857685647727	26.06791822904339	0.0
231.0	26.099454671728576	23.986035111541586	23.907241249365445	26.007268967364393	0.0
232.0	26.058818583009696	23.97559555138918	23.796828916593217	26.16875694900791	0.0
233.0	25.987822539203016	23.931357740162262	24.026971051279254	26.053848669355467	0.0
234.0	26.0775184141271	23.970911129451704	23.92699752402012	26.024572932401078	0.0
235.0	26.128283787782053	23.802108475948735	24.04596913589859	26.023638600370617	0.0
236.0	25.978560127567864	23.794396481917506	24.140411854841723	26.08663153567291	0.0
237.0	26.100660271583404	23.972530210539432	23.85355674598231	26.073252771894857	0.0
238.0	26.20812517908532	23.81616813464725	24.060035630193475	25.915671056073954	0.0
239.0	26.129950541304865	23.92704531014464	23.93015983754625	26.012844311004248	0.0
240.0	26.069893477854606	23.819846757615398	23.96063041176104	26.149629352768955	0.0
241.0	26.120881380006356	23.838936961519053	24.0529276543256	25.98725400414899	0.0
242.0	26.089313081724956	24.0402706305992	23.954296821461057	25.916119466214788	0.0
243.0	25.824800555733805	24.08813240420289	23.989072229819605	26.097994810243698	0.0
244.0	26.15397555755625	23.83029230620656	23.962379945108864	26.05335219112832	0.0
245.0	25.993937146969664	23.774733542905746	24.036750983733732	26.19457832639086	0.0
246.0	26.087837037867885	23.878513699611787	23.92742975716449	26.106219505355842	0.0
247.0	26.15240326792091	23.958833170269646	23.888102998086858	26.00066056372259	0.0
248.0	25.93353109069834	24.00477359689903	23.89758578141164	26.164109530990988	0.0
249.0	26.068220271647174	23.89672546435215	23.858711062502532	26.176343201498142	0.0
