# Position (bp)	A	C	G	T	N
0.0	26.161777116460872	23.809629563826952	23.728568890468154	26.300024429244022	0.0
1.0	26.26560140357111	23.74217153770987	23.808519143643956	26.183707915075065	0.0
2.0	26.30471473939017	23.67835172888583	23.71027560016878	26.306657931555222	0.0
3.0	26.198076859017778	23.873541266474945	23.680338881424813	26.248042993082464	0.0
4.0	26.36557945870923	23.667730742539902	23.760721721027064	26.205968077723803	0.0
5.0	26.18452134761597	23.796186547712566	23.716242286627935	26.303049818043533	0.0
6.0	26.287549478429344	23.73743261773507	23.71605904657218	26.258958857263405	0.0
7.0	26.191916948870258	23.72009104535613	23.749236662410482	26.33875534336313	0.0
8.0	26.2913482650175	23.620521674443392	23.683808773035256	26.40432128750385	0.0
9.0	26.247886995550544	23.7486433748116	23.7966630489995	26.206806580638357	0.0
10.0	26.247945996358307	23.71902340453879	23.639361371408267	26.393669227694634	0.0
11.0	26.2362881378514	23.69404227916685	23.818670337966868	26.250999245014878	0.0
12.0	26.21352755695697	23.67711062752587	23.77592485677488	26.333436958742283	0.0
13.0	26.27292712173025	23.74761291468668	23.741228849313853	26.23823111426922	0.0
14.0	26.29644741626489	23.80139505319577	23.622641718918707	26.27951581162063	0.0
15.0	26.355291681585907	23.591276615233447	23.859684183938292	26.19374751924235	0.0
16.0	26.37472139183342	23.732835932750998	23.720622972023993	26.1718197033916	0.0
17.0	26.262861774265627	23.866900933458794	23.576010414324696	26.294226877950887	0.0
18.0	26.24787314064612	23.745048893478003	23.804448293377522	26.202629672498357	0.0
19.0	26.206793181837106	23.781132641080514	23.79473343825377	26.21734073882861	0.0
20.0	26.29700255084339	23.695364348702235	23.660668437545972	26.346964662908405	0.0
21.0	26.175983212730348	23.803338024220523	23.7422732205855	26.278405542463634	0.0
22.0	26.281736349934633	23.750045104684503	23.615702536687454	26.352516008693406	0.0
23.0	26.321706039586644	23.73977511498225	23.722565943048743	26.215952902382362	0.0
24.0	26.170987001523844	23.866900933458794	23.739497547693	26.22261451732436	0.0
25.0	26.16182728097859	23.791957765361268	23.732003230883247	26.314211722776893	0.0
26.0	26.260641235951628	23.73977511498225	23.812220177476526	26.1873634715896	0.0
27.0	26.3096976190344	23.69085751400323	23.706123672538123	26.293321194424244	0.0
28.0	26.19783831195146	23.868222519526803	23.69085751400323	26.24308165451851	0.0
29.0	26.341340202179452	23.670595158129647	23.77856853394916	26.209496105741742	0.0
30.0	26.174245157852077	23.809933550575398	23.712507702470898	26.303313589101627	0.0
31.0	26.281385834115145	23.743317586059497	23.719724431960117	26.255572147865237	0.0
32.0	26.204222341884233	23.711119869876814	23.747203517322927	26.337454270916027	0.0
33.0	26.28388393278449	23.62229858385562	23.68724914925862	26.406568334101266	0.0
34.0	26.24780028533838	23.749424049473454	23.79327955944642	26.209496105741742	0.0
35.0	26.242248954962054	23.721667397591833	23.638952574984597	26.397131072461516	0.0
36.0	26.243914354074953	23.68419591755164	23.815207314432904	26.256682413940503	0.0
37.0	26.21032880529819	23.67031759161083	23.78689552951365	26.33245807357733	0.0
38.0	26.28527176537857	23.748036216879377	23.7330476248633	26.23364439287875	0.0
39.0	26.300742488376933	23.79432378044549	23.628617028658663	26.27631670251891	0.0
40.0	26.354312677815557	23.5883699951426	23.865380612032475	26.19193671500937	0.0
41.0	26.376240371938103	23.731038789813336	23.723822080355284	26.168898757893277	0.0
42.0	26.256609534383458	23.875095413226006	23.5842065089168	26.284088543473732	0.0
43.0	26.251613350912496	23.746860037471375	23.800152661161615	26.201373950454514	0.0
44.0	26.211921448893204	23.779612795781	23.79432378044549	26.2141419748803	0.0
45.0	26.299909791131775	23.696343071265005	23.6569287349941	26.346818402609117	0.0
46.0	26.173339809867464	23.798209700922907	23.73908819651655	26.28936229269308	0.0
47.0	26.28103532024148	23.75241135243911	23.622510582194156	26.34404274512525	0.0
48.0	26.326556102976895	23.735479841787523	23.729095829574632	26.208868225660954	0.0
49.0	26.18694053153841	23.866213309277633	23.732704184303657	26.2141419748803	0.0
50.0	26.158628825202968	23.789327596974534	23.738533065019777	26.31351051280272	0.0
51.0	26.261050586357644	23.743529248490734	23.820692526542224	26.174727638609397	0.0
52.0	26.307053481219956	23.69960807825112	23.71043311239161	26.282905328137318	0.0
53.0	26.203521744440373	23.857820115689083	23.70377155292054	26.234886586950008	0.0
54.0	26.35312926756154	23.667410540807605	23.772885232432913	26.206574959197948	0.0
55.0	26.183259501049193	23.810356504457694	23.709600417457725	26.29678357703538	0.0
56.0	26.28235019818139	23.752622989041736	23.71876006173045	26.24626675104642	0.0
57.0	26.2040768743963	23.711265807325496	23.760949938380573	26.32370737989763	0.0
58.0	26.292342537388002	23.62716361900321	23.684619569441207	26.39587427416758	0.0
59.0	26.250985355671762	23.750957599173965	23.7945353007139	26.203521744440373	0.0
60.0	26.24293597131088	23.731805615694633	23.64603803750458	26.379220375489904	0.0
61.0	26.238494931663503	23.692391388824124	23.82201423353207	26.247099445980304	0.0
62.0	26.211015998845326	23.664357326050027	23.79148208595632	26.333144589148322	0.0
63.0	26.276521333644205	23.75373324895358	23.739577435077553	26.230167982324666	0.0
64.0	26.292269559255793	23.79502438401563	23.636535221510115	26.276170835218455	0.0
65.0	26.35721958382023	23.58768392098302	23.87385261895708	26.181243876239673	0.0
66.0	26.381922798291313	23.72813140999842	23.72896410262104	26.16098168908923	0.0
67.0	26.25174518495491	23.87079941267414	23.591014691473504	26.286440710897445	0.0
68.0	26.26090480380374	23.743952569828217	23.798632718713655	26.196509907654388	0.0
69.0	26.20789004016354	23.781146173638618	23.79419169139301	26.21677209480483	0.0
70.0	26.303372127557406	23.698432039791605	23.652911509754997	26.345284322895996	0.0
71.0	26.176802848919028	23.798910282921195	23.741732056167894	26.282554811991883	0.0
72.0	26.277558656256154	23.74922628977148	23.629596116321608	26.343618937650753	0.0
73.0	26.32280162208523	23.74534039086592	23.726188460545636	26.20566952650322	0.0
74.0	26.18512977514523	23.86497056431579	23.73784615726233	26.212053503276643	0.0
75.0	26.162924638542012	23.78947309986483	23.743675005620677	26.303927255972486	0.0
76.0	26.2606272395962	23.75089167501672	23.816674392203776	26.171806693183303	0.0
77.0	26.308572824319	23.703639966914437	23.707248291597043	26.280538917169523	0.0
78.0	26.206151916020403	23.854079349835406	23.710579052842526	26.229189681301662	0.0
79.0	26.346599015204923	23.67172017164523	23.77941478524917	26.202266027900677	0.0
80.0	26.172566740128456	23.819661483632085	23.708636108782663	26.299135667456795	0.0
81.0	26.28692287622336	23.74582960935722	23.72251428063884	26.244733233780583	0.0
82.0	26.198380139780948	23.713909814088012	23.75693214684216	26.330777899288883	0.0
83.0	26.285812622474868	23.624534387334226	23.69448037348936	26.395172616701544	0.0
84.0	26.251672319708668	23.751103314662565	23.800232043033436	26.19699232259533	0.0
85.0	26.2461210509662	23.72251428063884	23.641743320435886	26.389621347959075	0.0
86.0	26.23918196503811	23.690039358495383	23.832151838302646	26.238626838163864	0.0
87.0	26.212813438511372	23.66367083196865	23.797178845225076	26.326336884294903	0.0
88.0	26.283036988103632	23.746107172794343	23.7397232137405	26.231132625361525	0.0
89.0	26.28962554020634	23.802386483808384	23.633073257114624	26.27491471887065	0.0
90.0	26.35707326821713	23.588940793107565	23.87705084115366	26.176935097521643	0.0
91.0	26.38510709755495	23.718562558461638	23.730220190463502	26.166110153519913	0.0
92.0	26.255485332200877	23.86345027048482	23.59560229710863	26.285462100205674	0.0
93.0	26.260481460201678	23.749649577133276	23.791283977139937	26.19858498552511	0.0
94.0	26.20829967885999	23.7751853424707	23.796835230474162	26.219679748195148	0.0
95.0	26.303226110875183	23.695247294457904	23.660551961119022	26.340974633547887	0.0
96.0	26.174992158854664	23.800721107808116	23.740767571798525	26.2835191615387	0.0
97.0	26.285462100205674	23.74798420113301	23.62668931578027	26.339864382881046	0.0
98.0	26.324320873545226	23.740767571798525	23.734106067797455	26.200805486858798	0.0
99.0	26.185261977522977	23.867613710485486	23.73438363046417	26.212740681527375	0.0
100.0	26.16361208951951	23.786565411805853	23.746596387799457	26.303226110875183	0.0
101.0	26.26297952420208	23.746596387799457	23.821538307811448	26.168885780187022	0.0
102.0	26.304263350727215	23.711280115465748	23.700177639613635	26.284278894193402	0.0
103.0	26.206561563228597	23.85061618740979	23.713778172532475	26.229044076829133	0.0
104.0	26.348950816031973	23.670478516709224	23.780670589541465	26.19990007771733	0.0
105.0	26.170478516709228	23.82147218829799	23.710724991673143	26.29732430331964	0.0
106.0	26.300377484178973	23.741811924059064	23.722660153214168	26.235150438547794	0.0
107.0	26.202675696680362	23.710447429776842	23.762073942489177	26.324802931053625	0.0
108.0	26.273176418341286	23.627733984678585	23.699622515821027	26.399467081159102	0.0
109.0	26.254024647496394	23.74597535250361	23.804540912623516	26.195459087376484	0.0
110.0	26.235983124236707	23.730987010103252	23.65437992672366	26.378649938936384	0.0
111.0	26.232929943377375	23.69407127789497	23.83812590207616	26.234872876651494	0.0
112.0	26.21932941045853	23.66603752636838	23.7934384367714	26.321194626401688	0.0
113.0	26.284834017986007	23.74236704785167	23.746808038192516	26.225990895969804	0.0
114.0	26.29641862879253	23.791151906428592	23.628778647777708	26.283650817001174	0.0
115.0	26.36358842126007	23.582148378626684	23.87386512194648	26.180398078166768	0.0
116.0	26.391899656101764	23.71315723005099	23.734251875619307	26.16069123822794	0.0
117.0	26.260335682425662	23.856933893266643	23.6043532686986	26.278377155609096	0.0
118.0	26.268662516202628	23.730088458730826	23.800033862457358	26.201215162609188	0.0
119.0	26.21342785214874	23.770612383112073	23.79448263993938	26.221477124799808	0.0
120.0	26.298361556673814	23.697891368126545	23.661253299507884	26.34249377569175	0.0
121.0	26.168740510879008	23.79253971205809	23.742578709396277	26.29614106766663	0.0
122.0	26.283373255875276	23.743688953899873	23.637938164932372	26.334999625292483	0.0
123.0	26.319733763368035	23.739247975885487	23.734251875619307	26.206766385127167	0.0
124.0	26.173736611145188	23.8683138994285	23.737027486878297	26.220922002548015	0.0
125.0	26.16818538862721	23.774498238874656	23.75534652118763	26.301969851310503	0.0
126.0	26.260335682425662	23.74896261529195	23.827234852795456	26.163466849486927	0.0
127.0	26.317031197957146	23.701287887198845	23.70461862995448	26.27706228488953	0.0
128.0	26.206839125124905	23.84756300655046	23.71239036305096	26.233207505273676	0.0
129.0	26.35811035860997	23.659931164649716	23.787887198845343	26.19407127789497	0.0
130.0	26.16909070722771	23.815920950371932	23.716276229599202	26.298712112801155	0.0
131.0	26.30481847451982	23.74153436216276	23.725435772177196	26.228211391140228	0.0
132.0	26.210169867880538	23.692683468413456	23.76707005662263	26.33007660708338	0.0
133.0	26.276229599200622	23.623015432441434	23.701843010991453	26.398911957366494	0.0
134.0	26.2548573331853	23.745420228711005	23.800377484178973	26.199344953924726	0.0
135.0	26.242367047851673	23.715998667702898	23.66131897413123	26.380315310314202	0.0
136.0	26.23459531475519	23.678805373598312	23.834795159320528	26.25180415232597	0.0
137.0	26.208226934606415	23.65743310758299	23.807594093482848	26.326745864327744	0.0
138.0	26.276229599200622	23.73653824802931	23.748473409570334	26.238758743199735	0.0
139.0	26.29545435620727	23.788508350472828	23.642787950449513	26.273249342870386	0.0
140.0	26.366510398885307	23.586720291773876	23.872609838486284	26.17415947085453	0.0
141.0	26.391213476222593	23.71439911846097	23.734106067797455	26.160281337518974	0.0
142.0	26.26131414820181	23.847074073148868	23.61586437177854	26.275747406870785	0.0
143.0	26.271306404203408	23.730497753130216	23.79988841980798	26.198307422858395	0.0
144.0	26.213295806860792	23.761862334468564	23.80405185980865	26.220789998861992	0.0
145.0	26.29545435620727	23.694414606457773	23.666380777119954	26.343750260215	0.0
146.0	26.176102409521512	23.78906347580625	23.746873950466167	26.287960164206076	0.0
147.0	26.28990310287305	23.742155385132076	23.639179635782266	26.328761876212603	0.0
148.0	26.321545246878113	23.739102195798257	23.73299581713061	26.206356740193016	0.0
149.0	26.167497966853464	23.86095220648442	23.748816889133145	26.22273293752897	0.0
150.0	26.163889652186224	23.775462905137406	23.751592515800255	26.30905492687611	0.0
151.0	26.262424398868657	23.736049006464434	23.83513887848029	26.166387716186623	0.0
152.0	26.316067037121332	23.69670088098635	23.710856616279653	26.276375465612666	0.0
153.0	26.204764098834787	23.84436462953608	23.717518138770615	26.233353132858518	0.0
154.0	26.35326053769589	23.667834283525497	23.790794886171234	26.188110292607377	0.0
155.0	26.165350090763244	23.813555088015363	23.718905955956235	26.30218886526516	0.0
156.0	26.30329911901365	23.736947579369264	23.7350046353094	26.224748666307683	0.0
157.0	26.209205113828766	23.69836626160909	23.769977628386968	26.322450996175178	0.0
158.0	26.274154958115677	23.618427991717507	23.71307712377664	26.394339926390174	0.0
159.0	26.257501151888263	23.746384736231466	23.80772625583577	26.1883878560445	0.0
160.0	26.24084734566085	23.720571336578974	23.67172017164523	26.366861146114946	0.0
161.0	26.235018513481258	23.676161186639206	23.84353193922471	26.24528836065483	0.0
162.0	26.21336856538562	23.66228301478303	23.814110214889613	26.31023820494174	0.0
163.0	26.287478003097608	23.726955295632816	23.7444417921716	26.241124909097973	0.0
164.0	26.2964330223689	23.786975021996966	23.635702528887496	26.28088942674664	0.0
165.0	26.372763179442483	23.582965329454836	23.876073132617403	26.168198358485277	0.0
166.0	26.392192673970307	23.708146787055515	23.73673590043217	26.162924638542012	0.0
167.0	26.264513138501766	23.848039147655832	23.612387135454107	26.275060578388292	0.0
168.0	26.279501605708937	23.72230256164007	23.80279618182676	26.195399650824225	0.0
169.0	26.222600943163176	23.758663472827852	23.799187847128735	26.219547736880234	0.0
170.0	26.295322765538735	23.685941650452293	23.671785875867734	26.34694970814124	0.0
171.0	26.171251564768223	23.786697457789423	23.75588783075245	26.286163146689905	0.0
172.0	26.284497761444666	23.74783846873378	23.64042112041568	26.327242649405875	0.0
173.0	26.329463163066197	23.73729102884725	23.732850001526604	26.20039580655995	0.0
174.0	26.181243876239673	23.853590431806637	23.743675005620677	26.221490686333016	0.0
175.0	26.16958617952298	23.7844769441291	23.743952569828217	26.301984306519703	0.0
176.0	26.26784390899225	23.732294873111524	23.842765427712564	26.157095790183664	0.0
177.0	26.319821470206172	23.702383728030732	23.709600417457725	26.268194384305367	0.0
178.0	26.203799309418336	23.843109171857133	23.721258146532104	26.23183337219243	0.0
179.0	26.35257413760561	23.65658550666711	23.797866080449435	26.19297427527784	0.0
180.0	26.16605047241559	23.804527639920504	23.725699186179487	26.303722701484418	0.0
181.0	26.3045553964183	23.735969090364055	23.72680944609133	26.232666067126313	0.0
182.0	26.206019829242027	23.6954446035817	23.770109582653298	26.32842598452298	0.0
183.0	26.268471949283327	23.61689371481864	23.72070301657618	26.39393131932185	0.0
184.0	26.26347577968002	23.73680178529794	23.80702572472216	26.192696710299877	0.0
185.0	26.248487270870115	23.71515171701695	23.66713297582964	26.369228036283292	0.0
186.0	26.240437886509234	23.67379453530071	23.84449699674694	26.241270581443114	0.0
187.0	26.207685219109795	23.661581676270416	23.82145910357615	26.309274001043644	0.0
188.0	26.285680977916932	23.72653188111337	23.744018474724935	26.243768666244765	0.0
189.0	26.290194989938243	23.791270557213238	23.646103670807022	26.272430782041496	0.0
190.0	26.382624384150994	23.57921032544584	23.87176462424537	26.166400666157795	0.0
191.0	26.395392408576786	23.702171951981125	23.73908819651655	26.163347442925545	0.0
192.0	26.258830060370553	23.847616404135728	23.61057525501353	26.28297828048019	0.0
193.0	26.27881479425439	23.71771563389078	23.792658385955175	26.210811185899658	0.0
194.0	26.221913815835123	23.75574214141975	23.79376864894872	26.228575393796405	0.0
195.0	26.29546873915759	23.682464783845674	23.67025189091666	26.35181458608008	0.0
196.0	26.173617375615848	23.783498716258414	23.753799181181044	26.289084726944694	0.0
197.0	26.28353341197696	23.741863854000417	23.64638123655541	26.328221497467215	0.0
198.0	26.331829852196236	23.74325168274235	23.72881826382624	26.19610020123517	0.0
199.0	26.182777045312612	23.85177989036153	23.73742280202623	26.228020262299633	0.0
200.0	26.168898757893277	23.785719242245506	23.74574977447783	26.29963222538339	0.0
201.0	26.274928873776975	23.725487474845604	23.833738116716397	26.165845534661024	0.0
202.0	26.31580408244836	23.690024814446783	23.719724431960117	26.27444667114474	0.0
203.0	26.218100667825045	23.844074232389794	23.708899337726287	26.22892576205888	0.0
204.0	26.356051227676712	23.6578270982641	23.792169293371156	26.193952380688028	0.0
205.0	26.16508546273114	23.808268151462496	23.721667397591833	26.30497898821453	0.0
206.0	26.311085451628486	23.73082709271277	23.73277005834448	26.225317397314267	0.0
207.0	26.213382037005168	23.692245346597314	23.759138877632026	26.335233738765496	0.0
208.0	26.275556937220006	23.61286132221587	23.716948766771957	26.39463297379217	0.0
209.0	26.25918051260985	23.72943926011869	23.814097048357638	26.19728317891383	0.0
210.0	26.250853517045357	23.705846106019308	23.672260557242545	26.371039819692786	0.0
211.0	26.24169382192442	23.675313788949524	23.840188301126364	26.242804087999687	0.0
212.0	26.206998007072396	23.65421873351949	23.82214647740331	26.31663678200481	0.0
213.0	26.296374426131226	23.720557131516568	23.738321388720806	26.2447470536314	0.0
214.0	26.30255389662839	23.783353179394513	23.633466843199464	26.28062608077763	0.0
215.0	26.384713814246417	23.57351230872144	23.874672817557794	26.167101059474344	0.0
216.0	26.408307033832678	23.706189472982988	23.732835932750998	26.15266756043334	0.0
217.0	26.278683109752883	23.834980695195032	23.611816594637954	26.27451960041413	0.0
218.0	26.287842830298136	23.722565943048743	23.782520477526763	26.207070749126355	0.0
219.0	26.226222892084618	23.75920482522976	23.79723154385702	26.21734073882861	0.0
220.0	26.30005579102514	23.67898787863648	23.67454680200848	26.346409528329907	0.0
221.0	26.1901391444821	23.77419345884926	23.7456040280565	26.290063368612138	0.0
222.0	26.287842830298136	23.7389424131145	23.642071429166215	26.331143327421152	0.0
223.0	26.33669467320615	23.737832143957498	23.730060259858497	26.19541292297785	0.0
224.0	26.1906942790606	23.845250684897287	23.741718086006998	26.222336950035114	0.0
225.0	26.175150510862593	23.781965342948265	23.7478245663705	26.295059579818634	0.0
226.0	26.278683109752883	23.718402433709993	23.837478800798284	26.165435655738843	0.0
227.0	26.32622018919039	23.68987875827153	23.715137451703157	26.268763600834927	0.0
228.0	26.222409734866993	23.85003552871164	23.712361771106274	26.215192965315094	0.0
229.0	26.364802149487055	23.66017897588489	23.7873051472221	26.18771372740596	0.0
230.0	26.172447484123108	23.809788160056847	23.724852333792246	26.292912022027803	0.0
231.0	26.31595017098192	23.728183150508507	23.732624239463515	26.22324243904605	0.0
232.0	26.220466758449174	23.688768486032775	23.758993205133898	26.331771550384154	0.0
233.0	26.277645778744947	23.610771861260382	23.720688812896924	26.39089354709775	0.0
234.0	26.254607629790826	23.739285872896033	23.814784385131237	26.191322112181908	0.0
235.0	26.260436559044276	23.70792068215126	23.667673313496472	26.363969445307987	0.0
236.0	26.249333836656746	23.679886308122754	23.844484167517876	26.22629568770262	0.0
237.0	26.216303237553852	23.652684638273307	23.815061953190924	26.31595017098192	0.0
238.0	26.2834747079984	23.72429719767287	23.750388595283564	26.241839499045167	0.0
239.0	26.294650415936893	23.777933833142274	23.645811070000082	26.28160468092075	0.0
240.0	26.38084320327311	23.57072076698245	23.88215472327622	26.16628130646822	0.0
241.0	26.39923612421864	23.706240909545116	23.725670889448967	26.16885207678728	0.0
242.0	26.2829035938233	23.834373794263538	23.62202538743175	26.26069722448141	0.0
243.0	26.288001598898536	23.716994959028227	23.787779529657346	26.207223912415888	0.0
244.0	26.23633885469843	23.754916901928453	23.783786784811113	26.224957458562002	0.0
245.0	26.291185378271166	23.666203075248937	23.67841745990767	26.36419408657223	0.0
246.0	26.170720129251833	23.76779086520444	23.76140600232631	26.300083003217416	0.0
247.0	26.289504075332577	23.74353165878251	23.643591622804095	26.323372643080816	0.0
248.0	26.326397468108436	23.7345400535806	23.736483391402118	26.202579086908845	0.0
249.0	26.1750947377188	23.84447745034078	23.75897058619397	26.221457225746448	0.0
