# Position (bp)	A	C	G	T	N
0.0	24.402610082578178	22.823046167993343	23.724613635714636	28.7437958881285	0.30593422558534183
1.0	25.31508658403822	22.033873833174564	24.965227454957724	27.685715871649442	9.62561800478265E-5
2.0	26.31341515533817	23.11803185693513	23.928219864445673	26.639916013301317	4.1710997970920377E-4
3.0	27.7350454088238	22.754208397704613	23.27203422867566	26.238070257340734	6.417074551967876E-4
4.0	26.970136247195743	22.99036669695523	23.61930356840338	26.420193487445648	0.0
5.0	26.477401652010084	23.514320329785978	24.267138706216343	25.7411393119876	0.0
6.0	26.6364486916881	23.41299482014241	24.391212723249808	25.5501994424851	0.009144322434584405
7.0	25.906057969228875	24.023193851935133	24.3166463887306	25.718775828700206	0.03532596140518396
8.0	25.525942924027046	24.433597459867652	24.55112606715847	25.487023404331776	0.0023101446150529024
9.0	25.71486141699137	24.45913739200074	24.356175529921504	25.446146678782096	0.02367898230429225
10.0	25.512370824413612	24.531265240537394	24.380335792353936	25.57602814269507	0.0
11.0	25.511151581422332	24.581542971256667	24.56957513873702	25.337730308583982	0.0
12.0	25.881223914617056	24.22706411421355	24.293994137366333	25.597717833803063	0.0
13.0	25.74104305596197	24.164369356188363	24.283983510701106	25.810604077148565	0.0
14.0	25.581193882737058	24.453907481274996	24.493372451782147	25.47030694121452	0.0012192429912779208
15.0	25.705139558403022	24.39361912389049	24.470303090973495	25.428820594169192	0.002117632563798494
16.0	25.509739826379796	24.47485920951985	24.63711478338544	25.378286180714916	0.0
17.0	25.170982786855788	24.819680378658372	24.977700687396364	25.031636147089475	0.0
18.0	25.351847859009307	24.784771526697572	24.79073940028646	25.072641214006662	0.0
19.0	25.148587218226524	24.917059391251225	24.740301242857804	25.19402006232257	3.2085341875734755E-5
20.0	25.161164672241814	25.07353960357918	24.830717736263626	24.934513817231625	6.417068375146951E-5
21.0	25.55026361316885	24.663488934407294	24.56710456741259	25.21914288501127	0.0
22.0	25.426735046947275	24.517308116821447	24.48538320165509	25.570573634576192	0.0
23.0	25.29871453286309	24.66624827380861	24.68893261051475	25.34600832678792	9.625602562720425E-5
24.0	25.537525732444184	24.4868270420395	24.510249341608784	25.46533371322378	6.417068375146951E-5
25.0	25.262811035304146	24.552281139465997	24.64969223740073	25.5327450165047	0.0024705713244315758
26.0	25.146180817585844	24.794974665414056	24.97940121051578	25.078224063493042	0.0012192429912779208
27.0	25.392981267294	24.571789027326442	24.806653729856823	25.228575975522734	0.0
28.0	25.22613748954018	24.625435718942672	24.79734898071286	25.350981554778663	9.625602562720425E-5
29.0	25.136715641732504	24.883081014204823	24.80267514746423	25.17194534711206	0.005582849486377847
30.0	25.48753676980179	24.639392842658616	24.424934417561207	25.447847201901507	2.887680768816128E-4
31.0	25.3090139276052	24.500527483020438	24.36997222692807	25.82048636244629	0.0
32.0	25.295281401282388	24.531457752588643	24.51381081455699	25.6594179462301	3.2085341875734755E-5
33.0	25.623450277987402	24.25934196814054	24.156251764693803	25.96095598917826	0.0
34.0	25.478617044760338	24.202968022464873	24.136840132858982	26.181286031838923	2.887680768816128E-4
35.0	25.447238841290755	24.421688314258212	24.34727150812762	25.777508023163286	0.006293313160128812
36.0	25.766445670859778	24.206863908437395	24.185366943979698	25.838628138671854	0.0026953380512705887
37.0	25.573889755633612	24.20510424575133	24.216150374183428	26.004855624431634	0.0
38.0	25.604366730397377	24.40269434245117	24.37495926304126	25.617877821713343	1.0184239685402045E-4
39.0	25.93084945385161	24.16758074787582	24.04149461703889	25.860075181233675	0.0
40.0	25.839500994875227	24.197992173742357	23.928443828737418	26.03282735207851	0.0012356505664928284
41.0	25.80745265412578	24.268468174594812	24.106414732682186	25.817628354553158	3.608404406872134E-5
42.0	26.10816687150297	24.02330773556976	23.80965226111936	26.057284203167068	0.0015889286408452216
43.0	25.972144825677713	23.923910035520276	23.804763583567418	26.29872665309542	4.5490213917730946E-4
44.0	25.857957474778782	24.147182560017693	23.999484438934047	25.99537552626947	0.0
45.0	26.168606328748677	23.95150043281716	23.744950466480716	26.134942771953444	0.0
46.0	26.04842355278501	23.92537877128768	23.819265787405445	26.20693188852186	0.0
47.0	26.001002506265664	24.085277022343092	23.994752839545672	25.918967631845568	0.0
48.0	26.341527969544714	23.83289294331982	23.697291050010367	26.128288037125095	0.0
49.0	26.16974555339579	23.880082355348346	23.627334741241977	26.322837350013884	0.0
50.0	26.121102022153664	24.084133179470044	23.758909224129525	26.035855574246767	0.0
51.0	26.471401428001055	23.817238651202466	23.545860501023196	26.16549941977328	0.0
52.0	26.28461541599693	23.83506988356818	23.50339830778143	26.376865397638728	5.099501472736025E-5
53.0	26.21988580829957	23.968543218357176	23.680678789729107	26.130892183614147	0.0
54.0	26.511018477822695	23.751284216122198	23.46165660157398	26.27184959657829	0.004191107902830266
55.0	26.37022649112207	23.736196079422367	23.483607593046525	26.409797538669356	1.7229773968338566E-4
56.0	26.26516179667253	23.90728203261616	23.76300512632012	26.064551044391187	0.0
57.0	26.53209268846793	23.713462021496344	23.535450477300873	26.218807366391374	1.8744634348417767E-4
58.0	26.397513906617487	23.687583367920414	23.505381227958893	26.409521497503203	0.0
59.0	26.36897454783534	23.90498404124724	23.59897154704422	26.12106828163789	0.006001582235316584
60.0	26.730978528320566	23.655719956694334	23.309388742523854	26.303912772461246	0.0
61.0	26.501378767723548	23.677181730095953	23.272359999462527	26.54900485368042	7.464903754995887E-5
62.0	26.477645430770615	23.88039513856041	23.470870845044544	26.170619485631857	4.690999925725834E-4
63.0	26.714084741304934	23.617380218289195	23.308242338534246	26.360046899157798	2.458027138258291E-4
64.0	26.44638268798199	23.69620327233488	23.269047746074797	26.5881081415981	2.581520102297037E-4
65.0	26.43806309155105	23.859722668941018	23.475925972772842	26.22140949517363	0.004878771561459873
66.0	26.671468330398806	23.69345494591952	23.2666263149543	26.366740053572123	0.0017103551552479872
67.0	26.602139246672152	23.628833914925217	23.24324648050403	26.523684231540113	0.0020961263584895113
68.0	26.461921460390432	23.76657913943675	23.493930420046812	26.277568980126002	0.0
69.0	26.91701179334554	23.558330546938883	23.153117064983135	26.371540594732444	0.0
70.0	26.531469377592977	23.52681801999688	23.167437239248244	26.766015073283896	0.008260289878003662
71.0	26.534115168590873	23.840551607366347	23.13917540277443	26.48603548109661	1.2234017174113309E-4
72.0	26.578065378053513	23.612595894818426	23.080781833726864	26.7285568934012	0.0
73.0	26.577173717763756	23.62058546517642	23.160553780153855	26.641142620710678	5.444161952929776E-4
74.0	25.80652166045384	23.901994137020015	23.47291086098947	26.818428576598745	1.4476493793203285E-4
75.0	24.112658510876162	24.909924298080302	23.061615613121667	27.915801577921872	0.0
76.0	26.314930858771486	23.625092364236565	23.50273973917299	26.51549320103256	0.04174383678639631
77.0	26.316855445905507	23.913780968824845	23.58668739271989	26.13052350162281	0.05215269092695079
78.0	26.56412176983575	23.57177251083409	23.554116954684073	26.259162163608153	0.05082660103793269
79.0	26.599339919072268	23.487126161358137	23.367882089653456	26.499875669688272	0.04577616022786356
80.0	26.408114558472555	23.8472553699284	23.61157517899761	26.088305489260144	0.04474940334128878
81.0	26.62435476450086	23.744036101674617	23.271336102304886	26.31300303158266	0.04726999993697333
82.0	26.673192951612258	23.52126370186865	23.19561540203247	26.561313781116397	0.04861416337022682
83.0	26.42535594271101	23.90469682346228	23.441143525400328	26.18371645755106	0.0450872508753267
84.0	26.822903074273185	23.584589115149164	23.274402928873414	26.276349048936343	0.041755832767889765
85.0	26.56781970567093	23.67824445269486	23.123711421642586	26.57966870206094	0.050555717930691274
86.0	26.28096681797625	23.86810941190265	23.356392690239694	26.45265573440981	0.04187534547160014
87.0	26.85616858033407	23.614034152969072	23.23751676124002	26.248767882356077	0.0435126231007628
88.0	26.451230191237535	23.540766268372835	23.344914927073624	26.625424893835394	0.03766371948061731
89.0	26.143073731248005	24.016517714650494	23.605569741461856	26.197933290775616	0.03690552186402809
90.0	26.951142131979694	23.600888324873097	23.053087986463623	26.351522842639596	0.04335871404399323
91.0	26.376697721405318	23.83432484004939	23.17095072398698	26.569760915927716	0.048265798630598274
92.0	26.34791939906999	24.02408489328723	23.438655061404553	26.149994038392748	0.03934660784547514
93.0	26.48476545652891	23.527919425628536	23.308470964304743	26.644594971712714	0.034249181825100845
94.0	26.441204266234642	23.550695288240853	23.45754016470906	26.49790738490617	0.05265289590927501
95.0	26.34990442518576	23.78734963135429	23.6048232943848	26.21911783727849	0.038804811796662786
96.0	26.720411979278424	23.62443674708028	23.117125954081477	26.499708794408853	0.03831652515096711
97.0	26.45985700027815	23.634221764099543	23.398615815049332	26.45985700027815	0.04744842029483467
98.0	26.14366531638497	23.851096521860597	23.669506914373518	26.29382595334544	0.041905294035479816
99.0	26.55772527390624	23.488857419691435	23.35097264664232	26.553998658418426	0.04844600134158158
100.0	26.283633179430026	23.380035026269702	23.2745581913708	27.01998089476198	0.041792708167489256
101.0	26.800932796268818	23.924104303582787	23.03370786516854	26.19249523001908	0.04875980496078016
102.0	27.150355187548076	23.639201846070314	22.903940998144883	26.27482919324917	0.03167277498755713
103.0	26.577327055414706	23.31039478449837	23.192080164191715	26.862247977785824	0.057950018109380656
104.0	26.41826985318868	23.77721964734212	23.448383004065146	26.296574402527124	0.05955309287693224
105.0	27.146223146223146	23.173943173943172	23.148995148995148	26.478170478170476	0.05266805266805266
106.0	26.79377524352578	23.5032074126871	22.808267997148967	26.85614160133048	0.03860774530767403
107.0	26.794182234811114	23.656153527895356	23.159670284204832	26.345437764552372	0.04455618853632921
108.0	26.735507616808096	23.532017857751423	22.98333503731725	26.687796067205127	0.06134342091810653
109.0	26.70421299005266	23.720011702750146	23.094645991808076	26.433586892919834	0.047542422469280275
110.0	26.67528803197743	24.265224547378324	23.379575201818326	25.644642997100085	0.03526922172584058
111.0	27.078324686827788	23.062971867223418	23.193723902315575	26.597494622295333	0.06748492133788857
112.0	26.69777556290491	23.816427309382505	23.494767362841483	25.9502559688307	0.04077379604041136
113.0	26.98980592040776	24.225642030974317	22.951382081944715	25.779258968829645	0.053910997843560085
114.0	26.89355846080559	23.855396178478802	22.833853808288783	26.374847827237602	0.042343725189223524
115.0	26.24978526026456	23.272060928820938	23.30641928649144	27.12019698791731	0.05153753650575502
116.0	26.31902973588623	23.99187342239734	23.517823062242197	26.085082804900573	0.0861909745736625
117.0	27.505827505827508	23.21012321012321	23.33666333666334	25.88078588078588	0.0666000666000666
118.0	26.688799076212472	23.542147806004618	23.52771362586605	26.205254041570434	0.03608545034642032
119.0	26.473119962438375	23.789028875498865	23.02997104624775	26.629626731356133	0.07825338445887785
120.0	26.966196704603362	23.466961100730423	23.059283166298624	26.46509257686428	0.04246645150331239
121.0	26.936995453280133	24.682193560360027	22.306764405678763	26.027651480003712	0.04639510067736847
122.0	27.11864406779661	23.76965489074944	23.136614253624668	25.913824790688178	0.061261997141106805
123.0	26.809081758192594	23.6550721395817	23.15177273235656	26.31696678223912	0.06710658763001902
124.0	27.155648227646267	22.96087329817245	23.4514902489881	26.370661106341224	0.06132711885195633
125.0	26.68112798264642	24.227223427331886	22.559652928416483	26.46420824295011	0.06778741865509762
126.0	26.940982129448866	23.87745907793963	22.61600840967112	26.505481303499025	0.06006907944135756
127.0	27.073944249707893	24.41996327825071	22.26673343348356	26.222667334334837	0.016691704223001168
128.0	27.240544065585986	22.992360722936464	23.942612260108067	25.7126886528787	0.11179429849077697
129.0	27.902582406046612	23.38862061725803	22.04492966617678	26.60088179718665	0.06298551333193365
130.0	27.333175017810497	22.654951317976728	22.441225362146756	27.428164331512704	0.14248397055331277
131.0	27.070490485124633	23.34494773519164	22.88930581613508	26.66845349772179	0.02680246582685607
132.0	29.300742574257427	22.741336633663366	22.153465346534652	25.773514851485146	0.03094059405940594
133.0	27.355401964350673	23.754092397235357	22.189887231720625	26.555110949436155	0.14550745725718442
134.0	28.583727938011194	23.805424020662937	22.944468359879465	24.58028411536806	0.08609556607834697
135.0	27.685088633993743	22.419186652763294	23.514077163712198	26.38164754953076	0.0
136.0	29.442282749675748	24.77302204928664	19.779507133592737	26.00518806744488	0.0
137.0	30.95435684647303	23.402489626556015	20.08298755186722	25.477178423236513	0.08298755186721991
138.0	28.295454545454547	21.818181818181817	23.522727272727273	26.136363636363637	0.22727272727272727
139.0	32.87435456110155	22.719449225473323	22.375215146299485	22.030981067125648	0.0
140.0	29.818181818181817	19.636363636363637	28.72727272727273	21.818181818181817	0.0
