# Position (bp)	A	C	G	T	N
0.0	26.30916351230972	23.760386896983903	23.623534172434432	26.30691541827195	0.0
1.0	26.161070317571383	23.765726120323613	23.662313794586026	26.410889767518974	0.0
2.0	26.376541197891495	23.71449765659245	23.814808986996056	26.09415215852	0.0
3.0	26.267388574045615	23.733875794093436	23.62879275320377	26.36994287865718	0.0
4.0	26.256553181207753	23.724061202357742	23.755808661156284	26.26357695527823	0.0
5.0	26.292028138625433	23.71246684946285	23.762473591944982	26.233031419966736	0.0
6.0	26.301373711267807	23.76295755260275	23.734303452538136	26.201365283591315	0.0
7.0	26.288452733090068	23.717305871810645	23.69483326732006	26.299408127779227	0.0
8.0	26.412905472972213	23.75787912495365	23.646925315445895	26.18229008662824	0.0
9.0	26.182103152087816	23.81986304063278	23.767618491199883	26.230415316079526	0.0
10.0	26.299720816317357	23.681741836545537	23.730613024452445	26.28792432268466	0.0
11.0	26.151983777012568	23.813750217673395	23.822457153449914	26.211808851864127	0.0
12.0	26.186249782326605	23.78173116352749	23.766002505350553	26.266016548795353	0.0
13.0	26.262926990939167	23.72246782646796	23.677809672001302	26.336795510591564	0.0
14.0	26.130637740915297	23.82863626916228	23.764036423078437	26.276689566843984	0.0
15.0	26.068565714895602	23.797740690600442	23.815154562153477	26.31853903235048	0.0
16.0	26.378570886897222	23.75947578776482	23.762284468836278	26.099668856501673	0.0
17.0	26.224655164181453	23.746555854836128	23.731388977050266	26.297400003932154	0.0
18.0	26.103881878108858	23.89569681973042	23.618760866084894	26.381660436075823	0.0
19.0	26.22072301068141	23.767059226657754	23.897662896480444	26.114554866180388	0.0
20.0	26.219318670145686	23.7642505455863	23.829411946444072	26.187018837823945	0.0
21.0	26.168481542752335	23.717345571692988	23.765654886122025	26.348517999432648	0.0
22.0	26.201343111288374	23.674934487514008	23.70330216633571	26.420420234861915	0.0
23.0	26.19713008968119	23.81677288162252	23.803291212479532	26.182805816216764	0.0
24.0	26.381660436075823	23.792899092515146	23.753858425621914	26.071582045787117	0.0
25.0	26.316779903325198	23.742342833228943	23.62662517308497	26.31425209036089	0.0
26.0	26.150505983895023	23.759756655871968	23.67044059779968	26.41929676243333	0.0
27.0	26.379694359325807	23.69319091447847	23.828569342122634	26.09854538407309	0.0
28.0	26.26790885268187	23.745432382407543	23.62746777740641	26.359190987504178	0.0
29.0	26.264538435396123	23.712570813871515	23.758914051550533	26.26397669918183	0.0
30.0	26.30891559632512	23.71397515440724	23.761160996407696	26.21594825285994	0.0
31.0	26.313690354146598	23.777732214729287	23.71341341819295	26.195164012931166	0.0
32.0	26.295153059074988	23.72745682355023	23.687292684228414	26.29009743314637	0.0
33.0	26.412836795968982	23.75582450237193	23.648532885442325	26.182805816216764	0.0
34.0	26.175710594315245	23.824851140321314	23.76980114593866	26.22963711942478	0.0
35.0	26.2838445118526	23.685821817773284	23.736658802381754	26.29367486799236	0.0
36.0	26.158296820581956	23.80603302999663	23.83187282327828	26.203797326143132	0.0
37.0	26.173744523087294	23.782440175261208	23.771205482530053	26.272609819121445	0.0
38.0	26.258847320525785	23.713908549601168	23.68188967531738	26.345354454555668	0.0
39.0	26.14228738344006	23.82597460959443	23.766149870801033	26.265588136164475	0.0
40.0	26.07263228850691	23.790304460173015	23.827098078867543	26.309965172452532	0.0
41.0	26.381231375038265	23.76327445434655	23.766925719228965	26.08856845138622	0.0
42.0	26.229001716094498	23.74361379728739	23.728727871228315	26.2986566153898	0.0
43.0	26.113284705974877	23.878710597936752	23.625930721461856	26.38207397462652	0.0
44.0	26.22422698509441	23.76889178493488	23.899213854584165	26.107667375386544	0.0
45.0	26.212711457388334	23.779283846523295	23.818324294112195	26.18968040197618	0.0
46.0	26.177603141211264	23.712156745992736	23.764397920464216	26.34584219233178	0.0
47.0	26.198948997446927	23.672273698815584	23.707662881522072	26.421114422215418	0.0
48.0	26.19585946562334	23.818324294112195	23.81383042964153	26.17198581062293	0.0
49.0	26.390499970509012	23.789956774641123	23.74698419564039	26.07255905920947	0.0
50.0	26.318598138978377	23.738558199757893	23.632671518167854	26.310172143095876	0.0
51.0	26.153729486210857	23.760465789052386	23.678733628992166	26.407071095744588	0.0
52.0	26.37786097668527	23.705977682345573	23.838827550759603	26.077333790209558	0.0
53.0	26.270008229389312	23.746703329110975	23.631548052050185	26.351740389449528	0.0
54.0	26.26691869756573	23.716088877404566	23.763555320875966	26.253437104153736	0.0
55.0	26.300903547625133	23.709067214169156	23.774228248993793	26.215800989211917	0.0
56.0	26.318036405919543	23.78265424487629	23.706539415404407	26.19276993379976	0.0
57.0	26.30680174474288	23.704292483169073	23.69474302116891	26.294162750919135	0.0
58.0	26.420271822627168	23.76833005187605	23.645310511991596	26.166087613505184	0.0
59.0	26.191011172839158	23.816291336415365	23.7657355031148	26.22696198763067	0.0
60.0	26.28959504777526	23.6752967346549	23.738210660540048	26.29689755702979	0.0
61.0	26.161520270080494	23.811516618825866	23.83426674381112	26.192696367282515	0.0
62.0	26.17977654321681	23.774723206812677	23.78511523921335	26.260385010757158	0.0
63.0	26.24465652928587	23.71658399851703	23.697765993899598	26.340993478297502	0.0
64.0	26.13652321917077	23.82443644289157	23.780340521623852	26.258699816313808	0.0
65.0	26.067711112733893	23.79017082254341	23.826683368816038	26.315434695906664	0.0
66.0	26.390913457082434	23.763983563783025	23.775499026802944	26.069603952331597	0.0
67.0	26.248795791519562	23.739548312984667	23.715113062186308	26.29654283330946	0.0
68.0	26.103869476439645	23.86818446086568	23.634504821046896	26.393441241647782	0.0
69.0	26.22239448605927	23.76482615863814	23.898798740601556	26.11398061470103	0.0
70.0	26.216496322073457	23.776622486609764	23.811168875669512	26.195712315647267	0.0
71.0	26.17296225455914	23.70303586926298	23.769600862817132	26.354401013360746	0.0
72.0	26.19992528992285	23.674387644189043	23.71792171170336	26.407765354184747	0.0
73.0	26.190656746516574	23.817628769558734	23.83026769238547	26.161446791539223	0.0
74.0	26.38080231882104	23.796563898180835	23.749097721342647	26.07353606165547	0.0
75.0	26.308058296329378	23.7358970686125	23.637032605612244	26.319012029445883	0.0
76.0	26.157795547167055	23.753310695618225	23.680285808174855	26.408607949039865	0.0
77.0	26.385857887951737	23.70303586926298	23.83391893675764	26.077187306027643	0.0
78.0	26.270141527849166	23.750221181149467	23.630291846771318	26.34934544423005	0.0
79.0	26.265928553573588	23.710057493055615	23.77437556699612	26.24963838637468	0.0
80.0	26.304407051957206	23.708091438393676	23.776622486609764	26.21087902303935	0.0
81.0	26.318450299542473	23.776622486609764	23.71735998179995	26.187567232047815	0.0
82.0	26.304968781860616	23.708934033248795	23.694048190808413	26.292048994082172	0.0
83.0	26.427145035852412	23.75471502037675	23.64658201397022	26.171557929800613	0.0
84.0	26.1858084955792	23.814472368583658	23.7737470649695	26.22597207086765	0.0
85.0	26.288043050858885	23.681061891226925	23.739481637101033	26.291413420813157	0.0
86.0	26.161092449247846	23.814753232746515	23.83160508251789	26.19254923548775	0.0
87.0	26.184123310602057	23.780768669040906	23.770095830852366	26.265012189504667	0.0
88.0	26.256305400456124	23.704654480906854	23.692296457741175	26.346743660895843	0.0
89.0	26.138904180382198	23.826268663423622	23.783577310669468	26.25124984552471	0.0
90.0	26.06756468301671	23.796216197998	23.82711125591219	26.309107863073105	0.0
91.0	26.38992262214046	23.77143338622927	23.778454970579563	26.06018902105071	0.0
92.0	26.250895252004664	23.744189638950132	23.70121754272634	26.303697566318863	0.0
93.0	26.109620974876773	23.864680026401157	23.64083191731382	26.38486708140825	0.0
94.0	26.21943855411535	23.766939572245082	23.895855860916456	26.11776601272311	0.0
95.0	26.21438301338314	23.76665870887107	23.827606061031613	26.19135221671418	0.0
96.0	26.18433063236389	23.703745313092448	23.765816118749033	26.34610793579463	0.0
97.0	26.2062379755368	23.678748472805403	23.716665028296983	26.39834852336081	0.0
98.0	26.202867615048657	23.82226965692539	23.824516563917484	26.150346164108466	0.0
99.0	26.3716665028297	23.81243943883498	23.73688719122583	26.079006867109495	0.0
100.0	26.31324692103526	23.731269923745593	23.638585010321727	26.316898144897415	0.0
101.0	26.16438933280906	23.750087769804377	23.67650156581331	26.409021331573257	0.0
102.0	26.39834852336081	23.697004592116162	23.83575109887795	26.068895785645076	0.0
103.0	26.280385906275892	23.747559999438273	23.62875479223132	26.34329930205452	0.0
104.0	26.256231656110884	23.709643443946693	23.786880871799912	26.247244028142507	0.0
105.0	26.295552528472527	23.70936258057268	23.781544467693692	26.213540423261104	0.0
106.0	26.328413543231893	23.77143338622927	23.718350208541057	26.18180286199778	0.0
107.0	26.30313583957084	23.703745313092448	23.690544734513896	26.302574112822818	0.0
108.0	26.43261385499024	23.75373899366653	23.65150472552627	26.16214242581696	0.0
109.0	26.1977384944642	23.804789268802345	23.77501783477416	26.2224544019593	0.0
110.0	26.28677193396359	23.67362644152722	23.73232672182808	26.307274902681115	0.0
111.0	26.15813686995501	23.80956393275026	23.84298658038568	26.18931261690905	0.0
112.0	26.185380540716647	23.7677154075597	23.779511636136906	26.267392415586748	0.0
113.0	26.251102385646796	23.700027524533347	23.70058924970369	26.348280840116168	0.0
114.0	26.132859237289562	23.819955848401612	23.791869589884453	26.255315324424373	0.0
115.0	26.070507743381473	23.792993040225138	23.831190351808473	26.305308864584916	0.0
116.0	26.390897830904347	23.760065384626188	23.780568295758705	26.06846848871076	0.0
117.0	26.238670737290303	23.738719888104658	23.713442326434432	26.309167048170607	0.0
118.0	26.106946554808776	23.860894769510768	23.6435077391468	26.388650936533658	0.0
119.0	26.21086541945305	23.767086929534585	23.902462315368478	26.11958533564389	0.0
120.0	26.2198529969358	23.761750555404202	23.824382735987104	26.1940137116729	0.0
121.0	26.182498378023126	23.70389302535901	23.761750555404202	26.35185804121366	0.0
122.0	26.19120509370954	23.6693470244097	23.734226099363287	26.405221782517472	0.0
123.0	26.191485955505872	23.818765500060383	23.832246866284507	26.15750167814923	0.0
124.0	26.363654236659766	23.817361191078707	23.743775400438707	26.07520917182282	0.0
125.0	26.318997211042362	23.72917058702924	23.64603549531382	26.305796706614576	0.0
126.0	26.156659092760226	23.748830912772753	23.679177187281457	26.41533280718557	0.0
127.0	26.411400742036868	23.696871480450614	23.829719110117484	26.062008667395038	0.0
128.0	26.286136380871067	23.728608863436566	23.630868958311684	26.35438579738068	0.0
129.0	26.259454510219154	23.705297334340692	23.789275011445117	26.245973143995034	0.0
130.0	26.306077568410913	23.704454748951683	23.774108474442983	26.21535920819442	0.0
131.0	26.329950821099462	23.762312278996873	23.71905956236115	26.188677337542515	0.0
132.0	26.29070401015599	23.70732995174781	23.694691135415084	26.307274902681115	0.0
133.0	26.421866837431118	23.761817293271097	23.66267280070553	26.15364306859226	0.0
134.0	26.202025024926623	23.80289008411858	23.76328834838293	26.231796542571868	0.0
135.0	26.28122849639793	23.665547894226854	23.74868345293432	26.304540156440897	0.0
136.0	26.167759693297192	23.792498139280145	23.844177000098302	26.195565167324354	0.0
137.0	26.189386173096096	23.763007485008917	23.785195691555845	26.26241065033914	0.0
138.0	26.253215894664706	23.701845839278292	23.708586579186843	26.336351686870163	0.0
139.0	26.133567761287928	23.818123602700787	23.791160643066586	26.25714799294469	0.0
140.0	26.068407275505272	23.783577310669468	23.841716192380716	26.30629922144454	0.0
141.0	26.3988518208526	23.752253947567983	23.77893619292106	26.06995803865836	0.0
142.0	26.24662258946978	23.738772392021165	23.706472831856914	26.308132186652138	0.0
143.0	26.114334825666635	23.858702063239733	23.646086697636797	26.38087641345684	0.0
144.0	26.210671774678268	23.76770156329871	23.909257896540296	26.112368765482724	0.0
145.0	26.22619305080033	23.758499723346468	23.836299751994854	26.179007473858345	0.0
146.0	26.182097005681932	23.694181288110077	23.773666515934963	26.350055190273032	0.0
147.0	26.189118668917345	23.679295362051	23.736873000581394	26.394712968450264	0.0
148.0	26.19136560115268	23.819447760229863	23.836299751994854	26.152886886622607	0.0
149.0	26.38038877545002	23.793608039523537	23.755691058052303	26.070312126974144	0.0
150.0	26.30961041003705	23.725076606345898	23.644467912403346	26.32084507121371	0.0
151.0	26.155414685387356	23.736311267522563	23.683227493462834	26.42504655362725	0.0
152.0	26.402296364744508	23.68912569058058	23.8455683474656	26.06300959720931	0.0
153.0	26.279557691389478	23.73378346875781	23.639131448344433	26.34752739150828	0.0
154.0	26.252875371094902	23.71103327987507	23.78462031058221	26.25147103844782	0.0
155.0	26.3037122129193	23.68828309099233	23.783215977935125	26.224788718153246	0.0
156.0	26.327866734449124	23.755691058052303	23.733502602228395	26.182939605270178	0.0
157.0	26.293113133355806	23.697618245140994	23.693124368048537	26.31614425345467	0.0
158.0	26.416975620716777	23.76671160543759	23.65745421862712	26.15885855521852	0.0
159.0	26.201062243181223	23.80216774005095	23.766216622336316	26.23055339443151	0.0
160.0	26.286446147753477	23.674372751299718	23.741781097014652	26.297400003932154	0.0
161.0	26.16904327896663	23.797673850336622	23.834467572372688	26.198815298324057	0.0
162.0	26.19207446375257	23.759194919657677	23.795988641693747	26.25274197489601	0.0
163.0	26.25899482639494	23.70224526595476	23.70898611945916	26.329773788191147	0.0
164.0	26.131480347603347	23.820491071177795	23.791280705992058	26.2567478752268	0.0
165.0	26.071374403855767	23.779765081255373	23.854195338699803	26.294665176189056	0.0
166.0	26.405475850756666	23.76360817445427	23.777651698142886	26.053264276646182	0.0
167.0	26.243132716916268	23.738048961340986	23.71164713680639	26.307171184936358	0.0
168.0	26.111966205664594	23.849273668954822	23.652383466840433	26.386376658540144	0.0
169.0	26.21448392859149	23.773719511510073	23.900392095181385	26.111404464717054	0.0
170.0	26.225230665524457	23.752159197831674	23.841476259356522	26.181133877287344	0.0
171.0	26.186470431277826	23.696265816562978	23.770134958641705	26.347128793517495	0.0
172.0	26.194615697894868	23.666212591458706	23.74569915879057	26.393472551855858	0.0
173.0	26.193211341581584	23.813389133090848	23.840633645568555	26.15276587975901	0.0
174.0	26.37577766230848	23.792885530916905	23.75496791045824	26.07636889631637	0.0
175.0	26.31173901442274	23.726880784192566	23.639810692768968	26.321569508615728	0.0
176.0	26.162315502689342	23.73951999101212	23.68840142120859	26.40976308508995	0.0
177.0	26.399932590896963	23.696265816562978	23.842880615669806	26.06092097687025	0.0
178.0	26.292639768562083	23.72491468535397	23.628856713525355	26.353588832558593	0.0
179.0	26.256688246942012	23.687839678683275	23.797941213644727	26.257530860729982	0.0
180.0	26.30555984664429	23.683345738480767	23.790919432078304	26.220174982796635	0.0
181.0	26.32662519134355	23.75159745530636	23.740643476062747	26.181133877287344	0.0
182.0	26.286534432104798	23.70503940634883	23.698298477111738	26.31012768443463	0.0
183.0	26.414612087609612	23.769920850255875	23.657010285534525	26.158456776599987	0.0
184.0	26.200099428985514	23.807624574126557	23.765212775220274	26.227063221667656	0.0
185.0	26.296438813256074	23.65398713040645	23.745832549229988	26.303741507107485	0.0
186.0	26.168079925175476	23.799198388913386	23.84132931497923	26.191392370931908	0.0
187.0	26.193358480814982	23.76914499498642	23.792457440742854	26.245039083455744	0.0
188.0	26.260279974833722	23.706576936904547	23.702644706093835	26.330498382167892	0.0
189.0	26.135010336149563	23.817802894121876	23.798422613697646	26.24876415603092	0.0
190.0	26.080239978428903	23.77258223979867	23.85403559230631	26.293142189466117	0.0
191.0	26.416594107238154	23.747156138527654	23.778614161727944	26.05763559250625	0.0
192.0	26.243294104429403	23.736202005448977	23.712046737634466	26.30845715248715	0.0
193.0	26.115776760385362	23.852765216414348	23.647164564783864	26.384293458416426	0.0
194.0	26.21745358537202	23.7659747774064	23.908659382636294	26.107912254585287	0.0
195.0	26.231009271716633	23.747222838588993	23.825587241488755	26.196180648205626	0.0
196.0	26.184945608363364	23.701159175235727	23.769412042277455	26.344483174123457	0.0
197.0	26.190282252288437	23.675318583598525	23.74469495462448	26.389704209488553	0.0
198.0	26.206292184063656	23.810419937701706	23.83738403332313	26.145903844911512	0.0
199.0	26.37566040968573	23.794690881922538	23.75396386249435	26.075684845897385	0.0
200.0	26.311901558580903	23.719696990975454	23.645545728016536	26.322855722427107	0.0
201.0	26.16612691662758	23.725033634900527	23.685149243460504	26.42369020501139	0.0
202.0	26.401501001322924	23.68683449943684	23.851427833125953	26.060236666114278	0.0
203.0	26.28255722178374	23.722639013333257	23.631915556966185	26.36288820791681	0.0
204.0	26.25587385226401	23.69427037837018	23.79847595828406	26.251379811081744	0.0
205.0	26.301376019234496	23.69118072505737	23.793981917101792	26.213461338606344	0.0
206.0	26.314858142781304	23.758310465217527	23.75044589314855	26.176385498852618	0.0
207.0	26.28474484866189	23.70317731388895	23.699525874660136	26.312551962789026	0.0
208.0	26.41928634024672	23.766375300541537	23.661607082668585	26.152731276543157	0.0
209.0	26.198307412723338	23.803799192748784	23.76953174373566	26.228361650792227	0.0
210.0	26.29942447538502	23.656617690430114	23.746218643177546	26.297739191007324	0.0
211.0	26.171061981950604	23.792844844293768	23.842841614165376	26.19325155959025	0.0
212.0	26.21881170598529	23.750431854121786	23.793406605753	26.237349834139927	0.0
213.0	26.271129312233516	23.694041379465315	23.704433995651954	26.33039531264922	0.0
214.0	26.14388998432681	23.809483683592585	23.794877844627578	26.251748487453025	0.0
215.0	26.082376931762646	23.766508811253235	23.856671778710304	26.294442478273815	0.0
216.0	26.42126846806359	23.752317285545757	23.76692320656143	26.059491039829226	0.0
217.0	26.245716532779056	23.731812819504523	23.72844222234706	26.29402842536936	0.0
218.0	26.112297061962813	23.857648446716475	23.644739059603392	26.38531543171732	0.0
219.0	26.215942924554803	23.75681141508904	23.91551036458626	26.1117352957699	0.0
220.0	26.23483578123639	23.753788421404476	23.82513292829877	26.18624286906036	0.0
221.0	26.194254768732954	23.698868312468225	23.7586969161585	26.348180002640326	0.0
222.0	26.202962218096324	23.65842080574804	23.740439361041748	26.398177615113884	0.0
223.0	26.21616383487305	23.80139150658536	23.841558127842212	26.140886530699376	0.0
224.0	26.384991559296996	23.798569153373613	23.75503141739206	26.061407869937337	0.0
225.0	26.320668065491994	23.719077674129878	23.64829374208245	26.31196051829568	0.0
226.0	26.166741102150766	23.727223444087716	23.692393255302473	26.413642198459048	0.0
227.0	26.40044043335496	23.68480926258311	23.857274874793898	26.057475429268035	0.0
228.0	26.297354310095418	23.71823500827217	23.627507984259	26.356902697373414	0.0
229.0	26.256625460306225	23.701943468356493	23.78873805170036	26.252693019636926	0.0
230.0	26.308308966245615	23.681719487771513	23.790985160654245	26.218986385328623	0.0
231.0	26.324881394780526	23.748570979149637	23.750537199484288	26.176010426585545	0.0
232.0	26.296023729537204	23.69976292933946	23.707066053953238	26.297147287170098	0.0
233.0	26.41680617507275	23.763805714414122	23.664651753311684	26.15473635720144	0.0
234.0	26.22250436082031	23.78830991177239	23.777074303883868	26.21211142352343	0.0
235.0	26.303681627814875	23.654325287701784	23.75656931948732	26.285423764996025	0.0
236.0	26.176438368477378	23.782972998025343	23.845049731609418	26.19553890188786	0.0
237.0	26.218291007862117	23.74449104100716	23.791118813744518	26.246099137386203	0.0
238.0	26.261621864554368	23.701581416252353	23.70382854414202	26.332968175051263	0.0
239.0	26.145894778236567	23.813937810735652	23.788376730990702	26.25179068003708	0.0
240.0	26.08511235955056	23.764887640449437	23.85112359550562	26.298876404494383	0.0
241.0	26.414437090557684	23.758891148742038	23.774060881192902	26.052610879507377	0.0
242.0	26.257089962102594	23.739679346894743	23.711867311306577	26.291363379696094	0.0
243.0	26.123650748164007	23.863987548393258	23.633329400064056	26.37903230337868	0.0
244.0	26.21934773324942	23.770537861589986	23.89781079319413	26.112303611966464	0.0
245.0	26.246582732296936	23.74456679019873	23.822113831189082	26.18673664631525	0.0
246.0	26.203160473846292	23.679389484568524	23.77239418257019	26.345055859014995	0.0
247.0	26.19186781689943	23.652738359513307	23.758113918003765	26.3972799055835	0.0
248.0	26.201322515646208	23.801909301168795	23.842096240694474	26.15467194249052	0.0
249.0	26.371906237968506	23.796288750186182	23.78251840027878	26.04928661156653	0.0
