# Position (bp)	A	C	G	T	N
0.0	26.430048736829725	23.67938681667322	23.793555493722156	26.097008952774903	0.0
1.0	26.299242413376668	23.768599024115982	23.688279351820242	26.243879210687105	0.0
2.0	26.251477219270967	23.738483426460295	23.72787039480478	26.28216895946396	0.0
3.0	26.336335474988527	23.72160394676457	23.72389857732905	26.21816200091785	0.0
4.0	26.208020100444863	23.79585198867629	23.638673852499217	26.35745405837963	0.0
5.0	26.25021510927551	23.762691447255204	23.699019101703666	26.288074341765615	0.0
6.0	26.261841188263062	23.63103961546073	23.764687662220336	26.342431534055876	0.0
7.0	26.33947264269449	23.77839980268554	23.615500656758883	26.26662689786109	0.0
8.0	26.310702721925395	23.655599434449805	23.789817228631982	26.243880614992815	0.0
9.0	26.173228256131413	23.737582306651063	23.808704430220022	26.280485006997502	0.0
10.0	26.151181364297248	23.78300406931894	23.789026317223342	26.27678824916047	0.0
11.0	26.201653537210323	23.72622287479173	23.803938550129477	26.26818503786847	0.0
12.0	26.354790698207953	23.67374328591052	23.67804489155652	26.293421124325008	0.0
13.0	26.2787956651286	23.72736996963066	23.7422822025368	26.251552162703934	0.0
14.0	26.360526172402622	23.832329147393082	23.599755668799308	26.20738901140499	0.0
15.0	26.313208510296608	23.588284720409973	23.81684336706748	26.281663402225934	0.0
16.0	26.296002087712605	23.775834726575606	23.524907730558894	26.40325545515289	0.0
17.0	26.284817913033002	23.770672799800405	23.609792748639975	26.334716538526614	0.0
18.0	26.03561155927469	23.784437937867608	23.794475017708276	26.385475485149424	0.0
19.0	26.242662177702197	23.79390147028881	23.7422822025368	26.22115414947219	0.0
20.0	26.25663879234202	23.731029973502185	23.705793959415903	26.3065372747399	0.0
21.0	26.194122302900997	23.680557945329618	23.828819528086537	26.296500223682852	0.0
22.0	26.222724391971532	23.729528059212697	23.82043480380489	26.227312745010884	0.0
23.0	26.312484048303887	23.900157437863662	23.612811828774134	26.174546685058313	0.0
24.0	26.216702178607378	23.707446610210805	23.840222076287105	26.23562913489471	0.0
25.0	26.434075403846762	23.658408587102713	23.80093430338764	26.10658170566289	0.0
26.0	26.297285128861027	23.781433802970383	23.677909087519964	26.24337198064862	0.0
27.0	26.252261914662366	23.74931533169491	23.718343948679273	26.280078804963452	0.0
28.0	26.314204680693642	23.7252264782383	23.731535463667413	26.22903337740064	0.0
29.0	26.208099016658586	23.79204436937389	23.649231881024004	26.350624732943515	0.0
30.0	26.219856671321935	23.769676148307042	23.701997940976575	26.308469239394448	0.0
31.0	26.26000476041628	23.634319733646105	23.768529060047204	26.337146445890415	0.0
32.0	26.350337960878555	23.77799253819087	23.612811828774134	26.258857672156438	0.0
33.0	26.308469239394448	23.66070276362239	23.79347822969869	26.237349767284467	0.0
34.0	26.167377383434324	23.745587294850434	23.810684553596264	26.276350768118977	0.0
35.0	26.158774221485537	23.77856608232079	23.79548563415341	26.267174062040265	0.0
36.0	26.201503259164515	23.723219073783586	23.810111009466343	26.265166657585553	0.0
37.0	26.357794034567505	23.670166241766058	23.679056175779806	26.292983547886635	0.0
38.0	26.2754904519241	23.72063812519895	23.753043368539384	26.25082805433757	0.0
39.0	26.357507262502544	23.832766002598156	23.60019385791591	26.20953287698339	0.0
40.0	26.305314746679898	23.599333541721034	23.80724328881675	26.28810842278232	0.0
41.0	26.299579305380703	23.781720575035344	23.526206665156334	26.39249345442762	0.0
42.0	26.284667158002804	23.77770576612591	23.618260498008368	26.31936657786292	0.0
43.0	26.03087388051355	23.790897281114052	23.79548563415341	26.38274320421899	0.0
44.0	26.228173061205762	23.802081391647476	23.738991537356362	26.230754009790395	0.0
45.0	26.263370709185285	23.71684207507671	23.705944767858682	26.313842447879328	0.0
46.0	26.197126552149353	23.671532218749103	23.82982994465315	26.3015112844484	0.0
47.0	26.2179856672144	23.737995073284182	23.829761607749685	26.214257651751737	0.0
48.0	26.321509788908294	23.8917040185139	23.618985348899233	26.167800843678574	0.0
49.0	26.213970881331534	23.709604801683916	23.83377639363255	26.242647923352003	0.0
50.0	26.427041303543625	23.667449549913826	23.808540596654538	26.096968549888018	0.0
51.0	26.29283274688782	23.79219468270287	23.678346825881604	26.236625744527704	0.0
52.0	26.250677495117735	23.74659818589032	23.726237486055787	26.276486832936158	0.0
53.0	26.31778177344563	23.71534021008801	23.739142154965	26.227735861501355	0.0
54.0	26.217125355953787	23.79219468270287	23.647662390919702	26.343017570423644	0.0
55.0	26.222573993937676	23.767819196985467	23.70128845949798	26.30831834957888	0.0
56.0	26.269604342851245	23.634470951590288	23.760649936480352	26.335274769078122	0.0
57.0	26.349900060508556	23.781297406735092	23.617264726378004	26.25153780637835	0.0
58.0	26.31663469176481	23.662000911929937	23.79047406018164	26.230890336123608	0.0
59.0	26.164072828215918	23.752907135134826	23.81312892337781	26.26989111327145	0.0
60.0	26.164072828215918	23.781010636314885	23.788466667240208	26.266449868228992	0.0
61.0	26.199058819480886	23.725090404374967	23.815423086739447	26.260427689404693	0.0
62.0	26.35420161681163	23.671464335796692	23.680354218823037	26.29397982856864	0.0
63.0	26.280501618819024	23.721935929752718	23.742583400007454	26.2549790514208	0.0
64.0	26.352767764710606	23.837217638675007	23.59518340402224	26.214831192592147	0.0
65.0	26.31003897210011	23.59690402654347	23.82201880640416	26.27103819495227	0.0
66.0	26.30286971159499	23.78330479967652	23.528365896114547	26.38545959261394	0.0
67.0	26.28136193007964	23.776135539171406	23.62185305310128	26.320649477647677	0.0
68.0	26.039327695426874	23.783591570096725	23.80194487698983	26.37513585748657	0.0
69.0	26.22802263192156	23.79965071362819	23.73971569580541	26.232610958644837	0.0
70.0	26.254616990525133	23.727029755213472	23.708676500952073	26.30967675330932	0.0
71.0	26.202138154121453	23.674264149211957	23.83112711922733	26.292470577439264	0.0
72.0	26.222136828853525	23.74359430247797	23.825610172262003	26.208658696406502	0.0
73.0	26.323079437818492	23.888986071640574	23.61999696025098	26.167937530289954	0.0
74.0	26.21525437824228	23.706027592891576	23.84252953001465	26.236188498851494	0.0
75.0	26.42975742229283	23.668174114529712	23.809264352060293	26.09280411111716	0.0
76.0	26.28178473415101	23.782594855941706	23.696564223301113	26.23905618660618	0.0
77.0	26.255115238032424	23.740153077172348	23.72810878860266	26.27662289619257	0.0
78.0	26.311321918024277	23.727535251051723	23.743881071253437	26.217261759670563	0.0
79.0	26.21955590987431	23.79435237573592	23.645806150043157	26.340285564346612	0.0
80.0	26.222423597628996	23.76338134798531	23.700005448606735	26.314189605778964	0.0
81.0	26.264865376398355	23.634048630248945	23.76080042900609	26.340285564346612	0.0
82.0	26.350609240263484	23.780874243288892	23.610533590660516	26.25798292578711	0.0
83.0	26.31361606822803	23.664159351673153	23.79435237573592	26.2278722043629	0.0
84.0	26.16449630498433	23.74789583411	23.81356588369232	26.274041977213354	0.0
85.0	26.16191538600511	23.783455162268112	23.797506832266073	26.257122619460706	0.0
86.0	26.198335020489626	23.725241100847974	23.817007108997945	26.25941676966445	0.0
87.0	26.35462400312004	23.674196258814558	23.68193901575221	26.28924072231319	0.0
88.0	26.280350890273663	23.722660181868758	23.744741377579846	26.252247550277737	0.0
89.0	26.347741552508797	23.84511044899387	23.59676868943802	26.210379309059313	0.0
90.0	26.31763083108459	23.59390100168333	23.82360279083372	26.264865376398355	0.0
91.0	26.30042470455647	23.7817345496153	23.53052510230476	26.38731564352347	0.0
92.0	26.288380415986783	23.77513886777952	23.622577879230196	26.313902837003493	0.0
93.0	26.03258266826875	23.784315468594517	23.80725697063201	26.375844892504723	0.0
94.0	26.227011898036494	23.805823126754667	23.744167840028908	26.22299713517993	0.0
95.0	26.2561870185883	23.7214450810693	23.719437705397546	26.302930194944857	0.0
96.0	26.19998049977919	23.677282816290717	23.83529195845306	26.287444725477037	0.0
97.0	26.214530490515177	23.749767001706264	23.82317938717864	26.21252312059992	0.0
98.0	26.330097644208024	23.887988758728472	23.62301592991411	26.15889766714939	0.0
99.0	26.215964326168933	23.705318096439786	23.839238346500725	26.239479230890556	0.0
100.0	26.427598468663522	23.666030999526836	23.810561633425575	26.095808898384064	0.0
101.0	26.286795807464546	23.78331875600419	23.69212680842522	26.237758628106043	0.0
102.0	26.255251423081887	23.744031659091235	23.717075548800594	26.283641369026284	0.0
103.0	26.312318082101427	23.719082918715856	23.747759631791006	26.220839367391708	0.0
104.0	26.221699668783966	23.79020116714222	23.655420615689028	26.332678548384784	0.0
105.0	26.214243723384428	23.771274536512625	23.708759302008804	26.305722438094147	0.0
106.0	26.265575039788942	23.6396484234977	23.76295828972083	26.331818246992526	0.0
107.0	26.344149233614843	23.77815694765066	23.621868861391107	26.25582495734339	0.0
108.0	26.317479890454955	23.660008889781054	23.79392913984199	26.228582079921996	0.0
109.0	26.169794818117946	23.746899330398747	23.806260126464306	26.277045725019	0.0
110.0	26.17237572229471	23.77385544068939	23.794502674103494	26.25926616291241	0.0
111.0	26.20736131224639	23.719656452977357	23.815436674648353	26.257545560127898	0.0
112.0	26.351891946145134	23.671479575011112	23.68639146581019	26.29023701303357	0.0
113.0	26.278479560672757	23.717075548800594	23.758083248498057	26.246361642028592	0.0
114.0	26.350458110491378	23.836944209454714	23.59519951823122	26.217398161822693	0.0
115.0	26.318626958977966	23.584589134393415	23.820024948740375	26.276758957888248	0.0
116.0	26.303715068178885	23.767259796682104	23.5421475990422	26.386877536096815	0.0
117.0	26.279913396326513	23.768980399466614	23.623589464175616	26.32751674003126	0.0
118.0	26.029278924049727	23.781311386088927	23.815723441779102	26.373686248082244	0.0
119.0	26.22657471000674	23.78962763288072	23.75521557719054	26.228582079921996	0.0
120.0	26.2599150019787	23.719724473350652	23.720871545163085	26.29948897950756	0.0
121.0	26.195678980482572	23.666098866119516	23.843894997046288	26.29432715635162	0.0
122.0	26.217835297221498	23.74187368982516	23.83335292919966	26.206938083753688	0.0
123.0	26.32451328169584	23.890419915517917	23.62229111045473	26.162775692331515	0.0
124.0	26.216688222119622	23.6948436106483	23.843676605116528	26.244791562115548	0.0
125.0	26.43033095984377	23.665593195550496	23.81356588369232	26.090509960913415	0.0
126.0	26.28465242190569	23.778006555534205	23.70086575493314	26.236475267626957	0.0
127.0	26.265152145173825	23.742160458600626	23.72810878860266	26.264578607622884	0.0
128.0	26.316770524758184	23.712049737176415	23.75018998431375	26.22098975375165	0.0
129.0	26.213246996814	23.79005084410389	23.660144588816593	26.33655757026552	0.0
130.0	26.208658696406502	23.771124104922958	23.712910043502823	26.307307155167713	0.0
131.0	26.280350890273663	23.62601910453582	23.77141087369843	26.322219131492087	0.0
132.0	26.339425258020206	23.77944039941155	23.623724954332072	26.25740938823617	0.0
133.0	26.32566035679771	23.65813720738831	23.790911150430297	26.225291285383683	0.0
134.0	26.16851106784089	23.749042909211873	23.806970201856544	26.275475821090698	0.0
135.0	26.174533212125734	23.774278561453116	23.800661288796228	26.250526937624922	0.0
136.0	26.20894546518197	23.726101407174383	23.81586003389607	26.249093093747582	0.0
137.0	26.358638765976604	23.665879964325963	23.69685099207658	26.278630277620852	0.0
138.0	26.284078884354756	23.712623274727353	23.76280781043437	26.24049003048352	0.0
139.0	26.344013558427704	23.83277939164872	23.60537175270208	26.217835297221498	0.0
140.0	26.32279266904302	23.58386409454193	23.827904322465756	26.265438913949296	0.0
141.0	26.306446848841308	23.766535804515463	23.54601061618007	26.38100673046316	0.0
142.0	26.277483202518976	23.765388729413587	23.62659264208676	26.330535425980678	0.0
143.0	26.048068182144057	23.768256417168274	23.820735103079034	26.362940297608635	0.0
144.0	26.233034042321336	23.782308087166236	23.74789583411	26.23676203640243	0.0
145.0	26.265227465645	23.71412512331093	23.718713436876275	26.301933974167795	0.0
146.0	26.205866158893297	23.664800752483426	23.844031751129872	26.285301337493404	0.0
147.0	26.234905122006474	23.725663945215377	23.838364720355827	26.20106621242232	0.0
148.0	26.32437749311034	23.883674446748167	23.628162002345782	26.16378605779571	0.0
149.0	26.211103177129484	23.694119198992862	23.851842930105445	26.242934693772206	0.0
150.0	26.416144027575843	23.66716277949362	23.817717250101087	26.09897594282945	0.0
151.0	26.285089945542296	23.78502542219775	23.691825035631226	26.238059596628727	0.0
152.0	26.27075142453206	23.7394289253852	23.720502077651695	26.26931757243104	0.0
153.0	26.309752201679903	23.70501647496064	23.76036316606015	26.224868157299312	0.0
154.0	26.21913274889522	23.793341764383687	23.653971340164205	26.333554146556892	0.0
155.0	26.214831192592147	23.773841375809766	23.713906357986986	26.297421073611098	0.0
156.0	26.283082552600863	23.614397022175957	23.767819196985467	26.334701228237712	0.0
157.0	26.328105508573003	23.782157717995705	23.63361064032967	26.25612613310162	0.0
158.0	26.319215625546654	23.658846437307684	23.796209468585737	26.22572846855992	0.0
159.0	26.17124208872103	23.74114954790643	23.81054798959597	26.277060373776568	0.0
160.0	26.185007068890858	23.76667211530465	23.794488846064507	26.253831969739988	0.0
161.0	26.2179856672144	23.713906357986986	23.820584954303133	26.247523020495482	0.0
162.0	26.35907671395511	23.66458184571178	23.701862000338387	26.274479439994725	0.0
163.0	26.282795782180663	23.707597408742483	23.77212075328854	26.237486055788317	0.0
164.0	26.346745585886307	23.826893903547635	23.61525733343657	26.211103177129484	0.0
165.0	26.318068543865834	23.588587684357535	23.830621919010298	26.26272185276633	0.0
166.0	26.297707844031304	23.764091181522808	23.549586907209697	26.388614067236194	0.0
167.0	26.288531190584752	23.755488068916666	23.62730169108517	26.328679049413413	0.0
168.0	26.042482170049126	23.767819196985467	23.816856938840473	26.372841694124933	0.0
169.0	26.237199285368114	23.777282620852226	23.749752660512573	26.23576543326709	0.0
170.0	26.265378107883343	23.711106650225116	23.73146740844828	26.29204783344326	0.0
171.0	26.202001663273204	23.656620114134956	23.85678644145565	26.284591781136186	0.0
172.0	26.224445024361287	23.74128571387604	23.840795620417023	26.193473641345648	0.0
173.0	26.320800438187714	23.884958518420802	23.629157836476832	26.165083206914648	0.0
174.0	26.216988950672338	23.685651933273878	23.856568083989803	26.24079103206399	0.0
175.0	26.418016168209025	23.663570484271986	23.82186866412969	26.0965446833893	0.0
176.0	26.294130636146473	23.781147030905426	23.69167414663803	26.233048186310075	0.0
177.0	26.269755010624905	23.74071216974612	23.715763000094633	26.273769819534337	0.0
178.0	26.31936657786292	23.696836043807302	23.757918493643697	26.225878884686082	0.0
179.0	26.218422810997133	23.789750192854214	23.658982131232634	26.332844864916016	0.0
180.0	26.218422810997133	23.771970324826718	23.705439205756086	26.30416765842006	0.0
181.0	26.281225893223287	23.61567954942373	23.76938937624208	26.3337051811109	0.0
182.0	26.335425813500656	23.783154435360142	23.63116524093155	26.25025451020765	0.0
183.0	26.31850626166804	23.66271016807711	23.794912090023487	26.22387148023137	0.0
184.0	26.176554089513033	23.736123816706765	23.815846450765537	26.271475643014664	0.0
185.0	26.192039781020853	23.767668743852326	23.788603104594376	26.25168837053245	0.0
186.0	26.2172757227373	23.718343948679273	23.811831641856106	26.25254868672733	0.0
187.0	26.358941122827346	23.66012921949247	23.69740958793722	26.283520069742966	0.0
188.0	26.28036557702841	23.70400534543129	23.775124817541275	26.240504259999025	0.0
189.0	26.35263213739823	23.823589296519447	23.606502843345023	26.2172757227373	0.0
190.0	26.312484048303887	23.57925949717386	23.833052774663113	26.27520367985914	0.0
191.0	26.306175062874775	23.75591108918898	23.553450011327495	26.384463836608745	0.0
192.0	26.28954228310712	23.76135975842321	23.622848851047724	26.326249107421944	0.0
193.0	26.034601917358025	23.76480102320273	23.81900094348009	26.381596115959148	0.0
194.0	26.227886289140802	23.783154435360142	23.759065581903535	26.229893693595518	0.0
195.0	26.272411301145944	23.719559058008418	23.72586806152999	26.282161579315645	0.0
196.0	26.2136228592404	23.661344161877558	23.847172992876562	26.27785998600548	0.0
197.0	26.230904455603127	23.7293773855988	23.84810170142842	26.191616457369655	0.0
198.0	26.321238174169142	23.873337787884957	23.63044045574078	26.17498358220512	0.0
199.0	26.221727696891662	23.680912628653854	23.852690080784154	26.244669593670334	0.0
200.0	26.424189935963433	23.66083846897252	23.817990461906412	26.096981133157637	0.0
201.0	26.304605299004606	23.777555368834008	23.68033908123439	26.237500250927	0.0
202.0	26.27592792803127	23.737980596890797	23.716759342370526	26.2693321327074	0.0
203.0	26.319804305620476	23.69983969349626	23.76006217254027	26.220293828342996	0.0
204.0	26.229183813344726	23.789313090933074	23.64248495154958	26.339018144172616	0.0
205.0	26.21828641237486	23.772966989478274	23.706435488820127	26.30231110932674	0.0
206.0	26.29542854029314	23.61208693831784	23.767231515283605	26.325253006105413	0.0
207.0	26.342172654979684	23.77554795286587	23.627859492353178	26.254419899801267	0.0
208.0	26.32898106433195	23.65997814784332	23.793614696579077	26.21742609124566	0.0
209.0	26.178998414141386	23.737407049471333	23.817990461906412	26.26560407448087	0.0
210.0	26.189895815111253	23.773827310607473	23.785585032706543	26.25069184157473	0.0
211.0	26.21943350721379	23.716759342370526	23.815983045938278	26.247824104477395	0.0
212.0	26.35708488788582	23.65653686332652	23.698692598657324	26.28768565013034	0.0
213.0	26.278222117709138	23.696685182689194	23.777555368834008	26.247537330767663	0.0
214.0	26.359665851273416	23.824586257230283	23.608932427510776	26.20681546398552	0.0
215.0	26.329554611751416	23.569070881857833	23.83032173142495	26.271052774965803	0.0
216.0	26.302884656746205	23.75748120915267	23.555305743790633	26.38432839031049	0.0
217.0	26.29456821916394	23.748017676731468	23.62527852896558	26.332135575139016	0.0
218.0	26.041347033469357	23.770672799800405	23.816269819648014	26.37171034708222	0.0
219.0	26.24237540399246	23.78013633222161	23.751172187538536	26.226316076247393	0.0
220.0	26.27772392789341	23.709657992692986	23.7297322099419	26.282885869471706	0.0
221.0	26.213486432696886	23.652303086267516	23.85619977861006	26.27801070242554	0.0
222.0	26.226466497469207	23.733241565219885	23.84049554781262	26.199796389498285	0.0
223.0	26.331426277225734	23.875482141064797	23.622259503018313	26.17083207869116	0.0
224.0	26.225319396051106	23.675312943605626	23.850819460575558	26.24854819976771	0.0
225.0	26.42348116602859	23.659540299106695	23.816979968741485	26.09999856612323	0.0
226.0	26.311925553117966	23.772816564144478	23.691372363459084	26.223885519278472	0.0
227.0	26.290130626173987	23.72721928277484	23.71202018898496	26.27062990206622	0.0
228.0	26.31221232847249	23.70685823260349	23.76105877460891	26.21987066431511	0.0
229.0	26.218436787542476	23.794324715733932	23.656098994852382	26.33113950187121	0.0
230.0	26.215569033997216	23.7719562380809	23.702843377640125	26.30963135028176	0.0
231.0	26.288123198692304	23.617671097345895	23.767081057053957	26.327124646907844	0.0
232.0	26.34549370377487	23.7719421510119	23.628839607572104	26.253724537641133	0.0
233.0	26.32757765293276	23.665969790564358	23.782402587905327	26.22404996859756	0.0
234.0	26.167267471372156	23.743974029177025	23.811367397096063	26.277391102354752	0.0
235.0	26.189923114204518	23.76921069461054	23.78412326963943	26.256742921545516	0.0
236.0	26.226781417677813	23.6979383246773	23.820107428512433	26.255172829132455	0.0
237.0	26.359561453066704	23.6589359816689	23.70338718142112	26.278115383843282	0.0
238.0	26.280122857380476	23.70137970788392	23.77938439390072	26.239113040834877	0.0
239.0	26.365583873678293	23.816379263371925	23.618499728991072	26.19953713395871	0.0
240.0	26.327245821527306	23.56664334140158	23.824463996879768	26.281646840191343	0.0
241.0	26.303910153090783	23.747712815688793	23.56072295099833	26.387654080222095	0.0
242.0	26.296407829640785	23.749049974905	23.626586362658635	26.327955832795585	0.0
243.0	26.049933317080864	23.759769406163507	23.81569701576011	26.37460026099551	0.0
244.0	26.2329877095613	23.76744252749932	23.740194180326693	26.259375582612687	0.0
245.0	26.288676057630806	23.69224944282383	23.723227577423824	26.29584692212154	0.0
246.0	26.199982789777128	23.652296130568224	23.847345323121935	26.300375756532713	0.0
247.0	26.22854421956033	23.74277158199091	23.82997154527514	26.198712653173615	0.0
248.0	26.327158191863496	23.881675951371477	23.61977269206717	26.171393164697847	0.0
249.0	26.20180033390514	23.67915273004745	23.885118272413813	26.2339286636336	0.0
