# Position (bp)	A	C	G	T	N
0.0	26.252651264624717	23.744497913198167	23.676363263165097	26.32648755901202	0.0
1.0	26.339601341026754	23.744497913198167	23.743642666545032	26.172258079230048	0.0
2.0	26.30773309161187	23.84719098561358	23.639390337412383	26.205685585362172	0.0
3.0	26.23413861115228	23.78296261671588	23.69432125226591	26.288577519865925	0.0
4.0	26.250733881678322	23.756106180566245	23.779761395828704	26.21339854192673	0.0
5.0	26.11764839993958	23.874514453123886	23.683003080711217	26.324834066225318	0.0
6.0	26.341735864541242	23.838644044613392	23.66709790668118	26.152522184164184	0.0
7.0	26.395949211270175	23.657335643293518	23.755356980031003	26.19135816540531	0.0
8.0	26.249971507373893	23.842629527478287	23.68592008388229	26.22147888126553	0.0
9.0	26.098228759789972	23.76088684518671	23.801912836861856	26.338971558161468	0.0
10.0	26.242243987487825	23.881396395626435	23.681976422861506	26.19438319402424	0.0
11.0	26.182133109982964	23.73525004415728	23.78339572329624	26.299221122563516	0.0
12.0	26.239605263532745	23.736606850341435	23.85511895367487	26.16866893245095	0.0
13.0	26.234762220848445	23.669374022488814	23.70783347909942	26.388030277563324	0.0
14.0	26.286611266056823	23.919787817753456	23.546018876471074	26.247582039718647	0.0
15.0	26.17949455727468	23.798426865782194	23.78190354368282	26.24017503326031	0.0
16.0	26.2467273851273	23.71125209746481	23.755124366487284	26.286896150920608	0.0
17.0	26.186616678869235	23.772787228041786	23.732903347112263	26.307692745976713	0.0
18.0	26.290314769285995	23.781048889091476	23.724356801198795	26.204279540423737	0.0
19.0	26.101436104598324	23.744298741663556	23.84514798344249	26.309117170295625	0.0
20.0	26.197442303692963	23.665955404123423	23.889305137328748	26.247297154854866	0.0
21.0	26.28604149632926	23.851700335309484	23.644304154475968	26.217954013885286	0.0
22.0	26.349855705816495	23.613536589187483	23.708403248826986	26.32820445616904	0.0
23.0	26.17949455727468	23.71751956446802	23.738031274660347	26.364954603596956	0.0
24.0	26.237895954350048	23.687036884043312	23.93915998849065	26.135907173115985	0.0
25.0	26.25178052532619	23.731411315594553	23.683265910774313	26.33354224830494	0.0
26.0	26.3255654948436	23.739672953108084	23.76046948891801	26.174292063130306	0.0
27.0	26.302489886616147	23.844795168366474	23.649649592615805	26.203065352401573	0.0
28.0	26.2392456270298	23.782120676884507	23.68810893966156	26.290524756424134	0.0
29.0	26.245513076177996	23.759899720813628	23.789242778189276	26.2053444248191	0.0
30.0	26.1190245570053	23.862457979602304	23.691812432340036	26.32670503105236	0.0
31.0	26.327559683208936	23.83995213947923	23.68241125861774	26.150076918694094	0.0
32.0	26.395077203578143	23.65135889692895	23.765027633753064	26.18853626573984	0.0
33.0	26.259472394735344	23.837103298957324	23.689818243974702	26.21360606233263	0.0
34.0	26.097658253090994	23.75135319924791	23.80519628511196	26.345792262549146	0.0
35.0	26.2452281921258	23.879266138681558	23.67842288188707	26.197082787305565	0.0
36.0	26.177140903652212	23.723719446185402	23.78981254629366	26.309327103868725	0.0
37.0	26.24230459146319	23.728209993134314	23.85783186760906	26.17165354779344	0.0
38.0	26.240025525538357	23.66268684779543	23.712826298141707	26.384461328524505	0.0
39.0	26.28589172727558	23.923355012947944	23.551012617478726	26.239740642297754	0.0
40.0	26.17792097908672	23.786611057458103	23.8014249859695	26.23404297748568	0.0
41.0	26.240880175260166	23.710262348976272	23.764959931172207	26.28389754459135	0.0
42.0	26.187037242786044	23.76752388033764	23.735901840630618	26.309537036245693	0.0
43.0	26.295292874215505	23.78005874292421	23.722227445081636	26.202420937778655	0.0
44.0	26.11325248346965	23.73390765794639	23.852134202796986	26.300705655786977	0.0
45.0	26.196153506485366	23.669808928810525	23.89629110509058	26.237746459613525	0.0
46.0	26.298426589862146	23.841023756413435	23.645593853359202	26.21495580036522	0.0
47.0	26.343723025118155	23.613971813652174	23.717384429991366	26.3249207312383	0.0
48.0	26.177351212605515	23.72194256184103	23.740744855720884	26.359961369832575	0.0
49.0	26.240880175260166	23.686047273524945	23.94101777386538	26.132054777349506	0.0
50.0	26.25533442348343	23.73156098478158	23.680851912415747	26.332252679319247	0.0
51.0	26.32997361988707	23.751217872384068	23.756345756106455	26.162462751622407	0.0
52.0	26.30404931884611	23.834688424087382	23.654357846516742	26.206904410549765	0.0
53.0	26.24450889118061	23.774578231563833	23.697090210869973	26.283822666385582	0.0
54.0	26.25305536405126	23.75378181424526	23.801072297462834	26.192090524240648	0.0
55.0	26.114032738688742	23.863461549418556	23.698514623015082	26.32399108887762	0.0
56.0	26.327409678025877	23.846653486106284	23.679142617841617	26.14679421802622	0.0
57.0	26.386665223262362	23.658061318094024	23.776002643708942	26.179270814934675	0.0
58.0	26.26843901521842	23.84266513209998	23.680567029986722	26.208328822694877	0.0
59.0	26.104631618531034	23.742101634655377	23.806769946043268	26.346496800770325	0.0
60.0	26.23368335887779	23.879699847872782	23.684270501564004	26.20234629168542	0.0
61.0	26.191520759382602	23.728712160491366	23.78711305844078	26.29265402168525	0.0
62.0	26.250701520982954	23.738900299980344	23.854277355045113	26.156120823991593	0.0
63.0	26.2347481504061	23.665970605914712	23.72608062719537	26.37320061648382	0.0
64.0	26.284887315076222	23.911823441768775	23.563413223634917	26.239876019520086	0.0
65.0	26.169510260011453	23.788469701415575	23.80784165140176	26.23417838717121	0.0
66.0	26.243294598929417	23.71724929705461	23.76881286981195	26.270643234204027	0.0
67.0	26.194864723963956	23.761690829375855	23.74032470806756	26.303119738592628	0.0
68.0	26.295427934921644	23.781632542596924	23.727789916900033	26.195149605581403	0.0
69.0	26.11709204240178	23.73063873307447	23.85513199989744	26.297137224626304	0.0
70.0	26.198568184990727	23.6619822632705	23.897294479279136	26.24215507245964	0.0
71.0	26.290869829042542	23.8477250778439	23.64431960298898	26.217085490124582	0.0
72.0	26.345567099591765	23.60899428242594	23.716394652202275	26.32904396578002	0.0
73.0	26.181475287944096	23.70841796691385	23.749725801443212	26.360380943698846	0.0
74.0	26.23560279525843	23.69217971471955	23.940596485130605	26.13162100489142	0.0
75.0	26.2517662609964	23.731425771457225	23.690687816217697	26.326120151328684	0.0
76.0	26.32811431696978	23.75165230867405	23.765611468161723	26.154621906194446	0.0
77.0	26.30703313733534	23.832558457541364	23.66590318610693	26.194505219016364	0.0
78.0	26.234958293450024	23.784413601349193	23.708350426181685	26.272277679019098	0.0
79.0	26.262591731619487	23.7550708783445	23.796093714389897	26.18624367564611	0.0
80.0	26.115878116596015	23.864749988604768	23.701798167646658	26.31757372715256	0.0
81.0	26.33267240986371	23.843099047358585	23.693821505082273	26.13040703769543	0.0
82.0	26.392497379096586	23.66219973563061	23.759913852044303	26.185389033228496	0.0
83.0	26.268859109348647	23.84480833219381	23.680147226400475	26.206185332057068	0.0
84.0	26.098500387437895	23.744245407721408	23.810622635489313	26.34663156935138	0.0
85.0	26.24464424084963	23.87956379051005	23.688408769770728	26.18738319886959	0.0
86.0	26.19393545740462	23.72829208259264	23.783843839737454	26.293928620265284	0.0
87.0	26.248272915034544	23.743323125133536	23.853001922939963	26.15540203689196	0.0
88.0	26.24428459511431	23.664981126700376	23.723381525532368	26.367352752652945	0.0
89.0	26.28473755430525	23.921373121572536	23.560999928780003	26.232889395342212	0.0
90.0	26.17790755644185	23.788334164233316	23.80913040381739	26.224627875507444	0.0
91.0	26.239156755216865	23.706573605868527	23.773805284523895	26.280464354390716	0.0
92.0	26.19955843600883	23.755857844882843	23.73791040524179	26.306673313866536	0.0
93.0	26.295847874083044	23.7860551242789	23.71768392564632	26.20041307599174	0.0
94.0	26.119222277615556	23.720247845595043	23.860693682786128	26.29983619400328	0.0
95.0	26.210953635780925	23.65700448685991	23.907129121857416	26.224912755501744	0.0
96.0	26.302115233957696	23.835909123281816	23.640196567196067	26.221779075564417	0.0
97.0	26.354818032903637	23.60230752795385	23.71398048572039	26.32889395342212	0.0
98.0	26.19129691617406	23.71625952567481	23.74246848515063	26.349975073000497	0.0
99.0	26.23260451534791	23.690050566198988	23.939320561213588	26.138024357239516	0.0
100.0	26.25019229344835	23.725023217653394	23.691692353272977	26.33309213562528	0.0
101.0	26.32340624341217	23.75180186083082	23.76177263222667	26.163019263530334	0.0
102.0	26.297482237782955	23.84182368257622	23.670326414567583	26.190367665073243	0.0
103.0	26.240506401235237	23.78085953747016	23.70337239976526	26.27526166152935	0.0
104.0	26.265575769316236	23.746958914724264	23.798237167617213	26.189228148342288	0.0
105.0	26.114874681647514	23.860910587819706	23.692546990821192	26.33166773971159	0.0
106.0	26.321981847498478	23.851224695606593	23.696535299379534	26.130258157515396	0.0
107.0	26.397474830924207	23.65665221379613	23.77459219544991	26.171280759829756	0.0
108.0	26.27155823215374	23.83327730709406	23.692546990821192	26.202617469931	0.0
109.0	26.097497051500458	23.751516981648084	23.81134161002319	26.339644356828266	0.0
110.0	26.254465481189428	23.865183775560787	23.6874191655319	26.192931577717886	0.0
111.0	26.202047711565523	23.717616358902188	23.786272241942193	26.294063687590093	0.0
112.0	26.253251174411083	23.731222954359634	23.860842613246273	26.154683257983002	0.0
113.0	26.24328043141981	23.655445307625907	23.72410099508015	26.377173265874138	0.0
114.0	26.28458779524082	23.920667071193954	23.569696917900902	26.22504821566432	0.0
115.0	26.17120620351141	23.78392545302783	23.819535249425257	26.225333094035502	0.0
116.0	26.25609995812288	23.686497050084466	23.77993715583132	26.27746583596134	0.0
117.0	26.180892068131513	23.763414210302912	23.743472724320352	26.312220997245227	0.0
118.0	26.295982930087998	23.776803493748343	23.721821968110714	26.205391608052942	0.0
119.0	26.11195150230609	23.72467075182251	23.87765043714586	26.285727308725537	0.0
120.0	26.208810148507094	23.6582940913377	23.908132422862057	26.224763337293144	0.0
121.0	26.30994197027579	23.82266891150823	23.649462861831143	26.21792625638484	0.0
122.0	26.36065032034573	23.593911579451156	23.71413025208887	26.33130784811425	0.0
123.0	26.18317109510095	23.71470000883123	23.74432735943389	26.357801536633936	0.0
124.0	26.228181877747296	23.677665820577904	23.950579300167792	26.143573001507008	0.0
125.0	26.246773743255485	23.7235988217397	23.700238728755135	26.32938870624968	0.0
126.0	26.32340624341217	23.75037746491713	23.765760940785015	26.16045535088569	0.0
127.0	26.30944716345798	23.830143636083935	23.67659375658783	26.183815443870255	0.0
128.0	26.23537857594594	23.77858050400825	23.712488533612895	26.273552386432915	0.0
129.0	26.26044794402694	23.747243793907007	23.79681277170352	26.195495490362536	0.0
130.0	26.112025889820128	23.848375903779207	23.70536655404443	26.334231652356237	0.0
131.0	26.330243343797893	23.838974890748833	23.69539578264858	26.135385982804692	0.0
132.0	26.40659096477184	23.661210280719946	23.769749249343352	26.162449505164858	0.0
133.0	26.26870944032636	23.82729484425655	23.69938409120692	26.204611624210173	0.0
134.0	26.099776084962368	23.75066234409987	23.804504509637464	26.345057061300302	0.0
135.0	26.2439249514281	23.865753533926263	23.698244574475964	26.192076940169674	0.0
136.0	26.203187228296482	23.708785104237293	23.79083030886601	26.297197358600215	0.0
137.0	26.252261234954776	23.716829285663415	23.870379602592408	26.1605298767894	0.0
138.0	26.245288770251523	23.653150933129737	23.734627075718684	26.36693322090006	0.0
139.0	26.283178025371555	23.906410691037337	23.57680265965478	26.233608623936323	0.0
140.0	26.169015047489903	23.781700292289372	23.81788036077511	26.23140429944562	0.0
141.0	26.25932277748973	23.679427500270638	23.79423511916632	26.267014603073314	0.0
142.0	26.194084701243796	23.756630638535476	23.74067722251027	26.308607437710457	0.0
143.0	26.298351670265678	23.778566585570136	23.72586333620115	26.197218407963035	0.0
144.0	26.114392016432063	23.715105364066538	23.88973879055669	26.280763828944707	0.0
145.0	26.21011278527495	23.65471011705852	23.913668982767415	26.221508114899112	0.0
146.0	26.31124633568932	23.817948213924524	23.652715934374296	26.21808951601186	0.0
147.0	26.3616706692762	23.593175337088095	23.725930927209482	26.319223066426222	0.0
148.0	26.179060512049134	23.71681466351016	23.740175089239678	26.363949735201025	0.0
149.0	26.23803134285413	23.669808928810525	23.948139854880477	26.144019873454866	0.0
150.0	26.240100279186372	23.718021765141586	23.701213606062332	26.34066434960971	0.0
151.0	26.325850378895787	23.740242721212468	23.774143923423168	26.159762976468574	0.0
152.0	26.309611987920917	23.829696313600365	23.67785311378269	26.18283858469603	0.0
153.0	26.250925873169624	23.76844624237935	23.70748105521053	26.273146829240503	0.0
154.0	26.26346077146601	23.750498547091333	23.796364879494046	26.18967580194861	0.0
155.0	26.124152469944733	23.83881260327047	23.706341519001768	26.330693407783034	0.0
156.0	26.32613526294798	23.847074240784	23.6960856931229	26.13070480314512	0.0
157.0	26.401914420830725	23.649364708563613	23.783829981197652	26.16489088940801	0.0
158.0	26.25377471369153	23.828271893339412	23.71431827246311	26.203635120505954	0.0
159.0	26.094524528516892	23.74907412683038	23.807760241581676	26.348641103071053	0.0
160.0	26.254629365848096	23.856475414506296	23.70064383795795	26.188251381687657	0.0
161.0	26.197367671357757	23.703492678479858	23.798643951911572	26.300495698250813	0.0
162.0	26.25384950672186	23.71638002501289	23.869363196863986	26.160407271401265	0.0
163.0	26.23462681294638	23.66067740308874	23.735602549164287	26.369093234800594	0.0
164.0	26.283912175193798	23.90368557648205	23.591165100265798	26.221237148058357	0.0
165.0	26.170317022585866	23.79350229049388	23.815723499783488	26.22045718713677	0.0
166.0	26.2663240422089	23.6815415821501	23.787234769925018	26.26489960571598	0.0
167.0	26.196526654055656	23.743077238644393	23.759030927365135	26.301365179934816	0.0
168.0	26.299370968844727	23.772990404995785	23.721710691250543	26.205927934908953	0.0
169.0	26.1088557469054	23.716080509379942	23.894135578251642	26.280928165463013	0.0
170.0	26.200304830277908	23.6482771391536	23.924903494152673	26.226514536415824	0.0
171.0	26.3193880603393	23.815791347948092	23.65454467757788	26.210275914134723	0.0
172.0	26.36212127686851	23.58930530034329	23.716935173710525	26.331638249077677	0.0
173.0	26.17580445280116	23.721778271583833	23.74798797772175	26.35442929789325	0.0
174.0	26.236770508382833	23.67135307607937	23.953392305172144	26.138484110365656	0.0
175.0	26.24995014443868	23.709880517586193	23.69820007179201	26.341969266183114	0.0
176.0	26.328009709014456	23.72953785319104	23.79021919353644	26.152233244258067	0.0
177.0	26.307497706644178	23.83238275396423	23.67939740295259	26.180722136438998	0.0
178.0	26.254223478265825	23.767712968713496	23.709595628664385	26.268467924356294	0.0
179.0	26.268752813278102	23.751759189092173	23.797911194425296	26.181576803204432	0.0
180.0	26.124029240998937	23.832952531807848	23.71187474003886	26.331143487154357	0.0
181.0	26.331998153919788	23.84092942161851	23.700194294244675	26.12687813021703	0.0
182.0	26.398662161623182	23.64293162096099	23.786515637552917	26.17189057986291	0.0
183.0	26.257072367483918	23.819847641404614	23.710735184351623	26.212344806759845	0.0
184.0	26.10209279401961	23.755177856153885	23.806172973157764	26.336556376668735	0.0
185.0	26.255078145031252	23.857737868005266	23.70190362777553	26.185280359187953	0.0
186.0	26.20037947204385	23.70161873885372	23.811300973750335	26.28670081535209	0.0
187.0	26.258856509587964	23.727326338340745	23.860369843851934	26.153447308219352	0.0
188.0	26.238493950332042	23.66393076000467	23.724897510334433	26.37267777932885	0.0
189.0	26.280657871120848	23.904663956400228	23.58814965912749	26.226528513351433	0.0
190.0	26.16763055183613	23.786501809065268	23.82439246745107	26.22147517164753	0.0
191.0	26.275889575795564	23.676818324264264	23.782798210877182	26.26449388906299	0.0
192.0	26.19355573915273	23.748326258511156	23.75601834705564	26.302099655280475	0.0
193.0	26.320047861884277	23.760861513916982	23.717273012164895	26.201817612033846	0.0
194.0	26.12810497736525	23.711072935451796	23.884857653222564	26.27596443396038	0.0
195.0	26.21157862049121	23.649251158802194	23.925597349355716	26.213572871350877	0.0
196.0	26.32183220373267	23.81277972929469	23.65096051668191	26.21442755029073	0.0
197.0	26.368554652444807	23.581731522553554	23.715061437171126	26.33465238783051	0.0
198.0	26.185653359315573	23.718480152930553	23.738707554507148	26.357158933246726	0.0
199.0	26.25345788854417	23.65808284118071	23.95351686139102	26.134942408884104	0.0
200.0	26.25809098368128	23.71541389370043	23.690343240040114	26.336151882578175	0.0
201.0	26.33016911295469	23.722251344698698	23.78578266022427	26.161796882122346	0.0
202.0	26.307092715835534	23.828801622755037	23.687779195915763	26.176326465493666	0.0
203.0	26.262079496763608	23.769258820311787	23.71028580545173	26.25837587747288	0.0
204.0	26.26037013401404	23.758717750022793	23.799457562220805	26.181454553742366	0.0
205.0	26.125900264381443	23.838772905460846	23.7117102744097	26.323616555748018	0.0
206.0	26.343274227368035	23.82908651654663	23.70202388549549	26.125615370589845	0.0
207.0	26.40566596772723	23.637352994803535	23.784358191266296	26.172622846202938	0.0
208.0	26.26365361275876	23.811273881358154	23.70985111365618	26.215221392226912	0.0
209.0	26.109958860867682	23.751581178562066	23.80343243951636	26.335027521053888	0.0
210.0	26.250697997743615	23.846451892286126	23.710271108021562	26.192579001948697	0.0
211.0	26.199701427903953	23.7002997116842	23.807990792127725	26.292008068284122	0.0
212.0	26.257610333814814	23.72201946991906	23.86133451850839	26.159035677757743	0.0
213.0	26.241520679428266	23.66232574835969	23.72728282825405	26.368870743957995	0.0
214.0	26.27998210831308	23.89565841692759	23.595089472679565	26.22927000207977	0.0
215.0	26.175213675213676	23.77777777777778	23.824216524216524	26.222792022792024	0.0
216.0	26.28732927253147	23.673924067943407	23.773924637747225	26.2648220217779	0.0
217.0	26.213539678288768	23.742300525928922	23.749992877452293	26.29416691833002	0.0
218.0	26.310121425193305	23.767371893856946	23.714095237009897	26.20841144393985	0.0
219.0	26.129283156266293	23.706185522953188	23.89764015077052	26.26689117001	0.0
220.0	26.227859497374624	23.63040139944216	23.922996492847517	26.2187426103357	0.0
221.0	26.32814525480275	23.808750502141045	23.655187936079226	26.20791630697698	0.0
222.0	26.371735370957587	23.573705758168874	23.715017507272144	26.3395413636014	0.0
223.0	26.19281646281877	23.71444770183221	23.73894933574931	26.353786499599714	0.0
224.0	26.274013738009156	23.656897352399024	23.94578871044482	26.123300199147003	0.0
225.0	26.26668110177894	23.70853229096628	23.688589043749786	26.336197563505	0.0
226.0	26.336767370568325	23.71536997572622	23.79599767518718	26.151864978518276	0.0
227.0	26.307707210338577	23.831895520176868	23.674913674229906	26.18548359525465	0.0
228.0	26.26839052296892	23.75440175956421	23.71679449338454	26.260413224082324	0.0
229.0	26.27351878653888	23.750698013652578	23.794573157528863	26.181210042279684	0.0
230.0	26.123374625351858	23.842721854380105	23.71964352870118	26.314259991566857	0.0
231.0	26.351867257746527	23.821069185973627	23.71480016866289	26.112263387616952	0.0
232.0	26.40542912169939	23.638730925708554	23.78972979749057	26.166110155101485	0.0
233.0	26.27152446181723	23.807108912922086	23.70169460620634	26.219672019054347	0.0
234.0	26.11283319468028	23.741581100639323	23.808533430580407	26.337052274099992	0.0
235.0	26.25927360995567	23.837878494341815	23.711381326282922	26.191466569419596	0.0
236.0	26.20371742128115	23.69770595676304	23.8053994917321	26.293177130223704	0.0
237.0	26.25080129346572	23.714582828815225	23.871280217666918	26.16333566005214	0.0
238.0	26.23955463499272	23.65232355061212	23.738650058548178	26.369471755846984	0.0
239.0	26.27944147034271	23.90332570735029	23.607593313826772	26.209639508480226	0.0
240.0	26.186792490462068	23.775454672376604	23.821612858188946	26.21613997897238	0.0
241.0	26.278056550493957	23.669085862946403	23.78277953969733	26.27007804686231	0.0
242.0	26.209948592857714	23.72963946609522	23.756425892785902	26.303986048261162	0.0
243.0	26.307180229575845	23.756939140743444	23.72673179294858	26.209148836732133	0.0
244.0	26.130313843067064	23.700395581344978	23.903886273213327	26.265404302374627	0.0
245.0	26.230914589134606	23.62187443887396	23.918861530481077	26.228349441510357	0.0
246.0	26.319390009263877	23.803320743960665	23.661654671132332	26.215634575643126	0.0
247.0	26.36617084475966	23.5785266734702	23.721914035997923	26.33338844577221	0.0
248.0	26.191698027141065	23.707093169118483	23.74016421484776	26.36104458889269	0.0
249.0	26.248146881058272	23.656631314859165	23.965959630516593	26.12926217356597	0.0
