# Position (bp)	A	C	G	T	N
0.0	26.185123366374857	23.716376559821054	23.858591363786037	26.239908710018057	0.0
1.0	26.19278763724722	23.799264229996254	23.875339214951573	26.13260891780495	0.0
2.0	26.23555257839642	23.74060491836781	23.721587683644042	26.302254819591724	0.0
3.0	26.22392507449979	23.70285227756492	23.801617709663685	26.271604938271604	0.0
4.0	26.340239683751392	23.75894273527801	23.731699495716285	26.16911808525431	0.0
5.0	26.200090235548835	23.80771315310816	23.781039751880616	26.21115685946239	0.0
6.0	26.369610368974794	23.6888399595955	23.67749038123234	26.264059290197366	0.0
7.0	26.32474898074408	23.75767101795082	23.699508884620514	26.218071116684587	0.0
8.0	26.304530998658095	23.90526635327094	23.766536258486227	26.023666389584747	0.0
9.0	26.217844701396846	23.81080713061831	23.750950333042088	26.220397834942755	0.0
10.0	26.16619626420072	23.791396598919256	23.782886805565404	26.259520331314622	0.0
11.0	26.21640404498844	23.827421390783893	23.81834427787312	26.137830286354546	0.0
12.0	26.213851106982283	23.72416923142383	23.85295077084545	26.20902889074844	0.0
13.0	26.03259250854525	23.747712993036153	23.89833633539932	26.321358163019276	0.0
14.0	26.233423631696144	23.740054179017687	23.722750932531522	26.30377125675465	0.0
15.0	26.222360900336138	23.702327428482278	23.719914334746907	26.355397336434685	0.0
16.0	26.196831520274582	23.794516856482335	23.8288396896762	26.17981193356688	0.0
17.0	26.17782631511765	23.723034592309983	23.75934304395308	26.339796048619284	0.0
18.0	26.26944842356078	23.852099791510064	23.675379749528418	26.203072035400744	0.0
19.0	26.28760264938233	23.718212376076135	23.774377012211552	26.219807962329984	0.0
20.0	26.169316521763797	23.84869587416852	23.815791339866962	26.16619626420072	0.0
21.0	26.24420270327769	23.84954685350391	23.70743330449459	26.19881713872381	0.0
22.0	26.08818982512375	23.807848866070035	23.819195257208502	26.284766051597714	0.0
23.0	26.26944842356078	23.712822840285362	23.732111705220756	26.2856170309331	0.0
24.0	26.27873465404952	23.81799305602832	23.77771348174371	26.125558808178457	0.0
25.0	26.179737672181	23.722967299793495	23.854017745705402	26.243277282320104	0.0
26.0	26.189665736265233	23.79813692785985	23.875575827716887	26.13662150815803	0.0
27.0	26.23611138688989	23.74332339584214	23.716659527936073	26.303905689331902	0.0
28.0	26.22079384575236	23.703611252152257	23.7994877133464	26.27610718874898	0.0
29.0	26.34248320034493	23.759208253318093	23.729140487381468	26.169168058955517	0.0
30.0	26.212567758845175	23.80289161137696	23.772540187271122	26.212000442506746	0.0
31.0	26.36063732317459	23.692548583552934	23.675529093400126	26.271284999872353	0.0
32.0	26.325180052022905	23.766299707548427	23.694250532568212	26.21426970786045	0.0
33.0	26.29879984228606	23.910398057508857	23.766867023886853	26.02393507631823	0.0
34.0	26.20916386081461	23.820762076037408	23.74757826838034	26.222495794767642	0.0
35.0	26.159240023033043	23.791828942777638	23.7804826160091	26.268448418180217	0.0
36.0	26.2173899477218	23.82558426491404	23.82756987209853	26.12945591526563	0.0
37.0	26.219942871244722	23.718361476951355	23.84884423478954	26.21285141701438	0.0
38.0	26.03159384688699	23.747861926549554	23.895931490878972	26.324612735684482	0.0
39.0	26.226183350967414	23.743039737672923	23.72715488019697	26.30362203116269	0.0
40.0	26.228168958151908	23.694534190737425	23.71552489525922	26.36177195585144	0.0
41.0	26.201788748415062	23.78643943756258	23.832675719144373	26.179096094877984	0.0
42.0	26.17569219684742	23.726587563858544	23.751265824580116	26.346454414713914	0.0
43.0	26.27355426522606	23.847142285774257	23.678082016923046	26.201221432076633	0.0
44.0	26.28036206128718	23.71694318610529	23.771121896425058	26.231572856182474	0.0
45.0	26.162076604725176	23.847142285774257	23.820478417868195	26.17030269163237	0.0
46.0	26.25483282605797	23.84458936225134	23.70559685933675	26.194980952353937	0.0
47.0	26.078681102976425	23.813386963637857	23.82416597406797	26.283765959317744	0.0
48.0	26.26759744367258	23.71467392075158	23.728289512873825	26.289439122702014	0.0
49.0	26.264970017416562	23.814737702034957	23.793463399690246	26.126828880858234	0.0
50.0	26.175334290204177	23.7304914647499	23.853315103620034	26.240859141425886	0.0
51.0	26.18980081579858	23.804526036909497	23.87345477650636	26.13221837078556	0.0
52.0	26.231991354148054	23.742621383733432	23.71964520237477	26.305742059743743	0.0
53.0	26.21355367774913	23.705746030935586	23.806727766289686	26.273972525025602	0.0
54.0	26.340064503501743	23.755102272372703	23.737799222213713	26.167034001911844	0.0
55.0	26.20873151622941	23.812400897489354	23.764746595412138	26.214120990869095	0.0
56.0	26.35850217990066	23.684755445496812	23.69042857669648	26.26631379790605	0.0
57.0	26.325314362382603	23.758789807652487	23.7037604350157	26.21213539494921	0.0
58.0	26.294395797344407	23.914800915643376	23.759357120772453	26.031446166239764	0.0
59.0	26.211000768709276	23.81864134180899	23.749429141173035	26.220928748308697	0.0
60.0	26.16164452727216	23.795665160450334	23.78630449397088	26.256385818306626	0.0
61.0	26.21298636462916	23.82601641236856	23.822328877088776	26.1386683459135	0.0
62.0	26.210149799029324	23.728154899174275	23.851261846207088	26.21043345558931	0.0
63.0	26.02520572192013	23.751982050212884	23.906291218843872	26.316521009023113	0.0
64.0	26.231991354148054	23.74006847469358	23.720496172054723	26.307443999103647	0.0
65.0	26.226601879508365	23.693265142296312	23.72106348517469	26.35906949302063	0.0
66.0	26.209582485909362	23.78290061525108	23.830554917328296	26.176961981511266	0.0
67.0	26.173841759351447	23.73099146477411	23.748010858373117	26.347155917501325	0.0
68.0	26.276241777505465	23.84502140188745	23.66915433469772	26.209582485909362	0.0
69.0	26.275674464385503	23.716524980214952	23.77410726189159	26.233693293507955	0.0
70.0	26.16873594127175	23.856367664286786	23.813819180289272	26.161077214152193	0.0
71.0	26.248443434627088	23.853814755246937	23.698370960376014	26.199370849749958	0.0
72.0	26.08505725607663	23.811266271249423	23.824598129568646	26.2790783431053	0.0
73.0	26.255534848626677	23.73099146477411	23.72928952541421	26.284184161185003	0.0
74.0	26.264253701707606	23.82765076303398	23.78453508821694	26.12356044704147	0.0
75.0	26.181426221138025	23.723832756566633	23.847790321665627	26.246950700629718	0.0
76.0	26.183128155670275	23.811766040732966	23.870199126340275	26.13490667725648	0.0
77.0	26.236948326577618	23.74191937958989	23.715823124118895	26.305309169713592	0.0
78.0	26.22163095923595	23.701924031531085	23.80233788410426	26.274107125128708	0.0
79.0	26.34360258806777	23.75638578207925	23.73142414641134	26.16858748344164	0.0
80.0	26.20149145773116	23.814818701938215	23.77056852961783	26.213121310712793	0.0
81.0	26.357785335606355	23.683202804780155	23.693698037958704	26.265313821654786	0.0
82.0	26.332540044987674	23.758087711783876	23.703909616186486	26.20546262704196	0.0
83.0	26.29991972564893	23.912679659954446	23.75326557762076	26.03413503677586	0.0
84.0	26.211703035958937	23.827583174722943	23.745606893949926	26.2151068953682	0.0
85.0	26.16745286363856	23.79070803112262	23.788438791516448	26.253400313722373	0.0
86.0	26.215957860220513	23.822193730658277	23.824746625215223	26.137101783905987	0.0
87.0	26.20574628199273	23.73340973106674	23.850559225735445	26.210284761205077	0.0
88.0	26.02647635310503	23.75723674693156	23.90643925103747	26.30984764892594	0.0
89.0	26.236097361725303	23.7348280058206	23.722347187986646	26.306727444467455	0.0
90.0	26.231558882512957	23.684053769632467	23.71639043402044	26.367996913834133	0.0
91.0	26.213121310712793	23.784751277156417	23.82417931531368	26.177948096817104	0.0
92.0	26.177380786915567	23.734544350869825	23.750996338014584	26.33707852420002	0.0
93.0	26.276943674636428	23.8480063311785	23.66930371219234	26.20574628199273	0.0
94.0	26.284602358307264	23.710150025103463	23.779361833091752	26.22588578349752	0.0
95.0	26.167169208687785	23.84261688711384	23.82247738560905	26.16773651858933	0.0
96.0	26.257371483033182	23.854246740095476	23.696534587466424	26.19184718940492	0.0
97.0	26.08717851257017	23.811698497479725	23.81878987124902	26.28233311870109	0.0
98.0	26.261342652343984	23.727736632051307	23.731707801362113	26.2792129142426	0.0
99.0	26.26155181510288	23.826380970210643	23.782981885846226	26.12908532884025	0.0
100.0	26.187518082951815	23.718876048811204	23.84538579800421	26.248220070232765	0.0
101.0	26.183263270759227	23.80680883412473	23.867510821405677	26.142417073710366	0.0
102.0	26.23935236269051	23.74036642338665	23.720510689476175	26.299770524446664	0.0
103.0	26.227722575685803	23.706611675738845	23.808443225365416	26.257222523209933	0.0
104.0	26.348842552539693	23.758236583906076	23.72760202301563	26.1653188405386	0.0
105.0	26.207015881750596	23.81269802548909	23.77015002425236	26.210136068507957	0.0
106.0	26.357919459470192	23.67909730160576	23.69498188873414	26.268001350189905	0.0
107.0	26.33579449882709	23.76107311732186	23.700938608907283	26.202193774943765	0.0
108.0	26.3096983914019	23.904885361502	23.756818317198185	26.028597929897913	0.0
109.0	26.212405295240583	23.82347685246906	23.7449048768519	26.219212975438456	0.0
110.0	26.16049673373177	23.79539517165282	23.784899998014428	26.259208096600982	0.0
111.0	26.21580913533952	23.82319319912748	23.82064031905328	26.14035734647972	0.0
112.0	26.21779470873057	23.717957809401973	23.856664293433706	26.207583188433752	0.0
113.0	26.03455465007106	23.74377026348559	23.90063056137833	26.32104452506503	0.0
114.0	26.243607162814182	23.73100586311457	23.722496262867224	26.302890711204025	0.0
115.0	26.23566486924999	23.682217488363122	23.719092422768288	26.363025219618603	0.0
116.0	26.212972601923738	23.781779811257067	23.831135492691672	26.174112094127526	0.0
117.0	26.183189001058025	23.736395276604554	23.75313082375767	26.32728489857975	0.0
118.0	26.28473689734302	23.838226826231125	23.666616554576322	26.210419721849533	0.0
119.0	26.282467670610394	23.715972236010927	23.77951058452444	26.22204950885424	0.0
120.0	26.174395747469102	23.833972026107453	23.821774932419594	26.16985729400385	0.0
121.0	26.262044630016764	23.84702007982005	23.69214535531836	26.19878993484483	0.0
122.0	26.08447763818882	23.80617399863279	23.830000879325357	26.279347483853034	0.0
123.0	26.26885231021464	23.721077996159334	23.731573169797727	26.2784965238283	0.0
124.0	26.271196056072753	23.826664624356813	23.779578036092154	26.12256128347828	0.0
125.0	26.181561345882194	23.713202965887753	23.842549256542483	26.26268643168757	0.0
126.0	26.186667120513302	23.804539600955348	23.86041946775136	26.14837381077999	0.0
127.0	26.238082946380704	23.745890548900693	23.713270229561953	26.302756275156646	0.0
128.0	26.234395432020673	23.69596727756488	23.81056387767664	26.25907341273781	0.0
129.0	26.342467968264682	23.75496750732539	23.730856836509794	26.17170768790013	0.0
130.0	26.199580189482045	23.821977647926477	23.765530152606797	26.212912009984684	0.0
131.0	26.348857856861223	23.688442980776596	23.694116111976264	26.268583050385914	0.0
132.0	26.334749729107216	23.76821789424119	23.692481377894016	26.204550998757583	0.0
133.0	26.30439839109543	23.899834911413805	23.755169655469764	26.040597042021002	0.0
134.0	26.209940488684907	23.820978164056072	23.75091479500082	26.2181665522582	0.0
135.0	26.14838684056754	23.80140580589894	23.786939280304534	26.263268073228986	0.0
136.0	26.21476266388304	23.820127191962285	23.81615598885794	26.14895415529673	0.0
137.0	26.22015215381037	23.7157412817909	23.85359876098463	26.210507803414103	0.0
138.0	26.015918851301134	23.750063822907034	23.905224401341133	26.3287929244507	0.0
139.0	26.242635524781793	23.743039737672923	23.714390262582366	26.29993447496291	0.0
140.0	26.230154565336406	23.679216649599898	23.70956807370574	26.381060711357957	0.0
141.0	26.208880202645396	23.78133359051674	23.822180366883476	26.187605839954387	0.0
142.0	26.17399024783214	23.732544385412027	23.76232849317944	26.331136873576387	0.0
143.0	26.27667450508741	23.83551230083651	23.68006762410754	26.207745569968544	0.0
144.0	26.27837645410269	23.71779416061293	23.784453830378087	26.219375554906293	0.0
145.0	26.166898793601806	23.8437383877437	23.817641836176062	26.171720982478437	0.0
146.0	26.248308688166066	23.847709602112683	23.698505405106417	26.205476304614834	0.0
147.0	26.09314766960631	23.804026244053816	23.829271821113814	26.27355426522606	0.0
148.0	26.273837923395277	23.72091440047428	23.735664625273376	26.269583050857072	0.0
149.0	26.273061474572813	23.812887194499286	23.788208863775615	26.12584246715229	0.0
150.0	26.177184741416482	23.717010461342955	23.843522363673497	26.26228243356707	0.0
151.0	26.184559874736195	23.80891596886559	23.865931422606483	26.140592733791728	0.0
152.0	26.242500744606918	23.74232345724538	23.70402938715305	26.311146410994652	0.0
153.0	26.22491383834229	23.701760108925356	23.812387422525422	26.26093863020693	0.0
154.0	26.35851759399776	23.744876395251534	23.726438509651523	26.170167501099183	0.0
155.0	26.20371368435385	23.81330595063171	23.773309808415643	26.209670556598795	0.0
156.0	26.345618708035843	23.686009536695856	23.6965050080418	26.271866747226504	0.0
157.0	26.332928641938885	23.771742707045036	23.694302928528472	26.201025722487604	0.0
158.0	26.29123029966074	23.908751545958946	23.761530868119774	26.038487286260537	0.0
159.0	26.21152122360523	23.817695982208708	23.764367490043455	26.206415304142606	0.0
160.0	26.149115541284196	23.796421317781082	23.785925816663454	26.268537324271275	0.0
161.0	26.204996993180764	23.82450387482555	23.814575698092654	26.155923433901034	0.0
162.0	26.215208832106025	23.71415928199426	23.859961648871593	26.21067023702813	0.0
163.0	26.023736852257386	23.7433764878082	23.91414112761395	26.31874553232047	0.0
164.0	26.24563513563346	23.740607209011404	23.70855329034893	26.305204365006198	0.0
165.0	26.225778725842552	23.6838746096088	23.716212191268284	26.374134473280364	0.0
166.0	26.21187923898891	23.78485863654544	23.825422445118303	26.177839679347347	0.0
167.0	26.176705027359297	23.73720325304725	23.76074728179933	26.325344437794122	0.0
168.0	26.292723193137626	23.832514020043625	23.674513730707368	26.20024905611138	0.0
169.0	26.277972717292947	23.721885451208546	23.78429131055141	26.215850520947093	0.0
170.0	26.16025257353254	23.84386053992415	23.82797541209142	26.167911474451895	0.0
171.0	26.246486124624504	23.84669716989428	23.70061072643257	26.20620597904865	0.0
172.0	26.093308106237465	23.80329673135129	23.831946694049602	26.271448468361648	0.0
173.0	26.282511325245157	23.722736440199586	23.734082960080105	26.260669274475152	0.0
174.0	26.2709556633478	23.814143477150882	23.79428701103452	26.120613848466796	0.0
175.0	26.181885229625845	23.72280373301563	23.84676481434204	26.248546223016483	0.0
176.0	26.17507729838595	23.798541968059457	23.883641108558137	26.14273962499645	0.0
177.0	26.248337016245472	23.73279928743451	23.714644752630278	26.30421894368974	0.0
178.0	26.227913164590717	23.69875953467658	23.8173313401167	26.25599596061601	0.0
179.0	26.367192486291906	23.739607237986093	23.72684233070187	26.166357945020124	0.0
180.0	26.19990468842191	23.81683157082558	23.775700086234288	26.207563654518225	0.0
181.0	26.34436511245947	23.687547336799735	23.703999977306704	26.264087573434093	0.0
182.0	26.334227830004025	23.771579968569696	23.69697554222951	26.19721665919677	0.0
183.0	26.298485785445614	23.9054708021536	23.75909861967628	26.03694479272451	0.0
184.0	26.210832676171403	23.81384635459512	23.76732496326512	26.207996005968354	0.0
185.0	26.156368608272867	23.793989663173782	23.788032655747376	26.261609072805975	0.0
186.0	26.207996005968354	23.823207366265184	23.814130021615426	26.154666606151032	0.0
187.0	26.221612022942985	23.714562897488413	23.851857735315978	26.211967344252624	0.0
188.0	26.021626773628043	23.74690093780317	23.913413478722138	26.31805880984665	0.0
189.0	26.248351180767322	23.73959293667116	23.713779164598257	26.298276717963265	0.0
190.0	26.229629104318843	23.681157364725905	23.71207715764839	26.377136373306858	0.0
191.0	26.21119069569534	23.775618750443233	23.828097298063966	26.185093255797458	0.0
192.0	26.181689241897736	23.741862279270972	23.76285369831927	26.313594780512023	0.0
193.0	26.29685837883838	23.83802567193816	23.672930997801576	26.192184951421886	0.0
194.0	26.28012197716474	23.718601517622865	23.790369477342033	26.210907027870363	0.0
195.0	26.158712148074603	23.845968371037515	23.822423941564427	26.172895539323456	0.0
196.0	26.239273810368058	23.851358059712076	23.70867314374867	26.200694986171193	0.0
197.0	26.094319551804833	23.81192823204028	23.81845259201475	26.275299624140132	0.0
198.0	26.280405644989717	23.721154528047656	23.727962555847103	26.27047727111552	0.0
199.0	26.272253803996325	23.814548796677673	23.791004300416425	26.12219309890958	0.0
200.0	26.177508481692023	23.72320749792922	23.839795304716844	26.25948871566191	0.0
201.0	26.185734871951983	23.807457080936334	23.87525388342354	26.131554163688147	0.0
202.0	26.249351106168962	23.73206854588211	23.71391370208469	26.304666645864245	0.0
203.0	26.219565815563804	23.705403619054643	23.822842764869243	26.252187800512306	0.0
204.0	26.370194285195574	23.74483367042718	23.72185644624606	26.16311559813119	0.0
205.0	26.203470989044654	23.816669597925802	23.782061828765297	26.197797584264244	0.0
206.0	26.341409447947782	23.691638228644536	23.701283044130705	26.26566927927698	0.0
207.0	26.329569953477815	23.768296834222173	23.70674004311812	26.19539316918189	0.0
208.0	26.2992170656984	23.901906274821286	23.75694996028594	26.041926699194374	0.0
209.0	26.214115511176672	23.816237376602743	23.75354589810507	26.21610121411551	0.0
210.0	26.150289345285373	23.79666401906275	23.786451832520143	26.26659480313174	0.0
211.0	26.215817542267107	23.819641438783616	23.812833314421876	26.151707704527404	0.0
212.0	26.225746056961306	23.713831839328265	23.850845342108247	26.209576761602175	0.0
213.0	26.009871780324524	23.754680585498694	23.91637353908998	26.319074095086805	0.0
214.0	26.24737957386694	23.7303521228643	23.72070725265872	26.30156105061004	0.0
215.0	26.234046959170993	23.668227811834257	23.726380705720825	26.37134452327392	0.0
216.0	26.209083765697734	23.784533599607396	23.81658860940829	26.189794025286577	0.0
217.0	26.18213486365274	23.735458230620193	23.76240713266519	26.319999773061873	0.0
218.0	26.29645494285414	23.832190605329075	23.674184937549466	26.197169514267316	0.0
219.0	26.2831223281582	23.718154198780773	23.784249926954292	26.21447354610674	0.0
220.0	26.16000839671053	23.852898709005757	23.814319228183443	26.17277366610027	0.0
221.0	26.24142244815173	23.855168090230595	23.70482158408483	26.19858787753284	0.0
222.0	26.08852288812802	23.798433559609553	23.822545735123494	26.290497817138935	0.0
223.0	26.280285601627146	23.72297663388356	23.724111324495983	26.272626439993306	0.0
224.0	26.272984641918995	23.80871331393007	23.787437804594376	26.130864239556562	0.0
225.0	26.181925461962223	23.723894950045104	23.847576577649935	26.246603010342735	0.0
226.0	26.186747910744984	23.80133780402703	23.874241882684004	26.13767240254398	0.0
227.0	26.23816723732472	23.738145961755038	23.71119690681584	26.312489894104395	0.0
228.0	26.225685569773937	23.70523974730297	23.820411497885207	26.248663185037884	0.0
229.0	26.36071451873243	23.754315394718553	23.721409180266484	26.163560906282534	0.0
230.0	26.205335360664478	23.81310351870553	23.78388498678074	26.197676133849246	0.0
231.0	26.342425145029292	23.692041473412477	23.705941591137965	26.259591790420266	0.0
232.0	26.330018098571973	23.773523888412942	23.69920059912514	26.197257413889947	0.0
233.0	26.30590558105494	23.90032736288488	23.751680784309276	26.042086271750907	0.0
234.0	26.208604480956783	23.81834480332696	23.759623731256063	26.21342698446019	0.0
235.0	26.153854882359283	23.7925302257499	23.789409782306517	26.2642051095843	0.0
236.0	26.214561691166878	23.819763186710315	23.811536563086857	26.154138559035957	0.0
237.0	26.22335566814368	23.715370169695387	23.84415938090402	26.217114781256917	0.0
238.0	26.00832874722706	23.759623731256063	23.904015159681602	26.328032361835273	0.0
239.0	26.252932515963952	23.735862223520833	23.71515376737879	26.296051493136424	0.0
240.0	26.22620152003881	23.665568766294744	23.72259149879004	26.385638214876405	0.0
241.0	26.20608062099959	23.79278451132598	23.82200735394253	26.1791275137319	0.0
242.0	26.1821803303806	23.73610409656057	23.762207682398806	26.31950789066002	0.0
243.0	26.293223311219194	23.831062330100394	23.67641467138082	26.1992996872996	0.0
244.0	26.27792739232719	23.725052286264816	23.784929637018394	26.212090684389604	0.0
245.0	26.157954632528018	23.85666081102941	23.812956377867394	26.17242817857518	0.0
246.0	26.235184596521506	23.857340720221607	23.702942645656417	26.20453203760047	0.0
247.0	26.08550026539655	23.80394149354391	23.818985362032112	26.29157287902743	0.0
248.0	26.278752231908413	23.718551026606903	23.73018959511975	26.27250714636493	0.0
249.0	26.266904359082083	23.810023958487093	23.7850435454019	26.13802813702892	0.0
