# Position (bp)	A	C	G	T	N
0.0	28.783789189364228	20.175129480383173	25.901600623258275	24.963475007762156	0.1760056992321656
1.0	25.36044024282691	18.884801984064246	28.336346129303237	27.418411643805605	0.0
2.0	25.722166241573536	21.873089223841532	24.064779240470642	28.33977481175581	1.9048235847636972E-4
3.0	28.087576169133094	21.33440511407036	24.122304912730506	26.45552332170756	1.9048235847636972E-4
4.0	27.31250345249275	21.7323227609275	24.07125564065884	26.883918145920916	0.0
5.0	26.6140046439599	22.488918688795636	24.497174194212004	26.399902473032462	0.0
6.0	27.17440374259738	21.867755717804197	24.650322010427004	26.30751852917142	0.0
7.0	26.643910374240694	22.434440734271398	24.11639995961774	26.758199789326508	0.04704914254366332
8.0	25.965602695706337	23.351803772693593	24.325549589224792	26.357043942375274	0.0
9.0	26.604861490753034	22.959600596590747	24.46993521694988	25.951887965896038	0.01371472981029862
10.0	26.299137305398464	23.032555339887196	24.458315793082825	26.20999156163152	0.0
11.0	25.96598366042329	23.66781400540589	24.374313072994745	25.991889261176077	0.0
12.0	26.78886744904121	22.68340117680001	24.433172121763942	26.094559252394838	0.0
13.0	26.476857345856914	22.911218077537747	24.200593162064298	26.411331414541046	0.0
14.0	25.9916987788176	23.601335662297636	24.10192330037354	26.3044708114358	5.714470754291091E-4
15.0	26.70467424659465	22.999982856587735	24.136019642540806	26.158370842484423	9.524117923818485E-4
16.0	26.416855402936857	23.276944205812377	24.00572970934297	26.300470681907797	0.0
17.0	25.909410399955807	23.90077392982249	24.196402550177815	25.993413120043883	0.0
18.0	26.444856309632886	23.38037612646505	24.12020960678727	26.054557957114806	0.0
19.0	26.06465352211405	23.49885615343735	24.09430400603448	26.342186318414118	0.0
20.0	25.667497804690818	24.233737092439185	24.134495783672996	25.964269319197005	0.0
21.0	26.703912317160743	23.44475916363006	23.88705920001219	25.964269319197005	0.0
22.0	26.195705384745793	23.450473634384352	23.85410575199578	26.499715228874077	0.0
23.0	25.793025678926746	24.25640449309787	23.881154246899424	26.069415581075962	0.0
24.0	26.51704912349543	23.646099016539583	23.69181478257391	26.145037077391077	0.0
25.0	26.13494151239183	23.674861852669515	23.623622098239373	26.563907783680612	0.002666753018669176
26.0	25.702546558650468	24.28059575262437	23.802485032848683	26.210753491065425	0.0036191648110510248
27.0	26.374187354638153	23.66362339351941	23.655051687387974	26.303708882001892	0.003428682452574655
28.0	25.92769670636954	23.957156707931496	23.499618082871255	26.613433196884472	0.0020953059432400668
29.0	25.673974204879013	24.60708251505287	23.576382473337233	26.142560806730884	0.0
30.0	26.42561759142677	23.848010316524533	23.47218862325066	26.254183468798036	0.0
31.0	26.0859875462634	23.976966873213037	23.35047039618426	26.5865751843393	0.0
32.0	25.97017427230977	24.499079017796767	23.242085934211204	26.28866077568226	0.0
33.0	26.64752953905174	24.024777945190607	22.9567433612136	26.370949154544054	0.0
34.0	26.220849056064672	24.132590960088233	22.758070261322747	26.88848972252435	0.0
35.0	25.932138652302143	24.698868715028805	22.85487027433562	26.502309427899778	0.011812930433652676
36.0	26.849003174499547	23.898921975860745	22.695019544797983	26.557055304841725	0.0
37.0	26.39501356852103	23.974516621438262	22.54452170963365	27.08594810040705	0.0
38.0	26.13910408734751	24.637818785721226	22.632350732754432	26.58829712993472	0.002429264242113725
39.0	26.877922101862538	24.022701663913065	22.433907787739905	26.665468446484493	0.0
40.0	26.385194394649087	24.12488675572004	22.532479423273386	26.95743942635749	0.0
41.0	26.284095381293078	24.732837522831165	22.497149257797915	26.48566556000686	2.522780709809581E-4
42.0	27.07214965157256	23.98611589518031	22.41249569433772	26.529238758909408	0.0
43.0	26.644451812247333	23.916538271866354	22.37217868098373	27.066831234902583	0.0
44.0	26.435245038975815	24.642562934428586	22.352972217091896	26.568633486656758	5.863228469492156E-4
45.0	27.036537446484076	23.897348203068812	22.256141791344234	26.809972559102878	0.0
46.0	26.71454907838821	23.916711915437364	22.314092580610552	27.054646425563877	0.0
47.0	26.503896673855426	24.362354667608404	22.331215563380525	26.799790165912935	0.002742929242711523
48.0	27.30270651407496	23.907360199598635	22.163403301332465	26.62652998499394	0.0
49.0	26.72899692800855	23.91192352458547	22.2003854299834	27.158694117422584	0.0
50.0	26.447170130634152	24.576708277257087	22.232385342541928	26.743736249566837	0.0
51.0	27.106635252490026	24.004627070060984	22.213338550128007	26.675399127320976	0.0
52.0	26.850375666341826	23.948336334771927	22.316781260244937	26.884506738641313	0.0
53.0	26.430978825068618	24.58794920291813	22.370909711457784	26.61016226055547	0.0
54.0	27.00500657707178	23.949544106393514	22.326032700300594	26.719416616234113	0.0
55.0	26.989475018351385	23.975094925511858	22.12886633326116	26.9065637228756	0.0
56.0	26.470014328005398	24.533224804732146	22.375103836225883	26.621657031036577	0.0
57.0	27.223811710407027	23.95594174231453	21.996750379711067	26.823496167567377	0.0
58.0	27.013935093926637	23.862526971651008	22.25448802054509	26.869049913877262	0.0
59.0	26.802283614410392	24.397270162084126	22.099219108865412	26.70122711464007	0.0
60.0	27.28519385535994	23.69135511753217	22.004903522502183	27.01785491668167	6.925879240369565E-4
61.0	26.955212315699445	23.785644841777472	22.179662429368207	27.079480413154876	0.0
62.0	26.7363363920042	24.51571044582445	22.213210986498595	26.534742175672754	0.0
63.0	27.33571911861809	23.796985432579827	22.24160559545451	26.625689853347573	0.0
64.0	26.856704478847014	23.99665551839465	22.152880736475534	26.993759266282797	0.0
65.0	26.82431940602708	24.52594991993012	22.20938273402242	26.44034794002038	0.0
66.0	27.22500504754305	23.803251579159895	22.12554441357164	26.846198959725413	0.0
67.0	26.902055426549175	23.746412890272467	22.418041514140562	26.9314621211353	0.002028047902491457
68.0	26.597439818627084	24.486413072538472	22.382872236896983	26.53327487193746	0.0
69.0	27.203510275904076	24.049676269542267	21.996751415615766	26.750062038937894	0.0
70.0	26.924681952045404	23.88906773497395	21.90506849805058	27.281181814930072	0.0
71.0	26.774294867768077	24.370877567686414	21.966203907280608	26.888623657264905	0.0
72.0	27.14410503467627	23.942506220551643	22.27089840647996	26.64249033829213	0.0
73.0	26.788478973429108	24.18718181184183	22.120092056628774	26.904247158100286	0.0
74.0	26.075960599875764	24.826219422013192	22.272014671517734	26.82580530659331	0.0
75.0	24.52437815795032	24.896427352926843	22.605644100014622	27.97355038910822	0.0
76.0	26.768526305952715	23.59125315391085	22.567984300532657	27.048873937015234	0.02336230258854313
77.0	26.70953806882333	23.901624858867997	22.910019144862794	26.429728535663443	0.049089391782435814
78.0	26.407194913940145	23.853827466790715	22.835581743939628	26.882720835271616	0.02067504005789011
79.0	26.454911345589032	24.0617861416295	23.11541390188187	26.286304797128253	0.08158381377134775
80.0	26.264647042012	24.881394684195485	22.41211774792798	26.413260931694772	0.02857959416976279
81.0	26.87635313928314	24.182102477748376	22.420014433485687	26.49146018763531	0.030069761847486165
82.0	26.928426909458775	23.406676783004553	22.78705108750632	26.833586241780477	0.04425897824987355
83.0	26.428618835866462	24.762726488352026	22.29375456295215	26.488352027610006	0.02654808521935355
84.0	27.585247042449545	24.154488517745303	21.906750173973556	26.33263743910926	0.020876826722338204
85.0	27.146733152452885	24.184204737112267	22.431619857739975	26.215443279313632	0.02199897338124221
86.0	26.565274453794487	24.681540955763143	22.75148614220644	25.955377132710566	0.04632131552536092
87.0	26.65585731657884	24.377786785569516	22.521280907985407	26.428860964734497	0.016214025131738957
88.0	27.04434760317867	24.19037853541827	22.59249765017517	26.13859694095531	0.03417927027257968
89.0	26.140035906642726	24.55116696588869	22.89048473967684	26.409335727109518	0.008976660682226212
90.0	27.070153904258333	24.048720611840242	23.085638749881976	25.76716079690303	0.028325937116419602
91.0	26.93682955899881	23.50019864918554	23.04330552244736	26.49980135081446	0.01986491855383393
92.0	26.204440720569757	25.104733975701716	22.7377461248429	25.911185588604944	0.04189359028068705
93.0	27.303716736309653	24.224763580382668	22.27842533538597	26.193094347921708	0.0
94.0	26.803764377831996	24.259323806204254	22.098292087835482	26.82700127802951	0.011618450098756826
95.0	26.117936117936118	24.717444717444717	22.714987714987714	26.437346437346438	0.012285012285012284
96.0	27.142857142857142	23.974025974025974	21.883116883116884	26.98701298701299	0.012987012987012988
97.0	27.302722023645863	23.824580698377783	22.8072587297223	26.037943359912013	0.027495188342040146
98.0	26.466297052815875	24.540414356580097	22.906332068864895	26.072366501313105	0.014590020426028595
99.0	26.58638258452988	23.68380423035356	22.911841902115178	26.77165354330709	0.04631773969430292
100.0	26.611328125	23.2421875	23.779296875	26.3671875	0.0
101.0	25.777090846642626	25.227545938519665	22.600034346556757	26.378155589902114	0.01717327837884252
102.0	27.294160319187522	23.939064200217626	23.014145810663763	25.69822270583968	0.0544069640914037
103.0	26.626991745056632	23.305816855442504	22.614705317719334	27.394893453637938	0.05759262814359763
104.0	26.079869600651996	24.225753871230644	22.229013854930727	27.444987775061126	0.020374898125509373
105.0	27.292340884573896	23.969795037756203	22.610571736785328	26.084142394822006	0.043149946062567425
106.0	27.627351996328592	23.611748508490134	22.120238641578705	26.617714547957778	0.02294630564479119
107.0	27.046004842615012	23.97094430992736	22.61501210653753	26.368038740920095	0.0
108.0	26.914212548015364	23.53393085787452	23.098591549295776	26.42765685019206	0.02560819462227913
109.0	25.540651519299207	23.679167807281686	23.54229400492746	27.23788666849165	0.0
110.0	25.5418863503222	25.86408904510838	22.642062097246633	25.89338019917985	0.05858230814294083
111.0	26.977180368865273	24.601437949359177	22.632072522663332	25.75804939043451	0.03125976867771178
112.0	25.70856952317439	23.04101367122374	23.074358119373127	28.142714238079357	0.03334444814938312
113.0	26.692662176533144	25.70010634526764	22.651542006380716	24.955689471818506	0.0
114.0	27.668433005299015	24.337623012869038	22.255866767600303	25.7002271006813	0.03785011355034065
115.0	26.844014510278114	22.97460701330109	22.249093107617895	27.9322853688029	0.0
116.0	25.865754595981187	25.56648140230868	21.675929884566052	26.84908080376229	0.04275331338178709
117.0	29.49074074074074	22.63888888888889	22.083333333333332	25.74074074074074	0.0462962962962963
118.0	27.53195673549656	23.2055063913471	23.008849557522122	26.15535889872173	0.09832841691248771
119.0	26.701298701298704	24.77922077922078	20.20779220779221	28.259740259740262	0.05194805194805195
120.0	26.729910714285715	24.832589285714285	22.712053571428573	25.669642857142854	0.055803571428571425
121.0	27.20144752714113	23.88419782870929	23.10012062726176	25.814234016887816	0.0
122.0	26.85003274394237	24.75442043222004	22.20039292730845	26.195153896529145	0.0
123.0	27.10674157303371	23.45505617977528	24.859550561797754	24.578651685393258	0.0
124.0	26.400613967766688	25.556408288564853	24.328472755180353	23.637759017651575	0.07674597083653108
125.0	26.68918918918919	24.155405405405407	22.21283783783784	26.942567567567565	0.0
126.0	24.128440366972477	23.21100917431193	24.128440366972477	28.532110091743117	0.0
127.0	28.643724696356276	24.696356275303643	22.06477732793522	24.493927125506072	0.10121457489878542
128.0	27.200902934537247	23.13769751693002	23.25056433408578	26.185101580135438	0.2257336343115124
129.0	26.070528967254408	27.204030226700255	21.03274559193955	25.56675062972292	0.12594458438287154
130.0	25.216138328530256	22.622478386167145	22.19020172910663	29.68299711815562	0.2881844380403458
131.0	28.40909090909091	24.512987012987015	21.266233766233768	25.811688311688314	0.0
132.0	29.62264150943396	23.39622641509434	21.88679245283019	24.90566037735849	0.18867924528301888
133.0	26.82926829268293	27.27272727272727	20.17738359201774	25.49889135254989	0.22172949002217296
134.0	27.70448548812665	22.163588390501317	22.163588390501317	27.96833773087071	0.0
135.0	27.79552715654952	28.434504792332266	23.003194888178914	20.766773162939298	0.0
136.0	27.84313725490196	29.01960784313726	18.823529411764707	23.92156862745098	0.39215686274509803
137.0	24.623115577889447	27.63819095477387	19.597989949748744	28.14070351758794	0.0
138.0	24.285714285714285	22.142857142857142	23.57142857142857	30.0	0.0
139.0	29.268292682926827	21.951219512195124	19.51219512195122	28.04878048780488	1.2195121951219512
140.0	27.027027027027028	29.72972972972973	13.513513513513514	29.72972972972973	0.0
