# Position (bp)	A	C	G	T	N
0.0	26.229890613933517	23.870726579802362	23.646726849613835	26.25265595665029	0.0
1.0	26.202909467009928	23.72261132533642	23.831941181099705	26.242538026553948	0.0
2.0	26.29166690084247	23.778866851384542	23.82101849614172	26.10844775163127	0.0
3.0	26.29959536922558	23.75604136225694	23.699842643587726	26.244520624929752	0.0
4.0	26.18901111251598	23.77432179935657	23.836978969106926	26.199688119020525	0.0
5.0	26.384846203122013	23.780919522145176	23.71629898517661	26.1179352895562	0.0
6.0	26.194008046209515	23.70288584721192	23.809082327557142	26.29402377902142	0.0
7.0	26.193098178467483	23.75493027384792	23.8392084592824	26.2127630884022	0.0
8.0	26.078211599992134	23.81040667672333	23.7266948140782	26.38468690920634	0.0
9.0	26.185232833154497	23.752408667269652	23.761959068105593	26.300399431470257	0.0
10.0	26.305825515420484	23.757373181281952	23.677040615695745	26.25976068760182	0.0
11.0	26.278579855064322	23.698106847929893	23.75624964889613	26.267063648109655	0.0
12.0	26.18336048536599	23.732093702600977	23.708780405595192	26.37576540643784	0.0
13.0	26.21060614572215	23.664119993258804	23.810179203415537	26.315094657603506	0.0
14.0	26.203303185214317	23.68518622549295	23.837143980675243	26.274366608617495	0.0
15.0	26.231672377956293	23.763552609403966	23.726195157575418	26.278579855064322	0.0
16.0	26.203864951407223	23.76636144036852	23.757092298185494	26.272681310038763	0.0
17.0	26.194595809224204	23.81663951463401	23.682377394528398	26.306387281613393	0.0
18.0	26.302454918263017	23.946407505196337	23.600921296556372	26.150216279984274	0.0
19.0	26.266782765013204	23.81523509915173	23.682939160721308	26.23504297511376	0.0
20.0	26.27232663241775	23.742138806418723	23.78090056485432	26.204633996309205	0.0
21.0	26.33018838776364	23.571081481148585	23.806460854837212	26.292269276250558	0.0
22.0	26.183006058631374	23.776125565626746	23.705904988750664	26.334963386991216	0.0
23.0	26.273450161647766	23.901679957081186	23.66096381954997	26.163906061721075	0.0
24.0	26.228435321412725	23.739263303953127	23.733926555100528	26.298374819533628	0.0
25.0	26.24304116037773	23.840661532152506	23.655560611422892	26.26073669604687	0.0
26.0	26.189392790333184	23.720725123728307	23.836729190892697	26.25315289504581	0.0
27.0	26.30427333142334	23.780272005662574	23.812011617259607	26.103443045654483	0.0
28.0	26.296408648903718	23.757801484177943	23.70246782502205	26.24332204189629	0.0
29.0	26.194448657667223	23.77156467858728	23.833358612670004	26.200628051075498	0.0
30.0	26.365786383987505	23.783361702366708	23.71286044120869	26.137991472437093	0.0
31.0	26.195291302222895	23.69572666857666	23.815943958519416	26.293038070681025	0.0
32.0	26.199504525001267	23.75190297228823	23.835886546337022	26.212705956373483	0.0
33.0	26.07366960468735	23.80920280207403	23.724938346506676	26.392189246731945	0.0
34.0	26.185741330591927	23.749655920139766	23.766508811253235	26.298093938015064	0.0
35.0	26.29865570105218	23.758644128733618	23.687019341501365	26.25568082871283	0.0
36.0	26.268320497047938	23.703591351096282	23.77381173073574	26.254276421120043	0.0
37.0	26.1899545533703	23.72606187258091	23.699097246799354	26.38488632724944	0.0
38.0	26.214953008521945	23.642359180050672	23.820438062816343	26.322249748611043	0.0
39.0	26.20849273359511	23.688423749094156	23.829426271410195	26.273657245900534	0.0
40.0	26.235457359376667	23.754150024436694	23.72465746498812	26.28573515119852	0.0
41.0	26.22197504648589	23.754992668992365	23.752745616843903	26.27028666767784	0.0
42.0	26.20849273359511	23.816224840037975	23.683367881760116	26.291914544606794	0.0
43.0	26.302307160793436	23.94880091679728	23.596294611007185	26.152597311402104	0.0
44.0	26.26354551123245	23.81819101066788	23.688704630612715	26.229558847486956	0.0
45.0	26.27330256753075	23.74200543223331	23.786946348971835	26.197745651264103	0.0
46.0	26.342399227016234	23.56533145330498	23.80745064223379	26.284818677445	0.0
47.0	26.190723633023712	23.769812624465274	23.715040882190195	26.324422860320823	0.0
48.0	26.27920106285268	23.903792732492	23.654651525322805	26.162354679332516	0.0
49.0	26.22997326022965	23.74446666516864	23.738568186414398	26.286991888187313	0.0
50.0	26.233062939577106	23.837718805473788	23.65936004314316	26.269858211805946	0.0
51.0	26.197952946992338	23.720872750151674	23.83603352582972	26.245140777026265	0.0
52.0	26.312832842729705	23.77171201941442	23.814124890456824	26.10133024739905	0.0
53.0	26.295699166348335	23.75542098285509	23.7076713929398	26.241208457856775	0.0
54.0	26.20666022515336	23.762162101431365	23.841370244702603	26.18980742871267	0.0
55.0	26.377996988967034	23.77817225805002	23.716659551041502	26.12717120194144	0.0
56.0	26.213401343729636	23.682673078219445	23.812720490753435	26.291205087297488	0.0
57.0	26.190088308653348	23.756544502617803	23.8298541671348	26.223513021594048	0.0
58.0	26.088409770127857	23.806260252117834	23.728456508549986	26.376873469204327	0.0
59.0	26.190650068534705	23.74587106487203	23.775644338583916	26.287834528009345	0.0
60.0	26.303002044805968	23.7655326607195	23.68379659798216	26.247668696492372	0.0
61.0	26.258623014178816	23.705705233355054	23.776767858346627	26.258903894119495	0.0
62.0	26.19570590746691	23.71385075163472	23.719749230388963	26.3706941105094	0.0
63.0	26.219580702424555	23.644754286227894	23.834910006067005	26.30075500528054	0.0
64.0	26.219580702424555	23.6871671572703	23.833786486304295	26.259465654000852	0.0
65.0	26.234748219221178	23.753173943329664	23.720591870210995	26.291485967238167	0.0
66.0	26.22042334224659	23.75485922297373	23.75991506190594	26.264802372873742	0.0
67.0	26.215367503314386	23.81749544974496	23.6832348381008	26.283902208839855	0.0
68.0	26.30019324539919	23.949509021863694	23.60627373435499	26.14402399838213	0.0
69.0	26.25384805518729	23.82536008808395	23.691942116261824	26.228849740466938	0.0
70.0	26.26838002949231	23.741872059546377	23.791306790253493	26.198441120707816	0.0
71.0	26.349273225194857	23.570816656133697	23.79214942770873	26.287760690962713	0.0
72.0	26.184678042272314	23.780633382487185	23.70957095709571	26.325117618144795	0.0
73.0	26.278491678955127	23.90365845095148	23.660697984692085	26.15715188540131	0.0
74.0	26.228702398139465	23.744895035755818	23.73843483341104	26.28796773269368	0.0
75.0	26.232072938493257	23.850505300174706	23.650519905849574	26.266901855482466	0.0
76.0	26.200333683495025	23.715402807660116	23.83758489548516	26.2466786133597	0.0
77.0	26.32420104149697	23.765680034604213	23.813429356282967	26.09668956761585	0.0
78.0	26.297236718666618	23.74545679248145	23.706695578412813	26.250610910439125	0.0
79.0	26.202018953671924	23.764275642790132	23.848258273272176	26.185447130265764	0.0
80.0	26.385151646228085	23.774387263851516	23.713155780757585	26.127305309162814	0.0
81.0	26.218871655440896	23.691528146820737	23.812867599557336	26.27673259818103	0.0
82.0	26.196401386415598	23.76230949425042	23.83533786858263	26.205951250751347	0.0
83.0	26.09444254071332	23.799666316504975	23.714560172571666	26.391330970210042	0.0
84.0	26.194996994601517	23.740400981950756	23.76961233168364	26.294989691764087	0.0
85.0	26.314932055524036	23.767646183143928	23.68478706611315	26.232634695218888	0.0
86.0	26.265497463668385	23.693775173723267	23.781128344559104	26.259599018049247	0.0
87.0	26.185728008628583	23.717368956199827	23.72326740181897	26.37363563335262	0.0
88.0	26.232915573581707	23.63900389297411	23.838146652210792	26.28993388123339	0.0
89.0	26.199491048406575	23.68703409301568	23.844325976192753	26.269148882384997	0.0
90.0	26.244150708094356	23.755006656817198	23.722143888367704	26.278698746720746	0.0
91.0	26.218590777078077	23.748827332835244	23.768488818232374	26.264093071854305	0.0
92.0	26.21044530455641	23.81988955862774	23.681697404122172	26.28796773269368	0.0
93.0	26.299483745569148	23.945161308443765	23.6041749759849	26.151179970002193	0.0
94.0	26.263250436765855	23.813429356282967	23.699673619342406	26.22364658760877	0.0
95.0	26.281433711488173	23.72881831995888	23.791173141362872	26.198574827190075	0.0
96.0	26.356989778865085	23.564224061658244	23.79931859100574	26.27946756847093	0.0
97.0	26.19576605145115	23.772916099059902	23.71365093096872	26.317666918520228	0.0
98.0	26.29126442657439	23.894816966128975	23.66842964157213	26.14548896572451	0.0
99.0	26.227993303897446	23.741110249755636	23.74279551046547	26.28810093588145	0.0
100.0	26.23585785387666	23.840540631635715	23.66190299639354	26.261698518094086	0.0
101.0	26.192883705775948	23.726504656937095	23.841945015560572	26.23866662172638	0.0
102.0	26.312256339389034	23.763299515768423	23.812452953138514	26.111991191704025	0.0
103.0	26.306357926904628	23.743638140820387	23.705438898064195	26.244565034210794	0.0
104.0	26.20383790038986	23.75290707472446	23.841945015560572	26.201310009325105	0.0
105.0	26.37966676778231	23.77902861572685	23.70459626770928	26.136708348781557	0.0
106.0	26.216477355713597	23.68858629096588	23.819193995977844	26.27574235734268	0.0
107.0	26.192321952206004	23.762176008628536	23.83717011021605	26.20833192894941	0.0
108.0	26.10693540957453	23.789421056770816	23.719201860527825	26.384441673126837	0.0
109.0	26.205523161099688	23.730717808711674	23.772568449672498	26.291190580516137	0.0
110.0	26.3296707000573	23.75037918365971	23.68999067489074	26.229959441392246	0.0
111.0	26.266754300223578	23.695608210590176	23.780713876436685	26.25692361274956	0.0
112.0	26.190917568281147	23.714426955183303	23.73156043906659	26.363095037468966	0.0
113.0	26.24259889671599	23.628478658981876	23.841664138775602	26.287258305526535	0.0
114.0	26.203557023604883	23.693922949880346	23.837731863785994	26.264788162728774	0.0
115.0	26.25692361274956	23.744199894390327	23.720606244452682	26.278270248407427	0.0
116.0	26.220690507488175	23.754873212219263	23.76133337827362	26.263102902018943	0.0
117.0	26.207770175379462	23.82593503881717	23.676789465997057	26.289505319806306	0.0
118.0	26.298212500140437	23.951486961699644	23.605165885829205	26.145134652330714	0.0
119.0	26.267596930578495	23.804026649589357	23.697012594515037	26.23136382531711	0.0
120.0	26.285646875096553	23.729660952680558	23.78021891598109	26.2044732562418	0.0
121.0	26.346316431057193	23.5588873877543	23.808025795796386	26.286770385392117	0.0
122.0	26.189867622399426	23.771792588764335	23.726290421793852	26.31204936704239	0.0
123.0	26.28087195634039	23.89762574186789	23.67180017245883	26.149702129332887	0.0
124.0	26.228421519776646	23.730008482526557	23.742086252127653	26.299483745569148	0.0
125.0	26.246116856634067	23.840112800750507	23.660069770185324	26.253700572430105	0.0
126.0	26.189660305708014	23.725514428721496	23.844045097829934	26.240780167740557	0.0
127.0	26.31521293388685	23.762590372613236	23.81314847792015	26.10904821557976	0.0
128.0	26.306786583002367	23.738153955048226	23.720177739827992	26.23488172212142	0.0
129.0	26.204827737300086	23.76511827787858	23.830282058051942	26.199771926769394	0.0
130.0	26.37588266025515	23.77214023694899	23.707257335138447	26.14471976765742	0.0
131.0	26.224562881820095	23.68401095428692	23.82220349694544	26.269222666947545	0.0
132.0	26.199564637314793	23.74861315918826	23.8356856962292	26.216136507267745	0.0
133.0	26.091987922196473	23.798890527350608	23.72473843128994	26.38438311916298	0.0
134.0	26.20995716592936	23.725019310441684	23.777262832666246	26.287760690962713	0.0
135.0	26.32652201390352	23.757601292044097	23.69215644968752	26.223720244364863	0.0
136.0	26.262200688153918	23.69833579102591	23.787936240432554	26.251527280387617	0.0
137.0	26.19591320834211	23.709290077943965	23.728951618566114	26.36584509514781	0.0
138.0	26.241489337797454	23.62116037121093	23.844459924050064	26.292890366941556	0.0
139.0	26.21817630272116	23.68800979709233	23.838280565355145	26.25553333483136	0.0
140.0	26.261712693526277	23.73323146754151	23.737444666651687	26.26761117228052	0.0
141.0	26.215929263195743	23.754016583151696	23.764409140956786	26.26564501269577	0.0
142.0	26.209469024560146	23.823393928499204	23.68941419679572	26.277722850144936	0.0
143.0	26.315079882255127	23.936026784711142	23.605431094532953	26.143462238500774	0.0
144.0	26.27126261150934	23.80120441318563	23.70935667258387	26.21817630272116	0.0
145.0	26.295566004348046	23.727466280173697	23.77128379706872	26.20568391840954	0.0
146.0	26.349850149288944	23.5463638380882	23.811235854064787	26.292550158558065	0.0
147.0	26.188061940166453	23.770788801784164	23.737363807191148	26.303785450858236	0.0
148.0	26.283561924717922	23.89100642939602	23.67388440569517	26.151547240190887	0.0
149.0	26.229144430088198	23.73771136453008	23.74613785742374	26.28700634795798	0.0
150.0	26.237009156788943	23.837705746868153	23.66552440874108	26.25976068760182	0.0
151.0	26.18673108252345	23.715521599910115	23.852873434076738	26.24487388348969	0.0
152.0	26.31088141115668	23.766080557272062	23.811021852704904	26.112016178866355	0.0
153.0	26.30076961968429	23.731812819504523	23.722824560417955	26.244593000393234	0.0
154.0	26.198528172574576	23.7733835177799	23.831245435649684	26.19684287399584	0.0
155.0	26.369866861412277	23.771417336104715	23.718892197067582	26.139823605415422	0.0
156.0	26.235397549007217	23.679635075656076	23.813054921226115	26.271912454110595	0.0
157.0	26.19410761785186	23.75519284083153	23.826818231611234	26.223881309705384	0.0
158.0	26.095236490187325	23.7967636558723	23.728508871717523	26.37949098222286	0.0
159.0	26.207870928236975	23.733564781654913	23.775978248351915	26.2825860417562	0.0
160.0	26.326965695651072	23.754631073060708	23.69143219884332	26.226971032444897	0.0
161.0	26.272474221881414	23.698735179864	23.781876809945537	26.24691378830905	0.0
162.0	26.19635468893514	23.70491462534303	23.72907063948834	26.36966004623349	0.0
163.0	26.242212472403082	23.62240111455039	23.84233381458241	26.293052598464122	0.0
164.0	26.22086523715093	23.687566359004318	23.854411855580334	26.237156548264412	0.0
165.0	26.26973917049138	23.73054171418299	23.737563831042248	26.262155284283377	0.0
166.0	26.22620204596397	23.75273160345825	23.78082007089529	26.240246279682488	0.0
167.0	26.223674083894633	23.80862765365796	23.68981343639928	26.27788482604812	0.0
168.0	26.319455757854943	23.939239027240195	23.600211225275128	26.141093989629738	0.0
169.0	26.260469976237154	23.813402693122256	23.706104747512764	26.220022583127818	0.0
170.0	26.295447395622666	23.71578805446946	23.78544784504067	26.2033167048672	0.0
171.0	26.35001334213446	23.55237841102201	23.82006376135837	26.27754448548516	0.0
172.0	26.1915930508546	23.760796595649058	23.743662486131203	26.30394786736514	0.0
173.0	26.28484754855835	23.89393705321405	23.663609679367443	26.15760571886016	0.0
174.0	26.227620262124525	23.73333632947019	23.740358525226533	26.29868488317875	0.0
175.0	26.246158858921277	23.83642216317336	23.666765913700022	26.25065306420534	0.0
176.0	26.20683456268574	23.71226974220115	23.85861230176341	26.2222833933497	0.0
177.0	26.305987966765354	23.76254866381659	23.820973332509396	26.11049003690866	0.0
178.0	26.30823506940738	23.737830534754252	23.717044835315466	26.236889560522904	0.0
179.0	26.213294982781576	23.756369131551004	23.84597234940199	26.184363536265426	0.0
180.0	26.381827680933895	23.77322240136624	23.706090209935564	26.1388597077643	0.0
181.0	26.23162637319424	23.673573717813674	23.828624235631846	26.26617567336024	0.0
182.0	26.184998862401095	23.75194164258047	23.837050894208918	26.226008600809518	0.0
183.0	26.087530511526264	23.789018940319593	23.73761632299944	26.385834225154696	0.0
184.0	26.208031729178426	23.732560327853196	23.766828739399966	26.292579203568412	0.0
185.0	26.336959605407667	23.75306519705741	23.690988812206296	26.218986385328623	0.0
186.0	26.267580116456422	23.6949212528756	23.78649094274647	26.251007687921508	0.0
187.0	26.194549075455107	23.7027861342142	23.733402993710904	26.369261796619785	0.0
188.0	26.239284069076323	23.61746233273036	23.85565655090278	26.28759704729054	0.0
189.0	26.229733829196768	23.692459804725683	23.847510758064335	26.230295608013215	0.0
190.0	26.25698010179432	23.738525667674125	23.73712122063301	26.26737300989854	0.0
191.0	26.213723132928102	23.76324393559768	23.784872420030787	26.238160511443436	0.0
192.0	26.224677819848768	23.81211869262834	23.689931800051685	26.273271687471212	0.0
193.0	26.322146444501872	23.92644068177477	23.605664977585025	26.14574789613833	0.0
194.0	26.26484500522454	23.817174701976338	23.697515814073682	26.220464478725436	0.0
195.0	26.303474621499394	23.71759220246622	23.779669110418247	26.199264065616134	0.0
196.0	26.34483959675177	23.55052821698328	23.832262667516833	26.272369518748125	0.0
197.0	26.19091090393782	23.766533992118177	23.742377299450297	26.300177804493707	0.0
198.0	26.287256782834138	23.88956458965925	23.676648624051637	26.14653000345497	0.0
199.0	26.220759084065527	23.744691130536392	23.740477742073214	26.294072043324867	0.0
200.0	26.25180474486385	23.840328533788757	23.661118071043745	26.246748650303648	0.0
201.0	26.196749492986072	23.712240804930254	23.864204535878606	26.226805166205065	0.0
202.0	26.319928989561912	23.75563195919147	23.810968416085213	26.113470635161402	0.0
203.0	26.301108976303638	23.73990179885619	23.721081785597914	26.237907439242257	0.0
204.0	26.208694284333884	23.769957640925384	23.835406343748947	26.185941730991786	0.0
205.0	26.381874259133376	23.764754130594774	23.711102746613783	26.142268863658067	0.0
206.0	26.23756674840801	23.661731287271664	23.824371279855956	26.276330684464373	0.0
207.0	26.190536383937978	23.75314260031742	23.837694349639744	26.21862666610486	0.0
208.0	26.102332897933962	23.77730024298094	23.743872807202347	26.376494051882748	0.0
209.0	26.21413222095816	23.72645683225888	23.775895728872595	26.283515217910363	0.0
210.0	26.34490004016933	23.754680569561764	23.69512883680297	26.205290553465936	0.0
211.0	26.28225835901268	23.688948940007247	23.782771009542323	26.246021691437754	0.0
212.0	26.200247760464507	23.697080527769117	23.745677534980015	26.356994176786365	0.0
213.0	26.246818695117224	23.618906361486125	23.849814318540616	26.28446062485603	0.0
214.0	26.218446792851402	23.70149387897277	23.8543088773154	26.225750450860424	0.0
215.0	26.261987830982118	23.743068547639513	23.739135808711577	26.25580781266679	0.0
216.0	26.22393141264776	23.752472021214434	23.784215020899815	26.23938154523799	0.0
217.0	26.213818598588702	23.81932895860488	23.692356959863364	26.274495482943056	0.0
218.0	26.323093172726864	23.92719897523484	23.610049889882692	26.139657962155603	0.0
219.0	26.2685963414086	23.814272551575353	23.703031596925705	26.21409951009034	0.0
220.0	26.31748974661498	23.71593909770212	23.778302151806283	26.188269003876623	0.0
221.0	26.36419564075409	23.543242719373897	23.813483379637564	26.27907826023445	0.0
222.0	26.195084541503853	23.76207585278907	23.7438163487172	26.29902325698988	0.0
223.0	26.297056848859064	23.88062217153259	23.687071428370775	26.13524955123757	0.0
224.0	26.23336273589941	23.73405098067858	23.741916635297684	26.29066964812432	0.0
225.0	26.267782097669507	23.829977301840575	23.653560914218936	26.248679686270986	0.0
226.0	26.19867631525721	23.711991819673237	23.86509202867609	26.224239836393465	0.0
227.0	26.326493920938493	23.750477560284963	23.81087489044205	26.112153628334493	0.0
228.0	26.316661797424544	23.729689641998338	23.719295682855023	26.234352877722095	0.0
229.0	26.21974515135852	23.76845630042475	23.83643841157831	26.175360136638425	0.0
230.0	26.379587387913794	23.76705171135133	23.717048340337552	26.13631256039733	0.0
231.0	26.249181819969493	23.65628853873749	23.825121568208825	26.269408073084193	0.0
232.0	26.205639191736452	23.73691263101415	23.846190581869973	26.211257595379422	0.0
233.0	26.106193447255833	23.78635458307231	23.746182997025056	26.3612689726468	0.0
234.0	26.209291154104385	23.72904686591399	23.777646057425702	26.284015922555927	0.0
235.0	26.340480879167806	23.755734283218107	23.695898284420448	26.207886553193642	0.0
236.0	26.275321727453793	23.67902822998632	23.80038711236091	26.245262930198976	0.0
237.0	26.194415805870737	23.705435023836348	23.739988594512443	26.360160575780476	0.0
238.0	26.25432623157138	23.614763124775262	23.849334771664868	26.281575871988494	0.0
239.0	26.222300880978068	23.688927094570296	23.857762495505213	26.23100952894642	0.0
240.0	26.250375751854882	23.737965405545115	23.754259691588498	26.257399151011512	0.0
241.0	26.220015845456228	23.753856008630716	23.780826997960318	26.24530114795273	0.0
242.0	26.21690646572433	23.81947780840238	23.693045967807645	26.270569758065648	0.0
243.0	26.317268275139295	23.913269477700634	23.610662335947314	26.15879991121276	0.0
244.0	26.2540917967378	23.825285547703675	23.698562778347547	26.222059877210974	0.0
245.0	26.319900865181705	23.713115974811664	23.773529767139955	26.19345339286668	0.0
246.0	26.361357620174342	23.554620101276353	23.817927375526192	26.266094903023117	0.0
247.0	26.1958223148973	23.763288866157268	23.743617269413757	26.297271549531676	0.0
248.0	26.288955344695776	23.873780186176194	23.69642937446598	26.14083509466205	0.0
249.0	26.224384540362177	23.72938045088268	23.770977905568156	26.275257103186984	0.0
