# Position (bp)	A	C	G	T	N
0.0	26.371224836939994	23.667075959491278	23.724527154138176	26.23717204943056	0.0
1.0	26.219148145227607	23.736636964774533	23.814928298656092	26.229286591341765	0.0
2.0	26.253301868195617	23.796542965119883	23.526198106459553	26.42395706022495	0.0
3.0	26.165547770844128	23.68097952195364	23.802912883822568	26.350559823379665	0.0
4.0	26.19083823297515	23.795082336509655	23.795363925119954	26.21871550539524	0.0
5.0	26.267640532960908	23.826967911969092	23.74334080439704	26.16205075067296	0.0
6.0	26.307653755078714	23.753023293792356	23.72261437834885	26.216708572780078	0.0
7.0	26.260501835709622	23.7637115120391	23.832128296957002	26.143658355294274	0.0
8.0	26.233062025434062	23.751875740794443	23.824512307393444	26.190549926378054	0.0
9.0	26.345483056358688	23.844124693488585	23.646774979096698	26.163617271056033	0.0
10.0	26.276599637971852	23.81390739849277	23.65485148682088	26.254641476714497	0.0
11.0	26.334873219770227	23.7652053228835	23.624447878926077	26.275473578420193	0.0
12.0	26.20199819267442	23.738179893643675	23.736209289428274	26.323612624253634	0.0
13.0	26.220222846557927	23.73501641227176	23.80173525288411	26.243025488286197	0.0
14.0	26.341836935775376	23.646339472217374	23.721222221596637	26.290601370410617	0.0
15.0	26.289756828124382	23.645776444026552	23.85691201558462	26.207554712264443	0.0
16.0	26.19150840882603	23.772176272865984	23.73023067264978	26.306084645658206	0.0
17.0	26.26554661591906	23.720940707501224	23.732201271317656	26.28131140526206	0.0
18.0	26.215718621031353	23.66435637432366	23.670831198518112	26.44909380612687	0.0
19.0	26.154067034136396	23.688285072433576	23.77020567419811	26.387442219231914	0.0
20.0	26.346622675397356	23.72657098940944	23.70883560139856	26.217970733794644	0.0
21.0	26.36210595064495	23.5841248571316	23.75669299761839	26.29707619460506	0.0
22.0	26.13633164612552	23.78906711859063	23.885907967411928	26.18869326787192	0.0
23.0	26.231483410374356	23.813558844891364	23.7386760955121	26.21628164922218	0.0
24.0	26.34014785120291	23.72910461626814	23.616780492199243	26.31396704032971	0.0
25.0	26.373929542652203	23.673927853567626	23.710243171875618	26.241899431904553	0.0
26.0	26.219941332462515	23.735579440462583	23.824537894612384	26.219941332462515	0.0
27.0	26.256256650770503	23.78906711859063	23.533170805862248	26.42150542477662	0.0
28.0	26.155474604613456	23.683499332811593	23.805676450219863	26.355349612355088	0.0
29.0	26.183344500059118	23.796949513262128	23.78597046354111	26.233735523137643	0.0
30.0	26.256256650770503	23.818344584513344	23.751062715710177	26.174336049005976	0.0
31.0	26.29200894088767	23.753596342568873	23.724600390741564	26.22979432580189	0.0
32.0	26.25118939705311	23.760071166763318	23.83889511347833	26.149844322705242	0.0
33.0	26.213184994172657	23.754159370759695	23.821441239562866	26.211214395504783	0.0
34.0	26.33395454110387	23.84199176852785	23.653658838698053	26.170394851670224	0.0
35.0	26.276451693724788	23.80673548728545	23.665415809224065	26.251397009765697	0.0
36.0	26.3274056015517	23.76957573130118	23.633041779389284	26.269976887757828	0.0
37.0	26.20973304093485	23.73128992210527	23.73692018816349	26.32205684879639	0.0
38.0	26.229928158007343	23.72531135283652	23.79934914307592	26.24541134608022	0.0
39.0	26.346755849829968	23.636916424565907	23.726155890367767	26.290171835236357	0.0
40.0	26.294957547913427	23.648739950003378	23.85086593248204	26.205436569601154	0.0
41.0	26.18939035650744	23.780769317388465	23.726718915388602	26.30312141071549	0.0
42.0	26.276940747246808	23.719399590117785	23.729252527982343	26.274407134653067	0.0
43.0	26.226268495371936	23.670697925815823	23.660281962930434	26.44275161588181	0.0
44.0	26.164617255590837	23.685055063847038	23.766412179357253	26.383915501204875	0.0
45.0	26.353793662590363	23.732630678107334	23.712361777357387	26.201213881944913	0.0
46.0	26.36111298786118	23.587651735243114	23.752336553836454	26.298898723059256	0.0
47.0	26.135621467017994	23.7937188928676	23.879298696034052	26.191360944080355	0.0
48.0	26.229928158007343	23.824122243992523	23.731223115555256	26.214726482444878	0.0
49.0	26.343096187194558	23.73600882823233	23.614958448753463	26.30593653581965	0.0
50.0	26.373218025809063	23.677454226065805	23.712924802378218	26.23640294574691	0.0
51.0	26.230491183028175	23.733475215638585	23.820462581357116	26.21557101997613	0.0
52.0	26.253856721392697	23.78865166768011	23.53557192081616	26.42191969011103	0.0
53.0	26.166306330653335	23.67998783865955	23.797660068013425	26.35604576267369	0.0
54.0	26.193613044163683	23.78386595500304	23.78105082989888	26.241470170934395	0.0
55.0	26.273562597121813	23.816239893700878	23.739668490867736	26.170529018309573	0.0
56.0	26.31100376100714	23.750647478773956	23.709828164763643	26.22852059545526	0.0
57.0	26.261176046663515	23.759937391617683	23.83397518185708	26.144911379861718	0.0
58.0	26.22148278269486	23.751492016305203	23.819336531315454	26.20768866968448	0.0
59.0	26.33380627435083	23.83200459428417	23.652681125149204	26.181508006215797	0.0
60.0	26.263635723837	23.79759307481174	23.682454782180308	26.25631641917095	0.0
61.0	26.315996903371104	23.764656203814482	23.64613977056795	26.27320712224646	0.0
62.0	26.203110704483073	23.728622703920053	23.74100921950876	26.327257372088113	0.0
63.0	26.23653673999088	23.72574079600029	23.79499248365829	26.24272998035054	0.0
64.0	26.346607511837533	23.625804417469443	23.731652525434512	26.295935545258516	0.0
65.0	26.296780078034825	23.64719924780281	23.845664450237315	26.210356223925054	0.0
66.0	26.199658808758368	23.777538806281072	23.726866839702048	26.295935545258516	0.0
67.0	26.275666758626905	23.71532489175905	23.73249705821083	26.27651129140322	0.0
68.0	26.225276302973317	23.67506882942127	23.662682348701953	26.436972518903456	0.0
69.0	26.162780877525854	23.691396463096734	23.764870814636314	26.380951844741098	0.0
70.0	26.340414271477876	23.737001233017853	23.70659805307044	26.21598644243383	0.0
71.0	26.370254429574413	23.59511972659659	23.742349940601194	26.292275903227804	0.0
72.0	26.14448266737232	23.8037193223469	23.877193673886485	26.174604336394296	0.0
73.0	26.232314076109294	23.82145451064956	23.73559367839066	26.21063773485049	0.0
74.0	26.341258804254192	23.74375749522839	23.60863225101766	26.306351449499754	0.0
75.0	26.38432997584636	23.66634199073266	23.707161074921316	26.24216695849966	0.0
76.0	26.232032565183854	23.731089503583632	23.81751335769341	26.2193645735391	0.0
77.0	26.258494592175126	23.78091693738634	23.53149825744737	26.42909021299117	0.0
78.0	26.1565876371662	23.67788393867566	23.805689898824973	26.359838525333167	0.0
79.0	26.183612686008345	23.787391688671438	23.79837061476356	26.230625010556658	0.0
80.0	26.26975502919268	23.813290693811826	23.737001233017853	26.179953043977637	0.0
81.0	26.300721230990977	23.75192131206612	23.71532489175905	26.232032565183854	0.0
82.0	26.258494592175126	23.762055705381925	23.8318704148908	26.147579287552148	0.0
83.0	26.220772128166292	23.74882469188629	23.816668824917095	26.213734355030322	0.0
84.0	26.324649659653293	23.83018134933817	23.64945133520632	26.19571765580222	0.0
85.0	26.247723286799708	23.804778352996816	23.693018830212793	26.254479529990682	0.0
86.0	26.30458833365707	23.753261998665643	23.644036067078233	26.298113600599056	0.0
87.0	26.19282881087305	23.724547965104005	23.747913306139452	26.334709917883494	0.0
88.0	26.240048644814035	23.723636650264055	23.795984550767393	26.240330154154517	0.0
89.0	26.34927426892024	23.621167250329368	23.731800421137976	26.29775805961242	0.0
90.0	26.305358811805373	23.6360872453748	23.84609321337282	26.212460729447002	0.0
91.0	26.207393561318366	23.766144560676523	23.721666084880695	26.304795793124413	0.0
92.0	26.2853716486313	23.721384575540217	23.715472879390138	26.277770896438348	0.0
93.0	26.218653934937564	23.67887666512775	23.664801198103753	26.437668201830938	0.0
94.0	26.170234328375013	23.696611753577983	23.756291733759728	26.376862184287276	0.0
95.0	26.354059927708402	23.731518911797494	23.70730910851622	26.207112051977884	0.0
96.0	26.367853885391916	23.595268391005213	23.74418683211909	26.292690891483776	0.0
97.0	26.148839618498542	23.799081153512674	23.865517357865933	26.186561870122848	0.0
98.0	26.240048644814035	23.814282657898588	23.73320796784037	26.212460729447002	0.0
99.0	26.345896156834485	23.74643890684293	23.60624725528393	26.301417681038657	0.0
100.0	26.38361840845879	23.67606157172295	23.705620052473343	26.234699967344916	0.0
101.0	26.232166383280596	23.73799362662853	23.818223788665307	26.211616201425564	0.0
102.0	26.26482146677627	23.79119889197924	23.53305482675915	26.41092481448534	0.0
103.0	26.164322632224934	23.687040436001666	23.795140022745954	26.35349690902744	0.0
104.0	26.178679608589412	23.794577004064994	23.80077020955555	26.225973177790042	0.0
105.0	26.279178443140744	23.808089452408034	23.727859290371253	26.184872814079974	0.0
106.0	26.312115035976895	23.745594378821487	23.700552884344702	26.241737700856916	0.0
107.0	26.26988863490491	23.759669845845487	23.821601900751066	26.148839618498542	0.0
108.0	26.22259506570428	23.756291733759728	23.80893398042947	26.212179220106524	0.0
109.0	26.335761820577208	23.829765671624983	23.647347618993997	26.187124888803808	0.0
110.0	26.254050204234453	23.787753815144598	23.699923148166395	26.25827283245456	0.0
111.0	26.303595708683698	23.747498092779587	23.646155015497044	26.302751183039675	0.0
112.0	26.196903968989016	23.72722947732308	23.746653567135567	26.329212986552335	0.0
113.0	26.23539678518143	23.72434760577654	23.80598485488275	26.23427075415928	0.0
114.0	26.351096472707823	23.6272274301157	23.728288714354083	26.2933873828224	0.0
115.0	26.288320243222703	23.65002955831433	23.850181572502322	26.21146862596064	0.0
116.0	26.199082284716944	23.777552571573345	23.72068800495454	26.302677138755172	0.0
117.0	26.283816119134084	23.715057849843763	23.73448188497593	26.266644146046225	0.0
118.0	26.222447428426655	23.680432395912508	23.662697407313573	26.434422768347265	0.0
119.0	26.170931509163076	23.692255721645132	23.754187427863638	26.382625341328154	0.0
120.0	26.351940995974438	23.731103791909465	23.710553725755148	26.206401486360946	0.0
121.0	26.3727725698843	23.591194437406752	23.746023702953018	26.290009289755933	0.0
122.0	26.15094445851983	23.79162795935028	23.86594600681249	26.1914815753174	0.0
123.0	26.243560510092053	23.807110885904905	23.73701545477578	26.212313149227263	0.0
124.0	26.3479998873969	23.740112040086707	23.60864791825015	26.30324015426625	0.0
125.0	26.385440418883537	23.66776454691327	23.707738648199758	26.239056386003433	0.0
126.0	26.23595980069251	23.731385299665007	23.820341750415224	26.212313149227263	0.0
127.0	26.276215409734537	23.784308757706274	23.529262731188243	26.410213101370942	0.0
128.0	26.171776032429694	23.67986938040143	23.79951017650536	26.348844410663514	0.0
129.0	26.188103482250934	23.792753990372432	23.79359851363905	26.22554401373758	0.0
130.0	26.279667482103093	23.810274498985162	23.732296631187204	26.17776138772454	0.0
131.0	26.317952644632054	23.734267191023257	23.710620472990662	26.23715969135403	0.0
132.0	26.267844123086796	23.761292011631934	23.82491294348153	26.145950921799738	0.0
133.0	26.226180857981753	23.762136537275953	23.793665494652746	26.218017110089548	0.0
134.0	26.338221260088563	23.830261605893664	23.63799126760484	26.19352586641293	0.0
135.0	26.248775434368916	23.787539270552998	23.70139741236614	26.26228788271195	0.0
136.0	26.301417681038657	23.75094305629061	23.647347618993997	26.300291643676736	0.0
137.0	26.200355827806366	23.726170234328375	23.74503136014053	26.32844257772473	0.0
138.0	26.22696536852595	23.72911892710556	23.804845366048657	26.23907033831983	0.0
139.0	26.357304927004215	23.62017419896066	23.731089503583632	26.291431370451484	0.0
140.0	26.293401946929563	23.644102627622978	23.846790493939068	26.215704931508395	0.0
141.0	26.200784852460124	23.777538806281072	23.726866839702048	26.294809501556752	0.0
142.0	26.284956619166387	23.714198848057293	23.730526481732756	26.27031805104356	0.0
143.0	26.228091412227712	23.677602427750223	23.665497457956345	26.428808702065727	0.0
144.0	26.176367091280174	23.690337110282215	23.759870504609754	26.373425293827857	0.0
145.0	26.354000985291016	23.739038637483283	23.709479907101134	26.197480470124567	0.0
146.0	26.38553029769864	23.593215567598	23.736505032021956	26.2847491026814	0.0
147.0	26.147934407769725	23.793651910760786	23.87529030895911	26.18312337251038	0.0
148.0	26.247308044197336	23.804630867759872	23.735378985150255	26.212682102892533	0.0
149.0	26.336547258779646	23.742135266380462	23.61939615736505	26.301921317474843	0.0
150.0	26.374062563340317	23.675202125982477	23.717147490034456	26.23358782064275	0.0
151.0	26.227113032903183	23.746424791117718	23.8201810688467	26.2062811071324	0.0
152.0	26.26483570929892	23.784147467513456	23.53219377069117	26.418823052496453	0.0
153.0	26.176159268517896	23.67660968853456	23.805823930815485	26.341407112132064	0.0
154.0	26.18038195617413	23.795407967930096	23.803853343242572	26.2203567326532	0.0
155.0	26.2691323478491	23.81461785976696	23.73128992210527	26.184959870278668	0.0
156.0	26.315863556132346	23.741987427615893	23.702575565208335	26.23957345104343	0.0
157.0	26.263502081790875	23.751840393217783	23.82925655151834	26.155400973473004	0.0
158.0	26.225779299200784	23.74846223358285	23.802231274438874	26.223527192777496	0.0
159.0	26.351897258904973	23.812647266646586	23.637827505538773	26.19762796890967	0.0
160.0	26.25006334067147	23.784562893064056	23.698701093963777	26.2666726723007	0.0
161.0	26.302143448322457	23.746558490183602	23.643242817167856	26.308055244326084	0.0
162.0	26.20558411359657	23.715873453783832	23.753877856664282	26.32466457595532	0.0
163.0	26.23810596250211	23.717133044310568	23.805528967963514	26.239232025223806	0.0
164.0	26.361691346207984	23.612409211193064	23.73233489105343	26.293564551545522	0.0
165.0	26.30201002195822	23.638027138111593	23.849163898429143	26.21079894150104	0.0
166.0	26.205450143572996	23.784696807612185	23.717133044310568	26.29272000450425	0.0
167.0	26.281044316447925	23.724304511595694	23.734439133152037	26.260212038804344	0.0
168.0	26.216576862658986	23.68995940521032	23.67250533475218	26.420958397378513	0.0
169.0	26.181179391752085	23.690870650897903	23.756182840348295	26.37176711700172	0.0
170.0	26.36304005720447	23.742106937449503	23.692841277303735	26.202011728042297	0.0
171.0	26.38443542961063	23.60134790846159	23.7328168415363	26.281399820391478	0.0
172.0	26.154716694302355	23.796721440696814	23.871042208002432	26.1775196569984	0.0
173.0	26.25296649653592	23.813049488059413	23.729157106782615	26.204826908622053	0.0
174.0	26.357483897121753	23.74470744561056	23.607326246565467	26.29048241070222	0.0
175.0	26.385147023633575	23.67946173444252	23.709302816604026	26.226088425319876	0.0
176.0	26.25283279140802	23.73126134876061	23.81402812381234	26.20187773601903	0.0
177.0	26.257055586053518	23.79319567022789	23.530819362921047	26.418929380797547	0.0
178.0	26.171192094928426	23.688188843376544	23.80501949523528	26.33559956645975	0.0
179.0	26.195121264586234	23.800515180946753	23.796292386301253	26.20807116816576	0.0
180.0	26.271768567680326	23.82817118694646	23.722319503172734	26.177740742200477	0.0
181.0	26.309492306046494	23.747093301502755	23.708525001829884	26.234889390620864	0.0
182.0	26.260507750257588	23.763421486765722	23.825919023461914	26.150151739514772	0.0
183.0	26.221094889278014	23.75187914890742	23.811843001683492	26.215182960131077	0.0
184.0	26.34806060571937	23.825919023461914	23.649405710360515	26.176614660458203	0.0
185.0	26.241156714422054	23.793611157249313	23.70943631004496	26.25579581828368	0.0
186.0	26.30252834214964	23.75279057917362	23.644404906351962	26.30027617232478	0.0
187.0	26.19723940283717	23.718444989344423	23.76095469478876	26.323360913029646	0.0
188.0	26.224976140941582	23.72195680877	23.802472333345534	26.25059471694289	0.0
189.0	26.350535315629305	23.619482504764775	23.73237315285844	26.29760902674748	0.0
190.0	26.29000791079105	23.636655396370045	23.857932327546163	26.215404365292745	0.0
191.0	26.196823859621464	23.77516462046502	23.72983944753963	26.29817207237388	0.0
192.0	26.272064412600997	23.727091016581742	23.72962472903353	26.271219841783733	0.0
193.0	26.217448833084656	23.688522282593397	23.668534106584836	26.425494777737114	0.0
194.0	26.173604835463067	23.689433544758156	23.757843973547967	26.37911764623081	0.0
195.0	26.359973987145597	23.737855741267815	23.690841166749717	26.21132910483687	0.0
196.0	26.376865451044313	23.593152200535457	23.735885070479632	26.294097277940594	0.0
197.0	26.144326298038617	23.80542159686269	23.87355050125419	26.1767016038445	0.0
198.0	26.240607642261317	23.816682572795173	23.741515558445872	26.201194226497638	0.0
199.0	26.34231211008761	23.734825792211886	23.62812774487061	26.29473435282989	0.0
200.0	26.37842159642124	23.681402675059896	23.712370533238364	26.227805195280496	0.0
201.0	26.248919644038548	23.743619917400277	23.809778523508825	26.19768191505235	0.0
202.0	26.266374255011865	23.791479334585187	23.5248742282669	26.41727218213605	0.0
203.0	26.174033732443334	23.68393640891086	23.810341575475707	26.331688283170095	0.0
204.0	26.187546979648484	23.79795443220432	23.78162592516476	26.23287266298243	0.0
205.0	26.264195987680388	23.8247664735393	23.736367065871637	26.17467047290868	0.0
206.0	26.309803325394277	23.74396828882395	23.70314690630226	26.243081479479514	0.0
207.0	26.26278835380033	23.75382172598436	23.832367696491612	26.151022223723697	0.0
208.0	26.231538881663035	23.74565744948002	23.80646723309854	26.216336435758404	0.0
209.0	26.340771270755564	23.825892580643345	23.64796765820397	26.18536849039712	0.0
210.0	26.23977703016568	23.791050238594615	23.708844188567166	26.26032854267254	0.0
211.0	26.298053236863222	23.753325544403936	23.65507242296702	26.293548795765826	0.0
212.0	26.196421784603256	23.711940991821624	23.763742064441658	26.32789515913346	0.0
213.0	26.230634313336314	23.715171324566516	23.806668299535758	26.24752606256141	0.0
214.0	26.33902303753065	23.621985174674766	23.743605769095417	26.29538601869917	0.0
215.0	26.29566754785292	23.63465398659358	23.86128495536355	26.208393510189946	0.0
216.0	26.19262787757986	23.778233855006857	23.732344602945357	26.29679366446792	0.0
217.0	26.28166508071463	23.733537536387743	23.730440706978	26.254356675919617	0.0
218.0	26.220010022466088	23.70538454175371	23.663718109695328	26.410887326084875	0.0
219.0	26.189115458571344	23.695597703835293	23.756408343444978	26.358878494148385	0.0
220.0	26.33635603503369	23.749933136449503	23.713052609649186	26.200658218867627	0.0
221.0	26.37520727700654	23.610012359199438	23.731070576940944	26.283709786853077	0.0
222.0	26.14125523295261	23.80708387645305	23.873243600102477	26.17841729049186	0.0
223.0	26.233315784583937	23.8183451060104	23.742613337237227	26.205725772168435	0.0
224.0	26.34234234234234	23.73902027027027	23.61176801801802	26.306869369369366	0.0
225.0	26.379015706688364	23.691789672831288	23.70305096579664	26.226143654683714	0.0
226.0	26.24951083758682	23.752600654844187	23.806654861077874	26.191233646491124	0.0
227.0	26.261053662876304	23.790325986278116	23.533005442019824	26.41561490882576	0.0
228.0	26.17434170704309	23.68981894656235	23.805247199457206	26.33059214693735	0.0
229.0	26.201368810159938	23.79680122973319	23.780753887257568	26.221076072849304	0.0
230.0	26.270418189291604	23.827836868450834	23.73915393667757	26.162591005579987	0.0
231.0	26.31377428926965	23.74928912888023	23.703117697734786	26.23381888411534	0.0
232.0	26.2676028581242	23.761395052900074	23.832059865201945	26.138942223773782	0.0
233.0	26.232129685414897	23.749007595763487	23.807003417812037	26.211859301009575	0.0
234.0	26.33714153795911	23.827273802217356	23.653286336071712	26.182298323751823	0.0
235.0	26.24121262285436	23.79580908622539	23.71050431169182	26.25247397922843	0.0
236.0	26.28907338744415	23.758365076281613	23.658420538461755	26.29414099781248	0.0
237.0	26.206020884185392	23.713038116875985	23.76962643265568	26.311314566282935	0.0
238.0	26.23544813412351	23.723025380424836	23.787778544179957	26.253747941271694	0.0
239.0	26.349470009431442	23.621109531384167	23.729782232294934	26.299638226889456	0.0
240.0	26.30215665296469	23.635058280308577	23.85241286108452	26.21037220564221	0.0
241.0	26.196335255428416	23.779732408325074	23.722013244436436	26.30191909181007	0.0
242.0	26.281452030725568	23.72051900074336	23.73234518955691	26.265683778974164	0.0
243.0	26.214210087630374	23.69342884818995	23.670901759365638	26.42145930481404	0.0
244.0	26.178280275403743	23.67824507553891	23.766667135998198	26.37680751305915	0.0
245.0	26.337295586326142	23.744512124719446	23.701707401556178	26.216484887398234	0.0
246.0	26.375656532942816	23.604207443288228	23.71882788628075	26.301308137488206	0.0
247.0	26.152736940529703	23.80473599423209	23.866977593024437	26.17554947221377	0.0
248.0	26.262410049147316	23.807860753967695	23.732097843996	26.19763135288899	0.0
249.0	26.347541500729466	23.727939975327697	23.623730474801015	26.300788049141822	0.0
