# Position (bp)	A	C	G	T	N
0.0	26.131641770684126	23.78719050542255	23.871495805197462	26.20967191869586	0.0
1.0	26.245685833162813	23.77300320578405	23.726075983902874	26.25523497715026	0.0
2.0	26.28230312554566	23.689049676968747	23.70541950410337	26.323227693382222	0.0
3.0	26.211067944212846	23.702992339088112	23.767924569482943	26.3180151472161	0.0
4.0	26.154009843185612	23.80670471534424	23.862086275194518	26.177199166275635	0.0
5.0	26.21024173461844	23.780892025567507	23.77625430012631	26.232611939687743	0.0
6.0	26.313822415730947	23.7903885815301	23.593969947949063	26.30181905478989	0.0
7.0	26.33274591214871	23.646248779236934	23.790557977379738	26.23044733123462	0.0
8.0	26.294311005633077	23.75028983728194	23.702279143991163	26.253120013093827	0.0
9.0	26.297297518474366	23.763397155943032	23.73448194026553	26.204823385317074	0.0
10.0	26.25096836844919	23.799495902846733	23.6922934238235	26.257242304880577	0.0
11.0	26.273063535881462	23.763216183482637	23.739211557136468	26.22450872349944	0.0
12.0	26.246876670776548	23.755305567982195	23.816408253226985	26.18140950801427	0.0
13.0	26.214688649085094	23.770308459448547	23.80222370129516	26.212779190171197	0.0
14.0	26.18304618708333	23.770854019138234	23.886785453196435	26.159314340582	0.0
15.0	26.178408929721	23.7948586454844	23.76267062379295	26.26406180100165	0.0
16.0	26.229691540551453	23.830865585003654	23.727209243963383	26.212233630481514	0.0
17.0	26.155495422754203	23.60991391068097	23.828137786555224	26.406452880009603	0.0
18.0	26.31943610950474	23.810407096640443	23.630917958733868	26.239238835120947	0.0
19.0	26.419201466460446	23.58338993499674	23.69686604091141	26.300542557631406	0.0
20.0	26.2429861673718	23.71268722875528	23.859442384962236	26.184884218910682	0.0
21.0	26.34827890026378	23.732054544908987	23.60766727496406	26.311999279863173	0.0
22.0	26.260716808920968	23.70423107663183	23.823708322763142	26.211343791684055	0.0
23.0	26.170972484772108	23.873626898201568	23.70450385573259	26.250896761293735	0.0
24.0	26.276537996764837	23.76369692059673	23.769698060813376	26.190067021825055	0.0
25.0	26.130601177860157	23.791520388873884	23.866807420682655	26.211071012583297	0.0
26.0	26.253078994099788	23.766697490705052	23.722234497281754	26.257989017913403	0.0
27.0	26.27817467136938	23.688409888787962	23.706958867639397	26.326456572203266	0.0
28.0	26.21216212898633	23.700957727422754	23.766697490705052	26.320182652885865	0.0
29.0	26.151605168618403	23.809796588624565	23.856169035753158	26.182429207003878	0.0
30.0	26.206160988769682	23.785519248657245	23.771880293619425	26.236439468953648	0.0
31.0	26.313908733568468	23.7920659470754	23.591300528918676	26.302724790437455	0.0
32.0	26.333548828822934	23.649129698279037	23.788519818765565	26.228801654132468	0.0
33.0	26.303744155723706	23.7519026290378	23.697074179346313	26.247279035892173	0.0
34.0	26.2985613669469	23.76526876851483	23.73226258735727	26.203907277181	0.0
35.0	26.253007381382332	23.79200104746889	23.694346395779572	26.260645175369206	0.0
36.0	26.272647423062867	23.77208822743168	23.72489757172707	26.230366777778386	0.0
37.0	26.256007943305747	23.760904314808045	23.805639965302593	26.177447776583612	0.0
38.0	26.220273978581442	23.762813763304763	23.799911619812438	26.217000638301354	0.0
39.0	26.178811668366986	23.775634346068443	23.88392735366805	26.161626631896517	0.0
40.0	26.1744472146602	23.79882050638574	23.77481601099842	26.251916267955632	0.0
41.0	26.2260023240716	23.83346335768335	23.726534241867114	26.214000076377943	0.0
42.0	26.153988837909647	23.614149558917397	23.825280006983128	26.40658159618983	0.0
43.0	26.31792863027076	23.808367748869333	23.638699611018062	26.235004009841845	0.0
44.0	26.412237894811497	23.58353405219327	23.707920643536944	26.29630740945829	0.0
45.0	26.234386891399048	23.72510563313048	23.858766663302408	26.181740812168066	0.0
46.0	26.348953488689276	23.737926180922482	23.61135736867804	26.301762961710207	0.0
47.0	26.255390767568926	23.709284531599923	23.825487794565724	26.209836906265426	0.0
48.0	26.156918049421847	23.890136088750925	23.702737868897625	26.250207992929603	0.0
49.0	26.27448520045063	23.76384005411908	23.772568937722145	26.189105807708152	0.0
50.0	26.128549177711886	23.797664478080954	23.86149443942837	26.21229190477879	0.0
51.0	26.2442068854525	23.772568937722145	23.72810618686903	26.25511798995633	0.0
52.0	26.272575757162457	23.69209954200639	23.709284531599923	26.32604016923123	0.0
53.0	26.210928016715812	23.701919536059837	23.762203388443503	26.32494905878085	0.0
54.0	26.1536447180707	23.809393915422575	23.855220554338665	26.181740812168066	0.0
55.0	26.205199686851298	23.793027258666825	23.77202338249695	26.22974967198492	0.0
56.0	26.313765176664422	23.792481703441634	23.58844404921999	26.30530907067395	0.0
57.0	26.331222943870554	23.65200123295481	23.790572260153464	26.226203563021176	0.0
58.0	26.29569012547736	23.75941080196399	23.69530823786143	26.249590834697216	0.0
59.0	26.302236770321873	23.767321331151116	23.72558647026732	26.204855428259684	0.0
60.0	26.24495362793235	23.7924168030551	23.70240043644299	26.260229132569556	0.0
61.0	26.268957992362246	23.77441352973268	23.728041462084015	26.22858701582106	0.0
62.0	26.247135842880525	23.759683578832515	23.805782869612656	26.187397708674304	0.0
63.0	26.2214948172395	23.767321331151116	23.791598472449536	26.21958537915985	0.0
64.0	26.180305510092744	23.77141298417894	23.880796508456083	26.167484997272233	0.0
65.0	26.173213311511184	23.79978177850518	23.763502454991816	26.263502454991816	0.0
66.0	26.22695035460993	23.840698308783416	23.715766503000545	26.21658483360611	0.0
67.0	26.15302782324059	23.62138570649209	23.81860338243317	26.406983087834153	0.0
68.0	26.312602291325693	23.806055646481177	23.64266230223677	26.23867975995636	0.0
69.0	26.40882048876026	23.586678705186294	23.70833685669161	26.29616394936184	0.0
70.0	26.23124323174241	23.72852228990101	23.858636501264318	26.181597977092263	0.0
71.0	26.349355293629863	23.74625273799035	23.603863601026728	26.30052836735306	0.0
72.0	26.251701441076264	23.702335781953675	23.828903903699118	26.217058873270943	0.0
73.0	26.158139230389445	23.891915188447385	23.699062468460262	26.250883112702912	0.0
74.0	26.282525143139274	23.76207375320853	23.770257036942073	26.18514406671013	0.0
75.0	26.125678871579726	23.800535186756175	23.856454292268705	26.21733164939539	0.0
76.0	26.24515481408943	23.772984798186584	23.721702886789725	26.260157500934255	0.0
77.0	26.26452191892548	23.693879722095684	23.70915518506496	26.332443173913873	0.0
78.0	26.207511708915142	23.70833685669161	23.757982111341757	26.32616932305149	0.0
79.0	26.151865379527063	23.80762736599191	23.864364799877798	26.176142454603234	0.0
80.0	26.210785022408555	23.785259723786897	23.774348678808842	26.229606574995707	0.0
81.0	26.315803830322338	23.79180635077373	23.586678705186294	26.30571111371764	0.0
82.0	26.32207768118472	23.647235004814497	23.79207912689818	26.238608187102596	0.0
83.0	26.295273893759447	23.760645059219534	23.69763394635054	26.246447100670483	0.0
84.0	26.296364995280985	23.762281711501846	23.730639767377156	26.210713525840013	0.0
85.0	26.229807802466983	23.80074304013617	23.71072716460903	26.25872199278782	0.0
86.0	26.272087986426694	23.761736160741076	23.73664082574563	26.229535027086598	0.0
87.0	26.247265426811637	23.757371754654912	23.811381279971194	26.183981538562257	0.0
88.0	26.22653449790236	23.769646646772248	23.79146867720307	26.212350178122325	0.0
89.0	26.175525501770313	23.77291995133687	23.885030632675218	26.1665239142176	0.0
90.0	26.178798806334935	23.796924184810774	23.76664611758801	26.257630891266277	0.0
91.0	26.23335388241199	23.833203310402016	23.72518425976945	26.208258547416545	0.0
92.0	26.153157920578717	23.624257369026903	23.81438180915543	26.408202901238948	0.0
93.0	26.322278656417588	23.803198018559637	23.640078341089247	26.234444983933532	0.0
94.0	26.41904185181245	23.590096098504375	23.70002427694263	26.290837772740538	0.0
95.0	26.23819226793016	23.724573994211724	23.856324143555835	26.180909594302282	0.0
96.0	26.344028826823568	23.745304866572287	23.60318928104789	26.30747702555626	0.0
97.0	26.250467126564704	23.69702375594308	23.838593792194825	26.213915325297393	0.0
98.0	26.16263369366863	23.890148198459915	23.69975150230631	26.24746660556515	0.0
99.0	26.2739257452885	23.76276244329697	23.773673428749902	26.189638382664626	0.0
100.0	26.12880963876455	23.79549539965576	23.857688016737452	26.218006944842244	0.0
101.0	26.242556662111333	23.77667394974946	23.722119022484815	26.2586503656544	0.0
102.0	26.263287534471896	23.697842079852048	23.70493422039645	26.33393616527961	0.0
103.0	26.204640987662405	23.7090258399413	23.76630851356917	26.320024658827123	0.0
104.0	26.157178200942166	23.800132568473252	23.86341628410024	26.179272946484346	0.0
105.0	26.224553536113998	23.775582851204163	23.764944640387558	26.23491897229428	0.0
106.0	26.32057020809977	23.790312681565617	23.585186155050557	26.303930955284056	0.0
107.0	26.329571771098436	23.641104955496818	23.787312160566064	26.242011112838682	0.0
108.0	26.294584892690754	23.761060981331354	23.69286750826505	26.251486617712843	0.0
109.0	26.306859717842684	23.76487981582307	23.733510818212565	26.19474964812168	0.0
110.0	26.2345746363924	23.801158743494344	23.71223445461588	26.252032165497376	0.0
111.0	26.276581815801247	23.761606529115888	23.737056878812016	26.224754776270853	0.0
112.0	26.249577200466987	23.76651645917666	23.806068673555117	26.177837666801235	0.0
113.0	26.23130134968522	23.770335293668374	23.784519536066163	26.213843820580244	0.0
114.0	26.176201023447643	23.772517484806492	23.88408200674297	26.16719948500289	0.0
115.0	26.178383214585764	23.788883918342407	23.770608067560637	26.262124799511188	0.0
116.0	26.234301862500136	23.827890584936334	23.725600375336874	26.212207177226652	0.0
117.0	26.15628852931228	23.629856739151784	23.81288802086175	26.40096671067419	0.0
118.0	26.32540834251672	23.80034042181755	23.641040468734655	26.233210766931077	0.0
119.0	26.41767797863083	23.601279858593628	23.696205432034105	26.28483673074143	0.0
120.0	26.24010169038442	23.730302261574508	23.85168697473834	26.17790907330273	0.0
121.0	26.347302122459443	23.745032091935965	23.609735872319646	26.297929913284946	0.0
122.0	26.25946868956337	23.69538710812514	23.83641159510424	26.208732607207253	0.0
123.0	26.159087623396427	23.890148198459915	23.697842079852048	26.252922098291613	0.0
124.0	26.273380196015854	23.757852499843153	23.77449175265887	26.19427555148212	0.0
125.0	26.12690021631029	23.786766611293416	23.86068853773701	26.22564463465929	0.0
126.0	26.23819226793016	23.773127879477254	23.732211684028773	26.256468168563813	0.0
127.0	26.26874302719836	23.701933699396896	23.69647820667043	26.33284506673432	0.0
128.0	26.200893612146142	23.710999939989417	23.768828320631094	26.319278127233346	0.0
129.0	26.15206681905718	23.802652467798865	23.8612991745817	26.183981538562257	0.0
130.0	26.215623482686944	23.76800999448994	23.768828320631094	26.247538202192022	0.0
131.0	26.312731518104105	23.788195372638445	23.59016044647874	26.30891266277871	0.0
132.0	26.320096453374504	23.644715522555796	23.78574039421498	26.24944762985472	0.0
133.0	26.295345620988485	23.755527126221697	23.69551637884239	26.253610873947427	0.0
134.0	26.299437262855257	23.759618768088465	23.736432797510098	26.204511171546173	0.0
135.0	26.220059410639905	23.80217184350288	23.711610170185025	26.26615857567219	0.0
136.0	26.267866884888164	23.76050190943808	23.74058919803601	26.23104200763775	0.0
137.0	26.247681396617565	23.760229132569556	23.800600109110746	26.191489361702125	0.0
138.0	26.224839674958194	23.771477827271763	23.77475115862291	26.22893133914713	0.0
139.0	26.163464712124146	23.771477827271763	23.886317202174585	26.17874025842951	0.0
140.0	26.177376370366527	23.78648059596453	23.77093227204657	26.26521076162237	0.0
141.0	26.23063955613506	23.825280006983128	23.731444252287247	26.21263618459457	0.0
142.0	26.144785691099493	23.63194461493138	23.813069937833642	26.410199756135484	0.0
143.0	26.320182652885865	23.798339866392794	23.641491883457856	26.239985597263484	0.0
144.0	26.415454614889416	23.59845715719757	23.698567360254884	26.28752086765813	0.0
145.0	26.238693275431263	23.730755381946338	23.84777793538391	26.182773407238486	0.0
146.0	26.341875912110098	23.743095241342626	23.615161145132912	26.29986770141437	0.0
147.0	26.253222220706775	23.698904785935433	23.838295666880345	26.209577326477447	0.0
148.0	26.149565596912122	23.890942320544468	23.700814250057967	26.25867783248544	0.0
149.0	26.27340798428784	23.758643734911825	23.774465009069953	26.193483271730383	0.0
150.0	26.123924221552397	23.783193987915823	23.86448260341794	26.228399187113844	0.0
151.0	26.24067431361584	23.77828393731502	23.724000600117297	26.257041148951842	0.0
152.0	26.265770127797705	23.7043603977141	23.6961769800461	26.333692494442097	0.0
153.0	26.20582988264947	23.71260849877521	23.765800858715636	26.31576075985968	0.0
154.0	26.150455272044827	23.80999143466614	23.853636447950592	26.18591684533844	0.0
155.0	26.22110563729903	23.773711517373446	23.76552807738261	26.23965476794492	0.0
156.0	26.317943010523905	23.782713301363362	23.588492992247552	26.310850695865177	0.0
157.0	26.32803591984593	23.646595416182482	23.78298608269639	26.242382581275198	0.0
158.0	26.29564667083114	23.759046135632705	23.698215732433518	26.247091461102638	0.0
159.0	26.30110231237367	23.758227789401325	23.737769133616844	26.20290076460816	0.0
160.0	26.22445054870115	23.80623743497557	23.71294596459834	26.25636605172494	0.0
161.0	26.26571229050279	23.762929905726256	23.740834497206702	26.230523306564248	0.0
162.0	26.256983240223462	23.75556476955307	23.799755586592177	26.187696403631282	0.0
163.0	26.226775889206227	23.780180091709834	23.771996584749765	26.221047434334178	0.0
164.0	26.17576536248844	23.76381307778969	23.896385890542867	26.164035669179004	0.0
165.0	26.177402063880457	23.78945473293125	23.77172380118443	26.261419402003867	0.0
166.0	26.2290297062113	23.82989170462915	23.733053274775635	26.208025314383914	0.0
167.0	26.147811309122748	23.6316419750729	23.816863026441055	26.403683689363294	0.0
168.0	26.317210827384347	23.798586427852445	23.6471907231259	26.237012021637312	0.0
169.0	26.41275764618591	23.606610145449388	23.699084530862986	26.28154767750172	0.0
170.0	26.240084236254326	23.735365041954456	23.845024932621907	26.17952578916931	0.0
171.0	26.339450116889036	23.742795025464623	23.618949935485983	26.29880492216036	0.0
172.0	26.24970334463579	23.704877696153982	23.83281458425967	26.21260437495056	0.0
173.0	26.15777428004812	23.87973386944982	23.708696707739225	26.253795142762836	0.0
174.0	26.275345279565286	23.755615992929375	23.774983837397397	26.194054890107942	0.0
175.0	26.126676614282555	23.7752566239392	23.865003396192446	26.233063365585796	0.0
176.0	26.25570464855546	23.769528106561335	23.71988095595316	26.254886288930052	0.0
177.0	26.259523660140704	23.697239672983493	23.707878348113816	26.335358318761987	0.0
178.0	26.207220133884	23.712307616766598	23.767137861238563	26.31333438811084	0.0
179.0	26.148298080123084	23.80832874141402	23.86997866803424	26.17339451042866	0.0
180.0	26.21785883803528	23.770411308669726	23.76577392480891	26.245955928486087	0.0
181.0	26.312516026253046	23.77968607639135	23.599919254963364	26.307878642392236	0.0
182.0	26.326973752407344	23.645474731713705	23.788415269541115	26.23913624633783	0.0
183.0	26.29376542957295	23.766657119085615	23.699551263690548	26.240026187650884	0.0
184.0	26.304949738805462	23.760655782424266	23.72601170260649	26.20838277616378	0.0
185.0	26.231296970688927	23.793663134061678	23.712372301103425	26.262667594145967	0.0
186.0	26.268740588787292	23.74926347030967	23.74107980708378	26.24091613381926	0.0
187.0	26.254555572529082	23.76372127534208	23.799729393535998	26.181993758592846	0.0
188.0	26.23444076784794	23.77115141727794	23.77797115523633	26.216436659637786	0.0
189.0	26.17524544236912	23.762967731727876	23.89308833197393	26.16869849392907	0.0
190.0	26.169244072965743	23.792428999708115	23.775243260052974	26.26308366727317	0.0
191.0	26.2276925762858	23.83368523277193	23.73002493302999	26.20859725791228	0.0
192.0	26.150291477190578	23.627247456905838	23.81492766946459	26.407533396438986	0.0
193.0	26.318603528278878	23.793649970947758	23.64607003636304	26.241676464410325	0.0
194.0	26.419881062796662	23.601942277265536	23.69932893229309	26.278847727644717	0.0
195.0	26.23983850728354	23.734519068143378	23.841180642697367	26.18446178187572	0.0
196.0	26.328567648446853	23.754497666260203	23.618919796278565	26.298014889014375	0.0
197.0	26.253822504835245	23.700211959768563	23.840427302164063	26.20553823323213	0.0
198.0	26.153162074205017	23.885983648817856	23.706213394657087	26.254640882320047	0.0
199.0	26.269917262036284	23.76131747863353	23.774411518390306	26.19435374093988	0.0
200.0	26.127246787186394	23.776321065854837	23.864433041718154	26.231999105240618	0.0
201.0	26.25109457988592	23.770592423461245	23.724763284312523	26.253549712340313	0.0
202.0	26.254640882320047	23.699393582283765	23.70866852711148	26.33729700828471	0.0
203.0	26.19933547566957	23.719644932319998	23.766565369443885	26.314454222566546	0.0
204.0	26.142594481938357	23.81675932543688	23.864770935517136	26.175875257107627	0.0
205.0	26.21406631058056	23.775840339573023	23.769838888312993	26.240254461533425	0.0
206.0	26.307088805111057	23.783205757028515	23.598797527402084	26.310907910458347	0.0
207.0	26.31881891439203	23.64953706987326	23.786752069136718	26.244891946598	0.0
208.0	26.28806499043857	23.76772137913726	23.698158913407006	26.24605471701716	0.0
209.0	26.30743336324974	23.75517285590749	23.72325595986655	26.21413782097622	0.0
210.0	26.22668634420599	23.801002245094484	23.70988905468701	26.262422356012515	0.0
211.0	26.26522194579023	23.755237658766532	23.735869233119463	26.24367116232377	0.0
212.0	26.25021823578194	23.753055300947143	23.806795862249576	26.189930601021345	0.0
213.0	26.230921366705314	23.777671690649935	23.77276137216122	26.218645570483528	0.0
214.0	26.177180658801063	23.763486326126987	23.88297074268567	26.176362272386278	0.0
215.0	26.175543885971493	23.785037168383006	23.77630771329196	26.26311123235354	0.0
216.0	26.234812070686957	23.832023002176914	23.721813331005475	26.211351596130662	0.0
217.0	26.154681332231235	23.62339834084889	23.815174603694217	26.40674572322566	0.0
218.0	26.319723493001394	23.794987628657864	23.64249412804544	26.2427947502953	0.0
219.0	26.416365679866438	23.5997293846775	23.692207806379102	26.29169712907696	0.0
220.0	26.238228779066596	23.732854664295143	23.84224654365309	26.186670012985168	0.0
221.0	26.332415821218806	23.753379290778597	23.61670726816906	26.29749761983354	0.0
222.0	26.25957863551672	23.708094748357073	23.827580468722296	26.204746147403913	0.0
223.0	26.164099178603873	23.87668418942033	23.700729190252364	26.25848744172343	0.0
224.0	26.275400945519422	23.753652089226918	23.778203949575936	26.192743015677728	0.0
225.0	26.122906612907187	23.779567941817547	23.855678708899504	26.241846736375763	0.0
226.0	26.253031472756984	23.765928019401425	23.718461089393323	26.26257941844827	0.0
227.0	26.262306619999947	23.699365198010756	23.691726841457726	26.34660134053157	0.0
228.0	26.207272826472433	23.713615407698395	23.753444089805495	26.325667676023677	0.0
229.0	26.152440188777042	23.813732711351175	23.86010857407862	26.173718525793166	0.0
230.0	26.209728019205063	23.78427039855962	23.76572005346864	26.240281528766673	0.0
231.0	26.309845322857843	23.793272771912598	23.591128570259432	26.305753334970127	0.0
232.0	26.320484491365903	23.644597211992252	23.79354557110511	26.24137272553673	0.0
233.0	26.290002700719374	23.768240085768298	23.70113130133754	26.240625912174785	0.0
234.0	26.30773469660555	23.757055288363173	23.72131849665411	26.21389151837717	0.0
235.0	26.220984316731638	23.802612877793813	23.711497698932536	26.264905106542013	0.0
236.0	26.267159162829266	23.75384648960084	23.740206455555313	26.23878789201458	0.0
237.0	26.255155932869208	23.754392090962657	23.805678618973833	26.184773357194302	0.0
238.0	26.222764187720117	23.780100227243587	23.77546260301664	26.221672982019655	0.0
239.0	26.164657484170696	23.769460971664117	23.880491151685774	26.185390392479412	0.0
240.0	26.174373971851583	23.784841102475195	23.769018188167188	26.271766737506034	0.0
241.0	26.23182040152666	23.836519338373105	23.72030085854356	26.21135940155667	0.0
242.0	26.145363572623133	23.634607672223996	23.811940208925012	26.408088546227866	0.0
243.0	26.313721745535894	23.805093647264243	23.643853929365545	26.237330677834315	0.0
244.0	26.413405870252042	23.605692365616626	23.69408991449447	26.28681184963686	0.0
245.0	26.232142662257584	23.745484508179725	23.843433847362736	26.178938982199956	0.0
246.0	26.332447490627715	23.763594593267232	23.612437449864395	26.291520466240666	0.0
247.0	26.251555235413527	23.71515726977059	23.826479383581077	26.206808111234803	0.0
248.0	26.159487909893098	23.88771562191335	23.697810083547523	26.254986384646028	0.0
249.0	26.276541754661693	23.761657635239484	23.769297513219716	26.19250309687911	0.0
