# Position (bp)	A	C	G	T	N
0.0	26.2706016401072	23.901593567955324	23.605989119445383	26.221815672492095	0.0
1.0	26.21828510904627	23.82231637058078	23.839006306870157	26.120392213502804	0.0
2.0	26.256972482364194	23.729868862771276	23.747841659659414	26.26531699520511	0.0
3.0	26.150316100253523	23.88915631719136	23.75340971085652	26.2071178716986	0.0
4.0	26.312124557169998	23.73729270421523	23.615995789906044	26.334586948708733	0.0
5.0	26.305589424372716	23.74350253481358	23.684463838798692	26.266444202015016	0.0
6.0	26.28264154696629	23.744148664820763	23.68607646921051	26.287133319002443	0.0
7.0	26.241309948124357	23.815634554244852	23.65298180663251	26.290073690998277	0.0
8.0	26.353861255284887	23.716390045486914	23.65929081472262	26.27045788450558	0.0
9.0	26.151220826543835	23.771475127984708	23.7916832394565	26.285620806014958	0.0
10.0	26.237947691537883	23.74473162564231	23.707524232918278	26.30979644990153	0.0
11.0	26.25302310065883	23.709769506617143	23.810806823066017	26.226400569658015	0.0
12.0	26.408588492651543	23.697580877966168	23.539128705503487	26.354701923878803	0.0
13.0	26.229928856899082	23.758844774606597	23.756920254293284	26.254306114201036	0.0
14.0	26.350852883252184	23.734146763919092	23.771354156643124	26.1436461961856	0.0
15.0	26.1596838654632	23.869825446007585	23.713297793858214	26.257192894671004	0.0
16.0	26.28381542567182	23.79669367410173	23.757241007678836	26.162249892547617	0.0
17.0	26.231853377212396	23.766863609245394	23.715222314171527	26.286060699370683	0.0
18.0	26.19496673787392	23.726448682665847	23.848014215790048	26.230570363670186	0.0
19.0	26.444512871833364	23.65139239044668	23.81946716447592	26.084627573244035	0.0
20.0	26.240345385029894	23.758371609658465	23.58933565984963	26.41194734546201	0.0
21.0	26.207307998255114	23.837597187652356	23.520053373020964	26.435041441071565	0.0
22.0	26.234571861127503	23.707692899848606	23.819314361961457	26.23842087706243	0.0
23.0	26.320853968335427	23.635844602396656	23.648674655513073	26.394626773754844	0.0
24.0	26.19415719381078	23.614995766082473	23.865181801852657	26.325665238254086	0.0
25.0	26.285571322265273	23.85235174873624	23.615637268738293	26.246439660260197	0.0
26.0	26.241949141669448	23.778578943316823	23.838238690308177	26.14123322470555	0.0
27.0	26.271137512509302	23.68652331220651	23.746824561853686	26.2955146134305	0.0
28.0	26.19223268584332	23.808088065484593	23.774729927381898	26.224949321290193	0.0
29.0	26.35998563034051	23.688768571501885	23.62173154396859	26.329514254189014	0.0
30.0	26.340099048010057	23.69133458212517	23.63359934310128	26.33496702676349	0.0
31.0	26.3137974391214	23.708013651176515	23.680749788304123	26.297439121397964	0.0
32.0	26.273703523132586	23.78114495394011	23.649316158168894	26.295835364758407	0.0
33.0	26.368325164866178	23.70480613789741	23.63231633778964	26.294552359446765	0.0
34.0	26.20025146904108	23.738485027328014	23.773126170742348	26.288137332888557	0.0
35.0	26.30866541787483	23.680108285648302	23.69197608478099	26.319250211695877	0.0
36.0	26.295835364758407	23.70352313258577	23.745220805214135	26.25542069744169	0.0
37.0	26.433758435759923	23.643221882938594	23.545392727925893	26.37762695337559	0.0
38.0	26.233609607143777	23.724371968899952	23.755164096379357	26.286854327576915	0.0
39.0	26.365117651587077	23.71699468835801	23.755164096379357	26.162723563675556	0.0
40.0	26.202817479664365	23.855238510687435	23.67946678299248	26.26247722665572	0.0
41.0	26.301608888660798	23.786276975186677	23.732711503425623	26.1794026327269	0.0
42.0	26.246760411588106	23.74265479459085	23.689410074157706	26.321174719663336	0.0
43.0	26.206024992943473	23.694862846732185	23.83374817171743	26.26536398860691	0.0
44.0	26.436645197711115	23.64707089887352	23.77376767339817	26.142516230017193	0.0
45.0	26.254610770760493	23.721012284697053	23.55486416268403	26.469512781858423	0.0
46.0	26.253327773679313	23.829746287327197	23.490393559354654	26.426532379638836	0.0
47.0	26.25525226930109	23.69310709818135	23.788369631459087	26.263271001058474	0.0
48.0	26.365910767553004	23.640504217852904	23.597844564903614	26.395740449690475	0.0
49.0	26.178913942970777	23.61708952112134	23.847387497193445	26.356609038714435	0.0
50.0	26.310741893062193	23.821406806299517	23.624466754338133	26.24338454630016	0.0
51.0	26.2401770535972	23.750200468293933	23.84963274208551	26.15998973602335	0.0
52.0	26.290534689033585	23.67097539853097	23.72871026718414	26.309779645251307	0.0
53.0	26.217083106135934	23.804727844244155	23.73704974821182	26.24113930140809	0.0
54.0	26.358212785065916	23.67931487955865	23.59624081855214	26.3662315168233	0.0
55.0	26.359175032876802	23.653334188664722	23.65205119158354	26.33543958687494	0.0
56.0	26.33608108541553	23.63793822369054	23.70561631972287	26.320364371171056	0.0
57.0	26.284761202168266	23.769766173781957	23.624466754338133	26.321005869711644	0.0
58.0	26.370080508066845	23.661352920422107	23.649485197421175	26.319081374089876	0.0
59.0	26.17570645026783	23.701767328479328	23.793501619783815	26.32902460146903	0.0
60.0	26.318119126278987	23.68059787663983	23.673220643423036	26.328062353658144	0.0
61.0	26.298553420790967	23.692786348911056	23.7527664624563	26.255893767841677	0.0
62.0	26.444173589505084	23.59752381563332	23.567694133495845	26.39060846136575	0.0
63.0	26.276421721140586	23.72037078615646	23.7036918241011	26.299515668601853	0.0
64.0	26.35404304455207	23.712031305128782	23.775539660647272	26.158385989671874	0.0
65.0	26.221252846649772	23.842255508868718	23.677711133207172	26.258780511274338	0.0
66.0	26.303685409115694	23.782916893864066	23.715880296372326	26.197517400647914	0.0
67.0	26.260705006896107	23.69406934599224	23.71299355293967	26.332232094171985	0.0
68.0	26.227988581325977	23.69118260255958	23.80729383840652	26.273534977707925	0.0
69.0	26.478814510696992	23.601372806876864	23.766558681079	26.153254001347147	0.0
70.0	26.263423270851778	23.707388732791912	23.56305248707389	26.466135509282424	0.0
71.0	26.242895449238546	23.812593818559716	23.493450341916528	26.451060390285207	0.0
72.0	26.2262165941778	23.693275855432816	23.78404731662882	26.29646023376057	0.0
73.0	26.383061981191386	23.606032613576588	23.589033011303133	26.421872393928897	0.0
74.0	26.186123192589456	23.60090065817328	23.861668142103845	26.35130800713342	0.0
75.0	26.326289724542296	23.82285772936633	23.598655427684335	26.25219711840704	0.0
76.0	26.251555623981627	23.765764725504535	23.82574445428069	26.156935196233142	0.0
77.0	26.303837419652826	23.650616476142822	23.73144477374492	26.314101330459437	0.0
78.0	26.18740618144028	23.81900876281385	23.715086665896873	26.27849838984899	0.0
79.0	26.383061981191386	23.693596602645524	23.588391516877717	26.334949899285377	0.0
80.0	26.38434497004221	23.651578717780943	23.652220212206355	26.311856099970495	0.0
81.0	26.346817546155528	23.641635554187033	23.68108746134996	26.33045943830748	0.0
82.0	26.24931039349268	23.77699087794927	23.66152188137485	26.3121768471832	0.0
83.0	26.362534159578153	23.663767111863798	23.645805267952223	26.32789346060583	0.0
84.0	26.189330664716525	23.70546424951567	23.80072617168957	26.30447891407824	0.0
85.0	26.336232888136202	23.677238494797482	23.646126015164928	26.340402601901392	0.0
86.0	26.283951092465006	23.694879591496353	23.76063277010123	26.26053654593742	0.0
87.0	26.46453177321889	23.600259163747868	23.550222598565618	26.384986464467623	0.0
88.0	26.258291315448467	23.725029829490783	23.73144477374492	26.285234081315835	0.0
89.0	26.379854509064316	23.741708684551533	23.747161387167544	26.13127541921661	0.0
90.0	26.209537739117046	23.844989287043095	23.680445966924548	26.26502700691531	0.0
91.0	26.310573111119663	23.765123231079123	23.70963396328086	26.214669694520353	0.0
92.0	26.306403397354476	23.691030624943867	23.708350974430033	26.29421500327162	0.0
93.0	26.234235274495465	23.664087859076506	23.79366973301002	26.30800713341801	0.0
94.0	26.486663330895656	23.612126810618015	23.753897078634388	26.147312779851944	0.0
95.0	26.289555896258186	23.72680210665418	23.534675758722663	26.448966238364967	0.0
96.0	26.209690352627224	23.85702463964282	23.484960259675276	26.44832474805468	0.0
97.0	26.221878668522713	23.671633939969336	23.81276180823289	26.293725583275062	0.0
98.0	26.366855478647995	23.60235298645814	23.60459820254415	26.426193332349712	0.0
99.0	26.172163169475326	23.618710989370506	23.86921295553831	26.339912885615863	0.0
100.0	26.295970799361072	23.826233104748955	23.618390244215362	26.25940585167461	0.0
101.0	26.23021804255647	23.764008544650935	23.849647501074497	26.156125911718103	0.0
102.0	26.30110272184339	23.654313701591537	23.721670184171867	26.32291339239321	0.0
103.0	26.219954197591843	23.795120824699943	23.72327390994759	26.26165106776062	0.0
104.0	26.396364032921284	23.671313194814193	23.585994983545774	26.346327788718753	0.0
105.0	26.35851610461424	23.638917934144605	23.66169084015986	26.340875121081297	0.0
106.0	26.30815911525656	23.66329456593558	23.680294059158236	26.34825225964962	0.0
107.0	26.24914200670999	23.777159096011854	23.67099244965905	26.302706447619105	0.0
108.0	26.37679857845747	23.64308762116148	23.65174774035038	26.32836606003066	0.0
109.0	26.19140787878399	23.69184088474344	23.799611256871962	26.317139979600608	0.0
110.0	26.331252766426967	23.632503031041715	23.706274416724934	26.329969785806384	0.0
111.0	26.318422960221188	23.684463746175112	23.751820228755445	26.24529306484826	0.0
112.0	26.44768325774439	23.615824282974206	23.558731645358495	26.377760813922908	0.0
113.0	26.274160128811253	23.680935549468526	23.761121838254635	26.28378248346559	0.0
114.0	26.41625023254024	23.706595161880077	23.750857993290012	26.126296612289675	0.0
115.0	26.2080866268515	23.824308633818088	23.7081988876558	26.25940585167461	0.0
116.0	26.326762334254937	23.741235638635676	23.746688306273136	26.185313720836245	0.0
117.0	26.275443109431833	23.732254774291633	23.69857653300147	26.293725583275062	0.0
118.0	26.255556909812878	23.65238923066067	23.79415858923451	26.297895270291942	0.0
119.0	26.49964397287779	23.596258828510393	23.74925426751429	26.154842931097527	0.0
120.0	26.296780980973278	23.71252068819522	23.531940007441335	26.458758323390168	0.0
121.0	26.196387103396074	23.846913770319336	23.487035397662396	26.4696637286222	0.0
122.0	26.227178835815916	23.68012521971184	23.811952324134303	26.280743620337937	0.0
123.0	26.387873189381985	23.584863297537943	23.609240085703657	26.418023427376415	0.0
124.0	26.1787460066972	23.623352963062754	23.866479350294444	26.3314216799456	0.0
125.0	26.291007531144555	23.844027045404975	23.62527744633899	26.23968797711148	0.0
126.0	26.248989646279973	23.79463197464814	23.823178476579038	26.133199902492848	0.0
127.0	26.283309598039594	23.63906957648538	23.74844437601837	26.329176449456654	0.0
128.0	26.186123192589456	23.81900876281385	23.726312818341608	26.268555226255085	0.0
129.0	26.387552442169277	23.67050280333064	23.56946743132802	26.37247732317206	0.0
130.0	26.376326289724545	23.64708825680305	23.662804870225678	26.313780583246732	0.0
131.0	26.317950297011922	23.657031420396958	23.69872855804883	26.326289724542296	0.0
132.0	26.24738591021644	23.78500955826694	23.67435176988312	26.2932527616335	0.0
133.0	26.314422077672145	23.650295728930114	23.689426888880334	26.3458553045174	0.0
134.0	26.198953081097727	23.707709480004617	23.78083984450175	26.312497594395907	0.0
135.0	26.353553237622364	23.61982474372298	23.700011546899656	26.326610471755004	0.0
136.0	26.29453575048433	23.677238494797482	23.805537379880167	26.22268837483802	0.0
137.0	26.459720565028288	23.572033409029675	23.588391516877717	26.379854509064316	0.0
138.0	26.290366036719142	23.645163773526807	23.74459540946589	26.31987478028816	0.0
139.0	26.396212616912358	23.718614885236647	23.77699087794927	26.10818161990172	0.0
140.0	26.207934003053513	23.837291353938134	23.66152188137485	26.2932527616335	0.0
141.0	26.311535352757787	23.736576729148222	23.747482134380252	26.204405783713742	0.0
142.0	26.261819534788245	23.735293740297397	23.708992468855445	26.293894256058913	0.0
143.0	26.238084241047943	23.64195630139974	23.805858127092876	26.314101330459437	0.0
144.0	26.520021041017156	23.617900260446735	23.747161387167544	26.11491731136856	0.0
145.0	26.277704718221766	23.73352150623857	23.538505949898962	26.450267825640694	0.0
146.0	26.210988870000325	23.826218045353947	23.481733329056674	26.481059755589055	0.0
147.0	26.224781088623022	23.63729672514995	23.832633030759855	26.30528915546717	0.0
148.0	26.35757128652532	23.597203066363022	23.58693908971357	26.458286557398083	0.0
149.0	26.173781954646053	23.60458029957982	23.878820925682394	26.342816820091734	0.0
150.0	26.312024890143377	23.831991532219266	23.618051768932226	26.237931808705135	0.0
151.0	26.27802546749206	23.79318087051352	23.811463578920357	26.11733008307406	0.0
152.0	26.290061840856023	23.63776911036412	23.753560339739806	26.318608709040053	0.0
153.0	26.182289394678094	23.810654076107877	23.72533422288368	26.281722306330344	0.0
154.0	26.3872494932129	23.673693259090093	23.59959970234277	26.33945754535424	0.0
155.0	26.36607990557081	23.66118395730158	23.654127428087552	26.318608709040053	0.0
156.0	26.33464627543558	23.67144799979472	23.686844063534423	26.307061661235277	0.0
157.0	26.26408098329527	23.771201662774885	23.65220292012009	26.31251443380976	0.0
158.0	26.346193323240357	23.63776911036412	23.680429036976214	26.335608529419314	0.0
159.0	26.21115701419004	23.67144799979472	23.80039003361474	26.317004952400502	0.0
160.0	26.357419619717227	23.620448538656948	23.708334402504427	26.3137974391214	0.0
161.0	26.30898616920274	23.681391290959944	23.785635472530856	26.22398706730646	0.0
162.0	26.466154319878882	23.58324138461933	23.58131687665187	26.36928741884991	0.0
163.0	26.27755253906751	23.663108465269044	23.756447101691	26.30289189397244	0.0
164.0	26.41194734546201	23.674655513073827	23.79493726104026	26.118459880423906	0.0
165.0	26.209232506222573	23.808408816812502	23.672731005106364	26.30962767185856	0.0
166.0	26.307703163891098	23.729824741474427	23.766711144184136	26.195760950450335	0.0
167.0	26.267929999230198	23.732070000769802	23.71025891047189	26.289741089528114	0.0
168.0	26.219175797387802	23.655731184727106	23.786276975186677	26.338816042698415	0.0
169.0	26.496946447358294	23.599278951014856	23.783390213235485	26.120384388391365	0.0
170.0	26.311720970214843	23.69950539827948	23.54650603337118	26.4422675981345	0.0
171.0	26.215174201163695	23.84352366839232	23.491657204441793	26.449644926002193	0.0
172.0	26.230891117055737	23.65812821154327	23.810486069680465	26.30049460172052	0.0
173.0	26.351173636637736	23.570562537287582	23.627656639915834	26.450607186158848	0.0
174.0	26.147495236812222	23.601675615686123	23.896447977008396	26.35438117049325	0.0
175.0	26.309475696515978	23.826523738958063	23.61226047740934	26.25174008711662	0.0
176.0	26.290872000153964	23.76910888294426	23.809523809523807	26.13049530737797	0.0
177.0	26.281570151972954	23.637279241482396	23.757241007678836	26.323909598865814	0.0
178.0	26.202664819127165	23.80599552228274	23.676411154519737	26.314928504070362	0.0
179.0	26.41115451973596	23.651713143832236	23.59301527427622	26.344117062155593	0.0
180.0	26.372022606698614	23.645618829506745	23.652033897217787	26.330324666576853	0.0
181.0	26.305626655889352	23.68346772900188	23.70816573968938	26.302739875419384	0.0
182.0	26.290872000153964	23.764297582160978	23.681222455303015	26.26360796238204	0.0
183.0	26.335777474131238	23.625090612831418	23.70495820583386	26.33417370720348	0.0
184.0	26.208759133452652	23.679618688375257	23.789957853005138	26.321664325166953	0.0
185.0	26.375550893939685	23.62893965345804	23.69341108395399	26.30209836864828	0.0
186.0	26.336418980902344	23.678335674833047	23.752429706895555	26.23281563736905	0.0
187.0	26.470493896063076	23.561902195877675	23.603600135999436	26.364003772059814	0.0
188.0	26.270023030093082	23.641128282109015	23.74633539257007	26.342513295227832	0.0
189.0	26.40698472572378	23.70110916520724	23.788995592848483	26.1029105162205	0.0
190.0	26.21613646132035	23.7915616199329	23.694052590725097	26.298249328021654	0.0
191.0	26.299853094949416	23.749222173040035	23.75916552799215	26.1917592040184	0.0
192.0	26.282532412129612	23.72067512172591	23.68346772900188	26.3133247371426	0.0
193.0	26.231853377212396	23.66101499201324	23.78867483946293	26.318456791311434	0.0
194.0	26.524380464835808	23.585317193022973	23.772957923570885	26.117344418570337	0.0
195.0	26.31477656175825	23.715053694461194	23.535109890814848	26.435059852965704	0.0
196.0	26.206361221949937	23.87350688341181	23.467430492295456	26.4527014023428	0.0
197.0	26.22368201588381	23.647374295941802	23.816733169961896	26.312210518212492	0.0
198.0	26.35358797038786	23.588676049832564	23.639676165304525	26.418059814475054	0.0
199.0	26.11975725228057	23.649298828601122	23.9039786505177	26.32696526860061	0.0
200.0	26.298940831553086	23.837705370259883	23.6308114731487	26.23254232503833	0.0
201.0	26.256295108259824	23.8168404170008	23.82485966319166	26.10200481154771	0.0
202.0	26.26983261370271	23.6371393559894	23.763529162683568	26.329498867624316	0.0
203.0	26.19722828179135	23.827152572821763	23.699473886821508	26.276145258565382	0.0
204.0	26.377722883449362	23.654999839594495	23.62131468351994	26.345962593436205	0.0
205.0	26.350623018979302	23.664455195246834	23.698461380522797	26.286460405251066	0.0
206.0	26.301251203079882	23.7032402951556	23.727943535450756	26.26756496631376	0.0
207.0	26.2444818027822	23.760651403932037	23.725681433191316	26.26918536009445	0.0
208.0	26.31720792346045	23.661295807906775	23.699475747717223	26.32202052091555	0.0
209.0	26.22500577530224	23.686439590338562	23.802587335403885	26.28596729895531	0.0
210.0	26.306028812526066	23.639105464112685	23.729264927647833	26.325600795713417	0.0
211.0	26.31283410448767	23.72791621477664	23.769950008663454	26.189299672072234	0.0
212.0	26.481007296740533	23.5411332088331	23.638358907221654	26.33950058720471	0.0
213.0	26.249045366739615	23.644741655382205	23.782722261084977	26.323490716793202	0.0
214.0	26.369546522224645	23.73442092697891	23.806620544481383	26.08941200631506	0.0
215.0	26.18748114727269	23.76213794741132	23.72716012142761	26.32322078388838	0.0
216.0	26.266182294307555	23.731250361032842	23.82207017836627	26.180497166293332	0.0
217.0	26.257549791718816	23.760422082298348	23.702976270707772	26.279051855275064	0.0
218.0	26.204643340843297	23.644836417554064	23.850237173685596	26.300283067917047	0.0
219.0	26.487126653700244	23.60851675685391	23.788891242529864	26.115465346915983	0.0
220.0	26.27054994575649	23.747745203140347	23.54168405240758	26.440020798695592	0.0
221.0	26.2230781575991	23.873535548066123	23.48964853153587	26.41373776279891	0.0
222.0	26.216400136100717	23.67221555271656	23.830143740330108	26.28124057085262	0.0
223.0	26.321381568388276	23.58970243636247	23.695952235739735	26.39296375950952	0.0
224.0	26.128994979391106	23.629925910707637	23.935849201967155	26.305229907934102	0.0
225.0	26.25565792430419	23.860871240088603	23.67179223780938	26.21167859779782	0.0
226.0	26.24670146580118	23.830665613703925	23.833554840739385	26.089078079755506	0.0
227.0	26.250906919555433	23.65246200568871	23.789864331255174	26.306766743500674	0.0
228.0	26.200077051496084	23.827854115834082	23.71612944651342	26.255939386156413	0.0
229.0	26.34167640524471	23.66667094736031	23.66699199938358	26.324660648011406	0.0
230.0	26.314572832054452	23.696343147012552	23.707259126079556	26.28182489485344	0.0
231.0	26.243024741698722	23.703035401241902	23.773670928343467	26.280268928715913	0.0
232.0	26.193916276560902	23.799662229414295	23.740905559087377	26.265515934937422	0.0
233.0	26.29235056895533	23.66526675400067	23.720171585625852	26.32221109141815	0.0
234.0	26.184191936706096	23.715626966696206	23.842458803734957	26.257722292862738	0.0
235.0	26.30735638827345	23.651863982275312	23.7321388433998	26.30864078605144	0.0
236.0	26.28413440542554	23.757610398951883	23.78522619261695	26.173029003005627	0.0
237.0	26.437475514909416	23.567020108280296	23.66399712280116	26.331507254009136	0.0
238.0	26.22540204490572	23.70266659816061	23.791938550069364	26.279992806864307	0.0
239.0	26.35452793834297	23.745664739884393	23.850674373795762	26.049132947976876	0.0
240.0	26.193007190640284	23.780176442062196	23.756411038708702	26.27040532858882	0.0
241.0	26.269792837642527	23.771318451903003	23.826561747229803	26.132326963224667	0.0
242.0	26.255131343110993	23.760286777034707	23.714353627433976	26.270228252420324	0.0
243.0	26.19028497450938	23.67366868942565	23.883119010829095	26.252927325235873	0.0
244.0	26.435020080321287	23.661044176706827	23.8374297188755	26.066506024096388	0.0
245.0	26.248646355845334	23.76758130701774	23.59084438474664	26.392927952390288	0.0
246.0	26.19391952693148	23.867463684278185	23.570188970304667	26.368427818485667	0.0
247.0	26.186925499775022	23.675515844957253	23.889567397313108	26.247991257954617	0.0
248.0	26.260402235857942	23.63336558334485	23.74040133585762	26.365830844939588	0.0
249.0	26.07816603290829	23.652955414053686	23.988209844201513	26.280668708836508	0.0
