# Position (bp)	A	C	G	T	N
0.0	26.282623212071222	23.72214646847241	23.627875135374758	26.367355184081614	0.0
1.0	26.25204114270323	23.708398565729002	23.746556010078056	26.29300428148971	0.0
2.0	26.26324974328184	23.83158166443149	23.740117052258277	26.165051540028394	0.0
3.0	26.17856571715545	23.800532504369734	23.737967449337734	26.28293432913708	0.0
4.0	26.300226126282833	23.670596288835647	23.666107429623104	26.363070155258416	0.0
5.0	26.15801980086913	23.84408428695269	23.83959556626614	26.15830034591204	0.0
6.0	26.33304998919926	23.63875586676654	23.69879115854086	26.32940298549334	0.0
7.0	26.288415412452835	23.740058631282174	23.81468026313944	26.156845693125554	0.0
8.0	26.200728811039326	23.717216828297396	23.80474147967156	26.277312880991722	0.0
9.0	26.277918973961928	23.780429647832406	23.682807915214966	26.258843462990704	0.0
10.0	26.374683714745768	23.602594240382405	23.723497960626343	26.299224084245488	0.0
11.0	26.288844878563296	23.70526422091438	23.825606903013334	26.18028399750899	0.0
12.0	26.284637092475915	23.77791866068974	23.699092801319562	26.23835144551478	0.0
13.0	26.313250037870073	23.780162813269673	23.69712916781212	26.20945798104813	0.0
14.0	26.130071083532968	23.777077103472266	23.773991393674855	26.31886041931991	0.0
15.0	26.326995472422173	23.67132141314288	23.742573257555783	26.25910985687917	0.0
16.0	26.3023097940429	23.74734208178814	23.685347366767466	26.265000757401495	0.0
17.0	26.220959263020294	23.724058998771326	23.862915939654737	26.192065798553642	0.0
18.0	26.176637249566596	23.91340937270325	23.72658367042375	26.183369707306397	0.0
19.0	26.28632020691087	23.694323977087205	23.761087516340236	26.258268299661697	0.0
20.0	26.258268299661697	23.741451181265813	23.656453902300818	26.343826616771675	0.0
21.0	26.35083959358397	23.72630315135126	23.836827665913006	26.086029589151767	0.0
22.0	26.197115141858497	23.687030481202417	23.801482262779047	26.31437211416004	0.0
23.0	26.221520301165274	23.691238267289794	23.823923788578387	26.263317642966545	0.0
24.0	26.22208133931026	23.815508216403632	23.706105778131857	26.25630466615425	0.0
25.0	26.28435657340343	23.730510937438638	23.62110849916686	26.364023989991082	0.0
26.0	26.253499475429336	23.71031356421923	23.74902519622309	26.287161764128342	0.0
27.0	26.268928024416383	23.828973131883235	23.734157685381028	26.16794115831935	0.0
28.0	26.17691776863909	23.80540952979393	23.733877166308538	26.28379553525844	0.0
29.0	26.305114984767812	23.675248680157765	23.657295459518295	26.36234087555613	0.0
30.0	26.16457492944945	23.843560123652807	23.830095208173205	26.161769738724537	0.0
31.0	26.33709415903187	23.636817567226394	23.69376293894222	26.33232533479951	0.0
32.0	26.290527992998243	23.741731700338306	23.80877575866383	26.15896454799962	0.0
33.0	26.198517737220957	23.72125380804641	23.802884858141503	26.27734359659113	0.0
34.0	26.275660482156184	23.7826874849221	23.679456466245142	26.262195566676578	0.0
35.0	26.3836603250655	23.596983858932568	23.724058998771326	26.2952968172306	0.0
36.0	26.287161764128342	23.703020068334446	23.820277040635993	26.18954112690122	0.0
37.0	26.284076054330935	23.7793212560522	23.683103214187533	26.253499475429336	0.0
38.0	26.317738343029944	23.778479698834722	23.696287610594645	26.20749434754069	0.0
39.0	26.123338625793167	23.77763814161725	23.77314983645738	26.325873396132206	0.0
40.0	26.328117548712136	23.67132141314288	23.73584079981598	26.264720238329005	0.0
41.0	26.295577336303094	23.744536891063223	23.69712916781212	26.262756604821565	0.0
42.0	26.225167049107668	23.72798626578621	23.856183481914936	26.190663203191182	0.0
43.0	26.176637249566596	23.91284833455827	23.72658367042375	26.183930745451384	0.0
44.0	26.281551382678508	23.702459030189463	23.759404401905286	26.256585185226744	0.0
45.0	26.254621551719303	23.738645990540896	23.65533182601085	26.35140063172895	0.0
46.0	26.350559074511477	23.731913532801094	23.83542507055055	26.08210232213688	0.0
47.0	26.19459047020607	23.701336953899496	23.796152400401706	26.307920175492733	0.0
48.0	26.217031996005407	23.695165534304678	23.827851055593268	26.259951414096644	0.0
49.0	26.220398224875307	23.814105621041172	23.71508238845159	26.250413765631926	0.0
50.0	26.28295397804097	23.733035609091065	23.61830330844194	26.36570710442603	0.0
51.0	26.24873065119698	23.71031356421923	23.754635577672925	26.28632020691087	0.0
52.0	26.262195566676578	23.83233936075314	23.74565896735319	26.159806105217093	0.0
53.0	26.167660639246865	23.81634977362111	23.738365471468406	26.277624115663624	0.0
54.0	26.300346160535454	23.68057854253511	23.656453902300818	26.362621394628622	0.0
55.0	26.15700091449218	23.846926352522708	23.834583513333072	26.161489219652047	0.0
56.0	26.337374678104364	23.642427948676232	23.690396710072317	26.329800663147086	0.0
57.0	26.27706307751864	23.745939486425684	23.807373163301374	26.169624272754305	0.0
58.0	26.194309951133576	23.728827823003687	23.80064070556157	26.276221520301164	0.0
59.0	26.273135810503756	23.788578385444424	23.68226165697006	26.256024147081757	0.0
60.0	26.372439562165834	23.600350087802468	23.72658367042375	26.300626679607948	0.0
61.0	26.275660482156184	23.70498370184189	23.831217284463172	26.18813853153876	0.0
62.0	26.279307230098574	23.786895271009474	23.681139580680092	26.25265791821186	0.0
63.0	26.314933152305027	23.781284889559643	23.693482419869728	26.21029953826561	0.0
64.0	26.118289282488316	23.778760217907216	23.77623554625479	26.32671495334968	0.0
65.0	26.320263014682364	23.675529199230255	23.733877166308538	26.270330619778836	0.0
66.0	26.291089031143226	23.748464158078107	23.692921381724744	26.267525429053922	0.0
67.0	26.213946286208	23.729108342076177	23.858147115422376	26.198798256293443	0.0
68.0	26.1699047918268	23.917336639718133	23.726022632278767	26.1867359361763	0.0
69.0	26.28968643578077	23.70217851111697	23.757721287470336	26.250413765631926	0.0
70.0	26.253499475429336	23.73359664723605	23.659259093025735	26.353644784308884	0.0
71.0	26.349717517294003	23.736121318888472	23.834583513333072	26.07957765048446	0.0
72.0	26.20132292794587	23.6976902059571	23.786614751936984	26.31437211416004	0.0
73.0	26.216190438787933	23.699092801319562	23.829253650955728	26.255463108936777	0.0
74.0	26.216470957860427	23.81971600249101	23.705544739986873	26.258268299661697	0.0
75.0	26.279307230098574	23.72938886114867	23.6197059038044	26.371598004948353	0.0
76.0	26.243961826964618	23.709472007001757	23.751549867875514	26.295016298158114	0.0
77.0	26.26556179554648	23.83542507055055	23.73752391425093	26.161489219652047	0.0
78.0	26.16261129594201	23.81971600249101	23.74229273848329	26.27537996308369	0.0
79.0	26.300626679607948	23.681981137897566	23.65869805488075	26.358694127613735	0.0
80.0	26.161208700579554	23.849451024175135	23.82841209373825	26.16092818150706	0.0
81.0	26.335411044596924	23.642988986821216	23.694885015232188	26.32671495334968	0.0
82.0	26.282112420823488	23.74565896735319	23.805690048866424	26.166538562956898	0.0
83.0	26.1867359361763	23.730230418366144	23.80036018648908	26.282673458968475	0.0
84.0	26.26528127647399	23.790542018951868	23.681420099752582	26.262756604821565	0.0
85.0	26.371598004948353	23.602874759454895	23.72630315135126	26.299224084245488	0.0
86.0	26.27678255844615	23.706386297204347	23.829253650955728	26.187577493393775	0.0
87.0	26.284076054330935	23.78100437048715	23.6842252904775	26.25069428470442	0.0
88.0	26.317177304884957	23.783809561212067	23.686469443057433	26.212543690845543	0.0
89.0	26.114642534545922	23.782968003994593	23.777077103472266	26.32531235798722	0.0
90.0	26.32222664818981	23.672162970360354	23.734999242598505	26.27061113885133	0.0
91.0	26.294455260013127	23.75239142509299	23.69376293894222	26.259390375951664	0.0
92.0	26.215629400642946	23.72293692248136	23.862915939654737	26.198517737220957	0.0
93.0	26.163172334086994	23.913970410848233	23.73471872352601	26.18813853153876	0.0
94.0	26.286600725983362	23.704142144624413	23.762770630775186	26.24648649861704	0.0
95.0	26.25434103264681	23.730230418366144	23.65841753580826	26.357011013178788	0.0
96.0	26.347192845641576	23.733877166308538	23.83542507055055	26.08350491749934	0.0
97.0	26.200761889800887	23.69544605337717	23.79671343854669	26.30707861827526	0.0
98.0	26.21787355322288	23.69236034357976	23.833461437043105	26.25630466615425	0.0
99.0	26.22348393467272	23.815508216403632	23.699934358537035	26.26107349038661	0.0
100.0	26.279307230098574	23.725181075061293	23.61998642287689	26.37552527196324	0.0
101.0	26.244242346037105	23.714801869379098	23.75098882973053	26.289966954853263	0.0
102.0	26.27678255844615	23.834583513333072	23.736401837960962	26.15223209025982	0.0
103.0	26.16401389130447	23.818874445273533	23.744536891063223	26.27257477235877	0.0
104.0	26.300626679607948	23.681420099752582	23.65673442137331	26.36121879926616	0.0
105.0	26.17551517327663	23.8472068715952	23.820838078780977	26.156439876347193	0.0
106.0	26.34130194511925	23.641586391458755	23.694323977087205	26.32278768633479	0.0
107.0	26.282112420823488	23.744256371990733	23.81017835402629	26.163452853159484	0.0
108.0	26.190382684118696	23.73135249465611	23.79531084318423	26.28295397804097	0.0
109.0	26.273135810503756	23.786895271009474	23.68254217604255	26.257426742444217	0.0
110.0	26.375805791035734	23.609887736267186	23.72630315135126	26.28800332134582	0.0
111.0	26.28435657340343	23.704142144624413	23.828973131883235	26.182528150088924	0.0
112.0	26.288844878563296	23.77763814161725	23.6808590616076	26.25265791821186	0.0
113.0	26.312688999725093	23.78577319471951	23.688433076564873	26.213104728990523	0.0
114.0	26.11015422938606	23.789980980806885	23.772027760167415	26.327837029639646	0.0
115.0	26.334569487379444	23.66963829870793	23.731633013728604	26.26415920018402	0.0
116.0	26.295857855375587	23.75519661581791	23.68787203841989	26.26107349038661	0.0
117.0	26.22208133931026	23.722095365263883	23.857866596349886	26.19795669907597	0.0
118.0	26.174673616059156	23.907518472180925	23.734157685381028	26.18365022637889	0.0
119.0	26.279307230098574	23.70526422091438	23.757721287470336	26.25770726151671	0.0
120.0	26.248450132124486	23.733035609091065	23.657575978590785	26.36093828019367	0.0
121.0	26.34943699822151	23.739768066830862	23.82841209373825	26.082382841209373	0.0
122.0	26.2035670805258	23.689555152854844	23.801482262779047	26.305395503840305	0.0
123.0	26.2206787439478	23.694885015232188	23.82813157466576	26.25630466615425	0.0
124.0	26.233302102209926	23.816910811766093	23.6909577482173	26.258829337806677	0.0
125.0	26.279307230098574	23.7249005559888	23.617181232151975	26.378610981760648	0.0
126.0	26.238631964587274	23.715643426596575	23.753232982310468	26.292491626505686	0.0
127.0	26.270330619778836	23.83542507055055	23.740048585903356	26.15419572376726	0.0
128.0	26.165416486666928	23.815508216403632	23.742853776628273	26.276221520301164	0.0
129.0	26.295857855375587	23.681981137897566	23.66318636004062	26.358974646686228	0.0
130.0	26.16429441037696	23.848048428812675	23.82111859785347	26.166538562956898	0.0
131.0	26.34046038790177	23.63597601000892	23.6976902059571	26.325873396132206	0.0
132.0	26.266683871836445	23.743134295700767	23.818593926201043	26.171587906261745	0.0
133.0	26.186174898031318	23.72658367042375	23.790261499879374	26.296979931665554	0.0
134.0	26.268366986271396	23.78240696584961	23.68590840491245	26.263317642966545	0.0
135.0	26.369914890513407	23.612131888847124	23.721534327118903	26.296418893520567	0.0
136.0	26.280709825461035	23.707227854421824	23.82504586486835	26.18701645524879	0.0
137.0	26.28632020691087	23.77343035552987	23.68590840491245	26.25434103264681	0.0
138.0	26.304066696401772	23.78471783909942	23.69691512310614	26.214300341392672	0.0
139.0	26.10553186714542	23.792078096947936	23.768794883303414	26.333595152603234	0.0
140.0	26.32405745062837	23.6739789048474	23.73597396768402	26.265989676840217	0.0
141.0	26.283381956912027	23.755890933572708	23.695017953321365	26.265709156193896	0.0
142.0	26.224192100538602	23.71605700179533	23.862769299820467	26.196981597845603	0.0
143.0	26.168929533213642	23.904847396768403	23.73905969479354	26.187163375224415	0.0
144.0	26.2786131059246	23.69810368043088	23.75561041292639	26.267672800718135	0.0
145.0	26.24971947935368	23.72896095152603	23.65658662477558	26.364732944344706	0.0
146.0	26.34004712746858	23.747475314183124	23.82181328545781	26.090664272890486	0.0
147.0	26.202872531418315	23.687724416517057	23.794883303411133	26.314519748653503	0.0
148.0	26.21493491921005	23.695578994614003	23.831912028725313	26.25757405745063	0.0
149.0	26.2269973070018	23.819569120287255	23.689127019748653	26.264306552962296	0.0
150.0	26.28197935368043	23.728680430879713	23.61254488330341	26.376795332136442	0.0
151.0	26.23681552962298	23.70960502692998	23.76206238779174	26.291517055655294	0.0
152.0	26.266270197486534	23.84004712746858	23.740181777378815	26.153500897666067	0.0
153.0	26.15883078994614	23.806104129263915	23.741864901256733	26.293200179533216	0.0
154.0	26.29572486535009	23.680991921005386	23.66612432675045	26.357158886894076	0.0
155.0	26.167246409335725	23.851548473967686	23.82041068222621	26.160794434470375	0.0
156.0	26.343693895870736	23.63021768402154	23.69642055655296	26.329667863554757	0.0
157.0	26.27047800718133	23.74354802513465	23.81564183123878	26.17033213644524	0.0
158.0	26.191651705565526	23.733729802513466	23.7887118491921	26.285906642728907	0.0
159.0	26.26935592459605	23.779174147217237	23.682114003590666	26.26935592459605	0.0
160.0	26.366696588868944	23.618716337522443	23.72363105924596	26.29095601436266	0.0
161.0	26.277210502693	23.721386894075405	23.824899012567325	26.176503590664275	0.0
162.0	26.28394299820467	23.783381956912027	23.6840776481149	26.248597396768403	0.0
163.0	26.315154609387932	23.778679810030887	23.702097458756334	26.204068121824847	0.0
164.0	26.099506841936947	23.800907769904452	23.772575025667784	26.32701036249081	0.0
165.0	26.319436262546358	23.67523381527051	23.73414348150517	26.27118644067797	0.0
166.0	26.281285240603907	23.75686578133854	23.694028804021567	26.267820174035982	0.0
167.0	26.225180796570896	23.71759267051543	23.864866836102088	26.192359696811586	0.0
168.0	26.17047896363871	23.90554255802602	23.745644892531935	26.178333585803333	0.0
169.0	26.27960210728292	23.702724992846683	23.75462160357722	26.263051296293177	0.0
170.0	26.258843462990704	23.731618781523682	23.655036215418622	26.354501540066988	0.0
171.0	26.343280651260386	23.745083848091607	23.81998328087568	26.091652219772328	0.0
172.0	26.200775363416533	23.69262619292074	23.795858369941485	26.310740073721238	0.0
173.0	26.222936618809577	23.69711454844338	23.830923647462114	26.249025185284925	0.0
174.0	26.230230196533867	23.81633649201353	23.696553504003052	26.256879807449547	0.0
175.0	26.285493073906384	23.726849903780877	23.61604362681568	26.371613395497057	0.0
176.0	26.23696272981783	23.70917700391048	23.76079309242085	26.293067173850844	0.0
177.0	26.26192920741252	23.841302969608222	23.743120192550453	26.153647630428807	0.0
178.0	26.158416508171612	23.80567664764726	23.75097481471507	26.284932029466052	0.0
179.0	26.300080229354965	23.678319559692323	23.66934284864704	26.35225736230567	0.0
180.0	26.167954263657222	23.85617064727697	23.819141714215185	26.15673337485062	0.0
181.0	26.346646917902365	23.628386604502943	23.695431415122393	26.3295350624723	0.0
182.0	26.276796885081268	23.734985048165665	23.81801962533452	26.170198441418545	0.0
183.0	26.201336407856868	23.72544729268005	23.789967403318016	26.28324889614506	0.0
184.0	26.272589051778795	23.778185470071083	23.684210526315788	26.26501495183434	0.0
185.0	26.364600339992933	23.612677360173702	23.72769147044137	26.295030829391997	0.0
186.0	26.275955318420774	23.722361548258235	23.8278379030403	26.17384523028069	0.0
187.0	26.287737251667703	23.778185470071083	23.68140530411414	26.252671974147074	0.0
188.0	26.312777542450146	23.774605374259767	23.70166939241522	26.21094769087487	0.0
189.0	26.10273903432489	23.79683344741301	23.770183686980328	26.33024383128177	0.0
190.0	26.31846183193258	23.673964025628656	23.738203974461115	26.269370167977645	0.0
191.0	26.284237929061145	23.752791211750583	23.69360069121063	26.269370167977645	0.0
192.0	26.218034313670486	23.713517880586632	23.866403348332003	26.202044457410878	0.0
193.0	26.17371155421403	23.90820139364221	23.739887117225283	26.178199934918478	0.0
194.0	26.283676881473088	23.70117483364939	23.753913306926695	26.26123497795083	0.0
195.0	26.25338031171804	23.728105117876098	23.661620978691413	26.356893591714446	0.0
196.0	26.340623211660812	23.743253402753624	23.82039744611138	26.095725939474185	0.0
197.0	26.19699502911837	23.693881215004655	23.79346716188467	26.315656593992305	0.0
198.0	26.220559027816737	23.69360069121063	23.83610677857696	26.24973350239567	0.0
199.0	26.227291598873414	23.821239017493465	23.68686812015395	26.26460126347917	0.0
200.0	26.282554786296974	23.7261414513179	23.61028512438425	26.381018638000874	0.0
201.0	26.233182598548012	23.7132373567926	23.75924325901323	26.29433678564616	0.0
202.0	26.258710263804574	23.847047206544058	23.734837688932775	26.159404840718594	0.0
203.0	26.153794364838024	23.81534801781887	23.74661968828196	26.284237929061145	0.0
204.0	26.298544642556582	23.679855025303244	23.667792502160033	26.35380782998014	0.0
205.0	26.16529584039318	23.8593902534813	23.819275350935264	26.156038555190253	0.0
206.0	26.347916830305547	23.63104388514234	23.69303964362257	26.327999640929544	0.0
207.0	26.277785881798494	23.732874022374578	23.81394539884873	26.1753946969782	0.0
208.0	26.199239219470595	23.736240307902918	23.784490400475768	26.280030072150716	0.0
209.0	26.269370167977645	23.773830496302697	23.68518497738978	26.271614358329877	0.0
210.0	26.36166249621293	23.61224879094245	23.728385641670126	26.2977030711745	0.0
211.0	26.27133383453584	23.728105117876098	23.822641636463604	26.17791941112445	0.0
212.0	26.29040945252976	23.771025258362414	23.68069659668533	26.25786869242249	0.0
213.0	26.311522547163197	23.783996072655867	23.69450873132758	26.20997264885336	0.0
214.0	26.100080230255223	23.79079540162817	23.7700365244029	26.339087843713706	0.0
215.0	26.313840560601896	23.668766866587745	23.744228190555273	26.27316438225509	0.0
216.0	26.284385396971448	23.75376605306418	23.692050472124194	26.26979807784018	0.0
217.0	26.221828239927735	23.707198841991282	23.86709830169942	26.20387461638156	0.0
218.0	26.16347896340266	23.901602921952232	23.746472393498543	26.188445721146564	0.0
219.0	26.28775170138636	23.69962465705774	23.745911342762728	26.26671229879318	0.0
220.0	26.254088657237272	23.727116143112823	23.656984801135568	26.36181039851434	0.0
221.0	26.342734673496526	23.735531904150093	23.814359532532528	26.107373889820856	0.0
222.0	26.20078883733456	23.689245218445105	23.788831724052805	26.32113422016753	0.0
223.0	26.220145087720283	23.696819403378647	23.82530002188098	26.25773548702009	0.0
224.0	26.230524526332914	23.81407900716462	23.686159439398104	26.26923702710436	0.0
225.0	26.287190650650537	23.725994041641187	23.603404455864943	26.38341085184333	0.0
226.0	26.2423065917851	23.706918316623373	23.74927764717763	26.301497444413897	0.0
227.0	26.26306546901036	23.84269259469134	23.729921396791912	26.164320539506384	0.0
228.0	26.158990557516116	23.807346398334804	23.74142293687618	26.292240107272903	0.0
229.0	26.29560641168781	23.682232084247378	23.669047391955655	26.35311411210916	0.0
230.0	26.167125793185477	23.85952411676588	23.8135179564288	26.159832133619844	0.0
231.0	26.344978876439797	23.632018043391664	23.688403642341378	26.334599437827162	0.0
232.0	26.278774889613267	23.734129277310547	23.800613789504986	26.186482043571203	0.0
233.0	26.201069362702466	23.729360346056094	23.78462384353417	26.284946447707263	0.0
234.0	26.265590197321544	23.773963879553627	23.686439964766016	26.274005958358813	0.0
235.0	26.360127246306885	23.623041231618576	23.721505635754642	26.295325886319898	0.0
236.0	26.270639653943906	23.726555092377	23.825580547248887	26.177224706430202	0.0
237.0	26.288032226754265	23.775085981025263	23.682512609615287	26.25436918260518	0.0
238.0	26.30858438086475	23.788056879483158	23.689872725283543	26.21348601436855	0.0
239.0	26.09938508494356	23.802149958482012	23.759229336385467	26.339235620188962	0.0
240.0	26.3101049206082	23.672501823486506	23.740952701565394	26.276440554339896	0.0
241.0	26.284324397113778	23.75831809051429	23.688743505436918	26.268614006935014	0.0
242.0	26.213240863871263	23.712974340846475	23.87008265019274	26.203702145089526	0.0
243.0	26.163255572544784	23.89972926340006	23.74935121410636	26.187663949948796	0.0
244.0	26.28095602820165	23.696739639707882	23.752009494070414	26.270294838020046	0.0
245.0	26.250564644421313	23.735547207079307	23.651937747426484	26.361950401072892	0.0
246.0	26.3368620112061	23.741558248436505	23.81787420773092	26.103705532626474	0.0
247.0	26.197236843582	23.69642316023389	23.791820518288233	26.31451947789587	0.0
248.0	26.210966107259203	23.71145012893215	23.8264929613428	26.251090802465843	0.0
249.0	26.2241539441453	23.819758746762666	23.690405708369227	26.265681600722807	0.0
