# Position (bp)	A	C	G	T	N
0.0	26.17585129919234	23.698910100893677	23.783245858411508	26.34199274150247	0.0
1.0	26.236291925413457	23.786900407903946	23.77678011700181	26.200027549680787	0.0
2.0	26.270564723540968	23.750938113990337	23.729294735037257	26.249202427431438	0.0
3.0	26.21278724648109	23.79536358321716	23.776813419076316	26.215035751225436	0.0
4.0	26.23817473567056	23.837990365536275	23.6409728897208	26.28286200907236	0.0
5.0	26.266103828945297	23.760033275625606	23.625694179013873	26.348168716415227	0.0
6.0	26.350164546254216	23.581965393295057	23.692412323966423	26.375457736484304	0.0
7.0	26.335224638108805	23.703416432712547	23.790815509261208	26.170543419917436	0.0
8.0	26.12357419256936	23.860548375584163	23.664117847076447	26.35175958477003	0.0
9.0	26.309400369236997	23.73373348057853	23.763238719866017	26.19362743031846	0.0
10.0	26.142887249736564	23.80161573586231	23.80892167193537	26.246575342465757	0.0
11.0	26.203863716192483	23.796838777660696	23.810607657183	26.18868984896382	0.0
12.0	26.254162276080084	23.758061116965226	23.731085353003163	26.25669125395153	0.0
13.0	26.35728837372673	23.713382507903056	23.696522655426765	26.232806462943447	0.0
14.0	26.297716894977167	23.687249736564805	23.669546891464698	26.345486476993322	0.0
15.0	26.262311204776957	23.80358271865121	23.684439761152092	26.249666315419738	0.0
16.0	26.297997892518442	23.804144713733756	23.629645240604145	26.26821215314366	0.0
17.0	26.313733754829645	23.760309097295398	23.685282753775905	26.240674394099052	0.0
18.0	26.20245872848613	23.768739023533545	23.71422550052687	26.31457674745346	0.0
19.0	26.151598173515982	23.724622409553916	23.851071303126098	26.272708113804004	0.0
20.0	26.2116579932336	23.68521619890074	23.75996133484697	26.343164473018692	0.0
21.0	26.184401308320876	23.704042981263136	23.796209915813375	26.315345794602614	0.0
22.0	26.26055142802549	23.81756566894087	23.782722071732852	26.13916083130079	0.0
23.0	26.345974440535468	23.828243545504613	23.71977879935708	26.10600321460284	0.0
24.0	26.24593959693826	23.691117130685967	23.7383245849678	26.324618687407973	0.0
25.0	26.163326551945058	23.69561307871281	23.788904000269756	26.35215636907237	0.0
26.0	26.23807168789129	23.7771021366993	23.77597814969259	26.208848025716826	0.0
27.0	26.253526509233556	23.77569715294091	23.73101866942418	26.239757668401353	0.0
28.0	26.21130334357095	23.78012627958536	23.793614085765586	26.214956291078096	0.0
29.0	26.226196129561618	23.844474354903518	23.650587141062783	26.27874237447208	0.0
30.0	26.266940544064383	23.752869671262825	23.634289375261677	26.345900409411115	0.0
31.0	26.33269359919298	23.579495162654514	23.687116616134226	26.400694622018285	0.0
32.0	26.326511688027043	23.712968244646323	23.80204396462823	26.1584761026984	0.0
33.0	26.129814514565425	23.849251286259015	23.68262068074082	26.33831351843474	0.0
34.0	26.29953607566659	23.732637961992488	23.767200465329314	26.200625497011607	0.0
35.0	26.13318646611048	23.792490101917235	23.809630855604606	26.264692576367676	0.0
36.0	26.20259246874622	23.792490101917235	23.8121598192634	26.19275761007314	0.0
37.0	26.259634649050096	23.759894570315023	23.71774517600182	26.262725604633065	0.0
38.0	26.36585112271937	23.709877289063357	23.696951474807307	26.22732011340997	0.0
39.0	26.296164124121535	23.6806537090062	23.68346366862708	26.33971849824518	0.0
40.0	26.26722154002647	23.783498231130416	23.69048856767928	26.258791661163826	0.0
41.0	26.296164124121535	23.799234005007346	23.640471286427616	26.2641305844435	0.0
42.0	26.316957825316052	23.76354751782217	23.685711636323788	26.23378302053799	0.0
43.0	26.205121432405015	23.759894570315023	23.720274139660614	26.314709857619345	0.0
44.0	26.159038094622577	23.715778204267206	23.85571419338704	26.269469507723176	0.0
45.0	26.20673376831386	23.690702993722567	23.760389796503294	26.342173441460275	0.0
46.0	26.193526995206224	23.704190762002707	23.788770308926093	26.313511933864973	0.0
47.0	26.26967668695452	23.81434086962386	23.778935477888492	26.137046965533134	0.0
48.0	26.35032230146286	23.829233613766515	23.718240520627855	26.10220356414277	0.0
49.0	26.25085001039682	23.69744687786264	23.734819235805528	26.31688387593501	0.0
50.0	26.165989468300932	23.695198916482614	23.799448125481206	26.339363489735245	0.0
51.0	26.23764323728918	23.78286941030353	23.785960357201063	26.193526995206224	0.0
52.0	26.280073508337125	23.766852685470862	23.723017438560408	26.230056367631605	0.0
53.0	26.21228001652247	23.777463688500866	23.790951418881136	26.219304876095528	0.0
54.0	26.228858685114886	23.836191514531624	23.661694002736887	26.273255797616606	0.0
55.0	26.267354915575236	23.752174194037863	23.636404508273877	26.344066382113024	0.0
56.0	26.341537432666723	23.584139553050335	23.685297530902357	26.389025483380586	0.0
57.0	26.338165500071653	23.708058075919062	23.798257272837116	26.155519151172168	0.0
58.0	26.133601589304227	23.84012543589254	23.682768581456056	26.343504393347178	0.0
59.0	26.29938827522838	23.749926238974485	23.76678590194982	26.18389958384732	0.0
60.0	26.14512235900404	23.796571306539583	23.80724909309063	26.251057241365743	0.0
61.0	26.207784106395714	23.781678604244703	23.82214179538551	26.188395493974078	0.0
62.0	26.26145403353387	23.764818941269365	23.729413649021154	26.24431337617561	0.0
63.0	26.374694769851555	23.699628244431395	23.70300017702646	26.222676808690593	0.0
64.0	26.290677449357787	23.67686769941469	23.68810747473158	26.344347376495943	0.0
65.0	26.26201602229972	23.79629031215666	23.69063642417788	26.251057241365743	0.0
66.0	26.29348739318701	23.806968098707706	23.640619424017714	26.25892508408757	0.0
67.0	26.315123960672025	23.76538093003521	23.687826480348658	26.231668628944107	0.0
68.0	26.21761890979799	23.76200899744014	23.718173873704266	26.302198219057598	0.0
69.0	26.158891083767234	23.721545806299332	23.853332171889885	26.26623093804355	0.0
70.0	26.213330336068335	23.687478925480498	23.75688434303698	26.342306395414184	0.0
71.0	26.178487130493426	23.722884118242106	23.795942452512083	26.302686298752388	0.0
72.0	26.267000112397437	23.81280206811285	23.78610767674497	26.134090142744746	0.0
73.0	26.35270315836799	23.822074856693266	23.731594919635832	26.09362706530291	0.0
74.0	26.247049567269865	23.70040463077442	23.735809823536023	26.316735978419693	0.0
75.0	26.15713161739912	23.69028886141396	23.811678093739463	26.340901427447456	0.0
76.0	26.22934697088906	23.785264695964933	23.778239856131282	26.207148477014723	0.0
77.0	26.279363830504664	23.76278520849725	23.722041137462067	26.235809823536023	0.0
78.0	26.207355829617203	23.782949918652584	23.793065659588457	26.216628592141756	0.0
79.0	26.228430289900274	23.844487342679155	23.663527977048506	26.26355439037206	0.0
80.0	26.26439736878339	23.746139861358152	23.644420466391853	26.34504230346661	0.0
81.0	26.341670389821314	23.580073114327543	23.69696612069765	26.381290375153494	0.0
82.0	26.33295961290431	23.702023991165586	23.801495443701686	26.163520952228414	0.0
83.0	26.130925786990595	23.834652594547055	23.685726408546678	26.348695209915675	0.0
84.0	26.302893382900468	23.741643976497762	23.771710206501613	26.18375243410016	0.0
85.0	26.1483473408246	23.801495443701686	23.806272321365853	26.24388489410786	0.0
86.0	26.21185171447759	23.779858997811065	23.82453685361118	26.18375243410016	0.0
87.0	26.261587440745643	23.758222551920447	23.73096624995434	26.249223757379575	0.0
88.0	26.36611676374968	23.707924840044846	23.708486825652393	26.21747157055308	0.0
89.0	26.277604030560774	23.688255343780646	23.690222293407064	26.34391833225151	0.0
90.0	26.2674882896249	23.796999558841296	23.698090091912746	26.237422059621053	0.0
91.0	26.2981165052363	23.81020622061869	23.642453516765435	26.249223757379575	0.0
92.0	26.312166145425014	23.769462264071418	23.69134626462216	26.227025325881403	0.0
93.0	26.205950865598332	23.768057300052543	23.724222422663754	26.301769411685367	0.0
94.0	26.16633088026616	23.717759588176946	23.866966766981097	26.2489427645758	0.0
95.0	26.23004254219095	23.69043671778848	23.76180868939705	26.31771205062352	0.0
96.0	26.179744971647906	23.717692943166554	23.800866579371814	26.301695505813726	0.0
97.0	26.260389679725304	23.81604014813899	23.77923019427788	26.14433997785783	0.0
98.0	26.35086910829994	23.821940980437336	23.732304527905317	26.0948853833574	0.0
99.0	26.251116943256473	23.694932590015792	23.733709487976352	26.320240978751386	0.0
100.0	26.151926762241416	23.700552430299933	23.80761038771278	26.33991041974587	0.0
101.0	26.234538414418264	23.77726325017843	23.781197138377326	26.20700119702598	0.0
102.0	26.28483598496131	23.75787480119815	23.725279727550145	26.232009486290398	0.0
103.0	26.21901018031207	23.770171657539134	23.78927906081493	26.221539101333864	0.0
104.0	26.231373794196404	23.840138472475505	23.669014816667275	26.259472916660815	0.0
105.0	26.253853092167933	23.738700640379	23.654403272985785	26.353042994467284	0.0
106.0	26.351076055894772	23.58106456335369	23.689808167290934	26.3780512134606	0.0
107.0	26.335059556090062	23.701047816276695	23.80922943776466	26.154663189868582	0.0
108.0	26.134993804143498	23.829179814714387	23.69514700055917	26.340679380582944	0.0
109.0	26.306960433625658	23.73448577200934	23.76567579794483	26.192877996420172	0.0
110.0	26.14342354088282	23.78646914856849	23.817097192054693	26.253010118493997	0.0
111.0	26.21086143479739	23.77410553468415	23.822717016547575	26.192316013970885	0.0
112.0	26.274646442791592	23.7482543420169	23.73589072813256	26.241208487058948	0.0
113.0	26.369902467945927	23.700766825052053	23.713973412610322	26.215357294391694	0.0
114.0	26.277175363813388	23.68531230769663	23.69430402688524	26.343208301604744	0.0
115.0	26.26846463584942	23.79686582388032	23.699642860153478	26.23502668011678	0.0
116.0	26.31061331954603	23.800518709800695	23.640072720528938	26.248795250124342	0.0
117.0	26.311737284444607	23.762584894473747	23.694585018109883	26.231092802971762	0.0
118.0	26.208332513775595	23.757808043654798	23.722965131798933	26.310894310770678	0.0
119.0	26.16786977742685	23.71032052668995	23.8662706563674	26.255539039515796	0.0
120.0	26.22863758211992	23.694089613973173	23.75675083314132	26.320521970765594	0.0
121.0	26.176935051505833	23.70617227058407	23.809015347783816	26.307877330126278	0.0
122.0	26.271067376265165	23.81154427591168	23.78372606650519	26.133662281317964	0.0
123.0	26.345811252044214	23.814916180082164	23.735395440061595	26.103877127812027	0.0
124.0	26.25392686339854	23.69156068584531	23.733428495962144	26.321083954794005	0.0
125.0	26.16400941885232	23.68369290944751	23.822221972451544	26.330075699248628	0.0
126.0	26.242687182830267	23.77894920226367	23.779511186292083	26.19885242861398	0.0
127.0	26.297199633586416	23.748040080700903	23.729494607763247	26.225265677949434	0.0
128.0	26.21185171447759	23.766652336033676	23.80290040772056	26.218595541768174	0.0
129.0	26.23405014597576	23.833528623331958	23.677577617237223	26.25484361345506	0.0
130.0	26.24838077896825	23.741081990890216	23.66099904181454	26.349538188327	0.0
131.0	26.357761043048217	23.57002360346184	23.699280656401033	26.37293469708891	0.0
132.0	26.34567831853434	23.695627739687534	23.807744183432618	26.15094975834551	0.0
133.0	26.127346296504438	23.821512869506574	23.70602450264134	26.345116331347647	0.0
134.0	26.29172754861189	23.737214791502755	23.77093402270428	26.200123637181072	0.0
135.0	26.160222546925933	23.79257052939193	23.809430144992692	26.237776778689447	0.0
136.0	26.215578284815106	23.76194222771721	23.828818702933575	26.19366078453411	0.0
137.0	26.2588512981904	23.75295043273013	23.73328088119591	26.25491738788356	0.0
138.0	26.355794087894797	23.695065752500845	23.72906597729572	26.220074182308643	0.0
139.0	26.28048780487805	23.68719793188715	23.70293357311453	26.329380690120264	0.0
140.0	26.2734629650444	23.79397549735866	23.698999662807687	26.233561874789256	0.0
141.0	26.30605822187254	23.79622344610543	23.64532988647859	26.25238844554344	0.0
142.0	26.319900865181705	23.75948004799384	23.694008356772947	26.226610730051508	0.0
143.0	26.213403994054158	23.75610811539877	23.721826800682255	26.308661089864817	0.0
144.0	26.168725887169515	23.706091115238607	23.86176200337755	26.263420994214325	0.0
145.0	26.222750493146528	23.689579013032557	23.769943632368395	26.317726861452524	0.0
146.0	26.177510270373556	23.701099815105174	23.82164674410894	26.29974317041233	0.0
147.0	26.28063549868213	23.799448125481206	23.788208318581088	26.131708057255576	0.0
148.0	26.3627601671364	23.81159782733922	23.731232982182046	26.094409023342337	0.0
149.0	26.255212489743617	23.6944890917061	23.738043588216122	26.312254830334158	0.0
150.0	26.16669851296519	23.681563241128934	23.8184086591959	26.33332958670998	0.0
151.0	26.24678258719329	23.760804325102004	23.790027987276467	26.202385100428238	0.0
152.0	26.298204992750286	23.75040744528993	23.729613685665793	26.22177387629399	0.0
153.0	26.209483667017913	23.772953986652617	23.810326659641728	26.207235686687742	0.0
154.0	26.236740428521248	23.83702142606252	23.678538812785387	26.24769933263084	0.0
155.0	26.240955391640323	23.738391289076223	23.671232876712327	26.349420442571127	0.0
156.0	26.35342846063494	23.559743055126255	23.709515165479917	26.377313318758887	0.0
157.0	26.33488257079753	23.69490325227468	23.809831569600476	26.160382607327314	0.0
158.0	26.1249768176377	23.83062544608485	23.712606147119487	26.33179158915796	0.0
159.0	26.304534751063578	23.73030904196429	23.775268774903477	26.189887432068655	0.0
160.0	26.154200644048174	23.79634364971872	23.814608541225265	26.234847165007842	0.0
161.0	26.209276316898677	23.76234285168346	23.840460387665296	26.187920443752567	0.0
162.0	26.27109594969006	23.741267976868215	23.740424981875606	26.247211091566115	0.0
163.0	26.357643435597993	23.693779258951203	23.73087103862603	26.217706266824774	0.0
164.0	26.27053395302832	23.684506314032493	23.717945115406014	26.327014617533173	0.0
165.0	26.272500941344408	23.79437666140263	23.70389519886252	26.229227198390443	0.0
166.0	26.314931689305766	23.785665713145665	23.648819526012016	26.250583071536553	0.0
167.0	26.320906615562293	23.749764663236604	23.698341824190088	26.23098689701101	0.0
168.0	26.223118921637777	23.75791363773031	23.717168765261764	26.301798675370147	0.0
169.0	26.167200096663695	23.707052796924746	23.86272630966665	26.263020796744907	0.0
170.0	26.223192608578366	23.683515421275064	23.782708389533315	26.310583580613255	0.0
171.0	26.174860624044598	23.705995414081467	23.82120537721428	26.297938584659654	0.0
172.0	26.282764589515335	23.788609387644996	23.793948385936517	26.13467763690316	0.0
173.0	26.35393162128974	23.81761930587207	23.72910408546917	26.099344987369015	0.0
174.0	26.25200213561132	23.701913620142186	23.737319807794982	26.308764436451515	0.0
175.0	26.169387697754797	23.678028493551015	23.83117430522382	26.321409503470367	0.0
176.0	26.25593615646163	23.7558659060893	23.78705707140248	26.20114086604659	0.0
177.0	26.289375333689268	23.750245876303143	23.730294770562285	26.230084019445304	0.0
178.0	26.218636633143095	23.766329744934232	23.8124141186785	26.202619503244172	0.0
179.0	26.252075904335587	23.82562122578814	23.677533024792833	26.244769845083443	0.0
180.0	26.25095189521987	23.72979944867353	23.675285006561403	26.3439636495452	0.0
181.0	26.35499679656502	23.556206233772073	23.712443939887823	26.376353029775085	0.0
182.0	26.34150864927445	23.6823766115526	23.811638023087212	26.164476716085737	0.0
183.0	26.13244236627064	23.825969179583442	23.70485685703688	26.336731597109043	0.0
184.0	26.316218373104633	23.721155035012984	23.77398361190104	26.188642979981342	0.0
185.0	26.152955590275045	23.795901851248217	23.808546989333124	26.242595569143617	0.0
186.0	26.216181280699587	23.77229759348972	23.825126170377782	26.186394955432913	0.0
187.0	26.26619982690211	23.736048197646316	23.740825249811728	26.256926725639847	0.0
188.0	26.360335854867532	23.695864758843165	23.729304124001033	26.214495262288263	0.0
189.0	26.27996897726123	23.678723571661404	23.712724942956378	26.32858250812099	0.0
190.0	26.274067912821607	23.786347746917397	23.69614576191172	26.243438578349277	0.0
191.0	26.31116031787067	23.7826947070262	23.64809423718907	26.258050737914058	0.0
192.0	26.319664368991784	23.744545012603023	23.70632848789014	26.229462130515053	0.0
193.0	26.230024138231418	23.750446093624866	23.715601615210176	26.303928152933544	0.0
194.0	26.17803842446757	23.71110555347925	23.862566633039872	26.248289389013312	0.0
195.0	26.237684971309427	23.68250970871058	23.773555214603252	26.306250105376744	0.0
196.0	26.173053902311544	23.710048164196635	23.8193589721974	26.29753896129442	0.0
197.0	26.280959687073224	23.78254736333339	23.802779697976202	26.13371325161718	0.0
198.0	26.352127913675126	23.816334846079272	23.72950416590561	26.102033074339985	0.0
199.0	26.252163747948654	23.696693118719512	23.739687071465504	26.311456061866327	0.0
200.0	26.171514960771532	23.676741676595555	23.82736101432008	26.324382348312835	0.0
201.0	26.26537104062226	23.743902164871976	23.795045298203807	26.195681496301958	0.0
202.0	26.29262864465077	23.75036530809523	23.722826697839626	26.234179349414383	0.0
203.0	26.223574802662824	23.771788581560884	23.80241834638611	26.202218269390187	0.0
204.0	26.252237518370837	23.82236984457502	23.674279146750294	26.25111349030385	0.0
205.0	26.255890609588523	23.72429839573094	23.674841160783785	26.34496983389675	0.0
206.0	26.354598130736072	23.569529761536774	23.70862862570322	26.367243482023934	0.0
207.0	26.344762857512183	23.684461954353093	23.810072443812487	26.16070274432224	0.0
208.0	26.13456901832733	23.816816631166013	23.70441350860727	26.34420084189939	0.0
209.0	26.316662076872493	23.728018164344604	23.76258212453142	26.19273763425148	0.0
210.0	26.16070274432224	23.792368952009486	23.813725545295647	26.233202758372627	0.0
211.0	26.235169813017407	23.75808599962907	23.83058601367946	26.176158173674064	0.0
212.0	26.275634937138552	23.729704211182987	23.737010414149303	26.257650437529158	0.0
213.0	26.360218286864008	23.67378365771001	23.74122553124526	26.22477252418072	0.0
214.0	26.29923959287589	23.670692571839645	23.70609955544565	26.323968279838816	0.0
215.0	26.275634937138552	23.793492983235073	23.689520094868236	26.241351984758136	0.0
216.0	26.31806711590448	23.785343756849564	23.649054970747088	26.24753415649887	0.0
217.0	26.33162948454593	23.74101123753376	23.70110801689424	26.226251261026075	0.0
218.0	26.23889664784846	23.75393763295219	23.708414240391615	26.298751478807738	0.0
219.0	26.174826687948382	23.714315420908726	23.865498045585216	26.245359845557676	0.0
220.0	26.23925139099646	23.689091215646602	23.778733209689204	26.292924183667733	0.0
221.0	26.185578598325183	23.70257966616085	23.817512504917666	26.294329230596304	0.0
222.0	26.298263361996288	23.775923115832068	23.802337998089136	26.123475524082508	0.0
223.0	26.370837888039926	23.814769332797542	23.725127086851817	26.089265692310722	0.0
224.0	26.26300378240759	23.69006738642942	23.749641711019564	26.297287120143427	0.0
225.0	26.191345986320385	23.67152066273626	23.815960298770857	26.321173052172497	0.0
226.0	26.275368264869698	23.738963294347744	23.800223684728177	26.185444756054384	0.0
227.0	26.308527558745343	23.754418897425378	23.717044439074012	26.220009104755267	0.0
228.0	26.22120683308183	23.780057719814423	23.80478675422993	26.193948692873825	0.0
229.0	26.258581396459814	23.82473858881517	23.670463135472957	26.24621687925206	0.0
230.0	26.25296116136538	23.717392098511482	23.687323840756257	26.34232289936688	0.0
231.0	26.355323501641116	23.56571197338249	23.72251697315768	26.35644755181871	0.0
232.0	26.357571601996316	23.678116991142485	23.809068836832875	26.155242570028324	0.0
233.0	26.13781979227553	23.811878962276875	23.70846634593768	26.341834899509912	0.0
234.0	26.30755136909312	23.730104311856483	23.774223281327277	26.18812103772312	0.0
235.0	26.17519446068072	23.78012454475968	23.821433388786474	26.22324760577312	0.0
236.0	26.224652668495125	23.75623847848568	23.843633379794074	26.175475473225124	0.0
237.0	26.26427543725552	23.73460051256688	23.74218785126568	26.25893619891192	0.0
238.0	26.370498179038716	23.668281552088484	23.732352412211682	26.228867856661118	0.0
239.0	26.27888808956432	23.672215727710086	23.72336001079088	26.325536171934715	0.0
240.0	26.277614314338788	23.785476015838626	23.689084108262445	26.247825561560145	0.0
241.0	26.322904107895127	23.772788461808688	23.6564397867503	26.24786764354588	0.0
242.0	26.331454074319726	23.739650491548954	23.689343308582576	26.239552125548744	0.0
243.0	26.22619077732527	23.746687015348638	23.711273563295922	26.315848644030165	0.0
244.0	26.177827995795177	23.71002467803318	23.865456937113176	26.246690389058468	0.0
245.0	26.241019125468018	23.672685773395248	23.773878725868293	26.312416375268445	0.0
246.0	26.180845053002045	23.697577732114095	23.82913411723698	26.292443097646885	0.0
247.0	26.289290141937876	23.783941819244966	23.781692853066605	26.14507518575055	0.0
248.0	26.36212068815245	23.81289765714398	23.729676082513066	26.095305572190497	0.0
249.0	26.245515581596734	23.698253466638175	23.74183245425612	26.314398497508968	0.0
