# Position (bp)	A	C	G	T	N
0.0	26.179043534792477	23.849470214537448	23.625922419790825	26.34556383087925	0.0
1.0	26.34841520581224	23.73199356729815	23.653010481654256	26.266580745235352	0.0
2.0	26.160065686688185	23.717056871443397	23.777497747722062	26.34537969414636	0.0
3.0	26.146276383456673	23.797279268390024	23.76734665952085	26.289097688632452	0.0
4.0	26.342959599328413	23.775765298123492	23.645210668992707	26.236064433555388	0.0
5.0	26.30789841233646	23.650485990365706	23.71062907961121	26.33098651768663	0.0
6.0	26.306203594179767	23.7885676010774	23.73042226624293	26.174806538499908	0.0
7.0	26.164492491328474	23.789762897557722	23.71879462237182	26.326949988741983	0.0
8.0	26.2369042054743	23.80271092921716	23.711510619136106	26.248874246172438	0.0
9.0	26.1824285811997	23.91503841681676	23.658546316773442	26.243986685210096	0.0
10.0	26.210512816859264	23.757427223892506	23.742038443453357	26.290021515794876	0.0
11.0	26.147247830609427	23.81385275216939	23.815562616662632	26.223336800558556	0.0
12.0	26.38598371073735	23.690105042376018	23.779872672453592	26.144038574433036	0.0
13.0	26.318444255726604	23.776737929815962	23.690959972186285	26.21385784227115	0.0
14.0	26.297925940280305	23.728291907234418	23.733991439302834	26.239790713182447	0.0
15.0	26.173106187981965	23.75393980154229	23.807515402985416	26.265438607490328	0.0
16.0	26.25061982411244	23.705778755564168	23.656762779775782	26.386838640547612	0.0
17.0	26.22639681282167	23.588083418351353	23.800675964503316	26.384843804323665	0.0
18.0	26.33554285193186	23.684975463514448	23.767618678506494	26.211863006047203	0.0
19.0	26.308755051210298	23.69238485520339	23.6570477563792	26.341812337207116	0.0
20.0	26.152017919328824	23.774458116988594	23.82660883541461	26.24691512826797	0.0
21.0	26.281967250488737	23.612876382848967	23.845417291240388	26.259739075421905	0.0
22.0	26.299635799900827	23.76505388907571	23.610881546625023	26.324428764398444	0.0
23.0	26.320079109279664	23.674363862789857	23.757576793851364	26.247980234079115	0.0
24.0	26.367955042219165	23.781229784529803	23.686047870233423	26.164767303017612	0.0
25.0	26.18813531790474	23.841359676495482	23.626202954059053	26.34430205154072	0.0
26.0	26.349716591575543	23.716255304111915	23.65185077527664	26.2821773290359	0.0
27.0	26.159067787191475	23.707421054581413	23.79547857409513	26.338032584131977	0.0
28.0	26.135984748095648	23.799753210964727	23.771255631834077	26.293006409105544	0.0
29.0	26.342022245210266	23.78664432456463	23.64672121103312	26.22461221919198	0.0
30.0	26.30241061021866	23.66182492797237	23.707136078790107	26.328628383018867	0.0
31.0	26.301270707053437	23.78749925193855	23.748742544320862	26.16248749668716	0.0
32.0	26.176736286252485	23.786929300355936	23.721099892564126	26.315234520827456	0.0
33.0	26.24057086350515	23.79547857409513	23.706281151416185	26.257669410983535	0.0
34.0	26.181580874704697	23.9163083096091	23.64928599315488	26.252824822531323	0.0
35.0	26.210933381209266	23.749312495903474	23.755012011729605	26.284742111157655	0.0
36.0	26.151088465034896	23.825401032182317	23.807447557330004	26.216062945452784	0.0
37.0	26.378993924333443	23.692249820465765	23.78401176376714	26.144744491433652	0.0
38.0	26.324563703306847	23.767483214973726	23.70079906984167	26.20715401187776	0.0
39.0	26.3020506799503	23.721032293364644	23.73015149269894	26.246765533986117	0.0
40.0	26.191480388021933	23.751524616138703	23.800255337581362	26.256739658258006	0.0
41.0	26.257594583195598	23.712768018967935	23.653778198274193	26.375859199562278	0.0
42.0	26.223397585691977	23.583674353391775	23.8056698621861	26.38725819873015	0.0
43.0	26.32798340305721	23.681135796277086	23.78714648853831	26.2037343121274	0.0
44.0	26.31230977920139	23.680280871339495	23.666317097358853	26.341092252100268	0.0
45.0	26.156998415539118	23.767768189952925	23.83815700981454	26.237076384693424	0.0
46.0	26.276687906801783	23.621006075666557	23.84357153441928	26.258734483112384	0.0
47.0	26.301195755012706	23.76178371538979	23.618726275832984	26.318294253764517	0.0
48.0	26.31679438258922	23.692182303674173	23.758866258773644	26.23215705496297	0.0
49.0	26.387752950195065	23.76969527712313	23.686197846165243	26.156353926516562	0.0
50.0	26.180006782385178	23.841793741397343	23.63661234109128	26.341587135126197	0.0
51.0	26.35099128264023	23.713840340373146	23.66112011946117	26.274048257525457	0.0
52.0	26.17088760903824	23.70785588286422	23.79904761633358	26.32220889176396	0.0
53.0	26.1412502956607	23.801612383837405	23.76998025129022	26.287157069211673	0.0
54.0	26.348996463470588	23.778814450470065	23.655420636119338	26.216768449940016	0.0
55.0	26.298271061728258	23.660265196959894	23.713555366206055	26.327908375105796	0.0
56.0	26.307960183409374	23.780809269639708	23.76057610377619	26.150654443174727	0.0
57.0	26.19482543907395	23.776249682966238	23.705291115360392	26.323633762599417	0.0
58.0	26.243271047479546	23.783089062976444	23.717545004545336	26.256094884998678	0.0
59.0	26.185136317392825	23.90306318732207	23.649151204443317	26.262649290841782	0.0
60.0	26.209359121595625	23.761431026277467	23.747752266257063	26.281457585869838	0.0
61.0	26.148944598172175	23.81244140218689	23.827260058875662	26.21135394076527	0.0
62.0	26.394802086004958	23.689835000427458	23.785301074349547	26.130061839218033	0.0
63.0	26.320139066997232	23.77532700692485	23.695534467527285	26.208999458550625	0.0
64.0	26.309595052862555	23.70721837508193	23.744834857940784	26.23835171411473	0.0
65.0	26.189051323701236	23.751674218460575	23.795275141774244	26.263999316063945	0.0
66.0	26.25602006212419	23.708643241856887	23.65535322447351	26.37998347154541	0.0
67.0	26.221538286170244	23.589524379470518	23.808383916103846	26.380553418255392	0.0
68.0	26.326408480807046	23.688980080362487	23.774187113504887	26.210424325325583	0.0
69.0	26.31871420022228	23.684420506682624	23.65079365079365	26.346071642301442	0.0
70.0	26.160838961557094	23.75680373885042	23.847710239092645	26.234647060499842	0.0
71.0	26.283092530848368	23.622011341939526	23.840870878572854	26.254025248639252	0.0
72.0	26.295061411758002	23.76164828588527	23.61830668832464	26.32498361403209	0.0
73.0	26.33174793608636	23.68406804004434	23.765000242226662	26.21918378164264	0.0
74.0	26.396436703323634	23.768704885284304	23.67779864410064	26.157059767291425	0.0
75.0	26.180712488351748	23.84536249932319	23.629638284351305	26.34428672797376	0.0
76.0	26.34001213983033	23.731943427250783	23.651866142697152	26.276178290221736	0.0
77.0	26.17159336697909	23.712850266876785	23.788367990744092	26.32718837540003	0.0
78.0	26.12913245808766	23.804041480603345	23.77155461071326	26.295271450595735	0.0
79.0	26.345711590688236	23.773834391056422	23.65642570338348	26.224028314871862	0.0
80.0	26.294131560424155	23.657850566097956	23.727668839107352	26.320349034370537	0.0
81.0	26.308095215026032	23.790362798544358	23.754456258139527	26.147085728290083	0.0
82.0	26.186981884295445	23.779818814457226	23.716839882477323	26.316359418770002	0.0
83.0	26.246541145760606	23.790077826001465	23.704301090589922	26.259079937648007	0.0
84.0	26.183562213780704	23.908911376388886	23.65443089558321	26.253095514247203	0.0
85.0	26.212059468070255	23.755881120854006	23.755881120854006	26.276178290221736	0.0
86.0	26.15449501440536	23.813445574518894	23.8256993938634	26.206360017212344	0.0
87.0	26.402345887287982	23.67659128214481	23.78773025715849	26.13333257340872	0.0
88.0	26.31286476381543	23.779466076965164	23.703378624840415	26.204290534378988	0.0
89.0	26.306880357468536	23.710217946379718	23.75353364946197	26.229368046689768	0.0
90.0	26.193746580339226	23.740424949844975	23.802548787160312	26.263279682655483	0.0
91.0	26.257580248039396	23.69425952945468	23.6626276673354	26.385532555170528	0.0
92.0	26.223953583804487	23.579700893671347	23.8082482217764	26.388097300747766	0.0
93.0	26.319704085354733	23.691409812146635	23.776901331387926	26.211984771110707	0.0
94.0	26.317994254969907	23.68656529272296	23.653508571949665	26.341931880357468	0.0
95.0	26.162969633412363	23.73615037388291	23.854413642166698	26.24646635053803	0.0
96.0	26.292346799197517	23.609337953674995	23.849569122743024	26.24874612438446	0.0
97.0	26.29377165785154	23.77262675542586	23.621591738099582	26.31200984862302	0.0
98.0	26.32418861655168	23.692767153112023	23.761445144523	26.221599085813292	0.0
99.0	26.39372152071881	23.77968328332094	23.685072938306647	26.141522257653605	0.0
100.0	26.177428593412046	23.83496764155218	23.640617474986676	26.346986290049102	0.0
101.0	26.34926605739884	23.72382898325226	23.65258625357282	26.27431870577607	0.0
102.0	26.17001934952538	23.69989142607997	23.795071712931694	26.335017511462954	0.0
103.0	26.1318332464172	23.80105610222477	23.775693690458887	26.291416960899138	0.0
104.0	26.349835999236277	23.77654860321504	23.64945157346693	26.224163824081753	0.0
105.0	26.30880018694092	23.661990293890508	23.722974070496107	26.30623544867246	0.0
106.0	26.313929663477843	23.788232410882472	23.755745726148646	26.14209219949104	0.0
107.0	26.20165112150305	23.76970930116582	23.711575233747396	26.317064343583734	0.0
108.0	26.250666119522503	23.78424281802042	23.70758564088535	26.257505421571732	0.0
109.0	26.19310199394152	23.903645632963155	23.656290875516152	26.246961497579175	0.0
110.0	26.19937135415331	23.758025493498387	23.75261104604275	26.289992106305554	0.0
111.0	26.141807228572322	23.816444531835526	23.826988455828083	26.21475978376407	0.0
112.0	26.390511635329457	23.68016095111623	23.804122947502808	26.12520446605151	0.0
113.0	26.30445066312544	23.772776235772866	23.700678798794005	26.222094302307685	0.0
114.0	26.30986509515152	23.69896897815419	23.752543358201724	26.238622568492566	0.0
115.0	26.196446992710463	23.727465988817773	23.805832768142622	26.27025425032914	0.0
116.0	26.26142017702343	23.692414665701566	23.665057535464527	26.38110762181047	0.0
117.0	26.212975258895344	23.58469596539323	23.81951133326114	26.382817442450285	0.0
118.0	26.32468354069658	23.699538918367463	23.77933054822549	26.196446992710463	0.0
119.0	26.32012401899041	23.684720472822402	23.648529269279653	26.34662623890754	0.0
120.0	26.149996865328827	23.743139344682742	23.848578284137993	26.258285505850438	0.0
121.0	26.281083114381303	23.619747288509434	23.845728583071633	26.253441014037627	0.0
122.0	26.29476167949982	23.756532939694626	23.63314088352132	26.31556449728423	0.0
123.0	26.33530248238167	23.687637676575104	23.75546075522993	26.221599085813292	0.0
124.0	26.399990880930602	23.768569417490944	23.688777560249978	26.142662141328476	0.0
125.0	26.1799933316805	23.836107525227053	23.641187416824113	26.342711726268337	0.0
126.0	26.34926605739884	23.719269448552772	23.64489203876744	26.286572455280936	0.0
127.0	26.17144420411897	23.693907036786896	23.80105610222477	26.333592656869364	0.0
128.0	26.139242490303864	23.789087323638622	23.77939831240222	26.29227187365529	0.0
129.0	26.350196060550797	23.766357377348168	23.661487780412184	26.22195878168886	0.0
130.0	26.296906346890385	23.647239193871968	23.740424949844975	26.31542950939267	0.0
131.0	26.312579792084623	23.783455681196426	23.749829016961517	26.15413550975743	0.0
132.0	26.194316523800836	23.776046416195513	23.706798285610066	26.32283877439358	0.0
133.0	26.25444555900055	23.78915511581251	23.7022387379172	26.25416058726974	0.0
134.0	26.186052343607514	23.913687762173993	23.651228798103226	26.249031096115267	0.0
135.0	26.20144081707095	23.758093197154842	23.758948112347255	26.281517873426957	0.0
136.0	26.131052799562283	23.82278178004742	23.83076098850994	26.21540443188036	0.0
137.0	26.384467856522026	23.67580383630037	23.814870437233374	26.12485786994423	0.0
138.0	26.307240297397342	23.774689308685108	23.696606831931742	26.221463561985804	0.0
139.0	26.308095215026032	23.692047271245414	23.76386035205508	26.235997161673474	0.0
140.0	26.193325924026105	23.732011056966172	23.799834715454104	26.274828303553615	0.0
141.0	26.27055370322875	23.689835000427458	23.663047505058277	26.376563791285513	0.0
142.0	26.214128978940472	23.577555498560884	23.816078196688608	26.392237325810036	0.0
143.0	26.324128693967115	23.703798694822034	23.773617166794907	26.19845544441595	0.0
144.0	26.3105249509132	23.67109421530938	23.667104576970097	26.35127625680732	0.0
145.0	26.162053409858398	23.734073506236662	23.85946213975703	26.244410944147912	0.0
146.0	26.269203696684894	23.616664149394857	23.864591674764682	26.249540479155563	0.0
147.0	26.297416139226982	23.7534517495989	23.626638245243072	26.32249386593105	0.0
148.0	26.33966737720428	23.688260170757008	23.756939140743444	26.21513331129527	0.0
149.0	26.400727258219415	23.76612606759056	23.68804270077257	26.14510397341746	0.0
150.0	26.175881358878563	23.83024562063453	23.648716041572268	26.34515697891464	0.0
151.0	26.352851325279918	23.72166984414674	23.644156428911366	26.281322401661978	0.0
152.0	26.180440971539472	23.669519274337645	23.812862097364828	26.337177656758058	0.0
153.0	26.135984748095648	23.802602968877796	23.776955147660207	26.284457135366353	0.0
154.0	26.344662103241323	23.767048725299652	23.654482966948414	26.233806204510614	0.0
155.0	26.293366314625572	23.65590784996552	23.737696135147303	26.31302970026161	0.0
156.0	26.309894957623982	23.773033233971493	23.764198959265446	26.152872849139086	0.0
157.0	26.203313707944574	23.786712110935692	23.7034989427368	26.30647523838293	0.0
158.0	26.2568893093877	23.78500225131517	23.70321396613338	26.254894473163752	0.0
159.0	26.1967592460659	23.910391956820344	23.65647780317236	26.2363709939414	0.0
160.0	26.208728263409576	23.757644497386764	23.765623842282547	26.268003396921113	0.0
161.0	26.136059229537256	23.80295577733068	23.82974357805224	26.231241415079822	0.0
162.0	26.386913837078414	23.669369202490703	23.817842435986947	26.125874524443937	0.0
163.0	26.315954460609	23.772531026916116	23.695017169889287	26.216497342585598	0.0
164.0	26.295151109274588	23.695017169889287	23.761701885125603	26.24812983571052	0.0
165.0	26.188929165811732	23.73925632081709	23.807651095456308	26.264163417914872	0.0
166.0	26.26587328728085	23.688815174520666	23.676846088958804	26.368465449239682	0.0
167.0	26.21657205389508	23.571974101178668	23.831019310124706	26.380434534801537	0.0
168.0	26.32771356268381	23.717312997287006	23.77202881699838	26.182944623030803	0.0
169.0	26.326078716910374	23.67862343724619	23.662094652938276	26.333203192905163	0.0
170.0	26.16449560134852	23.74359865831868	23.861864959832204	26.230040780500595	0.0
171.0	26.26309834911642	23.6136482161737	23.85958512751387	26.263668307196003	0.0
172.0	26.297865791971	23.760412421666384	23.629892021441822	26.31182976492079	0.0
173.0	26.341542652934436	23.68439051359069	23.760765113906444	26.213301719568427	0.0
174.0	26.410583041940605	23.754848233547353	23.690442603469357	26.14412612104269	0.0
175.0	26.182883491355113	23.826378380226902	23.65140025249287	26.339337875925118	0.0
176.0	26.350452121823537	23.725210244484913	23.63401643198509	26.290321201706462	0.0
177.0	26.180603646042616	23.675623608938135	23.81184436635974	26.33192837865951	0.0
178.0	26.142416237058313	23.796170429836337	23.782776338625425	26.278636994479925	0.0
179.0	26.34739241949273	23.7603305785124	23.659447135936166	26.232829866058704	0.0
180.0	26.29809062410943	23.650327728697633	23.7252778569393	26.326303790253636	0.0
181.0	26.30151040182388	23.767455115417498	23.772299800512968	26.158734682245655	0.0
182.0	26.20205186662867	23.784838985465946	23.709603875748076	26.303505272157306	0.0
183.0	26.25648332858364	23.784838985465946	23.70219435736677	26.25648332858364	0.0
184.0	26.183243089199205	23.897406668566543	23.670276432031915	26.24907381020234	0.0
185.0	26.21259618124822	23.749501282416645	23.768595041322314	26.26930749501282	0.0
186.0	26.144770589911655	23.800227985180964	23.816756910800798	26.238244514106583	0.0
187.0	26.39021484814719	23.678893356777877	23.819959589511512	26.110932205563426	0.0
188.0	26.313839594869176	23.77122761820353	23.709101479343058	26.205831307584234	0.0
189.0	26.298735533586587	23.692857488907066	23.759543344381147	26.248863633125204	0.0
190.0	26.187382088242167	23.736812407024264	23.816607675164864	26.25919782956871	0.0
191.0	26.260337761970714	23.691215110943922	23.672121243210277	26.376325883875083	0.0
192.0	26.226424773010958	23.55755803680842	23.826297100581936	26.38972008959869	0.0
193.0	26.341557945613825	23.708029113873547	23.77072539598402	26.17968754452861	0.0
194.0	26.338213207864413	23.66392417148052	23.656799573664067	26.341063046990996	0.0
195.0	26.161808165929035	23.748564393539983	23.85885316773868	26.230774272792303	0.0
196.0	26.266682245787226	23.61975166501851	23.858568183826023	26.254997905368242	0.0
197.0	26.30373015443278	23.753124136142514	23.62887115022357	26.314274559201134	0.0
198.0	26.337433313574394	23.68935525055857	23.753476813642788	26.21973462222425	0.0
199.0	26.410749654455035	23.7595292038929	23.687997834109918	26.141723307542144	0.0
200.0	26.187320993459583	23.82992063152795	23.66605394776215	26.316704427250315	0.0
201.0	26.349477764003478	23.723336040695937	23.64752988785819	26.279656307442394	0.0
202.0	26.17521580652792	23.67131860709675	23.81381218776094	26.339653398614395	0.0
203.0	26.143880258429302	23.802684039682063	23.77162008498414	26.281815616904492	0.0
204.0	26.351713367228292	23.75202343767812	23.659401290440254	26.236861904653335	0.0
205.0	26.300984929664168	23.648856615216253	23.730649096007845	26.319509359111738	0.0
206.0	26.29828491304868	23.78293804825499	23.76412852037414	26.154648518322187	0.0
207.0	26.197051438798685	23.78941128524323	23.709042615344718	26.304494660613365	0.0
208.0	26.261175377547502	23.781146422026715	23.70704764836142	26.250630552064365	0.0
209.0	26.190075837677163	23.89442574548066	23.661583271821502	26.253915145020677	0.0
210.0	26.20675503521157	23.756907651925594	23.7722975726675	26.26403974019534	0.0
211.0	26.157735287663268	23.79908743469971	23.819892327554513	26.22328495008251	0.0
212.0	26.40007524068469	23.671460410289733	23.816526730393246	26.111937618632332	0.0
213.0	26.306459335598163	23.764221710481316	23.71890603980939	26.21041291411113	0.0
214.0	26.31088437312965	23.69054065608345	23.759512069997434	26.239062900789467	0.0
215.0	26.186845727868395	23.729504342101137	23.81871193358167	26.264937996448793	0.0
216.0	26.265522440382718	23.686168105499867	23.682462955626555	26.365846498490864	0.0
217.0	26.2165004574435	23.56760330955387	23.825538743042156	26.39035748996047	0.0
218.0	26.3440507779434	23.694853517489832	23.78320759503051	26.17788810953626	0.0
219.0	26.344695890098613	23.666704668528755	23.648463774724963	26.34013566664767	0.0
220.0	26.15573163084991	23.75334891409679	23.859659123297043	26.231260331756257	0.0
221.0	26.261621510696635	23.620097019306957	23.87062572322706	26.24765574676935	0.0
222.0	26.319479675538254	23.741228645206895	23.630357580559657	26.308934098695197	0.0
223.0	26.32983044180896	23.6765825003634	23.775199299991733	26.218387757835902	0.0
224.0	26.419686933521824	23.75246542701766	23.688620842976526	26.13922679648399	0.0
225.0	26.199081094022553	23.8171650724522	23.676935003933284	26.306818829591965	0.0
226.0	26.355707567336466	23.706712270200942	23.64543252102038	26.29214764144221	0.0
227.0	26.184707820525244	23.667934079339652	23.81130182473222	26.336056275402886	0.0
228.0	26.137678639631062	23.80503126727966	23.779664012130677	26.277626080958598	0.0
229.0	26.352243026082895	23.75421484823696	23.66072573772314	26.23281638795701	0.0
230.0	26.30663858192981	23.64162887673404	23.73312279281616	26.318609748519993	0.0
231.0	26.304658262051824	23.76731207191903	23.76417673063713	26.16385293539202	0.0
232.0	26.195776410262255	23.80180082601991	23.710875928844853	26.291546834872975	0.0
233.0	26.27358988025847	23.787264243712926	23.69149381910221	26.247652056926395	0.0
234.0	26.199766844621035	23.89472094037436	23.662135623462614	26.24337659154199	0.0
235.0	26.207042016663006	23.760891810156853	23.779418932438713	26.252647240741428	0.0
236.0	26.169851924693944	23.790670828167087	23.81432867302293	26.225148574116037	0.0
237.0	26.40166004435146	23.668458587252093	23.810406060986107	26.119475307410344	0.0
238.0	26.321850219762055	23.769931078515764	23.699242376736578	26.208976324985606	0.0
239.0	26.326410781167166	23.687270903048166	23.753114008334425	26.233204307450247	0.0
240.0	26.18229809503992	23.72805504801594	23.826395797286935	26.263251059657204	0.0
241.0	26.265874203617397	23.681532475306792	23.68267270991006	26.36992061116575	0.0
242.0	26.22168501593564	23.55538704509302	23.835044728124842	26.387883210846496	0.0
243.0	26.355716216139168	23.693888372570374	23.785970453910497	26.164424957379968	0.0
244.0	26.359079919715356	23.67541738892437	23.63550314752304	26.32999954383724	0.0
245.0	26.16530377162669	23.74345639306121	23.85665081374528	26.23458902156682	0.0
246.0	26.26155192914722	23.613697216131214	23.860632622277222	26.264118232444346	0.0
247.0	26.31798077389219	23.7340626060473	23.640241937553647	26.307714682506866	0.0
248.0	26.32102864249083	23.674978180137934	23.775092841373883	26.228900335997352	0.0
249.0	26.413668192643936	23.747058571856417	23.711690126784465	26.127583108715186	0.0
