# Position (bp)	A	C	G	T	N
0.0	26.277301231578555	23.810709552962457	23.669319869829902	26.242669345629082	0.0
1.0	26.194871618740144	23.79554021448872	23.626387779809896	26.383200386961235	0.0
2.0	26.24949917005323	23.784271077786045	23.654341480167133	26.31188827199359	0.0
3.0	26.276599397900664	23.62610318105333	23.688487998076944	26.40880942296906	0.0
4.0	26.250275422576923	23.807670626074863	23.698073901958146	26.243980049390064	0.0
5.0	26.208591695590837	23.75692820986789	23.776099714716562	26.258380379824708	0.0
6.0	26.345305914567675	23.575865611042282	23.64711167319517	26.43171680119487	0.0
7.0	26.2802208806615	23.674000743898603	23.682298074447083	26.36348030099282	0.0
8.0	26.18217919227292	23.788352158936153	23.73713965278493	26.292328996006	0.0
9.0	26.278462326307928	23.733124297292736	23.750861844533258	26.237551531866078	0.0
10.0	26.220330303784507	23.77637981788378	23.799838080770805	26.203451797560913	0.0
11.0	26.17255554888044	23.833595093217987	23.71115440400278	26.282694953898794	0.0
12.0	26.04410725575514	23.820149503514447	23.824154572787844	26.311588667942566	0.0
13.0	26.222543898294415	23.84783068904159	23.78231938619628	26.14730602646771	0.0
14.0	26.16017942659015	23.781461159521452	23.769159910515565	26.289199503372828	0.0
15.0	26.337260197163275	23.660165122812238	23.63041326475149	26.372161415273006	0.0
16.0	26.286624823348344	23.66331195395328	23.669319540677083	26.380743682021297	0.0
17.0	26.22797933390167	23.67790180742538	23.752853603693808	26.341265254979145	0.0
18.0	26.276612178808666	23.63670692703357	23.82523071993775	26.261450174220013	0.0
19.0	26.411353766756875	23.80663580864978	23.660451198370513	26.12155922622283	0.0
20.0	26.35234681412866	23.77538555723068	23.726180701970197	26.146086926670463	0.0
21.0	26.23648654447461	23.728755374629177	23.87150666983256	26.163251411063655	0.0
22.0	26.394971950371755	23.73533509364657	23.723892104051103	26.145800851930574	0.0
23.0	26.332035507596714	23.670682202432207	23.724750328270762	26.272531961700313	0.0
24.0	26.308863453665904	23.768519763473407	23.757648923357717	26.164967859502973	0.0
25.0	26.282544577596344	23.814005647115366	23.666963230813682	26.23648654447461	0.0
26.0	26.20587654730675	23.787972845785692	23.635781084166048	26.37036952274151	0.0
27.0	26.242494114012228	23.793122191103645	23.658667063356972	26.305716631527154	0.0
28.0	26.271673737480654	23.633778560986844	23.68469986468665	26.409847836845856	0.0
29.0	26.252792804648145	23.81028667549684	23.703580797519162	26.233339722335856	0.0
30.0	26.199868977769132	23.765945090814427	23.781679201508187	26.252506729908255	0.0
31.0	26.34433672141184	23.578280061448854	23.650943045380036	26.426440171759275	0.0
32.0	26.28540532499521	23.671540426651866	23.681553042547897	26.361501205805027	0.0
33.0	26.184707016555148	23.78482602364694	23.737051542085887	26.29341541771203	0.0
34.0	26.274248410139634	23.732760420987585	23.74649200850214	26.24649916037064	0.0
35.0	26.226187853838695	23.75822107283749	23.810572750236727	26.20501832308709	0.0
36.0	26.16410963528331	23.83088405676867	23.71616808607417	26.288838221873846	0.0
37.0	26.042813945571417	23.82516256197094	23.82687901041026	26.305144482047382	0.0
38.0	26.23469504519968	23.839684174390662	23.786474424991418	26.13914635541824	0.0
39.0	26.1520196818858	23.790193385970934	23.771026433230347	26.28676049891292	0.0
40.0	26.34540565282069	23.65917152992333	23.634283098752718	26.361139718503264	0.0
41.0	26.291623755578442	23.66289049090285	23.670042338940384	26.375443414578324	0.0
42.0	26.216672388145096	23.681199221878934	23.762158141663807	26.339970248312163	0.0
43.0	26.27217072891635	23.64086279894725	23.833676622039135	26.253289850097268	0.0
44.0	26.415779837510012	23.803066712438493	23.665465156196362	26.115688293855133	0.0
45.0	26.35362640569171	23.777538112089164	23.7257588804243	26.143076601794824	0.0
46.0	26.235764287205953	23.726044953527424	23.865076481644117	26.173114277622506	0.0
47.0	26.386238739447478	23.733768927311687	23.72947783076487	26.150514502475964	0.0
48.0	26.334745580885738	23.673407502553204	23.724614588011818	26.26723232854924	0.0
49.0	26.313290098151683	23.767811626583057	23.76380660313937	26.155091672125895	0.0
50.0	26.28268027611776	23.807289714813724	23.673979648759445	26.236050360309072	0.0
51.0	26.214022731368775	23.784976012770304	23.637076218456865	26.36392503740406	0.0
52.0	26.250640088568232	23.78325957415158	23.65481275085035	26.311287586429838	0.0
53.0	26.284682787839603	23.617909320547774	23.685994719090516	26.411413172522106	0.0
54.0	26.25350081959944	23.80900615343245	23.71259951768075	26.224893509287362	0.0
55.0	26.210875927234444	23.76123194521128	23.78068491622349	26.24720721133078	0.0
56.0	26.354770698104197	23.58043374403895	23.64365589982864	26.421139658028213	0.0
57.0	26.281822056808394	23.673693575656323	23.682847914956188	26.36163645257909	0.0
58.0	26.188848298294147	23.775535600367316	23.744925778333396	26.29069032300514	0.0
59.0	26.27781703336471	23.72861961145551	23.748644728673966	26.24491862650582	0.0
60.0	26.236050360309072	23.76580911486121	23.800996106545067	26.197144418284644	0.0
61.0	26.159954914878945	23.840474194775734	23.72203993008373	26.277530960261586	0.0
62.0	26.058112890167955	23.818732638938556	23.82359588169161	26.299558589201883	0.0
63.0	26.225104559420075	23.849560306898347	23.786624404254468	26.13871072942711	0.0
64.0	26.153300415949104	23.78919905481717	23.77460936829518	26.282891160938547	0.0
65.0	26.34611313586717	23.656461514695533	23.630142864499	26.367282484938293	0.0
66.0	26.29605048603681	23.661896888105687	23.6753422854887	26.366710340368805	0.0
67.0	26.21366166803028	23.67248156264125	23.768315778030793	26.345540991297682	0.0
68.0	26.275453281535178	23.621560695956653	23.844697078057685	26.258288944450488	0.0
69.0	26.408190821656817	23.81008233160355	23.659894382112473	26.12183246462716	0.0
70.0	26.350328839150595	23.782265285513628	23.71818527704591	26.149220598289862	0.0
71.0	26.230464894740003	23.732202778898223	23.86122101023278	26.176111316128996	0.0
72.0	26.37950812872072	23.733060993297343	23.74021277995669	26.14721809802525	0.0
73.0	26.337169551697404	23.672413842426117	23.726767421037124	26.263649184839355	0.0
74.0	26.320291335181356	23.766531354863073	23.758235282338234	26.154942027617338	0.0
75.0	26.282529901620023	23.80457885989078	23.671841699493367	26.24104953899583	0.0
76.0	26.20557667716549	23.78483992871099	23.64666741045248	26.362915983671044	0.0
77.0	26.250203825919794	23.78712850044198	23.664117769901278	26.29854990373695	0.0
78.0	26.27251740029694	23.62349562167621	23.696157774135134	26.407829203891716	0.0
79.0	26.25392275498265	23.808869931886385	23.71189170478569	26.22531560834528	0.0
80.0	26.215589178488568	23.758235282338234	23.786842428975607	26.239333110197588	0.0
81.0	26.350900982083342	23.58458990224938	23.65067241098171	26.41383670468557	0.0
82.0	26.270800971498698	23.688433844543045	23.675560628556227	26.365204555402034	0.0
83.0	26.174967030263502	23.769964212459556	23.754230281809	26.30083847546794	0.0
84.0	26.276522400826174	23.735349565028336	23.74965313834702	26.23847489579847	0.0
85.0	26.24019132459671	23.76252635433384	23.79256385830308	26.20471846276637	0.0
86.0	26.15665845641558	23.846059222514967	23.722190277575145	26.275092043494308	0.0
87.0	26.05596130025203	23.813733146814737	23.833186006528152	26.297119546405085	0.0
88.0	26.227529150599032	23.84684921788285	23.7973589957776	26.128262635740523	0.0
89.0	26.16259111350139	23.792209724113466	23.76503301255278	26.28016614983236	0.0
90.0	26.34739275211406	23.65375153047797	23.632010161229417	26.366845556178554	0.0
91.0	26.299618953896854	23.65432367177398	23.669771486766372	26.376285887562794	0.0
92.0	26.226670938655012	23.670343628062387	23.76903800162488	26.333947431657723	0.0
93.0	26.28474328020048	23.626574818917277	23.839125310386653	26.249556590495587	0.0
94.0	26.407467588195583	23.800791843553686	23.673490405190467	26.11825016306027	0.0
95.0	26.356757684550796	23.78527598586815	23.716905296582897	26.141061032998152	0.0
96.0	26.24175761303334	23.730064508746583	23.856221303620213	26.171956574599857	0.0
97.0	26.38736715632286	23.731780927724458	23.740649092443466	26.140202823509217	0.0
98.0	26.33558851715704	23.669703774691403	23.734355556191268	26.26035215196029	0.0
99.0	26.313275070444696	23.772402843534106	23.759529701200062	26.154792384821135	0.0
100.0	26.291533763391644	23.807303362750847	23.67714159026218	26.224021283595327	0.0
101.0	26.20199390671263	23.791855591949997	23.6451017693419	26.361048731995478	0.0
102.0	26.23946905439618	23.78956703331283	23.65940526082417	26.31155865146682	0.0
103.0	26.28781485560625	23.6136340880809	23.69115901191481	26.407392044398037	0.0
104.0	26.263212850256746	23.80587301360262	23.703173944759918	26.227740191380715	0.0
105.0	26.20628495415731	23.760101840859356	23.786134195357086	26.24747900962625	0.0
106.0	26.35561340523222	23.579591778353095	23.650251026275516	26.414543790139174	0.0
107.0	26.28123524952441	23.681432637706866	23.680002288558637	26.35732982421009	0.0
108.0	26.183685437615324	23.76897000557836	23.750661536481054	26.29668302032526	0.0
109.0	26.271508875316464	23.73492769585056	23.753808304607155	26.239755124225823	0.0
110.0	26.232889448314335	23.758099352051836	23.791569522120348	26.21744167751348	0.0
111.0	26.157367013287942	23.835338206056097	23.718907785390414	26.288386995265544	0.0
112.0	26.049232617681977	23.80844764206943	23.842489951797234	26.299829788451362	0.0
113.0	26.225376609853363	23.84614064296871	23.80151387720774	26.12696886997019	0.0
114.0	26.158722530223187	23.78463580554173	23.77433732113535	26.282304343099728	0.0
115.0	26.35353552691051	23.65275799133783	23.63444957461538	26.359256907136274	0.0
116.0	26.303473449935062	23.645034128033046	23.676787788286045	26.374704633745843	0.0
117.0	26.22737909293238	23.667061441902245	23.77576766619179	26.329791798973584	0.0
118.0	26.280873998043287	23.62014612405097	23.840705331754233	26.25827454615151	0.0
119.0	26.40817470806657	23.796936773027124	23.67650171927476	26.118386799631544	0.0
120.0	26.355041265572925	23.784989916038505	23.716905296582897	26.143063521805672	0.0
121.0	26.24175761303334	23.73406948636162	23.85135811651624	26.172814784088793	0.0
122.0	26.379071131263142	23.73464162602091	23.74036302261382	26.145924220102128	0.0
123.0	26.330153190393773	23.668845565202464	23.744654070058502	26.256347174345258	0.0
124.0	26.318138257548668	23.768111796089425	23.766967516770844	26.146782429591063	0.0
125.0	26.29725515998455	23.800151617009714	23.67170626349892	26.230886959506815	0.0
126.0	26.197988929097594	23.782701357401344	23.654828143549842	26.364481569951227	0.0
127.0	26.25606110451561	23.774977472000916	23.66054954014275	26.30841188334072	0.0
128.0	26.29067555390271	23.59503954915395	23.70660678271566	26.407678114227686	0.0
129.0	26.25892180281207	23.808161572239783	23.707178922374954	26.2257377025732	0.0
130.0	26.21114814126128	23.75466651409609	23.78155707808276	26.252628266559867	0.0
131.0	26.368848050714604	23.563925347003696	23.6511768946459	26.416049707635796	0.0
132.0	26.266434758728014	23.686935725646805	23.67806753555858	26.368561980066595	0.0
133.0	26.181471776269866	23.773615131992997	23.751301621448434	26.293611470288702	0.0
134.0	26.287317916032542	23.73070453479191	23.751015550800425	26.23096199837512	0.0
135.0	26.23096199837512	23.750443409504413	23.800791843553686	26.217802748566786	0.0
136.0	26.141421885548855	23.839697451682667	23.72984632284789	26.289034339920587	0.0
137.0	26.04701857170647	23.79907541966564	23.85314277213901	26.300763236488883	0.0
138.0	26.236758467000225	23.833186006528152	23.795710644433193	26.13434488203843	0.0
139.0	26.160949528411187	23.778546356450768	23.772824927123292	26.28767918801475	0.0
140.0	26.34517955275587	23.649814196582593	23.640945981125007	26.364060269536537	0.0
141.0	26.29854990373695	23.64123205259138	23.67899348615271	26.381224557518962	0.0
142.0	26.22760418007627	23.66068491230479	23.77654385618615	26.33516705143279	0.0
143.0	26.28853740241387	23.622351335810713	23.838907435855624	26.250203825919794	0.0
144.0	26.414408847618315	23.794280287101323	23.674130271224357	26.117180594056006	0.0
145.0	26.357842099541713	23.777184018857884	23.726263152173292	26.13871072942711	0.0
146.0	26.237405667664106	23.72683529674278	23.862147487427123	26.173611548165994	0.0
147.0	26.385591111161965	23.734559248430894	23.745716067535945	26.134133572871193	0.0
148.0	26.32387480296715	23.670546771521995	23.746356143849	26.259222281661852	0.0
149.0	26.320592518001252	23.773383034051477	23.7622261191959	26.143798328751373	0.0
150.0	26.298278688290104	23.791405742664328	23.671826501391756	26.238489067653813	0.0
151.0	26.197580379850038	23.77138051087227	23.656950614917655	26.374088494360038	0.0
152.0	26.260802897364965	23.765086866594768	23.669537903472662	26.304572332567606	0.0
153.0	26.28597747447498	23.609748282836374	23.699861825900634	26.40441241678801	0.0
154.0	26.25136243094871	23.805137330178884	23.718170609253374	26.225329629619033	0.0
155.0	26.222754956960053	23.748494531681345	23.789117144745237	26.23963336661336	0.0
156.0	26.35528295733469	23.561182979648585	23.655015762763263	26.42851830025346	0.0
157.0	26.27575395213384	23.676471429633995	23.6824790163578	26.365295601874365	0.0
158.0	26.172766751154313	23.775167497239373	23.75971941709244	26.292346334513873	0.0
159.0	26.292060258955598	23.730539710148243	23.752567528135533	26.22483250276063	0.0
160.0	26.235703373975134	23.753711830368637	23.79776746634321	26.21281732931302	0.0
161.0	26.14959463093392	23.834385137802595	23.737119447988604	26.278900783274878	0.0
162.0	26.048609958862336	23.795764937435276	23.860418013605752	26.295207090096635	0.0
163.0	26.234061969864715	23.841605231764778	23.794974782367394	26.129358016003113	0.0
164.0	26.16769225047703	23.773519054117067	23.77437728324708	26.28441141215882	0.0
165.0	26.34620390951976	23.651078364901863	23.649075830265165	26.353641895313213	0.0
166.0	26.308727904175853	23.638204927951666	23.681116384452324	26.371950783420157	0.0
167.0	26.226337907694596	23.651078364901863	23.783817803677227	26.338765923726314	0.0
168.0	26.292135474328937	23.629050483898194	23.838744467998065	26.240069573774804	0.0
169.0	26.410857170647418	23.80126846265416	23.670531558515492	26.11734280818293	0.0
170.0	26.35371728707274	23.780166840220165	23.730675485473	26.135440387234095	0.0
171.0	26.23156232477772	23.731533717058213	23.867706461911684	26.169197496252387	0.0
172.0	26.37545915389809	23.735824874984264	23.74640973120187	26.14230623991578	0.0
173.0	26.324326643875786	23.664945430618932	23.74905236658037	26.261675558924917	0.0
174.0	26.32190254410633	23.76091751465443	23.76606694835976	26.151112992879476	0.0
175.0	26.28928946397256	23.790097638984648	23.673949300964374	26.246663596078417	0.0
176.0	26.207756763638134	23.770644222764503	23.659645318449563	26.361953695147804	0.0
177.0	26.26297013614531	23.770644222764503	23.67051634516082	26.295869295929375	0.0
178.0	26.291578101174927	23.607292742445352	23.708278858999922	26.392850297379795	0.0
179.0	26.25495990593701	23.79724963024205	23.72229676186444	26.2254937019565	0.0
180.0	26.208901082239315	23.761489673955023	23.791528037236127	26.238081206569536	0.0
181.0	26.3560214217055	23.552432828305946	23.671728383759785	26.41981736622877	0.0
182.0	26.28106833890237	23.669725820478785	23.679452556415068	26.369753284203778	0.0
183.0	26.172929921728382	23.771284386872342	23.759555087655055	26.29623060374422	0.0
184.0	26.29565844280679	23.71521261500435	23.758410765780198	26.23071817640866	0.0
185.0	26.237011946720372	23.75326131734334	23.801894997024764	26.20783173891152	0.0
186.0	26.147182679544102	23.841946262644758	23.726369753284203	26.284501304526938	0.0
187.0	26.051059642056117	23.79788987046276	23.86111365404861	26.28993683343251	0.0
188.0	26.251677151545838	23.833432031377395	23.787086862861216	26.12780395421555	0.0
189.0	26.165566684117625	23.773354961078642	23.77078022949441	26.290298125309324	0.0
190.0	26.340934513132563	23.642615812857066	23.651770414045448	26.364679259964923	0.0
191.0	26.298594482636297	23.637752430975738	23.682953274343372	26.380699812044593	0.0
192.0	26.227932404713478	23.65634771463964	23.775929692662874	26.339790187984015	0.0
193.0	26.297450157487752	23.62630917949026	23.84773609573424	26.228504567287747	0.0
194.0	26.424184167689408	23.781365237118475	23.67952029889773	26.114930296294386	0.0
195.0	26.361321699327707	23.77370905449864	23.729652410241737	26.13531683593191	0.0
196.0	26.23658990130167	23.727935917608352	23.862394507223573	26.1730796738664	0.0
197.0	26.387355170934057	23.73651838077528	23.742812187097698	26.133314261192965	0.0
198.0	26.32906974415604	23.654766570638163	23.748887852632965	26.267275832572828	0.0
199.0	26.324929122550046	23.76761923289286	23.76790531745373	26.139546327103364	0.0
200.0	26.292315482610352	23.791936420567193	23.67235307412165	26.24339502270081	0.0
201.0	26.206204029787123	23.768763571136358	23.66176794536929	26.363264453707224	0.0
202.0	26.257127081622787	23.771910501305975	23.671494820439026	26.299467596632216	0.0
203.0	26.28416942024632	23.61355476405041	23.70481626113948	26.397459554563792	0.0
204.0	26.25556080046918	23.80351599937061	23.717690140039196	26.223233060121014	0.0
205.0	26.217797422363358	23.766896966055874	23.779770844955586	26.235534766625186	0.0
206.0	26.354049847801708	23.547822305632483	23.6737005927723	26.424427253793514	0.0
207.0	26.272228961160828	23.680852768177967	23.67627537591834	26.37064289474286	0.0
208.0	26.182683725081823	23.772972787403017	23.752374522234682	26.291968965280482	0.0
209.0	26.294122022532342	23.720468498778402	23.75565740311608	26.229752075573177	0.0
210.0	26.241195621699255	23.758232200994446	23.79599590321049	26.204576274095814	0.0
211.0	26.1470724548123	23.837764846570657	23.728765069719802	26.28639762889724	0.0
212.0	26.071545050380212	23.798570701088853	23.853499722494007	26.276384526036928	0.0
213.0	26.253858631748493	23.826103375569677	23.787767386372412	26.132270606309415	0.0
214.0	26.163454358716145	23.776895986450803	23.77575162856432	26.283898026268737	0.0
215.0	26.337968936405172	23.639000861129308	23.659313213614425	26.363716988851095	0.0
216.0	26.29892515570509	23.6385639370714	23.686913334420478	26.375597572803034	0.0
217.0	26.229977198538645	23.6508658547401	23.790478315724425	26.328678630996826	0.0
218.0	26.303502613442276	23.631697750465612	23.83968598639923	26.225113649692883	0.0
219.0	26.4308131567579	23.785328675770085	23.678330601163246	26.105527566308766	0.0
220.0	26.367376365373723	23.76222327758355	23.734758452585986	26.13564190445674	0.0
221.0	26.235487986999985	23.728750522117767	23.869507750230305	26.166253740651946	0.0
222.0	26.387974984121897	23.72817833826365	23.74849086508477	26.13535581252968	0.0
223.0	26.332548485568054	23.65557866549178	23.753994569959687	26.257878278980478	0.0
224.0	26.33641838442502	23.758994092151	23.763857696654124	26.140729826769853	0.0
225.0	26.296937359634942	23.795041984350636	23.66601341782654	26.242007238187874	0.0
226.0	26.20195402463273	23.77158224498262	23.666299512209076	26.360164218175576	0.0
227.0	26.259609250056503	23.77257655214243	23.669581985105843	26.298232212695225	0.0
228.0	26.281924739581097	23.61865689362664	23.702196931334093	26.397221435458167	0.0
229.0	26.248737601313753	23.810055130702967	23.72451242085869	26.216694847124593	0.0
230.0	26.221558479456874	23.75941613524331	23.788311833217467	26.230713552082353	0.0
231.0	26.35581291555566	23.540620029067437	23.667933122003134	26.43563393337377	0.0
232.0	26.278566769280065	23.674513349278463	23.67994918920156	26.36697069223991	0.0
233.0	26.201320623004477	23.770641886865867	23.733735394756415	26.29430209537324	0.0
234.0	26.294015998535187	23.71800006866324	23.756050948124923	26.231932984676654	0.0
235.0	26.250815375988463	23.749470720849594	23.785805019282925	26.213908883879018	0.0
236.0	26.16355584038085	23.828147351315472	23.72801345799526	26.280283350308416	0.0
237.0	26.06828559330762	23.791240859206024	23.85389606674067	26.28657748074568	0.0
238.0	26.243738037541736	23.827929425430074	23.80075014805554	26.12758238897265	0.0
239.0	26.161055814791823	23.769851601145536	23.780151116782204	26.28894146728044	0.0
240.0	26.33248930661059	23.638184341158464	23.66135931218975	26.3679670400412	0.0
241.0	26.28469241773963	23.64349070100143	23.707868383404865	26.36394849785408	0.0
242.0	26.233955008212064	23.64787144549424	23.792369365296466	26.32580418099724	0.0
243.0	26.296030285774783	23.637440588775608	23.845469295020187	26.22105983042942	0.0
244.0	26.43422920195962	23.787830227553684	23.663351037040428	26.11458953344627	0.0
245.0	26.37942530742132	23.75464673376469	23.734614625156322	26.131313333657662	0.0
246.0	26.22765972669385	23.724690563067895	23.8652071259927	26.182442584245546	0.0
247.0	26.40046021356428	23.720174125579916	23.737632475966148	26.141733184889652	0.0
248.0	26.33953104964279	23.6438679245283	23.76465469866276	26.25194632716615	0.0
249.0	26.329377686948657	23.76335960890049	23.763645835122247	26.14361686902861	0.0
