# Position (bp)	A	C	G	T	N
0.0	26.27296128617073	23.765707382610955	23.691474828672394	26.269856502545924	0.0
1.0	26.252921319137883	23.68385399613878	23.73099025662448	26.332234428098854	0.0
2.0	26.25824151011561	23.723412662572255	23.681640625	26.33670520231214	0.0
3.0	26.2534009189537	23.724302599939037	23.743494507727565	26.278801973379696	0.0
4.0	26.253746422906943	23.611918563631335	23.837127262670105	26.297207750791618	0.0
5.0	26.218280128234074	23.65246986047772	23.807400550864678	26.321849460423536	0.0
6.0	26.34733580535379	23.72688124707224	23.737040235237014	26.18874271233696	0.0
7.0	26.303700024832384	23.746811296476057	23.81030318080231	26.13918549788925	0.0
8.0	26.260602606138928	23.892052348516057	23.697635964491496	26.149709080853512	0.0
9.0	26.29970626991002	23.781132991165524	23.651056553623377	26.268104185301077	0.0
10.0	26.23182558201872	23.639087730980524	23.77339431679989	26.355692370200867	0.0
11.0	26.216871277295134	23.663353206569738	23.731352969558113	26.38842254657702	0.0
12.0	26.256655370993727	23.701162203418047	23.75166825144676	26.290514174141467	0.0
13.0	26.23295420879031	23.79286312860984	23.845344273488838	26.12883838911101	0.0
14.0	26.315343963116476	23.676896727828833	23.68366848845838	26.324090820596307	0.0
15.0	26.135254250678585	23.76401609417235	23.715485279926867	26.3852443752222	0.0
16.0	26.312656067040052	23.68748501051028	23.6578587249411	26.34200019750857	0.0
17.0	26.294033830396568	23.74448034084336	23.70441431654981	26.25707151221026	0.0
18.0	26.24042436127139	23.74758404695061	23.61751054554689	26.39448104623111	0.0
19.0	26.212491006306166	23.767052748896067	23.671402169772723	26.34905407502504	0.0
20.0	26.352722091333607	23.734887067420964	23.68466345950369	26.227727381741744	0.0
21.0	26.16424248409351	23.89374038909188	23.741094479635453	26.200922647179155	0.0
22.0	26.17947885952908	23.93324210318412	23.75435576936642	26.132923267920376	0.0
23.0	26.39786690743902	23.62597519856665	23.770156455003317	26.20600143899101	0.0
24.0	26.302780638516992	23.701028455341902	23.709493108361666	26.28669779777944	0.0
25.0	26.282465471269557	23.766770593795407	23.690024406416207	26.26073952851883	0.0
26.0	26.26497185502871	23.66999139426943	23.734604912320304	26.330431838381557	0.0
27.0	26.263278924424753	23.716546985878136	23.680713288094466	26.339460801602645	0.0
28.0	26.261868148921465	23.709493108361666	23.745608961246	26.283029781470873	0.0
29.0	26.245220997982592	23.620614251654136	23.847466952583833	26.28669779777944	0.0
30.0	26.20825867979628	23.65531932903517	23.811068944598844	26.3253530465697	0.0
31.0	26.34058942200528	23.736862153125575	23.732065516414373	26.190482908454776	0.0
32.0	26.30052339771172	23.745608961246	23.820097907819928	26.13376973322235	0.0
33.0	26.263278924424753	23.878504013656308	23.697360439033336	26.160856622885596	0.0
34.0	26.293187365094596	23.779749728425717	23.651369157625947	26.275693748853747	0.0
35.0	26.21136238590353	23.646572520914745	23.78623929574087	26.35582579744085	0.0
36.0	26.205719283890357	23.66773415346416	23.741658789836773	26.384887772808714	0.0
37.0	26.248042548989183	23.695385353328724	23.751534218359833	26.305037879322263	0.0
38.0	26.23111324294965	23.79526825896195	23.842388160771975	26.131230337316424	0.0
39.0	26.311809601738073	23.674788030980633	23.68889578601357	26.32450658126772	0.0
40.0	26.153446796984337	23.763881991783666	23.699268656042616	26.383402555189384	0.0
41.0	26.32520449075524	23.68763349387868	23.650953537781767	26.336208477584318	0.0
42.0	26.30065713552115	23.73898543241436	23.697508866674003	26.262848565390485	0.0
43.0	26.25071596452766	23.747450037667495	23.608630511516097	26.39320348628875	0.0
44.0	26.212907394396996	23.763532787648447	23.684247651777426	26.33931216617713	0.0
45.0	26.359627218784652	23.729110059619035	23.68227257721836	26.22899014437795	0.0
46.0	26.165505604979444	23.885140949785143	23.739549739431233	26.20980370580418	0.0
47.0	26.181024047943524	23.925771055000183	23.75591464292063	26.137290254135664	0.0
48.0	26.402232398558763	23.6154021957186	23.773972467460645	26.208392938261994	0.0
49.0	26.310250354808034	23.700048248249946	23.71189869560433	26.277802701337688	0.0
50.0	26.287678074133012	23.763814941156884	23.6952516386065	26.2532553461036	0.0
51.0	26.269620249592997	23.67239720442304	23.729392213127472	26.328590332856493	0.0
52.0	26.269620249592997	23.71669530524777	23.68114396318461	26.332540481974625	0.0
53.0	26.268491635559243	23.71077008157058	23.74660357714218	26.274134705728	0.0
54.0	26.25184457856141	23.626406182547676	23.847332379654475	26.27441685923644	0.0
55.0	26.211496626854807	23.65546799391677	23.80303427882974	26.330001100398682	0.0
56.0	26.348058924938698	23.742371274515612	23.73023867365279	26.179331126892897	0.0
57.0	26.30376082411397	23.752246647310937	23.811498884082873	26.13249364449222	0.0
58.0	26.260591337322985	23.88401233575139	23.69130148948837	26.164094837437258	0.0
59.0	26.29078176272583	23.77989769113784	23.653210765849266	26.27610978028706	0.0
60.0	26.210368012821057	23.644746160596135	23.794569673576607	26.350316153006204	0.0
61.0	26.207828631245118	23.662521831627714	23.748296498192804	26.381353038934364	0.0
62.0	26.25438396013735	23.698637480707756	23.756196796429066	26.29078176272583	0.0
63.0	26.229836604903262	23.783565686747533	23.850153914738854	26.136443793610354	0.0
64.0	26.30968604779116	23.66421475267834	23.70061255526682	26.32548664426368	0.0
65.0	26.141730950459625	23.77249462499083	23.712678249976015	26.373096174573522	0.0
66.0	26.324491632784923	23.685242608325176	23.65110222646077	26.339163532429133	0.0
67.0	26.294019225831573	23.736029953247428	23.705275394377843	26.26467542654316	0.0
68.0	26.243231880909317	23.75973071421115	23.601725641119693	26.395311763759842	0.0
69.0	26.223199094856653	23.75098400480787	23.68072817766542	26.345088722670063	0.0
70.0	26.358349862733093	23.724461724681802	23.681574633414122	26.23561377917098	0.0
71.0	26.16225428094995	23.889238443762892	23.74618742223188	26.202319853055283	0.0
72.0	26.184262130416258	23.91830009113507	23.75973071421115	26.137707064237524	0.0
73.0	26.39700467525725	23.61301171776908	23.782867171342396	26.20711643563127	0.0
74.0	26.29825150457509	23.70047881180185	23.719100838273345	26.282168845349712	0.0
75.0	26.279065174271132	23.776095525352762	23.68919273515246	26.25564656522365	0.0
76.0	26.272011376365263	23.66464551844004	23.733490586001317	26.329852519193388	0.0
77.0	26.2666504899568	23.715150711446057	23.685242608325176	26.332956190271968	0.0
78.0	26.26495757845939	23.705275394377843	23.751830460556572	26.27793656660619	0.0
79.0	26.252260742228835	23.618654756093775	23.84494059291404	26.284143908763358	0.0
80.0	26.21022010670985	23.654488049455587	23.80515717272494	26.33013467110962	0.0
81.0	26.342267203507713	23.73687640899613	23.734619193666255	26.186237193829903	0.0
82.0	26.297122896910153	23.745340966483177	23.8113645148821	26.14617162172457	0.0
83.0	26.25875023630223	23.885852620768073	23.68496045640894	26.170436686520755	0.0
84.0	26.289504795171815	23.778917044515108	23.660131087780282	26.271447072532794	0.0
85.0	26.21755605653196	23.63925184597891	23.794717551824256	26.348474545664878	0.0
86.0	26.197805422395525	23.6635169107751	23.754087675886453	26.384589990942924	0.0
87.0	26.248874919234016	23.70583969821031	23.758602106546206	26.28668327600947	0.0
88.0	26.24379618474179	23.776095525352762	23.847197808243912	26.132910481661536	0.0
89.0	26.307844669727075	23.668595645267324	23.70583969821031	26.31771998679529	0.0
90.0	26.141865583206364	23.77094972067039	23.71395519440212	26.373229501721124	0.0
91.0	26.338168449386462	23.67974809619069	23.657740370914816	26.324343083508033	0.0
92.0	26.299513854991662	23.737306762296818	23.705705926003258	26.257473456708265	0.0
93.0	26.249855397958928	23.740692566185412	23.610621266798525	26.398830769057135	0.0
94.0	26.232362077867847	23.741256866833513	23.68595540331978	26.34042565197886	0.0
95.0	26.361022625634483	23.72856010225128	23.681723148459035	26.2286941236552	0.0
96.0	26.162106647179485	23.881485577886185	23.75677513465624	26.199632640278086	0.0
97.0	26.191450280880645	23.90913630964305	23.764675343729632	26.13473806574667	0.0
98.0	26.40419162521408	23.60836406420613	23.781886513496662	26.205557797083127	0.0
99.0	26.30205320790811	23.70203797179061	23.714170435724746	26.281738384576535	0.0
100.0	26.2684773193462	23.777936408959967	23.698652167902015	26.254934103791815	0.0
101.0	26.27722397939174	23.664794129016055	23.739846115213265	26.318135776378938	0.0
102.0	26.269323770318348	23.710784631836148	23.689905507856476	26.329986089989028	0.0
103.0	26.264245064485458	23.704859475031107	23.751132128175247	26.279763332308185	0.0
104.0	26.25408765281967	23.611749868094723	23.859195702286264	26.274966776799342	0.0
105.0	26.21176510421222	23.643915005036384	23.809537245253527	26.334782645497867	0.0
106.0	26.344940057163658	23.729970853871528	23.736460311324667	26.18862877764015	0.0
107.0	26.307696214389104	23.7491570759069	23.808126493633278	26.13502021607072	0.0
108.0	26.269323770318348	23.877817623673543	23.683980351051435	26.168878254956674	0.0
109.0	26.283149136196784	23.783579415440958	23.663383377395807	26.269888070966452	0.0
110.0	26.218818862313466	23.634039743694647	23.803047787800384	26.344093606191503	0.0
111.0	26.19737543768569	23.66874423355275	23.751696428823347	26.382183899938212	0.0
112.0	26.256909156060164	23.698087867253918	23.762418141137235	26.282584835548683	0.0
113.0	26.24477669212603	23.78160436317261	23.843959584787584	26.129659359913777	0.0
114.0	26.301488907260012	23.663947678043908	23.707680978271604	26.326882436424476	0.0
115.0	26.141718064905678	23.769686983313676	23.721157264503898	26.36743768727675	0.0
116.0	26.33463403898731	23.677639430849577	23.655913978494624	26.331812551668488	0.0
117.0	26.295697513987527	23.73604421834926	23.710650832479832	26.257607435183385	0.0
118.0	26.256196691523968	23.737454962008673	23.605691504219532	26.400656842247823	0.0
119.0	26.229674710727014	23.750998101139036	23.68271810802346	26.33660908011049	0.0
120.0	26.36454180456686	23.722783227950785	23.68892538012488	26.22374958735748	0.0
121.0	26.158573230292614	23.880786517804996	23.758051819436098	26.20258843246629	0.0
122.0	26.195534714169227	23.910976432116428	23.758898265631746	26.134590588082602	0.0
123.0	26.396424611269588	23.608795140270242	23.78852388247941	26.206256365980764	0.0
124.0	26.297108257646933	23.699647031936415	23.725604715269608	26.27763999514704	0.0
125.0	26.281025779929635	23.77610933827658	23.69541480095818	26.24745008083561	0.0
126.0	26.27622925148763	23.6595819120091	23.738583556936206	26.32560527956707	0.0
127.0	26.273407764168805	23.703032816719006	23.685539595342288	26.338019823769905	0.0
128.0	26.263814707284798	23.700775626863944	23.749869506211503	26.28554015963975	0.0
129.0	26.258245819954745	23.615915490573382	23.859128383678215	26.266710305793655	0.0
130.0	26.223823577543154	23.64864483581719	23.803544926669336	26.323986659970316	0.0
131.0	26.349662267015027	23.73385399326227	23.743164927685076	26.17331881203763	0.0
132.0	26.30592909018063	23.749936516356208	23.80749502006083	26.136639373402325	0.0
133.0	26.262195913346236	23.88085389733143	23.685042124924525	26.171908064397808	0.0
134.0	26.29125731472651	23.77956221679241	23.662188013159454	26.266992455321624	0.0
135.0	26.21705198887202	23.630022966971577	23.804109225725263	26.348815818431138	0.0
136.0	26.195608624746768	23.662752312215382	23.753604460219737	26.38803460281811	0.0
137.0	26.25457787609121	23.696610255571045	23.762068946058655	26.28674292227909	0.0
138.0	26.25203853033954	23.775894272928884	23.8537675426469	26.11829965408468	0.0
139.0	26.304800492068775	23.667548854190766	23.70874268527349	26.31890796846697	0.0
140.0	26.145741928384602	23.773139853451124	23.711913233132346	26.369204985031924	0.0
141.0	26.33542125162237	23.674454037582528	23.661757237176232	26.32836747361887	0.0
142.0	26.289994921279835	23.741888155295975	23.70944077647988	26.258676146944303	0.0
143.0	26.259240449184585	23.740195248575134	23.61520230235314	26.38536199988714	0.0
144.0	26.23102533717059	23.754584955702274	23.68884374470967	26.32554596241747	0.0
145.0	26.381411884205182	23.71705885672366	23.68263642006659	26.21889283900457	0.0
146.0	26.15456238361266	23.88719598216805	23.755431409062695	26.202810225156593	0.0
147.0	26.196320749393376	23.925286383386943	23.750352688900175	26.128040178319505	0.0
148.0	26.402573218215675	23.608430675469783	23.789853845719765	26.199142260594776	0.0
149.0	26.299380112240033	23.70104311563432	23.7236152689331	26.275961503192548	0.0
150.0	26.279911630019836	23.769323879363128	23.698785900304443	26.251978590312596	0.0
151.0	26.280475933852305	23.654488049455587	23.739697928158478	26.325338088533627	0.0
152.0	26.27483289552761	23.719100838273345	23.687781975571287	26.31828429062776	0.0
153.0	26.27539719936008	23.697092988807032	23.74646957414811	26.28104023768477	0.0
154.0	26.245280995886212	23.60715313556309	23.86786224175973	26.279703626790962	0.0
155.0	26.223555237036493	23.652015416824202	23.804377881484577	26.320051464654732	0.0
156.0	26.347420277751134	23.72678588559272	23.75076886614111	26.175024970515043	0.0
157.0	26.305097370901027	23.740611368497085	23.814817531840934	26.139473728760954	0.0
158.0	26.261645853201586	23.88112341923943	23.688695269427626	26.16853545813136	0.0
159.0	26.28647529188698	23.76826233430582	23.672048259399915	26.273214114407285	0.0
160.0	26.225530306022833	23.626057367289473	23.803813576059905	26.34459875062779	0.0
161.0	26.194211354953755	23.66725166329024	23.751897476990447	26.386639504765558	0.0
162.0	26.257977867941246	23.69320971282497	23.766005112607147	26.282807306626637	0.0
163.0	26.25205266098223	23.78519149704586	23.84980446817035	26.112951373801558	0.0
164.0	26.303122301914687	23.6652765943039	23.709574570140344	26.32202653364107	0.0
165.0	26.14885854798161	23.78130845868003	23.701459015792132	26.368373977546224	0.0
166.0	26.33769355785292	23.66964245406528	23.669924608369826	26.32273937971198	0.0
167.0	26.299038418130106	23.72691977788813	23.70886190239718	26.265179901584577	0.0
168.0	26.258690352580018	23.738770258679068	23.616033136201526	26.386506252539387	0.0
169.0	26.220881675770848	23.746952733510902	23.698140038824434	26.33402555189382	0.0
170.0	26.37070561148481	23.714504988488105	23.68770032955623	26.22708907047086	0.0
171.0	26.160782808902532	23.883797571215744	23.76077829443366	26.19464132544806	0.0
172.0	26.190409010879872	23.915398853324906	23.754570899733647	26.13962123606158	0.0
173.0	26.408796442598526	23.605875581237868	23.787865107670083	26.19746286849352	0.0
174.0	26.302216328315676	23.691153026818842	23.726704569501855	26.27992607536363	0.0
175.0	26.27654021415572	23.774670936613855	23.69453888802675	26.254249961203673	0.0
176.0	26.27879745496099	23.651651312726607	23.747866202051267	26.321685030261133	0.0
177.0	26.28133685086692	23.70131061044256	23.703285696147173	26.314066842543347	0.0
178.0	26.273154352947813	23.692845957422794	23.754920079567736	26.27907961006165	0.0
179.0	26.25404188322132	23.601776453526103	23.865592217011745	26.278589446240836	0.0
180.0	26.223286890472725	23.657643321087768	23.813393376108166	26.30567641233134	0.0
181.0	26.352232135299396	23.71435665633976	23.76683765314011	26.16657355522073	0.0
182.0	26.307651503608774	23.74595811677868	23.80549301099844	26.14089736861411	0.0
183.0	26.26391733960848	23.865592217011745	23.69629867894609	26.174191764433687	0.0
184.0	26.28902921442155	23.76796627672722	23.671186804133022	26.27181770471821	0.0
185.0	26.23316234685989	23.622373833990757	23.8023892961339	26.34207452301546	0.0
186.0	26.197892859762877	23.65990056826198	23.765144717759455	26.37706185421569	0.0
187.0	26.266174586782686	23.68726969024926	23.765144717759455	26.2814110052086	0.0
188.0	26.260531468847166	23.776995265424052	23.847534239618074	26.114939026110704	0.0
189.0	26.311601686163637	23.66272212722974	23.708431382507463	26.31724480409916	0.0
190.0	26.157054058400792	23.778755293964952	23.69946926326066	26.364721384373595	0.0
191.0	26.335169238061916	23.676117061499045	23.664266446960035	26.324447253479	0.0
192.0	26.294820717131472	23.730009141902645	23.715901267451443	26.25926887351444	0.0
193.0	26.251086306332745	23.729444826924595	23.62109635113935	26.398372515603306	0.0
194.0	26.236978431881543	23.741859756441656	23.687685518549035	26.333476293127774	0.0
195.0	26.36536008938749	23.71787636987461	23.687121203570985	26.229642337166915	0.0
196.0	26.163053169757234	23.87785966615126	23.75737841833798	26.201708745753532	0.0
197.0	26.194372651038904	23.916233084658533	23.763868040585535	26.125526223717028	0.0
198.0	26.407965870230125	23.606142004221077	23.79321241944404	26.19267970610476	0.0
199.0	26.309567140974742	23.679569765046796	23.72669019866765	26.28417289531081	0.0
200.0	26.273168722189773	23.775221423714274	23.691984729593607	26.259625124502346	0.0
201.0	26.28586584502174	23.65389336109771	23.750955811190963	26.30928498268959	0.0
202.0	26.275708146756166	23.701860269574027	23.71032501812867	26.31210656554114	0.0
203.0	26.267243398201522	23.69085609645299	23.757727610034678	26.28417289531081	0.0
204.0	26.245591264354847	23.600349877260797	23.87545498151858	26.278603876865773	0.0
205.0	26.22471149233938	23.650009875567847	23.818458847097997	26.30681978499478	0.0
206.0	26.343782624643776	23.715752941508423	23.75948759910838	26.18097683473943	0.0
207.0	26.308661204036028	23.747488770005194	23.796020405859913	26.147829620098868	0.0
208.0	26.265921005852043	23.85569093074045	23.697397899584093	26.18099016382341	0.0
209.0	26.290469122983247	23.749880081037002	23.676800054175153	26.282850741804598	0.0
210.0	26.226982613161177	23.61923895193648	23.814495239922575	26.339283194979767	0.0
211.0	26.196656922608096	23.651256757824406	23.76327580952811	26.38881051003939	0.0
212.0	26.271994672746356	23.676369341203824	23.774280199997744	26.277355786052077	0.0
213.0	26.25788647983657	23.78048780487805	23.851310933285177	26.110314782000206	0.0
214.0	26.315165743050308	23.664236295301407	23.70176408844144	26.31883387320685	0.0
215.0	26.15271315423402	23.77350078865021	23.708885082801217	26.364900974314555	0.0
216.0	26.32970468563947	23.676220788821734	23.663523343547723	26.330551181991073	0.0
217.0	26.29358750797117	23.73124305167578	23.713466628292164	26.26170281206088	0.0
218.0	26.249569697687935	23.744222662400325	23.615555216957016	26.390652422954723	0.0
219.0	26.243510158013546	23.74238148984199	23.68453724604966	26.329571106094807	0.0
220.0	26.376410835214447	23.715011286681715	23.682844243792324	26.22573363431151	0.0
221.0	26.173814898419867	23.878386004514674	23.75395033860045	26.19384875846501	0.0
222.0	26.19977426636569	23.915914221218962	23.757618510158014	26.126693002257333	0.0
223.0	26.410270880361175	23.61004514672686	23.78752821670429	26.192155756207676	0.0
224.0	26.319279454172996	23.682131389003324	23.724738852928066	26.273850303895617	0.0
225.0	26.280622351141936	23.768757160029118	23.69482897759017	26.255791511238773	0.0
226.0	26.28739439838825	23.65758271773543	23.74928752419596	26.30573535968036	0.0
227.0	26.285137049306144	23.697368495307536	23.703294036648064	26.314200418738253	0.0
228.0	26.264256570296673	23.695111146225432	23.762831618688594	26.277800664789304	0.0
229.0	26.261791155117002	23.591621825241184	23.879998984190046	26.266588035451765	0.0
230.0	26.23018817879384	23.653981269593142	23.80804577916856	26.307784772444464	0.0
231.0	26.348699340005698	23.720855424848406	23.75951263695799	26.170932598187907	0.0
232.0	26.306165983814715	23.758450998318263	23.801905213377125	26.133477804489893	0.0
233.0	26.273716407634396	23.863418323005902	23.69580920777887	26.16705606158083	0.0
234.0	26.277102450366257	23.77707423334349	23.683111547534395	26.262711768755853	0.0
235.0	26.227440490298985	23.616519373807833	23.825889682727798	26.330150453165384	0.0
236.0	26.180318062280612	23.666181333875098	23.771430828790393	26.382069775053896	0.0
237.0	26.253682321470894	23.686497590266256	23.7745347012946	26.285285386968248	0.0
238.0	26.250014108511383	23.781871127213623	23.85523538640391	26.112879377871085	0.0
239.0	26.311245047912507	23.665616993419793	23.69580920777887	26.327328750888835	0.0
240.0	26.150459958236922	23.775608104294825	23.712963485524014	26.360968451944238	0.0
241.0	26.332023015687128	23.672068787443525	23.66388518118222	26.332023015687128	0.0
242.0	26.288384851794465	23.71627170590875	23.71881164647414	26.276531795822645	0.0
243.0	26.24456354548559	23.743441681413184	23.619260501071064	26.392734272030165	0.0
244.0	26.243490777719764	23.73491765569213	23.685242940404454	26.336348626183653	0.0
245.0	26.374470054927997	23.706821119898837	23.68903867540547	26.2296701497677	0.0
246.0	26.166765461371273	23.878115561577328	23.762102351313967	26.19301662573743	0.0
247.0	26.199845308733284	23.908269207969425	23.763457857921154	26.128427625376144	0.0
248.0	26.40315268265968	23.610115233261254	23.795866056154335	26.19086602792473	0.0
249.0	26.317200962070487	23.685622014702062	23.726555177903997	26.270621845323454	0.0
