# Position (bp)	A	C	G	T	N
0.0	26.37377431731999	23.730002019431417	23.76982969461709	26.1263939686315	0.0
1.0	26.27953418448628	23.760293490699397	23.652029528574957	26.30814279623937	0.0
2.0	26.30319857529483	23.511000799293257	23.85736121043849	26.328439414973424	0.0
3.0	26.263731024754406	23.812969210534433	23.552721245824955	26.370578518886205	0.0
4.0	26.2317653854998	23.699810993768963	23.75841975087072	26.310003869860516	0.0
5.0	26.10931646364717	23.73841891558427	23.75159835789757	26.400666262870985	0.0
6.0	26.302890951406223	23.687855760872615	23.804783669349185	26.204469618371984	0.0
7.0	26.078605656668753	23.87078322458719	23.754700104586966	26.29591101415709	0.0
8.0	26.302995298029767	23.79696012157271	23.6898550155751	26.21018956482242	0.0
9.0	26.18342697574269	23.867880092857384	23.749004698942457	26.19968823245747	0.0
10.0	26.179181805948055	23.765027138563674	23.843807473197863	26.211983582290404	0.0
11.0	26.105167541380702	23.848012829139194	23.782128919391738	26.264690710088367	0.0
12.0	26.18310680482663	23.73643071816265	23.850816399766742	26.229646077243977	0.0
13.0	26.264410353025614	23.858666397523887	23.690452159870812	26.186471089579687	0.0
14.0	26.22039429417306	23.85333961333154	23.741477145292244	26.18478894720316	0.0
15.0	26.169369308751627	23.71063786838918	23.79754855784327	26.322444265015925	0.0
16.0	26.21815143767102	23.719048580271835	23.694657515812136	26.368142466245008	0.0
17.0	26.333938904588884	23.824182478805007	23.648959314583053	26.192919302023054	0.0
18.0	26.248430000448568	23.70783429776163	23.904925312878483	26.138810388911317	0.0
19.0	26.226562149553672	23.799230700219802	23.773437850446328	26.2007692997802	0.0
20.0	26.275550970172894	23.85383345155023	23.741410584570875	26.129204993706	0.0
21.0	26.27835453294046	23.787669370235694	23.75094269798059	26.183033398843246	0.0
22.0	26.287606290073423	23.677489353470392	23.811780010036752	26.22312434641943	0.0
23.0	26.132288912750322	23.80000504641298	23.761315880220586	26.30639016061611	0.0
24.0	26.367507828949027	23.799724690136227	23.62225916694936	26.210508313965384	0.0
25.0	26.343957901701483	23.737205240419527	23.766081936925445	26.152754920953548	0.0
26.0	26.289288427733965	23.747578422659515	23.66122868941851	26.30190446018801	0.0
27.0	26.289288427733965	23.51067736880027	23.87794409135129	26.322090112114477	0.0
28.0	26.26629921303993	23.8224335485535	23.53647014626187	26.374797092144696	0.0
29.0	26.231535034722125	23.70692676252982	23.7663622932022	26.295175909545847	0.0
30.0	26.09808544698603	23.73692488414277	23.767764074585983	26.397225594285217	0.0
31.0	26.30330624157179	23.696833936566588	23.797201483645416	26.202658338216207	0.0
32.0	26.07649801367578	23.864767346343736	23.751783766810863	26.306950873169626	0.0
33.0	26.312277642428	23.781781888423808	23.680853628791468	26.225086840356727	0.0
34.0	26.17707252796546	23.866662928593456	23.743586868148814	26.212677675292273	0.0
35.0	26.183520704252995	23.76293139701141	23.83386133617427	26.21968656256133	0.0
36.0	26.1083854327287	23.843113067369426	23.779192015475623	26.269309484426252	0.0
37.0	26.19137065799434	23.718074518489445	23.863018307213547	26.227536516302674	0.0
38.0	26.270711261880063	23.85937368583364	23.694805012756177	26.175110039530125	0.0
39.0	26.23118113768258	23.84395413384171	23.73854046931509	26.186324259160614	0.0
40.0	26.16726008578878	23.70545852140514	23.797695477865936	26.329585914940147	0.0
41.0	26.209313409403123	23.72620482772155	23.702374611006757	26.362107151868567	0.0
42.0	26.34276262300597	23.8299363593036	23.651910622669543	26.175390395020887	0.0
43.0	26.25445064341585	23.709383498275812	23.903950208864842	26.132215649443495	0.0
44.0	26.2213686955059	23.80190081022737	23.7741456166419	26.20258487762483	0.0
45.0	26.273160803048018	23.85257828204244	23.7460434942289	26.128217420680645	0.0
46.0	26.285496410058006	23.787535990535225	23.75080952421003	26.17615807519674	0.0
47.0	26.291664213563	23.665020984549653	23.81164649514566	26.23166830674169	0.0
48.0	26.12204961717565	23.79706805049749	23.766229032972515	26.314653299354347	0.0
49.0	26.37549027028997	23.792021665811586	23.623528488243327	26.208959575655115	0.0
50.0	26.33596025691705	23.737913207790495	23.7735182552966	26.15260827999585	0.0
51.0	26.28073038007687	23.76090229358184	23.66698346748306	26.291383858858225	0.0
52.0	26.297832017067996	23.499050999324346	23.87668878665287	26.326428196954787	0.0
53.0	26.261105550742798	23.82930884154632	23.54138455974499	26.36820104796589	0.0
54.0	26.236153982018052	23.701747450874848	23.76650938767729	26.29558917942981	0.0
55.0	26.111396138394294	23.73651143426663	23.770434353544104	26.381658073794966	0.0
56.0	26.309046205258895	23.690533262683946	23.80155372577385	26.19886680628331	0.0
57.0	26.068221513859335	23.871081692557425	23.7510898789148	26.309606914668436	0.0
58.0	26.318297910516385	23.77800393057296	23.697822485008032	26.205875673902625	0.0
59.0	26.17664539714936	23.86737016810021	23.753546477072657	26.20243795767777	0.0
60.0	26.16991690309847	23.76672311125565	23.84522220851603	26.218137777129847	0.0
61.0	26.11356576542227	23.84494185459724	23.77625514449441	26.265237235486076	0.0
62.0	26.189822031332355	23.71485763628004	23.877182555257757	26.218137777129847	0.0
63.0	26.26972289818667	23.846904332028753	23.698316755071602	26.185056014712977	0.0
64.0	26.225426979018312	23.847745393785114	23.73700559586422	26.189822031332355	0.0
65.0	26.17664539714936	23.70140064817826	23.79644062664708	26.325513328025302	0.0
66.0	26.207764682134727	23.729716393975757	23.709250557904298	26.353268365985222	0.0
67.0	26.359436152198533	23.816906462718535	23.64645128009599	26.177206104986933	0.0
68.0	26.251499893465514	23.694391800208585	23.92316059793884	26.13094770838707	0.0
69.0	26.217577069292275	23.806253013804625	23.76952665044352	26.20664326645958	0.0
70.0	26.28002231610937	23.8569301892664	23.73441587023014	26.12863162439409	0.0
71.0	26.282265141171816	23.785159787268043	23.741985404815907	26.19058966674423	0.0
72.0	26.292638207085645	23.66572935269265	23.80674697849411	26.234885461727593	0.0
73.0	26.127229858730054	23.796373912580286	23.76189047724514	26.314505751444518	0.0
74.0	26.378706618857112	23.787402612330492	23.625919207834187	26.207971560978212	0.0
75.0	26.33721435520181	23.735817635894172	23.785159787268043	26.14180822163597	0.0
76.0	26.27581701911728	23.76385294917478	23.66937394341913	26.29095608828881	0.0
77.0	26.308898688788396	23.496676413610583	23.87627455543002	26.318150342171	0.0
78.0	26.252547709094376	23.835062644907527	23.550784568242157	26.36160507775594	0.0
79.0	26.228156986540245	23.702735966223052	23.772824249424577	26.296282797812125	0.0
80.0	26.101998076777512	23.73021057323805	23.785440140400848	26.382351209583593	0.0
81.0	26.30301127299947	23.696287844168516	23.807868391025337	26.192832491806676	0.0
82.0	26.067794994575166	23.8754334960316	23.754040589526568	26.30273091986666	0.0
83.0	26.306095157460334	23.7784313120807	23.70385737875428	26.211616151704686	0.0
84.0	26.177059328163637	23.868357752022742	23.74696518584557	26.207617733968053	0.0
85.0	26.183227079793888	23.756216813290944	23.84677062131687	26.2137854855983	0.0
86.0	26.105289127375286	23.84677062131687	23.787616276135847	26.260323975171996	0.0
87.0	26.191637650198768	23.71388360891969	23.872002332531526	26.222476408350015	0.0
88.0	26.266491726802244	23.854620487028097	23.700426696271876	26.17846108989778	0.0
89.0	26.23649402569149	23.844808154889062	23.733508273197753	26.185189546221693	0.0
90.0	26.174536157042173	23.708276561983098	23.794625084806583	26.322562196168143	0.0
91.0	26.207057029274395	23.73098510207629	23.716967484734816	26.344990383914503	0.0
92.0	26.36938103808867	23.81845503428709	23.638749179969384	26.173414747654856	0.0
93.0	26.250791995379792	23.701828458006023	23.910130251700338	26.13724929491385	0.0
94.0	26.218831827841232	23.799110722355856	23.778925353384135	26.20313209641878	0.0
95.0	26.28295883037329	23.85791782895751	23.744095095249442	26.115028245419758	0.0
96.0	26.284360588177574	23.784465720012896	23.74017017339744	26.19100351841209	0.0
97.0	26.293612189685867	23.666718064452823	23.804370680833767	26.235299065027544	0.0
98.0	26.13212969063205	23.790353102790903	23.76988743884832	26.30762976772873	0.0
99.0	26.37042851736077	23.791194157473473	23.62438497876337	26.21399234640239	0.0
100.0	26.33818808786218	23.73288103281515	23.785587126256324	26.143343753066343	0.0
101.0	26.282678478812432	23.75250564207516	23.67512861127854	26.289687267833862	0.0
102.0	26.310993986459017	23.496264315451576	23.874458571048095	26.31828312704131	0.0
103.0	26.258007541456983	23.82707915726321	23.547568651088465	26.367344650191338	0.0
104.0	26.23053308849297	23.69867814239056	23.777176579430606	26.293612189685867	0.0
105.0	26.102412425181175	23.72951681408486	23.780540798160892	26.387529962573065	0.0
106.0	26.30118168182901	23.696154978342843	23.805492087077194	26.19717125275095	0.0
107.0	26.073536214412872	23.879504899143527	23.755589509244594	26.291369377199008	0.0
108.0	26.312956447385023	23.776055173187178	23.699238845512273	26.21174953391553	0.0
109.0	26.176071500661628	23.870466727970037	23.744028528494855	26.20943324287348	0.0
110.0	26.18167851615942	23.755522910265324	23.852243927602217	26.21055464597304	0.0
111.0	26.108787314688136	23.840469195056855	23.78916500325207	26.26157848700294	0.0
112.0	26.19653710722856	23.705620472334985	23.891212685311864	26.206629735124586	0.0
113.0	26.274194271872968	23.848879718303543	23.705900823109875	26.171025186713614	0.0
114.0	26.232982707964204	23.85028147217799	23.73393590059883	26.182799919258976	0.0
115.0	26.18083746383475	23.69636889676363	23.802621840446765	26.32017179895485	0.0
116.0	26.20578868279992	23.719918361854354	23.718516607979904	26.355776347365822	0.0
117.0	26.3591405566645	23.814396572992127	23.653194877430643	26.17326799291273	0.0
118.0	26.24223428353556	23.693845739789623	23.919528113575705	26.14439186309911	0.0
119.0	26.21672236302061	23.797855877273644	23.779072375356044	26.206349384349696	0.0
120.0	26.283519533495003	23.859880289883513	23.736805954667155	26.11979422195433	0.0
121.0	26.291369377199008	23.77465341538289	23.751103884270876	26.182873323147227	0.0
122.0	26.296976408416157	23.66083068167482	23.810818766733483	26.23137414317554	0.0
123.0	26.125681604732335	23.78530677469547	23.77661587630889	26.312395744263306	0.0
124.0	26.37267132984763	23.77998009503918	23.63784185368452	26.20950672142867	0.0
125.0	26.33902914254475	23.72166697038086	23.789231696547468	26.15007219052692	0.0
126.0	26.291930080320725	23.746057556175444	23.6734465019134	26.288565861590435	0.0
127.0	26.31183504114159	23.48673236238243	23.87698173509581	26.32445086138017	0.0
128.0	26.263614572674133	23.81642579795063	23.550652518257895	26.36930711111734	0.0
129.0	26.23081344005383	23.690828298686554	23.783063962208608	26.295294299051008	0.0
130.0	26.111944378250325	23.72475083755029	23.78110150128261	26.382203282916777	0.0
131.0	26.30370484587673	23.68157669717826	23.812220524537768	26.202497932407237	0.0
132.0	26.065966722269728	23.898568805281823	23.742412985884297	26.29305148656415	0.0
133.0	26.313517150506737	23.77241060289603	23.696154978342843	26.217917268254393	0.0
134.0	26.17593791877632	23.872843389572015	23.755656108597282	26.195562583054382	0.0
135.0	26.182946727447053	23.761263155533875	23.85434013468127	26.201449982337806	0.0
136.0	26.10360701329431	23.834715470403204	23.799671427049514	26.26200608925297	0.0
137.0	26.20116962999097	23.71388360891969	23.890225235075444	26.194721526013893	0.0
138.0	26.284153924652504	23.832472651628567	23.711080085451393	26.172293338267533	0.0
139.0	26.241260015587592	23.832472651628567	23.7472455381924	26.179021794591446	0.0
140.0	26.182946727447053	23.699865991578214	23.80387671225196	26.31331056872277	0.0
141.0	26.20124308579086	23.718716094793002	23.71535185719933	26.36468896221681	0.0
142.0	26.35880154642788	23.823287813329667	23.641338630138524	26.176572010103925	0.0
143.0	26.248903118367895	23.69236290030923	23.919729291014963	26.13900469030791	0.0
144.0	26.224792748946573	23.79441144065064	23.780954490275953	26.199841320126833	0.0
145.0	26.284374991238916	23.849774734994718	23.74548278481935	26.120367488947018	0.0
146.0	26.28633747417232	23.776602157049098	23.76090229358184	26.17615807519674	0.0
147.0	26.291103504153458	23.65717105281602	23.823141038041328	26.228584404989192	0.0
148.0	26.133617426897302	23.773304550169616	23.784799125290867	26.30827889764221	0.0
149.0	26.38152564278685	23.778137256825975	23.639641256108263	26.20069584427891	0.0
150.0	26.339752557550135	23.722907070304945	23.794117564601095	26.143222807543825	0.0
151.0	26.28592415241289	23.741971297124387	23.68141434134498	26.290690209117745	0.0
152.0	26.315361561472315	23.48824886665975	23.8849529982702	26.311436573597728	0.0
153.0	26.28087773943127	23.809256803545946	23.550207603822937	26.35965785319985	0.0
154.0	26.232936816105905	23.69767500539686	23.785146163744887	26.284242014752344	0.0
155.0	26.110981835716828	23.718701726153597	23.783744382361107	26.38657205576847	0.0
156.0	26.300222322527468	23.673844721872555	23.823835329937285	26.20209762566269	0.0
157.0	26.074535519738482	23.8804672978421	23.750101629150326	26.294895553269093	0.0
158.0	26.311716929874486	23.765801580648688	23.707767831360094	26.214713658116732	0.0
159.0	26.175256807069484	23.87969317723052	23.754093213116224	26.19095680258377	0.0
160.0	26.18422823307765	23.766709280940205	23.848293186201946	26.2007692997802	0.0
161.0	26.115540752702643	23.81941640873817	23.80960391154174	26.25543892701745	0.0
162.0	26.185069304265912	23.705030727134076	23.904644955815726	26.205255012784285	0.0
163.0	26.27786749203786	23.839041403131027	23.71596465258153	26.167126452249583	0.0
164.0	26.240299645628674	23.832032476562148	23.74007535997847	26.18759251783071	0.0
165.0	26.17189252231642	23.696620015251423	23.80567891266317	26.325808549768986	0.0
166.0	26.21429993243376	23.71743293139363	23.713788279359775	26.354478856812836	0.0
167.0	26.36765567570447	23.81359567351768	23.651268479086706	26.16748017169115	0.0
168.0	26.256633967596237	23.691359651459123	23.909758415641726	26.14224796530291	0.0
169.0	26.232803550451795	23.800138496777286	23.779111658120424	26.187946294650494	0.0
170.0	26.282854619622352	23.84120442407166	23.75709659783843	26.11884435846756	0.0
171.0	26.28453677614702	23.777562835555184	23.76158234857087	26.17631803972693	0.0
172.0	26.290704683404126	23.657008284620883	23.825504296508125	26.22678273546687	0.0
173.0	26.1326552354465	23.77314373507082	23.78632066479012	26.307880364692558	0.0
174.0	26.383371228794196	23.766762082857888	23.637796026163286	26.21207066218463	0.0
175.0	26.33683130398701	23.726670460885437	23.785265908383636	26.151232326743916	0.0
176.0	26.30318798484929	23.739567066554894	23.670317901329753	26.28692704726606	0.0
177.0	26.312720258604983	23.493970836849527	23.874140343105783	26.31916856143971	0.0
178.0	26.277955495496002	23.811339480715368	23.55032339640521	26.36038162738342	0.0
179.0	26.235340624588222	23.692466419762084	23.791714211218366	26.280478744431328	0.0
180.0	26.097963738109186	23.727231182871066	23.789190962283037	26.38561411673671	0.0
181.0	26.305150511798992	23.67143934530101	23.824516447377643	26.198893695522358	0.0
182.0	26.074413414712783	23.882831533883028	23.753865477188427	26.288889574215762	0.0
183.0	26.321972171367854	23.750220784281844	23.711250606280647	26.21655643806966	0.0
184.0	26.17429531066889	23.87588944774337	23.753371350390545	26.1964438911972	0.0
185.0	26.19896714720675	23.76010003308269	23.852058696542016	26.18887412316854	0.0
186.0	26.117381869564486	23.825985051109953	23.797388149668333	26.25924492965723	0.0
187.0	26.18242580225523	23.71131708356463	23.907009605194542	26.199247508985597	0.0
188.0	26.288402554656532	23.840563863609603	23.71131708356463	26.15971649816924	0.0
189.0	26.233732007782844	23.824302880436914	23.748605200150273	26.193359911629965	0.0
190.0	26.161679030621116	23.695336462170786	23.810845515052623	26.33213899215548	0.0
191.0	26.20633002598961	23.708299573007814	23.72119625099178	26.364174150010793	0.0
192.0	26.361931249491843	23.81007118405522	23.66119866210984	26.166798904343096	0.0
193.0	26.255954199971406	23.685590205253433	23.917730408964875	26.140725185810286	0.0
194.0	26.225114317835825	23.793249430163087	23.79268870503335	26.18894754696774	0.0
195.0	26.281894925128757	23.84889494475425	23.749085312003228	26.120124818113766	0.0
196.0	26.2883433002784	23.776560997423456	23.75497295887899	26.180122743419155	0.0
197.0	26.296754224386632	23.643948760650332	23.832073096537783	26.227223918425253	0.0
198.0	26.13982359439046	23.77214181979264	23.775225833945463	26.312808751871437	0.0
199.0	26.389702728238714	23.76323676603762	23.634548905592453	26.21251160013121	0.0
200.0	26.346246043338933	23.727910686699733	23.789871508395553	26.135971761565784	0.0
201.0	26.307570239406964	23.736868223835277	23.66200974001396	26.2935517967438	0.0
202.0	26.306729132847174	23.489302526403737	23.88350113409201	26.320467206657078	0.0
203.0	26.27196339504252	23.80639969944459	23.55210514953473	26.369531755978166	0.0
204.0	26.23622329822161	23.698590577871485	23.78971096612845	26.275475157778455	0.0
205.0	26.096598826369398	23.729711695091556	23.786907261874386	26.386782216664656	0.0
206.0	26.310521460954213	23.6669087198006	23.83064504823773	26.191924771007457	0.0
207.0	26.073608451486102	23.881392095236226	23.756627255930535	26.288372197347137	0.0
208.0	26.318091462440172	23.75774873763216	23.707842801909884	26.21631699801778	0.0
209.0	26.181624470799335	23.866879748787394	23.755011635405275	26.196484145007993	0.0
210.0	26.20125045560322	23.75389015055934	23.843048195811253	26.20181119802619	0.0
211.0	26.11012981187092	23.829310006448537	23.80295511256904	26.257605069111506	0.0
212.0	26.19732525864244	23.70005887795441	23.91370174110522	26.188914122297923	0.0
213.0	26.29167741429004	23.842060403512512	23.71561227808494	26.150649904112512	0.0
214.0	26.236724348694025	23.81009790617605	23.753462603878116	26.199715141251804	0.0
215.0	26.17924792804513	23.69065910033981	23.80449045050299	26.325602521112067	0.0
216.0	26.223620351756683	23.703622706894667	23.714276902544952	26.358480038803698	0.0
217.0	26.367171619465772	23.803435697723646	23.66885638424637	26.160536298564207	0.0
218.0	26.261470783672163	23.677547964908445	23.923155212004474	26.137826039414918	0.0
219.0	26.23988201880185	23.793061875643108	23.78296842713231	26.184087678422728	0.0
220.0	26.296104187402747	23.840859069434902	23.745251146033393	26.117785597128957	0.0
221.0	26.296945312828562	23.768802657956346	23.75814840256263	26.17610362665246	0.0
222.0	26.300309814531843	23.642633844083385	23.830204814041185	26.226851527343587	0.0
223.0	26.1513702048438	23.769002585080553	23.769563340081085	26.31006386999456	0.0
224.0	26.38612015331085	23.768228093343538	23.624954789001322	26.22069696434429	0.0
225.0	26.345745680071552	23.71860113665357	23.804957648859844	26.130695534415032	0.0
226.0	26.301445910822885	23.743835182428132	23.670376071395527	26.284342835353456	0.0
227.0	26.305651585118646	23.49121434639616	23.879818651324367	26.32331541716083	0.0
228.0	26.272006190752563	23.804396892287073	23.55373870425979	26.369858212700574	0.0
229.0	26.234435500377106	23.694208225738166	23.788415329963186	26.28294094392154	0.0
230.0	26.092844465753195	23.737666860127685	23.783648899094658	26.38583977502446	0.0
231.0	26.310418015987167	23.668693801677225	23.829630938061634	26.191257244273974	0.0
232.0	26.088638791457434	23.882342055901823	23.75364842245157	26.275370730189174	0.0
233.0	26.330885630893203	23.755891448742645	23.702058817756917	26.21116410260724	0.0
234.0	26.182638927830425	23.853249593450347	23.75904222508832	26.20506925363091	0.0
235.0	26.19273257444064	23.754275780855714	23.852408456232826	26.200583188470812	0.0
236.0	26.12319856445915	23.825492065272247	23.802500981326755	26.248808388941846	0.0
237.0	26.201290872488492	23.691042959922388	23.91394557250924	26.193720595079878	0.0
238.0	26.28288164011462	23.84945802421367	23.724969017938754	26.142691317732954	0.0
239.0	26.231852362767693	23.81272815974968	23.751044417901742	26.204375059580887	0.0
240.0	26.16554087209123	23.690755586212312	23.816653908596138	26.327049633100323	0.0
241.0	26.204850527590917	23.710886347130426	23.7221027365186	26.36216038876006	0.0
242.0	26.354369680739193	23.804209138963277	23.678299519075725	26.1631216612218	0.0
243.0	26.257252706882678	23.69353124447897	23.913390971729516	26.13582507690884	0.0
244.0	26.241323704690455	23.77368015144079	23.78630021734558	26.198695926523175	0.0
245.0	26.307095138464298	23.82023480314342	23.74843642197255	26.12423363641973	0.0
246.0	26.278531000555333	23.784294697398902	23.75933270133673	26.177841600709034	0.0
247.0	26.295638710546022	23.631855448316095	23.82791573054193	26.24459011059595	0.0
248.0	26.15587439166351	23.74889552741196	23.781714141456643	26.31351593946789	0.0
249.0	26.360994547045756	23.773926800260305	23.62385835783049	26.241220294863453	0.0
