# Position (bp)	A	C	G	T	N
0.0	26.26726397914171	23.756607554840205	23.73745315032777	26.23867531569032	0.0
1.0	26.222665664157535	23.836084039235082	23.6971431348613	26.244107161746083	0.0
2.0	26.224264926556966	23.734147366254792	23.801888167654194	26.239699539534044	0.0
3.0	26.317940451897957	23.735503083720584	23.73321672925562	26.213339735125835	0.0
4.0	26.21852245579141	23.723466273447414	23.790336408216454	26.26767486254472	0.0
5.0	26.20355236538615	23.763587111817216	23.76644454858214	26.266415974214492	0.0
6.0	26.101267775863402	23.66000634316524	23.817728289659783	26.42099759131158	0.0
7.0	26.300120569361667	23.76844968371971	23.495025799557723	26.436403947360905	0.0
8.0	26.26162777409549	23.672376751308484	23.644664365872053	26.421331108723972	0.0
9.0	26.40316070035909	23.746675465434837	23.66925773248888	26.180906101717188	0.0
10.0	26.238466592395802	23.68611991887337	23.75182106435856	26.323592424372265	0.0
11.0	26.156482989116466	23.73868083526152	23.80638158082669	26.298454594795327	0.0
12.0	26.224183734681635	23.853229354129173	23.774673636701234	26.147913274487962	0.0
13.0	26.206758648270345	23.859799468677693	23.75210672151284	26.18133516153912	0.0
14.0	26.290741851629672	23.713257348530295	23.699831462278972	26.29616933756106	0.0
15.0	26.319307567058015	23.68126374725055	23.71754220584455	26.28188647984689	0.0
16.0	26.196760647870427	23.67726454709058	23.86951181192333	26.256462993115665	0.0
17.0	26.28045819407547	23.843231353729255	23.51958179792613	26.356728654269148	0.0
18.0	26.32702031022367	23.713257348530295	23.620990087696747	26.338732253549292	0.0
19.0	26.29131316593824	23.814665638300912	23.639272145570885	26.254749050189965	0.0
20.0	26.37786728368612	23.72296969177593	23.784100322792582	26.115062701745366	0.0
21.0	26.22961122061302	23.839232153569288	23.7355386065644	26.195618019253292	0.0
22.0	26.24389407832719	23.75296369297569	23.775244951009796	26.22789727768732	0.0
23.0	26.214110851798633	23.70747648334195	23.734328179140803	26.34408448571861	0.0
24.0	26.33551479557004	23.687480539661955	23.796601260887076	26.180403403880923	0.0
25.0	26.26581464902834	23.7323285847728	23.748610996055085	26.253245770143767	0.0
26.0	26.221823572932344	23.842877587689355	23.69633588614881	26.23896295322949	0.0
27.0	26.24010557858263	23.706333857988806	23.820310736964785	26.233249826463773	0.0
28.0	26.31580450822833	23.744040494642515	23.736042117170516	26.204112879958636	0.0
29.0	26.19468622079521	23.740041305906516	23.78117581861965	26.284096654678624	0.0
30.0	26.20811206869464	23.76346512564594	23.76289381296937	26.265528992690058	0.0
31.0	26.098991347469514	23.65491571709739	23.816597204567074	26.429495730866027	0.0
32.0	26.27695524622148	23.778890567913365	23.498376043716846	26.445778142148306	0.0
33.0	26.264311341666858	23.66627436641605	23.665703055371466	26.403711236545625	0.0
34.0	26.406282136246258	23.74225873534587	23.683699353275898	26.16775977513197	0.0
35.0	26.23231792317009	23.683413697753604	23.7565415114605	26.3277268676158	0.0
36.0	26.162332320208414	23.73168948102105	23.807388194428576	26.298590004341964	0.0
37.0	26.222605635412144	23.85709225530748	23.776251742498687	26.14405036678169	0.0
38.0	26.210036792431275	23.855663977696018	23.75882675563884	26.175472474233874	0.0
39.0	26.28830640553943	23.712550561027445	23.710550972371397	26.28859206106172	0.0
40.0	26.319728512991613	23.679414520441508	23.707694417148474	26.293162549418405	0.0
41.0	26.208894170342102	23.676557965218585	23.867947165154597	26.246600699284716	0.0
42.0	26.292019927329235	23.836525057702413	23.528017093626456	26.343437921341895	0.0
43.0	26.315729335679517	23.710550972371397	23.632852670307823	26.340867021641262	0.0
44.0	26.27745149569232	23.81367261591901	23.638565780753673	26.270310107635	0.0
45.0	26.384286661029734	23.72226284878539	23.79024886309102	26.103201627093853	0.0
46.0	26.22631915720195	23.819671381887154	23.733689069677094	26.220320391233802	0.0
47.0	26.231460956603215	23.76196896638406	23.779679608766198	26.226890468246534	0.0
48.0	26.212247159878082	23.6927726502758	23.743047878585326	26.351932311260796	0.0
49.0	26.340220468302327	23.679918188492113	23.803892331028102	26.175969012177458	0.0
50.0	26.255381020530006	23.73362127327729	23.758758887432048	26.25223881876066	0.0
51.0	26.22681554989959	23.839027859903506	23.69877139910819	26.235385191088717	0.0
52.0	26.240812630508493	23.70391318382166	23.81988899458113	26.235385191088717	0.0
53.0	26.325080768868208	23.73647782034033	23.735335201515113	26.20310620927635	0.0
54.0	26.188823473961143	23.73105038092055	23.793037452188543	26.28708869292976	0.0
55.0	26.214246742822212	23.762758053320308	23.765900255089655	26.25709494876783	0.0
56.0	26.117409797385115	23.657065811987785	23.813604591042438	26.41191979958466	0.0
57.0	26.28366083645411	23.780182990404857	23.505668817646605	26.430487355494424	0.0
58.0	26.250735558767573	23.6758513914201	23.668710044162093	26.404703005650234	0.0
59.0	26.410701737346958	23.739552208961534	23.68499231591035	26.164753737781155	0.0
60.0	26.232168055896754	23.6941332404006	23.75354924958723	26.320149454115416	0.0
61.0	26.16618200723276	23.72898301501968	23.810680027651294	26.294154950096267	0.0
62.0	26.224169746967785	23.83953107057365	23.789255985877272	26.147043196581294	0.0
63.0	26.21531447636785	23.853528111199346	23.759833635174278	26.17132377725852	0.0
64.0	26.297011488999466	23.702131549329568	23.712986397161743	26.28787056450922	0.0
65.0	26.312722452967087	23.689277124265157	23.704416780452135	26.293583642315628	0.0
66.0	26.197603935167997	23.68442100812971	23.867239497934722	26.250735558767573	0.0
67.0	26.270731331089998	23.834103646657564	23.53588098516314	26.359284037089303	0.0
68.0	26.330432994166948	23.707273319355338	23.63386026954301	26.328433416934704	0.0
69.0	26.293869296205948	23.799825179819123	23.63957334734942	26.266732176625514	0.0
70.0	26.379279809411727	23.712986397161743	23.80639521929649	26.10133857413004	0.0
71.0	26.217028399709775	23.827819261070516	23.73726697783897	26.217885361380738	0.0
72.0	26.230168478664513	23.763547135748443	23.78954163976759	26.216742745819456	0.0
73.0	26.208383917731915	23.690352067414125	23.748339641505392	26.352924373348568	0.0
74.0	26.344354781118334	23.68635292437335	23.796329357994715	26.172962936513606	0.0
75.0	26.246661429693635	23.749196600728414	23.76005141755338	26.244090552024566	0.0
76.0	26.224380489895022	23.833464257659074	23.70063557809041	26.241519674355494	0.0
77.0	26.249517960437046	23.703206455759478	23.812040277083483	26.23523530671999	0.0
78.0	26.316075126758555	23.732628722416624	23.73634221238306	26.214953938441766	0.0
79.0	26.19410126401485	23.73634221238306	23.796043704920375	26.27351281868171	0.0
80.0	26.224666142969365	23.760622723702063	23.768906662857958	26.245804470470613	0.0
81.0	26.114689709348	23.666642862243805	23.80946939941441	26.409198028993785	0.0
82.0	26.291223309290867	23.774905377419124	23.50467756909234	26.429193744197672	0.0
83.0	26.26315428649779	23.664290039877056	23.666289605685623	26.406266067939534	0.0
84.0	26.399124761480365	23.743701367703014	23.685713959254564	26.17145991156206	0.0
85.0	26.228019058718676	23.6974257018476	23.759697894171552	26.314857345262173	0.0
86.0	26.155177732835156	23.732846581885074	23.811400952935934	26.300574732343833	0.0
87.0	26.215164707092175	23.83882356973914	23.79654703550086	26.149464687667823	0.0
88.0	26.220592100001145	23.86024748911665	23.755984414812783	26.163175996069427	0.0
89.0	26.299432123310368	23.69456917926393	23.72456266639244	26.281436031033262	0.0
90.0	26.307430386544635	23.702281790239834	23.71142266250757	26.27886516070796	0.0
91.0	26.199739485140373	23.681143523120692	23.868817056867652	26.250299934871286	0.0
92.0	26.281436031033262	23.83739530844731	23.532033044253247	26.349135616266185	0.0
93.0	26.325140826563377	23.723991361875708	23.632868291456713	26.31799952010421	0.0
94.0	26.3017173413773	23.79740399227596	23.63572481404038	26.265153852306355	0.0
95.0	26.38541345307876	23.709137444440636	23.8082587780939	26.097190324386705	0.0
96.0	26.229447320010514	23.836252699413844	23.726562232201008	26.207737748374637	0.0
97.0	26.23944514905335	23.760269198688285	23.792262251625363	26.208023400633007	0.0
98.0	26.21251896011449	23.68793151221017	23.7510604809799	26.348489046695438	0.0
99.0	26.341919063520315	23.68707455788298	23.808476420901687	26.162529957695018	0.0
100.0	26.257937539455607	23.73963442328402	23.769342173293303	26.23308586396707	0.0
101.0	26.22908674377351	23.831042884851048	23.70964102183234	26.230229349543098	0.0
102.0	26.24822539041411	23.687360209325377	23.828186370427076	26.236228029833438	0.0
103.0	26.309640450529454	23.73620660597526	23.74877526944072	26.205377674054564	0.0
104.0	26.204235068284977	23.725923154048967	23.79048038003068	26.279361397635377	0.0
105.0	26.222802412040778	23.755059601173457	23.77248433915967	26.249653647626094	0.0
106.0	26.121396149989863	23.661365928067255	23.805905557920116	26.411332364022773	0.0
107.0	26.299356998603162	23.772198687717275	23.49940156022818	26.42904275345138	0.0
108.0	26.26443249790047	23.663012242985847	23.67215306303167	26.40040219608202	0.0
109.0	26.41039996800713	23.73099709207662	23.694148161266916	26.164454778649333	0.0
110.0	26.241866098412352	23.69300555876119	23.751849587806145	26.31327875502031	0.0
111.0	26.17245299618942	23.730711441450193	23.811264918103966	26.285570644256424	0.0
112.0	26.221870554562127	23.82811830506344	23.803266700563874	26.146744439810554	0.0
113.0	26.2207279520564	23.85097035517799	23.75870520284051	26.1695964899251	0.0
114.0	26.30413793497449	23.695005113146212	23.73499620084667	26.265860751032626	0.0
115.0	26.3087083449974	23.701575077554146	23.717000211381464	26.27271636606699	0.0
116.0	26.19216288941322	23.67586652117528	23.877250212809717	26.254720376601785	0.0
117.0	26.275001571078445	23.832688715086352	23.539896822993732	26.35241289084147	0.0
118.0	26.315278309405333	23.71500065699644	23.63644673472769	26.333274298870535	0.0
119.0	26.302995332468765	23.790412422374445	23.635875433474826	26.270716811681964	0.0
120.0	26.37897839909963	23.704431583818465	23.805266254948897	26.11132376213301	0.0
121.0	26.230725723981514	23.826975702557714	23.73185404395592	26.21044452950485	0.0
122.0	26.236153085883718	23.752992190311872	23.790698073000875	26.220156650803535	0.0
123.0	26.220802851944004	23.687360209325377	23.748489617998324	26.343347320732295	0.0
124.0	26.352773818331393	23.68136152903504	23.813046843980036	26.152817808653523	0.0
125.0	26.262507962533952	23.740205726168814	23.7696278247357	26.227658486561527	0.0
126.0	26.232514561082276	23.831042884851048	23.705070598753988	26.23137195531269	0.0
127.0	26.261365356764372	23.675362848744705	23.827615067542286	26.23565672694864	0.0
128.0	26.311354359183838	23.733635742993684	23.7507748295375	26.204235068284977	0.0
129.0	26.199093342321834	23.7322074857817	23.799049923302587	26.26964924859388	0.0
130.0	26.20766288559374	23.75563090405825	23.775055202141242	26.261651008206766	0.0
131.0	26.119110938450685	23.665079396818413	23.80533425503532	26.410475409695582	0.0
132.0	26.279361397635377	23.77248433915967	23.518540206868774	26.429614056336177	0.0
133.0	26.261154720689223	23.662576126326854	23.674573521178257	26.401695631805666	0.0
134.0	26.4091225905232	23.736560061243843	23.685142654737827	26.16917469349513	0.0
135.0	26.23830254001988	23.69285526571373	23.763982678047054	26.304859516219338	0.0
136.0	26.16917469349513	23.72456266639244	23.824540956820805	26.281721683291625	0.0
137.0	26.224305579359907	23.828825740696306	23.802260080668198	26.144608599275585	0.0
138.0	26.228304710977046	23.837680960705676	23.770552679989486	26.16346164832779	0.0
139.0	26.316285606554008	23.69114135216353	23.725133970909173	26.26743907037329	0.0
140.0	26.31228647493687	23.69885396313943	23.71570744638307	26.273152115540626	0.0
141.0	26.187606049006785	23.672423544736258	23.885235693024903	26.254734713232057	0.0
142.0	26.278443986128647	23.831818415535	23.54502190965339	26.344715688682964	0.0
143.0	26.318435530773492	23.714985974393983	23.64043030902038	26.326148185812144	0.0
144.0	26.303010220696194	23.78754206253535	23.63414592343333	26.27530179333512	0.0
145.0	26.374995001056917	23.70241720321989	23.810394373760975	26.112193421962214	0.0
146.0	26.241880288167646	23.819820952141548	23.725555168335838	26.212743591354972	0.0
147.0	26.241308980387	23.748693133451784	23.798968218148165	26.211029668013047	0.0
148.0	26.22453031224916	23.68391735438037	23.749903591536622	26.341648741833843	0.0
149.0	26.359644988331006	23.671062892596687	23.80817715162266	26.161114967449645	0.0
150.0	26.265093280544345	23.731336035626853	23.77475555098508	26.22881513284372	0.0
151.0	26.23138602520046	23.833314765777423	23.714768062661214	26.220531146360905	0.0
152.0	26.263665007012822	23.668777654946254	23.822174232231564	26.24538310580936	0.0
153.0	26.311369342965612	23.71791026443056	23.75304579330597	26.21767459929786	0.0
154.0	26.191394366317883	23.736763475046633	23.802178402790275	26.269663755845208	0.0
155.0	26.221102455773508	23.747047044473582	23.779040371579644	26.252810128173266	0.0
156.0	26.116552833266205	23.665635453176908	23.81160500809831	26.406206705458573	0.0
157.0	26.278233397034334	23.779040371579644	23.517666315311377	26.425059916074645	0.0
158.0	26.266596585845196	23.65741904522498	23.669130921638978	26.406853447290846	0.0
159.0	26.41113828012523	23.72740464818666	23.687698530587994	26.173758541100117	0.0
160.0	26.242601521972624	23.684556319842777	23.769110354441374	26.30373180374323	0.0
161.0	26.16318928677529	23.72311981535227	23.830811947256564	26.282878950615874	0.0
162.0	26.224890879590486	23.82481318128842	23.80567426129482	26.144621677826272	0.0
163.0	26.23546013391531	23.830811947256564	23.771395598619712	26.162332320208414	0.0
164.0	26.322585068214536	23.70083868461345	23.723691126396858	26.252885120775154	0.0
165.0	26.3125871249343	23.689412463721748	23.731403825498752	26.266596585845196	0.0
166.0	26.202188133801812	23.672122718313478	23.883509012483216	26.242180135401494	0.0
167.0	26.2747450509898	23.84380266803782	23.552432370668726	26.329019910303654	0.0
168.0	26.326448995915104	23.72039877738738	23.640700431342303	26.312451795355212	0.0
169.0	26.295883680406774	23.79209872311252	23.650412774587938	26.261604821892764	0.0
170.0	26.376438997914704	23.705258948210357	23.820093124232297	26.09820892964264	0.0
171.0	26.234181735081556	23.814951295455195	23.737823863798667	26.21304310566458	0.0
172.0	26.23675264947011	23.747536207044305	23.797240551889622	26.218470591595967	0.0
173.0	26.23140009540976	23.669619417886185	23.752174571298802	26.34680591540525	0.0
174.0	26.352233416840683	23.674475603381048	23.820161168226836	26.153129811551434	0.0
175.0	26.270535237338926	23.724180090210787	23.76817141763481	26.23711325481548	0.0
176.0	26.231971411350337	23.827873933424552	23.711896797488496	26.22825785773662	0.0
177.0	26.289674321348077	23.659335730955895	23.816161956642834	26.234827991053194	0.0
178.0	26.318811434317237	23.71760995689421	23.75845904664509	26.205119562143466	0.0
179.0	26.20054903461889	23.726465353973076	23.807592217534257	26.265393393873783	0.0
180.0	26.217974170806325	23.7461757539228	23.79245234510911	26.243397730161767	0.0
181.0	26.12656362031485	23.669048101945616	23.799308136395965	26.40508014134356	0.0
182.0	26.276819712685214	23.780169052386814	23.5199346414564	26.423076593471574	0.0
183.0	26.268610669926986	23.652261846269866	23.675114549173305	26.404012934629844	0.0
184.0	26.414296650936393	23.730532353714135	23.679113772181402	26.17605722316807	0.0
185.0	26.244329673092086	23.681970360044335	23.768239313504804	26.305460653358775	0.0
186.0	26.16434521293006	23.72596181313345	23.82394277683193	26.285750197104562	0.0
187.0	26.231189368922607	23.819372236251244	23.797662168492977	26.15177622633317	0.0
188.0	26.236902544648466	23.825085411977103	23.777380394666178	26.16063164870825	0.0
189.0	26.31717266359679	23.685112606693558	23.7279614246375	26.269753305072157	0.0
190.0	26.299461818846627	23.690825782419417	23.74167304637956	26.2680393523544	0.0
191.0	26.19963092673953	23.66782263915947	23.88492455708352	26.247621877017473	0.0
192.0	26.278187541777836	23.847217381865136	23.54898790513789	26.32560717121914	0.0
193.0	26.325892831637464	23.71267132483589	23.63925659732736	26.32217924619929	0.0
194.0	26.313323773231335	23.786086052344416	23.649826032805244	26.25076414161901	0.0
195.0	26.383881896556648	23.69781698308319	23.81265247124828	26.105648649111885	0.0
196.0	26.237338101957917	23.819793981706308	23.736952460393184	26.20591545594259	0.0
197.0	26.241051687396087	23.749521518799313	23.80065473367879	26.208772060125806	0.0
198.0	26.238270035564824	23.663034007969948	23.754731264193794	26.343964692271438	0.0
199.0	26.363389656206703	23.659891734392186	23.816148429577364	26.160570179823743	0.0
200.0	26.26483653035865	23.726450801993913	23.763872423692742	26.24484024395469	0.0
201.0	26.23769871309614	23.81443446217131	23.71359604644852	26.234270778284035	0.0
202.0	26.286546784168653	23.656749460814417	23.81700541328039	26.239698341736535	0.0
203.0	26.31669156694652	23.720301774252064	23.75001071235749	26.21299594644392	0.0
204.0	26.211853294978333	23.71715948272168	23.80657195990436	26.264415262395623	0.0
205.0	26.219566192371087	23.745725769361513	23.786289896390077	26.248418141877316	0.0
206.0	26.127011423658026	23.671167761231548	23.810856902900333	26.390963912210086	0.0
207.0	26.27384213698677	23.78771821072207	23.510625230315686	26.42781442197547	0.0
208.0	26.270489227622534	23.64609697710691	23.67609166376242	26.40732213150813	0.0
209.0	26.4224623066771	23.7289394450126	23.677519982174587	26.171078266135712	0.0
210.0	26.230781975764295	23.68209060109352	23.768932360553276	26.318195062588913	0.0
211.0	26.173649239277612	23.722940507681496	23.822922796533184	26.280487456507707	0.0
212.0	26.22792533893996	23.817209522884518	23.806068639269615	26.148796498905906	0.0
213.0	26.254777725088697	23.815495540789914	23.76778970582354	26.161937028297842	0.0
214.0	26.3294863737645	23.683654230703308	23.724790035993827	26.262069359538366	0.0
215.0	26.304347826086953	23.687367879792035	23.737930640461634	26.270353653659374	0.0
216.0	26.203086345691283	23.66922052916945	23.872615395163088	26.255077729976172	0.0
217.0	26.28193042295848	23.840335030194996	23.55666775220106	26.32106679464546	0.0
218.0	26.335064475029853	23.709785235589532	23.650652177639135	26.30449811174148	0.0
219.0	26.317353124339395	23.775202966365576	23.661793188557326	26.245650720737707	0.0
220.0	26.3864845254215	23.686360545966668	23.818338675305235	26.108816253306593	0.0
221.0	26.231938707299935	23.820338343931578	23.7389232641448	26.208799684623692	0.0
222.0	26.24850739020391	23.733781259105633	23.806340663547186	26.211370687143276	0.0
223.0	26.24086934413538	23.673001825417003	23.759559157508633	26.326569672938977	0.0
224.0	26.370848176154173	23.65843276952039	23.81183635807883	26.15888269624661	0.0
225.0	26.270157546671236	23.717415834654552	23.76712230935139	26.24530430932282	0.0
226.0	26.243590292953968	23.80311665309737	23.716558826470127	26.236734227478536	0.0
227.0	26.29116162409692	23.65470371629439	23.81096576804084	26.243168891567848	0.0
228.0	26.307159201606613	23.716408658117487	23.7689721270779	26.207460013198002	0.0
229.0	26.214465892112866	23.721400595913167	23.817386609379774	26.246746902594193	0.0
230.0	26.219036654658893	23.743683063325058	23.77596407380639	26.261316208209664	0.0
231.0	26.117622860668877	23.657695592927887	23.810530465560735	26.414151080842508	0.0
232.0	26.29216885539536	23.78024916369329	23.53114260493471	26.396439375976644	0.0
233.0	26.27310384230824	23.645764890729897	23.682331095557778	26.398800171404087	0.0
234.0	26.402799600057136	23.73860877017569	23.690329952863877	26.1682616769033	0.0
235.0	26.22739608627339	23.681188401656904	23.776889015854877	26.314526496214825	0.0
236.0	26.178545922011143	23.714326524782173	23.83459505784888	26.272532495357808	0.0
237.0	26.235966290529923	23.816597628910156	23.799742893872303	26.147693186687615	0.0
238.0	26.240822739608628	23.820025710612768	23.78317383230967	26.155977717468932	0.0
239.0	26.331381231252678	23.682902442508215	23.723468075989143	26.262248250249964	0.0
240.0	26.309384025986272	23.67790281432216	23.7396116343981	26.273101525293473	0.0
241.0	26.210305272631174	23.657557533248575	23.88011942345328	26.252017770666967	0.0
242.0	26.29172904833198	23.835415261888706	23.53341181042069	26.33944387935862	0.0
243.0	26.3272338674652	23.698196447756416	23.654193430406657	26.32037625437173	0.0
244.0	26.316752011704462	23.77326033284565	23.65067209217264	26.259315563277248	0.0
245.0	26.37467528199383	23.692054446886278	23.802937251192418	26.13033301992747	0.0
246.0	26.245166379435997	23.817567084794494	23.72439574384169	26.212870791927816	0.0
247.0	26.24819562949306	23.721076476725404	23.821120782060625	26.209607111720906	0.0
248.0	26.25280179314761	23.672293124742694	23.750057179451993	26.3248479026577	0.0
249.0	26.364452475026734	23.65212966086673	23.831960065642384	26.15145779846415	0.0
