# Position (bp)	A	C	G	T	N
0.0	26.250903109772032	23.770156641507693	23.800285920710806	26.178654328009472	0.0
1.0	26.118703211227768	23.910964905538563	23.83471938265722	26.135612500576457	0.0
2.0	26.034560674858508	23.783597667262047	23.91025660732347	26.271585050555977	0.0
3.0	26.157913342862855	23.87482516407679	23.780144787199706	26.187116705860653	0.0
4.0	26.192913373724707	23.90038024449998	23.709489513305485	26.19721686846983	0.0
5.0	26.160353116201296	23.756347362079353	23.816286132320215	26.267013389399136	0.0
6.0	26.117278941674044	23.91960509491492	23.85628749877053	26.106828464640504	0.0
7.0	26.126818353654222	23.94402559602659	23.70798154676469	26.22117450355449	0.0
8.0	26.333679597268407	23.80861643995599	23.733012065966353	26.12469189680925	0.0
9.0	26.220842681090385	23.887027874243216	23.715541350379546	26.176588094286856	0.0
10.0	26.215507730509312	23.6654076994705	23.944142422072595	26.174942147947593	0.0
11.0	26.043718634660834	23.8116896487082	23.86823561227908	26.27635610435189	0.0
12.0	26.101186543289927	23.80185556808718	23.829513919833804	26.267443968789088	0.0
13.0	26.14083018079343	23.734246263817653	23.88728914348231	26.237634411906612	0.0
14.0	26.217351620625756	23.820601784271002	23.88022089803595	26.08182569706729	0.0
15.0	26.12853758001715	23.778192311592843	23.81291890878583	26.28035119960418	0.0
16.0	26.158347136899625	23.855021066444582	23.748075439690965	26.238556356964832	0.0
17.0	26.290492595244608	23.873767282628403	23.64174444297616	26.193995679150827	0.0
18.0	26.180166503277512	23.960737433120567	23.710583007323315	26.1485130562786	0.0
19.0	26.172176312772933	23.82521150956211	23.71519273261442	26.287419445050535	0.0
20.0	26.1979102642901	23.78641671788568	23.95820528580209	26.057467732022126	0.0
21.0	26.18223724646589	23.9440688383528	23.675476336816224	26.19821757836509	0.0
22.0	26.231407498463426	23.763675476336815	23.826060233558696	26.17885679164106	0.0
23.0	26.082052858020898	23.78641671788568	23.823909035033804	26.30762138905962	0.0
24.0	26.2337853909484	23.76390976057234	23.89728365923891	26.10502118924035	0.0
25.0	26.28326280496987	23.714125033420302	23.82107000285801	26.18154215875182	0.0
26.0	26.15603516891466	23.8395087906921	23.848420871478577	26.15603516891466	0.0
27.0	26.07428987618354	23.792797194845743	23.848728184609143	26.28418474436157	0.0
28.0	26.185537229449203	23.79832883119597	23.788802124148358	26.22733181520647	0.0
29.0	26.245770603040558	23.827216265469374	23.738402770735185	26.188610360754883	0.0
30.0	26.14835234065046	23.763602447441773	23.783270487798134	26.304774724109635	0.0
31.0	26.129606239685803	23.927400346034585	23.85764026539562	26.085353148883993	0.0
32.0	26.124689229596715	23.935697800559925	23.760836629266656	26.178776340576704	0.0
33.0	26.30754054228475	23.832133275558466	23.733793073776663	26.126533108380123	0.0
34.0	26.232248825295557	23.88406919462448	23.716583538464846	26.167098441615117	0.0
35.0	26.211966158678063	23.64590151843418	23.962741356049918	26.17939096683784	0.0
36.0	26.051241391390928	23.82352850790256	23.85272325530653	26.272506845399985	0.0
37.0	26.115162522549102	23.81492374024665	23.8115432958104	26.258370441393847	0.0
38.0	26.162488744656592	23.728261437426436	23.86931816435721	26.23993165355976	0.0
39.0	26.190146926407724	23.83489909373358	23.887756952191296	26.087197027667404	0.0
40.0	26.13913294673342	23.778046164578473	23.800480023109944	26.282340865578163	0.0
41.0	26.16525456283171	23.849957437131415	23.767904831269725	26.21688316876715	0.0
42.0	26.257448502002145	23.901278729936294	23.654813599220653	26.18645916884091	0.0
43.0	26.177854401184998	23.95413658839401	23.71965666977053	26.14835234065046	0.0
44.0	26.170478886051363	23.794026447368015	23.755304992916432	26.28018967366419	0.0
45.0	26.225100030116593	23.814235929711558	23.884917732527768	26.07574630764408	0.0
46.0	26.202051616154787	23.957750720647077	23.631692491134043	26.208505172064093	0.0
47.0	26.246919195333774	23.71005709860419	23.85111339205045	26.19191031401159	0.0
48.0	26.07943405387797	23.813621305339243	23.782275462351183	26.324669178431602	0.0
49.0	26.24868240305099	23.784046244195657	23.8498108499307	26.117460502822652	0.0
50.0	26.30369111532469	23.720432817152883	23.845508492546166	26.13036757497626	0.0
51.0	26.138050356020077	23.851347406139464	23.850425472414205	26.160176765426257	0.0
52.0	26.076280796427813	23.790807091514214	23.83505991032658	26.29785220173139	0.0
53.0	26.19367369077728	23.7889632240637	23.800333740008544	26.21702934515048	0.0
54.0	26.242536178215936	23.84212806888689	23.708754989966287	26.206580762930887	0.0
55.0	26.156489030525226	23.76837337086628	23.7591540336137	26.315983564994795	0.0
56.0	26.134669932360794	23.911887720764714	23.85780094221627	26.095641404658227	0.0
57.0	26.130060263734507	23.92571672664358	23.75362243126216	26.190600578359756	0.0
58.0	26.31444700878603	23.845508492546166	23.72627173074618	26.113772767921624	0.0
59.0	26.235160708413872	23.886995510182757	23.716437771010103	26.161406010393268	0.0
60.0	26.22256094750202	23.638380715604956	23.948765069775018	26.190293267118005	0.0
61.0	26.055383631988644	23.81108963346988	23.862410610842556	26.271116123698924	0.0
62.0	26.127294462558737	23.80371416366782	23.8375184002606	26.231472973512844	0.0
63.0	26.176771572480895	23.739178802899787	23.854113207315237	26.229936417304085	0.0
64.0	26.18599090973347	23.8375184002606	23.885151642732243	26.09133904727369	0.0
65.0	26.13497724360255	23.77206110576731	23.826455195557507	26.266506455072637	0.0
66.0	26.15802558673399	23.831064864183794	23.778821953085867	26.23208759599635	0.0
67.0	26.276647726050467	23.8983660261276	23.64729274161578	26.17769350620615	0.0
68.0	26.194288313260788	23.930326395269866	23.737642246691028	26.137743044778322	0.0
69.0	26.1896786446345	23.7889632240637	23.743481160284325	26.277876971017477	0.0
70.0	26.21909994960111	23.822386940541605	23.893990239824955	26.06452287003233	0.0
71.0	26.221251121682588	23.949306093348575	23.623557178153927	26.20588560681491	0.0
72.0	26.26027952944647	23.72128185271232	23.850044867303414	26.168393750537795	0.0
73.0	26.063293628842914	23.801797150618924	23.787660876940663	26.347248343597496	0.0
74.0	26.242374886679677	23.78881701264578	23.84720578970821	26.121602310966335	0.0
75.0	26.306909850801308	23.73411594781887	23.839830365237166	26.119143836142655	0.0
76.0	26.147723605967947	23.84935695517893	23.857346998355894	26.14557244049723	0.0
77.0	26.09117868502328	23.781134278821774	23.84751309906117	26.280173937093775	0.0
78.0	26.17691799449916	23.812787142176674	23.797728983881626	26.21256587944254	0.0
79.0	26.244218742797436	23.84382538682565	23.718443170817906	26.19351269955901	0.0
80.0	26.159708670733394	23.759315314761604	23.78543660976322	26.295539404741785	0.0
81.0	26.15694288655675	23.91143344447688	23.86257125735622	26.06905241161015	0.0
82.0	26.12713387931962	23.920345415712728	23.759315314761604	26.193205390206053	0.0
83.0	26.294002857976984	23.84782040841413	23.74425715646656	26.11391957714233	0.0
84.0	26.246984526974078	23.902521473241038	23.699697300287333	26.150796699497548	0.0
85.0	26.214409735560302	23.618874940458813	23.96336872512715	26.203346598853738	0.0
86.0	26.05184308784438	23.795577818410905	23.877322106298305	26.27525698744641	0.0
87.0	26.12559733255482	23.817396782471075	23.815552926353316	26.241452958620798	0.0
88.0	26.167698713910358	23.739032897466235	23.8634931854151	26.229775203208312	0.0
89.0	26.20396121755966	23.834606106236844	23.897911832946637	26.063520843256864	0.0
90.0	26.11607074261305	23.78881701264578	23.820162566647713	26.27494967809345	0.0
91.0	26.146187059203147	23.840444983943087	23.796499746469784	26.216868210383982	0.0
92.0	26.284168958682258	23.875478250180542	23.680951429756764	26.159401361380436	0.0
93.0	26.183371490911327	23.932637789831134	23.731350163642233	26.15264055561531	0.0
94.0	26.187059203146845	23.798958221293464	23.75101796223168	26.262964613328005	0.0
95.0	26.225699587592118	23.802880094405143	23.91658420557703	26.054836112425704	0.0
96.0	26.18482756925195	23.954075831422898	23.650762432161667	26.21033416716348	0.0
97.0	26.274868932963745	23.714989889553358	23.846825196831038	26.163315980651863	0.0
98.0	26.07573308420865	23.801958169179425	23.776758879676464	26.345549866935457	0.0
99.0	26.22008745970431	23.79881194934344	23.841220379401797	26.13988021155046	0.0
100.0	26.308899316855506	23.730282384828847	23.82370385394291	26.137114444372738	0.0
101.0	26.159547889258683	23.844293454043704	23.855049215290393	26.141109441407224	0.0
102.0	26.095320629242764	23.77760773431426	23.835074230117975	26.291997406325002	0.0
103.0	26.194888247640648	23.79082195527447	23.813562707624605	26.200727089460273	0.0
104.0	26.243135519518635	23.825240391263865	23.729975077364653	26.20164901185285	0.0
105.0	26.156782122080962	23.7693104327811	23.77207619995882	26.301831245179113	0.0
106.0	26.14264597872818	23.93494915598005	23.8446007615079	26.077804103783876	0.0
107.0	26.114988306950988	23.910364558844773	23.79235849259543	26.182288641608814	0.0
108.0	26.313508928818376	23.84521537643628	23.74718429535935	26.094091399386	0.0
109.0	26.228999376165845	23.876560737783763	23.714917011619296	26.1795228744311	0.0
110.0	26.217628999990783	23.608588629009212	23.988727962213474	26.185054408786534	0.0
111.0	26.05444873650536	23.788056188096753	23.87840458256891	26.27909049282898	0.0
112.0	26.14448982351332	23.818479627051662	23.808031173269168	26.228999376165845	0.0
113.0	26.172454802754704	23.726594695258555	23.868878051178985	26.23207245080776	0.0
114.0	26.206873238744095	23.819401549444237	23.89161880352912	26.082106408282552	0.0
115.0	26.12512945326929	23.783446576133887	23.839376534616648	26.252047435980174	0.0
116.0	26.148177513083613	23.84244960925856	23.822474624086144	26.186898253571684	0.0
117.0	26.27325165100935	23.885779961709492	23.676810886059613	26.164157501221545	0.0
118.0	26.18659094610749	23.942324535120633	23.74380391325325	26.127280605518628	0.0
119.0	26.185976331179106	23.776993119385878	23.772690814887206	26.264339734547814	0.0
120.0	26.23215306417214	23.79335353373939	23.8978383926541	26.07665500943437	0.0
121.0	26.202651456949166	23.949158896885734	23.63478239491589	26.21340725124921	0.0
122.0	26.275483549780887	23.706692562521894	23.880321813365455	26.13750207433176	0.0
123.0	26.081571943971532	23.802880094405143	23.78413428148221	26.331413680141114	0.0
124.0	26.226087490972787	23.799572839999385	23.84689848035525	26.127441188672577	0.0
125.0	26.309368325624988	23.72520397658303	23.862878566709178	26.102549131082803	0.0
126.0	26.17077180743996	23.858883545120698	23.84997157388485	26.120373073554493	0.0
127.0	26.108695318142004	23.76791997664449	23.844132696178608	26.27925200903489	0.0
128.0	26.185829965735007	23.794655890352022	23.823235660177318	26.196278483735654	0.0
129.0	26.23499946220863	23.81432368894147	23.733808638465913	26.216868210383982	0.0
130.0	26.17415221032252	23.745793703231357	23.786051228469137	26.294002857976984	0.0
131.0	26.161018303401313	23.920726235694705	23.865103071873733	26.053152389030252	0.0
132.0	26.120453344150658	23.920418925397353	23.792270531400966	26.166857199051023	0.0
133.0	26.297771385723596	23.86141534830549	23.729579230740864	26.11123403523005	0.0
134.0	26.22954849971113	23.87831741465993	23.727735368956743	26.1643987166722	0.0
135.0	26.217256087816992	23.59620656168947	23.984032156949514	26.202505193544024	0.0
136.0	26.02979680643139	23.791348600508904	23.889995205959362	26.288859387100345	0.0
137.0	26.123219136826837	23.80517756388981	23.830684318570146	26.240918980713207	0.0
138.0	26.171466853511326	23.710833302602303	23.859878796818723	26.257821047067647	0.0
139.0	26.197280918489017	23.820850389054836	23.909970375287333	26.071898317168813	0.0
140.0	26.137048100207743	23.752012882447666	23.843898661356345	26.267040355988247	0.0
141.0	26.1425796855601	23.83898169659869	23.81132376983688	26.207114848004327	0.0
142.0	26.277181595800915	23.87278582930757	23.7016139936817	26.14841858120982	0.0
143.0	26.21356836424875	23.9247212695603	23.747403227987363	26.114307138203586	0.0
144.0	26.19981991561233	23.780358509294626	23.774519595701328	26.245301979391712	0.0
145.0	26.23124627383974	23.800099569148315	23.905507649000313	26.06314650801163	0.0
146.0	26.201744303968628	23.924561004542074	23.652897031978906	26.220797659510392	0.0
147.0	26.28256740892803	23.69284761617937	23.86893749884758	26.15564747604501	0.0
148.0	26.09910203379205	23.80808968598841	23.76721716522947	26.325591114990072	0.0
149.0	26.229336906382628	23.76774360093301	23.87407459764781	26.128844895036558	0.0
150.0	26.3123119616225	23.716421992692048	23.856557641541613	26.114708404143837	0.0
151.0	26.180166503277512	23.863625886987975	23.847645505978814	26.108562103755695	0.0
152.0	26.096269502979418	23.748997384749185	23.861474681852126	26.293258430419268	0.0
153.0	26.170025107637084	23.80585066333947	23.836582165280163	26.18754206374328	0.0
154.0	26.221346715878045	23.822138359368036	23.739163304128162	26.217351620625756	0.0
155.0	26.166337327404204	23.726870703351885	23.80369945820362	26.303092511040294	0.0
156.0	26.168568952482808	23.91194783004198	23.845874897817442	26.073608319657772	0.0
157.0	26.110178919354144	23.920245361065525	23.789328760471793	26.180246959108537	0.0
158.0	26.323148882291843	23.830509099625687	23.733089939089975	26.113252078992495	0.0
159.0	26.24847110307992	23.86154801197303	23.720489984572737	26.16949090037431	0.0
160.0	26.20421760428767	23.60340260235158	23.997381667988122	26.19499812537262	0.0
161.0	26.03334992839538	23.780416597520578	23.890128396609693	26.29610507747435	0.0
162.0	26.142139779592995	23.798855555350677	23.815143301433935	26.243861363622393	0.0
163.0	26.19561275730029	23.694368127646758	23.852021217094144	26.257997897958806	0.0
164.0	26.212207819347384	23.789636076435627	23.932230683655092	26.065925420561896	0.0
165.0	26.120320346160703	23.749992317100904	23.860011432153854	26.26967590458454	0.0
166.0	26.167339688627468	23.817601829144618	23.81913840896379	26.19592007326413	0.0
167.0	26.279817331391097	23.86400653968371	23.71157782162152	26.144598307303674	0.0
168.0	26.2149736630219	23.914713673716495	23.732475307162307	26.137837356099304	0.0
169.0	26.19600057775579	23.790016502917975	23.75621164300839	26.257771276317854	0.0
170.0	26.233881178625428	23.7990018316144	23.92039238343434	26.04672460632583	0.0
171.0	26.210832339672272	23.91793384061267	23.68160641187968	26.189627407835374	0.0
172.0	26.267378824570674	23.711416243592424	23.86814834847386	26.15305658336304	0.0
173.0	26.088519834294218	23.80668477793212	23.780870078304588	26.323925309469075	0.0
174.0	26.219678972811337	23.776786839298943	23.866217158943183	26.137317028946534	0.0
175.0	26.286982203059072	23.728230170901032	23.861607348652246	26.123180277387654	0.0
176.0	26.16835641823887	23.869905007175937	23.856382896989178	26.105355677596016	0.0
177.0	26.1087362051427	23.743596205204167	23.859456103849805	26.28821148580332	0.0
178.0	26.181571207739562	23.781703970275945	23.81858245260347	26.218142369381027	0.0
179.0	26.244879269068484	23.80075785281183	23.747591374122983	26.206771503996706	0.0
180.0	26.169893021669182	23.7153227020864	23.80536766310277	26.309416613141646	0.0
181.0	26.146002360230124	23.92744750946551	23.86290996705512	26.063640163249254	0.0
182.0	26.119880021635446	23.91638393076658	23.798372424644736	26.165363622953237	0.0
183.0	26.30212174853715	23.830333874219402	23.7464350690859	26.121109308157546	0.0
184.0	26.248033141564637	23.861988002163546	23.71201504646703	26.177963809804787	0.0
185.0	26.22314008949206	23.585398534690466	24.00335595220534	26.188105423612136	0.0
186.0	26.032293356935632	23.763030437134287	23.89732998967399	26.307346216256082	0.0
187.0	26.16782219599744	23.786386881054238	23.804211535624724	26.2415793873236	0.0
188.0	26.19824703741948	23.692039140482866	23.863524610316173	26.246189211781484	0.0
189.0	26.20347150513842	23.795606529970005	23.91945714707184	26.08146481781974	0.0
190.0	26.142314500663815	23.755654718001672	23.847851207159366	26.254179574175147	0.0
191.0	26.16782219599744	23.8183483306289	23.813738506171017	26.200090967202637	0.0
192.0	26.284911737227713	23.864139253577225	23.70986379505335	26.14108521414171	0.0
193.0	26.235125633082557	23.92007179033289	23.728610414515416	26.116192162069137	0.0
194.0	26.213386356721607	23.763410788866317	23.749888595566564	26.27331425884551	0.0
195.0	26.2543409447125	23.795138141922003	23.926057961215772	26.02446295214973	0.0
196.0	26.213774240142595	23.933126402163555	23.651925381849473	26.201173975844373	0.0
197.0	26.294293002243464	23.697101939211407	23.873505639386583	26.135099419158546	0.0
198.0	26.09484003810812	23.79575278896094	23.778542671870678	26.330864501060265	0.0
199.0	26.21463057835746	23.781220515878015	23.855286166933528	26.148862738830992	0.0
200.0	26.295311707669377	23.7401847042734	23.86434531401263	26.100158274044595	0.0
201.0	26.172541282119838	23.84974015237428	23.8561940851243	26.12152448038158	0.0
202.0	26.11877226250004	23.736012465463354	23.858331361274082	26.286883910762526	0.0
203.0	26.186546682771063	23.797625523623367	23.82989578243084	26.185932011174728	0.0
204.0	26.24172109104879	23.791010372646944	23.73722627737226	26.230042258932002	0.0
205.0	26.174267686624276	23.70817492539332	23.81850983332975	26.29904755465266	0.0
206.0	26.166049936687852	23.909248490958042	23.882817206151728	26.04188436620238	0.0
207.0	26.126109512920753	23.9344373140567	23.790600181947823	26.148852991074722	0.0
208.0	26.298691319928942	23.83254550260322	23.758167724962043	26.11059545250579	0.0
209.0	26.266581428799746	23.84344918306881	23.717436471152308	26.172532916979137	0.0
210.0	26.220640394391477	23.60078927471555	23.980366484100788	26.19820384679219	0.0
211.0	26.049139112742115	23.760611257614595	23.89830404288147	26.291945586761823	0.0
212.0	26.17838701745758	23.750307351856407	23.82437914925006	26.24692648143595	0.0
213.0	26.200223754902325	23.70603277640492	23.856944393218505	26.23679907547425	0.0
214.0	26.202228956767094	23.818056639844603	23.918255192805375	26.06145921058293	0.0
215.0	26.169048716766557	23.74150914399877	23.857384355309666	26.232057783925004	0.0
216.0	26.165360381128018	23.832795451052714	23.823881973259567	26.177962194559708	0.0
217.0	26.285700234825477	23.876894894082643	23.70169787427616	26.135706996815717	0.0
218.0	26.234854399370512	23.911453178501393	23.74178556718776	26.111906854940344	0.0
219.0	26.198358030497232	23.79534088848316	23.752309115666332	26.253991965353272	0.0
220.0	26.245320251553768	23.814002667994515	23.912361912841416	26.028315167610298	0.0
221.0	26.21950094978146	23.917587247723908	23.686135649693547	26.176776152801086	0.0
222.0	26.26038151092095	23.728553074033773	23.85918644609606	26.151878968949216	0.0
223.0	26.077802162673898	23.802937252949242	23.77711795117693	26.342142633199934	0.0
224.0	26.263874416360057	23.766402626264487	23.854313633275854	26.115409324099602	0.0
225.0	26.2824788597319	23.79667227128397	23.84001327894703	26.0808355900371	0.0
226.0	26.159071697533236	23.880427265042652	23.836778606009375	26.123722431414738	0.0
227.0	26.058409642109538	23.710896555115994	23.92668209748465	26.30401170528982	0.0
228.0	26.16723892548545	23.845210393490696	23.801253538834192	26.18629714218967	0.0
229.0	26.223506447596947	23.86118070178135	23.71762753023992	26.197685320381787	0.0
230.0	26.187848700490296	23.698569079200162	23.839970490140324	26.273611730169222	0.0
231.0	26.168577664381665	23.914420091604928	23.871384218130398	26.045618025883005	0.0
232.0	26.120476594488917	23.90872649919461	23.771625659375115	26.19917124694136	0.0
233.0	26.321533089049016	23.823561960504634	23.75255145955783	26.102353490888525	0.0
234.0	26.268352064530408	23.865983818213117	23.715355482871406	26.150308634385066	0.0
235.0	26.22516922736411	23.600531198701514	23.977411758919402	26.196887815014968	0.0
236.0	26.04718077355811	23.770527079452325	23.912548954509962	26.269743192479606	0.0
237.0	26.167244601839556	23.784491662977718	23.808777236732084	26.239486498450642	0.0
238.0	26.20659337956815	23.73469086616497	23.842900004918597	26.215815749348288	0.0
239.0	26.223047458606676	23.81015327672813	23.92697067883207	26.039828585833124	0.0
240.0	26.16547178396193	23.745988022479374	23.86035243915936	26.22818775439934	0.0
241.0	26.16148044752854	23.838980731922536	23.80792798221692	26.191610838332007	0.0
242.0	26.34032204009974	23.845541278874922	23.684121522941588	26.130015158083747	0.0
243.0	26.250734098127783	23.916993872010185	23.734045856919277	26.098226172942756	0.0
244.0	26.18770871386137	23.812598783540277	23.73387944871866	26.265813053879693	0.0
245.0	26.246063766975002	23.778537689431214	23.99164780555009	25.983750738043693	0.0
246.0	26.161274449501782	23.91468815352442	23.754766883995572	26.169270512978226	0.0
247.0	26.261237570624075	23.75521703158976	23.871783279048525	26.11176211873764	0.0
248.0	26.052213924533408	23.79615162215032	23.848131789717154	26.303502663599122	0.0
249.0	26.195492699551238	23.767136138682382	23.93968940412221	26.09768175764417	0.0
