# Position (bp)	A	C	G	T	N
0.0	26.259442315020287	23.778102795149398	23.764373613072422	26.198081276757897	0.0
1.0	26.382164391545064	23.895221123887655	23.583932934346493	26.138681550220788	0.0
2.0	26.18201786334652	23.792206918964958	23.7028341532841	26.322941064404425	0.0
3.0	26.348845287585583	23.679728382057977	23.784498504084354	26.18692782627209	0.0
4.0	26.139909580338482	23.5715766298228	23.924795939518546	26.363717850320167	0.0
5.0	26.185361427055003	23.79713367857653	23.77500749209479	26.242497402273674	0.0
6.0	26.208526691069185	23.739242215046477	23.780691018772387	26.271540075111954	0.0
7.0	26.18836918837479	23.7304178825269	23.88500249239679	26.196210436701524	0.0
8.0	26.176515062417042	23.894050639291656	23.746198692854385	26.183235605436924	0.0
9.0	26.2158158965356	23.773964222015024	23.75268446886016	26.25753541258921	0.0
10.0	26.159872106794186	23.81395010261134	23.764954237862323	26.261223552732147	0.0
11.0	26.329257810640783	23.70195955461359	23.755155064912522	26.213627569833104	0.0
12.0	26.207748066063225	23.669762272064236	23.787912300201864	26.334577361670675	0.0
13.0	26.297340504461424	23.7960316149317	23.812830197131362	26.09379768347552	0.0
14.0	26.295100693501468	23.795751638561704	23.71455849126334	26.19458917667349	0.0
15.0	26.21138775887315	23.796591567671687	23.799671307741626	26.192349365713536	0.0
16.0	26.233785868472705	23.66752246110428	23.80303102418156	26.29566064624146	0.0
17.0	26.1094763601952	23.803311000551552	23.779513009102033	26.307699630151216	0.0
18.0	26.308259582891203	23.784272607391937	23.70111962550361	26.20634818421325	0.0
19.0	26.23294593936272	23.75907473409244	23.682361208713985	26.325618117830857	0.0
20.0	26.27494239486187	23.7862324419819	23.803870953291543	26.134954209864684	0.0
21.0	26.231826033882736	23.788752229311847	23.745635868332712	26.233785868472705	0.0
22.0	26.206628160583247	23.739476388192838	23.89458329716972	26.1593121540542	0.0
23.0	26.156792366724247	23.888423817029842	23.74171619915279	26.213067617093117	0.0
24.0	26.266263127392047	23.80555081151151	23.715118444003327	26.213067617093117	0.0
25.0	26.257583859922224	23.770833741632206	23.77363350533215	26.19794889311342	0.0
26.0	26.378253675389796	23.90102275367959	23.584369479215955	26.136354091714658	0.0
27.0	26.19486915304348	23.77811312725206	23.706719152903492	26.320298566800957	0.0
28.0	26.339056983590588	23.687960736113872	23.781752820061985	26.191229460233558	0.0
29.0	26.14384025712958	23.573104425294115	23.912434835682326	26.37062048189398	0.0
30.0	26.19087615559923	23.784206017235295	23.77636670082369	26.248551126341784	0.0
31.0	26.211034397800514	23.736610167593387	23.785045943993683	26.267309490612416	0.0
32.0	26.177437327465046	23.73269050938758	23.89451639817008	26.195355764977297	0.0
33.0	26.170437937811826	23.89983593430653	23.739409923454673	26.19031620442697	0.0
34.0	26.20459495931955	23.772727018204012	23.762367921517242	26.260310100959195	0.0
35.0	26.154126128648418	23.817736403723664	23.765381115699586	26.262756351928328	0.0
36.0	26.326310632043114	23.698467137957586	23.756701896829284	26.218520333170016	0.0
37.0	26.20900118989291	23.667669909708124	23.78777909988101	26.335549800517953	0.0
38.0	26.297753202211798	23.797578217960382	23.80597746202842	26.0986911177994	0.0
39.0	26.28655421012109	23.799538041576255	23.716105550500455	26.1978021978022	0.0
40.0	26.20396164345209	23.792538671519566	23.79925806677399	26.204241618254358	0.0
41.0	26.22887940085392	23.66822985931266	23.80289773920347	26.299993000629946	0.0
42.0	26.1073703366697	23.801497865192133	23.77881990620844	26.312311891929724	0.0
43.0	26.302512773850356	23.78777909988101	23.70686638202562	26.202841744243017	0.0
44.0	26.24679778819906	23.75502204801568	23.673829355358016	26.324350808427244	0.0
45.0	26.272555470007696	23.780779729824317	23.808497235248826	26.138167564919158	0.0
46.0	26.233638972492475	23.788339049485547	23.748302652761254	26.229719325260724	0.0
47.0	26.2056414922657	23.74214320711136	23.888570028697416	26.163645271925528	0.0
48.0	26.15664590186883	23.882970532652063	23.753062224399805	26.207321341079304	0.0
49.0	26.268355847973684	23.804857562819347	23.71946524812767	26.207321341079304	0.0
50.0	26.247637712605865	23.767620914117728	23.767620914117728	26.21712045915868	0.0
51.0	26.36550710436061	23.90368866801988	23.59375656190943	26.137047665710085	0.0
52.0	26.186603205711485	23.780499755022046	23.702386785189333	26.330510254077133	0.0
53.0	26.328830405263524	23.692307692307693	23.78273955344019	26.19612234898859	0.0
54.0	26.14201402109884	23.572692454140256	23.923499899209354	26.36179362555155	0.0
55.0	26.19212937039443	23.78435281205904	23.775673617488298	26.247844200058235	0.0
56.0	26.212007525701615	23.73871704705803	23.785192734114275	26.264082693126078	0.0
57.0	26.177010773400227	23.742076735278967	23.896062445405068	26.184850045915738	0.0
58.0	26.17393105919771	23.9044616659574	23.737037202947565	26.18457007189733	0.0
59.0	26.215367213922548	23.7681143189912	23.751875825923356	26.2646426411629	0.0
60.0	26.158459251295575	23.816203170976856	23.758808657892306	26.266528919835263	0.0
61.0	26.32616321879628	23.70701360949893	23.752369273497454	26.214453898207328	0.0
62.0	26.207454567343362	23.67789639310482	23.783726275768036	26.330922763783782	0.0
63.0	26.302645467093345	23.7968850177923	23.810883679520238	26.089585835594114	0.0
64.0	26.27184841129188	23.809203840112886	23.719332431819517	26.199615316775716	0.0
65.0	26.19989529001028	23.79380531221215	23.798564857199654	26.20773454057792	0.0
66.0	26.22873253316983	23.667817356660702	23.797444964261416	26.306005145908053	0.0
67.0	26.10246460438382	23.80080464307612	23.784286222237156	26.312444530302905	0.0
68.0	26.30348538679702	23.790165660162888	23.697494519523936	26.208854433516155	0.0
69.0	26.236851756972037	23.755448979077602	23.67481668752467	26.332882576425693	0.0
70.0	26.284727180081585	23.770567533743776	23.801924536014358	26.142780750160284	0.0
71.0	26.231812238749974	23.788205847520977	23.744250049695246	26.235731864033802	0.0
72.0	26.19205603944263	23.750409460855543	23.893755756949638	26.163778742752193	0.0
73.0	26.16041906393749	23.885916506381992	23.752369273497454	26.20129515618307	0.0
74.0	26.26820875924262	23.801924536014358	23.72325205710334	26.206614647639686	0.0
75.0	26.24245122166321	23.774767132262156	23.761608390237893	26.221173255836742	0.0
76.0	26.361999792819805	23.906914498973897	23.600343807132038	26.130741901074256	0.0
77.0	26.179177270652925	23.787085954582743	23.701414144807757	26.33232262995658	0.0
78.0	26.330082844080106	23.6820959916232	23.788205847520977	26.199615316775716	0.0
79.0	26.130668742195766	23.576200101909972	23.933444949017016	26.359686206877242	0.0
80.0	26.200941827324193	23.77722032152036	23.77638040416823	26.245457446987214	0.0
81.0	26.212980642704757	23.743903599885773	23.77974007357676	26.263375683832713	0.0
82.0	26.168744995492442	23.752862718308517	23.893688861016077	26.184703425182963	0.0
83.0	26.17182469245026	23.90096814473456	23.738304150871553	26.188903011943626	0.0
84.0	26.211860752901917	23.772460789858275	23.755942415266336	26.25973604197347	0.0
85.0	26.15747286374619	23.824748935407737	23.75587590535838	26.261902295487698	0.0
86.0	26.33133526887079	23.708280721990935	23.747756727019226	26.21262728211905	0.0
87.0	26.21402714045339	23.676643923634927	23.781353327043302	26.327975608868382	0.0
88.0	26.29913852718105	23.791712278717394	23.819989417070992	26.089159777030563	0.0
89.0	26.27702076549853	23.811310295398105	23.709960551992136	26.20170838711122	0.0
90.0	26.19582898210701	23.80655077706136	23.794511995386067	26.203108245445563	0.0
91.0	26.23670484546964	23.670204575296978	23.802911145392088	26.290179433841292	0.0
92.0	26.112117453713683	23.79003244871619	23.78471298704571	26.313137110524416	0.0
93.0	26.30193824384972	23.79031242038306	23.69848171365058	26.209267622116645	0.0
94.0	26.242304278806984	23.75027647202103	23.67524406530059	26.332175183871392	0.0
95.0	26.286819773838886	23.77211426203668	23.800671372057145	26.140394592067285	0.0
96.0	26.238384675470844	23.77939352537523	23.74915658535356	26.233065213800366	0.0
97.0	26.19890867044255	23.74411709534995	23.893062022123363	26.16391221208414	0.0
98.0	26.16055255208173	23.88578275878481	23.757835707026448	26.19582898210701	0.0
99.0	26.280380425500937	23.798431598722207	23.724239107002372	26.196948868774477	0.0
100.0	26.25322317381481	23.774074063704752	23.75419607535717	26.21850668712326	0.0
101.0	26.366891670562936	23.903980917131186	23.607210950251833	26.12191646205404	0.0
102.0	26.191909378770866	23.78359310037824	23.69932162865118	26.32517589219971	0.0
103.0	26.337214673875003	23.681123470304804	23.787512703714384	26.194149152105805	0.0
104.0	26.136401814211325	23.566269108012765	23.929951285066352	26.367377792709558	0.0
105.0	26.204714709670196	23.768128114676074	23.783526513242624	26.24363066241111	0.0
106.0	26.224592642365195	23.733971666946637	23.779326949997202	26.26210874069097	0.0
107.0	26.17111820370682	23.76280866789854	23.889635477910296	26.176437650484353	0.0
108.0	26.16719861134442	23.905593818242902	23.74097093902234	26.186236631390337	0.0
109.0	26.2187132538216	23.76504843496276	23.758329133770086	26.257909177445544	0.0
110.0	26.14472774307704	23.83273466393789	23.7644219597347	26.258115633250366	0.0
111.0	26.340146872314037	23.696669195729896	23.746783843485517	26.216400088470554	0.0
112.0	26.220879610057647	23.67567143829039	23.783459926479853	26.319989025172113	0.0
113.0	26.311029981997926	23.788499388265333	23.811736906498385	26.088733723238356	0.0
114.0	26.286112643169705	23.8027778633242	23.71010776049118	26.201001733014913	0.0
115.0	26.208560925693135	23.80053810253065	23.7940987902492	26.196802181527012	0.0
116.0	26.24075748710038	23.671751856901682	23.801937953026616	26.28555270297132	0.0
117.0	26.11757064345528	23.787659477967754	23.780380255388724	26.314389623188244	0.0
118.0	26.304590669716475	23.794378760348394	23.689110003051674	26.211920566883457	0.0
119.0	26.249436560175372	23.75210327537019	23.667832275512975	26.33062788894146	0.0
120.0	26.28359291227697	23.766661720528248	23.81481657758951	26.134928789605272	0.0
121.0	26.242717277794732	23.780660225487917	23.740344531204066	26.23627796551328	0.0
122.0	26.19652221142782	23.74202435179923	23.89684781665318	26.16460562011977	0.0
123.0	26.153686786251228	23.882009401395933	23.765541840131473	26.19876197222137	0.0
124.0	26.264554945531813	23.811736906498385	23.721866504657303	26.201841643312495	0.0
125.0	26.25839560334956	23.778700434793564	23.749023604279063	26.213880357577814	0.0
126.0	26.36926376263015	23.911126291712044	23.59587996002027	26.123729985637535	0.0
127.0	26.18336361676573	23.78653959757098	23.705068298705697	26.325028486957592	0.0
128.0	26.326148367354367	23.673431677496843	23.792698939753233	26.207721015395556	0.0
129.0	26.14452096981914	23.571028613024243	23.923231983873677	26.36121843328294	0.0
130.0	26.1988353211266	23.76700823114396	23.789125930903186	26.24503051682625	0.0
131.0	26.22039307911977	23.738731171958115	23.780166862646286	26.26070888627583	0.0
132.0	26.174477854303152	23.745170502267765	23.887955652612128	26.19239599081695	0.0
133.0	26.17027829105773	23.898874517050228	23.739291113724175	26.19155607816787	0.0
134.0	26.223546177126877	23.766794800366203	23.75027647202103	26.259382550485892	0.0
135.0	26.15082675864695	23.82957516980329	23.756502360167758	26.263095711382	0.0
136.0	26.330009127101896	23.703027622081986	23.744183572336482	26.222779678479636	0.0
137.0	26.21018091819765	23.672790597405218	23.780579990928892	26.336448493468247	0.0
138.0	26.302011882030808	23.79317875121088	23.808577235999977	26.096232130758334	0.0
139.0	26.279334113523227	23.795138558365856	23.70778715374407	26.217740174366845	0.0
140.0	26.193102598704286	23.804097676788604	23.794298641013725	26.208501083493385	0.0
141.0	26.224179540733196	23.669430927996686	23.809977098253533	26.29641243301659	0.0
142.0	26.107431028786763	23.79037902670377	23.780579990928892	26.321609953580566	0.0
143.0	26.297252350368723	23.78757930219666	23.699667952673455	26.215500394761154	0.0
144.0	26.235658411212338	23.751742828505677	23.663271534081044	26.34932722620094	0.0
145.0	26.287173342143134	23.765181506139797	23.811376960507086	26.136268191209982	0.0
146.0	26.23937151608306	23.781766463126125	23.745089969398926	26.233772051391885	0.0
147.0	26.197375530899247	23.73921053147319	23.90187498075184	26.161538956875724	0.0
148.0	26.14957331959594	23.879264004300403	23.77371379935942	26.19744887674424	0.0
149.0	26.271362017604766	23.805910811476693	23.71715904764038	26.205568123278162	0.0
150.0	26.257156855882968	23.77630013298803	23.75334219920207	26.213200811926928	0.0
151.0	26.376146146846786	23.91908728214461	23.596836284734373	26.107930286274232	0.0
152.0	26.171764541191294	23.783299503044724	23.711905928466436	26.333030027297543	0.0
153.0	26.326590606845386	23.67578917897389	23.786939175474206	26.210681038706518	0.0
154.0	26.145520110646352	23.578703937016694	23.916914445060392	26.358861507276565	0.0
155.0	26.201795203458257	23.77580674965143	23.78280613930465	26.23959190758566	0.0
156.0	26.21439410483406	23.7377300699379	23.770207237928854	26.277668587299186	0.0
157.0	26.167638181950537	23.74612933752177	23.898156080789757	26.18807639973794	0.0
158.0	26.16399849933086	23.891156691136533	23.752008824830476	26.192835984702135	0.0
159.0	26.218667144493008	23.775873316292103	23.752635277582574	26.25282426163232	0.0
160.0	26.163025097152072	23.815136684846514	23.761101094150717	26.260737123850692	0.0
161.0	26.33241127523994	23.70454570907014	23.754101665304113	26.208941350385807	0.0
162.0	26.21034123615513	23.679907719530085	23.77985956345962	26.32989148085516	0.0
163.0	26.305253491315106	23.789098809537144	23.816256593461972	26.089391105685777	0.0
164.0	26.280055547467327	23.79637821553761	23.70846538922424	26.215100847770824	0.0
165.0	26.202501875846927	23.80029789569171	23.798618032768527	26.198582195692833	0.0
166.0	26.21426091630923	23.678507833760765	23.821576159385394	26.285655090544612	0.0
167.0	26.103669940532853	23.793018489691242	23.7862990379985	26.317012531777408	0.0
168.0	26.297414131006907	23.79637821553761	23.697546280223534	26.208661373231944	0.0
169.0	26.236939065772237	23.754661619611838	23.67290829068348	26.335491023932445	0.0
170.0	26.28761493062166	23.75998118553526	23.805897438768998	26.14650644507408	0.0
171.0	26.242612082167927	23.77908620800681	23.748008656917836	26.230293052907435	0.0
172.0	26.201455325320367	23.73037004684031	23.90227650061175	26.165898127227578	0.0
173.0	26.16149172662878	23.88022510289218	23.76207408236974	26.196209088109303	0.0
174.0	26.26816361956491	23.813870145868915	23.724556933673043	26.193409300893133	0.0
175.0	26.254518169270007	23.77417973004376	23.76298054982375	26.20832155086248	0.0
176.0	26.364830094437085	23.920049052409365	23.60199233416114	26.11312851899241	0.0
177.0	26.17080429712545	23.78705878729677	23.712864218339217	26.329272697238565	0.0
178.0	26.337672082403568	23.664987722898683	23.78621884878027	26.211121345917476	0.0
179.0	26.152118890830085	23.57154056354433	23.91815616180621	26.358184383819378	0.0
180.0	26.201955382341087	23.780405859427496	23.78964520897729	26.22799354925413	0.0
181.0	26.230233391569236	23.737288894861802	23.772566411324643	26.25991130224432	0.0
182.0	26.169197688482733	23.74092863862384	23.896317699233975	26.193555973659453	0.0
183.0	26.16723782645702	23.891278054024998	23.74680822470098	26.194675894817003	0.0
184.0	26.2235872854995	23.764793499959403	23.763953556739565	26.247665657801534	0.0
185.0	26.15842493406427	23.817776608075796	23.762620182212192	26.26117827564774	0.0
186.0	26.33453352222776	23.697944373204617	23.757300526925857	26.210221577641768	0.0
187.0	26.212461432499172	23.679465570631024	23.779139111785554	26.32893388508425	0.0
188.0	26.295336062223168	23.794538113930216	23.822256317790607	26.087869506056006	0.0
189.0	26.293656171080116	23.799017823645027	23.702704064776604	26.204621940498257	0.0
190.0	26.198742321497566	23.808257224931825	23.786978603786473	26.206021849784133	0.0
191.0	26.219740960785742	23.682545371059955	23.817216644361444	26.280497023792858	0.0
192.0	26.11110800020159	23.78277887592884	23.795938023216095	26.310175100653478	0.0
193.0	26.303175554224083	23.795378059501747	23.697384409490265	26.204061976783905	0.0
194.0	26.236259890359104	23.75842045435456	23.672746006058805	26.33257364922753	0.0
195.0	26.28413678793614	23.768219819355707	23.80153766035961	26.146105732348545	0.0
196.0	26.2441728612826	23.776965828118655	23.747287668164574	26.23157364243417	0.0
197.0	26.20021558663363	23.735248414598296	23.89763834642252	26.166897652345554	0.0
198.0	26.163891097647017	23.880626266925	23.750993941158683	26.2044886942693	0.0
199.0	26.268044931740043	23.81762999630422	23.7179558970109	26.196369174944845	0.0
200.0	26.25803904659777	23.772059255857968	23.766739555889046	26.203162141655213	0.0
201.0	26.373672524869598	23.904491786663232	23.602668809479148	26.119166878988025	0.0
202.0	26.171523926050572	23.782978640004703	23.719702208795425	26.3257952251493	0.0
203.0	26.330554956700443	23.676304656417376	23.786618434720282	26.2065219521619	0.0
204.0	26.15815792273534	23.568856709280382	23.917718010314648	26.355267357669625	0.0
205.0	26.201275611627217	23.781645303811715	23.78108533382611	26.23599375073496	0.0
206.0	26.222274486087542	23.73208796008534	23.778565468890868	26.26707208493625	0.0
207.0	26.181396677138107	23.735167795006188	23.900918910746384	26.182516617109325	0.0
208.0	26.169917292433126	23.887759616084576	23.742167419826295	26.200155671656	0.0
209.0	26.21898807540577	23.775832187724863	23.759872998451677	26.24530673841769	0.0
210.0	26.15298465673648	23.8226565124874	23.774218837495802	26.250139993280325	0.0
211.0	26.321256579684178	23.701982304849366	23.755739724493225	26.22102139097323	0.0
212.0	26.209541941986785	23.68126329936163	23.77757867622354	26.331616082428045	0.0
213.0	26.30165752043902	23.787378205846117	23.82097659312353	26.08998768059133	0.0
214.0	26.285978273042893	23.792697950498376	23.706742076380333	26.214581700078398	0.0
215.0	26.198062493000336	23.80221749356031	23.788218165528054	26.2115018479113	0.0
216.0	26.219341471609365	23.673143689102925	23.8083771978945	26.299137641393212	0.0
217.0	26.114066524806812	23.784298353679024	23.790458058013215	26.311177063500953	0.0
218.0	26.30557733228805	23.798017695150634	23.694702654272596	26.20170231828872	0.0
219.0	26.24286034270355	23.76805913316161	23.66474409228357	26.32433643185127	0.0
220.0	26.281778474633217	23.771978945010638	23.803057453242243	26.1431851271139	0.0
221.0	26.250493477694807	23.7804451238804	23.746566655187184	26.222494743237608	0.0
222.0	26.197015894881552	23.74320680705232	23.890200162952635	26.169577135113492	0.0
223.0	26.16937041869425	23.878507551279824	23.737393534514137	26.214728495511793	0.0
224.0	26.27240604998348	23.810750424182014	23.721154223060942	26.195689302773562	0.0
225.0	26.26212002004721	23.769658721514627	23.767978788039994	26.200242470398173	0.0
226.0	26.37831541870942	23.897053676674403	23.604465263175577	26.1201656414406	0.0
227.0	26.168043745467678	23.779738322362434	23.714780894676572	26.337437037493316	0.0
228.0	26.32259762513404	23.678102347147053	23.784218144961457	26.215081882757442	0.0
229.0	26.157197415135126	23.556653115165364	23.91839980288725	26.367749666812262	0.0
230.0	26.18099653932735	23.789884532249214	23.7820448207506	26.247074107672834	0.0
231.0	26.22551490105164	23.733606603277	23.773645129859222	26.26723336581214	0.0
232.0	26.1790366114527	23.729126768134932	23.91280000895967	26.1790366114527	0.0
233.0	26.16139726058081	23.898240544747953	23.7403263559901	26.200035838681135	0.0
234.0	26.21662863462642	23.773431703322085	23.76363203651076	26.246307625540734	0.0
235.0	26.143904310185523	23.823616703158862	23.78413793489643	26.248341051759184	0.0
236.0	26.322818728055687	23.711060214921297	23.753338895826452	26.212782161196568	0.0
237.0	26.208582292232478	23.674101368037316	23.775738196968256	26.341578142761946	0.0
238.0	26.298739479328244	23.77965807466807	23.82557664200877	26.096025803994916	0.0
239.0	26.28837980255016	23.7986974806386	23.696500669179123	26.216422047632115	0.0
240.0	26.18857611675333	23.808483769170245	23.78832298693189	26.214617127144535	0.0
241.0	26.21829301760301	23.676973827912786	23.804949901707655	26.29978325277655	0.0
242.0	26.11391476276626	23.788906501173425	23.789466609162247	26.307712126898064	0.0
243.0	26.30948046492088	23.802828735471223	23.683237641786864	26.204453157821035	0.0
244.0	26.238246358016564	23.759092704268983	23.668620821977665	26.334040115736784	0.0
245.0	26.286170480965854	23.767892658057647	23.803748004145774	26.14218885683072	0.0
246.0	26.250588314395213	23.768181716309194	23.74268809251664	26.23854187677895	0.0
247.0	26.194004970176145	23.745058541054384	23.884582087754147	26.176354401015328	0.0
248.0	26.164945853938725	23.875260923775237	23.743573219764365	26.216220002521677	0.0
249.0	26.27561956262871	23.80717557893557	23.71891679858786	26.198288059847858	0.0
