# Position (bp)	A	C	G	T	N
0.0	26.21579492871308	23.77536391557104	23.742175577191453	26.266665578524425	0.0
1.0	26.187775265982772	23.64478684653658	23.862143259366864	26.305294628113785	0.0
2.0	26.207140428425706	23.68010880652839	23.833798027881674	26.27895273716423	0.0
3.0	26.141262808011078	23.622501298821405	23.89477778593791	26.34145810722961	0.0
4.0	26.204846312227843	23.906261474564886	23.505348677178162	26.383543536029112	0.0
5.0	26.25080231938295	23.734239183646828	23.826437919517847	26.18852057745238	0.0
6.0	26.12627313398333	23.744135764696285	23.77704347353105	26.352547627789335	0.0
7.0	26.175836308900596	23.779700149843492	23.7753489776105	26.269114563645413	0.0
8.0	26.183069099611128	23.798439072145325	23.741331955510837	26.277159872732714	0.0
9.0	26.302994705628024	23.733579153172407	23.782525581306814	26.18090055989275	0.0
10.0	26.292061506668663	23.742607371555206	23.81983059834405	26.14550052343208	0.0
11.0	26.309735836743574	23.785841502046143	23.795902274550322	26.10852038665996	0.0
12.0	26.170516498307343	23.813576604625236	23.77224586352698	26.243661033540437	0.0
13.0	26.354057618316045	23.54846165350156	23.90140442945903	26.19607629872337	0.0
14.0	26.337470939322667	23.901132516688648	23.594414911696326	26.166981632292362	0.0
15.0	26.30049080255054	23.824453115440566	23.667559446929427	26.20749663507947	0.0
16.0	26.31619018615098	23.832001870754773	23.68680084619024	26.16500709690401	0.0
17.0	26.26316734010213	23.73737648395991	23.804810667652802	26.19464550828516	0.0
18.0	26.181865642827233	23.702571743989385	23.742814724580306	26.372747888603076	0.0
19.0	26.212047878270422	23.906505767254178	23.770005927682273	26.111440426793127	0.0
20.0	26.34392521331499	23.65607478668501	23.811880380459314	26.188119619540686	0.0
21.0	26.23706378512424	23.76946210362024	23.772725047992473	26.220749063263053	0.0
22.0	26.190294915788844	23.820853477482963	23.683809813849024	26.30504179287917	0.0
23.0	26.14760472691875	23.757226062224348	23.869525731035495	26.225643479821407	0.0
24.0	26.406193068418503	23.779794760798985	23.672661420577214	26.141350750205294	0.0
25.0	26.22238053544917	23.779794760798985	23.73465736364971	26.26316734010213	0.0
26.0	26.19274212406802	23.6490050738785	23.85185144901921	26.306401353034264	0.0
27.0	26.212319790301443	23.669670388235996	23.826835542165398	26.291174279297163	0.0
28.0	26.152499143477105	23.621541958745507	23.882033684462403	26.34392521331499	0.0
29.0	26.206337725619004	23.909224887564378	23.495646688383374	26.388790698433244	0.0
30.0	26.25147512276828	23.740911340363166	23.818134357172767	26.189479179695784	0.0
31.0	26.128298972716347	23.74444619676642	23.773812696116554	26.35344213440068	0.0
32.0	26.172892545803585	23.78496108938836	23.768918279558196	26.273228085249862	0.0
33.0	26.17533975408276	23.798828602970367	23.74390237270438	26.281929270242493	0.0
34.0	26.297900572917094	23.73105797964472	23.78190539118518	26.18913605625301	0.0
35.0	26.285120742209063	23.74329398776943	23.815622391351045	26.155962878670465	0.0
36.0	26.306873645541877	23.778914366976917	23.79631668964317	26.117895297838032	0.0
37.0	26.171461822295093	23.818885326850967	23.76912556047715	26.240527290376786	0.0
38.0	26.354186210290752	23.54697403519076	23.89882724659907	26.200012507919418	0.0
39.0	26.340046823124425	23.906440762765556	23.58939219668975	26.164120217420265	0.0
40.0	26.298444395500415	23.827858399475755	23.66607118093793	26.2076260240859	0.0
41.0	26.313056057079464	23.828609340671292	23.68096191076983	26.177372691479412	0.0
42.0	26.273085205890673	23.72174849361554	23.811750886428403	26.19341541406539	0.0
43.0	26.17057492767179	23.700267559983466	23.751386743816756	26.377770768527988	0.0
44.0	26.22033455874356	23.90936677470579	23.766341824193514	26.10395684235714	0.0
45.0	26.329642600770047	23.663831545974638	23.811478975876096	26.19504687737922	0.0
46.0	26.22686041199887	23.77993735180875	23.770420482478084	26.222781753714298	0.0
47.0	26.18417045528703	23.824802592939026	23.68830349568206	26.302723456091886	0.0
48.0	26.144199604098233	23.763078897565855	23.87347458180157	26.21924691653434	0.0
49.0	26.39163820669553	23.78564747340715	23.67851471579909	26.144199604098233	0.0
50.0	26.21108959996519	23.78102499401797	23.742957516695306	26.264927889321527	0.0
51.0	26.18688956081008	23.655674229405495	23.85688803811098	26.300548171673448	0.0
52.0	26.208370494442146	23.67280459420069	23.824258771834415	26.29456613952274	0.0
53.0	26.153444562876597	23.614615736007483	23.89196449935829	26.339975201757632	0.0
54.0	26.200213177873007	23.9096386852581	23.494975092993407	26.395173043875488	0.0
55.0	26.250516630049383	23.742685606143002	23.818004829131407	26.188792934676208	0.0
56.0	26.123262491570777	23.74948336995062	23.781840725674883	26.345413412803726	0.0
57.0	26.165680537730307	23.79217332666246	23.76906092971656	26.273085205890673	0.0
58.0	26.175469317613278	23.79788344826086	23.7424136955907	26.28423353853516	0.0
59.0	26.292047453700558	23.737182851191914	23.77769741332195	26.19307228178558	0.0
60.0	26.277364323801084	23.743436776889844	23.814949057696545	26.164249841612534	0.0
61.0	26.30373957565755	23.77117157781107	23.798362559106394	26.12672628742499	0.0
62.0	26.162618382734813	23.82636926984058	23.770083938559257	26.24092840886535	0.0
63.0	26.34942042423369	23.5552751863262	23.894890542704797	26.200413846735316	0.0
64.0	26.33582493358603	23.916643327741056	23.585729085376965	26.161802653295958	0.0
65.0	26.29721374014667	23.82555354040172	23.66539866057226	26.21183405887935	0.0
66.0	26.31209723468472	23.834461755988798	23.676482584223834	26.176958425102647	0.0
67.0	26.27076705549664	23.723522853957636	23.812709030100336	26.193001060445386	0.0
68.0	26.170432607336107	23.693069037713787	23.747994670582155	26.388503684367947	0.0
69.0	26.219104331511545	23.91059629659842	23.76458112407211	26.105718247817926	0.0
70.0	26.329499415395492	23.66043994888109	23.808358484922643	26.20170215080077	0.0
71.0	26.2313402398238	23.777904668678794	23.77056312369144	26.220191967805967	0.0
72.0	26.17994942491231	23.828207847295864	23.685727492726432	26.30611523506539	0.0
73.0	26.13753160942981	23.776545123310765	23.872529026293606	26.21339424096582	0.0
74.0	26.393398047692852	23.78850912254942	23.67186012997254	26.146232699785195	0.0
75.0	26.210131332082554	23.778448486826008	23.743644125404465	26.26777605568698	0.0
76.0	26.178861788617887	23.66125567610191	23.859205481686924	26.30067705359328	0.0
77.0	26.208499877640918	23.66832531201566	23.826848301927836	26.296326508415586	0.0
78.0	26.14161024553389	23.61883786061941	23.89373793403486	26.345813959811835	0.0
79.0	26.19626396932866	23.914674932702503	23.49811023193844	26.390950866030398	0.0
80.0	26.258259238110774	23.73874976207956	23.818962938793266	26.184028061016395	0.0
81.0	26.12638333741197	23.75424857927509	23.777360850531583	26.342007232781356	0.0
82.0	26.16744160752644	23.796666394757594	23.76458112407211	26.271310873643856	0.0
83.0	26.17668651602904	23.79285966772711	23.743916034478072	26.28653778176578	0.0
84.0	26.288369664818596	23.747658189471167	23.777296197905763	26.186675947804478	0.0
85.0	26.281300048127775	23.754455897827725	23.80720611467462	26.157037939369882	0.0
86.0	26.299245998189093	23.774033297894615	23.801767947989376	26.124952755926923	0.0
87.0	26.164379464394965	23.82216107305905	23.777296197905763	26.236163264640222	0.0
88.0	26.342751331671067	23.561400980501453	23.89448868997284	26.201358997854644	0.0
89.0	26.332962631637624	23.915969448379563	23.586960363922117	26.1641075560607	0.0
90.0	26.30033363152614	23.82569588140446	23.66608568919246	26.20788479787694	0.0
91.0	26.31548894423719	23.83242878740089	23.677441458294812	26.174640810067107	0.0
92.0	26.2681770227206	23.730191531709863	23.806869473478134	26.194761972091406	0.0
93.0	26.16920265816865	23.692668283610498	23.744058819050935	26.39407023916992	0.0
94.0	26.224399899938007	23.908562913979313	23.764451888670155	26.102585297412528	0.0
95.0	26.335338198666562	23.657592203865438	23.807685196262902	26.199384401205094	0.0
96.0	26.236635741709534	23.775056284872147	23.76689905702446	26.22140891639385	0.0
97.0	26.18470139107926	23.81964913043951	23.683967240572965	26.31168223790827	0.0
98.0	26.143915251840816	23.766083334239692	23.88082833929717	26.20917307462232	0.0
99.0	26.38482538094254	23.78729212664368	23.67526619753543	26.15261629487835	0.0
100.0	26.217058394875085	23.77315293170769	23.748953155759548	26.260835517657675	0.0
101.0	26.18470139107926	23.66221463297913	23.856084748159184	26.29699922778243	0.0
102.0	26.216786487280164	23.671187583611587	23.819377222844587	26.292648706263666	0.0
103.0	26.144730974625585	23.61707797222192	23.896055164612857	26.342135888539637	0.0
104.0	26.194490064496485	23.91943921777623	23.49227238615229	26.393798331574995	0.0
105.0	26.252406382215064	23.741067835506783	23.816114331705514	26.190411450572636	0.0
106.0	26.136301839182973	23.743515003861088	23.77777536082138	26.34240779613456	0.0
107.0	26.181438499940178	23.793274093731988	23.757926106392006	26.267361299935832	0.0
108.0	26.18660474424372	23.787020219048756	23.743515003861088	26.28286003284644	0.0
109.0	26.293664842171665	23.734205610526057	23.785867913087692	26.186261634214585	0.0
110.0	26.27299992114701	23.753510997272777	23.810067623234985	26.163421458345233	0.0
111.0	26.30671637123987	23.779342148553592	23.79484083932208	26.119100640884458	0.0
112.0	26.161246203500525	23.824478686581124	23.77961405540918	26.234661054509168	0.0
113.0	26.352396722978575	23.547677507592997	23.90034069929005	26.199585070138376	0.0
114.0	26.33608231164332	23.915567483202953	23.592542138764944	26.15580806638878	0.0
115.0	26.29883107242783	23.826382034570237	23.66405364178447	26.210733251217462	0.0
116.0	26.317521086319317	23.829852028691533	23.677856509704327	26.174770375284822	0.0
117.0	26.2617803324868	23.730062484025517	23.809730976088574	26.198426207399113	0.0
118.0	26.172323220238514	23.68927656658709	23.745833038768374	26.39256717440602	0.0
119.0	26.224529194559704	23.91060814521962	23.75888453234867	26.10597812787201	0.0
120.0	26.339001669503553	23.66643645282157	23.799942355903354	26.19461952177152	0.0
121.0	26.23758068814	23.774383180975274	23.766769809720103	26.221266321164627	0.0
122.0	26.18836568109763	23.81380956783242	23.68710131765704	26.310723433412914	0.0
123.0	26.13860686182275	23.768945058650147	23.880426566315183	26.21202151321192	0.0
124.0	26.38631333373213	23.779277491067884	23.676496979123048	26.15791219607694	0.0
125.0	26.2177315416533	23.768673152533893	23.752086879442267	26.261508426370543	0.0
126.0	26.180752309842457	23.656919738752606	23.85160451799203	26.310723433412914	0.0
127.0	26.206039578654284	23.672962199611717	23.821966751320105	26.299031470413897	0.0
128.0	26.147035951426687	23.61314285403536	23.901363337266908	26.33845785727104	0.0
129.0	26.19217236672522	23.91332720638218	23.495407505696434	26.39909292119617	0.0
130.0	26.2419311860001	23.748824006047194	23.82441390636641	26.1848309015863	0.0
131.0	26.129362053870043	23.752630691674778	23.775742711556553	26.34226454289863	0.0
132.0	26.1736827508198	23.79586376415951	23.759972156813696	26.270481328206998	0.0
133.0	26.193946249306638	23.779406806390917	23.744330726645856	26.282316217656593	0.0
134.0	26.29543928150942	23.730256056078375	23.79306688129298	26.181237781119226	0.0
135.0	26.27457378252712	23.747450852434945	23.806455121407403	26.171520243630532	0.0
136.0	26.302308508034912	23.775729396089947	23.7969383038312	26.12502379204394	0.0
137.0	26.162275335127934	23.819234847866873	23.772466487206678	26.24602332979852	0.0
138.0	26.339560051118905	23.54732577426109	23.910052478451206	26.2030616961688	0.0
139.0	26.331402778910736	23.922832204910677	23.59681322565734	26.148951790521252	0.0
140.0	26.296197602836568	23.821267755759067	23.663831545974638	26.21870309542973	0.0
141.0	26.30061968583369	23.837103383392204	23.682929681020866	26.179347249753242	0.0
142.0	26.26072013182295	23.73411353958767	23.802635371404644	26.202530957184734	0.0
143.0	26.165822832997073	23.690879526655536	23.751787821603955	26.39150981874344	0.0
144.0	26.22183671138713	23.90378664694398	23.754235029883134	26.12014161178576	0.0
145.0	26.33277682004318	23.669670388235996	23.80372301952872	26.1938297721921	0.0
146.0	26.233800840751996	23.772725047992473	23.770005927682273	26.22346818357325	0.0
147.0	26.189751091726805	23.817318621079707	23.680818781507806	26.31211150568568	0.0
148.0	26.127483236623288	23.770277839713298	23.88366515664852	26.218573767014895	0.0
149.0	26.385799666092026	23.77625990439573	23.681634517600866	26.156305911911375	0.0
150.0	26.210144494053285	23.77462843220961	23.749884437386818	26.265342636350287	0.0
151.0	26.180920372847805	23.65457195375295	23.853340729380797	26.31116694401845	0.0
152.0	26.208655550842387	23.6714305913575	23.816632405564437	26.303281452235673	0.0
153.0	26.154816675911725	23.606987089546557	23.894671582862923	26.343524651678795	0.0
154.0	26.193700307806093	23.908267258350463	23.50202847478274	26.396003959060703	0.0
155.0	26.237206469366225	23.752460817263245	23.822886416288707	26.187446297081824	0.0
156.0	26.130072546524403	23.758986741497264	23.77367007102381	26.337270640954525	0.0
157.0	26.16841235139927	23.796238892333125	23.760346309046017	26.275002447221592	0.0
158.0	26.199281056770413	23.774071274356785	23.750958500334455	26.275689168538346	0.0
159.0	26.29778579022789	23.736339633620748	23.79534534657019	26.17052922958117	0.0
160.0	26.276375897324343	23.75054383293452	23.808190123993906	26.164890145747226	0.0
161.0	26.306286708723082	23.776919730258864	23.79976071350881	26.117032847509247	0.0
162.0	26.15482923645856	23.822329780291497	23.76930606917555	26.253534914074393	0.0
163.0	26.344898847074177	23.55095714596476	23.904992386338915	26.199151620622146	0.0
164.0	26.33592560365456	23.914509462693058	23.604252773547966	26.145312160104417	0.0
165.0	26.302079084615425	23.82898536537614	23.663931172129498	26.205004377878932	0.0
166.0	26.304869791737477	23.839926908257354	23.681942152018863	26.173261147986302	0.0
167.0	26.26333764778821	23.732311641414416	23.81089635519203	26.193454355605343	0.0
168.0	26.160824024625022	23.687173016891634	23.755424792525478	26.396578165957862	0.0
169.0	26.224181250611817	23.898726329414067	23.76222277814638	26.11486964182773	0.0
170.0	26.329414068023365	23.671129770826308	23.811168274616865	26.188287886533463	0.0
171.0	26.23288267220657	23.780169460185558	23.772011877440477	26.214935990167394	0.0
172.0	26.192094758481165	23.819597776786782	23.675752401048523	26.31255506368353	0.0
173.0	26.128465613069533	23.777722185362034	23.87996388910038	26.213848312468052	0.0
174.0	26.38787674436311	23.775546829963346	23.680375031270735	26.15620139440281	0.0
175.0	26.211129118219688	23.77173995801564	23.745363773806545	26.271767149958126	0.0
176.0	26.18435149583689	23.655487091914704	23.852629747059176	26.30753166518923	0.0
177.0	26.20991206077976	23.6669077698679	23.822718447657945	26.300461721694397	0.0
178.0	26.151992908302834	23.600559069377898	23.90184743061938	26.345600591699885	0.0
179.0	26.19604409469374	23.902663193330323	23.504570990390317	26.396721721585624	0.0
180.0	26.24526177825394	23.740598334756385	23.827341103019954	26.186798783969717	0.0
181.0	26.13649341679492	23.755010142649706	23.773500764097736	26.334995676457634	0.0
182.0	26.171299292461807	23.800420933558847	23.75446630084241	26.273813473136936	0.0
183.0	26.196730405273115	23.768735452152537	23.74997280776175	26.28456133481259	0.0
184.0	26.29550973348815	23.739432387675357	23.801430859467413	26.163627019369084	0.0
185.0	26.284976206662137	23.752821210061185	23.79986403806934	26.16233854520734	0.0
186.0	26.305370496261048	23.78137321549966	23.798776342624066	26.114479945615226	0.0
187.0	26.15825968728756	23.823249490142757	23.763698164513936	26.25479265805574	0.0
188.0	26.346974847042826	23.543711760707	23.90210740992522	26.20720598232495	0.0
189.0	26.340720598232497	23.90673011556764	23.60244731475187	26.15010197144799	0.0
190.0	26.298171574012642	23.825010605088266	23.670285086526643	26.206532734372452	0.0
191.0	26.303681607191905	23.838399769406685	23.68041071715065	26.177507906250764	0.0
192.0	26.26405181837464	23.7261588161394	23.816166593246425	26.193622772239532	0.0
193.0	26.160447700314894	23.686185573738396	23.75226379076863	26.401102935178084	0.0
194.0	26.226797844164178	23.894481517134107	23.76096544897837	26.11775518972334	0.0
195.0	26.33420893769069	23.667694550042693	23.806377227760464	26.191719284506153	0.0
196.0	26.233324087821487	23.776465277664474	23.772658302197712	26.21755233231633	0.0
197.0	26.187096528582227	23.829491007380092	23.677211988709598	26.30620047532808	0.0
198.0	26.133255018409447	23.777009131302584	23.881972883457603	26.207762966830366	0.0
199.0	26.373638326453587	23.783807301778946	23.682650525090686	26.15990384667678	0.0
200.0	26.212113795935238	23.773474082654875	23.742474425282666	26.271937696127218	0.0
201.0	26.18424773755656	23.66483205708319	23.84430473372781	26.306615471632437	0.0
202.0	26.207905499477896	23.669454838148276	23.822550469892096	26.300089192481725	0.0
203.0	26.15623912286808	23.602016620257572	23.90032196310477	26.34142229376958	0.0
204.0	26.191317873303166	23.90331317438218	23.499499651931778	26.40586930038287	0.0
205.0	26.24923860076575	23.740428123912285	23.817655760529064	26.1926775147929	0.0
206.0	26.126598938391925	23.752664897319875	23.782848938391925	26.337887225896278	0.0
207.0	26.164396971806475	23.805418987121477	23.748042116254787	26.282141924817264	0.0
208.0	26.1906445279571	23.77944319658891	23.73919758961446	26.29071468583953	0.0
209.0	26.288610734185202	23.73980600476966	23.80044650990779	26.171136751137347	0.0
210.0	26.27943655843803	23.755370642301628	23.797791918203078	26.16740088105727	0.0
211.0	26.309348996573668	23.7822918366237	23.792353293087505	26.116005873715125	0.0
212.0	26.156251699570348	23.824169250013597	23.76951106760211	26.250067982813945	0.0
213.0	26.338989503453526	23.547071300375265	23.905204764235602	26.208734431935603	0.0
214.0	26.336270190895743	23.904660901724046	23.608527764181215	26.150541143199003	0.0
215.0	26.297255110975748	23.828649745199026	23.66820943171497	26.205885712110256	0.0
216.0	26.30684429361201	23.831977744964473	23.678879198992757	26.18229876243076	0.0
217.0	26.262862488306826	23.720277590445317	23.816270367872605	26.20058955337525	0.0
218.0	26.153544934409467	23.682750668958167	23.74964648552222	26.414057911110145	0.0
219.0	26.230230382665827	23.891596145060586	23.747199077599145	26.13097439467444	0.0
220.0	26.321600278460632	23.66888202406074	23.808112341462355	26.201405356016274	0.0
221.0	26.232133922161548	23.776567972676048	23.766506406770073	26.224791698392323	0.0
222.0	26.18508930319577	23.823884525855505	23.67377683990689	26.317249331041836	0.0
223.0	26.12934278939239	23.781190854308527	23.877455565949486	26.2120107903496	0.0
224.0	26.36837296321274	23.775208301607677	23.686829682163292	26.169589053016296	0.0
225.0	26.2120107903496	23.76677834098375	23.74964648552222	26.27156438314443	0.0
226.0	26.18142461670664	23.66465978125493	23.847128631021334	26.306786971017093	0.0
227.0	26.214328835516977	23.667923009566696	23.812864733747762	26.30488342116856	0.0
228.0	26.166196217918387	23.60401812179456	23.884383820914028	26.34540183937302	0.0
229.0	26.195021401339012	23.902603512321406	23.496331587506187	26.406043498833398	0.0
230.0	26.252671768180264	23.741345646581497	23.81531215498159	26.190670430256652	0.0
231.0	26.12513392832863	23.74406500350797	23.78621503586832	26.34458603229508	0.0
232.0	26.157766211446315	23.80579440573893	23.75249500998004	26.28394437283471	0.0
233.0	26.190812874593455	23.771931732892433	23.742290581184122	26.29496481132999	0.0
234.0	26.295580193130302	23.733653132316828	23.803541175478816	26.167225499074053	0.0
235.0	26.278247627335272	23.76308704756207	23.78728958746907	26.17137573763359	0.0
236.0	26.307345062953797	23.78239469175754	23.795719685638918	26.11454055964974	0.0
237.0	26.16022625295733	23.830527832920893	23.762543170260788	26.246702743860983	0.0
238.0	26.33045984825823	23.556685611725996	23.896880863677154	26.215973676338617	0.0
239.0	26.326652707149268	23.908846164305334	23.61406466701112	26.150436461534277	0.0
240.0	26.28680519861958	23.835708827264742	23.675529557018653	26.201956417097026	0.0
241.0	26.30562664367672	23.836746016421127	23.67193640415886	26.18569093574329	0.0
242.0	26.255711488250654	23.728241949521323	23.813098346388166	26.20294821583986	0.0
243.0	26.152611752546473	23.680796377136794	23.75178491289625	26.414806957420478	0.0
244.0	26.222980195676833	23.896291823406692	23.747507799601248	26.13322018131523	0.0
245.0	26.332181813236133	23.66509806055001	23.803008459592526	26.199711666621333	0.0
246.0	26.23085941856701	23.781789890889506	23.758667497259317	26.22868319328417	0.0
247.0	26.170733697869906	23.832530808781524	23.673930193966104	26.322805299382463	0.0
248.0	26.13296914362822	23.777525069781866	23.88362615418936	26.205879632400553	0.0
249.0	26.368840015887958	23.78269409697095	23.67659301256346	26.171872874577634	0.0
