# Position (bp)	A	C	G	T	N
0.0	26.021608643457384	24.104441776710683	23.98109243697479	25.892857142857146	0.0
1.0	25.941776710684273	24.134753901560625	23.978991596638654	25.944477791116448	0.0
2.0	25.77585042690155	24.064342841708807	24.181684497996788	25.978122233392853	0.0
3.0	25.91745665919437	24.195828119232605	24.013672197364592	25.87304302420843	0.0
4.0	25.897318173224942	24.19435667065775	23.902977706958588	26.005347449158723	0.0
5.0	25.997965509687837	23.994982790852596	23.952972666412606	26.05407903304696	0.0
6.0	25.926148195713882	24.01233864046906	24.040244612347042	26.021268551470015	0.0
7.0	25.95553155099469	24.144087376601554	23.94845020553905	25.951930866864704	0.0
8.0	25.987968255397032	24.074590815668273	23.949472673537663	25.987968255397032	0.0
9.0	26.08477800380445	23.97612918324362	23.979729608093756	25.95936320485817	0.0
10.0	26.09103946523615	23.94406341319988	24.09137549279041	25.87352162877356	0.0
11.0	25.84351916857182	23.972265725789516	24.052072269926132	26.13214283571253	0.0
12.0	25.885222588252237	24.007068579623528	23.951864052852333	26.155844779271902	0.0
13.0	26.043635578117406	23.922461641854632	24.17658247976334	25.857320300264618	0.0
14.0	26.125542294468147	24.014269170071945	23.99356747253275	25.86662106292716	0.0
15.0	25.971329649031222	24.099776181646895	23.932362453721208	25.99653171560068	0.0
16.0	25.971029624429203	23.953064151260403	24.07187389365928	26.00403233065111	0.0
17.0	26.052636316177924	24.004068333603357	24.012168997857824	25.931126352360895	0.0
18.0	25.859420472478746	24.131278764858717	24.00916875183765	26.00013201082489	0.0
19.0	25.85694269847318	24.031298472579333	23.955692499707474	26.15606632924001	0.0
20.0	25.999675975374124	24.015025141910783	24.05642828854993	25.928870594165154	0.0
21.0	25.9984758841672	24.036026738032092	23.923818210183974	26.04167916761674	0.0
22.0	25.9456718710622	23.950220216736472	24.087030614326686	26.017077297874643	0.0
23.0	25.987975086106545	24.009624731479594	24.035726715230357	25.966673467183504	0.0
24.0	25.912369340069848	24.035726715230357	24.020125529540245	26.03177841515955	0.0
25.0	26.05097987447046	24.076229793464304	23.976922246090705	25.895868085974534	0.0
26.0	25.963673239166173	24.119133054112112	23.962821174409253	25.954372532312455	0.0
27.0	25.801960949032125	24.035426692428626	24.17313715842404	25.98947520011521	0.0
28.0	25.935771118605018	24.160236177949525	24.01142486828999	25.89256783515547	0.0
29.0	25.913269408475042	24.183937979286426	23.899516363243606	26.003276248994922	0.0
30.0	26.021877662702366	23.988623135358285	23.939119373072355	26.050379828866994	0.0
31.0	25.94057148343274	24.004524343850132	24.040227057256352	26.014677115460778	0.0
32.0	25.94987219028646	24.131734011784893	23.973021949668176	25.945371848260468	0.0
33.0	25.995175633348133	24.072029474240043	23.93071873462383	26.00207615778799	0.0
34.0	26.10138370516159	23.97152183565951	23.978422360099366	25.948672099079527	0.0
35.0	26.10948432080838	23.934018985442894	24.08913077393882	25.867365919809902	0.0
36.0	25.85236477972326	23.960721014797123	24.05732835695513	26.12958584852449	0.0
37.0	25.89616810877627	24.0051243894536	23.955920649969396	26.142786851800736	0.0
38.0	26.038978962401142	23.92261811897704	24.16713670238938	25.871266216232435	0.0
39.0	26.127185666110623	24.015325164712518	23.988623135358285	25.86886603381857	0.0
40.0	25.972673923218164	24.077729907472968	23.936119145055024	26.013477024253845	0.0
41.0	25.970573763606037	23.953820490357266	24.063328812989788	26.012276933046913	0.0
42.0	26.038978962401142	24.0042243210484	24.013225005100388	25.94357171145007	0.0
43.0	25.86136546377525	24.134734239802224	24.01142486828999	25.99247542813254	0.0
44.0	25.861887917818	24.03415449327801	23.946848119912755	26.157109468991237	0.0
45.0	26.007020491434403	24.018181272689088	24.036182532777296	25.938615703099217	0.0
46.0	26.00492034442411	24.037982658786113	23.924874741231886	26.03222225555789	0.0
47.0	25.94311601812127	23.93687558129069	24.10968767813747	26.01032072245057	0.0
48.0	26.00972068044763	24.005280369625872	24.014581020671447	25.970417929255046	0.0
49.0	25.91011370795956	24.041282889802286	24.02778194473613	26.020821457502024	0.0
50.0	26.047523326632867	24.08118568299781	23.978278479493564	25.893012510875764	0.0
51.0	25.94011580810657	24.110287720140413	23.98817917254208	25.961417299210943	0.0
52.0	25.790105307371512	24.040982868800818	24.16939185743002	25.99951996639765	0.0
53.0	25.951816627163904	24.16279139539768	24.013980978668506	25.87141099876991	0.0
54.0	25.94011580810657	24.186793075515286	23.886772074045183	25.986319042332962	0.0
55.0	26.019921394497615	24.000180012600882	23.93627553928775	26.04362305361375	0.0
56.0	25.94251597611833	23.986079025531787	24.058384086886083	26.0130209114638	0.0
57.0	25.965617593231528	24.121688518196276	23.955776904383306	25.956916984188894	0.0
58.0	25.9920194413609	24.081785725000753	23.935975518286277	25.990219315352075	0.0
59.0	26.08862620383427	23.979778584500917	23.985478983528846	25.946116228135967	0.0
60.0	26.113227925954817	23.924274699228945	24.089286250037503	25.873211124778734	0.0
61.0	25.842308961627314	23.954576820377426	24.060484233896375	26.142629984098885	0.0
62.0	25.907413518946328	23.99537967657736	23.962377366415648	26.134829438060663	0.0
63.0	26.04332303261228	23.93357535027452	24.144490114308002	25.8786115028052	0.0
64.0	26.1204284299901	24.0190813356935	24.00228015961117	25.85821007470523	0.0
65.0	25.990819357355015	24.08088566199634	23.93657556028922	25.991719420359427	0.0
66.0	25.9779184542918	23.946476253337735	24.05238366685668	26.023221625513788	0.0
67.0	26.056223935675497	24.000480033602354	24.00108007560529	25.94221595511686	0.0
68.0	25.879811586811073	24.127988959227146	23.99567969757883	25.996519756382945	0.0
69.0	25.874933620552575	24.034310298790018	23.951204730716956	26.139551349940447	0.0
70.0	25.976262480798773	24.03393817204301	24.05373943932412	25.936059907834103	0.0
71.0	26.015564996159757	24.032438076036865	23.922631048387096	26.029365879416282	0.0
72.0	25.93425979262673	23.942732334869433	24.1065428187404	26.016465053763444	0.0
73.0	26.00746447772657	24.00723646313364	24.017437115975422	25.967861943164362	0.0
74.0	25.918958813364057	24.022237423195083	24.048639112903224	26.010164650537636	0.0
75.0	26.047367031490015	24.079241071428573	23.982934907834103	25.890456989247312	0.0
76.0	25.952260944700463	24.125744047619047	23.99073540706605	25.931259600614435	0.0
77.0	25.81815236175115	24.030037922427034	24.174047139016896	25.977762576804913	0.0
78.0	25.93966013824885	24.15934619815668	24.019537250384023	25.881456413210447	0.0
79.0	25.943260368663594	24.200448828725037	23.895029281874038	25.961261520737327	0.0
80.0	26.00896457373272	24.011736751152075	23.95353302611367	26.025765649001535	0.0
81.0	25.952860983102923	23.987435195852534	24.0660402265745	25.993663594470046	0.0
82.0	25.95556115591398	24.144045218894007	23.9694340437788	25.93095958141321	0.0
83.0	25.98736319124424	24.088841685867894	23.936431931643625	25.98736319124424	0.0
84.0	26.097470238095237	23.980234735023043	24.000336021505376	25.921959005376344	0.0
85.0	26.09657018049155	23.93223166282642	24.093942012288785	25.87725614439324	0.0
86.0	25.844554051459294	23.949932795698924	24.0774409562212	26.128072196620582	0.0
87.0	25.914158506144393	24.001236079109063	23.960133448540706	26.124471966205835	0.0
88.0	26.034466205837177	23.935231854838708	24.170446908602152	25.859855030721967	0.0
89.0	26.12417194700461	24.01383688556068	23.989235311059907	25.87275585637481	0.0
90.0	25.96906201996928	24.08014112903226	23.948732718894007	26.00206413210445	0.0
91.0	25.971462173579106	23.93013152841782	24.086441532258064	26.01196476574501	0.0
92.0	26.052167338709676	23.994035618279568	24.029737903225808	25.924059139784944	0.0
93.0	25.876056067588326	24.10324260752688	24.003036194316437	26.017665130568357	0.0
94.0	25.867877940554372	24.023965461893177	23.96486185657325	26.1432947409792	0.0
95.0	25.987207258020966	24.01399281158307	24.061695578343546	25.93710435205242	0.0
96.0	26.00100805846739	24.02629352502445	23.95308927917819	26.01960913732996	0.0
97.0	25.942804682671593	23.944088757147913	24.109998379906035	26.003108180274452	0.0
98.0	26.01780903292391	24.00649237655784	24.022093281410324	25.953605309107928	0.0
99.0	25.91940332539287	24.008592498364905	24.03499402965372	26.0370101465885	0.0
100.0	26.044810599014745	24.086297005226303	23.964189923015535	25.90470247274342	0.0
101.0	25.92900388222517	24.122899128149434	23.997191837126554	25.950905152498844	0.0
102.0	25.809896974024493	24.024793438019405	24.177202277732107	25.988107310223995	0.0
103.0	25.956305465717012	24.142400259215037	24.02719357722748	25.874100697840476	0.0
104.0	25.954805378711963	24.18470271275734	23.89338581637735	25.967106092153347	0.0
105.0	26.028309641959236	24.004692272151786	23.946488896355987	26.02050918953299	0.0
106.0	25.94790497848875	24.001692098141692	24.070396082972813	25.98000684039674	0.0
107.0	25.95000510029582	24.118098849733286	23.992391558710406	25.939504491260497	0.0
108.0	26.003108180274452	24.06829596116575	23.948889035564065	25.979706822995734	0.0
109.0	26.093413417978244	23.964189923015535	24.008892515765915	25.93350414324031	0.0
110.0	26.07451232171466	23.926987765290384	24.11989895413934	25.878600958855614	0.0
111.0	25.864200123607166	23.9338881655136	24.080896692008135	26.1210150188711	0.0
112.0	25.906502577149475	24.00679239395885	23.963589888213516	26.12311514067816	0.0
113.0	26.028909676761252	23.93838842652874	24.167301703498804	25.865400193211208	0.0
114.0	26.1471165327589	24.007692446161876	23.987891297695267	25.85729972338396	0.0
115.0	25.983607049208857	24.08779709223135	23.942888687543878	25.98570717101592	0.0
116.0	25.971606353168486	23.930587974102497	24.109998379906035	25.987807292822986	0.0
117.0	26.056511277654103	23.99479169791848	24.029593716435553	25.919103307991865	0.0
118.0	25.853099479769824	24.118698884535302	24.02239329881133	26.00580833688354	0.0
119.0	25.881978800706847	24.032065956023317	23.951961069625245	26.13399417364459	0.0
120.0	26.00206413210445	23.998835925499233	24.042938748079877	25.956161194316437	0.0
121.0	26.01196476574501	24.035138248847925	23.928931451612904	26.023965533794165	0.0
122.0	25.932159658218122	23.949632776497694	24.117943548387096	26.000264016897077	0.0
123.0	26.03086597542243	24.004836309523807	24.02073732718894	25.94356038786482	0.0
124.0	25.90455789170507	24.009036578341014	24.04233870967742	26.044066820276495	0.0
125.0	26.029065860215056	24.08974174347158	23.981434811827956	25.899757584485407	0.0
126.0	25.94836069508449	24.110443068356375	24.004836309523807	25.93635992703533	0.0
127.0	25.828353014592935	24.008136520737327	24.189348118279568	25.974162346390166	0.0
128.0	25.960061443932414	24.135344662058372	24.018937211981566	25.88565668202765	0.0
129.0	25.954661098310293	24.16984687019969	23.909430203533024	25.966061827956988	0.0
130.0	26.023065476190478	23.976634504608295	23.971234158986174	26.029065860215056	0.0
131.0	25.94153808305156	24.006108409263422	24.099114640680924	25.953238867004092	0.0
132.0	25.94363822376099	24.126116449802137	23.996507766020322	25.933737560416546	0.0
133.0	25.979640635922607	24.09671447987015	23.94520432869002	25.978440555517217	0.0
134.0	26.08674781210341	23.967105796088337	24.025909735952307	25.920236655855945	0.0
135.0	26.07804722916435	23.91610237885938	24.13241687193042	25.87343352004584	0.0
136.0	25.848231831532715	23.953004851325037	24.079913354194733	26.118849962947515	0.0
137.0	25.907635811599377	24.003708248452647	23.970406017203153	26.118249922744823	0.0
138.0	26.054645661259308	23.92000264017689	24.15191817851796	25.87343352004584	0.0
139.0	26.126950505683883	24.00910861027689	24.006108409263422	25.85783247477581	0.0
140.0	25.989241279165704	24.06041204760719	23.948504549804834	26.00184212342227	0.0
141.0	25.980018601302092	23.928174972248055	24.08448591401398	26.00732051243587	0.0
142.0	26.055023851669617	23.984878941525906	24.040082805796406	25.920014401008068	0.0
143.0	25.868488399653174	24.099259245924955	24.02695396763964	26.005298386782233	0.0
144.0	25.88956760713814	24.002424184238002	23.979022405702832	26.128985802921022	0.0
145.0	25.991053293210165	23.99739579426775	24.065201150890918	25.946349761631172	0.0
146.0	26.00905471532251	24.0174973822932	23.966193329273015	26.007254573111275	0.0
147.0	25.955050448985467	23.929590437644574	24.1090046113643	26.006354502005657	0.0
148.0	26.02945632704984	24.00519641051643	24.016897334889457	25.948449927544274	0.0
149.0	25.917325220668097	23.989667152706524	24.061073007986657	26.03193461863873	0.0
150.0	26.0418354305053	24.07187389365928	23.980066365441964	25.90622431039345	0.0
151.0	25.9605287633586	24.112677239533642	24.00226818599125	25.92452581111651	0.0
152.0	25.82881796307297	23.99986798917511	24.183783070211756	25.987530977540157	0.0
153.0	25.946727631665794	24.136979232297048	24.026570178754657	25.889722957282498	0.0
154.0	25.94882780387992	24.17358223374317	23.929362207701033	25.948227754675884	0.0
155.0	26.02503405279233	23.977366144023808	23.965365159943115	26.03223464324075	0.0
156.0	25.933304330868122	24.0005400459039	24.089647620047707	25.97650800318027	0.0
157.0	25.948305605976508	24.111849507208113	23.974137801713148	25.965707085102235	0.0
158.0	26.017311471475075	24.05394458528975	23.94263512398554	25.986108819249637	0.0
159.0	26.101318612082025	23.97233764870014	24.017041448523123	25.909302290694708	0.0
160.0	26.09501807653651	23.92043323682513	24.14185205742488	25.842696629213485	0.0
161.0	25.838196246680965	23.92433356835331	24.089947645549874	26.147522539415853	0.0
162.0	25.91440272423156	24.010140861973266	23.959736577609096	26.115719836186074	0.0
163.0	26.074016291384766	23.89733127315822	24.154453128515925	25.874199306941094	0.0
164.0	26.123520499242435	23.998439867388726	24.004440377432083	25.873599255936753	0.0
165.0	25.981308411214954	24.053644559787582	23.95913652660476	26.005910502392705	0.0
166.0	25.98768691644865	23.924405347670593	24.10022081943211	25.98768691644865	0.0
167.0	26.059393226603937	23.983510548928304	24.063917624750978	25.893178599716776	0.0
168.0	25.87315445705559	24.098792990162103	24.026186382960848	26.001866169821454	0.0
169.0	25.888833550353734	24.018457735027095	23.96625282776581	26.126455886853368	0.0
170.0	25.996321643199387	24.00682866238025	24.054533289729104	25.942316404691258	0.0
171.0	26.0212240587337	24.008328807894365	23.96752484991044	26.002922283461494	0.0
172.0	25.95371751059853	23.923420571795464	24.11033870285418	26.01252321475183	0.0
173.0	26.025124437070396	24.00682866238025	24.022130146624225	25.94591675392513	0.0
174.0	25.91299129912991	24.009000900090008	24.054305430543053	26.02370237023702	0.0
175.0	26.006300630063006	24.094209420942097	23.993999399939995	25.905490549054903	0.0
176.0	25.96039603960396	24.105310531053107	24.01230123012301	25.921992199219922	0.0
177.0	25.83708370837084	23.979597959795978	24.191719171917192	25.99159915991599	0.0
178.0	25.954695469546955	24.114911491149115	24.033003300330034	25.897389738973896	0.0
179.0	25.94869486948695	24.16111611161116	23.93879387938794	25.95139513951395	0.0
180.0	26.037803780378038	23.953195319531954	23.967296729672967	26.04170417041704	0.0
181.0	25.903468057209896	23.994371420256286	24.110183348884938	25.991977173648884	0.0
182.0	25.946072445461883	24.102982607208542	23.985070462257614	25.96587448507196	0.0
183.0	26.016279676806707	24.049577106441962	23.958367711874324	25.975775504877003	0.0
184.0	26.1119895349221	23.93436523961968	24.02617469599369	25.927470529464536	0.0
185.0	26.089787248086555	23.926264405233738	24.130885481204565	25.853062865475145	0.0
186.0	25.85156271095923	23.907062427430027	24.092181494693953	26.14919336691679	0.0
187.0	25.926570436754986	23.997371729288115	23.956567526455224	26.119490307501675	0.0
188.0	26.09008727898974	23.892060882270876	24.1461870572669	25.871664781472493	0.0
189.0	26.12339070924305	23.99857185290085	24.004572470964508	25.87346496689159	0.0
190.0	25.99467745177753	24.053477508183345	23.957767650067957	25.994077389971164	0.0
191.0	25.998655857520898	23.919435460158777	24.1012547330017	25.980653949318626	0.0
192.0	26.074263871970427	23.989942933951	24.04454872216455	25.89124447191402	0.0
193.0	25.885621532747074	24.09052586731954	24.023918607128177	25.999933992805214	0.0
194.0	25.898900676875808	23.996387595410688	23.966384235034326	26.13832749267918	0.0
195.0	26.01989228761308	24.006060696980153	24.038464423408694	25.93558259199808	0.0
196.0	26.012691459517846	24.01566180110713	23.948154037714335	26.02349270166069	0.0
197.0	25.98058776759327	23.92175100136516	24.09787125519435	25.99978997584722	0.0
198.0	26.057696635113036	24.001560179420633	24.021062422178552	25.91968076328778	0.0
199.0	25.91915846069836	23.984530174560597	24.0571387423716	26.03917262236944	0.0
200.0	26.02688349485433	24.0781301569204	23.99501935251583	25.899966995709445	0.0
201.0	25.96987608389091	24.095532419214496	24.01482192685049	25.919769570044103	0.0
202.0	25.835468636546388	23.97640464946022	24.196035837088868	25.992090876904523	0.0
203.0	25.961642323063817	24.12867104331441	24.025455767453582	25.884230866168195	0.0
204.0	25.957753240518482	24.13076092174748	23.933329332693233	25.978156505040808	0.0
205.0	26.03756601056169	23.957933269323092	23.957933269323092	26.046567450792125	0.0
206.0	25.935183045934764	23.999555924951316	24.100973064447892	25.964287964666028	0.0
207.0	25.95094141474758	24.11131948090916	23.99069837221514	25.947040732128123	0.0
208.0	26.006163152509522	24.065700285953472	23.95738003006562	25.970756531471384	0.0
209.0	26.112853134892656	23.935306737881266	24.03282672947954	25.91901339774654	0.0
210.0	26.09845018228737	23.91940347771293	24.13184702864087	25.850299311358825	0.0
211.0	25.852999864972322	23.924504523427302	24.09583964712766	26.126655964472718	0.0
212.0	25.92637046416794	23.98916171312147	23.98136006697413	26.10310775573646	0.0
213.0	26.080328877286163	23.898216080778983	24.157777077613236	25.863677964321614	0.0
214.0	26.12519617227752	24.007585828184595	24.012987129898306	25.854230869639583	0.0
215.0	25.993476349516424	24.043883102424914	23.97306518549193	25.98957536256673	0.0
216.0	26.007958037257538	23.90952083733436	24.11177261378913	25.970748511618975	0.0
217.0	26.073974937584023	23.995342807758785	24.052357403495293	25.8783248511619	0.0
218.0	25.874501495887436	24.083937739874628	24.043727325377272	25.997833438860663	0.0
219.0	25.894984485935314	24.011390984437924	23.95887722583317	26.134747303793592	0.0
220.0	26.011349075599487	24.01370771479071	24.032312756757083	25.942630452852722	0.0
221.0	26.041969877475324	24.012795621160787	23.95878033483476	25.98645416652913	0.0
222.0	25.97850778875095	23.938818318494047	24.091562461551387	25.991111431203617	0.0
223.0	26.04258256185575	23.992977928488905	24.027488108992152	25.936951400663194	0.0
224.0	25.92037979545782	24.003096941470208	24.04991117299659	26.026612090075385	0.0
225.0	26.01926597245146	24.089367703988238	23.993337934759776	25.898028388800526	0.0
226.0	25.956702317932468	24.10211626874092	24.024691802609624	25.916489610716987	0.0
227.0	25.818523386811194	23.965704545318136	24.219889443073985	25.995882624796685	0.0
228.0	25.96828502661921	24.117244566620048	24.035616323247844	25.8788540835129	0.0
229.0	25.938574746862415	24.156858272962445	23.920376450251787	25.98419052992335	0.0
230.0	26.04000984340582	23.9656921294768	23.96539202564087	26.02890600147651	0.0
231.0	25.947955836586967	23.99937578214797	24.077403013651764	25.975265367613297	0.0
232.0	25.94451030115691	24.09825488048257	23.970109388833034	25.98712542952748	0.0
233.0	26.010989967378222	24.062986738212494	23.94414383592477	25.981879458484514	0.0
234.0	26.10012214409402	23.924936902221702	24.046780887900532	25.928160065783747	0.0
235.0	26.097121060702914	23.91563354370928	24.126909814443014	25.860335581144795	0.0
236.0	25.831225072251087	23.933339935716795	24.106802555722613	26.128632436309505	0.0
237.0	25.91871216736542	24.006110242458984	23.977599779118936	26.09757781105666	0.0
238.0	26.08416415070557	23.915535734650636	24.15052550074128	25.84977461390251	0.0
239.0	26.139985474451237	24.001968752063288	24.011872535308488	25.846173238176984	0.0
240.0	26.005336182498638	24.046735114661896	23.96120013085352	25.98672857198594	0.0
241.0	26.005516421709128	23.91900044119368	24.114686347306467	25.96079678979072	0.0
242.0	26.08833981654901	23.984296210920615	24.059633578254815	25.86773039427556	0.0
243.0	25.87792102537934	24.099416170136127	24.057092257125277	25.965570547359256	0.0
244.0	25.89837570430674	24.0231261763461	23.95918698161973	26.119311137727426	0.0
245.0	26.027504180263154	24.008669730691988	24.02878302557991	25.935043063464953	0.0
246.0	26.007673509579877	24.015743303692048	23.99743015485118	25.97915303187689	0.0
247.0	25.969771938463015	23.944359710329422	24.11729736870549	25.968570982502072	0.0
248.0	26.030301028649667	24.013234932053876	24.047463204607006	25.909000834689454	0.0
249.0	25.93190873524634	23.98837422272131	24.063737603324395	26.015979438707955	0.0
