# Position (bp)	A	C	G	T	N
0.0	25.921579413832095	24.011796705479664	24.15176797775129	25.91485590293695	0.0
1.0	25.79902814706152	24.16001955930442	24.226643439992664	25.814308853641393	0.0
2.0	25.84520320631729	24.229209513826707	24.16320069431499	25.762386585541012	0.0
3.0	25.93365560315588	24.239600075780263	24.027232003715675	25.799512317348178	0.0
4.0	25.73019185582855	24.14071260736318	24.15751794351574	25.971577593292533	0.0
5.0	25.764524358758916	24.31384530774989	24.106998273728593	25.814632059762598	0.0
6.0	25.921535439205396	24.095726641959995	24.02484517593574	25.95789274289887	0.0
7.0	25.882421228210596	24.1835656110809	24.013405104204217	25.920608056504285	0.0
8.0	25.92117401956292	24.20315621620631	24.028727310495672	25.8469424537351	0.0
9.0	25.890650725624898	24.176092713815738	24.043827682796078	25.889428877763287	0.0
10.0	25.956143110668545	24.097769279406688	24.213841280701807	25.732246329222956	0.0
11.0	25.668101275875653	24.098991089946637	24.354044040160915	25.878863594016792	0.0
12.0	25.79425321412535	24.256299196965024	23.97650458331679	25.972943005592835	0.0
13.0	25.88894353097137	23.99574809932098	24.221172143941498	25.89413622576615	0.0
14.0	26.07343692250361	24.12159458493569	23.97192279379198	25.83304569876872	0.0
15.0	25.93170689986957	23.945653867183086	24.08982751089702	26.03281172205032	0.0
16.0	25.928346920884714	24.017740689040053	24.116401890140907	25.93751049993433	0.0
17.0	25.813496730129543	24.286844460463737	23.95359563569275	25.946063173713966	0.0
18.0	25.861068347872834	24.188109376145444	24.169476822324853	25.78134545365687	0.0
19.0	25.948427534638224	24.040881655792585	24.09647386555238	25.91421694401681	0.0
20.0	25.77454678742154	24.014844907372055	24.27508896253646	25.935519342669945	0.0
21.0	25.92207950883516	24.188340944148326	24.038670067351894	25.85090947966461	0.0
22.0	25.80814637200849	24.100982024222244	24.115032759594975	25.97583884417429	0.0
23.0	25.82647341814683	24.14679963956809	24.17948287184813	25.847244070436947	0.0
24.0	25.9061960688486	24.212166104128166	24.038059165813948	25.843578661209282	0.0
25.0	25.92421766421797	24.011790399682333	24.16757029185821	25.896421644241492	0.0
26.0	25.81058997816027	24.15015959802679	24.214304259510975	25.82494616430197	0.0
27.0	25.85304763504742	24.220718725659392	24.145883287261174	25.78035035203201	0.0
28.0	25.94529376727706	24.216136964124807	24.017593964292804	25.82097530430533	0.0
29.0	25.762634207431617	24.1290834949677	24.161461276478764	25.94682102112192	0.0
30.0	25.777601295111264	24.310521251737253	24.093345754997937	25.818531698153553	0.0
31.0	25.93765749805275	24.090291247308215	24.025841135055057	25.946210119583974	0.0
32.0	25.860073002733785	24.177344716465324	24.048139041190037	25.914443239610858	0.0
33.0	25.91902500114544	24.19536631183469	24.05241535195565	25.83319333506422	0.0
34.0	25.925134016524886	24.173679307237656	24.04355727965545	25.857629396582006	0.0
35.0	25.956595445729036	24.072880553476793	24.20727889182461	25.763245108969564	0.0
36.0	25.69787864440949	24.06707698886632	24.32579379018587	25.90925057653833	0.0
37.0	25.81150633046719	24.252791056401485	23.976052659712572	25.959649953418758	0.0
38.0	25.917497747300576	23.984605281243795	24.19628266414161	25.90161430731402	0.0
39.0	26.05769965025887	24.127250790353866	23.972998152022846	25.84205140736442	0.0
40.0	25.924828565755913	23.931456847442615	24.118087267284697	26.025627319516776	0.0
41.0	25.932770285749196	24.017899415061777	24.10709103960169	25.942239259587335	0.0
42.0	25.802037356629043	24.319073873268476	23.9558929089604	25.922995861142077	0.0
43.0	25.825478181718214	24.2099539992547	24.171467319922048	25.79310049910503	0.0
44.0	25.9418545692241	24.042262039305285	24.102435656992053	25.913447734478567	0.0
45.0	25.78691273630291	24.006145631927964	24.261195465916487	25.945746165852647	0.0
46.0	25.932611863024498	24.18636048468632	24.043715846994534	25.83731180529465	0.0
47.0	25.79088357204165	24.102667485269727	24.120078072739602	25.98637086994902	0.0
48.0	25.8412826410334	24.160091879030016	24.1866659335893	25.81195954634729	0.0
49.0	25.88251824293573	24.227596086588655	24.060820985561428	25.829064684914183	0.0
50.0	25.906343257368192	24.018974485853136	24.16375726586578	25.910924990912893	0.0
51.0	25.782941900564165	24.140543149239278	24.225763393170773	25.85075155702578	0.0
52.0	25.83639545858571	24.23217782013336	24.15153930974657	25.779887411534364	0.0
53.0	25.939942636696024	24.239203144901904	24.017141792435254	25.803712425966825	0.0
54.0	25.769196699930053	24.135350517888615	24.15428834987339	25.94116443230794	0.0
55.0	25.760338681743622	24.307929148072464	24.102972934172705	25.828759236011205	0.0
56.0	25.94696796146457	24.09136587585946	24.030581544166385	25.931084618509594	0.0
57.0	25.873354775846323	24.179335159917773	24.02813795294254	25.919172111293364	0.0
58.0	25.920393906905282	24.191247667134004	24.071206248262758	25.817152177697956	0.0
59.0	25.89168171002514	24.185444137977377	24.059293741046528	25.863580410950952	0.0
60.0	25.96071316209868	24.067235412524017	24.208963703506857	25.76308772187045	0.0
61.0	25.701081594565455	24.058682843240568	24.343666669721156	25.89656889247282	0.0
62.0	25.820206666727756	24.24470122515555	23.97987702627166	25.955215081845033	0.0
63.0	25.916423071166538	23.98018247517464	24.203160174350234	25.900234279308588	0.0
64.0	26.042878917000365	24.14237584265716	23.98873504445809	25.82601019588438	0.0
65.0	25.91947756019634	23.939252322175285	24.132296028858814	26.00897408876956	0.0
66.0	25.933222760830454	24.01622544572631	24.09930754733694	25.95124424610629	0.0
67.0	25.81318134195921	24.29082400950557	23.96918631466735	25.926808333867868	0.0
68.0	25.84120370936015	24.193311911249037	24.191784671399073	25.773699707991742	0.0
69.0	25.93528168411793	24.049751365352424	24.119698950480775	25.895268000048873	0.0
70.0	25.774231877063674	24.0282966135087	24.27479237237659	25.92267913705103	0.0
71.0	25.932147995198374	24.209426706456235	24.032878319063865	25.825546979281526	0.0
72.0	25.79316959335836	24.099771220169277	24.12084706572304	25.986212120749325	0.0
73.0	25.831655920021745	24.161776968682517	24.18957264905052	25.81699446224522	0.0
74.0	25.890607198164872	24.213397517937377	24.04631798869235	25.849677295205396	0.0
75.0	25.895494350757048	24.035321895359953	24.155057133868276	25.91412662001472	0.0
76.0	25.77545366521172	24.166664121274692	24.224699058306783	25.8331831552068	0.0
77.0	25.850288189279418	24.238444174972283	24.166969568311703	25.7442980674366	0.0
78.0	25.936729700753535	24.23202978719505	24.032267424989843	25.798973087061565	0.0
79.0	25.771482853730575	24.134592182388534	24.168496803496758	25.92542816038413	0.0
80.0	25.771482853730575	24.29556277089334	24.107407396094555	25.825546979281526	0.0
81.0	25.945282217789845	24.077779033504484	24.044485306470285	25.93245344223538	0.0
82.0	25.874418505203288	24.18376915534731	24.036238236470986	25.905574102978413	0.0
83.0	25.911683043718636	24.206372236086125	24.068921069431166	25.813023650764077	0.0
84.0	25.896716138905095	24.182852814236274	24.065561152024046	25.854869894834586	0.0
85.0	25.963303592973496	24.060368552394856	24.240276857194345	25.7360509974373	0.0
86.0	25.683819554108418	24.05273237646958	24.375284447553216	25.888163621868788	0.0
87.0	25.83837575483599	24.241193198305382	23.991642969067378	25.928788077791253	0.0
88.0	25.921151901865976	23.976065170179815	24.212175729789333	25.890607198164872	0.0
89.0	26.05188323370669	24.156584369053327	23.966901759069486	25.824630638170493	0.0
90.0	25.931231654087338	23.933913479072295	24.13275950016647	26.002095366673895	0.0
91.0	25.915042961125756	24.00691532091793	24.127566900537282	25.950474817419035	0.0
92.0	25.811190968542007	24.294340982745297	23.981257769809	25.91321027890369	0.0
93.0	25.81691560524145	24.177280918781882	24.189193316839244	25.816610159137422	0.0
94.0	25.94611930724824	24.055713369375972	24.115886251870858	25.88228107150493	0.0
95.0	25.784154115415514	24.0205136976887	24.273727744501223	25.921604442394568	0.0
96.0	25.895947048025143	24.217831278196407	24.075188383309253	25.811033290469194	0.0
97.0	25.792706580205323	24.104511119731452	24.13841553371962	25.964366766343606	0.0
98.0	25.837912465522876	24.164989263602237	24.1946174451955	25.802480825679385	0.0
99.0	25.871816879511044	24.20652980686702	24.074882938138188	25.846770375483747	0.0
100.0	25.894419822169823	24.057167118216444	24.164683818431172	25.883729241182564	0.0
101.0	25.767049185835894	24.178734296300142	24.2282164140126	25.82600010385136	0.0
102.0	25.82874911039094	24.23157631089431	24.18331597386611	25.75635860484864	0.0
103.0	25.95337074018528	24.21660949751215	24.051974550308348	25.778045211994222	0.0
104.0	25.777434321652095	24.118561597600422	24.185759535234627	25.91824454551286	0.0
105.0	25.79362291571851	24.287472777199127	24.105122010073583	25.813782297008775	0.0
106.0	25.92954601684225	24.096569545283774	24.04067307897896	25.93321135889502	0.0
107.0	25.883729241182564	24.174763509076303	24.043727530689605	25.897779719051535	0.0
108.0	25.926186119960537	24.196450116221886	24.066025028177318	25.81133873564026	0.0
109.0	25.89991783524898	24.14971700504901	24.09046064186248	25.859904517839528	0.0
110.0	25.948789062619316	24.058388898900702	24.259677266632256	25.733144771847726	0.0
111.0	25.70107302888595	24.03700773692618	24.360779618254625	25.901139615933243	0.0
112.0	25.83027633624626	24.25204113735564	24.000659761569498	25.9170227648286	0.0
113.0	25.90297228695963	23.99668897434566	24.211111484432987	25.889227254261726	0.0
114.0	26.03400826534633	24.15185512124646	23.984165722332012	25.8299708910752	0.0
115.0	25.919466326197117	23.9325454884221	24.14238632094346	26.005601864437324	0.0
116.0	25.912135642091567	24.0205136976887	24.152160566417525	25.91519009380221	0.0
117.0	25.79362291571851	24.302745035752356	23.973780586515815	25.92985146201331	0.0
118.0	25.83096612602706	24.17911359540609	24.20568740645713	25.784232872109712	0.0
119.0	25.95314456764104	24.06915299795351	24.105195638229635	25.872506796175816	0.0
120.0	25.775759112248732	24.015773284991248	24.265934408303274	25.942533194456747	0.0
121.0	25.898854268164172	24.22317182312173	24.06342302276497	25.814550885949135	0.0
122.0	25.78950422891423	24.1031311375764	24.134286735351523	25.973077898157847	0.0
123.0	25.845706483724257	24.15963883942344	24.203317765716015	25.79133691113629	0.0
124.0	25.881749234091554	24.206983130160147	24.074419116097364	25.836848519650935	0.0
125.0	25.881749234091554	24.06067399943187	24.170024038681813	25.887552727794766	0.0
126.0	25.789198781877214	24.16605322720067	24.227753528676896	25.81699446224522	0.0
127.0	25.85364810668654	24.22286637608472	24.179492896829156	25.743992620399585	0.0
128.0	25.933980677420436	24.21156483571531	24.059146764246815	25.795307722617437	0.0
129.0	25.783700735211017	24.090302362021937	24.19293256645764	25.933064336309407	0.0
130.0	25.804776580764777	24.260436361637076	24.119319830537982	25.81546722706016	0.0
131.0	25.946888706977656	24.08212885017166	24.055249428812296	25.915733014038388	0.0
132.0	25.899238823658777	24.18017764853935	24.042420614072597	25.878162913729273	0.0
133.0	25.901987855388715	24.214998717118526	24.069605483401958	25.813407944090805	0.0
134.0	25.878162913729273	24.15635270687991	24.101372072281208	25.864112307109604	0.0
135.0	25.953914010287487	24.062580180092123	24.26234315246741	25.72116265715298	0.0
136.0	25.67870538932398	24.050362261292413	24.36527911835498	25.905653231028623	0.0
137.0	25.790499346341345	24.23851821080797	24.01401395286327	25.956968489987414	0.0
138.0	25.8983224797488	23.96422593375444	24.21652595696849	25.92092562952827	0.0
139.0	26.034326347716924	24.145735780589945	24.001869347286238	25.818068524406897	0.0
140.0	25.924670191547005	23.905347493944475	24.147263025104845	26.022719289403675	0.0
141.0	25.899012483696666	24.01591999682333	24.13962680253034	25.945440716949662	0.0
142.0	25.817763075503912	24.299376578789015	23.977433435047818	25.90542691065925	0.0
143.0	25.84960871876012	24.1812417146732	24.199568704831606	25.769580861735076	0.0
144.0	25.947963565943567	24.045316537665016	24.12381714551019	25.88290275088122	0.0
145.0	25.770270476655927	24.006597736609802	24.28639064098844	25.936741145745835	0.0
146.0	25.89611619347252	24.209111596438444	24.0750187088596	25.819753501229435	0.0
147.0	25.813723334066417	24.090364831512844	24.121520905114483	25.974390929306256	0.0
148.0	25.849461183197715	24.152982430418103	24.196967475502774	25.800588910881412	0.0
149.0	25.86389641490242	24.19459776469762	24.078220310767513	25.86328550963245	0.0
150.0	25.878252688746816	24.05806043685836	24.17932513294826	25.88436174144656	0.0
151.0	25.819605782829285	24.15030713262448	24.234306607245948	25.79578047730029	0.0
152.0	25.834878414578643	24.211397659621912	24.18024149085322	25.773482434946228	0.0
153.0	25.921626962914996	24.218117617591627	24.0641694895581	25.796085929935273	0.0
154.0	25.78234056136085	24.098074732041677	24.20284498584227	25.9167397207552	0.0
155.0	25.793947761490365	24.258437365409932	24.131369069255275	25.816245803844428	0.0
156.0	25.933924284169564	24.077072044278548	24.069741158646472	25.919262512905412	0.0
157.0	25.87497174554496	24.183980793079645	24.059966644470375	25.881080816905023	0.0
158.0	25.946753334025697	24.192838946551735	24.05966119090237	25.8007465285202	0.0
159.0	25.88382989901705	24.13846821144718	24.102424690422808	25.87527719911296	0.0
160.0	25.94644788045769	24.061799365878393	24.26859143141651	25.723161322247407	0.0
161.0	25.67489965850291	24.044388512502216	24.348620266233333	25.932091562761546	0.0
162.0	25.82701553536847	24.224911571192063	24.007123177205834	25.940949716233636	0.0
163.0	25.925982491401484	23.95305789566928	24.20200255359183	25.918957059337412	0.0
164.0	26.01219985277093	24.12907285395304	24.020636506089236	25.838090787186797	0.0
165.0	25.933392591506532	23.891429252155746	24.151065578026827	26.0241125783109	0.0
166.0	25.915676230447094	24.011778325559515	24.161756485562695	25.910788958430697	0.0
167.0	25.822207153133505	24.304098283040247	23.97695651244269	25.896738051383554	0.0
168.0	25.831755146924063	24.188404911723378	24.189321278025535	25.79051866332702	0.0
169.0	25.968293725945387	24.048811778361536	24.117233795589225	25.865660700103852	0.0
170.0	25.788459247538785	24.006121345596387	24.28561392147939	25.91980548538544	0.0
171.0	25.924692787258802	24.197031575024667	24.07607085365891	25.80220478405762	0.0
172.0	25.820305579483044	24.072478908173427	24.128377594096122	25.97883791824741	0.0
173.0	25.86612417450165	24.14578866020319	24.174196189114724	25.813890976180442	0.0
174.0	25.87353418230358	24.19381935811007	24.064915983712968	25.86773047587338	0.0
175.0	25.864981351774862	24.069497857210497	24.180379195850655	25.885141595163986	0.0
176.0	25.815802576234738	24.15166612193282	24.23749988545316	25.79503141637928	0.0
177.0	25.855512146546644	24.199623064540273	24.170604532389266	25.774260256523824	0.0
178.0	25.93676403656946	24.180684654083823	24.047504864422365	25.83504644492435	0.0
179.0	25.795336874612453	24.09821093112833	24.194124816343237	25.91232737791598	0.0
180.0	25.80175149750899	24.234445303121475	24.136698668507563	25.827104530861973	0.0
181.0	25.91637749865598	24.08117882801427	24.089426225502176	25.913017447827574	0.0
182.0	25.89102438785983	24.168540149552808	24.059491227212746	25.880944235374614	0.0
183.0	25.923708518645228	24.174343873710963	24.09003714383461	25.811910463809195	0.0
184.0	25.898966326181515	24.133412345437662	24.08576071550755	25.88186061287327	0.0
185.0	25.964945506084746	24.076291481354772	24.255290552758908	25.703472459801574	0.0
186.0	25.693697766482575	24.02711255559357	24.346317384292067	25.932872293631785	0.0
187.0	25.8430672987635	24.19969698450711	24.008785005620446	25.94845071110894	0.0
188.0	25.954865353599534	23.917147255754852	24.204889790332828	25.92309760031279	0.0
189.0	26.008094692630774	24.11851851851852	24.01741122565865	25.855975563192057	0.0
190.0	25.939977090492555	23.89003436426117	24.13501336387934	26.03497518136693	0.0
191.0	25.91767850324551	23.99938907980145	24.149369988545246	25.933562428407793	0.0
192.0	25.82970599465445	24.29599083619702	23.97311951126384	25.90118365788469	0.0
193.0	25.843383062693203	24.168224527448896	24.203963686570628	25.784428723287267	0.0
194.0	25.988172476571	24.02648974255587	24.11446305731706	25.870874723556074	0.0
195.0	25.805279025936933	24.00792984106717	24.2651303872365	25.9216607457594	0.0
196.0	25.93021373304294	24.184793399537526	24.054054879631977	25.830937987787557	0.0
197.0	25.855759538137274	24.075205425054218	24.103002718636404	25.9660323181721	0.0
198.0	25.873781959251	24.137825701805298	24.175397867855946	25.81299447108776	0.0
199.0	25.872028200593217	24.18035916656739	24.067031392709755	25.88058124012964	0.0
200.0	25.865160507931467	24.06931669960625	24.18508890633448	25.8804338861278	0.0
201.0	25.830642673207745	24.134075823158717	24.24496054886412	25.79032095476942	0.0
202.0	25.8665615826147	24.185522228026283	24.165666229834706	25.78224995952431	0.0
203.0	25.942795348112575	24.202156095444952	24.04238875091263	25.81265980552984	0.0
204.0	25.809457184839424	24.066363422524585	24.19161201042313	25.932567382212866	0.0
205.0	25.81679879026715	24.209625929829386	24.13600329927141	25.837571980632056	0.0
206.0	25.953601476150034	24.078780954243015	24.072671061716026	25.894946507890925	0.0
207.0	25.89053315899454	24.1592633778549	24.073723314555252	25.87648014859531	0.0
208.0	25.917881037485106	24.186906180307336	24.095561054593222	25.799651727614336	0.0
209.0	25.904755503687454	24.10899225848237	24.078136170056762	25.908116067773413	0.0
210.0	25.97518055504638	24.066062983465926	24.24661802984199	25.71213843164571	0.0
211.0	25.705277436621266	24.023732272591182	24.344826743411605	25.926163547375946	0.0
212.0	25.831001234281242	24.189773796575786	24.032739004509406	25.946485964633563	0.0
213.0	25.949111840296236	23.924401019229713	24.222898449768717	25.90358869070533	0.0
214.0	26.00329364461025	24.128543799668194	24.018551957396493	25.849610598325068	0.0
215.0	25.945559483398668	23.881659552755483	24.136477101557322	26.03630386228853	0.0
216.0	25.914553104118355	23.996076885707215	24.17084490560388	25.91852510457055	0.0
217.0	25.827937999749455	24.30481928815206	23.977585558940266	25.88965715315822	0.0
218.0	25.844674077106873	24.16204787250295	24.202074026997796	25.791204023392382	0.0
219.0	25.968272203957422	24.0262279854805	24.10475305850576	25.90074675205632	0.0
220.0	25.811616388463666	24.00978981236193	24.247507478328885	25.931086320845516	0.0
221.0	25.939641712422734	24.183953140898133	24.059899963028485	25.816505183650644	0.0
222.0	25.844241557584425	24.08242584240824	24.092509074909252	25.980823525098085	0.0
223.0	25.86655748123885	24.127636950304336	24.189664865921927	25.816140702534895	0.0
224.0	25.871694192779554	24.18070982231525	24.06887384841031	25.878722136494893	0.0
225.0	25.896297473286012	24.05038149745006	24.165884930468767	25.887436098795156	0.0
226.0	25.83779720525459	24.143715795231273	24.226830900484938	25.791656099029204	0.0
227.0	25.848196960761243	24.169373542794105	24.166317803045352	25.816111693399296	0.0
228.0	25.934221744165793	24.209246113839225	24.057069344325914	25.799462797669065	0.0
229.0	25.803139524579294	24.083643241954853	24.179595229291635	25.933622004174218	0.0
230.0	25.811695752749454	24.202513697604562	24.144453577878483	25.841336971767504	0.0
231.0	25.943943968415006	24.080197039517913	24.055444866827198	25.920414125239883	0.0
232.0	25.909265925523005	24.14971183405553	24.040007089554518	25.90101515086694	0.0
233.0	25.91692794758491	24.181472585367047	24.090406253628903	25.81119321341914	0.0
234.0	25.88882437429331	24.10781407572655	24.094062280353267	25.909299269626867	0.0
235.0	25.981272996198367	24.073734521495716	24.250980967398878	25.69401151490704	0.0
236.0	25.693103195364642	24.052636725912524	24.346930542991956	25.907329535730877	0.0
237.0	25.834005672094275	24.189526184538654	24.031220967189867	25.945247176177205	0.0
238.0	25.9496843044613	23.94396327785486	24.225430452242264	25.880921965441576	0.0
239.0	25.981094767596446	24.137941572868883	24.04197902882238	25.838984630712293	0.0
240.0	25.951961074961872	23.88956976463433	24.144770823336685	26.013698337067115	0.0
241.0	25.923367525338353	24.00969520619124	24.16863301260499	25.89830425586542	0.0
242.0	25.832334816843545	24.291155181689245	23.981513180417664	25.894996821049542	0.0
243.0	25.845087214100985	24.17233726454027	24.21116022572342	25.771415295635318	0.0
244.0	25.985210003882454	24.022585467407286	24.106959980190332	25.885244548519932	0.0
245.0	25.809223017491504	23.99984101408554	24.26186203080046	25.929073937622487	0.0
246.0	25.930897416297206	24.177648677572236	24.088059929674362	25.803393976456203	0.0
247.0	25.839466948807882	24.09616448995942	24.105338156643416	25.959030404589278	0.0
248.0	25.868264205527165	24.152071999339455	24.194273447032597	25.785390348100783	0.0
249.0	25.890984042715857	24.161309855106147	24.097089278833508	25.850616823344485	0.0
