# Position (bp)	A	C	G	T	N
0.0	26.17692734960382	23.68817801557523	23.819955337406622	26.31493929741433	0.0
1.0	26.32684176519265	23.66182255120895	23.562918711812916	26.448416971785484	0.0
2.0	26.244102854714175	23.70163632499823	23.80420769285259	26.25005312743501	0.0
3.0	26.234491824829515	23.853762051683056	23.71918551446485	26.192560609022582	0.0
4.0	26.18666515574316	23.862487074521578	23.657095910591103	26.293751859144155	0.0
5.0	26.235591727123104	23.793161080878956	23.75010268860001	26.22114450339793	0.0
6.0	26.248866983911174	23.651994108316337	23.754248810333106	26.344890097439382	0.0
7.0	26.35310245596345	23.75353694425011	23.705386351856205	26.187974247930235	0.0
8.0	26.276721081191308	23.80456085099634	23.688727017321266	26.22999105049109	0.0
9.0	26.336238877655628	23.72719600813326	23.72974473122299	26.206820382988123	0.0
10.0	26.166879976441535	23.81641390402193	23.675402928950856	26.341303190585673	0.0
11.0	26.165181049031045	23.765729236275497	23.82774008675856	26.241349627934895	0.0
12.0	26.33564009921736	23.796876238801236	23.717876114213226	26.149607547768177	0.0
13.0	26.403239279090513	23.76169778998485	23.667690739456063	26.16737219146858	0.0
14.0	26.132261124403605	23.91346820891085	23.788031090283578	26.166239576401967	0.0
15.0	26.192289722934035	23.86759729871307	23.775289170784195	26.1648238075687	0.0
16.0	26.263927625897242	23.804170854982797	23.838998768281115	26.092902750838842	0.0
17.0	26.249203630031285	23.675902198689	23.81493069811561	26.2599634731641	0.0
18.0	26.103662593971656	23.845511304914133	23.763963020118076	26.286863080996138	0.0
19.0	26.067135758073423	23.808984469015897	23.806719238882675	26.317160534028005	0.0
20.0	26.240142709498393	23.738196027352654	23.754335792051872	26.26732547109708	0.0
21.0	26.292526156329192	23.709880650687357	23.75008848555208	26.247504707431368	0.0
22.0	26.182379341101186	23.76254725128481	23.76169778998485	26.293375617629156	0.0
23.0	26.142171506236462	23.74046125748588	23.791428935483413	26.325938300794245	0.0
24.0	26.314612150128124	23.71016380445401	23.844661843614173	26.13056220180369	0.0
25.0	26.18690980136763	23.681565274022056	23.818045389548796	26.31347953506151	0.0
26.0	26.31970891792788	23.667124431922755	23.579629918026985	26.43353673212238	0.0
27.0	26.23872694066513	23.706199651720866	23.82738946384834	26.227683943765662	0.0
28.0	26.21522517803293	23.86419945351323	23.72545410785327	26.19512126060057	0.0
29.0	26.178341063409277	23.88225367107819	23.65714706398691	26.282258201525625	0.0
30.0	26.23185697377437	23.791361569346993	23.76757672029584	26.209204736582798	0.0
31.0	26.23185697377437	23.661960664390115	23.768143026225626	26.33803933560988	0.0
32.0	26.34511815973225	23.752569613156417	23.710662974352005	26.191649252759326	0.0
33.0	26.27716144815752	23.79419309899594	23.690275960879585	26.23836949196695	0.0
34.0	26.338605641539676	23.718591257369056	23.725953234456316	26.216849866634956	0.0
35.0	26.17012962742733	23.816845336187516	23.67838353635401	26.334641500031147	0.0
36.0	26.16361710923475	23.767010414366048	23.83156929036204	26.237803186037162	0.0
37.0	26.33435834706625	23.78286698040015	23.72736899928079	26.155405673252808	0.0
38.0	26.409602256156433	23.760147465646565	23.6635925780155	26.1666577001815	0.0
39.0	26.12531748436292	23.92267680728947	23.79469202954976	26.15731367879785	0.0
40.0	26.189876177559057	23.861799092214163	23.778835508413867	26.16948922181291	0.0
41.0	26.259814761854873	23.798656159833733	23.846508875404552	26.095020202906838	0.0
42.0	26.25868215320231	23.669255621278317	23.811681159338217	26.260381066181154	0.0
43.0	26.101815854822224	23.847075179730837	23.760147465646565	26.29096149980038	0.0
44.0	26.074916399323833	23.80375289877027	23.80431920309655	26.317011498809347	0.0
45.0	26.232349002030205	23.735796379616442	23.760713769972845	26.271140848380508	0.0
46.0	26.298323456042045	23.706065402486644	23.751086596426052	26.244524545045262	0.0
47.0	26.1963886773113	23.755050726710028	23.762978987277975	26.2855816087007	0.0
48.0	26.142023461988238	23.738911053410995	23.797240399018026	26.321825085582738	0.0
49.0	26.318710411788192	23.70946322844433	23.835465941042056	26.136360418725417	0.0
50.0	26.18761096025393	23.68737735971934	23.818759963416742	26.306251716609992	0.0
51.0	26.31474628150422	23.674069208051716	23.580628994215203	26.430555516228864	0.0
52.0	26.24197617557699	23.710029532770616	23.82385670235328	26.22413758929911	0.0
53.0	26.222721828483408	23.84509311458885	23.737495292595288	26.19468976433246	0.0
54.0	26.174511847052962	23.88041951705704	23.663808725592354	26.28125991029765	0.0
55.0	26.23595569247497	23.791226838218638	23.760080188465547	26.212737280840848	0.0
56.0	26.244450233316723	23.657862547003123	23.77367145381235	26.324015765867802	0.0
57.0	26.356861323789243	23.737428079554206	23.709679246137817	26.196031350518734	0.0
58.0	26.274464277624247	23.80255289267431	23.692973315815703	26.230009513885744	0.0
59.0	26.344402663888005	23.716474878811216	23.73318080913333	26.205941648167446	0.0
60.0	26.17394554433018	23.82067457980338	23.68419562361256	26.321184252253886	0.0
61.0	26.171114030716257	23.7685747293073	23.824921850224257	26.235389389752186	0.0
62.0	26.324015765867802	23.790377384134462	23.73318080913333	26.152426040864405	0.0
63.0	26.413699956677966	23.753500448793638	23.667139528101277	26.165660066427122	0.0
64.0	26.121488579122175	23.918577225067885	23.79512358106176	26.16481061474818	0.0
65.0	26.199071832465474	23.859398758101648	23.778983999161873	26.162545410271004	0.0
66.0	26.265895364542185	23.79399097882317	23.83957821892635	26.100535437708295	0.0
67.0	26.256551396073835	23.67082048537669	23.808997958484465	26.26363016006501	0.0
68.0	26.10195119050653	23.842976025642116	23.759163459986578	26.29590932386478	0.0
69.0	26.075618188459348	23.808148506805523	23.811829464080937	26.30440384065419	0.0
70.0	26.235315104100305	23.732547307379754	23.752934147674342	26.2792034408456	0.0
71.0	26.296475624984073	23.713576219883397	23.74443963088493	26.245508524247597	0.0
72.0	26.1919930684743	23.75718140606905	23.773320987968933	26.277504537487715	0.0
73.0	26.15433404404124	23.742457576967404	23.794274129382817	26.308934249608544	0.0
74.0	26.320260271994428	23.713009918764104	23.83193315381588	26.13479665542559	0.0
75.0	26.176986088813003	23.687243217836222	23.822589185347525	26.313181508003254	0.0
76.0	26.312898357443604	23.670254184257395	23.580778607408917	26.43606885089008	0.0
77.0	26.236164555779247	23.712160467085162	23.82881849765976	26.22285647947583	0.0
78.0	26.235598254659955	23.837029863889526	23.744156480325284	26.183215401125242	0.0
79.0	26.181159215108874	23.879717982841125	23.658011722399976	26.281111079650028	0.0
80.0	26.23892176572189	23.790525809100433	23.76306028258346	26.20749214259422	0.0
81.0	26.240903814027238	23.658294872157885	23.773536823626014	26.327264490188863	0.0
82.0	26.352747968400486	23.743806099045788	23.709261828581134	26.19418410397259	0.0
83.0	26.28280997819747	23.791092108616247	23.695387490443697	26.230710422742586	0.0
84.0	26.343404026389557	23.721437268171137	23.73502845655067	26.200130248888637	0.0
85.0	26.170399524308408	23.81884078489113	23.683495200611603	26.327264490188863	0.0
86.0	26.179460316561432	23.764759181130902	23.82138913271229	26.23439136959538	0.0
87.0	26.32641504091514	23.785712263216016	23.733046408245322	26.15482628762352	0.0
88.0	26.41128518479717	23.76978857267443	23.66162567141696	26.157300571111445	0.0
89.0	26.127569930713452	23.919291221532912	23.79300678708048	26.160132060673156	0.0
90.0	26.189296403158806	23.854450110569665	23.783662871526822	26.1725906147447	0.0
91.0	26.264047727588054	23.798103468291565	23.84255785441047	26.095290949709916	0.0
92.0	26.258951046376964	23.668704395321246	23.820755384785276	26.25158917351651	0.0
93.0	26.10293597152654	23.830948747207444	23.769222274762082	26.29689300650393	0.0
94.0	26.077169416514945	23.813959809837158	23.810562022363104	26.29830875128479	0.0
95.0	26.239696917357314	23.720237505344436	23.762992997726315	26.277072579571936	0.0
96.0	26.297459304416275	23.707778951272896	23.749118698873918	26.24564304543691	0.0
97.0	26.196375127063092	23.749968145742432	23.785644914220025	26.26801181297445	0.0
98.0	26.164945592928074	23.735244400021518	23.794139382905165	26.305670624145243	0.0
99.0	26.32067751882233	23.71344193039632	23.827550959733387	26.138329591047967	0.0
100.0	26.185898615684756	23.6839944389545	23.814526107749504	26.31558083761124	0.0
101.0	26.324924753164897	23.66275826724165	23.582343963688977	26.42997301590448	0.0
102.0	26.230353001803657	23.707778951272896	23.830665598251272	26.231202448672175	0.0
103.0	26.239696917357314	23.831515045119787	23.749118698873918	26.17966933864898	0.0
104.0	26.186957063413864	23.87391978979081	23.664956451813847	26.27416669498148	0.0
105.0	26.227447249498827	23.783878676678786	23.776799972817777	26.21187410100461	0.0
106.0	26.246984472155212	23.66099237765168	23.77170330603785	26.320319844155254	0.0
107.0	26.35118299298925	23.744521083211577	23.71762200853975	26.186673915259423	0.0
108.0	26.28719151008574	23.782746084061024	23.701765711891092	26.22829669396215	0.0
109.0	26.35005040037149	23.713091638068704	23.727249045790717	26.20960891576909	0.0
110.0	26.17789632247177	23.810777751350617	23.68364423000691	26.3276816961707	0.0
111.0	26.172799655691843	23.759244787242476	23.826634047999278	26.241321509066406	0.0
112.0	26.325416510935177	23.784161824833223	23.74367163874826	26.146750025483335	0.0
113.0	26.417648008199947	23.75776177680627	23.668570360701413	26.156019854292374	0.0
114.0	26.13733212901326	23.912643378740732	23.787775396193933	26.162249096052076	0.0
115.0	26.19650992573045	23.860544265841384	23.779564122965233	26.163381685462934	0.0
116.0	26.266447321850766	23.783528185903226	23.850917255849115	26.099107236396897	0.0
117.0	26.25653716450578	23.66319056099985	23.82005419440331	26.260218080091057	0.0
118.0	26.107318509625593	23.82373510998859	23.76682249209311	26.302123888292705	0.0
119.0	26.086082458172054	23.80221591118234	23.807029416178473	26.30467221446713	0.0
120.0	26.237566291873954	23.72010317889533	23.75804492415898	26.284285605071734	0.0
121.0	26.304389067114414	23.692921033034803	23.756062892689986	26.246627007160793	0.0
122.0	26.19056383132346	23.74247181975972	23.785793364724935	26.28117098419188	0.0
123.0	26.14979061253267	23.73935719887987	23.80249905853505	26.30835313005241	0.0
124.0	26.32081161357182	23.703680632437926	23.835910446155285	26.139597307834972	0.0
125.0	26.18744921044361	23.686408643922384	23.812409215880038	26.313732929753975	0.0
126.0	26.324209381804387	23.660642234825424	23.583343007534552	26.431805375835637	0.0
127.0	26.22992131335068	23.710193021550342	23.829398057042866	26.23048760805611	0.0
128.0	26.239339471985325	23.83201386293364	23.75329867599923	26.17534798908181	0.0
129.0	26.18306712612304	23.87087275002761	23.662475118285474	26.283585005563875	0.0
130.0	26.229503554935146	23.77488525388551	23.772053764323797	26.22355742685555	0.0
131.0	26.25158917351651	23.651432308994792	23.78337972257065	26.313598794918043	0.0
132.0	26.357203734168433	23.741190528101118	23.723918441774664	26.17768729595578	0.0
133.0	26.276789430615764	23.783096573614483	23.70862839814141	26.231485597628346	0.0
134.0	26.342554577115834	23.730498060424157	23.724551915508112	26.202395446951893	0.0
135.0	26.179743466319337	23.81006314239601	23.68179630206416	26.32839708922049	0.0
136.0	26.174363620919106	23.756264688393692	23.82818472690206	26.241186963785147	0.0
137.0	26.32669819067305	23.78033241781578	23.750035393719738	26.142933997791435	0.0
138.0	26.410943233815072	23.759797037104153	23.672586417795497	26.15667331128528	0.0
139.0	26.14534725682961	23.90986725864178	23.78839532460472	26.156390159923887	0.0
140.0	26.20084492366239	23.847857110496985	23.790377384134462	26.160920581706154	0.0
141.0	26.263495739975706	23.781950182208416	23.848207788383398	26.10634628943248	0.0
142.0	26.25868215320231	23.66019475205781	23.820742028558726	26.260381066181154	0.0
143.0	26.112858789184717	23.829236593452954	23.77034094351964	26.287563673842683	0.0
144.0	26.08709194233889	23.795258333876042	23.81564528962219	26.302004434162875	0.0
145.0	26.238578349619303	23.715126271707152	23.759864313483423	26.286431065190126	0.0
146.0	26.311348455546522	23.694739315961005	23.748821379120926	26.245090849371543	0.0
147.0	26.196671829474443	23.73239855365875	23.793842573060335	26.277087043806468	0.0
148.0	26.14825280957734	23.74740561830522	23.794975181712903	26.309366390404538	0.0
149.0	26.326355520192994	23.703233880855233	23.834050180226352	26.136360418725417	0.0
150.0	26.185912047275085	23.667839860462614	23.82187463721129	26.32437345505101	0.0
151.0	26.313896825014794	23.662459969362935	23.58317736368347	26.4404658419388	0.0
152.0	26.239427806108722	23.695871924613567	23.840845832141735	26.223854437135973	0.0
153.0	26.247713539808476	23.834400820010988	23.749454930542576	26.168430709637963	0.0
154.0	26.177848880834738	23.862783684679968	23.67222119972251	26.287146234762787	0.0
155.0	26.227117636232357	23.777837554684073	23.775006017017542	26.22003879206603	0.0
156.0	26.240709017031698	23.65324989735676	23.799074087183044	26.3069669984285	0.0
157.0	26.351138986026363	23.751504254385345	23.725170954086614	26.17218580550168	0.0
158.0	26.292243002562543	23.7806690923506	23.707898574320787	26.219189330766074	0.0
159.0	26.34583366368033	23.728919142381443	23.7263707512657	26.198876442672525	0.0
160.0	26.16546420359946	23.812449740064107	23.693807975897883	26.32827808043855	0.0
161.0	26.17622407719926	23.749023116738964	23.83708418751628	26.23766861854549	0.0
162.0	26.335356944648947	23.779603810127874	23.752420971559953	26.132618273663226	0.0
163.0	26.40148147309167	23.766430136877695	23.662794977942134	26.1692934120885	0.0
164.0	26.143243044268637	23.912538721606516	23.797577315792754	26.146640918332096	0.0
165.0	26.206670026786572	23.844864396509248	23.786534225086502	26.161931351617675	0.0
166.0	26.25884511596694	23.781787909763537	23.85908976359224	26.10027721067728	0.0
167.0	26.264225098467836	23.646722033293596	23.826243554639383	26.262809313599178	0.0
168.0	26.11471821633759	23.827376182534312	23.76593111923457	26.291974481893526	0.0
169.0	26.08073937948981	23.789149991080556	23.821996200033414	26.308114429396223	0.0
170.0	26.23930728477946	23.72515651501723	23.76791321805069	26.267622982152616	0.0
171.0	26.31207862702847	23.683532439878697	23.760267979759938	26.2441209533329	0.0
172.0	26.193152698061223	23.733651224229178	23.79707838634504	26.276117691364565	0.0
173.0	26.14614864042179	23.74412803225724	23.795379444502647	26.31434388281832	0.0
174.0	26.3384122255855	23.6988229164602	23.83643720569372	26.126327652260585	0.0
175.0	26.18465798884928	23.66767564934973	23.824827769770728	26.322838592030262	0.0
176.0	26.315193353739513	23.65833146921659	23.598585347759236	26.427889829284663	0.0
177.0	26.243554639385437	23.69570818974915	23.844082443984473	26.21665472688094	0.0
178.0	26.249575263336734	23.84273417148035	23.74617737003058	26.16151319515234	0.0
179.0	26.169232555307946	23.862339626060784	23.676870757930562	26.291557060700704	0.0
180.0	26.229828490849734	23.787019444499503	23.7728615156346	26.210290549016165	0.0
181.0	26.24596852975572	23.646855948736974	23.79777947043683	26.309396051070483	0.0
182.0	26.350737203355994	23.763517282583766	23.729538253308	26.15620726075224	0.0
183.0	26.285327572000146	23.77597625998488	23.71028347005173	26.22841269796324	0.0
184.0	26.33976860215541	23.715164317387686	23.74319709591741	26.2018699845395	0.0
185.0	26.171288771597983	23.801811087388646	23.698741073400576	26.328159067612795	0.0
186.0	26.187145696826914	23.74263077715923	23.829277547160192	26.24094597885366	0.0
187.0	26.344299152220817	23.775477265133453	23.744896052191937	26.13532753045379	0.0
188.0	26.412973303582554	23.760604378801435	23.6581001030706	26.168322214545412	0.0
189.0	26.13802398939845	23.90756492881333	23.80222904325567	26.152182038532544	0.0
190.0	26.200036244605784	23.840738936900408	23.792318408861806	26.166906409632002	0.0
191.0	26.254477495717175	23.775112910761564	23.86289306395209	26.107516529569168	0.0
192.0	26.264104996389687	23.649955402018943	23.822400928770655	26.26353867282072	0.0
193.0	26.11204711812094	23.82891364981382	23.76746754258045	26.291571689484787	0.0
194.0	26.082315130749954	23.79776585352041	23.827497840891393	26.292421174838243	0.0
195.0	26.247115289320554	23.726409083830045	23.770582322209794	26.255893304639606	0.0
196.0	26.323568971131657	23.68336849258824	23.7586895272614	26.234373009018704	0.0
197.0	26.19303138848381	23.740000849485355	23.789837323554814	26.27713043847602	0.0
198.0	26.153955062224803	23.739434525916383	23.79691636816695	26.309694043691863	0.0
199.0	26.328949045036882	23.697243420028034	23.842788577253614	26.131018957681473	0.0
200.0	26.186235505656157	23.669776726932934	23.826082031968966	26.317905735441943	0.0
201.0	26.316773088304004	23.663547167674253	23.59473885404426	26.42494088997749	0.0
202.0	26.246832127536067	23.698376067165974	23.837691665132873	26.217100140165083	0.0
203.0	26.248888586848796	23.843705578869276	23.742050210389802	26.16535562389213	0.0
204.0	26.167695021704475	23.859347081859703	23.67614036975475	26.29681752668107	0.0
205.0	26.24571358993745	23.77991284181554	23.759241797418102	26.215131770828908	0.0
206.0	26.253359044714585	23.642011490835365	23.798318566279015	26.306310898171038	0.0
207.0	26.349068811924642	23.76122395236032	23.72469566842512	26.165011567289913	0.0
208.0	26.28677251374058	23.77849701685681	23.714784893714018	26.219945575688584	0.0
209.0	26.352258247203736	23.715701543253576	23.73750530935863	26.194534900184056	0.0
210.0	26.166218320826847	23.80659776299023	23.704941243097835	26.32224267308509	0.0
211.0	26.193968568596915	23.737788475152204	23.837462834489596	26.230780121761292	0.0
212.0	26.345328304280358	23.76595648283439	23.752930782561418	26.135784430323834	0.0
213.0	26.420517293130885	23.75278213543407	23.6649997451479	26.16170082628714	0.0
214.0	26.139613644215142	23.90399438192702	23.804602062603003	26.151789911254834	0.0
215.0	26.213520753456077	23.834901145701778	23.792142626562384	26.159435474279757	0.0
216.0	26.272211131404948	23.774370301151084	23.854507355335627	26.098911212108337	0.0
217.0	26.267397244757817	23.646377550298038	23.817128941369692	26.269096263574454	0.0
218.0	26.109388494810915	23.827606224072266	23.771821772926135	26.291183508190684	0.0
219.0	26.092398306644583	23.798439734386726	23.827039884466718	26.282122074501974	0.0
220.0	26.248991207577628	23.721134378229905	23.771821772926135	26.25805264126633	0.0
221.0	26.309872715173654	23.68885302071387	23.766724716476233	26.234549547636238	0.0
222.0	26.19773747327585	23.74180577383228	23.797307055175636	26.263149697716237	0.0
223.0	26.16035905930992	23.73104532132693	23.795608036359003	26.312987583004148	0.0
224.0	26.332526299395433	23.69508275637486	23.831287431508304	26.141103512721404	0.0
225.0	26.18414532274278	23.656571663197838	23.83185377111385	26.327429242945534	0.0
226.0	26.321482677087317	23.660536040436646	23.594274306587945	26.423706975888088	0.0
227.0	26.241345622902774	23.706409548485748	23.834968638944343	26.217276189667132	0.0
228.0	26.25133090184174	23.83843417982466	23.744704709693494	26.165530208640103	0.0
229.0	26.177214329605853	23.85719099628196	23.67312958206732	26.292465092044864	0.0
230.0	26.2403615532518	23.787247658880396	23.764027603548705	26.2083631843191	0.0
231.0	26.256219152014904	23.640564870321654	23.797441829513826	26.30577414814962	0.0
232.0	26.347683516309257	23.75383343291528	23.73316192024194	26.165321130533524	0.0
233.0	26.276324321875272	23.772805917149707	23.715038950226962	26.235830810748055	0.0
234.0	26.343793714709662	23.707460455001105	23.74653821975296	26.20220761053627	0.0
235.0	26.18408458920208	23.79977459492216	23.704911905125982	26.311228910749783	0.0
236.0	26.192013411035788	23.747670908586347	23.841400909549133	26.218914770828732	0.0
237.0	26.335015376250915	23.766926618753928	23.751352147294856	26.146705857700304	0.0
238.0	26.423514753355608	23.74327462196296	23.674463385626098	26.15874723905533	0.0
239.0	26.143739027014785	23.895338959053067	23.80755507730645	26.153366936625698	0.0
240.0	26.20669929087655	23.841160878134982	23.78565440993226	26.16648542105621	0.0
241.0	26.25953376929765	23.773744148042834	23.862957288147115	26.1037647945124	0.0
242.0	26.262094124577978	23.64075635012349	23.819477488500667	26.27767203679786	0.0
243.0	26.111402229177582	23.817360393151016	23.77260689147276	26.298630486198643	0.0
244.0	26.10076254574708	23.782249566606612	23.823889323226485	26.29309856441982	0.0
245.0	26.261979563565696	23.71634886415465	23.751476641444544	26.270194930835107	0.0
246.0	26.30885602583716	23.672729333106695	23.75771998413508	26.260694656921075	0.0
247.0	26.207125169289352	23.730259019793394	23.791174853943666	26.271440956973592	0.0
248.0	26.176833968081247	23.724836779107726	23.79001178817555	26.308317464635472	0.0
249.0	26.338921381936885	23.696216449038808	23.840168208197316	26.124693960826985	0.0
