# Position (bp)	A	C	G	T	N
0.0	26.28357369864271	23.827717160591565	23.679711791094437	26.208997349671293	0.0
1.0	26.273534574742712	23.831159145928705	23.727039089480144	26.168267189848436	0.0
2.0	26.154741862672836	23.82647251994	23.713758815617012	26.305026801770147	0.0
3.0	26.17422526082742	23.896036111477553	23.758381177982095	26.171357449712936	0.0
4.0	26.28296303093564	23.57795850013191	23.87045342448469	26.26862504444776	0.0
5.0	26.254067925393894	23.75209668401359	23.80628790159563	26.187547488996888	0.0
6.0	26.312801752313675	23.715008199635317	23.70210667553527	26.27008337251574	0.0
7.0	26.165944222742077	23.826315306637312	23.756937755148847	26.250802715471767	0.0
8.0	26.162437363116194	23.922416264376384	23.779369101812886	26.13577727069454	0.0
9.0	26.157907711358646	23.89913490147967	23.71539462595525	26.227562761206435	0.0
10.0	26.202466701252842	23.77933256326547	23.767007655773934	26.251193079707758	0.0
11.0	26.259505226620654	23.836371088633282	23.739491583234688	26.164632101511376	0.0
12.0	26.22138400112357	23.918346054739786	23.70394998953816	26.156319954598477	0.0
13.0	26.256352343308865	23.682453057866873	23.711975510695442	26.349219088128823	0.0
14.0	26.28300853858126	23.625127906743444	23.88997010493369	26.201893449741608	0.0
15.0	26.186627227075736	23.771525532549127	23.866971635596524	26.174875604778613	0.0
16.0	26.16627685675632	23.743149664075577	23.810793148517575	26.279780330650524	0.0
17.0	26.23936621494577	23.826270894957695	23.751748412097864	26.182614477998673	0.0
18.0	26.125002866249343	23.735410790855518	23.806207149572355	26.333379193322788	0.0
19.0	26.281500080254983	23.837449267386667	23.67006030588613	26.21099034647222	0.0
20.0	26.1955126000321	23.742576414207424	23.751748412097864	26.31016257366261	0.0
21.0	26.167996606360784	23.829137144298457	23.74916878769118	26.253697461649583	0.0
22.0	26.23019421705533	23.658308683589002	23.84948751461787	26.262009584737793	0.0
23.0	26.2860860792002	23.676366054435807	23.705888422645664	26.33165944371833	0.0
24.0	26.194652725229872	23.652576184907478	24.012003852239115	26.140767237623535	0.0
25.0	26.294971452156567	23.829137144298457	23.67292655522689	26.202964848318082	0.0
26.0	26.266882208617094	23.836302767650363	23.735410790855518	26.16140423287703	0.0
27.0	26.14793286097544	23.823977895485086	23.730251542042147	26.29783770149733	0.0
28.0	26.17946160372383	23.905379376762742	23.749455412625256	26.16570360688817	0.0
29.0	26.2800669555846	23.58177982619064	23.86783151039875	26.270321707826007	0.0
30.0	26.246531838297678	23.743149664075577	23.821684896012474	26.18863360161427	0.0
31.0	26.309875948728532	23.71162092132719	23.695856549952993	26.282646579991287	0.0
32.0	26.173367460711	23.827635723682892	23.747667596284206	26.251329219321907	0.0
33.0	26.16849485079782	23.931107028309864	23.77489688697551	26.125501233916804	0.0
34.0	26.160469375646695	23.890119780216633	23.72588416373116	26.223526680405516	0.0
35.0	26.21120184356629	23.750533837409606	23.772890518187733	26.265373800836368	0.0
36.0	26.26250755971097	23.839960560522115	23.720438305592896	26.17709357417402	0.0
37.0	26.234131772569498	23.92537454605906	23.692635766676506	26.14785791469493	0.0
38.0	26.245023488846027	23.687476532650788	23.714132575117013	26.35336740338618	0.0
39.0	26.262794183823505	23.639323681744052	23.881234432727886	26.216647701704552	0.0
40.0	26.195649058442488	23.775688612456648	23.851357161282927	26.177305167817938	0.0
41.0	26.161827510103468	23.75017913955688	23.81925535268996	26.268737997649687	0.0
42.0	26.223738140961334	23.827280804838203	23.767376537017398	26.181604517183064	0.0
43.0	26.10536272177477	23.739000831207544	23.81495600332483	26.340680443692854	0.0
44.0	26.279916305999024	23.845911318753764	23.674510590730602	26.19966178451661	0.0
45.0	26.195075811860473	23.730975379059302	23.75476511221302	26.31918369686721	0.0
46.0	26.178165037690963	23.81094327725071	23.75447848892201	26.256413196136318	0.0
47.0	26.2291839834905	23.65387371377798	23.85250365444696	26.26443864828456	0.0
48.0	26.28507552523718	23.691707988191123	23.701166556794405	26.322049929777293	0.0
49.0	26.179311530855	23.66476539883631	24.022184642724067	26.133738427584625	0.0
50.0	26.283355785491132	23.83587950356846	23.675943707185645	26.204821003754763	0.0
51.0	26.26185903866548	23.845051448880735	23.740147324371577	26.1529421880822	0.0
52.0	26.16010777035742	23.81896872939895	23.728682392731233	26.2922411075124	0.0
53.0	26.179311530855	23.91097480581272	23.744160050445696	26.165553612886583	0.0
54.0	26.281062799163056	23.576198801914643	23.87199403823555	26.27074436068675	0.0
55.0	26.233483332855627	23.742726933990657	23.83559288027745	26.188196852876267	0.0
56.0	26.29969331307862	23.72724927627619	23.699446817048354	26.273610593596835	0.0
57.0	26.169777953572893	23.822053306046875	23.759569607699827	26.248599132680404	0.0
58.0	26.175223780493045	23.938995273595477	23.77218099635703	26.113599949554445	0.0
59.0	26.162612391835843	23.892275811069933	23.714856502460655	26.23025529463357	0.0
60.0	26.21821715091533	23.748391331390035	23.77848669068563	26.254904827009007	0.0
61.0	26.256337939356417	23.83552456211252	23.730907360751637	26.17723013777942	0.0
62.0	26.22222986548807	23.922944415304492	23.69450630712744	26.160319412079993	0.0
63.0	26.255764694417454	23.685621010573502	23.7188692170334	26.33974507797564	0.0
64.0	26.260637276398647	23.635175455944694	23.893995545886824	26.21019172176984	0.0
65.0	26.214415922405788	23.771826238492142	23.850073948385173	26.1636838907169	0.0
66.0	26.166836728844455	23.72338717998693	23.827717459844308	26.282058631324308	0.0
67.0	26.208970111094548	23.8391823257627	23.768386778716625	26.183460784426128	0.0
68.0	26.109225777604532	23.733705559313485	23.816825837221835	26.340242825860148	0.0
69.0	26.285784712747784	23.832016784563702	23.67466149983376	26.207537002854753	0.0
70.0	26.184607271017967	23.741157722160438	23.750902858191072	26.323332148630524	0.0
71.0	26.195212271992478	23.804787728007522	23.745743668527798	26.254256331472202	0.0
72.0	26.236199167650735	23.650298659757173	23.846921110257615	26.266581062334478	0.0
73.0	26.289797415819223	23.687846095639912	23.703323664629742	26.319032823911126	0.0
74.0	26.187473487497563	23.65918393084393	24.00742923311512	26.145913348543388	0.0
75.0	26.291803767354942	23.834596379395343	23.683260149272552	26.190339703977163	0.0
76.0	26.277472684956948	23.84090205565046	23.731125964481844	26.150499294910745	0.0
77.0	26.15823807940566	23.821985026885113	23.73972461392064	26.280052279788592	0.0
78.0	26.18403402772205	23.908258142921017	23.731125964481844	26.176581864875093	0.0
79.0	26.285784712747784	23.569184733384542	23.888767870859752	26.256262683007925	0.0
80.0	26.23132659963542	23.754342317966593	23.83602948763514	26.17830159476285	0.0
81.0	26.275179711773273	23.73972461392064	23.702750421333825	26.282345252972267	0.0
82.0	26.171920904116735	23.824496335552734	23.745388987454607	26.258193772875927	0.0
83.0	26.17679345816626	23.940577770261942	23.75513409555365	26.12749467601815	0.0
84.0	26.167048350067212	23.886979675717196	23.70898814249641	26.23698383171918	0.0
85.0	26.221506307091285	23.747681954066145	23.77921024497482	26.25160149386775	0.0
86.0	26.263926189404774	23.838254135221973	23.718446629769012	26.179373045604237	0.0
87.0	26.234404244281194	23.91162906679125	23.699243034397366	26.154723654530187	0.0
88.0	26.272238193371606	23.677459851587738	23.71128110910795	26.33902084593271	0.0
89.0	26.276250884941803	23.641632248282423	23.890992367287392	26.19112449948838	0.0
90.0	26.239488211319195	23.761944888705454	23.84735765017455	26.1512092498008	0.0
91.0	26.1761451902297	23.72153146801034	23.834459749952707	26.267863591807256	0.0
92.0	26.203374090698034	23.84936399020906	23.76366460873503	26.183597310357875	0.0
93.0	26.11394864915992	23.749906848498398	23.81095690954846	26.325187592793224	0.0
94.0	26.29365939225094	23.82614776980974	23.673665927187056	26.206526910752263	0.0
95.0	26.184457170372667	23.719811747980764	23.755352628592068	26.34037845305451	0.0
96.0	26.194775490550136	23.78917378917379	23.749333608488538	26.266717111787536	0.0
97.0	26.23576215125511	23.63783842657082	23.85910907037668	26.267290351797396	0.0
98.0	26.287353752142483	23.670513107132827	23.72353780804485	26.31859533267984	0.0
99.0	26.1867501304121	23.65360252684196	24.002132452836676	26.157514889909255	0.0
100.0	26.285060792103042	23.843344970105534	23.687137067418757	26.184457170372667	0.0
101.0	26.285634032112903	23.845924550149903	23.716085687916674	26.15235572982052	0.0
102.0	26.16983955012124	23.812963249582968	23.72382442804978	26.29337277224601	0.0
103.0	26.191336050490982	23.901815451111226	23.714652587892022	26.192195910505774	0.0
104.0	26.285634032112903	23.57736160553062	23.880892190751347	26.25611217160513	0.0
105.0	26.229456511146655	23.756785728616713	23.82844072984918	26.185317030387452	0.0
106.0	26.278468531989656	23.720384987990624	23.70920680779836	26.291939672221364	0.0
107.0	26.175496926009256	23.813468235428996	23.751558491809856	26.259476346751885	0.0
108.0	26.179796213760586	23.921810286762494	23.762736639963315	26.135656859513606	0.0
109.0	26.18180254804454	23.87967726679947	23.70140013471102	26.23712005044498	0.0
110.0	26.23196090514338	23.735507817538227	23.76674930853122	26.265781968787174	0.0
111.0	26.27208759082245	23.82722595623325	23.724616288568193	26.176070164376103	0.0
112.0	26.2374066696284	23.9140715688101	23.68764241390676	26.160879347654735	0.0
113.0	26.274953782656674	23.679903695954373	23.713438140414738	26.33170438097422	0.0
114.0	26.275240401840094	23.640636867825563	23.891715272503188	26.192407457831152	0.0
115.0	26.245070164175	23.759515729615703	23.833749885352656	26.161664220856647	0.0
116.0	26.153925525084837	23.729707419976155	23.828590754838118	26.28777630010089	0.0
117.0	26.218701274878477	23.852953315601212	23.758369256168027	26.169976153352287	0.0
118.0	26.12211088691186	23.754643217463084	23.820278822342473	26.302967073282584	0.0
119.0	26.29006924699624	23.83231679354306	23.672383747592406	26.20523021186829	0.0
120.0	26.16768320645694	23.720822250756672	23.755216454186918	26.356278088599467	0.0
121.0	26.2083830138494	23.78473814546455	23.747764376777035	26.259114463909018	0.0
122.0	26.22787306245987	23.639709254333667	23.86699761533523	26.265420067871226	0.0
123.0	26.28233055122443	23.667224617077867	23.710790608089518	26.339654223608182	0.0
124.0	26.210962579106667	23.633976887095294	24.008300467761167	26.146760066036872	0.0
125.0	26.28233055122443	23.824291479409336	23.69617307163166	26.197204897734565	0.0
126.0	26.3032536916445	23.852093460515455	23.706777951022655	26.137874896817394	0.0
127.0	26.179721177657527	23.811393653122995	23.711077226451437	26.29780794276805	0.0
128.0	26.194987030481947	23.89658779862136	23.71257828286447	26.195846888032214	0.0
129.0	26.29623897229531	23.568189765372864	23.881465430761207	26.25410583157062	0.0
130.0	26.238914971309335	23.743027968380083	23.820988609721002	26.197068450589576	0.0
131.0	26.29308615224108	23.70748708776878	23.713792727877234	26.285634032112903	0.0
132.0	26.173927249901833	23.83768089356909	23.75484747472721	26.23354438180187	0.0
133.0	26.184532220480207	23.941724253567713	23.76430596199981	26.10943756395227	0.0
134.0	26.172207524943175	23.88611981323787	23.706121934231987	26.235550727586972	0.0
135.0	26.2438627315538	23.746822091586818	23.749688299851243	26.259626877008134	0.0
136.0	26.27567764328892	23.82707592299072	23.724465667124306	26.17278076659606	0.0
137.0	26.23469086510764	23.900737475386435	23.69379723869496	26.170774420810965	0.0
138.0	26.286644577691664	23.679247446201117	23.722527315043052	26.31158066106417	0.0
139.0	26.291803767354942	23.649438794813292	23.88962773580363	26.169129702028133	0.0
140.0	26.255764694417454	23.754410403249153	23.819473703821537	26.170351198511852	0.0
141.0	26.15917292220206	23.723455176545112	23.8168941015962	26.300477799656623	0.0
142.0	26.231688406980975	23.83667105199045	23.750111066206927	26.181529474821648	0.0
143.0	26.106721010286883	23.753550535840706	23.840397144093714	26.2993313097787	0.0
144.0	26.29216574804165	23.84584297101387	23.675015979202673	26.186975301741803	0.0
145.0	26.171211065920303	23.723168554075627	23.7584231178219	26.34719726218217	0.0
146.0	26.200733180276934	23.782212782788896	23.756703383005007	26.260350653929166	0.0
147.0	26.239140591187503	23.65007982435775	23.87135237079776	26.239427213656985	0.0
148.0	26.30592362657678	23.692213327371586	23.684187898226096	26.317675147825536	0.0
149.0	26.186115434333356	23.631449363841426	24.02182916727574	26.16060603454947	0.0
150.0	26.29216574804165	23.82749913296703	23.710557165418425	26.169777953572893	0.0
151.0	26.27447046346986	23.84677118862679	23.716644214508868	26.162114133394482	0.0
152.0	26.152655564791193	23.82154833901803	23.714064604889792	26.311731491300982	0.0
153.0	26.182539432312286	23.901584744718235	23.7290370289691	26.186838794000384	0.0
154.0	26.29927082616771	23.57404095297058	23.87557038361881	26.251117837242898	0.0
155.0	26.24079933961615	23.73913691499851	23.8105065235835	26.209557221801838	0.0
156.0	26.29611795189287	23.715347045470182	23.71678017014056	26.27175483249639	0.0
157.0	26.197594063407347	23.82547930991983	23.761848392172823	26.215078234499995	0.0
158.0	26.186702284693897	23.938696483388604	23.75324961950431	26.12135161241319	0.0
159.0	26.18096976958155	23.899715380624674	23.706242995583096	26.213071854210675	0.0
160.0	26.231129276814556	23.741784589279625	23.752676367993075	26.274409765912743	0.0
161.0	26.27183013411219	23.818313666029404	23.735192196900428	26.174664002957975	0.0
162.0	26.238581546460605	23.909747282071272	23.682739683622493	26.168931487845636	0.0
163.0	26.270472303273852	23.683954070957274	23.728954443571826	26.316619182197048	0.0
164.0	26.281077486628867	23.661023944784258	23.890038579937286	26.16785998864959	0.0
165.0	26.24503776315978	23.767430528684237	23.827908909812688	26.159622798343296	0.0
166.0	26.15016409418576	23.733321868237383	23.828195537211403	26.28831850036545	0.0
167.0	26.2367255685971	23.84596643593161	23.749086375166602	26.16822162030468	0.0
168.0	26.111182767960788	23.753099158748583	23.82991530160368	26.30580277168695	0.0
169.0	26.294624303137137	23.84424667153933	23.677429525488343	26.18369949983519	0.0
170.0	26.162202444931708	23.71325795032747	23.758545079324133	26.365994525416685	0.0
171.0	26.180259971050635	23.785488054803157	23.782335153417314	26.251916820728894	0.0
172.0	26.235292431603536	23.652206314401596	23.863164079854393	26.249337174140475	0.0
173.0	26.29806383192169	23.69892658039182	23.688321366639435	26.31468822104705	0.0
174.0	26.194877968385	23.637301689668515	23.999025466844376	26.168794875102115	0.0
175.0	26.293191166143572	23.843386789343192	23.688321366639435	26.175100677873797	0.0
176.0	26.276928721294183	23.85234060604671	23.724791048027424	26.14593962463168	0.0
177.0	26.163710574288302	23.816225450292933	23.739122459040825	26.280941516377936	0.0
178.0	26.180123422465414	23.90428883035287	23.744063195971144	26.171524551210577	0.0
179.0	26.310328420497477	23.570146926467974	23.893465412374386	26.226059240660167	0.0
180.0	26.246696590824403	23.744131253547042	23.818941647892412	26.19023050773614	0.0
181.0	26.29628355719126	23.72550031242655	23.724640422836373	26.253575707545817	0.0
182.0	26.193745145192775	23.838214176180415	23.758817476446122	26.209223202180688	0.0
183.0	26.20148417368673	23.935668609067275	23.760537260555893	26.102309956690107	0.0
184.0	26.166228599436486	23.910731739475636	23.721555487401147	26.20148417368673	0.0
185.0	26.240465946841475	23.739613220553714	23.752798232061938	26.26712260054288	0.0
186.0	26.266835969857915	23.83678102275561	23.744485942198057	26.151897065188418	0.0
187.0	26.25279106629481	23.888947807418575	23.689739481370438	26.168521644916176	0.0
188.0	26.25773905067645	23.70213253840862	23.71474432469617	26.325384086218754	0.0
189.0	26.280669571199265	23.636780554918595	23.90220132997019	26.180348543911947	0.0
190.0	26.241762903470832	23.76182000063059	23.826885539112414	26.16953155678616	0.0
191.0	26.154340043396136	23.737169620412807	23.83892409689319	26.269566239297866	0.0
192.0	26.219978846534186	23.848956228377176	23.756087354068317	26.174977571020325	0.0
193.0	26.09558041613281	23.76783927952098	23.82143952487825	26.315140779467956	0.0
194.0	26.301382427718494	23.83892409689319	23.675830302196463	26.183863173191853	0.0
195.0	26.178990423613918	23.70621332897652	23.762393265286818	26.35240298212274	0.0
196.0	26.18615623181676	23.7807377342861	23.778158043333075	26.254947990564066	0.0
197.0	26.257241049188973	23.660638788806434	23.852109183986425	26.230010978018164	0.0
198.0	26.309408132905677	23.696754462148768	23.68242284574308	26.311414559202472	0.0
199.0	26.180136952926375	23.644874010760176	24.016349507995606	26.15863952831784	0.0
200.0	26.27902510612562	23.845803272767924	23.69761435913311	26.177557261973348	0.0
201.0	26.267061838235715	23.855043883535217	23.743256955153377	26.134637323075687	0.0
202.0	26.17046646678782	23.823514237068547	23.717746604830342	26.288272691313296	0.0
203.0	26.20121131516265	23.901546963543023	23.73415272431258	26.16308899698174	0.0
204.0	26.32740572581662	23.574851809812085	23.88298421215561	26.214758252215688	0.0
205.0	26.247147983810866	23.756291633703665	23.822217636065538	26.17434274641993	0.0
206.0	26.282404063334823	23.73221431110194	23.73708710258086	26.24829452298238	0.0
207.0	26.190182730204224	23.828878538158367	23.770978144034398	26.20996058760301	0.0
208.0	26.18416338230025	23.933500537441777	23.777857398781798	26.104478681476174	0.0
209.0	26.187603009673953	23.91114295951272	23.71881046219993	26.1824435686134	0.0
210.0	26.238050877821568	23.726549623790756	23.749480472948765	26.285919025438908	0.0
211.0	26.27072733787173	23.83203152991759	23.74632748118954	26.150913651021142	0.0
212.0	26.253242565388753	23.882766033679683	23.682121103547114	26.181870297384453	0.0
213.0	26.26392336488245	23.687635077420502	23.730343906396005	26.31809765130104	0.0
214.0	26.301759374444643	23.63747370110699	23.885700854749853	26.175066069698516	0.0
215.0	26.25683271563004	23.749616622667848	23.83646771174611	26.157082949956	0.0
216.0	26.16998162655178	23.718086524322604	23.844780192218945	26.267151656906666	0.0
217.0	26.225589254542488	23.82528885869643	23.76337521103668	26.185746675724403	0.0
218.0	26.0943093905232	23.781433358270775	23.822709123377276	26.30154812782875	0.0
219.0	26.285209804140763	23.829015143046323	23.67222456309316	26.213550489719754	0.0
220.0	26.15851613624442	23.694868906450196	23.787452740682138	26.35916221662324	0.0
221.0	26.18918632281661	23.780000171982355	23.780573446497723	26.250240058703312	0.0
222.0	26.261132274495303	23.67365774938158	23.848506476568836	26.216703499554278	0.0
223.0	26.291515823809807	23.68970943581189	23.682256867112102	26.336517873266203	0.0
224.0	26.1768609207362	23.64757375893233	23.997844487822217	26.177720832509248	0.0
225.0	26.2863563531715	23.82958841756169	23.69372235741946	26.19033287184735	0.0
226.0	26.280412300213257	23.86032699672086	23.73191313719645	26.127347565869428	0.0
227.0	26.152858354926735	23.821917494095253	23.714714852438718	26.31050929853929	0.0
228.0	26.20223521014931	23.8890592797911	23.73628074560511	26.172424764454483	0.0
229.0	26.32155244073724	23.57067102359045	23.8897010347694	26.218075500902916	0.0
230.0	26.263077937340558	23.748674291283287	23.813454868575686	26.17479290280047	0.0
231.0	26.28629575486571	23.740361739329835	23.709691289018835	26.26365121678562	0.0
232.0	26.188340035944723	23.814669689768937	23.784859073176463	26.212131201109873	0.0
233.0	26.200092298255218	23.925312939814088	23.788872040794683	26.085722721136012	0.0
234.0	26.176587773634232	23.91528052076854	23.718645107475872	26.18948659812136	0.0
235.0	26.247387988041353	23.731257291418842	23.748455724068346	26.272898996471454	0.0
236.0	26.278918447898782	23.814956330313098	23.732977134683793	26.17314808710433	0.0
237.0	26.264873061235015	23.8866164663527	23.68625472598597	26.16225574642631	0.0
238.0	26.263228499031154	23.70094133024525	23.70782072302418	26.32800944769942	0.0
239.0	26.282433470539	23.63673366430856	23.89843723127372	26.18239563387872	0.0
240.0	26.253296640293545	23.73380346290563	23.84646256163284	26.166437335167984	0.0
241.0	26.17255140304806	23.701019460339666	23.838629404951664	26.28779973166061	0.0
242.0	26.212723743552544	23.844475473147906	23.765629435089643	26.17717134820991	0.0
243.0	26.08708118880016	23.78575217559605	23.82646843772849	26.3006981978753	0.0
244.0	26.27765064836003	23.837912859953086	23.681629703549493	26.20280678813739	0.0
245.0	26.1529284569213	23.69980986466838	23.7752330806799	26.372028597730417	0.0
246.0	26.209760686506208	23.766720969185233	23.775325241493242	26.24819310281532	0.0
247.0	26.264552935541147	23.65757326304135	23.847166569623194	26.23070723179431	0.0
248.0	26.293761259452204	23.70107517011096	23.67468358787823	26.330479982558607	0.0
249.0	26.17930211476896	23.652594981009536	23.996833010132075	26.171269894089434	0.0
