# Position (bp)	A	C	G	T	N
0.0	26.24963246104087	23.878158007825753	23.604482844412278	26.234930902675686	0.032795784045416505
1.0	26.272532965417412	23.62851423789383	23.831226109967655	26.23917173681949	0.02855494990161265
2.0	26.22795560305102	23.736988222256148	23.781656573880888	26.229934580654646	0.023465020157300447
3.0	26.19658107577098	23.75408848947099	23.78857738941643	26.241812419961725	0.01894062537987262
4.0	26.25667844522968	23.68763250883392	23.743886925795053	26.2973851590106	0.01441696113074205
5.0	26.18102056910592	23.711710285683594	23.838624241413523	26.25649056059788	0.012154343199079662
6.0	26.245414309051547	23.721235211323336	23.688449994064744	26.334443131779615	0.010457353780757338
7.0	26.417067263534804	23.862290764087305	23.592117497110333	26.12061145071175	0.007913024555810845
8.0	26.18098276529548	23.73918768844718	23.777618903636554	26.297406740722113	0.00480390189867158
9.0	26.284782657835848	23.796310947354144	23.616887813919845	26.299193019733718	0.00282556115644567
10.0	26.250791103476335	23.747796211744497	23.680552416256045	26.320860268523123	0.0
11.0	26.29684462727725	23.739885176981147	23.71332670313277	26.249943492608836	0.0
12.0	26.362110664074862	23.650320961981826	23.782548257312055	26.205020116631257	0.0
13.0	26.19654400795624	23.668120790199357	23.84414131368383	26.29119388816057	0.0
14.0	26.299104922923917	23.745535916097825	23.742710546539485	26.212648614438766	0.0
15.0	26.295997016409743	23.811367026807105	23.70089507707608	26.191740879707066	0.0
16.0	26.279892409927218	23.781418109488722	23.72152027485195	26.21716920573211	0.0
17.0	26.211235929659598	23.75683739433118	23.7311265313503	26.300800144658922	0.0
18.0	26.082325385591222	23.781068382226213	23.72964680154943	26.406959430633137	0.0
19.0	26.238567880724535	23.78558896074725	23.663533340679272	26.312309817848938	0.0
20.0	26.26738656879614	23.712694632095545	23.728799193076732	26.291119606031582	0.0
21.0	26.21850781353744	23.680202973975597	23.77965570143839	26.321633511048574	0.0
22.0	26.09193161494842	23.80084591325575	23.805366491776788	26.301855980019045	0.0
23.0	26.309201920115726	23.827969384381966	23.61465458542057	26.24817411008174	0.0
24.0	26.158045075818574	23.806214100249477	23.866959374125905	26.16878144980604	0.0
25.0	26.258627947911634	23.880803645846576	23.616349802365956	26.24421860387583	0.0
26.0	26.28207844898951	23.628498857141242	23.845486626150983	26.243936067718266	0.0
27.0	26.236515999977396	23.73494792873328	23.790324859156122	26.2382112121332	0.0
28.0	26.202046686142772	23.754160333165697	23.79625810170143	26.247534878990102	0.0
29.0	26.25855375800281	23.688047059089445	23.751334979572693	26.302064203335046	0.0
30.0	26.187072312099858	23.699913544180053	23.852482638202172	26.260531505517914	0.0
31.0	26.244426990037805	23.736643140889083	23.69454537235335	26.324384496719766	0.0
32.0	26.40688482163543	23.86378405257418	23.60159123914358	26.12773988664681	0.0
33.0	26.195265837519564	23.728732150828677	23.775915555831812	26.300086455819944	0.0
34.0	26.27833123315383	23.799083455294433	23.622781391091095	26.299803920460647	0.0
35.0	26.25375065689471	23.740598635919284	23.677593250795336	26.32805745639067	0.0
36.0	26.288219970729337	23.746249343105287	23.70612932208466	26.259401364080716	0.0
37.0	26.376088467471703	23.635212946900307	23.78749950556312	26.201199080064868	0.0
38.0	26.217303595544983	23.656968169566422	23.83892094095576	26.286807293932835	0.0
39.0	26.30743237516175	23.740881171278584	23.73353525193678	26.218151201622884	0.0
40.0	26.30545462764665	23.808407122151337	23.688329594448746	26.197808655753267	0.0
41.0	26.300934061897845	23.777328232628314	23.698783402742855	26.22295430273099	0.0
42.0	26.235103323180898	23.747379484542492	23.72053862540897	26.296978566867647	0.0
43.0	26.100260214330717	23.7718928967986	23.729512712642574	26.398334176228104	0.0
44.0	26.244917909583286	23.776413449775244	23.65831400326045	26.320354637381016	0.0
45.0	26.270911089198982	23.70747501688144	23.729230178081533	26.292383715838042	0.0
46.0	26.222880213822158	23.682611975509904	23.78319427924021	26.311313531427732	0.0
47.0	26.089806435572232	23.817946030248148	23.810600131661104	26.281647402518516	0.0
48.0	26.325157724918704	23.81653335744295	23.6122608698109	26.246048047827454	0.0
49.0	26.16778597441932	23.807774786050704	23.8654118365029	26.159027403027075	0.0
50.0	26.269215881832746	23.880951237360108	23.60971805876154	26.24011482204561	0.0
51.0	26.282495006201636	23.634863634694113	23.841961467936564	26.24067989116769	0.0
52.0	26.251342035373227	23.73198847262248	23.79216816409561	26.224501327908683	0.0
53.0	26.198508221732496	23.75713397751031	23.78793015765384	26.256427643103354	0.0
54.0	26.25981804825677	23.681979996609595	23.739616884217664	26.318585070915972	0.0
55.0	26.188619540035035	23.70119229247895	23.854608125671017	26.255580041814998	0.0
56.0	26.256992710628918	23.75148330225462	23.67604678759112	26.315477199525343	0.0
57.0	26.41492908402554	23.869864948861387	23.59665480024863	26.11855116686444	0.0
58.0	26.19879075549528	23.72859806746906	23.784539752500425	26.288071424535232	0.0
59.0	26.280443012940047	23.79216816409561	23.627450980392155	26.299937842572184	0.0
60.0	26.242018421201337	23.754873707408038	23.68339266542352	26.319715205967114	0.0
61.0	26.285811154432952	23.756003842459176	23.70712550149743	26.25105950161044	0.0
62.0	26.37565689099847	23.637622195852405	23.796971238062948	26.189749675086173	0.0
63.0	26.208679437192746	23.649771147652142	23.84867491665254	26.29287449850257	0.0
64.0	26.315477199525343	23.738486749166526	23.74018195174323	26.205854099564895	0.0
65.0	26.292591964739785	23.798666440639657	23.705995366446288	26.202746228174266	0.0
66.0	26.299655308809406	23.779171611007516	23.701474826241736	26.21969825394135	0.0
67.0	26.233542408317795	23.736791546589817	23.721534723399447	26.30813132169294	0.0
68.0	26.09248434061044	23.774866432541018	23.73248648786097	26.40016273898757	0.0
69.0	26.251550399642877	23.773453767718348	23.6663737741601	26.308622058478676	0.0
70.0	26.269067443443966	23.698865065081467	23.731073823038304	26.300993668436263	0.0
71.0	26.227817630622052	23.678522691635045	23.78051709183169	26.31314258591121	0.0
72.0	26.0879638131779	23.81018305310772	23.81018305310772	26.291670080606654	0.0
73.0	26.32416137152802	23.819224107972797	23.614952774614977	26.241661745884198	0.0
74.0	26.168485708069987	23.80453239381705	23.867819777872583	26.15916212024038	0.0
75.0	26.28432422352878	23.871775239376053	23.614670241650444	26.229230295444722	0.0
76.0	26.29195261357119	23.620885966870183	23.846912338497095	26.240249081061535	0.0
77.0	26.24074000824994	23.736092354114515	23.793446383870805	26.229721253764744	0.0
78.0	26.206553616129195	23.750218962428875	23.794293980369666	26.248933441072264	0.0
79.0	26.258539534726026	23.671109955868474	23.749936430262586	26.32041407914291	0.0
80.0	26.189884218318255	23.704448751490357	23.853625735289963	26.252041294901424	0.0
81.0	26.250911166236275	23.757564798752338	23.66969729503704	26.321826739974348	0.0
82.0	26.421278062507415	23.86973006876833	23.597369060467535	26.11162280825672	0.0
83.0	26.18960168615197	23.722248277966447	23.794293980369666	26.29385605551192	0.0
84.0	26.269840821377517	23.79655423769996	23.63720609591402	26.296398845008508	0.0
85.0	26.238762283085933	23.754174412756893	23.688061885845705	26.319001418311476	0.0
86.0	26.288205412186176	23.74230806177283	23.717727763305852	26.25175876273514	0.0
87.0	26.382853687892364	23.632685581253426	23.791751190873082	26.19270953998113	0.0
88.0	26.213334388120085	23.657265879720406	23.844302173802486	26.285097558357016	0.0
89.0	26.323239400805782	23.739482740109963	23.740895400941397	26.196382458142857	0.0
90.0	26.293008459013056	23.795424109034812	23.7013408976612	26.210226534290932	0.0
91.0	26.298094038006226	23.777624582558722	23.706709008820653	26.217572370614395	0.0
92.0	26.242152669081374	23.735244757615654	23.72676879262704	26.29583378067593	0.0
93.0	26.08781639981579	23.78179537383138	23.736872886312202	26.39351534004063	0.0
94.0	26.244903840448885	23.78772853256033	23.673303328502048	26.29406429848874	0.0
95.0	26.272591914517307	23.69110280468889	23.735742760840022	26.30056251995378	0.0
96.0	26.233885117095124	23.673303328502048	23.77953512288702	26.31327643151581	0.0
97.0	26.08386096066316	23.801290038226494	23.81908951441334	26.295759486697012	0.0
98.0	26.322599966661297	23.825587735878376	23.620752494045654	26.231059803414674	0.0
99.0	26.176531249381963	23.791401440344913	23.874465662550186	26.157601647722938	0.0
100.0	26.285588357447388	23.864577064668605	23.629228435087004	26.220606142797003	0.0
101.0	26.277394947774074	23.63177121739941	23.859208968675745	26.231624866150767	0.0
102.0	26.23550618176887	23.739913658657866	23.80320050629478	26.221379653278486	0.0
103.0	26.210643491625795	23.746129331193636	23.806308342562666	26.236918834617907	0.0
104.0	26.25726103564406	23.677474402730375	23.759125737404787	26.30613882422078	0.0
105.0	26.195386840856184	23.713355785095946	23.852360825441313	26.23889654860656	0.0
106.0	26.26686707501752	23.750932350880365	23.670411138485186	26.311789435616934	0.0
107.0	26.42028117442307	23.863662048233618	23.600908618312502	26.11514815903081	0.0
108.0	26.201037452252336	23.731720272133444	23.785966141536512	26.281276134077707	0.0
109.0	26.275060461541937	23.7890739778044	23.646113509481726	26.289752051171938	0.0
110.0	26.239179079176367	23.757148023416132	23.685102728115183	26.318570169292315	0.0
111.0	26.294837601428473	23.730307619284407	23.725787130167483	26.249067649119635	0.0
112.0	26.390050403453653	23.626618900165	23.79981013945709	26.18352055692426	0.0
113.0	26.212903736184256	23.656002079424994	23.85631625341862	26.27477793097213	0.0
114.0	26.316309924733854	23.732850394412676	23.752062473159597	26.198777207693873	0.0
115.0	26.290599642881357	23.797832425468435	23.71081300996768	26.200754921682528	0.0
116.0	26.296815315417128	23.770144429627287	23.709117826548834	26.223922428406755	0.0
117.0	26.243699568293287	23.73963112808806	23.733132924982485	26.283536378636168	0.0
118.0	26.096574872225187	23.77670980920657	23.746478952825736	26.380236365742505	0.0
119.0	26.24179599540039	23.790271314872733	23.673303328502048	26.294629361224832	0.0
120.0	26.275134696829717	23.68771242827235	23.73009213347912	26.307060741418812	0.0
121.0	26.2324724602549	23.669347889349414	23.787446001192283	26.310733649203407	0.0
122.0	26.090076650760153	23.802985226434764	23.82361001630206	26.283328106503024	0.0
123.0	26.325990343077837	23.82021963988552	23.624990464566327	26.22879955247031	0.0
124.0	26.166077588764292	23.794791816761457	23.885484385903947	26.153646208570308	0.0
125.0	26.29999745721769	23.86796744108515	23.622165150885877	26.20986995081129	0.0
126.0	26.285588357447388	23.62612059003851	23.863446939196425	26.22484411331768	0.0
127.0	26.236784557921922	23.74852376943115	23.7979668985314	26.216724774115534	0.0
128.0	26.221601905402313	23.746895669052186	23.795491338951972	26.236011086593532	0.0
129.0	26.261439053401553	23.676544960883312	23.75395899316553	26.308056992549606	0.0
130.0	26.189110614480942	23.707058521052943	23.868102310837116	26.235728553628995	0.0
131.0	26.267937311585833	23.749720998697523	23.664961109337433	26.31738058037922	0.0
132.0	26.423612975043863	23.861038986723777	23.599978527494695	26.11536951073766	0.0
133.0	26.189749675086173	23.720122054585524	23.798948974402443	26.291179295925865	0.0
134.0	26.281573147991182	23.797253771825734	23.642990337345314	26.278182742837767	0.0
135.0	26.232129739503872	23.75035316720348	23.69977962366503	26.317737469627623	0.0
136.0	26.284190213567875	23.7402490259621	23.732620592814015	26.24294016765601	0.0
137.0	26.387597862908578	23.62469239049667	23.795908334487017	26.191801412107736	0.0
138.0	26.218077126284474	23.64079686047596	23.859196076160018	26.28192993707955	0.0
139.0	26.313008738793975	23.730925385447772	23.748442528232268	26.20762334752599	0.0
140.0	26.286450490056197	23.797886076414297	23.721601744933448	26.194061688596058	0.0
141.0	26.301424821791326	23.747312389988107	23.717928795639924	26.233333992580643	0.0
142.0	26.24774325519369	23.73798874947378	23.73544593842442	26.278822056908112	0.0
143.0	26.09157536065639	23.78128372765852	23.74935723205759	26.377783679627502	0.0
144.0	26.25431572761331	23.781001192299218	23.66600930106403	26.298673779023446	0.0
145.0	26.26957263701552	23.688047059089445	23.73862088840418	26.303759415490845	0.0
146.0	26.24866502042731	23.673637755765135	23.783826545892218	26.293870677915343	0.0
147.0	26.093553108171484	23.797670778497928	23.827336991224453	26.281439122106132	0.0
148.0	26.328622527109268	23.820556142601244	23.623628997168996	26.22719233312049	0.0
149.0	26.17153286733835	23.802191344246733	23.874520396227588	26.151755392187333	0.0
150.0	26.30658476908385	23.859546022184677	23.6295622397143	26.20430696901717	0.0
151.0	26.287164099825677	23.618045019311346	23.869502199543987	26.225288681318993	0.0
152.0	26.229318294832964	23.754294561728674	23.795827494236246	26.220559649202112	0.0
153.0	26.21696074137907	23.74588554395581	23.799850254990325	26.2373034596748	0.0
154.0	26.261601706528037	23.678641558478255	23.757469591874212	26.3022871431195	0.0
155.0	26.194075183296366	23.70576518287256	23.861443485385735	26.238716148445334	0.0
156.0	26.272338141184115	23.7416474776442	23.67892409623236	26.307090284939328	0.0
157.0	26.413889555991922	23.854945117041265	23.599248449574077	26.13191687739274	0.0
158.0	26.190193651923803	23.725609859465322	23.793701650590222	26.29049483802065	0.0
159.0	26.286539298287252	23.780987415732877	23.65582283702611	26.27665044895376	0.0
160.0	26.244723592534204	23.744257403922767	23.698486158436317	26.312532845106716	0.0
161.0	26.29961037823543	23.728502287156044	23.718330870531993	26.25355646407653	0.0
162.0	26.39369598200789	23.614921468187482	23.799984742875065	26.19139780692956	0.0
163.0	26.235756484984446	23.64261032455295	23.85621007365801	26.26542311680459	0.0
164.0	26.31119449161282	23.7262419723507	23.741216557936106	26.221346978100375	0.0
165.0	26.28491833200069	23.78501015728966	23.72906736585738	26.201004144852273	0.0
166.0	26.311477030963488	23.741499097286773	23.711267386765293	26.235756484984446	0.0
167.0	26.250165991868517	23.735283231572076	23.733870534818738	26.28068024174067	0.0
168.0	26.10021134003142	23.786207520088603	23.744956658341152	26.368624481538827	0.0
169.0	26.264649706723326	23.786772600386517	23.662172394697286	26.28640529819287	0.0
170.0	26.282167195958543	23.681950205124146	23.731112191042346	26.304770407874962	0.0
171.0	26.243176655402735	23.663302555293107	23.786772600386517	26.306748188917645	0.0
172.0	26.110947865691713	23.784229739045916	23.83028378332561	26.274538611936755	0.0
173.0	26.33358950306839	23.82265519930382	23.620073912502967	26.223681385124824	0.0
174.0	26.17367177875976	23.79072816247189	23.889334674457242	26.146265384311114	0.0
175.0	26.313811692641526	23.849779053603516	23.631375518461173	26.205033735293785	0.0
176.0	26.288457354682127	23.624378763092242	23.873014796669406	26.214149085556226	0.0
177.0	26.228632780493317	23.740570169242506	23.809510355154977	26.221286695109203	0.0
178.0	26.225598919557314	23.73950707627801	23.81296813767733	26.221925866487343	0.0
179.0	26.270805726572277	23.663503131984097	23.75871996925937	26.30697117218425	0.0
180.0	26.19197635683993	23.69966857759607	23.866651221007604	26.241703844556397	0.0
181.0	26.28436776867677	23.727075204348893	23.675935003913214	26.31262202306112	0.0
182.0	26.415467509020168	23.8426351047809	23.615753442074542	26.126143944124387	0.0
183.0	26.197983770710426	23.71640559661852	23.795235189078003	26.290375443593046	0.0
184.0	26.29404850704098	23.773761895074706	23.657354038109446	26.274835559774868	0.0
185.0	26.259013132614545	23.73759634727967	23.702278429511086	26.301112090594696	0.0
186.0	26.301186402845783	23.730882357096235	23.712799532106903	26.255131707951072	0.0
187.0	26.405727734815372	23.611931273963275	23.79699768596349	26.185343305257863	0.0
188.0	26.224616940781576	23.6517699977679	23.85859230858341	26.26502075286712	0.0
189.0	26.3187041395542	23.716190061792403	23.735968151624487	26.229137647028907	0.0
190.0	26.2881893723847	23.780327581676445	23.722406032882486	26.209077013056366	0.0
191.0	26.302599123548077	23.746987373102364	23.70997409070232	26.24043941264724	0.0
192.0	26.260500046619782	23.73201253365807	23.726079106708443	26.2814083130137	0.0
193.0	26.101501443804636	23.78802348513531	23.741403570237846	26.369071500822205	0.0
194.0	26.26679023298656	23.790848934523034	23.658052813299953	26.28430801919045	0.0
195.0	26.272158586823235	23.675288054565076	23.738860665788895	26.313692692822794	0.0
196.0	26.238818284048076	23.6699197007284	23.78576312562513	26.30549888959839	0.0
197.0	26.102349078620957	23.788306030074082	23.82644959680837	26.28289529449659	0.0
198.0	26.33686137780214	23.816843068890105	23.63262376881043	26.213671784497322	0.0
199.0	26.17609330764058	23.786610760441448	23.893412747297457	26.143883184620513	0.0
200.0	26.318213411843157	23.846227742522448	23.627255414973753	26.208303430660646	0.0
201.0	26.29257611075793	23.619128346401077	23.87935297026206	26.208942572578938	0.0
202.0	26.224556684485933	23.738147172839366	23.81641256314915	26.22088357952555	0.0
203.0	26.216719455926857	23.740192075677477	23.82184825512894	26.22124021326673	0.0
204.0	26.279444964017596	23.661361369563437	23.753754347697097	26.305439318721866	0.0
205.0	26.184791607214	23.69978780695236	23.874402059204968	26.24101852662867	0.0
206.0	26.282270437355017	23.7269123509916	23.68368260892906	26.307134602724318	0.0
207.0	26.41111202154141	23.840778926489662	23.623500026841995	26.124609025126933	0.0
208.0	26.201535931645957	23.712286888071382	23.796768779561596	26.289408400721065	0.0
209.0	26.287014014466546	23.76384493670886	23.66749547920434	26.281645569620256	0.0
210.0	26.25762884267631	23.732199367088608	23.70507459312839	26.30509719710669	0.0
211.0	26.30008561280971	23.727745614109445	23.713618087754543	26.258550685326306	0.0
212.0	26.4153662278657	23.607096539038594	23.796970493248455	26.180566739847254	0.0
213.0	26.237641946321048	23.64015495070906	23.844156431273824	26.278046671696064	0.0
214.0	26.326927912884024	23.717573795133916	23.7336791751785	26.221819116803562	0.0
215.0	26.295282253849045	23.765324834213477	23.73254897307011	26.20684393886737	0.0
216.0	26.313648038110415	23.750349656277283	23.713335537227444	26.222666768384855	0.0
217.0	26.27960793067301	23.728727356979178	23.713469542293815	26.278195170053998	0.0
218.0	26.11015043117576	23.787847963923642	23.737836096700914	26.36416550819969	0.0
219.0	26.26724985589801	23.798584974965813	23.656460855118162	26.277704314018013	0.0
220.0	26.259903479921785	23.67030594830412	23.744052260988482	26.325738310785614	0.0
221.0	26.255665186089356	23.673696583370067	23.77880627041445	26.29183196012613	0.0
222.0	26.120039783451443	23.778241164570126	23.830796008092317	26.270923043886118	0.0
223.0	26.33138936922886	23.83220877270313	23.629618327512745	26.20678353055527	0.0
224.0	26.183123066272973	23.795544127827302	23.889351963041975	26.13198084285775	0.0
225.0	26.323552265374456	23.857140838901998	23.626011895511635	26.193295000211915	0.0
226.0	26.296501409947048	23.615906689195683	23.893940335787793	26.19365156506948	0.0
227.0	26.23102287850404	23.739167535524267	23.812349362696484	26.217460223275214	0.0
228.0	26.233922557019824	23.733583489681052	23.82371889057167	26.208775062727458	0.0
229.0	26.280544316101178	23.660118899613465	23.764099550170663	26.295237234114694	0.0
230.0	26.191256583557493	23.701372092497568	23.864406971224486	26.24296435272045	0.0
231.0	26.29693257080856	23.728497479599447	23.68583150613712	26.288738443454868	0.0
232.0	26.41927936888266	23.847736160401457	23.616887813919845	26.11609665679604	0.0
233.0	26.19133058876384	23.726586627711487	23.804854892896802	26.27722789062787	0.0
234.0	26.276171908112232	23.782600096069622	23.668446780254868	26.272781215563278	0.0
235.0	26.255128451461964	23.731873820314885	23.715202821072143	26.29779490715101	0.0
236.0	26.301542495627384	23.732223437230683	23.722898953679923	26.243335113462013	0.0
237.0	26.411175817375753	23.619199394191128	23.79947274283922	26.1701520455939	0.0
238.0	26.22638150700608	23.650846126242207	23.851463802637415	26.2713085641143	0.0
239.0	26.313692580254134	23.7282675957243	23.742395601104242	26.215644222917323	0.0
240.0	26.288438388371134	23.767230514471088	23.73303793962891	26.2090324914236	0.0022606661052679174
241.0	26.301599816873107	23.75845336905438	23.720584536516576	26.21427541945384	0.0050868581020932415
242.0	26.26612062167731	23.739108069990984	23.71706277538954	26.270360101408357	0.007348431533815503
243.0	26.108450966979664	23.788943473664574	23.740608623389544	26.35323447772922	0.008762458236993403
244.0	26.257943417987743	23.789830163504373	23.65725140776589	26.282254234605034	0.012720776136954702
245.0	26.25961924470906	23.65811182919727	23.741228888549635	26.32633906105994	0.014700976484091846
246.0	26.259810462986	23.657069187795447	23.77468165471694	26.290344468821385	0.018094225680229798
247.0	26.121745030959314	23.754983177358703	23.832169413893524	26.267918233481296	0.02318414430716164
248.0	26.323840437924833	23.82064535100716	23.632615899657306	26.194340454889897	0.028557856520804822
249.0	26.1743391382289	23.783672211430527	23.886593886339412	26.123161052628603	0.032233711372562326
