# Position (bp)	A	C	G	T	N
0.0	26.312345963089363	23.769576029430926	23.646485116811615	26.2715928906681	0.0
1.0	26.07059984641359	23.704703791699124	23.871874558161842	26.35282180372544	0.0
2.0	26.209372271271953	23.754729795284756	23.767481184770407	26.268416748672884	0.0
3.0	26.022890120216097	23.864433276879538	23.788206792749893	26.324469810154476	0.0
4.0	26.005720842826495	23.854029812686743	23.746764009689954	26.393485334796807	0.0
5.0	26.2329794103871	23.72087480218285	23.874416941739902	26.17172884569015	0.0
6.0	26.34668144658445	23.767493418317862	23.710405985866704	26.175419149230983	0.0
7.0	26.153641525275784	23.837075584891334	23.806594454096803	26.20268843573608	0.0
8.0	26.246969340112773	23.838512586763464	23.76037351584256	26.154144557281207	0.0
9.0	26.31498742089572	23.699420363741147	23.73239202473706	26.253200190626075	0.0
10.0	26.21336628451424	23.784417268339713	23.869473427569275	26.132743019576772	0.0
11.0	26.36982980503631	23.713425260224028	23.638897431421928	26.277847503317737	0.0
12.0	26.256514258642046	23.690429684794385	23.778810269879397	26.274245786684176	0.0
13.0	26.10413393952995	23.805407561942598	23.791000695408364	26.299457803119086	0.0
14.0	26.247371439495314	23.82590964124132	23.812888050335378	26.11383086892799	0.0
15.0	26.20110323351037	23.785736648020855	23.789061309528755	26.224098808940017	0.0
16.0	26.191960414363646	23.68627385790951	23.796541797921535	26.325223929805315	0.0
17.0	26.218762121128165	23.658779852607083	23.858536044771984	26.26392198149277	0.0
18.0	26.208788164237824	23.787887183465394	23.866293566797804	26.137031085498975	0.0
19.0	26.473652130548015	23.757965312794372	23.60059843741342	26.167784119244196	0.0
20.0	26.217099794979777	23.761844073807282	23.794813542417025	26.226242588795923	0.0
21.0	26.24646755693467	23.81115974954286	23.62525627528121	26.31711641824126	0.0
22.0	26.167230010528066	23.794536488058956	23.849116196597773	26.189117304815206	0.0
23.0	26.33872665817033	23.774311519920207	23.683991799191002	26.202970022718457	0.0
24.0	26.265307253283094	23.76018174765889	23.784562531168614	26.1899484678894	0.0
25.0	26.325150994625147	23.765445780462127	23.635507286529617	26.273895938383113	0.0
26.0	26.082728431318223	23.705602039120073	23.882362719565577	26.329306809996122	0.0
27.0	26.2065717293733	23.774034465562146	23.768493378400844	26.25090042666371	0.0
28.0	26.027871668421344	23.861860697068764	23.796198814207347	26.314068820302545	0.0
29.0	25.99628747160193	23.86490829500748	23.736355072865294	26.402449160525293	0.0
30.0	26.227350806228184	23.723610572394303	23.875436360613953	26.173602260763563	0.0
31.0	26.350085886850998	23.758519421510503	23.70754141962653	26.18385327201197	0.0
32.0	26.166675901811935	23.845514489942925	23.783731368094422	26.204078240150718	0.0
33.0	26.255333296392752	23.84191278328808	23.75187011691694	26.150883803402223	0.0
34.0	26.311575331079958	23.6959051365878	23.737740344655624	26.254779187676625	0.0
35.0	26.209619327312016	23.762675236881474	23.890951404665593	26.136754031140907	0.0
36.0	26.359155651477668	23.726315381184182	23.62657608861282	26.287952878725328	0.0
37.0	26.25332117991583	23.691406628784208	23.78283431364129	26.272437877658678	0.0
38.0	26.09373831180165	23.81441842295555	23.79502467162223	26.296818593620564	0.0
39.0	26.23198805344918	23.832981013517447	23.81441842295555	26.120612510077823	0.0
40.0	26.21176314134443	23.796409939574612	23.781726099279386	26.210100819801575	0.0
41.0	26.19874162259206	23.685865556974687	23.803059225746036	26.31233359468722	0.0
42.0	26.207534728571346	23.67638013863723	23.858126790453866	26.257958342337552	0.0
43.0	26.197560826947264	23.788586531908173	23.873641748535775	26.140210892608785	0.0
44.0	26.48292523452521	23.754786087515445	23.605177563154193	26.157111114805147	0.0
45.0	26.22138736971591	23.760604196796162	23.78803242626239	26.229976007225535	0.0
46.0	26.23773348626649	23.80410148999008	23.638423901901138	26.319741121842288	0.0
47.0	26.178721234990665	23.790525901668413	23.84732173036111	26.183431132979813	0.0
48.0	26.346061140016957	23.779720841575656	23.68219824791795	26.192019770489445	0.0
49.0	26.256850131045983	23.770301045597353	23.78997179602263	26.182877027334033	0.0
50.0	26.328606812174808	23.770301045597353	23.636207479318006	26.264884662909832	0.0
51.0	26.07094768688598	23.714059322550437	23.883338597336966	26.33165439322661	0.0
52.0	26.21446104914363	23.77168630971181	23.770301045597353	26.243551595547203	0.0
53.0	26.04241124612819	23.843720043663524	23.78969474319974	26.32417396700855	0.0
54.0	25.991987632361983	23.856741526339412	23.743703974599796	26.407566866698808	0.0
55.0	26.21723157737254	23.725695541111868	23.87696638241047	26.180106499105122	0.0
56.0	26.346615245662736	23.768915781482896	23.702146051166114	26.18232292168825	0.0
57.0	26.16403743537743	23.8509234170587	23.790248848845522	26.194790298718353	0.0
58.0	26.257958342337552	23.848706994475567	23.74619745000582	26.147137213181065	0.0
59.0	26.316416487967597	23.69023277978179	23.72597259393476	26.26737813831585	0.0
60.0	26.213075785029172	23.768915781482896	23.889987865086358	26.12802056840157	0.0
61.0	26.37590976968663	23.724521600363495	23.640297775549048	26.259270854400835	0.0
62.0	26.244032991358747	23.68130147973503	23.78491894842122	26.28974658048501	0.0
63.0	26.100797078763126	23.81400941422884	23.783533688144665	26.301659818863364	0.0
64.0	26.226301659818862	23.83423421426652	23.816779934781945	26.122684191132674	0.0
65.0	26.224362295431693	23.79794039502082	23.770789293600377	26.206908015947118	0.0
66.0	26.193609517292206	23.68628841673062	23.807360164901382	26.312741901075793	0.0
67.0	26.21126822997473	23.681235870384327	23.849406002039096	26.258089897601845	0.0
68.0	26.201017332328565	23.789839975176204	23.873786515359726	26.13535617713551	0.0
69.0	26.48665720998271	23.757702025799016	23.590917150582914	26.164723613635353	0.0
70.0	26.207943614521923	23.755762666784875	23.803692539562924	26.23260117913028	0.0
71.0	26.253102974422625	23.80203023183652	23.628042023139322	26.31682477060153	0.0
72.0	26.190766434682388	23.775433308214016	23.847466643024955	26.186333614078638	0.0
73.0	26.348685668690987	23.76601356443105	23.694811383483312	26.190489383394656	0.0
74.0	26.25171771798395	23.769615231171596	23.78125138525644	26.197415665588014	0.0
75.0	26.319872334766615	23.767675872157454	23.64494215169112	26.267509641384812	0.0
76.0	26.087426304357464	23.705062281129482	23.87240125892105	26.335110155592	0.0
77.0	26.210714127399264	23.761026641251828	23.782082539119642	26.246176692229266	0.0
78.0	26.040604636730354	23.85522407908152	23.779589077530034	26.3245822066581	0.0
79.0	25.996830533268316	23.842479719845738	23.764351256704643	26.396338490181304	0.0
80.0	26.2295536149652	23.733598563766126	23.884037413005895	26.152810408262777	0.0
81.0	26.335941309455208	23.789285872600736	23.705339332417218	26.169433485526838	0.0
82.0	26.167494126512704	23.8582716432466	23.784021898133783	26.19021233210692	0.0
83.0	26.26834079524802	23.853561771355114	23.73969369209628	26.138403741300593	0.0
84.0	26.328460924686375	23.675417793341904	23.71946894809167	26.276652333880048	0.0
85.0	26.200740281040822	23.767675872157454	23.895950618378475	26.135633228423245	0.0
86.0	26.374101317375224	23.740459072711907	23.62243555112275	26.263004058790116	0.0
87.0	26.256631896826388	23.661222623945477	23.789219964260482	26.292925514967653	0.0
88.0	26.125309950269433	23.794206873623406	23.766778872127333	26.31370430397983	0.0
89.0	26.23613015833437	23.823297178240452	23.806951197550873	26.133621465874302	0.0
90.0	26.23806951197551	23.795038025183892	23.75708210392165	26.20981035891895	0.0
91.0	26.19706603499148	23.676737453074566	23.815262713155743	26.31093379877821	0.0
92.0	26.20253445113673	23.6935718916403	23.84040826051542	26.26348539670754	0.0
93.0	26.213062341735327	23.799958996636615	23.86257224072299	26.124406420905068	0.0
94.0	26.482908800762438	23.76920647409862	23.59272578169588	26.155158943443062	0.0
95.0	26.207798396436033	23.747596593396242	23.796080300100293	26.248524710067432	0.0
96.0	26.24824766031484	23.79663439960548	23.6273570007702	26.32776093930948	0.0
97.0	26.197270505837437	23.77169992187197	23.838191862494668	26.192837709795924	0.0
98.0	26.3319166855984	23.77280812088235	23.700498135455163	26.19477705806409	0.0
99.0	26.262377197697163	23.758124483994834	23.78333601148094	26.19616230682706	0.0
100.0	26.311137954153807	23.767821225335645	23.648135732214794	26.272905088295754	0.0
101.0	26.09559324663523	23.69938993644479	23.859801743197043	26.34521507372294	0.0
102.0	26.227745978622842	23.740947399333972	23.778626165686834	26.25268045635635	0.0
103.0	26.060407928055717	23.82932627041164	23.769760573603808	26.34050522792883	0.0
104.0	26.00444387803162	23.842347608783584	23.76338842929413	26.389820083890665	0.0
105.0	26.237165670211056	23.73651460329246	23.877532927363095	26.14878679913339	0.0
106.0	26.316678949205695	23.78859995678024	23.718506369373813	26.17621472464025	0.0
107.0	26.173444227114306	23.853706648639964	23.791924553811373	26.18092457043436	0.0
108.0	26.264870645470513	23.843455807793966	23.740116250076188	26.151557296659334	0.0
109.0	26.323328143267965	23.680550553268358	23.719060468879004	26.277060834584674	0.0
110.0	26.203919699899707	23.76865237459343	23.88916901697207	26.138258908534795	0.0
111.0	26.388915824206876	23.728968518923832	23.62507514953719	26.257040507332103	0.0
112.0	26.26396673195788	23.658598076725944	23.774681601453953	26.30275358986222	0.0
113.0	26.138740590723845	23.786040609840224	23.76581603393296	26.30940276550297	0.0
114.0	26.25177657661651	23.825104516729603	23.799338961121716	26.12377994553217	0.0
115.0	26.240694617215272	23.792689785480974	23.769694719723393	26.196920877580364	0.0
116.0	26.18002088949347	23.68131609349849	23.820948781954137	26.317714235053902	0.0
117.0	26.215001690003493	23.68692269757803	23.84373285754656	26.254342754871917	0.0
118.0	26.207244296930842	23.80439179267813	23.87476242983715	26.11360148055388	0.0
119.0	26.489003895319524	23.76366547904673	23.593279881201067	26.154050744432684	0.0
120.0	26.18452621721809	23.761172031273375	23.787768807522454	26.266532943986082	0.0
121.0	26.23688862045846	23.794972101089915	23.628465199780578	26.33967407867105	0.0
122.0	26.177877023155816	23.770314673109	23.844009907299153	26.207798396436033	0.0
123.0	26.32055764574202	23.78139666321278	23.69052434436176	26.20752134668344	0.0
124.0	26.293960869492945	23.736791653045053	23.77585566816089	26.193391809301115	0.0
125.0	26.313631401927157	23.761172031273375	23.645919334194033	26.27927723260543	0.0
126.0	26.113047381048688	23.714904722590084	23.850105001856235	26.321942894504996	0.0
127.0	26.253234555861543	23.741501498839163	23.76366547904673	26.24159846625257	0.0
128.0	26.06290137582907	23.81962952907083	23.77585566816089	26.341613426939208	0.0
129.0	25.999456982484915	23.849273852598447	23.763942528799323	26.387326636117315	0.0
130.0	26.247139461304457	23.733467056013918	23.863957489485962	26.15543599319566	0.0
131.0	26.330531436835425	23.77280812088235	23.71712112061084	26.179539321671385	0.0
132.0	26.176564296499468	23.869564615107564	23.795315075704053	26.158556012688916	0.0
133.0	26.258848300987687	23.861530150022855	23.72632949618363	26.153292052805828	0.0
134.0	26.323955173225837	23.66648658382856	23.732424607627202	26.2771336353184	0.0
135.0	26.224494036487556	23.769826427849118	23.881200736954384	26.124478798708946	0.0
136.0	26.38442528480872	23.73913958952081	23.631920741167605	26.24451438450286	0.0
137.0	26.267509641384812	23.650483177445807	23.777372667228157	26.30463451394122	0.0
138.0	26.139511946451528	23.78125138525644	23.775156256926284	26.304080411365753	0.0
139.0	26.25338002571036	23.837215745378785	23.792610488053548	26.116793740857307	0.0
140.0	26.250682240686203	23.774945074430036	23.757767847000775	26.21660483788299	0.0
141.0	26.189453736462543	23.669111189301358	23.811515945731042	26.329919128505054	0.0
142.0	26.236348222152035	23.67388666323121	23.825157504529816	26.264607610086937	0.0
143.0	26.194790298718353	23.8035473843443	23.88583207274299	26.11583024419436	0.0
144.0	26.47876944218185	23.774733890763613	23.606285774445755	26.140210892608785	0.0
145.0	26.184816397094266	23.756448404452794	23.790248848845522	26.268486349607418	0.0
146.0	26.242588795921762	23.788164237823462	23.63827783011027	26.33096913614451	0.0
147.0	26.175818695628084	23.79038067268798	23.854103175042944	26.179697456640994	0.0
148.0	26.339907851465206	23.788784254403097	23.67962453489371	26.191683359237988	0.0
149.0	26.276462227689446	23.744178379172105	23.795433577418898	26.183925815719554	0.0
150.0	26.330487977192824	23.769113340481354	23.664940613233814	26.235458069092005	0.0
151.0	26.1011586477456	23.7109974566269	23.85700591237276	26.33083798325474	0.0
152.0	26.238024259014015	23.746460610963656	23.762806908665755	26.252708221356574	0.0
153.0	26.045470413201162	23.8259756523281	23.783031988873436	26.345521945597305	0.0
154.0	25.991167458122998	23.8705816511423	23.752001728828773	26.386249161905923	0.0
155.0	26.244396544558903	23.720140301104344	23.871966930608583	26.163496223728178	0.0
156.0	26.31421462965939	23.785248436019483	23.720694412890854	26.179842521430274	0.0
157.0	26.186287357627506	23.852916159883858	23.79972128099918	26.16107520148946	0.0
158.0	26.25361212621593	23.853470273205573	23.72076013265473	26.172157467923768	0.0
159.0	26.338945577760107	23.680309860169505	23.722145415959016	26.258599146111372	0.0
160.0	26.227845856756165	23.762595688444243	23.881175939291342	26.128382515508246	0.0
161.0	26.375313074894162	23.733293437063637	23.63964802624288	26.25174546179932	0.0
162.0	26.26199658665248	23.66181262051998	23.76737150076468	26.308819292062857	0.0
163.0	26.12706961899062	23.790644324755636	23.78150142961633	26.30078462663741	0.0
164.0	26.244264911230804	23.83497351330984	23.803943081321897	26.116818494137465	0.0
165.0	26.250432903431363	23.783783783783786	23.7494285674706	26.216354745314252	0.0
166.0	26.186432460138253	23.67711637829526	23.798744926371786	26.3377062351947	0.0
167.0	26.241916804734384	23.677459036832218	23.824023228623513	26.25660092980988	0.0
168.0	26.200080901217397	23.816265577640234	23.860872070794105	26.122781450348263	0.0
169.0	26.498473405110072	23.774152615159558	23.59683487839882	26.130539101331546	0.0
170.0	26.19010677852461	23.742013775371674	23.803243806346867	26.26463563975685	0.0
171.0	26.239014551217405	23.801159221127524	23.64157237374353	26.31825385391154	0.0
172.0	26.186095995921672	23.786197954185276	23.862112530892247	26.165593519000808	0.0
173.0	26.33605869265871	23.81147643178336	23.676824656236235	26.1756402193217	0.0
174.0	26.270672233751046	23.748306463008166	23.78266206006134	26.198359243179443	0.0
175.0	26.33772106025806	23.774073160798046	23.658261551376857	26.229944227567042	0.0
176.0	26.090377635552603	23.708198265591665	23.87305017593439	26.328373922921344	0.0
177.0	26.224475660100293	23.75335937716455	23.78799213143823	26.234172831296927	0.0
178.0	26.037458787022416	23.825949630122185	23.799074612805807	26.337516970049595	0.0
179.0	25.998670102235888	23.861136508464245	23.769706037181727	26.37048735211814	0.0
180.0	26.251350677416674	23.730640290361013	23.86418419084033	26.153824841381983	0.0
181.0	26.31424375917768	23.78411326295958	23.722605491369517	26.17903748649323	0.0
182.0	26.179941207273455	23.858154927977523	23.806344184036195	26.155559680712827	0.0
183.0	26.2746966854977	23.852890734742843	23.719900589866704	26.15251198989275	0.0
184.0	26.32373680142078	23.68443655123307	23.74317386522003	26.248652782126126	0.0
185.0	26.207924550257804	23.77309664781716	23.890571275791082	26.12840752613395	0.0
186.0	26.373681177409345	23.74240845819665	23.641280255341783	26.24263010905222	0.0
187.0	26.250110825427786	23.651531607412004	23.78867807429737	26.30967949286284	0.0
188.0	26.128479918432486	23.80641014274315	23.75903227236457	26.306077666459792	0.0
189.0	26.23376407482933	23.819432130508023	23.817492685521767	26.12931110914088	0.0
190.0	26.241040431998712	23.792622884960117	23.760483421855387	26.20585326118578	0.0
191.0	26.198095459746707	23.69204853058929	23.794562335319885	26.31529367434412	0.0
192.0	26.206757063774845	23.703473842283458	23.823165967539055	26.266603126402643	0.0
193.0	26.19124141790838	23.814854014396303	23.85973856136715	26.13416600632817	0.0
194.0	26.491857056571156	23.76941533721594	23.610657032189426	26.128070574023482	0.0
195.0	26.20647999867009	23.7364445897497	23.78908695965378	26.26798845192643	0.0
196.0	26.240150280945574	23.79337478250269	23.642096397025412	26.32437853952633	0.0
197.0	26.209118817257927	23.78173798361982	23.853221176757433	26.15592202236482	0.0
198.0	26.343014992117432	23.80009032397492	23.692865237183554	26.16402944672409	0.0
199.0	26.272362803146375	23.750495257991318	23.810341818060916	26.16680012080139	0.0
200.0	26.319187195052685	23.77875613357974	23.666543833449243	26.235512837918336	0.0
201.0	26.092895417846517	23.71703581383235	23.879951900964752	26.31011686735638	0.0
202.0	26.237802073578226	23.758041903790847	23.780207357822466	26.22394866480846	0.0
203.0	26.058538964097504	23.826477743113468	23.777990812419304	26.33699248036972	0.0
204.0	25.994259147405813	23.868592105773548	23.76469154000033	26.37245720682031	0.0
205.0	26.235585528175065	23.741971949617923	23.87357933293066	26.148863189276355	0.0
206.0	26.30956273100559	23.771064108034423	23.734214040706856	26.185159120253132	0.0
207.0	26.178304947620116	23.847323929613406	23.807703070755096	26.16666805201138	0.0
208.0	26.258377872165934	23.847323929613406	23.742037731248665	26.152260466972	0.0
209.0	26.34399217557305	23.68413032214806	23.72763014620928	26.24424735606961	0.0
210.0	26.21044494501567	23.744531351736253	23.88334289221187	26.16168081103621	0.0
211.0	26.360135210018843	23.752355092541283	23.634046326055635	26.25346337138424	0.0
212.0	26.257896486756067	23.651778787542945	23.767593926631942	26.322730799069046	0.0
213.0	26.13681702316303	23.78172448187964	23.7750748088219	26.306383686135433	0.0
214.0	26.2609442535742	23.816358195722042	23.804167128449517	26.11853042225424	0.0
215.0	26.242176222365682	23.807280858031856	23.765997356747636	26.184545562854822	0.0
216.0	26.19479717055627	23.69285075044539	23.795089756981483	26.31726232201685	0.0
217.0	26.218697875971824	23.681279404185993	23.829235449603512	26.27078727023867	0.0
218.0	26.19902581749871	23.819815027236103	23.861098642905038	26.120060512360148	0.0
219.0	26.47388049363013	23.77409827162957	23.61450523387584	26.137516000864462	0.0
220.0	26.189328323885203	23.742789220820242	23.80263660997789	26.265245845316663	0.0
221.0	26.240177769896594	23.798612419510356	23.64843897194915	26.312770838643896	0.0
222.0	26.214410001219118	23.79362510944375	23.841004555076527	26.150960334260603	0.0
223.0	26.330853525068232	23.803111535957218	23.67953673302578	26.186498205948773	0.0
224.0	26.27433052103681	23.775127107490686	23.787595417203498	26.16294695426901	0.0
225.0	26.32032473019963	23.774295886843163	23.662912320075364	26.24246706288184	0.0
226.0	26.10538798716592	23.72144056478829	23.876879256554194	26.2962921914916	0.0
227.0	26.23256509861075	23.743883584455023	23.79375696149221	26.229794355442017	0.0
228.0	26.05551461012873	23.820079021595173	23.78932377242224	26.33508259585386	0.0
229.0	25.9926187401985	23.863856763661147	23.76992857024111	26.373595925899245	0.0
230.0	26.25556226691123	23.735017206315078	23.870506547266107	26.138913979507585	0.0
231.0	26.30820638711715	23.76743490138925	23.722825936372654	26.201532775120945	0.0
232.0	26.173343714413168	23.83593830092017	23.812663993815683	26.17805399085098	0.0
233.0	26.276138570791296	23.853671106333106	23.72981854352711	26.140371779348488	0.0
234.0	26.33460141363708	23.67911380304949	23.726216567427606	26.260068215885823	0.0
235.0	26.208255175069894	23.7505991748704	23.880547389537092	26.160598260522622	0.0
236.0	26.375404530744333	23.731269672385512	23.63373897238108	26.259586824489073	0.0
237.0	26.2590326727845	23.666156847098463	23.76063971272776	26.314170767389278	0.0
238.0	26.12631333953983	23.79056390477457	23.76701245733032	26.316110298355277	0.0
239.0	26.24794963869309	23.80663430420712	23.827414993128517	26.118001063971274	0.0
240.0	26.228009166253337	23.789863365189852	23.78127346635669	26.200854002200124	0.0
241.0	26.185402459064093	23.696687717703654	23.79367582141996	26.32423400181229	0.0
242.0	26.212257680103097	23.694763534579515	23.83333102387518	26.259647761442213	0.0
243.0	26.19722681832417	23.823698148348313	23.86000504416415	26.119069989163364	0.0
244.0	26.46871327523892	23.77297722787645	23.62386083948646	26.134448657398167	0.0
245.0	26.193446094655204	23.74972973871971	23.77772603544719	26.279098131177896	0.0
246.0	26.25833367984809	23.775624766102542	23.64450358296256	26.321537971086812	0.0
247.0	26.221941300243685	23.778474538211395	23.83835527574248	26.161228885802444	0.0
248.0	26.354648390280687	23.807543445231836	23.661709418771	26.17609874571647	0.0
249.0	26.268700580009092	23.778432090139844	23.78453161215912	26.168335717691942	0.0
