# Position (bp)	A	C	G	T	N
0.0	28.238635412945882	21.917882960776197	23.185961869607063	26.255147864940977	0.4023718917298791
1.0	28.246928740672733	20.04926527663704	25.08055076425925	26.622309488076155	9.457303548162046E-4
2.0	26.409229164287183	22.489395089040514	23.64558682204774	27.45571617613573	7.274848883201573E-5
3.0	28.045104030263353	22.776153062709152	23.20682380328823	25.97104612250837	8.729812309035357E-4
4.0	28.30901476137439	22.693785323886715	22.31694870002277	26.680251214716126	0.0
5.0	27.99823366926112	22.470302291355818	22.702733374993908	26.828730664389155	0.0
6.0	27.89893212648616	22.30465422329825	23.252201911682008	26.54421173853358	0.0
7.0	27.105029022967393	23.156756033205273	23.049961406982828	26.68825353684451	0.0
8.0	26.633255759307612	23.474739215234095	23.42657978569781	26.46542523976048	0.0
9.0	26.870124494307802	23.39413400688636	23.59746573733032	26.13827576147551	0.0
10.0	26.751908371956663	23.501947110470603	23.718664543383863	26.02747997418887	0.0
11.0	26.82967639336797	23.362124718372822	23.57673244817951	26.23139369169672	7.27483829853172E-5
12.0	27.058542806239778	23.032720040215306	23.408756431866408	26.499398734614626	5.819870638825376E-4
13.0	26.927450220100233	23.046251239450573	23.347647790158742	26.67865075029045	0.0
14.0	26.80632416242968	23.164903852099627	23.43450935944321	26.594189877644496	7.27483829853172E-5
15.0	26.916537962652438	23.122346048053217	23.521152683578723	26.43967231218368	2.909935319412688E-4
16.0	26.61572339900815	23.343573880711567	23.739761574449602	26.30094114583068	0.0
17.0	26.492778631762963	23.507039497279575	23.876310289313043	26.12387158164442	0.0
18.0	26.472772826441997	23.580369867328773	23.83564394322425	26.111213363004975	0.0
19.0	26.41639282962838	23.618271774864123	23.769006424409703	26.196328971097792	0.0
20.0	26.568727943599633	23.603940343416017	23.6461344055475	26.18119730743685	0.0
21.0	26.77824328659735	23.243399357340785	23.36619862782	26.611576741177984	5.819870638825376E-4
22.0	26.67894174382239	23.17887154163281	23.277736594109854	26.86379538498808	6.547354468678548E-4
23.0	26.569382679046498	23.326987249390914	23.281519510025092	26.822110561537492	0.0
24.0	26.463897523717794	23.311419095432058	23.34502884837127	26.87965453247888	0.0
25.0	26.20760497046052	23.51860649017424	23.482668788979495	26.79111975038575	0.0
26.0	26.14656907713584	23.63849582533404	23.680107900401644	26.533008487553843	0.00181870957463293
27.0	26.202585332034534	23.504711549024044	23.66323027554905	26.62947284339237	0.0
28.0	25.989578066653525	23.705060595765605	23.655664443718578	26.64969689386229	0.0
29.0	26.19589248079988	23.697640260701107	23.455970132423882	26.65049712607513	0.0
30.0	26.28231755978644	23.399008148546375	23.308145418197718	27.010092383171553	4.3649029791190314E-4
31.0	26.208914441354253	23.35426789301041	23.22870418397775	27.208113481657588	0.0
32.0	26.33185920859944	23.29934286385649	23.170068987291582	27.19872894025248	0.0
33.0	26.35441120732489	23.14511629192762	22.942875787228438	27.55228608156112	0.005310631957928155
34.0	26.135074832624156	23.255475588916347	22.971102159826742	27.63543748331334	0.0029099353194126875
35.0	26.21941061223628	23.335491793454214	22.995590861496968	27.44950673281254	0.0
36.0	26.306958373559418	23.26244900876896	23.001493307609586	27.4288636486823	2.356613797345353E-4
37.0	26.18742526607747	23.385088461905877	23.068858971529462	27.358627300487193	0.0
38.0	26.354488794405324	23.3924984563921	23.021858877330285	27.231153871872294	0.0
39.0	26.443806255034495	23.250944227447757	22.86910583642239	27.430798127950425	0.005345553144936378
40.0	26.30613565596423	23.355147337963647	22.811665870032595	27.527051136039525	0.0
41.0	26.492798335455863	23.287158130637593	22.70136014442368	27.51836685598887	3.165334939916667E-4
42.0	26.610767370417854	23.187125247368048	22.524782350275434	27.67732503193866	0.0
43.0	26.535028201193185	23.138918633512787	22.467320664590847	27.8586091359036	1.233647995815466E-4
44.0	26.633441549730353	23.2118805505621	22.40307477663599	27.751603123071554	0.0
45.0	26.815392623329398	22.985858082300243	22.343643468252164	27.85481257743598	2.932486822137343E-4
46.0	26.6881971098117	23.25642049406249	22.38913861054584	27.66592179490482	3.2199067515004766E-4
47.0	26.714020232456498	23.233924009252778	22.439762782087133	27.61229297620359	0.0
48.0	26.886064993311827	23.02325123927925	22.425053111967898	27.665630655441024	0.0
49.0	26.834674863041545	23.13952929140124	22.32105771711139	27.699272906929462	0.005465221516358501
50.0	26.91938077663242	23.292403735971252	22.191513535475426	27.5967019519209	0.0
51.0	26.913308224159078	23.232950906860882	22.28972875579338	27.56401211318666	0.0
52.0	26.939289694268133	23.21121420611464	22.227336595765298	27.62215950385193	0.0
53.0	26.929410213321344	23.23779125007185	22.22545316837475	27.60734536823206	0.0
54.0	27.137526813498898	23.116257288739842	22.04409498776398	27.70212090999728	0.0
55.0	27.05802399304354	23.092671231141992	22.12855948873374	27.720745287080735	0.0
56.0	27.181961225328756	23.137223400887386	22.094852882111958	27.585962491671907	0.0
57.0	27.00666596127394	22.952068564173103	22.282827214051423	27.758438260501535	0.0
58.0	27.054483777035802	23.267247463215888	22.154087024593906	27.5241817351544	0.0
59.0	27.169054708472384	22.983819934320522	22.141177567727794	27.705947789479296	0.0
60.0	27.309029725182278	23.16619928958684	21.920358945597307	27.604412039633573	0.0
61.0	27.079214168524672	23.42518194438602	21.86950485886164	27.626099028227674	0.0
62.0	27.150054145675405	23.282640425632092	22.276001694995056	27.291303733697443	0.0
63.0	27.16871602723099	23.10095519552483	22.196421974774395	27.533906802469787	0.0
64.0	27.11934496733107	23.165991233148624	22.09671892907357	27.61794487044673	0.0
65.0	27.20427271528419	23.36146643808519	21.86337861004879	27.570882236581827	0.0
66.0	27.03288280985158	23.333382463484014	22.071720193965835	27.56201453269857	0.0
67.0	27.185868601635093	23.25081262107233	22.078668286436613	27.484650490855962	0.0
68.0	27.252811450270194	23.25836132612823	22.03884913100628	27.449978092595295	0.0
69.0	27.29802750523087	23.53586446462307	22.353586446462305	26.81252158368375	0.0
70.0	26.891708201178073	23.670140462165836	22.02990484821024	27.408246488445855	0.0
71.0	27.003785694587208	23.471306440694963	22.019705668513552	27.505202196204277	0.0
72.0	26.843715239154616	23.46496106785317	22.1384872080089	27.552836484983317	0.0
73.0	26.970409503160596	23.779277491067884	21.925672580694414	27.324640425077106	0.0
74.0	27.206396801599205	23.38497417957688	22.505413959686823	26.903215059137096	0.0
75.0	26.876899132883718	23.812347142963016	22.53020084488253	26.78055287927073	0.0
76.0	27.270715787144596	23.310100674853413	22.43611018918022	26.894567983183983	0.0885053656377918
77.0	25.686962837428883	23.47173465682121	23.653310737198886	27.139571480450307	0.0484202881007142
78.0	26.42658546273004	23.99046736396134	22.878326492784325	26.69138090824838	0.013239772275916854
79.0	27.12680577849117	23.72683496279002	22.60323945717204	26.470159054428716	0.07296074711805049
80.0	27.46501272264631	23.536895674300254	23.059796437659035	25.890585241730278	0.047709923664122134
81.0	26.292878286609785	23.22827790353474	23.1063903882988	27.320215915026992	0.05223750652968832
82.0	26.01982462828822	24.609226077011055	22.226458253907737	27.087304613038505	0.0571864277544796
83.0	27.461570419609473	22.829248026589116	22.683838803489824	26.983797257997505	0.04154549231408392
84.0	28.227819378261852	24.415702291808486	21.57930565010211	25.731790333560244	0.04538234626730202
85.0	26.887843525625154	24.238672938846246	22.05991582074771	26.813567714780884	0.0
86.0	24.15288696123611	24.803469775006775	24.071564109514775	26.91786391976145	0.05421523448088912
87.0	26.79155515908415	24.17484388938448	23.015165031222125	25.958965209634254	0.05947071067499256
88.0	25.693101225016118	23.500967117988395	23.597678916827853	27.176015473887816	0.032237266279819474
89.0	26.868829337094503	25.1410437235543	21.791255289139634	26.198871650211565	0.0
90.0	26.07361963190184	24.271472392638035	22.507668711656443	27.108895705521473	0.03834355828220859
91.0	25.90717299578059	24.430379746835442	22.911392405063292	26.708860759493668	0.04219409282700422
92.0	25.953146531924666	23.28892971979789	23.84014699127239	26.87184198438218	0.045934772622875514
93.0	26.299848561332663	24.230186774356387	24.078748107016658	25.391216557294292	0.0
94.0	25.971143174250834	24.75027746947836	22.586015538290788	26.581576026637073	0.11098779134295228
95.0	26.94394213381555	23.749246534056663	22.483423749246533	26.763110307414106	0.06027727546714888
96.0	28.645833333333332	23.958333333333336	21.223958333333336	26.171875	0.0
97.0	24.37455325232309	24.588992137240886	24.16011436740529	26.87634024303074	0.0
98.0	24.5136186770428	24.59143968871595	23.65758754863813	27.15953307392996	0.07782101167315175
99.0	25.7285595337219	24.47960033305579	22.31473771856786	27.310574521232304	0.16652789342214822
100.0	25.112511251125113	23.85238523852385	23.13231323132313	27.81278127812781	0.09000900090009001
101.0	25.75024201355276	24.588576960309776	23.71732817037754	25.84704743465634	0.0968054211035818
102.0	25.237592397043297	22.70327349524815	22.80887011615628	29.14466737064414	0.10559662090813093
103.0	24.738675958188153	22.99651567944251	24.738675958188153	27.409988385598144	0.11614401858304298
104.0	26.74271229404309	22.813688212927758	24.461343472750315	25.85551330798479	0.12674271229404308
105.0	28.513513513513512	20.135135135135133	22.702702702702705	28.64864864864865	0.0
106.0	23.893805309734514	26.548672566371685	21.828908554572273	27.728613569321535	0.0
107.0	27.12680577849117	25.36115569823435	20.86677367576244	26.64526484751204	0.0
108.0	28.57142857142857	21.514629948364888	21.686746987951807	28.227194492254732	0.0
109.0	25.932835820895523	22.201492537313435	22.01492537313433	29.66417910447761	0.18656716417910446
110.0	28.952772073921974	22.381930184804926	23.613963039014372	25.051334702258725	0.0
111.0	27.85388127853881	24.885844748858446	20.319634703196346	26.71232876712329	0.228310502283105
112.0	22.900763358778626	26.717557251908396	22.900763358778626	27.480916030534353	0.0
113.0	23.96694214876033	22.31404958677686	25.6198347107438	27.823691460055095	0.27548209366391185
114.0	24.242424242424242	23.636363636363637	23.636363636363637	28.484848484848484	0.0
115.0	26.08695652173913	22.74247491638796	22.74247491638796	28.428093645484946	0.0
116.0	21.897810218978105	25.547445255474454	27.37226277372263	25.18248175182482	0.0
117.0	22.31075697211155	27.490039840637447	18.725099601593627	31.47410358565737	0.0
118.0	23.043478260869566	27.391304347826086	21.73913043478261	27.82608695652174	0.0
119.0	32.69230769230769	23.076923076923077	19.230769230769234	25.0	0.0
120.0	23.85786802030457	24.873096446700508	31.979695431472084	19.289340101522843	0.0
121.0	22.82608695652174	21.195652173913043	28.26086956521739	27.717391304347828	0.0
122.0	29.09090909090909	22.424242424242426	18.787878787878785	29.6969696969697	0.0
123.0	22.0	24.0	26.666666666666668	27.333333333333332	0.0
124.0	26.865671641791046	26.865671641791046	25.37313432835821	20.8955223880597	0.0
125.0	26.666666666666668	27.500000000000004	16.666666666666664	29.166666666666668	0.0
126.0	27.61904761904762	17.142857142857142	19.047619047619047	35.23809523809524	0.9523809523809524
127.0	29.347826086956523	22.82608695652174	23.91304347826087	23.91304347826087	0.0
128.0	21.686746987951807	15.66265060240964	19.27710843373494	43.373493975903614	0.0
129.0	24.675324675324674	22.07792207792208	23.376623376623375	29.87012987012987	0.0
130.0	23.809523809523807	39.682539682539684	19.047619047619047	17.46031746031746	0.0
131.0	32.142857142857146	19.642857142857142	28.57142857142857	19.642857142857142	0.0
132.0	27.659574468085108	38.297872340425535	14.893617021276595	19.148936170212767	0.0
133.0	33.33333333333333	10.256410256410255	23.076923076923077	33.33333333333333	0.0
134.0	9.090909090909092	42.42424242424242	24.242424242424242	24.242424242424242	0.0
135.0	19.35483870967742	35.483870967741936	22.58064516129032	22.58064516129032	0.0
136.0	20.0	32.0	28.000000000000004	20.0	0.0
137.0	38.88888888888889	27.77777777777778	11.11111111111111	22.22222222222222	0.0
138.0	16.666666666666664	33.33333333333333	25.0	16.666666666666664	8.333333333333332
139.0	50.0	0.0	25.0	25.0	0.0
140.0	20.0	40.0	0.0	40.0	0.0
