# Position (bp)	A	C	G	T	N
0.0	26.247300530329703	23.722343430759125	23.814381831841406	26.21597420706977	0.0
1.0	26.056570349773644	23.82131243433254	23.839054776709848	26.28306243918396	0.0
2.0	26.17933550286345	23.726417447900786	23.751919590635172	26.342327458600597	0.0
3.0	26.080798281477374	23.914351049823296	23.72753100963204	26.277319659067285	0.0
4.0	25.9910087196572	23.896461692821944	23.74374296690078	26.368786620620078	0.0
5.0	26.298168595627686	23.637809853221587	23.901101946698596	26.162919604452128	0.0
6.0	26.3863254684824	23.74475538041159	23.76470849060264	26.104210660503373	0.0
7.0	26.13889535463705	23.81288863764839	23.812334430663164	26.235881577051394	0.0
8.0	26.21234666422826	23.80026102064058	23.7933337212621	26.194058593869062	0.0
9.0	26.344649111140665	23.706609921532117	23.711597286873253	26.23714368045396	0.0
10.0	26.237819896547045	23.735721192341046	23.838509213519256	26.187949697592654	0.0
11.0	26.311167014833575	23.713490959666203	23.65198455136339	26.323357474136834	0.0
12.0	26.211981005047956	23.69603643839108	23.74008832541877	26.351894231142193	0.0
13.0	26.203669328250278	23.77388914439599	23.676088414076656	26.346353113277072	0.0
14.0	26.2092104461154	23.79272894513739	23.892746122602773	26.105314486144437	0.0
15.0	26.197574098598654	23.860330583091834	23.77915320636785	26.16294211194166	0.0
16.0	26.16931439748655	23.791066609777857	23.82874621126066	26.210872781474936	0.0
17.0	26.259838920149942	23.665494723485132	23.860541531948613	26.214124824416313	0.0
18.0	26.274522841809834	23.78379726214125	23.882982997126938	26.05869689892198	0.0
19.0	26.472617256655557	23.812888050335378	23.543036357944143	26.17145833506493	0.0
20.0	26.238228620348593	23.746394820177372	23.752767088067515	26.262609471406527	0.0
21.0	26.18780458747877	23.82507847586434	23.71813519736022	26.268981739296667	0.0
22.0	26.18918986310706	23.843918224409112	23.81177982983274	26.155112082651083	0.0
23.0	26.36068698588958	23.67962453489371	23.65191902232787	26.307769456888835	0.0
24.0	26.140428160991192	23.797372963298507	23.798758238926798	26.263440636783503	0.0
25.0	26.256514258642046	23.7175810871089	23.805407561942598	26.220497092306456	0.0
26.0	26.062021560429876	23.82923430274922	23.851121657676227	26.257622479144676	0.0
27.0	26.17589121707546	23.738360221533277	23.76384929309385	26.32189926829741	0.0
28.0	26.085848301236496	23.911796730195405	23.73475850489972	26.267596463668376	0.0
29.0	25.976965636852768	23.910965564818433	23.738360221533277	26.373708576795522	0.0
30.0	26.287544432715777	23.64526969931207	23.903762131551314	26.16342373642084	0.0
31.0	26.386730167701465	23.731987953643134	23.758308190580678	26.12297368807472	0.0
32.0	26.14596926350436	23.81898326309986	23.791000695408364	26.244046777987418	0.0
33.0	26.2235446986887	23.803191120937335	23.787676033900464	26.185588146473503	0.0
34.0	26.34295545784745	23.70649888208257	23.713702315349686	26.236843344720302	0.0
35.0	26.22631524994528	23.71813519736022	23.855000429435442	26.200549123259055	0.0
36.0	26.300216102399293	23.723333518036238	23.644927134703828	26.331523244860644	0.0
37.0	26.20906521859589	23.69424281043941	23.744666703607248	26.352025267357455	0.0
38.0	26.190779630963597	23.789549509613785	23.678727766387766	26.340943093034852	0.0
39.0	26.198814207347482	23.798969357787996	23.89344489388818	26.10877154097634	0.0
40.0	26.211835762176538	23.86767883858813	23.773203302487946	26.147282096747382	0.0
41.0	26.17304815204743	23.7870560203912	23.8385881309913	26.20130769657007	0.0
42.0	26.251658858372974	23.67256698463184	23.868443873098375	26.207330283896813	0.0
43.0	26.255260555049166	23.78892949263176	23.889222892384073	26.066587059935003	0.0
44.0	26.473024677163302	23.80499860087937	23.55703563740334	26.164941084553984	0.0
45.0	26.229771624725373	23.749864936374642	23.754574847412734	26.26578859148725	0.0
46.0	26.184334835887306	23.82162181630793	23.732964667355606	26.261078680449156	0.0
47.0	26.199018676182533	23.841569674822203	23.80776913678413	26.151642512211136	0.0
48.0	26.371068955868132	23.687250824927066	23.64957153662233	26.292108682582473	0.0
49.0	26.13668161832543	23.80776913678413	23.79807226111747	26.25747698377297	0.0
50.0	26.256368769411065	23.724653059641327	23.808046190374604	26.210931980573005	0.0
51.0	26.06187714889691	23.830210477612685	23.849327175355526	26.258585198134877	0.0
52.0	26.18184135357302	23.736566364031795	23.763717615898443	26.31787466649674	0.0
53.0	26.10204991951593	23.89365574983169	23.726869488365136	26.277424842287246	0.0
54.0	25.970726517630304	23.903906732679303	23.74515502533655	26.380211724353842	0.0
55.0	26.282965914096764	23.651233858165185	23.89365574983169	26.17214447790636	0.0
56.0	26.382428153077647	23.743492703793695	23.755683061774636	26.118396081354017	0.0
57.0	26.14388501167781	23.826885834526973	23.80139690420318	26.227832249592037	0.0
58.0	26.234204482172984	23.800842797022227	23.778124402603197	26.186828318201588	0.0
59.0	26.350844043763384	23.69390011109849	23.699718236498484	26.25553760863964	0.0
60.0	26.224507606506325	23.729362970679418	23.854591193574574	26.19153822923968	0.0
61.0	26.31420006538447	23.718492167716697	23.654492965628826	26.31281480127001	0.0
62.0	26.195344404364135	23.687185198729992	23.75063029517208	26.366840101733796	0.0
63.0	26.19894609106172	23.793573482720216	23.665575078544478	26.34190534767359	0.0
64.0	26.181214710396684	23.801885067406953	23.89220428766949	26.124695934526876	0.0
65.0	26.222218528184584	23.868654797723735	23.76282061937929	26.146306054712394	0.0
66.0	26.17345723135573	23.78803242626239	23.843165938017744	26.195344404364135	0.0
67.0	26.258439698234902	23.671050553688534	23.860554159521033	26.209955588555534	0.0
68.0	26.25733149001366	23.792399353914607	23.89186104177114	26.058408114300597	0.0
69.0	26.482297758925927	23.802927332016413	23.547208284964665	26.167566624093002	0.0
70.0	26.223531139265756	23.742252931903376	23.769681085379133	26.264534843451738	0.0
71.0	26.20081287073028	23.81844224711381	23.72285928803163	26.257885594124282	0.0
72.0	26.214388421440503	23.824260340275334	23.807083112846072	26.15426812543809	0.0
73.0	26.36953757241448	23.6779768550713	23.66273899202921	26.28974658048501	0.0
74.0	26.123515347298603	23.807637216956696	23.798494499131444	26.27035293661326	0.0
75.0	26.25012813657558	23.725075704474115	23.810684789565112	26.214111369385197	0.0
76.0	26.074200081453302	23.82259802794347	23.84448514031301	26.258716750290212	0.0
77.0	26.173384717254528	23.728954433248465	23.779100855259692	26.31855999423732	0.0
78.0	26.102182339039683	23.89269219793707	23.72812327708253	26.277002185940717	0.0
79.0	25.97612365387333	23.893800406158313	23.758599003166704	26.371476936801656	0.0
80.0	26.28974658048501	23.65692089886769	23.90405133220481	26.149281188442497	0.0
81.0	26.367598208027303	23.76136952371981	23.76081541960919	26.11021684864369	0.0
82.0	26.152882865161537	23.827862016994374	23.78685831280839	26.232396805035695	0.0
83.0	26.240985418750327	23.808191321067316	23.7766073867619	26.174215873420458	0.0
84.0	26.358455490202054	23.680193271513787	23.69598523866649	26.265365999617668	0.0
85.0	26.215219577606437	23.727015068861288	23.86000005541041	26.197765298121865	0.0
86.0	26.31405425772419	23.731936256039717	23.638847023360967	26.31516246287513	0.0
87.0	26.210714127399264	23.66876856243628	23.74772817944058	26.372789130723877	0.0
88.0	26.220133871182234	23.771000487610266	23.652145485172216	26.356720156035284	0.0
89.0	26.20018617846536	23.796212154794095	23.875448823086128	26.12815284365442	0.0
90.0	26.2278913072388	23.860765104836208	23.75603971807261	26.155303869852386	0.0
91.0	26.17746797287114	23.782913692982845	23.848020745600426	26.19159758854559	0.0
92.0	26.246935128620702	23.68033910983668	23.85377273545831	26.218953026084307	0.0
93.0	26.272977877515963	23.807782349111363	23.879538433833407	26.039701339539267	0.0
94.0	26.484090373879678	23.808059399631524	23.5440302539168	26.163819972572	0.0
95.0	26.221169430245606	23.72882295086509	23.77148873097009	26.278518887919212	0.0
96.0	26.197343085511644	23.812769258474283	23.721342586820708	26.268545069193365	0.0
97.0	26.22643339012869	23.81138400587347	23.798639681946003	26.163542922051835	0.0
98.0	26.354430730443696	23.681447311917328	23.666763634348722	26.297358323290254	0.0
99.0	26.141101829918682	23.794483924143567	23.798639681946003	26.265774563991744	0.0
100.0	26.245272825499733	23.726052445663466	23.81110695535331	26.217567773483495	0.0
101.0	26.08513762484589	23.821634875119475	23.82994639072435	26.26328110931028	0.0
102.0	26.194572580310023	23.707213010292428	23.7773067918935	26.32090761750405	0.0
103.0	26.110072171660505	23.875105625510813	23.718849132139248	26.29597307068944	0.0
104.0	25.984291235506795	23.894499161922177	23.755696851320838	26.365512751250193	0.0
105.0	26.29818947485074	23.662330826026125	23.897823768164127	26.14165593095901	0.0
106.0	26.35692418512516	23.75735915444181	23.774536286691877	26.11118037374115	0.0
107.0	26.159941265289728	23.82772998656305	23.795315075704053	26.21701367244317	0.0
108.0	26.23696130989486	23.79586917674438	23.78672650957902	26.18044300378174	0.0
109.0	26.355538932524347	23.689204726481876	23.692806383243983	26.262449957749794	0.0
110.0	26.213966116721384	23.72882295086509	23.85127928077685	26.20593165163668	0.0
111.0	26.32221994425759	23.721830966404948	23.638716040626576	26.317233048710886	0.0
112.0	26.22165088406576	23.666698065638627	23.733190006261324	26.37846104403429	0.0
113.0	26.226360729859866	23.758124483994834	23.656170175040035	26.35934461110526	0.0
114.0	26.208352495941224	23.796911449358078	23.872268982063797	26.12246707263691	0.0
115.0	26.23688862045846	23.853152549134773	23.76865237459343	26.141306455813336	0.0
116.0	26.164578635031276	23.784167160738725	23.84317875804137	26.208075446188627	0.0
117.0	26.257463048386875	23.682278463477815	23.85598913961961	26.2042693485157	0.0
118.0	26.273531978556292	23.8030724902686	23.87843023175276	26.04496529942235	0.0
119.0	26.4824280707587	23.81082990483315	23.546800759118426	26.159941265289728	0.0
120.0	26.199836540193104	23.74738533571597	23.755973901841003	26.296804222249925	0.0
121.0	26.190416822507583	23.808336450151685	23.724113092022332	26.2771336353184	0.0
122.0	26.208979207358464	23.8052888944299	23.803349540788762	26.182382357422878	0.0
123.0	26.335591295072657	23.686988322320577	23.664547230187424	26.312873152419343	0.0
124.0	26.169638033495406	23.780631398135448	23.792821621022593	26.256908947346545	0.0
125.0	26.244718724459403	23.718572081619083	23.81332335951461	26.223385834406905	0.0
126.0	26.108686919059693	23.833270996966295	23.819141420438015	26.238900663535997	0.0
127.0	26.21618252088268	23.704442505090803	23.764562467966034	26.31481250606048	0.0
128.0	26.11561318206375	23.863469503663993	23.718295031098922	26.30262228317334	0.0
129.0	25.976810871462412	23.909736940531108	23.755696851320838	26.357755336685646	0.0
130.0	26.315366607100803	23.65457341146158	23.885356494756817	26.144703486680797	0.0
131.0	26.366066852290515	23.740182022191746	23.7773067918935	26.11644433362424	0.0
132.0	26.165000664923088	23.840540360831596	23.79898266767144	26.195476306573873	0.0
133.0	26.23204707655481	23.815605744935503	23.773493949199874	26.178853229309812	0.0
134.0	26.351733232856066	23.68539163970034	23.703677024690812	26.259198102752784	0.0
135.0	26.232950909146318	23.73227905791219	23.844208088257705	26.190561944683786	0.0
136.0	26.32223459724831	23.731790703215474	23.644519064004744	26.301455635531468	0.0
137.0	26.22526610923639	23.659202863617978	23.73289891450704	26.382632112638593	0.0
138.0	26.224434950767712	23.757833668567248	23.663358655961346	26.35437272470369	0.0
139.0	26.208642939862912	23.809088440802125	23.86062026585989	26.121648353475074	0.0
140.0	26.234408852391798	23.84067246261172	23.763097672202182	26.161821012794302	0.0
141.0	26.172071967241273	23.769192834305787	23.836516670268352	26.222218528184584	0.0
142.0	26.272160824068198	23.671458770269933	23.83630565660316	26.220074749058707	0.0
143.0	26.261078680449156	23.803336279336513	23.89171637469836	26.043868665515973	0.0
144.0	26.473578784344255	23.82162181630793	23.559806173308104	26.144993226039716	0.0
145.0	26.19403171155397	23.745986186107977	23.759007704860352	26.300974397477706	0.0
146.0	26.190852193861012	23.809563388827478	23.732819119020114	26.2667652982914	0.0
147.0	26.205813170646564	23.828126082246584	23.813996270838008	26.152064476268844	0.0
148.0	26.357989460793817	23.69686760607085	23.650322216003858	26.294820717131472	0.0
149.0	26.148535205492358	23.789681330311577	23.812122857665305	26.24966060653076	0.0
150.0	26.266561016019374	23.72568141896946	23.83068560251345	26.177071962497717	0.0
151.0	26.10372447269191	23.82825811706752	23.822716983850366	26.2453004263902	0.0
152.0	26.201525473974684	23.71327960281157	23.76425802840939	26.32093689480436	0.0
153.0	26.095689829527036	23.875357749413332	23.72824066249789	26.300711758561746	0.0
154.0	25.971291388801927	23.923565608402576	23.745418175471066	26.359724827324438	0.0
155.0	26.315949874908917	23.63958253102342	23.88422356256078	26.160244031506885	0.0
156.0	26.343932597655545	23.75788572520966	23.784206107991146	26.113975569143644	0.0
157.0	26.16945940554558	23.826107675598998	23.80782188532039	26.196611033535035	0.0
158.0	26.225147948666798	23.809484229891172	23.765432098765434	26.1999357226766	0.0
159.0	26.369494868896425	23.69118070793714	23.702540062504156	26.23678436066228	0.0
160.0	26.234917644451215	23.718120991314226	23.84252012135149	26.20444124288307	0.0
161.0	26.31007330980179	23.727606709259867	23.6461513739354	26.316168607002943	0.0
162.0	26.22889503344102	23.665545501393606	23.731762593715196	26.373796871450182	0.0
163.0	26.212825613547075	23.767503200031033	23.66720785517574	26.352463331246156	0.0
164.0	26.200080901217397	23.810170280439085	23.869737957632143	26.12001086071138	0.0
165.0	26.232773858932656	23.851729124992378	23.753650251846597	26.161846764228365	0.0
166.0	26.167665002465824	23.776369086869067	23.829841466860977	26.22612444380413	0.0
167.0	26.27856139505116	23.67613933888007	23.833509266262716	26.211789999806058	0.0
168.0	26.270249603111935	23.81328390587727	23.867310553482223	26.049155937528575	0.0
169.0	26.49633034385883	23.817993921309494	23.552570698716938	26.133105036114735	0.0
170.0	26.19655171458415	23.73847777842425	23.764521393167154	26.30044911382445	0.0
171.0	26.188662098849917	23.820065331046656	23.735284583479945	26.25598798662348	0.0
172.0	26.212212306507336	23.828100107776834	23.81674059584796	26.14294698986787	0.0
173.0	26.359404870750563	23.71678718865154	23.648629928240933	26.275178012356964	0.0
174.0	26.139971739672514	23.79214806195107	23.803507605352838	26.264372593023577	0.0
175.0	26.266034965228712	23.724544925608843	23.829828498600836	26.1795916105616	0.0
176.0	26.089618733878407	23.831556899002297	23.834327527020548	26.244496840098748	0.0
177.0	26.19240903335559	23.714636396632024	23.792213981143107	26.30074058886928	0.0
178.0	26.092666424698486	23.87089981686149	23.741511488409078	26.294922270030945	0.0
179.0	25.972421168706312	23.918277555973614	23.76395357535693	26.34534769996315	0.0
180.0	26.323459738618954	23.651189015014033	23.87616401009617	26.149187236270844	0.0
181.0	26.3447935743595	23.7592435077259	23.783902097088347	26.112060820826255	0.0
182.0	26.167545881727104	23.828852291869847	23.813890859118718	26.189710967284334	0.0
183.0	26.24567780831634	23.80336244347903	23.76706711587907	26.183892632325563	0.0
184.0	26.360382126075006	23.691428761415022	23.71664154623637	26.231547566273605	0.0
185.0	26.216935834670167	23.736101760189733	23.84858988105628	26.19837252408382	0.0
186.0	26.307331696802116	23.73450513401639	23.65554157916027	26.302621590021225	0.0
187.0	26.217839667965176	23.662745271883985	23.74918958456858	26.370225475582252	0.0
188.0	26.211467170555736	23.78548511329192	23.645013105179455	26.358034610972886	0.0
189.0	26.193735003851202	23.79213467580612	23.883289095271607	26.130841225071066	0.0
190.0	26.224489230479374	23.852811933748193	23.765813490854082	26.15688534491835	0.0
191.0	26.16990740484199	23.79241174091088	23.833417376415113	26.20426347783202	0.0
192.0	26.240077578444275	23.70298538477523	23.834868740042943	26.22206829673755	0.0
193.0	26.256424464916535	23.80993281152594	23.866454249497817	26.067188474059712	0.0
194.0	26.49054512710397	23.813534667867287	23.558911131121423	26.13700907390732	0.0
195.0	26.212648057075572	23.735679157719748	23.75258017593683	26.299092609267856	0.0
196.0	26.191459120089327	23.810341818060916	23.738027224643485	26.260171837206276	0.0
197.0	26.228586152725097	23.826134660301506	23.811727155099565	26.133552031873837	0.0
198.0	26.3613744798045	23.705676018641146	23.66827181496279	26.264677686591565	0.0
199.0	26.140551144014495	23.79516903929381	23.823152925008728	26.24112689168297	0.0
200.0	26.249438936944824	23.72174597281407	23.839777015532444	26.189038074708666	0.0
201.0	26.092690644213	23.839565999207583	23.842613757581297	26.22512959899812	0.0
202.0	26.216263392820032	23.719041008974262	23.77971910750552	26.284976490700178	0.0
203.0	26.115133228601273	23.86976651400168	23.72707600832315	26.2880242490739	0.0
204.0	25.97853823967018	23.918530647981136	23.756722385231114	26.34620872711757	0.0
205.0	26.307419075088458	23.65808584149994	23.88334289221187	26.151152191199735	0.0
206.0	26.33761958988255	23.748133247996098	23.798836864577012	26.11541029754434	0.0
207.0	26.16480106394769	23.820237171672392	23.814418707746867	26.200543056633048	0.0
208.0	26.225479330599576	23.804167128449517	23.78310983043334	26.187243710517567	0.0
209.0	26.374819904688017	23.68696664080683	23.711625845062617	26.226587609442536	0.0
210.0	26.21419210404551	23.707258415323107	23.845516584053485	26.233032896577903	0.0
211.0	26.29710903861819	23.742789220820242	23.650801567114968	26.309300173446598	0.0
212.0	26.227564155847034	23.66604048565048	23.71729866617902	26.389096692323466	0.0
213.0	26.222022730925033	23.760244709324553	23.66576341440438	26.351969145346033	0.0
214.0	26.22036030344843	23.79127668888778	23.872458563995146	26.115904443668647	0.0
215.0	26.22285394466333	23.873012706487344	23.765509063000458	26.13862428584886	0.0
216.0	26.17076455039649	23.79072254639558	23.82978959209571	26.20872331111222	0.0
217.0	26.258114746603788	23.6733099299839	23.836782418118293	26.231792905294014	0.0
218.0	26.26199375479681	23.81600201708426	23.865320835538366	26.056683392580567	0.0
219.0	26.474230917357733	23.82569953756681	23.566083060648293	26.13398648442717	0.0
220.0	26.203531559887733	23.740084285306594	23.76612905460258	26.29025510020309	0.0
221.0	26.193147971128937	23.81835058116177	23.7413241344915	26.247177313217797	0.0
222.0	26.23858803319341	23.831095964423756	23.802557388858872	26.12775861352396	0.0
223.0	26.350875831915637	23.706478551677133	23.659652992125547	26.282992624281686	0.0
224.0	26.147780357647527	23.813706312307087	23.799298447829678	26.239214882215705	0.0
225.0	26.243925145602553	23.725319605224513	23.833932737438836	26.196822511734098	0.0
226.0	26.11072474529873	23.841756877696287	23.83787782651221	26.20964055049278	0.0
227.0	26.20631564947785	23.714302338790787	23.79631656382563	26.283065447905727	0.0
228.0	26.106014468860916	23.860320908362958	23.742841072502237	26.29082355027389	0.0
229.0	25.965537400980292	23.914350549855506	23.76528415435299	26.354827894811216	0.0
230.0	26.322133034831108	23.65334582018381	23.883872290552016	26.140648854433064	0.0
231.0	26.332107737875887	23.739516171487313	23.78551063552712	26.142865455109682	0.0
232.0	26.165103958859774	23.808573835173117	23.815223655627964	26.21109855033914	0.0
233.0	26.239360287272245	23.812175821252826	23.76950614000089	26.17895775147404	0.0
234.0	26.375958682448907	23.681396018974155	23.706886997384405	26.235758301192536	0.0
235.0	26.205629642765118	23.712771292645556	23.84881591306444	26.23278315152489	0.0
236.0	26.308775040868916	23.721426394391955	23.64800088664764	26.321797678091492	0.0
237.0	26.2295309079826	23.675708625419077	23.71810146573938	26.376659000858936	0.0
238.0	26.210412568230307	23.768806627691113	23.653542434401928	26.36723836967665	0.0
239.0	26.2007148596603	23.775733562383973	23.899032999916876	26.124518578038845	0.0
240.0	26.21220140041508	23.85222212677996	23.779624431618235	26.155952041186726	0.0
241.0	26.16496890829888	23.79235620781006	23.826717802631432	26.215957081259628	0.0
242.0	26.251333712084467	23.68506381032882	23.83804231851123	26.225560159075478	0.0
243.0	26.263306533192544	23.81859048442571	23.86459693087116	26.05350605151059	0.0
244.0	26.468330187554912	23.820610253297524	23.575877006992773	26.135182552154788	0.0
245.0	26.20450702663747	23.750589017933862	23.73839288189151	26.30651107353716	0.0
246.0	26.214493814224372	23.78869401547345	23.735471119648953	26.261341050653225	0.0
247.0	26.24135101570123	23.814091191342147	23.804666016144772	26.13989177681185	0.0
248.0	26.378881591532235	23.711634586328593	23.637613699685897	26.27187012245328	0.0
249.0	26.147115819122895	23.81587373755576	23.793972426526647	26.2430380167947	0.0
