# Position (bp)	A	C	G	T	N
0.0	26.342053993876984	23.687447815196215	23.678541608683553	26.29195658224325	0.0
1.0	26.212635680489843	23.812969663234064	23.77595324241581	26.198441413860284	0.0
2.0	26.130709204857904	23.79025525141095	23.762982422940347	26.3160531207908	0.0
3.0	26.26068952850587	23.667930997058555	23.763938477293536	26.307440997142038	0.0
4.0	26.324152247594345	23.71842320556987	23.72482343709129	26.23260110974449	0.0
5.0	26.248834847451967	23.770503206778056	23.777459341393175	26.203202604376802	0.0
6.0	26.293751043347612	23.706248956652384	23.69233765511101	26.30766234488899	0.0
7.0	26.242137096213288	23.769130399703986	23.77107786813413	26.217654635948602	0.0
8.0	26.12337669563669	23.797614145977768	23.75365834659426	26.32535081179128	0.0
9.0	26.13401803746585	23.83649443353344	23.721604344125026	26.30788318487568	0.0
10.0	26.18708518083751	23.720562791034062	23.70136914663388	26.390982881494544	0.0
11.0	26.292511140658814	23.792052162205767	23.79260849972461	26.122828197410808	0.0
12.0	26.298352684606698	23.839619020067094	23.61819668756641	26.243831607759795	0.0
13.0	26.190979543469435	23.85603097687305	23.67522128324812	26.277768196409397	0.0
14.0	26.175123924182326	23.768129648895393	23.75672472975905	26.300021697163235	0.0
15.0	26.283331571597856	23.676890295804657	23.754499379683665	26.285278752913815	0.0
16.0	26.214272799343526	23.82341896271158	23.74080307097456	26.22150516697033	0.0
17.0	26.23235371841055	23.75304246234301	23.837049194008262	26.17755462523818	0.0
18.0	26.200642568046845	23.773626893280852	23.800052851917272	26.225677686755034	0.0
19.0	26.272131740358002	23.776408573137317	23.741081238960206	26.210378447544475	0.0
20.0	26.176720121281242	23.842334385735544	23.711873600467325	26.26907189251589	0.0
21.0	26.26072685294649	23.755545974213828	23.767785365582274	26.215941807257405	0.0
22.0	26.365318015549587	23.780581092922016	23.737186887161158	26.116914004367235	0.0
23.0	26.217610815171284	23.766394525654043	23.73523971126163	26.280754947913042	0.0
24.0	26.245427613735934	23.68739481773043	23.91521439797494	26.1519631705587	0.0
25.0	26.3444554166261	23.684334969888315	23.67988428211797	26.291325331367617	0.0
26.0	26.209265775601885	23.824253466668523	23.785588116663654	26.180892641065938	0.0
27.0	26.12553721192228	23.807285219544084	23.760831165941113	26.306346402592524	0.0
28.0	26.26454814518103	23.669526225604738	23.774395264481385	26.291530364732846	0.0
29.0	26.31628724658967	23.725159667979618	23.726550504038986	26.23200258139173	0.0
30.0	26.25063978458731	23.775507933328882	23.766606582548903	26.207245699534905	0.0
31.0	26.282907181164745	23.69177960255469	23.71403297950464	26.31128023677593	0.0
32.0	26.242016601019202	23.779680441506997	23.773838930057636	26.204464027416158	0.0
33.0	26.134087722811937	23.791363464405723	23.742127867903953	26.332420944878386	0.0
34.0	26.131862385116943	23.84226806417874	23.717649153259007	26.308220397445314	0.0
35.0	26.196953512695554	23.70401895987716	23.69150143534281	26.40752609208447	0.0
36.0	26.27762200413913	23.799430313550083	23.79303246767697	26.12991521463382	0.0
37.0	26.308498564657185	23.842824398602488	23.607494937356744	26.241182099383582	0.0
38.0	26.19556267663618	23.85061308053497	23.673698733782853	26.280125509045998	0.0
39.0	26.179428978347463	23.76076507109954	23.757148897345175	26.302657053207824	0.0
40.0	26.28930502703785	23.673698733782853	23.747969379353318	26.28902685982598	0.0
41.0	26.218299457297277	23.81549776493267	23.75291031635869	26.21329246141136	0.0
42.0	26.232485945640715	23.751241317730052	23.841089077238475	26.17518365939076	0.0
43.0	26.199940472382245	23.780170627293135	23.801033110151128	26.21885579017349	0.0
44.0	26.276436242861557	23.779892460855027	23.745399822529812	26.198271473753604	0.0
45.0	26.184363151848277	23.841089077238475	23.70896001913785	26.2655877517754	0.0
46.0	26.268091249718356	23.748181486910877	23.769878469083192	26.213848794287575	0.0
47.0	26.369065666751045	23.770434801959404	23.739001994453364	26.12149753683619	0.0
48.0	26.209954464154084	23.75624831361597	23.744565323215493	26.289231899014453	0.0
49.0	26.248619599050897	23.679752543136658	23.92926783811826	26.142360019694184	0.0
50.0	26.34069269006417	23.681699708203407	23.678361710946128	26.299245890786295	0.0
51.0	26.20049680525846	23.828849753961787	23.784899456740945	26.18575398403881	0.0
52.0	26.136518524493944	23.788237453998224	23.771269301273723	26.303974720234102	0.0
53.0	26.269965340558223	23.67106353860105	23.768143355456775	26.290827765383952	0.0
54.0	26.320313325804317	23.725027677483602	23.72669667146966	26.22796232524242	0.0
55.0	26.25522256034804	23.77036868077152	23.769812349442834	26.204596409437602	0.0
56.0	26.28415178943972	23.69832377370667	23.714179216574223	26.30334522027939	0.0
57.0	26.242983271116948	23.778991816366155	23.77315033741495	26.20487457510195	0.0
58.0	26.137280318666583	23.80235773217097	23.745333770980643	26.315028178181798	0.0
59.0	26.131717005379723	23.845195244479804	23.71223205692382	26.310855693216652	0.0
60.0	26.193191617199542	23.704443418322217	23.699158270699698	26.403206693778547	0.0
61.0	26.27831031048851	23.79957607552754	23.78956211161119	26.132551502372753	0.0
62.0	26.31864433181826	23.833512286577392	23.612092417760323	26.23575096384403	0.0
63.0	26.187350138248334	23.857434533710897	23.666056556642875	26.28915877139789	0.0
64.0	26.18484664726925	23.757851225876085	23.757016728883055	26.300285397971617	0.0
65.0	26.29527841601344	23.660771409020356	23.755347734896993	26.28860244006921	0.0
66.0	26.21119947482469	23.82259755938125	23.755003490969376	26.21119947482469	0.0
67.0	26.23039285227497	23.74053891665902	23.837340298582195	26.191727932483815	0.0
68.0	26.195900405842576	23.775587692872584	23.808411149961476	26.220100751323372	0.0
69.0	26.277680883674225	23.76223577812456	23.758063304765802	26.20202003343542	0.0
70.0	26.17893234751696	23.833167825223438	23.705490140445455	26.28240968681415	0.0
71.0	26.265719793379123	23.742764235783685	23.775031363091415	26.216484607745777	0.0
72.0	26.370031627348062	23.766408251483316	23.750552852720038	26.11300726844859	0.0
73.0	26.21008681526235	23.765017427030394	23.74053891665902	26.284356841048233	0.0
74.0	26.255427692427517	23.67850814605882	23.928022052912524	26.138042108601134	0.0
75.0	26.339989819165005	23.68045530029291	23.678229981168236	26.301324899373853	0.0
76.0	26.19256242715557	23.82315388916242	23.788383277839436	26.195900405842576	0.0
77.0	26.136651284148215	23.788105112948855	23.780038331121922	26.295205271781008	0.0
78.0	26.267593880389427	23.670653685674548	23.786369958275383	26.275382475660642	0.0
79.0	26.322114047287897	23.728233657858137	23.723226703755216	26.22642559109875	0.0
80.0	26.253407510431153	23.77051460361613	23.773296244784422	26.202781641168286	0.0
81.0	26.290125173852573	23.689290681502086	23.710152990264255	26.310431154381085	0.0
82.0	26.24840055632823	23.77663421418637	23.775243393602224	26.19972183588317	0.0
83.0	26.15104311543811	23.80222531293463	23.73769123783032	26.30904033379694	0.0
84.0	26.12378303198887	23.845897079276774	23.7240611961057	26.306258692628653	0.0
85.0	26.193602225312933	23.706815020862308	23.700973574408902	26.398609179415857	0.0
86.0	26.28094575799722	23.80250347705146	23.790542420027815	26.126008344923505	0.0
87.0	26.3095966620306	23.83031988873435	23.617246175243395	26.242837273991654	0.0
88.0	26.194158553546593	23.850904033379695	23.664534075104314	26.290403337969405	0.0
89.0	26.17413073713491	23.754102920723227	23.766620305980528	26.305146036161336	0.0
90.0	26.29095966620306	23.660917941585534	23.757162726008346	26.29095966620306	0.0
91.0	26.222458351993456	23.81384196427826	23.749029905341015	26.214669778387268	0.0
92.0	26.23720100917661	23.72649867455167	23.8441617686738	26.19213854759792	0.0
93.0	26.202708754634894	23.777958893021157	23.811616657533637	26.207715694810307	0.0
94.0	26.283654287470686	23.76099092909338	23.759321949034913	26.196032834401016	0.0
95.0	26.173779766954752	23.84443993201688	23.715650304171614	26.26612999685675	0.0
96.0	26.26696448688599	23.74457929185176	23.78324399653965	26.2052122247226	0.0
97.0	26.36905043379573	23.771839299473438	23.743744801822526	26.1153654649083	0.0
98.0	26.214391615044185	23.76265990915185	23.735121738187097	26.287826737616864	0.0
99.0	26.25194366635976	23.681158049629904	23.92872342496961	26.138174859040724	0.0
100.0	26.345962876320232	23.673091312680633	23.684774173089924	26.29617163790921	0.0
101.0	26.189635077510214	23.8210742111983	23.791310733488917	26.197979977802564	0.0
102.0	26.127882815346826	23.78630379331351	23.787138283342745	26.298675107996917	0.0
103.0	26.259102870081392	23.667462211614957	23.787350278997057	26.286084639306594	0.0
104.0	26.321689448181097	23.729492464575998	23.718365961802714	26.23045212544019	0.0
105.0	26.25298329355609	23.769269711990475	23.77260766282246	26.205139331630978	0.0
106.0	26.29498584152522	23.69416581827083	23.711411897569416	26.299436442634534	0.0
107.0	26.25799021980406	23.77538928851578	23.78095253990242	26.185667951777734	0.0
108.0	26.13921480269929	23.804874520864974	23.740062642210614	26.31584803422512	0.0
109.0	26.135876851867305	23.842982792863463	23.730605114853326	26.290535240415906	0.0
110.0	26.203192193645652	23.695000305978827	23.697225606533483	26.40458189384204	0.0
111.0	26.278574249934632	23.797642294062342	23.78790660413572	26.135876851867305	0.0
112.0	26.311397433115815	23.822955087871556	23.62379068822983	26.2418567907828	0.0
113.0	26.19290017858037	23.83908851689281	23.678866876957567	26.28914442756925	0.0
114.0	26.182886326084414	23.740897129918608	23.770382362267803	26.30583418172917	0.0
115.0	26.298045629787875	23.649381644608376	23.76704441143582	26.285528314167934	0.0
116.0	26.220087175906738	23.80647727557211	23.756686314161495	26.21674923435966	0.0
117.0	26.24484357571425	23.722750575099514	23.840134852838503	26.192270996347734	0.0
118.0	26.211464160243448	23.769203594963045	23.81064970250596	26.208682542287548	0.0
119.0	26.284064388892443	23.761971388277704	23.757798961343855	26.196165261485998	0.0
120.0	26.170852538087303	23.83985669104291	23.718578148165662	26.270712622704124	0.0
121.0	26.267652842952632	23.740831091812865	23.774766830874846	26.21674923435966	0.0
122.0	26.36473130961355	23.774488669079258	23.746394327724666	26.11438569358253	0.0
123.0	26.22425960284059	23.754739181592367	23.736658664879013	26.284342550688034	0.0
124.0	26.254022914968722	23.68436424730809	23.92358339151551	26.138029446207682	0.0
125.0	26.350823219834048	23.68158262935219	23.67657571703157	26.29101843378219	0.0
126.0	26.187264084027117	23.826504924854593	23.79535080374851	26.190880187369785	0.0
127.0	26.12662481258849	23.788674920654348	23.797297936317637	26.287402330439523	0.0
128.0	26.266891422022688	23.656613871411007	23.79736413149301	26.279130575073296	0.0
129.0	26.311953758254475	23.716418823817392	23.735890203670635	26.235737214257497	0.0
130.0	26.240744140505477	23.771216849975797	23.784012328165073	26.20402668135365	0.0
131.0	26.305556019159837	23.690549704869515	23.7077957841681	26.29609849180255	0.0
132.0	26.25361264641823	23.767945012670342	23.781853179824257	26.196589161087175	0.0
133.0	26.140956492471506	23.804106247270525	23.742910311793292	26.312026948464677	0.0
134.0	26.138731185726883	23.837207685096843	23.732618268099394	26.29144286107688	0.0
135.0	26.20215242794874	23.691171929980722	23.708418057251578	26.398257584818957	0.0
136.0	26.281428980726062	23.78964175343045	23.800211960467426	26.128717305376064	0.0
137.0	26.313695928523146	23.82441217131524	23.62385640095577	26.238035499205843	0.0
138.0	26.19213854759792	23.830531764862965	23.695066216783818	26.282263470755296	0.0
139.0	26.190191404196373	23.735399901530176	23.77962787307963	26.294780821193818	0.0
140.0	26.303960211515403	23.65028191854821	23.764885215896477	26.280872654039904	0.0
141.0	26.21926625665162	23.802847852149796	23.76223577812456	26.21565011307403	0.0
142.0	26.24569192125708	23.71383508716297	23.85291753245489	26.18755545912506	0.0
143.0	26.212590299277604	23.771415219513823	23.812583623320233	26.203410857888336	0.0
144.0	26.28220462978932	23.76675252713506	23.745333770980643	26.20570907209498	0.0
145.0	26.173792827200227	23.822173759447228	23.721477508852647	26.282555904499898	0.0
146.0	26.275323577109127	23.734551331443658	23.786568455369586	26.20355663607763	0.0
147.0	26.37741065989424	23.762367975254314	23.738723828015253	26.12149753683619	0.0
148.0	26.222471953868876	23.748459653348984	23.73844566157715	26.290622731204987	0.0
149.0	26.26224975451812	23.683368706832045	23.92287001004181	26.131511528608026	0.0
150.0	26.3418053558166	23.680308876012873	23.685594038336898	26.29229172983363	0.0
151.0	26.18992648061041	23.833578583409597	23.79936411152249	26.177130824457507	0.0
152.0	26.140691021065543	23.785733956055267	23.795747947827103	26.277827075052084	0.0
153.0	26.263435476333534	23.657008701070385	23.802768320092575	26.276787502503506	0.0
154.0	26.314061908894676	23.715145648352138	23.74184970069208	26.228942742061108	0.0
155.0	26.240625764959834	23.771891759574515	23.776342434964505	26.211140040501146	0.0
156.0	26.309611233504683	23.68565992389345	23.72043082537775	26.28429801722411	0.0
157.0	26.256832501147443	23.765281853711457	23.7858662846493	26.192019360491802	0.0
158.0	26.15251950652999	23.79615850011822	23.743584750831026	26.30773724252076	0.0
159.0	26.13916744321896	23.84038720983602	23.729398183563053	26.291047163381965	0.0
160.0	26.206205927759775	23.688507489673015	23.711317264496028	26.393969318071182	0.0
161.0	26.28437113172645	23.78364094076413	23.80505987565891	26.126928051850513	0.0
162.0	26.313578770219337	23.817855602998648	23.63037038067289	26.238195246109125	0.0
163.0	26.187568672721458	23.840109041850376	23.693792681400296	26.278529604027874	0.0
164.0	26.187846840707103	23.73857772708939	23.783362772778478	26.290212659425027	0.0
165.0	26.31024075439158	23.643722443983922	23.769176205510508	26.276860596113995	0.0
166.0	26.21108060518564	23.80213244764154	23.76819576459069	26.218591182582134	0.0
167.0	26.254753221898618	23.70477311102024	23.861660727747132	26.178812939334005	0.0
168.0	26.21080243565243	23.769030273190296	23.8140937375693	26.20607355358797	0.0
169.0	26.294604608725646	23.765202007276937	23.751571662234486	26.188621721762935	0.0
170.0	26.191198110662018	23.821458673513384	23.70963389904059	26.27770931678401	0.0
171.0	26.27743114570323	23.740789060087735	23.778342155992778	26.203437638216254	0.0
172.0	26.373121997490895	23.762486404388426	23.74301442873396	26.12137716938672	0.0
173.0	26.212060941720377	23.75469761412664	23.74190174441085	26.29133969974213	0.0
174.0	26.272145895168446	23.672637145297102	23.927998197451398	26.127218762083054	0.0
175.0	26.342801349686084	23.67569702718566	23.694056318517013	26.28744530461124	0.0
176.0	26.193423479308244	23.8275784372905	23.7958669340818	26.183131149319454	0.0
177.0	26.141683658283515	23.785852775173787	23.792250710031684	26.28021285651101	0.0
178.0	26.275835210993353	23.652952794236278	23.797323986759018	26.273888008011347	0.0
179.0	26.317839161033685	23.709421680714346	23.739186069153522	26.233553089098443	0.0
180.0	26.245792650699602	23.75782358340983	23.78341539403043	26.212968371860136	0.0
181.0	26.30170519346853	23.68744610420318	23.7305627416618	26.2802859606665	0.0
182.0	26.257827082330753	23.76178408796931	23.780143481441712	26.20024534825822	0.0
183.0	26.15212148355026	23.798224702285744	23.74731911129409	26.302334702869906	0.0
184.0	26.13320574482112	23.842175977568157	23.730906926220275	26.29371135139045	0.0
185.0	26.21192859864975	23.672490674262633	23.721170884227334	26.394409842860284	0.0
186.0	26.27201388637761	23.796555666515527	23.79544297600205	26.135987471104816	0.0
187.0	26.305672774410343	23.819365822041842	23.63632823257457	26.23863317097324	0.0
188.0	26.18494585369789	23.834665316602177	23.688624686708078	26.29176414299186	0.0
189.0	26.19273468729224	23.73368865250397	23.78264703509704	26.290929625106752	0.0
190.0	26.310679881721	23.639109958858267	23.769851094192035	26.280359065228698	0.0
191.0	26.218194260154053	23.794184490676994	23.762750808791417	26.22487044037754	0.0
192.0	26.25157516127148	23.70294336095603	23.864562557199566	26.18091892057293	0.0
193.0	26.211518079930567	23.764976202199247	23.81810746981115	26.20539824805904	0.0
194.0	26.30283237733876	23.765320485359652	23.744735539075236	26.18711159822636	0.0
195.0	26.194973364674468	23.810172886212218	23.724494763342	26.270358985771313	0.0
196.0	26.274809797348986	23.743967063994326	23.777069975103274	26.204153163553418	0.0
197.0	26.37495305784664	23.756763147280136	23.74591429405956	26.122369500813665	0.0
198.0	26.210829380919925	23.752590511426067	23.740907131034675	26.295672976619333	0.0
199.0	26.266742701364453	23.677483066052826	23.924224932890105	26.131549299692615	0.0
200.0	26.347970012656997	23.66329610414899	23.702240705453633	26.28649317774038	0.0
201.0	26.197476946186903	23.820187212261988	23.79320416707234	26.189131674478766	0.0
202.0	26.149074370279706	23.77512274503804	23.799602208715246	26.27620067596701	0.0
203.0	26.276551946679128	23.65863292942106	23.786872294733563	26.27794282916625	0.0
204.0	26.309098596877746	23.712877346418757	23.749596644078736	26.22842741262476	0.0
205.0	26.238309567655683	23.759743186028786	23.790064592942066	26.211882653373465	0.0
206.0	26.303403230203457	23.683244223632894	23.74277432527915	26.270578220884495	0.0
207.0	26.262305935501455	23.761478353515205	23.782063586114425	26.194152124868907	0.0
208.0	26.141298149276317	23.803761533989277	23.744509445561796	26.310430871172606	0.0
209.0	26.127667387149806	23.837977528715008	23.735051365718913	26.299303718416272	0.0
210.0	26.21029996355817	23.66966454042957	23.73503729028561	26.38499820572665	0.0
211.0	26.28652180807117	23.790673673141814	23.790117309313253	26.132687209473765	0.0
212.0	26.315247749502053	23.817723575426452	23.64274666458957	26.224282010481925	0.0
213.0	26.193403732098947	23.821061767684075	23.689759538884374	26.295774961332608	0.0
214.0	26.196331306297534	23.733566266266823	23.7858649026077	26.28423752482794	0.0
215.0	26.312890501121082	23.637314520660745	23.769730216928068	26.280064761290106	0.0
216.0	26.212055459117817	23.79907197222593	23.76068233409	26.228190234566252	0.0
217.0	26.248219610985004	23.70170694796813	23.878076734766545	26.17199670628032	0.0
218.0	26.21678461743891	23.769584279165	23.81103396092046	26.202597142475632	0.0
219.0	26.30045984493795	23.76505345384442	23.750587672372305	26.183899028845325	0.0
220.0	26.194966978796323	23.816438828707025	23.726026939960942	26.262567252535707	0.0
221.0	26.273138488758324	23.74160560386796	23.786672453027546	26.19858345434617	0.0
222.0	26.365922595864955	23.755090913137337	23.753421761289033	26.125564729708678	0.0
223.0	26.214864353593125	23.74924888166826	23.747857921794672	26.288028842943937	0.0
224.0	26.269946364587277	23.67497162441858	23.92812632141188	26.126955689582264	0.0
225.0	26.350358871640793	23.668558393145272	23.703332776943192	26.27774995827074	0.0
226.0	26.194569632226116	23.814610805096535	23.797919100873532	26.192900461803813	0.0
227.0	26.154933260631285	23.7699536524434	23.800833477068252	26.274279609857064	0.0
228.0	26.28019484945348	23.646778335099885	23.78838080771831	26.284646007728323	0.0
229.0	26.318864286966175	23.705199787457193	23.752493344127394	26.22344258144924	0.0
230.0	26.25320970241225	23.754718923264814	23.7772529120312	26.214818462291735	0.0
231.0	26.29132274514059	23.68155300912209	23.74108725104811	26.286036994689212	0.0
232.0	26.254673729190774	23.764800142437462	23.784552212231816	26.19597391613995	0.0
233.0	26.150071218730524	23.793176355381465	23.754506810291108	26.302245615596902	0.0
234.0	26.138108697587466	23.835462476631353	23.733085551500043	26.293343274281135	0.0
235.0	26.218786165761593	23.670212765957448	23.725852399180987	26.385148669099973	0.0
236.0	26.29195228345055	23.78677779756076	23.795401940710406	26.12586797827829	0.0
237.0	26.309200569749848	23.825169144485	23.63988916585062	26.225741119914538	0.0
238.0	26.190966349149825	23.820996171993233	23.691077628416274	26.296959850440665	0.0
239.0	26.184567791329123	23.741153298317457	23.797905724205464	26.276373186147957	0.0
240.0	26.306828140518974	23.6379469117152	23.77816541888888	26.277059528876944	0.0
241.0	26.217822443324096	23.80193204456167	23.76381422990885	26.21643128220538	0.0
242.0	26.250386071916505	23.708572048671495	23.864113815392233	26.176928064019766	0.0
243.0	26.213108641329452	23.752942682390653	23.826683659555997	26.207265016723895	0.0
244.0	26.29135939891471	23.772088493112562	23.75344371782385	26.18310839014888	0.0
245.0	26.190197879268602	23.828170660432495	23.718516044641117	26.26311541565779	0.0
246.0	26.282331395235563	23.735620826804197	23.78961665743542	26.192431120524816	0.0
247.0	26.367927941970574	23.75816247571437	23.742296794018916	26.131612788296138	0.0
248.0	26.220618855151372	23.74903964993152	23.740132055093476	26.29020943982363	0.0
249.0	26.277126409905243	23.667757847034327	23.93248043112759	26.122635311932836	0.0
