# Position (bp)	A	C	G	T	N
0.0	26.20732281610549	23.836531669413706	23.65346126677655	26.30268424770426	0.0
1.0	26.08959265363786	23.9260065928891	23.858311749470214	26.12608900400283	0.0
2.0	26.153601638794218	23.78694497913245	23.925865753085983	26.13358762898735	0.0
3.0	26.147765099229183	23.933908037519608	23.816769628777198	26.10155723447401	0.0
4.0	26.195493501601053	23.86189724995291	23.6982600301375	26.244349218308532	0.0
5.0	26.1851646928637	23.85692086737457	23.74861676829986	26.20929767146187	0.0
6.0	26.085318657386285	23.818002560442633	23.84684432803096	26.24983445414012	0.0
7.0	25.989940934627846	23.877772643933216	23.759171024712103	26.37311539672683	0.0
8.0	26.116321707833162	23.859399233076026	23.82967577891636	26.194603280174455	0.0
9.0	26.197686292859647	23.86720462859144	23.798340793582128	26.136768284966788	0.0
10.0	26.0590508197252	23.71390987289919	23.925205041655754	26.301834265719858	0.0
11.0	26.01667407278795	23.811906100191578	23.977881692362473	26.193538134658002	0.0
12.0	26.144687162494222	23.761877996168433	23.830445926976626	26.26298891436071	0.0
13.0	26.26681459290366	23.737158227121707	23.814554646875155	26.181472533099477	0.0
14.0	26.194420983552526	23.75981801541454	23.856342827882724	26.18941817315021	0.0
15.0	26.103781830381184	23.94050775582754	23.746575281996652	26.209135131794625	0.0
16.0	26.175586873802636	23.887831105120817	23.80072334752758	26.135858673548963	0.0
17.0	26.138212937267703	23.96140184633132	23.827208814363363	26.073176402037618	0.0
18.0	26.144687162494222	23.87341123984356	23.87782548431619	26.104076113346025	0.0
19.0	26.177941137521373	23.865171316827983	23.79307199044169	26.16381555520896	0.0
20.0	26.214943644978078	23.739736911803654	23.88540655071952	26.15991289249875	0.0
21.0	26.215237927076895	23.87598952355728	23.743856861187133	26.164915688178684	0.0
22.0	26.163738559783408	23.853624084046967	23.84008710750125	26.14255024866837	0.0
23.0	26.10929637150172	23.788587740207763	24.028427650746007	26.073688237544513	0.0
24.0	26.27115152585268	23.85009269886113	23.72325711426974	26.155498661016452	0.0
25.0	26.25055177893529	23.779170713045524	23.666166387098674	26.304111120920513	0.0
26.0	26.12136193755334	23.8762838056561	23.85744975133163	26.144904505458932	0.0
27.0	26.19228392336894	23.76887083958683	23.890115064300637	26.14873017274359	0.0
28.0	26.17286130484683	23.906889143933373	23.818604514287394	26.101645036932403	0.0
29.0	26.228774903622615	23.830375798240194	23.71207439451458	26.228774903622615	0.0
30.0	26.1916953591713	23.859215443924548	23.738854065507194	26.21023513139696	0.0
31.0	26.083693828904387	23.828610105647275	23.850681263058767	26.23701480238957	0.0
32.0	26.004237662223005	23.859215443924548	23.787116329713665	26.349430564138782	0.0
33.0	26.125481886936818	23.863335393308024	23.8083046408287	26.20287807892646	0.0
34.0	26.21729790176864	23.871281009976165	23.815073129101556	26.096347959153643	0.0
35.0	26.07302294510772	23.719655926382607	23.923592820715044	26.28372830779463	0.0
36.0	26.031235010049702	23.797346171842584	23.953315225228142	26.218103592879572	0.0
37.0	26.15453884659414	23.770272298424715	23.824125764027652	26.2510630909535	0.0
38.0	26.28372830779463	23.720244488848213	23.806174608826673	26.18985259453049	0.0
39.0	26.19191256316011	23.769683735959106	23.848551106350293	26.18985259453049	0.0
40.0	26.098331131128777	23.935069788794358	23.743786987472447	26.22281209260442	0.0
41.0	26.18661550096966	23.89122188510672	23.80705745252508	26.115105161398546	0.0
42.0	26.116282286329756	23.97538631768836	23.84119407553022	26.06713732045166	0.0
43.0	26.15807022138777	23.878567792096195	23.876507823466575	26.086854163049463	0.0
44.0	26.181318438779204	23.867679386482486	23.788517734858495	26.16248443987981	0.0
45.0	26.22067496144927	23.738714347933563	23.85642649464998	26.18418419596718	0.0
46.0	26.2395089049239	23.879968923993268	23.728708815462667	26.151813355620167	0.0
47.0	26.164173131025393	23.814932962932446	23.86672630748767	26.154167598554494	0.0
48.0	26.118853954539567	23.79874754275894	24.00180099584476	26.080597506856734	0.0
49.0	26.267171259402254	23.86731486822125	23.710169152354833	26.155344720021663	0.0
50.0	26.26775982013584	23.77961931891752	23.669264181370874	26.283356679575764	0.0
51.0	26.10178569326569	23.86437206455334	23.87261191482349	26.161230327357483	0.0
52.0	26.178887149364943	23.772556590114537	23.90056854966864	26.147987710851883	0.0
53.0	26.18889268183584	23.887620213529832	23.820230009534686	26.103257095099643	0.0
54.0	26.22803197061905	23.83582686897461	23.696043694748862	26.24009746565748	0.0
55.0	26.189481242569425	23.857015055383567	23.730474497663415	26.223029204383604	0.0
56.0	26.107082739867927	23.800218944592892	23.8526008498817	26.24009746565748	0.0
57.0	26.004967452591433	23.851423728414538	23.774910833048864	26.368697985945172	0.0
58.0	26.12827092627688	23.874966157757818	23.81051875743058	26.18624415853472	0.0
59.0	26.22803197061905	23.859075017951103	23.809047355596626	26.103845655833226	0.0
60.0	26.092586216536745	23.71657352720467	23.9178607057411	26.27297955051749	0.0
61.0	26.02666760836107	23.79544043341485	23.95670559984462	26.221186358379462	0.0
62.0	26.155856309205355	23.76571820383564	23.831342532510526	26.247082954448476	0.0
63.0	26.278865140533174	23.74247012327368	23.786317768890537	26.192346967302605	0.0
64.0	26.194995482809663	23.788966284397596	23.85929908508503	26.156739147707707	0.0
65.0	26.103180278564974	23.940814506802273	23.765423924334854	26.1905812902979	0.0
66.0	26.18528425928378	23.88195860664542	23.80397453893759	26.128782595133202	0.0
67.0	26.117599974103406	23.97877656240344	23.833402489016017	26.070220974477138	0.0
68.0	26.163507576225747	23.86871602911013	23.88813847616189	26.079637918502236	0.0
69.0	26.1961726008128	23.86606751360307	23.796323271917203	26.14143661366693	0.0
70.0	26.2164007368737	23.747402991048045	23.856580364552375	26.179615907525882	0.0
71.0	26.247888550795434	23.86776295267411	23.739751746543696	26.14459674998676	0.0
72.0	26.167844762134578	23.824503993361073	23.8780627048915	26.129588539612847	0.0
73.0	26.121054459204153	23.80567016073499	24.00342540330887	26.069849976751986	0.0
74.0	26.270842284308475	23.858934593630632	23.706792539448053	26.16343058261284	0.0
75.0	26.26348531843891	23.791250507630647	23.672067660543707	26.273196513386736	0.0
76.0	26.118111672856326	23.873059968100197	23.856874643187158	26.15195371585632	0.0
77.0	26.1928584460911	23.763588315961083	23.921321664204537	26.12223157374328	0.0
78.0	26.1793216288911	23.90454778202193	23.82185548564803	26.094275103438942	0.0
79.0	26.232586061786744	23.844220661891505	23.69502139405675	26.228171882265006	0.0
80.0	26.19462411789979	23.848929120048027	23.75387712101326	26.20256964103892	0.0
81.0	26.102809183847636	23.822149764282813	23.854814692743677	26.220226359125874	0.0
82.0	25.993926088978085	23.873942804004542	23.78036219814369	26.35176890887368	0.0
83.0	26.124880081456325	23.8780627048915	23.809790061621946	26.18726715203023	0.0
84.0	26.224934817282396	23.86658583813498	23.80802438981325	26.100454954769376	0.0
85.0	26.09743536924503	23.714668275385137	23.917131380309876	26.270764975059958	0.0
86.0	26.028574371349116	23.77705516236776	23.975692656298282	26.218677809984847	0.0
87.0	26.155996645233436	23.77705516236776	23.826199549755014	26.24074864264379	0.0
88.0	26.27576769712932	23.73409060812501	23.80030310610185	26.18983858864382	0.0
89.0	26.21102658799641	23.76969821814811	23.850036049026677	26.169239144828804	0.0
90.0	26.078895869811515	23.951267601489047	23.772935273604755	26.196901255094684	0.0
91.0	26.189544310875036	23.871224048379265	23.825610994217442	26.113620646528258	0.0
92.0	26.120389035210334	23.961567323396554	23.863867104159617	26.05417653723349	0.0
93.0	26.144225534481997	23.859452937627825	23.88387799243706	26.11244353545311	0.0
94.0	26.177478922354812	23.864161381928405	23.802951606020923	26.155408089695865	0.0
95.0	26.233314499611556	23.752265932151516	23.866445370435766	26.14797419780116	0.0
96.0	26.243319914306568	23.876450785130775	23.745497563387243	26.134731737175414	0.0
97.0	26.162688042940886	23.83495774183676	23.872919462297244	26.129434752925114	0.0
98.0	26.118840784424513	23.82171528121101	24.007109729971514	26.052334204392963	0.0
99.0	26.247734067848484	23.870565247074886	23.706653012218375	26.175047672858256	0.0
100.0	26.2733361583916	23.806412882265697	23.64338347811757	26.276867481225135	0.0
101.0	26.095004355298162	23.892930291687268	23.856145678837958	26.155919674176616	0.0
102.0	26.176813334275018	23.76168279304094	23.917060997716412	26.144442874967627	0.0
103.0	26.191821456317538	23.8858676460202	23.835252018739553	26.087058878922708	0.0
104.0	26.258033759446285	23.824952327141744	23.701944581773667	26.215069331638297	0.0
105.0	26.20006120959578	23.84496315653177	23.74844033241519	26.206535301457258	0.0
106.0	26.10088989335405	23.828777926878075	23.84702309485133	26.22330908491654	0.0
107.0	26.00672128445983	23.858499894060316	23.80258728252937	26.33219153895049	0.0
108.0	26.145325705676015	23.85496857122678	23.802293005626574	26.19741271747063	0.0
109.0	26.242731360500976	23.845257433434565	23.810238482002024	26.10177272406243	0.0
110.0	26.089630595291	23.71864856672856	23.939355594334597	26.25236524364584	0.0
111.0	26.05402319483722	23.7674983888387	23.965251885573704	26.213226530750372	0.0
112.0	26.161433948272155	23.773972461648476	23.82929635656839	26.23529723351098	0.0
113.0	26.26501911322859	23.740719269489166	23.79722026855631	26.19704134872593	0.0
114.0	26.231177368995667	23.750430378703832	23.84871857499772	26.169673677302786	0.0
115.0	26.08874776718057	23.93906131829779	23.773972461648476	26.198218452873164	0.0
116.0	26.184387479143183	23.877557626604908	23.83812463767263	26.099930256579277	0.0
117.0	26.1190581989718	23.969960302162637	23.85195561140261	26.059025887462955	0.0
118.0	26.134066276849012	23.861372444580464	23.903748193880826	26.1008130846897	0.0
119.0	26.17791340633341	23.871966381905555	23.812816898507137	26.137303313253895	0.0
120.0	26.240082868375826	23.74520328648445	23.849377310073685	26.165336535066036	0.0
121.0	26.23831720695906	23.877922169644748	23.743731901970477	26.14002872142571	0.0
122.0	26.166219365774417	23.84113755679544	23.864385432116205	26.128257645313933	0.0
123.0	26.13590884478659	23.815241189349532	24.008875391388283	26.0399745744756	0.0
124.0	26.237140099347883	23.888221861242553	23.709007227440733	26.165630811968832	0.0
125.0	26.263625020599385	23.804941497751724	23.665454245827153	26.26597923582174	0.0
126.0	26.10942392353509	23.880276384867106	23.86144266308826	26.148857028509546	0.0
127.0	26.18211031852532	23.761388516138148	23.914706782494054	26.14179438284248	0.0
128.0	26.21065517809638	23.87909927725593	23.829955034489252	26.080290510158438	0.0
129.0	26.249205452362457	23.833192080419995	23.687525013536735	26.230077453680817	0.0
130.0	26.1991783788874	23.823480942627775	23.762859900652117	26.214480777832712	0.0
131.0	26.12068331297912	23.827376660830158	23.86357282639083	26.188367199799888	0.0
132.0	25.997675205626592	23.87151832614805	23.808542883627855	26.3222635845975	0.0
133.0	26.12598031281727	23.87240115945441	23.80530582817121	26.19631269955711	0.0
134.0	26.224640538647613	23.846280612334983	23.836863696021943	26.09221515299546	0.0
135.0	26.109654427582228	23.687734136127812	23.942580183806978	26.260031252482985	0.0
136.0	26.033141757378324	23.76218684982623	23.979659400905792	26.22501199188966	0.0
137.0	26.161153340219474	23.751887067298778	23.84958786155915	26.237371730922593	0.0
138.0	26.280042258536312	23.716279247703884	23.796617551417988	26.20706094234182	0.0
139.0	26.21706644536848	23.750709949295643	23.879015811637576	26.153207793698297	0.0
140.0	26.081109316006156	23.919037823744237	23.793969035910926	26.205883824338684	0.0
141.0	26.178810110266532	23.87695585513209	23.82957685550582	26.114657179095563	0.0
142.0	26.129371154134773	23.962002630858738	23.863713277596794	26.04491293740969	0.0
143.0	26.159976222216336	23.84929358205837	23.909915159219924	26.080815036505374	0.0
144.0	26.19713253210599	23.854072251715657	23.829352700905208	26.11944251527315	0.0
145.0	26.23193481082131	23.757323924181385	23.86297088675764	26.14777037823967	0.0
146.0	26.2610686528688	23.86826794894809	23.73996133144601	26.1307020667371	0.0
147.0	26.16778150207027	23.833248482244542	23.863853730456047	26.13511628522914	0.0
148.0	26.135410566461946	23.812648795948334	24.004814440968655	26.04712619662106	0.0
149.0	26.243194726464793	23.84538418528001	23.741502604396576	26.169918483858627	0.0
150.0	26.27968570671846	23.795944792678263	23.64674376857656	26.27762573202672	0.0
151.0	26.10929637150172	23.889820782201816	23.85215267355287	26.14873017274359	0.0
152.0	26.187575409787822	23.754156734645832	23.909831964921572	26.148435890644773	0.0
153.0	26.20228951472882	23.887760807510077	23.823901592066154	26.086048085694948	0.0
154.0	26.23583767399429	23.83361290132721	23.70707159883464	26.223477825843855	0.0
155.0	26.20287807892646	23.817427385892113	23.767693711191548	26.21200082398988	0.0
156.0	26.10231041555697	23.818380325418104	23.862817053109247	26.216492205915674	0.0
157.0	25.990777171881852	23.874588371702927	23.796014820090107	26.338619636325113	0.0
158.0	26.13703580540833	23.873999805773245	23.80513759200021	26.18382679681821	0.0
159.0	26.238934927959317	23.831987475280158	23.836696016574066	26.09238158018646	0.0
160.0	26.100109768191942	23.700512349657306	23.95242005020497	26.24695783194578	0.0
161.0	26.035661419570523	23.760546427825208	23.97066570141286	26.233126451191414	0.0
162.0	26.18339233741506	23.73729793676999	23.840297580685508	26.239012145129443	0.0
163.0	26.28904054360269	23.72346655601562	23.793506313878172	26.193986586503513	0.0
164.0	26.227240757253384	23.7390636449514	23.87708316779819	26.15661242999703	0.0
165.0	26.091281227284902	23.921520157030315	23.796154876150286	26.191043739534503	0.0
166.0	26.18662946908098	23.883851715826925	23.853540392046074	26.075978423046024	0.0
167.0	26.145723896211674	23.955362897173984	23.87443460552608	26.024478601088262	0.0
168.0	26.15661242999703	23.860308940074805	23.89120883324946	26.0918697966787	0.0
169.0	26.189943673743254	23.846842021624106	23.834187742417733	26.129026562214914	0.0
170.0	26.237695148688218	23.765983431674048	23.870455113962418	26.125866305675316	0.0
171.0	26.269183796589218	23.851326496078634	23.745383381645354	26.13410632568679	0.0
172.0	26.17059784288048	23.82395785818337	23.86162652109298	26.143817777843175	0.0
173.0	26.133223466399848	23.805712099586525	23.9984697105693	26.062594723444327	0.0
174.0	26.23747807559652	23.85581099692764	23.737801791621052	26.168909135854783	0.0
175.0	26.263375357559067	23.80813645513296	23.649221315817353	26.279266871490627	0.0
176.0	26.115643135454558	23.881708278890184	23.849630963732032	26.153017621923226	0.0
177.0	26.196572141587502	23.74663041047192	23.90995985921296	26.146837588727617	0.0
178.0	26.217760826829583	23.884062577250415	23.816965073983827	26.081211521936176	0.0
179.0	26.263081070264032	23.822850819884405	23.70631305105296	26.207755058798604	0.0
180.0	26.193334981342186	23.806959305952844	23.769584819484173	26.2301208932208	0.0
181.0	26.09041120884748	23.820272334264263	23.868535592681642	26.220780864206617	0.0
182.0	26.007716235583562	23.85352689646648	23.814092282881553	26.32466458506841	0.0
183.0	26.120134313116715	23.869124169003804	23.824392368519405	26.186349149360073	0.0
184.0	26.24440115125867	23.819753856657698	23.831231128716134	26.104613863367494	0.0
185.0	26.101747787675727	23.70917095594186	23.947251479542437	26.241829776839975	0.0
186.0	26.058487173375006	23.740659974514493	23.96343742366856	26.237415428441942	0.0
187.0	26.180617479053918	23.735362756436857	23.841307117989647	26.24271264651958	0.0
188.0	26.303336364519232	23.70858237615546	23.788923516999656	26.199157742325657	0.0
189.0	26.22122948431582	23.732419857504834	23.881036253571946	26.165314404607404	0.0
190.0	26.08997619194764	23.919882519474633	23.795692184543306	26.19444910403442	0.0
191.0	26.190917625315997	23.88221341314475	23.836009899912007	26.09085906162725	0.0
192.0	26.151188489733695	23.96196597420255	23.853373003610937	26.033472532452816	0.0
193.0	26.152365649306507	23.86985323763026	23.888687790795203	26.08909332226803	0.0
194.0	26.208946439081814	23.839905826957033	23.828134196586227	26.123013537374927	0.0
195.0	26.246104314609518	23.755514289329867	23.8646964823322	26.133684913728413	0.0
196.0	26.264644687006143	23.85822206657465	23.723730793792804	26.153402452626406	0.0
197.0	26.208140694940248	23.81437261439851	23.848804734563668	26.128681956097576	0.0
198.0	26.148988078246255	23.813784031147826	23.993007630981843	26.044220259624073	0.0
199.0	26.247653017380912	23.832100247794276	23.743518207876445	26.176728526948363	0.0
200.0	26.269879574803706	23.805459746436096	23.659784105757574	26.264876573002628	0.0
201.0	26.12126099188925	23.87403030053326	23.85519547022331	26.149513237354178	0.0
202.0	26.204700495005795	23.73526313001407	23.90683767223671	26.153198702743424	0.0
203.0	26.228398549700994	23.871368366530113	23.821926354946555	26.078306728822337	0.0
204.0	26.25576823468475	23.824575034138533	23.701558600555632	26.218098130621087	0.0
205.0	26.221629702877053	23.808682958986672	23.76689268729105	26.202794650845224	0.0
206.0	26.119444714219707	23.816839273784613	23.879230934491698	26.184485077503982	0.0
207.0	26.013496611132204	23.860690016451386	23.80389006118503	26.321923311231384	0.0
208.0	26.116361132121007	23.874368354292542	23.81756806469936	26.191702448887096	0.0
209.0	26.254046736123378	23.805697804461712	23.835422920713402	26.104832538701512	0.0
210.0	26.120213432849	23.710117458701095	23.929083315920057	26.240585792529853	0.0
211.0	26.079010180146504	23.74484591455034	23.949390633323425	26.22675327197973	0.0
212.0	26.17436627925799	23.726304450834217	23.855800387899194	26.243528882008597	0.0
213.0	26.297836522189556	23.709079778796095	23.776771235251356	26.216312463762996	0.0
214.0	26.233691317438407	23.74585384948186	23.883592869356896	26.13686196372284	0.0
215.0	26.0903731652976	23.9068308174083	23.804408289161167	26.19838772813294	0.0
216.0	26.19177259710331	23.87547937262889	23.83221442930008	26.100533600967722	0.0
217.0	26.142915586269417	23.960537662574648	23.864883876303466	26.031662874852472	0.0
218.0	26.14556446035077	23.858114531428892	23.91462384516448	26.08169716305586	0.0
219.0	26.21627826209803	23.844351700876484	23.81374239918061	26.125627637844868	0.0
220.0	26.23976124533866	23.7718645055524	23.853686246000887	26.134688003108046	0.0
221.0	26.27772888748922	23.85162598634931	23.740666287971322	26.129978838190148	0.0
222.0	26.200476217105557	23.839110433510616	23.831752320013187	26.128661029370647	0.0
223.0	26.13013265207013	23.810560953140588	23.988921624318273	26.070384770471005	0.0
224.0	26.253406876740232	23.84077891651018	23.75454004956527	26.151274157184318	0.0
225.0	26.27769667286727	23.83738727071511	23.642539263933692	26.242376792483928	0.0
226.0	26.109632908709884	23.89831406437637	23.851515222868443	26.140537804045305	0.0
227.0	26.16586411104701	23.734650387934586	23.936564747989685	26.16292075302872	0.0
228.0	26.22782902521295	23.886668275711855	23.826034743602573	26.05946795547262	0.0
229.0	26.25123622492229	23.843246679853067	23.69225063577282	26.213266459451823	0.0
230.0	26.22254534323104	23.81277557676119	23.768035744771034	26.19664333523674	0.0
231.0	26.1284331299431	23.8172607957238	23.868476280460705	26.18582979387239	0.0
232.0	26.0240949670188	23.85743173436079	23.787083614186184	26.331389684434225	0.0
233.0	26.13860803273139	23.87007520567501	23.81768142817196	26.173635333421636	0.0
234.0	26.244061530491503	23.822166753989887	23.84571458847216	26.088057127046454	0.0
235.0	26.11639140148293	23.723335678312086	23.91937197740579	26.2409009427992	0.0
236.0	26.066659013507827	23.753344577589786	23.978818411145355	26.201177997757036	0.0
237.0	26.17027101012866	23.754227634379166	23.854013051579347	26.221488303912828	0.0
238.0	26.29611423289877	23.719928059883376	23.78498029299997	26.19897741421789	0.0
239.0	26.24240194274781	23.743027448671718	23.877842372507175	26.136728236073292	0.0
240.0	26.115253399112802	23.894313274716605	23.803650642733302	26.186782683437293	0.0
241.0	26.183523399645576	23.902138908350164	23.840320747940865	26.074016944063395	0.0
242.0	26.16375085001722	23.941194999102148	23.875548647479093	26.01950550340154	0.0
243.0	26.156341627121037	23.858966357759382	23.91489937943784	26.069792635681736	0.0
244.0	26.213557934898123	23.862836821389354	23.800720083136337	26.122885160576185	0.0
245.0	26.253050746163197	23.75386771316951	23.889292874575695	26.1037886660916	0.0
246.0	26.252119741862543	23.856811437184984	23.76230627914645	26.128762541806022	0.0
247.0	26.171633485841472	23.874590023965563	23.852803146731674	26.100973343461288	0.0
248.0	26.120571886188053	23.82201573393631	24.031055681175808	26.026356698699832	0.0
249.0	26.219000538801033	23.83090480298431	23.82472184028524	26.125372817929417	0.0
