# Position (bp)	A	C	G	T	N
0.0	26.30986026284295	23.746888642914534	23.714300162380532	26.228950931861984	0.0
1.0	26.20675705287762	23.878647240935628	23.705872107070014	26.20872359911674	0.0
2.0	26.265997011269537	23.79242929854721	23.70956506106673	26.232008629116528	0.0
3.0	26.1519708349015	23.704506771673007	23.812078350306987	26.331444043118506	0.0
4.0	26.118424193743174	23.77695831308856	23.711519720046397	26.39309777312187	0.0
5.0	26.32044552661954	23.779112710034177	23.619314017069534	26.281127746276745	0.0
6.0	26.27391620587104	23.746163156756637	23.833501363430848	26.14641927394148	0.0
7.0	26.251807753331178	23.659033150334874	23.744401229974304	26.344757866359643	0.0
8.0	26.19937493506457	23.693218354332632	23.858610648568053	26.248796062034746	0.0
9.0	26.19974897300758	23.94303315858785	23.61928134397718	26.237936524427397	0.0
10.0	26.185789894849155	23.8609594137384	23.594221616992602	26.359029074419844	0.0
11.0	26.25289550897783	23.73152138815965	23.687439457539554	26.328143645322967	0.0
12.0	26.20067105614129	23.75903749771869	23.838497283486124	26.2017941626539	0.0
13.0	26.306523844955148	23.84130504976766	23.65795791158344	26.194213193693756	0.0
14.0	26.37334868245567	23.710463141048137	23.817439036374612	26.098749140121573	0.0
15.0	26.216113770689724	23.753141188527465	23.74864876247701	26.282096278305794	0.0
16.0	26.179612809029777	23.8042425348514	23.659361794724205	26.356782861394617	0.0
17.0	26.26159958445059	23.76633769005068	23.87050581909562	26.10155690640311	0.0
18.0	26.176805042748242	23.75398351841193	23.844955145933653	26.22425629290618	0.0
19.0	26.19674018334714	23.722817312686892	23.809577290786315	26.270865213179658	0.0
20.0	26.273599209335234	23.749985961208008	23.769640269994046	26.20677455946271	0.0
21.0	26.224463437370144	23.72471613562596	23.876896640797852	26.173923786206043	0.0
22.0	26.245802401194986	23.778344321027863	23.80894888756612	26.16690439021103	0.0
23.0	26.31206549938791	23.728927773222967	23.790979233818888	26.168027493570236	0.0
24.0	26.18796257819607	23.81287974932333	23.732016307460775	26.267141365019825	0.0
25.0	26.31122317186851	23.739878030975188	23.717977515470746	26.230921281685553	0.0
26.0	26.205932231943308	23.867631038084436	23.716573636271747	26.209863093700513	0.0
27.0	26.264052830782013	23.794348543896497	23.70786958523793	26.23372904008356	0.0
28.0	26.149703641933193	23.71313774543249	23.806635837566017	26.3305227750683	0.0
29.0	26.119941486479277	23.77940065757517	23.706960694300548	26.393697161645	0.0
30.0	26.327153474450878	23.768731205619993	23.621043528556225	26.283071791372908	0.0
31.0	26.269875363954657	23.75132315242997	23.837521093225742	26.141280390389632	0.0
32.0	26.253028860867538	23.653894209576116	23.74205757573205	26.351019353824295	0.0
33.0	26.20305090170908	23.684498690184384	23.861667747650614	26.250782660455922	0.0
34.0	26.209508727892473	23.94674258824058	23.611777951858308	26.231970732008637	0.0
35.0	26.18086967264437	23.864194723113684	23.602793150211845	26.3521424540301	0.0
36.0	26.263417537771268	23.730265023571064	23.682533264824222	26.32378417383345	0.0
37.0	26.194346875114068	23.742899900886407	23.84678666992366	26.21596655407587	0.0
38.0	26.30862232105504	23.840890393843164	23.64968258380433	26.200804701297457	0.0
39.0	26.383870034844183	23.700783643168602	23.828817066630727	26.08652925535649	0.0
40.0	26.228039881288307	23.760588729127885	23.734195874291395	26.277175515292413	0.0
41.0	26.1853620734676	23.79849336107391	23.662036686068223	26.35410787939027	0.0
42.0	26.275490864983702	23.768731205619993	23.851840620849792	26.10393730854651	0.0
43.0	26.173569521306618	23.750761602327064	23.86082542249626	26.214843453870063	0.0
44.0	26.18985447429083	23.71987634666734	23.808882037977632	26.281387141064194	0.0
45.0	26.278224832798923	23.744517882512817	23.775403051454692	26.20185423323356	0.0
46.0	26.222069980177338	23.730479169357423	23.88939740227652	26.158053448188724	0.0
47.0	26.25155127780367	23.772595308823615	23.81527299681602	26.160580416556694	0.0
48.0	26.329044974421468	23.7296368465681	23.779053116875097	26.162265062135344	0.0
49.0	26.193150231077215	23.814711448289806	23.727109878200125	26.265028442432854	0.0
50.0	26.311917744371883	23.73890239725066	23.728794523778774	26.22038533459869	0.0
51.0	26.204661975864646	23.869743203858963	23.710544196676757	26.21505062359964	0.0
52.0	26.265870765222175	23.799268863818867	23.701278645994194	26.23358172496476	0.0
53.0	26.152083760342993	23.716373866728063	23.808186792977292	26.323355579951652	0.0
54.0	26.14057204787749	23.76775541261066	23.706266021636406	26.385406517875442	0.0
55.0	26.33037491682086	23.773090108631255	23.612768454538564	26.283766520009323	0.0
56.0	26.26102386855309	23.752874418447938	23.84496811817194	26.141133594827032	0.0
57.0	26.247265968289447	23.65263828795566	23.742205026406747	26.35789071734815	0.0
58.0	26.206553814448043	23.679311768058646	23.86153375318327	26.252600664310044	0.0
59.0	26.211046190044335	23.940992646542696	23.62343784657976	26.224523316833213	0.0
60.0	26.187741991638564	23.850583587667305	23.604626023770283	26.357048396923844	0.0
61.0	26.271131713644746	23.735466463012305	23.688577292726002	26.304824530616944	0.0
62.0	26.218346300388312	23.744451214204894	23.84496811817194	26.192234367234857	0.0
63.0	26.298085967222505	23.84159883647472	23.65628834312765	26.204026853175126	0.0
64.0	26.380352595329615	23.701492872565343	23.826717842312	26.091436689793042	0.0
65.0	26.234069614975336	23.760174528791918	23.734343369113233	26.271412487119516	0.0
66.0	26.191953593760093	23.7921827049155	23.668361602542685	26.34750209878172	0.0
67.0	26.271131713644746	23.76803618608543	23.856199057162673	26.10463304310715	0.0
68.0	26.1706148096777	23.75455905929655	23.85984911233466	26.214977018691087	0.0
69.0	26.18858431206287	23.714689225879454	23.806782925603454	26.289943536454224	0.0
70.0	26.27526954177898	23.744946091644206	23.769934860736747	26.209849505840072	0.0
71.0	26.21237646001797	23.73174977538185	23.88364779874214	26.172225965858043	0.0
72.0	26.25	23.771619496855344	23.829458670260557	26.1489218328841	0.0
73.0	26.321597035040433	23.72164195867026	23.785096585804133	26.171664420485175	0.0
74.0	26.19609164420485	23.809243036837376	23.72978436657682	26.264880952380953	0.0
75.0	26.322439353099732	23.734838274932617	23.72641509433962	26.216307277628033	0.0
76.0	26.196653189577717	23.87831311769991	23.710411051212937	26.214622641509433	0.0
77.0	26.26909254267745	23.807277628032345	23.69047619047619	26.233153638814017	0.0
78.0	26.13845985383015	23.703605953487326	23.825180185365607	26.332754007316915	0.0
79.0	26.139021397626355	23.772675840420483	23.720171495475363	26.3681312664778	0.0
80.0	26.33724635768655	23.774360471809096	23.614320489890808	26.274072680613543	0.0
81.0	26.27042264593821	23.757514157922962	23.848203481009993	26.123859715128834	0.0
82.0	26.245433947007115	23.651382380440307	23.74347556301785	26.359708109534736	0.0
83.0	26.1943334615525	23.684794236314477	23.865330566794228	26.255541735338795	0.0
84.0	26.21426826631776	23.938331260300817	23.620216699750955	26.227183773630465	0.0
85.0	26.194614233450604	23.849888112398606	23.595508772717956	26.359988881432834	0.0
86.0	26.271545733530623	23.73392931848237	23.680863429741045	26.31366151824596	0.0
87.0	26.216514441502582	23.742914019221644	23.84202649925174	26.198545040024037	0.0
88.0	26.305519133200995	23.843149586844152	23.651382380440307	26.199948899514546	0.0
89.0	26.387504527446858	23.706413672468347	23.827987904346628	26.078093895738164	0.0
90.0	26.229991492611486	23.76818349005085	23.73617549366719	26.265649523670476	0.0
91.0	26.18675262030374	23.79120678569523	23.68002111404674	26.342019479954292	0.0
92.0	26.277441943390773	23.772395068522382	23.855784322258756	26.094378665828096	0.0
93.0	26.162887008965047	23.75611029843245	23.862803619711308	26.218199072891192	0.0
94.0	26.190121883080963	23.71904840788295	23.808053099581368	26.28277660945471	0.0
95.0	26.26894503063213	23.749024320393527	23.766993671419183	26.215036977555155	0.0
96.0	26.217844688652914	23.72291260718437	23.888006019732593	26.17123668443012	0.0
97.0	26.249010281838043	23.77373217805381	23.831290255557864	26.145967284550288	0.0
98.0	26.326783879245962	23.718981811647506	23.79282461351857	26.161409695587963	0.0
99.0	26.197348397639274	23.80545931345848	23.729370342709217	26.267821946193028	0.0
100.0	26.307129901561648	23.738635789331823	23.733581909355856	26.220652399750676	0.0
101.0	26.203525362054346	23.872563608694918	23.715051016110646	26.20886001314009	0.0
102.0	26.276525850596077	23.801528517921618	23.687254676242834	26.234690955239472	0.0
103.0	26.145613104112442	23.702911307463157	23.827573330188706	26.323902258235695	0.0
104.0	26.135786142861555	23.759065371753945	23.718634445464577	26.386514039919923	0.0
105.0	26.335413841415306	23.77085772525501	23.61699558909825	26.276732844231432	0.0
106.0	26.273363600373983	23.765523089147383	23.836838750796684	26.124274559681943	0.0
107.0	26.254832759158024	23.65686497474471	23.74081530085944	26.347486965237827	0.0
108.0	26.201486398081776	23.68185353335411	23.86126576876318	26.255394299800933	0.0
109.0	26.21749030640465	23.940723769734646	23.624295617456053	26.21749030640465	0.0
110.0	26.18997481490217	23.841611846261404	23.602676302704097	26.36573703613233	0.0
111.0	26.261852017194375	23.73519989443036	23.69336511653372	26.309582971841543	0.0
112.0	26.208505656118124	23.750080721467416	23.842454157225763	26.198959465188693	0.0
113.0	26.300598321555018	23.838242602403955	23.658549596673435	26.202609479367595	0.0
114.0	26.380337092847938	23.696453590069716	23.839084913368318	26.084124403714032	0.0
115.0	26.235459606977702	23.748676869860148	23.7380075976449	26.27785592551725	0.0
116.0	26.181270934937096	23.782650078756078	23.6953305087839	26.34074847752293	0.0
117.0	26.271117437802356	23.780123145862987	23.85340419976247	26.095355216572187	0.0
118.0	26.159932390506597	23.75681920918231	23.86912733776389	26.214121062547203	0.0
119.0	26.187728652330534	23.71049210614241	23.80090014965058	26.30087909187647	0.0
120.0	26.28157973057204	23.744812753746892	23.762220562552997	26.21138695312807	0.0
121.0	26.21616006199426	23.724597233843024	23.88632139307394	26.172921311088775	0.0
122.0	26.24395640186207	23.75660514035748	23.84869806436397	26.150740393416477	0.0
123.0	26.31302609486694	23.71757795609863	23.800124662372742	26.16927128666169	0.0
124.0	26.196786855419724	23.799282349043413	23.735547307124286	26.268383488412578	0.0
125.0	26.307129901561648	23.73751270489272	23.73105496936787	26.224302424177765	0.0
126.0	26.20829847092054	23.872002066475368	23.715051016110646	26.20464844649345	0.0
127.0	26.280456646132937	23.793105384628344	23.696800893975215	26.2296370752635	0.0
128.0	26.145479151282707	23.698271287423385	23.827426360550426	26.328823200743486	0.0
129.0	26.12421383647799	23.76403863432165	23.729503593890385	26.382243935309972	0.0
130.0	26.33338948787062	23.77948113207547	23.61915992812219	26.267969451931716	0.0
131.0	26.260669362084453	23.755896226415093	23.849955076370172	26.13347933513028	0.0
132.0	26.25561545372866	23.64274483378257	23.751684636118597	26.34995507637017	0.0
133.0	26.19328391734052	23.676999101527404	23.865678346810423	26.26403863432165	0.0
134.0	26.21041105121294	23.940083108715186	23.621125336927225	26.228380503144656	0.0
135.0	26.192441599281224	23.825527852650495	23.612982929020664	26.36904761904762	0.0
136.0	26.248596136567837	23.733995956873315	23.711814914645103	26.305592991913745	0.0
137.0	26.19131850853549	23.740453728661276	23.85079739442947	26.217430368373762	0.0
138.0	26.300258310871516	23.827493261455526	23.67194519317161	26.200303234501348	0.0
139.0	26.37382075471698	23.692160826594787	23.847428122192273	26.08659029649596	0.0
140.0	26.234838274932613	23.742138364779876	23.73876909254268	26.284254267744835	0.0
141.0	26.176437556154536	23.77835804132974	23.693845462713387	26.35135893980234	0.0
142.0	26.272890121799875	23.762206661088616	23.868620106806528	26.09628311030498	0.0
143.0	26.169003644449933	23.746483302354573	23.87255094649004	26.21196210670545	0.0
144.0	26.191331888273677	23.71404665371354	23.80221026741091	26.29241119060187	0.0
145.0	26.27507686260196	23.742471676657633	23.761564487372073	26.220886973368334	0.0
146.0	26.21134056801112	23.716078673611207	23.900829694936192	26.17175106344148	0.0
147.0	26.2542993921186	23.74612177282363	23.853097668150102	26.146481166907666	0.0
148.0	26.31831646333759	23.725625078968427	23.798907778916483	26.157150678777498	0.0
149.0	26.202917269166516	23.802557875082478	23.729275175134422	26.265249680616588	0.0
150.0	26.303996855301765	23.729275175134422	23.74050624026056	26.22622172930325	0.0
151.0	26.203759599050976	23.86601339304516	23.71860566326459	26.211621344639273	0.0
152.0	26.276554524166514	23.77482774305497	23.70435261151075	26.24426512126777	0.0
153.0	26.13904698261702	23.703576833551875	23.82964624753968	26.327729936291426	0.0
154.0	26.120869741009457	23.77748826343808	23.729194276601	26.37244771895146	0.0
155.0	26.323030616141423	23.772434241559782	23.62979851299445	26.27473662930434	0.0
156.0	26.261820795615353	23.759518407870797	23.852175475639616	26.12648532087423	0.0
157.0	26.24961392671627	23.64509335953952	23.74785904815387	26.357433665590342	0.0
158.0	26.209743085778463	23.664467218868452	23.862417520707567	26.263372174645518	0.0
159.0	26.203846693808792	23.925031587814125	23.637793064719922	26.233328653657168	0.0
160.0	26.182226589919978	23.832654780289204	23.61364593570125	26.37147269408957	0.0
161.0	26.24877158500632	23.73073143338481	23.70854976835603	26.311947213252846	0.0
162.0	26.20468903551874	23.737750947634424	23.855959567597925	26.201600449248915	0.0
163.0	26.311947213252846	23.818054190650006	23.666994243998314	26.203004352098837	0.0
164.0	26.371753474659553	23.690860592447002	23.850063175628247	26.0873227572652	0.0
165.0	26.24034816790678	23.726800505405027	23.74870138986382	26.28414993682437	0.0
166.0	26.179699564790116	23.77649866629229	23.686648883897234	26.35715288502036	0.0
167.0	26.28414993682437	23.755159342973467	23.869717815527167	26.090972904675	0.0
168.0	26.178576442510177	23.758809490383264	23.85989049557771	26.202723571528853	0.0
169.0	26.180822687070055	23.721746455145304	23.80485750386073	26.29257335392391	0.0
170.0	26.270746232616126	23.745960258206537	23.768141985517296	26.21515152366004	0.0
171.0	26.22132871354405	23.713108839277943	23.90067078666513	26.164891660512872	0.0
172.0	26.263165135940298	23.751575885373818	23.83974123190013	26.145517746785757	0.0
173.0	26.310336404145456	23.72349774953741	23.806889812971537	26.159276033345595	0.0
174.0	26.198023860799836	23.785269648377504	23.736132910663795	26.280573580158865	0.0
175.0	26.313705780445822	23.728271032629603	23.737536817455617	26.220486369468958	0.0
176.0	26.209255115134393	23.866977023661445	23.713951183353036	26.209816677851123	0.0
177.0	26.274750946235837	23.781405483113762	23.701663353437336	26.24218021721307	0.0
178.0	26.134152470749438	23.70874947704178	23.83538258078827	26.32171547142051	0.0
179.0	26.122152151084105	23.763849657163075	23.728190124274875	26.385808067477946	0.0
180.0	26.328808971601536	23.765534359504247	23.63131973965733	26.274336929236885	0.0
181.0	26.260578526783963	23.759357117586607	23.859035339439444	26.12102901618999	0.0
182.0	26.25496285231338	23.635531495510268	23.760199468757197	26.34930618341916	0.0
183.0	26.211160591442834	23.66332908413965	23.868020418592376	26.25748990582514	0.0
184.0	26.220426454319295	23.928950486598193	23.626827200080864	26.223795859001648	0.0
185.0	26.204702565801664	23.828991481021827	23.60913782549853	26.357168127677976	0.0
186.0	26.24710090805456	23.735209717363105	23.7043235077749	26.31336586680743	0.0
187.0	26.199929242501668	23.741386959280746	23.85706985337474	26.201613944842844	0.0
188.0	26.306907841166264	23.829272264745356	23.66389065158671	26.199929242501668	0.0
189.0	26.370364962683844	23.682983944786688	23.86296631156885	26.08368478096062	0.0
190.0	26.23530799166634	23.73043639406311	23.75851476641602	26.275740847854536	0.0
191.0	26.190382595901678	23.768903764186597	23.686914916916095	26.353798722995624	0.0
192.0	26.268159687319248	23.760199468757197	23.864370230186495	26.10727061373706	0.0
193.0	26.1780281120664	23.754022226839556	23.86605493252767	26.201894728566373	0.0
194.0	26.20329864718402	23.709658398521956	23.79417429930422	26.29286865498981	0.0
195.0	26.276656979601004	23.73218773252467	23.779078746016367	26.212076541857954	0.0
196.0	26.210391834786396	23.72404498167881	23.894761964930016	26.170801218604783	0.0
197.0	26.267391090707438	23.751000294823736	23.834954863889706	26.14665375057912	0.0
198.0	26.310070336520237	23.721237136559548	23.80406856757781	26.164623959342403	0.0
199.0	26.19341107364177	23.79493630367577	23.728951572823277	26.282701049859185	0.0
200.0	26.320326385749542	23.726705284113404	23.73260179197682	26.220366538160235	0.0
201.0	26.206608019812265	23.862886537149404	23.723055064959862	26.207450378078466	0.0
202.0	26.2764643117875	23.772954456112767	23.70275734261807	26.247823889481666	0.0
203.0	26.13558189358649	23.70815889301649	23.832548527400817	26.3237106859962	0.0
204.0	26.11952871407231	23.763941459908125	23.727718935675533	26.38881089034403	0.0
205.0	26.326903097183614	23.76912925055457	23.63603178614551	26.267935866116304	0.0
206.0	26.269768173241083	23.765331566178453	23.845078174139637	26.11982208644083	0.0
207.0	26.247599150857564	23.63081398613966	23.76924891329986	26.352337949702914	0.0
208.0	26.20210937763251	23.665071716593097	23.867529287551527	26.265289618222866	0.0
209.0	26.22964169381107	23.91918454453555	23.630798607211055	26.220375154442323	0.0
210.0	26.20998539818039	23.82062226215882	23.613107941143436	26.356284398517353	0.0
211.0	26.246489947208808	23.733572952937212	23.695664382792316	26.324272717061664	0.0
212.0	26.21251263619005	23.736942603616757	23.85768841963383	26.192856340559363	0.0
213.0	26.315434771620644	23.806715751520564	23.669963326762478	26.207886150096314	0.0
214.0	26.371182423704635	23.676274023071134	23.86357254377787	26.08897100944636	0.0
215.0	26.23738465772196	23.71796671852272	23.769354757184498	26.275293866570813	0.0
216.0	26.19702173186601	23.770544742820395	23.69191801478744	26.340515510526153	0.0
217.0	26.284353561931184	23.762682070017103	23.860123050829372	26.092841317222344	0.0
218.0	26.17680343037182	23.75734668490058	23.864054387231022	26.201795497496583	0.0
219.0	26.197376106393495	23.71473019724132	23.797850114570696	26.290043581794492	0.0
220.0	26.285491240041676	23.73318281762045	23.784290764906252	26.197035177431626	0.0
221.0	26.21403117602294	23.724330046867937	23.899839093306223	26.1617996838029	0.0
222.0	26.270341612726583	23.751983263363332	23.82780359725362	26.149871526656465	0.0
223.0	26.31908542287398	23.72682877514399	23.80265038654981	26.15143541543222	0.0
224.0	26.202691963144876	23.79407857971283	23.731736015748517	26.27149344139378	0.0
225.0	26.31923324262771	23.725838746184326	23.7435305548769	26.211397456311058	0.0
226.0	26.21520903364589	23.86749454493374	23.71191633599277	26.2053800854276	0.0
227.0	26.275246568264027	23.783727617892207	23.701163757273484	26.239862056570285	0.0
228.0	26.139117687531417	23.701230317310095	23.838837138115125	26.320814857043363	0.0
229.0	26.11967962615563	23.76265150919446	23.727266600015724	26.39040226463419	0.0
230.0	26.33831533186176	23.758291629456135	23.6307929072517	26.2726001314304	0.0
231.0	26.262356773758704	23.760390923388	23.852785890811052	26.124466412042235	0.0
232.0	26.248595821163782	23.639631543473378	23.766569310267354	26.345203325095483	0.0
233.0	26.202685928364012	23.671779778587837	23.86864675717118	26.25688753587697	0.0
234.0	26.227487060237646	23.924307656014356	23.634479446630326	26.213725837117668	0.0
235.0	26.20782817006625	23.815622077495348	23.62380747768014	26.352742274758267	0.0
236.0	26.2446323605818	23.736691483953955	23.69512650637938	26.32354964908487	0.0
237.0	26.20701276452333	23.720388131380506	23.87457346271046	26.1980256413857	0.0
238.0	26.315079957984842	23.81298762575057	23.669473293976893	26.202459122287692	0.0
239.0	26.37504914901983	23.67634668314329	23.85103634218952	26.09756782564736	0.0
240.0	26.235033408886004	23.72747112006134	23.771005187575657	26.266490283476994	0.0
241.0	26.200260092633425	23.765894159712605	23.695674766239637	26.338170981414333	0.0
242.0	26.277825372526436	23.766133449433312	23.861915930508545	26.094125247531707	0.0
243.0	26.17732072281102	23.75821280396855	23.862426579849945	26.20203989337049	0.0
244.0	26.207578494357847	23.705759577056078	23.802393947991607	26.28426798059447	0.0
245.0	26.283630602056956	23.728589769161403	23.786460952402354	26.201318676379287	0.0
246.0	26.21251752436554	23.717946916975947	23.900284604124934	26.16925095453358	0.0
247.0	26.258011402111276	23.747186701845184	23.839066701508013	26.155735194535527	0.0
248.0	26.3171945561485	23.71582488176231	23.812213538812593	26.154767023276598	0.0
249.0	26.18864955247369	23.798563981508803	23.73477216203684	26.27801430398067	0.0
