# Position (bp)	A	C	G	T	N
0.0	26.186423002993187	23.798357412219637	23.743679644650882	26.2715399401363	0.0
1.0	26.344819422444942	23.709858345123813	23.66391774659955	26.281404485831693	0.0
2.0	26.19169078748968	23.855235604307644	23.885674344932937	26.067399263269742	0.0
3.0	26.27814367966722	23.830217765640544	23.649850210381842	26.24178834431039	0.0
4.0	26.18832235683347	23.90566128127739	23.77039247679999	26.13562388508915	0.0
5.0	26.316442034845878	23.698633611082148	23.83755498383947	26.147369370232504	0.0
6.0	26.37856510884818	23.85107833800134	23.601710914121803	26.168645639028675	0.0
7.0	26.275037967265032	23.734401018846977	23.77018463783878	26.22037637604921	0.0
8.0	26.2402655216328	23.756635223315413	23.713527403049667	26.28957185200212	0.0
9.0	26.14526398827971	23.745421761424463	23.723446216261905	26.385868034033923	0.0
10.0	26.08023169656315	23.791157553099477	23.82609234618126	26.30251840415611	0.0
11.0	26.18700820122441	23.892017681513014	23.731148594015444	26.189825523247134	0.0
12.0	26.17940143176305	23.916246650908445	23.726359146576815	26.17799277075169	0.0
13.0	26.092627913463133	23.7827055870313	23.87736760699485	26.247298892510713	0.0
14.0	26.22109779769938	23.794538339526746	23.713681197474553	26.270682665299326	0.0
15.0	26.137986798029	23.7745353531654	23.730585129610898	26.356892719194697	0.0
16.0	26.165878286053974	23.822993291956262	23.79256621411084	26.21856220787892	0.0
17.0	26.197995757113034	23.793693142919928	23.824120220765355	26.184190879201687	0.0
18.0	26.143339709872176	23.748897722758606	23.79143928530175	26.31632328206746	0.0
19.0	26.281106756783405	23.649727987558705	23.833699115642617	26.23546614001527	0.0
20.0	26.289276990649306	23.785522909054027	23.792284481908567	26.132915618388097	0.0
21.0	26.30336360076293	23.75932181424269	23.671703099335957	26.265611485658425	0.0
22.0	26.21313544519197	23.672199871530477	23.842365642291266	26.272299040986287	0.0
23.0	26.229194135479002	23.726855764788084	23.793344377204548	26.25060572252837	0.0
24.0	26.286593285232527	23.68509278797799	23.731578339423407	26.296735587366072	0.0
25.0	26.216724092756987	23.802292723743413	23.715801424993447	26.265181758506152	0.0
26.0	26.337304795900256	23.705095661630263	23.674387024614806	26.283212517854675	0.0
27.0	26.195594296645435	23.83638212813672	23.88483979388588	26.083183781331964	0.0
28.0	26.27250675449149	23.814970601410344	23.651566844814326	26.260955799283842	0.0
29.0	26.17587315360798	23.893855173560144	23.79017830730612	26.14009336552575	0.0
30.0	26.32885287745563	23.662554338792333	23.847087891499903	26.161504892252125	0.0
31.0	26.357307669552526	23.834691744447795	23.618040901650662	26.189959684349017	0.0
32.0	26.2849029015436	23.70453220040062	23.772429278572417	26.23813561948336	0.0
33.0	26.257575031905994	23.73467737618644	23.722281229134325	26.285466362773242	0.0
34.0	26.142347210444317	23.73524083741608	23.72397161282325	26.398440339316352	0.0
35.0	26.08177512825786	23.784543695009706	23.8279302096921	26.305750967040336	0.0
36.0	26.195876027260255	23.887093638804448	23.72791584143074	26.189114492504554	0.0
37.0	26.195312566030616	23.92343688811632	23.70903989023775	26.172210655615313	0.0
38.0	26.110229920354755	23.757215825372096	23.874979222367156	26.257575031905994	0.0
39.0	26.227429856120178	23.779472543942934	23.717210078067552	26.27588752186934	0.0
40.0	26.152489512577866	23.761723515209226	23.730169686349306	26.3556172858636	0.0
41.0	26.173619308689418	23.828211940306918	23.799475417595204	26.198693333408464	0.0
42.0	26.19136833742312	23.807082144195363	23.816942715714088	26.184606802667425	0.0
43.0	26.140375096140573	23.752144674305324	23.792150421609865	26.315329807944238	0.0
44.0	26.26574521973579	23.65635626526628	23.856948463018632	26.220950051979298	0.0
45.0	26.30067981597356	23.75580717229799	23.79046003792094	26.153052973807505	0.0
46.0	26.308286542573722	23.744256217090342	23.67635913891855	26.27109810141739	0.0
47.0	26.226229046344557	23.670939568953372	23.818565995210594	26.28426538949148	0.0
48.0	26.235244400619806	23.72221439639386	23.797154528806875	26.24538667417946	0.0
49.0	26.29038937768875	23.677070919648063	23.740459950810113	26.29207975185307	0.0
50.0	26.20305337919882	23.805257627109093	23.72102064792042	26.270668345771668	0.0
51.0	26.343354434837487	23.69003045490786	23.681578584086253	26.285036526168398	0.0
52.0	26.188403469774702	23.850052542463608	23.878507174229682	26.083036813532008	0.0
53.0	26.264752036196548	23.817090246259344	23.6612940941144	26.25686362342971	0.0
54.0	26.180233327980485	23.87963409033923	23.792579820876682	26.147552760803606	0.0
55.0	26.31377288696186	23.682987229223187	23.841037213587228	26.162202670227718	0.0
56.0	26.35349667982341	23.82469692999879	23.61959819806114	26.20220819211666	0.0
57.0	26.28109231978498	23.700454428921176	23.759899253699807	26.258553997594035	0.0
58.0	26.25799053953926	23.74440415719353	23.709469757797557	26.288135545469654	0.0
59.0	26.176007392569677	23.719330273756096	23.70186307405811	26.402799259616117	0.0
60.0	26.098531910038286	23.76581556327493	23.831740155683462	26.303912371003324	0.0
61.0	26.19516496643199	23.884141754777417	23.720457189865645	26.20023608892495	0.0
62.0	26.180796786035256	23.92640110888545	23.713695693208358	26.179106411870933	0.0
63.0	26.129240374023453	23.750602195796038	23.867238013134205	26.252919417046293	0.0
64.0	26.247848294553332	23.760462711754577	23.71735817056439	26.274330823127702	0.0
65.0	26.142763367338027	23.74947527968649	23.72862733165986	26.379134021315622	0.0
66.0	26.186994824637765	23.81737197528673	23.788072156438496	26.207561043637007	0.0
67.0	26.18586790852822	23.8137094979307	23.815681601122407	26.18474099241867	0.0
68.0	26.15037005107747	23.76130789883674	23.786945240328947	26.30137680975684	0.0
69.0	26.285599984223175	23.668337319799072	23.839628568450294	26.206434127527462	0.0
70.0	26.299686435592516	23.75341948606991	23.79736921434226	26.14952486399531	0.0
71.0	26.310955596687997	23.741305137892272	23.684114145332735	26.263625120087	0.0
72.0	26.228335098830264	23.66911582411143	23.842660416056255	26.25988866100205	0.0
73.0	26.237068674074244	23.739547882530594	23.786033041087247	26.237350402307918	0.0
74.0	26.301792068245653	23.666513594757614	23.738635819390172	26.293058517606553	0.0
75.0	26.209667195375165	23.80568695010325	23.713562077232762	26.271083777288823	0.0
76.0	26.35644719160001	23.694122883874766	23.66538668499773	26.284043239527488	0.0
77.0	26.201497099616006	23.851608522818513	23.8594968911377	26.087397486427783	0.0
78.0	26.259814679689985	23.81667432026212	23.659188681318373	26.264322318729523	0.0
79.0	26.167971534259465	23.885697543054995	23.78906503114497	26.157265891540572	0.0
80.0	26.323485081123415	23.67073950635718	23.84090288009962	26.164872532419786	0.0
81.0	26.34320600192138	23.82540787090122	23.641439852600204	26.189946274577196	0.0
82.0	26.27277414192865	23.708490983313286	23.7625826517877	26.256152222970364	0.0
83.0	26.25418013089057	23.737227182190317	23.715815896752527	26.292776790166585	0.0
84.0	26.159237983620365	23.71328034979279	23.718069716272293	26.40941195031455	0.0
85.0	26.086270576667896	23.763427834107613	23.849072975858775	26.301228613365712	0.0
86.0	26.18487518065772	23.878936084495695	23.727084994351365	26.20910374049522	0.0
87.0	26.189382819697254	23.918096198651654	23.712435167472876	26.180085814178216	0.0
88.0	26.12740278290365	23.750750099308924	23.86935735153668	26.25248976625074	0.0
89.0	26.2471369448913	23.782021845145696	23.707645800993372	26.263195408969636	0.0
90.0	26.15332170738098	23.74060791146997	23.731874360830872	26.37419602031818	0.0
91.0	26.191073184337082	23.808504224502965	23.798080309224037	26.20234228193592	0.0
92.0	26.2054412837756	23.792164032984648	23.812730136102527	26.189664547137227	0.0
93.0	26.158674528740423	23.750750099308924	23.782585300025637	26.307990071925012	0.0
94.0	26.26770304800917	23.672148143557035	23.848509520978833	26.211639287454958	0.0
95.0	26.30432761520539	23.756102920668372	23.8042783129034	26.135291151222837	0.0
96.0	26.320949534163677	23.74455209562956	23.67383850819686	26.2606598620099	0.0
97.0	26.216073068622975	23.66475656000496	23.857175859407135	26.261994511964932	0.0
98.0	26.241146740140977	23.724200882367857	23.801675710092013	26.232976667399154	0.0
99.0	26.30727838740122	23.66976095561409	23.73174064318012	26.291220013804566	0.0
100.0	26.211773323379017	23.81513149554169	23.71173810764745	26.261357073431846	0.0
101.0	26.350664168697442	23.695679734050795	23.675958924370693	26.27769717288107	0.0
102.0	26.21740784043048	23.85288275978645	23.843585806651546	26.08612359313152	0.0
103.0	26.252905297854657	23.828372610612615	23.66750714879351	26.25121494273922	0.0
104.0	26.19486977222465	23.870913214351113	23.79202997563071	26.142187037793523	0.0
105.0	26.324463664408164	23.675958924370693	23.841331999830963	26.158245411390173	0.0
106.0	26.36672254229409	23.817667028214846	23.64496908058768	26.170641348903384	0.0
107.0	26.281359608964515	23.718499528109195	23.76498429378372	26.235156569142564	0.0
108.0	26.266709864630727	23.728359932949246	23.71990815737206	26.285022045047963	0.0
109.0	26.1683875420828	23.71793607640405	23.71793607640405	26.3957403051091	0.0
110.0	26.09457536870871	23.760758405995126	23.848375146145287	26.29629107915088	0.0
111.0	26.213745404347026	23.867250778267667	23.718781253961772	26.20022256342353	0.0
112.0	26.188671803468043	23.914298995647336	23.718781253961772	26.178247946922852	0.0
113.0	26.134298713921485	23.755123888943668	23.868095955825385	26.24248144130946	0.0
114.0	26.2379738276683	23.775408150328914	23.711456381794875	26.275161640207912	0.0
115.0	26.1548647011593	23.74920764603964	23.728359932949246	26.367567719851813	0.0
116.0	26.189798706878335	23.807243171669647	23.807243171669647	26.195714949782367	0.0
117.0	26.19796875660295	23.80245383217591	23.808651800932513	26.19092561028863	0.0
118.0	26.159090588947898	23.74920764603964	23.787804087842122	26.303897677170347	0.0
119.0	26.264737783662717	23.669197503908947	23.86556042315223	26.200504289276104	0.0
120.0	26.31432153371554	23.763575664520857	23.79174824977814	26.130354551985462	0.0
121.0	26.303897677170347	23.739910692904733	23.68722795847361	26.268963671451314	0.0
122.0	26.230722854229	23.669545912991545	23.841399167216036	26.25833206556343	0.0
123.0	26.250161992821603	23.722228795843968	23.783081751438214	26.24452745989621	0.0
124.0	26.298129611526033	23.670176051477238	23.736663727310376	26.295030609686354	0.0
125.0	26.210230650255106	23.817801230022003	23.712435167472876	26.259532952250016	0.0
126.0	26.360391375759605	23.693841156434793	23.676092327716628	26.26967514008897	0.0
127.0	26.21727383625438	23.844847064259213	23.85977861857767	26.078100480908738	0.0
128.0	26.266857865689257	23.83160587458058	23.665950139877673	26.23558611985249	0.0
129.0	26.184311725777782	23.86879389665674	23.79977067386386	26.14712370370162	0.0
130.0	26.322076443923564	23.66792223195747	23.842593244739444	26.167408079379523	0.0
131.0	26.37644983983795	23.80568695010325	23.64989167579933	26.167971534259465	0.0
132.0	26.27925387304798	23.721450445551948	23.774978659146424	26.22431702225365	0.0
133.0	26.273337596808595	23.720886990672003	23.714688986992645	26.29108642552676	0.0
134.0	26.16599944217967	23.69553152107462	23.729902268751076	26.408566767994635	0.0
135.0	26.088806123627634	23.771597929866772	23.84456533681924	26.295030609686354	0.0
136.0	26.221781475293916	23.86794871433683	23.703419889393807	26.206849920975454	0.0
137.0	26.182903088577923	23.921195200491333	23.727648449231307	26.168253261699437	0.0
138.0	26.134445968902924	23.761174014587848	23.87245635337636	26.231923663132868	0.0
139.0	26.237276484492313	23.782021845145696	23.709336165633196	26.271365504728795	0.0
140.0	26.142334337222113	23.749059734669096	23.74652418770936	26.362081740399436	0.0
141.0	26.195017368496675	23.80484176778334	23.815265683062265	26.18487518065772	0.0
142.0	26.210230650255106	23.797235126904127	23.80484176778334	26.18769245505743	0.0
143.0	26.155575526900744	23.74398864074962	23.803433130583485	26.297002701766147	0.0
144.0	26.25896949737007	23.660597318518224	23.874991900336102	26.2054412837756	0.0
145.0	26.31108907376469	23.757793285308196	23.80146103850369	26.129656602423417	0.0
146.0	26.341233909841584	23.729902268751076	23.6831355137159	26.24572830769144	0.0
147.0	26.23481484820483	23.660100520633776	23.845195970159345	26.25988866100205	0.0
148.0	26.263269399806173	23.71954517793955	23.77786292231062	26.239322499943658	0.0
149.0	26.310673867660604	23.665238300497816	23.734543641234986	26.28954419060659	0.0
150.0	26.20896968877394	23.804130710999548	23.709188028770168	26.27771157145634	0.0
151.0	26.352369763713863	23.68355068727796	23.68834008074354	26.275739468264636	0.0
152.0	26.227282075554093	23.841600671642002	23.85258810371009	26.07852914909382	0.0
153.0	26.26531549425132	23.81173739473899	23.668055590771683	26.254891520238004	0.0
154.0	26.179951598953092	23.87061876146285	23.791734633794523	26.157695005789535	0.0
155.0	26.345889996083965	23.662421010223948	23.832303613738233	26.159385379953854	0.0
156.0	26.381106124507326	23.79483365309578	23.647489371772444	26.176570850624454	0.0
157.0	26.29320666796262	23.714822609317906	23.758208879535488	26.233761843183988	0.0
158.0	26.284191339086238	23.7105966739071	23.718203357646548	26.28700862936011	0.0
159.0	26.18136024409003	23.703835177249818	23.726655228468154	26.388149350192	0.0
160.0	26.09036176824407	23.760744440781966	23.83624782012165	26.312645970852316	0.0
161.0	26.206434127527462	23.87033703243546	23.72186583500258	26.2013630050345	0.0
162.0	26.18502272144606	23.92555592180329	23.734825370262374	26.154595986488278	0.0
163.0	26.13994607706416	23.762716543973674	23.87146394854501	26.225873430417156	0.0
164.0	26.248130023580718	23.777929911452567	23.715667796400066	26.258272268566646	0.0
165.0	26.156568089679983	23.75341948606991	23.73905130567318	26.350961118576933	0.0
166.0	26.20474375336314	23.815963330149795	23.80272206586261	26.176570850624454	0.0
167.0	26.210378333910878	23.815963330149795	23.804412440026933	26.16924589591239	0.0
168.0	26.1712179991041	23.7384878476184	23.791734633794523	26.29855951948297	0.0
169.0	26.27489428118247	23.65256049426541	23.873717780764107	26.198827443788016	0.0
170.0	26.31377288696186	23.75651850537116	23.81117393668422	26.118534670982758	0.0
171.0	26.34927074441261	23.72862733165986	23.67932475186716	26.242777172060368	0.0
172.0	26.238061698830823	23.656007888434992	23.852937033384983	26.252993379349203	0.0
173.0	26.259473165234542	23.719960557825047	23.783068037751796	26.237498239188618	0.0
174.0	26.303215391506953	23.663681261251615	23.748482176312656	26.28462117092878	0.0
175.0	26.22855677857946	23.80961771972875	23.69946104933385	26.262364452357943	0.0
176.0	26.356462477708064	23.67748606137783	23.69213605334851	26.273915407565596	0.0
177.0	26.23447312149069	23.82511290354389	23.851877311951856	26.088536663013564	0.0
178.0	26.271943293261852	23.814970601410344	23.66593510617018	26.247150999157626	0.0
179.0	26.19756641094918	23.862864805929863	23.796658111446998	26.14291067167396	0.0
180.0	26.350827865411652	23.662554338792333	23.832156168914405	26.15446162688161	0.0
181.0	26.377028812589977	23.796658111446998	23.65466588157735	26.17164719438567	0.0
182.0	26.30096154658838	23.718618731141657	23.77102062549831	26.209399096771648	0.0
183.0	26.297580779210534	23.695235090111538	23.729042763890025	26.278141366787906	0.0
184.0	26.170802002541212	23.708476429008112	23.741157180327317	26.379564388123367	0.0
185.0	26.098115503917462	23.777782160254006	23.824549442314247	26.299552893514278	0.0
186.0	26.197848141564002	23.885966716345163	23.715801424993447	26.200383717097388	0.0
187.0	26.178408729141367	23.92738111672381	23.7422841027866	26.151926051348223	0.0
188.0	26.127844438747193	23.752278509185878	23.86976083753349	26.250116214533435	0.0
189.0	26.236874801026634	23.770591102333587	23.717625448306368	26.27490864833341	0.0
190.0	26.143339709872176	23.744953471926795	23.753968902399514	26.357737915801515	0.0
191.0	26.201376543540306	23.813696129281272	23.79482007172902	26.19010725544941	0.0
192.0	26.21461795704711	23.80299030559492	23.788058498874477	26.19433323848349	0.0
193.0	26.173069067038558	23.728746707236333	23.77748665286171	26.3206975728634	0.0
194.0	26.27280282860725	23.645635239262422	23.880319486117568	26.201242446012763	0.0
195.0	26.308864753694234	23.756638352420797	23.81383031173844	26.12066658214653	0.0
196.0	26.34492667878122	23.7245207003902	23.68338756708786	26.247165053740723	0.0
197.0	26.231180129823294	23.66880409304003	23.854748918139197	26.245266858997475	0.0
198.0	26.260480526505592	23.739237738910926	23.780934457266497	26.219347277316984	0.0
199.0	26.315211174752	23.67253333633851	23.744375857532056	26.267879631377433	0.0
200.0	26.226746266301916	23.817908790988977	23.71394843679126	26.24139650591785	0.0
201.0	26.37578428085636	23.683239280673234	23.671406394829592	26.26957004364081	0.0
202.0	26.25435633327041	23.813119289576072	23.844673651825786	26.087850725327726	0.0
203.0	26.269288308263583	23.80297681599581	23.672815071715743	26.254919804024873	0.0
204.0	26.20364396536909	23.85397091927436	23.798187314582904	26.144197800773643	0.0
205.0	26.370149573311767	23.672251600961282	23.824388704665257	26.13321012106169	0.0
206.0	26.384874148452425	23.79881783502657	23.646116830355382	26.170191186165624	0.0
207.0	26.305706284407034	23.723312541203914	23.7658547030219	26.20512647136715	0.0
208.0	26.28852037797725	23.715987400758433	23.725848166742736	26.269644054521585	0.0
209.0	26.163429518062102	23.716550873100395	23.743034073172517	26.376985535664982	0.0
210.0	26.090178113607294	23.783885817964627	23.850939026657876	26.274997041770202	0.0
211.0	26.212169875641656	23.897425494869584	23.716550873100395	26.173853756388365	0.0
212.0	26.178079798953068	23.93799550349071	23.731201153991357	26.152723543564864	0.0
213.0	26.129413057381367	23.749580916264957	23.88143381576093	26.239572210592748	0.0
214.0	26.22773925807388	23.788178880433648	23.73295843534559	26.251123426146883	0.0
215.0	26.13279390095819	23.77014771469061	23.767612082007997	26.329446302343207	0.0
216.0	26.196258522567195	23.829943088972787	23.799233673296897	26.17456471516313	0.0
217.0	26.192314193948274	23.820927480700963	23.81163013467065	26.175128190680113	0.0
218.0	26.14886585506724	23.74815812383606	23.782248680751795	26.320727340344906	0.0
219.0	26.25862491582871	23.646286179567298	23.889432030450987	26.205656874153004	0.0
220.0	26.30991725058956	23.763196375592727	23.80940306034762	26.117483313470093	0.0
221.0	26.335274577589196	23.723751644704404	23.68937837921601	26.251595398490394	0.0
222.0	26.222930977161436	23.655071761437597	23.859339693344527	26.26265756805644	0.0
223.0	26.247724877861867	23.70522306058164	23.815386869375587	26.231665192180902	0.0
224.0	26.293160526871873	23.67908713108403	23.752342044093822	26.27541029795027	0.0
225.0	26.238501091779952	23.80531098119321	23.709516094949638	26.2466718320772	0.0
226.0	26.371486933859266	23.674860886102696	23.6850038740579	26.268648305980136	0.0
227.0	26.227512854828483	23.83912094104388	23.852926674649574	26.08043952947806	0.0
228.0	26.264288310422263	23.809671393513522	23.678657060827277	26.24738323523694	0.0
229.0	26.176663670711676	23.869402659168326	23.818123931106182	26.135809739013816	0.0
230.0	26.36149249273786	23.653862950555474	23.834747255038415	26.14989730166825	0.0
231.0	26.376781377316703	23.79565087540361	23.645758786437586	26.1818089608421	0.0
232.0	26.318176951555554	23.713379277700454	23.76916618299232	26.199277587751673	0.0
233.0	26.301271828739836	23.700700435588665	23.729157392328457	26.268870343343043	0.0
234.0	26.173074647387313	23.72183183910831	23.73789170578324	26.367201807721134	0.0
235.0	26.092077087794436	23.7757804575679	23.846218866223374	26.28592358841429	0.0
236.0	26.191254367181337	23.895807505916828	23.72619181787445	26.186746309027388	0.0
237.0	26.18759156993125	23.94680491378339	23.730136368759158	26.135467147526203	0.0
238.0	26.125397625937186	23.747672004034722	23.88375939298826	26.24317097703983	0.0
239.0	26.220436500109884	23.789143285415623	23.73053753867134	26.259882675803155	0.0
240.0	26.12870776591518	23.757033730913477	23.77985725435831	26.334401248813037	0.0
241.0	26.19045606323175	23.814475111655888	23.81419333023374	26.180875494878624	0.0
242.0	26.198326147603346	23.81435455237129	23.832952912334093	26.15436638769127	0.0
243.0	26.158008200532613	23.732228656775302	23.801270941652223	26.30849220103986	0.0
244.0	26.245765721081494	23.63699900237289	23.92163272667835	26.195602549867264	0.0
245.0	26.30039231601732	23.76104797979798	23.833198051948052	26.105361652236653	0.0
246.0	26.327315773897602	23.719894587015038	23.710029735481054	26.242759903606306	0.0
247.0	26.202139893569043	23.663975827545773	23.888055831153604	26.24582844773158	0.0
248.0	26.23655489661082	23.715527544140528	23.816718154553858	26.231199404694795	0.0
249.0	26.310196603481078	23.691635543654428	23.753646677471636	26.244521175392855	0.0
