# Position (bp)	A	C	G	T	N
0.0	26.274255928296768	23.763415056115814	23.69002639759352	26.272302617993894	0.0
1.0	26.23623268883575	23.713678993880574	23.767534399093666	26.28255391819001	0.0
2.0	26.07704499034566	23.864359297744343	23.8657544337422	26.192841278167794	0.0
3.0	26.14735596842731	23.762942543616127	23.891844837351535	26.197856650605033	0.0
4.0	26.17406224280553	23.812964693738056	23.713365045266226	26.29960801819019	0.0
5.0	26.195185502386604	23.707592779090493	23.89589883361835	26.20132288490455	0.0
6.0	26.237081049416293	23.75915310264028	23.829169979218097	26.17459586872533	0.0
7.0	26.160510563282063	23.815779931158755	23.713410654214993	26.31029885134419	0.0
8.0	26.243828968287175	23.706802778010207	23.7299528630798	26.31941539062282	0.0
9.0	26.354247720725017	23.754382148445018	23.687168288445072	26.204201842384894	0.0
10.0	26.1344748731106	23.796363433543423	23.869429416029895	26.19973227731608	0.0
11.0	26.17093487942752	23.832551083297776	23.752792256142964	26.24372178113174	0.0
12.0	26.21304530914912	23.744983699638297	23.81581846221635	26.226152528996238	0.0
13.0	26.221690496707854	23.807731028693656	23.768409369152295	26.20216910544619	0.0
14.0	26.28025467049286	23.655743053870673	23.840359639802443	26.22364263583402	0.0
15.0	26.09842685474133	24.019956439409786	23.725741185394654	26.155875520454234	0.0
16.0	26.21471857125726	23.82167487959485	23.700921130790533	26.262685418357357	0.0
17.0	26.224479266888096	23.86713183353273	23.78765188339594	26.12073701618323	0.0
18.0	26.235076593572998	23.79322942375642	23.750840117016796	26.220853865653787	0.0
19.0	26.320970715124336	23.677774338294554	23.868805095640873	26.132449850940233	0.0
20.0	26.30423809404291	23.741358298403988	23.853466859649565	26.100936747903543	0.0
21.0	26.1226891553094	23.804942258513417	23.82474252679311	26.24762605938407	0.0
22.0	26.192408409815354	23.954420340174188	23.68474626374515	26.16842498626531	0.0
23.0	26.232287823392763	23.71374947361963	23.7918350386663	26.262127664321312	0.0
24.0	26.20133247439212	23.77064038529649	23.79992247218899	26.228104668122405	0.0
25.0	26.276350392240527	23.7672938610802	23.700921130790533	26.25543461588874	0.0
26.0	26.238628821301685	23.715914351529076	23.771689599589493	26.273767227579746	0.0
27.0	26.084689136654937	23.859256739044348	23.8528425855174	26.203211538783318	0.0
28.0	26.14966730064532	23.765833198543152	23.881845714508813	26.202653786302715	0.0
29.0	26.161380102738008	23.825233837727495	23.7187031139321	26.2946829456024	0.0
30.0	26.174766162272505	23.71758760897089	23.905829071174793	26.201817157581807	0.0
31.0	26.2405809549838	23.761650054938617	23.8263493426887	26.171419647388884	0.0
32.0	26.16165897897831	23.803760367224232	23.71619322776938	26.318387426028078	0.0
33.0	26.245600727309238	23.72288625753663	23.7187031139321	26.312809901222035	0.0
34.0	26.359382233352484	23.754399272690765	23.67603504916588	26.210183444790868	0.0
35.0	26.1332136024675	23.780055886798557	23.872085046098242	26.214645464635705	0.0
36.0	26.174414291809704	23.839390043588235	23.744293510846862	26.2419021537552	0.0
37.0	26.2145723584219	23.746803390010125	23.804530610765152	26.234093640802826	0.0
38.0	26.21345685657156	23.79978972790121	23.79002908671075	26.19672432881648	0.0
39.0	26.27704046204087	23.66258300030955	23.820705387595062	26.239671150054523	0.0
40.0	26.09409815858532	24.022332347043783	23.71975247013941	26.163817024231488	0.0
41.0	26.22014986767359	23.825446270459	23.697163557670052	26.257240304197353	0.0
42.0	26.216803362122576	23.862536706982763	23.789750211248162	26.1309097196465	0.0
43.0	26.232699263489906	23.791702339486257	23.733138492343475	26.242459904680366	0.0
44.0	26.315246400414967	23.678200026214295	23.86476771068344	26.1417858626873	0.0
45.0	26.29293636340819	23.748197767323045	23.864488835220858	26.094377034047906	0.0
46.0	26.121706829381203	23.81875325935697	23.813175750105277	26.246364161156556	0.0
47.0	26.190031317714446	23.950940228622102	23.68043102991497	26.178597423748478	0.0
48.0	26.232141512564734	23.718915843751656	23.790307962173333	26.25863468151028	0.0
49.0	26.20313846445593	23.758237283976094	23.802857357989645	26.235766893578333	0.0
50.0	26.25668255327219	23.77162330618016	23.70106781414624	26.27062632640142	0.0
51.0	26.235414853981215	23.72191731923343	23.77908662963211	26.263581197153247	0.0
52.0	26.09374651406644	23.84880530085001	23.839323561564377	26.218124623519174	0.0
53.0	26.147011578876917	23.769883765031345	23.890078754211007	26.19302590188073	0.0
54.0	26.170437052406132	23.810041719652858	23.722753943288044	26.296767284652965	0.0
55.0	26.175735671418693	23.71884969769984	23.915735225219194	26.189679405662268	0.0
56.0	26.24545434263659	23.747294915556747	23.82621645137541	26.181034290431253	0.0
57.0	26.15928206501127	23.818129085514133	23.70630033688062	26.31628851259398	0.0
58.0	26.244338843897108	23.72386944202753	23.713829953372155	26.317961760703213	0.0
59.0	26.357283091270105	23.760959775115452	23.676460745599357	26.205296388015082	0.0
60.0	26.14756932824666	23.768489391606987	23.875856145282555	26.208085134863797	0.0
61.0	26.176499295843385	23.83842045818983	23.75308504259799	26.231995203368797	0.0
62.0	26.209685290795765	23.740256842868497	23.803840093701634	26.246217772634107	0.0
63.0	26.217493760196326	23.803282345887308	23.780693559407116	26.19853033450925	0.0
64.0	26.286933363079886	23.647949579597586	23.845671179776065	26.219445877546466	0.0
65.0	26.084192032572474	24.016620884866906	23.72129341718142	26.177893665379198	0.0
66.0	26.229485338204334	23.81806266296694	23.694800396000947	26.25765160282778	0.0
67.0	26.228927590390004	23.85124865791932	23.79184851569363	26.12797523599704	0.0
68.0	26.24789101607708	23.79854148946554	23.727707517046166	26.225859977411215	0.0
69.0	26.32374471882538	23.653527057740842	23.873000822678026	26.149727400755747	0.0
70.0	26.30422354532398	23.73969909505417	23.862682488113	26.093394871508846	0.0
71.0	26.135783705397603	23.814716176080985	23.795473876486746	26.254026242034662	0.0
72.0	26.179845782729338	23.94997002105498	23.680020078921316	26.19016411729437	0.0
73.0	26.223350112246745	23.717946930295465	23.800214732908515	26.25848822454927	0.0
74.0	26.21024303861009	23.759778016369896	23.792406263507953	26.237572681512056	0.0
75.0	26.27243191990741	23.754479412133804	23.70679197400895	26.26629669394983	0.0
76.0	26.23861500448986	23.707004735265738	23.785368084643572	26.26901217560083	0.0
77.0	26.106429141126537	23.823015957120468	23.85201876258415	26.218536139168847	0.0
78.0	26.159415035723647	23.760827249251225	23.869587769740033	26.210169945285095	0.0
79.0	26.187023475540038	23.81353427071888	23.732939936305378	26.26650231743571	0.0
80.0	26.179772774174115	23.738796272024004	23.903052545275052	26.178378408526825	0.0
81.0	26.23889387761932	23.755249786662056	23.822737083991008	26.18311925172762	0.0
82.0	26.14853898367477	23.838075106111226	23.69975403389982	26.31363187631419	0.0
83.0	26.253953026610073	23.717044167926243	23.712861070984367	26.316141734479316	0.0
84.0	26.354626226344585	23.753855421014762	23.685252631167977	26.206265721472672	0.0
85.0	26.146586871768555	23.771703301300107	23.88157931430675	26.200130512624586	0.0
86.0	26.179699766026097	23.84163396888342	23.73371036875291	26.24495589633757	0.0
87.0	26.234916491674266	23.730642772883566	23.805938307858344	26.228502427583823	0.0
88.0	26.225434831714477	23.79060032851163	23.788090477345804	26.195874362428086	0.0
89.0	26.316347218387726	23.653395131446484	23.82043967014978	26.20981798001601	0.0
90.0	26.095201443443294	24.01843903989827	23.7183723894062	26.16798712725224	0.0
91.0	26.214279937644143	23.828526968350776	23.691879515989147	26.265313578015935	0.0
92.0	26.20953910766425	23.87426203403916	23.7928313073257	26.123367550970894	0.0
93.0	26.257226279814937	23.80984252078296	23.728690666421258	26.204240532980837	0.0
94.0	26.32331902718169	23.65506836555703	23.893225353958734	26.12838725330255	0.0
95.0	26.30100923904101	23.73203713464236	23.8706366934663	26.09631693285033	0.0
96.0	26.12476191272969	23.809284776079444	23.80705379726538	26.258899513925492	0.0
97.0	26.194201128317534	23.95457727134559	23.69466823950673	26.15655336083015	0.0
98.0	26.220972874086346	23.707496367687618	23.803149584340762	26.26838117388528	0.0
99.0	26.20591376709139	23.758530008059413	23.791994690270425	26.24356153457878	0.0
100.0	26.24886010926219	23.763549710391064	23.715025921185095	26.27256425916165	0.0
101.0	26.255200954856267	23.70380492375651	23.7869086528272	26.254085468560017	0.0
102.0	26.09373431347396	23.81340145236316	23.847423784398806	26.245440449764075	0.0
103.0	26.162894463841514	23.781331221345948	23.83738440773255	26.21838990707999	0.0
104.0	26.189387263377466	23.806429663011592	23.731692081162784	26.272490992448155	0.0
105.0	26.173770455229956	23.735317411625598	23.90598681495198	26.184925318192466	0.0
106.0	26.243767220319697	23.74479904514373	23.817863397548162	26.193570336988408	0.0
107.0	26.160384619674947	23.807545149307842	23.701295079589947	26.330775151427265	0.0
108.0	26.2459981929122	23.7046415384787	23.731970952736845	26.31738931587225	0.0
109.0	26.336910326056646	23.766829899494684	23.685399399868373	26.210860374580296	0.0
110.0	26.143931196805248	23.75595390810624	23.885629190045403	26.21448570504311	0.0
111.0	26.18039036334076	23.842616477359872	23.741665249073453	26.235327910225912	0.0
112.0	26.232818073058574	23.743896215444423	23.796881666754977	26.22640404474203	0.0
113.0	26.234212427040426	23.795208441976747	23.792698604809406	26.177880526173418	0.0
114.0	26.32874962701031	23.642387245565256	23.82727858355945	26.201584543864982	0.0
115.0	26.082785584610797	24.01328540473913	23.70764301191615	26.196285998733927	0.0
116.0	26.20995066775612	23.825605358781225	23.69732479245041	26.267119181012244	0.0
117.0	26.21106615094161	23.86102194992038	23.8063632738316	26.121548625306406	0.0
118.0	26.25958966951022	23.811382948166283	23.73497234996054	26.194055032362957	0.0
119.0	26.334048172141365	23.642666116361628	23.895601928670427	26.127683782826576	0.0
120.0	26.28078385003444	23.744175086240794	23.865762753458693	26.10927831026607	0.0
121.0	26.13186684477215	23.796602795958606	23.80859424020257	26.262936119066676	0.0
122.0	26.1965648695303	23.96531962776326	23.68031367387176	26.157801828834682	0.0
123.0	26.206046476606925	23.711268332268975	23.792698604809406	26.289986586314697	0.0
124.0	26.218595662443633	23.75560878889202	23.81110407736991	26.214691471294433	0.0
125.0	26.25484886597191	23.76564813756139	23.70541204554518	26.27409095092153	0.0
126.0	26.25715305587471	23.705199281626825	23.786629781253136	26.251017881245332	0.0
127.0	26.107677892177094	23.833759077269736	23.818978883844412	26.239584146708754	0.0
128.0	26.15369170189744	23.771012973105627	23.844356197084117	26.230939127912812	0.0
129.0	26.180184501433402	23.81144935134472	23.747308889310297	26.261057257911585	0.0
130.0	26.176559170970588	23.731692081162784	23.916026191618236	26.1757225562484	0.0
131.0	26.231217999486876	23.747587760884358	23.82483518689973	26.196359052729036	0.0
132.0	26.15954800495276	23.830970361529108	23.706314767923075	26.303166865595056	0.0
133.0	26.256668535111423	23.707496367687618	23.7351047305117	26.30073036668926	0.0
134.0	26.324155644236964	23.776656710923707	23.689648537175078	26.20953910766425	0.0
135.0	26.164082914327626	23.769963774481507	23.854183224712553	26.211770086478314	0.0
136.0	26.190648826223	23.83919059862906	23.7435371152248	26.226623459923143	0.0
137.0	26.236662892583645	23.736844160117794	23.7878779428087	26.23861500448986	0.0
138.0	26.242313537933825	23.80467671542312	23.793242885229443	26.159766861413615	0.0
139.0	26.32848557524715	23.662172148862894	23.820572528131407	26.18876974775855	0.0
140.0	26.092558249787356	24.00518705467323	23.69312715255797	26.20912754298144	0.0
141.0	26.214147273310374	23.813321806545172	23.702329991494345	26.270200928650112	0.0
142.0	26.230952859023272	23.85912366419026	23.792193739821073	26.117729736965394	0.0
143.0	26.251589585703766	23.82593757669054	23.72888918635522	26.193583651250474	0.0
144.0	26.346685853244985	23.646621154318094	23.887568882047162	26.11912411038976	0.0
145.0	26.29565178591348	23.73251455725855	23.866653280681792	26.105180376146176	0.0
146.0	26.125817102826677	23.802233228476453	23.80892622091337	26.263023447783507	0.0
147.0	26.195256899359702	23.98322289895812	23.673950873435512	26.14756932824666	0.0
148.0	26.211710505767126	23.721080695178813	23.7860584967539	26.281150302300162	0.0
149.0	26.202301838068177	23.761862664989696	23.81596450473112	26.219870992211007	0.0
150.0	26.273415081027267	23.770786679792405	23.70078893868365	26.255009300496678	0.0
151.0	26.23834994506138	23.704759301916994	23.796230708736076	26.260660044285544	0.0
152.0	26.094170928825207	23.836110011099272	23.824118332766282	26.245600727309238	0.0
153.0	26.14436865207958	23.76722757974466	23.867344150013107	26.221059618162652	0.0
154.0	26.190662107969725	23.81937743668115	23.72706940114116	26.262891054207966	0.0
155.0	26.17616054347402	23.72428063873814	23.928418046639262	26.171140771148583	0.0
156.0	26.24587960354954	23.72679052490086	23.828301476370818	26.199028395178786	0.0
157.0	26.178391553396434	23.805991377146647	23.712846712885753	26.30277035657116	0.0
158.0	26.26854183573586	23.707056425187055	23.725741185394654	26.298660553682428	0.0
159.0	26.324317239340623	23.774265786530798	23.681399739528867	26.220017234599712	0.0
160.0	26.162289691868786	23.763110705809844	23.883027823560088	26.191571778761286	0.0
161.0	26.19025043226058	23.849907970327404	23.734173685091193	26.225667912320823	0.0
162.0	26.259133247810812	23.733894807295446	23.77321657649618	26.233755368397567	0.0
163.0	26.249724607408687	23.795035403634905	23.795872039355345	26.159367949601066	0.0
164.0	26.32028088649921	23.650018545425137	23.830174103893423	26.19952646418223	0.0
165.0	26.090484941951424	24.010887419508673	23.682647338522333	26.21598030001757	0.0
166.0	26.212912635709284	23.80256512511887	23.703842110106837	26.280680129065004	0.0
167.0	26.214101255514837	23.857012979045006	23.81183452414816	26.117051241291993	0.0
168.0	26.2503555711728	23.8291250439235	23.732353909051866	26.18816547585184	0.0
169.0	26.319238770922926	23.667932778921184	23.891036259893244	26.12179219026265	0.0
170.0	26.286331007479546	23.746297876612623	23.85450306488407	26.112868051023767	0.0
171.0	26.116214603238348	23.838328062513593	23.79482288372404	26.250634450524014	0.0
172.0	26.201830564061375	23.964660408614023	23.674625883350345	26.158883143974254	0.0
173.0	26.22860298177802	23.724545287217843	23.776137967192636	26.2707137638115	0.0
174.0	26.192700591504753	23.756961545219017	23.808275488946588	26.242062374329645	0.0
175.0	26.26660382567761	23.7625391477981	23.70955192329681	26.26130510322748	0.0
176.0	26.234326893043598	23.700693855695864	23.81587167016197	26.249107581098567	0.0
177.0	26.126121101244927	23.814756146535185	23.823680335549508	26.235442416670384	0.0
178.0	26.150662621034314	23.76009548882245	23.866627995180938	26.222613894962294	0.0
179.0	26.207275445093924	23.796628887599837	23.746709205300967	26.249386462005265	0.0
180.0	26.191658114318862	23.71714782919102	23.919615367453485	26.171578689036636	0.0
181.0	26.250223104725357	23.735275088126368	23.82591138280309	26.188590424345186	0.0
182.0	26.185522734371514	23.81726607469546	23.709896925616885	26.28731426531614	0.0
183.0	26.276790071812034	23.711636338283483	23.718608380394617	26.292965209509866	0.0
184.0	26.340375095865582	23.775500244021476	23.68235376141672	26.201770898696232	0.0
185.0	26.174440493620583	23.77745241581259	23.870877780101793	26.177229310465034	0.0
186.0	26.16224266120801	23.853095874212855	23.75716030721692	26.22750115736222	0.0
187.0	26.263476994985695	23.723415529291024	23.779192021730523	26.23391545399276	0.0
188.0	26.224785469067662	23.820254174184893	23.782604936791113	26.17235541995633	0.0
189.0	26.325462318691034	23.64316331681415	23.836708285342176	26.19466607915264	0.0
190.0	26.095662528969	24.007105944954027	23.684716919567283	26.21251460650969	0.0
191.0	26.219765570748493	23.7923658501895	23.71121082736291	26.276657751699094	0.0
192.0	26.203663420456703	23.86549981593655	23.78155572660442	26.149281037002332	0.0
193.0	26.2491215153442	23.82422498131477	23.736376515734637	26.190276987606392	0.0
194.0	26.32191024396774	23.66386667112881	23.888368305389154	26.125854779514295	0.0
195.0	26.321631359950025	23.742233080106644	23.839284718271365	26.096850841671966	0.0
196.0	26.111631694610843	23.815021808730187	23.806934172216458	26.266412324442513	0.0
197.0	26.212866593041284	23.970081322579563	23.693149492988855	26.12390259139029	0.0
198.0	26.21788650536015	23.725500039043762	23.78322903071071	26.273384424885375	0.0
199.0	26.188676719533927	23.76237899885936	23.822896999478484	26.226047282128224	0.0
200.0	26.259234572790323	23.760705690086482	23.719430740355467	26.260628996767725	0.0
201.0	26.235323646707755	23.709735895362133	23.798700393228657	26.25624006470145	0.0
202.0	26.125163845274287	23.820453467942105	23.820174582368857	26.23420810441476	0.0
203.0	26.155562372758457	23.76997517918398	23.87650946816521	26.197952979892353	0.0
204.0	26.212733915274562	23.8226845525281	23.747943218897287	26.21663831330005	0.0
205.0	26.175084362885908	23.720054661572355	23.938143179853306	26.166717795688427	0.0
206.0	26.247315726357474	23.740692193992803	23.82993557743258	26.182056502217137	0.0
207.0	26.18400870122988	23.81403909975737	23.73372005466157	26.268232144351174	0.0
208.0	26.28001862960825	23.716774177354985	23.73518067652251	26.268026516514254	0.0
209.0	26.327429309282174	23.772830333910626	23.699762109942576	26.199978246864617	0.0
210.0	26.184360611207325	23.761953766220728	23.867930579609503	26.185755042962445	0.0
211.0	26.14734164788827	23.863534950134984	23.7547689699025	26.23435443207425	0.0
212.0	26.248856562771916	23.728274692666385	23.780426585752217	26.24244215880949	0.0
213.0	26.232475381170044	23.79527396553503	23.807545033424717	26.164705619870205	0.0
214.0	26.333711691259932	23.625989006238722	23.8591392961427	26.181160006358645	0.0
215.0	26.111716917619297	23.991053275956794	23.694595431258314	26.20263437516559	0.0
216.0	26.213511003522356	23.794437301815282	23.706866499147996	26.285185195514366	0.0
217.0	26.201870785294755	23.865899165007278	23.79087810891161	26.141351940786357	0.0
218.0	26.233942983997366	23.832432522882815	23.76131590836833	26.17230858475148	0.0
219.0	26.31760958930852	23.648365991198272	23.890999146600624	26.14302527289258	0.0
220.0	26.29446182850577	23.735100372037504	23.870361383957206	26.10007641549952	0.0
221.0	26.12824417262094	23.793666995755313	23.820719198139255	26.25736963348449	0.0
222.0	26.209400779772764	23.991399072974012	23.687410407010145	26.11178974024308	0.0
223.0	26.206333004244687	23.723665935978314	23.770519234952562	26.29948182482444	0.0
224.0	26.183258265586435	23.7655655181069	23.807120047968986	26.244056168337682	0.0
225.0	26.263578430688995	23.747158813604226	23.72707877232859	26.26218398337819	0.0
226.0	26.2343682020504	23.720172688836584	23.816110931381846	26.229348177731172	0.0
227.0	26.09380752111199	23.838422150578417	23.819736504501286	26.248033823808303	0.0
228.0	26.16380897134124	23.773998505148313	23.86101226001495	26.2011802634955	0.0
229.0	26.22962706797113	23.81081201682266	23.738300554433795	26.221260360772412	0.0
230.0	26.18863020269743	23.727981615555382	23.926272576164926	26.157115605582266	0.0
231.0	26.245523811648685	23.755033968831228	23.81666871186176	26.182773507658325	0.0
232.0	26.175801251659397	23.835075467698932	23.730491627714997	26.258631652926674	0.0
233.0	26.291614025987066	23.706573182397513	23.738924540457326	26.262888251158095	0.0
234.0	26.322292037940333	23.766534751215268	23.699322015935834	26.211851194908565	0.0
235.0	26.167786414102963	23.77267035360592	23.864983280483486	26.194559951807634	0.0
236.0	26.161444882614443	23.836602874816627	23.75683982128614	26.24511242128279	0.0
237.0	26.252642499762942	23.739827421756907	23.776083355179857	26.231446723300294	0.0
238.0	26.24128112092503	23.799855533646994	23.792883219312753	26.165980126115223	0.0
239.0	26.326622248376147	23.63977119653281	23.84001606421223	26.193590490878822	0.0
240.0	26.09348067407833	23.996050583766117	23.69510283543541	26.215365906720145	0.0
241.0	26.22317057863688	23.804303864552388	23.708631438015146	26.263894118795587	0.0
242.0	26.196400477555986	23.84767303036051	23.78769958604376	26.16822690603974	0.0
243.0	26.236564539030834	23.82829390219068	23.752416499987447	26.18272505879104	0.0
244.0	26.306583271493693	23.645711862609986	23.875029989901076	26.172674875995245	0.0
245.0	26.303072914051036	23.726222162702065	23.850377487989018	26.120327435257877	0.0
246.0	26.108816964285715	23.811941964285715	23.816685267857142	26.26255580357143	0.0
247.0	26.19743226991023	23.996082272282077	23.676860013784598	26.12962544402309	0.0
248.0	26.209159811133308	23.723866185942157	23.776608213245225	26.290365789679303	0.0
249.0	26.18789155701907	23.772063235150483	23.80694582036864	26.233099387461806	0.0
