# Position (bp)	A	C	G	T	N
0.0	26.246375746751593	23.68778012015848	23.72706052573573	26.338783607354195	0.0
1.0	26.45238593139776	23.67054195655983	23.639456743513083	26.237615368529333	0.0
2.0	26.14465151108411	23.73567684417254	23.734829111151928	26.384842533591417	0.0
3.0	26.255587768227002	23.661054880219726	23.706830781750675	26.3765265698026	0.0
4.0	26.184791607214	23.55653630874512	23.91113321259144	26.347538871449437	0.0
5.0	26.0703731119788	23.826785179492685	23.74937136593001	26.353470342598506	0.0
6.0	26.186944668107525	23.841166249947026	23.716574140780608	26.255314941164837	0.0
7.0	26.179411191375518	23.745582240252677	23.804909469473316	26.270097098898493	0.0
8.0	26.299642354696	23.728325169076395	23.737930177240653	26.234102298986954	0.0
9.0	26.30150143363607	23.678018051102416	23.65315894292292	26.367321572338593	0.0
10.0	26.4637008957197	23.828234237338886	23.64010767844482	26.0679571884966	0.0
11.0	26.379524147145478	23.76637280130615	23.62824384139745	26.225859210150926	0.0
12.0	26.321617323461865	23.861001025374488	23.57061949002449	26.246762161139152	0.0
13.0	26.206368620715953	23.675416717276292	23.769479996723323	26.348734665284436	0.0
14.0	26.12353044195493	23.770542740764594	23.885226174940257	26.220700642340223	0.0
15.0	26.2853866187595	23.780146772198023	23.690603302656925	26.24386330638555	0.0
16.0	26.19499573468016	23.745120304617277	23.804439322294346	26.255444638408214	0.0
17.0	26.333689247439395	23.761786123869406	23.69794756198837	26.206577066702824	0.0
18.0	26.245840606974784	23.819410312469987	23.79850742052664	26.136241660028585	0.0
19.0	26.209684253343053	23.781276658249016	23.75613669361445	26.252902394793487	0.0
20.0	26.31674095667452	23.65727166415267	23.765175782022382	26.26081159715043	0.0
21.0	26.324085216005965	23.681281742736246	23.75161714941048	26.243015891847303	0.0
22.0	26.355157082408237	23.698230033501122	23.629871927416122	26.31674095667452	0.0
23.0	26.255162166895467	23.689473416605935	23.85019970735951	26.205164709139083	0.0
24.0	26.200080221909623	23.8795767446853	23.754441864537963	26.165901168867116	0.0
25.0	26.241321062770815	23.700207334090358	23.719697868469964	26.33877373466886	0.0
26.0	26.441028422283612	23.680999271223495	23.64173573095153	26.236236575541355	0.0
27.0	26.136524131541332	23.736928630747588	23.737211102260336	26.38933613545074	0.0
28.0	26.26335384076516	23.653882005999698	23.70359699224333	26.379167160991813	0.0
29.0	26.193865848629166	23.559536520741883	23.89991469360315	26.3466829370258	0.0
30.0	26.08285454411923	23.811501110113046	23.740600760413315	26.36504358535442	0.0
31.0	26.192453491065425	23.84681004920654	23.707269121909054	26.253467337818982	0.0
32.0	26.18200204509375	23.75189962092323	23.79991977809038	26.266178555892637	0.0
33.0	26.298380308345905	23.73834098831133	23.72845448536515	26.234824217977614	0.0
34.0	26.307345085998207	23.67358814074951	23.649295659272525	26.369771113979755	0.0
35.0	26.459314330586775	23.82499244390838	23.6439287156904	26.071764509814443	0.0
36.0	26.372595821128243	23.760024179493193	23.644776127834945	26.22260387154362	0.0
37.0	26.312429558865485	23.854086927537786	23.583197511997945	26.250286001598784	0.0
38.0	26.20028868507058	23.67500049432375	23.76680347664956	26.357907343956118	0.0
39.0	26.124795209310207	23.76278176374216	23.886786057284898	26.22563696966273	0.0
40.0	26.285520592056944	23.77944748884244	23.682842777244222	26.25218914185639	0.0
41.0	26.192870459296085	23.7545901361505	23.798655443195297	26.253883961358117	0.0
42.0	26.32647873001525	23.763911643409976	23.70092085192927	26.2086887746455	0.0
43.0	26.25529631094288	23.825490085305915	23.79074628552059	26.12846731823061	0.0
44.0	26.214055703067622	23.775775379922038	23.749788147562285	26.260380769448055	0.0
45.0	26.30981300491498	23.66194000338964	23.76334670357607	26.264900288119314	0.0
46.0	26.321111801593126	23.6884921755833	23.755437545901362	26.23495847692221	0.0
47.0	26.35359584204282	23.693859104005423	23.628043613355175	26.324501440596578	0.0
48.0	26.26292299870064	23.6848200666629	23.84724026891136	26.2050166657251	0.0
49.0	26.197389977967344	23.88226653861364	23.75233037681487	26.16801310660415	0.0
50.0	26.235523416756116	23.698943562510593	23.72436585503644	26.341167165696856	0.0
51.0	26.448788204056267	23.677475848822098	23.63482289136207	26.23891305575956	0.0
52.0	26.14033105474267	23.74074911021976	23.735382181797636	26.38353765323993	0.0
53.0	26.26292299870064	23.649228857126715	23.70176826168013	26.386079882492513	0.0
54.0	26.190610699960455	23.57154962996441	23.89215298570702	26.345686684368115	0.0
55.0	26.070843455172028	23.807129540703915	23.755437545901362	26.3665894582227	0.0
56.0	26.1903282300435	23.850347437997854	23.70826506977007	26.251059262188576	0.0
57.0	26.171685215524548	23.746963448392748	23.800632732613977	26.280718603468728	0.0
58.0	26.293429749731658	23.734252302129825	23.734252302129825	26.2380656460087	0.0
59.0	26.299287330412604	23.679103781979034	23.64944452447736	26.372164363131002	0.0
60.0	26.451820654706925	23.814971428248608	23.648032178882044	26.085175738162427	0.0
61.0	26.367644857225986	23.75000353086399	23.657636128930204	26.22471548297982	0.0
62.0	26.294767824507588	23.850845006369678	23.590973416831204	26.26341375229153	0.0
63.0	26.1992932622641	23.668652424573683	23.77260106038907	26.35945325277314	0.0
64.0	26.12097553259402	23.755868279372468	23.888628390326026	26.234527797707486	0.0
65.0	26.284807158877133	23.771968973679602	23.694007717034534	26.24921615040873	0.0
66.0	26.196112106027307	23.745134483167714	23.797108654264424	26.26164475654055	0.0
67.0	26.332826773477354	23.75191372287598	23.69937461513691	26.215884888509756	0.0
68.0	26.260232414934663	23.808689855432714	23.7973911225856	26.133686607047018	0.0
69.0	26.21051799040738	23.782137833242	23.742592268277114	26.264751908073507	0.0
70.0	26.317855952454934	23.657004366960248	23.755303342730112	26.269836337854706	0.0
71.0	26.329154685302044	23.6829914525086	23.75699815265718	26.230855709532175	0.0
72.0	26.35994373231042	23.69683240024631	23.624238041703624	26.318985825739645	0.0
73.0	26.26672918632175	23.678754427690933	23.84710554711289	26.207410838874416	0.0
74.0	26.201196535808506	23.878177062442447	23.754738406087757	26.165887995661286	0.0
75.0	26.230573241210998	23.701351893385155	23.723666890758203	26.344407974645645	0.0
76.0	26.454853088226155	23.672540124625023	23.64005626768958	26.23255051945924	0.0
77.0	26.14696261814238	23.738637711780626	23.736095496890027	26.37830417318698	0.0
78.0	26.276050640920623	23.650507595573156	23.704176576596936	26.369265186909292	0.0
79.0	26.189050397997864	23.574523617176336	23.89794984492489	26.338476139900912	0.0
80.0	26.07239098135144	23.812644411929202	23.751631254554802	26.363333352164553	0.0
81.0	26.20910564880149	23.840326307404624	23.7007869567428	26.249781087051087	0.0
82.0	26.18594324646491	23.74174486331358	23.78496251645378	26.287349373767732	0.0
83.0	26.30373253639604	23.73411821864178	23.718864929298178	26.243284315664	0.0
84.0	26.311849795069815	23.67812260785316	23.63772975202176	26.372297845055265	0.0
85.0	26.445739401112355	23.832349875573055	23.6507232580934	26.071187465221186	0.0
86.0	26.35902187146033	23.754106371619923	23.66795377701449	26.21891797990526	0.0
87.0	26.291794600915757	23.84816805687766	23.595359623527283	26.264677718679298	0.0
88.0	26.194908240425057	23.67190832234064	23.77529143586716	26.357892001367144	0.0
89.0	26.12308770026891	23.762795742661513	23.888775902198724	26.225340654870855	0.0
90.0	26.279574266151446	23.776071678756242	23.70037059634375	26.24398345874856	0.0
91.0	26.184665446410417	23.74613020586175	23.807707952003256	26.26149639572458	0.0
92.0	26.33239554380494	23.74867240639053	23.710256931733444	26.20867511807109	0.0
93.0	26.25471719431451	23.808837818904934	23.804318351298217	26.13212663548234	0.0
94.0	26.208110184620253	23.784545680518836	23.74641267258717	26.260931462273746	0.0
95.0	26.317142340632273	23.661672654961247	23.76731521026823	26.25386979413825	0.0
96.0	26.33437281088288	23.682857659367727	23.754321740898924	26.228447788850474	0.0
97.0	26.36346688360111	23.687377126974443	23.625799380832937	26.32335660859151	0.0
98.0	26.269687930761755	23.672123923801777	23.845840959934918	26.21234718550155	0.0
99.0	26.202743316837278	23.872957765575215	23.75742887487854	26.166870042708968	0.0
100.0	26.236921790613067	23.70178292997085	23.72438026800443	26.336915011411655	0.0
101.0	26.453291302284594	23.67127652362552	23.6424649176327	26.23296725645719	0.0
102.0	26.150486972634624	23.730029602512822	23.739915937902513	26.37956748695004	0.0
103.0	26.27703206562267	23.656023320452853	23.703477730323367	26.36346688360111	0.0
104.0	26.192292047996744	23.570718369376088	23.90233430501887	26.3346552776083	0.0
105.0	26.069701489164576	23.816746887216684	23.748954873115945	26.364596750502788	0.0
106.0	26.200483583033918	23.840474092151943	23.699240729442074	26.259801595372068	0.0
107.0	26.185795313312095	23.74358800533297	23.786805414322192	26.283811267032743	0.0
108.0	26.30725600524258	23.7353964702958	23.716753666418096	26.24059385804352	0.0
109.0	26.315090742179226	23.679683638161148	23.637031283101475	26.368194336558155	0.0
110.0	26.447284796271447	23.81780947673187	23.64776498834828	26.0871407386484	0.0
111.0	26.35039898312266	23.74804039262764	23.678836240378505	26.222724383871192	0.0
112.0	26.284584422004098	23.842666478356048	23.598898382882567	26.27385071675729	0.0
113.0	26.193912859261353	23.67375185368265	23.777981780947673	26.354353506108325	0.0
114.0	26.12491737894957	23.750515498861667	23.892877924220254	26.23168919796851	0.0
115.0	26.287052363385737	23.76831080203149	23.696564659092832	26.248072175489934	0.0
116.0	26.187624637738473	23.74740838243519	23.795709919610424	26.269257060215917	0.0
117.0	26.34637004061848	23.753905080417823	23.70249642681611	26.19722845214758	0.0
118.0	26.259370780677127	23.81181043200217	23.8030540129821	26.125764774338606	0.0
119.0	26.217565941484523	23.779326942089	23.753057685028782	26.25004943139769	0.0
120.0	26.31953585329891	23.65871433171575	23.771982848717325	26.249766966268012	0.0
121.0	26.336483761079695	23.68837317033212	23.749103173213268	26.226039895374914	0.0
122.0	26.36218808788055	23.69176275188828	23.631597679266495	26.314451480964674	0.0
123.0	26.270104455604955	23.674249913848136	23.852767875805732	26.202877754741177	0.0
124.0	26.20711473168637	23.859829504047724	23.764356290215975	26.168699474049927	0.0
125.0	26.232819058487227	23.70447368272387	23.722833916153053	26.33987334263585	0.0
126.0	26.459073627360702	23.671990192810696	23.63752944698977	26.23140673283883	0.0
127.0	26.161920310937614	23.725658567449848	23.735544846988642	26.376876274623896	0.0
128.0	26.2681271996972	23.65786693632671	23.71210024122522	26.361905622750868	0.0
129.0	26.184873949579835	23.581950427229714	23.898877197938	26.334298425252456	0.0
130.0	26.063978532589505	23.81667961302168	23.753689711178588	26.365652143210227	0.0
131.0	26.19765891577972	23.83482475764355	23.71195173208596	26.25556459449077	0.0
132.0	26.18042844552912	23.741893204980453	23.79245474883059	26.28522360065984	0.0
133.0	26.304713804713803	23.735678937021216	23.72381533455359	26.23579192371139	0.0
134.0	26.316369275442558	23.67671027023668	23.63688234945187	26.370038104868893	0.0
135.0	26.44828160882203	23.80777520104626	23.656090141036035	26.08785304909568	0.0
136.0	26.348005638051763	23.75354143657333	23.676992737759974	26.22146018761493	0.0
137.0	26.292998740191287	23.83580681426578	23.603617854257646	26.267576591285284	0.0
138.0	26.209388117122668	23.665760884916757	23.77733587178198	26.3475151261786	0.0
139.0	26.12507767922716	23.753460256482683	23.89215298570702	26.229309078583128	0.0
140.0	26.284673182306083	23.773233150669455	23.696966273091917	26.245127393932542	0.0
141.0	26.191458109711313	23.74272639963844	23.797808033444436	26.268007457205805	0.0
142.0	26.338907406361223	23.753742726399636	23.70176826168013	26.205581605559008	0.0
143.0	26.260098299531098	23.81023670979041	23.799502852946162	26.13016213773233	0.0
144.0	26.219422631489746	23.773798090503362	23.756567425569177	26.250211852437715	0.0
145.0	26.33664764702559	23.65742048471838	23.763911643409976	26.24202022484605	0.0
146.0	26.33043330885261	23.688209705666345	23.749223207728377	26.23213377775267	0.0
147.0	26.360657589966667	23.69724874300887	23.628608553189085	26.313485113835377	0.0
148.0	26.27252697587707	23.683690186995086	23.84808767866222	26.195695158465625	0.0
149.0	26.214055703067622	23.86051635500819	23.7582622450709	26.167165696853285	0.0
150.0	26.23495847692221	23.700638382012315	23.72238856561776	26.342014575447713	0.0
151.0	26.465736399073496	23.667589401728716	23.63482289136207	26.23185130783571	0.0
152.0	26.164905937517652	23.719846336365176	23.73848935088413	26.376758375233038	0.0
153.0	26.27252697587707	23.656573074967515	23.713349528275238	26.357550420880177	0.0
154.0	26.201136097215123	23.574158449122788	23.90125953691751	26.323445916744582	0.0
155.0	26.063572859083834	23.815388439603524	23.762001474497133	26.359037226815513	0.0
156.0	26.207424481241066	23.834381302645628	23.70416193526883	26.254032280844473	0.0
157.0	26.190758661988937	23.740600760413315	23.795117762373668	26.273522815224087	0.0
158.0	26.29922772288415	23.74088323192606	23.734668858645605	26.225220186544185	0.0
159.0	26.314837988006225	23.676546606518897	23.641520039998078	26.3670953654768	0.0
160.0	26.44816491863385	23.81298073256369	23.653383877045453	26.085470471757006	0.0
161.0	26.354101639186815	23.745752322628576	23.677676495761503	26.222469542423106	0.0
162.0	26.292596944770857	23.83112627677845	23.599215854650637	26.277060923800054	0.0
163.0	26.206160173551478	23.66333725029377	23.7735017626322	26.357000813522554	0.0
164.0	26.1294751055043	23.757817487444	23.890580598507405	26.222126808544292	0.0
165.0	26.298677453434046	23.776460817933753	23.690306033094735	26.234555695537466	0.0
166.0	26.188229844017467	23.738609207545462	23.797646420763023	26.275514527674048	0.0
167.0	26.339071336161844	23.74482365104205	23.70640709124498	26.209697921551122	0.0
168.0	26.261390792454538	23.80922788364302	23.802730965442045	26.126650358460402	0.0
169.0	26.21506494093454	23.779568039682047	23.762902032123023	26.242464987260387	0.0
170.0	26.336811538526728	23.646239979209863	23.77165874795912	26.245289734304293	0.0
171.0	26.339071336161844	23.68239674137181	23.753015417469367	26.225516504996975	0.0
172.0	26.350087849633063	23.693130780138638	23.638613162191326	26.31816820803697	0.0
173.0	26.26845266006429	23.6798544690323	23.853858886936674	26.197833983966735	0.0
174.0	26.213652567412588	23.859790855728868	23.75838243685278	26.16817414000576	0.0
175.0	26.242182512556	23.699910173044003	23.72053082646449	26.337376487935504	0.0
176.0	26.457145762596962	23.665165784404007	23.643697706870352	26.233990746128683	0.0
177.0	26.169021564118932	23.718835978238147	23.742281378702536	26.36986107894038	0.0
178.0	26.271559881812586	23.65810391679425	23.70810193947132	26.362234261921845	0.0
179.0	26.186326490835082	23.576817800476256	23.91183374621836	26.32502196247031	0.0
180.0	26.061472318813152	23.816639501939193	23.760709352481406	26.361178826766245	0.0
181.0	26.194592273708235	23.834502785216323	23.70851835530999	26.26238658576546	0.0
182.0	26.198264465611338	23.719534931019286	23.794108674282228	26.288091929087148	0.0
183.0	26.30560545970193	23.722924646622147	23.734223698631684	26.237246195044232	0.0
184.0	26.32601811808108	23.667626147210115	23.630056693153602	26.376299041555207	0.0
185.0	26.457652445827957	23.80406258562587	23.654914677792497	26.083370290753678	0.0
186.0	26.35483078209434	23.741635146930463	23.682032479216748	26.22150159175845	0.0
187.0	26.291912657834526	23.836332306996976	23.60696025536002	26.264794779808483	0.0
188.0	26.210276545860285	23.658653710347167	23.78633371938646	26.34473602440609	0.0
189.0	26.143194504079005	23.753418001853067	23.878556416804138	26.224831077263786	0.0
190.0	26.299405663148857	23.7754514022282	23.682798128855843	26.242344805767104	0.0
191.0	26.183589071433417	23.750875686425164	23.789292897335653	26.276242344805766	0.0
192.0	26.339800230503265	23.750593206933175	23.7093512011028	26.200255361460755	0.0
193.0	26.263248288174278	23.82064812094642	23.79550744615941	26.120596144719894	0.0
194.0	26.222288761835888	23.786750581907754	23.751440645409144	26.23952001084721	0.0
195.0	26.34601477932702	23.64381595896138	23.765847099500576	26.244322162211027	0.0
196.0	26.349687012722878	23.675736141556122	23.74663849404533	26.227938351675668	0.0
197.0	26.35844387697453	23.693249870059432	23.627149668934035	26.321156584032003	0.0
198.0	26.272287631917923	23.679690854443965	23.84578879573343	26.20223271790468	0.0
199.0	26.206187430792525	23.86895211407652	23.763304784072677	26.161555671058277	0.0
200.0	26.24064992881517	23.6966396239633	23.726864929606112	26.335845517615418	0.0
201.0	26.465221124946332	23.665849359336512	23.644380917945355	26.2245485977718	0.0
202.0	26.1737022892138	23.72940724503401	23.73279699893788	26.36409346681431	0.0
203.0	26.274829947345822	23.656245056608892	23.708503762626833	26.360421233418453	0.0
204.0	26.18620535752118	23.58201956458488	23.91534630671145	26.316428771182494	0.0
205.0	26.06332643139825	23.8229752519018	23.749812856807917	26.363885459892032	0.0
206.0	26.19221143144467	23.83547171516867	23.717112139342273	26.255204714044396	0.0
207.0	26.18345451772004	23.735755891143086	23.80326887114908	26.277520719987795	0.0
208.0	26.308028677480046	23.728128901770027	23.74790257792241	26.215939842827524	0.0
209.0	26.32392197850313	23.670852106608663	23.634411943334133	26.370813971554075	0.0
210.0	26.446236635075778	23.797403991469047	23.66294261380489	26.09341675965029	0.0
211.0	26.34143585542577	23.749664552760557	23.687801019759608	26.221098572054068	0.0
212.0	26.27738669619552	23.83588886001288	23.614139953220867	26.27258449057073	0.0
213.0	26.208743404029335	23.661597044101196	23.78165218472108	26.348007367148398	0.0
214.0	26.124428675544202	23.757775379800115	23.88517578996729	26.23262015468839	0.0
215.0	26.293919243394104	23.76286009683561	23.69562883825515	26.247591821515133	0.0
216.0	26.191659934124665	23.73517663742013	23.795063304727094	26.278100123728116	0.0
217.0	26.332337105440086	23.74845339856837	23.71144795792114	26.207761538070407	0.0
218.0	26.258608708425374	23.81907446850583	23.79591075756634	26.126406065502454	0.0
219.0	26.222168236337644	23.78178654357885	23.748170914288618	26.247874305794884	0.0
220.0	26.33685685391608	23.64817147925718	23.769922203829356	26.245049462997383	0.0
221.0	26.336009401076833	23.673030095875163	23.76088270687736	26.230077796170644	0.0
222.0	26.340246665273074	23.69675877537415	23.635459686668437	26.327534872684332	0.0
223.0	26.264540878300124	23.689979152660154	23.854667487754305	26.190812481285413	0.0
224.0	26.20380675815391	23.8625770475873	23.76681487675211	26.166801317506682	0.0
225.0	26.24363704159863	23.692239026898154	23.72698459330738	26.33713933819583	0.0
226.0	26.45889006276801	23.663425630363673	23.641109372263433	26.23657493460489	0.0
227.0	26.16877870746493	23.73545912169988	23.736306574539125	26.359455596296065	0.0
228.0	26.269625595335622	23.652408743453428	23.71314286359964	26.364822797611314	0.0
229.0	26.18156445885746	23.582419258702657	23.91433922503044	26.321677057409442	0.0
230.0	26.058118479891302	23.823661515080467	23.756430066581732	26.3617899384465	0.0
231.0	26.196045197740116	23.834745762711865	23.710734463276836	26.258474576271183	0.0
232.0	26.185593220338983	23.733050847457626	23.799999999999997	26.281355932203386	0.0
233.0	26.301977401129946	23.73813559322034	23.739830508474576	26.220056497175143	0.0
234.0	26.312786194311283	23.672383255319932	23.629445280918873	26.385385269449912	0.0
235.0	26.44273006420922	23.798372311786192	23.6701233619304	26.08877426207419	0.0
236.0	26.350639408585902	23.74215746372165	23.683965208941267	26.223237918751185	0.0
237.0	26.274724715958847	23.825840823959457	23.623014819292763	26.27641964078893	0.0
238.0	26.210317572415665	23.658325753252843	23.782620240792323	26.348736433539173	0.0
239.0	26.13617103018113	23.75309325529102	23.8813432920146	26.229392422513246	0.0
240.0	26.29094453154795	23.765696286565817	23.691399353079934	26.251959828806303	0.0
241.0	26.20086842781794	23.739663759665287	23.786559991863786	26.272907820652986	0.0
242.0	26.343238463320507	23.758751038258776	23.70337723684731	26.194633261573408	0.0
243.0	26.257289453460515	23.81758283983545	23.8071289724696	26.117998734234437	0.0
244.0	26.208108589204937	23.794010527773146	23.771406613340265	26.226474269681653	0.0
245.0	26.325605052346035	23.65221322708713	23.778804447646902	26.243377272919933	0.0
246.0	26.32918975587839	23.68564573966955	23.75148708181564	26.233677422636426	0.0
247.0	26.344435464271786	23.695127534151343	23.62843562252378	26.33200137905309	0.0
248.0	26.263031615001797	23.697545011883534	23.8456299402856	26.19379343282907	0.0
249.0	26.206793254788032	23.870781769727937	23.761696307202747	26.16072866828128	0.0
