# Position (bp)	A	C	G	T	N
0.0	26.28195591971254	23.708603208751974	23.76009887167281	26.24934199986268	0.0
1.0	26.214439383883004	23.751230174169777	23.754949305380723	26.2793811365665	0.0
2.0	26.19796341930578	23.745147254732675	23.803751836753364	26.25313748920818	0.0
3.0	26.226378425342677	23.816206143610028	23.726464166085535	26.23095126496176	0.0
4.0	26.11405627080863	23.78006087192604	23.844076418558792	26.261806438706543	0.0
5.0	26.21081237087478	23.74761037973888	23.750182168360716	26.29139508102563	0.0
6.0	26.141256675247938	23.716595187821262	23.82002760102518	26.32212053590562	0.0
7.0	26.201645620250268	23.825495685960803	23.784926575624247	26.187932118164674	0.0
8.0	26.30149117294178	23.81648860195395	23.723076044106726	26.158944180997544	0.0
9.0	26.286052164772357	23.800641562143834	23.73265768403493	26.180648589048882	0.0
10.0	26.24606543235971	23.719373211235585	23.750221364059616	26.28433999234509	0.0
11.0	26.275771061005077	23.875327761623755	23.636825839326825	26.212075338044343	0.0
12.0	26.344893773814487	23.641395936041494	23.803634369412343	26.210075920731672	0.0
13.0	26.354033967243833	23.80392000045701	23.71566000765491	26.126386024644248	0.0
14.0	25.95786370829073	23.935310281003822	23.870757664909085	26.23606834579637	0.0
15.0	26.198650678944997	23.84105203626372	23.737367967049604	26.222929317741688	0.0
16.0	26.222929317741688	23.711375541984907	23.801349321055007	26.2643458192184	0.0
17.0	26.236925238930368	23.61254720053013	23.903033972956454	26.247493587583048	0.0
18.0	26.21950174520568	23.73965301540694	23.77164369240964	26.26920154697774	0.0
19.0	26.360603481271173	23.71308932825291	23.75679087808696	26.169516312388964	0.0
20.0	26.254063101610388	23.78306893419632	23.795922331206334	26.16694563298696	0.0
21.0	26.12153029688491	23.781640778972985	23.804205631501677	26.29262329264043	0.0
22.0	26.271200964290408	23.751078257193615	23.757076509131625	26.22064426938435	0.0
23.0	26.276056692049742	23.785639613598324	23.682241175428874	26.256062518923056	0.0
24.0	26.261489508771728	23.73365476346893	23.791923496580996	26.212932231178343	0.0
25.0	26.282911837121752	23.711375541984907	23.75736214017629	26.248350480717047	0.0
26.0	26.210647182821006	23.75850466435496	23.757076509131625	26.273771643692413	0.0
27.0	26.19493747536432	23.751363888238288	23.805348155680345	26.248350480717047	0.0
28.0	26.222929317741688	23.817630290601024	23.717088162878248	26.24235222877904	0.0
29.0	26.1191706440676	23.790998648969016	23.846410913359783	26.243419793603596	0.0
30.0	26.20228904065375	23.74644033327335	23.75929369357018	26.29197693250272	0.0
31.0	26.136805063638235	23.714667641615065	23.826920000914015	26.321607293832688	0.0
32.0	26.195073463885016	23.832346959760528	23.78036240659918	26.19221716975527	0.0
33.0	26.3036126408153	23.814066677330164	23.72809222402486	26.154228457829674	0.0
34.0	26.2801910289514	23.801213353746313	23.74008865936979	26.178506957932502	0.0
35.0	26.247914905285285	23.72409341224322	23.750656947649844	26.277334734821657	0.0
36.0	26.27190777597514	23.882332107031054	23.634120147156274	26.211639969837535	0.0
37.0	26.34702831158741	23.634120147156274	23.817494230285856	26.20135731097045	0.0
38.0	26.348742088065258	23.79892831844252	23.72352215341727	26.128807440074947	0.0
39.0	25.962571121723833	23.94345680140758	23.86605123049151	26.227920846377078	0.0
40.0	26.193645316820145	23.83777391860704	23.73694673582707	26.23163402874574	0.0
41.0	26.21992322281379	23.717809565157783	23.802355871398213	26.259911340630214	0.0
42.0	26.242773575851746	23.616982382377806	23.88147521879213	26.25876882297831	0.0
43.0	26.22335077576949	23.736089847588147	23.774649818339693	26.265909558302674	0.0
44.0	26.362452299888034	23.71266823572424	23.75122820647579	26.173651257911935	0.0
45.0	26.24048854054795	23.774649818339693	23.801213353746313	26.18364828736604	0.0
46.0	26.123951740054384	23.783789959554873	23.803784018463084	26.288474281927655	0.0
47.0	26.269908370084316	23.756083906496357	23.74951442999794	26.224493293421386	0.0
48.0	26.265338299476724	23.793215730183032	23.676107670863512	26.265338299476724	0.0
49.0	26.27076525832324	23.727520965198913	23.7957863948998	26.205927381578046	0.0
50.0	26.281904805429246	23.718095194570758	23.75265635354066	26.24734364645934	0.0
51.0	26.215638781619177	23.772650412448872	23.743801841738453	26.2679089641935	0.0
52.0	26.202785458035326	23.74037428878276	23.812352900852318	26.244487352329593	0.0
53.0	26.211639969837535	23.82577748326212	23.71952334163563	26.243059205264725	0.0
54.0	26.127019037146	23.78772082660916	23.83941960269062	26.245840533554222	0.0
55.0	26.207566301538108	23.7417346224704	23.75458790934148	26.296111166650004	0.0
56.0	26.148652122500042	23.71596030916351	23.80907496586748	26.326312602468967	0.0
57.0	26.194352567508126	23.824784493839008	23.790794787864247	26.19006815078862	0.0
58.0	26.30003484658932	23.8199288215569	23.73652550941715	26.14351082243663	0.0
59.0	26.26804453508366	23.810503104773982	23.74395183173096	26.177500528411397	0.0
60.0	26.247193707048723	23.731384209353738	23.746236853981365	26.27518522961617	0.0
61.0	26.27347146292837	23.876197494473104	23.641982713806676	26.208348328791853	0.0
62.0	26.357731658412025	23.62912946364815	23.815644404837393	26.197494473102434	0.0
63.0	26.354304125036414	23.80364803802277	23.71538905360091	26.126658783339902	0.0
64.0	25.9607090424043	23.93389430629581	23.872769961097497	26.232626690202398	0.0
65.0	26.204349539853645	23.838208999560134	23.731384209353738	26.226057251232483	0.0
66.0	26.215774651105665	23.721672864789518	23.799363621303264	26.263188862801552	0.0
67.0	26.23948175695361	23.613134307895322	23.882481305661717	26.264902629489356	0.0
68.0	26.231198551295893	23.734240487166744	23.77651339879922	26.258047562738142	0.0
69.0	26.358874169537227	23.717959703632612	23.751949409607377	26.171216717222784	0.0
70.0	26.2357685957967	23.784510976675634	23.795650460146355	26.18406996738131	0.0
71.0	26.123231249964295	23.79250855455205	23.801077387991064	26.28318280749259	0.0
72.0	26.272043324021865	23.755662570764283	23.75166378182608	26.220630323387773	0.0
73.0	26.277184624085276	23.784510976675634	23.679114325375743	26.25919007386334	0.0
74.0	26.28061215746088	23.71453217025701	23.80450492136667	26.200350750915437	0.0
75.0	26.28546782974299	23.712247148006604	23.74880750401307	26.253477518237332	0.0
76.0	26.216917162230867	23.75252066516998	23.755091315201682	26.275470857397476	0.0
77.0	26.20349265650974	23.73395485938544	23.806218688054475	26.256333796050342	0.0
78.0	26.232341062421092	23.83506709396583	23.712818403569205	26.21977344004387	0.0
79.0	26.129154801246475	23.777302367561916	23.839283419069027	26.254259412122575	0.0
80.0	26.206274081923524	23.746740282256567	23.751024686738624	26.29596094908128	0.0
81.0	26.143075850880297	23.71925234499069	23.818078992767948	26.319592811361066	0.0
82.0	26.19448855781645	23.833788430998435	23.779233836416193	26.19248917476893	0.0
83.0	26.301598363933415	23.815508357421137	23.734676157071533	26.148217121573914	0.0
84.0	26.275320758166053	23.80151267608852	23.74695808150628	26.17620848423915	0.0
85.0	26.26389571218024	23.722965484936076	23.748957464553794	26.26418133832989	0.0
86.0	26.27360700126818	23.881487997989193	23.64156203228718	26.203342968455445	0.0
87.0	26.362436733807854	23.62471008945811	23.81179521747575	26.201057959258282	0.0
88.0	26.356724210814946	23.801227049938873	23.720680475738913	26.12136826350726	0.0
89.0	25.96198887200521	23.945753881659375	23.856924149119703	26.23533309721572	0.0
90.0	26.198201697761835	23.839215327841696	23.744673072309116	26.217909902087356	0.0
91.0	26.21648177133913	23.73039176482685	23.80522581603391	26.24790064780011	0.0
92.0	26.237046854113586	23.614427548070882	23.883773007186353	26.264752590629175	0.0
93.0	26.22247992048168	23.733819278622597	23.770665051926834	26.273035748968887	0.0
94.0	26.36786363065111	23.72210860648714	23.74381619386018	26.16621156900156	0.0
95.0	26.248186273949752	23.776663201069383	23.78723136860626	26.187919156374605	0.0
96.0	26.121082637357617	23.794657648497036	23.805511442183555	26.278748271961796	0.0
97.0	26.277605767363216	23.753241856798475	23.74695808150628	26.222194294332034	0.0
98.0	26.26760885212563	23.793515143898457	23.677836553292128	26.26103945068379	0.0
99.0	26.26161070298308	23.722394232636788	23.799513293041006	26.21648177133913	0.0
100.0	26.295885840940507	23.709826682052395	23.753813109097763	26.240474367909332	0.0
101.0	26.219623658985224	23.755526865995634	23.744673072309116	26.28017640271002	0.0
102.0	26.20562797765261	23.731534269425435	23.80808207753036	26.254755675391593	0.0
103.0	26.228192443474583	23.8329315525495	23.71068356050133	26.228192443474583	0.0
104.0	26.12386428226638	23.782022170238413	23.82400909431063	26.27010445318458	0.0
105.0	26.1995549957299	23.74831838084711	23.75203151018683	26.300095113236168	0.0
106.0	26.142640884293506	23.72083059609837	23.81594356059524	26.320584959012884	0.0
107.0	26.200908285967266	23.82508354517152	23.779669246808147	26.194338922053067	0.0
108.0	26.29659249950016	23.825654794207534	23.73082745422867	26.146925252063635	0.0
109.0	26.27060066836137	23.806803576018964	23.731684327782695	26.190911427836966	0.0
110.0	26.262031932821113	23.7151181057382	23.745965553683128	26.27688440775756	0.0
111.0	26.280026277455658	23.871069092570906	23.642855102682013	26.206049527291427	0.0
112.0	26.360001142498074	23.638856359429894	23.803947330838877	26.197195167233154	0.0
113.0	26.37285424580846	23.793950472708577	23.71283310959413	26.120362171888832	0.0
114.0	25.965839307646167	23.95132958213133	23.854502870526407	26.228328239696097	0.0
115.0	26.192625174945018	23.837936648481907	23.74567992916512	26.223758247407957	0.0
116.0	26.212333266687615	23.72311559224244	23.799662963068748	26.2648881780012	0.0
117.0	26.229185113250118	23.608008911484962	23.895918425637657	26.26688754962726	0.0
118.0	26.217760132529776	23.73711119362486	23.76995801319585	26.27517066064951	0.0
119.0	26.372568621290455	23.722258718688412	23.74139556139499	26.163777098626145	0.0
120.0	26.236040101682327	23.791951101082518	23.789380480420437	26.182628316814714	0.0
121.0	26.125217788694982	23.788523606866413	23.811944817343118	26.274313787095483	0.0
122.0	26.274313787095483	23.750821170489274	23.749393047899233	26.22547199451601	0.0
123.0	26.26803004769929	23.791665476564507	23.675701922253005	26.26460255348319	0.0
124.0	26.269743794807347	23.7185455999543	23.799091714032734	26.21261889120562	0.0
125.0	26.29630687498215	23.71054811345006	23.74539430464711	26.24775070692068	0.0
126.0	26.2186170060838	23.74967867241724	23.742252434949016	26.28945188654994	0.0
127.0	26.199765787895235	23.73282682585473	23.806232326982947	26.26117505926709	0.0
128.0	26.223758247407957	23.838222272999914	23.707406243751965	26.230613235840167	0.0
129.0	26.11586677291929	23.788877178250203	23.836290983665087	26.25896506516542	0.0
130.0	26.192128737050464	23.751174634185354	23.75945776886627	26.29723885989792	0.0
131.0	26.148502747723562	23.716967335793527	23.81322334822398	26.32130656825894	0.0
132.0	26.205913603802255	23.822934637311917	23.785517611708386	26.185634147177446	0.0
133.0	26.299884607035544	23.82607652495801	23.72696425103111	26.147074616975335	0.0
134.0	26.272750122819243	23.80951020827859	23.728678007928984	26.189061660973184	0.0
135.0	26.26418133832989	23.71982359728998	23.736675540119048	26.279319524261087	0.0
136.0	26.281318907308602	23.87806048419345	23.63185074319924	26.20876986529871	0.0
137.0	26.356438584665305	23.632707621648176	23.800084545340294	26.210769248346228	0.0
138.0	26.356438584665305	23.79979891919065	23.722965484936076	26.12079701120797	0.0
139.0	25.969129525746343	23.952894535400503	23.849497869228927	26.228478069624227	0.0
140.0	26.190204165571767	23.83407405714808	23.752956230648827	26.222765546631326	0.0
141.0	26.21905240668594	23.729249260228272	23.79665703154455	26.255041301541237	0.0
142.0	26.242188124807203	23.599289362139682	23.890913660927485	26.26760885212563	0.0
143.0	26.21333988369303	23.729534886377916	23.779233836416193	26.27789139351286	0.0
144.0	26.35786671541353	23.729534886377916	23.74695808150628	26.165640316702277	0.0
145.0	26.241331246358268	23.78637449015732	23.78637449015732	26.185919773327086	0.0
146.0	26.124795777303007	23.791801387000582	23.803797685285684	26.279605150410728	0.0
147.0	26.270465113622084	23.7515280999006	23.747814959955214	26.230191826522102	0.0
148.0	26.25989694608521	23.792943891599165	23.682692197836097	26.26446696447953	0.0
149.0	26.255898179990172	23.730106138677208	23.80179830223817	26.212197379094448	0.0
150.0	26.298456476287317	23.708684177453815	23.752670604499183	26.240188741759685	0.0
151.0	26.215053640590902	23.75838312749209	23.74095993236373	26.28560329955328	0.0
152.0	26.19962982851006	23.724393615684303	23.81607960972043	26.25989694608521	0.0
153.0	26.228478069624227	23.83407405714808	23.71925234499069	26.218195528237004	0.0
154.0	26.120871619247833	23.788727446180737	23.831285864035852	26.25911507053558	0.0
155.0	26.19199273365	23.755594718186153	23.765306035012156	26.28710651315169	0.0
156.0	26.148366494718744	23.724529142602528	23.808789338086182	26.318315024592554	0.0
157.0	26.205492050978847	23.81364501036829	23.788224137832543	26.192638800820323	0.0
158.0	26.29632168543241	23.82678388830811	23.729670442665935	26.14722398359354	0.0
159.0	26.26461700170805	23.810217476992683	23.726242909290328	26.198922612008936	0.0
160.0	26.271757696240567	23.72024472588302	23.737096764979746	26.270900812896663	0.0
161.0	26.292322896494202	23.873341216660098	23.628843835866853	26.205492050978847	0.0
162.0	26.37058490857055	23.632842624805058	23.786224743363437	26.210347723260956	0.0
163.0	26.359445425099825	23.794507949021153	23.72595728150903	26.12008934436999	0.0
164.0	25.973276664781526	23.94760443979823	23.845920949655248	26.233197945764996	0.0
165.0	26.18378433960001	23.839922766247938	23.74880750401307	26.227485390138987	0.0
166.0	26.21834530113737	23.724814770383826	23.794507949021153	26.26233197945765	0.0
167.0	26.23919612917231	23.6019948244246	23.885051955693417	26.273757090709672	0.0
168.0	26.21434651219916	23.723957887039926	23.78194032664393	26.279755274116983	0.0
169.0	26.36515798072584	23.72681416485293	23.745379970637465	26.16264788378377	0.0
170.0	26.229770412389392	23.794793576802455	23.79250855455205	26.182927456256106	0.0
171.0	26.11980371658869	23.792794182333353	23.80307678246017	26.28432531861779	0.0
172.0	26.264045746145452	23.757376337452087	23.751949409607377	26.226628506795084	0.0
173.0	26.260903840551148	23.795650460146355	23.679685580938344	26.263760118364154	0.0
174.0	26.249193101517825	23.71681719250741	23.81421626593089	26.21977344004387	0.0
175.0	26.293179779838106	23.71453217025701	23.737668020542348	26.254620029362535	0.0
176.0	26.208633956573152	23.77137209873581	23.742523692824456	26.277470251866575	0.0
177.0	26.19178191747642	23.742238065043157	23.809646221430082	26.256333796050342	0.0
178.0	26.221772834512976	23.833924582840627	23.72138723700822	26.222915345638175	0.0
179.0	26.113880121677784	23.789148969594837	23.835992059524997	26.26097884920238	0.0
180.0	26.18357349937876	23.766298681824026	23.76115736707559	26.288970451721628	0.0
181.0	26.14565957544044	23.732091035806505	23.810353494961497	26.311895893791558	0.0
182.0	26.204784863926143	23.824063706784273	23.775792335991593	26.19535909329799	0.0
183.0	26.30304138198935	23.826920000914015	23.734090441697326	26.13594817539931	0.0
184.0	26.26733770536755	23.79892831844252	23.74008865936979	26.193645316820145	0.0
185.0	26.270479628910266	23.73151977698055	23.724379041656192	26.273621552452987	0.0
186.0	26.29447249960012	23.87376322464182	23.62612252359299	26.20564175216507	0.0
187.0	26.36359481753993	23.640689623654684	23.792358841944107	26.203356716861276	0.0
188.0	26.36102415282316	23.793501359596007	23.721237118113475	26.124237369467355	0.0
189.0	25.98713525123963	23.949455019080045	23.841487100975712	26.221922628704615	0.0
190.0	26.185647693256858	23.838059548020016	23.75237072412769	26.223922034595436	0.0
191.0	26.22306514635651	23.71638141809291	23.79892831844252	26.26162511710806	0.0
192.0	26.23791787583118	23.617553641203756	23.88147521879213	26.26305326417293	0.0
193.0	26.217923816922973	23.72352215341727	23.776649224230514	26.281904805429246	0.0
194.0	26.35645408221557	23.734661700523276	23.7466581358682	26.16222608139296	0.0
195.0	26.227920846377078	23.792073212531132	23.802355871398213	26.177650069693577	0.0
196.0	26.12566551653223	23.79492950666088	23.804926536114984	26.274478440691908	0.0
197.0	26.251056828828006	23.762367753581792	23.753513241779586	26.233062175810616	0.0
198.0	26.263338893585907	23.785789365445694	23.686961588556542	26.263910152411857	0.0
199.0	26.240774169960922	23.726949706372963	23.814066677330164	26.218209446335944	0.0
200.0	26.304755158467195	23.71209697689829	23.7466581358682	26.23648972876631	0.0
201.0	26.22020885222677	23.768080341841284	23.744087471151428	26.26762333478052	0.0
202.0	26.187647099147682	23.739231771130864	23.822921189132373	26.25019994058908	0.0
203.0	26.230777140506824	23.846914059822225	23.71581015926696	26.206498640403996	0.0
204.0	26.104603502397865	23.79214116988429	23.826702427571313	26.276552900146527	0.0
205.0	26.186579378068743	23.750724786705625	23.763863777231272	26.29883205799436	0.0
206.0	26.159519225825616	23.726799618396925	23.810489514484352	26.30319164129311	0.0
207.0	26.202078251480998	23.8264848529857	23.778784468526315	26.192652427006983	0.0
208.0	26.30204911711444	23.83134058074504	23.725942725262925	26.140667576877597	0.0
209.0	26.27262911951374	23.805348155680345	23.735368549736936	26.18665417506898	0.0
210.0	26.272343488469076	23.72422893899492	23.72422893899492	26.279198633541085	0.0
211.0	26.29176639950643	23.87761280998109	23.62711438380815	26.20350640670433	0.0
212.0	26.370886198879184	23.644252246488165	23.787067768821657	26.19779378581099	0.0
213.0	26.36374542276251	23.80192058314434	23.719373211235585	26.114960782857565	0.0
214.0	25.978714774551413	23.95359066786251	23.821343494181697	26.246351063404376	0.0
215.0	26.18579728193498	23.827913008209038	23.758219033310294	26.228070676545695	0.0
216.0	26.227213783411692	23.711089910940238	23.797350486429668	26.2643458192184	0.0
217.0	26.253491839521054	23.59569496889478	23.88218290669576	26.268630284888406	0.0
218.0	26.210647182821006	23.7356541807816	23.778784468526315	26.274914167871078	0.0
219.0	26.358604063958502	23.743651850032276	23.746508160478946	26.151235925530276	0.0
220.0	26.237782132064368	23.797921748519002	23.79820737956367	26.166088739852956	0.0
221.0	26.11267573450023	23.791923496580996	23.80677631090368	26.288624458015093	0.0
222.0	26.258918829369726	23.75764777122096	23.74308058794294	26.240352811466373	0.0
223.0	26.266630867575735	23.78878155508966	23.67538603035687	26.26920154697774	0.0
224.0	26.243780384002374	23.730512821977594	23.800492427921004	26.22521436609902	0.0
225.0	26.29005261323843	23.712232435118906	23.755077091818954	26.24263785982371	0.0
226.0	26.213217862223008	23.774214371811645	23.745080005255613	26.267487760709734	0.0
227.0	26.192938058051652	23.74336621898761	23.815059611199022	26.248636111761712	0.0
228.0	26.233497666394367	23.84476523984439	23.706805445270234	26.214931648491014	0.0
229.0	26.11160779317968	23.793705245057854	23.831694282507048	26.262992679255415	0.0
230.0	26.192155977846394	23.757715630632305	23.759143789934907	26.2909846015864	0.0
231.0	26.147957726363895	23.72722079405884	23.81176806626678	26.313053413310485	0.0
232.0	26.196800914024564	23.83690374178806	23.790631248214797	26.17566409597258	0.0
233.0	26.30248500428449	23.820337046558127	23.74093116252499	26.136246786632388	0.0
234.0	26.266209654384458	23.81005427020851	23.738931733790345	26.18480434161668	0.0
235.0	26.28591830905456	23.729220222793487	23.723793201942303	26.26106826620965	0.0
236.0	26.286489574407312	23.86689517280777	23.629820051413883	26.216795201371035	0.0
237.0	26.36703798914596	23.644958583261925	23.78863181948015	26.199371608111967	0.0
238.0	26.36475292773493	23.802056555269925	23.723507569265927	26.10968294772922	0.0
239.0	25.982576406740932	23.948586118251928	23.81348186232505	26.25535561268209	0.0
240.0	26.191475930543774	23.818949930161015	23.76010808618331	26.229466053111906	0.0
241.0	26.223251854623776	23.71461789179909	23.788031570738507	26.274098682838627	0.0
242.0	26.251946233948033	23.605639436056393	23.8727555815847	26.269658748410873	0.0
243.0	26.215897305497858	23.7273898671177	23.778531409192336	26.278181418192105	0.0
244.0	26.35443840916169	23.737424245454726	23.75199654836433	26.15614079701925	0.0
245.0	26.250953699496787	23.791480570248005	23.79205207556443	26.165513654690777	0.0
246.0	26.10930913767236	23.788240337215115	23.80652997070801	26.295920554404518	0.0
247.0	26.259011313808106	23.75813948170296	23.735843447538574	26.247005756950358	0.0
248.0	26.26793765591742	23.784130181035863	23.67541711486966	26.272515048177052	0.0
249.0	26.244056508230774	23.73248422221078	23.80429247415189	26.21916679540656	0.0
