# Position (bp)	A	C	G	T	N
0.0	26.262924754085894	23.74673041025671	23.747900733207327	26.24244410245007	0.0
1.0	26.314418963913095	23.74351202214251	23.75492267091104	26.18714634303336	0.0
2.0	26.24848601871193	23.699146319343267	23.890185890572067	26.162181771372733	0.0
3.0	26.212848116077698	23.687105078399252	23.79680552305172	26.30324128247133	0.0
4.0	26.129320053237386	23.77020168780074	23.85444546824039	26.246032790721486	0.0
5.0	26.10150455109156	23.806069682008562	23.833270936191123	26.259154830708752	0.0
6.0	26.31859100720056	23.76096023023064	23.70012693101855	26.22032183155025	0.0
7.0	26.271783728771926	23.690636688785492	23.78802191021258	26.249557672230004	0.0
8.0	26.21561081738642	23.787605857858047	23.763919431057875	26.232863893697655	0.0
9.0	26.29227413346433	23.831704649789177	23.629946724211536	26.246074492534955	0.0
10.0	26.273562700833008	23.68857324136802	23.79792580983764	26.239938247961337	0.0
11.0	26.244908819255407	23.7768739784745	23.77365772646069	26.204559475809397	0.0
12.0	26.279995204860633	23.76313181077912	23.656703107776604	26.30016987658364	0.0
13.0	26.307187153704685	23.66430515799107	23.759038399125178	26.269469289179064	0.0
14.0	26.2074833412765	23.77453488610082	23.7710262475403	26.246955525082377	0.0
15.0	26.23672199594752	23.81371468335999	23.684187443167364	26.26537587752512	0.0
16.0	26.252434110884348	23.632073540849206	23.843760781722388	26.27173156654406	0.0
17.0	26.247679195356927	23.782582635264536	23.785798868470682	26.183939300907856	0.0
18.0	26.254404046606144	23.79573995292604	23.67410786076634	26.275748139701477	0.0
19.0	26.231013259652354	23.69399002967706	23.758022308963056	26.316974401707526	0.0
20.0	26.271654751984563	23.8252708214552	23.803926728359865	26.09914769820037	0.0
21.0	26.24914111954154	23.85860269286435	23.756852769615367	26.135403417978743	0.0
22.0	26.278087218396855	23.816206891510603	23.69896057190474	26.206745318187796	0.0
23.0	26.155577971726384	23.89485841264272	23.702176805110888	26.247386810520005	0.0
24.0	26.169320059061736	23.755098460593835	23.73433913717235	26.341242343172084	0.0
25.0	26.26317559171381	23.74603453064924	23.74457260646463	26.246217271172316	0.0
26.0	26.31843632589214	23.74106398842156	23.748081224507697	26.1924184611786	0.0
27.0	26.24036957443387	23.696329108372442	23.896612721664255	26.166688595529436	0.0
28.0	26.210546321067792	23.682587021037087	23.79924857096911	26.30761808692601	0.0
29.0	26.131894799935672	23.77059485695072	23.850415917430524	26.24709442568308	0.0
30.0	26.10382585559113	23.803634343522944	23.823224127596742	26.269315673289185	0.0
31.0	26.30995716562139	23.76357762086458	23.70129965060012	26.225165562913904	0.0
32.0	26.27019282779995	23.69018902679707	23.788722716839906	26.250895428563076	0.0
33.0	26.212300630089324	23.785214098796835	23.768840547929184	26.233644723184657	0.0
34.0	26.284227299972223	23.838428139116704	23.626741517184918	26.25060304372615	0.0
35.0	26.26259082203997	23.69106618130784	23.80802011607678	26.238322880575417	0.0
36.0	26.247679195356927	23.772349165972255	23.775857784015322	26.204113854655496	0.0
37.0	26.269608058126103	23.759484233147667	23.664459161147903	26.30644854757832	0.0
38.0	26.302939929535253	23.65802669473561	23.755683230267678	26.283350145461455	0.0
39.0	26.20966916655702	23.77088724178764	23.77059485695072	26.248848734704616	0.0
40.0	26.236276186716957	23.812113503793693	23.682294636200165	26.269315673289185	0.0
41.0	26.245263379491018	23.628719124251496	23.845668038922156	26.280349457335326	0.0
42.0	26.24694094153215	23.787998842162818	23.776888283330948	26.188171932974093	0.0
43.0	26.254835285965317	23.79296935532444	23.67835516947988	26.273840189230356	0.0
44.0	26.226766505758487	23.69852960525354	23.759345295701674	26.315358593286298	0.0
45.0	26.26272963039849	23.828055330582984	23.809927576699405	26.099287462319126	0.0
46.0	26.248987623422227	23.862556539587214	23.761099594464604	26.127356242525956	0.0
47.0	26.282904066172147	23.81226664171664	23.693559092091913	26.2112702000193	0.0
48.0	26.15308595771555	23.90144349549876	23.702915352160858	26.242555194624828	0.0
49.0	26.17735375726938	23.757298613811596	23.72893745047761	26.336410178441422	0.0
50.0	26.24752570778646	23.75525193192151	23.745603288725412	26.25161907156662	0.0
51.0	26.315358593286298	23.739170859928016	23.759930061955984	26.1855404848297	0.0
52.0	26.23875421397182	23.69589815710915	23.90202826175307	26.16331936716596	0.0
53.0	26.20688445311198	23.694436241473376	23.79472365408737	26.30395565132727	0.0
54.0	26.129987690670347	23.761684360718913	23.85583172766266	26.25249622094808	0.0
55.0	26.104550358607902	23.802910381647695	23.82454673305713	26.267992526687273	0.0
56.0	26.30951093074321	23.76022244508314	23.698237222126387	26.232029402047267	0.0
57.0	26.272085890467434	23.689465728311752	23.78887599154428	26.249572389676533	0.0
58.0	26.207761602493445	23.785367394018426	23.76928632202493	26.2375846814632	0.0
59.0	26.284658364935076	23.84676785072087	23.623971907829144	26.24460187651491	0.0
60.0	26.26536107854288	23.691804793328984	23.80700374542786	26.235830382700275	0.0
61.0	26.23612276582743	23.783320712128344	23.78068926398395	26.199867258060273	0.0
62.0	26.267700143560113	23.76490057511761	23.66870652628378	26.298692755038495	0.0
63.0	26.304540417581585	23.663151246867844	23.75642146443013	26.27588687112044	0.0
64.0	26.209223518129214	23.777765432712407	23.76870155577062	26.244309493387757	0.0
65.0	26.234660850191656	23.814898089861032	23.684495215150125	26.26594584479719	0.0
66.0	26.23867749650603	23.630920010057952	23.851083861083335	26.279318632352684	0.0
67.0	26.238308398071453	23.786105450282	23.782596873273125	26.192989278373425	0.0
68.0	26.24795698484587	23.7992626140653	23.678216707258954	26.274563693829876	0.0
69.0	26.225735997122968	23.70716246758221	23.753358731532458	26.313742803762363	0.0
70.0	26.26023700437695	23.826746467301525	23.813004540683412	26.100011987638112	0.0
71.0	26.24766460342847	23.85686175329441	23.76534636964613	26.130127273630997	0.0
72.0	26.284504662021703	23.811835015013784	23.696636736555572	26.20702358640894	0.0
73.0	26.151763498519088	23.90218087299244	23.701607220651486	26.24444840783699	0.0
74.0	26.180709258842345	23.75394349436727	23.730260599557333	26.335086647233048	0.0
75.0	26.235969346732197	23.755405401454304	23.751896824445424	26.25672842736807	0.0
76.0	26.315497092266803	23.74283300050582	23.759498741298	26.18217116592938	0.0
77.0	26.238016016654047	23.70306912773852	23.896333244644303	26.16258161096313	0.0
78.0	26.206731204991534	23.69751388080779	23.79429212996939	26.301462784231283	0.0
79.0	26.116677728430293	23.765053988228722	23.85920080463366	26.259067478707323	0.0
80.0	26.109368192995124	23.803355953908994	23.82703884871893	26.26023700437695	0.0
81.0	26.30614088690979	23.75774445279356	23.698391025060012	26.237723635236637	0.0
82.0	26.28099608501282	23.677631944424142	23.79838546981308	26.24298650074996	0.0
83.0	26.212871214757076	23.77382543075092	23.769439709489824	26.24386364500218	0.0
84.0	26.275148456664688	23.85159888778109	23.61944804236022	26.253804613194003	0.0
85.0	26.267838921229526	23.693128159546692	23.805987386665652	26.23304553255813	0.0
86.0	26.239477923741077	23.78376639894275	23.777334007759805	26.199421669556372	0.0
87.0	26.271639879655805	23.760960648385034	23.6714919346586	26.29590753730056	0.0
88.0	26.29473801163093	23.672953841745635	23.755697782871714	26.276610363751722	0.0
89.0	26.20468453506969	23.790491171543103	23.771193997994263	26.233630295392945	0.0
90.0	26.23333791397554	23.80978834509194	23.693128159546692	26.263745581385827	0.0
91.0	26.245833576983802	23.632243728436933	23.84480439740366	26.277118297175605	0.0
92.0	26.244879700369278	23.781288283467976	23.780995903760296	26.192836112402457	0.0
93.0	26.253358711891963	23.79181395294441	23.676908727826653	26.277918607336975	0.0
94.0	26.231722613523733	23.695621029118094	23.75877504597671	26.313881311381465	0.0
95.0	26.267977697275896	23.827776656988895	23.807602457159064	26.09664318857614	0.0
96.0	26.251604433645888	23.853798450972306	23.768715956037788	26.125881159344015	0.0
97.0	26.284058581198234	23.812865291897282	23.70176100297935	26.20131512392514	0.0
98.0	26.147224878004565	23.908473456308236	23.7038076609331	26.240494004754094	0.0
99.0	26.183479961756735	23.747956996792592	23.738600846146873	26.329962195303796	0.0
100.0	26.240786384461774	23.75877504597671	23.74912651562331	26.251312053938207	0.0
101.0	26.326453638811653	23.73889322585455	23.754096970653848	26.180556164679945	0.0
102.0	26.234354030892842	23.705561939179173	23.90291824186234	26.157165788065644	0.0
103.0	26.215934109309075	23.69737530736417	23.79415299060584	26.292537592720915	0.0
104.0	26.126173539051695	23.76228360246885	23.859646045125885	26.251896813353564	0.0
105.0	26.115940249282936	23.807017697743706	23.816666228097105	26.26037582487625	0.0
106.0	26.30949561576628	23.75643600831528	23.700591484148635	26.233476891769804	0.0
107.0	26.28815189710573	23.6804172843188	23.7891825355753	26.24224828300017	0.0
108.0	26.219442665801225	23.771639753114577	23.76345312129957	26.245464459784635	0.0
109.0	26.284058581198234	23.840641364126764	23.624865139859832	26.250434914815173	0.0
110.0	26.26563865961447	23.697667687071846	23.80526341949763	26.23143023381605	0.0
111.0	26.241371143877128	23.775733069022078	23.77982638492958	26.203069402171213	0.0
112.0	26.28347382178287	23.7520503127001	23.66550591922718	26.298969946289848	0.0
113.0	26.29838518687449	23.669599235134683	23.750296034454024	26.281719543536802	0.0
114.0	26.204823680417284	23.783042561714048	23.771639753114577	26.240494004754094	0.0
115.0	26.23610830913891	23.807602457159064	23.695621029118094	26.260668204583933	0.0
116.0	26.25182005835882	23.62655033886709	23.85080491898182	26.27082468379227	0.0
117.0	26.249265395984455	23.776025448729758	23.768423576330107	26.20628557895568	0.0
118.0	26.24838825686142	23.790352054406018	23.67749348724201	26.28376620149055	0.0
119.0	26.23610830913891	23.698837205902564	23.759359805392066	26.30569467956646	0.0
120.0	26.264469140783753	23.826314758450504	23.802339622420845	26.106876478344898	0.0
121.0	26.254235851014997	23.85555272921838	23.766376918376356	26.123834501390263	0.0
122.0	26.290490934767163	23.79649202826727	23.695913408825774	26.217103628139792	0.0
123.0	26.1536572315735	23.901748723031627	23.704977179763816	26.23961686563106	0.0
124.0	26.18757327766424	23.750003654746347	23.73041421433187	26.33200885325755	0.0
125.0	26.24371018153856	23.757605527145994	23.756728388022957	26.241955903292485	0.0
126.0	26.33230123296523	23.730706594039546	23.750003654746347	26.186988518248878	0.0
127.0	26.241955903292485	23.70410004064078	23.90321062157002	26.150733434496715	0.0
128.0	26.21856552667819	23.693866750872022	23.797953926805665	26.28961379564413	0.0
129.0	26.124419260805627	23.76549977925332	23.85555272921838	26.254528230722673	0.0
130.0	26.108630756590966	23.80175486300549	23.824268100496752	26.265346279906787	0.0
131.0	26.307741337520213	23.757313147438317	23.698544826194883	26.23640068884659	0.0
132.0	26.28493572032127	23.676323968411296	23.7891825355753	26.249557775692132	0.0
133.0	26.207162718078713	23.768715956037788	23.775440689314397	26.248680636569098	0.0
134.0	26.26943959581429	23.8511670336032	23.628081316644302	26.251312053938207	0.0
135.0	26.26329962195304	23.696205788533454	23.80555579920531	26.2349387903082	0.0
136.0	26.237862587384985	23.771932132822254	23.78391970083708	26.20628557895568	0.0
137.0	26.280257644998407	23.75146555328474	23.67106113367308	26.297215668043776	0.0
138.0	26.299847085412885	23.66872209601165	23.750003654746347	26.281427163829125	0.0
139.0	26.201899883340495	23.78216542259101	23.77661020814511	26.239324485923376	0.0
140.0	26.228506436739263	23.807017697743706	23.698544826194883	26.265931039322147	0.0
141.0	26.251096427109527	23.62639611718613	23.839833927840477	26.28267352786387	0.0
142.0	26.246495077758837	23.764176843976504	23.771778760829076	26.21754931743558	0.0
143.0	26.243278882167363	23.78902926445607	23.680555758598206	26.28713609477836	0.0
144.0	26.236261728149607	23.70131483923408	23.753358731532458	26.309064701083855	0.0
145.0	26.260821767211763	23.817390261944514	23.806279768083062	26.11550820276067	0.0
146.0	26.254681757446225	23.85920080463366	23.76300731830688	26.123110119613237	0.0
147.0	26.293568485961305	23.792830222882355	23.6978062622252	26.215795028931144	0.0
148.0	26.15761112686722	23.903935161496875	23.706870086164802	26.2315836254711	0.0
149.0	26.1789549703379	23.756574927123932	23.73786251640991	26.326607586128254	0.0
150.0	26.25117318043734	23.749557773106172	23.759498741298	26.239770305158483	0.0
151.0	26.329239018884916	23.73669299074028	23.74868062885395	26.185387361520853	0.0
152.0	26.2406474494107	23.703361509155922	23.909782789845007	26.14620825158836	0.0
153.0	26.200883576643403	23.702484364903704	23.812127396431194	26.284504662021703	0.0
154.0	26.12749584087434	23.771193997994263	23.852476032033305	26.248834129098093	0.0
155.0	26.09679579204664	23.805695005248246	23.829377900058184	26.26813130264693	0.0
156.0	26.311696133840517	23.759791122715406	23.696344355138166	26.232168388305915	0.0
157.0	26.276610363751722	23.67675480017192	23.794584511386795	26.252050324689563	0.0
158.0	26.19415880404305	23.781427347603497	23.78025782193387	26.244156026419585	0.0
159.0	26.27602560091691	23.84604364085036	23.63085091763908	26.247079840593653	0.0
160.0	26.266084632725082	23.693420540964098	23.80978834509194	26.23070648121888	0.0
161.0	26.236846490984416	23.769439709489824	23.78785973878644	26.205854060739313	0.0
162.0	26.27924179650838	23.755405401454304	23.6714919346586	26.293860867378715	0.0
163.0	26.294445630213524	23.671784316076007	23.761837792637248	26.271932261073218	0.0
164.0	26.199129288138963	23.77908829626424	23.782596873273125	26.239185542323675	0.0
165.0	26.234507439645167	23.8036483353264	23.695174829468538	26.266669395559894	0.0
166.0	26.253296610119936	23.620979012800497	23.850206714266502	26.27551766281307	0.0
167.0	26.244017110260604	23.77133300391501	23.773964452059403	26.21068543376499	0.0
168.0	26.240508512734745	23.797062719104606	23.6795247019885	26.282904066172147	0.0
169.0	26.23524561644597	23.69969913776216	23.76022244508314	26.304832800708738	0.0
170.0	26.260682948508407	23.826008648692902	23.804957063537778	26.108351339260917	0.0
171.0	26.257759117236862	23.858755558934206	23.76607010762623	26.117415216202705	0.0
172.0	26.300154670674264	23.79296935532444	23.697067689617768	26.209808284383524	0.0
173.0	26.163611750293114	23.895303449828518	23.70496203405094	26.23612276582743	0.0
174.0	26.180569971668078	23.75700623068444	23.74706520436119	26.315358593286298	0.0
175.0	26.255420052219623	23.75174333439566	23.756713847557283	26.23612276582743	0.0
176.0	26.334655879678497	23.728060301096143	23.754959548794357	26.182324270431	0.0
177.0	26.243724727133444	23.700283904016466	23.90261302800738	26.15337834084271	0.0
178.0	26.208638751874908	23.697067689617768	23.810219959826558	26.28407359868077	0.0
179.0	26.12764862565311	23.766947257007693	23.858463175807053	26.24694094153215	0.0
180.0	26.099872228573435	23.816067622369648	23.825716265565745	26.258343883491168	0.0
181.0	26.31301952826906	23.75262048377712	23.708178248449638	26.226181739504177	0.0
182.0	26.27588687112044	23.67835516947988	23.797939868486072	26.24781809091361	0.0
183.0	26.193434829262873	23.78302832900119	23.7836130952555	26.239923746480436	0.0
184.0	26.279395468646292	23.851738363882497	23.630111953499387	26.23875421397182	0.0
185.0	26.267115377305807	23.68478759827728	23.81431332360672	26.233783700810193	0.0
186.0	26.24694094153215	23.768409172643466	23.777473049585254	26.20717683623913	0.0
187.0	26.276471637374748	23.755836698175823	23.66256648061354	26.30512518383589	0.0
188.0	26.298692755038495	23.668998909410934	23.76490057511761	26.26740776043296	0.0
189.0	26.20103679056889	23.78098164711111	23.78302832900119	26.234953233318812	0.0
190.0	26.23524561644597	23.809342810445095	23.69005049456606	26.26536107854288	0.0
191.0	26.244386227544908	23.62345621257485	23.84742234281437	26.28473521706587	0.0
192.0	26.236276186716957	23.77088724178764	23.786383638144525	26.206452933350878	0.0
193.0	26.249725889215387	23.787260792655292	23.691650950981682	26.27136236714764	0.0
194.0	26.232182799000043	23.699252956741663	23.762700466353813	26.305863777904477	0.0
195.0	26.26785374910457	23.827025130476734	23.802172419338333	26.102948701080365	0.0
196.0	26.252064967910766	23.854801689984356	23.761530927006124	26.131602415098754	0.0
197.0	26.30498662339371	23.794570413578352	23.69252810549245	26.207914857535485	0.0
198.0	26.164641901670983	23.903045188076547	23.69369764484014	26.238615265412335	0.0
199.0	26.18335453123401	23.75714515445229	23.741941142932326	26.317559171381372	0.0
200.0	26.249725889215387	23.745157376138472	23.758022308963056	26.24709442568308	0.0
201.0	26.33714895545517	23.730538134292356	23.756852769615367	26.175460140637107	0.0
202.0	26.242123883455402	23.704808268643188	23.901583263891936	26.15148458400947	0.0
203.0	26.2120082452524	23.693405260003217	23.812405888630618	26.282180606113766	0.0
204.0	26.128093797055683	23.759484233147667	23.86386561992895	26.248556349867698	0.0
205.0	26.09797815885268	23.809482040261393	23.827317515313656	26.26522228557227	0.0
206.0	26.314635323012148	23.758899463473824	23.699252956741663	26.227212256772365	0.0
207.0	26.273701445843017	23.67498501527711	23.79427802874143	26.257035510138444	0.0
208.0	26.187740303787844	23.778781632384543	23.78550648363376	26.247971580193852	0.0
209.0	26.28013391225531	23.8474920690613	23.627911056532607	26.244462962150784	0.0
210.0	26.269315673289185	23.682294636200165	23.812405888630618	26.235983801880035	0.0
211.0	26.247679195356927	23.770010087276873	23.77439585983071	26.207914857535485	0.0
212.0	26.28247299095069	23.755683230267678	23.659488618920225	26.302355159861406	0.0
213.0	26.308202856599856	23.662120082452525	23.7586070786369	26.271069982310717	0.0
214.0	26.20528339400319	23.777319708199933	23.77176439629841	26.245632501498473	0.0
215.0	26.24124672894464	23.80655819189217	23.689019487449382	26.26317559171381	0.0
216.0	26.250387411041654	23.628272526855625	23.836743525118855	26.284596536983866	0.0
217.0	26.23526006321397	23.767225222433066	23.78623034796923	26.211284366383737	0.0
218.0	26.251926096376454	23.7882770537962	23.69032756064828	26.269469289179064	0.0
219.0	26.22911994573306	23.700268703236425	23.761377491498862	26.309233859531655	0.0
220.0	26.268592129538938	23.823363439401426	23.80435831386526	26.103686117194375	0.0
221.0	26.24870984436264	23.851432547885608	23.768979541713325	26.130878066038427	0.0
222.0	26.307479540251393	23.797341036744218	23.683602670073945	26.211576752930444	0.0
223.0	26.168011157470623	23.89646007607898	23.695590518489063	26.239938247961337	0.0
224.0	26.19169446775415	23.74705055071006	23.742664752509405	26.318590229026384	0.0
225.0	26.24578597889554	23.746465777616642	23.74558861797651	26.262159625511313	0.0
226.0	26.341103993123067	23.732723609921262	23.758161239485048	26.168011157470623	0.0
227.0	26.24666313853567	23.70348495525024	23.89587530298556	26.153976603228536	0.0
228.0	26.20660618163637	23.697637224316033	23.817223321920512	26.27853327212708	0.0
229.0	26.135848637332497	23.758161239485048	23.856695505726393	26.24929461745606	0.0
230.0	26.097838386260168	23.80318876767842	23.82687207796195	26.27210076809946	0.0
231.0	26.31771306938625	23.75728407984492	23.69325142611538	26.23175142465345	0.0
232.0	26.276778952846826	23.671614821658828	23.795879104010666	26.255727121483684	0.0
233.0	26.185846736819947	23.785353188329097	23.78184454976858	26.246955525082377	0.0
234.0	26.271223608459326	23.842953338031013	23.632435024399655	26.253388029110003	0.0
235.0	26.26303678515144	23.68652653554105	23.81371468335999	26.23672199594752	0.0
236.0	26.244908819255407	23.77307295336727	23.775119659194242	26.206898568183078	0.0
237.0	26.270638835365904	23.76108510495215	23.66342799835094	26.304848061331004	0.0
238.0	26.299877490036927	23.657580267416737	23.762547037685703	26.279995204860633	0.0
239.0	26.204559475809397	23.7739501130074	23.777751138114635	26.243739273068567	0.0
240.0	26.24166981013454	23.797660090239457	23.686834571713465	26.27383552791253	0.0
241.0	26.246402919776337	23.63135484172847	23.83197248672297	26.29026975177222	0.0
242.0	26.23334386223517	23.764023912305944	23.788006410931338	26.214625814527544	0.0
243.0	26.249886659783385	23.784481018804236	23.69293137286445	26.27270094854793	0.0
244.0	26.220953361570682	23.703578031029885	23.753890435962838	26.321578171436595	0.0
245.0	26.26166884611897	23.834724379733725	23.800789283530655	26.102817490616655	0.0
246.0	26.2458491200866	23.851723986600152	23.77419213271113	26.128234760602115	0.0
247.0	26.300496848610404	23.797234267923713	23.690139691122855	26.21212919234303	0.0
248.0	26.164452911242016	23.893634392365836	23.697571453236062	26.24434124315609	0.0
249.0	26.188156042689048	23.756097703722563	23.746733503644723	26.309012749943665	0.0
