# Position (bp)	A	C	G	T	N
0.0	26.29484148521561	23.770011744107247	23.70653837072743	26.22860839994971	0.0
1.0	26.194265318700726	23.69887250437721	23.793622612465924	26.313239564456136	0.0
2.0	26.238892738656645	23.689665111087944	23.773985245509568	26.297456904745843	0.0
3.0	26.2503219318363	23.629183580863145	23.794135321747873	26.32635916555268	0.0
4.0	26.27186716292531	23.876826479118506	23.61561620484772	26.235690153108465	0.0
5.0	26.2304680913681	23.74025512190486	23.759262041036553	26.27001474569049	0.0
6.0	26.383826617414897	23.707370905691032	23.74660883159879	26.16219364529528	0.0
7.0	26.204634624816087	23.74448258950466	23.753065228052968	26.297817557626285	0.0
8.0	26.365990835670388	23.676459319878013	23.802124040274013	26.155425804177586	0.0
9.0	26.242491111928405	23.77743042785338	23.77344611989702	26.206632340321196	0.0
10.0	26.172474769918203	23.799176823568715	23.675976181209144	26.352372225303938	0.0
11.0	26.303030674508193	23.763932858714607	23.74462529535975	26.188411171417453	0.0
12.0	26.16236128435137	23.7614811046378	23.710300738284445	26.36585687272638	0.0
13.0	26.273916094846108	23.753819373147778	23.74156060276374	26.230703929242377	0.0
14.0	26.225493951829158	23.619892306702177	23.896021109602604	26.258592631866062	0.0
15.0	26.306708305623406	23.81112912469315	23.630005792269007	26.25215677741444	0.0
16.0	26.29874010487378	23.753819373147778	23.709687799765245	26.237752722213198	0.0
17.0	26.32570939971866	23.785998645405872	23.707236045688436	26.18105590918703	0.0
18.0	26.222042427474275	23.715131566849934	23.752214233614673	26.310611772061122	0.0
19.0	26.16013582675959	23.845993539647807	23.758956536662808	26.234914096929803	0.0
20.0	26.220203617552052	23.669467787114844	23.880930928169956	26.229397667163145	0.0
21.0	26.219284212590942	23.796652140068282	23.804313848077523	26.179749799263252	0.0
22.0	26.184346824068793	23.819330795775638	23.795732735107173	26.20058964504839	0.0
23.0	26.23123647708536	23.8653010438311	23.68754941801666	26.215913061066875	0.0
24.0	26.219510326418412	23.742947419391417	23.890051762340676	26.147490491849503	0.0
25.0	26.298885378134777	23.757964321067487	23.71046187699012	26.23268842380761	0.0
26.0	26.196218805451444	23.700961388174647	23.78830459180077	26.314515214573138	0.0
27.0	26.244334184291095	23.68594448649858	23.77390062488699	26.295820704323337	0.0
28.0	26.254754075250002	23.628941553605742	23.796579211091668	26.319725160052588	0.0
29.0	26.271916248594078	23.877180132332615	23.607795304306787	26.243108314766516	0.0
30.0	26.22809141309045	23.73957627819883	23.76409366869037	26.268238640020346	0.0
31.0	26.371211680084834	23.713833018182708	23.745399158440573	26.16955614329189	0.0
32.0	26.21246157665209	23.735592202243954	23.754286712493755	26.2976595086102	0.0
33.0	26.366001734605376	23.67521812815853	23.799030950140825	26.159749187095272	0.0
34.0	26.23238195642647	23.77727176607958	23.782788178940176	26.20755809855378	0.0
35.0	26.16434619781244	23.805773232525993	23.667862911011067	26.3620176586505	0.0
36.0	26.296433639085627	23.767771277264103	23.749689701776592	26.18610538187368	0.0
37.0	26.161587991382135	23.758270788448634	23.711687746514702	26.36845347365453	0.0
38.0	26.270690379069507	23.758883723210918	23.7331404631948	26.237285434524775	0.0
39.0	26.22226853284871	23.618521662646835	23.893116436152116	26.26609336835234	0.0
40.0	26.31236994290513	23.800869754427687	23.641813183613802	26.244947119053386	0.0
41.0	26.2976595086102	23.758883723210918	23.705558398891814	26.237898369287066	0.0
42.0	26.320338094814876	23.786465787513905	23.700348453412364	26.192847664258856	0.0
43.0	26.224333435488813	23.711308611707018	23.759117376647257	26.305240576156912	0.0
44.0	26.15629788538155	23.858718970272754	23.758197977321483	26.226785167024214	0.0
45.0	26.217591173766476	23.671161507814894	23.87649402390438	26.234753294514253	0.0
46.0	26.209010113392583	23.79987741342323	23.80845847379712	26.182653999387068	0.0
47.0	26.17744406987435	23.82500766166105	23.797732148329757	26.199816120134845	0.0
48.0	26.23076923076923	23.861170701808152	23.68832362856267	26.219736438859947	0.0
49.0	26.212913843353224	23.743721288013216	23.89358291883874	26.14978194979482	0.0
50.0	26.298111253106793	23.76394801119212	23.71430059975299	26.223640135948095	0.0
51.0	26.192074189168896	23.70510663467167	23.789078182414396	26.31374099374504	0.0
52.0	26.230995308013156	23.690702756044267	23.77804542431681	26.30025651162577	0.0
53.0	26.245399186640554	23.63891008608616	23.79428809596048	26.321402631312807	0.0
54.0	26.266545306327593	23.88867947079537	23.610715259836777	26.234059963040263	0.0
55.0	26.212300912347803	23.746173012034898	23.766093269711096	26.275432805906203	0.0
56.0	26.37350176677362	23.71552646176383	23.752608787591825	26.15836298387072	0.0
57.0	26.20678453329901	23.745253615526767	23.752302322089115	26.295659529085107	0.0
58.0	26.355420302113693	23.67936353244397	23.801643268025536	26.163572897416802	0.0
59.0	26.22425306695352	23.781110079343918	23.783561803365604	26.21107505033696	0.0
60.0	26.150701346302952	23.815740681150228	23.67476654990331	26.358791422643513	0.0
61.0	26.292901339560714	23.768544993732778	23.747092408543033	26.19146125816347	0.0
62.0	26.15652419085446	23.758738097646038	23.711542410228592	26.37319530127091	0.0
63.0	26.268384099343855	23.770383786749044	23.722575168326177	26.238656945580917	0.0
64.0	26.22854358399147	23.618989828409966	23.892663522330608	26.259803065267956	0.0
65.0	26.311289269723353	23.80869197458788	23.63094198301568	26.249076772673085	0.0
66.0	26.28891728802547	23.76241568367857	23.708171289698775	26.240495738597186	0.0
67.0	26.308837545701667	23.782335941354763	23.710010082715037	26.198816430228533	0.0
68.0	26.223559769783822	23.709937419936132	23.768165687001613	26.298337123278436	0.0
69.0	26.158589282321287	23.876041213354497	23.745487309302426	26.21988219502179	0.0
70.0	26.215591691132754	23.677145711641362	23.870831315774957	26.23643128145093	0.0
71.0	26.210994722680216	23.79942507247887	23.802489718113897	26.187090486727023	0.0
72.0	26.17391251049641	23.83344263902765	23.78992467101029	26.20272017946565	0.0
73.0	26.2333666358159	23.86531495363191	23.684807325728926	26.216511084823264	0.0
74.0	26.214898422631727	23.749398565137312	23.885774877950862	26.149928134280103	0.0
75.0	26.297030673944157	23.771463946086918	23.7156875664643	26.21581781350463	0.0
76.0	26.18701023282042	23.706493657735294	23.791077618042124	26.315418491402166	0.0
77.0	26.238802585327136	23.69576743088479	23.76870577346822	26.296724210319855	0.0
78.0	26.245238321437437	23.64366861475377	23.788012981799124	26.323080082009664	0.0
79.0	26.26117442990104	23.898033422922865	23.60934468883216	26.231447458343933	0.0
80.0	26.21397903175883	23.738672338286808	23.77177040971122	26.27557822024315	0.0
81.0	26.367517307533184	23.711397075724097	23.753995519501814	26.16709009724091	0.0
82.0	26.200494632289622	23.751850274131712	23.753382592253214	26.294272501325455	0.0
83.0	26.346677781080775	23.683508885912786	23.79935213589823	26.170461197108207	0.0
84.0	26.21643074075323	23.791690545290727	23.782803100186023	26.209075613770022	0.0
85.0	26.153605697771702	23.818046416980536	23.671863268189384	26.356484617058378	0.0
86.0	26.291820792331055	23.769012237092518	23.74786624701581	26.191300723560616	0.0
87.0	26.153299234147404	23.762576500982217	23.711397075724097	26.372727189146282	0.0
88.0	26.270061875005744	23.770851018838318	23.728252575060605	26.230834531095333	0.0
89.0	26.227769894852333	23.617925670312562	23.896194641177065	26.25810979365804	0.0
90.0	26.323386545633966	23.805787872008533	23.625587260920064	26.245238321437437	0.0
91.0	26.295191892198353	23.754301983126112	23.7110906120998	26.239415512575736	0.0
92.0	26.31266031878346	23.77851260944582	23.710171221226897	26.198655850543815	0.0
93.0	26.22983475532019	23.707953319603806	23.757293811905463	26.30491811317054	0.0
94.0	26.158428949691086	23.87742718446602	23.745341767186428	26.218802098656468	0.0
95.0	26.21726978523095	23.67730705109346	23.876814259095813	26.22860890457978	0.0
96.0	26.21083406884378	23.789165931156223	23.817054035500636	26.18294596449936	0.0
97.0	26.178349024222815	23.82103805040698	23.79774688633912	26.202866039031086	0.0
98.0	26.232592919486127	23.87037854270864	23.68435569285084	26.212672844954398	0.0
99.0	26.21044728091816	23.7507853082239	23.89175771134368	26.147009699514257	0.0
100.0	26.303305189929667	23.769173012978655	23.715235745698042	26.212286051393637	0.0
101.0	26.196043578860266	23.70297727586154	23.786028409003844	26.314950736274344	0.0
102.0	26.24170637900124	23.697767426181027	23.759366237109454	26.301159957708283	0.0
103.0	26.244158072968542	23.642910773662678	23.784802562020197	26.328128591348587	0.0
104.0	26.271433168354758	23.890838326105943	23.60766767288273	26.230060832656566	0.0
105.0	26.22485098297605	23.734542835690533	23.775608709642817	26.2649974716906	0.0
106.0	26.372259082759996	23.707574202050232	23.75660808139624	26.16355863379354	0.0
107.0	26.197882349335742	23.74710776727295	23.762124392822667	26.29288549056864	0.0
108.0	26.35816184244802	23.683363724123137	23.8044161137586	26.15405831967025	0.0
109.0	26.2138183601232	23.783576715036546	23.78909302646297	26.213511898377284	0.0
110.0	26.157429398875287	23.81054534867685	23.67815387444262	26.353871378005238	0.0
111.0	26.307902116118353	23.7605920840931	23.743123764576087	26.188382035212456	0.0
112.0	26.166623251252663	23.756914543142152	23.707267740304317	26.369194465300872	0.0
113.0	26.279094712002575	23.772237630437782	23.72810713902637	26.220560518533276	0.0
114.0	26.22883498567291	23.61716798700602	23.898193408007845	26.255803619313216	0.0
115.0	26.33027382356997	23.790625335192534	23.628813533350698	26.250287307886794	0.0
116.0	26.302079342946016	23.755075772666675	23.708187125542054	26.234657758845252	0.0
117.0	26.314031351036604	23.774995786150992	23.706348355066577	26.204624507745823	0.0
118.0	26.23106060606061	23.708566244974012	23.755455035794842	26.30491811317054	0.0
119.0	26.154444934784742	23.887846915759535	23.74472884181622	26.2129793076395	0.0
120.0	26.221560262822397	23.671790722761596	23.880798274002156	26.225850740413847	0.0
121.0	26.20041433755026	23.794682259488084	23.823796214572916	26.18110718838874	0.0
122.0	26.17589732274198	23.829312542904777	23.793762871432776	26.20102726292047	0.0
123.0	26.228302441894673	23.874056094929884	23.67761351377856	26.22002794939688	0.0
124.0	26.21152732276442	23.746640392518607	23.892823541309767	26.149008743407204	0.0
125.0	26.30346641005446	23.761350646485017	23.714461711967097	26.220721231493428	0.0
126.0	26.202026950411124	23.70220316699509	23.787093590926226	26.30867629166756	0.0
127.0	26.240641367072936	23.705267803238094	23.755221373999014	26.298869455689953	0.0
128.0	26.247996494056135	23.64428154200237	23.784948345556124	26.322773618385366	0.0
129.0	26.266690775138446	23.888533050569563	23.614861034069563	26.22991514022243	0.0
130.0	26.21765659525043	23.732543065800805	23.771463946086918	26.27833639286185	0.0
131.0	26.373340116394882	23.7135423210942	23.746640392518607	26.16647716999231	0.0
132.0	26.192526578057816	23.74633392889431	23.758898937490613	26.302240555557262	0.0
133.0	26.35556522618548	23.67400851355948	23.814062389864635	26.156363870390404	0.0
134.0	26.212446713637327	23.785561272804724	23.781270782064524	26.220721231493428	0.0
135.0	26.156363870390404	23.804562017511333	23.68381534953709	26.355258762561178	0.0
136.0	26.296724210319855	23.762270037357915	23.74265636540271	26.198349386919517	0.0
137.0	26.166250896408847	23.748245490373947	23.7059533806106	26.3795502326066	0.0
138.0	26.26493248585666	23.774294978271662	23.727405900055775	26.2333666358159	0.0
139.0	26.225398557164837	23.616772192631366	23.891057976966124	26.266771273237676	0.0
140.0	26.335725800025745	23.78931174188329	23.63148249167949	26.24347996641148	0.0
141.0	26.304772879111987	23.756213569025014	23.704421057793088	26.234592494069908	0.0
142.0	26.308143989310516	23.78011780497821	23.706872774301107	26.20486543141017	0.0
143.0	26.213833239861355	23.715832927266543	23.769464390240913	26.300869442631193	0.0
144.0	26.14794315677856	23.881017833227602	23.75107646007827	26.21996254991557	0.0
145.0	26.21199444684509	23.676298877416862	23.87887257470863	26.232834101029418	0.0
146.0	26.206478067796297	23.792755768446924	23.812063095117697	26.18870306863908	0.0
147.0	26.176750914033363	23.824321715226127	23.788771716911686	26.210155653828828	0.0
148.0	26.224946368372663	23.862703034017773	23.68832362856267	26.22402696904689	0.0
149.0	26.2118486418898	23.743560354153708	23.887600023291522	26.156990980664972	0.0
150.0	26.302869454089656	23.763480733928084	23.7089295400844	26.224720271897862	0.0
151.0	26.192234729496565	23.700348453412364	23.78738518965734	26.320031627433732	0.0
152.0	26.244640651672242	23.704638996748383	23.7545931798749	26.29612717170448	0.0
153.0	26.24525358643453	23.63813557504007	23.793514537280224	26.323096301245176	0.0
154.0	26.260883422872887	23.894955240438982	23.609940575974797	26.234220760713335	0.0
155.0	26.220123261180696	23.727930517715347	23.770835951075547	26.281110270028407	0.0
156.0	26.371824614847117	23.714445952945	23.756431984161765	26.15729744804612	0.0
157.0	26.191008859971987	23.745092691059426	23.770223016313256	26.293675432655327	0.0
158.0	26.35404950674075	23.674605193396243	23.8189513299152	26.152393969947806	0.0
159.0	26.206945163791488	23.784933450608182	23.785546385370473	26.222575000229853	0.0
160.0	26.17139494757875	23.797192145853955	23.685025084355146	26.34638782221214	0.0
161.0	26.30011124765936	23.754899647256046	23.748463832252014	26.196525272832588	0.0
162.0	26.166571661487353	23.755891853459108	23.70992160540365	26.367614879649892	0.0
163.0	26.2683191438501	23.769989396196113	23.738116690877664	26.22357476907612	0.0
164.0	26.22633298395945	23.617674640972364	23.904835457158793	26.251156917909395	0.0
165.0	26.33482276937033	23.78868396373867	23.635756271874175	26.240736995016828	0.0
166.0	26.295901292683375	23.769376459555374	23.700421087472186	26.234301160289057	0.0
167.0	26.310611772061122	23.784393407253493	23.70685692219995	26.198137898485435	0.0
168.0	26.217219281819936	23.72041422385128	23.762094043157	26.300272451171786	0.0
169.0	26.15531249138055	23.884988216256968	23.74523823387895	26.21446105848353	0.0
170.0	26.210170488849116	23.682105566401162	23.87916530032455	26.22855864442517	0.0
171.0	26.203428165137893	23.798870354309113	23.81541969432756	26.18228178622543	0.0
172.0	26.177378278071817	23.81572616358716	23.799789762087915	26.207105796253106	0.0
173.0	26.235687841714274	23.861769681516172	23.684016966190207	26.218525510579347	0.0
174.0	26.214621737997824	23.74569024962074	23.880537550376193	26.159150462005243	0.0
175.0	26.29951424324614	23.763465575629414	23.71228489556996	26.224735285554484	0.0
176.0	26.187958748984812	23.709526655327235	23.794419160575554	26.3080954351124	0.0
177.0	26.249559447739006	23.703397232565624	23.7653044024579	26.28173891723747	0.0
178.0	26.23944590018235	23.642103004949508	23.808823304065342	26.309627790802804	0.0
179.0	26.2654959469192	23.891570511347094	23.6139076602461	26.229025881487612	0.0
180.0	26.23362294855882	23.721479029712377	23.770207940667188	26.274690081061614	0.0
181.0	26.3727608452474	23.71259136670804	23.757949095143964	26.156698692900598	0.0
182.0	26.192555816056025	23.74875496100155	23.768369113838705	26.290320109103725	0.0
183.0	26.356517874929132	23.67428247444797	23.822614505278967	26.146585145343938	0.0
184.0	26.210331142064696	23.778789132533444	23.78216031505233	26.228719410349534	0.0
185.0	26.169876951838063	23.7984032853706	23.681024839485744	26.350694923305596	0.0
186.0	26.297062474141498	23.754577912625077	23.741093182549534	26.20726643068389	0.0
187.0	26.16352124157968	23.752811881309494	23.716035232030013	26.36763164508082	0.0
188.0	26.2713994127995	23.768748429330603	23.74423066314428	26.215621494725617	0.0
189.0	26.234929235597342	23.615205918588757	23.895934341422155	26.253930504391743	0.0
190.0	26.323806138022764	23.79571797213556	23.632674826996514	26.247801062845166	0.0
191.0	26.300820732223084	23.768441957253277	23.702243988550205	26.228493321973435	0.0
192.0	26.31216019908426	23.78008789619178	23.713583455411378	26.19416844931258	0.0
193.0	26.22550897506229	23.71120434701327	23.765756543965086	26.297530133959356	0.0
194.0	26.15195545108231	23.883748655349642	23.748594055036424	26.215701838531626	0.0
195.0	26.21784714964771	23.679331153288608	23.873941518818974	26.228880178244708	0.0
196.0	26.207733540100463	23.793952061490746	23.815405172651573	26.182909225757218	0.0
197.0	26.17616681939239	23.814792226618408	23.797016791656578	26.212024162332625	0.0
198.0	26.236622411827444	23.86144925404239	23.677871354492293	26.224056979637872	0.0
199.0	26.22168555062812	23.752110845840065	23.87224900472278	26.153954598809037	0.0
200.0	26.304127297412432	23.7671281157004	23.70522018688839	26.223524399998777	0.0
201.0	26.18276323894928	23.70307486262263	23.7910331575189	26.32312874090919	0.0
202.0	26.246816492027055	23.701848963042195	23.75915976842757	26.292174776503185	0.0
203.0	26.23517044601292	23.653119454719867	23.79992092947706	26.311789169790156	0.0
204.0	26.270108584055336	23.89554109675106	23.61082591919483	26.223524399998777	0.0
205.0	26.23057332258628	23.733415877238418	23.759772718217786	26.276238081957516	0.0
206.0	26.361438102797806	23.719930981853622	23.757014444161804	26.16161647118676	0.0
207.0	26.184602088319934	23.758240343742244	23.765595741224857	26.291561826712968	0.0
208.0	26.3611316279027	23.670894998636186	23.81126050059609	26.15671287286502	0.0
209.0	26.195941659438965	23.783677760036287	23.780919485980306	26.239461094544442	0.0
210.0	26.161003521396548	23.795936755840646	23.68131514506989	26.36174457769292	0.0
211.0	26.298610749300472	23.751804370944953	23.73494825171396	26.214636628040616	0.0
212.0	26.16660026356922	23.75126421281682	23.713261209353643	26.36887431426032	0.0
213.0	26.262833675564686	23.770265714548408	23.74574764779797	26.22115296208894	0.0
214.0	26.24107389132367	23.619479604033224	23.881822918262895	26.257623586380213	0.0
215.0	26.33056483496276	23.79754206380827	23.622237886542646	26.249655214686324	0.0
216.0	26.29562658984339	23.77149161788593	23.70437341015661	26.228508382114068	0.0
217.0	26.312789236568694	23.77915351374544	23.708051120169173	26.20000612951669	0.0
218.0	26.235024778647148	23.71149502434958	23.756547110077264	26.296933086926007	0.0
219.0	26.151663096212253	23.88496087823984	23.739384410752432	26.223991614795473	0.0
220.0	26.214490834812082	23.67410485796334	23.876073051803772	26.235331255420807	0.0
221.0	26.2049900548287	23.789953078405954	23.812019406109307	26.193037460656043	0.0
222.0	26.175568284557553	23.814471220298568	23.79271136936887	26.217249125775005	0.0
223.0	26.232653361447554	23.863887118128773	23.672645025253765	26.230814495169913	0.0
224.0	26.224458835319826	23.75178906913239	23.85813716145602	26.165614934091764	0.0
225.0	26.307208071421783	23.75730568487252	23.711027408385867	26.224458835319826	0.0
226.0	26.182164781312157	23.697542347687772	23.794696080444517	26.325596790555554	0.0
227.0	26.242847554453597	23.70397839938459	23.756079770263604	26.297094275898214	0.0
228.0	26.24591234097589	23.647892806026597	23.803277482706942	26.302917370290572	0.0
229.0	26.2688982398931	23.896753471636934	23.606824666627844	26.22752362184212	0.0
230.0	26.231507844321104	23.738916965738753	23.749030761262325	26.28054442867782	0.0
231.0	26.366051972649846	23.713479237603703	23.760676950047042	26.159791839699402	0.0
232.0	26.184616610529993	23.750563154523473	23.76772595904832	26.297094275898214	0.0
233.0	26.354712262517353	23.671185183596037	23.8091005770993	26.165001976787305	0.0
234.0	26.19687575661917	23.778452711876355	23.782743413007566	26.241928118496904	0.0
235.0	26.154888181263736	23.800519174836875	23.6822184150763	26.362374228823093	0.0
236.0	26.297094275898214	23.75761216352475	23.737384572477605	26.207908988099433	0.0
237.0	26.162323850854776	23.75278130229308	23.70650288397296	26.378391962879196	0.0
238.0	26.268978748705123	23.76013681248966	23.736844363533834	26.234040075271388	0.0
239.0	26.228523442623956	23.62344691466995	23.87598609808573	26.272043544620367	0.0
240.0	26.32874302335204	23.801365139594257	23.61716017862671	26.252731658426992	0.0
241.0	26.297414519762757	23.774770494566965	23.69752793146255	26.23028705420773	0.0
242.0	26.308061564493435	23.782519533944154	23.706498848961	26.202920052601407	0.0
243.0	26.223884486273548	23.703919434693972	23.767684973712043	26.304511105320437	0.0
244.0	26.15536492792191	23.88142525155285	23.74744768129894	26.215455554397348	3.0658482895632393E-4
245.0	26.205266256224093	23.691101081704236	23.87475778164782	26.228568274914764	3.0660550908778733E-4
246.0	26.194046096909602	23.79629544458038	23.80978662472136	26.199565216058186	3.0661773047688256E-4
247.0	26.159162759606158	23.820445910848495	23.800821172639434	26.2192635203714	3.066365345165415E-4
248.0	26.232961776115054	23.871145796599254	23.67550328881802	26.220082488768952	3.06649698716671E-4
249.0	26.232735569020925	23.755611706694797	23.851286706081495	26.160059367563722	3.066506390599318E-4
