# Position (bp)	A	C	G	T	N
0.0	25.77814748062911	24.147757906249517	24.259593018777824	25.814501594343547	0.0
1.0	25.783384937689664	24.20629419104395	24.20783461959117	25.802486251675216	0.0
2.0	25.729760037955224	24.192450237682266	24.26300012631203	25.81478959805048	0.0
3.0	25.7969907207729	24.337022021220225	24.125682386720722	25.740304871286153	0.0
4.0	25.80690874699248	24.314932394340165	24.094047189952033	25.78411166871532	0.0
5.0	25.784162112539814	24.17332585778802	24.169629159555654	25.87288287011651	0.0
6.0	25.638363743342197	24.260748754693964	24.11534753048959	25.985539971474253	0.0
7.0	25.76541220901398	24.29542647144895	24.06562568347252	25.873535636064553	0.0
8.0	25.93319327989946	24.15829323739057	24.132418262803494	25.77609521990648	0.0
9.0	25.81648714165586	24.208924605655884	24.1309952472332	25.843593005455055	0.0
10.0	25.878457463192262	24.130474958418038	24.2496765847348	25.7413909936549	0.0
11.0	25.718289903283438	24.16620464485924	24.342696975297233	25.772808476560094	0.0
12.0	25.719829975974868	24.285098256637713	24.050083163925336	25.944988603462082	0.0
13.0	25.961621388529537	23.993100474342388	24.242592250354217	25.802685886773858	0.0
14.0	25.896014291874575	24.14803178710035	24.108605926199715	25.847347994825355	0.0
15.0	25.815622497381874	24.166512659397522	23.990020328959528	26.027844514261073	0.0
16.0	25.896242542220964	24.02259587693009	24.262230449607436	25.818931131241513	0.0
17.0	25.847576395070547	24.181222875553267	24.163974114537933	25.807226614838246	0.0
18.0	25.7847416228004	24.32999343931054	24.091282907401876	25.793982030487182	0.0
19.0	25.924579792460445	24.155349734030267	23.99395061310105	25.926119860408242	0.0
20.0	25.86104933746481	24.15127116816874	24.126938169542477	25.860741324823973	0.0
21.0	25.71289525722136	24.3280704240102	24.06348756552969	25.89554675323875	0.0
22.0	25.866901577640743	24.1167737523948	24.27386019922258	25.742464470741876	0.0
23.0	25.912795461125725	24.1056852973246	24.213181708977334	25.76833753257234	0.0
24.0	25.92573199204095	24.0453148197202	24.193468899963655	25.83548428827519	0.0
25.0	25.7982147587337	24.142646814225255	24.23936278344863	25.819775643592415	0.0
26.0	25.82008365623325	24.178068267921716	24.198089089576236	25.8037589862688	0.0
27.0	25.76525740616395	24.185768583942686	24.24059483401199	25.80837917588138	0.0
28.0	25.8077631505997	24.32067812063007	24.11800580295815	25.753552925812073	0.0
29.0	25.827475959613384	24.30589351386981	24.09182472848686	25.774805798029952	0.0
30.0	25.798830784015376	24.177760255280877	24.133098422359254	25.89031053834449	0.0
31.0	25.654680868102826	24.253839377568056	24.11800580295815	25.973473951370963	0.0
32.0	25.784046177255114	24.29850121048968	24.06256352760717	25.854889084648036	0.0
33.0	25.9340483333436	24.14203078894358	24.134330472922606	25.789590404790214	0.0
34.0	25.821623719437447	24.19962915278043	24.130326308591705	25.84842081919042	0.0
35.0	25.902015018696368	24.106609335247118	24.256919503976444	25.73445614208007	0.0
36.0	25.722443649087356	24.160819560034742	24.3376188158762	25.779117975001693	0.0
37.0	25.73137601567168	24.280020452039352	24.043466743875168	25.945136788413798	0.0
38.0	25.966389660631673	23.978784089299022	24.225502214610888	25.829324035458416	0.0
39.0	25.883534260246037	24.15188719345042	24.101989145634537	25.862589400669005	0.0
40.0	25.822239744719123	24.153735269295453	24.000960999439418	26.023063986546006	0.0
41.0	25.908095471304094	23.99965502690482	24.271629351050166	25.82062015074092	0.0
42.0	25.83478868857862	24.188774205868853	24.172449586186293	25.803987519366235	0.0
43.0	25.76425401108226	24.321219233482104	24.116083446527632	25.798443308908002	0.0
44.0	25.925344126063028	24.15550894311948	23.99688292167571	25.922264009141788	0.0
45.0	25.86612621048222	24.151738412635833	24.099068575511915	25.88306680137003	0.0
46.0	25.695796269373876	24.306359805830027	24.09167631766996	25.906167607126136	0.0
47.0	25.852265727028556	24.1175492201168	24.283259000073922	25.746926052780722	0.0
48.0	25.925572283961262	24.100608629228987	24.198864056378287	25.774955030431464	0.0
49.0	25.908631693073453	24.043934652440676	24.208412389424144	25.839021265061724	0.0
50.0	25.79959588990464	24.143730133307052	24.246913732350983	25.809760244437324	0.0
51.0	25.779883202326097	24.17514722913535	24.212108518345122	25.83286105019343	0.0
52.0	25.753702289135845	24.19208782002316	24.24475765714708	25.809452233693914	0.0
53.0	25.80205997585196	24.31498410664564	24.138493950668998	25.744461966833406	0.0
54.0	25.874442500554416	24.298967547988074	24.048862824335313	25.777727127122198	0.0
55.0	25.791587610575856	24.17545523987877	24.140034004386074	25.8929231451593	0.0
56.0	25.676083581795332	24.22442894808171	24.131409703570462	25.9680777665525	0.0
57.0	25.793435675036346	24.28818717196856	24.047014759874823	25.871362393120272	0.0
58.0	25.94805706823054	24.139417982899243	24.151122391149002	25.761402557721212	0.0
59.0	25.81592045930562	24.196091959687553	24.139417982899243	25.848569598107584	0.0
60.0	25.892307123672474	24.11570115565631	24.254614000936353	25.737377719734866	0.0
61.0	25.7213611610773	24.13910997215583	24.357797599980287	25.781731266786583	0.0
62.0	25.718589064386567	24.283567010817336	24.049786856565557	25.94805706823054	0.0
63.0	25.981630239262742	23.990340783086513	24.205948303476827	25.822080674173915	0.0
64.0	25.87844664021881	24.139725993642656	24.12494147795875	25.856885888179782	0.0
65.0	25.825160781608066	24.155434541556808	24.020217825197744	25.999186851637386	0.0
66.0	25.911631989897277	23.995811066791926	24.266551676343305	25.82600526696749	0.0
67.0	25.843561825266043	24.178152865261115	24.16891257141977	25.80937273805307	0.0
68.0	25.79027613078096	24.31121309657647	24.117782945497666	25.780727827144904	0.0
69.0	25.947361126083813	24.1455038270217	24.008439468375094	25.898695578519398	0.0
70.0	25.857034614034113	24.15774981057456	24.10323224483007	25.881983330561255	0.0
71.0	25.706110279487227	24.30651808319935	24.091219899835522	25.8961517374779	0.0
72.0	25.842558198271455	24.120172731360846	24.285573481670394	25.75169558869731	0.0
73.0	25.922332489389095	24.106312333290212	24.19286281902016	25.778492358300532	0.0
74.0	25.904467976320277	24.044710564087403	24.20795525247485	25.84286620711747	0.0
75.0	25.782804482144726	24.138653262121686	24.255388614761017	25.823153640972567	0.0
76.0	25.779416384838573	24.189166712867994	24.209803305550935	25.8216135967425	0.0
77.0	25.752311606389334	24.19963901363247	24.252308526300876	25.79574085367732	0.0
78.0	25.77972439368459	24.320686490115996	24.15158963365428	25.747999482545136	0.0
79.0	25.86042271134027	24.295429764742842	24.07889954599496	25.765247977921923	0.0
80.0	25.788656650218993	24.175614323643373	24.159597863650646	25.87613116248699	0.0
81.0	25.692865899108625	24.24430029630451	24.11462857213259	25.948205232454274	0.0
82.0	25.79358479175522	24.296045782434874	24.053950829467823	25.856418596342085	0.0
83.0	25.921100454005042	24.162677952110784	24.149433571732178	25.766788022152	0.0
84.0	25.812373331362075	24.197174942864358	24.136805209045605	25.853646516727963	0.0
85.0	25.890299569403634	24.098304103293845	24.272021092445776	25.739375234856745	0.0
86.0	25.724898819094083	24.13649720019959	24.372431976246357	25.76617200445997	0.0
87.0	25.75169558869731	24.276333216289974	24.044402555241387	25.927568639771337	0.0
88.0	25.98054616128575	23.97202047642808	24.2199675974694	25.827465764816765	0.0
89.0	25.877363197871045	24.149433571732178	24.098920120985877	25.8742831094109	0.0
90.0	25.825309702894668	24.16483401403288	24.013601670639982	25.996254612432466	0.0
91.0	25.896995998977413	23.99350719352444	24.292274853927253	25.81722195357089	0.0
92.0	25.844942664329913	24.169995718690227	24.19248029519477	25.79258132178509	0.0
93.0	25.76301256364213	24.313835406739827	24.12194648670792	25.80120554291012	0.0
94.0	25.93765304142398	24.138886921060656	24.015067746337017	25.908392291178345	0.0
95.0	25.852871240775194	24.15174886345436	24.12033215469341	25.87504774107704	0.0
96.0	25.693939655278626	24.30113223354319	24.119100126898864	25.885827984279324	0.0
97.0	25.847635122648366	24.116020057412495	24.28634790000862	25.749996919930513	0.0
98.0	25.916628679143	24.126492293666146	24.206574100311702	25.750304926879153	0.0
99.0	25.911084554067536	24.054110660736505	24.188401690342136	25.84640309485382	0.0
100.0	25.78664974681829	24.150824842608447	24.236142767380834	25.82638264319243	0.0
101.0	25.770633385489177	24.18686165559895	24.206266093363066	25.836238865548804	0.0
102.0	25.7515369546737	24.192405780674413	24.237682802124016	25.818374462527878	0.0
103.0	25.804822156787854	24.30575233777274	24.15667697463255	25.732748530806855	0.0
104.0	25.88613599122796	24.2811117818818	24.066738945630615	25.766013281259625	0.0
105.0	25.79188586494511	24.177313440191213	24.15729298852982	25.873507706333854	0.0
106.0	25.67237916887405	24.237066788226745	24.121872189436594	25.968681853462616	0.0
107.0	25.800818066455577	24.28573188611135	24.065814924784704	25.847635122648366	0.0
108.0	25.93326105436939	24.151440856505722	24.146512745327534	25.768785343797358	0.0
109.0	25.81591040693878	24.182241551369398	24.14712875922481	25.854719282467016	0.0
110.0	25.90800448458117	24.089839466778372	24.259859302425863	25.742296746214592	0.0
111.0	25.729976468269122	24.132652432638878	24.38090603324011	25.756465065851884	0.0
112.0	25.732748530806855	24.30390429608092	24.050414577352868	25.912932595759358	0.0
113.0	25.9794620966649	23.970640777655944	24.233062697894464	25.81683442778469	0.0
114.0	25.892604137149334	24.12803232840933	24.11848411300159	25.860879421439748	0.0
115.0	25.81868246947651	24.16961326647529	24.030394125691476	25.981310138356722	0.0
116.0	25.902072572373708	23.995515432640627	24.314609648595955	25.78780234638971	0.0
117.0	25.854947654380307	24.170462840616135	24.19048323061333	25.784106274390222	0.0
118.0	25.733901296397256	24.314301642595996	24.14520634861967	25.806590712387077	0.0
119.0	25.95751365236595	24.14335831261993	24.013995792638042	25.88513224237608	0.0
120.0	25.861495435337023	24.142508654995257	24.12803232840933	25.86796358125839	0.0
121.0	25.681003363435877	24.29589611541636	24.113247994874765	25.909852526272992	0.0
122.0	25.843015018418814	24.136040509073883	24.29466408762182	25.72628038488548	0.0
123.0	25.934801089112568	24.116020057412495	24.211194204541254	25.737984648933683	0.0
124.0	25.8864439981766	24.05472667463378	24.205650079465794	25.85317924772383	0.0
125.0	25.78572572597238	24.159141030221644	24.250927100915394	25.804206142890585	0.0
126.0	25.789729816304657	24.180701516626215	24.20873014895216	25.820838518116968	0.0
127.0	25.76632128820826	24.191481759828502	24.251851121761305	25.79034583020193	0.0
128.0	25.80359012899331	24.300824226594553	24.170229280372567	25.725356364039577	0.0
129.0	25.87165966464203	24.276799684600885	24.061810834452423	25.789729816304657	0.0
130.0	25.80112607340422	24.140968620252075	24.167765224783473	25.890140081560244	0.0
131.0	25.68847465249009	24.21958499015915	24.127490628859725	25.96444972849104	0.0
132.0	25.79627741655296	24.28673071177545	24.06866112047113	25.84833075120046	0.0
133.0	25.915476472816763	24.176463884533998	24.14196700003388	25.766092642615355	0.0
134.0	25.80274558239673	24.183548066172417	24.161063489667875	25.852642861762977	0.0
135.0	25.913936433330147	24.07851737318545	24.27441039588255	25.733135797601854	0.0
136.0	25.703259031561572	24.14165899213656	24.390221365275806	25.76486061102607	0.0
137.0	25.73814319947269	24.275101180905917	24.077051492918876	25.909704126702522	0.0
138.0	25.988942448369855	23.95453775430059	24.224662344262548	25.83185745306701	0.0
139.0	25.883603098578533	24.126099209954877	24.132259405849105	25.858038285617486	0.0
140.0	25.822617159225665	24.134107464617376	24.047864722098165	25.995410654058798	0.0
141.0	25.905859596382726	23.990340783086513	24.30204765542222	25.801751965108544	0.0
142.0	25.853497770002214	24.172067121701204	24.176071261365596	25.798363846930982	0.0
143.0	25.74415395608999	24.315908138875884	24.143422122563635	25.796515782470493	0.0
144.0	25.953909272355418	24.13448981100461	24.041162555749946	25.87043836089003	0.0
145.0	25.823392255970035	24.162285200346208	24.135488183131432	25.87883436055233	0.0
146.0	25.678318748979713	24.30551063718379	24.108691165916657	25.907479447919847	0.0
147.0	25.856657518719413	24.116083446527632	24.292266134422462	25.734992900330493	0.0
148.0	25.93550851190311	24.120703621909488	24.209719000933276	25.734068865254123	0.0
149.0	25.90478713246392	24.031454250882454	24.208561519364753	25.855197097288872	0.0
150.0	25.80683911267718	24.14449489007029	24.22704227781508	25.821623719437447	0.0
151.0	25.814231416057314	24.17683621735836	24.204249342393013	25.80468302419131	0.0
152.0	25.768029519931495	24.178684293203393	24.239054770807794	25.814231416057314	0.0
153.0	25.781890088769245	24.301581336898067	24.18515255866101	25.73137601567168	0.0
154.0	25.873061830457523	24.275708275067608	24.0755000585224	25.775729835952465	0.0
155.0	25.788666366867695	24.15127116816874	24.175912179435844	25.884150285527717	0.0
156.0	25.692337545932524	24.200011704516402	24.145493299164357	25.962157450386712	0.0
157.0	25.80568654689045	24.272086884473342	24.07957839099861	25.842648177637596	0.0
158.0	25.94952889321477	24.14580131275392	24.13871700019405	25.765952793837265	0.0
159.0	25.81831510406239	24.17290650863516	24.164590141717053	25.844188245585396	0.0
160.0	25.922731710923085	24.07957839099861	24.26654263986127	25.731147258217035	0.0
161.0	25.711434388485223	24.1291685789177	24.378043559281835	25.781353473315242	0.0
162.0	25.754943633339494	24.26107312265139	24.051623236616766	25.932360007392347	0.0
163.0	26.00266741411758	23.93834762011834	24.227882177915905	25.83110278784817	0.0
164.0	25.875457017978864	24.123156912329552	24.13332142340117	25.868064646290417	0.0
165.0	25.824634462620782	24.134245469862226	24.0464610560619	25.994659011455095	0.0
166.0	25.908494477265307	23.9775394415046	24.326214046781537	25.78775203444856	0.0
167.0	25.8662962255666	24.16204128652305	24.169741697416974	25.801920790493384	0.0
168.0	25.750482045721963	24.319745701630637	24.127235429282507	25.802536823364896	0.0
169.0	25.960241238472488	24.132779725126134	24.029594219147533	25.87738481725385	0.0
170.0	25.831261916422566	24.173512353037204	24.13008190182254	25.86514382871769	0.0
171.0	25.695118232473042	24.289634906994152	24.123613536748014	25.891633323784795	0.0
172.0	25.83834631626609	24.127001727977525	24.288094820071645	25.74655713568474	0.0
173.0	25.918430836236396	24.121457415056504	24.204622108871828	25.75548963983527	0.0
174.0	25.909270119757526	24.034978561924007	24.197920260213888	25.85783105810458	0.0
175.0	25.795303336454584	24.16804248188852	24.22132965354098	25.815324528115912	0.0
176.0	25.815632546449162	24.179439160218816	24.202232516879405	25.802695776452616	0.0
177.0	25.773126016460502	24.16465428022276	24.258599871864373	25.80361983145237	0.0
178.0	25.811012271450394	24.28324133852447	24.182211325218077	25.723535064807056	0.0
179.0	25.88401261643093	24.263836183529644	24.09042186190922	25.761729338130205	0.0
180.0	25.786370804790298	24.13631659356365	24.18559952688384	25.89171307476221	0.0
181.0	25.687576042260247	24.19429856309005	24.145323497250928	25.972801897398778	0.0
182.0	25.816944140703207	24.249125995287304	24.084643698695537	25.849286165313952	0.0
183.0	25.950008470530257	24.12437818607445	24.14717161294297	25.77844173045233	0.0
184.0	25.821564429933314	24.175817406169624	24.15672021068519	25.84589795321187	0.0
185.0	25.913046156689408	24.10435693274399	24.25929063159354	25.723306278973062	0.0
186.0	25.707905314872708	24.13669895735473	24.37510588162819	25.780289846144367	0.0
187.0	25.758499818268067	24.251664849347303	24.06654469065528	25.923290641729345	0.0
188.0	26.002839955275327	23.914456358019176	24.24681121073885	25.83589247596665	0.0
189.0	25.86731063627935	24.09680489630467	24.145164221491868	25.890720245924108	0.0
190.0	25.822339544067052	24.14177598851697	24.04690546521979	25.98897900219619	0.0
191.0	25.91759792023459	23.958885206313223	24.30602614491825	25.817490728533937	0.0
192.0	25.87940317632419	24.175116740386628	24.164335965895788	25.781144117393396	0.0
193.0	25.761122679053262	24.33436418072274	24.121828912189052	25.78268422803494	0.0
194.0	25.963493217352735	24.113512314724687	24.038046893288815	25.88494757463376	0.0
195.0	25.8261948985218	24.169646789937502	24.125599489913785	25.878558821626918	0.0
196.0	25.686968467677602	24.303020782317013	24.109890312982248	25.900120437023144	0.0
197.0	25.872090337008046	24.11451065913858	24.270062313068493	25.743336690784872	0.0
198.0	25.920757983188103	24.106810082211357	24.20168118995475	25.770750744645788	0.0
199.0	25.892499614969967	24.011704912983213	24.21900508239643	25.876790389650395	0.0
200.0	25.81289042766846	24.162467194834957	24.207439533766216	25.817202843730364	0.0
201.0	25.832604329665728	24.17540444302066	24.2025110582669	25.78948016904671	0.0
202.0	25.78533628225901	24.149976281273293	24.25748063997437	25.807206796493325	0.0
203.0	25.818763168594984	24.283505218152023	24.192018137236783	25.705713476016218	0.0
204.0	25.8754420335391	24.247464852942986	24.10607572789216	25.77101738562575	0.0
205.0	25.806600664132528	24.135179925700943	24.173068748190268	25.885150661976258	0.0
206.0	25.712419871054394	24.18700501797414	24.165134166889995	25.935440944081474	0.0
207.0	25.82347342059138	24.25338307185697	24.077491059079385	25.84565244847227	0.0
208.0	25.93623988441977	24.148011693564538	24.14616339569285	25.769585026322844	0.0
209.0	25.834285731888766	24.160939439774012	24.167716615478454	25.837058212858764	0.0
210.0	25.911766789786117	24.07945363305064	24.27106405394665	25.737715523216593	0.0
211.0	25.71615164948231	24.15708357849404	24.37087398380245	25.755890788221198	0.0
212.0	25.764287650639524	24.23602040564852	24.080143923897772	25.919548019814183	0.0
213.0	25.994189968916643	23.908924836188547	24.256725742504102	25.840159452390708	0.0
214.0	25.85833505334077	24.129804596886736	24.13072877998589	25.881131569786607	0.0
215.0	25.83739722187137	24.131026133139457	24.044459916144753	25.987116728844416	0.0
216.0	25.9372901301886	23.94780133454095	24.315631873717678	25.799276661552774	0.0
217.0	25.87569855636819	24.183143457445823	24.161886394863803	25.77927159132219	0.0
218.0	25.740612946555103	24.32901206422753	24.145399203933504	25.78497578528386	0.0
219.0	25.948563753096153	24.12814698887232	24.037880935070056	25.885408322961467	0.0
220.0	25.812802114687276	24.18858426246276	24.125118997372045	25.873494625477917	0.0
221.0	25.700201796139687	24.28331561840504	24.128964677973414	25.88751790748186	0.0
222.0	25.865027650692422	24.11756550672397	24.27777007563504	25.739636766948564	0.0
223.0	25.89815239861607	24.123567777733275	24.200589679681315	25.77769014396934	0.0
224.0	25.899475626813896	24.03459260948062	24.212361897602424	25.853569866103065	0.0
225.0	25.815694611331917	24.153803493853406	24.213266783744647	25.81723511107003	0.0
226.0	25.812474581284427	24.17181203090916	24.2155630322525	25.800150355553914	0.0
227.0	25.76765940140129	24.15500465248122	24.260994953136265	25.816340992981225	0.0
228.0	25.82666781695609	24.266998607328166	24.19089463759721	25.715438938118538	0.0
229.0	25.852241215691592	24.261760682285953	24.110477082537372	25.775521019485083	0.0
230.0	25.79925558924302	24.128645024526115	24.184414207892726	25.88768517833814	0.0
231.0	25.713678281687624	24.172472123025347	24.16107175759742	25.952777837689606	0.0
232.0	25.812455128935945	24.24285375345488	24.073075512801157	25.871615604808024	0.0
233.0	25.942656416103038	24.143466806353704	24.1376122760257	25.776264501517552	0.0
234.0	25.81141168531432	24.16439926415984	24.18381213273472	25.840376917791126	0.0
235.0	25.8989347442246	24.081498075637167	24.26484409425526	25.754723085882976	0.0
236.0	25.68308368333636	24.17470672159891	24.387327784642597	25.75488181042213	0.0
237.0	25.756193763096263	24.249969185258227	24.093122149636386	25.90071490200912	0.0
238.0	26.00003081521655	23.929248262792164	24.240481949986904	25.830238972004377	0.0
239.0	25.861442033317516	24.122225851581135	24.155198234898954	25.8611338802024	0.0
240.0	25.84290437992869	24.124584364397247	24.05278225470951	25.979729000964554	0.0
241.0	25.918312628474393	23.963190448747383	24.333936347582753	25.784560575195464	0.0
242.0	25.88902107514686	24.18309919928003	24.15998372670731	25.767895998865804	0.0
243.0	25.74012372125423	24.331846664550195	24.170337104971967	25.757692509223613	0.0
244.0	25.942525298917147	24.147327084251636	24.03574367873843	25.874403938092787	0.0
245.0	25.831311633584775	24.159286306593465	24.140790451206392	25.86861160861537	0.0
246.0	25.688381671105848	24.296821051593174	24.143915852816413	25.87088142448456	0.0
247.0	25.865375129482565	24.13185024416712	24.293086864302275	25.709687762048045	0.0
248.0	25.915192472514935	24.138760258726467	24.217377095678234	25.72867017308036	0.0
249.0	25.9106478355639	24.046343997508917	24.230400453820945	25.81260771310624	0.0
