# Position (bp)	A	C	G	T	N
0.0	26.23594610775154	23.665189188595406	23.80497289459375	26.29059631893753	0.00329549012176836
1.0	26.159875210774057	23.705284318410254	23.77915822197323	26.353210631251134	0.0024716175913262702
2.0	26.225555485375168	23.796551335883628	23.70455400517931	26.271416841278516	0.001922332283373748
3.0	26.182630043993342	23.75036386504314	23.687477000983122	26.377881399218992	0.001647690761397901
4.0	26.257932879123658	23.610115639477247	23.871821699359327	26.25903133058171	0.001098451458057004
5.0	26.281463336939865	23.7600026362473	23.758354981683574	26.199080608753437	0.0010984363758190217
6.0	26.171332223924782	23.8544807473679	23.79791189538607	26.175451315088505	8.238182327451271E-4
7.0	26.17558216168717	23.748352372583483	23.797781195079086	26.277460456942002	8.238137082601055E-4
8.0	26.21524249929977	23.775695699214094	23.78667970101547	26.221832900380598	5.492000900688147E-4
9.0	26.303996221534508	23.738703733706053	23.85678078035198	26.10024466662456	2.7459778289750086E-4
10.0	26.136001669540764	23.79644783234296	23.82857550827631	26.238974989839964	0.0
11.0	26.210417055676988	23.77338180859594	23.819788451610776	26.1964126841163	0.0
12.0	26.24995881067188	23.78985753984381	23.76651692057599	26.193666728908315	0.0
13.0	26.34139911909757	23.80660786661248	23.696769658293334	26.155223355996615	0.0
14.0	26.24886042858869	23.804685697966896	23.690453961314983	26.255999912129436	0.0
15.0	26.227716573487253	23.78491482046945	23.79782080994695	26.189547796096353	0.0
16.0	26.27686917171007	23.803587315883703	23.740155750579397	26.179387761826828	0.0
17.0	26.28373405973002	23.75416012214009	23.758279054952055	26.20382676317784	0.0
18.0	26.346067242951133	23.800841360675726	23.611919642366793	26.24117175400635	0.0
19.0	26.340849928055977	23.789308348802216	23.72038487308195	26.14945685005986	0.0
20.0	26.29169732983316	23.714892962665992	23.809628417341255	26.183781290159597	0.0
21.0	26.156870929121407	23.81182518150764	23.83104686796349	26.20025702140747	0.0
22.0	26.047581911843853	23.84505123952418	23.89035950045583	26.217007348176136	0.0
23.0	26.08465230715157	23.83351822765067	23.80770624869567	26.274123216502094	0.0
24.0	26.338927759410392	23.684412859857428	23.768988280263173	26.20767110046901	0.0
25.0	26.236503630152786	23.65722790329844	23.80550948452929	26.300758982019484	0.0
26.0	26.171699087244487	23.708028074646045	23.768439089221577	26.351833748887888	0.0
27.0	26.23018793317443	23.79480025921817	23.69869182693892	26.27631998066848	0.0
28.0	26.18817481849236	23.75031578484892	23.686335028503013	26.375174368155708	0.0
29.0	26.259844249420606	23.6108212602836	23.867568072229606	26.26176641806619	0.0
30.0	26.280641343537276	23.765627874663963	23.745857051456312	26.207873730342445	0.0
31.0	26.17437316879615	23.853498200031304	23.789792214139982	26.182336417032566	0.0
32.0	26.1677828943936	23.75491867875982	23.793636540874804	26.283661885971775	0.0
33.0	26.211168867543723	23.77853382870229	23.781554371136796	26.228742932617187	0.0
34.0	26.299588382444604	23.743111103788582	23.851576036663893	26.105724477102914	0.0
35.0	26.137505697825762	23.79549336306271	23.821854388286916	26.245146550824604	0.0
36.0	26.214117427383616	23.77050530790227	23.818559260133892	26.19681800458023	0.0
37.0	26.2503638370669	23.79109985885868	23.76446423962172	26.194072064452705	0.0
38.0	26.341254455287853	23.808948469687564	23.697463300510197	26.152333774514382	0.0
39.0	26.247068708913872	23.808948469687564	23.68373359987259	26.26024922152597	0.0
40.0	26.224277405855446	23.786706354654644	23.799886867266746	26.189129372223167	0.0
41.0	26.27645026827835	23.80428037147078	23.738377808410267	26.180891551840602	0.0
42.0	26.277548644329357	23.749910756945855	23.765288021659973	26.20725257706481	0.0
43.0	26.344824177453635	23.80537874752179	23.60712187031474	26.242675204709837	0.0
44.0	26.33768473312208	23.790550670833174	23.723275137708896	26.14848945833585	0.0
45.0	26.277548644329357	23.725746483823666	23.814440349942608	26.182264521904365	0.0
46.0	26.14217379604255	23.822678170325172	23.835584088924524	26.199563944707748	0.0
47.0	26.047988049668565	23.84299812726883	23.886658575296423	26.222355247766178	0.0
48.0	26.07929176712231	23.830366802682235	23.81581332000637	26.274528110189088	0.0
49.0	26.333291228918043	23.683459005859834	23.773800436055293	26.20944932916683	0.0
50.0	26.234437384327276	23.66066770280141	23.802083619368762	26.302811293502554	0.0
51.0	26.160846188909698	23.71338975324982	23.77050530790227	26.355258749938216	0.0
52.0	26.22949469209773	23.796866333126474	23.697463300510197	26.276175674265602	0.0
53.0	26.18693262012115	23.755128043188144	23.689774668153134	26.36816466853757	0.0
54.0	26.249540055028643	23.618380224837576	23.868809964467534	26.263269755666247	0.0
55.0	26.26978787670763	23.772087595249538	23.7501201345507	26.20800439349214	0.0
56.0	26.168737557492967	23.85556394590513	23.79625180201826	26.179446694583646	0.0
57.0	26.167364591199288	23.755611999725406	23.795428022242053	26.28159538683325	0.0
58.0	26.207180613715934	23.781149172787806	23.781698359305278	26.229971854190982	0.0
59.0	26.30026772842727	23.743255303082307	23.84320724926203	26.113269719228395	0.0
60.0	26.1346162295154	23.79646105179913	23.815682527129738	26.253240191555733	0.0
61.0	26.210403760818945	23.774219058916568	23.81650630464391	26.198870875620578	0.0
62.0	26.248297526470715	23.79261675673301	23.762136988708757	26.196948728087516	0.0
63.0	26.33424498044901	23.81650630464391	23.694038047537454	26.155210667369623	0.0
64.0	26.245277008918766	23.81128904705417	23.68634945740521	26.25708448662185	0.0
65.0	26.22907605114011	23.78932164667633	23.793440534247175	26.18816176793638	0.0
66.0	26.27356003690523	23.804973419445545	23.728087518123107	26.19337902552612	0.0
67.0	26.276580554457183	23.747583585958438	23.76241158121348	26.213424278370894	0.0
68.0	26.34852379069461	23.807993936997494	23.604246298493038	26.239235973814857	0.0
69.0	26.33561794297263	23.798932384341636	23.71765300294363	26.147796669742103	0.0
70.0	26.273285444400507	23.725890778085322	23.814584157110847	26.186239620403324	0.0
71.0	26.133517859496507	23.82941215236589	23.836276964983963	26.20079302315364	0.0
72.0	26.052513070603222	23.85000659022011	23.880486358244365	26.216993980932298	0.0
73.0	26.08216906111331	23.831608892403672	23.81211282456834	26.274109221914678	0.0
74.0	26.331499055401785	23.695136417556345	23.76515750626071	26.20820702078116	0.0
75.0	26.23813760379597	23.66328368700848	23.79096920170467	26.30760950749088	0.0
76.0	26.165370590044372	23.71106278283028	23.774768243926015	26.348798383199334	0.0
77.0	26.23209656869206	23.801403716884145	23.6910175299855	26.275482184438292	0.0
78.0	26.181846140327753	23.75225165853873	23.688271604938272	26.377630596195246	0.0
79.0	26.2540639690699	23.615229998681954	23.87334695312157	26.257359079126573	0.0
80.0	26.277606768137474	23.770584084112944	23.746694601800773	26.20511454594881	0.0
81.0	26.16777006785162	23.859277219593768	23.796121116929406	26.176831595625206	0.0
82.0	26.16474955859376	23.76262092334222	23.793100607671544	26.279528910392475	0.0
83.0	26.204016178945956	23.782391529393674	23.78156775414153	26.232024537518843	0.0
84.0	26.301770842200355	23.736809298775047	23.845822223808753	26.115597635215842	0.0
85.0	26.136120248889277	23.797703320903516	23.81719928166995	26.248977148537257	0.0
86.0	26.208612272020826	23.77573604116668	23.818297645656795	26.197354041155695	0.0
87.0	26.256116514451723	23.792486091966015	23.760908127344322	26.190489266237936	0.0
88.0	26.337670040474713	23.815826326686402	23.694731697137115	26.151771935701774	0.0
89.0	26.242936146609626	23.8106090977489	23.688416104212777	26.258038651428695	0.0
90.0	26.22453854983003	23.795781183926543	23.80099841286404	26.178681853379395	0.0
91.0	26.282477250135923	23.80127300386075	23.724387524781836	26.19186222122149	0.0
92.0	26.2739649292379	23.744158076544984	23.7603589453509	26.221518048866216	0.0
93.0	26.348104498349706	23.8106090977489	23.605764214202946	26.235522189698447	0.0
94.0	26.34096513243524	23.79523200193312	23.72026865983118	26.14353420580046	0.0
95.0	26.277534612195137	23.721367023818026	23.82214191961074	26.1789564443761	0.0
96.0	26.13749320387283	23.826535375558105	23.832576377485733	26.203395043083326	0.0
97.0	26.056488859843263	23.851248565262043	23.87623634596269	26.216026228932005	0.0
98.0	26.083947959514305	23.829006694528502	23.814453371702847	26.27259197425435	0.0
99.0	26.333825766520768	23.688965286206194	23.7683220842555	26.208886863017533	0.0
100.0	26.227284459797133	23.659309458561474	23.802920549841012	26.31048553180038	0.0
101.0	26.165226894540584	23.709010428966053	23.776834405153522	26.34892827133984	0.0
102.0	26.233050870728054	23.803469731834433	23.687866922219357	26.275612475218164	0.0
103.0	26.18664499228399	23.75431794342327	23.68484642125554	26.3741906430372	0.0
104.0	26.256665696445147	23.61702244506807	23.86827320705809	26.258038651428695	0.0
105.0	26.27608950543551	23.773199443130988	23.744642057889116	26.206068993544385	0.0
106.0	26.17641324733167	23.849535530604456	23.80038387715931	26.173667344904565	0.0
107.0	26.178884559516064	23.753428945655845	23.797363384489493	26.270323110338595	0.0
108.0	26.2090894862142	23.777318296771643	23.780887969926876	26.232704247087284	0.0
109.0	26.31370836868683	23.73228549696715	23.848162579390905	26.105843554955115	0.0
110.0	26.138448020209786	23.803339008182768	23.815146356197484	26.24306661540996	0.0
111.0	26.217529792959525	23.776703827777474	23.817068482618488	26.188697896644513	0.0
112.0	26.263111648086113	23.790707891701906	23.76324894283047	26.182931517381512	0.0
113.0	26.343291778790707	23.815970124663625	23.690208138832443	26.15052995771322	0.0
114.0	26.24800922620682	23.812125871821628	23.6816958646823	26.258169037289253	0.0
115.0	26.232906804327534	23.794002965566477	23.796199681476192	26.1768905486298	0.0
116.0	26.282058322807405	23.800867702784338	23.72260969850074	26.19446427590752	0.0
117.0	26.270250974792685	23.749794057883463	23.756658795101323	26.223296172222526	0.0
118.0	26.348783568564993	23.81102751386677	23.601515733977703	26.23867318359053	0.0
119.0	26.33395573617442	23.797023449942337	23.724257235433026	26.14476357845022	0.0
120.0	26.2782140699654	23.729749025207315	23.811302103355484	26.1807348014718	0.0
121.0	26.142017683563072	23.828875830633205	23.82612993574606	26.202976550057667	0.0
122.0	26.050853973309902	23.85194134768521	23.873359327804934	26.223845351199955	0.0
123.0	26.07831292218134	23.82805206216706	23.817617661595914	26.276017354055686	0.0
124.0	26.329287714866272	23.684990938546875	23.768191553627325	26.217529792959525	0.0
125.0	26.2227469932451	23.66522049535944	23.797023449942337	26.315009061453125	0.0
126.0	26.15684551595365	23.71437201383931	23.774507111867756	26.354275358339287	0.0
127.0	26.22741501455324	23.798945576363337	23.69487616014059	26.278763248942834	0.0
128.0	26.18183315942666	23.753638310725467	23.689109780877587	26.37541874897029	0.0
129.0	26.24718545774068	23.61991322972157	23.869240485474215	26.26366082706354	0.0
130.0	26.270597700581305	23.760568291966315	23.754527306626684	26.21430670082569	0.0
131.0	26.16817554005036	23.849535530604456	23.803678960071835	26.178609969273353	0.0
132.0	26.175589476603538	23.7495846822579	23.795715843033232	26.279109998105326	0.0
133.0	26.20030259844747	23.772650262645566	23.781162560169587	26.24588457873738	0.0
134.0	26.309589515046174	23.726519101870235	23.848162579390905	26.11572880369269	0.0
135.0	26.134198111912305	23.796604956916674	23.82131814662061	26.24787878455041	0.0
136.0	26.215549032475966	23.773055409869375	23.81836304873729	26.19303250891737	0.0
137.0	26.256463203332448	23.796121116929406	23.75712908832793	26.19028659141022	0.0
138.0	26.342410421306123	23.808752337462277	23.692050843408563	26.156786397823033	0.0
139.0	26.239987698289568	23.807104786957993	23.689304925901418	26.263602588851025	0.0
140.0	26.229278620011698	23.790629281915113	23.793100607671544	26.186991490401645	0.0
141.0	26.276782992885327	23.797768667433694	23.725551036995746	26.199897302685233	0.0
142.0	26.26195503834674	23.749165927557204	23.760424189336504	26.228454844759554	0.0
143.0	26.336441720486796	23.814034972101403	23.60067659593164	26.248846711480162	0.0
144.0	26.323261280260095	23.80305127191248	23.727263740608937	26.146423707218485	0.0
145.0	26.27053951935328	23.728362110627828	23.815407934625014	26.185690435393877	0.0
146.0	26.14120644962875	23.826391634813938	23.82337111726198	26.20903079829533	0.0
147.0	26.053886033126837	23.844514740125653	23.871424805588507	26.230174421159003	0.0
148.0	26.080246913580247	23.829686744870614	23.81485874961557	26.27520759193357	0.0
149.0	26.32580490148967	23.684217752454177	23.767968696368506	26.222008649687652	0.0
150.0	26.21651678451294	23.663074071531547	23.797624768311938	26.322784375643575	0.0
151.0	26.155354308654655	23.715586505351837	23.772976654017036	26.356082531976472	0.0
152.0	26.22812172203397	23.799886867266746	23.693344390318913	26.27864702038037	0.0
153.0	26.180891551840602	23.757050201277412	23.68428278789809	26.377775458983894	0.0
154.0	26.24624492687562	23.625519669169133	23.864965648289004	26.263269755666247	0.0
155.0	26.271854311000542	23.76974679616556	23.749701378191133	26.208697514642765	0.0
156.0	26.16311478335846	23.85322360526453	23.805718710612815	26.177942900764194	0.0
157.0	26.17739371123065	23.74942678342436	23.797206272842853	26.275973232502135	0.0
158.0	26.19991048210603	23.773865717667153	23.784574913571298	26.241648886655515	0.0
159.0	26.311395957415844	23.72965596021671	23.850752252363574	26.108195830003872	0.0
160.0	26.135177882978372	23.795624045780563	23.829124699317905	26.240073371923156	0.0
161.0	26.20884145085688	23.77317249314196	23.829190133206655	26.18879592279451	0.0
162.0	26.260740146799165	23.799533735525344	23.753676157629243	26.186049960046244	0.0
163.0	26.346139588270347	23.811066779068074	23.687223859121126	26.155569773540456	0.0
164.0	26.236026482064744	23.812165164167386	23.69326497716732	26.258543376600553	0.0
165.0	26.229985364018553	23.794865598853285	23.79623858022742	26.178910456900738	0.0
166.0	26.275019153090167	23.80310348709809	23.72786410779551	26.194013252016223	0.0
167.0	26.267330457395015	23.75395075390407	23.757520505476823	26.22119828322409	0.0
168.0	26.341269187467393	23.81140676057885	23.60326221270286	26.244061839250897	0.0
169.0	26.32177279841832	23.799599088337864	23.72792926380537	26.15069884943845	0.0
170.0	26.266304198588568	23.729851443007384	23.820743059560094	26.183101298843948	0.0
171.0	26.150973446467308	23.825411209050717	23.82184144767554	26.201773896806436	0.0
172.0	26.063926188318643	23.843534612955487	23.86797374852404	26.22456545020183	0.0
173.0	26.09440645852212	23.822665238762117	23.808660790290247	26.274267512425514	0.0
174.0	26.33118140204136	23.68296038377786	23.763692131949725	26.222166082231052	0.0
175.0	26.216399528790202	23.659619572231573	23.80515639716725	26.318824501810973	0.0
176.0	26.161551811251947	23.710759869071417	23.779958700380043	26.34772961929659	0.0
177.0	26.229103051338942	23.7972584082072	23.695656949539774	26.277981590914084	0.0
178.0	26.182146701522374	23.760736802794312	23.689066584653236	26.368049911030074	0.0
179.0	26.2464027591661	23.619867753344607	23.874969794160936	26.258759693328354	0.0
180.0	26.268442774880757	23.775905010613265	23.750641875842675	26.205010338663303	0.0
181.0	26.164095044306595	23.85141981563404	23.80611093262157	26.1783742074378	0.0
182.0	26.179472604601735	23.745699088604955	23.801442744674834	26.273385562118477	0.0
183.0	26.201440547880505	23.770687624084555	23.788536577998556	26.239335250036383	0.0
184.0	26.31841984583996	23.723456546035198	23.84620242910533	26.111921179019514	0.0
185.0	26.13972748691531	23.78777810119561	23.826771307590494	26.24572310429859	0.0
186.0	26.20790026498977	23.775486386665385	23.82573833289855	26.190875015446295	0.0
187.0	26.26913624318647	23.790864031414333	23.757362733925554	26.182636991473647	0.0
188.0	26.343553059739406	23.80926228495325	23.6928315461398	26.15435310916755	0.0
189.0	26.234261941702254	23.813381296939575	23.690634739747093	26.261722021611085	0.0
190.0	26.222454107341452	23.793060837807037	23.8010242609806	26.18346079387091	0.0
191.0	26.271333049579177	23.806790877761454	23.727431246824928	26.194444825834445	0.0
192.0	26.276275863962763	23.75022311314926	23.747751705957466	26.225749316930514	0.0
193.0	26.337858766929184	23.814270493513913	23.603925703803778	26.243945035753125	0.0
194.0	26.31698904889006	23.810975274876157	23.723651980975603	26.148383695258183	0.0
195.0	26.269482980195736	23.73079162135741	23.820860930789426	26.17886446765743	0.0
196.0	26.14646148438616	23.827725969618086	23.818664118364254	26.207148427631505	0.0
197.0	26.067376237079998	23.851341703188673	23.860403554442506	26.220878505288823	0.0
198.0	26.090717369097437	23.829373578936963	23.813172087301325	26.266736964664272	0.0
199.0	26.325024782858225	23.689391838270225	23.76628048428863	26.219302894582917	0.0
200.0	26.211064825366666	23.66907126753679	23.798408954232034	26.321454952864514	0.0
201.0	26.15731460174318	23.712523547212506	23.781174312531235	26.34898753851308	0.0
202.0	26.228711397674658	23.79819970233028	23.69659656965856	26.2764923303365	0.0
203.0	26.183127289503023	23.76250130436454	23.682042607410988	26.37232879872145	0.0
204.0	26.24765900890263	23.6238267584207	23.875363162548535	26.253151070128126	0.0
205.0	26.26722795686523	23.779317389835814	23.744717309102292	26.20873734419666	0.0
206.0	26.163702318480013	23.857030269578566	23.802109506509485	26.177157905431937	0.0
207.0	26.16617375281812	23.75789829223887	23.803207921770866	26.272720033172142	0.0
208.0	26.19665477632146	23.770255463929416	23.783436447065995	26.249653312683126	0.0
209.0	26.31281219021257	23.728515683996914	23.84851755130286	26.11015457448766	0.0
210.0	26.137961335676625	23.792838312829527	23.82441783831283	26.24478251318102	0.0
211.0	26.2075082587551	23.774230487232227	23.815146680433546	26.20311457357912	0.0
212.0	26.27039287783633	23.783841673554683	23.753635087969815	26.192130360639172	0.0
213.0	26.343712499210508	23.80773233669908	23.691574284859087	26.156980879231323	0.0
214.0	26.233046553840495	23.817343523021535	23.689652047594596	26.25995787554338	0.0
215.0	26.22480839413553	23.793452859877142	23.792629043906647	26.189109702080682	0.0
216.0	26.27094208848333	23.810203784610568	23.728371398207926	26.19048272869818	0.0
217.0	26.2769834056003	23.748692192146837	23.744847717617855	26.229476684635006	0.0
218.0	26.33856732517204	23.807523108101428	23.602392368147893	26.25151719857864	0.0
219.0	26.311930535646617	23.819605775515022	23.719099951120118	26.149363737718247	0.0
220.0	26.273211078707593	23.72788734560273	23.811642199265155	26.18725937642452	0.0
221.0	26.14881452556308	23.821253411980514	23.816035896506463	26.213896165949947	0.0
222.0	26.072474035995363	23.85118547443692	23.856952202066136	26.219388287501577	0.0
223.0	26.096639370822555	23.829491594307967	23.803129410860123	26.27073962400936	0.0
224.0	26.326007738420515	23.685388445093736	23.763376785287665	26.225227031198084	0.0
225.0	26.214517364763	23.669735855688618	23.79578039142458	26.319966388123806	0.0
226.0	26.165159986379464	23.715934928986478	23.77113105372423	26.347774030909832	0.0
227.0	26.233811882819452	23.796394951614143	23.689023385582004	26.280769779984404	0.0
228.0	26.180812618767778	23.76151978822263	23.679137512494645	26.378530080514945	0.0
229.0	26.24809147727897	23.625863640857215	23.868616746669012	26.257428135194804	0.0
230.0	26.27370213233376	23.772569372931855	23.745657755626038	26.208070739108347	0.0
231.0	26.163309579711935	23.85550109156815	23.805522373714492	26.175666955005422	0.0
232.0	26.167154096469908	23.758015130919528	23.801128640276804	26.27370213233376	0.0
233.0	26.19269267207645	23.77559006467026	23.783828314865925	26.24788894838736	0.0
234.0	26.31159808323379	23.73220194697313	23.847262841372494	26.10893712842059	0.0
235.0	26.13839199898944	23.79680025483724	23.823711946044806	26.241095800128516	0.0
236.0	26.20244787218559	23.770777667628717	23.816912122102522	26.209862338083166	0.0
237.0	26.26533352739096	23.787528868360276	23.749083489632106	26.19805411461666	0.0
238.0	26.343048114391475	23.80894843650883	23.691690031387903	26.156313417711786	0.0
239.0	26.224142050182202	23.825425027392335	23.6864724442748	26.263960478150665	0.0
240.0	26.21412545894423	23.795897855559918	23.79205329657203	26.19737416621127	5.49222712556055E-4
241.0	26.26761646363566	23.809549963201775	23.728813559322035	26.19347078660325	5.492272372771511E-4
242.0	26.272429190489525	23.751736940677638	23.745970023012745	26.228765385312485	0.0010984605075986006
243.0	26.335186080232	23.81420536930445	23.60137747704205	26.24813260688079	0.00109846654070917
244.0	26.308909509830038	23.818377048324955	23.721161424620817	26.149904294788527	0.0016477224356633046
245.0	26.266762235092838	23.732001966292906	23.813015431005365	26.186572636123216	0.001647731485677094
246.0	26.14305134084886	23.820835679075067	23.81781482142612	26.216375794691526	0.001922363958422014
247.0	26.07144622583994	23.84808889035355	23.861820099194254	26.216447791197744	0.00219699341451224
248.0	26.095481858227238	23.833664714993464	23.804554392363208	26.263827403249373	0.002471631166719761
249.0	26.31498004838918	23.696966201724106	23.762052667858548	26.2235294440737	0.0024716379544724287
