# Position (bp)	A	C	G	T	N
0.0	26.282349107891704	23.79066076956031	23.640417302737568	26.286572819810416	0.0
1.0	26.399707960490193	23.819321671865858	23.54840072165135	26.232569645992605	0.0
2.0	26.249992458112352	23.710789726138977	23.846543703730518	26.19267411201815	0.0
3.0	26.278970850414936	23.852402887507278	23.659942623915146	26.20868363816264	0.0
4.0	26.282751256357194	23.764908872626798	23.629469645324182	26.322870225691826	0.0
5.0	26.3745113652816	23.687925293180832	23.606486173447227	26.331077168090346	0.0
6.0	26.27622962933918	23.849395101087943	23.65485020042649	26.21952506914639	0.0
7.0	26.232499502355516	23.805200837249142	23.671892436407067	26.29040722398827	0.0
8.0	26.252122433100006	23.815584313749145	23.64880555647708	26.283487696673774	0.0
9.0	26.41861082293903	23.664020844893724	23.715590243431688	26.201778088735555	0.0
10.0	26.08210519332085	23.838732927421376	23.837828220229856	26.241333659027923	0.0
11.0	26.17529003404715	23.65447422941565	23.80103679444148	26.36919894209572	0.0
12.0	26.158100597408318	23.862858452528506	23.800433656313803	26.17860729374938	0.0
13.0	26.337835759456453	23.702725279629913	23.677996616395102	26.28144234451853	0.0
14.0	26.31913847749842	23.68312329048037	23.6656322847777	26.332105947243505	0.0
15.0	26.252190145326132	23.712677058736606	23.78294265061113	26.252190145326132	0.0
16.0	26.41714842324615	23.6864405501826	23.678298185458942	26.21811284111231	0.0
17.0	26.359850301116712	23.75429358954641	23.50097557592152	26.384880533415362	0.0
18.0	26.144451145958985	23.77171290711701	23.795536791314838	26.288299155609167	0.0
19.0	26.19571773220748	23.748793727382388	23.721652593486127	26.333835946924005	0.0
20.0	26.202273213892603	23.671520894086566	23.886538339751688	26.23966755226914	0.0
21.0	26.302996673713285	23.786116447175974	23.66880678888182	26.24208009022892	0.0
22.0	26.10426385927666	23.825923323512292	23.850048703110062	26.219764114100986	0.0
23.0	26.194432465523327	23.688408659805006	23.633523421220083	26.483635453451587	0.0
24.0	26.288521445954625	23.68026634419076	23.7360562845106	26.29515592534401	0.0
25.0	26.35305683637866	23.646490812753882	23.712232472157805	26.288219878709658	0.0
26.0	26.433273723541244	23.726406132671492	23.588589901719235	26.251730242068028	0.0
27.0	26.26922114227641	23.686599256335175	23.806321452589106	26.237858148799308	0.0
28.0	26.292743387384238	23.774958459112007	23.683885151130426	26.248413002373333	0.0
29.0	26.310535854837592	23.691122765009755	23.676647537251093	26.32169384290156	0.0
30.0	26.372055572811902	23.699265080624002	23.570194299775935	26.35848504678816	0.0
31.0	26.27193524748116	23.825923323512292	23.64588767826394	26.25625375074261	0.0
32.0	26.247206733393448	23.76832397972262	23.705597992768418	26.27887129411552	0.0
33.0	26.24479419543367	23.80119480942458	23.657347233572878	26.296663761568873	0.0
34.0	26.408545209453532	23.640459467854438	23.722485758486854	26.228509564205176	0.0
35.0	26.103057590296775	23.821701382082683	23.838589147801123	26.236651879819423	0.0
36.0	26.199257541442876	23.65222059040835	23.781894505746365	26.366627362402404	0.0
37.0	26.16910081694567	23.878697591382412	23.75716599165865	26.195035600013266	0.0
38.0	26.359691315768046	23.679663209700816	23.662172309492433	26.298473165038704	0.0
39.0	26.32923302402586	23.689313361539924	23.67453656653629	26.306917047897926	0.0
40.0	26.265903902581716	23.685694554600257	23.77013338319245	26.278268159625572	0.0
41.0	26.432067454561352	23.692027466744673	23.65041118693852	26.225493891755452	0.0
42.0	26.342200415559663	23.77013338319245	23.510182418026485	26.3774837832214	0.0
43.0	26.150626353278934	23.768855435130064	23.810773155771077	26.269745055819925	0.0
44.0	26.20762239069728	23.710351566033978	23.732667474864446	26.34935856840429	0.0
45.0	26.21387623151781	23.670473427562477	23.83301719224494	26.282633148674773	0.0
46.0	26.304044293929792	23.78989333630878	23.648459151455203	26.25760321830623	0.0
47.0	26.104106416407575	23.803463780484496	23.866189389118915	26.226240413989014	0.0
48.0	26.214479362370064	23.693090834522003	23.625841744495677	26.466588058612256	0.0
49.0	26.28474410665766	23.681631348329176	23.72173955000407	26.311884995009095	0.0
50.0	26.369483991399356	23.651776371142603	23.72264424628245	26.25609539117559	0.0
51.0	26.42286107182384	23.72897712023112	23.57879753801986	26.269364269925184	0.0
52.0	26.273284620464832	23.69128144196524	23.81100291613767	26.224431021432252	0.0
53.0	26.298012985407247	23.760943055400585	23.700931535601306	26.240112423590862	0.0
54.0	26.32304291577579	23.706962844123847	23.64996697858584	26.32002726151452	0.0
55.0	26.370087122251608	23.678314128641777	23.563417701287385	26.38818104781923	0.0
56.0	26.273284620464832	23.800146560797096	23.66112489935254	26.26544391938553	0.0
57.0	26.255190694897212	23.75641957400868	23.693090834522003	26.295298896572106	0.0
58.0	26.244635904982765	23.805574738467385	23.665648380744443	26.284140975805403	0.0
59.0	26.406878104239105	23.643634104637172	23.7298818165095	26.219605974614225	0.0
60.0	26.10953459407786	23.82427179488726	23.83754067363685	26.228652937398035	0.0
61.0	26.20965431555203	23.63368244557498	23.76305401338347	26.393609225489516	0.0
62.0	26.18070403464384	23.886695838095555	23.759133662843823	26.17346646441679	0.0
63.0	26.38697478611472	23.697915881340037	23.661426464778664	26.253682867766575	0.0
64.0	26.328772658872207	23.68675796057334	23.690678311112986	26.29379106944147	0.0
65.0	26.247953124670165	23.694900227078765	23.80286064963224	26.254285998618833	0.0
66.0	26.422257940971583	23.690376745686862	23.65690298338676	26.230462329954797	0.0
67.0	26.33812118708214	23.765164971366364	23.50099365807909	26.395720183472406	0.0
68.0	26.14684985705842	23.756046368560092	23.822390562236883	26.274713212144608	0.0
69.0	26.223145679786736	23.71020856201976	23.733127465289925	26.333518292903584	0.0
70.0	26.209797801601304	23.679980699929132	23.841317229836704	26.26890426863286	0.0
71.0	26.302679392650894	23.77949669033941	23.66098219266899	26.256841724340706	0.0
72.0	26.11390057447867	23.815985886823178	23.854887592165376	26.215225946532772	0.0
73.0	26.19863994813106	23.70772455180109	23.620874232897574	26.47276126717028	0.0
74.0	26.304187210687413	23.67214004613923	23.733055894814616	26.290616848358738	0.0
75.0	26.362992114111666	23.641078994586934	23.734865276458436	26.26106361484296	0.0
76.0	26.43777988872303	23.734563712851134	23.58167096394807	26.24598543447777	0.0
77.0	26.26950739584747	23.67877444549992	23.835285957690626	26.216432200961986	0.0
78.0	26.30026688379246	23.753863783718582	23.70169327965501	26.244176052833946	0.0
79.0	26.33977171634927	23.67967913632183	23.658268120203253	26.322281027125648	0.0
80.0	26.362992114111666	23.672743173353837	23.602478852852038	26.361785859682453	0.0
81.0	26.277649613244673	23.809653051069795	23.64409463065997	26.268602705025557	0.0
82.0	26.23633539904404	23.764418509974217	23.705915170157265	26.293330920824477	0.0
83.0	26.246588561692374	23.805732724174845	23.69777295276006	26.249905761372716	0.0
84.0	26.417273563426363	23.67063222810271	23.69928077079658	26.212813437674342	0.0
85.0	26.128978754843867	23.817493704859697	23.832873448832196	26.22065409146424	0.0
86.0	26.184164894980473	23.60820856139081	23.81477963239396	26.392846911234752	0.0
87.0	26.182053949729344	23.89077366143454	23.751149711252843	26.176022677583273	0.0
88.0	26.39797349255892	23.679377572714525	23.670029100888105	26.25261983383845	0.0
89.0	26.3340420078105	23.701994843262312	23.666711901207762	26.297251247719426	0.0
90.0	26.24598543447777	23.695058880294326	23.800907706457984	26.258047978769923	0.0
91.0	26.401592255846563	23.68751979011173	23.686615099289817	26.22427285475189	0.0
92.0	26.346104552102652	23.766831018832647	23.516533224770434	26.370531204294267	0.0
93.0	26.135835901642313	23.775806227872838	23.8122953143188	26.276062556166053	0.0
94.0	26.210623450721638	23.71971556606334	23.733285887468863	26.336375095746156	0.0
95.0	26.214163150958814	23.674108206400952	23.877059290063237	26.234669352576994	0.0
96.0	26.26030210459972	23.803478213668587	23.674711329977956	26.261508351753733	0.0
97.0	26.095950929865776	23.806493831553617	23.87404367217821	26.223511566402397	0.0
98.0	26.226828746075924	23.68104412753651	23.61831927552796	26.473807850859604	0.0
99.0	26.279903620852394	23.700344082000683	23.708787812078754	26.310964485068165	0.0
100.0	26.355294067978058	23.636111421049616	23.72869089011993	26.279903620852394	0.0
101.0	26.43490638014276	23.726881519388915	23.590575590985715	26.247636509482607	0.0
102.0	26.284427047679937	23.671394150304426	23.820968797401743	26.223210004613897	0.0
103.0	26.286537980199455	23.745276788487576	23.716929980368327	26.251255250944645	0.0
104.0	26.340215978552926	23.673203521035443	23.66355354380336	26.323026956608274	0.0
105.0	26.390576797232868	23.643047342185177	23.602939624314324	26.363436236267628	0.0
106.0	26.257286486714694	23.81704849415121	23.64214265681967	26.283522362314425	0.0
107.0	26.254873992406676	23.74075336166004	23.723262777926884	26.281109868006403	0.0
108.0	26.269952081831804	23.79654229253303	23.681345689325013	26.25215993631015	0.0
109.0	26.405654886658002	23.65149107226325	23.716929980368327	26.22592406071042	0.0
110.0	26.12490086156203	23.809811011227143	23.860473391695592	26.204814735515235	0.0
111.0	26.187625713570583	23.611986477969403	23.833332830730352	26.36705497772966	0.0
112.0	26.195466320071652	23.902390480297463	23.737134620198006	26.16500857943288	0.0
113.0	26.394497100483406	23.674108206400952	23.67501289176646	26.25638180134919	0.0
114.0	26.35288157367004	23.686472239729557	23.67501289176646	26.285633294833943	0.0
115.0	26.251858374521646	23.684964430787044	23.817350055939713	26.245827138751594	0.0
116.0	26.404750201292494	23.68104412753651	23.700344082000683	26.21386158917031	0.0
117.0	26.35227845009303	23.767290799048272	23.51850232353358	26.361928427325115	0.0
118.0	26.1313124611738	23.785456234205654	23.808374999246094	26.27485630537445	0.0
119.0	26.220575019752356	23.71850931527174	23.72936557239616	26.331550092579747	0.0
120.0	26.207385292742874	23.68058382714374	23.871473590567092	26.240557289546295	0.0
121.0	26.27795117685198	23.7942733070973	23.670029100888105	26.257746415162618	0.0
122.0	26.09852083050617	23.80362177892372	23.872378281389	26.225479109181105	0.0
123.0	26.23633539904404	23.68993229897016	23.61906485125375	26.454667450732046	0.0
124.0	26.267698014203646	23.69536044390163	23.733960585636527	26.3029809562582	0.0
125.0	26.342184225207703	23.653141538879087	23.736373094494954	26.268301141418256	0.0
126.0	26.433557998220774	23.73757934892417	23.58619441805763	26.242668234797424	0.0
127.0	26.279839808928724	23.657434771595035	23.85405483649172	26.20867058298452	0.0
128.0	26.290997696047093	23.756046368560092	23.720160191071276	26.232795744321542	0.0
129.0	26.335629244520575	23.675227078081086	23.659545723212023	26.32959795418632	0.0
130.0	26.419162615649995	23.628484577990616	23.618532948939098	26.3338198574203	0.0
131.0	26.25941261086299	23.80074969164935	23.680123521198542	26.259714176289116	0.0
132.0	26.252778171488195	23.7298818165095	23.724755204265342	26.29258480773696	0.0
133.0	26.219002843761967	23.805574738467385	23.697011185061655	26.278411232708994	0.0
134.0	26.382451304722814	23.64996697858584	23.737722517588804	26.22985919910254	0.0
135.0	26.127930085071604	23.81100291613767	23.836937542784593	26.22412945600613	0.0
136.0	26.178291511234818	23.621016697677643	23.825478056591766	26.375213734495766	0.0
137.0	26.199702656489837	23.870109739658567	23.75249922346903	26.177688380382563	0.0
138.0	26.383356001001196	23.68313917545981	23.676806301511142	26.25669852202785	0.0
139.0	26.3320898785596	23.71148632551575	23.67228282011924	26.284140975805403	0.0
140.0	26.23227172251156	23.65720454881289	23.831810930540435	26.278712798135118	0.0
141.0	26.388784178671482	23.675600039806636	23.69369396537426	26.241921816147624	0.0
142.0	26.327867962593825	23.76576810221862	23.545022210293634	26.361341724893922	0.0
143.0	26.145198159239087	23.765839771774598	23.820121712173027	26.26884035681329	0.0
144.0	26.24863541233165	23.68411529484141	23.75226928667499	26.314980006151956	0.0
145.0	26.204384184607406	23.682678882150537	23.85819101872431	26.254745914517745	0.0
146.0	26.27223681472613	23.78129137125642	23.688107092560035	26.25836472145742	0.0
147.0	26.103660724786714	23.778878833296645	23.873570948217886	26.243889493698752	0.0
148.0	26.240349819059105	23.68848009650181	23.612786489746682	26.458383594692403	0.0
149.0	26.281743913582368	23.669854251671445	23.73710415290758	26.311297681838607	0.0
150.0	26.345978124180107	23.63396753307459	23.72534295941785	26.294711383327453	0.0
151.0	26.43463942894882	23.738310429162933	23.581494515966575	26.245555625921668	0.0
152.0	26.277601191804536	23.659370683779755	23.844836217347513	26.218191907068196	0.0
153.0	26.301425219693726	23.75526993528308	23.719383108462658	26.223921736560534	0.0
154.0	26.324646107636358	23.662084813539288	23.6744491824438	26.338819896380556	0.0
155.0	26.403657440635953	23.63645136581041	23.617452457493712	26.342438736059925	0.0
156.0	26.25928461355199	23.81535417992322	23.66215617149733	26.26320503502746	0.0
157.0	26.26109403884836	23.746596018661208	23.72156563539477	26.27074430709566	0.0
158.0	26.247221778242867	23.800275635786814	23.69743996477652	26.255062621193797	0.0
159.0	26.37750039958142	23.640744638823634	23.74267559718574	26.239079364409207	0.0
160.0	26.15011595400441	23.790022225774056	23.862700808511537	26.197161011709998	0.0
161.0	26.19052645228998	23.60727027084081	23.828623298763258	26.373579978105955	0.0
162.0	26.22068354056279	23.873858931172478	23.738453604827548	26.167003923437182	0.0
163.0	26.421529748459726	23.650696477953662	23.663664025910972	26.26410974767564	0.0
164.0	26.341010322771314	23.672409581510088	23.680853566226475	26.305726529492123	0.0
165.0	26.239984077057393	23.65944203355278	23.833146862004178	26.267427027385654	0.0
166.0	26.401927641082395	23.67210801062736	23.702566669782897	26.223397678507343	0.0
167.0	26.322312928042173	23.772832685458553	23.56505034725887	26.339804039240406	0.0
168.0	26.134513082184345	23.776221667330123	23.804267844002943	26.284997406482585	0.0
169.0	26.25785594518631	23.675195116949542	23.752095923955657	26.31485301390849	0.0
170.0	26.21239765376438	23.68340897781933	23.869177762028983	26.235015606387307	0.0
171.0	26.257331986308603	23.779610669642185	23.691551440763583	26.271505903285636	0.0
172.0	26.098704745246458	23.779309096940544	23.871590343642094	26.2503958141709	0.0
173.0	26.26193477565939	23.663576542398236	23.628594003510315	26.445894678432058	0.0
174.0	26.27437853030673	23.676917184620905	23.746279324352443	26.302424960719918	0.0
175.0	26.327154071406817	23.64706130708429	23.718836042980403	26.306948578528498	0.0
176.0	26.436927196894988	23.736327365173572	23.60122197995736	26.22552345797408	0.0
177.0	26.28833023715892	23.64954522425149	23.854314941253108	26.207809597336485	0.0
178.0	26.31275784699269	23.734891070954667	23.707146131390385	26.24520495066226	0.0
179.0	26.34593114429781	23.646227894520976	23.692972086178195	26.314868875003018	0.0
180.0	26.397500542835772	23.642005838500328	23.625117614417718	26.33537600424618	0.0
181.0	26.2582518825903	23.79738895205238	23.67012373677211	26.274235428585214	0.0
182.0	26.250109321423075	23.737978413165617	23.738581565844672	26.273330699566632	0.0
183.0	26.243776218293018	23.78683378016894	23.710836542608213	26.25855345892983	0.0
184.0	26.38310448715436	23.63152196531269	23.733153191733187	26.252220355799764	0.0
185.0	26.149081247681632	23.801007868126696	23.841419097623277	26.208491786568395	0.0
186.0	26.204571294154544	23.593221770192798	23.832371807437475	26.36983512821518	0.0
187.0	26.23050685935384	23.869767273538788	23.7310421573565	26.168683709750866	0.0
188.0	26.41567473182324	23.632728270670796	23.67072688945116	26.280870108054806	0.0
189.0	26.332741238453394	23.675552110883586	23.679472603297434	26.31223404736558	0.0
190.0	26.255839271874088	23.675853687223114	23.812166192689187	26.25614084821361	0.0
191.0	26.42381729299046	23.65715595417246	23.677059992581224	26.24196676025586	0.0
192.0	26.31947187951422	23.77265969221119	23.557937338468175	26.349931089806418	0.0
193.0	26.14493802587533	23.781778702614677	23.801079646551464	26.272203624958536	0.0
194.0	26.25863264875298	23.65602098977653	23.740764196748998	26.34458216472149	0.0
195.0	26.217395631338796	23.677504380422754	23.881672793729585	26.223427194508865	0.0
196.0	26.26685444933336	23.764962046388753	23.69740853888398	26.270774965393905	0.0
197.0	26.104303821900004	23.78577093932549	23.857244962890807	26.252680275883698	0.0
198.0	26.278695248320204	23.659481042739785	23.61876786855978	26.443055840380232	0.0
199.0	26.27817133964842	23.651409735604833	23.736756869237936	26.33366205550881	0.0
200.0	26.355995331485634	23.61128284622553	23.74699547322993	26.28572634905891	0.0
201.0	26.433661759871647	23.738091145150054	23.571012814365115	26.257234280613183	0.0
202.0	26.297741694211886	23.656718218447654	23.844005597510073	26.201534489830387	0.0
203.0	26.34404386351161	23.717179272198667	23.725020659038403	26.213756205251315	0.0
204.0	26.34088523759545	23.64403508136996	23.6862581882668	26.328821492767783	0.0
205.0	26.429109991856926	23.631209096118468	23.629701118919083	26.309979793105526	0.0
206.0	26.271311680595478	23.78523797603501	23.689028160221014	26.254422183148503	0.0
207.0	26.253992478005557	23.74796794556658	23.734094178748403	26.26394539767946	0.0
208.0	26.228370989000382	23.802543755673984	23.71387121972994	26.255214035595692	0.0
209.0	26.396081471137343	23.616435381371907	23.731047524830117	26.25643562266063	0.0
210.0	26.147252475471493	23.778702047636425	23.852596719076587	26.22144875781549	0.0
211.0	26.233973053919307	23.58219399127133	23.838263193294544	26.34556976151482	0.0
212.0	26.238798857491002	23.85093092767025	23.749589052664597	26.160681162174143	0.0
213.0	26.418116175889537	23.65773988158613	23.673423837803764	26.25072010472057	0.0
214.0	26.32944150035138	23.686091648594928	23.666788317865535	26.317678533188154	0.0
215.0	26.25057684129249	23.67597957453996	23.834931397358446	26.23851218680911	0.0
216.0	26.414354525904322	23.66301007097033	23.697695952610037	26.22493945051531	0.0
217.0	26.312106579157707	23.785767930338686	23.557444344240785	26.344681146262822	0.0
218.0	26.13483498519059	23.74753427880294	23.8253515349303	26.29227920107617	0.0
219.0	26.255497041098863	23.674828528512222	23.738470540685643	26.331203889703264	0.0
220.0	26.20912647304557	23.681233995192148	23.875176825792284	26.234462705970003	0.0
221.0	26.277293004485113	23.771117297709786	23.68756805342326	26.26402164438184	0.0
222.0	26.10054261765513	23.792532446967343	23.866731414817473	26.24019352056005	0.0
223.0	26.26862520359534	23.66954213669542	23.616456536164566	26.445376123544673	0.0
224.0	26.317916791090923	23.647244417498424	23.729892286299457	26.3049465051112	0.0
225.0	26.331791980743652	23.62854307492301	23.7323053627608	26.30735958157254	0.0
226.0	26.448826189118833	23.735020073779815	23.56489818325506	26.251255553846292	0.0
227.0	26.283609731966724	23.656666445467323	23.863588376175624	26.19613544639033	0.0
228.0	26.332173042234995	23.727550780330954	23.728154051265964	26.212122126168087	0.0
229.0	26.308804189138645	23.68094014309673	23.7002449294772	26.310010738287424	0.0
230.0	26.425236181995874	23.636901099166273	23.660428807567477	26.277433911270375	0.0
231.0	26.270273857319097	23.787791495612673	23.6927754635425	26.249159183525727	0.0
232.0	26.266669481990473	23.73830760831204	23.709651633843006	26.285371275854473	0.0
233.0	26.221279753376148	23.80571735386119	23.719145624507945	26.25385726825472	0.0
234.0	26.373308156142823	23.64282977946832	23.74991327744882	26.233948786940037	0.0
235.0	26.158551851661926	23.785794222247695	23.850346743566618	26.20530718252376	0.0
236.0	26.198670942014342	23.609028906860363	23.86422251917723	26.328077631948066	0.0
237.0	26.208625302778472	23.875685116420776	23.748389957558224	26.167299623242528	0.0
238.0	26.43562355396955	23.675232496055937	23.66618302258447	26.222960927390044	0.0
239.0	26.31512266635295	23.678391838532285	23.697999149344362	26.308486345770397	0.0
240.0	26.20800125490953	23.705120392883213	23.85715750924591	26.229720842961346	0.0
241.0	26.4088331121033	23.65964764088331	23.719681428743815	26.21183781826958	0.0
242.0	26.332144645777145	23.789439385985556	23.565881650163824	26.31253431807348	0.0
243.0	26.10425893967005	23.76087664884566	23.85169138678027	26.28317302470402	0.0
244.0	26.224304761445	23.704941873621515	23.734510444041483	26.336242920892005	0.0
245.0	26.21394669587441	23.627190957669896	23.95095030761664	26.207912038839055	0.0
246.0	26.221390745462504	23.773026960969208	23.771518232977776	26.234064060590516	0.0
247.0	26.07226167017222	23.816838121908752	23.89469459440701	26.216205613512024	0.0
248.0	26.228350520130732	23.641729966592127	23.711744663642754	26.418174849634386	0.0
249.0	26.279733701917564	23.61705466595042	23.879006995455065	26.224204636676944	0.0
