# Position (bp)	A	C	G	T	N
0.0	26.280068752224377	23.777730569633697	23.73772626572238	26.204474412419543	0.0
1.0	26.127704421429005	23.853534991254254	23.8860901280686	26.132670459248143	0.0
2.0	26.333750834542613	23.824329469148132	23.73632315697126	26.105596539337995	0.0
3.0	26.140511074757715	23.742382569498275	23.739348011398903	26.377758344345104	0.0
4.0	26.20855172413793	23.918620689655175	23.678620689655173	26.194206896551727	0.0
5.0	26.210067830553264	23.767726559288977	23.71724672501731	26.304958885140444	0.0
6.0	26.194160563807635	23.78087632918201	23.73563931758313	26.289323789427225	0.0
7.0	26.19343805596547	23.645616406239224	23.81883628239253	26.34210925540278	0.0
8.0	26.218891613319617	23.657957375683676	23.873919842896267	26.24923116810044	0.0
9.0	26.34672241466805	23.652450190852324	23.769112812479314	26.231714582000308	0.0
10.0	26.288283070643555	23.70771797735766	23.81941284353066	26.184586108468128	0.0
11.0	26.219059832595597	23.799280188640218	23.815827576221405	26.165832402542783	0.0
12.0	26.224299838662972	23.76204856658255	23.754602242171018	26.259049352583464	0.0
13.0	26.341786290489388	23.672416883851128	23.824652849598035	26.161143976061446	0.0
14.0	26.195066120602878	23.75129276465478	23.81941284353066	26.234228271211684	0.0
15.0	26.208028240874803	23.66248845130242	23.744122230036265	26.385361077786513	0.0
16.0	26.151491333305753	23.709648505908795	23.812793888498188	26.326066272287264	0.0
17.0	26.161143976061446	23.824101270011997	23.74081275252003	26.27394200140653	0.0
18.0	26.1939629614308	23.794040182572843	23.74936223610364	26.262634619892715	0.0
19.0	26.1939629614308	23.87843185923689	23.674898991988304	26.252706187344003	0.0
20.0	26.301245190915484	23.753774872791958	23.780802272507895	26.164177663784667	0.0
21.0	26.244432493553415	23.755429611550078	23.78714543774735	26.21299245714916	0.0
22.0	26.321305254332643	23.81300400445675	23.74543569151342	26.12025504969718	0.0
23.0	26.236638021379164	23.805833489613786	23.633189555317763	26.324338933689283	0.0
24.0	26.222021202660812	23.885812309016092	23.716477843109136	26.175688645213956	0.0
25.0	26.283797945923286	23.772738805723172	23.742953590221624	26.200509658131914	0.0
26.0	26.130938755698473	23.850997112496795	23.88243697548518	26.13562715631955	0.0
27.0	26.342192571918687	23.813489907528194	23.741233380309268	26.103084140243855	0.0
28.0	26.142797651387077	23.749231240192277	23.73433867351357	26.373632434907073	0.0
29.0	26.212572084159547	23.91746208600733	23.675595771614216	26.1943700582189	0.0
30.0	26.21891521441159	23.759711194521742	23.72247977782497	26.298893813241698	0.0
31.0	26.197679517480836	23.791151057510127	23.729650272892496	26.281519152116537	0.0
32.0	26.194645846490733	23.64939588579056	23.82314249704217	26.332815770676536	0.0
33.0	26.223603615032665	23.66842527654669	23.88409170511615	26.223879403304494	0.0
34.0	26.34495045463697	23.658772687032712	23.768260630948408	26.22801622738191	0.0
35.0	26.291447529902346	23.70869036423357	23.822590920498516	26.17727118536557	0.0
36.0	26.223879403304494	23.801631011839593	23.809077295178945	26.165412289676972	0.0
37.0	26.218639426139763	23.774603761200453	23.74371547475572	26.263041337904063	0.0
38.0	26.342744148462344	23.672010524080452	23.821211979139374	26.16403334831783	0.0
39.0	26.201540553286428	23.749507028464105	23.805216259373356	26.243736158876107	0.0
40.0	26.208711048353955	23.653256921596153	23.740130227221957	26.397901802827935	0.0
41.0	26.164584924861483	23.70455354015615	23.80549204764518	26.32536948733718	0.0
42.0	26.170100690298042	23.81018044826626	23.74481862784303	26.274900233592668	0.0
43.0	26.194645846490733	23.79942470566497	23.741784956852925	26.264144490991377	0.0
44.0	26.192991116859766	23.882161187213352	23.666494758643893	26.258352937282993	0.0
45.0	26.304685366950086	23.749507028464105	23.780946891452494	26.164860713133315	0.0
46.0	26.248424559497185	23.749231240192277	23.78315319762712	26.219191002683417	0.0
47.0	26.321160072587276	23.804047457514933	23.750544680334695	26.1242477895631	0.0
48.0	26.227668106277473	23.79632540720026	23.64684857610908	26.329157910413187	0.0
49.0	26.222428143563945	23.88099217315043	23.72351750423334	26.17306217905228	0.0
50.0	26.280895095946477	23.770401381143856	23.742546842508784	26.206156680400884	0.0
51.0	26.141826094390773	23.840661446942764	23.878168445031562	26.139344013634897	0.0
52.0	26.33349788609456	23.808670183867026	23.748272885474037	26.109559044564378	0.0
53.0	26.14651446915187	23.746342378219467	23.736965628697266	26.370177523931392	0.0
54.0	26.226768413591873	23.914296509367098	23.671879955543176	26.187055121497853	0.0
55.0	26.222080038830775	23.76178643625603	23.715454262146338	26.300679262766856	0.0
56.0	26.190640349256338	23.795432419835684	23.72427943816723	26.289647792740737	0.0
57.0	26.19174349625895	23.647334934735063	23.82494160215555	26.33597996685043	0.0
58.0	26.224837906337306	23.666915794031425	23.886166260800497	26.222080038830775	0.0
59.0	26.34452935612067	23.657814831259877	23.768129531521044	26.2295262810984	0.0
60.0	26.287717285486174	23.715178475395685	23.823286881651633	26.17381735746651	0.0
61.0	26.224562119586654	23.798466074092868	23.80618810311115	26.17078370320933	0.0
62.0	26.218494811072286	23.77336947978345	23.751306539731218	26.25682916941304	0.0
63.0	26.345632503123284	23.66746736753273	23.826872109410118	26.16002801993387	0.0
64.0	26.20718755429552	23.75240968673383	23.80260287535266	26.237799883617992	0.0
65.0	26.216288517067067	23.652299096246818	23.732553040686817	26.3988593459993	0.0
66.0	26.157821725928642	23.709386953631974	23.80784282361507	26.324948496824312	0.0
67.0	26.160855380185826	23.8152890658827	23.74689395172077	26.276961602210708	0.0
68.0	26.205808620542253	23.807291250113764	23.726209945421804	26.260690183922186	0.0
69.0	26.201671819282456	23.865206467750877	23.667743154283382	26.265378558683285	0.0
70.0	26.300679262766856	23.74606659146881	23.787710390817406	26.165543754946924	0.0
71.0	26.24331561863105	23.74303293721163	23.782470442555	26.231181001602323	0.0
72.0	26.309707666850525	23.79784886927744	23.7573083287369	26.135135135135133	0.0
73.0	26.212630998345283	23.799227799227797	23.660783232211806	26.327357970215115	0.0
74.0	26.206287920573633	23.884721456150025	23.720353006067292	26.18863761720905	0.0
75.0	26.273579702151128	23.768339768339768	23.74600110314396	26.212079426365143	0.0
76.0	26.142785044718575	23.842184660273965	23.87831252533777	26.136717769669694	0.0
77.0	26.335834705364853	23.812124070259046	23.734904206000536	26.11713701837557	0.0
78.0	26.153264883439377	23.73573156168902	23.732973709394074	26.378029845477535	0.0
79.0	26.223038546501527	23.912234108565613	23.676989307806654	26.187738037126206	0.0
80.0	26.23379417045182	23.75476074252415	23.708428823969047	26.303016263054985	0.0
81.0	26.189668533732668	23.78730339960452	23.72883693095165	26.294191135711152	0.0
82.0	26.200699942912458	23.65437491898809	23.81074514411157	26.33417999398788	0.0
83.0	26.23793094889424	23.667612610003832	23.882725089009682	26.211731352092244	0.0
84.0	26.34934818161009	23.653547563299604	23.76937735968737	26.227726895402938	0.0
85.0	26.28315972653137	23.711738246722984	23.819846056684895	26.185255970060755	0.0
86.0	26.222211190813045	23.7988863792433	23.81074514411157	26.168157285832084	0.0
87.0	26.23131210338637	23.77406570858878	23.742074621967397	26.252547566057455	0.0
88.0	26.34714189977413	23.67037046229878	23.82839539879923	26.154092239127856	0.0
89.0	26.212834493010224	23.753381816376677	23.80247158722673	26.23131210338637	0.0
90.0	26.221659620354053	23.64968657008668	23.73573156168902	26.39292224787025	0.0
91.0	26.16402050738966	23.710910891034498	23.807435721357635	26.3176328802182	0.0
92.0	26.15767744711129	23.811296714570563	23.753381816376677	26.27764402194147	0.0
93.0	26.209249285026793	23.80054109062027	23.732422138935082	26.257787485417854	0.0
94.0	26.211179781633255	23.86672954569899	23.655202274676572	26.266888397991178	0.0
95.0	26.312668746087297	23.747866111786784	23.774341493818273	26.16512364830764	0.0
96.0	26.263027404778256	23.749796608393247	23.767722648310404	26.219453338518093	0.0
97.0	26.301289016607743	23.814816244808355	23.747524834391427	26.136369904192474	0.0
98.0	26.208349650581077	23.787789366854017	23.67499351906498	26.32886746349993	0.0
99.0	26.204488668016175	23.87824667266038	23.730426197318273	26.186838462005174	0.0
100.0	26.2742621386534	23.77206965212547	23.748903756736038	26.204764452485097	0.0
101.0	26.145950254134686	23.84812039613572	23.87321671359586	26.132712636133732	0.0
102.0	26.335413661773345	23.80951067696627	23.743322586961497	26.11175307429889	0.0
103.0	26.145674470426332	23.743046803253147	23.737531129086083	26.37374759723444	0.0
104.0	26.21572353234805	23.916238972098963	23.677961848081786	26.1900756474712	0.0
105.0	26.232546338557594	23.756835988670804	23.719605188043122	26.291012484728476	0.0
106.0	26.190351431179554	23.787447980298012	23.736979561669376	26.285221026853062	0.0
107.0	26.208553155930865	23.65534758399682	23.80509813763262	26.331001122439694	0.0
108.0	26.22675488068218	23.668860985706132	23.88369649451328	26.220687639098404	0.0
109.0	26.34809971235759	23.65589915141353	23.771452525213526	26.22454861101535	0.0
110.0	26.29377032181201	23.70223081441687	23.82081780900875	26.183181054762372	0.0
111.0	26.229788501474065	23.797927761215433	23.80509813763262	26.167185599677882	0.0
112.0	26.233649473391008	23.76841890442164	23.740564749877965	26.257366872309383	0.0
113.0	26.344238740440645	23.67382509245649	23.827988185425934	26.15394798167693	0.0
114.0	26.21710245088982	23.744977289211615	23.8122685140498	26.225651745848765	0.0
115.0	26.230891636307476	23.64817720757964	23.735600643127608	26.385330512985277	0.0
116.0	26.166358248552825	23.709401190834054	23.805649705049323	26.3185908555638	0.0
117.0	26.15808473730223	23.81668105338345	23.745528856628322	26.279705352685994	0.0
118.0	26.213517262681226	23.786344845464598	23.730912320085604	26.269225571768573	0.0
119.0	26.21241412784781	23.866597904595384	23.64928034241305	26.271707625143755	0.0
120.0	26.31500566735521	23.743046803253147	23.770625174088465	26.171322355303182	0.0
121.0	26.258194223434444	23.749941395961972	23.771176741505172	26.220687639098404	0.0
122.0	26.301840585545584	23.80957633989884	23.758280428679377	26.130302645876196	0.0
123.0	26.212486417614905	23.791650349418923	23.67637244140959	26.319490791556582	0.0
124.0	26.196215133948513	23.881004517349602	23.735390317758863	26.18739003094302	0.0
125.0	26.271780078433103	23.770966514249782	23.756901506334767	26.200351900982344	0.0
126.0	26.148024964078974	23.841357304585483	23.87555467304282	26.135063058292722	0.0
127.0	26.34217776564323	23.81239985548854	23.74124726627891	26.104175112589317	0.0
128.0	26.146921823160994	23.739592554901947	23.73049164232862	26.382993979608436	0.0
129.0	26.21842250413679	23.913403199117486	23.67760617760618	26.190568119139545	0.0
130.0	26.240485383342527	23.753171538885827	23.716216216216214	26.290126861555436	0.0
131.0	26.189740761169332	23.788747931605077	23.735797021511306	26.285714285714285	0.0
132.0	26.212906784335356	23.646718146718147	23.819360176503036	26.32101489244346	0.0
133.0	26.23938223938224	23.670987313844456	23.87727523441809	26.212355212355217	0.0
134.0	26.34004412575841	23.66354109211252	23.768339768339768	26.228075013789297	0.0
135.0	26.295642581356866	23.704633204633204	23.819635962493106	26.180088251516825	0.0
136.0	26.23331494760066	23.792333149476004	23.80915609487038	26.16519580805295	0.0
137.0	26.233590733590734	23.77054605626034	23.7426916712631	26.253171538885823	0.0
138.0	26.34252619966906	23.66878102592388	23.82873690016547	26.159955874241586	0.0
139.0	26.213734142305572	23.75261996690568	23.80888030888031	26.22476558190844	0.0
140.0	26.232284148604933	23.654781177002697	23.72593415867115	26.387000515721226	0.0
141.0	26.17381735746651	23.7069048728761	23.809497544118983	26.309780225538404	0.0
142.0	26.159752233183216	23.80701546336311	23.751306539731218	26.28192576372246	0.0
143.0	26.213806436311188	23.785504096812183	23.73448354794139	26.266205918935242	0.0
144.0	26.21573694356576	23.864930681000224	23.65312645649878	26.266205918935242	0.0
145.0	26.309780225538404	23.748272885474037	23.775299987038025	26.166646901949537	0.0
146.0	26.25489866215847	23.759304355500152	23.76178643625603	26.224010546085346	0.0
147.0	26.31398959729508	23.801841157425027	23.75164783037965	26.132521414900246	0.0
148.0	26.21718818085042	23.782536031638344	23.67856413990149	26.321711647609753	0.0
149.0	26.187678917147917	23.870788035234614	23.739513179885165	26.202019867732307	0.0
150.0	26.27572759840815	23.768812207492065	23.753643852541526	26.20181634155826	0.0
151.0	26.150939753719715	23.8450612942815	23.871537114411396	26.13246183758739	0.0
152.0	26.349232614900924	23.805623353879675	23.744122230036265	26.101021801183137	0.0
153.0	26.146251327238378	23.745225389208347	23.72840221183414	26.380121071719138	0.0
154.0	26.21885635173224	23.908558884041103	23.68268642062472	26.189898343601936	0.0
155.0	26.234024832181447	23.7502551062621	23.72460658477526	26.29111347678119	0.0
156.0	26.190725715262804	23.778109952177918	23.74722141017226	26.28394292238702	0.0
157.0	26.21444370287429	23.649039973082843	23.815617467470503	26.320898856572366	0.0
158.0	26.242298548790107	23.666414777961027	23.877946132589067	26.2133405406598	0.0
159.0	26.35123581747078	23.6573136896915	23.769560445015635	26.221890047822082	0.0
160.0	26.293319801210167	23.704749664914477	23.8180995824531	26.183830951422255	0.0
161.0	26.230715345537988	23.802103730343028	23.804585845325626	26.16259507879336	0.0
162.0	26.23567957550318	23.770939397783746	23.746945619618636	26.246435407094438	0.0
163.0	26.349305283595427	23.677997981213146	23.824442765186408	26.14825397000502	0.0
164.0	26.211134216230825	23.75053089681572	23.816996420238613	26.22133846671484	0.0
165.0	26.223065530774175	23.649932569023672	23.73708262431983	26.389919275882324	0.0
166.0	26.17011359844233	23.70840032764008	23.817613688074506	26.30387238584308	0.0
167.0	26.160185111130108	23.81899264464565	23.748941650831647	26.271880593392595	0.0
168.0	26.215894956604235	23.793068261108186	23.72825730226452	26.262779480023056	0.0
169.0	26.215894956604235	23.850157063153453	23.657654725822063	26.276293254420246	0.0
170.0	26.311042960013015	23.7406679114048	23.779554486710996	26.16873464187119	0.0
171.0	26.256712071110034	23.75032060740279	23.76548912968535	26.22747819180183	0.0
172.0	26.316355573206245	23.798925514076426	23.752040861353805	26.132678051363516	0.0
173.0	26.211554584767455	23.781550613361574	23.67371591209955	26.333178889771425	0.0
174.0	26.201350277998415	23.86373665166358	23.745146059482835	26.189767010855174	0.0
175.0	26.274507640840504	23.765896009553465	23.756519053148036	26.203077296457995	0.0
176.0	26.154130434183053	23.84352531378503	23.863382507467133	26.13896174456478	0.0
177.0	26.352150782290696	23.80215616028065	23.73982663566738	26.105866421761277	0.0
178.0	26.14309865991522	23.751134204291912	23.732931776749986	26.372835359042885	0.0
179.0	26.217083852747468	23.917779959623594	23.677010822200405	26.188125365428533	0.0
180.0	26.23335576466954	23.764989464626517	23.723895992145355	26.277758778558585	0.0
181.0	26.198881375004134	23.785674098425762	23.73603097730758	26.279413549262525	0.0
182.0	26.218187033216765	23.643363817886968	23.814632585744704	26.323816563151563	0.0
183.0	26.236389510960095	23.66901276379803	23.881375004136927	26.213222721104945	0.0
184.0	26.353602435822477	23.651361876289343	23.774090703498185	26.220944984389998	0.0
185.0	26.298995002592473	23.70486612905005	23.813253610158085	26.18288525819939	0.0
186.0	26.236665306077423	23.809116683398237	23.798636468939954	26.15558154158439	0.0
187.0	26.238044281664035	23.762231513453287	23.751199708760357	26.24852449612232	0.0
188.0	26.354705616291767	23.67094332961929	23.819872692973842	26.154478361115096	0.0
189.0	26.222323959976613	23.750372323408385	23.8110472492195	26.2162564673955	0.0
190.0	26.218259341895877	23.653633472794116	23.73995758259397	26.388149602716037	0.0
191.0	26.166409716840374	23.711550607164625	23.826281692393824	26.295757983601177	0.0
192.0	26.163375962182865	23.827384875905643	23.742991337251475	26.26624782466001	0.0
193.0	26.201711589218586	23.79952949223221	23.73692382793647	26.261835090612735	0.0
194.0	26.206675915021776	23.87123642050046	23.656943023329575	26.26514464114819	0.0
195.0	26.314787899180057	23.742715541373517	23.78518810657856	26.157308452867863	0.0
196.0	26.259077131833187	23.748231458932615	23.78077537253128	26.211916036702913	0.0
197.0	26.311826711456042	23.80428367339059	23.76098360113187	26.122906014021503	0.0
198.0	26.20840297198458	23.77946197591744	23.680726779302013	26.33140827279597	0.0
199.0	26.191579377030553	23.87323283303823	23.748572752395294	26.186615037535923	0.0
200.0	26.26032516513369	23.776493787663583	23.751947819132067	26.211233228070657	0.0
201.0	26.152081040754805	23.839782891089765	23.862674201493174	26.145461866662256	0.0
202.0	26.34458868727988	23.797309857329218	23.747390252714553	26.110711202676352	0.0
203.0	26.13856689364918	23.737737290496245	23.73911628509886	26.384579530755715	0.0
204.0	26.21420809637544	23.910177559834743	23.681539624140193	26.194074719649624	0.0
205.0	26.224964283941286	23.758211935507003	23.730631967389446	26.28619181316226	0.0
206.0	26.19628111709903	23.784688704899857	23.72925296898357	26.289777209017544	0.0
207.0	26.220275689361305	23.639618072601507	23.815854068872696	26.32425216916449	0.0
208.0	26.234065673420083	23.66609484199436	23.887561985978344	26.21227749860721	0.0
209.0	26.34245494812208	23.657269252196745	23.772553518928135	26.227722280753042	0.0
210.0	26.290604608061074	23.705809996083644	23.824679658670313	26.178905737184966	0.0
211.0	26.2315834762895	23.806752679393902	23.813371871742117	26.148291972574476	0.0
212.0	26.241788064493	23.752971741564664	23.750765344115262	26.254474849827076	0.0
213.0	26.355969132499684	23.665267442950835	23.823852259626786	26.154911164922694	0.0
214.0	26.22082728872365	23.752971741564664	23.816681467916222	26.20951950179546	0.0
215.0	26.221451206764833	23.649887887120393	23.739247230274064	26.389413675840707	0.0
216.0	26.160223508678058	23.711115585207168	23.827227571218568	26.301433334896203	0.0
217.0	26.165187916631044	23.819505158847264	23.7386956293904	26.276611295131296	0.0
218.0	26.198008169209086	23.79523471996602	23.74503903955254	26.261718071272348	0.0
219.0	26.20076617362741	23.86804603660975	23.65871350125903	26.272474288503812	0.0
220.0	26.309707348151175	23.743108436459714	23.783926901850897	26.163257313538217	0.0
221.0	26.253719858459213	23.754967855458503	23.77013687975928	26.221175406323	0.0
222.0	26.307573501020464	23.80247117877434	23.76413481162778	26.12582050857742	0.0
223.0	26.20028683325059	23.78812951624469	23.682773456892274	26.328810193612444	0.0
224.0	26.18291135749352	23.867560262562744	23.751723757515585	26.197804622428155	0.0
225.0	26.269309584945628	23.762269739836007	23.764751957504433	26.203668717713935	0.0
226.0	26.15113479343698	23.84624507346026	23.852864357088286	26.149755776014473	0.0
227.0	26.347506874401848	23.796876249734538	23.744197784194807	26.111419091668804	0.0
228.0	26.14892836556097	23.74530099813281	23.737026893597772	26.368743742708446	0.0
229.0	26.220157980671637	23.922708618331054	23.677518644366973	26.179614756630333	0.0
230.0	26.231465954723976	23.772395304708528	23.72550858302811	26.270630157539387	0.0
231.0	26.189543709456775	23.79611446979392	23.73598914434491	26.278352676404392	0.0
232.0	26.216020916993955	23.6549026962623	23.817903005163053	26.311173381580687	0.0
233.0	26.225949869820397	23.680552491063942	23.886578262212613	26.20691937690305	0.0
234.0	26.341511848550375	23.662073606636955	23.77046467499228	26.225949869820397	0.0
235.0	26.2874542164953	23.69958298398129	23.823143285821455	26.189819513701956	0.0
236.0	26.223467631613783	23.810456290543225	23.810732094788403	26.155343983054586	0.0
237.0	26.241119103305238	23.75391642028154	23.755571245752616	26.249393230660605	0.0
238.0	26.350613388641275	23.6811040995543	23.81376594148537	26.154516570319053	0.0
239.0	26.215469308503597	23.763293764617625	23.81376594148537	26.207470985393407	0.0
240.0	26.22164975466333	23.643339226562006	23.744287199741837	26.39072381903283	0.0
241.0	26.180533336275474	23.700310027913545	23.824707349095846	26.29444928671514	0.0
242.0	26.170175791863315	23.814791010975615	23.737832075050132	26.277201122110938	0.0
243.0	26.215177687238462	23.794339055332273	23.738617837961595	26.25186541946767	0.0
244.0	26.207493924255253	23.87402174302841	23.662439621855576	26.256044710860753	0.0
245.0	26.302881498544767	23.75518986992565	23.787742941087217	26.15418569044236	0.0
246.0	26.256779796619895	23.75591076877238	23.775498380573502	26.21181105403422	0.0
247.0	26.300005517850245	23.801798819180046	23.772278320366386	26.125917342603323	0.0
248.0	26.206183007076934	23.79064409772517	23.685248796369105	26.317924098828787	0.0
249.0	26.19404323414587	23.8609995999393	23.75891514574625	26.186042020168575	0.0
