# Position (bp)	A	C	G	T	N
0.0	26.111061788413792	24.015833606308952	24.05777490685664	25.81532969842062	0.0
1.0	26.010341438923362	24.1202276463583	23.9870563635974	25.882374551120936	0.0
2.0	25.85855369902098	24.079607168441225	24.077158093885274	25.984681038652518	0.0
3.0	25.893499456629883	24.19512344450737	24.120735309874032	25.790641788988722	0.0
4.0	25.936469745530015	24.121232157561398	23.98684947609121	25.95544862081738	0.0
5.0	25.92264956610906	24.037711014860953	24.075360810541945	25.96427860848804	0.0
6.0	25.88260861580278	24.08219110994117	24.070865804310962	25.96433446994509	0.0
7.0	25.902244477569	24.012512510980585	23.993229531729686	26.092013479720734	0.0
8.0	25.983172289676578	24.108801645430532	23.89302252978823	26.015003535104658	0.0
9.0	25.935799416024434	24.05777317997343	24.060221714831385	25.946205689170743	0.0
10.0	26.027686553688223	24.02113066180229	24.034597479868637	25.916585304640847	0.0
11.0	25.760798704736953	24.048982490075872	24.083873791429593	26.106345013757583	0.0
12.0	25.97504353761068	24.005521395407204	24.00276681898454	26.016668247997575	0.0
13.0	26.08185989000058	23.91706888583505	24.10438008257608	25.896691141588292	0.0
14.0	26.041765499848495	24.10346189043519	23.86901683046194	25.985755779254365	0.0
15.0	25.9325006350829	24.085098047617446	24.016845765144815	25.965555552154846	0.0
16.0	26.006262070400854	24.015621508956965	24.107440723045702	25.87067569759648	0.0
17.0	25.871287825690402	24.213951011388644	23.965733069302082	25.94902809361887	0.0
18.0	25.956985758839895	24.138353191788912	24.01807002133266	25.886591028038524	0.0
19.0	25.997918770850546	24.008814617574146	23.98922657852049	26.004040033054814	0.0
20.0	25.906326611187797	23.93742864925581	24.076380876011154	26.07986386354524	0.0
21.0	25.981311843687926	24.073320254276453	23.90345574800065	26.041912154034968	0.0
22.0	25.926832776810283	23.972013674857912	24.107599217705083	25.993554330626722	0.0
23.0	26.00610287973899	23.94599839011297	24.028023052602908	26.019875677545134	0.0
24.0	25.90295992727963	23.999865332643676	24.00965932219471	26.08751541788199	0.0
25.0	26.12546712739226	24.00904719784777	24.048835280398862	25.816650394361112	0.0
26.0	26.020181739718605	24.105762844664266	23.994356213521215	25.879699202095914	0.0
27.0	25.881841637310206	24.070259632541756	24.067505072980524	25.980393657167518	0.0
28.0	25.886432569912255	24.186257196286853	24.11953564247041	25.807774591330485	0.0
29.0	25.986208838463448	24.125656885939808	23.97691066963343	25.91122360596331	0.0
30.0	25.943054072004184	24.033226109551894	24.05648683473561	25.96723298370831	0.0
31.0	25.882453761657143	24.070565694715224	24.08525667904178	25.96172386458585	0.0
32.0	25.89683868381023	24.023126057827387	23.995886524388567	26.084148733973823	0.0
33.0	25.988963398024673	24.094132482072407	23.884479893245512	26.0324242266574	0.0
34.0	25.956826869810335	24.059853518643777	24.04975346691927	25.933566144626617	0.0
35.0	26.0446667135962	24.01027144654165	24.02006543609269	25.924996403769462	0.0
36.0	25.78206536875901	24.033532171725362	24.075156627317273	26.10924583219835	0.0
37.0	25.97366028935118	24.00904719784777	23.998028959602856	26.019263553198197	0.0
38.0	26.084454796147288	23.915698234939445	24.08801123860301	25.911835730310255	0.0
39.0	26.024466610147183	24.103008285103037	23.874379841521005	25.99814526322877	0.0
40.0	25.936014642014378	24.06015958081725	24.0179230008784	25.985902776289976	0.0
41.0	26.001818009310412	23.999559270470204	24.1155568342153	25.88306588600408	0.0
42.0	25.865008217769358	24.220536159715483	23.959465125745645	25.954990496769515	0.0
43.0	25.946420755912357	24.143408492001065	24.026186679562088	25.88398407252449	0.0
44.0	25.995617203089992	24.008361592987526	23.987855490126464	26.008165713796018	0.0
45.0	25.906168033225907	23.92963061582393	24.076539559824077	26.087661791126088	0.0
46.0	25.98941643482599	24.07194865532407	23.917694264123917	26.02094064572602	0.0
47.0	25.92055286732592	23.947076052923947	24.108063770724108	26.024307309026025	0.0
48.0	25.974419480125977	23.953503319223955	24.04195474592404	26.03012245472603	0.0
49.0	25.893313500625894	23.99114873612399	24.012266896824013	26.103270866426104	0.0
50.0	26.121022363826118	24.018694163124017	24.055115338824056	25.805168134225802	0.0
51.0	25.995843701126	24.076539559824077	24.017163861624017	25.91045287742591	0.0
52.0	25.86913473692587	24.065521389024067	24.084191067324085	25.981152806725984	0.0
53.0	25.9003528875259	24.17906976032418	24.114797097324114	25.805780254825805	0.0
54.0	25.986355831825986	24.127651629924127	23.97064269602397	25.915349842225915	0.0
55.0	25.945037691325943	24.04899413282405	24.04746383132405	25.958504344525956	0.0
56.0	25.896374103625895	24.04899413282405	24.077151680424077	25.977480083125975	0.0
57.0	25.907086214125908	24.023897188224026	23.988088133123988	26.08092846452608	0.0
58.0	25.981764927325983	24.09031227332409	23.895045801923896	26.032876997426037	0.0
59.0	25.96187100782596	24.054197157924055	24.05725776092406	25.926674073325927	0.0
60.0	26.068073931926065	24.013797198324013	24.01196083652401	25.906168033225907	0.0
61.0	25.78374391322578	24.014409318924017	24.08786379092409	26.113982976926113	0.0
62.0	25.98758007302599	23.993903278823993	23.999412364224	26.01910428392602	0.0
63.0	26.096843600126096	23.917082143523917	24.086027429124083	25.900046827225896	0.0
64.0	26.017880042726016	24.1013304441241	23.88984277682389	25.99094673632599	0.0
65.0	25.934937701425937	24.06246078602406	24.02053052492402	25.98207098762598	0.0
66.0	26.01481943972602	23.993291158223993	24.107145589824107	25.884743812225885	0.0
67.0	25.87005291782587	24.21304245362421	23.969724515123968	25.94718011342595	0.0
68.0	25.950546776725954	24.143566765524145	24.03063051482403	25.87525594292587	0.0
69.0	26.000967147587943	24.023211542110708	23.9913813683302	25.984439941971143	0.0
70.0	25.888870185318382	23.93621742390622	24.086492111344054	26.088420279431347	0.0
71.0	25.977015012165822	24.084043643931626	23.923669028417525	26.015272315485028	0.0
72.0	25.92467902122515	23.958865747471194	24.108528318055917	26.007926913247736	0.0
73.0	25.967221142516106	23.966823266561587	24.039971230507902	26.025984360414405	0.0
74.0	25.898664054968094	23.992532174392093	24.019771374355365	26.089032396284452	0.0
75.0	26.128207874883312	24.024056192327116	24.04823480802485	25.799501124764717	0.0
76.0	26.014660198631915	24.10210109109829	24.003550277748023	25.879688432521768	0.0
77.0	25.884891425773183	24.071189190016373	24.083737585505073	25.960181798705374	0.0
78.0	25.893767120143234	24.167903652807322	24.111894960748007	25.826434266301433	0.0
79.0	25.971505960487857	24.13576751801919	23.968659617120906	25.924066904372044	0.0
80.0	25.946103111083907	24.044256048479653	24.062619554072874	25.947021286363565	0.0
81.0	25.92498507965171	24.05221356757005	24.077004300120894	25.945797052657355	0.0
82.0	25.893461061716682	24.023138017047454	23.999571518202824	26.083829403033036	0.0
83.0	25.958651506572604	24.10883437648247	23.906223698103968	26.026290418840958	0.0
84.0	25.962630266117802	24.06323167092598	24.062007437219766	25.912130625736452	0.0
85.0	26.057814436775978	24.00661086201356	24.04731663274519	25.88825806846527	0.0
86.0	25.791237547247768	24.010589621558758	24.104243500084166	26.09392933110931	0.0
87.0	25.988951290801417	23.993756408098307	24.00997750470565	26.00731479639463	0.0
88.0	26.095153564815522	23.920302385725435	24.085573936064396	25.898970113394647	0.0
89.0	26.031187353665814	24.092919338301684	23.87745420600793	25.99843910202458	0.0
90.0	25.92988201447656	24.073025540575696	24.035686412536155	25.96140603241159	0.0
91.0	26.00456027055565	23.981514071036163	24.14066445284405	25.87326120556414	0.0
92.0	25.87081273815171	24.222994169586975	23.98579888900791	25.920394203253398	0.0
93.0	25.954366688600857	24.127809998928797	24.02772889344576	25.89009441902459	0.0
94.0	26.002644336712212	24.010516135350866	23.99551931834876	25.99132020958817	0.0
95.0	25.911972014188784	23.927501323694592	24.092159749278473	26.068366912838155	0.0
96.0	25.960022893030178	24.077775091281367	23.950149508626204	26.012052507062254	0.0
97.0	25.92421427631398	23.948925282413686	24.103789898297407	26.02307054297493	0.0
98.0	25.960635006136435	23.98503995568301	24.035539286949444	26.01878575123111	0.0
99.0	25.900035808616718	24.004933631636455	23.997894330914466	26.097136228832362	0.0
100.0	26.122232866189016	24.008606310274015	24.054820849796627	25.814339973740346	0.0
101.0	25.99797390561828	24.086956787875263	24.003403348870805	25.911665957635655	0.0
102.0	25.885957207172744	24.06216620707174	24.081447769918928	25.970428815836588	0.0
103.0	25.88718143338526	24.168979944114074	24.113889764550695	25.829948857949976	0.0
104.0	26.003176867021487	24.11970483906016	23.967900788707738	25.909217505210613	0.0
105.0	25.94104738673612	24.057269302221666	24.063084376731133	25.93859893431108	0.0
106.0	25.913808353507562	24.067675225028083	24.06124803741235	25.957268384052007	0.0
107.0	25.901872147935496	24.003097292317673	24.010136593039665	26.084893966707167	0.0
108.0	25.979610512430483	24.087568900981523	23.917095400888176	26.01572518569981	0.0
109.0	25.989098265577514	24.03829379592761	24.067063111921822	25.905544826573053	0.0
110.0	26.04694295411906	24.006769970955233	24.056045076009145	25.890241998916558	0.0
111.0	25.811585464762178	23.999424613680116	24.10348384174428	26.085506079813424	0.0
112.0	25.971040928942852	24.006463914402104	24.009830536486533	26.012664620168515	0.0
113.0	26.089178758450988	23.925664984375814	24.085426505109613	25.89972975206359	0.0
114.0	26.02307054297493	24.078081147834496	23.902098629784813	25.996749679405763	0.0
115.0	25.930335407376575	24.06798128158121	24.04104830490578	25.960635006136435	0.0
116.0	25.9991981318308	23.980755163939193	24.178467697261098	25.841579006968907	0.0
117.0	25.88565115061961	24.22774280231501	23.975552202535987	25.91105384452939	0.0
118.0	25.93706865154543	24.142659080544902	24.029724212439973	25.890548055469694	0.0
119.0	26.013050291366728	24.009597962881347	24.00072229567602	25.9766294500759	0.0
120.0	25.91855785269408	23.906835814957077	24.09506174728756	26.07954458506129	0.0
121.0	25.984666472829666	24.069046781030497	23.948153702541816	25.99813304359802	0.0
122.0	25.902336756086736	23.953968812646334	24.121688830397723	26.022005600869207	0.0
123.0	25.99384822562627	23.96376268229605	24.03691064624237	26.005478445835312	0.0
124.0	25.904785223499164	23.988553414846894	23.992838232818645	26.113823128835296	0.0
125.0	26.121474589499133	24.02436225075367	24.066292255191517	25.78787090455568	0.0
126.0	26.012517789646044	24.082207293372303	24.000795751909042	25.904479165072615	0.0
127.0	25.893767120143234	24.050989333863836	24.096285980993773	25.958957564999157	0.0
128.0	25.91312811032828	24.15175647468583	24.104317273378346	25.83079814160755	0.0
129.0	26.007088334853428	24.098502145476136	23.975466281439946	25.918943238230487	0.0
130.0	25.94250980920259	24.028414551286367	24.073711337050934	25.955364302460104	0.0
131.0	25.88872259612589	24.05848200212406	24.103472866224106	25.949322535525948	0.0
132.0	25.89055895792589	24.017163861624017	24.013797198324013	26.07847998212608	0.0
133.0	25.96952251532597	24.1004122632241	23.905145791823905	26.024919429626024	0.0
134.0	25.982683108225984	24.03920020322404	24.065827449324065	25.91228923922591	0.0
135.0	26.06103454502606	24.01012447472401	24.053278977024053	25.875562003225877	0.0
136.0	25.793231782525794	23.99023055522399	24.12948799172413	26.087049670526085	0.0
137.0	25.980234625825982	23.993903278823993	24.024203248524024	26.001658846826004	0.0
138.0	26.113676916626115	23.883721570823884	24.106533469224107	25.896068043325897	0.0
139.0	26.024307309026025	24.072560775924075	23.91891850532392	25.98421340972599	0.0
140.0	25.934019520525936	24.054197157924055	24.037669901724037	25.974113419825972	0.0
141.0	25.992862651959403	23.975306979420445	24.174552844533135	25.857277524087017	0.0
142.0	25.87380483087056	24.215258989018523	23.982346387865284	25.92858979224563	0.0
143.0	25.950932262527086	24.1277254753131	24.03223436945264	25.889107892707173	0.0
144.0	26.007327128432873	23.989153156572225	24.018535125225338	25.984984589769567	0.0
145.0	25.91038472132954	23.911486548526305	24.12175190524286	26.056376824901296	0.0
146.0	25.973739785143696	24.063293851192118	23.97178098123833	25.991185382425858	0.0
147.0	25.92354543506871	23.924953325375693	24.122976157683716	26.028525081871884	0.0
148.0	25.974964037584552	23.966577908364705	24.03697242371377	26.021485630336976	0.0
149.0	25.90281242252754	23.964508813114232	24.011030548252528	26.121648216105704	0.0
150.0	26.108181398039353	24.022048853943176	24.070713037410208	25.79905671060726	0.0
151.0	26.027686553688223	24.079894958819082	24.01807002133266	25.87434846616003	0.0
152.0	25.873124209972183	24.048676426028912	24.084791983570483	25.99340738042843	0.0
153.0	25.892485492519775	24.16597291937024	24.110575157317403	25.830966430792586	0.0
154.0	25.998383976885975	24.094047648196664	24.00130995813031	25.906258416787054	0.0
155.0	25.957983399035285	24.01661320731618	24.086089958620015	25.939313435028527	0.0
156.0	25.880934235615666	24.045762976429863	24.100548776195417	25.972754011759054	0.0
157.0	25.89562539979861	24.02097163687115	23.994956033630523	26.08844692969972	0.0
158.0	25.991424032908206	24.073921041113834	23.909563641817176	26.025091284160784	0.0
159.0	26.018051767989792	24.01178965925681	24.07912416176196	25.891034410991438	0.0
160.0	26.061207062777182	23.99556816547148	24.051272162998465	25.89195260875287	0.0
161.0	25.77319903160743	23.998934890596736	24.11370961077597	26.114156467019868	0.0
162.0	25.99387256027203	23.977204210242803	24.015768516223023	26.013154713262143	0.0
163.0	26.12456270831612	23.885690500019894	24.11646420406027	25.87328258760372	0.0
164.0	26.029682272967953	24.059842008771852	23.938027772421623	25.972447945838574	0.0
165.0	25.947044474438908	24.056169217726115	24.04178411946365	25.955002188371328	0.0
166.0	25.990585383471164	23.976053329089204	24.186015193158795	25.84734609428083	0.0
167.0	25.886522652008104	24.198257867448568	24.011557084529546	25.90366239601379	0.0
168.0	25.95967263088949	24.134902027998997	24.01614808738821	25.889277253723304	0.0
169.0	26.0298416099166	23.981329864565	23.99663325426582	25.992195271252584	0.0
170.0	25.91453336761303	23.936105091759405	24.106891443542562	26.042470097085	0.0
171.0	25.979113869810604	24.047820178499286	23.967018033569616	26.006047918120494	0.0
172.0	25.91453336761303	23.946817497337204	24.120970605159094	26.01767852989067	0.0
173.0	25.972380357733133	23.9890549821868	24.02884391719004	26.009720742890025	0.0
174.0	25.895942434416924	23.977191688372105	24.020653581168144	26.106212296042823	0.0
175.0	26.10192732069674	24.042690597233744	24.058606219947784	25.796775862121734	0.0
176.0	26.037346620837837	24.07544005166456	24.005962237124415	25.88125109037319	0.0
177.0	25.87666004535952	24.04728164224741	24.107883436427798	25.968174875965268	0.0
178.0	25.887451717362158	24.152949602414285	24.10214188208936	25.857456798134194	0.0
179.0	26.003758547021626	24.06939232742209	24.019808889514632	25.907040236041652	0.0
180.0	25.9501961912574	23.99960822962641	24.09418404637582	25.956011532740376	0.0
181.0	25.871615231344176	24.039777057489417	24.11996780127387	25.968639909892538	0.0
182.0	25.916301676353832	24.009475974914377	23.98896918165652	26.085253167075273	0.0
183.0	25.989146703150396	24.06915992544097	23.923469871847846	26.01822349956079	0.0
184.0	26.03475136278354	24.006415259502756	24.051407776053573	25.907425601660133	0.0
185.0	26.05770672837069	24.009475974914377	24.055998849171008	25.876818447543933	0.0
186.0	25.787139485983452	23.99325418323279	24.10772493962739	26.111881391156366	0.0
187.0	25.983331343868315	23.98162346466863	24.01804597806691	26.01699921339614	0.0
188.0	26.137285329072817	23.875110568344247	24.112009941203656	25.87559416137928	0.0
189.0	26.036281720489345	24.045286345230334	23.94183416431757	25.97659776996275	0.0
190.0	25.963742765233945	24.046816702936145	24.030594911254557	25.958845620575353	0.0
191.0	26.008202742409402	23.973738981390795	24.158606758080314	25.859451518119492	0.0
192.0	25.899240940254654	24.198702252693437	23.996082272282077	25.905974534769832	0.0
193.0	25.9769833496572	24.12371449559256	24.03832027424094	25.860981880509303	0.0
194.0	26.048684037353198	23.952387219598492	23.989422102785575	26.009506640262735	0.0
195.0	25.913478902294944	23.94144185505543	24.09203043603352	26.053048806616104	0.0
196.0	25.969184434282777	24.043364614132066	23.95735772133767	26.03009323024749	0.0
197.0	25.93398588385091	23.93715681413329	24.112843491941064	26.016013810074746	0.0
198.0	26.00805587693362	23.980007223354697	24.010308584161262	26.001628315550413	0.0
199.0	25.90131520551425	23.973653039174575	24.017115730127298	26.107916025183876	0.0
200.0	26.111908617043095	24.032407648302943	24.055057496946862	25.800626237707103	0.0
201.0	26.04489010097671	24.075553474192628	23.992911122742257	25.8866453020884	0.0
202.0	25.876418354509813	24.04200808695466	24.105369162440045	25.976204396095486	0.0
203.0	25.9060521837082	24.158840742962788	24.089968533052538	25.84513854027647	0.0
204.0	25.98932314624351	24.06455088647272	24.03241012831815	25.91371583896562	0.0
205.0	25.98459664138214	23.997342981860033	24.084583784842753	25.933476591915074	0.0
206.0	25.904940323681657	24.033378331634417	24.10255939316577	25.959121951518156	0.0
207.0	25.924384024586978	23.99189413396107	23.998934727574945	26.084787113877013	0.0
208.0	25.99420208223002	24.084623885339596	23.921155665214634	26.000018367215745	0.0
209.0	26.033863645408267	23.99996326489379	24.061494567796167	25.904678521901776	0.0
210.0	26.064183138992036	23.98403227830857	24.059034038553968	25.892750544145425	0.0
211.0	25.7974058098349	23.98998325440146	24.128050255163735	26.084560680599907	0.0
212.0	25.976813031725186	23.97925602098889	24.036504015013058	26.00742693227287	0.0
213.0	26.123494888821536	23.882781191353093	24.119741486726856	25.873982433098515	0.0
214.0	26.026617191877072	24.07732272809378	23.946900324831386	25.94915975519776	0.0
215.0	25.968471295652783	24.04209134078127	24.035355746533465	25.954081617032482	0.0
216.0	26.015112640609406	23.96590470708543	24.158180604628093	25.860802047677073	0.0
217.0	25.905503132137632	24.19032864482233	23.995603372788672	25.908564850251363	0.0
218.0	25.96781502210574	24.112402483680942	24.05086157275299	25.868920921460326	0.0
219.0	26.04674090426167	23.97821248036643	23.97086424440233	26.00418237096957	0.0
220.0	25.916400289035042	23.947961445665086	24.096459320767657	26.039178944532214	0.0
221.0	25.98943056074366	24.04608667430083	23.97076564136166	25.993717123593857	0.0
222.0	25.937243566975717	23.943036656909452	24.109603301938787	26.010116474176048	0.0
223.0	25.981052580009063	23.98159148529646	24.03180765980379	26.00554827489069	0.0
224.0	25.897108492024852	23.98362407640465	24.016694378354874	26.10257305321563	0.0
225.0	26.10013687598179	24.02739969317733	24.064757343687322	25.80770608715356	0.0
226.0	26.017619445694812	24.07256002523188	24.006418206148126	25.903402322925185	0.0
227.0	25.82487406794972	24.053098158100227	24.13485829773552	25.98716947621454	0.0
228.0	25.901065048169087	24.14578727209255	24.095566484361125	25.85758119537724	0.0
229.0	25.98062783454958	24.07801537891478	24.033918132236618	25.90743865429902	0.0
230.0	25.96624681898777	24.002364131350156	24.095765693759244	25.935623355902827	0.0
231.0	25.89390709980891	24.021877603018275	24.11221764907639	25.97199764809643	0.0
232.0	25.9100012862209	24.01037551525397	23.990163472551433	26.0894597259737	0.0
233.0	25.976627099334827	24.080028909877132	23.92659831195717	26.016745678830866	0.0
234.0	26.020433163465306	23.99641072128577	24.076342610740888	25.906813504508037	0.0
235.0	26.044946160159743	23.992417096446204	24.06132474182602	25.901312001568034	0.0
236.0	25.769937522969492	24.014761729756216	24.11919637388215	26.096104373392137	0.0
237.0	25.96457163157927	23.98305759559963	24.04216612866672	26.010204644154378	0.0
238.0	26.118941301138694	23.898515836993205	24.112289212713698	25.8702536491544	0.0
239.0	26.025077179399226	24.072315872004705	23.96144705248199	25.94115989611408	0.0
240.0	25.975975056203175	24.038420307877022	24.045771132088188	25.939833503831615	0.0
241.0	25.99990198540808	23.981413983006718	24.177443166851464	25.841240864733738	0.0
242.0	25.925358687528334	24.18920077924942	23.9980641287967	25.88737640442555	0.0
243.0	25.968436594435968	24.11212605757626	24.064952489477847	25.85448485850993	0.0
244.0	26.03550477124083	23.99405700981819	23.978127345413327	25.992310873527657	0.0
245.0	25.935513517653362	23.945163513824003	24.108447576012868	26.010875392509764	0.0
246.0	25.96835220048713	24.066114183299888	23.973284722966866	25.992248893246124	0.0
247.0	25.93830617734829	23.963037630290515	24.11868156109637	25.979974631264824	0.0
248.0	25.98831971859469	23.992682971669495	24.053964615978575	25.96503269375724	0.0
249.0	25.915042393006303	23.987056880475315	24.033019662878313	26.064881063640065	0.0
