# Position (bp)	A	C	G	T	N
0.0	26.29656035264777	23.738532428226247	23.794847325597203	26.17005989352878	0.0
1.0	26.267986784030985	23.74102914781412	23.74269362753937	26.248290440615524	0.0
2.0	26.318505120893022	23.674837163369247	23.654309206511247	26.352348509226488	0.0
3.0	26.262631866561996	23.685911394546974	23.64069603907938	26.410760699811647	0.0
4.0	26.151068061345917	23.792761980843963	23.74560695453423	26.310563003275888	0.0
5.0	26.215148724662445	23.75572764692177	23.80038387715931	26.228739751256473	0.0
6.0	26.253529408501645	23.64856244210106	23.8307880912626	26.267120058134697	0.0
7.0	26.24467143891257	23.700829549835394	23.794018698846507	26.260480312405527	0.0
8.0	26.21520507408958	23.74943493345388	23.71670960710195	26.318650385354587	0.0
9.0	26.259068622013178	23.816087236261176	23.78863177512036	26.13621236660528	0.0
10.0	26.281665534310395	23.81941459491688	23.73289333203921	26.166026538733515	0.0
11.0	26.22925361545181	23.938935954853648	23.641103146101692	26.19070728359285	0.0
12.0	26.178505567033177	23.794733850057543	23.74842278947879	26.278337793430484	0.0
13.0	26.200135882752594	23.68741420668044	23.775876651738052	26.33657325882891	0.0
14.0	26.287693493729996	23.750852731235753	23.764163657842634	26.197290117191617	0.0
15.0	26.13711363648969	23.811861144850614	23.875088046233284	26.175937172426416	0.0
16.0	26.285752316933163	23.872869558465474	23.618852709050874	26.22252541555049	0.0
17.0	26.257743908864523	23.711474573357073	23.844583839425855	26.186197678352553	0.0
18.0	26.301836353249808	23.68346616528843	23.750575420264777	26.264122061196986	0.0
19.0	26.254138866241828	23.722844323167113	23.72561743287688	26.297399377714182	0.0
20.0	26.209491799914588	23.78579391357881	23.700382134518005	26.304332151988596	0.0
21.0	26.198399361075523	23.68180229946257	23.663777086349093	26.456021253112816	0.0
22.0	26.350643084141694	23.83681913223851	23.77248298697193	26.040054796647865	0.0
23.0	26.22252541555049	23.750298109293798	23.764163657842634	26.26301281731308	0.0
24.0	26.141827922996292	23.89200401546286	23.76166785910384	26.20450020243701	0.0
25.0	26.302113664220784	23.739205670454737	23.793003998824204	26.165676666500282	0.0
26.0	26.268281725761632	23.738651048512782	23.74142415822255	26.25164306750304	0.0
27.0	26.321248121218172	23.67209641547839	23.66044935469737	26.34620610860607	0.0
28.0	26.26606323799382	23.677365323926942	23.641592208670957	26.414979229408274	0.0
29.0	26.15486153863219	23.78413004775295	23.74918886540989	26.31181954820497	0.0
30.0	26.225021214289278	23.75223928609064	23.78967626717248	26.233063232447602	0.0
31.0	26.25081113459011	23.65712162304565	23.83681913223851	26.255248110125734	0.0
32.0	26.233895165360533	23.70925608558926	23.798827529214712	26.2580212198355	0.0
33.0	26.205536775492433	23.75494652072755	23.7244423985114	26.315074305268617	0.0
34.0	26.251292958816663	23.82233289980505	23.79571112041641	26.13066302096188	0.0
35.0	26.277637428003338	23.82177827940112	23.736921357599826	26.163662934995713	0.0
36.0	26.23409972629483	23.93297967038909	23.642635888931718	26.19028471438436	0.0
37.0	26.1606125227741	23.796543051022304	23.759660794160954	26.28318363204264	0.0
38.0	26.194998987817762	23.697265998718827	23.772971683855275	26.334763329608137	0.0
39.0	26.291430029283873	23.744897506433578	23.766250332771317	26.197422131511228	0.0
40.0	26.144178720383355	23.80424172508652	23.868577513532703	26.183002040997426	0.0
41.0	26.28172419913036	23.873569083325936	23.62454521252995	26.220161505013756	0.0
42.0	26.27673262933712	23.70330109148993	23.834468453278905	26.185497825894043	0.0
43.0	26.299472002839646	23.678897861389654	23.755989883751884	26.265640252018812	0.0
44.0	26.254825184133463	23.712729612210488	23.727981631023162	26.304463572632887	0.0
45.0	26.216556482385307	23.77456961576005	23.695536427367113	26.31333747448753	0.0
46.0	26.212119531457983	23.683334812316975	23.66364584257698	26.440899813648063	0.0
47.0	26.36436241015174	23.829199574052712	23.761813381843996	26.044624633951546	0.0
48.0	26.224598455941077	23.74462019700062	23.763199929008785	26.267581418049517	0.0
49.0	26.135859437394622	23.89270343420002	23.754603336587095	26.21683379181826	0.0
50.0	26.300858550004435	23.741847102671045	23.78982163457272	26.1674727127518	0.0
51.0	26.268690655781345	23.73741015174372	23.74850252906203	26.2453966634129	0.0
52.0	26.32193406690922	23.680839027420355	23.65671310675304	26.340513798917385	0.0
53.0	26.276455319904162	23.666973555772472	23.647839204898393	26.408731919424973	0.0
54.0	26.16525423728814	23.789544325139765	23.747670600763154	26.297530836808946	0.0
55.0	26.22321190877629	23.762090691276956	23.785939302511313	26.228758097435446	0.0
56.0	26.254270565267547	23.65920889164966	23.837796166474398	26.248724376608397	0.0
57.0	26.24095971248558	23.71023382731387	23.78427544591357	26.26453101428698	0.0
58.0	26.209273756339968	23.75010052439068	23.72514274463477	26.315482974634573	0.0
59.0	26.26362625447507	23.82663771564215	23.781991020745462	26.12774500913732	0.0
60.0	26.273886675041386	23.82802425896192	23.726251979290588	26.171837086706102	0.0
61.0	26.237559240063334	23.932569625272805	23.638899750144894	26.190971384518967	0.0
62.0	26.159080888164187	23.79530183661528	23.766461735564004	26.279155539656525	0.0
63.0	26.19540832314224	23.6877060750009	23.787259885360598	26.329625716496263	0.0
64.0	26.28656997864729	23.753639666121295	23.774160450348024	26.18562990488339	0.0
65.0	26.139319486425777	23.80549624247802	23.877873603061477	26.17731066803472	0.0
66.0	26.28130112864313	23.867613210948114	23.639388813399517	26.211696847009236	0.0
67.0	26.265771886525606	23.71010232661324	23.841268960927316	26.182856825933836	0.0
68.0	26.294057291811097	23.686808463436954	23.763622750339703	26.255511494412247	0.0
69.0	26.25772995757189	23.698732702920054	23.73949696347855	26.30404037602951	0.0
70.0	26.20670530490003	23.77443775824298	23.705110784504036	26.313746152352955	0.0
71.0	26.216133773328526	23.67848922658828	23.657413826571645	26.447963173511553	0.0
72.0	26.366434652394556	23.82490779512493	23.757521976650676	26.051135575829843	0.0
73.0	26.22389839438729	23.750311971381823	23.765009289814483	26.260780344416407	0.0
74.0	26.139042178530826	23.884806300435375	23.763622750339703	26.2125287706941	0.0
75.0	26.300712681290033	23.730900418734922	23.79190815562519	26.17647874434985	0.0
76.0	26.26050303652145	23.735891960844125	23.752530434541473	26.251074568092953	0.0
77.0	26.30625883918915	23.686531155542	23.66406921605058	26.343140789218268	0.0
78.0	26.28268766811791	23.669338066054742	23.648539973933058	26.39943429189429	0.0
79.0	26.163722581181887	23.781925071406786	23.757521976650676	26.296830370760656	0.0
80.0	26.22251185491251	23.752530434541473	23.792185463520145	26.23277224702587	0.0
81.0	26.261057652311358	23.650481129197747	23.83405895565847	26.25440226283242	0.0
82.0	26.25218379967278	23.702892321344386	23.781925071406786	26.26299880757605	0.0
83.0	26.216338381247382	23.741372282043532	23.7258430829897	26.316446253719384	0.0
84.0	26.264035206912713	23.819572891564594	23.782968350937715	26.13342355058498	0.0
85.0	26.27096788506174	23.830387869477082	23.72501116161182	26.173633083849356	0.0
86.0	26.228539894789677	23.9346553488385	23.639323259689803	26.197481496682016	0.0
87.0	26.16170887743302	23.796556400109814	23.770489530269458	26.271245192187703	0.0
88.0	26.183616140383958	23.69062507799263	23.78934641483482	26.336412366788593	0.0
89.0	26.281987288276596	23.755449069914476	23.779020110257008	26.183543531551916	0.0
90.0	26.153039832285113	23.79732232981709	23.873858884341065	26.175778953556733	0.0
91.0	26.271726953068676	23.86387585549011	23.65062726697947	26.21376992446175	0.0
92.0	26.263130456002575	23.704424700231826	23.843909797788204	26.188535045977396	0.0
93.0	26.29779375062394	23.68113096624627	23.766818630550286	26.254256652579507	0.0
94.0	26.256752409792245	23.696660122236644	23.750457555489003	26.296129912482115	0.0
95.0	26.21376992446175	23.766818630550286	23.714685035439754	26.304726409548213	0.0
96.0	26.221811808813904	23.667265648397724	23.66310605304316	26.447816489745215	0.0
97.0	26.36434727629696	23.819506838374764	23.774860514902443	26.041285370425832	0.0
98.0	26.2256940978115	23.742692977493814	23.769037081406054	26.262575843288634	0.0
99.0	26.14250219072022	23.879127705123512	23.76515479240846	26.213215311747806	0.0
100.0	26.298902976051824	23.73492839949863	23.78872583275099	26.177442791698557	0.0
101.0	26.264516987787427	23.736037624926514	23.749902942775062	26.249542444510997	0.0
102.0	26.308054085831863	23.686399787028716	23.669761405610462	26.335784721528952	0.0
103.0	26.28060075649174	23.665324503898926	23.65450955597706	26.39956518363227	0.0
104.0	26.16995552006034	23.782902399254603	23.756558295342362	26.290583785342697	0.0
105.0	26.230685612236975	23.747684491919294	23.793717347176464	26.227912548667266	0.0
106.0	26.26008008607589	23.650349960622496	23.84196865328941	26.247601300012203	0.0
107.0	26.253702039865562	23.70497931294577	23.780683948398835	26.260634698789836	0.0
108.0	26.208151120453227	23.74318174885542	23.73181221974804	26.31685491094331	0.0
109.0	26.269158349809906	23.822213841431118	23.78117261440935	26.12745519434962	0.0
110.0	26.280250573329305	23.830533009070663	23.724047663284463	26.16516875431557	0.0
111.0	26.234495151311794	23.936741049268882	23.634200652777356	26.19456314664197	0.0
112.0	26.156572281088035	23.791987532340762	23.779231475293457	26.272208711277738	0.0
113.0	26.176815589010932	23.68882985361038	23.801693227920236	26.33266132945845	0.0
114.0	26.289328755955122	23.744779736782267	23.78110666807168	26.184784839190932	0.0
115.0	26.160936624756665	23.785266240356727	23.874281087256737	26.179516047629875	0.0
116.0	26.271858552357923	23.8712307342477	23.65160531759721	26.20530539579717	0.0
117.0	26.26159827405481	23.70873011031186	23.851542092098477	26.17812952353486	0.0
118.0	26.296261376430202	23.682386152506556	23.762527245198466	26.258825225864772	0.0
119.0	26.2607663595978	23.70207479465578	23.743670517506253	26.293488328240166	0.0
120.0	26.222775599394367	23.758090368094418	23.724259180176034	26.29487485233518	0.0
121.0	26.22138907529935	23.667688997099393	23.66935282601341	26.44156910158785	0.0
122.0	26.36503297154298	23.81355133189505	23.779442839157657	26.041972857404318	0.0
123.0	26.221666380118354	23.74533434642027	23.767796036759528	26.265203236701844	0.0
124.0	26.152340175367566	23.870953429428695	23.758922282551424	26.21778411265231	0.0
125.0	26.306521654733316	23.728696057280082	23.788871203003765	26.175911084982832	0.0
126.0	26.27407699090995	23.73257832474613	23.74866200424831	26.244682680095615	0.0
127.0	26.31408185506346	23.683283741850683	23.67413265744718	26.328501745638675	0.0
128.0	26.276645600685498	23.668863851275468	23.659712766871966	26.39477778116707	0.0
129.0	26.169051032547358	23.780618003233382	23.760652000898467	26.28967896332079	0.0
130.0	26.23338592895986	23.74207252650348	23.796979032924494	26.227562511612174	0.0
131.0	26.257584328863153	23.660610295830423	23.843355185074262	26.23845019023216	0.0
132.0	26.260912005146807	23.70109702394818	23.77735627211518	26.260634698789836	0.0
133.0	26.21106954585412	23.746641117436795	23.733607682516617	26.30868165419247	0.0
134.0	26.264035206912713	23.82123673432036	23.7788087440483	26.13591931471863	0.0
135.0	26.28927015537518	23.819018277312672	23.734716911020463	26.156994656291683	0.0
136.0	26.238245644198322	23.923840370926012	23.644037480831145	26.19387650404452	0.0
137.0	26.16309541306283	23.78490950081944	23.781304508181947	26.270690577935778	0.0
138.0	26.18389344750992	23.673432036183033	23.80958983502999	26.333084681277054	0.0
139.0	26.293779983916142	23.736446576634037	23.786916613515988	26.182856825933836	0.0
140.0	26.158176423282768	23.79135353983528	23.874823216216964	26.175646820664983	0.0
141.0	26.283796899697737	23.865117439893513	23.648539973933058	26.20254568647569	0.0
142.0	26.269376889160036	23.714539252932532	23.846815118826434	26.169268739081	0.0
143.0	26.30653614708411	23.67543883974377	23.766118521394304	26.25190649177782	0.0
144.0	26.25967111283658	23.702060397659523	23.743656581902886	26.294611907601013	0.0
145.0	26.220570699647823	23.773328526663153	23.71370732924766	26.292393444441366	0.0
146.0	26.230553783866227	23.66351460026067	23.67543883974377	26.430492776129338	0.0
147.0	26.373090041873493	23.814370095116608	23.773605834558108	26.038934028451788	0.0
148.0	26.22306647070242	23.745875045062533	23.769168908238818	26.26188957599623	0.0
149.0	26.147916031169405	23.86927705831785	23.765286597709437	26.217520312803305	0.0
150.0	26.310695765508445	23.735337345054212	23.790244308255456	26.163722581181887	0.0
151.0	26.269099581265078	23.73422811347439	23.753639666121295	26.243032639139237	0.0
152.0	26.309382184027573	23.679941432410175	23.6785548890904	26.33212149447185	0.0
153.0	26.273054749049525	23.663857529900806	23.66468945589267	26.398398265157	0.0
154.0	26.166013604763055	23.77589023013846	23.77283983483496	26.28525633026353	0.0
155.0	26.239223092047066	23.74621820309532	23.796688379935055	26.21787032492256	0.0
156.0	26.25399325583459	23.650889608660925	23.84278773626764	26.252329399236846	0.0
157.0	26.256766350164167	23.701082616026266	23.78760315910906	26.254547874700506	0.0
158.0	26.215519942763176	23.737475978003754	23.736921357599826	26.31008272163325	0.0
159.0	26.26543577911688	23.815954765159855	23.786005263347633	26.132604192375634	0.0
160.0	26.28207439123478	23.820669038593262	23.738030598407686	26.15922597176428	0.0
161.0	26.233267795688935	23.922996503118355	23.645686301153333	26.19804940003938	0.0
162.0	26.169763759438947	23.78018174910637	23.780736369510297	26.26931812194439	0.0
163.0	26.180024236911652	23.68312317841861	23.803198495869466	26.333654088800273	0.0
164.0	26.288802737613903	23.740314914338644	23.79244937688225	26.178432971165204	0.0
165.0	26.17150019689079	23.790230889114437	23.867600650016914	26.17066826397786	0.0
166.0	26.289080048584886	23.86399560739422	23.636323300222404	26.210601043798494	0.0
167.0	26.273273323239216	23.711474573357073	23.845415772338786	26.16983633106493	0.0
168.0	26.302945597133714	23.670155238681552	23.770264499204117	26.256634664980616	0.0
169.0	26.263844750226006	23.699827512576054	23.745583822787196	26.29074391441074	0.0
170.0	26.22391197040537	23.760558615219935	23.72228970122516	26.29323971314953	0.0
171.0	26.22308003749244	23.659062799842488	23.678474567810852	26.439382594854216	0.0
172.0	26.37088678502299	23.814356943589402	23.771651054059	26.04310521732861	0.0
173.0	26.233063232447602	23.740314914338644	23.770264499204117	26.25635735400964	0.0
174.0	26.153474983777308	23.86233174156836	23.76499559075556	26.21919768389877	0.0
175.0	26.31209685917594	23.7289451645286	23.79383593173713	26.165122044558327	0.0
176.0	26.277987609745818	23.727003987731763	23.758062816481146	26.236945586041276	0.0
177.0	26.31411100788952	23.67937216622066	23.674657866640782	26.33185895924904	0.0
178.0	26.27695123473052	23.65635529180128	23.66550657922103	26.401186894247168	0.0
179.0	26.173791267453307	23.763120311698398	23.783364068717848	26.279724352130447	0.0
180.0	26.235354473731647	23.735666449439137	23.804994384437265	26.223984692391955	0.0
181.0	26.260385353462524	23.64921076859935	23.834732837128815	26.255671040809307	0.0
182.0	26.253175228228194	23.699958957748667	23.79008552317778	26.25678029084536	0.0
183.0	26.220802378238673	23.733302274246192	23.74023510619712	26.305660241318012	0.0
184.0	26.274046527621792	23.811227305374608	23.782941351014827	26.131784815988773	0.0
185.0	26.28624831185542	23.80346253358957	23.741898985865344	26.168390168689665	0.0
186.0	26.23355878902838	23.915774411194583	23.65038560411311	26.200281195663926	0.0
187.0	26.178096133420965	23.766302554332604	23.782941351014827	26.272659961231604	0.0
188.0	26.183642398981704	23.677007678804667	23.814000438154977	26.32534948405865	0.0
189.0	26.29436331467934	23.739746313109745	23.794099866334626	26.171790505876285	0.0
190.0	26.174563646346943	23.78633507301679	23.88062184901914	26.158479431617128	0.0
191.0	26.291312860161618	23.861487179771604	23.64629147924859	26.200908480818185	0.0
192.0	26.278979478646704	23.70493621741542	23.84969495285635	26.16638935108153	0.0
193.0	26.28951747088186	23.674708818635608	23.772323904603436	26.26344980587909	0.0
194.0	26.25873544093178	23.702440377149195	23.745701608430394	26.29312257348863	0.0
195.0	26.218801996672212	23.765668330560178	23.721852468108708	26.2936772046589	0.0
196.0	26.236550194120912	23.656960621186908	23.66971713810316	26.43677204658902	0.0
197.0	26.363560732113143	23.81863560732113	23.767609539656128	26.050194120909598	0.0
198.0	26.225180255130336	23.736827509706046	23.77981142540211	26.258180809761512	0.0
199.0	26.153910149750416	23.859955629506377	23.774819744869664	26.211314475873543	0.0
200.0	26.30643372157515	23.7318358291736	23.79645036051026	26.16528008874099	0.0
201.0	26.275651691625068	23.717138103161396	23.76539101497504	26.24181919023849	0.0
202.0	26.31177568434743	23.689194922892188	23.673110574349902	26.325918818410475	0.0
203.0	26.285153314346406	23.65758085851597	23.660631338411918	26.396634488725702	0.0
204.0	26.162579485800013	23.762961073103366	23.78764222862515	26.28681721247147	0.0
205.0	26.2283170870367	23.732442213563694	23.804545265464025	26.234695433935578	0.0
206.0	26.267491971580228	23.634613998014387	23.84121754660366	26.256676483801726	0.0
207.0	26.249743478815514	23.698120323688137	23.786862787511716	26.265273409984637	0.0
208.0	26.221252215101238	23.72813670814464	23.734792411389016	26.31581866536511	0.0
209.0	26.27595731463815	23.809735102276257	23.772851311177178	26.14145627190842	0.0
210.0	26.297311088432355	23.79614633713449	23.741791276567422	26.164751297865728	0.0
211.0	26.237409593113547	23.903747171318276	23.657762790078536	26.201080445489637	0.0
212.0	26.18125849302532	23.770764580271223	23.785740037161318	26.26223688954214	0.0
213.0	26.184176955417264	23.669118218021676	23.816655019024484	26.330049807536582	0.0
214.0	26.292129222628656	23.744339091536855	23.791761766231172	26.171769919603317	0.0
215.0	26.162895500947066	23.80812397562863	23.874959441133488	26.154021082290818	0.0
216.0	26.29323852496069	23.869967580639344	23.639232695576933	26.19756119882303	0.0
217.0	26.280349986826963	23.710636881733848	23.848745788094348	26.160267343344845	0.0
218.0	26.30891468031116	23.672088411886243	23.76360636188416	26.255390545918438	0.0
219.0	26.261214415463762	23.70786361052179	23.740588210824075	26.29033376319037	0.0
220.0	26.220724655767714	23.775531428096013	23.719788676733643	26.28395523940264	0.0
221.0	26.245552341624535	23.65252937603825	23.667782452306405	26.434135830030815	0.0
222.0	26.37922475546545	23.81254801252416	23.76124221053128	26.046985021479102	0.0
223.0	26.22920358645401	23.739041929785152	23.775649718924285	26.25610476483655	0.0
224.0	26.164307960252813	23.857739912751434	23.765665776431792	26.21228635056395	0.0
225.0	26.303805823411793	23.735159285482517	23.79256695481434	26.168467936291357	0.0
226.0	26.27080334683939	23.721847362159192	23.770103084206234	26.237246206795184	0.0
227.0	26.313030745081505	23.683363932353053	23.67753994974735	26.326065372818086	0.0
228.0	26.287384629037984	23.663527245296414	23.660476570820023	26.388611554845582	0.0
229.0	26.17062699680511	23.765863507277246	23.78694089456869	26.276568601348956	0.0
230.0	26.230326561741663	23.743742633294044	23.80004160022187	26.225889204742426	0.0
231.0	26.273663658500055	23.6398076400406	23.845313306006535	26.241215395452805	0.0
232.0	26.24842612057442	23.70609084404311	23.803712968766465	26.241770066616006	0.0
233.0	26.221874627329278	23.730007515815103	23.739714288091456	26.30840356876416	0.0
234.0	26.266043952386763	23.814106475267074	23.78526341479649	26.134586157549673	0.0
235.0	26.28989494469898	23.794692876873413	23.743662846810068	26.171749331617537	0.0
236.0	26.229026263970933	23.91768588623568	23.653382144937183	26.199905704856203	0.0
237.0	26.171339823057938	23.764040269573176	23.7876140555232	26.277005851845686	0.0
238.0	26.170785145741466	23.67251851235544	23.825054774385002	26.331641567518094	0.0
239.0	26.299543221963063	23.738868288732533	23.789344064520243	26.172244424784157	0.0
240.0	26.16665603443733	23.784944208532224	23.887013610178094	26.16138614685235	0.0
241.0	26.28736585460567	23.87032172704654	23.63815900788577	26.204153410462023	0.0
242.0	26.279087184579662	23.710233529628777	23.85225416145416	26.1584251243374	0.0
243.0	26.30675214220526	23.667865950240365	23.767174397283718	26.25820751027066	0.0
244.0	26.25978212323048	23.710673853400614	23.74202103312537	26.287522990243538	0.0
245.0	26.22323204580826	23.768306520297735	23.723918670361954	26.284542763532055	0.0
246.0	26.235202401462626	23.649246629879013	23.684203225439525	26.431347743218836	0.0
247.0	26.369001212450787	23.808149777902322	23.771803999145458	26.051045010501433	0.0
248.0	26.22754324875491	23.74263002372265	23.773427854001635	26.2563988735208	0.0
249.0	26.16872216750135	23.849173869012112	23.7651041160884	26.216999847398135	0.0
