# Position (bp)	A	C	G	T	N
0.0	26.29156010230179	23.697556728519345	23.76203950590412	26.248843663274744	0.0
1.0	26.196332371986724	23.79877020188279	23.826794362518367	26.178103063612124	0.0
2.0	26.288326033136546	23.808798324128738	23.758739831868763	26.144135810865958	0.0
3.0	26.295887220949655	23.73022911645166	23.75525727312792	26.21862638947076	0.0
4.0	26.25496804942342	23.69239306962206	23.767202848756387	26.285436032198128	0.0
5.0	26.2154567636602	23.76210152358828	23.721026388733986	26.30141532401753	0.0
6.0	26.137219860239536	23.712764771005553	23.852035611989262	26.297979756765656	0.0
7.0	26.06613026944984	23.775561829843486	23.91265320777504	26.245654692931637	0.0
8.0	26.190741712883757	23.74819460953246	23.73486667990393	26.32619699767985	0.0
9.0	26.278083011478	23.69417396507643	23.703149649132353	26.324593374313228	0.0
10.0	26.318366147996443	23.77016408691466	23.757652901643045	26.15381686344585	0.0
11.0	26.263697708005257	23.895547921919324	23.79192266999573	26.04883170007969	0.0
12.0	26.280832592181596	23.8767811440119	23.75139730900724	26.090988954799265	0.0
13.0	26.294703688895776	23.73861414144711	23.739158106024135	26.227524063632977	0.0
14.0	26.30340712212821	23.716583576077525	23.71032798344172	26.26968131835255	0.0
15.0	26.251730487310667	23.722295204136305	23.728822779060625	26.297151529492403	0.0
16.0	26.16170434981274	23.780227431589655	23.810961430191664	26.247106788405937	0.0
17.0	26.171767694487734	23.806881695863964	23.821568739443688	26.199781870204614	0.0
18.0	26.245474894674857	23.773155892088308	23.691289223245782	26.29007998999105	0.0
19.0	26.333869138441706	23.75547704333494	23.713047806326852	26.197606011896507	0.0
20.0	26.255810221638363	23.695640939861995	23.759556777662638	26.288992060836996	0.0
21.0	26.189718525529614	23.757652901643045	23.790018793976138	26.262609778851203	0.0
22.0	26.28110457447011	23.747589556968048	23.758468848508585	26.212837020053254	0.0
23.0	26.260977885120123	23.760916689105205	23.72256718642482	26.255538239349853	0.0
24.0	26.240851195770134	23.734262424830895	23.750309379853185	26.27457699954579	0.0
25.0	26.29769549406943	23.69183318782281	23.758740830797098	26.251730487310667	0.0
26.0	26.190806454683667	23.80008213865113	23.826464420636928	26.182646986028267	0.0
27.0	26.28518430879781	23.81558512909639	23.75221325587278	26.147017306233018	0.0
28.0	26.292799812876183	23.73480638940792	23.74432576950589	26.228068028210004	0.0
29.0	26.258530044523496	23.68285777230187	23.763636511990338	26.294975671184297	0.0
30.0	26.214740896072847	23.757924883931558	23.723111151001845	26.30422306899375	0.0
31.0	26.12933845747965	23.7160396115005	23.856926436950427	26.29769549406943	0.0
32.0	26.075485964354	23.771523998357228	23.905883248882834	26.247106788405937	0.0
33.0	26.18618275577894	23.75248523816129	23.723927097867385	26.33740490819238	0.0
34.0	26.284096379643756	23.693737063842402	23.701080585632265	26.321085970881576	0.0
35.0	26.320813988593063	23.768804175472095	23.759284795374125	26.151097040560717	0.0
36.0	26.269409336064037	23.894188010476757	23.793282581438298	26.04312007202091	0.0
37.0	26.27620889327687	23.87759709087744	23.746773610102508	26.099420405743178	0.0
38.0	26.29687954720389	23.74214991119778	23.73099863736873	26.2299719042296	0.0
39.0	26.305582980436316	23.710599965730232	23.709240054287665	26.27457699954579	0.0
40.0	26.252274451887693	23.72202322184779	23.72855079677211	26.297151529492403	0.0
41.0	26.153272898868824	23.790018793976138	23.808513589595044	26.24819471755999	0.0
42.0	26.176935357969487	23.815041164519364	23.815041164519364	26.19298231299178	0.0
43.0	26.236227496865403	23.772067962934255	23.69591292215051	26.295791618049837	0.0
44.0	26.327613545805896	23.75738091935453	23.71522366463496	26.199781870204614	0.0
45.0	26.246834806117427	23.704344373094425	23.76227660054777	26.286544220240376	0.0
46.0	26.19298231299178	23.762548582836285	23.786755006513978	26.25771409765796	0.0
47.0	26.288992060836996	23.74514171637143	23.761188671393718	26.204677551397854	0.0
48.0	26.252002469599176	23.768804175472095	23.718759434385632	26.260433920543097	0.0
49.0	26.24003524890459	23.73535035398495	23.75166929129575	26.27294510581471	0.0
50.0	26.294975671184297	23.693193099265375	23.75493307875791	26.256898150792416	0.0
51.0	26.185094826624887	23.80905755417207	23.823200633174768	26.182646986028267	0.0
52.0	26.279200698450516	23.82347261546328	23.756021007911965	26.141305678174238	0.0
53.0	26.288720078548483	23.744869734082915	23.746501627813995	26.2199085595546	0.0
54.0	26.255266257061336	23.68856940036065	23.762548582836285	26.293615759741723	0.0
55.0	26.20522151597488	23.77179598064574	23.72202322184779	26.30095928153159	0.0
56.0	26.12525872315195	23.71767150523158	23.863182029586234	26.293887742030236	0.0
57.0	26.06569460196752	23.774515803530875	23.909419018633507	26.250370575868097	0.0
58.0	26.177479322546514	23.762820565124798	23.7282788144836	26.331421297845086	0.0
59.0	26.27784078700795	23.693737063842402	23.707608160556585	26.320813988593063	0.0
60.0	26.31809416570793	23.77016408691466	23.76472444114439	26.147017306233018	0.0
61.0	26.26396969029377	23.89690783336189	23.789202847110598	26.04991962923374	0.0
62.0	26.270769247506603	23.87351735654974	23.748133521545075	26.107579874398578	0.0
63.0	26.297967476357943	23.74106198204373	23.73099863736873	26.2299719042296	0.0
64.0	26.303951086705236	23.71848745209712	23.7078801428451	26.26968131835255	0.0
65.0	26.24982661129107	23.722295204136305	23.72746286761806	26.300415316954563	0.0
66.0	26.151912987426257	23.791650687707218	23.807969625018018	26.248466699848507	0.0
67.0	26.171223729910707	23.81476918223085	23.819120898847068	26.194886189011374	0.0
68.0	26.232147762537707	23.777779590993035	23.693193099265375	26.29687954720389	0.0
69.0	26.32380579376671	23.76146065368223	23.714135735480905	26.200597817070154	0.0
70.0	26.245746876963373	23.707336178268072	23.75901281308561	26.287904131682943	0.0
71.0	26.1954301535884	23.76146065368223	23.784307165917358	26.258802026812013	0.0
72.0	26.283824397355243	23.748133521545075	23.763364529701825	26.204677551397854	0.0
73.0	26.257170133080933	23.771252016068715	23.712231859461312	26.25934599138904	0.0
74.0	26.23677146144243	23.736438283139	23.746773610102508	26.280016645316056	0.0
75.0	26.297151529492403	23.697816798170106	23.751941273584265	26.25309039875323	0.0
76.0	26.185910773490427	23.81476918223085	23.812593323922744	26.186726720355967	0.0
77.0	26.27947268073903	23.826192438348414	23.74922145069913	26.145113430213424	0.0
78.0	26.28600025566335	23.74187792890927	23.745957663236968	26.226164152190414	0.0
79.0	26.244386965520803	23.694553010707942	23.766356334875475	26.294703688895776	0.0
80.0	26.20114178164718	23.765268405721418	23.72283916871333	26.31075064391807	0.0
81.0	26.111659608726278	23.722295204136305	23.86780572849096	26.298239458646457	0.0
82.0	26.064334690524955	23.781043378455195	23.910778930076074	26.243843000943777	0.0
83.0	26.167687960160034	23.762548582836285	23.73290251338833	26.336860943615353	0.0
84.0	26.27457699954579	23.691561205534295	23.711687894884285	26.32217390003563	0.0
85.0	26.313470466803203	23.778867520147088	23.761732635970745	26.145929377078964	0.0
86.0	26.267777442332957	23.893916028188244	23.78947482939911	26.04883170007969	0.0
87.0	26.267777442332957	23.870797533664607	23.75221325587278	26.109211768129658	0.0
88.0	26.30177522839713	23.73725423000454	23.72746286761806	26.23350767398027	0.0
89.0	26.302319192974156	23.721479257270765	23.702712479363345	26.273489070391737	0.0
90.0	26.248466699848507	23.72447106244441	23.724743044732925	26.302319192974156	0.0
91.0	26.15381686344585	23.78539509507141	23.809329536460584	26.25145850502215	0.0
92.0	26.172583641353274	23.816129093673418	23.822112704020714	26.189174560952587	0.0
93.0	26.237587408307974	23.7750597681079	23.698632745035646	26.288720078548483	0.0
94.0	26.317550201130903	23.75384514960386	23.720663310405225	26.207941338860014	0.0
95.0	26.241939124924187	23.71032798344172	23.762004618259258	26.285728273374836	0.0
96.0	26.19298231299178	23.758740830797098	23.78865888253357	26.25961797367755	0.0
97.0	26.279200698450516	23.745957663236968	23.767988228606555	26.20685340970596	0.0
98.0	26.256626168503907	23.7709800337802	23.717399522943065	26.254994274772827	0.0
99.0	26.244114983232294	23.731814584234275	23.745957663236968	26.278112769296463	0.0
100.0	26.29851144093497	23.69509697528497	23.754389114180885	26.252002469599176	0.0
101.0	26.19461420672286	23.810961430191664	23.811777377057204	26.182646986028267	0.0
102.0	26.288720078548483	23.829456225810574	23.74704559239102	26.134778103249918	0.0
103.0	26.289536025414023	23.74269387577481	23.74187792890927	26.225892169901897	0.0
104.0	26.25771409765796	23.690473276380242	23.76853219318358	26.283280432778216	0.0
105.0	26.202501693089747	23.764180476567365	23.720391328116712	26.312926502226176	0.0
106.0	26.114107449322898	23.72610295617549	23.86291004729772	26.29687954720389	0.0
107.0	26.071678212314815	23.775603732684928	23.912682806095667	26.24003524890459	0.0
108.0	26.175847428815434	23.75629299020048	23.73480638940792	26.333053191576166	0.0
109.0	26.284096379643756	23.689929311803215	23.7078801428451	26.31809416570793	0.0
110.0	26.321629935458603	23.7709800337802	23.76146065368223	26.145929377078964	0.0
111.0	26.273489070391737	23.895003957342297	23.78294725447479	26.048559717791175	0.0
112.0	26.271857176660657	23.876237179434874	23.748677486122105	26.103228157782365	0.0
113.0	26.30830280332145	23.73807017687008	23.72773484990657	26.225892169901897	0.0
114.0	26.306942891878883	23.716583576077525	23.701624550209292	26.274848981834303	0.0
115.0	26.246018859251883	23.72664692075252	23.73371846025387	26.293615759741723	0.0
116.0	26.15544875717693	23.790018793976138	23.807153678152478	26.247378770694453	0.0
117.0	26.17639139339246	23.812593323922744	23.818848916558554	26.19216636612624	0.0
118.0	26.24465894780932	23.773971838953848	23.695368957573482	26.28600025566335	0.0
119.0	26.317550201130903	23.74786153925656	23.72365511557887	26.21093314403366	0.0
120.0	26.24955462900256	23.708968071999152	23.75493307875791	26.286544220240376	0.0
121.0	26.199781870204614	23.759556777662638	23.77995544930114	26.26070590283161	0.0
122.0	26.28028862760457	23.744053787217375	23.770708051491688	26.204949533686367	0.0
123.0	26.25309039875323	23.772339945222768	23.718215469808605	26.25635418621539	0.0
124.0	26.245474894674857	23.735078371696435	23.739974052889675	26.27947268073903	0.0
125.0	26.29769549406943	23.69183318782281	23.75302920273832	26.257442115369443	0.0
126.0	26.188358614087047	23.811233412480178	23.80987350103761	26.190534472395154	0.0
127.0	26.28763214939443	23.824560544617334	23.750309379853185	26.13749792613505	0.0
128.0	26.28926404312551	23.73453440711941	23.74350982264035	26.232691727114734	0.0
129.0	26.250098593579587	23.685033630609976	23.76907615776061	26.295791618049837	0.0
130.0	26.20277367537826	23.760372724528178	23.72610295617549	26.31075064391807	0.0
131.0	26.111659608726278	23.72528700930995	23.869165639933527	26.293887742030236	0.0
132.0	26.06297477908239	23.780227431589655	23.913226770672694	26.243571018655267	0.0
133.0	26.166328048717467	23.759284795374125	23.73208656652279	26.34230058938562	0.0
134.0	26.281648539047136	23.688025435783622	23.707608160556585	26.322717864612656	0.0
135.0	26.317006236553876	23.77669166183898	23.754389114180885	26.151912987426257	0.0
136.0	26.263425725716743	23.897179815650404	23.776419679550468	26.06297477908239	0.0
137.0	26.274033034968763	23.866717799336907	23.754389114180885	26.104860051513445	0.0
138.0	26.303135139839696	23.73371846025387	23.73127061965725	26.23187578024919	0.0
139.0	26.301503246108616	23.71848745209712	23.701624550209292	26.278384751584976	0.0
140.0	26.238202736149262	23.72943128348791	23.740038621590013	26.29232735877281	0.0
141.0	26.143824625343377	23.782195990970166	23.819185682813394	26.254793700873062	0.0
142.0	26.163679386406287	23.814018005276473	23.821361547039466	26.200941061277778	0.0
143.0	26.23602687192319	23.776212364348464	23.697065303125083	26.29069546060326	0.0
144.0	26.306542025571915	23.749622622521887	23.724600115865087	26.21923523604111	0.0
145.0	26.242353856321856	23.709641008624605	23.758054119330158	26.289951015723386	0.0
146.0	26.197476534600415	23.760229989474226	23.78090075584289	26.261392720082466	0.0
147.0	26.276623811090953	23.74744675237782	23.77301322657064	26.20291620996059	0.0
148.0	26.249697418058087	23.774101161642676	23.72133631064898	26.254865109650254	0.0
149.0	26.236370213425666	23.733303596441363	23.743910963393706	26.28641522673927	0.0
150.0	26.29212688586745	23.69522586892014	23.754246346578036	26.25840089863437	0.0
151.0	26.18115750851989	23.811906905395887	23.81272285669991	26.194212729384308	0.0
152.0	26.28641522673927	23.81925046713212	23.750166590057905	26.144167716070704	0.0
153.0	26.291038950795414	23.73003979122526	23.742007077017643	26.23691418096168	0.0
154.0	26.24588964530597	23.68924222602395	23.76784553497847	26.29702259369161	0.0
155.0	26.20264422619258	23.76186189208228	23.724600115865087	26.310893765860055	0.0
156.0	26.118057274341865	23.726232018473137	23.862767870013517	26.29294283717148	0.0
157.0	26.060940683060036	23.78797233381112	23.909549078111016	26.241537905017832	0.0
158.0	26.170006174031535	23.766757599906438	23.728407888617205	26.334828337444822	0.0
159.0	26.286959194275283	23.697129755296203	23.70175347935235	26.31415757107616	0.0
160.0	26.323405019188456	23.771653307730595	23.758054119330158	26.14688755375079	0.0
161.0	26.270912151962772	23.892958068262484	23.782260674682934	26.05386910509181	0.0
162.0	26.27444794094688	23.870111431749752	23.74935063875388	26.106089988549485	0.0
163.0	26.304094171659838	23.73411954774539	23.731671693833313	26.23011458676146	0.0
164.0	26.301102350211742	23.720248375576947	23.71072894369664	26.267920330514677	0.0
165.0	26.234537680733705	23.72711250367179	23.746967372738446	26.291382442856055	0.0
166.0	26.151854390373924	23.786677110871764	23.818499298279967	26.24296920047434	0.0
167.0	26.168989414362958	23.81768334475668	23.821491127865357	26.191836113015004	0.0
168.0	26.240249355396717	23.771989947452592	23.697738176833447	26.29002252031724	0.0
169.0	26.3148446828244	23.75219968068932	23.72445718544226	26.208498451044015	0.0
170.0	26.24984020866708	23.709769982076175	23.7519276954418	26.288462113814948	0.0
171.0	26.20061087886593	23.75682342989716	23.78239004316406	26.26017564807285	0.0
172.0	26.280030571141822	23.752471665936838	23.77151063326325	26.19598712965809	0.0
173.0	26.254463957874925	23.778854234946298	23.714393731284016	26.252288075894764	0.0
174.0	26.236240946291073	23.72472917068978	23.745128064253795	26.293901818765352	0.0
175.0	26.29825358272567	23.692090940987363	23.759543282372363	26.250112193914603	0.0
176.0	26.18782757223248	23.804964818708232	23.818836066331762	26.188371542727523	0.0
177.0	26.283566379359584	23.820467977816882	23.75491953316452	26.141046109659012	0.0
178.0	26.29471777450791	23.726633067422423	23.742136226531073	26.23651293153859	0.0
179.0	26.241408665993955	23.69045902950224	23.772870559500852	26.29526174500295	0.0
180.0	26.20088286411345	23.760903208609964	23.725817111679863	26.312396815596724	0.0
181.0	26.11765537837228	23.7236412296997	23.866705469895315	26.29199792203271	0.0
182.0	26.062170387878165	23.788917689104544	23.912942961973744	26.235968961043554	0.0
183.0	26.17314036886639	23.763623061085166	23.729624905145144	26.333611664903295	0.0
184.0	26.29145395153767	23.694810793462562	23.70677814435345	26.306957110646316	0.0
185.0	26.31375674183432	23.76879078078805	23.762807105342606	26.154645372035016	0.0
186.0	26.2770387334191	23.896895832370053	23.773414529995893	26.052650904214957	0.0
187.0	26.271327043221177	23.869697307618036	23.748119901976516	26.110855747184274	0.0
188.0	26.302061376190956	23.728536964155065	23.735336595343068	26.23406506431091	0.0
189.0	26.30858902213144	23.71004196732369	23.704874247620808	26.276494762924056	0.0
190.0	26.226792795635166	23.727785544488746	23.750088395445868	26.295333264430216	0.0
191.0	26.154172537030888	23.789526363601748	23.81074127060974	26.24555982875762	0.0
192.0	26.171307654229654	23.818628864240914	23.821348724113733	26.1887147574157	0.0
193.0	26.24528784277034	23.775383092263088	23.694059282065787	26.285269782900784	0.0
194.0	26.3106360409612	23.753416833258537	23.721322399466906	26.214624726313357	0.0
195.0	26.251342934464798	23.70527518257109	23.75314484653149	26.29023703643262	0.0
196.0	26.202929297050304	23.750424979261012	23.78306338650674	26.263582337181944	0.0
197.0	26.276909686807283	23.754776766893777	23.775175771422354	26.193137774876586	0.0
198.0	26.25188690791889	23.77816762541988	23.713706771109567	26.25623869555166	0.0
199.0	26.229312009573935	23.724858226918528	23.746345178355295	26.299484585152243	0.0
200.0	26.300844518787482	23.691131872764608	23.758312594345394	26.249711014102513	0.0
201.0	26.1915058545143	23.805094311397603	23.815157820298367	26.188242013789726	0.0
202.0	26.281533461167093	23.826309276107327	23.75532074034787	26.13683652237771	0.0
203.0	26.293228890430147	23.7281220676431	23.743625311084816	26.235023730841935	0.0
204.0	26.24590319992384	23.691675846218704	23.764024315613398	26.298396638244053	0.0
205.0	26.203745257231446	23.761032461615873	23.726490147280813	26.308732133871864	0.0
206.0	26.110181823127032	23.726762134007863	23.86737927189153	26.295676770973575	0.0
207.0	26.0604082520773	23.79013504140998	23.911169134946213	26.23828757156651	0.0
208.0	26.165395128717716	23.76728815633797	23.723770280010335	26.343546434933973	0.0
209.0	26.281533461167093	23.69820352766785	23.705003195844043	26.315259815321014	0.0
210.0	26.314715841866914	23.77327186433302	23.755048753620823	26.15696354017924	0.0
211.0	26.272013925720422	23.89403397114221	23.77191193069778	26.06204017243958	0.0
212.0	26.270653992085187	23.861939537350576	23.74716113853644	26.120245332027796	0.0
213.0	26.29594875770063	23.732745842002913	23.730569948186528	26.240735452109938	0.0
214.0	26.30682822678253	23.716698625107092	23.69684359403261	26.27962955407776	0.0
215.0	26.22965533748205	23.729274555028503	23.745321815570737	26.29574829191871	0.0
216.0	26.155674746507678	23.788839810261546	23.809238870272857	26.246246572957922	0.0
217.0	26.166010270246748	23.825014143348273	23.817126506810567	26.191849079594416	0.0
218.0	26.242438748422476	23.770072675051136	23.69636407154358	26.29112450498281	0.0
219.0	26.307243317929736	23.75409002265662	23.723083367105204	26.215583292308448	0.0
220.0	26.243870065793946	23.713291791667913	23.74375447080615	26.299083671731992	0.0
221.0	26.207695634317297	23.74457043542592	23.78428071358826	26.263453216668527	0.0
222.0	26.27977250906401	23.757353881135714	23.765241539126862	26.197632070673414	0.0
223.0	26.254205617644423	23.775577090977336	23.70458816905699	26.265629122321254	0.0
224.0	26.227822761605058	23.721723426072245	23.741306576946826	26.309147235375875	0.0
225.0	26.297179754285853	23.68663694742196	23.75218610521048	26.263997193081707	0.0
226.0	26.198992011706373	23.807671699355115	23.8049518172892	26.18838447164931	0.0
227.0	26.287116190641974	23.824806956370374	23.742122541566598	26.145954311421054	0.0
228.0	26.294731860426534	23.729611084063396	23.741578565153414	26.23407849035666	0.0
229.0	26.24903784171918	23.693436652586744	23.76252165706095	26.295003848633126	0.0
230.0	26.20606370507775	23.765241539126862	23.724171319931568	26.304523435863818	0.0
231.0	26.1067880096719	23.720091496832698	23.86832506942499	26.30479542407041	0.0
232.0	26.06055001455137	23.792168371579407	23.9121151706862	26.235166443183022	0.0
233.0	26.17478506131974	23.75844183396208	23.727707166617257	26.339065938100926	0.0
234.0	26.285212273195835	23.691804723347197	23.711659862428366	26.311323141028602	0.0
235.0	26.309147235375875	23.775305102770744	23.747290317491835	26.16825734436155	0.0
236.0	26.275148709551953	23.894979913670944	23.771769256085058	26.058102120692045	0.0
237.0	26.26834900438717	23.859893435020656	23.745658388252284	26.126099172339888	0.0
238.0	26.292283966567208	23.73450687178204	23.723899331724976	26.249309829925778	0.0
239.0	26.299355659938584	23.71437974449428	23.706220098296537	26.280044497270598	0.0
240.0	26.21867299145392	23.739439799376587	23.742431742888694	26.299455466280797	0.0
241.0	26.154365044825482	23.795315083993383	23.79912307424493	26.2511967969362	0.0
242.0	26.16152082318989	23.825287031168823	23.814950917058127	26.198241228583164	0.0
243.0	26.24125821815897	23.773022405618676	23.699579197619354	26.286140178603002	0.0
244.0	26.312138728323696	23.76062563753825	23.719279156749405	26.207956477388645	0.0
245.0	26.244817793059923	23.71546555532584	23.744028900664844	26.29568775094939	0.0
246.0	26.19975788571662	23.754947700594403	23.782151552659855	26.26314286102912	0.0
247.0	26.275811410071555	23.762004516146582	23.767445656609627	26.194738417172243	0.0
248.0	26.247741766972116	23.775656792111967	23.706549419933395	26.270052020982522	0.0
249.0	26.223526979082777	23.726410987528023	23.735933656922708	26.31412837646649	0.0
