# Position (bp)	A	C	G	T	N
0.0	26.33269698796526	23.72982115345971	23.702190367740638	26.235291490834395	0.0
1.0	26.370375332127626	23.715308013486055	23.707772344653584	26.20654430973273	0.0
2.0	26.20779351266264	23.728572305734332	23.79695114122881	26.26668304037421	0.0
3.0	26.267551191848376	23.835013912572666	23.600579388181707	26.29685550739725	0.0
4.0	26.281961832785406	23.742876439363915	23.679803973007214	26.29535775484346	0.0
5.0	26.31677354899564	23.695226294727327	23.864619437514303	26.123380718762736	0.0
6.0	26.20309364945151	23.745699001247395	23.764954080821106	26.286253268479992	0.0
7.0	26.37068869293448	23.701305949324702	23.693771626297575	26.23423373144324	0.0
8.0	26.416126259864054	23.70330271338163	23.623218331789314	26.257352694965007	0.0
9.0	26.217734262300112	23.76957010639218	23.773197429622954	26.239498201684754	0.0
10.0	26.426897321428573	23.682477678571427	23.643694196428573	26.246930803571427	0.0
11.0	26.194475446428573	23.688616071428573	23.76450892857143	26.352399553571427	0.0
12.0	26.218191964285715	23.70033482142857	23.703404017857142	26.378069196428573	0.0
13.0	26.30133928571429	23.71763392857143	23.713727678571427	26.267299107142854	0.0
14.0	26.358258928571427	23.68470982142857	23.702008928571427	26.255022321428573	0.0
15.0	26.113560267857146	23.816964285714285	23.612444196428573	26.45703125	0.0
16.0	26.302455357142858	23.807198660714285	23.751953125	26.138392857142854	0.0
17.0	26.14732142857143	23.81333705357143	23.693359375	26.345982142857142	0.0
18.0	26.206752232142854	23.642857142857142	23.809151785714285	26.34123883928571	0.0
19.0	26.31138392857143	23.636997767857142	23.69866071428571	26.352957589285715	0.0
20.0	26.316611839810715	23.68548078827905	23.660090234123228	26.337817137787006	0.0
21.0	26.404781236659495	23.63469967996741	23.57973331547624	26.380785767896853	0.0
22.0	26.202772871727483	23.689387027379947	23.804621080856357	26.303219020036217	0.0
23.0	26.2936590755632	23.699086500633367	23.650258648110224	26.356995775693214	0.0
24.0	26.259898103247192	23.669231756519217	23.720291739443418	26.350578400790177	0.0
25.0	26.34137086288581	23.711084201539055	23.669231756519217	26.278313179055917	0.0
26.0	26.379875112304063	23.695180272431514	23.695459288731648	26.229485326532775	0.0
27.0	26.23478663623529	23.72587206544606	23.773304836468547	26.2660364618501	0.0
28.0	26.287241700660154	23.831619243196187	23.583294736078482	26.297844320065177	0.0
29.0	26.278871211656185	23.737032717451353	23.67202191952054	26.312074151371924	0.0
30.0	26.31625939587391	23.676486180322655	23.87375070451616	26.133503719287283	0.0
31.0	26.19656140311717	23.727825179546986	23.7677245104659	26.30788890686994	0.0
32.0	26.353926596391762	23.689041913828607	23.717780592742226	26.2392508970374	0.0
33.0	26.416426247621388	23.682624538925566	23.628774393000036	26.27217482045301	0.0
34.0	26.223625984229997	23.748751402056907	23.776932048370266	26.250690565342826	0.0
35.0	26.438189519031702	23.67983437592424	23.643283240606916	26.23869286443714	0.0
36.0	26.201025663919285	23.680671424824638	23.761586151862993	26.356716759393084	0.0
37.0	26.21916172342788	23.707736005937466	23.696296337632045	26.376805933002608	0.0
38.0	26.309283988370602	23.70829403853773	23.71164223413932	26.27077973895235	0.0
39.0	26.359506922394406	23.66951077281935	23.707177973337203	26.26380433144904	0.0
40.0	26.132945686687016	23.80427564578323	23.602267844487475	26.460510823042284	0.0
41.0	26.302587597167427	23.813762199987725	23.75433172805955	26.129318474785297	0.0
42.0	26.15805715369892	23.81934252599037	23.688762897528473	26.333837422782242	0.0
43.0	26.21441844632563	23.64021406130546	23.801485482781903	26.343882009587	0.0
44.0	26.303982678668085	23.649142582909693	23.69797043543284	26.34890430298938	0.0
45.0	26.316464984947114	23.686185662508404	23.667770638080597	26.329578714463885	0.0
46.0	26.421932852124563	23.63679991517928	23.576532562506454	26.364734670189705	0.0
47.0	26.196767326166352	23.683116491770438	23.810068554113663	26.310047627949544	0.0
48.0	26.307742101092625	23.698396223256438	23.63645495027957	26.35740672537137	0.0
49.0	26.2739813171728	23.655985982299306	23.71430006361536	26.35573263691253	0.0
50.0	26.341223870269303	23.715416122587918	23.672447852144508	26.27091215499827	0.0
51.0	26.385029184942134	23.69728016428388	23.686677604044597	26.23101304672939	0.0
52.0	26.229059943527417	23.71150991618397	23.776520351335364	26.282909788953248	0.0
53.0	26.284304862668943	23.831486255733754	23.581489045881185	26.302719835716122	0.0
54.0	26.278166538319887	23.744712670617517	23.67663307329159	26.30048771777101	0.0
55.0	26.324203970937827	23.667425586768005	23.8697112755438	26.138659166750372	0.0
56.0	26.186091673084004	23.726297697570338	23.762569614178414	26.325041015167237	0.0
57.0	26.34875726833406	23.672726866887647	23.71150991618397	26.267005948594324	0.0
58.0	26.409024452852087	23.676354058548455	23.636733965022714	26.277887523576748	0.0
59.0	26.21734132431558	23.745549714846934	23.764522717380387	26.272586243457102	0.0
60.0	26.4291135143581	23.670215734199395	23.644267363087465	26.256403388355043	0.0
61.0	26.224595707637192	23.655985982299306	23.756431289829354	26.362987020234147	0.0
62.0	26.22264260443522	23.692536913650518	23.690862825191683	26.393957656722584	0.0
63.0	26.308579145322035	23.698396223256438	23.715695137331057	26.277329494090466	0.0
64.0	26.360754902289035	23.669657704713117	23.692815928393657	26.276771464604188	0.0
65.0	26.131962812915035	23.808886061539493	23.59097554714791	26.468175578397563	0.0
66.0	26.316112543386794	23.807490987823794	23.76396468789411	26.1124317808953	0.0
67.0	26.162654434660325	23.80414281090613	23.690304795705405	26.34289795872814	0.0
68.0	26.218457383288136	23.62864253747168	23.798562516043347	26.35433756319684	0.0
69.0	26.29909264405531	23.64287228937177	23.70592962132119	26.352105445251727	0.0
70.0	26.327757704273097	23.69247080816395	23.665964481522302	26.31380700604065	0.0
71.0	26.43601512255688	23.656757020688886	23.565798468213334	26.3414293885409	0.0
72.0	26.213361978767036	23.670149690992034	23.80742456159931	26.30906376864162	0.0
73.0	26.33605464194238	23.67705897780729	23.639671210861426	26.347215169388903	0.0
74.0	26.274950754172643	23.65585397565889	23.712214639263852	26.356980630904616	0.0
75.0	26.35279543311217	23.71388871838083	23.670083648153213	26.263232200353787	0.0
76.0	26.401622740690726	23.69100963711545	23.679849109668925	26.2275185125249	0.0
77.0	26.237842000412943	23.704402270051283	23.768575302868815	26.289180426666963	0.0
78.0	26.286669307991495	23.84111873127124	23.57075495387912	26.301457006858143	0.0
79.0	26.304247138719777	23.728955430433643	23.668409569036232	26.29838786181035	0.0
80.0	26.323499048565036	23.668967595408557	23.86818301032907	26.139350345697338	0.0
81.0	26.192920877440667	23.729234443619806	23.773876553405916	26.30396812553361	0.0
82.0	26.35195839355368	23.68208121515823	23.710819573333037	26.25514081795506	0.0
83.0	26.40190175387689	23.685429373392186	23.647483580073995	26.265185292656927	0.0
84.0	26.216636998264537	23.744580168858782	23.767459250124162	26.27132358275252	0.0
85.0	26.437615441705773	23.667851542663907	23.63130081527653	26.263232200353787	0.0
86.0	26.212730813658254	23.65306384379726	23.76997036879963	26.36423497374486	0.0
87.0	26.225844433407925	23.690730623929287	23.694357795349408	26.389067147313384	0.0
88.0	26.302015033230468	23.694915821721736	23.71388871838083	26.289180426666963	0.0
89.0	26.358933723207763	23.682639241530552	23.68124417559974	26.277182859661945	0.0
90.0	26.142140477558968	23.810706293979454	23.591959956027523	26.45519327243406	0.0
91.0	26.31875582440026	23.796476621485134	23.76466911826253	26.12009843585208	0.0
92.0	26.157207189611782	23.810427280793288	23.68905654481231	26.34330898478262	0.0
93.0	26.211614760913598	23.636323052627468	23.80233589839456	26.349726288064375	0.0
94.0	26.309548389256875	23.651110751494116	23.689614571184634	26.349726288064375	0.0
95.0	26.320356466252054	23.678387977913378	23.662763283083198	26.338492272751367	0.0
96.0	26.436146615439988	23.641558340099383	23.57766449874026	26.344630545720367	0.0
97.0	26.222702123563437	23.670017605682926	23.79975837525495	26.30752189549869	0.0
98.0	26.332838552710875	23.663813307738664	23.63730720296422	26.366040936586238	0.0
99.0	26.263643668668106	23.658233075154573	23.725753889422112	26.35236936675521	0.0
100.0	26.355159483047252	23.710129238186646	23.66827749380594	26.266433784960157	0.0
101.0	26.40593959956251	23.70789714515301	23.673299703131626	26.212863552152854	0.0
102.0	26.253320238387534	23.703432959085735	23.771790808240887	26.27145599428584	0.0
103.0	26.289033726925737	23.831778308519898	23.578435749202026	26.300752215352336	0.0
104.0	26.309122564228478	23.7369143545903	23.652373830941272	26.30158925023995	0.0
105.0	26.32949041316042	23.66716144728912	23.87167697149617	26.131671168054282	0.0
106.0	26.193890761366934	23.71626749402915	23.77541795942055	26.314423785183365	0.0
107.0	26.347068145800318	23.684460168299815	23.71682551728756	26.251646168612307	0.0
108.0	26.402312448382848	23.696736679984824	23.65153679605366	26.24941407557867	0.0
109.0	26.238532622039685	23.74054150576996	23.75644516863463	26.264480703555726	0.0
110.0	26.43132965782014	23.66213923796344	23.651815807682862	26.25471529653356	0.0
111.0	26.20895738934399	23.668556505435145	23.76174638958952	26.360739715631347	0.0
112.0	26.229046226646723	23.686971272962655	23.687529296221065	26.39645320416955	0.0
113.0	26.314423785183365	23.690319412513112	23.722405749871655	26.272851052431868	0.0
114.0	26.35236936675521	23.689761389254706	23.688087319479475	26.269781924510617	0.0
115.0	26.13808843552599	23.79690185486931	23.597687551617152	26.467322157987542	0.0
116.0	26.3105176223745	23.786857436217943	23.774022901274524	26.128602040133032	0.0
117.0	26.151480993727816	23.81224749447557	23.680833017120154	26.35543849467646	0.0
118.0	26.233231401084794	23.610801098189775	23.812805517733977	26.343161982991454	0.0
119.0	26.32112006428428	23.64902569139082	23.686971272962655	26.342882971362247	0.0
120.0	26.320914491067416	23.685642300513106	23.6535558736297	26.33988733478978	0.0
121.0	26.436704640255353	23.640163278060975	23.580175610409395	26.342956471274277	0.0
122.0	26.221586073932706	23.679783039951786	23.809523809523807	26.289107076591694	0.0
123.0	26.337728721059356	23.679012070110435	23.631858841648857	26.351400367181355	0.0
124.0	26.281647070640556	23.65585397565889	23.713330692008505	26.349168261692046	0.0
125.0	26.35000530125054	23.69882200632802	23.679012070110435	26.27216062231101	0.0
126.0	26.404412872552356	23.709982533774546	23.671478714084028	26.21412587958907	0.0
127.0	26.24593338281167	23.70858746784373	23.76997036879963	26.27550878054497	0.0
128.0	26.281647070640556	23.823540900542962	23.58554265274577	26.309269376070716	0.0
129.0	26.305363191464426	23.742348063369477	23.65055272512179	26.30173602004431	0.0
130.0	26.345262077085764	23.657249041589708	23.883528735568042	26.113960145756486	0.0
131.0	26.191804824696014	23.717794902987116	23.775550632522894	26.314849639793973	0.0
132.0	26.342471945224133	23.676500951434964	23.712493652450014	26.268533450890892	0.0
133.0	26.405528925297013	23.694915821721736	23.65780706796203	26.241748185019226	0.0
134.0	26.249002527859467	23.737883852390866	23.75490365674682	26.258209963002855	0.0
135.0	26.43901050763659	23.662550292126806	23.640508250419913	26.25793094981669	0.0
136.0	26.222496275173963	23.654179896541912	23.766064184193343	26.35725964409078	0.0
137.0	26.206034497190338	23.696868914024876	23.696589900838713	26.400506687946073	0.0
138.0	26.31819779802794	23.692404703046265	23.72783937768899	26.26155812123681	0.0
139.0	26.361444841883223	23.68208121515823	23.6845923338337	26.271881609124847	0.0
140.0	26.145209622606764	23.809869254420963	23.59698219337846	26.44793892959381	0.0
141.0	26.331590430963768	23.789780305017217	23.759088854539264	26.119540409479754	0.0
142.0	26.15246396544701	23.809869254420963	23.687103452509163	26.35056332762286	0.0
143.0	26.2275185125249	23.618745221899186	23.819076689564348	26.33465957601156	0.0
144.0	26.34107687929332	23.64469344821236	23.685150360206023	26.3290793122883	0.0
145.0	26.318550243439688	23.68968066851746	23.645596462102926	26.34617262593993	0.0
146.0	26.428202731546712	23.644759420208985	23.580586208339728	26.34645163990458	0.0
147.0	26.22814971889343	23.67628799821431	23.80407639402352	26.29148588886874	0.0
148.0	26.33452751643397	23.671052778428813	23.63478086182074	26.35963884331648	0.0
149.0	26.2739813171728	23.65710204127186	23.721833461680113	26.347083179875224	0.0
150.0	26.362149976004734	23.71011484246828	23.671052778428813	26.256682403098182	0.0
151.0	26.421301101550203	23.70397651811922	23.66045021818953	26.21427216214105	0.0
152.0	26.249149005033427	23.713463019385944	23.76396468789411	26.27342328768652	0.0
153.0	26.291838260733698	23.830649211504337	23.58288411959688	26.29462840816509	0.0
154.0	26.31053224852401	23.72713474179976	23.64873159897769	26.31360141069854	0.0
155.0	26.347641209361505	23.652358790638498	23.884220042187028	26.115779957812972	0.0
156.0	26.19334605640562	23.709835827725136	23.791866162208013	26.30495195366123	0.0
157.0	26.352384459994866	23.681376323924958	23.698396223256438	26.26784299282374	0.0
158.0	26.407350364393256	23.673563911117064	23.664635439336614	26.25445028515307	0.0
159.0	26.2460798428589	23.73159897768998	23.772893159674556	26.249428019776566	0.0
160.0	26.443064251515054	23.668262630997422	23.633664802848184	26.255008314639344	0.0
161.0	26.232408120445083	23.64901061372083	23.76842892378433	26.350152342049753	0.0
162.0	26.20701777881943	23.70090735594469	23.70397651811922	26.38809834711666	0.0
163.0	26.318623676075042	23.70062834120155	23.722949520652673	26.257798462070735	0.0
164.0	26.371915492014598	23.672726866887647	23.692815928393657	26.262541712704103	0.0
165.0	26.143402417383733	23.805537884621824	23.6001830336715	26.45087666432294	0.0
166.0	26.34513007667325	23.7781944397942	23.75447818662738	26.12219729690517	0.0
167.0	26.157911184026965	23.802747737190433	23.681934353411236	26.35740672537137	0.0
168.0	26.227106840325444	23.615528844544144	23.821441724980748	26.335922590149664	0.0
169.0	26.34373500295756	23.647057510518856	23.67719110277787	26.332016383745717	0.0
170.0	26.326230528204285	23.699857423068448	23.639311054873982	26.334600993853286	0.0
171.0	26.418584665864962	23.641264163525417	23.58601909024199	26.35413208036763	0.0
172.0	26.23582949919504	23.678652243424303	23.80644135233243	26.27907690504823	0.0
173.0	26.33774365098409	23.675649131422258	23.645515371007974	26.34109184658568	0.0
174.0	26.26436236404931	23.664209463116837	23.72308190244474	26.34834627038912	0.0
175.0	26.36146003649533	23.70159764733456	23.670626838019874	26.266315478150233	0.0
176.0	26.41447313352046	23.698528468033103	23.684019620426223	26.202978778020213	0.0
177.0	26.23506565253542	23.71554846234117	23.78223335807278	26.26715252705063	0.0
178.0	26.285288586559226	23.826596949793807	23.603383909688002	26.284730553958962	0.0
179.0	26.301750548267027	23.7331264892495	23.65723405561353	26.30788890686994	0.0
180.0	26.340533813985413	23.649421599209823	23.8879805358229	26.12206405098186	0.0
181.0	26.200467631319025	23.706619940736935	23.78251237437291	26.310400053571133	0.0
182.0	26.347788237788848	23.689878962729	23.697691419132706	26.264641380349442	0.0
183.0	26.413915100920192	23.68820486492821	23.657792088213796	26.240087945937802	0.0
184.0	26.24985351644243	23.738706815252147	23.780001227671722	26.231438440633703	0.0
185.0	26.435120339730243	23.673975033621463	23.631843572301495	26.259061054346795	0.0
186.0	26.208014553652642	23.65303377809028	23.769663893213693	26.369287775043386	0.0
187.0	26.218896310805306	23.697397864943444	23.68986434076083	26.39384148349042	0.0
188.0	26.314467795399505	23.69222870790969	23.721804930858603	26.271498565832207	0.0
189.0	26.363296465362335	23.690833603053605	23.682741994888335	26.263127936695724	0.0
190.0	26.138126541590868	23.808301431935625	23.586479759818747	26.467092266654763	0.0
191.0	26.34767129097423	23.781236397727653	23.749148986037792	26.12194332526033	0.0
192.0	26.165470596770053	23.79323429948995	23.69194968693847	26.34934541680153	0.0
193.0	26.2286025195664	23.61416872445207	23.82622525425857	26.33100350172296	0.0
194.0	26.332398610471685	23.65518492166464	23.683087096639184	26.329329371224485	0.0
195.0	26.337215466776787	23.690686786051103	23.64325295624369	26.328844790928418	0.0
196.0	26.423712450543256	23.66138942058182	23.576287549456744	26.33861057941818	0.0
197.0	26.235651266483256	23.691523853635942	23.808434292984813	26.264390586895985	0.0
198.0	26.33366165075769	23.678475863088842	23.649178415873077	26.338684070280387	0.0
199.0	26.272834569871623	23.65336376547533	23.729258104929503	26.344543559723544	0.0
200.0	26.36574933104162	23.70414600731599	23.67177930372524	26.258325357917144	0.0
201.0	26.422185763075067	23.698073617714684	23.689423871068552	26.1903167481417	0.0
202.0	26.242215228018484	23.70700238844617	23.799359360700016	26.25142302283533	0.0
203.0	26.305832719480343	23.834237371369895	23.588696176253933	26.271233732895823	0.0
204.0	26.32843367039443	23.722906761311634	23.65370878814259	26.294950780151343	0.0
205.0	26.34937553712736	23.644206837282496	23.882217038516913	26.124200587073226	0.0
206.0	26.194794468564798	23.704197685190355	23.786789736263493	26.314218109981365	0.0
207.0	26.350491645925644	23.691083406810495	23.708104065984354	26.25032088127951	0.0
208.0	26.428134949091348	23.68054644839238	23.6696643572451	26.221654245271175	0.0
209.0	26.255137602647416	23.749745386969952	23.77569498893654	26.219422021446093	0.0
210.0	26.42422855739745	23.68054644839238	23.652085594622573	26.243139399587594	0.0
211.0	26.208407159897874	23.661425561895726	23.774153494147356	26.35601378405904	0.0
212.0	26.197245978486823	23.711650878245464	23.713604084992397	26.377499058275315	0.0
213.0	26.316185990446	23.711717040939327	23.732365284164473	26.239731684450195	0.0
214.0	26.362225992231796	23.691347828028036	23.69748649493281	26.24893968480736	0.0
215.0	26.131467922675117	23.804355105138622	23.598988794142596	26.465188178043665	0.0
216.0	26.3203714451538	23.801843832313942	23.7686392249654	26.109145497566853	0.0
217.0	26.14151301397384	23.807145408277155	23.697207464618955	26.35413411313005	0.0
218.0	26.210506636754534	23.622772285515776	23.833161729211486	26.333559348518204	0.0
219.0	26.324630353560295	23.654860861145757	23.692251027532	26.328257757761946	0.0
220.0	26.34758442109258	23.679202638525375	23.63176722045192	26.341445719930128	0.0
221.0	26.424876249365205	23.645997845873957	23.587680184830713	26.341445719930128	0.0
222.0	26.228437812166906	23.68394618033272	23.818160510293485	26.269455497206888	0.0
223.0	26.330636947829266	23.6764783847358	23.65889932781035	26.33398533962459	0.0
224.0	26.263669111922788	23.662247719605674	23.726983294315268	26.347099874156278	0.0
225.0	26.355470853644587	23.7197284454254	23.67703645003502	26.247764250894996	0.0
226.0	26.41066136872241	23.710439814944	23.68393149133038	26.19496732500321	0.0
227.0	26.22398696348548	23.720485074418633	23.798056800361632	26.25747116173426	0.0
228.0	26.29569895473495	23.838795908230974	23.60663880037279	26.258866336661292	0.0
229.0	26.316905613625835	23.717136654593755	23.66021351757083	26.305744214209575	0.0
230.0	26.340065517414573	23.65658606276055	23.87702370123166	26.126324718593217	0.0
231.0	26.19664153491565	23.71183498987103	23.78522119103293	26.30630228418039	0.0
232.0	26.36573673607197	23.690907365965543	23.69732517062989	26.24603072733259	0.0
233.0	26.416315779193418	23.690973472069913	23.660837609556417	26.23187313918025	0.0
234.0	26.243871677032843	23.748454839456773	23.78500852454259	26.22266495896779	0.0
235.0	26.43026756739411	23.66948771824085	23.65944243073635	26.240802283628696	0.0
236.0	26.206906173700734	23.669898848971048	23.776491105685384	26.346703871642834	0.0
237.0	26.21668605997695	23.71341431086779	23.696113803851315	26.373785825303948	0.0
238.0	26.30940089851271	23.71264335742389	23.719340346569187	26.25861539749421	0.0
239.0	26.366046265033344	23.69813321427575	23.69673800820381	26.239082512487094	0.0
240.0	26.120612915198144	23.805298127823683	23.62140124402475	26.452687712953427	0.0
241.0	26.31075167994999	23.79445449065702	23.784408278079162	26.11038555131382	0.0
242.0	26.135332974261228	23.79336423586014	23.724991697620357	26.346311092258272	0.0
243.0	26.19690166080135	23.608440476555938	23.85793743598617	26.336720426656544	0.0
244.0	26.31041325358705	23.655955992553785	23.705913709904745	26.32771704395442	0.0
245.0	26.33944022060712	23.688749706936395	23.640184881267373	26.33162519118911	0.0
246.0	26.42225137466157	23.657297568872636	23.600636391548274	26.31981466491752	0.0
247.0	26.226776383368318	23.707069804832297	23.829607878165334	26.236545933634048	0.0
248.0	26.317464305154292	23.68351267986992	23.676813353989587	26.322209660986196	0.0
249.0	26.225069435721366	23.67262627531438	23.759996650337058	26.342307638627194	0.0
