# Position (bp)	A	C	G	T	N
0.0	26.130206675064716	23.651767051038913	23.828402940240036	26.38962333365634	0.0
1.0	26.229598970085412	23.764725425324272	23.77303118813937	26.232644416450945	0.0
2.0	26.176785699454896	23.851036911330308	23.773244337891075	26.19893305132372	0.0
3.0	26.297445664661474	23.79903053187867	23.663105675347218	26.240418128112637	0.0
4.0	26.135303545773393	23.794246042181666	23.683518479046192	26.386931932998753	0.0
5.0	26.145098918498466	23.844520659807284	23.70473098099137	26.305649440702876	0.0
6.0	26.287949245997478	23.764365907128145	23.669146792444472	26.2785380544299	0.0
7.0	26.385482808443268	23.66544693618835	23.732430622062545	26.21663963330584	0.0
8.0	26.174370329366177	23.72432881262109	23.79822861887628	26.303072239136448	0.0
9.0	26.290283297722766	23.72355500448361	23.766730507367512	26.219431190426107	0.0
10.0	26.265653756209613	23.816126309380493	23.68743686606612	26.230783068343783	0.0
11.0	26.24019261903773	23.724244814368937	23.714005009201987	26.32155755739134	0.0
12.0	26.143052845697206	23.80976102508752	23.83245464734941	26.21473148186586	0.0
13.0	26.164639461995105	23.94232498927588	23.80394924377655	26.08908630495247	0.0
14.0	26.36860531086111	23.73752888593687	23.671385279588193	26.22248052361382	0.0
15.0	26.260948980862636	23.61188370902348	23.760222508198765	26.36694480191512	0.0
16.0	26.331243859576293	23.730610098661906	23.696016162287073	26.242129879474724	0.0
17.0	26.18124455145502	23.803395740794553	23.708469979382013	26.30688972836841	0.0
18.0	26.239639116055734	23.756071235833783	23.76271327161775	26.241576376492727	0.0
19.0	26.307996734332406	23.702934949562042	23.750812957504806	26.238255358600743	0.0
20.0	26.253753442096667	23.846845724881344	23.734761371026885	26.164639461995105	0.0
21.0	26.347018694563218	23.608009188149502	23.793155935627603	26.251816181659677	0.0
22.0	26.226078292996803	23.74859894557682	23.86621832925125	26.159104432175127	0.0
23.0	26.380505624974056	23.72728908076992	23.635684337249366	26.256520957006657	0.0
24.0	26.17543277014405	23.805886504213543	23.831347641385417	26.18733308425699	0.0
25.0	26.10541464292139	23.666403752750217	23.836052416732397	26.392129187595998	0.0
26.0	26.22026651168583	23.772122822311704	23.778764858095673	26.228845807906794	0.0
27.0	26.170174491815075	23.846845724881344	23.794262941591597	26.188716841711983	0.0
28.0	26.268698022610597	23.8144658004345	23.662252480385238	26.254583696569668	0.0
29.0	26.12617100474629	23.80644000719554	23.6907578839581	26.376631104100074	0.0
30.0	26.14630150330994	23.833772444483806	23.707574113844178	26.312351938362077	0.0
31.0	26.270839329599045	23.77510129076538	23.671043018132707	26.283016361502863	0.0
32.0	26.391779396462017	23.662186994929925	23.723072154449046	26.222961454159012	0.0
33.0	26.177020833794586	23.716153386321874	23.810802134301593	26.29602364558195	0.0
34.0	26.283016361502863	23.73607943852813	23.76790577191312	26.212998428055883	0.0
35.0	26.272150374857823	23.810182737998044	23.688136005999937	26.229530881144196	0.0
36.0	26.246966128572495	23.718578501509672	23.71442725212198	26.32002811779585	0.0
37.0	26.13764989469664	23.802710489100203	23.838411233834343	26.221228382368817	0.0
38.0	26.16587839053294	23.93887146901646	23.80741523840625	26.087834902044353	0.0
39.0	26.380636358856137	23.729648499876845	23.677066007632764	26.21264913363425	0.0
40.0	26.253054627674445	23.599852769021716	23.771160993753753	26.375931609550086	0.0
41.0	26.334142365714	23.733799749264538	23.704187503632344	26.227870381389117	0.0
42.0	26.177225138859296	23.79911273963087	23.71055275269347	26.313109368816367	0.0
43.0	26.246412628654138	23.751511746652017	23.761474745182475	26.240600879511373	0.0
44.0	26.3086813694695	23.700589754163012	23.746530247386787	26.2441986289807	0.0
45.0	26.266061875755874	23.84090198346696	23.73186249955028	26.16117364122689	0.0
46.0	26.3421681145302	23.60704826796038	23.792470740610565	26.25831287689885	0.0
47.0	26.21458638334851	23.75898399554986	23.863595480119667	26.162834140981968	0.0
48.0	26.39225985714167	23.718855251468852	23.63278601416406	26.256098877225416	0.0
49.0	26.17362738938996	23.80326398901856	23.83592048420173	26.18718813738975	0.0
50.0	26.097521150615634	23.667103009102306	23.847543982487263	26.3878318577948	0.0
51.0	26.229530881144196	23.772544743549652	23.780293742406673	26.21763063289948	0.0
52.0	26.17390413934914	23.847267232528083	23.78084724232503	26.197981385797746	0.0
53.0	26.2804528736332	23.801326739304308	23.673745008122612	26.24447537893988	0.0
54.0	26.13349864530895	23.805754738651174	23.683984756612247	26.376761859427628	0.0
55.0	26.151138269431947	23.843049997509258	23.709103387963623	26.296708345095176	0.0
56.0	26.269310174960843	23.77275570241713	23.68004472266963	26.277889399952397	0.0
57.0	26.393847311935087	23.668698005745313	23.719066358921566	26.218388323398038	0.0
58.0	26.167189722641957	23.714915121022422	23.815928576568197	26.301966579767424	0.0
59.0	26.273738162053256	23.743697037123138	23.77275570241713	26.209809098406478	0.0
60.0	26.279200418443622	23.80894395567597	23.685237408638425	26.22661821724198	0.0
61.0	26.250972078851163	23.719000716778428	23.7217682010522	26.308259003318213	0.0
62.0	26.140272707900337	23.79953450914515	23.842707263815974	26.21748551913854	0.0
63.0	26.16185908523575	23.944273936663354	23.813095182086627	26.080771796014268	0.0
64.0	26.377999607017234	23.73477537713892	23.678595446381376	26.20862956946247	0.0
65.0	26.249865085141654	23.608578094254977	23.779608622374006	26.361948198229364	0.0
66.0	26.334550103919035	23.743908075242363	23.697691087870393	26.223850732968213	0.0
67.0	26.168224299065418	23.800088005999907	23.71401924508564	26.317668449849034	0.0
68.0	26.249865085141654	23.74778255322564	23.756085006046952	26.24626735558575	0.0
69.0	26.322373173114443	23.69824458472515	23.75165703120892	26.22772521095149	0.0
70.0	26.259828028527227	23.848518980790892	23.72619617589023	26.16545681479165	0.0
71.0	26.342852556740347	23.6047036162717	23.782099358220396	26.270344468767554	0.0
72.0	26.218039015993295	23.748336050080397	23.87231934554532	26.161305588380994	0.0
73.0	26.39488126108723	23.714572741940394	23.642618150822358	26.247927846150017	0.0
74.0	26.178740739305752	23.80534622612007	23.828039597164988	26.18787343740919	0.0
75.0	26.102081424922304	23.656178823763835	23.850179471355155	26.39156027995871	0.0
76.0	26.219976254984935	23.772689911689575	23.787080829913183	26.22025300341231	0.0
77.0	26.183998959425914	23.850456219782533	23.785143590921546	26.18040122987001	0.0
78.0	26.282244651144772	23.79593677958925	23.67748845267187	26.24433011659411	0.0
79.0	26.133630745643288	23.809774200958103	23.687174647630066	26.369420405768544	0.0
80.0	26.153761000719545	23.847622737587866	23.70814191620081	26.29047434549178	0.0
81.0	26.266950794265785	23.771517130680245	23.68517186029778	26.276360214756185	0.0
82.0	26.390103503625394	23.66718326230143	23.72806774782753	26.21464548624564	0.0
83.0	26.171749598715895	23.710355897492665	23.814966513532962	26.302927990258485	0.0
84.0	26.282725410970276	23.73055847678087	23.76957989704987	26.217136215198984	0.0
85.0	26.28514339640395	23.80742844017147	23.6864900467979	26.220938116626673	0.0
86.0	26.251657022037357	23.73159979077935	23.719976421164496	26.296766766018802	0.0
87.0	26.140958263800673	23.798019045721354	23.838977586268925	26.22204510420904	0.0
88.0	26.159223558909726	23.93251803697892	23.82375650701138	26.084501897099972	0.0
89.0	26.375086137471254	23.739625450751507	23.686766793693494	26.19852161808375	0.0
90.0	26.251657022037357	23.609000916032226	23.781967725777037	26.357374336153384	0.0
91.0	26.33052988728099	23.736581234899997	23.7064158232805	26.226473054538513	0.0
92.0	26.17610511954082	23.796358564347805	23.723297383911596	26.30423893219978	0.0
93.0	26.247782565499072	23.74516038866334	23.76176520239884	26.245291843438746	0.0
94.0	26.31586230181463	23.696176188143607	23.755676770695825	26.232284739345936	0.0
95.0	26.26383388544339	23.84617300555431	23.72910906871902	26.16088404028328	0.0
96.0	26.347964941703268	23.602082243642432	23.79386784228748	26.25608497236682	0.0
97.0	26.22924052349443	23.761488455503248	23.85918010964712	26.1500909113552	0.0
98.0	26.39418167326708	23.71720895220858	23.638612833860538	26.249996540663805	0.0
99.0	26.168632953359843	23.80521446500674	23.837040357999783	26.189112223633632	0.0
100.0	26.096402013610415	23.64885246899743	23.85862661585594	26.39611890153622	0.0
101.0	26.21983112904431	23.7731118251181	23.79248410780952	26.21457293802807	0.0
102.0	26.173337650584905	23.85115444967496	23.792207360913928	26.183300538826202	0.0
103.0	26.28375966192599	23.795251576765438	23.680678361990473	26.240310399318094	0.0
104.0	26.137360554157986	23.80410747742437	23.690364503336184	26.36816746508146	0.0
105.0	26.153339495547158	23.84084883572903	23.710224662508097	26.29558700621572	0.0
106.0	26.27676826939575	23.767787857486812	23.683380287926674	26.272063585190764	0.0
107.0	26.394108628390832	23.665391789495825	23.730703876106293	26.20979570600705	0.0
108.0	26.169667517199773	23.709671170248683	23.821476606649654	26.29918470590189	0.0
109.0	26.283133430378975	23.734855068051875	23.771939049432394	26.210072452136757	0.0
110.0	26.284167674481036	23.8053594507158	23.68580545354414	26.224667421259024	0.0
111.0	26.24846752254783	23.717354425019995	23.719845133294402	26.314332919137772	0.0
112.0	26.14275079356733	23.803422233169037	23.83773865828313	26.216088314980503	0.0
113.0	26.160185751488196	23.932662318074517	23.827775825185487	26.079376105251797	0.0
114.0	26.36912850117478	23.730361457119688	23.687189180363255	26.21332086134227	0.0
115.0	26.242655869907537	23.60610278876303	23.790415201069344	26.360826140260084	0.0
116.0	26.335919057515987	23.729807966392045	23.70683810119471	26.22743487489726	0.0
117.0	26.17125556604113	23.800654779530806	23.72371956838793	26.304370086040134	0.0
118.0	26.244593087454305	23.74447547067468	23.762740664687016	26.248190777184004	0.0
119.0	26.31571664595689	23.69410781445884	23.75637552131908	26.233800018265196	0.0
120.0	26.26700946192399	23.834971204644894	23.74032429021733	26.157695043213792	0.0
121.0	26.34809585352421	23.598077173212157	23.802591997077567	26.251234976186062	0.0
122.0	26.230755819263134	23.760526701776428	23.85323639865723	26.1554810803032	0.0
123.0	26.401230963378286	23.70600786510324	23.637098269511238	26.25566290200723	0.0
124.0	26.166827640219957	23.80286874244139	23.840229366557537	26.190074250781116	0.0
125.0	26.102622715812952	23.646784357245053	23.84880847283606	26.401784454105933	0.0
126.0	26.22217671298462	23.772980243148474	23.787094256703465	26.21774878716344	0.0
127.0	26.180941653774948	23.85821781520605	23.787094256703465	26.17374627431554	0.0
128.0	26.286935128119264	23.794012890799046	23.68248450917826	26.236567471903427	0.0
129.0	26.118950692278524	23.8172595013602	23.691340360820607	26.372449445540664	0.0
130.0	26.14891155747187	23.837804628302273	23.711885139286327	26.30139867493953	0.0
131.0	26.275661284876932	23.765850634578875	23.688084972131666	26.270403108412527	0.0
132.0	26.381101560294677	23.66981972757111	23.72959689158747	26.21948182054674	0.0
133.0	26.166069817513605	23.707457201211042	23.823413829557595	26.30305915171776	0.0
134.0	26.28036596908192	23.73319459127364	23.766404126838285	26.22003531280615	0.0
135.0	26.289294599837827	23.80715169327588	23.686766793693494	26.216786913192802	0.0
136.0	26.258852441322738	23.71388798946148	23.719146180477722	26.308113388738064	0.0
137.0	26.144002479652183	23.80383073052878	23.840084573851293	26.21208221596774	0.0
138.0	26.16088404028328	23.931687796292145	23.834272889043866	26.07315527438071	0.0
139.0	26.367613971290275	23.73021605630139	23.691194744022958	26.210975228385376	0.0
140.0	26.242873747716832	23.608512758067192	23.79033597166104	26.358277522554936	0.0
141.0	26.330326008745224	23.732218962749766	23.704267448940055	26.233187579564955	0.0
142.0	26.163723916532906	23.79171970996845	23.7269607571816	26.317595616317043	0.0
143.0	26.252559915868712	23.738584158963857	23.759063485913543	26.249792439253888	0.0
144.0	26.315381635025187	23.697072009741518	23.761277467205403	26.2262688880279	0.0
145.0	26.276360214756185	23.826589915315218	23.72447002822826	26.17257984170034	0.0
146.0	26.34084241988155	23.600210328222726	23.810538550949246	26.24840870094648	0.0
147.0	26.23235733658051	23.754082028006863	23.858692644047157	26.15486799136547	0.0
148.0	26.396468699839488	23.716167598383795	23.640061991476173	26.247301710300547	0.0
149.0	26.161727141145246	23.809629238079687	23.8483742323648	26.180269388410267	0.0
150.0	26.10499339951347	23.640535013021086	23.850034732119877	26.404436855345566	0.0
151.0	26.21818413281784	23.779186742569955	23.789426491059594	26.213202633552612	0.0
152.0	26.187464887348927	23.854739481425927	23.780293742406673	26.177501888818473	0.0
153.0	26.29401362163299	23.79440799032482	23.683984756612247	26.22759363142994	0.0
154.0	26.12519614653357	23.811843237753124	23.69367100518353	26.369289610529783	0.0
155.0	26.144917749684502	23.83515619810924	23.719474395022917	26.300451657183345	0.0
156.0	26.277204596276043	23.760710253060864	23.69152257178914	26.270562578873957	0.0
157.0	26.38181637035889	23.671319768857792	23.724179157349393	26.222684703433924	0.0
158.0	26.16512055261585	23.712832377620828	23.82159541257998	26.300451657183345	0.0
159.0	26.289381628179864	23.731928177651827	23.760710253060864	26.217979941107444	0.0
160.0	26.28198209417853	23.80035147439357	23.69324864737709	26.224417784050814	0.0
161.0	26.259565223407645	23.70570246447203	23.72728908076992	26.30744323135041	0.0
162.0	26.13613405842224	23.801181728866563	23.848782985318334	26.21390122739286	0.0
163.0	26.160488189630122	23.934299196036918	23.82664286603844	26.078569748294516	0.0
164.0	26.361963275077144	23.72728908076992	23.696292913778073	26.214454730374857	0.0
165.0	26.248567807070465	23.60779777159083	23.7904542611545	26.35318016018421	0.0
166.0	26.33436100671401	23.72929201237636	23.718498674356688	26.217848306552938	0.0
167.0	26.16969341384979	23.79100776566833	23.7243104717519	26.314988348729983	0.0
168.0	26.24967481609812	23.733720048486994	23.7677605760875	26.248844559327384	0.0
169.0	26.31775587129913	23.691930457692884	23.75973476063697	26.230578910371015	0.0
170.0	26.273198757935873	23.831690347434783	23.73399680074391	26.161114093885434	0.0
171.0	26.338512290567728	23.604476744507853	23.80235460820183	26.254656356722588	0.0
172.0	26.23251617616942	23.756413733553998	23.859642325383163	26.15142776489342	0.0
173.0	26.401888557401186	23.706875079566274	23.64017778564984	26.251058577382697	0.0
174.0	26.171571218633332	23.79009827554237	23.8451724319253	26.193158073899003	0.0
175.0	26.10431986184413	23.63816002501861	23.84793997747218	26.409580135665085	0.0
176.0	26.223601074914693	23.777921075136092	23.78400967533923	26.214468174609983	0.0
177.0	26.189283510133365	23.852921559456565	23.782072393456417	26.17572253695365	0.0
178.0	26.30164585933673	23.795356612081445	23.67856619000307	26.224431338578754	0.0
179.0	26.130888299094185	23.815559694573672	23.6871455811984	26.366406425133743	0.0
180.0	26.15171726676445	23.827249328868348	23.720698530429246	26.300334873937953	0.0
181.0	26.284283065341928	23.751418371018183	23.696067306893976	26.26823125674591	0.0
182.0	26.38834306589544	23.665070710984416	23.73232225389533	26.21426396922481	0.0
183.0	26.160296681703706	23.704646721833228	23.826972573547728	26.30808402291534	0.0
184.0	26.29037168239559	23.724019594276697	23.763318849804886	26.22228987352282	0.0
185.0	26.29570280824401	23.797148858796277	23.69281181416382	26.21433651879589	0.0
186.0	26.25529641960651	23.70443556979927	23.72657605672393	26.313691953870293	0.0
187.0	26.132139961088097	23.79216724923823	23.855544393060065	26.220148396613613	0.0
188.0	26.172269593639037	23.929161512084555	23.82122663832684	26.077342255949564	0.0
189.0	26.37540856117278	23.719380398473415	23.690874521557916	26.21433651879589	0.0
190.0	26.243468538281007	23.602931408581675	23.79998228756144	26.353617765575876	0.0
191.0	26.322067484390914	23.729686047026526	23.723320639419033	26.22492582916353	0.0
192.0	26.1656998627286	23.78282336270646	23.736328211486516	26.315148563078424	0.0
193.0	26.247066377363502	23.73549794092902	23.764557410441483	26.252878271265995	0.0
194.0	26.315425319930924	23.695368197316565	23.764280653588983	26.22492582916353	0.0
195.0	26.277786387990965	23.836514192091396	23.728302262764025	26.15739715715361	0.0
196.0	26.335905327015897	23.605975733959173	23.812436345923928	26.245682593101005	0.0
197.0	26.233782048443523	23.756254704866492	23.86778771642386	26.142175530266133	0.0
198.0	26.397622105123325	23.70920603994155	23.639463313111634	26.253708541823496	0.0
199.0	26.172559330242855	23.79381443298969	23.841417006849788	26.192209229917662	0.0
200.0	26.107244170760396	23.642427177748566	23.846952189856776	26.403376461634267	0.0
201.0	26.238428008026016	23.763370926451255	23.791600359786898	26.206600705735834	0.0
202.0	26.188334601812773	23.849166263059573	23.791600359786898	26.170898775340763	0.0
203.0	26.28713761848751	23.80322424410157	23.67646855324154	26.233169584169374	0.0
204.0	26.129661661938698	23.814848128416248	23.69252058396181	26.362969625683245	0.0
205.0	26.171524725730922	23.82432387552446	23.711405829670877	26.292745569073737	0.0
206.0	26.29662020790205	23.749321938205046	23.689541796282562	26.264516057610344	0.0
207.0	26.387950980283627	23.67210592155517	23.731886063477656	26.208057034683552	0.0
208.0	26.174015564977694	23.696737554106566	23.823216835859228	26.306030045056517	0.0
209.0	26.289016445165252	23.724268104350134	23.766612605930444	26.220102844554166	0.0
210.0	26.289657004790808	23.797939205739006	23.685572502816086	26.2268312866541	0.0
211.0	26.264471364480496	23.69636634866336	23.72348934592062	26.31567294093552	0.0
212.0	26.140480519875897	23.794341257123246	23.852461965531653	26.212716257469204	0.0
213.0	26.17646000603348	23.9163947447809	23.827276325221344	26.079868923964277	0.0
214.0	26.3790521896285	23.722105519529944	23.686402798650494	26.21243949219107	0.0
215.0	26.252366349677292	23.591260835390628	23.797174772221545	26.359198042710535	0.0
216.0	26.323495223018078	23.724938834704247	23.723831770527738	26.22773417174994	0.0
217.0	26.16601534390949	23.791362685294867	23.737670072734115	26.30495189806153	0.0
218.0	26.252919881765546	23.73158121976331	23.77171229616181	26.24378660230934	0.0
219.0	26.32238815884157	23.690896611276553	23.763132548793852	26.22358268108802	0.0
220.0	26.28281061453133	23.836475550487663	23.727706495145522	26.153007339835487	0.0
221.0	26.347573868857175	23.60094764693509	23.804370689368863	26.247107794838865	0.0
222.0	26.240465409779805	23.751785140984623	23.866089517209314	26.14165993202626	0.0
223.0	26.40652503625635	23.70418138139468	23.643292851686613	26.246000730662356	0.0
224.0	26.17425888357186	23.793220836227867	23.83667346594227	26.195846814258	0.0
225.0	26.11170923825049	23.638784101319356	23.845530052890428	26.403976607539725	0.0
226.0	26.24953987263121	23.764990465330612	23.78547132264823	26.199998339389946	0.0
227.0	26.188927605704748	23.84829773631173	23.78436424927971	26.17841040870381	0.0
228.0	26.284135915397457	23.80235419151816	23.682513499375887	26.2309963937085	0.0
229.0	26.13800223075284	23.812871388519095	23.695521611455995	26.35360476927207	0.0
230.0	26.159939332211497	23.825115135948984	23.715237800017714	26.299707731821805	0.0
231.0	26.296940040740413	23.74928040031884	23.692819502258438	26.260960056682315	0.0
232.0	26.397130457886814	23.674552741121246	23.720496413072357	26.207820387919583	0.0
233.0	26.18291116818705	23.69531042423169	23.809616065893188	26.312162341688072	0.0
234.0	26.284762199982286	23.71717518377469	23.776957311132758	26.221105305110264	0.0
235.0	26.29854224500359	23.7904397620873	23.69578394116947	26.215234051739642	0.0
236.0	26.26449936204191	23.693292998513737	23.72678233866303	26.315425300781325	0.0
237.0	26.13081877285094	23.790162990681107	23.866828670196423	26.212189566271533	0.0
238.0	26.17012031253027	23.922736494247307	23.829187758954244	26.077955434268173	0.0
239.0	26.375761467331287	23.726505567256837	23.69135559867039	26.206377366741485	0.0
240.0	26.24918695249035	23.595399880983685	23.795790143788317	26.35962302273765	0.0
241.0	26.324719611164625	23.72371873650646	23.726763432645786	26.22479821968313	0.0
242.0	26.15046489161756	23.792375168504183	23.740612898493357	26.3165470413849	0.0
243.0	26.25502077514402	23.733491303782156	23.768923927817102	26.24256399325673	0.0
244.0	26.319227979647543	23.693229319499274	23.75883776167249	26.228704939180698	0.0
245.0	26.288003366388164	23.81941099280767	23.729991307188456	26.16259433361571	0.0
246.0	26.338301901418586	23.594976799813956	23.792372177495267	26.274349121272188	0.0
247.0	26.24422738296953	23.73168543805442	23.87150182176595	26.152585357210096	0.0
248.0	26.40759763542979	23.706062326083646	23.63296554206526	26.253374496421305	0.0
249.0	26.175102447668625	23.782257171336806	23.829327721785358	26.213312659209215	0.0
