# Position (bp)	A	C	G	T	N
0.0	25.785357263097918	24.26028798591148	24.271618366871262	25.682736384119337	0.0
1.0	25.727086732447624	24.39819490845052	24.175471991298267	25.699246367803593	0.0
2.0	25.685067867444022	24.273658108646178	24.32124463033042	25.72002939357938	0.0
3.0	25.760484275609798	24.367220756518783	24.157778029555054	25.71451693831637	0.0
4.0	25.663418897484867	24.365066519923605	24.22814229760787	25.74337228498365	0.0
5.0	25.777256998954485	24.270163365583496	24.186004356847143	25.766575278614873	0.0
6.0	25.69468944913595	24.313564286893392	24.277959935394286	25.713786328576376	0.0
7.0	25.63099191475864	24.469992685089885	24.145029421474764	25.753985978676713	0.0
8.0	25.742064737886327	24.3063219934686	24.25065297813049	25.700960290514587	0.0
9.0	25.661050301315953	24.285871485995767	24.31888354510677	25.734194667581512	0.0
10.0	25.738623307776702	24.311378795871672	24.299404182052967	25.650593714298658	0.0
11.0	25.750921559806724	24.233381986944437	24.368339121063347	25.647357332185493	0.0
12.0	25.752539750863306	24.231440157676538	24.217200076378617	25.798820015081542	0.0
13.0	25.73344509639564	24.174156194273547	24.338240767410927	25.754157941919885	0.0
14.0	25.677455685837913	24.274807677992925	24.201665442235434	25.846071193933724	0.0
15.0	25.608520746827534	24.26218578775159	24.34859719017305	25.780696275247827	0.0
16.0	25.735063287452224	24.219465543857833	24.427241275522917	25.618229893167026	0.0
17.0	25.734416011029595	24.201341804024118	24.240502027593394	25.823740157352898	0.0
18.0	25.6434736736497	24.334357108875132	24.273189486936346	25.748979730538824	0.0
19.0	25.8674313158806	24.217523714589934	24.289047759290845	25.625997210238616	0.0
20.0	25.65156462893261	24.326266153592222	24.24276749507261	25.77940172240256	0.0
21.0	25.70269946632059	24.318822474731945	24.179658043865924	25.798820015081542	0.0
22.0	25.753834303708572	24.35474631618806	24.170596173949065	25.720823206154304	0.0
23.0	25.707794477455437	24.31097647805093	24.2384817533367	25.742747291156938	0.0
24.0	25.73756909653449	24.20288166530739	24.23977630199231	25.81977293616581	0.0
25.0	25.830129325410695	24.253369062876228	24.24883814258159	25.667663469131487	0.0
26.0	25.74501275130426	24.390591220371018	24.17181249757272	25.692583530752007	0.0
27.0	25.735950910714976	24.23751084184499	24.310652840887027	25.715885406553006	0.0
28.0	25.776405556202832	24.33201289370461	24.16016155967222	25.73141999042034	0.0
29.0	25.698325830369367	24.35555958302723	24.22578150031231	25.7203330862911	0.0
30.0	25.807067565512043	24.27821055118467	24.14260701837282	25.77211486493047	0.0
31.0	25.716125816776646	24.308308710018803	24.244876031185576	25.73068944201897	0.0
32.0	25.675024029981653	24.43905770108321	24.15490519079967	25.73101307813547	0.0
33.0	25.766936687066526	24.271737828854747	24.2264287725453	25.734896711533423	0.0
34.0	25.676965846680627	24.26947237603928	24.318988701863173	25.73457307541692	0.0
35.0	25.764347598134563	24.292126904194	24.29050872361152	25.653016774059918	0.0
36.0	25.792827576386212	24.201508791575105	24.337112324386954	25.668551307651725	0.0
37.0	25.763700325901567	24.227076044778293	24.231283314292742	25.777940315027397	0.0
38.0	25.73004216978598	24.151668829634712	24.345203227299354	25.773085773279952	0.0
39.0	25.682144024544563	24.253937842447463	24.202156063808097	25.861762069199873	0.0
40.0	25.591849548042163	24.255879659146444	24.357501399726203	25.794769393085193	0.0
41.0	25.744929431144797	24.22901786147727	24.416079536811992	25.60997317056594	0.0
42.0	25.74169306997984	24.199243338759633	24.252966934097977	25.806096657162552	0.0
43.0	25.660784040855823	24.332581418756007	24.255879659146444	25.75075488124173	0.0
44.0	25.867263883180307	24.21607241681743	24.29536326535896	25.621300434643306	0.0
45.0	25.644602235031023	24.31866506574668	24.228694225360773	25.80803847386153	0.0
46.0	25.71030036667972	24.301835987688882	24.19179970808022	25.79606393755117	0.0
47.0	25.73975125328086	24.333875963221992	24.190181527497742	25.7361912559994	0.0
48.0	25.71733713065148	24.316320916534515	24.217288585391113	25.749053367422892	0.0
49.0	25.72704618272436	24.209844978801904	24.22505582704942	25.838053011424318	0.0
50.0	25.835463930871548	24.226997637463995	24.261950224926373	25.67558820673808	0.0
51.0	25.7568206090812	24.362277096346162	24.178452377099582	25.702449917473057	0.0
52.0	25.7399915854882	24.23573578432959	24.322146347778244	25.70212628240396	0.0
53.0	25.791773196543577	24.31988090229457	24.154179746917375	25.734166154244477	0.0
54.0	25.702043101579008	24.3492528908609	24.213650235767386	25.735053771792703	0.0
55.0	25.808842328740965	24.26996255554369	24.1485997974051	25.772595318310245	0.0
56.0	25.704955807774336	24.307827736082928	24.257017194675573	25.730199261467163	0.0
57.0	25.691363178862815	24.44213585508963	24.141479848927638	25.725021117119915	0.0
58.0	25.78133343689622	24.28096611228159	24.21106116359376	25.72663928722843	0.0
59.0	25.69071591081941	24.2599299008709	24.314300416516986	25.735053771792703	0.0
60.0	25.77388985439705	24.271580725652203	24.297471447388435	25.65705797256231	0.0
61.0	25.78133343689622	24.173843251097928	24.344722014557057	25.70010129744879	0.0
62.0	25.785217045156656	24.232421009026154	24.226919230657202	25.755442715159987	0.0
63.0	25.729228359402057	24.14924706544851	24.341809308361732	25.779715266787704	0.0
64.0	25.682625060276838	24.238246421416804	24.21462113783249	25.864507380473867	0.0
65.0	25.588123925939595	24.253780854458544	24.375467246618836	25.78262797298303	0.0
66.0	25.749940936791038	24.21073752957206	24.398121628138036	25.64119990549887	0.0
67.0	25.74249735429187	24.18419953979242	24.23339191109126	25.839911194824445	0.0
68.0	25.6784178179947	24.312034978365066	24.268344385435174	25.74120281820506	0.0
69.0	25.885543591884552	24.220446550223144	24.279347942173075	25.61466191571923	0.0
70.0	25.64055263745546	24.319478560864233	24.23015557087423	25.80981323080608	0.0
71.0	25.71401756038202	24.28776242673735	24.19552673055202	25.802693282328608	0.0
72.0	25.75220637494296	24.31883129282083	24.188730416096263	25.74023191613995	0.0
73.0	25.725261495443245	24.30062914250207	24.217455468102735	25.75665389395195	0.0
74.0	25.75535936205468	24.187033968516985	24.223928127589065	25.833678541839273	0.0
75.0	25.842092999171502	24.20774647887324	24.260498653686827	25.68966186826843	0.0
76.0	25.770570111847558	24.389304577464788	24.160496064623032	25.67962924606462	0.0
77.0	25.74694490472245	24.222309962717482	24.325225248550126	25.70551988400994	0.0
78.0	25.7773664043082	24.319399855012428	24.172794117647058	25.730439623032314	0.0
79.0	25.68084066629341	24.34391717611726	24.22028978002738	25.754952377561953	0.0
80.0	25.827769561122743	24.261714666675296	24.179512157233336	25.73100361496862	0.0
81.0	25.70964390779079	24.301845025615467	24.239384063716653	25.74912700287709	0.0
82.0	25.668219021142875	24.445861233102367	24.15523976271307	25.73067998304169	0.0
83.0	25.782784723278525	24.282750741926193	24.20896266258459	25.7255018722107	0.0
84.0	25.679869770512603	24.27789626302214	24.31996841352393	25.72226555294133	0.0
85.0	25.7869919383287	24.25750745162512	24.31058308764276	25.64491752240342	0.0
86.0	25.78569741062095	24.170450463279103	24.33970996106708	25.704142165032867	0.0
87.0	25.79540636842906	24.25006391730557	24.230322369762423	25.724207344502947	0.0
88.0	25.702847637325117	24.161065137397937	24.349742550802123	25.786344674474826	0.0
89.0	25.699287686128812	24.25200570886719	24.19051564274919	25.858190962254806	0.0
90.0	25.589576462897217	24.26236193052917	24.371749521833827	25.776312084739782	0.0
91.0	25.762395911881498	24.223202467369813	24.40346545067364	25.61093617007505	0.0
92.0	25.745243419753844	24.190839274676126	24.22546789085837	25.83844941471166	0.0
93.0	25.68990236024764	24.30378681717709	24.26462735401773	25.74168346855754	0.0
94.0	25.87340166282084	24.22449699507756	24.285663429268624	25.61643791283298	0.0
95.0	25.66433543801963	24.312524879204382	24.242944014912958	25.780195667863026	0.0
96.0	25.70867301200998	24.295048755149793	24.21834798846576	25.77793024437447	0.0
97.0	25.72032376137971	24.33647364179771	24.20087186441117	25.74233073241141	0.0
98.0	25.72347683126533	24.297235545026762	24.20629526786928	25.772992355838625	0.0
99.0	25.746778254593938	24.182993844540672	24.224418597124863	25.845809303740523	0.0
100.0	25.840954840547063	24.217298717774455	24.259047101238213	25.68269934044027	0.0
101.0	25.75227997954653	24.390764869220764	24.169724978478545	25.687230172754163	0.0
102.0	25.746130992834814	24.221505919208788	24.317624290439298	25.714738797517107	0.0
103.0	25.803090027638078	24.28655572600115	24.17813938134721	25.73221486501356	0.0
104.0	25.694590527354812	24.30816032621887	24.227576498001586	25.76967264842473	0.0
105.0	25.816275344261236	24.241492580786097	24.197802553439377	25.744429521513297	0.0
106.0	25.71530283661548	24.307836696386673	24.240521691289505	25.736338775708344	0.0
107.0	25.67290732859755	24.429197883460898	24.163497791226398	25.73439699671516	0.0
108.0	25.81368630560365	24.2563795530672	24.206864188740916	25.72306995258823	0.0
109.0	25.69200148869723	24.273208304341495	24.325636337157558	25.709153869803718	0.0
110.0	25.786501399699024	24.240521691289505	24.325636337157558	25.647340571853917	0.0
111.0	25.797181184161555	24.14861081894529	24.35217398339779	25.70203401349536	0.0
112.0	25.779705173222865	24.23307820514895	24.24569976860467	25.741516853023512	0.0
113.0	25.684881632388873	24.18485736015146	24.34408323759284	25.786177769866825	0.0
114.0	25.72274632275603	24.208482337901906	24.20039159209696	25.8683797472451	0.0
115.0	25.595236168870045	24.250877845919838	24.38680237544297	25.76708360976715	0.0
116.0	25.744105891681095	24.213336785384875	24.438906778426837	25.603650544507197	0.0
117.0	25.77808702406188	24.178061133675303	24.22692923833719	25.81692260392563	0.0
118.0	25.66287480379941	24.321752779171184	24.28582986779721	25.729542549232185	0.0
119.0	25.83148594637454	24.256055923235003	24.284535348468424	25.627922781922035	0.0
120.0	25.65963850547743	24.292302464441175	24.246347028269067	25.801712001812326	0.0
121.0	25.697179566012395	24.313338403534036	24.21139500639169	25.77808702406188	0.0
122.0	25.722422692923836	24.34570138675383	24.226281978672795	25.70559394164954	0.0
123.0	25.75810533537868	24.27166870554121	24.220535026570094	25.749690932510017	0.0
124.0	25.739658375243536	24.190437354770644	24.25257448364693	25.817329786338895	0.0
125.0	25.824126034809737	24.21924050305184	24.26066525563603	25.69596820650239	0.0
126.0	25.742571053159608	24.378790526676895	24.18525926069762	25.693379159465877	0.0
127.0	25.7354511738092	24.22797853680007	24.332511310899243	25.70405897849149	0.0
128.0	25.799530087962875	24.297882806785893	24.17263765639462	25.72994944885661	0.0
129.0	25.695080471078636	24.296990546711413	24.23355868903179	25.774370293178162	0.0
130.0	25.820649658730133	24.21931888424657	24.227733314346928	25.73229814267637	0.0
131.0	25.699934949982683	24.296019650930603	24.256536555844306	25.747508843242407	0.0
132.0	25.661099118750265	24.430650532536337	24.18501389999126	25.72323644872214	0.0
133.0	25.788933729890324	24.279514422656824	24.208315398730715	25.72323644872214	0.0
134.0	25.67404439582774	24.2652746178716	24.327735579770415	25.732945406530245	0.0
135.0	25.798642687698425	24.242944014912958	24.32514652435492	25.633266773033693	0.0
136.0	25.78763920218257	24.1458544368319	24.364953251368153	25.70155310961737	0.0
137.0	25.745243419753844	24.214788037269454	24.27692536724133	25.763043175735373	0.0
138.0	25.705760324667548	24.156210658493883	24.33938632914014	25.798642687698425	0.0
139.0	25.7255018722107	24.218671620392694	24.204431815607474	25.851394691789135	0.0
140.0	25.589900094824152	24.229027842054673	24.39634554828103	25.784726514840138	0.0
141.0	25.73100361496862	24.21899525231963	24.419647047020483	25.63035408569126	0.0
142.0	25.77372302932429	24.182101212648828	24.212522613780894	25.831653144245987	0.0
143.0	25.66433543801963	24.314143038839067	24.296019650930603	25.7255018722107	0.0
144.0	25.84880563637364	24.229998737835484	24.292459699734298	25.628735926056578	0.0
145.0	25.65721553562702	24.304434081030962	24.25103481308638	25.787315570255636	0.0
146.0	25.68990236024764	24.287605220830244	24.231940529397107	25.790551889525005	0.0
147.0	25.747185211315465	24.325793788208795	24.204431815607474	25.722589184868266	0.0
148.0	25.733352319801163	24.282182062966033	24.216484569179787	25.767981048053024	0.0
149.0	25.728821458160727	24.19415389395195	24.256615057995027	25.820409589892297	0.0
150.0	25.856656483015744	24.188004867439933	24.279592999171502	25.67574565037283	0.0
151.0	25.770570111847558	24.382508285004143	24.19641932477216	25.65050227837614	0.0
152.0	25.744679473902238	24.206128314001656	24.311309030654517	25.73788318144159	0.0
153.0	25.809406068765533	24.302247307373655	24.163085128417563	25.725261495443245	0.0
154.0	25.69880676136198	24.277406138042856	24.24342456576405	25.780362534831113	0.0
155.0	25.807547792654155	24.22206472033166	24.20297031305119	25.767417173962997	0.0
156.0	25.718548436685857	24.292616937062892	24.23533371522148	25.753500911029768	0.0
157.0	25.66838516332191	24.41300879313637	24.18646497794434	25.732141065597382	0.0
158.0	25.800104210154988	24.253780854458544	24.223682890440173	25.72243204494629	0.0
159.0	25.715959364512237	24.247308174024486	24.326274875319992	25.71045758614329	0.0
160.0	25.791366091569014	24.231450106961045	24.354754669229848	25.6224291322401	0.0
161.0	25.77777346265749	24.15118886957873	24.351841963034524	25.719195704729263	0.0
162.0	25.77227168428854	24.201352142942675	24.270286189565393	25.756089983203395	0.0
163.0	25.718548436685857	24.138890776754014	24.343427478470247	25.79913330808988	0.0
164.0	25.723402947011405	24.186788611966044	24.21203206565887	25.87777637536368	0.0
165.0	25.591036632134916	24.209119359463543	24.41527423128829	25.784569777113248	0.0
166.0	25.732141065597382	24.222711988375064	24.441812221067927	25.603334724959627	0.0
167.0	25.775508024505566	24.190672220226478	24.221417452288254	25.8124023029797	0.0
168.0	25.69848312734028	24.289380596845863	24.293587839128	25.718548436685857	0.0
169.0	25.83894029275934	24.225624694570392	24.277729772064557	25.657705240605715	0.0
170.0	25.642818075607384	24.313976782495285	24.251515416306624	25.79168972559071	0.0
171.0	25.706897611904555	24.269315287500284	24.2492499781547	25.77453712244046	0.0
172.0	25.731817431575678	24.330158483580426	24.209442993485247	25.72858109135865	0.0
173.0	25.71895530599696	24.282339234279426	24.219554030874786	25.779151428848827	0.0
174.0	25.71895530599696	24.195605035761673	24.24512120133338	25.84031845690799	0.0
175.0	25.82931486455872	24.19592867083077	24.30531732418525	25.669439140425254	0.0
176.0	25.743227936179164	24.39949512929221	24.183954173274216	25.673322761254408	0.0
177.0	25.743875206317355	24.198841386452635	24.318909997087285	25.738373410142724	0.0
178.0	25.806660409722	24.282662869348524	24.164859704197546	25.74581701673193	0.0
179.0	25.707387641631257	24.282094184582622	24.26008692866089	25.75043124512523	0.0
180.0	25.797358482017156	24.210246966720497	24.228370589244278	25.76402396201807	0.0
181.0	25.716449452893148	24.29374508477648	24.24875966458353	25.741045797746846	0.0
182.0	25.672758577166178	24.396661369822226	24.195036069245184	25.735543983766412	0.0
183.0	25.81224574337598	24.24811239235054	24.228694225360773	25.710947638912714	0.0
184.0	25.738133072698382	24.247465120117546	24.306690529436324	25.70771127774775	0.0
185.0	25.79185666803673	24.224486955846324	24.339054141085928	25.644602235031023	0.0
186.0	25.77017304823149	24.1445488350718	24.365592302638607	25.719685814058106	0.0
187.0	25.78926757910476	24.19891970264314	24.242610578370105	25.769202139882	0.0
188.0	25.702209463767318	24.152316101867704	24.342290502250886	25.803183932114088	0.0
189.0	25.7203330862911	24.19697788594416	24.219308777982388	25.863380249782352	0.0
190.0	25.59249682027516	24.219308777982388	24.405723181084117	25.782471220658344	0.0
191.0	25.746547611727276	24.210570602836995	24.433555887102777	25.60932589833295	0.0
192.0	25.777616678910896	24.200861519342112	24.220279686331875	25.801242115415114	0.0
193.0	25.69962037483535	24.316399612931207	24.272061464971245	25.7119185472622	0.0
194.0	25.859172980267907	24.204745152740063	24.26947237603928	25.66660949095275	0.0
195.0	25.64136587386606	24.31607597681471	24.239374217205143	25.803183932114088	0.0
196.0	25.688293110757986	24.272708737204237	24.242286942253607	25.796711209784167	0.0
197.0	25.754314878523182	24.323843243610614	24.208952422254516	25.712889455611688	0.0
198.0	25.74533638846816	24.290910973888955	24.214856240371795	25.748896397271093	0.0
199.0	25.693878079407618	24.188965267259572	24.276023664349424	25.84113298898339	0.0
200.0	25.829023425616064	24.191366375599557	24.327298383703695	25.652311815080687	0.0
201.0	25.76659912869544	24.38293382357701	24.19553213663816	25.654934911089388	0.0
202.0	25.73618420626752	24.213970830986735	24.33146252888742	25.718382433858324	0.0
203.0	25.78716710470099	24.294397907792696	24.17302140110566	25.74541358640065	0.0
204.0	25.682556020572978	24.26840675969173	24.278440778251426	25.770596441483868	0.0
205.0	25.804426001870873	24.230045930208092	24.23846161315695	25.727066454764085	0.0
206.0	25.72513376253872	24.306101772818934	24.247191229450095	25.721573235192253	0.0
207.0	25.657177076083965	24.402220531827084	24.208652305501158	25.731950086587794	0.0
208.0	25.79768035814286	24.248123343055155	24.256215869768585	25.697980429033397	0.0
209.0	25.735539276777708	24.24487655499914	24.33195326990868	25.687630898314467	0.0
210.0	25.794317493922236	24.201959775082305	24.365112507404998	25.63861022359046	0.0
211.0	25.786558501047235	24.120695738874556	24.374492164359083	25.718253595719126	0.0
212.0	25.805177610089768	24.21473129453201	24.24613233108994	25.73395876428828	0.0
213.0	25.713416272527446	24.146247503245377	24.349548884594093	25.790787339633088	0.0
214.0	25.71812428171385	24.203693811813075	24.220851745738845	25.857330160734232	0.0
215.0	25.58330014989203	24.209020068697818	24.43952358290519	25.768156198504965	0.0
216.0	25.751821887251808	24.221468970451596	24.427372176519913	25.599336965776686	0.0
217.0	25.787924799518265	24.201877098299992	24.222597051939097	25.78760105024265	0.0
218.0	25.702473184771733	24.29736493639781	24.2785869920647	25.721574886765758	0.0
219.0	25.827130595818936	24.224509419851135	24.29703207508685	25.651327909243076	0.0
220.0	25.63321364626806	24.319677783857465	24.26301799191222	25.784090577962253	0.0
221.0	25.669160809047554	24.294090792826452	24.2600944773795	25.776653920746494	0.0
222.0	25.764527231577688	24.318846304528723	24.224626114210412	25.69200034968318	0.0
223.0	25.7238235236979	24.285890055237886	24.250273599140023	25.740012821924196	0.0
224.0	25.702332690041057	24.18692605592757	24.27111531337832	25.83962594065305	0.0
225.0	25.804832557266	24.211681810233728	24.31983472680055	25.663650905699726	0.0
226.0	25.76193251732401	24.39446927012499	24.17589534356583	25.66770286898517	0.0
227.0	25.71437823834197	24.19689119170984	24.357512953367877	25.73121761658031	0.0
228.0	25.790499753879637	24.281717142931164	24.183916681779323	25.743866421409884	0.0
229.0	25.658953640882814	24.265427400942404	24.28712534611461	25.788493612060172	0.0
230.0	25.813283934464454	24.216348909738034	24.2467913944925	25.72357576130501	0.0
231.0	25.721170195194464	24.30166240781944	24.252434667988044	25.724732728998053	0.0
232.0	25.678271036361224	24.38893261174428	24.19914303203428	25.733653319860217	0.0
233.0	25.800057650141373	24.23994118390071	24.25904993862527	25.700951227332645	0.0
234.0	25.709695911698123	24.272005026574124	24.332570062735012	25.68572899899274	0.0
235.0	25.77157644833539	24.217897269968354	24.34907093418321	25.661455347513044	0.0
236.0	25.769319216057163	24.13691469066906	24.410925450287777	25.682840642986005	0.0
237.0	25.78892987973739	24.215118821277382	24.26143596088631	25.734515338098923	0.0
238.0	25.702476929604927	24.18043008593297	24.361171124189823	25.75592186027228	0.0
239.0	25.72207808192999	24.232736365785954	24.240834135012488	25.80435141727157	0.0
240.0	25.577146707178418	24.217973095100042	24.446661505521238	25.758218692200302	0.0
241.0	25.726104787140997	24.234374898769687	24.4676095392968	25.571910774792517	0.0
242.0	25.779468173336095	24.20757308729007	24.264267572050592	25.748691167323244	0.0
243.0	25.691411464340796	24.32122445276759	24.30146058241858	25.68590350047304	0.0
244.0	25.804622468189343	24.267147944255612	24.309594553873172	25.61863503368187	0.0
245.0	25.65657940357801	24.319279860793824	24.288172335689083	25.73596839993908	0.0
246.0	25.66546331283095	24.30504695672463	24.284630989493877	25.744858740950544	0.0
247.0	25.75075999662944	24.320540326814754	24.250860465267017	25.677839211288784	0.0
248.0	25.7156191661481	24.319708048122795	24.246136693632025	25.71853609209708	0.0
249.0	25.707377468933736	24.21677999831461	24.302345932701098	25.77349660005056	0.0
