# Position (bp)	A	C	G	T	N
0.0	25.91844716711691	24.057752188294934	24.13324722654272	25.890553418045435	0.0
1.0	25.88054805153067	24.13779512041307	24.096864075579933	25.884792752476326	0.0
2.0	25.817365995634244	24.04620422022799	24.171719621634733	25.964710162503028	0.0
3.0	25.89657618548138	24.138892762515688	24.16071980743696	25.803811244565978	0.0
4.0	25.90546980150598	24.109990178365727	23.952662147906537	26.03187787222175	0.0
5.0	25.933649576406044	24.17319612627495	23.96132337117136	25.931830926147644	0.0
6.0	25.82950670606956	24.20095476244601	24.1097219064939	25.85981662499053	0.0
7.0	25.86225708293428	24.189569265460012	23.979233091274992	25.968940560330715	0.0
8.0	25.909044071741594	24.085500754632353	23.983367781744562	26.022087391881488	0.0
9.0	26.043462845055654	24.156698981462682	23.99123591215305	25.808602261328613	0.0
10.0	25.952761918615224	24.075117883074537	24.112391965768452	25.85972823254179	0.0
11.0	25.787907439058387	24.079057420269827	24.19724353612859	25.935791604543194	0.0
12.0	25.931852067347904	24.079966544237973	24.132998775713055	25.855182612701068	0.0
13.0	25.97124743930082	23.967538213510796	24.14724171788065	25.91397262930773	0.0
14.0	25.992763373213574	24.00602446149557	24.069966180588384	25.93124598470247	0.0
15.0	25.976096100464257	24.089663866564845	23.96662908954265	25.967610943428244	0.0
16.0	25.925185158248176	24.050874577257357	24.044510709480342	25.97942955501412	0.0
17.0	25.869425554868663	24.148756924494226	24.01996436234045	25.961853158296666	0.0
18.0	25.943670678933778	24.076936131010825	24.043298544189486	25.93609464586591	0.0
19.0	26.010642811253742	24.069360097942955	24.006933585463713	25.91306350533959	0.0
20.0	25.799647867050112	24.082923976253753	24.112318895478335	26.005109261217797	0.0
21.0	25.976320422801972	24.098985117685743	24.007769955968232	25.91692450354406	0.0
22.0	25.800781841874	24.103760720021818	24.088002666747478	26.00745477135671	0.0
23.0	25.798357525985637	24.08588139034516	24.14951968241462	25.966241401254585	0.0
24.0	25.973817388405706	24.032849480287283	24.068608139640595	25.924724991666416	0.0
25.0	25.937755689566348	24.052547046880207	24.129519076335644	25.880178187217794	0.0
26.0	25.908057819933937	24.114973181005485	24.092245219552108	25.884723779508466	0.0
27.0	25.851389436043515	24.030122124912875	24.166489893633138	25.951998545410465	0.0
28.0	25.91139125428043	24.117094457407802	24.150731840358798	25.82078244795297	0.0
29.0	25.94381647928725	24.100124246189278	23.92981605503197	26.0262432194915	0.0
30.0	25.942301281857027	24.161338222370375	23.951634898027212	25.94472559774539	0.0
31.0	25.84199521197612	24.196187763265552	24.09376041698233	25.86805660777599	0.0
32.0	25.861086699596957	24.185884420740024	24.00557592654323	25.947452953119793	0.0
33.0	25.936846571108212	24.06345646837783	23.9919391496712	26.00775781084275	0.0
34.0	26.072305221370346	24.15012576138671	23.98406012303403	25.793508894208916	0.0
35.0	25.955331979756963	24.053153125852297	24.11648837843571	25.875026515955028	0.0
36.0	25.807448710566987	24.082547955998667	24.180732749477258	25.929270583957088	0.0
37.0	25.95411982181278	24.072244613473135	24.132549471196096	25.841086093517983	0.0
38.0	25.964726203824355	23.978302372799178	24.130731234279825	25.92624018909664	0.0
39.0	25.977150822752204	24.017394466498985	24.077093245249856	25.928361465498956	0.0
40.0	25.9744234673778	24.08163883754053	23.982847965089853	25.961089729991816	0.0
41.0	25.92078547834783	24.060729113003422	24.037092033091913	25.981393375556834	0.0
42.0	25.87381435801085	24.157095669565745	24.03466771720355	25.934422255219857	0.0
43.0	25.929573623443137	24.08042667959635	24.06042607351738	25.929573623443137	0.0
44.0	26.009879087245068	24.065274705294097	24.011030637292038	25.91381557016879	0.0
45.0	25.80312796409599	24.069141279610655	24.108839331981784	26.018891424311576	0.0
46.0	25.973132600586073	24.107324139143188	24.01489737598904	25.904645884281692	0.0
47.0	25.79789813086378	24.091190089456717	24.083614148221773	26.02729763145773	0.0
48.0	25.805474072098715	24.087553637663945	24.15604014642779	25.950932143809545	0.0
49.0	25.97032655337099	24.02815825838202	24.057552910373584	25.9439622778734	0.0
50.0	25.934265073092682	24.050280006788043	24.129675870930203	25.885779049189072	0.0
51.0	25.870324129069793	24.118766515551894	24.100887294237435	25.910022061140875	0.0
52.0	25.8324444228951	24.05209823268443	24.174222405391646	25.941234939028824	0.0
53.0	25.905173458750514	24.13543358626876	24.149676355790444	25.809716599190285	0.0
54.0	25.941234939028824	24.109372348420568	23.91754951635191	26.031843196198697	0.0
55.0	25.92820432010473	24.16361608766273	23.95512618487721	25.95305340735533	0.0
56.0	25.851535794807145	24.19028340080972	24.089977938859125	25.868202865524015	0.0
57.0	25.85850566074329	24.173919367742247	23.98846032631094	25.97911464520352	0.0
58.0	25.94305316492521	24.068765303401292	24.0057334723266	25.98244805934689	0.0
59.0	26.06244999878785	24.17482848069044	23.98482387451817	25.777897646003538	0.0
60.0	25.964568838032438	24.050280006788043	24.113614875512134	25.871536279667385	0.0
61.0	25.789716114330048	24.070280491648283	24.19604111614827	25.9439622778734	0.0
62.0	25.941537976678227	24.07209871754467	24.149373318141045	25.836989987636066	0.0
63.0	25.978508569904722	23.9811874227254	24.13391839802177	25.906385609348103	0.0
64.0	25.97699338165774	24.01088511236636	24.09058401415792	25.92153749181798	0.0
65.0	25.938507600184245	24.085129336468764	24.00724866057359	25.969114402773403	0.0
66.0	25.917598002375815	24.06209847511455	24.025127881888046	25.995175640621593	0.0
67.0	25.904870421101116	24.119675628500083	24.03452204901937	25.94093190137943	0.0
68.0	25.93578026133967	24.07058352929768	24.05058304443744	25.94305316492521	0.0
69.0	26.007600184246893	24.05906809862057	24.02815825838202	25.905173458750514	0.0
70.0	25.800547284336332	24.058692154075995	24.13202704299788	26.00873351858979	0.0
71.0	25.982369322985637	24.112935728939703	24.01869130557315	25.88600364250151	0.0
72.0	25.797438741310447	24.098923010721407	24.080740861955068	26.022897386013078	0.0
73.0	25.8001660636254	24.100135153972495	24.150439098892708	25.949259683509396	0.0
74.0	25.987442195918714	24.02043673521337	24.046194779299018	25.9459262895689	0.0
75.0	25.934713964496325	24.071346751759123	24.11468087298557	25.879258410758982	0.0
76.0	25.874106801941853	24.13528730825409	24.117711231113294	25.872894658690765	0.0
77.0	25.835015182094217	24.051043352303374	24.1910458978042	25.922895567798204	0.0
78.0	25.897440559525325	24.13771159475627	24.161954459778055	25.80289338594035	0.0
79.0	25.936532179372957	24.113771765547252	23.929829027194433	26.019867027885358	0.0
80.0	25.92774414080256	24.16134838815251	23.976193506548604	25.934713964496325	0.0
81.0	25.846227507166798	24.182257859233804	24.110135335793984	25.861379297805414	0.0
82.0	25.84410625647739	24.186197324799842	24.00164851482148	25.96804790390128	0.0
83.0	25.941077716564543	24.079225682891202	24.010133517579106	25.96956308296515	0.0
84.0	26.067443650490613	24.167712140220733	24.007103159451386	25.757741049837268	0.0
85.0	25.971078262029007	24.03589156166476	24.128014448747553	25.86501572755868	0.0
86.0	25.77955962835688	24.06437692806536	24.20104607962569	25.95501736395207	0.0
87.0	25.92895628405365	24.07740746801457	24.158924101650335	25.834712146281447	0.0
88.0	25.973805584343957	23.987708867433955	24.14649963332667	25.89198591489542	0.0
89.0	25.984108801978216	24.028921737970993	24.068013357818625	25.91895610223216	0.0
90.0	25.935320036121865	24.08771068564883	24.001042443195935	25.975926835033363	0.0
91.0	25.90562252647018	24.051346388116148	24.05558888949496	25.987442195918714	0.0
92.0	25.900470917653045	24.11862033855161	24.05437674624387	25.92653199755147	0.0
93.0	25.9262289617387	24.0683163936314	24.05043728067783	25.95501736395207	0.0
94.0	26.00441220143396	24.066801214567537	24.0310429886604	25.897743595338095	0.0
95.0	25.794633252018972	24.06278883013379	24.154911438052093	25.987666479795145	0.0
96.0	25.967969211654722	24.119759390293794	24.023697328747406	25.88857406930408	0.0
97.0	25.786373168159614	24.102110328610042	24.092413241372622	26.01910326185772	0.0
98.0	25.816979599752727	24.10332246451472	24.153323070582676	25.92637486514988	0.0
99.0	25.97243602952763	24.033321616019588	24.05847343604165	25.935768918411135	0.0
100.0	25.95031454926726	24.05362489242294	24.10604977030025	25.890010788009555	0.0
101.0	25.861828628225798	24.133322828155492	24.111201347895125	25.893647195723585	0.0
102.0	25.824858483133127	24.049685450732735	24.172717245057516	25.952738821076622	0.0
103.0	25.90001090922314	24.13059552236997	24.181808264342596	25.787585304064294	0.0
104.0	25.95910253457618	24.100595158729195	23.936047709669207	26.004254597025415	0.0
105.0	25.943041733839202	24.148474526963966	23.978169432356754	25.930314306840085	0.0
106.0	25.84455569158414	24.194232657365543	24.10938314403811	25.851828507012208	0.0
107.0	25.836676808203734	24.182717366271106	24.024836664686845	25.955769160838315	0.0
108.0	25.944556903720045	24.075746372683305	24.02120025697281	25.95849646662384	0.0
109.0	26.063346222378453	24.146959357083116	24.013321373592408	25.77637304694602	0.0
110.0	25.96425411217106	24.040291397471485	24.14029260960739	25.85516188075007	0.0
111.0	25.790312609849813	24.05362489242294	24.21089952605486	25.945162971672385	0.0
112.0	25.93970836010133	24.09029200353944	24.140898677559726	25.8291009587995	0.0
113.0	25.96970872374211	23.978775500309094	24.14574722117844	25.905768554770358	0.0
114.0	26.002436393168406	24.017260815282608	24.078776712445	25.901526079103988	0.0
115.0	25.938496224196655	24.079988848349675	24.012715305640068	25.9687996218136	0.0
116.0	25.88970775403338	24.055443096279955	24.067564455326732	25.98728469435993	0.0
117.0	25.907889792603545	24.12089843513255	24.059685571946325	25.91152620031758	0.0
118.0	25.907283724651208	24.07453423677863	24.06695838737439	25.95122365119577	0.0
119.0	26.00334549509691	24.07392816882629	24.01665474733027	25.90607158874653	0.0
120.0	25.800390915013864	24.047334050515918	24.15218412400188	26.000090910468344	0.0
121.0	25.983727026167063	24.110062273670813	24.023394293852938	25.88281640630919	0.0
122.0	25.784105165548464	24.120741589241014	24.098923010721407	25.996230234489108	0.0
123.0	25.825318036085505	24.08649854239774	24.165893925344097	25.922289496172656	0.0
124.0	25.987745231731484	24.013769947332374	24.0683163936314	25.93016842730474	0.0
125.0	25.95350218488821	24.052255495554466	24.115286944611114	25.878955374946212	0.0
126.0	25.88410698376334	24.124681054807056	24.1198324818027	25.871379479626906	0.0
127.0	25.81804517657897	24.055285853682186	24.20225822287678	25.924410746862065	0.0
128.0	25.92145894003812	24.132330079728963	24.188088838248085	25.758122141984828	0.0
129.0	25.964793192582874	24.082025982369323	23.94323515953369	26.009945665514117	0.0
130.0	25.941156327558463	24.1486940632074	23.994751403817656	25.91539820541648	0.0
131.0	25.83759606293486	24.206950471526582	24.11300880021334	25.84244466532522	0.0
132.0	25.857596547795097	24.167858614754298	24.02815825838202	25.94638657906858	0.0
133.0	25.930707201105484	24.08065674518396	24.017624723098507	25.971011330612047	0.0
134.0	26.052528705328328	24.165204505577424	24.02217030161429	25.76009648747996	0.0
135.0	25.968890060638017	24.032776651484433	24.148234345785188	25.85009894209236	0.0
136.0	25.762823834589426	24.065201778230318	24.216418023521854	25.955556363658406	0.0
137.0	25.932828471079517	24.07277774242328	24.152476885733247	25.841916900763962	0.0
138.0	25.953132055116658	23.971562860805296	24.148234345785188	25.927070738292862	0.0
139.0	26.007678997305987	24.017018645963073	24.089444863647795	25.885857493083144	0.0
140.0	25.948283438033158	24.060959238282255	24.008230527499236	25.98252679618535	0.0
141.0	25.90676715425572	24.049140734141233	24.06186835398541	25.982223757617636	0.0
142.0	25.92100996693849	24.111869717658966	24.07247470385556	25.89464561154698	0.0
143.0	25.916161349854995	24.078535475209932	24.050958965547544	25.954344209387532	0.0
144.0	26.024043079962787	24.068535202475218	24.007018373228362	25.900403344333633	0.0
145.0	25.78775114397406	24.04648625715931	24.18164186793539	25.98412073093124	0.0
146.0	25.993211915512592	24.096790811842784	24.03527379617564	25.874723476468986	0.0
147.0	25.78722321047065	24.103833764155773	24.08837870353254	26.020564321841032	0.0
148.0	25.836921836788502	24.078681410592473	24.171411774331872	25.912984978287156	0.0
149.0	25.9830660508867	24.00481229620471	24.087845618628556	25.924276034280037	0.0
150.0	25.960640993005807	24.057238445034365	24.110573717832164	25.871546844127664	0.0
151.0	25.89912360449471	24.118452792222747	24.120877122804465	25.861546480478076	0.0
152.0	25.826090645720452	24.034510345830757	24.19178879231972	25.947610216129068	0.0
153.0	25.91677853976066	24.13913275371454	24.18095258298054	25.76313612354426	0.0
154.0	25.957992284544545	24.07913038998506	23.962156084936677	26.00072124053372	0.0
155.0	25.937991496634716	24.144284471812526	23.989429886631896	25.928294144920862	0.0
156.0	25.830792821513636	24.19829932178941	24.122235488778312	25.848672367918642	0.0
157.0	25.849581497396862	24.156782408950683	24.04677774208603	25.946858351566433	0.0
158.0	25.939663924117763	24.062002818309924	24.022910132278742	25.975423125293574	0.0
159.0	26.056032849978028	24.146552116005275	24.01442489810143	25.782990135915266	0.0
160.0	25.975423125293574	24.0286679697562	24.14412776338318	25.85178114156704	0.0
161.0	25.776020122126763	24.035941027622467	24.221404003212267	25.9666348470385	0.0
162.0	25.95148264315045	24.062608906465446	24.141703410761096	25.844205039623013	0.0
163.0	25.980877918693274	23.955331302938013	24.14018819037229	25.923602587996424	0.0
164.0	26.009970150158342	23.994120944891435	24.0941254905526	25.901783414397624	0.0
165.0	25.950573510917163	24.05624498083246	24.015030986256953	25.978150521993427	0.0
166.0	25.931178689940452	24.031395366456053	24.072912405109324	25.96451353849417	0.0
167.0	25.936330439262388	24.116247708229164	24.057760201221267	25.88966165128718	0.0
168.0	25.938754791884477	24.070185008409474	24.052002363743807	25.93905783596224	0.0
169.0	26.018758428413413	24.054729760443657	24.024728396745306	25.901783414397624	0.0
170.0	25.79609920480993	24.06813663692785	24.166626260667183	25.969137897595036	0.0
171.0	26.00126066718386	24.081773661753296	24.048135667183864	25.86883000387898	0.0
172.0	25.783146404511747	24.10487813008549	24.10305985459857	26.008915610804195	0.0
173.0	25.84193731192213	24.078513135525164	24.161547716094464	25.91800183645824	0.0
174.0	25.985659823869177	23.996763459825083	24.094950633670926	25.92262608263481	0.0
175.0	25.95868865574486	24.066464231382316	24.088889697013776	25.885957415859046	0.0
176.0	25.89323053984763	24.1279827384524	24.107981647483804	25.870805074216168	0.0
177.0	25.822923674624676	24.028583377275123	24.19586522901249	25.952627719087708	0.0
178.0	25.92603816583379	24.124116236995462	24.17714959346144	25.772696003709306	0.0
179.0	25.976647140289895	24.061991447992458	23.96441007209506	25.996951339622587	0.0
180.0	25.94573626966401	24.121994902736823	23.98622951018392	25.94603931741524	0.0
181.0	25.840353960846112	24.182980786714346	24.12297715013031	25.85368810230923	0.0
182.0	25.865810049093884	24.15691860112734	24.054791199466635	25.92248015031214	0.0
183.0	25.923770906633454	24.0503183535922	24.04668175853615	25.9792289812382	0.0
184.0	26.0462029401871	24.148203370517518	24.00304261786356	25.802551071431818	0.0
185.0	25.978016782886183	24.03940856842405	24.135172238233345	25.84740241045642	0.0
186.0	25.797096178847745	24.028801832843907	24.207298040178316	25.966803948130035	0.0
187.0	25.96741004730604	24.040014667600058	24.128505147297254	25.864070137796645	0.0
188.0	25.989835716818344	23.94212965067474	24.147294221753505	25.920740410753414	0.0
189.0	26.00832174168659	23.978798650823236	24.098200188496843	25.91467941899333	0.0
190.0	25.950439270377814	24.03486282460399	24.020316444379795	25.994381460638404	0.0
191.0	25.952863667081843	24.016679849323744	24.06092508917234	25.96953139442207	0.0
192.0	25.953166716669852	24.10698862654896	24.044257361832116	25.895587294949074	0.0
193.0	25.952257567905836	24.064258634640385	24.056076295764274	25.927407501689505	0.0
194.0	26.03650535337097	24.02668048572788	24.014861551795722	25.921952609105425	0.0
195.0	25.80687197328307	24.06524071301723	24.159186370000423	25.968700943699275	0.0
196.0	25.99415718623666	24.09675796568256	24.01887398553843	25.89021086254235	0.0
197.0	25.8378614267055	24.070162465868833	24.091073014179777	26.000903093245892	0.0
198.0	25.85877197501644	24.073192980116794	24.157138224785363	25.910896820081398	0.0
199.0	25.977646859165514	23.997199796348827	24.083266661817827	25.941886682667832	0.0
200.0	25.948105002212294	24.07916987399007	24.09644396225157	25.87628116154606	0.0
201.0	25.887191112027008	24.133719626394807	24.107353912732517	25.871735348845665	0.0
202.0	25.819932962790105	24.04187098064649	24.200675221083383	25.937520835480022	0.0
203.0	25.942762932589	24.12224475013714	24.173159858286283	25.761832458987577	0.0
204.0	25.968984025287988	24.048745450192296	23.97176618913259	26.010504335387125	0.0
205.0	25.977784849449165	24.092982376384658	23.977512084981285	25.95172068918489	0.0
206.0	25.845577538551062	24.170182329550965	24.13138880806905	25.85285132382892	0.0
207.0	25.84240036369147	24.173056523715715	24.0733444461282	25.911198666464614	0.0
208.0	25.938565518495505	24.073406173756233	24.028247132097775	25.959781175650487	0.0
209.0	26.053142834628005	24.115826769028402	23.998229986573357	25.83280040977023	0.0
210.0	25.976025580796218	24.01715489414582	24.157485565338625	25.84933395971934	0.0
211.0	25.80568899934836	24.041705184354495	24.210526315789473	25.942079500507674	0.0
212.0	25.9786077779428	24.020028308777842	24.121867166970265	25.8794967463091	0.0
213.0	25.992877169053575	23.938470864590435	24.157611578389027	25.91104038796696	0.0
214.0	25.999242252026978	23.999090702432373	24.10275062514208	25.898916420398578	0.0
215.0	25.958335480311955	24.04636261408034	24.012718196174234	25.98258370943347	0.0
216.0	25.962882023272236	24.018174047726575	24.06879222601774	25.950151702983444	0.0
217.0	25.949702805840218	24.119556618442708	24.05226737471925	25.87847320099782	0.0
218.0	25.941833502568844	24.065895761029356	24.057105618113756	25.935165118288044	0.0
219.0	26.0301958395092	24.031183978806535	23.999660516560425	25.938959665123836	0.0
220.0	25.814772603271212	24.063678358815185	24.138850831140804	25.9826982067728	0.0
221.0	26.00437700435882	24.089589155698896	24.021691027141063	25.88434281280122	0.0
222.0	25.834563492905488	24.081320873105124	24.074046007462798	26.010069626526583	0.0
223.0	25.822741836236712	24.07343976865927	24.160738156367177	25.943080238736844	0.0
224.0	25.964849528336202	23.99756286829789	24.091835002546258	25.945752600819656	0.0
225.0	25.935446322477386	24.061219293353055	24.11153818173	25.891796202439554	0.0
226.0	25.886810755100186	24.107429749310377	24.122586316651002	25.883173178938435	0.0
227.0	25.810881268794255	24.016939082355222	24.213369385973422	25.958810262877098	0.0
228.0	25.93055155584522	24.110523364202677	24.170544280582625	25.788380799369477	0.0
229.0	25.95253468654038	24.0785369358227	23.974863815352716	25.9940645622842	0.0
230.0	25.98664366847439	24.090808503672537	23.992894407377204	25.92965342047587	0.0
231.0	25.85297978312866	24.144140320668864	24.128376678297407	25.87450321790507	0.0
232.0	25.847700408957657	24.164577415472486	24.060291696855966	25.92743047871389	0.0
233.0	25.95828533317165	24.061723155278	24.02746619778088	25.952525313769474	0.0
234.0	26.070309042072648	24.10552419525978	24.002752699646514	25.82141406302106	0.0
235.0	25.97284875824602	24.01078046177726	24.151144741948002	25.865226038028716	0.0
236.0	25.803380869227784	24.05928647652309	24.200560244470314	25.936772409778815	0.0
237.0	25.966785506402797	24.047463135428792	24.114158905704308	25.871592452464103	0.0
238.0	25.988467625070488	23.949080502282825	24.16432724781267	25.89812462483402	0.0
239.0	25.976656055782932	24.00242534485372	24.131574958314385	25.889343641048963	0.0
240.0	25.960803812896422	24.0422280703882	24.031919667220492	25.965048449494887	0.0
241.0	25.959806674226666	24.01957514417567	24.082642523180294	25.937975658417372	0.0
242.0	25.97383694485381	24.1128880640916	24.039808598511726	25.87346639254286	0.0
243.0	25.938280889880883	24.074455954778138	24.07506247119047	25.91220068415051	0.0
244.0	26.023546109614966	24.044993570614068	24.0167891889269	25.91467113084407	0.0
245.0	25.825902335456476	24.062784349408552	24.157719138610858	25.953594176524113	0.0
246.0	25.97505414439719	24.098048375061424	24.05467219131627	25.872225289225113	0.0
247.0	25.838078221645183	24.09381986513091	24.094729912969093	25.973372000254813	0.0
248.0	25.8371609035695	24.090636054194754	24.173153816749892	25.899049225485854	0.0
249.0	25.96981418278347	23.98574137277209	24.114372392870685	25.93007205157376	0.0
