# Position (bp)	A	C	G	T	N
0.0	26.315039241553563	23.708718109250274	23.65309795854482	26.32314469065134	0.0
1.0	26.258021599624353	23.69083022158621	23.729121481117097	26.322026697672342	0.0
2.0	26.308713952721398	23.603526051303263	23.79022566057564	26.297534335399696	0.0
3.0	26.39873674208018	23.61845139112086	23.786140495521305	26.196671371277652	0.0
4.0	26.292710737981185	23.730206196515507	23.637141084474056	26.339941981029252	0.0
5.0	26.31643666403966	23.823018148688455	23.596648612997523	26.26389657427436	0.0
6.0	26.341779686831906	23.77126376712769	23.654447540291816	26.23250900574859	0.0
7.0	26.274665422159128	23.71625228105377	23.742800533200686	26.26628176358642	0.0
8.0	26.178592786760635	23.786475595374494	23.68978487712454	26.345146740740326	0.0
9.0	26.261799241048223	23.774807048527087	23.680357232676283	26.283036477748407	0.0
10.0	26.350041075450292	23.795539261983134	23.640458480264222	26.21396118230235	0.0
11.0	26.230447247385978	23.81789324853721	23.710873537909567	26.24078596616724	0.0
12.0	26.281581991628432	23.74719876605994	23.75083128887498	26.220387953436646	0.0
13.0	26.26789017486406	23.728756727152827	23.794700987487357	26.208652110495755	0.0
14.0	26.218917567110672	23.703262834645226	23.756073980311783	26.32174561793232	0.0
15.0	26.254963269708476	23.790163714551564	23.742102777754493	26.212770237985467	0.0
16.0	26.188180921484637	23.82313575258677	23.73958796129418	26.249095364634417	0.0
17.0	26.207181756962548	23.775074815789694	23.66302577128024	26.35471765596752	0.0
18.0	26.245948362579636	23.745110092768527	23.745948362579636	26.262993182072204	0.0
19.0	26.221079691516707	23.688666592153794	23.795126858164746	26.295126858164746	0.0
20.0	26.326701687716554	23.609310383368726	23.73840393427965	26.32558399463507	0.0
21.0	26.323348608472113	23.733374315412988	23.6523415670057	26.290935509109197	0.0
22.0	26.226109310383368	23.731418352520397	23.686990052531577	26.35548228456466	0.0
23.0	26.305186095898065	23.65429752989829	23.693137364479714	26.34737900972393	0.0
24.0	26.23253604560188	23.624678663239074	23.79959763049067	26.34318766066838	0.0
25.0	26.315804180172126	23.70515256510562	23.639767519839054	26.3392757348832	0.0
26.0	26.26439029842405	23.677769084609366	23.72499161730189	26.332848999664694	0.0
27.0	26.312730524198052	23.59310383368727	23.794288588353638	26.29987705376104	0.0
28.0	26.417514250586787	23.606795573935397	23.76187548899072	26.21381468648709	0.0
29.0	26.29009723929809	23.72387392422041	23.623840393427965	26.362188443053537	0.0
30.0	26.32726053425729	23.821951492120263	23.605119034313176	26.24566893930926	0.0
31.0	26.35129093550911	23.752375097798144	23.643679445624233	26.252654521068514	0.0
32.0	26.259360679557393	23.718564882083378	23.761037219179613	26.261037219179613	0.0
33.0	26.176371968257516	23.78199396445736	23.70375544875377	26.337878618531352	0.0
34.0	26.260757795909246	23.742036436794457	23.695372750642672	26.301833016653624	0.0
35.0	26.35157035877948	23.77780261540181	23.645355985246454	26.225271040572256	0.0
36.0	26.239242204090758	23.79540628143512	23.713255839946353	26.252095674527776	0.0
37.0	26.282273387727727	23.739242204090758	23.752375097798144	26.226109310383368	0.0
38.0	26.278640885212923	23.73113892925003	23.77947915502403	26.21074103051302	0.0
39.0	26.221006423923036	23.704806905088564	23.750911615872315	26.323275055116085	0.0
40.0	26.269625937113172	23.80036939653125	23.726322436787648	26.20368222956793	0.0
41.0	26.185519767744026	23.82104666076154	23.73330799902761	26.260125572466826	0.0
42.0	26.212903171724676	23.769074077696217	23.662893531648788	26.355129218930312	0.0
43.0	26.24608111053364	23.744418551366092	23.7480510335809	26.261449304519367	0.0
44.0	26.231551181674405	23.6955197523206	23.78772891623496	26.285200149770038	0.0
45.0	26.329628201474232	23.608060757456368	23.742462599404274	26.31984844166513	0.0
46.0	26.327392827803575	23.73324168301284	23.636002928339508	26.30336256084408	0.0
47.0	26.232668868509734	23.735197634974657	23.68769594447332	26.344437552042294	0.0
48.0	26.3338195271067	23.65220938745173	23.697475704282418	26.316495381159154	0.0
49.0	26.240772098065847	23.619517047518457	23.79387619382925	26.345834660586448	0.0
50.0	26.32040728508279	23.70585835554736	23.635164663213015	26.33856969615683	0.0
51.0	26.269273112366648	23.68238693200552	23.710887946306325	26.33745200932151	0.0
52.0	26.316774802867986	23.599398684482594	23.780743373514174	26.303083139135246	0.0
53.0	26.410660497035337	23.611134396253515	23.758669058516492	26.21953604819466	0.0
54.0	26.281288245846397	23.712564476559315	23.6278996987834	26.378247578810893	0.0
55.0	26.318730754829804	23.808126700979653	23.60079579302675	26.272346751163788	0.0
56.0	26.337172587612677	23.754477732884023	23.642709049351463	26.265640630151836	0.0
57.0	26.265081786734175	23.72066770611542	23.748330455289732	26.265920051860668	0.0
58.0	26.170078405731502	23.762860384148965	23.700828764788394	26.366232445331146	0.0
59.0	26.24831648420429	23.743021442821934	23.685460570802665	26.323201502171106	0.0
60.0	26.342761021789308	23.780463951805345	23.630973337580542	26.24580168882481	0.0
61.0	26.228756964586093	23.791361398449766	23.717594067318277	26.26228756964586	0.0
62.0	26.28967089711134	23.725138453456726	23.746653925036746	26.23853672439519	0.0
63.0	26.288273788567178	23.72625614029205	23.778507999843523	26.20696207129724	0.0
64.0	26.217786259755282	23.70914516755476	23.75105830676506	26.3220102659249	0.0
65.0	26.264170133814684	23.79688333896832	23.721439688389783	26.217506838827216	0.0
66.0	26.19152069251683	23.828457903840082	23.720601425605576	26.259419978037513	0.0
67.0	26.213594945834252	23.768102983377247	23.654937507509437	26.363364563279063	0.0
68.0	26.257390662896356	23.735064993126265	23.75825686535302	26.24928747862436	0.0
69.0	26.236992992142703	23.696784432944753	23.77613975478088	26.290082820131662	0.0
70.0	26.34848163091952	23.588369415788357	23.733388472242403	26.329760481049725	0.0
71.0	26.341775547384067	23.716343843256475	23.64732706687083	26.29455354248863	0.0
72.0	26.24956689877167	23.729197170032748	23.679739803958824	26.34149612723676	0.0
73.0	26.356584815191514	23.64788590716545	23.68560762705234	26.309921650590695	0.0
74.0	26.252919940539392	23.615473170077454	23.78675772037867	26.34484916900448	0.0
75.0	26.328363380313174	23.69287255088241	23.63950330274614	26.339260766058274	0.0
76.0	26.266052687462977	23.66660705703524	23.729756010327367	26.337584245174412	0.0
77.0	26.326407439282	23.58613405460987	23.794581484503357	26.292877021604767	0.0
78.0	26.40576276111813	23.607649405952767	23.769433671245434	26.217154161683677	0.0
79.0	26.29734774396173	23.722491086497303	23.609884767131252	26.370276402409722	0.0
80.0	26.335907724290553	23.822244079087078	23.576913189748634	26.264935006873735	0.0
81.0	26.349040471214135	23.762168747415362	23.626370555822557	26.262420225547945	0.0
82.0	26.260184864369464	23.71075544031027	23.756300924321845	26.272758770998422	0.0
83.0	26.17747650076561	23.763845268299225	23.706564138100614	26.35211409283455	0.0
84.0	26.254875881570566	23.74177107666171	23.69203429044048	26.311318751327246	0.0
85.0	26.338701925763658	23.77837511595936	23.645650545986967	26.237272412290015	0.0
86.0	26.226654446692226	23.78452235920019	23.72277050664461	26.266052687462977	0.0
87.0	26.271920510556495	23.742329916956333	23.747080059460608	26.23866951302657	0.0
88.0	26.283376736596214	23.715226162667232	23.792066703177568	26.209330397558983	0.0
89.0	26.214007292845466	23.702027187504367	23.752602092851056	26.331363426799108	0.0
90.0	26.263185101359376	23.796750352766953	23.721307123796752	26.218757422076923	0.0
91.0	26.181874065691492	23.823574611956357	23.721586543163305	26.272964779188847	0.0
92.0	26.226301744973945	23.763499448146753	23.64586389482655	26.364334912052755	0.0
93.0	26.278200320772537	23.717328981854557	23.756727002453296	26.247743694919613	0.0
94.0	26.236566951487344	23.684078170143565	23.77963932648944	26.29971555187965	0.0
95.0	26.33799589813516	23.579575619051877	23.750020956393936	26.332407526419026	0.0
96.0	26.331848689247412	23.716770144682943	23.644959568130634	26.306421597939007	0.0
97.0	26.24550834623316	23.734373515588764	23.683519332971954	26.33659880520613	0.0
98.0	26.35336392035453	23.646636079645475	23.69553433216164	26.30446566783836	0.0
99.0	26.26143520562414	23.6142235236919	23.78047758224686	26.343863688437104	0.0
100.0	26.343025432679678	23.69301956488938	23.63378282469837	26.330172177732575	0.0
101.0	26.268979507440914	23.66619538065194	23.732417585488115	26.332407526419026	0.0
102.0	26.3354811308629	23.57845794470865	23.79388967436558	26.292171250062868	0.0
103.0	26.430204031451353	23.600252594401567	23.76399188568427	26.20555148846281	0.0
104.0	26.313407062584176	23.70475514549326	23.609193989147382	26.372643802775187	0.0
105.0	26.325980898945474	23.813728393957852	23.592987711170597	26.26730299592608	0.0
106.0	26.363422989443563	23.75532990952426	23.62120898833707	26.260038112695106	0.0
107.0	26.2639499728964	23.709505261451973	23.758403513968133	26.268141251683495	0.0
108.0	26.17621253695311	23.752535723666195	23.71369654023907	26.357555199141625	0.0
109.0	26.25109671794929	23.751697467908777	23.691901890546152	26.30530392359578	0.0
110.0	26.340510665407418	23.79305141860816	23.64244480085837	26.223993115126042	0.0
111.0	26.239081718759603	23.786065953962993	23.721799679227463	26.25305264804994	0.0
112.0	26.267582414511885	23.733255841245537	23.760359444068783	26.2388023001738	0.0
113.0	26.279038576529956	23.71704956326875	23.792772000022353	26.21113986017894	0.0
114.0	26.21050778597714	23.694909287009587	23.751351683631984	26.343231243381293	0.0
115.0	26.27840631260705	23.790749594145638	23.714468533363885	26.216375559883424	0.0
116.0	26.197654566944315	23.811985347330303	23.733189526302993	26.257170559422388	0.0
117.0	26.229787614526373	23.77482277925714	23.63902572599731	26.356363880219174	0.0
118.0	26.26786183309769	23.720961423470044	23.764271304270075	26.246905439162195	0.0
119.0	26.24550834623316	23.67876921701324	23.777403977802987	26.298318458950614	0.0
120.0	26.346657874295165	23.5848845721822	23.752256305080387	26.31620124844224	0.0
121.0	26.330451596318383	23.72040258629843	23.64691549823128	26.30223031915191	0.0
122.0	26.23768462583057	23.731858748316505	23.69022537903131	26.340231246821617	0.0
123.0	26.3480549672242	23.650268521260962	23.700563866706158	26.301112644808683	0.0
124.0	26.2639499728964	23.616179453792547	23.785227698205574	26.33464287510548	0.0
125.0	26.343025432679678	23.684916425900983	23.634062243284173	26.33799589813516	0.0
126.0	26.29300950582029	23.6561363115629	23.720961423470044	26.329892759146766	0.0
127.0	26.34749613005259	23.585722827939623	23.784389442448152	26.282391599559634	0.0
128.0	26.424615659735224	23.599973175815762	23.770977350329435	26.204433814119582	0.0
129.0	26.30781869086804	23.712299447310038	23.623723755609326	26.35615810621259	0.0
130.0	26.33659880520613	23.805066417797846	23.589914106726724	26.268420670269304	0.0
131.0	26.35056973449646	23.760918281240397	23.625679685709976	26.262832298553167	0.0
132.0	26.274009041985437	23.710622935795197	23.759241769725556	26.25612625249381	0.0
133.0	26.173977188266655	23.74610909619264	23.721799679227463	26.35811403631324	0.0
134.0	26.26199404279575	23.733535259831342	23.705034564079064	26.299436133293842	0.0
135.0	26.345540199951937	23.777683396388795	23.654739218633868	26.2220371850254	0.0
136.0	26.244670090475736	23.791933744264934	23.710343517209388	26.25305264804994	0.0
137.0	26.26786183309769	23.72207909781327	23.77125676891524	26.2388023001738	0.0
138.0	26.28658287834674	23.72459386508553	23.79137490709332	26.19744834947441	0.0
139.0	26.205904131215334	23.694482864607348	23.760705254481188	26.338907749696133	0.0
140.0	26.289729941182223	23.79060312670271	23.71991002696397	26.199756905151094	0.0
141.0	26.196962711485533	23.812397837294103	23.72885144669377	26.261788004526593	0.0
142.0	26.229375358006063	23.778867513307347	23.635525378263967	26.35623175042262	0.0
143.0	26.281700215712355	23.727241229001574	23.745682958724057	26.245375596562013	0.0
144.0	26.25096399950822	23.67415140101262	23.782286998021707	26.29259760145746	0.0
145.0	26.345408009299103	23.57411898827553	23.76747773021426	26.312995272211108	0.0
146.0	26.338143085469035	23.700975735154408	23.65487141084821	26.306009768528348	0.0
147.0	26.244537336120082	23.725844128265024	23.690637189703924	26.338981345910966	0.0
148.0	26.345687429446414	23.656827351879382	23.707122978395233	26.290362240278974	0.0
149.0	26.273317611293045	23.613237808898973	23.77558091448626	26.337863665321727	0.0
150.0	26.35239351298186	23.677225022633035	23.636150260978418	26.334231203406688	0.0
151.0	26.29343586189939	23.648724167607384	23.723049926791923	26.33479004370131	0.0
152.0	26.34317264812062	23.588369415788357	23.78452235920019	26.283935576890837	0.0
153.0	26.431748834817988	23.61016418727856	23.766080629477706	26.192006348425746	0.0
154.0	26.321377876630415	23.710476020162957	23.62106157302366	26.34708453018296	0.0
155.0	26.345966849593722	23.802684668775356	23.597869700796906	26.253478780834012	0.0
156.0	26.357981915928065	23.740932816219782	23.629723597590278	26.27136167026187	0.0
157.0	26.280861955270424	23.69985805456517	23.75937454594226	26.25990544422215	0.0
158.0	26.192285768573058	23.73897687518861	23.72193224620268	26.346805110035653	0.0
159.0	26.27052340981994	23.745682958724057	23.704328776922132	26.279464854533874	0.0
160.0	26.355746554749583	23.766360049625018	23.662974595120208	26.214918800505195	0.0
161.0	26.23755183243733	23.78815482111522	23.714108482077993	26.260184864369464	0.0
162.0	26.270243989672633	23.728358909590817	23.769154251098122	26.232242849638432	0.0
163.0	26.2912005007209	23.719138044729576	23.793463803914115	26.1961976506354	0.0
164.0	26.22058046903597	23.69880659321622	23.75077888583699	26.329834051910822	0.0
165.0	26.285406124347897	23.792133183191154	23.71193937683545	26.210521315625495	0.0
166.0	26.19850621571854	23.80750133423493	23.73261652551253	26.261375924533997	0.0
167.0	26.230080780590303	23.768661825233387	23.640407619249867	26.360849774926443	0.0
168.0	26.29078858394666	23.7338005264305	23.751683515795712	26.223727373827128	0.0
169.0	26.240213254648182	23.657238978210696	23.78772891623496	26.314818850906164	0.0
170.0	26.332422418562544	23.583471647079204	23.78325816889366	26.300847765464596	0.0
171.0	26.35170251647191	23.71787348902711	23.64075309738964	26.28967089711134	0.0
172.0	26.243566315154155	23.717035223900616	23.69579917402943	26.343599286915797	0.0
173.0	26.34192275666281	23.65276823086939	23.71172621143282	26.293582801034976	0.0
174.0	26.277655763631586	23.613928613341827	23.784655277437814	26.32376034558877	0.0
175.0	26.346672925712944	23.683225197132014	23.64187078422497	26.32823109293007	0.0
176.0	26.286038414896527	23.64410615789562	23.74050664744245	26.3293487797654	0.0
177.0	26.346393504004112	23.58263338195271	23.792758506993923	26.27821460704925	0.0
178.0	26.43105828178003	23.604707696950392	23.769845926869753	26.19438809439983	0.0
179.0	26.31230405552668	23.698034547700082	23.641311940807306	26.34834945596593	0.0
180.0	26.34527581716879	23.80337653192952	23.605266540368056	26.24608111053364	0.0
181.0	26.357290950648537	23.74777161187207	23.635444084921843	26.259493352557545	0.0
182.0	26.27039079920197	23.705020090420863	23.772919565666896	26.251669544710264	0.0
183.0	26.18460833459073	23.7435802862396	23.7240207666214	26.347790612548273	0.0
184.0	26.262169019436897	23.73308073187361	23.70402038694967	26.300729861739818	0.0
185.0	26.35557107928746	23.767516590988475	23.661613691931542	26.21529863779253	0.0
186.0	26.2354173943416	23.777575969263008	23.719734544184423	26.26727209221097	0.0
187.0	26.264198393293746	23.731470485504715	23.760530911631157	26.243800209570377	0.0
188.0	26.277331470485503	23.722808243101642	23.78484107579462	26.215019210618234	0.0
189.0	26.223754729318138	23.698284871211655	23.748023047217735	26.32993735225247	0.0
190.0	26.2799197482913	23.793290375942373	23.71896253988834	26.207827335877994	0.0
191.0	26.19225255886865	23.812637444009464	23.74278026003638	26.2523297370855	0.0
192.0	26.224107434760374	23.766531702587233	23.650009919720123	26.35935094293227	0.0
193.0	26.295155809898514	23.74368489292261	23.746758617606297	26.214400679572584	0.0
194.0	26.238990477042073	23.679136674565207	23.789231904144497	26.292640944248223	0.0
195.0	26.329040352529265	23.59593261258945	23.777562305970587	26.297464728910697	0.0
196.0	26.344967879487303	23.717484792006058	23.649583229711265	26.287964098795374	0.0
197.0	26.256388475176813	23.706307580105683	23.699042392370433	26.338261552347074	0.0
198.0	26.340776425024657	23.641759181381	23.72195567676621	26.29550871682813	0.0
199.0	26.289081819985416	23.60599210329979	23.782312621028247	26.322613455686543	0.0
200.0	26.352791927817563	23.681997144222358	23.644832914653605	26.320378013306474	0.0
201.0	26.29858245010073	23.648465508521227	23.742074658186887	26.31087738319115	0.0
202.0	26.35586566109017	23.59202058842432	23.792092681441076	26.26002106904443	0.0
203.0	26.441650762425567	23.60263893972968	23.77672401507806	26.178986282766697	0.0
204.0	26.313112825571228	23.71105789516334	23.650421520603793	26.32540775866164	0.0
205.0	26.348879903652435	23.802152172151416	23.599285776159565	26.249682148036584	0.0
206.0	26.371513757750698	23.745986682352022	23.643435763166057	26.239063796731227	0.0
207.0	26.272595432432354	23.70295441653557	23.768899966747796	26.25555018428428	0.0
208.0	26.1999435550799	23.75073699740968	23.71329333754342	26.336026109966998	0.0
209.0	26.249902198576013	23.738920495825276	23.71908077838756	26.29209652721115	0.0
210.0	26.356998549740545	23.767489039224067	23.67192280931184	26.203589601723543	0.0
211.0	26.24019537984782	23.79403521419969	23.729486093995813	26.236283311956676	0.0
212.0	26.262270620090707	23.749605300293126	23.768327339486458	26.219796740129713	0.0
213.0	26.268285526665082	23.727383231106703	23.79556536682827	26.20876587539994	0.0
214.0	26.18899917287014	23.723816868978158	23.75986408244473	26.327319875706973	0.0
215.0	26.250195605034314	23.807088726443563	23.718787025238637	26.223928643283482	0.0
216.0	26.18124813126811	23.816656094650746	23.740649354641302	26.261446419439842	0.0
217.0	26.21757488200792	23.768034135968232	23.64983247779178	26.364558504232065	0.0
218.0	26.282757040423405	23.744348380101826	23.752172625201894	26.220721954272875	0.0
219.0	26.231899447272973	23.652692937501048	23.809177839502375	26.306229775723605	0.0
220.0	26.321113504964217	23.579266810297852	23.786889322949413	26.312730361788518	0.0
221.0	26.335644286468767	23.721221368073078	23.644096450856615	26.299037894601536	0.0
222.0	26.24287083532433	23.715353167850086	23.690203738322978	26.351572258502603	0.0
223.0	26.339276981844904	23.65192071782061	23.715912044061803	26.29289025627269	0.0
224.0	26.28143329393256	23.612240506788947	23.78549213242013	26.32083406685836	0.0
225.0	26.321392943070077	23.6971896909694	23.666730937431012	26.31468642852951	0.0
226.0	26.294846323013683	23.648567460550325	23.755871693199314	26.300714523236675	0.0
227.0	26.350042893988974	23.60231264268888	23.789537219966522	26.25810724335562	0.0
228.0	26.449802855314523	23.61432854839476	23.765225968887187	26.170642627403527	0.0
229.0	26.30812694385219	23.716603466728518	23.64478747216082	26.330482117258473	0.0
230.0	26.35730832534602	23.802670884342717	23.593091133658785	26.24692965665248	0.0
231.0	26.365412075705798	23.742032476478165	23.642272515152616	26.25028293266342	0.0
232.0	26.274314744075177	23.7154857080582	23.76857924489813	26.24162030296849	0.0
233.0	26.200542671834437	23.747341830162156	23.719677303071883	26.332438194931523	0.0
234.0	26.25553295180184	23.748379236340874	23.71764061521953	26.278447196637757	0.0
235.0	26.353690740663115	23.778904863701776	23.667966075645165	26.199438319989945	0.0
236.0	26.234927554456416	23.813276327003955	23.72106020594934	26.230735912590298	0.0
237.0	26.26091573402635	23.739782872951334	23.769403808805244	26.22989758421707	0.0
238.0	26.250855793547668	23.729443489681575	23.818026854452224	26.201673862318536	0.0
239.0	26.188054346185872	23.716375952203972	23.779530199466823	26.316039502143333	0.0
240.0	26.247030878859857	23.79209165851614	23.748218527315913	26.21265893530809	0.0
241.0	26.19160732849685	23.810348874903585	23.75138331526174	26.24666048133782	0.0
242.0	26.212534059945504	23.776706490602947	23.651226158038146	26.3595332914134	0.0
243.0	26.2801343714891	23.745856785927884	23.766537921937093	26.20747092064592	0.0
244.0	26.237196238174427	23.655622475929626	23.81045541565937	26.296725870236582	0.0
245.0	26.312023634173404	23.58610010984189	23.80690187178405	26.294974384200653	0.0
246.0	26.32908844936886	23.733802171263736	23.66196710680784	26.275142272559567	0.0
247.0	26.228371767994407	23.71991614255765	23.70649895178197	26.34521313766597	0.0
248.0	26.31909969139944	23.659097007916273	23.729538440896285	26.292264859788006	0.0
249.0	26.281363209445864	23.61437228856389	23.79019634151796	26.314068160472292	0.0
