# Position (bp)	A	C	G	T	N
0.0	26.30952082095568	23.752262844168488	23.680019190592148	26.258197144283685	0.0
1.0	26.317888811717417	23.618096058955285	23.844589675572998	26.219425453754297	0.0
2.0	26.199315513629756	23.716030202194037	23.756753515175014	26.32790076900119	0.0
3.0	26.355674560008925	23.73832036370736	23.629542855549047	26.276462220734665	0.0
4.0	26.290937083377496	23.786600025659762	23.654117555182435	26.268345335780307	0.0
5.0	26.23512743134772	23.705744869556487	23.795273130923228	26.26385456817256	0.0
6.0	26.315216997208225	23.84640485507024	23.601531712187597	26.236846435533938	0.0
7.0	26.282866481487677	23.770679249913545	23.645181441941926	26.301272826656852	0.0
8.0	26.2758516832876	23.854661669232314	23.602280079423508	26.26720656805658	0.0
9.0	26.191518612816054	23.69791158319785	23.873875130020608	26.236694673965484	0.0
10.0	26.40277739047991	23.65048381249826	23.664705390256824	26.28203340676501	0.0
11.0	26.21678146175511	23.721033992359388	23.709600959259365	26.35258358662614	0.0
12.0	26.267811829006444	23.67028247957391	23.724101391483785	26.33780429993586	0.0
13.0	26.2424360726137	23.75059256573994	23.744457767491145	26.262513594155212	0.0
14.0	26.266975265608878	23.903125958562228	23.651041521429967	26.17885725439893	0.0
15.0	26.199771339338003	23.74250578623017	23.659686009871447	26.398036864560385	0.0
16.0	26.26585984774546	23.75700621845459	23.758121636318005	26.219012297481942	0.0
17.0	26.296812693455283	23.751707983603357	23.714899194110593	26.23658012883076	0.0
18.0	26.262792448621063	23.685061766264187	23.74613089428627	26.30601489082848	0.0
19.0	26.27534089958451	23.71657232090572	23.78238197484733	26.22570480466245	0.0
20.0	26.338493971200073	23.619120386378594	23.69496837807993	26.347417264341406	0.0
21.0	26.29415635840407	23.537416483553255	23.736796314679935	26.43163084336274	0.0
22.0	26.257347774196067	23.728151874449267	23.684371967474597	26.33012838388007	0.0
23.0	26.407649493045408	23.59597559479326	23.606572005398593	26.38980290676274	0.0
24.0	26.19711554549206	23.706959053238595	23.716997758022597	26.37892764324674	0.0
25.0	26.332638060076068	23.727315315717266	23.662621440442596	26.27742518376407	0.0
26.0	26.33431117754007	23.604620035023927	23.827423510646604	26.233645276789396	0.0
27.0	26.219144925434733	23.72006514003993	23.736517461769267	26.32427247275607	0.0
28.0	26.365821556445407	23.742931078714598	23.62441859168126	26.266828773158736	0.0
29.0	26.29415635840407	23.78420130949327	23.65035191237326	26.271290419729397	0.0
30.0	26.2294624831294	23.683814261653264	23.811528894738604	26.275194360478732	0.0
31.0	26.314512620882734	23.831606304306604	23.611870210701262	26.2420108641094	0.0
32.0	26.272684684282734	23.75826798880127	23.656765529318598	26.312281797597404	0.0
33.0	26.27017500808673	23.839971891626604	23.615216445629258	26.274636654657403	0.0
34.0	26.21412557304273	23.67740064470793	23.866741771050606	26.24173201119873	0.0
35.0	26.40513981684941	23.644774854159927	23.658159793871928	26.291925535118736	0.0
36.0	26.226673954022733	23.71086299398793	23.701660847935933	26.360802204053407	0.0
37.0	26.267107626069404	23.678516056350595	23.71420922891593	26.340167088664074	0.0
38.0	26.246472510680068	23.753527489319932	23.739305990875934	26.26069400912407	0.0
39.0	26.269617302265402	23.89016541554661	23.649794206551928	26.190423075636065	0.0
40.0	26.209385073561396	23.734007785573265	23.652303882747926	26.404303258117405	0.0
41.0	26.262367126588064	23.763566194103934	23.7496235485706	26.224443130737395	0.0
42.0	26.3014065340814	23.7412579612506	23.7228536691466	26.2344818355214	0.0
43.0	26.2679441848014	23.686881643670596	23.738190579233265	26.306983592294735	0.0
44.0	26.274078948836067	23.7228536691466	23.78001851583327	26.22304886618407	0.0
45.0	26.338625932060655	23.62233487816984	23.70459602804129	26.33444316172821	0.0
46.0	26.300423296357643	23.53700636338793	23.73638508256789	26.426185257686534	0.0
47.0	26.25078775507928	23.722721366148562	23.701249811775334	26.325241066996824	0.0
48.0	26.414473500755687	23.599469067019136	23.592218931776227	26.39383850044895	0.0
49.0	26.2019887678674	23.702922919908314	23.71742319039413	26.37766512183016	0.0
50.0	26.334722013083706	23.735548528501397	23.666393392338282	26.263336066076615	0.0
51.0	26.339462486127147	23.597795958886156	23.828127178526216	26.234614376460485	0.0
52.0	26.222066065463146	23.697345892798385	23.740567852900334	26.340020188838135	0.0
53.0	26.3587032296564	23.74168325832232	23.634883189167184	26.264730322854103	0.0
54.0	26.288711539426796	23.777933934536854	23.646316094742538	26.287038431293812	0.0
55.0	26.2334989710385	23.67838400062463	23.809165286352457	26.278951741984418	0.0
56.0	26.298471336869166	23.82701177310423	23.60922886446151	26.26528802556509	0.0
57.0	26.271980458097005	23.740289001544838	23.656075892184912	26.33165464817325	0.0
58.0	26.265845728276084	23.840117786812563	23.612853932082963	26.28118255282839	0.0
59.0	26.19864255160144	23.68117251417959	23.87134913862816	26.248835795590804	0.0
60.0	26.403598297891328	23.64073906763261	23.660258662517357	26.29540397195871	0.0
61.0	26.23266241697201	23.701249811775334	23.694278527887924	26.37180924336473	0.0
62.0	26.276999782495942	23.66973960860424	23.70152866313083	26.351731945768986	0.0
63.0	26.259432147099666	23.740567852900334	23.73833704205636	26.26166295794364	0.0
64.0	26.278115187917926	23.88808021995795	23.640181364921613	26.193623227202504	0.0
65.0	26.217883295130694	23.731365758168952	23.650220013719487	26.400530932980864	0.0
66.0	26.270028498608532	23.76427021811753	23.76287596134005	26.202825321933894	0.0
67.0	26.328029580551792	23.72829839325849	23.70320177126381	26.240470254925906	0.0
68.0	26.272538160808	23.684518730445546	23.732481163590936	26.310461945155517	0.0
69.0	26.26919194454204	23.714634676839164	23.789087988756712	26.227085389862083	0.0
70.0	26.326488500234234	23.63056863051286	23.72091596582417	26.322026903428736	0.0
71.0	26.314219109019117	23.5469136904098	23.72091596582417	26.417951234746916	0.0
72.0	26.27322818836862	23.70836772480871	23.708925424409397	26.309478662413277	0.0
73.0	26.43022062596203	23.573404421442433	23.605750998282286	26.39062395431325	0.0
74.0	26.20156378968033	23.701675329600462	23.71422357061592	26.382537310103288	0.0
75.0	26.340430990251413	23.725377562629664	23.66821335355924	26.26597809355968	0.0
76.0	26.351306132464806	23.584558413456175	23.82799428915609	26.236141164922927	0.0
77.0	26.22944876971468	23.6871751399826	23.73123340843688	26.352142681865843	0.0
78.0	26.36943136948714	23.744060499252683	23.61411649229259	26.272391638967584	0.0
79.0	26.306969014210186	23.77389742788944	23.642001472326946	26.277132085573427	0.0
80.0	26.234468066120865	23.684944341579854	23.807917103531352	26.27267048876793	0.0
81.0	26.301113168402974	23.83217703616124	23.618299239297745	26.24841055613804	0.0
82.0	26.27741093537377	23.75019519486024	23.65343431414103	26.31895955562496	0.0
83.0	26.26597809355968	23.849186873982198	23.61467419189328	26.270160840564838	0.0
84.0	26.187342449862804	23.678530796171952	23.879023802618956	26.255102951346288	0.0
85.0	26.416278135944854	23.638655274722822	23.648693867535194	26.29637272179713	0.0
86.0	26.229727619515025	23.693867535190844	23.704184977803557	26.372219867490575	0.0
87.0	26.264583844557965	23.66960760256096	23.717290918419703	26.34851763446137	0.0
88.0	26.24896825573873	23.74461819885337	23.744060499252683	26.26235304615522	0.0
89.0	26.272391638967584	23.893245142436477	23.63475137751801	26.199611841077925	0.0
90.0	26.223314074107122	23.724541013228635	23.662357507752024	26.38978740491222	0.0
91.0	26.27573783657171	23.760791487273295	23.754377941865393	26.2090927342896	0.0
92.0	26.32314230263011	23.726771811631384	23.697492582595313	26.252593303143197	0.0
93.0	26.280757132977893	23.67462689896714	23.73513730564169	26.309478662413277	0.0
94.0	26.280757132977893	23.709483124010085	23.770272380484975	26.239487362527047	0.0
95.0	26.3327551879716	23.61984061034304	23.71548555844938	26.33191864323598	0.0
96.0	26.31267811431663	23.531724564857313	23.740303052272893	26.41529426855317	0.0
97.0	26.28981255820957	23.69736042251086	23.697639270756067	26.3151877485235	0.0
98.0	26.422823171173782	23.579686463033088	23.605061653347015	26.392428712446115	0.0
99.0	26.200581119743017	23.697081574265653	23.720504826863127	26.38183247912821	0.0
100.0	26.355620744078657	23.713254772487716	23.676167955875055	26.25495652755857	0.0
101.0	26.346697600231998	23.600600081423686	23.821447891628416	26.231254426715893	0.0
102.0	26.24268720476942	23.6778410453463	23.73918765929206	26.34028409059222	0.0
103.0	26.368168915113017	23.73500493561394	23.613427100703255	26.283399048569787	0.0
104.0	26.316024293259122	23.775716779414307	23.624859878756784	26.283399048569787	0.0
105.0	26.237946784600886	23.689552671645036	23.82256328460925	26.24993725914483	0.0
106.0	26.29985109503706	23.82814024951341	23.613148252458046	26.258860402991484	0.0
107.0	26.276985538930003	23.7475531066483	23.66138899887903	26.314072355542667	0.0
108.0	26.265273912631265	23.848496171413593	23.625696423492407	26.260533492462734	0.0
109.0	26.21508122849383	23.666408267292773	23.876102147689185	26.242408356524212	0.0
110.0	26.42115008170254	23.627648361208863	23.66529287431194	26.28590868277666	0.0
111.0	26.222610131114443	23.708235504073976	23.697081574265653	26.372072790545932	0.0
112.0	26.271408574025845	23.66111015063382	23.716322103185007	26.35115917215533	0.0
113.0	26.257466161765443	23.737235721575605	23.744206927705804	26.261091188953152	0.0
114.0	26.279774021382085	23.888929166968754	23.638802291017182	26.192494520631982	0.0
115.0	26.244639142485877	23.709629745300013	23.651350462051543	26.394380650162567	0.0
116.0	26.268620091573762	23.75703394698537	23.760380125927867	26.213965835512997	0.0
117.0	26.331360946745562	23.73054336369061	23.697081574265653	26.24101411529817	0.0
118.0	26.29343758539727	23.666408267292773	23.74560116893184	26.294552978378107	0.0
119.0	26.288139468738326	23.70321623566023	23.77404368994306	26.234600605658386	0.0
120.0	26.32174805362839	23.631962879514578	23.723146764226914	26.32314230263011	0.0
121.0	26.31840185602427	23.523769156981285	23.73597385504272	26.421855131951727	0.0
122.0	26.28382448078167	23.703348428402528	23.70697347580699	26.30585361500881	0.0
123.0	26.431057175363065	23.58874116046133	23.59766435407232	26.382537310103288	0.0
124.0	26.218852477301624	23.69275213598947	23.707252325607335	26.381143061101568	0.0
125.0	26.347959934860686	23.713665871015234	23.68410779217882	26.25426640194526	0.0
126.0	26.336527093046602	23.601289401476787	23.829388538157804	26.2327949673188	0.0
127.0	26.23669886452361	23.67100185156267	23.746291297655432	26.34600798625828	0.0
128.0	26.37919111249916	23.738762353046155	23.615510741294308	26.266535793160372	0.0
129.0	26.309478662413277	23.77919557409597	23.63475137751801	26.27657438597274	0.0
130.0	26.251477903941822	23.676299997769203	23.82799428915609	26.244227809132887	0.0
131.0	26.301670868003658	23.840821379971892	23.617741539697057	26.239766212327392	0.0
132.0	26.270160840564838	23.746848997256116	23.659847859548933	26.32314230263011	0.0
133.0	26.26486269435831	23.859225466794566	23.620530037700494	26.255381801146633	0.0
134.0	26.212438931893722	23.66849220335958	23.87037945880831	26.248689405938386	0.0
135.0	26.419624333548974	23.62499163450599	23.673232649965424	26.282151381979613	0.0
136.0	26.234468066120865	23.69832913199634	23.69414638499119	26.373056416891604	0.0
137.0	26.270439690365183	23.663194057153056	23.715060120016954	26.351306132464806	0.0
138.0	26.265420393958998	23.734858455841344	23.746012447855087	26.253708702344568	0.0
139.0	26.2891226269882	23.88627389742789	23.63447252771767	26.19013094786624	0.0
140.0	26.239487362527047	23.725377562629664	23.65650166194481	26.378633412898477	0.0
141.0	26.277689785174115	23.765531933879135	23.745733598054745	26.21104468289201	0.0
142.0	26.323978852031143	23.733743056639973	23.701117629999775	26.24116046132911	0.0
143.0	26.310036362013967	23.664588306154773	23.737925803645123	26.287449528186137	0.0
144.0	26.297766970798847	23.704184977803557	23.77138777968635	26.226660271711243	0.0
145.0	26.31994289124239	23.63432548645619	23.719932852593598	26.32579876970782	0.0
146.0	26.32105829666438	23.529756228145025	23.7352696771459	26.413915798044695	0.0
147.0	26.293173161114737	23.693163122465936	23.69901900093136	26.31464471548796	0.0
148.0	26.42534870362005	23.579391769423392	23.59584399939768	26.39941552755888	0.0
149.0	26.212027416665272	23.688143798067003	23.720769406660086	26.37905937860764	0.0
150.0	26.349222283569517	23.718538595816113	23.682566770957074	26.249672349657295	0.0
151.0	26.34029904019363	23.61173852666098	23.829800286659193	26.218162146486197	0.0
152.0	26.239354849503922	23.67336467622569	23.738894744767354	26.348385729503033	0.0
153.0	26.371251540653738	23.747539136787744	23.61536359428243	26.265845728276084	0.0
154.0	26.316596674976438	23.76203940727356	23.627354202568778	26.294009715181225	0.0
155.0	26.257201336255697	23.663326027427818	23.833425354280646	26.24604728203584	0.0
156.0	26.307394580245052	23.829800286659193	23.618430959192892	26.244374173902855	0.0
157.0	26.289269242137784	23.74698143407675	23.648825756942003	26.314923566843458	0.0
158.0	26.27030734996403	23.85071413832143	23.61926751325938	26.259710998455166	0.0
159.0	26.20589268684435	23.674758933003172	23.890311030801918	26.229037349350552	0.0
160.0	26.423117892776077	23.62902731070176	23.66973960860424	26.278115187917926	0.0
161.0	26.249951201012788	23.698182446864873	23.693999676532428	26.357866675589907	0.0
162.0	26.26723998505357	23.65942210845087	23.719654001238098	26.353683905257462	0.0
163.0	26.266124579631583	23.731086906813452	23.7430775150998	26.259710998455166	0.0
164.0	26.29819248551367	23.881945490137028	23.63990251356612	26.179959510783178	0.0
165.0	26.252739714567753	23.716865487683137	23.658585554384377	26.37180924336473	0.0
166.0	26.284528769094344	23.745866028654767	23.754231569319657	26.215373632931225	0.0
167.0	26.33834708070516	23.72439447428154	23.69762474415388	26.23963370085942	0.0
168.0	26.3040483639791	23.67113386538172	23.741404406966822	26.28341336367236	0.0
169.0	26.311298499222	23.700413257708846	23.762318258629055	26.225969984440095	0.0
170.0	26.326503296041402	23.640034354678594	23.72843072735993	26.305031621920072	0.0
171.0	26.311445238865407	23.527935484590586	23.747392725285266	26.413226551258738	0.0
172.0	26.293319799672073	23.69329526061593	23.709468729434597	26.3039162102774	0.0
173.0	26.434698225380078	23.57812900851059	23.60406232920259	26.383110436906744	0.0
174.0	26.219423778345398	23.683814261653264	23.72592105116393	26.370840908837405	0.0
175.0	26.34546529396674	23.724805639521264	23.683814261653264	26.24591480485873	0.0
176.0	26.34630185269874	23.609360534505257	23.83272171594927	26.21161589684673	0.0
177.0	26.2344818355214	23.677121791797262	23.747392725285266	26.34100364739607	0.0
178.0	26.368331232641406	23.739863696697267	23.625534003323928	26.2662710673374	0.0
179.0	26.306147033562738	23.756594871337267	23.64616911871326	26.291088976386735	0.0
180.0	26.252886127625402	23.664294557906594	23.840808450358605	26.2420108641094	0.0
181.0	26.300848828260072	23.838298774162606	23.620235798021262	26.240616599556066	0.0
182.0	26.271848125550733	23.7538063422306	23.66401570499593	26.310329827222738	0.0
183.0	26.266828773158736	23.85391453715994	23.628043679519926	26.2512130101614	0.0
184.0	26.216635249238728	23.676285233065265	23.883751798601274	26.22332771909473	0.0
185.0	26.419082462382743	23.63613041392926	23.66485226372793	26.27993485996007	0.0
186.0	26.2497002281055	23.685883671773478	23.69341282633308	26.371003273787945	0.0
187.0	26.271451119055456	23.655767053535076	23.701778553621523	26.371003273787945	0.0
188.0	26.262527676614443	23.723808302147763	23.739982041572087	26.273681979665703	0.0
189.0	26.27647055542852	23.898094287323694	23.6448916080601	26.18054354918769	0.0
190.0	26.243844219003588	23.726039162758013	23.646007038365223	26.384109579873176	0.0
191.0	26.300173449412444	23.745838050674	23.752809490081038	26.201179009832522	0.0
192.0	26.33921351009186	23.715163717283037	23.707355705147155	26.238267067477956	0.0
193.0	26.302198798120497	23.66949707895874	23.749529426527797	26.278774696392965	0.0
194.0	26.303035373182194	23.71216240710531	23.77295352825532	26.211848691457174	0.0
195.0	26.32716402260996	23.633377300245677	23.73432458735705	26.305134089787312	0.0
196.0	26.306807249242198	23.540795810408724	23.743805824268062	26.408591116081016	0.0
197.0	26.279200118236602	23.704207717169126	23.722054751354563	26.29453741323971	0.0
198.0	26.430621048903664	23.577047598597893	23.614693686332796	26.377637666165647	0.0
199.0	26.217850938224164	23.679946905073297	23.73544002699364	26.3667621297089	0.0
200.0	26.34696307615943	23.725401070264333	23.679946905073297	26.24768894850294	0.0
201.0	26.3503093950692	23.59489463278333	23.847262850561762	26.20753312158571	0.0
202.0	26.250198687685266	23.66907136861655	23.74770986299613	26.333020080702056	0.0
203.0	26.3832148643486	23.749661882360158	23.610789647604733	26.25633360568651	0.0
204.0	26.322423404154456	23.7452001238138	23.64146423761095	26.290912234420794	0.0
205.0	26.265814842597525	23.643137397065836	23.844753111379436	26.246294648957203	0.0
206.0	26.31322102715259	23.84307995192455	23.605770169240078	26.237928851682778	0.0
207.0	26.279757838054895	23.755796800361402	23.67660058616353	26.287844775420172	0.0
208.0	26.28652377845076	23.845656187082056	23.623404219719912	26.244415814747267	0.0
209.0	26.217366328129792	23.683080406690426	23.899197438943453	26.200355826236326	0.0
210.0	26.414799694368686	23.645434213975385	23.676945471581305	26.262820620074624	0.0
211.0	26.252237881973688	23.69505686032828	23.697008906909687	26.35569635078835	0.0
212.0	26.258930613109943	23.67609412210888	23.71095209677689	26.354023168004282	0.0
213.0	26.25558424754181	23.74525234385022	23.75361825777054	26.24554515083743	0.0
214.0	26.282501756851723	23.89708753025689	23.649455097100915	26.17095561579047	0.0
215.0	26.241508550011712	23.7239121462593	23.646666443574386	26.387912860154607	0.0
216.0	26.270510546687635	23.77187698691564	23.754866200403796	26.20274626599293	0.0
217.0	26.317081060580712	23.724191011611953	23.714709589621748	26.244018338185594	0.0
218.0	26.282017317586693	23.675734463670715	23.759673168895272	26.282575049847324	0.0
219.0	26.283411648238264	23.717564383217837	23.794252569054226	26.204771399489672	0.0
220.0	26.312560479429326	23.630132211169766	23.73275551948867	26.324551789912242	0.0
221.0	26.301963507374655	23.525556829051318	23.758132478882747	26.414347184691277	0.0
222.0	26.281327298636615	23.69371404349778	23.729130239575227	26.295828418290373	0.0
223.0	26.410164169406542	23.57770508626772	23.624554857456783	26.38757588686896	0.0
224.0	26.2171877309373	23.685069145242657	23.731640048746073	26.366103075073973	0.0
225.0	26.346861204764178	23.7386117408873	23.682001600700517	26.23252545364801	0.0
226.0	26.353422143890953	23.60656012002532	23.840810282466656	26.199207453617074	0.0
227.0	26.229883070127247	23.68157594585475	23.762448025745208	26.326092958272795	0.0
228.0	26.382013949117233	23.73887654110974	23.625376126986605	26.25373338278642	0.0
229.0	26.31871027834094	23.747800406593623	23.648243532289055	26.285245782776386	0.0
230.0	26.26349386065942	23.652147723438254	23.83954889859979	26.244809517302535	0.0
231.0	26.30519232431739	23.8458170541598	23.60793893810986	26.24105168341295	0.0
232.0	26.2789783232521	23.742076539305664	23.675426047235398	26.30351909020684	0.0
233.0	26.275705130707838	23.850066650677938	23.619717445745234	26.25451077286899	0.0
234.0	26.214353042226968	23.691387840016063	23.899148321462636	26.195110796294337	0.0
235.0	26.408727613459533	23.635334340994905	23.68859910872148	26.267338936824082	0.0
236.0	26.255361395719806	23.705317054397597	23.69583526222733	26.343486287655267	0.0
237.0	26.267088332245702	23.67964571167222	23.70139830106699	26.351867655015088	0.0
238.0	26.246730139607006	23.745740117910188	23.748250032071123	26.259279710411683	0.0
239.0	26.271271522513928	23.909721176424657	23.645622430823977	26.173384870237438	0.0
240.0	26.237714884929886	23.733001639874608	23.66411575060519	26.36516772459031	0.0
241.0	26.267407062393495	23.754486859463334	23.777914750367454	26.20019132777572	0.0
242.0	26.309066263548075	23.722450618902318	23.738906336287926	26.22957678126168	0.0
243.0	26.277445555158874	23.66398161370939	23.780848357729383	26.27772447340236	0.0
244.0	26.280277588726864	23.717212063059947	23.80312175746689	26.1993885907463	0.0
245.0	26.31379287260393	23.637114230245686	23.734742150715192	26.31435074643519	0.0
246.0	26.309608491289733	23.536270694729208	23.752737213551473	26.401383600429583	0.0
247.0	26.293692638156614	23.70937595893659	23.730856138589004	26.266075264317795	0.0
248.0	26.403135592038275	23.589192808223956	23.639685882861645	26.367985716876124	0.0
249.0	26.199489489908363	23.69213172834168	23.75741006792853	26.35096871382143	0.0
