# Position (bp)	A	C	G	T	N
0.0	26.242984280315735	23.74443773618658	23.68601999060844	26.32655799288925	0.0
1.0	26.131459493302923	23.753382080007153	23.79195456273339	26.32320386395653	0.0
2.0	26.093822053912046	23.796760805466665	23.765179357471247	26.34423778315004	0.0
3.0	26.14777097120372	23.9402611339653	23.732617152566625	26.17935074226435	0.0
4.0	26.113795329367086	23.797201644250574	23.75332888085331	26.33567414552903	0.0
5.0	26.32768708889622	23.656106270852078	23.798892359966246	26.217314280285457	0.0
6.0	26.28990844143689	23.72503932519914	23.778963044091718	26.20608918927225	0.0
7.0	26.05339472199096	23.792388625963156	23.90609546904771	26.248121182998176	0.0
8.0	26.192737695483824	23.83659535476229	23.76060878650568	26.210058163248203	0.0
9.0	26.318303587640617	23.823464504901125	23.663678595671815	26.194553311786446	0.0
10.0	26.158087619132747	23.762862984771118	23.900850269829387	26.178199126266744	0.0
11.0	26.38315107330903	23.689892599265374	23.69296518205053	26.233991145375064	0.0
12.0	26.13175793634167	23.774807614418794	23.776483568665242	26.316950880574293	0.0
13.0	26.139299730450695	23.86810240080446	23.757768746246562	26.234829122498287	0.0
14.0	26.28147651569112	23.795757042499407	23.82089635619614	26.101870085613328	0.0
15.0	26.314716274912364	23.816147819164538	23.738774598120138	26.130361307802964	0.0
16.0	26.137065124788762	23.765031214647838	23.85190150975545	26.24600215080795	0.0
17.0	26.178126003826762	23.639055320456418	23.90329743997989	26.27952123573693	0.0
18.0	26.19963408332286	23.830114104551612	23.819499727657433	26.150752084468092	0.0
19.0	26.42113936956188	23.766148517478804	23.61307802963646	26.19963408332286	0.0
20.0	26.354380525411656	23.63430678342481	23.812237259256154	26.199075431907374	0.0
21.0	26.198237454784152	23.79631569391489	23.82257231044259	26.18287454085837	0.0
22.0	26.183712517981593	23.824527590396784	23.8125165849639	26.179243306657728	0.0
23.0	26.292649544000785	23.695479113420205	23.637100040502226	26.374771302076788	0.0
24.0	26.343486822809737	23.74464043798271	23.675088336755074	26.23678440245248	0.0
25.0	26.255219899163418	23.736539992458205	23.675088336755074	26.333151771623303	0.0
26.0	26.137344450496503	23.756930769123336	23.808047373640033	26.297677406740128	0.0
27.0	26.09321098867334	23.80972332788648	23.774528288711053	26.322537394729125	0.0
28.0	26.151869387299058	23.938213153447577	23.741847180905296	26.168070278348065	0.0
29.0	26.09991480565914	23.81810309911873	23.745757740813676	26.33622435440846	0.0
30.0	26.316950880574293	23.65581486292091	23.80720939651681	26.22002485998799	0.0
31.0	26.290973589754334	23.714473261546626	23.780394128573622	26.214159020125415	0.0
32.0	26.05794316296375	23.804628972698783	23.88479522689564	26.25263263744183	0.0
33.0	26.211292548169585	23.829209566320117	23.751836561398413	26.207661324111886	0.0
34.0	26.317156695697836	23.821109143422177	23.665804483723736	26.19592967715625	0.0
35.0	26.152913638318907	23.742898163717925	23.916917593559884	26.187270604403277	0.0
36.0	26.377137877192347	23.70568173248009	23.67439742798325	26.242782962344315	0.0
37.0	26.126584117070333	23.772998851977757	23.783613169574895	26.316803861377014	0.0
38.0	26.12853938610139	23.877745407212707	23.7671330448846	26.226582161801304	0.0
39.0	26.269318756337167	23.803445184032714	23.81685274310279	26.11038331652733	0.0
40.0	26.317083185524304	23.828863681436395	23.735010767945877	26.11904236509342	0.0
41.0	26.130215330985145	23.760987913644147	23.863779199848047	26.245017555522658	0.0
42.0	26.169320711606197	23.651213523757917	23.911264304887894	26.268201459747992	0.0
43.0	26.188594077769427	23.830539626320153	23.82132192945948	26.159544366450938	0.0
44.0	26.427416223705123	23.765457100000837	23.622443136586714	26.184683539707326	0.0
45.0	26.34976411075761	23.634733399067617	23.806238425505647	26.209264064669124	0.0
46.0	26.19222529168424	23.797300052792263	23.83780205414978	26.172672601373716	0.0
47.0	26.19054934680048	23.822997874343237	23.809590315273166	26.176862463583113	0.0
48.0	26.299765088392125	23.697860656355882	23.633895426625738	26.36847882862626	0.0
49.0	26.329373448005207	23.75428413410911	23.682497828254757	26.233844589630927	0.0
50.0	26.25395592823604	23.74143522333362	23.678866614339945	26.325742234090395	0.0
51.0	26.12965668269056	23.76489845170625	23.81182490845151	26.293619957151677	0.0
52.0	26.097813729899137	23.81098693600963	23.776350741745272	26.314848592345957	0.0
53.0	26.16624814598597	23.9232752432215	23.73082090573648	26.17965570505605	0.0
54.0	26.09697575745726	23.8040038323273	23.748976975310537	26.3500434349049	0.0
55.0	26.312893323314906	23.659593248176712	23.795624107908505	26.231889320599876	0.0
56.0	26.285240232732882	23.728865636705425	23.775792093450686	26.210102037111007	0.0
57.0	26.05360774060915	23.817624187169002	23.89136555607696	26.237402516144893	0.0
58.0	26.21589461688007	23.835780206028915	23.747793345400105	26.20053183169091	0.0
59.0	26.323992759938324	23.81203771982749	23.656454604366385	26.2075149158678	0.0
60.0	26.159471296730803	23.743882818261046	23.920694509619896	26.175951375388262	0.0
61.0	26.38704613571167	23.702476753377706	23.683762140057933	26.226714970852687	0.0
62.0	26.117499839389513	23.765045012834875	23.792697948934244	26.324757198841368	0.0
63.0	26.140404291512226	23.879846596035296	23.757223980402728	26.22252513204975	0.0
64.0	26.257440455407544	23.807781368624813	23.808060691211676	26.126717484755968	0.0
65.0	26.331460940926064	23.822306143141653	23.72649849584787	26.119734420084413	0.0
66.0	26.13034867838518	23.761134496618798	23.869790982908253	26.238725842087767	0.0
67.0	26.166381292090424	23.665885494498742	23.89353340279155	26.274199810619287	0.0
68.0	26.18900642162627	23.83375836920301	23.82705462711831	26.150180582052407	0.0
69.0	26.434251652891405	23.760296528858213	23.60806571901824	26.19738609923214	0.0
70.0	26.339281973358215	23.631808138901537	23.817836981751856	26.2110729059884	0.0
71.0	26.20408984131684	23.794094561868555	23.829847852986934	26.17196774382767	0.0
72.0	26.197944744405866	23.81476443329637	23.81252985260147	26.174760969696294	0.0
73.0	26.297942230502585	23.688510624034592	23.648567494113276	26.364979651349547	0.0
74.0	26.32224329555961	23.748285657623132	23.680410269015585	26.249060777801674	0.0
75.0	26.247384842280503	23.73711275414864	23.686834688513418	26.328667715057442	0.0
76.0	26.151018549812992	23.762531109553112	23.799960336192665	26.286490004441227	0.0
77.0	26.09208148398504	23.80079830395325	23.796608465150317	26.31051174691139	0.0
78.0	26.166660614677284	23.920627693717197	23.730967657237667	26.18174403436785	0.0
79.0	26.10046116159091	23.795211852216006	23.772307400093293	26.332019586099793	0.0
80.0	26.32447787625451	23.66784075260678	23.80079830395325	26.20688306718546	0.0
81.0	26.274479133206146	23.74102327036471	23.781804368046615	26.20269322838253	0.0
82.0	26.05374151560012	23.81693248791933	23.878941928996397	26.250384067484152	0.0
83.0	26.22636239211195	23.83927823245161	23.744029496382783	26.19032987905366	0.0
84.0	26.33222535683361	23.8021284321667	23.648780760313958	26.216865450685734	0.0
85.0	26.14843160805564	23.747660679869277	23.915533085668	26.188374626407086	0.0
86.0	26.384943479390298	23.704578909586576	23.679719338232623	26.2307582727905	0.0
87.0	26.128247456083752	23.747035705606812	23.79647552728827	26.328241311021173	0.0
88.0	26.163721226442764	23.867423068006293	23.738935395839793	26.22992030971115	0.0
89.0	26.27433235291653	23.800665342685	23.797872132420512	26.127130171977957	0.0
90.0	26.341928041317164	23.816307320166143	23.718265639882574	26.12349899863412	0.0
91.0	26.1290854191631	23.761560398982155	23.874126772641063	26.235227409213685	0.0
92.0	26.160090053098926	23.667149892042424	23.89004807114865	26.28271198371	0.0
93.0	26.20701598554234	23.8389323233085	23.81854188837773	26.135509802771423	0.0
94.0	26.43214873286016	23.77245391901366	23.600392166721136	26.19500518140504	0.0
95.0	26.337179583867538	23.626648343207332	23.814352072981	26.221819999944135	0.0
96.0	26.204222775277852	23.787537254441904	23.822452382748015	26.18578758753223	0.0
97.0	26.209250553753932	23.804017195002388	23.80932429450492	26.177407956738758	0.0
98.0	26.271818463678493	23.693126747502173	23.66547396588373	26.369580822935607	0.0
99.0	26.329358595126966	23.74172860610428	23.678881375153278	26.25003142361548	0.0
100.0	26.24584160821874	23.740890643024933	23.686423042867396	26.326844705888924	0.0
101.0	26.16651443670725	23.74508045842167	23.791447748812185	26.296957356058893	0.0
102.0	26.10785702115298	23.78530268623031	23.79563756420892	26.311202728407785	0.0
103.0	26.17908388289745	23.89842770194212	23.717148355776775	26.20534005938365	0.0
104.0	26.106739737047185	23.793123674970882	23.7755264503046	26.324610137677336	0.0
105.0	26.33075520025921	23.6732949546243	23.80094466371145	26.19500518140504	0.0
106.0	26.272377105731387	23.735862864548853	23.787257933415454	26.204502096304306	0.0
107.0	26.063372177468914	23.81568215590539	23.88802609968381	26.23291956694189	0.0
108.0	26.22007083561445	23.833837971911557	23.744176172865714	26.20191501960828	0.0
109.0	26.32286068623398	23.816799436890385	23.642503603231177	26.21783627364446	0.0
110.0	26.15415125749975	23.75199713976068	23.9126062813537	26.181245321385877	0.0
111.0	26.389265194280654	23.702211930851675	23.679307734635337	26.229215140232338	0.0
112.0	26.132849924444084	23.748578962216456	23.77790750615201	26.340663607187448	0.0
113.0	26.17279260808965	23.8538824009184	23.745506448089873	26.227818542902074	0.0
114.0	26.282844477714495	23.80192898023256	23.794387354649132	26.12083918740381	0.0
115.0	26.347646593838768	23.81421903673889	23.72595408546617	26.11218028395617	0.0
116.0	26.123353062598287	23.759193101926463	23.863658582230254	26.253795253244995	0.0
117.0	26.163854385175956	23.670648831187695	23.891031889903438	26.274464893732908	0.0
118.0	26.199048637898624	23.84689941426708	23.821760662322315	26.132291285511975	0.0
119.0	26.442056573364653	23.767014046975948	23.60389147880105	26.18703790085835	0.0
120.0	26.312173021650054	23.637968453659504	23.806677411155462	26.243181113534988	0.0
121.0	26.19569680430599	23.787125048531756	23.82287794018653	26.194300206975722	0.0
122.0	26.200165915762835	23.798577146639925	23.810867203146255	26.190389734450985	0.0
123.0	26.25519185057526	23.69606690259851	23.66450380293453	26.3842374438917	0.0
124.0	26.356026177820358	23.72427816866985	23.67288338691612	26.246812266593672	0.0
125.0	26.23899132154419	23.72679204386433	23.69215643007377	26.342060204517715	0.0
126.0	26.177261719546497	23.760310379790678	23.786287090133598	26.276140810529224	0.0
127.0	26.128939451919344	23.784890492803335	23.78070070081254	26.305469354464783	0.0
128.0	26.193182929111515	23.886562778446592	23.713105390027735	26.207148902414158	0.0
129.0	26.094303838128784	23.807794689019673	23.77399703362727	26.323904439224272	0.0
130.0	26.337311773594813	23.673721345314277	23.780142061880436	26.208824819210474	0.0
131.0	26.284799713976863	23.718412459882742	23.79047688212439	26.206310944015996	0.0
132.0	26.071545287714628	23.835301149964668	23.889489429095754	26.203664133224958	0.0
133.0	26.208971232727485	23.84954652231356	23.740332000972035	26.201150243986916	0.0
134.0	26.32293421151864	23.809603615531366	23.654301124825775	26.213161048124217	0.0
135.0	26.17887768498087	23.755481690455575	23.897935811848832	26.167704812714724	0.0
136.0	26.394867168143815	23.70610794700692	23.685158752992244	26.21386613185702	0.0
137.0	26.13593513012243	23.739068012256677	23.78152504545975	26.343471812161145	0.0
138.0	26.17085045348022	23.85414891804396	23.745771754341373	26.229228874134446	0.0
139.0	26.294590359460233	23.808340013798535	23.789066755305036	26.10800287143619	0.0
140.0	26.349058263898396	23.792977271521107	23.72286730221866	26.13509716236184	0.0
141.0	26.13370054942753	23.74688904468882	23.8538695954571	26.26554081042655	0.0
142.0	26.17559893745688	23.667561430019916	23.872863531363738	26.283976101159467	0.0
143.0	26.185933873170786	23.846607208198677	23.832082433681833	26.1353764849487	0.0
144.0	26.433972330304545	23.76923485163781	23.621193880600767	26.17559893745688	0.0
145.0	26.31051174691139	23.645774268244654	23.79940169101894	26.24431229382502	0.0
146.0	26.194459884862585	23.786127086900535	23.833612191940382	26.185800836296497	0.0
147.0	26.198091098777397	23.81545612236632	23.82188057775407	26.164572201102214	0.0
148.0	26.2741406568605	23.708261872706043	23.651558912420462	26.366038558012995	0.0
149.0	26.337547415406448	23.729490567197196	23.693178326620224	26.23978369077613	0.0
150.0	26.25095668787674	23.739546264587744	23.711893096763742	26.297603950771776	0.0
151.0	26.171142861133223	23.750785603553023	23.7910085054678	26.287063029845953	0.0
152.0	26.11499839387718	23.789611876929094	23.779276825742656	26.316112903451067	0.0
153.0	26.177288026703536	23.896593622994093	23.722853032778872	26.2032653175235	0.0
154.0	26.096842222873985	23.819499727657433	23.75916537478527	26.324492674683313	0.0
155.0	26.33734165723942	23.66028407424477	23.786539294143935	26.215834974371866	0.0
156.0	26.271141464504687	23.733188083965306	23.78905322551361	26.206617226016398	0.0
157.0	26.082742323388352	23.819632796373213	23.892537213375306	26.205087666863125	0.0
158.0	26.203970357790297	23.837789068806686	23.73974519766594	26.218495375737078	0.0
159.0	26.348103228185238	23.819353469105007	23.65119845364424	26.181344849065514	0.0
160.0	26.183652605292707	23.7361802448031	23.897911184853715	26.182255965050476	0.0
161.0	26.377021293236613	23.70021312789629	23.695185208979865	26.22758036988723	0.0
162.0	26.128139306873443	23.746302384630212	23.774235267499254	26.351323040997094	0.0
163.0	26.162496752802365	23.863899821508877	23.750212988231876	26.223390437456878	0.0
164.0	26.280094189681037	23.80440278099782	23.795184929651032	26.120318099670115	0.0
165.0	26.351323040997094	23.809151371085555	23.711106952215218	26.128418635702133	0.0
166.0	26.127859978044754	23.754961578319612	23.849095393588286	26.26808305004735	0.0
167.0	26.173949234778675	23.677028835114985	23.87088304222614	26.278138887880203	0.0
168.0	26.187077689727122	23.863899821508877	23.810548015229006	26.13847447353499	0.0
169.0	26.45551269409862	23.775911240471395	23.610548573886664	26.15802749154332	0.0
170.0	26.304395797777104	23.6415540738713	23.808034055770793	26.2460160725808	0.0
171.0	26.191693272886234	23.793641881681236	23.84392135173562	26.170743493696907	0.0
172.0	26.202028497286307	23.818781616708424	23.834424118503126	26.144765767502143	0.0
173.0	26.27472779177537	23.72890351342745	23.65264610416818	26.343722590629	0.0
174.0	26.33813596724004	23.738680104358124	23.681417214621312	26.241766713780525	0.0
175.0	26.255733272252918	23.73951809786647	23.704601701685483	26.30014692819513	0.0
176.0	26.160275086104072	23.74712637256737	23.807462073704528	26.28513646762403	0.0
177.0	26.109716003206728	23.78846750112431	23.802434098609766	26.299382397059194	0.0
178.0	26.165861725098257	23.889585666918997	23.738746414076097	26.205806193906657	0.0
179.0	26.096028737670984	23.816680028044928	23.772545579990894	26.31474565429319	0.0
180.0	26.33988552976701	23.67086875029679	23.778970214834203	26.210275505101997	0.0
181.0	26.266141895043816	23.73762908627726	23.793774808168784	26.202454210510144	0.0
182.0	26.086677188228887	23.81318174834844	23.901171804075478	26.198969259347198	0.0
183.0	26.2271819438819	23.832735094065562	23.733571697928742	26.2065112641238	0.0
184.0	26.339753348510452	23.818489085043087	23.67267699269543	26.16908057375103	0.0
185.0	26.16775700151399	23.75710207433644	23.899841896791564	26.175299027358	0.0
186.0	26.381800761467407	23.703815437732022	23.697670066174478	26.216713734626097	0.0
187.0	26.12146047548416	23.735938970873733	23.789571304466847	26.353029249175265	0.0
188.0	26.159450045112614	23.878399856980444	23.732586950024164	26.22956314788278	0.0
189.0	26.270346068219215	23.792923325316416	23.80661074378549	26.13011986267888	0.0
190.0	26.342973186626555	23.820856832396164	23.715547510705516	26.120622470271766	0.0
191.0	26.131237202962073	23.77169385993581	23.85130435511309	26.245764581989032	0.0
192.0	26.142689940864766	23.697670066174478	23.873651160776888	26.28598883218387	0.0
193.0	26.180958845564017	23.853818370750265	23.80270005279433	26.162522730891386	0.0
194.0	26.449958518741983	23.77169385993581	23.616383560572412	26.161964060749792	0.0
195.0	26.328727098015882	23.629512308899894	23.79376133052881	26.24799926255541	0.0
196.0	26.194233933255305	23.78244145802548	23.84473352682051	26.178591081898706	0.0
197.0	26.21546351723926	23.818196546840564	23.830766695252116	26.135573240668066	0.0
198.0	26.28537109975139	23.719936311070143	23.66714154026649	26.327551048911978	0.0
199.0	26.335372496438445	23.740886616944607	23.705969440487166	26.217771446129778	0.0
200.0	26.24374982541412	23.733344506829802	23.710718176485376	26.312187491270706	0.0
201.0	26.16421174952303	23.755199182097776	23.814139540600408	26.266449527778786	0.0
202.0	26.119238300618175	23.79430652897156	23.790395794284183	26.29605937612608	0.0
203.0	26.188793510415127	23.89430960169167	23.722516613638966	26.194380274254236	0.0
204.0	26.09605323068586	23.81721226071192	23.76944542988751	26.317289078714712	0.0
205.0	26.31980312244231	23.686202648684738	23.783971015869202	26.21002321300375	0.0
206.0	26.26756688054661	23.729779406629813	23.797658587275027	26.204995125548553	0.0
207.0	26.088656850667764	23.80393701447259	23.898633190590722	26.208772944268926	0.0
208.0	26.203465488970267	23.82712221393514	23.757845955300052	26.211566341794533	0.0
209.0	26.355426314363374	23.8131552263071	23.66510515744985	26.16631330187968	0.0
210.0	26.169179800327385	23.732212991569504	23.898699949160022	26.19990725894309	0.0
211.0	26.377362179979606	23.71328407614844	23.692333477659677	26.21702026621227	0.0
212.0	26.132938530944035	23.73227928544492	23.76384485383466	26.37093732977639	0.0
213.0	26.164783440646953	23.851837367487462	23.75602329706552	26.227355894800063	0.0
214.0	26.295235833903657	23.78870623070799	23.80071790717488	26.115340028213474	0.0
215.0	26.346075952903053	23.831166110311884	23.71942958503848	26.10332835174658	0.0
216.0	26.12372026760898	23.772504434543347	23.85658616981158	26.24718912803609	0.0
217.0	26.157241225190997	23.670544855231366	23.870273894157577	26.301940025420063	0.0
218.0	26.183778649943434	23.856865511124766	23.809656829196754	26.149699009735045	0.0
219.0	26.43378912524268	23.78088467393885	23.61802868835286	26.167297512465602	0.0
220.0	26.3114376300683	23.63981731078118	23.806584074751736	26.242160984398787	0.0
221.0	26.19481930706207	23.79330862080043	23.84442836671015	26.167443705427353	0.0
222.0	26.23364796652355	23.81956685093985	23.81509736495867	26.13168781757793	0.0
223.0	26.274226078406176	23.72325982870647	23.650351134973267	26.352162957914082	0.0
224.0	26.33121218385282	23.763485314904102	23.68219631154639	26.223106189696686	0.0
225.0	26.2443363074121	23.730802107368525	23.703426429261807	26.321435155957563	0.0
226.0	26.17876367740187	23.758802841491587	23.811598939608526	26.250834541498016	0.0
227.0	26.109765602085027	23.782267773988007	23.807688117525792	26.300278506401177	0.0
228.0	26.18630597713286	23.876686192842637	23.739807419946867	26.19720041007763	0.0
229.0	26.10026789131267	23.80712942865683	23.777518918601825	26.31508376142868	0.0
230.0	26.334079182973397	23.683659188616154	23.776960229732865	26.205301398677584	0.0
231.0	26.264801763222074	23.727236920395217	23.781709085119044	26.22625223126367	0.0
232.0	26.087563795641643	23.784356065579264	23.903916151506095	26.224163987273	0.0
233.0	26.22109118132628	23.832682922741277	23.744130242276782	26.20209565365566	0.0
234.0	26.353501183030286	23.81145262710941	23.659767751739626	26.17527843812067	0.0
235.0	26.155238590080955	23.74084440943298	23.90063076501908	26.203286235466983	0.0
236.0	26.385214692564045	23.69146621151638	23.68951077862544	26.233808317294127	0.0
237.0	26.133522544744498	23.740072686234033	23.764655271148705	26.361749497872765	0.0
238.0	26.15838447721502	23.869689952147763	23.743145509348366	26.22878006128885	0.0
239.0	26.282973487123474	23.78113677694377	23.819128044539177	26.11676169139358	0.0
240.0	26.334786009610013	23.81746563861884	23.733378031064923	26.114370320706225	0.0
241.0	26.114019746436533	23.775346568400114	23.850219870480363	26.26041381468299	0.0
242.0	26.15316269310184	23.682129715261226	23.87296141176339	26.29174617987354	0.0
243.0	26.1908021760937	23.860750120847527	23.805146288374328	26.143301414684437	0.0
244.0	26.42754751040185	23.773783144111395	23.630993464088814	26.16767588139794	0.0
245.0	26.314230381211345	23.644828732956434	23.784838178703474	26.256102707128743	0.0
246.0	26.211470365474316	23.767987948877753	23.83701919180345	26.183522493844478	0.0
247.0	26.232486381790586	23.809018063517172	23.817961782371373	26.140533772320868	0.0
248.0	26.29829744770892	23.725601455736715	23.63950949946472	26.336591597089644	0.0
249.0	26.3270879395791	23.76193896974762	23.679201245538174	26.231771845135103	0.0
