# Position (bp)	A	C	G	T	N
0.0	26.24045748703215	23.821544627682837	23.634154307762998	26.303843577522017	0.0
1.0	26.144132773099937	23.753453019558346	23.74265800851422	26.359756198827494	0.0
2.0	26.11848587845842	23.788237768896074	23.75806826611162	26.335208086533886	0.0
3.0	26.339999889290517	23.74552318533321	23.71452453045341	26.199952394922864	0.0
4.0	26.226527364560994	23.632187089185635	23.84086348854909	26.30042205770428	0.0
5.0	26.249792439253888	23.689876570542978	23.810261803287762	26.25006918691537	0.0
6.0	26.275618922164966	23.750394350138645	23.768382251199654	26.20560447649673	0.0
7.0	26.301530593890355	23.816771501232832	23.74343803875881	26.138259866118002	0.0
8.0	26.296637583465465	23.856526563671736	23.731172708833157	26.115663144029643	0.0
9.0	26.26288060742233	23.83396606492601	23.671817064937077	26.23133626271458	0.0
10.0	26.23286932124744	23.631966752717805	23.87877580496551	26.256388121069246	0.0
11.0	26.141561039586293	23.666553223043994	23.820393843054898	26.371491894314815	0.0
12.0	26.144051265449775	23.750390827114686	23.804899104348763	26.300658803086773	0.0
13.0	26.2259520271822	23.834228431185377	23.85636377219414	26.08345576943829	0.0
14.0	26.236189622398754	23.797705118520916	23.71331413092501	26.252791128155323	0.0
15.0	26.17753096872553	23.721891575565905	23.765608874058213	26.334968581650354	0.0
16.0	26.256315472007174	23.677555379703055	23.794042289451987	26.27208685883779	0.0
17.0	26.320231092320718	23.73012666913844	23.733446961102782	26.216195277438064	0.0
18.0	26.30335294150199	23.807323457309344	23.590951097633187	26.298372503555477	0.0
19.0	26.188802868732257	23.75641231385613	23.690559856563386	26.364224960848226	0.0
20.0	26.27505775908582	23.731721151584743	23.77599158861696	26.21722950071248	0.0
21.0	26.18485674363267	23.81749512333467	23.727294107881523	26.270354025151143	0.0
22.0	26.14169306752625	23.946156080959565	23.72425051533556	26.187900336178632	0.0
23.0	26.31019741848014	23.79702004620727	23.796466665744365	26.096315869568226	0.0
24.0	26.27948480278904	23.693261209413002	23.767690881673424	26.25956310612454	0.0
25.0	26.24600528478342	23.81777181356612	23.64041337520579	26.295809526444668	0.0
26.0	26.15884786187624	23.74721580454602	23.746385733851668	26.347550599726077	0.0
27.0	26.125921724333523	23.787059197875017	23.75136615801779	26.335652919773665	0.0
28.0	26.348934050883333	23.732551222279096	23.71511973769766	26.203394989139912	0.0
29.0	26.219166332332637	23.63847654358563	23.854571614349155	26.28778550973258	0.0
30.0	26.232724153673754	23.699901774967834	23.81943195495483	26.247942116403582	0.0
31.0	26.266757052142275	23.756346582183916	23.767414191441972	26.20948217423184	0.0
32.0	26.299129809222084	23.81777181356612	23.74942932639763	26.133669050814163	0.0
33.0	26.300789950610792	23.84765435856287	23.728677559038776	26.12287813178756	0.0
34.0	26.257626274504382	23.832436395833046	23.675276344368662	26.23466098529391	0.0
35.0	26.214739288629413	23.635156260808213	23.88971127374348	26.26039317681889	0.0
36.0	26.13311567035126	23.669465849508185	23.81943195495483	26.377986525185726	0.0
37.0	26.13588257266577	23.73891509760248	23.81002448708548	26.315177842646264	0.0
38.0	26.223593376035858	23.834373227453202	23.86148887013544	26.080544526375498	0.0
39.0	26.237151197376978	23.789826100189533	23.72148361302104	26.251539089412447	0.0
40.0	26.200074706362493	23.717056569317823	23.75523982125811	26.32762890306158	0.0
41.0	26.260320517077275	23.682128074019964	23.79003696571264	26.26751444319012	0.0
42.0	26.32976957301282	23.73884941452509	23.720587909777098	26.210793102684992	0.0
43.0	26.31870199437767	23.798337649689	23.5844566925648	26.29850366336853	0.0
44.0	26.191148150607614	23.75987781393187	23.690428757996326	26.358545277464195	0.0
45.0	26.28127619896131	23.72356585329412	23.770326243646537	26.224831704098033	0.0
46.0	26.18913886175803	23.809062661689957	23.723012475893494	26.27878600065852	0.0
47.0	26.141825094004982	23.94104317173791	23.72384254199443	26.193289192262675	0.0
48.0	26.31254202209636	23.79135458487011	23.802145444182205	26.093957948851326	0.0
49.0	26.277125868456658	23.692576718859378	23.772263064548707	26.258034348135258	0.0
50.0	26.250287064526574	23.819576832301745	23.637792356197966	26.292343746973717	0.0
51.0	26.16755714313383	23.74321075101614	23.737953665710247	26.35127844013978	0.0
52.0	26.12909741379072	23.78914107526763	23.753448232927614	26.328313278014036	0.0
53.0	26.355705459344748	23.737123599609316	23.718308767988226	26.188862173057714	0.0
54.0	26.23230229900641	23.649136592910683	23.842541994427492	26.27601911365542	0.0
55.0	26.23119554420517	23.6958969832631	23.818470077500507	26.25443739503123	0.0
56.0	26.275189047554488	23.758982006933817	23.764792469640334	26.201036475871366	0.0
57.0	26.309498446392947	23.817363322699265	23.738507043110864	26.13463118779692	0.0
58.0	26.299814341882094	23.850012589335865	23.720245588890396	26.129927479891652	0.0
59.0	26.2646748769427	23.833134578616942	23.672655132437047	26.229535412003308	0.0
60.0	26.21763779788997	23.636685601396724	23.892622649183632	26.253053951529676	0.0
61.0	26.13297105559506	23.671548377635805	23.824833917607638	26.370646649161493	0.0
62.0	26.1340778103963	23.743764128416757	23.821236964503605	26.300921096683332	0.0
63.0	26.21902124139152	23.834794710818805	23.864677090452304	26.081506957337368	0.0
64.0	26.237836073012616	23.776690083753667	23.734080023905904	26.251393819327813	0.0
65.0	26.19550270186516	23.71249830528171	23.76368571483909	26.328313278014036	0.0
66.0	26.254364752170616	23.688637533271724	23.787415125976015	26.269582588581642	0.0
67.0	26.324920175530824	23.728480595875137	23.7306940993531	26.215905129240934	0.0
68.0	26.30112501314268	23.810656912494675	23.580729238720817	26.307488835641834	0.0
69.0	26.203177484242623	23.753659197937015	23.683657150446297	26.359506167374064	0.0
70.0	26.288878005860234	23.720114327138308	23.77240820211444	26.218599464887017	0.0
71.0	26.19563442984458	23.816124774845814	23.723711260337723	26.264529534971874	0.0
72.0	26.14527736505275	23.93067326288878	23.730905126736555	26.193144245321914	0.0
73.0	26.308522794872435	23.790392868111525	23.80699409826268	26.09409023875336	0.0
74.0	26.26895652967885	23.686635179666812	23.785965873404553	26.258442417249782	0.0
75.0	26.244331371621303	23.82746894878244	23.639875048074398	26.288324631521863	0.0
76.0	26.16962583594111	23.74363273651911	23.742525987842367	26.344215439697415	0.0
77.0	26.132826442439384	23.779878755682464	23.75912721799352	26.328167583884632	0.0
78.0	26.348365747235203	23.73284193692086	23.720667701476682	26.19812461436726	0.0
79.0	26.226623392793407	23.644855417119743	23.84905054797894	26.279470642107917	0.0
80.0	26.234924007868983	23.69410573323483	23.821658518229537	26.24931174066665	0.0
81.0	26.26618965798699	23.751103290087126	23.76604439722317	26.216662654702716	0.0
82.0	26.30298905148872	23.807270785431868	23.74695298254934	26.142787180530075	0.0
83.0	26.296901933766627	23.845176927610336	23.718177516954007	26.13974362166903	0.0
84.0	26.261485976110833	23.83493950235046	23.673630882715077	26.229943638823638	0.0
85.0	26.22108964940969	23.631021058660448	23.894980618063798	26.252908673866067	0.0
86.0	26.12286570434869	23.67003394951566	23.83189594348941	26.375204402646236	0.0
87.0	26.13531662696206	23.756083659132475	23.815571400507444	26.293028313398022	0.0
88.0	26.22634670562422	23.82746894878244	23.868141962652768	26.078042382940573	0.0
89.0	26.244884745959673	23.775728448144672	23.73754561879702	26.24184118709863	0.0
90.0	26.19591111701377	23.70987690187843	23.764937648546425	26.329274332561376	0.0
91.0	26.263903491782415	23.67826904985889	23.793923966576283	26.263903491782415	0.0
92.0	26.323944441370152	23.7261357976869	23.74218360909745	26.207736151845502	0.0
93.0	26.310663493995907	23.796414144208956	23.59138951911903	26.30153284267611	0.0
94.0	26.207736151845502	23.744673786730118	23.686016269160532	26.361573792263847	0.0
95.0	26.282092075446638	23.724133351410128	23.773660080626193	26.220114492517038	0.0
96.0	26.191339186156863	23.811012641766805	23.728560321619383	26.269087850456945	0.0
97.0	26.146792798426212	23.924453753379023	23.736030833847508	26.192722614347257	0.0
98.0	26.308100525426028	23.78638761997781	23.80769241410986	26.097819440486305	0.0
99.0	26.27019459300926	23.690101017926462	23.791091275825146	26.248613113239134	0.0
100.0	26.234778831335205	23.828997208241912	23.64915154349083	26.287072416932055	0.0
101.0	26.169204335110578	23.74599151681834	23.74543814554218	26.33936600252891	0.0
102.0	26.128808231951105	23.788877790720516	23.771446595521567	26.310867381806812	0.0
103.0	26.34821994294742	23.73326397746672	23.723303294495892	26.195212785089968	0.0
104.0	26.229798489849788	23.6469380583862	23.848365202907413	26.274898248856598	0.0
105.0	26.245846256858346	23.68678079026952	23.820419953461474	26.24695299941066	0.0
106.0	26.273791506304285	23.744608088627945	23.770063167331173	26.2115372377366	0.0
107.0	26.3097606392545	23.81377949814759	23.744884774266023	26.13157508833189	0.0
108.0	26.298969899369435	23.843661547060076	23.723026608857815	26.134341944712673	0.0
109.0	26.254700197276858	23.839511262488898	23.680970391869867	26.22481814836437	0.0
110.0	26.226754947830923	23.628676806273017	23.89955204595195	26.24501619994411	0.0
111.0	26.126594746846475	23.67073302326096	23.830657322070383	26.372014907822177	0.0
112.0	26.148452912254683	23.74294797479947	23.817099725804532	26.29149938714131	0.0
113.0	26.220114492517038	23.829827265156148	23.860816056620948	26.089242185705867	0.0
114.0	26.238375744630222	23.772276652435803	23.74377803171371	26.24556957122027	0.0
115.0	26.199363069661143	23.709469012591963	23.77089322424541	26.32027469350148	0.0
116.0	26.25988456707118	23.677031281991688	23.791578819219637	26.271505331717492	0.0
117.0	26.324075457498434	23.72517444981213	23.737348584203506	26.213401508485923	0.0
118.0	26.31383811721478	23.795175722562544	23.583511795076113	26.30747436514656	0.0
119.0	26.204824277437456	23.74592581525198	23.69473911383369	26.354510793476877	0.0
120.0	26.27655836268507	23.72164318066742	23.783897449235102	26.217901007412408	0.0
121.0	26.18386867392874	23.809075842300253	23.731050492362094	26.276004991408914	0.0
122.0	26.15121976863547	23.929987466140595	23.732987291828643	26.18580547339529	0.0
123.0	26.311697438721048	23.783067392320866	23.817929782718767	26.08730538623932	0.0
124.0	26.273238135028127	23.68484399080297	23.795794931672482	26.246122942496424	0.0
125.0	26.24280271483948	23.827613780051518	23.652748456785854	26.27683504832315	0.0
126.0	26.16948102074866	23.742394603523316	23.75318534340838	26.33493903231965	0.0
127.0	26.134065259074596	23.78804773380628	23.755952199789164	26.321934807329956	0.0
128.0	26.355690455175544	23.72911369289554	23.723579980133973	26.191615871794944	0.0
129.0	26.227934259310498	23.64368324940512	23.861712135465662	26.266670355818718	0.0
130.0	26.242045265895637	23.689889878811353	23.819655802113886	26.248409053179127	0.0
131.0	26.272757456698574	23.74744065076642	23.776216036743953	26.203585855791044	0.0
132.0	26.309556748381386	23.817165624481213	23.74190692269382	26.131370704443587	0.0
133.0	26.299042665043437	23.840960655193406	23.727519229705052	26.132477450058104	0.0
134.0	26.259199822920703	23.83016988545183	23.687399701178684	26.223230590448786	0.0
135.0	26.220463726412486	23.627635437994577	23.90072491837751	26.25117591721543	0.0
136.0	26.124176857949198	23.662497924851973	23.83321343589176	26.380111781307065	0.0
137.0	26.14354490620331	23.737479940235737	23.822145979746555	26.2968291738144	0.0
138.0	26.225720768081455	23.82823308062642	23.87471639643628	26.07132975485585	0.0
139.0	26.244812129931933	23.76819213103868	23.74135354988656	26.245642189142828	0.0
140.0	26.202479110176526	23.714514968734438	23.77095899507498	26.312046926014055	0.0
141.0	26.265912970817805	23.67667444157612	23.790392868111525	26.26701971949455	0.0
142.0	26.329551019730562	23.721221075815052	23.736438870120278	26.21278903433411	0.0
143.0	26.319590281639872	23.793159739803386	23.59505172666628	26.292198251890465	0.0
144.0	26.21444915734923	23.747506356887712	23.69438242040402	26.34366206535904	0.0
145.0	26.29088755955708	23.71464619913784	23.778837799998893	26.215628441306187	0.0
146.0	26.17827557011549	23.81619067118959	23.73097078728785	26.274562971407068	0.0
147.0	26.148116585228188	23.941530305629495	23.728480595875137	26.181872513267184	0.0
148.0	26.317449601292687	23.775517544781945	23.817297422928576	26.089735430996797	0.0
149.0	26.272975537952004	23.67791221774294	23.802975510283137	26.246136734021917	0.0
150.0	26.24641342272223	23.822897096705468	23.656330499118745	26.274358981453556	0.0
151.0	26.174474360641586	23.737123599609316	23.75787525213258	26.33052678761652	0.0
152.0	26.1340778103963	23.79301471707197	23.766452601842193	26.30645487068954	0.0
153.0	26.36289936555281	23.721905721092256	23.719138834089154	26.196056079265777	0.0
154.0	26.223797507581292	23.64007127520641	23.861699537375213	26.274431679837086	0.0
155.0	26.24427252805631	23.68959868959869	23.81715253336875	26.24897624897625	0.0
156.0	26.272218164110058	23.740786240786242	23.78062952387277	26.206366071230935	0.0
157.0	26.305697589481376	23.80940522832415	23.748533545830846	26.136363636363637	0.0
158.0	26.298780352834406	23.840117759036676	23.726951767492306	26.13415012063661	0.0
159.0	26.261980653872545	23.823793080549837	23.694302410518628	26.21992385505899	0.0
160.0	26.230438054762377	23.620426323129028	23.89960599420059	26.249529627908007	0.0
161.0	26.118655510547402	23.667463532328398	23.832923832923832	26.380957124200364	0.0
162.0	26.153241693782235	23.73469907253691	23.824623148947474	26.287436084733386	0.0
163.0	26.232651570489406	23.830433627730923	23.871383668680966	26.065531133098702	0.0
164.0	26.243995838590433	23.768178497908227	23.73718927772982	26.25063638577152	0.0
165.0	26.204429244969784	23.72197135710649	23.764581534851807	26.309017863071915	0.0
166.0	26.2614999377447	23.674169583442854	23.798680187595977	26.26565029121647	0.0
167.0	26.333162707690605	23.713459596308955	23.73946847806538	26.21390921793506	0.0
168.0	26.329565734681736	23.786229127180665	23.593099345627603	26.291105792509995	0.0
169.0	26.20948217423184	23.747769185008924	23.70681903075412	26.33592961000512	0.0
170.0	26.28177104373378	23.71656881028405	23.782144576579768	26.2195155694024	0.0
171.0	26.193229924684715	23.806493384318262	23.73012666913844	26.27015002185859	0.0
172.0	26.152833039118573	23.9298975689929	23.727359759168156	26.189909632720372	0.0
173.0	26.316080727365293	23.772737082680802	23.81811440619345	26.093067783760453	0.0
174.0	26.279076845603228	23.665723147756168	23.803792337298326	26.251407669342274	0.0
175.0	26.247533984665743	23.82703444535753	23.649675025524814	26.275756544451916	0.0
176.0	26.175594126387264	23.726041952005048	23.76035173056863	26.338012191039063	0.0
177.0	26.12910991026886	23.779166770426077	23.781933688052174	26.30978963125289	0.0
178.0	26.366511442587843	23.716081048551104	23.72327503437895	26.194132474482103	0.0
179.0	26.228238132657467	23.639779531393536	23.85393954821644	26.27804278773256	0.0
180.0	26.23404867574956	23.694841344504333	23.829867298263476	26.24124268148263	0.0
181.0	26.279149557845336	23.736898608789968	23.783106260998526	26.200845572366166	0.0
182.0	26.316226356623467	23.80219804544398	23.73911214901553	26.142463448917024	0.0
183.0	26.308202273305813	23.82350337011499	23.73579183867719	26.132502517902008	0.0
184.0	26.27084878199949	23.81935298219207	23.68737064624307	26.222427589565374	0.0
185.0	26.239859218841655	23.6195809768353	23.894336657332904	26.24622314699014	0.0
186.0	26.125861897225327	23.657211160669817	23.840658306863084	26.37626863524177	0.0
187.0	26.158788308080528	23.72749106283134	23.822949985058603	26.290770644029525	0.0
188.0	26.23958252631346	23.81879959713568	23.866944097041603	26.07467377950926	0.0
189.0	26.255630692948767	23.770101712173364	23.729427910528706	26.244839684349163	0.0
190.0	26.21440350624772	23.71642336170354	23.767888171947803	26.30128496010094	0.0
191.0	26.253766487461643	23.681625628439644	23.80254059782353	26.262067286275183	0.0
192.0	26.334007542659187	23.715105516987585	23.749692178710667	26.20119476164256	0.0
193.0	26.31685255844454	23.78483222702131	23.59723417383533	26.301081040698815	0.0
194.0	26.218218140666117	23.733498612375453	23.703892266102947	26.344390980855486	0.0
195.0	26.271969629891977	23.715579068531962	23.781986010270938	26.230465291305116	0.0
196.0	26.193388082167523	23.798587745705685	23.73826810695945	26.269756065167343	0.0
197.0	26.15492739507703	23.93140162918364	23.735224455463076	26.178446520276253	0.0
198.0	26.31319727288826	23.778112272002833	23.821830175314325	26.086860279794582	0.0
199.0	26.27923642873547	23.663625773712184	23.8025273445174	26.254610453034942	0.0
200.0	26.248799829555047	23.82106600038184	23.65062104497146	26.279513125091658	0.0
201.0	26.18266940042667	23.73141638097768	23.75382878582872	26.332085432766938	0.0
202.0	26.12650004012097	23.778454761529243	23.788969223064303	26.30607597528548	0.0
203.0	26.35283765948086	23.71398451053798	23.735013433608092	26.198164396373063	0.0
204.0	26.223139626901602	23.637681720834742	23.861806389489935	26.277372262773724	0.0
205.0	26.236697785869634	23.689977476854285	23.8327531917013	26.24057154557478	0.0
206.0	26.271284926094197	23.73922956453407	23.77603028173301	26.213455227638722	0.0
207.0	26.31494481230095	23.801407293243276	23.73970332288332	26.143944571572455	0.0
208.0	26.308449616907538	23.8145439553294	23.733193876054575	26.14381255170849	0.0
209.0	26.273308596268414	23.802645814483082	23.691135331667592	26.232910257580915	0.0
210.0	26.244254996527406	23.608125046693285	23.90391836215174	26.243701594627574	0.0
211.0	26.128870700413113	23.64907678728061	23.837233433222377	26.384819079083897	0.0
212.0	26.166225328651553	23.723509342807574	23.824228488576402	26.28603683996447	0.0
213.0	26.229313145232027	23.82339838572666	23.874034659560987	26.073253809480327	0.0
214.0	26.26092971776425	23.767570558937464	23.730492529053677	26.241007194244602	0.0
215.0	26.205312672938575	23.710570005534034	23.77006087437742	26.314056447149976	0.0
216.0	26.25602173774692	23.684902282518767	23.798073597325946	26.26100238240836	0.0
217.0	26.329624597743766	23.727237762141012	23.740242778756997	26.20289486135822	0.0
218.0	26.32132352330803	23.794476465070463	23.595527381094026	26.288672630527476	0.0
219.0	26.221374890701615	23.729371658789805	23.697273904525783	26.3519795459828	0.0
220.0	26.287303366122938	23.712281575561367	23.77398691182778	26.226428146487912	0.0
221.0	26.208442286141203	23.794463122068652	23.729714024820485	26.26738056696966	0.0
222.0	26.165276221309092	23.930325544072275	23.728607202645303	26.17579103197333	0.0
223.0	26.30777957636381	23.78560854466719	23.823517204167185	26.08309467480181	0.0
224.0	26.287521583211582	23.662394297604816	23.80462212777261	26.24546199141099	0.0
225.0	26.253486518793995	23.82980254128481	23.646621950679595	26.270088989241597	0.0
226.0	26.18513968211803	23.736275291096646	23.75038739097711	26.32819763580821	0.0
227.0	26.126898918066356	23.774315836077367	23.790641689034008	26.308143556822273	0.0
228.0	26.352417056365702	23.725614986579597	23.732809430255404	26.189158526799304	0.0
229.0	26.232121066219506	23.633812872002192	23.864865837089674	26.269200224688632	0.0
230.0	26.244296312283993	23.696626073289448	23.830830490136666	26.228247124289894	0.0
231.0	26.276948108547852	23.746987318374384	23.781852795740875	26.194211777336886	0.0
232.0	26.31361947164674	23.82293773710731	23.737157119652892	26.12628567159306	0.0
233.0	26.316940011677232	23.824874718791765	23.7338365796224	26.1243486899086	0.0
234.0	26.264641506196956	23.819063773738403	23.703121584340334	26.213173135724304	0.0
235.0	26.239184032629844	23.61236015684017	23.91148547125381	26.236970339276176	0.0
236.0	26.120474726539694	23.650823078860057	23.846181517320765	26.38252067727948	0.0
237.0	26.148422605129678	23.72636536455379	23.83788016724453	26.287331863072	0.0
238.0	26.22673200751549	23.82708841214543	23.877449935941247	26.06872964439783	0.0
239.0	26.25253883659024	23.769044733332226	23.720343344789228	26.25807308528831	0.0
240.0	26.208930938393294	23.71206481945248	23.76989979882282	26.309104443331403	0.0
241.0	26.262670987416875	23.670497596559635	23.803883693964696	26.262947722058794	0.0
242.0	26.324601823792328	23.71483526367498	23.743340667247846	26.217222245284848	0.0
243.0	26.31430366468962	23.78879254275379	23.59837592336838	26.29852786918821	0.0
244.0	26.221436163146006	23.717671936583855	23.70438643107037	26.35650546919977	0.0
245.0	26.278946173818206	23.70001716148962	23.78582460957611	26.235212055116065	0.0
246.0	26.199775781650082	23.799532186405724	23.735865247539824	26.264826784404367	0.0
247.0	26.165093830366214	23.926951004465213	23.734556537674713	26.17339862749386	0.0
248.0	26.30668290792315	23.781075245003045	23.8333979292398	26.078843917834003	0.0
249.0	26.28626954839031	23.661269202339856	23.814085084117945	26.238376165151887	0.0
