# Position (bp)	A	C	G	T	N
0.0	26.292807789470164	23.720855012575353	23.67010746212058	26.316229735833907	0.0
1.0	26.23062809852832	23.66062715049716	23.778015715010678	26.33072903596384	0.0
2.0	26.323596658524888	23.786261585304647	23.732168947479952	26.15797280869051	0.0
3.0	26.219141568196648	23.69275123099143	23.831046077835463	26.25706112297646	0.0
4.0	26.157775287039055	23.70811516134968	23.7990085372858	26.335101014325463	0.0
5.0	26.196961628642878	23.824366634232838	23.661268153418515	26.31740358370577	0.0
6.0	26.314806347648627	23.635289000903303	23.748759353637187	26.301145297810884	0.0
7.0	26.30773391172953	23.686829684437665	23.77576367534354	26.229672728489266	0.0
8.0	26.254868233608303	23.866541400545856	23.645467141339772	26.233123224506066	0.0
9.0	26.269998132253196	23.78812503310372	23.67271500692739	26.269161827715692	0.0
10.0	26.338662243717508	23.73925042162042	23.652835658633812	26.269251676028265	0.0
11.0	26.370367066589356	23.70015833370501	23.79354176887739	26.13593283082824	0.0
12.0	26.37092457963516	23.70684849025467	23.567748985326258	26.35447794478391	0.0
13.0	26.30290798804692	23.68789304669729	23.666428794433788	26.342770170822	0.0
14.0	26.167153561393334	23.83897908211052	23.69095936844922	26.30290798804692	0.0
15.0	26.178861335355247	23.77124124704518	23.685941751036975	26.3639556665626	0.0
16.0	26.322420944650105	23.747268186075555	23.698207038044693	26.232103831229654	0.0
17.0	26.286182596672763	23.71381740332724	23.700715846750814	26.299284153249186	0.0
18.0	26.307852270604926	23.66775660163295	23.74580821047174	26.278582917290382	0.0
19.0	26.301719644196165	23.678070564229508	23.742463141521505	26.277746650052826	0.0
20.0	26.26046379380995	23.632912133401348	23.794032954504274	26.312591118284423	0.0
21.0	26.25237987718022	23.69535342047238	23.856752997321156	26.195513705026247	0.0
22.0	26.11300200425381	23.8559167300836	23.593607573236103	26.437473692426483	0.0
23.0	26.284994299444996	23.69953475666017	23.69646844345579	26.319002500439044	0.0
24.0	26.311197339555157	23.697862222185055	23.725737796770336	26.26520264148945	0.0
25.0	26.29921084248349	23.7123575209694	23.657163883290544	26.331267753256565	0.0
26.0	26.241508403091956	23.654097570086165	23.767551158648256	26.336842868173623	0.0
27.0	26.337400379665326	23.76866618163167	23.724622773786923	26.16931066491608	0.0
28.0	26.22171674513641	23.689778305555322	23.821908529089555	26.26659642021871	0.0
29.0	26.176000802816546	23.702043558372846	23.77981641146578	26.342139227344823	0.0
30.0	26.208615225081328	23.818005948647617	23.6674778458871	26.305900980383957	0.0
31.0	26.322905080880982	23.64071729428523	23.727689086991305	26.308688537842485	0.0
32.0	26.303670934417134	23.678070564229508	23.785949037874545	26.232309463478813	0.0
33.0	26.256839969113866	23.845602767487044	23.662460242461748	26.235097020937342	0.0
34.0	26.260185038064098	23.769223693123376	23.69451715323482	26.276074115577707	0.0
35.0	26.337121623919472	23.732706690416656	23.658000150528103	26.27217153513577	0.0
36.0	26.393077956614576	23.675495765712025	23.790621567829444	26.14080470984395	0.0
37.0	26.373843863766872	23.703371262592757	23.56984763253405	26.35293724110632	0.0
38.0	26.316420340192565	23.680792110119363	23.658491712614776	26.344295837073297	0.0
39.0	26.17871538560175	23.835501117807425	23.685530944589086	26.30025255200174	0.0
40.0	26.205197107638444	23.76748490541844	23.675774520680832	26.351543466262285	0.0
41.0	26.324504234287975	23.73737936878725	23.693336083715693	26.24478031320908	0.0
42.0	26.293283677781552	23.70699507718725	23.70169873277991	26.29802251225128	0.0
43.0	26.3035242892465	23.67347848993279	23.739821987573137	26.28317523324757	0.0
44.0	26.310493144040652	23.682398624069307	23.72867181990249	26.278436411987542	0.0
45.0	26.262547423056876	23.63528916566083	23.798081613652265	26.30408179763003	0.0
46.0	26.24972473023563	23.696615087849384	23.84769985978664	26.205960322128348	0.0
47.0	26.123449081365564	23.848257368170174	23.595148562046504	26.433144988417762	0.0
48.0	26.29265287576762	23.699402629767043	23.704420205218835	26.3035242892465	0.0
49.0	26.32526711620426	23.690761249822295	23.713061585163587	26.27091004880986	0.0
50.0	26.297112942835877	23.70860151809533	23.653686942317396	26.3405985967514	0.0
51.0	26.241919612866177	23.649226875249134	23.76964868609212	26.339204825792567	0.0
52.0	26.327218395546627	23.781356362146298	23.721145456724805	26.170279785582274	0.0
53.0	26.228260657469637	23.689646233055228	23.82316949091122	26.258923618563912	0.0
54.0	26.17306732749994	23.68518616598697	23.777732557653337	26.364013948859753	0.0
55.0	26.203730288594212	23.80505046844642	23.672084718973963	26.319134523985404	0.0
56.0	26.331399708423113	23.632780377934935	23.72811431151896	26.307705602122994	0.0
57.0	26.29990048475354	23.67961108215165	23.77661754088627	26.24387089220854	0.0
58.0	26.242198367057945	23.841009759184253	23.66121330549508	26.25557856826272	0.0
59.0	26.26059614371451	23.758777272613237	23.691318758205824	26.289307825466423	0.0
60.0	26.33558102129961	23.73118060762839	23.646439333331475	26.286799037740533	0.0
61.0	26.370351786809387	23.674527512962033	23.800524056419693	26.154596643808887	0.0
62.0	26.383174443886936	23.686792663210124	23.561632379996656	26.36840051290628	0.0
63.0	26.336622623627136	23.665886157105426	23.65501477393098	26.342476445336455	0.0
64.0	26.17912694430507	23.83062942521046	23.68790767686904	26.30233595361543	0.0
65.0	26.20309973797179	23.757874783966106	23.667001170764344	26.372024307297764	0.0
66.0	26.332441322406197	23.74310085298545	23.68010258125662	26.24435524335173	0.0
67.0	26.29453085800301	23.715504264927244	23.696270279310923	26.293694597758822	0.0
68.0	26.317315277595814	23.659966382431893	23.74108340000167	26.281634939970623	0.0
69.0	26.30867394582721	23.669443972113584	23.732999573508465	26.28888250855074	0.0
70.0	26.274944876665895	23.628467334372154	23.78540506939547	26.311182719566485	0.0
71.0	26.274944876665895	23.67780655124449	23.848124412877254	26.199124159212356	0.0
72.0	26.12664847341118	23.861783292124404	23.59139323355847	26.42017500090595	0.0
73.0	26.300311366696306	23.71125686776811	23.70540306237648	26.283028703159104	0.0
74.0	26.35020808884404	23.683939109273823	23.704009299187994	26.261843502694145	0.0
75.0	26.300311366696306	23.695925472694785	23.661360145620378	26.34240301498853	0.0
76.0	26.254038428838633	23.644077482083173	23.770631179597537	26.331252909480657	0.0
77.0	26.351601852032523	23.772582448061414	23.712650630956595	26.163165068949468	0.0
78.0	26.22532690715586	23.682545346085337	23.81718287009291	26.274944876665895	0.0
79.0	26.18100523776206	23.68421786191152	23.77481246916299	26.35996443116343	0.0
80.0	26.213340543734898	23.811886569976668	23.656342598141837	26.3184302881466	0.0
81.0	26.337942972785378	23.63738741877845	23.719619446899014	26.305050161537153	0.0
82.0	26.285816229536074	23.69174418312933	23.770631179597537	26.25180840773706	0.0
83.0	26.262122255331843	23.835859296818597	23.651882555938684	26.250135891910876	0.0
84.0	26.25877722367948	23.745264689567126	23.71766817843514	26.278289908318257	0.0
85.0	26.32149656716127	23.74191965791476	23.663311414084255	26.273272360839716	0.0
86.0	26.364072230182135	23.681364323106855	23.797325097145023	26.15723834956598	0.0
87.0	26.37605856019089	23.698925690328984	23.562894782322672	26.362120967157455	0.0
88.0	26.325046969688522	23.66436045960607	23.6596216779747	26.350970892730707	0.0
89.0	26.177587235394796	23.828266553679246	23.693071901254942	26.30107430967102	0.0
90.0	26.189016061682214	23.759136092233415	23.68024931566418	26.371598530420194	0.0
91.0	26.318635676893145	23.75188854385603	23.681643074967525	26.247832704283304	0.0
92.0	26.3030255726957	23.70004069777166	23.701155705214333	26.295778024318313	0.0
93.0	26.33891114251707	23.65816197110466	23.73593352344157	26.266993362936695	0.0
94.0	26.3210710731638	23.654259455933634	23.732031008270546	26.292638462632024	0.0
95.0	26.277307153031558	23.623596836732702	23.783878709828485	26.315217300407255	0.0
96.0	26.274240891111468	23.681298311047183	23.83767766897194	26.206783128869414	0.0
97.0	26.121485297274095	23.860535257830815	23.59237671536448	26.425602729530613	0.0
98.0	26.31410229607268	23.70359839773877	23.69885962931681	26.283439676871744	0.0
99.0	26.35396370103389	23.683528319716345	23.701925891236904	26.260582088012868	0.0
100.0	26.3210710731638	23.70582840640793	23.655374460268213	26.31772606016006	0.0
101.0	26.24971079575072	23.643666914755133	23.782763705493906	26.32385858400024	0.0
102.0	26.362047482459587	23.767153644809795	23.71391218783363	26.156886684896985	0.0
103.0	26.237166996986698	23.680740808879893	23.81872259528409	26.263369598849316	0.0
104.0	26.19033681493437	23.669869516617744	23.769383653478954	26.370410014968932	0.0
105.0	26.210964395124087	23.80729380085465	23.656210713519148	26.325531090502114	0.0
106.0	26.345322417440897	23.644503168006064	23.708894668328025	26.301279746225013	0.0
107.0	26.29486847130118	23.683807070799986	23.77913994140652	26.242184516492305	0.0
108.0	26.246087031663336	23.832938900549976	23.675444538290645	26.245529529496046	0.0
109.0	26.253334559838105	23.754052343878488	23.71084592591354	26.281767170369875	0.0
110.0	26.331384863258656	23.740951042947177	23.665130748195786	26.26253334559838	0.0
111.0	26.368664005530405	23.679002296902528	23.798586178444797	26.153747519122273	0.0
112.0	26.369500256450284	23.694612314073545	23.579209687130657	26.356677742345518	0.0
113.0	26.33270521597574	23.666458533104386	23.658932274825503	26.341903976094372	0.0
114.0	26.17521129273242	23.826182458800705	23.703532323885558	26.29507392458132	0.0
115.0	26.20308632339496	23.753986129384742	23.673427290770018	26.369500256450284	0.0
116.0	26.342461476707623	23.73614610976072	23.684019802421783	26.237372611109873	0.0
117.0	26.315701447271593	23.692103561313917	23.705762326338558	26.28643266507593	0.0
118.0	26.336123631680618	23.664015743861206	23.73453976802335	26.265320856434833	0.0
119.0	26.313823544989027	23.657604468937375	23.729800999601387	26.29877098647221	0.0
120.0	26.275913397613333	23.626105596485505	23.802833783516334	26.29514722238483	0.0
121.0	26.269502122689502	23.697465873898587	23.833496402717266	26.199535600694645	0.0
122.0	26.118419035354002	23.857747746994367	23.597115483786443	26.42671773386519	0.0
123.0	26.312151038487166	23.696350869564007	23.705549655324283	26.285948436624544	0.0
124.0	26.35758746512127	23.69189085222569	23.696350869564007	26.254170813089033	0.0
125.0	26.326646094836693	23.695793367396718	23.65927697543924	26.31828356232735	0.0
126.0	26.258630830427354	23.632238120325695	23.781369950075682	26.32776109917127	0.0
127.0	26.35814496728856	23.78527246524671	23.70638590857522	26.150196658889513	0.0
128.0	26.232706979648384	23.676559542625224	23.81928009745138	26.271453380275016	0.0
129.0	26.19033681493437	23.676559542625224	23.76854740022802	26.364556242212387	0.0
130.0	26.209849390789508	23.797258761843437	23.661506984108403	26.331384863258656	0.0
131.0	26.33863239143342	23.647011927758868	23.707779663993445	26.306576016814265	0.0
132.0	26.304067257061465	23.67934705346167	23.77328616864998	26.243299520826884	0.0
133.0	26.260303336929226	23.8262488745425	23.670984520952327	26.242463267575957	0.0
134.0	26.261418341263802	23.744574807034564	23.712518432415404	26.28148841928623	0.0
135.0	26.329991107840435	23.73453976802335	23.673772031788772	26.261697092347447	0.0
136.0	26.37605856019089	23.683873089852874	23.797046345284357	26.143022004671877	0.0
137.0	26.372713537862865	23.681921826828194	23.579341142102123	26.366023493206818	0.0
138.0	26.342329585049978	23.659064174253363	23.668820489376767	26.32978575131989	0.0
139.0	26.168388423992727	23.82882405740058	23.703385720099682	26.299401798507006	0.0
140.0	26.211316210535706	23.744083491757305	23.67662554147549	26.3679747562315	0.0
141.0	26.33786955527928	23.74575600292132	23.686381856598892	26.229992585200506	0.0
142.0	26.31529065456512	23.693908156836947	23.704500727542356	26.28630046105558	0.0
143.0	26.337664220147683	23.664147671997345	23.733557078783857	26.26463102907111	0.0
144.0	26.31787278287121	23.655506340228744	23.73690211043622	26.289718766463828	0.0
145.0	26.284701218985283	23.618432239415064	23.804360248758854	26.292506292840795	0.0
146.0	26.27187859765123	23.69397420423091	23.830284244064657	26.203862954053204	0.0
147.0	26.128599741875057	23.857880755196646	23.5891632124569	26.4243562904714	0.0
148.0	26.313691493305758	23.697597988520965	23.706518072927267	26.28219244524601	0.0
149.0	26.361079441714217	23.692580441042423	23.697876741158662	26.248463376084697	0.0
150.0	26.329859146292172	23.701221772811028	23.65606384550414	26.31285523539266	0.0
151.0	26.261564750056447	23.631812366024512	23.792931390613283	26.313691493305758	0.0
152.0	26.369442020845124	23.783175048293895	23.700385514897935	26.146997415963046	0.0
153.0	26.22699942298204	23.681987840809942	23.816346612179817	26.2746661240282	0.0
154.0	26.20525671724169	23.664426424635042	23.768958663771357	26.361358194351915	0.0
155.0	26.21835809121344	23.789307606323227	23.670280230026677	26.322054072436664	0.0
156.0	26.346026799278587	23.6415687083439	23.698712999071752	26.313691493305758	0.0
157.0	26.313412740668056	23.675297777505218	23.780387521916925	26.230901959909797	0.0
158.0	26.264073523795716	23.828054222963086	23.676412788056005	26.231459465185193	0.0
159.0	26.267976060723473	23.74833096858179	23.715438157333562	26.268254813361168	0.0
160.0	26.332089167393747	23.733557078783857	23.679479067070673	26.254874686751723	0.0
161.0	26.376205608518706	23.69236773150471	23.78965267324525	26.141773986731337	0.0
162.0	26.377599375592354	23.673970006132574	23.578078831465685	26.370351786809387	0.0
163.0	26.34052517143335	23.642470870268163	23.681217594915537	26.33578636338295	0.0
164.0	26.17355187601048	23.827284384233707	23.70574789541172	26.293415844344093	0.0
165.0	26.21146234041367	23.748675921280036	23.667001170764344	26.37286056754195	0.0
166.0	26.34052517143335	23.7255393878575	23.69181022467525	26.242125216033894	0.0
167.0	26.32798126777053	23.68038133467135	23.699615320287673	26.292022077270445	0.0
168.0	26.348682468312617	23.66400084741274	23.733689395354283	26.253627288920356	0.0
169.0	26.30408179763003	23.66511586417981	23.739543233381372	26.29125910480879	0.0
170.0	26.279551428754612	23.611037550977173	23.817594407075894	26.29181661319232	0.0
171.0	26.283453987439337	23.701632663301176	23.827350803787713	26.187562545471778	0.0
172.0	26.120382785256137	23.852996189430197	23.600723645881825	26.425897379431845	0.0
173.0	26.31523196530068	23.692991283356424	23.711667814204755	26.28010893713814	0.0
174.0	26.37990293779043	23.684628657603437	23.704698959410603	26.230769445195534	0.0
175.0	26.32303708267013	23.696336333657616	23.678496065384582	26.30213051828767	0.0
176.0	26.262826177248638	23.6330591321267	23.799475384611096	26.304639306013566	0.0
177.0	26.360111390175028	23.78107760795453	23.71138906001299	26.147421941857452	0.0
178.0	26.22296432782608	23.69689384204115	23.828465820554776	26.251676009577995	0.0
179.0	26.193416383498867	23.67654478604222	23.776338786694502	26.353700043764405	0.0
180.0	26.22575186974374	23.781913870529827	23.683792395028142	26.30854186469829	0.0
181.0	26.350354993463217	23.639191724345554	23.701075154917643	26.309378127273593	0.0
182.0	26.3018517640959	23.672363473165728	23.78637393759809	26.239410825140286	0.0
183.0	26.26059614371451	23.831253362472438	23.660377042919784	26.24777345089327	0.0
184.0	26.267857889528486	23.74231675191994	23.711932206224652	26.277893152326925	0.0
185.0	26.333439261402596	23.726214967078672	23.677153545523982	26.263192225994747	0.0
186.0	26.371702631204823	23.691157490389788	23.795692060669076	26.141447817736314	0.0
187.0	26.38285298536795	23.67917085966443	23.56404345293017	26.37393270203745	0.0
188.0	26.336300256736905	23.64376848519651	23.66718422893907	26.35274702912751	0.0
189.0	26.19134565261629	23.816598974724933	23.693108802368336	26.29894657029044	0.0
190.0	26.213925119796617	23.748581814329878	23.675268235707335	26.36222483016617	0.0
191.0	26.338530327569533	23.741612842977926	23.695060114346884	26.224796715105665	0.0
192.0	26.323477349449316	23.676940788831804	23.703144121115148	26.296437740603736	0.0
193.0	26.358953201833124	23.675055473166598	23.72132957193671	26.244661753063568	0.0
194.0	26.31100654527614	23.674219194273164	23.736940111280845	26.277834149169855	0.0
195.0	26.285433932389452	23.616303023714146	23.813107871915168	26.285155171981234	0.0
196.0	26.27595607851008	23.702997510669555	23.83094853804104	26.190097872779326	0.0
197.0	26.140478520116744	23.85826705804628	23.600413680445794	26.40084074139118	0.0
198.0	26.311358650353604	23.691010813116232	23.721674458020075	26.27595607851008	0.0
199.0	26.361256763424407	23.693519656790187	23.70662139597637	26.23860218380904	0.0
200.0	26.32167278545763	23.69853734413809	23.680417917604	26.29937195280029	0.0
201.0	26.2762348389183	23.619926909020965	23.797218528646813	26.30661972341392	0.0
202.0	26.383015496463884	23.772952691043606	23.707443264655296	26.136588547837214	0.0
203.0	26.23081061642976	23.690717453662536	23.83623200929955	26.242239920608153	0.0
204.0	26.194013832245687	23.688487345530167	23.773231454560154	26.34426736766399	0.0
205.0	26.226629163681576	23.78438199522199	23.688487345530167	26.300501495566266	0.0
206.0	26.361271942173296	23.634128459803694	23.703819338940196	26.300780259082813	0.0
207.0	26.31443967139357	23.679009385967603	23.782709414122717	26.22384152851611	0.0
208.0	26.265656055998015	23.84264357018011	23.670925243987767	26.220775129834106	0.0
209.0	26.261913855057273	23.752721474349144	23.715366538340383	26.269998132253196	0.0
210.0	26.320954064195274	23.733127414849548	23.689639215205258	26.25627930574992	0.0
211.0	26.37706046828001	23.704758904651857	23.809855680104373	26.108324946963762	0.0
212.0	26.375387840553977	23.695838223446337	23.577639197473214	26.351134738526472	0.0
213.0	26.324093923622243	23.64621693424064	23.673536520432542	26.356152621704577	0.0
214.0	26.15906132132015	23.839684207885327	23.70392259078884	26.297331880005686	0.0
215.0	26.18777476395041	23.772779098843934	23.664058296651678	26.375387840553977	0.0
216.0	26.326881636498968	23.759955619611002	23.684408600651768	26.228754143238262	0.0
217.0	26.310434130526296	23.683293515501077	23.707825388816254	26.298446965156373	0.0
218.0	26.351486970193687	23.67137233912064	23.738277634674784	26.238863056010885	0.0
219.0	26.31301642525006	23.650185662195163	23.755561502692938	26.28123640986184	0.0
220.0	26.264172193369074	23.604106904405473	23.82824151898593	26.303479383239527	0.0
221.0	26.28061988274749	23.69247838801493	23.83214436053335	26.19475736870423	0.0
222.0	26.14095391022907	23.847755726723037	23.589610635800764	26.42167972724713	0.0
223.0	26.294001053767218	23.70446568705344	23.72899783392294	26.272535425256404	0.0
224.0	26.34585309146867	23.708926077393347	23.707253431015882	26.237967400122102	0.0
225.0	26.305430804013234	23.706974656619636	23.69944774792104	26.28814679144609	0.0
226.0	26.26305709578409	23.620554593783886	23.812630152796245	26.30375815763577	0.0
227.0	26.366482396790747	23.769698895774617	23.73457332184783	26.129245385586806	0.0
228.0	26.221519710743685	23.701677943090996	23.83465333009955	26.24214901606577	0.0
229.0	26.19754511266667	23.6966600039586	23.77109276775584	26.334702115618892	0.0
230.0	26.23016171702726	23.79423104264412	23.67212785708909	26.303479383239527	0.0
231.0	26.35365877456351	23.625014984123798	23.705023235845925	26.316303005466768	0.0
232.0	26.30515202961699	23.68300005854262	23.789213103511724	26.222634808328664	0.0
233.0	26.259711803029163	23.8494283731005	23.66543727157923	26.225422552291107	0.0
234.0	26.270451700672687	23.75561385070433	23.717421545478114	26.256512903144873	0.0
235.0	26.322245391794997	23.74159483479599	23.685839178384647	26.25032059502437	0.0
236.0	26.36608708500252	23.713504336408267	23.79797439135562	26.12243418723359	0.0
237.0	26.378353363608735	23.684232535188887	23.5838720738653	26.353542027337074	0.0
238.0	26.32768897091211	23.64749962364722	23.692940736982376	26.33187066845829	0.0
239.0	26.168226904484452	23.825918718950895	23.71719458275022	26.288659793814436	0.0
240.0	26.188956138467844	23.7573773965213	23.68517160723396	26.3684948577769	0.0
241.0	26.32485781197725	23.75766700122672	23.694379391100703	26.22309579569533	0.0
242.0	26.311445929255108	23.67308019371621	23.722150506455815	26.293323370572868	0.0
243.0	26.347105041571638	23.688862370280322	23.74434698236203	26.219685605786015	0.0
244.0	26.30607470772422	23.669807138415898	23.753732737396522	26.27038541646336	0.0
245.0	26.272115103099253	23.610634767939548	23.83481812985347	26.28243199910773	0.0
246.0	26.270234095060164	23.711222341508304	23.840609009662174	26.17793455376936	0.0
247.0	26.12787720932308	23.863199049621578	23.607756961912358	26.401166779142986	0.0
248.0	26.281414882818165	23.71774850245965	23.738942742088415	26.261893872633774	0.0
249.0	26.32938079355695	23.717469630885585	23.725835778107466	26.227313797449998	0.0
