# Position (bp)	A	C	G	T	N
0.0	26.268409451472053	23.753351959228944	23.60930546000814	26.368933129290863	0.0
1.0	26.275429261375606	23.686242576551027	23.624187457003664	26.414140705069705	0.0
2.0	26.201472904564433	23.73661793484517	23.705452779173815	26.35645638141658	0.0
3.0	26.2563135035277	23.638262568750157	23.894873673778218	26.21055025394392	0.0
4.0	26.265286184321347	23.806302006715253	23.729660531605486	26.198751277357918	0.0
5.0	26.38265858957876	23.698748575374616	23.675168568974325	26.243424266072303	0.0
6.0	26.422879469611278	23.605610398942368	23.787496456309455	26.184013675136907	0.0
7.0	26.30339535366747	23.761300771020625	23.647065097493268	26.288238777818634	0.0
8.0	26.294355551688618	23.698487497789767	23.642354552522193	26.36480239799942	0.0
9.0	26.321757141333574	23.640354077674807	23.76384343794379	26.27404534304783	0.0
10.0	26.41509433962264	23.739402052655066	23.555016712552515	26.290486895169778	0.0
11.0	26.200399080599123	23.698146885234863	23.725650330181665	26.375803703984353	0.0
12.0	26.277296467491208	23.69169199509428	23.73294716251449	26.298064374900022	0.0
13.0	26.32584846724424	23.640614168764507	23.71049537072118	26.323041993270074	0.0
14.0	26.254283380903065	23.80675742803499	23.644543232328335	26.29441595873361	0.0
15.0	26.219690166142794	23.756454872025145	23.73119667714414	26.29265828468792	0.0
16.0	26.385271665918275	23.720532105972158	23.618096093399192	26.276100134710372	0.0
17.0	26.35748765154917	23.63212842388864	23.729793444095197	26.280590480466998	0.0
18.0	26.357207004939383	23.679557700942972	23.626796138302648	26.336439155815	0.0
19.0	26.22607143558757	23.72579780591096	23.68987514067372	26.358255617827748	0.0
20.0	26.164890646355392	23.814762531537575	23.79567861563029	26.224668206476743	0.0
21.0	26.26339732993565	23.719904243645477	23.730568784887783	26.28612964153109	0.0
22.0	26.329629743966816	23.748530117506405	23.638797601039514	26.283042537487265	0.0
23.0	26.3363652436988	23.729726847421286	23.61382012286674	26.320087786013175	0.0
24.0	26.26339732993565	23.636552434462185	23.73646234715327	26.363587888448897	0.0
25.0	26.258065059314497	23.74067203448576	23.619152393487894	26.382110512711854	0.0
26.0	26.287252224819756	23.686507390807726	23.630378226374532	26.395862157997986	0.0
27.0	26.187061666306505	23.747407534217743	23.70867841075884	26.356852388716916	0.0
28.0	26.25301343451551	23.650865371392648	23.88885302858939	26.207268165502455	0.0
29.0	26.28051672508777	23.80802703180559	23.726359097555296	26.185097145551346	0.0
30.0	26.38575890840001	23.696329994583536	23.677526724498417	26.24038437251804	0.0
31.0	26.40512347012946	23.612697539578075	23.791188282475634	26.19099070781683	0.0
32.0	26.317281327791513	23.756668846349218	23.64609439241583	26.27995543344344	0.0
33.0	26.28669093317542	23.687629974096392	23.647778267348823	26.377900825379363	0.0
34.0	26.317281327791513	23.64581374659366	23.770139845813183	26.26676507980164	0.0
35.0	26.421681573637258	23.727762326666124	23.554323208567556	26.29623289112907	0.0
36.0	26.18537779137351	23.696891286227867	23.733375243109446	26.38435567928918	0.0
37.0	26.266203788157306	23.686507390807726	23.743759138529587	26.303529682505385	0.0
38.0	26.325700702456494	23.630939518018863	23.71765907706815	26.325700702456494	0.0
39.0	26.25273278869334	23.81083349002725	23.645533100771495	26.290900620507912	0.0
40.0	26.222630093005765	23.749305403539495	23.7327473465012	26.29531715695354	0.0
41.0	26.38400098787052	23.72909896105208	23.61684094723312	26.27005910384427	0.0
42.0	26.35397196917395	23.6297506188223	23.72488928553387	26.29138812646988	0.0
43.0	26.36239132021037	23.671005438900767	23.6297506188223	26.33685262206656	0.0
44.0	26.235746780308876	23.725103347243934	23.677955113759143	26.361194758688043	0.0
45.0	26.174846978724357	23.79722891870578	23.80115793816285	26.22676616440701	0.0
46.0	26.2747563306326	23.7130356446258	23.73352267465193	26.278685350089663	0.0
47.0	26.32639487206832	23.748677463986326	23.64652295810262	26.278404705842735	0.0
48.0	26.335656132217117	23.7189291738114	23.621545620125563	26.32386907384592	0.0
49.0	26.255391877594203	23.642032650151688	23.735767828627395	26.36680764362671	0.0
50.0	26.26521442623687	23.74278393480073	23.620423043137826	26.371578595824573	0.0
51.0	26.29103369695473	23.687216373907944	23.62856172629889	26.393188202838434	0.0
52.0	26.19477272025662	23.74194200205993	23.70854533667487	26.35473994100858	0.0
53.0	26.255391877594203	23.64764553509035	23.88984152019376	26.207121067121687	0.0
54.0	26.27082731117553	23.817435304484977	23.720613039293	26.19112434504649	0.0
55.0	26.392626914344568	23.690864749118077	23.674026094302082	26.242482242235276	0.0
56.0	26.404694616962697	23.6049876095565	23.796386985964983	26.193930787515825	0.0
57.0	26.32471100658672	23.759622589616725	23.64568102536182	26.269985378434736	0.0
58.0	26.293559495177128	23.692829258846608	23.64764553509035	26.36596571088591	0.0
59.0	26.319378765894992	23.640068140423157	23.77056771524712	26.269985378434736	0.0
60.0	26.423497781507226	23.721735616280736	23.557278087577842	26.297488514634193	0.0
61.0	26.193369499021955	23.693951835834344	23.733803318898865	26.37887534624484	0.0
62.0	26.269704734187805	23.688058306648742	23.738293626849796	26.30394333231366	0.0
63.0	26.321623919870458	23.629684303286624	23.73099687642953	26.31769490041339	0.0
64.0	26.266337003224606	23.80564824611378	23.64034878467009	26.28766596599153	0.0
65.0	26.218553900382798	23.74299794568988	23.739910867637317	26.298537286290006	0.0
66.0	26.399288288187154	23.727843198886404	23.60913101559255	26.26373749733389	0.0
67.0	26.361120777719155	23.622321258180754	23.727843198886404	26.288714765213683	0.0
68.0	26.371504585714124	23.66890807242846	23.631021205419785	26.328566136437626	0.0
69.0	26.237002736266053	23.72188311232723	23.674454500806846	26.36665965059987	0.0
70.0	26.17020978039711	23.79428892163053	23.79344699361538	26.242054304356977	0.0
71.0	26.274889496948013	23.71879604293833	23.734792675226267	26.27152178488739	0.0
72.0	26.32540517785729	23.74433452606469	23.644706377604717	26.285553918473305	0.0
73.0	26.33606959938259	23.716270258892866	23.62337753455413	26.324282607170417	0.0
74.0	26.249351013821652	23.648074089665332	23.72946046446362	26.373114432049395	0.0
75.0	26.263663790079285	23.73928295797376	23.62814845997334	26.36890479197362	0.0
76.0	26.284992633129868	23.686522135690733	23.617484038448048	26.411001192731355	0.0
77.0	26.201080474286115	23.736476531256578	23.700554269276644	26.361888725180666	0.0
78.0	26.25945415000351	23.641338665544094	23.892513856731917	26.206693327720483	0.0
79.0	26.27881849435207	23.811127481933628	23.717673472251455	26.19238055146285	0.0
80.0	26.388549778993898	23.69494141584228	23.6629481512664	26.253560653897424	0.0
81.0	26.403423840594964	23.609345400968216	23.797095348347717	26.190135410089106	0.0
82.0	26.32793096190276	23.759489230337472	23.64835473233705	26.264225075422722	0.0
83.0	26.295937697326877	23.682593138286677	23.641338665544094	26.380130498842348	0.0
84.0	26.314740756332	23.635725812109733	23.775205219953694	26.274328211604576	0.0
85.0	26.424752683645547	23.720760541640356	23.55658457868519	26.297902196028904	0.0
86.0	26.196590191538622	23.690731775766505	23.73900231530204	26.373675717392832	0.0
87.0	26.271241142215672	23.690731775766505	23.738721672630323	26.299305409387497	0.0
88.0	26.321195537781524	23.635725812109733	23.723286325685823	26.31979232442293	0.0
89.0	26.264225075422722	23.800743703080055	23.646951518978458	26.28807970251877	0.0
90.0	26.216442246706666	23.745109815169254	23.747354950242194	26.291092987881882	0.0
91.0	26.394649843121186	23.720413329366927	23.60815657571999	26.276780251791898	0.0
92.0	26.36237602644769	23.62499508876703	23.731639004731623	26.280989880053657	0.0
93.0	26.366024370941215	23.676352553560502	23.620785460505267	26.336837614993016	0.0
94.0	26.2421876534756	23.71080496285715	23.67965380114333	26.36735358252392	0.0
95.0	26.171466097152337	23.794155368523857	23.80173267812992	26.232645856193887	0.0
96.0	26.271374327513776	23.702666371058044	23.753181768431805	26.27277753299638	0.0
97.0	26.32188972488753	23.74111420128141	23.64738007504343	26.28961599878763	0.0
98.0	26.3362024208101	23.716979066980613	23.623806222935677	26.323012289273617	0.0
99.0	26.267445352162476	23.63531250789303	23.73213368619274	26.365108453751752	0.0
100.0	26.266884069969436	23.73550137935099	23.626893274997403	26.37072127568217	0.0
101.0	26.287370870015465	23.689756880618084	23.61931596539134	26.40355628397511	0.0
102.0	26.202617258866155	23.730730480710136	23.702385729961524	26.36426653046219	0.0
103.0	26.254255220626	23.646257510657346	23.897431292043546	26.202055976673112	0.0
104.0	26.28400317685721	23.798084343875146	23.722311247814506	26.195601231453132	0.0
105.0	26.392330640114274	23.690879445004168	23.670392644958145	26.24639726992341	0.0
106.0	26.405240130554237	23.608090321530504	23.800048831550793	26.186620716364462	0.0
107.0	26.322451007080577	23.762162283520475	23.649905844912116	26.265480864486833	0.0
108.0	26.30308677142063	23.67881187785377	23.636154431182593	26.381946919543005	0.0
109.0	26.321609083791014	23.628296480480007	23.767213823257848	26.282880612471125	0.0
110.0	26.425726930600263	23.71389201491888	23.558136206349786	26.302244848131075	0.0
111.0	26.192794820487926	23.693405214872858	23.74083356018489	26.372966404454335	0.0
112.0	26.270532404224213	23.691160086100687	23.74195612457097	26.29635138510413	0.0
113.0	26.312909209798864	23.63559314898955	23.72652086426232	26.32497677694926	0.0
114.0	26.250045604178183	23.797803702778626	23.65383482026341	26.298315872779774	0.0
115.0	26.223030466311936	23.739644372600523	23.749747423721963	26.287577737365574	0.0
116.0	26.406288588042475	23.715509306032644	23.615040075436113	26.26316203048876	0.0
117.0	26.35661525336207	23.622898004086125	23.736557329202306	26.2839294133495	0.0
118.0	26.370366628499585	23.6722906984576	23.629633371500418	26.327709301542402	0.0
119.0	26.240223165799954	23.71080496285715	23.680495724432895	26.36847614691	0.0
120.0	26.186340075267942	23.780965236987374	23.794436009620377	26.23825867812431	0.0
121.0	26.274461379575502	23.697053549127627	23.748130228694432	26.280354842602442	0.0
122.0	26.328063829010993	23.740272277991846	23.648221998332993	26.283441894664172	0.0
123.0	26.338166908485743	23.705192140926734	23.624928787321757	26.331712163265763	0.0
124.0	26.263516376811186	23.63475122569999	23.73213368619274	26.36959871129608	0.0
125.0	26.256500349398166	23.734940097157946	23.635873790086073	26.37268576335782	0.0
126.0	26.287932152208505	23.690598803907648	23.620157888680904	26.401311155202944	0.0
127.0	26.2099139273757	23.724556376586676	23.713050091629317	26.35247960440831	0.0
128.0	26.26969048093465	23.630822250348697	23.900518344105272	26.198968924611382	0.0
129.0	26.281758048085045	23.805942294577733	23.72960791632405	26.18269174101317	0.0
130.0	26.391488716824714	23.688353675135478	23.677408672371165	26.24274893566864	0.0
131.0	26.413940004546387	23.60416134617921	23.802293960322963	26.179604688951443	0.0
132.0	26.32104780159797	23.762442924616995	23.652712255877326	26.26379701790771	0.0
133.0	26.302806130324115	23.67319905592335	23.648502639429513	26.37549217432302	0.0
134.0	26.322451007080577	23.623806222935677	23.769178310933498	26.28456445905025	0.0
135.0	26.423481801828096	23.70968239847107	23.55953941183239	26.307296387868444	0.0
136.0	26.186340075267942	23.693405214872858	23.746446382115305	26.373808327743898	0.0
137.0	26.274742020672022	23.6953697025485	23.739991636895326	26.28989663988415	0.0
138.0	26.311299203538336	23.63762397355231	23.727990660238095	26.32308616267126	0.0
139.0	26.25769660367192	23.797028563730965	23.65783018920876	26.28744464338836	0.0
140.0	26.214905535411592	23.73513992882882	23.758433335952674	26.291521199806915	0.0
141.0	26.39606872435606	23.715627999393806	23.619928042613143	26.26837523363699	0.0
142.0	26.351165518828473	23.61627965716403	23.743411857814	26.289142966193502	0.0
143.0	26.373336476557718	23.675776404488076	23.627505458545922	26.323381660408284	0.0
144.0	26.239261789229374	23.70446872342635	23.67977189107574	26.376497596268532	0.0
145.0	26.191271353638996	23.774349533145674	23.80409799029527	26.23028112292006	0.0
146.0	26.27209735042279	23.70166226520469	23.7510559299059	26.275184454466622	0.0
147.0	26.32261359841267	23.73449782639811	23.658162162768964	26.284726412420262	0.0
148.0	26.339452347742625	23.71344938973566	23.62364272664255	26.323455535879166	0.0
149.0	26.27911349597694	23.61943303931006	23.732533305642946	26.368920159070054	0.0
150.0	26.26031022589182	23.728884909954786	23.63346533041836	26.377339533735032	0.0
151.0	26.293145787085244	23.696891286227867	23.616345935266235	26.39361699142066	0.0
152.0	26.221019810788587	23.716817139601652	23.713168743913492	26.348994305696266	0.0
153.0	26.265081204868647	23.62701047650854	23.9110240485405	26.196884270082315	0.0
154.0	26.271536058778462	23.81083349002725	23.739549451197096	26.178080999997196	0.0
155.0	26.396704095464486	23.681736411830904	23.685104161696895	26.23645533100771	0.0
156.0	26.4155073655496	23.601752352513607	23.801572177895775	26.18116810404102	0.0
157.0	26.3223329525905	23.762843054436868	23.646375038237995	26.268448954734637	0.0
158.0	26.309703890593035	23.674439620454592	23.657320225302467	26.358536263649913	0.0
159.0	26.32457811916783	23.631500809663198	23.765088221014196	26.278832850154778	0.0
160.0	26.419717052882092	23.695768702939205	23.57144260371968	26.313071640459025	0.0
161.0	26.185097145551346	23.70222355684902	23.73898815955276	26.373691138046873	0.0
162.0	26.277710266866112	23.68145576600874	23.749372054972902	26.291461912152247	0.0
163.0	26.310900314324204	23.631005837449486	23.732599910193088	26.32549393803323	0.0
164.0	26.264032330489446	23.790974405029186	23.662718904355636	26.28227436012573	0.0
165.0	26.215627613536224	23.72936534219433	23.766691550805742	26.288315493463703	0.0
166.0	26.40100360354292	23.71406279819037	23.628464621291215	26.256468976975494	0.0
167.0	26.357222240932206	23.612467584952682	23.737356728297353	26.29295344581776	0.0
168.0	26.371816028469112	23.668878186778027	23.634638916018368	26.324666868734493	0.0
169.0	26.24728119781654	23.69700966841138	23.685222345396628	26.37048678837545	0.0
170.0	26.17908311465978	23.773627268007242	23.81432159746292	26.232968019870057	0.0
171.0	26.268049338366335	23.709077641974098	23.751455874717596	26.271417144941978	0.0
172.0	26.32025034028879	23.72731992759216	23.6591218444354	26.293307887683653	0.0
173.0	26.335686120427148	23.704587233206574	23.6299341874465	26.329792458919776	0.0
174.0	26.280117311929054	23.622075972103335	23.737423347319087	26.360383368648527	0.0
175.0	26.26187502631099	23.72900383087998	23.637511752241696	26.371609390567336	0.0
176.0	26.285449672340484	23.6986935716992	23.610288649088588	26.40556810687173	0.0
177.0	26.22005809466343	23.71300674964568	23.7174971584132	26.34943799727769	0.0
178.0	26.27731080644935	23.622075972103335	23.911146036512637	26.189467184934678	0.0
179.0	26.280117311929054	23.801972973352232	23.73152968581171	26.18638002890701	0.0
180.0	26.403322902487968	23.66922526416233	23.691116006904004	26.2363358264457	0.0
181.0	26.411742418927076	23.59737872388196	23.809550538147427	26.181328319043544	0.0
182.0	26.327547254536015	23.753139778005416	23.650982978544267	26.268329988914303	0.0
183.0	26.294711140423498	23.67455762457376	23.66108639827119	26.369644836731542	0.0
184.0	26.328389206179924	23.62881158525462	23.764646450472192	26.27815275809326	0.0
185.0	26.427739500161373	23.6986935716992	23.57268147566058	26.300885452478845	0.0
186.0	26.19171238931844	23.69953552334311	23.734055540743444	26.374696546595004	0.0
187.0	26.27815275809326	23.68774820032836	23.74584286375819	26.288256177820184	0.0
188.0	26.321166162429765	23.637297439898518	23.728789775310542	26.31274662236118	0.0
189.0	26.26082612527153	23.79418153650993	23.66395931678239	26.28103302143615	0.0
190.0	26.21157861649341	23.734255371696715	23.766249803542962	26.287916208266914	0.0
191.0	26.391625270129943	23.716707361567174	23.63896606887261	26.25270129943027	0.0
192.0	26.360753276641123	23.601077713227244	23.7430888832758	26.29508012685583	0.0
193.0	26.374505346467963	23.672644607224047	23.625775308018298	26.327074738289692	0.0
194.0	26.236496973132873	23.702460504786576	23.692918225472834	26.36812429660772	0.0
195.0	26.187662955468426	23.767291873065233	23.813038682716407	26.23200648874993	0.0
196.0	26.262597913608694	23.709476886634913	23.758030249025424	26.269894950730965	0.0
197.0	26.31732569202574	23.7310873427278	23.671869079927816	26.279717885318643	0.0
198.0	26.326306660791616	23.71537064738752	23.63145472048138	26.326867971339485	0.0
199.0	26.276630677305373	23.623035062263373	23.738665035124008	26.36166922530725	0.0
200.0	26.246319907720544	23.736981103480407	23.63229668630318	26.384402302495868	0.0
201.0	26.29122475154992	23.6934795360207	23.613773438223564	26.401522274205814	0.0
202.0	26.216851103957524	23.705547712799845	23.72491292670126	26.352688256541374	0.0
203.0	26.265965776895893	23.63538389431645	23.90509361256662	26.193556716221032	0.0
204.0	26.26484315580016	23.806302956142	23.74203289841121	26.186820989646627	0.0
205.0	26.402644895301552	23.67214973520175	23.68702446472023	26.23818090477647	0.0
206.0	26.41780028009396	23.60563443527949	23.803215748128732	26.173349536497813	0.0
207.0	26.329113213530952	23.745681416972346	23.653626487122136	26.27157888237457	0.0
208.0	26.29206671737172	23.675798253762885	23.66429138753161	26.36784364133379	0.0
209.0	26.333323042639954	23.634261273220716	23.76139811231263	26.2710175718267	0.0
210.0	26.44025270200865	23.69740870985577	23.5806561158994	26.281682472236177	0.0
211.0	26.20169571916511	23.696847399307906	23.735016516562872	26.366440364964117	0.0
212.0	26.27803395367504	23.684498567254828	23.749610590807418	26.287856888262716	0.0
213.0	26.32862579565993	23.627030546605745	23.74181887580408	26.30252478193024	0.0
214.0	26.266881462105818	23.788407782031275	23.66632239523109	26.27838836063181	0.0
215.0	26.20949408654359	23.731287152054694	23.77506974342279	26.28414901797893	0.0
216.0	26.399928151241635	23.721597287709372	23.633189635816606	26.245284925232387	0.0
217.0	26.360916520723876	23.609052943553817	23.735630248327272	26.29440028739503	0.0
218.0	26.365687727333963	23.681463020342182	23.634592931878394	26.31825632044546	0.0
219.0	26.23736672083435	23.714219157397817	23.691766231360564	26.35664789040727	0.0
220.0	26.18740896040146	23.766422210434435	23.812731370386274	26.233437458777832	0.0
221.0	26.266836186258246	23.70551864855838	23.76249294837792	26.265152216805454	0.0
222.0	26.3196005624458	23.736672083435074	23.664261396964925	26.2794659571542	0.0
223.0	26.33307231806815	23.709728572190368	23.63142399263544	26.325775117106044	0.0
224.0	26.289289112295506	23.621600837494142	23.742565976519852	26.346544073690502	0.0
225.0	26.256879755486263	23.73035007114811	23.62903067367576	26.383739499689867	0.0
226.0	26.30038254387467	23.689653914268636	23.61443618982933	26.395527352027372	0.0
227.0	26.223200177379113	23.703967734964174	23.721088187168643	26.351743900488074	0.0
228.0	26.262493018504124	23.63380194724094	23.91755239279369	26.18615264146125	0.0
229.0	26.25659909233537	23.81960095313206	23.746628533899898	26.17717142063267	0.0
230.0	26.39103674161308	23.67393677781863	23.69330253523024	26.241723945338048	0.0
231.0	26.424022655256714	23.592396231234055	23.81889266538871	26.164688448120526	0.0
232.0	26.317370059248326	23.75153313106762	23.657510447744436	26.273586361939614	0.0
233.0	26.29407488696228	23.660878424460492	23.67687631386175	26.368170374715476	0.0
234.0	26.336735925365634	23.62972463983699	23.7647243732055	26.268815061591877	0.0
235.0	26.434968579583884	23.69511952107371	23.57583701238012	26.29407488696228	0.0
236.0	26.19500023856502	23.689786891273293	23.739464547835095	26.375748322326597	0.0
237.0	26.266008414328496	23.683892932020196	23.756585096141702	26.293513557509606	0.0
238.0	26.318005254058424	23.62726497069852	23.74261849698004	26.312111278263018	0.0
239.0	26.259065496104363	23.784437658576017	23.67441677706177	26.28208006825785	0.0
240.0	26.21246951108267	23.731815413287976	23.76830387591677	26.287411199712587	0.0
241.0	26.390070145596322	23.718979731038374	23.643192171987234	26.24775795137807	0.0
242.0	26.370069700006454	23.610140326352106	23.745722698959412	26.27406727468203	0.0
243.0	26.367043301284298	23.67211734156783	23.626359744543475	26.334479612604394	0.0
244.0	26.237065069089233	23.709875746057058	23.690504932539035	26.362554252314673	0.0
245.0	26.18302286733018	23.772197032441007	23.81795976809804	26.226820332130774	0.0
246.0	26.266182626786723	23.721884835569632	23.745188379673692	26.266744157969953	0.0
247.0	26.329562460866317	23.733191820323402	23.64783476671412	26.28941095209616	0.0
248.0	26.35071196511357	23.696883415186157	23.636511693862023	26.315892925838252	0.0
249.0	26.264225964332947	23.619944570335864	23.75641274039879	26.359416724932398	0.0
