# Position (bp)	A	C	G	T	N
0.0	26.147883458604504	23.778466053566028	23.69081357185263	26.38283691597684	0.0
1.0	26.170846728574148	23.815151277541922	23.647127350934774	26.366874642949156	0.0
2.0	26.357529102410805	23.805029949510082	23.653252161153286	26.184188786925827	0.0
3.0	26.231840227606213	23.770399991039127	23.75975895247376	26.238000828880896	0.0
4.0	26.225610985416992	23.826191169552654	23.729027127528504	26.21917071750185	0.0
5.0	26.277960862492332	23.660580538763718	23.67234027064183	26.389118328102118	0.0
6.0	26.274764533939592	23.71907583071082	23.77339261515718	26.232767020192405	0.0
7.0	26.26175524453988	23.668952155909746	23.74790372388229	26.321388875668077	0.0
8.0	26.290416051916203	23.62545528862709	23.691246419982587	26.39288223947412	0.0
9.0	26.433238707943495	23.553323366872156	23.67146512578458	26.34197279939977	0.0
10.0	26.38512898755617	23.558180876527484	23.68387900505312	26.372811130863226	0.0
11.0	26.235914950798563	23.608292157164655	23.73539004213267	26.420402849904118	0.0
12.0	26.301143601013422	23.551462045604065	23.800898643636007	26.346495709746502	0.0
13.0	26.203160650046893	23.739869262748282	23.779622345711847	26.277347741492978	0.0
14.0	26.386528743998543	23.58253663862488	23.688918128245685	26.34201648913089	0.0
15.0	26.21687826318221	23.57861732058622	23.753586875883595	26.45091754034798	0.0
16.0	26.251798681993023	23.787954289681583	23.63958052216368	26.32066650616171	0.0
17.0	26.4082910141487	23.678493642324035	23.73868300084545	26.174532342681818	0.0
18.0	26.350061309160537	23.75324042709249	23.6644961170865	26.232202146660473	0.0
19.0	26.297710564772146	23.762198843244516	23.593108738375054	26.34698185360828	0.0
20.0	26.27671427691584	23.73140428772193	23.656377552448728	26.335503882913503	0.0
21.0	26.359019725312567	23.83750552902247	23.505764180892818	26.297710564772146	0.0
22.0	26.288472198115375	23.83806543003197	23.714887207941636	26.158575163911017	0.0
23.0	26.376656607111865	23.700609732199347	23.71236765339888	26.21036600728991	0.0
24.0	26.33074472433274	23.684092652419054	23.71628696046539	26.26887566278282	0.0
25.0	26.157175411387268	23.77507656646305	23.668695374657762	26.39905264749192	0.0
26.0	26.18377070933859	23.81622929066141	23.645739433268197	26.354260566731803	0.0
27.0	26.35817987379831	23.80839067652839	23.651898344372714	26.181531105300582	0.0
28.0	26.241440513317244	23.751000823054483	23.758559486682753	26.248999176945514	0.0
29.0	26.22744298807971	23.82070849873742	23.71656691097014	26.23528160221273	0.0
30.0	26.28763234660112	23.66057681001999	23.67681393929553	26.374976904083358	0.0
31.0	26.284272940544113	23.71992631702715	23.76275874425402	26.233041998174723	0.0
32.0	26.268242223696625	23.665549667279755	23.746735086378486	26.319473022645134	0.0
33.0	26.294837447194485	23.626916605777602	23.683466449425683	26.394779497602233	0.0
34.0	26.44601029655074	23.53257354979046	23.667229365605937	26.354186788052864	0.0
35.0	26.38918050318163	23.54181189058445	23.683186499704654	26.385821106529267	0.0
36.0	26.255924435971302	23.601441181163864	23.72881830423256	26.41381607863228	0.0
37.0	26.31555372655071	23.54181189058445	23.773330309876346	26.36930407298849	0.0
38.0	26.19937459232322	23.72853835451153	23.78536814788064	26.286718905284612	0.0
39.0	26.377702564619394	23.59052314204369	23.683466449425683	26.348307843911233	0.0
40.0	26.206653285070004	23.579885052644546	23.762132321035143	26.45132934125031	0.0
41.0	26.24717251573313	23.782502071622137	23.642807551902536	26.3275178607422	0.0
42.0	26.400024635506487	23.685919688248863	23.74050973102506	26.17354594521959	0.0
43.0	26.34347495016909	23.75422722895344	23.656245100893596	26.246052719983876	0.0
44.0	26.283285928646617	23.764865288571364	23.59297664106067	26.358872141721353	0.0
45.0	26.27348771584063	23.726232335222054	23.648126581711495	26.352153367225817	0.0
46.0	26.353553111912387	23.834852522899823	23.50759221517995	26.30400215000784	0.0
47.0	26.29616357976305	23.83121318671474	23.708875501108597	26.163747732413604	0.0
48.0	26.386587086515416	23.70019708405187	23.69963718617724	26.21357864325547	0.0
49.0	26.347114286354167	23.68479989249961	23.697117645741418	26.270968175404807	0.0
50.0	26.17410584309422	23.766265033257934	23.659604488141365	26.400024635506487	0.0
51.0	26.186423596336027	23.791180488678865	23.65120602002195	26.37118989496316	0.0
52.0	26.35327316297507	23.80685762916844	23.653725560457772	26.186143647398712	0.0
53.0	26.255570983852543	23.7514277395803	23.740229782087745	26.252771494479404	0.0
54.0	26.24577277104656	23.805737833419187	23.73463080334147	26.213858592192786	0.0
55.0	26.297003426574996	23.64700678596224	23.662963875389128	26.393025912073636	0.0
56.0	26.2930841414526	23.70971534792054	23.766265033257934	26.230935477368927	0.0
57.0	26.27369411185049	23.65533903121142	23.753600833125706	26.31736602381239	0.0
58.0	26.312047008893952	23.630703593694445	23.676615090885168	26.380634306526428	0.0
59.0	26.4475419152373	23.55063842176429	23.667096853662702	26.33472280933571	0.0
60.0	26.40806922557942	23.54615925130666	23.672975764888342	26.372795758225575	0.0
61.0	26.26417587462802	23.59375043741899	23.73092503268395	26.411148655269045	0.0
62.0	26.310087371818742	23.553157955146705	23.787754507865145	26.34900016516941	0.0
63.0	26.206226606832416	23.73092503268395	23.788874300479552	26.273974060004086	0.0
64.0	26.390712440056102	23.57835328897088	23.680254416881994	26.350679854091023	0.0
65.0	26.224143288662937	23.56267619236917	23.74744197374646	26.465738545221424	0.0
66.0	26.255144032921812	23.791047283110775	23.6281179138322	26.325690770135214	0.0
67.0	26.417513507460598	23.675988914084154	23.71938075641779	26.18711682203746	0.0
68.0	26.338288401780463	23.766411914560063	23.64631449287534	26.24898519078413	0.0
69.0	26.28145908569189	23.758853335572912	23.604602334761065	26.35508524397413	0.0
70.0	26.274740348814422	23.73365807228241	23.64743428235492	26.34416729654825	0.0
71.0	26.35256571764508	23.84703675708967	23.509420228996948	26.290977296268302	0.0
72.0	26.282018980431676	23.839478178102517	23.727499230144733	26.151003611321073	0.0
73.0	26.378600823045268	23.687186808879932	23.705943282662858	26.22826908541194	0.0
74.0	26.325970717505108	23.679908177262675	23.708742756361804	26.285378348870413	0.0
75.0	26.17171971669326	23.758573388203015	23.676828756193835	26.392878138909886	0.0
76.0	26.19299571680524	23.785168388342992	23.648554071834496	26.373281823017276	0.0
77.0	26.346686822877295	23.808683967414126	23.657792335041012	26.186836874667563	0.0
78.0	26.249265138154026	23.752694493435232	23.735337756501778	26.26270261190896	0.0
79.0	26.25402424344223	23.788247809411832	23.738977072310405	26.218750874835532	0.0
80.0	26.298255927885556	23.647994177094706	23.656952492931328	26.396797402088406	0.0
81.0	26.30021555947482	23.711822177430644	23.76389238823101	26.224069874863527	0.0
82.0	26.273267060644827	23.65716621268662	23.753467838336444	26.316098888332107	0.0
83.0	26.297342467057284	23.63645016530846	23.674802847616675	26.39140452001758	0.0
84.0	26.449633409945385	23.540148539658635	23.670323702237614	26.33989434815837	0.0
85.0	26.418559338878143	23.540988379417207	23.67200338175476	26.368448899949893	0.0
86.0	26.253670799611434	23.600057109103584	23.730792164854947	26.415479926430034	0.0
87.0	26.31525904857353	23.544347738451503	23.796579612609914	26.343813600365053	0.0
88.0	26.213918384372263	23.714555262855846	23.790980680886086	26.280545671885804	0.0
89.0	26.385805588293753	23.575701756104937	23.689080123512436	26.349412532088877	0.0
90.0	26.223156621716576	23.550786509933904	23.75290794516406	26.47314892318546	0.0
91.0	26.25751654479693	23.7869948377994	23.62126692272376	26.33422169467991	0.0
92.0	26.426043917897495	23.672776950382406	23.717288332978736	26.183890798741366	0.0
93.0	26.339820610729763	23.75508101631524	23.65430052741789	26.250797845537104	0.0
94.0	26.29250977010851	23.75508101631524	23.592992396672006	26.359416816904247	0.0
95.0	26.2776726425764	23.74332329261055	23.631624917415987	26.347379147397064	0.0
96.0	26.362776166534157	23.83010649138327	23.521606217036382	26.28551112504619	0.0
97.0	26.28635096245367	23.82814687076582	23.723447140633574	26.162055026146934	0.0
98.0	26.380692697893686	23.683414890877128	23.711969362731374	26.22392304849781	0.0
99.0	26.317984838135338	23.675296462604837	23.717008387176243	26.28971031208358	0.0
100.0	26.16541437577685	23.764319227797497	23.673896733592375	26.396369662833273	0.0
101.0	26.195368576643563	23.78895445841685	23.652620852602936	26.363056112336654	0.0
102.0	26.345139580977122	23.806870989776378	23.669417600752492	26.178571828494	0.0
103.0	26.247718441709683	23.74248345520307	23.744163130018027	26.26563497306921	0.0
104.0	26.24687860430221	23.797912724096616	23.731005677300875	26.224202994300306	0.0
105.0	26.29810868615836	23.640023291490767	23.67221705877742	26.38965096357345	0.0
106.0	26.3118260304805	23.706930338286508	23.76207966137756	26.219163969855437	0.0
107.0	26.273679849277602	23.651434858193852	23.75417468009283	26.320710612435715	0.0
108.0	26.297755120894255	23.641916727554708	23.6760700198481	26.384258131702932	0.0
109.0	26.451164991195732	23.532458225204568	23.670191174453336	26.346185609146367	0.0
110.0	26.40777351328199	23.548415091276073	23.6763499648669	26.367461430575034	0.0
111.0	26.255763368074508	23.604684040054533	23.726180178213	26.41337241365796	0.0
112.0	26.315391657078553	23.54561564108809	23.78748813732983	26.351504564503532	0.0
113.0	26.216571065442746	23.71610215753626	23.80008566317575	26.26724111384524	0.0
114.0	26.396295767511262	23.592366459227406	23.684188425393252	26.32714934786808	0.0
115.0	26.230848261401462	23.558493111952814	23.753334845036438	26.457323781609293	0.0
116.0	26.259329141634986	23.794420151505822	23.624214056559932	26.322036650299264	0.0
117.0	26.427575626935113	23.677403461230522	23.711836602148853	26.183184309685508	0.0
118.0	26.340512969816416	23.75522795859065	23.654448033951635	26.2498110376413	0.0
119.0	26.283124401619197	23.7636262856439	23.597619354224637	26.355629958512267	0.0
120.0	26.28424417855963	23.72415414849362	23.652768368540986	26.33883330440576	0.0
121.0	26.372706556853874	23.81653574607938	23.534911845560362	26.27584585150638	0.0
122.0	26.285643899735174	23.814576136433622	23.724993981198946	26.174785982632258	0.0
123.0	26.376345831910285	23.689441063340183	23.714356100264826	26.21985700448471	0.0
124.0	26.333234419703594	23.67404413040922	23.721074761907428	26.271646687979754	0.0
125.0	26.170026930635416	23.758867233647056	23.682722401697582	26.38838343401994	0.0
126.0	26.19914113108669	23.793860263035604	23.64381015301752	26.363188452860193	0.0
127.0	26.34247257946217	23.81009702867189	23.660046918653805	26.187383473212133	0.0
128.0	26.25485003387325	23.749069185418264	23.741790635305446	26.254290145403036	0.0
129.0	26.261848639750962	23.789661099508976	23.724993981198946	26.223496279541113	0.0
130.0	26.307479550073626	23.635971714434483	23.664805970650647	26.39174276484124	0.0
131.0	26.305799884662974	23.700918776979627	23.7669856164652	26.2262957218922	0.0
132.0	26.268920783958034	23.66767166928415	23.746616164585273	26.31679138217254	0.0
133.0	26.302794131232627	23.636317827178743	23.67467029475411	26.38621774683452	0.0
134.0	26.44948532108294	23.534697785354954	23.68334859033686	26.332468303225248	0.0
135.0	26.410293018451174	23.549814816370066	23.68754776561883	26.352344399559925	0.0
136.0	26.28011858470996	23.60188458986655	23.717501882630252	26.400494942793234	0.0
137.0	26.306713361495802	23.53581756543015	23.80232522332614	26.355143849747908	0.0
138.0	26.22748892117588	23.727020013269392	23.786088412235838	26.259402653318887	0.0
139.0	26.39993505275564	23.572770307911526	23.692306830938403	26.334987808394434	0.0
140.0	26.24288589720979	23.543935970975298	23.7589337454124	26.454244386402507	0.0
141.0	26.249118170722145	23.787554729404388	23.63918345408329	26.324143645790176	0.0
142.0	26.434722237774764	23.669417600752492	23.707770175693984	26.188089985778753	0.0
143.0	26.34122033974223	23.752281558290314	23.66577830532009	26.240719796647372	0.0
144.0	26.290270203688564	23.76543901100747	23.591872613462034	26.35241817184193	0.0
145.0	26.285231179243702	23.725966652856005	23.649541448775516	26.33926071912478	0.0
146.0	26.370054757398968	23.81862871348107	23.5286048620987	26.282711667021264	0.0
147.0	26.263675352451767	23.83066638298825	23.73044578569589	26.17521247886409	0.0
148.0	26.373414107028882	23.68929375272947	23.713089145941346	26.224202994300306	0.0
149.0	26.327782941222576	23.679215703839738	23.723447140633574	26.269554214304108	0.0
150.0	26.16933361701175	23.759840094957614	23.69125337334692	26.37957291468372	0.0
151.0	26.210765595780654	23.785315162984446	23.63946339988578	26.364455841349116	0.0
152.0	26.340940393939732	23.8175089302711	23.668577763345017	26.172972912444152	0.0
153.0	26.273193509736515	23.729605948288413	23.754241178907765	26.242959363067307	0.0
154.0	26.268994322699125	23.779716246934594	23.72932600248592	26.22196342788036	0.0
155.0	26.308186735048096	23.643662586923174	23.650661231985488	26.39748944604325	0.0
156.0	26.30930651825806	23.702171259644132	23.774117330884742	26.21440489121306	0.0
157.0	26.269347808438148	23.674802847616675	23.73835072268211	26.317498621263063	0.0
158.0	26.315818941745917	23.645688402652773	23.659965678548534	26.37852697705278	0.0
159.0	26.46475052559972	23.528390783038596	23.677322366892398	26.329536324469295	0.0
160.0	26.42163875132625	23.548826883830564	23.677602313478587	26.351932051364603	0.0
161.0	26.287264389954395	23.596417803483096	23.71791462189014	26.398403184672365	0.0
162.0	26.30686065098779	23.54742715089961	23.795459826265148	26.35025237184745	0.0
163.0	26.229035500026594	23.722953660441586	23.78510180257607	26.26290903695575	0.0
164.0	26.395603718810452	23.581860581001145	23.68656060423671	26.335975095951692	0.0
165.0	26.243872669094735	23.548826883830564	23.7613063427498	26.445994104324893	0.0
166.0	26.260183085579914	23.78628817782257	23.623918703283785	26.329610033313738	0.0
167.0	26.42815150751659	23.665350914028163	23.721340388007054	26.185157190448194	0.0
168.0	26.352005822905294	23.74877523025671	23.667870440357213	26.231348506480785	0.0
169.0	26.306374401612498	23.758013493463228	23.58108675568993	26.354525349234343	0.0
170.0	26.28285882254136	23.727499230144733	23.64519470339576	26.344447243918147	0.0
171.0	26.368522717729064	23.817922230620646	23.535175387027238	26.278379664623053	0.0
172.0	26.27753982251337	23.81708238851096	23.735897651241565	26.16948013773411	0.0
173.0	26.380560454634526	23.682427703591724	23.711822177430644	26.2251896643431	0.0
174.0	26.338848296520258	23.6734693877551	23.724139861706	26.263542454018644	0.0
175.0	26.156602558718962	23.756333809243863	23.681587861482043	26.405475770555135	0.0
176.0	26.211752190588168	23.780969177794574	23.64015565073766	26.367122980879593	0.0
177.0	26.342207664958988	23.82828028330674	23.662831387699114	26.166680664035162	0.0
178.0	26.284818454130622	23.71658128271885	23.74905517762661	26.249545085523923	0.0
179.0	26.263822401388538	23.79832591472803	23.714341703759693	26.223509980123737	0.0
180.0	26.308893927941547	23.640715545477452	23.665630861398057	26.384759665182944	0.0
181.0	26.312533243750174	23.68914644046919	23.779569440945103	26.218750874835532	0.0
182.0	26.268655045085648	23.67269581673474	23.755280522047318	26.303368616132296	0.0
183.0	26.299169393828265	23.653659342289806	23.673535661195547	26.373635602686385	0.0
184.0	26.453140878309338	23.537200910391395	23.675215350117156	26.33444286118211	0.0
185.0	26.418147359109096	23.54643919946026	23.67997446872839	26.355438972702256	0.0
186.0	26.269214941392853	23.58955121511496	23.737923736523996	26.403310106968192	0.0
187.0	26.305328253207506	23.540280340081015	23.800912071084433	26.35347933562704	0.0
188.0	26.228622459120572	23.710208869317402	23.793633419090785	26.26753525247124	0.0
189.0	26.390152543748897	23.58787152619335	23.700410683941335	26.321565246116418	0.0
190.0	26.232261785117394	23.545319406845852	23.77123756680263	26.451181241234124	0.0
191.0	26.25585093278986	23.774383552440035	23.625730666726387	26.34403484804372	0.0
192.0	26.43193881436026	23.663523773263755	23.727632079908627	26.17690533246736	0.0
193.0	26.350753622539248	23.744429016147457	23.674441781819	26.230375579494304	0.0
194.0	26.29448388613917	23.760386105574344	23.59521623255918	26.34991377572731	0.0
195.0	26.28860495845558	23.713634633042933	23.658764641329423	26.33899576717207	0.0
196.0	26.358592192784037	23.82953349309086	23.539226445096414	26.272647869028688	0.0
197.0	26.274047613715258	23.825054310093837	23.73099146715639	26.16990660903451	0.0
198.0	26.37960381182742	23.687864637574048	23.72117893416647	26.211352616432066	0.0
199.0	26.33509143234678	23.659309526209114	23.73181711291027	26.273781928533836	0.0
200.0	26.14976316054691	23.753933326614487	23.68114578784112	26.415157724997478	0.0
201.0	26.19959462939945	23.776889396535314	23.651190916115162	26.37232505795008	0.0
202.0	26.34768927559602	23.815522782499638	23.65007110782634	26.186716834078005	0.0
203.0	26.290579052866146	23.716139796866777	23.7388159147154	26.25446523555167	0.0
204.0	26.27630149718368	23.792006808434397	23.716139796866777	26.215551897515144	0.0
205.0	26.305696464765234	23.635793552143873	23.66546847179763	26.39304151129327	0.0
206.0	26.3060500611697	23.68905076385137	23.776955960616235	26.227943214362703	0.0
207.0	26.27392903735141	23.67427953930829	23.753786372976634	26.29800505036366	0.0
208.0	26.303884076796884	23.668680466514743	23.663921254640233	26.363514202048137	0.0
209.0	26.442609182530795	23.5498320268757	23.68952967525196	26.318029115341545	0.0
210.0	26.415173572228447	23.54535274356103	23.690089585666293	26.34938409854423	0.0
211.0	26.281354983202686	23.58734602463606	23.72788353863382	26.403415453527433	0.0
212.0	26.30431131019037	23.534434490481523	23.800391937290033	26.360862262038076	0.0
213.0	26.240495414282357	23.704352792304505	23.795619211861275	26.259532581551863	0.0
214.0	26.395592335860425	23.589009955318648	23.698473667118332	26.316924041702595	0.0
215.0	26.244694789415334	23.561853996125375	23.754745293900267	26.43870592055902	0.0
216.0	26.273044135556205	23.769649631153854	23.629670068170046	26.327636165119895	0.0
217.0	26.442979325018545	23.657386021640843	23.734374781281932	26.165259872058677	0.0
218.0	26.343593835300045	23.750612410588055	23.680342669970184	26.225451084141717	0.0
219.0	26.29152143787007	23.7640504486345	23.604473746832962	26.339954366662464	0.0
220.0	26.29978750983362	23.713790583802034	23.65751848440479	26.328903421959556	0.0
221.0	26.365932047750228	23.838159869202	23.533281820421507	26.262626262626267	0.0
222.0	26.26990526103608	23.829761024882977	23.745212658738158	26.155121055342782	0.0
223.0	26.368879307931355	23.682633892326212	23.743105910019878	26.20538088972256	0.0
224.0	26.323525294661103	23.687113301044263	23.7338671295389	26.25549427475573	0.0
225.0	26.166052610949976	23.773754997368332	23.68696596750171	26.373226424179986	0.0
226.0	26.206087550533613	23.799791706328318	23.645531204855708	26.34858953828236	0.0
227.0	26.335991130721077	23.830027884475403	23.66176915237914	26.17221183242438	0.0
228.0	26.270199446789928	23.73232023472233	23.746598429958453	26.250881888529285	0.0
229.0	26.25494840223301	23.816163007508692	23.71369538559742	26.215193204660874	0.0
230.0	26.28994417474369	23.647063434737085	23.670860560044346	26.39213183047488	0.0
231.0	26.28721810826323	23.687444881503982	23.79215252600193	26.233184484230858	0.0
232.0	26.26713402616019	23.662874036910946	23.754423490413902	26.315568446514963	0.0
233.0	26.30576957534492	23.656994714208924	23.671833004837843	26.365402705608314	0.0
234.0	26.443793674968642	23.532409066475545	23.69423042465508	26.329566833900735	0.0
235.0	26.406277996774776	23.54920713133847	23.685831392223616	26.358683479663142	0.0
236.0	26.26265454219674	23.58924251926178	23.746304425730155	26.401798512811325	0.0
237.0	26.282679418335753	23.547099237923526	23.82538873739438	26.344832606346348	0.0
238.0	26.226685555263142	23.721800090710058	23.80243125353461	26.249083100492186	0.0
239.0	26.37086975267511	23.603373070311495	23.720400244133245	26.30535693288016	0.0
240.0	26.225060616072078	23.56103324504572	23.78529871264342	26.42860742623878	0.0
241.0	26.26086713051756	23.773991684282734	23.637356329884785	26.327784855314917	0.0
242.0	26.4344514756118	23.663549308394465	23.733269866158928	26.168729349834795	0.0
243.0	26.346089766385628	23.763815113391036	23.676731246867362	26.213363873355977	0.0
244.0	26.295731067023226	23.75845315934643	23.59884070957535	26.346975064054995	0.0
245.0	26.284779784040502	23.721660916707737	23.66257448810431	26.330984811147452	0.0
246.0	26.359181158811506	23.831247024559634	23.552605785656276	26.256966030972585	0.0
247.0	26.255415559283396	23.838822873754108	23.75340616624612	26.15235540071638	0.0
248.0	26.37398337552932	23.69967288777362	23.72655882418838	26.199784912508683	0.0
249.0	26.32497255393991	23.701913382474853	23.732720184616763	26.240393878968476	0.0
