# Position (bp)	A	C	G	T	N
0.0	28.36614188502394	23.71216412293702	26.054671435998106	21.865082752038735	0.0019398040022036173
1.0	27.286059016596965	22.32598018296231	23.48287928987655	26.905081510564173	0.0
2.0	25.036662295641648	23.5624112539669	24.552099255891186	26.84882719450027	0.0
3.0	28.637714445332445	23.678799494099117	22.08660836909039	25.596489730677614	3.879608004407235E-4
4.0	30.332715182457964	22.488535758346977	20.246898253400477	26.931850805794582	0.0
5.0	29.752713785799084	21.494968148418284	21.162873703241026	27.58944436254161	0.0
6.0	28.506971655583918	21.54191140527161	22.27593323970546	27.67518369943901	0.0
7.0	27.115356264403047	23.00025605412829	22.349645791789197	27.534741889679466	0.0
8.0	26.599368399816882	23.218677984776416	22.75273706344711	27.42921655195959	0.0
9.0	26.598592478216	23.581421333188494	22.91917224683618	26.900813941759328	0.0
10.0	26.956292336222347	23.65901349327664	22.665833844148388	26.71886032635263	0.0
11.0	27.47344408320983	22.750797259444905	22.71044933619907	27.06530932114619	0.0
12.0	28.19233544642649	22.266234219694443	22.31783300615306	27.223597327726008	0.0
13.0	28.24936568409128	22.031905896228245	21.97060808975861	27.748120329921868	0.0
14.0	28.1000007759216	22.020655033015466	22.306970103740717	27.572374087322217	0.0
15.0	27.635223736993613	22.71044933619907	22.59250925286509	27.061817673942222	0.0
16.0	27.284507173395202	22.959520170082016	23.066209390203213	26.68976326631957	0.0
17.0	26.958620101024994	23.43903971942675	23.634571962848874	25.967768216699383	0.0
18.0	26.86783727372186	23.55736776356117	23.56667882277175	26.00811613994522	0.0
19.0	27.222433445324683	23.79906734223574	22.88154004919343	26.096959163246147	0.0
20.0	27.575477773725744	23.076296371014674	22.74187416103477	26.606351694224816	0.0
21.0	27.717859387487486	22.649539490529875	22.646435804126348	26.98616531785628	0.0
22.0	27.924254533321953	22.333351438170688	22.198729040417756	27.543664988089606	0.0
23.0	27.677511464241654	22.363224419804624	22.407063990254425	27.5522001256993	0.0
24.0	27.397403766323453	22.735278827427276	22.524616112787964	27.342701293461307	0.0
25.0	27.245323132550688	22.937018443656456	23.02663738855826	26.791021035234603	0.0
26.0	27.312052390226494	22.94089805166086	23.23109273039052	26.515956827722125	0.0
27.0	27.210794621311464	23.061941821398367	23.35873183373552	26.36853172355465	0.0
28.0	27.24765089735333	23.130222922275934	22.912576913228687	26.709549267142048	0.0
29.0	27.415249963143722	22.973098798097443	22.512977288774742	27.098673949984093	0.0
30.0	27.405162982332264	22.721700199411853	22.246448218871965	27.626688599383918	0.0
31.0	27.282955330193438	22.441204540693207	22.089712055493912	28.186128073619443	0.0
32.0	27.43426004236532	22.218903002040673	21.972935854561253	28.37390110103275	0.0
33.0	27.141737598833014	22.311237672545566	22.1572172347706	28.38980749385082	0.0
34.0	27.01060684828405	22.612295253687567	22.292615554124414	28.08448234390397	0.0
35.0	27.2839109550936	22.658104857351063	22.605605660510417	27.452378527044925	0.0
36.0	27.5022985954789	22.73905392980565	22.589645223677117	27.169002251038332	0.0
37.0	27.22861294180922	22.550632962198872	22.715195106483748	27.50555898950816	0.0
38.0	27.508991195951115	22.488567755374376	22.671239564516917	27.331201484157596	0.0
39.0	27.293398149600122	22.690920495530815	22.385546742817528	27.63013461205153	0.0
40.0	27.178510112641852	22.52585737615678	22.139776391273397	28.155856119927975	0.0
41.0	27.14229827187372	22.30703156892094	22.290447679956458	28.260222479248874	0.0
42.0	27.018029313848412	22.486488823554847	22.05931946906481	28.436162393531927	0.0
43.0	27.16730163623951	22.312757382897665	22.089453632539804	28.43048734832302	0.0
44.0	27.22025225548723	22.22855603931954	22.093002378921856	28.458189326271377	0.0
45.0	27.278769986797712	22.27932008214757	22.1743435528825	28.267566378172216	0.0
46.0	27.233747428501808	22.42065258649372	22.174632258185447	28.17096772681903	0.0
47.0	27.1858539533902	22.25431030347223	22.392950003358056	28.166885739779516	0.0
48.0	27.155439040914313	22.42530462360207	22.468506681591013	27.950749653892604	0.0
49.0	26.919460826457914	22.36433933141274	22.33316741831199	28.38303242381735	0.0
50.0	27.11813765641018	22.274766769180047	22.56839806100319	28.038697513406586	0.0
51.0	27.052161016725513	22.37492808925904	22.47467950240406	28.098231391611385	0.0
52.0	27.066323496014967	22.504893426047083	22.372960171296945	28.055822906641005	0.0
53.0	27.166268559109273	22.415025743057136	22.30972583228495	28.10897986554864	0.0
54.0	27.059565832779114	22.314307964279827	22.549069763476066	28.077056439464993	0.0
55.0	27.526343719202483	22.326411364391806	22.04475079162366	28.102494124782044	0.0
56.0	27.117892946545137	22.27545483944377	22.24551149225665	28.361140721754442	0.0
57.0	27.32278469317993	22.23590931208002	22.51307288170043	27.928233113039624	0.0
58.0	27.147929744467692	22.297888529579605	22.52805782765836	28.026123898294337	0.0
59.0	27.316260534396026	22.261710328607826	22.389103024759912	28.032926112236233	0.0
60.0	27.00505220613001	22.497137083192996	22.682384641293364	27.81542606938363	0.0
61.0	27.06347829104918	22.57383819803561	22.31215076527956	28.05053274563565	0.0
62.0	27.22174133873195	22.202033064118062	22.662727396290123	27.913498200859866	0.0
63.0	27.249590581153456	22.54828191622774	22.100503105681703	28.1016243969371	0.0
64.0	27.5693112997961	22.452752670501233	21.986365988009375	27.991570041693297	0.0
65.0	27.31192422778786	21.909384350776335	22.473277886420217	28.30541353501559	0.0
66.0	27.119263373282664	22.235213875085257	22.28068466010588	28.364838091526195	0.0
67.0	27.075035711284766	22.32837576674229	22.209058062347705	28.384169397529618	0.0033610620956222165
68.0	27.26481897106669	22.294135045322477	22.371557318579605	28.06948866503123	0.0
69.0	27.005542787616598	22.61186967689604	22.702897571087377	27.679689964399984	0.0
70.0	26.97714879009251	22.582757298263008	22.477995304417774	27.962098607226704	0.0
71.0	26.83298696758405	22.50859440247053	22.83877483636646	27.819643793578962	0.0
72.0	27.17377049180328	22.76923076923077	22.344514501891553	27.712484237074403	0.0
73.0	27.22341483847322	22.5781454526415	22.473427928163776	27.725011780721502	0.0
74.0	27.485322789704714	22.322430262828263	22.54136304719581	27.650883900271218	0.0
75.0	27.18638074080791	22.50532710704085	22.393117831074036	27.915174321077206	0.0
76.0	26.922804699664983	22.572311612324825	22.207804463738025	28.297079224272164	0.0
77.0	27.09218117098318	22.414385663434395	22.575181048238615	27.918252117343805	0.0
78.0	27.143332565343165	22.294754627140772	22.639070219901186	27.922842587614877	0.0
79.0	27.068513665293896	22.968925496068888	22.456811253142213	27.505749585495	0.0
80.0	27.377392762330587	22.548553863350566	22.555540030739134	27.518513343579716	0.0
81.0	27.189868980325137	22.51581146020478	22.996362998992158	27.29795656047792	0.0
82.0	27.29644775390625	22.96142578125	22.27783203125	27.46429443359375	0.0
83.0	27.922804102629645	22.184234910694318	22.283285937949323	27.609675048726718	0.0
84.0	27.067757009345794	22.479973297730307	22.563417890520697	27.888851802403202	0.0
85.0	27.532395151177376	22.67660582416051	22.084436394036505	27.70656263062561	0.0
86.0	27.067423085315294	22.437995490581134	22.77802021965234	27.716561204451235	0.0
87.0	27.00449249980964	22.909845427548923	22.772786111322624	27.312875961318817	0.0
88.0	26.793400286944046	22.953531005898295	22.541048939901167	27.712019767256496	0.0
89.0	27.349747923770472	22.463025333138088	22.546702089826997	27.640524653264443	0.0
90.0	27.34789665306839	22.518313813221038	22.785892880642187	27.34789665306839	0.0
91.0	27.17570917102726	22.603965849628203	22.73707885798219	27.483246121362342	0.0
92.0	27.13267860581552	22.515886770652802	22.718082033506644	27.633352590025034	0.0
93.0	27.18754722683996	22.648733061306736	22.749483653216462	27.414236058636842	0.0
94.0	27.6369582992641	23.07124205417667	22.237754859810618	27.05404478674861	0.0
95.0	26.92850228184207	22.32609597566035	22.67182962245886	28.07357212003872	0.0
96.0	26.699184159335715	23.20936039253259	22.8348285573266	27.256626890805098	0.0
97.0	27.097207796175233	22.39261929492271	22.575914950815665	27.934257958086395	0.0
98.0	27.32947232947233	22.435649935649934	22.442084942084943	27.792792792792792	0.0
99.0	27.40129241803972	22.823696586257064	22.65114862807457	27.123862367628647	0.0
100.0	26.95085933886062	23.132761626872576	22.328577020246946	27.587802014019857	0.0
101.0	27.675331961847764	22.577146063213014	22.060968767533197	27.68655320740602	0.0
102.0	26.974226197481464	22.54913498881958	22.74135969557883	27.735279118120122	0.0
103.0	27.12296125878148	22.90785095107021	22.45183024526519	27.51735754488312	0.0
104.0	27.100224253924445	22.98602725547697	22.79627393479386	27.117474555804726	0.0
105.0	27.190004074426184	22.920910860609354	22.785096654443386	27.103988410521072	0.0
106.0	27.021499238964992	22.96898782343988	22.63603500761035	27.37347792998478	0.0
107.0	27.447849086735204	22.726819043816747	22.75676215191137	27.06856971753668	0.0
108.0	26.897672468022648	22.751100859719017	22.40511637659887	27.946110295659466	0.0
109.0	27.341688654353565	22.531882145998242	22.57585751978892	27.55057167985928	0.0
110.0	27.932152367720274	21.894176218594417	22.4094014125275	27.764270001157808	0.0
111.0	27.589774802191116	22.982349360925134	22.72671941570298	26.701156421180766	0.0
112.0	27.535860655737704	22.873975409836063	22.368084016393443	27.222079918032787	0.0
113.0	27.16383569060026	22.298166068890843	22.974893415442917	27.56310482506598	0.0
114.0	27.660939616453984	22.592143722820275	22.53511085763171	27.21180580309403	0.0
115.0	27.534277365700156	22.769161609350416	22.454484153742413	27.24207687120701	0.0
116.0	27.77425491439442	22.69340519974635	22.170259987317692	27.362079898541538	0.0
117.0	27.693588676103246	22.248126561199	22.59783513738551	27.46044962531224	0.0
118.0	27.651348739126615	22.722080660750375	22.309111677357	27.317458922766015	0.0
119.0	27.195415048992423	22.93399889073766	22.49953780735811	27.371048252911812	0.0
120.0	27.63872720217307	22.81722933643772	22.729918509895228	26.814124951493984	0.0
121.0	26.69586473823589	23.803218578121818	22.21430026481972	27.286616418822575	0.0
122.0	27.727566171723694	22.950290510006454	22.48762642565096	26.834516892618893	0.0
123.0	27.33780252244063	22.36109533007613	23.440518122940578	26.860584024542668	0.0
124.0	27.606847839099725	23.105471088231774	22.255477074105112	27.032203998563393	0.0
125.0	27.330213734665488	22.86581510054382	22.739344884279753	27.06462628051094	0.0
126.0	27.04896221394359	22.671633847791377	22.85790313996807	27.421500798296965	0.0
127.0	27.367237988198934	22.871593144141613	22.983984265243045	26.77718460241641	0.0
128.0	26.39608946822693	22.870685824322322	22.707747000444378	28.02547770700637	0.0
129.0	26.646893537308774	23.47798938495161	22.447705276303466	27.42741180143615	0.0
130.0	27.754967975036955	23.386434554113976	22.006897684348825	26.851699786500244	0.0
131.0	27.561102444097763	22.984919396775872	23.33159993066389	26.122378228462473	0.0
132.0	27.472527472527474	23.388278388278387	22.05128205128205	27.087912087912088	0.0
133.0	26.460881382255874	23.199378761405555	23.335274703940982	27.004465152397593	0.0
134.0	27.904118008604794	22.67977873386601	22.392952263880353	27.02315099364884	0.0
135.0	28.21011673151751	21.98443579766537	23.086900129701686	26.718547341115436	0.0
136.0	28.836889194769444	22.06928194540032	21.954576737783896	27.139252122046344	0.0
137.0	26.54781980245724	22.78968923151048	22.21151529751867	28.45097566851361	0.0
138.0	26.55093183558846	22.21087567015573	23.28312484043911	27.955067653816695	0.0
139.0	27.77628394729766	21.86071524603388	23.608496907770906	26.754503898897553	0.0
140.0	27.645727221279003	22.891907187323145	23.429541595925297	26.032823995472555	0.0
141.0	26.06240713224369	23.23922734026746	23.893016344725112	26.805349182763745	0.0
142.0	26.982137261046695	24.224381071764338	21.87402068317142	26.91946098401755	0.0
143.0	28.826446280991735	21.65289256198347	22.380165289256198	27.140495867768593	0.0
144.0	26.605826605826604	22.63952263952264	22.779922779922778	27.974727974727976	0.0
145.0	28.074074074074073	22.59259259259259	23.0	26.333333333333332	0.0
146.0	25.80899763220205	24.30939226519337	22.375690607734807	27.505919494869772	0.0
147.0	27.02360876897133	23.4822934232715	22.596964586846543	26.897133220910625	0.0
148.0	27.142857142857142	24.50892857142857	21.875	26.473214285714285	0.0
149.0	27.896995708154503	23.08059132093467	22.17453505007153	26.84787792083929	0.0
150.0	27.648839556004035	22.956609485368315	23.662966700302725	25.731584258324926	0.0
151.0	27.422790202342917	21.938232161874335	22.470713525026625	28.168264110756127	0.0
152.0	26.214689265536723	22.48587570621469	24.01129943502825	27.288135593220336	0.0
153.0	28.205128205128204	22.957662492546213	23.792486583184257	25.044722719141323	0.0
154.0	27.445997458703943	23.63405336721728	21.918678526048286	27.001270648030495	0.0
155.0	28.018679119412944	22.94863242161441	22.548365577051367	26.48432288192128	0.0
156.0	26.812104152005627	23.01196340605208	23.78606615059817	26.38986629134412	0.0
157.0	26.69649515287099	24.161073825503358	21.551081282624907	27.591349739000748	0.0
158.0	27.760252365930597	23.974763406940063	21.687697160883282	26.577287066246058	0.0
159.0	27.1523178807947	22.2682119205298	24.58609271523179	25.99337748344371	0.0
160.0	28.024369016536117	23.237597911227155	22.628372497824195	26.109660574412537	0.0
161.0	26.1070110701107	22.509225092250922	25.553505535055347	25.830258302583026	0.0
162.0	28.41796875	21.77734375	23.828125	25.9765625	0.0
163.0	30.175077239958803	22.245108135942328	20.59732234809475	26.982492276004123	0.0
164.0	30.40614709110867	22.941822173435785	23.161361141602637	23.490669593852907	0.0
165.0	25.908558030480656	24.501758499413835	22.157092614302464	27.432590855803046	0.0
166.0	28.694581280788178	23.029556650246306	24.38423645320197	23.891625615763548	0.0
167.0	24.836601307189543	21.69934640522876	24.444444444444443	29.01960784313726	0.0
168.0	29.041095890410958	23.15068493150685	20.684931506849317	27.123287671232877	0.0
169.0	29.42028985507246	21.73913043478261	21.15942028985507	27.681159420289852	0.0
170.0	30.461538461538463	22.30769230769231	23.076923076923077	24.153846153846153	0.0
171.0	26.929392446633827	26.929392446633827	18.7192118226601	27.42200328407225	0.0
172.0	27.416520210896312	25.30755711775044	23.198594024604567	24.077328646748683	0.0
173.0	31.015037593984964	23.1203007518797	21.992481203007518	23.872180451127818	0.0
174.0	31.388329979879277	23.138832997987926	20.52313883299799	24.949698189134807	0.0
175.0	26.666666666666668	22.58064516129032	26.021505376344084	24.731182795698924	0.0
176.0	30.337078651685395	24.49438202247191	21.573033707865168	23.595505617977526	0.0
177.0	26.746987951807228	19.518072289156628	26.024096385542165	27.710843373493976	0.0
178.0	27.906976744186046	23.51421188630491	22.739018087855296	25.839793281653744	0.0
179.0	24.517906336088156	21.763085399449036	24.793388429752067	28.92561983471074	0.0
180.0	27.45664739884393	25.14450867052023	19.942196531791907	27.45664739884393	0.0
181.0	29.846153846153843	24.0	19.076923076923077	27.076923076923077	0.0
182.0	27.11864406779661	21.35593220338983	23.050847457627118	28.474576271186443	0.0
183.0	25.547445255474454	27.00729927007299	24.45255474452555	22.99270072992701	0.0
184.0	23.4375	26.5625	25.78125	24.21875	0.0
185.0	29.31726907630522	20.481927710843372	24.497991967871485	25.702811244979916	0.0
186.0	29.184549356223176	25.75107296137339	22.317596566523605	22.746781115879827	0.0
187.0	27.358490566037734	28.30188679245283	23.58490566037736	20.754716981132077	0.0
188.0	28.78787878787879	21.21212121212121	21.21212121212121	28.78787878787879	0.0
189.0	28.64864864864865	17.83783783783784	24.864864864864867	28.64864864864865	0.0
190.0	27.932960893854748	24.581005586592177	19.553072625698324	27.932960893854748	0.0
191.0	20.238095238095237	27.380952380952383	25.0	27.380952380952383	0.0
192.0	26.08695652173913	22.36024844720497	22.36024844720497	29.19254658385093	0.0
193.0	27.1523178807947	20.52980132450331	25.165562913907287	27.1523178807947	0.0
194.0	26.89655172413793	28.27586206896552	25.517241379310345	19.310344827586206	0.0
195.0	29.496402877697843	24.46043165467626	23.741007194244602	22.302158273381295	0.0
196.0	28.78787878787879	19.696969696969695	26.515151515151516	25.0	0.0
197.0	30.46875	19.53125	27.34375	22.65625	0.0
198.0	29.914529914529915	27.350427350427353	19.65811965811966	23.076923076923077	0.0
199.0	25.233644859813083	18.69158878504673	27.102803738317753	28.971962616822427	0.0
200.0	25.0	17.307692307692307	31.73076923076923	25.961538461538463	0.0
201.0	29.78723404255319	24.46808510638298	25.53191489361702	20.212765957446805	0.0
202.0	32.22222222222222	27.77777777777778	14.444444444444443	25.555555555555554	0.0
203.0	30.952380952380953	23.809523809523807	23.809523809523807	21.428571428571427	0.0
204.0	37.66233766233766	19.480519480519483	20.77922077922078	22.07792207792208	0.0
205.0	31.08108108108108	25.675675675675674	18.91891891891892	24.324324324324326	0.0
206.0	40.845070422535215	18.30985915492958	19.718309859154928	21.12676056338028	0.0
207.0	21.73913043478261	26.08695652173913	28.985507246376812	23.18840579710145	0.0
208.0	35.483870967741936	30.64516129032258	16.129032258064516	17.741935483870968	0.0
209.0	28.333333333333332	21.666666666666668	26.666666666666668	23.333333333333332	0.0
210.0	22.033898305084744	28.8135593220339	22.033898305084744	27.11864406779661	0.0
211.0	13.20754716981132	28.30188679245283	16.9811320754717	41.509433962264154	0.0
212.0	24.444444444444443	20.0	22.22222222222222	33.33333333333333	0.0
213.0	34.090909090909086	29.545454545454547	13.636363636363635	22.727272727272727	0.0
214.0	34.146341463414636	31.70731707317073	12.195121951219512	21.951219512195124	0.0
215.0	27.027027027027028	29.72972972972973	16.216216216216218	27.027027027027028	0.0
216.0	25.0	33.33333333333333	16.666666666666664	25.0	0.0
217.0	38.70967741935484	29.03225806451613	12.903225806451612	19.35483870967742	0.0
218.0	34.61538461538461	23.076923076923077	19.230769230769234	23.076923076923077	0.0
219.0	25.0	16.666666666666664	25.0	33.33333333333333	0.0
220.0	23.809523809523807	19.047619047619047	42.857142857142854	14.285714285714285	0.0
221.0	12.5	43.75	18.75	25.0	0.0
222.0	18.75	25.0	25.0	31.25	0.0
223.0	23.076923076923077	23.076923076923077	23.076923076923077	30.76923076923077	0.0
224.0	16.666666666666664	33.33333333333333	25.0	25.0	0.0
225.0	22.22222222222222	22.22222222222222	11.11111111111111	44.44444444444444	0.0
226.0	33.33333333333333	33.33333333333333	22.22222222222222	11.11111111111111	0.0
227.0	42.857142857142854	42.857142857142854	0.0	14.285714285714285	0.0
228.0	16.666666666666664	16.666666666666664	50.0	16.666666666666664	0.0
229.0	66.66666666666666	16.666666666666664	16.666666666666664	0.0	0.0
230.0	33.33333333333333	66.66666666666666	0.0	0.0	0.0
231.0	0.0	0.0	33.33333333333333	66.66666666666666	0.0
232.0	0.0	0.0	50.0	50.0	0.0
233.0	50.0	0.0	50.0	0.0	0.0
234.0	0.0	0.0	50.0	50.0	0.0
235.0	0.0	0.0	0.0	100.0	0.0
236.0	0.0	0.0	0.0	100.0	0.0
237.0	100.0	0.0	0.0	0.0	0.0
238.0	0.0	0.0	100.0	0.0	0.0
239.0	0.0	0.0	0.0	100.0	0.0
