# Position (bp)	A	C	G	T	N
0.0	26.321430509578335	23.809084495577142	23.756987029901776	26.112497964942747	0.0
1.0	26.295110435773594	23.704075541325228	23.77788028436533	26.222933738535843	0.0
2.0	26.081352786513378	23.700083843676314	23.829241092626912	26.389322277183396	0.0
3.0	26.160370754261344	23.78970332061669	23.806797523239975	26.24312840188199	0.0
4.0	26.298124275880408	23.72643134871429	23.738369994926074	26.237074380479232	0.0
5.0	26.223552330976403	23.751756846954887	23.753656140960175	26.271034681108535	0.0
6.0	26.252370706613014	23.777882087361387	23.706523479152704	26.26322372687289	0.0
7.0	26.286001112422504	23.698940485396065	23.762158642301902	26.252899759879533	0.0
8.0	26.29019961092556	23.69582735296432	23.71075001288775	26.303223023222372	0.0
9.0	26.33502455435874	23.70160349458719	23.74582847220338	26.21754347885069	0.0
10.0	26.228525227092668	23.61329672357097	23.813800288681723	26.344377760654638	0.0
11.0	26.233680257860065	23.826552206895805	23.679769488729473	26.259998046514653	0.0
12.0	26.237407514929203	23.77629397704118	23.814820944561866	26.171477563467754	0.0
13.0	26.267523665596777	23.826758878159822	23.74672045971897	26.15899699652443	0.0
14.0	26.222756414604433	23.77141027693293	23.76923974355148	26.23659356491116	0.0
15.0	26.163609379960008	23.710906658925097	23.749162309773098	26.376321651341794	0.0
16.0	26.291399532792692	23.680519191584843	23.859588195554203	26.168493080068263	0.0
17.0	26.270508148996264	23.830828628250032	23.608891589997096	26.289771632756604	0.0
18.0	26.20566346422554	23.68838737509259	23.7434646596468	26.362484501035073	0.0
19.0	26.160353579887836	23.808580661090204	23.69571292525497	26.33535283376699	0.0
20.0	26.315818033333965	23.75892970998961	23.69327107520084	26.231981181475582	0.0
21.0	26.382490354718456	23.661462827003533	23.718981805553295	26.23706501272472	0.0
22.0	26.296754518766924	23.675571255704416	23.773244992864388	26.25442923266427	0.0
23.0	26.27179345260382	23.88556979059836	23.774058940674056	26.06857781612376	0.0
24.0	26.248389065997422	23.811978566099164	23.819304076510885	26.120328291392525	0.0
25.0	26.328427050125487	23.805467001288747	23.748490809197587	26.117615139388185	0.0
26.0	26.29641185647426	23.704266431526825	23.770467340432745	26.228854371566168	0.0
27.0	26.08641389133826	23.699382757919015	23.818218815709148	26.395984535033573	0.0
28.0	26.163738723461982	23.78593230685749	23.80221121888354	26.24811775079699	0.0
29.0	26.30672183409076	23.72678559316286	23.733297157973276	26.233195414773114	0.0
30.0	26.2163738723462	23.757986841212777	23.750932646001495	26.274706640439533	0.0
31.0	26.253815370006105	23.775622329240996	23.702095909923354	26.26846639082955	0.0
32.0	26.288472391040113	23.69660531342247	23.759007640215316	26.255914655322105	0.0
33.0	26.29281342246918	23.687651936100018	23.71071366556694	26.308820975863867	0.0
34.0	26.33079744747352	23.711256294495573	23.734860652891125	26.22308560513978	0.0
35.0	26.22498480639	23.619009376627886	23.80811555825664	26.34789025872547	0.0
36.0	26.2380079006772	23.826293627365864	23.676799357527347	26.25889911442959	0.0
37.0	26.238479340816166	23.777935139740137	23.812934610678365	26.17065090876533	0.0
38.0	26.269951733287755	23.826500297088533	23.743749609986516	26.1597983596372	0.0
39.0	26.23223912506749	23.76436945332997	23.765454708242785	26.237936713359762	0.0
40.0	26.167937771483302	23.710378021417505	23.73913727660706	26.382546930492133	0.0
41.0	26.29138551781582	23.677006432848497	23.852546414996052	26.179061634339636	0.0
42.0	26.275649321580026	23.83029868928338	23.609178000797662	26.284873988338937	0.0
43.0	26.20293724242153	23.690843432986867	23.744563551171126	26.361655773420477	0.0
44.0	26.154914712529536	23.812663296950163	23.695727080094525	26.336694910425773	0.0
45.0	26.30983485133364	23.76436945332997	23.694099197725304	26.231696497611086	0.0
46.0	26.375421213420225	23.66961674326737	23.727949036567566	26.227013006744844	0.0
47.0	26.29836832366555	23.681825827911595	23.76945992435794	26.250345924064924	0.0
48.0	26.26770995555893	23.888295014895082	23.781126383017977	26.06286864652801	0.0
49.0	26.240778774699592	23.820130826769837	23.818774265489896	26.120316133040678	0.0
50.0	26.327056072103943	23.805208652690467	23.752302762772704	26.115432512432886	0.0
51.0	26.290971542057466	23.71160592437442	23.768852810388	26.228569723180108	0.0
52.0	26.085859476530132	23.69939687285494	23.826371008657574	26.388372641957353	0.0
53.0	26.155315414063203	23.78974385409912	23.803852091410523	26.251088640427156	0.0
54.0	26.301281407785034	23.731411719061583	23.7381945254613	26.22911234769208	0.0
55.0	26.213647549100738	23.766953624596084	23.746605205396943	26.27279362090624	0.0
56.0	26.245391083051395	23.779705300627548	23.704280493462733	26.27062312285833	0.0
57.0	26.28493135818547	23.699061262141193	23.75766455043681	26.25834282923653	0.0
58.0	26.287915784904225	23.700417819740625	23.710727657496335	26.300938737858807	0.0
59.0	26.325085463128765	23.71262683813555	23.737044874925388	26.225242823810298	0.0
60.0	26.21764610125346	23.618210429214827	23.810298985294914	26.3538444842368	0.0
61.0	26.237723153725106	23.825492430408595	23.677898963589993	26.258885452276303	0.0
62.0	26.230869198358025	23.781746753088196	23.813490114791595	26.173893933762187	0.0
63.0	26.26831008652101	23.831667937305504	23.740778824735948	26.15924315143754	0.0
64.0	26.223543807195703	23.761398444303968	23.76790990311492	26.24714784538541	0.0
65.0	26.162498880843017	23.71717478654624	23.74050751395216	26.379818818658585	0.0
66.0	26.288387084521446	23.676749479761572	23.847403962765306	26.187459472951673	0.0
67.0	26.27210843749406	23.82597041084592	23.60919309459793	26.29272805706208	0.0
68.0	26.20129632292495	23.691671572870007	23.741050135519735	26.365981968685308	0.0
69.0	26.16087101614028	23.81674584419707	23.682989627788736	26.339393511873915	0.0
70.0	26.30520835311641	23.773064808006925	23.6892297758159	26.232497063060766	0.0
71.0	26.378390697321088	23.672344281598125	23.72362188061273	26.225643140468062	0.0
72.0	26.296455062916802	23.682111443315193	23.76893065857801	26.25250283519	0.0
73.0	26.26932405814717	23.886407909230513	23.773814239436543	26.070453793185777	0.0
74.0	26.236695669632077	23.819329703214745	23.81878708459153	26.12518754256165	0.0
75.0	26.3321965473177	23.803593763141546	23.746076189080885	26.118133500459866	0.0
76.0	26.28824443883738	23.70836419476753	23.766967006074616	26.23642436032047	0.0
77.0	26.08747554824829	23.70293800853539	23.822585414954027	26.38700102826229	0.0
78.0	26.149605380606268	23.795997102416553	23.796539721039768	26.25785779593742	0.0
79.0	26.30587954409183	23.72735584658001	23.737936909732678	26.22882769959548	0.0
80.0	26.213363068833885	23.770765336437112	23.74824666357374	26.267624931155265	0.0
81.0	26.24700542347314	23.781889018212993	23.6994109874845	26.271694570829368	0.0
82.0	26.27732077355501	23.703687626158487	23.75632148980965	26.262670110476854	0.0
83.0	26.282746945065437	23.702602391856402	23.71888090638769	26.29576975669047	0.0
84.0	26.31855967703427	23.712640809150695	23.743298678184622	26.22550083563041	0.0
85.0	26.21193540685434	23.619039350595795	23.813838907820198	26.35518633472967	0.0
86.0	26.23445401862262	23.827404336596274	23.675471534304258	26.262670110476854	0.0
87.0	26.227871454345674	23.782031281793888	23.814045606847813	26.17605165701263	0.0
88.0	26.268567630261675	23.844160777025653	23.733738486373564	26.153533106339104	0.0
89.0	26.219189603483596	23.764396272230286	23.770365044697968	26.246049079588158	0.0
90.0	26.166013266953346	23.715832168970522	23.741606413717324	26.376548150358804	0.0
91.0	26.288644410380236	23.671066375462917	23.85094347301165	26.189345741145193	0.0
92.0	26.27643555760544	23.82354138122821	23.608122956712833	26.291900104453518	0.0
93.0	26.20698075070879	23.68598830663212	23.747575186185006	26.35945575647408	0.0
94.0	26.160587110164546	23.81024729709565	23.68734484582932	26.341820746910482	0.0
95.0	26.30627941994384	23.764667580069727	23.69521277317308	26.233840226813353	0.0
96.0	26.381088809667215	23.6688316973515	23.722550503817292	26.227528989163996	0.0
97.0	26.304580206518967	23.672901303901938	23.770300554009104	26.252217935569988	0.0
98.0	26.274193810942357	23.882621694801212	23.77382754635282	26.06935694790361	0.0
99.0	26.24183706967419	23.81608683974204	23.820699047985958	26.121377042597814	0.0
100.0	26.335437766388942	23.804691972315897	23.74419065241042	26.11567960888474	0.0
101.0	26.297183568601174	23.70457992278621	23.767522999997286	26.230713508615334	0.0
102.0	26.08773505305396	23.705393841888075	23.827753013535474	26.379118091522493	0.0
103.0	26.158003402181844	23.792483185787887	23.795738862195357	26.253774549834908	0.0
104.0	26.30667929145629	23.72384267486374	23.737136686860904	26.232341346819066	0.0
105.0	26.214977739312562	23.76345340448795	23.746089796981444	26.275479059218043	0.0
106.0	26.248348422489126	23.782716156565478	23.696169425400246	26.27276599554515	0.0
107.0	26.285174775087633	23.69800427577675	23.75579237522654	26.26102857390908	0.0
108.0	26.28490346945641	23.699089498301625	23.717538281224567	26.298468751017396	0.0
109.0	26.324514091614486	23.7042443052948	23.7400566486158	26.23118495447492	0.0
110.0	26.221146646119784	23.61362822446743	23.809239584576815	26.35598554483597	0.0
111.0	26.238781512149068	23.826060533712436	23.667889350711363	26.267268603427134	0.0
112.0	26.232741617357004	23.77987406026767	23.819484574960185	26.16789974741514	0.0
113.0	26.27180952225921	23.843088100838603	23.734566142776913	26.150536234125273	0.0
114.0	26.219990287284755	23.76440968124388	23.768479254671192	26.247120776800177	0.0
115.0	26.168171052310296	23.716660019696736	23.735922667252684	26.37924626074028	0.0
116.0	26.294056523661858	23.673793846262367	23.84688636937076	26.18526326070501	0.0
117.0	26.2807625837993	23.825724587548734	23.604882402893196	26.288630425758775	0.0
118.0	26.206153737631887	23.688986920391006	23.740806155365462	26.364053186611645	0.0
119.0	26.166814527834525	23.80863237915402	23.682475602907303	26.342077490104153	0.0
120.0	26.304908719468024	23.76630881550996	23.698211286826247	26.230571178195767	0.0
121.0	26.377147384071105	23.671958935179656	23.718894809380664	26.23199887136857	0.0
122.0	26.29602700033642	23.674943297123075	23.770442879312405	26.258586823228104	0.0
123.0	26.274322549838846	23.886832995105646	23.773155935624597	26.065688519430907	0.0
124.0	26.243193601510633	23.812559856967283	23.81988512888409	26.12436141263799	0.0
125.0	26.33787952369454	23.806319810519632	23.742834120573974	26.11296654521185	0.0
126.0	26.290129603051653	23.703223390949763	23.772135208241203	26.23451179775738	0.0
127.0	26.07498365379137	23.705936454622652	23.83182260904481	26.387257282541164	0.0
128.0	26.156104257610824	23.79112665395144	23.794653636726203	26.25811545171154	0.0
129.0	26.30016793864135	23.734694929555303	23.734694929555303	26.230442202248046	0.0
130.0	26.20765246739576	23.765352549058974	23.74174889510482	26.285246088440452	0.0
131.0	26.246177971550814	23.77891786742343	23.70023902090958	26.27466514011617	0.0
132.0	26.282333024043236	23.693520643757495	23.75483604911744	26.269310283081833	0.0
133.0	26.27989126011297	23.697861557411297	23.710612991269336	26.311634191206394	0.0
134.0	26.32058732561736	23.70464423499536	23.741813308156033	26.232955131231243	0.0
135.0	26.212878405582412	23.616740733505885	23.80964008399668	26.36074077691502	0.0
136.0	26.234854280954785	23.82130628944127	23.676428296245653	26.267411133358294	0.0
137.0	26.222445297556874	23.777961664202287	23.82218484203101	26.17740819620983	0.0
138.0	26.260971010757356	23.846602547580613	23.738350719644043	26.15407572201799	0.0
139.0	26.214306062373673	23.761140578157004	23.771721583895168	26.252831775574155	0.0
140.0	26.168997653187187	23.709863396502843	23.739978566680684	26.381160383629286	0.0
141.0	26.29162879661408	23.67079506762348	23.85094347301165	26.186632662750792	0.0
142.0	26.27779209680264	23.82516922826485	23.608394264552274	26.288644410380236	0.0
143.0	26.20426767231439	23.689786616384282	23.741606413717324	26.364339297584007	0.0
144.0	26.15814533960959	23.81024729709565	23.68218999687996	26.3494173664148	0.0
145.0	26.295969722045122	23.763311040872527	23.70172416131964	26.238995075762716	0.0
146.0	26.373906626440647	23.66516180843444	23.722950535020512	26.2379810301044	0.0
147.0	26.292785362359734	23.676285460030822	23.766359907103944	26.2645692705055	0.0
148.0	26.274065070648756	23.883565211729213	23.768801684283638	26.073568033338397	0.0
149.0	26.237238288255295	23.812546970424574	23.82584112669331	26.124373614626826	0.0
150.0	26.330297382136454	23.802508525895117	23.742549168029996	26.124644923938433	0.0
151.0	26.289872294707028	23.705379792339855	23.767238315386223	26.2375095975669	0.0
152.0	26.07526662922598	23.70999205063717	23.828011601186162	26.386729718950686	0.0
153.0	26.152318473722335	23.794640555858518	23.802508525895117	26.250532444524026	0.0
154.0	26.300724667171306	23.734681197993396	23.73196810487733	26.232626029957974	0.0
155.0	26.198983675318722	23.77185057368354	23.738208219044285	26.290957531953453	0.0
156.0	26.244292330357073	23.785144729952275	23.697240512991648	26.273322426699007	0.0
157.0	26.287230521295125	23.692963845223044	23.754551226050104	26.265254407431726	0.0
158.0	26.278005979673452	23.7035449370832	23.71222685860948	26.306222224633867	0.0
159.0	26.319787727018685	23.714939959086443	23.73881524328372	26.226457070611154	0.0
160.0	26.213976808417122	23.612384761057243	23.80854192554167	26.365096504983963	0.0
161.0	26.2451774639022	23.821293497783397	23.670716421311948	26.262812617002457	0.0
162.0	26.226256915033602	23.780390199169247	23.82461385692697	26.16873902887018	0.0
163.0	26.260713384574895	23.848760516684255	23.741864067871106	26.14866203086974	0.0
164.0	26.218117591519913	23.762212376655334	23.770351700169027	26.24931833165573	0.0
165.0	26.1709095151405	23.713376435573185	23.742406689438685	26.37330735984763	0.0
166.0	26.29516985411619	23.674307682707465	23.848760516684255	26.181761946492088	0.0
167.0	26.27970513944018	23.829497451035188	23.61027833773309	26.28051907179155	0.0
168.0	26.195327485681574	23.696826477762013	23.750546012952377	26.357300023604036	0.0
169.0	26.16141363770786	23.802366372656213	23.68814453268074	26.34807545695519	0.0
170.0	26.29516985411619	23.762483687439126	23.705508422843284	26.2368380356014	0.0
171.0	26.372836290628896	23.67084486407293	23.72483585653047	26.231482988767702	0.0
172.0	26.290357588583213	23.67627109447067	23.771230126431167	26.26214119051495	0.0
173.0	26.278419881708174	23.883553095664443	23.767974388192524	26.07005263443486	0.0
174.0	26.23480990506784	23.81253408360216	23.831254629265366	26.12140138206463	0.0
175.0	26.338179874599476	23.79598403598686	23.73846583771729	26.12737025169638	0.0
176.0	26.286359233705664	23.705365742486688	23.772651181971842	26.23562384183581	0.0
177.0	26.074464361778617	23.708892801814535	23.83261119054531	26.38403164586154	0.0
178.0	26.153286830160322	23.796113159529757	23.798826296811793	26.251773713498128	0.0
179.0	26.297897047292697	23.72855604120713	23.73913727660706	26.23440963489311	0.0
180.0	26.20293724242153	23.770338355350443	23.74076515897628	26.28595924325175	0.0
181.0	26.245533497749452	23.782818786847795	23.69192868789968	26.279719027503074	0.0
182.0	26.283317416218093	23.690365080743184	23.758736325751	26.267581177287724	0.0
183.0	26.274635353359958	23.702031602708804	23.716139954853276	26.307193089077963	0.0
184.0	26.324557214794236	23.71288418128147	23.74137220003473	26.22118640388956	0.0
185.0	26.2135895988887	23.6111412571627	23.812185275221392	26.36308386872721	0.0
186.0	26.246689963535335	23.81815419343636	23.667032036811946	26.26812380621636	0.0
187.0	26.223499215896943	23.779213943468612	23.82967870766793	26.167608132966514	0.0
188.0	26.26636713387271	23.83863213357426	23.747741294828177	26.147259437724852	0.0
189.0	26.217801581229278	23.76130709165595	23.7737876247375	26.247103702377274	0.0
190.0	26.168422080776182	23.70894311590074	23.744214187652954	26.378420615670123	0.0
191.0	26.289428988479923	23.673400728211973	23.85084135071926	26.186328932588843	0.0
192.0	26.27939029882737	23.82370975706371	23.612625958423546	26.28427398568537	0.0
193.0	26.191755251319954	23.698904426248188	23.754252877305507	26.35508744512635	0.0
194.0	26.16326707798163	23.804717641504826	23.682896785991417	26.349118494522134	0.0
195.0	26.29892504625937	23.76184972352906	23.705144692788966	26.234080537422606	0.0
196.0	26.364926351089203	23.672651008077096	23.72420117588646	26.23822146494724	0.0
197.0	26.29004294942929	23.67916260822144	23.76272814340714	26.268066298942138	0.0
198.0	26.273763949068435	23.884278012768164	23.770867643587565	26.071090394575837	0.0
199.0	26.228253909683865	23.816242145361016	23.82628088948699	26.12922305546813	0.0
200.0	26.33976536470486	23.79942046601478	23.7334903356739	26.127323833606457	0.0
201.0	26.283331343672334	23.707443864428118	23.766048424731125	26.243176367168424	0.0
202.0	26.071703764800365	23.716668656327663	23.83035065061915	26.381276928252824	0.0
203.0	26.151270718531844	23.79758581114629	23.792702084537307	26.258441385784558	0.0
204.0	26.292084835757564	23.730570229345226	23.743864818447463	26.233480116449748	0.0
205.0	26.206619620100334	23.771810587376653	23.736810546678928	26.284759245844086	0.0
206.0	26.241619660798055	23.788632312363152	23.689329871313806	26.280418155524988	0.0
207.0	26.28645847464525	23.686952275008817	23.750440893181757	26.276148357164175	0.0
208.0	26.268280109612828	23.7100143799007	23.721409772906096	26.300295737580377	0.0
209.0	26.32091597254253	23.717611308570962	23.74284396451149	26.21862875437502	0.0
210.0	26.209403912418267	23.610711669425076	23.8152861057601	26.36459831239656	0.0
211.0	26.243047453672304	23.825053585479015	23.66389017011694	26.268008790731745	0.0
212.0	26.22745327863515	23.789368583273642	23.818942501790712	26.164235636300493	0.0
213.0	26.257569837858956	23.84553189642074	23.740802240020837	26.156096025699465	0.0
214.0	26.215515183086975	23.769562197477807	23.77336068242495	26.241561937010268	0.0
215.0	26.163692995593756	23.70742983655662	23.742972802847778	26.385904365001846	0.0
216.0	26.293384124503483	23.67432875344577	23.84661717783421	26.18566994421653	0.0
217.0	26.280089427188468	23.821384384971022	23.60649866510386	26.292027522736642	0.0
218.0	26.187840507043475	23.69820494454212	23.754639578042585	26.359314970371816	0.0
219.0	26.167762800894273	23.80103535846845	23.6740574330924	26.357144407544876	0.0
220.0	26.29501204662369	23.75681014086953	23.70146078878253	26.24671702372425	0.0
221.0	26.362642341826586	23.66896656510214	23.723230783005533	26.245160310065742	0.0
222.0	26.28965696874652	23.68036205086185	23.752804781762883	26.277176198628744	0.0
223.0	26.280432051702945	23.874899272045518	23.76555687297018	26.079111803281357	0.0
224.0	26.230037496676307	23.81337399543094	23.82449819028342	26.13209031760933	0.0
225.0	26.346977203540206	23.795738076762373	23.724651758436753	26.132632961260672	0.0
226.0	26.28511582728738	23.708372448896533	23.75965227394822	26.246859449867866	0.0
227.0	26.075384056044236	23.717868712794996	23.8301959486225	26.37655128253827	0.0
228.0	26.153053057126968	23.791461478979283	23.790104866170147	26.265380597723603	0.0
229.0	26.30010988563754	23.7287859671971	23.740995482479345	26.230108664686014	0.0
230.0	26.206232279245178	23.775453447831456	23.733398450748172	26.284915822175194	0.0
231.0	26.245302728148356	23.786035027742734	23.68103319631544	26.28762904779347	0.0
232.0	26.279831996613883	23.687066561031465	23.75462606223071	26.27847538012394	0.0
233.0	26.27277759086617	23.706059191890688	23.720710649982095	26.300452567261047	0.0
234.0	26.32541431067603	23.720439326684104	23.737532694457407	26.216613668182458	0.0
235.0	26.21362911190458	23.610824714296566	23.81214660140437	26.36339957239448	0.0
236.0	26.235877622339675	23.832495848753542	23.661019524424525	26.27060700448226	0.0
237.0	26.220554479300635	23.802779450947195	23.816074364693048	26.160591705059122	0.0
238.0	26.252570802198814	23.849718636213176	23.740374753772773	26.15733580781524	0.0
239.0	26.214042684812867	23.770220478508364	23.774832999603866	26.240903837074903	0.0
240.0	26.167116166247915	23.716484243999588	23.73466320090732	26.381736388845173	0.0
241.0	26.288742311230013	23.678833938847994	23.845972264805717	26.18645148511628	0.0
242.0	26.276061168452014	23.825958606019167	23.601026709645208	26.296953515883608	0.0
243.0	26.187620742798845	23.705745729232238	23.75051553105125	26.356117996917668	0.0
244.0	26.159544159544158	23.810880477547144	23.679555012888347	26.350020350020348	0.0
245.0	26.300166327950965	23.7637329093282	23.702411348287473	26.233689414433357	0.0
246.0	26.350234841146445	23.675135057401093	23.732929585643078	26.24170051580938	0.0
247.0	26.283985456124164	23.684267650729907	23.754816302165302	26.276930590980623	0.0
248.0	26.28148598376825	23.880641563804993	23.763963998187425	26.07390845423933	0.0
249.0	26.227831202379143	23.814498447912822	23.82942236307986	26.12824798662817	0.0
