# Position (bp)	A	C	G	T	N
0.0	26.253235523504877	23.694770037639454	23.668490239739576	26.383504199116093	0.0
1.0	26.180895434662204	23.766262391065997	23.655209051553616	26.39763312271818	0.0
2.0	26.27220172132213	23.67863379239024	23.676938465276876	26.372226021010754	0.0
3.0	26.32185661733544	23.750473252075246	23.664864070702446	26.262806059886874	0.0
4.0	26.275105876237102	23.763176258860693	23.660902215278387	26.300815649623814	0.0
5.0	26.30694258069073	23.575958754149305	23.704781411116606	26.412317254043366	0.0
6.0	26.283273587064297	23.782969912174398	23.703025731856485	26.23073076890482	0.0
7.0	26.43552833770225	23.718984452680107	23.658817680556812	26.186669529060836	0.0
8.0	26.22123798817036	23.76096670865982	23.674249913848136	26.343545389321687	0.0
9.0	26.308891650660943	23.739690430459834	23.60552479945769	26.345893119421532	0.0
10.0	26.35635706316815	23.77794410472949	23.770035728912177	26.09566310319018	0.0
11.0	26.254395503523465	23.684738246882546	23.773142590840408	26.28772365875358	0.0
12.0	26.322746465944558	23.876233918458997	23.64039485390688	26.160624761689565	0.0
13.0	26.159494993715665	23.824547033652962	23.66270777139145	26.35325020123992	0.0
14.0	26.305799946336023	23.575998079394445	23.83527982940504	26.2829221448645	0.0
15.0	26.20016664077615	23.630791826128707	23.75450141927102	26.414540113824124	0.0
16.0	26.40973859993504	23.74602815946675	23.576280521387922	26.267952719210292	0.0
17.0	26.357769273135528	23.754218977277542	23.563570631681518	26.324441117905412	0.0
18.0	26.329168267166775	23.677327880335312	23.759800709492286	26.233703143005627	0.0
19.0	26.243871026052375	23.71771697132657	23.77533497525815	26.263077027362904	0.0
20.0	26.23313826061414	23.74539620850939	23.758670944709312	26.26279458616716	0.0
21.0	26.265336556928848	23.64343493684615	23.791434123415506	26.299794382809498	0.0
22.0	26.309962265856246	23.757823621122082	23.607282463791037	26.32493164923063	0.0
23.0	26.37690082924735	23.55898501931898	23.71602232415211	26.34809182728156	0.0
24.0	26.336511738256096	23.665465350114108	23.66038140859073	26.337641503039066	0.0
25.0	26.24859838952485	23.697879155051304	23.66596339007561	26.38755906534824	0.0
26.0	26.19549959469803	23.773573181719325	23.657207737737142	26.3737194858455	0.0
27.0	26.273453144550174	23.691383025896958	23.68008540997636	26.35507841957651	0.0
28.0	26.336437353307517	23.749000867092022	23.658619939727217	26.25594183987324	0.0
29.0	26.2740180253462	23.765664850574908	23.65523065495104	26.305086469127854	0.0
30.0	26.30565134992388	23.563719965994174	23.71623778092228	26.414390903159664	0.0
31.0	26.283056118082683	23.78543567843596	23.707764568981833	26.22374363449953	0.0
32.0	26.44771887012543	23.706352366991755	23.652688691368905	26.193240071513905	0.0
33.0	26.224308515295558	23.759451161818575	23.67556636360812	26.340673959277744	0.0
34.0	26.30649867111793	23.737420810773408	23.608063108482533	26.348017409626134	0.0
35.0	26.333330508929354	23.7899547248042	23.774985383709403	26.10172938255705	0.0
36.0	26.262437969027587	23.68008540997636	23.77074877773918	26.286727843256873	0.0
37.0	26.31581920425242	23.8859844601293	23.6394139926622	26.158782342956076	0.0
38.0	26.157652581364015	23.81650412221761	23.6676580324637	26.358185263954674	0.0
39.0	26.30734599231197	23.56484972758624	23.83571006928263	26.29209421081916	0.0
40.0	26.188438584747654	23.630375899925717	23.767924373759026	26.413261141567602	0.0
41.0	26.407329893209287	23.750413069082096	23.585185436243318	26.2570716014653	0.0
42.0	26.35055937320827	23.752107711470185	23.569933654750503	26.32739926057104	0.0
43.0	26.321393669963676	23.675781934033406	23.76616260612668	26.236661789876237	0.0
44.0	26.250783769890806	23.709674686068386	23.78141434454242	26.25812719949839	0.0
45.0	26.238638867078272	23.7356591292952	23.76277333092318	26.262928672703346	0.0
46.0	26.26490574990538	23.648385292805134	23.79553632455699	26.29117263273249	0.0
47.0	26.300210699941818	23.75486502211502	23.614492540770158	26.330431737173004	0.0
48.0	26.379576227623723	23.54868411390224	23.726621062085872	26.34511859638816	0.0
49.0	26.33353857277621	23.66278971242	23.662224833219415	26.341446881584375	0.0
50.0	26.256640842345487	23.695203341815912	23.663287757125225	26.38486805871338	0.0
51.0	26.20297746985672	23.757622317184424	23.659898491494356	26.379501721464504	0.0
52.0	26.26991546606639	23.677127258451275	23.685317983725877	26.367639291756458	0.0
53.0	26.33685346227606	23.7516911023304	23.65340239903519	26.258053036358348	0.0
54.0	26.277258874933274	23.758187194789567	23.656509225863488	26.308044704413668	0.0
55.0	26.311998847649686	23.574884411920046	23.704241383498232	26.408875356932036	0.0
56.0	26.297312029915922	23.78332424821852	23.69831016864421	26.221053553221356	0.0
57.0	26.442203135635584	23.70282918948537	23.663005318322654	26.19196235655639	0.0
58.0	26.226702329272804	23.757339878381853	23.67458530922812	26.34137248311722	0.0
59.0	26.319624695319142	23.739263795017216	23.60058634295414	26.340525166709504	0.0
60.0	26.341654921919794	23.783889125823663	23.774003767733625	26.100452184522922	0.0
61.0	26.262572057199506	23.683905789713013	23.7742862065362	26.27923594655128	0.0
62.0	26.322449083344868	23.874551981449418	23.64775362298374	26.155245312221975	0.0
63.0	26.161741404681138	23.81608714931692	23.66695946155867	26.355211984443272	0.0
64.0	26.322166644542293	23.554266379332258	23.839247131127863	26.284319844997583	0.0
65.0	26.19450430577955	23.63391412165769	23.757622317184424	26.413959255378337	0.0
66.0	26.415653888193773	23.740393550227505	23.588159035640953	26.255793525937765	0.0
67.0	26.361425638099867	23.745195009871235	23.5774263611432	26.315952990885698	0.0
68.0	26.326328870812855	23.681861831328025	23.761226910693104	26.230582387166017	0.0
69.0	26.24498672541377	23.702762243687513	23.783821951081737	26.26842907981698	0.0
70.0	26.243292097384625	23.73552505225103	23.762639100717394	26.25854374964695	0.0
71.0	26.249505733491496	23.645709766706208	23.799073603344066	26.30571089645823	0.0
72.0	26.301191888380497	23.752753770547365	23.623114726317574	26.32293961475456	0.0
73.0	26.38451109981359	23.558718861209965	23.708975879794387	26.347794159182058	0.0
74.0	26.336496638987743	23.657007286900527	23.663785799017116	26.342710275094618	0.0
75.0	26.253385716020684	23.68461931701035	23.673604265931576	26.38839070103739	0.0
76.0	26.2039592047698	23.756358367625918	23.660329717195623	26.37935271040866	0.0
77.0	26.28247674835692	23.662589214852808	23.68123007052457	26.373703966265698	0.0
78.0	26.3400939386151	23.75240424672585	23.656093159088407	26.25140865557065	0.0
79.0	26.265248078720898	23.7656787954618	23.662306777645657	26.306766348171646	0.0
80.0	26.31806383645756	23.565148378386773	23.704954795924994	26.41183298923067	0.0
81.0	26.28840792970703	23.786296711583596	23.70721429358218	26.218081065127198	0.0
82.0	26.44318351922409	23.700718237817778	23.670779893860097	26.185318349098036	0.0
83.0	26.234179985934624	23.744213567718557	23.678970572867385	26.34263587347943	0.0
84.0	26.313544841143194	23.745625753754297	23.599040843244527	26.34178856185799	0.0
85.0	26.355910422215377	23.774716786090533	23.77076266519046	26.098610126503623	0.0
86.0	26.266660264756638	23.67699351241735	23.76539635825465	26.29094986457136	0.0
87.0	26.323147706186223	23.871027873727975	23.649032228909707	26.1567921911761	0.0
88.0	26.168089679462014	23.811998497434057	23.664283838095695	26.355627985008233	0.0
89.0	26.318911148079003	23.566560564422513	23.843631464634626	26.27089682286386	0.0
90.0	26.194921214141065	23.62417775468069	23.76144223735458	26.419458793823665	0.0
91.0	26.416351984545035	23.74251894447567	23.591979913065828	26.249149157913465	0.0
92.0	26.355627985008233	23.75183937231155	23.577858052708432	26.314674589971787	0.0
93.0	26.327309906174623	23.67438471228203	23.76250487202806	26.235800509515283	0.0
94.0	26.247380402302422	23.707712208596234	23.7834051663268	26.261502222774542	0.0
95.0	26.249075020759076	23.715055555241737	23.777756438137953	26.25811298586123	0.0
96.0	26.24935745716852	23.64162208878671	23.809954188814388	26.29906626523038	0.0
97.0	26.308386666741985	23.752337161288136	23.606882410425293	26.332393761544587	0.0
98.0	26.380125514740353	23.55745603877287	23.71985697420226	26.342561472284515	0.0
99.0	26.340301981008974	23.655179036439947	23.664499437951545	26.340019544599535	0.0
100.0	26.25239011136436	23.681096302070536	23.686745014305362	26.37976857225974	0.0
101.0	26.20409362175658	23.759330966522906	23.66386772975431	26.372707681966208	0.0
102.0	26.274702524691936	23.65934875996645	23.687309885528844	26.378638829812772	0.0
103.0	26.327800419699322	23.750575462558924	23.66386772975431	26.257756387987445	0.0
104.0	26.269336248068846	23.75848365968768	23.661043373636893	26.311136718606576	0.0
105.0	26.3235638855232	23.554282712398642	23.706515507127264	26.4156378949509	0.0
106.0	26.287129691608556	23.791246190649687	23.705385764680297	26.21623835306146	0.0
107.0	26.43569082338454	23.700584359280693	23.66979887760088	26.19392593973389	0.0
108.0	26.243069736176892	23.732499583407474	23.68618014308188	26.338250537333753	0.0
109.0	26.31791517328837	23.736736117583593	23.606815736182543	26.338532972945494	0.0
110.0	26.355196674038233	23.762437758252062	23.7743000539452	26.1080655137645	0.0
111.0	26.26622945633969	23.676577332282672	23.77204056905127	26.285152642326366	0.0
112.0	26.328930162146285	23.858465866244146	23.656806839460774	26.155797132148802	0.0
113.0	26.17020134834761	23.81610052448293	23.65821901751948	26.355479109649977	0.0
114.0	26.31311376788877	23.567274750538747	23.848580619833193	26.2710308617393	0.0
115.0	26.209177462767926	23.61048739913518	23.769498648545596	26.410836489551293	0.0
116.0	26.403775599257763	23.747468670829768	23.59156421314851	26.257191516763967	0.0
117.0	26.3597156438261	23.73730098880708	23.587327678972386	26.31565568839444	0.0
118.0	26.321378741576336	23.673819839463146	23.769565782264124	26.235235636696398	0.0
119.0	26.256418367404578	23.70714733577735	23.777191565319068	26.259242731499004	0.0
120.0	26.2518993848535	23.709406827052888	23.774649637634088	26.264044150459526	0.0
121.0	26.251052075625175	23.6289124503618	23.811931243680483	26.30810423033254	0.0
122.0	26.304714993419232	23.75629127102033	23.609424338110273	26.329569397450165	0.0
123.0	26.384926933700875	23.544746400347965	23.725223265981665	26.3451033999695	0.0
124.0	26.33352350718236	23.650095181069982	23.671277911778162	26.3451033999695	0.0
125.0	26.25310327881354	23.682077382146012	23.69111537277475	26.373703966265698	0.0
126.0	26.207913325669868	23.75381643276159	23.65411609863837	26.38415414293017	0.0
127.0	26.269484636828118	23.65807021953844	23.68913831232471	26.38330683130873	0.0
128.0	26.332185696814957	23.752686683932993	23.669932582238655	26.245195037013396	0.0
129.0	26.27259144610675	23.75466374438303	23.667390647374322	26.305354162135902	0.0
130.0	26.320040896907592	23.55498063892945	23.715969847003766	26.40900861715919	0.0
131.0	26.28501868322125	23.781777716269232	23.718229344660948	26.214974255848567	0.0
132.0	26.427367035623806	23.7043899215107	23.67699351241735	26.19124953044814	0.0
133.0	26.24067604169903	23.748450125825777	23.67445157755302	26.336422254922176	0.0
134.0	26.316651650421818	23.728397084118274	23.60666664783752	26.348284617622387	0.0
135.0	26.352521175729603	23.759747614111692	23.773304600054793	26.11442661010391	0.0
136.0	26.265248078720898	23.66654333575288	23.776976283747718	26.291232301778507	0.0
137.0	26.317498962043263	23.859730385442056	23.65439853584552	26.168372116669165	0.0
138.0	26.167672619535164	23.812133006080906	23.66611214515095	26.354082229232983	0.0
139.0	26.3077622656111	23.55680832855541	23.85534614287449	26.280083262958996	0.0
140.0	26.20664917429016	23.612448772662184	23.77541596174649	26.405486091301167	0.0
141.0	26.409722673339754	23.743500377055803	23.600021465348995	26.246755484255445	0.0
142.0	26.36404204960769	23.733964491693452	23.5831417451378	26.318851713561052	0.0
143.0	26.337849555297595	23.65974970131928	23.769619016147118	26.23278172723601	0.0
144.0	26.2570716014653	23.707199688185803	23.77809222808757	26.257636482261333	0.0
145.0	26.260460886241482	23.705222605399694	23.774138062515355	26.26017844584347	0.0
146.0	26.264132611415675	23.61851340320909	23.825824655352104	26.291529330023135	0.0
147.0	26.311300157884183	23.738833012763482	23.612864595248787	26.337002234103547	0.0
148.0	26.36750579708917	23.542819376541065	23.73713837037539	26.352536455994375	0.0
149.0	26.343855209345413	23.639480760105748	23.670266850441738	26.3463971801071	0.0
150.0	26.250441315614804	23.67626498707828	23.68389092090212	26.389402776404797	0.0
151.0	26.20807501659347	23.758455607179677	23.66468486534578	26.368784510881078	0.0
152.0	26.268800045190723	23.666097075313157	23.686715340836876	26.378387538659247	0.0
153.0	26.32698309584669	23.756760955218823	23.67682987106523	26.23942607786926	0.0
154.0	26.26117411136688	23.750264789368885	23.676547429071753	26.312013670192485	0.0
155.0	26.312013670192485	23.557921791812007	23.7223030320148	26.40776150598071	0.0
156.0	26.291395404668766	23.781333408651196	23.71665419214529	26.210616994534746	0.0
157.0	26.426685119543574	23.70055499851718	23.674570335117426	26.19818954682182	0.0
158.0	26.2354718899606	23.75252432531669	23.680219174986938	26.331784609735777	0.0
159.0	26.318792278035897	23.729646523845165	23.61723461044188	26.334326587677054	0.0
160.0	26.356074621174674	23.752806767310165	23.768905960938273	26.122212650576888	0.0
161.0	26.26286876332773	23.669486379234865	23.77624945276864	26.291395404668766	0.0
162.0	26.323876233918458	23.849684371072293	23.664402423352303	26.162036971656942	0.0
163.0	26.178566485808624	23.80236857193697	23.657192567214512	26.361872375039898	0.0
164.0	26.307925649549645	23.557772423902637	23.854338192304542	26.27996373424318	0.0
165.0	26.213871934427896	23.600138962245765	23.775253987397367	26.410735115928972	0.0
166.0	26.40706334927257	23.736841659299596	23.608612269914392	26.247482721513443	0.0
167.0	26.35149639036074	23.74396981234395	23.597663620033217	26.3068701772621	0.0
168.0	26.344509689282052	23.662410217736994	23.76776227153715	26.225317821443806	0.0
169.0	26.257799017655646	23.70251743392901	23.793464783322175	26.246218765093165	0.0
170.0	26.266837263558074	23.698563201346698	23.77454095596397	26.260058579131258	0.0
171.0	26.254409675442236	23.61072274898249	23.8358315609898	26.299036014585468	0.0
172.0	26.298471124216565	23.736975746432012	23.618631214147115	26.345921915204308	0.0
173.0	26.37670844030945	23.534180103996317	23.742624650121027	26.34648680557321	0.0
174.0	26.340347408558113	23.635362236972178	23.687332297698067	26.336958056771643	0.0
175.0	26.247779262192523	23.679490691966365	23.690223669605054	26.38250637623606	0.0
176.0	26.209931393677145	23.75377419509729	23.65181090752975	26.384483503695815	0.0
177.0	26.272634578829486	23.66480345940816	23.696719945544263	26.365842016218092	0.0
178.0	26.331383509062306	23.74812525949798	23.679208245186402	26.241282986253317	0.0
179.0	26.263878728650553	23.739086962539083	23.68994122282509	26.307093085985272	0.0
180.0	26.309635107004965	23.55493166200159	23.733438026939773	26.401995204053673	0.0
181.0	26.281955322568347	23.77552259715463	23.714796539462053	26.227725540814973	0.0
182.0	26.42967498849029	23.699544413343915	23.670452395007473	26.200328203158318	0.0
183.0	26.2282904343749	23.751797067637533	23.68994122282509	26.329971275162478	0.0
184.0	26.322062765323444	23.718185900821638	23.6235662295332	26.336185104321718	0.0
185.0	26.362735101638474	23.752644407977428	23.769873661555323	26.11474682882878	0.0
186.0	26.264726068990452	23.66508590618813	23.78484334089349	26.28534468392793	0.0
187.0	26.31867340396386	23.85319546164514	23.663391225508335	26.164739908882666	0.0
188.0	26.17929257979873	23.803054396732637	23.65024982558813	26.367403197880506	0.0
189.0	26.31402045491135	23.555064723045245	23.858979175081274	26.271935646962124	0.0
190.0	26.22081249099696	23.60647032738591	23.766053659542376	26.40666352207475	0.0
191.0	26.40553372857276	23.73809127036806	23.608447466014397	26.247927535044784	0.0
192.0	26.35137806951639	23.736181174197704	23.608514147879088	26.30392660840682	0.0
193.0	26.34297899984465	23.656314875227725	23.76929486364728	26.231411261280346	0.0
194.0	26.250052959369576	23.708568119871767	23.794432911070626	26.24694600968803	0.0
195.0	26.264740357864113	23.693598271406177	23.780027962547134	26.26163340818258	0.0
196.0	26.258244008529992	23.611970229773053	23.8387775565253	26.291008205171657	0.0
197.0	26.296657204592638	23.736248217034557	23.631459277775424	26.33563530059738	0.0
198.0	26.3813921959073	23.51932663926902	23.75376011523959	26.345521049584093	0.0
199.0	26.341358701178386	23.627006812712544	23.696489701844968	26.335144784264102	0.0
200.0	26.256697632773417	23.677914829554602	23.679609538954306	26.385777998717668	0.0
201.0	26.212070285247833	23.76575726677268	23.652494188559018	26.369678259420464	0.0
202.0	26.271533522953554	23.655452334616612	23.704599184840173	26.368414957589657	0.0
203.0	26.316726028906256	23.750921503441692	23.677483681268555	26.2548687863835	0.0
204.0	26.272663335602374	23.744707533873196	23.67663632178194	26.30599280874249	0.0
205.0	26.309664699851147	23.54699032033013	23.74244790857556	26.40089707124316	0.0
206.0	26.285373727901572	23.772670396931428	23.71533240500394	26.226623470163062	0.0
207.0	26.42660030900376	23.691606339378772	23.677483681268555	26.204309670348913	0.0
208.0	26.23622687767801	23.741035642764537	23.689064260918933	26.33367321863852	0.0
209.0	26.333390765476317	23.72889015678975	23.614779079259183	26.322939998474755	0.0
210.0	26.363613253832185	23.761372270443253	23.778319460175517	26.09669501554905	0.0
211.0	26.269556350818124	23.66307856999613	23.780579085473153	26.28678599371259	0.0
212.0	26.32209263898814	23.844695953293545	23.670422352213443	26.16278905550487	0.0
213.0	26.18242622987863	23.80528698815667	23.65671578554905	26.35557099641565	0.0
214.0	26.32111151596293	23.55220752515966	23.855846389804512	26.2708345690729	0.0
215.0	26.22705408161248	23.60248447204969	23.772239781493	26.398221664844833	0.0
216.0	26.405847943305684	23.740039939102754	23.60926338623711	26.244848731354452	0.0
217.0	26.35762262807947	23.73982453860885	23.607352883023854	26.295199950287824	0.0
218.0	26.337509003347126	23.66743401076165	23.774485573460254	26.220571412430978	0.0
219.0	26.25305407657435	23.711214992867937	23.79425762989535	26.241473300662367	0.0
220.0	26.27197875916223	23.699351759006877	23.7874786391176	26.24119084271329	0.0
221.0	26.26167617143035	23.623786483180947	23.826027517208846	26.28850982817986	0.0
222.0	26.298678371790203	23.72886143382114	23.64158143449904	26.330878759889615	0.0
223.0	26.388500507014882	23.529444995240556	23.755695090570654	26.326359407173904	0.0
224.0	26.342534008225243	23.62554797306458	23.70096488453021	26.330953134179964	0.0
225.0	26.261690426490485	23.675179151990374	23.68026348124024	26.382866940278905	0.0
226.0	26.213671761352884	23.755681031779883	23.65823138782416	26.37241581904307	0.0
227.0	26.284569908114875	23.661056015185196	23.69890602182307	26.355468054876862	0.0
228.0	26.332306110516367	23.754551180835467	23.66670526990727	26.246437438740895	0.0
229.0	26.26283454558294	23.751147517830663	23.682225831509072	26.303792105077324	0.0
230.0	26.294188263540715	23.54692465221383	23.75227738154085	26.406609702704607	0.0
231.0	26.283737024221455	23.756514370454063	23.723748322858555	26.236000282465927	0.0
232.0	26.413671350893296	23.69578419603135	23.68279076336417	26.207753689711176	0.0
233.0	26.23854247581385	23.742956005931784	23.684768024857	26.33373349339736	0.0
234.0	26.326255638757935	23.719362866254453	23.623606375856937	26.330775119130678	0.0
235.0	26.35860584541595	23.76186723386466	23.776838097175027	26.10268882354437	0.0
236.0	26.275425895220312	23.647600834983436	23.781774424536536	26.295198845259716	0.0
237.0	26.32090368031094	23.833466565353838	23.671610845745565	26.17401890858965	0.0
238.0	26.170212164952535	23.81156837101043	23.657620961705227	26.36059850233181	0.0
239.0	26.312013264899708	23.539265063542146	23.857328885336017	26.29139278622213	0.0
240.0	26.23162450141806	23.585326719472096	23.78645439034587	26.396594388763965	0.0
241.0	26.412834369623745	23.73731238717806	23.615838999737278	26.23401424346092	0.0
242.0	26.35342243617451	23.742771341316992	23.615360493596967	26.288445728911526	0.0
243.0	26.340338852804983	23.654152034557676	23.78298051469238	26.22252859794496	0.0
244.0	26.24294016765601	23.702954463904796	23.792517919754534	26.261587448684658	0.0
245.0	26.26350245961624	23.70188490521789	23.783259916873163	26.251352718292708	0.0
246.0	26.267098805026297	23.61492968332773	23.843808544245675	26.274162967400304	0.0
247.0	26.296841575792858	23.736079281336274	23.625872120131458	26.34120702273941	0.0
248.0	26.402281179702246	23.520002712998654	23.755977075161365	26.32173903213773	0.0
249.0	26.345552223958673	23.616154822227433	23.70150147943626	26.336791474377634	0.0
