# Position (bp)	A	C	G	T	N
0.0	26.23667646284762	23.714799543819634	23.740843495043425	26.307680498289322	0.0
1.0	26.3858123519607	23.712606368979735	23.67696727783139	26.22461400122818	0.0
2.0	26.258234482985493	23.685978008481896	23.68296246748013	26.37282504105248	0.0
3.0	26.31962739287408	23.726564705946856	23.745206027726226	26.208601873452842	0.0
4.0	26.180293983804027	23.92661918625371	23.650015625771008	26.243071204171258	0.0
5.0	26.364570911632878	23.674219060542512	23.75892649094672	26.202283536877886	0.0
6.0	26.1846671747271	23.71061389417357	23.763521626378207	26.341197304721124	0.0
7.0	26.287669242599105	23.677378853961354	23.796626524519787	26.238325378919754	0.0
8.0	26.33091000800465	23.64578878691185	23.787240808359925	26.236060396723577	0.0
9.0	26.291897048463102	23.827211596713752	23.700290301623113	26.180601053200036	0.0
10.0	26.319858111312445	23.6578004512148	23.72770310833815	26.294638329134607	0.0
11.0	26.194855712691854	23.787737155044095	23.688228666668497	26.32917846559556	0.0
12.0	26.348093302228936	23.530605028057007	23.73263741354686	26.388664256167193	0.0
13.0	26.302862171149116	23.71893101018934	23.81953601083354	26.158670807828	0.0
14.0	26.281134009879548	23.721333135961668	23.72297789985581	26.274554954302975	0.0
15.0	26.15064940761087	23.796992275092244	23.749294122162095	26.30306419513479	0.0
16.0	26.38612477178901	23.738877284165856	23.528073378399863	26.346924565645267	0.0
17.0	26.351310602696316	23.668974818664783	23.793702747303957	26.186011831334945	0.0
18.0	26.307103989912147	23.694129579626914	23.672747707616608	26.326018722844335	0.0
19.0	26.207321920530706	23.710577173480996	23.79884592716457	26.283254978823724	0.0
20.0	26.23829822228923	23.762112967557123	23.666991049767677	26.332597760385973	0.0
21.0	26.238572348853467	23.791992763058705	23.686728162392576	26.282706725695252	0.0
22.0	26.343014569826888	23.761016461300184	23.70619114845324	26.189777820419685	0.0
23.0	26.204032401759893	23.73936046272564	23.671651201359666	26.384955934154796	0.0
24.0	26.287915130415712	23.619567154155074	23.91397908414315	26.178538631286063	0.0
25.0	26.236653462903824	23.71660795789416	23.736619197083293	26.310119382118724	0.0
26.0	26.38605244041174	23.70728765471018	23.67302183418084	26.23363807069724	0.0
27.0	26.262969613070354	23.679052618594003	23.679052618594003	26.378925149741633	0.0
28.0	26.32738935566551	23.71962335010074	23.738538083032935	26.21444921120081	0.0
29.0	26.17936101097877	23.93371619676805	23.6316287229814	26.255294069271784	0.0
30.0	26.36823421373648	23.674940720130483	23.745939500267273	26.21088556586576	0.0
31.0	26.18868131416275	23.70920654065982	23.764580106635233	26.337532038542193	0.0
32.0	26.27886895379597	23.68234213736482	23.7974752943434	26.241313614495816	0.0
33.0	26.325470469715867	23.6513658356063	23.780753573925082	26.24241012075275	0.0
34.0	26.29230115544347	23.824065571074165	23.69550021244809	26.18813306103428	0.0
35.0	26.321358571252347	23.65958963253334	23.72647651420661	26.292575282007704	0.0
36.0	26.19279321262627	23.79171863649447	23.683164517057527	26.332323633821737	0.0
37.0	26.349867733932758	23.530750147343028	23.73168491892707	26.387697199797145	0.0
38.0	26.300799078934745	23.723461122000028	23.816390027275595	26.159349771789635	0.0
39.0	26.284005307075738	23.724218467307757	23.72010658011601	26.271669645500502	0.0
40.0	26.15215079112709	23.79713593350804	23.749438042083796	26.301275233281068	0.0
41.0	26.38570598361824	23.740666016074737	23.528218511167886	26.345409489139136	0.0
42.0	26.348698998892534	23.66966743056393	23.79603943025691	26.18559414028663	0.0
43.0	26.302847885262214	23.698659802575133	23.67864867309764	26.319843639065017	0.0
44.0	26.20114748750675	23.708802429844546	23.800908450453264	26.289141632195438	0.0
45.0	26.23623549535769	23.766916942847665	23.666313045337546	26.3305345164571	0.0
46.0	26.23376836980567	23.792410573551866	23.68769480012171	26.28612625652075	0.0
47.0	26.33300164200912	23.76910994333835	23.71017305515122	26.18771535950131	0.0
48.0	26.20114748750675	23.744438687818157	23.675907422484286	26.37850640219081	0.0
49.0	26.284755631214075	23.620808285155853	23.91905635188886	26.175379731741216	0.0
50.0	26.23020474400831	23.72305693303399	23.736763186100763	26.309975136856938	0.0
51.0	26.380425277620155	23.7077059295992	23.67453679717761	26.237331995603036	0.0
52.0	26.265566876920587	23.67919692322031	23.682212298895003	26.3730239009641	0.0
53.0	26.32066601424902	23.723879308217995	23.74416456275682	26.211290114776165	0.0
54.0	26.169623105453173	23.948387733451757	23.630950912425266	26.251038248669804	0.0
55.0	26.366993149614714	23.67892279815898	23.745809313124834	26.208274739101473	0.0
56.0	26.182781108397275	23.7162038065006	23.765820442602323	26.335194642499804	0.0
57.0	26.275435379128666	23.689613675551062	23.789121072815842	26.245829872504434	0.0
58.0	26.326422640537068	23.65315504239344	23.78528332195714	26.23513899511235	0.0
59.0	26.291334632686127	23.82366083054411	23.69811155245246	26.186892984317307	0.0
60.0	26.313538762654296	23.671795546564255	23.7162038065006	26.29846188428085	0.0
61.0	26.193197860728024	23.80008607526926	23.677552172852298	26.32916389115042	0.0
62.0	26.34506314470788	23.53720014144853	23.725524058586007	26.39221265525758	0.0
63.0	26.296268883790162	23.729635934506042	23.81269582809069	26.161399353613106	0.0
64.0	26.285780075548658	23.730119134425077	23.71175280566231	26.272347984363947	0.0
65.0	26.1533780338708	23.806873941194855	23.74875958749774	26.290988437436607	0.0
66.0	26.3844648271098	23.74875958749774	23.525074150625827	26.34170143476664	0.0
67.0	26.345813299415017	23.675020148136777	23.7846698720936	26.194496680354607	0.0
68.0	26.303800174890828	23.701819358057453	23.6713916430692	26.322988823982524	0.0
69.0	26.201003840471053	23.7119619297202	23.796940232840548	26.290093996968196	0.0
70.0	26.235817532394552	23.770624371229086	23.660700824289542	26.33285727208682	0.0
71.0	26.233898667485384	23.79365075013912	23.685920191667194	26.286530390708307	0.0
72.0	26.331486654294554	23.764867776501582	23.710317188369487	26.19332838083438	0.0
73.0	26.198262604886523	23.75554757551419	23.663167936315617	26.383021883283668	0.0
74.0	26.28488564935759	23.62862836795057	23.916732227884395	26.16975375480744	0.0
75.0	26.231157431900854	23.724023366292123	23.731424702370347	26.313394499436676	0.0
76.0	26.376168794322354	23.70757595278496	23.67276226086146	26.243492992031225	0.0
77.0	26.25473205792779	23.679341226264327	23.681534214731947	26.384392501075936	0.0
78.0	26.32244057686562	23.720459760032238	23.74074490335774	26.21635475974441	0.0
79.0	26.169205507690535	23.940580977469786	23.629998985742834	26.260214529096842	0.0
80.0	26.367945087568774	23.67742236135516	23.750065104345133	26.20456744673094	0.0
81.0	26.184830550522342	23.715251412421633	23.76322303515086	26.33669500190516	0.0
82.0	26.27693606616246	23.688113180134813	23.7920060087884	26.242944744914322	0.0
83.0	26.324085318216333	23.655492476678937	23.79090951455459	26.229512690550138	0.0
84.0	26.290368120526647	23.825723206478088	23.696336886888396	26.187571786106872	0.0
85.0	26.319151094164184	23.66179731852335	23.723749242733668	26.295302344578797	0.0
86.0	26.185104674080794	23.80379332180187	23.6818083382904	26.329293665826935	0.0
87.0	26.34272572019112	23.5315886282583	23.730328208136537	26.395357443414046	0.0
88.0	26.295028221020345	23.72484573696748	23.821885476659748	26.158240565352425	0.0
89.0	26.286184210526315	23.728344298245613	23.71299342105263	26.27247807017544	0.0
90.0	26.156249999999996	23.801809210526315	23.748355263157894	26.293585526315788	0.0
91.0	26.39309210526316	23.74698464912281	23.520285087719298	26.339638157894736	0.0
92.0	26.348958333333332	23.673793859649123	23.78563596491228	26.19161184210526	0.0
93.0	26.306945430522394	23.69839994956154	23.674003086614345	26.32065153330172	0.0
94.0	26.204149659677466	23.712106052340864	23.797083889572672	26.286660398408994	0.0
95.0	26.23348071962522	23.771864660458718	23.662215838224128	26.332438781691934	0.0
96.0	26.241978503348403	23.785296641182452	23.687160945282496	26.28556391018665	0.0
97.0	26.33079404935842	23.75432084890118	23.709913075896175	26.204972025844224	0.0
98.0	26.204972025844224	23.75048314012297	23.66605354700234	26.378491287030464	0.0
99.0	26.285015666075477	23.62849882538699	23.917971716086306	26.168513792451225	0.0
100.0	26.233206597569637	23.724441544842257	23.730746352120747	26.311605505467366	0.0
101.0	26.384796094308953	23.704156512728858	23.674825452781107	26.236221940181085	0.0
102.0	26.257603460516833	23.682500870337527	23.681130260059593	26.378765409086053	0.0
103.0	26.32037741124613	23.727182765398123	23.73184284034309	26.220596983012655	0.0
104.0	26.172077379173853	23.94264270108909	23.629047069498167	26.2562328502389	0.0
105.0	26.372734723863147	23.673180720447586	23.75432084890118	26.199763706788083	0.0
106.0	26.18304226139731	23.719233225786112	23.760899778235256	26.33682473458132	0.0
107.0	26.281177957297263	23.684967968837807	23.792149692572114	26.241704381292813	0.0
108.0	26.328875194969314	23.65015446777832	23.785844885293624	26.23512545195874	0.0
109.0	26.297077036521284	23.81819128785283	23.690998654060706	26.19373302156518	0.0
110.0	26.3250374861911	23.655636908890052	23.721426202230806	26.297899402688042	0.0
111.0	26.188798824564625	23.806678161518196	23.684145602671045	26.32037741124613	0.0
112.0	26.349160227082713	23.531733739764967	23.729923985953985	26.389182047198332	0.0
113.0	26.30201123352184	23.72170032428639	23.820932508408692	26.155355933783074	0.0
114.0	26.291796645851722	23.72355414718121	23.715056386752266	26.2695928202148	0.0
115.0	26.161589026375953	23.79784102060844	23.744661487601494	26.295908465414115	0.0
116.0	26.400622803603053	23.752611005422118	23.50946540863263	26.337300782342204	0.0
117.0	26.35402218189593	23.669004007653466	23.784134955400464	26.192838855050137	0.0
118.0	26.312427871634124	23.695110484894506	23.672358354280824	26.320103289190545	0.0
119.0	26.206068514066573	23.71402490672997	23.794616791072393	26.28528978813106	0.0
120.0	26.231013621124944	23.771042294291956	23.65892637355709	26.339017711026013	0.0
121.0	26.23951140484812	23.78995671612742	23.68935392172719	26.281177957297263	0.0
122.0	26.332712903747524	23.76062565617967	23.70388239067327	26.20277904939954	0.0
123.0	26.193458899509597	23.75432084890118	23.66824652344703	26.38397372814219	0.0
124.0	26.28090383524168	23.629869435664926	23.917423471975134	26.171803257118263	0.0
125.0	26.22854652262466	23.726086277175774	23.735954671176888	26.309412529022673	0.0
126.0	26.386166704586884	23.70552712300679	23.674277208669935	26.234028963736396	0.0
127.0	26.255684606127726	23.679485527726072	23.686338579115738	26.378491287030464	0.0
128.0	26.313524359856473	23.729101619787226	23.726908643342533	26.23046537701377	0.0
129.0	26.164950205728605	23.934967283532664	23.634529510609894	26.26555300012884	0.0
130.0	26.36485745614035	23.669407894736842	23.75548245614035	26.21025219298246	0.0
131.0	26.179276315789473	23.714912280701757	23.76343201754386	26.342379385964914	0.0
132.0	26.281798245614034	23.679550438596493	23.794133771929822	26.244517543859647	0.0
133.0	26.324287280701753	23.64747807017544	23.78563596491228	26.242598684210527	0.0
134.0	26.293311403508774	23.81469298245614	23.69078947368421	26.201206140350873	0.0
135.0	26.3218201754386	23.65487938596491	23.716831140350877	26.306469298245617	0.0
136.0	26.180646929824565	23.799616228070175	23.688048245614034	26.331688596491226	0.0
137.0	26.343201754385966	23.53262061403509	23.73135964912281	26.39281798245614	0.0
138.0	26.29276315789474	23.721491228070178	23.820997807017545	26.164747807017548	0.0
139.0	26.27775843683782	23.725393984084388	23.71497728886318	26.28187029021461	0.0
140.0	26.14988610103702	23.796796574533232	23.74855056373819	26.30476676069156	0.0
141.0	26.39659865623895	23.755951940394247	23.506772259640293	26.34067714372651	0.0
142.0	26.344240769523875	23.668780170889566	23.789943447999846	26.197035611586717	0.0
143.0	26.302919988157765	23.705029660412944	23.670215682189497	26.321834669239795	0.0
144.0	26.19745336421826	23.714414945380284	23.798023547471868	26.29010814292959	0.0
145.0	26.224317767513263	23.768143751970285	23.66233089817569	26.34520758234077	0.0
146.0	26.239120601981934	23.788429117723652	23.69056593429186	26.28188434600255	0.0
147.0	26.331775380693266	23.75224441124467	23.70783590783865	26.208144300223413	0.0
148.0	26.186762428213108	23.754163297194314	23.671102948231198	26.38797132636138	0.0
149.0	26.27256404281857	23.623130799490124	23.92329938732713	26.18100577036418	0.0
150.0	26.215819844021986	23.733877931440947	23.734152058005183	26.316150166531887	0.0
151.0	26.383585301333625	23.70564289532477	23.67603722638742	26.234734576954178	0.0
152.0	26.2585835880426	23.680149124850942	23.68398689675023	26.377280390356226	0.0
153.0	26.31806905248153	23.724009375128496	23.722912868871557	26.235008703518414	0.0
154.0	26.162365163996213	23.939746981181212	23.629709837031758	26.268178017790817	0.0
155.0	26.361453313376863	23.671990219137378	23.749842376793477	26.216714090692285	0.0
156.0	26.18080341233683	23.719688372067523	23.763548742578003	26.33595947301765	0.0
157.0	26.287987192771812	23.67966578397671	23.787397819043075	26.2449492042084	0.0
158.0	26.318963579444837	23.648415269987993	23.79013909219998	26.242482058367187	0.0
159.0	26.29922641271512	23.814262295980747	23.693372149761235	26.193139141542897	0.0
160.0	26.321978979917432	23.659106235299923	23.721059008645977	26.297855776136668	0.0
161.0	26.1843670674408	23.80028180288053	23.693098022445543	26.322253107233124	0.0
162.0	26.345279801751126	23.54643990855113	23.726541554959784	26.381738734737965	0.0
163.0	26.29264735713855	23.71996249938321	23.826323897871127	26.161066245607113	0.0
164.0	26.278464773172733	23.7257842118681	23.721398162793694	26.27435285216547	0.0
165.0	26.15141272673942	23.79691384930001	23.756342672927786	26.29533075103278	0.0
166.0	26.399225858094088	23.75250485894663	23.507981282432954	26.34028800052633	0.0
167.0	26.351801442469796	23.6647833965202	23.785948666496708	26.197466494513293	0.0
168.0	26.304449135118833	23.701581731955372	23.67718413333699	26.316784999588805	0.0
169.0	26.196787732086218	23.720287618321827	23.80197867808514	26.280945971506814	0.0
170.0	26.22063713543994	23.770727735759575	23.665735534788602	26.342899594011882	0.0
171.0	26.23818152411394	23.78909451765267	23.697534739260227	26.27518921897316	0.0
172.0	26.32946717143335	23.75565052674286	23.70822585110845	26.206656450715343	0.0
173.0	26.19404642135591	23.748797249917075	23.672314680541355	26.384841648185663	0.0
174.0	26.28122010257985	23.620229776665415	23.91930677734252	26.179243343412217	0.0
175.0	26.211042547883846	23.738654400214916	23.728237419439733	26.322065632461506	0.0
176.0	26.385389910331725	23.69945365677145	23.67752317092895	26.23763326196788	0.0
177.0	26.259837878883406	23.678619695221073	23.687666020631106	26.37387640526441	0.0
178.0	26.315212355635726	23.725221977636387	23.724399584417295	26.235166082310595	0.0
179.0	26.159505906153967	23.939866607819862	23.635306985682135	26.265320500344036	0.0
180.0	26.364628222419594	23.666896937399258	23.756538044014604	26.21193679616654	0.0
181.0	26.171913549787824	23.718707852231983	23.771615294362753	26.337763303617447	0.0
182.0	26.287871311556298	23.67841047402875	23.79546476309528	26.23825345131967	0.0
183.0	26.321041262322225	23.64715944603441	23.786144281061876	26.245655010581487	0.0
184.0	26.303770957377985	23.815202254460125	23.689375747009223	26.19165104115267	0.0
185.0	26.328991085233067	23.657850587190367	23.71980437953003	26.293353948046537	0.0
186.0	26.18890972290755	23.799302608638442	23.69376185620141	26.318025812252593	0.0
187.0	26.345438994703773	23.55176157110431	23.72748007061636	26.375319363575557	0.0
188.0	26.29088676162593	23.718707852231983	23.832746691228877	26.15765869491321	0.0
189.0	26.27944526531921	23.721514198696774	23.72206246384877	26.27697807213525	0.0
190.0	26.157325547925492	23.789081239634307	23.754266211604094	26.299327000836108	0.0
191.0	26.401304878215935	23.746864591471688	23.509738613155694	26.34209191715668	0.0
192.0	26.351138341762958	23.66325369738339	23.781679619501897	26.203928341351755	0.0
193.0	26.306252467213476	23.698956094565553	23.684975218211324	26.30981622000965	0.0
194.0	26.194477264565506	23.719855366066948	23.80209604065979	26.28357132870775	0.0
195.0	26.22572872091079	23.765361872674987	23.664754114089746	26.34415529232448	0.0
196.0	26.236694144189833	23.78564790574122	23.697650383926884	26.28000756614206	0.0
197.0	26.323320988094288	23.760427432199418	23.706970993714073	26.209280585992218	0.0
198.0	26.194477264565506	23.745075839608752	23.677090215278675	26.383356680547067	0.0
199.0	26.267123193789182	23.62829408168692	23.924634645803124	26.17994807872077	0.0
200.0	26.207361636918385	23.743705161698873	23.73411041632971	26.314822785053032	0.0
201.0	26.37842224007149	23.703955502312336	23.67517126620484	26.24245099141133	0.0
202.0	26.253690550272353	23.68010570668041	23.689700452049575	26.37650329099766	0.0
203.0	26.315096920635007	23.731643196091923	23.722048450722756	26.23121143255031	0.0
204.0	26.165967164039987	23.939437967229832	23.62829408168692	26.266300787043257	0.0
205.0	26.36533600890395	23.675236168451296	23.74705988782341	26.212367934821344	0.0
206.0	26.16466821279559	23.714985936806094	23.776118339172434	26.34422751122588	0.0
207.0	26.285014063193906	23.68236371312181	23.792292382847837	26.240329840836445	0.0
208.0	26.318184559545156	23.649467353104043	23.78242347484251	26.24992461250829	0.0
209.0	26.302284652203234	23.817512925528124	23.68428266745618	26.195919754812465	0.0
210.0	26.324763831548704	23.660981079110265	23.714985936806094	26.299269152534936	0.0
211.0	26.179471574803582	23.808192290189755	23.685105076456622	26.327231058550037	0.0
212.0	26.3513550558964	23.551052409384233	23.721016936142682	26.376575598576686	0.0
213.0	26.299269152534936	23.71909798180831	23.82244737953079	26.159185486125956	0.0
214.0	26.282070612230353	23.725742294691884	23.719163004652106	26.273024088425657	0.0
215.0	26.15693337609895	23.796874271819377	23.749448296091604	26.296744055990068	0.0
216.0	26.396804640618015	23.750544850443696	23.50436839840013	26.34828211053816	0.0
217.0	26.355683852414753	23.668029135449135	23.775217323365656	26.201069688770463	0.0
218.0	26.30613688325502	23.70318385428946	23.67056127288378	26.320117989571738	0.0
219.0	26.196004682312758	23.715310998226315	23.801116846731016	26.28756747272992	0.0
220.0	26.23465843515353	23.760544113252756	23.65664501873748	26.348152432856235	0.0
221.0	26.233561874789256	23.792618503907867	23.690912530121143	26.282907091181734	0.0
222.0	26.329785046754594	23.755609591613506	23.702700554037122	26.211904807594777	0.0
223.0	26.196004682312758	23.746562968608217	23.672545144019498	26.38488720505953	0.0
224.0	26.27276390781217	23.62594132853771	23.909950462885543	26.191344300764573	0.0
225.0	26.209985826957293	23.737242205511862	23.72956628296192	26.32320568456893	0.0
226.0	26.382694084330975	23.701603993672844	23.673367564292704	26.242334357703474	0.0
227.0	26.250010280253417	23.681591767024784	23.685978008481896	26.382419944239903	0.0
228.0	26.311691800744015	23.733952524419028	23.71668169868166	26.237673976155296	0.0
229.0	26.168864813296892	23.93297823053537	23.623474067718085	26.274682888449657	0.0
230.0	26.364398973616687	23.674803166875012	23.744434940895236	26.21636291861307	0.0
231.0	26.165921003574798	23.715650152422306	23.767188630830976	26.351240213171916	0.0
232.0	26.2821567208369	23.6800118428844	23.794876855933506	26.242954580345195	0.0
233.0	26.31203807268022	23.65753229379126	23.78007325043314	26.25035638309538	0.0
234.0	26.29257407285567	23.81653398249885	23.688784349847577	26.2021075947979	0.0
235.0	26.32985722744917	23.655613307893063	23.715376011579707	26.299153453078056	0.0
236.0	26.17825734149177	23.80940632059127	23.686317082264182	26.32601925565278	0.0
237.0	26.35014364980152	23.553358773603527	23.716746715792706	26.379750860802247	0.0
238.0	26.29641204465206	23.721132969274294	23.822016799350834	26.16043818672281	0.0
239.0	26.283051195942704	23.730244671372763	23.71790829963676	26.26879583304777	0.0
240.0	26.15065342365484	23.803153211192775	23.741470676122827	26.304722689029557	0.0
241.0	26.39937494859775	23.754968884502563	23.502755160786247	26.34290100611344	0.0
242.0	26.349076673392403	23.677241424686375	23.77675673304676	26.196925168874465	0.0
243.0	26.30405877756912	23.704851068496154	23.672501473551463	26.318588680383257	0.0
244.0	26.19043049870738	23.71841442251544	23.809158275373324	26.281996803403857	0.0
245.0	26.23061380590366	23.76815249604531	23.656023050962695	26.345210647088336	0.0
246.0	26.232200332278744	23.793296303810237	23.6858266119083	26.288676752002722	0.0
247.0	26.332138000614115	23.757237794446638	23.70158354169408	26.209040663245165	0.0
248.0	26.189745080084002	23.75871163726689	23.672897554984072	26.378645727665035	0.0
249.0	26.26514083927817	23.640820086526915	23.904842326905047	26.189196747289866	0.0
