# Position (bp)	A	C	G	T	N
0.0	26.1799734722303	23.785274595645348	23.780013346957197	26.254738585167154	0.0
1.0	26.248369705176238	23.68115725318513	23.728785399204167	26.341687642434465	0.0
2.0	26.388700446078744	23.71361246251526	23.659894724308938	26.237792367097057	0.0
3.0	26.23037968374916	23.737917706115418	23.683095725269887	26.348606884865532	0.0
4.0	26.206323716706354	23.677390774682983	23.67489894235561	26.441386566255055	0.0
5.0	26.250598687179373	23.791620871134832	23.763105366175076	26.19467507551072	0.0
6.0	26.239338244454224	23.770766372940667	23.707647119076686	26.282248263528423	0.0
7.0	26.133752636794988	23.894760736807722	23.74914875122497	26.222337875172325	0.0
8.0	26.228051477814102	23.780114770390014	23.80807378966513	26.183759962130754	0.0
9.0	26.268746782113812	23.752013773936923	23.770283063261566	26.2089563806877	0.0
10.0	26.234281712673997	23.791044693495127	23.76391914371836	26.210754450112518	0.0
11.0	26.15844088982875	23.76890138755491	23.784678493037315	26.28797922957903	0.0
12.0	26.19193264006333	23.78938394554961	23.75506182134227	26.26362159304479	0.0
13.0	26.30154200446741	23.70994483548908	23.822322113135684	26.166191046907826	0.0
14.0	26.337524876620265	23.725168358322975	23.70828408754356	26.229022677513196	0.0
15.0	26.2799522811757	23.654863361962782	23.825920400350974	26.239263956510545	0.0
16.0	26.218432036846355	23.83305100696405	23.720674040367136	26.227842915822457	0.0
17.0	26.299808460933782	23.799559349431473	23.720674040367136	26.179958149267613	0.0
18.0	26.256629133866987	23.898096788122363	23.67057494934733	26.174699128663327	0.0
19.0	26.18577075098814	23.84301546705639	23.74115654166805	26.23005724028742	0.0
20.0	26.160306019641055	23.70102191074058	23.79762181552463	26.341050254093734	0.0
21.0	26.17719024368641	23.67749471330034	23.76357657687581	26.381738466137445	0.0
22.0	26.27212940512173	23.73894221720309	23.76828201636386	26.220646361311324	0.0
23.0	26.19130656215055	23.760808671294605	23.892837767518074	26.15504699903677	0.0
24.0	26.346032484139904	23.812568505663133	23.68358410557899	26.157814904617975	0.0
25.0	26.187431494336867	23.7918092138041	23.778246476456193	26.24251281540284	0.0
26.0	26.251370113262695	23.6891199167414	23.721227621483376	26.338282348512525	0.0
27.0	26.380354513346845	23.72399552706458	23.657842583673787	26.23780737591479	0.0
28.0	26.231717983636145	23.730361709901352	23.686628801718314	26.35129150474419	0.0
29.0	26.210128320102744	23.67029815878921	23.67749471330034	26.442078807807707	0.0
30.0	26.250262951030212	23.79983613998959	23.76274620520145	26.18715470377874	0.0
31.0	26.24299375839019	23.77458239340133	23.714795798330957	26.267628049877523	0.0
32.0	26.131724262009214	23.88945015707821	23.74856415295404	26.230261427958535	0.0
33.0	26.225832791286656	23.777350291321255	23.817761600952156	26.179055316439932	0.0
34.0	26.259047566325755	23.751055261081973	23.783993246329075	26.2059039262632	0.0
35.0	26.234136485046434	23.790359411544905	23.766001909849564	26.209502193559103	0.0
36.0	26.16964446351219	23.759358954841744	23.776796711737273	26.294199869908795	0.0
37.0	26.188742959159665	23.782609297369113	23.762957222137647	26.265690521333575	0.0
38.0	26.303057143252556	23.711474320827048	23.818591970328136	26.16687656559226	0.0
39.0	26.33544154891568	23.732233555226482	23.713411849370996	26.218913046486847	0.0
40.0	26.272610266133384	23.654455623676597	23.829109982423848	26.243824127766167	0.0
41.0	26.20887607048156	23.84232989930415	23.720542727921924	26.228251302292367	0.0
42.0	26.289698466035215	23.79970438932037	23.73189107798254	26.178706066661867	0.0
43.0	26.249564057284257	23.893259080063995	23.684006576507254	26.173170286144494	0.0
44.0	26.189777627696614	23.83651732976091	23.740748326810337	26.232956715732136	0.0
45.0	26.151857531152604	23.696738871697214	23.80274906860493	26.34865452854525	0.0
46.0	26.164313037316695	23.674872538653588	23.764552183035047	26.396262240994666	0.0
47.0	26.275582225715915	23.739087592655125	23.76787365134547	26.21745653028349	0.0
48.0	26.195313408213995	23.7534806220003	23.893535869089863	26.157670100695846	0.0
49.0	26.344502693157224	23.809668794251646	23.690095935076368	26.15573257751477	0.0
50.0	26.196143775291596	23.784757781923464	23.763168237905706	26.255930204879235	0.0
51.0	26.253715892672286	23.690372724102236	23.720542727921924	26.335368655303554	0.0
52.0	26.387404992166868	23.71473015837868	23.66130987638602	26.236554973068426	0.0
53.0	26.23627818404256	23.73382860116362	23.669059969110346	26.360833245683473	0.0
54.0	26.216902952231752	23.66407776664471	23.677640428912277	26.441378852211265	0.0
55.0	26.265064242732905	23.78807925023389	23.756802090310725	26.190054416722486	0.0
56.0	26.239527024221744	23.773620418116344	23.710512694893534	26.27633986276838	0.0
57.0	26.129365296841566	23.887933969392755	23.751200569076662	26.231500164689013	0.0
58.0	26.22568761123428	23.779432971571076	23.812924351000728	26.18195506619391	0.0
59.0	26.258625414144433	23.75203093385591	23.788290195883054	26.201053456116608	0.0
60.0	26.233714470767005	23.79797778497427	23.771406112038353	26.196901632220364	0.0
61.0	26.17475857144043	23.760611369908133	23.784138371986813	26.280491686664618	0.0
62.0	26.190258713986385	23.77915618331133	23.764763193804374	26.265821908897912	0.0
63.0	26.305956206561543	23.703592988399805	23.82565661094919	26.164794194089463	0.0
64.0	26.341661892069183	23.73459327349171	23.706084082737547	26.217660751701555	0.0
65.0	26.27966132188537	23.65764613728144	23.815138657078723	26.247553883754467	0.0
66.0	26.220909634419076	23.835555014282235	23.707955979717013	26.235579371581675	0.0
67.0	26.30422267000288	23.800126215097098	23.711554217134253	26.184096897765773	0.0
68.0	26.256892008591482	23.894510750426253	23.667545005646463	26.181052235335798	0.0
69.0	26.186587985208476	23.83306392683953	23.74338477890215	26.236963309049845	0.0
70.0	26.15060561103607	23.69439339252895	23.812028077323355	26.342972919111624	0.0
71.0	26.153927060959674	23.67225039303824	23.765527778392862	26.40829476760922	0.0
72.0	26.272392108234982	23.73342042913133	23.787393990389937	26.20679347224375	0.0
73.0	26.191570160093885	23.74919731626846	23.902537587741634	26.15669493589602	0.0
74.0	26.34823188149067	23.8017869400589	23.693286242554418	26.15669493589602	0.0
75.0	26.19461482252386	23.77687606563185	23.775215340670048	26.253293771174242	0.0
76.0	26.245543721352494	23.688304067669005	23.730652554194993	26.335499656783508	0.0
77.0	26.376464205841323	23.722348929385976	23.66588428068466	26.23530258408804	0.0
78.0	26.22976683421536	23.736741879054936	23.677509355417286	26.355981931312417	0.0
79.0	26.22007927193818	23.661178893292885	23.679170080379087	26.439571754389853	0.0
80.0	26.269901020792275	23.78822435287084	23.755840216115676	26.18603441022121	0.0
81.0	26.246024650625955	23.773488813664407	23.710935013244246	26.269551522465395	0.0
82.0	26.117872395782875	23.889185665768956	23.756604823285514	26.236337115162655	0.0
83.0	26.23522996825256	23.772381666754317	23.811131808607513	26.181256556385605	0.0
84.0	26.268444375555305	23.75023872855249	23.783176349127707	26.198140546764503	0.0
85.0	26.23301567443238	23.797846045686416	23.773488813664407	26.195649466216796	0.0
86.0	26.17793511565533	23.761586984380926	23.788712083678163	26.271765816285576	0.0
87.0	26.19426553257918	23.772381666754317	23.76518521183872	26.26816758882778	0.0
88.0	26.30581058377089	23.705122491966264	23.824971144983657	26.16409577927919	0.0
89.0	26.335703550343354	23.733354738173595	23.711211799971768	26.219729911511287	0.0
90.0	26.278131911018605	23.646720492458943	23.824971144983657	26.2501764515388	0.0
91.0	26.22242519859393	23.831271277920784	23.706164023360735	26.240139500124553	0.0
92.0	26.297987766060505	23.794735531013867	23.71557474604888	26.191701956876745	0.0
93.0	26.253978798195355	23.90129812615904	23.66326219934125	26.181460876304353	0.0
94.0	26.18644302360984	23.83376235157353	23.750172991225885	26.229621633590742	0.0
95.0	26.15267513631709	23.691217581444267	23.81743197984998	26.338675302388666	0.0
96.0	26.159041213429656	23.675163995682137	23.76096764372111	26.404827147167097	0.0
97.0	26.273353815494477	23.734949763348006	23.793351601206787	26.19834481995073	0.0
98.0	26.196130532259403	23.745190843920398	23.900190982313376	26.158487641506824	0.0
99.0	26.34670209526973	23.80165518004927	23.70090509009383	26.150737634587173	0.0
100.0	26.18616623764843	23.785601594287137	23.777851587367486	26.250380580696948	0.0
101.0	26.261452019153587	23.679869357026213	23.728306900274017	26.330371723546182	0.0
102.0	26.372443189681423	23.721387251238617	23.675440781643555	26.230728777436408	0.0
103.0	26.23045199147499	23.731351545849595	23.680422928949042	26.35777353372637	0.0
104.0	26.217719837249852	23.656342550305848	23.690387223560023	26.435550388884277	0.0
105.0	26.269478812034652	23.787262310055635	23.751280135071546	26.191978742838163	0.0
106.0	26.240897226889125	23.770589358716382	23.708035904575535	26.280477509818954	0.0
107.0	26.131567074740307	23.881580222037083	23.754812602583513	26.232040100639097	0.0
108.0	26.240066871303185	23.771696499497637	23.810446426841523	26.177790202357652	0.0
109.0	26.26802217602985	23.754535817388202	23.783598262896113	26.193843743685836	0.0
110.0	26.230102604271906	23.802696441372746	23.77695541820859	26.19024553614676	0.0
111.0	26.183879476654553	23.75951795090384	23.787750040825816	26.26885253161579	0.0
112.0	26.199933017982737	23.77695541820859	23.76422329922417	26.258888264584503	0.0
113.0	26.311477451694067	23.701116274692698	23.827330323755643	26.160075949857593	0.0
114.0	26.34469167513168	23.728518009028733	23.70748233418491	26.219307981654676	0.0
115.0	26.282968576576778	23.644098524458123	23.821794619849374	26.251138279115725	0.0
116.0	26.22753894356919	23.82781794227384	23.711568482003475	26.233074632153492	0.0
117.0	26.29811897301905	23.79294310419273	23.712675619720336	26.19626230306788	0.0
118.0	26.25798523078286	23.898951540582132	23.667006188899837	26.176057039735174	0.0
119.0	26.19404802763416	23.826710804556978	23.7558539906779	26.223387177130963	0.0
120.0	26.156958914119325	23.683613254652748	23.818407271680524	26.341020559547403	0.0
121.0	26.154467854256392	23.673372230771786	23.773844978576886	26.39831493639494	0.0
122.0	26.269333392380677	23.733988020769903	23.80207699035683	26.19460159649259	0.0
123.0	26.1984765785016	23.75419328410261	23.895353343002338	26.151976794393455	0.0
124.0	26.356797272012667	23.792389535334298	23.698559613830366	26.15225357882267	0.0
125.0	26.183807003753195	23.789898475471364	23.787407415608428	26.238887105167013	0.0
126.0	26.254940602061488	23.681398979219026	23.73011303876089	26.333547379958596	0.0
127.0	26.38392214607575	23.71599703287092	23.67254187748414	26.22753894356919	0.0
128.0	26.233074632153492	23.719041661592286	23.68444360794039	26.363440098313827	0.0
129.0	26.220896117268026	23.65316696743908	23.691640003099987	26.434296912192906	0.0
130.0	26.274592296535765	23.781594942594907	23.7558539906779	26.187958770191422	0.0
131.0	26.2361918785688	23.772803640278887	23.711910897309924	26.27909358384239	0.0
132.0	26.13516528227938	23.881026651646454	23.755366172974142	26.228441893100022	0.0
133.0	26.23480795259223	23.778616129380474	23.814321419575908	26.172254498451387	0.0
134.0	26.27604894669394	23.753428676606948	23.783875048091428	26.186647328607688	0.0
135.0	26.232593671029726	23.797160737466474	23.777785773794534	26.192459817709267	0.0
136.0	26.173915209623267	23.757857239731962	23.796883952271163	26.27134359837361	0.0
137.0	26.200763373568677	23.7772322034039	23.759794736099156	26.262209686928266	0.0
138.0	26.308709599740933	23.698625207934878	23.831482101685346	26.161183090638847	0.0
139.0	26.34559495142406	23.721387251238617	23.70865509701348	26.224362700323837	0.0
140.0	26.28221096625979	23.640012178582303	23.821583769271225	26.256193085886686	0.0
141.0	26.2272031531544	23.819712197160722	23.711211799971768	26.24187284971311	0.0
142.0	26.301381996130523	23.79424781822862	23.71923861506993	26.18513157057093	0.0
143.0	26.260971133912186	23.894167826864365	23.673568805028662	26.171292234194787	0.0
144.0	26.190113731666337	23.828569372441454	23.757435183468083	26.223881712424124	0.0
145.0	26.155515390725988	23.685470634312146	23.81915862370568	26.339855351256197	0.0
146.0	26.14693500217278	23.66249733592775	23.7903728040433	26.400194857856174	0.0
147.0	26.27398011010576	23.730586870898367	23.800337126234123	26.19509589276175	0.0
148.0	26.197586973309456	23.754113742737808	23.901917855235006	26.14638142871773	0.0
149.0	26.363105436368116	23.78843529695064	23.695434956502968	26.15302431017828	0.0
150.0	26.19537267948927	23.79341745804605	23.77847097475982	26.23273888770486	0.0
151.0	26.25578485861695	23.679170080379087	23.73342042913133	26.331624631872636	0.0
152.0	26.389473218042113	23.710447067159716	23.6694825181019	26.230597196696266	0.0
153.0	26.233088284138965	23.714322092070592	23.69577732999712	26.35681229379332	0.0
154.0	26.22007927193818	23.64955381856026	23.69439339252895	26.43597351697261	0.0
155.0	26.27958858306946	23.77742964061912	23.763867053431056	26.17911472288036	0.0
156.0	26.238143082922992	23.770852535518852	23.71549488356902	26.275509497989134	0.0
157.0	26.135177850296305	23.881014262899026	23.754798816453402	26.22900907035127	0.0
158.0	26.246169942455722	23.773066841596847	23.80821895058499	26.17254426536244	0.0
159.0	26.277723804067126	23.746771956920675	23.7885669841428	26.186937254869395	0.0
160.0	26.24672351897522	23.798531361493772	23.78247764242832	26.17226747710269	0.0
161.0	26.182508642713408	23.762825675986125	23.789674137181795	26.264991544118665	0.0
162.0	26.19966951481786	23.773343629856598	23.77445078289559	26.25253607242995	0.0
163.0	26.312322336535775	23.692798246269586	23.833406682222165	26.161472734972474	0.0
164.0	26.354743887114363	23.717498048637367	23.706980065654356	26.220777998593913	0.0
165.0	26.28554663064719	23.639720332368263	23.822401089441605	26.252331947542945	0.0
166.0	26.228600689206583	23.81693123157618	23.713135059579002	26.241333019638237	0.0
167.0	26.305271461588497	23.780394979033172	23.7242066512587	26.190126908119627	0.0
168.0	26.263476202997634	23.8861286795743	23.67936670495592	26.171028412472147	0.0
169.0	26.1837607429038	23.82606529471193	23.764617960889602	26.225556001494667	0.0
170.0	26.15884966162448	23.683518551835807	23.822467027416028	26.335164759123685	0.0
171.0	26.148608439320757	23.666080794940285	23.789252252376933	26.396058513362025	0.0
172.0	26.275931743637294	23.72171554313077	23.80115421343261	26.20119849979933	0.0
173.0	26.20839503439113	23.748010573370053	23.90190569771787	26.141688694520948	0.0
174.0	26.37253138104267	23.78233250757712	23.683518551835807	26.161617559544403	0.0
175.0	26.19953776104737	23.78454682591306	23.775966342361293	26.239949070678275	0.0
176.0	26.24749504544901	23.676664341625976	23.744754818923617	26.331085794001396	0.0
177.0	26.39087255455542	23.708772046367955	23.668083834324243	26.232271564752384	0.0
178.0	26.230334030845544	23.722888364832098	23.691611031764484	26.355166572557877	0.0
179.0	26.233378726984864	23.639020825721595	23.696870052368773	26.43073039492477	0.0
180.0	26.26991508065677	23.78212154426988	23.760808671294605	26.18715470377874	0.0
181.0	26.23649604326802	23.774437214039963	23.716864618595395	26.272202124096623	0.0
182.0	26.137681540509796	23.876019630040716	23.758660108557557	26.22763872089193	0.0
183.0	26.235112086646755	23.769731761527666	23.816786286650633	26.178369865174943	0.0
184.0	26.283696070371814	23.744951990279034	23.782319025910578	26.18903291343857	0.0
185.0	26.234150149052955	23.800033768728497	23.77899751163222	26.18681857058633	0.0
186.0	26.17740761346431	23.754916533114113	23.795328290167486	26.27234756325409	0.0
187.0	26.199274249130177	23.771247311649383	23.78121185448446	26.24826658473598	0.0
188.0	26.308607427459513	23.69983475466465	23.83297211865556	26.15858569922028	0.0
189.0	26.35102967227635	23.714293622674933	23.708204162976084	26.22647254207263	0.0
190.0	26.273804251550043	23.6473095659876	23.83359167404783	26.245294508414524	0.0
191.0	26.223223602811125	23.82535381242751	23.722939888562582	26.228482696198785	0.0
192.0	26.298030879267486	23.78307010114095	23.72632709437054	26.19257192522102	0.0
193.0	26.262601099430356	23.877734044143292	23.683147050194034	26.17651780623232	0.0
194.0	26.189803973671243	23.82099103737288	23.76231046451763	26.226894524438244	0.0
195.0	26.16738356611806	23.675673581009637	23.82431257923261	26.33263027363969	0.0
196.0	26.14883829073456	23.657681895936093	23.792757931565166	26.400721881764184	0.0
197.0	26.273264761567333	23.7231368814978	23.79787198706806	26.205726369866806	0.0
198.0	26.207110353303293	23.739744682735637	23.90056355805534	26.152581405905735	0.0
199.0	26.37042039880867	23.78486254276509	23.685769328712674	26.15894772971357	0.0
200.0	26.189948958690863	23.781817779204818	23.785416136139684	26.242817125964635	0.0
201.0	26.254792055913086	23.67116462528545	23.742578368279013	26.331464950522452	0.0
202.0	26.38903882084285	23.706594699328768	23.668396650750815	26.235969829077572	0.0
203.0	26.225451525845962	23.722648951629647	23.689433257214034	26.36246626531036	0.0
204.0	26.237907411251815	23.631028994533253	23.701612345166424	26.42945124904851	0.0
205.0	26.263649574423916	23.773579683066917	23.759463012940284	26.203307729568888	0.0
206.0	26.24683758034068	23.772815093253318	23.722161019060326	26.25818630734567	0.0
207.0	26.134734301388974	23.885471968644296	23.75925198049126	26.22054174947547	0.0
208.0	26.233828064017896	23.78222623272087	23.81737960661437	26.166566096646864	0.0
209.0	26.28704608426315	23.744647399611928	23.77564888602248	26.192657630102445	0.0
210.0	26.241651050590555	23.8022215886601	23.777032880951523	26.179094479797826	0.0
211.0	26.192657630102445	23.754335364115224	23.79447121705746	26.258535788724867	0.0
212.0	26.20234559460574	23.776479282979906	23.773157695150203	26.24801742726415	0.0
213.0	26.31749397270208	23.698421968981904	23.836267863914546	26.147816194401464	0.0
214.0	26.368497973825818	23.70928275648265	23.70928275648265	26.212936513208884	0.0
215.0	26.28934752040037	23.649479057098883	23.82801687389971	26.233156548601038	0.0
216.0	26.22935391275705	23.814796258722772	23.720129433355385	26.235720395164797	0.0
217.0	26.300565234480967	23.787458548548717	23.727115200434028	26.184861016536292	0.0
218.0	26.266314201486445	23.885790209403073	23.685106500768136	26.162789088342354	0.0
219.0	26.197666532877527	23.81963378683238	23.760397492145653	26.222302188144436	0.0
220.0	26.170684515159316	23.6827463648367	23.820596075435347	26.32597304456864	0.0
221.0	26.15324569634864	23.65894099312689	23.796237090429965	26.391576220094503	0.0
222.0	26.277881426776133	23.73180683271421	23.80100868621665	26.189303054293006	0.0
223.0	26.202589810165478	23.76114841859924	23.898444895948092	26.13781687528719	0.0
224.0	26.367013414087282	23.794642115694426	23.695821868892935	26.142522601325354	0.0
225.0	26.187088594980928	23.794365308280415	23.79159723414032	26.226948862598338	0.0
226.0	26.240585061769746	23.678171737331184	23.749311439651667	26.331931761247407	0.0
227.0	26.370684906480356	23.71332637622107	23.676787696430004	26.23920102086857	0.0
228.0	26.217755128591953	23.731173479415048	23.69242011963716	26.358651272355843	0.0
229.0	26.23616981816269	23.626670209850605	23.697810699861872	26.43934927212483	0.0
230.0	26.255823416570472	23.77725552722854	23.76424539870508	26.20267565749591	0.0
231.0	26.245654051420598	23.76486480501362	23.725280687379588	26.26420045618619	0.0
232.0	26.140465487078412	23.864517129127265	23.762650308922204	26.232367074872116	0.0
233.0	26.22904533073499	23.775106849436412	23.822441703390393	26.1734061164382	0.0
234.0	26.275345669956124	23.74195512864874	23.790397364742358	26.19230183665278	0.0
235.0	26.234377378859808	23.792888679741456	23.7848611091888	26.187872832209933	0.0
236.0	26.186211955543868	23.75607258031031	23.797040871406626	26.260674592739203	0.0
237.0	26.201436658316148	23.767975529750455	23.780708917523633	26.24987889440977	0.0
238.0	26.305241449945328	23.692128828666732	23.846590358610953	26.156039362776983	0.0
239.0	26.36067697520304	23.70797278369236	23.715723562922484	26.215626678182108	0.0
240.0	26.290773093564614	23.63988185041953	23.82480199979515	26.24454305622071	0.0
241.0	26.23415093294945	23.81097392170976	23.7165716184043	26.23830352693649	0.0
242.0	26.30631827821243	23.792240438973884	23.723581557338473	26.177859725475212	0.0
243.0	26.276270872036523	23.87032827688551	23.678461968664603	26.17493888241336	0.0
244.0	26.194985270339117	23.815812789332625	23.756008151150684	26.233193789177577	0.0
245.0	26.163677694989218	23.67226804666063	23.827600433047866	26.336453825302293	0.0
246.0	26.14199915269021	23.659049185502695	23.805805456564297	26.3931462052428	0.0
247.0	26.278785126438564	23.73727583877006	23.795150696159766	26.188788338631607	0.0
248.0	26.193621281226893	23.764147468755798	23.90067209995929	26.141559150058015	0.0
249.0	26.3775002976957	23.7910093130291	23.680238821180428	26.151251568094775	0.0
