# Position (bp)	A	C	G	T	N
0.0	26.404089922263463	23.683171090412493	23.688213460326356	26.224525526997688	0.0
1.0	26.270747251208064	23.695216751873378	23.66720358568527	26.366832411233283	0.0
2.0	26.274125325639375	23.638757388162134	23.770693856970784	26.316423429227708	0.0
3.0	26.379610255376008	23.658344607748393	23.72669137234141	26.235353764534192	0.0
4.0	26.15869832528983	23.753210631426512	23.73836539996695	26.349725643316706	0.0
5.0	26.244765919307632	23.796546557060232	23.634937751200862	26.323749772431277	0.0
6.0	26.30407080141715	23.70083040427945	23.774768593073897	26.2203302012295	0.0
7.0	26.371638292450005	23.71195805899634	23.658187541483112	26.25821610707054	0.0
8.0	26.21315992875626	23.73251111783222	23.72775033325492	26.326578620156603	0.0
9.0	26.23024729559819	23.806016751469464	23.666281156977117	26.29745479595523	0.0
10.0	26.347608886798053	23.773360887559715	23.545422470135588	26.333607755506645	0.0
11.0	26.298044882026467	23.733317652066287	23.78344170208953	26.185195763817713	0.0
12.0	26.245960673622427	23.737798014079537	23.719596543400705	26.296644768897327	0.0
13.0	26.206197460754826	23.649310864317837	23.76187995990076	26.38261171502657	0.0
14.0	26.23952015322838	23.703075208476847	23.699154891715253	26.358249746579528	0.0
15.0	26.169234474145508	23.95285539071557	23.62858919000655	26.249320945132364	0.0
16.0	26.347888909423883	23.677033104274827	23.768600502920638	26.20647748338066	0.0
17.0	26.30028506303309	23.69131425819206	23.66555217661587	26.342848502158972	0.0
18.0	26.368256724024477	23.592400207216162	23.709449337048287	26.329893731711074	0.0
19.0	26.375257270067067	23.589319966957422	23.74389202357784	26.291530739397672	0.0
20.0	26.23076599974798	23.764053596180503	23.712809599148734	26.292370804922783	0.0
21.0	26.25988827128516	23.731571062542876	23.720090167033028	26.288450499138932	0.0
22.0	26.297131176231748	23.769654033014575	23.511473894963807	26.42174089578987	0.0
23.0	26.381977794267954	23.641124007672598	23.830138750822563	26.146759447236885	0.0
24.0	26.23076599974798	23.689007742603923	23.729050865967547	26.351175391680552	0.0
25.0	26.404099519762543	23.673046497626814	23.673886563151925	26.24896741945872	0.0
26.0	26.28313008414656	23.679486999986	23.663805776850594	26.373577139016845	0.0
27.0	26.301891547540706	23.62152247875334	23.748932416728504	26.32765355697744	0.0
28.0	26.393458689777805	23.644764291614745	23.706649118631255	26.2551278999762	0.0
29.0	26.17980202455791	23.747252285678282	23.71476975204066	26.358175937723143	0.0
30.0	26.25428783445109	23.79233580219257	23.628803046637636	26.324573316718702	0.0
31.0	26.313372443050557	23.692928048387774	23.76153339960517	26.232166108956502	0.0
32.0	26.359222213510456	23.700982313870004	23.671020060708564	26.268775411910976	0.0
33.0	26.20241042126368	23.717223535209847	23.726744251167688	26.353621792358783	0.0
34.0	26.227612316446198	23.77770808364789	23.678580629263323	26.316098970642592	0.0
35.0	26.347741350149533	23.759226693847378	23.55565138498415	26.337380571018944	0.0
36.0	26.298177622957247	23.719183682612933	23.783028483741976	26.199610210687847	0.0
37.0	26.255054380089383	23.710783050885425	23.730384524916275	26.303778044108917	0.0
38.0	26.22145185317936	23.649738460332216	23.749425956831953	26.379383729656467	0.0
39.0	26.248893916822546	23.71274319828851	23.69034151368183	26.348021371207114	0.0
40.0	26.175248378678077	23.96168191848027	23.624256544092116	26.238813158749537	0.0
41.0	26.35250170812845	23.670179997535815	23.76510713605663	26.212211158279104	0.0
42.0	26.310498549490923	23.674940355514735	23.666539723787228	26.348021371207114	0.0
43.0	26.383510166136027	23.583867472004975	23.70875651397161	26.323865847887383	0.0
44.0	26.365028828087155	23.584707532825377	23.741798906240813	26.30846473284666	0.0
45.0	26.23173917791648	23.762800426750896	23.72443764928581	26.281022746046812	0.0
46.0	26.265621631006088	23.74963947389791	23.704556209869594	26.28018268522641	0.0
47.0	26.31602528023029	23.77484129851001	23.498741308870763	26.410392112388937	0.0
48.0	26.39219079461353	23.64295174970668	23.828325170742364	26.13653228493743	0.0
49.0	26.238459664479706	23.6723538784208	23.730038054755166	26.359148402344328	0.0
50.0	26.415432477311356	23.668713614865716	23.672633898694265	26.24322000912866	0.0
51.0	26.29054343534472	23.68355468935951	23.647152053808696	26.378749821487073	0.0
52.0	26.29026341507125	23.63371108068224	23.744319088702024	26.331706415544488	0.0
53.0	26.393590895980868	23.63511118204958	23.703156108502256	26.268141813467295	0.0
54.0	26.173774981308647	23.736478521044923	23.713516858620565	26.376229639025865	0.0
55.0	26.239579745573575	23.787442210816064	23.635391202323046	26.337586841287308	0.0
56.0	26.309024773393592	23.695595561118623	23.76616067003251	26.229218995455273	0.0
57.0	26.35151406537895	23.70757004687526	23.666127162450508	26.274788725295277	0.0
58.0	26.185742527679928	23.717650748492094	23.735011956832196	26.361594766995783	0.0
59.0	26.220464944360128	23.774774724320814	23.67396770815249	26.33079262316657	0.0
60.0	26.333872837549492	23.75461332108715	23.563360009856684	26.34815383150667	0.0
61.0	26.294110070060878	23.71261039768368	23.78597550389507	26.207304028360372	0.0
62.0	26.27310860835914	23.70308973504556	23.71877082644952	26.305030830145775	0.0
63.0	26.241186386572508	23.626084375472534	23.748732911810663	26.3839963261443	0.0
64.0	26.241746425551217	23.714570534109175	23.684328429258677	26.35935461108093	0.0
65.0	26.177341942999234	23.957347431381223	23.615443634876986	26.249866990742554	0.0
66.0	26.36187478648514	23.666967220918576	23.756293438023288	26.214864554572998	0.0
67.0	26.315391551251967	23.68320835130125	23.659686714195306	26.341713383251474	0.0
68.0	26.397083325166122	23.57141457049331	23.707223642539322	26.32427846180125	0.0
69.0	26.36936147334642	23.58737563669253	23.728225045433035	26.315037844528018	0.0
70.0	26.239152775405394	23.757066972073734	23.711983960528563	26.291796291992302	0.0
71.0	26.276395263203582	23.73606556918002	23.711423923118062	26.27611524449833	0.0
72.0	26.316997975464762	23.77750833755695	23.497769651012685	26.4077240359656	0.0
73.0	26.404363811502606	23.65065986407892	23.82371142392312	26.121264900495355	0.0
74.0	26.257353991246614	23.671661266972635	23.720944559096548	26.350040182684204	0.0
75.0	26.42648528921732	23.6624206496994	23.67194128567788	26.239152775405394	0.0
76.0	26.288436067529307	23.67362139790938	23.654580125952414	26.383362408608896	0.0
77.0	26.309437470423024	23.614817469806983	23.75482682243174	26.320918237338255	0.0
78.0	26.40240368056586	23.621537918732972	23.699383118792337	26.27667528190883	0.0
79.0	26.18342905306075	23.739705812348262	23.70246332455008	26.374401810040908	0.0
80.0	26.25427378548887	23.792909366345672	23.608377039586244	26.34443980857921	0.0
81.0	26.327918704969495	23.690422520224352	23.75342672890549	26.22823204590067	0.0
82.0	26.348566308243726	23.713877688172044	23.657874103942653	26.279681899641577	0.0
83.0	26.20491711469534	23.711077508960575	23.723398297491038	26.36060707885305	0.0
84.0	26.233478942652326	23.77016129032258	23.675795250896055	26.320564516129032	0.0
85.0	26.336805555555554	23.759240591397848	23.566308243727597	26.337645609318994	0.0
86.0	26.282202060931898	23.7267585125448	23.777441756272403	26.2135976702509	0.0
87.0	26.260640681003583	23.694556451612904	23.738239247311828	26.30656362007168	0.0
88.0	26.224798387096776	23.629872311827956	23.757560483870968	26.3877688172043	0.0
89.0	26.24831989247312	23.697636648745522	23.715837813620073	26.33820564516129	0.0
90.0	26.182795698924732	23.951612903225804	23.613351254480285	26.25224014336918	0.0
91.0	26.354166666666668	23.679155465949822	23.746639784946236	26.220038082437274	0.0
92.0	26.32084453405018	23.666554659498207	23.669354838709676	26.343245967741936	0.0
93.0	26.397215509589188	23.57464276813741	23.705410771139192	26.32273095113421	0.0
94.0	26.368933778747262	23.571282562492822	23.733972519118172	26.325811139641747	0.0
95.0	26.25104656404972	23.75889404431551	23.711291131017216	26.278768260617554	0.0
96.0	26.283248534810333	23.72949224492539	23.70653083968739	26.28072838057689	0.0
97.0	26.309570145692916	23.781575432416464	23.493437798393263	26.415416623497357	0.0
98.0	26.411216366441625	23.640446795343877	23.827778260029515	26.120558578184983	0.0
99.0	26.261407198120523	23.670128611871046	23.716051422347046	26.35241276766138	0.0
100.0	26.42969749748685	23.660888046348436	23.67684902316022	26.232565433004503	0.0
101.0	26.291649048921794	23.677969091708412	23.651927497962873	26.378454361406916	0.0
102.0	26.31797065980438	23.60236446470524	23.755813855807975	26.323851019682404	0.0
103.0	26.41261645212687	23.63232629836946	23.68804970864217	26.267007540861503	0.0
104.0	26.19084287958423	23.719131610854586	23.704570719728046	26.38545478983314	0.0
105.0	26.253846735420204	23.776535123949586	23.621965664298656	26.34765247633155	0.0
106.0	26.33169149951977	23.69000982860151	23.746573290285365	26.23172538159335	0.0
107.0	26.349258796713727	23.715144964465924	23.665582069992887	26.27001416882746	0.0
108.0	26.20589042400076	23.70758452293614	23.73390606011391	26.35261899294919	0.0
109.0	26.228851764943073	23.77450843129239	23.67846282222882	26.318176981535725	0.0
110.0	26.333857897301204	23.756027351997353	23.578216967870922	26.331897782830517	0.0
111.0	26.287655199063625	23.71430491540706	23.784028987292857	26.214010898236456	0.0
112.0	26.257693449297438	23.67986290399359	23.75126707399712	26.311176572711847	0.0
113.0	26.21961122529556	23.63450025481488	23.756027351997353	26.389861167892203	0.0
114.0	26.24789287694401	23.70702449023023	23.70086413046522	26.34421850236054	0.0
115.0	26.194969786235518	23.949238635536314	23.615179126460987	26.24061245176718	0.0
116.0	26.363819647067388	23.670622364346077	23.768348071527377	26.197209917059155	0.0
117.0	26.33217779918347	23.658021628463104	23.670902380699033	26.33889819165439	0.0
118.0	26.391055132574117	23.578282990919046	23.71269121670246	26.31797065980438	0.0
119.0	26.38741490979248	23.56820237398529	23.72893221065129	26.315450505570944	0.0
120.0	26.254966803968404	23.760574147137806	23.716891473758196	26.267567575135597	0.0
121.0	26.2905289803736	23.73145236488473	23.706810856824436	26.271207797917235	0.0
122.0	26.31489047129684	23.768974661249267	23.50379843246407	26.412336434989818	0.0
123.0	26.417936777730798	23.638766692521582	23.83085844853705	26.11243808121057	0.0
124.0	26.253846735420204	23.689169777190365	23.71269121670246	26.344292270686964	0.0
125.0	26.440338148694696	23.654167635059263	23.67124868041924	26.234245535826794	0.0
126.0	26.295569288840476	23.670688646145145	23.640446795343877	26.393295269670503	0.0
127.0	26.319090728352574	23.60180443043114	23.74741334169651	26.33169149951977	0.0
128.0	26.405616023700652	23.625885904217338	23.696170205616585	26.272327866465428	0.0
129.0	26.18580257111735	23.725291987869657	23.704010685453948	26.384894755559042	0.0
130.0	26.23900582715662	23.782975518101708	23.626165921354385	26.351852733387283	0.0
131.0	26.331411482382723	23.68692964009397	23.747133324559464	26.234525552963838	0.0
132.0	26.3650873655914	23.702396953405017	23.659274193548388	26.273241487455195	0.0
133.0	26.202116935483872	23.702956989247312	23.7362791218638	26.358646953405017	0.0
134.0	26.2225582437276	23.771561379928315	23.681395609318997	26.32448476702509	0.0
135.0	26.32168458781362	23.765120967741936	23.579469086021508	26.33372535842294	0.0
136.0	26.29340277777778	23.714997759856633	23.78472222222222	26.206877240143367	0.0
137.0	26.24803987455197	23.669354838709676	23.767641129032256	26.314964157706093	0.0
138.0	26.22955869175627	23.62679211469534	23.762600806451616	26.381048387096772	0.0
139.0	26.250280017921146	23.702116935483872	23.700996863799283	26.3466061827957	0.0
140.0	26.1903561827957	23.950772849462364	23.61307123655914	26.245799731182796	0.0
141.0	26.352766577060933	23.676915322580644	23.755040322580644	26.21527777777778	0.0
142.0	26.33456541218638	23.663754480286737	23.67383512544803	26.32784498207885	0.0
143.0	26.402683699271112	23.570854533082812	23.70806369865507	26.318398068991012	0.0
144.0	26.38784270789289	23.56441410286207	23.724304783559543	26.3234384056855	0.0
145.0	26.272194982624843	23.75986715912623	23.712824016644312	26.255113841604622	0.0
146.0	26.28927612364506	23.723464727443794	23.717864353338804	26.269394795572342	0.0
147.0	26.309717489128275	23.775548206620204	23.50028981935993	26.414444484891593	0.0
148.0	26.41668463453359	23.65065986407892	23.830151854143857	26.102503647243637	0.0
149.0	26.257914028657115	23.675861547551378	23.72514483967529	26.341079584116216	0.0
150.0	26.4404862244798	23.66158059358365	23.647859677026425	26.250073504910127	0.0
151.0	26.30579722725478	23.678101697193373	23.637498984932193	26.37860209061965	0.0
152.0	26.31811805028576	23.599976478428758	23.75622691595799	26.325678555327496	0.0
153.0	26.40380377409211	23.624898143195967	23.699663137497584	26.271634945214338	0.0
154.0	26.193789745154977	23.722064633917544	23.711423923118062	26.372721697809414	0.0
155.0	26.257634009951865	23.784228786482934	23.625178161901214	26.332959041663983	0.0
156.0	26.34191964023197	23.668581061214887	23.742225980695512	26.247273317857633	0.0
157.0	26.36495500086806	23.708970144322045	23.66444704551437	26.26162780929553	0.0
158.0	26.21906484691334	23.693849091896794	23.736692073768335	26.350393987421523	0.0
159.0	26.2367060747428	23.759653671895563	23.69496916985422	26.308671083507413	0.0
160.0	26.32407215542202	23.766094120150765	23.58660162747327	26.323232096953948	0.0
161.0	26.286549543848253	23.717090709513382	23.78205523104408	26.214304515594282	0.0
162.0	26.24874691278513	23.66332696755694	23.772814587895315	26.315111531762607	0.0
163.0	26.226905392615325	23.623844219557682	23.768334276065612	26.380916111761376	0.0
164.0	26.240626347593793	23.70364977402427	23.71233037819432	26.343393500187613	0.0
165.0	26.19162293695641	23.94250639844533	23.61432355691956	26.251547107678697	0.0
166.0	26.360474689038355	23.666967220918576	23.75349324312972	26.21906484691334	0.0
167.0	26.34031328580469	23.661366831131446	23.666967220918576	26.331352662145285	0.0
168.0	26.405631767739983	23.56370601231529	23.716877101902178	26.31378511804255	0.0
169.0	26.372309355197316	23.5662261947765	23.738998703506134	26.322465746520045	0.0
170.0	26.26366148909181	23.755519899640735	23.731718176395972	26.249100434871487	0.0
171.0	26.290823455618185	23.73563846022452	23.717997182996047	26.255540901161247	0.0
172.0	26.324145868160855	23.77540133905695	23.5001414102381	26.400311382544096	0.0
173.0	26.418512700319503	23.639871526698535	23.84372628578309	26.097889487198874	0.0
174.0	26.263101448544873	23.674874060882008	23.727517872293955	26.334506618279164	0.0
175.0	26.4350338964541	23.663953270216766	23.6645133107637	26.23649952256543	0.0
176.0	26.291103475891653	23.663393229669826	23.66787355404531	26.377629740393203	0.0
177.0	26.3193855235119	23.599828627592636	23.746839271163232	26.333946577732227	0.0
178.0	26.398631260903286	23.627270614392483	23.704556209869594	26.269541914834633	0.0
179.0	26.189176096349374	23.722757527645	23.726117770926617	26.361948605079004	0.0
180.0	26.256380961981645	23.78184180534671	23.622790290016997	26.338986942654646	0.0
181.0	26.338706922381185	23.67067375677999	23.7471192914367	26.243500029402128	0.0
182.0	26.35810212928012	23.70238241915792	23.6704600185934	26.269055432968557	0.0
183.0	26.209410947703265	23.705182629733756	23.726464230110103	26.358942192452872	0.0
184.0	26.235053624933496	23.760465962868587	23.698580269384784	26.305900142813137	0.0
185.0	26.328655956584683	23.752131702085357	23.592236544024374	26.326975797305586	0.0
186.0	26.29281255863056	23.709567667014834	23.775653931992753	26.221965842361854	0.0
187.0	26.237927355513303	23.671764083235093	23.762212657759957	26.32809590349165	0.0
188.0	26.232400282267548	23.62478577909204	23.758638843151093	26.384175095489322	0.0
189.0	26.25368235939828	23.70011313104159	23.703193431678933	26.3430110778812	0.0
190.0	26.196276756611447	23.940376580754283	23.61246457654267	26.250882086091604	0.0
191.0	26.357292471745243	23.677710944588192	23.76087906179643	26.204117521870135	0.0
192.0	26.331529957323834	23.661749386740148	23.67099028865217	26.33573036728385	0.0
193.0	26.416452211802067	23.573046733892085	23.71530101622203	26.29520003808382	0.0
194.0	26.364366982445038	23.588728308322153	23.748344333771108	26.298560375461694	0.0
195.0	26.262436748649563	23.77914742640161	23.72566205647047	26.232753768478357	0.0
196.0	26.28231874480198	23.737983293522667	23.736863181063377	26.24283478061197	0.0
197.0	26.340004536455456	23.768226329923525	23.504719873875338	26.387049259745677	0.0
198.0	26.419532521065115	23.63521297538273	23.839913527318142	26.105340976234015	0.0
199.0	26.269717479634956	23.671616630309682	23.73154264688175	26.327123243173617	0.0
200.0	26.441374714021286	23.67329679899862	23.670776545965214	26.21455194101488	0.0
201.0	26.3010806284951	23.669096377276276	23.653974859075852	26.37584813515277	0.0
202.0	26.33468400227383	23.590688505125915	23.7494644462304	26.325163046369855	0.0
203.0	26.40861142458703	23.62513196324911	23.701859666710536	26.26439694545332	0.0
204.0	26.184662257144936	23.727968726372563	23.728248755271544	26.359120261210954	0.0
205.0	26.253829395193584	23.782574361674126	23.6193175135674	26.34427872956489	0.0
206.0	26.338398122686264	23.683444131434364	23.755131529573852	26.223026216305524	0.0
207.0	26.363954579185396	23.708433093907956	23.66418840397082	26.26342392293583	0.0
208.0	26.210778342504305	23.714593746937176	23.74147659651923	26.333151314039288	0.0
209.0	26.22893435415488	23.7707856106727	23.70777769687873	26.292502338293687	0.0
210.0	26.310218232020993	23.767211709983563	23.603390675362718	26.31917938263273	0.0
211.0	26.288095391448262	23.721845885011636	23.800535988820965	26.18952273471914	0.0
212.0	26.245249890085887	23.69244210956687	23.768891925723263	26.29341607462398	0.0
213.0	26.235802137240405	23.623059345386118	23.770918744539284	26.370219772834197	0.0
214.0	26.22992136568318	23.716311580079307	23.701749669556644	26.35201738468087	0.0
215.0	26.17475412774156	23.949582185182695	23.62025897797791	26.255404709097835	0.0
216.0	26.34501646616036	23.685227501848242	23.759717274906468	26.21003875708493	0.0
217.0	26.330174518896882	23.65498353383964	23.672345811770505	26.342496135492976	0.0
218.0	26.41649981097467	23.5634775059858	23.714417731976084	26.305604951063444	0.0
219.0	26.356291743093575	23.56571780618603	23.75250283537994	26.325487615340453	0.0
220.0	26.24287654545709	23.766784749156386	23.737380809028412	26.252957896358115	0.0
221.0	26.27844131113569	23.746902084879373	23.7284196082275	26.24623699575743	0.0
222.0	26.339209454066847	23.769305086881644	23.495428387403912	26.3960570716476	0.0
223.0	26.407258572648733	23.656169926770186	23.829513154762736	26.10705834581834	0.0
224.0	26.26163905963399	23.681373304022742	23.741581371903838	26.315406264439435	0.0
225.0	26.419860261275012	23.67465240342206	23.706016606225234	26.199470729077696	0.0
226.0	26.293283299962194	23.669051652921492	23.66709139024629	26.37057365687002	0.0
227.0	26.33360870356628	23.59792212156429	23.75558324815525	26.31288592671418	0.0
228.0	26.408938797798903	23.629006286842436	23.697895517999413	26.264159397359244	0.0
229.0	26.18134160753191	23.737727321097527	23.71840467775992	26.362526393610647	0.0
230.0	26.241269805709422	23.781693335648317	23.629072457112134	26.347964401530128	0.0
231.0	26.34040336718063	23.679199314466217	23.74836877684867	26.232028541504476	0.0
232.0	26.358959710775625	23.71735094219153	23.66582374899536	26.25786559803749	0.0
233.0	26.208298678495517	23.715670707630785	23.743114538789616	26.332916075084086	0.0
234.0	26.23960346131227	23.77383852810216	23.70578845669159	26.28076955389398	0.0
235.0	26.317248641095077	23.76998451366466	23.606159808899182	26.306607036341077	0.0
236.0	26.278602813304246	23.742260332858194	23.789587469790444	26.189549384047112	0.0
237.0	26.233942988683427	23.681623805963252	23.783839792543553	26.300593412809764	0.0
238.0	26.221001221001224	23.62693371867684	23.789080440456587	26.362984619865355	0.0
239.0	26.226468990315947	23.718641656538274	23.722002229179854	26.332887123965925	0.0
240.0	26.169158687439264	23.940202703648833	23.648945733785528	26.241692875126375	0.0
241.0	26.331281402109436	23.678520817112993	23.780463897026287	26.20973388375128	0.0
242.0	26.315627328079227	23.655245425061754	23.690534204910183	26.338593041948837	0.0
243.0	26.408261351796458	23.576614122945585	23.735421638154136	26.279702887103824	0.0
244.0	26.356448012279525	23.584591209942385	23.76133349392326	26.29762728385483	0.0
245.0	26.247338935574227	23.765826330532214	23.76050420168067	26.226330532212884	0.0
246.0	26.269864168723227	23.750724816309837	23.749884449573795	26.229526565393137	0.0
247.0	26.32417865626821	23.79011474160728	23.51698713639012	26.36871946573439	0.0
248.0	26.399417317981904	23.646805053645963	23.853545115836063	26.10023251253607	0.0
249.0	26.23217637336471	23.696389052301313	23.760540101409084	26.310894472924893	0.0
