# Position (bp)	A	C	G	T	N
0.0	23.41268012914628	27.10517719791083	36.97317704662126	12.45883376370632	0.05013186261531531
1.0	23.479385076659113	26.71230568745638	18.574783466800536	31.23091258557316	0.0026131835108120466
2.0	25.77128455161553	25.02157595596098	20.39156491869905	28.81557457372444	0.0
3.0	20.815175719399107	29.03631981240093	15.594791512655028	34.55371295554494	0.0
4.0	34.26509179131985	16.450850245638744	16.731904429199375	32.54754608820989	0.0046074456321415404
5.0	34.9276699803599	16.044776119402986	27.730633599419047	21.296713997282296	2.0630353576753168E-4
6.0	29.598485458017603	21.387954219901538	24.025199271886557	24.988361050194303	0.0
7.0	30.282312440988633	21.80626873492696	24.56564539609908	23.345773427985332	0.0
8.0	17.27866568466251	34.43609374151148	24.782951637670724	23.50228893615529	0.0
9.0	25.685804057162542	25.25325460795822	18.693700663402947	30.367240671476285	0.0
10.0	24.276889412441058	19.57275942479863	31.491731703811592	24.65861945894872	0.0
11.0	25.10911730342209	23.688168294056606	22.55205550386509	28.650246291868413	4.12606787794266E-4
12.0	22.778164023576352	24.228545650471162	26.868266343182945	26.12502398276954	0.0
13.0	22.09695021692802	28.814051186622734	22.76248496564017	26.326513630809075	0.0
14.0	27.131784544987546	24.42308975091616	25.01518049140093	23.429945212695362	0.0
15.0	27.030764649775918	23.69882730274129	24.440763074993345	24.829644972489444	0.0
16.0	26.604129231196648	23.6931883433081	23.075722285373985	26.626960140121263	0.0
17.0	26.72598576919189	23.323286358050545	23.544856203096064	26.405871669661508	0.0
18.0	26.593814061501792	23.60076442284219	23.837463183440164	25.967889564417888	6.8767797965711E-5
19.0	26.354845963570945	23.801703928497993	23.873359973978264	25.970090133952795	0.0
20.0	26.04133357264527	24.000993007002624	23.789463260460096	26.168072624296073	1.37535595931422E-4
21.0	25.890869630696294	24.061371133616518	24.07629374577508	25.97146548991211	0.0
22.0	26.08472605316163	23.97493001157362	23.9573254552944	25.983018479970347	0.0
23.0	26.036107219999877	23.9021736813259	24.05490696060774	26.002686070188542	0.00412606787794266
24.0	25.862674833530352	24.1322019655212	24.03517060259158	25.969952598356862	0.0
25.0	26.07179770714408	23.930506014087772	23.859125039799363	26.138571238968783	0.0
26.0	26.145929393351118	23.913451600192275	23.94893578394258	25.991683222514027	0.0
27.0	25.937631733312976	24.032694961864816	24.100087403871214	25.926972724628293	0.002613176322697018
28.0	26.117597060589244	23.995491583165368	23.91070088827365	25.976210467971743	0.0
29.0	26.015339345014233	24.005050307082602	24.018666331079814	25.960944016823355	0.0
30.0	25.91438821760057	24.141073011458776	24.072236445695104	25.872302325245556	0.0
31.0	26.10116155687544	24.01261476485883	24.00106177480059	25.885161903465143	0.0
32.0	26.023522712972152	23.93243151243081	24.081313795026578	25.962663211772497	6.8767797965711E-5
33.0	25.927247795820158	24.120442672069064	24.101187688638664	25.851121843472114	0.0
34.0	26.161677219085266	23.96647157242384	23.896122115104916	25.97572909338598	0.0
35.0	26.0242935147572	23.917084998403734	24.02868599799641	26.02966027059458	2.752182480707201E-4
36.0	25.979968275299896	24.062923409083396	24.06836232251242	25.888539452087993	2.065410162919554E-4
37.0	26.173767539777725	23.896463903655825	23.996902789900172	25.932865766666275	0.0
38.0	26.113676675469783	23.91055429287968	23.95405284488113	26.01882087902922	0.002895307740191628
39.0	26.066231707502148	24.090566058560828	24.05421215503457	25.785678907423787	0.0033111714786726067
40.0	26.19187326815785	24.007353296488613	23.905945180249645	25.894759223030206	6.903207368207415E-5
41.0	26.050070146281417	24.003359837644688	24.036585205800417	25.909984810273478	0.0
42.0	25.987930402803794	24.0957825536945	24.136913197060714	25.77937384644099	0.0
43.0	26.056890490164747	24.11764950045451	23.930172935025187	25.895287074355554	0.0
44.0	25.998463050913166	24.041622242837956	23.98976751914263	25.970147187106242	0.0
45.0	25.871435163948853	24.15579610225652	24.09419662221434	25.87843353007288	1.3858150740648866E-4
46.0	26.160040275660823	23.98530715045539	23.90126083344544	25.95339174043834	0.0
47.0	26.117513647511803	23.9416151602932	23.97978516533164	25.961086026863356	0.0
48.0	25.943382138960253	24.072071471385122	23.981919623168054	26.00262676648657	0.0
49.0	26.17907314597916	23.985249855765556	23.83482896922767	26.000639497299517	2.0853172810243078E-4
50.0	26.097599659419597	23.985945493222477	23.95505952505172	25.961395322306206	0.0
51.0	25.931781443316194	24.13679076495953	24.034036877228594	25.897390914495677	0.0
52.0	26.048032059459373	24.118863009489782	23.931171372775516	25.901863888031556	6.967024376921592E-5
53.0	25.975311809723557	24.03389187621321	24.015066154978914	25.975730159084314	0.0
54.0	25.91992742878077	24.12483645308166	24.117649111177013	25.837098546831115	4.884601294419343E-4
55.0	26.00714309658964	24.10962711750771	23.92141196978501	25.961817816117644	0.0
56.0	26.068604570702465	23.98028686235821	23.956033356608312	25.995005315501764	6.989482925042688E-5
57.0	25.85505928439019	24.153055157217306	24.088979049351195	25.90290650904131	0.0
58.0	26.12950563037518	24.058686964582265	23.85285131384756	25.958956091194995	0.0
59.0	26.086325863773673	23.997866974614617	23.917072681929056	25.99866440657538	7.007310727281772E-5
60.0	25.930121075122965	24.07924203031402	24.02692085686091	25.963645902080856	7.01356212508127E-5
61.0	26.129417900944674	23.995431433952703	23.88290206434883	25.98965122915346	0.002597371600338922
62.0	26.055472606228815	23.999156844490503	23.974002705123926	25.971367844156756	0.0
63.0	25.92249281057979	24.142878342139742	24.030210685704358	25.904207173455447	2.109881206655128E-4
64.0	26.076696995829007	24.0332975484416	23.94523151651678	25.944210767145947	5.631720666654934E-4
65.0	25.95814813457761	24.063201981967257	24.048757183644824	25.929892699810313	0.0
66.0	25.97000756088203	24.11138476990092	24.06920746157492	25.84940020764213	0.0
67.0	26.076899940268326	24.084502666743862	23.93503227346092	25.903141490637093	4.2362888979576854E-4
68.0	26.062145550975636	24.030937074166424	23.88802662007588	26.01889075478206	0.0
69.0	25.975964715421156	24.057853917655166	24.035143078288012	25.931038288635666	0.0
70.0	26.140111291181707	24.06105148633793	23.828580980767704	25.969902081893082	3.5415981957682155E-4
71.0	26.083210354738583	24.007454594837238	23.849455762099712	26.05952471284705	3.545754774181516E-4
72.0	25.93079091933465	24.12114748732426	24.032181221372635	25.915880371968452	0.0
73.0	26.112020269088642	24.045585544340764	23.90120241079312	25.94083632739355	3.554483839183777E-4
74.0	26.040648629872255	24.056833768842502	23.98209370411049	25.920423897174754	0.0
75.0	25.89786684457217	24.216246421932556	24.024014392099172	25.86180106515219	7.127624391300877E-5
76.0	26.06003113550368	24.08825866023114	23.928084267148616	25.92362593711656	0.0
77.0	26.062400716059724	24.0911632110017	23.970056464054746	25.87294801274838	0.0034315961354508184
78.0	25.953946473301816	24.17151343896218	24.068324093315823	25.806215994420185	0.0
79.0	26.087770610985206	24.111342830230235	23.857169195848567	25.943573883605264	1.4347933072631392E-4
80.0	25.985780832159183	24.06497110159013	23.891580642378585	26.05716421773011	5.03206141990396E-4
81.0	25.984279196626748	24.136929911958603	24.04709469150931	25.83169619990534	0.0
82.0	26.12442478847526	24.10342108227872	23.751000210874786	26.021153918371237	0.0
83.0	26.07492069010473	24.011559688844468	23.79267886373184	26.120840757318962	0.0
84.0	25.93251231455494	24.163925657733134	23.968433460706066	25.93483787228909	2.9069471676887004E-4
85.0	26.09119180663041	24.170834324474598	23.718727972949505	26.01924589594549	0.0
86.0	26.04705853030244	24.14364896040043	23.852547885796895	25.95674462350023	0.0
87.0	25.964848397288005	24.324101197224316	23.823672932646733	25.88737747284095	0.0
88.0	26.095424576374427	24.219156225208653	23.683291785392754	26.00212741302417	0.0
89.0	25.94297972342268	24.47225320531688	23.599511031977865	25.98525603928257	0.0
90.0	26.449734800452678	23.49845243451821	23.50663339741754	26.543134126886734	0.002045240724833313
91.0	26.713021926956042	23.558569412412652	23.289387628653056	26.438332587518502	6.884444597432103E-4
92.0	26.746440409431095	23.37968271175134	23.418596732612034	26.454585252975882	6.948932296552635E-4
93.0	26.35987372851631	23.535601543318137	23.452122062434235	26.65029814100316	0.002104524728165556
94.0	26.701196009522732	23.494360049880967	23.32643691191475	26.477298492234443	7.085364471148397E-4
95.0	26.818920059813834	23.345997266879877	23.417544914035503	26.414675853384562	0.0028619058862249316
96.0	26.390755755972773	23.69596323114946	23.362817788954892	26.548295249244823	0.0021679746780557604
97.0	26.442799147171353	23.80107479774526	23.42066065013581	26.333274920412396	0.0021904845351791817
98.0	26.888920058171724	23.273119200360252	23.490155838211738	26.34706668339965	7.382198566377038E-4
99.0	26.453755176659328	23.565272544118194	23.43469014662538	26.542551206954446	0.003730925642651942
100.0	26.599075142764462	23.510685646607975	23.491826404447764	26.396904066806982	0.0015087393728170427
101.0	26.6956720861003	23.37302495992672	23.554690481642623	26.37203266926189	0.004579803068468055
102.0	26.531905357998365	23.72309023753226	23.246325745282583	26.495587803483396	0.0030908557034014864
103.0	26.52687726323528	23.37887829562252	23.33273371448236	26.761510726659836	0.0
104.0	26.721128499845637	23.411463899245607	23.320430311809826	26.546977289098926	0.0
105.0	26.693527069999917	23.254007032833236	23.602444670506156	26.445215190278994	0.004806036381695409
106.0	26.640241233403046	23.358948170484574	23.504855470713164	26.494333933174456	0.00162119222476209
107.0	26.879020611789418	23.576375213338586	23.133287383484312	26.40967572535119	0.0016410660364973087
108.0	26.410544260113927	23.627292004490457	23.446842127146482	26.513658475739057	0.001663132510082741
109.0	26.74290147662779	23.497862220760492	23.40594192998878	26.35245106720301	8.433054199239339E-4
110.0	26.91721990281295	23.286393812880707	23.341147080966394	26.45352816371227	0.001711039627677777
111.0	26.645732675242662	23.548138060251727	23.14478283875333	26.66047899516841	8.674305838675259E-4
112.0	26.55987473499943	23.47663156783575	23.572515592149827	26.389218765119328	0.0017593398956711444
113.0	26.89642238376766	23.34023969850144	23.395609695107794	26.366835158161717	8.930644613928233E-4
114.0	26.408820758135825	23.606581140827714	23.444408204682176	26.5392839022976	9.059940566789881E-4
115.0	26.875183931724543	23.4329017068864	23.330819599764567	26.360175103001765	9.196586227192466E-4
116.0	26.782712636808487	23.19861043666654	23.52078741922229	26.49695566097643	9.338463262485525E-4
117.0	26.532429999526226	23.300326905765857	23.53247737717345	26.633818164589947	9.475529445207751E-4
118.0	26.76027871881737	23.42835694487219	23.324414844471818	26.48694949183862	0.0
119.0	26.61662817551963	23.119152933808277	23.64269777273261	26.620542529455516	9.785884839707208E-4
120.0	26.76751068727392	23.57876695265712	23.284804639622134	26.366924755612686	0.001992964834135502
121.0	26.851222998246342	23.383442641230197	23.40371613060182	26.360604555453058	0.00101367446858116
122.0	26.784552971416186	23.495710879192345	23.231447358913215	26.486224231726073	0.00206455875218069
123.0	26.480957241930902	23.566925902150007	23.210170169327426	26.74089430979868	0.001052376792986961
124.0	26.869196500456226	23.315978745102246	23.282700874885943	26.529976920186787	0.0021469593687939454
125.0	26.776135741652986	23.309250136836344	23.33223864258347	26.58128078817734	0.0010946907498631637
126.0	26.77046710195882	23.079412913667056	23.244600703164238	26.90440314749707	0.0011161337128187958
127.0	26.865212687204604	23.361995330562042	23.318717612892204	26.45293548203405	0.0011388873071009624
128.0	27.02690134622986	23.332325792276034	23.196307749540793	26.443302564579508	0.0011625473738054825
129.0	27.036825713810238	23.11532700948577	23.198535530038274	26.648123053514965	0.0011886931507500654
130.0	26.91075070408857	23.578469457123433	23.226425172380306	26.281926774788772	0.0024278916189181313
131.0	27.057494382161966	23.26343625460911	23.331719368815723	26.3473499944132	0.0
132.0	26.5441279284089	23.45523649722254	23.50989589291843	26.489468532713012	0.0012711487371137298
133.0	26.72073737518389	23.589756942184266	23.132803041151888	26.555400778514056	0.001301862965904209
134.0	27.16798545765612	23.40943113772455	22.97636869118905	26.44220487596236	0.0040098374679213
135.0	26.932216193942725	23.48465077947943	23.164617814710528	26.415768147792047	0.002747064075269556
136.0	26.895948538539667	23.273332580972802	23.106872813452206	26.718203363051572	0.005642703983749013
137.0	27.03717666164018	23.341259714650274	23.23396357731122	26.38615009859645	0.0014499478018791324
138.0	27.03899123591486	23.32319799678054	23.087700470995053	26.550110296309544	0.0
139.0	27.042123839484383	23.351492365533648	23.20724315199877	26.397606076881765	0.0015345661014348193
140.0	27.412950277641553	22.72705699957286	23.065605669899224	26.794387052886364	0.0
141.0	26.90074737926636	23.32248515871588	23.026477177948223	26.75029028406954	0.0
142.0	27.397376073578144	23.46655846351525	22.827483600459864	26.306891188205856	0.001690674240887266
143.0	27.137598597721297	23.190184049079754	23.120070113935146	26.552147239263803	0.0
144.0	27.16882927805784	23.447196491291926	22.932173469944857	26.44816102203862	0.0036397386667637263
145.0	27.099157117151247	23.242731319253718	22.913154654796855	26.744956908798184	0.0
146.0	27.12840436231684	23.19206421204173	22.973159524326032	26.704399787011656	0.0019721143037450452
147.0	26.908091703235858	23.227248492802364	23.368740515933233	26.49386867899766	0.002050609030882172
148.0	27.117303870237002	22.759814502169128	23.5099266984378	26.610817857371828	0.0021370717842412327
149.0	27.15474805334288	22.905665443479815	23.259196276738567	26.678152689519376	0.0022375369193591696
150.0	27.149353084567785	23.2748921807613	22.44515282205138	27.13060191261954	0.0
151.0	27.525857174594552	23.15914196144257	22.660511959714647	26.65448890424823	0.0
152.0	27.5517115615068	23.21940290730996	22.951075913093316	26.277809618089933	0.0
153.0	27.449951677481703	23.164434626535964	23.092641170785587	26.29021123843711	0.0027612867596299878
154.0	27.953474676089517	23.044758539458186	23.209658421672554	25.789163722025915	0.002944640753828033
155.0	28.267027571446558	22.759033110915272	22.976205463930505	25.991439002895632	0.006294850812035755
156.0	27.529077630511225	23.461590478766567	21.63240465242088	27.37354611847444	0.0033811198268866647
157.0	28.16561115788703	22.806311088333274	22.35970274920379	26.661053556393455	0.007321448182450489
158.0	28.06542762765153	22.668842281211447	21.932582480996537	27.329167827436624	0.003979782703864369
159.0	28.10414758602643	21.566575079593527	22.521697413755508	27.807579920624537	0.0
160.0	27.877446972247604	21.908518108797075	22.149006781780578	28.065028137174743	0.0
161.0	28.79676985195155	21.507402422611037	20.43606998654105	29.259757738896365	0.0
162.0	29.300184162062614	21.663597298956418	20.356046654389196	28.67403314917127	0.006138735420503376
163.0	29.97202897511296	21.86760381553468	20.196514379975618	27.956680771713405	0.0071720576633436135
164.0	32.31035977459904	20.762895535327264	21.785869094061553	25.140875596012137	0.0
165.0	31.030737482350386	21.62485065710872	24.198979037688716	23.14543282285218	0.0
166.0	26.946883546854757	26.42867424787678	23.233050237512597	23.391391967755865	0.0
167.0	25.672789406236653	28.83383169585647	24.861170439982914	20.632208457923966	0.0
168.0	12.5	42.42294520547945	21.53253424657534	23.544520547945204	0.0
