# Position (bp)	A	C	G	T	N
0.0	26.21675985176416	23.743824675488625	23.79376029220752	26.245655180539696	0.0
1.0	26.113241635082858	23.78646632572049	23.90288925234038	26.197402786856273	0.0
2.0	26.259461036520023	23.769153514259582	23.78935202069225	26.182033428528147	0.0
3.0	26.131499071461032	23.862609895812877	23.779013336175993	26.226877696550098	0.0
4.0	26.264453907394003	23.802029858785115	23.77734390341059	26.156172330410293	0.0
5.0	26.23804314286516	23.832085051474095	23.857611714213583	26.072260091447163	0.0
6.0	26.32052846383641	23.847912371495493	23.6352926326419	26.196266532026197	0.0
7.0	26.212154361399552	23.80018736992096	23.80018736992096	26.187470898758537	0.0
8.0	26.386500882121126	23.81951437058063	23.668894641920527	26.125090105377712	0.0
9.0	26.1636239717056	23.887843337437626	23.75938542142891	26.18914726942786	0.0
10.0	26.294562598689105	23.796729201315948	23.671641204995666	26.237066994999285	0.0
11.0	26.204813363661096	23.749891319285705	23.80037526398896	26.244920053064234	0.0
12.0	26.21967808071261	23.778218421591422	23.795887802237562	26.206215695458408	0.0
13.0	26.097114281627494	23.815520447399937	23.80317992758359	26.284185343388987	0.0
14.0	26.156573149833545	23.924621861230854	23.74792805476947	26.17087693416613	0.0
15.0	26.219117147993682	23.819446976432413	23.72184468333946	26.239591192234446	0.0
16.0	26.226970206058635	23.709223697163644	23.835433558921775	26.228372537855947	0.0
17.0	26.22360460974508	23.683981724812018	23.685103590249867	26.40731007519303	0.0
18.0	26.132453042919767	23.741477328501833	23.874418382887065	26.25165124569134	0.0
19.0	26.27324715536995	23.71904001974483	23.809069721132296	26.19864310375292	0.0
20.0	26.115832281587437	23.79610152853737	23.799747580984434	26.28831860889076	0.0
21.0	26.25466274014865	23.641004066750806	23.76188472864956	26.34244846445099	0.0
22.0	26.13854999298836	23.68111064366849	23.832562053007994	26.347777310335157	0.0
23.0	26.226335717290706	23.863693731594445	23.646052447062125	26.263918104052724	0.0
24.0	26.25858925816856	23.7142055812649	23.782078249894827	26.24512691067172	0.0
25.0	26.24372458280746	23.72346094516898	23.75964100406675	26.273173467956806	0.0
26.0	26.134062543822743	23.770579161407937	23.892301220025242	26.203057074744073	0.0
27.0	26.26784462207264	23.778993128593466	23.775347076146403	26.17781517318749	0.0
28.0	26.127611835647173	23.872668629925677	23.775347076146403	26.224372458280747	0.0
29.0	26.263918104052724	23.792175010517457	23.784882905623334	26.159023979806477	0.0
30.0	26.224372458280747	23.83087925957089	23.862291403730193	26.082456878418174	0.0
31.0	26.319450287477213	23.832842518580843	23.64240639461506	26.20530079932688	0.0
32.0	26.20670312719114	23.77731033515636	23.815173187491233	26.20081335016127	0.0
33.0	26.374421539755993	23.80114990884869	23.682232505959895	26.142196045435423	0.0
34.0	26.157548289024575	23.88297887258765	23.759574366640397	26.199898471747378	0.0
35.0	26.30507276658879	23.786218521333556	23.670106099828637	26.238602612249018	0.0
36.0	26.211397527983376	23.74723391604567	23.793791070562136	26.24757748540882	0.0
37.0	26.226542626440537	23.787059915692286	23.790705957913456	26.19569149995372	0.0
38.0	26.121368331599125	23.811740816881734	23.800522225431987	26.26636862608715	0.0
39.0	26.162035725604472	23.925889984882946	23.743026944252012	26.169047345260566	0.0
40.0	26.231871457379167	23.81819150696534	23.716943719131343	26.232993316524144	0.0
41.0	26.23411517566912	23.710212564261493	23.83277567585002	26.22289658421937	0.0
42.0	26.228225415158	23.686653522217018	23.674313071622294	26.410807991002688	0.0
43.0	26.13679389484253	23.745270662541966	23.876247717717803	26.2416877248977	0.0
44.0	26.273941175315734	23.7346130006647	23.812301746454224	26.17914407756534	0.0
45.0	26.13251363055038	23.796809441540084	23.80157732953398	26.26909959837555	0.0
46.0	26.259844286387402	23.64479795373466	23.76175144158496	26.333606318292986	0.0
47.0	26.144854046534586	23.679014561690863	23.836915793488746	26.339215598285804	0.0
48.0	26.237687630415763	23.87590028943885	23.616751553770555	26.26966052637483	0.0
49.0	26.274428414368735	23.700890753662858	23.77605510556665	26.24862572640176	0.0
50.0	26.244138302407507	23.728095761628037	23.77072628957347	26.25703964639099	0.0
51.0	26.13223316655074	23.76988489757455	23.889643025421258	26.208238910453453	0.0
52.0	26.262648926383807	23.774372321568805	23.78166438555947	26.181314366487918	0.0
53.0	26.117929502569048	23.870291009446028	23.780822993560548	26.230956494424372	0.0
54.0	26.274708878368376	23.802699185532543	23.785029953555163	26.13756198254392	0.0
55.0	26.23460252641971	23.82120980950885	23.86524265745249	26.078945006618948	0.0
56.0	26.306120846328163	23.83298929749377	23.642834705737172	26.21805515044089	0.0
57.0	26.202910094460275	23.76511700958065	23.81840516951244	26.213567726446634	0.0
58.0	26.364176894253855	23.807467073526443	23.68434337768404	26.144012654535665	0.0
59.0	26.149268131245567	23.8721873045522	23.761965261826433	26.216579302375802	0.0
60.0	26.292023906684282	23.780475833887248	23.67950907719189	26.24799118223658	0.0
61.0	26.222469029849698	23.7269073601961	23.79758408988285	26.253039520071347	0.0
62.0	26.22583458840621	23.780475833887248	23.785243708508975	26.208445869197565	0.0
63.0	26.11421022961523	23.818057904434966	23.80179103807849	26.265940827871315	0.0
64.0	26.1632912918977	23.91678095542598	23.73756496229172	26.1823627903846	0.0
65.0	26.22891968374968	23.83460523400448	23.707274935283113	26.22920014696272	0.0
66.0	26.23649219050183	23.7078358617092	23.82927643295667	26.226395514832294	0.0
67.0	26.23733358014096	23.665485916539758	23.675863055422337	26.421317447896946	0.0
68.0	26.14506118304993	23.74065005763519	23.87050452527394	26.24378423404094	0.0
69.0	26.277439819606062	23.730553381965656	23.826752264039285	26.165254534389	0.0
70.0	26.14526831840338	23.79499318476304	23.80452890726229	26.255209589571287	0.0
71.0	26.27007409817307	23.660932144920547	23.761618156015636	26.307375600890747	0.0
72.0	26.164339763401895	23.67299202925784	23.83594069902455	26.326727508315713	0.0
73.0	26.24763710405717	23.862304167110732	23.63597098896661	26.25408773986549	0.0
74.0	26.259136063541565	23.709732607122625	23.776202202190973	26.254929127144838	0.0
75.0	26.24567386707203	23.72179249145992	23.773678040352934	26.258855601115116	0.0
76.0	26.124794561272623	23.765264167559472	23.903251681372247	26.206689589795655	0.0
77.0	26.266147624202784	23.76105723116274	23.76133769358919	26.211457451045284	0.0
78.0	26.11497837634692	23.874644513874475	23.771995265794242	26.23838184398436	0.0
79.0	26.288023693465785	23.796395496895283	23.770592953662	26.144987855976936	0.0
80.0	26.234455370014082	23.821637115275667	23.85585353130241	26.088053983407843	0.0
81.0	26.29307201714186	23.83594069902455	23.65139642242129	26.219590861412296	0.0
82.0	26.20164126611958	23.779006826455458	23.81630832917314	26.203043578251823	0.0
83.0	26.361785311621798	23.81883249101118	23.684771451168686	26.134610746198334	0.0
84.0	26.143512221115955	23.86448093562003	23.773330902665787	26.218675940598224	0.0
85.0	26.29440058336021	23.76828259314832	23.672645173956333	26.26467164953514	0.0
86.0	26.215029939280054	23.729017963568033	23.807547222728612	26.248404874423304	0.0
87.0	26.23157717603175	23.769965362987477	23.795767833854526	26.20268962712625	0.0
88.0	26.112100517451726	23.816802456843966	23.801657528291567	26.26943949741274	0.0
89.0	26.155291609990044	23.927023881308635	23.745845661959585	26.171838846741736	0.0
90.0	26.226528866514283	23.81876568832298	23.702654569421266	26.252050875741475	0.0
91.0	26.23634502390935	23.704617800900284	23.828020922438334	26.23101625275203	0.0
92.0	26.233540407510763	23.667877326078727	23.675169328715064	26.423412937695446	0.0
93.0	26.139866219797785	23.739675505882683	23.88215001893116	26.23830825538837	0.0
94.0	26.276731500049085	23.734627196365217	23.8117541473265	26.176887156259205	0.0
95.0	26.142317055385412	23.79401833092137	23.811967825530914	26.25169678816231	0.0
96.0	26.277499186663526	23.648739608925386	23.771861923512716	26.301899280898372	0.0
97.0	26.172326366685738	23.667250025241476	23.827954094167538	26.33246951390525	0.0
98.0	26.239917432324795	23.857122022908044	23.638923479060793	26.26403706570637	0.0
99.0	26.267122135092386	23.705392701286755	23.780275749110938	26.24720941450992	0.0
100.0	26.25758646608106	23.70427085787366	23.776349297165105	26.261793378880178	0.0
101.0	26.13895152514612	23.78111713167076	23.88965548188784	26.19027586129528	0.0
102.0	26.282827942875738	23.759521645968658	23.75839980255556	26.19925060860005	0.0
103.0	26.11847788285711	23.867499074479184	23.773264227779087	26.240758814884618	0.0
104.0	26.29797282895254	23.79345740921482	23.765691784740685	26.142877977091956	0.0
105.0	26.23739328464533	23.81785750344967	23.86721861362591	26.077530598279093	0.0
106.0	26.289278542501037	23.828795476727358	23.663043112442363	26.218882868329242	0.0
107.0	26.189714939588733	23.781958514230585	23.81729658174312	26.211029964437564	0.0
108.0	26.371173111657075	23.804395382492512	23.69641795398198	26.128013551868428	0.0
109.0	26.145609257425882	23.86238385447488	23.774599853599845	26.21740703449939	0.0
110.0	26.28976573170629	23.772075712999605	23.683450331924487	26.254708223369615	0.0
111.0	26.22021163516633	23.740664185529944	23.805170000869428	26.233954178434303	0.0
112.0	26.23451509856769	23.776282614000007	23.784415955934115	26.20478633149819	0.0
113.0	26.115880490356382	23.80937690186983	23.803206780402572	26.271535827371217	0.0
114.0	26.17169204362837	23.923804609080737	23.749077987530747	26.155425359760148	0.0
115.0	26.237600159301316	23.805170000869428	23.708691737926895	26.248538101902362	0.0
116.0	26.227784056967046	23.70672851746004	23.835740148139006	26.2297472774339	0.0
117.0	26.243209360635184	23.666903187989575	23.669988248723207	26.41989920265203	0.0
118.0	26.157388580227003	23.73225038352914	23.885942500077125	26.224418536166727	0.0
119.0	26.28555883070589	23.72888486272882	23.817229783737243	26.168326522828046	0.0
120.0	26.142036594532136	23.792896487508276	23.819540268569313	26.24552664939028	0.0
121.0	26.27974287348972	23.65322698257777	23.773264227779087	26.293765916153422	0.0
122.0	26.161668854261322	23.6843581372912	23.835806998059212	26.31816601038827	0.0
123.0	26.253940474988504	23.859085248880962	23.630790114315843	26.256184161814694	0.0
124.0	26.269085361065304	23.714928370298075	23.774666532045458	26.24131973659117	0.0
125.0	26.255623240108143	23.711562840058782	23.778592983991295	26.254220935841776	0.0
126.0	26.13895152514612	23.787287270442793	23.896386542366415	26.177374662044674	0.0
127.0	26.281425638609363	23.75783888084901	23.762887176207943	26.197848304333682	0.0
128.0	26.110624978965436	23.87619336093068	23.772422845219264	26.240758814884618	0.0
129.0	26.29096130762068	23.793737870068096	23.76653316730051	26.14876765501071	0.0
130.0	26.24720941450992	23.816735660036574	23.860768014000605	26.0752869114529	0.0
131.0	26.302740663458195	23.823466720515153	23.66556726012183	26.208225355904823	0.0
132.0	26.194763234947665	23.76597224559396	23.81869888600949	26.220565633448885	0.0
133.0	26.365844355444867	23.808041373585077	23.70511224043348	26.121002030536577	0.0
134.0	26.1569743798292	23.872053399896227	23.759307820672827	26.21166439960174	0.0
135.0	26.300009816157395	23.7615515137917	23.68077856151225	26.257660108538655	0.0
136.0	26.23101625275203	23.72957888684775	23.80838860764819	26.23101625275203	0.0
137.0	26.221480556996816	23.778098750543393	23.79324367909579	26.207177013363996	0.0
138.0	26.13593975683976	23.796048295494383	23.80081614337199	26.26719580429387	0.0
139.0	26.165668690664834	23.915805415714267	23.756503204274235	26.162022689346664	0.0
140.0	26.236905947189072	23.821570304721572	23.704056877620562	26.23746687046879	0.0
141.0	26.244197949825416	23.695643028424787	23.836995694913828	26.223163326835973	0.0
142.0	26.243917488185552	23.660865785082244	23.683302716270983	26.411914010461217	0.0
143.0	26.159498534587932	23.735468581284795	23.892246637966092	26.21278624616118	0.0
144.0	26.293839660080494	23.746687046879163	23.809790915847483	26.14968237719286	0.0
145.0	26.14554878082983	23.792469022924998	23.814906017040897	26.24707617920427	0.0
146.0	26.27904889581943	23.65083549756839	23.777043589470317	26.29307201714186	0.0
147.0	26.17696057259209	23.672150641978497	23.832575149907168	26.31831363552225	0.0
148.0	26.262221150232502	23.84351318453867	23.62419156705576	26.27007409817307	0.0
149.0	26.271195947878862	23.708891219843277	23.786579311969575	26.233333520308282	0.0
150.0	26.264184387217643	23.712537231387113	23.770592953662	26.252685427733248	0.0
151.0	26.142744156565346	23.785737924690228	23.90044705710776	26.171070861636665	0.0
152.0	26.28718230618644	23.757691682045355	23.75208243351638	26.203043578251823	0.0
153.0	26.129001497669357	23.86763295321326	23.771434340941344	26.23193120817604	0.0
154.0	26.312423924566826	23.777324051896766	23.757411219618906	26.1528408039175	0.0
155.0	26.249880803468763	23.795554109615935	23.868474340492604	26.086090746422702	0.0
156.0	26.30961930030234	23.814625554614448	23.674955266242982	26.20079987884023	0.0
157.0	26.199117104281537	23.76834925425041	23.817430178878933	26.215103462589116	0.0
158.0	26.37356473353265	23.797517346601076	23.694307173667944	26.134610746198334	0.0
159.0	26.153194616228166	23.875272399895668	23.783000002804634	26.18853298107154	0.0
160.0	26.306888456975543	23.764489430743815	23.6828746357484	26.245747476532237	0.0
161.0	26.23424848479749	23.724102728065674	23.80796122876543	26.233687558371404	0.0
162.0	26.229480610175766	23.779914907461162	23.789731119917658	26.200873362445414	0.0
163.0	26.141134698067326	23.80066918522632	23.798145016308936	26.26005110039742	0.0
164.0	26.175070746845492	23.913134933656426	23.744576542617786	26.167217776880296	0.0
165.0	26.240699138697472	23.813570493026283	23.706433545643986	26.23929682263226	0.0
166.0	26.258368321119157	23.69100806892664	23.8320810650871	26.218542544867102	0.0
167.0	26.245747476532237	23.663242210835417	23.67950907719189	26.411501235440454	0.0
168.0	26.157121101210763	23.728870602687397	23.891539266252142	26.222469029849698	0.0
169.0	26.296791781306005	23.74822256438734	23.80796122876543	26.147024425541225	0.0
170.0	26.160279566514845	23.799614081536493	23.81363728151854	26.22646907043012	0.0
171.0	26.276672126365856	23.64563934573358	23.791200161547263	26.286488366353293	0.0
172.0	26.17542462249546	23.67284435369876	23.839720433485155	26.31201059032063	0.0
173.0	26.263490318382733	23.84280553748121	23.629933361753686	26.263770782382373	0.0
174.0	26.25675918239135	23.708463281653167	23.80045547353542	26.23432206242007	0.0
175.0	26.270782382373397	23.71098745764994	23.768482577576343	26.249747582400325	0.0
176.0	26.142329870537818	23.785029953555163	23.908995041396487	26.16364513451053	0.0
177.0	26.27751351836478	23.772409073571314	23.763153761583165	26.186923646480736	0.0
178.0	26.125221566559713	23.867205905449975	23.782505777558395	26.225066750431914	0.0
179.0	26.303596670331398	23.769604433574905	23.76511700958065	26.16168188651305	0.0
180.0	26.24021180641253	23.799614081536493	23.87618075343849	26.08399335861249	0.0
181.0	26.311449662321344	23.802979649532187	23.68686755368081	26.19870313446566	0.0
182.0	26.200666382463144	23.764556081581368	23.815880993515673	26.21889654243981	0.0
183.0	26.37090803024524	23.802699185532543	23.699488433664655	26.126904350557563	0.0
184.0	26.150536669368478	23.883259337373897	23.77864597210497	26.18755802115265	0.0
185.0	26.30507276658879	23.75761111313669	23.67795911384346	26.259357006431056	0.0
186.0	26.23132434153141	23.722819151472315	23.80808140301279	26.237775103983484	0.0
187.0	26.22936106600252	23.769657296233035	23.798265025368327	26.20271661239612	0.0
188.0	26.13624571234648	23.800508768829918	23.793497070512444	26.269748448311166	0.0
189.0	26.163170633885574	23.92419512715014	23.7531096882038	26.159524550760487	0.0
190.0	26.239177443646984	23.815373569262956	23.698418441327508	26.247030545762552	0.0
191.0	26.261334410330196	23.68635832022146	23.822104799647732	26.230202469800616	0.0
192.0	26.258529731003204	23.648495149307102	23.678785686038587	26.414189433651103	0.0
193.0	26.148025365519835	23.729550381857088	23.890538975226267	26.23188527739681	0.0
194.0	26.288539799801992	23.75591436753079	23.806118127483895	26.149427705183324	0.0
195.0	26.14950104614832	23.809830989549734	23.818805988568094	26.221861975733844	0.0
196.0	26.26841978314159	23.655012256483037	23.787113023284512	26.289454937090866	0.0
197.0	26.16135410677474	23.690417759329115	23.84074941451991	26.30747871937624	0.0
198.0	26.262884067929715	23.834298615882986	23.635165266656383	26.267652049530916	0.0
199.0	26.25839655583447	23.70107560055533	23.804288378746023	26.23623946486418	0.0
200.0	26.266249702001147	23.70977015523987	23.767546873466184	26.256433269292796	0.0
201.0	26.142562649875895	23.791947720484092	23.910866791008146	26.15462283863187	0.0
202.0	26.285882567417858	23.77596095864477	23.76418123939475	26.173975234542624	0.0
203.0	26.136111851238976	23.8825393709069	23.759132788287594	26.222215989566532	0.0
204.0	26.31660136365039	23.763473129468256	23.764595013785154	26.1553304930962	0.0
205.0	26.264167454331783	23.78056818468667	23.868076143142826	26.08718821783872	0.0
206.0	26.31521376343121	23.81366414333355	23.685206947907524	26.18591514532772	0.0
207.0	26.203585021554442	23.766824947621437	23.82207837010818	26.207511660715937	0.0
208.0	26.37551572198273	23.807493710365485	23.69502354581126	26.121967021840526	0.0
209.0	26.173233558462538	23.882581282114568	23.770390647788723	26.173794511634167	0.0
210.0	26.30814279623937	23.76982969461709	23.68708910180178	26.234938407341758	0.0
211.0	26.234317720940275	23.727677381897326	23.810979628814163	26.227025268348232	0.0
212.0	26.22253760521466	23.785456044742002	23.799760470980246	26.192245879063087	0.0
213.0	26.134467216218415	23.807894360409836	23.813503939326793	26.244134484044956	0.0
214.0	26.16756373182847	23.920366417694854	23.756286234373817	26.155783616102855	0.0
215.0	26.230391015698405	23.821637828756383	23.70720241885043	26.24076873669478	0.0
216.0	26.24357352615326	23.69654421890821	23.829771718185974	26.23011053675256	0.0
217.0	26.232782002126044	23.652080744731872	23.696677147288735	26.41846010585335	0.0
218.0	26.123675080147308	23.73706634205721	23.89806216009267	26.24119641770281	0.0
219.0	26.29084146960573	23.746322199191656	23.81812521211339	26.144711119089227	0.0
220.0	26.167503435896002	23.791826774745463	23.807814209182958	26.232855580175578	0.0
221.0	26.267915743415703	23.640647350854067	23.78874148038033	26.3026954253499	0.0
222.0	26.165613456408877	23.669322832083786	23.848550889268473	26.316512822238863	0.0
223.0	26.246672781176283	23.840977872767713	23.64912812141509	26.263221224640915	0.0
224.0	26.254526279769667	23.69540766669752	23.809283396301563	26.24078265723125	0.0
225.0	26.26518459928926	23.722053465496494	23.777308437742793	26.235453497471457	0.0
226.0	26.133504615358728	23.82316065823907	23.898610764402132	26.14472396200007	0.0
227.0	26.276551285035914	23.779685690003845	23.765661506702155	26.178101518258085	0.0
228.0	26.123687687047543	23.876172071119438	23.779124722671774	26.221015519161238	0.0
229.0	26.31694093294477	23.763698121039923	23.763978604705954	26.155382341309352	0.0
230.0	26.257478395745625	23.79539277530173	23.852330959506574	26.094797869446072	0.0
231.0	26.320306736937177	23.80997792593548	23.67899205389774	26.1907232832296	0.0
232.0	26.215966813172635	23.77042972902473	23.801002448622405	26.21260100918023	0.0
233.0	26.38173265979856	23.804648736280843	23.68796753121082	26.125651072709783	0.0
234.0	26.170601863538707	23.884092604746918	23.78199626394709	26.16330926776729	0.0
235.0	26.31729523232527	23.777228028250395	23.667558607226404	26.237918132197933	0.0
236.0	26.253846175422062	23.725257557015958	23.806037759134753	26.214858508427223	0.0
237.0	26.239835745079503	23.78807300592675	23.78723153604717	26.184859712946572	0.0
238.0	26.12273748516901	23.82410936925869	23.7997066058561	26.253446539716197	0.0
239.0	26.16733563897374	23.92480582973603	23.764925655719082	26.14293287557115	0.0
240.0	26.227976920120845	23.821251553291575	23.71606250753855	26.234709019049035	0.0
241.0	26.230276168702748	23.689075276659608	23.851774969493807	26.228873585143837	0.0
242.0	26.23353671365453	23.63531804474367	23.725646959814853	26.405498281786944	0.0
243.0	26.11224103348155	23.728276268357344	23.917074607605233	26.242408090555873	0.0
244.0	26.286568738567883	23.75046289542491	23.82228182195639	26.140686544050812	0.0
245.0	26.153108061095086	23.79274355550069	23.820519151132906	26.233629232271316	0.0
246.0	26.267886201672187	23.642051512260817	23.80029179058414	26.289770495482855	0.0
247.0	26.178204376408136	23.68333188369607	23.844943057313046	26.29352068258275	0.0
248.0	26.25819647982761	23.839024924032625	23.66534512896917	26.23743346717059	0.0
249.0	26.223684985816618	23.71248277932565	23.83060748646897	26.23322474838876	0.0
