# Position (bp)	A	C	G	T	N
0.0	26.060908071621913	23.68964970497299	23.888127569453097	26.361314653952	0.0
1.0	26.25202441759063	23.722493402946874	23.883031133560596	26.1424510459019	0.0
2.0	26.272863415421288	23.843063761362703	23.773705621406467	26.11036720180954	0.0
3.0	26.206334334425	23.845890381877314	23.696434283191	26.251341000506677	0.0
4.0	26.34211233919701	23.774359264658017	23.661708721925816	26.22181967421916	0.0
5.0	26.121605750590764	23.799578327744054	23.841179550310596	26.23763637135459	0.0
6.0	26.27722974005467	23.788987554544374	23.642686950665286	26.291095754735665	0.0
7.0	26.353869269098762	23.693525705053293	23.70342913248805	26.249175893359894	0.0
8.0	26.241243110492423	23.704998924840705	23.75932276281986	26.294435201847012	0.0
9.0	26.280678426435433	23.841681637503008	23.707014838810068	26.1706250972515	0.0
10.0	26.217895948786275	23.855513028325397	23.691439013971753	26.23515200891657	0.0
11.0	26.290031937855552	23.701340032079298	23.880689902941736	26.12793812712341	0.0
12.0	26.179140535051022	23.78988342258394	23.89172246597586	26.139253576389184	0.0
13.0	26.177160331429512	23.82892172255084	23.63712485749606	26.356793088523588	0.0
14.0	26.351135363890705	23.671071205293366	23.804876392861082	26.172917037954846	0.0
15.0	26.294766619519095	23.785007072135787	23.776520509193777	26.143705799151345	0.0
16.0	26.36718528995757	23.778783592644977	23.6011315417256	26.25289957567185	0.0
17.0	26.183875530410184	23.743988684582746	23.764922206506363	26.30721357850071	0.0
18.0	26.235643564356437	23.70806223479491	23.802828854314004	26.253465346534654	0.0
19.0	26.185855728429985	23.79321074964639	23.77793493635078	26.242998585572842	0.0
20.0	26.15558698727016	23.81923620933522	23.697595473833097	26.32758132956153	0.0
21.0	26.143140028288542	23.766619519094768	23.766619519094768	26.323620933521923	0.0
22.0	26.21074964639321	23.68231966053748	23.708910891089108	26.398019801980197	0.0
23.0	26.213578500707214	23.845544554455444	23.66082036775106	26.28005657708628	0.0
24.0	26.177086280056578	23.781612446958984	23.774823196605375	26.26647807637907	0.0
25.0	26.07835926449788	23.68005657708628	23.894483734087693	26.347100424328147	0.0
26.0	26.253182461103254	23.714851485148515	23.902687411598304	26.129278642149927	0.0
27.0	26.263932107496462	23.854031117397454	23.774540311173975	26.107496463932105	0.0
28.0	26.196888260254596	23.847807637906648	23.7015558698727	26.253748231966057	0.0
29.0	26.329278642149927	23.78189533239038	23.672701555869875	26.21612446958982	0.0
30.0	26.125601131541725	23.80933521923621	23.84695898161245	26.21810466760962	0.0
31.0	26.28175388967468	23.77793493635078	23.648373408769448	26.29193776520509	0.0
32.0	26.352475247524755	23.693069306930692	23.706647807637907	26.24780763790665	0.0
33.0	26.24950495049505	23.701838755304102	23.753889674681755	26.294766619519095	0.0
34.0	26.287694483734086	23.834794908062236	23.70834512022631	26.16916548797737	0.0
35.0	26.215201654309322	23.853680753378352	23.696396898452903	26.234720693859426	0.0
36.0	26.28167954263213	23.717047476527647	23.88621248596185	26.11506049487837	0.0
37.0	26.193136653078774	23.78324248021929	23.89583056342132	26.127790303280612	0.0
38.0	26.176729344471443	23.819168828376725	23.63303074107287	26.371071086078963	0.0
39.0	26.34447993074984	23.67602920500932	23.807004789236803	26.17248607500403	0.0
40.0	26.300558412682246	23.783458085102772	23.769313893556472	26.146669608658506	0.0
41.0	26.371562254244672	23.782892317440922	23.59958359500088	26.24596183331353	0.0
42.0	26.194194092254076	23.736782252999983	23.767050822909063	26.301972831836878	0.0
43.0	26.235212247738342	23.702553309457937	23.802694185605738	26.259540257197976	0.0
44.0	26.18231297135518	23.797885160479996	23.785438271919254	26.234363596245565	0.0
45.0	26.159116497219255	23.81118070053352	23.699724471148677	26.329978331098552	0.0
46.0	26.146103840996656	23.778366176146104	23.764787752261658	26.310742230595586	0.0
47.0	26.21569326340445	23.677942416167376	23.7141515465259	26.39221277390227	0.0
48.0	26.208904051462227	23.85700788114353	23.66719283059219	26.266895236802057	0.0
49.0	26.192213905437594	23.776385989329622	23.765070636092585	26.266329469140203	0.0
50.0	26.075665767096083	23.68077125447664	23.901703526429834	26.34185945199744	0.0
51.0	26.268309655956685	23.711322708216645	23.89208547617835	26.128282159648318	0.0
52.0	26.260388908690757	23.851915972186863	23.776385989329622	26.111309129792758	0.0
53.0	26.19249678926852	23.846824063230194	23.707362334583678	26.25331681291761	0.0
54.0	26.337333310702626	23.780912130624436	23.678508183829226	26.203246374843708	0.0
55.0	26.117249690242204	23.808634746055183	23.845975411737417	26.228140151965196	0.0
56.0	26.27707905471539	23.78854999405944	23.64965403307478	26.28471691815039	0.0
57.0	26.36109555250041	23.682185673631267	23.71075694055479	26.24596183331353	0.0
58.0	26.24963932311557	23.706230799259977	23.753472399024616	26.290657478599837	0.0
59.0	26.290091710937986	23.841166386611672	23.71160559204757	26.157136310402766	0.0
60.0	26.22353982851631	23.84336200824321	23.697111481373568	26.235986681866912	0.0
61.0	26.28351103102378	23.710406983816263	23.89060347436938	26.115478510790574	0.0
62.0	26.189310981802134	23.790462881503128	23.90757645621112	26.112649680483617	0.0
63.0	26.17799566057431	23.811396225774605	23.639969109173048	26.370639004478036	0.0
64.0	26.3533831396056	23.675895254071396	23.806021448191387	26.164700158131616	0.0
65.0	26.298712320086903	23.783889291210283	23.774554177604777	26.142844211098037	0.0
66.0	26.379333755770794	23.780777586675114	23.599167194713498	26.24072146284059	0.0
67.0	26.19715759934824	23.725615551733505	23.765219063999275	26.312007784918983	0.0
68.0	26.23506381823119	23.695912917534173	23.796901873811898	26.272121390422736	0.0
69.0	26.18584231012945	23.786718113514983	23.785869466823574	26.241570109532	0.0
70.0	26.158968498234813	23.80680275187834	23.706662442292025	26.327566307594825	0.0
71.0	26.146521680094143	23.781060468905586	23.75729836154612	26.315119489454155	0.0
72.0	26.214696297637367	23.673565221327056	23.72504978727256	26.38668869376301	0.0
73.0	26.218373766633473	23.844708970761292	23.669039105639538	26.26787815696569	0.0
74.0	26.19291436589119	23.76946229745632	23.76946229745632	26.268161039196166	0.0
75.0	26.068729066714948	23.68488051054585	23.90694306146465	26.339447361274555	0.0
76.0	26.26618086358287	23.71373449805377	23.889687245405995	26.130397392957367	0.0
77.0	26.261937630125825	23.860550375667604	23.774554177604777	26.10295781660179	0.0
78.0	26.19828912827012	23.840748619534715	23.716563320358468	26.2443989318367	0.0
79.0	26.3465194170363	23.77568570652666	23.68488051054585	26.19291436589119	0.0
80.0	26.128700099574548	23.80312528288223	23.844426088530824	26.223748529012404	0.0
81.0	26.278061917262608	23.79237575812438	23.65376346519417	26.27579885941885	0.0
82.0	26.360380646329318	23.687143568389608	23.706096677831084	26.246379107449986	0.0
83.0	26.245530460758577	23.709491264596725	23.75729836154612	26.28767991309858	0.0
84.0	26.284002444102473	23.841031501765187	23.721938082737395	26.15302797139495	0.0
85.0	26.227634686920975	23.8387010084723	23.694148597615307	26.239515706991412	0.0
86.0	26.28336232867993	23.71112148343022	23.884244918742308	26.121271269147538	0.0
87.0	26.19284027100041	23.78580218101583	23.905461026010947	26.115896521972815	0.0
88.0	26.17218992659227	23.820596596936394	23.642098414449585	26.365115062021754	0.0
89.0	26.353234041951318	23.689056731870835	23.79711743822577	26.160591787952082	0.0
90.0	26.308181473581776	23.780360163618155	23.768762057786855	26.142696305013214	0.0
91.0	26.384276363060316	23.77583407353765	23.60186248606813	26.238027077333907	0.0
92.0	26.19446346030902	23.726047082652062	23.77611695416768	26.303372502871238	0.0
93.0	26.238027077333907	23.7014364678393	23.79506995637981	26.265466498446987	0.0
94.0	26.185977041408066	23.780925924878222	23.782057447398348	26.25103958631537	0.0
95.0	26.158537620294986	23.799313165830284	23.71246881241054	26.329680401464188	0.0
96.0	26.154860172104577	23.77583407353765	23.764235967706348	26.30506978665143	0.0
97.0	26.22869201654286	23.664944866565207	23.723784037611807	26.382579079280127	0.0
98.0	26.221337120162037	23.842028140965077	23.672299762946032	26.264334975926857	0.0
99.0	26.193897699048957	23.778945760467998	23.768762057786855	26.25839448269619	0.0
100.0	26.071693266875247	23.679371778696826	23.912748298473012	26.33618665595492	0.0
101.0	26.26631514033708	23.713317454300633	23.887854803030216	26.13251260233207	0.0
102.0	26.264052095296826	23.851646082386154	23.788280821259043	26.096021001057974	0.0
103.0	26.198423789129464	23.832127318913965	23.711054409260377	26.25839448269619	0.0
104.0	26.341278507295492	23.77922864109803	23.687292436337714	26.19220041526876	0.0
105.0	26.135907169892448	23.786300656848823	23.850514559866028	26.2272776133927	0.0
106.0	26.275367320498095	23.79506995637981	23.657589970184382	26.271972752937717	0.0
107.0	26.352027971236698	23.68644379444762	23.706528319179874	26.254999915135812	0.0
108.0	26.25443415387575	23.701719348469332	23.762538683926156	26.28130781372876	0.0
109.0	26.285268142549207	23.83410748332419	23.71897506690127	26.16164930722534	0.0
110.0	26.228052061203883	23.832059902632764	23.70476397921399	26.235124056949367	0.0
111.0	26.27783891125211	23.71636205223659	23.88326115183009	26.122537884681208	0.0
112.0	26.192692082476444	23.780010013945976	23.91664097174879	26.110656931828792	0.0
113.0	26.176850812006553	23.808015117098105	23.65101681154829	26.364117259347058	0.0
114.0	26.349690388026264	23.678173275210955	23.804054799480635	26.168081537282145	0.0
115.0	26.29869762494767	23.781640019462078	23.77371940663295	26.145942948957305	0.0
116.0	26.378752390327797	23.771739253425665	23.60229471468821	26.247213641558325	0.0
117.0	26.19912420652432	23.725347092569336	23.767213188951878	26.308315511954465	0.0
118.0	26.241273181936474	23.69621055251932	23.789277753261594	26.27323851228261	0.0
119.0	26.18639465019179	23.77569955984023	23.781074261402853	26.256831528565122	0.0
120.0	26.156975231112167	23.801724430564512	23.709788745940685	26.331511592382633	0.0
121.0	26.151600529549548	23.762687124478088	23.779376987225184	26.306335358747184	0.0
122.0	26.2177942224787	23.65943627866979	23.734116342487297	26.38865315636421	0.0
123.0	26.22232028695249	23.832558244792196	23.669619923735812	26.275501544519503	0.0
124.0	26.20223587585005	23.77541668081062	23.770041979247996	26.252305464091336	0.0
125.0	26.075223191554365	23.678954931713005	23.910349977935436	26.3354718987972	0.0
126.0	26.26418638333503	23.714314810414475	23.89818617966213	26.123312626588362	0.0
127.0	26.266449415571923	23.841044615680552	23.790692148409654	26.10181382033787	0.0
128.0	26.209590730619958	23.828880817407246	23.712900415266418	26.248628036706386	0.0
129.0	26.348201455129725	23.77230501148489	23.692533125134368	26.186960408251014	0.0
130.0	26.136042182920892	23.784751688787807	23.85066250268735	26.228543625603944	0.0
131.0	26.28172488317096	23.78560032587664	23.652364302929495	26.280310488022902	0.0
132.0	26.36291116466954	23.694230399312037	23.716012084592144	26.226846351426275	0.0
133.0	26.243044692184313	23.70589549853327	23.76049130568843	26.290568503593985	0.0
134.0	26.292265782572905	23.831777022802942	23.718907970704965	26.157049223919188	0.0
135.0	26.228126255282795	23.83976509592482	23.70115358720927	26.23095506158311	0.0
136.0	26.271406991677654	23.70794272233003	23.89181513185066	26.128835154141655	0.0
137.0	26.19446346030902	23.78403761180857	23.911616775952886	26.109882151929533	0.0
138.0	26.1852024723837	23.797683201086265	23.650867738787287	26.366246587742747	0.0
139.0	26.35464844910256	23.676609948939902	23.80362371112148	26.165117890836054	0.0
140.0	26.29758079116502	23.770028061917262	23.785303702362633	26.147087444555083	0.0
141.0	26.37997414449099	23.76047728024939	23.615075402471835	26.244473172787785	0.0
142.0	26.213073156380567	23.72143942201339	23.768680888139563	26.296806533466476	0.0
143.0	26.244190289757093	23.69145382075965	23.797817840301214	26.266538049182042	0.0
144.0	26.19242269513979	23.78197639058226	23.776884496029737	26.248716418248218	0.0
145.0	26.16017402964048	23.79555477605565	23.713801580184608	26.330469614119256	0.0
146.0	26.159042497517703	23.761608812372174	23.782825039674346	26.296523650435784	0.0
147.0	26.217882167902395	23.659205155260352	23.736715105670957	26.3861975711663	0.0
148.0	26.223256945485613	23.830066505800517	23.679006967409048	26.267669581304826	0.0
149.0	26.209186935293154	23.759412959474062	23.77666887316055	26.25473123207224	0.0
150.0	26.070856741970346	23.678225299998303	23.90651255155558	26.34440540647578	0.0
151.0	26.268309655956685	23.7065136830909	23.902552177922615	26.1226244830298	0.0
152.0	26.262651979338163	23.838337548302412	23.802694185605738	26.09631628675368	0.0
153.0	26.208621167631303	23.8273050788963	23.71811192015887	26.24596183331353	0.0
154.0	26.33874772985726	23.77214273186573	23.699724471148677	26.189385067128335	0.0
155.0	26.1379002098998	23.78628692341203	23.851915972186863	26.2238968945013	0.0
156.0	26.28471691815039	23.784589620426473	23.651917103722187	26.278776357700945	0.0
157.0	26.3577009465293	23.694349678361085	23.707928102245532	26.240021272864084	0.0
158.0	26.248016271523984	23.715067284109523	23.751842286160436	26.285074158206058	0.0
159.0	26.294126466403206	23.834444598459413	23.711955553166753	26.15947338197063	0.0
160.0	26.226025459688827	23.838755304101838	23.704950495049502	26.23026874115983	0.0
161.0	26.277227722772277	23.70777934936351	23.90721357850071	26.107779349363508	0.0
162.0	26.197454031117395	23.76916548797737	23.91937765205092	26.114002828854314	0.0
163.0	26.175463014039646	23.79978444069149	23.65918998356431	26.365562561704557	0.0
164.0	26.35198402258564	23.669373887903504	23.810817003725614	26.16782508578525	0.0
165.0	26.29632982364822	23.759398921634634	23.796174235780683	26.148097018936454	0.0
166.0	26.379290347584277	23.756920143593863	23.623962862485396	26.23982664633646	0.0
167.0	26.20701165780756	23.71703295926132	23.766538329886817	26.3094170530443	0.0
168.0	26.24124108549719	23.695533484018252	23.79963620624786	26.2635892242367	0.0
169.0	26.18522929473235	23.776156516179768	23.79256401044422	26.246050178643664	0.0
170.0	26.15637473585349	23.79822176708713	23.717598734925616	26.327804762133766	0.0
171.0	26.155243184524906	23.762012124572486	23.788886468626323	26.293858222276285	0.0
172.0	26.216064068436225	23.650837206539236	23.73824954667225	26.394849178352292	0.0
173.0	26.21182075095404	23.828773652958866	23.681671980243113	26.277733615843978	0.0
174.0	26.208783126258854	23.748500690248264	23.784710435195873	26.25800574829701	0.0
175.0	26.068470364586872	23.669857650440175	23.918516758322582	26.34315522665037	0.0
176.0	26.27667639803562	23.703521397696157	23.90041188584878	26.119390318419445	0.0
177.0	26.269887070857944	23.839307941249686	23.80055219861045	26.090252789281916	0.0
178.0	26.214158010274513	23.82629506415914	23.714271165727478	26.245275759838865	0.0
179.0	26.338063231267117	23.770283114943307	23.702106954534138	26.189546699255438	0.0
180.0	26.139192522687672	23.788387987417114	23.855432593296673	26.21698689659855	0.0
181.0	26.284880168375313	23.77650666485618	23.661936768732886	26.27667639803562	0.0
182.0	26.352773440152085	23.69164007513522	23.713139611197864	26.242446873514837	0.0
183.0	26.24393555778724	23.719147371249946	23.75592299749643	26.280994073466385	0.0
184.0	26.30107922318562	23.833434702046706	23.7219762655766	26.14350980919108	0.0
185.0	26.225339043944167	23.847929526385172	23.700826605260627	26.225904824410033	0.0
186.0	26.26975281051446	23.71412244620842	23.904224682738604	26.111900060538513	0.0
187.0	26.188846203895967	23.77777274861808	23.918369194385196	26.11501185310076	0.0
188.0	26.17873621259827	23.794247693730853	23.66440070949071	26.362615384180167	0.0
189.0	26.357806236615716	23.66722961982274	23.814898739154668	26.16006540440688	0.0
190.0	26.297341948332637	23.753012798026546	23.785828250710058	26.163817002930763	0.0
191.0	26.377757849563356	23.76382991363288	23.626909878893663	26.231502357910102	0.0
192.0	26.210285410378198	23.722810481737866	23.759303631492738	26.307600476391197	0.0
193.0	26.24536409696428	23.690277828855614	23.80032306338775	26.26403501079235	0.0
194.0	26.19274606708516	23.771750907378124	23.791270499107473	26.244232526429244	0.0
195.0	26.16106209210418	23.7856126464323	23.73469197235573	26.318633289107783	0.0
196.0	26.15795027313284	23.757323383056427	23.782500827460954	26.302225516349782	0.0
197.0	26.21933797465848	23.659725424409675	23.735540650257008	26.38539595067484	0.0
198.0	26.2232984715311	23.82238868882093	23.671041129760024	26.283271709887945	0.0
199.0	26.208379303516367	23.746357747036694	23.78200231972616	26.263260629720786	0.0
200.0	26.0697615208351	23.660641036521543	23.919205635237205	26.350391807406147	0.0
201.0	26.277122407988912	23.703357945062095	23.90534385696908	26.114175789979914	0.0
202.0	26.282780276669776	23.837449432798667	23.794166737390025	26.085603553141535	0.0
203.0	26.211491131290842	23.8252850151348	23.710713174347223	26.252510679227136	0.0
204.0	26.33935896347846	23.76219977934312	23.694022461738662	26.20441879543976	0.0
205.0	26.142465133384253	23.78115363942403	23.85215989136892	26.224221335822794	0.0
206.0	26.270615859005915	23.78115363942403	23.66318707742793	26.285043424142124	0.0
207.0	26.35378652861467	23.702509264759968	23.71127896121531	26.232425245410052	0.0
208.0	26.255696782643874	23.71049735635338	23.754911751143602	26.278894109859145	0.0
209.0	26.30180854284009	23.829312934773075	23.728602587350668	26.14027593503617	0.0
210.0	26.228047345312994	23.846354048793735	23.706038111619065	26.2195604942742	0.0
211.0	26.278968451545737	23.710847327207713	23.901518580545876	26.108665640700675	0.0
212.0	26.20301794130461	23.771804258160152	23.914667058950002	26.11051074158524	0.0
213.0	26.188381402322587	23.788279559245794	23.66578496965925	26.357554068772366	0.0
214.0	26.36123173543432	23.65220589275358	23.822227251509965	26.164335120302134	0.0
215.0	26.31095042491315	23.7555306605108	23.778445417614375	26.155073496961673	0.0
216.0	26.393780712400382	23.756015174790157	23.62446637867382	26.22573773413564	0.0
217.0	26.20395438510132	23.70933656971662	23.773272113635528	26.313436931546537	0.0
218.0	26.246106579985913	23.686138717498253	23.80637148814222	26.26138321437362	0.0
219.0	26.202539881917275	23.771008908541052	23.78939744993366	26.237053759608013	0.0
220.0	26.172835315052296	23.76817990217296	23.73875823594479	26.320226546829957	0.0
221.0	26.160670587669493	23.761390286889537	23.786285542928756	26.291653582512215	0.0
222.0	26.2214942245835	23.659828958274982	23.73027121684051	26.388405600301006	0.0
223.0	26.215270410573694	23.82334552635078	23.681612307309305	26.279771755766223	0.0
224.0	26.208272038021953	23.73769378748444	23.789181849043793	26.264852325449812	0.0
225.0	26.07276224963223	23.66159330089397	23.912526875636527	26.353117573837277	0.0
226.0	26.2942740749123	23.6978046848478	23.902908226773793	26.10501301346611	0.0
227.0	26.271641959941157	23.844347629285956	23.804741428086455	26.079268982686433	0.0
228.0	26.22609482856173	23.820018105691975	23.706574629399118	26.247312436347176	0.0
229.0	26.332465768926106	23.757213986647052	23.707706235147675	26.202614009279166	0.0
230.0	26.14490211610275	23.78267511598959	23.849722756591603	26.222700011316057	0.0
231.0	26.277299988683943	23.779846101618197	23.66583682245106	26.2770170872468	0.0
232.0	26.353966278148693	23.698087586284938	23.72128550413036	26.226660631436005	0.0
233.0	26.25672246441797	23.712016838341174	23.746813813550453	26.284446883690403	0.0
234.0	26.300289408988935	23.830552875842695	23.724181634552547	26.144976080615823	0.0
235.0	26.23444740549624	23.83769286914603	23.70840618086557	26.21945354449216	0.0
236.0	26.28027769762192	23.718024884151205	23.898517022275787	26.103180395951092	0.0
237.0	26.211249356395587	23.778283231205336	23.90785282252361	26.10261458987547	0.0
238.0	26.185579259753816	23.78344276996806	23.664906061780542	26.366071908497585	0.0
239.0	26.353624139618702	23.657267658150317	23.8272928648823	26.16181533734868	0.0
240.0	26.31248373187873	23.756832610934442	23.771261727193508	26.15942192999332	0.0
241.0	26.383650556968686	23.749473023022883	23.631486768280087	26.23538965172834	0.0
242.0	26.2065784558965	23.703154534856083	23.769369206216258	26.320897803031162	0.0
243.0	26.25614062889095	23.681604147329814	23.812340117266203	26.24991510651303	0.0
244.0	26.216235337399006	23.77230342563638	23.78164221131125	26.229819025653363	0.0
245.0	26.17222104294913	23.7659378758933	23.74556003679332	26.316281044364253	0.0
246.0	26.157630169710284	23.75745808190021	23.779535136481485	26.30537661190802	0.0
247.0	26.230719366828108	23.64656961125941	23.72922617042537	26.39348485148711	0.0
248.0	26.22507594352576	23.81526684275939	23.6946631448122	26.26499406890265	0.0
249.0	26.228830593790875	23.74002751810476	23.782776837229843	26.248365050874522	0.0
