# Position (bp)	A	C	G	T	N
0.0	26.187360167610247	23.83048614516742	23.792762231978852	26.189391455243477	0.0
1.0	26.192003110771918	23.729502131401095	23.738207649829228	26.34028710799776	0.0
2.0	26.241773647865784	23.69508040969551	23.80978588311628	26.25336005932243	0.0
3.0	26.223056272317358	23.67196346397222	23.88134478993811	26.223635473772312	0.0
4.0	26.327981352521316	23.74397359239044	23.803332802478607	26.124712252609633	0.0
5.0	26.251013317892298	23.785755645628257	23.702663578459756	26.260567458019686	0.0
6.0	26.143936542859624	23.846799641027125	23.67744550270677	26.33181831340648	0.0
7.0	26.07805846714082	23.839008391733895	23.885902523888507	26.197030617236777	0.0
8.0	26.156865355837223	23.79320425725293	23.764838008457772	26.28509237845207	0.0
9.0	26.150555560379384	23.90921168022645	23.643515182036833	26.29671757735733	0.0
10.0	26.24866147657222	23.7828842647527	23.76291494226261	26.20553931641247	0.0
11.0	26.1496830955344	23.884467340028362	23.836714612334674	26.129134952102568	0.0
12.0	26.22348276560646	23.795328915000145	23.72818568575811	26.253002633635287	0.0
13.0	26.25502850693138	23.923248343125053	23.73513153705901	26.08659161288455	0.0
14.0	26.34358811101786	23.984892773420544	23.529939513211588	26.141579602350014	0.0
15.0	26.29004717390675	23.85986745000434	23.652649552860822	26.197435823228084	0.0
16.0	26.203802853587245	23.74149856741817	23.83410991809684	26.220588660897754	0.0
17.0	25.996006135501982	23.786357190403148	23.84771221022777	26.3699244638671	0.0
18.0	26.300465950858104	23.685352936069226	23.849448673052994	26.164732440019677	0.0
19.0	26.26920962000405	23.665094203108268	23.798512430179724	26.267183746707957	0.0
20.0	26.190779382398055	23.882730877203137	23.80430063959714	26.12218910080167	0.0
21.0	26.133765519636498	23.89025554944578	23.757126732845194	26.21885219807253	0.0
22.0	26.21703986038879	23.674576231944457	23.905235709675832	26.203148197990917	0.0
23.0	26.151922692898754	23.750401555866187	23.91999560097357	26.177680150261484	0.0
24.0	26.244533775551254	23.77326491689602	23.697150183341005	26.285051124211723	0.0
25.0	26.203727017257496	23.820728096755428	23.782526025161275	26.193018860825802	0.0
26.0	26.189256535593042	23.736509893468313	23.750980375132766	26.323253195805872	0.0
27.0	26.231510342053244	23.696860773707716	23.819570458222273	26.252058426016767	0.0
28.0	26.225356841045112	23.68318997950986	23.88114559577695	26.210307583668087	0.0
29.0	26.32751814593149	23.74367641781369	23.79461236585902	26.134193070395796	0.0
30.0	26.24822013590637	23.801558176956114	23.684637023488417	26.2655846636491	0.0
31.0	26.15242582452566	23.842943634742948	23.677691212391327	26.326939328340064	0.0
32.0	26.071680770521976	23.84496949631293	23.88114559577695	26.20220413738814	0.0
33.0	26.150110554159962	23.785640693191947	23.773485523772038	26.290763228876052	0.0
34.0	26.137955384740053	23.91616406005811	23.648460924024402	26.297419631177434	0.0
35.0	26.25227185904634	23.781299561256265	23.770591435814918	26.19583714388248	0.0
36.0	26.15850340923561	23.89793130592825	23.824132063021658	26.119433221814475	0.0
37.0	26.23056619936793	23.781299561256265	23.728048342845238	26.260085896530565	0.0
38.0	26.259507078939144	23.917900512832386	23.737888241899448	26.084704166329026	0.0
39.0	26.338515680168552	23.98012340391049	23.54687843672945	26.134482479191508	0.0
40.0	26.28642209694037	23.853362351388583	23.653091464755796	26.20712408691525	0.0
41.0	26.20307236377528	23.733836518759478	23.84033895558154	26.222752161883705	0.0
42.0	25.998749754002525	23.787955963557643	23.84612713149578	26.367167150944056	0.0
43.0	26.311600662167322	23.68261116191843	23.848152993065767	26.157635182848477	0.0
44.0	26.266163481240522	23.668140722132826	23.806767535278933	26.25892826134772	0.0
45.0	26.19091719435537	23.884907910121203	23.80387344732181	26.120301448201616	0.0
46.0	26.142296516675735	23.87448919347557	23.762198580739266	26.22101570910943	0.0
47.0	26.223544495026523	23.677622687268656	23.905386750324862	26.19344606737996	0.0
48.0	26.146561978161277	23.744186517640863	23.936063993887704	26.173187510310157	0.0
49.0	26.233384365603285	23.762419219003682	23.710325786538476	26.293870628854556	0.0
50.0	26.214862256282323	23.81451265146889	23.781520144240925	26.189104948007863	0.0
51.0	26.199523634500903	23.7242173685292	23.752000532510642	26.324258464459255	0.0
52.0	26.23251614172887	23.709168154705917	23.80843508434795	26.24988061921727	0.0
53.0	26.221442752377477	23.667135506201994	23.89981883114252	26.211602910278003	0.0
54.0	26.334311529400868	23.740934321948057	23.803156852871208	26.121597295779864	0.0
55.0	26.255882199725644	23.796789896218606	23.689130447365528	26.258197456690226	0.0
56.0	26.159509628574902	23.839911557183953	23.67784356966319	26.322735244577956	0.0
57.0	26.08571081282884	23.843673849751397	23.88216499678758	26.18845034063218	0.0
58.0	26.15835200009261	23.78492420427512	23.769875034005334	26.28684876162693	0.0
59.0	26.134331209085072	23.902134088107104	23.665399063478556	26.298135639329267	0.0
60.0	26.25125168579648	23.775952583537364	23.782030133069394	26.190765597596766	0.0
61.0	26.167613027950942	23.880428554064146	23.839332742942805	26.112625675042107	0.0
62.0	26.223468602221487	23.781161911707677	23.725595744557697	26.269773741513134	0.0
63.0	26.26195974925767	23.919498515341473	23.729647444245717	26.08889429115514	0.0
64.0	26.343861964379773	23.96898713295942	23.542690444355692	26.14446045830512	0.0
65.0	26.29118986843552	23.847146735198272	23.654112185776217	26.207551210589987	0.0
66.0	26.20610417498712	23.722412266231398	23.837885707339943	26.233597851441537	0.0
67.0	26.007860297394757	23.784345390033977	23.8468573280777	26.360936984493566	0.0
68.0	26.310869552634475	23.677554162542616	23.84135859278682	26.170217692036097	0.0
69.0	26.27671951240688	23.661636770911112	23.797947524700895	26.263696191981108	0.0
70.0	26.185556269426453	23.87377219029097	23.825730608275887	26.114940932006693	0.0
71.0	26.140408758617095	23.885059067993307	23.750774164047534	26.223758009342063	0.0
72.0	26.227154991534867	23.671697512552996	23.90901066462153	26.192136831290608	0.0
73.0	26.16261739042355	23.74607492728667	23.922323353640007	26.168984328649774	0.0
74.0	26.248860462760646	23.762281679135256	23.70324279740113	26.285615060702966	0.0
75.0	26.217604584195524	23.810323122114983	23.794116370266398	26.177955923423095	0.0
76.0	26.190400393592544	23.735945707381305	23.755335928343005	26.318317970683143	0.0
77.0	26.22860202294992	23.702953391118122	23.815243028926158	26.253201557005802	0.0
78.0	26.22447443971106	23.66207862567142	23.90431098351547	26.20913595110206	0.0
79.0	26.328370994628635	23.751504908316353	23.81170124097055	26.108422856084463	0.0
80.0	26.23952352287461	23.812280051861457	23.691887386553066	26.256309038710874	0.0
81.0	26.15183367290239	23.85308621967031	23.674523059825894	26.320557047601405	0.0
82.0	26.098583070939064	23.83485367660678	23.87942211520652	26.18714113724764	0.0
83.0	26.14575615854788	23.784786534543436	23.768001018707167	26.301456288201518	0.0
84.0	26.139968049638824	23.894471198370066	23.67133959992591	26.294221152065195	0.0
85.0	26.26122893128357	23.77523615484349	23.773789127616222	26.18974578625671	0.0
86.0	26.16572513428413	23.879711520651973	23.84179940729765	26.112763937766253	0.0
87.0	26.233735413965547	23.7714738840526	23.732982959807373	26.261807742174476	0.0
88.0	26.256887849601778	23.915308390442675	23.731825338025562	26.09597842192999	0.0
89.0	26.345735321355807	23.96537553250602	23.551525745508428	26.13736340062975	0.0
90.0	26.29248471939248	23.84498286719763	23.674523059825894	26.188009353583997	0.0
91.0	26.212608816447492	23.721406741989256	23.83514308205223	26.23084135951102	0.0
92.0	26.01986478977588	23.778130209298016	23.848166327097612	26.353838673828488	0.0
93.0	26.31476893869235	23.677995925171327	23.846719299870347	26.160515836265972	0.0
94.0	26.266727634747177	23.66092100388961	23.805913132061495	26.266438229301727	0.0
95.0	26.194665678829416	23.86639887016114	23.830223189479533	26.108712261529917	0.0
96.0	26.138231616966106	23.883184385997406	23.752373124652713	26.226210872383778	0.0
97.0	26.22989723242373	23.676769781528463	23.906267635593295	26.187065350454507	0.0
98.0	26.154362629761792	23.740728199874397	23.939838570109714	26.165070600254097	0.0
99.0	26.249866150368845	23.774588538998717	23.704263219278978	26.27128209135346	0.0
100.0	26.22121509418673	23.810474710378337	23.79571507537543	26.1725951200595	0.0
101.0	26.192564038004612	23.72654737408729	23.758381880956307	26.32250670695179	0.0
102.0	26.23684294301334	23.69760691329727	23.824655536165444	26.24089460752394	0.0
103.0	26.248343163414734	23.6494973056509	23.90909248765693	26.19306704327744	0.0
104.0	26.3444252151717	23.740370089541525	23.80924818688538	26.10595650840139	0.0
105.0	26.252394816199665	23.794199190827058	23.696959523988678	26.256446468984596	0.0
106.0	26.164705473782913	23.842819024246246	23.668887358264502	26.323588143706335	0.0
107.0	26.10537770086069	23.822271356551234	23.889702435043322	26.18264850754476	0.0
108.0	26.157470379524106	23.78204423247226	23.75686610445161	26.303619283552027	0.0
109.0	26.1380803269105	23.887676608650857	23.665414513020274	26.30882855141837	0.0
110.0	26.273810695205736	23.76091775723654	23.77307271559134	26.192198831966383	0.0
111.0	26.16528428132362	23.86973357488901	23.854395175060343	26.110586968727027	0.0
112.0	26.219113382609148	23.775098541983805	23.727057516105322	26.278730559301728	0.0
113.0	26.268890831109747	23.909960698967986	23.737765455608358	26.08338301431391	0.0
114.0	26.341241773697828	23.953660668291185	23.55978213684168	26.145315421169308	0.0
115.0	26.29435836290075	23.841950812935192	23.6743860299012	26.189304794262856	0.0
116.0	26.20695842425435	23.722427055779683	23.851501137356816	26.219113382609148	0.0
117.0	26.024055241391686	23.78204423247226	23.849185907194	26.344714618942056	0.0
118.0	26.309696762729423	23.693197274974096	23.838767371461316	26.15833859083516	0.0
119.0	26.275836521598205	23.6494973056509	23.80664355295221	26.268022619798693	0.0
120.0	26.190173005573918	23.86307728817091	23.833558103594974	26.1131916026602	0.0
121.0	26.149367073954238	23.86683953718549	23.757734315762665	26.226059073097602	0.0
122.0	26.235974729189635	23.671849903194158	23.904241803337992	26.18793356427821	0.0
123.0	26.148285132995884	23.744779864385002	23.93839154707021	26.1685434555489	0.0
124.0	26.23800056144494	23.771405088311816	23.712945357515984	26.277648992727265	0.0
125.0	26.21455878820503	23.804976022828235	23.803239595180834	26.177225593785902	0.0
126.0	26.193142847220415	23.732046061637394	23.756356048701008	26.318455042441187	0.0
127.0	26.244946272034543	23.685741324373367	23.820603871654843	26.248708531937247	0.0
128.0	26.238944711983702	23.64095202815336	23.92283293202445	26.19727032783849	0.0
129.0	26.33878959066494	23.748610853861827	23.8064919429524	26.106107612520834	0.0
130.0	26.255730227819967	23.780734858307092	23.709830524171142	26.2537043897018	0.0
131.0	26.149807834784216	23.84179940729765	23.687546304871272	26.320846453046858	0.0
132.0	26.101766530839043	23.818357566215965	23.89360298203371	26.18627292091128	0.0
133.0	26.159358214484165	23.774367938507133	23.766553991479903	26.299719855528803	0.0
134.0	26.14170448231154	23.892155954806444	23.671918410816815	26.294221152065195	0.0
135.0	26.275699203556215	23.758450639007222	23.7763937766253	26.18945638081126	0.0
136.0	26.139175481499706	23.875439535792324	23.863284471905885	26.12210051080209	0.0
137.0	26.232150815838672	23.77219029096992	23.729068630004573	26.266590263186835	0.0
138.0	26.270352555754283	23.89866120266023	23.731094479848583	26.099891761736906	0.0
139.0	26.335179750762588	23.950175670122185	23.55368791493746	26.160956664177764	0.0
140.0	26.294373346761823	23.844252663992545	23.66974017028715	26.191633818958483	0.0
141.0	26.208205873245106	23.703090587584978	23.856766213357336	26.231937325812588	0.0
142.0	26.01777543678896	23.782098960157207	23.851846278068955	26.34827932498488	0.0
143.0	26.28895069356617	23.697302428422176	23.848373382571275	26.165373495440374	0.0
144.0	26.27795319115685	23.64549840391511	23.81103975597121	26.265508648956832	0.0
145.0	26.192943055925355	23.85712466573284	23.841207181968674	26.10872509637313	0.0
146.0	26.150399962955674	23.869279835152753	23.75872567519072	26.221594526700855	0.0
147.0	26.24424436591796	23.66705158147894	23.91247095050806	26.176233102095036	0.0
148.0	26.16002616263085	23.735352254935158	23.936202540437762	26.168419041996234	0.0
149.0	26.237009125085738	23.764003808630775	23.7156723998715	26.28331466641199	0.0
150.0	26.232378570953113	23.78657776002732	23.811177578856892	26.169866090162675	0.0
151.0	26.200254101658025	23.733615797135425	23.744613363200408	26.32151673800614	0.0
152.0	26.241929088851652	23.684126749842996	23.812045807756757	26.261898353548595	0.0
153.0	26.24605678233439	23.619946169652415	23.937140045726853	26.196857002286343	0.0
154.0	26.336642259716957	23.75886319567042	23.802274766301046	26.102219778311582	0.0
155.0	26.251555581280932	23.785199548519664	23.716609266923278	26.246635603276125	0.0
156.0	26.14852545365091	23.844239284577316	23.688247040777934	26.318988220993834	0.0
157.0	26.09643156889416	23.831505223858997	23.887650855207944	26.184412352038898	0.0
158.0	26.162417156252715	23.778832518160506	23.761757300379127	26.296993025207655	0.0
159.0	26.146788990825687	23.882152056261397	23.67551298005962	26.295545972853297	0.0
160.0	26.28194368072237	23.746418545422973	23.76841374120916	26.2032240326455	0.0
161.0	26.14831171913211	23.872670600731052	23.877301181666372	26.101716498470463	0.0
162.0	26.23694751221319	23.766525433539396	23.734111273181913	26.262415781065503	0.0
163.0	26.268782848278576	23.904285615058694	23.74366187400153	26.083269662661202	0.0
164.0	26.33274293255539	23.946539788381838	23.576092241439188	26.14462503762358	0.0
165.0	26.285858164895465	23.851612604477783	23.67507119538793	26.187458035238826	0.0
166.0	26.197952692553695	23.715078705860904	23.865573457356444	26.22139514422896	0.0
167.0	26.015333099873526	23.773540128557247	23.872229955980284	26.338896815588942	0.0
168.0	26.298089584894957	23.702633947564156	23.842709831648467	26.15656663589242	0.0
169.0	26.285355413614564	23.637805439227616	23.808559099578325	26.268280047579495	0.0
170.0	26.18587313255732	23.856960112987156	23.85088242274098	26.106284331714548	0.0
171.0	26.154905853683946	23.86072249266336	23.77100420807696	26.21336744557573	0.0
172.0	26.24990955791911	23.65906953187179	23.910570870414585	26.18045003979452	0.0
173.0	26.163085160263368	23.741552709644743	23.924173359380653	26.171188770711236	0.0
174.0	26.2487518992837	23.770204760871138	23.70971709717097	26.271326242674192	0.0
175.0	26.230808190434846	23.792489689602778	23.811591057087043	26.165111062875333	0.0
176.0	26.198104333984517	23.72592431806671	23.756602271905074	26.319369076043703	0.0
177.0	26.240358874176977	23.688300412415888	23.80898632515737	26.262354388249765	0.0
178.0	26.244776050288838	23.618619835380468	23.931188571560877	26.20541554276982	0.0
179.0	26.33883608663942	23.749435639781897	23.81223880251444	26.099489471064242	0.0
180.0	26.25490559266505	23.78445491485396	23.71586344219215	26.244776050288838	0.0
181.0	26.15650432386752	23.841180352160777	23.704286822333614	26.298028501638093	0.0
182.0	26.093122330142045	23.82931431680578	23.888644493580763	26.18891885947141	0.0
183.0	26.16258204929325	23.771141802016647	23.77316771049189	26.293108438198214	0.0
184.0	26.155636077378126	23.866359500353088	23.692999617971545	26.28500480429724	0.0
185.0	26.299475579120408	23.743068498859703	23.771720633009576	26.185735289010314	0.0
186.0	26.14847636770924	23.865270908159513	23.877426394190834	26.10882632994041	0.0
187.0	26.243480878207464	23.75854504199443	23.733655165228264	26.26431891456984	0.0
188.0	26.266055417600036	23.89891237026875	23.747836606641545	26.087195605489665	0.0
189.0	26.33262136709095	23.958242890467176	23.56347786826888	26.14565787417299	0.0
190.0	26.28544636810391	23.850000868251513	23.684454246039326	26.18009851760525	0.0
191.0	26.20564307234582	23.697836021544276	23.877275187325804	26.219245718784094	0.0
192.0	26.014627186191287	23.78118840822989	23.874959843251204	26.329224562327614	0.0
193.0	26.30317694148836	23.693205333395078	23.84080851815085	26.162809206965715	0.0
194.0	26.28291768083561	23.62924395333424	23.81041962717172	26.277418738658433	0.0
195.0	26.193563324843716	23.842324612178743	23.84579763834221	26.11831442463533	0.0
196.0	26.150729335494326	23.856216716832602	23.76418152350081	26.228872424172263	0.0
197.0	26.230106014430465	23.655139080629432	23.927193584144433	26.187561320795673	0.0
198.0	26.1655654247668	23.746885120644595	23.928061843198204	26.159487611390404	0.0
199.0	26.24949713329802	23.767723337935106	23.698841453002583	26.283938075764286	0.0
200.0	26.23300021127637	23.786535617433486	23.80303253945514	26.177431631835006	0.0
201.0	26.20261114439437	23.725178644300314	23.76309262298166	26.309117588323655	0.0
202.0	26.24552121741848	23.690227426646366	23.805127373971835	26.259123981963313	0.0
203.0	26.24472891348327	23.624307921173198	23.932541669440287	26.19842149590324	0.0
204.0	26.354130187516102	23.736313987444902	23.81735196820996	26.092203856829045	0.0
205.0	26.25833171739741	23.776543556467555	23.722711183530766	26.24241354260427	0.0
206.0	26.157323662800962	23.8413739410796	23.703609373779003	26.297693022340436	0.0
207.0	26.107832610262307	23.817930810929706	23.89549573537626	26.178740843431726	0.0
208.0	26.160217876399717	23.772202236069425	23.785515618623684	26.282064268907174	0.0
209.0	26.145167965686205	23.886813094580006	23.692611362103747	26.275407577630045	0.0
210.0	26.300739475854883	23.751790805030172	23.76626195678914	26.181207762325805	0.0
211.0	26.151472878088878	23.87052333624687	23.872549303356738	26.105454482307515	0.0
212.0	26.239106714402727	23.761037998790197	23.731805933819764	26.268049352987315	0.0
213.0	26.27383788070423	23.89620012098023	23.754091765529896	26.075870232785643	0.0
214.0	26.337801111976173	23.939324652471267	23.57406855353375	26.148805682018804	0.0
215.0	26.280784113964533	23.843524518756276	23.688681402328722	26.187009964950462	0.0
216.0	26.213713061850598	23.70958872391537	23.867615987959827	26.209082226274205	0.0
217.0	26.047292408323923	23.768921304737926	23.86530057017163	26.31848571676652	0.0
218.0	26.307776909496106	23.69772220775086	23.840699256172034	26.153801626580996	0.0
219.0	26.280570750484788	23.639257908598882	23.817834505513588	26.26233683540274	0.0
220.0	26.202501237304958	23.832085416009424	23.85263480835521	26.112778538330407	0.0
221.0	26.15966588424614	23.862764790497497	23.762333253258237	26.215236071998127	0.0
222.0	26.235571969389998	23.66631163388402	23.912326197946214	26.185790198779767	0.0
223.0	26.16263588686803	23.739826574203782	23.94329509012816	26.15424244880003	0.0
224.0	26.25930513909953	23.758928881530963	23.701911388448313	26.279854590921193	0.0
225.0	26.235861398288897	23.778031188858144	23.807263507646713	26.178843905206246	0.0
226.0	26.19592021024115	23.723329126966668	23.765296317306692	26.315454345485488	0.0
227.0	26.25930513909953	23.683677367817822	23.813920372321334	26.243097120761316	0.0
228.0	26.247225092400445	23.633674570992774	23.938154653885448	26.180945682721337	0.0
229.0	26.3467889217874	23.74365787089697	23.803569826371103	26.105983380944526	0.0
230.0	26.26082829002017	23.7543667711508	23.73005467327724	26.254750265551785	0.0
231.0	26.160975030896626	23.83106565134715	23.711531170135483	26.296428147620745	0.0
232.0	26.114376843305635	23.81630473478106	23.89010931761151	26.179209104301794	0.0
233.0	26.166763625628427	23.77086426613643	23.78736176112206	26.27501034711308	0.0
234.0	26.141872668281685	23.87390125236247	23.697059683305984	26.28716639604986	0.0
235.0	26.304821609981854	23.747709887209233	23.77549514192187	26.171973360887048	0.0
236.0	26.153525553825403	23.858919960868985	23.88352155968348	26.104032925622136	0.0
237.0	26.2320371629933	23.762608355884865	23.74668962822535	26.258664852896484	0.0
238.0	26.27950391455985	23.900377707992646	23.747847353873315	26.07227102357419	0.0
239.0	26.344915413669845	23.935109477431585	23.579977134918455	26.139997973980115	0.0
240.0	26.284300104202845	23.839585504226005	23.682412874840804	26.193701516730343	0.0
241.0	26.18833950903196	23.712945808244555	23.881426586382585	26.217288096340894	0.0
242.0	26.036165925514176	23.771887159533073	23.86713683527886	26.324810079673895	0.0
243.0	26.30282148906293	23.697033744951288	23.854828669455824	26.145316096529957	0.0
244.0	26.27602801803393	23.65288447338779	23.805194165901742	26.265893342676538	0.0
245.0	26.198985206723584	23.833740718000996	23.85459263463967	26.112681440635754	0.0
246.0	26.15989758027609	23.85806062923249	23.762476610880356	26.21956517961106	0.0
247.0	26.23366389412784	23.654072908790134	23.92321487031066	26.18904832677137	0.0
248.0	26.197469236127237	23.713141397724634	23.932841885302995	26.156547480845138	0.0
249.0	26.253772927791967	23.7700255398189	23.714012073368934	26.262189459020203	0.0
