# Position (bp)	A	C	G	T	N
0.0	26.26525188648135	23.74846545861657	23.790864525282867	26.195418129619213	0.0
1.0	26.297120466001765	23.67835458367165	23.7781170934747	26.24640785685188	0.0
2.0	26.31697084236254	23.711848719469277	23.665016931492577	26.306163506675606	0.0
3.0	26.16230415819196	23.78282965434302	23.61739978607729	26.437466401387727	0.0
4.0	26.160457976347494	23.820422730345918	23.736464094521352	26.282655198785232	0.0
5.0	26.328447535396638	23.7280762516971	23.6915020365188	26.251974176387467	0.0
6.0	26.21527344864751	23.65990906748456	23.824762348064844	26.300055135803085	0.0
7.0	26.328417424647515	23.666457027126615	23.75068225202736	26.254443296198502	0.0
8.0	26.24461842783291	23.7254608620489	23.819932733810955	26.209987976307232	0.0
9.0	26.229703485972166	23.86545914932638	23.827504910502796	26.077332454198654	0.0
10.0	26.252423957005927	23.88497977727298	23.718211535265112	26.144384730455982	0.0
11.0	26.269876447448613	23.8866419192199	23.670009418804366	26.17347221452712	0.0
12.0	26.139952351930855	23.7968862540861	23.794393041165716	26.26876835281733	0.0
13.0	26.218350047094024	23.671117513435647	23.77444733780265	26.336085101667685	0.0
14.0	26.18392657785313	23.74972643989573	23.79959056016799	26.266756422083155	0.0
15.0	26.218831462043706	23.740030638731678	23.8799271983844	26.161210700840208	0.0
16.0	26.316343519465015	23.817597048044078	23.660525069186466	26.205534363304437	0.0
17.0	26.265371307631145	23.799036514387183	23.72507140265	26.210520775331663	0.0
18.0	26.267587490754362	23.674930259487343	23.756374989265364	26.301107260492934	0.0
19.0	26.254290392015093	23.777982774716673	23.741138730293283	26.22658810297495	0.0
20.0	26.206642454866046	23.762192469963793	23.69376781603464	26.33739725913552	0.0
21.0	26.121596427512806	23.80596208664722	23.667450641446504	26.404990844393474	0.0
22.0	26.29058039065768	23.75388178325175	23.801529720400797	26.154008105689776	0.0
23.0	26.289195276205675	23.776043614483868	23.732273997800437	26.202487111510024	0.0
24.0	26.142927190073717	23.812887658907258	23.810394452893643	26.233790698125386	0.0
25.0	26.262047032946334	23.749449417005327	23.796543308373572	26.19196024167477	0.0
26.0	26.30055321471213	23.678254534172158	23.77909086627828	26.24210138483743	0.0
27.0	26.31800565680742	23.71315941836274	23.667450641446504	26.301384283383335	0.0
28.0	26.166197112867433	23.774104454251056	23.62423507054388	26.43546336233763	0.0
29.0	26.1598255863882	23.824245597413714	23.73255102069084	26.28337779550724	0.0
30.0	26.331025732656286	23.72063903640358	23.689058426897812	26.25927680404232	0.0
31.0	26.218000393372503	23.666065526994494	23.82673880342733	26.289195276205675	0.0
32.0	26.31772863391702	23.671883007692927	23.752219645909342	26.25816871248071	0.0
33.0	26.244798909640927	23.728052922306375	23.82196342199888	26.205184746053824	0.0
34.0	26.226238427400812	23.869334205029613	23.831105152057443	26.07332221551213	0.0
35.0	26.24756913087079	23.88152317844103	23.724174612584562	26.14673307810362	0.0
36.0	26.26779174584882	23.88152317844103	23.6773578737998	26.173327201910347	0.0
37.0	26.124571308264677	23.79564632031514	23.803125917635782	26.276656453784398	0.0
38.0	26.208786033652647	23.675141696815906	23.774038594722175	26.34203367480927	0.0
39.0	26.18599767856104	23.744608471867096	23.804445084671578	26.264948764900286	0.0
40.0	26.223672582919416	23.73380463899962	23.876747658476994	26.165775119603968	0.0
41.0	26.313150480770563	23.815802960250206	23.6651033428167	26.205943216162535	0.0
42.0	26.275475576412187	23.790316995537186	23.722169742065415	26.212037685985212	0.0
43.0	26.269658127945085	23.67618419703975	23.757351454223606	26.296806220791563	0.0
44.0	26.266610893033743	23.773141671491455	23.72992634002155	26.230321095453245	0.0
45.0	26.216470027674433	23.754304219312267	23.690035264818565	26.339190488194735	0.0
46.0	26.135579791846155	23.80139784976024	23.667042492305733	26.395979866087877	0.0
47.0	26.310103245859224	23.74211527966691	23.791702102315067	26.156079372158796	0.0
48.0	26.28738749470197	23.775357842336064	23.728818254599247	26.208436408362722	0.0
49.0	26.141397240313257	23.811924661272137	23.80721529822734	26.23946280018727	0.0
50.0	26.266056850322588	23.749040813556316	23.79003997418161	26.19486236193948	0.0
51.0	26.29846834892502	23.67756930381763	23.788100824692577	26.235861522564775	0.0
52.0	26.316751758393053	23.722446763420994	23.662887171972088	26.297914306213865	0.0
53.0	26.173531717560106	23.76898635115781	23.628536523880626	26.428945407401454	0.0
54.0	26.175193845693563	23.82383657956192	23.72771016917694	26.273259405567572	0.0
55.0	26.329217719393988	23.727433147821365	23.690866328885292	26.25248280389935	0.0
56.0	26.213976835474245	23.674245047550716	23.831039134806904	26.280738982168135	0.0
57.0	26.321184100082274	23.675076111617443	23.7398991088223	26.26384067947798	0.0
58.0	26.24770072911819	23.72570529441748	23.813520820867407	26.213073155596923	0.0
59.0	26.239113090884914	23.86892493850143	23.818230170866297	26.073731799747357	0.0
60.0	26.24548456441283	23.888316379673338	23.71961084147774	26.146588214436093	0.0
61.0	26.265984087937415	23.887208297320655	23.67307138266516	26.173736232076767	0.0
62.0	26.133568246792098	23.788311947343928	23.810750614985707	26.267369190878263	0.0
63.0	26.200053187952925	23.666145867960907	23.788588967932096	26.34521197615407	0.0
64.0	26.18917683560259	23.747801155172652	23.8117927337701	26.25122927545466	0.0
65.0	26.215770738396333	23.738105461445766	23.8849259664529	26.161197833705003	0.0
66.0	26.308295358532902	23.81373187251548	23.671620704461404	26.20635206449021	0.0
67.0	26.269789603446124	23.79517154452401	23.725916589331966	26.2091222626979	0.0
68.0	26.26314112774769	23.674113882848317	23.769131681371803	26.29361330803219	0.0
69.0	26.265357286313833	23.766915522805657	23.735335263238085	26.232391927642425	0.0
70.0	26.2091222626979	23.751125393021873	23.694336329764397	26.345416014515838	0.0
71.0	26.139867307505853	23.79683366344862	23.659431832347604	26.403867196697924	0.0
72.0	26.312727675665194	23.74226075875729	23.791847306674793	26.153164258902724	0.0
73.0	26.28530271340914	23.781320553485603	23.732011025388864	26.20136570771639	0.0
74.0	26.144853664279676	23.80736041663781	23.805698297713203	26.242087621369308	0.0
75.0	26.26452622685153	23.748355194814188	23.788523068825572	26.198595509508703	0.0
76.0	26.29389032785296	23.674113882848317	23.787137969721734	26.24485781957699	0.0
77.0	26.302477942296772	23.723146391124285	23.669681565716026	26.304694100862918	0.0
78.0	26.177542003130323	23.774118038145627	23.63366898901616	26.41467096970788	0.0
79.0	26.17615690402648	23.81345485269471	23.73422718395501	26.276161059323794	0.0
80.0	26.32713270634514	23.718714073991993	23.693782290122858	26.26037092954001	0.0
81.0	26.218263916783247	23.66774242697065	23.829244982478496	26.28474867376761	0.0
82.0	26.332119063118963	23.660539911630675	23.74669307588958	26.260647949360777	0.0
83.0	26.258359049935454	23.717817311474683	23.81172677056728	26.212096868022584	0.0
84.0	26.235366468505706	23.87073182893519	23.81144975151391	26.082451951045194	0.0
85.0	26.241183868626482	23.886521914977312	23.716709235261202	26.155584981135004	0.0
86.0	26.262791354789382	23.887907010244163	23.672109167668552	26.1771924672979	0.0
87.0	26.13176134254514	23.7890112081909	23.81671311352795	26.262514335736014	0.0
88.0	26.18134775309846	23.672940224828665	23.790396303457754	26.355315718615124	0.0
89.0	26.18459944540939	23.745176419095422	23.818309246593365	26.251914888901815	0.0
90.0	26.218672694584573	23.734926742514272	23.88894890951752	26.15745165338364	0.0
91.0	26.307872582669184	23.805012368866468	23.677583957317022	26.209531091147326	0.0
92.0	26.27241424206412	23.785898107134052	23.72772426707887	26.21396338372296	0.0
93.0	26.2665968580586	23.67398271959932	23.765398753971752	26.294021668370327	0.0
94.0	26.267150894630554	23.7684459551175	23.738527980231975	26.225875170019975	0.0
95.0	26.218672694584573	23.741575181377723	23.706393859058636	26.333358264979072	0.0
96.0	26.145539867086626	23.787006180277963	23.667334280735872	26.400119671899542	0.0
97.0	26.30454836323746	23.741021144805767	23.80335025915061	26.151080232806166	0.0
98.0	26.287927266078835	23.77121613797727	23.73991307166186	26.20094352428204	0.0
99.0	26.137783355079268	23.808336588298193	23.81055273458601	26.24332732203653	0.0
100.0	26.262995620340902	23.75016274824301	23.789222326565778	26.19761930485031	0.0
101.0	26.29762290608803	23.676198865887137	23.78617512542003	26.240003102604803	0.0
102.0	26.305379418095388	23.726616193934962	23.676198865887137	26.291805522082512	0.0
103.0	26.182660317407553	23.76650682711566	23.635200159562533	26.415632695914258	0.0
104.0	26.175734860258125	23.81249186258785	23.738804998517953	26.27296827863607	0.0
105.0	26.323385606683896	23.71636651735381	23.7044547310568	26.255793144905493	0.0
106.0	26.22061182258641	23.663179006446217	23.832991215750152	26.283217955217225	0.0
107.0	26.333912301551027	23.666503225877943	23.741575181377723	26.258009291193314	0.0
108.0	26.25156514898002	23.71657783638237	23.814088002925303	26.2177690117123	0.0
109.0	26.24020743071792	23.872538699347345	23.810486775183662	26.076767094751073	0.0
110.0	26.253504271610133	23.884173435128037	23.71546976630802	26.146852526953808	0.0
111.0	26.270956375281173	23.8872206278325	23.669484858222432	26.172338138663886	0.0
112.0	26.13050849335712	23.786940286103693	23.817689230666947	26.26486198987224	0.0
113.0	26.186743049630458	23.67419415603843	23.78749432114087	26.351568473190245	0.0
114.0	26.192210842989677	23.739504527838797	23.81762325167803	26.250661377493493	0.0
115.0	26.230439154655684	23.72953192479549	23.88466130546914	26.155367615079683	0.0
116.0	26.3077268282413	23.80626556487871	23.68049995983257	26.205507647047416	0.0
117.0	26.269498516575297	23.784381241533676	23.737288393829175	26.208831848061852	0.0
118.0	26.260910997288008	23.67856084257415	23.763604985193453	26.296923174944386	0.0
119.0	26.268944483072893	23.766652169456687	23.740889611594813	26.22351373587561	0.0
120.0	26.222959702373206	23.73313314256113	23.7115258359673	26.332381319098364	0.0
121.0	26.13985467701232	23.78770544254811	23.676344708564525	26.396095171875047	0.0
122.0	26.307449811490102	23.728146841039475	23.811805899902765	26.152597447567654	0.0
123.0	26.281687253628228	23.77163847097834	23.739781544590002	26.206892730803432	0.0
124.0	26.145117995285176	23.81014379939555	23.803495397366678	26.2412428079526	0.0
125.0	26.264512215053642	23.74033557809241	23.79823207909382	26.196920127760126	0.0
126.0	26.30107842621243	23.676344708564525	23.788536492801722	26.23404037242132	0.0
127.0	26.31299014651416	23.718728271498577	23.677175758818137	26.291105823169126	0.0
128.0	26.17780597192712	23.766652169456687	23.638670430400925	26.416871428215266	0.0
129.0	26.180022105936747	23.81014379939555	23.736180326824364	26.273653767843342	0.0
130.0	26.32905711808393	23.707924618201663	23.7112488192161	26.251769444498308	0.0
131.0	26.221093221935355	23.666437665517968	23.840958702228328	26.27151041031835	0.0
132.0	26.337994614779436	23.665606612962204	23.73486099260917	26.261537779649185	0.0
133.0	26.250252779185956	23.721075828215422	23.81997135630923	26.208700036289397	0.0
134.0	26.24194223060664	23.861524099205788	23.81055273458601	26.08598093560156	0.0
135.0	26.26105649233906	23.871496757500964	23.721629864787374	26.145816885372604	0.0
136.0	26.270752132348257	23.871219739214986	23.680908176748748	26.17711995168801	0.0
137.0	26.129749824785936	23.7720471928352	23.828835941460497	26.26936704091837	0.0
138.0	26.19761930485031	23.670658500167598	23.79365461914141	26.33806757584068	0.0
139.0	26.19990802967428	23.73277634035669	23.823638589862213	26.243677040106817	0.0
140.0	26.226501858797846	23.730837206983097	23.892339315098095	26.150321619120966	0.0
141.0	26.3123777653427	23.807848503820093	23.675156377255625	26.20461735358158	0.0
142.0	26.273872116924203	23.795659665471792	23.72778999739602	26.202678220207986	0.0
143.0	26.27414913597757	23.667122824707885	23.76546458865441	26.293263450660138	0.0
144.0	26.26452622685153	23.762760225494134	23.74198373893652	26.23072980871781	0.0
145.0	26.217986896962476	23.745862016427274	23.710680499189717	26.32547058742053	0.0
146.0	26.150671080515806	23.78464479133482	23.679377259442912	26.385306868706454	0.0
147.0	26.31134257656135	23.733673144313475	23.80459021843013	26.150394060695042	0.0
148.0	26.283086554843	23.771624859758717	23.73478122359655	26.21050736180174	0.0
149.0	26.145407703921215	23.805144258071664	23.809576575203955	26.239871462803166	0.0
150.0	26.271728742191502	23.748909234455727	23.786029890438662	26.19333213291411	0.0
151.0	26.297214565702177	23.67189772428217	23.796279623807084	26.234608086208567	0.0
152.0	26.308572378353674	23.716497915425848	23.68768785406596	26.28724185215452	0.0
153.0	26.18252835990415	23.765807443522586	23.6403174647146	26.411346731858664	0.0
154.0	26.177264983309556	23.812900813053172	23.744476917323436	26.265357286313833	0.0
155.0	26.338213499175865	23.706802221698965	23.709018380265107	26.245965898860064	0.0
156.0	26.218059526183985	23.661990559138353	23.837067570861866	26.282882343815793	0.0
157.0	26.339117523214323	23.66005141502116	23.74481971500122	26.25601134676329	0.0
158.0	26.261901529988947	23.706379524797565	23.824667643628647	26.207051301584837	0.0
159.0	26.24389514187649	23.8520927578307	23.82162040871731	26.082391691575502	0.0
160.0	26.25359088932166	23.8778557438993	23.725771019687908	26.14278234709114	0.0
161.0	26.258577273722032	23.8778557438993	23.688373136685108	26.175193845693563	0.0
162.0	26.131978514223665	23.77203358606915	23.835194455140545	26.260793444566644	0.0
163.0	26.194585340583902	23.677846325173206	23.79391827315968	26.33365006108321	0.0
164.0	26.19548897174928	23.733870386889098	23.82972004144251	26.24092059991911	0.0
165.0	26.233718024721455	23.728329944429362	23.880138067826095	26.157813963023084	0.0
166.0	26.31820977223241	23.803125917635782	23.667662099495264	26.21100221063654	0.0
167.0	26.277487520153358	23.78705863450255	23.73054612141326	26.20490772393083	0.0
168.0	26.272501121939595	23.66544592251137	23.76960624075439	26.292446714794643	0.0
169.0	26.281992681055232	23.758868195278975	23.74030766162208	26.218831462043706	0.0
170.0	26.22270978250933	23.735044226704453	23.714267509924344	26.327978480861873	0.0
171.0	26.138771846717695	23.789063690332732	23.685734152212998	26.386430310736575	0.0
172.0	26.305816649629758	23.731996974910036	23.804022926414408	26.158163449045794	0.0
173.0	26.295289779794505	23.77133422534704	23.737260409827666	26.196115585030793	0.0
174.0	26.151514899676158	23.79959056016799	23.807624223989627	26.241270316166226	0.0
175.0	26.27146581121998	23.737814455608465	23.797097354154374	26.193622379017178	0.0
176.0	26.30276939783534	23.6663425498849	23.795712239702365	26.235175812577396	0.0
177.0	26.308586878533774	23.70983514367792	23.681301785966575	26.30027619182173	0.0
178.0	26.181156348949113	23.762469492854194	23.6480590391184	26.408315119078292	0.0
179.0	26.17949421160671	23.79875949149678	23.760807355511787	26.260938941384726	0.0
180.0	26.33074870976589	23.70124743407548	23.716483693047557	26.25152016311108	0.0
181.0	26.220566236356586	23.660590614438473	23.831514211313646	26.287328937891296	0.0
182.0	26.33553105435204	23.66530001662142	23.74674497202061	26.252423957005927	0.0
183.0	26.259145268838353	23.703871970391628	23.83490452353184	26.20207823723818	0.0
184.0	26.246679169702393	23.849863842494994	23.816897935891006	26.086559051911607	0.0
185.0	26.251388584931533	23.864823161458144	23.72741904653733	26.156369207072988	0.0
186.0	26.266070879469446	23.873133894215453	23.682541089647874	26.178254136667228	0.0
187.0	26.143626083511784	23.76370924624424	23.829918083877455	26.26274658636652	0.0
188.0	26.1990309685605	23.665365575282774	23.80166159250261	26.33394186365412	0.0
189.0	26.203812974751923	23.731917180548397	23.829153023175927	26.235116821523754	0.0
190.0	26.23456277113841	23.731086104970387	23.882064834976095	26.152286288915118	0.0
191.0	26.32237975721512	23.80532885660622	23.674572965665497	26.197718420513162	0.0
192.0	26.280140507956208	23.77831213155445	23.738974336243963	26.20257302424538	0.0
193.0	26.255762155932803	23.6683325207216	23.77858915828199	26.297316165063606	0.0
194.0	26.270517348846873	23.76535771175289	23.742364429669642	26.22176050973059	0.0
195.0	26.214557794861136	23.740425237204793	23.717431955121544	26.32758501281252	0.0
196.0	26.16219959831013	23.778378004016897	23.677539995844587	26.38188240182838	0.0
197.0	26.300990373294546	23.730452247385553	23.808574000969596	26.159983378350297	0.0
198.0	26.284922778585774	23.76840501419766	23.7481820070642	26.198490200152364	0.0
199.0	26.150287416026043	23.801648313595123	23.8124523858993	26.23561188447954	0.0
200.0	26.275503843756493	23.73626982478011	23.797215873675462	26.191010457787932	0.0
201.0	26.30459173072928	23.656762933721172	23.795276681210613	26.243368654338944	0.0
202.0	26.31096336311379	23.71854006510146	23.678094050834545	26.292402520950205	0.0
203.0	26.186023962878313	23.766742849227786	23.64041831151742	26.406814876376476	0.0
204.0	26.17244961562435	23.801094258605165	23.75427661195374	26.272179513816745	0.0
205.0	26.323852476501013	23.699556476523178	23.71673227637524	26.25985877060057	0.0
206.0	26.228627151136376	23.646432410270048	23.835643761843023	26.289296676750553	0.0
207.0	26.3308511463493	23.6636082577042	23.744777988320422	26.260762607626077	0.0
208.0	26.25889614401157	23.694978266952194	23.835432763296772	26.21069282573946	0.0
209.0	26.24705654209491	23.853505831509544	23.807795661689337	26.09164196470621	0.0
210.0	26.258691858049144	23.857384270160956	23.73355126464803	26.15037260714187	0.0
211.0	26.276144831980496	23.85627614483198	23.689503282821285	26.178075740366236	0.0
212.0	26.14719310298974	23.75778462356774	23.837016023581036	26.25800624986148	0.0
213.0	26.195673854746126	23.660546087187782	23.80654240819131	26.33723764987478	0.0
214.0	26.19823972828541	23.735410716215057	23.832649521978464	26.233700033521067	0.0
215.0	26.224557923577503	23.754803070640808	23.875866768984423	26.14477223679727	0.0
216.0	26.3134857203013	23.81768970570717	23.66476713937839	26.204057434613137	0.0
217.0	26.275954732453283	23.78817890931254	23.736096297424957	26.199770060809218	0.0
218.0	26.269028853212916	23.66960785671741	23.77211086947488	26.289252420594796	0.0
219.0	26.269932735674473	23.7730078345763	23.737824270564378	26.21923515918485	0.0
220.0	26.21895812324775	23.748628672111348	23.716769539344643	26.315643665296264	0.0
221.0	26.167574426116875	23.77674104199334	23.67645347709731	26.379231054792474	0.0
222.0	26.31966799829345	23.724657997240705	23.79530255262327	26.16037145184258	0.0
223.0	26.294457588333398	23.772031404967837	23.737678758428864	26.1958322482699	0.0
224.0	26.157047002177514	23.8016744144813	23.80749220139516	26.23378638194602	0.0
225.0	26.27617311517556	23.740726170621837	23.795579590095358	26.18752112410725	0.0
226.0	26.300552412719348	23.66010826624409	23.80028922712086	26.239050093915704	0.0
227.0	26.31218798654706	23.71662391055014	23.685041638732056	26.286146464170745	0.0
228.0	26.18530482433054	23.766767692998155	23.644871205279223	26.40305627739208	0.0
229.0	26.176993700167884	23.803613676785922	23.755409156642525	26.26398346640367	0.0
230.0	26.327220946307218	23.709209582198632	23.708655505719452	26.254913965774694	0.0
231.0	26.23088430851064	23.66023936170213	23.83948359929078	26.269392730496456	0.0
232.0	26.32535460992908	23.66965868794326	23.76496010638298	26.24002659574468	0.0
233.0	26.255613518432842	23.700198637518387	23.837056286171006	26.207131557877766	0.0
234.0	26.23601637863685	23.862887094897467	23.818006527075173	26.083089999390513	0.0
235.0	26.252915851705737	23.861501892186904	23.73655660769397	26.14902564841339	0.0
236.0	26.259287784174333	23.863718216523804	23.691398999329564	26.185594999972295	0.0
237.0	26.132957296970837	23.748746391546938	23.84321721640745	26.275079095074773	0.0
238.0	26.182547554009055	23.662863823491932	23.820222851412076	26.334365771086944	0.0
239.0	26.205891560490585	23.736622367761257	23.824721504223493	26.232764567524665	0.0
240.0	26.224198598066106	23.734796220873854	23.882470285096833	26.158534895963204	0.0
241.0	26.310539731796517	23.811093871218	23.66590934279065	26.212457054194836	0.0
242.0	26.27408168863447	23.785074825370526	23.741296234209923	26.199547251785088	0.0
243.0	26.26769227358877	23.668022566307926	23.773594316305154	26.290690843798142	0.0
244.0	26.270432635688774	23.76628306837988	23.742452498191923	26.220831797739418	0.0
245.0	26.219659202070616	23.747225370574103	23.714802734586087	26.318312692769197	0.0
246.0	26.157491443694664	23.773919549945266	23.68828721473209	26.380301791627986	0.0
247.0	26.31463713409936	23.723331725892546	23.803149475364584	26.15888166464351	0.0
248.0	26.28921125714381	23.768438090697945	23.740167737429392	26.202182914728855	0.0
249.0	26.16005454515219	23.793936840704873	23.814169544514723	26.231839069628215	0.0
