# Position (bp)	A	C	G	T	N
0.0	26.13452414178063	23.81215388457188	23.706097507234457	26.34722446641303	0.0
1.0	26.395405202931975	23.72813138064251	23.79100136610015	26.085462050325365	0.0
2.0	26.372164721426998	23.813844234016003	23.6047860236365	26.2092050209205	0.0
3.0	26.257703295057855	23.85166220886022	23.672860619904228	26.217773876177695	0.0
4.0	26.284081934629622	23.73867116052529	23.72575327424379	26.251493630601296	0.0
5.0	26.39222409450391	23.652103968389103	23.674121218170395	26.281550718936597	0.0
6.0	26.31467706235653	23.745794853428993	23.67181950013797	26.26770858407651	0.0
7.0	26.19596262625966	23.718469942788705	23.712305565258742	26.373261865692893	0.0
8.0	26.280427489161607	23.650741002738584	23.737917795513184	26.33091371258663	0.0
9.0	26.195249234670666	23.66900203402964	23.69483098182288	26.440917749476817	0.0
10.0	26.232159261335454	23.720148038142423	23.74186656022634	26.305826140295785	0.0
11.0	26.290857969670377	23.666145226474292	23.761824121060215	26.281172682795116	0.0
12.0	26.188428723625933	23.776792291685624	23.667906187724338	26.366872796964103	0.0
13.0	26.125914599249246	23.90915787898087	23.637089365848503	26.32783815592138	0.0
14.0	26.32842514300473	23.78119469481074	23.544638900221003	26.34574126196353	0.0
15.0	26.426745479465723	23.504136791469904	23.74157306668467	26.327544662379704	0.0
16.0	26.22716987112699	23.9285284527314	23.696081567725102	26.148220108416513	0.0
17.0	26.26407297402003	23.686913748371115	23.78758173771146	26.261431539897394	0.0
18.0	26.22767988166375	23.74385132834787	23.734753055258803	26.293715734729577	0.0
19.0	26.26348598865944	23.663434333947713	23.690435660534625	26.38264401685822	0.0
20.0	26.151371784787685	23.629095690353484	23.912903112196382	26.306629412662446	0.0
21.0	26.249691832685695	23.799321444923162	23.763808830607765	26.18717789178338	0.0
22.0	26.267007900822954	23.77936394266327	23.733872577217923	26.21975557929585	0.0
23.0	26.360632065836278	23.769385191533324	23.696305514140477	26.17367722848992	0.0
24.0	26.311031802866836	23.61383407097827	23.690729153214917	26.384404972939972	0.0
25.0	26.16311149199939	23.776429015860344	23.703936323828085	26.356523168312187	0.0
26.0	26.394090231389626	23.71949143588359	23.797560488841405	26.08885784388537	0.0
27.0	26.369143353564763	23.798440966882286	23.623519329427925	26.208896350125027	0.0
28.0	26.24844082471201	23.842688385061265	23.671582654633504	26.23728813559322	0.0
29.0	26.263408907476705	23.729400542959862	23.720008804754567	26.287181744808862	0.0
30.0	26.386088487783404	23.654266637317484	23.677452491011813	26.2821923838873	0.0
31.0	26.315650451243673	23.740259740259738	23.682441851933376	26.261647956563213	0.0
32.0	26.182698657274926	23.706508181084452	23.71795436202216	26.392838799618463	0.0
33.0	26.29862792574657	23.644874899112185	23.741140215716484	26.315356959424758	0.0
34.0	26.18915547729107	23.679800425563137	23.697409934698072	26.43363416244772	0.0
35.0	26.234940201041894	23.71208452564385	23.744662117543474	26.308313155770787	0.0
36.0	26.298334433927657	23.636657128182552	23.763445593954067	26.301562843935727	0.0
37.0	26.19854721549637	23.765500036686475	23.6753980482794	26.36055469953775	0.0
38.0	26.14571868809157	23.894636437009318	23.629613324528577	26.33003155037053	0.0
39.0	26.333846944016436	23.779881135813337	23.530413089735124	26.355858830435103	0.0
40.0	26.422774965147845	23.504585809670555	23.751412429378533	26.321226795803064	0.0
41.0	26.229657348301416	23.930442438917016	23.68537677012253	26.154523442659034	0.0
42.0	26.26773419110957	23.68002441844767	23.794192400932126	26.258048989510634	0.0
43.0	26.241026513973104	23.724048062079206	23.74400544719217	26.290919976755518	0.0
44.0	26.264505790576592	23.668871762061013	23.692938020579586	26.373684426782813	0.0
45.0	26.170588684162645	23.60430375140142	23.914523693525002	26.310583870910936	0.0
46.0	26.250711715572045	23.796246837634932	23.754864612621283	26.19817683417174	0.0
47.0	26.27184306451518	23.763082359432506	23.74400544719217	26.22106912886014	0.0
48.0	26.372510462952636	23.769832651456007	23.70614511366905	26.15151177192231	0.0
49.0	26.300605178354452	23.619271790236144	23.687948674301346	26.392174357108054	0.0
50.0	26.157381591073182	23.792431455186865	23.70467765888133	26.345509294858626	0.0
51.0	26.412131742221025	23.70966700515957	23.790964000399146	26.08723725222026	0.0
52.0	26.372216971995094	23.79008352752652	23.62338066364175	26.214318836836636	0.0
53.0	26.24388440012092	23.861625289454608	23.663812964631507	26.23067734579297	0.0
54.0	26.270298508776825	23.72955474617509	23.728967765982738	26.27117897906535	0.0
55.0	26.404129992633397	23.652660340976794	23.681128880305934	26.262080786083875	0.0
56.0	26.313441552914796	23.728087295694205	23.67819397934417	26.28027717204683	0.0
57.0	26.189295242232053	23.70842345925037	23.730141726367442	26.37213957215014	0.0
58.0	26.300234498586843	23.64209469751443	23.73307662732921	26.32459417656951	0.0
59.0	26.184305910597043	23.68494425155623	23.69932526626889	26.431424571577832	0.0
60.0	26.241242989255326	23.7269133353095	23.728380785790385	26.30346288964479	0.0
61.0	26.298767048105965	23.63182254414825	23.77328477050542	26.29612563724037	0.0
62.0	26.208665588579716	23.75890375579276	23.6752590783824	26.357171577245126	0.0
63.0	26.14057588626672	23.90594229397729	23.62888764318648	26.32459417656951	0.0
64.0	26.326355117146573	23.773578260601596	23.546710416257003	26.353356205994828	0.0
65.0	26.41645657667282	23.503860862215202	23.7483381123304	26.331344448781575	0.0
66.0	26.217763781561192	23.940280635229964	23.686411702037113	26.155543881171727	0.0
67.0	26.269047451339482	23.66256955694865	23.808140217416828	26.26024277429504	0.0
68.0	26.231480829283182	23.728604634782	23.736822333356812	26.30309220257801	0.0
69.0	26.247916226432817	23.666091427766432	23.705712474466438	26.380279871334317	0.0
70.0	26.165152262215024	23.60768707003827	23.916731234298325	26.31042943344838	0.0
71.0	26.255546946538	23.79698762649386	23.76206240755089	26.185403019417247	0.0
72.0	26.26992791904393	23.75648611208941	23.75296424127163	26.220621727595034	0.0
73.0	26.363257495715057	23.757953558263484	23.71422366227607	26.164565283745393	0.0
74.0	26.311896879622452	23.629111784179756	23.686929163438286	26.372062172759502	0.0
75.0	26.153999671292055	23.787595970979787	23.71246272686718	26.34594163086098	0.0
76.0	26.406987391702476	23.708060388344958	23.78319363245756	26.10175858749501	0.0
77.0	26.370301237350613	23.782313164753116	23.64319926745087	26.2041863304454	0.0
78.0	26.251948029078825	23.838593134132992	23.676881040357586	26.232577796430594	0.0
79.0	26.270731284980148	23.72178476149667	23.72354569173742	26.28393826178576	0.0
80.0	26.411605704240028	23.64899964487907	23.692435924150864	26.246958726730043	0.0
81.0	26.321798261961852	23.747024761614068	23.66073917981739	26.27043779660669	0.0
82.0	26.198826633482913	23.704468947462644	23.729708947580043	26.366995471474397	0.0
83.0	26.293623378109878	23.643423365783363	23.727654528965836	26.335298727140927	0.0
84.0	26.198533145109455	23.671304761261883	23.703588482342273	26.42657361128639	0.0
85.0	26.23962151739359	23.726187087098545	23.7391005755307	26.29509081997717	0.0
86.0	26.296264773471	23.63784708668766	23.766394994262303	26.29949314557904	0.0
87.0	26.210859656794693	23.773438715225296	23.67482662174338	26.34087500623663	0.0
88.0	26.145411749513542	23.91108476237714	23.62757499361663	26.31592849449269	0.0
89.0	26.32385268057606	23.779601971067915	23.55244197001136	26.34410337834467	0.0
90.0	26.4377261694778	23.50137499302965	23.74232894763874	26.318569889853816	0.0
91.0	26.232871284804055	23.934270343880325	23.678348482224877	26.154509889090743	0.0
92.0	26.27828485897925	23.67152877645056	23.79919584421683	26.250990520353355	0.0
93.0	26.22398966923957	23.74196577935609	23.729345816335513	26.304698735068822	0.0
94.0	26.253631907962315	23.67152877645056	23.69500777741907	26.37983153816805	0.0
95.0	26.169107504475686	23.61048337393244	23.918645261644116	26.30176385994776	0.0
96.0	26.247175182695976	23.800369794265254	23.771901505590936	26.18055351744783	0.0
97.0	26.271241158688696	23.763096880227746	23.76749919290934	26.198162768174214	0.0
98.0	26.364863675050625	23.764857805300384	23.71203005312124	26.158248466527752	0.0
99.0	26.317318698089398	23.620461949344055	23.694127314882753	26.368092037683798	0.0
100.0	26.158541954039855	23.792445631438383	23.709095178000176	26.339917236521586	0.0
101.0	26.4006691515276	23.705866815367006	23.79185865641417	26.10160537669122	0.0
102.0	26.380125025680158	23.76955360549409	23.641006075191502	26.209315293634255	0.0
103.0	26.247685124042132	23.8387466946066	23.682318309751683	26.231249871599587	0.0
104.0	26.26910964954759	23.716069274589046	23.72868920057171	26.28613187529165	0.0
105.0	26.416439948228955	23.647686884962038	23.690535935972953	26.245337230836057	0.0
106.0	26.33807901247612	23.722525980905758	23.679676929894843	26.25971807672328	0.0
107.0	26.204249099729697	23.707851648367775	23.730156633825512	26.35774261807702	0.0
108.0	26.292882068259125	23.651502211421914	23.736026366840704	26.319589353478257	0.0
109.0	26.2013142332221	23.679383443244085	23.69376428913131	26.425538034402507	0.0
110.0	26.233891251456427	23.72340644085804	23.744537479712736	26.298164827972798	0.0
111.0	26.30550199424179	23.6268493327581	23.777407984597822	26.29024068840229	0.0
112.0	26.233010791504146	23.762733652059836	23.668817923816736	26.33543763261928	0.0
113.0	26.155236829052832	23.919162036914752	23.624501439552024	26.301099694480396	0.0
114.0	26.31371962046306	23.77858193120086	23.557879969829575	26.349818478506503	0.0
115.0	26.44637558660644	23.48509528044117	23.748059319521854	26.320469813430535	0.0
116.0	26.2435763109315	23.91974901021627	23.686133636211558	26.150541042640675	0.0
117.0	26.27695666975805	23.659943885517063	23.79758872075414	26.26551072397075	0.0
118.0	26.24907551976333	23.714532242348827	23.746522193395396	26.289870044492446	0.0
119.0	26.253477806604604	23.665520115516006	23.69281429393189	26.388187783947505	0.0
120.0	26.15838841083315	23.618562389209114	23.932592183886456	26.290457016071283	0.0
121.0	26.25582569291995	23.794066891281123	23.77058802812768	26.179519387671245	0.0
122.0	26.267565124496674	23.754152823920265	23.765598769707573	26.212683281875492	0.0
123.0	26.359719662373948	23.77176197128535	23.71688012866417	26.151638237676533	0.0
124.0	26.31628376554007	23.62120376131388	23.704260239719193	26.35825223342686	0.0
125.0	26.154279609781295	23.783207917072655	23.72773910287264	26.33477337027341	0.0
126.0	26.39728584341946	23.710129955507554	23.79142551917636	26.101158681896624	0.0
127.0	26.39376401394645	23.763250883392224	23.63470410762711	26.208280995034222	0.0
128.0	26.2603050500248	23.836692288051278	23.680850876497882	26.22215178542604	0.0
129.0	26.275272869213545	23.70843862166929	23.736319853491462	26.279968655625694	0.0
130.0	26.414092055022877	23.65238267137419	23.683492256354718	26.25003301724821	0.0
131.0	26.344535718792834	23.72281946755652	23.681731336450163	26.250913477200488	0.0
132.0	26.20608693100109	23.687964077128516	23.739617879259235	26.366331112611157	0.0
133.0	26.297361547266163	23.64335397528835	23.7425527543803	26.316731723065185	0.0
134.0	26.194347430516828	23.676811551668475	23.688257564640626	26.440583453174067	0.0
135.0	26.233674757139084	23.70645379039122	23.757520617497725	26.30235083497197	0.0
136.0	26.30235083497197	23.634255862413053	23.763683855251962	26.29970944736301	0.0
137.0	26.219293869045874	23.758107592521938	23.680039914301645	26.34255862413054	0.0
138.0	26.14621547853139	23.913068998914095	23.63542981246148	26.305285710093035	0.0
139.0	26.312916385407803	23.780412643442023	23.568808147213336	26.33786282393684	0.0
140.0	26.437648578053004	23.496903706747275	23.74284624189241	26.322601473307312	0.0
141.0	26.238447563899758	23.90932383213639	23.694196854391613	26.158031749572242	0.0
142.0	26.265232091286894	23.649949519851614	23.82105374374868	26.26376464511282	0.0
143.0	26.24997065107652	23.72332182855533	23.74210513958348	26.284602380784673	0.0
144.0	26.248580241659745	23.686705192133292	23.683770291171523	26.38094427503544	0.0
145.0	26.157011331652612	23.622430861070594	23.930301971959956	26.290255835316838	0.0
146.0	26.262667766276227	23.791481156468375	23.775632691274833	26.170218385980565	0.0
147.0	26.2529825931024	23.760371206273646	23.790600686179843	26.196045514444116	0.0
148.0	26.35548798741511	23.771887088158813	23.704384167923788	26.168240756502293	0.0
149.0	26.31733416293444	23.604597242358963	23.698807839730456	26.37926075497614	0.0
150.0	26.168240756502293	23.770419633371095	23.70731907749922	26.35402053262739	0.0
151.0	26.408316359772954	23.69499245728239	23.786855126993537	26.10983605595112	0.0
152.0	26.395989739556125	23.769832651456007	23.62719604608982	26.206981562898047	0.0
153.0	26.26839826839827	23.843275368699096	23.684202802846873	26.204123560055763	0.0
154.0	26.273387629319835	23.720008804754567	23.73292244478685	26.273681121138747	0.0
155.0	26.404578472375086	23.64340744001761	23.699757869249392	26.25225621835791	0.0
156.0	26.353804387702695	23.70914960745469	23.705627705627705	26.23141829921491	0.0
157.0	26.208309364764443	23.69395757269814	23.751188645355185	26.346544417182233	0.0
158.0	26.29987908101572	23.637313485401673	23.745612284429626	26.317195149152976	0.0
159.0	26.19451520879069	23.671652128995905	23.701881875066036	26.43195078714737	0.0
160.0	26.227092896303166	23.699827426303987	23.762928352566888	26.31015132482596	0.0
161.0	26.321597539357366	23.63672650004109	23.75881945504279	26.282856505558748	0.0
162.0	26.237071647433112	23.750895152674893	23.67722848992146	26.334804709970534	0.0
163.0	26.145208438501545	23.896174029419708	23.653455582817763	26.305161949260984	0.0
164.0	26.317195149152976	23.781124898745027	23.557776969042393	26.343902983059603	0.0
165.0	26.43459222127	23.499371925664175	23.74707974783109	26.318956105234736	0.0
166.0	26.259454160711194	23.90827739835585	23.68580929376649	26.146459147166468	0.0
167.0	26.279195355744566	23.643615616250198	23.813842370026002	26.26334665797923	0.0
168.0	26.23957361133123	23.710825834551336	23.763361332699382	26.286239221418047	0.0
169.0	26.267239178095863	23.680371917199118	23.680371917199118	26.37201698750591	0.0
170.0	26.158645930247914	23.617563930605982	23.936593283067378	26.287196856078726	0.0
171.0	26.25784732963334	23.7804538023779	23.791606622427146	26.170092245561616	0.0
172.0	26.277218017087296	23.746995342230154	23.787791183989246	26.187995456693308	0.0
173.0	26.35125616341864	23.76731627142522	23.70920403850669	26.172223526649447	0.0
174.0	26.325428504343744	23.599729983564217	23.70392110824137	26.37092040385067	0.0
175.0	26.182495891054238	23.764087814040856	23.720943883540738	26.332472411364172	0.0
176.0	26.410835876966427	23.702747123737964	23.78375205447288	26.102664944822727	0.0
177.0	26.404672458323553	23.76350082178915	23.628492603897627	26.20333411598967	0.0
178.0	26.275611280850203	23.823737449335084	23.70369718154843	26.196954088266285	0.0
179.0	26.270621832066894	23.70868663033174	23.748602220598205	26.27208931700316	0.0
180.0	26.410619894986777	23.657031160575137	23.67757594968288	26.25477299475521	0.0
181.0	26.352800988497854	23.72835092847772	23.684032883402452	26.234815199621973	0.0
182.0	26.226674258477683	23.690559348199976	23.739279991077666	26.34348640224467	0.0
183.0	26.288602304545105	23.642132203170952	23.746323939445524	26.32294155283842	0.0
184.0	26.215521340228577	23.66590552891247	23.705234240633015	26.413338890225933	0.0
185.0	26.23313121114822	23.704060249238374	23.765107801759815	26.297700737853592	0.0
186.0	26.326170029173685	23.63831673113836	23.75630286629999	26.27921037338796	0.0
187.0	26.238707670272778	23.742508467412936	23.67265597943167	26.34612788288262	0.0
188.0	26.16005024683169	23.88103945198082	23.65328512142006	26.305625179767432	0.0
189.0	26.31266912813529	23.78682664256071	23.5549633421187	26.345540887185297	0.0
190.0	26.444449662183978	23.498905253024496	23.75190039857008	26.304744686221447	0.0
191.0	26.241426168931987	23.901947950938755	23.691509375816295	26.165116504312962	0.0
192.0	26.270559644982917	23.651369469000574	23.819544723464702	26.258526162551803	0.0
193.0	26.24502518226323	23.72826635673112	23.74294133530565	26.283767125699995	0.0
194.0	26.279441762176596	23.67491892050541	23.680788929163672	26.36485038815432	0.0
195.0	26.161748088578427	23.62854585210513	23.930557797572753	26.279148261743686	0.0
196.0	26.244808711092848	23.785862084146576	23.7976021014631	26.171727103297478	0.0
197.0	26.284431269536125	23.738902014880473	23.784101081549096	26.19256563403431	0.0
198.0	26.353481218852178	23.771550332536968	23.692304983064975	26.182663465545886	0.0
199.0	26.331762123070963	23.594275550755178	23.701697024483877	26.37226530168998	0.0
200.0	26.18970749661006	23.766854311827515	23.711969569785804	26.331468621776622	0.0
201.0	26.403669940184436	23.709034556842397	23.78593189595966	26.101363607013507	0.0
202.0	26.401615431124053	23.757462270408613	23.641822760438373	26.199099538028964	0.0
203.0	26.27313897620578	23.8250374949004	23.70352760241024	26.198295926483578	0.0
204.0	26.2696169503365	23.703821104566014	23.751368453801295	26.275193491296196	0.0
205.0	26.425173092896365	23.63925063029588	23.69032000540044	26.245256271407314	0.0
206.0	26.347395021616432	23.72201823822396	23.68591747306384	26.244669267095766	0.0
207.0	26.229190636079743	23.69831411866914	23.74762262556059	26.32487261969053	0.0
208.0	26.283782197280985	23.640494024278567	23.743807086336847	26.331916692103597	0.0
209.0	26.19441753984327	23.662645651727278	23.71694402864606	26.425992779783392	0.0
210.0	26.226409556514334	23.69757271579936	23.76948137712424	26.30653635056206	0.0
211.0	26.320037568606736	23.639458777259254	23.765078806022718	26.275424848111296	0.0
212.0	26.23875129877372	23.736887521792983	23.684643064695074	26.33971811473822	0.0
213.0	26.163319694986292	23.868672697281525	23.65940136070395	26.308606247028234	0.0
214.0	26.317411492606528	23.78120725787042	23.55931506929728	26.342066180225764	0.0
215.0	26.46770491514579	23.489735898233647	23.733057041050536	26.30950214557003	0.0
216.0	26.250150426035884	23.90467832309458	23.698044314776386	26.14712693609315	0.0
217.0	26.294409091976423	23.655986568671192	23.802157935520228	26.247446403832154	0.0
218.0	26.231009462981664	23.71498344565243	23.758130415384976	26.295876675980935	0.0
219.0	26.267482645768208	23.680711486813717	23.692452193310732	26.35935367410734	0.0
220.0	26.165044981581765	23.635509766800215	23.941942206372268	26.257503045245752	0.0
221.0	26.253547915572085	23.784756364234074	23.786810999932488	26.17488472026135	0.0
222.0	26.269397962388425	23.74366365026578	23.78446284484859	26.202475542497204	0.0
223.0	26.3670785758314	23.76882209633391	23.700137955325957	26.16396137250873	0.0
224.0	26.3459449939828	23.58742551880008	23.690745252282134	26.375884234934986	0.0
225.0	26.1815726907159	23.773224925885703	23.706888960638704	26.338313422759697	0.0
226.0	26.428718189556488	23.70424726290763	23.78467228272036	26.082362264815522	0.0
227.0	26.419619008482787	23.754145997827937	23.638791863570987	26.187443130118286	0.0
228.0	26.280860256715066	23.838456774360196	23.686998993216687	26.193683975708048	0.0
229.0	26.262074795487965	23.703729794622074	23.775642888382073	26.258552521507884	0.0
230.0	26.429969855205186	23.642970568465667	23.68377024206828	26.243289334260865	0.0
231.0	26.34940575953881	23.728818534314488	23.694182636848485	26.227593069298212	0.0
232.0	26.231779409779094	23.696306863211287	23.75618604814991	26.315727678859712	0.0
233.0	26.283146357643105	23.641711135767245	23.742390353580717	26.332752153008933	0.0
234.0	26.19861103772976	23.646701067845466	23.733291065673377	26.421396828751405	0.0
235.0	26.221212494789924	23.709809032364113	23.778493979793712	26.29048449305225	0.0
236.0	26.318369407607005	23.63173127161081	23.785245064370123	26.26465425641206	0.0
237.0	26.23559524019185	23.73505221817157	23.701296795289505	26.32805574634708	0.0
238.0	26.147537615282108	23.880347299272646	23.682217643225727	26.289897442219523	0.0
239.0	26.317936856441747	23.772175975390684	23.56318465205293	26.34670251611464	0.0
240.0	26.460780687695568	23.486969947809342	23.738236554594717	26.314012809900373	0.0
241.0	26.27050479668401	23.894766506581497	23.710120592275988	26.124608104458506	0.0
242.0	26.281627872158666	23.64659568284499	23.80159757633403	26.270178868662313	0.0
243.0	26.238238532110092	23.704660550458716	23.767486238532108	26.28961467889908	0.0
244.0	26.250671614840996	23.67548745291356	23.68987395661148	26.38396697563396	0.0
245.0	26.15157850230198	23.630555294559805	23.942086347834255	26.275779855303956	0.0
246.0	26.243198562338314	23.78601862265198	23.79688330450767	26.173899510502036	0.0
247.0	26.257242450672045	23.744960017854677	23.785485438746417	26.212312092726865	0.0
248.0	26.365695916502364	23.752574774991846	23.698802013393237	26.182927295112556	0.0
249.0	26.34483326036301	23.594782572923798	23.722603071805736	26.337781094907452	0.0
