# Position (bp)	A	C	G	T	N
0.0	26.20358527663334	23.724091338228035	23.823987111712924	26.248336273425704	0.0
1.0	26.272588426526085	23.741703020836642	23.644405692326792	26.341302860310485	0.0
2.0	26.27327345534124	23.837445975558	23.674614791654037	26.214665777446726	0.0
3.0	26.39325142038893	23.713277749549633	23.608769458173587	26.28470137188785	0.0
4.0	26.29337844508789	23.77605016180763	23.658266911855982	26.272304481248504	0.0
5.0	26.2921789435093	23.728461278654546	23.70103720724804	26.278322570588113	0.0
6.0	26.34646360261643	23.826444897322947	23.727145191180803	26.09994630887982	0.0
7.0	26.41036150977381	23.716068768834646	23.75186181574663	26.121707905644907	0.0
8.0	26.346750566467982	23.686876704816058	23.698422549033758	26.2679501796822	0.0
9.0	26.130528527679083	23.752139539851004	23.71375049429504	26.40358143817487	0.0
10.0	26.243130599427356	23.821233952156646	23.72454280964256	26.211092638773437	0.0
11.0	26.27343677842431	23.741860626212247	23.76033296388658	26.22436963147686	0.0
12.0	26.340687632769928	23.63708783596564	23.66912579661956	26.35309873464487	0.0
13.0	26.168952618453865	23.680382377389858	23.700009236168835	26.450655767987442	0.0
14.0	26.39725916689757	23.649498937840583	23.563487115544472	26.38975477971737	0.0
15.0	26.233894430590194	23.72107924632862	23.7205019857763	26.324524337304883	0.0
16.0	26.28353883808996	23.69625704257874	23.820079431052	26.200124688279303	0.0
17.0	26.218019765401312	23.76004433361042	23.866548905513994	26.155386995474277	0.0
18.0	26.1963724946892	23.795257227302116	23.68095963794218	26.3274106400665	0.0
19.0	26.30143391521197	23.746478710630832	23.760621594162743	26.19146577999446	0.0
20.0	26.292775006927126	23.799875311720697	23.565507527477603	26.341842153874573	0.0
21.0	26.180786459776485	23.613708783596564	23.669703057171883	26.535801699455064	0.0
22.0	26.290891458324918	23.657444020481087	23.721519571906047	26.330144949287952	0.0
23.0	26.25423562485208	23.5748962380147	23.91692114089117	26.253946996242057	0.0
24.0	26.320331576547197	23.669566422102026	23.670720936542114	26.33938106480867	0.0
25.0	26.220177448869443	23.71949917163589	23.80608775464259	26.25423562485208	0.0
26.0	26.282232600024248	23.735085116577096	23.63839453221961	26.344287751179046	0.0
27.0	26.283387114464336	23.84014593062523	23.657444020481087	26.219022934429354	0.0
28.0	26.38873655712249	23.705356369744795	23.610686185657467	26.295220887475253	0.0
29.0	26.281078085584152	23.763370720359283	23.665236992951687	26.29031420110487	0.0
30.0	26.281943971414222	23.700738311984438	23.718633285805822	26.298684430795515	0.0
31.0	26.35063758059954	23.802912839932343	23.732487459086897	26.113962120381224	0.0
32.0	26.414135874804458	23.707088141404927	23.735951002407162	26.142824981383455	0.0
33.0	26.351792095039627	23.678225280402696	23.698717911714283	26.271264712843394	0.0
34.0	26.143979495823544	23.739991802947475	23.704779112524747	26.411249588704234	0.0
35.0	26.241247337401074	23.81705564182344	23.718921914415844	26.22277510635964	0.0
36.0	26.284830257514447	23.735951002407162	23.750959690128322	26.228259049950065	0.0
37.0	26.34688540866925	23.63550824611939	23.663505221291555	26.35410112391981	0.0
38.0	26.17457412848591	23.674184479862383	23.693233968123856	26.458007423527853	0.0
39.0	26.403745244843652	23.643878475810038	23.573164466354562	26.37921181299175	0.0
40.0	26.237495165470783	23.72440585800627	23.715458371095576	26.322640605427374	0.0
41.0	26.284830257514447	23.691790825073745	23.813880727113194	26.209498190298614	0.0
42.0	26.225084135239822	23.758175405378886	23.86496799108715	26.151772468294148	0.0
43.0	26.199107560337808	23.8023355827123	23.678513909012715	26.32004294793717	0.0
44.0	26.309363689366343	23.746053003757943	23.760773062869085	26.18381024400663	0.0
45.0	26.30243660272581	23.789058666651272	23.561330693343645	26.34717403727927	0.0
46.0	26.188428301766987	23.60260458457684	23.675916251522516	26.533050862133656	0.0
47.0	26.287564796748907	23.65240079891938	23.725134788782803	26.334899615548913	0.0
48.0	26.24455938210744	23.58226445155108	23.910721913712088	26.262454252629393	0.0
49.0	26.31815925280257	23.667120773058407	23.672893311936456	26.34182666220257	0.0
50.0	26.227819019361093	23.708683052980362	23.79988916725354	26.263608760405	0.0
51.0	26.28006049620744	23.729752819885242	23.657884710853526	26.33230197305379	0.0
52.0	26.276019718992806	23.840296939399888	23.661059607236453	26.222623734370853	0.0
53.0	26.3807912996294	23.707528545204752	23.60650911483889	26.305171040326957	0.0
54.0	26.265917775956222	23.758904141219393	23.67347056582426	26.30170751700013	0.0
55.0	26.280349123151343	23.69944699077548	23.713589711026703	26.306614175046466	0.0
56.0	26.337785884987934	23.80479582529988	23.740143389865732	26.11727489984645	0.0
57.0	26.41225163651477	23.698003856055973	23.733793597099876	26.155950910329377	0.0
58.0	26.362030548275744	23.67116155027304	23.6899223016267	26.276885599824514	0.0
59.0	26.154219148665963	23.716764607409633	23.708683052980362	26.42033319094404	0.0
60.0	26.2523523095928	23.81027973723403	23.70666266437304	26.23070528880012	0.0
61.0	26.27977186926354	23.72946419294134	23.74158652458524	26.24917741320988	0.0
62.0	26.352505859126964	23.62411535841694	23.667698026946212	26.355680755509887	0.0
63.0	26.180772827504995	23.682129374141333	23.689056420794994	26.448041377558678	0.0
64.0	26.414560652065994	23.63796945172426	23.564080954085227	26.383388942124526	0.0
65.0	26.24253899350012	23.725423415726706	23.706374037429143	26.325663553344032	0.0
66.0	26.299398501448906	23.687901913019385	23.81374326056086	26.19895632497085	0.0
67.0	26.23185979657573	23.75544061789256	23.864830229631597	26.14786935590011	0.0
68.0	26.20039945969036	23.808836602514518	23.68299525497304	26.30776868282208	0.0
69.0	26.31815925280257	23.76352217232183	23.758904141219393	26.15941443365621	0.0
70.0	26.309500444485494	23.786323700890126	23.55513351882425	26.34904233580013	0.0
71.0	26.194915547756214	23.5964071718023	23.684149762748653	26.52452751769283	0.0
72.0	26.29174243080209	23.66092302363841	23.722977458365804	26.324357087193697	0.0
73.0	26.257684648021474	23.574912690853463	23.895863999769098	26.271538661355965	0.0
74.0	26.336767974139175	23.643894132248104	23.674488411695098	26.344849481917628	0.0
75.0	26.235749126908537	23.702196438364073	23.79657690420527	26.265477530522123	0.0
76.0	26.288567552746265	23.74087222558952	23.625422114468787	26.345138107195424	0.0
77.0	26.29029930441308	23.830346061708084	23.651109764193148	26.228244869685685	0.0
78.0	26.366207752474963	23.709123445031317	23.61849510780154	26.30617369469218	0.0
79.0	26.261725401910702	23.75039685975698	23.68603342280717	26.301844315525152	0.0
80.0	26.286835801079462	23.681126793084537	23.734233844200077	26.29780356163593	0.0
81.0	26.334458971916764	23.80754466476174	23.75183998614599	26.106156377175516	0.0
82.0	26.40863566831183	23.69700118336364	23.72586371114382	26.16849943718071	0.0
83.0	26.346869858862238	23.678817790862126	23.706237192253298	26.26807515802234	0.0
84.0	26.150316044679194	23.715473201142956	23.710566571420326	26.423644182757528	0.0
85.0	26.25855052385488	23.808699165872945	23.718648079198775	26.2141022310734	0.0
86.0	26.289144803301873	23.720379830865586	23.74722198170116	26.243253384131382	0.0
87.0	26.355817242474096	23.626576615579992	23.66669552919445	26.350910612751466	0.0
88.0	26.180621698848384	23.67333391058389	23.679972291973332	26.466072098594395	0.0
89.0	26.412387796923255	23.637544376136464	23.571737812797643	26.378330014142637	0.0
90.0	26.24469651052039	23.72586371114382	23.699598810863858	26.32984096747193	0.0
91.0	26.300689814413946	23.688919675585186	23.80754466476174	26.202845845239125	0.0
92.0	26.23141974774151	23.749819609201374	23.856899587265854	26.16186105579127	0.0
93.0	26.203134470516925	23.80754466476174	23.68285854475135	26.30646231996998	0.0
94.0	26.328975091638522	23.756169365313013	23.756169365313013	26.158686177735447	0.0
95.0	26.318873206915463	23.7856091436488	23.546627413628883	26.348890235806856	0.0
96.0	26.18783733079343	23.60262071752244	23.691805928363205	26.51773602332092	0.0
97.0	26.28322057770902	23.64981874437184	23.736694451499687	26.330266226419454	0.0
98.0	26.256667205430738	23.577085594218293	23.904384769909257	26.261862430441706	0.0
99.0	26.340079429217944	23.64895287353668	23.667136161075064	26.34383153617031	0.0
100.0	26.247719873467407	23.692823662518183	23.796150915514097	26.26330554850031	0.0
101.0	26.28206608326214	23.740446558452057	23.638562423514742	26.338924934771065	0.0
102.0	26.296497263848163	23.829054007250225	23.645200766584313	26.229247962317302	0.0
103.0	26.373271144565795	23.71273869172689	23.612297674848186	26.30169248885913	0.0
104.0	26.260130688771387	23.749971137638827	23.69195779168302	26.297940381906766	0.0
105.0	26.28957029716687	23.68358770694313	23.733808215382485	26.293033780507514	0.0
106.0	26.344408783393753	23.80682998914775	23.75603223348496	26.09272899397354	0.0
107.0	26.416564686323856	23.707543466715926	23.726304001477754	26.149587845482465	0.0
108.0	26.352490244521924	23.66944514996883	23.705523101433883	26.272541504075363	0.0
109.0	26.150742339929344	23.721686023690225	23.707543466715926	26.420028169664505	0.0
110.0	26.26215105405343	23.814045579440762	23.721108776466785	26.202694590039023	0.0
111.0	26.28985892077859	23.728901613983236	23.749682514027107	26.231556951211065	0.0
112.0	26.358262716756332	23.620379135976354	23.670888268027433	26.35046987923988	0.0
113.0	26.181913689995152	23.675217622203238	23.679258352767324	26.46361033503429	0.0
114.0	26.409926343254288	23.634521692950656	23.572756240042487	26.382795723752565	0.0
115.0	26.24137015400956	23.720820152855065	23.71216144450345	26.32564824863192	0.0
116.0	26.30717633748182	23.69051467362442	23.81231383777044	26.189995151123323	0.0
117.0	26.233577316493108	23.74333279456926	23.85849361564571	26.164596273291924	0.0
118.0	26.211641922002354	23.796439539125817	23.69715301669399	26.294765522177837	0.0
119.0	26.333729709760096	23.752568750144313	23.747084901521625	26.16661663857397	0.0
120.0	26.319875776397517	23.77767900436399	23.551975339998616	26.35046987923988	0.0
121.0	26.19461312891085	23.599886859544206	23.69138054445958	26.51411946708536	0.0
122.0	26.287990302190668	23.646203134470518	23.735676970589083	26.330129592749735	0.0
123.0	26.262591277744107	23.57577856668687	23.888936993101854	26.27269316246717	0.0
124.0	26.341097353306203	23.64187375530349	23.674199786417294	26.342829104973013	0.0
125.0	26.246716887465006	23.696423932808035	23.79369065142725	26.26316852829971	0.0
126.0	26.292608306635497	23.7535717378128	23.632349121136027	26.321470834415678	0.0
127.0	26.29174243080209	23.823996305596445	23.645625883914914	26.238635379686553	0.0
128.0	26.386988772476695	23.713452824198345	23.60579559557826	26.293762807746702	0.0
129.0	26.25681877218807	23.75530348947961	23.694114930585624	26.293762807746702	0.0
130.0	26.28741305163506	23.678529165584322	23.732790717811067	26.30126706496955	0.0
131.0	26.33157271913874	23.80898779115075	23.761364620313447	26.098074869397063	0.0
132.0	26.42710768609115	23.699310185586054	23.72730683753283	26.146275290789966	0.0
133.0	26.359857996363324	23.668427280861255	23.703639564753082	26.26807515802234	0.0
134.0	26.157243051346434	23.71431870003175	23.70335093947528	26.425087309146534	0.0
135.0	26.250180390798626	23.822264553929635	23.726152336421624	26.201402718850115	0.0
136.0	26.295494559413513	23.72730683753283	23.743758478367536	26.23344012468612	0.0
137.0	26.3566831183075	23.629174243080207	23.656882269749186	26.357260368863106	0.0
138.0	26.19072358357145	23.67189078419488	23.675354287528503	26.462031344705167	0.0
139.0	26.409212918867436	23.63610124974745	23.56769705890842	26.386988772476695	0.0
140.0	26.2455623863538	23.724709210032614	23.715184575865152	26.314543827748434	0.0
141.0	26.309637198025804	23.683435795306952	23.819089675873816	26.18783733079343	0.0
142.0	26.227667619130084	23.751551360868184	23.85805408837706	26.16272693162467	0.0
143.0	26.211793228850983	23.79628827892747	23.6909400525298	26.300978439691747	0.0
144.0	26.33128409386094	23.743758478367536	23.756746615868618	26.16821081190291	0.0
145.0	26.31685282997085	23.787629520593416	23.551245418073716	26.34427223136202	0.0
146.0	26.203423095794733	23.602043466966837	23.691517303085405	26.50301613415303	0.0
147.0	26.27977186926354	23.654998441414506	23.731195954604754	26.334033734717206	0.0
148.0	26.268226791507445	23.58197582460718	23.88734313125599	26.262454252629393	0.0
149.0	26.34990821663184	23.636526317004744	23.666543519170602	26.347021947192818	0.0
150.0	26.257258967639146	23.691365436346214	23.795271136151104	26.25610445986354	0.0
151.0	26.280926377039147	23.762367664546222	23.644607871434015	26.31209808698062	0.0
152.0	26.289007931468415	23.8186499186072	23.64633963309743	26.246002516826948	0.0
153.0	26.382234434348916	23.712723830194996	23.613436161492547	26.29160557396354	0.0
154.0	26.26216562568549	23.745338674855976	23.70233326021451	26.290162439244032	0.0
155.0	26.290739693131833	23.688190539963287	23.72830968516573	26.292760081739154	0.0
156.0	26.333456480829398	23.801332301973055	23.768717457312075	26.096493759885476	0.0
157.0	26.421487698719652	23.696272094392555	23.732350462380364	26.149889744507433	0.0
158.0	26.363473682995252	23.66163686112426	23.702910514102314	26.271978941778173	0.0
159.0	26.177886558065964	23.70493090270963	23.7014673793828	26.415715159841604	0.0
160.0	26.25610445986354	23.813454633616956	23.721382638512072	26.209058268007436	0.0
161.0	26.294203216458662	23.730041446829144	23.74562730179988	26.230128034912315	0.0
162.0	26.35366036690257	23.633928674509622	23.666543519170602	26.345867439417205	0.0
163.0	26.204440236904997	23.66394587667548	23.670295669441334	26.461318216978192	0.0
164.0	26.425239848990383	23.624981239248648	23.565812715748642	26.38396619601233	0.0
165.0	26.243693501275732	23.72600066961451	23.70608541048524	26.32422041862452	0.0
166.0	26.302573397831836	23.687901913019385	23.823267949709642	26.18625673943914	0.0
167.0	26.23185979657573	23.754574737060853	23.853862405763305	26.159703060600116	0.0
168.0	26.226087257697685	23.79123035893647	23.695983467448652	26.2866989159172	0.0
169.0	26.336920004156227	23.734082224043778	23.76265629149012	26.166341480309868	0.0
170.0	26.318447879746472	23.78545782005842	23.5490723530023	26.347021947192818	0.0
171.0	26.21079002967085	23.599004814297427	23.687036032187677	26.50316912384405	0.0
172.0	26.28887105805476	23.654557734380862	23.73306471630694	26.323506491257437	0.0
173.0	26.265492140642948	23.5800915529951	23.892676337649295	26.26173996871266	0.0
174.0	26.343421865348983	23.637528646389544	23.680534309282876	26.3385151789786	0.0
175.0	26.26318311176277	23.694965739783992	23.791656324141474	26.25019482431177	0.0
176.0	26.277614542263887	23.753557347618525	23.656289506041	26.31253860407659	0.0
177.0	26.284830257514447	23.812726212673105	23.662062078241444	26.240381451571004	0.0
178.0	26.37950044160177	23.701892826424526	23.62049955839823	26.298107173575474	0.0
179.0	26.259142311222455	23.73941454572743	23.702758712254592	26.298684430795515	0.0
180.0	26.290602829714892	23.68284333816305	23.736528259627207	26.290025572494848	0.0
181.0	26.342555979518913	23.796563010511854	23.765968377849486	26.094912632119748	0.0
182.0	26.412115474534296	23.701604197814504	23.730178430206717	26.156101897444483	0.0
183.0	26.353812495309786	23.667546021831868	23.70679951279491	26.27184197006344	0.0
184.0	26.15927681215473	23.720076428855936	23.708531284455038	26.412115474534296	0.0
185.0	26.266358026473014	23.807242269082682	23.72556037244636	26.200839331997944	0.0
186.0	26.28021219975409	23.733641973526982	23.751248318738348	26.23489750798058	0.0
187.0	26.3578532958501	23.63810590360959	23.66292796407151	26.3411128364688	0.0
188.0	26.207051814907178	23.65902373695391	23.679516486561376	26.454407961577537	0.0
189.0	26.426410824789876	23.626119885471507	23.565796157753763	26.38167313198485	0.0
190.0	26.23995566638958	23.71790431329085	23.713286228872263	26.328853791447308	0.0
191.0	26.295159944929186	23.68680061074343	23.820148183211483	26.197891261115906	0.0
192.0	26.216940914325626	23.769637739094797	23.851897605227688	26.16152374135189	0.0
193.0	26.233681518661445	23.78811013008604	23.684202930760286	26.294005420492233	0.0
194.0	26.34278407795349	23.727497597146016	23.76877184576708	26.16094647913341	0.0
195.0	26.31016876260957	23.784069294556705	23.556050718258515	26.349711224575206	0.0
196.0	26.205107038846858	23.595015918005675	23.69228460181895	26.50759244132851	0.0
197.0	26.287230020117704	23.65518774118876	23.738025347730336	26.3195568909632	0.0
198.0	26.255480414823023	23.60958376267459	23.896773374203732	26.238162448298652	0.0
199.0	26.335720326385943	23.64941508568064	23.68405101872938	26.330813569204036	0.0
200.0	26.258944008127898	23.695884962521035	23.804699518849162	26.240471510501905	0.0
201.0	26.28320397625102	23.750133494199858	23.659790392458515	26.306872137090604	0.0
202.0	26.30023350661121	23.81161298516122	23.653440398086918	26.23471311014065	0.0
203.0	26.39490614996955	23.693272180963294	23.620824517905543	26.290997151161616	0.0
204.0	26.265885809783036	23.734835780486467	23.708858530784486	26.290419878946015	0.0
205.0	26.3201493980494	23.675665378387507	23.719826702880876	26.284358520682222	0.0
206.0	26.36373345032717	23.801222085280425	23.748113041445258	26.086931422947146	0.0
207.0	26.430408391228926	23.70106535587389	23.722713063958874	26.14581318893831	0.0
208.0	26.369217536375366	23.662965389644313	23.705683533598688	26.262133540381633	0.0
209.0	26.16501421541037	23.712747687289838	23.710727222871657	26.411510874428135	0.0
210.0	26.262285145256957	23.807998152718245	23.738436449178106	26.19128025284669	0.0
211.0	26.30067396920235	23.740745551370306	23.74132282691836	26.217257652508984	0.0
212.0	26.357824248459394	23.64982465255228	23.657617872450967	26.334733226537356	0.0
213.0	26.200880925029008	23.677313582755573	23.675870389719847	26.44593510249557	0.0
214.0	26.415916687352432	23.65624296443395	23.555508090540158	26.37233225767346	0.0
215.0	26.236094835100765	23.734175388363248	23.7275367003989	26.302193076137094	0.0
216.0	26.282944964482507	23.69670572003383	23.84044982089716	26.179899494586508	0.0
217.0	26.210784271278026	23.767134556601405	23.86989138372459	26.152189788395987	0.0
218.0	26.210206985732388	23.801771689339557	23.6978602911251	26.290161033802956	0.0
219.0	26.333168806952827	23.73422928050016	23.76742319937422	26.165178713172786	0.0
220.0	26.296511174804948	23.79166919229093	23.559023117399676	26.352796515504444	0.0
221.0	26.19635213263713	23.59770124895728	23.69641707726101	26.509529541144584	0.0
222.0	26.281076181926817	23.644309230560516	23.745623428691832	26.32899115882083	0.0
223.0	26.25885056011453	23.590044076005853	23.89918227030397	26.25192309357564	0.0
224.0	26.33043438101643	23.64488651943876	23.69078098525893	26.33389811428588	0.0
225.0	26.252651936093752	23.698422549033758	23.79511899435697	26.25380652051552	0.0
226.0	26.27632091674003	23.748358325275294	23.65830074037726	26.317020017607412	0.0
227.0	26.289887283695823	23.815901513948823	23.666094185224207	26.228117017131147	0.0
228.0	26.374171946485014	23.707659224407916	23.62857019151669	26.289598637590384	0.0
229.0	26.263620488100564	23.73190549726508	23.722091529680036	26.28238248495432	0.0
230.0	26.30489688117883	23.672733045649384	23.727864451788886	26.294505621382903	0.0
231.0	26.353678072998598	23.809262653523646	23.74922426359162	26.087835009886128	0.0
232.0	26.422953138304784	23.711122977673224	23.718627776414728	26.14729610760727	0.0
233.0	26.358023444107364	23.66781068060651	23.70908755026108	26.265078325025044	0.0
234.0	26.167226165494267	23.720344878348694	23.709953498575516	26.40247545758152	0.0
235.0	26.26969671603534	23.806939709791855	23.7342000513796	26.1891635227932	0.0
236.0	26.27900935226879	23.740618866181734	23.757360581918945	26.22301119963053	0.0
237.0	26.350883269830273	23.656332986953007	23.65921948966632	26.3335642535504	0.0
238.0	26.202881315325357	23.67112247755016	23.68007066179039	26.4459255453341	0.0
239.0	26.40493708849177	23.660442386682792	23.55681664015887	26.377803884666566	0.0
240.0	26.235101564822806	23.736754140097972	23.720589211642213	26.307555083437013	0.0
241.0	26.26732367450977	23.689809161737667	23.848576434895314	26.19429072885725	0.0
242.0	26.200304839324275	23.775446578063118	23.886297241435052	26.137951341177555	0.0
243.0	26.20201676111514	23.798704954142213	23.720182334142617	26.279095950600034	0.0
244.0	26.32227742637655	23.72434618682356	23.79161121391722	26.161765172882667	0.0
245.0	26.28739040184307	23.792146752545623	23.582549750417893	26.337913095193414	0.0
246.0	26.203708782880586	23.59000713116434	23.712131929427457	26.494152156527612	0.0
247.0	26.280565091482337	23.656926066331554	23.748451715167562	26.314057127018547	0.0
248.0	26.247480784666998	23.60555295693802	23.899196738446257	26.247769519948722	0.0
249.0	26.333523898619266	23.65203933729478	23.69968065877842	26.31475610530753	0.0
