# Position (bp)	A	C	G	T	N
0.0	26.409940077546707	23.721948067207144	23.606509223358007	26.26160263188814	0.0
1.0	26.317706497473857	23.851486311831746	23.70961109152861	26.121196099165783	0.0
2.0	26.216911635120372	23.632700057570524	23.9572685723685	26.193119734940606	0.0
3.0	26.192182525229978	23.871259560369847	23.773453011736787	26.16310490266339	0.0
4.0	26.23407748541017	23.915565515438637	23.591901949324036	26.258455049827155	0.0
5.0	26.185854041052238	23.845424135004244	23.682425189357783	26.28629663458573	0.0
6.0	26.260345019999882	23.804265466869502	23.705587632378077	26.229801880752536	0.0
7.0	26.128427865780957	23.88302527326015	23.712696538802646	26.275850322156245	0.0
8.0	26.241201396617697	23.84939081509498	23.598904083844047	26.310503704443278	0.0
9.0	26.269549028935206	23.74953751827904	23.869342306946915	26.11157114583884	0.0
10.0	26.18853963266924	23.78371236034237	23.90821135466064	26.119536652327753	0.0
11.0	26.049359153171935	23.805440958407353	23.837740225801245	26.307459662619472	0.0
12.0	26.10896598299884	23.831280372322464	23.79017221382115	26.269581430857546	0.0
13.0	26.251670018939116	23.763745540498878	23.72528004932979	26.25930439123222	0.0
14.0	26.35678945282105	23.654808920470394	23.78958495441399	26.198816672294566	0.0
15.0	26.1080850938881	23.75082583354132	23.76903087516333	26.37205819740725	0.0
16.0	26.250495500124792	23.68886996608577	23.766388207831106	26.29424632595833	0.0
17.0	26.216728084213	23.740842423619572	23.824526889140106	26.21790260302732	0.0
18.0	26.134218137506792	23.90821135466064	23.721169233479657	26.236401274352914	0.0
19.0	26.186777854447758	23.777839766270755	23.752000352355644	26.283382026925846	0.0
20.0	26.175326296008105	23.716177528518784	23.905275057624827	26.20322111784828	0.0
21.0	26.273398617004094	23.780188803899403	23.63073128477677	26.31568129431973	0.0
22.0	26.35737671222821	23.73996153450883	23.727922716662018	26.17473903660094	0.0
23.0	26.231996828799204	23.72087560377608	23.68652092845712	26.3606066389676	0.0
24.0	26.250201870421215	23.845668227797926	23.668022257131533	26.23610764464933	0.0
25.0	26.449576439152583	23.65950699572769	23.62397780159441	26.266938763525317	0.0
26.0	26.33682263297755	23.802798291075124	23.718526566147432	26.14185250979989	0.0
27.0	26.217021713916576	23.632786692701835	23.94256602997959	26.207625563401994	0.0
28.0	26.207548610254694	23.82974225260302	23.78188075145493	26.180828385687356	0.0
29.0	26.241315927015613	23.86850125966773	23.6227339194165	26.267448893900152	0.0
30.0	26.188169106722338	23.843542808148786	23.659731153432816	26.30855693169606	0.0
31.0	26.27038518231415	23.806545574132475	23.692617583669538	26.23045165988384	0.0
32.0	26.14236300746405	23.871731176923124	23.735781023355237	26.250124792257594	0.0
33.0	26.247992318692067	23.836719353313736	23.60181696993543	26.313471358058766	0.0
34.0	26.294972795367727	23.733655932606506	23.876359130508828	26.095012141516943	0.0
35.0	26.189560350826707	23.746575563692314	23.93068030666506	26.133183778815916	0.0
36.0	26.065649343594654	23.79913497197321	23.815284510830466	26.319931173601667	0.0
37.0	26.121145031667776	23.825855118082494	23.78004915332372	26.272950696926006	0.0
38.0	26.258269297964866	23.768304034154806	23.70869755437256	26.26472911350777	0.0
39.0	26.338429736292714	23.65555089013322	23.80001585591088	26.20600351766319	0.0
40.0	26.106170004727407	23.744520167837752	23.76037607871579	26.388933748719047	0.0
41.0	26.261792833715543	23.693135271473746	23.773589337780816	26.271482557029895	0.0
42.0	26.203067237870965	23.75244812327677	23.84112377300208	26.203360865850183	0.0
43.0	26.1317156389198	23.91335625589091	23.731306908772723	26.223621196416563	0.0
44.0	26.190147606785157	23.754503519131333	23.760082450736565	26.29526642334695	0.0
45.0	26.161665692800533	23.721617185458367	23.881350806155616	26.23536631558548	0.0
46.0	26.286751211949483	23.77476384969771	23.631473395836945	26.307011542515863	0.0
47.0	26.353992019191523	23.720736301520702	23.74804370358843	26.177227975699346	0.0
48.0	26.23742171144004	23.730132396855833	23.67493033676193	26.3575155549422	0.0
49.0	26.2535712502973	23.853456148129442	23.6476229346942	26.245349666879058	0.0
50.0	26.455293672023423	23.656138146091664	23.63617144350451	26.25239673838041	0.0
51.0	26.33754885235504	23.798547716014763	23.74099663208708	26.122906799543117	0.0
52.0	26.23096189589714	23.63499693158762	23.923633235163713	26.210407937351533	0.0
53.0	26.21943341711494	23.833419463954336	23.77997932865096	26.167167790279766	0.0
54.0	26.260541213502147	23.866305701064107	23.611730990580444	26.261422094853305	0.0
55.0	26.195062366399664	23.848100819806913	23.644617227690212	26.312219586103215	0.0
56.0	26.269643654130746	23.79407343026943	23.703049023983464	26.233233891616358	0.0
57.0	26.15835897676822	23.863956684127693	23.72242841370886	26.255255925395222	0.0
58.0	26.24049752032628	23.837166624090862	23.619002316711153	26.30333353887171	0.0
59.0	26.279549812226012	23.73351655611638	23.876806168500362	26.110127463157244	0.0
60.0	26.199683470897234	23.75436402021323	23.91791384418429	26.128038664705244	0.0
61.0	26.051989464689974	23.801637847249747	23.825127947640567	26.321244740419708	0.0
62.0	26.130974927254098	23.823366190111255	23.792241807093422	26.253417075541226	0.0
63.0	26.269566519559913	23.769045332957493	23.71707348584281	26.244314661639784	0.0
64.0	26.346496598339836	23.675965810158882	23.802518726014405	26.175018865486877	0.0
65.0	26.108659331882823	23.72206513217586	23.77814774685893	26.391127789082386	0.0
66.0	26.254004328050996	23.67919569896262	23.796352574661817	26.27044739832457	0.0
67.0	26.197921713367922	23.744380727547135	23.851847936835117	26.205849622249822	0.0
68.0	26.14007734115554	23.89354286502882	23.742031717508052	26.224348076307592	0.0
69.0	26.190287430740906	23.75025325264484	23.777266868094276	26.282192448519975	0.0
70.0	26.1706144716636	23.717954364607465	23.882091441088296	26.22933972264064	0.0
71.0	26.292762993695845	23.765815444153755	23.63309637694564	26.30832518520476	0.0
72.0	26.347083850849607	23.734691061135923	23.766989949173293	26.151235138841173	0.0
73.0	26.24108477283605	23.74173809125317	23.664808012473245	26.35236912343754	0.0
74.0	26.271328277089225	23.827770583934534	23.64425417463128	26.256646964344966	0.0
75.0	26.45073391882409	23.664514386218357	23.641317912082428	26.24343378287513	0.0
76.0	26.337687810693282	23.807510372347455	23.724707768469823	26.13009404848944	0.0
77.0	26.218181924955005	23.622819458024658	23.9554980048096	26.20350061221074	0.0
78.0	26.22309657339167	23.852071527145668	23.76574566168482	26.159086237777846	0.0
79.0	26.26537862994392	23.862935666676456	23.602196317937576	26.269489385442053	0.0
80.0	26.19021052940658	23.843556390756675	23.66297677423144	26.30325630560531	0.0
81.0	26.278885398009223	23.793933699386326	23.71876559884899	26.208415303755466	0.0
82.0	26.145579469712544	23.881140441025337	23.72052735120533	26.252752738056788	0.0
83.0	26.228892066558807	23.84201825757331	23.635893837114725	26.293195838753153	0.0
84.0	26.284680727366688	23.732789932202095	23.897513293850622	26.085016046580595	0.0
85.0	26.213329966438714	23.760684262606034	23.909845524134468	26.11614024682078	0.0
86.0	26.05301097274871	23.783293351459754	23.854350487857158	26.30934518793438	0.0
87.0	26.110561380739995	23.84994611989864	23.79063396472395	26.24885853463742	0.0
88.0	26.26559513287978	23.770961121175908	23.712823464123485	26.250620281820826	0.0
89.0	26.356031488294658	23.65967742409072	23.79298296096849	26.191308126646135	0.0
90.0	26.097641901395008	23.740424169996857	23.780357106154078	26.381576822454058	0.0
91.0	26.2444541666789	23.671716029844	23.810894057333126	26.27293574614398	0.0
92.0	26.201291360685435	23.743360415302536	23.875785078588603	26.179563145423423	0.0
93.0	26.126417105390654	23.882538442791663	23.746003036077646	26.24504141574004	0.0
94.0	26.181618517137395	23.767144002278524	23.7683185004008	26.28291898018328	0.0
95.0	26.163120171711622	23.716934207551436	23.912488144909577	26.20745747582736	0.0
96.0	26.26471425928808	23.791221213785086	23.647932442868008	26.296132084058833	0.0
97.0	26.35368249205012	23.7336708057938	23.77066749664534	26.141979205510747	0.0
98.0	26.24592228933174	23.73249630767153	23.6725969034357	26.34898449956103	0.0
99.0	26.26324613663524	23.8220517894947	23.652630435357093	26.262071638512968	0.0
100.0	26.44999133807635	23.666430788293777	23.630902220095077	26.2526756535348	0.0
101.0	26.322558291809933	23.800910823293822	23.73924967187459	26.137281213021662	0.0
102.0	26.226543070314268	23.60799950671079	23.937152605477273	26.228304817497673	0.0
103.0	26.236155644034152	23.833433165380594	23.773240313355178	26.157170877230072	0.0
104.0	26.262875397860068	23.842241875433096	23.613802661404932	26.281080065301904	0.0
105.0	26.200039932818903	23.833726789049013	23.671646524083013	26.29458675404907	0.0
106.0	26.27109686057574	23.80730065889151	23.703945127608847	26.217657352923908	0.0
107.0	26.147187672503907	23.854280445838178	23.75621014058701	26.242321741070906	0.0
108.0	26.24341917885446	23.848044325298833	23.63927851004043	26.26925798580627	0.0
109.0	26.292160564695383	23.722080141408743	23.887389781339095	26.09836951255678	0.0
110.0	26.214937766646212	23.75937023780511	23.919394667222594	26.106297328326082	0.0
111.0	26.042874802171635	23.78197919388795	23.862138219999824	26.313007783940595	0.0
112.0	26.119803977414534	23.851861421780352	23.78873251843217	26.239602082372944	0.0
113.0	26.243712801660728	23.77463862373118	23.71004160635165	26.27160696825644	0.0
114.0	26.362336415394054	23.646619080197198	23.823967255184645	26.167077249224103	0.0
115.0	26.122152959864696	23.728833465952967	23.78755802720709	26.361455546975243	0.0
116.0	26.22227833680298	23.675100492405445	23.840410132335798	26.262211038455778	0.0
117.0	26.20612908245809	23.75525951851732	23.87447037786319	26.164141021161395	0.0
118.0	26.125676433539947	23.88504079888893	23.76054472903019	26.22873803854093	0.0
119.0	26.192328810563374	23.761425597449005	23.77728122898762	26.268964363000002	0.0
120.0	26.172362459736974	23.698296694100822	23.9102923602282	26.219048485934	0.0
121.0	26.292160564695383	23.768472544799497	23.63898488723416	26.300382003270954	0.0
122.0	26.335616740023433	23.746157211522934	23.77375775531237	26.144468293141266	0.0
123.0	26.286288108569966	23.71180334318927	23.670989773117658	26.330918775123102	0.0
124.0	26.263972775293404	23.811341474515007	23.664823694185973	26.259862056005613	0.0
125.0	26.442789064312205	23.656308632804127	23.650142553872445	26.250759749011227	0.0
126.0	26.33121239792937	23.798422071039102	23.74439547468531	26.125970056346215	0.0
127.0	26.23872121395413	23.608448115382018	23.952574044331172	26.20025662633268	0.0
128.0	26.22235533161857	23.833433165380594	23.77647017370776	26.167741329293072	0.0
129.0	26.254653935144407	23.845178112117264	23.62701572648368	26.273152226254652	0.0
130.0	26.216776481918654	23.816990239949263	23.667829416393594	26.29840386173849	0.0
131.0	26.28203810659158	23.79034034019338	23.72251307363222	26.20510847958282	0.0
132.0	26.15526910767243	23.84179463840033	23.76486478550665	26.238071468420586	0.0
133.0	26.237267631522542	23.84773716926673	23.620764074240462	26.294231124970267	0.0
134.0	26.26075773191336	23.72881853603822	23.90323253144003	26.107191200608394	0.0
135.0	26.231472128914053	23.76500434568133	23.91387329402645	26.08965023137817	0.0
136.0	26.031512062201966	23.802294989546873	23.86131404007423	26.304878908176928	0.0
137.0	26.119893824434477	23.834006718188437	23.80317587089803	26.242923586479062	0.0
138.0	26.257898569448685	23.756195532169787	23.69776373587654	26.28814216250499	0.0
139.0	26.36888961969416	23.645791736158415	23.817857226750604	26.16746141739682	0.0
140.0	26.11666392614691	23.709508820558597	23.785558243874938	26.388269009419556	0.0
141.0	26.21737802729558	23.694533837588967	23.824023396208688	26.264064738906768	0.0
142.0	26.21943341711494	23.742101430551315	23.881867938267835	26.15659721406591	0.0
143.0	26.139273214159875	23.881574311150782	23.762068074510818	26.217084400178525	0.0
144.0	26.183610908834652	23.76617885414954	23.788494515045453	26.261715721970358	0.0
145.0	26.162469756406942	23.70392990533462	23.91211153132414	26.221488806934296	0.0
146.0	26.27023090836485	23.771757769373515	23.65460054966996	26.30341077259167	0.0
147.0	26.34422494186183	23.72242841370886	23.78203471847032	26.151311925958986	0.0
148.0	26.275516196471777	23.711270583260905	23.668694651288437	26.34451856897888	0.0
149.0	26.26326097361165	23.79884134399399	23.678453872512602	26.259443809881756	0.0
150.0	26.441493156999947	23.638814095317514	23.655257262154	26.264435485528548	0.0
151.0	26.332557176708253	23.800896739848547	23.748630959546873	26.117915123896324	0.0
152.0	26.247992318692067	23.59741255024709	23.942425425833978	26.212169705226874	0.0
153.0	26.22545996958005	23.837082973638	23.780412607247932	26.157044449534013	0.0
154.0	26.237498752077425	23.831797654492814	23.659143895750017	26.27155969767975	0.0
155.0	26.227221742628448	23.807132831815274	23.68292783190336	26.282717593652922	0.0
156.0	26.28602469425807	23.77607798804927	23.729097235476342	26.208800082216317	0.0
157.0	26.16982417401722	23.845444615402688	23.738856720029126	26.245874490550968	0.0
158.0	26.238610770988043	23.819968698889777	23.63233821642398	26.3090823136982	0.0
159.0	26.293226216588412	23.709856913405154	23.893376555879527	26.1035403141269	0.0
160.0	26.245734990985486	23.74897962779171	23.922222678983562	26.08306270223924	0.0
161.0	26.030502522301376	23.784215502610394	23.85762357514931	26.327658399938926	0.0
162.0	26.127694810342906	23.829434875294368	23.804182498340978	26.23868781602175	0.0
163.0	26.260416605493276	23.751915950693267	23.68614231769839	26.301525126115067	0.0
164.0	26.373465037203207	23.631526711729435	23.825617655522343	26.16939059554501	0.0
165.0	26.132392926985393	23.715211914423804	23.785683664061168	26.366711494529632	0.0
166.0	26.24544135869533	23.681150568765748	23.829434875294368	26.243973197244554	0.0
167.0	26.214022703648677	23.74222608511813	23.8855186427141	26.158232568519097	0.0
168.0	26.13151203011493	23.88904223019597	23.753971376724355	26.225474362964746	0.0
169.0	26.191706649596842	23.74692420176062	23.790675412993817	26.27069373564872	0.0
170.0	26.149423599814426	23.714331017553338	23.922809943563873	26.213435439068363	0.0
171.0	26.288898937638372	23.756026802755446	23.657953617843447	26.297120641762735	0.0
172.0	26.329713825970014	23.736353439315014	23.785390031771016	26.148542702943956	0.0
173.0	26.273923690840434	23.714037385263183	23.68232509792637	26.329713825970014	0.0
174.0	26.253740152278155	23.812474123578447	23.670942944142165	26.262842780001233	0.0
175.0	26.421404682274247	23.64745229195357	23.659491251200226	26.271651774571957	0.0
176.0	26.343591896899525	23.77665087899084	23.751398427888102	26.12835879622153	0.0
177.0	26.26225551369652	23.578448501149573	23.959877966061878	26.19941801909203	0.0
178.0	26.23510170043957	23.82524026673792	23.75711697532586	26.182541057496643	0.0
179.0	26.257417951074558	23.810558522899118	23.65669384746843	26.275329678557902	0.0
180.0	26.230109907534377	23.81261396703655	23.676661019089202	26.280615106339873	0.0
181.0	26.261899588322695	23.77568578626842	23.729291339507512	26.23312328590137	0.0
182.0	26.168600263685665	23.820682000369985	23.751971035685656	26.258746700258694	0.0
183.0	26.228208493732325	23.819213817363906	23.660356416106552	26.29222127279721	0.0
184.0	26.29222127279721	23.714972823932555	23.882932959827578	26.109872943442653	0.0
185.0	26.23327734645697	23.763492641445165	23.92205687170392	26.081173140393943	0.0
186.0	26.04329390760991	23.80107823676576	23.84659204359929	26.309035812025037	0.0
187.0	26.140194270545813	23.82427559637769	23.77523813998285	26.26029199309365	0.0
188.0	26.27379931641198	23.72414522134392	23.70623333607395	26.295822126170144	0.0
189.0	26.36688239232314	23.63311760767686	23.833965632671276	26.166034367328724	0.0
190.0	26.160748892986764	23.70182877412232	23.771127215494662	26.36629511739626	0.0
191.0	26.239443733189255	23.676575952266294	23.809887360669023	26.274092953875428	0.0
192.0	26.226523684797804	23.750866230517154	23.872432140382198	26.150177944302843	0.0
193.0	26.142543370253353	23.881534901748903	23.760556266810745	26.215365461187	0.0
194.0	26.185708077379346	23.731192520466532	23.7957927624238	26.287306639730325	0.0
195.0	26.147241569668424	23.71474882251377	23.934096007705048	26.203913600112756	0.0
196.0	26.30756762470783	23.760556266810745	23.63047487050588	26.301401237975547	0.0
197.0	26.34750231973596	23.721208846709498	23.776999964763505	26.15428886879104	0.0
198.0	26.277616603436734	23.705646061147064	23.683623251388905	26.333114084027297	0.0
199.0	26.26859097649425	23.798211742596646	23.658733537901366	26.274463743007736	0.0
200.0	26.415858911828703	23.642134998076656	23.677959084195415	26.264047005899226	0.0
201.0	26.367408303553336	23.764289258940604	23.740210774828	26.128091662678056	0.0
202.0	26.279037671524506	23.559898869178888	23.953674801570404	26.2073886577262	0.0
203.0	26.23882306303132	23.84031478952855	23.75486352758079	26.165998619859344	0.0
204.0	26.246905677109794	23.80521696232194	23.656337085184543	26.291540275383724	0.0
205.0	26.243675541708388	23.78319331185783	23.69274952061854	26.28038162581524	0.0
206.0	26.274292157795514	23.773279066899235	23.726882440345097	26.225546334960153	0.0
207.0	26.17380094497253	23.825758576844354	23.746178851761474	26.254261626421645	0.0
208.0	26.233720469261602	23.797553849090402	23.674218509110663	26.29450717253733	0.0
209.0	26.29260600294245	23.702842308968588	23.898711725442173	26.105839962646794	0.0
210.0	26.248355494996005	23.745477611239014	23.90875346520697	26.097413428558003	0.0
211.0	26.074367302349895	23.789372911319546	23.84516894451525	26.291090841815308	0.0
212.0	26.149251452165178	23.808754691271737	23.79994479129347	26.24204906526961	0.0
213.0	26.269668332736213	23.745896006719097	23.695091653402717	26.289344007141974	0.0
214.0	26.345728029319694	23.642231632611107	23.84985404760926	26.162186290459942	0.0
215.0	26.15881592857982	23.71020791730295	23.77833901092447	26.352637143192766	0.0
216.0	26.23193938682016	23.67496769646423	23.830318336661577	26.26277458005403	0.0
217.0	26.229883707271235	23.767473276165866	23.87113825913309	26.131504757429813	0.0
218.0	26.142370492188416	23.870257253612124	23.779807353459415	26.207564900740042	0.0
219.0	26.17467402795724	23.750734171267474	23.78803007165512	26.286561729120166	0.0
220.0	26.160284271114765	23.721073652061552	23.916069540702455	26.202572536121227	0.0
221.0	26.323718569943438	23.75234202009879	23.642509353396886	26.28143005656089	0.0
222.0	26.338695751766426	23.749992658244203	23.776129308876477	26.135182281112897	0.0
223.0	26.28524776957459	23.68509153701126	23.684210526315788	26.34545016709836	0.0
224.0	26.293717383579384	23.788071457309748	23.657091841379575	26.26111931773129	0.0
225.0	26.406195394568748	23.671481978555757	23.650924639732636	26.27139798714285	0.0
226.0	26.368327229689847	23.759863967554264	23.725503440457903	26.146305362297984	0.0
227.0	26.251457402724792	23.55074698313965	23.990684369888076	26.207111244247482	0.0
228.0	26.254687917580753	23.842080686513775	23.763960963633213	26.139270432272255	0.0
229.0	26.226788016551982	23.828571260752476	23.65559187437409	26.289048848321457	0.0
230.0	26.246479431657654	23.787147686189975	23.71167022516953	26.254702656982843	0.0
231.0	26.276512637372317	23.775176359332505	23.73024217469706	26.218068828598113	0.0
232.0	26.170428346965448	23.827075287449155	23.736325056168226	26.266171309417174	0.0
233.0	26.241361790110222	23.792853303885835	23.676257661684673	26.289527244319267	0.0
234.0	26.284688875770577	23.709584100607653	23.901365968557172	26.104361055064594	0.0
235.0	26.248935357866603	23.73403036799906	23.90848483068519	26.108549443449146	0.0
236.0	26.06185203677054	23.80481071397104	23.849745954359893	26.283591294898528	0.0
237.0	26.140128286459436	23.819047954700313	23.799370315547097	26.241453443293157	0.0
238.0	26.259229454368167	23.75281215674066	23.700240244826514	26.28771814406466	0.0
239.0	26.32912953836575	23.63327713914816	23.871759778669315	26.16583354381678	0.0
240.0	26.167853733754313	23.693369557236213	23.789118143769734	26.349658565239736	0.0
241.0	26.237674654949082	23.698734348243683	23.82885357034809	26.23473742645914	0.0
242.0	26.259098466111702	23.761756775016007	23.859277057472344	26.119867701399947	0.0
243.0	26.128873065670273	23.884051840624153	23.792990000822495	26.19408509288308	0.0
244.0	26.165352572764768	23.764144624748834	23.787645558910967	26.28285724357543	0.0
245.0	26.159174836145276	23.681744336693175	23.969940627451212	26.189140199710337	0.0
246.0	26.291868769812478	23.728549646129753	23.70504643353438	26.274535150523388	0.0
247.0	26.333804401796918	23.754190403718408	23.786802835812566	26.125202358672116	0.0
248.0	26.258278340277247	23.688834303914252	23.725267815693442	26.32761954011506	0.0
249.0	26.27128355051492	23.779400314386873	23.723574608118234	26.225741526979977	0.0
