# Position (bp)	A	C	G	T	N
0.0	26.39524194530895	23.72382017743025	23.79858011496417	26.082357762296628	0.0
1.0	26.318820675829834	23.76646103069034	23.804671665429897	26.110046628049925	0.0
2.0	26.268166602523458	23.711206049212148	23.61153027236406	26.409097075900334	0.0
3.0	26.161530304582442	23.738105060315682	23.694636790768115	26.40572784433376	0.0
4.0	26.190357536393183	23.810473042187855	23.778357337054327	26.220812084364635	0.0
5.0	26.329398476257975	23.74617957122608	23.75642274982282	26.167999202693125	0.0
6.0	26.248518940945885	23.654035678297365	23.796881747815785	26.300563632940964	0.0
7.0	26.27187615920806	23.721756847286276	23.792901079066986	26.213465914438682	0.0
8.0	26.155617745815306	23.804659840501362	23.78140769590624	26.258314717777093	0.0
9.0	26.36221963257092	23.767739649622026	23.72981755875848	26.14022315904857	0.0
10.0	26.274838698962853	23.78508695447588	23.800033768728497	26.140040577832767	0.0
11.0	26.1837738491645	23.821623611537834	23.630082954819102	26.364519584478565	0.0
12.0	26.083021249387595	23.743568025996385	23.78647091875853	26.38693980585749	0.0
13.0	26.288124756076297	23.731389140309066	23.733049897448247	26.24743620616639	0.0
14.0	26.127512580200506	23.761770583643802	23.73796646387033	26.372750372285363	0.0
15.0	26.18287099827835	23.786681871778832	23.90874718364048	26.121699946302336	0.0
16.0	26.299677260422605	23.757895494378353	23.770351138445868	26.172076106753174	0.0
17.0	26.289712745168593	23.814361080817754	23.67984012488859	26.21608604912506	0.0
18.0	26.303829141778444	23.66959881754419	23.78695866386922	26.239613376808148	0.0
19.0	26.33510664799243	23.72606440398359	23.721635730537365	26.217193217486617	0.0
20.0	26.182521735038737	23.776097961985478	23.704132217679767	26.337248085296018	0.0
21.0	26.189718309469306	23.724337984350218	23.687524738224607	26.398418967955866	0.0
22.0	26.185566439605516	23.833670557430047	23.759767273854568	26.22099572910987	0.0
23.0	26.21158482408527	23.83256339213304	23.759213691206064	26.196638092575625	0.0
24.0	26.14847640215565	23.86633193369187	23.721570071107692	26.26362159304479	0.0
25.0	26.394543889416326	23.730980976132283	23.79325902408915	26.081216110362238	0.0
26.0	26.325069267028894	23.763365561069854	23.80377709441075	26.1077880774905	0.0
27.0	26.269711002178347	23.711052000786086	23.61445182862188	26.40478516841368	0.0
28.0	26.165083881610812	23.730704184808033	23.6974892258977	26.40672270768345	0.0
29.0	26.189441518145056	23.805991425004773	23.779419457876514	26.22514759897366	0.0
30.0	26.333373006756478	23.740115089832624	23.755892195315027	26.17061970809587	0.0
31.0	26.24147828710457	23.66067597977209	23.80377709441075	26.294068638712588	0.0
32.0	26.2600233058295	23.72959701951102	23.791044693495127	26.219334981164348	0.0
33.0	26.14487811494037	23.80931292089581	23.7835713277403	26.262237636423524	0.0
34.0	26.358837808587726	23.769178178879162	23.744543751020668	26.12744026151244	0.0
35.0	26.272755706745127	23.78108020582203	23.800455598519722	26.145708488913122	0.0
36.0	26.18418248298425	23.815402330029368	23.632720056022563	26.367695130963813	0.0
37.0	26.069037292095114	23.74371337704791	23.792705441440642	26.394543889416326	0.0
38.0	26.282720194418225	23.733748889374812	23.742329420426646	26.241201495780313	0.0
39.0	26.12902868657344	23.751397792318507	23.737835054970606	26.381738466137445	0.0
40.0	26.182726054848814	23.789594889339135	23.90224864649417	26.12543040931788	0.0
41.0	26.294272649771372	23.7580407657134	23.773817827526265	26.17386875698896	0.0
42.0	26.30700501544491	23.800389721105834	23.674173226602893	26.218432036846355	0.0
43.0	26.30423710986371	23.67029815878921	23.787657355432295	26.23780737591479	0.0
44.0	26.343541369116817	23.719013297018414	23.71679897255345	26.220646361311324	0.0
45.0	26.193725175415533	23.77070733631344	23.69265261497156	26.34291487329947	0.0
46.0	26.2059039262632	23.72088517375479	23.684072131419793	26.389138768562216	0.0
47.0	26.19787702229542	23.830770721175803	23.751332050873962	26.220020205654816	0.0
48.0	26.215314779190948	23.82800282325588	23.754930318169865	26.20175207938331	0.0
49.0	26.14722449036079	23.857896120791064	23.71950122479483	26.275378164053308	0.0
50.0	26.39744246232199	23.726420969594642	23.794234468632798	26.08190209945057	0.0
51.0	26.328521804115862	23.760466114009716	23.8125025949043	26.098509486970123	0.0
52.0	26.270949527381433	23.719778014586822	23.607124569245887	26.40214788878586	0.0
53.0	26.169921253304178	23.726697759386635	23.70040272914735	26.40297825816184	0.0
54.0	26.202859238551284	23.805306060312496	23.7756895525693	26.216145148566923	0.0
55.0	26.340146975379547	23.746903414202084	23.752992789625917	26.159956820792452	0.0
56.0	26.234136485046434	23.66691116431626	23.811672225528323	26.287280125108985	0.0
57.0	26.26319941320564	23.732233555226482	23.782609297369113	26.221957734198764	0.0
58.0	26.146117331192826	23.81360975407227	23.773752024025356	26.26652089070955	0.0
59.0	26.364504477074885	23.774028813817345	23.728081708346597	26.133385000761173	0.0
60.0	26.265967311125564	23.78814509320896	23.798663105304676	26.14722449036079	0.0
61.0	26.186805430615717	23.81720802136817	23.636187497405096	26.359799050611016	0.0
62.0	26.07498235465076	23.73278713481047	23.799493474680652	26.392737035858115	0.0
63.0	26.279530010933193	23.72282270229874	23.758251795673775	26.239395491094285	0.0
64.0	26.131375143238323	23.75735566836246	23.743793006094894	26.367476182304323	0.0
65.0	26.18064358984295	23.785034570949332	23.912357522848936	26.12196431635879	0.0
66.0	26.29966287096649	23.75320383297443	23.778114845302614	26.169018450756464	0.0
67.0	26.301046816095834	23.805793747889485	23.68456015455899	26.20859928145569	0.0
68.0	26.299109292914753	23.675426116705324	23.79167750757018	26.23378708280974	0.0
69.0	26.34505627120896	23.709194377861305	23.728016031620378	26.217733319309357	0.0
70.0	26.183615795752406	23.775004359415092	23.69584291712683	26.345536927705677	0.0
71.0	26.200499879597107	23.714110942270274	23.683941021957615	26.401448156175007	0.0
72.0	26.201053456116608	23.82261194009195	23.756459546011897	26.21987505777955	0.0
73.0	26.210741045207826	23.833406682222165	23.75895064034964	26.196901632220364	0.0
74.0	26.14901726328376	23.85582653126185	23.723244954841995	26.271911250612394	0.0
75.0	26.403662462253003	23.716878824867766	23.793549172818285	26.085909540060946	0.0
76.0	26.32284029040624	23.753968451674154	23.817906539676212	26.105284718243393	0.0
77.0	26.260839720222428	23.722691378322498	23.609208191825335	26.407260709629742	0.0
78.0	26.180294336635416	23.730164661335724	23.700271529282812	26.389269472746047	0.0
79.0	26.20631243305184	23.792718808039037	23.776665088973587	26.224303669935534	0.0
80.0	26.340831527289936	23.73459327349171	23.75562918123265	26.1689460179857	0.0
81.0	26.245893154195972	23.66096759639843	23.8054510679875	26.287688181418094	0.0
82.0	26.271634462352644	23.71853955442626	23.78662946632456	26.22319651689654	0.0
83.0	26.153722663699497	23.80157603235101	23.775004359415092	26.2696969445344	0.0
84.0	26.362421011550374	23.76642392336287	23.73210217915397	26.13905288593279	0.0
85.0	26.265268332378415	23.79188844325979	23.793825961078035	26.14901726328376	0.0
86.0	26.18057112489517	23.812924351000728	23.64186920647574	26.364635317628366	0.0
87.0	26.076498739229475	23.733486120452714	23.80572785624725	26.384287284070556	0.0
88.0	26.261116508482175	23.736530791309956	23.75507560471315	26.24727709549472	0.0
89.0	26.128185824051727	23.750027678749362	23.757224153583845	26.364562343615066	0.0
90.0	26.192123735081154	23.778536790593655	23.90862691260158	26.120712561723614	0.0
91.0	26.29481189521933	23.741447266446713	23.79182259028808	26.171918248045877	0.0
92.0	26.306436969951953	23.797358340160756	23.685259405239034	26.210945284648258	0.0
93.0	26.29979407010474	23.67584863045548	23.793483315249883	26.230873984189902	0.0
94.0	26.347678306503397	23.709616704678815	23.732866854144063	26.209838134673724	0.0
95.0	26.195926252944318	23.76601557202129	23.702631411418558	26.335426763615832	0.0
96.0	26.214470963688346	23.70872071942406	23.68602420776719	26.390784109120403	0.0
97.0	26.193711959124137	23.822756851163472	23.761863771108448	26.221667418603943	0.0
98.0	26.216408470781012	23.832444386626772	23.76214055783597	26.189006584756246	0.0
99.0	26.14804214908287	23.85569447173869	23.73086365762589	26.26539972155255	0.0
100.0	26.401025218038743	23.72588149653048	23.796185325321282	26.076907960109498	0.0
101.0	26.320757067057123	23.750792302007532	23.824140784801088	26.10430984613426	0.0
102.0	26.262078280822276	23.72781900362314	23.614613232066294	26.395489483488287	0.0
103.0	26.175720821835153	23.724220776165343	23.700693904325902	26.399364497673606	0.0
104.0	26.213640603505784	23.79424781822862	23.774872747302023	26.21723883096358	0.0
105.0	26.342346431803904	23.735292245266255	23.763524491473582	26.158836831456256	0.0
106.0	26.24464071698834	23.65779196155986	23.81196216879008	26.285605152661716	0.0
107.0	26.276471190653467	23.72034576198002	23.78566742967541	26.2175156176911	0.0
108.0	26.14610464199021	23.79895319259651	23.780408481852476	26.274533683560808	0.0
109.0	26.361998289458022	23.77210488002679	23.731970804535983	26.133926025979203	0.0
110.0	26.267890802100258	23.78456028276532	23.80282820678183	26.144720708352594	0.0
111.0	26.181256556385605	23.82441757152861	23.636202596813078	26.358123275272703	0.0
112.0	26.071925799014085	23.731140444353414	23.8097478749699	26.3871858816626	0.0
113.0	26.26899794901035	23.72505113634791	23.757435183468083	26.24851573117366	0.0
114.0	26.139666196130534	23.73910155276924	23.755708710454208	26.36552354064602	0.0
115.0	26.202773395333388	23.769824794486425	23.905173129618866	26.12222868056132	0.0
116.0	26.2927288327936	23.745467629881812	23.796119460820947	26.16568407650364	0.0
117.0	26.3013091975975	23.80082482216502	23.696199728749757	26.201666251487726	0.0
118.0	26.294666334523516	23.681253286833293	23.78753909601705	26.236541282626145	0.0
119.0	26.348086025076807	23.70228901990091	23.735503335270835	26.214121619751445	0.0
120.0	26.198417333492024	23.760756624198358	23.706783212331402	26.334042829978216	0.0
121.0	26.207551295500274	23.712595733609383	23.69654210341306	26.383310867477284	0.0
122.0	26.19398874585166	23.81694432988549	23.765461998566245	26.223604925696602	0.0
123.0	26.205890575135143	23.838256907904753	23.764078064928633	26.191774452031474	0.0
124.0	26.14610464199021	23.859292699196487	23.731140444353414	26.263462214459892	0.0
125.0	26.408775246409384	23.721729695617636	23.794801391683666	26.07469366628931	0.0
126.0	26.33238210961308	23.743872633819464	23.827185438803838	26.09655981776362	0.0
127.0	26.26401578791494	23.730310084170846	23.622363260436934	26.383310867477284	0.0
128.0	26.17848868911038	23.724497562892864	23.700140330870852	26.396873417125903	0.0
129.0	26.215024537143393	23.79203352440844	23.779024548214863	26.213917390233306	0.0
130.0	26.340685711438766	23.732801164718552	23.767676292386426	26.158836831456256	0.0
131.0	26.241391908947985	23.662562830761054	23.820608489626004	26.275436770664957	0.0
132.0	26.279311795575826	23.72345607936051	23.777983215606387	26.219248909457278	0.0
133.0	26.1492216735679	23.804831602488875	23.778536790593655	26.267409933349573	0.0
134.0	26.35681229379332	23.76331347844379	23.732866854144063	26.14700737361883	0.0
135.0	26.272392108234982	23.780197515555457	23.80898341489338	26.13842696131618	0.0
136.0	26.187971922676645	23.81313522729789	23.64457164367485	26.354321206350612	0.0
137.0	26.073381900312214	23.71404530457696	23.82033170213237	26.392241092978452	0.0
138.0	26.276267133145858	23.72650074179048	23.76137596598835	26.23585615907531	0.0
139.0	26.141543980270534	23.732932543933217	23.75784348731064	26.36767998848561	0.0
140.0	26.200499879597107	23.7722364768176	23.904818053237452	26.122445590347844	0.0
141.0	26.301804382665306	23.74206655650494	23.79188844325979	26.164240617569966	0.0
142.0	26.307616936120038	23.815138657078723	23.689753575412347	26.187490831388892	0.0
143.0	26.30429547700305	23.66871766767141	23.787459831103806	26.239527024221744	0.0
144.0	26.341734802898536	23.699229972930034	23.737980436551652	26.221054787619778	0.0
145.0	26.197323442711433	23.771537705689415	23.69597409247547	26.335164759123685	0.0
146.0	26.20894861397512	23.706215314779193	23.704831365819228	26.38000470542646	0.0
147.0	26.195662703959478	23.82606529471193	23.760466114009716	26.217805887318875	0.0
148.0	26.205627136471204	23.830770721175803	23.764064381305616	26.19953776104737	0.0
149.0	26.140581535352975	23.853190694327193	23.744412306074153	26.26181546424568	0.0
150.0	26.415710588593495	23.723929861466708	23.787037934040992	26.073321615898802	0.0
151.0	26.33267365099575	23.74109082857024	23.82385097637599	26.102384544058015	0.0
152.0	26.262092254037672	23.7242066512587	23.622901587389457	26.39079950731417	0.0
153.0	26.183207163319818	23.72752812876261	23.699849149563367	26.389415558354205	0.0
154.0	26.213377250646996	23.79008262175291	23.77901103007321	26.21752909752688	0.0
155.0	26.35177214664323	23.73001923689054	23.761296483385692	26.156912133080535	0.0
156.0	26.239191328705395	23.655905049766943	23.82197938463923	26.282924236888434	0.0
157.0	26.285415351911517	23.71845971590217	23.785719821525447	26.21040511066087	0.0
158.0	26.158922066850455	23.791255632687857	23.783505497060485	26.266316803401203	0.0
159.0	26.352952248092915	23.7580407657134	23.738665426644967	26.150341559548725	0.0
160.0	26.261611363913158	23.78599661208357	23.81533641124434	26.137055612758935	0.0
161.0	26.17608308145393	23.817273945151182	23.652583563069495	26.35405941032539	0.0
162.0	26.073670574949347	23.715691810320966	23.82114901296487	26.389488601764814	0.0
163.0	26.272959776796096	23.733129615482557	23.754996069574077	26.238914538147274	0.0
164.0	26.13712795786129	23.732918515402055	23.768624596230655	26.361328930506	0.0
165.0	26.210754450112518	23.773606840067206	23.892903900820134	26.122734809000146	0.0
166.0	26.305417083006947	23.73485605467182	23.784678493037315	26.175048369283914	0.0
167.0	26.313444031410278	23.79962522454696	23.69499810397943	26.19193264006333	0.0
168.0	26.29822050857638	23.66870292817542	23.791875067467885	26.241201495780313	0.0
169.0	26.3564196389524	23.69367972940805	23.735752127147215	26.214148504492336	0.0
170.0	26.19955104198671	23.758514840249003	23.70426344036913	26.33767067739516	0.0
171.0	26.202872556265067	23.703709854656072	23.70896891893014	26.384448670148718	0.0
172.0	26.19872066341712	23.824945125816193	23.760452390244712	26.215881820521975	0.0
173.0	26.209792377678315	23.823561161533544	23.76598824737531	26.20065821341283	0.0
174.0	26.151665877807023	23.84293666149064	23.742184061713736	26.2632133989886	0.0
175.0	26.416556641506194	23.720317426047867	23.793390740171777	26.06973519227416	0.0
176.0	26.345144084521465	23.733326690304775	23.826329090098845	26.095200135074915	0.0
177.0	26.26293660613207	23.719487047478278	23.62482389054503	26.39275245584462	0.0
178.0	26.18681857058633	23.731112347452537	23.70149551180383	26.3805735701573	0.0
179.0	26.226676741926646	23.775675997353858	23.793390740171777	26.20425652054772	0.0
180.0	26.345697670234525	23.722254976043576	23.76847938308408	26.163567970637814	0.0
181.0	26.242249778565103	23.6550597874225	23.813108945969887	26.28958148804252	0.0
182.0	26.279340124003543	23.720659875996457	23.785429583702392	26.21457041629761	0.0
183.0	26.159765279007974	23.78321523472099	23.791795837023916	26.265223649247122	0.0
184.0	26.359056687333926	23.759964570416297	23.735053144375552	26.145925597874225	0.0
185.0	26.26743799822852	23.76909875996457	23.814216120460586	26.149247121346324	0.0
186.0	26.184123117803367	23.80895704162976	23.64897032772365	26.357949512843227	0.0
187.0	26.087522143489817	23.71124889282551	23.816984056687335	26.384244906997345	0.0
188.0	26.27684898139947	23.72093666961913	23.766054030115146	26.236160318866254	0.0
189.0	26.147658734662134	23.742315495780268	23.76695019638562	26.34307557317198	0.0
190.0	26.21049106092521	23.770271729051508	23.899534708632387	26.11970250139089	0.0
191.0	26.309860246513082	23.74093152383615	23.786879392380957	26.16232883726981	0.0
192.0	26.318309773387178	23.79254699302751	23.698159583920372	26.19098364966494	0.0
193.0	26.288692609825702	23.67241756325479	23.790609421579564	26.248280405339948	0.0
194.0	26.347999867137588	23.692966042582402	23.743619836357798	26.21541425392221	0.0
195.0	26.199986160127324	23.761123797661064	23.704933914607988	26.333956127603624	0.0
196.0	26.223790741125182	23.700781952806036	23.700781952806036	26.37464535326275	0.0
197.0	26.19251262888381	23.82561760431804	23.76001660784721	26.221853158950935	0.0
198.0	26.207459691370836	23.817036883260673	23.7721956957996	26.203307729568888	0.0
199.0	26.147671441422737	23.846377413327797	23.750328696975988	26.255622448273474	0.0
200.0	26.40675385786451	23.721541761815793	23.797107466611305	26.07459691370839	0.0
201.0	26.34004567157982	23.732060065047403	23.829492768666526	26.09840149470625	0.0
202.0	26.26724794131894	23.716005812746523	23.62936820981247	26.387378036122065	0.0
203.0	26.189467856895714	23.732060065047403	23.69773718081794	26.380734897238945	0.0
204.0	26.217701197148983	23.7721956957996	23.790741125181647	26.219361981869767	0.0
205.0	26.340745087509998	23.723333877704672	23.7728808961644	26.16304013862093	0.0
206.0	26.24642928319936	23.64285081600567	23.82083305653358	26.28988684426139	0.0
207.0	26.266635665094444	23.724506742841957	23.784572289023227	26.224285303040368	0.0
208.0	26.161451759339222	23.781250691999382	23.78789388604708	26.269403662614316	0.0
209.0	26.36358855263777	23.757511674061853	23.728170819135773	26.150728954164602	0.0
210.0	26.27971799563209	23.762217282870754	23.81840778805938	26.139656933437777	0.0
211.0	26.187543423081287	23.80263015852366	23.656202684411426	26.35362373398363	0.0
212.0	26.088039660197804	23.707542025471326	23.822968480550504	26.38144983378037	0.0
213.0	26.270729013560533	23.712247660330668	23.77784974631092	26.239173579797882	0.0
214.0	26.14873168949367	23.738609564090922	23.76988828238316	26.342770464032245	0.0
215.0	26.20243143594229	23.78649645138789	23.900539211887022	26.110532900782797	0.0
216.0	26.309830928839535	23.75051208521098	23.77487073308458	26.164786252864907	0.0
217.0	26.314405451938462	23.793271439880865	23.697773939424135	26.194549168756538	0.0
218.0	26.30167245187756	23.66981670015999	23.786074526802963	26.24243632115948	0.0
219.0	26.351016566786157	23.695625095151758	23.73825308291697	26.215105255145115	0.0
220.0	26.198846273085614	23.767383409362683	23.70288763895655	26.330882678595152	0.0
221.0	26.228609707082395	23.68973210578472	23.699973980103085	26.3816842070298	0.0
222.0	26.20867957327369	23.822046049681393	23.751460159108902	26.217814217936013	0.0
223.0	26.213938914139877	23.81734032364323	23.771943907745623	26.19677685447127	0.0
224.0	26.157470201681882	23.8419761834901	23.73928063289247	26.261272981935548	0.0
225.0	26.411579407742856	23.719627306497777	23.794365308280415	26.074427977478948	0.0
226.0	26.33296610216408	23.734298099440295	23.836163227795893	26.09657257059973	0.0
227.0	26.270130819183862	23.714644773045602	23.637692311950882	26.377532095819657	0.0
228.0	26.19428558774518	23.740941477376527	23.699420365275063	26.365352569603225	0.0
229.0	26.22251994397418	23.77914090050988	23.78910596741423	26.20923318810171	0.0
230.0	26.344664937538237	23.728827634314246	23.768964820448375	26.157542607699142	0.0
231.0	26.24868515750429	23.649725959143	23.825222831201902	26.276366052150806	0.0
232.0	26.26363284061341	23.731384598350218	23.804462160217017	26.200520400819354	0.0
233.0	26.153739688866747	23.789237668161434	23.793389802358412	26.26363284061341	0.0
234.0	26.349793361549466	23.767712361491338	23.73532562510553	26.147168651853658	0.0
235.0	26.27339388084449	23.766328312927847	23.82750325943437	26.132774546793296	0.0
236.0	26.183575681578485	23.80299897303028	23.65850350304631	26.354921842344925	0.0
237.0	26.072574372261297	23.70694547095281	23.826251117625404	26.39422903916049	0.0
238.0	26.259421962757816	23.717741109514833	23.78389899711286	26.23893793061449	0.0
239.0	26.154859711672607	23.735522731802376	23.767079301105035	26.342538255419978	0.0
240.0	26.205583053737726	23.7575989104076	23.910130773234116	26.126687262620557	0.0
241.0	26.30509469324703	23.74016870651876	23.781694761349765	26.17304183888444	0.0
242.0	26.31067504228877	23.796604163263723	23.703859559753827	26.18886123469368	0.0
243.0	26.297939023444854	23.668837281415772	23.78705826328671	26.246165431852663	0.0
244.0	26.34263168823977	23.68879352114626	23.745829583996677	26.222745206617294	0.0
245.0	26.20621291371199	23.76208289607394	23.701166548064386	26.330537642149682	0.0
246.0	26.217737670328212	23.688808526309668	23.709576038167917	26.383877765194203	0.0
247.0	26.20146709828561	23.817224697539054	23.76294926077409	26.218358943401242	0.0
248.0	26.22007449356835	23.816341507317816	23.772586920701734	26.1909970784121	0.0
249.0	26.164412013126377	23.8365572340455	23.73409396159012	26.264936791238007	0.0
