# Position (bp)	A	C	G	T	N
0.0	26.158043677441057	23.78860628834534	23.75903181285736	26.29431822135625	0.0
1.0	26.195736636396322	23.818470709671434	23.73090706655997	26.25488558737228	0.0
2.0	26.223173103962104	23.903079639244744	23.64187706374676	26.231870193046387	0.0
3.0	26.27929359106669	23.7511450735746	23.688528392026807	26.281032943331905	0.0
4.0	26.22824892820806	23.659136827032057	23.79305646944922	26.31955777531067	0.0
5.0	26.138260869565215	23.807246376811595	23.8263768115942	26.228115942028985	0.0
6.0	26.17182971224523	23.787592459480138	23.70382822825608	26.33674960001855	0.0
7.0	26.20858355167057	23.872568341487167	23.658675137378562	26.260172969463703	0.0
8.0	26.2097487038148	23.68113699134331	23.70982840217823	26.399285902663667	0.0
9.0	26.346751827884695	23.735694972918616	23.748735767421778	26.16881743177491	0.0
10.0	26.213023924332347	23.761475333827896	23.82928412462908	26.196216617210684	0.0
11.0	26.1776706231454	23.850148367952524	23.712792099406528	26.259388909495552	0.0
12.0	26.203171364985163	23.72525268916914	23.837397997032642	26.23417794881306	0.0
13.0	26.381096995548965	23.818562221810087	23.658892804154302	26.14144797848665	0.0
14.0	26.212734143175076	23.912741097922847	23.625857752225517	26.248667006676556	0.0
15.0	26.200487410494105	23.716200748212778	23.88021640794114	26.203095433351976	0.0
16.0	26.20222609239935	23.755900651715933	23.731559105042468	26.310314150842245	0.0
17.0	26.239897533679716	23.671574579311425	23.72083723329344	26.36769065371542	0.0
18.0	26.241056654949883	23.746917461872155	23.73445690821788	26.27756897496008	0.0
19.0	26.270034686704008	23.8034246237927	23.679978208520122	26.246562480983165	0.0
20.0	26.29698425623535	23.809220230143527	23.58174268087363	26.312052832747497	0.0
21.0	26.371381378770753	23.740473499666752	23.678170911936018	26.209974209626473	0.0
22.0	26.284157755947724	23.698745254861052	23.870874264684574	26.14622272450665	0.0
23.0	26.250833115998724	23.752354458257265	23.738155263844217	26.258657161899794	0.0
24.0	26.26358341302269	23.618476339505637	23.876090295285287	26.241849952186385	0.0
25.0	26.17607001072184	23.772639021704485	23.7595989452027	26.291692022370977	0.0
26.0	26.18853052826799	23.82827668144542	23.739893940711116	26.243298849575474	0.0
27.0	26.248514880176188	23.88710191544235	23.649482743632095	26.21490046074937	0.0
28.0	26.267350546234315	23.732649453765685	23.70338172650613	26.29661827349387	0.0
29.0	26.238952157408214	23.674113999246575	23.776116375438292	26.310817467906922	0.0
30.0	26.13984757599467	23.787127995595352	23.843924773247558	26.22909965516242	0.0
31.0	26.20939465067084	23.77495725752702	23.70772841867339	26.307919673128747	0.0
32.0	26.227360978295515	23.872323162073663	23.646874728331742	26.253441131299084	0.0
33.0	26.227360978295515	23.66889796864586	23.712654669796287	26.391086383262337	0.0
34.0	26.361239097047147	23.72076849517517	23.744530412356195	26.173461995421484	0.0
35.0	26.21721869657191	23.746558868700916	23.81494682546582	26.22127560926135	0.0
36.0	26.195195456257785	23.823350430322524	23.704540844417398	26.27691326900229	0.0
37.0	26.190269205134893	23.711785331362833	23.856385290793707	26.241560172708567	0.0
38.0	26.38181343997218	23.832043814657048	23.669187748123676	26.116954997247095	0.0
39.0	26.225332521950794	23.916369642701905	23.62369237010635	26.23460546524095	0.0
40.0	26.206131136424887	23.717801971074294	23.88645313844754	26.18961375405328	0.0
41.0	26.195699105453347	23.75895053768426	23.739245590293574	26.306104766568815	0.0
42.0	26.237137450701407	23.68592632088348	23.714614406055215	26.362321822359895	0.0
43.0	26.262348192215967	23.730262452512527	23.733160238893507	26.274229116378002	0.0
44.0	26.292195391940098	23.790536409236985	23.68389787041679	26.23337032840613	0.0
45.0	26.31045144614029	23.782712386008328	23.591168706225314	26.315667461626063	0.0
46.0	26.3773138757201	23.740915466020656	23.678033683771286	26.203736974487963	0.0
47.0	26.30226142593859	23.695420351674336	23.874503031075772	26.127815191311303	0.0
48.0	26.247493422043977	23.75772257832694	23.740335910423887	26.254448089205194	0.0
49.0	26.256186755995504	23.627612346852434	23.868707475108085	26.247493422043977	0.0
50.0	26.184901417592986	23.77510924622999	23.772791023842917	26.2671983123341	0.0
51.0	26.195043640536436	23.814519026810242	23.752506577956023	26.2379307546973	0.0
52.0	26.25531742260035	23.8611732523501	23.663544793852072	26.219964531197476	0.0
53.0	26.26430053435026	23.729903909682058	23.716574130956385	26.2892214250113	0.0
54.0	26.253288978011664	23.658039015682775	23.776847913020298	26.311824093285267	0.0
55.0	26.1388267476499	23.799740359092645	23.84059902866482	26.22083386459263	0.0
56.0	26.21445875302818	23.76322835649624	23.70817057480324	26.31414231567234	0.0
57.0	26.23329430992315	23.87015636410001	23.649055903932865	26.247493422043977	0.0
58.0	26.237061421302144	23.658039015682775	23.717153686553154	26.387745876461928	0.0
59.0	26.36311476359927	23.6997670186501	23.7565634671334	26.180554750617226	0.0
60.0	26.21069164164918	23.74613146639157	23.833354583705216	26.209822308254033	0.0
61.0	26.200259640907355	23.826689694342377	23.702954574432326	26.270096090317946	0.0
62.0	26.19127652915744	23.70730124140809	23.858275474366256	26.243146755068214	0.0
63.0	26.37122854195403	23.81654747139893	23.674846127989056	26.137377858657977	0.0
64.0	26.215617864221713	23.896236365954586	23.644129681360333	26.24401608846337	0.0
65.0	26.203371265137225	23.715636074913142	23.877041840895064	26.203950819054572	0.0
66.0	26.202212157302522	23.76663681963992	23.726647599342787	26.304503423714763	0.0
67.0	26.258428887285458	23.684050386417574	23.708391650946268	26.349129075350703	0.0
68.0	26.265093757334977	23.720852060169285	23.740556893359184	26.27349728913655	0.0
69.0	26.292912345367768	23.79358607679669	23.68578904816962	26.227712529665915	0.0
70.0	26.298418107582595	23.78112566757367	23.597696852732454	26.32275937211129	0.0
71.0	26.366439289005317	23.7561360093192	23.67152138257982	26.20590331909567	0.0
72.0	26.290517945835045	23.699629666119957	23.88189884495239	26.12795354309261	0.0
73.0	26.24994928917918	23.759613322746844	23.73411302427744	26.25632436379653	0.0
74.0	26.25632436379653	23.628054964734247	23.866540710646955	26.249079960822268	0.0
75.0	26.187937199719496	23.78047720331272	23.768596382434932	26.26298921453285	0.0
76.0	26.203874886262874	23.810903695804623	23.743675636203466	26.241545781729037	0.0
77.0	26.247341304108446	23.861034964386516	23.683981755695548	26.207641975809487	0.0
78.0	26.25284705036888	23.71962421832892	23.73411302427744	26.293415707024753	0.0
79.0	26.261830110056973	23.655873472155413	23.776710113766104	26.30558630402151	0.0
80.0	26.150845856491273	23.789750039119774	23.83872220322579	26.22068190116316	0.0
81.0	26.206193095214637	23.753817800367436	23.70832294968907	26.331666154728854	0.0
82.0	26.23661958770654	23.850023471865637	23.647759740824238	26.265597199603587	0.0
83.0	26.225897871304632	23.652975710965706	23.711220710878774	26.40990570685089	0.0
84.0	26.349052721867082	23.722521979518625	23.745704069036265	26.182721229578025	0.0
85.0	26.21256816983199	23.728027725779064	23.855818994245045	26.2035851101439	0.0
86.0	26.19634070716964	23.825392501753146	23.697021681049222	26.28124511002799	0.0
87.0	26.18735764748156	23.6952830243354	23.86190429274343	26.255455035439617	0.0
88.0	26.362382423339724	23.81496056147021	23.675868024364377	26.146788990825687	0.0
89.0	26.211119289237132	23.903632053875175	23.646021084110416	26.239227572777274	0.0
90.0	26.20930468421739	23.696083687100653	23.891102450049985	26.203509178631972	0.0
91.0	26.201190976397804	23.749402338486505	23.737811327315665	26.311595357800027	0.0
92.0	26.244367493009175	23.68941885567742	23.7195554847216	26.34665816659181	0.0
93.0	26.27218591981918	23.728828293658268	23.73868065315348	26.260305133369073	0.0
94.0	26.283776930990015	23.790550428142975	23.69492458598357	26.230748054883442	0.0
95.0	26.304061200538982	23.790260652863704	23.60770222692302	26.297975919674293	0.0
96.0	26.37324106915177	23.745856225514057	23.686162690961353	26.194740014372815	0.0
97.0	26.286598511718477	23.676889908894914	23.88581727982938	26.150694299557227	0.0
98.0	26.242263022463312	23.76150404525118	23.741799383359993	26.254433548925515	0.0
99.0	26.261388135475343	23.628497577485685	23.85365231703642	26.256461970002547	0.0
100.0	26.194740014372815	23.768458631801007	23.783816677098546	26.252984676727635	0.0
101.0	26.19416046549366	23.80583953450634	23.75657787977838	26.24342212022162	0.0
102.0	26.247478962375688	23.861186452465404	23.680946751048985	26.210387834109927	0.0
103.0	26.25820061664001	23.71658900711686	23.725572014743722	26.29963836149941	0.0
104.0	26.259939263277467	23.65892389364119	23.7904814892088	26.290655353872545	0.0
105.0	26.15156362287595	23.782947353779818	23.843220437211674	26.222268586132554	0.0
106.0	26.214154901824422	23.75136193986601	23.712242390523215	26.322240767786354	0.0
107.0	26.255592646683823	23.843799986090826	23.63023622412314	26.27037114310221	0.0
108.0	26.245160766859076	23.641537427266616	23.703838931775508	26.4094628740988	0.0
109.0	26.35817279829381	23.718617428193895	23.758606300855416	26.164603472656882	0.0
110.0	26.237916405869672	23.72296404478754	23.8551011892343	26.184018360108492	0.0
111.0	26.196768435449847	23.829890812991167	23.692247954192457	26.28109279736653	0.0
112.0	26.193580916614508	23.708765097248303	23.86582284349862	26.23183114263857	0.0
113.0	26.36078076824999	23.810765699979136	23.667906901268054	26.160546630502818	0.0
114.0	26.214734450703574	23.897118482972854	23.65254885597051	26.23559821035306	0.0
115.0	26.201039128129196	23.702900923508462	23.8918333106344	26.204226637727945	0.0
116.0	26.187129995334647	23.742599906692902	23.742889680292787	26.32738041767967	0.0
117.0	26.226828978519084	23.69246907391255	23.726662358699148	26.354039588869217	0.0
118.0	26.26015294250602	23.72579303789949	23.737383981894947	26.276670037699546	0.0
119.0	26.291738264893638	23.786645493875636	23.707537301106647	26.21407894012408	0.0
120.0	26.312312190485578	23.77824205947893	23.609304050745152	26.300141699290347	0.0
121.0	26.37121264807474	23.73890163896423	23.681816074367713	26.20806963859332	0.0
122.0	26.297030391543224	23.672833066740846	23.88494795651065	26.145188585205275	0.0
123.0	26.2277743004845	23.77048705287804	23.740350511162113	26.261388135475343	0.0
124.0	26.25385400004636	23.622412314254586	23.871618332290147	26.252115353408907	0.0
125.0	26.194740014372815	23.760634721932448	23.792220135846257	26.252405127848483	0.0
126.0	26.196478661010268	23.822356677562183	23.76150404525118	26.219660616176366	0.0
127.0	26.266893849827294	23.83887382061803	23.680946751048985	26.21328557850569	0.0
128.0	26.24805851125484	23.718617428193895	23.73600389456847	26.2973201659828	0.0
129.0	26.256751744442123	23.65718524700373	23.79975427127524	26.2863087372789	0.0
130.0	26.150770077804665	23.77953896753068	23.85864761877164	26.211043335893013	0.0
131.0	26.22495254929802	23.738390877874206	23.71926570944233	26.31739086338544	0.0
132.0	26.255089178342196	23.866181776032686	23.621611440328024	26.257117605297093	0.0
133.0	26.24726524580188	23.65754357495762	23.699560990451904	26.395630188788594	0.0
134.0	26.360567379996812	23.697242788217736	23.77606166417943	26.166128167606022	0.0
135.0	26.247555021081155	23.718106608325243	23.846477057042264	26.18786131355134	0.0
136.0	26.193367043857492	23.828221214448195	23.70129964212753	26.277112099566786	0.0
137.0	26.194526144974574	23.714629304973993	23.86067604572654	26.230168504324897	0.0
138.0	26.367521986699316	23.811993798809024	23.658992451353974	26.161491763137683	0.0
139.0	26.222344571784582	23.902983236500095	23.645952563786786	26.22871962792854	0.0
140.0	26.21387919743141	23.69020435130342	23.897685254946506	26.198231196318662	0.0
141.0	26.21047781599636	23.739535368931673	23.72591577294105	26.324071042130914	0.0
142.0	26.252495718520624	23.6821591985882	23.719540642902885	26.345804439988292	0.0
143.0	26.2559730621778	23.72243842928387	23.7519958503699	26.269592658168424	0.0
144.0	26.305525209292625	23.78618972966551	23.705341489636066	26.2029435714058	0.0
145.0	26.336531523569146	23.75808120176997	23.60594741676833	26.299439857892555	0.0
146.0	26.373989394071113	23.736996145932945	23.68019936828074	26.208815091715206	0.0
147.0	26.287635109681535	23.67556289663566	23.894056622909964	26.14274537077284	0.0
148.0	26.23518502419659	23.764814975803414	23.740763279144574	26.259236720855426	0.0
149.0	26.259236720855426	23.626300385406708	23.8746413978962	26.239821495841664	0.0
150.0	26.206496855892663	23.744820191834016	23.793503144107333	26.255179808165984	0.0
151.0	26.198672809991596	23.814657045988003	23.75728070938016	26.22938943464024	0.0
152.0	26.268509664145583	23.83725984525776	23.691790547393435	26.20243994320322	0.0
153.0	26.25894694137761	23.72888232055406	23.738734822799852	26.27343591526848	0.0
154.0	26.260395838766698	23.65238053841027	23.80480454374221	26.28241907908082	0.0
155.0	26.15875904476816	23.77299769045087	23.85964200539571	26.20860125938526	0.0
156.0	26.221641373674615	23.733877347582798	23.7156211875777	26.328860091164884	0.0
157.0	26.258153693684815	23.841965406025693	23.637670282159096	26.262210618130393	0.0
158.0	26.248301162888417	23.645784131050252	23.69997305043047	26.405941655630865	0.0
159.0	26.359287024506724	23.703740194558506	23.769810106957916	26.167162673976858	0.0
160.0	26.239607753362176	23.716200748212778	23.858482884125547	26.185708614299504	0.0
161.0	26.19092466001524	23.829215072053874	23.712433604084744	26.267426663846138	0.0
162.0	26.20570345620985	23.71764964980049	23.85529530063259	26.221351593357078	0.0
163.0	26.359287024506724	23.814436275859272	23.663170950102728	26.16310574953128	0.0
164.0	26.229175661930693	23.886012014291964	23.65476732089403	26.230045002883312	0.0
165.0	26.218971502755835	23.68597972679274	23.896072283430797	26.198976487020627	0.0
166.0	26.210643754437314	23.723720242838723	23.742845965486765	26.322790037237205	0.0
167.0	26.251213469145284	23.68315052813075	23.739948128721906	26.325687874002057	0.0
168.0	26.254980656939598	23.71937348769144	23.75095990842836	26.274685946940608	0.0
169.0	26.311198690177783	23.78747265166553	23.708071924308506	26.19325673384818	0.0
170.0	26.330034629149342	23.75994320239941	23.616500282539086	26.29352188591217	0.0
171.0	26.37560709856151	23.748420674386526	23.679451959522897	26.196520267529067	0.0
172.0	26.28809217465892	23.686117003396276	23.8762156460456	26.149575175899205	0.0
173.0	26.223760012055035	23.762040546649512	23.76030183955211	26.253897601743343	0.0
174.0	26.270415319168666	23.619466564662517	23.87302801636703	26.237090099801787	0.0
175.0	26.188696085590756	23.76030183955211	23.791308782789116	26.25969329206802	0.0
176.0	26.197969190110232	23.808985638279374	23.75653464084107	26.23651053076932	0.0
177.0	26.273602948847234	23.828401200867035	23.70147558275666	26.196520267529067	0.0
178.0	26.265778766908927	23.70060622920796	23.75015938148393	26.28345562239918	0.0
179.0	26.264619628843995	23.64989393886706	23.797684042146262	26.28780239014269	0.0
180.0	26.1499407388947	23.76732554197106	23.87048912870237	26.212244590431865	0.0
181.0	26.23774570175871	23.74646099634001	23.70733997328179	26.308453328619493	0.0
182.0	26.267014022713376	23.846436944155464	23.63257535143719	26.25397368169397	0.0
183.0	26.251365613490087	23.63257535143719	23.699515768670146	26.416543266402577	0.0
184.0	26.351921132017512	23.713425465757513	23.777178244074616	26.157475158150355	0.0
185.0	26.24180269674252	23.705311475789884	23.8632444948027	26.18964133266489	0.0
186.0	26.183266054833187	23.807315921097246	23.723567953217053	26.28585007085252	0.0
187.0	26.178629489137396	23.696617915110277	23.889325176841513	26.235427418910813	0.0
188.0	26.352790488085475	23.81600948177685	23.665900667375674	26.165299362762003	0.0
189.0	26.224125790027326	23.870199343346382	23.654888823848175	26.250786042778113	0.0
190.0	26.212472470151848	23.68899965225455	23.880259649936246	26.218268227657354	0.0
191.0	26.191683643455555	23.731087663984187	23.75253202889773	26.32469666366252	0.0
192.0	26.249931175180173	23.677476751700336	23.744997522306484	26.327594550813004	0.0
193.0	26.23457237328264	23.7226837912478	23.762384845209358	26.2803589902602	0.0
194.0	26.290501595286877	23.79571054743986	23.715149284656555	26.198638572616705	0.0
195.0	26.323537508802332	23.74470773359144	23.635747176733442	26.29600758087279	0.0
196.0	26.376935069752346	23.717536325120697	23.6981204249474	26.207408180179552	0.0
197.0	26.292316519743363	23.676386208335508	23.882426581816286	26.148870690104847	0.0
198.0	26.234068819223477	23.771147392763375	23.755208967247984	26.23957482076516	0.0
199.0	26.268263986692865	23.622775140692827	23.875181842945654	26.233779029668653	0.0
200.0	26.184514805348357	23.75433959858351	23.798097821362127	26.26304777470601	0.0
201.0	26.192049333773816	23.82244014396745	23.76651075988617	26.21899976237256	0.0
202.0	26.285361570427558	23.81084856177444	23.6958021085088	26.207987759289203	0.0
203.0	26.26478651203496	23.71174053402419	23.726519801320283	26.296953152620567	0.0
204.0	26.247109349190616	23.652333675285007	23.79375097803975	26.306805997484627	0.0
205.0	26.149815838204226	23.779040619919613	23.864818576723458	26.206324965152707	0.0
206.0	26.23023980294139	23.734840252119106	23.729623994783744	26.305295950155767	0.0
207.0	26.27892487140477	23.849597913497067	23.64268637252771	26.228790842570454	0.0
208.0	26.239513149315368	23.654567847569368	23.697167282474823	26.40875172064044	0.0
209.0	26.34441788017098	23.72266898500326	23.769615301021517	26.163297833804243	0.0
210.0	26.236035644425126	23.700065203216692	23.87799753676737	26.18590161559081	0.0
211.0	26.19140766500036	23.81250452800116	23.724987321596753	26.27110048540172	0.0
212.0	26.181264942403825	23.696008114178078	23.885532130696223	26.23719481272187	0.0
213.0	26.363254364993118	23.80178222125625	23.672824748243134	26.162138665507502	0.0
214.0	26.22386437730928	23.866695645874085	23.65804535245961	26.251394624357022	0.0
215.0	26.219745444428987	23.67071219919321	23.908923355125886	26.200619001251912	0.0
216.0	26.205331656383756	23.73105824598416	23.744678631354127	26.318931466277956	0.0
217.0	26.261841765897454	23.662956319134324	23.748156176554968	26.32704573841325	0.0
218.0	26.2490907668277	23.718886837781213	23.77105001579385	26.26097237959724	0.0
219.0	26.282707037102508	23.80205812716803	23.70526645241124	26.209968383318216	0.0
220.0	26.32327839777901	23.738013336385848	23.643540025096286	26.295168240738864	0.0
221.0	26.390877213319037	23.715478018952677	23.691135132002202	26.202509635726084	0.0
222.0	26.29176688787782	23.65143304257107	23.90442518909207	26.15237488045904	0.0
223.0	26.247428058075172	23.760686237574983	23.751412756831947	26.240472947517894	0.0
224.0	26.26742400092735	23.620714637609762	23.883559857420234	26.228301504042655	0.0
225.0	26.18628104442577	23.748514794099748	23.800388327006115	26.26481583446837	0.0
226.0	26.201060654359985	23.82067406613151	23.768510736951924	26.209754542556585	0.0
227.0	26.29785260961544	23.81458834439389	23.692004520821865	26.195554525168806	0.0
228.0	26.275248500304286	23.684759613991364	23.735763758078072	26.304228127626278	0.0
229.0	26.246558669255514	23.642739154374475	23.819514881038632	26.29118729533138	0.0
230.0	26.163173162468954	23.774665356783718	23.867110635843847	26.195050844903484	0.0
231.0	26.228087715790178	23.746844833931764	23.73322436961883	26.291843080659234	0.0
232.0	26.270108297181142	23.85349017153091	23.6407790905587	26.235622440729244	0.0
233.0	26.257067427094295	23.64744442415865	23.689175208436573	26.40631294031049	0.0
234.0	26.353280068623956	23.7210528908711	23.76568164627944	26.159985394225505	0.0
235.0	26.24475826433707	23.710467822191053	23.86985715817508	26.174916755296795	0.0
236.0	26.236064300556123	23.793350276902746	23.708729029434863	26.261856393106264	0.0
237.0	26.183031121492352	23.697137077726936	23.89130226883475	26.22852953194597	0.0
238.0	26.351404220050018	23.825807741684947	23.672793979140284	26.149994059124747	0.0
239.0	26.20273743939583	23.88782468332237	23.67134498517679	26.238092892105016	0.0
240.0	26.233741392501912	23.678444738123392	23.90044283693863	26.18737103243607	0.0
241.0	26.206554754341628	23.725335621043843	23.766201395812562	26.301908228801967	0.0
242.0	26.242978627202056	23.673547467088675	23.757890892649076	26.32558301306019	0.0
243.0	26.28385918636502	23.716865461818287	23.773098160842913	26.226177190973782	0.0
244.0	26.292035167358012	23.784636166259396	23.712167987036892	26.211160679345703	0.0
245.0	26.319451289157396	23.746934373858544	23.639383801898223	26.294230535085838	0.0
246.0	26.370704950540976	23.709310820683495	23.704382313035612	26.215601915739917	0.0
247.0	26.300789200535796	23.652531414356375	23.91724121934672	26.129438165761105	0.0
248.0	26.250097873463385	23.761066951248864	23.743667224424577	26.245167950863173	0.0
249.0	26.25083011678184	23.617366188074737	23.913743253941785	26.21806044120163	0.0
