# Position (bp)	A	C	G	T	N
0.0	26.10754524668742	23.849756205063223	23.89548497286576	26.1472135753836	0.0
1.0	26.29679623150877	23.781438527864246	23.779510206330404	26.142255034296575	0.0
2.0	26.209896233613478	23.726885328088546	23.827428813834782	26.235789624463195	0.0
3.0	26.181064948587075	23.91961238537796	23.731203913607555	26.16811875242741	0.0
4.0	26.199657358798223	23.71523321085655	23.748836286915182	26.33627314343005	0.0
5.0	26.161990062905556	23.772735785658416	23.77659164270527	26.28868250873076	0.0
6.0	26.18811553969198	23.74193050873598	23.76506488642122	26.304889065150817	0.0
7.0	26.175886579511936	23.760633859254384	23.90742173837608	26.156057822857598	0.0
8.0	26.34257436103622	23.69832042233158	23.69501579337257	26.26408942325963	0.0
9.0	26.174334007082628	23.805012915058022	23.936641864614945	26.084011213244406	0.0
10.0	26.263021227733457	23.82358043490832	23.723348303901616	26.1900500334566	0.0
11.0	26.317267738195877	23.670203245428286	23.655333643575645	26.357195372800195	0.0
12.0	26.45852895579598	23.662493081504692	23.729406289841585	26.149571672857746	0.0
13.0	26.187571766481167	23.698290271149943	23.83156596182918	26.282572000539712	0.0
14.0	26.239615372965414	23.697739545155404	23.72610193387433	26.33654314800486	0.0
15.0	26.241267550949036	23.657261184556543	23.80981228504476	26.29165897944966	0.0
16.0	26.12836872206787	23.78833397125761	23.72307294090435	26.360224365770176	0.0
17.0	26.183165958524825	23.813667367006556	23.780348444336745	26.22281823013187	0.0
18.0	26.302122773345964	23.7387686317488	23.736015001776092	26.223093593129143	0.0
19.0	26.18096305454666	23.747580247661478	23.84753701567091	26.223919682120954	0.0
20.0	26.161687644737675	23.844783385698197	23.789710786243965	26.20381818332016	0.0
21.0	26.38776066549729	23.75804404155778	23.67598586837098	26.178209424573947	0.0
22.0	26.288079260485137	23.819725352946524	23.691130833220893	26.201064553347454	0.0
23.0	26.284427163934154	23.83177570093458	23.597717797762957	26.286079337368307	0.0
24.0	26.162166329806862	23.800659767924707	23.77615252865144	26.261021373616995	0.0
25.0	26.11280458421793	23.84492742848174	23.894217133542057	26.14805085375827	0.0
26.0	26.29261563116982	23.776362419766546	23.78765224047869	26.143369708584945	0.0
27.0	26.205601403242106	23.73202922136034	23.827579655192356	26.2347897202052	0.0
28.0	26.17255802554804	23.913492437196933	23.73560892061053	26.1783406166445	0.0
29.0	26.191007244760563	23.711101748820766	23.75736247759246	26.34052852882622	0.0
30.0	26.160166758912762	23.764797237573624	23.778840673093605	26.29619533042001	0.0
31.0	26.18935507587586	23.733406028764257	23.753232055380703	26.32400683997918	0.0
32.0	26.17283338702882	23.75130452501521	23.9140431601585	26.161818927797466	0.0
33.0	26.328137262190943	23.701464096993327	23.70008728958941	26.270311351226322	0.0
34.0	26.171181218144117	23.803347844883373	23.935245994178857	26.090224942793654	0.0
35.0	26.266180929014567	23.827855016673137	23.714681448070955	26.191282606241344	0.0
36.0	26.325383647383106	23.681638070376888	23.646667162317332	26.346311119922678	0.0
37.0	26.472426678121703	23.665116381529852	23.726246630263876	26.13621031008456	0.0
38.0	26.193485498087615	23.702565542916464	23.841072367750765	26.262876591245153	0.0
39.0	26.23561580464755	23.695681505896864	23.746072656880322	26.322630032575262	0.0
40.0	26.224325983935408	23.67310186447259	23.818768087807268	26.283804063784732	0.0
41.0	26.13015235750732	23.789579770844178	23.72129012360977	26.358977748038736	0.0
42.0	26.181369592933123	23.807753628575913	23.786550794555552	26.224325983935408	0.0
43.0	26.295644607458442	23.730927775437205	23.7378118124568	26.23561580464755	0.0
44.0	26.179992785529205	23.747724825765022	23.848782489212713	26.223499899493056	0.0
45.0	26.163471096682166	23.83859411442371	23.79040585528653	26.207528933607595	0.0
46.0	26.37880377465518	23.759565369438732	23.67750764816513	26.18412320774096	0.0
47.0	26.27719538824592	23.820144895211186	23.69678295182	26.20587676472289	0.0
48.0	26.280151999118846	23.83384734001542	23.603645775966516	26.282354884899217	0.0
49.0	26.167804824319855	23.799151888974556	23.77657230972574	26.256470976979845	0.0
50.0	26.11486365551367	23.840941070214036	23.89133194368338	26.15286333058891	0.0
51.0	26.2949490721746	23.774028598885895	23.78284011774392	26.148182211195586	0.0
52.0	26.219500441952743	23.733826044096144	23.809550034282314	26.237123479668796	0.0
53.0	26.189210845878275	23.908679621435123	23.72198556563067	26.180123967055934	0.0
54.0	26.208210683415896	23.710971167058137	23.748695482169065	26.3321226673569	0.0
55.0	26.164703809054384	23.76659387984943	23.77870971827922	26.289992592816958	0.0
56.0	26.194167325235913	23.73768108359653	23.759985240705912	26.308166350461644	0.0
57.0	26.171037088233597	23.75805772095572	23.9309837785445	26.139921412266187	0.0
58.0	26.327992267892203	23.718405886094597	23.698579968664035	26.255021877349165	0.0
59.0	26.172138528090848	23.811202194068194	23.927679458972744	26.088979818868214	0.0
60.0	26.26465947610013	23.836810670749337	23.71207260691539	26.18645724623514	0.0
61.0	26.3321226673569	23.690043809770323	23.64130509608686	26.336528426785915	0.0
62.0	26.46897656962064	23.666638212803687	23.72528988520243	26.13909533237325	0.0
63.0	26.19499340512885	23.696927808878158	23.83928891042816	26.26878987556483	0.0
64.0	26.246485718455453	23.694724929163648	23.732724604238893	26.32606474814201	0.0
65.0	26.22748588091783	23.666638212803687	23.808448594425062	26.297427311853422	0.0
66.0	26.13221133326541	23.776782198529027	23.724188445345177	26.366818022860382	0.0
67.0	26.196645564914732	23.80486891488899	23.774303958850208	26.22418156134607	0.0
68.0	26.312847469854965	23.724188445345177	23.724739165273803	26.238224919526047	0.0
69.0	26.18342828662769	23.75062300191926	23.84782506932187	26.218123642131175	0.0
70.0	26.166355968840264	23.843143949928542	23.779260438207846	26.211239643023344	0.0
71.0	26.378383141361546	23.761912760456106	23.67269613201858	26.187007966163765	0.0
72.0	26.26878987556483	23.812578993889762	23.709319007272256	26.209312123273147	0.0
73.0	26.275601522185692	23.82793353930202	23.611776562525815	26.284688375986477	0.0
74.0	26.15884921880593	23.791310764892803	23.775064571733825	26.27477544456744	0.0
75.0	26.11251696896435	23.830346153104802	23.903040783339712	26.154096094591132	0.0
76.0	26.29480426144734	23.764260125618524	23.781332349385814	26.159603263548327	0.0
77.0	26.21384887777665	23.73231854566682	23.808592835723903	26.245239740832627	0.0
78.0	26.19429842797862	23.906345084714026	23.723231716887458	26.176124770419896	0.0
79.0	26.213298160880928	23.71579703879525	23.74360824202906	26.327296558294762	0.0
80.0	26.159878621996185	23.773346954397887	23.77086872836715	26.295905695238776	0.0
81.0	26.197052012457217	23.74526039271622	23.75957903200491	26.298108562821653	0.0
82.0	26.170617601462702	23.767564426992838	23.92617089295991	26.135647078584544	0.0
83.0	26.335006594834827	23.718825981721707	23.69431907986221	26.25184834358126	0.0
84.0	26.17860299645063	23.808592835723903	23.929199835886365	26.083604331939103	0.0
85.0	26.27112343493142	23.837780831197012	23.709463794494486	26.181631939377088	0.0
86.0	26.334455877939106	23.68908726935288	23.637044522707434	26.339412330000577	0.0
87.0	26.46800472515097	23.665131084389106	23.726260659813914	26.14060353064602	0.0
88.0	26.198428804696515	23.69652194744509	23.829244719313365	26.27580452854503	0.0
89.0	26.25047155134196	23.698174098132245	23.729840319636086	26.32151403088971	0.0
90.0	26.230921101543935	23.66678323507626	23.805013175901728	26.297282487478075	0.0
91.0	26.119951647056556	23.786288801447284	23.725159226022473	26.368600325473686	0.0
92.0	26.18411016540782	23.801433516079555	23.774999105085044	26.23945721342758	0.0
93.0	26.298108562821653	23.730941753427523	23.726260659813914	26.244689023936914	0.0
94.0	26.186863749886413	23.73810107307187	23.850447319798548	26.224587857243165	0.0
95.0	26.171168318358422	23.839157623436307	23.780506274042235	26.209167784163036	0.0
96.0	26.37273070219158	23.752970429256283	23.6794497236778	26.19484914487434	0.0
97.0	26.259558380121323	23.808042118828183	23.71799990637813	26.214399594672365	0.0
98.0	26.269949664614334	23.809077992312012	23.61715368263374	26.30381866043991	0.0
99.0	26.164763027172295	23.782643654106682	23.778513288762102	26.274080029958917	0.0
100.0	26.11925708699902	23.832417771536356	23.894373081106384	26.153952060358236	0.0
101.0	26.295760880040753	23.757796043120898	23.783128880811752	26.163314196026597	0.0
102.0	26.228573788773694	23.72778213759586	23.80267922294274	26.240964850687703	0.0
103.0	26.192226673825946	23.904285930637588	23.7233764266931	26.180110968843362	0.0
104.0	26.220313080831026	23.708782509327715	23.737419630195642	26.333484779645616	0.0
105.0	26.163589552958022	23.769361034240635	23.761375683229385	26.30567372957196	0.0
106.0	26.207922018917024	23.73466606088142	23.74568033813831	26.311731582063246	0.0
107.0	26.17598061487203	23.76385389561219	23.91585092175733	26.14431456775846	0.0
108.0	26.33293406578277	23.71786928806465	23.69529001968802	26.253906626464556	0.0
109.0	26.18782096292319	23.809012432365453	23.923836272768575	26.079330331942778	0.0
110.0	26.275384467115497	23.8329684853992	23.71071000784767	26.18093703963763	0.0
111.0	26.33761513361695	23.688681453333885	23.6297550700095	26.343948343039663	0.0
112.0	26.47309074387675	23.670232538928587	23.721724285104568	26.134952432090095	0.0
113.0	26.2126030867512	23.693087164236644	23.826635275976486	26.267674473035672	0.0
114.0	26.260790549750112	23.69639144741371	23.733013919292883	26.30980408354329	0.0
115.0	26.23463164126499	23.667754326545783	23.810389217022564	26.28722481516666	0.0
116.0	26.131097435050183	23.793041730342956	23.71511571875043	26.360745115856428	0.0
117.0	26.194704886208747	23.794418515000068	23.775143529800506	26.23573306899068	0.0
118.0	26.318340148417384	23.722550355898832	23.715666432613276	26.243443063070504	0.0
119.0	26.198835240180085	23.74072391337271	23.829113488359287	26.23132735808792	0.0
120.0	26.175705257940606	23.841779907204714	23.76991174810348	26.2126030867512	0.0
121.0	26.38304902730164	23.756694615395205	23.676290391419876	26.183965965883278	0.0
122.0	26.253080555670287	23.81093993088541	23.727506780664438	26.208472732779864	0.0
123.0	26.267746803097225	23.811005496139483	23.614400105737353	26.30684759502594	0.0
124.0	26.165589100241217	23.790078311726933	23.785121873313432	26.259210714718417	0.0
125.0	26.11114017672505	23.834751888270556	23.89505538835179	26.159052546652607	0.0
126.0	26.29535497834306	23.752419712360563	23.784636650760127	26.16758865853625	0.0
127.0	26.21742853759882	23.725709942918193	23.806940685036746	26.24992083444624	0.0
128.0	26.18300873161638	23.907171160057604	23.729289602740366	26.180530505585647	0.0
129.0	26.21384887777665	23.707536285359467	23.742231449789763	26.336383387074125	0.0
130.0	26.152719302351834	23.777752689563638	23.77114408681501	26.298383921269515	0.0
131.0	26.20428348780985	23.737615719706355	23.750557602392323	26.307543190091476	0.0
132.0	26.18858801306304	23.762122689047864	23.91054130112732	26.138747996761776	0.0
133.0	26.333426955463402	23.7122826727466	23.698790071648464	26.25550030014153	0.0
134.0	26.18666049862045	23.807281598845695	23.91935279572202	26.086705106811834	0.0
135.0	26.277529036628284	23.830136412950694	23.719166652898707	26.17316789752232	0.0
136.0	26.336180547524247	23.693007528320695	23.63738496869166	26.333426955463402	0.0
137.0	26.46477329676563	23.67373238389479	23.72907958431774	26.132414735021836	0.0
138.0	26.210688923094715	23.69500028912796	23.829926671641502	26.26438411613582	0.0
139.0	26.26961595545777	23.686739490198562	23.728318844809877	26.315325709533788	0.0
140.0	26.231065560453903	23.664710693053497	23.814506513639955	26.289717232852645	0.0
141.0	26.13386349305129	23.78669515724431	23.71537692648715	26.364064423217247	0.0
142.0	26.183775746227557	23.79887652825201	23.77822447406102	26.23912325145941	0.0
143.0	26.312093842934242	23.72260160810662	23.713514704262582	26.251789844696553	0.0
144.0	26.193413371516687	23.744355105187793	23.828890847009582	26.233340676285934	0.0
145.0	26.16945698865514	23.841557440246724	23.75839850203767	26.23058706906047	0.0
146.0	26.398832470536405	23.74628263024562	23.671109152990415	26.183775746227557	0.0
147.0	26.253717369754376	23.804383742702942	23.722050886661528	26.21984800088115	0.0
148.0	26.258746169033397	23.817115918922564	23.613623784623265	26.31051412742077	0.0
149.0	26.162094289278247	23.78489862567085	23.784623264190067	26.268383820860837	0.0
150.0	26.1214127184311	23.830123527500426	23.88794959769577	26.16051415637271	0.0
151.0	26.29689087639781	23.748406336653293	23.786957156271253	26.16774563067764	0.0
152.0	26.221441415145513	23.715362776980754	23.81531954499018	26.247876262883548	0.0
153.0	26.184542773511183	23.90811687507056	23.72610193387433	26.181238417543927	0.0
154.0	26.21125298424648	23.71894249594528	23.74014544673516	26.32965907307308	0.0
155.0	26.150397761849558	23.793565868205764	23.769333924445903	26.286702445498776	0.0
156.0	26.21132516053707	23.743790547313	23.7542543700228	26.290629922127128	0.0
157.0	26.194527971450288	23.76196455517739	23.910385619403232	26.133121853969094	0.0
158.0	26.345702673231337	23.71983390058267	23.6900946149864	26.244368811199593	0.0
159.0	26.191498970139556	23.80519666479419	23.917820440802302	26.085483924263954	0.0
160.0	26.288977739594007	23.832182312835258	23.70744253158422	26.17139741598652	0.0
161.0	26.350383857075194	23.689268523719832	23.633645045104583	26.326702574100384	0.0
162.0	26.48421064225842	23.668891605811275	23.72534117569309	26.12155657623721	0.0
163.0	26.218556814583305	23.694565681320647	23.825639189877602	26.26123831421845	0.0
164.0	26.262890501301094	23.692913494237995	23.730363068111412	26.313832936349492	0.0
165.0	26.229296030620535	23.672811884732415	23.816276796409248	26.281615288237802	0.0
166.0	26.137875012047196	23.79397227079346	23.715493384367555	26.352659332791784	0.0
167.0	26.189584526589414	23.807386438736398	23.774893157686037	26.228135876988144	0.0
168.0	26.317354716482356	23.730559104727497	23.71706613208794	26.235020046702207	0.0
169.0	26.18159888972111	23.760574084680794	23.838778252632505	26.219048772965593	0.0
170.0	26.165352249195927	23.855850993523372	23.75919725073798	26.219599506542714	0.0
171.0	26.381515178217384	23.761675551835044	23.6771379477464	26.17967132220117	0.0
172.0	26.24107811605058	23.815372075604703	23.739370841961495	26.204178966383225	0.0
173.0	26.254368017711638	23.827553827471217	23.625434048095695	26.292644106721447	0.0
174.0	26.156061803492207	23.787074798086746	23.790379208648744	26.2664841897723	0.0
175.0	26.115379319840287	23.835880490155585	23.889026573041445	26.159713616962687	0.0
176.0	26.28260025499175	23.751683193399955	23.790785600400937	26.174930951207354	0.0
177.0	26.206873762560274	23.7205664892372	23.819423982993207	26.253135765209322	0.0
178.0	26.169698939003	23.909194297657436	23.730755144582528	26.19035161875704	0.0
179.0	26.206873762560274	23.71258078639897	23.747001919322372	26.333543531718384	0.0
180.0	26.14766941393202	23.774263456597705	23.781698421309162	26.29636870816111	0.0
181.0	26.204742969808454	23.73605251853239	23.757255994801017	26.301948516858143	0.0
182.0	26.17610450835472	23.760835802482735	23.9114630949365	26.151596594226046	0.0
183.0	26.342152510822036	23.71842884994548	23.6864859506317	26.25293268860079	0.0
184.0	26.17968431603644	23.809300891096743	23.926333065306707	26.08468172756011	0.0
185.0	26.277165232907794	23.83408417504709	23.717878110302134	26.17087248174298	0.0
186.0	26.34105103153535	23.683181512771654	23.642977518807758	26.332789936885238	0.0
187.0	26.475779780639797	23.67471024130724	23.730335098458752	26.119174879594215	0.0
188.0	26.222235684820983	23.702863311175122	23.823200585990207	26.25170041801369	0.0
189.0	26.257483216116935	23.697631255748377	23.73177730169133	26.31310822644336	0.0
190.0	26.23022145363022	23.67257246396766	23.81438870316622	26.2828173792359	0.0
191.0	26.129160172492604	23.802272364283237	23.714979650058105	26.35358781316605	0.0
192.0	26.18520476725486	23.799649725728635	23.778446015905537	26.236699491110965	0.0
193.0	26.30912255193532	23.72722666490428	23.717863987839536	26.245786795320864	0.0
194.0	26.18107417443218	23.750082611856456	23.846463111052365	26.222380102659	0.0
195.0	26.174740598770736	23.847839975326593	23.756691560372744	26.22072786552993	0.0
196.0	26.390908289824424	23.752285594695216	23.67187672108034	26.18492939440002	0.0
197.0	26.25046813385324	23.81644746987421	23.725023682065515	26.208060714207036	0.0
198.0	26.251091167942104	23.822571273575424	23.628157502691778	26.29818005579069	0.0
199.0	26.14947830468989	23.79283092335526	23.797787648391953	26.259903123562893	0.0
200.0	26.099707552417513	23.834477972804027	23.89313271392458	26.172681760853884	0.0
201.0	26.28703451276501	23.740089937517382	23.808382969700475	26.16449258001713	0.0
202.0	26.201117472276607	23.720813678433448	23.82655772826533	26.251511121024617	0.0
203.0	26.17000008261254	23.917706896219375	23.72824880693725	26.184044214230834	0.0
204.0	26.21598772928422	23.71200167428079	23.745322064983025	26.32668853145197	0.0
205.0	26.148796197620207	23.787179084708143	23.76900432614329	26.29502039152836	0.0
206.0	26.209175524591068	23.748691964531584	23.750619595748194	26.29151291512915	0.0
207.0	26.180811808118083	23.764663766040645	23.921903398138458	26.13262102770281	0.0
208.0	26.328688660020926	23.72914027647739	23.695544418130748	26.24662664537093	0.0
209.0	26.178608801013382	23.815608305336784	23.933193809550033	26.072589084099796	0.0
210.0	26.26948284408217	23.847827284242992	23.718675992730077	26.164013878944758	0.0
211.0	26.33557305722311	23.684804758495346	23.639092361072862	26.34052982320868	0.0
212.0	26.472507772505843	23.687072994087664	23.725625724584802	26.114793508821695	0.0
213.0	26.22666864938398	23.716052850431517	23.819594754611195	26.23768374557331	0.0
214.0	26.2517279932147	23.70145784798066	23.73202473990604	26.3147894188986	0.0
215.0	26.228320913812382	23.67392010750734	23.823174660872727	26.27458431780755	0.0
216.0	26.137721747655164	23.80114446849407	23.701182470575922	26.35995131327484	0.0
217.0	26.201202855128656	23.793564945364825	23.770708494888968	26.23452370461755	0.0
218.0	26.313557455058163	23.71948801550934	23.721140289037717	26.245814240394783	0.0
219.0	26.189636940430034	23.749779696862884	23.841480877687697	26.219102485019384	0.0
220.0	26.178346404652803	23.85772823405005	23.75666416989778	26.20726119139937	0.0
221.0	26.39286658442016	23.764099400775468	23.670195188579484	26.172838826224886	0.0
222.0	26.246364998237574	23.817247532604867	23.732706203736342	26.20368126542122	0.0
223.0	26.245335756674514	23.83714045740565	23.622344307213574	26.295179478706267	0.0
224.0	26.14867748908808	23.80106571936057	23.79693502416457	26.253321767386783	0.0
225.0	26.112399279604777	23.83390153497056	23.89476061178518	26.158938573639485	0.0
226.0	26.294498159076703	23.750526666538153	23.790181558822802	26.164793615562342	0.0
227.0	26.213260706132463	23.727670027235202	23.81661815367923	26.24245111295311	0.0
228.0	26.172504289062132	23.913552334819475	23.727670027235202	26.186273348883194	0.0
229.0	26.21794218647162	23.712524061432035	23.737583750306364	26.331950001789977	0.0
230.0	26.148546124973493	23.786876984465746	23.776687880198164	26.28788901036259	0.0
231.0	26.20947754535541	23.749765925338444	23.74701210579073	26.293744423515413	0.0
232.0	26.1731271273256	23.756099710298184	23.92243041098003	26.148342751396186	0.0
233.0	26.33587786259542	23.722227729861316	23.688906513333993	26.25298789420927	0.0
234.0	26.193230010023903	23.80263926065453	23.91251666060826	26.091614068713305	0.0
235.0	26.289062930284306	23.828800546357797	23.70983554189661	26.172300981461287	0.0
236.0	26.359009946796206	23.67651432536929	23.63575779606314	26.32871793177137	0.0
237.0	26.49016470640072	23.687870217634956	23.718988464218146	26.102976611746175	0.0
238.0	26.236058711756122	23.717401481563076	23.81929336601217	26.227246440668633	0.0
239.0	26.253683253931097	23.697573871616225	23.738330625395864	26.310412249056814	0.0
240.0	26.225287027117833	23.671303346836712	23.824145803441844	26.27926382260361	0.0
241.0	26.12727237676633	23.800160281566793	23.704046421066835	26.368520920600037	0.0
242.0	26.179158243779916	23.796330467256773	23.775950294410876	26.248560994552435	0.0
243.0	26.295712814185222	23.72026153871577	23.73127833381991	26.252747313279094	0.0
244.0	26.167549880463163	23.75202441415933	23.856688003349234	26.22373770202827	0.0
245.0	26.167470045448287	23.84492494146812	23.76421980443465	26.223385208648946	0.0
246.0	26.37817290343906	23.75280620325864	23.683391408541876	26.18562948476042	0.0
247.0	26.241687648410256	23.81092740224895	23.73351991934195	26.213865029998846	0.0
248.0	26.239786670192778	23.835418698313525	23.629361498157056	26.295433133336637	0.0
249.0	26.153837677614145	23.79244420202421	23.79437254480642	26.259345575555226	0.0
