# Position (bp)	A	C	G	T	N
0.0	26.215458350321597	23.802431332739786	23.692596999525716	26.289513317412904	0.0
1.0	26.195765830982715	23.694261156089567	23.783570891682825	26.3264021212449	0.0
2.0	26.262903610514815	23.711303035849987	23.738760476816488	26.28703287681871	0.0
3.0	26.260424380083926	23.693676453866487	23.81653645724999	26.229362708799602	0.0
4.0	26.209413513483533	23.657747900651156	23.772837698425906	26.360000887439405	0.0
5.0	26.175950216582272	23.720888957909274	23.82210858508827	26.281052240420188	0.0
6.0	26.30957200774235	23.767241427121522	23.705125147664816	26.21806141747131	0.0
7.0	26.300041871982653	23.81462080898889	23.787445614949686	26.097891704078773	0.0
8.0	26.319744452886273	23.828326465874365	23.67221424253684	26.179714838702523	0.0
9.0	26.166920837376956	23.854984056564536	23.68445861638708	26.293636489671428	0.0
10.0	26.214585563054193	23.70777856029812	23.771550887544432	26.30608498910325	0.0
11.0	26.152199590748022	23.76545092580783	23.777928120269067	26.304421363175084	0.0
12.0	26.21319920811406	23.752696460358568	23.757964609131086	26.276139722396287	0.0
13.0	26.20904014329365	23.756300983202923	23.861663958653352	26.17299491485008	0.0
14.0	26.22290369269502	23.767391822724022	23.713601251046697	26.29610323353426	0.0
15.0	26.232885448264003	23.78347354002961	23.749091937514212	26.23454907419217	0.0
16.0	26.299634835121267	23.68192669529944	23.74098525199704	26.27745321758226	0.0
17.0	26.322925533537216	23.80004380869464	23.69551293604208	26.18151772172606	0.0
18.0	26.2408535486429	23.7842394061981	23.716862742923368	26.25804430223563	0.0
19.0	26.232258171846535	23.76122597800138	23.653922403156443	26.352593446995638	0.0
20.0	26.168690733654966	23.80524593800255	23.806077746353907	26.219985581988574	0.0
21.0	26.2377308268175	23.8193866799756	23.78833250152498	26.154549991681918	0.0
22.0	26.160372650141404	23.904231131813898	23.74230577274996	26.193090445294736	0.0
23.0	26.348361337547825	23.73648311429047	23.723728719569678	26.191426828592025	0.0
24.0	26.290966561304273	23.744246658903123	23.703765319137137	26.261021460655463	0.0
25.0	26.221094659790385	23.798314201741253	23.69738812177674	26.28320301669162	0.0
26.0	26.203903953862362	23.68158376310098	23.787223423723177	26.32728885931348	0.0
27.0	26.2660123107636	23.70681528309211	23.743969389452673	26.28320301669162	0.0
28.0	26.268785005268118	23.677424721344202	23.818832141074697	26.23495813231298	0.0
29.0	26.196140409249708	23.666333943326123	23.789996118227695	26.34752952919647	0.0
30.0	26.156490877835083	23.73232407253369	23.827150224588255	26.28403482504298	0.0
31.0	26.297898297565574	23.768646370542893	23.703488049686687	26.229967282204846	0.0
32.0	26.296511950313317	23.81217767426385	23.798314201741253	26.09299617368158	0.0
33.0	26.323684356457605	23.82105029667831	23.666333943326123	26.188931403537957	0.0
34.0	26.167858925303612	23.847668163921696	23.686851882659568	26.29762102811512	0.0
35.0	26.20168579825875	23.715133366605667	23.78084622636278	26.302334608772803	0.0
36.0	26.149836411024236	23.765041867687017	23.777241723506904	26.307879997781846	0.0
37.0	26.205290301114626	23.74674208395719	23.75672378417346	26.29124383075473	0.0
38.0	26.213885654078634	23.75672378417346	23.861808905894748	26.167581655853155	0.0
39.0	26.223867354294907	23.763100981533857	23.71735152220928	26.29568014196196	0.0
40.0	26.25131702988965	23.77835080130871	23.73981034769589	26.23052182110575	0.0
41.0	26.307807054269798	23.6851225943476	23.742239942771747	26.264830408610855	0.0
42.0	26.33248396693848	23.80517993351097	23.685677131710943	26.176658967839607	0.0
43.0	26.246253406938923	23.774125841163862	23.717840298784733	26.261780453112483	0.0
44.0	26.2398762272605	23.75859879499031	23.654068502000495	26.347456475748693	0.0
45.0	26.17159556593154	23.8012321786049	23.80927294807881	26.21789930738475	0.0
46.0	26.23897166876466	23.813431966772214	23.784596103831287	26.163000260631836	0.0
47.0	26.15995031359001	23.900494091420775	23.742451381071476	26.197104213917736	0.0
48.0	26.354592388441255	23.733301539945987	23.72082448386578	26.19128158774698	0.0
49.0	26.294425251343363	23.742174113158583	23.70751562404689	26.255885011451163	0.0
50.0	26.218731111123432	23.81010475181749	23.693374960489322	26.277789176569755	0.0
51.0	26.211522145388205	23.680620636496222	23.787646050873118	26.32021116724246	0.0
52.0	26.27446196161503	23.70418840909217	23.746055863939088	26.275293765353712	0.0
53.0	26.271689282486093	23.679234296931753	23.828958969894252	26.2201174506879	0.0
54.0	26.200431428872463	23.674243474499672	23.7798825493121	26.345442547315766	0.0
55.0	26.16133665315448	23.733578807858883	23.812322895120637	26.292761643866	0.0
56.0	26.314943076897485	23.773505387315545	23.69254315675064	26.219008379036328	0.0
57.0	26.29886153794966	23.820918200420337	23.78542790756997	26.094792354060033	0.0
58.0	26.319102095590885	23.82369087954927	23.66259822215814	26.194608802701698	0.0
59.0	26.16632747558656	23.853913082054667	23.68616599475409	26.293593447604685	0.0
60.0	26.20209503634982	23.707238356134	23.791250533740733	26.299416073775443	0.0
61.0	26.144700578380863	23.766019153667422	23.785705175482864	26.30357509246885	0.0
62.0	26.212908484952667	23.750492150545384	23.762969206625595	26.273630157876347	0.0
63.0	26.21512662825582	23.749660346806706	23.87082642474117	26.164386600196305	0.0
64.0	26.230376363464963	23.747164935590664	23.72886525333969	26.293593447604685	0.0
65.0	26.250894189019082	23.771009976099506	23.75243302593564	26.22566280894577	0.0
66.0	26.30377942844151	23.68443671793336	23.741553749622224	26.270230104002906	0.0
67.0	26.325960799971167	23.798393514166964	23.69192293082462	26.18372275503725	0.0
68.0	26.238344382429023	23.778984814078516	23.717431508083724	26.265239295408733	0.0
69.0	26.24804873247325	23.753198969675292	23.653937332080087	26.344814965771373	0.0
70.0	26.17533216511767	23.801100192977398	23.803595590355567	26.219972051549366	0.0
71.0	26.240212496950072	23.81219084799148	23.794445799968948	26.153150855089503	0.0
72.0	26.16202337910077	23.890379965840783	23.74925138078655	26.1983452742719	0.0
73.0	26.35971430472684	23.731506332764013	23.722356542377394	26.186422820131757	0.0
74.0	26.283188785129653	23.743428786904154	23.71514761661824	26.258234811347958	0.0
75.0	26.206108732781757	23.81995430650134	23.694907171217533	26.27902978949937	0.0
76.0	26.21886298604796	23.66884413193443	23.795832131845707	26.316460750171906	0.0
77.0	26.279307055874717	23.69878890047246	23.745924184282323	26.275979859370498	0.0
78.0	26.26488920435641	23.677162123194996	23.829104096887963	26.228844575560633	0.0
79.0	26.200563405274718	23.661357939799924	23.78418694408092	26.35389171084444	0.0
80.0	26.162577911851475	23.72817913625979	23.817736175498524	26.29150677639021	0.0
81.0	26.305647361533175	23.76644189605838	23.697957101346407	26.229953641062043	0.0
82.0	26.298992968524722	23.815240778120355	23.77919614932458	26.106570104030347	0.0
83.0	26.318124348424014	23.823281503005568	23.659694341547812	26.198899807022602	0.0
84.0	26.167845972983166	23.849067275913317	23.688807310959785	26.294279440143736	0.0
85.0	26.208326863784574	23.700452498724577	23.788900472461904	26.30232016502895	0.0
86.0	26.13374220881485	23.776146219195706	23.78280061220416	26.307310959785283	0.0
87.0	26.208881396535276	23.755351241044295	23.769214559811903	26.266552802608523	0.0
88.0	26.21886298604796	23.74814231528514	23.87180311869219	26.161191579974712	0.0
89.0	26.224962846305704	23.744815118780917	23.737883459397114	26.292338575516272	0.0
90.0	26.25074861921345	23.77004635893796	23.75867843754852	26.220526584300067	0.0
91.0	26.31167426836538	23.677373740174403	23.74918553228065	26.26176645917957	0.0
92.0	26.322764892628893	23.795766154187405	23.705654832046356	26.175814121137343	0.0
93.0	26.24041700747231	23.766098734282508	23.728113346179974	26.26537091206521	0.0
94.0	26.25594388144123	23.73864943923031	23.654915226040785	26.350491453287678	0.0
95.0	26.17490975029529	23.792095734003205	23.81039521329984	26.222599302401665	0.0
96.0	26.242839635563097	23.805958975894594	23.801800003327177	26.149401385215132	0.0
97.0	26.162155567755207	23.884979454675516	23.75494224573428	26.197922731834993	0.0
98.0	26.36483616420733	23.730820204843262	23.7172342277897	26.18710940315971	0.0
99.0	26.28526115575075	23.736920031275474	23.71945234649232	26.258366466481455	0.0
100.0	26.199863585699788	23.823426660677747	23.701152867195688	26.275556886426777	0.0
101.0	26.21483588694249	23.67592176695336	23.79791829559759	26.311324050506563	0.0
102.0	26.282765772210297	23.69754842430393	23.75272412703166	26.266961676454116	0.0
103.0	26.264466292913664	23.67592176695336	23.829803751947786	26.22980818818519	0.0
104.0	26.204299823105032	23.666494762467213	23.78765949659796	26.341545917829794	0.0
105.0	26.166591805160454	23.716956962951873	23.827585633245164	26.288865598642513	0.0
106.0	26.311324050506563	23.762705661193458	23.705311839763105	26.22065844853687	0.0
107.0	26.30134251634476	23.82148580681295	23.779618816300953	26.097552860541334	0.0
108.0	26.323800968208815	23.81815862875902	23.661226730548485	26.19681367248368	0.0
109.0	26.166591805160454	23.85448032251446	23.69588483527696	26.283043037048127	0.0
110.0	26.20762700115897	23.693943981412165	23.798472825273244	26.299956192155623	0.0
111.0	26.134429083972428	23.775737108571366	23.78155967016575	26.308274137290454	0.0
112.0	26.225649215617775	23.750506008329037	23.76631010408522	26.25753467196797	0.0
113.0	26.220381183699043	23.744128917058998	23.862521002811466	26.172968896430493	0.0
114.0	26.217885800158598	23.745792506085962	23.74357438738334	26.2927473063721	0.0
115.0	26.254762023589695	23.76880548762567	23.7640919853826	26.212340503402036	0.0
116.0	26.30681487355372	23.68611489268494	23.741013178361204	26.266057055400132	0.0
117.0	26.32760967873412	23.790088918586953	23.712732243315855	26.16956915936307	0.0
118.0	26.24526225021973	23.75958987098903	23.727427238976674	26.267720639814566	0.0
119.0	26.24720309870324	23.745172139397283	23.660883862399388	26.346740899500094	0.0
120.0	26.175741544808773	23.792095734003205	23.81566324521857	26.216499475969457	0.0
121.0	26.242839635563097	23.808177094597216	23.79764103075976	26.151342239079924	0.0
122.0	26.16076924356607	23.89440645916166	23.751892332518175	26.192931964754095	0.0
123.0	26.368440607099085	23.731374734518916	23.717788757465357	26.18239590091664	0.0
124.0	26.291915511858615	23.738306355464616	23.72582943776236	26.24394869491441	0.0
125.0	26.208458795672453	23.816495039732054	23.70863901781704	26.26640714677846	0.0
126.0	26.22204477272601	23.670930999872457	23.798195560435417	26.30882866696611	0.0
127.0	26.284429361237265	23.689785008844748	23.74523797641031	26.28054765350768	0.0
128.0	26.265648177671803	23.671551162436057	23.836801463962402	26.225999195929738	0.0
129.0	26.20603607225542	23.669055771976765	23.792716232514938	26.33219192325288	0.0
130.0	26.169159746579236	23.72201350283504	23.817670137107843	26.291156613477877	0.0
131.0	26.31306059639832	23.760830687757338	23.715359128276933	26.21074958756741	0.0
132.0	26.293374738330584	23.822106386813246	23.781348342644836	26.103170532211333	0.0
133.0	26.32110129898937	23.821274589993486	23.662678663025243	26.194945447991902	0.0
134.0	26.171932402645115	23.85121927550497	23.698723191881662	26.278125129968256	0.0
135.0	26.212690446813525	23.690405223684028	23.79632068540058	26.300583644101867	0.0
136.0	26.13394701454258	23.764712406249565	23.790775373268822	26.310565205939028	0.0
137.0	26.218790290158456	23.741422095296187	23.77219857762744	26.267589036917915	0.0
138.0	26.222744715302888	23.73982432402458	23.87818024532529	26.159250715347248	0.0
139.0	26.219972051549366	23.747310516159086	23.74453785240556	26.28817957988599	0.0
140.0	26.26488920435641	23.76893729343655	23.76089656855134	26.205276933655703	0.0
141.0	26.30849296989156	23.678336840762707	23.742662818198706	26.27050737114703	0.0
142.0	26.326238067115288	23.78841189697862	23.710777096624827	26.174572939281266	0.0
143.0	26.254148609643906	23.76484418972836	23.73212666672212	26.24888053390561	0.0
144.0	26.254148609643906	23.754862572540016	23.65726453780953	26.333724280006543	0.0
145.0	26.189617980269613	23.78487337174418	23.816759181726933	26.208749466259267	0.0
146.0	26.238417132938874	23.811213823469064	23.799291303214645	26.151077740377417	0.0
147.0	26.16133665315448	23.901880430985244	23.746055863939088	26.190727051921193	0.0
148.0	26.370951195301974	23.72886525333969	23.719715412214207	26.180468139144132	0.0
149.0	26.297752466298085	23.732469736207307	23.727756181688118	26.242021615806486	0.0
150.0	26.220949254426586	23.808718412253025	23.70169299787613	26.268639335444266	0.0
151.0	26.22316739772973	23.665648169199972	23.801786714430687	26.30939771863961	0.0
152.0	26.28555267813077	23.699752122485872	23.74855127515513	26.266143924228224	0.0
153.0	26.270098513562594	23.6756954591708	23.830688652224666	26.223517375041936	0.0
154.0	26.199949537099936	23.66238656245061	23.794089186244147	26.34357471420531	0.0
155.0	26.172499937614546	23.724494747144824	23.815993412096123	26.287011903144503	0.0
156.0	26.313629696584883	23.758044257626967	23.715622149331367	26.212703896456784	0.0
157.0	26.29061639600622	23.810170769781042	23.787712006565723	26.111500827647017	0.0
158.0	26.320284144944978	23.82292512913789	23.66044568167892	26.196345044238218	0.0
159.0	26.17139086288787	23.839006712674784	23.711185850424638	26.278416574012713	0.0
160.0	26.217140195363513	23.689281624572658	23.799911828559228	26.293666351504598	0.0
161.0	26.130077829318942	23.764975974668733	23.789375618655743	26.315570577356578	0.0
162.0	26.223517375041936	23.74473536090678	23.775789453253886	26.255957810797398	0.0
163.0	26.22636277934897	23.744523928353576	23.871790606111016	26.157322686186436	0.0
164.0	26.214717462429988	23.739255808794987	23.747851161758998	26.298175567016024	0.0
165.0	26.269339544169025	23.77502356790329	23.755614706371652	26.200022181556037	0.0
166.0	26.313221075863908	23.680263073984012	23.7429261435317	26.263589706620383	0.0
167.0	26.335679963622148	23.780912163567248	23.71131733853862	26.172090534271987	0.0
168.0	26.258876112893343	23.763444139755283	23.732112604981438	26.245567142369943	0.0
169.0	26.254439789385543	23.740153441339327	23.66944953543375	26.335957233841384	0.0
170.0	26.18242212844301	23.78347354002961	23.81979603946121	26.214308292066168	0.0
171.0	26.238708139012584	23.808427928952085	23.803159780179563	26.149704151855772	0.0
172.0	26.16855857904164	23.88966832844412	23.749923750478292	26.191849342035944	0.0
173.0	26.38067088488263	23.72663298748399	23.71554214796289	26.177153979670493	0.0
174.0	26.302480466258892	23.723583006615687	23.727464800448068	26.24647172667735	0.0
175.0	26.21708100194644	23.807873386976027	23.706392205357986	26.268653405719544	0.0
176.0	26.225121860599238	23.658147053441212	23.80953701290419	26.307194073055364	0.0
177.0	26.28556693598922	23.690587759040422	23.757964609131086	26.26588069583927	0.0
178.0	26.275658035196876	23.66569898823536	23.83816202097838	26.22048095558938	0.0
179.0	26.203567378423266	23.652389943907924	23.794907626914217	26.349135050754597	0.0
180.0	26.171681126388783	23.726698774736107	23.823189346110016	26.278430752765093	0.0
181.0	26.31697152696329	23.755812309202373	23.71865789378828	26.208558270046055	0.0
182.0	26.29950340628353	23.807107584214364	23.782430397857244	26.110958611644858	0.0
183.0	26.328062397236156	23.807107584214364	23.6726307821559	26.19219923639358	0.0
184.0	26.171681126388783	23.830675683544197	23.71006246932681	26.287580720740205	0.0
185.0	26.226026390725814	23.677898945535507	23.800175790293824	26.29589887344485	0.0
186.0	26.132585808676943	23.756089580959195	23.79712580096879	26.31419880939508	0.0
187.0	26.231017282348603	23.737512373252148	23.769953168800274	26.261517175598975	0.0
188.0	26.232476376380813	23.742291823787763	23.870114458098577	26.155117341732844	0.0
189.0	26.225544563240316	23.737023645800985	23.749778181979504	26.287653608979195	0.0
190.0	26.268244532185797	23.774732709285303	23.755046359966283	26.20197639856262	0.0
191.0	26.308799267998502	23.687180269232368	23.74152583493921	26.26249462782992	0.0
192.0	26.336249324146344	23.784503195574718	23.716293965146747	26.16295351513219	0.0
193.0	26.246690050047828	23.76287587860975	23.737089462228443	26.25334460911397	0.0
194.0	26.265413014726068	23.733616523361793	23.660415967703027	26.34055449420912	0.0
195.0	26.169548484411564	23.785532868249724	23.824351452369598	26.220567194969114	0.0
196.0	26.24635382584874	23.794405687477123	23.807160365116513	26.152080121557624	0.0
197.0	26.17010303561328	23.89089759657509	23.757528032563247	26.181471335248386	0.0
198.0	26.380555216663154	23.7286913700742	23.71815489724166	26.172598516020983	0.0
199.0	26.306522631234543	23.713163936426252	23.72480951166221	26.255503920676997	0.0
200.0	26.21640806095627	23.801892128700242	23.702072912392	26.279626897951484	0.0
201.0	26.226944533788803	23.662145225868706	23.81242860153278	26.29848163880971	0.0
202.0	26.28323148076262	23.683218171533778	23.771114537005204	26.262435810698403	0.0
203.0	26.260567695639274	23.664151769993705	23.85408608322173	26.22119445114529	0.0
204.0	26.200121447049916	23.646960635073796	23.79863080928654	26.354287108589748	0.0
205.0	26.178216613845517	23.714061516535377	23.82109019523029	26.286631674388815	0.0
206.0	26.316022969574465	23.75288020829001	23.71517062201408	26.215926200121448	0.0
207.0	26.291009516204166	23.810197200594484	23.781082939597614	26.117710343603733	0.0
208.0	26.322896563962644	23.803265233690468	23.67876710809432	26.19507109425257	0.0
209.0	26.16706594796034	23.826002085135645	23.71897251613762	26.287959450766397	0.0
210.0	26.22030345378319	23.672666977218785	23.81102903662297	26.296000532375057	0.0
211.0	26.13129699873561	23.748086777134493	23.797442381491095	26.32317384263881	0.0
212.0	26.234721944943544	23.735609236707262	23.776646480779043	26.253022337570155	0.0
213.0	26.23091277620499	23.738725124567793	23.877919405956515	26.152442693270707	0.0
214.0	26.23091277620499	23.734565932892828	23.7487071845877	26.285814106314486	0.0
215.0	26.265018147939674	23.771998657967487	23.75868924460761	26.20429394948523	0.0
216.0	26.308346688996963	23.684444025443234	23.743227430776994	26.26398185478281	0.0
217.0	26.323597100758082	23.795078830764794	23.70856740404718	26.17275666442994	0.0
218.0	26.247067761738656	23.772896413657715	23.74017734842477	26.239858476178856	0.0
219.0	26.273627936768495	23.73538374514409	23.6571900743949	26.333798243692513	0.0
220.0	26.175542504755406	23.78868795093195	23.818911829459687	26.21685771485296	0.0
221.0	26.26316402415692	23.785915118039497	23.808929631046855	26.141991226756726	0.0
222.0	26.170274122259745	23.890173634795726	23.756245806090252	26.183306436854277	0.0
223.0	26.376295606169	23.73489499281836	23.717703428885155	26.171105972127485	0.0
224.0	26.30863848359315	23.726021927562513	23.71215776310025	26.253181825744086	0.0
225.0	26.219353264456164	23.806988648022138	23.701620998108925	26.27203708941277	0.0
226.0	26.229890029447482	23.662246771036095	23.8092069143361	26.298656285180318	0.0
227.0	26.28965173025732	23.6842834960071	23.76497338065661	26.26109139307897	0.0
228.0	26.265323495240395	23.661889035850255	23.858207237708623	26.214580231200728	0.0
229.0	26.21707580156334	23.640538044970178	23.796649835431	26.345736318035488	0.0
230.0	26.182692387678536	23.722891866936187	23.815227970352623	26.279187775032653	0.0
231.0	26.31773047285513	23.75256142569162	23.722891866936187	26.206816234517067	0.0
232.0	26.291607049767634	23.832340642642443	23.779933229073084	26.096119078516843	0.0
233.0	26.336250402067456	23.808771170931355	23.66624518905489	26.188733237946295	0.0
234.0	26.159340720283055	23.840936567619426	23.726416663893787	26.273306048203732	0.0
235.0	26.21590745238967	23.68898279705853	23.81265320156612	26.28245654898568	0.0
236.0	26.120520413935385	23.746658680775077	23.809048458833836	26.323772446455706	0.0
237.0	26.226444392684034	23.73806275579809	23.7779922137557	26.257500637762178	0.0
238.0	26.220139476201698	23.744228929527083	23.885646151926462	26.149985442344754	0.0
239.0	26.23178560039929	23.74561537288394	23.736742135400057	26.285856891316705	0.0
240.0	26.26594827227628	23.766634592187323	23.76192047562663	26.205496659909766	0.0
241.0	26.306915399569053	23.676029739240878	23.750904739587522	26.26615012160255	0.0
242.0	26.329130774820147	23.77986210874883	23.71246956241992	26.178537554011104	0.0
243.0	26.247854026664154	23.768370779816895	23.74257749771882	26.241197695800132	0.0
244.0	26.27523638088317	23.725734382497414	23.656394141026958	26.34263509559246	0.0
245.0	26.172340909469156	23.77773093160397	23.827659090530847	26.22226906839603	0.0
246.0	26.25581479210991	23.793976749153266	23.819219257537387	26.130989201199434	0.0
247.0	26.17202236967666	23.881516166973658	23.76140121169082	26.185060251658864	0.0
248.0	26.379711158086298	23.729034548954985	23.72847972391906	26.162774569039655	0.0
249.0	26.30453236571847	23.727092661329248	23.722376648523888	26.245998324428392	0.0
