# Position (bp)	A	C	G	T	N
0.0	26.235154458971582	23.681530812835913	23.85088297275663	26.232431755435876	0.0
1.0	26.24658981382153	23.793706198506868	23.728905854357144	26.230798133314455	0.0
2.0	26.237506500295403	23.79965749228813	23.70300388520274	26.25901533116793	8.167910457920287E-4
3.0	26.26012098903911	23.709658976439265	23.8490522888273	26.180895493131068	2.7225256325788305E-4
4.0	26.373805874457894	23.6407591221799	23.850658419520908	26.134776583841298	0.0
5.0	26.245137193088485	23.84048087681615	23.720152778571798	26.193956916007178	2.722355163899393E-4
6.0	26.137307159365925	23.802666216580416	23.957564851893494	26.10246177216017	0.0
7.0	26.257663033417906	23.705587072748457	23.80440345394558	26.23234643988806	0.0
8.0	26.22740635888502	23.849085365853657	23.746733449477354	26.176502613240416	2.7221254355400695E-4
9.0	26.16973032710802	23.724790470668616	23.87586390869176	26.229615293531605	0.0
10.0	26.25775421156783	23.861331968719124	23.702368930347514	26.17827269238202	2.721969835130287E-4
11.0	26.203587011848732	23.76306885767092	23.81424189057137	26.21883004292546	2.721969835130287E-4
12.0	26.247682923177845	23.772595752093874	23.81533067850542	26.164118449239343	2.721969835130287E-4
13.0	26.17881708634905	23.86105977173561	23.693114232908073	26.267008909007274	0.0
14.0	26.110223446503767	23.8169638604065	23.924209471910633	26.1486032211791	0.0
15.0	26.149964206096666	23.85316605921373	23.71434559762209	26.282524137067515	0.0
16.0	26.19079375362362	23.80008764742869	23.800904238379232	26.208214360568455	0.0
17.0	26.090625263690825	23.645751957776802	23.91958212319091	26.344040655341455	0.0
18.0	26.096341400344603	23.80825355693408	23.848810907477525	26.246049741276767	5.443939670260574E-4
19.0	26.191539051994926	23.787501837324637	23.817171227768373	26.203787882912067	0.0
20.0	26.286807736906	23.829692254928116	23.653853482206532	26.229646525959353	0.0
21.0	26.267481803681182	23.809277536732885	23.704754179573307	26.218486480012633	0.0
22.0	26.24516171178773	23.82479272256126	23.68379506889287	26.246250496758144	0.0
23.0	26.416100952142457	23.72380791655552	23.68923899374493	26.170852137557095	0.0
24.0	26.182828772231627	23.776613987620514	23.735784551230054	26.304772688917804	0.0
25.0	26.23808460948005	23.6865170313189	23.837041553478397	26.238356805722653	0.0
26.0	26.25659395397706	23.797028705815745	23.721902542857297	26.224474797349895	0.0
27.0	26.244072926817317	23.80356141563822	23.69114436744315	26.260676897616104	5.443924852061342E-4
28.0	26.263126663799536	23.705842964543717	23.84547963699909	26.18555073465766	0.0
29.0	26.377993478178023	23.64650418365625	23.84547963699909	26.130022701166634	0.0
30.0	26.251694421610207	23.84520744075649	23.709109319454953	26.193988818178354	0.0
31.0	26.13165587862225	23.805466789336442	23.957624488951552	26.105252843089755	0.0
32.0	26.246794889243347	23.711831281880986	23.806827770549454	26.234546058326213	0.0
33.0	26.22583577856291	23.84520744075649	23.751844129543638	26.17684045489436	2.721962426030671E-4
34.0	26.16152625461712	23.729187251451485	23.869912325828903	26.239374168102497	0.0
35.0	26.255978093706023	23.85385279122877	23.708772588824196	26.18112433073931	2.7219550169713894E-4
36.0	26.201538993366597	23.76430047117041	23.812206879469112	26.221681460492185	2.7219550169713894E-4
37.0	26.246179055644923	23.777365855251876	23.807035164936867	26.16887553316294	5.443910033942779E-4
38.0	26.180852135237615	23.863379633788174	23.694890618237643	26.26087761273657	0.0
39.0	26.11389204182012	23.817106398499657	23.92244605765645	26.146555502023773	0.0
40.0	26.14900526153905	23.85303620472368	23.720204799895477	26.277753733841795	0.0
41.0	26.190378977797014	23.8034966234148	23.79995808189274	26.206166316895445	0.0
42.0	26.08558370964362	23.655150074989862	23.915096779110627	26.3441694362559	0.0
43.0	26.09810470272168	23.80540199192668	23.85984109226611	26.236107822082133	5.443910033942779E-4
44.0	26.190035494196806	23.79172745682991	23.819763517191824	26.198473531781456	0.0
45.0	26.28367049191037	23.834462034274765	23.653180323585133	26.22841495546894	2.721947607952442E-4
46.0	26.269244169588223	23.808059142477624	23.707891470504975	26.21453302266838	2.721947607952442E-4
47.0	26.24937395205017	23.824663022886135	23.680944189186246	26.24501883587745	0.0
48.0	26.418406898504017	23.72993924612939	23.683393942033405	26.168259913333188	0.0
49.0	26.17778672996102	23.77920649783333	23.738649478474837	26.304357293730813	0.0
50.0	26.23739738257518	23.69210417437885	23.838000566165103	26.232497876880867	0.0
51.0	26.24828517300699	23.799348910132178	23.726672908999845	26.225693007860983	0.0
52.0	26.234947629728023	23.809692311042397	23.697003680073166	26.25781198963482	5.443895215904884E-4
53.0	26.25454565250528	23.708708054787362	23.846982993271347	26.189491104675216	2.721947607952442E-4
54.0	26.384110358643813	23.644470091239683	23.84616640898896	26.12525314112754	0.0
55.0	26.246379809681425	23.8497049408793	23.711430002395314	26.19221305228317	2.721947607952442E-4
56.0	26.130152646821852	23.809147921520808	23.957766260915008	26.102933170742332	0.0
57.0	26.241752498747907	23.71687389761122	23.801798662979333	26.23957494066154	0.0
58.0	26.217799359797922	23.843716656141805	23.76205822790323	26.176153561396248	2.721947607952442E-4
59.0	26.158934088218082	23.727152714454864	23.876042843338734	26.237870353988324	0.0
60.0	26.252296637042882	23.857261455965812	23.700749894524815	26.18941981844659	2.7219401989738286E-4
61.0	26.196769056983822	23.76063257890224	23.81588796494141	26.22643820515263	2.7219401989738286E-4
62.0	26.24440301046586	23.775875444016496	23.806361174245	26.17281598323285	5.443880397947657E-4
63.0	26.1782598636308	23.856717067926017	23.689317745689127	26.27570532275406	0.0
64.0	26.115655239054398	23.813166024742436	23.926670931039645	26.14450780516352	0.0
65.0	26.15158484968085	23.853178545667355	23.707554745022254	26.28768185962954	0.0
66.0	26.18179838588946	23.806361174245	23.799828517767466	26.21201192209807	0.0
67.0	26.081358792547327	23.665092477918257	23.905167603467753	26.348381126066663	0.0
68.0	26.09741823972127	23.81479918886182	23.849367829388786	26.23814254800822	2.7219401989738286E-4
69.0	26.186626599815998	23.792958904258736	23.816911912811047	26.20350258311422	0.0
70.0	26.28706591976831	23.834060089388274	23.652234979013897	26.226366818550517	2.7219327900355485E-4
71.0	26.260390978425963	23.81391778674201	23.702862928908562	26.22255611264447	2.7219327900355485E-4
72.0	26.254674919566884	23.830521576761228	23.67074412198614	26.244059381685748	0.0
73.0	26.41799088696902	23.732804189598948	23.676460180845215	26.17274474258682	0.0
74.0	26.179005188003895	23.7823433663776	23.738520248458027	26.300131197160482	0.0
75.0	26.23861551610568	23.68598694561034	23.833243509551263	26.242154028732724	0.0
76.0	26.243242801848737	23.803030055581868	23.725454971065854	26.22827217150354	0.0
77.0	26.244331574964754	23.80684076148792	23.687892298563366	26.260390978425963	5.443865580071097E-4
78.0	26.249231053986815	23.714839433184714	23.84603659366443	26.18962072588504	2.7219327900355485E-4
79.0	26.383694533814573	23.651146205897884	23.842498081037384	26.122661179250162	0.0
80.0	26.25630807924091	23.84059272808436	23.718105752532757	26.184721246862974	2.7219327900355485E-4
81.0	26.137359616316353	23.804391021976887	23.958996804450905	26.09925255725586	0.0
82.0	26.241337448895713	23.719738912206783	23.804391021976887	26.234532616920625	0.0
83.0	26.214118120995355	23.842498081037384	23.76546738307938	26.17764422160888	2.7219327900355485E-4
84.0	26.156614142579894	23.72974547275761	23.87373532541979	26.23990505924271	0.0
85.0	26.249976183152917	23.85713158059485	23.703342796560577	26.189277247153548	2.7219253811376013E-4
86.0	26.198531793449416	23.759686651950123	23.82038558794949	26.220851581574745	5.443850762275203E-4
87.0	26.242899177161956	23.774929434084495	23.814125159572875	26.167501844104446	5.443850762275203E-4
88.0	26.17784516055277	23.862031046280897	23.682928356202044	26.27719543696429	0.0
89.0	26.120412535010768	23.810858849115508	23.92817383304254	26.14055478283118	0.0
90.0	26.156886335118006	23.845427301455956	23.709603224937194	26.288083138488844	0.0
91.0	26.180294893395796	23.806775961043805	23.806503768505692	26.206425377054714	0.0
92.0	26.09400985881373	23.657886642695576	23.906670622531554	26.341432875959136	0.0
93.0	26.09809274688544	23.818480240182698	23.85631500298051	26.226839817413243	2.7219253811376013E-4
94.0	26.17940705738892	23.791196228510458	23.820592942611082	26.208803771489542	0.0
95.0	26.290733502455172	23.831208422702975	23.65618909708537	26.221868977756486	0.0
96.0	26.271135693054752	23.804261434777402	23.70110074362799	26.223229936742626	2.7219179722799876E-4
97.0	26.253171034437706	23.829303080122376	23.67524252289133	26.242283362548584	0.0
98.0	26.41811926355787	23.726686772567422	23.6836804686054	26.171513495269306	0.0
99.0	26.179134865591692	23.788474310538177	23.732947183903665	26.299443639966462	0.0
100.0	26.23928925277908	23.689396496347186	23.83284157348634	26.238472677387392	0.0
101.0	26.258342678585038	23.79527910546888	23.728864306945248	26.21751390900084	0.0
102.0	26.24881596568206	23.805350201966313	23.686946770172135	26.258342678585038	5.443835944559975E-4
103.0	26.25970363757118	23.70790553855869	23.842096094592094	26.19029472927804	0.0
104.0	26.37919583655427	23.652378411924175	23.84563458795606	26.122791163565495	0.0
105.0	26.253171034437706	23.843184861781005	23.71716005966444	26.18648404411685	0.0
106.0	26.150282535085523	23.804261434777402	23.95260596426666	26.092850065870415	0.0
107.0	26.24173897895413	23.71198841551711	23.80698335274968	26.23928925277908	0.0
108.0	26.21560856642024	23.84372924537546	23.762616089801515	26.17777390660555	2.7219179722799876E-4
109.0	26.157288323820254	23.72961629226787	23.87197221473697	26.241123169174905	0.0
110.0	26.25500491304857	23.863534291990234	23.701580613464202	26.17960799044065	2.7219105634627056E-4
111.0	26.194850689596038	23.762823601142113	23.817534003467713	26.22424732368144	5.443821126925411E-4
112.0	26.248744518752602	23.769356186494424	23.810184844946363	26.171170067693915	5.443821126925411E-4
113.0	26.185868384736615	23.856729515581577	23.685521341139772	26.27188075854204	0.0
114.0	26.127075116565816	23.80827950755194	23.918789076428524	26.145856299453712	0.0
115.0	26.163820909172564	23.836587377411952	23.71110730043632	26.28848441297916	0.0
116.0	26.187229340018348	23.79929720269251	23.80882388966463	26.204649567624504	0.0
117.0	26.09468438086061	23.66374605663207	23.90245761304775	26.339111949459564	0.0
118.0	26.100128201987538	23.820255914031176	23.846658446496765	26.232685246428172	2.7219105634627056E-4
119.0	26.182401167158424	23.786024584363126	23.820048559016627	26.211525689461823	0.0
120.0	26.29508857121082	23.83066403910852	23.64938430215467	26.224863087525996	0.0
121.0	26.26814158328525	23.80290047579126	23.702733894411356	26.225951854714907	2.7219179722799876E-4
122.0	26.2482715820876	23.826853353947325	23.670887454135684	26.253987609829387	0.0
123.0	26.413492003004997	23.734580334687035	23.68068635883589	26.171241303472076	0.0
124.0	26.175324180430497	23.790651844916002	23.727503347959107	26.306520626694397	0.0
125.0	26.23820048559017	23.685313619388765	23.837196642241988	26.23928925277908	0.0
126.0	26.257053189143875	23.795888259519256	23.72892889514327	26.218129656193607	0.0
127.0	26.254059071224624	23.79779360728605	23.689460977116774	26.258141959296328	5.443850762275203E-4
128.0	26.255692226453302	23.707425684632284	23.844610723841615	26.1922713650728	0.0
129.0	26.36709074379535	23.65169059245589	23.844675627269414	26.136543036479342	0.0
130.0	26.243787188406742	23.848758526454464	23.725454971065854	26.181999314072936	0.0
131.0	26.14334786845443	23.795136450490766	23.957363644776883	26.104152036277924	0.0
132.0	26.234059637709763	23.70891571512174	23.80881092042408	26.248213726744424	0.0
133.0	26.21418947425725	23.839296650652585	23.761176966942035	26.18506471412823	2.7219401989738286E-4
134.0	26.153561396250247	23.725584129956665	23.873385885068483	26.247468588724605	0.0
135.0	26.24665200444222	23.86903076889576	23.702175380528274	26.181869651372953	2.721947607952442E-4
136.0	26.183846285756278	23.76348388466532	23.82363909054039	26.228486348034615	5.443910033942779E-4
137.0	26.240262179420874	23.771714455253658	23.814993657827547	26.17248531501271	5.443924852061342E-4
138.0	26.176023866166553	23.85881725288664	23.68570044259109	26.279458438355718	0.0
139.0	26.118318262734704	23.81526585407015	23.92087799620014	26.145537886995008	0.0
140.0	26.162414054036397	23.83840253469141	23.712103478123588	26.287079933148604	0.0
141.0	26.181195594776007	23.797028705815745	23.811999499158915	26.20977620024933	0.0
142.0	26.08354814211949	23.66535014058974	23.907605455916336	26.343496261374433	0.0
143.0	26.096341400344603	23.81805264834055	23.850716286362115	26.23461746796922	2.721969835130287E-4
144.0	26.176710762698026	23.783820567260058	23.822744841853122	26.216723828188798	0.0
145.0	26.301921715934455	23.81730088736458	23.652621264086232	26.228156132614732	0.0
146.0	26.267080407207793	23.806140780663075	23.699983668136536	26.226522946268172	2.721977244270238E-4
147.0	26.243470639312537	23.819543305414843	23.682627477346283	26.254086379460993	2.721984653450524E-4
148.0	26.409039191241718	23.740670372205194	23.676431359526156	26.173859077026933	0.0
149.0	26.16542090163265	23.792660420602214	23.730054603160777	26.311591875398094	2.7219920626711454E-4
150.0	26.22857111748662	23.68840812460191	23.83539569598615	26.247625061925316	0.0
151.0	26.25450150662671	23.797896983207988	23.722497597835464	26.22510391232984	0.0
152.0	26.258856705781795	23.802796582257464	23.682484205598065	26.25531810646829	5.443998943864205E-4
153.0	26.25749570604583	23.70426020137352	23.843082174442056	26.195161918138588	0.0
154.0	26.36862505988415	23.657778406863812	23.845596881668918	26.127999651583117	0.0
155.0	26.23905753233744	23.852401898872	23.720928966508428	26.18761160228213	0.0
156.0	26.138071077043683	23.798233961935455	23.958287966551982	26.105406994468883	0.0
157.0	26.23967335828513	23.701939435182034	23.808642395372576	26.2494726097312	2.7220142905750254E-4
158.0	26.208914596801634	23.845661789724396	23.752841102415786	26.192310309629125	2.7220142905750254E-4
159.0	26.154545504036758	23.721330306445203	23.872402510792817	26.25172167872522	0.0
160.0	26.250360667875245	23.873491319472798	23.704181569735475	26.171694240746486	2.7220216999569925E-4
161.0	26.1864644380507	23.768213777278135	23.82918722932823	26.215590149521056	5.444058218758591E-4
162.0	26.239887634332504	23.77698899208432	23.818908354474484	26.16367061180493	5.444073037683874E-4
163.0	26.16584824102	23.866543993554217	23.68743399061442	26.28017377481136	0.0
164.0	26.119845823851573	23.809925633962305	23.92642879696874	26.143799745217382	0.0
165.0	26.154960094944634	23.84014023932145	23.716287577714144	26.288612088019775	0.0
166.0	26.17483096153218	23.797676469627515	23.81809174351883	26.20940082532147	0.0
167.0	26.09432971029286	23.663816686673687	23.90444536993938	26.337408233094067	0.0
168.0	26.09351309711436	23.813529102732662	23.854087557265	26.238598038495148	2.7220439283449156E-4
169.0	26.17660669080219	23.79127310341073	23.818221411655824	26.213898794131257	0.0
170.0	26.30372648828157	23.81958243732477	23.646732177368865	26.229958897024797	0.0
171.0	26.268339820889018	23.798894847156816	23.70525628113346	26.227236845686907	2.7220513378882325E-4
172.0	26.24037411975425	23.826180216621434	23.688716249874105	26.24445720787546	2.7220587474718883E-4
173.0	26.41166350906993	23.746760741273057	23.675170401341433	26.166405348315585	0.0
174.0	26.164499902005616	23.78868056009233	23.73315041048758	26.313396920798766	2.7220661570958823E-4
175.0	26.233640382395855	23.686875285816946	23.839310990614315	26.240173341172884	0.0
176.0	26.256305002899012	23.79446166912107	23.721510097531894	26.227723230448024	0.0
177.0	26.263110186815908	23.79718374268783	23.682856652883903	26.256305002899012	5.44414713352043E-4
178.0	26.260115905892473	23.692111703010884	23.8486309330996	26.199141457997044	0.0
179.0	26.365259713745964	23.65461147738223	23.850329099590052	26.129799709281755	0.0
180.0	26.236505283559175	23.852778972468876	23.72266350179385	26.1880522421781	0.0
181.0	26.13987140889467	23.796159688158404	23.96002896294159	26.103939940005333	0.0
182.0	26.24120425190206	23.69795707266615	23.81636791746628	26.24419854912689	2.7220883862099005E-4
183.0	26.215616621071685	23.836783580362855	23.759476270194494	26.187851319532346	2.7220883862099005E-4
184.0	26.149813264228396	23.723337071678227	23.87005803508237	26.256791629011005	0.0
185.0	26.24889755120262	23.87740769373156	23.701832514889865	26.17159003059636	2.7220957959952526E-4
186.0	26.185543998715165	23.763416566175692	23.833646828885872	26.21684818558211	5.444206411641891E-4
187.0	26.246590556453853	23.776819594841054	23.81765125407636	26.158394172505595	5.444221231373958E-4
188.0	26.163838393736967	23.866921456220293	23.68835099983123	26.280889150211507	0.0
189.0	26.12572884511735	23.808668289044594	23.91973040216462	26.145872463673435	0.0
190.0	26.16302176055226	23.837522661570876	23.712305573249274	26.28715000462759	0.0
191.0	26.17962663530795	23.80104637932067	23.808668289044594	26.21065869632678	0.0
192.0	26.101573112006992	23.653844583393447	23.90264617093268	26.34193613366688	0.0
193.0	26.08850694548414	23.810910793470182	23.868075272007644	26.23223477723547	2.7221180255933535E-4
194.0	26.18358013937282	23.791920731707318	23.82131968641115	26.203179442508713	0.0
195.0	26.303898083623693	23.822680749128917	23.643292682926827	26.23012848432056	0.0
196.0	26.270960365853657	23.80226480836237	23.701273954703833	26.225228658536587	2.7221254355400695E-4
197.0	26.24054399102785	23.825467730476184	23.685005675646984	26.248982602848987	0.0
198.0	26.40857147523669	23.75012930166214	23.673092732429946	26.168206490671224	0.0
199.0	26.151601435112344	23.790416977444345	23.73406867415437	26.323912913288943	0.0
200.0	26.23517114095787	23.692964356295494	23.837237789839882	26.234626712906756	0.0
201.0	26.258653026892098	23.797831537169564	23.71780039580027	26.22571504013807	0.0
202.0	26.25892524165866	23.80708683923268	23.679418113715	26.25402537586054	5.444295331244539E-4
203.0	26.267908328955215	23.693028852043106	23.843019188418896	26.196043630582782	0.0
204.0	26.367882925554504	23.654983177081633	23.84934504948878	26.127788847875085	0.0
205.0	26.242391576563335	23.85751151471597	23.723581484990035	26.176515423730656	0.0
206.0	26.141944054268883	23.797351887542327	23.959320114548284	26.1013839436405	0.0
207.0	26.23946863388276	23.6986021695635	23.815655156456288	26.246274040097457	0.0
208.0	26.213335874018316	23.84723224129248	23.746784445563556	26.19237522287705	2.722162485878782E-4
209.0	26.143447464843177	23.72752168208322	23.870707818616378	26.258323034457227	0.0
210.0	26.251517609717055	23.872613337543623	23.70764984184193	26.16794699390778	2.7221698960675536E-4
211.0	26.18026802557758	23.762430142124877	23.829395703859777	26.22736169297651	5.444354612593337E-4
212.0	26.236144079792677	23.781277902393345	23.822927328556805	26.159106252313858	5.444369433132254E-4
213.0	26.166728369520243	23.86049347764542	23.6868180927285	26.28596006010584	0.0
214.0	26.122084540168554	23.801694287767592	23.923648163069753	26.152573008994096	0.0
215.0	26.157745159955574	23.84443258781768	23.70777891504606	26.290043337180684	0.0
216.0	26.17897820074479	23.796249918334457	23.81530521135042	26.20946666957033	0.0
217.0	26.096022605083423	23.657210678615275	23.899485777907234	26.347280938394068	0.0
218.0	26.09956145484836	23.809108999294953	23.86382506104516	26.227504484811533	0.0
219.0	26.18238736899415	23.794473934939433	23.815979311283517	26.2071593847829	0.0
220.0	26.31141962705866	23.818429290867023	23.635225262011705	26.23492582006261	0.0
221.0	26.26759221450932	23.802368313597384	23.698652511229074	26.231114740710492	2.7221995372260786E-4
222.0	26.2374472232128	23.8285662952669	23.679389354537513	26.254597126982787	0.0
223.0	26.41936256628592	23.746692509554972	23.664209414506136	26.16973550965297	0.0
224.0	26.1539466663763	23.793514596513386	23.728453673356054	26.32408506375426	0.0
225.0	26.244324183063473	23.690070450907584	23.826725611681564	26.238879754347376	0.0
226.0	26.261545623075726	23.79630158950529	23.711096048150658	26.231056739268322	0.0
227.0	26.261545623075726	23.80337936610344	23.673529387745102	26.261273400898876	2.722221768518594E-4
228.0	26.269984510558135	23.694762717539547	23.831146028142328	26.204106743759986	0.0
229.0	26.36233959264563	23.6580771261971	23.851083174990336	26.128500106166936	0.0
230.0	26.247461521290553	23.860066531281134	23.72041617439689	26.17205577303142	0.0
231.0	26.147283487502243	23.79990526642457	23.95371121503977	26.099100031033412	0.0
232.0	26.243449618206316	23.694619499380693	23.8111312254148	26.25079965699819	0.0
233.0	26.21323279206196	23.847064748397283	23.749608678490247	26.18982155739155	2.7222365895820006E-4
234.0	26.13245350407248	23.729256500718673	23.872446535127835	26.265843460081012	0.0
235.0	26.253048913280196	23.878979920728256	23.697406245916632	26.170292695674895	2.7222440001742234E-4
236.0	26.174175089766237	23.760354763803857	23.830588850202673	26.234336845945073	5.444502821613588E-4
237.0	26.226785937899834	23.78655313032542	23.828748142058352	26.157368337952096	5.444517642959422E-4
238.0	26.15981837089143	23.864954184384036	23.682562843344893	26.292664601379638	0.0
239.0	26.11925671445138	23.79853106913993	23.92593278198518	26.156279434423507	0.0
240.0	26.159240575938327	23.85096820034247	23.698517141215962	26.291274082503246	0.0
241.0	26.181045020322713	23.79731190260343	23.812012860615862	26.209630216457995	0.0
242.0	26.09620107047376	23.65959369912391	23.89073109111006	26.353474139292267	0.0
243.0	26.09302895413893	23.810729502729338	23.865452416928708	26.230244619594075	5.445066089489661E-4
244.0	26.180603390771896	23.793667691285656	23.818443686341347	26.2072852316011	0.0
245.0	26.31085989359559	23.82718267906055	23.63087361617086	26.231083811173008	0.0
246.0	26.266993767477064	23.802574149052326	23.70346369262689	26.226696109370025	2.722814736962482E-4
247.0	26.234931803391177	23.84063042039826	23.678069528137737	26.246095951770883	2.722963019439233E-4
248.0	26.426402712159792	23.74664724222909	23.666044903127425	26.1609051424837	0.0
249.0	26.14837910329898	23.805737470557002	23.730853540648358	26.314757580295993	2.7230519966778765E-4
