# Position (bp)	A	C	G	T	N
0.0	26.26785415170244	23.85408356495348	23.643141251856036	26.23492103148804	0.0
1.0	26.256781809561392	23.824557319244015	23.73768201936808	26.18097885182651	0.0
2.0	26.114987821011454	23.7578283358789	23.823407504982313	26.30377633812733	0.0
3.0	26.208529325767106	23.85321361353746	23.736824624503573	26.20143243619187	0.0
4.0	26.17514058539161	23.80002100619683	23.83124643391422	26.193591974497345	0.0
5.0	26.122499957421923	23.772757980550335	23.786666818055373	26.318075243972366	0.0
6.0	26.213068641448274	23.76464978186762	23.60938834943189	26.412893227252216	0.0
7.0	26.23558496039146	23.731632621202703	23.723117707331056	26.30966471107478	0.0
8.0	26.145039251190592	23.907182144823555	23.68751170724231	26.260266896743538	0.0
9.0	26.25544534786372	23.669206646517104	23.773076213585345	26.302271792033828	0.0
10.0	26.20248315005321	23.752536360411494	23.95289109613338	26.092089393401917	0.0
11.0	26.20475345867329	23.793401915572897	23.721887194040438	26.279957431713374	0.0
12.0	26.266619368570414	23.738346931536007	23.772685349414687	26.222348350478892	0.0
13.0	26.29755232351898	23.783185526782546	23.806739978715857	26.112522170982615	0.0
14.0	26.275700603050726	23.80390209294076	23.76644200070947	26.153955303299043	0.0
15.0	26.084427101809155	23.910039020929407	23.786307201135156	26.219226676126283	0.0
16.0	26.23597020219936	23.83738914508691	23.78971266406527	26.136927988648456	0.0
17.0	26.218091521816245	23.90379567222419	23.704292302234837	26.173820503724727	0.0
18.0	26.173252926569706	23.768712309329548	23.843632493792125	26.214402270308618	0.0
19.0	26.186023412557645	23.838524299396948	23.831145796381694	26.14430649166371	0.0
20.0	26.198645201020497	23.85030805075246	23.69848202351459	26.252564724712453	0.0
21.0	26.29002460433002	23.785320835355314	23.753820482040542	26.17083407827412	0.0
22.0	26.25455123348005	23.737360837966158	23.920403431552003	26.08768449700179	0.0
23.0	26.08967100576939	23.652792321859824	23.890605800038028	26.366930872332755	0.0
24.0	26.308754544138807	23.75467184294094	23.714374093655373	26.222199519264876	0.0
25.0	26.282078569259625	23.834699767578474	23.654211256693824	26.229010406468074	0.0
26.0	26.242915967841263	23.813131958101692	23.749279890571746	26.194672183485302	0.0
27.0	26.107549584677773	23.750698825405745	23.82788888037528	26.3138627095412	0.0
28.0	26.20801017092489	23.86421361212565	23.73310403346416	26.194672183485302	0.0
29.0	26.180766622112113	23.8014966924629	23.82505101070728	26.1926856747177	0.0
30.0	26.116063193681764	23.77964509601932	23.78134781782012	26.322943892478794	0.0
31.0	26.20942910575889	23.763185451944935	23.617035164043056	26.41035027825312	0.0
32.0	26.24036188514006	23.72345527659297	23.73310403346416	26.30307880480281	0.0
33.0	26.141320233726944	23.910754674680813	23.682306166407002	26.26561892518524	0.0
34.0	26.24717277234326	23.666981670199814	23.785888409288916	26.299957148168012	0.0
35.0	26.1960911183193	23.750131251472144	23.955876802401974	26.09790082780658	0.0
36.0	26.1972262661865	23.797523674927707	23.72941480289576	26.27583525599003	0.0
37.0	26.272429812388438	23.73338782043096	23.774253143650125	26.21992922353048	0.0
38.0	26.298822000300813	23.785320835355314	23.803199414263702	26.11265775008017	0.0
39.0	26.28321371712683	23.78872627895691	23.75864486047614	26.169415143440123	0.0
40.0	26.083711479466594	23.917849348850805	23.795820953126906	26.202618218555696	0.0
41.0	26.25738910314805	23.82874024127568	23.782199178720518	26.131671476855757	0.0
42.0	26.224186028032477	23.890322013071227	23.712387584887775	26.17310437400852	0.0
43.0	26.172253013108122	23.768009830380528	23.84945668985206	26.210280466659285	0.0
44.0	26.190131592016503	23.833280832744475	23.82505101070728	26.151536564531735	0.0
45.0	26.20388842694939	23.84846997125254	23.70487458106187	26.242767020736196	0.0
46.0	26.28959160449402	23.788307475757637	23.760496510859046	26.161604408889293	0.0
47.0	26.265469849224843	23.73665854094597	23.915443315294045	26.08242829453514	0.0
48.0	26.097752703764982	23.645847226991393	23.890753989312643	26.365646079930983	0.0
49.0	26.310024150133803	23.754820803736887	23.72644226812608	26.20871277800323	0.0
50.0	26.27909154631803	23.83768612772044	23.657198641235716	26.226023684725817	0.0
51.0	26.24787515714614	23.81668601136844	23.74857752590251	26.18686130558291	0.0
52.0	26.11080683014595	23.7482937405464	23.83257799131049	26.308321437997158	0.0
53.0	26.22063176295977	23.855564605155244	23.734388258097106	26.189415373787885	0.0
54.0	26.18714509093902	23.793415612167582	23.833429347378818	26.18600994951458	0.0
55.0	26.114496039775354	23.78234798327937	23.780929056498827	26.32222692044645	0.0
56.0	26.21438848512539	23.76872628618618	23.608671345341236	26.40821388334719	0.0
57.0	26.247591371790037	23.723604414565	23.731834189892133	26.296970023752834	0.0
58.0	26.147131355727783	23.907497325323018	23.683874464709874	26.26149685423933	0.0
59.0	26.25213193748776	23.6637257044262	23.78660476362099	26.297537594465048	0.0
60.0	26.200483002676094	23.74261803342424	23.951767840875878	26.10513112302379	0.0
61.0	26.19764514911502	23.790293973250392	23.73353690202878	26.27852397560581	0.0
62.0	26.277105048825273	23.732685545960457	23.781780412567148	26.20842899264712	0.0
63.0	26.291861887342886	23.789726402538175	23.810158948177957	26.10825276194098	0.0
64.0	26.281645614522997	23.790577758606503	23.765037076556776	26.162739550313724	0.0
65.0	26.081009367754604	23.92055145170399	23.800226460714175	26.19821271982723	0.0
66.0	26.256104932473274	23.834280703447142	23.77723984686942	26.13237451721016	0.0
67.0	26.23340210398463	23.875145794726702	23.71764492208673	26.17380717920194	0.0
68.0	26.177212603475237	23.76163165228348	23.85584839051135	26.205307353729935	0.0
69.0	26.182320739885178	23.84024019592541	23.826902284188332	26.150536780001076	0.0
70.0	26.20459105343364	23.85401028999861	23.704740039899992	26.236658616667754	0.0
71.0	26.286888339609682	23.77625354374952	23.77001030134996	26.166847815290833	0.0
72.0	26.26021266753883	23.732267063207154	23.922969740139223	26.084550529114793	0.0
73.0	26.09533431144131	23.638902210959163	23.899699473013587	26.366064004585944	0.0
74.0	26.31384779542597	23.74844273669693	23.72091571338977	26.216793754487334	0.0
75.0	26.284334285900773	23.837834616508836	23.6539427494672	26.223888348123197	0.0
76.0	26.251982938921227	23.81484813312863	23.750145439169536	26.18302348878061	0.0
77.0	26.110942417440214	23.73992922433389	23.83442921156362	26.314699146662278	0.0
78.0	26.219064024450805	23.875010287160773	23.729996793243675	26.175928895144747	0.0
79.0	26.195509973579732	23.79015894727582	23.83499677905449	26.179334300089955	0.0
80.0	26.113780254894557	23.786185974839732	23.771996787568	26.328036982697707	0.0
81.0	26.2034559184519	23.770861652586266	23.613361673870045	26.41232075509179	0.0
82.0	26.251131587684924	23.71438868724477	23.750713006660405	26.2837667184099	0.0
83.0	26.140739710710847	23.911902174067272	23.68969950139196	26.257658613829914	0.0
84.0	26.25283429015753	23.659902208121323	23.782213002403648	26.3050504993175	0.0
85.0	26.201753215979295	23.72659138829846	23.965253518208986	26.106401877513257	0.0
86.0	26.202604567215598	23.78646975858517	23.736523819388673	26.27440185481056	0.0
87.0	26.278091043501213	23.73822652186128	23.770861652586266	26.212820782051242	0.0
88.0	26.297955905681636	23.79015894727582	23.812010295674284	26.099874851368266	0.0
89.0	26.282064015937294	23.801510297093202	23.758091384041705	26.1583343029278	0.0
90.0	26.08596944784197	23.916442713994225	23.79384813596647	26.20373970219734	0.0
91.0	26.255955911357308	23.83187515785471	23.78363192113082	26.12853700965716	0.0
92.0	26.232969427977103	23.880969745814898	23.715807605971946	26.17025322023605	0.0
93.0	26.167415382781705	23.765185977677568	23.854577857489478	26.212820782051242	0.0
94.0	26.173091057690396	23.83811840025427	23.838969751490573	26.14982079056476	0.0
95.0	26.198199118572692	23.8572802887767	23.71255140003916	26.231969192611448	0.0
96.0	26.28759049102823	23.771294301938518	23.76959160912984	26.171523597903416	0.0
97.0	26.254387981259026	23.738375574304097	23.921415051236863	26.085821393200014	0.0
98.0	26.10369966769112	23.63990317353561	23.903252994610977	26.35314416416229	0.0
99.0	26.3142660116975	23.760510580816895	23.71936217127387	26.205861236211735	0.0
100.0	26.281347284063077	23.837131757207356	23.661470615778853	26.220050342950714	0.0
101.0	26.25268528845035	23.805631940246833	23.751429552503954	26.190253218798865	0.0
102.0	26.107672617578032	23.739794484977995	23.83684797507258	26.315684922371396	0.0
103.0	26.2243070749724	23.866928881359204	23.726172942508576	26.18259110115982	0.0
104.0	26.193942386550994	23.77498346969065	23.84734791405942	26.183726229698934	0.0
105.0	26.124131981395244	23.78065911238624	23.767037569916823	26.328171336301693	0.0
106.0	26.205861236211735	23.767037569916823	23.61436278140546	26.41273841246598	0.0
107.0	26.25353663485469	23.71397031071306	23.748024166886598	26.284468887545653	0.0
108.0	26.14229403802113	23.90779350876745	23.693254214874155	26.256658238337266	0.0
109.0	26.25382041698947	23.656930101622383	23.792294179912197	26.29695530147595	0.0
110.0	26.20728014688563	23.723902685430343	23.96398237145379	26.104834796230236	0.0
111.0	26.207847711155193	23.777537508903666	23.743483652730127	26.271131127211017	0.0
112.0	26.281914848332637	23.73184858520417	23.783213151599252	26.203023414863942	0.0
113.0	26.306320111923675	23.7812266766558	23.81755078990757	26.094902421512955	0.0
114.0	26.27794189844572	23.794564436990434	23.765051094973366	26.16244256959047	0.0
115.0	26.083267353987	23.904104341015316	23.80903732586419	26.2035909791335	0.0
116.0	26.25864471328072	23.82975342170309	23.78519962654271	26.126402238473478	0.0
117.0	26.22629354991586	23.870334266976556	23.723335121160783	26.180037061946805	0.0
118.0	26.174077637116433	23.75738897733432	23.858982981585378	26.20955040396387	0.0
119.0	26.178901933407683	23.84678034978986	23.82833451102919	26.145983205773266	0.0
120.0	26.198631594779513	23.848618398835352	23.714956254735643	26.23779375164949	0.0
121.0	26.28405050215534	23.77682111124039	23.771996787568	26.16713159903627	0.0
122.0	26.262482937502305	23.727442739534766	23.924956226357267	26.085118096605665	0.0
123.0	26.101009986350004	23.626983293650905	23.913037309049013	26.358969410950078	0.0
124.0	26.315266714153147	23.74730760171519	23.7277265232802	26.209699160851464	0.0
125.0	26.282064015937294	23.829888671636663	23.66274004557567	26.22530726685037	0.0
126.0	26.247158615248832	23.807185972001896	23.758091384041705	26.187564028707566	0.0
127.0	26.103564040058913	23.74844273669693	23.833010292836445	26.31498293040771	0.0
128.0	26.223604564377762	23.86252380236165	23.738510305606717	26.175361327653874	0.0
129.0	26.20005051350669	23.77426705753148	23.844077858908395	26.181604570053434	0.0
130.0	26.11867869913162	23.774334525228447	23.77944264714229	26.327544128497642	0.0
131.0	26.219705999205406	23.75560474487769	23.616266530450083	26.408422725466824	0.0
132.0	26.25461149895	23.70934786310233	23.747658777456156	26.288381860491516	0.0
133.0	26.13967875588853	23.922470060729893	23.6821045462285	26.25574663715307	0.0
134.0	26.254327714399228	23.65571258300698	23.801294057551505	26.288665645042286	0.0
135.0	26.21090867813156	23.717293830523868	23.958510698677564	26.113286792667008	0.0
136.0	26.199273511550032	23.774618309779218	23.754753391225382	26.27135478744537	0.0
137.0	26.286111584085365	23.720983029683865	23.789375106419204	26.203530279811567	0.0
138.0	26.3022873034792	23.774902094329985	23.81888869969919	26.103921902491628	0.0
139.0	26.27532777115614	23.79448322833305	23.780577785345365	26.149611215165447	0.0
140.0	26.099948918780864	23.89068619104376	23.811226516828423	26.198138373346957	0.0
141.0	26.2569562885416	23.830591493817735	23.781780412567148	26.13067180507351	0.0
142.0	26.239361596462903	23.87372686794616	23.71934763422338	26.167563901367565	0.0
143.0	26.18061802774853	23.75425323302467	23.8609565269213	26.204172212305497	0.0
144.0	26.18118559846075	23.8399564105693	23.834280703447142	26.144577287522807	0.0
145.0	26.212266975426886	23.844916098383266	23.71863089815737	26.224186028032477	0.0
146.0	26.29201111309762	23.76006379531014	23.776807226351323	26.171117865240923	0.0
147.0	26.25341608561285	23.724874211426965	23.934025205958392	26.08768449700179	0.0
148.0	26.105846862876973	23.619305459777454	23.91217360951481	26.36267406783076	0.0
149.0	26.322660105511996	23.741050068534552	23.729982376829362	26.20630744912409	0.0
150.0	26.28094342139243	23.82476722374048	23.667833031100212	26.22645632376687	0.0
151.0	26.250862002911656	23.800077757628905	23.75864486047614	26.190415378983307	0.0
152.0	26.09875218870698	23.741050068534552	23.847186394117664	26.313011348640803	0.0
153.0	26.23128070220247	23.86052438155725	23.73310403346416	26.175090882776118	0.0
154.0	26.18559100054771	23.774253143650125	23.858254085822857	26.18190176997931	0.0
155.0	26.127772606533927	23.767225917769654	23.783401820782345	26.321599654914067	0.0
156.0	26.208935909369536	23.7550230435671	23.62419688060481	26.411844166458554	0.0
157.0	26.245544531977206	23.7150089676936	23.75417168025064	26.285274820078552	0.0
158.0	26.145651236179535	23.919619951415534	23.69003564374418	26.24469316866075	0.0
159.0	26.25405816514178	23.64973778009853	23.801280450427953	26.29492360433174	0.0
160.0	26.202976366154335	23.715292755465754	23.958498876200423	26.123232002179492	0.0
161.0	26.2049628805594	23.766374554453197	23.761266374554456	26.267396190432947	0.0
162.0	26.287828910027926	23.719833359820193	23.795888482757054	26.196449247394828	0.0
163.0	26.29974799645833	23.76892864440257	23.83079437873181	26.100528980407294	0.0
164.0	26.272788158103843	23.7950371194406	23.781131518605125	26.15104320385043	0.0
165.0	26.099961404862988	23.883578904352166	23.819159080073558	26.197300610711288	0.0
166.0	26.25895707697765	23.82291592763391	23.794820858460447	26.123306136927987	0.0
167.0	26.237389145086908	23.86520042568287	23.71961688542036	26.177793543809862	0.0
168.0	26.184320681092586	23.748847108903867	23.856119191202556	26.21071301880099	0.0
169.0	26.182617949627527	23.83824051081944	23.83398368215679	26.14515785739624	0.0
170.0	26.215970009052906	23.841213713877057	23.722305625005323	26.220510652064714	0.0
171.0	26.28663376592418	23.7714013275705	23.779631243029403	26.162333663475916	0.0
172.0	26.255133055029756	23.723156995570037	23.93599963674856	26.08571031265165	0.0
173.0	26.10330530432241	23.626668331569103	23.909607149242422	26.360419214866067	0.0
174.0	26.32778334321869	23.744157469499648	23.72713005820537	26.20092912907629	0.0
175.0	26.288336507053607	23.825321463335726	23.66753411867538	26.218807910935286	0.0
176.0	26.25456547465328	23.808294052041447	23.759198349476264	26.177942123829013	0.0
177.0	26.10075119262827	23.739333036299605	23.853700482159528	26.3062152889126	0.0
178.0	26.228740567523616	23.863065558371385	23.741035777429033	26.167158096675962	0.0
179.0	26.19099647248796	23.767995845311642	23.863349348559623	26.177658333640775	0.0
180.0	26.121258215749265	23.766076759787953	23.782252846423667	26.33041217803912	0.0
181.0	26.208382050787236	23.757563029979682	23.625600217951483	26.408454701281602	0.0
182.0	26.255775146719945	23.709318561066144	23.762103685877424	26.272802606336487	0.0
183.0	26.1473669871613	23.913648076464643	23.69569659337291	26.243288343001147	0.0
184.0	26.264572667521826	23.64149251359359	23.801834424982687	26.2921003939019	0.0
185.0	26.208382050787236	23.718116081868025	23.95110848762104	26.1223933797237	0.0
186.0	26.207530677806407	23.760400939915773	23.761819894883814	26.270248487394003	0.0
187.0	26.279613590183104	23.727197393663516	23.801834424982687	26.191354591170697	0.0
188.0	26.30430340662709	23.76919846071765	23.829078360369156	26.097419772286106	0.0
189.0	26.285005619061675	23.783671801391712	23.774022907609005	26.15729967193761	0.0
190.0	26.10224421917746	23.879025575244345	23.82198358552893	26.196746620049264	0.0
191.0	26.25755240925048	23.814388811792117	23.79168546787335	26.136373311084053	0.0
192.0	26.234849065331712	23.853835871850976	23.73123781468963	26.18007724812768	0.0
193.0	26.18433412511245	23.758198035593168	23.846173493278393	26.21129434601599	0.0
194.0	26.181779998921588	23.836524572112914	23.827159442746424	26.15453598621907	0.0
195.0	26.216551399243404	23.84205193986985	23.723993881414085	26.217402779472653	0.0
196.0	26.294027000105004	23.76741427310575	23.771387380842242	26.167171345947004	0.0
197.0	26.259971790935072	23.720588360497093	23.942798600330903	26.076641248236932	0.0
198.0	26.106723349670375	23.62636894846028	23.90477028342448	26.36213741844487	0.0
199.0	26.32836600268468	23.736196998033314	23.731656303477322	26.203780695804678	0.0
200.0	26.288918718729516	23.825024335284887	23.669221753332444	26.216835192653154	0.0
201.0	26.259120410705822	23.801469482275685	23.75861667740352	26.18079342961498	0.0
202.0	26.106303938791093	23.735764132282537	23.85864737617314	26.29928455275324	0.0
203.0	26.222659897209443	23.852120090700886	23.751372858411827	26.173847153677844	0.0
204.0	26.19130730918224	23.768251670852667	23.856228626566203	26.18421239339889	0.0
205.0	26.129230000794635	23.760940391186384	23.7856307681829	26.32419883983608	0.0
206.0	26.20528771384137	23.761224188623128	23.620176862562577	26.413311234972923	0.0
207.0	26.25566888597522	23.70800483593577	23.767602635925552	26.268723642163454	0.0
208.0	26.14214926694706	23.913475346376735	23.705166845460067	26.239208541216136	0.0
209.0	26.262270796143728	23.64677135097244	23.795198674087086	26.295759178796747	0.0
210.0	26.207781224369324	23.72084311260327	23.956964590292344	26.114411072735066	0.0
211.0	26.205659568792054	23.766102185555074	23.760142354814263	26.268095890838605	0.0
212.0	26.277745140609436	23.724383370369427	23.802996375855308	26.194875113165832	0.0
213.0	26.29959785332573	23.767237391410465	23.832227926631646	26.10093682863216	0.0
214.0	26.285123978669482	23.787954898271366	23.767521192874312	26.15939993018484	0.0
215.0	26.11399169596917	23.872243933034206	23.822862478324662	26.190901892671963	0.0
216.0	26.26306199944375	23.805334347453442	23.791995640797143	26.139608012305665	0.0
217.0	26.239790213362546	23.85698636046294	23.730694350632028	26.17252907554249	0.0
218.0	26.18217835269811	23.75964218209889	23.85414833777011	26.2040311274329	0.0
219.0	26.186719189006634	23.832295563035323	23.82803852899608	26.152946718961967	0.0
220.0	26.22546515455959	23.830728013713404	23.72770720521291	26.216099626514094	0.0
221.0	26.294997105200423	23.768574963956908	23.773967237680075	26.162460693162597	0.0
222.0	26.267468128824255	23.709827560762413	23.950209447263564	26.07249486314977	0.0
223.0	26.1071189365301	23.624686396712416	23.908490276879064	26.35970438987842	0.0
224.0	26.34068952990725	23.73196426341541	23.718625481047575	26.208720725629757	0.0
225.0	26.302376006084753	23.815402604184406	23.666973174857247	26.215248214873593	0.0
226.0	26.25825164465282	23.802766535926935	23.76899368248977	26.16998813693047	0.0
227.0	26.113227038716747	23.732382774141914	23.859527634140665	26.294862553000677	0.0
228.0	26.228735873581684	23.859243828649596	23.736639856507942	26.175380441260778	0.0
229.0	26.1978010750552	23.765871822088013	23.85640577373891	26.179921329117878	0.0
230.0	26.12578862674647	23.76338501445993	23.783819067809837	26.327007290983754	0.0
231.0	26.20695722755305	23.754303212971084	23.623468510272367	26.415271049203497	0.0
232.0	26.263150874265296	23.704637111078945	23.766223077425195	26.26598893723056	0.0
233.0	26.152466418619962	23.90415293753707	23.710597043306002	26.232783600536962	0.0
234.0	26.262583261672244	23.64929488325628	23.80169886449101	26.286422990580473	0.0
235.0	26.197875426064204	23.729895871469804	23.968009354255535	26.10421934821046	0.0
236.0	26.210646709407897	23.76338501445993	23.763952627052984	26.26201564907919	0.0
237.0	26.271097450568035	23.715989362940007	23.810780665979856	26.2021325205121	0.0
238.0	26.299194273924158	23.76820972150088	23.830930913033235	26.10166509154172	0.0
239.0	26.294369566883212	23.782116230030677	23.768493527797407	26.155020675288704	0.0
240.0	26.117090116477083	23.865029630134188	23.831823445269396	26.18605680811934	0.0
241.0	26.255694154710717	23.811713284232336	23.791845828543856	26.140746732513094	0.0
242.0	26.233970447152856	23.86934530736437	23.72998257256229	26.16670167292049	0.0
243.0	26.193152465782198	23.74865882112506	23.861062383977384	26.19712632911536	0.0
244.0	26.179000255471347	23.833205597661017	23.823838315024553	26.163955831843083	0.0
245.0	26.230001476115316	23.826488321656882	23.719469961053267	26.224040241174535	0.0
246.0	26.294916851661547	23.770091579562937	23.776053051421954	26.15893851735356	0.0
247.0	26.265390653611288	23.706077906445266	23.94738859253413	26.081142847409318	0.0
248.0	26.089882089734452	23.61583909919169	23.91678993347851	26.377488877595347	0.0
249.0	26.337890209105236	23.728972360632	23.740045142881478	26.193092287381287	0.0
