# Position (bp)	A	C	G	T	N
0.0	26.309105147006477	23.682494482807716	23.753114544030755	26.25528582615505	0.0
1.0	26.39282409055314	23.622979995728624	23.745141311312025	26.23905460240621	0.0
2.0	26.238820504497422	23.780114521314005	23.751640798289298	26.229424175899275	0.0
3.0	26.247590520959974	23.747711528769962	23.67994715517757	26.324750795092495	0.0
4.0	26.285175779248142	23.820451206596136	23.720233689029598	26.174139325126127	0.0
5.0	26.38003974286707	23.650422196789826	23.757466022126188	26.21207203821692	0.0
6.0	26.388576536465525	23.6340551758299	23.676471844157177	26.3008964435474	0.0
7.0	26.27409341026904	23.59994192815602	23.815434015867275	26.310530645707665	0.0
8.0	26.24075924360299	23.71127564425543	23.75226660062568	26.295698511515898	0.0
9.0	26.232312680217813	23.805403189766334	23.592486429403007	26.369797700612846	0.0
10.0	26.257379186282826	23.736643459351146	23.64470605648315	26.361271297882876	0.0
11.0	26.305767293055453	23.684555085590024	23.5689929011801	26.440684720174424	0.0
12.0	26.362409841571644	23.80410217291063	23.69337879917797	26.140109186339757	0.0
13.0	26.13697819119564	23.73778200303991	23.861313993271207	26.263925812493238	0.0
14.0	26.117053676642204	23.69878688169962	23.835412124351745	26.348747317306433	0.0
15.0	26.3074751085886	23.67800845937961	23.75628333798239	26.258233094049398	0.0
16.0	26.295520399856542	23.60798802252039	23.77136904185856	26.325122535764507	0.0
17.0	26.313092930517723	23.760769881050987	23.62812991885053	26.298007269580758	0.0
18.0	26.18273004921341	23.824243511031035	23.746253490338063	26.246772949417498	0.0
19.0	26.317931727422035	23.768739664187493	23.76646258329135	26.146866025099126	0.0
20.0	26.201441388104563	23.805674469441662	23.681004645231805	26.31187949722197	0.0
21.0	26.27174606066126	23.700359777757537	23.669903907459698	26.357990254121503	0.0
22.0	26.181516986975133	23.915827944257217	23.680435376628107	26.222219692139536	0.0
23.0	26.309602422807178	23.735939065488658	23.74134711722379	26.21311139448037	0.0
24.0	26.269753620548318	23.77778030786046	23.675311959194826	26.277154112396396	0.0
25.0	26.304763639675745	23.6821431824392	23.768672010201293	26.24442116768376	0.0
26.0	26.416624920302397	23.61810046452318	23.74134711722379	26.223927497950633	0.0
27.0	26.235597504326442	23.78631933691593	23.75330175790145	26.22478140085618	0.0
28.0	26.24925995081519	23.75529419801439	23.674742690591128	26.32070316057929	0.0
29.0	26.28170826122598	23.817629110119316	23.723984424811004	26.1766782038437	0.0
30.0	26.374499043628745	23.657949266782037	23.752732489297752	26.214819200291466	0.0
31.0	26.390723198834138	23.624647053465708	23.67958147372256	26.305048273977594	0.0
32.0	26.262637763002093	23.60102240641224	23.821898624647055	26.31444120593861	0.0
33.0	26.24100555606157	23.70491392658712	23.754155660806994	26.29992485654431	0.0
34.0	26.225919938063573	23.809943983969394	23.597891429091902	26.366244648875124	0.0
35.0	26.24442116768376	23.732238819564625	23.64912560342472	26.374214409326896	0.0
36.0	26.281138992622278	23.694667091720557	23.585367519810546	26.438826395846615	0.0
37.0	26.352582202386376	23.813928864195283	23.694951726022406	26.13853720739594	0.0
38.0	26.14593769924401	23.734800528281262	23.858616449585572	26.260645322889154	0.0
39.0	26.124305492303492	23.69153611440022	23.834707168230256	26.349451225066034	0.0
40.0	26.294232170507332	23.681289279533654	23.757286638127333	26.267191911831677	0.0
41.0	26.30647144548684	23.606430458147372	23.764402495673558	26.32269560069223	0.0
42.0	26.31493557320916	23.75465731550769	23.640803918833914	26.289603192449242	0.0
43.0	26.18599660147611	23.82296935351195	23.752095614082528	26.238938430929416	0.0
44.0	26.30981217035884	23.764619487716644	23.767465822633486	26.15810251929103	0.0
45.0	26.205561722596986	23.81237013633905	23.674323285799677	26.307744855264282	0.0
46.0	26.27472746420744	23.699655594455354	23.664645774627843	26.360971166709362	0.0
47.0	26.182791108075026	23.91483790168787	23.682008368200837	26.220362622036262	0.0
48.0	26.30148293627074	23.74491219081775	23.742635129365553	26.210969743545952	0.0
49.0	26.271311872029145	23.78988415449862	23.676315714570347	26.26248825890189	0.0
50.0	26.315714570346966	23.675177183844248	23.770529132154955	26.23857911365383	0.0
51.0	26.406227763071755	23.62081234167307	23.74605072154385	26.226909173711327	0.0
52.0	26.230894031252667	23.781345174052884	23.755728232715683	26.23203256197877	0.0
53.0	26.253664645774627	23.749181681040618	23.678877408704068	26.318276264480687	0.0
54.0	26.284974240742322	23.81578572851735	23.722710841658838	26.17652918908149	0.0
55.0	26.3811800870976	23.645575384965703	23.758005294167877	26.215239233768823	0.0
56.0	26.396834884581448	23.631343750889478	23.676315714570347	26.295505649958727	0.0
57.0	26.278996954430305	23.59405686960977	23.80696211539009	26.319984060569833	0.0
58.0	26.238009848290783	23.711040901716334	23.758005294167877	26.29294395582501	0.0
59.0	26.23288646002334	23.809523809523807	23.5897873793869	26.36780235106595	0.0
60.0	26.24313323655822	23.73352688355677	23.637605669883015	26.385734210001992	0.0
61.0	26.281843281245553	23.697093900321637	23.58722568525318	26.433837133179633	0.0
62.0	26.359832635983267	23.806677482708565	23.69424757350639	26.13924230780178	0.0
63.0	26.140380838527882	23.74035806791336	23.851080181026386	26.26818091253238	0.0
64.0	26.128995531266902	23.693962940824864	23.83115589331967	26.345885634588562	0.0
65.0	26.30148293627074	23.67090769362138	23.76284404975379	26.264765320354083	0.0
66.0	26.312583610850197	23.605442176870746	23.767398172658186	26.314576039620867	0.0
67.0	26.321901568606243	23.754806720727746	23.64550808212199	26.27778362854402	0.0
68.0	26.188124589062735	23.825964688570036	23.745129237101196	26.24078148526603	0.0
69.0	26.31620893117886	23.764484204354297	23.759645462541023	26.15966140192582	0.0
70.0	26.202281602586723	23.80995753304567	23.675042410028123	26.312718454339485	0.0
71.0	26.27372399895256	23.694681953252193	23.66735737137522	26.36423667642002	0.0
72.0	26.17239534115879	23.910716928716997	23.69582047749707	26.221067252627144	0.0
73.0	26.294217435360284	23.751323534434665	23.73993829198593	26.21452073821912	0.0
74.0	26.271731581524026	23.787756310270627	23.67703482745665	26.263477280748692	0.0
75.0	26.310726036910957	23.67731945851787	23.768686029168993	26.243268475402182	0.0
76.0	26.397253879521365	23.620108615212963	23.75103890337345	26.231598601892227	0.0
77.0	26.235298805688068	23.764416563250716	23.763847301128276	26.236437329932944	0.0
78.0	26.248676465565335	23.738230505618617	23.688704700966607	26.32438832784944	0.0
79.0	26.28653239670739	23.822196668678057	23.72627600104744	26.164994933567108	0.0
80.0	26.37989138478704	23.658533808477454	23.75986246627122	26.20171234046429	0.0
81.0	26.3978231416438	23.630924595539263	23.677604089579088	26.293648173237848	0.0
82.0	26.272870105768902	23.602746120478635	23.804549542882516	26.319834230869947	0.0
83.0	26.25095351405508	23.70805961312946	23.74648480639395	26.294502066421504	0.0
84.0	26.237575854177813	23.802557125453987	23.589368460601367	26.37049855976683	0.0
85.0	26.23985290266756	23.730830098026935	23.64743319708993	26.381883802215565	0.0
86.0	26.28880944519714	23.698951419170474	23.584245101499437	26.427994034132958	0.0
87.0	26.355128482461033	23.803126387576423	23.689843225211483	26.151901904751064	0.0
88.0	26.15019411838375	23.73054546696572	23.85350608541209	26.26575432923844	0.0
89.0	26.122015643323127	23.69724363280316	23.82760465884121	26.353136065032505	0.0
90.0	26.29677911491125	23.677888720640304	23.76014709733244	26.265185067116004	0.0
91.0	26.307310464176336	23.608438741703004	23.775232543577015	26.309018250543648	0.0
92.0	26.32317487967256	23.75040204022964	23.64224254482215	26.28418053527565	0.0
93.0	26.187406249911056	23.82554442651274	23.744709435208193	26.242339888368015	0.0
94.0	26.31093577887645	23.76491818303433	23.772887830064356	26.151258208024863	0.0
95.0	26.20725577370821	23.80555255113368	23.688000592029237	26.299191083128875	0.0
96.0	26.269874250713	23.687715962588307	23.67860782047852	26.36380196622018	0.0
97.0	26.16712302253696	23.914565627010195	23.70479372904416	26.213517621408688	0.0
98.0	26.30801459579773	23.746349627420063	23.734679820341896	26.210955956440312	0.0
99.0	26.263043144130656	23.791605708528067	23.674338378864558	26.27101276847672	0.0
100.0	26.3040297836247	23.683161891533413	23.76314276443498	26.249665560406903	0.0
101.0	26.396249722486292	23.62225119117421	23.753749992884263	26.227749093455234	0.0
102.0	26.232587793951055	23.764281282198706	23.764565911639636	26.2385650122106	0.0
103.0	26.241695936060843	23.737526114751205	23.690846886438546	26.329931062749406	0.0
104.0	26.299191083128875	23.81522995212533	23.715040388917668	26.17053857582813	0.0
105.0	26.386572321494643	23.648152470298918	23.758019434498227	26.20725577370821	0.0
106.0	26.389703245344887	23.6268052622291	23.686862074265512	26.296629418160496	0.0
107.0	26.27499758064975	23.597488429813225	23.810391251629504	26.317122737907518	0.0
108.0	26.25308111369808	23.6959702163753	23.753180734002402	26.29776793592422	0.0
109.0	26.238849641651534	23.80925273386578	23.579841404475513	26.372056220007174	0.0
110.0	26.246819265997594	23.721586866059077	23.652991170794742	26.378602697148583	0.0
111.0	26.289513682137226	23.690277627556682	23.587241769939716	26.432966920366376	0.0
112.0	26.358963265724356	23.81181439883416	23.689992998115752	26.139229337325737	0.0
113.0	26.151753032726692	23.72528704879118	23.862193809878917	26.26076610860321	0.0
114.0	26.113612687641957	23.70137817575299	23.837715677958865	26.347293458646188	0.0
115.0	26.29833719480608	23.673484490541764	23.773958683190354	26.2542196314618	0.0
116.0	26.312284037411693	23.587526399380646	23.77908201312711	26.32110755008055	0.0
117.0	26.308089476365726	23.752109821736074	23.65191997335861	26.28788072853959	0.0
118.0	26.18655235915784	23.825829056763812	23.74556332596141	26.24205525811694	0.0
119.0	26.305527804106077	23.761787250272533	23.773741720817572	26.15894322480382	0.0
120.0	26.200573816219418	23.7965798731684	23.69183564264001	26.311010667972173	0.0
121.0	26.270308426217937	23.690981749456355	23.67703482745665	26.361674996869056	0.0
122.0	26.171541447975134	23.914701763574055	23.704359409333623	26.20939737911719	0.0
123.0	26.31385697858436	23.74136144729202	23.729691573782063	26.215090000341558	0.0
124.0	26.273154736830122	23.7780788541892	23.68073503125249	26.26803137772819	0.0
125.0	26.30617193993146	23.673619254722027	23.773809388270923	26.24639941707559	0.0
126.0	26.406931335602792	23.61242357656006	23.749900379128576	26.23074470870857	0.0
127.0	26.237860485239032	23.76157025263853	23.768116767046553	26.23245249507588	0.0
128.0	26.261484863320167	23.73196862227181	23.68272744868102	26.323819065727005	0.0
129.0	26.301048580829526	23.806257329249828	23.723998952557697	26.168695137362953	0.0
130.0	26.377329705236075	23.652556556191865	23.764701194311932	26.20541254426013	0.0
131.0	26.389568840868467	23.62921680917195	23.694397322190976	26.286817027768606	0.0
132.0	26.27657030956474	23.595345712886957	23.819350358065876	26.308733619482428	0.0
133.0	26.25415918322038	23.697026450839807	23.755660616341853	26.29315374959796	0.0
134.0	26.24448169959383	23.802055611375028	23.578050328607496	26.375412360423645	0.0
135.0	26.23793516655234	23.72634353359083	23.659739675690446	26.375981624166382	0.0
136.0	26.287461112170575	23.690479917798317	23.59655140024649	26.425507569784617	0.0
137.0	26.35861908001286	23.80518656196009	23.693895500254747	26.1422988577723	0.0
138.0	26.147991495199683	23.72093552803482	23.863820727462137	26.267252249303365	0.0
139.0	26.119812939934135	23.687633599084624	23.844750392080403	26.347803068900838	0.0
140.0	26.303115865095876	23.669417159316996	23.782416012250557	26.24505096333657	0.0
141.0	26.321616936734877	23.582319806678033	23.77786190230865	26.318201354278443	0.0
142.0	26.31599920302849	23.73978880255031	23.658383855634305	26.285828138786894	0.0
143.0	26.202505343993803	23.818699851136685	23.742133441873573	26.23666136299594	0.0
144.0	26.3140816727341	23.75095708011579	23.77287385897549	26.162087388174616	0.0
145.0	26.20172602240641	23.78888104563257	23.69694416613535	26.312448765825668	0.0
146.0	26.280359892635634	23.69758088618296	23.676802523005634	26.345256698175774	0.0
147.0	26.169921469172596	23.911911125532622	23.70953556088772	26.20863184440706	0.0
148.0	26.318785632758086	23.745968855226042	23.737714436977516	26.197531075038356	0.0
149.0	26.273318797925572	23.766814867103488	23.687970716656327	26.271895618314613	0.0
150.0	26.310036831888333	23.67516210015769	23.774784672924863	26.24001639502912	0.0
151.0	26.39371979301276	23.621935182707798	23.755714066138005	26.22863095814144	0.0
152.0	26.24798620085049	23.75486015837143	23.76738413894787	26.22976950183021	0.0
153.0	26.24485520570638	23.737212731195527	23.692809527333587	26.325122535764507	0.0
154.0	26.295520399856542	23.80381753698844	23.733227828284843	26.16743423487018	0.0
155.0	26.37009501147083	23.653529770071103	23.769091954481024	26.20728326397705	0.0
156.0	26.394573700779333	23.62221981862999	23.69309416325578	26.290112317334895	0.0
157.0	26.272464890158997	23.591763774955453	23.825734502997218	26.310036831888333	0.0
158.0	26.25802319789369	23.695438696363766	23.748950402049385	26.29758770369316	0.0
159.0	26.24976873265495	23.793069095566782	23.579306909556678	26.37785526222159	0.0
160.0	26.24976873265495	23.731872198107165	23.643065537607626	26.375293531630255	0.0
161.0	26.298441613890272	23.683483953604213	23.598662207357858	26.419412225147653	0.0
162.0	26.363054152138332	23.80758556891767	23.694869422899025	26.134490856044973	0.0
163.0	26.14217604781897	23.72703337365687	23.87305201736284	26.25773856116132	0.0
164.0	26.11627410517327	23.682914680139472	23.861951184800397	26.338860029886856	0.0
165.0	26.31381199743827	23.66498256600014	23.768021063118194	26.253184373443396	0.0
166.0	26.31210417704405	23.58158400341564	23.784245356863305	26.322066462677007	0.0
167.0	26.322710660245242	23.73421684826542	23.660780362286665	26.282292129202673	0.0
168.0	26.196406156158293	23.815406335480453	23.746808492469892	26.241379015891358	0.0
169.0	26.31310788078207	23.754493727993896	23.775841604449464	26.156556786774566	0.0
170.0	26.19648072138949	23.794410825396646	23.703041654095102	26.306066799118753	0.0
171.0	26.27056168005898	23.69827024288329	23.68119184449549	26.349976232562245	0.0
172.0	26.16040601045767	23.912604142650167	23.717625761056127	26.20936408583603	0.0
173.0	26.320089035383592	23.736696639255836	23.746943678288517	26.19627064707205	0.0
174.0	26.27063645679153	23.766082204258225	23.69008311510873	26.27319822384151	0.0
175.0	26.309062962541276	23.676420357508825	23.77120573835819	26.243310941591712	0.0
176.0	26.406410110440625	23.616930433792554	23.743310941591712	26.23334851417511	0.0
177.0	26.252704087441646	23.748434475691678	23.763805077991574	26.2350563588751	0.0
178.0	26.25099624274166	23.72139360127519	23.702607309575317	26.325002846407834	0.0
179.0	26.299669816691335	23.807070477057955	23.73363315495844	26.15962655129227	0.0
180.0	26.383069566207446	23.642263463509053	23.767790048958215	26.20687692132529	0.0
181.0	26.385346692474098	23.617215074575885	23.702038028008655	26.295400204941366	0.0
182.0	26.261527951724922	23.593020607992713	23.8400888079244	26.305362632357966	0.0
183.0	26.253632738337522	23.696981945183722	23.749925281581696	26.29946003489706	0.0
184.0	26.238262092286497	23.804576467540898	23.574870701556137	26.382290738616472	0.0
185.0	26.249932397621535	23.730285011627608	23.652293214998334	26.367489375752523	0.0
186.0	26.298606110116445	23.681611299132697	23.595364896290835	26.424417694460022	0.0
187.0	26.354111220856257	23.810553941005182	23.702390135460934	26.132944702677623	0.0
188.0	26.144899649606195	23.735693201904823	23.862358711029007	26.25704843745997	0.0
189.0	26.118427981407212	23.684173073474536	23.85068840569397	26.346710539424283	0.0
190.0	26.305437508361347	23.665956011488134	23.779528007309597	26.24907847284092	0.0
191.0	26.307145357922572	23.576293909523823	23.78579012236742	26.330770610186182	0.0
192.0	26.31462094171093	23.74116896942371	23.656630175510507	26.287579913354854	0.0
193.0	26.185752468568275	23.820652003745906	23.75347620525053	26.240119322435294	0.0
194.0	26.312703341995974	23.74522155204559	23.782794456288762	26.159280649669668	0.0
195.0	26.208313882658345	23.79310933746257	23.69149142082911	26.30708535904997	0.0
196.0	26.28182685054723	23.688712409091554	23.681880933065766	26.347579807295446	0.0
197.0	26.162276020095927	23.909312155757654	23.723439078889317	26.204972745257106	0.0
198.0	26.3205385480267	23.73767132060971	23.73880989994734	26.20298023141625	0.0
199.0	26.27023118919257	23.767626681544147	23.69248023135998	26.2696618979033	0.0
200.0	26.321182759582594	23.671416453656843	23.771611720569062	26.2357890661915	0.0
201.0	26.40230676830414	23.617618426820453	23.748840068998103	26.231234735877308	0.0
202.0	26.251159931001894	23.744855029973184	23.769334555411966	26.23465048361295	0.0
203.0	26.26112252856419	23.723221960980776	23.687356609756513	26.32829890069852	0.0
204.0	26.287309927870794	23.810608173884333	23.733469204187706	26.16861269405717	0.0
205.0	26.38408944704737	23.64522905435024	23.764780225097777	26.20590127350461	0.0
206.0	26.38209692753491	23.61420267908481	23.701304246343728	26.302396147036553	0.0
207.0	26.268807960969387	23.595131420894127	23.824271164826907	26.311789453309576	0.0
208.0	26.264043744467187	23.690839792435806	23.746630497590466	26.29848596550654	0.0
209.0	26.2444031390811	23.79131999100517	23.584951311223897	26.379325558689832	0.0
210.0	26.249242128813904	23.731544235482318	23.65383575330261	26.365377882401162	0.0
211.0	26.292223743499388	23.68457757042865	23.606015148884328	26.41718353718764	0.0
212.0	26.35968495330375	23.81039130348151	23.704218175814727	26.125705567400008	0.0
213.0	26.15246233415786	23.730405649662835	23.85479615044134	26.262335865737963	0.0
214.0	26.1119065443439	23.696952273057207	23.858632379857163	26.332508802741728	0.0
215.0	26.304897939432582	23.660801967487497	23.781492751436762	26.25280734164316	0.0
216.0	26.31315273361779	23.57227641605301	23.7871857129438	26.327385137385395	0.0
217.0	26.326606131336995	23.7505337166605	23.65603028664143	26.266829865361075	0.0
218.0	26.19289571289093	23.824325593708103	23.745477627957154	26.237301065443813	0.0
219.0	26.307324890623356	23.747470175828116	23.780774190242777	26.16443074330575	0.0
220.0	26.201225135778287	23.793081854099537	23.701424391132566	26.304268618989607	0.0
221.0	26.29210348783258	23.690105804894294	23.679858357504973	26.33793234976815	0.0
222.0	26.155755507291346	23.914980344826606	23.727110476022396	26.20215367185966	0.0
223.0	26.31999931683684	23.744189555004596	23.736503969462607	26.199307158695955	0.0
224.0	26.271398723619864	23.758205097550285	23.693304412677264	26.277091766152584	0.0
225.0	26.32918310532698	23.66711641702675	23.7599130103101	26.243787467336166	0.0
226.0	26.407747092278527	23.60762412255982	23.74995018587784	26.234678599283818	0.0
227.0	26.260297290681056	23.744826447598392	23.762190227323188	26.23268603439736	0.0
228.0	26.25090377050207	23.732017101899768	23.685334153131457	26.3317449744667	0.0
229.0	26.28620063420494	23.82367508667657	23.730593841266586	26.159530437851902	0.0
230.0	26.3807051402481	23.643774942642594	23.761051618816644	26.21446829829266	0.0
231.0	26.391237268933637	23.613601817219177	23.70611375837589	26.2890471554713	0.0
232.0	26.273391288506314	23.59566873324111	23.830791389842474	26.300148588410106	0.0
233.0	26.26094134726235	23.690240674058156	23.750871749619275	26.29794622906022	0.0
234.0	26.239307724057443	23.788730590227864	23.587480963834846	26.38448072187985	0.0
235.0	26.252971065028962	23.722691108865515	23.661490727430582	26.36284709867494	0.0
236.0	26.294815046754245	23.677431291897356	23.609114587039752	26.418639074308647	0.0
237.0	26.358007998747528	23.811218172243493	23.700488179786795	26.130285649222184	0.0
238.0	26.151349966553276	23.724968332360767	23.859039865643812	26.264641835442138	0.0
239.0	26.112067861260158	23.67885455658189	23.862171047949786	26.346906534208163	0.0
240.0	26.296956308855513	23.6540804591157	23.778481228863253	26.27048200316553	0.0
241.0	26.30670948346543	23.569167349913457	23.79264598706386	26.331477179557254	0.0
242.0	26.32606869848681	23.736707995843357	23.653575139859644	26.28364816581019	0.0
243.0	26.183982006092876	23.821142840873502	23.751957406827433	26.24291774620619	0.0
244.0	26.30921095714119	23.75413910820191	23.76467372580953	26.17197620884737	0.0
245.0	26.202001104764726	23.786894301350205	23.70745374509547	26.3036508487896	0.0
246.0	26.285141534282307	23.69335994783406	23.674851290053446	26.34664722783019	0.0
247.0	26.16206056981761	23.9021542579699	23.728446741560237	26.207338430652253	0.0
248.0	26.32688107124448	23.748729150232244	23.73705299550326	26.187336783020022	0.0
249.0	26.278257798839217	23.745664147268055	23.696965899835394	26.279112154057334	0.0
