# Position (bp)	A	C	G	T	N
0.0	26.243651444920047	23.720031493268866	23.804586484508416	26.23117611834372	5.544589589478587E-4
1.0	26.2055983565882	23.724124165195043	23.80008483198554	26.270192646231216	0.0
2.0	26.31148518090359	23.754078682180214	23.70778200084831	26.22665413606789	0.0
3.0	26.22281855379736	23.755281045896588	23.6879165234362	26.333983876869848	0.0
4.0	26.317044232283248	23.633888870407947	23.83376024306133	26.21530665424747	0.0
5.0	26.263105079032428	23.693373029733493	23.75020097688627	26.293320914347813	0.0
6.0	26.279664799203857	23.829694044724857	23.611253565597288	26.279387590474002	0.0
7.0	26.427809117243484	23.595614630833413	23.735325506937034	26.241250744986072	0.0
8.0	26.4011088011088	23.64740124740125	23.688149688149686	26.26334026334026	0.0
9.0	26.1404427886761	23.734958795206772	23.828095764762626	26.2965026513545	0.0
10.0	26.171257823630828	23.85119440302024	23.81183370938503	26.165714063963897	0.0
11.0	26.224200728450022	23.748912037165365	23.775799271549978	26.251087962834635	0.0
12.0	26.088932992576908	23.766652068099546	23.816268717118575	26.328146222204975	0.0
13.0	26.270768309652244	23.73532982598138	23.702621643946493	26.291280220419882	0.0
14.0	26.352261576756124	23.737824517831502	23.68349567309558	26.226418232316796	0.0
15.0	26.24803889501782	23.782728971133643	23.661597822411203	26.30763431143733	0.0
16.0	26.32676028228824	23.667973146028174	23.679892229312074	26.32537434237151	0.0
17.0	26.351984388772777	23.746417345315248	23.67712034947861	26.224477916433365	0.0
18.0	26.366952539873488	23.541852613605496	23.75002078909875	26.34117405742226	0.0
19.0	26.38330663089094	23.803518069884635	23.607546165658626	26.2056291335658	0.0
20.0	26.258294850401647	23.759167992549187	23.63692809189336	26.345609065155806	0.0
21.0	26.361963156173253	23.71869854698059	23.735884201948075	26.183454094898078	0.0
22.0	26.38940476652456	23.70289883192984	23.566245156139992	26.34145124540561	0.0
23.0	26.193710050281897	23.729508878331107	23.82707904846909	26.249702022917905	0.0
24.0	26.194818802215288	23.62334588070938	23.834840312002793	26.346995005072536	0.0
25.0	26.23611981173392	23.72119323883071	23.800191814084474	26.24249513535089	0.0
26.0	26.20389337162213	23.72140467393082	23.7998486557806	26.27485329866645	0.0
27.0	26.305621079533324	23.755775888592915	23.706713751534924	26.231889280338834	0.0
28.0	26.224682412748397	23.75605307580793	23.68731064648374	26.331953864959935	0.0
29.0	26.316154193703973	23.63381351398548	23.822578007411987	26.227454284898567	0.0
30.0	26.263765810065777	23.695903450149267	23.745242774422273	26.295087965362683	0.0
31.0	26.287049536127192	23.828953313357374	23.60443166919369	26.279565481321736	0.0
32.0	26.431945183608303	23.60020844420791	23.72743702323931	26.24040934894448	0.0
33.0	26.407552776299447	23.645112648571935	23.685304683342203	26.26202989178641	0.0
34.0	26.137573177221928	23.74212790491396	23.818908550647507	26.301390367216605	0.0
35.0	26.171667110164982	23.853279670037253	23.802000177399325	26.17277585595175	2.771864466915026E-4
36.0	26.21962036544261	23.75654160014192	23.772618414050026	26.25066524747206	5.543728933830052E-4
37.0	26.089619921944298	23.766520312222813	23.81613668618059	26.326891520312223	8.315593400745077E-4
38.0	26.265078942700015	23.736029803086748	23.699164005676778	26.29889568919638	8.315593400745077E-4
39.0	26.355164537874753	23.73630698953344	23.676434717048075	26.23126219620365	8.315593400745077E-4
40.0	26.2559317899592	23.779270888770622	23.65730885222636	26.30665690970374	8.315593400745077E-4
41.0	26.326614333865532	23.668950682987404	23.675603157708	26.32800026609899	8.315593400745077E-4
42.0	26.349897995387618	23.743236650700727	23.67948376796168	26.226550026609903	8.315593400745077E-4
43.0	26.367915114422562	23.534792442788717	23.75515566790846	26.34102802909349	0.0011087457867660104
44.0	26.373181656909704	23.81419638105375	23.60159437644137	26.20991883980841	0.0011087457867660104
45.0	26.253437111938975	23.771232481816572	23.62737271598368	26.34684894447401	0.0011087457867660104
46.0	26.359045148128434	23.728268582579386	23.731872006386375	26.179705517119032	0.0011087457867660104
47.0	26.38704097924428	23.708311158417597	23.56500576547809	26.338533351073266	0.0011087457867660104
48.0	26.190238602093313	23.731594819939684	23.829441635621784	26.247616196558454	0.0011087457867660104
49.0	26.200217314174207	23.627095529536987	23.834153805215543	26.337424605286504	0.0011087457867660104
50.0	26.23126219620365	23.724387972325705	23.80504922831293	26.23819185737094	0.0011087457867660104
51.0	26.194878163035074	23.73540963885478	23.79528174538278	26.273321710013885	0.0011087427134814799
52.0	26.300763092172552	23.76562287779715	23.701315800415223	26.23091230122322	0.0013859283918518498
53.0	26.224537030620702	23.762019463978334	23.68135843157256	26.330699145436554	0.0013859283918518498
54.0	26.31129614795063	23.640612136852113	23.821891570506335	26.224814216299073	0.0013859283918518498
55.0	26.255027455241443	23.69882112930989	23.753426707948854	26.29133877910796	0.0013859283918518498
56.0	26.278588237902923	23.837968339851816	23.603746441628854	26.278311052224552	0.0013859283918518498
57.0	26.425423399950105	23.60451257033567	23.72730548548937	26.241372619674586	0.0013859245502674835
58.0	26.400753942955347	23.6502480804945	23.691825817002524	26.25578623499737	0.0013859245502674835
59.0	26.13493361421404	23.74781716883333	23.81545028688638	26.30041300551598	0.0013859245502674835
60.0	26.17429387144164	23.844554702442	23.802145411203814	26.177342905452228	0.0016631094603209802
61.0	26.217811902320037	23.757518640685202	23.769714776727554	26.252737200986783	0.0022174792804279734
62.0	26.081991296393824	23.770269146547662	23.81434154724617	26.330903345621863	0.00249466419048147
63.0	26.25772652936774	23.747539983923275	23.695152035923165	26.297086786595337	0.00249466419048147
64.0	26.358344651717157	23.73451229315076	23.676857831859632	26.227513374171913	0.002771849100534967
65.0	26.249133797156084	23.78523713169055	23.654960223965407	26.307896998087426	0.002771849100534967
66.0	26.32508246251074	23.66493888072733	23.669373839288188	26.337832968373203	0.002771849100534967
67.0	26.34587133076475	23.74061036117194	23.678520941319956	26.232502702552875	0.00249466419048147
68.0	26.365274274468497	23.535770712642403	23.754746791584665	26.341436372203898	0.002771849100534967
69.0	26.37580730105053	23.816559026526598	23.59591983812401	26.208941985198326	0.002771849100534967
70.0	26.249133797156084	23.769160406907446	23.633339800981233	26.3455941458547	0.002771849100534967
71.0	26.356681542256837	23.740333176261885	23.727582670399425	26.17290794689137	0.00249466419048147
72.0	26.38938936164315	23.71289187016659	23.5554508412562	26.339773262743577	0.00249466419048147
73.0	26.188430301854364	23.729522964769796	23.830695456939324	26.24885661224603	0.00249466419048147
74.0	26.19286526041522	23.63999223882252	23.830141087119216	26.334506749452558	0.00249466419048147
75.0	26.22335560052111	23.721207417468193	23.801313856473655	26.251628461346566	0.00249466419048147
76.0	26.191961105521234	23.73638679383875	23.79598138431304	26.27345324319305	0.002217473133927062
77.0	26.30255757807584	23.75856152517802	23.695917909144583	26.240468330325882	0.0024946572756679446
78.0	26.220788256262285	23.76050181417021	23.674851914372276	26.34136335791957	0.0024946572756679446
79.0	26.310318734044586	23.64297573807207	23.815661458376645	26.22854941223103	0.0024946572756679446
80.0	26.257653747113817	23.697858198136768	23.752740658201464	26.28925273927228	0.0024946572756679446
81.0	26.27955129431135	23.840885215275065	23.60638743136228	26.27068140177564	0.0024946572756679446
82.0	26.417515771733946	23.610756932356168	23.727728315944695	26.241504329604293	0.002494650360892752
83.0	26.39146053463129	23.65150288825075	23.693634761012493	26.26090716574457	0.002494650360892752
84.0	26.13478873083277	23.751011719313027	23.821970662911756	26.289734236581552	0.002494650360892752
85.0	26.177752153714813	23.846917166520683	23.791203308460744	26.181632720942865	0.002494650360892752
86.0	26.209628241659555	23.763484971117492	23.775126672801658	26.24871109731354	0.003049017107757808
87.0	26.09542869180535	23.766811171598683	23.811992061468185	26.32244187464659	0.0033262004811903364
88.0	26.2620158992383	23.74131030124289	23.694466311132793	26.298881287904823	0.0033262004811903364
89.0	26.35958444668655	23.73244043329305	23.679221225594006	26.225150510571776	0.003603383854622864
90.0	26.25314603128846	23.78510527424523	23.65482908873194	26.303316221879747	0.003603383854622864
91.0	26.321887507899728	23.6697969908973	23.66924262415043	26.335469493197923	0.003603383854622864
92.0	26.35875289656625	23.731054516425885	23.672568824631625	26.234297561895048	0.0033262004811903364
93.0	26.36152473030058	23.537580521769982	23.753783553047352	26.34350781102746	0.003603383854622864
94.0	26.37178051511758	23.819753195924296	23.59745213043141	26.20741077467209	0.003603383854622864
95.0	26.257858148636814	23.761821870876897	23.634594702471368	26.342121894160304	0.003603383854622864
96.0	26.357644163072525	23.73909283425543	23.725233665583804	26.17442595323362	0.003603383854622864
97.0	26.384253766922043	23.708602663177853	23.557814908030554	26.345725278014925	0.003603383854622864
98.0	26.19881809009568	23.717749714501124	23.837215748450543	26.242613063098023	0.003603383854622864
99.0	26.194105972747327	23.635703435965098	23.836938565077112	26.329648642355835	0.003603383854622864
100.0	26.23152572816072	23.71858126462142	23.80035035978402	26.24566208020578	0.0038805672280553924
101.0	26.190984358585595	23.734037746727164	23.797789745906705	26.273584774913868	0.0036033738666696236
102.0	26.309618513580563	23.758706998583598	23.696895277639957	26.231175836329218	0.0036033738666696236
103.0	26.228126827672803	23.75787545076821	23.668345469311728	26.342048878380588	0.0036033738666696236
104.0	26.311004426606203	23.634252008880928	23.817469710870824	26.233670479775373	0.0036033738666696236
105.0	26.25335044473949	23.68913416469636	23.759538546398982	26.2943734702985	0.0036033738666696236
106.0	26.27524787054464	23.834377849783657	23.608196843998858	26.278574061806175	0.0036033738666696236
107.0	26.42319014119643	23.610348861059833	23.72704241436467	26.235815219500296	0.0036033638787717516
108.0	26.397135048534544	23.64222477229512	23.69211750292427	26.26464213053047	0.003880545715600348
109.0	26.143790849673206	23.74339614273756	23.815740602149823	26.293191859723812	0.003880545715600348
110.0	26.177329851929464	23.843458785832684	23.793011691529877	26.182319124992375	0.003880545715600348
111.0	26.208651399491096	23.76279887131556	23.777212326830647	26.24690249297344	0.004434909389257541
112.0	26.099441755780628	23.763630416826047	23.813523147455193	26.318692588712047	0.0047120912260861375
113.0	26.267968312572414	23.740901506206104	23.689068502719156	26.297072405439415	0.004989273062914733
114.0	26.364150409951936	23.725379323343702	23.678535592919665	26.226668218884953	0.00526645489974333
115.0	26.263533403183153	23.776657963156993	23.651926136584123	26.302616042175984	0.00526645489974333
116.0	26.33033422585885	23.66633959209921	23.671051683325295	26.327008043816907	0.00526645489974333
117.0	26.35805240954171	23.73147732375393	23.67382350169358	26.231657491947868	0.004989273062914733
118.0	26.35805240954171	23.540221856342196	23.754483416210704	26.34225304484248	0.004989273062914733
119.0	26.373851774240936	23.823501693581022	23.58900585962403	26.208651399491096	0.004989273062914733
120.0	26.25660385726244	23.770559962746763	23.627534134943208	26.340312771984674	0.004989273062914733
121.0	26.357220864031223	23.745890779269015	23.720667232117616	26.17150903335606	0.0047120912260861375
122.0	26.381890047508964	23.712906140686414	23.55712994838874	26.343361772189795	0.0047120912260861375
123.0	26.19534667132332	23.724824959670045	23.829599693991252	26.245516583789296	0.0047120912260861375
124.0	26.18370503417652	23.63557240821123	23.83348023970685	26.342530226679305	0.0047120912260861375
125.0	26.231380310111042	23.716232322728356	23.799386873776935	26.248288402157584	0.0047120912260861375
126.0	26.189321262954824	23.732651833701524	23.795572285065678	26.278019696595923	0.004434921682054921
127.0	26.30601513971389	23.7548264421118	23.704102025373295	26.23089865372409	0.004157739076926488
128.0	26.22341472338562	23.762310372450266	23.672226025783527	26.33789113930366	0.004157739076926488
129.0	26.307955417949792	23.634806374091188	23.81802407608108	26.235333575406145	0.003880556471798056
130.0	26.25203729779473	23.689477010411007	23.754892286541086	26.299712838025123	0.0038805672280553924
131.0	26.27060858381471	23.82890024724757	23.60216424777976	26.294446353929906	0.0038805672280553924
132.0	26.42340986387487	23.60361558994487	23.72419069160215	26.24490327659374	0.003880577984372358
133.0	26.394101505114058	23.641932533192893	23.690439892452257	26.269922665410096	0.0036034038306954567
134.0	26.132716134933613	23.737838512071402	23.819608060537185	26.3062338886271	0.0036034038306954567
135.0	26.173185131801425	23.842891592981676	23.791889569531836	26.188430301854364	0.0036034038306954567
136.0	26.209773539928488	23.758627380325414	23.781079358039747	26.246361948055547	0.00415777365080245
137.0	26.091969953155754	23.762785153976218	23.814064362336115	26.32674557197106	0.004434958560855947
138.0	26.26167991152233	23.738458681316853	23.68995118760204	26.30519806302648	0.004712156532296289
139.0	26.355645856489886	23.72986592528737	23.681081245894188	26.22841763011789	0.004989342210666659
140.0	26.255859012276556	23.783362761212853	23.655857349162485	26.299931535137443	0.004989342210666659
141.0	26.322106389407075	23.665004476548706	23.67526034664841	26.33291663086352	0.004712156532296289
142.0	26.356827656554906	23.733257938619833	23.67366285258116	26.231816569097038	0.0044349831470640415
143.0	26.352947046301225	23.541722103956005	23.75127505765478	26.349620808940927	0.0044349831470640415
144.0	26.373736029803084	23.820017296434273	23.58884379989356	26.212967890722016	0.0044349831470640415
145.0	26.256281755260318	23.761874007323286	23.63215039069538	26.345258851280747	0.004434995440270313
146.0	26.35745508874149	23.739976217336952	23.72306779722092	26.175620275690402	0.003880621010236524
147.0	26.383787874168092	23.710317185330144	23.554815157705665	26.347199161785863	0.003880621010236524
148.0	26.187816513151148	23.72583966937109	23.831447998292525	26.251015198174997	0.003880621010236524
149.0	26.18373128288142	23.63859121979344	23.83123686821929	26.342559997338995	0.0038806317668516432
150.0	26.223923540466675	23.72202480278075	23.79741993425101	26.252751090734716	0.0038806317668516432
151.0	26.18214072872923	23.733455296384072	23.792773689243692	26.288026831871164	0.0036034537718459387
152.0	26.301331891951822	23.751195376491623	23.7132205175114	26.230925949024993	0.003326265020165482
153.0	26.222610286474573	23.764223247820603	23.669979072249248	26.33986112843541	0.003326265020165482
154.0	26.3002231369451	23.639488309564396	23.81439441187477	26.242845065347247	0.003049076268485025
155.0	26.24957035624397	23.691942655032097	23.758190950316553	26.297246953687175	0.0030490847202048984
156.0	26.277843687285873	23.82915146744132	23.602410440066084	26.287545320486522	0.0030490847202048984
157.0	26.425658950613006	23.601644292790557	23.729429015725003	26.24021864769946	0.0030490931719716267
158.0	26.38803421646404	23.647169047737844	23.693737145264745	26.26801048890959	0.0030491016237852104
159.0	26.137176310143527	23.741414007018477	23.82069064923689	26.297669931977314	0.0030491016237852104
160.0	26.1790321597064	23.83732211263936	23.792139970395993	26.188179464577754	0.003326292680492956
161.0	26.207028456433886	23.765529628952052	23.783824238694763	26.240014192182105	0.003603483737200703
162.0	26.093380123183707	23.767747157405715	23.814315254932612	26.320676789684054	0.0038806747939084496
163.0	26.26226227336104	23.73898508985173	23.68825898586599	26.306335773545364	0.00415787737588043
164.0	26.35567591840581	23.72651145772409	23.68825898586599	26.225395760628228	0.00415787737588043
165.0	26.26226227336104	23.784444549161357	23.658322268759647	26.29081303134208	0.00415787737588043
166.0	26.319918172973246	23.663034529785648	23.684655492140223	26.328233927725	0.00415787737588043
167.0	26.352145470673022	23.73766492959308	23.681949218316888	26.224359685109217	0.0038806963077946555
168.0	26.346324426211332	23.544184499390177	23.755682448164986	26.350205122519128	0.0036035037143807517
169.0	26.37016298924493	23.816664818716042	23.598791440292715	26.21077724803193	0.0036035037143807517
170.0	26.262685061218153	23.76129216457524	23.631842864627078	26.340576395876468	0.0036035137030538396
171.0	26.36413783162721	23.738285115548052	23.725811414268254	26.168716511576978	0.003049126979507095
172.0	26.38659049393085	23.715278066520863	23.548407662733293	26.34667464983548	0.003049126979507095
173.0	26.19006040043353	23.723593867374067	23.826709797953757	26.25658680725914	0.003049126979507095
174.0	26.18846983296282	23.634403117879575	23.834537279838564	26.339540633887538	0.0030491354315081024
175.0	26.221733128579267	23.71700696866043	23.8079266433454	26.25028412398339	0.0030491354315081024
176.0	26.192145959745755	23.724002583456453	23.798568011154323	26.28251149665842	0.002771948985050879
177.0	26.290550148715063	23.75976072536361	23.72206221916692	26.22513215266786	0.0024947540865457914
178.0	26.220974229190286	23.764750233536702	23.6774338405076	26.334346942678867	0.0024947540865457914
179.0	26.306904647726864	23.63446863123931	23.817140069354164	26.239269092491625	0.0022175591880407033
180.0	26.247103305281133	23.699120735344664	23.76010378205768	26.291454611981507	0.002217565335018683
181.0	26.268724567297564	23.831343068445154	23.606814578274513	26.29090022064775	0.002217565335018683
182.0	26.42180981552577	23.602999265429446	23.735776357916038	26.237196989646712	0.002217571482030741
183.0	26.385847419571228	23.649911019697633	23.700083713555497	26.261940269546564	0.002217577629076878
184.0	26.13636993630008	23.74000011087888	23.826208441209246	26.295203933982712	0.002217577629076878
185.0	26.18737422176885	23.833138371300112	23.790172804736745	26.187097024565215	0.002217577629076878
186.0	26.207609617634176	23.767719831242342	23.788786818718574	26.233666154775833	0.002217577629076878
187.0	26.101443088642124	23.76827422564961	23.814566158656593	26.3134989494226	0.002217577629076878
188.0	26.265339442776636	23.73729393795755	23.69100187663027	26.303869960887365	0.0024947817481767304
189.0	26.355983179627057	23.72398843530061	23.692942262434407	26.224591340889752	0.0024947817481767304
190.0	26.265339442776636	23.781368415508673	23.648867784883283	26.30192957508323	0.0024947817481767304
191.0	26.322442225012683	23.665222465232443	23.677419176001308	26.332421352005387	0.0024947817481767304
192.0	26.359659821705772	23.7387457311394	23.675544418326165	26.223832438905397	0.0022175899232713884
193.0	26.348571872089416	23.540825830487428	23.76147602785293	26.347185878387368	0.001940391182862465
194.0	26.373796957466627	23.816361378453895	23.595988379828803	26.21191289306781	0.001940391182862465
195.0	26.259386668366822	23.76680868521501	23.63319852197222	26.33866572788433	0.0019403965616172929
196.0	26.35529769841248	23.739365933843565	23.728000753982663	26.176226815726082	0.0011087980352098817
197.0	26.379136856169488	23.722733963315417	23.553087863928305	26.34420971806038	8.315985264074113E-4
198.0	26.188700793622193	23.723288362333022	23.828346976169158	26.25883226934922	8.315985264074113E-4
199.0	26.18156618156618	23.635758835758836	23.835343035343033	26.346500346500346	8.316008316008316E-4
200.0	26.225086625086625	23.72002772002772	23.797089397089398	26.256964656964655	8.316008316008316E-4
201.0	26.19189519582868	23.733121921335886	23.791888543003584	26.282262736695046	8.316031368070319E-4
202.0	26.294182381655943	23.766108845762567	23.70983703350529	26.229317336984998	5.54402091204688E-4
203.0	26.21684328993289	23.77248446981142	23.67407809862259	26.3360397395419	5.54402091204688E-4
204.0	26.306379227662447	23.635547153283863	23.822657859065444	26.235138558942644	2.77201045602344E-4
205.0	26.245744952154965	23.703249914067438	23.761739496823267	26.288988435140322	2.772018140086709E-4
206.0	26.261822657367468	23.84074201381574	23.601239646512248	26.29591848049054	2.772018140086709E-4
207.0	26.41990092779704	23.607680729153675	23.730204270582984	26.24193686988388	2.772025824192578E-4
208.0	26.378948068724256	23.654039130025005	23.701163699666804	26.2655718982331	2.772033508341049E-4
209.0	26.135009119990244	23.741635388888582	23.8206383438763	26.30243994389404	2.772033508341049E-4
210.0	26.19044979015706	23.832835291313	23.786542331723705	26.189895383455397	2.772033508341049E-4
211.0	26.206250381154604	23.76852411391949	23.781552671408694	26.243395630166376	2.772033508341049E-4
212.0	26.0973094642768	23.771850554129497	23.805946566282092	26.324616211960773	2.772033508341049E-4
213.0	26.27118878986542	23.741701201679856	23.683765540755935	26.30306726357954	2.772041192532121E-4
214.0	26.352132392687356	23.71869325978184	23.692636072572036	26.23626107083951	2.772041192532121E-4
215.0	26.25760578802201	23.783836227806347	23.649946638207044	26.308334141845346	2.772041192532121E-4
216.0	26.32468918488129	23.66408404828896	23.681825111921164	26.329124450789337	2.772041192532121E-4
217.0	26.36218481804271	23.73178763887965	23.676901071119687	26.228849267070274	2.772048876765795E-4
218.0	26.35081941764797	23.55049564233917	23.747588317477213	26.35081941764797	2.772048876765795E-4
219.0	26.37244139888675	23.81356308074424	23.59401680970439	26.21970150577695	2.772048876765795E-4
220.0	26.263018270624794	23.763454869533156	23.62873292066651	26.34451673351943	2.772056561042072E-4
221.0	26.352001286234245	23.74127841704482	23.71771593627596	26.189004360444972	0.0
222.0	26.383602731030127	23.724646077678567	23.54612563514746	26.345625556143847	0.0
223.0	26.185677892571718	23.72741813423961	23.823608496907774	26.263295476280895	0.0
224.0	26.189631370896656	23.63129327885303	23.83143631736809	26.347639032882224	0.0
225.0	26.224282173963665	23.721939779676333	23.79040976653675	26.26336827982325	0.0
226.0	26.19663415026293	23.727826889652132	23.78548598579036	26.290052974294575	0.0
227.0	26.293656667803216	23.766358689475275	23.70481869263544	26.23516595008607	0.0
228.0	26.220473968858542	23.778555805966054	23.664623649654462	26.336346575520942	0.0
229.0	26.309734684995608	23.63496248000643	23.816255984210276	26.239046850787684	0.0
230.0	26.248821866163997	23.704607196318676	23.75505904529578	26.291511892221543	0.0
231.0	26.257692520929197	23.843488384986415	23.59621888340633	26.30260021067805	0.0
232.0	26.419377999051946	23.605154973540426	23.732393780544935	26.243073246862693	0.0
233.0	26.384522839290565	23.65290044298078	23.69642233421486	26.266154383513797	0.0
234.0	26.13447987181833	23.75186423387611	23.81035543801873	26.30330045628683	0.0
235.0	26.192416656964333	23.836413130859516	23.78568379266947	26.185486419506677	0.0
236.0	26.20101015141183	23.77043727026263	23.780139602703347	26.248412975622198	0.0
237.0	26.09040356158763	23.778753555211814	23.806197295544134	26.324645587656413	0.0
238.0	26.267058826790706	23.73806956314434	23.682904720059213	26.31196689000574	0.0
239.0	26.351053537618817	23.71949647527146	23.68900334592792	26.2404466411818	0.0
240.0	26.261396996654017	23.787531429236743	23.639775899492975	26.311295674616265	0.0
241.0	26.323741406076735	23.664892437347525	23.682634730538922	26.328731426036818	0.0
242.0	26.358351376301936	23.741312345271727	23.66978733785586	26.23054894057048	0.0
243.0	26.346737638790703	23.555537073231587	23.7532055280631	26.344519759914615	0.0
244.0	26.364977183381296	23.820494480208037	23.599813696624917	26.214714639785754	0.0
245.0	26.247792468470767	23.768426130519522	23.630637349354167	26.353144051655548	0.0
246.0	26.34761417604445	23.748450898686695	23.715181608736515	26.188476072449422	2.772440829181603E-4
247.0	26.38089877983526	23.732079436855575	23.544660358369676	26.341806930624443	5.54494315047035E-4
248.0	26.187624418456352	23.73086243130992	23.822634039226124	26.258324599781524	5.54511226079772E-4
249.0	26.1843699487353	23.6430379536261	23.832958575124003	26.33907900975111	5.545127634975338E-4
