# Position (bp)	A	C	G	T	N
0.0	26.247335285383677	23.83464529918075	23.800912984452722	26.117106430982854	0.0
1.0	26.309546521562417	23.797871546239538	23.660177343497267	26.23240458870078	0.0
2.0	26.172774651976166	23.79086774403141	23.7330826547963	26.303274949196126	0.0
3.0	26.23395437693356	23.76397209865553	23.780283824021364	26.221789700389547	0.0
4.0	26.2292000143758	23.723387491395254	23.750203887548068	26.297208606680876	0.0
5.0	26.177088516614145	23.739149665505614	23.78144523691049	26.30231658096976	0.0
6.0	26.112760464177708	23.791871914373697	23.84522249680726	26.25014512464133	0.0
7.0	26.36737807827647	23.791424914793694	23.646581105622648	26.194615901307188	0.0
8.0	26.256143202259924	23.733629644371472	23.81047149941125	26.199755653957357	0.0
9.0	26.29200501931996	23.666535840045107	23.779857491113923	26.261601649521012	0.0
10.0	26.28145953445693	23.735676341987872	23.69946989337063	26.28339423018457	0.0
11.0	26.21402156909351	23.791782518089406	23.64723310872437	26.346962804092712	0.0
12.0	26.1460308335222	23.740651273858944	23.745626205730016	26.367691686888843	0.0
13.0	26.247187781567327	23.85120531543832	23.761656541759024	26.139950361235332	0.0
14.0	26.238067073137028	23.85092893033437	23.7038920550338	26.207111941494805	0.0
15.0	26.14105590165112	23.85479832178965	23.729595869701008	26.27454990685822	0.0
16.0	26.275102677066116	23.803667077559187	23.802285152039445	26.11894509333525	0.0
17.0	26.301082876837267	23.825501500771114	23.754470529056366	26.11894509333525	0.0
18.0	26.254650179373932	23.742309584482634	23.779621573515676	26.223418662627758	0.0
19.0	26.165101405694642	23.754746914160314	23.7398221185471	26.340329561597947	0.0
20.0	26.213468798885614	23.748113671665553	23.81555163702897	26.22286589241986	0.0
21.0	26.335907399934772	23.67293692339158	23.782661809659107	26.208493867014543	0.0
22.0	26.25133355812655	23.674871619119216	23.713289148568048	26.360505674186186	0.0
23.0	26.221964263504834	23.696916932686594	23.88430551524951	26.196813288559067	0.0
24.0	26.241791407787385	23.811550622415815	23.693258451809758	26.25339951798704	0.0
25.0	26.24704269573485	23.838912596457867	23.799389745063788	26.114654962743494	0.0
26.0	26.312821986866254	23.796625909301966	23.65263006611095	26.23792203772083	0.0
27.0	26.166062307913414	23.782806730492847	23.74466579697968	26.306465164614057	0.0
28.0	26.222720941030804	23.75876135936498	23.784188648373757	26.23432905123046	0.0
29.0	26.218575187388065	23.717027439361445	23.76069604439826	26.303701328852235	0.0
30.0	26.180434253874896	23.733886837508567	23.779213744002476	26.306465164614057	0.0
31.0	26.119353483538593	23.78308311406903	23.83808344572932	26.259479956663057	0.0
32.0	26.35704335905543	23.78059566188339	23.66976584783426	26.19259513122692	0.0
33.0	26.25339951798704	23.741901961217856	23.80160081367325	26.203097707121852	0.0
34.0	26.295962588719128	23.676122670086453	23.767329250226634	26.260585490967784	0.0
35.0	26.27551020408163	23.745218564132045	23.704037411280872	26.27523382050545	0.0
36.0	26.21360028301678	23.798007827182875	23.638810887301833	26.349581002498507	0.0
37.0	26.14892652619011	23.73526875538948	23.752128153536603	26.36367656488381	0.0
38.0	26.24925376434431	23.859364981095364	23.75516837287461	26.136212881685715	0.0
39.0	26.22824861255445	23.859917748247728	23.705695712737967	26.20613792645986	0.0
40.0	26.132067128042983	23.854942843876444	23.741072810489307	26.271917217591263	0.0
41.0	26.284078094943286	23.801324430097065	23.795796758573417	26.118800716386232	0.0
42.0	26.29540982156676	23.823435116191654	23.755721140026974	26.125433922214608	0.0
43.0	26.265560395339065	23.73775620757512	23.77506799035974	26.221615406726073	0.0
44.0	26.17158997943706	23.7490879341986	23.742178344794038	26.3371437415703	0.0
45.0	26.226313927521172	23.73996727618458	23.813208923872907	26.220509872421342	0.0
46.0	26.333274371503745	23.671700532867533	23.787505251287946	26.20751984434077	0.0
47.0	26.24759546288721	23.676399053662635	23.719238507970903	26.35676697547925	0.0
48.0	26.209934856571138	23.70120806927259	23.87836945196052	26.21048762219575	0.0
49.0	26.233078509084677	23.811142618664633	23.69589130446799	26.259887567782698	0.0
50.0	26.251872488378137	23.841544643992282	23.805338595647534	26.101244271982043	0.0
51.0	26.306872516016337	23.796494370097673	23.65857972792951	26.238053385956476	0.0
52.0	26.163706614927946	23.77631848056205	23.743705398846934	26.31626950566307	0.0
53.0	26.218153878469288	23.7417707245079	23.80064010082417	26.239435296198643	0.0
54.0	26.210691563161593	23.717172722197347	23.762775760188823	26.309359954452237	0.0
55.0	26.181395066027672	23.71910739653638	23.79179587527431	26.307701662161637	0.0
56.0	26.115339756452137	23.767197872963756	23.846795902912515	26.270666467671592	0.0
57.0	26.364083600042008	23.776594862610484	23.666042043237205	26.1932794941103	0.0
58.0	26.264862444654497	23.729333532328408	23.806167741792837	26.199636281224265	0.0
59.0	26.300239346853942	23.675439032883936	23.765263198624723	26.2590584216374	0.0
60.0	26.274812198398088	23.747298365476567	23.702524473630387	26.275364962494958	0.0
61.0	26.21400814774279	23.795941606000806	23.62734855645656	26.362701689799845	0.0
62.0	26.15873173805615	23.72712247594094	23.746192837282834	26.367952948720074	0.0
63.0	26.256018219104632	23.857022038704542	23.7517204782515	26.13523926393933	0.0
64.0	26.23252574498781	23.853152690026477	23.701971709533524	26.21234985545219	0.0
65.0	26.134686499842463	23.84209740808915	23.743152634750068	26.28006345731832	0.0
66.0	26.28255089575422	23.801745629017905	23.794836077807073	26.120867397420806	0.0
67.0	26.291395121304078	23.820263226262927	23.762499378140394	26.125842274292598	0.0
68.0	26.270666467671592	23.748127511621863	23.775212952368317	26.205993068338223	0.0
69.0	26.17780209939804	23.749509421864033	23.743152634750068	26.329535843987863	0.0
70.0	26.223681519437946	23.734032027151773	23.824132574940993	26.218153878469288	0.0
71.0	26.34086750797362	23.676820943126103	23.78405717791818	26.198254370982095	0.0
72.0	26.250214196087533	23.677650089271403	23.720489306778546	26.351646407862518	0.0
73.0	26.216975891260546	23.700247914012255	23.87740831741838	26.20536787730882	0.0
74.0	26.23348626388812	23.811287380465423	23.697694986457353	26.257531369189103	0.0
75.0	26.261124315958213	23.834779724725003	23.79166436349566	26.11243159582113	0.0
76.0	26.3194406058261	23.790558841412857	23.64407716544138	26.245923387319664	0.0
77.0	26.160798186943783	23.778950859543418	23.744403294455807	26.315847659056992	0.0
78.0	26.210270300149247	23.743021391852302	23.801614062240894	26.24509424575756	0.0
79.0	26.20225526504892	23.709855729368194	23.77591067381571	26.31197833176718	0.0
80.0	26.184843292244764	23.724780277486044	23.793322646619867	26.297053783649325	0.0
81.0	26.11243159582113	23.776187054336408	23.84915151180145	26.262229838041012	0.0
82.0	26.358686639765626	23.771488585484494	23.673097120114974	26.1967276546349	0.0
83.0	26.249792714609477	23.733348073627774	23.814327566193136	26.20253164556962	0.0
84.0	26.29180255375601	23.67862473052899	23.77010668288099	26.259466032834005	0.0
85.0	26.267757448455033	23.74495605549721	23.70792106572329	26.279365430324468	0.0
86.0	26.216627052125368	23.790006080371455	23.636338510861755	26.357028356641425	0.0
87.0	26.16273285058869	23.72367475540324	23.75158918799403	26.36200320601404	0.0
88.0	26.26969211209994	23.86241777679509	23.73832292300039	26.12956718810458	0.0
89.0	26.23901387430214	23.854679122215465	23.70515726051628	26.201149742966116	0.0
90.0	26.13094909070809	23.83726714941131	23.73970482560389	26.292078934276713	0.0
91.0	26.280747332927973	23.804654247968603	23.799679398595988	26.114919020507433	0.0
92.0	26.29815930573213	23.815156707755236	23.762091647780665	26.124592338731965	0.0
93.0	26.26692830689293	23.750760046431925	23.778121717981314	26.20418992869383	0.0
94.0	26.182355867558453	23.740810347686693	23.75103642695263	26.325797357802223	0.0
95.0	26.2265767508706	23.737770161958984	23.814603946713834	26.221049140456582	0.0
96.0	26.335470676026752	23.67751920844619	23.78447846995744	26.20253164556962	0.0
97.0	26.258084130230504	23.673097120114974	23.70847382676469	26.360344922889833	0.0
98.0	26.218212873216313	23.696523971798207	23.877829092285964	26.207434062699512	0.0
99.0	26.240250731022435	23.797889570009563	23.69728761656284	26.264572082405163	0.0
100.0	26.25406968067171	23.838240902985447	23.79871870698852	26.108970709354324	0.0
101.0	26.317636849058378	23.797060433030605	23.639248028035887	26.24605468987513	0.0
102.0	26.170050466804117	23.78130683043043	23.74150825544052	26.307134447324927	0.0
103.0	26.211783694744927	23.738191707524695	23.803693528862258	26.246331068868116	0.0
104.0	26.197688366102668	23.714423114127943	23.779372177479534	26.308516342289856	0.0
105.0	26.181382005516525	23.72326724190348	23.80562818181316	26.289722570766845	0.0
106.0	26.116156563171945	23.775502871577736	23.846255893782025	26.262084671468287	0.0
107.0	26.362963003907996	23.764724090851303	23.6771119500749	26.1952009551658	0.0
108.0	26.251858648727826	23.740679118461564	23.810879382679882	26.196582850130728	0.0
109.0	26.29386825566162	23.680428497990725	23.76417133286533	26.261531913482322	0.0
110.0	26.271757936222784	23.74150825544052	23.706960881317332	26.279772927019362	0.0
111.0	26.225326265401222	23.773844597619824	23.64560474487455	26.355224392104404	0.0
112.0	26.16977408781113	23.7265837898193	23.752839794152926	26.350802328216638	0.0
113.0	26.2695469042789	23.8620094963822	23.74095549745455	26.12748810188435	0.0
114.0	26.229748329288988	23.8620094963822	23.711382945205102	26.196859229123714	0.0
115.0	26.13522671368795	23.84155745090127	23.742337392419476	26.280878442991305	0.0
116.0	26.290551707745795	23.79374388511478	23.804522665841215	26.111181741298207	0.0
117.0	26.304647036388058	23.814472309588695	23.759749268977565	26.121131385045686	0.0
118.0	26.267612251328	23.73791532853171	23.775502871577736	26.218969548562555	0.0
119.0	26.1761308046498	23.74289015040545	23.755327205089795	26.325651839854956	0.0
120.0	26.231682982239885	23.73294050665797	23.81640696253959	26.218969548562555	0.0
121.0	26.333114072665566	23.671031612229218	23.78683441029014	26.209019904815072	0.0
122.0	26.25738622858754	23.669649717264292	23.724096378882432	26.348867675265737	0.0
123.0	26.217660113702635	23.693483794472957	23.877552712529123	26.211303379295288	0.0
124.0	26.238184732740038	23.79857387651318	23.70294621635067	26.26029517439611	0.0
125.0	26.25504394450279	23.8339505831629	23.80133768172019	26.109667790614115	0.0
126.0	26.31695318113979	23.79746835443038	23.636891271903156	26.24868719252667	0.0
127.0	26.17765739870654	23.772041346525896	23.741915869769496	26.30838538499807	0.0
128.0	26.21358686639766	23.735006356751974	23.810458238903323	26.240948537947045	0.0
129.0	26.203433208316866	23.716554409801585	23.771001522860878	26.30901085902067	0.0
130.0	26.1874030938121	23.720976510354625	23.805549183431495	26.28607121240178	0.0
131.0	26.12742835506151	23.775147242129353	23.840373225286676	26.257051177522463	0.0
132.0	26.372854935755168	23.763539228177624	23.67813741124706	26.185468424820147	0.0
133.0	26.2520763144003	23.735901099721133	23.81826272252148	26.19375986335709	0.0
134.0	26.298508370207202	23.674268073263153	23.77459447956022	26.252629076969423	0.0
135.0	26.278608917718525	23.73369004944461	23.7038408707116	26.28386016212526	0.0
136.0	26.214488459699464	23.77901658011326	23.647735469944916	26.358759490242356	0.0
137.0	26.17441317343755	23.72678051733049	23.74833825752655	26.350468051705413	0.0
138.0	26.263131565782892	23.850599332815577	23.7519312142259	26.13433788717563	0.0
139.0	26.22388542337467	23.863036490621	23.71572526594789	26.197352820056434	0.0
140.0	26.140694656720626	23.844795325839716	23.73811214999765	26.276397867442007	0.0
141.0	26.291875219377648	23.78786078121934	23.81190595297649	26.108358046426527	0.0
142.0	26.30569428360589	23.8102476652691	23.76492113460045	26.11913691652456	0.0
143.0	26.273910435880925	23.74529806339634	23.773765335706525	26.207026165016213	0.0
144.0	26.186850331242965	23.735348337152	23.759669890193717	26.318131441411314	0.0
145.0	26.232176861911622	23.74585082596547	23.81466976582214	26.207302546300777	0.0
146.0	26.341071088030205	23.66183091545773	23.787584399934776	26.209513596577295	0.0
147.0	26.26430968055763	23.67074053806057	23.73043906052214	26.33451072085966	0.0
148.0	26.222924848749507	23.69402211615264	23.877263920711297	26.20578911438655	0.0
149.0	26.2368165034161	23.79745506003051	23.705695712737967	26.260032723815417	0.0
150.0	26.2525703672585	23.82647533552966	23.79745506003051	26.12349923718133	0.0
151.0	26.310058151104425	23.795243991421053	23.645996860282576	26.248700997191943	0.0
152.0	26.183474473212904	23.76567094876954	23.750193468503326	26.300661109514227	0.0
153.0	26.21442943374533	23.732228536051473	23.81210338956818	26.241238640635018	0.0
154.0	26.194602213838564	23.71018338100963	23.785359921506846	26.309854483644955	0.0
155.0	26.187968989677046	23.71515829913077	23.806088747011593	26.29078396418059	0.0
156.0	26.1288227409035	23.778450313005266	23.850586625761785	26.242140320329447	0.0
157.0	26.374804803559833	23.764354711662037	23.670936804720643	26.189903680057487	0.0
158.0	26.25789422771306	23.728701131793873	23.81907881099457	26.1943258294985	0.0
159.0	26.30266849080331	23.66623827093957	23.775962853944694	26.255130384312427	0.0
160.0	26.2899548111604	23.73257051255476	23.70659038458881	26.270884291696035	0.0
161.0	26.226662797285904	23.774028163564253	23.64606221411495	26.353246825034894	0.0
162.0	26.176084463054323	23.719304064231718	23.759379793540898	26.345231679173057	0.0
163.0	26.2764119784973	23.847822782361153	23.75274656937938	26.12301866976217	0.0
164.0	26.229703025026602	23.855837928222986	23.718751295551595	26.195707751198817	0.0
165.0	26.146234954327486	23.838978483479124	23.744731423517543	26.27005513867584	0.0
166.0	26.293547807581223	23.790887608308115	23.808852590412226	26.10671199369844	0.0
167.0	26.311512789685338	23.80332490361096	23.76711855506267	26.118043751641036	0.0
168.0	26.269778754335782	23.74030927407653	23.785083537166784	26.204828434420907	0.0
169.0	26.187139836656854	23.74003288973647	23.76380194298191	26.30902533062477	0.0
170.0	26.24683885411053	23.737821815015963	23.816591351934	26.19874797893951	0.0
171.0	26.332517999530147	23.659605046778047	23.794480604728935	26.21339634896287	0.0
172.0	26.26045426655685	23.67210776807973	23.719922391062813	26.347515574300605	0.0
173.0	26.22183282524398	23.696218764942113	23.876975122508036	26.204973287305872	0.0
174.0	26.233513537417224	23.792466805965528	23.712314682763424	26.26170497385382	0.0
175.0	26.249412675160993	23.83405654901744	23.804206627788066	26.1123241480335	0.0
176.0	26.3104944584174	23.789281667173377	23.6452834360576	26.25494043835162	0.0
177.0	26.174787872087556	23.76938171968713	23.754733147231974	26.301097260993338	0.0
178.0	26.21514054337912	23.728752660236037	23.81636770680744	26.2397390895774	0.0
179.0	26.20277549756916	23.705048796464435	23.788794640265998	26.30338106570041	0.0
180.0	26.189508829244158	23.716933520172244	23.810905754140997	26.282651896442598	0.0
181.0	26.135336600250408	23.77967380579256	23.84269048033631	26.24229911362072	0.0
182.0	26.374689407947287	23.760326581151933	23.673816848115994	26.191167162784783	0.0
183.0	26.256118559792597	23.731582133114433	23.819473810767562	26.192825496325412	0.0
184.0	26.29232550876291	23.66884184749412	23.778844639022246	26.259988004720725	0.0
185.0	26.286797730294158	23.73406963342537	23.70725990785193	26.271872728428537	0.0
186.0	26.22378105575041	23.778568250098807	23.650876567470682	26.3467741266801	0.0
187.0	26.18425743969885	23.715275186631622	23.75369324698943	26.3467741266801	0.0
188.0	26.26579217211291	23.844348813876934	23.752311302372245	26.13754771163791	0.0
189.0	26.22033293993759	23.855259848482753	23.725079945938027	26.199327265641625	0.0
190.0	26.14791864170677	23.83535973599184	23.737241125793588	26.279480496507805	0.0
191.0	26.29108889546084	23.78256915980067	23.80550956725547	26.120832377483023	0.0
192.0	26.31015983659796	23.799152586876428	23.768749637237534	26.121937939288074	0.0
193.0	26.27616381109266	23.734477221280958	23.776212179421623	26.21314678820476	0.0
194.0	26.196563361128998	23.73751751624485	23.758799580992076	26.307119541634076	0.0
195.0	26.24659003280755	23.727567459999392	23.821540213428708	26.204302293764353	0.0
196.0	26.332271072698983	23.65156008590215	23.79611229191254	26.220056549486326	0.0
197.0	26.262693266557214	23.657429672255297	23.72321078146852	26.356666279718965	0.0
198.0	26.215502826107983	23.708903967606858	23.878608642777184	26.196984563507968	0.0
199.0	26.23105327746515	23.80736531381632	23.712562602956297	26.249018805762237	0.0
200.0	26.245570781808837	23.83762389373193	23.804180186953086	26.11262513750615	0.0
201.0	26.31577492661732	23.789254896324508	23.643318721289543	26.251651455768627	0.0
202.0	26.18504043648183	23.76576138329805	23.75138888121127	26.29780929900885	0.0
203.0	26.231474673992956	23.725960608288513	23.81357759216367	26.22898712555486	0.0
204.0	26.208053598525154	23.69866307721648	23.79429575927098	26.29898756498738	0.0
205.0	26.201696512723842	23.715799569376536	23.80756272094328	26.274941196956338	0.0
206.0	26.147523085895287	23.784898328086435	23.831885484009167	26.235693102009115	0.0
207.0	26.378312939986348	23.762510330264426	23.668536018418965	26.19064071133026	0.0
208.0	26.2605100083472	23.736449621059265	23.818263229758042	26.184777140835493	0.0
209.0	26.29450687952946	23.662651534834357	23.783437166595725	26.25940441904046	0.0
210.0	26.276264655968244	23.74335955422639	23.712126656310982	26.268249133494383	0.0
211.0	26.214351654790796	23.786753934515943	23.65353042305375	26.345363987639516	0.0
212.0	26.19859700716975	23.71654901353794	23.747229116799982	26.33762486249233	0.0
213.0	26.262168392307313	23.851430908960246	23.75635022858059	26.130050470151854	0.0
214.0	26.230178801924836	23.858683184216563	23.71799655607979	26.19314145777881	0.0
215.0	26.151681744182508	23.83740053123713	23.749229540322336	26.261688184258027	0.0
216.0	26.282970837237457	23.787648874921572	23.825515413339524	26.103864874501447	0.0
217.0	26.299001926494693	23.80810233362908	23.764707833398287	26.12818790647794	0.0
218.0	26.26362297089252	23.741766791875	23.7832265054713	26.211383731761178	0.0
219.0	26.178768757065424	23.73458044151831	23.768577406667273	26.318073394748986	0.0
220.0	26.233219180921896	23.73706802433409	23.82219863625182	26.207514158492195	0.0
221.0	26.327470929830817	23.656636179957268	23.79566441955019	26.220228470661727	0.0
222.0	26.258443985008128	23.660571150593153	23.73326404935378	26.347720815044944	0.0
223.0	26.212081427327632	23.697950496828316	23.885349438217776	26.204618637626282	0.0
224.0	26.234542308606557	23.788675323526647	23.71736402483181	26.259418343034984	0.0
225.0	26.234134530337872	23.83330753582169	23.805667344772687	26.126890589067752	0.0
226.0	26.320371926410758	23.780514770918096	23.644248629046523	26.254864673624624	0.0
227.0	26.181894569255267	23.759508225720857	23.751492570316646	26.307104634707233	0.0
228.0	26.21893242526092	23.721641163983726	23.819763842207678	26.239662568547672	0.0
229.0	26.202565583807136	23.696961488602472	23.800613064521034	26.299859863069358	0.0
230.0	26.197866712365496	23.712163719737195	23.817473720870453	26.272495847026857	0.0
231.0	26.134306286883092	23.787885069861936	23.843166521552856	26.234642121702116	0.0
232.0	26.36621197672651	23.771024227096206	23.669306355984908	26.19345744019238	0.0
233.0	26.25903854233465	23.736262521283418	23.826647944629944	26.178050991751984	0.0
234.0	26.29801207350242	23.657209826858015	23.782146253012847	26.262631846626718	0.0
235.0	26.283638856334168	23.736262521283418	23.698947438250446	26.281151184131968	0.0
236.0	26.221723459301682	23.776894500585986	23.650023218273887	26.351358821838446	0.0
237.0	26.19795236936957	23.71138579926144	23.752570594608937	26.338091236760057	0.0
238.0	26.259591358379588	23.848484178404796	23.752847002631405	26.139077460584215	0.0
239.0	26.230364610830247	23.85214341193478	23.71642669777187	26.201065279463105	0.0
240.0	26.154535076250312	23.831505739850567	23.742775085759142	26.271184098139972	0.0
241.0	26.2930200414651	23.792121630960608	23.809260539046303	26.10559778852799	0.0
242.0	26.303509475168283	23.80416603314581	23.762422768048435	26.129901723637474	0.0
243.0	26.262810570811666	23.740368745386537	23.783220398492727	26.21360028530907	0.0
244.0	26.17896293838732	23.738232488699044	23.76975075685315	26.313053816060496	0.0
245.0	26.237703150316026	23.721099983963637	23.839713778554405	26.201483087165933	0.0
246.0	26.32245470155424	23.657775184774525	23.7946452024985	26.225124911172742	0.0
247.0	26.260908517768854	23.65586045945737	23.728583911249736	26.354647111524038	0.0
248.0	26.21303918613622	23.70414204455899	23.887477083120178	26.195341686184616	0.0
249.0	26.236063180249538	23.795737102911247	23.71775727811698	26.25044243872224	0.0
