# Position (bp)	A	C	G	T	N
0.0	26.23744055148338	23.723893746651274	23.77747336209325	26.261192339772094	0.0
1.0	26.371941957257828	23.67169504913306	23.786035053220576	26.170327940388532	0.0
2.0	26.111247662893234	23.78339266431552	23.780630942879316	26.32472872991193	0.0
3.0	26.275455253434078	23.69637619923448	23.71073663512894	26.317431912202505	0.0
4.0	26.180114103930674	23.69782893247102	23.850538210457135	26.27151875314117	0.0
5.0	26.191442654185476	23.7785969708266	23.806210219663395	26.223750155324527	0.0
6.0	26.166959815992424	23.784856927482128	23.80611830715238	26.242064949373066	0.0
7.0	26.224411470729535	23.789946268920463	23.727545323518527	26.258096936831464	0.0
8.0	26.228512421794324	23.756854213028664	23.862048781565274	26.152584583611738	0.0
9.0	26.2001524003048	23.838775938421442	23.717849609612262	26.243222051661498	0.0
10.0	26.311968041786415	23.807157469293777	23.751942863926363	26.128931624993445	0.0
11.0	26.305894435196	23.755531813275248	23.633507535413266	26.305066216115485	0.0
12.0	26.248747318640724	23.836697283165343	23.62964251303755	26.28491288515638	0.0
13.0	26.295679733203027	23.761605419865663	23.756912178409433	26.18580266852188	0.0
14.0	26.146528115199434	23.792183842042494	23.84546578912496	26.21582225363311	0.0
15.0	26.2550245152171	23.8139935509519	23.72951543796104	26.20146649586996	0.0
16.0	26.146528115199434	23.787214541278328	23.737521533636645	26.328735809885593	0.0
17.0	26.2067118688988	23.911999204911876	23.68534387561288	26.19594505057644	0.0
18.0	26.24066875745395	23.72123327002076	23.76264410972216	26.27545386280313	0.0
19.0	26.215270109103763	23.80460709395291	23.74663191837095	26.233490878572375	0.0
20.0	26.2194111930739	23.693349971288484	23.82227571889218	26.264963116745438	0.0
21.0	26.19456468925306	23.72344184813817	23.831386103626485	26.250607358982286	0.0
22.0	26.341435134060692	23.64862626441097	23.764576615574892	26.24536198595344	0.0
23.0	26.23597552895446	23.735589027783913	23.841600777419497	26.186834665842127	0.0
24.0	26.26910420071558	23.90012809753081	23.71074252396307	26.12002517779054	0.0
25.0	26.232110517248998	23.742214762136136	23.76761341048633	26.25806131012854	0.0
26.0	26.363244842970097	23.67844206899598	23.781693095984803	26.176619992049115	0.0
27.0	26.103460841909975	23.780864879190776	23.784453818631565	26.33122046026768	0.0
28.0	26.279042802243914	23.69500640487654	23.70273642828747	26.323214364592072	0.0
29.0	26.190975749812274	23.701356066964088	23.838287910243388	26.269380272980253	0.0
30.0	26.20698794116348	23.770098060868413	23.8012942267768	26.221619771191307	0.0
31.0	26.174963558461062	23.78417774636689	23.796324926012634	26.244533769159418	0.0
32.0	26.227141216484828	23.797429215071336	23.71433146340386	26.261098105039977	0.0
33.0	26.238184107071866	23.756846592163967	23.86203012500552	26.142939175758645	0.0
34.0	26.20332666160536	23.837946028021257	23.70984885085237	26.248878459521013	0.0
35.0	26.310442404582783	23.80454137621644	23.747946718200012	26.13706950100076	0.0
36.0	26.29360204292912	23.74987921871765	23.643591690247774	26.31292704810546	0.0
37.0	26.249706674028573	23.826351024915454	23.642211332735176	26.281730968320794	0.0
38.0	26.289460970391332	23.7592656498033	23.7520877907378	26.199185589067568	0.0
39.0	26.152181234919635	23.782666070353866	23.85278803840696	26.212364656319536	0.0
40.0	26.253499196634145	23.80944493216942	23.727451922280565	26.20960394891587	0.0
41.0	26.148316244554504	23.79508925367036	23.724139073396167	26.33245542837897	0.0
42.0	26.20960394891587	23.91379967202796	23.68134810863936	26.19524827041681	0.0
43.0	26.252947055153413	23.7246912148769	23.75781970372088	26.264542026248805	0.0
44.0	26.212088585579167	23.801714951439155	23.746500803365855	26.23969565961582	0.0
45.0	26.213192868540634	23.703985909349413	23.823800610668478	26.259020611441475	0.0
46.0	26.19055506783058	23.728556205242032	23.83870843064827	26.242180296279116	0.0
47.0	26.334111852821167	23.65180853942014	23.76969074555664	26.24438886220205	0.0
48.0	26.23803923517362	23.72938441746313	23.846438411378532	26.186137935984714	0.0
49.0	26.270339511796504	23.8994439935289	23.711715890079674	26.118500604594924	0.0
50.0	26.22837675926079	23.739322964116326	23.774107877402507	26.258192399220377	0.0
51.0	26.376902817577975	23.67417026938983	23.77355573592177	26.175371177110424	0.0
52.0	26.11656810941236	23.77134716999884	23.77769679702727	26.33438792356153	0.0
53.0	26.286627685478127	23.68190025012009	23.703985909349413	26.32748615505237	0.0
54.0	26.18724221894618	23.705366263051246	23.835947723244605	26.27144379475797	0.0
55.0	26.19386791671498	23.76969074555664	23.81496634697675	26.22147499075163	0.0
56.0	26.16681298415906	23.786807131459366	23.79591746589146	26.250462418490113	0.0
57.0	26.222027132232363	23.79370889996853	23.7180655171081	26.266198450691004	0.0
58.0	26.23389817406812	23.758371845201616	23.859965877656492	26.147764103073772	0.0
59.0	26.1979366529828	23.830912659740992	23.717723968671578	26.253426718604633	0.0
60.0	26.300634684879924	23.79806033233304	23.75333699586171	26.147967986925323	0.0
61.0	26.286002976034368	23.74146598679833	23.65726464344182	26.315266393725484	0.0
62.0	26.2346539600858	23.82677161006772	23.643185074552697	26.29538935529378	0.0
63.0	26.28793546588189	23.748919876210223	23.759686605360727	26.203458052547155	0.0
64.0	26.148447938867232	23.781430480250005	23.860110206831056	26.2100113740517	0.0
65.0	26.255286725487814	23.80572457126451	23.72787305233168	26.211115650916	0.0
66.0	26.152588977108344	23.787780072219707	23.726768775467384	26.332862175204568	0.0
67.0	26.21829345053392	23.9092505272922	23.682045562463422	26.190410459710456	0.0
68.0	26.259703832944997	23.7107567609351	23.759621012180173	26.26991839393973	0.0
69.0	26.208631027971336	23.806000640480583	23.74084830548715	26.244520026060936	0.0
70.0	26.21470455072496	23.69860971542785	23.824773347173604	26.261912386673586	0.0
71.0	26.206698543458817	23.717382422120874	23.838576807977297	26.237342226443012	0.0
72.0	26.338659628742118	23.655542917720332	23.763209911989133	26.242587541548417	0.0
73.0	26.236514018794793	23.73063374449242	23.834159700520114	26.198692536192674	0.0
74.0	26.268814117075433	23.885784643925927	23.723179875658428	26.122221363340216	0.0
75.0	26.227679803880427	23.739744028622855	23.773424472983866	26.259151694512852	0.0
76.0	26.380070011153194	23.674315624413353	23.779497995737493	26.166116368695956	0.0
77.0	26.1191846019634	23.774252680632088	23.776185165144607	26.330377552259904	0.0
78.0	26.289795377497043	23.68701480835275	23.70771999955829	26.315469814591914	0.0
79.0	26.19399935951942	23.701922546020736	23.83443576973619	26.26964232472365	0.0
80.0	26.19620791324801	23.775633026712455	23.810417747937763	26.217741312101772	0.0
81.0	26.17881555263536	23.785571518491118	23.791092902812593	26.244520026060936	0.0
82.0	26.233201188201903	23.781982618682157	23.711032830151176	26.273783362964764	0.0
83.0	26.240378987819824	23.759897081396247	23.84326998465055	26.156453946133375	0.0
84.0	26.204693715853782	23.839615271002597	23.703237454759282	26.252453558384335	0.0
85.0	26.295796305651947	23.807315261892338	23.75762294018425	26.139265492271463	0.0
86.0	26.27674758233052	23.74492379130329	23.66707248729395	26.311256139072242	0.0
87.0	26.2309202189775	23.82664005366771	23.64829983242645	26.29413989492835	0.0
88.0	26.282268951409193	23.760383624723584	23.758727213999983	26.19862020986724	0.0
89.0	26.140297600971756	23.78985727300334	23.862187008254423	26.207658117770478	0.0
90.0	26.25044860999917	23.809458079121	23.730502719266763	26.209590591613065	0.0
91.0	26.142230074814343	23.787924799160752	23.73823261463711	26.331612511387792	0.0
92.0	26.212627336222845	23.911050989702677	23.69212931010684	26.184192363967647	0.0
93.0	26.24934433923198	23.710073710073708	23.769428263810287	26.271153686884023	0.0
94.0	26.20876238853767	23.801176048367058	23.747066780774645	26.24299478232063	0.0
95.0	26.218976893134194	23.699859205477182	23.827126411396073	26.254037489992548	0.0
96.0	26.2048974408525	23.721944620821027	23.83375203599923	26.23940590232725	0.0
97.0	26.340170609833528	23.64685420865196	23.765563316125114	26.24741186538939	0.0
98.0	26.242718714628825	23.722220688512824	23.82795461447147	26.20710598238688	0.0
99.0	26.28026392071336	23.88648096513265	23.714490793142478	26.11876432101151	0.0
100.0	26.23692129310107	23.738784750020706	23.77053253457748	26.253761422300748	0.0
101.0	26.377163680534466	23.675289180907157	23.780470971482206	26.16707616707617	0.0
102.0	26.12290533638848	23.76583938381691	23.786544460701762	26.32471081909284	0.0
103.0	26.295447643762248	23.68522761781189	23.709245506998318	26.310079231427547	0.0
104.0	26.195511139331362	23.70261988239516	23.831267426773046	26.270601551500427	0.0
105.0	26.192750462413382	23.773569279187257	23.81249482373078	26.22118543466858	0.0
106.0	26.178947077823484	23.77715815918063	23.79289401761312	26.25100074538277	0.0
107.0	26.234988819258483	23.780747039174006	23.711730116224498	26.272534025343013	0.0
108.0	26.24824006846479	23.76335477459073	23.841205863677775	26.14719929326671	0.0
109.0	26.211726771038368	23.837275108977423	23.69758524256621	26.253412877418004	0.0
110.0	26.300620322390962	23.795865069527455	23.75473109700716	26.148783511074424	0.0
111.0	26.27605036565065	23.74396448675017	23.67411955354456	26.305865594054623	0.0
112.0	26.232431790763357	23.81905469161944	23.64706499443725	26.30144852317996	0.0
113.0	26.280467436525313	23.75390289621816	23.769638711209147	26.195990956047382	0.0
114.0	26.14788312462731	23.778683274807307	23.861503125069017	26.211930475496363	0.0
115.0	26.255272863799995	23.80380529605336	23.733132357163363	26.20778948298328	0.0
116.0	26.149263455465004	23.789725921508868	23.724022173634577	26.33698844939155	0.0
117.0	26.21469113717176	23.911471101393584	23.696415556880673	26.177422204553984	0.0
118.0	26.25913779014554	23.71656838711102	23.770401289781134	26.253892532962304	0.0
119.0	26.215519335674376	23.800216435875353	23.749972393383246	26.23429183506703	0.0
120.0	26.22214492369531	23.696139490713133	23.83444864065019	26.247266944941362	0.0
121.0	26.20447668897281	23.725402504472275	23.831411912807262	26.238708893747653	0.0
122.0	26.33698844939155	23.651140705404273	23.77150555445129	26.240365290752887	0.0
123.0	26.24505841560105	23.72567857063981	23.837209302325583	26.192053711433555	0.0
124.0	26.28177521588374	23.883864484639677	23.71684445327856	26.11751584619802	0.0
125.0	26.233463636564412	23.74003401135184	23.7687448927759	26.257757459307847	0.0
126.0	26.377846242187324	23.67791912365556	23.783652465823007	26.160582168334106	0.0
127.0	26.129386691402196	23.766260297268047	23.778959340974843	26.325393670354913	0.0
128.0	26.284535877559133	23.684268645508954	23.709666732922546	26.321528744009363	0.0
129.0	26.187360586585395	23.708286402084852	23.830307648137104	26.27404536319265	0.0
130.0	26.190673380595864	23.781443936482695	23.81291547958215	26.214967203339295	0.0
131.0	26.170868865447737	23.772675447435475	23.79531293566812	26.261142751448663	0.0
132.0	26.22994718839636	23.78012925453647	23.724087667814185	26.26583588925299	0.0
133.0	26.24982400733234	23.755835364725826	23.848041719234413	26.146298908707426	0.0
134.0	26.206553847003285	23.83623664522541	23.695994257792012	26.261215249979298	0.0
135.0	26.304833945283384	23.790685476078735	23.758109488446564	26.146371090191316	0.0
136.0	26.282472462247743	23.740717223863292	23.671700300913784	26.30511001297518	0.0
137.0	26.231472355885366	23.817805863141825	23.651612653873656	26.299109127099157	0.0
138.0	26.284753567494594	23.752101571105573	23.774739184328144	26.188405677071685	0.0
139.0	26.155421876337215	23.78094399368352	23.86128035734498	26.202353772634286	0.0
140.0	26.255359208452155	23.80551422174493	23.732907817473574	26.20621875232934	0.0
141.0	26.154041526446125	23.788950023051843	23.727938557865645	26.329069892636387	0.0
142.0	26.216709411501625	23.904347273947	23.691773390719078	26.187169923832293	0.0
143.0	26.25922418814721	23.70861365939038	23.76520800492509	26.26695414753732	0.0
144.0	26.220094637049797	23.797849961074025	23.747052944846587	26.235002457029587	0.0
145.0	26.229757112962627	23.692943079734754	23.834843440283137	26.242456367019486	0.0
146.0	26.20076968522414	23.729936558943866	23.83070237917764	26.23859137665435	0.0
147.0	26.33770077244593	23.65263675164124	23.774936089623605	26.234726386289225	0.0
148.0	26.246321357384616	23.725795497838366	23.837604147686804	26.190278997090218	0.0
149.0	26.281934482891895	23.88067118318398	23.71364838526224	26.123745948661885	0.0
150.0	26.22837675926079	23.735181903010826	23.77300359444104	26.263437743287337	0.0
151.0	26.386841364231174	23.673618127909098	23.783494282574967	26.15604622528477	0.0
152.0	26.13230414161325	23.76554968445114	23.77852500924837	26.32362116468724	0.0
153.0	26.288560180660692	23.683280603821924	23.709231253416373	26.318927962101007	0.0
154.0	26.194972199676446	23.710059465637475	23.835947723244605	26.259020611441475	0.0
155.0	26.191659350792047	23.78018143369057	23.814414205496014	26.213745010021366	0.0
156.0	26.18344951342398	23.773345296431774	23.796535302643385	26.24666988750086	0.0
157.0	26.241424528953	23.779971012492236	23.713437780385117	26.265166678169642	0.0
158.0	26.23783559942025	23.760646007315895	23.852301746152254	26.1492166471116	0.0
159.0	26.209472591545563	23.83387075400857	23.704392861875526	26.25226379257034	0.0
160.0	26.307202173240867	23.79301205883652	23.755466230840586	26.144319537082026	0.0
161.0	26.283183886214058	23.732276160607803	23.669607756526347	26.314932196651796	0.0
162.0	26.235771886379382	23.803568519944896	23.652280501238188	26.308379092437534	0.0
163.0	26.29043434569312	23.74973427971167	23.766298661321894	26.193532713273314	0.0
164.0	26.153646530709153	23.780509688836375	23.85477374310159	26.211070037352886	0.0
165.0	26.270149991303654	23.80452817478832	23.730264120523106	26.195057713384923	0.0
166.0	26.151437934299775	23.788791925371527	23.73081626962545	26.32895387070324	0.0
167.0	26.213830782864605	23.903638938658993	23.696306950728975	26.186223327747427	0.0
168.0	26.26103953111498	23.705693485468814	23.76808633403364	26.265180649382557	0.0
169.0	26.21307492684004	23.80266136602065	23.754900336811883	26.229363370327423	0.0
170.0	26.224946165313895	23.69029871348904	23.836066478935454	26.24868864226161	0.0
171.0	26.20396444149964	23.729225332670755	23.832201424548614	26.23460880128099	0.0
172.0	26.341173872232343	23.645574512727073	23.78002319032632	26.233228424714262	0.0
173.0	26.24040638286124	23.728949257357407	23.83551432830876	26.195130031472587	0.0
174.0	26.28209375517641	23.88576003533764	23.712384738556676	26.11976147092927	0.0
175.0	26.240958533487934	23.739440119264536	23.77643421125283	26.2431671359947	0.0
176.0	26.380928717354095	23.67262989343493	23.790237976920103	26.156203412290875	0.0
177.0	26.12942410689636	23.765667274032356	23.788029374413338	26.316879244657944	0.0
178.0	26.27905692672961	23.69637237038264	23.708795759483188	26.315774943404563	0.0
179.0	26.18574347081884	23.710728286676606	23.84490088896251	26.258627353542046	0.0
180.0	26.18988460051902	23.773121307492683	23.813152227927777	26.223841864060514	0.0
181.0	26.16787081848274	23.777052004450347	23.7977577101146	26.25731946695231	0.0
182.0	26.244896043553762	23.765180733202843	23.715210963533114	26.274712259710288	0.0
183.0	26.24600034785586	23.744475027538588	23.850488240539562	26.159036384065992	0.0
184.0	26.21266750962128	23.826535401332897	23.696779287611328	26.2640178014345	0.0
185.0	26.30929440281819	23.78567602935249	23.75779226874424	26.14723729908508	0.0
186.0	26.289416870503395	23.73322143018845	23.66972375751619	26.30763794179196	0.0
187.0	26.238691171314432	23.808932214666896	23.659022077925663	26.293354536093005	0.0
188.0	26.293630613692898	23.745158289091897	23.7752507474801	26.185960349735105	0.0
189.0	26.16567508247864	23.77621026186105	23.838880223071932	26.21923443258838	0.0
190.0	26.269756912331072	23.80492249078586	23.726792098615462	26.198528498267603	0.0
191.0	26.13944756567232	23.797192275306102	23.730381127231066	26.33297903179051	0.0
192.0	26.210123821487237	23.913421586626725	23.69366260370222	26.182791988183812	0.0
193.0	26.261198459478486	23.715196775395828	23.7624063056472	26.261198459478486	0.0
194.0	26.222067617485795	23.809957649345414	23.746459275455948	26.221515457712847	0.0
195.0	26.232834733058358	23.684893460771807	23.8411546765172	26.241117129652636	0.0
196.0	26.21323306111856	23.728238002948533	23.82652244253397	26.23200649339893	0.0
197.0	26.34851220549178	23.649831315189363	23.76578486750926	26.235871611809593	0.0
198.0	26.253816804430528	23.727685843175582	23.827074602306926	26.191422750086968	0.0
199.0	26.285565991375265	23.886155698012775	23.71194928964645	26.116329020965505	0.0
200.0	26.237252011241974	23.730998801813293	23.78428221990315	26.247466967041582	0.0
201.0	26.38633514993899	23.669432987129156	23.79201245672448	26.15221940620738	0.0
202.0	26.139519731429488	23.77406726410354	23.775723743422397	26.31068926104458	0.0
203.0	26.280044393645746	23.695384496457894	23.709464570668167	26.31510653922819	0.0
204.0	26.1886619512222	23.709188490781692	23.84971315299795	26.252436404998154	0.0
205.0	26.18424467303859	23.778484542287156	23.810233729231893	26.227037055442366	0.0
206.0	26.16416307531756	23.781034915919637	23.805606093652077	26.249195915110725	0.0
207.0	26.237048366568843	23.78324356110907	23.712290834398544	26.26741723792354	0.0
208.0	26.244778624731858	23.75673981883588	23.8594418201445	26.139039736287767	0.0
209.0	26.209236579682617	23.82582575949996	23.706834671407904	26.258102989409515	0.0
210.0	26.298134793988055	23.779168001060153	23.770333395911784	26.152363809040008	0.0
211.0	26.28101774651309	23.743553499055803	23.672600576457985	26.30282817797312	0.0
212.0	26.224217376059812	23.812639594048772	23.65886182363319	26.304281206258228	0.0
213.0	26.291305344122623	23.74803636554384	23.775368500680543	26.185289789652995	0.0
214.0	26.154513002161732	23.774947613118393	23.851146713637704	26.219392671082165	0.0
215.0	26.26273781159496	23.79372130455069	23.735467644371067	26.20807323948328	0.0
216.0	26.14678265863079	23.781849705556738	23.739332816136542	26.332034819675933	0.0
217.0	26.20890149057588	23.90774387163212	23.691846420160736	26.19150821763126	0.0
218.0	26.25003796150841	23.713380948568368	23.76445643261211	26.272124657311107	0.0
219.0	26.22139764996908	23.800689106811557	23.74823305945755	26.229680183761815	0.0
220.0	26.231888859439877	23.68942706952911	23.83243881968372	26.246245251347293	0.0
221.0	26.20234782224578	23.72835497835498	23.84431045145331	26.224986747945934	0.0
222.0	26.336248785228378	23.644701387048325	23.78163927908826	26.237410548635037	0.0
223.0	26.24265615337044	23.735257089848925	23.839617015637423	26.182469741143212	0.0
224.0	26.282964484495096	23.88020143122184	23.71620726212563	26.120626822157433	0.0
225.0	26.238790970933827	23.723385458079335	23.784676208145598	26.25314736284124	0.0
226.0	26.384563565686015	23.671757664104604	23.78163927908826	26.162039491121124	0.0
227.0	26.138296227581943	23.77225240745649	23.779706687869954	26.30974467709162	0.0
228.0	26.276062373001146	23.68942706952911	23.715655093206113	26.31885546426363	0.0
229.0	26.190752274935946	23.710133404010953	23.845690873752098	26.253423447301	0.0
230.0	26.186611008039577	23.77528933651383	23.813941160879935	26.22415849456666	0.0
231.0	26.173155129525384	23.777011487906087	23.802687413550817	26.247145969017716	0.0
232.0	26.228924344366618	23.788330982007526	23.714616227737178	26.268128445888678	0.0
233.0	26.236654730582238	23.759065948476977	23.85265883873034	26.151620482210447	0.0
234.0	26.20249250426553	23.820146546440423	23.713853442516136	26.263507506777913	0.0
235.0	26.29939868472637	23.775420616996957	23.776248874949616	26.14893182332706	0.0
236.0	26.277311805988855	23.73842509511162	23.67741009259924	26.306853006300283	0.0
237.0	26.222443091619386	23.800057978216756	23.671401554368384	26.306097375795474	0.0
238.0	26.28815173727585	23.73959498074295	23.78238842644359	26.18986485553761	0.0
239.0	26.15881149521125	23.778102334878508	23.847400490884947	26.215685679025295	0.0
240.0	26.264536649474856	23.80145118005014	23.726628159961123	26.207384010513877	0.0
241.0	26.163798816045237	23.790643223184308	23.722720445308358	26.322837515462094	0.0
242.0	26.215077397158147	23.91994654266922	23.6921454171936	26.172830642979033	0.0
243.0	26.253324018258283	23.718924053604024	23.76918127669915	26.258570651438546	0.0
244.0	26.20829444220456	23.813521409911576	23.764090555116784	26.214093592767078	0.0
245.0	26.222110527783837	23.698491296579114	23.839612923537484	26.239785252099562	0.0
246.0	26.191363906265103	23.738348730270516	23.839429968101413	26.230857395362968	0.0
247.0	26.336067611235396	23.651503852846133	23.77109398735051	26.241334548567956	0.0
248.0	26.233787038469185	23.74163112888614	23.83029144662704	26.19429038601763	0.0
249.0	26.282398303024944	23.884426718518682	23.715115893673907	26.118059084782463	0.0
