# Position (bp)	A	C	G	T	N
0.0	26.249375957582334	23.708734298518937	23.639874445534726	26.402015298364006	0.0
1.0	26.24277688833801	23.76439601301451	23.69926606873361	26.29356102991387	0.0
2.0	26.281665088791346	23.789482743781736	23.739564506411913	26.189287661015005	0.0
3.0	26.324063502263428	23.743064839092792	23.721549345068365	26.211322313575415	0.0
4.0	26.320575562682517	23.647582602309825	23.767204631122382	26.26463720388528	0.0
5.0	26.23811367841315	23.747687276795318	23.795304275490153	26.218894769301375	0.0
6.0	26.264671799167022	23.600514014938557	23.789827552577535	26.344986633316886	0.0
7.0	26.209543259026404	23.925264739963975	23.62782666559585	26.237365335413777	0.0
8.0	26.32442401071528	23.785855028236597	23.67285127960971	26.216869681438414	0.0
9.0	26.180042102364958	23.669387450741954	23.830282728279137	26.32028771861395	0.0
10.0	26.15396528138255	23.792548660841035	23.693033046640416	26.360453011136	0.0
11.0	26.315714003022748	23.680987929071463	23.719991166913783	26.283306900992002	0.0
12.0	26.294204864506764	23.616460513523513	23.84130270814393	26.248031913825788	0.0
13.0	26.22824350639108	23.764443386513484	23.734617381104652	26.27269572599078	0.0
14.0	26.188093114494578	23.78251106286691	23.71138751150739	26.318008311131123	0.0
15.0	26.226809563823352	23.717123281778317	23.775628138541798	26.280439015856537	0.0
16.0	26.415516405736916	23.746375710160056	23.542469077028528	26.2956388070745	0.0
17.0	26.385690400328087	23.73002876488791	23.72113832096797	26.163142513816034	0.0
18.0	26.2956388070745	23.75497936556645	23.65087513514909	26.298506692209962	0.0
19.0	26.358445491541172	23.699629182451982	23.697908451370704	26.244016874636138	0.0
20.0	26.20816831044283	23.79312223786813	23.728021245293082	26.27068820639596	0.0
21.0	26.336362775998097	23.70077633650617	23.65804484798775	26.304816039507983	0.0
22.0	26.09632079015971	23.752685057458077	23.757273673674824	26.39372047870739	0.0
23.0	26.280725804370082	23.73203628448273	23.642845056769787	26.344392854377396	0.0
24.0	26.370490609110124	23.680127563530824	23.70335743312809	26.24602439423096	0.0
25.0	26.24717154828515	23.697048085830065	23.63854322906659	26.417237136818194	0.0
26.0	26.237994315851658	23.773907407460516	23.71368181961576	26.274416457072064	0.0
27.0	26.274990034099154	23.7793563892179	23.756126519620636	26.18952705706231	0.0
28.0	26.30596319356217	23.76071513583738	23.722572263535703	26.21074940706475	0.0
29.0	26.318008311131123	23.655750539879378	23.76071513583738	26.265526013152122	0.0
30.0	26.233405699634922	23.734043804077558	23.81749926151958	26.215051234767945	0.0
31.0	26.238567892878756	23.605849338522294	23.792548660841035	26.363034107757915	0.0
32.0	26.21640999168316	23.923829189251197	23.625283202844933	26.234477616220715	0.0
33.0	26.3288307665835	23.77441280220253	23.693251885629067	26.203504545584906	0.0
34.0	26.184002982591988	23.66858814419685	23.83205712810806	26.3153517451031	0.0
35.0	26.14693238425999	23.785529308184035	23.7112515092159	26.35628679834008	0.0
36.0	26.314989489261265	23.67568993750914	23.72272298396001	26.286597589269583	0.0
37.0	26.286884376138186	23.60657430217585	23.851777074831297	26.254764246854666	0.0
38.0	26.232681657972247	23.749680949608678	23.73906983547037	26.2785675569487	0.0
39.0	26.17589785798888	23.78294822636661	23.721862623354202	26.31929129229031	0.0
40.0	26.234689166052465	23.708096853661264	23.76774852233066	26.289465457955615	0.0
41.0	26.42110063064432	23.747960228397062	23.53315686381352	26.297782277145092	0.0
42.0	26.391274796309627	23.727024786989055	23.731326590018096	26.150373826683225	0.0
43.0	26.301223719568327	23.741937704156403	23.655901643575543	26.300936932699727	0.0
44.0	26.356573585208682	23.704368624369426	23.690029280939285	26.249028509482606	0.0
45.0	26.21289336403865	23.78581609505264	23.73247373749251	26.268816803416208	0.0
46.0	26.324453455925163	23.708383640529867	23.65819593852437	26.30896696502061	0.0
47.0	26.10678222265559	23.761439211221397	23.752262031426106	26.37951653469691	0.0
48.0	26.275126114525467	23.725877639514643	23.649018758729078	26.349977487230813	0.0
49.0	26.380376895302714	23.67769744558936	23.70465541123803	26.237270247869894	0.0
50.0	26.256198181197682	23.687448199121857	23.63840764459077	26.41794597508969	0.0
51.0	26.236409887264085	23.779506783943376	23.714406164770526	26.269677164022013	0.0
52.0	26.276846835737082	23.773197472834116	23.749394162740074	26.200561528688727	0.0
53.0	26.309253751889212	23.756277047586547	23.728171934463465	26.20629726606078	0.0
54.0	26.32244594784494	23.647871611254665	23.770329604148085	26.25935283675231	0.0
55.0	26.243579558979153	23.73276052436111	23.803310094037414	26.220349822622325	0.0
56.0	26.245873853927975	23.614030760759526	23.78868396373867	26.35141142157383	0.0
57.0	26.214538905395017	23.91480160141328	23.632604132013352	26.238055361178347	0.0
58.0	26.327532607573445	23.772842508574904	23.696844206348295	26.202780677503355	0.0
59.0	26.174102072889543	23.670746676149726	23.844252234063298	26.310899016897434	0.0
60.0	26.15165776198547	23.789407874548672	23.709681582366148	26.349252781099707	0.0
61.0	26.315412124705688	23.687885905366613	23.71254943460293	26.28415253532477	0.0
62.0	26.30566142710063	23.610740680197193	23.850779912415792	26.232817980286384	0.0
63.0	26.224501208799715	23.758435070391435	23.745816520549596	26.27124720025925	0.0
64.0	26.17947592868225	23.770480049785913	23.728896192352586	26.321147829179246	0.0
65.0	26.23224440983903	23.711975864155573	23.768472553220167	26.28730717278523	0.0
66.0	26.422096227913954	23.746963661444305	23.536463307264558	26.294476803377183	0.0
67.0	26.391410208980393	23.73176404458937	23.72488119922109	26.151944547209148	0.0
68.0	26.29648429994293	23.749831513681087	23.644007766143858	26.309676420232126	0.0
69.0	26.366746679744075	23.69763660297167	23.703945877892586	26.23167083939167	0.0
70.0	26.219912645220866	23.789981444996027	23.720005850418563	26.270100059364545	0.0
71.0	26.332332452902698	23.71885870952385	23.647449188827995	26.30135964874546	0.0
72.0	26.104624985302255	23.75728792949672	23.75298615114155	26.385100934059473	0.0
73.0	26.268092562798795	23.720005850418563	23.65748667165673	26.35441491512591	0.0
74.0	26.37334273988867	23.684444482682473	23.71111550848454	26.231097268944314	0.0
75.0	26.254900442509598	23.691900898498105	23.635690994657192	26.417507664335105	0.0
76.0	26.245149744904545	23.768759338443846	23.71140229370822	26.274688622943394	0.0
77.0	26.262643643548913	23.763883989641318	23.767325412325455	26.206146954484318	0.0
78.0	26.309102849784765	23.759582211286144	23.727175481010516	26.20413945791857	0.0
79.0	26.33376637902109	23.640279558236042	23.762163278299248	26.263790784443625	0.0
80.0	26.25031187893075	23.73721296383925	23.804320706179936	26.208154451050063	0.0
81.0	26.23711975864156	23.607872827960414	23.806328202745682	26.34867921065235	0.0
82.0	26.219837450601386	23.91380408036846	23.630174307559063	26.236184161471087	0.0
83.0	26.33283050468319	23.765536544936246	23.70445146747578	26.19718148290478	0.0
84.0	26.175959437214292	23.67118447693393	23.838092998445628	26.314763087406153	0.0
85.0	26.15122098108662	23.786116806951636	23.712700210785933	26.349962001175815	0.0
86.0	26.32128364329859	23.688323606590288	23.690904658799237	26.29948809131189	0.0
87.0	26.299201307733117	23.615480577582126	23.861827671747516	26.223490442937237	0.0
88.0	26.22062260714951	23.755717747601775	23.735642897087715	26.288016748161002	0.0
89.0	26.18162004043648	23.78324897116391	23.719869800255236	26.31526118814437	0.0
90.0	26.22750541304005	23.723024419621733	23.77665294885215	26.27281721848607	0.0
91.0	26.41104690345431	23.763747687807395	23.532026556159394	26.2931788525789	0.0
92.0	26.379500709789355	23.733348628457534	23.735929680666484	26.15122098108662	0.0
93.0	26.289737449633634	23.73908430003298	23.6550567114527	26.316121538880683	0.0
94.0	26.366595448744608	23.69606676321714	23.70868524068312	26.228652547355136	0.0
95.0	26.218901905676884	23.790131777054448	23.720443367412784	26.27052294985589	0.0
96.0	26.32787966561035	23.718149098782604	23.647600338404622	26.306370897202424	0.0
97.0	26.101033854801475	23.745967105923516	23.762026986334764	26.39097205294025	0.0
98.0	26.274900055636174	23.713915352716135	23.65713204127401	26.35405255037368	0.0
99.0	26.38330455929841	23.675486242952275	23.7185039031357	26.22270529461361	0.0
100.0	26.264289032790927	23.688965109809747	23.631608229565177	26.415137627834145	0.0
101.0	26.24450090910655	23.769264742152142	23.708466449092903	26.277767899648403	0.0
102.0	26.262281541982368	23.764389407331358	23.766396898139917	26.206932152546358	0.0
103.0	26.307306692974358	23.76094799451668	23.731122416789503	26.200622895719455	0.0
104.0	26.329102307467295	23.635623211182295	23.782743609009618	26.25253087234079	0.0
105.0	26.260847619976253	23.744027714844535	23.79909031987932	26.19603434529989	0.0
106.0	26.237331299075983	23.601209083035553	23.80597314550867	26.355486472379795	0.0
107.0	26.22377722651601	23.912014798032665	23.633547943044782	26.230660032406544	0.0
108.0	26.339351008761234	23.75141599392019	23.713273777943474	26.195959219375098	0.0
109.0	26.182767174751575	23.66566770386728	23.83745106755187	26.31411405382928	0.0
110.0	26.151432766650608	23.784901461444928	23.7097643792874	26.35390139261706	0.0
111.0	26.31317824121871	23.677644710578843	23.70202124486659	26.307155803335856	0.0
112.0	26.29797875513341	23.6088168490605	23.870936288342854	26.222268107463236	0.0
113.0	26.22893933093391	23.762887337071078	23.743386053714563	26.264787278280444	0.0
114.0	26.179038988227532	23.787550724845495	23.719869800255236	26.313540486671734	0.0
115.0	26.238116405454626	23.71671518088874	23.77952078463987	26.265647629016765	0.0
116.0	26.41534865713589	23.764894822122486	23.532886906895712	26.28686961384591	0.0
117.0	26.384089247049715	23.732201494142448	23.7316279269849	26.15208133182294	0.0
118.0	26.30608411362365	23.74137856866316	23.65362279355884	26.29891452415435	0.0
119.0	26.376346090422864	23.69893459900486	23.71786231520383	26.206856995368444	0.0
120.0	26.221482957885833	23.781528269691275	23.720443367412784	26.27654540501011	0.0
121.0	26.327592882031574	23.71642839730997	23.65018139061357	26.305797330044882	0.0
122.0	26.09386426533217	23.747687807396147	23.77063049369793	26.38781743357375	0.0
123.0	26.281209312463076	23.70416468307456	23.656558472471563	26.358067531990798	0.0
124.0	26.377855655675177	23.664588435705806	23.723666022357712	26.23388988626131	0.0
125.0	26.262281541982368	23.687531187803636	23.632181798367625	26.418005471846374	0.0
126.0	26.24249341829799	23.772132586164375	23.709040017895347	26.276333977642285	0.0
127.0	26.2814960968643	23.7486162652641	23.775287214577826	26.194600423293775	0.0
128.0	26.311895243393923	23.755212306492226	23.730835632388285	26.202056817725573	0.0
129.0	26.348030077948	23.622144344324823	23.779015411793722	26.25081016593345	0.0
130.0	26.257979775964024	23.738005242418854	23.798229966675652	26.20578501494147	0.0
131.0	26.24335377150166	23.587156647375636	23.81601059955147	26.353478981571232	0.0
132.0	26.224787994023398	23.910718024164524	23.641426699130754	26.223067282681328	0.0
133.0	26.34294350617879	23.755854003378328	23.704232663116265	26.196969827326615	0.0
134.0	26.175460935550753	23.659494168222476	23.835293510337173	26.329751385889594	0.0
135.0	26.14484989618345	23.784887522512705	23.722941736546865	26.34732084475698	0.0
136.0	26.320076170373852	23.673901322657244	23.71003636447065	26.29598614249825	0.0
137.0	26.287382561114107	23.62715519713673	23.86576118752366	26.21970105422551	0.0
138.0	26.221210183228134	23.75685062132375	23.755129900112134	26.266809295335985	0.0
139.0	26.18708254586439	23.77979357081198	23.730466229412286	26.302657653911343	0.0
140.0	26.230674149892025	23.707523279924057	23.78495573444683	26.276846835737082	0.0
141.0	26.41027847084803	23.76322808225071	23.538673320141097	26.28782012676016	0.0
142.0	26.39486763276157	23.72429299461698	23.72601372569826	26.15482564692319	0.0
143.0	26.30624998207572	23.723432629076342	23.668082445961875	26.302234942886066	0.0
144.0	26.37163776316431	23.70077633650617	23.71224787704803	26.215338023281493	0.0
145.0	26.232545334094283	23.77419419597406	23.729455187860815	26.26380528207084	0.0
146.0	26.345540008431584	23.70708568380419	23.659765579069028	26.2876087286952	0.0
147.0	26.09345290502425	23.748670018268427	23.783658216921097	26.37421885978623	0.0
148.0	26.263457666783296	23.710731144926957	23.667712497777373	26.35809869051238	0.0
149.0	26.377313686239194	23.659969141290443	23.731093304577758	26.2316238678926	0.0
150.0	26.265178412669275	23.6748822723023	23.65308615774651	26.406853157281912	0.0
151.0	26.25313319146739	23.765795013278424	23.706429280211996	26.274642515042185	0.0
152.0	26.260589756973324	23.75059509128557	23.776693070556316	26.21212208118479	0.0
153.0	26.30819705981886	23.751168673247562	23.73482158733072	26.205812679602854	0.0
154.0	26.341751604595537	23.631003252209727	23.765221431316427	26.262023711878307	0.0
155.0	26.26948027738424	23.728225394767787	23.793613738435155	26.208680589412825	0.0
156.0	26.257721847163353	23.58798460506014	23.817704180838923	26.33658936693759	0.0
157.0	26.225102886559505	23.902662861895408	23.648278532199548	26.223955719345543	0.0
158.0	26.35387240632663	23.750663206045573	23.705350101094112	26.19011428653369	0.0
159.0	26.193555788175576	23.644550238754174	23.834406412664727	26.327487560405523	0.0
160.0	26.14229502931021	23.77969737642106	23.726640740613277	26.35136685365546	0.0
161.0	26.33674042973007	23.67042938591963	23.700829404274355	26.29200078007594	0.0
162.0	26.283397001296304	23.620527468997718	23.887244611166558	26.208830918539423	0.0
163.0	26.214717134810517	23.748573198501788	23.76520726621965	26.27150240046805	0.0
164.0	26.18173579364579	23.787577219357466	23.733946690680906	26.29674029631584	0.0
165.0	26.245977710349255	23.698097406806202	23.78470927664749	26.271215606197053	0.0
166.0	26.422431965033944	23.743192201467817	23.554767825032048	26.279608008466194	0.0
167.0	26.40042445795572	23.73178845933234	23.733222438912467	26.134564643799475	0.0
168.0	26.299260924804763	23.722105432217024	23.6736367834025	26.304996859575713	0.0
169.0	26.378703621382414	23.706044814858366	23.70690520507401	26.20834635868521	0.0
170.0	26.23014291081482	23.77172126798574	23.73615847240585	26.261977348793593	0.0
171.0	26.344861606233817	23.71005996919803	23.659010149736577	26.28606827483158	0.0
172.0	26.092480476312023	23.74533596803937	23.782619544050547	26.37956401159806	0.0
173.0	26.2697962016531	23.70295803004491	23.66796872759394	26.359277040708047	0.0
174.0	26.382507643155	23.663379966616763	23.73852092761803	26.2155914626102	0.0
175.0	26.28012091385175	23.660225193444955	23.65162126661275	26.40803262609055	0.0
176.0	26.256603513843718	23.76175153006499	23.71385633736571	26.267788618725586	0.0
177.0	26.265494238236997	23.758023161771032	23.78068016909584	26.195802430896126	0.0
178.0	26.308227074836953	23.76175153006499	23.727622620297236	26.202398774800816	0.0
179.0	26.343503174849005	23.62494909343291	23.763759112992503	26.267788618725586	0.0
180.0	26.27295097482491	23.72389425200328	23.810793913008563	26.192360860163244	0.0
181.0	26.246278801645072	23.590246588543014	23.820545030085064	26.342929579726853	0.0
182.0	26.22054222102404	23.904358475035632	23.642511550804898	26.232587753135423	0.0
183.0	26.345586316275522	23.755223315561395	23.706180791965057	26.19300957619803	0.0
184.0	26.200179535788138	23.636201986365606	23.82491532277724	26.338703155069016	0.0
185.0	26.1328568642522	23.789133751677774	23.72431713109018	26.353692252979844	0.0
186.0	26.32988791887024	23.67097247874818	23.69879200174374	26.300347600637842	0.0
187.0	26.284000045887872	23.617627826406178	23.875173513519716	26.223198614186238	0.0
188.0	26.22090422053712	23.75357065011644	23.763608622331333	26.26191650701511	0.0
189.0	26.17788433961615	23.787986554853216	23.738943890603313	26.295185214927326	0.0
190.0	26.25790131812915	23.69735800571304	23.760740630269936	26.284000045887872	0.0
191.0	26.421452642145265	23.732415573241557	23.558614755861477	26.2875170287517	0.0
192.0	26.395716342486104	23.731049633755312	23.741661265250634	26.13157275850795	0.0
193.0	26.310038345383784	23.714769999397717	23.668308128246238	26.306883526972264	0.0
194.0	26.379444350437232	23.703297932446734	23.71018117261732	26.207076544498715	0.0
195.0	26.22772626501048	23.7747115492166	23.740295348363652	26.257266837409265	0.0
196.0	26.333556082633297	23.71821161948301	23.6585568713379	26.289675426545788	0.0
197.0	26.09579749507418	23.740868951711203	23.783315599429837	26.38001795378478	0.0
198.0	26.27368988619677	23.69189381424376	23.668662812041116	26.365753487518358	0.0
199.0	26.382101229809102	23.660919144640236	23.737208608663728	26.219771016886934	0.0
200.0	26.29233204845815	23.663213564610867	23.625929240088105	26.41852514684288	0.0
201.0	26.25376430435655	23.759428686150226	23.713826827659393	26.272980181833827	0.0
202.0	26.2689649238535	23.754839819887	23.77434250150572	26.20185275475378	0.0
203.0	26.305675853959332	23.766885593827975	23.725585797458915	26.20185275475378	0.0
204.0	26.343398304404193	23.626487088003486	23.77361845652598	26.256496151066344	0.0
205.0	26.26926628922809	23.724997562136828	23.810466176799576	26.19526997183551	0.0
206.0	26.23413945804557	23.60553426794851	23.821214693802627	26.33911158020329	0.0
207.0	26.226047650870044	23.90316095003456	23.63527896724899	26.23551243184641	0.0
208.0	26.34622168811539	23.747422281241665	23.71902793831257	26.187328092330368	0.0
209.0	26.199811276921004	23.6379958641538	23.826432129960793	26.335760728964402	0.0
210.0	26.145118082683695	23.774573072444312	23.73671318843323	26.34359565643876	0.0
211.0	26.341874752620075	23.666729766473352	23.68824106420692	26.303154416699652	0.0
212.0	26.288964354141093	23.615238117090968	23.878824730677007	26.216972798090932	0.0
213.0	26.239631495015086	23.74057799754483	23.75750031550084	26.262290191939243	0.0
214.0	26.192019549579527	23.781306288218627	23.737709808060757	26.288964354141093	0.0
215.0	26.253111985590216	23.693826508954487	23.772701719766413	26.280359785688884	0.0
216.0	26.42613960665536	23.734049235481898	23.55880235536396	26.281008802498775	0.0
217.0	26.396959701706585	23.7366986949663	23.741287824465797	26.125053778861325	0.0
218.0	26.315155443758297	23.72801142703078	23.666631291822387	26.290201837388533	0.0
219.0	26.366496771806442	23.709654751080606	23.719980381302577	26.203868095810375	0.0
220.0	26.2362791017849	23.75927514075842	23.742926226240293	26.261519531216386	0.0
221.0	26.351446313585452	23.718969152002753	23.655294067030937	26.27429046738086	0.0
222.0	26.102632205436503	23.752090247043537	23.78019922958442	26.365078317935538	0.0
223.0	26.278532133248433	23.695079766637413	23.664962913246253	26.361425186867905	0.0
224.0	26.378347990201984	23.65893954256802	23.73580922550926	26.226903241720734	0.0
225.0	26.30564479118862	23.66595915557595	23.62379531895365	26.40460073428178	0.0
226.0	26.262046810463513	23.7557365764112	23.711278109224416	26.27093850390087	0.0
227.0	26.278682882055985	23.762333639284076	23.763767783386875	26.19521569527306	0.0
228.0	26.30535796236806	23.75544974759064	23.730495640201926	26.208696649839375	0.0
229.0	26.352971546581	23.62064020192749	23.770938503900872	26.255449747590635	0.0
230.0	26.25602340523176	23.730495640201926	23.814823313446535	26.198657641119784	0.0
231.0	26.239749425623636	23.60034304825335	23.82407017000393	26.33583735611908	0.0
232.0	26.226780940579857	23.896270035222983	23.64385777716587	26.233091247031286	0.0
233.0	26.344397530920855	23.745381950021798	23.719566763808256	26.190653755249087	0.0
234.0	26.191227426053832	23.635810826315424	23.844340163840382	26.32862158379036	0.0
235.0	26.14326404286505	23.77971998887069	23.730670712992897	26.346345255271363	0.0
236.0	26.333588620502713	23.6613916879645	23.70327025732373	26.301749434209054	0.0
237.0	26.266045177482965	23.61620652563643	23.888992470419502	26.228755826461096	0.0
238.0	26.23219792040158	23.738114019361777	23.76077447113661	26.268913589100034	0.0
239.0	26.183585133510984	23.773818709608946	23.745708114496175	26.29688804238389	0.0
240.0	26.24960199190502	23.692310340178594	23.78008726058558	26.278000407330808	0.0
241.0	26.435548415783362	23.727247952495016	23.568037407306473	26.26916622441515	0.0
242.0	26.40001377062725	23.72822519565766	23.744004039383995	26.12775699433109	0.0
243.0	26.31076122413264	23.7037270805062	23.6690125287973	26.31649916656386	0.0
244.0	26.38023784590225	23.67843463541293	23.72893026725387	26.212397251430946	0.0
245.0	26.233050045046852	23.76121150215479	23.73997922680087	26.26575922599749	0.0
246.0	26.35352854253045	23.71576546203176	23.63829390413612	26.292412091301664	0.0
247.0	26.096924794187608	23.73392023460747	23.791596484331283	26.37755848687363	0.0
248.0	26.29330012138813	23.67326792340208	23.66265004921528	26.370781905994505	0.0
249.0	26.37135584513974	23.6594933839165	23.73869698595858	26.23045378498518	0.0
