# Position (bp)	A	C	G	T	N
0.0	26.292810113394815	23.769222367540348	23.726093690050437	26.211873829014397	0.0
1.0	26.209633378235704	23.65467932147948	23.905889865040848	26.229797435243974	0.0
2.0	26.132530019289618	23.799578372113206	23.757583562671652	26.310308045925524	0.0
3.0	26.329535593315228	23.731209584861293	23.695378327688044	26.24387649413543	0.0
4.0	26.150728337420087	23.808404151691242	23.755780233560625	26.28508727732805	0.0
5.0	26.194861173309448	23.79450291088222	23.822492163009404	26.188143752798926	0.0
6.0	26.301176628639876	23.789505502502156	23.7878262037773	26.121491665080665	0.0
7.0	26.234096264826228	23.744353579284983	23.77541938842337	26.24613076746542	0.0
8.0	26.150362977930268	23.728177945942317	23.847118285468007	26.274340790659405	0.0
9.0	26.2272097611485	23.681139546923756	23.812388934753102	26.279261757174638	0.0
10.0	26.205061187025496	23.86951618454891	23.668591033365328	26.256831595060266	0.0
11.0	26.159167419902786	23.886866267241643	23.69041855675296	26.26354775610261	0.0
12.0	26.30132616196582	23.764856008305653	23.72176064161725	26.212057188111277	0.0
13.0	26.133701975950547	23.85748306268137	23.724279202008134	26.28453575935995	0.0
14.0	26.24948229736839	23.74324188186306	23.72141441955741	26.285861401211147	0.0
15.0	26.252840368492336	23.781020182007456	23.69315065426419	26.272988795236017	0.0
16.0	26.2718694381947	23.734287025532534	23.788296002776004	26.20554753349676	0.0
17.0	26.305729988694495	23.714418438049183	23.740723328520097	26.239128244736225	0.0
18.0	26.24164679807918	23.701545832074057	23.72785072254497	26.328956647301787	0.0
19.0	26.221218532075174	23.835308998511255	23.77262500419759	26.170847465215978	0.0
20.0	26.16245228740611	23.817119446589878	23.667125603053606	26.3533026629504	0.0
21.0	26.299853364227587	23.71777650917313	23.782979056829756	26.199391069769522	0.0
22.0	26.18316039267045	23.82327591031711	23.832790445168296	26.160773251844137	0.0
23.0	26.328956647301787	23.79445246650324	23.652294122256176	26.224296763938792	0.0
24.0	26.322520344314228	23.72281361585905	23.743521721123386	26.21114431870334	0.0
25.0	26.295096096801995	23.764509665648053	23.712179723966553	26.2282145135834	0.0
26.0	26.21254351500498	23.638302159239732	23.91758174104794	26.231572584707347	0.0
27.0	26.132789325811256	23.800888769490804	23.777941950143838	26.288379954554102	0.0
28.0	26.31832275540929	23.7300894366276	23.702105510594716	26.24948229736839	0.0
29.0	26.155176466637563	23.807045233218037	23.761711273044764	26.276067027099636	0.0
30.0	26.184559588972096	23.79417262724291	23.83698803407323	26.184279749711763	0.0
31.0	26.29369690050035	23.795851662804886	23.778221789404167	26.132229647290593	0.0
32.0	26.229893549145373	23.74240236408207	23.776542753842193	26.251161332930366	0.0
33.0	26.148107312459253	23.743455277613762	23.84475680637136	26.263680603555628	0.0
34.0	26.22226450892545	23.691125482371575	23.815933443216576	26.2706765654864	0.0
35.0	26.209112100495595	23.872460815617224	23.664260988557402	26.25416609532978	0.0
36.0	26.146428281595863	23.887012416433233	23.696722251916196	26.269837050054708	0.0
37.0	26.304816859708573	23.75716736299808	23.73394076938791	26.204075007905438	0.0
38.0	26.13747345032447	23.85539066850614	23.72190771486698	26.28522816630241	0.0
39.0	26.2543724639709	23.723240520498113	23.730516300545684	26.29187071498531	0.0
40.0	26.25857002938296	23.783405624737654	23.691059185672312	26.26696516020708	0.0
41.0	26.287673149573248	23.733874352875333	23.79627815866797	26.182174338883446	0.0
42.0	26.307261788162865	23.711767175038478	23.760458933818384	26.22051210298027	0.0
43.0	26.23814187771093	23.697495452637472	23.73975094445222	26.324611725199382	0.0
44.0	26.22834755841612	23.837414299706168	23.77277179236043	26.161466349517283	0.0
45.0	26.166223590317617	23.809150692598294	23.666713306282354	26.357912410801738	0.0
46.0	26.29690779347978	23.714285714285715	23.78844270323213	26.200363789002378	0.0
47.0	26.18077515041276	23.82985868196446	23.834056247376523	26.155309920246257	0.0
48.0	26.337484259129706	23.783965300125928	23.66419476703512	26.21435567370925	0.0
49.0	26.318455295928363	23.730516300545684	23.744508185252553	26.2065202182734	0.0
50.0	26.299146495032883	23.762697635371484	23.71624457814468	26.22191129145096	0.0
51.0	26.21407583601511	23.648523856163425	23.919686581782564	26.217713726038898	0.0
52.0	26.136840632433188	23.779767734713868	23.782845949349376	26.300545683503568	0.0
53.0	26.32796977752903	23.729396949769132	23.693577724919546	26.249055547782284	0.0
54.0	26.15922764796418	23.79767734713866	23.76437666153631	26.27871834336085	0.0
55.0	26.18693157968378	23.792920106338325	23.833216734294112	26.18693157968378	0.0
56.0	26.294669091926682	23.7912410801735	23.773331467748708	26.14075836015111	0.0
57.0	26.233944312298867	23.735273541346018	23.77948789701973	26.251294249335384	0.0
58.0	26.14740129452555	23.747799782286883	23.853298297752072	26.251500625435497	0.0
59.0	26.234430573861555	23.68679533567837	23.821956563714668	26.25681752674541	0.0
60.0	26.212043620977692	23.874845739902785	23.662729361328218	26.250381277791302	0.0
61.0	26.15831493405643	23.882961010323182	23.703025876519167	26.255698179101223	0.0
62.0	26.31390425659925	23.766828692238164	23.72625234013617	26.193014711026414	0.0
63.0	26.135648144261523	23.846302374975863	23.72569266631407	26.292356814448542	0.0
64.0	26.24079339139	23.72646578163827	23.736260046116993	26.29648078085473	0.0
65.0	26.252826344892433	23.784671696254673	23.705757908168977	26.25674405068392	0.0
66.0	26.290604222167495	23.731502831941615	23.79082809106987	26.187064854821017	0.0
67.0	26.307954062101235	23.710235286216392	23.75360988605073	26.228200765631648	0.0
68.0	26.241073227517965	23.69400479079451	23.739618079652555	26.325303902034968	0.0
69.0	26.222044370816448	23.828326132216972	23.77627661241577	26.173352884550805	0.0
70.0	26.15992075040856	23.813214981306945	23.674696097965032	26.352168170319462	0.0
71.0	26.291723566679355	23.720029550695113	23.798383666524884	26.18986321610065	0.0
72.0	26.185106001925273	23.810696456155274	23.84175826635922	26.162439275560235	0.0
73.0	26.328941771698496	23.797264322013028	23.667980030893908	26.20581387539457	0.0
74.0	26.31914750721977	23.72842463453402	23.741856768676264	26.210571089569946	0.0
75.0	26.300118650518257	23.75472923056258	23.7270254538942	26.21812666502496	0.0
76.0	26.20973158118606	23.655107569007587	23.91507533188565	26.220085517920705	0.0
77.0	26.135295171147778	23.785791040766526	23.782153171103	26.296760616982695	0.0
78.0	26.3281022633146	23.719190042311222	23.705478072041014	26.247229622333162	0.0
79.0	26.1504063220578	23.81685285097047	23.772638742752246	26.260102084219483	0.0
80.0	26.192941413508247	23.789708746558016	23.842317938615146	26.17503190131859	0.0
81.0	26.29536143634288	23.793626452349503	23.778235465311514	26.132776645996103	0.0
82.0	26.219805681792742	23.751091360899057	23.78187333497504	26.247229622333162	0.0
83.0	26.15089281466785	23.757181274538063	23.846448749555762	26.245477161238327	0.0
84.0	26.238761112961136	23.68302490814405	23.82825945213836	26.249954526756458	0.0
85.0	26.209658237093294	23.87191376594012	23.664275940036884	26.2541520569297	0.0
86.0	26.159847545704107	23.89821828835913	23.701494040906333	26.240440125030435	0.0
87.0	26.321032704356757	23.761098969366426	23.72444053918674	26.19342778709008	0.0
88.0	26.130744669836268	23.847008420245526	23.725559880566273	26.29668702935193	0.0
89.0	26.226374967119437	23.73752637440745	23.744802073014434	26.291296585458678	0.0
90.0	26.24176586801883	23.79461262501609	23.70702440717048	26.256597099794604	0.0
91.0	26.28542005966073	23.739765050901905	23.788456264656336	26.186358624781032	0.0
92.0	26.315642192335893	23.701987385057954	23.753756778992262	26.228613643613897	0.0
93.0	26.248761732064	23.688555326091215	23.74816008775612	26.31452285408866	0.0
94.0	26.22329678693956	23.815320382589814	23.776983047622245	26.184399782848377	0.0
95.0	26.165091198083694	23.811682533286323	23.68547714591134	26.33774912271865	0.0
96.0	26.287099067031573	23.71681861683373	23.800768985375846	26.195313330758857	0.0
97.0	26.187477963028254	23.81811872820788	23.844703011579554	26.149700297184303	0.0
98.0	26.323757394628295	23.80496650380295	23.669806410450143	26.20146969111861	0.0
99.0	26.316201861459504	23.728851502991432	23.73864571265468	26.216300922894387	0.0
100.0	26.291296585458678	23.76131231216105	23.743962569329014	26.20342853305126	0.0
101.0	26.200070518309577	23.659732366225086	23.914101982907702	26.22609513255763	0.0
102.0	26.132630388914073	23.78202006973477	23.78481841535284	26.30053112599831	0.0
103.0	26.315082523212276	23.724653984564327	23.716538782271922	26.243724709951476	0.0
104.0	26.15277847736418	23.813081706095357	23.768588010768035	26.265551805772425	0.0
105.0	26.196152834444277	23.78817643009453	23.84134499683787	26.174325738623327	0.0
106.0	26.293255427391326	23.787616760970913	23.779781393240317	26.13934641839744	0.0
107.0	26.219938772197874	23.749279426003348	23.782859573420197	26.247922228378584	0.0
108.0	26.14878762015363	23.744455793258805	23.856948972310448	26.24980761427712	0.0
109.0	26.248408445383443	23.676456185026098	23.83176393222426	26.243371437366203	0.0
110.0	26.21119055281163	23.877936505715606	23.661624994753115	26.24924794671965	0.0
111.0	26.163059142869137	23.8905290257587	23.699682388661138	26.246729442711032	0.0
112.0	26.33795525457878	23.75201130528466	23.734661611003062	26.175371829133493	0.0
113.0	26.128639588084678	23.834002602454145	23.74109778791398	26.2962600215472	0.0
114.0	26.24749549468877	23.725640537727084	23.739352354514825	26.28751161306932	0.0
115.0	26.256170317554485	23.78160713686072	23.716126215874368	26.24609632971043	0.0
116.0	26.285832615095313	23.73235652962312	23.792240790696113	26.189570064585453	0.0
117.0	26.309618419727105	23.69401940921658	23.75754149923326	26.238820671823053	0.0
118.0	26.25533081856748	23.68310592238552	23.75110534033289	26.310457918714114	0.0
119.0	26.217273531156604	23.82498125118929	23.770693650029664	26.187051567624444	0.0
120.0	26.176977579780385	23.799516448583486	23.677509262472157	26.34599670916397	0.0
121.0	26.283593951129962	23.708290891995656	23.80511310849685	26.203002048377527	0.0
122.0	26.182014573702418	23.823022420219615	23.8389729009727	26.155990105105275	0.0
123.0	26.32864706343254	23.79531895364846	23.67191260255879	26.204121380360203	0.0
124.0	26.327527731449873	23.72032371080939	23.731517030636116	26.220631527104626	0.0
125.0	26.284993116108307	23.76677598809031	23.74942634235888	26.198804553442507	0.0
126.0	26.198524720446837	23.65344362484469	23.921523634694815	26.226508020013657	0.0
127.0	26.129126137521126	23.783006301839063	23.785524798800076	26.302342761839736	0.0
128.0	26.329766395415216	23.71752538085271	23.706052228030313	26.24665599570177	0.0
129.0	26.16270609700131	23.81098960140588	23.768454986064317	26.257849315528492	0.0
130.0	26.18145490771108	23.787203796774083	23.839532566964035	26.191808728550804	0.0
131.0	26.293108272982685	23.78468529981307	23.781327303865055	26.14087912333919	0.0
132.0	26.212236537234578	23.744109515441185	23.78524496580441	26.258408981519825	0.0
133.0	26.14710861748122	23.740258286577774	23.85918764254033	26.25344545340068	0.0
134.0	26.23945376446391	23.682612528158273	23.834562270011613	26.243371437366203	0.0
135.0	26.201676204334625	23.875977669264454	23.67113934323012	26.251206783170794	0.0
136.0	26.15501715385864	23.896192570952053	23.707584076294093	26.241206198895213	0.0
137.0	26.322358221819258	23.755155951801296	23.73081034492408	26.191675481455363	0.0
138.0	26.14326410226274	23.841065162276063	23.72801199930601	26.287658736155183	0.0
139.0	26.249954526756458	23.71968333832373	23.744029013328557	26.286333121591255	0.0
140.0	26.250027983612796	23.772638742752246	23.72534643712642	26.25198683650854	0.0
141.0	26.278011596409144	23.72534643712642	23.803980389084153	26.19266157738029	0.0
142.0	26.30711455371734	23.682251673420048	23.76648234793705	26.244151424925565	0.0
143.0	26.253945689404283	23.68085249278023	23.751371197027023	26.313830620788465	0.0
144.0	26.21316296862189	23.8325903663345	23.765149670771873	26.189096994271736	0.0
145.0	26.170627758142555	23.79928977391976	23.68679533567837	26.34328713225932	0.0
146.0	26.279764153451367	23.7212152757373	23.808244555073305	26.190776015738027	0.0
147.0	26.17706400709666	23.810763087272736	23.852738623929973	26.159434281700626	0.0
148.0	26.33440604449419	23.78704351476144	23.676507625577166	26.202042815167204	0.0
149.0	26.33804393451798	23.721001818945012	23.721841332027424	26.219112914509584	0.0
150.0	26.28459493493774	23.759619420735973	23.74618721141738	26.209598432908916	0.0
151.0	26.20344200363789	23.649643206939974	23.914369665593956	26.232545123828178	0.0
152.0	26.125647124667694	23.789282216314536	23.785084650902476	26.299986008115294	0.0
153.0	26.313698055128025	23.71708409122709	23.7179236043095	26.251294249335384	0.0
154.0	26.144955925563174	23.823982090387574	23.769973415419056	26.261088568630193	0.0
155.0	26.182734014271723	23.780887085490416	23.848607807471666	26.187771092766194	0.0
156.0	26.28739331187911	23.775290331607668	23.79431929480901	26.14299706170421	0.0
157.0	26.212116972156153	23.75122428991185	23.791520917867636	26.24513782006436	0.0
158.0	26.14530892768694	23.74037705436422	23.8677035615043	26.246610456444543	0.0
159.0	26.245211264058387	23.681890812622957	23.84139874464459	26.231499178674067	0.0
160.0	26.215548385471905	23.863226145868605	23.682730328054646	26.238495140604844	0.0
161.0	26.152937752554934	23.89043733279604	23.71525795583017	26.24136695881886	0.0
162.0	26.32839696878113	23.751357220412594	23.737085418135823	26.18316039267045	0.0
163.0	26.140904664360793	23.82691382070139	23.733167668491216	26.299013846446602	0.0
164.0	26.252074314321934	23.720641281443527	23.751703526264386	26.27558087797015	0.0
165.0	26.25858411735405	23.763523307942442	23.727983522972135	26.249909051731375	0.0
166.0	26.273975362813633	23.711752755032936	23.817252746637713	26.19701913551572	0.0
167.0	26.307836102824712	23.681809786593387	23.771079010258962	26.239275100322935	0.0
168.0	26.249069529251763	23.679291219154543	23.754848242319767	26.316791009273928	0.0
169.0	26.229274230785375	23.822356546194854	23.764989016216823	26.183380206802948	0.0
170.0	26.168828443101205	23.808924148931705	23.68131637493179	26.340931033035304	0.0
171.0	26.287761127202003	23.713778001651065	23.80528620800627	26.19317466314066	0.0
172.0	26.173865592074886	23.812841931466792	23.853418964865885	26.15987351159244	0.0
173.0	26.33960553416316	23.777088743619593	23.67298737351124	26.210318348706007	0.0
174.0	26.336807110235515	23.71328467806931	23.72643727052924	26.22347094116593	0.0
175.0	26.28755484910898	23.75526103698397	23.74882466195039	26.20835945195666	0.0
176.0	26.214515984597476	23.649760454911796	23.903857347541866	26.23186621294887	0.0
177.0	26.142316647264263	23.779887167547237	23.782405749082116	26.295390436106388	0.0
178.0	26.322814990597294	23.721959792245006	23.718041998746305	26.237183218411392	0.0
179.0	26.15407002776037	23.826900689531655	23.764495835945194	26.254533446762785	0.0
180.0	26.194927017103968	23.76393615115967	23.851806662487686	26.18933016924868	0.0
181.0	26.28643547953792	23.77429031969195	23.79919629264798	26.140077908122144	0.0
182.0	26.21059819109877	23.747145607593804	23.80115518939733	26.24110101191009	0.0
183.0	26.14770682509522	23.73098115815897	23.863626823528094	26.25768519321772	0.0
184.0	26.24257366171997	23.66689707088148	23.83676187864321	26.25376738875534	0.0
185.0	26.223544325759846	23.857750116834524	23.667456757233246	26.251248800172384	0.0
186.0	26.144142026406076	23.88971909263395	23.710898802827543	26.255240078132434	0.0
187.0	26.321842940376445	23.759031963776998	23.72964834808111	26.189476747765443	0.0
188.0	26.147500153914176	23.828992953529113	23.725730532654993	26.29777635990172	0.0
189.0	26.246078675550805	23.715722517147487	23.752102333625306	26.286096473676405	0.0
190.0	26.25846532713942	23.756646331225166	23.73006100632451	26.25482733531091	0.0
191.0	26.27497621313035	23.72866177869816	23.806178989197964	26.190183018973528	0.0
192.0	26.324229025577882	23.67157329154307	23.768959534337046	26.235238148542006	0.0
193.0	26.249230424805507	23.67856942967482	23.75216880282084	26.32003134269883	0.0
194.0	26.23587125950428	23.834789933368594	23.763988817341517	26.165349989785607	0.0
195.0	26.17822291997235	23.80456653206059	23.678355846968845	26.33885470099821	0.0
196.0	26.29044128964373	23.71277694290296	23.818279001172556	26.178502766280758	0.0
197.0	26.174305071654647	23.817439462247332	23.85689779173278	26.15135767436524	0.0
198.0	26.34032764497479	23.77972675729981	23.67506394506042	26.204881652664984	0.0
199.0	26.332771773502955	23.71564177333505	23.730753516278703	26.220832936883287	0.0
200.0	26.285477615031144	23.754260671968837	23.7495032714125	26.21075844158752	0.0
201.0	26.228108961263562	23.6465195417224	23.89894161829976	26.22642987871427	0.0
202.0	26.148072693080497	23.770771650370236	23.781405839849107	26.299749816700157	0.0
203.0	26.324376360756485	23.714802232060403	23.70920529022942	26.251616116953695	0.0
204.0	26.14835254017205	23.82030458557444	23.7671336381801	26.26420923607341	0.0
205.0	26.197325781193154	23.764335167264605	23.842972199989926	26.19536685155231	0.0
206.0	26.28506503682808	23.774822575950928	23.80056865247274	26.13954373474825	0.0
207.0	26.219860299550003	23.73760270445743	23.791053798105985	26.251483197886582	0.0
208.0	26.147452670463288	23.72955350021688	23.86416108133824	26.258832747981586	0.0
209.0	26.24931786698756	23.676382106426743	23.83309779338716	26.24120223319854	0.0
210.0	26.21854806887732	23.854913231709535	23.67692699485911	26.24961170455404	0.0
211.0	26.147818543083424	23.887722833235383	23.710575658355022	26.25388296532617	0.0
212.0	26.328883664959562	23.753952928665377	23.73212436683178	26.185039039543277	0.0
213.0	26.148378249797105	23.81132286681779	23.741919234321216	26.29837964906389	0.0
214.0	26.262911770385276	23.71176142994271	23.74422451018529	26.281102289486718	0.0
215.0	26.262985268436843	23.75352617203242	23.728059374020507	26.25542918551023	0.0
216.0	26.279496708906102	23.708189674472756	23.812855415752473	26.19945820086867	0.0
217.0	26.330430304929926	23.677405632919896	23.774515291273005	26.217648770877176	0.0
218.0	26.241156584426633	23.701473156315767	23.75184704249317	26.30552321676443	0.0
219.0	26.230595504957645	23.827194698413496	23.767025721537973	26.175184075090886	0.0
220.0	26.17966176639325	23.798929272067323	23.687546700921004	26.333862260618425	0.0
221.0	26.293710207794025	23.713706009934935	23.80829776813825	26.18428601413279	0.0
222.0	26.166095291401387	23.80773805359267	23.867627509969918	26.15853914503603	0.0
223.0	26.350462607955848	23.770436748926738	23.679482371642386	26.19961827147503	0.0
224.0	26.336749486457595	23.713345385954405	23.745249382909535	26.20465574467847	0.0
225.0	26.29141222762662	23.745249382909535	23.7424507866854	26.220887602778447	0.0
226.0	26.23082950856375	23.641553789320497	23.899865666629353	26.227751035486396	0.0
227.0	26.15050934736371	23.7711295197582	23.77980521661256	26.29855591626553	0.0
228.0	26.325142729206313	23.70424269562297	23.71963506100974	26.250979514160978	0.0
229.0	26.152748236874512	23.8133885592746	23.77252882570245	26.261334378148437	0.0
230.0	26.21123922534423	23.75573715437143	23.843613567670435	26.189410052613905	0.0
231.0	26.28568230157842	23.768610769058547	23.80359341766484	26.142113511698195	0.0
232.0	26.238385760662712	23.734467704018808	23.792398970110824	26.234747565207655	0.0
233.0	26.1673742510194	23.726138268605922	23.850676846179464	26.255810634195214	0.0
234.0	26.249933532781633	23.67884159532519	23.828847612357585	26.242377259535598	0.0
235.0	26.227824436987678	23.84172126307305	23.6922749699848	26.238179329954463	0.0
236.0	26.157092561807687	23.88712575353047	23.70465523707174	26.2511264475901	0.0
237.0	26.32095959878651	23.74928634597947	23.74928634597947	26.18046770925455	0.0
238.0	26.141846432849352	23.804699481691276	23.74396892386571	26.30948516159366	0.0
239.0	26.263940780543777	23.71856765039251	23.7415165890041	26.275974980059612	0.0
240.0	26.263217110455585	23.7518961550733	23.72278912516583	26.262097609305297	0.0
241.0	26.284191700229787	23.712029824762727	23.797395371228173	26.206383103779313	0.0
242.0	26.328325958020898	23.679091339116027	23.763340638671266	26.22924206419181	0.0
243.0	26.25154299821698	23.703531611519935	23.74075950500897	26.304165885254115	0.0
244.0	26.234817587105553	23.8162686604766	23.767561772370875	26.181351980046973	0.0
245.0	26.17397998460354	23.79536706557492	23.699629085310377	26.33102386451116	0.0
246.0	26.296531664067775	23.711167039470553	23.807190869057653	26.185110427404023	0.0
247.0	26.190236199307865	23.80108412010438	23.857922028469353	26.1507576521184	0.0
248.0	26.348987611581197	23.762628596716777	23.69260588134791	26.195777910354117	0.0
249.0	26.32910116041644	23.7166936954348	23.758987415517595	26.19521772863117	0.0
