# Position (bp)	A	C	G	T	N
0.0	26.340739794585367	23.700482474729586	23.725448074455546	26.233329656229497	0.0
1.0	26.25248930253081	23.679290744729645	23.673484791305004	26.394735161434536	0.0
2.0	26.254996618120487	23.717861258755875	23.733536923447602	26.293605199676033	0.0
3.0	26.35807880543638	23.67007843387693	23.70084820054921	26.270994560137478	0.0
4.0	26.143633387128613	23.74780851977847	23.71297704605882	26.3955810470341	0.0
5.0	26.2314781220521	23.66156302155141	23.67868804876279	26.428270807633698	0.0
6.0	26.23870572630198	23.714999724264437	23.706582533458334	26.33971201597525	0.0
7.0	26.228076031148507	23.675129084033053	23.84520945136021	26.251585433458235	0.0
8.0	26.299658687222827	23.697148761290023	23.699760848870415	26.30343170261673	0.0
9.0	26.28025969427587	23.698118464471975	23.791861480907478	26.229760360344674	0.0
10.0	26.44848041605721	23.823744514870796	23.60085672494254	26.126918344129464	0.0
11.0	26.248810104246477	23.842898934317756	23.689953797218546	26.21833716421722	0.0
12.0	26.280443918181607	23.762798634812288	23.740742030600636	26.21601541640547	0.0
13.0	26.225226297200273	23.845151479094174	23.715133978970833	26.214488244734724	0.0
14.0	26.310550281656216	23.650415446543363	23.68843395662407	26.350600315176354	0.0
15.0	26.242639355252507	23.76214923571186	23.681178515768973	26.31403289326666	0.0
16.0	26.375559031717888	23.715424196605035	23.555224062524488	26.353792709152597	0.0
17.0	26.422574288458918	23.75460357722256	23.611526283560043	26.211295850758482	0.0
18.0	26.35495357968941	23.75315248905154	23.653027405251198	26.238866526007854	0.0
19.0	26.25366762535225	23.68611221555044	23.685821997916236	26.374398161181066	0.0
20.0	26.239446961276265	23.717455720044462	23.7873981698876	26.255699148791678	0.0
21.0	26.176179517019815	23.69278722113713	23.751120965612113	26.379912296230945	0.0
22.0	26.19098061636421	23.695979615113373	23.783625340642946	26.329414427879467	0.0
23.0	26.337250304002975	23.66463611061935	23.70613723231051	26.291976353067163	0.0
24.0	26.26179371910996	23.70584701467631	23.74879922453848	26.28356004167525	0.0
25.0	26.316354634340293	23.692497003502925	23.7276133372416	26.263535024915186	0.0
26.0	26.24902414320499	23.68146873340318	23.652737187616992	26.416769935774838	0.0
27.0	26.259762195670532	23.694528526942353	23.716875284776055	26.328833992611063	0.0
28.0	26.355534014957815	23.662604587179924	23.70439592650529	26.27746547135697	0.0
29.0	26.154703412088725	23.72848399014421	23.711941584994587	26.404871012772478	0.0
30.0	26.25627958406009	23.64112848224884	23.655929581593238	26.44666235209784	0.0
31.0	26.23770565547104	23.709619843920958	23.701493750163248	26.351180750444758	0.0
32.0	26.233642608592184	23.667248069327186	23.844861261459968	26.25424806062066	0.0
33.0	26.317225287242902	23.673923074913876	23.692497003502925	26.316354634340293	0.0
34.0	26.278259860115504	23.688365208810982	23.797196505789824	26.236178425283686	0.0
35.0	26.439330179644195	23.802420408044807	23.60623385669095	26.15201555562005	0.0
36.0	26.24256319470645	23.81460951330644	23.700554314072612	26.242272977914503	0.0
37.0	26.27767942653162	23.750761819078853	23.739733580984996	26.231825173404534	0.0
38.0	26.22478386167147	23.822376230152855	23.72718539865514	26.225654509520535	0.0
39.0	26.305173679735088	23.636638022352432	23.687716029497548	26.37047226841493	0.0
40.0	26.241906602703068	23.767235199712104	23.671463936315014	26.319394261269814	0.0
41.0	26.37453529171056	23.711513737371977	23.55624820428881	26.35770276662865	0.0
42.0	26.430256754050692	23.760850448818964	23.617193553723325	26.19169924340702	0.0
43.0	26.353059311433636	23.75243418627801	23.660145514277172	26.23436098801118	0.0
44.0	26.268606470074385	23.67988019885597	23.666240049220626	26.385273281849024	0.0
45.0	26.25177394499247	23.703968122680084	23.792774203284665	26.25148372904278	0.0
46.0	26.18531449251388	23.6987442355857	23.7501124586805	26.365828813219917	0.0
47.0	26.192860107205775	23.69032797304474	23.77303951870587	26.34377240104362	0.0
48.0	26.346384344590813	23.65318033148466	23.710352873573225	26.290082450351303	0.0
49.0	26.266574958426563	23.70483877052915	23.7527244022277	26.275861868816584	0.0
50.0	26.328681171659834	23.703097474831022	23.71731805636574	26.250903297143402	0.0
51.0	26.25786847993592	23.661596594025614	23.645924932742453	26.43460999329601	0.0
52.0	26.28659985895505	23.683362790252225	23.715576760667613	26.314460590125112	0.0
53.0	26.359734278276463	23.637508670201495	23.710643089522915	26.292113961999124	0.0
54.0	26.16151678463945	23.730667990051398	23.698163803686324	26.409651421622833	0.0
55.0	26.250903297143402	23.63721845425181	23.660145514277172	26.451732734327614	0.0
56.0	26.236392499658994	23.697873587736634	23.708321361925407	26.35741255067896	0.0
57.0	26.229717532816167	23.667981344918754	23.833404436241008	26.268896686024068	0.0
58.0	26.307785623282285	23.669142208717506	23.685394301900047	26.33767786610017	0.0
59.0	26.284201850411527	23.676619110084395	23.80605504800158	26.2331239915025	0.0
60.0	26.43279198541959	23.800831176067703	23.609579420266304	26.156797418246402	0.0
61.0	26.23602614257688	23.816793006976773	23.687357069059587	26.259823781386764	0.0
62.0	26.258662920957015	23.757589125059493	23.745400090547115	26.238347863436378	0.0
63.0	26.228694645256596	23.8260107437321	23.717470608550293	26.227824002461013	0.0
64.0	26.29225156933364	23.646658327843447	23.68525682511398	26.37583327770893	0.0
65.0	26.260908428692904	23.749974606251794	23.662329898163815	26.326787066891487	0.0
66.0	26.37554306344374	23.711956537511643	23.55669190563393	26.355808493410688	0.0
67.0	26.442292344437902	23.750264820516986	23.60922068763368	26.198222147411432	0.0
68.0	26.367126849753177	23.740107321235268	23.649560470495366	26.243205358516192	0.0
69.0	26.285866855499417	23.66610268361131	23.657106041390357	26.39092441949892	0.0
70.0	26.261779071488476	23.7026696810255	23.790314389113483	26.245236858372532	0.0
71.0	26.1959004332899	23.677711254218988	23.75055503478218	26.37583327770893	0.0
72.0	26.191547219312017	23.67916232554495	23.787702460726752	26.341587994416276	0.0
73.0	26.33259135219533	23.656525612859973	23.718051037080677	26.292831997864024	0.0
74.0	26.28035278446077	23.710215251920495	23.749974606251794	26.259457357366944	0.0
75.0	26.33868585176436	23.703540323821077	23.717760822815485	26.24001300159908	0.0
76.0	26.26439099987521	23.66058861257266	23.66058861257266	26.41443177497947	0.0
77.0	26.28209407005192	23.695704538660895	23.714858680163566	26.30734271112362	0.0
78.0	26.36799749254875	23.636791042826918	23.715439108693946	26.27977235593038	0.0
79.0	26.172102863544154	23.730530250483934	23.692512181743783	26.404854704228132	0.0
80.0	26.265551856935975	23.626923757810392	23.662329898163815	26.445194487089818	0.0
81.0	26.266712713996743	23.6809036111361	23.67916232554495	26.373221349322208	0.0
82.0	26.23275764496928	23.677711254218988	23.822818386814987	26.266712713996743	0.0
83.0	26.33259135219533	23.67306782597592	23.683225325257638	26.31111549657112	0.0
84.0	26.280856942195292	23.67474040409317	23.807367938381883	26.237034715329656	0.0
85.0	26.431767922129936	23.796049614886787	23.61930964030948	26.152872822673796	0.0
86.0	26.24370962405753	23.819556902145838	23.69215320947024	26.244580264326384	0.0
87.0	26.255027947552627	23.762675071247397	23.757741443057224	26.224555538142752	0.0
88.0	26.21287092795473	23.836029891895812	23.72081549735181	26.23028368279765	0.0
89.0	26.290067474425015	23.640716825074367	23.692664877022416	26.376550823478194	0.0
90.0	26.25146920118987	23.74606399187405	23.682217224116666	26.320249582819415	0.0
91.0	26.38322571283465	23.69672785315243	23.575418994413408	26.344627439599506	0.0
92.0	26.439817166074146	23.75215845606907	23.6073423782921	26.20068199956468	0.0
93.0	26.377421461220347	23.737357614452588	23.640716825074367	26.2445040992527	0.0
94.0	26.300224914750054	23.65812957991729	23.647681927011536	26.393963578321124	0.0
95.0	26.268011318290647	23.698759341217443	23.784081839947763	26.24914750054415	0.0
96.0	26.203584125371837	23.67380105927592	23.744903141551184	26.37771167380106	0.0
97.0	26.193426685046795	23.688601900892404	23.78872524123921	26.32924617282159	0.0
98.0	26.345788289922368	23.65493724152942	23.69933976637887	26.299934702169338	0.0
99.0	26.296742363781473	23.69759849089458	23.752448668649787	26.253210476674166	0.0
100.0	26.34491765218022	23.690343176376697	23.719074221867515	26.245664949575563	0.0
101.0	26.26917216861351	23.655227454110136	23.647101501850106	26.42849887542625	0.0
102.0	26.277007908292827	23.686860625408112	23.724298048320396	26.31183341797867	0.0
103.0	26.37887252412392	23.637814699267214	23.720525284771092	26.26278749183777	0.0
104.0	26.19197562214322	23.72400783573968	23.690633388957412	26.39338315315969	0.0
105.0	26.265399405064212	23.62301385765073	23.66248276862802	26.449103968657038	0.0
106.0	26.273815569904958	23.67757382282522	23.68947253863455	26.359138068635275	0.0
107.0	26.24363346151056	23.679895523470943	23.818326924472174	26.258144090546327	0.0
108.0	26.333599361532322	23.677283610244505	23.65871000507872	26.330407023144453	0.0
109.0	26.28012397845468	23.67286171991085	23.804327637444278	26.242686664190195	0.0
110.0	26.416813707280834	23.81361441307578	23.63339292347697	26.136178956166418	0.0
111.0	26.243847511144132	23.809841660475485	23.696368870728083	26.2499419576523	0.0
112.0	26.25777767459138	23.75499164190193	23.777337945765233	26.20989273774146	0.0
113.0	26.228680382033627	23.830377535354945	23.70761832623768	26.233323756373757	0.0
114.0	26.300942895201946	23.62781032976664	23.709359591615225	26.361887183416187	0.0
115.0	26.266407798547203	23.734898150485957	23.669020277035322	26.329673773931518	0.0
116.0	26.38655510959815	23.706747693548902	23.56280308900478	26.343894107848175	0.0
117.0	26.46113930993653	23.74128279020364	23.60430324716972	26.193274652690107	0.0
118.0	26.38974742945699	23.735478572278478	23.654219521326148	26.22055447693839	0.0
119.0	26.29658973175807	23.668439855242802	23.653348888637375	26.381621524361755	0.0
120.0	26.269019696613526	23.690495883358437	23.79003822077504	26.250446199253	0.0
121.0	26.21271878273942	23.678307025715586	23.754052069639005	26.35492212190599	0.0
122.0	26.202561401370378	23.682079767366947	23.793520751530135	26.32183807973254	0.0
123.0	26.338089889923005	23.647544670712207	23.699492421142445	26.31487301822234	0.0
124.0	26.304135215060786	23.706167271756385	23.742153422892414	26.247544090290415	0.0
125.0	26.33925073350804	23.70587706086013	23.70239453010503	26.2524776755268	0.0
126.0	26.282659608737667	23.649285936089758	23.650446779674787	26.417607675497784	0.0
127.0	26.276274969019987	23.695429468594828	23.732286252419634	26.29600930996555	0.0
128.0	26.379880258984205	23.627520118870383	23.71748549671046	26.275114125434957	0.0
129.0	26.1982082379265	23.718065918502976	23.689044828877144	26.394681014693376	0.0
130.0	26.27047075109482	23.632743915003033	23.6594433174588	26.43734201644335	0.0
131.0	26.27076096199108	23.68817419618837	23.69484904680231	26.346215795018242	0.0
132.0	26.24493219222409	23.67134196420539	23.83966428403521	26.244061559535314	0.0
133.0	26.326481454072674	23.67801681481933	23.657411841184988	26.338089889923005	0.0
134.0	26.296375835809805	23.67170087295691	23.804037425705797	26.22788586552749	0.0
135.0	26.42639069465082	23.791558320950966	23.639777581723624	26.142273402674594	0.0
136.0	26.250232169390785	23.80635911961367	23.698400352897476	26.245008358098072	0.0
137.0	26.257197251114412	23.750638465824668	23.766600111441306	26.225564171619613	0.0
138.0	26.228542407313356	23.831386490604366	23.708046143800335	26.23202495828194	0.0
139.0	26.299934702169338	23.63172023507219	23.703112529928173	26.365232532830298	0.0
140.0	26.272654719582096	23.737067401871872	23.676703185083074	26.31357469346296	0.0
141.0	26.380613799608216	23.709787419284627	23.563230066023362	26.346368715083802	0.0
142.0	26.468548211564976	23.733875063484003	23.611405354422114	26.18617137052891	0.0
143.0	26.386127838641805	23.732424000580423	23.64797213959225	26.23347602118552	0.0
144.0	26.306609591525792	23.66625553217732	23.63607342378292	26.391061452513963	0.0
145.0	26.272074294420662	23.690343176376697	23.801494594790682	26.236087934411955	0.0
146.0	26.214031778277587	23.683668287020243	23.74403250380904	26.35826743089313	0.0
147.0	26.199811361822533	23.684248712181674	23.795690343176375	26.320249582819415	0.0
148.0	26.340854676050206	23.652325328302982	23.706014655735327	26.300805339911488	0.0
149.0	26.293840237974315	23.71210911993035	23.74171080316332	26.252339838932016	0.0
150.0	26.357106580570267	23.70891678154248	23.692664877022416	26.241311760864832	0.0
151.0	26.261336428934197	23.650293840237975	23.651454690560836	26.436915040266996	0.0
152.0	26.28745556119858	23.687150837988828	23.738808677356165	26.28658492345643	0.0
153.0	26.395124428643978	23.614597692809983	23.718203584125373	26.272074294420662	0.0
154.0	26.205615613436844	23.7263295363854	23.67322063411449	26.394834216063266	0.0
155.0	26.28339258506856	23.623884495392875	23.652325328302982	26.44039759123558	0.0
156.0	26.28165130958427	23.67554233476021	23.699049553798158	26.34375680185736	0.0
157.0	26.241311760864832	23.68076616121309	23.846477544801566	26.231444533120513	0.0
158.0	26.327214684756584	23.682217224116666	23.657258942175144	26.333309148951606	0.0
159.0	26.288692704614974	23.680544672552195	23.814623273955668	26.216139348877164	0.0
160.0	26.439023257703713	23.77080104709003	23.65355482421773	26.136620870988526	0.0
161.0	26.251545386477215	23.82013732899174	23.701149825581734	26.227167458949314	0.0
162.0	26.278825448234635	23.736265649758835	23.77312275447364	26.211786147532894	0.0
163.0	26.22753378819582	23.83210524330113	23.707603323533768	26.23275764496928	0.0
164.0	26.31459806775342	23.624602043688856	23.685837253644365	26.374962634913356	0.0
165.0	26.269324642383474	23.732271536075082	23.677130825688604	26.32127299585284	0.0
166.0	26.3842494913995	23.718051037080677	23.56655919065046	26.331140280869363	0.0
167.0	26.462026914470954	23.752586534638525	23.61241304455079	26.17297350633973	0.0
168.0	26.383669062869114	23.73314217887066	23.670165683323997	26.213023074936224	0.0
169.0	26.306472068328045	23.66929504052842	23.63563018576615	26.38860270537738	0.0
170.0	26.279482141665188	23.679742754075335	23.809758744881346	26.231016359378128	0.0
171.0	26.21911757450526	23.681484039666486	23.748233320660646	26.351165065167613	0.0
172.0	26.206057932571618	23.68351553952283	23.799311031334433	26.31111549657112	0.0
173.0	26.348843351046074	23.66755375493727	23.695414324395703	26.288188569620953	0.0
174.0	26.309083996714776	23.698026252782427	23.75171589184295	26.24117385865985	0.0
175.0	26.343909708537815	23.707893537798956	23.712536966042027	26.235659787621202	0.0
176.0	26.271936570770198	23.662329898163815	23.65159197035171	26.414141560714278	0.0
177.0	26.28789835535576	23.67509932583226	23.745911606539106	26.29109071227287	0.0
178.0	26.378735420360854	23.62576290074962	23.72617703650605	26.269324642383474	0.0
179.0	26.210701360814692	23.737785607113732	23.668714611998038	26.382798420073538	0.0
180.0	26.28006257019558	23.630406328992695	23.660298398307468	26.429232702504258	0.0
181.0	26.26497142840559	23.6881589677659	23.707022895003384	26.339846708825128	0.0
182.0	26.233200124212424	23.67958998290628	23.842981562580718	26.24422833030058	0.0
183.0	26.332163763056087	23.663047673774056	23.674075879862205	26.33071268330765	0.0
184.0	26.289868531793246	23.66224569753606	23.823316017064748	26.22456975360594	0.0
185.0	26.43410627738921	23.775430246394055	23.647444641146937	26.143018835069796	0.0
186.0	26.25649360071974	23.801839974460922	23.7011347476565	26.240531677162842	0.0
187.0	26.288127231041585	23.734509678730014	23.763531357924368	26.213831732304033	0.0
188.0	26.239737178910467	23.833542773726016	23.693948091673946	26.23277195568957	0.0
189.0	26.304745928972135	23.631841517954314	23.691045915331905	26.37236663774164	0.0
190.0	26.269049159965057	23.7276133372416	23.68611221555044	26.317225287242902	0.0
191.0	26.40283948933305	23.718326372947075	23.567122985526847	26.31171115219303	0.0
192.0	26.461173233808033	23.765631847322307	23.60659258377858	26.16660233509108	0.0
193.0	26.362789455812912	23.75924705936982	23.683500256842606	26.19446322797466	0.0
194.0	26.31171115219303	23.672471986742856	23.632712170856927	26.383104690207187	0.0
195.0	26.29110570016455	23.685531780282034	23.804521010305628	26.21884150924779	0.0
196.0	26.226387167737087	23.67798612179273	23.7502503127095	26.345376397760678	0.0
197.0	26.20324580344083	23.68821248635973	23.798785725894454	26.309755984304985	0.0
198.0	26.376796452369344	23.656288453948132	23.684439646165632	26.28247544751689	0.0
199.0	26.328620185275476	23.702723410183186	23.74248334145945	26.226173063081887	0.0
200.0	26.370411645887025	23.702433191706717	23.695758166747925	26.23139699565833	0.0
201.0	26.285087413805115	23.648742773559935	23.649613428989344	26.416556383645606	0.0
202.0	26.287409161616864	23.676893965777438	23.74886814794177	26.286828724663923	0.0
203.0	26.369250771981147	23.61594808571893	23.745095307747672	26.269705834552248	0.0
204.0	26.211081702305496	23.735227879547725	23.68240811683035	26.37128230131643	0.0
205.0	26.288860253999214	23.635682942118827	23.67021894081865	26.405237863063313	0.0
206.0	26.2673840867405	23.690244015695015	23.719265863341924	26.323106034222565	0.0
207.0	26.23147312423999	23.69205408527224	23.850513833303825	26.22595895718394	0.0
208.0	26.332179227842477	23.675511584104107	23.670577855685544	26.32173133236787	0.0
209.0	26.28378888224607	23.670356332313695	23.842166667634068	26.203688117806166	0.0
210.0	26.438186007905596	23.776867131405886	23.64568761862749	26.139259242061026	0.0
211.0	26.246060261314234	23.812273991049608	23.71011649437263	26.231549253263527	0.0
212.0	26.27305073628855	23.748715775787513	23.759163701584022	26.219069786339915	0.0
213.0	26.214212122531304	23.848040282675257	23.703220002031546	26.234527592761886	0.0
214.0	26.282704279308692	23.648078011405683	23.686967625847082	26.382250083438542	0.0
215.0	26.25948659904517	23.730790997344478	23.697415581965668	26.312306821644682	0.0
216.0	26.372672790329837	23.715409284169894	23.592936020779824	26.318981904720445	0.0
217.0	26.44900091419616	23.749655362558588	23.624860331142163	26.176483392103084	0.0
218.0	26.365417265247487	23.740658511456473	23.682904531800965	26.211019691495075	0.0
219.0	26.30214908652939	23.666071713609917	23.633566961240984	26.398212238619713	0.0
220.0	26.27763282766867	23.695521573703502	23.802323522839075	26.22452207578875	0.0
221.0	26.219588290094993	23.675786430928454	23.75937056503455	26.34525471394201	0.0
222.0	26.20008126306013	23.6820872997446	23.8187833758997	26.299048061295565	0.0
223.0	26.3475156721616	23.6725098676573	23.714012073368934	26.265962386812163	0.0
224.0	26.320234501973534	23.706466217785003	23.743324820060366	26.2299744601811	0.0
225.0	26.355504733600725	23.705733142170548	23.707184276667498	26.231577847561223	0.0
226.0	26.278884832161786	23.661328426563887	23.671486368042537	26.388300373231793	0.0
227.0	26.283818689451415	23.683385670917524	23.75768375716135	26.275111882469716	0.0
228.0	26.367984490274498	23.628823013832214	23.724888117530284	26.278304378363003	0.0
229.0	26.20589976665622	23.74592228839434	23.68758634300375	26.360591601945693	0.0
230.0	26.278166684080382	23.637086569382046	23.677138113978568	26.407608632559004	0.0
231.0	26.259592054702285	23.697744343444896	23.718350572911227	26.324313028941592	0.0
232.0	26.239061978494	23.690557385613328	23.84176691674769	26.228613719144985	0.0
233.0	26.335708377472393	23.66646834322532	23.67372407888436	26.324099200417933	0.0
234.0	26.290799120021823	23.677275550421705	23.816005618858004	26.215919710698472	0.0
235.0	26.42836826738334	23.780887756345884	23.65724966188174	26.13349431438904	0.0
236.0	26.23565536896974	23.806137789722364	23.737062985772912	26.221143855534983	0.0
237.0	26.268741619600995	23.75534749270071	23.781468216883276	26.194442670815025	0.0
238.0	26.206570290029635	23.82869299465101	23.734657568835964	26.230079146483394	0.0
239.0	26.276516393799465	23.635688185493585	23.712309643565106	26.375485777141844	0.0
240.0	26.259146279521335	23.73780616998366	23.686142933020644	26.316904617474364	0.0
241.0	26.371364964923128	23.729207120445594	23.607591813751526	26.29183610087975	0.0
242.0	26.457022939095147	23.750656708879866	23.625555481378495	26.166764870646492	0.0
243.0	26.36563921406988	23.74800077791872	23.688205533092024	26.198154474919377	0.0
244.0	26.291665820021652	23.68380566449055	23.65274588748233	26.37178262800547	0.0
245.0	26.25921313512211	23.69303386834107	23.834986544976356	26.212766451560466	0.0
246.0	26.211357190342238	23.676441131132265	23.77340196069893	26.338799717826568	0.0
247.0	26.173810802572177	23.69162880492372	23.833882510052113	26.30067788245199	0.0
248.0	26.339916909328977	23.686067070603844	23.713938155224522	26.260077864842657	0.0
249.0	26.28562635907828	23.714518802820788	23.75893834393499	26.240916494165944	0.0
