# Position (bp)	A	C	G	T	N
0.0	28.36917713589613	19.88022904379662	28.509812271901197	23.221799106339642	0.01898244206641214
1.0	25.92886040972363	20.51869935608255	25.780467232178378	27.771973002015436	0.0
2.0	27.312597904008268	21.079259123539384	23.21503145308118	28.393111519371168	0.0
3.0	30.015202460124492	19.945594670390527	23.29855419817339	26.74064867131159	0.0
4.0	29.975586928855456	20.295531863266994	22.498815660679767	27.23006554719778	0.0
5.0	28.74304871224764	21.147265785551227	23.290466027205966	26.819054410281552	1.650647136209751E-4
6.0	28.086916475604262	21.05284876936003	23.84656904739503	27.013665707640683	0.0
7.0	26.97949731192114	21.783920385987326	23.880737443114572	27.355844858976962	0.0
8.0	26.137997401881407	22.818876140390838	24.256589796029534	26.786536661698218	0.0
9.0	26.55627138619696	22.5785419173587	24.42033399194154	26.444852704502804	0.0
10.0	26.177612933150442	22.785698132953026	24.333179823149667	26.70350911074687	0.0
11.0	26.087487599513388	23.211069899954275	24.251472789907282	26.449969710625048	0.0
12.0	27.22725944706622	22.08598881191371	24.16316316812006	26.523588572900003	0.0
13.0	27.107752594404637	22.19625204061252	23.732344265569317	26.96365109941353	0.0
14.0	26.902412090660142	22.798077986474595	23.74472411909089	26.554785803774372	0.0
15.0	27.425502168125014	22.294795674644245	23.82923725246483	26.450464904765912	0.0
16.0	26.866593047804393	22.706136940987715	23.75314241948556	26.674127591722335	0.0
17.0	26.257999448683854	23.46048268223557	24.011468696302384	26.270049172778187	0.0
18.0	26.678419274276482	23.096845118128563	24.003545590048578	26.22119001754638	0.0
19.0	26.418277285609825	23.36424995419454	23.728877906583275	26.48859485361236	0.0
20.0	26.286225514713042	23.793253144895456	23.62967401369707	26.290847326694433	0.0
21.0	27.122938548057768	23.076046964212317	23.287329797647168	26.513684690082744	0.0
22.0	26.711267152287054	23.009195755195826	23.090572659010967	27.188964433506158	0.0
23.0	26.497178218720652	23.59567068269115	23.134644937547765	26.77250616104044	0.0
24.0	27.07903133423459	23.059870622277465	23.320672869798603	26.540425173689346	0.0
25.0	26.621637012790867	23.402875097181848	23.21007951167255	26.76540837835473	0.0
26.0	26.24330868917159	24.093010664831148	23.533771415083283	26.129909230913977	0.0
27.0	26.77498213174475	23.484252000996992	23.623071425152233	26.117694442106025	0.0
28.0	26.354232176724885	23.77361044397456	23.239461030697083	26.632696348603467	0.0
29.0	26.169194632755772	24.29851623328926	22.987572277711475	26.54471685624349	0.0
30.0	26.773166419894917	23.506865866763064	22.77298815000421	26.94697956333781	0.0
31.0	26.503945871979113	23.483426677428888	22.271686614737305	27.7409408358547	0.0
32.0	26.314451580742233	23.79275795075459	22.306020075170473	27.586605328619086	1.650647136209751E-4
33.0	27.006072730814118	23.16914346269455	22.141945749831223	27.682838056660113	0.0
34.0	26.548678409370392	23.566784357807478	22.008573461225474	27.875963771596656	0.0
35.0	26.315302725142836	24.246612410429254	22.272973269212326	27.165111595215585	0.0
36.0	26.91223286556553	23.747483904124255	22.305100715213637	27.035182515096572	0.0
37.0	26.62285149720506	23.928760195057812	22.16046512062245	27.287923187114682	0.0
38.0	26.468098448032606	24.389794638658095	22.089865182630504	27.052241730678787	0.0
39.0	26.814177119434955	23.845878710886915	22.06736639573749	27.272577773940643	0.0
40.0	26.686949228191754	23.766605358994873	21.822368747318237	27.724076665495133	0.0
41.0	26.380122254924153	24.387593389178175	21.66266696853068	27.56961738736699	0.0
42.0	27.137054653871505	23.590941862595567	21.650966180701133	27.621037302831798	0.0
43.0	26.6647486334013	23.640593923170258	21.615651151445405	28.07900629198304	0.0
44.0	26.577925913425027	24.295945489832082	21.739990296177538	27.386138300565356	0.0
45.0	27.083930863757494	23.71928925670464	21.745002325147514	27.45177755439035	0.0
46.0	26.89942687677262	23.82403822390642	21.775740529344613	27.500794369976344	0.0
47.0	26.703066017167703	24.22664357706156	21.83213524860777	27.238155157162968	0.0
48.0	27.121266096685666	23.744260607979733	21.807710576314125	27.326762719020476	0.0
49.0	26.831121661141843	23.869676911118315	21.760832662337435	27.538368765402403	0.0
50.0	26.59563897322661	24.467384303983806	21.735946269206	27.201030453583584	0.0
51.0	27.348138243079877	23.70392253660736	21.825256455606652	27.122682764706113	0.0
52.0	26.97398597732783	23.794312299325078	21.699102286875043	27.532599436472054	0.0
53.0	26.54319388680223	24.442861460087208	21.80632905927557	27.207615593834994	0.0
54.0	27.16446572076049	23.83210316990817	21.784813928301645	27.218617181029696	0.0
55.0	26.825724151160564	23.81066564358335	21.989737195472856	27.373873009783235	0.0
56.0	26.450130073497842	24.33207890283636	22.068042330715027	27.149748692950777	0.0
57.0	27.213928757898326	23.63903717674136	22.00929152148664	27.13774254387367	0.0
58.0	26.580021530456627	23.909459944379655	22.118619359468916	27.391899165694806	0.0
59.0	26.45167386130779	24.432646938980387	22.099457301625733	27.015631366666863	5.905314192241598E-4
60.0	27.159528243327124	23.848541278708876	21.877715704531347	27.11421477343265	0.0
61.0	27.06016482621584	23.93889051760644	21.853480569399654	27.147464086778072	0.0
62.0	26.68856048166393	24.436918445539135	22.213327859879584	26.66119321291735	0.0
63.0	27.38165361683787	23.650599813231807	22.009913080956828	26.957833488973492	0.0
64.0	26.876345623993135	23.789126605338833	22.185669763170175	27.148858007497857	0.0
65.0	26.400334361125786	24.651247151227437	22.084394640758937	26.86402384688784	0.0
66.0	27.216779288581954	23.674558461513044	22.195879524840155	26.912782725064847	0.0
67.0	26.887213097722096	23.796330767698983	22.154786538644686	27.161669595934235	0.0
68.0	26.61974896611768	24.428643981716608	22.122360879344118	26.82924617282159	0.0
69.0	27.389466685662722	23.658640832027356	22.409649997625493	26.54224248468443	0.0
70.0	26.649574687972017	23.84430399872804	22.427259718578583	27.07886159472136	0.0
71.0	26.740429068619815	24.54210170900213	22.182743753571245	26.534725468806812	0.0
72.0	27.590174433119497	23.432869842717118	22.543879644403923	26.43307607975946	0.0
73.0	26.93542349618303	23.92835671910979	22.2416315974546	26.894588187252577	0.0
74.0	26.637533899409053	24.62429388567165	22.42275671770822	26.31541549721107	0.0
75.0	27.433902037685424	23.749489650735523	22.636000346418893	26.180607965160156	0.0
76.0	27.011293514961	23.894904335002135	22.40074513913145	26.686588789278275	0.006468221627145833
77.0	26.27580333364876	24.57518283698106	22.920525056439512	26.22308139456288	0.00540737836778284
78.0	27.024809754165606	23.808311409092195	22.64420492800362	26.515601572887494	0.007072335851084896
79.0	26.621563732513998	23.984814688981785	22.67013309304696	26.71757980412721	0.005908681330044167
80.0	26.589051657671547	24.66615265998458	22.37625289128759	26.363916730917502	0.004626060138781804
81.0	27.27023893862304	23.74734333741225	22.267662780962194	26.709924647388423	0.004830295614091582
82.0	27.039924721064658	23.85905363624143	22.407245597526547	26.690415378411075	0.003360666756284447
83.0	26.758147512864493	24.472293205446842	22.28620436167606	26.476353834844403	0.007001085168201071
84.0	26.955886382318017	24.17572381039364	22.274180290437485	26.588729564343776	0.005479952507078272
85.0	26.75747761478377	24.063631167841493	22.592874833301583	26.578395884930462	0.0076204991426938465
86.0	26.74293886306757	24.766615024033687	22.285782385889643	26.20069121677988	0.00397251022921384
87.0	26.99848544575614	24.168551214755492	22.577231892777856	26.253656714869607	0.0020747318409095627
88.0	26.561078129739567	23.776920743597522	22.95792347358842	26.699744334185553	0.004333318888937037
89.0	26.24481562903701	24.810189696983436	22.525666885751193	26.41706139655055	0.002266391677809759
90.0	26.809366130558182	24.068117313150424	22.81456953642384	26.30321665089877	0.004730368968779565
91.0	26.380595173468883	23.908108374870455	22.834723387454968	26.876573064205694	0.0
92.0	25.91199505358615	24.791323165704863	22.768961253091508	26.527720527617475	0.0
93.0	26.71400521799941	24.123833346781787	23.06947470346163	26.08999704134054	0.0026896904166330456
94.0	26.309724564362003	24.2495784148398	22.729061270376615	26.70320404721754	0.008431703204047217
95.0	26.321663533834588	24.656367481203006	22.820723684210524	26.192434210526315	0.008811090225563908
96.0	27.001348535000613	23.65759470393527	23.004781169547627	26.333210739242368	0.0030648522741203877
97.0	26.79372197309417	23.74439461883408	22.4375400384369	27.021140294682894	0.0032030749519538757
98.0	26.56809286455023	24.701435118589636	22.654133074632856	26.072993677449567	0.0033452647777071558
99.0	27.60463978757599	23.530850394801202	22.769198518622037	26.088323667109215	0.006987631891551953
100.0	26.877484772221617	23.496370864791917	22.82525440420177	26.79724258671627	0.0036473720684247002
101.0	26.26714029257859	24.342080134448647	22.779878537870974	26.603261907490168	0.007639127611626753
102.0	26.84435223237442	23.768104376970037	22.579100666320873	26.80445277899693	0.003989945337748873
103.0	26.56934306569343	23.94160583941606	22.94890510948905	26.5318039624609	0.008342022940563087
104.0	26.064691206722983	25.421280693307658	22.401190528296933	26.112837571672433	0.0
105.0	27.015260528848355	24.29769488107786	22.363778012006783	26.314101095275195	0.009165482791806057
106.0	26.387223634358065	24.50242194618963	22.262721212411872	26.842837273991655	0.0047959330487746385
107.0	26.39119288191826	24.747398582415926	22.957824360327752	25.903584175338057	0.0
108.0	26.804668110049114	24.07456302476633	22.553730791572054	26.567038073612505	0.0
109.0	26.579822616407984	24.074279379157428	22.583148558758314	26.751662971175165	0.011086474501108647
110.0	26.20963040690218	24.932960242509036	22.315494928296605	26.53608487816253	0.005829544129649061
111.0	26.892258382642996	23.539201183431953	23.089250493096646	26.479289940828405	0.0
112.0	27.168416958381954	24.4911188901854	22.29353040321535	26.046933748217292	0.0
113.0	25.68945459522343	25.032505303496887	23.40381851775816	25.8673783617327	0.006843221788818175
114.0	27.82879039838045	23.678692791555203	22.40618899573422	26.08632781433013	0.0
115.0	26.621683790829625	24.10673209630425	22.527219751571845	26.74436436129428	0.0
116.0	26.855841938368975	24.83941783884869	22.351410683795432	25.953329538986907	0.0
117.0	27.2108257197035	24.29753490777452	22.06516117910705	26.41785898982934	0.008619203585588693
118.0	26.851597546461598	24.02270438524215	22.850865146937654	26.247367939210843	0.027464982147761604
119.0	26.708195444812148	24.352735059373178	23.00953864123029	25.90033093245085	0.029199922133540977
120.0	27.53141551562987	23.61615951812234	22.90995949735175	25.942465468896042	0.0
121.0	26.452189454870418	24.497319034852545	22.017426273458447	27.0218945487042	0.011170688114387846
122.0	26.126449145452373	25.373491095972273	22.732162065256365	25.767897693318993	0.0
123.0	27.982534994221137	23.92448953383845	21.98536021574419	26.094773340182353	0.01284191601386927
124.0	26.490066225165563	24.061810154525386	23.454746136865342	25.99337748344371	0.0
125.0	25.784853444427913	24.758220502901356	22.704954619848237	26.751971432822497	0.0
126.0	26.331884757765973	25.462739417350715	22.243682600997907	25.945597939803637	0.016095284081764045
127.0	26.351946450590102	23.78016558041219	22.96987845693148	26.880394574599258	0.017614937466971993
128.0	27.177700348432055	25.358110723964383	21.389856755710415	26.07433217189315	0.0
129.0	27.848369335027527	23.464633629817875	22.61753494282084	26.069462092333755	0.0
130.0	27.77777777777778	23.300515705579	21.75339896858884	27.168307548054383	0.0
131.0	27.76601376389624	23.90153520381154	21.678136580201166	26.654314452091054	0.0
132.0	28.133453561767357	24.97745716862038	20.91974752028855	25.969341749323714	0.0
133.0	27.157098659333105	25.33516672396012	21.17566173942936	26.33207287727741	0.0
134.0	28.367670364500793	23.296354992076072	21.473851030110936	26.862123613312207	0.0
135.0	26.613657623947613	24.36856875584659	22.217025257249766	26.800748362956035	0.0
136.0	26.977803073420603	25.554923164484915	20.774046670461015	26.693227091633464	0.0
137.0	24.98168498168498	27.106227106227106	21.53846153846154	26.300366300366303	0.07326007326007326
138.0	27.45490981963928	24.34869739478958	23.547094188376754	24.649298597194388	0.0
139.0	27.685325264750375	24.659606656580937	19.213313161875945	28.44175491679274	0.0
140.0	26.865671641791046	22.686567164179106	22.08955223880597	28.35820895522388	0.0
