# Position (bp)	A	C	G	T	N
0.0	26.213992237269064	23.729179571401783	23.755036398456546	26.301507651915962	2.8414095664577285E-4
1.0	26.33532042575681	23.78714432655752	23.733441685751465	26.14380942097756	2.8414095664577285E-4
2.0	26.35033385424066	23.6161386560591	23.82383861343941	26.209404744992188	2.841312686461145E-4
3.0	26.287258252857498	23.819995510968294	23.758626469944797	26.13383565029875	2.841159306643483E-4
4.0	26.21669536164192	23.75603020643336	23.69011699594861	26.336589218644345	5.682173317650535E-4
5.0	26.227063145065756	23.780749377128913	23.82307904283819	26.168824343250975	2.840917161696482E-4
6.0	26.33368653998574	23.806223065625417	23.600264762949095	26.259541551022263	2.8408041748458155E-4
7.0	26.187737014785462	23.665544619142985	23.808996264575967	26.337722101495594	0.0
8.0	26.159562108898992	23.76502268137287	23.718722571445614	26.35669263828252	0.0
9.0	26.16859859060917	23.727585942448453	23.794050564239193	26.30976490270318	0.0
10.0	26.312186864498244	23.720759818679632	23.844309880596676	26.12274343622545	0.0
11.0	26.19005691823542	23.80341054975517	23.824712284568456	26.18182024744095	0.0
12.0	26.252542007021052	23.79403778643733	23.727292350689037	26.22612785585258	0.0
13.0	26.34570159393781	23.688097158632598	23.736097067745195	26.22982015655355	2.840231308437759E-4
14.0	26.171027368468884	23.863907476624895	23.743481669147133	26.22158348575908	0.0
15.0	26.319855489031024	23.720759818679632	23.769043750923075	26.190340941366262	0.0
16.0	26.348541825246247	23.642937480828436	23.76421535769873	26.24430533622658	0.0
17.0	26.21192669931039	23.736097067745195	23.799150202792514	26.252826030151894	0.0
18.0	26.22470774019836	23.81817975255905	23.77671237545586	26.180400131786737	0.0
19.0	26.16108655888936	23.763647311437044	23.765067427091264	26.310198702582337	0.0
20.0	26.223003601413296	23.788357323820453	23.66423921564172	26.324399859124526	0.0
21.0	26.269583394871677	23.72502016564229	23.796025948353233	26.2093704911328	0.0
22.0	26.203974051646767	23.732404767044226	23.661683007464127	26.40193817384488	0.0
23.0	26.282857832625645	23.727793004530156	23.76272775040118	26.22662141244302	0.0
24.0	26.2499112430237	23.806751210645157	23.74199412073789	26.201343425593254	0.0
25.0	26.219804876663304	23.720692446426288	23.74795858954514	26.31154408736527	0.0
26.0	26.337958163511654	23.782325290767854	23.73460954030987	26.145107005410622	0.0
27.0	26.349035034153683	23.606799494440263	23.82379255009444	26.22008889898746	2.8402232415467856E-4
28.0	26.283141854949797	23.815839925018107	23.760455571807945	26.14027862589999	2.8402232415467856E-4
29.0	26.21952085433915	23.75591121462147	23.687461834500194	26.33653805189088	5.680446483093571E-4
30.0	26.22321314455316	23.783461380064473	23.822940483121975	26.17010096993624	2.8402232415467856E-4
31.0	26.33362303528115	23.804695443726818	23.597359735973598	26.264037763500962	2.8402151747016353E-4
32.0	26.18365967405691	23.66666098623632	23.801571207034645	26.34782411115466	2.8402151747016353E-4
33.0	26.15525752230989	23.765500474315935	23.718920945450826	26.35975301488841	5.680430349403271E-4
34.0	26.171162727288223	23.730281806149634	23.78992632481837	26.30806109870884	5.680430349403271E-4
35.0	26.309481206296187	23.72318126821288	23.84275432706782	26.123731133870702	8.520645524104906E-4
36.0	26.182523587987028	23.808955766488868	23.82656510057202	26.180819458882205	0.0011360860698806541
37.0	26.24955266610998	23.802707293104525	23.725169418835172	26.22143453588044	0.0011360860698806541
38.0	26.34583596053237	23.68938270763393	23.72857767704481	26.23449952568407	0.0017041291048209813
39.0	26.168038490596047	23.866896156052782	23.744198860505673	26.21944638525815	0.0014201075873508176
40.0	26.315729679680533	23.72460137580023	23.767772646455697	26.19019216895872	0.0017041291048209813
41.0	26.350096283294423	23.646779480013404	23.755559721204477	26.245860386382873	0.0017041291048209813
42.0	26.20666541697199	23.748743204785193	23.79560675516777	26.24728049397022	0.0017041291048209813
43.0	26.215754105531037	23.823156842362376	23.784529915986436	26.174570985497862	0.0019881506222911446
44.0	26.15554154382736	23.764364388246054	23.767488624938228	26.310617292366068	0.0019881506222911446
45.0	26.214333997943683	23.798162948825002	23.66552490016644	26.319990002442584	0.0019881506222911446
46.0	26.270286236885305	23.72062507455565	23.78992632481837	26.217174213118387	0.0019881506222911446
47.0	26.201553029657525	23.73709832256892	23.659276426782093	26.40008407036917	0.0019881506222911446
48.0	26.278164203733734	23.727942241548252	23.770261327455998	26.22164408228648	0.001988144975531616
49.0	26.244933780571277	23.804627833461616	23.742995339220137	26.205454901771436	0.001988144975531616
50.0	26.205454901771436	23.727658220837462	23.754072146940956	26.31082658547461	0.001988144975531616
51.0	26.33269618020546	23.790426797922105	23.738735028558285	26.136153848338623	0.001988144975531616
52.0	26.350021443563666	23.608653543016356	23.829337635300366	26.209715212433295	0.0022721656863218466
53.0	26.277596162312157	23.812864434074534	23.757480395470438	26.149786842456553	0.0022721656863218466
54.0	26.214827585227514	23.753504105519376	23.68420305208656	26.34490907076944	0.0025561863971120774
55.0	26.213975523095144	23.783326280152348	23.827917531746415	26.17250849931977	0.0022721656863218466
56.0	26.325236872600033	23.805696303196928	23.595521574151917	26.271273090818205	0.0022721592329190427
57.0	26.182374860830247	23.671638908454703	23.807968462429844	26.336029628956396	0.0019881393288041626
58.0	26.154540910226988	23.76621753652496	23.722194451387153	26.35477494262798	0.0022721592329190427
59.0	26.16277748744632	23.737815546113474	23.78950716866238	26.30762763854491	0.0022721592329190427
60.0	26.305639499216106	23.723898570811844	23.840630751403058	26.126990979527847	0.0028401990411488034
61.0	26.17868260207675	23.805980323101043	23.826997796005543	26.184931039967278	0.003408238849378565
62.0	26.24031492126968	23.801436004635203	23.729010929085913	26.225829906159824	0.003408238849378565
63.0	26.34540228579219	23.684987843948104	23.73582740678467	26.229806184817434	0.003976278657608325
64.0	26.16788984572039	23.86505646315694	23.738383585921703	26.225261866351595	0.003408238849378565
65.0	26.30762763854491	23.732703187839405	23.76053713844266	26.195439776419533	0.003692258753493445
66.0	26.35221876349095	23.64323691804322	23.753152620935676	26.247699438776667	0.003692258753493445
67.0	26.209924791529392	23.74520006362046	23.789223148758264	26.251959737338392	0.003692258753493445
68.0	26.212196950762312	23.8261457362932	23.775874213264867	26.18180682102202	0.003976278657608325
69.0	26.14715639272	23.759401058826203	23.76848969575788	26.32097657403831	0.003976278657608325
70.0	26.22071754788576	23.793199427415875	23.663118311331257	26.318988434709507	0.003976278657608325
71.0	26.27098907091409	23.723330531003615	23.783542750675966	26.21872940855695	0.003408238849378565
72.0	26.196007816227763	23.73809956601759	23.660278112290108	26.40249028651928	0.0031242189452636844
73.0	26.276310819139482	23.73689606889167	23.7718304178773	26.212122503117108	0.0028401909744411214
74.0	26.24478469932318	23.808184862350146	23.743428508132887	26.201045758316788	0.002556171876997009
75.0	26.202749872901453	23.733203820624897	23.74570066091244	26.31578947368421	0.002556171876997009
76.0	26.33595482960274	23.789723621016275	23.729511572358124	26.14225380514586	0.002556171876997009
77.0	26.34759961259795	23.614199818795818	23.828350218268675	26.207010159363115	0.0028401909744411214
78.0	26.27574278094459	23.819261607150466	23.75194908105621	26.150206339874295	0.0028401909744411214
79.0	26.212406522214554	23.747404775497106	23.690600956008282	26.346463536208176	0.0031242100718852335
80.0	26.210134369435	23.7789308953134	23.828066199171232	26.180028345105928	0.0028401909744411214
81.0	26.332187792893862	23.804140986679542	23.597091652702435	26.263739384816382	0.0028401829077792607
82.0	26.179953989036893	23.668664261978474	23.818625919509216	26.330199664858416	0.0025561646170013347
83.0	26.154392342866878	23.763810389389075	23.720071572609275	26.358885512226987	0.0028401829077792607
84.0	26.164617001334882	23.73711267005595	23.7853957794882	26.310034366213188	0.0028401829077792607
85.0	26.304638018688404	23.717799426283054	23.850151949785566	26.12400238575364	0.003408219489335113
86.0	26.18052202561845	23.797040529410094	23.834246925502004	26.184214263398566	0.003976256070890965
87.0	26.238177738646367	23.80328893180721	23.727172029878723	26.227385043596808	0.003976256070890965
88.0	26.33758414041864	23.694225908148482	23.733988468857394	26.229657189923035	0.004544292652446817
89.0	26.166321111079554	23.868613138686133	23.73285239569428	26.228237098469144	0.003976256070890965
90.0	26.30520605526996	23.73540856031128	23.761822261353633	26.193586866994234	0.003976256070890965
91.0	26.35178505495754	23.64565878042546	23.750177511431737	26.248402397114372	0.003976256070890965
92.0	26.21005992785935	23.750745548013292	23.78397568803431	26.251242580022154	0.003976256070890965
93.0	26.209775909568577	23.82771450481411	23.78141952341731	26.176829787838336	0.0042602743616688915
94.0	26.160640745263997	23.749041438268627	23.768354682041522	26.317986878354965	0.003976256070890965
95.0	26.220000568036582	23.794200346502315	23.65389531085802	26.327927518532196	0.003976256070890965
96.0	26.26828367746883	23.717799426283054	23.787951944105203	26.222556732653583	0.003408219489335113
97.0	26.19159873895879	23.735124542020504	23.667812207106138	26.40234031071601	0.0031242011985571872
98.0	26.280137805283292	23.732500972759883	23.770843333115586	26.21367771400007	0.002840174841163222
99.0	26.24179544492759	23.792428661908428	23.752950231616257	26.210269504190677	0.0025561573570468997
100.0	26.206861294381284	23.732784990244	23.749542021806864	26.30825553621081	0.0025561573570468997
101.0	26.344325756693582	23.790724557003728	23.726820623077558	26.135572905868088	0.0025561573570468997
102.0	26.350290123860027	23.621166118986284	23.823386567677108	26.202317014635423	0.002840174841163222
103.0	26.286954224902086	23.820546392835944	23.748405951870396	26.14125325555041	0.002840174841163222
104.0	26.2210621685871	23.749542021806864	23.68421800046011	26.34205361682065	0.003124192325279544
105.0	26.217653958777703	23.78305608493259	23.824238620129456	26.17221116131909	0.002840174841163222
106.0	26.333742317348875	23.80173363779921	23.597809663383433	26.26387421469389	0.002840166774593004
107.0	26.194858162071277	23.659157265714644	23.811674221510287	26.33175420060666	0.0025561500971337035
108.0	26.164184360905672	23.767935653181553	23.712836417754453	26.35220340138373	0.002840166774593004
109.0	26.175261011326583	23.738681935403246	23.785260670506574	26.297956215989004	0.002840166774593004
110.0	26.309316883087376	23.706872067527804	23.84291605603081	26.137486793224497	0.003408200129511605
111.0	26.178953228133555	23.803437737863966	23.832407438964818	26.18150937823069	0.0036922168069709054
112.0	26.245129113981573	23.8074139713484	23.722208968110607	26.22155572975245	0.0036922168069709054
113.0	26.35674766822308	23.686138850073277	23.731013485111845	26.22155572975245	0.0045442668393488065
114.0	26.17298887790691	23.8701816570669	23.733001601854063	26.219851629687696	0.003976233484430205
115.0	26.309884916442293	23.73356963520898	23.76566351976188	26.18662167842496	0.004260250161889505
116.0	26.361007918384967	23.652908898810537	23.743226202242596	26.238596730400012	0.004260250161889505
117.0	26.207354895879487	23.747202435727026	23.791793054088135	26.24938936414346	0.004260250161889505
118.0	26.20962702929916	23.82701112209309	23.78724878724879	26.17156879451961	0.0045442668393488065
119.0	26.165604444292967	23.750326619179077	23.763959419697127	26.315849266668938	0.004260250161889505
120.0	26.20877497926678	23.792645104120513	23.6517728321007	26.34254683435011	0.004260250161889505
121.0	26.274666848437338	23.716244617883962	23.784124603796737	26.22127171307499	0.0036922168069709054
122.0	26.203662679072515	23.730729468434387	23.662565465844153	26.39963418651943	0.003408200129511605
123.0	26.28354601509269	23.734773112632816	23.765731018401492	26.212825661547722	0.003124192325279544
124.0	26.23384295537233	23.79526883674959	23.751814161679793	26.215949853873006	0.003124192325279544
125.0	26.19748871740544	23.73676123502163	23.756074423941538	26.30655143130611	0.003124192325279544
126.0	26.343189686757118	23.785044207321402	23.72966079791872	26.138981115677478	0.003124192325279544
127.0	26.34773396650298	23.623438258859213	23.82310255019299	26.202317014635423	0.0034082098093958665
128.0	26.283620665170837	23.818909937799994	23.747337328523958	26.146723849015878	0.003408219489335113
129.0	26.21602431196569	23.747337328523958	23.688829560623702	26.344116561106535	0.003692237780113039
130.0	26.213184129057908	23.77715924905564	23.824874321906332	26.181374080490784	0.003408219489335113
131.0	26.323742008412648	23.79540400296516	23.598294749338947	26.27915101011392	0.0034082291693293457
132.0	26.184288631567586	23.655666607022656	23.81897758805302	26.33794296328485	0.0031242100718852335
133.0	26.158726912797615	23.768990226902854	23.715594636583365	26.353279994546835	0.0034082291693293457
134.0	26.170939733987712	23.73604401159934	23.787735487334167	26.30187253790945	0.0034082291693293457
135.0	26.29939106132558	23.70344913771557	23.853411647088226	26.139771875213015	0.003976278657608325
136.0	26.16788984572039	23.805412283292814	23.832962213991955	26.189475358433118	0.004260298561723205
137.0	26.244007180023175	23.806264343005157	23.708845515893753	26.23662266251619	0.004260298561723205
138.0	26.35570185777947	23.68278294853261	23.727942241548252	26.228744600056235	0.004828352083433924
139.0	26.16597602297159	23.867396410546256	23.73703090429354	26.22533635152675	0.0042603106618534625
140.0	26.29670023801003	23.74192668836591	23.760956130036412	26.196156620825594	0.004260322762052453
141.0	26.351516390881773	23.65672023312486	23.74079060229603	26.246712450935284	0.004260322762052453
142.0	26.205813352419575	23.747607118715315	23.792482518475598	26.249836687627454	0.004260322762052453
143.0	26.203257158762348	23.829405315746722	23.787654152678606	26.1751390285328	0.0045443442795226165
144.0	26.159233823554473	23.754423635134597	23.766068517350874	26.315729679680533	0.0045443442795226165
145.0	26.215186062496095	23.79305056151054	23.65047175974052	26.336747271973326	0.0045443442795226165
146.0	26.27312645206001	23.715512687241187	23.784813937503905	26.22285464346779	0.003692279727112126
147.0	26.19339080051692	23.72921311615093	23.667296249485208	26.406691565957086	0.0034082678898561427
148.0	26.284636620806403	23.72814442008157	23.768759727792233	26.21561900001136	0.002840231308437759
149.0	26.22393015283328	23.79609353476311	23.760590542570927	26.216545530457307	0.0028402393753745566
150.0	26.188143136703562	23.745537273881443	23.753489944132493	26.30998940590713	0.0028402393753745566
151.0	26.342084110848862	23.783312457573924	23.730768029129496	26.140995163072343	0.0028402393753745566
152.0	26.35117287685006	23.61971466955235	23.826484096079618	26.19950409420506	0.0031242633129120127
153.0	26.279389460409792	23.817747002118825	23.7475928902926	26.152146374992192	0.003124272186592896
154.0	26.210655472304744	23.754125459410027	23.68595952079345	26.345851250560948	0.0034082969308286137
155.0	26.203270828954615	23.779403661647002	23.828823967144018	26.185377270067768	0.003124272186592896
156.0	26.32689636759723	23.7922523510215	23.601387180790784	26.276339819530165	0.0031242810603241866
157.0	26.180623208863867	23.657340214325682	23.823495161624738	26.335985185227262	0.002556229958447062
158.0	26.167558033520695	23.78145938008583	23.703352353577728	26.34478997730636	0.0028402555093856243
159.0	26.16841011017351	23.74027567519974	23.788844044410233	26.29962991470713	0.0028402555093856243
160.0	26.30595319245626	23.70341967734606	23.8562258577596	26.130992956146333	0.003408316291751875
161.0	26.171040672574414	23.807941376959782	23.832935696432628	26.184389911383775	0.003692342649397864
162.0	26.259088843444673	23.7994205862304	23.71165644171779	26.226141785957736	0.003692342649397864
163.0	26.358288906751042	23.686161344470985	23.72649320180982	26.224796139502782	0.004260407465369988
164.0	26.169410842452972	23.876459544590844	23.732741799425696	26.21769546039383	0.00369235313665399
165.0	26.30865887672618	23.744170325893695	23.7575196405342	26.185958793221957	0.0036923636239696886
166.0	26.359215855577457	23.660666102397766	23.74388629792262	26.232539380478187	0.0036923636239696886
167.0	26.210101170763295	23.74757866154659	23.79273910894745	26.245888695118698	0.0036923636239696886
168.0	26.214361590329418	23.832503024897893	23.780809934162317	26.168349059015334	0.00397639159504428
169.0	26.157555996114496	23.76433631183999	23.76320019995569	26.310931100494777	0.00397639159504428
170.0	26.214361590329418	23.786206465612732	23.659245962542393	26.33620958992042	0.00397639159504428
171.0	26.271735240486482	23.716335584728384	23.791887025034224	26.21663381409801	0.0034083356528950975
172.0	26.191429715658792	23.734296758947618	23.675502801943892	26.395646406893945	0.0031243165557534288
173.0	26.287506106636066	23.735784319294698	23.757938626887377	26.215930651336645	0.0028402958452152373
174.0	26.235603209543424	23.789249449691116	23.757722076262162	26.21458496059078	0.00284030391251864
175.0	26.189022225378118	23.74721295178584	23.755165802740894	26.30575871618263	0.00284030391251864
176.0	26.341262515089113	23.79095363203863	23.72761485478946	26.137328694170275	0.00284030391251864
177.0	26.348931335652914	23.613718667897466	23.82674146133636	26.20776823120074	0.00284030391251864
178.0	26.282826905707324	23.82112851275584	23.75239296284304	26.14081130671393	0.0028403119798678686
179.0	26.220624073348215	23.74784846367525	23.68706578730608	26.341337332492603	0.003124343177854656
180.0	26.198469639905248	23.77426336508802	23.842146821406864	26.18227986162	0.0028403119798678686
181.0	26.334311350202945	23.788248459836456	23.602775560750185	26.271824309163154	0.0028403200472629257
182.0	26.184626483712186	23.648504713511116	23.82772890849341	26.336867638245476	0.00227225603781034
183.0	26.16730053142388	23.785976203798644	23.69565402629568	26.348512950439257	0.002556288042536633
184.0	26.166732467414427	23.747631883160594	23.788248459836456	26.294830901545986	0.002556288042536633
185.0	26.30655093276375	23.707366674998294	23.855631802585837	26.127610261537416	0.0028403281147038107
186.0	26.17135131450385	23.803937830898224	23.833193210479674	26.188677316003545	0.0028403281147038107
187.0	26.25599309232203	23.795132813742644	23.721852348383283	26.224181417437343	0.0028403281147038107
188.0	26.35576346816409	23.67647434750377	23.724476028982792	26.239877751930717	0.003408403418628629
189.0	26.16375674224801	23.878422250057515	23.731860903056486	26.223119768455796	0.002840336182190524
190.0	26.308972647484875	23.737893032635554	23.756355270258755	26.194222739796064	0.00255630982475076
191.0	26.35583832760531	23.658931462493253	23.74186951458517	26.240804385491522	0.00255630982475076
192.0	26.21098077086943	23.750106512909362	23.792995711080184	26.24336069531627	0.00255630982475076
193.0	26.210696736444454	23.83844121907575	23.783622575056096	26.164683159598944	0.00255630982475076
194.0	26.164115090748997	23.76175192433323	23.758911580083506	26.312665095009514	0.00255630982475076
195.0	26.21353708069418	23.78759905700571	23.66091970346806	26.3353878490073	0.00255630982475076
196.0	26.269491862413723	23.718010622887494	23.785610816030903	26.224898457693076	0.0019882409748061465
197.0	26.18890047121445	23.73739238615158	23.674336564707485	26.397666366536104	0.0017042113903808626
198.0	26.28497903814036	23.735187520592614	23.764443232557348	26.21397002851722	0.0014201801924628196
199.0	26.23137073341154	23.792346343167637	23.755137516438634	26.220009259601156	0.0011361473810382683
200.0	26.18961731715838	23.745480263699807	23.75598962697441	26.30777664478636	0.0011361473810382683
201.0	26.330783629252387	23.796890932691788	23.723609426614818	26.147579864059967	0.0011361473810382683
202.0	26.342997213598547	23.61965194124982	23.82898709620612	26.207227601564476	0.0011361473810382683
203.0	26.284560281310892	23.827634591241413	23.74753597336863	26.13913300347094	0.001136150608124613
204.0	26.21724335777951	23.75009231223691	23.682775388705526	26.3484687530179	0.0014201882601557662
205.0	26.197360722137326	23.775939738571743	23.844392812711256	26.181170575971553	0.001136150608124613
206.0	26.337750131367788	23.782540155937117	23.60586823455896	26.27270532430091	0.00113615383522929
207.0	26.1792566713533	23.64733784954483	23.83082669393436	26.341726669791086	8.521153764219675E-4
208.0	26.176132248306423	23.78623265590161	23.690511695283544	26.346271285132005	8.521153764219675E-4
209.0	26.167327056083394	23.741922656327667	23.78850496357207	26.30139320864045	8.521153764219675E-4
210.0	26.30459234684603	23.708189420105434	23.850209052899473	26.1361570623523	8.521177967642248E-4
211.0	26.165129067442283	23.803626613343027	23.84310807125977	26.18728413015815	8.521177967642248E-4
212.0	26.260850299945464	23.796241592437738	23.716710598073078	26.225345391746956	8.521177967642248E-4
213.0	26.348125193502298	23.69149839659379	23.722742804554866	26.23649744505955	0.0011361602894936417
214.0	26.169463987979423	23.876976563853628	23.730979966653695	26.222011401368505	5.680801447468209E-4
215.0	26.316103413603287	23.731899494975316	23.75263447915424	26.199078571387997	2.840408791633292E-4
216.0	26.359561668115276	23.651799967051257	23.740136680471053	26.24821764348325	2.840408791633292E-4
217.0	26.21668910589612	23.744397293658505	23.785583221137184	26.253046338429026	2.840408791633292E-4
218.0	26.205043429850424	23.84210735609069	23.776777953883123	26.175787219296602	2.840408791633292E-4
219.0	26.153063948963535	23.764848236958265	23.75774721497918	26.324056558219862	2.840408791633292E-4
220.0	26.214132737983654	23.788423629928822	23.657764825513688	26.339394765694678	2.840408791633292E-4
221.0	26.272077077332966	23.720821900687948	23.783310894103877	26.2237901278752	0.0
222.0	26.194040237345234	23.735375403694245	23.66947773255203	26.401106626408495	0.0
223.0	26.281883769811966	23.729193887405557	23.76271090155087	26.226211441231605	0.0
224.0	26.240488100005965	23.79231890109328	23.74289536696974	26.22429763193101	0.0
225.0	26.190496479283304	23.746019843264907	23.75624540204909	26.3072382754027	0.0
226.0	26.325701089874144	23.79231890109328	23.726704898894788	26.155275110137786	0.0
227.0	26.347004337341183	23.618200358462644	23.82583601044143	26.20895929375474	0.0
228.0	26.2843054269467	23.820506848303406	23.73841810156281	26.15676962318709	0.0
229.0	26.223804032290133	23.752052218668513	23.680473103863566	26.343386601071415	2.84044106368837E-4
230.0	26.192843224695935	23.773923614858916	23.848059126621184	26.185174033823973	0.0
231.0	26.33550817055193	23.788761478965053	23.602428015917877	26.27330233456514	0.0
232.0	26.18183987252064	23.654976324856484	23.832220350681848	26.33096345194102	0.0
233.0	26.170194031080197	23.785921029833236	23.694742612701923	26.34914232638465	0.0
234.0	26.159968414205654	23.748995191119622	23.789329568791416	26.301706825883308	0.0
235.0	26.299793214715837	23.707591974004135	23.85870429704365	26.13391051423637	0.0
236.0	26.170268366396254	23.79990683300384	23.836264685163723	26.19356011543618	0.0
237.0	26.260310859635965	23.798202558683844	23.70645579112414	26.235030790556046	0.0
238.0	26.34645154876369	23.692320802147393	23.72555424578546	26.23538935677664	2.840465268210933E-4
239.0	26.16807032992004	23.880643649429775	23.724986152731816	26.226299867918364	0.0
240.0	26.314488776779783	23.728404319988183	23.741755151432518	26.21535175179952	0.0
241.0	26.349504854865373	23.661574124050475	23.739411052843888	26.249509968240258	0.0
242.0	26.22432455467485	23.7432881615955	23.779368732066253	26.2530185516634	0.0
243.0	26.196401986521657	23.84138511017922	23.783425954337275	26.17878694896185	0.0
244.0	26.162347994090236	23.77258779406751	23.748153199227183	26.31691101261507	0.0
245.0	26.19954822486468	23.795763542598987	23.661935813834546	26.342752418701785	0.0
246.0	26.269772939735685	23.724117942903906	23.78549326150148	26.220615855858924	0.0
247.0	26.193148719114532	23.746749833051535	23.666046234068855	26.39405521376508	0.0
248.0	26.275810329246873	23.738398495001338	23.763974378648115	26.22153262061871	2.841764849642222E-4
249.0	26.22501726377052	23.803542554128672	23.747559627500404	26.223596377307874	2.8417729252926317E-4
