# Position (bp)	A	C	G	T	N
0.0	26.33236096314847	23.731224238232553	23.65899368052341	26.277421118095567	0.0
1.0	26.360806974292615	23.682140924885797	23.64616508726232	26.31060813109707	2.7888246219748226E-4
2.0	26.215354755590507	23.768052894737576	23.843067047035827	26.172688713577003	8.365890590882853E-4
3.0	26.39492698053279	23.66907136861655	23.733766867538755	26.202234783311905	0.0
4.0	26.34079824656801	23.737699066676704	23.655994936017024	26.265507750738266	0.0
5.0	26.200096481761882	23.791119774020753	23.71192665155305	26.296857092664318	0.0
6.0	26.198410020606712	23.751258292180324	23.82710438039044	26.222948460909983	2.788459125371911E-4
7.0	26.212133041848844	23.797068796288034	23.629204961184975	26.36131435709824	2.7884357990541625E-4
8.0	26.198748550013384	23.736280895868653	23.761655661640045	26.303036048898008	2.7884357990541625E-4
9.0	26.450117950176505	23.645524864343354	23.645524864343354	26.258274637087105	5.576840496784952E-4
10.0	26.17252417546873	23.912801008287136	23.707853262991176	26.20682155325295	0.0
11.0	26.175312580166636	23.72848745775567	23.754698461915968	26.34150150016173	0.0
12.0	26.187581560837415	23.74884281205037	23.845042774128068	26.21797517204457	5.57680939580847E-4
13.0	26.22355198144038	23.655431254670578	23.746333247822257	26.37468351606679	0.0
14.0	26.19789865821966	23.62364344111447	23.806005108357407	26.372452792308465	0.0
15.0	26.33564585029613	23.722352967420278	23.799034096612644	26.142688245201157	2.788404697904235E-4
16.0	26.287406449022388	23.759438749902408	23.686940227756896	26.26565689237873	5.57680939580847E-4
17.0	26.20486966996442	23.72904513869525	23.72876629822546	26.33731889311487	0.0
18.0	26.231917195534095	23.73713151231917	23.645671838227912	26.385279453918827	0.0
19.0	26.31780006022954	23.71649731755468	23.770313528224232	26.195389093991544	0.0
20.0	26.19176416788427	23.780351785136688	23.78258250889501	26.245301538084032	0.0
21.0	26.209052277011274	23.82106249372609	23.750794695338904	26.219090533923733	0.0
22.0	26.311386729424363	23.83277379345729	23.625037643463422	26.23052299318514	2.788404697904235E-4
23.0	26.29242557747861	23.691122834803753	23.727929776816087	26.288242970431757	2.788404697904235E-4
24.0	26.347914830966907	23.6052399701083	23.74242948124519	26.304415717679603	0.0
25.0	26.337040052645083	23.730160500574414	23.65654661654974	26.276252830230767	0.0
26.0	26.361856854456427	23.68219993977046	23.647066040576863	26.308598324726457	2.788404697904235E-4
27.0	26.21546560781646	23.771150049633604	23.84615813600723	26.16638968513334	8.365214093712705E-4
28.0	26.392250465663587	23.66379646876429	23.733785426681685	26.210167638890436	0.0
29.0	26.340664978752354	23.73685267184938	23.651806328563303	26.27067602083496	0.0
30.0	26.190927646474897	23.80070713943139	23.70367065594432	26.304694558149393	0.0
31.0	26.199571701038405	23.751352376278483	23.826360462652108	26.22243661956122	2.788404697904235E-4
32.0	26.21239836264876	23.792620765807467	23.63089329332902	26.36380873774496	2.788404697904235E-4
33.0	26.19204300835406	23.748285131110787	23.758602228493032	26.300790791572325	2.788404697904235E-4
34.0	26.454153049957057	23.64121039071127	23.655710095140368	26.248647623721517	2.788404697904235E-4
35.0	26.169178089831245	23.915310572515253	23.713430072386988	26.202081265266514	0.0
36.0	26.1675050470125	23.73545846950043	23.756092664264923	26.340943819222147	0.0
37.0	26.192321848823852	23.74689092876184	23.84225436943016	26.21797517204457	5.57680939580847E-4
38.0	26.23052299318514	23.652364009502882	23.74326600265456	26.37384699465742	0.0
39.0	26.202081265266514	23.625037643463422	23.804053225068873	26.36882786620119	0.0
40.0	26.337597733584662	23.72346832929944	23.791226563458515	26.147428533187593	2.788404697904235E-4
41.0	26.288800651371336	23.75525614285555	23.686661387287106	26.268724137546428	5.57680939580847E-4
42.0	26.207658074662326	23.726814414936925	23.732112383862944	26.33341512653781	0.0
43.0	26.233032557413257	23.739919917017076	23.646787200107074	26.380260325462597	0.0
44.0	26.319751943518078	23.713987753326567	23.76111179272115	26.205148510434213	0.0
45.0	26.194273732112382	23.7828613493648	23.773101932922135	26.24976298560068	0.0
46.0	26.21379256499771	23.818831769967765	23.743823683594144	26.22355198144038	0.0
47.0	26.308598324726457	23.8352833576854	23.623085760174888	26.232753716943463	2.788404697904235E-4
48.0	26.286012246673433	23.69697848466935	23.731833543393154	26.28489688479427	2.788404697904235E-4
49.0	26.3509820761346	23.609422577155158	23.740198757486866	26.299396589223374	0.0
50.0	26.33453048841697	23.73657383137959	23.659613861717435	26.269281818486007	0.0
51.0	26.355722364121036	23.69000747292459	23.646787200107074	26.307204122377502	2.788404697904235E-4
52.0	26.221042417212264	23.769755847284653	23.844206252718696	26.164158961375016	8.365214093712705E-4
53.0	26.38862553955631	23.659056180777853	23.73573730997022	26.21658096969562	0.0
54.0	26.333693967007594	23.742987162184768	23.65710429748932	26.266214573318315	0.0
55.0	26.197619817749867	23.80070713943139	23.70394949641411	26.29744470593484	2.788404697904235E-4
56.0	26.212119522178973	23.748285131110787	23.825245100772946	26.214071405467504	2.788404697904235E-4
57.0	26.212119522178973	23.797082213324114	23.629220250510276	26.36129917351685	2.788404697904235E-4
58.0	26.199014020098822	23.74410252406393	23.751073535808693	26.305531079558765	2.788404697904235E-4
59.0	26.452758847608106	23.648739083395608	23.654594733261206	26.243628495265288	2.788404697904235E-4
60.0	26.171966494529148	23.91335868922672	23.712314710507822	26.202360105736304	0.0
61.0	26.1675050470125	23.734900788560847	23.752188897687855	26.34540526673879	0.0
62.0	26.188696922716577	23.74856397158058	23.845321614597857	26.21685981016541	5.57680939580847E-4
63.0	26.238888207278855	23.64929676433519	23.74354484312435	26.36827018526161	0.0
64.0	26.198456339159243	23.62364344111447	23.80851467258552	26.369385547140773	0.0
65.0	26.339549616873192	23.71649731755468	23.795688010975162	26.147986214127172	2.788404697904235E-4
66.0	26.29214673700882	23.763342516479472	23.68247878024025	26.261474285331875	5.57680939580847E-4
67.0	26.201244743857146	23.727093255406718	23.738246874198335	26.33341512653781	0.0
68.0	26.230801833654933	23.741314119366027	23.650412126214352	26.377471920764695	0.0
69.0	26.322261507746187	23.71510311520573	23.7683616449357	26.194273732112382	0.0
70.0	26.199014020098822	23.782024827955432	23.776726859029413	26.24223429291634	0.0
71.0	26.21881169345394	23.82022597231672	23.74187180030561	26.219090533923733	0.0
72.0	26.30608876049834	23.834167995806236	23.628662569570697	26.230801833654933	2.788404697904235E-4
73.0	26.292704417948404	23.693911239501656	23.739083395607704	26.274022106472444	2.788404697904235E-4
74.0	26.3540493213023	23.60551881057809	23.73685267184938	26.30357919627023	0.0
75.0	26.33676121217529	23.734621948091057	23.6576619784289	26.27095486130475	0.0
76.0	26.35516468318146	23.69614196325998	23.643719954939378	26.304694558149393	2.788404697904235E-4
77.0	26.221042417212264	23.78258250889501	23.84615813600723	26.149380416476127	8.365214093712705E-4
78.0	26.392529306133376	23.65654661654974	23.734064267151478	26.21685981016541	0.0
79.0	26.33564585029613	23.74744860970142	23.658498499838274	26.258407040164183	0.0
80.0	26.19036996553532	23.799034096612644	23.712593550977616	26.297723546404633	2.788404697904235E-4
81.0	26.198456339159243	23.75748686661387	23.826918143591687	26.21685981016541	2.788404697904235E-4
82.0	26.214350245937297	23.787322796881448	23.638421986013363	26.359626130698103	2.788404697904235E-4
83.0	26.199571701038405	23.740198757486866	23.757208026144085	26.30274267486086	2.788404697904235E-4
84.0	26.457499135594542	23.64957560480498	23.656267776079947	26.236378643050738	2.788404697904235E-4
85.0	26.176427942045798	23.90666651795175	23.713987753326567	26.20291778667589	0.0
86.0	26.164995482784388	23.74075643842645	23.749679333459742	26.344568745329422	0.0
87.0	26.180889389562445	23.74912165252016	23.852292626342617	26.217138650635196	5.57680939580847E-4
88.0	26.23108067412472	23.64399879540917	23.74521788594309	26.379702644523018	0.0
89.0	26.20291778667589	23.626989526751956	23.80795699164594	26.36213569492622	0.0
90.0	26.34707830955754	23.711757029568243	23.797639894263696	26.143245926140736	2.788404697904235E-4
91.0	26.29047369419008	23.763621356949262	23.688334430105847	26.257012837815232	5.57680939580847E-4
92.0	26.197619817749867	23.723747169769233	23.734064267151478	26.344568745329422	0.0
93.0	26.230801833654933	23.73713151231917	23.647902561986236	26.384164092039665	0.0
94.0	26.321146145867026	23.720122243661955	23.772265411512766	26.186466198958254	0.0
95.0	26.195110253521754	23.7887169992304	23.772544251982556	26.243628495265288	0.0
96.0	26.212119522178973	23.813533801041746	23.75525614285555	26.219090533923733	0.0
97.0	26.30302151533065	23.83611987909477	23.631729814738392	26.228849950366396	2.788404697904235E-4
98.0	26.293819779827565	23.69419007997145	23.740198757486866	26.27151254224433	2.788404697904235E-4
99.0	26.359347290228314	23.608586055745786	23.734064267151478	26.29800238687442	0.0
100.0	26.33536700982634	23.725977893527556	23.662681106885127	26.275973989760974	0.0
101.0	26.353770480832505	23.691959356213125	23.64957560480498	26.304415717679603	2.788404697904235E-4
102.0	26.21797517204457	23.77756338043878	23.848946540705132	26.154678385402143	8.365214093712705E-4
103.0	26.391135103784425	23.65821965936848	23.731275862453575	26.21936937439352	0.0
104.0	26.33787657405445	23.746054407352464	23.657940818898695	26.25812819969439	0.0
105.0	26.19315837023322	23.797639894263696	23.70478601782348	26.30413687720981	2.788404697904235E-4
106.0	26.1967832963405	23.745496726412885	23.835004517215612	26.22243661956122	2.788404697904235E-4
107.0	26.21184068170918	23.787601637351237	23.640373869301897	26.359904971167897	2.788404697904235E-4
108.0	26.203475467615466	23.739083395607704	23.75023701439932	26.306925281907716	2.788404697904235E-4
109.0	26.46000869982266	23.647344881046656	23.654315892791416	26.23805168586948	2.788404697904235E-4
110.0	26.17810098486454	23.899974346676782	23.71649731755468	26.205427350904	0.0
111.0	26.170293451710407	23.7362949909098	23.745496726412885	26.347914830966907	0.0
112.0	26.17810098486454	23.746612088292046	23.858148276208215	26.21658096969562	5.57680939580847E-4
113.0	26.233032557413257	23.645392997758123	23.752188897687855	26.369385547140773	0.0
114.0	26.20375430808526	23.624758802993632	23.80879351305531	26.3626933758658	0.0
115.0	26.342059181101305	23.71621847708489	23.79624569191474	26.14519780942927	2.788404697904235E-4
116.0	26.293540939357772	23.756371504734712	23.68331530164962	26.266214573318315	5.57680939580847E-4
117.0	26.20291778667589	23.720958765071327	23.740198757486866	26.33592469076592	0.0
118.0	26.241118931037178	23.732391224332737	23.64483531681854	26.38165452781155	0.0
119.0	26.32281918868577	23.71761267943384	23.765852080707585	26.193716051172807	0.0
120.0	26.196504455870706	23.775332656680458	23.78146714701585	26.246695740432983	0.0
121.0	26.207173469928364	23.812763679254488	23.759226159770456	26.220836691046685	0.0
122.0	26.310902413928677	23.831167201577124	23.634584122221696	26.22306742102519	2.7884124731266747E-4
123.0	26.30281601775661	23.699275291598234	23.73747654248007	26.260153306917772	2.7884124731266747E-4
124.0	26.357747743477205	23.611719139942057	23.738034224974694	26.29249889160604	0.0
125.0	26.338023456191127	23.725831367497058	23.66978412050437	26.26636105580744	0.0
126.0	26.365907658675052	23.682889695671815	23.648870968641425	26.302052834986867	2.788420248392476E-4
127.0	26.22704433030511	23.76960956539682	23.848521858426327	26.15398771979723	8.365260745177427E-4
128.0	26.387657336612513	23.65416896711337	23.74284073101225	26.21533296526186	0.0
129.0	26.332725457719185	23.745629151260644	23.662813069883388	26.258832321136783	0.0
130.0	26.194419813398916	23.796657241806226	23.71412000245381	26.29452410031621	2.788420248392476E-4
131.0	26.205015810342807	23.74785988745936	23.828166390613063	26.21867906955993	2.788420248392476E-4
132.0	26.21791565005228	23.785569884977345	23.636946671314046	26.359288950853955	2.788428023701638E-4
133.0	26.202094672972247	23.74018470598733	23.749386544124206	26.308055233336308	2.7884357990541625E-4
134.0	26.46615954314268	23.639522173641474	23.65513741411618	26.238902025519767	2.7884357990541625E-4
135.0	26.18731596323726	23.8932698313554	23.718156063174803	26.201258142232533	0.0
136.0	26.170306504863035	23.736280895868653	23.750223074863925	26.34318952440439	0.0
137.0	26.186758276077455	23.750223074863925	23.85562594806817	26.20683501383064	5.576871598108325E-4
138.0	26.241690461318818	23.64537788881949	23.75050191844383	26.362429731417862	0.0
139.0	26.202094672972247	23.62083965378781	23.81826090836085	26.358804764879096	0.0
140.0	26.344583742303918	23.714252253056127	23.798741857767467	26.142143303292585	2.7884357990541625E-4
141.0	26.286305434103685	23.75970375658071	23.688040956545017	26.26539216561078	5.576871598108325E-4
142.0	26.205998483090926	23.720386811814045	23.74855001338449	26.325064691710537	0.0
143.0	26.241690461318818	23.73711742660837	23.64900285535826	26.372189256714552	0.0
144.0	26.330920406888552	23.707560007138394	23.7694632818774	26.192056304095658	0.0
145.0	26.199585080753103	23.77002096903721	23.78201124297314	26.24838270723655	0.0
146.0	26.208302311898567	23.809683149156633	23.759491164816534	26.222523374128265	0.0
147.0	26.307849747506435	23.83477914132669	23.635405425753508	26.22168684105593	2.788443574450049E-4
148.0	26.306176681361766	23.692568519029734	23.74638548001662	26.25459047523444	2.788443574450049E-4
149.0	26.368080128714556	23.59887681492821	23.745270102586836	26.287772953770393	0.0
150.0	26.336365309434445	23.72163447864325	23.66921159326533	26.27278861865697	0.0
151.0	26.372894022117997	23.683990385419744	23.642721305441384	26.300115441885886	2.788451349889298E-4
152.0	26.229846467868672	23.76374009402658	23.855758988572926	26.149817914126857	8.365354049667895E-4
153.0	26.388788194812363	23.654990491380897	23.74031710268751	26.215904211119227	0.0
154.0	26.337759535109388	23.7380863416076	23.66949043840032	26.25466368488269	0.0
155.0	26.190529303835238	23.798874581035186	23.719124872428353	26.29119239756624	2.788451349889298E-4
156.0	26.20698116679958	23.743663244307374	23.831778306963876	26.217298436794174	2.788451349889298E-4
157.0	26.21067924075835	23.783883263947175	23.648642996366636	26.3565156530153	2.788459125371911E-4
158.0	26.20545424125816	23.739612960794155	23.76136300262116	26.29329094863644	2.7884669008978866E-4
159.0	26.468964363393006	23.64090123250237	23.653449333556413	26.236406223858122	2.7884669008978866E-4
160.0	26.18286765936088	23.892420946963362	23.725670626289666	26.19904076738609	0.0
161.0	26.171156098377114	23.727343706430204	23.752439908538285	26.349060286654396	0.0
162.0	26.184540739501422	23.745747587976133	23.855613183871508	26.213540795270763	5.576933801795773E-4
163.0	26.237800457308573	23.650939713345604	23.747141821426577	26.364118007919245	0.0
164.0	26.203223467737434	23.626122357927613	23.816574647258935	26.354079527076014	0.0
165.0	26.349896826724667	23.713122525235626	23.797334225642743	26.139367575706878	2.7884669008978866E-4
166.0	26.289665941665273	23.76136300262116	23.689978249958173	26.258435112375217	5.576933801795773E-4
167.0	26.2043388544978	23.71897830572751	23.7493725949473	26.327310244827395	0.0
168.0	26.235848530477945	23.73041102002119	23.65317048686632	26.380569962634542	0.0
169.0	26.318108304054434	23.714516758686074	23.77168033015448	26.195694607105015	0.0
170.0	26.2043388544978	23.766939936422954	23.780324577547265	26.248396631531985	0.0
171.0	26.213892738533097	23.809669872483052	23.754179226421353	26.222258162562497	0.0
172.0	26.31148935220945	23.83365075470067	23.628976713447976	26.225604332174257	2.7884746764672254E-4
173.0	26.30730664019475	23.687534681653787	23.74358302265078	26.261296808033034	2.7884746764672254E-4
174.0	26.364470371062325	23.596909254668606	23.748881124536066	26.289739249733003	0.0
175.0	26.333870580952436	23.72496639878645	23.668917901499643	26.272245118761468	0.0
176.0	26.370678549319887	23.683975706740878	23.639917683998014	26.305149211696012	2.788482452079929E-4
177.0	26.222331282869238	23.75619740224975	23.867736700332944	26.152898069812448	8.365447356239788E-4
178.0	26.38880368525841	23.653302399768	23.747274258403092	26.2106196565705	0.0
179.0	26.338889849366176	23.741139597008516	23.664456329576318	26.255514224048987	0.0
180.0	26.194446458348438	23.792726522371996	23.720504826863127	26.292043344171233	2.788482452079929E-4
181.0	26.206994629382795	23.74309153472497	23.826188311796955	26.22344667585007	2.788482452079929E-4
182.0	26.202884971989615	23.783590850405865	23.65615684699833	26.357088481583418	2.788490227735997E-4
183.0	26.215506279697504	23.73430075624066	23.756887590068484	26.29302652419301	2.7884980034354297E-4
184.0	26.467586499208068	23.64144377272626	23.653992013741718	26.23669886452361	2.7884980034354297E-4
185.0	26.185948200861088	23.888783545630982	23.722589064626227	26.2026791888817	0.0
186.0	26.16085171883017	23.72593526223035	23.756051040667455	26.357161978272025	0.0
187.0	26.182602003256967	23.748243246257836	23.860619715796282	26.207977335088227	5.576996006870859E-4
188.0	26.2392085127267	23.654270863542063	23.745175898454058	26.361344725277174	0.0
189.0	26.20574653668548	23.62025118790015	23.82409039195128	26.34991188346309	0.0
190.0	26.357161978272025	23.707810025208023	23.792301514712115	26.142168782207154	5.576996006870859E-4
191.0	26.291353425390945	23.757724139469516	23.69219443638878	26.258170299150063	5.576996006870859E-4
192.0	26.202400339081354	23.72035826622348	23.752704843063334	26.324536551631827	0.0
193.0	26.241439311129454	23.722589064626227	23.652876614540343	26.383095009703972	0.0
194.0	26.3192384054253	23.71561781961764	23.773339728288754	26.191804046668306	0.0
195.0	26.2090927342896	23.767762732281884	23.786724518705242	26.236420014723272	0.0
196.0	26.209444669074077	23.811329698980803	23.75751153744266	26.221714094502463	0.0
197.0	26.317638693306193	23.827781883077954	23.62728831755504	26.226733404904984	5.577011558356455E-4
198.0	26.31485018752701	23.688077743541122	23.734088088897565	26.262705129456382	2.7885057791782273E-4
199.0	26.369930816785782	23.59674635331123	23.73896094118172	26.29436188872127	0.0
200.0	26.328734119326736	23.727315315717266	23.66791964574526	26.276030919210736	0.0
201.0	26.377533378693407	23.67572752724393	23.641707472142595	26.304752769009404	2.788529106666815E-4
202.0	26.219144925434733	23.760777664997267	23.867578329782607	26.151662521053392	8.365587320000446E-4
203.0	26.397053082440074	23.65648667640793	23.7387482850546	26.207711956097395	0.0
204.0	26.338493971200073	23.740700255429267	23.66791964574526	26.252886127625402	0.0
205.0	26.197952104224065	23.786153279867936	23.726478756985266	26.289415858922737	0.0
206.0	26.217192955060064	23.74571960782127	23.81794251168394	26.218866072524065	2.788529106666815E-4
207.0	26.20666962251576	23.78147909573326	23.653764106510955	26.35780832155176	2.7885368825830774E-4
208.0	26.217060316220962	23.73664984244723	23.753102255932628	26.292908730933323	2.788544658542706E-4
209.0	26.46356766403614	23.646300995510444	23.656060901815344	26.233791584172224	2.788544658542706E-4
210.0	26.18359778031845	23.890577507598785	23.72382253701793	26.20200217506483	0.0
211.0	26.169097348094027	23.728005354005745	23.756727363988734	26.34616993391149	0.0
212.0	26.187222888374556	23.74613089428627	23.86101893421823	26.20506957418923	5.577089317085412E-4
213.0	26.2357435654332	23.6563397562812	23.742226931764314	26.36568974652129	0.0
214.0	26.209531245642896	23.62064638465185	23.82365243579376	26.34616993391149	0.0
215.0	26.36492670289926	23.708551653751023	23.785794556187938	26.140448231918327	2.788552434545703E-4
216.0	26.293818615818342	23.7590244528163	23.691820339143746	26.2547788817347	5.577104869091406E-4
217.0	26.206536924617062	23.722215560680297	23.752053071729932	26.31919444297271	0.0
218.0	26.245018948213794	23.719148153002294	23.658636565172653	26.37719633361126	0.0
219.0	26.32532925832871	23.726956099819024	23.767390110119933	26.180324531732335	0.0
220.0	26.21016204278197	23.7620918604943	23.78914081910939	26.238605277614337	0.0
221.0	26.20633114710213	23.806217373845538	23.76355240262348	26.223899076428857	0.0
222.0	26.31424842725204	23.82880471155133	23.631095792620354	26.225293356534152	5.577120421184135E-4
223.0	26.313690715209926	23.687145852853256	23.735945656538615	26.26293891937715	2.7885602105920675E-4
224.0	26.374554874835127	23.590727453730686	23.738242700226152	26.296474971208035	0.0
225.0	26.333078643413664	23.724087159724043	23.665527068704932	26.27730712815736	0.0
226.0	26.375186137432166	23.675008226298498	23.638477883805624	26.311048894887424	2.7885757628148995E-4
227.0	26.219304752290817	23.75894435675923	23.86435252059363	26.156561797627482	8.3657272884447E-4
228.0	26.39470616777187	23.66190192021327	23.733847174893892	26.209544737120964	0.0
229.0	26.333636358566224	23.74611690825028	23.666642499010056	26.253604234173437	0.0
230.0	26.190582421933822	23.798542132591198	23.724923732452886	26.285951713022094	0.0
231.0	26.21902589471453	23.74834776886053	23.81694673262578	26.215400746222873	2.7885757628148995E-4
232.0	26.210454399687677	23.785502154180787	23.6510924276014	26.352672160176237	2.7885835389913693E-4
233.0	26.214431517774482	23.727565782869124	23.764654047361436	26.293069792863438	2.7885913152112077E-4
234.0	26.454529230014167	23.650042944306254	23.655062408673636	26.240365417005947	0.0
235.0	26.190170773332145	23.886794346967687	23.719478868055013	26.20355601164516	0.0
236.0	26.175391239361524	23.728123501132167	23.752384245574508	26.3441010139318	0.0
237.0	26.184035872438677	23.749037935996252	23.86113930686774	26.205229166434286	5.577182630422415E-4
238.0	26.240086557874427	23.658687577383407	23.731469810710422	26.369756054031747	0.0
239.0	26.207738898617972	23.622435890285665	23.82293560584935	26.346889605247014	0.0
240.0	26.362946809519293	23.707048003614076	23.789870551425274	26.139855771644015	2.788637973441012E-4
241.0	26.294698505564746	23.758704060547075	23.688151323072976	26.25788838166521	5.57729149992889E-4
242.0	26.20895439144439	23.72537263486663	23.749912854334276	26.315760119354703	0.0
243.0	26.245559044490424	23.720140325828094	23.65014473192524	26.38415589775624	0.0
244.0	26.320853109644894	23.722928994907893	23.76810543400057	26.18811246144665	0.0
245.0	26.203317419239692	23.764612707478136	23.788595395323934	26.243474477958234	0.0
246.0	26.20520986421781	23.81110407736991	23.756166530484762	26.227519527927516	0.0
247.0	26.311415520020525	23.83136911501414	23.626673954632412	26.22998365785232	5.577524806041575E-4
248.0	26.310123440262835	23.69210774388237	23.733105752550525	26.26438416528612	2.78898018150683E-4
249.0	26.369044464835046	23.60181061098359	23.735682033060662	26.2934628911207	0.0
