# Position (bp)	A	C	G	T	N
0.0	26.27013274081579	23.798367506706118	23.68899736360392	26.24250238887418	0.0
1.0	26.199042147799357	23.798367506706118	23.742243354324728	26.260346991169797	0.0
2.0	26.239420284850105	23.710073356528845	23.709209999971222	26.341296358649824	0.0
3.0	26.356424076221607	23.580125060069694	23.886300656378324	26.17686244831129	2.877590190870558E-4
4.0	26.218050716026507	23.788423303015744	23.597655541904167	26.39587043905359	0.0
5.0	26.19162696494741	23.739614260397246	23.696747911344335	26.372010863311008	0.0
6.0	26.25233378690548	23.672726122015703	23.763056980360233	26.311883110718593	0.0
7.0	26.262390905377497	23.760909462250527	23.699062807435407	26.27763682493657	0.0
8.0	26.27794125684239	23.679918538525925	23.761322483309318	26.280817721322368	0.0
9.0	26.061645017660528	23.77037863709056	23.77584362092571	26.392132724323204	0.0
10.0	26.120182116776775	23.789651096238305	23.820713338644595	26.26945344834033	0.0
11.0	26.402330818633896	23.725513317936432	23.7373054655166	26.134562784557463	2.876133556137813E-4
12.0	26.232351325466148	23.734141718604846	23.781885535636732	26.25162142029227	0.0
13.0	26.266289701428576	23.75571272027588	23.817837205088455	26.16016037320709	0.0
14.0	26.2521966470035	23.70538038304347	23.67978279439384	26.362640175559193	0.0
15.0	26.115217578877736	23.858034455980903	23.757082458511896	26.26966550662947	0.0
16.0	26.35249791480917	23.744139894733816	23.693232477206706	26.210129713250307	0.0
17.0	26.35422358997958	23.65239149817366	23.78785699905088	26.205527912795883	0.0
18.0	26.274842532140703	23.73321061865455	23.704736978342776	26.28720987086198	0.0
19.0	26.278869107538323	23.70732549109839	23.65756852368489	26.35623687767839	0.0
20.0	26.26793983145906	23.670223474934566	23.855733555753687	26.206103137852686	0.0
21.0	26.360263453076016	23.661019874025712	23.56438206448273	26.41433460841554	0.0
22.0	26.26017429319221	23.77002502228997	23.649802985418045	26.319997699099773	0.0
23.0	26.391613218671807	23.692369639621504	23.72170611751848	26.194311024188217	0.0
24.0	26.320572924156576	23.80597658834019	23.508872846501195	26.36457764100204	0.0
25.0	26.280594782708732	23.79332163709051	23.691506802036297	26.23457677816446	0.0
26.0	26.213868676119535	23.788432224107684	23.728033593143316	26.26966550662947	0.0
27.0	26.245506054243723	23.696396215019124	23.72371940521729	26.334378325519857	0.0
28.0	26.356448685758334	23.57207980649485	23.8855765607968	26.18560733524883	2.876117011944514E-4
29.0	26.222134021300526	23.782611571769184	23.60400470532743	26.39124970160286	0.0
30.0	26.183018829938078	23.74666010911988	23.68539881676546	26.384922244176582	0.0
31.0	26.245142957396077	23.68597404016785	23.751837119741378	26.31704588269469	0.0
32.0	26.27764307963105	23.76161591758199	23.698053731618018	26.26268727116894	0.0
33.0	26.281669643447774	23.677920912534407	23.759315023972434	26.281094420045388	0.0
34.0	26.05416878780296	23.776859337745297	23.768518598410658	26.40045327604108	0.0
35.0	26.12520887799799	23.797279768530103	23.816262140808934	26.261249212662968	0.0
36.0	26.396139100523165	23.71559804539088	23.739469816590017	26.148505425794745	2.876117011944514E-4
37.0	26.245718180798466	23.728828183645824	23.787788582390686	26.23766505316502	0.0
38.0	26.257797872248634	23.750686672936602	23.826040938649548	26.165474516165215	0.0
39.0	26.25549697863908	23.701792683733544	23.68971299228338	26.352997345343997	0.0
40.0	26.12398329556044	23.8532954453942	23.762985630960735	26.259735628084623	0.0
41.0	26.366726873209622	23.751768806875052	23.66979970778735	26.211704612127974	0.0
42.0	26.353496773005997	23.652830666221828	23.789733442241985	26.203939118530194	0.0
43.0	26.28705866111386	23.72645904996376	23.695684686446626	26.290797602475752	0.0
44.0	26.268651565178374	23.71869355636598	23.661171381567595	26.35148349688805	0.0
45.0	26.26635067818644	23.672963427401264	23.842078621308517	26.218607273103782	0.0
46.0	26.364713597091676	23.643914729128078	23.57402528674804	26.417346387032204	0.0
47.0	26.253695799730796	23.7678750158186	23.658295272827676	26.32013391162293	0.0
48.0	26.391173797498936	23.701149293052474	23.7143793932561	26.193297516192494	0.0
49.0	26.338541007558412	23.804689207689563	23.511326116217802	26.34544366853422	0.0
50.0	26.28705866111386	23.781392726896218	23.698560795186545	26.232987816803377	0.0
51.0	26.22838604281951	23.794622827099847	23.714954615004082	26.262036515076563	0.0
52.0	26.25599668672273	23.68187936449501	23.713804171508116	26.34831977727414	0.0
53.0	26.357159908309917	23.579134466325176	23.88658960634813	26.176828408969982	2.876100467941546E-4
54.0	26.214792935146807	23.77672256847276	23.611346791566124	26.397137704814305	0.0
55.0	26.183155829999453	23.75716508529076	23.683536913311457	26.37614217139833	0.0
56.0	26.247580480481343	23.694753705136428	23.760328795805492	26.297337018576734	0.0
57.0	26.28554500665817	23.758890745571524	23.71143508785049	26.244129159919815	0.0
58.0	26.283531736330612	23.689864334340925	23.75774030538435	26.26886362394411	0.0
59.0	26.07300118207729	23.776147348379173	23.762342066133055	26.38850940341048	0.0
60.0	26.11010287811374	23.789377410531703	23.829642817082885	26.270876894271673	0.0
61.0	26.393111164159187	23.728979300704932	23.750837664261287	26.1267842608278	2.876100467941546E-4
62.0	26.226584947065373	23.737319992061963	23.793116341140028	26.24297871973264	0.0
63.0	26.25189463118326	23.751125274308084	23.848912690218093	26.148067404290565	0.0
64.0	26.257934442165933	23.70453244672743	23.694466095089634	26.343067016017002	0.0
65.0	26.111178219929016	23.85718476591486	23.770614390814913	26.261022623341212	0.0
66.0	26.367438034593636	23.755083492956448	23.66448658878209	26.212991883667826	0.0
67.0	26.3582345395664	23.652982219998044	23.774065701450127	26.214717538985425	0.0
68.0	26.291796809838537	23.719132340506306	23.68950859088739	26.299562258767768	0.0
69.0	26.273389819784065	23.70475187952625	23.66448658878209	26.357371711907597	0.0
70.0	26.266487198513634	23.68260596961696	23.836189292883972	26.214717538985425	0.0
71.0	26.357659321127198	23.658734404390067	23.565549017239295	26.418057257243436	0.0
72.0	26.242903242506344	23.773490483010924	23.67426530224853	26.309340972234207	0.0
73.0	26.393035255138138	23.701300568891035	23.72689778943554	26.178766386535283	0.0
74.0	26.33551341121791	23.81001685390027	23.5160802314679	26.33838950341392	0.0
75.0	26.300712695646173	23.78355680569696	23.693822729181406	26.22190776947546	0.0
76.0	26.225934298549873	23.782981587257762	23.721145605043514	26.26993850914885	0.0
77.0	26.248367817678762	23.686632498691377	23.71539342065149	26.349606262978366	0.0
78.0	26.35470743036282	23.579574051970837	23.892204374523647	26.17322653475028	2.876083924128906E-4
79.0	26.22211996146048	23.767382332216457	23.63191877938998	26.378578926933088	0.0
80.0	26.20572628309294	23.740634751722055	23.681387422885	26.372251542300006	0.0
81.0	26.24254015732179	23.69317936697393	23.762205381153024	26.30207509455126	0.0
82.0	26.27043817138584	23.759616905621307	23.71791368872144	26.252031234271417	0.0
83.0	26.283668157436836	23.679661772530523	23.762492989545436	26.27417708048721	0.0
84.0	26.078890982038853	23.781187535052272	23.76795754900128	26.371963933907594	0.0
85.0	26.107939429672555	23.796718388242567	23.825191619091445	26.27015056299343	0.0
86.0	26.382893052819284	23.723665856569696	23.7550151713427	26.138138310875913	2.876083924128906E-4
87.0	26.210903234156373	23.738621492975163	23.80362098966048	26.24685428320798	0.0
88.0	26.239951681790075	23.75587799651994	23.843310947813457	26.160859373876526	0.0
89.0	26.239664073397662	23.717626080329023	23.70353326910079	26.339176577172523	0.0
90.0	26.11419170769868	23.854171460126086	23.788021720123325	26.24361511205191	0.0
91.0	26.364410289448255	23.755234457687173	23.678443237770928	26.201912015093644	0.0
92.0	26.350029911186784	23.648244443421838	23.780256315862133	26.221469329529246	0.0
93.0	26.29279600570613	23.71813308177258	23.70116423542405	26.287906677097233	0.0
94.0	26.288769499792924	23.702889880815427	23.66751415029221	26.340826469099444	0.0
95.0	26.272663476140078	23.670965441074962	23.842091942386453	26.21427914039851	0.0
96.0	26.373901339100826	23.639616216464958	23.564263034374854	26.422219410059363	0.0
97.0	26.262021996226586	23.771052873774792	23.674704339422945	26.292220790575676	0.0
98.0	26.397197551884403	23.697712944641296	23.723885233077173	26.181204270397128	0.0
99.0	26.351467949012928	23.802402098384796	23.516807786112008	26.329322166490265	0.0
100.0	26.301424232663017	23.78198196125351	23.702602273250196	26.21399153283328	0.0
101.0	26.235274492660253	23.797800377341126	23.70030141272836	26.26662371727026	0.0
102.0	26.24792922553035	23.69138557820625	23.721584372555334	26.339100823708065	0.0
103.0	26.360883182771204	23.588641834700905	23.885739595107232	26.164447780682604	2.8760673805065904E-4
104.0	26.21880545417418	23.76551997860206	23.628043957813844	26.387630609409918	0.0
105.0	26.20241187010529	23.747113147366818	23.68383966499567	26.366635317532218	0.0
106.0	26.255619116644663	23.69074222670889	23.759767843841047	26.2938708128054	0.0
107.0	26.273163127665754	23.760055450579095	23.714613585967093	26.25216783578806	0.0
108.0	26.27028706028525	23.68642812563813	23.76638279881621	26.27690201526041	0.0
109.0	26.079603792957663	23.779900315504594	23.75717938319859	26.383316508339156	0.0
110.0	26.116705062166197	23.799169966953986	23.819590045355582	26.264534925524234	0.0
111.0	26.386767789195765	23.71835247356175	23.768396045982566	26.12619608452187	2.8760673805065904E-4
112.0	26.212765712675118	23.74366186651021	23.8054973151911	26.238075105623576	0.0
113.0	26.236061858457223	23.754878529294185	23.847775505684545	26.161284106564047	0.0
114.0	26.233761004552814	23.717202046609547	23.702534102968965	26.346502845868674	0.0
115.0	26.12899700314641	23.84137958803329	23.784721223590587	26.244902185229712	0.0
116.0	26.375187662856845	23.750208514285386	23.67514337154657	26.199460451311197	0.0
117.0	26.345564254036546	23.651559686854682	23.789898129986366	26.2129779291224	0.0
118.0	26.291206736880856	23.715983410891063	23.711094110406158	26.281715741821927	0.0
119.0	26.303286185137676	23.701027903525475	23.666802800131148	26.328883111205702	0.0
120.0	26.273087564495622	23.67514337154657	23.837640711191895	26.214128352765908	0.0
121.0	26.36914793872844	23.634878544023838	23.561251430839405	26.434722086408318	0.0
122.0	26.242026126120944	23.785008829501464	23.678307036566217	26.29465800781138	0.0
123.0	26.39877134754873	23.696426208951447	23.726049617771743	26.178752825728075	0.0
124.0	26.344989042214795	23.795362642293025	23.522424632871054	26.337223682621126	0.0
125.0	26.305011820602935	23.776380652175163	23.698439450327584	26.220168076894318	0.0
126.0	26.243464155675326	23.780407134927437	23.711094110406158	26.26503459899108	0.0
127.0	26.275676017693517	23.676869007011835	23.71684622862369	26.330608746670965	0.0
128.0	26.36117078950926	23.59525678967607	23.886890022059436	26.156394792017185	2.8760673805065904E-4
129.0	26.228008869791804	23.755453742770285	23.644725148620783	26.37181223881713	0.0
130.0	26.20557554422385	23.74912639453317	23.681826417829317	26.36347164341366	0.0
131.0	26.25331826274026	23.690454619970836	23.751427248437576	26.304799868851326	0.0
132.0	26.2711498804994	23.75832981015079	23.723241788108613	26.247278521241196	0.0
133.0	26.286105430878038	23.672910608949746	23.75832981015079	26.28265415002143	0.0
134.0	26.07787815252936	23.7827763828851	23.76551997860206	26.373825485983488	0.0
135.0	26.12274480366526	23.793705438931024	23.81872722514143	26.26482253226229	0.0
136.0	26.386192575719665	23.719790507252004	23.77069689988697	26.12303241040331	2.8760673805065904E-4
137.0	26.221393914816638	23.749414001271223	23.801183214120343	26.228008869791804	0.0
138.0	26.242101599956285	23.750852034961476	23.84950114611285	26.157545218969393	0.0
139.0	26.243539633646535	23.723241788108613	23.692755473875245	26.34046310436961	0.0
140.0	26.149355038180015	23.83180661211694	23.7817627518371	26.237075597865946	0.0
141.0	26.369451299130848	23.753645446858446	23.686057280252175	26.190845973758535	0.0
142.0	26.364274333178024	23.64636720794722	23.794198346822206	26.19516011205255	0.0
143.0	26.29524812047375	23.72488452489833	23.70906601782027	26.270801336807654	0.0
144.0	26.29812421266976	23.71021645469867	23.668800727076107	26.32285860555546	0.0
145.0	26.297261385010955	23.663048542684084	23.837627338981978	26.20206273332298	0.0
146.0	26.377791966499274	23.63543805760237	23.562385315823683	26.42438466007466	0.0
147.0	26.24750499001996	23.778379839744144	23.686344889471776	26.28777028076412	0.0
148.0	26.410579417533807	23.691521855424597	23.7418534688548	26.156045258186793	0.0
149.0	26.348455826099958	23.7927603007242	23.52672177259314	26.332062100582696	0.0
150.0	26.301287914085375	23.76572503408169	23.71539342065149	26.21759363118144	0.0
151.0	26.230823655283093	23.789021380869386	23.703026224208642	26.277128739638876	0.0
152.0	26.2834561424701	23.665637025660494	23.712229719235882	26.338677112633523	0.0
153.0	26.36089883891824	23.593514968664884	23.893204637424397	26.152093944945687	2.876100467941546E-4
154.0	26.22313362650384	23.7551518149632	23.643271506760275	26.37844305177268	0.0
155.0	26.208753124164136	23.74479785327861	23.687563453966572	26.358885568590683	0.0
156.0	26.261385762727464	23.691589994621694	23.745948293465787	26.301075949185055	0.0
157.0	26.281806076049847	23.753713764729227	23.72265187967546	26.24182827954546	0.0
158.0	26.292735257828028	23.666280310503808	23.765793386694583	26.275191044973585	0.0
159.0	26.075014452404847	23.78333759954903	23.773271247911232	26.36837670013489	0.0
160.0	26.117293129283592	23.79656766170156	23.823315396053417	26.262823812961432	0.0
161.0	26.394261604346365	23.708846597429343	23.771545587630467	26.125058600547035	2.876100467941546E-4
162.0	26.229748657580103	23.73099257103249	23.807209233432943	26.23204953795446	0.0
163.0	26.23348758818843	23.745085463325406	23.85610294138795	26.165324007098217	0.0
164.0	26.268576013897317	23.7157492385524	23.68526257359222	26.330412173958063	0.0
165.0	26.142177968368465	23.83984630030688	23.793540816414573	26.224434914910077	0.0
166.0	26.366015703644052	23.758232908625498	23.68517932641146	26.19057206131899	0.0
167.0	26.349334176996752	23.65239149817366	23.798786275130148	26.199488049699443	0.0
168.0	26.292099283844806	23.724582242802498	23.707613103626795	26.275705369725905	0.0
169.0	26.308205585435303	23.712214904081222	23.654692398400876	26.3248871120826	0.0
170.0	26.288360320975578	23.670223474934566	23.829560815669133	26.21185538842072	0.0
171.0	26.38729903074578	23.629670108429924	23.555466076102274	26.427564784722023	0.0
172.0	26.24751934194253	23.775777272858008	23.677701400673012	26.299001984526445	0.0
173.0	26.405993845091892	23.691794414564697	23.742701832091807	26.159509908251604	0.0
174.0	26.347608501826343	23.79993672524375	23.53101901118813	26.32143576174178	0.0
175.0	26.311944548304524	23.77031263481837	23.71509102936524	26.202651787511865	0.0
176.0	26.239753803675686	23.774051597687595	23.69869711524634	26.287497483390375	0.0
177.0	26.30187810981046	23.66389599930973	23.71048922891081	26.323736661968994	0.0
178.0	26.36983050944954	23.594936854487774	23.89578042445979	26.139164598247284	2.876133556137813E-4
179.0	26.22889996519878	23.745646252829395	23.640092151319138	26.38536163065268	0.0
180.0	26.204165216615998	23.74593386618501	23.689274035129095	26.360626882069898	0.0
181.0	26.263988794583664	23.68438460808366	23.752261360008514	26.299365237324164	0.0
182.0	26.260825047671915	23.760026920610088	23.72608854464766	26.25305948707034	0.0
183.0	26.287860703099607	23.675468594059634	23.766642027789203	26.270028675051556	0.0
184.0	26.090557941148557	23.76549157436675	23.776996108591298	26.366954375893396	0.0
185.0	26.13686369140237	23.7853368959041	23.814961071532316	26.26283834116121	0.0
186.0	26.380472203607248	23.71458401042311	23.776996108591298	26.127660064022734	2.876133556137813E-4
187.0	26.222572471375283	23.727238998070113	23.80288131059654	26.247307219958067	0.0
188.0	26.244143473046318	23.73673023880537	23.851200354339657	26.16792593380866	0.0
189.0	26.26140027438314	23.720336277535385	23.689849261840322	26.32841418624115	0.0
190.0	26.14938148392088	23.832067347930757	23.78978794145309	26.22876322669527	0.0
191.0	26.35941625489666	23.76425855513308	23.695518370023528	26.180806819946735	0.0
192.0	26.35136301145286	23.645473214337073	23.80740093072485	26.195762843485216	0.0
193.0	26.28722467973977	23.720540947866752	23.701270686769096	26.290963685624387	0.0
194.0	26.32001288518951	23.690916516627073	23.65870354285188	26.330367055331532	0.0
195.0	26.307357788349258	23.643459903476124	23.837025361964532	26.212156946210087	0.0
196.0	26.399682472115643	23.633968580845934	23.551998067221575	26.414350879816844	0.0
197.0	26.25443647429002	23.770586103553207	23.67826141978682	26.29671600236995	0.0
198.0	26.405434788861214	23.69465552251169	23.744988294035423	26.154921394591675	0.0
199.0	26.345323078870013	23.795033449721874	23.540205817893156	26.319437653514953	0.0
200.0	26.321450964375902	23.76483378680764	23.711337241073842	26.202378007742617	0.0
201.0	26.25156031591724	23.76972325604137	23.695230754186248	26.283485673855147	0.0
202.0	26.300742624091853	23.650650299408085	23.717089557819413	26.33151751868065	0.0
203.0	26.38106331880869	23.591756906395155	23.88224973754979	26.14464242058185	2.8761666450954166E-4
204.0	26.23926830320549	23.751384155197954	23.63317370608453	26.376173835512027	0.0
205.0	26.205767897768943	23.743755087249017	23.691983789831543	26.358493225150497	0.0
206.0	26.248335408978868	23.700899957720107	23.75209601849961	26.298668614801414	0.0
207.0	26.266167744755997	23.767339789405867	23.729661789618707	26.23683067621943	0.0
208.0	26.28789033625651	23.668247617787568	23.77495462794918	26.268907418006737	0.0
209.0	26.085981114872542	23.76833936855911	23.76833936855911	26.37734014800924	0.0
210.0	26.141792525821376	23.781555869384515	23.81664590985311	26.260005694940997	0.0
211.0	26.38857330223167	23.705048076231673	23.76688708197551	26.139203916278614	2.876232825294742E-4
212.0	26.21973843538687	23.717128254097915	23.8077295880947	26.255403722420525	0.0
213.0	26.24562453081452	23.72431883616115	23.86122751864518	26.16882911437915	0.0
214.0	26.255403722420525	23.707924309056967	23.703034713253967	26.33363725526854	0.0
215.0	26.155748903429927	23.829438412310346	23.78629467174804	26.228518012511685	0.0
216.0	26.377583598428412	23.75184799553605	23.693172339605493	26.17739606643005	0.0
217.0	26.36550331632506	23.64370070813463	23.79873099512762	26.192064980412688	0.0
218.0	26.3010751451072	23.71877103263402	23.683393063617068	26.296760758641717	0.0
219.0	26.333001604951768	23.689145578904373	23.6598077509391	26.31804506520476	0.0
220.0	26.300499893578465	23.65865724788164	23.838423350610054	26.202419507929843	0.0
221.0	26.39729400124255	23.623990427759498	23.55208357302285	26.426631997975104	0.0
222.0	26.247440115971376	23.773844313030672	23.691007616374055	26.287707954623897	0.0
223.0	26.41167537218988	23.70222508571297	23.734726984053935	26.151372558043214	0.0
224.0	26.347246830345846	23.780459743666444	23.562438160104925	26.30985526588279	0.0
225.0	26.33229020456062	23.76320209852965	23.713730182470837	26.190777514438896	0.0
226.0	26.24270141225875	23.783472833434	23.6862542065752	26.287571547732046	0.0
227.0	26.287934788548878	23.653532526627338	23.71220902640155	26.346323658422232	0.0
228.0	26.386380109759887	23.5934857392685	23.894347480930083	26.125499039313365	2.876307281659514E-4
229.0	26.23738739256992	23.756859992866758	23.622824073541423	26.382928541021894	0.0
230.0	26.203734597374506	23.739026887720467	23.682651264999944	26.37458724990508	0.0
231.0	26.24990651947559	23.701483607830504	23.763324570133403	26.285285302560503	0.0
232.0	26.26802735959225	23.76792668825827	23.73082211087653	26.233223841272945	0.0
233.0	26.290175053068175	23.676747222909345	23.76505036443023	26.26802735959225	0.0
234.0	26.090270547019266	23.772816438765943	23.76648852634425	26.37042448787054	0.0
235.0	26.15182387693936	23.781733042632872	23.815386031420964	26.251057049006803	0.0
236.0	26.401201152830588	23.69803201923685	23.75814718724293	26.142332008306823	2.876323828041856E-4
237.0	26.221143281195168	23.72248077177521	23.80790758946805	26.248468357561567	0.0
238.0	26.240989915608658	23.73082211087653	23.853065873568312	26.175122099946503	0.0
239.0	26.258535490959716	23.71356416790828	23.69515569540881	26.332744645723196	0.0
240.0	26.144574847543435	23.831837533080197	23.794442526751812	26.229145092624556	0.0
241.0	26.37901622744311	23.75489397936258	23.692469672430608	26.173620120763708	0.0
242.0	26.370161533925003	23.651270839027056	23.78561873390774	26.1929488931402	0.0
243.0	26.28960890254498	23.724776026652396	23.684498224899738	26.301116845902882	0.0
244.0	26.323012783441087	23.69755926331932	23.660443262870476	26.318984690369117	0.0
245.0	26.313548104922713	23.65595110666068	23.828021592256253	26.202479196160354	0.0
246.0	26.388685054891297	23.62613487575718	23.57030834088718	26.41487172846434	0.0
247.0	26.268091437846614	23.75766610738738	23.687732213623583	26.286510241142423	0.0
248.0	26.402728607201453	23.71009987623406	23.74866879659212	26.13850271997237	0.0
249.0	26.364599283880402	23.786511162024937	23.556823284248825	26.292066269845837	0.0
