# Position (bp)	A	C	G	T	N
0.0	26.26492004547627	23.754226294901137	23.785691598467103	26.195162061155493	0.0
1.0	26.283621122123968	23.851590630463757	23.58561976258538	26.279168484826897	0.0
2.0	26.25496837162084	23.68907715187262	23.774567280434336	26.281387196072203	0.0
3.0	26.28410629051792	23.84234523046235	23.627437011707155	26.246111467312577	0.0
4.0	26.144128420215264	23.790865969711543	23.76652596959281	26.298479640480387	0.0
5.0	26.364421595661636	23.71141670698514	23.635133169684863	26.289028527668368	0.0
6.0	26.281139899141305	23.74631574885651	23.61719999881273	26.35534435318946	0.0
7.0	26.192235885654586	23.756563344998206	23.675532562205223	26.375668207141988	0.0
8.0	26.399005099163595	23.619693812737818	23.633643794632523	26.347657293466064	0.0
9.0	26.193366476218742	23.792535430733842	23.6643169844921	26.349781108555316	0.0
10.0	26.191338311588098	23.793821898780763	23.748115346716844	26.266724442914295	0.0
11.0	26.10022200325288	23.660560587893105	23.788479574513552	26.450737834340458	0.0
12.0	26.31658613607494	23.73832108556029	23.57122505431363	26.37386772405114	0.0
13.0	26.438866002635546	23.684304251302933	23.498213289328408	26.378616456733113	0.0
14.0	26.368228603991312	23.612182873695584	23.662341362648842	26.357247159664265	0.0
15.0	26.202616551707763	23.73683710659718	23.808958484204528	26.251587857490534	0.0
16.0	26.273253950352	23.679258722828344	23.769187847993066	26.27829947882659	0.0
17.0	26.22606341932497	23.76859425640782	23.776014151223393	26.229328173043818	0.0
18.0	26.213301200242185	23.786402003965193	23.69736326617834	26.302933529614286	0.0
19.0	26.238232046822503	23.760580770007003	23.672135623805396	26.329051559365098	0.0
20.0	26.32837982625626	23.688982676081004	23.734985887401947	26.247651610260792	0.0
21.0	26.472622153365805	23.71213267919735	23.68304677784604	26.132198389590812	0.0
22.0	26.27406635740637	23.831741028631807	23.706790370785882	26.187402243175946	0.0
23.0	26.3224439280213	23.711242294462103	23.65752241543571	26.308791362080893	0.0
24.0	26.33194136519724	23.619235871820212	23.776833969958417	26.271988793024132	0.0
25.0	26.319772773815565	23.63229484793713	23.819869232161885	26.22806314608542	0.0
26.0	26.314727260315852	23.772975636105695	23.618642281996717	26.29365482158174	0.0
27.0	26.271395203200637	23.66939421190563	23.74626409404837	26.312946490845363	0.0
28.0	26.321256748374307	23.766742942958984	23.63051407846664	26.28148623020007	0.0
29.0	26.186808653352443	23.73261152810796	23.78870576642834	26.291874052111254	0.0
30.0	26.3601368818133	23.699370497992184	23.60766087026204	26.332831749932478	0.0
31.0	26.299887514728447	23.73290832301971	23.591930739939396	26.375273422312446	0.0
32.0	26.20610032261607	23.72697242478475	23.71777178252056	26.34915547007862	0.0
33.0	26.392112401835377	23.619165771338007	23.628366386295237	26.36035544053138	0.0
34.0	26.203351398196677	23.771421109178654	23.65893617147572	26.36629132114895	0.0
35.0	26.215816747493577	23.750645527017163	23.765188434530206	26.26834929095906	0.0
36.0	26.12054586358159	23.64943876248761	23.780028136074126	26.44998723785667	0.0
37.0	26.32800489116563	23.725418034392494	23.55357429051387	26.39300278392801	0.0
38.0	26.453548766227215	23.67674381332843	23.489763573875003	26.379943846569358	0.0
39.0	26.348186885265363	23.606403628010234	23.656561819228692	26.388847667495714	0.0
40.0	26.208100102690736	23.72779238663952	23.785073634599062	26.279033876070685	0.0
41.0	26.283188992502982	23.690396338748833	23.77171790320953	26.25469676553865	0.0
42.0	26.2030546041658	23.784183252506423	23.776169813672706	26.236592329655068	0.0
43.0	26.227094920666953	23.784776840568185	23.69158351487235	26.296544723892513	0.0
44.0	26.21789430570972	23.75865896585088	23.700190541767824	26.32325618667157	0.0
45.0	26.330597889800707	23.690919613575318	23.686467716325108	26.29201478029887	0.0
46.0	26.466825945657174	23.703088132725895	23.6799382670248	26.150147654592132	0.0
47.0	26.273020018697967	23.784112662679746	23.731877068277264	26.210990250345024	0.0
48.0	26.34632792675145	23.714959858726463	23.64818139997329	26.290530814548802	0.0
49.0	26.338611304851085	23.62443794797216	23.728315550477095	26.308635196699658	0.0
50.0	26.341579236351226	23.606630358971316	23.856826984433198	26.19496342024426	0.0
51.0	26.29557629809904	23.762446762728718	23.633638535622598	26.308338403549648	0.0
52.0	26.274207191298025	23.67964147387478	23.749981450428123	26.296169884399067	0.0
53.0	26.3326754418508	23.766898659978928	23.633638535622598	26.26678736254767	0.0
54.0	26.198524938044432	23.743748794277828	23.764821107928828	26.292905159748912	0.0
55.0	26.389362933503495	23.6968554765756	23.59179070147061	26.321990888450298	0.0
56.0	26.318429370650126	23.722379687476813	23.59921053022096	26.3599804116521	0.0
57.0	26.20950628459495	23.739593690177628	23.6968554765756	26.354044548651817	0.0
58.0	26.37622575207161	23.646033668115013	23.638613861386137	26.339126718427234	0.0
59.0	26.213583588574686	23.7528788850108	23.671557803262342	26.361979723152174	0.0
60.0	26.23910772372201	23.742787947859533	23.749020585511786	26.269083742906663	0.0
61.0	26.118313270175936	23.630600470118953	23.776325474274046	26.474760785431062	0.0
62.0	26.34150105658048	23.732697010708264	23.56708692451979	26.358715008191467	0.0
63.0	26.437958544055846	23.719638150865446	23.47478452881259	26.367618776266116	0.0
64.0	26.35604387776907	23.617541610276135	23.667699503763327	26.358715008191467	0.0
65.0	26.2115060426906	23.72349645036446	23.796507348576583	26.26849015836836	0.0
66.0	26.269677327444974	23.677196856376284	23.771873590236723	26.28125222594202	0.0
67.0	26.20260227461595	23.792945841346725	23.777512643350665	26.226939240686658	0.0
68.0	26.229610371109054	23.7766222665432	23.70242419925446	26.291343163093288	0.0
69.0	26.23050074791652	23.77721585108151	23.673338556877273	26.318944844124697	0.0
70.0	26.33281592701306	23.67386187922371	23.689591822803667	26.303730370959556	0.0
71.0	26.487444240317927	23.693153319463285	23.674752253388615	26.144650186830177	0.0
72.0	26.24941754690046	23.795546348427155	23.740343150203152	26.214692954469232	0.0
73.0	26.340235711720588	23.72758112050621	23.640621243733992	26.291561924039215	0.0
74.0	26.35121699308773	23.611535687680487	23.72758112050621	26.30966619872558	0.0
75.0	26.333706301177966	23.608270982409174	23.84718804999154	26.210834666421317	0.0
76.0	26.30313678818295	23.777442073740787	23.616284349893306	26.30313678818295	0.0
77.0	26.265444281868717	23.681875246707843	23.763196087102337	26.289484384321106	0.0
78.0	26.32391218536403	23.764680044043843	23.651899316489434	26.259508454102697	0.0
79.0	26.192433600346654	23.743607855474465	23.773880577081176	26.29007796709771	0.0
80.0	26.356856029465447	23.709773637208144	23.630827127920057	26.302543205406355	0.0
81.0	26.315008443714998	23.737078444931843	23.59343141299412	26.354481698359038	0.0
82.0	26.19629188839457	23.741530315756357	23.707102514713434	26.355075281135644	0.0
83.0	26.365681520042262	23.645299728733477	23.652719491419784	26.336299259804473	0.0
84.0	26.199478835868913	23.75778333105794	23.69990918210472	26.342828650968425	0.0
85.0	26.2350936967632	23.738195157566082	23.748582825326913	26.278128320343804	0.0
86.0	26.113112798200262	23.627789088793786	23.79755325905656	26.46154485394939	0.0
87.0	26.36241682446029	23.728697861327603	23.562495177154254	26.346390137057856	0.0
88.0	26.445814957054413	23.704657830223958	23.483845692679363	26.365681520042262	0.0
89.0	26.35648101431124	23.638176756554618	23.65212591040488	26.35321631872926	0.0
90.0	26.211647246674463	23.719794146104032	23.810315250877014	26.25824335634449	0.0
91.0	26.26803744309042	23.668152597807314	23.79250782042987	26.271302138672397	0.0
92.0	26.213724780226627	23.784494476728657	23.80942487935466	26.192355863690054	0.0
93.0	26.232719372703585	23.77499718049018	23.698128439060003	26.294155007746234	0.0
94.0	26.226486772047082	23.75036356837163	23.69011509535879	26.333034564222498	0.0
95.0	26.33087888312128	23.65977224364054	23.738124705065307	26.271224168172875	0.0
96.0	26.484615909704722	23.690638364807874	23.701916370619013	26.122829354868387	0.0
97.0	26.250745683936856	23.79510831337423	23.738718284318526	26.21542771837039	0.0
98.0	26.325536669842315	23.72565954074773	23.6452295519367	26.303574237473253	0.0
99.0	26.33918899266633	23.607537269357362	23.72061411709538	26.332659620880932	0.0
100.0	26.339485782292936	23.607537269357362	23.824787276035128	26.22818967231457	0.0
101.0	26.282798963610627	23.776707356524472	23.62831254321999	26.312181136644913	0.0
102.0	26.25371358020294	23.673424566464554	23.769584405485862	26.30327744784664	0.0
103.0	26.340376151172762	23.745841235357144	23.664520877666284	26.24926173580381	0.0
104.0	26.214537349490563	23.716162272696245	23.790359679348487	26.27894069846471	0.0
105.0	26.380145961138368	23.699542053606145	23.60249184570501	26.317820139550484	0.0
106.0	26.307432502619164	23.74287333909105	23.57963904445612	26.37005511383366	0.0
107.0	26.191387758615058	23.74287333909105	23.701322791365797	26.36441611092809	0.0
108.0	26.390752062681784	23.627055262064463	23.66474743277735	26.317445242476406	0.0
109.0	26.21742743515166	23.733899210541935	23.70006529352407	26.348608060782336	0.0
110.0	26.23790585860984	23.73924140796581	23.760906986407075	26.261945747017272	0.0
111.0	26.129874755149284	23.6175580221998	23.799786312103045	26.452780910547872	0.0
112.0	26.340594764646525	23.729447379355374	23.555825963079478	26.374131892918623	0.0
113.0	26.436457529530482	23.70778180091411	23.492609960230308	26.3631507093251	0.0
114.0	26.367899329257433	23.6154805009794	23.678993292574347	26.337626877188818	0.0
115.0	26.21861459013474	23.71223363210067	23.820561524307	26.24859025345759	0.0
116.0	26.263132902000358	23.671276785184308	23.818780791832374	26.246809520982968	0.0
117.0	26.21356918145664	23.77723036742447	23.81017391820502	26.199026532913873	0.0
118.0	26.223066421321306	23.795334480916484	23.705110702202173	26.276488395560037	0.0
119.0	26.237015492372528	23.757345521457825	23.70036208226984	26.305276903899806	0.0
120.0	26.32227198394962	23.661256191773585	23.72565954074773	26.290812283529064	0.0
121.0	26.492629229623166	23.67787641086369	23.687076889288566	26.142417470224583	0.0
122.0	26.241248415885366	23.788282151962225	23.75148023826271	26.218989193889698	0.0
123.0	26.337111465280067	23.72417559261469	23.644635972683485	26.294076969421766	0.0
124.0	26.351654156983905	23.605756531597706	23.744357287224098	26.29823202419429	0.0
125.0	26.344234416318677	23.598336790932485	23.85268550093637	26.204743291812466	0.0
126.0	26.28725080800976	23.771661932872124	23.641668076417393	26.299419182700728	0.0
127.0	26.291702652408894	23.658585085134103	23.773739460258387	26.275972802198616	0.0
128.0	26.34512478519851	23.744654076850704	23.659178664387323	26.251042473563462	0.0
129.0	26.227002513808138	23.728330647387214	23.757416030794893	26.28725080800976	0.0
130.0	26.389049649936634	23.674908514597597	23.6220799610612	26.31396187440457	0.0
131.0	26.315445822537608	23.756822451541673	23.589433102134212	26.3382986237865	0.0
132.0	26.195542813387583	23.74257654946444	23.699542053606145	26.362338583541828	0.0
133.0	26.373101282728573	23.658655301568835	23.645299728733477	26.322943686969115	0.0
134.0	26.224409238494918	23.722465260671104	23.71207759291027	26.341047907923716	0.0
135.0	26.252010755687987	23.723949213208364	23.76045444562501	26.263585585478634	0.0
136.0	26.12379725646855	23.615323887480784	23.800224373623635	26.46065448242703	0.0
137.0	26.33689284081938	23.71831019356677	23.57555395948216	26.369243006131693	0.0
138.0	26.441363099442626	23.69367658144822	23.499278799066893	26.365681520042262	0.0
139.0	26.360636081415574	23.617401421032948	23.68655360926936	26.335408888282117	0.0
140.0	26.205711436525412	23.692786209925863	23.847414064308566	26.25408828924016	0.0
141.0	26.276941158313992	23.685960028254456	23.80556660275778	26.231532210673773	0.0
142.0	26.211053665659556	23.77885545708706	23.807644136309943	26.202446740943437	0.0
143.0	26.238951973360088	23.799334002101276	23.687147190284268	26.274566834254376	0.0
144.0	26.23568727777811	23.757486540550488	23.72098130813384	26.285844873537567	0.0
145.0	26.307885450395773	23.690482196968574	23.735000905213735	26.266631447421922	0.0
146.0	26.499909478626567	23.664067763409776	23.70828968026664	26.12773307769702	0.0
147.0	26.261585993820802	23.787829772331325	23.735891279378638	26.214692954469232	0.0
148.0	26.339345337555685	23.726393954953004	23.62696883987214	26.30729186761917	0.0
149.0	26.347358705039813	23.57621751247266	23.76378966987894	26.312634112608592	0.0
150.0	26.363979022784672	23.600257614925045	23.84362655333193	26.19213680895835	0.0
151.0	26.300465665688243	23.764976835432144	23.641511617898896	26.29304588098072	0.0
152.0	26.283548556555083	23.649524985383025	23.7810035704004	26.28592288766149	0.0
153.0	26.350623410311126	23.72758112050621	23.67623621033012	26.245559258852545	0.0
154.0	26.22211273917676	23.719270961633775	23.77862923929399	26.279987059895472	0.0
155.0	26.383567254412544	23.686327117532358	23.633201459026466	26.29690416902863	0.0
156.0	26.317382774821407	23.74479502102767	23.588979542169604	26.34884266198132	0.0
157.0	26.18115552759121	23.722832458293393	23.721942084128486	26.37406992998691	0.0
158.0	26.38958140418358	23.630006885580645	23.635645938694587	26.344765771541184	0.0
159.0	26.226345656148347	23.70925042144502	23.72052852767291	26.34387539473372	0.0
160.0	26.261070351639482	23.69648835387136	23.778996604696438	26.26344468979272	0.0
161.0	26.126920245981434	23.59884369731937	23.792352256808414	26.48188379989078	0.0
162.0	26.32725502766104	23.71577985136643	23.58667521428402	26.37028990668851	0.0
163.0	26.459327587435	23.66977704964741	23.505650924804712	26.365244438112878	0.0
164.0	26.376522544340762	23.60893463447064	23.687881378065864	26.326661443122727	0.0
165.0	26.231984709262292	23.703017783792767	23.82915449818363	26.235843008761307	0.0
166.0	26.311821829664982	23.65256309803642	23.819657145570673	26.215957926727924	0.0
167.0	26.21951943395778	23.772763967044185	23.815502053802504	26.192214545195526	0.0
168.0	26.234952631953846	23.79680414084574	23.68995892394995	26.27828430325047	0.0
169.0	26.239701308260322	23.76207944535461	23.701533822446994	26.296685423938076	0.0
170.0	26.299137815899208	23.685874130025077	23.77075697092911	26.2442310831466	0.0
171.0	26.50689302090908	23.658865953373795	23.714959858726463	26.119281166990664	0.0
172.0	26.240075979046402	23.7852998352798	23.742264828527755	26.232359357146034	0.0
173.0	26.328520337750604	23.731283481977236	23.613753394571653	26.326442785700504	0.0
174.0	26.341876029501236	23.5852612521703	23.7663050736789	26.306557644649565	0.0
175.0	26.329410717200645	23.60989508362147	23.84258091323252	26.21811328594536	0.0
176.0	26.28785967619867	23.766008280528887	23.64254233012302	26.30358971314942	0.0
177.0	26.27242643239794	23.64996215887337	23.77936397227952	26.298247436449167	0.0
178.0	26.363541929452268	23.710211168326232	23.674892783474558	26.25135411874694	0.0
179.0	26.243637496846574	23.702197753275854	23.78233190377966	26.271832846097915	0.0
180.0	26.373336103402735	23.67518957662457	23.64758781367326	26.303886506299435	0.0
181.0	26.31961654325018	23.731283481977236	23.59950732337098	26.349592651401604	0.0
182.0	26.215442147595237	23.69982340807574	23.718818169676645	26.365916274652378	0.0
183.0	26.380537434631112	23.635192649005443	23.653593878919907	26.330676037443535	0.0
184.0	26.236592329655068	23.701971305953094	23.713546273157355	26.347890091234483	0.0
185.0	26.269239673051697	23.715030243311748	23.77795057785798	26.23777950577858	0.0
186.0	26.14339900395923	23.57464666670624	23.789525545062236	26.492428784272292	0.0
187.0	26.34759329720361	23.696035425335527	23.588299192126648	26.36807208533422	0.0
188.0	26.46363976327708	23.65121952667288	23.512616714252644	26.372523995797398	0.0
189.0	26.357684294253474	23.616197831029222	23.69662901339728	26.329488861320023	0.0
190.0	26.22590774454344	23.686538016347416	23.83315426760137	26.254399971507773	0.0
191.0	26.301887016448326	23.66279449387714	23.811191509316366	26.22412698035817	0.0
192.0	26.208100102690736	23.7734986673948	23.812081891409	26.206319338505462	0.0
193.0	26.238669887871215	23.80080371823562	23.67585343123579	26.284672962657375	0.0
194.0	26.25083844313723	23.751535909109798	23.695738631304646	26.301887016448326	0.0
195.0	26.298700335081453	23.688092291345757	23.7569487108713	26.256258662701487	0.0
196.0	26.502895234364104	23.65247690193599	23.70857114025637	26.136056723443534	0.0
197.0	26.27792469125909	23.775646790311427	23.72192691128503	26.224501607144447	0.0
198.0	26.325411877138777	23.73320511793146	23.625171770055175	26.316211234874586	0.0
199.0	26.322147133109553	23.589853175557156	23.763478198929757	26.324521492403534	0.0
200.0	26.333284856543326	23.59474195013222	23.859781379570297	26.21219181375415	0.0
201.0	26.318148226194683	23.76035449394683	23.638074264463643	26.283423015394842	0.0
202.0	26.268817076645455	23.650750308671288	23.776593218729225	26.303839395954032	0.0
203.0	26.388287042258536	23.700753281135917	23.6737443830396	26.237215293565946	0.0
204.0	26.241823081763243	23.694067504837886	23.800619724329522	26.263489689069345	0.0
205.0	26.405955052177937	23.678336954327982	23.621647611924352	26.29406038156973	0.0
206.0	26.339768018900404	23.72612221153732	23.605323455734826	26.32878631382745	0.0
207.0	26.215266441490908	23.70726755747621	23.706970752874554	26.370495248158328	0.0
208.0	26.37935384295742	23.646023477731774	23.64839796387813	26.326224715432677	0.0
209.0	26.23155670191831	23.707151146742017	23.71724283267688	26.344049318662794	0.0
210.0	26.282905574469222	23.706557518157613	23.77215347673421	26.23838343063895	0.0
211.0	26.1471198454182	23.595392227574806	23.76428056240706	26.493207364599936	0.0
212.0	26.354891083348914	23.688295652535256	23.58856545832851	26.36824780578732	0.0
213.0	26.45641946542794	23.64553805969042	23.511375610335257	26.386666864546388	0.0
214.0	26.353423071785816	23.63366527656164	23.69540374883127	26.31750790282127	0.0
215.0	26.215854415069025	23.688123881354574	23.845736013036394	26.25028569054001	0.0
216.0	26.296886640961937	23.659629032688933	23.806258774780872	26.237225551568255	0.0
217.0	26.220476881658193	23.766017506834434	23.81261928720054	26.200886324306836	0.0
218.0	26.252549028920164	23.7728299489749	23.69387312885694	26.280747893248	0.0
219.0	26.262656245825777	23.764504035453815	23.69474812178492	26.27809159693549	0.0
220.0	26.293761094257405	23.696740143550045	23.742452936601698	26.267045825590852	0.0
221.0	26.500952844582443	23.660229276372423	23.70267686992039	26.136141009124746	0.0
222.0	26.283012203049722	23.785112338705126	23.706153174841116	26.22572228340403	0.0
223.0	26.306024976178534	23.72974433108427	23.625256396175505	26.338974296561695	0.0
224.0	26.341380876472737	23.576540714156373	23.78314676450769	26.2989316448632	0.0
225.0	26.32564794447759	23.633238638893587	23.846969035808748	26.194144380820074	0.0
226.0	26.32891326998602	23.762367420363166	23.643628310965852	26.265090998684965	0.0
227.0	26.230233296820405	23.645830550335887	23.80613120311577	26.317804949727936	0.0
228.0	26.368863676168935	23.72034066857246	23.66779767682795	26.242997978430655	0.0
229.0	26.229936443759705	23.727168288968645	23.797225611294664	26.24566965597699	0.0
230.0	26.418158123628892	23.653829598382725	23.647001896913583	26.2810103810748	0.0
231.0	26.331038618302504	23.748964706510993	23.603207257592896	26.316789417593604	0.0
232.0	26.21157471315551	23.712279764290273	23.691499309792047	26.38464621276217	0.0
233.0	26.40595869996319	23.645992898958593	23.6320401838196	26.31600821725862	0.0
234.0	26.20202583954781	23.736818980667838	23.73236593359616	26.32878924618819	0.0
235.0	26.25843110245571	23.72880349593882	23.77778701372726	26.23497838787821	0.0
236.0	26.157212240681144	23.59222666872499	23.782819346641176	26.46774174395269	0.0
237.0	26.35405533784586	23.708882555515974	23.58894430590191	26.348117800736254	0.0
238.0	26.47058823529412	23.65231951264406	23.51397407655906	26.363118175502763	0.0
239.0	26.327945944020236	23.63524088874111	23.723711242266265	26.313101924972386	0.0
240.0	26.20223851794674	23.690288869756255	23.869904699700147	26.23756791259686	0.0
241.0	26.286146903390534	23.690695326880824	23.817172376937236	26.205985392791405	0.0
242.0	26.23614220311507	23.73535541871775	23.831847844804553	26.19665453336263	0.0
243.0	26.213373158080692	23.802511215555402	23.719971853483727	26.26414377288018	0.0
244.0	26.218463941187125	23.77871536860483	23.71725401354525	26.285566676662796	0.0
245.0	26.29275404491346	23.662558160941384	23.819930459259876	26.22475733488528	0.0
246.0	26.439252669461833	23.66437827372822	23.782262183316902	26.11410687349305	0.0
247.0	26.240256558727896	23.815123305569166	23.74534170712515	26.199278428577795	0.0
248.0	26.286094382876623	23.71657817529606	23.699948924443813	26.297378517383507	0.0
249.0	26.294784041810814	23.560451960624192	23.890365399177444	26.254398598387553	0.0
