# Position (bp)	A	C	G	T	N
0.0	26.164568068898834	23.779823281860402	23.770601747061683	26.285006902179077	0.0
1.0	26.222971122624056	23.825930955854	23.65882556768327	26.292272353838676	0.0
2.0	26.11589367890762	23.742864567179943	23.790364266814194	26.350877487098245	0.0
3.0	26.353816838681922	23.77470565554854	23.7037388869952	26.167738618774344	0.0
4.0	26.33190566791552	23.617665054606107	23.761269756123454	26.289159521354915	0.0
5.0	26.309055200601208	23.71678646958086	23.655325199958654	26.318833129859282	0.0
6.0	26.273122929342023	23.774924716044	23.70592606249546	26.24602629211851	0.0
7.0	26.35048505451102	23.682336082860104	23.689877961234746	26.277300901394128	0.0
8.0	26.11703717358941	23.742888026746886	23.71663273029945	26.42344206936426	0.0
9.0	26.118796450685817	23.782471839817227	23.8291145427479	26.26961716674906	0.0
10.0	26.126226770263706	23.813167846190797	23.83634870717825	26.224256676367254	0.0
11.0	26.208895864869547	23.74055310092891	23.76708541169768	26.283465622503865	0.0
12.0	26.35747680517464	23.79557273483888	23.67464125522966	26.17230920475682	0.0
13.0	26.168678467493727	23.92795500120094	23.71988582727745	26.183480704027883	0.0
14.0	26.245129938137996	23.803047017916242	23.79913700409155	26.15268603985421	0.0
15.0	26.164974654731814	23.79159626314393	23.73518034938766	26.30824873273659	0.0
16.0	26.239823490804486	23.808632751951517	23.6941252042284	26.257418553015597	0.0
17.0	26.194579045118765	23.782659088687492	23.67820586222787	26.34455600396587	0.0
18.0	26.230607029646286	23.783496948792784	23.766460459985197	26.21943556157574	0.0
19.0	26.30824873273659	23.64273645110388	23.79997486419684	26.24903995196269	0.0
20.0	26.217480554663393	23.857228638058398	23.812822052477973	26.11246875480024	0.0
21.0	26.25239139238385	23.746351817458212	23.818966359916775	26.18229043024116	0.0
22.0	26.256301406208543	23.82538995405734	23.7318289089665	26.18647973076762	0.0
23.0	26.362709639580512	23.653070059069137	23.823714233846754	26.160506067503597	0.0
24.0	26.311041599754226	23.682953736157852	23.76590188658167	26.240102777506248	0.0
25.0	26.166650374942396	23.779028361564563	23.775956207845166	26.278365055647875	0.0
26.0	26.209660527014005	23.82175922693441	23.67317870159612	26.29540154445546	0.0
27.0	26.114982335116117	23.75361327170407	23.801929871109188	26.329474522070633	0.0
28.0	26.350700311404673	23.77120833391518	23.715630280264204	26.162461074415944	0.0
29.0	26.328636661965337	23.633240703243917	23.758081858932286	26.28004077585846	0.0
30.0	26.28869866361313	23.7256846015277	23.664241527139684	26.321375207719484	0.0
31.0	26.26628236923833	23.789854101034475	23.70439260897737	26.239470920749824	0.0
32.0	26.33722099336417	23.686239024063273	23.70076189199455	26.27577809057801	0.0
33.0	26.102900105011507	23.74907835645821	23.73064548562236	26.417376052907926	0.0
34.0	26.121612261769105	23.780916951538305	23.826999128627925	26.270471658064658	0.0
35.0	26.116026543334	23.802980539356973	23.847387000916058	26.233605916392968	0.0
36.0	26.211263042652543	23.73846549143151	23.764997653998257	26.285273811917687	0.0
37.0	26.35649172196528	23.793484818017294	23.678977590097638	26.17104586991979	0.0
38.0	26.169090868467503	23.928100632303327	23.72841119824832	26.17439730098085	0.0
39.0	26.245541910924796	23.80291406116903	23.794535506916496	26.157008520989677	0.0
40.0	26.16790064151797	23.79760764347576	23.73281349058949	26.30167822441678	0.0
41.0	26.239956208089772	23.80458977201954	23.70544354669787	26.250010473192813	0.0
42.0	26.17907204718802	23.79313908120774	23.68421787592478	26.34357099567946	0.0
43.0	26.22934337270323	23.769399844158894	23.78112982011244	26.220126963025443	0.0
44.0	26.310894634094574	23.642325104662106	23.80431048687779	26.242469774365535	0.0
45.0	26.214261975048665	23.855419667818254	23.809616904571058	26.120701452562024	0.0
46.0	26.24693833663355	23.74314704083428	23.815761177689584	26.194153444842584	0.0
47.0	26.25643403145309	23.82190545080811	23.721642084919438	26.200018432819355	0.0
48.0	26.364517381310797	23.650703658914644	23.8191125993906	26.16566636038396	0.0
49.0	26.300002513566277	23.68086645422377	23.778895538978432	26.240235493231523	0.0
50.0	26.163152794108203	23.79258051092424	23.774426976710412	26.26983971825715	0.0
51.0	26.21035198306415	23.81687831825659	23.675560036530495	26.297209662148763	0.0
52.0	26.10841290632497	23.747057032818798	23.803472631452536	26.341057429403698	0.0
53.0	26.35502168649126	23.772192695576404	23.71521852665916	26.157567091273176	0.0
54.0	26.342453855112453	23.625288711015287	23.765489852174372	26.266767581697888	0.0
55.0	26.305308931259546	23.713822100950406	23.666064341710957	26.314804626079084	0.0
56.0	26.271442056873468	23.796144758670383	23.70705304727167	26.225360137184477	0.0
57.0	26.34377670656709	23.686106720140312	23.701746644398394	26.268369928894202	0.0
58.0	26.106943567801867	23.74559428919337	23.72576509950902	26.421697043495744	0.0
59.0	26.13096202291249	23.789162649626597	23.823793910483776	26.25608141697714	0.0
60.0	26.13040345418899	23.795027621223376	23.833848147506828	26.240720777080806	0.0
61.0	26.206927369308886	23.736098620893824	23.7701713130275	26.286802696769797	0.0
62.0	26.357182355931165	23.798379033564395	23.676890336202515	26.16754827430193	0.0
63.0	26.159728312172888	23.93020125231108	23.737215758340827	26.172854677175206	0.0
64.0	26.252656685071457	23.79747471785376	23.793844031290934	26.156024565783852	0.0
65.0	26.177808685160826	23.788537643237568	23.739663016430253	26.293990655171356	0.0
66.0	26.227800446295163	23.821493105884784	23.698329046330354	26.252377401489696	0.0
67.0	26.181439371723652	23.786303374583518	23.68576128515133	26.3464959685415	0.0
68.0	26.24735029701809	23.77261847907747	23.775132031313277	26.204899192591164	0.0
69.0	26.318009043202377	23.635769524016993	23.800826120834834	26.245395311945796	0.0
70.0	26.204899192591164	23.85947567300361	23.81199746410508	26.12362767030015	0.0
71.0	26.25544952088902	23.732680926886353	23.81870027006722	26.19316928215741	0.0
72.0	26.259080207451845	23.824006658120588	23.71983388212557	26.197079252301997	0.0
73.0	26.359901580465788	23.646382300123722	23.82484450886586	26.16887161054463	0.0
74.0	26.298738476061207	23.6865991358966	23.783789822347714	26.23087256569448	0.0
75.0	26.17110587919868	23.78406910592947	23.770104926841665	26.274720088030186	0.0
76.0	26.214394834370875	23.817024568576688	23.672076389645284	26.296504207407157	0.0
77.0	26.10966349121234	23.736590897030936	23.810880329778055	26.342865281978668	0.0
78.0	26.343423849142177	23.778483434294348	23.725140270178937	26.152952446384536	0.0
79.0	26.33700032676179	23.62152606134743	23.772339195495714	26.26913441639506	0.0
80.0	26.310189102913206	23.713689643326937	23.669562837409476	26.306558416350377	0.0
81.0	26.26766463721164	23.787633357537842	23.717812657096577	26.226889348153943	0.0
82.0	26.358431547785287	23.67675808523711	23.700776406188908	26.264033960788698	0.0
83.0	26.103167066972016	23.7423895436519	23.731497514383065	26.42294587499302	0.0
84.0	26.124392559906163	23.790426185555493	23.824777970172597	26.260403284365747	0.0
85.0	26.136681003183824	23.784840529520192	23.835390716639672	26.243087750656315	0.0
86.0	26.207339552030383	23.73959671563425	23.777299893872534	26.27576383846283	0.0
87.0	26.354242305758813	23.796570407194327	23.68178517566888	26.16740211137798	0.0
88.0	26.15734793051444	23.92755404122214	23.741272412444843	26.17382561581858	0.0
89.0	26.251672201105396	23.79510753754249	23.801251742021613	26.151968519330502	0.0
90.0	26.169284004680765	23.797341793716715	23.742323235426365	26.291050966176154	0.0
91.0	26.22737466521068	23.816053689175867	23.700989496203164	26.255582149410294	0.0
92.0	26.18296882374791	23.781143436453565	23.691214625440917	26.344673114357608	0.0
93.0	26.242176612364933	23.772485693778435	23.775837078039775	26.209500615816854	0.0
94.0	26.313114245896653	23.62893473458433	23.812702304914527	26.245248714604497	0.0
95.0	26.207824923686186	23.858504556486185	23.82247717567677	26.111193344150855	0.0
96.0	26.255582149410294	23.73059339051167	23.820522201524323	26.193302258553707	0.0
97.0	26.25502358536674	23.812981586936306	23.730314108489896	26.20168071920706	0.0
98.0	26.359195779490086	23.65155657834838	23.82303573972033	26.166211902441205	0.0
99.0	26.31451065600554	23.68674611309246	23.765782925255753	26.232960305646248	0.0
100.0	26.186599490031025	23.779467744322893	23.764945079190415	26.26898768645566	0.0
101.0	26.213131282099976	23.81354015097986	23.680881190635112	26.292447376285043	0.0
102.0	26.111193344150855	23.73617903094724	23.809909484696743	26.34271814020516	0.0
103.0	26.352213728945628	23.774161385909103	23.719701391662316	26.153923493482957	0.0
104.0	26.342997422226937	23.61999770988742	23.76466579716864	26.272339070717	0.0
105.0	26.309204297591748	23.713277905161412	23.678646934460886	26.29887086278595	0.0
106.0	26.27338282196938	23.798113175930425	23.709860303522852	26.218643698577342	0.0
107.0	26.357446475750006	23.672715898363972	23.704553959928727	26.26528366595729	0.0
108.0	26.09799420212142	23.74393261502198	23.746446146198146	26.41162703665846	0.0
109.0	26.12452592009205	23.790851863643727	23.82939267501159	26.255229541252632	0.0
110.0	26.149940513095498	23.78359055135703	23.830509799978774	26.2359591355687	0.0
111.0	26.204958917729332	23.74030195887863	23.773815707894165	26.280923415497874	0.0
112.0	26.357446475750006	23.789734738676543	23.681652898101447	26.171165887472004	0.0
113.0	26.16111176276734	23.918762672386347	23.744491177505573	26.17563438734074	0.0
114.0	26.240354351049955	23.80028095614459	23.79748815152641	26.16187654127905	0.0
115.0	26.17276847928996	23.79748815152641	23.734929328079136	26.294814041104498	0.0
116.0	26.24091291197359	23.801118797530044	23.707280562359138	26.25068772813723	0.0
117.0	26.183381136839046	23.777659238737318	23.70169495312277	26.337264671300858	0.0
118.0	26.240075070588137	23.764812337493684	23.7773799582755	26.217732633642683	0.0
119.0	26.31380511250813	23.631036996282777	23.815920662006405	26.239237229202683	0.0
120.0	26.21829119456632	23.846641512806404	23.820389149395496	26.114678143231778	0.0
121.0	26.255994056911774	23.726271633762774	23.820389149395496	26.19734515992996	0.0
122.0	26.25320125229359	23.80782152861368	23.74191133962459	26.19706587946814	0.0
123.0	26.366589119791765	23.64751454353005	23.824019795399135	26.16187654127905	0.0
124.0	26.30794022280995	23.67935251617732	23.773470031810046	26.239237229202683	0.0
125.0	26.18449825868632	23.776542116890045	23.768442983497316	26.270516640926317	0.0
126.0	26.215777670409956	23.819272027548223	23.68549668633732	26.2794536157045	0.0
127.0	26.109092533995415	23.730181560228228	23.814524259697315	26.34620164607904	0.0
128.0	26.348715170235405	23.77207362950095	23.728785157919138	26.150426042344506	0.0
129.0	26.342291719613588	23.618748655962776	23.766767300726407	26.272192323697226	0.0
130.0	26.310453746966317	23.714821134828227	23.669298419551865	26.30542669865359	0.0
131.0	26.28287838419045	23.78750048874217	23.713770240908	26.21585088615938	0.0
132.0	26.365824913003895	23.670760929671395	23.700085460059988	26.263328697264722	0.0
133.0	26.110561858002246	23.738346990186056	23.735274896526303	26.415816255285396	0.0
134.0	26.125084482575645	23.79420323854528	23.824924175142854	26.255788103736222	0.0
135.0	26.15105763806268	23.78694192625858	23.83358189363853	26.228418542040206	0.0
136.0	26.204679636487537	23.73974339639504	23.780239176455474	26.27533779066195	0.0
137.0	26.344040976143795	23.78917617619295	23.69366199149868	26.173120856164573	0.0
138.0	26.161670325250935	23.914294172517607	23.746446146198146	26.177589356033316	0.0
139.0	26.247482970778723	23.800693177978054	23.793431845411817	26.15839200583141	0.0
140.0	26.169636373792105	23.795453275987263	23.725353292744234	26.3095570574764	0.0
141.0	26.232621530590016	23.798658317926147	23.72157583408275	26.247144317401087	0.0
142.0	26.185981042177524	23.786649090370833	23.70258449748365	26.324785369967994	0.0
143.0	26.244072189421825	23.76067564472795	23.78581123728558	26.209440928564646	0.0
144.0	26.314172564221437	23.63695267247206	23.802289014628915	26.246585748677585	0.0
145.0	26.2200537343112	23.842505962721123	23.82686603846304	26.11057426450463	0.0
146.0	26.25273000463612	23.72213440280625	23.826028185377787	26.199107407179845	0.0
147.0	26.26034402343761	23.80458977201954	23.736444197432252	26.1986220071106	0.0
148.0	26.371220224712825	23.64986580348939	23.818554029107098	26.160359942690686	0.0
149.0	26.31536319636259	23.67109147426248	23.777778398411424	26.235766930963507	0.0
150.0	26.176837766054007	23.765769137316127	23.77414769156866	26.283245405061205	0.0
151.0	26.217334111607926	23.8191125993906	23.677794317664507	26.285758971336964	0.0
152.0	26.111764328025984	23.72387636605345	23.81436475198083	26.349994553939737	0.0
153.0	26.344688136246464	23.774426976710412	23.737282052857505	26.14360283418562	0.0
154.0	26.335471726568677	23.625567996157038	23.77079626986765	26.268164007406643	0.0
155.0	26.313687485512084	23.7127049603834	23.679470028515013	26.294137525589502	0.0
156.0	26.2752195187345	23.78761981366043	23.73008691377885	26.207073753826215	0.0
157.0	26.364032441852668	23.667806153227428	23.705789038586143	26.262372366333757	0.0
158.0	26.105413678307304	23.74377192394486	23.73371763076167	26.41709676698617	0.0
159.0	26.1291529816565	23.791529816565006	23.82979198784548	26.249525213933016	0.0
160.0	26.153730142770964	23.785944098129903	23.837053421811113	26.223272337288023	0.0
161.0	26.20651518198271	23.732321201152892	23.782313381147084	26.278850235717314	0.0
162.0	26.349230287999642	23.788736957347453	23.69880689054226	26.16322586411064	0.0
163.0	26.16518086556293	23.909667761467478	23.74293406617959	26.18221730679	0.0
164.0	26.251832818980326	23.793271983354515	23.806119171635643	26.14877602602952	0.0
165.0	26.182084266619	23.78998698520335	23.730498751584957	26.29742999659269	0.0
166.0	26.239764056617474	23.785092668104074	23.719180454235698	26.255962821042754	0.0
167.0	26.18167193591992	23.77503826259873	23.70689173639583	26.33639806508552	0.0
168.0	26.245070548411963	23.76973177080424	23.778110442058694	26.2070872387251	0.0
169.0	26.31824427736753	23.629249382771217	23.805201479114764	26.247304860746485	0.0
170.0	26.217979511355892	23.84011260934166	23.83313038329628	26.10877749600617	0.0
171.0	26.259593578586347	23.72588339123926	23.826427446292715	26.188095583881672	0.0
172.0	26.261901237533202	23.807781573016136	23.731814741475375	26.198502447975287	0.0
173.0	26.36328344286149	23.644117737417293	23.83096262822894	26.16163619149227	0.0
174.0	26.31384914439563	23.667857372273783	23.788510575309104	26.22978290802148	0.0
175.0	26.175600682584328	23.78208690940676	23.772870345286005	26.26944206272291	0.0
176.0	26.22140421336625	23.81420523891848	23.680146124434785	26.284244423280484	0.0
177.0	26.116391240354027	23.725111785751192	23.818673876067933	26.339823097826848	0.0
178.0	26.354346168562582	23.76923957760207	23.736004088802993	26.140410165032357	0.0
179.0	26.339543808005004	23.62540531935395	23.763374491343413	26.271676381297638	0.0
180.0	26.311056246177223	23.715895221630436	23.683218312475038	26.289830219717302	0.0
181.0	26.275659824046922	23.783829074151654	23.729925987990505	26.210585113810918	0.0
182.0	26.35218544895964	23.670157799190058	23.70367267141461	26.273984080435692	0.0
183.0	26.10222036028488	23.74277335567658	23.739421868454126	26.415584415584416	0.0
184.0	26.138528138528137	23.776288227901134	23.826281245636086	26.258902387934647	0.0
185.0	26.153889121631057	23.792766373411535	23.832704929479124	26.220639575478284	0.0
186.0	26.21449518223712	23.724619466554948	23.786901270772237	26.273984080435692	0.0
187.0	26.35581622678397	23.786621980170366	23.687194525904204	26.170367267141458	0.0
188.0	26.164781455104034	23.904203323558164	23.74444909928781	26.186566122049992	0.0
189.0	26.24668690598214	23.79422928146706	23.804563062597577	26.15452074995322	0.0
190.0	26.19062248637054	23.78787201715971	23.72922066315131	26.292284833318437	0.0
191.0	26.23545577942499	23.786329130893797	23.720695106215402	26.25751998346581	0.0
192.0	26.173452573133062	23.78158113761919	23.717902168995046	26.327064120252704	0.0
193.0	26.251096227858987	23.757561877524118	23.77431950084626	26.217022393770634	0.0
194.0	26.321478245811992	23.630483233997865	23.81342062193126	26.234617898258882	0.0
195.0	26.221211799601168	23.83380906363987	23.83688129458226	26.108097842176704	0.0
196.0	26.258916452075994	23.721253693659474	23.83241259502969	26.187417259234845	0.0
197.0	26.26764792135067	23.807063357957798	23.739753382954657	26.185535337736876	0.0
198.0	26.369590414612688	23.64814478626988	23.829686212626903	26.152578586490527	0.0
199.0	26.314569397701405	23.664623161893058	23.79058498233462	26.230222458070912	0.0
200.0	26.180508036699297	23.770475778184306	23.77382731220936	26.275188872907034	0.0
201.0	26.22100573950202	23.808739124970323	23.692831906603917	26.27742322892374	0.0
202.0	26.11375665070033	23.725230068846095	23.824658911589324	26.33635436886425	0.0
203.0	26.35227415548325	23.77103436718848	23.736401848929603	26.140289628398666	0.0
204.0	26.331606362328756	23.62161180857155	23.76907930567387	26.277702523425827	0.0
205.0	26.30311832311581	23.71992347330643	23.681939421022495	26.295018782555264	0.0
206.0	26.29062349878786	23.77808314061959	23.732278714347956	26.199014646244596	0.0
207.0	26.36296097686318	23.669437275865533	23.705745662544267	26.261856084727015	0.0
208.0	26.103774955033458	23.736188848297974	23.731999419065815	26.428036777602752	0.0
209.0	26.14092122755862	23.775010892516004	23.825284043301938	26.258783836623433	0.0
210.0	26.156282468076547	23.792047904726793	23.84008669325558	26.21158293394108	0.0
211.0	26.220241087687548	23.731440828501523	23.777245254773156	26.271072829037774	0.0
212.0	26.34732044106311	23.798750991498252	23.69066371730849	26.16326485013015	0.0
213.0	26.17331948028734	23.899297293070127	23.74149545865871	26.18588776798382	0.0
214.0	26.25438843937739	23.79267294710412	23.801051828970262	26.15188678454822	0.0
215.0	26.19916099228582	23.789387837181113	23.73129409398897	26.280157076544093	0.0
216.0	26.24259859233605	23.78449335269802	23.71997542174059	26.25293263322534	0.0
217.0	26.178359959781027	23.774717908613564	23.72807507541057	26.318847056194837	0.0
218.0	26.25907719807843	23.768852642162887	23.768573343760472	26.20349681599821	0.0
219.0	26.31717126578036	23.64456485308904	23.810747402524857	26.227516478605743	0.0
220.0	26.226678583398506	23.83141548430343	23.842587420399955	26.09931851189811	0.0
221.0	26.26214948050497	23.722489107362303	23.833929169925145	26.181432242207574	0.0
222.0	26.27898078142325	23.79629034825815	23.734285929745084	26.19044294057351	0.0
223.0	26.367518622272996	23.635693318325657	23.832878541164508	26.16390951823684	0.0
224.0	26.306631400489888	23.665019732487245	23.79601104907566	26.232337817947204	0.0
225.0	26.18848784629607	23.759702155351793	23.77673940548376	26.275070592868378	0.0
226.0	26.229824125304784	23.804390024550397	23.682615580984194	26.28317026916062	0.0
227.0	26.113077067023426	23.727862048547784	23.83092344688707	26.32813743754172	0.0
228.0	26.34573328603867	23.771432721016424	23.740151212577402	26.142682780367505	0.0
229.0	26.32785813835923	23.616142375551266	23.773387815293866	26.282611670795642	0.0
230.0	26.30355910948249	23.70942830250336	23.67954328997679	26.30746929803737	0.0
231.0	26.287991777409104	23.769544014881102	23.73183851993364	26.210625687776158	0.0
232.0	26.370943866293523	23.66871672839196	23.693574425061026	26.266764980253495	0.0
233.0	26.108681201436717	23.726252520682163	23.742172618548867	26.422893659332246	0.0
234.0	26.147503896234475	23.78462621286009	23.82093520799468	26.246934682910755	0.0
235.0	26.161468894363164	23.793563811662448	23.834900206123372	26.21006708785101	0.0
236.0	26.227104385568012	23.724297420944147	23.781553913271775	26.26704428021607	0.0
237.0	26.332121171495764	23.797474011138483	23.699998324200227	26.170406493165533	0.0
238.0	26.163703294063755	23.908635396242857	23.747479317837772	26.180181991855612	0.0
239.0	26.246728690051587	23.77798942567388	23.81792943187436	26.157352452400172	0.0
240.0	26.195244439603044	23.78757789304039	23.73953628677487	26.277641380581695	0.0
241.0	26.24997206766329	23.781870796183323	23.71455386471811	26.253603271435278	0.0
242.0	26.184955920310177	23.770908522073366	23.71839279528923	26.32574276232723	0.0
243.0	26.261537086285113	23.75662055556797	23.76695644400742	26.214885914139497	0.0
244.0	26.304188712768394	23.636307764511315	23.805320117777864	26.25418340494242	0.0
245.0	26.225830513967384	23.834374938886576	23.83633056844564	26.103463978700404	0.0
246.0	26.26445500543416	23.708583737752186	23.832633458221228	26.194327798592425	0.0
247.0	26.29143661845899	23.78484252408521	23.71862216956881	26.205098687886984	0.0
248.0	26.363308658948586	23.624535783446646	23.839144248744624	26.173011308860143	0.0
249.0	26.31105373315338	23.654435660773316	23.796669656654398	26.237840949418906	0.0
