# Position (bp)	A	C	G	T	N
0.0	26.30733634280312	23.818027516468693	23.75887014957968	26.11576599114851	0.0
1.0	26.276928350476993	23.828808531929774	23.68091511470724	26.213348002885994	0.0
2.0	26.195820433436534	23.793675364882798	23.748341441839894	26.26216275984078	0.0
3.0	26.222026889567022	23.701682809252134	23.80174472601831	26.274545575162534	0.0
4.0	26.23612819414309	23.73250044914938	23.753506820160588	26.27786453654694	0.0
5.0	26.210777390530467	23.71390746048373	23.742375204871024	26.332939944114774	0.0
6.0	26.164365389079897	23.78035972893198	23.85746818930542	26.19780669268271	0.0
7.0	26.353694834500047	23.81115566696053	23.676566908852735	26.158582589686684	0.0
8.0	26.257275033577077	23.727249111520116	23.720892956827893	26.294582898074914	0.0
9.0	26.248711564554416	23.68648669560868	23.819406255785868	26.24539548405103	0.0
10.0	26.295791733792413	23.804931428113505	23.614262068126994	26.28501476996709	0.0
11.0	26.271750814489764	23.80354976608462	23.6313946772852	26.293304742140418	0.0
12.0	26.175863469684952	23.717886720293578	23.74551996087133	26.36072984915014	0.0
13.0	26.226155967536467	23.768179218145093	23.78558815970908	26.220076654609365	0.0
14.0	26.20957602318982	23.824274696517936	23.740269645161558	26.22587963513069	0.0
15.0	26.202944045451154	23.816813721561942	23.73695365629223	26.243288576694678	0.0
16.0	26.26567150156266	23.759889245971763	23.83145933906815	26.142979913397426	0.0
17.0	26.235274936927127	23.789180480984186	23.807142087359725	26.16840249472896	0.0
18.0	26.174481807656065	23.810458076229057	23.816813721561942	26.19824639455294	0.0
19.0	26.131373952354764	23.80548409292506	23.73336133501712	26.32978061970305	0.0
20.0	26.212339347247593	23.758783916348655	23.763205234841095	26.26567150156266	0.0
21.0	26.280040786663093	23.777850852347306	23.744967296059777	26.197141064929824	0.0
22.0	26.279764454257315	23.694398465802482	23.744690963654	26.2811461162862	0.0
23.0	26.284942136154125	23.64569862165777	23.796299366647876	26.273059875540227	0.0
24.0	26.250880804675518	23.770534838415518	23.732401177169542	26.24618317973942	0.0
25.0	26.312226259723392	23.816958426019315	23.75782361800019	26.112991696257097	0.0
26.0	26.28127720132086	23.833261947856364	23.674924354421986	26.21053649640079	0.0
27.0	26.194785636320933	23.7898779999171	23.760310595907537	26.255025767854427	0.0
28.0	26.212194481672352	23.70255744228139	23.805905190875553	26.279342885170703	0.0
29.0	26.223524047694706	23.726598228719066	23.767771529629577	26.282106193956643	0.0
30.0	26.217168437487047	23.71084736863921	23.740967434405956	26.331016759467786	0.0
31.0	26.172679166033408	23.766666206115204	23.85205244760076	26.208602180250633	0.0
32.0	26.340964671097172	23.80562885999696	23.68901722923028	26.16438923967559	0.0
33.0	26.25281512082568	23.74041477264877	23.710571037760612	26.296199068764942	0.0
34.0	26.250051812039736	23.69509650855935	23.808392168782902	26.246459510618013	0.0
35.0	26.28459317186399	23.81226080108322	23.622974149246307	26.280171877806485	0.0
36.0	26.270223966177102	23.80562885999696	23.624908465396466	26.299238708429474	0.0
37.0	26.18041643063404	23.708084059853267	23.75561297097144	26.355886538541252	0.0
38.0	26.228774334387992	23.77550879423021	23.77827210301615	26.217444768365638	0.0
39.0	26.198654268621247	23.832432955220582	23.744559735827682	26.224353040330488	0.0
40.0	26.20031225389281	23.81226080108322	23.74290175055612	26.244525194467855	0.0
41.0	26.269671304419912	23.760863257664727	23.828011661163075	26.141453776752282	0.0
42.0	26.234853613717064	23.783246058830844	23.807563176147116	26.17433715130497	0.0
43.0	26.184008732055762	23.80424720560399	23.815576771626347	26.196167290713902	0.0
44.0	26.135374497423214	23.80562885999696	23.734611824198296	26.32438481838153	0.0
45.0	26.217721099244233	23.751191676913937	23.760310595907537	26.27077662793429	0.0
46.0	26.277408569020544	23.77329814720146	23.746494051977837	26.202799231800157	0.0
47.0	26.27575058374898	23.69509650855935	23.751744338671124	26.277408569020544	0.0
48.0	26.2765069662822	23.64916023278049	23.79174657212492	26.282586228812388	0.0
49.0	26.24161685830107	23.771785115243155	23.73254634734047	26.254051679115303	0.0
50.0	26.310699196157916	23.817379458228675	23.763495234700336	26.108426110913076	0.0
51.0	26.267868146686673	23.83230124320575	23.686399345652095	26.21343126445548	0.0
52.0	26.189666940232726	23.78698322957166	23.760731941186062	26.262617889009555	0.0
53.0	26.209562653535496	23.689991627220653	23.81682679952582	26.283618919718034	0.0
54.0	26.214260252509764	23.72398013744622	23.77040346848602	26.291356141557998	0.0
55.0	26.219234180835453	23.699110495817756	23.75244206064324	26.32921326270355	0.0
56.0	26.169494897578527	23.75133674323753	23.85717088483422	26.221997474349727	0.0
57.0	26.345793023789195	23.802734002603025	23.68501769889496	26.166455274712824	0.0
58.0	26.261236242252416	23.724532796149074	23.716795574309106	26.297435387289404	0.0
59.0	26.25626231392672	23.69109694462636	23.80328666130588	26.24935408014104	0.0
60.0	26.290803482855146	23.803562990657305	23.623119924175224	26.282513602312324	0.0
61.0	26.270907769552377	23.802457673251595	23.61952764260667	26.30710691458936	0.0
62.0	26.194364539206987	23.70049214257489	23.747468132317547	26.35767518590057	0.0
63.0	26.23222166035254	23.77040346848602	23.77869334902884	26.2186815221326	0.0
64.0	26.209286324184067	23.820419081094375	23.740559898531863	26.229734696189695	0.0
65.0	26.19629884466698	23.804115649360156	23.75133674323753	26.248248762735326	0.0
66.0	26.269526122795238	23.760455611834633	23.827879973582913	26.142138291787216	0.0
67.0	26.23664292997538	23.785877912165954	23.808536918983	26.16894223887567	0.0
68.0	26.189114281529868	23.81655047017439	23.813787176660117	26.180548071635624	0.0
69.0	26.141585633084365	23.805773625468724	23.730888371231902	26.321752370215012	0.0
70.0	26.21619455796975	23.75023142583182	23.77012713913459	26.263446877063835	0.0
71.0	26.282237272960895	23.77979866643455	23.743323192046137	26.194640868558416	0.0
72.0	26.272289416309512	23.698281507763472	23.755205354157514	26.274223721769502	0.0
73.0	26.28630957644354	23.648200548235916	23.790233442391013	26.275256432929524	0.0
74.0	26.24534042206312	23.77773295126406	23.72688863159698	26.250037995075836	0.0
75.0	26.315251361605352	23.81227392929876	23.751758135781966	26.120716573313917	0.0
76.0	26.27905241662499	23.82139274749992	23.67383368933568	26.22572114653941	0.0
77.0	26.18786423461338	23.794312620720717	23.758942659213183	26.258880485452725	0.0
78.0	26.207207182312807	23.694005620507948	23.817524157960037	26.281263039219212	0.0
79.0	26.209694132731308	23.71776981339582	23.780772557331115	26.29176349654176	0.0
80.0	26.220747245702412	23.704506077830494	23.756455708794686	26.318290967672407	0.0
81.0	26.17045558168389	23.759495314861738	23.859802315074514	26.210246788379866	0.0
82.0	26.34343679968167	23.802878783273325	23.69013703096806	26.163547386076946	0.0
83.0	26.24644573336023	23.73186253243398	23.724401681178485	26.29729005302731	0.0
84.0	26.249209011603003	23.694281948332225	23.811997601474484	26.244511438590283	0.0
85.0	26.29010552959609	23.801497144151938	23.630726548748374	26.277670777503598	0.0
86.0	26.267722975829606	23.790444031180833	23.628515926154154	26.313317066835413	0.0
87.0	26.198641019760206	23.695110931805054	23.748718529714914	26.35752951871983	0.0
88.0	26.248656355954452	23.77441701737273	23.764745543523013	26.212181083149805	0.0
89.0	26.205549215367142	23.82084009185137	23.74457361235075	26.22903708043074	0.0
90.0	26.192285479801818	23.798181210260605	23.748165874066355	26.261367435871218	0.0
91.0	26.2751838270851	23.75977164268602	23.83134054917392	26.13370398105496	0.0
92.0	26.235116292564847	23.781601540803948	23.81282658494732	26.17045558168389	0.0
93.0	26.18178502247927	23.818905797081424	23.8191821249057	26.180127055533603	0.0
94.0	26.14834935574168	23.793483637247885	23.742086661932248	26.316080345078184	0.0
95.0	26.218812950932467	23.75037649666058	23.760324298334574	26.270486254072384	0.0
96.0	26.28678959570476	23.779943573858283	23.740981350635142	26.192285479801818	0.0
97.0	26.277670777503598	23.686821097076727	23.747336890593523	26.288171234826148	0.0
98.0	26.290309209980933	23.640056370720387	23.788444002321146	26.281190416977534	0.0
99.0	26.250445576154146	23.76102196517736	23.733113009165745	26.25541944950275	0.0
100.0	26.31234266671456	23.8193268138749	23.755495439234465	26.112835080176076	0.0
101.0	26.27780187957147	23.83286680243499	23.665689392662433	26.22364192533111	0.0
102.0	26.191864401159464	23.793904794537582	23.755495439234465	26.258735365068485	0.0
103.0	26.206509694908135	23.68972978051402	23.822919055737778	26.280841468840066	0.0
104.0	26.202364800450965	23.72040199949709	23.78672031081182	26.29051288924013	0.0
105.0	26.216181115308203	23.704651400559836	23.770140732983137	26.309026751148828	0.0
106.0	26.177219107410792	23.7588113548002	23.856907190286577	26.207062347502426	0.0
107.0	26.3496467168291	23.79611540491474	23.696361611645493	26.157876266610664	0.0
108.0	26.24906394466842	23.740850145485794	23.720678325794232	26.28940758405155	0.0
109.0	26.25403781801703	23.688624475325444	23.808273761989106	26.24906394466842	0.0
110.0	26.285815342188666	23.79915499418333	23.630872279222196	26.284157384405805	0.0
111.0	26.281394121434353	23.774285627440307	23.635293499976513	26.309026751148828	0.0
112.0	26.210101936771018	23.694979980159772	23.74996891329157	26.344949169777642	0.0
113.0	26.247405986885553	23.771522364468858	23.769311754091703	26.211759894553886	0.0
114.0	26.198772558588086	23.828998234274962	23.748310955508703	26.223918251628252	0.0
115.0	26.20153582155953	23.797220710103318	23.750797892183005	26.250445576154146	0.0
116.0	26.27945983735434	23.750797892183005	23.83701169689216	26.132730573570495	0.0
117.0	26.24657700799412	23.78450970043466	23.80606315161195	26.16285013995927	0.0
118.0	26.17887706519366	23.807997435691963	23.81905048757775	26.194075011536622	0.0
119.0	26.142125667673415	23.7903125526747	23.74803462921156	26.319527150440326	0.0
120.0	26.22612886200541	23.750797892183005	23.75687707072019	26.266196175091395	0.0
121.0	26.291065541834417	23.773180322251726	23.739192187702926	26.196561948210928	0.0
122.0	26.27531494289717	23.682268970491116	23.761850944068794	26.280565142542923	0.0
123.0	26.290585537041643	23.63591146480975	23.791483599988947	26.28201939815966	0.0
124.0	26.248656355954452	23.76170593745596	23.742362989756526	26.247274716833065	0.0
125.0	26.316356672902465	23.817524157960037	23.754521414024744	26.111597755112754	0.0
126.0	26.28098671139493	23.831616876998197	23.666649165904463	26.220747245702412	0.0
127.0	26.20002265888159	23.789615047707997	23.752034463606243	26.258327829804166	0.0
128.0	26.20416757624576	23.690689686616615	23.826366648336922	26.278776088800708	0.0
129.0	26.20700327173048	23.719769652489166	23.78525952780971	26.28796754797064	0.0
130.0	26.22164868688655	23.696005393934037	23.773930055707844	26.308415863471573	0.0
131.0	26.17854142718189	23.756245026085416	23.857933946414363	26.20727960031833	0.0
132.0	26.355391723406136	23.791338756742416	23.70015032275179	26.153119197099656	0.0
133.0	26.253702803077196	23.73662569634804	23.723914581306925	26.28575691926784	0.0
134.0	26.253979131665044	23.69075515076488	23.812616058006896	26.242649659563178	0.0
135.0	26.296257405606156	23.786917499336813	23.629962861437793	26.28686223361924	0.0
136.0	26.272216818463175	23.77945662746485	23.637976390485456	26.310350163586527	0.0
137.0	26.208937571845432	23.69987399416394	23.748231497037757	26.34295693695287	0.0
138.0	26.240162702272524	23.76425855513308	23.776417012998497	26.219161729595896	0.0
139.0	26.19843708550712	23.825603501635864	23.754310725970466	26.22164868688655	0.0
140.0	26.203411000088423	23.795760014148023	23.745191882571405	26.255637103192146	0.0
141.0	26.28161199045008	23.746297196922804	23.842183216906886	26.129907595720226	0.0
142.0	26.246241931205233	23.77945662746485	23.810681757891945	26.16361968343797	0.0
143.0	26.17826509859404	23.81455035812185	23.82422185869661	26.182962684587498	0.0
144.0	26.146763639579095	23.783877884870456	23.75182376867981	26.31753470687063	0.0
145.0	26.232149173224865	23.752652754443364	23.75845565478822	26.25674241754355	0.0
146.0	26.2932177911398	23.76923246971439	23.740494296577946	26.19705544256787	0.0
147.0	26.284447907772318	23.684465040192105	23.760455611834633	26.270631440200948	0.0
148.0	26.29612640444781	23.64087032933023	23.788430610744822	26.27457265547714	0.0
149.0	26.248670157646764	23.7622449120577	23.738756787377206	26.250328142918328	0.0
150.0	26.31443690675215	23.81198447020462	23.754231316578473	26.119347306464764	0.0
151.0	26.277132238141952	23.825248352377137	23.67934564847949	26.21827376100142	0.0
152.0	26.205286209707502	23.778548433894745	23.76528455172223	26.250880804675518	0.0
153.0	26.202522900921565	23.69095154538044	23.829116984677455	26.277408569020544	0.0
154.0	26.199279327077186	23.71920283847863	23.79491770843696	26.28660012600723	0.0
155.0	26.224701838158083	23.690464347691524	23.776679820052834	26.308153994097555	0.0
156.0	26.17938344883996	23.758718263310897	23.8686982569	26.193200030949143	0.0
157.0	26.363420322534292	23.789391075593283	23.689082689480607	26.158105912391814	0.0
158.0	26.26311193642162	23.72915077759724	23.725005802964485	26.282731483016658	0.0
159.0	26.25951962507323	23.683556056636935	23.81536624995855	26.24155806833129	0.0
160.0	26.305114346033537	23.79132539708857	23.625802743420543	26.27775751345735	0.0
161.0	26.278862840026086	23.77253484542008	23.642658973593747	26.305943340960088	0.0
162.0	26.20812193962706	23.697925302030484	23.755402283604692	26.338550474737758	0.0
163.0	26.251229675807718	23.763968564512385	23.779719468116856	26.20508229156304	0.0
164.0	26.20535862320523	23.815642581600734	23.755402283604692	26.22359651158935	0.0
165.0	26.207016613058325	23.79464137679477	23.749599319118833	26.248742691028067	0.0
166.0	26.28687645764941	23.746836002697	23.84106509268163	26.125222446971957	0.0
167.0	26.248190027743696	23.775021830199734	23.815089918316367	26.161698223740203	0.0
168.0	26.176896464060306	23.810944943683612	23.832498811773938	26.179659780482144	0.0
169.0	26.146776315062286	23.77999579975904	23.75457328867814	26.318654596500537	0.0
170.0	26.234649777276697	23.74628333941263	23.765350222723303	26.253716660587372	0.0
171.0	26.29571907019929	23.765626554365486	23.74324369134861	26.19541068408661	0.0
172.0	26.2861200995902	23.686108493629156	23.752980935827324	26.27479047095332	0.0
173.0	26.295035398278998	23.64223697227273	23.78731188619495	26.275415743253326	0.0
174.0	26.25117096504099	23.760020559244612	23.7401245160702	26.248683959644193	0.0
175.0	26.321781589978972	23.80933958588368	23.76208622219029	26.10679260194706	0.0
176.0	26.267896175240896	23.825919713495395	23.683054280574446	26.223129830689263	0.0
177.0	26.192732930067784	23.782811381704935	23.76899460869517	26.25546107953211	0.0
178.0	26.209589393139698	23.684712293335615	23.832275429079885	26.273422884444802	0.0
179.0	26.205240440148337	23.7121350289324	23.797799258313574	26.284825272605683	0.0
180.0	26.22209694980076	23.688922786132345	23.783982447123066	26.304997816943832	0.0
181.0	26.190318284062585	23.758283178308712	23.854724520418483	26.19667401721022	0.0
182.0	26.356949027020153	23.783706110899253	23.691686148370444	26.167658713710146	0.0
183.0	26.259126003791334	23.725951840122914	23.729544211032447	26.285377945053305	0.0
184.0	26.2555336328818	23.688922786132345	23.81437943174219	26.241164149243666	0.0
185.0	26.296155057781906	23.79282520628499	23.630892179132193	26.28012755680091	0.0
186.0	26.276258849667567	23.78066641243734	23.643050972979843	26.30002376491525	0.0
187.0	26.215741216653125	23.689199122356154	23.75855951453252	26.336500146458196	0.0
188.0	26.24061147679605	23.762428221665864	23.78066641243734	26.216293889100744	0.0
189.0	26.201240203826725	23.81395837248118	23.763112226287458	26.221689197404636	0.0
190.0	26.210359349611466	23.790193325890638	23.74211055720744	26.25733676729045	0.0
191.0	26.283865191391527	23.73907084194586	23.83993412108015	26.137129845582464	0.0
192.0	26.247664946003603	23.763941239540618	23.817274425493814	26.171119388961966	0.0
193.0	26.18217289900408	23.809260630713283	23.821972167261716	26.186594303020925	0.0
194.0	26.153710110645633	23.77886347809747	23.751229702992184	26.316196708264712	0.0
195.0	26.237164111463596	23.737965490941647	23.77361306082747	26.251257336767292	0.0
196.0	26.294642363682584	23.759243497772715	23.74680829897534	26.199305839569355	0.0
197.0	26.28338514680484	23.677512953367877	23.750466321243525	26.288635578583765	0.0
198.0	26.2887082244096	23.653260527144806	23.7941935590841	26.26383768936149	0.0
199.0	26.252580325141693	23.771046748444896	23.739820323704723	26.236552602708684	0.0
200.0	26.31932373691177	23.81815619378176	23.759295439535084	26.103224629771383	0.0
201.0	26.27870152623449	23.821748634181795	23.679709067595912	26.21984077198781	0.0
202.0	26.202431253126115	23.777257641535243	23.762887879935114	26.257423225403524	0.0
203.0	26.225643944941705	23.68053809230361	23.82893351498186	26.264884447772825	0.0
204.0	26.212451985519664	23.70630336861304	23.802194158123083	26.279050487744215	0.0
205.0	26.231243264155633	23.69110454030453	23.773454555503356	26.304197640036474	0.0
206.0	26.19946389587421	23.764887943184014	23.843645508055378	26.192002652886398	0.0
207.0	26.36775637659933	23.78644264514881	23.686130378312654	26.159670599939204	0.0
208.0	26.265451118781208	23.726949404062818	23.72916016105365	26.278439316102325	0.0
209.0	26.25191023221239	23.691300947585713	23.812339892833556	26.244448927368342	0.0
210.0	26.29087482417573	23.79879900626473	23.63824277980584	26.272083389753693	0.0
211.0	26.273188768249106	23.78387639657664	23.645151395402177	26.297783439772072	0.0
212.0	26.223999425203182	23.698209563182054	23.75154407558578	26.326246936028987	0.0
213.0	26.23311879779035	23.767572063769286	23.790232322925274	26.209076815515093	0.0
214.0	26.20970193386502	23.8223541310872	23.759900073507872	26.20804386153991	0.0
215.0	26.21025462464006	23.78946902997242	23.751886057269818	26.2483902881177	0.0
216.0	26.27409040915698	23.74525376796936	23.85966075840228	26.12099506447138	0.0
217.0	26.23595474567934	23.775928105983983	23.817379914111854	26.170737234224823	0.0
218.0	26.16299956337429	23.81212935174899	23.833684291975484	26.191186792901238	0.0
219.0	26.136194060784934	23.779796941409252	23.761834491220508	26.32217450658531	0.0
220.0	26.223664139013554	23.750359250989323	23.77578316715672	26.250193442840402	0.0
221.0	26.291092786240135	23.76390024981761	23.744003271947474	26.201003691994785	0.0
222.0	26.275966318744942	23.67525831599252	23.77170365580344	26.277071709459104	0.0
223.0	26.281289552370797	23.646859852651012	23.80050958652746	26.271341008450733	0.0
224.0	26.252345513885167	23.75249059721827	23.745581867070506	26.24958202182606	0.0
225.0	26.3049972503102	23.81424809110731	23.768373869380063	26.112380789202422	0.0
226.0	26.283441893113064	23.81258998670753	23.680217985458423	26.22375013472098	0.0
227.0	26.199707620924173	23.770584675246436	23.764504959113907	26.26520274471548	0.0
228.0	26.211038000989333	23.679388933258537	23.838843306370713	26.270729759381418	0.0
229.0	26.210557732591237	23.705155060824964	23.807128763216507	26.277158443367288	0.0
230.0	26.231560446362938	23.690508431484172	23.778940910522913	26.298990211629974	0.0
231.0	26.181553886374065	23.766215103328967	23.857688459986626	26.194542550310345	0.0
232.0	26.358420799548988	23.791363367546026	23.687730410607593	26.162485422297387	0.0
233.0	26.257071241636798	23.72593290645649	23.73836889565652	26.27862695625019	0.0
234.0	26.258729373530137	23.68254512191415	23.811879409594503	26.246846094961214	0.0
235.0	26.29576098581468	23.790876405612224	23.625063216278434	26.28829939229466	0.0
236.0	26.27282349462351	23.780098548305528	23.644408088367374	26.30266986870359	0.0
237.0	26.221145050614474	23.69277026858973	23.752186661434337	26.333898019361452	0.0
238.0	26.22998842071228	23.766004427212156	23.7853492993011	26.21865785277447	0.0
239.0	26.206846998220268	23.81995954146999	23.75169958988758	26.221493870422165	0.0
240.0	26.213723707374232	23.790836306554535	23.74219615798099	26.253243828090238	0.0
241.0	26.28308947493519	23.75394531012487	23.841833829894256	26.121131385045686	0.0
242.0	26.2426617726725	23.770605078993047	23.815657096107284	26.17107605222717	0.0
243.0	26.162236270008655	23.809708083066827	23.839560397035775	26.188495249888742	0.0
244.0	26.14191729323308	23.78095975232198	23.763544891640866	26.313578062804073	0.0
245.0	26.23105353800903	23.732318248037974	23.787882557506297	26.248745656446705	0.0
246.0	26.287183456817427	23.767555014928675	23.74682074532788	26.19844078292602	0.0
247.0	26.288346272089886	23.666036316988475	23.761971114502465	26.28364629641917	0.0
248.0	26.287981420553514	23.64566341342033	23.806021731316875	26.26033343470928	0.0
249.0	26.253770504494195	23.75659751886289	23.743879410211534	26.245752566431378	0.0
