# Position (bp)	A	C	G	T	N
0.0	26.2045310847634	23.779522272144852	23.678247100228848	26.337699542862897	0.0
1.0	26.22243608753308	23.742033672595834	23.76525422306276	26.27027601680832	0.0
2.0	26.35486514990027	23.774795717694584	23.76304651286398	26.107292619541166	0.0
3.0	26.238450499744044	23.80057233490823	23.598045221730825	26.362931943616903	0.0
4.0	26.24951048951049	23.896783216783216	23.633846153846154	26.219860139860142	0.0
5.0	26.29622481602376	23.707830912482972	23.756219949149557	26.239724322343704	0.0
6.0	26.278384856561903	23.64567979616324	23.764547282689257	26.3113880645856	0.0
7.0	26.07961203605559	23.85536373018159	23.747409518429127	26.317614715333693	0.0
8.0	26.322795713358836	23.881916012260334	23.585195874443475	26.210092399937356	0.0
9.0	26.301424260813395	23.611464558473553	23.74234106753843	26.34477011317462	0.0
10.0	26.32726906664728	23.608975040127063	23.850855950829665	26.21289994239599	0.0
11.0	26.224364817932184	23.711040395510246	23.703210724412354	26.361384062145216	0.0
12.0	26.152499622498	23.754103586548624	23.654554911161195	26.43884187979218	0.0
13.0	26.185775724664023	23.789616737599758	23.848898533055195	26.175709004681025	0.0
14.0	26.284485506719534	23.758857315429484	23.73285162214007	26.223805555710904	0.0
15.0	26.155855195825666	23.812546488672144	23.831281773084946	26.200316542417244	0.0
16.0	26.243100102344986	23.786820426493367	23.710201502178325	26.259877968983318	0.0
17.0	26.196681337978937	23.772838870961426	23.691186586654887	26.33929320440475	0.0
18.0	26.287002186715284	23.71439596883791	23.76584809319546	26.232753751251348	0.0
19.0	26.229957440144965	23.803039030910423	23.829044724199836	26.13795880474478	0.0
20.0	26.350684395229507	23.67937586510633	23.607510870629028	26.36242886903514	0.0
21.0	26.32635655663213	23.625686841994884	23.851907777917596	26.196048823455392	0.0
22.0	26.228485941585223	23.84883184430183	23.708737049620403	26.213945164492543	0.0
23.0	26.219537771066648	23.69167959956937	23.7599093997735	26.32887322959048	0.0
24.0	26.272108272863274	23.67574067083316	23.78200019574123	26.270150860562335	0.0
25.0	26.218139619423127	23.76913720062078	23.67574067083316	26.33698250912294	0.0
26.0	26.212826643177717	23.756553835829035	23.755155684185507	26.275463836807738	0.0
27.0	26.339499182081287	23.776966849824532	23.774450176866182	26.109083791227995	0.0
28.0	26.23792000357926	23.802626280703322	23.613037447988905	26.34641626772851	0.0
29.0	26.231768153550178	23.906648472104155	23.635407811731017	26.22617556261465	0.0
30.0	26.293007024294212	23.715661491655855	23.757885553219097	26.233445930830833	0.0
31.0	26.278186658315068	23.64100040266655	23.769350364636928	26.311462574381462	0.0
32.0	26.08887745514742	23.856035524137624	23.748937407722252	26.30614961299271	0.0
33.0	26.31677553577021	23.873931815131314	23.587031900138697	26.22226074895978	0.0
34.0	26.30055702205718	23.61807077983088	23.74865777817547	26.33271441993647	0.0
35.0	26.33495145631068	23.616952261643775	23.849324415014987	26.19877186703056	0.0
36.0	26.226734821708202	23.713983714375196	23.696087423381503	26.3631940405351	0.0
37.0	26.158784841841527	23.753970739564227	23.656100398192475	26.43114402040177	0.0
38.0	26.19961075567089	23.781654064695093	23.847367008187554	26.171368171446467	0.0
39.0	26.289931099279674	23.76012258959331	23.726007784886583	26.22393852624044	0.0
40.0	26.155988546373766	23.806541094358195	23.843452194532684	26.19401816473536	0.0
41.0	26.258612590040713	23.78668739653707	23.710348530267105	26.244351483155114	0.0
42.0	26.212194085275826	23.779417028320882	23.682105946042682	26.326282940360613	0.0
43.0	26.282381101516712	23.716220750749407	23.77382443738535	26.22757371034853	0.0
44.0	26.22393852624044	23.79535591248714	23.836461455863272	26.144244105409154	0.0
45.0	26.347740739394382	23.67532863370589	23.61548807802761	26.361442548872116	0.0
46.0	26.327607468325056	23.622758425913755	23.84646143779518	26.203172667966008	0.0
47.0	26.240922551220997	23.8568077020947	23.694902647245517	26.207367099438784	0.0
48.0	26.22889851433237	23.69098784453759	23.76425058092876	26.315863060201277	0.0
49.0	26.28650203989184	23.672532346057373	23.7785116479362	26.262453966114585	0.0
50.0	26.213798561030377	23.774596845228274	23.678963807648966	26.33264078609238	0.0
51.0	26.22805962803782	23.762572808339648	23.752226544040134	26.257141019582402	0.0
52.0	26.346062966805267	23.76592835351787	23.774317216463423	26.11369146321344	0.0
53.0	26.240289918292703	23.794943207556667	23.617099810412228	26.3476670637384	0.0
54.0	26.230782566873035	23.907912912660993	23.63583488526864	26.225469635197335	0.0
55.0	26.29929142269125	23.71441034847239	23.758032313809707	26.22826591502665	0.0
56.0	26.279437835903114	23.64338484080779	23.774250736819734	26.30292658646936	0.0
57.0	26.09879815892936	23.853944711955215	23.749084218355897	26.298172910759526	0.0
58.0	26.32305980124043	23.86457057530661	23.59724622362409	26.215123399828865	0.0
59.0	26.303765470418156	23.62464976595138	23.743212030714336	26.32837273291613	0.0
60.0	26.337600456352867	23.616260926463433	23.84499661650141	26.201142000682292	0.0
61.0	26.216801167726455	23.724476955857927	23.70434374108686	26.35437813532876	0.0
62.0	26.164790362901197	23.74516942659486	23.662958799612994	26.427081410890953	0.0
63.0	26.200582744716428	23.777326644631984	23.84975029221124	26.172340318440344	0.0
64.0	26.291741467152104	23.752719382134007	23.729789887533627	26.225749263180266	0.0
65.0	26.162553339037743	23.80836535073738	23.834930009115872	26.194151301109002	0.0
66.0	26.261262017012566	23.787393252017516	23.70797890486497	26.24336582610495	0.0
67.0	26.211767864033693	23.777885900597845	23.688404946059762	26.321941289308704	0.0
68.0	26.28223411573243	23.701827089240474	23.789350647898036	26.22658814712906	0.0
69.0	26.23357884670235	23.797739487385982	23.820948609969296	26.147733055942375	0.0
70.0	26.348152642896487	23.669883311569016	23.6122801081598	26.369683937374695	0.0
71.0	26.326900975619306	23.625422586607534	23.848844720219002	26.198831717554157	0.0
72.0	26.24189430651056	23.851361365028147	23.695609014062452	26.21113531439884	0.0
73.0	26.229590709665874	23.689177588439094	23.76383805111026	26.317393650784776	0.0
74.0	26.28579577707001	23.671281447574096	23.77586202075393	26.267060754601967	0.0
75.0	26.21057605999681	23.774463884748855	23.68106839960964	26.333891655644692	0.0
76.0	26.221761148037437	23.752373335868622	23.75936401589401	26.266501500199936	0.0
77.0	26.34311935327821	23.772226867140727	23.77670090235698	26.107952877224083	0.0
78.0	26.237626530954643	23.796487892176053	23.625636150103464	26.340249426765837	0.0
79.0	26.235669146020918	23.919523516581847	23.634024942676586	26.210782394720656	0.0
80.0	26.291874056260834	23.70840557015827	23.76796599742744	26.23175437615346	0.0
81.0	26.278451988143843	23.655276550528495	23.772160393714	26.294111067613667	0.0
82.0	26.10060958559365	23.852972428835077	23.74419775180359	26.302220233767688	0.0
83.0	26.31899781891393	23.869470387562217	23.59124210055366	26.220289692970194	0.0
84.0	26.309770147083494	23.61053632347184	23.752586544376715	26.32710698506795	0.0
85.0	26.33941054750853	23.605782674347072	23.852413175996865	26.202393602147534	0.0
86.0	26.221687825065715	23.711481460768415	23.704770426709914	26.362060287455957	0.0
87.0	26.164923661987583	23.746434763156422	23.655276550528495	26.4333650243275	0.0
88.0	26.19484368883172	23.77355852580952	23.863038979922823	26.168558805435936	0.0
89.0	26.28516302220234	23.75789944633969	23.734131200715844	26.222806330742127	0.0
90.0	26.16240702421565	23.806274816844695	23.832000447402272	26.199317711537383	0.0
91.0	26.26307253509312	23.783625076897266	23.718192494826912	26.235109893182706	0.0
92.0	26.217773055198258	23.76656786533192	23.69554275487948	26.320116324590348	0.0
93.0	26.28656115429786	23.70225378893798	23.789217605279347	26.22196745148482	0.0
94.0	26.222526704323023	23.80040266204351	23.826967171858396	26.15010346177507	0.0
95.0	26.345488659782283	23.67506382455169	23.618579445837913	26.360868069828115	0.0
96.0	26.337659141940772	23.623333081670257	23.843398458144236	26.195609318244735	0.0
97.0	26.24174754838223	23.84032257613507	23.706661521554942	26.211268353927764	0.0
98.0	26.232240276717533	23.690722860234718	23.763705151543114	26.313331711504638	0.0
99.0	26.301028183467974	23.672267568179723	23.768179161738264	26.258525086614043	0.0
100.0	26.209870225741778	23.775169802668188	23.689045106411534	26.3259148651785	0.0
101.0	26.223851507601626	23.746368362036904	23.762586648994326	26.267193481367144	0.0
102.0	26.346607162331072	23.769856915561448	23.774330925756598	26.109204996350886	0.0
103.0	26.250901790158327	23.785449441029915	23.623267024959315	26.340381743852447	0.0
104.0	26.236920547393616	23.90960287678051	23.63724826772402	26.21622830810185	0.0
105.0	26.288930770478323	23.720017224891084	23.76140170347462	26.22965030115597	0.0
106.0	26.293684393018324	23.654585008752257	23.770629323699325	26.281101274530087	0.0
107.0	26.11276711164302	23.85004278260286	23.742946463025206	26.294243642728915	0.0
108.0	26.32388387739009	23.869896147328742	23.58495841978402	26.221261555497144	0.0
109.0	26.3090637600595	23.6095654070499	23.747700085565207	26.33367074732539	0.0
110.0	26.340102118997155	23.60341366023343	23.84920390803698	26.20728031273244	0.0
111.0	26.22769292716891	23.71134885437697	23.70323973357344	26.35771848488068	0.0
112.0	26.17987707691361	23.732879968234617	23.668286626661672	26.418956328190102	0.0
113.0	26.19693419308656	23.770349698844033	23.862625901091096	26.17009020697832	0.0
114.0	26.279423525398325	23.749657459552264	23.740709464182853	26.230209550866558	0.0
115.0	26.166175459004197	23.79998993350521	23.83997628781227	26.19385831967832	0.0
116.0	26.270195905173622	23.777899569936974	23.723093098299323	26.228811426590088	0.0
117.0	26.213432059548907	23.76475720173815	23.699324985599322	26.32248575311362	0.0
118.0	26.284736397648917	23.705197107560497	23.791041938135795	26.21902455665479	0.0
119.0	26.226015178037144	23.791601187846386	23.833265291285212	26.149118342831258	0.0
120.0	26.34129427522433	23.681215588570023	23.61829982020072	26.359190316004934	0.0
121.0	26.33290550610842	23.616062815103138	23.854583483632112	26.196448195156325	0.0
122.0	26.24594193294018	23.837246694125906	23.707220772829334	26.209590600104583	0.0
123.0	26.242866050931013	23.676741578374873	23.770136541198646	26.31025582949547	0.0
124.0	26.29319866562646	23.671987942542525	23.779643812863338	26.25516957896768	0.0
125.0	26.217420117946094	23.764544028454704	23.689045106411534	26.328990747187664	0.0
126.0	26.22860514343397	23.739377721106983	23.763984777180312	26.268032358278738	0.0
127.0	26.354716305809784	23.757833013161978	23.767340284826673	26.120110396201568	0.0
128.0	26.25384486326268	23.7724400201331	23.626475029360776	26.347240087243446	0.0
129.0	26.240422795145683	23.901627425759187	23.635143448353	26.222806330742127	0.0
130.0	26.292433309099046	23.715675857054975	23.760975336949837	26.230915496896145	0.0
131.0	26.30781276214977	23.633186063419274	23.771880767294896	26.287120407136065	0.0
132.0	26.101168838431853	23.850176164644036	23.758458699177897	26.29019629774621	0.0
133.0	26.321234830266764	23.876740674458922	23.584810692914264	26.217213802360046	0.0
134.0	26.313964543370055	23.61053632347184	23.753425423634024	26.322073709524073	0.0
135.0	26.335216151221967	23.601029025222303	23.85381130809239	26.20994351546334	0.0
136.0	26.228119232705104	23.715116604216764	23.70700743806275	26.34975672501538	0.0
137.0	26.17198750625666	23.737553094214793	23.668205548362923	26.422253851165628	0.0
138.0	26.195755818342985	23.771667612738696	23.873172286707362	26.159404282210957	0.0
139.0	26.28467726826595	23.749856691059477	23.737832721415806	26.227633319258764	0.0
140.0	26.16359869022619	23.791521144010805	23.851920619430174	26.19295954633283	0.0
141.0	26.269297772210088	23.78089531037221	23.721055089354874	26.228751828062823	0.0
142.0	26.21700748562017	23.750415945461512	23.698684913273624	26.333891655644692	0.0
143.0	26.295023474703527	23.696168268464483	23.80326548645346	26.205542770378532	0.0
144.0	26.228825170992508	23.794383951590802	23.82738005357672	26.149410823839965	0.0
145.0	26.343899601807525	23.67763187329426	23.618350409377655	26.36011811552056	0.0
146.0	26.339425529059103	23.611359670708246	23.860509596886047	26.188705203346608	0.0
147.0	26.244071853608343	23.830589235380966	23.713704084828418	26.211634826182273	0.0
148.0	26.241069306376968	23.67685919214798	23.77109461292172	26.310976888553334	0.0
149.0	26.294758329488417	23.669309173272936	23.789829844944983	26.24610265229367	0.0
150.0	26.207793297261023	23.76102792108832	23.696992575814775	26.334186205835884	0.0
151.0	26.228765571913932	23.73725934314836	23.7652223760189	26.268752708918807	0.0
152.0	26.351523286215624	23.75851124812997	23.774729807194888	26.115235658459518	0.0
153.0	26.252607560106707	23.77199997762951	23.628828848982423	26.34656361328136	0.0
154.0	26.2352704312471	23.916569261829796	23.632743684531366	26.21541662239174	0.0
155.0	26.29567075114509	23.70656629774002	23.771440715408236	26.226322235706657	0.0
156.0	26.304618946685533	23.627710324539866	23.773677764293343	26.293992964481255	0.0
157.0	26.102725284804286	23.84917816416583	23.755781373212457	26.29231517781742	0.0
158.0	26.32251533776642	23.872387546348854	23.587163813497234	26.217933302387493	0.0
159.0	26.325311648872805	23.608975040127063	23.751866537663513	26.313846773336614	0.0
160.0	26.34348767106433	23.589121231271708	23.862600457476496	26.204790640187465	0.0
161.0	26.223805555710904	23.71411633772727	23.712718182174076	26.34935992438775	0.0
162.0	26.180256310592736	23.72900314026615	23.675313816891443	26.415426732249664	0.0
163.0	26.202347230106287	23.760321912234733	23.883359944968444	26.153970912690532	0.0
164.0	26.29658317790461	23.742705103002407	23.738790256506334	26.22192146258665	0.0
165.0	26.15089496187219	23.80590191072472	23.859870865992008	26.18333226141108	0.0
166.0	26.270297780002405	23.786607310136937	23.71781786456309	26.225277045297567	0.0
167.0	26.21828624798315	23.75165332356486	23.703556638041682	26.326503790410307	0.0
168.0	26.301616551970987	23.70551406128972	23.79219994798847	26.20066943875083	0.0
169.0	26.239891278816145	23.79170721340447	23.823585338299612	26.144816169479775	0.0
170.0	26.35105282290764	23.67327535583457	23.630770951595316	26.34490086966248	0.0
171.0	26.338748916417327	23.61231509185985	23.862308101003887	26.18662789071894	0.0
172.0	26.238080590587508	23.840776264645843	23.717737199742736	26.20340594502391	0.0
173.0	26.234239071164318	23.683408415336302	23.77401016193664	26.308342351562743	0.0
174.0	26.29883476087011	23.663833963910307	23.790788263158923	26.24654301206066	0.0
175.0	26.213825714677203	23.77065454169218	23.693475276069673	26.32204446756094	0.0
176.0	26.23675578634766	23.730107463738328	23.772611986834782	26.26052476307923	0.0
177.0	26.353083954822164	23.761146950999557	23.77065454169218	26.115114552486098	0.0
178.0	26.255285116664055	23.774076642580702	23.636775463636162	26.333862777119084	0.0
179.0	26.246336770989465	23.90690364868795	23.637894006845485	26.2088655734771	0.0
180.0	26.28296906109483	23.701930605579292	23.774915549987696	26.240184783338183	0.0
181.0	26.305339925281313	23.627267846356904	23.7821860808483	26.285206147513478	0.0
182.0	26.10623923402161	23.841748506744814	23.770161741348065	26.28185051788551	0.0
183.0	26.330507147491105	23.862721191919643	23.5830853895886	26.223686271000652	0.0
184.0	26.324914431444483	23.606295161182075	23.756179951231516	26.312610456141922	0.0
185.0	26.348683474642627	23.587000290821234	23.857408111675355	26.206908122860785	0.0
186.0	26.217254647547033	23.720945840137805	23.71143822285855	26.350361289456615	0.0
187.0	26.17174719734233	23.734155092042382	23.678227775183373	26.415869935431914	0.0
188.0	26.202227585030496	23.762398387056184	23.881803208550167	26.153570819363154	0.0
189.0	26.302896755376715	23.731638362783727	23.74282382615553	26.222641055684033	0.0
190.0	26.154689365700335	23.79651405034018	23.862787920818104	26.18600866314138	0.0
191.0	26.265145816496883	23.786167496721262	23.72129180916481	26.22739487761705	0.0
192.0	26.222081782515446	23.754288926111624	23.695565243409664	26.328064047963267	0.0
193.0	26.296185477353628	23.697802336084024	23.79651405034018	26.209498136222166	0.0
194.0	26.236696252300018	23.789589660128748	23.829577803504414	26.14413628406682	0.0
195.0	26.34534289325623	23.681222805114036	23.61970224046711	26.353732061162628	0.0
196.0	26.344224337535376	23.611313072560712	23.861869554031834	26.18259303587208	0.0
197.0	26.23935973870538	23.82579613203432	23.728202145389872	26.206641983870426	0.0
198.0	26.236077437829103	23.679051909519774	23.77832400734893	26.30654664530219	0.0
199.0	26.29899637307293	23.665629203334422	23.79034851497331	26.245025908619336	0.0
200.0	26.222934371355944	23.762664183466022	23.693033895129513	26.321367550048517	0.0
201.0	26.234958878980326	23.72463318260753	23.780281485334296	26.260126453077852	0.0
202.0	26.35744107292165	23.752876793539205	23.773849771953813	26.115832361585333	0.0
203.0	26.25712384158925	23.774755174747344	23.626825353325764	26.341295630337637	0.0
204.0	26.240904692926776	23.905626926023903	23.638290613587174	26.21517776746215	0.0
205.0	26.285367531501503	23.7073618156498	23.774195893758986	26.233074759089714	0.0
206.0	26.307738771035954	23.6248678698665	23.784262951549486	26.283130407548054	0.0
207.0	26.09927293064877	23.843959731543624	23.772930648769574	26.283836689038033	0.0
208.0	26.325223713646533	23.862695749440714	23.588646532438478	26.22343400447427	0.0
209.0	26.328579418344518	23.60850111856823	23.75251677852349	26.310402684563762	0.0
210.0	26.348993288590606	23.593400447427292	23.861297539149888	26.196308724832214	0.0
211.0	26.22511185682327	23.722874720357943	23.710290827740494	26.3417225950783	0.0
212.0	26.16981591111832	23.73524534464582	23.683231776375212	26.41170696786065	0.0
213.0	26.205889837499548	23.75174427221553	23.877583550289568	26.16478233999536	0.0
214.0	26.29789233191368	23.73524534464582	23.74503284405158	26.221829479388926	0.0
215.0	26.148003769585486	23.809909982969753	23.854932480236243	26.18715376720852	0.0
216.0	26.27300411913904	23.78278462747379	23.72182248831792	26.222388765069255	0.0
217.0	26.22965947891353	23.74503284405158	23.7070014177892	26.318306259245695	0.0
218.0	26.289782689548908	23.704204989387552	23.7992835550435	26.20672876602004	0.0
219.0	26.24902823841297	23.78900329420187	23.827873757683207	26.134094709701955	0.0
220.0	26.351245539659278	23.675320753028558	23.62610320025951	26.347330507052654	0.0
221.0	26.35571986263828	23.610443069832996	23.857929059609166	26.175908007919553	0.0
222.0	26.248056465955994	23.817380507611944	23.7315294354523	26.203033590979764	0.0
223.0	26.24924845146045	23.68321704721822	23.773542694948198	26.29399180637313	0.0
224.0	26.308253750751547	23.667836518966986	23.784169241739956	26.239740488541507	0.0
225.0	26.22408031432207	23.764873669933863	23.698038283533045	26.31300773221102	0.0
226.0	26.236384736923057	23.726002880353473	23.785287825612773	26.252324557110697	0.0
227.0	26.3641829443924	23.75620464491953	23.77438163285281	26.10523077783526	0.0
228.0	26.26050772663971	23.773888823637982	23.629311453771596	26.336291995950717	0.0
229.0	26.240652807373728	23.918466193504365	23.62903180702137	26.21184919210054	0.0
230.0	26.285396287409746	23.704256782831926	23.784515400146535	26.225831529611792	0.0
231.0	26.313920255932704	23.621760991515515	23.784515400146535	26.27980335240524	0.0
232.0	26.1145321230222	23.837088989188857	23.768016241883252	26.28036264590569	0.0
233.0	26.341045990704544	23.86645189796249	23.583449386734674	26.209052724598287	0.0
234.0	26.33293623494801	23.599389251497506	23.761304719877852	26.306369793676627	0.0
235.0	26.35446903471535	23.586245854236928	23.85582532145394	26.203459789593786	0.0
236.0	26.230585524365623	23.710688658087104	23.71963735409431	26.339088463452963	0.0
237.0	26.173051485907163	23.731448881829344	23.679714088363028	26.415785543900466	0.0
238.0	26.200456944067696	23.76332870050588	23.875467360938273	26.16074699448815	0.0
239.0	26.315112432290345	23.735643594813098	23.742355135587108	26.206888837309457	0.0
240.0	26.168943029408148	23.79917670615345	23.85370873742967	26.178171527008736	0.0
241.0	26.267657431153147	23.774152681021004	23.716821089076515	26.24136879874933	0.0
242.0	26.233666711415403	23.746476037051952	23.702846019599946	26.317011231932696	0.0
243.0	26.292751418054888	23.696620162670754	23.795352583824663	26.21527583544969	0.0
244.0	26.261349205905223	23.779488355700757	23.82116504528494	26.13799739310908	0.0
245.0	26.343128068138906	23.659808953720926	23.62987930238738	26.367183675752788	0.0
246.0	26.356246538403443	23.610186464667937	23.85354719240043	26.180019804528186	0.0
247.0	26.24233506400501	23.811934920777013	23.720459224778445	26.22527079043953	0.0
248.0	26.23912088649913	23.68660319876011	23.764935613552627	26.309340301188133	0.0
249.0	26.298709473466293	23.674853336541233	23.792911475978524	26.23352571401395	0.0
