# Position (bp)	A	C	G	T	N
0.0	25.76062915833773	22.03095535085674	23.976881962633538	28.231533528171994	0.0
1.0	24.679478907885247	22.891660090307784	25.22931231433954	27.189587937350503	0.009960750116925625
2.0	25.564627384184774	22.90555986433458	23.195372416600225	28.33430450646973	1.358284106853494E-4
3.0	26.786268109888805	22.912260732595062	23.58144203590488	26.719576360242296	4.5276136895116474E-4
4.0	27.645790292705698	22.302345892480947	23.54621720140048	26.50021347698546	0.0054331364274139765
5.0	27.5298833822542	22.409514508511688	23.301046920113425	26.758061076603152	0.0014941125175388435
6.0	27.849759289418195	22.191736290046176	23.041841036388885	26.916572831872955	9.055227379023294E-5
7.0	26.809540044252895	23.07887691636909	22.762668376293597	27.347284722156196	0.001629940928224193
8.0	26.32295740104108	23.214162013411695	23.22136091917802	27.24142911409541	9.055227379023294E-5
9.0	26.353745174129763	23.412878978244365	23.41921763740968	26.8141582102162	0.0
10.0	26.412060838450667	23.47567698011789	23.49980916108299	26.61240774421156	4.527613689511647E-5
11.0	26.588501943930936	23.234762655698976	23.5247110363753	26.651843259447205	1.8110454758046588E-4
12.0	26.612543572622243	23.347138027472656	23.288505430193478	26.751812969711626	0.0
13.0	26.471417853920165	23.3939988291591	23.216289991845766	26.91806694439049	2.2638068447558237E-4
14.0	26.436781609195403	23.294844089358797	23.326627937459165	26.941429431028368	3.169329582658153E-4
15.0	26.418806982848043	23.365701243599652	23.51044905325334	26.704952168025176	9.055227379023294E-5
16.0	26.382903006290213	23.464810707263062	23.691779981518284	26.46046102879155	4.527613689511647E-5
17.0	26.277500159598382	23.56124887884966	23.717994864780554	26.443165544497617	9.055227379023294E-5
18.0	26.108846549664072	23.76616867443696	23.73750887978235	26.386389268831138	0.0010866272854827951
19.0	26.128224736255184	23.81814567959255	23.68707126328119	26.366377216323496	1.8110454758046588E-4
20.0	26.322731020356606	23.638988005898575	23.667104486910443	26.37117648683438	0.0
21.0	26.450545554811516	23.558124825403898	23.636497818369342	26.354786525278346	4.527613689511647E-5
22.0	26.54983612302251	23.466712305012656	23.525118521607357	26.45824249808369	9.055227379023294E-5
23.0	26.594342565590406	23.32948033408356	23.522583057941233	26.553548766247907	4.527613689511647E-5
24.0	26.561607918615238	23.45539327078888	23.43135164209757	26.551375511676945	2.716568213706988E-4
25.0	26.521810194284427	23.496277622405167	23.51026794870576	26.471191473235688	4.5276136895116474E-4
26.0	26.82045159324462	23.284294749462234	23.60018635657946	26.294976748439897	9.055227379023294E-5
27.0	26.924405603555808	23.244044263762472	23.507958865724106	26.323591266957614	0.0
28.0	27.002461663562986	23.272251297048133	23.184868352840557	26.54041868654832	0.0
29.0	27.00241638742609	23.10808002466644	23.07081776400176	26.818504719358128	1.8110454758046588E-4
30.0	26.90140532601309	23.30168078602996	22.83474798623062	26.961939521041856	2.2638068447558237E-4
31.0	26.954740615275536	23.228559824944345	22.803099966540934	27.013418488691602	1.8110454758046588E-4
32.0	27.54636389608402	22.85978568993362	22.849462730721534	26.744070750302555	3.169329582658153E-4
33.0	27.038637296942188	23.17807693230629	22.872553560538044	26.910460553392113	2.716568213706988E-4
34.0	26.377967907368642	23.90883378179347	22.4409361475169	27.27176412581514	4.980375058462812E-4
35.0	26.406854270729397	23.8155098062709	22.47603935194741	27.300086287531805	0.0015102835204910234
36.0	26.4262713050497	23.922023363537797	22.45734774438943	27.194020337283465	3.3724973961509684E-4
37.0	26.475769677401082	23.900517052016752	22.453778444941673	27.16899072579249	9.440998479999244E-4
38.0	26.426610135128932	23.90141076891886	22.499895804709062	27.170387910238052	0.0016953810050925008
39.0	26.414540350475153	24.073583390822844	22.364493841659964	27.14014152365902	0.007240893383017001
40.0	26.382417898766175	24.09676273069536	22.310484578327344	27.209705060791574	6.297314195495621E-4
41.0	26.503867825227594	23.916809853280938	22.4140905837828	27.165027550023428	2.0418768523651568E-4
42.0	26.555858819138265	23.97286957333147	22.32474864114587	27.146289686705394	2.332796790071617E-4
43.0	26.67263429494736	23.857991759877557	22.227683667746966	27.241024247486067	6.660299420420745E-4
44.0	26.731578859343568	23.73283625433132	22.228371513845786	27.30584498615649	0.0013683863228266605
45.0	26.60138478469978	23.898714871270485	22.073190810852967	27.426362903715003	3.466294617711032E-4
46.0	26.58985136476329	23.81228227646391	22.20157294751701	27.395897999612494	3.9541164329124837E-4
47.0	26.63784008007719	23.63066198948536	22.217137240402913	27.51390980494711	4.508850874266185E-4
48.0	26.587698824231786	24.002243969974035	22.159460829599816	27.249824368175773	7.720080185899532E-4
49.0	26.340788116239356	24.162843261450377	22.28322688542129	27.211672138471442	0.001469598417536424
50.0	26.568117854593932	23.926085024440823	22.225663538061703	27.279796932440988	3.366504625577356E-4
51.0	26.560851468388773	23.92551970411937	22.35916105320518	27.154081305337524	3.8646894915228037E-4
52.0	26.507223827517223	23.83062902867304	22.380084463214047	27.28161813736386	4.4454323182929544E-4
53.0	26.689927866440527	23.855160716840018	22.27915483172242	27.174224002288653	0.0015325827083801623
54.0	26.729371776840132	23.825597749648384	21.954992967651197	27.48886544772621	0.0011720581340834504
55.0	26.780674415805034	23.743663139872393	22.052942041973754	27.422051604446168	6.687979026497772E-4
56.0	26.862180366340553	23.40830818932675	22.209015269269454	27.519734235469812	7.619395934290329E-4
57.0	26.573517550022117	23.942098370324114	22.113808445866834	27.370575633786938	0.0
58.0	26.561017083201516	23.884846567541917	22.19629863967099	27.357837709585574	0.0
59.0	26.741716943611177	23.84419202984035	22.28476411967598	27.129326906872492	0.0
60.0	26.51065896426563	23.93154746689842	22.53207913705843	27.025714431777516	0.0
61.0	26.64336173621732	24.110407108003788	22.18046755516714	27.065763600611753	0.0
62.0	26.688454966239195	23.46334422748312	22.60729631534416	27.240904490933527	0.0
63.0	26.580457049813504	23.7461423405343	22.422704810951018	27.250695798701173	0.0
64.0	26.96380522524087	23.57000260394063	22.0271677805746	27.439024390243905	0.0
65.0	27.026424626662376	23.46021446791649	22.0560192179103	27.457341687510834	0.0
66.0	26.611994138203134	23.765640852215082	21.7252846353286	27.897080374253186	0.0
67.0	26.714290311162596	23.89870322103163	22.264053801847027	27.12295266595875	0.0
68.0	26.935866983372918	24.191485474145807	22.316828065046593	26.555819477434678	0.0
69.0	26.404610855413196	24.04527926359	22.025956793962763	27.524153087034044	0.0
70.0	26.05832549388523	23.67826904985889	22.831608654750706	27.431796801505175	0.0
71.0	27.05360483138261	23.88434610656833	21.693121693121693	27.36892736892737	0.0
72.0	26.394757792883826	23.57768387531386	22.548839488027436	27.478718843774878	0.0
73.0	26.54756089050178	23.672273012771303	21.787982413287736	27.99218368343918	0.0
74.0	27.414704469005287	23.866730738427037	21.74435367611725	26.974211116450427	0.0
75.0	26.15314907113729	23.398278205709108	22.519256909832354	27.92931581332125	0.0
76.0	27.443298969072167	23.216494845360824	22.670103092783506	26.670103092783503	0.0
77.0	27.362433248200603	23.7404225679127	21.523101927095425	27.37404225679127	0.0
78.0	26.387062845122273	23.19221667104917	22.547988430186695	27.87273205364186	0.0
79.0	27.487801271625017	22.918823007541032	22.401301197693332	27.19207452314062	0.0
80.0	26.948812311809974	24.088323854131815	21.93041150886584	27.032452325192374	0.0
81.0	26.866806004180127	23.541706251187534	22.306669200076	27.284818544556337	0.0
82.0	27.302065404475044	23.386402753872634	22.504302925989673	26.785714285714285	0.02151462994836489
83.0	26.509250243427456	22.979552093476144	22.541382667964946	27.945472249269717	0.024342745861733205
84.0	24.33847850055127	24.586549062844544	23.34619625137817	27.701212789415656	0.027563395810363836
85.0	25.904173106646063	22.93663060278207	23.83307573415765	27.295208655332303	0.030911901081916538
86.0	26.343335659455686	23.02861130495464	23.761339846475924	26.86671318911375	0.0
87.0	26.171875	23.046875	22.1875	28.59375	0.0
88.0	25.984251968503933	23.709536307961503	23.447069116360456	26.859142607174103	0.0
89.0	25.172754195459035	23.692003948667324	22.35932872655479	28.77591312931885	0.0
90.0	27.126181211784324	22.901612006670373	22.73485269594219	27.237354085603112	0.0
91.0	26.443202979515828	24.14649286157666	21.725636250775914	27.684667908131594	0.0
92.0	26.46239554317549	23.53760445682451	22.493036211699163	27.506963788300837	0.0
93.0	30.101641907740422	23.846755277560593	18.764659890539484	27.2869429241595	0.0
94.0	27.941176470588236	21.885813148788927	21.10726643598616	29.06574394463668	0.0
95.0	27.03232125367287	24.387855044074435	21.939275220372185	26.64054848188051	0.0
96.0	28.121606948968513	22.475570032573287	23.452768729641694	25.950054288816503	0.0
97.0	26.399026763990268	25.304136253041364	22.871046228710462	25.42579075425791	0.0
98.0	27.456258411843876	24.3606998654105	19.515477792732167	28.667563930013458	0.0
99.0	25.90909090909091	21.06060606060606	21.363636363636363	31.666666666666664	0.0
100.0	21.150278293135436	24.118738404452692	25.04638218923933	29.684601113172544	0.0
