# Position (bp)	A	C	G	T	N
0.0	26.28352596361223	23.746059835204335	23.80716695238622	26.163247248797212	0.0
1.0	26.18868550572361	23.868827075153458	23.72200409224133	26.2204833268816	0.0
2.0	26.18394567453383	23.783704572098475	23.778727686964984	26.25362206640271	0.0
3.0	26.213200327353963	23.71187321669505	23.83656632235518	26.238360133595805	0.0
4.0	26.232354453617024	23.721475452439275	23.667564264900225	26.37860582904348	0.0
5.0	26.196900416337225	23.7196109762638	23.764949160414236	26.318539446984733	0.0
6.0	26.207279753858405	23.730659611934442	23.86860284787819	26.193457786328967	0.0
7.0	26.36030915865943	23.76242550227225	23.638308694258008	26.23895664481031	0.0
8.0	26.248735370377535	23.71477695526943	23.725004560959295	26.31148311339374	0.0
9.0	26.34334298918692	23.649746810251422	23.770537116069256	26.236373084492403	0.0
10.0	26.42076313934687	23.728907254107988	23.714534473942425	26.13579513260272	0.0
11.0	26.243038184607304	23.79220276676018	23.68385411628132	26.280904932351195	0.0
12.0	26.162053096366726	23.72559045868517	23.705413286529662	26.40694315841844	0.0
13.0	26.18748186127503	23.84361309581393	23.77755358697605	26.191351455934992	0.0
14.0	26.237510192235934	23.84720629085532	23.728354454870853	26.186929062037894	0.0
15.0	26.162329495985297	23.843889495432496	23.748808026644923	26.244972981937288	0.0
16.0	26.280904932351195	23.799665556461534	23.776724388120343	26.14270512306693	0.0
17.0	26.206277035337695	23.73222404953081	23.762904407191918	26.298594507939576	0.0
18.0	26.18388866623364	23.882032642794954	23.755718017109135	26.178360673862272	0.0
19.0	26.16951588606808	23.78363437858456	23.726143257922306	26.32070647742506	0.0
20.0	26.224243010544647	23.75737641482055	23.73637004380934	26.282010530825467	0.0
21.0	26.26072776019569	23.76815599994472	23.804917149214333	26.166199090645254	0.0
22.0	26.23198219986456	23.728078055252283	23.769261598418996	26.27067814646416	0.0
23.0	26.271987528883677	23.71142853984013	23.81480171146171	26.20178221981448	0.0
24.0	26.285182021962594	23.781015320746164	23.716614565626582	26.21718809166466	0.0
25.0	26.290986381866073	23.74563636514399	23.809207925991647	26.15416932699829	0.0
26.0	26.19286505968817	23.87084470020481	23.713021390448237	26.223268849658787	0.0
27.0	26.181256339881205	23.773552572298833	23.792071244371844	26.25311984344812	0.0
28.0	26.194523448232022	23.711639399995025	23.843204891140612	26.250632260632344	0.0
29.0	26.219399276389797	23.717443759898508	23.676536842483493	26.386620121228205	0.0
30.0	26.199498613863575	23.713297788538874	23.763049444854435	26.324154152743112	0.0
31.0	26.208066954673477	23.718272954170434	23.867251525026465	26.206408566129625	0.0
32.0	26.34598960190383	23.751164326956832	23.656636179957268	26.24620989118207	0.0
33.0	26.247315483544643	23.72076053698621	23.720484138895568	26.31143984057358	0.0
34.0	26.34046164009099	23.66271693795139	23.75973266776673	26.237088754190886	0.0
35.0	26.40734997802635	23.74149039378436	23.72186612934878	26.12929349884051	0.0
36.0	26.242893114094368	23.79953399281918	23.675707648211567	26.281865244874886	0.0
37.0	26.160802881173694	23.726564896889695	23.709151817179247	26.403480404757364	0.0
38.0	26.18899548641918	23.848732852953454	23.775487358933326	26.186784301694043	0.0
39.0	26.226032830565206	23.860065174669774	23.728499683524188	26.185402311240836	0.0
40.0	26.155551317451497	23.843757687321894	23.754204705953892	26.246486289272713	0.0
41.0	26.28628761432516	23.7970464100034	23.780738922655523	26.135927053015916	0.0
42.0	26.205579371857702	23.72767048925226	23.76360224103572	26.303147897854323	0.0
43.0	26.18871908832854	23.879413041014715	23.753375511681966	26.178492358974786	0.0
44.0	26.175728378068364	23.776316553205252	23.728499683524188	26.3194553852022	0.0
45.0	26.23377197710318	23.751164326956832	23.735686033880878	26.27937766205911	0.0
46.0	26.25477823199197	23.767195416214065	23.81114271262614	26.16688363916782	0.0
47.0	26.227138422927776	23.72877608161483	23.77521096084268	26.268874534614717	0.0
48.0	26.264655968247475	23.71102106700424	23.810800501937546	26.21352246281074	0.0
49.0	26.274533649899528	23.78364782655563	23.715930668686205	26.225887854858637	0.0
50.0	26.289459064287072	23.748821859651354	23.81211667251706	26.14960240354451	0.0
51.0	26.185533956699715	23.868225174751725	23.72007661712719	26.22616425142137	0.0
52.0	26.180006025445067	23.770657188107208	23.78502980936929	26.264306977078434	0.0
53.0	26.193825853581686	23.698517685234066	23.853576156926913	26.25408030425734	0.0
54.0	26.210409647345628	23.715101478998008	23.681933891470123	26.39255498218624	0.0
55.0	26.20294694015185	23.701005254298657	23.77563232623639	26.320415479313098	0.0
56.0	26.205434509216442	23.706809582116037	23.874858692257302	26.21289721641022	0.0
57.0	26.34916072183726	23.75186222184141	23.65208306269503	26.246893993626298	0.0
58.0	26.255738683633727	23.706256788990572	23.725328151819102	26.312676375556592	0.0
59.0	26.343356394019885	23.66009856301427	23.757390153096054	26.239154889869788	0.0
60.0	26.40526922407193	23.740529962769383	23.72449896213091	26.129701851027782	0.0
61.0	26.247999579877224	23.7919397234376	23.666455683957114	26.29360501272806	0.0
62.0	26.177518456380476	23.72449896213091	23.700452461173192	26.39753012031542	0.0
63.0	26.193273060456217	23.8380979494139	23.776461515924588	26.19216747420529	0.0
64.0	26.235285337991538	23.847219035984068	23.726710134632768	26.190785491391626	0.0
65.0	26.156788714175548	23.830635242220126	23.759048532472452	26.253527511131868	0.0
66.0	26.290288253975273	23.796085671878583	23.776185119361855	26.137440954784285	0.0
67.0	26.208751267969234	23.7261573415073	23.765129256852564	26.299962133670906	0.0
68.0	26.189403508577968	23.88729653758026	23.754073394343266	26.169226559498505	0.0
69.0	26.179176835756873	23.780607464365573	23.727815720883694	26.31239997899386	0.0
70.0	26.23611452767973	23.746610687149495	23.740529962769383	26.276744822401387	0.0
71.0	26.265688959892096	23.766511239666226	23.81101108626613	26.156788714175548	0.0
72.0	26.23141578611328	23.73196166932468	23.771209981232673	26.26541256332936	0.0
73.0	26.27086788280818	23.70978441127695	23.809286898839137	26.21006080707573	0.0
74.0	26.27521759199118	23.790426228783225	23.715523174341698	26.2188330048839	0.0
75.0	26.29456524442995	23.747308603348248	23.797336104654214	26.160790047567584	0.0
76.0	26.201420117689008	23.864500098120235	23.69976865735584	26.234311126834918	0.0
77.0	26.179584909936676	23.770525786274778	23.778541242285122	26.271348061503424	0.0
78.0	26.187876760981865	23.695899126868085	23.861459752737	26.254764359413045	0.0
79.0	26.20528964817676	23.707784113366188	23.69368796658937	26.393238271867688	0.0
80.0	26.202525697828367	23.705020163017792	23.78075240256384	26.311701736590003	0.0
81.0	26.203907673002565	23.71193003888878	23.883571355524168	26.20059093258449	0.0
82.0	26.352884596781102	23.745926628174054	23.654716266676985	26.24647250836786	0.0
83.0	26.24453774312398	23.711653643853943	23.729895716153354	26.313912896868718	0.0
84.0	26.334918919516532	23.66439009289637	23.763892305438624	26.236798682148475	0.0
85.0	26.400700937808352	23.73238327146691	23.734594431745627	26.132321358979105	0.0
86.0	26.24647250836786	23.790979018852905	23.675169499255116	26.287378973524117	0.0
87.0	26.17709735462312	23.717734334620413	23.706678533226828	26.398489777529637	0.0
88.0	26.20832999356	23.84238849533307	23.764721490543145	26.18456002056379	0.0
89.0	26.243984953054305	23.847363605960183	23.721603865108168	26.187047575877347	0.0
90.0	26.15028703624368	23.82718676841689	23.76085196005539	26.261674235284037	0.0
91.0	26.289037343733156	23.798994474863253	23.777988452215446	26.133979729188145	0.0
92.0	26.207224413420636	23.7246442104914	23.76693265082186	26.3011987252661	0.0
93.0	26.188429551051545	23.8921396016042	23.7525601090102	26.166870738334058	0.0
94.0	26.187047575877347	23.771078576344454	23.73984593740758	26.30202791037062	0.0
95.0	26.233481941730396	23.74813778845277	23.738187567198544	26.280192702618287	0.0
96.0	26.26526737073695	23.76693265082186	23.810050276256835	26.15774970218435	0.0
97.0	26.236798682148475	23.723815025386884	23.761404750125067	26.277981542339575	0.0
98.0	26.27735612296228	23.709100557763637	23.80694412966208	26.206599189611996	0.0
99.0	26.277836281070083	23.775369469020433	23.72174912866947	26.225045121240008	0.0
100.0	26.291655956418268	23.75298159495637	23.799139310619317	26.15622313800604	0.0
101.0	26.193536261446148	23.871278015936852	23.694662564987024	26.24052315762998	0.0
102.0	26.18330970168849	23.767077663811524	23.780068158638816	26.269544475861174	0.0
103.0	26.194365441967037	23.695491745507915	23.858287521109553	26.251855291415495	0.0
104.0	26.201551673148092	23.711798962418776	23.69742650005666	26.38922286437647	0.0
105.0	26.200722492627204	23.709311420856103	23.793887833987004	26.296078252529693	0.0
106.0	26.210949052384862	23.70571830526557	23.878464247117908	26.204868395231664	0.0
107.0	26.355779250033855	23.740543887143005	23.66398288571405	26.23969397710909	0.0
108.0	26.24605102776926	23.71732683255805	23.73004093387838	26.306581205794316	0.0
109.0	26.336155311039434	23.661495344151376	23.7565747105469	26.245774634262293	0.0
110.0	26.401936965696805	23.73584519752462	23.731975688427127	26.130242148351453	0.0
111.0	26.258488735582624	23.77288192745776	23.683054037694546	26.28557529926507	0.0
112.0	26.188561178320803	23.712351749432703	23.707376666307354	26.391710405939143	0.0
113.0	26.205697575752552	23.844467845761365	23.762655367700102	26.18717921078598	0.0
114.0	26.23720643554642	23.85441801201206	23.72202552217643	26.18635003026509	0.0
115.0	26.158710679568713	23.82539669378087	23.75878585860261	26.257106768047805	0.0
116.0	26.295249072008804	23.790018324889513	23.778686191103997	26.136046411997686	0.0
117.0	26.213160200440573	23.724513063739106	23.764866515755813	26.29746022006451	0.0
118.0	26.189943145855615	23.881228182187545	23.754087168984224	26.174741502972616	0.0
119.0	26.18275691467456	23.774540288499544	23.742755035198712	26.299947761627184	0.0
120.0	26.236377255025523	23.744966183254423	23.739161919608183	26.279494642111867	0.0
121.0	26.264016605721896	23.760720613151356	23.81212980544661	26.163132975680135	0.0
122.0	26.230020204365356	23.720090767627685	23.77951537162489	26.270373656382063	0.0
123.0	26.275697757336886	23.70440185515835	23.809155283829277	26.210745103675492	0.0
124.0	26.274388406886658	23.78075240256384	23.72657897573528	26.21828021481422	0.0
125.0	26.290419318907354	23.751178133836003	23.802864005351008	26.15553854190563	0.0
126.0	26.202249302793522	23.872515554130587	23.692305991415168	26.232929151660723	0.0
127.0	26.195339426922537	23.764168700473466	23.777159267110925	26.263332605493073	0.0
128.0	26.193681056713498	23.695069941763567	23.865605678259598	26.24564332326334	0.0
129.0	26.208606388594834	23.710548063714583	23.692029596380333	26.388815951310253	0.0
130.0	26.209988363769032	23.698939472251322	23.793466574166462	26.297605589813184	0.0
131.0	26.221116639027088	23.702045328911	23.87755666113875	26.19928137092316	0.0
132.0	26.359590934217803	23.73714759535655	23.664731896075182	26.238529574350473	0.0
133.0	26.248479823106692	23.710889994472083	23.737976782752902	26.302653399668323	0.0
134.0	26.33803206191266	23.662520729684907	23.760364842454397	26.239082365948036	0.0
135.0	26.406854615809838	23.72857932559425	23.729408512990602	26.13515754560531	0.0
136.0	26.248203427307903	23.780541735765617	23.681868435599778	26.2893864013267	0.0
137.0	26.1934770591487	23.713101160862355	23.710337202874516	26.38308457711443	0.0
138.0	26.19928137092316	23.83886124930901	23.768380320619126	26.1934770591487	0.0
139.0	26.231619679380874	23.854892205638475	23.723051409618574	26.19043670536208	0.0
140.0	26.163902708678826	23.822830292979546	23.75566611387507	26.25760088446656	0.0
141.0	26.297954671089002	23.788004422332783	23.783305693753455	26.130735212824764	0.0
142.0	26.211995577667217	23.719458264234383	23.76782752902156	26.300718629076837	0.0
143.0	26.19292426755113	23.88888888888889	23.75594250967385	26.162244333886125	0.0
144.0	26.190160309563293	23.76948590381426	23.743781094527364	26.296572692095083	0.0
145.0	26.235765616362634	23.754836926478717	23.73852957435047	26.27086788280818	0.0
146.0	26.26976229961305	23.753731343283583	23.813432835820898	26.163073521282477	0.0
147.0	26.236390924242464	23.72118220337812	23.782265843741968	26.260161028637448	0.0
148.0	26.28345098646206	23.71102106700424	23.80554895273053	26.199978993803175	0.0
149.0	26.279101263968467	23.77769854365846	23.725459304527124	26.21774088784595	0.0
150.0	26.28877519714094	23.742319588056287	23.795940817640833	26.172964397161948	0.0
151.0	26.195352642503945	23.87333228302059	23.705558642000902	26.22575643247456	0.0
152.0	26.200604206226142	23.75531029831646	23.787648874921572	26.25643662053583	0.0
153.0	26.19618183677587	23.6884219603811	23.866145932663898	26.249250270179136	0.0
154.0	26.19977501195422	23.70390025345705	23.701965466822557	26.394359267766177	0.0
155.0	26.210278139398614	23.690356747015592	23.796770011912756	26.302595101673038	0.0
156.0	26.22002454421829	23.703689371911242	23.891640593041384	26.184645490829084	0.0
157.0	26.364581145175737	23.745701997810922	23.646751207862994	26.242965649150353	0.0
158.0	26.254021603334476	23.7089409501487	23.744043604683302	26.292993841833518	0.0
159.0	26.34329843337129	23.65338478037347	23.766431911906157	26.23688487434908	0.0
160.0	26.419860916096365	23.724695684861082	23.725524881424892	26.12991851761766	0.0
161.0	26.25789118729892	23.772789085562028	23.684617850943628	26.284701876195427	0.0
162.0	26.194319450740196	23.70700615816648	23.719444106623623	26.379230284469703	0.0
163.0	26.20952138774337	23.837190018684563	23.773341883271236	26.179946710300833	0.0
164.0	26.24379484571416	23.84686397859567	23.726077679134097	26.18326349655607	0.0
165.0	26.160875189333215	23.82115888511758	23.76670831076076	26.251257614788443	0.0
166.0	26.297139824652564	23.7877146237106	23.77693506838108	26.138210483255758	0.0
167.0	26.219748145363685	23.71474532609537	23.768919501597587	26.296587026943357	0.0
168.0	26.19127906333956	23.878649846875035	23.764497119923934	26.165573969861466	0.0
169.0	26.19349025417639	23.76864310274298	23.74984798062997	26.288018662450664	0.0
170.0	26.244347643423367	23.74818958750235	23.741832413846478	26.26563035522781	0.0
171.0	26.26314276553638	23.756481553140443	23.818118497716945	26.16225718360623	0.0
172.0	26.23060020177172	23.720615265550933	23.77893558506889	26.269848947608455	0.0
173.0	26.277107967517427	23.720128028657193	23.803877344566246	26.198886659259134	0.0
174.0	26.276904196598604	23.7729862103468	23.731249637223495	26.218859955831096	0.0
175.0	26.292804409175464	23.739396502400556	23.804351130901544	26.163447957522436	0.0
176.0	26.188047795550467	23.86792374603017	23.713414651000164	26.2306138074192	0.0
177.0	26.18942980892283	23.76012670298598	23.79163660787582	26.258806880215374	0.0
178.0	26.196339875784634	23.683563162157157	23.866818135332277	26.25327882672593	0.0
179.0	26.205737566716696	23.69489567181052	23.708439402859664	26.39092735861312	0.0
180.0	26.217070076370057	23.691855242391323	23.800757896133405	26.29031678510521	0.0
181.0	26.229304292545397	23.702700461593743	23.877940241576606	26.19005500428425	0.0
182.0	26.35976671549794	23.74139694297797	23.65460626330192	26.244230078222174	0.0
183.0	26.248652533237514	23.712650985378257	23.744990187677935	26.293706293706293	0.0
184.0	26.33931286105199	23.652947842671164	23.768208076508472	26.239531219768374	0.0
185.0	26.413941789435864	23.72398352635507	23.73255203294729	26.129522651261784	0.0
186.0	26.256944636391278	23.771801321208436	23.69192072749385	26.279333314906438	0.0
187.0	26.19585947649189	23.702700461593743	23.717626247270516	26.38381381464385	0.0
188.0	26.20276956245336	23.83896735675392	23.76903728682385	26.18922579396888	0.0
189.0	26.237188629805303	23.839928355832697	23.7329596338187	26.189923380543302	0.0
190.0	26.16283569383175	23.820303603215145	23.757283270865813	26.2595774320873	0.0
191.0	26.296062887657968	23.783818147644478	23.775525998651144	26.144592966046414	0.0
192.0	26.215076232489746	23.711400046436033	23.771379924154477	26.30214379691974	0.0
193.0	26.198215529536633	23.874755381604697	23.75645405596648	26.17057503289219	0.0
194.0	26.20346722389908	23.76861587449003	23.73710570831537	26.29081119329552	0.0
195.0	26.244098753966412	23.741804592744923	23.748714716906033	26.26538193638263	0.0
196.0	26.266211151281965	23.74235740267781	23.8200271982487	26.171404247791525	0.0
197.0	26.22731054460221	23.713124020487193	23.78194904736765	26.277616387542945	0.0
198.0	26.268844012758922	23.73253801971331	23.806338553730658	26.19227941379711	0.0
199.0	26.269193029008942	23.786503033569662	23.73536769075556	26.208936246665836	0.0
200.0	26.29228017900233	23.744896802779568	23.804048283086825	26.158774735131278	0.0
201.0	26.197195556452346	23.864858216112975	23.708410842963875	26.229535384470804	0.0
202.0	26.19913041795773	23.758717242103693	23.789122208616767	26.253030131321815	0.0
203.0	26.21516212757371	23.687403775191207	23.859606449169807	26.237827648065277	0.0
204.0	26.211292404562958	23.688509410337137	23.716979515344832	26.383218669755077	0.0
205.0	26.224283617527632	23.694866812426234	23.794097566773452	26.286752003272678	0.0
206.0	26.235688895522717	23.712622518533262	23.869346733668344	26.18234185227568	0.0
207.0	26.366983432011544	23.744686026391584	23.652641646074155	26.235688895522717	0.0
208.0	26.256913751212757	23.70673809148679	23.74764704418996	26.28870111311049	0.0
209.0	26.335691126350618	23.651732134811585	23.774458992921094	26.238117745916707	0.0
210.0	26.404241263312684	23.73686698232899	23.735208511273456	26.123683243084866	0.0
211.0	26.248897807777677	23.771418462652612	23.697063676996176	26.28262005257353	0.0
212.0	26.209647326130042	23.70452679674608	23.714477623079283	26.371348254044598	0.0
213.0	26.197761616898713	23.847708131207174	23.768654344226725	26.185875907667388	0.0
214.0	26.243442110907793	23.845839161032455	23.725323264543448	26.185395463516297	0.0
215.0	26.162729629772958	23.819303550796345	23.76733798075063	26.250628838680072	0.0
216.0	26.288773778394486	23.785581212787953	23.797190542266254	26.12845446655131	0.0
217.0	26.20695564683314	23.722559138477187	23.76429744207774	26.306187772611935	0.0
218.0	26.183736987876543	23.879285086434223	23.76844363117713	26.168534294512103	0.0
219.0	26.185119050909673	23.771207757243392	23.751029636959682	26.292643554887253	0.0
220.0	26.22893724293485	23.750331696961656	23.750331696961656	26.270399363141834	0.0
221.0	26.26072486842687	23.747014727345096	23.818882402370527	26.173378001857508	0.0
222.0	26.230391818119	23.705618132817357	23.795176560016586	26.268813489047062	0.0
223.0	26.266398359196625	23.722821429953505	23.812380104706254	26.198400106143616	0.0
224.0	26.272275708800823	23.771812711285804	23.73781349078013	26.21809808913324	0.0
225.0	26.28071349002546	23.745960842632492	23.804285031138484	26.169040636203565	0.0
226.0	26.199170193299075	23.855422352814347	23.71140859825691	26.233998855629665	0.0
227.0	26.195300341929013	23.756741142877676	23.787147117928193	26.260811397265122	0.0
228.0	26.197235267614044	23.677409189791334	23.872283848069635	26.253071694524987	0.0
229.0	26.206080642174197	23.692335759361587	23.716384121446993	26.38519947701723	0.0
230.0	26.22487706311451	23.69150650549657	23.800138761813415	26.283477669575504	0.0
231.0	26.221922458163565	23.718923281900455	23.88007717695969	26.17907708297629	0.0
232.0	26.353222801479408	23.750158942520855	23.652029212253225	26.244589043746508	0.0
233.0	26.25433637858831	23.70378560667837	23.757964424419168	26.283913590314157	0.0
234.0	26.34306801376584	23.64463118322668	23.772061973933354	26.240238829074126	0.0
235.0	26.412450071178807	23.72976932539079	23.720370959048	26.1374096443824	0.0
236.0	26.25184857573287	23.768744903459428	23.694387240335576	26.285019280472127	0.0
237.0	26.206238856716375	23.7024034939809	23.722582339363953	26.368775309938776	0.0
238.0	26.190206349425733	23.843378989122773	23.76957417107791	26.196840490373585	0.0
239.0	26.242799172941478	23.843721321082253	23.7185015645559	26.194977941420373	0.0
240.0	26.16696613683483	23.81285418106427	23.761437456807187	26.258742225293712	0.0
241.0	26.299988389258406	23.785433495330825	23.783498371731714	26.13107974367906	0.0
242.0	26.20799858451705	23.72260957552099	23.76297295653472	26.30641888342724	0.0
243.0	26.187823307740587	23.877840477092324	23.765589964914803	26.16874625025229	0.0
244.0	26.182010219204138	23.77292132097591	23.752737286823418	26.292331172996526	0.0
245.0	26.230451036343926	23.739409825911917	23.764848364191383	26.265290773552767	0.0
246.0	26.257472942555815	23.743356616284792	23.81912299039371	26.18004745076568	0.0
247.0	26.23505695157664	23.698990385014227	23.79107523581188	26.27487742759725	0.0
248.0	26.26324638835424	23.731499303112763	23.815291697086348	26.18996261144665	0.0
249.0	26.276869640244797	23.778024208602154	23.738201970647694	26.206904180505354	0.0
