# Position (bp)	A	C	G	T	N
0.0	26.215095602457133	23.930676165465137	23.65926841857484	26.194959813502887	0.0
1.0	26.31435653392171	23.704077639064565	23.786889616172157	26.19467621084156	0.0
2.0	26.26899702513463	23.73029399837219	23.825013257860423	26.175695718632753	0.0
3.0	26.341759444636647	23.780180016674514	23.62988254110494	26.2481779975839	0.0
4.0	26.200792872091245	23.67897187515951	23.82132587723527	26.29890937551398	0.0
5.0	26.311789659944196	23.69756811324607	23.77923595199746	26.211406274812276	0.0
6.0	26.100222312962206	23.826051449571253	23.849587133070187	26.224139104396354	0.0
7.0	26.187694593628958	23.850869681107476	23.668823619484034	26.29261210577954	0.0
8.0	26.235541982481656	23.681800265979316	23.87206905254084	26.210588698998183	0.0
9.0	26.34874185480715	23.653810163839598	23.72668447408567	26.27076350726758	0.0
10.0	26.316326733150536	23.64298332421236	23.73740667541902	26.303283267218085	0.0
11.0	26.24260279527146	23.748465266100883	23.682964382831393	26.32596755579626	0.0
12.0	26.282583853890497	23.75583765988879	23.758956749568288	26.20262173665242	0.0
13.0	26.329653752690213	23.619731928419725	23.82842738333896	26.2221869355511	0.0
14.0	26.279464764210996	23.819637221514913	23.81907011430046	26.081827899973632	0.0
15.0	26.180504555288703	23.83211358023291	23.72237833423598	26.26500353024241	0.0
16.0	26.312356982649355	23.758956749568288	23.7413764259202	26.187309841862156	0.0
17.0	26.2221869355511	23.700261152872258	23.77029889385738	26.30725301771927	0.0
18.0	26.246005438558186	23.738257336240704	23.673323560185672	26.342413665015442	0.0
19.0	26.22785800769564	23.625686554171498	23.76916467942847	26.377290758704387	0.0
20.0	26.242886348878685	23.753285677423747	23.742227086741885	26.261600886955684	0.0
21.0	26.25954155182778	23.71805777671918	23.75577029954518	26.266630371907855	0.0
22.0	26.248482992502865	23.75180056030034	23.74442818741706	26.255288259779736	0.0
23.0	26.164760724645493	23.764209499559076	23.807876507433313	26.263153268362117	0.0
24.0	26.281017044310673	23.880182267225074	23.650788699885727	26.188011988578523	0.0
25.0	26.211263252511564	23.93122162707808	23.66269788385143	26.194817236558926	0.0
26.0	26.318162356203693	23.710051067715053	23.780088411513344	26.19169816456791	0.0
27.0	26.26769010034905	23.720258939685653	23.822904763390035	26.18914619657526	0.0
28.0	26.33914520414326	23.77385026753131	23.630940059942894	26.256064468382533	0.0
29.0	26.19396658056138	23.686799803782016	23.8183679314031	26.300865684253505	0.0
30.0	26.295478196269023	23.705797787727303	23.77129829953866	26.227425716465014	0.0
31.0	26.082814196881493	23.828575803373703	23.852394171305104	26.236215828439697	0.0
32.0	26.18489291658751	23.851543515307554	23.665533403843263	26.29803016426167	0.0
33.0	26.2481250124054	23.687366907780383	23.86090073128061	26.20360734853361	0.0
34.0	26.351054388108963	23.65362421987756	23.721109595683203	26.27421179633027	0.0
35.0	26.311357108223294	23.63405913193391	23.751449659595824	26.30313410024697	0.0
36.0	26.23224610045113	23.758254907576227	23.687083355781198	26.322415636191444	0.0
37.0	26.27648021232374	23.76534370755581	23.757404251578677	26.200771828541775	0.0
38.0	26.32326629218899	23.633775579934728	23.83169487536472	26.211263252511564	0.0
39.0	26.26769010034905	23.840768539338587	23.81581596341045	26.075725396901912	0.0
40.0	26.185743572585057	23.831978427363904	23.728481947661972	26.253796052389067	0.0
41.0	26.31872946020206	23.754285179587658	23.74351020361869	26.18347515659159	0.0
42.0	26.22062046848461	23.695306363757517	23.782073275507628	26.301999892250237	0.0
43.0	26.24217042042255	23.74436085961624	23.666384059840816	26.347084660120395	0.0
44.0	26.218068500491963	23.63434268393309	23.773283163532945	26.374305652042	0.0
45.0	26.227425716465014	23.75598649158276	23.74946479560154	26.267122996350682	0.0
46.0	26.242946664020188	23.717356168656252	23.763007911078347	26.276689256245216	0.0
47.0	26.244931522386366	23.745144185782742	23.74429353219724	26.265630759633652	0.0
48.0	26.160359088215362	23.77683450014319	23.798100779480023	26.264705632161416	0.0
49.0	26.26498918255258	23.890538206997455	23.650087475295674	26.194385135154295	0.0
50.0	26.18956477850461	23.946964734837852	23.667100498765137	26.1963699878924	0.0
51.0	26.306387539661614	23.710483708612276	23.790728469309926	26.19240028241619	0.0
52.0	26.268108236855316	23.726646080908267	23.82191901233728	26.18332666989914	0.0
53.0	26.337861633080124	23.758970825500253	23.641013862778625	26.262153678641	0.0
54.0	26.18105826676988	23.69176938279586	23.82191901233728	26.30525333809698	0.0
55.0	26.284554159542463	23.70736465430954	23.773715445840455	26.234365740307542	0.0
56.0	26.081815629864664	23.83581298150401	23.837230733459798	26.245140655171532	0.0
57.0	26.18984832889577	23.84687144675916	23.65689268468346	26.306387539661614	0.0
58.0	26.253080066123953	23.690351630840077	23.841483989327163	26.215084313708807	0.0
59.0	26.358277261243483	23.659444638203876	23.72522832895248	26.257049771600162	0.0
60.0	26.30950659396435	23.646117769819462	23.756418871979832	26.28795676423636	0.0
61.0	26.217919817620388	23.778252252098984	23.70084299531291	26.302984934967714	0.0
62.0	26.261586577858687	23.76322408136762	23.772864794666983	26.20232454610671	0.0
63.0	26.319147307263712	23.62229953696221	23.838648485415586	26.219904670358492	0.0
64.0	26.25563201964437	23.834678779939377	23.828440671333905	26.081248529082345	0.0
65.0	26.185878623419562	23.83070907446317	23.723243476214375	26.260168825902895	0.0
66.0	26.29929877988267	23.754150468850572	23.747912360245103	26.19863839102166	0.0
67.0	26.20998040666797	23.70367849922449	23.779102903272456	26.307238190835086	0.0
68.0	26.23153023639596	23.747061709071627	23.657176235074616	26.364231819457796	0.0
69.0	26.20998040666797	23.625985692047262	23.77626739936088	26.38776650192389	0.0
70.0	26.21735271683807	23.758687275109097	23.760388577456045	26.263571430596787	0.0
71.0	26.24705108429362	23.708431630523545	23.765708647128207	26.278808638054624	0.0
72.0	26.254139823972416	23.73451819254151	23.75124761818347	26.260094365302606	0.0
73.0	26.16304622128714	23.775281918377647	23.795980979547625	26.265690880787584	0.0
74.0	26.26654152713704	23.888984980420958	23.652788844056676	26.191684648385333	0.0
75.0	26.187431416638074	23.94853022488254	23.672070161310902	26.19196819716848	0.0
76.0	26.31219288122425	23.715453125132914	23.787474516053113	26.184879477589725	0.0
77.0	26.264273136871836	23.723959588627423	23.828305540826772	26.18346173367397	0.0
78.0	26.33686162535833	23.765924808533683	23.645416575694767	26.25179699041322	0.0
79.0	26.182327538541365	23.709498600686754	23.825186504212116	26.28298735655976	0.0
80.0	26.29035962492167	23.703544076240597	23.769327393931487	26.236768904906242	0.0
81.0	26.064938342317106	23.84787040686415	23.838229748237037	26.248961502581714	0.0
82.0	26.18771496542123	23.856943967924963	23.640029148814907	26.31531191783891	0.0
83.0	26.25605022216047	23.69163502734828	23.84078168728539	26.21153306320586	0.0
84.0	26.3467858327686	23.664697892948993	23.72792927159153	26.260587002690876	0.0
85.0	26.295179954235227	23.659594014852285	23.753165113291917	26.292060917620574	0.0
86.0	26.216920490085716	23.781803540390108	23.692485673697732	26.308790295826444	0.0
87.0	26.26710862470334	23.759119637738074	23.769327393931487	26.2044443436271	0.0
88.0	26.32693741794807	23.61195781928302	23.84021458971909	26.22089017304982	0.0
89.0	26.265123783221284	23.830857479875124	23.81242680897035	26.091591927933237	0.0
90.0	26.189699806903278	23.84134878485169	23.705245368939497	26.263706039305536	0.0
91.0	26.306238356778096	23.75600060112342	23.750896723026713	26.186864319071773	0.0
92.0	26.219472429134072	23.69957439327649	23.786623869703664	26.29432930788578	0.0
93.0	26.234216965857893	23.753732210858217	23.658176270936533	26.353874552347357	0.0
94.0	26.197072075265186	23.62018073399438	23.79371258928242	26.389034601458008	0.0
95.0	26.233366319508438	23.737002832652344	23.767059003666287	26.262571844172932	0.0
96.0	26.25966189738966	23.684762698696247	23.766991612650777	26.28858379126332	0.0
97.0	26.25909480143135	23.72956327940251	23.75054582985987	26.26079608930627	0.0
98.0	26.16998653150918	23.765506486141632	23.804068901963564	26.260438080385622	0.0
99.0	26.273764797618206	23.882611469483237	23.65747501240519	26.186148720493374	0.0
100.0	26.192670305522082	23.954348904799037	23.67392074856454	26.179060041114337	0.0
101.0	26.32338555327143	23.712766711561635	23.777982561848727	26.185865173318213	0.0
102.0	26.269511589990785	23.724959240093572	23.81597788332034	26.189551286595307	0.0
103.0	26.332742610051746	23.771177429644858	23.63819380449422	26.257886155809175	0.0
104.0	26.181895512865953	23.709364145459702	23.82788686467711	26.280853476997233	0.0
105.0	26.290210533777557	23.699156447153896	23.76522293896647	26.245410080102076	0.0
106.0	26.072729850428868	23.844616148011625	23.845183242361948	26.237470759197564	0.0
107.0	26.20117672077692	23.865031544623236	23.632239313815838	26.30155242078401	0.0
108.0	26.25703551428369	23.69121712624938	23.83072233642872	26.22102502303821	0.0
109.0	26.35939604451691	23.670234635287446	23.728078259020343	26.242291061175305	0.0
110.0	26.308641100163037	23.663145955908416	23.74934429715744	26.27886864677111	0.0
111.0	26.230382079818533	23.78705607145389	23.684128446870346	26.298433401857235	0.0
112.0	26.272914156092718	23.75671652371163	23.76919259941873	26.20117672077692	0.0
113.0	26.325653930672715	23.611256822853903	23.84575033671227	26.21733890976111	0.0
114.0	26.278585099595947	23.819380449422273	23.81427660026937	26.08775785071241	0.0
115.0	26.186432267668536	23.83469199688098	23.69830580562841	26.28056992982207	0.0
116.0	26.293613099879494	23.75643297653647	23.754731693485503	26.19522223009853	0.0
117.0	26.222159211738855	23.70879705110938	23.777982561848727	26.291061175303042	0.0
118.0	26.23009853264337	23.757850712412278	23.66654852201035	26.345502232934003	0.0
119.0	26.19919189055079	23.623732898561	23.782235769476145	26.394839441412067	0.0
120.0	26.227546608066916	23.745374636705183	23.750478485858086	26.276600269369816	0.0
121.0	26.262780925160346	23.692702042112547	23.751112925818177	26.29340410690893	0.0
122.0	26.24860352620267	23.730981019298277	23.74969518592241	26.270720268576646	0.0
123.0	26.1667323554681	23.759970284087526	23.795413881981325	26.277883478463053	0.0
124.0	26.27504799063155	23.877926577878092	23.659877563635437	26.187147867854925	0.0
125.0	26.195937880132586	23.945127639484735	23.681143722371715	26.17779075801096	0.0
126.0	26.322684186200817	23.72197474714537	23.76223867435273	26.193102392301082	0.0
127.0	26.285822844391266	23.731331856989335	23.792861942932973	26.18998335568643	0.0
128.0	26.323818381333417	23.783504833089008	23.63917850246546	26.25349828311212	0.0
129.0	26.181476892191917	23.716870869048666	23.835394260405533	26.266257978353885	0.0
130.0	26.290926722487974	23.67632339305816	23.7766996622934	26.25605022216047	0.0
131.0	26.079756827874057	23.83546184556755	23.84311768442065	26.241663642137738	0.0
132.0	26.19487796025769	23.86778649850286	23.63357453951547	26.30376100172398	0.0
133.0	26.25810951819254	23.6857476635514	23.853041919970966	26.203100898285093	0.0
134.0	26.341189547228016	23.672987932129573	23.743024680156065	26.242797840486343	0.0
135.0	26.31793848108157	23.673271481716725	23.74529307685328	26.263496960348427	0.0
136.0	26.23202295617458	23.791795209146173	23.687732510661462	26.288449324017783	0.0
137.0	26.266616005807098	23.75521731240359	23.768827692586882	26.20933898920243	0.0
138.0	26.3306982125034	23.612024770891935	23.843684783594952	26.21359223300971	0.0
139.0	26.28788222484348	23.826104709191544	23.80086879593503	26.085144270029943	0.0
140.0	26.19913120406497	23.82270211414572	23.678942473459756	26.29922420832955	0.0
141.0	26.314819435622898	23.747845023137646	23.74954632066056	26.187789220578892	0.0
142.0	26.227486162780146	23.71552037020234	23.769394791761183	26.28759867525633	0.0
143.0	26.231172307413118	23.7569186099265	23.674972779239635	26.336936303420742	0.0
144.0	26.192609563560477	23.602100535341624	23.808808184375284	26.39648171672262	0.0
145.0	26.237410398330457	23.73083204790854	23.757769258687958	26.273988295073043	0.0
146.0	26.26442208177026	23.70481270078912	23.74564395711584	26.28512126032478	0.0
147.0	26.250528112603533	23.7532998176771	23.734018391078372	26.262153678641	0.0
148.0	26.169297556632422	23.778954203516612	23.788311419489663	26.263436820361303	0.0
149.0	26.27251048433517	23.873944123243042	23.658728155862864	26.194817236558926	0.0
150.0	26.199921172544226	23.952204475017652	23.681979419795898	26.165894932642225	0.0
151.0	26.315043284212674	23.720258939685653	23.762508187563977	26.202189588537696	0.0
152.0	26.277897972319654	23.726213531668506	23.79313180347578	26.20275669253606	0.0
153.0	26.317878804204508	23.79057983548313	23.643699899906146	26.247841460406217	0.0
154.0	26.174685044616908	23.726213531668506	23.821487003394118	26.27761442032047	0.0
155.0	26.291508468280455	23.681979419795898	23.76931343554438	26.257198676379268	0.0
156.0	26.06530788163372	23.83119534519718	23.845372985357333	26.258123787811765	0.0
157.0	26.190071115043047	23.85983417832069	23.63781233341273	26.312282373223546	0.0
158.0	26.257840235008562	23.679778148286772	23.8422539045221	26.22012771218256	0.0
159.0	26.339786995134233	23.678360384270757	23.729399888847304	26.252452731747706	0.0
160.0	26.310581056404324	23.689135390792472	23.74527884582667	26.255004706976532	0.0
161.0	26.236573774768335	23.791214399945556	23.680061701089976	26.29215012419613	0.0
162.0	26.279390248051993	23.749815690677917	23.770231492508533	26.200562568761555	0.0
163.0	26.3270271189901	23.626470221284606	23.843955221341318	26.202547438383977	0.0
164.0	26.288463937754486	23.825524289133124	23.807944015334538	26.078067757777852	0.0
165.0	26.211337575283267	23.827792711558747	23.675241303435527	26.285628409722463	0.0
166.0	26.298955391473	23.755203193938776	23.744995293023464	26.20084612156476	0.0
167.0	26.229768507491464	23.73081765286332	23.754352535529165	26.285061304116052	0.0
168.0	26.239976408406772	23.770798598114943	23.671555116993886	26.317669876484402	0.0
169.0	26.201413227171166	23.616262320369298	23.796601903206415	26.38572254925312	0.0
170.0	26.23033561309787	23.73960778976261	23.760590697199632	26.26946589993989	0.0
171.0	26.25196006430996	23.73258626409616	23.749883034137017	26.265570637456864	0.0
172.0	26.258198243668957	23.76491137532006	23.72719874555884	26.249691635452137	0.0
173.0	26.173564147278576	23.77667191243815	23.794819446216664	26.254944494066606	0.0
174.0	26.273092027845124	23.880453121234034	23.653608949002596	26.19284590191825	0.0
175.0	26.208724993974453	23.935179277784865	23.690187571774914	26.16590815646577	0.0
176.0	26.317043086214966	23.7117377681369	23.769583032055916	26.20163611359222	0.0
177.0	26.277628911289753	23.721662200672025	23.79708788793898	26.203621000099243	0.0
178.0	26.32243063530546	23.77667191243815	23.660697829384826	26.240199622871565	0.0
179.0	26.187458352827754	23.718543093303843	23.83735272851006	26.256645825358344	0.0
180.0	26.283867126026117	23.685083577899707	23.767031035118315	26.26401826095586	0.0
181.0	26.067588412766828	23.84224077308713	23.850180341628292	26.23999047251775	0.0
182.0	26.2039788580632	23.85159812172493	23.646870675770707	26.297552344441165	0.0
183.0	26.278837647165577	23.687702742553817	23.834017648526643	26.199441961753966	0.0
184.0	26.353979992287275	23.69053830274709	23.718610348660484	26.23687135630515	0.0
185.0	26.30293990880838	23.691388970805072	23.752920626999067	26.252750493387474	0.0
186.0	26.235737132227843	23.790350021550257	23.699328539346233	26.274584306875663	0.0
187.0	26.26721185037316	23.755472631173014	23.773903772429282	26.203411746024546	0.0
188.0	26.317117709774745	23.6301408706304	23.847061225415693	26.20568019417916	0.0
189.0	26.275151418914323	23.824376743869518	23.80821405076787	26.092257786448293	0.0
190.0	26.19575573350271	23.83231631241068	23.669838713336205	26.302089240750405	0.0
191.0	26.311730145407523	23.762277975636867	23.738175713994057	26.187816164961546	0.0
192.0	26.22978245582197	23.732504593607512	23.74810017467051	26.289612775900007	0.0
193.0	26.22411133543543	23.77078465621668	23.660197808679083	26.344906199668806	0.0
194.0	26.200292629811944	23.60915772520019	23.802542930381325	26.388006714606536	0.0
195.0	26.247362929020255	23.730519701472222	23.75462196311503	26.267495406392488	0.0
196.0	26.255093389439775	23.718394047575163	23.756107105083323	26.270405457901735	0.0
197.0	26.254809832616406	23.74930174132245	23.744481275325168	26.25140715073597	0.0
198.0	26.176696600985082	23.776941595469868	23.79735780253558	26.249004001009467	0.0
199.0	26.273957142978666	23.882425331976034	23.649623859740657	26.193993665304642	0.0
200.0	26.204485327268962	23.934032966503242	23.692441182892352	26.16904052333544	0.0
201.0	26.319326492013577	23.718245000155957	23.76134588173912	26.201082626091342	0.0
202.0	26.288418622983546	23.713991623683935	23.79679068567264	26.20079906765988	0.0
203.0	26.322729193191197	23.778926504490148	23.652743002486805	26.24560129983185	0.0
204.0	26.188038938243807	23.722781935059448	23.818057568032756	26.271121558663985	0.0
205.0	26.277926961019222	23.694709650344098	23.771837543703445	26.255525844933235	0.0
206.0	26.05881018544774	23.842511200589804	23.854987806952874	26.243690807009585	0.0
207.0	26.19860488856122	23.840809845176658	23.63721431407021	26.32337095219191	0.0
208.0	26.263256394260758	23.683718028696195	23.833437305053025	26.21958827199002	0.0
209.0	26.349458401860147	23.67180854080417	23.733057335677422	26.24567572165826	0.0
210.0	26.302387568763113	23.680598877105428	23.750638008279928	26.266375545851528	0.0
211.0	26.22043894969659	23.785799353484943	23.69931378665003	26.294447910168433	0.0
212.0	26.257018091079225	23.74666817898259	23.772755628650824	26.22355810128736	0.0
213.0	26.335280440083935	23.60970906822435	23.835989338172745	26.219021153518966	0.0
214.0	26.2987012987013	23.81585663245052	23.80734985538479	26.078092213463393	0.0
215.0	26.21434931293208	23.833288908801162	23.67562907973164	26.276732698535127	0.0
216.0	26.30338741783825	23.772890449103663	23.72893851833788	26.19478361472021	0.0
217.0	26.227109550896337	23.724401544839477	23.753608311735448	26.29488059252874	0.0
218.0	26.234198571987594	23.772606888260015	23.66258528092373	26.33060925882867	0.0
219.0	26.197335662313066	23.59963477363338	23.801813655155986	26.401215908897573	0.0
220.0	26.226542429209037	23.72667003158868	23.76721923223066	26.27956830697163	0.0
221.0	26.24873460614705	23.721633201666208	23.765301695415094	26.26433049677165	0.0
222.0	26.26319625018077	23.74942224314277	23.73014005109781	26.25724145557865	0.0
223.0	26.160128170591655	23.77195842962669	23.795494179864175	26.27241921991748	0.0
224.0	26.26277806921779	23.88198097290553	23.646339907274815	26.208901050601863	0.0
225.0	26.202662658972653	23.944932015709405	23.675830485885637	26.176574839432305	0.0
226.0	26.318923593880704	23.71893210077838	23.74813911613333	26.214005189207583	0.0
227.0	26.27071784038224	23.714962215196156	23.808254526378473	26.206065418043128	0.0
228.0	26.32884830783627	23.773092682650184	23.6358480668075	26.262210942706044	0.0
229.0	26.18026116175866	23.71354439891679	23.82243268917214	26.28376175015242	0.0
230.0	26.286597382711147	23.70361968496122	23.75976520962414	26.250017722703493	0.0
231.0	26.054149392889347	23.84461823770608	23.850005954845262	26.251226414559316	0.0
232.0	26.18884232136882	23.841782597106512	23.646690523856247	26.322684557668424	0.0
233.0	26.258882644178144	23.690359389089586	23.834693495607592	26.21606447112467	0.0
234.0	26.35727937298315	23.659167342494342	23.727506280943928	26.25604700357858	0.0
235.0	26.30793922655067	23.682136031350844	23.739699535522067	26.27022520657642	0.0
236.0	26.227407033522944	23.791308194434205	23.680718211051058	26.300566560991793	0.0
237.0	26.260300464477933	23.755862686939608	23.768055941517748	26.21578090706472	0.0
238.0	26.32013248112881	23.613229964781343	23.84461823770608	26.222019316383765	0.0
239.0	26.275612923715595	23.821082420729667	23.81994816448984	26.083356491064897	0.0
240.0	26.196795689777403	23.831277470579895	23.682688217779667	26.28923862186304	0.0
241.0	26.308252468481143	23.756968744860284	23.73201454149487	26.202764245163706	0.0
242.0	26.224747904402175	23.72392554530915	23.74859631809984	26.302730232188836	0.0
243.0	26.23517968699045	23.755320566808738	23.660039530287175	26.349460215913634	0.0
244.0	26.19138769549251	23.60712918456761	23.787485643795993	26.413997476143887	0.0
245.0	26.23480334744645	23.73272608166703	23.754278600334064	26.278191970552456	0.0
246.0	26.2475185752368	23.716748908173106	23.754182973172252	26.281549543417842	0.0
247.0	26.250815348401918	23.747766654377358	23.742945463826892	26.258472533393835	0.0
248.0	26.163532715051474	23.783998411753025	23.789954337899545	26.262514535295956	0.0
249.0	26.271023001219547	23.880994923282	23.6441759550753	26.203806120423156	0.0
