# Position (bp)	A	C	G	T	N
0.0	26.34536950005961	23.762071518287154	23.747099092504637	26.145459889148597	0.0
1.0	26.34814217150082	23.722145049533776	23.749039962513482	26.18067281645192	0.0
2.0	26.223185842180126	23.78194340088223	23.652741926987307	26.342128829950344	0.0
3.0	26.175386065596495	23.749480163020877	23.671296681360726	26.403837090021902	0.0
4.0	26.147610519370346	23.842963521538316	23.762842869261945	26.24658308982939	0.0
5.0	26.27916711715083	23.66358674107279	23.792494517954218	26.264751623822157	0.0
6.0	26.224995564623438	23.704592832431473	23.767242526390493	26.3031690765546	0.0
7.0	26.240537101768258	23.66147287187007	23.859947720172638	26.238042306189037	0.0
8.0	26.18733472666493	23.763603000282732	23.83206843216933	26.216993840883013	0.0
9.0	26.201853781848016	23.879637226423046	23.853582278200324	26.064926713528614	0.0
10.0	26.31209880375614	23.797381345691193	23.76467588332465	26.12584396722802	0.0
11.0	26.276344527101188	23.834798611958004	23.647989445559265	26.240867415381548	0.0
12.0	26.178505304936863	23.693998824820675	23.832026962604907	26.29546890763756	0.0
13.0	26.325679885586318	23.664342176742537	23.68706970143793	26.322908236233218	0.0
14.0	26.27904334016081	23.708068526068676	23.762392702821806	26.250495430948707	0.0
15.0	26.154042300795183	23.81422240207097	23.854688370468715	26.17704692666513	0.0
16.0	26.256870206792186	23.84609628128837	23.68201509436054	26.215018417558905	0.0
17.0	26.206149164211457	23.749920315301956	23.696704795217254	26.347225725269336	0.0
18.0	26.236637222593313	23.669265542673582	23.787060313694404	26.3070369210387	0.0
19.0	26.213632596723365	23.792049268702346	23.709454346904216	26.284863787670076	0.0
20.0	26.22943095424851	23.785397328691758	23.675085990182847	26.310085726876885	0.0
21.0	26.215572745893116	23.76100688198627	23.652081364312895	26.371339007807716	0.0
22.0	26.271837071816005	23.843878967951508	23.698090616052795	26.186193344179692	0.0
23.0	26.199220060033756	23.793157925370775	23.81283658123543	26.194785433360035	0.0
24.0	26.210583790885178	23.83833568460935	23.765164344492888	26.18591618001258	0.0
25.0	26.352769008611492	23.759066732816514	23.749365986967742	26.13879827160425	0.0
26.0	26.354986321948353	23.719155092752988	23.741605390288722	26.184253195009937	0.0
27.0	26.226382148410327	23.771539120336367	23.660119125159024	26.341959606094285	0.0
28.0	26.175661105829594	23.741051061954508	23.677857631853925	26.40543020036198	0.0
29.0	26.154319464962295	23.843878967951508	23.759343896983623	26.242457670102574	0.0
30.0	26.283200802667427	23.66067345349324	23.786783149527295	26.26934259431204	0.0
31.0	26.222779014237922	23.713611809410832	23.77237061283769	26.291238563513552	0.0
32.0	26.228599461747187	23.670097035174905	23.85856866880822	26.242734834269687	0.0
33.0	26.18002317086015	23.76038669837416	23.838546776866835	26.22104335389886	0.0
34.0	26.19665297479476	23.883724410889194	23.867371770353493	26.05225084396255	0.0
35.0	26.30973564155012	23.796140776833575	23.763712659161083	26.130410922455223	0.0
36.0	26.275367380085257	23.826628750713695	23.65672758718175	26.2412762820193	0.0
37.0	26.16256187672881	23.697470606821547	23.843535718047217	26.29643179840243	0.0
38.0	26.320267850708706	23.672803064318536	23.6880470512586	26.318882033714157	0.0
39.0	26.279729156677263	23.704056829425802	23.76115233135347	26.255061682543467	0.0
40.0	26.156946111269708	23.814644719081816	23.848735722659985	26.179673446988488	0.0
41.0	26.25672465832777	23.840975168999915	23.685486933167773	26.216813239504543	0.0
42.0	26.220139191073145	23.743413922987592	23.69491046261215	26.341536423327117	0.0
43.0	26.242589364161205	23.663036760079713	23.786928456010134	26.307445419748948	0.0
44.0	26.21958486581171	23.78914575705587	23.704888317317952	26.286381059814467	0.0
45.0	26.24342085205336	23.771961673951424	23.67218312689337	26.31243434710185	0.0
46.0	26.23039420840967	23.762815307137767	23.645298351713834	26.36149213273873	0.0
47.0	26.281392132461562	23.836540566908447	23.69130734841283	26.190759952217164	0.0
48.0	26.199351993769383	23.79080873284017	23.811041604882497	26.19879766850795	0.0
49.0	26.209052685844476	23.842638144784214	23.756994891892717	26.191314277478593	0.0
50.0	26.356503205385824	23.74784852507906	23.74618554929476	26.149462720240358	0.0
51.0	26.35761185590869	23.717083473069493	23.750342988755513	26.1749616822663	0.0
52.0	26.2242966305339	23.782493853918663	23.651118766958888	26.342090748588546	0.0
53.0	26.176624658050606	23.734544718804653	23.685486933167773	26.403343689976964	0.0
54.0	26.162489363884045	23.847904234767835	23.756717729262	26.23288867208612	0.0
55.0	26.28416375876873	23.66497689849473	23.788591431794433	26.262267910942107	0.0
56.0	26.222910817380313	23.724012538837414	23.77223883658214	26.28083780720013	0.0
57.0	26.23205718419397	23.67301461478552	23.847904234767835	26.24702396625268	0.0
58.0	26.17849223946785	23.76358093126386	23.836474501108647	26.221452328159643	0.0
59.0	26.20038802660754	23.885254988913527	23.85559866962306	26.058758314855872	0.0
60.0	26.305986696230597	23.79822616407982	23.762472283813747	26.133314855875835	0.0
61.0	26.28353658536585	23.82788248337029	23.649944567627497	26.238636363636363	0.0
62.0	26.170731707317074	23.687638580931264	23.85310421286031	26.288525498891353	0.0
63.0	26.31291574279379	23.66962305986696	23.700388026607538	26.31707317073171	0.0
64.0	26.282909415439537	23.708082848994323	23.770166934127126	26.23884080143902	0.0
65.0	26.154860989853134	23.810078131712494	23.85774983993947	26.177311038494906	0.0
66.0	26.258796400231706	23.83668559676941	23.69062170005072	26.213896302948164	0.0
67.0	26.220825330306734	23.744668113447577	23.69727356631495	26.337232989930737	0.0
68.0	26.23745499596731	23.666508684842892	23.794002788240608	26.302033530949192	0.0
69.0	26.21943952483502	23.782916344466894	23.708360010088665	26.289284120609423	0.0
70.0	26.227754357665304	23.774601511636607	23.68286118940912	26.314782941288968	0.0
71.0	26.225814230004907	23.760466295825122	23.643504314012436	26.37021516015754	0.0
72.0	26.284018059816905	23.833636824731638	23.69256182771112	26.189783287740333	0.0
73.0	26.195603670721535	23.796220076995354	23.81063245390118	26.197543798381933	0.0
74.0	26.210847530910392	23.83862572442981	23.760743456919464	26.189783287740333	0.0
75.0	26.357188588723425	23.745776757824952	23.747439724391008	26.149594929060616	0.0
76.0	26.35386265559131	23.71639768182461	23.752151462994835	26.17758819958925	0.0
77.0	26.219716685929363	23.78263918337255	23.655976563257862	26.341667567440226	0.0
78.0	26.18479438804216	23.735521797334265	23.687572928012948	26.392110886610627	0.0
79.0	26.162067178306046	23.83945720771284	23.763792228957236	26.234683385023878	0.0
80.0	26.28595818747731	23.644890119484145	23.797051560278383	26.272100132760162	0.0
81.0	26.227754357665304	23.71473471525855	23.767672484278037	26.289838442798107	0.0
82.0	26.244938345514562	23.66068830186169	23.851097973675238	26.243275378948503	0.0
83.0	26.18555329515912	23.759014639608427	23.829690522779806	26.225741542452646	0.0
84.0	26.199965632119554	23.88124234344599	23.853803471155924	26.06498855327853	0.0
85.0	26.299743349537973	23.804191772772878	23.755965876020642	26.140099001668503	0.0
86.0	26.279510645728127	23.826918919518185	23.650922112405144	26.242648322348543	0.0
87.0	26.169477996241707	23.688893077089375	23.856852234743712	26.28477669192521	0.0
88.0	26.30279211312576	23.671986297193477	23.706354177637596	26.318867412043172	0.0
89.0	26.27694337353071	23.706288473211142	23.773638245801727	26.243129907456424	0.0
90.0	26.156933284922797	23.804957275854136	23.863160783031184	26.174948656191884	0.0
91.0	26.253107651543917	23.827407200051	23.704902675421213	26.21458247298387	0.0
92.0	26.218185547237688	23.73788466282154	23.70240823939934	26.34152155054143	0.0
93.0	26.24118979055052	23.664714539513252	23.791653617070814	26.302442052865416	0.0
94.0	26.220402823701576	23.77862711784547	23.715711898182665	26.285258160270285	0.0
95.0	26.240358311876566	23.76532345906215	23.68272991078234	26.31158831827895	0.0
96.0	26.235923758948786	23.752574119394794	23.64503621089625	26.366465910760166	0.0
97.0	26.278883490436613	23.824358444913152	23.70850574967503	26.18825231497521	0.0
98.0	26.197398580388743	23.79248509574477	23.816875136847532	26.193241187018955	0.0
99.0	26.212365196519983	23.837107784580507	23.762829023040275	26.18769799585924	0.0
100.0	26.352330773302885	23.74481365177119	23.75007968337292	26.15277589155301	0.0
101.0	26.351499294628926	23.719037812878497	23.753682757626738	26.17578013486584	0.0
102.0	26.218185547237688	23.787219064143038	23.66554601818721	26.329049370432063	0.0
103.0	26.182986283373477	23.727352599618072	23.692430495311847	26.397230621696604	0.0
104.0	26.169959784148134	23.83683062502252	23.76449198038819	26.228717610441155	0.0
105.0	26.293572947009864	23.64032449841049	23.80468011629615	26.261422438283493	0.0
106.0	26.227886131767196	23.711554504812877	23.77890427740346	26.28165508601647	0.0
107.0	26.253107651543917	23.663605901281308	23.851520081595773	26.231766365579002	0.0
108.0	26.184576667664437	23.754448398576514	23.836487400361413	26.224487533397635	0.0
109.0	26.192337113779224	23.889701888005675	23.860877373865037	26.057083624350064	0.0
110.0	26.306526535182538	23.795467899468964	23.760545891952418	26.13745967339608	0.0
111.0	26.28518530836687	23.829558430616068	23.648850899657432	26.236405361359633	0.0
112.0	26.170164410594115	23.688484606600813	23.860323056285406	26.281027926519663	0.0
113.0	26.30015188301682	23.664094633097193	23.712320262524806	26.32343322136118	0.0
114.0	26.28483529884564	23.70172253710453	23.77461509679744	26.238827067252394	0.0
115.0	26.163717243386316	23.79900500270229	23.856653871204667	26.180623882706726	0.0
116.0	26.2593367608542	23.832263965299816	23.69895095688807	26.20944831695791	0.0
117.0	26.214160003325897	23.737198763875224	23.71336317401366	26.335278058785217	0.0
118.0	26.23411538088441	23.666246310333836	23.788472997879744	26.311165310902012	0.0
119.0	26.22718643034326	23.7737836227325	23.71225454192708	26.286775404997158	0.0
120.0	26.24963623009659	23.755214035282215	23.686478845913996	26.308670888707198	0.0
121.0	26.23494685494935	23.747176452654482	23.659317359792688	26.35855933260348	0.0
122.0	26.275966242152965	23.818128906195867	23.71225454192708	26.193650309724088	0.0
123.0	26.191710203572566	23.787641523814802	23.818960380260805	26.201687892351828	0.0
124.0	26.211942739152725	23.843904602208948	23.760202879671848	26.183949778966475	0.0
125.0	26.36160807084159	23.737198763875224	23.74745361067613	26.153739554607057	0.0
126.0	26.359945122711714	23.710037277753912	23.758817089563614	26.17120050997076	0.0
127.0	26.225246324191737	23.78570141766328	23.666523468355482	26.3225287897895	0.0
128.0	26.18644420116129	23.731655603442302	23.6931306384335	26.388769556962906	0.0
129.0	26.17618935436039	23.837252809689442	23.761034353736783	26.225523482213386	0.0
130.0	26.29148709136514	23.642687878493923	23.810645639611426	26.25517939052951	0.0
131.0	26.23605548703593	23.717243386316706	23.7773866770139	26.26931444963346	0.0
132.0	26.2593367608542	23.662643256052437	23.846676182425412	26.23134380066795	0.0
133.0	26.18485382645425	23.760823050742232	23.836487400361413	26.2178357224421	0.0
134.0	26.195108701677366	23.882495759470515	23.859491579915964	26.06290395893615	0.0
135.0	26.305695058813093	23.787153135774545	23.77080076717553	26.13635103823683	0.0
136.0	26.283522355627987	23.822629460870722	23.66160020398887	26.232247979512422	0.0
137.0	26.17099588696356	23.6782297313777	23.864480438132617	26.286293943526122	0.0
138.0	26.307635170341793	23.658274298511103	23.71841775590071	26.315672775246394	0.0
139.0	26.281100766900494	23.698250846029552	23.780567234751373	26.240081152318577	0.0
140.0	26.16615207232776	23.796985604292658	23.862395441266955	26.17446688211263	0.0
141.0	26.26038658322293	23.835233729303052	23.699148009157376	26.205231678316636	0.0
142.0	26.217703892993942	23.747651066235775	23.713006025465493	26.321639015304793	0.0
143.0	26.247637208219466	23.65923692219001	23.790056596138605	26.303069273451925	0.0
144.0	26.22636855219359	23.779036089146093	23.70392543257918	26.290669926081133	0.0
145.0	26.245215506608904	23.764069390051578	23.684246994880834	26.30646810845868	0.0
146.0	26.24715563426931	23.745499596730607	23.66235126842775	26.34499350057234	0.0
147.0	26.288452637326394	23.82698495846741	23.700599499447065	26.183962904759134	0.0
148.0	26.19006044883468	23.78818240525941	23.815898514693696	26.20585863121222	0.0
149.0	26.21445062513685	23.839734368807182	23.76129777910815	26.18451722694782	0.0
150.0	26.37049232125188	23.740510697032434	23.741342180315463	26.147654801400215	0.0
151.0	26.36300897170462	23.706697043522606	23.760466295825122	26.169827688947645	0.0
152.0	26.224705585627532	23.784024988844266	23.67149758454106	26.319771840987137	0.0
153.0	26.185348710230848	23.727206964503978	23.705311238050893	26.38213308721428	0.0
154.0	26.173707944268447	23.840843013184553	23.763792228957236	26.22165681358976	0.0
155.0	26.29898475891142	23.639346897597292	23.809246648429465	26.252421695061823	0.0
156.0	26.23496054611822	23.708082848994323	23.775987317108324	26.280969287779136	0.0
157.0	26.256856272571305	23.662628429522094	23.853592423524326	26.226922874382275	0.0
158.0	26.195676274944567	23.751385809312637	23.840631929046562	26.212305986696233	0.0
159.0	26.189855875831487	23.881097560975608	23.865853658536583	26.06319290465632	0.0
160.0	26.299057649667407	23.788248337028826	23.782982261640797	26.12971175166297	0.0
161.0	26.277161862527716	23.820121951219512	23.669345898004433	26.233370288248338	0.0
162.0	26.17738359201774	23.680432372505543	23.8619733924612	26.280210643015522	0.0
163.0	26.30570953436807	23.661585365853657	23.709534368070955	26.323170731707318	0.0
164.0	26.277789018262244	23.6974049262886	23.78609696811798	26.238709087331173	0.0
165.0	26.17115394209502	23.797803757227033	23.858779704987278	26.172262595690665	0.0
166.0	26.26649815132013	23.83300350888863	23.68998719505097	26.210511144740273	0.0
167.0	26.22104335389886	23.74403405783846	23.709388632974683	26.325533955287998	0.0
168.0	26.244047916008405	23.64619537802316	23.80362418860415	26.30613251736429	0.0
169.0	26.234419909256452	23.77098479200215	23.71278031690951	26.281814981831893	0.0
170.0	26.249386774280275	23.751306136137494	23.68811270603691	26.311194383545317	0.0
171.0	26.23940886426439	23.74049673362029	23.668711214339368	26.35138318777595	0.0
172.0	26.2856952801714	23.824754640421066	23.703079571060734	26.186470508346797	0.0
173.0	26.20393185087459	23.786505985360186	23.812282252901216	26.197279910864	0.0
174.0	26.222779014237922	23.8294664312619	23.761838374487592	26.18591618001258	0.0
175.0	26.370230351139284	23.736062106946566	23.750197479469065	26.143510062445085	0.0
176.0	26.372447664476145	23.698090616052795	23.76433285199156	26.1651288674795	0.0
177.0	26.23164826758537	23.77735956784563	23.668711214339368	26.322280950229633	0.0
178.0	26.197557075031114	23.71887792858588	23.705574048564706	26.377990947818304	0.0
179.0	26.175383941662485	23.830297923763226	23.778468224514064	26.21584991006023	0.0
180.0	26.29401020518463	23.625196440103437	23.821428670415774	26.259364684296155	0.0
181.0	26.24079468509993	23.708068526068676	23.765718672827102	26.285418116004287	0.0
182.0	26.25631587845797	23.66178211016167	23.85247105713185	26.22943095424851	0.0
183.0	26.204004478985354	23.741671193693943	23.84754819898225	26.20677612833845	0.0
184.0	26.195966695861372	23.875541857448532	23.85946629120057	26.069025155489527	0.0
185.0	26.291865763478533	23.778534130090133	23.786849078149423	26.142751028281907	0.0
186.0	26.281610660872072	23.815674231421635	23.671825629995897	26.230889477710395	0.0
187.0	26.183771438707748	23.670994135189968	23.86445526003614	26.280779166066143	0.0
188.0	26.308495659597114	23.65325557933015	23.717003514451378	26.32124524662136	0.0
189.0	26.28805831566402	23.696281822087332	23.7866378414335	26.229022020815147	0.0
190.0	26.1800362533745	23.792247099452872	23.867359213290687	26.160357433881938	0.0
191.0	26.268452357855175	23.83382207021181	23.694407334933505	26.203318236999507	0.0
192.0	26.223142420009317	23.74221157897071	23.710060090024168	26.324585910995808	0.0
193.0	26.233120468303067	23.651300472294288	23.80568305283931	26.30989600656334	0.0
194.0	26.22737263401803	23.766945406066114	23.720103882857387	26.285578077058464	0.0
195.0	26.24178541038995	23.759739017880158	23.68961531745526	26.308860254274634	0.0
196.0	26.25647535553825	23.7361796718876	23.65940392082951	26.347941051744638	0.0
197.0	26.27754018254336	23.827645368093993	23.705968275261853	26.188846174100792	0.0
198.0	26.19771557494505	23.78218968876718	23.824873680330164	26.195221055957603	0.0
199.0	26.220443414608457	23.837623444043782	23.76528239340782	26.176650747939945	0.0
200.0	26.367897203644215	23.7361796718876	23.751701123365052	26.144222001103127	0.0
201.0	26.364571178327616	23.698207549523133	23.765005224631437	26.172216047517814	0.0
202.0	26.23485619098037	23.779972338556117	23.66688747779185	26.31828399267166	0.0
203.0	26.194112380852076	23.718995207751856	23.70070206851058	26.386190342885495	0.0
204.0	26.16251514034441	23.825982355435695	23.781081013661648	26.230421490558246	0.0
205.0	26.290435684014756	23.62350293384776	23.819185174714306	26.266876207423174	0.0
206.0	26.242208049580224	23.69529004487387	23.77594660591093	26.286555299634966	0.0
207.0	26.249968818339802	23.661752437019974	23.848842398188413	26.239436346451804	0.0
208.0	26.20541703160859	23.736931383527168	23.842810736498997	26.214840848365245	0.0
209.0	26.199669056811913	23.870594006990274	23.85618107082572	26.07355586537209	0.0
210.0	26.305271531402184	23.773029516030235	23.785779421098876	26.135919531468705	0.0
211.0	26.28614667379922	23.808784684592293	23.67130744733042	26.233761194278067	0.0
212.0	26.191353901332366	23.663823807398828	23.871979866236863	26.272842425031946	0.0
213.0	26.304994359552868	23.642481575001316	23.724524442399535	26.32799962304628	0.0
214.0	26.291208638916142	23.699367492086722	23.78833990232437	26.221083966672765	0.0
215.0	26.170433914935487	23.81113405490805	23.863242651440608	26.155189378715853	0.0
216.0	26.26689025319789	23.84162312734731	23.691949499009105	26.199537120445694	0.0
217.0	26.22573680023726	23.737260347632787	23.712868954468476	26.324133897661472	0.0
218.0	26.24624774448907	23.65466222078091	23.79214098225249	26.30694905247753	0.0
219.0	26.231353005416015	23.766152413368737	23.71293468077676	26.28955990043849	0.0
220.0	26.25186400651917	23.757559966960656	23.686880165861936	26.303695860658237	0.0
221.0	26.257830256666114	23.734963135428792	23.655136094018516	26.352070513886577	0.0
222.0	26.286379511059373	23.824768557015354	23.700870336493153	26.18798159543212	0.0
223.0	26.20710682410333	23.780974555130552	23.824214202561116	26.187704418204998	0.0
224.0	26.229835356727094	23.833915405510282	23.762403680913575	26.173845556849052	0.0
225.0	26.363157602971338	23.740506679971173	23.751593769055933	26.144741948001553	0.0
226.0	26.36232607128998	23.701147513720272	23.77570818781529	26.160818227174452	0.0
227.0	26.234270192361	23.782914795720384	23.670103664282944	26.312711347635677	0.0
228.0	26.200177393425356	23.728033704750818	23.700593159266035	26.37119574255779	0.0
229.0	26.170242252896504	23.83169798769333	23.78125173235767	26.216808027052497	0.0
230.0	26.29476771098096	23.6363535571638	23.812915940229338	26.255962791625898	0.0
231.0	26.244598493814774	23.706202412002916	23.780763292763716	26.268435801418597	0.0
232.0	26.24432131581938	23.67210951856954	23.866965649331032	26.216603516280053	0.0
233.0	26.2014313511356	23.742301359839015	23.843194429815565	26.213072859209817	0.0
234.0	26.1843188451592	23.88511462759544	23.865157701294706	26.06540882595066	0.0
235.0	26.30017988951624	23.77119383996208	23.792259484390634	26.136366786131042	0.0
236.0	26.278282706491822	23.814433846947004	23.666697156415182	26.24058629014599	0.0
237.0	26.17544910013665	23.66059920671218	23.879848216488302	26.284103476662867	0.0
238.0	26.295190657941053	23.647571768710314	23.729616910168886	26.327620663179747	0.0
239.0	26.292491740027053	23.697806949464486	23.788722087943764	26.220979222564694	0.0
240.0	26.17580449781429	23.789407156697244	23.87284374627515	26.16194459921331	0.0
241.0	26.2664315930121	23.83835359734766	23.693927448730104	26.201287360910136	0.0
242.0	26.222264113283284	23.742806134329847	23.708708042714097	26.32622170967277	0.0
243.0	26.239229515286606	23.64682790511993	23.80041473990042	26.313527839693045	0.0
244.0	26.22361336756364	23.767514846379477	23.720937969580863	26.287933816476016	0.0
245.0	26.25445693340801	23.75108824035001	23.6917548811392	26.30269994510278	0.0
246.0	26.251725992757763	23.732192468294414	23.667589044590226	26.3484924943576	0.0
247.0	26.282019287825598	23.816138996567233	23.714098746124964	26.1877429694822	0.0
248.0	26.20478336221837	23.77899480069324	23.824471403812826	26.191750433275562	0.0
249.0	26.234176776429805	23.82752166377816	23.76623916811092	26.172062391681113	0.0
