# Position (bp)	A	C	G	T	N
0.0	26.30927670445473	23.7126776305285	23.792226454688535	26.185819210328233	0.0
1.0	26.30442964348441	23.793937182089824	23.722371752469147	26.179261421956618	0.0
2.0	26.2071638881209	23.851694347614174	23.70747029298005	26.233671471284875	0.0
3.0	26.182679400473667	23.90296314662973	23.76901307295719	26.145344379939413	0.0
4.0	26.20655064021636	23.916419918095624	23.711231500981768	26.16579794070625	0.0
5.0	26.264180622878786	23.702905798774076	23.73681675828325	26.29609682006389	0.0
6.0	26.22941944161077	23.723848657027737	23.7965110646325	26.250220836728992	0.0
7.0	26.27420476174194	23.703855666108208	23.732348616952166	26.289590955197685	0.0
8.0	26.246990612134425	23.706711113010527	23.83292733307691	26.21337094177814	0.0
9.0	26.253532683015774	23.80743458838545	23.70202388549549	26.237008843103293	0.0
10.0	26.22013058787333	23.69867930763358	23.807787412969905	26.273402691523184	0.0
11.0	26.24747883359732	23.651104755176224	23.776735758970794	26.324680652255662	0.0
12.0	26.21528766935971	23.69383638911996	23.836560046492018	26.25431589502832	0.0
13.0	26.302460202604923	23.68415055209271	23.753375799081557	26.260013446220814	0.0
14.0	26.289070957302553	23.771038207778297	23.569914650683135	26.369976184236016	0.0
15.0	26.23295007805645	23.78927037159429	23.738277288421436	26.23950226192782	0.0
16.0	26.33408161172328	23.728876328953817	23.649395489818474	26.287646569504425	0.0
17.0	26.23202071623712	23.745046705542848	23.660723188112662	26.36220939010737	0.0
18.0	26.203533041429626	23.798888410929013	23.734506265864074	26.26307228177729	0.0
19.0	26.16991758515678	23.74134330781787	23.8604217885132	26.228317318512147	0.0
20.0	26.204672548421925	23.82338781126346	23.75273837774087	26.219201262573748	0.0
21.0	26.262217651533064	23.697187411866256	23.756441775465845	26.28415316113483	0.0
22.0	26.215992935076777	23.903654958265676	23.567216477224168	26.313135629433383	0.0
23.0	26.224824089109195	23.67717858872461	23.794262598638294	26.303734723527906	0.0
24.0	26.380366350454377	23.735008403840126	23.66948693843831	26.215138307267182	0.0
25.0	26.317123892544796	23.70851494174287	23.792553343019115	26.181807822693216	0.0
26.0	26.30288009571832	23.794262598638294	23.72589237387118	26.17696493177221	0.0
27.0	26.18750534142381	23.86605133464376	23.714212460473462	26.232230863458966	0.0
28.0	26.186650713614224	23.898242315471613	23.768338888414096	26.14676808250007	0.0
29.0	26.198330627011934	23.909922228869327	23.719340227331	26.17240691678774	0.0
30.0	26.25103267526992	23.712218328917757	23.744124433809077	26.292624562003247	0.0
31.0	26.22710309660143	23.72532262199812	23.800244993305416	26.247329288095035	0.0
32.0	26.275816881748	23.69313164117027	23.746118565364785	26.284932911716947	0.0
33.0	26.241631769364442	23.695695524599035	23.842406631911803	26.22026607412472	0.0
34.0	26.24590490841239	23.819046805116372	23.70139304332963	26.233655243141612	0.0
35.0	26.2114349200923	23.70167791926616	23.809645899210892	26.277241261430646	0.0
36.0	26.238498134062617	23.66321966783466	23.786001196478935	26.312281001623795	0.0
37.0	26.209725664473122	23.681736603709087	23.84981340626157	26.25872432555622	0.0
38.0	26.309717118195024	23.680597099962966	23.7501068284762	26.259578953365807	0.0
39.0	26.29775232886078	23.774891034954276	23.57148961627211	26.355867019912825	0.0
40.0	26.224539213172665	23.786570948351994	23.735578155713185	26.25331168276216	0.0
41.0	26.328518930005984	23.731305016665242	23.651824630373472	26.2883514229553	0.0
42.0	26.23927801248323	23.740068540955072	23.66657075870792	26.35408268785378	0.0
43.0	26.21848212835903	23.803025943577634	23.72810378570554	26.2503881423578	0.0
44.0	26.165495355111084	23.734940788705273	23.86712284670015	26.23244100948349	0.0
45.0	26.19996524523475	23.830943705826552	23.757445923579397	26.2116451253593	0.0
46.0	26.2683352752321	23.69391877070686	23.770550179328893	26.267195774732144	0.0
47.0	26.20530322021924	23.907222133594658	23.566512454704984	26.32096219148112	0.0
48.0	26.238063766266322	23.666218464413504	23.786150550377176	26.309567218943002	0.0
49.0	26.37195469358919	23.732309305134574	23.687299163609016	26.20843683766722	0.0
50.0	26.33207228970578	23.706100868296907	23.789284167825155	26.172542674172156	0.0
51.0	26.29475375464345	23.79498165409421	23.737437042776726	26.172827548485607	0.0
52.0	26.19447799630803	23.85537500854623	23.72604207023861	26.22410492490713	0.0
53.0	26.195902367875295	23.898960778504524	23.77219170901798	26.1329451446022	0.0
54.0	26.197041865129105	23.927733084163265	23.712368103192873	26.162856947514758	0.0
55.0	26.25658059664076	23.714931972013947	23.73971603728435	26.288771394060937	0.0
56.0	26.228093165295473	23.728321064746233	23.811504364274484	26.23208140568381	0.0
57.0	26.281364661911166	23.691287403997357	23.743419403359237	26.283928530732243	0.0
58.0	26.242336880968114	23.6958453930126	23.847968276396454	26.213849449622828	0.0
59.0	26.248888990177534	23.81748672485699	23.71607146926776	26.217552815697715	0.0
60.0	26.213279700995923	23.702967250848925	23.803812757811254	26.2799402903439	0.0
61.0	26.233505777251075	23.659666355204084	23.800679140363272	26.306148727181565	0.0
62.0	26.202739351398165	23.686159666355206	23.855090134232775	26.256010848013855	0.0
63.0	26.309567218943002	23.693281524191526	23.743989151986145	26.25316210487933	0.0
64.0	26.29076551425511	23.77219170901798	23.591011645661933	26.346031131064972	0.0
65.0	26.2406276350874	23.782447184302285	23.7297454363135	26.247179744296815	0.0
66.0	26.33691515303448	23.74626814649377	23.64171927345655	26.275097427015197	0.0
67.0	26.23741927397139	23.752182843208473	23.655610726057095	26.354787156763038	0.0
68.0	26.21719325533497	23.79833235051975	23.73053245706244	26.253941937082836	0.0
69.0	26.162212669464125	23.74620049966812	23.864707876467456	26.226878954400302	0.0
70.0	26.20209495973313	23.822831471685	23.765571897798782	26.209501670783087	0.0
71.0	26.265906624163538	23.691504787299202	23.766141644802623	26.276446943734634	0.0
72.0	26.215694206259222	23.892842288781143	23.575209238991096	26.316254265968535	0.0
73.0	26.239623512252376	23.66465926377502	23.793991465214194	26.30172575875841	0.0
74.0	26.36867084100116	23.727331255661845	23.683175988650675	26.220821914686326	0.0
75.0	26.3077080852567	23.704826313120666	23.814787171613006	26.172678430009626	0.0
76.0	26.295458559569727	23.796555319427746	23.74214463556237	26.165841485440154	0.0
77.0	26.190340536814098	23.848687021769972	23.721348929163558	26.239623512252376	0.0
78.0	26.189201046052517	23.904522069087324	23.780032703384858	26.1262441814753	0.0
79.0	26.205438789405015	23.91278337710877	23.72533714682908	26.156440686657135	0.0
80.0	26.257000746366447	23.715651475355664	23.747557216679866	26.27979056159802	0.0
81.0	26.228228604636588	23.724197656067503	23.817920771207348	26.229652968088562	0.0
82.0	26.2755174712421	23.6977044958608	23.74613285322789	26.280645179669204	0.0
83.0	26.230507586159746	23.699698604693562	23.846977785627605	26.22281602351909	0.0
84.0	26.256431000985657	23.80709560897235	23.705965803882243	26.230507586159746	0.0
85.0	26.213415224736064	23.696849877789617	23.80510150013959	26.284633397334733	0.0
86.0	26.22794373194619	23.676623916771593	23.793421719833407	26.30201063144881	0.0
87.0	26.194898499860415	23.69371627819527	23.8578029478626	26.25358227408171	0.0
88.0	26.304289612971964	23.6922919147433	23.74727234398947	26.256146128295267	0.0
89.0	26.291185469213808	23.771201649982622	23.59799905422267	26.339613826580898	0.0
90.0	26.24047813032356	23.79256710176222	23.728755619113816	26.2381991488004	0.0
91.0	26.344171789627215	23.7350228183025	23.645003048137784	26.275802343932497	0.0
92.0	26.24781004743117	23.755465979175867	23.64692979332545	26.349794180067516	0.0
93.0	26.21818337202843	23.795632914096885	23.725839303773128	26.260344410101556	0.0
94.0	26.16063925249619	23.734670332018172	23.87796088709103	26.226729528394603	0.0
95.0	26.204794393721425	23.82611420513624	23.76401213554204	26.205079265600297	0.0
96.0	26.262053641374795	23.708177247283036	23.758314697964593	26.271454413377583	0.0
97.0	26.218678426144326	23.896409485067057	23.573935436821294	26.310976651967323	0.0
98.0	26.2403286272633	23.667373146913707	23.791861803347807	26.300436422475187	0.0
99.0	26.37136931824656	23.738021171617728	23.68389566882029	26.20671384131542	0.0
100.0	26.31952278398797	23.69642999578391	23.80382638817671	26.180220832051415	0.0
101.0	26.285338255905376	23.799553322166386	23.749416014311922	26.165692407616316	0.0
102.0	26.183639284859673	23.848551145751433	23.720644036509075	26.24716553287982	0.0
103.0	26.187912350869997	23.905525359222416	23.782745929192448	26.12381636071514	0.0
104.0	26.209847423056328	23.916065588714545	23.717225583700817	26.156861404528307	0.0
105.0	26.251438598890143	23.70298203033307	23.766508278353218	26.279071092423568	0.0
106.0	26.23691017445504	23.741439624425983	23.803541517109355	26.218108684009618	0.0
107.0	26.285338255905376	23.700418190726875	23.745427819368953	26.26881573399879	0.0
108.0	26.23861940085917	23.688738476965327	23.853393953896465	26.219248168279037	0.0
109.0	26.254002438496336	23.804111259244067	23.714092001959912	26.227794300299685	0.0
110.0	26.213835617999294	23.684465410955003	23.80838432525439	26.293314645791316	0.0
111.0	26.22352123428936	23.662530338768672	23.805820485648198	26.30812794129377	0.0
112.0	26.196458482890645	23.6901628323021	23.85481830923324	26.258560375574014	0.0
113.0	26.304994359552868	23.68389566882029	23.759956243804055	26.251153727822786	0.0
114.0	26.277931608154148	23.754258822456954	23.60498638316298	26.362823186225913	0.0
115.0	26.22466071855878	23.786449253068064	23.741439624425983	26.247450403947177	0.0
116.0	26.339463758702813	23.726341457856172	23.647147301131508	26.287047482309507	0.0
117.0	26.244391584884696	23.753187004144884	23.659749027874714	26.342672383095707	0.0
118.0	26.227869015910095	23.78908086088282	23.735809819533664	26.247240303673426	0.0
119.0	26.167191305710258	23.725839303773128	23.881094477758626	26.225874912757984	0.0
120.0	26.20450952184255	23.830387283319325	23.76287264802655	26.202230546811574	0.0
121.0	26.275157747802925	23.689375703277452	23.759739057358953	26.27572749156067	0.0
122.0	26.217403442401594	23.891133052638775	23.579482329347016	26.31198117561262	0.0
123.0	26.243326857227505	23.661525664180676	23.786015029883146	26.309132448708674	0.0
124.0	26.37864138516497	23.72818587373303	23.690582678600933	26.20259006250107	0.0
125.0	26.31198117561262	23.68801882438738	23.8045317547588	26.195468245241198	0.0
126.0	26.284633397334733	23.790288120239065	23.752400052416576	26.172678430009626	0.0
127.0	26.194613627170014	23.840425713748527	23.728470746423426	26.236489912658033	0.0
128.0	26.185002549617842	23.899462443701875	23.79405924799093	26.121475758689357	0.0
129.0	26.20779242977156	23.913421245296025	23.73423581258742	26.144550512344995	0.0
130.0	26.251662949067466	23.69378377531457	23.768135759316074	26.286417516301885	0.0
131.0	26.233146171442574	23.72853834254899	23.814000393125433	26.224315092883003	0.0
132.0	26.289551124823024	23.702329980372216	23.746770246671968	26.2613486481328	0.0
133.0	26.239128514982923	23.69178966080112	23.854452430398283	26.214629393817674	0.0
134.0	26.244541111519432	23.80944241709469	23.71514928795868	26.230867183427197	0.0
135.0	26.20579831525811	23.67640649169736	23.833656664758017	26.284138528286515	0.0
136.0	26.21747812883689	23.657889714072468	23.816279381140802	26.30835277594984	0.0
137.0	26.191269766660113	23.67982497372042	23.85844065942518	26.27046460019428	0.0
138.0	26.309777143459446	23.66672079263203	23.772978608848742	26.25052345505978	0.0
139.0	26.28470827529036	23.747909740679653	23.609176345243895	26.358205638786096	0.0
140.0	26.226309207396454	23.779815572894854	23.744206385154673	26.24966883455402	0.0
141.0	26.330647918138517	23.720629458283003	23.651689874427404	26.29703274915107	0.0
142.0	26.249533516982833	23.748045044454763	23.661158131333128	26.341263307229273	0.0
143.0	26.217057752734092	23.784224185328362	23.75716104845441	26.241557013483142	0.0
144.0	26.159587499643905	23.726747001680767	23.89339942455061	26.22026607412472	0.0
145.0	26.22710309660143	23.807936643591717	23.76605988092186	26.198900378885	0.0
146.0	26.279805144859413	23.673190325613195	23.77204227558898	26.274962253938412	0.0
147.0	26.22411887370808	23.87359412924325	23.585867794022132	26.316419203026538	0.0
148.0	26.23608373121232	23.662784735120844	23.79354353498866	26.307587998678166	0.0
149.0	26.368551796437888	23.726312430917194	23.69412126667958	26.211014505965334	0.0
150.0	26.298471916770172	23.698109552514328	23.80978155588728	26.193636974828216	0.0
151.0	26.292204610458427	23.78756110623654	23.75536994199893	26.164864341306103	0.0
152.0	26.196770627984094	23.84311223036339	23.722609022642068	26.23750811901045	0.0
153.0	26.188868662524534	23.894173382674268	23.79731473647326	26.119643218327937	0.0
154.0	26.21108917547653	23.908987057975597	23.72979856250374	26.150125204044134	0.0
155.0	26.25980337694821	23.69048534728098	23.781361547687215	26.268349728083596	0.0
156.0	26.23046090471673	23.732362467844354	23.82295378987941	26.214222837559504	0.0
157.0	26.28857609243733	23.697607306560464	23.756292251023424	26.257524349978777	0.0
158.0	26.245559458389238	23.680799482660877	23.85372065396679	26.219920404983093	0.0
159.0	26.24726872861632	23.80329718226803	23.710426833263536	26.239007255852115	0.0
160.0	26.203397459454685	23.66598580735955	23.840331370521355	26.290285362664413	0.0
161.0	26.22105991846781	23.65430579414119	23.820959641281156	26.303674646109844	0.0
162.0	26.194566229948123	23.68421802311503	23.855145045822688	26.26607070111416	0.0
163.0	26.308232700048713	23.648323348346423	23.786489358368446	26.25695459323642	0.0
164.0	26.278035592703695	23.766262994014706	23.61584721403197	26.33985419924963	0.0
165.0	26.228751634489655	23.7691117777265	23.74945517011512	26.25268141766873	0.0
166.0	26.339929236011006	23.720465150729574	23.652663905237787	26.286941708021626	0.0
167.0	26.252830994943384	23.746456805070864	23.6558649668827	26.344847233103057	0.0
168.0	26.230895235382096	23.78548536429029	23.747881205042376	26.235738195285236	0.0
169.0	26.167726423264504	23.71718173116368	23.89266830758011	26.222423537991705	0.0
170.0	26.221568895574094	23.815465609189115	23.764187064132365	26.198778431104426	0.0
171.0	26.280539222389354	23.661345093212997	23.77985550845526	26.278260175942386	0.0
172.0	26.220009002284755	23.87172313986018	23.59538718370928	26.312880674145777	0.0
173.0	26.241660066890393	23.645526491217076	23.80705482847229	26.305758613420245	0.0
174.0	26.37071180723715	23.728427278062345	23.698514623015082	26.20234629168542	0.0
175.0	26.30234002427198	23.69281697443465	23.80563041632718	26.199212584966187	0.0
176.0	26.292938904114273	23.783409586863502	23.75890969796765	26.164741811054576	0.0
177.0	26.205479998404655	23.843234896958027	23.728712160491366	26.22257294414595	0.0
178.0	26.198432572410198	23.8905934402785	23.779204093202402	26.131769894108896	0.0
179.0	26.207833719350127	23.908541084436543	23.726785576931295	26.156839619282035	0.0
180.0	26.26338595126787	23.680919375194076	23.77692502727757	26.27876964626048	0.0
181.0	26.232903444523263	23.732768124983973	23.819372630127543	26.21495580036522	0.0
182.0	26.288740559681617	23.69430888750246	23.758692499878926	26.258258052937006	0.0
183.0	26.24686272331285	23.681489141675286	23.86011093353389	26.211537201477974	0.0
184.0	26.250566205440702	23.803704051894332	23.713965831104122	26.231763911560847	0.0
185.0	26.21438603388401	23.660407781870603	23.842733055857057	26.28247312838833	0.0
186.0	26.21694998304945	23.661262431592412	23.803988935134935	26.317798650223207	0.0
187.0	26.200426755094426	23.673227527697772	23.863529532421136	26.262816184786665	0.0
188.0	26.31893818318562	23.65471011705852	23.77236689542791	26.253984804327946	0.0
189.0	26.28161847866652	23.76951806302187	23.610553214764927	26.33831024354668	0.0
190.0	26.231479028320244	23.777494793758777	23.754134368029263	26.236891809891716	0.0
191.0	26.336106204774655	23.723149678081022	23.648510056407044	26.29223406073728	0.0
192.0	26.251000658084035	23.75056620866677	23.667379828442332	26.33105330480686	0.0
193.0	26.237326184622482	23.771647688586658	23.752275517849462	26.238750608941398	0.0
194.0	26.170452797292448	23.73183141605274	23.89364647966771	26.204069306987105	0.0
195.0	26.231133446148057	23.805047034625005	23.7614595262921	26.202359992934838	0.0
196.0	26.284976838794595	23.663743739637283	23.784250380322376	26.26702904124575	0.0
197.0	26.208776807894797	23.86785787542448	23.59721494176904	26.326150374911684	0.0
198.0	26.244672607516467	23.650488866604373	23.799769811062742	26.30506871481642	0.0
199.0	26.37030790619231	23.709175650112815	23.699774369259522	26.220742074435353	0.0
200.0	26.294242997470203	23.696640608975088	23.810310641110377	26.198805752444333	0.0
201.0	26.293673222873032	23.772990404995785	23.761879800350982	26.171456571780205	0.0
202.0	26.193962668368393	23.839654032864598	23.737094605374114	26.229288693392895	0.0
203.0	26.1900488583109	23.891856473370083	23.79214563480193	26.125949033517088	0.0
204.0	26.20828169736336	23.89783912368417	23.733173795991625	26.160705382960842	0.0
205.0	26.265259319402308	23.691010355682806	23.76849992165577	26.27523040325912	0.0
206.0	26.24132871814595	23.72263293591442	23.821773998262184	26.214264347677453	0.0
207.0	26.285201487115934	23.698132558437674	23.751121746933894	26.265544207512498	0.0
208.0	26.252439354443542	23.691010355682806	23.84712904006951	26.209421249804137	0.0
209.0	26.247596256570233	23.807529592752445	23.71551073315955	26.22936341751777	0.0
210.0	26.21967722177115	23.650556244035155	23.844280158967564	26.28548637522613	0.0
211.0	26.22081677421193	23.666225090095868	23.79641895645485	26.316539179237353	0.0
212.0	26.21113057846531	23.664515761434696	23.862228109909832	26.262125550190163	0.0
213.0	26.325370710653388	23.647422474823014	23.773627907639273	26.25357890688432	0.0
214.0	26.28933971106483	23.764077113953043	23.59941084803127	26.34717232695085	0.0
215.0	26.232076874645667	23.772338916222477	23.750687296481896	26.244896912649956	0.0
216.0	26.339555342837283	23.712009845817235	23.649618816450722	26.298815994894763	0.0
217.0	26.25815145394304	23.750252841079057	23.67304728341847	26.31854842155944	0.0
218.0	26.250459387312645	23.764782300269793	23.74882838429565	26.23592992812191	0.0
219.0	26.18415429759836	23.727814022392522	23.889917666163356	26.198114013845757	0.0
220.0	26.24398165294436	23.798182387966154	23.760291729580356	26.197544229509127	0.0
221.0	26.295547135409247	23.665707529700008	23.787641377738524	26.251103957152218	0.0
222.0	26.233739594194972	23.84745559904959	23.597032529358472	26.321772277396967	0.0
223.0	26.234594280439648	23.65116265818818	23.805006182230503	26.309236879141668	0.0
224.0	26.38444926867347	23.701589146624276	23.701589146624276	26.21237243807798	0.0
225.0	26.307392508347483	23.692607491652517	23.807136101013093	26.192863898986907	0.0
226.0	26.29742111201012	23.778361500153842	23.76924479493111	26.154972592904922	0.0
227.0	26.19400348713975	23.845027407095078	23.720812298435344	26.24015680732983	0.0
228.0	26.195502602541858	23.882701857249085	23.80093617433469	26.120859365874367	0.0
229.0	26.206328720837146	23.90463899168953	23.725153346267696	26.16387894120563	0.0
230.0	26.265017677911583	23.68783172793395	23.767888023749084	26.279262570405383	0.0
231.0	26.241520679428266	23.722724436682515	23.813322469166753	26.222432414722462	0.0
232.0	26.287674394090043	23.693949589887207	23.762895262406662	26.255480753616084	0.0
233.0	26.253351149148575	23.68553756563409	23.844797278624725	26.21631400659261	0.0
234.0	26.24110040199545	23.792090575756625	23.71345787309935	26.253351149148575	0.0
235.0	26.232133038174116	23.64664085448024	23.8412294122172	26.27999669512845	0.0
236.0	26.22301615113519	23.661455795918485	23.79849400422226	26.317034048724064	0.0
237.0	26.2187426103357	23.65946147687872	23.859748089015007	26.262047823770573	0.0
238.0	26.326150935762982	23.640942800080914	23.78139984102428	26.251506423131822	0.0
239.0	26.279711792408484	23.765730191426137	23.600201711125738	26.354356305039644	0.0
240.0	26.236327529567294	23.771222779710467	23.744155633243015	26.24829405747922	0.0
241.0	26.331625646081342	23.696867467133195	23.66580997372935	26.305696913056114	0.0
242.0	26.272207895824135	23.73847753921555	23.664391856273774	26.32492270868655	0.0
243.0	26.249137985079308	23.771949322071574	23.73718376163364	26.241728931215487	0.0
244.0	26.18849492456669	23.725442141200208	23.883319179495363	26.202743754737735	0.0
245.0	26.236950778464617	23.786561332409946	23.781716412593372	26.194771476532065	0.0
246.0	26.29148793661199	23.662196633937096	23.78845962007097	26.257855809379944	0.0
247.0	26.230755855550264	23.84178826239022	23.58524717733545	26.34220870472406	0.0
248.0	26.249051912428072	23.64459119604455	23.801987989940294	26.304368901587083	0.0
249.0	26.376509098789295	23.70247443727795	23.714165141172376	26.20685132276038	0.0
