# Position (bp)	A	C	G	T	N
0.0	26.27187229648648	23.835012418720176	23.679569112270812	26.213546172522534	0.0
1.0	26.267407138671057	23.631289593391568	23.689894789718974	26.4114084782184	0.0
2.0	26.204535180296578	23.664867700653545	23.819742489270386	26.31085462977949	0.0
3.0	26.268866621462116	23.70532213823105	23.814705989044874	26.211105251261962	0.0
4.0	26.176876822411653	23.73815868409671	23.805404802098302	26.279559691393334	0.0
5.0	26.157619249570324	23.76481551751077	23.847402959755364	26.230162273163543	0.0
6.0	26.26380708719634	23.858256073165357	23.689181158470067	26.188755681168235	0.0
7.0	26.21497360815079	23.757407014763814	23.669527178582985	26.358092198502415	0.0
8.0	26.2818581503303	23.738227548652027	23.70251963935012	26.277394661667557	0.0
9.0	26.186325077200745	23.79819293072715	23.558570747124673	26.456911244947428	0.0
10.0	26.314835167900558	23.653643377984075	23.71808104082168	26.313440413293687	0.0
11.0	26.225012971217843	23.85141958123888	23.75992367902791	26.163643768515364	0.0
12.0	26.15918055377337	23.719196844507177	23.83496147687776	26.286661124841693	0.0
13.0	26.190423056967354	23.84751426833963	23.792560936828774	26.16950173786424	0.0
14.0	26.248929528825315	23.867253205834523	23.67115125513617	26.212666010203993	0.0
15.0	26.284356197016905	23.601134769182703	23.790541916443274	26.323967117357117	0.0
16.0	26.296072103033026	23.800026221313463	23.682030310722567	26.221871364930944	0.0
17.0	26.319782865208502	23.759857400686776	23.71801487920064	26.20234485490408	0.0
18.0	26.35876235745687	23.79047555287764	23.648211376670908	26.202550712994576	0.0
19.0	26.30185668697418	23.793265046528756	23.783501818749862	26.121376447747206	0.0
20.0	26.191392738390128	23.77178594541519	23.701769654772264	26.33505166142242	0.0
21.0	26.387494142063332	23.640400794447793	23.71404342683716	26.258061636651714	0.0
22.0	26.231840396331258	23.790754502242752	23.801912476847203	26.175492624578787	0.0
23.0	26.28344602887684	23.75198054049229	23.705953895248935	26.25861953538194	0.0
24.0	26.199761219343465	23.717669768583608	23.873881413045904	26.208687599027026	0.0
25.0	26.27479859855839	23.815859945102765	23.693959072549152	26.21538238378969	0.0
26.0	26.251087902523935	23.6306375666689	23.699538059851374	26.418736470955796	0.0
27.0	26.20031911807369	23.671085224610028	23.813628350181876	26.314967307134406	0.0
28.0	26.260293231572607	23.712927629376715	23.816417843832987	26.210361295217695	0.0
29.0	26.169913637276558	23.740264667157618	23.806375666688982	26.28344602887684	0.0
30.0	26.153176675369888	23.766764856843185	23.854076008123005	26.22598245966392	0.0
31.0	26.26391957331905	23.854354957488116	23.702048604137378	26.179676865055455	0.0
32.0	26.220124522996585	23.746401553190065	23.667179933498474	26.366293990314876	0.0
33.0	26.277030193479277	23.73384883176006	23.704001249693153	26.285119725067506	0.0
34.0	26.187487447278567	23.780991274463858	23.558389681105083	26.473131597152484	0.0
35.0	26.308551471736852	23.645421883019793	23.72101716096494	26.32500948427841	0.0
36.0	26.21705607998036	23.84375488161389	23.762580616366517	26.176608422039234	0.0
37.0	26.160708308227893	23.70985918636049	23.838454843676775	26.290977661734843	0.0
38.0	26.195576978866796	23.848775970185894	23.78824395795675	26.16740309299056	0.0
39.0	26.246830446680374	23.876325354473916	23.65874545662489	26.218098742220818	0.0
40.0	26.282814814401554	23.599329407596887	23.79431446990005	26.323541308101504	0.0
41.0	26.29564644940291	23.801009235987717	23.68412977804061	26.219214536568764	0.0
42.0	26.309314930165222	23.76028274228777	23.724298374566583	26.206103952980424	0.0
43.0	26.360010042121118	23.78894808781277	23.645289966247315	26.205751903818797	0.0
44.0	26.311473123378615	23.78727440095958	23.781974392591145	26.119278083070657	0.0
45.0	26.187620296242574	23.769979636809953	23.70359005830009	26.338810008647386	0.0
46.0	26.388741666434214	23.64389522720299	23.71028480571285	26.25707830064995	0.0
47.0	26.226672989483667	23.79452704399007	23.8006638957851	26.178136070741164	0.0
48.0	26.28357834249212	23.746826968674164	23.7130742838015	26.25652040503222	0.0
49.0	26.195709782699655	23.720605874640853	23.87542190856091	26.20826243409858	0.0
50.0	26.27409411699071	23.810148121286506	23.699684788975983	26.2160729727468	0.0
51.0	26.257357248458813	23.635526792937043	23.69661636307847	26.41049959552568	0.0
52.0	26.207146642863123	23.66007420011716	23.82604814639181	26.30673101062791	0.0
53.0	26.270467795475465	23.70972691009512	23.80735864319786	26.212446651231552	0.0
54.0	26.172278166754996	23.740969064688	23.81712181650813	26.26963095204887	0.0
55.0	26.15303076794332	23.763563837206057	23.851153449189656	26.232251945660966	0.0
56.0	26.26014672654746	23.858963987837875	23.697453206505063	26.1834360791096	0.0
57.0	26.220536137688637	23.749337498953945	23.661189991352618	26.368936372004796	0.0
58.0	26.27911517755028	23.735669056319566	23.70861111885966	26.276604647270496	0.0
59.0	26.195151887081924	23.775279645178387	23.556863510837122	26.472704956902565	0.0
60.0	26.317609975173646	23.64054785349661	23.71419007503696	26.327652096292788	0.0
61.0	26.23085720661664	23.835253424084353	23.763284889397195	26.17060447990181	0.0
62.0	26.163072889062455	23.706937432006473	23.839716589026196	26.29027308990488	0.0
63.0	26.19654662612625	23.846969232056683	23.798153365505314	26.15833077631175	0.0
64.0	26.24445244092599	23.87479741471892	23.66558714165767	26.215163002697416	0.0
65.0	26.280994501954027	23.601708271616303	23.79306593470966	26.32423129172001	0.0
66.0	26.297452376768177	23.801434345632106	23.688460798179033	26.212652479420683	0.0
67.0	26.30331026441389	23.757639661804618	23.72137654780734	26.21767352597415	0.0
68.0	26.36069982035861	23.786862747285852	23.645994889704653	26.206442542650883	0.0
69.0	26.312163172399945	23.7918837798333	23.786583801033217	26.10936924673354	0.0
70.0	26.203374133871886	23.758968122022246	23.699552570210773	26.338105173895094	0.0
71.0	26.386362875601126	23.641531749662477	23.71015252781094	26.261952846925457	0.0
72.0	26.2220635327985	23.791604833580664	23.805831092465105	26.180500541155734	0.0
73.0	26.285942224652153	23.7469734331589	23.71935775414793	26.247726588041015	0.0
74.0	26.209232005177242	23.709315689053035	23.870546623076667	26.21090568269306	0.0
75.0	26.28064224585207	23.81252580252837	23.692857860147505	26.213974091472053	0.0
76.0	26.247726588041015	23.62479497450431	23.709873581558305	26.417604855896364	0.0
77.0	26.213974091472053	23.664684288631264	23.811131071265187	26.310210548631492	0.0
78.0	26.27645805206253	23.711268312821485	23.810015286254643	26.202258348861342	0.0
79.0	26.165158497260748	23.74781027191681	23.81447842629682	26.272552804525624	0.0
80.0	26.1570690559343	23.758968122022246	23.858830880465952	26.225131941577494	0.0
81.0	26.26641598696763	23.851578277897413	23.69341575265278	26.188589982482174	0.0
82.0	26.21369514521942	23.73497874429555	23.676400031241982	26.37492607924305	0.0
83.0	26.279526460841524	23.742231346864088	23.705131495263494	26.273110697030894	0.0
84.0	26.193332068776986	23.772915434654053	23.552547895071577	26.48120460149738	0.0
85.0	26.323042076252744	23.62786338328331	23.727168249221737	26.321926291242203	0.0
86.0	26.230989812882854	23.845999352844693	23.761478638295973	26.161532195976477	0.0
87.0	26.17352688483983	23.699273623958135	23.82954152393917	26.297657967262865	0.0
88.0	26.200863617598163	23.84488356783415	23.800252167412385	26.154000647155307	0.0
89.0	26.245700752873834	23.87661683770673	23.662386713269157	26.215295696150275	0.0
90.0	26.289495192374744	23.610223909532404	23.79349108629736	26.30678981179549	0.0
91.0	26.30651086632096	23.797117377466225	23.685818133129516	26.210553623083293	0.0
92.0	26.308184539168128	23.759459738404935	23.719570535547415	26.212785186879522	0.0
93.0	26.355810696971215	23.781430093669627	23.655347090885762	26.20741211847339	0.0
94.0	26.306716430400506	23.79342471561588	23.790356323955212	26.109502530028394	0.0
95.0	26.209643676044784	23.758277683866396	23.69133095672452	26.340747683364295	0.0
96.0	26.38509989009579	23.637494630314592	23.722572762724063	26.254832716865558	0.0
97.0	26.22163829799104	23.80765089513353	23.79900360954437	26.171707197331056	0.0
98.0	26.279658794847332	23.75409351342003	23.721456983938364	26.244790707794273	0.0
99.0	26.216896238151826	23.707230804420714	23.854513604132848	26.221359353294616	0.0
100.0	26.28189035241873	23.808487729222804	23.69746774004586	26.21215417831261	0.0
101.0	26.252322214597733	23.62912628942186	23.703883468063623	26.41466802791679	0.0
102.0	26.207970007866237	23.664831210564195	23.816577125419116	26.310621656150452	0.0
103.0	26.26487472593684	23.708067638509988	23.812671899669173	26.214385735884004	0.0
104.0	26.166965137491843	23.743214670259473	23.818250793597663	26.271569398651025	0.0
105.0	26.165291469313296	23.743772559652324	23.853397825347148	26.237538145687232	0.0
106.0	26.259295832008345	23.863997723811277	23.7013729657958	26.175333478384577	0.0
107.0	26.21801201693752	23.734009495277466	23.66762065752844	26.380357830256575	0.0
108.0	26.27826407136521	23.728151656652553	23.722293818027637	26.2712904539546	0.0
109.0	26.198485888187804	23.77891959140181	23.554369110780097	26.468225409630286	0.0
110.0	26.332100397775136	23.619084280350577	23.72480432029546	26.32401100157883	0.0
111.0	26.235585532812266	23.834708530686708	23.764135522491312	26.16557041400972	0.0
112.0	26.172265086723908	23.69635196126016	23.834708530686708	26.296674421329225	0.0
113.0	26.19485960713429	23.843913705668715	23.80988245270493	26.15134423449207	0.0
114.0	26.248901658321593	23.865883764069235	23.67703873136306	26.208175846246114	0.0
115.0	26.289627470397075	23.603955424761853	23.79558989665128	26.310827208189792	0.0
116.0	26.308595656843192	23.790011018284773	23.691822759034295	26.209570565837737	0.0
117.0	26.29994839537511	23.754585140657472	23.72250659005007	26.22295987391735	0.0
118.0	26.357763309846188	23.773619642169745	23.659531261332127	26.209085786651936	0.0
119.0	26.30476381752554	23.79091421334806	23.783103761848174	26.121218207278226	0.0
120.0	26.205738450294845	23.756325070991423	23.69579407186731	26.34214240684642	0.0
121.0	26.38900511584573	23.632473625778953	23.712809698349204	26.265711560026112	0.0
122.0	26.21745412754467	23.806814061044257	23.802908835294314	26.172822976116755	0.0
123.0	26.2975112554185	23.743214670259473	23.72173592863479	26.237538145687232	0.0
124.0	26.216059404062552	23.704720302152896	23.86120827684703	26.21801201693752	0.0
125.0	26.28021668424018	23.809045618615656	23.696909850653007	26.213827846491156	0.0
126.0	26.255390606258405	23.629963123511132	23.703883468063623	26.410762802166843	0.0
127.0	26.217733072241096	23.64976819695727	23.821598129954754	26.310900600846875	0.0
128.0	26.266827338811805	23.706672915027866	23.812950844365595	26.21354890179473	0.0
129.0	26.16501252461687	23.742098891473777	23.81378767845487	26.279100905454484	0.0
130.0	26.1482758428314	23.746840951312993	23.86846083895407	26.23642236690154	0.0
131.0	26.26320105775829	23.854234659436422	23.711414974867083	26.171149307938208	0.0
132.0	26.224427744955285	23.73484632936674	23.670410104492685	26.37031582118529	0.0
133.0	26.27491673500812	23.73847261042026	23.719225426366968	26.267385228204652	0.0
134.0	26.198001076729533	23.789585849653967	23.54885590513622	26.46355716848028	0.0
135.0	26.335242250197354	23.608550236685236	23.731565190952125	26.324642322165285	0.0
136.0	26.225895624182343	23.831427670833182	23.784285885637935	26.158390819346543	0.0
137.0	26.17540649329276	23.698370679483283	23.834217125578462	26.2920057016455	0.0
138.0	26.19716424030595	23.83170661630771	23.81580672425961	26.15532241912673	0.0
139.0	26.248284480546285	23.869151891813488	23.679747386273615	26.202816241366612	0.0
140.0	26.299126058952666	23.60310300677004	23.78943962330993	26.308331310967358	0.0
141.0	26.300520794106408	23.786650153002448	23.696550262070733	26.216278790820414	0.0
142.0	26.314189198613075	23.76126597320435	23.711892348761893	26.212652479420683	0.0
143.0	26.356941616223605	23.763563837206057	23.675416329604733	26.204078216965605	0.0
144.0	26.3139836536584	23.785321766297525	23.778069123267038	26.122625456777037	0.0
145.0	26.207146642863123	23.745711177438704	23.69912689335825	26.348015286339926	0.0
146.0	26.38072576843362	23.638661158361902	23.71620886554399	26.264404207660487	0.0
147.0	26.228698788526287	23.79794080153087	23.805472413379487	26.167887996563355	0.0
148.0	26.29564644940291	23.747451107286416	23.7279247061974	26.228977737113272	0.0
149.0	26.22486666220348	23.705953895248935	23.856028653678784	26.213150788868806	0.0
150.0	26.27926178840017	23.806654616054093	23.704559148423378	26.209524447122355	0.0
151.0	26.25945638347727	23.627848073017784	23.714601325567383	26.39809421793756	0.0
152.0	26.21956662426636	23.652395617147576	23.818649438753877	26.309388319832184	0.0
153.0	26.273403851732834	23.708743388900047	23.817812590658544	26.200040168708576	0.0
154.0	26.15875566267211	23.74528575572962	23.817254691928323	26.278703889669945	0.0
155.0	26.149829282988552	23.755048983508516	23.86160764098101	26.233514092521926	0.0
156.0	26.270056459351498	23.843196982883665	23.717111869853387	26.169634687911454	0.0
157.0	26.22486666220348	23.730222490013613	23.66885362968914	26.376057218093774	0.0
158.0	26.282051282051285	23.72882774318806	23.716832920488272	26.272288054272387	0.0
159.0	26.200113253758158	23.7866366144379	23.545344740534524	26.46790539126942	0.0
160.0	26.333730372370546	23.611176974339376	23.73307818693565	26.322014466354425	0.0
161.0	26.229403018798454	23.828200185780794	23.778268110140672	26.16412868528008	0.0
162.0	26.17947094315833	23.687609313587384	23.841031892369877	26.29188785088441	0.0
163.0	26.197881652612224	23.82987388664024	23.81704218005116	26.155202280696372	0.0
164.0	26.238681566365212	23.878756771533617	23.685443783020816	26.197117879080356	0.0
165.0	26.30598211919606	23.59875587542017	23.78844303108917	26.3068189742946	0.0
166.0	26.298171471609688	23.775890204611073	23.712289217122056	26.213649106657183	0.0
167.0	26.30765582939314	23.765568991729083	23.719820913008913	26.206954265868866	0.0
168.0	26.359614376094886	23.759498331864183	23.671628301402574	26.209258990638357	0.0
169.0	26.306892357817922	23.79520424900414	23.78627776971915	26.11162562345879	0.0
170.0	26.202285178696954	23.748619185235604	23.70314993137769	26.34594570468975	0.0
171.0	26.38200416756164	23.634035644647028	23.725811265806186	26.258148921985143	0.0
172.0	26.22049023245175	23.795270626501118	23.803918177431008	26.180320963616126	0.0
173.0	26.294412845239524	23.748964386037834	23.725811265806186	26.230811502916456	0.0
174.0	26.230326766755375	23.702724265095597	23.8656334209249	26.20131554722413	0.0
175.0	26.28472280337646	23.808168889930318	23.703003219129553	26.204105087563672	0.0
176.0	26.25626949191312	23.612343158094408	23.713882426453768	26.417504923538697	0.0
177.0	26.21693697312557	23.654465217221507	23.823511361797802	26.305086447855125	0.0
178.0	26.283885941274598	23.690729241635562	23.819606005322445	26.2057788117674	0.0
179.0	26.15975139616494	23.747077956494326	23.819606005322445	26.273564642018286	0.0
180.0	26.156682901791445	23.75237808313946	23.866749237060716	26.224189778008377	0.0
181.0	26.262964388728026	23.84499082241228	23.716393012759358	26.175651776100334	0.0
182.0	26.231163628857235	23.733130254796613	23.66980768908899	26.365898427257157	0.0
183.0	26.28779129774996	23.730619668491027	23.711092886114226	26.27049614764479	0.0
184.0	26.209478326605872	23.78033982275211	23.553828515318802	26.456353335323215	0.0
185.0	26.328592031376836	23.61854603172832	23.732638549881305	26.320223387013534	0.0
186.0	26.23235262119889	23.829156914871362	23.774760726509914	26.163729737419832	0.0
187.0	26.170982562534697	23.702511430173427	23.83836242367099	26.288143583620887	0.0
188.0	26.209478326605872	23.829435869683472	23.80823530396311	26.152850499747547	0.0
189.0	26.24302611024325	23.872740459718813	23.684445436286545	26.199787993751393	0.0
190.0	26.300006415996474	23.584366169287463	23.801115267561002	26.31451214715506	0.0
191.0	26.294427288627787	23.785493710928673	23.704875320451126	26.21520367999241	0.0
192.0	26.301959110575513	23.758434943190533	23.728586611768055	26.211019334465895	0.0
193.0	26.356708082504365	23.765196190561205	23.682345918020072	26.195749808914353	0.0
194.0	26.318490953419737	23.79309190522152	23.77719134786514	26.111225793493603	0.0
195.0	26.203839566165843	23.743995447419366	23.69964126110947	26.35252372530532	0.0
196.0	26.387466978355654	23.64084725100913	23.72230296504378	26.24938280559143	0.0
197.0	26.213676191220074	23.79734264680858	23.81519595399426	26.17378520797708	0.0
198.0	26.292621283931744	23.74964084167185	23.725092544291545	26.23264533010486	0.0
199.0	26.22686037559	23.707026411809995	23.867148707305372	26.198964505294636	0.0
200.0	26.284883785804347	23.803267164328993	23.70116827904797	26.21068077081869	0.0
201.0	26.261172296053292	23.609948783182137	23.714558296789743	26.414320623974824	0.0
202.0	26.22156016023388	23.644260703645433	23.825862819268234	26.308316316852455	0.0
203.0	26.27400439638916	23.706189535701135	23.815262388556	26.20454367935371	0.0
204.0	26.15600486503978	23.744685836708733	23.819725727803256	26.279583570448228	0.0
205.0	26.160189245584082	23.744127919302827	23.869380376929	26.226302458184094	0.0
206.0	26.26312500697397	23.846505763286803	23.71511621419565	26.175253015543582	0.0
207.0	26.227006700625427	23.736170545144137	23.673962407315454	26.362860346914978	0.0
208.0	26.285030434564295	23.726127975808566	23.721943571918743	26.266898017708396	0.0
209.0	26.20783155216711	23.783102214113754	23.554075202316493	26.454991031402642	0.0
210.0	26.32638999310966	23.61684143575667	23.745163513012137	26.311605058121536	0.0
211.0	26.23879622733093	23.832757278790872	23.771385850538255	26.157060643339946	0.0
212.0	26.179098565303384	23.683513123722012	23.843078837178812	26.294309473795796	0.0
213.0	26.214526617067396	23.818251304840253	23.815740655502644	26.151481422589708	0.0
214.0	26.244727621683143	23.87689972996496	23.67799995536611	26.200372692985784	0.0
215.0	26.300314390843333	23.586566277327872	23.80638880132563	26.306730530503163	0.0
216.0	26.29975646565552	23.77849254193505	23.710425669022044	26.211325323387385	0.0
217.0	26.304924554145547	23.759934610803164	23.729806482568925	26.205334352482364	0.0
218.0	26.35995402657978	23.772275349543058	23.680495888056953	26.187274735820214	0.0
219.0	26.31169309394423	23.802682526752736	23.77422810404276	26.111396275260272	0.0
220.0	26.205407456174612	23.732104399834853	23.71731925862281	26.34516888536773	0.0
221.0	26.382065852644736	23.63927502392131	23.72435956447874	26.254299558955218	0.0
222.0	26.21747608566479	23.791032368390955	23.81976583618576	26.171725709758498	0.0
223.0	26.30144476339524	23.755324757927507	23.72687025583945	26.21636022283781	0.0
224.0	26.241540341343388	23.69569219953915	23.868093487248444	26.19467397186902	0.0
225.0	26.29398604051709	23.799188765461718	23.696529098994045	26.21029609502714	0.0
226.0	26.25926173897518	23.610739153722548	23.718141849669703	26.411857257632565	0.0
227.0	26.218532404927693	23.64393635065167	23.838377075522228	26.299154168898408	0.0
228.0	26.28102124620603	23.703077575432957	23.81438582396001	26.201515354401	0.0
229.0	26.157438403856453	23.74827039814319	23.81522272808427	26.279068469916083	0.0
230.0	26.157159435815032	23.744922781646135	23.865994911622927	26.23192287091591	0.0
231.0	26.26108206727631	23.844647410325223	23.72329563524167	26.1709748871568	0.0
232.0	26.22983747231227	23.73529132795108	23.67391801641457	26.360953183322085	0.0
233.0	26.28228375671619	23.727759148807966	23.72301666564378	26.266940428832065	0.0
234.0	26.215962126981733	23.772181632032492	23.56072208692159	26.45113415406418	0.0
235.0	26.324481603298544	23.615121310268062	23.742610772162102	26.317786314271284	0.0
236.0	26.231305497669204	23.84220319644257	23.77497133579385	26.151519970094377	0.0
237.0	26.172442748304558	23.681516259788374	23.85140921885505	26.294631773052018	0.0
238.0	26.2008977266704	23.826580855378968	23.822117329360797	26.150404088589834	0.0
239.0	26.233052502371258	23.88383641131507	23.679629526306982	26.203481560006697	0.0
240.0	26.295599870551605	23.582205309616004	23.80762406401	26.314570755822388	0.0
241.0	26.285467176296628	23.770610718968836	23.724297631336665	26.21962447339787	0.0
242.0	26.29549544522411	23.759050262963324	23.735055731484454	26.210398560328112	0.0
243.0	26.36830357142857	23.754185267857142	23.685825892857142	26.191685267857146	0.0
244.0	26.316112560514533	23.800103240928053	23.77080513972404	26.11297905883338	0.0
245.0	26.20439483780956	23.73351935821416	23.71984652947332	26.342239274502965	0.0
246.0	26.37361104134925	23.63559752429108	23.72266032670875	26.268131107650923	0.0
247.0	26.217206515581527	23.797444333749137	23.80302560968463	26.182323540984704	0.0
248.0	26.290597622682476	23.74582406510691	23.729078461525578	26.234499850685033	0.0
249.0	26.23150303375365	23.68783875055121	23.88571651846766	26.19494169722748	0.0
