# Position (bp)	A	C	G	T	N
0.0	26.136411879939107	23.940915679603112	23.90058405050854	26.02208838994924	0.0
1.0	26.080917984267632	24.019456220471486	23.935457263635428	25.964168531625454	0.0
2.0	26.072018800697442	23.907512698051704	23.973921613221137	26.046546888029713	0.0
3.0	26.08499219211935	24.019163419700117	23.896056641246837	25.9997877469337	0.0
4.0	26.051467400038202	24.009630049635994	23.847411014520876	26.091491535804924	0.0
5.0	26.02188552699003	23.952190220340988	23.88639416385947	26.139530088809515	0.0
6.0	26.02594772252492	23.98481582210741	23.89992025881019	26.089316196557483	0.0
7.0	25.996343582016245	23.881321040169055	23.933772143916126	26.18856323389857	0.0
8.0	26.105977371120893	23.954657353173015	23.86370526673215	26.075660008973937	0.0
9.0	26.113977699224506	23.99334250911009	23.90845646861945	25.984223323045953	0.0
10.0	26.074698356878677	23.980173406899898	23.942581701327835	26.00254653489359	0.0
11.0	26.024677135754565	23.951373309889043	23.950463833141335	26.07348572121506	0.0
12.0	26.082883647608075	23.84102346450009	23.938640635421088	26.137452252470744	0.0
13.0	26.121081671011943	23.873158309585886	23.943491178075547	26.062268841326624	0.0
14.0	26.26568847389802	23.873764627417692	23.811920208573333	26.048626690110954	0.0
15.0	26.095010004244223	23.983204996058934	23.83283817377069	26.08894682592615	0.0
16.0	26.026496089249985	23.956223852543506	23.94288486024374	26.074395197962772	0.0
17.0	26.045898259867823	23.949857515309525	23.80767598375068	26.196568241071972	0.0
18.0	25.979506457284906	24.049293639725946	23.888619414296976	26.08258048869217	0.0
19.0	26.12047535318014	23.878918328988057	23.872248832838174	26.128357484993636	0.0
20.0	25.976699276361863	23.859746984335825	24.032547042542163	26.13100669676015	0.0
21.0	26.039149823713625	23.977978603108582	23.866719618263453	26.11615195491434	0.0
22.0	26.04854772161607	23.757279581399438	24.019208090680618	26.17496460630387	0.0
23.0	25.958812954547522	23.960395439291098	23.916134371750523	26.16465723441086	0.0
24.0	26.11221090095525	23.81275749482358	23.992530186957538	26.082501417263636	0.0
25.0	26.15434986251785	23.926441743643533	23.90158278790157	26.017625605937045	0.0
26.0	26.114333006933222	23.98070702508026	23.928563849621508	25.97639611836501	0.0
27.0	26.090989841175528	23.90340173588269	23.94311543347046	26.062492989471327	0.0
28.0	26.1073603730056	23.978281761105436	23.892184889999122	26.022172975889845	0.0
29.0	26.060674041490206	23.996168082919773	23.8664164602666	26.076741415323422	0.0
30.0	26.017625605937045	23.948875435410674	23.86490067028233	26.16859828836995	0.0
31.0	26.033917213865195	23.980028011713987	23.90151032856164	26.084544445859176	0.0
32.0	26.007845705173676	23.86967883539177	23.960019644578644	26.16245581485591	0.0
33.0	26.104855970072332	23.955169131333708	23.871497777858618	26.068477120735338	0.0
34.0	26.127895907985767	23.99063850943728	23.91060504089589	25.970860541681066	0.0
35.0	26.08969811618192	23.957594387956174	23.952440717633436	26.00026677822847	0.0
36.0	26.033310899709576	23.946983890232882	23.92667236601973	26.09303284403781	0.0
37.0	26.083634974625753	23.866950421691495	23.929703936797814	26.119710666884938	0.0
38.0	26.124258023052064	23.875135662792317	23.920002910307947	26.080603403847668	0.0
39.0	26.235516670607712	23.886655631749036	23.82572105910957	26.05210663853369	0.0
40.0	26.089091802026303	23.977299598013715	23.833299986054772	26.10030861390521	0.0
41.0	26.019971988286013	23.966689100290424	23.946377576077268	26.066961335346296	0.0
42.0	26.04028351249917	23.968204885679466	23.81116951937477	26.1803420824466	0.0
43.0	25.976317369081613	24.04581309759839	23.902419799795066	26.07544973352493	0.0
44.0	26.119104352729323	23.872407249092046	23.888777731293693	26.119710666884938	0.0
45.0	25.992305896690443	23.857177070480777	23.992081561132956	26.158435471695825	0.0
46.0	26.054756065396845	23.97449850392436	23.859905475909695	26.110839954769098	0.0
47.0	26.05596869003192	23.73743038776704	24.032401330249225	26.17419959195181	0.0
48.0	25.966537623195084	23.95903753982714	23.896890527279506	26.17753430969827	0.0
49.0	26.10962733013403	23.81625098904697	23.985715281798807	26.088406399020197	0.0
50.0	26.166923844141355	23.918414614552102	23.90416627508996	26.010495266216584	0.0
51.0	26.102351582323568	23.975407972400664	23.94812391811146	25.97411652716431	0.0
52.0	26.080827495050972	23.917808302234565	23.936300827919467	26.06506337479499	0.0
53.0	26.118722014897095	23.985715281798807	23.88537059324629	26.01019211005781	0.0
54.0	26.07779593346329	23.99086893649788	23.840503481748485	26.09083164829035	0.0
55.0	26.026259386472567	23.95024601122284	23.862633881338617	26.160860720965978	0.0
56.0	26.032243591298233	23.978063686852764	23.911066378871293	26.078626342977714	0.0
57.0	26.020420536948563	23.864683627191813	23.941381902844807	26.17351393301482	0.0
58.0	26.11257972982805	23.957145975311036	23.87802245774016	26.052251837120753	0.0
59.0	26.133194286130042	23.98200470496932	23.91682632842626	25.967974680474377	0.0
60.0	26.079232653457186	23.961693303907065	23.94441345524216	26.01466058739359	0.0
61.0	26.040125627531346	23.931680935173283	23.928649382775934	26.099544054519434	0.0
62.0	26.084083137292946	23.847706933766645	23.93774403996799	26.130465888972427	0.0
63.0	26.13076904421216	23.886510804452744	23.91500739698785	26.067712754347244	0.0
64.0	26.22990080760556	23.9016685664395	23.828911308903063	26.039519317051873	0.0
65.0	26.082567361094267	23.976851065893822	23.855588969999758	26.084992603012154	0.0
66.0	26.016479518832003	23.96563432202362	23.933499866611694	26.08438629253268	0.0
67.0	26.04285402468896	23.9568428200713	23.814359857395775	26.185943297843963	0.0
68.0	25.990711323454512	24.03717895860112	23.906519050275264	26.0655906676691	0.0
69.0	26.12955642325322	23.866805713869958	23.89318021972692	26.110457643149903	0.0
70.0	25.99093568581086	23.866733360617225	23.995573946917677	26.146757006654237	0.0
71.0	26.059145407969925	23.961317508677794	23.867642823579345	26.11189425977294	0.0
72.0	26.047928698103767	23.74850317554151	24.049838570324223	26.1537295560305	0.0
73.0	25.98123474754824	23.964349051884863	23.89674563836721	26.157670562199687	0.0
74.0	26.116441574583543	23.80003941006169	23.991936095069192	26.09158292028557	0.0
75.0	26.162521031331	23.9355493914177	23.90856865687478	25.993360920376517	0.0
76.0	26.10977217952799	23.986176162975763	23.944037712397495	25.960013945098755	0.0
77.0	26.08188198202295	23.914631743288922	23.953132342018705	26.050353932669424	0.0
78.0	26.10855956224516	23.995573946917677	23.89583617540509	26.00003031543207	0.0
79.0	26.06369272278053	23.99345186667273	23.85218195322329	26.090673457323447	0.0
80.0	26.02701104997499	23.945250329680324	23.878253224804087	26.1494853955406	0.0
81.0	26.06300740300607	23.966701630358994	23.904858336415394	26.065432630219544	0.0
82.0	26.008136637301206	23.87787768366549	23.937902057198983	26.176083621834323	0.0
83.0	26.102114191823343	23.970339471179205	23.87939345067391	26.04815288632354	0.0
84.0	26.124244390146302	23.993379129707215	23.917590779286137	25.96478570086035	0.0
85.0	26.076649306081862	23.956394414701727	23.952756573881516	26.014199705334896	0.0
86.0	26.012077631523102	23.923350693918135	23.960941715726992	26.10362995883177	0.0
87.0	26.101811038421662	23.8505938775139	23.93487052318214	26.1127245608823	0.0
88.0	26.13242953199178	23.877574530263804	23.916984472482767	26.073011465261654	0.0
89.0	26.24732467123014	23.900007881988444	23.82331007136231	26.02935737541911	0.0
90.0	26.076042999278492	23.987922368476898	23.859991632966114	26.076042999278492	0.0
91.0	26.013896551933207	23.96215432933373	23.958516488513517	26.065432630219544	0.0
92.0	26.047243426118484	23.947906119454565	23.832101520011157	26.17274893441579	0.0
93.0	25.9696361552873	24.037639526353125	23.904858336415394	26.087865981944187	0.0
94.0	26.13515791260694	23.871814615631802	23.893641660553072	26.099385811208187	0.0
95.0	25.989565491546596	23.862950825635785	24.014830219452083	26.13265346336554	0.0
96.0	26.028065856845334	23.98421181870269	23.882958889491825	26.104763434960148	0.0
97.0	26.03837304125602	23.738052002776875	24.05696841454283	26.16660654142427	0.0
98.0	25.97804569720524	23.957837552710636	23.90933315548388	26.15478359460025	0.0
99.0	26.095062555514797	23.801107719171664	23.988152800977364	26.115676924336174	0.0
100.0	26.16903176128561	23.939648403750603	23.89235661645451	25.99896321850928	0.0
101.0	26.109613874682825	23.98754649601203	23.94480199595595	25.958037633349196	0.0
102.0	26.08930265834412	23.902966953347864	23.949349283195957	26.058381105112062	0.0
103.0	26.112948551992165	23.981483446358684	23.906301630657204	25.999266370991947	0.0
104.0	26.08505852358678	23.972692024361333	23.866588655427794	26.075660796624096	0.0
105.0	26.03382575401601	23.9545028754013	23.868407570323797	26.143263800258893	0.0
106.0	26.05314853214013	23.97140674451599	23.90107558174785	26.074369141596033	0.0
107.0	26.021317617956274	23.8589375143997	23.950792438187396	26.16895242945663	0.0
108.0	26.10832211672548	23.968072077315774	23.883492791055815	26.040113014902932	0.0
109.0	26.134999454327186	23.976560321098138	23.933512799059017	25.954927425515663	0.0
110.0	26.07861326348721	23.950489286623743	23.97716662422545	25.993730825663597	0.0
111.0	26.02859325548401	23.905016552075374	23.96625316793384	26.10013702450677	0.0
112.0	26.10225908545236	23.86772890974572	23.935331708440952	26.094680296360966	0.0
113.0	26.135605757454496	23.875307698837112	23.920174130258165	26.068912413450228	0.0
114.0	26.24686238131616	23.89683145985667	23.83316963148896	26.02313652733821	0.0
115.0	26.08740465883323	23.978985533607382	23.872882486327864	26.060727321231525	0.0
116.0	25.995549735045532	23.969284683570397	23.985351716444153	26.049813864939914	0.0
117.0	26.052542229012815	23.95139874131471	23.831957025234335	26.16410200443814	0.0
118.0	25.96735663962555	24.045072574484337	23.917142614621607	26.070428171268507	0.0
119.0	26.13984987934568	23.86803206130937	23.90531970363903	26.08679835570592	0.0
120.0	25.996841151130607	23.849915268881094	24.00482618752406	26.148417392464236	0.0
121.0	26.040495108634694	23.966325822225322	23.868710722806462	26.124468346333522	0.0
122.0	26.03837304125602	23.743508747464887	24.0590904819215	26.159027729357586	0.0
123.0	25.98653396671992	23.94419569099061	23.92479393209991	26.14447641018956	0.0
124.0	26.094153098066798	23.805655006411676	23.986637038564027	26.1135548569575	0.0
125.0	26.1635750165976	23.93661687892393	23.912667832793215	25.987140271685256	0.0
126.0	26.131440853434867	23.98299920877202	23.946317758369283	25.93924217942383	0.0
127.0	26.084452218621447	23.894781836315847	23.95753440022797	26.063231544834736	0.0
128.0	26.113858009440165	23.97754246408401	23.92236871223857	25.986230814237253	0.0
129.0	26.06990089945342	23.97511724422267	23.862041368187782	26.09294048813613	0.0
130.0	26.05504642780272	23.93146328671859	23.870529637702468	26.142960647776224	0.0
131.0	26.070362117836083	23.968290058054052	23.907356039591953	26.053991784517912	0.0
132.0	26.02708995222273	23.868321490068634	23.945019765721632	26.159568791987002	0.0
133.0	26.095906191642616	23.981701549729586	23.870140421507045	26.052251837120753	0.0
134.0	26.099240899279703	23.993827759318993	23.9507797152766	25.956151626124708	0.0
135.0	26.079838963936652	23.952295491475276	23.972303737297796	25.99556180729028	0.0
136.0	26.00981010355783	23.905912739795795	23.97957946305144	26.104697693594936	0.0
137.0	26.089843086847914	23.850738486163994	23.941381902844807	26.118036524143285	0.0
138.0	26.13834792520554	23.858923677636845	23.915310552227584	26.087417844930034	0.0
139.0	26.247180656270462	23.891361288288508	23.84285644993088	26.01860160551015	0.0
140.0	26.086508379210827	23.959268061989185	23.867108869109693	26.087114689690296	0.0
141.0	25.994652341571072	23.96624063250309	23.97776053161303	26.061346494312808	0.0
142.0	26.05407076855916	23.947748162879247	23.831942861300416	26.166238207261173	0.0
143.0	25.976766182426697	24.04778939199185	23.917735794145468	26.05770863143599	0.0
144.0	26.143580819916146	23.86172441286231	23.92174933229856	26.072945434922985	0.0
145.0	25.988746809271756	23.863918850913414	24.01549738981756	26.131836949997272	0.0
146.0	26.05392558100054	23.95153124640001	23.879986176037253	26.1145569965622	0.0
147.0	26.044527711588483	23.72567922343283	24.066124621811547	26.163668443167143	0.0
148.0	26.00026677822847	23.946377576077268	23.90666399888438	26.146691646809877	0.0
149.0	26.093718263147203	23.79062696105329	24.011932298756143	26.103722477043362	0.0
150.0	26.163444602423446	23.930989113596333	23.907645947838635	25.99792033614159	0.0
151.0	26.135554066712952	23.965852283234454	23.950694383391795	25.947899266660805	0.0
152.0	26.063402463461884	23.90067331391101	23.95311964736662	26.08280457526049	0.0
153.0	26.09220247316294	23.98616386902362	23.9279575336278	25.993676124185644	0.0
154.0	26.078560363304543	23.9655491252376	23.875511200172195	26.08037931128566	0.0
155.0	26.036118243745094	23.92250068968444	23.890365942018	26.151015124552462	0.0
156.0	26.064166810667587	23.959328076541794	23.90779090459863	26.068714208191984	0.0
157.0	26.030594983295842	23.862995592042637	23.946061638644508	26.160347786017013	0.0
158.0	26.115783155175865	23.95909755106743	23.872999896925343	26.052119396831365	0.0
159.0	26.122149531010315	23.988200983453485	23.941817388088207	25.947832097447993	0.0
160.0	26.082132311479484	23.958794390313408	23.969101855950136	25.98997144225697	0.0
161.0	26.01119269503847	23.88724845236435	23.981531446865016	26.120027405732166	0.0
162.0	26.103353564260985	23.837530088704835	23.94090790582614	26.118208441208036	0.0
163.0	26.153981410182563	23.847534393587544	23.915442402488342	26.08304179374155	0.0
164.0	26.248264404683226	23.880275755021856	23.862692431288615	26.0087674090063	0.0
165.0	26.109416779341416	23.95545962201917	23.869361967877087	26.06576163076233	0.0
166.0	26.009070569760322	23.951821692970913	23.98941362646957	26.049694110799194	0.0
167.0	26.06636795227037	23.934844690745717	23.840864856999072	26.157922499984842	0.0
168.0	25.97784501209611	24.042466758423323	23.912107634194108	26.067580595286454	0.0
169.0	26.15830496245343	23.857914187056817	23.9143022582513	26.069478592238454	0.0
170.0	25.991341676367867	23.863443441986806	24.021997477687233	26.123217403958094	0.0
171.0	26.06197856034148	23.94954161816065	23.89133440046566	26.09714542103221	0.0
172.0	26.04651726814125	23.731870876988747	24.065046565774157	26.156565289095845	0.0
173.0	25.99619227784245	23.944387854093907	23.906492530073727	26.15292733798991	0.0
174.0	26.094496066453445	23.798032468812053	24.00448681996635	26.102984644768156	0.0
175.0	26.148156007942884	23.943247790695914	23.90262388018978	26.005972321171424	0.0
176.0	26.13087568780222	23.967500871595096	23.95901229328038	25.94261114732231	0.0
177.0	26.065998696396903	23.893832138363827	23.95931545679162	26.08085370844765	0.0
178.0	26.118445983841386	23.95476800412302	23.90413969774598	26.02264631428961	0.0
179.0	26.09540555698716	23.939912992072273	23.88625305058283	26.078428400357733	0.0
180.0	26.04053296145276	23.903836534234742	23.892316320807627	26.16331418350487	0.0
181.0	26.044025672041787	23.9579449027294	23.922777722197463	26.07525170303135	0.0
182.0	26.019244994724904	23.856153668918182	23.957411202599953	26.167190133756957	0.0
183.0	26.108679043934856	23.953166874840836	23.88919879218559	26.048955289038723	0.0
184.0	26.126565853776846	23.97651067751598	23.92951990589719	25.967403562809988	0.0
185.0	26.098977723342593	23.952257376035313	23.964080860507135	25.984684040114956	0.0
186.0	26.02045765979894	23.880710136667354	23.973782181099402	26.125050022434305	0.0
187.0	26.11656136691607	23.824018044456302	23.935886397535864	26.123534191091764	0.0
188.0	26.158398311970217	23.832203533706025	23.920728084110447	26.08867007021331	0.0
189.0	26.248135527448675	23.881316469204368	23.857972666529232	26.012575336817722	0.0
190.0	26.115955034379056	23.949832045887245	23.86373282563089	26.07048009410281	0.0
191.0	26.01105950547518	23.93740222887841	23.988940494524815	26.06259777112159	0.0
192.0	26.0883669039448	23.939221226489458	23.81734838654912	26.155063483016626	0.0
193.0	25.983774541309433	24.044419921661834	23.919818585304924	26.051986951723805	0.0
194.0	26.16545046096571	23.8483436460705	23.912615089843598	26.073590803120194	0.0
195.0	25.996665150826132	23.866606033045322	24.01576474154919	26.120964074579355	0.0
196.0	26.066090647263906	23.951189934818856	23.86933454600576	26.113384871911478	0.0
197.0	26.070638168864633	23.727755040169775	24.049416401394573	26.152190389571018	0.0
198.0	26.00121267242686	23.94664241321813	23.89843868425042	26.153706230104596	0.0
199.0	26.10649115201198	23.78573225930653	24.002498112772813	26.105278475908673	0.0
200.0	26.158333055428397	23.935497758065054	23.91973296872205	25.986436217784505	0.0
201.0	26.140907754201194	23.963837779334053	23.961715583285585	25.933538883179168	0.0
202.0	26.083924776332985	23.88530300779462	23.95078870856741	26.079983507304988	0.0
203.0	26.12774033549498	23.954572051382332	23.91849406229062	25.999193550832068	0.0
204.0	26.08741787709836	23.946083112772516	23.885751013367045	26.080747996762078	0.0
205.0	26.057403415585085	23.88635736612489	23.896059010250394	26.16018020803963	0.0
206.0	26.061963939764187	23.96031979432265	23.923028647483456	26.05468761842971	0.0
207.0	26.029154059314685	23.85078554666893	23.963872735982342	26.156187658034042	0.0
208.0	26.10965582478353	23.961895752989403	23.897923791505978	26.030524630721096	0.0
209.0	26.145893338992813	23.969620713700998	23.917775823909288	25.9667101233969	0.0
210.0	26.098596246551253	23.95567413516054	23.956583694630567	25.98914592365764	0.0
211.0	26.03886850801928	23.873207409877818	23.977200375951245	26.110723706151656	0.0
212.0	26.112239638601704	23.811357365915775	23.953248643240457	26.12315435224206	0.0
213.0	26.17214029300475	23.830588435044145	23.913056660521974	26.084214611429125	0.0
214.0	26.23793295818376	23.900625788299216	23.85696613951683	26.004475114000194	0.0
215.0	26.122878401076942	23.952920059911104	23.871967303575868	26.052234235436085	0.0
216.0	26.004329608091638	23.93594120464978	24.01598437945316	26.043744807805425	0.0
217.0	26.089382087199077	23.950336547207566	23.829058274210173	26.131223091383177	0.0
218.0	25.979322054453945	24.030077011703355	23.936389545812865	26.054211388029834	0.0
219.0	26.164047553355026	23.860056576485892	23.90250410073404	26.073391769425047	0.0
220.0	25.99934508938317	23.871491983408934	24.00793169524826	26.12123123195964	0.0
221.0	26.069384141460695	23.946988623960024	23.881497562277147	26.102129672302134	0.0
222.0	26.06105259327985	23.74914345661494	24.04264221652204	26.147161733583168	0.0
223.0	25.995561134457603	23.941676217504412	23.894376830577237	26.16838581746075	0.0
224.0	26.11254460942309	23.79361262799152	24.00130985697696	26.092532905608433	0.0
225.0	26.158025754456393	23.941274745532994	23.90488982950635	25.995809670504265	0.0
226.0	26.10997407559012	23.97386334349085	23.963251011961614	25.952911568957415	0.0
227.0	26.060115403624636	23.89455395559113	23.976422002492427	26.06890863829181	0.0
228.0	26.131529395355322	23.961406562218578	23.914711170811135	25.992352871614965	0.0
229.0	26.057412118584196	23.970029503534057	23.8845208025689	26.08803757531285	0.0
230.0	26.066060420450654	23.884968874037643	23.900736531539863	26.14823417397184	0.0
231.0	26.076528183342585	23.9390879567721	23.919075039343575	26.065308820541745	0.0
232.0	26.027193721913267	23.84393326500537	23.943392908042284	26.185480105039087	0.0
233.0	26.12620534902056	23.953241554976046	23.89350476074959	26.027048335253806	0.0
234.0	26.134551122270132	23.96642589863484	23.933070125963525	25.9659528531315	0.0
235.0	26.102263354519433	23.944435010431324	23.9553515113289	25.997950123720344	0.0
236.0	26.030093154140992	23.892581631167822	23.969906845859008	26.107418368832175	0.0
237.0	26.11212527367227	23.8284400832085	23.93214747069205	26.127287172427177	0.0
238.0	26.174144560484216	23.84768870613636	23.901058913431097	26.077107819948324	0.0
239.0	26.240713224368502	23.915759468720623	23.875731570488522	25.967795736422357	0.0
240.0	26.123492432214412	23.96217775122592	23.86361913310872	26.050710683450944	0.0
241.0	25.99973312144794	23.938399577846653	24.022708938611867	26.039158362093538	0.0
242.0	26.1176149460148	23.93606696591047	23.820817663472038	26.125500424602695	0.0
243.0	25.98610281249716	24.0325501126758	23.928518351142074	26.052828723684968	0.0
244.0	26.14577330219297	23.881525069004216	23.902757135490916	26.069944493311898	0.0
245.0	26.00711601284886	23.845012876161356	24.030041343246005	26.11782976774378	0.0
246.0	26.04679802955665	23.94865199349657	23.917408818461986	26.087141158484794	0.0
247.0	26.058019287181217	23.754660259852145	24.05497969051931	26.13234076244733	0.0
248.0	25.9895763812205	23.97280636823648	23.903942530548846	26.133674719994175	0.0
249.0	26.11524868415065	23.781455245953858	24.029001774690187	26.074294295205302	0.0
