# Position (bp)	A	C	G	T	N
0.0	23.603939175262187	20.867776630268043	27.69143847307265	27.567745085753547	0.2691006356435729
1.0	22.649585114462173	21.137610635243178	28.534035089993594	27.67876916030105	0.0
2.0	24.787047749917086	24.221407683241562	25.500795633898214	25.49074893294313	0.0
3.0	26.845404125408617	23.66103547885982	23.759989974915683	25.733570420815877	0.0
4.0	26.583325951356734	23.327874271614967	23.965352962909346	26.12344681411895	0.0
5.0	25.970693913002147	23.577637148122783	24.62411335259129	25.827555586283786	0.0
6.0	26.249300512705283	23.453187825572176	24.833581439766313	25.463930221956232	0.0
7.0	25.426336155769068	24.353500893399215	24.378671633116483	25.814916201962234	0.02657511575299402
8.0	24.794907084320897	24.803117282683612	25.080319506351024	25.32165612664447	0.0
9.0	25.099332597296254	24.7820516421477	25.181866696626688	24.915683423393446	0.021065640535909893
10.0	24.885975468791525	24.86609814643969	25.439515684719737	24.808410700049045	0.0
11.0	24.89721047707734	25.087881531158786	25.61884370158954	24.396064290174337	0.0
12.0	25.319279490276315	24.706431394070076	25.285790523270514	24.688498592383095	0.0
13.0	25.01193719630368	24.83001648521408	25.21546369255832	24.94258262592392	0.0
14.0	24.748994790845195	25.17171197759912	25.331810845672038	24.74737435695782	1.0802892582517895E-4
15.0	25.16252951890398	24.812623828156227	25.288383217490317	24.736463435449476	0.0
16.0	24.807762526494095	25.00977661778718	25.335699887001745	24.846760968716982	0.0
17.0	24.645070964201373	25.25035703559985	25.524750507195808	24.579821493002964	0.0
18.0	24.845572650532908	25.075782291466364	25.364111494493763	24.714533563506965	0.0
19.0	24.679100075836306	25.14146387836807	25.351580139098047	24.827855906697575	0.0
20.0	24.580145579780442	25.382692469735694	25.59518536683382	24.44197658365004	0.0
21.0	24.88737984482725	25.111323808062846	25.334511568817668	24.666784778292236	0.0
22.0	24.646691398088752	25.119858093203035	25.28092922160838	24.95252128709983	0.0
23.0	24.545576323516386	25.448482085563228	25.302426977847585	24.703514613072798	0.0
24.0	24.746186038773743	25.142544167626323	25.141031762664774	24.970238030935164	0.0
25.0	24.601427278168003	25.19072506854435	25.19212944458008	25.012045225229507	0.0036729834780560846
26.0	24.48637647216419	25.505521358398926	25.306748134880596	24.700381774223867	9.722603324266105E-4
27.0	24.87754921257716	25.134009882486136	25.075782291466364	24.91265861347034	0.0
28.0	24.6297308567342	25.19526228342901	25.064547283180545	25.110459576656247	0.0
29.0	24.615687096376927	25.42201499873606	25.10786688243644	24.848597460456013	0.005833561994559663
30.0	24.982985444182535	25.03829625420503	24.85173029930494	25.126447857678375	5.401446291258947E-4
31.0	24.93286002259965	24.993464249987575	24.80117276201876	25.27239493646819	1.0802892582517895E-4
32.0	24.946795754031097	25.168795196601838	24.88943239441793	24.99497665494913	0.0
33.0	25.38377275899395	24.911470295286268	24.439059802652757	25.26569714306703	0.0
34.0	25.22983153969307	25.064979398883846	24.32206447598409	25.382692469735694	4.321157033007158E-4
35.0	25.18597177084355	25.372535359718274	24.214939290742727	25.221368125469933	0.005185453225520997
36.0	25.61704415714847	24.906555117084427	24.07360472222354	25.400901050277845	0.0018949532657150843
37.0	25.551374398802235	24.963383582324976	24.051415709632433	25.433826309240352	0.0
38.0	25.591332315787092	25.253200014371618	23.962149408967093	25.193318260874193	0.0
39.0	25.952169306149152	25.067948599426828	23.6846559191017	25.295226175322323	0.0
40.0	25.834721927363425	25.010271268398554	23.694479785074662	25.458846960391853	0.0016800587715104797
41.0	25.75881464678769	25.418065162775054	23.632221350337286	25.19089884009997	0.0
42.0	26.332340551128286	25.026161152700638	23.34165123829456	25.29787938143408	0.001967676442440992
43.0	26.16612047440699	24.98790574282147	23.45466604244694	25.390917602996254	3.901373283395755E-4
44.0	26.17114290227419	25.234911649312448	23.400871766629525	25.193073681783833	0.0
45.0	26.35322294139979	24.985587806581332	23.21183346534746	25.44935578667142	0.0
46.0	26.352790906928398	25.088169285027252	23.173525426884133	25.385514381160213	0.0
47.0	26.347980640711178	25.226607287495746	23.24717438529106	25.17823768650202	0.0
48.0	26.741517315040277	24.674329745503556	23.14245570312351	25.441697236332654	0.0
49.0	26.52878940932532	24.87355344072873	23.074414730536798	25.523242419409147	0.0
50.0	26.636896521718494	25.139819480591395	22.96876112425146	25.25452287343865	0.0
51.0	26.75499325385415	24.953661719493045	22.9824600207914	25.308885005861402	0.0
52.0	26.680785846431597	24.99590808314775	22.993100780192147	25.330205290228502	0.0
53.0	26.793003402515968	25.18307317915277	22.831383337138654	25.192540081192604	0.0
54.0	26.866036812587048	24.86417987227262	22.870478413068845	25.396168178567397	0.0031367235040965606
55.0	26.779699397095868	24.897393076509385	22.797135497749725	25.525772028645022	0.0
56.0	26.752962246350158	25.078753378000222	22.904040807841756	25.26424356780786	0.0
57.0	26.705951679434296	24.997960201260142	22.80494991160872	25.49113820769684	0.0
58.0	26.929023480178937	25.019068626440454	22.902966459832196	25.148941433548416	0.0
59.0	26.896962756073904	25.114816935644086	22.857042689696275	25.125334517535148	0.005843101050589569
60.0	27.33433235641253	24.744387125863646	22.60930682827854	25.311973689445278	0.0
61.0	27.33917027079974	24.830090869362106	22.634458023779743	25.19628083605841	0.0
62.0	26.922415276105284	25.105797350765524	22.61310854980217	25.358678823327025	0.0
63.0	27.274331771027395	24.81713176318318	22.910987782636834	24.99754868315259	0.0
64.0	27.36738395396225	24.949058420475158	22.472513938959672	25.211043686602924	0.0
65.0	26.781553273756174	25.145315340690853	22.815148644150256	25.25542211865926	0.002560622743451207
66.0	27.461700385919773	24.500058472693254	22.456437843527073	25.578879663197284	0.00292363466261256
67.0	27.22315155570425	24.764135162261624	22.719973235195717	25.292740046838407	0.0
68.0	27.4243644311515	24.724874420031444	22.458683231719007	25.39207791709805	0.0
69.0	27.542671124406127	24.859229280309695	22.4221361956713	25.175963399612883	0.0
70.0	27.57784067933684	25.0	22.467650626769107	24.954508693894056	0.0
71.0	26.994112893916654	25.10100427103775	22.584555004040173	25.320327831005425	0.0
72.0	27.07469562356038	24.508061862454756	22.375781507074695	26.041461006910165	0.0
73.0	26.439422008151165	24.59429418303075	23.482771396813636	25.483512412004444	0.0
74.0	27.463503649635037	24.361313868613138	23.51526211015262	24.659920371599203	0.0
75.0	27.911136213875555	23.976277887602375	23.731525934293515	24.38105996422856	0.0
76.0	28.081457663451232	25.026795284030012	22.079314040728832	24.70525187566988	0.10718113612004287
77.0	27.165841584158418	25.247524752475247	22.58663366336634	24.93811881188119	0.06188118811881188
78.0	27.369921596578763	24.233784746970777	23.734853884533145	24.51888809693514	0.14255167498218105
79.0	26.42740619902121	25.693311582381728	23.57259380097879	24.225122349102772	0.08156606851549755
80.0	26.90166975881262	26.159554730983302	22.634508348794064	24.118738404452692	0.1855287569573284
81.0	25.02628811777077	27.129337539432175	21.240799158780234	26.603575184016826	0.0
82.0	24.199288256227756	27.164887307236064	23.487544483985765	25.029655990510086	0.11862396204033215
83.0	27.27272727272727	24.151967435549526	23.473541383989144	25.10176390773406	0.0
84.0	29.283489096573206	27.102803738317753	20.404984423676012	23.20872274143302	0.0
85.0	27.127659574468083	25.70921985815603	19.148936170212767	27.836879432624112	0.1773049645390071
86.0	28.688524590163933	23.975409836065573	22.950819672131146	24.18032786885246	0.20491803278688525
87.0	26.027397260273972	27.85388127853881	18.2648401826484	27.62557077625571	0.228310502283105
88.0	24.538258575197887	25.065963060686013	24.010554089709764	26.385224274406333	0.0
89.0	25.882352941176475	27.35294117647059	22.35294117647059	24.41176470588235	0.0
90.0	27.666666666666668	25.666666666666664	22.666666666666664	24.0	0.0
91.0	24.324324324324326	31.27413127413127	23.93822393822394	20.077220077220076	0.3861003861003861
92.0	29.074889867841406	25.55066079295154	22.026431718061673	23.348017621145374	0.0
93.0	28.985507246376812	28.019323671497588	20.28985507246377	22.22222222222222	0.4830917874396135
94.0	30.270270270270274	23.243243243243246	20.0	26.486486486486488	0.0
95.0	26.875	23.75	25.0	24.375	0.0
96.0	25.517241379310345	23.448275862068964	21.379310344827587	29.655172413793103	0.0
97.0	25.0	23.333333333333332	19.166666666666668	32.5	0.0
98.0	25.233644859813083	20.5607476635514	37.38317757009346	16.822429906542055	0.0
99.0	25.263157894736842	26.31578947368421	22.105263157894736	26.31578947368421	0.0
100.0	25.274725274725274	18.681318681318682	26.373626373626376	29.67032967032967	0.0
101.0	33.75	17.5	22.5	26.25	0.0
102.0	29.166666666666668	29.166666666666668	16.666666666666664	25.0	0.0
103.0	23.728813559322035	28.8135593220339	27.11864406779661	20.33898305084746	0.0
104.0	21.568627450980394	27.450980392156865	21.568627450980394	29.411764705882355	0.0
105.0	29.166666666666668	20.833333333333336	20.833333333333336	29.166666666666668	0.0
106.0	26.82926829268293	19.51219512195122	24.390243902439025	29.268292682926827	0.0
107.0	23.684210526315788	39.473684210526315	21.052631578947366	15.789473684210526	0.0
108.0	41.17647058823529	8.823529411764707	26.47058823529412	23.52941176470588	0.0
109.0	11.11111111111111	29.629629629629626	40.74074074074074	18.51851851851852	0.0
110.0	16.666666666666664	29.166666666666668	20.833333333333336	33.33333333333333	0.0
111.0	14.285714285714285	14.285714285714285	28.57142857142857	42.857142857142854	0.0
112.0	25.0	15.0	35.0	25.0	0.0
113.0	29.411764705882355	5.88235294117647	29.411764705882355	35.294117647058826	0.0
114.0	50.0	14.285714285714285	14.285714285714285	21.428571428571427	0.0
115.0	25.0	25.0	33.33333333333333	16.666666666666664	0.0
116.0	9.090909090909092	27.27272727272727	27.27272727272727	36.36363636363637	0.0
117.0	18.181818181818183	18.181818181818183	54.54545454545454	9.090909090909092	0.0
118.0	20.0	10.0	20.0	50.0	0.0
119.0	11.11111111111111	44.44444444444444	0.0	44.44444444444444	0.0
120.0	33.33333333333333	0.0	33.33333333333333	33.33333333333333	0.0
121.0	25.0	37.5	12.5	25.0	0.0
122.0	12.5	25.0	12.5	50.0	0.0
123.0	12.5	37.5	25.0	25.0	0.0
124.0	14.285714285714285	42.857142857142854	14.285714285714285	28.57142857142857	0.0
125.0	16.666666666666664	33.33333333333333	16.666666666666664	33.33333333333333	0.0
126.0	50.0	0.0	16.666666666666664	33.33333333333333	0.0
127.0	20.0	40.0	20.0	20.0	0.0
128.0	20.0	40.0	20.0	20.0	0.0
129.0	25.0	75.0	0.0	0.0	0.0
130.0	0.0	0.0	50.0	50.0	0.0
131.0	50.0	0.0	50.0	0.0	0.0
132.0	50.0	0.0	50.0	0.0	0.0
133.0	0.0	0.0	50.0	50.0	0.0
134.0	0.0	100.0	0.0	0.0	0.0
135.0	50.0	0.0	50.0	0.0	0.0
136.0	50.0	0.0	0.0	50.0	0.0
137.0	50.0	0.0	50.0	0.0	0.0
138.0	0.0	0.0	100.0	0.0	0.0
