# Position (bp)	A	C	G	T	N
0.0	26.247302307564606	23.865032372309226	23.778706214376623	26.10895910574954	0.0
1.0	26.262243373360633	23.843450832826075	23.671075203364506	26.223230590448786	0.0
2.0	26.207491886418154	23.781856011244194	23.782409367209787	26.228242735127864	0.0
3.0	26.232324713446637	23.67900489969595	23.82176283922302	26.266907547634393	0.0
4.0	26.280887934754944	23.681487711222015	23.677891265616875	26.359733088406166	0.0
5.0	26.195337051299074	23.767870579382993	23.67907095117957	26.357721418138365	0.0
6.0	26.15828914282869	23.720135102613256	23.801462228529225	26.320113526028834	0.0
7.0	26.366191261244314	23.806691820002435	23.62329744741588	26.20381947133737	0.0
8.0	26.27750147983824	23.674922412219317	23.765925548923175	26.28165055901927	0.0
9.0	26.25255157077186	23.624641120533713	23.832915677846557	26.289891630847865	0.0
10.0	26.281464435956508	23.800541543703794	23.69876009171394	26.21923392862576	0.0
11.0	26.251040632372586	23.773160120478263	23.709546712984604	26.266252534164547	0.0
12.0	26.194065145660872	23.784223321781507	23.68493109008488	26.336780442472733	0.0
13.0	26.34977970400405	23.756565318523396	23.756565318523396	26.137089658949165	0.0
14.0	26.206234667094442	23.82654006676642	23.715631473701386	26.25159379243775	0.0
15.0	26.11689931657074	23.867197331555843	23.72143965438559	26.294463697487824	0.0
16.0	26.287825776705876	23.87300551224005	23.779798041260207	26.059370669793864	0.0
17.0	26.303037678497837	23.7432894769595	23.749097657643702	26.20457518689896	0.0
18.0	26.223659209147055	23.784499901814087	23.743566056992083	26.248274832046775	0.0
19.0	26.123537237352686	23.719503594157523	23.82156162617996	26.33539754230983	0.0
20.0	26.182725364325048	23.783670161716344	23.82460400653835	26.209000467420257	0.0
21.0	26.28091127589135	23.69599429138813	23.769011419989543	26.254083012730977	0.0
22.0	26.24219007132999	23.725035194809145	23.785882801976992	26.24689193188387	0.0
23.0	26.20090717999779	23.72192720433676	23.85025998451156	26.22690563115389	0.0
24.0	26.27993616568159	23.822259591051026	23.72877605715218	26.169028186115206	0.0
25.0	26.255873835950226	23.866788729979174	23.77330519608033	26.10403223799027	0.0
26.0	26.26610724054862	23.845768763777066	23.663226952021926	26.224897043652383	0.0
27.0	26.200281556915705	23.772475460572352	23.789899906239885	26.23734307627205	0.0
28.0	26.221578101620473	23.67401351362564	23.830003789125488	26.274404595628397	0.0
29.0	26.26887302557521	23.67788561266287	23.692267694801153	26.360973666960763	0.0
30.0	26.19806892889443	23.758923113942046	23.684800075229354	26.35820788193417	0.0
31.0	26.16322003755936	23.711075032981988	23.797367525811687	26.328337403646962	0.0
32.0	26.352676311880984	23.80483514538349	23.635292523253337	26.207196019482186	0.0
33.0	26.275234331136378	23.68645954624531	23.763071791481934	26.275234331136378	0.0
34.0	26.255597257447565	23.635845680258658	23.8244722190723	26.28408484322148	0.0
35.0	26.27495775263372	23.810366715436675	23.700288471378272	26.21438706055133	0.0
36.0	26.252001736912995	23.78049623714947	23.698629000362317	26.26887302557521	0.0
37.0	26.193090515846567	23.778560187630855	23.695033479827746	26.33331581669483	0.0
38.0	26.350463683859708	23.763624948487255	23.750625758862267	26.13528560879077	0.0
39.0	26.195303143867836	23.838024565702607	23.717712917045812	26.248959373383745	0.0
40.0	26.112882750075368	23.864852680460558	23.7218615945857	26.300402974878374	0.0
41.0	26.293211933809236	23.871490564524382	23.773858353085647	26.06143914858074	0.0
42.0	26.29763718985178	23.745923924317058	23.752561808380882	26.203877077450276	0.0
43.0	26.23485386974812	23.774688088593628	23.744541031803763	26.24591700985449	0.0
44.0	26.122286419165786	23.71356423950592	23.82889747511485	26.33525186621345	0.0
45.0	26.18700578878806	23.778836766133516	23.828344318109533	26.20581312696889	0.0
46.0	26.279659587178926	23.69309743030913	23.771645725064374	26.255597257447565	0.0
47.0	26.23872596878535	23.72545711512027	23.791835955758504	26.24398096033588	0.0
48.0	26.187486516835285	23.721519407459855	23.84957490001715	26.241419175687707	0.0
49.0	26.27038718010416	23.82157466333668	23.72919795443671	26.17884020212245	0.0
50.0	26.2507502150386	23.870805364486962	23.77759892466873	26.100845495805707	0.0
51.0	26.25600517752093	23.845913436939068	23.674435713831336	26.223645671708667	0.0
52.0	26.19903032113352	23.76819530759508	23.79391696606124	26.238857405210158	0.0
53.0	26.2197735940901	23.665308673730443	23.839275589592962	26.27564214258649	0.0
54.0	26.260706986057752	23.677754637504393	23.694902409815164	26.36663596662269	0.0
55.0	26.191562742869156	23.74938807344778	23.704859180834323	26.354190002848743	0.0
56.0	26.154501428520067	23.700157372297497	23.802490852216625	26.34285034696581	0.0
57.0	26.356679195603533	23.799171928543572	23.640140169209793	26.2040087066431	0.0
58.0	26.28615206755116	23.669733905294514	23.765429537867536	26.278684489286793	0.0
59.0	26.256834908439192	23.63184286002716	23.816319700854347	26.2950025306793	0.0
60.0	26.27370610377721	23.801661121298363	23.706242065698095	26.21839070922633	0.0
61.0	26.261813293948773	23.776216039804957	23.6843924848505	26.27757818139577	0.0
62.0	26.21036997701645	23.76957819245885	23.68909429338732	26.330957537137373	0.0
63.0	26.356402618630774	23.755196189875623	23.75298357409359	26.13541761740001	0.0
64.0	26.20373212967035	23.824617010036977	23.713433066989708	26.25821779330296	0.0
65.0	26.111631997743135	23.850338668503138	23.734452916919043	26.30357641683469	0.0
66.0	26.297491723434092	23.86555040200463	23.77317369310466	26.063784181456622	0.0
67.0	26.29638541554307	23.7474520346385	23.753260151066343	26.202902398752087	0.0
68.0	26.236091635482612	23.789215157524417	23.743856533992695	26.23083667300028	0.0
69.0	26.130439231890428	23.720070914335814	23.820744932418418	26.32874492135534	0.0
70.0	26.189626704059872	23.772343962186397	23.835126935001647	26.202902398752087	0.0
71.0	26.28670522149667	23.69268979403313	23.772067385213642	26.24853759925656	0.0
72.0	26.24521867558351	23.722006953145094	23.78838542660615	26.244388944665243	0.0
73.0	26.196192098770894	23.71668639576949	23.852761890011173	26.234359615448437	0.0
74.0	26.269412138896186	23.825314950285563	23.725471215410785	26.179801695407466	0.0
75.0	26.26083830016733	23.8620994841868	23.76391520196922	26.113147013676656	0.0
76.0	26.270241865224786	23.835271666228756	23.658816533679975	26.235669934866486	0.0
77.0	26.19473676932225	23.770276437155143	23.792955623470192	26.24203117005241	0.0
78.0	26.212161022222837	23.6684966741803	23.84329235407188	26.27604994952498	0.0
79.0	26.256136517638602	23.669602975951765	23.71025956605313	26.364000940356508	0.0
80.0	26.18920526046492	23.754788212354626	23.70777038706733	26.34823614011312	0.0
81.0	26.15463333010662	23.707493811624467	23.80457179207058	26.333301066198334	0.0
82.0	26.34768298922739	23.792955623470192	23.64996611950825	26.20939526779417	0.0
83.0	26.272177893324848	23.672092154937562	23.775807946012474	26.27992200572511	0.0
84.0	26.2544770649814	23.637796800022127	23.830846459142894	26.276879675853582	0.0
85.0	26.271901317881984	23.799593434098988	23.711365867824597	26.217139380194432	0.0
86.0	26.260285149281593	23.77387191791241	23.688410106066684	26.277432826739318	0.0
87.0	26.20801239057984	23.76668095639788	23.69477134125261	26.33053531176967	0.0
88.0	26.376446835285495	23.76225574931202	23.741789166539903	26.119508248862584	0.0
89.0	26.206906088808374	23.826697827499896	23.717727103010525	26.248668980681206	0.0
90.0	26.105679476719263	23.849930164700677	23.734045054139642	26.310345304440418	0.0
91.0	26.298452560397163	23.865418389501198	23.77663767234107	26.05949137776057	0.0
92.0	26.30011201305436	23.748426977168695	23.74898012805443	26.20248088172251	0.0
93.0	26.23013842600915	23.789083567270062	23.748703552611563	26.232074454109224	0.0
94.0	26.140527982520435	23.704451481752937	23.830569883700026	26.324450652026606	0.0
95.0	26.18948183590779	23.772489040698076	23.82891043104283	26.209118692351307	0.0
96.0	26.28711296723964	23.69034613416675	23.77055301259801	26.251987885995604	0.0
97.0	26.25005185789554	23.718556829339125	23.77525479512674	26.256136517638602	0.0
98.0	26.194387746635467	23.712683161580458	23.85124707522278	26.241682016561292	0.0
99.0	26.269543404127038	23.819651682813976	23.728658865438494	26.182146047620495	0.0
100.0	26.255161560651274	23.866116100197196	23.76959180456181	26.109130534589713	0.0
101.0	26.26871368238805	23.845649630635542	23.657302795885688	26.228333891090728	0.0
102.0	26.200676499791186	23.771251248039782	23.794483456731395	26.233588795437633	0.0
103.0	26.213952047614963	23.663387421971585	23.84675592628752	26.275904604125927	0.0
104.0	26.248800360652382	23.67555667414338	23.71565989152771	26.359983073676524	0.0
105.0	26.188230673706393	23.756869404564025	23.72063822196163	26.334261699767954	0.0
106.0	26.16665790849276	23.703214065442918	23.797249195861347	26.332878830202976	0.0
107.0	26.3613659432415	23.788398830645498	23.64817585675684	26.202059369356164	0.0
108.0	26.273138864995975	23.679705282838313	23.773463839343744	26.273692012821964	0.0
109.0	26.254608412825288	23.633517439368084	23.827119178464848	26.284754969341783	0.0
110.0	26.27258571716998	23.800844656730288	23.709575265441813	26.216994360657914	0.0
111.0	26.27230914325699	23.754380239347064	23.702107769790935	26.271202847605007	0.0
112.0	26.215058343266946	23.765719769779874	23.700448326312966	26.318773560640214	0.0
113.0	26.369110012805375	23.759635143693977	23.74691274369619	26.12434209980446	0.0
114.0	26.19874048240022	23.835139821941713	23.72063822196163	26.245481473696437	0.0
115.0	26.11798089980557	23.846479352374526	23.73557321326338	26.29996653455653	0.0
116.0	26.306051160642426	23.856989161068352	23.77788902195167	26.059070656337553	0.0
117.0	26.31047634325035	23.745806448044206	23.74912533500015	26.194591873705285	0.0
118.0	26.229716760655702	23.778718743690657	23.744700152392227	26.246864343261418	0.0
119.0	26.134851908498284	23.706809526311858	23.827672326290838	26.330666238899013	0.0
120.0	26.195421595444273	23.7701449523878	23.83237408281176	26.202059369356164	0.0
121.0	26.293052186731643	23.67887556109933	23.770421526300797	26.25765072586824	0.0
122.0	26.25018323021736	23.71151128283278	23.785909665428537	26.252395821521326	0.0
123.0	26.19604719470304	23.710747138834957	23.84903447779935	26.24417118866265	0.0
124.0	26.267476110796125	23.822272620414033	23.734045054139642	26.1762062146502	0.0
125.0	26.254753640424266	23.871503049244257	23.76917013538368	26.1045731749478	0.0
126.0	26.27383734598205	23.845781533057682	23.650242694951114	26.23013842600915	0.0
127.0	26.20497006070831	23.77276561614094	23.789636718155798	26.232627604994953	0.0
128.0	26.216862804751567	23.66075256178004	23.848547287486344	26.27383734598205	0.0
129.0	26.25668966852433	23.673751607594763	23.710536141495997	26.35902258238491	0.0
130.0	26.192247590336454	23.750916156154496	23.722152310096387	26.334683943412664	0.0
131.0	26.174895730769656	23.703134161586885	23.79136197187773	26.330608135765726	0.0
132.0	26.368222500027656	23.784170990474713	23.651137834518924	26.1964686749787	0.0
133.0	26.27446316558064	23.677965726676327	23.779192618734164	26.26837848900886	0.0
134.0	26.255102831034062	23.634819838258235	23.82842318372404	26.28165414698366	0.0
135.0	26.28165414698366	23.792191700501157	23.70258100917127	26.223573143343913	0.0
136.0	26.261187507605843	23.760938589018817	23.70230443296346	26.275569470411874	0.0
137.0	26.219147924018984	23.765916960759366	23.7003683995088	26.314566715712846	0.0
138.0	26.359648637585597	23.75430076003142	23.754577336239226	26.13147326614375	0.0
139.0	26.19674525118651	23.836167317542674	23.721111615094422	26.245975816176387	0.0
140.0	26.118197608168952	23.848889823101857	23.730791782367714	26.30212078636147	0.0
141.0	26.303780243608323	23.852485313803363	23.782788109435675	26.060946333152636	0.0
142.0	26.310141496387914	23.74102510205662	23.751534997953335	26.197298403602126	0.0
143.0	26.231593853370356	23.79136197187773	23.74074852584881	26.236295648903095	0.0
144.0	26.139770552378	23.699262094677568	23.832571826841168	26.32839552610326	0.0
145.0	26.195638946355277	23.78002234735759	23.826763726477193	26.197574979809936	0.0
146.0	26.291887466672563	23.680178336338795	23.767576418006218	26.260357778982417	0.0
147.0	26.25987725513949	23.71398622093522	23.79281065817022	26.23332586575507	0.0
148.0	26.199655937294295	23.714604964017237	23.848745166804033	26.236993931884435	0.0
149.0	26.26112882750075	23.82751458260155	23.731265263676114	26.18009132622158	0.0
150.0	26.245363852849174	23.86374636644992	23.769986254048415	26.12090352665249	0.0
151.0	26.272745124612445	23.84355613575579	23.660461166995333	26.22323757263643	0.0
152.0	26.21106811851942	23.759752849450024	23.804558566880832	26.224620465149727	0.0
153.0	26.216323110069943	23.6579719604714	23.853789540354185	26.271915389104468	0.0
154.0	26.245640431351834	23.674843249133616	23.71715976004049	26.36235655947406	0.0
155.0	26.19226078033859	23.74509418880908	23.726563429130906	26.33608160172142	0.0
156.0	26.170760039827414	23.703949551941587	23.8096028321717	26.3156875760593	0.0
157.0	26.372662905188626	23.787476490762252	23.643378692333222	26.196481911715896	0.0
158.0	26.279732271268948	23.676844783715012	23.779732271268948	26.2636906737471	0.0
159.0	26.257882509127118	23.630656046022793	23.833665228454475	26.277796216395622	0.0
160.0	26.29770992366412	23.78526385662131	23.703672972673967	26.2133532470406	0.0
161.0	26.2683925212966	23.749031972563337	23.708651399491092	26.273924106648966	0.0
162.0	26.217778515322493	23.765626728620422	23.710310875096802	26.306283880960287	0.0
163.0	26.374322380794336	23.747372496957627	23.76175461887377	26.11655050337427	0.0
164.0	26.205332448279677	23.829516539440203	23.71971457019582	26.2454364420843	0.0
165.0	26.11765682044474	23.85053656377918	23.73243721650625	26.29936939926983	0.0
166.0	26.305730722425047	23.856621307666778	23.779179112733708	26.058468857174468	0.0
167.0	26.312092045580265	23.740458015267176	23.759265405465207	26.18818453368735	0.0
168.0	26.224416417745328	23.784157539550836	23.75290408230999	26.23852196039385	0.0
169.0	26.14227237526275	23.69758822878637	23.83726075893351	26.32287863701737	0.0
170.0	26.204502710476824	23.77060515543755	23.827857063834497	26.197035070251136	0.0
171.0	26.29190175904414	23.677951100785485	23.775307002987056	26.254840137183315	0.0
172.0	26.255189332861306	23.717290953896875	23.789201762367966	26.238317950873856	0.0
173.0	26.206307148507292	23.712931258608577	23.845413460634255	26.235348132249875	0.0
174.0	26.268333900325537	23.818651001086966	23.7342936245184	26.178721474069093	0.0
175.0	26.249671557577685	23.86441896806848	23.775635795383828	26.110273678970003	0.0
176.0	26.270138706420877	23.839803072838155	23.658917730359143	26.231140490381822	0.0
177.0	26.19988660093209	23.76429588859233	23.80550676937119	26.230310741104397	0.0
178.0	26.219247417405374	23.648684155937545	23.85888730621897	26.273181120438103	0.0
179.0	26.25022472376264	23.670534220243116	23.724191340183374	26.355049715810875	0.0
180.0	26.189929609602963	23.74853065232122	23.72557425564575	26.33596548243006	0.0
181.0	26.18364061799897	23.701023913440316	23.801700437555663	26.31363503100505	0.0
182.0	26.374483479646194	23.784828822250617	23.637133042367115	26.20355465573607	0.0
183.0	26.277125961820364	23.67447186312418	23.779297145101424	26.269105029954034	0.0
184.0	26.251680246934068	23.631324781360462	23.83350758116353	26.283487390541936	0.0
185.0	26.28984881926351	23.785381989965536	23.70544925515967	26.219319935611278	0.0
186.0	26.266892359094353	23.75191534321291	23.714853106313303	26.266339191379434	0.0
187.0	26.225404780475394	23.758829939649402	23.70821509373427	26.307550186140936	0.0
188.0	26.358718199770987	23.74942608849577	23.760212858936704	26.13164285279654	0.0
189.0	26.20121033765544	23.82395893260167	23.731302827809	26.243527901933884	0.0
190.0	26.122106916847372	23.844702836659735	23.732409169358764	26.300781077134133	0.0
191.0	26.30271717484622	23.84608576359694	23.78136478293579	26.069832278621057	0.0
192.0	26.3093552241448	23.72798380315971	23.765599415851664	26.19706155684383	0.0
193.0	26.23080497411161	23.779152099836264	23.74181307253175	26.248229853520378	0.0
194.0	26.143403991680316	23.69396380050449	23.831703323450014	26.33092888436518	0.0
195.0	26.20369960614241	23.767258928176307	23.83612868964907	26.192912776032216	0.0
196.0	26.294419613222995	23.66381599327344	23.783024295260432	26.258740098243127	0.0
197.0	26.251898072471104	23.70813522850165	23.783366661964703	26.256600037062544	0.0
198.0	26.20218503664777	23.71981745263449	23.84898354307841	26.229013967639332	0.0
199.0	26.270298078545366	23.834113771577297	23.733989030532516	26.16159911934482	0.0
200.0	26.2484614639948	23.869504487684797	23.769655229639465	26.112378818680938	0.0
201.0	26.27197167710797	23.839079506008932	23.660125295606356	26.228823521276745	0.0
202.0	26.212504667468778	23.761910688849245	23.80008021131533	26.225504432366648	0.0
203.0	26.234355336126903	23.652657345558644	23.849036772739215	26.263950545575238	0.0
204.0	26.255929414042512	23.66952938085162	23.724294347868177	26.350246857237686	0.0
205.0	26.20088785628345	23.74310251835871	23.72235821267062	26.33365141268722	0.0
206.0	26.193215763503197	23.710806983382383	23.787422830969398	26.308554422145026	0.0
207.0	26.381574580134092	23.786039873431726	23.630872037704954	26.201513508729228	0.0
208.0	26.287475002835087	23.66896147324923	23.782364932331326	26.261198591584357	0.0
209.0	26.25290077750518	23.63134471609029	23.839896443280292	26.275858063124236	0.0
210.0	26.27751762594007	23.7984073728844	23.71349307547415	26.21058192570137	0.0
211.0	26.260921997781715	23.75885445910699	23.71681220110582	26.263411342005472	0.0
212.0	26.231879648504595	23.767152273186166	23.70215272956594	26.298815348743297	0.0
213.0	26.34915542082364	23.76217358473866	23.76742886698881	26.12124212744889	0.0
214.0	26.213696962991644	23.829451789566853	23.725728826685845	26.231122420755653	0.0
215.0	26.117718648005756	23.842451734247938	23.745643635558995	26.29418598218731	0.0
216.0	26.29473917132267	23.85572827349671	23.79598384687725	26.05354870830337	0.0
217.0	26.301100846379377	23.733196880013278	23.763069093323008	26.20263318028434	0.0
218.0	26.21342036842396	23.778834983680923	23.750345743209603	26.257398904685513	0.0
219.0	26.129059025280743	23.69558001880843	23.84383470708635	26.33152624882447	0.0
220.0	26.193795362010974	23.771629934501682	23.839672950964772	26.19490175252257	0.0
221.0	26.285902372101255	23.667352628783856	23.782970437245528	26.263774561869358	0.0
222.0	26.247804500255857	23.708078056066494	23.797695935386614	26.246421508291036	0.0
223.0	26.202238240386794	23.705654239988494	23.855847582799957	26.23625993682475	0.0
224.0	26.27422669576498	23.816083179128878	23.738082000813204	26.171608124292938	0.0
225.0	26.237860653719874	23.8626839745416	23.771958697871	26.127496673867523	0.0
226.0	26.27547845136378	23.82395977108464	23.665190536911084	26.235371240640497	0.0
227.0	26.212689921472847	23.759511632474116	23.799342241744135	26.2284562043089	0.0
228.0	26.22181776943056	23.64804124680871	23.85770514838285	26.272435835377877	0.0
229.0	26.251151366287996	23.662686327715495	23.73405029223267	26.35211201376384	0.0
230.0	26.198464836456676	23.74192656109536	23.725053592420995	26.334555010026968	0.0
231.0	26.18140075237885	23.716806815667184	23.792597919893783	26.30919451206019	0.0
232.0	26.376687320203583	23.7878955521133	23.63271741535738	26.20269971232573	0.0
233.0	26.28132961199826	23.67123166417256	23.790450847673288	26.256987876155886	0.0
234.0	26.254498380444737	23.627803794544686	23.835814991743174	26.281882833267407	0.0
235.0	26.291010984208295	23.791004068942435	23.696679842553227	26.22130510429604	0.0
236.0	26.26196686757819	23.756151128986307	23.71714902951159	26.264732973923916	0.0
237.0	26.226560706352913	23.760853509774037	23.710233763647278	26.302352020225772	0.0
238.0	26.343013783507917	23.760300288504894	23.7702582713495	26.126427656637684	0.0
239.0	26.206164008431116	23.827305970933672	23.72302347324338	26.24350654739183	0.0
240.0	26.123771113065896	23.84303441713277	23.736535493186835	26.296658976614495	0.0
241.0	26.305641388811278	23.85688084561356	23.78025334104219	26.057224424532972	0.0
242.0	26.300588428947275	23.732470931278026	23.76262549416136	26.20431514561334	0.0
243.0	26.213307511412363	23.777562595103056	23.756812837183567	26.25231705630101	0.0
244.0	26.13229524615836	23.69920926088857	23.84695407736959	26.321541415583482	0.0
245.0	26.20441591500194	23.757954734104366	23.84953793370594	26.18809141718776	0.0
246.0	26.28043010276645	23.67170076535271	23.784594440539898	26.263274691340943	0.0
247.0	26.25390851988157	23.69628379313207	23.79755942333767	26.252248263648692	0.0
248.0	26.203093134392784	23.719287953710904	23.853218625218258	26.22440028667805	0.0
249.0	26.270684597930156	23.827549947423766	23.736510044828158	26.165255409817924	0.0
