# Position (bp)	A	C	G	T	N
0.0	26.307724732701804	23.716484480470285	23.835252032149835	26.140538754678072	0.0
1.0	26.333358017236957	23.785979162987818	23.66863568267133	26.212027137103895	0.0
2.0	26.173883077343707	23.80518396791989	23.69097832371177	26.329954631024634	0.0
3.0	26.27869225949764	23.70792276584838	23.786808680298456	26.22657629435553	0.0
4.0	26.310813427650388	23.67210014922143	23.680358587066717	26.336727836061463	0.0
5.0	26.24545457134152	23.751270726727547	23.71653041059067	26.286744291340263	0.0
6.0	26.192571078745424	23.74321957886644	23.757171941513974	26.307037400874155	0.0
7.0	26.37432412039555	23.725758736251066	23.64261735889456	26.257299784458827	0.0
8.0	26.30559937133063	23.646282365937964	23.709206247971345	26.338912014760062	0.0
9.0	26.374155121656788	23.609046960146227	23.71495925793061	26.301838660266373	0.0
10.0	26.379517489167135	23.678561464045142	23.661479418982704	26.28044162780501	0.0
11.0	26.274462912033165	23.794434669718658	23.62788473035992	26.303217687888257	0.0
12.0	26.157166202604444	23.684824880568033	23.708170342153362	26.44983857467416	0.0
13.0	26.277594620294607	23.78646304868952	23.724682985713716	26.211259345302153	0.0
14.0	26.31147400966844	23.710447948161686	23.639842161903623	26.338235880266254	0.0
15.0	26.165422524384617	23.81521782454462	23.701337524128387	26.31802212694237	0.0
16.0	26.264783086497783	23.787032450191603	23.81948833581023	26.128696127500383	0.0
17.0	26.221508572339612	23.763971689357316	23.762548185602114	26.251971552700955	0.0
18.0	26.22834139036459	23.840556191387233	23.69251180084613	26.238590617402046	0.0
19.0	26.181935167944975	23.689095391833646	23.781907836672872	26.34706160354851	0.0
20.0	26.253395056456156	23.751444856311533	23.77450561714582	26.22065447008649	0.0
21.0	26.309765805162193	23.685678982821155	23.749451951054247	26.255103260962404	0.0
22.0	26.299231877373693	23.639557461152584	23.723544182709556	26.33766647876417	0.0
23.0	26.20577542299294	23.712658044054468	23.826253320313057	26.255313212639535	0.0
24.0	26.321858060401766	23.86746686102127	23.64796383182253	26.162711246754426	0.0
25.0	26.312178289983144	23.71572222475288	23.833018266296175	26.139081218967796	0.0
26.0	26.338085910809454	23.790028697672298	23.65821300050107	26.213672391017173	0.0
27.0	26.16669703457386	23.798569671571084	23.70120256912495	26.333530724730103	0.0
28.0	26.258085455290846	23.70689655172414	23.794014485491733	26.241003507493282	0.0
29.0	26.2928187491459	23.672447956999044	23.694939188265842	26.339794105589213	0.0
30.0	26.2521067735617	23.74191454470915	23.719138614312392	26.286840067416755	0.0
31.0	26.19374345192001	23.734797066460164	23.75244841251765	26.31901106910217	0.0
32.0	26.364278230765727	23.713444631713205	23.659067097890947	26.26321003963012	0.0
33.0	26.304206714344282	23.650810823122125	23.707750649114015	26.337231813419574	0.0
34.0	26.37196510727463	23.61522343187719	23.705757755204303	26.307053705643874	0.0
35.0	26.367125222065326	23.69009930305653	23.667323372659773	26.275452102218377	0.0
36.0	26.270327517879107	23.797146175921284	23.624903202295812	26.307623103903794	0.0
37.0	26.149899785906257	23.68013483350795	23.714298729103085	26.455666651482712	0.0
38.0	26.280007288297725	23.791452193322097	23.723124402131827	26.205416116248347	0.0
39.0	26.301075023914727	23.72170090648203	23.641131052703503	26.336093016899742	0.0
40.0	26.15815606067508	23.81166583154922	23.703480162164624	26.326697945611077	0.0
41.0	26.274313305698538	23.786042909852867	23.81565161936865	26.123992165079947	0.0
42.0	26.22221336491596	23.757003598597002	23.76355167858607	26.257231357900967	0.0
43.0	26.238441215323643	23.83671935498565	23.68383592219742	26.241003507493282	0.0
44.0	26.184063681501392	23.687537010886896	23.78376531681319	26.34463399079852	0.0
45.0	26.26235594224024	23.74874732382818	23.776932537694165	26.211964196237414	0.0
46.0	26.309331298683553	23.682697125677585	23.753587209037487	26.254384366601375	0.0
47.0	26.28968705871635	23.645116840522938	23.731380676900653	26.333815423860063	0.0
48.0	26.200501638438826	23.71280772329601	23.820708386358394	26.265982251906767	0.0
49.0	26.312597864768684	23.867046263345195	23.650391459074733	26.169964412811385	0.0
50.0	26.311459074733097	23.715302491103202	23.840284697508896	26.132953736654805	0.0
51.0	26.33053380782918	23.789893238434164	23.665480427046262	26.21409252669039	0.0
52.0	26.170533807829184	23.792455516014236	23.695088967971532	26.34192170818505	0.0
53.0	26.256797153024912	23.69167259786477	23.811245551601424	26.240284697508898	0.0
54.0	26.284128113879003	23.666049822064057	23.704768683274022	26.345053380782918	0.0
55.0	26.252241992882563	23.737224199288256	23.72526690391459	26.28526690391459	0.0
56.0	26.18960854092527	23.724697508896796	23.758576512455516	26.327117437722418	0.0
57.0	26.366405693950178	23.712455516014234	23.65950177935943	26.261637010676157	0.0
58.0	26.316583629893238	23.636156583629894	23.707330960854094	26.339928825622778	0.0
59.0	26.37864768683274	23.615373665480426	23.696797153024914	26.30918149466192	0.0
60.0	26.36811387900356	23.68683274021352	23.672597864768683	26.272455516014237	0.0
61.0	26.27387900355872	23.79046263345196	23.614804270462635	26.32085409252669	0.0
62.0	26.1688256227758	23.67572953736655	23.70590747330961	26.449537366548043	0.0
63.0	26.282989323843413	23.78761565836299	23.721850533807828	26.207544483985767	0.0
64.0	26.310604982206403	23.708754448398576	23.639288256227758	26.34135231316726	0.0
65.0	26.162562277580072	23.79644128113879	23.707330960854094	26.333665480427047	0.0
66.0	26.27188612099644	23.788185053380783	23.81950177935943	26.120427046263345	0.0
67.0	26.22576512455516	23.76085409252669	23.764555160142347	26.2488256227758	0.0
68.0	26.24427046263345	23.847971530249108	23.677153024911032	26.23060498220641	0.0
69.0	26.189039145907472	23.685124555160144	23.7864768683274	26.33935943060498	0.0
70.0	26.26220640569395	23.737508896797152	23.788754448398578	26.21153024911032	0.0
71.0	26.313451957295374	23.68540925266904	23.75259786476868	26.248540925266905	0.0
72.0	26.296654804270464	23.64185053380783	23.733807829181494	26.327686832740216	0.0
73.0	26.208608658765385	23.70811755696069	23.820857449516158	26.262416334757766	0.0
74.0	26.31387152243973	23.87374306765513	23.647125140924462	26.165260268980674	0.0
75.0	26.313302130664024	23.71345928279412	23.823067199617366	26.150171386924487	0.0
76.0	26.346896245430628	23.77836994522451	23.651110883354402	26.22362292599046	0.0
77.0	26.162128614214296	23.79602109027137	23.694954050083698	26.346896245430628	0.0
78.0	26.251807818887862	23.69381526653229	23.81680389008461	26.237573024495237	0.0
79.0	26.27970801589742	23.66107523942924	23.714028674569825	26.345188070103514	0.0
80.0	26.25550886542995	23.743637046906493	23.723993030644667	26.27686105701889	0.0
81.0	26.188605331784586	23.72911755662601	23.76812089326182	26.314156218327582	0.0
82.0	26.3656861740289	23.708904148588477	23.66278341475636	26.262626262626267	0.0
83.0	26.305045949916302	23.640292439616005	23.716306241672644	26.338355368795053	0.0
84.0	26.369387220570985	23.622071902793436	23.703779622607133	26.304761254028445	0.0
85.0	26.363123911038226	23.681288647466776	23.679865168027515	26.275722273467483	0.0
86.0	26.27401409814037	23.78491795064512	23.61922494391491	26.3218430072996	0.0
87.0	26.17010009907417	23.669331420176967	23.71032762802774	26.450240852721123	0.0
88.0	26.29223463496293	23.79146595606573	23.711751107467006	26.20454830150433	0.0
89.0	26.31814196075752	23.709758236252036	23.63773017662533	26.334369626365117	0.0
90.0	26.155580608793688	23.79687517793493	23.709758236252036	26.337785977019344	0.0
91.0	26.27401409814037	23.78776490952365	23.82192841606596	26.116292576270027	0.0
92.0	26.22504640542972	23.75730244952342	23.76612802204685	26.25152312300001	0.0
93.0	26.23928119982235	23.854099051393302	23.679580472139662	26.227039276644685	0.0
94.0	26.196861512532315	23.683850910457448	23.79260473961714	26.326682837393093	0.0
95.0	26.263765046177674	23.733672690831654	23.788618997187207	26.21394326580347	0.0
96.0	26.312163347112616	23.68926013232665	23.7496156605514	26.24896086000934	0.0
97.0	26.303337774589185	23.63773017662533	23.719437896439025	26.339494152346465	0.0
98.0	26.21472272122943	23.70428152926808	23.818444255280383	26.262551494222112	0.0
99.0	26.32083905094319	23.862504056893304	23.649552745306814	26.16710414685669	0.0
100.0	26.308027808935986	23.71702528654478	23.83204177034283	26.14290513417641	0.0
101.0	26.34731561775809	23.782789662181784	23.647844579705854	26.222050140354273	0.0
102.0	26.16340312138794	23.796739681256298	23.695673216532764	26.344183980822994	0.0
103.0	26.254505286772535	23.6896946369294	23.814960114333218	26.240839961964845	0.0
104.0	26.272725719849454	23.66150990451354	23.72158039481401	26.344183980822994	0.0
105.0	26.247957318635518	23.749765127229868	23.736384496689006	26.26589305744561	0.0
106.0	26.194719490738894	23.729267140018333	23.758875343768327	26.317138025474442	0.0
107.0	26.364397273767704	23.70079771333565	23.674321146520754	26.2604838663759	0.0
108.0	26.306889031868675	23.654961936376527	23.71047731840776	26.327671713347033	0.0
109.0	26.37692382150808	23.6165282103549	23.699658936268342	26.306889031868675	0.0
110.0	26.364397273767704	23.681438503191423	23.684570140126517	26.26959408291436	0.0
111.0	26.280697159320603	23.771686585775537	23.628770063828455	26.31884619107541	0.0
112.0	26.174221503527363	23.66748848411691	23.7161712037443	26.442118808611433	0.0
113.0	26.28866859879176	23.793608044321203	23.708199764273147	26.20952359261389	0.0
114.0	26.311728834404736	23.71417834387651	23.637880280366915	26.336212541351845	0.0
115.0	26.16738884112352	23.79844784685726	23.703359961737092	26.330803350282135	0.0
116.0	26.28468287905618	23.776241694044764	23.821223388203407	26.117852038695645	0.0
117.0	26.23315321676052	23.755459012566405	23.77054780870823	26.240839961964845	0.0
118.0	26.23856240783023	23.844283623816384	23.683146668792386	26.234007299561	0.0
119.0	26.189594993936012	23.68798647132844	23.79047640738611	26.33194212734944	0.0
120.0	26.267316528779745	23.725566114549583	23.791899878720244	26.215217477950432	0.0
121.0	26.31486047133983	23.682292585991902	23.754604929765925	26.248242012902345	0.0
122.0	26.30005636946483	23.63161700649672	23.73439163682122	26.333934987217226	0.0
123.0	26.21016759999203	23.70086518834003	23.82299937651778	26.26596783515016	0.0
124.0	26.31472561010329	23.867764454010228	23.654527234008633	26.16298270187785	0.0
125.0	26.309031692346235	23.71687563344835	23.834739731019326	26.13935294318609	0.0
126.0	26.350312596084862	23.785487342420826	23.644278182045937	26.21992187944837	0.0
127.0	26.169815403186313	23.794312914944257	23.695523441859407	26.34034824001002	0.0
128.0	26.252946602439277	23.693245874756585	23.81765797774817	26.23614954505597	0.0
129.0	26.27722056307313	23.659149724840642	23.715234974420003	26.348394737666226	0.0
130.0	26.257576490885437	23.741427070670262	23.73516374330607	26.265832695138236	0.0
131.0	26.206046388480033	23.72946980933862	23.755377208890508	26.30910659329084	0.0
132.0	26.3703163834409	23.69986135270789	23.670822289473907	26.258999974377296	0.0
133.0	26.31252295367131	23.643491406430158	23.716658457911862	26.32732718198667	0.0
134.0	26.381704251375798	23.616445220084785	23.70213892629487	26.299711602244546	0.0
135.0	26.373163350424626	23.671961076267397	23.677370313536475	26.277505259771498	0.0
136.0	26.27295011259754	23.77929173155379	23.623562637544094	26.32419551830457	0.0
137.0	26.176153235150935	23.671961076267397	23.70982573715093	26.442059951430743	0.0
138.0	26.28462267723081	23.782138698537516	23.718081941403728	26.21515668282795	0.0
139.0	26.30967598668758	23.715519671118372	23.63523520217736	26.339569140016682	0.0
140.0	26.1661888507079	23.796658230154506	23.70413180318348	26.333021115954118	0.0
141.0	26.287469644214532	23.77188961739611	23.825412596690114	26.11522814169924	0.0
142.0	26.232807878127034	23.75167615181167	23.77103552730099	26.244480442760302	0.0
143.0	26.236508935205876	23.857583323606196	23.683633640900666	26.222274100287258	0.0
144.0	26.19750548752886	23.6770856168381	23.796373533456133	26.329035362176906	0.0
145.0	26.266402088534978	23.73516374330607	23.789540812695193	26.208893355463758	0.0
146.0	26.322487338114342	23.67822440363159	23.74968327492306	26.24960498333101	0.0
147.0	26.305480427046263	23.63188612099644	23.741779359430602	26.32085409252669	0.0
148.0	26.21815293424323	23.707683153546345	23.81643791156701	26.257726000643416	0.0
149.0	26.31929576823213	23.866612763631395	23.65194961964196	26.162141848494514	0.0
150.0	26.308761900423633	23.70661185259418	23.828747779346788	26.1558784676354	0.0
151.0	26.339794105589213	23.782911219423315	23.65365781442172	26.22363686056575	0.0
152.0	26.175238008472647	23.785758210722907	23.708320047373935	26.33068373343051	0.0
153.0	26.2521067735617	23.687537010886896	23.823053796747597	26.23730241880381	0.0
154.0	26.269832909604922	23.654294556252438	23.727177741019855	26.34869479312279	0.0
155.0	26.25474381275854	23.736572839056276	23.735434039294287	26.273249308890893	0.0
156.0	26.206629522814428	23.727177741019855	23.769313332213514	26.296879403952207	0.0
157.0	26.37944238669654	23.70013124667257	23.65543335601443	26.26499301061646	0.0
158.0	26.3099756012151	23.638920759465563	23.724046041674377	26.32705759764496	0.0
159.0	26.384282285685	23.61671416410674	23.70383234589904	26.29517120430922	0.0
160.0	26.38342818586351	23.66653665369384	23.681056350659222	26.268978809783427	0.0
161.0	26.280936207284334	23.77472263108297	23.623546962678684	26.32079419895401	0.0
162.0	26.178728928645654	23.666821353634337	23.72034494244791	26.4341047752721	0.0
163.0	26.294317104487725	23.775861430844962	23.721768442150395	26.20805302251692	0.0
164.0	26.31737779966804	23.708387544947005	23.64176775887054	26.33246689651442	0.0
165.0	26.169049130668732	23.79436692697731	23.711803944232976	26.324779998120977	0.0
166.0	26.290900705201754	23.77700023060695	23.818851121860117	26.11324794233118	0.0
167.0	26.236238316626192	23.74739143679519	23.77557673090446	26.240793515674156	0.0
168.0	26.241078215614657	23.84675171602889	23.688173849171665	26.22399621918479	0.0
169.0	26.201220223944972	23.67621645167076	23.797783326263286	26.324779998120977	0.0
170.0	26.2726799090099	23.73002474042483	23.792943427274825	26.204351923290446	0.0
171.0	26.31595429996555	23.678494051194743	23.756217134950617	26.24933451388909	0.0
172.0	26.29894717662265	23.639272760401543	23.730377000734528	26.331403062241275	0.0
173.0	26.211333969166823	23.71763299121696	23.81557032840325	26.255462711212974	0.0
174.0	26.31674847114826	23.8566352734851	23.661614148569086	26.16500210679755	0.0
175.0	26.312058352930457	23.709863854550424	23.832001867658196	26.146075924860924	0.0
176.0	26.3274323685664	23.782748076824525	23.662318287676303	26.22750126693277	0.0
177.0	26.171414580260905	23.790150380649237	23.716127342402103	26.32230769668775	0.0
178.0	26.260242226157466	23.681393455224605	23.826023083799775	26.232341234818158	0.0
179.0	26.273413411304492	23.6509974632802	23.73213833237008	26.343450793045232	0.0
180.0	26.26117110474005	23.73555479001597	23.737832428446566	26.265441676797412	0.0
181.0	26.217326564951133	23.7264442362936	23.759469993537202	26.296759205218066	0.0
182.0	26.36992833980088	23.69911257512648	23.661246836217867	26.269712248854777	0.0
183.0	26.307008578155738	23.642741023969297	23.726728941097424	26.323521456777538	0.0
184.0	26.3784694839156	23.615978772409825	23.705091376006788	26.30046036766778	0.0
185.0	26.375337731073532	23.666656227490527	23.68687026856204	26.271135772873894	0.0
186.0	26.278538097773325	23.77370523372841	23.632206946227804	26.315549722270465	0.0
187.0	26.182023169276935	23.665232703471407	23.71363252012151	26.439111607130144	0.0
188.0	26.291065109141588	23.77854521539342	23.716479568159755	26.21391010730524	0.0
189.0	26.314560740692233	23.700955759468624	23.651132135098894	26.33335136474025	0.0
190.0	26.1702145832325	23.788645338359352	23.702663998018444	26.338476080389704	0.0
191.0	26.286659511045187	23.770424127161277	23.815407742306522	26.127508619487017	0.0
192.0	26.241106483050004	23.7371134754398	23.778965319910377	26.24281472159982	0.0
193.0	26.24793943724928	23.84217014625369	23.675901594071274	26.233988822425758	0.0
194.0	26.20779583132852	23.68188042899564	23.787791219084443	26.32253252059139	0.0
195.0	26.274417134771483	23.722308741341365	23.801457127482998	26.20181699640416	0.0
196.0	26.321393694891515	23.66536745634739	23.754480567362965	26.258758281398137	0.0
197.0	26.30068500560873	23.630985257859344	23.728639839652885	26.339689896879037	0.0
198.0	26.20623681445861	23.72756856481521	23.818105723485854	26.248088897240322	0.0
199.0	26.307098361215818	23.873691762803357	23.66300720882825	26.156202667152566	0.0
200.0	26.314365921294637	23.710688600761884	23.832544685309507	26.142400792633968	0.0
201.0	26.335719207138258	23.781296799284807	23.65517005756846	26.22781393600847	0.0
202.0	26.17941315476292	23.788983982188512	23.71211215315146	26.319490709897103	0.0
203.0	26.27991595346692	23.681932842492472	23.819163292847502	26.21898791119311	0.0
204.0	26.27885193020018	23.641571264659074	23.742074349505884	26.337502455634866	0.0
205.0	26.27088001412168	23.7295470528111	23.738657814043666	26.260915119023554	0.0
206.0	26.220201404765497	23.741789638217366	23.745775596256617	26.29223336076052	0.0
207.0	26.3810632827781	23.70079121267079	23.65381385006534	26.26433165448577	0.0
208.0	26.312103180252254	23.639780201007888	23.73060387780087	26.317512740938987	0.0
209.0	26.373031916408053	23.616718389659198	23.708396207613244	26.301853486319505	0.0
210.0	26.365629359678845	23.67679298465393	23.69017452951058	26.26740312615665	0.0
211.0	26.27025026336019	23.77815106910002	23.636933063804342	26.314665603735442	0.0
212.0	26.197078837229164	23.66511972211941	23.706403211570766	26.43139822908066	0.0
213.0	26.286478945420377	23.782421774905334	23.7223471799106	26.20875209976369	0.0
214.0	26.32214310321756	23.70903313792426	23.643833510330868	26.324990248527314	0.0
215.0	26.17295268898639	23.793023924562036	23.70846370886231	26.325559677589265	0.0
216.0	26.283706641535865	23.77195504926985	23.835731104208367	26.108607204985923	0.0
217.0	26.22989559518149	23.746046026951078	23.77565633817253	26.248402039694902	0.0
218.0	26.230749738774417	23.847119685447385	23.688818406225	26.233312169553198	0.0
219.0	26.189466131782968	23.68540183185329	23.79985707330545	26.325274963058288	0.0
220.0	26.260644764526848	23.73437273118108	23.801565360491303	26.203417143800767	0.0
221.0	26.313316952757315	23.666325958277934	23.759997038968876	26.260360049995874	0.0
222.0	26.300579680435497	23.628241484164132	23.74412062819593	26.327058207204434	0.0
223.0	26.208121812958574	23.71998735860284	23.819353295731823	26.252537532706764	0.0
224.0	26.312402840336425	23.85301771508943	23.66880584011434	26.165773604459808	0.0
225.0	26.30543470833428	23.710224813794046	23.83094549347425	26.153394984397423	0.0
226.0	26.334191285333574	23.77343233947566	23.655274127052824	26.23710224813794	0.0
227.0	26.175887752545385	23.783966927089264	23.710509532378197	26.329635787987154	0.0
228.0	26.269560166731203	23.673780835022665	23.829521900553495	26.227137097692644	0.0
229.0	26.274055366848792	23.64892759829281	23.74060776548099	26.336409269377402	0.0
230.0	26.268076225510434	23.737475834303755	23.742600812593782	26.251847127592026	0.0
231.0	26.206590227693987	23.746003183217212	23.75853105060404	26.288875538484753	0.0
232.0	26.368028882428813	23.704718165692434	23.656315041697866	26.270937910180887	0.0
233.0	26.310589494783837	23.642715593822604	23.73724431688761	26.309450594505947	0.0
234.0	26.37522208555419	23.610826386041637	23.709910710218214	26.30404081818596	0.0
235.0	26.370666484442623	23.673181176256207	23.67602842695094	26.280123912350234	0.0
236.0	26.272151610404993	23.771696050293837	23.63531274201631	26.320839597284863	0.0
237.0	26.190435515466266	23.65866019771309	23.720445537788713	26.43045874903193	0.0
238.0	26.287242039087054	23.77796000182224	23.71645938681609	26.218338572274615	0.0
239.0	26.318067280725483	23.702575345586038	23.64135928135188	26.3379980923366	0.0
240.0	26.176883454867983	23.784250134537572	23.70224627921743	26.33662013137701	0.0
241.0	26.28812405855536	23.770676188604998	23.821930641335577	26.11926911150406	0.0
242.0	26.230661241040742	23.745561304542207	23.776600137254288	26.247177317162766	0.0
243.0	26.232229917528592	23.847222855059915	23.69031074862168	26.230236478789813	0.0
244.0	26.189445504513998	23.68182724347108	23.80286503574175	26.325862216273176	0.0
245.0	26.26903589442715	23.71857493171714	23.811422533486372	26.200966640369337	0.0
246.0	26.307124852247966	23.666244178925933	23.75767242484228	26.26895854398382	0.0
247.0	26.30333170977638	23.619050874299663	23.740960063347206	26.336657352576754	0.0
248.0	26.20673939670151	23.725467855413452	23.82231463810636	26.245478109778674	0.0
249.0	26.31533971954231	23.859412252292284	23.669990799529437	26.155257228635964	0.0
