# Position (bp)	A	C	G	T	N
0.0	23.46358300521413	20.46461114343658	26.717612233715027	29.354193617634266	0.0
1.0	25.265649450059037	20.79776747128839	23.50581011077907	30.43020805676227	5.649111112366469E-4
2.0	25.719131844604252	23.376163010750258	24.178901699817533	26.7249560781611	8.473666668549703E-4
3.0	27.36641264497031	23.518096927448465	22.228263632717393	26.882707505973936	0.004519288889893175
4.0	27.092571983798347	23.24129048294251	21.800908377066868	27.85435461730097	0.010874538891305453
5.0	27.666380445036975	22.357910732746202	22.65618379947915	27.319525022737672	0.0
6.0	27.659883967257752	22.301702077178156	22.689513555042115	27.348617944966357	2.8245555561832346E-4
7.0	26.96193628932487	23.083962738463104	22.38841593275298	27.56568503945904	0.0
8.0	26.857568961523903	22.877628955083917	22.849383399522086	27.414995000536667	4.2368333342748517E-4
9.0	26.776221761505823	23.015608494003466	22.8434518328541	27.364717911636603	0.0
10.0	26.605194922578935	23.274620238505474	22.88694998841932	27.233234850496274	0.0
11.0	26.876352255972524	22.888785949530842	23.28987283850886	26.944988955987775	0.0
12.0	26.951909117100424	22.903473638422994	22.934967432874437	27.209649811602144	0.0
13.0	26.808139239290696	23.053316310678515	22.88087719397353	27.25766725605726	0.0
14.0	26.997949372666213	22.867319327303846	23.0253532106723	27.109236861579834	1.4122777780916173E-4
15.0	26.90360921708969	22.90079031064462	22.852207955078267	27.34339251718742	0.0
16.0	26.837655844852815	23.0253532106723	22.84853603285523	27.28845491161966	0.0
17.0	27.007552861557233	22.915054316203346	23.09413113846536	26.983261683774057	0.0
18.0	26.808562922624123	22.97493489399443	23.060095244013354	27.15640693936809	0.0
19.0	26.65109395036691	23.226037882939117	22.950643716211257	27.172083222704906	1.4122777780916173E-4
20.0	26.842457589298323	22.938356899541855	23.23281681627396	26.986368694885858	0.0
21.0	26.898242561532943	22.924657805094366	23.086787294019288	27.0903123393534	0.0
22.0	26.809692744846597	23.08749343290833	23.026341805116964	27.076472017128104	0.0
23.0	27.01136601155808	22.897400843977202	23.17717307181715	26.914060072647565	0.0
24.0	27.042436122676094	22.899660488422146	22.95149108287811	27.105564939356793	8.473666668549703E-4
25.0	26.94272931154283	23.02563566622792	22.94428846620984	27.085793050463508	0.001553505555900779
26.0	27.21063840604681	22.78907913839757	23.151187160700264	26.848389155966306	7.061388890458087E-4
27.0	27.177873561595085	22.790632643953472	22.97493489399443	27.056558900457013	0.0
28.0	27.015744072670167	23.036510205119225	22.874945627305543	27.071105361571355	0.0016947333337099407
29.0	27.14680345047707	22.888221038419605	23.132827549585073	26.832006733740442	1.4122777780916173E-4
30.0	27.216287517159177	22.872968438416216	22.864635999525472	27.045966817121325	1.4122777780916173E-4
31.0	26.991029211553563	23.01024183844672	22.91618413842582	27.0825448115739	0.0
32.0	27.25413656161203	22.820572932849018	23.099215338466493	26.825651483739033	4.2368333342748517E-4
33.0	27.17617882826137	22.810969443957994	22.94287618843175	27.069975539348885	0.0
34.0	26.953745078211945	23.20202916071156	22.703212649489604	27.14087188380908	1.4122777780916173E-4
35.0	27.096872838472457	23.081874112636065	22.940478357421092	26.880774691470382	0.0
36.0	27.042916196918455	23.140172867343104	22.703945885005634	27.112965050732807	0.0
37.0	26.917693169092942	23.290562398905067	22.68088216996392	27.110395670026126	4.6659201194475545E-4
38.0	27.310369031194508	23.087994049909284	22.712410672170286	26.88906525942299	1.609873029314178E-4
39.0	27.130741778272384	23.134625940799893	22.614735458166003	27.119729977292334	1.6684546939470132E-4
40.0	26.97384694956037	23.2324333113647	22.648621252142807	27.145098486932124	0.0
41.0	27.12335801547003	23.02818216422359	22.896392481883407	26.952067338422975	0.0
42.0	27.170594609111138	23.123977762070567	22.58723874069612	27.11818888812218	0.0
43.0	26.98527543338642	23.413632105025282	22.49710493799621	27.10398752359209	0.0
44.0	27.317218933477626	23.147961202684478	22.635940011144942	26.898879852692957	0.0
45.0	27.30629865653322	23.115321238208935	22.62034872967565	26.9580313755822	0.0
46.0	27.01444099412863	23.32136299875482	22.532896536481072	27.13129947063548	0.0
47.0	27.38751771172499	22.964206914018558	22.696791240083144	26.951484134173302	0.0
48.0	27.091877027888522	23.148615088917857	22.498025633462422	27.261482249731202	0.0
49.0	27.01667389822104	23.291886195995783	22.450877084237277	27.2405628215459	0.0
50.0	27.294451979590516	23.09526577536653	22.629464574048956	26.980817670993996	0.0
51.0	27.316065469569363	22.966599961754653	22.486647795371237	27.230686773304747	0.0
52.0	27.231818066904683	23.091637897859265	22.449501262643995	27.22451467560302	0.002528096989036486
53.0	27.181649558849813	23.087201516701	22.797106078231998	26.931405614958376	0.002637231258809085
54.0	27.33190112244181	23.03496285521326	22.51881686749197	27.11431915485296	0.0
55.0	27.11618032400176	23.285793523790094	22.545919375713254	27.052106776494888	0.0
56.0	27.453223248220205	22.939312422482104	22.67961707405474	26.927847255242952	0.0
57.0	27.44157181440275	23.125808252233636	22.217098716850824	27.21552121651279	0.0
58.0	27.11177420461894	23.260132145063345	22.385185880924944	27.242907769392776	0.0
59.0	27.44859531520675	23.056789937485878	22.62483994878361	26.869021616328993	7.531821947729155E-4
60.0	27.296650717703347	23.11985253745392	22.298219468193583	27.28527727664915	0.0
61.0	27.180007279300206	23.36941630645036	22.431286268704326	27.0164274993968	0.0028626461483096076
62.0	27.40033952381359	23.062027076597598	22.41155745886046	27.126075940728356	0.0
63.0	27.377690802348337	23.222291407222915	22.338107098381073	27.06191069204768	0.0
64.0	27.14418828896069	23.218101997580096	22.385506534205486	27.252203179253726	0.0
65.0	27.41300620608051	23.02383424693922	22.601241216102004	26.96046944048683	0.0014488903914418876
66.0	27.441914346010687	23.160222218864426	22.326649642646682	27.069702784787175	0.0015110076910291475
67.0	27.28036196054966	23.156342182890853	22.35956707502703	27.203728781532455	0.0
68.0	27.20768299430788	23.076923076923077	22.599749086466556	27.11400130387382	0.001643538428667693
69.0	27.337297748982664	23.162069814160862	22.250902868000985	27.24972956885549	0.0
70.0	27.078926928362314	23.109278843281352	22.323594431499075	27.48819979685726	0.0
71.0	27.506046929157417	22.954641797371767	22.602423758821036	26.936887514649776	0.0
72.0	27.362938525282175	23.311166240209893	22.296112532633686	27.029782701874243	0.0
73.0	26.96759259259259	23.319390296729477	22.335255577214642	27.377761533463286	0.0
74.0	27.54044667814891	22.945901685631195	22.566140553971255	26.94751108224864	0.0
75.0	27.28700924170791	23.111645437045013	22.205176241508767	27.395431513265134	7.375664731783953E-4
76.0	27.153304858187628	23.474326276004057	21.837261469440435	27.53510739636788	0.0
77.0	26.922799855925085	23.151238644094928	22.674190579101133	27.251770920878858	0.0
78.0	26.628342830248936	23.29097540887163	22.548871295782696	27.531810465096733	0.0
79.0	24.050679029775296	24.02517556403647	23.129821748991247	28.794323657196983	0.0
80.0	21.720561951868323	25.765825678540256	22.07386009393574	30.439752275655678	0.0
