# Position (bp)	A	C	G	T	N
0.0	26.1711476452155	23.733480176211454	23.667911803442482	26.42746037513057	0.0
1.0	26.09536082474227	23.80273854398474	23.851276170579954	26.25062446069304	0.0
2.0	26.05265249128702	23.796928037054276	23.816510949402296	26.333908522256404	0.0
3.0	26.230606157784354	23.73491274722094	23.757900143884076	26.276580951110635	0.0
4.0	26.224088761510195	23.730367049275692	23.698301669953604	26.34724251926051	0.0
5.0	26.479475880932586	23.612880526842943	23.686652158245824	26.220991433978647	0.0
6.0	26.12444426790897	23.76107563063357	23.80930764363919	26.305172457818266	0.0
7.0	26.2862395419895	23.766954814585752	23.725250439030756	26.221555204393997	0.0
8.0	26.297544480755263	23.633521695715324	23.771673021060277	26.297260802469136	0.0
9.0	26.277138302519386	23.713784867790302	23.79377442943616	26.215302400254153	0.0
10.0	26.230819411748023	23.89653118529654	23.686360155430126	26.186289247525313	0.0
11.0	26.342003006495162	23.804918172277844	23.751311796239044	26.101767024987943	0.0
12.0	26.173525824658935	23.869302549848257	23.75074453300054	26.206427092492273	0.0
13.0	26.17125677170491	23.73542842556088	23.76350795586692	26.32980684686729	0.0
14.0	26.261093510243327	23.93645535225529	23.773934895382773	26.02851624211861	0.0
15.0	26.254002739873673	23.799745299528322	23.739048305164065	26.207203655433943	0.0
16.0	26.19273848387984	23.748124491237228	23.674380479392802	26.384756545490127	0.0
17.0	26.260526248613754	23.665587924134428	23.617654316435555	26.456231510816263	0.0
18.0	26.224221504321115	23.736211997016206	23.882565497445903	26.157001001216777	0.0
19.0	26.294845577202892	23.778472988419356	23.740466459237997	26.18621497513976	0.0
20.0	26.27357326609392	23.771665848864483	23.823003026340793	26.131757858700798	0.0
21.0	26.165793556475148	23.8641294944848	23.7733676337532	26.19670931528685	0.0
22.0	26.26449708002076	23.88284912826069	23.588440342512573	26.264213449205975	0.0
23.0	26.332001213939886	23.70926706961151	23.748124491237228	26.210607225211373	0.0
24.0	26.16437540240122	23.74018282842321	23.814494101897207	26.280947667278365	0.0
25.0	26.165226294845578	23.73876467434928	23.67750041835545	26.418508612449692	0.0
26.0	26.10594745455525	23.808537854786696	23.855904200856	26.229610489802052	0.0
27.0	26.04950492241279	23.800879822787465	23.828392011821734	26.321223242978007	0.0
28.0	26.216279841507102	23.733942950497912	23.765142340124402	26.284634867870587	0.0
29.0	26.220534303728893	23.736779258645775	23.706147130648862	26.33653930697647	0.0
30.0	26.488849054516677	23.611698069325044	23.689129281761687	26.21032359439659	0.0
31.0	26.126368873219864	23.767127755827904	23.817614040859855	26.28888933009238	0.0
32.0	26.284351237055798	23.757200677310387	23.731673903979626	26.226774181654193	0.0
33.0	26.294278315573315	23.634955796137515	23.771665848864483	26.299100039424683	0.0
34.0	26.281798559722723	23.703878084130572	23.790385482640374	26.22393787350633	0.0
35.0	26.23691047502354	23.89838103990107	23.689912982312833	26.174795502762553	0.0
36.0	26.314341467842027	23.81612833690707	23.75968596485257	26.109844230398334	0.0
37.0	26.166570232463155	23.862076398579582	23.757416924769974	26.213936444187286	0.0
38.0	26.16969016257672	23.727919403696266	23.771598425286182	26.330792008440827	0.0
39.0	26.25385381183471	23.943693930051367	23.775218181766615	26.027234076347312	0.0
40.0	26.261511800393112	23.785712462383675	23.744302598327156	26.20847313889606	0.0
41.0	26.19457530780859	23.746855261179956	23.671409892419444	26.38715953859201	0.0
42.0	26.262929946422442	23.661482870214112	23.614967680451993	26.460619502911452	0.0
43.0	26.23711968868858	23.719910486622627	23.882146392378317	26.16082343231047	0.0
44.0	26.296681821920565	23.765007530355415	23.74401896912129	26.194291678602728	0.0
45.0	26.26831890133391	23.774367294149013	23.81719530423487	26.14011850028221	0.0
46.0	26.180110218309398	23.859172426703125	23.777487215413544	26.183230139573933	0.0
47.0	26.265198980069375	23.886684459672182	23.58915742271813	26.258959137540312	0.0
48.0	26.338375315182954	23.6980710377709	23.751109699267953	26.21244394777819	0.0
49.0	26.16082343231047	23.737779126592223	23.825704180410863	26.275693260686438	0.0
50.0	26.162808836751537	23.750258811650355	23.686158611124505	26.400773740473603	0.0
51.0	26.114875500960082	23.809537315676472	23.850096292115392	26.225490891248054	0.0
52.0	26.05134255884597	23.79195230491274	23.835347573410328	26.32135756283096	0.0
53.0	26.215280239836858	23.733808317710093	23.763305755120218	26.28760568733284	0.0
54.0	26.219818307130723	23.732673800886626	23.722463149475427	26.325044742507224	0.0
55.0	26.491818715556782	23.607026062687726	23.685307723506906	26.21584749824859	0.0
56.0	26.13217688251795	23.76217123829675	23.813508124558602	26.2921437546267	0.0
57.0	26.2946964174795	23.74912429482689	23.73409194691596	26.222087340777655	0.0
58.0	26.296965451126436	23.638225275333053	23.766709305590616	26.298099967949902	0.0
59.0	26.276544148304037	23.707714430770366	23.79195230491274	26.223789116012853	0.0
60.0	26.22882004912444	23.903634414335713	23.69233125528258	26.17521428125727	0.0
61.0	26.328373618020613	23.80805164305933	23.761252956826084	26.102321782093973	0.0
62.0	26.170392598433235	23.861941039327913	23.761252956826084	26.206413405412764	0.0
63.0	26.172377997243128	23.740548083522892	23.771463579276976	26.315610339957	0.0
64.0	26.26051194781252	23.92171878323761	23.786712047082183	26.031057221867687	0.0
65.0	26.264766361767002	23.79153371623059	23.743317024746506	26.200382897255903	0.0
66.0	26.19017230376516	23.7450187903283	23.67921718783238	26.38559171807417	0.0
67.0	26.273275189675953	23.655108842090335	23.621073530454513	26.450542437779195	0.0
68.0	26.235552719279585	23.715805147840886	23.884279940438205	26.164362192441327	0.0
69.0	26.3030560873573	23.768276253279446	23.74218251435865	26.186485145004607	0.0
70.0	26.27185705169113	23.783024888321634	23.82443451747855	26.120683542508687	0.0
71.0	26.176274551513863	23.864709636247607	23.778770474367157	26.180245337871376	0.0
72.0	26.26902077572148	23.88229454725945	23.594979791533717	26.25370488548536	0.0
73.0	26.34503297170815	23.704743671559243	23.748705949088848	26.201517407643767	0.0
74.0	26.158973268098983	23.727433879316457	23.83549599376019	26.278096858824362	0.0
75.0	26.1555697369354	23.757214776997802	23.6871587605474	26.400056725519395	0.0
76.0	26.11416010777849	23.806565978869745	23.85081188399631	26.228462029355455	0.0
77.0	26.05544919520669	23.796071757782034	23.83095795220875	26.317521094802526	0.0
78.0	26.21768418067078	23.729702900092178	23.7711125292491	26.281500389987944	0.0
79.0	26.221938594625254	23.734808196837555	23.723463092958948	26.319790115578247	0.0
80.0	26.49081755654825	23.600368715876055	23.691980429695807	26.216833297879884	0.0
81.0	26.125221584060128	23.76969439126427	23.821314613911934	26.283769410763668	0.0
82.0	26.29766716301496	23.75324399064029	23.736226334822376	26.212862511522374	0.0
83.0	26.311564915266256	23.63497128270581	23.763170956534072	26.290292845493866	0.0
84.0	26.27526058285471	23.709848968304616	23.79834077855775	26.21654967028292	0.0
85.0	26.230656652750046	23.898960791432202	23.6981530223271	26.172229533490654	0.0
86.0	26.325388001452172	23.81302187329824	23.759132782719185	26.102457342530407	0.0
87.0	26.16286984933745	23.863791069159557	23.75856552913414	26.214773552368854	0.0
88.0	26.173080413868217	23.739562534035215	23.77047785442004	26.316879197676528	0.0
89.0	26.25695947268256	23.93406263029069	23.784024482595292	26.024953414431458	0.0
90.0	26.25554134274215	23.782039100678716	23.75452737983476	26.20789217674437	0.0
91.0	26.187471105602466	23.745451348216136	23.68191912688576	26.385158419295646	0.0
92.0	26.275678787895977	23.65412378005372	23.623775799328943	26.44642163272136	0.0
93.0	26.235687523576413	23.720492261264916	23.88130819650743	26.162512018651245	0.0
94.0	26.308863028501577	23.756229135763252	23.74176421037107	26.193143625364108	0.0
95.0	26.279365925741043	23.77835196283365	23.822313990986366	26.11996812043894	0.0
96.0	26.179529577936165	23.86882865303182	23.77948646678598	26.172155302246036	0.0
97.0	26.27624603987214	23.882159074471677	23.603354728187036	26.23824015746915	0.0
98.0	26.33637474934553	23.70432557994424	23.758214517679825	26.2010851530304	0.0
99.0	26.162795644639324	23.722477643181488	23.83536078643814	26.279365925741043	0.0
100.0	26.15825762883001	23.74658585216846	23.687591646647398	26.407564872354122	0.0
101.0	26.112310218760726	23.810968951463085	23.85209471973498	26.22462611004121	0.0
102.0	26.056435899108564	23.792816888225836	23.82571750284335	26.32502970982225	0.0
103.0	26.22292435411272	23.714819741503273	23.771544939119682	26.290710965264324	0.0
104.0	26.228880499862438	23.72332852114574	23.732688178752444	26.31510280023938	0.0
105.0	26.484711141112438	23.609310873936757	23.697802182218354	26.208175802732452	0.0
106.0	26.123938884272086	23.766156045346122	23.826001128831432	26.283903941550356	0.0
107.0	26.28844195735967	23.750272990013528	23.73240455276436	26.228880499862438	0.0
108.0	26.307728524549244	23.628881067114417	23.768708679238863	26.294681729097473	0.0
109.0	26.27624603987214	23.698369434194515	23.798205781999393	26.227178743933948	0.0
110.0	26.23220961035572	23.900526975591216	23.702840222589046	26.164423191464014	0.0
111.0	26.329209423163103	23.80040728576372	23.764954137807802	26.105429153265376	0.0
112.0	26.16640856774955	23.858266823227765	23.76353601188957	26.21178859713312	0.0
113.0	26.172648321789787	23.734322617973895	23.775731894786404	26.317297165449915	0.0
114.0	26.268155505574637	23.926836255137147	23.788143933699963	26.01686430558825	0.0
115.0	26.258795901060473	23.776515334152062	23.754959881331562	26.209728883455906	0.0
116.0	26.183635440567933	23.745316652438177	23.681784791493538	26.389263115500356	0.0
117.0	26.26617013492012	23.652287856054954	23.634135895785057	26.447406113239868	0.0
118.0	26.245749179616485	23.707878234381514	23.884292598254575	26.16207998774743	0.0
119.0	26.308997416181906	23.750705515643304	23.740495037991487	26.199802030183307	0.0
120.0	26.274962490675847	23.780202451081887	23.818775366655416	26.12605969158685	0.0
121.0	26.180231948017322	23.853661165299126	23.78984567997527	26.176261206708283	0.0
122.0	26.275529739434283	23.878336486291015	23.607475204138648	26.238658570136053	0.0
123.0	26.320909640109026	23.704758366210125	23.767155729637896	26.207176264042953	0.0
124.0	26.16207998774743	23.712699848828205	23.83636007816688	26.288860085257486	0.0
125.0	26.15130226133718	23.744182154921308	23.691995269145355	26.41252031459616	0.0
126.0	26.12010357962329	23.80629589396986	23.85281029216147	26.22079023424537	0.0
127.0	26.07614180084463	23.784456816770142	23.826716849273495	26.312684533111728	0.0
128.0	26.225044599933632	23.709863605036034	23.784173192390927	26.280918602639407	0.0
129.0	26.225044599933632	23.722626702100804	23.73992778923305	26.31240090873251	0.0
130.0	26.485411780054967	23.595562980211525	23.700220376142653	26.218804863590854	0.0
131.0	26.137688291134754	23.756661627606864	23.830120341824102	26.275529739434283	0.0
132.0	26.28857646087827	23.757796125123733	23.748436520609566	26.20519089338843	0.0
133.0	26.31652093017979	23.621223165436202	23.768992305226945	26.29326359915706	0.0
134.0	26.27312615400324	23.70205657203958	23.793384140201997	26.23143313375518	0.0
135.0	26.237254484861378	23.906402893001488	23.699922002410833	26.1564206197263	0.0
136.0	26.337375026590088	23.797773523363823	23.76855988087641	26.096291569169683	0.0
137.0	26.17031837197759	23.85932071190527	23.76600723250372	26.20435368361342	0.0
138.0	26.17230376515635	23.73509182443452	23.782457633127706	26.310146777281428	0.0
139.0	26.276469620561926	23.928310085258698	23.78139057332645	26.013829720852925	0.0
140.0	26.262288200491245	23.774867120093937	23.756147645600638	26.20669703381418	0.0
141.0	26.18485764690533	23.737995427910167	23.690345856472682	26.38680106871182	0.0
142.0	26.277604134167582	23.642412656633784	23.62851486496452	26.45146834423412	0.0
143.0	26.24612138161067	23.70821444576174	23.885482196645246	26.16018197598235	0.0
144.0	26.308519629921662	23.742533482332785	23.748773307163887	26.200173580581666	0.0
145.0	26.294054581449565	23.771463579276976	23.814858724693256	26.119623114580204	0.0
146.0	26.18315587649685	23.854283072489746	23.78592862774907	26.176632423264333	0.0
147.0	26.279873161378887	23.871868033377392	23.61206441768253	26.23619438756119	0.0
148.0	26.325820962407892	23.706229046951847	23.771463579276976	26.19648641136329	0.0
149.0	26.16876505007474	23.706012655535165	23.84130378673353	26.283918507656573	0.0
150.0	26.15600173581074	23.741749935474353	23.687860386359706	26.414387942355198	0.0
151.0	26.11515913016595	23.798192147441807	23.858321539085523	26.22832718330672	0.0
152.0	26.070345715639032	23.777487215413544	23.83704934864553	26.315117720301895	0.0
153.0	26.228043554100854	23.707714430770366	23.78542883317781	26.278813181950973	0.0
154.0	26.22747629568912	23.718775969799164	23.742033564680224	26.311714169831497	0.0
155.0	26.482175322557318	23.60248799539386	23.70090732982957	26.214429352219256	0.0
156.0	26.13813309584114	23.746855261179956	23.831660393734065	26.283351249244834	0.0
157.0	26.2861875413035	23.76046946306155	23.74713889038582	26.206204105249125	0.0
158.0	26.31469973423793	23.63211948798965	23.774502157012346	26.278678620760076	0.0
159.0	26.278678620760076	23.695369159686987	23.807970593157123	26.21798162639582	0.0
160.0	26.24365726992447	23.896031698759675	23.705997974864495	26.15431305645136	0.0
161.0	26.335554175211094	23.806971117710294	23.770098902626152	26.087375804452464	0.0
162.0	26.171047369451085	23.85603952701457	23.76981527020243	26.203097833331917	0.0
163.0	26.17530185580695	23.723015920287942	23.79307312894781	26.308609094957298	0.0
164.0	26.274364094302378	23.928717297088788	23.785198883619614	26.011719724989224	0.0
165.0	26.253375235415575	23.77101722220962	23.769599056068618	26.20600848630619	0.0
166.0	26.183034194821992	23.741802999705023	23.685927253749632	26.389235551723356	0.0
167.0	26.264436931315377	23.63941140432484	23.64168047015044	26.454471194209344	0.0
168.0	26.246568037938783	23.707483379092828	23.885605046402397	26.160343536565993	0.0
169.0	26.31350547979397	23.73868303419482	23.75144652946382	26.19636495654739	0.0
170.0	26.295352953189173	23.772435388350615	23.824907535567608	26.107304122892604	0.0
171.0	26.18331782805019	23.855823557441404	23.783780717478614	26.177077897029793	0.0
172.0	26.280887658550974	23.86234712169	23.62154251094824	26.235222708810785	0.0
173.0	26.324283542465565	23.70351251389803	23.769031789612217	26.20317215402419	0.0
174.0	26.180839386556315	23.699892502701616	23.836036838388164	26.28323127235391	0.0
175.0	26.161552272334056	23.73449585468861	23.6885471413944	26.41540473158293	0.0
176.0	26.113618120811076	23.797178975910963	23.86099663326403	26.228206270013928	0.0
177.0	26.07646206252996	23.773637351198495	23.84227678710713	26.307623799164414	0.0
178.0	26.22962444017733	23.707266987551304	23.78583361460375	26.27727495766762	0.0
179.0	26.231609878406093	23.721732323218	23.740452169374898	26.306205629001013	0.0
180.0	26.481775095230127	23.59438064254454	23.708968791747385	26.21487547047795	0.0
181.0	26.142265158111794	23.74839392228995	23.832633229996	26.276707689602258	0.0
182.0	26.282947638321225	23.769950108773653	23.754917505041597	26.19218474786353	0.0
183.0	26.313162111950987	23.64017982499681	23.767248592458127	26.27940947059407	0.0
184.0	26.274020393402637	23.692652418702934	23.820004821805906	26.21332236608852	0.0
185.0	26.23417658687951	23.900125651302037	23.70328139935274	26.162416362465716	0.0
186.0	26.335151448109983	23.80510717233516	23.769652516004232	26.090088863550626	0.0
187.0	26.17149275448643	23.858998249958162	23.765114319993874	26.20439467556153	0.0
188.0	26.18822735227463	23.72540510490324	23.780714368779478	26.305653174042654	0.0
189.0	26.27622942915005	23.924869951951713	23.78617094298308	26.012729675915157	0.0
190.0	26.26431663083373	23.764047174681334	23.768869021618894	26.202767172866047	0.0
191.0	26.190287098439423	23.73256335055962	23.699377698107	26.37777185289396	0.0
192.0	26.26516754499918	23.63669368791872	23.641799172911433	26.456339594170668	0.0
193.0	26.24729834752469	23.704483183099708	23.885160624230632	26.163057845144966	0.0
194.0	26.312251462154173	23.735967007221426	23.755254394971665	26.196527135652737	0.0
195.0	26.293247712459085	23.774541782721904	23.81737112904964	26.114839375769368	0.0
196.0	26.188585270108522	23.847720400950756	23.790141875755186	26.17355245318554	0.0
197.0	26.284738570804567	23.857080456770724	23.619108128499384	26.239072843925328	0.0
198.0	26.33494250656622	23.69909406005185	23.765465364957088	26.200498068424842	0.0
199.0	26.17334305269159	23.693204863839163	23.84154798744047	26.291904096028773	0.0
200.0	26.161997498305254	23.73830344252484	23.68242658717215	26.417272471997755	0.0
201.0	26.122300791077755	23.80012310066174	23.85486602166458	26.222710086595924	0.0
202.0	26.08315818435033	23.76807154587769	23.841818486088776	26.306951783683207	0.0
203.0	26.23859404294908	23.713612266952577	23.779133586909353	26.26866010318899	0.0
204.0	26.24498305228971	23.718568733956406	23.733601849356837	26.30284636439704	0.0
205.0	26.48664747344386	23.582136120605295	23.709775779665584	26.221440626285258	0.0
206.0	26.138616669739474	23.744380309455263	23.843655599835486	26.273347420969777	0.0
207.0	26.289798754804217	23.76423536753131	23.75657698798769	26.189388889676792	0.0
208.0	26.310370355662837	23.63928260431765	23.770043085720445	26.28030395429907	0.0
209.0	26.284558633737337	23.681545753404453	23.82592120900971	26.2079744038485	0.0
210.0	26.242728002473402	23.890160572512915	23.706924671891443	26.160186753122243	0.0
211.0	26.330658543019307	23.79769168148722	23.77102887241846	26.10062090307502	0.0
212.0	26.176354626706487	23.856406590819486	23.772163460038406	26.195075322435617	0.0
213.0	26.19564261624559	23.70635737808147	23.795422506247323	26.302577499425617	0.0
214.0	26.273018142210425	23.919579745169454	23.78995200653528	26.017450106084844	0.0
215.0	26.267061506518264	23.77179845014012	23.76499086649194	26.196149176849676	0.0
216.0	26.196716475487026	23.732654844163065	23.684434459988427	26.38619422036148	0.0
217.0	26.272450843573075	23.63961786763788	23.64415625673667	26.443775032052375	0.0
218.0	26.24522050898034	23.707693704119723	23.895469553082133	26.151616233817805	0.0
219.0	26.32606056480252	23.7388951291739	23.758750581481102	26.17629372454247	0.0
220.0	26.297411983616414	23.778322384469632	23.811225705435856	26.1130399264781	0.0
221.0	26.20352405913521	23.84015793594064	23.78286077356842	26.17345723135573	0.0
222.0	26.280393024495957	23.861431634841214	23.620897012605376	26.237278328057457	0.0
223.0	26.34478141983503	23.693227588867334	23.76640911308531	26.195581878212327	0.0
224.0	26.183459226713033	23.688756392764653	23.841643809194235	26.286140571328076	0.0
225.0	26.167574819811257	23.73612596334673	23.679963238944026	26.41633597789798	0.0
226.0	26.125027301324362	23.79257233787268	23.86235026819119	26.220050092611764	0.0
227.0	26.08872008554888	23.778106181587138	23.839941908454758	26.29323182440923	0.0
228.0	26.241607501978457	23.706910000652396	23.780942682819596	26.270539814549547	0.0
229.0	26.219766442488517	23.726765509279613	23.739529764825683	26.313938283406184	0.0
230.0	26.482142806491048	23.57671459408249	23.7205252065682	26.22061739285826	0.0
231.0	26.14204630871912	23.74123166556516	23.852138863754334	26.264583161961387	0.0
232.0	26.27819836787719	23.767327476903787	23.75739972259018	26.197074432628842	0.0
233.0	26.314087563289796	23.64520841311038	23.764625792452026	26.2760782311478	0.0
234.0	26.279482051936633	23.681799486590364	23.829582039172305	26.2091364223007	0.0
235.0	26.25041484301206	23.88644789429942	23.706611675738845	26.156525586949677	0.0
236.0	26.323313751797656	23.79539517165282	23.778943277841286	26.10234779870824	0.0
237.0	26.180068814300668	23.84702007982005	23.767313490836578	26.205597615042702	0.0
238.0	26.186889961110687	23.696669021016113	23.794530534210402	26.3219104836628	0.0
239.0	26.276316312000407	23.91798898274796	23.792896084961054	26.012798620290578	0.0
240.0	26.270176732574964	23.769822132705457	23.761028055941676	26.19897307877791	0.0
241.0	26.193590118217124	23.727683574145995	23.682575527608112	26.396150780028766	0.0
242.0	26.265108097372753	23.633887533337116	23.6460874992907	26.454916869999433	0.0
243.0	26.251649240285442	23.69685190176912	23.89944245038092	26.152056407564515	0.0
244.0	26.335399144164086	23.721353900636768	23.765621275581434	26.177625679617712	0.0
245.0	26.299807877313913	23.767874930117856	23.813280587095147	26.119036605473084	0.0
246.0	26.184104099558684	23.83420130266351	23.790779185764357	26.190915412013453	0.0
247.0	26.29214184751449	23.855734243107158	23.61788364053338	26.234240268844978	0.0
248.0	26.3680956517296	23.679593957045288	23.7542509041155	26.19805948710961	0.0
249.0	26.190185564200895	23.676254765426073	23.851401028168173	26.282158642204855	0.0
