# Position (bp)	A	C	G	T	N
0.0	26.287838704956602	23.773795184113656	23.657563238058785	26.280802872870957	0.0
1.0	26.434746878904885	23.628012743299074	23.689646632369328	26.247593745426713	0.0
2.0	26.279974897210835	23.652061833910718	23.825980261102778	26.241983007775673	0.0
3.0	26.212037641549784	23.818073346991152	23.570431572075012	26.39945743938405	0.0
4.0	26.157746780089315	23.66117281570883	23.867157051723993	26.313923352477858	0.0
5.0	26.19569529994738	23.774336694064647	23.7962850928164	26.233682913171574	0.0
6.0	26.270990905816678	23.81820637493247	23.725913920403386	26.18488879884747	0.0
7.0	26.2037005773711	23.798269012166436	23.72201776007023	26.27601265039223	0.0
8.0	26.19846151248966	23.76918185552623	23.8564040808747	26.17595255110941	0.0
9.0	26.21844341971623	23.753281209116768	23.859349019365112	26.168926351801886	0.0
10.0	26.39557063520197	23.807554452715742	23.67532620988842	26.121548702193863	0.0
11.0	26.241116794112184	23.758883205887816	23.657601998615824	26.342398001384176	0.0
12.0	26.19582158752666	23.821621287059074	23.65197526487849	26.33058186053578	0.0
13.0	26.20623104494072	23.77520073372608	23.643816500959357	26.37475172037384	0.0
14.0	26.24273098380349	23.78976331211123	23.726462735653982	26.241042968431298	0.0
15.0	26.40787515438307	23.667100861731846	23.725056056177152	26.199967927707927	0.0
16.0	26.228664189035218	23.77907254808734	23.767819112272715	26.224444150604732	0.0
17.0	26.168176971531622	23.81649022217096	23.74474956885274	26.270583237444683	0.0
18.0	26.279304650201013	23.773445830180027	23.780760563459534	26.166488956159426	0.0
19.0	26.22134945575571	23.7630364020515	23.633621890183345	26.38199225200944	0.0
20.0	26.262705832374444	23.65753544128942	23.783855258308552	26.295903468027582	0.0
21.0	26.28521270400369	23.64009261577675	23.822116940078267	26.252577740141287	0.0
22.0	26.35188931120533	23.581293413645355	23.70930124603668	26.357516029112638	0.0
23.0	26.21347205068548	23.757691020039555	23.848281178347264	26.180555750927702	0.0
24.0	26.21825476090669	23.808050145309988	23.776259189133683	26.19743590464964	0.0
25.0	26.279585986096382	23.79370201464635	23.651346051591375	26.275365947665897	0.0
26.0	26.426161987581832	23.638123264509193	23.683699679558416	26.252015068350552	0.0
27.0	26.26973922975859	23.648251356742357	23.830557016939235	26.251452396559827	0.0
28.0	26.217692089115957	23.814802206798763	23.55794253433001	26.409563169755266	0.0
29.0	26.17127166638064	23.662599487406	23.855033239836036	26.31109560637732	0.0
30.0	26.196310561068177	23.769788463540277	23.78526193778538	26.248639037606168	0.0
31.0	26.272833924607607	23.819584917019977	23.71520929983936	26.192371858533058	0.0
32.0	26.20503197382451	23.810019496577546	23.712395940885703	26.272552588712237	0.0
33.0	26.202218614870855	23.774852509656856	23.846874498870434	26.176054376601854	0.0
34.0	26.21761832954469	23.748621457991042	23.857779478292183	26.17598073417209	0.0
35.0	26.387826067385383	23.80685782449191	23.6684409533884	26.136875154734305	0.0
36.0	26.235342441088427	23.75115347392586	23.666752942765186	26.34675114222052	0.0
37.0	26.19286084040422	23.812203191465418	23.663939591726496	26.330996376403863	0.0
38.0	26.202707569039635	23.771690936508293	23.643964799351807	26.38163669510027	0.0
39.0	26.2482100104375	23.78231476245537	23.734487929351328	26.234987297755797	0.0
40.0	26.414478589052155	23.666405025756156	23.72210921960675	26.197007165584935	0.0
41.0	26.234987297755797	23.782877431080127	23.762058691964246	26.22007657919983	0.0
42.0	26.16634172553587	23.822545569125246	23.74123995284837	26.269872752490514	0.0
43.0	26.287878148482623	23.774437401708827	23.778094747769725	26.159589702038833	0.0
44.0	26.222045919386467	23.758120011590975	23.637146257268977	26.382687811753584	0.0
45.0	26.25974471724495	23.665561022819027	23.778094747769725	26.296599512166303	0.0
46.0	26.285064805358854	23.64192894057938	23.820857563250986	26.252148690810778	0.0
47.0	26.34301967370846	23.58594341241641	23.705510495176522	26.365526418698604	0.0
48.0	26.216419233138932	23.75755734296622	23.851241668987676	26.174781754907173	0.0
49.0	26.213324555702787	23.806509513319774	23.776125407583084	26.204040523394355	0.0
50.0	26.27409276717616	23.792724132013312	23.653744981699205	26.27943811911132	0.0
51.0	26.43614133110517	23.630394233771934	23.677658398251225	26.255806036871675	0.0
52.0	26.285064805358854	23.64502361801552	23.822826903437626	26.247084673188	0.0
53.0	26.224296593885484	23.80510284175789	23.562873998801514	26.407726565555116	0.0
54.0	26.165216388286368	23.666405025756156	23.85658702092283	26.311791565034646	0.0
55.0	26.18969247346314	23.768248046836536	23.79300546632569	26.249054013374636	0.0
56.0	26.26677807505437	23.819450891689105	23.720983882357245	26.19278715089928	0.0
57.0	26.198695171459196	23.794974806512325	23.71451319317258	26.291816828855897	0.0
58.0	26.20375918908198	23.76796671252416	23.856868355235207	26.171405743158655	0.0
59.0	26.219440146293433	23.74848783232522	23.855675903783936	26.176396117597413	0.0
60.0	26.38430158953439	23.801378534252358	23.673371782247855	26.140948093965395	0.0
61.0	26.225066816711212	23.746799831199887	23.676185117456743	26.351948234632154	0.0
62.0	26.177521451680967	23.810943873962582	23.66633844422563	26.345196230130817	0.0
63.0	26.19637079758053	23.7695878463919	23.655366436910956	26.378674919116612	0.0
64.0	26.251438313579083	23.77542896207916	23.736323712691764	26.236809011649985	0.0
65.0	26.4137672984462	23.656143884811126	23.722257076221474	26.207831740521197	0.0
66.0	26.240185004402854	23.772615634785105	23.759392996503035	26.227806364309004	0.0
67.0	26.17575980936894	23.816503540572402	23.736886378150576	26.27085027190808	0.0
68.0	26.291668893884108	23.752922343726702	23.77880495483203	26.176603807557157	0.0
69.0	26.224993037014947	23.762768989255903	23.630542606435203	26.381695367293943	0.0
70.0	26.264379619131752	23.660926541211026	23.77149030386748	26.30320353578974	0.0
71.0	26.289980897507675	23.635887928293915	23.818754202407646	26.255376971790767	0.0
72.0	26.342590117906546	23.587780031565533	23.710441101586436	26.359188748941488	0.0
73.0	26.214021060568122	23.755173005561947	23.846324809889406	26.184481123980518	0.0
74.0	26.21205173146228	23.79793558043162	23.78583827306717	26.20417441503892	0.0
75.0	26.276758259225602	23.79259025857291	23.656143884811126	26.274507597390357	0.0
76.0	26.4382432459045	23.63279326827045	23.687371817775166	26.241591668049885	0.0
77.0	26.285760906566587	23.65136122841123	23.82241152788992	26.24046633713226	0.0
78.0	26.232026355250092	23.808626224149037	23.563304084107234	26.396043336493634	0.0
79.0	26.176322474827757	23.66120787394043	23.8556087899598	26.306860861272018	0.0
80.0	26.198829093180215	23.771771636596885	23.792027593114103	26.2373716771088	0.0
81.0	26.283791577460747	23.812846215090126	23.71466109252752	26.18870111492161	0.0
82.0	26.210082402356445	23.79399692221994	23.696093132386743	26.299827543036873	0.0
83.0	26.20951973689763	23.771771636596885	23.84013548984248	26.178573136663	0.0
84.0	26.228857904864793	23.748635540101056	23.847101718375477	26.17540483665868	0.0
85.0	26.38133981522118	23.812497890010466	23.67239458492286	26.13376770984549	0.0
86.0	26.214791307968444	23.7480728762252	23.69152515670189	26.345610659104462	0.0
87.0	26.16949686596221	23.810247234507052	23.67773989174347	26.34251600778727	0.0
88.0	26.192566084872222	23.775080742266187	23.659171983840295	26.3731811890213	0.0
89.0	26.245101321412395	23.782328465366728	23.7404101245453	26.232160088675577	0.0
90.0	26.407992055208425	23.658824092074056	23.728031554101385	26.20515229861613	0.0
91.0	26.236380055872367	23.770231226069267	23.771356550655078	26.222032167403285	0.0
92.0	26.17955116428895	23.8068042751081	23.742098111424013	26.271546449178935	0.0
93.0	26.276047747522174	23.764041940847314	23.789080412881592	26.17082989874892	0.0
94.0	26.213310901863256	23.774169862119603	23.634629613479138	26.377889622538003	0.0
95.0	26.272671773764745	23.66163740353858	23.7676992457512	26.297991576945474	0.0
96.0	26.29292761630933	23.637442924943663	23.819464176698464	26.250165282048542	0.0
97.0	26.34159790464562	23.589053967753824	23.710026360728424	26.359321766872135	0.0
98.0	26.216968206767138	23.746599409767256	23.841689337268217	26.194743046197388	0.0
99.0	26.221750836256835	23.79358171122483	23.784016452245442	26.20065100027289	0.0
100.0	26.275766416375724	23.794707035810642	23.655166787170174	26.274359760643463	0.0
101.0	26.43528117641432	23.63800558723657	23.68780120015867	26.238912036190438	0.0
102.0	26.28786365567318	23.639693574115284	23.83381206516755	26.238630705043985	0.0
103.0	26.24003736077625	23.805678950522292	23.567391469476977	26.386892219224485	0.0
104.0	26.17504986594571	23.6633253904173	23.856881219176657	26.30474352446034	0.0
105.0	26.19558703963675	23.769949894922817	23.798645671860978	26.23581739357946	0.0
106.0	26.28195570159768	23.80989891771908	23.70636905582454	26.2017763248587	0.0
107.0	26.20740294778775	23.795269698103546	23.700179770602585	26.29714758350612	0.0
108.0	26.218937524792306	23.768824570337006	23.844502648732743	26.16773525613794	0.0
109.0	26.24052620029596	23.752159210474492	23.841903593713955	26.165410995515593	0.0
110.0	26.383723350982123	23.801673352951436	23.66466547007489	26.149937825991547	0.0
111.0	26.217738441542366	23.742031317695115	23.697581121607858	26.34264911915466	0.0
112.0	26.167661638355455	23.804486656501265	23.680138639598937	26.347713065544347	0.0
113.0	26.18229081681455	23.775228299583066	23.664102809364927	26.378378074237453	0.0
114.0	26.251142901351788	23.777412049345205	23.744496490413695	26.226948558889312	0.0
115.0	26.40784346823086	23.65306438227061	23.728742034856733	26.210350114641795	0.0
116.0	26.233419138850206	23.783601299742582	23.752936377319212	26.230043184087997	0.0
117.0	26.17630923745622	23.806388994387476	23.741683194778524	26.275618573377784	0.0
118.0	26.28799707417254	23.76306424160583	23.795135811846787	26.153802872374843	0.0
119.0	26.220477978928415	23.77122279894783	23.632808653697374	26.375490568426386	0.0
120.0	26.282651812465712	23.660660280485573	23.77488008327355	26.28180782377516	0.0
121.0	26.289966381117157	23.642373858856956	23.817923506491677	26.249736253534202	0.0
122.0	26.34088703211377	23.587514593971108	23.712424920172737	26.359173453742386	0.0
123.0	26.226948558889312	23.74590313823128	23.842399178517677	26.184749124361733	0.0
124.0	26.23060584321503	23.787821243195342	23.780225344980376	26.201347568609247	0.0
125.0	26.27815053944944	23.79597980053734	23.65840964397744	26.267460016035788	0.0
126.0	26.435413765455547	23.63534061976903	23.692731850726535	26.236513764048897	0.0
127.0	26.289403721990123	23.637309926713648	23.831708655104023	26.241577696192202	0.0
128.0	26.237639082302966	23.811452926530784	23.567258865397868	26.383649125768383	0.0
129.0	26.16730669142367	23.673038781280333	23.856465656693533	26.30318887060247	0.0
130.0	26.193189011267247	23.77122279894783	23.800762403117133	26.23482578666779	0.0
131.0	26.274285842893875	23.806455968986143	23.720368880361452	26.198889307758527	0.0
132.0	26.207047888053026	23.791545460172063	23.70939699651713	26.292009655257782	0.0
133.0	26.216613120122435	23.763131094318815	23.85203148649333	26.168224299065418	0.0
134.0	26.237786711604627	23.746318078620803	23.836062714339167	26.179832495435402	0.0
135.0	26.391674848714175	23.803990963643574	23.668389351053445	26.135944836588802	0.0
136.0	26.222876160842645	23.740128793398846	23.699617108309678	26.33737793744883	0.0
137.0	26.16640221464501	23.803495267996805	23.68702384569506	26.343078671663122	0.0
138.0	26.18834610580332	23.77367408257655	23.668455937791883	26.369523873828253	0.0
139.0	26.26023350682234	23.785623857082573	23.74032916021944	26.213813475875654	0.0
140.0	26.41102827401885	23.655085103390068	23.72569981713321	26.208186805457874	0.0
141.0	26.244197496131665	23.772401181600788	23.756927837951892	26.226473484315655	0.0
142.0	26.179490786327193	23.7926571951048	23.746518497679	26.281333520889017	0.0
143.0	26.28611619074413	23.754958503305666	23.78899985933324	26.169925446616965	0.0
144.0	26.221128147418764	23.76564917709945	23.64073709382473	26.372485581657056	0.0
145.0	26.286397524265016	23.65480376986918	23.768743845829228	26.29005486003657	0.0
146.0	26.293149528766353	23.641018427345617	23.80869320579547	26.25713883809256	0.0
147.0	26.3457588971726	23.588127725418484	23.710789140526092	26.355324236882826	0.0
148.0	26.22619215079477	23.746518497679	23.83992122661415	26.187368124912087	0.0
149.0	26.229923280133015	23.788504117327662	23.778376082082097	26.203196520457222	0.0
150.0	26.265934072117236	23.79806948394847	23.666686360068535	26.26931008386576	0.0
151.0	26.430795979170007	23.640803603329875	23.69650779718047	26.231892620319652	0.0
152.0	26.285064805358854	23.64361694645364	23.832110935746055	26.239207312441447	0.0
153.0	26.240051315378576	23.816074879940583	23.5642806703634	26.379593134317442	0.0
154.0	26.186597796026994	23.666405025756156	23.856305686610458	26.29069149160639	0.0
155.0	26.204040523394355	23.770217387023173	23.80763485056928	26.218107239013193	0.0
156.0	26.29273480227769	23.79588575544102	23.718237266773198	26.19314217550809	0.0
157.0	26.22240102631046	23.789415048052035	23.703045171164277	26.28513875447323	0.0
158.0	26.210022281740226	23.76718957484639	23.852152776214805	26.17063536719858	0.0
159.0	26.241042968431298	23.739122850945428	23.84293579633532	26.176898384287956	0.0
160.0	26.395215039091624	23.803830106879506	23.670476892476234	26.130477961552636	0.0
161.0	26.217973425011326	23.739404186840794	23.69917315380352	26.343449234344362	0.0
162.0	26.167406582153124	23.79770766867541	23.687423687423685	26.347462061747777	0.0
163.0	26.189913517102458	23.769573999988747	23.66576076253496	26.37475172037384	0.0
164.0	26.2516739627058	23.781523953140297	23.734540462069976	26.23226162208393	0.0
165.0	26.422164954254395	23.65914180574155	23.721598901655394	26.19709433834866	0.0
166.0	26.235637681322515	23.772521128504067	23.762111612518428	26.229729577654986	0.0
167.0	26.179651365615964	23.799529602412758	23.748326037294202	26.272492994677084	0.0
168.0	26.28543455509166	23.759016891549724	23.785744027188528	26.169804526170086	0.0
169.0	26.21791337031994	23.76773837791607	23.64985764283544	26.364490608928552	0.0
170.0	26.280651804503663	23.652952363804143	23.769707745805245	26.29668808588695	0.0
171.0	26.302877527824354	23.637478758960622	23.809095103588753	26.25054860962627	0.0
172.0	26.347047636195857	23.588807238271006	23.714565444908338	26.349579680624796	0.0
173.0	26.213974634541586	23.75704752366055	23.84341837251438	26.185559469283486	0.0
174.0	26.22614596433183	23.793407100435232	23.786373623900317	26.194073311332616	0.0
175.0	26.284945828163732	23.79425111761942	23.662303097824406	26.258499956392445	0.0
176.0	26.43827561662489	23.638951955728484	23.693531733639432	26.229240694007196	0.0
177.0	26.2956367124968	23.63529454793033	23.837295994013104	26.231772745559766	0.0
178.0	26.23486747523513	23.817039581592546	23.568617190379328	26.37947575279299	0.0
179.0	26.182819748876753	23.665679166561166	23.857271067372267	26.29423001718982	0.0
180.0	26.208421603463844	23.766398550541158	23.802972628522717	26.22220721747228	0.0
181.0	26.27883030142752	23.792630021213025	23.721451038425396	26.20708863893406	0.0
182.0	26.22003027216817	23.77659364959684	23.70991610445586	26.293459973779125	0.0
183.0	26.214403475109865	23.746208945481964	23.855650148266104	26.183737431142074	0.0
184.0	26.248519444858644	23.72686324875296	23.836023418795243	26.188593887593157	0.0
185.0	26.400162052211197	23.791852937618337	23.666656350843038	26.141328659327428	0.0
186.0	26.2229174462147	23.737835533886074	23.697603821731313	26.34164319816791	0.0
187.0	26.178539275264463	23.796702678370472	23.684447445419764	26.340310600945305	0.0
188.0	26.201890614449695	23.754501462975465	23.668692325005626	26.37491559756921	0.0
189.0	26.264214856036777	23.773203765494966	23.72593813829697	26.236643240171283	0.0
190.0	26.415577400277968	23.658134470709378	23.725375452258906	26.200912676753752	0.0
191.0	26.226233548466958	23.788114945503857	23.763638102847754	26.22201340318143	0.0
192.0	26.1744664329644	23.811747759102854	23.754353783219578	26.25943202471317	0.0
193.0	26.29037975680709	23.769546306247502	23.778549282856645	26.16152465408876	0.0
194.0	26.221732060162388	23.77883062587568	23.642660604662417	26.356776709299513	0.0
195.0	26.29656930322588	23.650538209195414	23.776579881723396	26.276312605855313	0.0
196.0	26.31288719832995	23.63534568616749	23.795429863998784	26.25633725150378	0.0
197.0	26.353400593071086	23.58470394274107	23.709057557154832	26.35283790703301	0.0
198.0	26.23720592620935	23.75547915529572	23.83144177043535	26.175873148059576	0.0
199.0	26.227432709594105	23.794652779536175	23.792120685240985	26.185793825628735	0.0
200.0	26.289047004110433	23.782273651870796	23.66270253237564	26.26597681164313	0.0
201.0	26.43562712942097	23.63569352656026	23.690274225812168	26.238405118206604	0.0
202.0	26.305646288934465	23.64469652849872	23.829258068237127	26.220399114329684	0.0
203.0	26.229964803889295	23.816878940571748	23.56732698059009	26.385829274948865	0.0
204.0	26.17876023036431	23.664953282860253	23.87005292077077	26.286233566004665	0.0
205.0	26.197891609483538	23.776084088038104	23.79971696812656	26.2263073343518	0.0
206.0	26.27533508142113	23.805973508592267	23.730854499825565	26.187836910161046	0.0
207.0	26.21034447833084	23.79106224467977	23.71988206034279	26.2787112166466	0.0
208.0	26.217096748781778	23.75730089242508	23.862242429016757	26.163359929776387	0.0
209.0	26.240522177050657	23.734860101002997	23.84599153150365	26.178626190442696	0.0
210.0	26.396106179751573	23.79056648895016	23.67662160451278	26.136705726785486	0.0
211.0	26.211543601502385	23.741893735844812	23.711508433328177	26.335054229324626	0.0
212.0	26.16716464941452	23.801043231654823	23.685691295711724	26.346100823218936	0.0
213.0	26.191641767529273	23.76109207335258	23.669654563153777	26.377611595964368	0.0
214.0	26.25734317675392	23.769947556775982	23.729714825902	26.242994440568097	0.0
215.0	26.410396362736048	23.65740844943618	23.732528303585497	26.199666884242273	0.0
216.0	26.23145918206577	23.778387989826467	23.767134079092482	26.22301874901528	0.0
217.0	26.16168493551509	23.80370928897792	23.7581309505053	26.27647482500169	0.0
218.0	26.279006954916834	23.768259470165884	23.780920119741612	26.171813455175673	0.0
219.0	26.216829098111592	23.77529316437462	23.641652974408604	26.36622476310518	0.0
220.0	26.293637038871008	23.64953071192239	23.776981250984715	26.27985099822188	0.0
221.0	26.295043777712756	23.63996488779851	23.812712417565105	26.252278916923633	0.0
222.0	26.349343897004207	23.578349726529968	23.71339665533773	26.358909721128093	0.0
223.0	26.226113574467124	23.757005559431903	23.84422336762025	26.172657498480724	0.0
224.0	26.22731275549966	23.79617984925344	23.79083422661501	26.185673168631883	0.0
225.0	26.29089753004099	23.77029578174104	23.666759511691442	26.272047176526524	0.0
226.0	26.441981706716632	23.640031398499286	23.68054559112739	26.237441303656688	0.0
227.0	26.299337986838516	23.648190506736892	23.82881628220386	26.22365522422073	0.0
228.0	26.2214044357414	23.814186157088155	23.575039881158368	26.38936952601208	0.0
229.0	26.177795408954204	23.66704086025136	23.86876777771213	26.286395953082316	0.0
230.0	26.195801716788914	23.772546570220378	23.8051830031708	26.226468709819912	0.0
231.0	26.281686970711533	23.805531328250286	23.72619081113018	26.186590889908	0.0
232.0	26.203471850997385	23.7914638606758	23.720845173451874	26.28421911487494	0.0
233.0	26.216695270517405	23.753481698224686	23.861519849196746	26.168303182061166	0.0
234.0	26.23505679052638	23.734135368807834	23.845831375605254	26.184976465060533	0.0
235.0	26.394300971502044	23.78899864670581	23.680397491482125	26.13630289031002	0.0
236.0	26.21029797793652	23.74341992352903	23.706281704644248	26.3400003938902	0.0
237.0	26.167887729723038	23.79272313942627	23.697907874449957	26.341481256400733	0.0
238.0	26.191521208233453	23.75811697446459	23.66836602631194	26.381995790990015	0.0
239.0	26.25666102085947	23.770067468333774	23.729552705767166	26.243718805039585	0.0
240.0	26.411733921567524	23.655230238538717	23.730635259162554	26.202400580731204	0.0
241.0	26.23952233968019	23.789881232080003	23.75724186055673	26.213354567683083	0.0
242.0	26.176694871138302	23.817255283765874	23.74690824776789	26.25914159732794	0.0
243.0	26.27849583097656	23.77651895688585	23.78496112382126	26.160024088316327	0.0
244.0	26.203133310632264	23.7846249961305	23.657986790228033	26.354254903009206	0.0
245.0	26.28459499164148	23.65489719300023	23.78970297698452	26.270804838373774	0.0
246.0	26.28866704755579	23.648148512984474	23.800973237379296	26.262211202080444	0.0
247.0	26.338484055278787	23.588336288665598	23.705423738354582	26.367755917701036	0.0
248.0	26.212296918452132	23.77081480313897	23.837242031547305	26.179646246861594	0.0
249.0	26.226444303708398	23.80212511434804	23.787207093096896	26.18422348884667	0.0
