# Position (bp)	A	C	G	T	N
0.0	26.25576179689173	23.8290450913435	23.789036526129536	26.126156585635236	0.0
1.0	26.224487495914616	23.78199276464821	23.727896676471584	26.26562306296559	0.0
2.0	26.190938976261503	23.80328626198263	23.680466938784708	26.325307822971155	0.0
3.0	26.153408466732202	23.808987276522267	23.73546884198607	26.30213541475946	0.0
4.0	26.28520730058585	23.699301487156376	23.714511041009466	26.300980171248312	0.0
5.0	26.242546971331365	23.70717941062984	23.738723641556145	26.311549976482652	0.0
6.0	26.194258098311902	23.71674636836265	23.77419918101579	26.31479635230966	0.0
7.0	26.15378549784281	23.808759420093946	23.770741103713966	26.26671397834927	0.0
8.0	26.45441258881076	23.700047027813994	23.68427722192341	26.161263161451835	0.0
9.0	26.215544210695267	23.831340160899277	23.689419900937406	26.263695727468043	0.0
10.0	26.218452848570855	23.798300966089716	23.69693334797532	26.286312837364108	0.0
11.0	26.175090034155257	23.744238236428707	23.812942955372908	26.267728774043132	0.0
12.0	26.294760138873635	23.793232585183997	23.698341231560242	26.213666044382123	0.0
13.0	26.256747282080738	23.69946753842818	23.800835156542576	26.242950022948502	0.0
14.0	26.248226071677966	23.89425134593292	23.651251323406843	26.206271258982273	0.0
15.0	26.19022143130674	23.77964994481112	23.739947739508484	26.290180884373665	0.0
16.0	26.247099767981442	23.89481449778118	23.680253643592458	26.17783209064492	0.0
17.0	26.14291667605253	23.774018426328475	23.851733381388957	26.23133151623004	0.0
18.0	26.380285180095964	23.72417948775708	23.721082152591624	26.174453179555336	0.0
19.0	26.20120289234789	23.710382267474603	23.909738021760187	26.17867681841732	0.0
20.0	26.22035005518888	23.694050863874935	23.721082152591624	26.36451692834456	0.0
21.0	26.314114837924897	23.79936025950037	23.728966278467325	26.157558624107402	0.0
22.0	26.27553893631879	23.633793616110648	23.79654450025905	26.294122947311514	0.0
23.0	26.21379999718425	23.762688479353503	23.661884582353686	26.36162694110856	0.0
24.0	26.284756930267918	23.6832842923313	23.797322220501485	26.234636556899293	0.0
25.0	26.257162567402048	23.828013909811485	23.780146137493137	26.13467738529333	0.0
26.0	26.22168410086021	23.77395148460488	23.743541370426165	26.260823044108744	0.0
27.0	26.191837136944063	23.80267214799589	23.69736304889552	26.308127666164527	0.0
28.0	26.13833786200003	23.827450759548917	23.734812541356348	26.299398837094706	0.0
29.0	26.288980557237185	23.70355770178378	23.71848118374185	26.288980557237185	0.0
30.0	26.23351025637416	23.706655028227907	23.752833349758546	26.307001365639387	0.0
31.0	26.202536991932874	23.705528727702767	23.77845668670543	26.31347759365893	0.0
32.0	26.14284306410058	23.819285080741672	23.775640935392587	26.262230919765166	0.0
33.0	26.45989666192682	23.710878655197174	23.6742738881302	26.154950794745808	0.0
34.0	26.214081572315536	23.816469329428823	23.68243956693745	26.287009531318194	0.0
35.0	26.200565966013883	23.78605921525011	23.703839276915062	26.309535541820946	0.0
36.0	26.185924059187094	23.739036168325615	23.820129806135522	26.254909966351768	0.0
37.0	26.285883230793054	23.789719691956808	23.708626054146897	26.21577102310324	0.0
38.0	26.254065240957917	23.70609187796534	23.801545847470752	26.23829703360599	0.0
39.0	26.263001695077513	23.884261683927175	23.654497023759244	26.198239597236068	0.0
40.0	26.183316157298687	23.763184718397504	23.747416555444804	26.306082568859008	0.0
41.0	26.249204552493904	23.893553637095728	23.686033349664644	26.17120846074572	0.0
42.0	26.14558519594758	23.76008740067465	23.860327865159682	26.233999538218082	0.0
43.0	26.376194579130836	23.714472357847193	23.72826950043081	26.181063562591163	0.0
44.0	26.188384495390626	23.711375040124345	23.918613753216984	26.18162671126804	0.0
45.0	26.22470758504953	23.696733174525406	23.717851249908488	26.360707990516573	0.0
46.0	26.320442860119503	23.806828740855874	23.723764311015753	26.148964088008874	0.0
47.0	26.27623568898425	23.62577644123825	23.7885264088572	26.309461460920296	0.0
48.0	26.22181800775454	23.754670601187676	23.672732699417423	26.350778691640365	0.0
49.0	26.30178489470557	23.673577420054233	23.790993588570366	26.233644096669828	0.0
50.0	26.259830436410837	23.829850737863474	23.77747805838146	26.132840767344227	0.0
51.0	26.210273492384843	23.775225470016643	23.754389027642077	26.260112009956444	0.0
52.0	26.19084491773829	23.796625059482412	23.702297921705657	26.310232101073638	0.0
53.0	26.138753811801873	23.813519472218548	23.734397305904313	26.313329410075266	0.0
54.0	26.28545362906064	23.70117162752325	23.726231673081852	26.287143070334256	0.0
55.0	26.244062317857114	23.6946954359744	23.748475983184427	26.31276626298406	0.0
56.0	26.19703953574154	23.70567680425289	23.78001222029188	26.317271439713696	0.0
57.0	26.153114062627587	23.808732721943308	23.776633337744652	26.261519877684453	0.0
58.0	26.47326318397734	23.700326906886442	23.682869347059103	26.14354056207711	0.0
59.0	26.236741405671456	23.816898354765772	23.67076168459821	26.275598554964564	0.0
60.0	26.200981565379973	23.796625059482412	23.702861068796864	26.299532306340755	0.0
61.0	26.182116137824618	23.73777618845154	23.820840384404203	26.25926728931963	0.0
62.0	26.278132716874985	23.787333132477535	23.72257121698902	26.211962933658455	0.0
63.0	26.254762112589997	23.698919039158433	23.800003942029637	26.24631490622193	0.0
64.0	26.26060121414171	23.88328246252267	23.6552085327807	26.200907790554922	0.0
65.0	26.19471318999403	23.759390451304807	23.743059231644274	26.30283712705689	0.0
66.0	26.25215403155867	23.90214783695811	23.67379233446338	26.171905797019836	0.0
67.0	26.144311667248584	23.759672024057576	23.869203824884274	26.226812483809564	0.0
68.0	26.380832779573588	23.70363904625677	23.735738340072306	26.179789834097335	0.0
69.0	26.190489598702516	23.712649374345343	23.920450065888023	26.176410961064118	0.0
70.0	26.219210019484834	23.682521089799184	23.727291157489272	26.370977733226713	0.0
71.0	26.335217993625193	23.80387894624213	23.725320148219897	26.13558291191278	0.0
72.0	26.280029734082692	23.61438048362936	23.79571333641186	26.309876445876085	0.0
73.0	26.219136193541303	23.760731411323135	23.677104539221567	26.343027855914	0.0
74.0	26.283897744327028	23.682454406460387	23.794801618475624	26.238846230736957	0.0
75.0	26.270663862209947	23.828027109748305	23.76805228228152	26.13325674576023	0.0
76.0	26.212378466502788	23.76242084308276	23.758478835643633	26.266721854770815	0.0
77.0	26.192950001267075	23.796772622195192	23.703290731495795	26.306986645041942	0.0
78.0	26.146209055917375	23.811132792152026	23.743555521766922	26.299102630163677	0.0
79.0	26.293752762924854	23.703009159535856	23.724127056531202	26.279111021008084	0.0
80.0	26.241380378376398	23.708922170694553	23.74468180960667	26.305015641322377	0.0
81.0	26.198581440465833	23.707514310894865	23.771149573840837	26.322754674798464	0.0
82.0	26.163948089393468	23.796772622195192	23.77790730087935	26.261371987531994	0.0
83.0	26.46269593888762	23.711456318333994	23.68386226626008	26.141985476518308	0.0
84.0	26.240535662496583	23.82436667426911	23.667249520623738	26.267848142610568	0.0
85.0	26.214631042182297	23.78860703535699	23.721029764971885	26.27573215748883	0.0
86.0	26.18506598638881	23.742710805887107	23.814511655671282	26.257711552052797	0.0
87.0	26.286713463926407	23.791422754956372	23.71033003049424	26.21153375062298	0.0
88.0	26.262779847331686	23.68977527741877	23.803248777273765	26.24419609797578	0.0
89.0	26.25538504857103	23.88342953681543	23.65563846262143	26.205546951992115	0.0
90.0	26.19569196114318	23.759538223285936	23.738420385752498	26.306349429818386	0.0
91.0	26.24074334788118	23.898634379839503	23.67957201182599	26.181050260453333	0.0
92.0	26.147543291566944	23.7586935097846	23.87751654230607	26.216246656342392	0.0
93.0	26.38265521610587	23.711107982542586	23.727157539068	26.179079262283544	0.0
94.0	26.19484724764184	23.70603970153456	23.92284950021118	26.176263550612415	0.0
95.0	26.22469379135576	23.689427002674925	23.721526115725748	26.364353090243558	0.0
96.0	26.328593552020273	23.805715894692383	23.723497113895537	26.142193439391807	0.0
97.0	26.282979022948048	23.609179220047867	23.794453048007885	26.3133887089962	0.0
98.0	26.222930528141553	23.760034464213813	23.66570838882616	26.351326618818476	0.0
99.0	26.289099566100056	23.680913189037902	23.796920183246	26.233067061616044	0.0
100.0	26.25080599519641	23.8366216060211	23.7803075311628	26.132264867619686	0.0
101.0	26.2113861427956	23.76510273095106	23.75186892335936	26.27164220289398	0.0
102.0	26.19195778696949	23.783967946028593	23.7141384932043	26.309935773797623	0.0
103.0	26.136206852859768	23.826485072546607	23.745111234376363	26.292196840217258	0.0
104.0	26.29275998096584	23.698652122618267	23.729906434164626	26.278681462251267	0.0
105.0	26.25136913594499	23.713293782081422	23.73525627127616	26.300080810697423	0.0
106.0	26.200404898198233	23.69330228550673	23.780589101537092	26.325703714757946	0.0
107.0	26.157887771680215	23.79185191650875	23.784531086777175	26.26572922503386	0.0
108.0	26.47212030938953	23.711322789461384	23.692176004009564	26.124380897139527	0.0
109.0	26.24658243958204	23.823106228055106	23.659513840591746	26.27079749177111	0.0
110.0	26.21701755028143	23.776083975548428	23.72343031555592	26.28346815861422	0.0
111.0	26.183792246115033	23.74229553063345	23.81972738356361	26.254184839687905	0.0
112.0	26.293886262463005	23.78622050902292	23.717235767321508	26.202657461192562	0.0
113.0	26.26572922503386	23.681194759412193	23.816348539072113	26.236727476481835	0.0
114.0	26.25551876379691	23.873721674100103	23.66986529711222	26.200894264990765	0.0
115.0	26.204836239131414	23.763346398161914	23.726742352570167	26.305075010136502	0.0
116.0	26.254110915889534	23.887800153173853	23.684506915348923	26.173582015587694	0.0
117.0	26.156124701536243	23.756307158625038	23.878226787403705	26.20934135243501	0.0
118.0	26.389827454160468	23.703935216470697	23.72280037842952	26.183436950939313	0.0
119.0	26.201457404153714	23.701119520655944	23.92806460332477	26.169358471865568	0.0
120.0	26.225672388160564	23.69126458530432	23.723926656755417	26.3591363697797	0.0
121.0	26.33154255079515	23.792066495472362	23.72815020047754	26.148240753254942	0.0
122.0	26.281986304455558	23.60735685002478	23.80332927873136	26.307327566788302	0.0
123.0	26.21532812803568	23.76904471619114	23.669650374066244	26.345976781706938	0.0
124.0	26.289662706848638	23.679786907540738	23.788191501642963	26.242358883967665	0.0
125.0	26.264884513910985	23.826766642920898	23.790162494263004	26.118186348905116	0.0
126.0	26.206317876058353	23.777491827419887	23.748771649242155	26.267418647279605	0.0
127.0	26.19758919445532	23.7738314125541	23.716109485824337	26.312469907166246	0.0
128.0	26.14211983071989	23.81381440570349	23.74820850849357	26.29585725508305	0.0
129.0	26.296983536580214	23.69555484850106	23.733848419404705	26.273613195514024	0.0
130.0	26.253621698939323	23.711885930209966	23.734411560153287	26.300080810697423	0.0
131.0	26.211104572421306	23.685136744652276	23.784812657151466	26.318946025774952	0.0
132.0	26.151203716739406	23.803181754188373	23.773335210474446	26.272279318597775	0.0
133.0	26.47838941292412	23.699563564690976	23.69646628185274	26.12558074053217	0.0
134.0	26.256229762072365	23.805715894692383	23.66802759397438	26.27002674926088	0.0
135.0	26.213994087005492	23.778966633816697	23.721244544558637	26.285794734619174	0.0
136.0	26.180560835029805	23.72863220789021	23.83534798070669	26.255458976373298	0.0
137.0	26.288402895686037	23.7849465998778	23.728913779850146	26.19773672458602	0.0
138.0	26.261653559491933	23.682735978420325	23.820706238789917	26.23490422329783	0.0
139.0	26.26735896020814	23.870330115895342	23.65408224176963	26.208228682126887	0.0
140.0	26.20935497313796	23.748690686699632	23.73939878585829	26.30255555430412	0.0
141.0	26.249412215223554	23.891515344350367	23.68484036187832	26.174232078547753	0.0
142.0	26.149735180080363	23.757486336643698	23.874902505159834	26.217875978116105	0.0
143.0	26.388865424360684	23.69194641077191	23.738124602276248	26.181063562591163	0.0
144.0	26.21513405754253	23.691664836433468	23.930158301093073	26.16304280493093	0.0
145.0	26.232591666525877	23.68490705231088	23.72573533138484	26.3567659497784	0.0
146.0	26.336774171749084	23.773884543258266	23.74319294036819	26.146148344624464	0.0
147.0	26.275954114645806	23.595929561363498	23.815557545347545	26.312558778643147	0.0
148.0	26.215489447971958	23.770854158160752	23.663855608272677	26.349800785594617	0.0
149.0	26.301369863013697	23.66329245801011	23.806895774965156	26.228441904011035	0.0
150.0	26.253220515564063	23.828577060074053	23.79112756761323	26.12707485674865	0.0
151.0	26.20816849455856	23.771698883554603	23.760717453434513	26.25941516845232	0.0
152.0	26.199439665488743	23.780990862886988	23.717354883216714	26.30221458840755	0.0
153.0	26.13833786200003	23.81477987864112	23.74776499739543	26.299117261963424	0.0
154.0	26.280533303298654	23.69905249968323	23.744949246082587	26.275464950935536	0.0
155.0	26.252375790170213	23.696236748370385	23.754522800546255	26.29686466091315	0.0
156.0	26.196342339044616	23.68976052035084	23.791690717875795	26.322206422728744	0.0
157.0	26.15305340932129	23.79795237987971	23.77345527448021	26.27553893631879	0.0
158.0	26.481652512783548	23.697148199040388	23.699400806433445	26.12179848174262	0.0
159.0	26.24484716058838	23.819352150113758	23.664203815916924	26.271596873380936	0.0
160.0	26.22682630144392	23.766697452301038	23.713479602640056	26.292996643614984	0.0
161.0	26.184663642532723	23.720585792202016	23.843353240807225	26.251397324458036	0.0
162.0	26.29504171559062	23.77577482873096	23.73550935820219	26.193674097476226	0.0
163.0	26.271670848080912	23.676941401069428	23.825050754203236	26.22633699664642	0.0
164.0	26.261608032843203	23.862004493977057	23.66490023708826	26.21148723609148	0.0
165.0	26.21148723609148	23.74824718000124	23.742334052294574	26.297931531612704	0.0
166.0	26.25886619680634	23.88234532199887	23.691435232766704	26.16735324842809	0.0
167.0	26.162847995584855	23.744371953674737	23.883753213512378	26.209026837228034	0.0
168.0	26.390719153010078	23.69685194571155	23.7447203919581	26.16770850932027	0.0
169.0	26.21388748099341	23.69966773666723	23.934504702370894	26.151940079968462	0.0
170.0	26.2412006532635	23.688122993748944	23.715154586923468	26.35552176606409	0.0
171.0	26.349045446866025	23.771470406037057	23.741623021906854	26.137861125190064	0.0
172.0	26.277242777496202	23.602241369600723	23.81455200765895	26.30596384524413	0.0
173.0	26.211427075032596	23.772663661270656	23.67608175953641	26.33982750416034	0.0
174.0	26.2995615801137	23.667634362883266	23.79716111156477	26.235642945438265	0.0
175.0	26.25676143707112	23.834892816615465	23.7811110579238	26.127234688389617	0.0
176.0	26.208048116371334	23.773789980824407	23.769003122720964	26.24915878008329	0.0
177.0	26.198192820276006	23.786179495915682	23.723950340570877	26.291677343237435	0.0
178.0	26.137934724150263	23.827853319404515	23.73859249476965	26.295619461675567	0.0
179.0	26.281258887365226	23.703395008714896	23.745913571869043	26.26943253205083	0.0
180.0	26.258732496290182	23.684810736077985	23.75407938863375	26.30237737899808	0.0
181.0	26.206640216929145	23.68424757630111	23.78139263781224	26.32771956895751	0.0
182.0	26.15771897121682	23.78230434366359	23.790188602740344	26.269788082379243	0.0
183.0	26.482944658132894	23.695295913137993	23.700927526764243	26.12083190196487	0.0
184.0	26.23627998130304	23.821725639047354	23.658127263204726	26.283867116444874	0.0
185.0	26.22501675405054	23.76709898687271	23.71162759265412	26.29625666642263	0.0
186.0	26.176377003804163	23.7370366928819	23.844600816023114	26.24198548729082	0.0
187.0	26.292388571171127	23.78068182138161	23.731968226346453	26.19496138110081	0.0
188.0	26.277746334513157	23.677904583301657	23.822919042510353	26.221430039674832	0.0
189.0	26.282888808794375	23.84494954045774	23.67262119300775	26.199540457740135	0.0
190.0	26.219532798702467	23.747803658316812	23.73541403856551	26.29724950441521	0.0
191.0	26.252551846480916	23.887535725850732	23.68733017021696	26.172582257451392	0.0
192.0	26.16216368423276	23.75153110788855	23.886127810550917	26.200177397327778	0.0
193.0	26.390601857327095	23.68936795688388	23.747655814424977	26.17237437136405	0.0
194.0	26.221933129466624	23.691057460001012	23.92561680942968	26.161392601102683	0.0
195.0	26.240517663755092	23.688241621472457	23.7259738577551	26.345266857017354	0.0
196.0	26.35540387572015	23.77074569035913	23.744558392043565	26.12929204187715	0.0
197.0	26.282755241683418	23.596445285441554	23.808477926641775	26.312321546233253	0.0
198.0	26.205111887658987	23.76799677867165	23.67760810738512	26.349283226284236	0.0
199.0	26.28958728138472	23.67620018415636	23.798689505058668	26.235523029400255	0.0
200.0	26.258331385706203	23.828255892862675	23.778415410564495	26.13499731086663	0.0
201.0	26.208209318762265	23.76658885544289	23.76855994796316	26.256641877831687	0.0
202.0	26.215530519551827	23.78179442631352	23.724069573934273	26.278605480200373	0.0
203.0	26.155271405360807	23.831916493257456	23.736740882993132	26.2760712183886	0.0
204.0	26.274944879805595	23.692250508964246	23.758986070007573	26.27381854122258	0.0
205.0	26.255797123894432	23.68915307786097	23.75391754638403	26.301132251860572	0.0
206.0	26.21286229588518	23.679430970543265	23.789531187083078	26.318175546488483	0.0
207.0	26.160279334328273	23.767915974431897	23.783121673753275	26.28868301748655	0.0
208.0	26.49283361022724	23.69808239236336	23.6986455664123	26.110438430997103	0.0
209.0	26.24278433249796	23.816348942640722	23.66541829752485	26.275448427336467	0.0
210.0	26.236871004984092	23.769887083603187	23.711880156562383	26.281361754850334	0.0
211.0	26.17471397717449	23.7409504715188	23.841195734507743	26.243139816798966	0.0
212.0	26.298894204641133	23.77305148270065	23.743766349692645	26.18428796296557	0.0
213.0	26.279183057424206	23.68435132022448	23.8254268167342	26.211038805617115	0.0
214.0	26.278412290779663	23.846049874974657	23.672309702417156	26.203228131828528	0.0
215.0	26.224628866211617	23.741862089162215	23.743833209434346	26.289675835191815	0.0
216.0	26.25652231455226	23.885257949972825	23.69546669219744	26.162753043277476	0.0
217.0	26.158247612825836	23.764456095988194	23.87230483742436	26.20499145376161	0.0
218.0	26.399925660188217	23.677230053558453	23.74959873397048	26.173245552282854	0.0
219.0	26.227458577848868	23.682713643685023	23.938962165328167	26.150865613137945	0.0
220.0	26.239285432693933	23.684403194377175	23.717912616438202	26.358398756490693	0.0
221.0	26.349951003029926	23.77479415640734	23.745227019294667	26.130027821268065	0.0
222.0	26.26519187664027	23.59710974194929	23.821819984005586	26.315878397404852	0.0
223.0	26.210355285351838	23.76134466086398	23.68221714729826	26.346082906485925	0.0
224.0	26.287511650892792	23.668419111124877	23.81174973178307	26.232319506199257	0.0
225.0	26.25118620872205	23.846948803653945	23.783308881711406	26.1185561059126	0.0
226.0	26.22105580320058	23.765005364338553	23.76162625343895	26.252312579021915	0.0
227.0	26.196275656603486	23.791756658960416	23.730651070192582	26.281316614243515	0.0
228.0	26.15164971939142	23.83441136964584	23.73106631260894	26.2828725983538	0.0
229.0	26.279211874262575	23.71388906879627	23.741766890721756	26.265132166219402	0.0
230.0	26.24879970488932	23.685166464388193	23.76401282942997	26.30202100129252	0.0
231.0	26.196986379290436	23.673902697953654	23.800901664503087	26.328209258252823	0.0
232.0	26.154539310655554	23.77703311556657	23.789423293534583	26.279004280243296	0.0
233.0	26.490482090560935	23.680727641360665	23.707760756927236	26.12102951115116	0.0
234.0	26.242396936246905	23.801250281594953	23.67594052714575	26.280412255012394	0.0
235.0	26.245494480738905	23.75872944356837	23.710295111511602	26.285480964181122	0.0
236.0	26.1729166842664	23.72753921924763	23.85566528403155	26.24387881245442	0.0
237.0	26.29569242986154	23.761330708860974	23.74612453853497	26.19685232274252	0.0
238.0	26.27598072758709	23.683047091256736	23.8334192200361	26.207552961120072	0.0
239.0	26.260848506693552	23.84587658186856	23.682268992278622	26.211005919159263	0.0
240.0	26.21238105697719	23.737352403641722	23.75762798255174	26.292638556829353	0.0
241.0	26.256783434198926	23.907539714947916	23.680838540889287	26.154838309963868	0.0
242.0	26.14760677622407	23.766071001084306	23.873093658907525	26.213228563784096	0.0
243.0	26.400241095520016	23.669609008410177	23.768187784118116	26.16196211195169	0.0
244.0	26.22695930415972	23.674737482536393	23.940071657127405	26.15823155617648	0.0
245.0	26.257626889468554	23.681245316822256	23.711668366225908	26.34945942748328	0.0
246.0	26.36178220499414	23.77118453078518	23.727519606959344	26.139513657261336	0.0
247.0	26.28325590175158	23.58305840191358	23.81662097780733	26.31706471852751	0.0
248.0	26.21552924202375	23.753754938483823	23.68894174138971	26.34177407810272	0.0
249.0	26.296271247576534	23.665122413093467	23.814757202759367	26.22384913657063	0.0
