# Position (bp)	A	C	G	T	N
0.0	26.217249474785497	23.82103718995515	23.771671233952556	26.190042101306794	0.0
1.0	26.140676145304205	23.858903122116228	23.85161042407039	26.148810308509173	0.0
2.0	26.187718240334316	23.79671570208529	23.779326592716206	26.23623946486418	0.0
3.0	26.189735003687904	23.74590193818342	23.727111851496616	26.33725120663206	0.0
4.0	26.341204876037928	23.858037414365075	23.620236623004423	26.180521086592577	0.0
5.0	26.26307377393938	23.74001065530101	23.780108235426074	26.216807335333534	0.0
6.0	26.14348480727658	23.73945397601577	23.817962097400542	26.29909911930711	0.0
7.0	26.19093679644941	23.676308551530393	23.880697445559377	26.252057206460822	0.0
8.0	26.22643360760292	23.828373586016458	23.642786055704292	26.302406750676326	0.0
9.0	26.268014880059653	23.763242215861784	23.778940846997216	26.189802057081344	0.0
10.0	26.39035274594667	23.7181284058036	23.714204023052947	26.177314825196778	0.0
11.0	26.24851434081582	23.74784158948714	23.85351961070123	26.150124458995805	0.0
12.0	26.187686408180653	23.802222321889086	23.875944654990693	26.134146614939564	0.0
13.0	26.132745049671474	23.713082770838472	23.86389119368511	26.290280985804948	0.0
14.0	26.29140223801942	23.886876864081806	23.718969344964457	26.10275155293432	0.0
15.0	26.192451730092163	23.84090552328841	23.777554773170678	26.18908797344875	0.0
16.0	26.157412598389882	23.859406184827215	23.728499988787476	26.254681227995423	0.0
17.0	26.19861861727177	23.75288722445227	23.686453030744737	26.362041127531228	0.0
18.0	26.17787545130402	23.797176686923958	23.79100979974435	26.233938062027672	0.0
19.0	26.34494203126051	23.618336958715496	23.79997981746014	26.236741192563855	0.0
20.0	26.22132397461485	23.882952481331152	23.671876751956585	26.223846792097415	0.0
21.0	26.277947211445742	23.81455609624829	23.743076267575628	26.164420424730338	0.0
22.0	26.245917952599196	23.745252210963013	23.770760627338856	26.238069209098935	0.0
23.0	26.18480987820432	23.600050456208216	23.870551794699296	26.34458787088817	0.0
24.0	26.321041640387392	23.744411274159415	23.755343452606205	26.179203632846992	0.0
25.0	26.22902569335045	23.805452618950177	23.772095552578023	26.193426135121346	0.0
26.0	26.1379244616618	23.856188997213703	23.853385882392512	26.15250065873198	0.0
27.0	26.194267069567704	23.78891424150516	23.783308011862783	26.233510677064352	0.0
28.0	26.18025149546176	23.737897551759517	23.743503781401895	26.338347171376835	0.0
29.0	26.341710909162263	23.860393669445486	23.616802991484136	26.181092429908116	0.0
30.0	26.263223694168957	23.735935371384684	23.782747388898546	26.21809354554781	0.0
31.0	26.148015675018083	23.73929910917011	23.81722570119917	26.29545951461264	0.0
32.0	26.188380528443204	23.677069960139708	23.870765194283887	26.263784317133197	0.0
33.0	26.22426039815443	23.830120029376644	23.633621680411274	26.311997892057654	0.0
34.0	26.265185874543796	23.766209011453526	23.778823028148878	26.189782085853803	0.0
35.0	26.376469532945006	23.737336928795276	23.716874190600596	26.16931934765912	0.0
36.0	26.240798775599444	23.74462502733037	23.855628374249466	26.158947822820718	0.0
37.0	26.169039036177	23.804891995985937	23.879174538747456	26.146894429089606	0.0
38.0	26.128674182751876	23.71519232170788	23.860673980927608	26.29545951461264	0.0
39.0	26.299103563880184	23.8783336043011	23.721639485796615	26.1009233460221	0.0
40.0	26.1852971021399	23.84469622644683	23.78162614297007	26.188380528443204	0.0
41.0	26.155584085035294	23.8634770957488	23.72920789581383	26.251730923402082	0.0
42.0	26.199592987727964	23.74154160102706	23.69136584572777	26.367499565517207	0.0
43.0	26.169039036177	23.79760389745085	23.797043274486608	26.23631379188554	0.0
44.0	26.348999007697355	23.61287863073447	23.800126700789917	26.237995660778257	0.0
45.0	26.2222982177796	23.890386998032216	23.66025127121257	26.22706351297562	0.0
46.0	26.272193661596766	23.8147028978601	23.748829699562155	26.164273740980974	0.0
47.0	26.248573919332184	23.74960406114137	23.76866518849493	26.23315683103152	0.0
48.0	26.18045842011285	23.603562188329544	23.870417971279366	26.345561420278234	0.0
49.0	26.315848486462396	23.75212685740875	23.760816488996404	26.17120816713245	0.0
50.0	26.223833069842016	23.808122259970624	23.77953064908563	26.188514021101728	0.0
51.0	26.13161110924238	23.857176494332133	23.859699283527867	26.151513112897618	0.0
52.0	26.19944610761658	23.793265834706855	23.78345498783455	26.223833069842016	0.0
53.0	26.181225963425163	23.74813593909426	23.742249430970883	26.328388666509696	0.0
54.0	26.33988137284582	23.860820523170418	23.61639028109478	26.182907822888986	0.0
55.0	26.253826230280197	23.737764472400684	23.780932198638816	26.227477098680303	0.0
56.0	26.15767993093164	23.739446331864507	23.814008768094006	26.28886496910985	0.0
57.0	26.197764248152755	23.671611333490304	23.875676948434187	26.254947469922747	0.0
58.0	26.22551492930584	23.827743953715228	23.634049805464922	26.31269131151401	0.0
59.0	26.258871808671667	23.770000112123967	23.78037157881754	26.19075650038683	0.0
60.0	26.367071434177625	23.7363629228475	23.722908047136915	26.173657595837955	0.0
61.0	26.234765156356872	23.75514368686019	23.855774944778947	26.15431621200399	0.0
62.0	26.165808918340115	23.794947694170677	23.88660903494904	26.152634352540165	0.0
63.0	26.127686770493458	23.71365782008589	23.860820523170418	26.297834886250236	0.0
64.0	26.284660320450286	23.88464686557458	23.721226187673093	26.10946662630204	0.0
65.0	26.181786583246435	23.842600378978997	23.782614058102638	26.192998979671927	0.0
66.0	26.158240550752915	23.85773711415341	23.73215827418794	26.25186406090574	0.0
67.0	26.196082388688936	23.74645407963044	23.696278605626382	26.361184926054243	0.0
68.0	26.173096976016687	23.799712962651505	23.785697467119647	26.24149259421216	0.0
69.0	26.342404162041554	23.617231210826688	23.812046598719544	26.22831802841221	0.0
70.0	26.224673999573927	23.876798188076737	23.663482346081828	26.235045466267504	0.0
71.0	26.27288730420353	23.808122259970624	23.75626492650274	26.16272550932311	0.0
72.0	26.245623673787456	23.75563771727461	23.764607609271504	26.234130999666434	0.0
73.0	26.183955666308805	23.60399048070212	23.866079512486372	26.34597434050271	0.0
74.0	26.323829919635372	23.75647864464932	23.75647864464932	26.163212791065988	0.0
75.0	26.221723896285916	23.813875262789068	23.773510861948143	26.190889978976873	0.0
76.0	26.127540294323758	23.856762438682548	23.859845830413455	26.155851436580242	0.0
77.0	26.185844428871757	23.79229152067274	23.794533987386124	26.227330063069378	0.0
78.0	26.179957953749124	23.740714786264892	23.740714786264892	26.338612473721096	0.0
79.0	26.34365802382621	23.852557813594956	23.612333566923617	26.19145059565522	0.0
80.0	26.2489138051857	23.743798177995796	23.786405045550104	26.220882971268395	0.0
81.0	26.162298528381218	23.752768044849333	23.801822004204627	26.28311142256482	0.0
82.0	26.20406447091801	23.674001401541698	23.876384022424666	26.24555010511563	0.0
83.0	26.21499649614576	23.83405746320953	23.639523475823406	26.311422564821303	0.0
84.0	26.25564120532586	23.775473020322355	23.781079187105817	26.18780658724597	0.0
85.0	26.371688857743518	23.73875262789068	23.72361597757533	26.16594253679047	0.0
86.0	26.23489838822705	23.760056061667832	23.8458304134548	26.159215136650317	0.0
87.0	26.158093903293622	23.796496145760337	23.89404344779257	26.15136650315347	0.0
88.0	26.131184302733008	23.714646110721795	23.859565522074284	26.294604064470917	0.0
89.0	26.282831114225647	23.891520672740015	23.720252277505256	26.10539593552908	0.0
90.0	26.185844428871757	23.84751226348984	23.781920112123338	26.184723195515065	0.0
91.0	26.1614576033637	23.857883672039243	23.735669236159776	26.24498948843728	0.0
92.0	26.202943237561314	23.746601261387525	23.688297126839526	26.36215837421163	0.0
93.0	26.17687456201822	23.80742817098809	23.7875262789068	26.228170988086895	0.0
94.0	26.347862648913807	23.621864050455503	23.807147862648915	26.223125437981782	0.0
95.0	26.221723896285916	23.870777855641208	23.67175893482831	26.235739313244572	0.0
96.0	26.274982480728802	23.79929922915207	23.75977575332866	26.16594253679047	0.0
97.0	26.243794691535555	23.756625769794617	23.76251222841702	26.237067310252808	0.0
98.0	26.184089182651206	23.596850464329464	23.87071094404781	26.348349408971522	0.0
99.0	26.326765727356054	23.760830383096334	23.75438330936704	26.158020580180576	0.0
100.0	26.21793290577208	23.80785531685877	23.782067094227923	26.192144683141226	0.0
101.0	26.13047719424138	23.860272682423645	23.858871148585013	26.150378974749966	0.0
102.0	26.196629591424852	23.792438444633806	23.78795353635018	26.222978427591155	0.0
103.0	26.180091492128987	23.746468134726644	23.742263533210746	26.331176839933622	0.0
104.0	26.345192178319955	23.85494685383684	23.61248149975333	26.187379468089876	0.0
105.0	26.251009104363813	23.734414943714402	23.78739292281473	26.227183029107053	0.0
106.0	26.1613109386913	23.75095304301027	23.803370408575145	26.28436560972328	0.0
107.0	26.212887383953	23.661815490873213	23.873166793739067	26.25213033143472	0.0
108.0	26.219054132842984	23.825794949993274	23.63462573440373	26.32052518276001	0.0
109.0	26.26053953446652	23.77309727766067	23.777582185944297	26.18878100192851	0.0
110.0	26.382192671659865	23.7386195452303	23.71619500381217	26.16299277929766	0.0
111.0	26.24484235547383	23.75011212270709	23.846257344037312	26.158788177781766	0.0
112.0	26.163553392833116	23.79860519352379	23.88886397273176	26.14897744091133	0.0
113.0	26.132999955150915	23.70722518724492	23.86223482979773	26.29754002780643	0.0
114.0	26.292774812755077	23.88045476969996	23.72796788805669	26.098802529488275	0.0
115.0	26.18990222899942	23.84345427636005	23.780945867157016	26.185697627483517	0.0
116.0	26.170000448490825	23.847939184643675	23.733574023411222	26.248486343454275	0.0
117.0	26.196349284657128	23.74114230613984	23.686202179665425	26.376306229537605	0.0
118.0	26.178409651522628	23.802809795039693	23.790756604027447	26.228023949410233	0.0
119.0	26.351919540745396	23.62397407723012	23.79888550029152	26.22522088173297	0.0
120.0	26.221576893752523	23.874848634345426	23.672747454814548	26.2308270170875	0.0
121.0	26.276517020226937	23.7997264205947	23.757119791900255	26.166636767278106	0.0
122.0	26.244074999089	23.751019618725667	23.759428845329094	26.245476536856238	0.0
123.0	26.188293795952923	23.59124431326051	23.86230171744438	26.358160173342192	0.0
124.0	26.32480357448192	23.760830383096334	23.74681500542395	26.167551036997793	0.0
125.0	26.213594954449892	23.800420462508757	23.78668535388928	26.199299229152068	0.0
126.0	26.12894183601962	23.859845830413455	23.858724597056764	26.15248773651016	0.0
127.0	26.20042046250876	23.80322354590049	23.789208128941837	26.207147862648917	0.0
128.0	26.18051857042747	23.745760336370004	23.742957252978275	26.330763840224247	0.0
129.0	26.347582340574633	23.85087596355992	23.614295725297826	26.187245970567623	0.0
130.0	26.250595655220742	23.728941836019622	23.78416257883672	26.236299929922914	0.0
131.0	26.160616678346184	23.74211632796076	23.80490539593553	26.292361597757534	0.0
132.0	26.209110021023125	23.661948142957254	23.876384022424666	26.252557813594958	0.0
133.0	26.225441416794443	23.818146652127968	23.6309001566928	26.32551177438479	0.0
134.0	26.255434493159058	23.76600915489602	23.786471721013935	26.19208463093099	0.0
135.0	26.36867937961985	23.743584424903784	23.71555351241349	26.172182683062882	0.0
136.0	26.23840918519515	23.75234058775382	23.84736564745983	26.161884579591195	0.0
137.0	26.161323959769923	23.795788623902585	23.879040667361835	26.163846748965657	0.0
138.0	26.114512204693508	23.716180609281622	23.86362362227679	26.30568356374808	0.0
139.0	26.27989505196946	23.88072252682566	23.72627176606456	26.113110655140325	0.0
140.0	26.17842286431879	23.855214324957675	23.780932198638816	26.18543061208472	0.0
141.0	26.16749077780394	23.850168746566204	23.735521993115587	26.246818482514268	0.0
142.0	26.189635260744275	23.739446331864507	23.684785899290254	26.386132508100957	0.0
143.0	26.17674100485497	23.79634924372386	23.795228004081313	26.23168174733986	0.0
144.0	26.346402352367367	23.631312947270754	23.80706775389842	26.21521694646346	0.0
145.0	26.22558844222937	23.865933000137353	23.678124833565526	26.230353724067758	0.0
146.0	26.27408219270239	23.79361284047238	23.76361959596016	26.16868537086507	0.0
147.0	26.23098787372528	23.758920912918434	23.763966519596575	26.246124693759704	0.0
148.0	26.191744266228632	23.589052154754363	23.86515896464151	26.354044614375493	0.0
149.0	26.322089105413937	23.759481535882674	23.7524737488297	26.16595560987369	0.0
150.0	26.221530785294817	23.80916340803655	23.774404686821118	26.194901119847508	0.0
151.0	26.12517659722378	23.857724306505506	23.86613369811405	26.15096539815666	0.0
152.0	26.198057991164532	23.793812930280538	23.79353261722692	26.21459646132801	0.0
153.0	26.17311012939251	23.75260691139865	23.742235328414772	26.33204763079407	0.0
154.0	26.346063283474987	23.86192900230978	23.61525351512569	26.17675419908954	0.0
155.0	26.243188392797073	23.73466687596708	23.784842912564752	26.237301818671092	0.0
156.0	26.157973224497116	23.743917206736484	23.808949835175923	26.289159733590473	0.0
157.0	26.215717713542485	23.662346108133566	23.874543089722604	26.24739308860135	0.0
158.0	26.222518731972315	23.832002309786034	23.625971637845733	26.319507320395914	0.0
159.0	26.25475482350039	23.758279770030526	23.791917430755475	26.19504797571361	0.0
160.0	26.356228433353984	23.742862508864924	23.7266043061812	26.17430475159989	0.0
161.0	26.238289856534973	23.755823536337182	23.852251767383713	26.15363483974413	0.0
162.0	26.16232459312332	23.794506954605847	23.885048578524536	26.158119873746294	0.0
163.0	26.12588369185574	23.704525959937435	23.873835993519126	26.295754354687702	0.0
164.0	26.277814218679048	23.87663913977048	23.726390500697985	26.119156140852496	0.0
165.0	26.176620639005222	23.86290372313885	23.78133216722449	26.179143470631438	0.0
166.0	26.172976548878463	23.84468327250506	23.742929063580963	26.239411115035516	0.0
167.0	26.19428046038874	23.74713378295799	23.680979531426072	26.377606225227197	0.0
168.0	26.174938751254405	23.792825066855038	23.805158910360987	26.227077271529563	0.0
169.0	26.33759506196372	23.63171040054269	23.80999100187531	26.220703535618277	0.0
170.0	26.220983851029178	23.86773597652078	23.689175059777263	26.22210511267278	0.0
171.0	26.268917786293137	23.797937439206596	23.763178328254952	26.16996644624531	0.0
172.0	26.223860514660537	23.76352525648932	23.768851264226047	26.243762964624096	0.0
173.0	26.194427314010206	23.593933957504063	23.861355609127095	26.350283119358636	0.0
174.0	26.33066098559175	23.755956719179235	23.74446375511577	26.168918540113246	0.0
175.0	26.225055292524786	23.814048926526116	23.77312264708933	26.18777313385977	0.0
176.0	26.132343624732997	23.858686206683895	23.85924684222034	26.149723326362768	0.0
177.0	26.195975758119406	23.78440199810505	23.80458487741704	26.2150373663585	0.0
178.0	26.17859605648964	23.749922912613737	23.74347560394463	26.328005426951997	0.0
179.0	26.342301633131314	23.8536404868559	23.622938963609148	26.181118916403634	0.0
180.0	26.238023423352715	23.737028295275525	23.78300040926394	26.241947872107822	0.0
181.0	26.158693494945872	23.742914968408186	23.815797588145923	26.282593948500022	0.0
182.0	26.21307514198095	23.653773918113576	23.884475441360326	26.248675498545147	0.0
183.0	26.220436904498275	23.835766965579687	23.623285501644066	26.320510628277976	0.0
184.0	26.26612882880105	23.762603822984442	23.78082452899475	26.19044281921976	0.0
185.0	26.355270128974567	23.748587895284203	23.726442729517824	26.16969924622341	0.0
186.0	26.246019465374953	23.75005606386796	23.853213580911376	26.150710889845712	0.0
187.0	26.172295479009687	23.79658907427341	23.87339657337639	26.157718873340507	0.0
188.0	26.127164065303194	23.70268209544313	23.866668909221385	26.303484930032294	0.0
189.0	26.283582256907067	23.875358808754935	23.727630516684606	26.113428417653388	0.0
190.0	26.17565931108719	23.856016774309293	23.781732149264442	26.186591765339074	0.0
191.0	26.168651327592396	23.85713805166846	23.73099434876211	26.243216271977037	0.0
192.0	26.20341092572659	23.740525206315034	23.67885495156082	26.37720891639756	0.0
193.0	26.177901865805524	23.794346519555077	23.801634822389666	26.226116792249734	0.0
194.0	26.34028060044571	23.62622114454707	23.806747305422792	26.226750949584428	0.0
195.0	26.22871319046351	23.870099653804644	23.687330931924258	26.213856223807586	0.0
196.0	26.278610172817356	23.800580262659956	23.75460776206428	26.166201802458406	0.0
197.0	26.229627677765503	23.752992425728976	23.76784943403208	26.24953046247344	0.0
198.0	26.186738578324466	23.599096245381713	23.86652239483761	26.34764278145621	0.0
199.0	26.32661871310276	23.756916918488287	23.749348253881042	26.16711611452791	0.0
200.0	26.226617666434	23.804918524498714	23.777727319872284	26.190736489195	0.0
201.0	26.129138961461262	23.86104975163428	23.85292039962773	26.156890887276724	0.0
202.0	26.194454099996634	23.789847840956234	23.794052678201002	26.221645380846127	0.0
203.0	26.186605070473075	23.757891077896012	23.73434398932532	26.3211598623056	0.0
204.0	26.341903726046446	23.85796620432145	23.620813383716627	26.179316685915477	0.0
205.0	26.240707309689064	23.73995043898501	23.77807429667089	26.241267954655033	0.0
206.0	26.155208952378818	23.73434398932532	23.820683314084523	26.289763744211342	0.0
207.0	26.2076292566969	23.65445208167476	23.89272619221152	26.245192469416818	0.0
208.0	26.22760567486425	23.826917200916096	23.623682831040757	26.321794293178897	0.0
209.0	26.262926406732245	23.769450930813413	23.781224508102746	26.186398154351597	0.0
210.0	26.36692633945466	23.748987332191483	23.716750156280224	26.167336172073636	0.0
211.0	26.247301880974405	23.741765480895914	23.865668713032264	26.14526392509741	0.0
212.0	26.165447257029122	23.79811061587195	23.873517786561266	26.162924340537664	0.0
213.0	26.116670871527486	23.708687242452275	23.860062231940123	26.314579654080116	0.0
214.0	26.279539147254226	23.875480054943516	23.726067333837918	26.118913463964343	0.0
215.0	26.173576654612734	23.844364084882123	23.789981218288343	26.192078042216803	0.0
216.0	26.16965211784823	23.8552967230118	23.722423121128024	26.252628038011945	0.0
217.0	26.203291004401088	23.734196731421523	23.680374512936954	26.382137751240435	0.0
218.0	26.17469795083116	23.795307375325876	23.795587699380484	26.234406974462477	0.0
219.0	26.334836808894146	23.628300474589956	23.810511620866258	26.22635109564964	0.0
220.0	26.230836293096438	23.863212690866177	23.69641941081325	26.209531605224136	0.0
221.0	26.284378337617632	23.806306748259885	23.749400805653593	26.159914108468897	0.0
222.0	26.225303312327604	23.750028032562625	23.76236236011751	26.26230629499226	0.0
223.0	26.182413491511742	23.59977349689399	23.869727074970285	26.34808593662398	0.0
224.0	26.33182705030163	23.757316498845057	23.742459240653943	26.168397210199366	0.0
225.0	26.23574890602618	23.80027303792536	23.77308137595416	26.1908966800943	0.0
226.0	26.12761615357445	23.855564214551226	23.856685523342847	26.16013410853148	0.0
227.0	26.202463515415193	23.78211848870001	23.790808631835077	26.224609364049716	0.0
228.0	26.19181108189479	23.749600533742985	23.731098938681228	26.327489445681003	0.0
229.0	26.34010416958674	23.858647813728183	23.621491004300218	26.179757012384858	0.0
230.0	26.242269977517758	23.73810711862886	23.77987587111677	26.23974703273661	0.0
231.0	26.156489854958707	23.727174357910553	23.82276593239629	26.293569854734443	0.0
232.0	26.207509404977493	23.662418775194407	23.886119879122912	26.24395194070519	0.0
233.0	26.227486158805803	23.830681897820448	23.625762141705795	26.31606980166795	0.0
234.0	26.26392879669213	23.765645805592545	23.777139252925924	26.1932861447894	0.0
235.0	26.35924031116406	23.740135959072113	23.734529399397296	26.16609433036653	0.0
236.0	26.251107298639848	23.743005797198954	23.856819277648828	26.149067626512373	0.0
237.0	26.163364393761	23.789540372949393	23.871957031206197	26.175138202083403	0.0
238.0	26.119072448167213	23.704600755766364	23.864668483197093	26.311658312869334	0.0
239.0	26.272131956358418	23.882329195680693	23.722822125789126	26.122716722171763	0.0
240.0	26.164904696624365	23.845327905848844	23.786455398468753	26.203311999058037	0.0
241.0	26.16352095459184	23.850777736657356	23.72965941078177	26.256041897969023	0.0
242.0	26.204108183281278	23.737571988537912	23.665232970890553	26.39308685729026	0.0
243.0	26.175821525812974	23.790108882489353	23.794595413083282	26.23947417861439	0.0
244.0	26.326859117091146	23.63331968569297	23.81167378026551	26.22814741695037	0.0
245.0	26.225347214431554	23.87085193744531	23.694159617671477	26.20964123045166	0.0
246.0	26.291814627195564	23.806077741687563	23.75250340800081	26.149604223116064	0.0
247.0	26.225314183123878	23.749719479353683	23.765709156193896	26.259257181328543	0.0
248.0	26.184244117704818	23.60604963936137	23.86611343494618	26.34359280798763	0.0
249.0	26.3315294388289	23.746882460702874	23.74351593907718	26.178072161391047	0.0
