# Position (bp)	A	C	G	T	N
0.0	26.446285612057785	23.62387629142627	23.711369023659376	26.21846907285657	0.0
1.0	26.187161769309895	23.716680084082473	23.739042443758667	26.357115702848965	0.0
2.0	26.126987321392637	23.828290959504482	23.75673620893987	26.287985510163008	0.0
3.0	26.307066235123788	23.715572996148534	23.725634876714015	26.25172589201366	0.0
4.0	26.244403329215597	23.793327035623054	23.699420349802406	26.262849285358943	0.0
5.0	26.193044625290646	23.781523877660526	23.724512609551066	26.300918887497765	0.0
6.0	26.203803322667635	23.77398035462281	23.784878928027496	26.237337394682054	0.0
7.0	26.316980752464623	23.64920752017526	23.682460376008763	26.351351351351347	0.0
8.0	26.220328326929792	23.655466294097103	23.765840027942716	26.35836535103039	0.0
9.0	26.105859638044198	23.77664583152877	23.778601745233857	26.338892785193174	0.0
10.0	26.237968175912602	23.864153895586817	23.734231150724355	26.16364677777623	0.0
11.0	26.261438091113565	23.62274905351979	23.894329500845195	26.221483354521453	0.0
12.0	26.28993727385759	23.774185887316467	23.625822494796108	26.310054344029844	0.0
13.0	26.1315153462511	23.764965563487518	23.837889942861935	26.26562914739945	0.0
14.0	26.19438119053939	23.776700521088	23.847110266690883	26.18180802168173	0.0
15.0	26.17342590910996	23.81861108394686	23.74428968581048	26.263673321132703	0.0
16.0	26.204998533130304	23.798773417527	23.731995920705216	26.264232128637488	0.0
17.0	26.310333747782234	23.76859781226862	23.643424931196826	26.277643508752323	0.0
18.0	26.259202861094426	23.857727609281792	23.684497282798507	26.198572246825275	0.0
19.0	26.21366004945446	23.761333314706416	23.787597267431302	26.237409368407818	0.0
20.0	26.245718149458234	23.908232887965	23.728576777142603	26.117472185434167	0.0
21.0	26.35608232329159	23.75204662676792	23.728856180114335	26.163014869826156	0.0
22.0	26.19235218185781	23.704548121573822	23.905159455275964	26.197940241292407	0.0
23.0	26.261364715875118	23.840337965834603	23.75009080596581	26.148206512324467	0.0
24.0	26.349097248998337	23.74226752275737	23.67353439171179	26.2351008365325	0.0
25.0	26.466446497124945	23.587478276418945	23.72410632959492	26.221968896861185	0.0
26.0	26.186484719451474	23.70203349482825	23.749532000022352	26.36194978569792	0.0
27.0	26.13814800534218	23.810721250831225	23.759031701061172	26.29209904276542	0.0
28.0	26.302995758662888	23.712092001810532	23.720474090962433	26.264438148564146	0.0
29.0	26.22643934440887	23.815750504322363	23.69113677893078	26.26667337233799	0.0
30.0	26.19346979374473	23.792001251725313	23.71712125530167	26.297407699228287	0.0
31.0	26.209675166105068	23.770766625873833	23.784457371488603	26.2351008365325	0.0
32.0	26.294893072482715	23.66124066095567	23.687504540298292	26.356361726263323	0.0
33.0	26.223086508748107	23.65146155694512	23.771046028845564	26.35440590546121	0.0
34.0	26.082267410996185	23.783619162573412	23.788927819036285	26.34518560739412	0.0
35.0	26.238659763569867	23.859550106591936	23.728510478979175	26.173279650859023	0.0
36.0	26.274982048409225	23.62596987485576	23.89391657609379	26.205131500641226	0.0
37.0	26.29034916891818	23.774332438314982	23.62177884198968	26.31353955077716	0.0
38.0	26.13025171343394	23.751980263029225	23.84474179046512	26.27302623307172	0.0
39.0	26.212395957609097	23.775170644888195	23.84278597512762	26.169647422375085	0.0
40.0	26.178029488107246	23.825742441472226	23.7402453710042	26.25598269941633	0.0
41.0	26.207646120360877	23.786626134722148	23.73577493594705	26.269952808969926	0.0
42.0	26.308789713528935	23.767067981347108	23.64608683261294	26.278055472511014	0.0
43.0	26.254585688460967	23.853962062770496	23.69917324891662	26.192278999851915	0.0
44.0	26.198984652437645	23.770979612022117	23.791655374161444	26.238380361378795	0.0
45.0	26.245012684824033	23.914525520524826	23.733752807984175	26.106708986666966	0.0
46.0	26.349508812320483	23.746605272863416	23.728444181186227	26.175441733629874	0.0
47.0	26.184661980173672	23.70273925142774	23.911731506420644	26.20086726197794	0.0
48.0	26.26764419906792	23.839925343943136	23.748561082736348	26.1438693742526	0.0
49.0	26.352582227835086	23.740458441834214	23.670049286408798	26.236910043921903	0.0
50.0	26.477195256881657	23.572817595583224	23.723973758619536	26.226013388915586	0.0
51.0	26.187176592867438	23.701901047196486	23.749399286967602	26.361523072968474	0.0
52.0	26.131575712194195	23.803603160588754	23.76113414620517	26.303686981011882	0.0
53.0	26.311789621914013	23.701062842965232	23.71531231489657	26.271835220224194	0.0
54.0	26.23635124110106	23.79801513238039	23.703298054248577	26.26233557226997	0.0
55.0	26.19248521966539	23.79382411122411	23.723694357209116	26.28999631190138	0.0
56.0	26.21679314237178	23.7692367871073	23.77622182236776	26.23774824815316	0.0
57.0	26.302289973959788	23.654402807425374	23.685975166802642	26.3573320518122	0.0
58.0	26.228248600198935	23.659152631402485	23.76588397018228	26.346714798216304	0.0
59.0	26.083518669602245	23.794662315455366	23.781809850576124	26.34000916436626	0.0
60.0	26.23655733720024	23.85997558038496	23.73173069132098	26.171736391093823	0.0
61.0	26.27818803103582	23.619691038783603	23.89937106918239	26.202749860998185	0.0
62.0	26.289084655596813	23.77056737885887	23.62863185893621	26.311716106608102	0.0
63.0	26.141281722449	23.751568136034578	23.846284949526275	26.260865191990142	0.0
64.0	26.227057715788092	23.76246476059557	23.84544674763697	26.16503077597937	0.0
65.0	26.186544624471587	23.820859492217295	23.740392110843818	26.252203772467304	0.0
66.0	26.20945547611264	23.792919429240396	23.732289492580517	26.265335602066447	0.0
67.0	26.311157305348566	23.770008577599334	23.64260189042466	26.27623222662744	0.0
68.0	26.25611538128407	23.857181574087267	23.69987901952731	26.18682402510135	0.0
69.0	26.211970081780567	23.767773372561184	23.7856550128664	26.234601532791856	0.0
70.0	26.240954429884606	23.912156687435388	23.730546785504735	26.116342097175266	0.0
71.0	26.35271436953424	23.74200217931882	23.730267385655612	26.175016065491324	0.0
72.0	26.18507446005979	23.698415802855465	23.917185884719622	26.19932385236512	0.0
73.0	26.26274761811629	23.840909725908748	23.740884579922326	26.15545807605264	0.0
74.0	26.35914056606409	23.73501718309072	23.67243161688693	26.23341063395826	0.0
75.0	26.487105696962924	23.571009471654886	23.71182699561342	26.230057835768765	0.0
76.0	26.181442262021175	23.692269006174737	23.755692771925904	26.37059595987818	0.0
77.0	26.137297085859572	23.79313235170853	23.766030566343492	26.303539996088404	0.0
78.0	26.30745159397614	23.70065100164846	23.71657679304853	26.27532061132687	0.0
79.0	26.22670503757928	23.802352546729626	23.70484199938532	26.266100416305775	0.0
80.0	26.19317705568439	23.78950015366992	23.72412058897488	26.293202201670812	0.0
81.0	26.213293844821322	23.777765360006704	23.782515157441814	26.226425637730156	0.0
82.0	26.297393199407672	23.651197228353496	23.682490011455393	26.36891956078344	0.0
83.0	26.237322231845994	23.65287362744824	23.768265765136487	26.34153837556928	0.0
84.0	26.086725713168114	23.78335335698919	23.785867955631304	26.344052974211397	0.0
85.0	26.236690126875118	23.85006328388901	23.729083487235652	26.18416310200022	0.0
86.0	26.273570803914943	23.6181620570477	23.897840524599694	26.210426614437665	0.0
87.0	26.292011142434852	23.771272746576663	23.630455616060974	26.306260494927507	0.0
88.0	26.139459251042858	23.757302793152487	23.848107490409625	26.255130465395027	0.0
89.0	26.21461760046492	23.77015515030273	23.854533668984747	26.160693580247603	0.0
90.0	26.186398294548084	23.828549555615783	23.736347863016224	26.24870428681991	0.0
91.0	26.209588417232215	23.786639695343258	23.737744858358642	26.266027029065885	0.0
92.0	26.33336220457041	23.758140990357937	23.63492600115671	26.273570803914943	0.0
93.0	26.267144625339817	23.844754701587824	23.6944380027437	26.193662670328656	0.0
94.0	26.20036824797226	23.777140127014817	23.788316089754158	26.234175535258764	0.0
95.0	26.242763584344754	23.90196472876014	23.73711973893024	26.11815194796486	0.0
96.0	26.352567111468737	23.737957933793783	23.731811171461143	26.177663783276333	0.0
97.0	26.175987393549256	23.7049889358278	23.920125617470216	26.198898053152732	0.0
98.0	26.270703413129485	23.8391001139945	23.7410313149601	26.14916515791591	0.0
99.0	26.353405306332284	23.748854467019825	23.66866715840765	26.22907306824024	0.0
100.0	26.485001899908355	23.576465723418046	23.718958850220165	26.21957352645343	0.0
101.0	26.182134155881894	23.684872259102796	23.76310377970004	26.36988980531527	0.0
102.0	26.13715103153848	23.78992601533338	23.767574152305595	26.305348800822546	0.0
103.0	26.30926037685241	23.703591944388563	23.715606070766	26.271541607993026	0.0
104.0	26.239969601466285	23.791323006772615	23.703591944388563	26.26511544737254	0.0
105.0	26.19778046000134	23.79998435369588	23.712532689599676	26.2897024967031	0.0
106.0	26.219294128165583	23.77092693175976	23.787411430742754	26.2223675093319	0.0
107.0	26.296128657323585	23.64435950736494	23.699680368358703	26.35983146695277	0.0
108.0	26.239969601466285	23.64938867654619	23.769809338608372	26.340832383379155	0.0
109.0	26.091050314043674	23.780985270122265	23.784896846152126	26.34306756968193	0.0
110.0	26.24296966022469	23.856914948604828	23.721686555112555	26.178428836057925	0.0
111.0	26.2865556713503	23.62082405500778	23.89547180460056	26.19714846904136	0.0
112.0	26.29437880155233	23.767787143803105	23.630882365267535	26.30695168937703	0.0
113.0	26.139871980062196	23.744597150704223	23.858311936140904	26.25721893309268	0.0
114.0	26.221456052169103	23.777007261541215	23.848812420895584	26.152724265394106	0.0
115.0	26.184016786202235	23.812211347450358	23.75018510084853	26.253586765498877	0.0
116.0	26.222014847183534	23.77980123661337	23.74292076566093	26.25526315054217	0.0
117.0	26.32427433482438	23.764713771223732	23.640381880512862	26.27063001343902	0.0
118.0	26.259454113150404	23.845459650808994	23.692349816854936	26.20273641918567	0.0
119.0	26.19854545657744	23.768904733831963	23.801035447161738	26.23151436242886	0.0
120.0	26.258968685039896	23.90000894074521	23.727340798855582	26.113681575359305	0.0
121.0	26.3564786874986	23.723149824537877	23.73711973893024	26.183251749033282	0.0
122.0	26.18017836786696	23.697445182055922	23.926272379802857	26.196104070274256	0.0
123.0	26.267350633675317	23.83295335166186	23.746060484141353	26.15363553052147	0.0
124.0	26.349214332014576	23.73292876461253	23.68151947964863	26.236337423724265	0.0
125.0	26.492825051968083	23.570598359373253	23.715885469053845	26.220691119604815	0.0
126.0	26.179340173003418	23.677607903618767	23.765618364290663	26.377433559087148	0.0
127.0	26.143018395583272	23.78154406669796	23.762544983124343	26.312892554594423	0.0
128.0	26.31373074945797	23.696327588904534	23.72370862111357	26.26623304052393	0.0
129.0	26.232705245982253	23.790205413621226	23.702474351237175	26.274614989159346	0.0
130.0	26.184928138760366	23.801381345135116	23.717841257068777	26.29584925903574	0.0
131.0	26.21538255213572	23.768691745456984	23.79607277766602	26.21985292474128	0.0
132.0	26.305628199110398	23.641565524486467	23.682637072800016	26.370169203603123	0.0
133.0	26.23158765283086	23.656373633742373	23.768971143744828	26.34306756968193	0.0
134.0	26.100063982386683	23.781889911179036	23.78272810838449	26.335317998049796	0.0
135.0	26.243189628677598	23.86437931323517	23.726355787767876	26.166075270319354	0.0
136.0	26.28761420468833	23.617389846609484	23.903774691961665	26.191221256740523	0.0
137.0	26.28936405622658	23.771964382007717	23.63449927216136	26.304172289604338	0.0
138.0	26.149384340712306	23.74262731588197	23.856063971568194	26.251924371837532	0.0
139.0	26.239071942868158	23.768052773190952	23.843490943228588	26.149384340712306	0.0
140.0	26.19408844147535	23.814433277732608	23.743465517771277	26.248012763020768	0.0
141.0	26.223425507601096	23.764420565003956	23.752126937294115	26.260026990100837	0.0
142.0	26.326803740615635	23.767493971931415	23.643719492943738	26.26198279450922	0.0
143.0	26.26114459261991	23.84181453944997	23.701834823935695	26.195206043994425	0.0
144.0	26.192412037696734	23.764420565003956	23.80828646387769	26.23488093342162	0.0
145.0	26.255423895034184	23.903416250590237	23.729628087743464	26.111531766632112	0.0
146.0	26.361317325450468	23.71789319571844	23.741083577577417	26.17970590125368	0.0
147.0	26.179147096871535	23.693026400713034	23.927444839022428	26.200381663393003	0.0
148.0	26.27051161335207	23.8279776590008	23.749745045500646	26.151765682146475	0.0
149.0	26.35384709951775	23.733326627662013	23.67604901845736	26.236777254362874	0.0
150.0	26.488798734863344	23.57462573971937	23.71991528501897	26.216660240398316	0.0
151.0	26.180058451101683	23.67576961548563	23.765178566439232	26.378993366973454	0.0
152.0	26.146809497465817	23.78138393879957	23.771884237760755	26.299922325973856	0.0
153.0	26.315010086447277	23.695886629450193	23.729414986057794	26.259688298044736	0.0
154.0	26.227277553324058	23.788648416064554	23.71572424044302	26.268349790168365	0.0
155.0	26.185646510536287	23.796751102244723	23.72717976228395	26.29042262493504	0.0
156.0	26.211630986907174	23.763222745637123	23.801780355735865	26.22336591171984	0.0
157.0	26.302716355691157	23.64028543807592	23.68359289869407	26.37340530753885	0.0
158.0	26.2378948662498	23.65118215397339	23.774957670449783	26.33596530932703	0.0
159.0	26.099663318478367	23.775024098573645	23.793464746231543	26.33184783671645	0.0
160.0	26.241953149447895	23.861147123250927	23.718930215923823	26.177969511377352	0.0
161.0	26.287775492869596	23.618065179489474	23.90613125307345	26.188028074567484	0.0
162.0	26.295672291095634	23.75699561054252	23.65780672416828	26.289525374193566	0.0
163.0	26.15457260766185	23.741907723601088	23.848361148132316	26.255158520604745	0.0
164.0	26.233644311447513	23.76649539120935	23.85311103846573	26.146749258877406	0.0
165.0	26.192571730329167	23.81902359019064	23.751128098954187	26.237276580526007	0.0
166.0	26.232247284878863	23.772642308111415	23.745819397993312	26.249291009016414	0.0
167.0	26.328921523429532	23.75280453083657	23.66563007295273	26.252643872781174	0.0
168.0	26.26186424813427	23.838302556838027	23.71173194971822	26.188101245309483	0.0
169.0	26.188660055936946	23.774039334680065	23.805891540445316	26.231409068937673	0.0
170.0	26.25837871366663	23.90605223232123	23.734217004143606	26.101352049868538	0.0
171.0	26.35421527182098	23.719687846639154	23.742319803521088	26.18377707801878	0.0
172.0	26.173718430515702	23.69230597288077	23.929522409828415	26.204453186775112	0.0
173.0	26.27206965054582	23.822788983545728	23.753775485399593	26.151365880508852	0.0
174.0	26.362950544844928	23.72226879016485	23.67700474993015	26.237775915060073	0.0
175.0	26.480860575579772	23.583962000558813	23.720033528918695	26.21514389494272	0.0
176.0	26.174909192511876	23.679240011176304	23.765297569153397	26.380553227158426	0.0
177.0	26.155071248952222	23.78429728974574	23.764459346186083	26.296172115115958	0.0
178.0	26.32271584241408	23.695166247555182	23.717798267672535	26.264319642358203	0.0
179.0	26.227717239452357	23.79435596535345	23.713048337524448	26.264878457669738	0.0
180.0	26.190556021234983	23.79603241128807	23.7236658284437	26.28974573903325	0.0
181.0	26.204526404023472	23.768091645711092	23.799944118468847	26.22743783179659	0.0
182.0	26.30203967588712	23.643755238893547	23.690695725062866	26.363509360156467	0.0
183.0	26.236378876781224	23.645711092483936	23.77367979882649	26.344230231908355	0.0
184.0	26.097865598953895	23.784363745078917	23.784922561951834	26.332848094015347	0.0
185.0	26.237363718154334	23.851767822116916	23.724357219095943	26.186511240632804	0.0
186.0	26.287377968024412	23.61482880597265	23.90569380102711	26.19209942497583	0.0
187.0	26.30142191747905	23.757114477070218	23.64870339790498	26.292760207545747	0.0
188.0	26.157246358589205	23.73420285724664	23.847084496377448	26.26146628778671	0.0
189.0	26.232407648010458	23.766055597001372	23.861893226263422	26.139643528724744	0.0
190.0	26.193290248311662	23.816349396614108	23.747893947141215	26.24246640793301	0.0
191.0	26.231848828014765	23.76437913701428	23.75487919708743	26.248892837883524	0.0
192.0	26.317907107352116	23.763261497022885	23.669659147743623	26.249172247881376	0.0
193.0	26.26537802775659	23.83981983643339	23.703747167481147	26.191054968328874	0.0
194.0	26.19440788830306	23.765776187003524	23.805452406698016	26.2343635179954	0.0
195.0	26.26943656659076	23.897791251624078	23.732379608544406	26.100392573240754	0.0
196.0	26.353260034367622	23.729306081392586	23.742717836236885	26.174716048002907	0.0
197.0	26.177510163595468	23.683761997233827	23.94110004330879	26.197627795861916	0.0
198.0	26.2621718660501	23.825423657776724	23.758085471995976	26.1543190041772	0.0
199.0	26.358363090747538	23.71707824104344	23.68829877002688	26.236259898182148	0.0
200.0	26.479628046293037	23.575416184680382	23.728813559322035	26.21614220970455	0.0
201.0	26.170877410629963	23.691931130446445	23.755078319278894	26.382113139644698	0.0
202.0	26.16012651861455	23.77644652576755	23.766667039218536	26.29675991639936	0.0
203.0	26.32540724803711	23.694431249825364	23.721813965184833	26.258347536952698	0.0
204.0	26.222023526781975	23.801726787560423	23.705887283802284	26.27036240185532	0.0
205.0	26.187934840314064	23.809829835983123	23.71315208583643	26.289083237866386	0.0
206.0	26.20693509178798	23.755902651652743	23.811506328760235	26.225655927799046	0.0
207.0	26.296068624437673	23.65168068400905	23.681019307608484	26.37123138394479	0.0
208.0	26.241170422031473	23.648459853361945	23.769726841917024	26.340642882689558	0.0
209.0	26.100137752977897	23.777337539502692	23.794661443416498	26.327863264102913	0.0
210.0	26.23712578865896	23.85424408889982	23.729064562458436	26.179565559982787	0.0
211.0	26.287421134104154	23.61869422106481	23.899509899800496	26.19437474503054	0.0
212.0	26.294200651047124	23.76377886751331	23.647260991659333	26.294759489780233	0.0
213.0	26.16930019419646	23.73332215655867	23.85486958101066	26.242508068234212	0.0
214.0	26.22881651927295	23.7612640932143	23.867164033139137	26.14275535437361	0.0
215.0	26.194594322725585	23.822590064350642	23.73485189293708	26.2479637199867	0.0
216.0	26.229668521100592	23.763485627904245	23.7534264182787	26.253419432716463	0.0
217.0	26.32411332258488	23.764603317862644	23.678541191066305	26.232742168486173	0.0
218.0	26.260404994956428	23.84451814988781	23.720733986995675	26.17434286816009	0.0
219.0	26.20703529944311	23.751191038361913	23.814061098521574	26.2277125636734	0.0
220.0	26.270478404591525	23.894801845326747	23.734690969243623	26.10002878083811	0.0
221.0	26.3576591957572	23.728543605763992	23.740000055885123	26.173797142593685	0.0
222.0	26.17254628012574	23.683129584352077	23.94830597275585	26.196018162766325	0.0
223.0	26.277478323315812	23.8260500233323	23.751721979584936	26.14474967376695	0.0
224.0	26.358306880672423	23.714903652702642	23.69394643895024	26.2328430276747	0.0
225.0	26.485167881253634	23.577983189520275	23.723007108686904	26.213841820539187	0.0
226.0	26.18004403858406	23.691137514390782	23.756804184783217	26.372014262241944	0.0
227.0	26.15824829266657	23.78446801614003	23.77273184526138	26.284551845932018	0.0
228.0	26.327305039847094	23.693093542870557	23.719919076307466	26.259682340974884	0.0
229.0	26.22503269361888	23.796483619658645	23.70427084846927	26.27421283825321	0.0
230.0	26.181720634423865	23.801513407178064	23.723551700627045	26.29321425777102	0.0
231.0	26.214134820660135	23.749259503504085	23.816882202376295	26.21972347345949	0.0
232.0	26.308024187689316	23.639163043356767	23.689181485911007	26.36363128304291	0.0
233.0	26.237607162417426	23.651737512155318	23.771893547341477	26.33876177808577	0.0
234.0	26.107464504969723	23.773357141060785	23.790682013150136	26.328496340819356	0.0
235.0	26.24194530913806	23.84663533277819	23.724802020868147	26.186617337215605	0.0
236.0	26.284419307785594	23.61107230080533	23.897492357474587	26.207016033934487	0.0
237.0	26.298052606723804	23.755180054937224	23.654862335586525	26.291905002752454	0.0
238.0	26.17398278112015	23.73086907559597	23.85102678958149	26.244121353702393	0.0
239.0	26.227634597597405	23.78060878045509	23.864439743700803	26.127316878246702	0.0
240.0	26.186111499231522	23.809696800335338	23.741511806622885	26.262679893810255	0.0
241.0	26.230112929774503	23.75242082200356	23.766114360609556	26.25135188761238	0.0
242.0	26.320658219074716	23.749489958470043	23.670398586975356	26.259453235479885	0.0
243.0	26.25594960270768	23.84592380595701	23.720713141809462	26.17741344952585	0.0
244.0	26.19401650157637	23.773561702032513	23.811014466829146	26.22140732956197	0.0
245.0	26.268713453561567	23.889770910432574	23.731007032568957	26.110508603436905	0.0
246.0	26.35158366107892	23.728780395083675	23.74135911691782	26.178276826919582	0.0
247.0	26.17230524944509	23.68652051639019	23.951816255444296	26.18935797872043	0.0
248.0	26.270954250120216	23.81655315865401	23.76147661063956	26.151015980586216	0.0
249.0	26.362169854312338	23.69891775678464	23.717369849839105	26.22154253906392	0.0
