# Position (bp)	A	C	G	T	N
0.0	25.811720312015996	24.26446891260611	24.2078354437905	25.715975331587394	0.0
1.0	25.74663875669198	24.262278667955783	24.290438956317136	25.7006436190351	0.0
2.0	25.725362094374514	24.265094696791916	24.158711385204583	25.850831823628983	0.0
3.0	25.65118221838422	24.38933578631524	24.23133121200459	25.728150783295945	0.0
4.0	25.70191411211854	24.316232096262507	24.151977623847873	25.829876167771083	0.0
5.0	25.787448379426852	24.192216243273684	24.16812664247278	25.852208734826682	0.0
6.0	25.75456115323973	24.253259754235803	24.13594614210276	25.856232950421703	0.0
7.0	25.78611827122801	24.32493305638279	24.038702169723965	25.85024650266523	0.0
8.0	25.801628437282016	24.329591201558994	24.161304751746208	25.70747560941278	0.0
9.0	25.800518612820184	24.186187632742048	24.151780268314884	25.861513486122885	0.0
10.0	25.906904295714295	24.123435320317537	24.204445222917983	25.765215161050186	0.0
11.0	25.763964042863307	24.149708802242003	24.304221898321625	25.78210525657306	0.0
12.0	25.860532036344868	24.203431180895485	24.10490593184555	25.831130850914096	0.0
13.0	25.750746758832083	24.10240370329825	24.321348701186995	25.825500836682668	0.0
14.0	25.952176156889728	24.18435168822232	24.149320488560125	25.714151666327822	0.0
15.0	25.762319565863343	24.24909685188371	24.144628810033936	25.843954772219007	0.0
16.0	25.829879736640443	24.204369516600725	24.19561171668517	25.770139030073658	0.0
17.0	25.80673412257792	24.1261748744976	24.193422266706285	25.873668736218193	0.0
18.0	25.734169494706222	24.322912594029056	24.175593888306775	25.76732402295795	0.0
19.0	25.890246000344057	24.196237273821996	24.131492110160615	25.782024615673333	0.0
20.0	25.70758331639116	24.24940963045212	24.1286771030449	25.91432995011182	0.0
21.0	25.75637677306351	24.186853916769625	24.242215723378635	25.814553586788236	0.0
22.0	25.904946593059442	24.060178596562565	24.22939180207372	25.805483008304268	0.0
23.0	25.738235616095583	24.233770702031496	24.22188511643182	25.806108565441093	0.0
24.0	25.746680637442722	24.131804888729025	24.287568615798445	25.833945858029807	0.0
25.0	25.843954772219007	24.220946780726585	24.20530785230596	25.729790594748447	0.0
26.0	25.774830708599843	24.22657679495801	24.27318080165147	25.725411694790672	0.0
27.0	25.763570680137	24.24065183053657	24.162144409865036	25.833633079461393	0.0
28.0	25.6684859953396	24.364199365059505	24.224700123547535	25.742614516053358	0.0
29.0	25.7285394804748	24.303520322787485	24.13680934582362	25.831130850914096	0.0
30.0	25.827064729524736	24.18654113820121	24.126800431634425	25.859593700639632	0.0
31.0	25.782569530458282	24.21805602472194	24.13360607539191	25.865768369427865	0.0
32.0	25.79789563237373	24.2837393186453	24.047279460521214	25.871085588459756	0.0
33.0	25.786010083949506	24.32815373644109	24.14861939971725	25.73721677989215	0.0
34.0	25.81447284464963	24.19491048305371	24.14674273417658	25.843873938120083	0.0
35.0	25.93770721515345	24.093883321447784	24.19240826233282	25.776001201065945	0.0
36.0	25.792578413341843	24.131416632261132	24.285615984185966	25.790388970211065	0.0
37.0	25.864123584294862	24.20109033926879	24.09599739769859	25.838788678737757	0.0
38.0	25.763722291901903	24.112261781513027	24.30774716389807	25.816268762687	0.0
39.0	25.945132726755226	24.178257646606216	24.139473346741024	25.737136279897534	0.0
40.0	25.76716283463188	24.238936309298538	24.1447905491419	25.84911030692769	0.0
41.0	25.840352561796838	24.203279775551504	24.181385412724378	25.77498224992728	0.0
42.0	25.79656383614259	24.121957856479323	24.218293052918675	25.863185254459413	0.0
43.0	25.72525076864852	24.303055514720832	24.188266498184333	25.783427218446313	0.0
44.0	25.870691893143	24.202654222327872	24.123834516150218	25.80281936837891	0.0
45.0	25.694911437302366	24.25050904393573	24.108508462171233	25.946071056590675	0.0
46.0	25.76059452578374	24.18701539173707	24.251760150382996	25.800629932096196	0.0
47.0	25.913229512349982	24.05690032122158	24.236746873015825	25.793123293412613	0.0
48.0	25.750898450817445	24.216729169859594	24.21704194647141	25.815330432851553	0.0
49.0	25.742140705686587	24.141037229800105	24.287729460741843	25.829092603771457	0.0
50.0	25.853489179493117	24.217354723083226	24.196711466703366	25.73244463072029	0.0
51.0	25.784052771669945	24.20421810538695	24.270526747091957	25.74120237585114	0.0
52.0	25.75996897256011	24.25207292699481	24.162931592627228	25.82502650781785	0.0
53.0	25.68646646878333	24.366236390307677	24.21860582953049	25.728691311378498	0.0
54.0	25.757466759665583	24.29992774860267	24.11101067506576	25.831594816665987	0.0
55.0	25.81939652880516	24.169499901475366	24.14072445318829	25.870379116531183	0.0
56.0	25.78146992036732	24.199763541621053	24.141274498151496	25.87749203986013	0.0
57.0	25.809306951751232	24.27107638606522	24.031177475149974	25.888439187033573	0.0
58.0	25.801487560913056	24.319243833628384	24.144402254486767	25.734866350971792	0.0
59.0	25.81556246442177	24.191944150782877	24.135018985480954	25.857474399314395	0.0
60.0	25.955998723875418	24.083411005948992	24.192569702049934	25.76802056812566	0.0
61.0	25.80805584921712	24.109684159165266	24.286402392108045	25.79585759950957	0.0
62.0	25.872406707139707	24.2006261748598	24.09271891880057	25.834248199199923	0.0
63.0	25.791398071431477	24.099912735871186	24.296335219364504	25.812353973332836	0.0
64.0	25.950600370950745	24.16841038536965	24.160903793643794	25.72008545003581	0.0
65.0	25.75636731004413	24.225960921934576	24.164657089506722	25.85301467851457	0.0
66.0	25.856142425067013	24.19218125916821	24.16841038536965	25.783265930395128	0.0
67.0	25.820486114369178	24.094595566732036	24.20281559744651	25.882102721452277	0.0
68.0	25.73634973210851	24.305718459021826	24.191868484512963	25.766063324356704	0.0
69.0	25.893988158351554	24.193745132444427	24.112736496736193	25.799530212467825	0.0
70.0	25.696001801582014	24.25598728883801	24.11367482070193	25.934336088878045	0.0
71.0	25.772944366772073	24.185925766063324	24.254736190217034	25.786393676947572	0.0
72.0	25.921512328013037	24.04799214310066	24.23565693624714	25.794838592639163	0.0
73.0	25.767314422977677	24.226586471245064	24.21970542882969	25.786393676947572	0.0
74.0	25.763248352459506	24.12806245484316	24.271938796255462	25.836750396441875	0.0
75.0	25.847697509375422	24.21219883710383	24.197498428307355	25.74260522521339	0.0
76.0	25.783265930395128	24.20688166796468	24.281634810568033	25.728217591072163	0.0
77.0	25.76668887366719	24.276004866773633	24.16215489226477	25.795151367294405	0.0
78.0	25.66159658950516	24.37452888317554	24.211573287793346	25.75230123952596	0.0
79.0	25.758869507286086	24.284137007809985	24.10679377828656	25.85019970661737	0.0
80.0	25.828618255405527	24.154648300538913	24.153397201917933	25.863336242137624	0.0
81.0	25.80414112348305	24.19148004503941	24.1264231202302	25.877955711247342	0.0
82.0	25.78850243963468	24.274677843112723	24.052608532465907	25.884211184786686	0.0
83.0	25.802577255098214	24.31408732641061	24.138621293631928	25.744714124859254	0.0
84.0	25.80414112348305	24.19398223445515	24.14425121981734	25.857625422244464	0.0
85.0	25.953334167396473	24.076692105592393	24.19898661328663	25.77098711372451	0.0
86.0	25.80101338671337	24.118603778306017	24.292193169022894	25.788189665957713	0.0
87.0	25.876936453970806	24.189527744502236	24.10570466125153	25.827831140275425	0.0
88.0	25.772470372606115	24.07911898186231	24.324645550339202	25.823765095192368	0.0
89.0	25.955755174042366	24.163254837811717	24.147303430178184	25.73368655796773	0.0
90.0	25.75620619227389	24.232064831524987	24.15637383844039	25.855355137760732	0.0
91.0	25.8494124564855	24.191717153393114	24.18827665370745	25.77059373641394	0.0
92.0	25.840654820921994	24.101951388867167	24.216738969288848	25.840654820921994	0.0
93.0	25.715858514142013	24.29774709825129	24.183585063227	25.802809324379695	0.0
94.0	25.878500317464287	24.19672151657226	24.131352022544654	25.79342614341879	0.0
95.0	25.702096515399365	24.25802496551681	24.14355015779383	25.89632836129	0.0
96.0	25.74869964750517	24.20516637943707	24.254897238529843	25.791236734527917	0.0
97.0	25.9150947232118	24.054722711363972	24.22674769564714	25.803434869777085	0.0
98.0	25.753391237985618	24.213611242301884	24.223932741358873	25.80906477835363	0.0
99.0	25.738378148448177	24.132290340640747	24.270848646163373	25.8584828647477	0.0
100.0	25.864738318721635	24.187025562912666	24.195157653078777	25.753078465286922	0.0
101.0	25.76433828244	24.200474788956623	24.282108463316455	25.753078465286922	0.0
102.0	25.76433828244	24.259901601708993	24.161065428920843	25.814694686930167	0.0
103.0	25.67801301759972	24.35873777449714	24.22017946897451	25.743069738928632	0.0
104.0	25.774972554195692	24.271786964259466	24.112585660622855	25.840654820921994	0.0
105.0	25.84190591171678	24.161065428920843	24.141673521601646	25.855355137760732	0.0
106.0	25.797098729521274	24.200086324994842	24.1325276333815	25.87028731210239	0.0
107.0	25.796160414359974	24.272649364135095	24.062779539725135	25.868410681779796	0.0
108.0	25.82900144500535	24.276402624780278	24.1500428497257	25.744553080488675	0.0
109.0	25.823058782317137	24.184134967252803	24.137219209187982	25.855587041242078	0.0
110.0	25.9356566016727	24.08999067940273	24.201024640156135	25.773328078768433	0.0
111.0	25.78615171930615	24.08717573391884	24.318314035318185	25.80835851145683	0.0
112.0	25.857695567725813	24.1956318438148	24.118064699755728	25.828607888703658	0.0
113.0	25.76230049136284	24.099298455225306	24.319176286973413	25.81922476643845	0.0
114.0	25.971544117877038	24.15653550104309	24.147465149520052	25.724455231559816	0.0
115.0	25.785132755541518	24.205327736822188	24.16404199885526	25.84549750878104	0.0
116.0	25.837678240226698	24.180618848190466	24.20251280014262	25.779190111440215	0.0
117.0	25.81953753718062	24.115562533818334	24.219402420220003	25.84549750878104	0.0
118.0	25.720076441169386	24.30541437431777	24.200010634205235	25.774498550307612	0.0
119.0	25.87020639741276	24.172174038151777	24.133390466122236	25.82422909831323	0.0
120.0	25.699433572185924	24.26412863635084	24.116188075302684	25.920249716160555	0.0
121.0	25.76230049136284	24.195944614556975	24.2384814354926	25.80327345858759	0.0
122.0	25.926817901746197	24.039246472727953	24.246926245531288	25.787009379994558	0.0
123.0	25.759798325425447	24.21408531760305	24.223468439868263	25.802647917103243	0.0
124.0	25.753855681324143	24.12776059276311	24.25568382631215	25.862699899600592	0.0
125.0	25.837365469484524	24.20220002940045	24.229098313227386	25.73133618788764	0.0
126.0	25.788886004447598	24.188750887486982	24.28789921275604	25.73446389530938	0.0
127.0	25.774185779565435	24.249428411468678	24.173737891862643	25.802647917103243	0.0
128.0	25.65658398050813	24.36796852275251	24.23410264510217	25.741344851637198	0.0
129.0	25.78638383851021	24.260062616702584	24.09804737225661	25.855506172530596	0.0
130.0	25.85894665069451	24.157161042527438	24.156222730300918	25.827669576477135	0.0
131.0	25.82837590156448	24.199773553274404	24.1325276333815	25.83932291177961	0.0
132.0	25.802103077048184	24.26920887521034	24.067471115531617	25.861216932209857	0.0
133.0	25.794909327478248	24.289851808758858	24.15754937101607	25.75768949274682	0.0
134.0	25.820869380274114	24.164117577145145	24.15754937101607	25.857463671564673	0.0
135.0	25.933779971350113	24.07278823477896	24.231676268758484	25.76175552511244	0.0
136.0	25.778019654574912	24.08529910359625	24.319252350479477	25.81742889134936	0.0
137.0	25.876310908573412	24.17138692797783	24.123219932378543	25.829082231070217	0.0
138.0	25.785294053252677	24.077867891067527	24.318702869063966	25.81813518661583	0.0
139.0	25.95669349213846	24.146365112082098	24.166069792099986	25.730871603679457	0.0
140.0	25.76371273704261	24.181395654336125	24.17545297306089	25.87943863556038	0.0
141.0	25.835337685044145	24.18170842703482	24.207981333725343	25.774972554195692	0.0
142.0	25.845033638703747	24.098510889181505	24.219241150878425	25.837214321236328	0.0
143.0	25.749012420203865	24.30212591603304	24.19703428927096	25.751827374492137	0.0
144.0	25.874121499682534	24.176391291156975	24.137294703819894	25.81219250534059	0.0
145.0	25.671757563625786	24.28117014522036	24.139171340012073	25.907900951141777	0.0
146.0	25.768091554824363	24.1745146549648	24.251143966145484	25.806249824065358	0.0
147.0	25.93104613084533	24.047528939293947	24.242073557883277	25.779351371977445	0.0
148.0	25.76996819101654	24.209232424520128	24.227373241044535	25.79342614341879	0.0
149.0	25.763399964343915	24.094757616797143	24.268659237272498	25.873183181586445	0.0
150.0	25.85003800188289	24.193281016886598	24.224245514057568	25.73243546717294	0.0
151.0	25.785919598650075	24.18295951782961	24.293368280469537	25.737752603050783	0.0
152.0	25.774347008798298	24.244262966774155	24.18108288163743	25.800307142790118	0.0
153.0	25.636414248673063	24.373125318637186	24.248016239158517	25.742444193531234	0.0
154.0	25.785606825951373	24.28992778078387	24.097572571085415	25.82689282217934	0.0
155.0	25.845971956799836	24.148554520972972	24.175765745759584	25.829707776467608	0.0
156.0	25.830101338671334	24.20461653947204	24.14206180407857	25.823220317778055	0.0
157.0	25.80601776554485	24.25497310146378	24.065119479544602	25.873889653446764	0.0
158.0	25.814775428499935	24.27624171149756	24.146127861879144	25.76285499812336	0.0
159.0	25.84136119104216	24.15957712998874	24.164268735143253	25.834792943825846	0.0
160.0	25.932691104716625	24.080132616039034	24.231515075691227	25.75566120355311	0.0
161.0	25.76473164018516	24.066683347929438	24.31377455273364	25.854810459151757	0.0
162.0	25.88272827076276	24.16121656829904	24.12493470829072	25.831120452647482	0.0
163.0	25.78764477556855	24.051432664308344	24.34606638954832	25.814856170574785	0.0
164.0	25.947159849743056	24.14933113139976	24.17028703330112	25.733221985556064	0.0
165.0	25.76512500039097	24.186864090029054	24.184361892787106	25.863649016792873	0.0
166.0	25.866463988690068	24.171538131922095	24.22502259796884	25.736975281418996	0.0
167.0	25.85426577713555	24.1071065529418	24.218454330208715	25.820173339713936	0.0
168.0	25.73885192935046	24.30603123367707	24.182172470200396	25.772944366772073	0.0
169.0	25.888670989212404	24.18123414623466	24.125247482945962	25.804847381606972	0.0
170.0	25.6859930126142	24.2672471764268	24.134630722603287	25.912129088355712	0.0
171.0	25.777635986600732	24.166533737438186	24.25067011969886	25.805160156262218	0.0
172.0	25.93527441284378	24.04799214310066	24.23096531641848	25.78576812763708	0.0
173.0	25.736036957453262	24.215326583656275	24.225960921934576	25.82267553695589	0.0
174.0	25.73509863348753	24.096159440008257	24.291643599535842	25.87709832696837	0.0
175.0	25.825803283508332	24.20750721727517	24.22783756986604	25.73885192935046	0.0
176.0	25.76825274694341	24.19562178037589	24.290079726259624	25.746045746421075	0.0
177.0	25.760120605907062	24.232529189694702	24.18780241399479	25.819547790403448	0.0
178.0	25.634072419843672	24.378282179038468	24.23315473900519	25.754490662112666	0.0
179.0	25.818922241092963	24.25880226073521	24.107419327597047	25.814856170574785	0.0
180.0	25.865525664724338	24.13212852536133	24.166533737438186	25.835812072476145	0.0
181.0	25.798359804577785	24.20758293245923	24.158477157995485	25.835580104967505	0.0
182.0	25.82932459229696	24.241049925246624	24.084349332849577	25.84527614960684	0.0
183.0	25.82244352835937	24.27013805916464	24.15159609405789	25.755822318418105	0.0
184.0	25.853721091712075	24.155662177293742	24.13877229308328	25.85184443791091	0.0
185.0	25.925659487423292	24.086225986650735	24.23323053440845	25.754883991517524	0.0
186.0	25.74675182504582	24.0649572435709	24.31767995546075	25.87061097592253	0.0
187.0	25.89446291564102	24.15010775154277	24.128213388715643	25.827215944100562	0.0
188.0	25.79969160226075	24.05690032122158	24.32119655820616	25.822211518311505	0.0
189.0	25.952639365438813	24.137909463681943	24.17325322081716	25.736197950062085	0.0
190.0	25.752462333876526	24.18701539173707	24.18294929578346	25.877572978602952	0.0
191.0	25.8609958181767	24.162931592627228	24.214226956965064	25.761845632231008	0.0
192.0	25.855991392387644	24.10381681299399	24.2148525101887	25.825339284429667	0.0
193.0	25.71649302351767	24.29992774860267	24.207033094893298	25.77654613298636	0.0
194.0	25.88570517051017	24.17294044420534	24.12602395243293	25.815330432851553	0.0
195.0	25.684902585724252	24.272090630151038	24.136971133846497	25.906035650278213	0.0
196.0	25.78373999505813	24.16512102890994	24.213288627129618	25.837850348902307	0.0
197.0	25.950762705767914	24.04345092691349	24.214226956965064	25.791559410353532	0.0
198.0	25.759343419336478	24.193583700585204	24.256764576172053	25.79030830390627	0.0
199.0	25.72931686460213	24.087239652567742	24.291795556695455	25.891647926134674	0.0
200.0	25.83473302618286	24.207335954434132	24.244244056388073	25.713686962994935	0.0
201.0	25.782034399817334	24.183090353475485	24.301947696513412	25.732927550193768	0.0
202.0	25.757182402527327	24.23577985955803	24.218889288562895	25.788148449351745	0.0
203.0	25.67305917790908	24.371514277581586	24.24076547480896	25.714661069700373	0.0
204.0	25.79646225308497	24.248424279391294	24.124556217644944	25.830557249878787	0.0
205.0	25.86794205691085	24.14128554582052	24.170375954431282	25.820396442837346	0.0
206.0	25.814705679948453	24.220328697534455	24.156516081404877	25.808449541112218	0.0
207.0	25.827702702702705	24.244557057057055	24.092217217217218	25.835523023023022	0.0
208.0	25.80910552625487	24.301006650525224	24.146474220612248	25.743413602607657	0.0
209.0	25.847916262599085	24.143950248071423	24.16397114488247	25.84416234444702	0.0
210.0	25.92597227088443	24.068709645127385	24.250150157665548	25.755167926322635	0.0
211.0	25.758457370597693	24.058536829526187	24.343212518222373	25.839793281653744	0.0
212.0	25.89431797207632	24.159020450044892	24.127111247368273	25.819550330510516	0.0
213.0	25.785945120711283	24.074369538897596	24.33653373878059	25.803151601610523	0.0
214.0	25.948474088441863	24.156173254704438	24.187457961175678	25.707894695678018	0.0
215.0	25.745767855410982	24.18618620497627	24.193069012661237	25.87497692695151	0.0
216.0	25.870909813319486	24.163973507447512	24.220913098295878	25.744203580937125	0.0
217.0	25.83665743738952	24.12877188042611	24.228573216324868	25.805997465859498	0.0
218.0	25.71292701316823	24.293486592435702	24.228724818776534	25.76486157561954	0.0
219.0	25.872506843957765	24.173015252248728	24.1464215877982	25.80805631599531	0.0
220.0	25.66509290807435	24.285942237115048	24.134198118372925	25.914766736437674	0.0
221.0	25.77179276187139	24.18643797342411	24.237124272166653	25.804644992537852	0.0
222.0	25.93763004170721	24.065342340171895	24.230231313886655	25.766796304234234	0.0
223.0	25.72722124358978	24.20378777686346	24.270745008713828	25.798245970832927	0.0
224.0	25.71830853710048	24.111012030475116	24.30594014486632	25.86473928755808	0.0
225.0	25.84002127626289	24.205816554809843	24.2489948530217	25.70516731590557	0.0
226.0	25.759457827367076	24.184378744880366	24.31141134469952	25.744752083053037	0.0
227.0	25.758851045854907	24.227537977753094	24.210641593266477	25.802969383125518	0.0
228.0	25.672339506810225	24.366303392126863	24.2414571032532	25.719899997809716	0.0
229.0	25.770305493755885	24.26833885618982	24.12346165760793	25.83789399244636	0.0
230.0	25.85776912750838	24.1549037953057	24.16616861558488	25.821158461601044	0.0
231.0	25.799971211675544	24.217239199684577	24.175934212420287	25.80685537621959	0.0
232.0	25.843628352922032	24.228029990111775	24.074074074074073	25.85426758289212	0.0
233.0	25.818302437070507	24.29716739056965	24.136636166777233	25.747894005582605	0.0
234.0	25.83514052266106	24.15907021282588	24.187860068782722	25.817929195730336	0.0
235.0	25.92058281411847	24.07894778018044	24.240110404220896	25.760359001480193	0.0
236.0	25.74471214477724	24.091465265542805	24.345257281264768	25.81856530841519	0.0
237.0	25.881951637787243	24.17296986045871	24.12821901003608	25.816859491717963	0.0
238.0	25.764446322114253	24.103647373609352	24.354003348511164	25.77790295576523	0.0
239.0	25.942848559008812	24.159330531362567	24.216913847222703	25.680907062405918	0.0
240.0	25.74487662589667	24.192841673030458	24.224764956997458	25.837516744075412	0.0
241.0	25.8457069885069	24.183088364173575	24.234419210256153	25.736785437063375	0.0
242.0	25.821577140138412	24.126306432074923	24.26121442232148	25.79090200546518	0.0
243.0	25.70688937373029	24.289197810075034	24.258521331108767	25.74539148508591	0.0
244.0	25.871919208362158	24.20023854319604	24.161420490297054	25.766421758144748	0.0
245.0	25.68301220436201	24.28567850366632	24.132576065924844	25.898733226046826	0.0
246.0	25.766949922036936	24.18483195671641	24.257159138586395	25.791058982660264	0.0
247.0	25.93756947423465	24.06634456715399	24.25233981394213	25.74374614466923	0.0
248.0	25.73062241859271	24.223503292615337	24.29615063049748	25.749723658294478	0.0
249.0	25.714106779395646	24.1139815249726	24.34100516674495	25.8309065288868	0.0
