# Position (bp)	A	C	G	T	N
0.0	26.367726865797863	23.830714183650556	23.56476526800477	26.23679368254681	0.0
1.0	26.454043619121492	23.683159193171647	23.60209143160418	26.26070575610268	0.0
2.0	26.24945333683198	23.72751392168868	23.734511210239365	26.28852153123998	0.0
3.0	26.32395257239648	23.746745693236583	23.587565268347294	26.341736466019643	0.0
4.0	26.24418031759359	23.75275860963159	23.662967141570242	26.340093931204578	0.0
5.0	26.263992537313435	23.60949160447761	23.73250932835821	26.394006529850746	0.0
6.0	26.343788258613653	23.753570803941003	23.710429662449716	26.192211274995625	0.0
7.0	26.276961641599627	23.6262679258482	23.630931561151918	26.465838871400255	0.0
8.0	26.228629053412067	23.818003765600135	23.682185680227104	26.271181500760697	0.0
9.0	26.350608965298157	23.597368873552632	23.776313450278764	26.275708710870443	0.0
10.0	26.31270654473606	23.64474596818847	23.720806886864484	26.32174060021099	0.0
11.0	26.234314256905222	23.687584876408295	23.703613039347683	26.3744878273388	0.0
12.0	26.118037220308555	23.79249648837521	23.76160584707384	26.32786044424239	0.0
13.0	26.2885185897548	23.709732883379086	23.701864512481567	26.29988401438455	0.0
14.0	26.16524744569367	23.70885861994603	23.68729345526394	26.438600479096365	0.0
15.0	26.166121709126728	23.714395621688727	23.788416592354274	26.331066076830272	0.0
16.0	26.360208191265528	23.654654287096456	23.654945708240806	26.330191813397214	0.0
17.0	26.29230706463138	23.6998245644711	23.706235829646854	26.30163254125066	0.0
18.0	26.333688867129446	23.701281670192863	23.669808186602786	26.29522127607491	0.0
19.0	26.488724915924998	23.548868411696482	23.67534518834549	26.287061484033035	0.0
20.0	26.263164950196128	23.78054822145676	23.80007343812838	26.156213390218742	0.0
21.0	26.40938140213961	23.677024715355227	23.586101583286464	26.3274922992187	0.0
22.0	26.285819197020523	23.773776253325835	23.77202773155528	26.168376818098366	0.0
23.0	26.396558909155555	23.656333874403682	23.56453648144964	26.382570734991127	0.0
24.0	26.300681632070223	23.723360542274886	23.687224425683453	26.28873339997144	0.0
25.0	26.349057401055525	23.84080292119704	23.570656307646576	26.239483370100857	0.0
26.0	26.43444354751754	23.69829839689696	23.613203670730037	26.25405438485547	0.0
27.0	26.25376296456038	23.728606107586543	23.7414286005706	26.276202327282476	0.0
28.0	26.311970345157192	23.75505612738527	23.582244396004057	26.35072913145348	0.0
29.0	26.2367841281313	23.763798710760373	23.665881776959214	26.333535384149116	0.0
30.0	26.25077226153147	23.613426276708594	23.73523960506837	26.400561856691574	0.0
31.0	26.34169512863254	23.754473288493593	23.712508888293097	26.191322694580766	0.0
32.0	26.282828400573514	23.628580087892104	23.62595731287957	26.462634198654804	0.0
33.0	26.23707554757714	23.804306013731686	23.684824040938604	26.273794397752575	0.0
34.0	26.348689195332625	23.602643757212633	23.764672969097884	26.28399407835686	0.0
35.0	26.310804667373844	23.642859640738106	23.720960052222363	26.325375639665683	0.0
36.0	26.2423210976022	23.6926923659762	23.69414946320538	26.37083707321622	0.0
37.0	26.12313054425496	23.782740974739763	23.761758774639514	26.332369706365768	0.0
38.0	26.29594227563617	23.70522340214718	23.715423082751467	26.283411239465188	0.0
39.0	26.172089011155535	23.70318346602632	23.68540687983028	26.43932064298787	0.0
40.0	26.15810087775537	23.707263338268035	23.799351883152458	26.335283900824138	0.0
41.0	26.363260167624464	23.64985370743819	23.657139193584108	26.329746931353238	0.0
42.0	26.290405306165272	23.691235268747015	23.719211535547345	26.299147889540375	0.0
43.0	26.33644957860748	23.70405772436383	23.6728758436593	26.286616853369395	0.0
44.0	26.485656334875912	23.55193677363703	23.679287071467705	26.28311982001935	0.0
45.0	26.253103617098162	23.781866716402252	23.79643768869409	26.168591977805495	0.0
46.0	26.408644641249136	23.67513820526943	23.583924184537914	26.33229296894352	0.0
47.0	26.281003295944327	23.774511946705367	23.782671667409787	26.161813089940523	0.0
48.0	26.392908037033475	23.647744857190318	23.568478998918838	26.390868106857372	0.0
49.0	26.312767922972235	23.726136459672038	23.679509484218226	26.281586133137502	0.0
50.0	26.3518180149148	23.82725871268749	23.56993609190177	26.250987180495937	0.0
51.0	26.437786500907766	23.69029197229192	23.619185834724856	26.25273569207545	0.0
52.0	26.27051222646722	23.716519645984686	23.73167341300718	26.281294714540916	0.0
53.0	26.32551362377969	23.743552382340084	23.589392393996793	26.341541599883435	0.0
54.0	26.239253970566807	23.768031473116714	23.66690951478945	26.32580504152703	0.0
55.0	26.249162173976394	23.61591140900481	23.740055369371994	26.394871047646802	0.0
56.0	26.353198309777063	23.73830686288795	23.712370683374616	26.19612414396037	0.0
57.0	26.288794987614743	23.625236776919714	23.62407110593035	26.46189712953519	0.0
58.0	26.23721404633542	23.797173247850793	23.698382631502255	26.267230074311527	0.0
59.0	26.35873524697654	23.59522074894361	23.765700131137987	26.280343872941863	0.0
60.0	26.310942736412645	23.635727815823984	23.73073000145709	26.322599446306278	0.0
61.0	26.244790907766287	23.68468599737724	23.703628150954394	26.366894943902086	0.0
62.0	26.119481276409733	23.78784787993589	23.76657438438001	26.326096459274368	0.0
63.0	26.303948710476465	23.701296808975666	23.71732478507941	26.277429695468452	0.0
64.0	26.169896546699693	23.700713973480987	23.69138860556608	26.43800087425324	0.0
65.0	26.160279761037447	23.70916508815387	23.79950458982952	26.331050560979165	0.0
66.0	26.35494681626111	23.655252804895817	23.6637039195687	26.326096459274368	0.0
67.0	26.296080431298268	23.693137112050124	23.704793821943756	26.305988634707855	0.0
68.0	26.342707270872793	23.697508378260235	23.676526300451698	26.28325805041527	0.0
69.0	26.49453591723736	23.549468162611102	23.680606148914467	26.275389771237066	0.0
70.0	26.26431589683812	23.784059449220457	23.791053475156637	26.160571178784785	0.0
71.0	26.41169630862215	23.67092038198927	23.580872560476294	26.336510748912286	0.0
72.0	26.28026728757894	23.76271670489085	23.78777855812747	26.169237449402743	0.0
73.0	26.389840041264634	23.65897228916716	23.573878554921883	26.377309114646323	0.0
74.0	26.315820149147168	23.723666840545416	23.679080055136076	26.28143295517134	0.0
75.0	26.345836089651492	23.824788504186202	23.56717596626558	26.262199439896722	0.0
76.0	26.44258649982078	23.68957106346769	23.609139999592017	26.258702437119517	0.0
77.0	26.276478867903634	23.720461254666315	23.730078012303622	26.272981865126432	0.0
78.0	26.317200540868185	23.74283116519793	23.596248892619016	26.343719401314868	0.0
79.0	26.225695901524688	23.78042383550147	23.671725649274958	26.322154613698885	0.0
80.0	26.259791579241853	23.6079055345736	23.73904275656269	26.393260129621858	0.0
81.0	26.34954772229216	23.731174523243347	23.730591691145612	26.188686063318876	0.0
82.0	26.28485335944421	23.626556161700936	23.624516249358884	26.464074229495964	0.0
83.0	26.227152981769013	23.79820021448221	23.697370261575045	26.277276542173734	0.0
84.0	26.367906933370634	23.596831724716743	23.765270200960504	26.269991140952115	0.0
85.0	26.314577796428406	23.625099081456614	23.730591691145612	26.329731430969368	0.0
86.0	26.25367184221569	23.686879283815916	23.69970158996596	26.359747284002427	0.0
87.0	26.117289131347043	23.77430409847531	23.771389937986665	26.337016832190983	0.0
88.0	26.296801417447664	23.702907166503472	23.725346202266053	26.274945213782814	0.0
89.0	26.181983494194995	23.698827341819367	23.68833636406024	26.430852799925397	0.0
90.0	26.160710122627872	23.718643633142165	23.78858348486968	26.33206275936028	0.0
91.0	26.359164451904693	23.643458292535087	23.66735440854199	26.33002284701823	0.0
92.0	26.29942416188744	23.695621765281857	23.71398097636033	26.29097309647037	0.0
93.0	26.337891080337577	23.695621765281857	23.677845386301115	26.28864176807945	0.0
94.0	26.494672914626754	23.542628339627917	23.691250524548888	26.271448221196437	0.0
95.0	26.259208747144125	23.774595514524176	23.801114374970858	26.16508136336084	0.0
96.0	26.424656057210633	23.66524553187645	23.590643240770152	26.319455170142763	0.0
97.0	26.27865704219401	23.765492360550542	23.789679822120164	26.16617077513529	0.0
98.0	26.38852057245602	23.666994023074256	23.573741159191382	26.370744245278345	0.0
99.0	26.3188723397435	23.72003158940764	23.681564783055954	26.279531287792906	0.0
100.0	26.337814327719705	23.82727238287295	23.566164364000898	26.26874892540645	0.0
101.0	26.444763705985373	23.685353180651198	23.61308221114197	26.256800902221457	0.0
102.0	26.271954492602422	23.718283098209834	23.733728103790437	26.2760343053973	0.0
103.0	26.31879564277263	23.74298419951392	23.595528538207336	26.34269161950611	0.0
104.0	26.236325381607088	23.766005933196173	23.669256368860626	26.32841231633611	0.0
105.0	26.253810242631587	23.603688140018768	23.735698840753713	26.406802776595935	0.0
106.0	26.353765364821623	23.733367525950445	23.727830653292692	26.185036455935233	0.0
107.0	26.28732289292854	23.621173001043264	23.628749774153878	26.462754331874315	0.0
108.0	26.226125879342803	23.799809997843536	23.68907254468839	26.284991578125272	0.0
109.0	26.363964867085915	23.59290580905366	23.76513169014495	26.277997633715472	0.0
110.0	26.316172913618956	23.61680178578714	23.731619039848	26.335406260745902	0.0
111.0	26.25526731438363	23.688198301637165	23.694900831696554	26.361633552282647	0.0
112.0	26.121216713195828	23.76833724799944	23.78028523636618	26.330160802438556	0.0
113.0	26.300436538696914	23.701311947405536	23.73132762549759	26.266923888399962	0.0
114.0	26.165803108808287	23.713259935772278	23.69956346130309	26.421373494116345	0.0
115.0	26.16930008101319	23.710345792268196	23.798352926091493	26.322001200627128	0.0
116.0	26.35813658007775	23.633703818110817	23.673044755415937	26.335114846395495	0.0
117.0	26.295191080389564	23.686449815534715	23.718505394079624	26.299853709996096	0.0
118.0	26.335114846395495	23.689655373389208	23.68207860027859	26.293151179936704	0.0
119.0	26.498889711324946	23.538119911176906	23.683827086381044	26.279163291117108	0.0
120.0	26.261387015742205	23.76979431975148	23.796021611288225	26.17279705321809	0.0
121.0	26.424656057210633	23.66145713428121	23.590934655969786	26.32295215253837	0.0
122.0	26.29118789577827	23.770737834143954	23.782685857328946	26.15538841274883	0.0
123.0	26.400177180441375	23.642806561504635	23.579278047984424	26.377738210069563	0.0
124.0	26.313918281349718	23.722654326204346	23.691181484643874	26.27224590780206	0.0
125.0	26.346556783708724	23.822609739678803	23.56558153360163	26.265251943010842	0.0
126.0	26.440101062791232	23.682147613455225	23.61541353273904	26.262337791014506	0.0
127.0	26.26991458620499	23.7153689462135	23.75004735496994	26.26466911261158	0.0
128.0	26.317783372965913	23.73467151582972	23.602660045694037	26.344885065510326	0.0
129.0	26.24259803235884	23.76410453676505	23.675514057910195	26.317783372965913	0.0
130.0	26.25512892246002	23.60411712593836	23.73554576397631	26.405208187625306	0.0
131.0	26.371695342005875	23.72651186646151	23.72767753065697	26.174115260875645	0.0
132.0	26.286601855737402	23.616356599990677	23.63559005921574	26.461451485056187	0.0
133.0	26.22336457313377	23.806651279899288	23.689793444304566	26.280190702662377	0.0
134.0	26.361787196344476	23.60149438149858	23.758276215787756	26.278442206369192	0.0
135.0	26.305835314962465	23.62597332960321	23.728843194852427	26.3393481605819	0.0
136.0	26.24259803235884	23.680759546789762	23.703489998601203	26.373152422250197	0.0
137.0	26.128071525155033	23.764395952813913	23.774886930573043	26.332645591458014	0.0
138.0	26.298841329789713	23.699410173917098	23.734962931878584	26.2667855644146	0.0
139.0	26.174406676924512	23.695621765281857	23.70086725416142	26.42910430363221	0.0
140.0	26.157213130041495	23.711941064018276	23.802862871264047	26.327982934676182	0.0
141.0	26.356035681085004	23.633619019032437	23.68286847481138	26.327476825071177	0.0
142.0	26.296295216974453	23.682577057913278	23.723084006749215	26.29804371836305	0.0
143.0	26.345544672753395	23.68519980999618	23.68490839309808	26.28434712415234	0.0
144.0	26.50932096948574	23.53045743710495	23.685782643792383	26.274438949616936	0.0
145.0	26.275896034107433	23.76446520627945	23.793315479191378	26.16632328042174	0.0
146.0	26.426926999854288	23.65962407110593	23.590849482733496	26.322599446306278	0.0
147.0	26.292292000582833	23.757249016465103	23.78988780416727	26.160571178784785	0.0
148.0	26.39319945563006	23.653281810525456	23.58013574278229	26.373382991062194	0.0
149.0	26.31480785314834	23.717976738967618	23.696994600013404	26.270220807870633	0.0
150.0	26.347738154562595	23.819098991983072	23.571684603481284	26.26147824997304	0.0
151.0	26.443614872839493	23.67776097263871	23.61743732314534	26.26118683137646	0.0
152.0	26.266723784711598	23.714771134405172	23.755569737927257	26.262935342955974	0.0
153.0	26.32741557578654	23.727079860584936	23.606140790562673	26.33936377306585	0.0
154.0	26.232121416997913	23.767004324664576	23.68278410481775	26.318090153519762	0.0
155.0	26.251063680977303	23.60643221000851	23.73523960506837	26.40726450394582	0.0
156.0	26.369671395432874	23.72037721333069	23.737279541189224	26.17267185004721	0.0
157.0	26.27962278666931	23.618088987841983	23.63440847680884	26.467879748679866	0.0
158.0	26.217841864151907	23.80022614148997	23.69793791600126	26.28399407835686	0.0
159.0	26.37375126767459	23.599438143308426	23.76292445242286	26.263886136594124	0.0
160.0	26.301479245107068	23.625083054542063	23.718920116101508	26.354517584249358	0.0
161.0	26.250189422639792	23.679578490913542	23.709011854943057	26.36122023150361	0.0
162.0	26.126044738713322	23.757096063506125	23.785072330306456	26.331786867474094	0.0
163.0	26.301770664552905	23.70085211045963	23.73523960506837	26.262137619919102	0.0
164.0	26.176751722288927	23.69764649655542	23.703474885472158	26.422126895683494	0.0
165.0	26.16451210556378	23.70434914380967	23.8028489165025	26.328289834124053	0.0
166.0	26.36042279256412	23.621946279582804	23.691595730109835	26.32603519774324	0.0
167.0	26.29922453059476	23.686058744503086	23.72219486109452	26.29252186380764	0.0
168.0	26.338857690727295	23.69101288951965	23.68839010686382	26.28173931288923	0.0
169.0	26.498556012437817	23.541805698432448	23.685767324207994	26.27387096492174	0.0
170.0	26.26745971842971	23.762410861817237	23.797381297228302	26.172748122524748	0.0
171.0	26.433354898498013	23.65203149679728	23.603364165690405	26.311249439014293	0.0
172.0	26.289101432043505	23.75956589906337	23.79599354210744	26.15533912678568	0.0
173.0	26.400501245829023	23.652974689999855	23.578953503620916	26.367570560550202	0.0
174.0	26.315988867679845	23.708344868787247	23.701933584927655	26.273732678605256	0.0
175.0	26.35853647874805	23.82112518031736	23.567296623876206	26.253041717058384	0.0
176.0	26.443923122878083	23.67920266942546	23.609261390957176	26.267612816739277	0.0
177.0	26.27693832053505	23.718836060557493	23.738361334129888	26.265864284777575	0.0
178.0	26.337048003170683	23.72298510246427	23.606415965309026	26.33355092905602	0.0
179.0	26.235924276688504	23.76057864919684	23.68451728720304	26.318979786911616	0.0
180.0	26.246124076189588	23.58893059473574	23.750670272538642	26.41427505653603	0.0
181.0	26.373475858531698	23.714533840020515	23.741927587252	26.17006271419579	0.0
182.0	26.29071177115147	23.625067027253866	23.635849672440727	26.448371529153942	0.0
183.0	26.22077028885832	23.798172195929407	23.70783111463409	26.27322640057818	0.0
184.0	26.36619028745949	23.607290233837688	23.75737299792507	26.26914648077775	0.0
185.0	26.302077262024103	23.624775604410978	23.72327652530716	26.34987060825776	0.0
186.0	26.251369687361574	23.670528990744412	23.711911034434525	26.36619028745949	0.0
187.0	26.1208122537477	23.75737299792507	23.790303779171428	26.331510969155808	0.0
188.0	26.3070314503532	23.700254120719	23.736681976080014	26.256032452847784	0.0
189.0	26.167439908609797	23.68131163593127	23.717739491292285	26.433508964166645	0.0
190.0	26.159862914694703	23.704916886205208	23.810411955330707	26.324808243769382	0.0
191.0	26.351113092792218	23.631255773831903	23.687500546419425	26.330130586956457	0.0
192.0	26.286125609439797	23.690997630725384	23.722762813171187	26.300113946663632	0.0
193.0	26.334210518646746	23.69041478334106	23.689540512264564	26.285834185747632	0.0
194.0	26.504401954870126	23.53916588710829	23.69682610456865	26.259606053452934	0.0
195.0	26.277091474982733	23.752196606079682	23.791830228213893	26.178881690723692	0.0
196.0	26.43337160708978	23.64968438722162	23.598393667927564	26.318550337761042	0.0
197.0	26.290573581782468	23.75780289209715	23.805596516893882	26.1460270092265	0.0
198.0	26.401391847666122	23.659078920910062	23.571359878300758	26.36816935312306	0.0
199.0	26.315129932010457	23.708621237333922	23.70920408811538	26.26704474254024	0.0
200.0	26.367003651560143	23.81324295260549	23.56815419900274	26.25159919683162	0.0
201.0	26.449768462527068	23.66141032403589	23.61594796308223	26.272873250354813	0.0
202.0	26.261507660116397	23.725523909996184	23.735432373280954	26.277536056606465	0.0
203.0	26.32686367080492	23.736667249519147	23.600862621670455	26.33560645800548	0.0
204.0	26.241184356239433	23.764935594800956	23.69266188727633	26.301218161683277	0.0
205.0	26.247595733519844	23.599696916710382	23.745118610479686	26.407588739290084	0.0
206.0	26.370577606807714	23.71277029783762	23.74861572535991	26.168036369994752	0.0
207.0	26.278778341201843	23.627090983272133	23.643993705193218	26.45013697033281	0.0
208.0	26.22253307687824	23.801946727283323	23.69907326455674	26.276446931281694	0.0
209.0	26.369120475607623	23.59270268694993	23.764644168560935	26.273532668881504	0.0
210.0	26.30063530920324	23.62563385207204	23.732878708398903	26.340852130325814	0.0
211.0	26.266538439121057	23.67313632919508	23.706941773037244	26.35338345864662	0.0
212.0	26.127236696392142	23.758232791280527	23.778049775601794	26.336480736725537	0.0
213.0	26.31345806376406	23.691204756076235	23.74249577431952	26.252841405840183	0.0
214.0	26.170659206154923	23.67575916535525	23.717141691437895	26.43643993705193	0.0
215.0	26.175904878475258	23.698490412076705	23.810398088243865	26.315206621204172	0.0
216.0	26.356083103348787	23.61637703671107	23.70147374679066	26.326066113149484	0.0
217.0	26.287014883181453	23.697976621718894	23.720999361774673	26.29400913332498	0.0
218.0	26.337431769632712	23.694770923736446	23.69681091336164	26.2709863932692	0.0
219.0	26.51491086702473	23.526908920291778	23.697976621718894	26.260203590964593	0.0
220.0	26.28934629989596	23.749559216527413	23.793856134103088	26.167238349473536	0.0
221.0	26.431348320500792	23.656080061083294	23.602748748317005	26.30982287009891	0.0
222.0	26.292337193782096	23.748462717623813	23.811994008241584	26.147206080352507	0.0
223.0	26.401116755115307	23.657606145650277	23.57425751230558	26.367019586928837	0.0
224.0	26.31718526419477	23.70132046383806	23.71501761687023	26.266476655096945	0.0
225.0	26.372556733899287	23.81410340476253	23.56813750775929	26.24520235357889	0.0
226.0	26.440751070272224	23.668680439591185	23.622051833524218	26.268516656612373	0.0
227.0	26.271722373279477	23.717640475961495	23.72142905020444	26.28920810055459	0.0
228.0	26.332999160682647	23.73490394479157	23.602303459852653	26.32979343467313	0.0
229.0	26.23129021728994	23.76375547887718	23.692355217756226	26.31259908607666	0.0
230.0	26.246153128788585	23.599972022754827	23.746852559917933	26.407022288538656	0.0
231.0	26.3633078429544	23.719458174018467	23.74947542665299	26.16775855637415	0.0
232.0	26.292199011470668	23.625909260468152	23.644852186888	26.437039541173178	0.0
233.0	26.229833069103798	23.796978457521217	23.697600951226335	26.27558752214865	0.0
234.0	26.375547887717985	23.578989088874383	23.771915508719573	26.273547514688055	0.0
235.0	26.29831903385247	23.620663526998044	23.751806863750815	26.329210575398676	0.0
236.0	26.262181758836146	23.673995150610835	23.717418166557866	26.34640492399515	0.0
237.0	26.11500979203581	23.759384034318753	23.788526998041593	26.337079175603844	0.0
238.0	26.307353352606544	23.69177235848177	23.74393826354565	26.256936025366034	0.0
239.0	26.16775855637415	23.680115172992632	23.718001025832322	26.434125244800892	0.0
240.0	26.172830151286856	23.699955992457518	23.815657941904213	26.311555914351416	0.0
241.0	26.354582892516458	23.61874950817952	23.70093817488699	26.325729424417027	0.0
242.0	26.27909552484159	23.695255527639656	23.73664360204492	26.289005345473836	0.0
243.0	26.33343146370682	23.69819372101632	23.686534666740506	26.28184014853635	0.0
244.0	26.5088933324783	23.52258749045373	23.697189462086012	26.271329714981956	0.0
245.0	26.2870685357983	23.73435709975601	23.792075138392114	26.186499226053574	0.0
246.0	26.424527586830155	23.65447517097829	23.59354684484558	26.327450397345974	0.0
247.0	26.288446400979566	23.746538001807526	23.807469169995045	26.157546427217866	0.0
248.0	26.415952555202104	23.634052255756384	23.564657824222156	26.385337364819357	0.0
249.0	26.301072697956364	23.70607084646628	23.703155114048872	26.289701341528488	0.0
