# Position (bp)	A	C	G	T	N
0.0	26.14791378287522	23.82044690527981	23.728353908302495	26.303285403542475	0.0
1.0	26.34848442046385	23.633153478911833	23.84530636458657	26.173055736037742	0.0
2.0	26.294459538078318	23.678710821664794	23.73999536835684	26.286834271900045	0.0
3.0	26.136668483340724	23.833539944709102	23.760119956964594	26.269671614985583	0.0
4.0	26.281014137957325	23.73889251255813	23.76402289405991	26.216070455424635	0.0
5.0	26.271818125349398	23.753875170112202	23.797920819474953	26.176385885063443	0.0
6.0	26.194153103428807	23.764486667325418	23.76420434494149	26.27715588430429	0.0
7.0	26.259714815640816	23.730263362194297	23.785877417588157	26.224144404576727	0.0
8.0	26.476599107999775	23.614576864449838	23.694461694800427	26.214362332749957	0.0
9.0	26.245730898416554	23.677213582093763	23.703463264557286	26.373592254932397	0.0
10.0	26.28027095681626	23.929156082416032	23.665255433248657	26.125317527519055	0.0
11.0	26.37933954276037	23.754727631950328	23.521874117979113	26.344058707310193	0.0
12.0	26.170194750211685	23.752469658481512	23.791701947502116	26.285633643804683	0.0
13.0	26.243014394580864	23.645215918712957	23.753598645215916	26.358171041490262	0.0
14.0	26.2689810894722	23.745131244707878	23.63985323172453	26.3460344340954	0.0
15.0	26.141405588484336	23.665255433248657	23.689810894721987	26.50352808354502	0.0
16.0	26.22269263336156	23.842788597233984	23.7499294383291	26.184589331075358	0.0
17.0	26.23426474738922	23.72650296359018	23.76375952582557	26.275472763195033	0.0
18.0	26.30906011854361	23.718600056449336	23.806943268416596	26.16539655659046	0.0
19.0	26.200959638724246	23.779565340107254	23.629410104431273	26.390064916737227	0.0
20.0	26.195314705052215	23.815692915608242	23.695738075077617	26.293254304261925	0.0
21.0	26.216126965489796	23.800384418898055	23.77836923971425	26.205119375897894	0.0
22.0	26.31039709173838	23.768490633670243	23.72643599651144	26.194676278079935	0.0
23.0	26.204554884123947	23.739983799086087	23.769619617218126	26.285841699571833	0.0
24.0	26.225158833872893	23.872074874188893	23.679018687500175	26.223747604438035	0.0
25.0	26.150645919712336	23.810263024942067	23.733209897798766	26.305881157546835	0.0
26.0	26.35499194187993	23.635270575019547	23.843003547830797	26.166733935269725	0.0
27.0	26.296002551502816	23.672244786212854	23.74506422505158	26.286688437232748	0.0
28.0	26.12806624875459	23.837640875978337	23.763410207704748	26.27088266756233	0.0
29.0	26.277092077075707	23.736596848442424	23.77611127261848	26.21019980186339	0.0
30.0	26.268906946353525	23.75155588045193	23.805182598976575	26.17435457421797	0.0
31.0	26.1980632287236	23.756918552304395	23.780062715036085	26.264955503935916	0.0
32.0	26.25535914377888	23.72954070126813	23.786554370436434	26.228545784516555	0.0
33.0	26.478333394486608	23.616642346479406	23.69567119483151	26.209353064202475	0.0
34.0	26.242301765160796	23.682903285897343	23.704636157854033	26.370158791087828	0.0
35.0	26.28068709744794	23.926480798866503	23.665686335386198	26.12714576829936	0.0
36.0	26.388222476870016	23.74443271559291	23.52258807458044	26.344756732956633	0.0
37.0	26.172869472935517	23.73963454905702	23.80031724348155	26.287178734525913	0.0
38.0	26.24258401025114	23.624760797285933	23.765036607188218	26.36761858527471	0.0
39.0	26.27363097018927	23.725804539630033	23.647340404513663	26.353224085667033	0.0
40.0	26.147749659894664	23.659194698308223	23.693910844420863	26.49914479737625	0.0
41.0	26.2248025695593	23.846887683388747	23.737658833424593	26.190650913627355	0.0
42.0	26.24117278479941	23.72072412800379	23.765883342459258	26.27221974473754	0.0
43.0	26.32443508645167	23.72157086327483	23.803986429656057	26.150007620617437	0.0
44.0	26.201093981970185	23.77999559697659	23.635203865628757	26.383706555424467	0.0
45.0	26.195731325253597	23.809913576553335	23.710563304751314	26.28379179344175	0.0
46.0	26.218801421382267	23.79799211409443	23.77851725782734	26.204689206695964	0.0
47.0	26.310530816843208	23.77061441760301	23.72827777354411	26.19057699200966	0.0
48.0	26.20779389392695	23.745776919755123	23.772025639071643	26.274403547246283	0.0
49.0	26.228962215956397	23.863755034532588	23.68340093084168	26.22388181866933	0.0
50.0	26.156707676762547	23.804201488556405	23.745212431167673	26.293878403513375	0.0
51.0	26.352302972314657	23.641064286782782	23.8454091554404	26.161223585462164	0.0
52.0	26.29359615921965	23.66505505174949	23.750010584161014	26.29133820486984	0.0
53.0	26.127918758802494	23.837788559509796	23.754244248566906	26.2800484331208	0.0
54.0	26.28456434182042	23.73618061376844	23.779081746414793	26.200173297996347	0.0
55.0	26.276661501596095	23.739567545293152	23.813797794543092	26.169973158567668	0.0
56.0	26.200455542290076	23.757913424385343	23.77428359342145	26.267347439903133	0.0
57.0	26.25267073662938	23.74182549964296	23.793193961101093	26.212309802626564	0.0
58.0	26.484675546072147	23.615944544641167	23.695255191178173	26.204124718108513	0.0
59.0	26.245540552745666	23.68333408598266	23.703091130780347	26.36803423049133	0.0
60.0	26.286465859826592	23.92239432803468	23.6644237716763	26.126716040462426	0.0
61.0	26.39654082369942	23.751354768786126	23.517092666184972	26.335011741329478	0.0
62.0	26.1746974349711	23.741194002890172	23.802723085260116	26.28138547687861	0.0
63.0	26.245258309248555	23.630272308526013	23.768289378612717	26.356180003612717	0.0
64.0	26.2867481033237	23.71550984465318	23.643819996387283	26.353922055635838	0.0
65.0	26.152682442196536	23.653698518786126	23.69659953034682	26.497019508670522	0.0
66.0	26.226347994942195	23.834898843930635	23.74740335982659	26.19134980130058	0.0
67.0	26.254572344653177	23.706195809248555	23.773369761560694	26.265862084537574	0.0
68.0	26.327391166907514	23.705349078757227	23.798207189306357	26.1690525650289	0.0
69.0	26.20122832369942	23.775627709537574	23.62942557803468	26.39371838872832	0.0
70.0	26.193607749277458	23.81316609465318	23.71099394869942	26.282232207369944	0.0
71.0	26.216395478471938	23.802655903811686	23.787414797984788	26.193533819731584	0.0
72.0	26.313204724742807	23.771044721355892	23.74225596590508	26.173494587996217	0.0
73.0	26.205670255853008	23.747900819915042	23.77273817755888	26.27369074667306	0.0
74.0	26.22937864269485	23.863338084418793	23.68891209551093	26.218371177375428	0.0
75.0	26.172365617194227	23.791930681192756	23.75128773232102	26.284415969291995	0.0
76.0	26.347638334203584	23.635568225116778	23.843016609982925	26.173776830696717	0.0
77.0	26.295705677311922	23.671413048080044	23.743384936707074	26.289496337900957	0.0
78.0	26.143294619042916	23.829186717658516	23.75298118852401	26.274537474774558	0.0
79.0	26.296834648113915	23.730966257885157	23.77781854616785	26.19438054783308	0.0
80.0	26.279617843383523	23.745925121011556	23.80547833081667	26.16897870478825	0.0
81.0	26.194098305132584	23.760037256036465	23.77951200237084	26.26635243646011	0.0
82.0	26.25901412624716	23.741973723204584	23.78797928338578	26.21103286716247	0.0
83.0	26.4828325877422	23.615811236081907	23.691452279815415	26.20990389636048	0.0
84.0	26.250190513285126	23.685176090723836	23.706908717323444	26.357724678667594	0.0
85.0	26.304945442639976	23.916614451914448	23.658080867950304	26.120359237495272	0.0
86.0	26.396109577596764	23.748398277195417	23.525709415025432	26.329782730182384	0.0
87.0	26.177936585889032	23.739366536270907	23.800895271319142	26.281801606520915	0.0
88.0	26.258657770401854	23.62900995184953	23.77182435521837	26.340507922530243	0.0
89.0	26.28603523507928	23.711142345881807	23.649613610833573	26.353208808205338	0.0
90.0	26.152252572634954	23.662032254604775	23.69787697639893	26.487838196361334	0.0
91.0	26.23664290189836	23.830530671227695	23.754043115273237	26.178783311600707	0.0
92.0	26.26176243134466	23.70295733066897	23.773517806641717	26.26176243134466	0.0
93.0	26.33486308445242	23.69138541260944	23.79807285228023	26.175678650657908	0.0
94.0	26.20474956675868	23.76053467906273	23.636912725158478	26.39780302902011	0.0
95.0	26.2007981801042	23.800895271319142	23.704933023996208	26.29337352458045	0.0
96.0	26.217940938225887	23.794901032155728	23.77966001236216	26.20749801725622	0.0
97.0	26.320958942386124	23.7666769214269	23.744097632843832	26.168266503343148	0.0
98.0	26.212296116080125	23.748895731667734	23.762161063710284	26.27664708854186	0.0
99.0	26.235439886877764	23.86602579119238	23.689907340244474	26.208626981685374	0.0
100.0	26.1741935665962	23.79151413886827	23.75143590163333	26.282856392902197	0.0
101.0	26.342973748754613	23.634588083215966	23.862074415690348	26.160363752339073	0.0
102.0	26.296968448266618	23.67579528488006	23.739864016234506	26.287372250618812	0.0
103.0	26.140042392614316	23.825665312850155	23.765547956997747	26.268744337537786	0.0
104.0	26.29894413601763	23.728574371942976	23.77994225346945	26.19253923856994	0.0
105.0	26.271848989717956	23.73732384626891	23.82143169624083	26.1693954677723	0.0
106.0	26.1959261318574	23.749177972775023	23.796029996584885	26.258865898782695	0.0
107.0	26.248705218920314	23.74268642730739	23.79123189776098	26.21737645601131	0.0
108.0	26.484658784613345	23.609186383560022	23.697245609033974	26.208909222792663	0.0
109.0	26.24213960734728	23.674881741309818	23.71298418325299	26.369994468089907	0.0
110.0	26.30931280129153	23.90180295110469	23.6554071598722	26.133477087731578	0.0
111.0	26.388904568906153	23.7355634081082	23.540535353421316	26.33499666956433	0.0
112.0	26.18315138241304	23.73048308251578	23.807534687334183	26.278830847736995	0.0
113.0	26.254558181017646	23.637343779988033	23.77535929191551	26.332738747078814	0.0
114.0	26.29774094855324	23.706492656107116	23.647504431172877	26.34826196416677	0.0
115.0	26.15379839010127	23.651173555211848	23.6926628808833	26.502365173803582	0.0
116.0	26.231414475541055	23.82277566411145	23.75701367172065	26.188796188626846	0.0
117.0	26.258791785678	23.709879539835395	23.77592377253689	26.255404901949714	0.0
118.0	26.32652946024363	23.698307687097103	23.80104316018831	26.17411969247096	0.0
119.0	26.191054111112365	23.771125687255157	23.637626020298725	26.400194181333752	0.0
120.0	26.19895683981169	23.801325400499003	23.708468338281946	26.291249421407365	0.0
121.0	26.219916625976907	23.795465514370306	23.782482423435045	26.202135436217745	0.0
122.0	26.31277395027476	23.772039502465375	23.74776676723858	26.167419780021277	0.0
123.0	26.20778025836351	23.765547956997747	23.759056411530114	26.267615373108633	0.0
124.0	26.229512823624713	23.8584052812956	23.684544759206	26.22753713587369	0.0
125.0	26.158388064588056	23.789256210009963	23.753693830491635	26.298661894910346	0.0
126.0	26.34466719539834	23.641926352005463	23.857840799081025	26.155565653515172	0.0
127.0	26.302331029305094	23.662247711730224	23.75962089374469	26.275800365219993	0.0
128.0	26.155565653515172	23.81663359741693	23.759903134851978	26.26789761421592	0.0
129.0	26.29809741269577	23.730550059693993	23.77994225346945	26.191410274140786	0.0
130.0	26.27418107511586	23.74557585815651	23.815289608417583	26.16495345831005	0.0
131.0	26.199104728680854	23.745011374348728	23.799484061799685	26.25639983517073	0.0
132.0	26.246877690125743	23.741409237803587	23.799833476806707	26.211879595263966	0.0
133.0	26.4828325877422	23.609884139371445	23.70556441484032	26.201718858046036	0.0
134.0	26.241024656791907	23.675713511560694	23.719743497109828	26.363518334537574	0.0
135.0	26.30904533959538	23.917031701589593	23.659343388728324	26.114579570086704	0.0
136.0	26.3987987716763	23.722001445086704	23.54898618135838	26.33021360187861	0.0
137.0	26.187680635838152	23.738371567919074	23.805545520231213	26.26840227601156	0.0
138.0	26.25118542268786	23.627449873554912	23.791433345375722	26.329931358381504	0.0
139.0	26.296344382225435	23.7160743316474	23.65144057080925	26.336140715317917	0.0
140.0	26.15352917268786	23.655391979768787	23.692930364884393	26.498148482658962	0.0
141.0	26.233478124656013	23.820007169005063	23.76440504314104	26.182109663197885	0.0
142.0	26.265936218434504	23.692150503947186	23.772590127659093	26.269323149959217	0.0
143.0	26.330852405991482	23.690174793891106	23.794040693982268	26.184932106135143	0.0
144.0	26.206947161045775	23.754808737154356	23.640217553901604	26.39802654789827	0.0
145.0	26.192270457772022	23.807870664374843	23.695819679765627	26.304039198087516	0.0
146.0	26.228189510643464	23.78902743986768	23.78592274387387	26.196860305614983	0.0
147.0	26.31766120428335	23.74810190176742	23.7624964013751	26.17174049257413	0.0
148.0	26.217464197210287	23.766730077730298	23.76080293083302	26.255002794226396	0.0
149.0	26.22734277537242	23.859024222273653	23.694757579691903	26.218875422662023	0.0
150.0	26.154597362129937	23.78232068213186	23.76369245359172	26.299389502146482	0.0
151.0	26.355838679540845	23.644866935176587	23.84469702315263	26.154597362129937	0.0
152.0	26.301929715129223	23.652487574124827	23.747604438034326	26.29797827271162	0.0
153.0	26.161371263417266	23.8119565002639	23.76679715834841	26.259875077970424	0.0
154.0	26.299389502146482	23.733209897798766	23.77921597737517	26.188184622679582	0.0
155.0	26.279988710132656	23.739486311035847	23.798758114592154	26.181766864239346	0.0
156.0	26.197290431837427	23.741179791137455	23.791419700818516	26.270110076206603	0.0
157.0	26.25974106616163	23.743504779861077	23.78527740693595	26.21147674704134	0.0
158.0	26.48271657554777	23.604921267065386	23.7096350822328	26.202727075154037	0.0
159.0	26.23892881133961	23.674703215936866	23.724943409220487	26.36142456350304	0.0
160.0	26.31316010815754	23.906711299527515	23.673291974552495	26.106836617762447	0.0
161.0	26.39783459121982	23.720991933344244	23.54740924306657	26.33376423236936	0.0
162.0	26.176551942150393	23.739902567894823	23.815545106097126	26.26800038385766	0.0
163.0	26.25840394244393	23.61797131228514	23.78986051290157	26.33376423236936	0.0
164.0	26.295660714991335	23.71252448503802	23.65071211240255	26.341102687568092	0.0
165.0	26.145504631694223	23.65720382277066	23.700952305686172	26.496339239848943	0.0
166.0	26.243518855649356	23.811660838223297	23.7679122318281	26.17690807429925	0.0
167.0	26.26073604913392	23.701583699551506	23.770734722563272	26.2669455287513	0.0
168.0	26.327629079557546	23.677874777376044	23.800370875282603	26.194125267783807	0.0
169.0	26.214164952003543	23.74561455502022	23.64231139411285	26.39790909886338	0.0
170.0	26.205979728871544	23.80065312435612	23.701301450477988	26.292065696294355	0.0
171.0	26.23399643236164	23.783503059588593	23.79168830582338	26.19081220222639	0.0
172.0	26.31048614717637	23.758665071014068	23.75753607153341	26.173312710276154	0.0
173.0	26.216779190281574	23.755842572312417	23.77447106374331	26.2529071736627	0.0
174.0	26.23879468015445	23.848420529726553	23.70362634633188	26.209158443787118	0.0
175.0	26.16209655795312	23.771151159344615	23.761836887339648	26.30491539536262	0.0
176.0	26.358825272724708	23.64046910060825	23.85723761272386	26.143468013943185	0.0
177.0	26.30802015269761	23.652888129948206	23.756474124670117	26.28261759268406	0.0
178.0	26.155604792616323	23.818569271369906	23.766070647341905	26.259755288671872	0.0
179.0	26.302657390028084	23.73332956999111	23.784134690018206	26.179878349962603	0.0
180.0	26.282691775756856	23.728316031318624	23.807346441091298	26.181645751833223	0.0
181.0	26.194347067689545	23.743557610346212	23.794645125234975	26.26745019672927	0.0
182.0	26.257363255836268	23.734874807010016	23.79697030423971	26.210791632914	0.0
183.0	26.481753802643578	23.596853451804016	23.71681066236138	26.20458208319103	0.0
184.0	26.231187833764242	23.675386404434757	23.72703871382927	26.366387047971727	0.0
185.0	26.306549399930002	23.90005983764804	23.67623316360516	26.117157598816792	0.0
186.0	26.401950933128603	23.716595350727648	23.55006604721529	26.331387668928453	0.0
187.0	26.173043704063314	23.75018346448692	23.82046447563027	26.256308355819492	0.0
188.0	26.25151005385388	23.625427613381053	23.791392410779807	26.331669921985256	0.0
189.0	26.294694771544375	23.718571122125255	23.653935172117915	26.33279893421246	0.0
190.0	26.163447100132093	23.649419123209103	23.701918191774016	26.485215584884784	0.0
191.0	26.23549568010477	23.817991425127932	23.77960490105591	26.166907993711387	0.0
192.0	26.26597909627961	23.70593664530005	23.776782362521203	26.251301895899132	0.0
193.0	26.325816913215405	23.683356337022392	23.79343533987598	26.197391409886222	0.0
194.0	26.21460889494794	23.74347640781166	23.650614890019785	26.39129980722062	0.0
195.0	26.205294517783408	23.796540132264155	23.697186775842457	26.300978574109983	0.0
196.0	26.23782776821248	23.785599367749583	23.797171808405544	26.17940105563239	0.0
197.0	26.309802703999548	23.758502921335626	23.762454486437665	26.169239888227157	0.0
198.0	26.201134663693587	23.754551356233595	23.783905839848714	26.26040814022411	0.0
199.0	26.241214824014225	23.841485788478366	23.709672866860483	26.207626520646926	0.0
200.0	26.166491197863888	23.76816666619624	23.761674790919276	26.303667345020592	0.0
201.0	26.34939272740616	23.64679682406171	23.85369006658406	26.15012038194807	0.0
202.0	26.308049688529355	23.655115767725036	23.75672830219568	26.280106241549927	0.0
203.0	26.168480178387455	23.820652864219486	23.758273706196988	26.25259325119607	0.0
204.0	26.308762719279677	23.734846239609354	23.777467293280832	26.178923747830137	0.0
205.0	26.285691704959863	23.72983256370595	23.80914746361676	26.175328267717425	0.0
206.0	26.193110611825542	23.744510054080905	23.794469973241807	26.267909360851743	0.0
207.0	26.259233437675533	23.72961728335822	23.7973597378367	26.21378954112955	0.0
208.0	26.48193675677354	23.598648538033153	23.723125298137365	26.19628940705594	0.0
209.0	26.241807373786983	23.67661919036248	23.724321303368505	26.357252132482035	0.0
210.0	26.305880626167855	23.892548873496256	23.68734510926324	26.114225391072647	0.0
211.0	26.412857554151774	23.709361469112174	23.552424339932596	26.32535663680345	0.0
212.0	26.186632042452295	23.740261939708702	23.820989048210457	26.252116969628542	0.0
213.0	26.264254262165522	23.628203680704527	23.787117534153776	26.320424522976175	0.0
214.0	26.29727898837078	23.714293778931918	23.65530089194987	26.33312634074743	0.0
215.0	26.17238439869255	23.637369523368655	23.7070887833848	26.483157294553994	0.0
216.0	26.239637345918588	23.836150808548112	23.759939256570423	26.164272588962874	0.0
217.0	26.287904662171123	23.697840954958973	23.76445549668762	26.24979888618228	0.0
218.0	26.329115353240546	23.68993753475388	23.79748050254462	26.183466609460957	0.0
219.0	26.205348952085245	23.736927528050245	23.664667278244302	26.39305624162021	0.0
220.0	26.202244019476396	23.794792181215158	23.70446686895773	26.29849693035072	0.0
221.0	26.231673789214	23.78639132422927	23.804174170274987	26.17776071628175	0.0
222.0	26.30760371915523	23.75929365406437	23.766350339003147	26.166752287777257	0.0
223.0	26.2051406538442	23.762116328039877	23.782157313266	26.250585704849914	0.0
224.0	26.25425518101808	23.82647329468152	23.71638900963661	26.202882514663788	0.0
225.0	26.162309857087614	23.769804642182724	23.769804642182724	26.29808085854694	0.0
226.0	26.36300254323643	23.63205776336328	23.85646097783348	26.14847871556681	0.0
227.0	26.307960245347516	23.653792414324545	23.773474128708653	26.264773211619286	0.0
228.0	26.165697075419235	23.82117745354571	23.7666996920454	26.24642577898965	0.0
229.0	26.311912000067743	23.735367922477863	23.773474128708653	26.179245948745738	0.0
230.0	26.28884021316954	23.724990967392287	23.81136527865595	26.174803540782225	0.0
231.0	26.208111281727035	23.741362568873633	23.79273552524614	26.257790624153195	0.0
232.0	26.264921486658523	23.722799777571407	23.808892062855836	26.203386672914235	0.0
233.0	26.487632349246766	23.59831880114376	23.721106158844503	26.19294269076498	0.0
234.0	26.241997583750155	23.670498041031085	23.728646109724842	26.358858265493918	0.0
235.0	26.320469249268914	23.88050854155611	23.687434371718584	26.11158783745639	0.0
236.0	26.404304086172047	23.70888705725609	23.56154098027482	26.325267876297044	0.0
237.0	26.185260875947026	23.737678819424843	23.83393363216548	26.243126672462658	0.0
238.0	26.26090981968453	23.62928630302483	23.796673704652974	26.313130172637667	0.0
239.0	26.311436539568916	23.692515270924837	23.662594420043582	26.33345376946267	0.0
240.0	26.17312876681393	23.64182980705444	23.696876455560417	26.488164970571216	0.0
241.0	26.246238277258023	23.81812741018446	23.763077809082336	26.17255650347518	0.0
242.0	26.28902798128746	23.692762019305423	23.76588434250609	26.252325656901025	0.0
243.0	26.339536551552783	23.681498485195004	23.795850027246725	26.18311493600549	0.0
244.0	26.20870959908284	23.742439388035173	23.66478604385861	26.384064969023374	0.0
245.0	26.190180341479667	23.790898770424675	23.708155185170543	26.310765702925114	0.0
246.0	26.22859612011873	23.789619947865333	23.798092537625358	26.18369139439058	0.0
247.0	26.31740992237902	23.75151117990667	23.767611601342267	26.16346729637204	0.0
248.0	26.210517095719645	23.74950200469599	23.79640539219426	26.24357550739011	0.0
249.0	26.24075000211913	23.835397364933783	23.72492010883846	26.198932524108624	0.0
