# Position (bp)	A	C	G	T	N
0.0	27.233964308255022	19.572977906766788	24.830163549892408	28.362894235085783	0.0
1.0	25.62099428660408	19.98893433321903	20.747131292148513	33.642940088028375	0.0
2.0	28.36521338680635	18.731291485897074	22.90079497207907	30.00270015521751	0.0
3.0	28.49243542404861	20.57617667960422	21.177830897395758	29.753556998951414	0.0
4.0	28.20038796095211	21.5406124879694	20.688821191745806	29.5690187834724	0.0011595758602810481
5.0	27.92407759881657	21.181309624976603	22.542486031252228	28.352126744954603	0.0
6.0	27.690837197205752	21.43608500684978	22.84314748645367	28.029930309490798	0.0
7.0	26.79879205326098	22.461315721032552	22.40499346496176	28.334898760744714	0.0
8.0	26.857102153663682	22.46065310625525	22.595660867130828	28.086583872950243	0.0
9.0	26.698405914499503	22.68892389703629	22.535694229784866	28.07697595867934	0.0
10.0	26.523806920680045	22.881744797231597	22.447732118097832	28.146716163990533	0.0
11.0	27.048597824304377	22.454689573259518	22.567665392789756	27.929047209646345	0.0
12.0	27.164555410332486	22.387599827057546	22.22708139725578	28.22076336535419	0.0
13.0	26.878968441314694	22.64999527886971	22.03525441922643	28.435781860589167	0.0
14.0	27.130430749301354	22.512005751496268	22.45667741759143	27.90088608161095	0.0
15.0	27.003871326836393	22.61570496414426	22.661591037472522	27.71883267154682	0.0
16.0	26.858096075829636	22.90775242724076	22.598145672545716	27.63600582438389	0.0
17.0	26.7797418784135	22.844141408619624	23.084504919086456	27.29161179388042	0.0
18.0	26.638936238236514	23.0931189111914	22.8926779410571	27.375266909514984	0.0
19.0	26.58924012993876	23.248667730163383	22.701844885193704	27.46024725470415	0.0
20.0	27.00735005441724	22.91239073068188	22.886217446978392	27.19404176792249	0.0
21.0	27.02292150168387	22.883732641563505	22.45452391956519	27.63882193718743	0.0
22.0	26.86869791226649	22.964737298088853	22.431995017136874	27.734569772507783	0.0
23.0	27.20398098958204	22.734313009281575	22.64568828281724	27.416017718319146	0.0
24.0	27.170187635939563	22.680641212319998	22.555241365715318	27.59392978602512	0.0
25.0	27.078746796671687	22.916697726734352	22.506539179583513	27.498016297010448	0.0
26.0	27.493212339874994	22.703998383219943	22.96573122025481	26.83705805665025	0.0
27.0	27.246885296412437	22.741270464443264	22.88091652875997	27.130927710384334	0.0
28.0	27.07145803412135	23.048723721112065	22.639724749821507	27.24009349494508	0.0
29.0	27.469192554197747	22.80852586433956	22.81299851408636	26.90928306737633	0.0
30.0	27.46306336750769	22.741270464443264	22.464463141224744	27.3312030268243	0.0
31.0	27.21806155359974	22.8772721474848	22.334756298567594	27.569744346653547	1.65653694325864E-4
32.0	27.52468654179691	22.564021011514587	22.513662288439527	27.397630158248976	0.0
33.0	27.694978539563902	22.490470771233905	22.159329036276503	27.654724691842713	4.96961082977592E-4
34.0	27.51044032408489	22.609078816371223	21.997816684308784	27.882664175235107	0.0
35.0	27.95384633320509	22.372004017127754	22.31621057610475	27.357939073562402	0.0
36.0	27.870079228985528	22.459118715960226	22.227404973875576	27.443397081178674	0.0
37.0	27.866024204089097	22.614298968583444	22.003271005885104	27.51640582144236	0.0
38.0	28.204096999982887	22.310680608560233	22.17959030000171	27.305632091455173	0.0
39.0	28.154496918067558	22.34015453850726	21.857373330583826	27.64797521284136	0.0
40.0	28.05674302625956	22.512392973768574	21.738480557231007	27.69238344274086	0.0
41.0	28.366960468222757	22.356993031377577	21.88580185651111	27.39024464388855	0.0
42.0	28.467589765093027	22.148345988714986	21.649362369306218	27.734701876885776	0.0
43.0	28.291423012847034	22.3358341625949	21.413397139886175	27.959345684671895	0.0
44.0	28.55204726636246	22.043177180069247	21.66158385116905	27.74319170239924	0.0
45.0	28.675418880261542	22.033062462670145	21.446787274842034	27.84473138222627	0.0
46.0	28.567115610227567	22.257050750817076	21.2763586334339	27.899475005521456	0.0
47.0	28.744202811989833	21.95020233836507	21.7052167881116	27.600378061533497	0.0
48.0	28.773396447648413	22.16398141312372	21.31150388674165	27.75111825248621	0.0
49.0	28.638315618624677	22.36494178379414	21.233755255238332	27.76298734234285	0.0
50.0	29.022292747298078	22.091172672106058	21.349565559803207	27.536969020792657	0.0
51.0	29.010861899404805	22.092288319858653	21.115669101300448	27.78118067943609	0.0
52.0	28.804081882314563	22.313236553439626	21.08887574929658	27.79380581494923	0.0
53.0	29.061751358380654	22.040275753271704	21.254160415495267	27.643812472852375	0.0
54.0	29.03425799478883	21.943604308570503	21.227277931841478	27.79485976479919	0.0
55.0	28.87266377388232	22.32375940862972	20.933816570907887	27.86976024658008	0.0
56.0	29.20258853026061	21.894395111238424	21.265435235921558	27.637581122579412	0.0
57.0	29.042443181634	22.102676646687176	21.010233951303636	27.84464622037519	0.0
58.0	29.064339285164653	22.272343307011212	20.775778634282137	27.887538773541998	0.0
59.0	29.419817659042636	21.887777954371415	21.09419022987675	27.598214156709194	0.0
60.0	29.21858125770371	22.015348274559337	20.799926731260186	27.966143736476766	0.0
61.0	28.98551309796828	22.287137827449207	20.888917600697695	27.838431473884818	0.0
62.0	29.398981905291528	22.01651195619626	21.06942721478376	27.515078923728453	0.0
63.0	29.223669702291012	22.18637553713308	20.974848332221633	27.615106428354274	0.0
64.0	29.228835959730187	22.30631827789253	20.60915074217979	27.855695020197498	0.0
65.0	29.46886381215328	21.966674008697744	21.0712877068788	27.49317447227017	0.0
66.0	29.452708116446008	22.246507546316234	20.859882158644332	27.440902178593422	0.0
67.0	29.212041702463605	22.20493649429958	20.854714746789885	27.728307056446933	0.0
68.0	29.53547564049369	22.055153365494775	20.924342166376636	27.485028827634896	0.0
69.0	29.479417285778492	22.134018983158395	20.77307458424768	27.61348914681543	0.0
70.0	29.301491103529624	22.20267988952696	20.49684615004273	27.99898285690068	0.0
71.0	29.59837568969031	22.039143463132234	20.899408998618732	27.46307184855873	0.0
72.0	29.43987193376777	22.072829584593244	20.79944375272868	27.687854728910306	0.0
73.0	29.322553279894738	22.41477813749762	20.626374197122626	27.636294385485016	0.0
74.0	29.606375271673507	22.144409562907512	20.843163115561087	27.406052049857895	0.0
75.0	29.59921779125802	21.885881331750294	20.808348881062365	27.706551995929324	0.0
76.0	29.3564923320598	22.432336982694963	20.55949743688531	27.651673248359927	0.0
77.0	29.527862441773532	22.18643970326068	20.747599056875035	27.53809879809075	0.0
78.0	29.18975069252078	22.053076770874554	20.810249307479225	27.94692322912545	0.0
79.0	29.342463931919422	22.41074396649159	20.7313343527691	27.515457748819895	0.0
80.0	29.50573710758327	22.20539273823643	20.920795050226484	27.368075103953814	0.0
81.0	29.73592687205688	22.095349481394848	20.80114493244283	27.367578714105445	0.0
82.0	29.489970584813786	22.45691589250993	20.60226347365097	27.45085004902531	0.0
83.0	29.855362666046876	22.19441117050757	21.193213308780148	26.7570128546654	0.0
84.0	29.85267461143893	22.231863936133287	20.563847429519072	27.35161402290871	0.0
85.0	29.400266178672435	22.182249209782064	20.499916819164866	27.917567792380638	0.0
86.0	29.421117456051952	22.040085096853655	21.19135595118128	27.34744149591311	0.0
87.0	29.333688570252136	22.24671204010948	20.965437062513626	27.45416232712476	0.0
88.0	29.515303457641284	22.406769037919148	20.610049096417008	27.46787840802256	0.0
89.0	29.597119063695704	22.116250281341436	20.982444294395677	27.304186360567183	0.0
90.0	29.260205633631443	21.95656141631685	21.147411328101235	27.63582162195048	0.0
91.0	29.096351853679398	22.527056811079312	20.642126385736372	27.73446494950492	0.0
92.0	29.915380786460926	22.27476356396217	20.706819313091092	27.103036336485815	0.0
93.0	29.872922025569164	22.367259185318847	20.77782470150113	26.981994087610854	0.0
94.0	29.547533893371035	22.502703152291442	20.61881393994843	27.330949014389088	0.0
95.0	29.451499594704135	21.86346032603801	21.025848869674864	27.659191209582996	0.0
96.0	29.114047491345264	22.96065142132722	21.30771856258228	26.61758252474523	0.0
97.0	29.33459775565039	22.111585269480006	20.8735050840314	27.680311890838205	0.0
98.0	29.284942260651913	22.185562318675693	21.252630980146765	27.276864440525628	0.0
99.0	29.70613549735645	21.984507561785318	21.548014262879626	26.761342677978604	0.0
100.0	29.602336851888733	22.58514240191197	20.79930956648742	27.013211179711877	0.0
101.0	29.223482130041624	22.69987081957801	20.790871250179418	27.285775800200945	0.0
102.0	29.584011155008135	22.20156479975211	21.070570919513518	27.143853125726235	0.0
103.0	29.395995643796596	22.040713747172656	21.49618832202396	27.067102287006783	0.0
104.0	29.8886978553977	21.952764455705363	21.32838657135101	26.830151117545924	0.0
105.0	28.93316321523211	22.416331337717146	21.483953282952204	27.16655216409854	0.0
106.0	29.708840656431974	23.05982001058761	20.73054526204341	26.500794070937005	0.0
107.0	30.005750431282348	22.369177688326623	21.06958021851639	26.55549166187464	0.0
108.0	29.069478908188586	21.86104218362283	22.034739454094293	27.034739454094293	0.0
109.0	28.82360867807573	22.86753806764587	20.38808785877914	27.92076539549926	0.0
110.0	29.80392156862745	22.5998547567175	20.74074074074074	26.855482933914303	0.0
111.0	30.665622552858263	22.051683633516053	20.689115113547377	26.593578700078307	0.0
112.0	29.20950615203101	23.158604415978427	20.630372492836678	27.001516939153884	0.0
113.0	29.21511627906977	22.292877906976745	20.930232558139537	27.561773255813954	0.0
114.0	29.45766679672259	22.41513850955911	21.28365197034725	26.84354272337105	0.0
115.0	29.59612957509466	22.170803533866216	21.5187210769878	26.714345814051327	0.0
116.0	29.537690731040765	23.092689592347984	21.13413800956502	26.23548166704623	0.0
117.0	29.6505905511811	23.794291338582678	19.955708661417322	26.5994094488189	0.0
118.0	29.56917313352957	23.173668718223173	21.086432967621086	26.17072518062617	0.0
119.0	31.25900316911553	21.694036300777874	21.204263900893114	25.842696629213485	0.0
120.0	30.561588582066396	22.742786224014893	19.826248836487746	26.869376357430962	0.0
121.0	29.200542005420054	22.052845528455283	20.155826558265584	28.59078590785908	0.0
122.0	29.58924027626318	22.537259178480554	21.19229371137768	26.68120683387859	0.0
123.0	30.386740331491712	20.36306235201263	20.836621941594316	28.413575374901338	0.0
124.0	29.244482173174873	24.405772495755517	21.731748726655347	24.61799660441426	0.0
125.0	31.66058394160584	23.083941605839417	20.574817518248175	24.68065693430657	0.0
126.0	28.450844091360477	23.684210526315788	20.655412115193645	27.209533267130087	0.0
127.0	28.879310344827587	22.629310344827587	20.04310344827586	28.448275862068968	0.0
128.0	29.214780600461893	21.939953810623557	21.073903002309468	27.77136258660508	0.0
129.0	30.05635566687539	23.35629304946775	20.538509705698186	26.04884157795867	0.0
130.0	29.58133150308854	22.031571722717914	21.894303363074812	26.492793411118736	0.0
131.0	30.065837600585223	22.38478419897586	20.263350402340894	27.286027798098022	0.0
132.0	28.009441384736427	22.659323367427223	21.08575924468922	28.24547600314713	0.0
133.0	29.855810008481765	22.561492790500424	21.20441051738762	26.378286683630197	0.0
134.0	29.68036529680365	24.93150684931507	17.716894977168952	27.671232876712327	0.0
135.0	30.17751479289941	22.189349112426036	19.62524654832347	28.007889546351084	0.0
136.0	27.40899357601713	24.197002141327623	19.37901498929336	29.014989293361886	0.0
137.0	29.71098265895954	21.040462427745666	19.76878612716763	29.47976878612717	0.0
138.0	26.322418136020154	24.43324937027708	22.16624685138539	27.07808564231738	0.0
139.0	28.650137741046834	22.727272727272727	22.727272727272727	25.895316804407713	0.0
140.0	27.043090638930163	23.625557206537888	21.842496285289748	27.4888558692422	0.0
141.0	30.35143769968051	21.08626198083067	21.56549520766773	26.996805111821086	0.0
142.0	26.36986301369863	24.486301369863014	21.404109589041095	27.73972602739726	0.0
143.0	28.7593984962406	20.48872180451128	21.428571428571427	29.32330827067669	0.0
144.0	29.31726907630522	19.27710843373494	21.88755020080321	29.518072289156628	0.0
145.0	29.321663019693656	22.75711159737418	20.13129102844639	27.78993435448578	0.0
146.0	28.57142857142857	20.476190476190474	20.952380952380953	30.0	0.0
147.0	26.246719160104988	20.99737532808399	19.42257217847769	33.33333333333333	0.0
148.0	31.00558659217877	22.3463687150838	18.994413407821227	27.6536312849162	0.0
149.0	27.82874617737003	24.464831804281346	20.18348623853211	27.522935779816514	0.0
150.0	28.807947019867548	22.516556291390728	20.52980132450331	28.14569536423841	0.0
151.0	26.595744680851062	21.631205673758867	21.98581560283688	29.78723404255319	0.0
152.0	28.68525896414343	21.51394422310757	21.91235059760956	27.88844621513944	0.0
153.0	31.03448275862069	21.551724137931032	18.96551724137931	28.448275862068968	0.0
154.0	29.245283018867923	23.58490566037736	19.81132075471698	27.358490566037734	0.0
155.0	25.510204081632654	20.408163265306122	25.510204081632654	28.57142857142857	0.0
156.0	31.868131868131865	18.681318681318682	21.978021978021978	27.472527472527474	0.0
157.0	26.82926829268293	29.878048780487802	20.121951219512198	23.170731707317074	0.0
158.0	30.718954248366014	18.30065359477124	28.104575163398692	22.875816993464053	0.0
159.0	30.555555555555557	21.52777777777778	18.75	29.166666666666668	0.0
160.0	27.941176470588236	18.38235294117647	21.323529411764707	32.35294117647059	0.0
161.0	33.85826771653544	24.409448818897637	25.196850393700785	16.535433070866144	0.0
162.0	33.33333333333333	16.216216216216218	15.315315315315313	35.13513513513514	0.0
163.0	28.57142857142857	21.904761904761905	20.952380952380953	28.57142857142857	0.0
164.0	31.313131313131315	28.28282828282828	12.121212121212121	28.28282828282828	0.0
165.0	29.347826086956523	23.91304347826087	20.652173913043477	26.08695652173913	0.0
166.0	30.337078651685395	23.595505617977526	16.853932584269664	29.213483146067414	0.0
167.0	24.390243902439025	19.51219512195122	24.390243902439025	31.70731707317073	0.0
168.0	26.76056338028169	19.718309859154928	23.943661971830984	29.577464788732392	0.0
169.0	17.647058823529413	23.52941176470588	25.0	33.82352941176471	0.0
170.0	28.333333333333332	21.666666666666668	23.333333333333332	26.666666666666668	0.0
171.0	24.074074074074073	11.11111111111111	29.629629629629626	35.18518518518518	0.0
172.0	23.404255319148938	25.53191489361702	23.404255319148938	27.659574468085108	0.0
173.0	39.53488372093023	16.27906976744186	27.906976744186046	16.27906976744186	0.0
174.0	33.33333333333333	30.76923076923077	15.384615384615385	20.51282051282051	0.0
175.0	28.205128205128204	25.64102564102564	12.82051282051282	33.33333333333333	0.0
176.0	25.71428571428571	11.428571428571429	37.142857142857146	25.71428571428571	0.0
177.0	30.303030303030305	24.242424242424242	21.21212121212121	24.242424242424242	0.0
178.0	33.33333333333333	21.21212121212121	9.090909090909092	36.36363636363637	0.0
179.0	20.689655172413794	10.344827586206897	31.03448275862069	37.93103448275862	0.0
180.0	18.51851851851852	37.03703703703704	14.814814814814813	29.629629629629626	0.0
181.0	40.74074074074074	11.11111111111111	29.629629629629626	18.51851851851852	0.0
182.0	44.0	24.0	20.0	12.0	0.0
183.0	13.636363636363635	31.818181818181817	22.727272727272727	31.818181818181817	0.0
184.0	40.0	25.0	5.0	30.0	0.0
185.0	25.0	20.0	30.0	25.0	0.0
186.0	36.84210526315789	31.57894736842105	10.526315789473683	21.052631578947366	0.0
187.0	52.94117647058824	29.411764705882355	11.76470588235294	5.88235294117647	0.0
188.0	46.666666666666664	26.666666666666668	13.333333333333334	13.333333333333334	0.0
189.0	20.0	26.666666666666668	20.0	33.33333333333333	0.0
190.0	26.666666666666668	33.33333333333333	6.666666666666667	33.33333333333333	0.0
191.0	14.285714285714285	7.142857142857142	42.857142857142854	35.714285714285715	0.0
192.0	38.46153846153847	0.0	15.384615384615385	46.15384615384615	0.0
193.0	15.384615384615385	38.46153846153847	15.384615384615385	30.76923076923077	0.0
194.0	30.76923076923077	7.6923076923076925	30.76923076923077	30.76923076923077	0.0
195.0	50.0	16.666666666666664	25.0	8.333333333333332	0.0
196.0	8.333333333333332	50.0	16.666666666666664	25.0	0.0
197.0	41.66666666666667	16.666666666666664	16.666666666666664	25.0	0.0
198.0	36.36363636363637	18.181818181818183	27.27272727272727	18.181818181818183	0.0
199.0	30.0	10.0	30.0	30.0	0.0
200.0	50.0	30.0	0.0	20.0	0.0
201.0	40.0	30.0	10.0	20.0	0.0
202.0	12.5	12.5	37.5	37.5	0.0
203.0	14.285714285714285	42.857142857142854	14.285714285714285	28.57142857142857	0.0
204.0	42.857142857142854	28.57142857142857	14.285714285714285	14.285714285714285	0.0
205.0	14.285714285714285	28.57142857142857	14.285714285714285	42.857142857142854	0.0
206.0	14.285714285714285	28.57142857142857	57.14285714285714	0.0	0.0
207.0	42.857142857142854	57.14285714285714	0.0	0.0	0.0
208.0	0.0	42.857142857142854	14.285714285714285	42.857142857142854	0.0
209.0	14.285714285714285	28.57142857142857	14.285714285714285	42.857142857142854	0.0
210.0	50.0	33.33333333333333	16.666666666666664	0.0	0.0
211.0	66.66666666666666	0.0	16.666666666666664	16.666666666666664	0.0
212.0	20.0	0.0	20.0	60.0	0.0
213.0	20.0	40.0	0.0	40.0	0.0
214.0	20.0	0.0	40.0	40.0	0.0
215.0	20.0	40.0	20.0	20.0	0.0
216.0	40.0	20.0	20.0	20.0	0.0
217.0	40.0	20.0	0.0	40.0	0.0
218.0	0.0	75.0	0.0	25.0	0.0
219.0	33.33333333333333	33.33333333333333	33.33333333333333	0.0	0.0
220.0	33.33333333333333	0.0	33.33333333333333	33.33333333333333	0.0
221.0	0.0	0.0	33.33333333333333	66.66666666666666	0.0
222.0	33.33333333333333	0.0	66.66666666666666	0.0	0.0
223.0	50.0	0.0	0.0	50.0	0.0
224.0	0.0	0.0	100.0	0.0	0.0
225.0	0.0	0.0	0.0	100.0	0.0
226.0	0.0	100.0	0.0	0.0	0.0
227.0	0.0	0.0	100.0	0.0	0.0
228.0	0.0	0.0	0.0	100.0	0.0
229.0	0.0	0.0	0.0	100.0	0.0
