# Position (bp)	A	C	G	T	N
0.0	26.249885902531716	23.676123618037632	23.816083179128878	26.25790730030177	0.0
1.0	26.231630307606775	23.604207638030278	23.818019378590613	26.346142675772338	0.0
2.0	26.257298457470498	23.74311642405317	23.71241519130187	26.287169927174464	0.0
3.0	26.262425117405954	23.754999087303563	23.69442923283716	26.288146562453328	0.0
4.0	26.108937041083006	23.803808233195515	23.647551751317117	26.439702974404362	0.0
5.0	26.259810509897623	23.795775465843665	23.752634111536995	26.191779912721724	0.0
6.0	26.315221839983188	23.77078194307711	23.750871099410418	26.163125117529283	0.0
7.0	26.1125413755057	23.935989292834883	23.689602822798076	26.261866508861342	0.0
8.0	26.355360885747626	23.78649367599644	23.741974018217114	26.116171420038825	0.0
9.0	26.237422544441035	23.8252055112689	23.761609693108703	26.17576225118136	0.0
10.0	26.26982042384948	23.72589407910198	23.782020266253785	26.22226523079475	0.0
11.0	26.17747487454553	23.72147034021317	23.768196082226247	26.332858703015056	0.0
12.0	26.15259134329596	23.79086774403141	23.76211344125413	26.2944274714185	0.0
13.0	26.234983480100087	23.793909064517464	23.738059361046215	26.23304809433623	0.0
14.0	26.26982042384948	23.6410135891729	23.744971453059982	26.344194533917637	0.0
15.0	26.239407218988898	23.669214924589077	23.843676127016604	26.24770172940542	0.0
16.0	26.241619088433303	23.753818930837607	23.748012773546044	26.256549207183046	0.0
17.0	26.26982042384948	23.77787301104552	23.80966863430886	26.142637930796138	0.0
18.0	26.348341789125897	23.939339480487163	23.682209657574962	26.03010907281198	0.0
19.0	26.16282123947634	23.877130652363242	23.71068747667169	26.249360631488727	0.0
20.0	26.144777514197397	23.748223597263927	23.766194986811765	26.34080390172691	0.0
21.0	26.21776900405324	23.696244809033253	23.74767063143168	26.338315555481827	0.0
22.0	26.23435797902048	23.775595405959866	23.75872994807651	26.23131666694315	0.0
23.0	26.2185984528016	23.734675934374014	23.900012718214143	26.146712894610243	0.0
24.0	26.34439817963648	23.777254303456587	23.681314731562736	26.19703278534419	0.0
25.0	26.258135509806852	23.676891004904807	23.82176805295201	26.243205432336335	0.0
26.0	26.237399291097802	23.609429173371378	23.80987928755882	26.343292247972	0.0
27.0	26.248735090658748	23.748500080180047	23.71532213024557	26.287442698915637	0.0
28.0	26.256753095226248	23.744076353522118	23.70453929651687	26.294631254734767	0.0
29.0	26.109111218017837	23.80047886841072	23.648689747460505	26.441720166110937	0.0
30.0	26.260623856051936	23.79688459050115	23.755965118915302	26.186526434531608	0.0
31.0	26.322483252093658	23.77691208144058	23.752581652091447	26.148023014374306	0.0
32.0	26.11125088819891	23.93450690790656	23.68373759631947	26.270504607575056	0.0
33.0	26.358702413965666	23.79018322472193	23.742351812478745	26.10876254883366	0.0
34.0	26.232073588489495	23.828614243807493	23.766405759676186	26.17290640802683	0.0
35.0	26.267739786058108	23.7340573479279	23.780506349412615	26.217696516601368	0.0
36.0	26.183689211942923	23.714150633005886	23.762535009552458	26.33962514549873	0.0
37.0	26.151893764498034	23.77967690295753	23.772488367013466	26.295940965530974	0.0
38.0	26.245344731770842	23.79488342130074	23.734610312231293	26.22516153469713	0.0
39.0	26.26939867896828	23.645306577233907	23.748710901967723	26.33658384183009	0.0
40.0	26.231520624186107	23.667701631521176	23.843544279999005	26.257233464293712	0.0
41.0	26.225714499000517	23.76198204524907	23.746499044754167	26.265804410996246	0.0
42.0	26.2682927503615	23.77801801004736	23.814790136222754	26.13889910336838	0.0
43.0	26.33796625258856	23.93976006878876	23.6873318642915	26.034941814331177	0.0
44.0	26.16129415765565	23.873680834533726	23.712768222247412	26.252256785563212	0.0
45.0	26.134679613368426	23.74560394594236	23.769104863860566	26.350611576828648	0.0
46.0	26.205182367123047	23.700260998429588	23.756110238658735	26.338446395788633	0.0
47.0	26.238360133595805	23.7779522682533	23.76025745946783	26.223430138683064	0.0
48.0	26.224259582844883	23.72652673022052	23.90015704142797	26.149056645506626	0.0
49.0	26.34093472827409	23.780164119351486	23.684778040742298	26.194123111632123	0.0
50.0	26.26020216319037	23.676207117736833	23.813618367211518	26.249972351861274	0.0
51.0	26.236148282497624	23.613998805600406	23.807535776691513	26.342317135210457	0.0
52.0	26.257160867930374	23.744498020393266	23.709384884209594	26.288956227466763	0.0
53.0	26.2701554931322	23.743392094844175	23.687266373227757	26.29918603879587	0.0
54.0	26.1144964720975	23.796753002587867	23.644964720974983	26.443785804339655	0.0
55.0	26.27762049058857	23.788458560969676	23.750027648138726	26.183893300303023	0.0
56.0	26.32178473771666	23.77512172059421	23.74913254204579	26.15396099964334	0.0
57.0	26.107235774380754	23.92856846627904	23.695495301211814	26.268700458128393	0.0
58.0	26.354132970590754	23.787839829245566	23.7447088520801	26.113318348083574	0.0
59.0	26.230546132174325	23.832076728902454	23.768486185645678	26.16889095327754	0.0
60.0	26.27063582248838	23.736967394640146	23.785351503639866	26.207045279231604	0.0
61.0	26.188521077500283	23.717890231663112	23.76406249567999	26.32952619515661	0.0
62.0	26.15506692213476	23.77539820121707	23.769592108137104	26.29994276851107	0.0
63.0	26.244646643939962	23.789775193605557	23.741391084605834	26.224187077848647	0.0
64.0	26.27865376055119	23.64351694411497	23.75023846453721	26.32759083079662	0.0
65.0	26.234416860894306	23.676141657611925	23.830141364542463	26.2593001169513	0.0
66.0	26.24271127957997	23.757703441354312	23.73669091401729	26.262894365048428	0.0
67.0	26.275888954322635	23.78148077491989	23.797793131668367	26.144837139089105	0.0
68.0	26.34307374567653	23.939074729947553	23.67669461885764	26.041156905518275	0.0
69.0	26.15561988338047	23.864977923022266	23.720931518514522	26.258470675082734	0.0
70.0	26.135088058834917	23.73745472642318	23.78252094334928	26.344936271392626	0.0
71.0	26.196190107550667	23.696535707373716	23.759849594957007	26.347424590118614	0.0
72.0	26.242085764052085	23.770355829577817	23.7709087892947	26.216649617075394	0.0
73.0	26.225220492687107	23.720312975199757	23.906660399789875	26.14780613232326	0.0
74.0	26.339683154082227	23.775055987171335	23.690453150487986	26.194807708258455	0.0
75.0	26.26033343470928	23.67192899997235	23.821228123531203	26.246509441787165	0.0
76.0	26.23351488844038	23.61055047139816	23.81016892919351	26.345765710967957	0.0
77.0	26.248721280654703	23.75155519920374	23.712848019021816	26.286875501119745	0.0
78.0	26.26254527357682	23.74243136387514	23.698747546241254	26.296275816306782	0.0
79.0	26.11684038817772	23.80215101329868	23.644004534269676	26.437004064253923	0.0
80.0	26.272222068622302	23.7924742182532	23.7493433603362	26.1859603527883	0.0
81.0	26.324956938381106	23.777755045052267	23.747342344708606	26.14994567185802	0.0
82.0	26.101561830402193	23.92263009032572	23.703935126945378	26.271872952326706	0.0
83.0	26.359516825135266	23.77941391961647	23.745683470144403	26.11538578510386	0.0
84.0	26.240077856512876	23.833603822046996	23.763101653068503	26.163216668371618	0.0
85.0	26.268278724104277	23.742918679204074	23.781902231462766	26.206900365228886	0.0
86.0	26.185887954082354	23.71858851892914	23.771672504983535	26.323851022004973	0.0
87.0	26.159069481961122	23.763378132162536	23.772501942265638	26.305050443610707	0.0
88.0	26.245330959299512	23.7871553342494	23.73849501369954	26.22901869275155	0.0
89.0	26.275743659643176	23.645045079916283	23.75618967571767	26.323021584722873	0.0
90.0	26.237866023760613	23.667163407438945	23.835815654799262	26.259154914001176	0.0
91.0	26.24560743839355	23.753977842965405	23.735730222759205	26.264684495881845	0.0
92.0	26.273808305984943	23.776649128676137	23.807061829019798	26.142480736319122	0.0
93.0	26.347351744997805	23.934795170463186	23.675734259353977	26.042118825185035	0.0
94.0	26.158516523773056	23.865398917860826	23.71941795621124	26.256666602154876	0.0
95.0	26.134114108136203	23.73759994691616	23.783495349634496	26.34479059531314	0.0
96.0	26.200192428917426	23.69972241575705	23.75805934330867	26.342025812016857	0.0
97.0	26.242217135020958	23.775200999745643	23.774095086427128	26.20848677880628	0.0
98.0	26.222587173617335	23.722946595445848	23.907081162978447	26.147385067958375	0.0
99.0	26.33594328876503	23.77492452141601	23.698616502438536	26.190515687380422	0.0
100.0	26.255488094843127	23.670968669475688	23.825243577408404	26.248299658272785	0.0
101.0	26.240834743372815	23.607655131990754	23.807272485982548	26.344237638653883	0.0
102.0	26.250235006580187	23.74202360019022	23.723223073775475	26.28451831945412	0.0
103.0	26.268482576335668	23.73621755526802	23.69059863087931	26.304701237517	0.0
104.0	26.118907800006635	23.796766309456665	23.648573924775775	26.43575196576092	0.0
105.0	26.273735664598608	23.785154219612267	23.751700341727215	26.18940977406191	0.0
106.0	26.317346478919966	23.77596469934447	23.753570016561007	26.153118805174554	0.0
107.0	26.10888239473808	23.922774286480525	23.694403817602222	26.27393950117918	0.0
108.0	26.361582889356445	23.780941295518577	23.744999212038937	26.112476603086044	0.0
109.0	26.237720940134313	23.840107494477362	23.76545855186581	26.15671301352252	0.0
110.0	26.262050965874373	23.75025228577827	23.78287663847517	26.204820109872184	0.0
111.0	26.192655097002156	23.717904410646597	23.767393894822405	26.322046597528843	0.0
112.0	26.164730862914126	23.768776282648542	23.768499805083316	26.297993049354012	0.0
113.0	26.241591626047505	23.78730027951882	23.744446256908482	26.226661837525196	0.0
114.0	26.283892693527385	23.63717296160003	23.763246731343983	26.3156876135286	0.0
115.0	26.244079924134557	23.662332420035774	23.83374851047712	26.259839145352547	0.0
116.0	26.249332997873886	23.75439944925669	23.736704885082098	26.25956266778732	0.0
117.0	26.270068815265983	23.78038834038812	23.80333597830204	26.146206866043855	0.0
118.0	26.35080026431255	23.936321687176694	23.67394447777535	26.038933570735402	0.0
119.0	26.167772116131637	23.855866715695353	23.72149861899456	26.254862549178448	0.0
120.0	26.14406732800283	23.734558685290246	23.79234265618261	26.329031330524316	0.0
121.0	26.191898079028565	23.69695763246077	23.768012563175297	26.34313172533537	0.0
122.0	26.237240525087646	23.78128352299747	23.78487774128264	26.19659821063225	0.0
123.0	26.22949913185805	23.723223073775475	23.904869336341417	26.142408458025063	0.0
124.0	26.339261028720568	23.77215973811973	23.701104807405198	26.18747442575451	0.0
125.0	26.256041051502383	23.670968669475688	23.828837795693573	26.24415248332836	0.0
126.0	26.242770091680214	23.602402043727814	23.810313747608465	26.344514116983508	0.0
127.0	26.261570618094954	23.734558685290246	23.722393638786592	26.281477057828205	0.0
128.0	26.266270749698638	23.72654081373102	23.69972241575705	26.307466020813287	0.0
129.0	26.116143016710353	23.798148701104807	23.654103491368346	26.431604790816493	0.0
130.0	26.275394534576378	23.780177609678955	23.758335821638298	26.186092034106366	0.0
131.0	26.310027067303306	23.781902231462766	23.756466154811704	26.151604546422224	0.0
132.0	26.11013268231723	23.921247694855555	23.701170336005042	26.267449286822174	0.0
133.0	26.3564755551009	23.782455189650832	23.751213052025072	26.109856203223192	0.0
134.0	26.242013210171113	23.837751008457495	23.76116629941027	26.159069481961122	0.0
135.0	26.267172807728144	23.744301074674237	23.778860961428403	26.209665156169216	0.0
136.0	26.192799931433186	23.71582372798881	23.7697371513253	26.321639189252704	0.0
137.0	26.166606762697338	23.772567668445355	23.763167353258314	26.297658215598997	0.0
138.0	26.242638723768973	23.783350382924603	23.747131521468663	26.226879371837764	0.0
139.0	26.28611873736829	23.636604928543584	23.762680092565713	26.314596241522416	0.0
140.0	26.24768793079137	23.660382262109163	23.82544119395392	26.26648861314555	0.0
141.0	26.24132887646569	23.754938635125757	23.7397322008687	26.264000287539847	0.0
142.0	26.279483202419758	23.776227643085633	23.809128837205446	26.135160317289163	0.0
143.0	26.354962412459322	23.934374559359007	23.681118308823326	26.029544719358345	0.0
144.0	26.16308486019757	23.854471659353756	23.72507872785736	26.257364752591318	0.0
145.0	26.15154497799208	23.73205635796598	23.792052819004226	26.324345845037712	0.0
146.0	26.19080533498485	23.686989891840483	23.77601689854239	26.34618787463228	0.0
147.0	26.251078277410368	23.77214615912057	23.782928933224216	26.19384663024485	0.0
148.0	26.229789210590344	23.729568025480525	23.90900444582071	26.131638318108426	0.0
149.0	26.349505651279554	23.76523412443874	23.69417840790958	26.19108181637212	0.0
150.0	26.27070845590675	23.661277122824092	23.824401141315164	26.24361327995399	0.0
151.0	26.24001902191944	23.6048749198204	23.813341885824247	26.341764172435912	0.0
152.0	26.2629669770631	23.7298445068678	23.71989117692597	26.28729733914313	0.0
153.0	26.266837716484925	23.728462099931434	23.705790626175048	26.298909557408596	0.0
154.0	26.122514432328416	23.795647077038772	23.656576939240452	26.42526155139236	0.0
155.0	26.27844993475039	23.779334675189666	23.76302227334056	26.179193116719386	0.0
156.0	26.31059451957079	23.781335795867697	23.754793509305006	26.153276175256508	0.0
157.0	26.109315513137048	23.919576871715044	23.700603007572845	26.270504607575056	0.0
158.0	26.362573164089394	23.78078283156431	23.744563669692305	26.112080334653996	0.0
159.0	26.24119749949542	23.82501997583546	23.775253188530414	26.158529336138702	0.0
160.0	26.267463303906418	23.741798848175357	23.794053974845653	26.196683873072573	0.0
161.0	26.19834276598274	23.716638972371136	23.77027650979991	26.31474175184621	0.0
162.0	26.168555044983773	23.766471469727886	23.780295615533916	26.28467786975443	0.0
163.0	26.249011573574872	23.77753078637271	23.742970421857635	26.23048721819479	0.0
164.0	26.28640944468253	23.62718940514536	23.76349585965688	26.322905290515227	0.0
165.0	26.24438392523881	23.662302832575307	23.82874600826686	26.264567233919017	0.0
166.0	26.252125468294235	23.745524420421084	23.735294524240707	26.267055587043973	0.0
167.0	26.280326803710413	23.768196082226247	23.814092373197674	26.13738474086567	0.0
168.0	26.360783554750682	23.92966255166789	23.68165669021386	26.027897203367573	0.0
169.0	26.158950467948628	23.85832976208579	23.72893539958804	26.253784370377538	0.0
170.0	26.152663651142987	23.72623616195353	23.795633757644797	26.325466429258693	0.0
171.0	26.191371473440906	23.69084615299543	23.77932117539067	26.33846119817299	0.0
172.0	26.246944846882915	23.76881476648124	23.78899813096515	26.1952422556707	0.0
173.0	26.24611539354796	23.723471317503677	23.90373917563398	26.126674113314387	0.0
174.0	26.34869112263744	23.758031873126818	23.69222857522036	26.201048429015383	0.0
175.0	26.274316806936444	23.659879895157097	23.817752513243605	26.24805078466286	0.0
176.0	26.241415157983212	23.604859490605058	23.811669855453932	26.3420554959578	0.0
177.0	26.264639851361967	23.72623616195353	23.71766514415899	26.29145884252552	0.0
178.0	26.268510633591752	23.726512646398515	23.7063292819146	26.298647438095134	0.0
179.0	26.13109786443415	23.78982758430011	23.657668019597217	26.421406531668527	0.0
180.0	26.27155196248659	23.780427113170614	23.76632640647637	26.181694517866426	0.0
181.0	26.308397132295408	23.78574608151337	23.754779738057913	26.15107704813331	0.0
182.0	26.113198574442258	23.919011952455605	23.699206210963744	26.26858326213839	0.0
183.0	26.357887984782252	23.773580732298726	23.75588567889561	26.11264560402341	0.0
184.0	26.239973899651904	23.82541521395926	23.76762948565172	26.166981400737114	0.0
185.0	26.267622573483262	23.74136324551193	23.785877610380417	26.205136570624386	0.0
186.0	26.19214169392365	23.72090322687672	23.7753711143245	26.311583964875123	0.0
187.0	26.172859986728596	23.760506525105065	23.787049325370493	26.279584162795842	0.0
188.0	26.242811324928113	23.779584162795842	23.746129174961293	26.231475337314752	0.0
189.0	26.289610400382664	23.62398701611097	23.7600192435834	26.32638333992297	0.0
190.0	26.23901304748133	23.66767216233179	23.836606493603444	26.256708296583437	0.0
191.0	26.24592525416184	23.748683224627364	23.74702429502404	26.258367226186756	0.0
192.0	26.272540768307724	23.772526943856136	23.817318166988315	26.137614120847825	0.0
193.0	26.358252368128554	23.920448575804997	23.688750767257062	26.03254828880938	0.0
194.0	26.16526302401584	23.85104982885329	23.735477413611004	26.24820973351987	0.0
195.0	26.156211205025475	23.718953652015472	23.80024165208183	26.32459349087722	0.0
196.0	26.192984347912642	23.685774876478185	23.779228427574882	26.342012348034295	0.0
197.0	26.245662542337733	23.76581184765328	23.784060275108867	26.204465334900117	0.0
198.0	26.242344646436717	23.716596391788208	23.904610492845787	26.136448468929284	0.0
199.0	26.35183521117025	23.756134651275314	23.694753577106518	26.197276560447918	0.0
200.0	26.270895889668594	23.653898261970724	23.823940897050935	26.251264951309743	0.0
201.0	26.242140712354217	23.601917749133197	23.81260472137892	26.34333681713366	0.0
202.0	26.26674850832518	23.722744792271495	23.718597410928073	26.291909288475257	0.0
203.0	26.263983587429564	23.726892173614914	23.705878774808255	26.303245464147274	0.0
204.0	26.14315654429127	23.77693724182551	23.662469516747127	26.417436697136093	0.0
205.0	26.270895889668594	23.77030143167604	23.762836145257886	26.19596653339748	0.0
206.0	26.312718947778794	23.79165710462213	23.75488355503452	26.140740392564553	0.0
207.0	26.10922020720374	23.9290740530811	23.69958498422608	26.262120755489075	0.0
208.0	26.35751079013363	23.786127247541287	23.751565640786012	26.10479632153907	0.0
209.0	26.235373487579906	23.824902121259043	23.766838461368312	26.172885929792738	0.0
210.0	26.2707646707514	23.745824946360237	23.788681457231966	26.194728925656396	0.0
211.0	26.204682695923374	23.718728571744563	23.769603397553585	26.30698533477847	0.0
212.0	26.17682921771444	23.76607469219263	23.78072889449251	26.276367195600418	0.0
213.0	26.247611779766693	23.77962291696044	23.75473842248895	26.218026880783917	0.0
214.0	26.3101722564769	23.61793900517046	23.75673956922056	26.31514916913208	0.0
215.0	26.24963363987768	23.666863902053276	23.8311038361361	26.252398621932944	0.0
216.0	26.253228116549526	23.7376474426681	23.74566589062837	26.263458550154013	0.0
217.0	26.275420624058178	23.768404462693375	23.814026792750198	26.14214812049825	0.0
218.0	26.361688302711073	23.928497366347308	23.69457923769234	26.015235093249277	0.0
219.0	26.173392504112925	23.852736648555982	23.73328909349813	26.240581753832963	0.0
220.0	26.16102238541851	23.724230224738985	23.79999115200849	26.314756237834015	0.0
221.0	26.195031852769425	23.685520261900546	23.78423066713856	26.33521721819147	0.0
222.0	26.247362876489994	23.779319421671556	23.788996939139476	26.184320762698977	0.0
223.0	26.237132358023906	23.736185343814544	23.897108634281086	26.12957366388046	0.0
224.0	26.344414551668265	23.76742990021097	23.704664286919037	26.183491261201723	0.0
225.0	26.265961035441933	23.669337668873148	23.835514928303223	26.2291863673817	0.0
226.0	26.2316748787542	23.603806869397392	23.822519368913518	26.3419988829349	0.0
227.0	26.24798845330723	23.73431546582168	23.721596407695582	26.296099673175505	0.0
228.0	26.25821900006083	23.733209460767235	23.707494843251435	26.3010766959205	0.0
229.0	26.136149975114748	23.777581153569653	23.653154896864457	26.433113974451146	0.0
230.0	26.262788254161368	23.769562572581986	23.76375601393574	26.203893159320906	0.0
231.0	26.31069598710387	23.780135431442325	23.75995067176539	26.14921790968841	0.0
232.0	26.120738043294928	23.908986089106037	23.70299093897843	26.267284928620604	0.0
233.0	26.356595577602103	23.783729977686164	23.752761579277717	26.106912865434012	0.0
234.0	26.228370449430127	23.818358780947747	23.777159637005127	26.176111132617002	0.0
235.0	26.267634063120404	23.737896023314846	23.788219809875628	26.206250103689122	0.0
236.0	26.19436041785333	23.722688285617906	23.775224106752788	26.307727189775974	0.0
237.0	26.172312439687328	23.763123622659037	23.785797039736543	26.278766897917087	0.0
238.0	26.232867053589448	23.782755483787124	23.76118808705486	26.223189375568563	0.0
239.0	26.29819496980556	23.620235804189615	23.763465834937065	26.318103391067755	0.0
240.0	26.250618707502742	23.66379918206177	23.828326987260848	26.257255123174637	0.0
241.0	26.257310750086415	23.73591427583823	23.741997926028343	26.264777048047012	0.0
242.0	26.283914393723606	23.77650998730673	23.80139874837186	26.1381768705978	0.0
243.0	26.365335899733406	23.92393721169482	23.683890308521114	26.026836580050666	0.0
244.0	26.1630109822641	23.849019450582574	23.734246355608533	26.253723211544788	0.0
245.0	26.157879889148873	23.713236310936317	23.804782529330744	26.324101270584073	0.0
246.0	26.1884281245419	23.683373484645234	23.790412917751123	26.337785473061743	0.0
247.0	26.249128707832227	23.781850569244217	23.781850569244217	26.18717015367934	0.0
248.0	26.23056475280827	23.739423159373867	23.900409658083486	26.129602429734373	0.0
249.0	26.349783276766768	23.76791389711801	23.691846393432193	26.190456432683025	0.0
