# Position (bp)	A	C	G	T	N
0.0	26.263394873338896	23.68008320902161	23.894401182443993	26.162120735195497	0.0
1.0	26.171700721236093	23.83692126620044	23.6327307065924	26.35864730597107	0.0
2.0	26.23771048194618	23.70207361667652	23.74477216492588	26.31544373645142	0.0
3.0	26.276593124173775	23.61406476228012	23.796347234424566	26.312994879121543	0.0
4.0	26.27696871997964	23.666240622699295	23.768600650834617	26.28819000648645	0.0
5.0	26.227246976526512	23.815310174580105	23.74771135578052	26.20973149311286	0.0
6.0	26.252469909523313	23.823885188205736	23.812664546603976	26.110980355666975	0.0
7.0	26.27473946930554	23.762479201331114	23.716776863122867	26.246004466240475	0.0
8.0	26.241526803624353	23.884219945979524	23.77886086306877	26.095392387327355	0.0
9.0	26.150372853526715	23.822398576999383	23.798317028117943	26.228911541355952	0.0
10.0	26.277046681607846	23.80874195817017	23.703387488267342	26.21082387195464	0.0
11.0	26.27595208971275	23.760853562759795	23.712691519375646	26.250502828151813	0.0
12.0	26.168884121346125	23.80785586453368	23.87298390407023	26.15027611004997	0.0
13.0	26.327325864588406	23.680883552159898	23.71563674972772	26.276153833523974	0.0
14.0	26.256724880552984	23.668022132587556	23.788700558787635	26.286552428071825	0.0
15.0	26.300508436543947	23.830568584203988	23.683893671634277	26.18502930761779	0.0
16.0	26.20692108561327	23.83686247037769	23.81414975070738	26.142066693301665	0.0
17.0	26.19371434044358	23.727885944148756	23.763186339567913	26.315213375839754	0.0
18.0	26.185504946160055	23.850753211925515	23.80532789689001	26.15841394502442	0.0
19.0	26.30536210269952	23.736642631384512	23.704899640154885	26.25309562576108	0.0
20.0	26.24187612024026	23.688207205111716	23.758807995950033	26.31110867869799	0.0
21.0	26.175653673019827	23.721318428721936	23.84883768659269	26.254190211665552	0.0
22.0	26.285385909942942	23.747314843953095	23.764007278996267	26.203291967107695	0.0
23.0	26.157045712643836	23.820925746028706	23.682734275589365	26.339294265738094	0.0
24.0	26.28073391984895	23.680271457304308	23.73500075252781	26.303993870318937	0.0
25.0	26.263494191853543	23.673156648925254	23.905208860672897	26.158140298548304	0.0
26.0	26.171822622354178	23.839533706404694	23.639498132362803	26.34914553887832	0.0
27.0	26.2440652920492	23.709825276725	23.741294621478513	26.304814809747292	0.0
28.0	26.264588777758014	23.622258404367397	23.805875189842244	26.307277628032345	0.0
29.0	26.28018662689671	23.668778305307374	23.759902581854504	26.29113248594141	0.0
30.0	26.22573097814933	23.821199392504823	23.746220258048627	26.20684937129722	0.0
31.0	26.25172739338049	23.812442705269063	23.812169058792946	26.1236608425575	0.0
32.0	26.273071818517657	23.755250591760504	23.71858196396076	26.25309562576108	0.0
33.0	26.24515987795367	23.882222556679025	23.781520653467787	26.09109691189952	0.0
34.0	26.1455525606469	23.827766907931643	23.796297563178133	26.230382968243326	0.0
35.0	26.266777949566954	23.802044139176598	23.707088811963825	26.224089099292623	0.0
36.0	26.281828505753417	23.75169318757098	23.719129256912993	26.247349049762615	0.0
37.0	26.175582044461958	23.807178274718417	23.8772315809061	26.140008099913526	0.0
38.0	26.331286463293164	23.679659365798663	23.713865081710615	26.27518908919756	0.0
39.0	26.251381910922845	23.68020665725325	23.781181930625337	26.287229501198567	0.0
40.0	26.291607832835297	23.836184721811755	23.67610197134382	26.19610547400913	0.0
41.0	26.208145886010136	23.82961722435666	23.813472126446218	26.14876476318699	0.0
42.0	26.193297339897164	23.71352654493114	23.7657927358204	26.3273833793513	0.0
43.0	26.17523677131763	23.845423424557445	23.813133317097066	26.16620648702786	0.0
44.0	26.29290411206309	23.732681693424585	23.71571570475896	26.258698489753364	0.0
45.0	26.229692122034713	23.703401680727456	23.7584043214015	26.308501875836328	0.0
46.0	26.168942936812638	23.73432356329545	23.84131874988028	26.25541475001163	0.0
47.0	26.295093271890913	23.763329931014102	23.746363942348474	26.195212854746508	0.0
48.0	26.165111907113946	23.831741175633557	23.67302708811642	26.330119829136073	0.0
49.0	26.292356822106132	23.68534111214792	23.730492533596763	26.29180953214918	0.0
50.0	26.263897744344444	23.680962792492277	23.91027728445669	26.14486217870659	0.0
51.0	26.175510416296106	23.84405519966506	23.64018969069908	26.340244693339756	0.0
52.0	26.232154926841016	23.71434747986657	23.741711977714353	26.31178561557806	0.0
53.0	26.251036430355985	23.627054731732144	23.81012322233381	26.31178561557806	0.0
54.0	26.26417138932292	23.664817738762085	23.776738534959513	26.294272336955483	0.0
55.0	26.225587447357547	23.8238054712577	23.743901137542174	26.20670594384258	0.0
56.0	26.250762785377507	23.803555742850342	23.81970079658053	26.125980675191617	0.0
57.0	26.26553961421531	23.758677966379977	23.72091495935004	26.254867460054676	0.0
58.0	26.232428571819494	23.880723626781087	23.78522152929233	26.101626272107094	0.0
59.0	26.1385683442016	23.82024808653749	23.808481352462945	26.23270221679797	0.0
60.0	26.266086904172266	23.80875499744142	23.707506355404625	26.21765174298169	0.0
61.0	26.279769153096154	23.749374037111732	23.72146224930699	26.24939456048512	0.0
62.0	26.179817096196896	23.794733990444346	23.868344288223994	26.15710462513477	0.0
63.0	26.331689643660482	23.674330529392126	23.720029115746037	26.273950711201355	0.0
64.0	26.264099518933442	23.672688664014142	23.773663384760205	26.289548432292207	0.0
65.0	26.298852336100786	23.832496894137993	23.67651968322944	26.192131086531777	0.0
66.0	26.215117201823567	23.83304418259732	23.812794509602174	26.13904410597694	0.0
67.0	26.198626857013075	23.720511494394415	23.76374716436943	26.317114484223087	0.0
68.0	26.181660961200095	23.84584020862579	23.8102665561147	26.16223227405942	0.0
69.0	26.297685797082416	23.736109172803122	23.72653165097321	26.239673379141255	0.0
70.0	26.22927492686878	23.721606068317833	23.750885920769267	26.29823308404412	0.0
71.0	26.17974545683411	23.735288242360557	23.83680997375759	26.248156327047745	0.0
72.0	26.294128431831304	23.768946390505665	23.739940181535086	26.19698499612794	0.0
73.0	26.1701679350042	23.845566565144935	23.659215354682996	26.325050145167868	0.0
74.0	26.29029742309934	23.68767427669187	23.72625800749236	26.29577029271643	0.0
75.0	26.2604702836862	23.683022337517343	23.90494720049037	26.151560178306095	0.0
76.0	26.17427258721702	23.84173555641297	23.634313797925234	26.349678058444777	0.0
77.0	26.231464074715618	23.706829320351687	23.744592120709612	26.317114484223087	0.0
78.0	26.256912918435088	23.61597968470798	23.803425469093337	26.32368192776359	0.0
79.0	26.275247031652345	23.6622254329724	23.762652590446013	26.299874944929247	0.0
80.0	26.237484231294417	23.82367508667657	23.738845607611665	26.19999507441734	0.0
81.0	26.25472377058825	23.80971926915299	23.812182060480684	26.123374899778074	0.0
82.0	26.268405944630977	23.762652590446013	23.707376607313396	26.261564857609613	0.0
83.0	26.22380205725169	23.88497122638799	23.79466887770599	26.096557838654334	0.0
84.0	26.1250167606632	23.81382392136581	23.821212295348882	26.239947022622108	0.0
85.0	26.25964935324363	23.788375077646336	23.718869633509286	26.233105935600744	0.0
86.0	26.273605170767215	23.73282545103287	23.730089016224323	26.263480361975596	0.0
87.0	26.18979859894921	23.78420534150613	23.87532837127846	26.1506676882662	0.0
88.0	26.333461033274958	23.670917250437828	23.713879159369526	26.281742556917685	0.0
89.0	26.256293782837126	23.677484676007005	23.768060420315237	26.29816112084063	0.0
90.0	26.298434763572683	23.826346322241683	23.68186295971979	26.193355954465847	0.0
91.0	26.21907837127846	23.842217600700526	23.805823117338004	26.13288091068301	0.0
92.0	26.205050883726784	23.721476243771225	23.75568149167718	26.31779138082481	0.0
93.0	26.183159525066973	23.84160507441694	23.814514518075423	26.160720882440668	0.0
94.0	26.30383563967918	23.735705626900103	23.7127197003073	26.247739033113415	0.0
95.0	26.228036810319587	23.716550688072765	23.752671429861454	26.302741071746194	0.0
96.0	26.1856223029162	23.731874639134634	23.83886865458446	26.2436344033647	0.0
97.0	26.304656565628925	23.769910874806055	23.74172575053155	26.18370680903347	0.0
98.0	26.16756193202186	23.846530630115396	23.653065747959314	26.33284168990343	0.0
99.0	26.29070082448329	23.696301181312442	23.718739823938748	26.294258170265515	0.0
100.0	26.27619779937117	23.678788094384593	23.89496526115023	26.15004884509401	0.0
101.0	26.179602179284757	23.83339581491951	23.63719451293095	26.349807492864784	0.0
102.0	26.22885773626933	23.705331366759612	23.747198590196504	26.318612306774554	0.0
103.0	26.251296378895635	23.622965129802076	23.803568838745516	26.322169652556777	0.0
104.0	26.28084971308638	23.65826494564102	23.757323343576665	26.303561997695933	0.0
105.0	26.23460421791753	23.81588272799166	23.738715688715825	26.210797365374983	0.0
106.0	26.257316502527082	23.80548433262825	23.817524579891145	26.119674584953522	0.0
107.0	26.261421132275796	23.76142797332538	23.7184661819555	26.25868471244332	0.0
108.0	26.217638414956173	23.881556803971094	23.799464208996802	26.10134057207593	0.0
109.0	26.11858001702053	23.815061802041917	23.82491291343883	26.24144526749872	0.0
110.0	26.2493808850129	23.788518529666895	23.716550688072765	26.245549897247432	0.0
111.0	26.278660577220396	23.72777000938592	23.727222725419423	26.266346687974256	0.0
112.0	26.179804182332628	23.784896098423282	23.87574498826079	26.159554730983302	0.0
113.0	26.342620716830577	23.657379283169423	23.706908346604934	26.293091653395066	0.0
114.0	26.26627481241893	23.666683085140733	23.764373005839502	26.302669096600827	0.0
115.0	26.30184817289748	23.822384947542975	23.668324932547435	26.20744194701211	0.0
116.0	26.217566672686775	23.844276246299	23.798304518911344	26.139852562102877	0.0
117.0	26.2149019951237	23.723391737653955	23.74500945433052	26.31669681289182	0.0
118.0	26.19629434026286	23.8344903828525	23.804663406678507	26.164551870206132	0.0
119.0	26.304382923645676	23.737894762766082	23.713266984273794	26.24445532931444	0.0
120.0	26.238708847666242	23.71928710790524	23.74391488639753	26.29808915803098	0.0
121.0	26.18589594489945	23.72640179946968	23.844067852266164	26.2436344033647	0.0
122.0	26.310129405293882	23.76936359083956	23.743367602431036	26.17713940143553	0.0
123.0	26.17221384573707	23.84324692631642	23.660454081507	26.324085146439508	0.0
124.0	26.298636441997473	23.6954802553627	23.717371614022507	26.288511688617316	0.0
125.0	26.28221792300262	23.67577803256887	23.898248964949197	26.143755079479313	0.0
126.0	26.18398045101672	23.831480321036775	23.636099944997962	26.34843928294855	0.0
127.0	26.23022594618557	23.71025692245807	23.747198590196504	26.312318541159858	0.0
128.0	26.258137428476825	23.626248833601046	23.801653344862782	26.313960393059343	0.0
129.0	26.279755145153388	23.656349451758288	23.76279618324162	26.30109921984671	0.0
130.0	26.23597242783377	23.81916643179063	23.72777000938592	26.217091130989683	0.0
131.0	26.257042860543837	23.8109571722932	23.80302155477902	26.12897841238394	0.0
132.0	26.261421132275796	23.767995380923324	23.69903760114492	26.27154588565596	0.0
133.0	26.216960970230325	23.88086657417517	23.79631073859112	26.105861717003386	0.0
134.0	26.11434466490988	23.806435547382737	23.83626268679588	26.242957100911507	0.0
135.0	26.242957100911507	23.780439416701558	23.720511494394415	26.256091987992527	0.0
136.0	26.27333152728636	23.735561885841413	23.73720374672654	26.253902840145688	0.0
137.0	26.178722519278235	23.787619240473077	23.864786913238362	26.16887132701033	0.0
138.0	26.342909057076714	23.65599636600463	23.706894192722157	26.294200384196497	0.0
139.0	26.260614004602704	23.663996803826652	23.769350120540615	26.30603907103003	0.0
140.0	26.292428770017185	23.81401941790081	23.68020665725325	26.213345154828755	0.0
141.0	26.207872240282843	23.841110344903075	23.806630983263826	26.14438643155026	0.0
142.0	26.21451147262851	23.7317169948144	23.738831803193456	26.314939729363633	0.0
143.0	26.195427902165648	23.84726106492554	23.79718362276088	26.160127410147933	0.0
144.0	26.31200161999157	23.75394736121981	23.699765210680997	26.23428580810762	0.0
145.0	26.244958049880417	23.713721219153115	23.744096061121844	26.29722466984462	0.0
146.0	26.183459074577282	23.725826622116777	23.84240065894432	26.24831364436162	0.0
147.0	26.312347270224638	23.775356905369794	23.737867132962815	26.174428691442753	0.0
148.0	26.178259763075584	23.841579715023002	23.662887588148855	26.317272933752562	0.0
149.0	26.312073622250864	23.69326251323772	23.71843812682489	26.276225737686527	0.0
150.0	26.300926027277306	23.67745572363668	23.888712537489877	26.132905711596138	0.0
151.0	26.187635456117693	23.832340900632676	23.635587469077695	26.344436174171936	0.0
152.0	26.236892226187088	23.710293570349613	23.740668578559077	26.312145624904222	0.0
153.0	26.262615206112216	23.626557061231637	23.79403007946759	26.316797653188555	0.0
154.0	26.27903412946868	23.665962477287156	23.761739530199876	26.293263863044285	0.0
155.0	26.24263884936185	23.819479410670112	23.723702357757396	26.214179382210645	0.0
156.0	26.264804395893083	23.822763195341405	23.801418594978	26.111013813787515	0.0
157.0	26.26398344972526	23.7803476433372	23.70098951378095	26.254679393156593	0.0
158.0	26.216713962416982	23.891788053011375	23.79601073800526	26.095487246566385	0.0
159.0	26.109169720138688	23.812156056820577	23.845541292336993	26.233132930703746	0.0
160.0	26.23614307488965	23.796284387476703	23.741554493187497	26.226018044446146	0.0
161.0	26.261318826262688	23.74757478155931	23.74894302891654	26.24216336326146	0.0
162.0	26.16725501464029	23.789508250554142	23.875708069944995	26.167528664860573	0.0
163.0	26.324056590865556	23.667733902525793	23.7148017404154	26.29340776619325	0.0
164.0	26.241212383253654	23.67518724567563	23.76549206549015	26.318108305580562	0.0
165.0	26.279321781582144	23.833422726227877	23.67990411243802	26.207351379751962	0.0
166.0	26.202425648828225	23.837253850279673	23.811530588789036	26.14878991210307	0.0
167.0	26.206875791881828	23.726763484909437	23.74701376745561	26.319346955753133	0.0
168.0	26.194906766349412	23.832184902004784	23.803177661140694	26.16973067050511	0.0
169.0	26.312030342668557	23.74379491333403	23.703020584194885	26.241154159802534	0.0
170.0	26.24142781301823	23.707399035646066	23.744068566549725	26.30710458478598	0.0
171.0	26.180474789628516	23.7162208387494	23.845932817951702	26.25737155367038	0.0
172.0	26.30553465143326	23.77478278716563	23.739755079701716	26.179927481699387	0.0
173.0	26.17226517069166	23.843469932270644	23.669973318738453	26.314291578299244	0.0
174.0	26.308818499008	23.698706985017445	23.72826161319012	26.26421290278443	0.0
175.0	26.284535224834716	23.679889662419544	23.89963439730286	26.135940715442885	0.0
176.0	26.17479968474977	23.84353518104996	23.637473181838082	26.344191952362188	0.0
177.0	26.230077936862383	23.711359954463855	23.748850650203597	26.309711458470158	0.0
178.0	26.274957309864703	23.62981084986208	23.785794036516485	26.30943780375673	0.0
179.0	26.275778274004992	23.66593327203468	23.759523184027323	26.29876526993301	0.0
180.0	26.234456412277247	23.821369149262228	23.722579797714435	26.221594640746094	0.0
181.0	26.266474013748415	23.816717019133936	23.80057139104164	26.116237576076013	0.0
182.0	26.263737466614124	23.770195717851045	23.703697622487848	26.26236919304698	0.0
183.0	26.22385564127053	23.890121858777363	23.784490850329618	26.101531649622494	0.0
184.0	26.111383246265284	23.807751564625107	23.842232152874885	26.23863303623472	0.0
185.0	26.241643246320017	23.795984379746212	23.730307068794247	26.232065305139525	0.0
186.0	26.25970450683181	23.749736606617535	23.739337699050143	26.251221187500512	0.0
187.0	26.16728056876707	23.787292500177877	23.879788299555035	26.16563863150002	0.0
188.0	26.316423203857457	23.66715742347204	23.729551039619945	26.286868333050556	0.0
189.0	26.24561806792713	23.661201737174384	23.78270542743849	26.310474767459997	0.0
190.0	26.278528816156747	23.829839636582562	23.68726397022604	26.204367577034642	0.0
191.0	26.208198784959773	23.836681079306004	23.81040993924799	26.144710196486237	0.0
192.0	26.20553392133414	23.73357707179977	23.75109121310058	26.30979779376551	0.0
193.0	26.20067976946948	23.84775791011937	23.789468499088713	26.16209382132243	0.0
194.0	26.31671127311736	23.756903053489427	23.695877050391605	26.230508623001604	0.0
195.0	26.238718399203105	23.71612783168864	23.756903053489427	26.288250715618826	0.0
196.0	26.161618096585542	23.738906509549366	23.8593168900188	26.24015850384629	0.0
197.0	26.294890494968758	23.788165301559587	23.742190429016713	26.17475377445494	0.0
198.0	26.162712736407993	23.845907552193797	23.66392368171158	26.32745602968663	0.0
199.0	26.293795855146314	23.700320455808022	23.721939592301396	26.283944096744268	0.0
200.0	26.277448168662566	23.686428618341836	23.897421021520678	26.138702191474923	0.0
201.0	26.176741029402105	23.85144602316264	23.63279112025746	26.339021827177795	0.0
202.0	26.219979420715024	23.721183527814873	23.749644241084134	26.309192810385973	0.0
203.0	26.26403879414147	23.639632637870264	23.78549379337522	26.310834774613046	0.0
204.0	26.28319504345732	23.665356744094403	23.751286205311207	26.300162007137075	0.0
205.0	26.247345491166236	23.809849596076802	23.726656741905117	26.21614817085185	0.0
206.0	26.27553254373098	23.81477548875802	23.798629507191805	26.111062460319197	0.0
207.0	26.27252227598135	23.761137990673642	23.704763885544146	26.26157584780086	0.0
208.0	26.23099763282843	23.885171654146657	23.79075845271814	26.093072260306776	0.0
209.0	26.11496517658005	23.807725462829932	23.8413858216001	26.235923538989915	0.0
210.0	26.244680705499228	23.799241957774036	23.737394469302025	26.218682867424707	0.0
211.0	26.261100392704183	23.753540495053567	23.742046714010097	26.24331239823215	0.0
212.0	26.15526498711051	23.80149638492231	23.87949011258463	26.16374851538255	0.0
213.0	26.324114565944377	23.674790785246323	23.72459730606928	26.27649734274001	0.0
214.0	26.25960214880149	23.665277371084226	23.77009028140761	26.305030198706667	0.0
215.0	26.276914824909962	23.83638194695303	23.679846310465994	26.20685691767101	0.0
216.0	26.207130581371164	23.84404453055729	23.80381596663492	26.145008921436624	0.0
217.0	26.200360689743878	23.733275681356062	23.7477798971569	26.31858373174316	0.0
218.0	26.191948769874934	23.841164719082673	23.802851591363126	26.164034919679263	0.0
219.0	26.311266796201526	23.75085520374374	23.69311184696642	26.24476615308831	0.0
220.0	26.23108289318847	23.699132481322348	23.757149503297665	26.312635122191512	0.0
221.0	26.166569515255507	23.73176358546177	23.846429617223443	26.25523728205928	0.0
222.0	26.300939495195795	23.776644800757506	23.733679247090247	26.188736456956452	0.0
223.0	26.18025281260177	23.831377990142553	23.657052781951183	26.331316415304496	0.0
224.0	26.314075460648205	23.68140905122753	23.72355360705401	26.280961881070255	0.0
225.0	26.294443471407302	23.689683860232947	23.896849548997285	26.119023119362467	0.0
226.0	26.18771346002277	23.856620544706193	23.62345651983536	26.332209475435675	0.0
227.0	26.230405464576585	23.718145196602155	23.747153866363078	26.304295472458183	0.0
228.0	26.26488746825466	23.640971188370262	23.782456870128733	26.311684473246345	0.0
229.0	26.27008713547596	23.66286452403888	23.75700586741396	26.3100424730712	0.0
230.0	26.218090463262982	23.82104387424468	23.732102198090903	26.22876346440144	0.0
231.0	26.25394080042035	23.812012873281375	23.809276206322796	26.124770119975476	0.0
232.0	26.25175146685349	23.761110867851826	23.715408529643575	26.271729135651107	0.0
233.0	26.213509867079722	23.873653214087305	23.800584006327192	26.112252912505777	0.0
234.0	26.11061090783701	23.8098886994502	23.83397143459211	26.245528958120673	0.0
235.0	26.23321392310492	23.800584006327192	23.730525140459815	26.23567693010807	0.0
236.0	26.258938662915597	23.754334208156934	23.735451154466116	26.25127597446135	0.0
237.0	26.168426353152384	23.78532372210637	23.876181562426453	26.170068362314797	0.0
238.0	26.31730185054433	23.66244670311927	23.722380037547275	26.297871408789124	0.0
239.0	26.245398940901193	23.658406425746776	23.776631408984553	26.31956322436748	0.0
240.0	26.281061850027363	23.842090859332238	23.672961138478378	26.203886152162013	0.0
241.0	26.20803091508205	23.840137059783025	23.811126802193833	26.14070522294109	0.0
242.0	26.207725171535156	23.72015753591496	23.76175840296461	26.310358889585277	0.0
243.0	26.18530855108124	23.846029630318938	23.8118176418908	26.156844176709026	0.0
244.0	26.314881923384313	23.7554604276377	23.690592189535685	26.239065459442294	0.0
245.0	26.246007220532807	23.711156790667502	23.740717728625114	26.302118260174574	0.0
246.0	26.173309902719154	23.736909239216715	23.83353315048695	26.256247707577174	0.0
247.0	26.31548692793461	23.77662384587801	23.72707837764596	26.18081084854142	0.0
248.0	26.17727811493158	23.827512297673504	23.661627152606123	26.3335824347888	0.0
249.0	26.30319753197943	23.68790598746828	23.72732423976152	26.281572240790773	0.0
