# Position (bp)	A	C	G	T	N
0.0	26.317774739218585	23.79469201305779	23.68680158978896	26.20073165793466	0.0
1.0	26.27090203605038	23.83268941148409	23.652964490460434	26.2434440620051	0.0
2.0	26.254073468029343	23.741350380652587	23.751889395809357	26.252686755508712	0.0
3.0	26.204567010366457	23.80846732818246	23.71611765293162	26.270848008519465	0.0
4.0	26.20937326677759	23.716306156405988	23.83028286189684	26.24403771491958	0.0
5.0	26.223521223230055	23.64184915381608	23.835959835726904	26.298669787226963	0.0
6.0	26.25439158368757	23.77541711379713	23.835866379394012	26.134324923121287	0.0
7.0	26.262203355524193	23.94311524182122	23.6794312633263	26.115250139328282	0.0
8.0	26.327565508388346	23.76822604032949	23.75935388531076	26.144854565971404	0.0
9.0	26.309806987485512	23.733442010302134	23.787503257536695	26.169247744675662	0.0
10.0	26.20992110355228	23.836374422692018	23.67447869019699	26.27922578355871	0.0
11.0	26.220105509152354	23.763954458634924	23.823279100261416	26.192660931951313	0.0
12.0	26.13804899550075	23.822447446406837	23.718767932536238	26.320735625556168	0.0
13.0	26.160153910980018	23.722028786232286	23.90915038477745	26.20866691801025	0.0
14.0	26.237497505045354	23.743651726508617	23.828480184515758	26.19037058393027	0.0
15.0	26.19840988223814	23.83929165465392	23.71121731609412	26.251081147013817	0.0
16.0	26.33396908473975	23.718702180035926	23.743097292142558	26.204231443081767	0.0
17.0	26.232784812933847	23.726741478343794	23.744483378057705	26.295990330664655	0.0
18.0	26.315118316293717	23.795491339735204	23.727018695526823	26.162371648444253	0.0
19.0	26.254962187576236	23.765274666784947	23.704286886518375	26.275476259120445	0.0
20.0	26.165143820274555	23.730345301723183	23.783293783681888	26.321217094320374	0.0
21.0	26.179836330975135	23.66492204652813	23.90831873322836	26.24692288926837	0.0
22.0	26.24304184870595	23.78440265241401	23.67046639018873	26.302089108691312	0.0
23.0	26.25884322813865	23.674624647934177	23.726741478343794	26.339790645583378	0.0
24.0	26.164866603091525	23.710662881728062	23.837905568738773	26.286564946441644	0.0
25.0	26.323157614601584	23.79161029917278	23.6887627242687	26.196469361956932	0.0
26.0	26.270486349825905	23.834024528176354	23.656882748220266	26.238606373777472	0.0
27.0	26.253576101661086	23.719533831585014	23.761948060588587	26.26494200616531	0.0
28.0	26.20256813998359	23.799649597480652	23.72064270031714	26.277139562218625	0.0
29.0	26.209775786742366	23.71149453327715	23.832915659444236	26.24581402053625	0.0
30.0	26.22252777716174	23.637477545408174	23.84040052338604	26.299594154044044	0.0
31.0	26.252190015745935	23.767492404249186	23.827648532966666	26.152669047038213	0.0
32.0	26.258011576589563	23.939921492093767	23.677951254130537	26.124115677186133	0.0
33.0	26.327593089530062	23.762225277771616	23.759730323124348	26.150451309573974	0.0
34.0	26.308465103901003	23.73117695327227	23.790224213257634	26.170133729569095	0.0
35.0	26.21587456476902	23.829589053247876	23.67185247610388	26.282683905879225	0.0
36.0	26.20970312894167	23.763268270640843	23.8367306204935	26.190297979923987	0.0
37.0	26.13485469701632	23.81982041920666	23.717250345827477	26.32807453794954	0.0
38.0	26.152524048457295	23.7160757353145	23.918165941285725	26.213234274942476	0.0
39.0	26.229312782413437	23.745460593795915	23.828902503257286	26.196324120533365	0.0
40.0	26.2057494524991	23.836664541346714	23.707482050286917	26.25010395586727	0.0
41.0	26.34629778504699	23.720233970005268	23.73825298699859	26.195215257949155	0.0
42.0	26.238460898733123	23.727441576802594	23.751282122362984	26.282815402101296	0.0
43.0	26.316635710919524	23.799794860421922	23.735480830538076	26.148088598120477	0.0
44.0	26.24206470213179	23.77290494275497	23.714966872730297	26.270063482382945	0.0
45.0	26.153355695395447	23.73631247747623	23.791201175394338	26.319130651733985	0.0
46.0	26.176919025309786	23.664790840795057	23.909572256258144	26.248717877637013	0.0
47.0	26.238183683087072	23.789260665871982	23.675325035344997	26.29723061569595	0.0
48.0	26.262024228647462	23.67726554486735	23.719125107421064	26.34158511906412	0.0
49.0	26.17192914368087	23.69861114961328	23.827516425027028	26.30194328167882	0.0
50.0	26.319962298672138	23.78676572505752	23.69223518975411	26.20103678651623	0.0
51.0	26.264241953815876	23.830288581487537	23.656197155767472	26.24927230892912	0.0
52.0	26.25564826878829	23.71801624483686	23.766528982895796	26.259806503479055	0.0
53.0	26.19771019876362	23.794527763146952	23.728273223740747	26.279488814348685	0.0
54.0	26.216560862695093	23.707482050286917	23.82807085631913	26.247886230698857	0.0
55.0	26.226817841598983	23.630138885038672	23.82779364067308	26.31524963268927	0.0
56.0	26.254539406204085	23.76237074820503	23.825575915504672	26.157513930086214	0.0
57.0	26.26562803204613	23.93784825215535	23.67227566323843	26.124248052560084	0.0
58.0	26.34213955035622	23.756826435284005	23.751559338009038	26.14947467635073	0.0
59.0	26.31552684833532	23.732985889723615	23.789815097164084	26.161672164776977	0.0
60.0	26.21628364704904	23.83888226651512	23.670612369362125	26.274221717073708	0.0
61.0	26.212607178202042	23.756206148071556	23.8460237684036	26.1851629053228	0.0
62.0	26.132492078584875	23.830499735259792	23.72598972641664	26.3110184597387	0.0
63.0	26.164299258175046	23.729804952152843	23.910825765388154	26.195070024283957	0.0
64.0	26.233048357229187	23.748932725680007	23.823226106915936	26.194792810174867	0.0
65.0	26.205881374538436	23.84928423317033	23.698202543716665	26.246631848574566	0.0
66.0	26.348369426610336	23.72786445338922	23.727032811061953	26.19673330893849	0.0
67.0	26.233048357229187	23.73202266502556	23.741447944734595	26.293481033010657	0.0
68.0	26.313994877083264	23.79938569353426	23.733685949680094	26.152933479702384	0.0
69.0	26.237206568865528	23.77110985440715	23.717607531352915	26.274076045374407	0.0
70.0	26.153765122029647	23.7309138085892	23.785247773970706	26.330073295410443	0.0
71.0	26.190357384429436	23.66493685062595	23.897519488151868	26.247186276792746	0.0
72.0	26.261878624574475	23.78691105862524	23.662719137753236	26.288491179047046	0.0
73.0	26.270195047847157	23.666045707062306	23.723706241752883	26.34005300333766	0.0
74.0	26.17427896610226	23.709013893971147	23.815741325970528	26.30096581395607	0.0
75.0	26.318984731046875	23.788851557388867	23.68877726400763	26.203386447556635	0.0
76.0	26.26770012086535	23.824057749243206	23.65939256844416	26.24884956144728	0.0
77.0	26.243582493374586	23.717607531352915	23.772495924952597	26.266314050319906	0.0
78.0	26.19701052304758	23.791346484370667	23.73229987913465	26.2793431134471	0.0
79.0	26.211980084938403	23.69293547564397	23.83764124058858	26.25744319882905	0.0
80.0	26.223623077520152	23.62529523302618	23.834869099497688	26.316212589955978	0.0
81.0	26.26049255402903	23.76002129004358	23.821008394043222	26.158477761884168	0.0
82.0	26.26853176319262	23.933002894115297	23.66465963651686	26.133805706175224	0.0
83.0	26.345874499628536	23.756694720734505	23.74422008582549	26.153210693811474	0.0
84.0	26.314826519410534	23.7309138085892	23.7905148420434	26.163744829956865	0.0
85.0	26.209485157956596	23.850947517824867	23.669372276371377	26.270195047847157	0.0
86.0	26.212739061854613	23.757737717369913	23.840347292873123	26.189175927902355	0.0
87.0	26.13068391303263	23.830644825951605	23.72558096985859	26.31309029115717	0.0
88.0	26.16165928357183	23.7321683012968	23.909029922325036	26.197142492806336	0.0
89.0	26.236229465478715	23.754622519640513	23.81145109693015	26.197696917950626	0.0
90.0	26.21017148369713	23.847211518736795	23.700843280644463	26.241773716921614	0.0
91.0	26.34766891948084	23.72662404985391	23.726901262426054	26.198805768239204	0.0
92.0	26.24842681865308	23.721634223555306	23.739653040744706	26.29028591704691	0.0
93.0	26.322719787987825	23.790105728875016	23.734386001873958	26.1527884812632	0.0
94.0	26.25036730665809	23.762661684232704	23.705278681798777	26.28169232731043	0.0
95.0	26.1477986549646	23.737158127595404	23.78539311514856	26.329650102291442	0.0
96.0	26.19104381621915	23.66896383484784	23.893228805712795	26.246763543220215	0.0
97.0	26.25036730665809	23.77458182483492	23.673122023430007	26.301928845076983	0.0
98.0	26.268108911275345	23.671735960569286	23.723574711560317	26.33658041659505	0.0
99.0	26.17995531333337	23.704447044082343	23.81089667178586	26.30470097079843	0.0
100.0	26.306918671375584	23.789274091158582	23.698625580067308	26.205181657398523	0.0
101.0	26.262564659832456	23.819767474094487	23.662033520544224	26.25563434552884	0.0
102.0	26.22735866317009	23.71941652297815	23.770146423680607	26.28307839017115	0.0
103.0	26.19104381621915	23.79038294144716	23.72440634927675	26.294166893056936	0.0
104.0	26.20767657054783	23.69391296634085	23.83529137813458	26.263119084976744	0.0
105.0	26.22292326201578	23.624332610732562	23.82974712669169	26.322997000559965	0.0
106.0	26.2653367855539	23.754622519640513	23.822262387243786	26.157778307561802	0.0
107.0	26.28252396502686	23.923999401220843	23.657320906817766	26.13615572693453	0.0
108.0	26.34850055719727	23.751295968774777	23.749078268197618	26.151125205830333	0.0
109.0	26.32493748856498	23.71997094812244	23.78012607627781	26.17496548703477	0.0
110.0	26.219873923722187	23.84055841700533	23.66425122112138	26.2753164381511	0.0
111.0	26.219246815529406	23.757051575256074	23.831344338641937	26.19235727057258	0.0
112.0	26.13691490983686	23.837720210126548	23.71214326306014	26.313221616976453	0.0
113.0	26.174543156213964	23.72649250421361	23.9036303557172	26.195333983855228	0.0
114.0	26.247449658476	23.744511221502705	23.81741772376475	26.190621396256542	0.0
115.0	26.214461545285197	23.856781690765548	23.6935043910228	26.23525237292646	0.0
116.0	26.350572163576686	23.734808835270112	23.73148230284751	26.183136698305688	0.0
117.0	26.255211567462077	23.724274815931874	23.741739111150537	26.278774505455516	0.0
118.0	26.334493923534108	23.786370087820455	23.73175951388273	26.14737647476271	0.0
119.0	26.26630000887075	23.756985718087464	23.707087731748423	26.269626541293356	0.0
120.0	26.1570788609953	23.741739111150537	23.777499334693516	26.32368269316065	0.0
121.0	26.196720039031312	23.672436352346317	23.88505721635767	26.2457863922647	0.0
122.0	26.250776190898605	23.77639049055265	23.667723764747628	26.30510955380112	0.0
123.0	26.27295307371596	23.668832608888497	23.71041426417103	26.347800053224518	0.0
124.0	26.186740441763508	23.709859842100595	23.790528253348707	26.31287146278719	0.0
125.0	26.309544930364588	23.78969662024306	23.691286702741063	26.209471746651293	0.0
126.0	26.260478577131195	23.82601126585647	23.665506076465892	26.248004080546437	0.0
127.0	26.228599308081257	23.724829238002307	23.766133682249624	26.280437771666815	0.0
128.0	26.190344185221328	23.78969662024306	23.736472101481414	26.2834870930542	0.0
129.0	26.199492149383484	23.702097933114523	23.849574203849908	26.248835713652092	0.0
130.0	26.221114610130403	23.62475605428901	23.82767453206777	26.326454803512817	0.0
131.0	26.256874833673375	23.755045240840946	23.82601126585647	26.1620686596292	0.0
132.0	26.276002395103344	23.92691608267542	23.676594517874566	26.12048700434667	0.0
133.0	26.335121349467062	23.754556669022968	23.76037811690022	26.149943864609753	0.0
134.0	26.319320276657383	23.71851913454475	23.784218332016575	26.177942256781293	0.0
135.0	26.208785420836406	23.834182527846004	23.670627110280705	26.286404941036885	0.0
136.0	26.222995955457364	23.75357951726069	23.83840679948882	26.18501772779313	0.0
137.0	26.137337033207388	23.84422827964173	23.711165876146623	26.30726881100426	0.0
138.0	26.17677389308406	23.725092312298326	23.89835113047914	26.19978266413847	0.0
139.0	26.242473636938225	23.74422008582549	23.811305900225097	26.202000377011185	0.0
140.0	26.208653515629333	23.836809598261315	23.701806327134825	26.25273055897453	0.0
141.0	26.34823829456934	23.724114989049983	23.733263105369666	26.194383611011006	0.0
142.0	26.25564826878829	23.712749147561887	23.740470712166996	26.291131871482825	0.0
143.0	26.32827876805367	23.780666980844398	23.732154242785462	26.158900008316472	0.0
144.0	26.264241953815876	23.764034042081335	23.701383306073794	26.270340698029	0.0
145.0	26.154814278863082	23.747744151426694	23.771307546662452	26.32613402304777	0.0
146.0	26.200627619702377	23.656605531037236	23.894180656893838	26.248586192366545	0.0
147.0	26.258566010955626	23.774422833824932	23.664644829345104	26.302366325874342	0.0
148.0	26.270486349825905	23.668803087090552	23.708722361446853	26.35198820163669	0.0
149.0	26.19258832139451	23.704009669335342	23.790778647623696	26.312623361646448	0.0
150.0	26.304861280521614	23.803253420860038	23.694307067929298	26.19757823068905	0.0
151.0	26.256348273491387	23.83873722028786	23.662981526246924	26.241932979973832	0.0
152.0	26.228072120822336	23.730345301723183	23.763888580869796	26.277693996584684	0.0
153.0	26.19175666984542	23.794936905369145	23.73893903439711	26.274367390388324	0.0
154.0	26.21892395378235	23.704564103701404	23.82626244705152	26.25024949546473	0.0
155.0	26.229735423920513	23.617240691046995	23.839014437470894	26.3140094475616	0.0
156.0	26.264183163444933	23.76617220224713	23.821338574600738	26.148306059707206	0.0
157.0	26.278875714875795	23.936106806532365	23.66748261150399	26.117534867087855	0.0
158.0	26.353520400525603	23.747664432283784	23.742397276603295	26.156417890587313	0.0
159.0	26.324135216202883	23.73047687164219	23.778712928926666	26.166674983228265	0.0
160.0	26.220528103125652	23.841430452560815	23.659297248596577	26.278744195716957	0.0
161.0	26.2230957740544	23.763597653607743	23.832348277353326	26.18095829498453	0.0
162.0	26.13299919051685	23.8487042725186	23.71785631119637	26.300440225768178	0.0
163.0	26.1782586638501	23.734555323613964	23.901442380995945	26.185743631539992	0.0
164.0	26.243128383829145	23.75728744770918	23.81356331589613	26.186020852565544	0.0
165.0	26.205703545379695	23.846275396911203	23.702120463624443	26.24590059408466	0.0
166.0	26.346327642893975	23.734066677385908	23.739056669679144	26.18054901004097	0.0
167.0	26.255121672645416	23.73018557226895	23.74681887991306	26.26787387517257	0.0
168.0	26.324427121162557	23.791728810552172	23.74404666197238	26.139797406312894	0.0
169.0	26.253458341881004	23.77454105931992	23.70883949412567	26.263161104673404	0.0
170.0	26.154285444983792	23.748270824265845	23.776824748212608	26.320618982537752	0.0
171.0	26.17625859392326	23.664892437347525	23.90136393878909	26.25748502994012	0.0
172.0	26.24584165003327	23.786316256376136	23.658793524062986	26.30904856952761	0.0
173.0	26.260534486582394	23.663783544023065	23.72310933688179	26.35257263251275	0.0
174.0	26.18596141051231	23.702872033710356	23.79047460634287	26.320691949434465	0.0
175.0	26.297959636282993	23.782712353071634	23.707862053670436	26.211465956974937	0.0
176.0	26.258593923264584	23.81542470614327	23.674318030605455	26.251663339986692	0.0
177.0	26.22782213351076	23.72310933688179	23.770791749833666	26.278276779773783	0.0
178.0	26.194555333776893	23.794355732978488	23.72643601685518	26.284652916389444	0.0
179.0	26.20148591705478	23.704812597028166	23.838157019294744	26.25554446662231	0.0
180.0	26.22394100687514	23.617487247726768	23.848414282546017	26.310157462852075	0.0
181.0	26.255617253319063	23.763095373407	23.825748019926866	26.155539353347063	0.0
182.0	26.267815113703463	23.942459365877593	23.6752153338194	26.114510186599542	0.0
183.0	26.345510897709566	23.755398954307797	23.747359433130587	26.151730714852047	0.0
184.0	26.321946783914303	23.718528046839914	23.778408618366704	26.18111655087908	0.0
185.0	26.21806014132963	23.84528591666043	23.65538635550861	26.28126758650133	0.0
186.0	26.23033078654676	23.75636234600073	23.828995664179022	26.18431120327349	0.0
187.0	26.130806507058185	23.852005455815657	23.716164517237935	26.301023519888222	0.0
188.0	26.16941352591381	23.73369557684044	23.906408106122562	26.190482791123188	0.0
189.0	26.24176981827759	23.76003215835216	23.807992459420873	26.190205563949377	0.0
190.0	26.211274829158754	23.847081490927742	23.700982770331148	26.24066090958236	0.0
191.0	26.343585222641764	23.73930593212351	23.73098909385275	26.18611975138198	0.0
192.0	26.263189119357715	23.73209800562218	23.737365336527	26.2673475384931	0.0
193.0	26.318634707829467	23.796414888249416	23.738751476238793	26.146198927682317	0.0
194.0	26.25348614137516	23.77285051314892	23.714078189368863	26.259585156107057	0.0
195.0	26.142667439210676	23.742144031404468	23.796203630032743	26.318984899352117	0.0
196.0	26.170185632859454	23.659872696223026	23.90716139191377	26.26278027900375	0.0
197.0	26.25640400097585	23.77520015968418	23.655437024551443	26.31295881478853	0.0
198.0	26.251691099824793	23.665971744771454	23.735556344119406	26.346780811284347	0.0
199.0	26.192918450176318	23.708665084610438	23.787675486260508	26.31074097895274	0.0
200.0	26.294107210184304	23.791279469493666	23.706170019295172	26.208443301026858	0.0
201.0	26.267770409634277	23.825655924948435	23.673456940717248	26.23311672470004	0.0
202.0	26.22313646343898	23.738051409434675	23.773814012286813	26.26499811483954	0.0
203.0	26.18543325423052	23.795715141165253	23.742209851626782	26.276641752977444	0.0
204.0	26.192918450176318	23.713377985761493	23.844784759032137	26.24891880503005	0.0
205.0	26.215374038013707	23.62216948701457	23.845893676950034	26.316562798021693	0.0
206.0	26.24969157963899	23.772348347282712	23.822527300400047	26.155432772678257	0.0
207.0	26.25523621534256	23.95393516657472	23.674485527114655	26.116343090968066	0.0
208.0	26.33820153697728	23.75633476385331	23.743304833826805	26.162158865342604	0.0
209.0	26.32655776971955	23.733878926999125	23.764374507912216	26.17518879536911	0.0
210.0	26.22183655986715	23.848719320667467	23.655210461676653	26.27423365778873	0.0
211.0	26.234384789828834	23.767278614716695	23.821616496537345	26.176720098917123	0.0
212.0	26.137075623915322	23.84989437381136	23.712940732896044	26.300089269377274	0.0
213.0	26.175683730472272	23.729917799864158	23.906793640232323	26.187604829431255	0.0
214.0	26.246524148676336	23.755277887902235	23.806566621292312	26.191631342129117	0.0
215.0	26.21575090864229	23.8503699719714	23.69678100819788	26.237098111188427	0.0
216.0	26.35194703661194	23.73482819612866	23.73787780494702	26.17534696231238	0.0
217.0	26.256445799833656	23.737732187413364	23.739672858331023	26.26614915442196	0.0
218.0	26.323260327141668	23.800942611588578	23.74105905184364	26.134738009426115	0.0
219.0	26.247165218548478	23.778618123748956	23.727051439154085	26.247165218548478	0.0
220.0	26.15353052562123	23.754009598083712	23.77951577085476	26.3129441054403	0.0
221.0	26.17800031051079	23.660367733493022	23.90739015680795	26.25424179918824	0.0
222.0	26.25424179918824	23.786235500255064	23.653436689067803	26.3060860114889	0.0
223.0	26.245370062323953	23.673398097012445	23.733005079069354	26.34822676159425	0.0
224.0	26.178554794064805	23.710548495131633	23.791225852241222	26.319670858562333	0.0
225.0	26.289451504868367	23.78457204959301	23.71609333067181	26.209883114866813	0.0
226.0	26.26311353605252	23.820336238827156	23.672011888127397	26.244538336992925	0.0
227.0	26.219586577062127	23.72912369419123	23.776809279836762	26.274480448909888	0.0
228.0	26.184931354936015	23.782076873599927	23.74714440969681	26.28584736176725	0.0
229.0	26.207110697096724	23.705558143145474	23.830871426353497	26.25645973340431	0.0
230.0	26.229567281034445	23.60907800474638	23.83946592144077	26.32188879277841	0.0
231.0	26.271780867491923	23.761072374166538	23.814302942929622	26.152843815411913	0.0
232.0	26.28065262895244	23.93989381610502	23.667641636285506	26.111811918657036	0.0
233.0	26.352954875627958	23.75683408559103	23.742971843012874	26.147239195768137	0.0
234.0	26.336320184534173	23.734654497465982	23.7615472480676	26.167478069932244	0.0
235.0	26.21551411041584	23.842291601398426	23.65293284279342	26.289261445392313	0.0
236.0	26.22307244448141	23.764728714408495	23.83209958690288	26.180099254207214	0.0
237.0	26.126313454767253	23.854002051623276	23.714269871634922	26.30541462197455	0.0
238.0	26.157714818028825	23.737624380006046	23.908131381883006	26.196529420082122	0.0
239.0	26.231739809087607	23.751486737882217	23.814144595482535	26.202628857547637	0.0
240.0	26.208194930433482	23.841990561800245	23.70502021283085	26.244794294935424	0.0
241.0	26.338862362120885	23.7296266103227	23.74681817425591	26.1846928533005	0.0
242.0	26.2500693250513	23.73828406633021	23.74493927125506	26.26670733736343	0.0
243.0	26.313352042683942	23.80062339852026	23.743774334172667	26.142250224623133	0.0
244.0	26.24844351879841	23.772494446586002	23.725072034920643	26.253989999694944	0.0
245.0	26.150176800942937	23.749011994730637	23.78340151147473	26.317409692851694	0.0
246.0	26.17622587086754	23.654315509207898	23.91086088307078	26.258597736853783	0.0
247.0	26.249369005552754	23.77171036938831	23.662430451930703	26.316490173128237	0.0
248.0	26.25037444665106	23.6739041194679	23.73686663042393	26.338854803457114	0.0
249.0	26.182696681570565	23.701086172655963	23.797332830372895	26.318884315400577	0.0
