# Position (bp)	A	C	G	T	N
0.0	26.23763199007235	23.6892402468616	23.671512304300137	26.401615458765914	0.0
1.0	26.282505844681065	23.815551837612045	23.7751099686437	26.12683234906319	0.0
2.0	26.26792827029932	23.77112752131449	23.74564430976506	26.215299898621137	0.0
3.0	26.210886972803344	23.91361550201226	23.6585169941031	26.2169805310813	0.0
4.0	26.285483214282745	23.7714339525441	23.747614602923132	26.195468230250018	0.0
5.0	26.27675366685869	23.747064297425442	23.805501395843486	26.17068063987238	0.0
6.0	26.25129124006126	23.726691905274905	23.74109286681603	26.280923987847803	0.0
7.0	26.087329786674275	23.720059486389857	23.751907413920588	26.44070331301528	0.0
8.0	26.1403445611567	23.786960290448274	23.795268307407706	26.27742684098732	0.0
9.0	26.238047370213756	23.81664465139721	23.805013943003992	26.140294035385047	0.0
10.0	26.272329278457285	23.67325803244824	23.733901182126054	26.320511506968426	0.0
11.0	26.18427210221278	23.734731910203834	23.809774346563138	26.271221641020244	0.0
12.0	26.18530723008335	23.786448093484342	23.70752914462936	26.320715531802954	0.0
13.0	26.259795641458755	23.801124248885444	23.83601473153712	26.103065378118686	0.0
14.0	26.28388668900396	23.848475618198435	23.68177664552931	26.185861047268293	0.0
15.0	26.18143050978872	23.784509733337025	23.7701104865284	26.26394927034586	0.0
16.0	26.22352061584471	23.695622075152993	23.777587018525185	26.303270290477116	0.0
17.0	26.22739733613934	23.67706919945726	23.765403040456345	26.330130423947057	0.0
18.0	26.271979619527592	23.809708415252125	23.736327638246614	26.181984326973666	0.0
19.0	26.294963032702906	23.66876194168305	23.86370559078448	26.172569434829562	0.0
20.0	26.261457093013597	23.817461855841387	23.649378340209896	26.27170271093512	0.0
21.0	26.237919862653335	23.755434331127294	23.81607731287902	26.19056849334035	0.0
22.0	26.28056378589428	23.751557610832663	23.64965524880237	26.31822335447069	0.0
23.0	26.276410157007174	23.821615484728493	23.660454683908842	26.241519674355494	0.0
24.0	26.26394927034586	23.742142718688562	23.715559493811092	26.278348517154487	0.0
25.0	26.247611663389915	23.68482264004652	23.66488522138842	26.402680475175146	0.0
26.0	26.28859413507601	23.81081604962202	23.778971561487552	26.121618253814415	0.0
27.0	26.273087253897486	23.767341400603662	23.74740398194556	26.21216736355329	0.0
28.0	26.204137014371554	23.904964971063052	23.666546672943262	26.224351341622132	0.0
29.0	26.292747763963114	23.76789521778861	23.754049788164927	26.18530723008335	0.0
30.0	26.27225652812007	23.73909672417135	23.811092958214495	26.17755378949409	0.0
31.0	26.250934566499602	23.721928391437984	23.744357987428348	26.282779054634066	0.0
32.0	26.09531193752942	23.704206241519675	23.755434331127294	26.445047489823608	0.0
33.0	26.144324758397254	23.78561736770692	23.79392462548113	26.276133248414695	0.0
34.0	26.236258411098497	23.815246587101598	23.81303131836181	26.135463683438097	0.0
35.0	26.259999833855304	23.689741395781585	23.74180006701169	26.308458703351416	0.0
36.0	26.177758209624763	23.744569145268617	23.807981037352096	26.269691607754524	0.0
37.0	26.167993974502394	23.78742398901233	23.71404361839992	26.330538418085354	0.0
38.0	26.258265675708603	23.80210006313481	23.845574471384428	26.09405978977216	0.0
39.0	26.282079682775272	23.846959006678997	23.678876421917746	26.19208488862798	0.0
40.0	26.178793349800074	23.77219410077202	23.770255751359613	26.278756798068297	0.0
41.0	26.206207148632632	23.69687538074721	23.7868701748945	26.310047295725663	0.0
42.0	26.21257601098767	23.683860748978212	23.76665595959372	26.336907280440393	0.0
43.0	26.277372262773724	23.8056998549007	23.73453474075961	26.182393141565964	0.0
44.0	26.29343287219078	23.668630860737903	23.86523487256737	26.17270139450395	0.0
45.0	26.256050419237287	23.807638204313104	23.65866220661697	26.27764916983264	0.0
46.0	26.25272753453031	23.74311885958597	23.814007066668143	26.190146539215576	0.0
47.0	26.27543391336132	23.754748956060386	23.65090880896736	26.318908321610934	0.0
48.0	26.292602151014034	23.812899438432485	23.650078087790614	26.244420322762867	0.0
49.0	26.27155721453651	23.744226487821628	23.69659847368829	26.287617823953568	0.0
50.0	26.259650211003176	23.676384258387515	23.665584883089842	26.398380647519463	0.0
51.0	26.29287905807295	23.817053044316204	23.763886889004574	26.12618100860627	0.0
52.0	26.273495563948916	23.7699788443007	23.738965253702247	26.217560338048134	0.0
53.0	26.21423745334116	23.89652537022474	23.66087746308829	26.22835971334581	0.0
54.0	26.292602151014034	23.75668730547279	23.753641327824727	26.197069215688444	0.0
55.0	26.26795742277062	23.740626696055735	23.809022739607677	26.182393141565964	0.0
56.0	26.248297021587675	23.73204257722938	23.751149164294496	26.268511236888454	0.0
57.0	26.101813187421776	23.709613105457283	23.762779260768916	26.425794446352025	0.0
58.0	26.14639522390705	23.782716569010777	23.793515944308453	26.277372262773724	0.0
59.0	26.24248197335046	23.812345624314656	23.81899139372861	26.12618100860627	0.0
60.0	26.264838715930143	23.69099473047326	23.740560956766622	26.303605596829975	0.0
61.0	26.17678251502909	23.744437644856603	23.799265090700654	26.27951474941365	0.0
62.0	26.1720026361406	23.792830362137046	23.705605121644595	26.329561880077755	0.0
63.0	26.271134814224084	23.802522055525095	23.832704757790736	26.09363837246008	0.0
64.0	26.279995791036015	23.842119545653414	23.679022191208805	26.19886247210177	0.0
65.0	26.181971235054025	23.771508636683336	23.775385314038555	26.271134814224084	0.0
66.0	26.22018419755548	23.682068151987902	23.795876322916147	26.30187132754047	0.0
67.0	26.211877031794295	23.68539101829238	23.768739581429607	26.33399236848372	0.0
68.0	26.27861126340915	23.811936843387773	23.74077212336695	26.168679769836128	0.0
69.0	26.29356416177928	23.668776686770006	23.868148665038465	26.169510486412246	0.0
70.0	26.256735726904694	23.79726085054301	23.669607403346127	26.276396019206167	0.0
71.0	26.25036689982112	23.73966450126546	23.82218234782657	26.18778625108685	0.0
72.0	26.26864266449573	23.75517121068634	23.65936189890733	26.3168242259106	0.0
73.0	26.280826507612133	23.808890882608672	23.66517691494016	26.245105694839033	0.0
74.0	26.26448908161513	23.743541178620678	23.7086510824237	26.283318657340487	0.0
75.0	26.255628104803204	23.670715025447617	23.665453820465533	26.408203049283646	0.0
76.0	26.292733445203165	23.805291110778825	23.770401014581847	26.131574429436167	0.0
77.0	26.276396019206167	23.759601699092304	23.73772616258785	26.226276119113678	0.0
78.0	26.216030614674885	23.89888517835485	23.66130023758494	26.223783969385323	0.0
79.0	26.296333217033013	23.759047888041557	23.74991000570425	26.194708889221175	0.0
80.0	26.26116621531066	23.747417855975897	23.8116599378624	26.17975599085104	0.0
81.0	26.252305238498728	23.733295674181882	23.75157143885649	26.2628276484629	0.0
82.0	26.107483648728724	23.706989649271463	23.767631959328117	26.417894742671695	0.0
83.0	26.15926498197345	23.778431274817656	23.799199189220623	26.26310455398827	0.0
84.0	26.245382600364408	23.811106126811655	23.81941329257284	26.124097980251097	0.0
85.0	26.261370401650353	23.68781757514503	23.7470751934872	26.303736829717415	0.0
86.0	26.1794065931023	23.734614479349826	23.80467138327772	26.28130754427015	0.0
87.0	26.17434982942714	23.78079172389349	23.706581454078243	26.338276992601124	0.0
88.0	26.274312170484247	23.793529307518497	23.832849674360908	26.099308847636348	0.0
89.0	26.276804306410884	23.846694873953304	23.67695272695051	26.199548092685305	0.0
90.0	26.18293385317443	23.76473129236631	23.774699836072838	26.277635018386427	0.0
91.0	26.212839484294005	23.673906783040184	23.80515927517611	26.3080944574897	0.0
92.0	26.19594834079128	23.691074830534756	23.776638164015772	26.336338664658186	0.0
93.0	26.27569669044349	23.80654379513535	23.752547516725002	26.165211997696158	0.0
94.0	26.3011718576935	23.66393823933366	23.86635505737451	26.168534845598334	0.0
95.0	26.254928891054895	23.79740596340437	23.67972176686899	26.26794337867175	0.0
96.0	26.24579105932391	23.743963492977716	23.82149661069514	26.188748837003235	0.0
97.0	26.278465730361965	23.754485844667936	23.65701563953746	26.310032785432636	0.0
98.0	26.28649594612556	23.817896858801117	23.665045855301052	26.230561339772272	0.0
99.0	26.275419786451643	23.72707234947499	23.714057861858137	26.28345000221523	0.0
100.0	26.272373842541313	23.660615391431485	23.668645607195074	26.39836515883213	0.0
101.0	26.295356873864694	23.810143547029377	23.7727615081299	26.12173807097603	0.0
102.0	26.27154313056577	23.755870364627178	23.740917549067387	26.231668955739668	0.0
103.0	26.21837756413096	23.89986044038811	23.660061583447785	26.22170041203314	0.0
104.0	26.29757210579948	23.754485844667936	23.754762748659786	26.1931793008728	0.0
105.0	26.26877409064729	23.742855877010324	23.812358778964157	26.176011253378228	0.0
106.0	26.245237251340214	23.730395197377167	23.760300828496746	26.264066722785877	0.0
107.0	26.104293119489615	23.71239643790705	23.763069868415222	26.42024057418812	0.0
108.0	26.159673917859198	23.77857649195871	23.799067387355453	26.26268220282664	0.0
109.0	26.24606796331576	23.801836427273937	23.82786540250764	26.12423020690266	0.0
110.0	26.272301093490835	23.68464045500738	23.74112871292612	26.301929738575662	0.0
111.0	26.19227606143929	23.72368380974533	23.804816454697246	26.279223674118136	0.0
112.0	26.174204874590878	23.77899860994966	23.704511848656193	26.342284666803273	0.0
113.0	26.266136490759767	23.805581245950304	23.834932906534345	26.093349356755592	0.0
114.0	26.281919930885145	23.847393517159645	23.67488328561381	26.1958032663414	0.0
115.0	26.191095924549618	23.765430389490998	23.77899860994966	26.264475076009724	0.0
116.0	26.20327963271658	23.67765231019721	23.811119295117102	26.307948761969108	0.0
117.0	26.20632555975832	23.679590627405588	23.78813639107488	26.32594742176121	0.0
118.0	26.283858248093527	23.80530434349196	23.751585266573997	26.15925214184052	0.0
119.0	26.307671859510766	23.662976479905186	23.861515542534985	26.167836118049053	0.0
120.0	26.252845172759443	23.7972741722001	23.681805847072308	26.268074807968144	0.0
121.0	26.244261196550905	23.743831997740475	23.824687515575764	26.18721929013286	0.0
122.0	26.275551174343327	23.758784730490838	23.661315065155147	26.304349030010687	0.0
123.0	26.285796565301904	23.814719027075522	23.66740691923863	26.232077488383943	0.0
124.0	26.27361285713495	23.725002630573357	23.717803166656516	26.283581345635188	0.0
125.0	26.269182417801506	23.664914797113568	23.672944968405428	26.3929578166795	0.0
126.0	26.29936478576057	23.80225841645022	23.774291268157878	26.12408552963133	0.0
127.0	26.27001312517653	23.761830657532578	23.743001290365456	26.22515492692544	0.0
128.0	26.22377041463374	23.906373740786073	23.654669406154987	26.2151864384252	0.0
129.0	26.30213381034397	23.750200754282297	23.758784730490838	26.188880704882898	0.0
130.0	26.271674539926565	23.732202094490194	23.814442124617184	26.18168124096606	0.0
131.0	26.24204597688418	23.726940947781735	23.76598419440768	26.265028880926405	0.0
132.0	26.108578991964293	23.70617326340623	23.77290675586618	26.4123409887633	0.0
133.0	26.16728231313238	23.77179914603282	23.79755107465844	26.263367466176362	0.0
134.0	26.254229685051143	23.79533585499172	23.824964418034103	26.125470041923034	0.0
135.0	26.26738957068805	23.684152230738558	23.743686588985867	26.304771609587522	0.0
136.0	26.187364317043993	23.726241637499445	23.804882371184263	26.281511674272295	0.0
137.0	26.18023730737813	23.776150193141067	23.71467733673003	26.32893516275077	0.0
138.0	26.270508258684426	23.803840669001897	23.83706924003489	26.08858183227879	0.0
139.0	26.28739944895953	23.837899954310714	23.677295194317914	26.19740540241184	0.0
140.0	26.18826754537777	23.765074002796737	23.7872263834854	26.259432068340093	0.0
141.0	26.20606201576146	23.67985290778492	23.80944469365942	26.304640382794197	0.0
142.0	26.208277259964447	23.675145513853582	23.788953684781827	26.327623541400147	0.0
143.0	26.28636461811959	23.796707039492265	23.754340494110217	26.162587848277923	0.0
144.0	26.306024910421062	23.659638804432703	23.87645583079965	26.15788045434659	0.0
145.0	26.26476598714051	23.791445834510185	23.67182264754911	26.271965530800202	0.0
146.0	26.2525821440241	23.74880238360276	23.820520914674333	26.178094557698806	0.0
147.0	26.281657224188255	23.75129453333112	23.65936189890733	26.3076863435733	0.0
148.0	26.285533901543474	23.81359827654001	23.66406929283867	26.23679852907785	0.0
149.0	26.281934129713626	23.72166564211622	23.71252775977892	26.283872468391234	0.0
150.0	26.27362696395244	23.659915709958078	23.67320717517597	26.39325015091351	0.0
151.0	26.309070871200163	23.79310726766242	23.780369613495267	26.11745224764215	0.0
152.0	26.26781194791961	23.759878604617676	23.743264273095306	26.22904517436741	0.0
153.0	26.214092275997274	23.90580781648917	23.667392159143144	26.212707748370413	0.0
154.0	26.30990158777628	23.747140950450525	23.75821717146544	26.18474029030775	0.0
155.0	26.271134814224084	23.73800306811322	23.824397592029552	26.166464525633142	0.0
156.0	26.245936411415155	23.724157791844576	23.769016486954982	26.260889309785284	0.0
157.0	26.109145081880964	23.70615893269534	23.777046747190795	26.4076492382329	0.0
158.0	26.17366406929284	23.771785542208708	23.803075866575842	26.251474521922614	0.0
159.0	26.253689766125593	23.800583716847488	23.826612836232535	26.11911368079439	0.0
160.0	26.273495563948916	23.682199306624724	23.742841952527055	26.301463176899304	0.0
161.0	26.19291560980472	23.72622752899217	23.802376970193727	26.278479891009383	0.0
162.0	26.17969656440461	23.769767757406594	23.707186588800187	26.343349089388617	0.0
163.0	26.271906870360063	23.792197291287646	23.850624842508676	26.08527099584361	0.0
164.0	26.283536999039132	23.83096438688454	23.688910672304512	26.19658794177182	0.0
165.0	26.180804195707374	23.76672177132398	23.792474199113343	26.259999833855304	0.0
166.0	26.20662919170382	23.665439038573368	23.81912330739623	26.30880846232659	0.0
167.0	26.199983385484447	23.6787306510121	23.78561736770692	26.33566859579653	0.0
168.0	26.283055963226538	23.78949408800155	23.761526320161714	26.165923628610194	0.0
169.0	26.306870102179268	23.663500678426054	23.875335751668374	26.1542934677263	0.0
170.0	26.266718356270598	23.78700191066929	23.676792290864785	26.269487442195334	0.0
171.0	26.24871929775981	23.744081078835876	23.819677124581176	26.18752249882314	0.0
172.0	26.287486500706116	23.74961925068535	23.655470329244316	26.30742391936422	0.0
173.0	26.2960706670728	23.807216237919864	23.66183922687121	26.234873868136127	0.0
174.0	26.289701769445905	23.716390219588515	23.71999003129067	26.27391797967491	0.0
175.0	26.28056378589428	23.65657796361421	23.683715005676625	26.379143244814884	0.0
176.0	26.31517735995348	23.790878630963917	23.77786392711766	26.11608008196494	0.0
177.0	26.27225652812007	23.756818874089664	23.75044997646277	26.2204746213275	0.0
178.0	26.226566610361917	23.898319164843684	23.659347049538948	26.21576717525545	0.0
179.0	26.313238999806167	23.741865810096087	23.765126131863873	26.179769058233877	0.0
180.0	26.27419488826738	23.733558552321877	23.822723119098384	26.169523440312354	0.0
181.0	26.251211475092074	23.71749785395841	23.76291086312408	26.268379807825436	0.0
182.0	26.107772824190732	23.699775704040096	23.778417744302605	26.414033727466563	0.0
183.0	26.16869271453493	23.76955666934345	23.80860078088223	26.253149835239387	0.0
184.0	26.24235040013292	23.795032259851023	23.835460914352172	26.127156425663888	0.0
185.0	26.274340400079748	23.680246339248136	23.740335836600874	26.305077424071243	0.0
186.0	26.18711371037416	23.73202853281939	23.81150173899559	26.269356017810857	0.0
187.0	26.179155809452077	23.761723714925775	23.72489456617755	26.334225909444598	0.0
188.0	26.277604707511248	23.79148494288681	23.844098303911387	26.08681204569055	0.0
189.0	26.277327795084805	23.81889927310488	23.69373485635168	26.210038075458638	0.0
190.0	26.18483904465213	23.75465559016961	23.792592592592595	26.26791277258567	0.0
191.0	26.214264352410805	23.667770627263764	23.821457449518725	26.296507570806703	0.0
192.0	26.212602873251296	23.670816672389538	23.793212303807003	26.323368150552163	0.0
193.0	26.288477088202388	23.794043043386758	23.75472136994495	26.162758498465898	0.0
194.0	26.306199532570528	23.65807866549994	23.88320909161396	26.152512710315573	0.0
195.0	26.264939466775957	23.799858220445056	23.67580110986808	26.259401202910908	0.0
196.0	26.249709241147084	23.739214231122826	23.822565102291733	26.188511425438353	0.0
197.0	26.274908341733035	23.746413974147384	23.67303197793556	26.305645706184027	0.0
198.0	26.28736943542938	23.815088446073926	23.666109148104255	26.231432970392444	0.0
199.0	26.2774005604723	23.716230436082895	23.720661047174932	26.285707956269867	0.0
200.0	26.28404647711036	23.656417186340427	23.672755064742304	26.386781271806914	0.0
201.0	26.30579139459795	23.779498341280785	23.785590465272126	26.129119798849143	0.0
202.0	26.276161518821894	23.74433017096715	23.760114310399256	26.219393999811697	0.0
203.0	26.22244006180737	23.894971782389334	23.665686388533516	26.216901767269785	0.0
204.0	26.317144898399984	23.73325358189199	23.76509877548308	26.18450274422494	0.0
205.0	26.278653751363805	23.723838481178106	23.81162044959875	26.18588731785934	0.0
206.0	26.255669829032847	23.72051550445556	23.761221969306774	26.262592697204823	0.0
207.0	26.118055594016358	23.702501675352654	23.774223384046213	26.405219346584772	0.0
208.0	26.178977508736757	23.763146672278868	23.814099546408656	26.243776272575726	0.0
209.0	26.245437779340826	23.78779235596121	23.83597605214916	26.13079381254881	0.0
210.0	26.275767343457503	23.671341064920966	23.751647670000775	26.301243921620753	0.0
211.0	26.18909159383688	23.74610928344355	23.80398542296658	26.260813699752987	0.0
212.0	26.180302673663512	23.76389792725309	23.720421472384142	26.33537792669925	0.0
213.0	26.27072412236613	23.799752432064203	23.8443368142382	26.08518663133147	0.0
214.0	26.293985539152565	23.824398456992686	23.686214564416126	26.195401439438626	0.0
215.0	26.200662950378412	23.748245009179954	23.793383234610772	26.25770880583086	0.0
216.0	26.217904694388444	23.663295598041607	23.8205875185538	26.29821218901615	0.0
217.0	26.21513547043576	23.663018675646335	23.797049114956025	26.324796738961876	0.0
218.0	26.300704490573562	23.790126055074325	23.74914154057467	26.160027913777444	0.0
219.0	26.299115784343318	23.669730359917036	23.88157657894664	26.149577276793007	0.0
220.0	26.266452879617397	23.79931709991775	23.675254149047234	26.25897587141761	0.0
221.0	26.252883494365935	23.738116403171357	23.832548247472356	26.17645185499035	0.0
222.0	26.272822182898697	23.763039763837313	23.664177099862368	26.299960953401623	0.0
223.0	26.29636091241654	23.82368660812446	23.652546198218257	26.22740628124074	0.0
224.0	26.2766991501134	23.727870132675356	23.725931649068006	26.269499068143237	0.0
225.0	26.295253207498053	23.658361649040312	23.673038739210263	26.373346404251368	0.0
226.0	26.305295398027173	23.780275043892928	23.789136707781093	26.125292850298802	0.0
227.0	26.27732577138015	23.75147463625639	23.759782446151544	26.211417146211918	0.0
228.0	26.221386518086103	23.896584382425104	23.67836590917902	26.203663190309772	0.0
229.0	26.31000315696776	23.74621302332279	23.767259475057184	26.176524344652265	0.0
230.0	26.27206415844655	23.729320476535975	23.819598677396662	26.17901668762081	0.0
231.0	26.240217553848456	23.720181885651304	23.77169030700127	26.26791025349897	0.0
232.0	26.10563103354694	23.704120119854004	23.77279801498729	26.41745083161177	0.0
233.0	26.170985804722157	23.763936351099126	23.812675502484034	26.25240234169468	0.0
234.0	26.227478912009218	23.78996748877061	23.847014450050676	26.135539149169496	0.0
235.0	26.268332668704858	23.671573840223314	23.755483184899642	26.304610306172183	0.0
236.0	26.183869466967963	23.73443661659799	23.81031503389605	26.271378882537995	0.0
237.0	26.172587876589226	23.753610465712	23.725917535993883	26.34788412170489	0.0
238.0	26.26688931905478	23.79805096081152	23.843744547924263	26.09131517220944	0.0
239.0	26.29347467882947	23.81217443319182	23.685893974262047	26.20845691371666	0.0
240.0	26.188761804536263	23.751419313744496	23.79462183943061	26.265197042288623	0.0
241.0	26.210766243945134	23.66391283757024	23.823991270463313	26.301329648021316	0.0
242.0	26.197571621651562	23.6667183657191	23.810737154631866	26.324972857997476	0.0
243.0	26.30020579494182	23.794105345959853	23.74923484720487	26.156454011893455	0.0
244.0	26.29409679134905	23.66407773444425	23.884838681084915	26.15698679312179	0.0
245.0	26.27240242652558	23.797124733386887	23.679399462618765	26.25107337746877	0.0
246.0	26.259702269818668	23.737527631732032	23.831156959318335	26.17161313913097	0.0
247.0	26.28616227626691	23.75248284516742	23.65192242165013	26.309432456915538	0.0
248.0	26.2919057289055	23.816555342850574	23.647838120118905	26.24370080812502	0.0
249.0	26.27417518333107	23.716821023994413	23.73372045024504	26.27528334242947	0.0
