# Position (bp)	A	C	G	T	N
0.0	26.31114365672701	23.80778029438645	23.71241407105919	26.16866197782735	0.0
1.0	26.334701384513203	23.806928810249598	23.623008236689884	26.23536156854731	0.0
2.0	26.256815169481662	23.770005591206196	23.698483562705235	26.274695676606903	0.0
3.0	26.184523083123086	23.65640529349495	23.807104726172604	26.351966897209365	0.0
4.0	26.368574298898327	23.635114963079	23.674845476681025	26.321465261341643	0.0
5.0	26.198097573157163	23.716486185838498	23.73124247996549	26.35417376103884	0.0
6.0	26.136453923248926	23.78636368795614	23.781256029874122	26.295926358920806	0.0
7.0	26.32872242321061	23.799957437752713	23.644463360998795	26.22685677803788	0.0
8.0	26.293344380162242	23.68494973598268	23.760140052604847	26.261565831250234	0.0
9.0	26.31475912160245	23.579129546615217	23.725529138058217	26.380582193724113	0.0
10.0	26.3558523797635	23.701457137020814	23.713940398102544	26.228750085113145	0.0
11.0	26.31159354501918	23.771817335845117	23.650956671735628	26.26563244740008	0.0
12.0	26.14846001951928	23.76245489003382	23.647552145986065	26.44153294446084	0.0
13.0	26.236977689007922	23.782030913093806	23.847851744252026	26.133139653646246	0.0
14.0	26.23499171565401	23.80501146190336	23.74429741936948	26.21569940307315	0.0
15.0	26.14817630904015	23.761036337638167	23.755645838534694	26.33514151478699	0.0
16.0	26.29258494291745	23.743729998411222	23.7885562541138	26.175128804557524	0.0
17.0	26.24832610817313	23.732381579246013	23.74514855080687	26.27414376177398	0.0
18.0	26.27925055039833	23.768696520574682	23.777491545427722	26.174561383599265	0.0
19.0	26.187895776118385	23.7547947070973	23.73181415828775	26.32549535849656	0.0
20.0	26.21569940307315	23.80813227717379	23.741744025057308	26.234424294695746	0.0
21.0	26.3098912821444	23.647835856465193	23.76472457386686	26.27754828752355	0.0
22.0	26.221089902176626	23.738339499307745	23.759050364284256	26.28152023423137	0.0
23.0	26.32201615442885	23.71585908707901	23.758982957559873	26.203141800932272	0.0
24.0	26.366200060146276	23.779910007546658	23.60486163518444	26.249028297122624	0.0
25.0	26.319955514449294	23.807146059000097	23.71323842325959	26.159660003291023	0.0
26.0	26.338964008692837	23.807429767869404	23.621033040734922	26.23257318270284	0.0
27.0	26.246474917298862	23.7648734374734	23.712954714390282	26.27569693083745	0.0
28.0	26.170724649193982	23.64855280105767	23.81622474281791	26.364497806930444	0.0
29.0	26.354567996504706	23.630679142291346	23.68855575162991	26.32619710957404	0.0
30.0	26.199095536124652	23.711819878913055	23.73196320863383	26.357121376328468	0.0
31.0	26.143488597740543	23.780761134154577	23.776789209984283	26.2989610581206	0.0
32.0	26.321090349926518	23.790974653449616	23.655078105051718	26.232856891572144	0.0
33.0	26.292435754126547	23.68940687823783	23.754376209309054	26.263781158326573	0.0
34.0	26.314848754801773	23.58500201433297	23.7223171070774	26.377832123787854	0.0
35.0	26.348326401379964	23.716075511952656	23.716075511952656	26.21952257471473	0.0
36.0	26.312862792716622	23.77366841242191	23.645999421233906	26.267469373627563	0.0
37.0	26.144907142087074	23.758064424610044	23.651957307489347	26.445071125813534	0.0
38.0	26.239665904435505	23.784733058324868	23.840339996708977	26.13526104053065	0.0
39.0	26.225196752100864	23.816508451687216	23.74643236096847	26.21186243524345	0.0
40.0	26.136679584877182	23.766291981819936	23.76090151330311	26.336126919999774	0.0
41.0	26.298677349251292	23.745013816621935	23.785300476063483	26.17100835806329	0.0
42.0	26.246474917298862	23.729977246548682	23.743027854536788	26.28051998161566	0.0
43.0	26.280803690484973	23.762036348780335	23.780761134154577	26.176398826580115	0.0
44.0	26.187747181352382	23.751822829485295	23.741893019059564	26.318536970102755	0.0
45.0	26.223494498885024	23.802323008221883	23.741893019059564	26.232289473833532	0.0
46.0	26.304635235506733	23.645432003495294	23.77026390599023	26.279668855007742	0.0
47.0	26.2141321061979	23.74132560132095	23.765440855212017	26.27910143726913	0.0
48.0	26.314206681324915	23.713454854954254	23.753173983970495	26.219164479750333	0.0
49.0	26.362645967385014	23.777789126068157	23.60671364858884	26.25285125795799	0.0
50.0	26.3181039276433	23.810699168170316	23.716224650756363	26.15497225343002	0.0
51.0	26.326615145428338	23.81098287542982	23.62543832771593	26.236963651425917	0.0
52.0	26.24689340550846	23.758497032422067	23.70686231119282	26.287747250876652	0.0
53.0	26.170576152702594	23.63565178905798	23.831693505373416	26.36207855286601	0.0
54.0	26.34931172618845	23.63196359468446	23.683314608654207	26.335410070472882	0.0
55.0	26.196109806057716	23.7026067023003	23.741190889592485	26.3600926020495	0.0
56.0	26.136814988821932	23.766440835688105	23.78403068577719	26.312713489712774	0.0
57.0	26.32689885268784	23.784881807555692	23.65664612626108	26.231573213495384	0.0
58.0	26.302216321111228	23.678775292502184	23.75537625256755	26.263632133819044	0.0
59.0	26.326331438168836	23.58373336056923	23.71310387090185	26.37683133036008	0.0
60.0	26.353567335080967	23.70544377489531	23.720763966908383	26.22022492311533	0.0
61.0	26.311862367934268	23.772682395397133	23.6399073979505	26.2755478387181	0.0
62.0	26.16376717847456	23.74629762026351	23.649269737514047	26.440665463747887	0.0
63.0	26.248028234546467	23.78034249140367	23.835949114265937	26.13568015978393	0.0
64.0	26.236963651425917	23.806159852018293	23.73892123151647	26.217955265039322	0.0
65.0	26.13426162348642	23.754808838048547	23.766724542947603	26.344204995517423	0.0
66.0	26.303067442889727	23.74260942588999	23.78459810029619	26.16972503092409	0.0
67.0	26.24717711276796	23.730693720990935	23.74658132752301	26.2755478387181	0.0
68.0	26.279236033091614	23.775235760732645	23.779491369625166	26.16603683655057	0.0
69.0	26.1921379044247	23.757362203384062	23.739488646035475	26.31101124615577	0.0
70.0	26.224480532007853	23.79878346327126	23.748567278339518	26.228168726381373	0.0
71.0	26.30590451548474	23.649269737514047	23.76984532280212	26.274980424199097	0.0
72.0	26.216253021482316	23.73863752425697	23.770412737321124	26.274696716939594	0.0
73.0	26.3217174453936	23.715873659841634	23.751336966667328	26.211071928097436	0.0
74.0	26.36391491100154	23.78276090990076	23.60232411668246	26.25100006241524	0.0
75.0	26.329302821736395	23.80659218447676	23.692258807641895	26.171846186144954	0.0
76.0	26.34292069292268	23.802904011030478	23.611118991823606	26.243056304223245	0.0
77.0	26.245325949420955	23.762617808771044	23.70559297317847	26.286463268629532	0.0
78.0	26.163618722303234	23.63977326244475	23.82758640255562	26.369021612696397	0.0
79.0	26.339516225126108	23.62473686300989	23.69452845283961	26.34121845902439	0.0
80.0	26.199365634167236	23.70757891272647	23.7419072963419	26.351148156764392	0.0
81.0	26.134680746032373	23.77339862346019	23.79070466809276	26.301215962414677	0.0
82.0	26.32391241439182	23.779356442104188	23.656795601427607	26.23993554207639	0.0
83.0	26.291853675974103	23.67750611385675	23.7677245104659	26.262915699703242	0.0
84.0	26.31994053529582	23.585869188999027	23.722331606511613	26.371858669193536	0.0
85.0	26.34689257201868	23.70644409012761	23.725736074308184	26.220927263545523	0.0
86.0	26.314833833600964	23.7697104500139	23.64062437939389	26.274831336991245	0.0
87.0	26.164186133602662	23.7419072963419	23.65367483928075	26.440231730774688	0.0
88.0	26.25866011495753	23.78673278899676	23.82616787430705	26.128439221738663	0.0
89.0	26.235112546031242	23.80971294662362	23.7399213567939	26.215253150551238	0.0
90.0	26.13723409687981	23.74899993758476	23.7637526313699	26.350013334165535	0.0
91.0	26.29554184942039	23.7419072963419	23.791555785041904	26.170995069195808	0.0
92.0	26.2501489454661	23.726587191257327	23.752404405381327	26.270859457895245	0.0
93.0	26.277100982188962	23.78077497035276	23.777370502556188	26.16475354490209	0.0
94.0	26.203053807613525	23.7498510545339	23.7419072963419	26.305187841510673	0.0
95.0	26.224048025692383	23.796095075437332	23.74531176413847	26.234545134731814	0.0
96.0	26.30915972060668	23.64913554888532	23.764603748319043	26.277100982188962	0.0
97.0	26.226033965240386	23.731126481652755	23.758078518375612	26.284761034731247	0.0
98.0	26.324972551556264	23.711767225848916	23.75233701865927	26.210923203935554	0.0
99.0	26.368020880617337	23.77212891511575	23.603892419428053	26.255957784838856	0.0
100.0	26.328018610985023	23.80645710394916	23.694961416250568	26.17056286881525	0.0
101.0	26.339083068542894	23.81213118474807	23.613822060826145	26.23496368588289	0.0
102.0	26.24319110304131	23.76390149795733	23.7057421697685	26.287165229232862	0.0
103.0	26.160349523377214	23.641625056740807	23.83397639582388	26.3640490240581	0.0
104.0	26.337948252383114	23.629709487063096	23.69723104857013	26.33511121198366	0.0
105.0	26.196663640490243	23.70432364956877	23.754539264639128	26.344473445301865	0.0
106.0	26.141625056740807	23.77411484339537	23.781774852473898	26.302485247389924	0.0
107.0	26.332841579664095	23.77723558783477	23.660065819337266	26.229857013163866	0.0
108.0	26.28943486155243	23.685599182932364	23.76333408987744	26.261631865637767	0.0
109.0	26.319223785746708	23.58431684067181	23.71765773944621	26.378801634135268	0.0
110.0	26.343338629142078	23.704039945528823	23.725601452564685	26.227019972764413	0.0
111.0	26.320926009986383	23.757376305038584	23.647582841579666	26.274114843395367	0.0
112.0	26.171130276895145	23.740354062641853	23.65609396277803	26.432421697684976	0.0
113.0	26.25198592827962	23.783760780753518	23.831139355424423	26.13311393554244	0.0
114.0	26.22503404448479	23.814684521107583	23.74801407172038	26.212267362687246	0.0
115.0	26.139071720381295	23.745460735360872	23.768157058556515	26.347310485701314	0.0
116.0	26.30135043123014	23.736382206082617	23.7942578302315	26.168009532455745	0.0
117.0	26.256808896958695	23.730140717203813	23.749432591920108	26.263617793917387	0.0
118.0	26.279788924194282	23.766454834316843	23.78234226055379	26.17141398093509	0.0
119.0	26.19836586472991	23.748297775760328	23.74120517476169	26.312131184748072	0.0
120.0	26.231842941443485	23.793690422151613	23.74801407172038	26.22645256468452	0.0
121.0	26.312982296867908	23.64105764866092	23.769859282796187	26.276100771674987	0.0
122.0	26.22191330004539	23.726736268724466	23.773831139355426	26.277519291874718	0.0
123.0	26.326391075780403	23.70864647255581	23.74921626536616	26.215746186297622	0.0
124.0	26.36334749970211	23.773966034759617	23.609133052275602	26.25355341326267	0.0
125.0	26.329019116086677	23.80772700707562	23.697649214986466	26.165604661851237	0.0
126.0	26.34235328162325	23.813401120069905	23.611118991823606	26.233126606483243	0.0
127.0	26.25298600196324	23.760631869223044	23.703607033630465	26.282775095183247	0.0
128.0	26.16191648840495	23.642326613292177	23.83609757204705	26.359659326255823	0.0
129.0	26.343562842398228	23.62622242018628	23.69658162092846	26.333633116487032	0.0
130.0	26.201425908640847	23.701972043565963	23.749067315030484	26.347534732762707	0.0
131.0	26.15149357263027	23.77289865721735	23.7754520153088	26.30015575484358	0.0
132.0	26.334767942305454	23.777154254036432	23.662536846375794	26.225540957282316	0.0
133.0	26.286254138567905	23.68296371110739	23.773466070126563	26.25731608019814	0.0
134.0	26.325689335758078	23.58423386490466	23.722398908297563	26.367677891039698	0.0
135.0	26.35122291667258	23.694595675746218	23.721547788933748	26.232633618647455	0.0
136.0	26.310085480754775	23.761266692578523	23.650621175282357	26.278026651384344	0.0
137.0	26.171636730907267	23.745095424666008	23.649486349463935	26.433781494962794	0.0
138.0	26.247953767196158	23.778289079854854	23.83531407723057	26.138443075718413	0.0
139.0	26.231215086374434	23.806943431770016	23.754457737667988	26.207383744187563	0.0
140.0	26.14156384671908	23.744811718211402	23.765238582943002	26.348385852126523	0.0
141.0	26.304411351662658	23.736016818118628	23.801269302677905	26.158302527540805	0.0
142.0	26.25873461247117	23.71871072438769	23.756727389304835	26.265827273836308	0.0
143.0	26.280012596566582	23.778289079854854	23.783395796037755	26.158302527540805	0.0
144.0	26.20199332155006	23.746513956939033	23.74112353430153	26.310369187209375	0.0
145.0	26.235186976738905	23.79559517358579	23.748216195666668	26.22100165400863	0.0
146.0	26.31746184857452	23.634733613824448	23.76864306039827	26.279161477202766	0.0
147.0	26.226466482824364	23.726721819357913	23.775235760732645	26.27157593708508	0.0
148.0	26.329243208738205	23.710901482374634	23.74778353074686	26.212071778140295	0.0
149.0	26.366767477884895	23.77111503259815	23.61223806578641	26.249879423730544	0.0
150.0	26.327899362789882	23.801188172744656	23.68997429597644	26.18093816848902	0.0
151.0	26.342652223993827	23.803741552568418	23.62613980038244	26.22746642305532	0.0
152.0	26.26151148737212	23.754376209309054	23.70699682813484	26.277115475183987	0.0
153.0	26.16419934519993	23.639474117239853	23.832679857237697	26.36364668032252	0.0
154.0	26.335634218791228	23.61854666882286	23.709333764572037	26.336485347813877	0.0
155.0	26.198318736470593	23.703375861413498	23.751322796356035	26.346982605759873	0.0
156.0	26.152074059573355	23.771182473551168	23.785935376610407	26.290808090265074	0.0
157.0	26.343010670320847	23.773735860619112	23.657414894190477	26.225838574869563	0.0
158.0	26.290808090265074	23.675288603666097	23.774870699315976	26.259032606752857	0.0
159.0	26.326839218890523	23.58194812084897	23.72550521600236	26.365707444258142	0.0
160.0	26.364856315235492	23.68919037770269	23.722951828934416	26.2230014781274	0.0
161.0	26.314923412573442	23.751322796356035	23.650889571683507	26.282864219387015	0.0
162.0	26.17306857546535	23.740258119061604	23.657698603864695	26.42897470160835	0.0
163.0	26.257897768055994	23.77231731224803	23.839556505037265	26.130228414658713	0.0
164.0	26.237754381186644	23.801539408692296	23.75217392537868	26.208532284742375	0.0
165.0	26.14441389836952	23.741392957758467	23.76919650583165	26.344996638040364	0.0
166.0	26.309816638437557	23.740541828735818	23.791609570094728	26.158031962731897	0.0
167.0	26.259883735775507	23.71756134512431	23.76182005430203	26.260734864798152	0.0
168.0	26.276906316228477	23.773735860619112	23.793879247488462	26.155478575663953	0.0
169.0	26.206546317022866	23.743946344826412	23.748485699613873	26.301021638536852	0.0
170.0	26.242293735974105	23.791893279768946	23.75018795765917	26.215625026597785	0.0
171.0	26.31577454159609	23.629895055791508	23.776289247687057	26.27804115492534	0.0
172.0	26.229884927029666	23.723586554392973	23.770966204407724	26.275562314169637	0.0
173.0	26.328690871022015	23.717695923919983	23.746067052324875	26.20754615273313	0.0
174.0	26.365931852356226	23.767412829460664	23.61761284648339	26.249042471699717	0.0
175.0	26.326361542040694	23.800742195036147	23.69690298126355	26.17599328165961	0.0
176.0	26.33544038040333	23.794784207360667	23.63079768943564	26.238977722800367	0.0
177.0	26.247205420066503	23.756482858018316	23.714493230591145	26.28181849132403	0.0
178.0	26.162942451513327	23.635904536014618	23.835071552594844	26.36608145987721	0.0
179.0	26.3375010993937	23.612990719698583	23.717965086093166	26.331543094814553	0.0
180.0	26.19848099254682	23.706616505942403	23.754280542575618	26.340621958935163	0.0
181.0	26.157626104004063	23.777545131884686	23.778396275395995	26.286432488715256	0.0
182.0	26.342607960461546	23.77073598379423	23.655831609767723	26.230824445976502	0.0
183.0	26.291823064286866	23.679096199076792	23.77385684333569	26.25522389330065	0.0
184.0	26.323599088709017	23.58348441130659	23.72250451815347	26.37041198183092	0.0
185.0	26.355658827634926	23.695551640295403	23.724206805176088	26.22458272689358	0.0
186.0	26.312817937565786	23.75740140211708	23.660654756331798	26.269125903985334	0.0
187.0	26.180323264305592	23.73669024334193	23.655831609767723	26.42715488258475	0.0
188.0	26.250117032232804	23.77328941432815	23.837976321187515	26.138617232251534	0.0
189.0	26.225582681968422	23.800377342431165	23.759805938178257	26.21423403742216	0.0
190.0	26.150681627963063	23.7359737846311	23.76321053154214	26.350134055863705	0.0
191.0	26.305306909905944	23.727462301221397	23.794135587930718	26.173095200941937	0.0
192.0	26.25508915778872	23.715262508334163	23.76235938320117	26.267288950675955	0.0
193.0	26.28374448526804	23.77172201495184	23.780800930588853	26.163732569191268	0.0
194.0	26.21338288908118	23.741364390790576	23.74022952633595	26.305023193792294	0.0
195.0	26.242605648787826	23.78363809172542	23.759238505950943	26.21451775353581	0.0
196.0	26.316371838338558	23.623622203623054	23.774842892202063	26.285163065836326	0.0
197.0	26.226508239139317	23.71646466022062	23.776328930046756	26.280698170593308	0.0
198.0	26.32134436806133	23.729015527871013	23.750294357138195	26.199345746929463	0.0
199.0	26.3628419517565	23.77788243839052	23.618432625361034	26.240842984491948	0.0
200.0	26.326959087556034	23.81036145945639	23.69148272144357	26.171196731544004	0.0
201.0	26.341145094478808	23.7950405719798	23.62679452987573	26.23701980366566	0.0
202.0	26.261987175849743	23.75702207342677	23.706519888781706	26.27447086194178	0.0
203.0	26.179708335697665	23.63048289167565	23.83078930942518	26.3590194632015	0.0
204.0	26.34121982982418	23.608419702717196	23.724745289523035	26.32561517793559	0.0
205.0	26.209573312073175	23.707154591030445	23.749145290657918	26.334126806238455	0.0
206.0	26.162191914520555	23.78914994368139	23.770991803301943	26.277666338496108	0.0
207.0	26.35058262095733	23.77496389650995	23.64530342536295	26.229150057169768	0.0
208.0	26.300020428081805	23.675011916381052	23.77743604875502	26.247531606782122	0.0
209.0	26.32725787048596	23.585071611775653	23.722109993871577	26.36556052386681	0.0
210.0	26.350806909231224	23.708491272669498	23.7266495676056	26.21405225049368	0.0
211.0	26.30427627845745	23.76324988083619	23.66196064189573	26.27051319881063	0.0
212.0	26.185679914656014	23.738565948657424	23.660542025103844	26.41521211158272	0.0
213.0	26.242140862972967	23.778854665546906	23.846380824840548	26.13262364663958	0.0
214.0	26.234838490020003	23.80615965158673	23.75452185385368	26.204480004539587	0.0
215.0	26.153693379296648	23.733526265764425	23.77636861443305	26.336411740505884	0.0
216.0	26.298676426777885	23.737498404051582	23.808145720730305	26.155679448440228	0.0
217.0	26.245620008228	23.719623781759374	23.76218240626463	26.272573803747996	0.0
218.0	26.26519697550042	23.778922131903364	23.793959512561887	26.161921380034332	0.0
219.0	26.193131038004854	23.749131094749686	23.745726404789263	26.312011462456198	0.0
220.0	26.228880282589266	23.794526960888625	23.759345164630947	26.217247591891162	0.0
221.0	26.313430083273044	23.624008738704234	23.772963924472627	26.289597253550102	0.0
222.0	26.2221453012308	23.71146305617187	23.793175847060894	26.273215795536437	0.0
223.0	26.324077252853574	23.722311911091694	23.750684488428245	26.202926347626494	0.0
224.0	26.359334036975245	23.755007774108247	23.626479634106204	26.259178554810305	0.0
225.0	26.313235919988653	23.810469570151792	23.696127110228403	26.180167399631156	0.0
226.0	26.347567030784507	23.781529294935453	23.62774861682508	26.24315505745496	0.0
227.0	26.253085544048798	23.7531564760959	23.711164704213363	26.282593275641936	0.0
228.0	26.169953184848914	23.625478791317917	23.83855866080295	26.36600936303022	0.0
229.0	26.335590883168248	23.61007470626789	23.72526933127534	26.329065079288515	0.0
230.0	26.20450734436667	23.712785184722808	23.749953893776937	26.332753577133584	0.0
231.0	26.141248372077186	23.798458190402418	23.783987765397523	26.276305672122866	0.0
232.0	26.339294580967703	23.778313088925017	23.652335271235348	26.23005705887193	0.0
233.0	26.297660324251932	23.672547539737035	23.78689259509366	26.24289954091737	0.0
234.0	26.329722337292377	23.578915112273794	23.724187242156155	26.367175308277673	0.0
235.0	26.36036567718944	23.696664983174536	23.713121591637773	26.229847747998253	0.0
236.0	26.31269825957179	23.751993235766452	23.657225869788505	26.278082634873257	0.0
237.0	26.178491780207807	23.73355048490248	23.6705613973363	26.417396337553413	0.0
238.0	26.23750858297252	23.778096821604688	23.84420699008631	26.14018760533648	0.0
239.0	26.236164350912635	23.803133006659273	23.747804597081497	26.212898045346595	0.0
240.0	26.156919383808663	23.731992520351962	23.760651262829043	26.35043683301033	0.0
241.0	26.306081853755153	23.73974557970994	23.79451149090971	26.159661075625195	0.0
242.0	26.250028377488704	23.717905060273786	23.758484869123023	26.273581693114483	0.0
243.0	26.270606832003768	23.779482420517013	23.791969259672335	26.157941487806884	0.0
244.0	26.203909726636997	23.742450731087096	23.745572609208974	26.308066933066932	0.0
245.0	26.232839582558743	23.782628562995086	23.772978710722974	26.211553143723197	0.0
246.0	26.303868391249924	23.625598537680556	23.772625221036737	26.297907850032782	0.0
247.0	26.228544990590592	23.70091993630555	23.786640628769796	26.28389444433406	0.0
248.0	26.32240776853358	23.72712486481423	23.745575415918	26.204891950734186	0.0
249.0	26.36250610289192	23.759267880054047	23.628126667650697	26.25009934940334	0.0
