# Position (bp)	A	C	G	T	N
0.0	26.260840425470448	23.59240578001953	23.80213659658306	26.344617197926958	0.0
1.0	26.32295079125717	23.689760167322437	23.75418161648727	26.233107424933124	0.0
2.0	26.308111402877802	23.63454633168384	23.733920333249557	26.3234219321888	0.0
3.0	26.222087413698468	23.63954126585204	23.726781639079064	26.411589681370423	0.0
4.0	26.33544786466999	23.78443335182104	23.654730541689776	26.225388241819193	0.0
5.0	26.317613823463144	23.756910865006326	23.782330138592812	26.143145172937714	0.0
6.0	26.379669907511712	23.721425971820246	23.621485473966366	26.277418646701673	0.0
7.0	26.291390345911225	23.742114749173926	23.760889155902674	26.20560574901218	0.0
8.0	26.28689106989157	23.877743182120142	23.61461721092247	26.220748537065813	0.0
9.0	26.3430456231154	23.690747137724273	23.719918666312374	26.24628857284795	0.0
10.0	26.23628833345849	23.71259076126826	23.831872873572514	26.219248031700737	0.0
11.0	26.20971701546335	23.752736556934824	23.605150214592275	26.432396213009547	0.0
12.0	26.17448113725241	23.932959409423578	23.627100433805648	26.265459019518367	0.0
13.0	26.30127253507703	23.838804521745157	23.675910789688018	26.184012153489792	0.0
14.0	26.347194704220794	23.69266227277191	23.739450897937257	26.220692125070038	0.0
15.0	26.244664075000436	23.610637769395616	23.72529878291811	26.41939937268584	0.0
16.0	26.343440061460615	23.72934224435215	23.691506998076466	26.235710696110772	0.0
17.0	26.29462970557824	23.771509770735737	23.61525886817738	26.31860165550864	0.0
18.0	26.261415558084323	23.79403762729683	23.748981914174642	26.1955649004442	0.0
19.0	26.163794846319583	23.67764370173118	23.881260866802602	26.277300585146634	0.0
20.0	26.24141127949191	23.737360609290114	23.693749115495365	26.327478995722608	0.0
21.0	26.253830446599025	23.64378362922721	23.70645710044218	26.395928823731584	0.0
22.0	26.28300104840876	23.74140405904592	23.58399833640924	26.391596556136083	0.0
23.0	26.26451670666794	23.624144016127588	23.67208777751784	26.439251499686634	0.0
24.0	26.24227773301101	23.67122132399874	23.707901189640683	26.37859975334956	0.0
25.0	26.271448334820747	23.56204818059202	23.79656826642868	26.36993521815856	0.0
26.0	26.323435545966806	23.687395123021957	23.741115241206217	26.248054089805017	0.0
27.0	26.3182368248522	23.640028997311106	23.71714336051109	26.324590817325603	0.0
28.0	26.225815116148095	23.639451361631707	23.719742721068396	26.414990801151806	0.0
29.0	26.337298802272418	23.780972103084864	23.641184268669907	26.240544825972812	0.0
30.0	26.314193375096394	23.74429223744292	23.79599063074928	26.145523756711402	0.0
31.0	26.37600039279226	23.707901189640683	23.621544655570283	26.29455376199677	0.0
32.0	26.280401687851455	23.721186810266897	23.77952801388636	26.21888348799529	0.0
33.0	26.27520296673685	23.854043016529044	23.622122291249685	26.248631725484415	0.0
34.0	26.350797134935306	23.670575323475045	23.722562384473196	26.25606515711645	0.0
35.0	26.250866451016634	23.68617144177449	23.84617606284658	26.216786044362294	0.0
36.0	26.21505314232902	23.750288817005547	23.595771719038815	26.43888632162662	0.0
37.0	26.17779574861368	23.93513170055453	23.624075785582257	26.262996765249536	0.0
38.0	26.310073937153422	23.839244454713494	23.66970887245841	26.18097273567468	0.0
39.0	26.351952402957483	23.677506931608132	23.742201940850276	26.228338724584106	0.0
40.0	26.249133548983366	23.60530268022181	23.720251848428838	26.425311922365992	0.0
41.0	26.345020794824396	23.731804528650645	23.69541358595194	26.227761090573015	0.0
42.0	26.301698243992604	23.764440850277264	23.614833641404807	26.319027264325324	0.0
43.0	26.265018484288355	23.78321395563771	23.753754621072087	26.198012939001845	0.0
44.0	26.170864140480592	23.682705637707947	23.876501848428834	26.269928373382623	0.0
45.0	26.249346553412217	23.731158355018614	23.68465895142401	26.334836140145157	0.0
46.0	26.26580907518174	23.642491790400328	23.70314318639329	26.388555948024646	0.0
47.0	26.293246611464273	23.73953402398907	23.581262762064572	26.385956602482086	0.0
48.0	26.27678408969475	23.626895717144993	23.66039839302682	26.435921800133432	0.0
49.0	26.25367879598314	23.65924312834124	23.714695833249095	26.372382242426518	0.0
50.0	26.27274066329522	23.576641703322252	23.789499221640416	26.361118411742112	0.0
51.0	26.343500625287007	23.67455038542518	23.731735987361404	26.250213001926404	0.0
52.0	26.316063089004484	23.617942415831745	23.725093215419317	26.340901279744454	0.0
53.0	26.236638641870837	23.64191415805754	23.71787281113444	26.403574388937184	0.0
54.0	26.345811154658172	23.771881435185318	23.63758191548661	26.244725494669897	0.0
55.0	26.31433019197611	23.74126692101744	23.78834395695484	26.15605893005161	0.0
56.0	26.37093816156954	23.704876083421663	23.617075967317565	26.30710978769123	0.0
57.0	26.276495273523352	23.72278268604816	23.763794582386257	26.23692745804223	0.0
58.0	26.265520259010344	23.857082205746863	23.634982569944057	26.24241496529874	0.0
59.0	26.337070603797347	23.673326748343644	23.731378631130827	26.25822401672818	0.0
60.0	26.23454115907371	23.690655668578625	23.838240305913207	26.23656286643446	0.0
61.0	26.231364190363966	23.71982601764084	23.593324899925484	26.45548489206971	0.0
62.0	26.185153736404015	23.92979476782135	23.60718803611347	26.27786345966116	0.0
63.0	26.292015411186398	23.83333044517996	23.67534845570439	26.199305687929254	0.0
64.0	26.360753461451818	23.678525424414136	23.73224507714258	26.228476036991466	0.0
65.0	26.261400985437934	23.602278175380224	23.7114503728606	26.42487046632124	0.0
66.0	26.356421231393075	23.744086505969815	23.685168177170883	26.214324085466234	0.0
67.0	26.31483182282912	23.754772673448052	23.61643012690546	26.31396537681737	0.0
68.0	26.266888476845672	23.794918005325755	23.745241767318813	26.192951750509756	0.0
69.0	26.171290600216036	23.671016225645648	23.882140237175157	26.275552936963166	0.0
70.0	26.263346840224926	23.733042978486207	23.683655698454555	26.319954482834312	0.0
71.0	26.277209936374163	23.652463732118772	23.694630649572698	26.375695681934364	0.0
72.0	26.299159838610453	23.739108083051498	23.56495293767672	26.396779140661327	0.0
73.0	26.290495403517184	23.613473774199043	23.672680747336408	26.423350074947365	0.0
74.0	26.256415292150308	23.66834852978977	23.708782560225046	26.36645361783487	0.0
75.0	26.2783651943866	23.564375308670503	23.789939435598697	26.367320061344202	0.0
76.0	26.356922739232274	23.657662393174736	23.737375196032843	26.248039671560147	0.0
77.0	26.334684022492873	23.61376258870215	23.708782560225046	26.342770828579926	0.0
78.0	26.233887760907805	23.657951207677844	23.703583899169082	26.404577132245272	0.0
79.0	26.36067732777269	23.762213243300227	23.626470426838956	26.25063900208813	0.0
80.0	26.306091386685075	23.740263341063937	23.796293354667096	26.15735191758389	0.0
81.0	26.37107464988462	23.70069575413799	23.622715838298536	26.305513757678856	0.0
82.0	26.284430298951893	23.70964900373437	23.774632266933917	26.231288430379816	0.0
83.0	26.287896072989202	23.85145692476093	23.64033352298819	26.220313479261677	0.0
84.0	26.329986945622164	23.676655768764224	23.728931042848394	26.264426242765214	0.0
85.0	26.238144198888648	23.686186619840342	23.838102609720313	26.237566571550698	0.0
86.0	26.21503910537078	23.726909347165584	23.604163537851917	26.45388800961172	0.0
87.0	26.17604926005938	23.922725014729497	23.63448897309412	26.266736752117005	0.0
88.0	26.290130659303845	23.821062603250887	23.681854414805745	26.206952322639527	0.0
89.0	26.351936784464137	23.68156560113677	23.74048358960733	26.226014024791766	0.0
90.0	26.258072342047807	23.60358591051397	23.715934427744596	26.422407319693626	0.0
91.0	26.364355772229985	23.727486974503528	23.692251706888783	26.215905546377698	0.0
92.0	26.31670151684939	23.75290257737318	23.602141842169104	26.328254063608327	0.0
93.0	26.26731437945495	23.795358186712264	23.738173080255542	26.19915435357725	0.0
94.0	26.180959092431927	23.663081526322475	23.890089070135513	26.265870311110085	0.0
95.0	26.258574131034386	23.7317506389984	23.682652457075193	26.32702277289203	0.0
96.0	26.28861066585799	23.641641034527574	23.704602232523214	26.36514606709122	0.0
97.0	26.30536181027885	23.733194703172607	23.570881889991192	26.390561596557347	0.0
98.0	26.29352048405031	23.612759751043335	23.67629857470866	26.417421190197693	0.0
99.0	26.2579965053647	23.667056563993704	23.71413305607301	26.360813874568585	0.0
100.0	26.288033040188306	23.55124261722191	23.790957270141085	26.369767072448703	0.0
101.0	26.362835564412485	23.667056563993704	23.742436713887567	26.22767115770625	0.0
102.0	26.33742003494635	23.61564787939176	23.714421868907852	26.332510216754034	0.0
103.0	26.2389348582651	23.653771173590954	23.70344698118384	26.4038469869601	0.0
104.0	26.367167756935117	23.764097676500747	23.619980071914394	26.248754494649738	0.0
105.0	26.307961125792428	23.74301433955725	23.80250978353478	26.14651475111554	0.0
106.0	26.358214559055003	23.70171410417479	23.636442403500414	26.303628933269795	0.0
107.0	26.278791029473346	23.707490360871635	23.78922439313203	26.22449421652298	0.0
108.0	26.293231671215466	23.84814221143988	23.6520382965819	26.206587820762756	0.0
109.0	26.3460083293381	23.68951554675	23.714353378811595	26.250122745100303	0.0
110.0	26.233082837058046	23.68113999872923	23.852405515153965	26.23337164905876	0.0
111.0	26.23106115305303	23.711176446803716	23.60316075853584	26.45460164160741	0.0
112.0	26.180519052927686	23.915944155311543	23.631753146606748	26.271783645154024	0.0
113.0	26.31423900925931	23.81803688706873	23.679118314724214	26.188605788947743	0.0
114.0	26.362759425379643	23.674208510712035	23.74034645887606	26.222685605032257	0.0
115.0	26.266296217140418	23.608359374548733	23.70106802677865	26.42427638153221	0.0
116.0	26.362470613378925	23.725039422838098	23.69789109477077	26.214598869012207	0.0
117.0	26.322036933278653	23.75016606690041	23.599117390525812	26.328679609295126	0.0
118.0	26.27438295316047	23.78395707098421	23.742656954881788	26.199003020973528	0.0
119.0	26.185140044939146	23.6629448426841	23.88042027922344	26.27149483315331	0.0
120.0	26.246732804805845	23.73954858553914	23.682941269910035	26.330777339744976	0.0
121.0	26.28861066585799	23.637308842004938	23.70286935551416	26.371211136622914	0.0
122.0	26.310560441306013	23.74301433955725	23.5668385103034	26.37958670883334	0.0
123.0	26.291787607041258	23.626333954280927	23.675720949038976	26.406157489638836	0.0
124.0	26.259151756704068	23.64712847838958	23.71962049993502	26.374099264971335	0.0
125.0	26.294964548224524	23.548065676038643	23.79759996534246	26.359369810394373	0.0
126.0	26.361969125907958	23.667056563993704	23.74301433955725	26.227959970541093	0.0
127.0	26.344929168652254	23.606694681511648	23.714999494577537	26.33337665525856	0.0
128.0	26.24933212031943	23.641929847362416	23.697670724486997	26.41106730783116	0.0
129.0	26.35186067668847	23.76496411500527	23.622579387427976	26.26059582087828	0.0
130.0	26.306228248783377	23.745902467905676	23.806553163222574	26.141316120088376	0.0
131.0	26.35792574622016	23.705757483862584	23.631821398142932	26.304495371774323	0.0
132.0	26.28976591719736	23.69449378330373	23.786047451948765	26.229692847550147	0.0
133.0	26.29236523271094	23.851319152623145	23.65810336611359	26.198212248552327	0.0
134.0	26.350781529788243	23.69109645221289	23.713912732061786	26.244209285937085	0.0
135.0	26.238144198888648	23.679543905453958	23.859186007555365	26.223125888102032	0.0
136.0	26.255761832696017	23.69802798026825	23.60965099756241	26.436559189473318	0.0
137.0	26.185580111135497	23.919259250701817	23.627846258707734	26.26731437945495	0.0
138.0	26.321611349221936	23.81615277087834	23.68387611048856	26.17835976941117	0.0
139.0	26.370132045609456	23.66048220330172	23.742505285290143	26.226880465798686	0.0
140.0	26.27164658448955	23.620914730652373	23.697450352930304	26.409988331927774	0.0
141.0	26.38890493409272	23.71968900544125	23.68329848315061	26.20810757731542	0.0
142.0	26.318723212532202	23.748859186007557	23.61456082993496	26.317856771525282	0.0
143.0	26.271935398158526	23.789870727001766	23.74857037233858	26.189623502501124	0.0
144.0	26.197999098901352	23.657594066611985	23.88026940539042	26.264137429096245	0.0
145.0	26.244573897522837	23.746039631126116	23.67845703739859	26.330929433952456	0.0
146.0	26.29136184702651	23.64928677258457	23.704161528175298	26.355189852213616	0.0
147.0	26.32544195839338	23.739685712057717	23.563797679664283	26.37107464988462	0.0
148.0	26.295405250070036	23.60856392764619	23.68741028699497	26.4086205352888	0.0
149.0	26.2561264776472	23.64293285351617	23.724089728889826	26.3768509399468	0.0
150.0	26.29453880656071	23.546757623980845	23.80178083022617	26.356922739232274	0.0
151.0	26.37425160941882	23.6723919328333	23.724667357896045	26.228689099851838	0.0
152.0	26.351724078176307	23.616361919230137	23.70069575413799	26.331218248455563	0.0
153.0	26.251794260100564	23.639467079478862	23.703006270162863	26.405732390257707	0.0
154.0	26.341904385070603	23.754992880722497	23.629069757366935	26.27403297683997	0.0
155.0	26.307535459200622	23.742573857088807	23.80784593479146	26.142044748919112	0.0
156.0	26.358655626250926	23.704450342678406	23.64004470848508	26.29684932258558	0.0
157.0	26.302047983641547	23.695208278578917	23.785607218052064	26.217136519727475	0.0
158.0	26.30031509662289	23.835860941593044	23.65275254662188	26.211071415162184	0.0
159.0	26.34457980256584	23.69383263728837	23.725024693711337	26.23656286643446	0.0
160.0	26.240317465818702	23.690944483915874	23.85961264086968	26.20912540939574	0.0
161.0	26.258801647402684	23.698164867347117	23.620473541626954	26.42255994362325	0.0
162.0	26.182554398368772	23.907555986853126	23.644445214618678	26.265444400159428	0.0
163.0	26.308766700746876	23.82466598506247	23.688345145880625	26.17822216831003	0.0
164.0	26.3769271203378	23.65282085939892	23.752173335412806	26.218078684850482	0.0
165.0	26.27064307622992	23.620762356964203	23.69700960599812	26.41158496080776	0.0
166.0	26.391079071863032	23.715493787582094	23.68459054649638	26.208836594058493	0.0
167.0	26.323496282946614	23.742642429283563	23.614697234881962	26.319164052887867	0.0
168.0	26.280173982359162	23.776145008404526	23.748996366703057	26.194684642533257	0.0
169.0	26.195839903882256	23.670727410308398	23.87665274576741	26.256779940041934	0.0
170.0	26.24963536958361	23.747909692959528	23.68321487056703	26.319240066889826	0.0
171.0	26.28804792037916	23.648556929999625	23.70978595833538	26.353609191285837	0.0
172.0	26.326171655003307	23.740400472503257	23.566533137323425	26.36689473517001	0.0
173.0	26.30970913323379	23.60263515874781	23.68870237782354	26.398953330194864	0.0
174.0	26.253101163640352	23.63960362868638	23.740111656331862	26.367183551341405	0.0
175.0	26.30768742003402	23.54920416703972	23.79527554506832	26.34783286785794	0.0
176.0	26.376136852654653	23.671951039882625	23.734046516732565	26.217865590730156	0.0
177.0	26.345233522315382	23.606967401318734	23.71325175239212	26.334547323973762	0.0
178.0	26.2562781415257	23.638448364000798	23.71382938473491	26.391444109738593	0.0
179.0	26.349276948714913	23.744155082731393	23.641047709543354	26.265520259010344	0.0
180.0	26.302777545120303	23.73433533290396	23.826178875407592	26.13670824656814	0.0
181.0	26.35880788237095	23.7028543702219	23.642780606571723	26.29555714083543	0.0
182.0	26.290936082093108	23.705453715764452	23.793253831868554	26.210356370273885	0.0
183.0	26.310286765576578	23.846107191233852	23.642202974228933	26.201403068960637	0.0
184.0	26.349641866913124	23.685304990757857	23.72660582255083	26.238447319778192	0.0
185.0	26.246245378927913	23.686460258780038	23.84617606284658	26.22111829944547	0.0
186.0	26.237306345960558	23.68760036506891	23.63272450005199	26.44236878891854	0.0
187.0	26.201781443870654	23.88284291639229	23.64427731373976	26.271098325997293	0.0
188.0	26.306121564833134	23.81763830924083	23.671783615174665	26.204456510751367	0.0
189.0	26.3690845812815	23.65589845047439	23.751209438676042	26.223807529568067	0.0
190.0	26.28330469190001	23.617774055193728	23.69200109752047	26.406920155385794	0.0
191.0	26.406631334209425	23.708463904573485	23.6816035351712	26.203301226045895	0.0
192.0	26.32605022600257	23.73243606221208	23.625283405779314	26.316230306006037	0.0
193.0	26.27182772344715	23.76600795993461	23.768896180040088	26.19326813657815	0.0
194.0	26.1874916963672	23.67531784862261	23.87951501007989	26.257675444930307	0.0
195.0	26.250241889132464	23.753079573581953	23.68231797662268	26.31436056066291	0.0
196.0	26.28807768179232	23.670476239988677	23.697047941703996	26.344398136515007	0.0
197.0	26.308584103768272	23.76954247573166	23.572854118469355	26.34901930203071	0.0
198.0	26.301941178339444	23.599714643029404	23.708889678337997	26.38945450029315	0.0
199.0	26.259484220163877	23.6306186874157	23.73661667143224	26.373280420988177	0.0
200.0	26.313782914973444	23.55032593658028	23.789182429173415	26.34670871927286	0.0
201.0	26.374146889522375	23.667876834386092	23.746725470997852	26.211250805093677	0.0
202.0	26.358839278751596	23.60895697406082	23.710333792561656	26.32186995462593	0.0
203.0	26.270459488263683	23.651702755081118	23.697047941703996	26.380789814951207	0.0
204.0	26.373280420988177	23.743259596861073	23.634662207241945	26.248797774908805	0.0
205.0	26.30627352101042	23.727951986090293	23.82788469036747	26.137889802531824	0.0
206.0	26.36490455849096	23.703979689977558	23.64043866413658	26.290677087394904	0.0
207.0	26.295587075755343	23.68867207920678	23.801890634341614	26.213850210696265	0.0
208.0	26.32995699427842	23.85243463216967	23.630041041726237	26.18756733182568	0.0
209.0	26.35429423045819	23.701448739573465	23.735818757365003	26.208438272603342	0.0
210.0	26.241075348321356	23.701737563252387	23.846727050070474	26.210460038355787	0.0
211.0	26.23400629639257	23.695520318863185	23.638332900095314	26.43214048464893	0.0
212.0	26.18923836755914	23.917049360251855	23.647864136556624	26.245848135632382	0.0
213.0	26.298201479367698	23.84346776266575	23.68490218901363	26.173428568952918	0.0
214.0	26.358854977486	23.67479327266058	23.751043384580726	26.215308365272694	0.0
215.0	26.275384211027962	23.615872731631377	23.70656415262731	26.402178904713352	0.0
216.0	26.37416276510633	23.731403204237658	23.686057493739693	26.208376536916315	0.0
217.0	26.31148748371742	23.74266742531677	23.621360429080177	26.324484661885634	0.0
218.0	26.261307577665583	23.77768406945712	23.772774010189817	26.188234342687476	0.0
219.0	26.176970089074253	23.67659461395381	23.885416546322077	26.26101875064986	0.0
220.0	26.242031961689875	23.748003477487316	23.69630329234866	26.313661268474153	0.0
221.0	26.283623172080745	23.661932778206204	23.706123439246507	26.34832061046654	0.0
222.0	26.299508703827257	23.761289558584398	23.584526914423197	26.354674823165148	0.0
223.0	26.3093288507251	23.598968306920025	23.709011717745874	26.382691124608996	0.0
224.0	26.24983031363816	23.64720255785944	23.727207872291878	26.375759256210518	0.0
225.0	26.300952843076942	23.55188936738036	23.806635531024444	26.340522258518256	0.0
226.0	26.367672076412298	23.66915347445462	23.754357690185916	26.20881675894716	0.0
227.0	26.342832881317747	23.61658680576616	23.724897249492386	26.315683063423705	0.0
228.0	26.25502921493702	23.65586739335754	23.717965381093904	26.371138010611535	0.0
229.0	26.35207537251572	23.749736444586933	23.648646697109122	26.249541485788225	0.0
230.0	26.302974638026498	23.734717396390227	23.821654579221146	26.14065338636213	0.0
231.0	26.360740208013816	23.6997692265479	23.652112631308363	26.287377934129918	0.0
232.0	26.29228800757884	23.68532783405107	23.807502014574254	26.21488214379583	0.0
233.0	26.320881964722563	23.852559159164365	23.630450542563118	26.196108333549954	0.0
234.0	26.346663739869335	23.710235510909058	23.729009375379086	26.214091373842518	0.0
235.0	26.24759550120442	23.69348344722811	23.85262805219712	26.20629299937035	0.0
236.0	26.251790748186142	23.70344054716022	23.632677110772214	26.41209159388142	0.0
237.0	26.191438969441393	23.920339668418926	23.63814915371729	26.25007220842239	0.0
238.0	26.299249896741657	23.845022947902915	23.67201106813895	26.183716087216474	0.0
239.0	26.36365999555195	23.680964938377155	23.766171122901977	26.18920394316892	0.0
240.0	26.271475281041674	23.604323362563978	23.73199080332282	26.39221055307153	0.0
241.0	26.364878409488075	23.723942311302906	23.715276875128176	26.195902404080844	0.0
242.0	26.299339967359437	23.71900229639365	23.64649980502318	26.335157931223733	0.0
243.0	26.248819279753427	23.767212518089934	23.792921166883794	26.191047035272845	0.0
244.0	26.175613335220593	23.666521270664767	23.89501445775476	26.262850936359882	0.0
245.0	26.24157933050622	23.757842922015644	23.698046058028957	26.302531689449175	0.0
246.0	26.273612567562495	23.671644119354866	23.71295437672066	26.341788936361983	0.0
247.0	26.312505236154166	23.783262217933792	23.578727202868112	26.325505343043933	0.0
248.0	26.293240424560732	23.608535126796205	23.722071033610096	26.376153415032967	0.0
249.0	26.222461042450295	23.64724711537906	23.768583198996954	26.361708643173692	0.0
