# Position (bp)	A	C	G	T	N
0.0	26.228068474288897	23.87236011336656	23.61166135203198	26.287910060312562	0.0
1.0	26.297052524843956	23.675935648131475	23.709180973700178	26.31783085332439	0.0
2.0	26.291469982049065	23.784987700285885	23.733461870886245	26.190080446778808	0.0
3.0	26.36173000584499	23.63397628208857	23.800738518475427	26.20355519359101	0.0
4.0	26.190713624855267	23.802915219306264	23.694051556501073	26.312319599337396	0.0
5.0	26.17933021245949	23.788537713636742	23.736461593861666	26.295670480042105	0.0
6.0	26.242839890534807	23.688744363318083	23.725029637590435	26.343386108556675	0.0
7.0	26.30688223448956	23.712922159038975	23.612099791984622	26.368095814486846	0.0
8.0	26.248469707125487	23.7426670581262	23.706937143047067	26.301926091701244	0.0
9.0	26.325177401217577	23.73631060862051	23.696980440165518	26.2415315499964	0.0
10.0	26.2517518155179	23.676790729364583	23.777329706913648	26.29412774820387	0.0
11.0	26.173924122153476	23.798379189816483	23.715289125726347	26.3124075623037	0.0
12.0	26.304929456535586	23.664881153511665	23.829122513529832	26.201066876422917	0.0
13.0	26.29412774820387	23.780376342596952	23.61364228065608	26.311853628543098	0.0
14.0	26.198851141380512	23.792562885330174	23.738277376791284	26.270308596498033	0.0
15.0	26.27584793410404	23.69811717914772	23.739385244312487	26.286649642435755	0.0
16.0	26.351940840038225	23.681433576601904	23.63601113403775	26.330614449322127	0.0
17.0	26.264142582155074	23.80856102255889	23.628810015094654	26.29848638019138	0.0
18.0	26.165542645857283	23.739596460373075	23.795543615238675	26.29931727853097	0.0
19.0	26.233676309703508	23.636565066264144	23.984434504438383	26.145324119593965	0.0
20.0	26.32694097314544	23.789661437560934	23.671397234777984	26.21200035451564	0.0
21.0	26.19870601790304	23.760303110874766	23.69383142781175	26.34715944341044	0.0
22.0	26.234157582203316	23.647024284321546	23.823451209784633	26.295366923690505	0.0
23.0	26.2081228396703	23.86804263050607	23.76279579898963	26.161038730833997	0.0
24.0	26.412800230435167	23.723189754497916	23.658379863511477	26.205630151555436	0.0
25.0	26.20950766640078	23.869150491890455	23.614619338828327	26.30672250288044	0.0
26.0	26.29869050784366	23.669181512009217	23.709064521847026	26.3230634583001	0.0
27.0	26.29730568111318	23.800463086058674	23.730113888150314	26.172117344677837	0.0
28.0	26.34577461667996	23.641208012053532	23.800186120712578	26.21283125055393	0.0
29.0	26.174610032792696	23.815973145440044	23.692169635735176	26.317247186032084	0.0
30.0	26.167962864486395	23.80821811574936	23.72595940795888	26.297859611805368	0.0
31.0	26.236927235664275	23.685522467428875	23.714326863422848	26.363223433484002	0.0
32.0	26.305614641496057	23.713219002038464	23.612403616059556	26.36876274040592	0.0
33.0	26.244959230701053	23.735930160418327	23.72374368519011	26.295366923690505	0.0
34.0	26.30672250288044	23.737868917841	23.708233625808738	26.24717495346982	0.0
35.0	26.25188336435345	23.675551714969423	23.77581317025614	26.296751750420988	0.0
36.0	26.18236506248338	23.79797039794381	23.724851546574495	26.294812992998317	0.0
37.0	26.31281574049455	23.6636422050873	23.82095852166977	26.20258353274838	0.0
38.0	26.289550651422495	23.765011521758396	23.627359744748738	26.31807808207037	0.0
39.0	26.203137463440573	23.79381591775237	23.74645484356997	26.25659177523708	0.0
40.0	26.276256314809892	23.703525214925108	23.741469467340245	26.278749002924755	0.0
41.0	26.34487075447921	23.690719193922288	23.645297002966288	26.319113048632207	0.0
42.0	26.26732067235921	23.805936458786288	23.633387526069292	26.293355342785212	0.0
43.0	26.168721282235214	23.738634066089286	23.785718044519285	26.30692660715621	0.0
44.0	26.237685462406212	23.62951002196329	23.98513254139928	26.14767197423122	0.0
45.0	26.328456923818333	23.783159492380726	23.671820039993573	26.216563543807364	0.0
46.0	26.199945715092866	23.757678821685158	23.693700181134332	26.34867528208764	0.0
47.0	26.237058865888585	23.64412365880274	23.832459050900408	26.286358424408267	0.0
48.0	26.203546244647676	23.869849165508032	23.770973084656756	26.155631505187532	0.0
49.0	26.418470162688546	23.72084263470135	23.657140957962433	26.203546244647676	0.0
50.0	26.207146774202485	23.861540251150785	23.6128267480571	26.318486226589634	0.0
51.0	26.296606085448875	23.668496474250674	23.713918539403643	26.320978900896808	0.0
52.0	26.3040841083704	23.78703698574744	23.738014391039666	26.17086451484249	0.0
53.0	26.357815087880613	23.64052312924793	23.800331248719043	26.201330534152405	0.0
54.0	26.17308022533776	23.819718715552625	23.694531072570058	26.31266998653956	0.0
55.0	26.19025198167607	23.795068936292786	23.721950489948984	26.29272859208216	0.0
56.0	26.23595101064095	23.685114302965175	23.70616355267021	26.372771133723667	0.0
57.0	26.311008203668106	23.713087647967917	23.61254978424519	26.363354364118784	0.0
58.0	26.256723296534073	23.731090295741957	23.72222745376089	26.289958953963076	0.0
59.0	26.315439624658644	23.736629571980124	23.700070348808225	26.247860454553006	0.0
60.0	26.253399730791177	23.68095984578655	23.7723579037163	26.293282519705976	0.0
61.0	26.181666103506917	23.798669465847592	23.738014391039666	26.281650039605825	0.0
62.0	26.314885697034825	23.658525777021975	23.825534955602702	26.2010535703405	0.0
63.0	26.28552753297254	23.765156844606683	23.63304510632641	26.316270516094363	0.0
64.0	26.207146774202485	23.79728464678805	23.742445812030198	26.253122766979264	0.0
65.0	26.27915736529865	23.69563892781769	23.756294002625616	26.268909704258043	0.0
66.0	26.343616971187533	23.695573299654626	23.636580171107767	26.32422955805007	0.0
67.0	26.26717517081696	23.804419776269253	23.632979651525098	26.295425401388695	0.0
68.0	26.172730772533022	23.740441312915618	23.780877917459474	26.305949997091886	0.0
69.0	26.24667990550021	23.621347203642618	23.986384496716603	26.145588394140567	0.0
70.0	26.32609538580845	23.778873317454163	23.676674236968925	26.21835705976846	0.0
71.0	26.198969700326813	23.75948595801252	23.695507671855093	26.34603666980557	0.0
72.0	26.23968315515427	23.650639782861575	23.822356395058993	26.28732066692516	0.0
73.0	26.208109455492163	23.864731623552874	23.770287486844293	26.156871434110673	0.0
74.0	26.41804686201739	23.71821857862959	23.65977953802692	26.2039550213261	0.0
75.0	26.217803135212986	23.855868830665266	23.615742535866616	26.31058549825514	0.0
76.0	26.298399158034673	23.658117764360494	23.71184844624162	26.331634631363208	0.0
77.0	26.304769290422648	23.77804243062095	23.7395446740154	26.177643604941007	0.0
78.0	26.353237689026756	23.643992688195866	23.81404752672686	26.188722096050515	0.0
79.0	26.173212208497205	23.82872652744696	23.691630199966767	26.306431064089068	0.0
80.0	26.186783360106354	23.78662826123082	23.72320389962887	26.30338447903395	0.0
81.0	26.231097324544393	23.683875256190106	23.71960339001828	26.365424029247215	0.0
82.0	26.30532321497812	23.710463634852932	23.621558743699108	26.362654406469836	0.0
83.0	26.25685481637401	23.726250484683987	23.722649975073395	26.29424472386861	0.0
84.0	26.31141638508835	23.73068188112779	23.710186672575194	26.247715061208666	0.0
85.0	26.26211709965103	23.677782086079876	23.77278014734393	26.28732066692516	0.0
86.0	26.188999058328257	23.805738658394727	23.725419597850774	26.279842685426246	0.0
87.0	26.317509555198583	23.652301556528002	23.821802470503517	26.2083864177699	0.0
88.0	26.285381930981	23.763917354456325	23.6398382540298	26.310862460532874	0.0
89.0	26.20921730460311	23.804907771561513	23.735390239849334	26.25048468398604	0.0
90.0	26.266271533817093	23.702431728798537	23.759762920290257	26.271533817094113	0.0
91.0	26.344578893871116	23.69488812139777	23.634510512074137	26.326022472656973	0.0
92.0	26.26342917124807	23.81370460947042	23.63395658905282	26.288909630228684	0.0
93.0	26.173970603305257	23.73864804008187	23.78074618970202	26.30663516691085	0.0
94.0	26.247365403629857	23.614015360285382	24.000376667654496	26.138242568430265	0.0
95.0	26.32678044214013	23.7779107189347	23.684021026859654	26.21128781206552	0.0
96.0	26.201040264552905	23.74910680160194	23.705070043372054	26.344782890473105	0.0
97.0	26.240368690141857	23.650785737629548	23.83136414244645	26.27748142978214	0.0
98.0	26.210733890578346	23.86238374572788	23.766555328447748	26.160327035246024	0.0
99.0	26.420670134215175	23.711440140474487	23.661033285142164	26.20685644016817	0.0
100.0	26.225412809988313	23.847427865574332	23.616996526912278	26.310162797525077	0.0
101.0	26.30296181819189	23.661587206629335	23.711717101218074	26.323733873960702	0.0
102.0	26.303238778935473	23.779295522652617	23.743290625986674	26.174175072425232	0.0
103.0	26.352814752037045	23.638045543424674	23.818070026754405	26.191069677783872	0.0
104.0	26.172236347220146	23.822501398651756	23.69454553511585	26.310716719012245	0.0
105.0	26.18968487406595	23.785111698267887	23.728334745833127	26.296868681833036	0.0
106.0	26.24064565088544	23.68568279132116	23.721133766499936	26.35253779129346	0.0
107.0	26.302130935961138	23.71088621898732	23.630567603347902	26.35641524170364	0.0
108.0	26.250616237654473	23.733043078474054	23.725565138397283	26.290775545474183	0.0
109.0	26.322349070242783	23.724457295422948	23.7042391611413	26.24895447319297	0.0
110.0	26.270834371936118	23.671834754141948	23.77015581811434	26.287175055807587	0.0
111.0	26.18663830588652	23.79591316726767	23.730827392525384	26.28662113432042	0.0
112.0	26.324010834704286	23.657709756219152	23.82360924162609	26.194670167450468	0.0
113.0	26.29105250621777	23.75824650614022	23.639153386399013	26.311547601243003	0.0
114.0	26.205748597193836	23.806714636267458	23.747168076396854	26.240368690141857	0.0
115.0	26.27415790085913	23.68789847726983	23.755476898704377	26.28246672316666	0.0
116.0	26.348033445686763	23.687832871271773	23.637703115522775	26.32643056751869	0.0
117.0	26.265776332662167	23.807756541102247	23.644350154959106	26.28211697127648	0.0
118.0	26.186011859426195	23.728822947795813	23.787538462816737	26.297626729961255	0.0
119.0	26.24805089416529	23.615546317401673	24.00052068475585	26.1358821036772	0.0
120.0	26.324841716935044	23.767109249934915	23.692883770654348	26.215165262475697	0.0
121.0	26.201871146783656	23.747998958627605	23.710332297500152	26.339797597088587	0.0
122.0	26.24064565088544	23.653832305808976	23.83136414244645	26.27415790085913	0.0
123.0	26.219873595116628	23.84382737590774	23.76932493588359	26.166974093092044	0.0
124.0	26.41956229124084	23.71614847311542	23.65327838432181	26.21101085132193	0.0
125.0	26.22015055586021	23.85047443375376	23.608410743861167	26.320964266524864	0.0
126.0	26.306008386371317	23.660202402911413	23.71227102270524	26.321518188012032	0.0
127.0	26.303515739679057	23.779295522652617	23.749383762345524	26.1678049753228	0.0
128.0	26.369986318139265	23.633337210783743	23.809484243703295	26.18719222737369	0.0
129.0	26.170297622015052	23.821116594933834	23.701469553705458	26.307116229345652	0.0
130.0	26.194670167450468	23.778187679678283	23.72805778508954	26.29908436778171	0.0
131.0	26.257817216987668	23.6726656363727	23.721687687987107	26.347829458652534	0.0
132.0	26.31210152273017	23.695930338833772	23.63167544632224	26.360292692113816	0.0
133.0	26.250616237654473	23.729719549551046	23.72861170657671	26.29105250621777	0.0
134.0	26.30960887603791	23.730273471038217	23.70756269006431	26.252554962859563	0.0
135.0	26.275819665320636	23.662141128116502	23.777079836703948	26.284959369858917	0.0
136.0	26.19633193191197	23.788712187934483	23.731658274756136	26.28329760539741	0.0
137.0	26.31874858057619	23.65023181614238	23.83136414244645	26.199655460834983	0.0
138.0	26.284959369858917	23.762400917293984	23.64746220870654	26.305177504140566	0.0
139.0	26.21128781206552	23.79231267760108	23.75021464457628	26.246184865757126	0.0
140.0	26.264741235577272	23.69759210329528	23.753815134242874	26.28385152688458	0.0
141.0	26.35399558523352	23.68076308435417	23.638111011712702	26.32713031869961	0.0
142.0	26.275338516206403	23.796256034298914	23.647804664585763	26.28060078490892	0.0
143.0	26.186987794306226	23.735601463464622	23.788778073511125	26.288632668718027	0.0
144.0	26.25456640290699	23.60958397611484	24.008685512974264	26.12716410800391	0.0
145.0	26.32609538580845	23.771672298232982	23.686921841245223	26.215310474713345	0.0
146.0	26.20589375727026	23.74065252312635	23.722926937351133	26.330526782252257	0.0
147.0	26.244114551598074	23.649254971472885	23.830665263391126	26.275965213537916	0.0
148.0	26.215864399268817	23.84645211322218	23.774718883288095	26.162964604220907	0.0
149.0	26.426909654905	23.710463634852932	23.657840802082756	26.204785908159305	0.0
150.0	26.22334238076774	23.84894477372182	23.616573422699826	26.311139422810616	0.0
151.0	26.298399158034673	23.66227219852656	23.722649975073395	26.316678668365366	0.0
152.0	26.307538913200023	23.775826732399047	23.745637844125632	26.1709965102753	0.0
153.0	26.36680884063591	23.641776989973966	23.809339168005316	26.182075001384813	0.0
154.0	26.16711903838697	23.8165401872265	23.714618069019	26.30172270536753	0.0
155.0	26.19232260566111	23.77527280784357	23.73206669251648	26.300337893978842	0.0
156.0	26.256300891818533	23.65728687752728	23.7417603722373	26.344651858416885	0.0
157.0	26.31390904558799	23.69716944552152	23.62875976292029	26.360161745970203	0.0
158.0	26.243560627042594	23.736221126682548	23.72680440923946	26.293413837035395	0.0
159.0	26.309477649144185	23.727635296072673	23.716279842685424	26.24660721209771	0.0
160.0	26.295075610701822	23.65368636791669	23.768902675455603	26.282335345925883	0.0
161.0	26.195646152993962	23.789674846285934	23.73843682490445	26.276242175815657	0.0
162.0	26.32748019719714	23.65368636791669	23.83648147122362	26.182351963662548	0.0
163.0	26.28787459148064	23.75671633523514	23.65202459425026	26.30338447903395	0.0
164.0	26.211433002825014	23.793829280452	23.75477759929098	26.239960117432005	0.0
165.0	26.26433279787293	23.694953747299618	23.766410014955962	26.27430343987149	0.0
166.0	26.353310677756266	23.682279073503224	23.641565505914546	26.322844742825964	0.0
167.0	26.28213117523729	23.787801993579997	23.65209010161774	26.277976729564973	0.0
168.0	26.185194109549965	23.730747606346885	23.789186808804104	26.294871475299054	0.0
169.0	26.26274376209982	23.60722208835675	24.004664057674784	26.125370091868643	0.0
170.0	26.331780489561236	23.779558962825917	23.690099651579523	26.198560896033324	0.0
171.0	26.203269280835766	23.73275207861341	23.732198150989593	26.331780489561236	0.0
172.0	26.240659395443387	23.648832043605182	23.835782616643307	26.27472594430812	0.0
173.0	26.216563543807364	23.845476350060103	23.772911831340117	26.16504827479241	0.0
174.0	26.430933534224415	23.69951642118441	23.665172908507774	26.2043771360834	0.0
175.0	26.230134770590873	23.841044929069568	23.622797445285798	26.306022855053758	0.0
176.0	26.30436107218231	23.663511125636326	23.717519068958453	26.314608733222915	0.0
177.0	26.317101407530092	23.764879880794776	23.757678821685158	26.160339889989974	0.0
178.0	26.374155952783205	23.636091708257396	23.813071584066826	26.176680754892566	0.0
179.0	26.16754094909959	23.82719673847415	23.70727140791784	26.297990904508417	0.0
180.0	26.18748234355699	23.769311301785308	23.74189188440638	26.30131447025132	0.0
181.0	26.251460984107815	23.65769488558625	23.742999739654017	26.34784439065192	0.0
182.0	26.316270516094363	23.703670878363035	23.62085869860244	26.359199906940162	0.0
183.0	26.260323826088882	23.72942851287051	23.724166200444248	26.28608146059636	0.0
184.0	26.308515529360932	23.716134249898907	23.71779603277036	26.257554187969802	0.0
185.0	26.29217466445834	23.655202211279075	23.765433808418592	26.28718931584399	0.0
186.0	26.20243838940004	23.783159492380726	23.733582970049135	26.2808191481701	0.0
187.0	26.313500877975283	23.653540428407624	23.843260639564832	26.189698054052258	0.0
188.0	26.293559483517882	23.764879880794776	23.653263464595717	26.288297171091624	0.0
189.0	26.21379390568828	23.788698768618893	23.753801328318442	26.243705997374384	0.0
190.0	26.261154717524608	23.683452520093727	23.773188795152027	26.282203967229638	0.0
191.0	26.34985611690121	23.67742489413029	23.65055932996729	26.32215965900121	0.0
192.0	26.28560033457321	23.774085532201287	23.65720647986329	26.283107653362208	0.0
193.0	26.191432377713213	23.72312404966529	23.785164115361287	26.30027945726021	0.0
194.0	26.25153369135621	23.60901464311729	24.00756667229828	26.131884993228216	0.0
195.0	26.340789240450235	23.77553620491004	23.684968536736683	26.19870601790304	0.0
196.0	26.213385181246124	23.729836922804218	23.73371443764956	26.3230634583001	0.0
197.0	26.237481166356464	23.65561021005052	23.838130373127715	26.268778250465303	0.0
198.0	26.211169458477357	23.840346095896482	23.78190640787025	26.166578037755915	0.0
199.0	26.4374501462377	23.69798590800319	23.66225737835682	26.20230656740229	0.0
200.0	26.238035097048655	23.845054506780112	23.614896304174422	26.30201409199681	0.0
201.0	26.301183195958522	23.657825932819286	23.73039085349641	26.310600017725783	0.0
202.0	26.311707879110163	23.77110475937251	23.755040769298947	26.162146592218384	0.0
203.0	26.368208809713728	23.645916422937162	23.804340600904013	26.181534166445093	0.0
204.0	26.16353141894886	23.826497828591688	23.71349596738456	26.296474785074892	0.0
205.0	26.19122795355845	23.78218337321634	23.739807675263673	26.286780997961536	0.0
206.0	26.257699636621467	23.659764690241957	23.747562704954355	26.334972968182218	0.0
207.0	26.306999468226532	23.705740937693875	23.62652884871045	26.36073074536914	0.0
208.0	26.264623770273865	23.72097403172915	23.718481343614286	26.295920854382697	0.0
209.0	26.314477532571125	23.718481343614286	23.72014313569086	26.246897988123724	0.0
210.0	26.287903127527336	23.661688621029658	23.760566345014013	26.28984190642899	0.0
211.0	26.207859255730476	23.774691734154636	23.741178555997475	26.276270454117412	0.0
212.0	26.3164308742231	23.64977897920521	23.84808836400297	26.185701782568714	0.0
213.0	26.30922969544553	23.742563398070086	23.65393350542304	26.29427340106134	0.0
214.0	26.211736813533786	23.790201965367867	23.752811229407396	26.24524999169095	0.0
215.0	26.266853528023663	23.686061841507595	23.768598429035155	26.278486201433587	0.0
216.0	26.361372770051876	23.670063232064166	23.65621477298221	26.312349224901745	0.0
217.0	26.28714502937258	23.77725030535852	23.657045680527126	26.278558984741768	0.0
218.0	26.179957956078226	23.73210432875134	23.793037548711954	26.29490016645848	0.0
219.0	26.260555987935223	23.60691425865044	24.013505017296723	26.119024736117613	0.0
220.0	26.344273646309375	23.765960393297327	23.694779116465863	26.19498684392743	0.0
221.0	26.211051100955547	23.735770668882424	23.738817338318793	26.314360891843236	0.0
222.0	26.24179476526797	23.645478465586482	23.85071319761806	26.262013571527486	0.0
223.0	26.21825231962332	23.836310760282508	23.778424040991553	26.167012879102618	0.0
224.0	26.441213128375573	23.690070627336933	23.660157872870794	26.2085583714167	0.0
225.0	26.24705719429442	23.84628167843789	23.609472372247613	26.29718875502008	0.0
226.0	26.312976042099436	23.656003323639386	23.72303005123944	26.30799058302174	0.0
227.0	26.315745741587037	23.765406453399805	23.7626367539122	26.156211051100957	0.0
228.0	26.364492452568893	23.64381664589392	23.810275585099017	26.181415316438166	0.0
229.0	26.163135299819967	23.831602271153578	23.716105802520428	26.28915662650602	0.0
230.0	26.180861376540644	23.78257859022296	23.74075612796012	26.295803905276276	0.0
231.0	26.249272953884507	23.661542722614595	23.750173106217975	26.339011217282927	0.0
232.0	26.322393020357293	23.70447306467248	23.61861238055671	26.354521534413518	0.0
233.0	26.275031159119234	23.715551862622906	23.714720952776624	26.294696025481233	0.0
234.0	26.317407561279598	23.717213682315467	23.708904583852654	26.25647417255228	0.0
235.0	26.304389973687854	23.645478465586482	23.76180584406592	26.288325716659745	0.0
236.0	26.218806259520843	23.759590084475835	23.74712643678161	26.274477219221716	0.0
237.0	26.31685362138208	23.646032405484004	23.85209804736186	26.185015925772053	0.0
238.0	26.311037252458107	23.746295526935327	23.653233624151778	26.289433596454785	0.0
239.0	26.211328070904305	23.79698102755851	23.760144024373357	26.23154687716383	0.0
240.0	26.265555453999063	23.679188582095957	23.774467036147648	26.280788927757325	0.0
241.0	26.35837125629087	23.65644708743377	23.665310395829813	26.31987126044555	0.0
242.0	26.278557025416028	23.7754548073301	23.658013694076978	26.287974473176895	0.0
243.0	26.17001828153565	23.74245194172068	23.792864661237605	26.294665115506067	0.0
244.0	26.2560872238935	23.61039551027418	23.99266486058249	26.14085240524983	0.0
245.0	26.331739585699488	23.759674676033395	23.694299628248668	26.21428611001845	0.0
246.0	26.201979013152794	23.735969062683523	23.726827484570123	26.335224439593556	0.0
247.0	26.264408732917982	23.646250889940966	23.830749157153186	26.258591219987863	0.0
248.0	26.21719111022457	23.841819179175186	23.777545061143528	26.163444649456718	0.0
249.0	26.428852429949522	23.68085684048383	23.664234223751503	26.226056505815144	0.0
