# Position (bp)	A	C	G	T	N
0.0	26.407416858996108	23.678815904967287	23.68891144806544	26.224855787971162	0.0
1.0	26.336748057309034	23.716674191585366	23.623290417927443	26.323287333178165	0.0
2.0	26.368421495413592	23.656396436313262	23.71388430076529	26.26129776750786	0.0
3.0	26.255766022180783	23.67230767073735	23.65015492898504	26.421771378096825	0.0
4.0	26.158837335157827	23.717084140661584	23.83541439423042	26.288664129950174	0.0
5.0	26.209135848855563	23.71669951968237	23.8058653147861	26.268299316675964	0.0
6.0	26.197686221070754	23.735580940204013	23.695204768874458	26.371528069850775	0.0
7.0	26.344343788639634	23.610375118109353	23.690563308015175	26.35471778523584	0.0
8.0	26.29101399865985	23.692584607361844	23.715294229793344	26.301107164184963	0.0
9.0	26.31193823138559	23.6824545959191	23.52349125000701	26.482115922688305	0.0
10.0	26.195962994112698	23.795346229324362	23.699747687132046	26.30894308943089	0.0
11.0	26.26044294925708	23.685730305578918	23.701710120549482	26.352116624614524	0.0
12.0	26.27193720213064	23.664423885618167	23.72021306419961	26.34342584805158	0.0
13.0	26.1914774320157	23.6574151948416	23.78076815250911	26.37033922063359	0.0
14.0	26.345388281469024	23.734510793383794	23.567703952901596	26.352396972245586	0.0
15.0	26.25848051583964	23.696663863190356	23.736473226801234	26.308382394168767	0.0
16.0	26.35407905803196	23.689935520044855	23.68629100084104	26.26969442108214	0.0
17.0	26.306700308382396	23.76703111858705	23.678441267171294	26.247827305859268	0.0
18.0	26.29268292682927	23.72161480235492	23.735912531539107	26.249789739276704	0.0
19.0	26.394729464536027	23.795626576955424	23.546117185309782	26.263526773198762	0.0
20.0	26.223156714325764	23.817493692178303	23.83207176899355	26.127277824502382	0.0
21.0	26.328006728343144	23.71404541631623	23.78497336697505	26.172974488365575	0.0
22.0	26.340622371740956	23.65825623773479	23.705634987384354	26.295486403139893	0.0
23.0	26.210467590502972	23.744536740855786	23.70697026361014	26.338025405031107	0.0
24.0	26.366620783233014	23.725473155387846	23.626230372216504	26.281675689162633	0.0
25.0	26.411756625296817	23.67641245749241	23.689028065522667	26.222802851688108	0.0
26.0	26.35877107156975	23.708371997835723	23.611091642580202	26.321765288014333	0.0
27.0	26.378395350727917	23.659871993630517	23.70584887622967	26.25588377941189	0.0
28.0	26.26345314423004	23.666319971068205	23.651461588277016	26.418765296424734	0.0
29.0	26.163930014213587	23.715380668963643	23.82695871332012	26.293730603502652	0.0
30.0	26.219719036391826	23.717062750034344	23.79668125404751	26.266536959526327	0.0
31.0	26.207664122051806	23.735285294966932	23.69547604296035	26.361574540020914	0.0
32.0	26.353164134667413	23.608007827283917	23.690990493438484	26.347837544610194	0.0
33.0	26.29849649986964	23.670244826899843	23.71397893473806	26.31727973849246	0.0
34.0	26.327578763225322	23.66288947076271	23.517670212109827	26.491861553902137	0.0
35.0	26.195816115412867	23.789325543450836	23.69849342027799	26.31636492085831	0.0
36.0	26.268425744739304	23.678588850076533	23.694568575449534	26.358416829734626	0.0
37.0	26.267304360502603	23.66176808652601	23.71811764442027	26.352809908551116	0.0
38.0	26.186845041519252	23.642984900561252	23.778952739261346	26.39121731865815	0.0
39.0	26.344399526775852	23.71951937471615	23.558881082808618	26.37720001569938	0.0
40.0	26.238989408525885	23.693447191212833	23.750077095166272	26.317486305095013	0.0
41.0	26.358136483675448	23.692606153035307	23.68559750155592	26.263659861733323	0.0
42.0	26.307674193023868	23.76016955329659	23.675224697366428	26.256931556313113	0.0
43.0	26.290573083414166	23.72372456560378	23.730452871023992	26.25524947995806	0.0
44.0	26.38196589870536	23.800539385817853	23.546265510145727	26.27122920533106	0.0
45.0	26.231420064928145	23.815117380894975	23.81736014936838	26.136102404808497	0.0
46.0	26.329260839580375	23.69232580697613	23.783998968326504	26.19441438511699	0.0
47.0	26.357575791557096	23.644947322975483	23.69288649909448	26.30459038637294	0.0
48.0	26.221254096545305	23.732068415460482	23.706556995595776	26.340120492398437	0.0
49.0	26.361987423711042	23.727022200542187	23.620210651438313	26.29077972430846	0.0
50.0	26.416374406719317	23.675158324993063	23.6790831588184	26.229384109469223	0.0
51.0	26.380490211744785	23.712444246333785	23.59554026739332	26.31152527452811	0.0
52.0	26.39843230923205	23.649366559855117	23.698146637398622	26.25405449351421	0.0
53.0	26.26526830444375	23.65805726332551	23.657496572779035	26.419177859451697	0.0
54.0	26.162661934438454	23.716369080159126	23.822339593443285	26.29862939195914	0.0
55.0	26.227982383103033	23.71721011597884	23.786735743741993	26.268071757176138	0.0
56.0	26.211722357255198	23.748608786581553	23.69674491103243	26.342923945130824	0.0
57.0	26.356100172973036	23.611239602694678	23.692820077207088	26.339840147125198	0.0
58.0	26.29862939195914	23.660300025511418	23.720574259257702	26.32049632327174	0.0
59.0	26.32378666905894	23.66724230734727	23.518940073562394	26.4900309500314	0.0
60.0	26.19342648246165	23.78722974791424	23.703967435184353	26.31537633443976	0.0
61.0	26.27893155108998	23.68378263209832	23.693875033641337	26.343410783170363	0.0
62.0	26.272763972369244	23.657430250291558	23.70480846864627	26.36499730869292	0.0
63.0	26.22090024221764	23.618462366556024	23.760597021620168	26.40004036960617	0.0
64.0	26.36079214138333	23.72050775993541	23.55566520139948	26.36303489728178	0.0
65.0	26.257625370054722	23.70929398044317	23.717984659549654	26.315095989952454	0.0
66.0	26.350699739840316	23.705929846595495	23.683221943123712	26.260148470440477	0.0
67.0	26.29435049789181	23.759195299183634	23.682100565174487	26.264353637750066	0.0
68.0	26.275287072755	23.73172153942765	23.738730151610298	26.25426123620705	0.0
69.0	26.3826590113932	23.808255584462188	23.543049699470707	26.2660357046739	0.0
70.0	26.21529335247152	23.824795909213243	23.81021799587333	26.14969274244191	0.0
71.0	26.327431147393916	23.68826814389522	23.795359738046113	26.188940970664753	0.0
72.0	26.34845698394187	23.6453754373374	23.699762267874764	26.306405310845964	0.0
73.0	26.211295047728516	23.741186694887933	23.710348887736366	26.33716936964719	0.0
74.0	26.360437896861555	23.71539507436117	23.638861243885003	26.285305784892277	0.0
75.0	26.40473220167926	23.670540082140704	23.692967578250936	26.2317601379291	0.0
76.0	26.370810613812534	23.710629231437743	23.608864467837567	26.309695686912153	0.0
77.0	26.394639828429657	23.64811258603047	23.71483438695841	26.24241319858146	0.0
78.0	26.280539941968854	23.64979464823874	23.65428014746079	26.41538526233162	0.0
79.0	26.176812772459034	23.708666825528095	23.815197432051697	26.29932296996117	0.0
80.0	26.236525980852527	23.723805385402503	23.773706564247767	26.265962069497206	0.0
81.0	26.21970535876985	23.73081397793695	23.69913513968125	26.350345523611946	0.0
82.0	26.360437896861555	23.610546530045838	23.69128551604267	26.337730057049942	0.0
83.0	26.304649500287354	23.66072805259248	23.71455404325703	26.320068403863132	0.0
84.0	26.32279804657057	23.665427550980358	23.533105694885982	26.47866870756309	0.0
85.0	26.208137794149806	23.78092883214748	23.70916104579121	26.3017723279115	0.0
86.0	26.27261666470427	23.678323325091252	23.689256698793965	26.359803311410516	0.0
87.0	26.28495175298425	23.65000869063038	23.70047041541213	26.364569140973238	0.0
88.0	26.223556654499784	23.61776925535315	23.75738002724933	26.401294062897733	0.0
89.0	26.349710966454165	23.721496134071195	23.55637415686868	26.37241874260596	0.0
90.0	26.270934607211544	23.690378070455782	23.714767904100295	26.323919418232382	0.0
91.0	26.347748566045986	23.70551658789031	23.681967782992157	26.26476706307155	0.0
92.0	26.296726155433326	23.75653899850297	23.685892583808517	26.260842262255192	0.0
93.0	26.281026952167892	23.72598162071846	23.736073965674816	26.25691746143883	0.0
94.0	26.391762403772294	23.791862205850194	23.546562154827786	26.269813235549726	0.0
95.0	26.210380537473437	23.82298026946561	23.82382129821197	26.14281789484898	0.0
96.0	26.33485279193509	23.68533189797761	23.797188721243824	26.182626588843473	0.0
97.0	26.35587851059416	23.64468217523675	23.697386643342135	26.302052670826953	0.0
98.0	26.20385918975518	23.73825016049587	23.72170997485331	26.336180674895644	0.0
99.0	26.3768302836782	23.706851841987962	23.628916729977263	26.287401144356572	0.0
100.0	26.406266207279366	23.66480052255773	23.69760055171331	26.231332718449597	0.0
101.0	26.38075507349169	23.709374921153774	23.599480806376103	26.310389198978434	0.0
102.0	26.40122004894774	23.639289388770056	23.713299710967263	26.246190851314942	0.0
103.0	26.27983190685913	23.650222731821916	23.657231285060288	26.412714076258663	0.0
104.0	26.172180529117732	23.709374921153774	23.815063903988428	26.30338064574006	0.0
105.0	26.230211349931455	23.720588606335173	23.782824559091917	26.266375484641458	0.0
106.0	26.213951506418432	23.73993221327308	23.713019368837728	26.33309691147076	0.0
107.0	26.354122571185872	23.621067150350285	23.696198841065634	26.3286114373982	0.0
108.0	26.314033646662388	23.659193679967032	23.71414073735587	26.312631936014714	0.0
109.0	26.31480090157776	23.65043677181336	23.54671047467396	26.48805185193492	0.0
110.0	26.202384022786145	23.78107583794028	23.725848593247136	26.29069154602644	0.0
111.0	26.27835652690716	23.67510681005192	23.6916469493255	26.35488971371542	0.0
112.0	26.27415140675286	23.64651199300268	23.712111867409757	26.3672247328347	0.0
113.0	26.215560065936284	23.62492570954394	23.763694674635836	26.395819549883935	0.0
114.0	26.361617905962298	23.71771869428216	23.556522421700663	26.364140978054877	0.0
115.0	26.262937753008064	23.699216165603236	23.719400742343876	26.31844533904482	0.0
116.0	26.3546093723718	23.696132410823417	23.68519909842224	26.264059118382544	0.0
117.0	26.29770007961694	23.748275900736736	23.70173923769582	26.252284781950504	0.0
118.0	26.2775155028763	23.725848593247136	23.743229756551575	26.25340614732498	0.0
119.0	26.38628794420086	23.790327102279736	23.564371979322022	26.259012974197383	0.0
120.0	26.235744642676924	23.825089428888617	23.811072361707616	26.128093566726847	0.0
121.0	26.32993933413324	23.681835002298797	23.809390313645896	26.178835349922064	0.0
122.0	26.362178588649538	23.631934243134438	23.708467429942697	26.29741973827332	0.0
123.0	26.210026716604943	23.73825016049587	23.716944158651216	26.334778964247967	0.0
124.0	26.3768302836782	23.703487736433544	23.647138968397034	26.272543011491223	0.0
125.0	26.40122004894774	23.681621050329824	23.694236446158893	26.22292245456355	0.0
126.0	26.36982173043983	23.72283134337145	23.60228422767145	26.305062698517272	0.0
127.0	26.407107233667972	23.62975775636587	23.725915106796332	26.23721990316983	0.0
128.0	26.275346432786574	23.657511627189823	23.66199710126238	26.405144838761224	0.0
129.0	26.179469424485642	23.70965526328331	23.808335692879588	26.302539619351457	0.0
130.0	26.238621613817504	23.708253552635636	23.79291687575517	26.260207957791685	0.0
131.0	26.225725875858895	23.73376468642331	23.69984328874959	26.3406661489682	0.0
132.0	26.359729413776574	23.618263729054938	23.689470629956798	26.33253622721169	0.0
133.0	26.334218279988896	23.646297942008427	23.718345869298894	26.30113790870378	0.0
134.0	26.32307838948602	23.650569376461288	23.53759118153325	26.488761052519443	0.0
135.0	26.20785745123435	23.77784506007749	23.71028241745303	26.30401507123514	0.0
136.0	26.288876553800613	23.675800238852162	23.694022528356687	26.341300678990542	0.0
137.0	26.291679982955152	23.655895891854918	23.718132019085747	26.334292106104186	0.0
138.0	26.226920769485236	23.61776925535315	23.763827914304777	26.39148206085684	0.0
139.0	26.35279473852416	23.72317819156392	23.572073360134116	26.3519537097778	0.0
140.0	26.262524319747914	23.69962938666577	23.711964474945756	26.32588181864056	0.0
141.0	26.367652913043234	23.68561224089306	23.698508015003952	26.24822683105975	0.0
142.0	26.3048560999815	23.754856941010242	23.686733612554878	26.253553346453383	0.0
143.0	26.267290149310636	23.733550879435725	23.743643224392077	26.255515746861562	0.0
144.0	26.393164118349567	23.772238201768403	23.58104433342865	26.253553346453383	0.0
145.0	26.22523871199251	23.825503355704697	23.82017684031107	26.129081091991722	0.0
146.0	26.328124561964195	23.681407097161248	23.801113522060184	26.189354818814376	0.0
147.0	26.36120502598779	23.63290777278767	23.720374762409378	26.285512438815157	0.0
148.0	26.21886432766572	23.73614050826313	23.70810613812534	26.33688902594581	0.0
149.0	26.39099536031174	23.70277960779916	23.63802021278087	26.268204819108227	0.0
150.0	26.41398354382473	23.675586268765507	23.690444484938535	26.21998570247123	0.0
151.0	26.382585049270407	23.70670441961845	23.596249001275563	26.31446152983558	0.0
152.0	26.407535638693037	23.64026296239189	23.724926760208014	26.227274638707055	0.0
153.0	26.28082028567023	23.648392929731852	23.66829733252968	26.402489452068234	0.0
154.0	26.187185489410012	23.717357480270813	23.815477775753074	26.2799792545661	0.0
155.0	26.24157216747733	23.70165823299365	23.789125467823553	26.26764413170547	0.0
156.0	26.23288151273461	23.734178102353486	23.698294108577116	26.334646276334787	0.0
157.0	26.367726833097375	23.60578068712241	23.701938576695028	26.324553903085185	0.0
158.0	26.330721464515495	23.65371946005803	23.719039542479077	26.296519532947393	0.0
159.0	26.32883286983045	23.647337848748542	23.537162465237284	26.486666816183728	0.0
160.0	26.200715439131606	23.778258724320445	23.724432582757693	26.296593253790256	0.0
161.0	26.281174306988426	23.66696196285996	23.688548488382523	26.363315241769087	0.0
162.0	26.279211895577287	23.642291647977036	23.723030860321163	26.355465596124517	0.0
163.0	26.221180586704946	23.617060644119494	23.76508253341706	26.3966762357585	0.0
164.0	26.363875930743696	23.709013635955863	23.568561047815557	26.358549385484885	0.0
165.0	26.25706468108011	23.682941598636404	23.725553960706915	26.33443975957657	0.0
166.0	26.368922131515205	23.68546469902216	23.698080200950926	26.247532968511706	0.0
167.0	26.31173185610478	23.754990131874045	23.680138153763345	26.25313985825783	0.0
168.0	26.28594016327263	23.72415223827039	23.726394994168835	26.26351260428815	0.0
169.0	26.38686417870279	23.76816632277743	23.580335516282407	26.264633982237374	0.0
170.0	26.22061989773033	23.81778729703059	23.832084865883196	26.12950793935588	0.0
171.0	26.33640217098771	23.68406297658563	23.803209383690678	26.176325468735982	0.0
172.0	26.368361442540593	23.64257199246434	23.71349914775276	26.275567417242307	0.0
173.0	26.234430324387514	23.737394975652013	23.700950090131006	26.327224609829464	0.0
174.0	26.395628856499663	23.6863721359226	23.63983482056501	26.278164187012727	0.0
175.0	26.406842667429203	23.678802813545165	23.697025256305665	26.217329262719968	0.0
176.0	26.389180915215178	23.691418350840895	23.604511316136954	26.31488941780697	0.0
177.0	26.414131644533406	23.644600690210062	23.70739803141549	26.23386963384104	0.0
178.0	26.28208902083806	23.64768448821569	23.671513836440962	26.398712654505292	0.0
179.0	26.18621093739049	23.70038939958453	23.816452342705276	26.29694732031971	0.0
180.0	26.242840682584674	23.693100422480327	23.79486575666591	26.26919313826909	0.0
181.0	26.23891584875933	23.723938402536564	23.70739803141549	26.329747717288615	0.0
182.0	26.364510531170186	23.613762710153825	23.70179112595072	26.319935632725265	0.0
183.0	26.341241873491395	23.657496572779035	23.707117686142254	26.294143867587323	0.0
184.0	26.33038222381708	23.644947322975483	23.556638314335217	26.46803213887222	0.0
185.0	26.185443311223374	23.7806348156164	23.721762143189554	26.312159729970674	0.0
186.0	26.282443047698077	23.660086010170957	23.70662345599408	26.350847486136885	0.0
187.0	26.285526854349005	23.646068707212184	23.724845949840486	26.343558488598322	0.0
188.0	26.209553072312463	23.621117907945568	23.775588586551237	26.393740433190732	0.0
189.0	26.367107557569064	23.710548300822534	23.57542150029997	26.346922641308428	0.0
190.0	26.267865052620955	23.674103313129727	23.733256331615745	26.32477530263357	0.0
191.0	26.362622020622258	23.68503680943757	23.695689959686238	26.25665121025394	0.0
192.0	26.32000941962759	23.739704290976782	23.68559750155592	26.254688787839708	0.0
193.0	26.275995088337044	23.726808372254713	23.74951640304792	26.247680136360323	0.0
194.0	26.379442784172785	23.78736312103661	23.576262538477497	26.256931556313113	0.0
195.0	26.22244899103453	23.83221849050468	23.833059528682206	26.112272989778585	0.0
196.0	26.340474681947395	23.679149542194885	23.808669421533942	26.171706354323774	0.0
197.0	26.36935032604247	23.632612096371762	23.721481797130377	26.276555780455396	0.0
198.0	26.23906296870488	23.72771593014878	23.70500783569432	26.328213265452018	0.0
199.0	26.380357778643738	23.680337313324046	23.648938466670966	26.29036644136125	0.0
200.0	26.40560475697861	23.667146065147733	23.705834363619545	26.221414814254114	0.0
201.0	26.39495145739942	23.679481464660483	23.607711867495382	26.31785521044472	0.0
202.0	26.414575956624248	23.6421949161333	23.707516463553098	26.23571266368935	0.0
203.0	26.278606211995054	23.647801915911824	23.67387446488196	26.399717407211163	0.0
204.0	26.168428666347065	23.703871913697057	23.8146101593229	26.313089260632978	0.0
205.0	26.242441063423577	23.691536514184307	23.7910607602531	26.274961662139013	0.0
206.0	26.23795546360076	23.718730463110145	23.70835751351988	26.334956559769218	0.0
207.0	26.35738455888331	23.60322626767256	23.70723611356417	26.332153059879953	0.0
208.0	26.345890209337337	23.659576615446724	23.704712963663837	26.2898202115521	0.0
209.0	26.33784890045193	23.6571047290099	23.541879268388413	26.463167102149754	0.0
210.0	26.19402734011416	23.78971213259619	23.715698698036398	26.30056182925325	0.0
211.0	26.28514236371996	23.673645610218337	23.717380821549124	26.323831204512576	0.0
212.0	26.264823796574056	23.6611623538647	23.73938153578738	26.334632313773866	0.0
213.0	26.2213686955059	23.62163222966722	23.77302419467885	26.383974880148024	0.0
214.0	26.35678039754409	23.720878073397067	23.579578906052877	26.34276262300597	0.0
215.0	26.276038016204545	23.672376573495193	23.731531582046035	26.320053828254224	0.0
216.0	26.372760660517535	23.68611399254254	23.685833637051783	26.25529170988814	0.0
217.0	26.332109114357007	23.736577980879755	23.685272926070258	26.24603997869298	0.0
218.0	26.296784322520956	23.727606605175364	23.73826011382433	26.237348958479352	0.0
219.0	26.392813887767463	23.78941820302337	23.565412909882024	26.252354999327142	0.0
220.0	26.228110999590676	23.834689334596817	23.831605389614392	26.10559427619811	0.0
221.0	26.337318186405895	23.68567135055119	23.81491740588308	26.16209305715984	0.0
222.0	26.380774018458915	23.63857083580985	23.722398537641162	26.258256608090075	0.0
223.0	26.24347109337983	23.741809954497413	23.711811328266275	26.302907623856477	0.0
224.0	26.397108917442097	23.703400498481844	23.645365772969278	26.254124811106784	0.0
225.0	26.396992236673515	23.68781839030832	23.698752652960522	26.216436720057644	0.0
226.0	26.38858126540259	23.68781839030832	23.621371717268005	26.302228627021083	0.0
227.0	26.402599550854134	23.664828402167785	23.72426593248233	26.20830611449575	0.0
228.0	26.269853508095604	23.658232284292424	23.683745706876007	26.388168500735965	0.0
229.0	26.16051026845167	23.706175089367072	23.83093852947361	26.30237611270765	0.0
230.0	26.2207892338964	23.707296558491624	23.79505151748791	26.276862690124066	0.0
231.0	26.22134996845868	23.720193453423985	23.710941333146422	26.34751524497091	0.0
232.0	26.34106679750473	23.604962500876148	23.719913086142846	26.334057615476276	0.0
233.0	26.330132473540335	23.670848811943646	23.714866475082356	26.284152239433656	0.0
234.0	26.32712224608466	23.63474769677633	23.560730527035894	26.477399530103117	0.0
235.0	26.176284225931802	23.772408417770848	23.738483881639816	26.31282347465753	0.0
236.0	26.271609368779338	23.671756281646545	23.72306363794389	26.333570711630227	0.0
237.0	26.249460291470644	23.66699002450417	23.747175291722975	26.336374392302215	0.0
238.0	26.199140947425086	23.614413242418806	23.797214247263593	26.38923156289252	0.0
239.0	26.336802440337344	23.723477032119145	23.59142293199354	26.348297595549973	0.0
240.0	26.25169982195679	23.684793427822406	23.75096381657344	26.312542933647364	0.0
241.0	26.35182687643524	23.692334437132516	23.708877405389643	26.2469612810426	0.0
242.0	26.316335514841548	23.736940392671478	23.70525524767689	26.241468844810083	0.0
243.0	26.290050306493857	23.73939329358915	23.743879937411318	26.226676462505676	0.0
244.0	26.384109971648982	23.809523809523807	23.56331025431785	26.243055964509352	0.0
245.0	26.22754054410284	23.836539189594685	23.82672391309835	26.10919635320413	0.0
246.0	26.33667531374886	23.676084975110427	23.822197293696977	26.165042417443736	0.0
247.0	26.376840859437007	23.63844412846121	23.722020759537692	26.26269425256409	0.0
248.0	26.22277692857844	23.759413257793547	23.713135789311306	26.304674024316704	0.0
249.0	26.384327364007348	23.699392783519613	23.657041888120713	26.259237964352327	0.0
