# Position (bp)	A	C	G	T	N
0.0	26.11171129962715	23.921541484729296	23.804479646587602	26.162267569055953	0.0
1.0	26.074696888081057	24.005801933777306	23.903786604394185	26.015714573747456	0.0
2.0	26.019668145187985	23.801585247687427	24.08475116907503	26.093995438049554	0.0
3.0	26.009400408033073	24.017681433291408	23.863615847089907	26.109302311585616	0.0
4.0	25.970536375179787	24.18051284520163	23.771897623532386	26.0770531560862	0.0
5.0	26.10719454549284	23.866778597197523	23.911610987245336	26.1144158700643	0.0
6.0	26.001480331449823	24.013563687349183	23.85921205447138	26.125743926729612	0.0
7.0	25.928466555948688	23.935242015067274	23.851902664452307	26.284388764531734	0.0
8.0	26.260100964518013	23.788335529522193	23.937255185111646	26.01430832084815	0.0
9.0	26.229305993026536	23.865007235193424	23.880049217365666	26.02563755441437	0.0
10.0	26.06357056477086	23.851897310013296	23.95989386856307	26.124638256652766	0.0
11.0	26.07139204254884	23.899728654886317	23.970121954888125	26.05875734767672	0.0
12.0	26.09094573699379	23.831140311294817	23.96109717283661	26.116816778874792	0.0
13.0	26.030780523317027	23.89611874206571	24.022766516855285	26.05033421776197	0.0
14.0	26.093352345540854	23.91416830616874	23.83956344120956	26.152915907080843	0.0
15.0	25.994079742974208	23.93251869634015	23.839864267277946	26.2335372934077	0.0
16.0	26.10418208400267	23.89190717710834	23.902436089501773	26.101474649387217	0.0
17.0	26.156224993833067	23.867841091637636	23.854905570697134	26.121028343832165	0.0
18.0	26.11380851819095	23.975536824119033	23.872353482663396	26.038301175026625	0.0
19.0	26.104482910071052	23.873255960868544	23.83715683266249	26.18510429639791	0.0
20.0	26.126966268474426	23.8100108597884	24.017279397387032	26.045743474350143	0.0
21.0	25.999115574019537	24.06751719967872	23.803091881029665	26.130275345272082	0.0
22.0	26.055971529906536	23.96192756731715	23.847313180052883	26.13478772272343	0.0
23.0	25.953991799506042	24.090379912098886	23.85994783691666	26.095680451478405	0.0
24.0	26.143812477626128	23.83287357220857	24.025702501962883	25.997611448202417	0.0
25.0	26.134486897560006	23.849118131033425	23.8319710967183	26.184423874688267	0.0
26.0	26.1137299612838	23.932747526465093	23.9405689807141	26.012953531537008	0.0
27.0	26.06018308219446	23.81723066371056	24.008555467647756	26.114030786447223	0.0
28.0	26.046645949840414	23.944780533002024	23.87258249378044	26.135991023377127	0.0
29.0	26.01686425866151	24.090981562425736	23.8100108597884	26.082143319124356	0.0
30.0	26.080037542980396	23.877696521558637	23.88551797580764	26.15674795965333	0.0
31.0	26.027014018410444	24.0075807713134	23.87190903074424	26.09349617953192	0.0
32.0	25.93466097106071	23.9356837735395	23.87852716443054	26.251128090969257	0.0
33.0	26.247518199867635	23.799109560194935	23.921244209133025	26.0321280308044	0.0
34.0	26.236688526562784	23.872510679261175	23.886348595150714	26.00445219902533	0.0
35.0	26.0775524938331	23.820468082546174	23.96696949642019	26.13500992720053	0.0
36.0	26.058299741291137	23.893869201612418	23.95523735033993	26.09259370675651	0.0
37.0	26.100415137476684	23.829492810300223	23.951326634979843	26.118765417243246	0.0
38.0	26.04987666205403	23.87521809758739	24.007881595571867	26.067023644786712	0.0
39.0	26.05198243186331	23.92876481559473	23.842127429155887	26.17712532338608	0.0
40.0	25.994825822754347	23.914325251188256	23.852656278202275	26.238192647855126	0.0
41.0	26.101016785993625	23.895974971421698	23.93237470669635	26.070633535888334	0.0
42.0	26.118163768726312	23.900487335298717	23.872510679261175	26.1088382167138	0.0
43.0	26.11665964743397	23.9886288430299	23.88003128572288	26.014680223813247	0.0
44.0	26.106130798387582	23.84663979303291	23.85476204801155	26.192467360567957	0.0
45.0	26.14846835789556	23.830925242388417	23.955766934098627	26.064839465617396	0.0
46.0	26.016106082347385	24.08903167970736	23.778882802229703	26.115979435715552	0.0
47.0	26.081685573414436	23.893195676566766	23.886878386142875	26.13824036387593	0.0
48.0	25.966169405663305	24.130244479139403	23.79843632020841	26.105149794988886	0.0
49.0	26.155086471672966	23.852584523841756	23.974718805370298	26.017610199114976	0.0
50.0	26.162005408803896	23.858901814265646	23.858901814265646	26.120190962664815	0.0
51.0	26.10815802852407	23.93651423947344	23.935611769412883	26.019715962589608	0.0
52.0	26.05250570812313	23.835136769337677	23.998183026944748	26.114174495594444	0.0
53.0	26.051603238062576	23.928392008928437	23.895000616687874	26.125004136321113	0.0
54.0	26.020016785943128	24.09504814677773	23.781289389057854	26.103645678221294	0.0
55.0	26.09131192072703	23.880260272365465	23.867324868164168	26.16110293874334	0.0
56.0	26.05543556082329	23.977053263622743	23.883798304564678	26.083712870989284	0.0
57.0	25.95105017116797	23.936141410616628	23.847398788287176	26.26540962992822	0.0
58.0	26.272328546245433	23.80317788834674	23.917490418805013	26.007003146602813	0.0
59.0	26.22901011365072	23.86394402295877	23.91448219431927	25.992563669071238	0.0
60.0	26.09484330158654	23.82303216995265	23.953589112633942	26.12853541582687	0.0
61.0	26.057240495514737	23.89944107189055	23.95298746773679	26.090330964857923	0.0
62.0	26.12733212603257	23.80317788834674	23.959304739156856	26.11018524646383	0.0
63.0	26.06265529958908	23.89402626781621	23.997509190125804	26.04580924246891	0.0
64.0	26.06205365469193	23.927718382056543	23.829951086269862	26.18027687698167	0.0
65.0	26.003694099668493	23.905758343310612	23.888912286190443	26.201635270830447	0.0
66.0	26.086721095475028	23.91508383921642	23.915685484113567	26.082509581194984	0.0
67.0	26.122518966855385	23.912978082076396	23.86183826581875	26.102664685249472	0.0
68.0	26.13425104234978	23.942157859588114	23.8976361371991	26.025954960863	0.0
69.0	26.102664685249472	23.837772469932798	23.858228396435855	26.201334448381875	0.0
70.0	26.13898556959055	23.837099117690414	23.966151559910116	26.05776375280892	0.0
71.0	26.03038899233808	24.055194736826273	23.77813809513782	26.13627817569783	0.0
72.0	26.096268910394286	23.90267821420299	23.871994416752152	26.129058458650572	0.0
73.0	25.955785249516428	24.127091085755197	23.795886566212328	26.121237098516048	0.0
74.0	26.15914061301414	23.850936908697655	23.969159775346473	26.020762702941735	0.0
75.0	26.17538497637047	23.868986201315792	23.85334348104674	26.102285341267002	0.0
76.0	26.112513273750615	23.950208018097424	23.92824804541202	26.00903066273994	0.0
77.0	26.06588593448708	23.822358862052265	24.0199986162209	26.09175658723975	0.0
78.0	26.04813746341258	23.95742773514468	23.86778291514125	26.126651886301488	0.0
79.0	26.017453665961742	24.105732756157064	23.771520021177835	26.10529355670336	0.0
80.0	26.096870553481562	23.881921527692125	23.88884042319575	26.132367495630564	0.0
81.0	26.045953360768177	23.98773855076649	23.87643491444661	26.089873174018724	0.0
82.0	25.93675546891921	23.94351791687724	23.84605202993767	26.273674584265876	0.0
83.0	26.255625345943734	23.815669145428732	23.922761292806776	26.005944215820758	0.0
84.0	26.239080210815104	23.876735735085315	23.907720260871656	25.97646379322793	0.0
85.0	26.090775635934833	23.8117584771256	23.9763073664958	26.12115852044377	0.0
86.0	26.03121314947176	23.90170384809761	23.98021803479893	26.0868649676317	0.0
87.0	26.105215026592543	23.828303612254228	23.94442037879335	26.12206098235988	0.0
88.0	26.068214088032153	23.87763819700142	24.016015690804515	26.038132024161914	0.0
89.0	26.074531321444898	23.934794118354873	23.826197867783314	26.164476692416915	0.0
90.0	26.00113108560152	23.912533391090896	23.882150506581958	26.204185016725628	0.0
91.0	26.07904363102544	23.91433831492311	23.93720068346449	26.06941737058696	0.0
92.0	26.151240584314007	23.89538661468486	23.875833273169206	26.077539527831927	0.0
93.0	26.11995523788896	23.946526123264263	23.89147594638173	26.042042692465046	0.0
94.0	26.11574374894713	23.850865160156907	23.84364546482805	26.18974562606791	0.0
95.0	26.157479130630968	23.80025569677371	24.00330901707152	26.038956155523802	0.0
96.0	25.998646311198016	24.086034443859518	23.7873204482214	26.127998796721062	0.0
97.0	26.08407911558998	23.914868015341806	23.87335489208092	26.127697976987292	0.0
98.0	25.966157779950365	24.126945927652855	23.814695043994885	26.092201248401896	0.0
99.0	26.15868240956607	23.850793412047828	23.963901631947053	26.02662254643905	0.0
100.0	26.16680454237798	23.8853876814319	23.849289313378957	26.09851846281116	0.0
101.0	26.109949612694592	23.934722117770928	23.940437692712642	26.01489057682184	0.0
102.0	26.075656163044297	23.83033767015116	24.000902459201324	26.09310370760322	0.0
103.0	26.060915996089346	23.935323757238475	23.880273745957734	26.12348650071445	0.0
104.0	26.027525005640367	24.08663608332707	23.783710611416108	26.102128299616457	0.0
105.0	26.094306986538317	23.897721290516657	23.880273745957734	26.127697976987292	0.0
106.0	26.019324601565465	24.020383483843023	23.86094950455139	26.099342410040126	0.0
107.0	25.918249475071143	23.93164192933164	23.875087989507442	26.27502060608978	0.0
108.0	26.25215837509701	23.81642831788127	23.937959124737535	25.993454182284175	0.0
109.0	26.256971476358647	23.846811019595336	23.91058461131199	25.985632892734024	0.0
110.0	26.096635040580463	23.800184101123257	24.006846636544672	26.09633422175161	0.0
111.0	26.032560630034958	23.892836300409716	23.982781130236503	26.091821939318827	0.0
112.0	26.121302184546337	23.825152063917983	23.93164192933164	26.12190382220404	0.0
113.0	26.069561345983765	23.86125032338024	24.030611324023994	26.038577006611995	0.0
114.0	26.08400064976867	23.929536197529675	23.814924223737012	26.171538928964644	0.0
115.0	26.013609043817272	23.919909995006407	23.885015010859558	26.181465950316763	0.0
116.0	26.109570250221104	23.88621828617497	23.954804979153256	26.049406484450678	0.0
117.0	26.120098909230926	23.90877969833888	23.881706003742188	26.08941538868801	0.0
118.0	26.119798090402075	23.95691071095522	23.903665778248392	26.019625420394316	0.0
119.0	26.115887445626996	23.85974622923598	23.85914459157828	26.165221733558745	0.0
120.0	26.158381589832292	23.794840941565766	23.995788523727157	26.05098894487478	0.0
121.0	26.002857787470855	24.07700985184628	23.783710611416108	26.136421749266752	0.0
122.0	26.099721741746258	23.903136045724597	23.88989997743852	26.107242235090624	0.0
123.0	25.9763856508987	24.117620515905845	23.82071143867038	26.085282394525084	0.0
124.0	26.137925847935623	23.878769647288863	23.978340979168234	26.004963525607277	0.0
125.0	26.1725201173197	23.871549973678274	23.883281943295483	26.07264796570655	0.0
126.0	26.120478303376704	23.941340151913966	23.934120478303377	26.004061066405953	0.0
127.0	26.078664360382042	23.82552455441077	24.015040986688728	26.080770098518464	0.0
128.0	26.080770098518464	23.931413100699405	23.888395878769646	26.099420922012484	0.0
129.0	26.025720087237726	24.07009099796947	23.78250733248101	26.1216815823118	0.0
130.0	26.09520944573964	23.880273745957734	23.883281943295483	26.141234865007146	0.0
131.0	26.031814790749163	24.009999278030467	23.88636199552379	26.07182393569658	0.0
132.0	25.946080908718987	23.937802324741895	23.87132096358867	26.24479580295045	0.0
133.0	26.234267080595863	23.819278993093157	23.94351791687724	26.002936009433736	0.0
134.0	26.238478569537698	23.861694703150192	23.938704786658	25.961121940654103	0.0
135.0	26.106418309147355	23.777464924313527	24.001877120785505	26.114239645753617	0.0
136.0	26.030611508194358	23.88545953360768	23.990445936514813	26.09348302168315	0.0
137.0	26.10371092339903	23.817774889899646	23.95615238370274	26.12236180299858	0.0
138.0	26.056181262484056	23.85357254590523	24.03346328784925	26.056782903761462	0.0
139.0	26.067089220661625	23.923735722257486	23.84913197943584	26.16004307764505	0.0
140.0	26.036104601667155	23.878612490712133	23.877108382993956	26.208174524626752	0.0
141.0	26.0980738396561	23.88733631547757	23.94479323031198	26.069796614554345	0.0
142.0	26.130863387912388	23.893653567893917	23.914109432861146	26.06137361133255	0.0
143.0	26.14357653825559	23.940954569793817	23.90756327800206	26.007905613948534	0.0
144.0	26.14026749132127	23.847398788287176	23.856724284192985	26.155609436198567	0.0
145.0	26.133728013573148	23.820697248368784	24.01833819163049	26.027236546427574	0.0
146.0	26.028740663195165	24.05293287728513	23.803550317218225	26.114776142301476	0.0
147.0	26.12771154650278	23.877552862183794	23.879658625658426	26.115076965655	0.0
148.0	25.97760069309701	24.134456006088666	23.815282428005453	26.07266087280888	0.0
149.0	26.14997247466315	23.836039239398232	24.01111843114605	26.002869854792564	0.0
150.0	26.185469630378343	23.86882898493176	23.855291934023423	26.090409450666474	0.0
151.0	26.139443657290002	23.93651423947344	23.943733999957885	25.980308103278677	0.0
152.0	26.081384750060916	23.790013266309888	24.039095003023274	26.08950698060592	0.0
153.0	26.055814765011835	23.927188715514365	23.89650473345547	26.12049178601833	0.0
154.0	26.030545603316273	24.064664988072355	23.788809972895816	26.115979435715552	0.0
155.0	26.104848971635363	23.86251169450787	23.885675092728796	26.146964241127968	0.0
156.0	26.028818963961253	23.990433788580713	23.880632934239816	26.10011431321822	0.0
157.0	25.930148607183686	23.936586246314903	23.856867817820827	26.276397328680584	0.0
158.0	26.26045364298177	23.80663016665664	23.954936526081465	25.977979664280127	0.0
159.0	26.26286023704952	23.85987606040551	23.91703266951447	25.9602310330305	0.0
160.0	26.091691233981106	23.798207087419527	24.01570302629204	26.094398652307323	0.0
161.0	26.031526382287467	23.872510679261175	23.98892966728837	26.107033271162987	0.0
162.0	26.110342338006138	23.817760664219964	23.939594488899584	26.132302508874318	0.0
163.0	26.064316226460505	23.83972083508814	24.025028578304557	26.0709343601468	0.0
164.0	26.089964773373364	23.88702210162476	23.85423215881162	26.16878096619026	0.0
165.0	26.023181587093397	23.87889982221233	23.89935593332511	26.198562657369163	0.0
166.0	26.115835737427762	23.867167640838822	23.96433416862454	26.052662453108876	0.0
167.0	26.135088547886852	23.867468466002244	23.927332673523473	26.07011031258743	0.0
168.0	26.142687820755796	23.944852565143883	23.889199742492888	26.023259871607436	0.0
169.0	26.16916051477357	23.847084092919154	23.84588078864562	26.137874603661654	0.0
170.0	26.160515256439954	23.82158553864574	24.00689495422918	26.011004250685133	0.0
171.0	26.033265446713017	24.042392537084446	23.816772307072142	26.107569709130402	0.0
172.0	26.11990361503774	23.89769476290322	23.882954241209085	26.099447380849956	0.0
173.0	25.96527855073597	24.121510031075427	23.839033503100023	26.07417791508858	0.0
174.0	26.146376388692516	23.839935984020073	23.997870145028685	26.01581748225873	0.0
175.0	26.164125180120152	23.89047491554283	23.86761206556825	26.077787838768774	0.0
176.0	26.14563121399455	23.918595731239563	23.93905208850383	25.996720966262053	0.0
177.0	26.08245716950198	23.797361731570476	24.01215348284524	26.108027616082307	0.0
178.0	26.06982236060346	23.908969210174032	23.89212279830934	26.129085630913167	0.0
179.0	26.044853571589734	24.041333874825142	23.808191567769203	26.105620985815925	0.0
180.0	26.10050689649986	23.853917542830498	23.90475760720786	26.140817953461788	0.0
181.0	26.01093816746587	23.98846017315757	23.900918733868007	26.099682925508557	0.0
182.0	25.959797120458223	23.929798383942916	23.864217511897813	26.246186983701048	0.0
183.0	26.24769113214245	23.80736070081284	23.95627139651158	25.988676770533132	0.0
184.0	26.266041743127545	23.84977768686036	23.921375152671068	25.962805417341027	0.0
185.0	26.104195370832755	23.793522535151947	24.01433152634967	26.087950567665626	0.0
186.0	26.059672576967273	23.855794280625968	23.981841920015405	26.102691222391357	0.0
187.0	26.13337585059594	23.79322170546367	23.9117486026461	26.161653841294292	0.0
188.0	26.072608253563327	23.82902043836902	24.02335641699808	26.07501489106957	0.0
189.0	26.112095495663528	23.88143664658121	23.833604582251596	26.172863275503666	0.0
190.0	26.041400306245542	23.88474578310716	23.879030001835066	26.194823908812232	0.0
191.0	26.14376135638906	23.871881881520522	23.94678892458756	26.037567837502856	0.0
192.0	26.147672165866453	23.880004331973577	23.912794965284046	26.059528536875927	0.0
193.0	26.12368423427624	23.945055969868626	23.895117790927497	26.036142004927637	0.0
194.0	26.170012424378253	23.8232188465484	23.85751374052002	26.149254988553327	0.0
195.0	26.171595319033724	23.844649679612527	23.99265966727836	25.991095334075386	0.0
196.0	26.02960199753317	24.067867994344333	23.792906350591135	26.109623657531362	0.0
197.0	26.143617821365183	23.89278300893475	23.870220510814956	26.093378658885115	0.0
198.0	25.97815950182004	24.132246322312806	23.81697301525225	26.0726211606149	0.0
199.0	26.150236154146988	23.83803134683072	23.989952167503986	26.021780331518308	0.0
200.0	26.166810067328118	23.894862245112844	23.86026558203621	26.078062105522832	0.0
201.0	26.135156844635514	23.926666446048273	23.931179095003294	26.006997614312922	0.0
202.0	26.100272266430004	23.79067073812783	23.998555934956904	26.110501060485262	0.0
203.0	26.07531491526546	23.92363210796923	23.89294535652289	26.10810762024243	0.0
204.0	26.04330572445477	24.049509448494348	23.80009687677695	26.107087950273932	0.0
205.0	26.101986599554124	23.832876522743753	23.91982598073874	26.145310896963387	0.0
206.0	26.02505626226036	23.97043072220283	23.92078755129794	26.083725464238867	0.0
207.0	25.9649059464924	23.927681698378887	23.861489210624494	26.245923144504218	0.0
208.0	26.24894692502106	23.825370080635455	23.948128535323143	25.97755445902034	0.0
209.0	26.27437883246379	23.82882313649739	23.931423344706612	25.96537468633221	0.0
210.0	26.091312824956674	23.80879308684768	24.008280377431156	26.091613710764488	0.0
211.0	26.05401567032147	23.864443294378184	23.985099955468364	26.096441079831983	0.0
212.0	26.141157496283903	23.757740613471825	23.9476075561627	26.153494334081568	0.0
213.0	26.060385397734798	23.848139811995235	24.021159563328236	26.07031522694173	0.0
214.0	26.09012262092831	23.908824193184383	23.853456706537276	26.14759647935003	0.0
215.0	26.05537383810329	23.872557722456765	23.889107886002474	26.182960553437468	0.0
216.0	26.122254921431626	23.91144733120287	23.949663278386623	26.016634468978882	0.0
217.0	26.152503610977373	23.909785748675976	23.90196196437169	26.03574867597496	0.0
218.0	26.14523055071574	23.94158519227355	23.915405054872966	25.997779202137743	0.0
219.0	26.15501743848383	23.84754040642651	23.86288747588855	26.13455467920111	0.0
220.0	26.16263323563222	23.840676966410477	24.004381503794693	25.99230829416261	0.0
221.0	26.041058542427763	24.060053083603666	23.80877865581723	26.090109718151343	0.0
222.0	26.126836431920363	23.9243218518095	23.86082539376832	26.088016322501822	0.0
223.0	25.981342160698162	24.123984351489618	23.82485705687632	26.069816430935898	0.0
224.0	26.211427230103464	23.82438443065478	23.979066730064343	25.985121609177416	0.0
225.0	26.157415766855657	23.943700119172295	23.832352268486755	26.066531845485297	0.0
226.0	26.139465455650758	23.969628298769422	23.89890545107634	25.99200079450348	0.0
227.0	26.069959281206458	23.764968595668098	24.074648111978185	26.090424011147256	0.0
228.0	26.0756903167557	23.966292980212174	23.869686253855992	26.088330449176134	0.0
229.0	26.01731718988416	24.130002317385507	23.76493886014729	26.087741632583043	0.0
230.0	26.115142340346768	23.82541751061646	23.930754483593013	26.128685665443758	0.0
231.0	26.045710914880427	23.981978077541218	23.90312464260132	26.069186364977035	0.0
232.0	25.967326398921315	23.916197149186168	23.830118944428392	26.286357507464125	0.0
233.0	26.280797221402903	23.797155188500362	23.952157084640064	25.969890505456668	0.0
234.0	26.250571861982614	23.868616214394066	23.93302593243601	25.947785991187306	0.0
235.0	26.09573744439294	23.80764623376936	24.00539365883904	26.09122266299866	0.0
236.0	26.048639537683606	23.866482061160607	24.002227305562243	26.082651095593544	0.0
237.0	26.127655475893786	23.794087371101437	23.92832848740963	26.149928665595144	0.0
238.0	26.052420884075683	23.86510712329262	24.011991548125717	26.070480444505982	0.0
239.0	26.102477507983952	23.897672990617917	23.87028224507794	26.12956725632019	0.0
240.0	26.059329048959256	23.874298270698194	23.88603765633701	26.18033502400554	0.0
241.0	26.10728294605147	23.91574625135842	23.948559094726765	26.02841170786334	0.0
242.0	26.204955293975978	23.885058855405365	23.888370412740464	26.021615437878193	0.0
243.0	26.168885516959	23.939799008893463	23.910896752711093	25.980418721436443	0.0
244.0	26.117248210807116	23.867848121084023	23.860622100182756	26.154281567926102	0.0
245.0	26.172065545337936	23.79782358644529	24.074542465357446	25.95556840285933	0.0
246.0	26.005155260051556	24.038808990388087	23.88493411384934	26.071101635711013	0.0
247.0	26.103388462604045	23.97249960851392	23.874929231362252	26.049182697519786	0.0
248.0	25.97064279863152	24.11036958512022	23.87516262709006	26.043824989158193	0.0
249.0	26.136438927136602	23.816278467441258	24.06835197532872	25.978930630093423	0.0
