# Position (bp)	A	C	G	T	N
0.0	26.23207645877515	23.702389055459612	23.797737513289718	26.267796972475516	0.0
1.0	26.310267819473587	23.75020391631837	23.70463916655885	26.234889097649194	0.0
2.0	26.20190009056086	23.787693848049006	23.660008662342996	26.350397399047143	0.0
3.0	26.3695779337653	23.740944474442045	23.67091882649388	26.218558765298777	0.0
4.0	26.276479371890883	23.71831825582736	23.779340676645848	26.22586169563591	0.0
5.0	26.216587088683053	23.763729311130234	23.801971734350133	26.21771186583658	0.0
6.0	26.38390961672023	23.745856073962226	23.646317494327143	26.2239168149904	0.0
7.0	26.23059598887705	23.759422596236305	23.684069943007525	26.32591147187912	0.0
8.0	26.198194449520777	23.710572113776106	23.821064380723175	26.270169055979935	0.0
9.0	26.301170371578213	23.748169098029514	23.660173348814588	26.29048718157768	0.0
10.0	26.28656729844763	23.782870508329726	23.723272066885194	26.20729012633745	0.0
11.0	26.295844414332866	23.647930640908147	23.702749962048163	26.35347498271083	0.0
12.0	26.17833427978657	23.738733926693918	23.75813153263577	26.324800260883745	0.0
13.0	26.099900481847776	23.818011098804096	23.848372568973954	26.23371585037418	0.0
14.0	26.227531106450684	23.804235987338142	23.672107367154513	26.296125539056657	0.0
15.0	26.3329528778738	23.68054110886836	23.72411544105658	26.262390572201262	0.0
16.0	26.233434725650383	23.689255975306004	23.71287045210478	26.36443884693883	0.0
17.0	26.288535171514194	23.71793069713309	23.66395475016446	26.329579381188257	0.0
18.0	26.28150705341932	23.809858481814043	23.69234834726775	26.21628611749889	0.0
19.0	26.331266129531027	23.709215830695445	23.738733926693918	26.22078411307961	0.0
20.0	26.26885644084855	23.839376577812512	23.61532017294793	26.276446808391015	0.0
21.0	26.305964904389484	23.695440719229495	23.614195674052752	26.384398702328276	0.0
22.0	26.202999592370297	23.75890811464234	23.73473145636254	26.30336083662483	0.0
23.0	26.39163375173945	23.654330011385518	23.740635058965744	26.21340117790928	0.0
24.0	26.23701558832211	23.686659263736416	23.7395105632318	26.336814584709668	0.0
25.0	26.22577063098267	23.67794442179835	23.798827713197362	26.29745723402162	0.0
26.0	26.29942510155602	23.73669932389694	23.731639093094188	26.232236481452848	0.0
27.0	26.203842964170754	23.78308477292214	23.655454507119465	26.357617755787636	0.0
28.0	26.37019419986731	23.726512161387173	23.665508439316756	26.23778519942876	0.0
29.0	26.286981749485545	23.71358049680082	23.785829144598498	26.213608609115134	0.0
30.0	26.22991375141967	23.744504042550798	23.799604178614402	26.22597802741513	0.0
31.0	26.374411047015034	23.75181324427352	23.634022647280414	26.23975306143103	0.0
32.0	26.20939176196741	23.76052806171215	23.700648832214462	26.329431344105974	0.0
33.0	26.202082560244687	23.71554835880309	23.80972461176894	26.27264446918328	0.0
34.0	26.295134320637814	23.750126505414432	23.64920329701222	26.305535876935533	0.0
35.0	26.28248377919464	23.783017913166685	23.72623103824399	26.208267269394685	0.0
36.0	26.294572074351446	23.64976554329859	23.702897817359915	26.35276456499005	0.0
37.0	26.165536551631075	23.740568318546256	23.764463785716693	26.329431344105974	0.0
38.0	26.111560908140202	23.815909320918934	23.857234422966638	26.215295347974227	0.0
39.0	26.23806632257194	23.803539902618944	23.675066626184936	26.283327148624185	0.0
40.0	26.33111808296506	23.687154921341744	23.721170821666725	26.260556174026473	0.0
41.0	26.23131936713558	23.68125133533493	23.71554835880309	26.3718809387264	0.0
42.0	26.288949611487816	23.70908252650991	23.675347749328115	26.326620112674153	0.0
43.0	26.29288533549236	23.796511824039403	23.709644772796278	26.200958067671966	0.0
44.0	26.346860978983234	23.704022309932643	23.74281730369171	26.206299407392414	0.0
45.0	26.26392965174465	23.83868029551665	23.62165322898042	26.27573682375828	0.0
46.0	26.298507798355992	23.69811872392583	23.610127180109973	26.393246297608204	0.0
47.0	26.20172777798081	23.761023510262373	23.733192397327088	26.30405631442973	0.0
48.0	26.404416994408475	23.64463885616937	23.7421883126193	26.20875583680285	0.0
49.0	26.249518577970687	23.682871496161273	23.731224540856918	26.33638538501112	0.0
50.0	26.247550721500517	23.673032213810416	23.799537272607157	26.279879792081907	0.0
51.0	26.310241006193124	23.726164338505047	23.73853372203184	26.22506093326999	0.0
52.0	26.205663490921154	23.773674016142046	23.66825313381143	26.352409359125375	0.0
53.0	26.368078084325226	23.737904744769732	23.66762435412321	26.226392816781836	0.0
54.0	26.289926289926292	23.70866810226078	23.7972213944754	26.204184213337534	0.0
55.0	26.236513193034934	23.749992971960936	23.800594853226432	26.2128989817777	0.0
56.0	26.380447433079013	23.751960822899036	23.63023518629926	26.23735655772269	0.0
57.0	26.226111695219245	23.765173536340583	23.690395200692684	26.318319567747483	0.0
58.0	26.194626080209606	23.714009411949917	23.82730140167211	26.26406310616837	0.0
59.0	26.288239560550775	23.763486806965066	23.652724911306148	26.295548721178015	0.0
60.0	26.287396195863018	23.77276381853041	23.72469203132819	26.21514795427839	0.0
61.0	26.286552831175257	23.649351452555116	23.699953333820613	26.364142382449018	0.0
62.0	26.16988738270203	23.736499136956805	23.77051484602972	26.32309863431145	0.0
63.0	26.106353909557573	23.814369809793153	23.866658420434163	26.212617860215115	0.0
64.0	26.249444784913894	23.791036720098504	23.675776879438207	26.283741615549395	0.0
65.0	26.327877700875412	23.689551836004924	23.724973152890776	26.257597310228892	0.0
66.0	26.240730016473723	23.67268454224976	23.72159969413974	26.364985747136778	0.0
67.0	26.278681427422846	23.714571655075087	23.67043556974907	26.336311347752993	0.0
68.0	26.286833952737844	23.801157096351606	23.706700251322676	26.205308699587874	0.0
69.0	26.357114343384364	23.69123856538044	23.741559325083355	26.21008776615184	0.0
70.0	26.266593200231643	23.836016170112277	23.605215367229096	26.29217526242698	0.0
71.0	26.30060890930456	23.702483427883887	23.619552566920987	26.377355095890564	0.0
72.0	26.199893736348074	23.75554862124317	23.754143017381697	26.290414625027058	0.0
73.0	26.407360866301772	23.651533935494026	23.741492582628425	26.19961261557578	0.0
74.0	26.244310818370682	23.67711592577287	23.739524737222357	26.33904851863409	0.0
75.0	26.241218489875433	23.672899114188446	23.80221466944414	26.283667726491977	0.0
76.0	26.310374199860004	23.73502680486564	23.731372234825805	26.223226760448554	0.0
77.0	26.21113856723987	23.757797587421532	23.6754292011391	26.355634644199494	0.0
78.0	26.37186551220061	23.726245361520295	23.670583605082648	26.231305521196447	0.0
79.0	26.284437197796017	23.71331384234791	23.801023276734508	26.201225683121553	0.0
80.0	26.250140559991003	23.746767120206904	23.790340717418193	26.2127516023839	0.0
81.0	26.38676487124705	23.74564264027887	23.6284156077814	26.23917688069268	0.0
82.0	26.215000562239965	23.768413358821544	23.693354323625325	26.32323175531317	0.0
83.0	26.197571123355445	23.710502642527832	23.82632407511526	26.26560215900146	0.0
84.0	26.288372877544138	23.75773079950523	23.656808725964243	26.297087596986398	0.0
85.0	26.28078263802991	23.769537838749578	23.728494321376363	26.22118520184415	0.0
86.0	26.289497357472168	23.652873046216126	23.70375576295963	26.353873833352075	0.0
87.0	26.178173844596873	23.741425840548747	23.763072079163386	26.317328235690994	0.0
88.0	26.108737209040818	23.80945687619476	23.869335432362533	26.21247048240189	0.0
89.0	26.250983919937028	23.79483863713033	23.673394804902735	26.28078263802991	0.0
90.0	26.333070954683457	23.678454964578883	23.728494321376363	26.259979759361297	0.0
91.0	26.243112560440796	23.673113684920725	23.71556280220398	26.368210952434502	0.0
92.0	26.28921623749016	23.708253682671764	23.671145845046667	26.33138423479141	0.0
93.0	26.27797143820983	23.805240076464635	23.71247048240189	26.20431800292365	0.0
94.0	26.352468233442032	23.687731923985154	23.749859440008997	26.209940402563813	0.0
95.0	26.27797143820983	23.826605195097265	23.61717080850107	26.278252558191834	0.0
96.0	26.30580231642865	23.698695603283483	23.619138648375127	26.376363431912743	0.0
97.0	26.19721635776353	23.760475203881693	23.745294767528485	26.297013670826292	0.0
98.0	26.39905993742287	23.6474652888078	23.753728343280265	26.199746430489064	0.0
99.0	26.244444381973516	23.676701684747318	23.733768880667714	26.345085052611456	0.0
100.0	26.240789832481077	23.670517062529342	23.808827704858583	26.279865400131	0.0
101.0	26.308539557687066	23.725897543299386	23.743326933186403	26.22223596582715	0.0
102.0	26.20087090725597	23.755977296814077	23.6797939958563	26.363357800073654	0.0
103.0	26.361596977414948	23.733421042274585	23.67888407239361	26.226097907916856	0.0
104.0	26.29946981069487	23.711774925363063	23.795548208994667	26.193207054947404	0.0
105.0	26.24830626163127	23.73426439747893	23.80285728743232	26.214572053457474	0.0
106.0	26.387178751946745	23.747195843945555	23.62575269451988	26.239872709587825	0.0
107.0	26.222443368698027	23.753099330375967	23.70446584692541	26.319991454000597	0.0
108.0	26.19798606777202	23.703341373319613	23.82984465397136	26.268827904937	0.0
109.0	26.287100601031142	23.755067159186105	23.653302297861813	26.30452994192094	0.0
110.0	26.28035375939638	23.762376237623762	23.744665778332518	26.212604224647336	0.0
111.0	26.29244185065866	23.657237955482092	23.698562360494993	26.35175783336426	0.0
112.0	26.201359488589404	23.72414413502679	23.752255975171625	26.322240401212184	0.0
113.0	26.09650232484918	23.806792945052596	23.878197019020472	26.218507711077756	0.0
114.0	26.240716064792167	23.79161255137439	23.676635125182024	26.291036258651417	0.0
115.0	26.337139676488942	23.672980585963195	23.73257768707024	26.25730205047762	0.0
116.0	26.23959159118638	23.670169401948712	23.720489595807962	26.369749411056947	0.0
117.0	26.288225074636934	23.706152557334097	23.666514862729883	26.33910750529908	0.0
118.0	26.280072640994934	23.798921629812046	23.726393082238378	26.194612646954646	0.0
119.0	26.368906055852605	23.684506440422577	23.74269794952238	26.203889554202437	0.0
120.0	26.2856950090239	23.82337893073805	23.6136646032576	26.27726145698045	0.0
121.0	26.313525730767285	23.681414138006645	23.6218170368996	26.38324309432647	0.0
122.0	26.201152026447694	23.756258416005803	23.74698148267884	26.295608074867665	0.0
123.0	26.40552567883257	23.63312821002977	23.754571700855447	26.206774410282215	0.0
124.0	26.255689149642556	23.669392585762438	23.732363284709084	26.342554979885925	0.0
125.0	26.23966535571417	23.67136042010452	23.81107665839239	26.277897565788923	0.0
126.0	26.303760531427724	23.721399636231766	23.746138125103663	26.22870170723685	0.0
127.0	26.207617767857393	23.759069607923063	23.677263923130766	26.356048701088774	0.0
128.0	26.376644551894753	23.72399640166423	23.675081524794784	26.22427752164624	0.0
129.0	26.298774316878443	23.706285842797705	23.79624423704037	26.198695603283483	0.0
130.0	26.241988080512762	23.738052400764648	23.808613516248737	26.211346002473856	0.0
131.0	26.394429310776204	23.74655275652973	23.62342185826453	26.235596074429534	0.0
132.0	26.214512016507413	23.771572505263986	23.707195848408436	26.30671962982017	0.0
133.0	26.2038294271602	23.70691472763614	23.831732350535116	26.257523494668543	0.0
134.0	26.30081609360197	23.753299655064815	23.659967558662878	26.285916692670337	0.0
135.0	26.27973203567985	23.760608795144485	23.738119133360883	26.22154003581479	0.0
136.0	26.280575397996735	23.648160486226487	23.720689645478593	26.350574470298184	0.0
137.0	26.196801407852828	23.726312060924492	23.757235345876943	26.319651185345737	0.0
138.0	26.09334896364827	23.796592253998238	23.887113142677226	26.222945639676258	0.0
139.0	26.244310818370682	23.78309845692808	23.683300582763362	26.289290141937876	0.0
140.0	26.33940368494144	23.661720801308903	23.744370540709212	26.254504973040444	0.0
141.0	26.241928274442888	23.677811293809405	23.715200566742663	26.365059865005048	0.0
142.0	26.2953415214904	23.70761026321486	23.660381707930743	26.336666507363997	0.0
143.0	26.28690785090395	23.804035230253263	23.723915359681992	26.185141559160797	0.0
144.0	26.364852860146858	23.68125133533493	23.74478516569398	26.209110638824228	0.0
145.0	26.289230734630998	23.827716492932563	23.60928381068043	26.273768961756005	0.0
146.0	26.316499679519616	23.683219197337202	23.625026706698602	26.375254416444577	0.0
147.0	26.21058993857442	23.757783618908395	23.74175955469969	26.289866887817492	0.0
148.0	26.399505221877064	23.62565537016994	23.766498460846464	26.208340947106535	0.0
149.0	26.253883024331277	23.674852058530004	23.73023347342676	26.34103144371196	0.0
150.0	26.24713604992761	23.668948455926795	23.808948174802865	26.274967319342736	0.0
151.0	26.307015447760147	23.729671225559787	23.752723388105647	26.21058993857442	0.0
152.0	26.20749757530607	23.75103664450473	23.67850666966532	26.362959110523875	0.0
153.0	26.370342466138524	23.720460819647247	23.69206722254395	26.217129491670278	0.0
154.0	26.290784169304555	23.70949695541924	23.805360486233322	26.194358389042883	0.0
155.0	26.250021084354287	23.740139550312893	23.803673737890552	26.206165627442267	0.0
156.0	26.39431226859856	23.734583779620085	23.63422197108343	26.236881980697923	0.0
157.0	26.20820717825888	23.776190355708113	23.71406161709018	26.301540848942828	0.0
158.0	26.20117904040617	23.698037462786008	23.838037968811935	26.262745527995886	0.0
159.0	26.300697472400504	23.748640055325502	23.66149114595193	26.289171326322062	0.0
160.0	26.285516694638655	23.761852954488592	23.74048741541636	26.212142935456395	0.0
161.0	26.286078945666873	23.650246125387604	23.722214256999322	26.341460671946205	0.0
162.0	26.20595817414601	23.716591746717157	23.764945335143782	26.31250474399305	0.0
163.0	26.097162600186103	23.802335028520183	23.881331297984612	26.2191710733091	0.0
164.0	26.249532628832796	23.764664209629675	23.6977563372719	26.28804682426563	0.0
165.0	26.333382061892767	23.65396725440806	23.75461047139259	26.258040212306582	0.0
166.0	26.24208978637152	23.670620250709142	23.725440034185056	26.361849928734284	0.0
167.0	26.288475757004985	23.698170705994475	23.679335190646338	26.334018346354206	0.0
168.0	26.281728706731027	23.809778162609536	23.72965694060628	26.17883619005316	0.0
169.0	26.3703578757977	23.681369655056084	23.747153580163616	26.2011188889826	0.0
170.0	26.295296730482697	23.83767675915774	23.606589637626158	26.260436872733408	0.0
171.0	26.334092378623037	23.672373562733686	23.620927159764975	26.3726068988783	0.0
172.0	26.21271882353272	23.744409053467862	23.743565667441644	26.299306455557776	0.0
173.0	26.3937656904942	23.6294274252268	23.764088060746282	26.21271882353272	0.0
174.0	26.25994844100093	23.665974153029584	23.739067608635146	26.335009797334337	0.0
175.0	26.23464686021439	23.676938171370416	23.804289461329343	26.284125507085847	0.0
176.0	26.310551602574012	23.725854560891065	23.74946936962517	26.214124466909748	0.0
177.0	26.209626408103254	23.75452968578248	23.686496546334222	26.349347359780044	0.0
178.0	26.369943886558637	23.72114206034163	23.68571974765819	26.223194305441545	0.0
179.0	26.294601189739897	23.695278149493404	23.80913558311874	26.20098507764796	0.0
180.0	26.245122403769383	23.723953354999043	23.808011065255773	26.222913175975798	0.0
181.0	26.39054052914337	23.726269092258516	23.63799419184891	26.245196186749208	0.0
182.0	26.200496476032242	23.773498975280216	23.716429533295663	26.309575015391886	0.0
183.0	26.208086992946445	23.70124849946726	23.832817459313425	26.257847048272875	0.0
184.0	26.300859977453356	23.741731256343	23.65458087695772	26.302827889245922	0.0
185.0	26.288771376441844	23.76084811375655	23.7448236891599	26.205556820641707	0.0
186.0	26.280618599015483	23.653456355933393	23.722052138417293	26.34387290663383	0.0
187.0	26.203026648336973	23.713055970222683	23.77406123579238	26.309856145647963	0.0
188.0	26.10772349152533	23.798800698327558	23.880328472591206	26.21314733755591	0.0
189.0	26.251381052383	23.774623496304542	23.693939112809137	26.28005633850332	0.0
190.0	26.34197905011442	23.65296059104991	23.742922525906227	26.262137832929444	0.0
191.0	26.236628667013395	23.67130065644284	23.72808928747136	26.363981389072404	0.0
192.0	26.28189089273415	23.702787422161624	23.679734611546085	26.33558707355815	0.0
193.0	26.28891918865352	23.807649597278644	23.734274187880406	26.169157026187428	0.0
194.0	26.366304567842924	23.69301441648112	23.74052583046578	26.20015518521017	0.0
195.0	26.29602141106088	23.83442412792659	23.60670669995277	26.26284776105976	0.0
196.0	26.329757326316262	23.669961541056608	23.63285203427569	26.367429098351437	0.0
197.0	26.19573070792206	23.751556776299328	23.76533231375614	26.287380202022476	0.0
198.0	26.40461283711411	23.62335993792574	23.76448891350368	26.207538311456467	0.0
199.0	26.25729892635148	23.67059035206338	23.73356423758023	26.338546484004915	0.0
200.0	26.253081925089187	23.664124283461202	23.79850605701948	26.28428773443013	0.0
201.0	26.315212410353585	23.727379302395537	23.749869975794415	26.207538311456467	0.0
202.0	26.215410047146076	23.732439703910284	23.69448669254968	26.357663556393955	0.0
203.0	26.36448487779096	23.730538484461714	23.683307937543223	26.221668700204106	0.0
204.0	26.29335792320538	23.694272171649303	23.816565552063242	26.195804353082075	0.0
205.0	26.253999134106643	23.72069878718703	23.819095759933877	26.206206318772455	0.0
206.0	26.38663589158249	23.72792726434429	23.63880696881352	26.246629875259696	0.0
207.0	26.195744154467683	23.782186624083845	23.705717474606338	26.31635174684213	0.0
208.0	26.213736895521212	23.695877694342688	23.841225305665745	26.249160104470352	0.0
209.0	26.28823808894599	23.754072966187703	23.651458114866784	26.30623082999952	0.0
210.0	26.295828776577952	23.76082024408278	23.752105010134976	26.191245969204296	0.0
211.0	26.28373990368261	23.645554246708596	23.726240444870523	26.344465404738276	0.0
212.0	26.203615978678602	23.711340206185564	23.7650372927672	26.320006522368633	0.0
213.0	26.10578044920003	23.793713223821264	23.88367692908892	26.21682939788979	0.0
214.0	26.254501699470616	23.767848658556815	23.70037587960607	26.277273762366494	0.0
215.0	26.341446957812526	23.646745272675133	23.739239467188458	26.27256830232388	0.0
216.0	26.24790200648305	23.662555489644276	23.72553043742286	26.364012066449817	0.0
217.0	26.307222158185194	23.688982476658506	23.682516298984808	26.32127906617149	0.0
218.0	26.28135744749042	23.821679688049098	23.725249299263137	26.171713565197347	0.0
219.0	26.37759634740168	23.692970322638686	23.742451334300462	26.186981995659163	0.0
220.0	26.304218256244166	23.83016767315543	23.629151063279465	26.236463007320943	0.0
221.0	26.33317589375077	23.67132238003666	23.6240905052686	26.371411220943962	0.0
222.0	26.202946956470402	23.739840141246987	23.76964145644088	26.287571445841735	0.0
223.0	26.428143687322354	23.61922915805662	23.771047178855685	26.181579975765345	0.0
224.0	26.28532228997804	23.662244263949685	23.725782917098925	26.326650528973346	0.0
225.0	26.255802119267113	23.662525408432646	23.800286205083655	26.281386267216583	0.0
226.0	26.3168104720697	23.732530384689994	23.74490074194029	26.20575840130001	0.0
227.0	26.210819001993315	23.748836764701746	23.694013590524307	26.34633064278063	0.0
228.0	26.361305413733383	23.729504509570184	23.690425316569577	26.21876476012685	0.0
229.0	26.298047727221608	23.690144171296193	23.810755493578643	26.20105260790356	0.0
230.0	26.26852747351612	23.715728391174288	23.816378399046357	26.199365736263243	0.0
231.0	26.402426852822845	23.71663850520261	23.6410102140365	26.239924427938043	0.0
232.0	26.21658930464144	23.764714482114893	23.71185902211776	26.306837191125904	0.0
233.0	26.20365658570597	23.690210775204044	23.847371424876364	26.25876121421362	0.0
234.0	26.28871051632765	23.749103841882565	23.668976763147167	26.29320887864262	0.0
235.0	26.304173636785354	23.76484810998496	23.758662861801874	26.17231539142781	0.0
236.0	26.299675274470385	23.64648495157232	23.723800553860862	26.330039220096435	0.0
237.0	26.197618679449512	23.69512349410293	23.7738448346149	26.33341299183266	0.0
238.0	26.111306352531034	23.78733992155981	23.873089953188916	26.228263772720243	0.0
239.0	26.25019328900572	23.761755485893417	23.706088252245667	26.281962972855194	0.0
240.0	26.337335170242078	23.656479320718642	23.74223296876318	26.263952540276097	0.0
241.0	26.237846470485692	23.680895691928765	23.720821688251075	26.360436149334472	0.0
242.0	26.30124198278601	23.679215838443824	23.673029825020176	26.34651235374999	0.0
243.0	26.255599265522584	23.83564802447508	23.718952722937235	26.1897999870651	0.0
244.0	26.366080266354718	23.69184738594439	23.75989831728606	26.182174030414828	0.0
245.0	26.29788047772913	23.827963520707314	23.627737985764867	26.246418015798696	0.0
246.0	26.320318805772025	23.65760440073458	23.642699049713563	26.37937774377983	0.0
247.0	26.187951590357443	23.7382189234114	23.787438580898833	26.28639090533232	0.0
248.0	26.416442347990692	23.603106426905864	23.784530309039408	26.19592091606403	0.0
249.0	26.257239375451803	23.661330835590583	23.741213599196673	26.34021618976094	0.0
