# Position (bp)	A	C	G	T	N
0.0	26.29458368269728	23.800747708034127	23.83063389148548	26.074034717783107	0.0
1.0	26.20215789313476	23.843363191844393	23.745679647785796	26.208799267235054	0.0
2.0	26.166000249041883	23.822516153133087	23.713767865296013	26.29771573252902	0.0
3.0	26.22003691170245	23.742193617651207	23.805834483941748	26.23193498670459	0.0
4.0	26.227453454300964	23.74612292104178	23.702683035479595	26.323740589177657	0.0
5.0	26.200752545374062	23.759130146082338	23.738103142983622	26.302014165559985	0.0
6.0	26.165010402372623	23.78491434642114	23.859612234960824	26.190463016245406	0.0
7.0	26.32430727691218	23.79824716713881	23.667946618271955	26.209498937677054	0.0
8.0	26.321569755700818	23.69378366340879	23.774008736233792	26.2106378446566	0.0
9.0	26.25842662439869	23.765224631607484	23.763011648589362	26.213337095404466	0.0
10.0	26.310315449385367	23.783179720952877	23.664789386915103	26.241715442746656	0.0
11.0	26.279058188295956	23.767136171013178	23.684705517874725	26.26910012281614	0.0
12.0	26.198840438597458	23.68359906615475	23.727027296163932	26.39053319908386	0.0
13.0	26.256652540966375	23.836289403511877	23.743900684893614	26.16315737062813	0.0
14.0	26.194414631717542	23.824671660452097	23.754411976233417	26.22650173159694	0.0
15.0	26.181137211077793	23.850673275871607	23.73172971597384	26.236459797076755	0.0
16.0	26.272696090906074	23.741134555593664	23.75856117018334	26.22760818331692	0.0
17.0	26.244481572046602	23.767966009803164	23.745007136613594	26.24254528153664	0.0
18.0	26.191648502417596	23.80641520707244	23.755518427953394	26.246417862556566	0.0
19.0	26.198563825667463	23.73449584527379	23.73781520043373	26.329125128625012	0.0
20.0	26.218479956627093	23.77488133305303	23.808351497582404	26.19828721273747	0.0
21.0	26.289569479635755	23.71651600482413	23.754135363303423	26.239779152236693	0.0
22.0	26.306166255435443	23.67142809723498	23.70960068157426	26.31280496575532	0.0
23.0	26.23804689682643	23.643978014865137	23.806625967796812	26.311349120511622	0.0
24.0	26.233548537002306	23.777239307586346	23.772536913791292	26.21667524162006	0.0
25.0	26.301041718531305	23.806836727355208	23.825646302535418	26.06647525157807	0.0
26.0	26.208653511028494	23.848328437311558	23.734364540631447	26.208653511028494	0.0
27.0	26.156927179282913	23.816518126345024	23.723853307442504	26.302701386929556	0.0
28.0	26.21058979082646	23.737683877427955	23.812922178148806	26.238804153596778	0.0
29.0	26.20810028822908	23.74183304842359	23.718597690848036	26.331468972499295	0.0
30.0	26.20478095143257	23.75289750441195	23.737960488827667	26.304361055327814	0.0
31.0	26.17711981146167	23.77474980498896	23.855520333703993	26.19261004984537	0.0
32.0	26.314872288516757	23.789963431972957	23.68734060268092	26.207823676829367	0.0
33.0	26.315148899916462	23.702001006865494	23.771430468192456	26.211419625025588	0.0
34.0	26.26065645417379	23.77336674799042	23.753174115811664	26.212802682024133	0.0
35.0	26.296062713336543	23.794112602968593	23.669084250300124	26.240740433394745	0.0
36.0	26.27476363555895	23.77474980498896	23.677935815090812	26.27255074436128	0.0
37.0	26.201461614636063	23.673510032695468	23.7390669344265	26.385961418241973	0.0
38.0	26.26010323137437	23.83671075852378	23.73879032302679	26.164395687075054	0.0
39.0	26.18541815345294	23.838647038321746	23.754003950010787	26.221930858214527	0.0
40.0	26.17518353166371	23.85081793990894	23.73740726602825	26.236591262399106	0.0
41.0	26.27835958375517	23.734364540631447	23.75345072721137	26.23382514840202	0.0
42.0	26.236591262399106	23.76728129719682	23.749854779015152	26.246272661388918	0.0
43.0	26.20173822603577	23.80075127656161	23.75870634380584	26.238804153596778	0.0
44.0	26.20090839183665	23.729662146836393	23.743492716821844	26.325936744505114	0.0
45.0	26.220824412615695	23.775856250587797	23.808219784353753	26.19509955244276	0.0
46.0	26.28970065114323	23.713895297052982	23.756770064007878	26.23963398779591	0.0
47.0	26.304084443928105	23.67019069589896	23.70863968045851	26.31708517971443	0.0
48.0	26.22434782127634	23.641357715638737	23.804834600671057	26.329459862413866	0.0
49.0	26.224275282142067	23.76797964151361	23.780150475768973	26.227594600575348	0.0
50.0	26.295087408718743	23.808641292321308	23.82911042265988	26.067160876300065	0.0
51.0	26.202146492586852	23.84598362469573	23.739765434830716	26.212104447886702	0.0
52.0	26.158165523345872	23.80753485284355	23.723445452533745	26.31085417127683	0.0
53.0	26.216806815667184	23.723168842664304	23.818599247621155	26.241425094047354	0.0
54.0	26.19882717415357	23.741978313786234	23.722062403186545	26.337132108873647	0.0
55.0	26.2051892011507	23.740318654569595	23.750276609869438	26.304215534410268	0.0
56.0	26.173655676034517	23.763277273733127	23.858984288559416	26.204082761672936	0.0
57.0	26.31555653905731	23.7851294534189	23.68776277937597	26.211551228147822	0.0
58.0	26.32551449435716	23.69163531754813	23.77323522903297	26.20961495906174	0.0
59.0	26.264383713210886	23.772958619163532	23.741701703916796	26.220955963708786	0.0
60.0	26.297576897543706	23.78900199159106	23.66978313786236	26.243637973002876	0.0
61.0	26.278490816552335	23.76963930073025	23.670059747731802	26.281810134985616	0.0
62.0	26.218743084753264	23.661208231909715	23.732850188094712	26.38719849524231	0.0
63.0	26.26466032308033	23.834089400309804	23.736999336136314	26.164250940473554	0.0
64.0	26.19661429519805	23.82247178579332	23.753319318433284	26.227594600575348	0.0
65.0	26.174208895773397	23.835749059526442	23.746957291436157	26.243084753263997	0.0
66.0	26.280980305377295	23.732850188094712	23.74972339013056	26.23644611639743	0.0
67.0	26.239212215091833	23.763277273733127	23.754425757911044	26.243084753263997	0.0
68.0	26.2051892011507	23.812237220624034	23.758298296083204	26.224275282142067	0.0
69.0	26.203529541934056	23.73312679796415	23.740871874308475	26.322471785793315	0.0
70.0	26.221785793317103	23.77212878955521	23.810024341668512	26.19606107545917	0.0
71.0	26.295087408718743	23.714593936711662	23.754149148041602	26.236169506527997	0.0
72.0	26.304215534410268	23.666740429298518	23.71265766762558	26.316386368665633	0.0
73.0	26.23167118922552	23.6415035364474	23.80580934440876	26.321015929918318	0.0
74.0	26.228832546843623	23.77365692820907	23.7753165782442	26.222193946703104	0.0
75.0	26.304070015102816	23.805466887215715	23.81127566233867	26.0791874353428	0.0
76.0	26.217768213276095	23.841149362970995	23.723590818816007	26.217491604936903	0.0
77.0	26.158297420350628	23.814318354069737	23.71971830206737	26.307665923512264	0.0
78.0	26.205874054691	23.72386742715519	23.824276254280512	26.24598226387329	0.0
79.0	26.193150071088343	23.73659141075785	23.7307826356349	26.339475882518904	0.0
80.0	26.204214404655872	23.74737913598619	23.75208147775239	26.296324981605544	0.0
81.0	26.17212783731004	23.76978441146044	23.861065163392546	26.197022587836976	0.0
82.0	26.31568756534872	23.774763361565824	23.696206593236376	26.213342479849082	0.0
83.0	26.317623823723036	23.69039781811342	23.780572136688775	26.211406221474764	0.0
84.0	26.26147233086783	23.777529444957707	23.746549310968625	26.214448913205835	0.0
85.0	26.295771764927167	23.779189094992837	23.67795044284995	26.24708869723004	0.0
86.0	26.27696239786237	23.771167453156377	23.672141667726997	26.279728481254256	0.0
87.0	26.219151254972033	23.660247509141904	23.738804277471356	26.381796958414704	0.0
88.0	26.28360099800289	23.83423415449129	23.728016552243016	26.154148295262807	0.0
89.0	26.196745979497788	23.823169820923763	23.758166861214534	26.221917338363916	0.0
90.0	26.16714888720465	23.83146807109941	23.745996094290252	26.25538694740569	0.0
91.0	26.28360099800289	23.731612460652464	23.754847561144274	26.229938980200373	0.0
92.0	26.24625887221248	23.755953994501024	23.75733703619697	26.24045009708953	0.0
93.0	26.203661187977495	23.814871570748114	23.755953994501024	26.225513246773364	0.0
94.0	26.211129613135576	23.723590818816007	23.75042182771726	26.314857740331156	0.0
95.0	26.224960030094984	23.772273886513133	23.8035306288414	26.199235454550486	0.0
96.0	26.292729073196096	23.720271518745747	23.75235808609158	26.234641321966574	0.0
97.0	26.312921481956835	23.659694292463527	23.705058060090394	26.322326165489233	0.0
98.0	26.234292147387578	23.64081953292045	23.800422103158027	26.324466216533942	0.0
99.0	26.23007047941492	23.76578041845078	23.772142375056703	26.232006727077597	0.0
100.0	26.299498788462177	23.79924984233412	23.82165499385933	26.079596375344376	0.0
101.0	26.220112634292608	23.84406014538454	23.724842610725705	26.210984609597148	0.0
102.0	26.161195383985575	23.81308018278178	23.71848065411978	26.307243779112866	0.0
103.0	26.209048361934478	23.719587081355595	23.83050641174583	26.240858144964097	0.0
104.0	26.18581338998241	23.742822053307663	23.73811973755546	26.333244819154466	0.0
105.0	26.201026764474832	23.753056505238934	23.764397384406013	26.281519345880216	0.0
106.0	26.18083446742125	23.764397384406013	23.861209767539638	26.193558380633096	0.0
107.0	26.3147121629546	23.771589161438797	23.70271406600945	26.210984609597148	0.0
108.0	26.316095196999367	23.70354388643631	23.77878093847158	26.20157997809274	0.0
109.0	26.262433476062448	23.779057545280537	23.751673471194167	26.20683550746285	0.0
110.0	26.296732720372646	23.78127039975216	23.67864927363052	26.243347606244676	0.0
111.0	26.287328088868232	23.75195007800312	23.67864927363052	26.282072559498125	0.0
112.0	26.228134231752247	23.655967515296357	23.746141335015103	26.369756917936293	0.0
113.0	26.2798597050265	23.831059625363736	23.73009814009582	26.158982529513946	0.0
114.0	26.18553678317345	23.832719266217456	23.763290957170202	26.218452993438884	0.0
115.0	26.17668536528695	23.832995873026412	23.74669454863301	26.24362421305363	0.0
116.0	26.294243259092063	23.7201402949735	23.75803542780009	26.227581018134345	0.0
117.0	26.251369203704318	23.753886325665793	23.759141855035903	26.235602615593983	0.0
118.0	26.20075015766588	23.807271439793762	23.756652393755324	26.23532600878503	0.0
119.0	26.20296301213751	23.724566003916753	23.759141855035903	26.313329128909835	0.0
120.0	26.233942974740266	23.76578041845078	23.80339894446842	26.196877662340533	0.0
121.0	26.296456113563693	23.70962923623328	23.75720560737323	26.236709042829798	0.0
122.0	26.31443555614565	23.654031267633684	23.71654440645711	26.31498876976356	0.0
123.0	26.232909109517237	23.64081953292045	23.800698710732096	26.325572646830214	0.0
124.0	26.232981671931444	23.766741719729367	23.776146403261766	26.224130205077422	0.0
125.0	26.301027323371745	23.806849928911657	23.82040373753188	26.07171901018472	0.0
126.0	26.219427863311225	23.843915446362875	23.72442064383357	26.212236046492333	0.0
127.0	26.16880853723978	23.810999053999478	23.714462743622793	26.305729665137946	0.0
128.0	26.205044229673437	23.72165456044169	23.834787371169668	26.23851383871521	0.0
129.0	26.193775741934772	23.742742468625615	23.73306114997469	26.33042063946493	0.0
130.0	26.207329588046065	23.740806204895428	23.764594587866263	26.287269619192244	0.0
131.0	26.1829879868666	23.76653085159645	23.859471510645303	26.19100965089165	0.0
132.0	26.32129253902263	23.768467115326633	23.70235753939605	26.207882806254684	0.0
133.0	26.323505411857123	23.69405926626669	23.783680616063798	26.198754705812387	0.0
134.0	26.265417499951592	23.777595215768933	23.753806832798094	26.20318045148138	0.0
135.0	26.303312947242347	23.776765388455996	23.679122374633838	26.24079928966782	0.0
136.0	26.28118421889738	23.75684953294553	23.67663289269503	26.285333355462058	0.0
137.0	26.226415616243592	23.663632264792366	23.739423159373867	26.370528959590178	0.0
138.0	26.276205255019764	23.82212928156317	23.742742468625615	26.15892299479145	0.0
139.0	26.188796778057156	23.82544859081492	23.765701024283516	26.220053606844417	0.0
140.0	26.175519541050175	23.835683127674464	23.741636032208362	26.247161299066995	0.0
141.0	26.28865266471381	23.718954085654776	23.764871196970578	26.22752205266084	0.0
142.0	26.253523308466175	23.745785168773047	23.760445451301585	26.240246071459193	0.0
143.0	26.204010278794314	23.808852044556193	23.759615623988648	26.22752205266084	0.0
144.0	26.20871263356762	23.718124258341838	23.760445451301585	26.312717656788955	0.0
145.0	26.231394580121208	23.771233206369754	23.807192389930325	26.190179823578713	0.0
146.0	26.297227546947482	23.70761311237798	23.757402751154153	26.237756589520387	0.0
147.0	26.316939588404516	23.663144500995795	23.719572914361585	26.300342996238108	0.0
148.0	26.2448170082347	23.6427407688116	23.796259670999312	26.31618255195439	0.0
149.0	26.23797431939765	23.765345017398857	23.77336674799042	26.223313915213076	0.0
150.0	26.30519088952694	23.795495659967138	23.81236895534939	26.086944495156533	0.0
151.0	26.21418573902268	23.84168976371854	23.733534706432323	26.21058979082646	0.0
152.0	26.176013365862833	23.8004746651619	23.72578958724047	26.297722381734793	0.0
153.0	26.205887397031407	23.718044468048618	23.83947687252087	26.236591262399106	0.0
154.0	26.187980094988617	23.737749538749213	23.739962436068012	26.334307930194157	0.0
155.0	26.206789722198405	23.736366477924967	23.76762365255299	26.28922014732364	0.0
156.0	26.181618015197074	23.765963979563892	23.872183050866212	26.18023495437282	0.0
157.0	26.330158747721406	23.76900671337724	23.6910020828896	26.20983245601175	0.0
158.0	26.32988213555656	23.6932149802084	23.78311393378458	26.193788950450465	0.0
159.0	26.266814561970808	23.77038977420149	23.7587720632778	26.204023600549903	0.0
160.0	26.313838629995267	23.77343250801484	23.67855453547136	26.234174326518534	0.0
161.0	26.288943535158786	23.749367249672908	23.68132065711986	26.280368558048444	0.0
162.0	26.230578368375486	23.661127969085825	23.746877740189255	26.361415922349433	0.0
163.0	26.281475006707844	23.816860617896253	23.749643861837754	26.152020513558146	0.0
164.0	26.19461878694501	23.818796903050202	23.76900671337724	26.217577596627546	0.0
165.0	26.176085771900077	23.83401057211694	23.74466484287046	26.245238813112525	0.0
166.0	26.29143304464244	23.72142942102308	23.76015512410205	26.226982410232434	0.0
167.0	26.26294199166291	23.74217533338681	23.7609849605966	26.23389771435368	0.0
168.0	26.205406661374152	23.800817112334965	23.765134143069343	26.228642083221537	0.0
169.0	26.213151801989948	23.71838668720973	23.76015512410205	26.308306386698277	0.0
170.0	26.241642854969477	23.765687367399043	23.804689682642863	26.187980094988617	0.0
171.0	26.297241900104286	23.70483269113209	23.762368021420848	26.23555738734278	0.0
172.0	26.315847707985263	23.66451277398511	23.712366810874208	26.30727270715542	0.0
173.0	26.24317109940113	23.647151570474254	23.796246352156896	26.313430977967716	0.0
174.0	26.233008956776228	23.75979906725604	23.783864525301926	26.223327450665813	0.0
175.0	26.303691163778797	23.797550288787093	23.817743256102148	26.081015291331962	0.0
176.0	26.21213127088451	23.836276527473498	23.738354466795016	26.213237734846977	0.0
177.0	26.168149328376373	23.800316448693266	23.738907698776252	26.292626524154105	0.0
178.0	26.20908849498772	23.7106928677333	23.84236207926708	26.237856558011906	0.0
179.0	26.1947769224173	23.730674861899086	23.741186298618853	26.333361917064764	0.0
180.0	26.205011742381284	23.741186298618853	23.77050767473189	26.283294284267978	0.0
181.0	26.193670455394162	23.76386887259309	23.866217072232935	26.176243599779813	0.0
182.0	26.335851467866817	23.75916638774477	23.69167189933363	26.21331024505478	0.0
183.0	26.329212665728015	23.69250174960098	23.783232045497922	26.19505353917308	0.0
184.0	26.265037578386274	23.76386887259309	23.76248578881417	26.208607760206466	0.0
185.0	26.310126109578963	23.769401207708757	23.680330612346513	26.240142070365767	0.0
186.0	26.28772015236051	23.753634052629106	23.687246031241095	26.271399763769292	0.0
187.0	26.237929136319504	23.65045600272191	23.747271867246088	26.3643429937125	0.0
188.0	26.27278284754821	23.817809139970844	23.74339923266512	26.16600877981583	0.0
189.0	26.19077256721133	23.812685161365277	23.77866111217148	26.217881159251917	0.0
190.0	26.183027255199733	23.827069312243957	23.742424116688657	26.247479315867654	0.0
191.0	26.287865585642407	23.718911562367744	23.75957445042862	26.233648401561233	0.0
192.0	26.26214008503246	23.736338514393832	23.763723724720546	26.23779767585316	0.0
193.0	26.20985922895419	23.7983010104866	23.753212229847666	26.238627530711543	0.0
194.0	26.21843439582417	23.716698616078716	23.758467977284106	26.30639901081301	0.0
195.0	26.238904148997673	23.75819135899798	23.817387672229458	26.18551681977489	0.0
196.0	26.291738241648204	23.70010151891101	23.769532708729244	26.238627530711543	0.0
197.0	26.321685827146286	23.651482124876903	23.710401982805358	26.31643006517145	0.0
198.0	26.233240296868388	23.662335722406482	23.80009239101871	26.304331589706425	0.0
199.0	26.228057072358414	23.7730494099683	23.78411423323541	26.214779284437878	0.0
200.0	26.303166769938922	23.808865185447463	23.81661060458529	26.071357440028326	0.0
201.0	26.222669735327962	23.835144286093655	23.7355603257502	26.206625652828187	0.0
202.0	26.177856953173407	23.798906789413117	23.735007081526067	26.288229175887405	0.0
203.0	26.22681906700894	23.712324068336727	23.832101442860935	26.228755421793398	0.0
204.0	26.20144231168206	23.72317795426317	23.74696752170798	26.328412212346784	0.0
205.0	26.207804637859162	23.744477915812592	23.765501254484747	26.2822161918435	0.0
206.0	26.20476178620924	23.77684279245262	23.853743952332344	26.16465146900579	0.0
207.0	26.343903093473635	23.765501254484747	23.68528062007784	26.20531503196377	0.0
208.0	26.33278008298755	23.696265560165976	23.78893499308437	26.182019363762105	0.0
209.0	26.26030428769018	23.760719225449517	23.768741355463348	26.21023513139696	0.0
210.0	26.300414937759335	23.78146611341632	23.688520055325036	26.229598893499308	0.0
211.0	26.282987551867222	23.75767634854772	23.688520055325036	26.270816044260027	0.0
212.0	26.24204702627939	23.657538035961274	23.741632088520056	26.358782849239283	0.0
213.0	26.26777316735823	23.82766251728907	23.747717842323652	26.156846473029045	0.0
214.0	26.201455605686323	23.818599774826488	23.777659135986546	26.20228548350065	0.0
215.0	26.187347682842834	23.831047942041334	23.749443290299556	26.23216108481628	0.0
216.0	26.27531473116108	23.72399370399365	23.77433962472925	26.226351940116015	0.0
217.0	26.245162503907345	23.74557052716605	23.764381090957375	26.24488587796923	0.0
218.0	26.195923086924168	23.80642823354975	23.763274587204943	26.23437409232114	0.0
219.0	26.19564646098606	23.720674192736357	23.765210968771697	26.318468377505884	0.0
220.0	26.22539052882873	23.767832098191686	23.81817829746858	26.188599075511	0.0
221.0	26.2868018268478	23.70365452548707	23.768385353128796	26.241158294536334	0.0
222.0	26.31924004691615	23.645628167393276	23.728893265762277	26.3062385199283	0.0
223.0	26.233281234871853	23.650949529039128	23.808074800481336	26.307694435607687	0.0
224.0	26.226991319357996	23.75253807808705	23.794309172489722	26.226161430065233	0.0
225.0	26.292144777754416	23.804399544111625	23.820720790501586	26.08273488763237	0.0
226.0	26.222157060183903	23.82735994157547	23.737178139488563	26.21330485875206	0.0
227.0	26.1712569019508	23.798313655627233	23.73358193265688	26.296847509765087	0.0
228.0	26.213028227457315	23.703705752824405	23.845064344439155	26.23820167527912	0.0
229.0	26.20121885434331	23.71731210250991	23.753551303366372	26.327917739780403	0.0
230.0	26.207028191885186	23.744422344371998	23.771809221355124	26.276740242387692	0.0
231.0	26.194039553727283	23.782861158062758	23.86363950725207	26.15945978095789	0.0
232.0	26.330698815711944	23.77290218350517	23.68742098521922	26.208978015563666	0.0
233.0	26.331048295627447	23.69467912648486	23.794822425459635	26.179450152428057	0.0
234.0	26.262165197713855	23.75609297281746	23.766881891767778	26.214859937700908	0.0
235.0	26.311960208253797	23.772691309664104	23.66867506542511	26.246673416656986	0.0
236.0	26.280700007192614	23.75498641702768	23.690252903325753	26.274060672453952	0.0
237.0	26.236714414548995	23.64931033910402	23.750006915973685	26.363968330373293	0.0
238.0	26.264378309293406	23.82137976441427	23.748623721236463	26.16561820505585	0.0
239.0	26.201377112490004	23.816742788694288	23.767224280114306	26.2146558187014	0.0
240.0	26.188210298007014	23.829218630694836	23.740137439552047	26.242433631746103	0.0
241.0	26.2848179011321	23.724035279926518	23.76332127087414	26.22782554806724	0.0
242.0	26.252023185358365	23.74396502829001	23.761118873379722	26.242892912971904	0.0
243.0	26.201517356634145	23.804293089995518	23.766386842935326	26.22780271043501	0.0
244.0	26.201847250430273	23.717632995943575	23.765502127824416	26.31501762580174	0.0
245.0	26.23019771158183	23.75306113978167	23.82998740954937	26.18675373908712	0.0
246.0	26.282145298270184	23.704710169993387	23.766973741376496	26.24617079035994	0.0
247.0	26.323494412681193	23.639422837439188	23.722720656198632	26.314362093680987	0.0
248.0	26.234221967615078	23.65411066001367	23.80383073052878	26.30783664184247	0.0
249.0	26.23042010295013	23.75989372889799	23.794763934244756	26.214922233907124	0.0
