# Position (bp)	A	C	G	T	N
0.0	25.752903705339953	24.20605188610251	24.1609776628866	25.88006674567093	0.0
1.0	25.851708790667544	24.13351522225174	24.06097855840097	25.953797428679742	0.0
2.0	25.75743103273296	23.95899872841135	24.223166793029545	26.060403445826147	0.0
3.0	25.74051743693215	24.11949760622739	24.217397533399396	25.922587423441062	0.0
4.0	25.838011753504713	24.25973514321786	24.003653196995067	25.898599906282367	0.0
5.0	25.920067803893946	24.07873846557878	24.191546000405868	25.809647730121405	0.0
6.0	25.951048032849506	24.0477583078686	24.25814075630252	25.743052902979375	0.0
7.0	25.911989472396375	24.157985670761732	24.186632211244362	25.743392645597535	0.0
8.0	25.928445677796674	24.028287530212154	24.218064631635485	25.82520216035568	0.0
9.0	26.085218117801517	24.11111774183923	23.910902906248136	25.892761234111116	0.0
10.0	25.859301340271397	24.072969005478047	24.217976106648845	25.84975354760171	0.0
11.0	25.850350284643568	24.382675530200864	24.067001635059494	25.699972550096074	0.0
12.0	25.879292031173545	24.103999331654514	24.11444222988698	25.90226640728497	0.0
13.0	25.688336177779895	24.193211519411857	24.221258160379048	25.897194142429196	0.0
14.0	25.870340975545712	24.156810559858695	24.008819773478617	25.964028691116976	0.0
15.0	25.89928272207569	24.146666030147156	24.0735657425199	25.880485505257255	0.0
16.0	25.921958729666184	24.143980713458806	24.042833784864364	25.891226772010643	0.0
17.0	25.90166967024311	24.241547219802122	24.05327668309683	25.803506426857943	0.0
18.0	25.806490112067216	24.123691654035735	24.22841900488131	25.841399229015742	0.0
19.0	25.875114871880555	24.199775626872263	24.14756113570994	25.777548365537246	0.0
20.0	25.90107293320126	24.115038966928832	24.168745300695797	25.81514279917412	0.0
21.0	25.810667271360206	24.11921612622182	24.053575051617752	26.016541550800227	0.0
22.0	25.877800188568905	24.18157514709568	23.99390134743224	25.946723316903174	0.0
23.0	25.803506426857943	24.118917757700892	24.157407296900548	25.92016851854062	0.0
24.0	25.892718614615283	24.17322082850971	24.135328026351907	25.7987325305231	0.0
25.0	25.753005307960148	24.207460980973096	24.1636009392613	25.875932771805456	0.0
26.0	25.84400743532136	24.14540051378906	24.061857577195163	25.94873447369442	0.0
27.0	25.73719182353345	23.972944023248804	24.23341896484334	26.056445188374404	0.0
28.0	25.73987713220968	24.11795069176535	24.217008745155255	25.925163430869713	0.0
29.0	25.830580891940198	24.259078581082896	24.005167727363595	25.905172799613315	0.0
30.0	25.90666463776678	24.08393678186641	24.18478504104047	25.824613539326347	0.0
31.0	25.96007244366073	24.046939195660542	24.255498169514585	25.73749019116414	0.0
32.0	25.921881386932093	24.151666234033602	24.180906261841464	25.745546117192834	0.0
33.0	25.915615666687554	24.047237563291233	24.241176523241347	25.795970246779866	0.0
34.0	26.053163144436787	24.14301357274352	23.937438275196403	25.866385007623293	0.0
35.0	25.841245024734604	24.084461656890184	24.22529075838858	25.849002559986634	0.0
36.0	25.830802188818407	24.381933297131503	24.102065294577482	25.685199219472604	0.0
37.0	25.860042129383753	24.101170194356094	24.145030105204114	25.893757571056042	0.0
38.0	25.699520823014815	24.169496177922053	24.243192762816342	25.887790236246783	0.0
39.0	25.8692914983381	24.14144970431856	24.019417707469312	25.96984108987403	0.0
40.0	25.8940559377965	24.14025623735671	24.080582889264168	25.88510493558262	0.0
41.0	25.902708573269923	24.152190906975218	24.06089068439363	25.884209835361233	0.0
42.0	25.92985994665203	24.246773163701896	24.02598177575949	25.797385113886584	0.0
43.0	25.793207979520105	24.1459252054255	24.237523794747553	25.823343020306837	0.0
44.0	25.867799664635783	24.21723485639609	24.15338437393707	25.761581105031063	0.0
45.0	25.89137063713234	24.127128100776353	24.17576187947177	25.805739382619542	0.0
46.0	25.787240644710852	24.122055866188486	24.080284522523705	26.01041896657696	0.0
47.0	25.864517630490695	24.19754265152555	24.008676504812655	25.9292632131711	0.0
48.0	25.807529583062315	24.145328471944573	24.145328471944573	25.901813473048534	0.0
49.0	25.909571008300563	24.17188311184576	24.140554604097172	25.777991275756506	0.0
50.0	25.75643202181651	24.22521847839384	24.16166655229309	25.856682947496562	0.0
51.0	25.843256484235837	24.13481362577165	24.06678621191733	25.95514367807518	0.0
52.0	25.74270719270555	23.971905871541566	24.22939560029717	26.05599133545571	0.0
53.0	25.730772558696025	24.114226382105212	24.232677624649792	25.92232343454898	0.0
54.0	25.825056167371308	24.252966502465995	24.04291694389827	25.87906038626443	0.0
55.0	25.905316581085398	24.070664967970426	24.203139405476207	25.82087904546797	0.0
56.0	25.956635507326375	24.05127118770494	24.252966502465995	25.739126802502692	0.0
57.0	25.900244361631348	24.160174723041898	24.187922747114058	25.7516581682127	0.0
58.0	25.904719849384918	24.048884260903034	24.237451478253604	25.80894441145844	0.0
59.0	26.039879579542845	24.143764601278797	23.939682359715835	25.876673459462523	0.0
60.0	25.846759756534194	24.10550184986275	24.233500417710943	25.814237975892112	0.0
61.0	25.84019572741377	24.37432867883996	24.107590404582886	25.677885189163383	0.0
62.0	25.84795321637427	24.11266260890321	24.14786967418546	25.891514500537056	0.0
63.0	25.644766678601265	24.193221148108364	24.26154672395274	25.900465449337627	0.0
64.0	25.827366034132954	24.13265306122449	24.059852010979828	25.98012889366273	0.0
65.0	25.866153478935434	24.157715717866093	24.08968850698174	25.88644229621673	0.0
66.0	25.881370091896404	24.151151688745674	24.077455543620957	25.89002267573696	0.0
67.0	25.945816923260534	24.232903687790905	24.066714405060267	25.75456498388829	0.0
68.0	25.783804749970162	24.1547320682659	24.240661176751402	25.82080200501253	0.0
69.0	25.835720253013488	24.20813939610932	24.180391454827546	25.77574889604965	0.0
70.0	25.87062895333572	24.111469149063133	24.184568564267813	25.833333333333336	0.0
71.0	25.780821100369973	24.121016827783745	24.095059076262086	26.0031029955842	0.0
72.0	25.87391096789593	24.18188327962764	24.01032342761666	25.93388232485977	0.0
73.0	25.812447786131997	24.134144886024586	24.13563671082468	25.917770617018736	0.0
74.0	25.901658909177705	24.151151688745674	24.13563671082468	25.811552691251936	0.0
75.0	25.750311044542773	24.228355924466154	24.17256184341257	25.848771187578507	0.0
76.0	25.83086934339019	24.15555509143367	24.075295156656054	25.938280408520086	0.0
77.0	25.727933739307378	24.003986143972597	24.242379035747	26.025701080973025	0.0
78.0	25.75090777268238	24.117066126428792	24.233726477722648	25.89829962316618	0.0
79.0	25.83982026548435	24.260877608074924	24.03083891025507	25.868463216185656	0.0
80.0	25.923660569099628	24.065747506422287	24.202994978532704	25.80759694594538	0.0
81.0	25.979156286083406	24.050829302932023	24.265353069122003	25.70466134186257	0.0
82.0	25.89889635130579	24.143322164571654	24.202696614462898	25.755084869659655	0.0
83.0	25.920975292471383	24.05291785142066	24.232831385513233	25.79327547059473	0.0
84.0	26.050166934697057	24.152571450735614	23.91059819012355	25.886663424443775	0.0
85.0	25.843323527130163	24.10804327459557	24.24648378992845	25.802149408345816	0.0
86.0	25.843920253489355	24.389101389775693	24.098495652848474	25.66848270388648	0.0
87.0	25.840339895334196	24.143846856147178	24.143846856147178	25.871966392371448	0.0
88.0	25.64013820182479	24.19188332806225	24.275723381528934	25.892255088584026	0.0
89.0	25.814979025068475	24.141161587530807	24.070151150786785	25.973708236613934	0.0
90.0	25.84481534302815	24.157571562408624	24.098197289668878	25.89941580489435	0.0
91.0	25.882409103657334	24.150112482918708	24.079698772533877	25.88777964089008	0.0
92.0	25.934921023266362	24.24409688449168	24.062095344937674	25.758886747304288	0.0
93.0	25.780965622594447	24.158466651947418	24.259910133010308	25.800657592447827	0.0
94.0	25.847798974824116	24.22112291966273	24.17726353226201	25.753814573251145	0.0
95.0	25.873458208269433	24.12982378670613	24.171594631849672	25.825123373174762	0.0
96.0	25.769031095410575	24.126840154910163	24.096407110591297	26.007721639087965	0.0
97.0	25.858241686110002	24.185916064470316	24.029872121541224	25.925970127878458	0.0
98.0	25.78812633890477	24.145637035224755	24.143846856147178	25.922389769723296	0.0
99.0	25.909858516180233	24.156079746510642	24.16085355738419	25.773208179924932	0.0
100.0	25.7480688500819	24.23119497080525	24.167942165453823	25.852794013659025	0.0
101.0	25.817885625799985	24.15839457219323	24.088876158764542	25.934843643242246	0.0
102.0	25.74448850260918	23.97848211168894	24.244322911538564	26.03270647416332	0.0
103.0	25.768655848050052	24.11483367794178	24.231791695384036	25.884718778624134	0.0
104.0	25.851003839922665	24.232388419962824	24.05993501669337	25.85667272342114	0.0
105.0	25.897249994778658	24.07515149345244	24.21150305970528	25.816095452063625	0.0
106.0	25.988548855333075	24.02442990425554	24.28311000915972	25.70391123125166	0.0
107.0	25.916345181299842	24.147056805196275	24.209414523679524	25.727183489824355	0.0
108.0	25.933650194084667	24.05068578572217	24.224929362727988	25.790734657465176	0.0
109.0	26.047922950922388	24.14735516748567	23.92089818983599	25.883823691755953	0.0
110.0	25.839290615937273	24.10521416381234	24.251112888019	25.804382332231384	0.0
111.0	25.84973326490912	24.38806077024979	24.11685025838097	25.645355706460123	0.0
112.0	25.83004141256221	24.133856858135122	24.160709384062727	25.875392345239945	0.0
113.0	25.647145874855294	24.19740783616379	24.283335919132128	25.872110369848787	0.0
114.0	25.820792209187143	24.144597868506164	24.09119117805015	25.94341874425654	0.0
115.0	25.8577890226874	24.154145433280423	24.092086262247737	25.89597928178444	0.0
116.0	25.87270709264718	24.1490732894941	24.09029609385256	25.88792352400616	0.0
117.0	25.946103996849303	24.254991586208543	24.047332052368393	25.75157236457376	0.0
118.0	25.78081178169493	24.165184805050664	24.24216204604313	25.811841367211276	0.0
119.0	25.847943096513948	24.22664725328496	24.178014345216074	25.74739530498502	0.0
120.0	25.878674320631095	24.127591268752013	24.18159468200642	25.81213972861047	0.0
121.0	25.748588750581803	24.13475194233271	24.095368237638887	26.0212910694466	0.0
122.0	25.872408731247987	24.187263548591137	24.0264467544247	25.913880965736176	0.0
123.0	25.781706865892517	24.144597868506164	24.147581482498122	25.9261137831032	0.0
124.0	25.887028439808574	24.157427408671577	24.167870057643423	25.78767409387643	0.0
125.0	25.7525442844228	24.22254246441284	24.19031933715834	25.83459391400602	0.0
126.0	25.821167610983313	24.158692934482627	24.073361319716078	25.946778134817983	0.0
127.0	25.71733753427437	23.996682211341945	24.24641144756432	26.039568806819368	0.0
128.0	25.738222894531916	24.131541966147815	24.26670008324308	25.86353505607719	0.0
129.0	25.852197289080237	24.229404797068888	24.05665303151004	25.86174488234083	0.0
130.0	25.89963689309381	24.069780972243358	24.216575218624968	25.81400691603787	0.0
131.0	25.996604637146703	24.01756757159949	24.276247676503672	25.709580114750135	0.0
132.0	25.88979093754382	24.149145341222034	24.214785044888608	25.74627867634554	0.0
133.0	25.92708622371801	24.041138192461577	24.256854127693092	25.77492145612732	0.0
134.0	26.066123050575392	24.150637152669	23.924478537308712	25.858761259446894	0.0
135.0	25.844516979848553	24.108341637775165	24.23932307361813	25.80781830875815	0.0
136.0	25.857943322930403	24.385222668440935	24.118485985881456	25.63834802274721	0.0
137.0	25.849290790722097	24.13787959255524	24.157869925588223	25.85495969113444	0.0
138.0	25.666990887988494	24.171594631849672	24.283779187378045	25.87763529278379	0.0
139.0	25.818559383223633	24.154886293792256	24.081190588431863	25.945363734552245	0.0
140.0	25.86182204426516	24.16532900507814	24.092528389256536	25.88032056140016	0.0
141.0	25.911051968898626	24.122961433575405	24.080295498893072	25.8856910986329	0.0
142.0	25.92417994880088	24.250064148083613	24.046282096419045	25.779473806696462	0.0
143.0	25.793795239317106	24.158765015127013	24.25245105352039	25.794988692035492	0.0
144.0	25.850484243440487	24.217244198327972	24.170102815951687	25.76216874227985	0.0
145.0	25.87465166098782	24.13787959255524	24.1689093632333	25.818559383223633	0.0
146.0	25.766644189973803	24.113115448648713	24.10058419510565	26.019656166271833	0.0
147.0	25.873159845089837	24.18382752221314	23.99943907722236	25.943573555474664	0.0
148.0	25.774103269463723	24.153692841073866	24.144145219326774	25.928058670135634	0.0
149.0	25.89941580489435	24.13817795573484	24.179948800878382	25.78245743849243	0.0
150.0	25.740465030239196	24.231339565164202	24.170771658993736	25.85742374560286	0.0
151.0	25.843102270252206	24.144515620850875	24.091705180495342	25.920676928401576	0.0
152.0	25.73390102070348	23.98936630455214	24.242379035747	26.034353638997377	0.0
153.0	25.736287933261927	24.146007441199902	24.243274127956415	25.874430497581756	0.0
154.0	25.867568123976238	24.215526269464526	24.057094948397932	25.859810658161305	0.0
155.0	25.91739492363372	24.062763865724236	24.207470439579783	25.812370771062266	0.0
156.0	25.983333383060682	24.041878380837865	24.26565143319181	25.709136802909647	0.0
157.0	25.883381419675917	24.165997833876855	24.214929541324913	25.735691205122315	0.0
158.0	25.94096568514833	24.02606508513819	24.24685449679408	25.7861147329194	0.0
159.0	26.04748165806881	24.149587810037566	23.946103514430376	25.856827017463246	0.0
160.0	25.873015873015877	24.0905836018618	24.236484067311135	25.799916457811197	0.0
161.0	25.870032223415684	24.36657118987946	24.111469149063133	25.651927437641724	0.0
162.0	25.852727055734576	24.113856068743285	24.164279746986512	25.869137128535623	0.0
163.0	25.682062298603654	24.153836973385843	24.28452082587421	25.87957990213629	0.0
164.0	25.817221625492305	24.13563671082468	24.092672156581934	25.954469507101084	0.0
165.0	25.86734693877551	24.15264351354577	24.10281656522258	25.877192982456144	0.0
166.0	25.90374746389784	24.160699367466286	24.078052273540994	25.85750089509488	0.0
167.0	25.945220193340496	24.244241556271632	24.053287981859413	25.757250268528466	0.0
168.0	25.785893304690298	24.14816803914548	24.269304212913234	25.796634443250984	0.0
169.0	25.861379639575127	24.214106695309702	24.166069936746627	25.75844372836854	0.0
170.0	25.89032104069698	24.115347893543383	24.16905358634682	25.82527747941282	0.0
171.0	25.77932927556988	24.11206587898317	24.109380594343	25.999224251103954	0.0
172.0	25.902554004057766	24.162787922186418	24.013008712256834	25.921649361498982	0.0
173.0	25.776942355889727	24.130862871464377	24.14249910490512	25.94969566774078	0.0
174.0	25.881668456856428	24.13921709034491	24.18188327962764	25.79723117317102	0.0
175.0	25.762100972971037	24.21925116138907	24.155400869438086	25.863246996201806	0.0
176.0	25.853400923143944	24.12466918686355	24.089462016535435	25.932467873457078	0.0
177.0	25.731966022096977	23.962954896034418	24.25356323416647	26.051515847702134	0.0
178.0	25.733756217198405	24.150627015834274	24.22820213689622	25.8874146300711	0.0
179.0	25.87070614245776	24.21626750288669	24.031579041589215	25.881447313066335	0.0
180.0	25.912333622749934	24.044552254615002	24.22357283303049	25.819541289604576	0.0
181.0	26.000650441434907	24.019191006006142	24.266239404219515	25.713919148339436	0.0
182.0	25.89622177069254	24.152262969294988	24.216113642263178	25.735401617749293	0.0
183.0	25.945750797387497	24.024263255727913	24.23819284693442	25.791793099950173	0.0
184.0	26.05584845311302	24.120934368072277	23.94072031913402	25.882496859680685	0.0
185.0	25.867058921815513	24.08102495554309	24.230507584527803	25.821408538113594	0.0
186.0	25.88555777011302	24.343887622480278	24.10310422609173	25.66745038131497	0.0
187.0	25.869744238503863	24.11533733544976	24.137416605998403	25.877501820047975	0.0
188.0	25.689384581416302	24.14322967949062	24.28495557266212	25.882430166430954	0.0
189.0	25.827010350496636	24.13554406494944	24.081240508066465	25.956205076487453	0.0
190.0	25.873556256396334	24.186267167532442	24.09168349977473	25.848493076296496	0.0
191.0	25.922489131829344	24.17105023675754	24.044839222683372	25.861621408729746	0.0
192.0	25.931141896387622	24.24952186016536	24.05349198724165	25.765844256205373	0.0
193.0	25.817164101171702	24.145390314274376	24.252505572082004	25.784940012471917	0.0
194.0	25.882507392146277	24.198202015199026	24.171348607949206	25.74794198470549	0.0
195.0	25.918908677529366	24.122415732516195	24.15135773810767	25.80731785184677	0.0
196.0	25.79448789060519	24.122415732516195	24.087506303091423	25.995590073787195	0.0
197.0	25.931141896387622	24.156131677174304	23.977407333367147	25.935319093070923	0.0
198.0	25.780839738387357	24.12338282331599	24.13501933451091	25.960758103785746	0.0
199.0	25.913615314842218	24.112641428366828	24.161276077719958	25.812467179070993	0.0
200.0	25.732580239951545	24.237134903371913	24.159856303576596	25.870428553099945	0.0
201.0	25.847463948655363	24.131500505748225	24.102557982019828	25.91847756357658	0.0
202.0	25.732896107034907	23.964098907033716	24.256809779705975	26.046195206225402	0.0
203.0	25.754081093742077	24.125820918234904	24.24069725460475	25.879400733418272	0.0
204.0	25.85881250690004	24.214141426197173	24.04704857329558	25.879997493607203	0.0
205.0	25.905591693023812	24.02607865369696	24.217342006325715	25.85098764695351	0.0
206.0	25.996896819239723	24.012054663722623	24.27522826281554	25.715820254222116	0.0
207.0	25.921704362356028	24.127230411171453	24.22868055141135	25.722384675061168	0.0
208.0	25.955278124235388	24.021447881171337	24.244937906175963	25.77833608841731	0.0
209.0	26.05314825534556	24.108576168623074	23.93939213100275	25.898883445028613	0.0
210.0	25.862866384390674	24.072234008587635	24.225605953457286	25.839293653564404	0.0
211.0	25.86182716609326	24.332872816898465	24.088789160059797	25.716510856948478	0.0
212.0	25.849747410698566	24.104747724010753	24.146821074869678	25.898683790421	0.0
213.0	25.706894082261105	24.11884414313337	24.283557327349552	25.890704447255974	0.0
214.0	25.83603133159269	24.128011935844835	24.073405445729207	25.962551286833268	0.0
215.0	25.88825065274151	24.169190600522196	24.087131667288325	25.855427079447967	0.0
216.0	25.901833058309936	24.167842851729066	24.043112528832697	25.887211561128304	0.0
217.0	25.94944452236085	24.235714690690116	24.04026056571287	25.774580221236164	0.0
218.0	25.791598654782117	24.150958035050863	24.261368553293963	25.796074756873054	0.0
219.0	25.873218127724844	24.209291846582175	24.17109554744547	25.74639447824751	0.0
220.0	25.914851585603486	24.114840246009507	24.136624202871303	25.833683965515696	0.0
221.0	25.775647778172345	24.10901592625639	24.091708021616974	26.02362827395429	0.0
222.0	25.9241133376106	24.148252040405247	24.00143238686382	25.92620223512034	0.0
223.0	25.768716577540108	24.127733479755538	24.134000190985486	25.96954975171887	0.0
224.0	25.928379588182633	24.108027454491197	24.145628170695314	25.817964786630853	0.0
225.0	25.767473507354676	24.22193241876136	24.13001763689483	25.880576436989134	0.0
226.0	25.88909745827203	24.114632916227727	24.07136057203055	25.924909053469698	0.0
227.0	25.75839418890245	23.95048390995664	24.233995756275313	26.0571261448656	0.0
228.0	25.743788704021487	24.119376259046483	24.2375587555025	25.89927628142953	0.0
229.0	25.87764457297365	24.211142049642913	24.0407314227049	25.87048195467853	0.0
230.0	25.908925405740955	24.037652283430727	24.21075250846102	25.842669802367297	0.0
231.0	26.01443306353413	24.004369314519018	24.26043979657618	25.720757825370676	0.0
232.0	25.92372618308581	24.14790363401939	24.215355045126785	25.713015137768014	0.0
233.0	25.960746391604882	24.014182873106265	24.238625646168355	25.786445089120498	0.0
234.0	26.05595549347564	24.099841218676506	23.950610651480964	25.89359263636689	0.0
235.0	25.893072994857498	24.0652915526293	24.220790267750285	25.82084518476292	0.0
236.0	25.871151636347356	24.31613663836201	24.114969630945097	25.69774209434554	0.0
237.0	25.85952167048212	24.080634907369546	24.15913276285589	25.900710659292447	0.0
238.0	25.714115153866818	24.102020714562876	24.281407635137153	25.902456496433157	0.0
239.0	25.82672934855608	24.115812252816955	24.082978882172974	25.974479516453997	0.0
240.0	25.926401318185345	24.141955666465677	24.060166086577553	25.871476928771425	0.0
241.0	25.944456551267088	24.15898215122649	24.033004856991887	25.863556440514536	0.0
242.0	25.96452679000588	24.238036524091154	24.0529381383282	25.74449854757476	0.0
243.0	25.782162018528858	24.147526251205452	24.278297112591325	25.79201461767437	0.0
244.0	25.87439313503604	24.19189174663649	24.160839369636747	25.772875748690726	0.0
245.0	25.892681178894563	24.11090208725253	24.147630565260233	25.848786168592675	0.0
246.0	25.76738963594719	24.121372835347554	24.087926920676445	26.02331060802881	0.0
247.0	25.930416604449753	24.13319396744811	23.98745707033	25.948932357772136	0.0
248.0	25.770671190247224	24.11793165650255	24.132864250772016	25.978532902478214	0.0
249.0	25.909101769224335	24.10612956790787	24.167054916436705	25.817713746431085	0.0
