# Position (bp)	A	C	G	T	N
0.0	26.295611384240676	23.79910694150016	23.788958549456495	26.11632312480267	0.0
1.0	26.31957286545487	23.723557800730685	23.73567949122728	26.22118984258716	0.0
2.0	26.147372100036925	23.795833579958792	23.81415432834727	26.242639991657015	0.0
3.0	26.27473084944479	23.79149991545009	23.7728989346711	26.160870300434024	0.0
4.0	26.19272402413489	23.858707751966385	23.68877152736875	26.259796696529975	0.0
5.0	26.12817232420125	23.921987454419412	23.760236258193235	26.1896039631861	0.0
6.0	26.31838482888823	23.74064837905237	23.62427265170407	26.316694140355327	0.0
7.0	26.11380977605464	23.743899827560945	23.8489974866726	26.293292909711813	0.0
8.0	26.237198360263147	23.699550621944862	23.76914082860242	26.294110189189567	0.0
9.0	26.296720974326178	23.669612596597293	23.78343048234555	26.250235946730978	0.0
10.0	26.155081343756603	23.809845763786182	23.739418268892177	26.29565462356504	0.0
11.0	26.14832030424678	23.886752588210438	23.726177899852104	26.23874920769068	0.0
12.0	26.31368406225791	23.755757447707584	23.803366434255935	26.127192055778576	0.0
13.0	26.21931121909994	23.806183534051694	23.753785477850553	26.220719768997817	0.0
14.0	26.210296499753504	23.83294598211142	23.7120924008733	26.24466511726178	0.0
15.0	26.14437636453271	23.848440030988098	23.78167476582858	26.225508838650608	0.0
16.0	26.180998661877595	23.659130924713008	23.847313191069794	26.3125572223396	0.0
17.0	26.285513064300304	23.671526163814352	23.700542291710683	26.34241848017466	0.0
18.0	26.210859919712654	23.776040566237057	23.84111557151912	26.171983942531163	0.0
19.0	26.35002464962321	23.80928234382703	23.60025353898162	26.240439467568137	0.0
20.0	26.20973307979435	23.682231143038244	23.831537432213537	26.27649834495387	0.0
21.0	26.17367420240862	23.808155503908726	23.774068596380026	26.244101697302625	0.0
22.0	26.211423339671807	23.78646383548137	23.8354813719276	26.16663145291922	0.0
23.0	26.202408620325375	23.73068525952532	23.8284386224382	26.238467497711106	0.0
24.0	26.361293048806257	23.77378688640045	23.60447918867526	26.260440876118036	0.0
25.0	26.298397638150185	23.782734607410077	23.80639817903182	26.112469575407914	0.0
26.0	26.33023077616515	23.723012259983772	23.735689173352565	26.21106779049851	0.0
27.0	26.13866852970342	23.802454250428198	23.83034345983954	26.22853376002885	0.0
28.0	26.2626205715316	23.79541152077887	23.760197872532228	26.18177003515731	0.0
29.0	26.179798070855494	23.862176597854504	23.695968178130354	26.262057153159653	0.0
30.0	26.120357432615158	23.934294149463625	23.764423510321826	26.180924907599383	0.0
31.0	26.299524474894078	23.756253943928606	23.633147029658343	26.311074551518978	0.0
32.0	26.109578930465915	23.74717235201154	23.849432498443562	26.29381621907898	0.0
33.0	26.243672125236284	23.69843680013071	23.766610231085394	26.29128084354761	0.0
34.0	26.301140637280724	23.660969583944873	23.789428610867745	26.24846116790665	0.0
35.0	26.14422906272801	23.810275031903476	23.754215061820908	26.29128084354761	0.0
36.0	26.15803277395437	23.87788504607341	23.733932057569927	26.230150122402296	0.0
37.0	26.318888266000336	23.742383309341168	23.806612822802602	26.132115601855894	0.0
38.0	26.212684202075064	23.804922572448355	23.754778478605658	26.227614746870927	0.0
39.0	26.207895159404693	23.8356287872172	23.7130856365342	26.24339041684391	0.0
40.0	26.136059519349143	23.854221541113933	23.789146902475373	26.220572037061558	0.0
41.0	26.177188944635848	23.672801336424612	23.844361747380816	26.30564797155872	0.0
42.0	26.289590593193363	23.65589883288213	23.703225842801082	26.351284731123425	0.0
43.0	26.204796367088573	23.76463827233877	23.849714206835937	26.18085115373672	0.0
44.0	26.363679900387915	23.809148198333975	23.581527817295207	26.245644083982906	0.0
45.0	26.20902199297419	23.670265960893243	23.82717753544596	26.293534510686605	0.0
46.0	26.18394994605284	23.795907903892367	23.77759685838801	26.242545291666787	0.0
47.0	26.226206204909055	23.79252740318387	23.82914949419258	26.1521168977145	0.0
48.0	26.19042923907746	23.73365034917755	23.82717753544596	26.24874287629903	0.0
49.0	26.35466523183192	23.779850525527007	23.603501071900432	26.26198317074064	0.0
50.0	26.29289702460434	23.790488424634766	23.812743324938445	26.103871225822445	0.0
51.0	26.330082427643404	23.709638343784686	23.76288107995425	26.197398148617662	0.0
52.0	26.14978956442371	23.79893965259819	23.837815301229938	26.213455481748166	0.0
53.0	26.26979700150432	23.802038436184777	23.765134740744497	26.163029821566408	0.0
54.0	26.191200581444484	23.85922507873727	23.69076393466637	26.258810405151866	0.0
55.0	26.125562710928563	23.922609288462947	23.76879693952865	26.18303106107984	0.0
56.0	26.31008118812997	23.744851793632282	23.626252894545576	26.318814123692174	0.0
57.0	26.113657427622478	23.748165384431193	23.84535423222219	26.292822955724144	0.0
58.0	26.246904746477963	23.706191070457688	23.766194619963436	26.280709563100917	0.0
59.0	26.3071900027889	23.649004589003855	23.79746407533967	26.24634133286758	0.0
60.0	26.155350034790793	23.81154941559923	23.749855625262338	26.28324492434764	0.0
61.0	26.155350034790793	23.886483425780117	23.730136148898946	26.228030390530144	0.0
62.0	26.32775459956786	23.748165384431193	23.799717729781197	26.12436228621975	0.0
63.0	26.216198704712106	23.801407970612345	23.759433656638844	26.2229596680367	0.0
64.0	26.21676211832249	23.824507928638035	23.719431290301678	26.2392986627378	0.0
65.0	26.141264694531223	23.848734713884483	23.790984818820267	26.21901577276402	0.0
66.0	26.180985354063196	23.66506187689976	23.847044473053337	26.306908295983707	0.0
67.0	26.289442474061847	23.663935049678994	23.694922798250037	26.351699678009123	0.0
68.0	26.195634107933145	23.774364117313983	23.844227405001423	26.185774369751453	0.0
69.0	26.36127770938563	23.81042258837847	23.59548029601751	26.232819406218393	0.0
70.0	26.206902380140797	23.67633014910741	23.82338110141727	26.293386369334527	0.0
71.0	26.161265877699808	23.809859174768086	23.781406787443764	26.247468160088346	0.0
72.0	26.21901577276402	23.788449457573545	23.835776200845686	26.156758568816745	0.0
73.0	26.195070694322766	23.720558117522444	23.8321140123782	26.252257175776595	0.0
74.0	26.35338991884027	23.770983635651685	23.611255877108224	26.26437056839982	0.0
75.0	26.286551355005916	23.77824102766353	23.825849343624995	26.109358273705563	0.0
76.0	26.33641331906023	23.711758408924446	23.767817905234097	26.18401036678123	0.0
77.0	26.156966589667025	23.801904332638458	23.837680996112457	26.20344808158206	0.0
78.0	26.268522170263115	23.800777508592034	23.763592315060002	26.16710800608485	0.0
79.0	26.188517662966927	23.861344301087385	23.701898698518225	26.24823933742746	0.0
80.0	26.128232576483185	23.929517155896107	23.761056960955546	26.18119330666516	0.0
81.0	26.318102428305817	23.74781677841005	23.62583807538453	26.3082427178996	0.0
82.0	26.12139804665602	23.74183406999248	23.85113569458647	26.285632188765035	0.0
83.0	26.254362909564172	23.697888055980464	23.757327856983895	26.29042117747147	0.0
84.0	26.30366132271868	23.65084328457016	23.799583639687757	26.2459117530234	0.0
85.0	26.156047788473185	23.806907975356427	23.752257163059433	26.284787073110955	0.0
86.0	26.156611198909236	23.869164828540118	23.736763376068016	26.23746059648263	0.0
87.0	26.325916034942715	23.739862133466296	23.80268239708604	26.131539434504948	0.0
88.0	26.207318138153873	23.79930193446973	23.762116845690333	26.231263081686063	0.0
89.0	26.216332705130696	23.82606393018218	23.718734242114365	26.238869122572755	0.0
90.0	26.138863770173614	23.863530724179604	23.77423017006544	26.223375335581338	0.0
91.0	26.183091489403658	23.67140776548604	23.840712601519517	26.304788143590784	0.0
92.0	26.292674819215677	23.652533515878314	23.70183192903282	26.35295973587319	0.0
93.0	26.20929007468005	23.7770472222457	23.842966243263724	26.17069645981053	0.0
94.0	26.37014375417276	23.793386124891192	23.60464362881394	26.231826492122114	0.0
95.0	26.21351565295044	23.661829788073163	23.83310656063282	26.291547998343574	0.0
96.0	26.165625765886062	23.811133553626814	23.782963031824238	26.240277648662886	0.0
97.0	26.221685104273185	23.776483811809644	23.832543150196773	26.169287933720398	0.0
98.0	26.195204813778766	23.728312219527243	23.82606393018218	26.25041903651181	0.0
99.0	26.345917105422544	23.776765517027673	23.61563013231694	26.261687245232846	0.0
100.0	26.288656889645107	23.770219335064876	23.83134919517046	26.109774580119556	0.0
101.0	26.339363686046052	23.71359674575049	23.76768399524483	26.179355572958627	0.0
102.0	26.16076308094495	23.789938644776353	23.844589303119594	26.204708971159103	0.0
103.0	26.267529057811384	23.811066476610083	23.75726093154019	26.16414353403835	0.0
104.0	26.204427266734655	23.853040435853085	23.701765159923603	26.240767137488664	0.0
105.0	26.134282865046675	23.927973812756704	23.751908547475647	26.185834774720973	0.0
106.0	26.322743125003523	23.753317069597895	23.617535537013147	26.306404268385442	0.0
107.0	26.117588729601138	23.742827121298767	23.85579027728088	26.283793871819217	0.0
108.0	26.266328246704774	23.691557060478953	23.77184259527921	26.270272097537067	0.0
109.0	26.303513125980682	23.658034328404458	23.793533774856822	26.244918770758037	0.0
110.0	26.169140494051828	23.803675105568438	23.751841637486866	26.275342762892873	0.0
111.0	26.14801272173597	23.87691804959674	23.747052675761935	26.22801655290535	0.0
112.0	26.33647245079342	23.73944667772823	23.80001295836702	26.124067913111332	0.0
113.0	26.20745218785125	23.799449551105265	23.75550378468828	26.23759447635521	0.0
114.0	26.210269224160033	23.81325302901829	23.730150457909254	26.246327288912426	0.0
115.0	26.14463227816543	23.849311093770687	23.779730296943796	26.22632633112008	0.0
116.0	26.18463419375012	23.660569661082363	23.837761244904684	26.317034900262833	0.0
117.0	26.281821946403067	23.65183684852514	23.714375054580078	26.351966150491712	0.0
118.0	26.20576196606598	23.769588966232185	23.854381759126493	26.17026730857534	0.0
119.0	26.355910001324006	23.804238512830192	23.61465196924923	26.22519951659657	0.0
120.0	26.19956448618666	23.659442846558846	23.83128206139449	26.309710605859998	0.0
121.0	26.17026730857534	23.798886143843507	23.7938154784877	26.237031069093447	0.0
122.0	26.22210077665691	23.772687706171844	23.83691613401205	26.168295383159197	0.0
123.0	26.1939304135691	23.72169934898291	23.83156376502537	26.252806472422623	0.0
124.0	26.337317561686053	23.771279188017456	23.62113115275943	26.270272097537067	0.0
125.0	26.300770179896443	23.773318083733823	23.820362722616924	26.10554901375281	0.0
126.0	26.348378227628444	23.704582204168098	23.769092517367078	26.17794705083638	0.0
127.0	26.172876371196285	23.79557273326535	23.835011352688305	26.19653954285006	0.0
128.0	26.270064397631433	23.810221363336733	23.761486497906937	26.1582277411249	0.0
129.0	26.193514582470613	23.866347776359863	23.71788912646029	26.22224851470924	0.0
130.0	26.148233703307227	23.905290438897968	23.755986252746634	26.19048960504817	0.0
131.0	26.324581666572765	23.72894247563243	23.626119781396135	26.32035607639867	0.0
132.0	26.115347668453627	23.744784902768895	23.857749331650606	26.282118097126872	0.0
133.0	26.27113153172441	23.689852075756594	23.75887024302846	26.280146149490534	0.0
134.0	26.30099245307469	23.661681395237466	23.794083593677374	26.243242558010472	0.0
135.0	26.169153668245166	23.806478693105788	23.73886905985988	26.285498578789166	0.0
136.0	26.142673228557182	23.869299310663447	23.7543629341454	26.23366452663397	0.0
137.0	26.32775459956786	23.743939782353323	23.803098211443494	26.12520740663532	0.0
138.0	26.21028286180309	23.790421405209887	23.768448274404967	26.23084745858206	0.0
139.0	26.206057259725224	23.816338431287484	23.727319080847035	26.250285228140257	0.0
140.0	26.14943419188177	23.85690421123503	23.77408241050879	26.219579186374403	0.0
141.0	26.199296296400632	23.667033824536098	23.832677425988578	26.30099245307469	0.0
142.0	26.281836390321683	23.64506069373118	23.709853258925175	26.363249657021964	0.0
143.0	26.19169021266047	23.77802630578147	23.861974933728476	26.16830854782959	0.0
144.0	26.356488693697372	23.807605520326554	23.616608306406857	26.219297479569214	0.0
145.0	26.21563529110173	23.64928629580905	23.82394451502765	26.311133898061573	0.0
146.0	26.166202317333237	23.795907903892367	23.797598154246614	26.240291624527785	0.0
147.0	26.23212208114892	23.773371232502388	23.835910495609575	26.158596190739118	0.0
148.0	26.19388353015415	23.723857387541695	23.835414225187055	26.246844857117104	0.0
149.0	26.34009059767421	23.780762643108268	23.61934327954566	26.259803479671866	0.0
150.0	26.285023691876024	23.773290438172936	23.82033613729456	26.121349732656473	0.0
151.0	26.334041366409934	23.70117248023799	23.789347952244388	26.17543820110769	0.0
152.0	26.16811372100492	23.78681255528574	23.857803670127954	26.18727005358139	0.0
153.0	26.279952897958726	23.79751756466671	23.760895164152867	26.1616343732217	0.0
154.0	26.19720373098799	23.85984286128804	23.695041594712837	26.247911813011132	0.0
155.0	26.155302390047662	23.908928028126162	23.750605681574886	26.185163900251286	0.0
156.0	26.33503487599022	23.726660130939905	23.630596216039574	26.307708777030303	0.0
157.0	26.113400813024164	23.737713785069765	23.853779604531073	26.295105797374994	0.0
158.0	26.258201374196766	23.69404824619476	23.777717052942354	26.27003332666612	0.0
159.0	26.3021486262258	23.656016970400398	23.80786036042381	26.23397404294999	0.0
160.0	26.163827467595947	23.783633029177032	23.769265658321384	26.28327384490564	0.0
161.0	26.14889667043223	23.87547151739156	23.754334861157673	26.221296951018537	0.0
162.0	26.34327874671452	23.74222119553428	23.802507810497193	26.111992247254	0.0
163.0	26.212000416935467	23.77856219240445	23.77602677401816	26.233410616641923	0.0
164.0	26.207211293316917	23.810959205118166	23.730389243064927	26.25144025849999	0.0
165.0	26.146642965199973	23.850399046682686	23.77602677401816	26.22693121409918	0.0
166.0	26.20016846446611	23.65883410194072	23.847300201988332	26.293697231604835	0.0
167.0	26.27566758974677	23.632353065461686	23.72109270898186	26.370886635809686	0.0
168.0	26.201013603928207	23.777435339788322	23.85180761245285	26.169743443830622	0.0
169.0	26.360463249110488	23.79969067895687	23.61206971837136	26.22777635356128	0.0
170.0	26.212845556397564	23.65150955993588	23.843919644139945	26.29172523952661	0.0
171.0	26.18073025683788	23.794056415876227	23.79687354741655	26.22833977986934	0.0
172.0	26.24298886387902	23.768138805705256	23.83856709421333	26.150305236202392	0.0
173.0	26.18869200214103	23.724258388032794	23.84398681578725	26.243062794038934	0.0
174.0	26.335746682818268	23.779192607826012	23.62453165056202	26.2605290587937	0.0
175.0	26.29082058101012	23.753690473507472	23.828626805796578	26.12686213968583	0.0
176.0	26.331105902503886	23.699601090802553	23.794820941606005	26.174472065087556	0.0
177.0	26.166584030109757	23.791722070721868	23.854544635009354	26.18714926415902	0.0
178.0	26.275607942124363	23.791722070721868	23.768339681323386	26.164330305830386	0.0
179.0	26.193984229519927	23.871514816870302	23.703330168719912	26.231170784889862	0.0
180.0	26.15856166506088	23.90200751621282	23.76312097496662	26.176309843759682	0.0
181.0	26.347312136937056	23.724525729224773	23.630432210408884	26.297729923429287	0.0
182.0	26.124547490597667	23.745157973321312	23.855027960503147	26.27526657557787	0.0
183.0	26.267096756018198	23.696702491794966	23.766005099094276	26.27019565309256	0.0
184.0	26.30259321341541	23.671911315200088	23.791077993605004	26.2344174777795	0.0
185.0	26.17272125420816	23.787697378614794	23.766286817010126	26.27329455016692	0.0
186.0	26.153564435930303	23.857281703829955	23.752482639133436	26.236671221106306	0.0
187.0	26.34344231121378	23.728536616286114	23.80629076106095	26.121730311439155	0.0
188.0	26.206245686194414	23.78065443071852	23.778118969475866	26.2349809136112	0.0
189.0	26.209908019100475	23.8060090431451	23.727973180454413	26.256109757300017	0.0
190.0	26.138351668474357	23.853055935092193	23.78318989196118	26.22540250447227	0.0
191.0	26.186525432084856	23.66543180313552	23.850802191765386	26.297240573014243	0.0
192.0	26.28287295930585	23.635569704055328	23.728254898370263	26.35330243826856	0.0
193.0	26.198921020382294	23.787415660698944	23.836716295972842	26.176947022945924	0.0
194.0	26.359500232417282	23.804037017734142	23.614722578282365	26.22174017156621	0.0
195.0	26.208499429521222	23.65951572690265	23.836716295972842	26.295268547603285	0.0
196.0	26.179200766272732	23.7899511219416	23.791923147352556	26.238924964433114	0.0
197.0	26.240051836096516	23.767413688673532	23.836998013888692	26.15553646134126	0.0
198.0	26.191388422487915	23.7142358098286	23.845798447166473	26.248577320517008	0.0
199.0	26.330557464982363	23.775368769790738	23.626339572463685	26.26773419276321	0.0
200.0	26.291828421070424	23.753810267014497	23.829593026859214	26.124768285055865	0.0
201.0	26.332188606635658	23.698659852772558	23.794726744628285	26.174424795963503	0.0
202.0	26.168374375632116	23.794579092233185	23.854586022611063	26.182460509523636	0.0
203.0	26.280218278730782	23.79119842009922	23.76753371516147	26.161049586008524	0.0
204.0	26.19070425233408	23.87944489207174	23.70083221113484	26.229018644459345	0.0
205.0	26.152255490821396	23.902962620719187	23.775622894105187	26.16915899435423	0.0
206.0	26.34101128027136	23.73702656103855	23.624618262545216	26.297343896144877	0.0
207.0	26.13317181051119	23.753715259680806	23.853164485639024	26.25994844416898	0.0
208.0	26.276154871208302	23.686516242995552	23.772724839626655	26.26460404616949	0.0
209.0	26.29320666796262	23.671436339100328	23.797087485314876	26.23826950762218	0.0
210.0	26.17222386566933	23.77326064601558	23.776359717702743	26.27815577061235	0.0
211.0	26.160672780289907	23.852427840933103	23.752412345574665	26.234487033202324	0.0
212.0	26.345356860115565	23.73507859008348	23.806357640522563	26.113206909278393	0.0
213.0	26.226344393512086	23.7794312793538	23.77407821669761	26.2201461104365	0.0
214.0	26.20846070407258	23.80013241861186	23.737867496865622	26.253539380449944	0.0
215.0	26.141969656415963	23.84774677053545	23.793370617155254	26.216912955893335	0.0
216.0	26.19917674139481	23.653611547033083	23.85534089724482	26.29187081432729	0.0
217.0	26.295399925055435	23.628387649360857	23.72389970951937	26.35231271606434	0.0
218.0	26.19312594913349	23.78503869788042	23.837161798556895	26.184673554429196	0.0
219.0	26.367245280041924	23.79968951536786	23.61120111346213	26.221864091128083	0.0
220.0	26.214820428874507	23.665578186059747	23.832935601204746	26.286665783860997	0.0
221.0	26.187075088680206	23.781791748725794	23.793061671836742	26.238071490757253	0.0
222.0	26.233000025357327	23.763196375592727	23.847439050847075	26.15636454820287	0.0
223.0	26.190885398323587	23.70838909628795	23.855462421638375	26.245263083750086	0.0
224.0	26.34430566629945	23.765436446778597	23.62146155645027	26.268796330471677	0.0
225.0	26.286413032759405	23.767260883407857	23.821920934517824	26.124405149314917	0.0
226.0	26.346989893525603	23.69175112208069	23.789519357828926	26.171739626564783	0.0
227.0	26.181466757203758	23.792752712590758	23.859810266567866	26.165970263637618	0.0
228.0	26.280436607892526	23.795637302137397	23.772533373906086	26.15139271606399	0.0
229.0	26.176542684627673	23.888120321089158	23.70610593462697	26.2292310596562	0.0
230.0	26.158584002975356	23.899176143087377	23.7867551758726	26.155484678064667	0.0
231.0	26.334118495644038	23.727022732139435	23.640805148260434	26.29805362395609	0.0
232.0	26.131045461589398	23.742022737838635	23.86740487158897	26.259526928982996	0.0
233.0	26.27586887001113	23.680036064973304	23.76484510375724	26.279249961258326	0.0
234.0	26.293218825107278	23.66353065151912	23.789196667314723	26.254053856058878	0.0
235.0	26.179816120842926	23.771579596908484	23.77636958414458	26.272234698104008	0.0
236.0	26.17079967428087	23.853009379922064	23.736077338570386	26.240113607226682	0.0
237.0	26.327045265634464	23.737338160916302	23.826094306927207	26.109522266522028	0.0
238.0	26.22237625492036	23.780300532821645	23.78086406708312	26.21645914517488	0.0
239.0	26.206744979585856	23.786633455527035	23.742677535425372	26.26394402946174	0.0
240.0	26.142639765554556	23.841862037871955	23.799312443642922	26.21618575293057	0.0
241.0	26.198306350481182	23.64712347296783	23.855095743331784	26.2994744332192	0.0
242.0	26.29991827072119	23.627370853648223	23.724600512921683	26.348110362708905	0.0
243.0	26.205394009599747	23.78093635587273	23.829414235021886	26.18425539950564	0.0
244.0	26.365709357092726	23.80298721175718	23.60483568644142	26.226467744708675	0.0
245.0	26.219919550565596	23.661548609329767	23.837443658617026	26.28108818148761	0.0
246.0	26.1723870603989	23.775318909014025	23.796462048065404	26.25583198252167	0.0
247.0	26.23896924074544	23.752854605430095	23.832642589303337	26.175533564521132	0.0
248.0	26.181962765987443	23.722724478458755	23.853286034143398	26.242026721410404	0.0
249.0	26.351869606903165	23.76233714962495	23.625007049799784	26.260786193672097	0.0
