# Position (bp)	A	C	G	T	N
0.0	26.324921270016155	23.67294897388351	23.691974795046473	26.31015496105386	0.0
1.0	26.18002351244058	23.767442652930253	23.723995751858563	26.32853808277061	0.0
2.0	26.216307535924905	23.759132066792922	23.81052434318683	26.21403605409534	0.0
3.0	26.273979836637583	23.886004037215063	23.669379909886633	26.170636216260725	0.0
4.0	26.179208457653537	23.804467862222463	23.703402990498198	26.312920689625805	0.0
5.0	26.210103212181078	23.71240249344279	23.7967094730388	26.280784821337328	0.0
6.0	26.30751326956374	23.786438080099913	23.722006187732394	26.18404246260396	0.0
7.0	26.212856534695618	23.724137931034484	23.745139775791117	26.31786575847879	0.0
8.0	26.272802606336487	23.80694266286765	23.835321762228553	26.08493296856731	0.0
9.0	26.323077883529418	23.748432170443646	23.640315779317703	26.288174166709233	0.0
10.0	26.18861157456275	23.750099311064954	23.81706334343469	26.24422577093761	0.0
11.0	26.24110456603902	23.780176376451358	23.789539991147127	26.189179066362488	0.0
12.0	26.24223954963851	23.777622663352517	23.790958720646486	26.189179066362488	0.0
13.0	26.365101524282974	23.80911845823828	23.683419024595096	26.142360992883653	0.0
14.0	26.20223137775659	23.77166399945521	23.676892868898044	26.349211753890156	0.0
15.0	26.24422577093761	23.603402680831262	23.82954816302904	26.32282338520208	0.0
16.0	26.193151508960693	23.84884288422032	23.66157059030497	26.296435016514014	0.0
17.0	26.28565267231889	23.761732892959696	23.678879090197146	26.273735344524273	0.0
18.0	26.161088222275186	23.761449147059825	23.769110286356362	26.308352344308624	0.0
19.0	26.160236984575576	23.759462925760722	23.87891994960673	26.201380140056973	0.0
20.0	26.189179066362488	23.82756194172994	23.791809958346104	26.191449033561465	0.0
21.0	26.151440861679546	23.709523647383296	23.748396835665726	26.39063865527143	0.0
22.0	26.26181801672966	23.771096507655464	23.705834950684963	26.261250524929913	0.0
23.0	26.246495738136584	23.768826540456487	23.79634989274405	26.188327828662878	0.0
24.0	26.275154074023632	23.787553769848024	23.691647655691376	26.24564450043697	0.0
25.0	26.33928064739465	23.656179418207408	23.705267458885217	26.29927247551273	0.0
26.0	26.178038697156026	23.765070411345263	23.732723470543	26.324167420955707	0.0
27.0	26.205278226252666	23.752301882081213	23.832601743897353	26.20981814776877	0.0
28.0	26.281321911647453	23.88225713547977	23.68079811820253	26.155622834670243	0.0
29.0	26.17605248149273	23.80451097951644	23.7006602748355	26.318776264155336	0.0
30.0	26.198752089073263	23.71428003938382	23.80110603837936	26.28586183316356	0.0
31.0	26.294657931101018	23.778690175893587	23.72789980393214	26.198752089073263	0.0
32.0	26.204994481157907	23.7261973333636	23.742087058669973	26.326721126808522	0.0
33.0	26.28586183316356	23.805929704990227	23.82749433219173	26.08071412965448	0.0
34.0	26.311682636786415	23.74577574490181	23.648451177400272	26.294090440911503	0.0
35.0	26.19498907584485	23.745424623329455	23.823454302982153	26.236131997843543	0.0
36.0	26.239536929319296	23.783446358142044	23.797633572624353	26.179383139914307	0.0
37.0	26.245211815112217	23.772096586556195	23.790539965383196	26.192151632948384	0.0
38.0	26.352183412308825	23.812955764265244	23.688959509689866	26.145901313736058	0.0
39.0	26.205487614561758	23.779473938086994	23.67108361944216	26.343954827909087	0.0
40.0	26.237550719291775	23.602417501347787	23.833669097409416	26.326362681951025	0.0
41.0	26.195840308713787	23.83622279601623	23.669381153704283	26.2985557415657	0.0
42.0	26.28153108418693	23.757909372073886	23.681865902448713	26.278693641290467	0.0
43.0	26.164912181142352	23.7530857191499	23.773515308004427	26.308486791703316	0.0
44.0	26.168033368328462	23.75620690633601	23.871974576511647	26.203785148823883	0.0
45.0	26.18222058281077	23.8311153988026	23.797349828334706	26.189314190051928	0.0
46.0	26.15498113100474	23.7051329341997	23.750532020543087	26.389353914252478	0.0
47.0	26.263371449649576	23.771245353687256	23.718185171523423	26.247198025139745	0.0
48.0	26.233862043526372	23.777487728059473	23.797917316913995	26.19073291150016	0.0
49.0	26.278126152711177	23.781743892404165	23.70201174701359	26.238118207871064	0.0
50.0	26.337428709247224	23.65320772919445	23.713645262889084	26.29571829866924	0.0
51.0	26.16824286172329	23.78110892628628	23.735709968759842	26.31493824323059	0.0
52.0	26.204562027744437	23.749045912533234	23.8313315230499	26.215060536672425	0.0
53.0	26.282307742508465	23.875595506638177	23.679528758820876	26.162567992032482	0.0
54.0	26.179876344589438	23.811753222616623	23.70563315939858	26.30273727339536	0.0
55.0	26.20910192349708	23.716131668326565	23.798417278843235	26.276349129333116	0.0
56.0	26.308412143086162	23.774866569626397	23.7311700730072	26.18555121428024	0.0
57.0	26.211088127888864	23.73656119921346	23.74478976026513	26.307560912632542	0.0
58.0	26.29138753401375	23.814590657462027	23.825656653359097	26.068365155165125	0.0
59.0	26.322599317313177	23.737696173151623	23.64434456673789	26.295359942797315	0.0
60.0	26.199380305988107	23.755220865301673	23.817644254778227	26.227754573931993	0.0
61.0	26.238536795750672	23.78700004539883	23.79437735506424	26.180085803786262	0.0
62.0	26.253291415081492	23.76628682979979	23.79891723793526	26.181504517183456	0.0
63.0	26.347777727334638	23.8247378217642	23.685136423480273	26.14234802742089	0.0
64.0	26.210730013165662	23.765151859082035	23.68116402596813	26.342954101784173	0.0
65.0	26.230024515367507	23.60370227448132	23.83466881554456	26.331604394606618	0.0
66.0	26.195124165796525	23.84431606664548	23.674070458982158	26.286489308575838	0.0
67.0	26.284786852499202	23.75351840922504	23.68910882099242	26.272585917283337	0.0
68.0	26.162210014981614	23.75919326281382	23.76685431515867	26.311742407045895	0.0
69.0	26.174410950197487	23.7481272983157	23.878932673537022	26.19852907794979	0.0
70.0	26.182355745221773	23.823319108367006	23.802605892767968	26.19171925364326	0.0
71.0	26.16277750034049	23.7035796976438	23.74387115812412	26.389771643891585	0.0
72.0	26.26010123938802	23.77082671267081	23.73138648022881	26.237685567712354	0.0
73.0	26.241657965224498	23.770542969991375	23.80771326099787	26.180085803786262	0.0
74.0	26.272585917283337	23.783878875925	23.712943206065283	26.230592000726382	0.0
75.0	26.327631997094475	23.65534344213919	23.720036773051255	26.296987787715075	0.0
76.0	26.171215521815494	23.77870403736313	23.739831400578264	26.31024904024311	0.0
77.0	26.205548288610885	23.763098234274317	23.82268402788615	26.20866944922865	0.0
78.0	26.284144787803637	23.885958465864434	23.680813090715112	26.149083655616813	0.0
79.0	26.18568635740694	23.801687129184838	23.711457213144058	26.301169300264167	0.0
80.0	26.208953191102992	23.7171320506309	23.809631901666418	26.264282856599696	0.0
81.0	26.301736784012846	23.773880425499314	23.72677927435853	26.19760351612931	0.0
82.0	26.222572801071408	23.727630499981554	23.742952561196027	26.306844137751007	0.0
83.0	26.295494462777324	23.80849693416905	23.83999228222102	26.056016320832615	0.0
84.0	26.31450516835824	23.74181759369866	23.65272264515525	26.290954592787845	0.0
85.0	26.202069039876967	23.750829942627554	23.811266790377772	26.2358342271177	0.0
86.0	26.236685450325453	23.793107361945783	23.802187076161776	26.168020111566985	0.0
87.0	26.265059557250435	23.76388203181305	23.79793096012303	26.17312745081349	0.0
88.0	26.34819569054064	23.824035138494015	23.68727194311559	26.140497227849753	0.0
89.0	26.20263652201547	23.768421888921047	23.69124431808509	26.337697270978396	0.0
90.0	26.237536673533203	23.600730916994387	23.83765470981801	26.324077699654403	0.0
91.0	26.192705584591724	23.840775861579758	23.67280114858385	26.29371740524467	0.0
92.0	26.286340137444174	23.753383612250804	23.68670446097709	26.27357178932793	0.0
93.0	26.16716888835924	23.751964906904554	23.774947933513793	26.30591827122241	0.0
94.0	26.174829897228985	23.74004778199606	23.881350834482483	26.20377148629247	0.0
95.0	26.187314504275978	23.82119772780152	23.80474074578503	26.18674702213748	0.0
96.0	26.169155075843985	23.690393094877336	23.7613283621898	26.37912346708887	0.0
97.0	26.26874819115068	23.767286924644047	23.72671195174132	26.23725293246395	0.0
98.0	26.232996816425203	23.774380451375293	23.814104201070272	26.17851853112923	0.0
99.0	26.27470675360493	23.78516261200679	23.712808639348076	26.227321995040203	0.0
100.0	26.335427342424396	23.645562005935865	23.714794826832826	26.304215824806914	0.0
101.0	26.16936456367841	23.7825414615461	23.741682863506746	26.306411111268744	0.0
102.0	26.21533048647268	23.75757231829983	23.829074864868698	26.19802233035879	0.0
103.0	26.280590747229986	23.88780909955027	23.67585512222112	26.155745030998624	0.0
104.0	26.18298409635819	23.79786343581086	23.71103891497723	26.30811355285372	0.0
105.0	26.20596705775533	23.712457616298042	23.805808163207402	26.27576716273923	0.0
106.0	26.29676394228723	23.778285357583666	23.723523486600364	26.20142721352874	0.0
107.0	26.222991473605063	23.734873097166854	23.73657553875183	26.30555989047626	0.0
108.0	26.30442492941961	23.797295955282536	23.847234241775077	26.051044873522777	0.0
109.0	26.314639578929448	23.751897513016583	23.64350873210663	26.28995417594734	0.0
110.0	26.201920348659048	23.740196801688818	23.819076371312807	26.238806478339328	0.0
111.0	26.236536562666696	23.779352847041732	23.811982884835828	26.172127705455743	0.0
112.0	26.262924332361052	23.75778864815172	23.810280448081354	26.169006571405873	0.0
113.0	26.356842093316235	23.813685321590302	23.687988741218263	26.1414838438752	0.0
114.0	26.205041482708918	23.760342303283434	23.691393614727215	26.343222599280438	0.0
115.0	26.253560930211446	23.587828712163343	23.84035683074374	26.318253526881474	0.0
116.0	26.202771567036287	23.825886118330704	23.674369247182465	26.296973067450548	0.0
117.0	26.29924298312318	23.755802471938168	23.683732649332075	26.261221895606578	0.0
118.0	26.165601697896925	23.748141506543032	23.769421965973965	26.31683482958608	0.0
119.0	26.182626065441667	23.740764280606975	23.885187665278234	26.19142198867312	0.0
120.0	26.19681303839562	23.815387758344777	23.79694469350464	26.190854509754963	0.0
121.0	26.159359429797185	23.69252857256353	23.76261221895607	26.385499778683226	0.0
122.0	26.273138952887898	23.75778864815172	23.715511468748936	26.253560930211446	0.0
123.0	26.222065850253664	23.75778864815172	23.826169857789782	26.193975643804833	0.0
124.0	26.27966496044672	23.779920325959893	23.71182285578091	26.228591857812482	0.0
125.0	26.334426676048984	23.645711561815478	23.719200081716966	26.300661680418575	0.0
126.0	26.16766212209344	23.784243903131074	23.740831642714262	26.30726233206123	0.0
127.0	26.217316668321818	23.75558613645069	23.836168371472755	26.19092882375473	0.0
128.0	26.276902123795875	23.892348943776867	23.68266488856101	26.148084043866245	0.0
129.0	26.187240200320627	23.79814717607502	23.71217387603388	26.302438747570474	0.0
130.0	26.206818278547818	23.70706655127896	23.796160994225886	26.28995417594734	0.0
131.0	26.298182643608044	23.777434136791182	23.728630811355288	26.195752408245493	0.0
132.0	26.222423993076738	23.728914551619447	23.755869876714854	26.292791578588957	0.0
133.0	26.302722487834636	23.800133357924157	23.84751798203924	26.049626172201968	0.0
134.0	26.30903942298416	23.756504764012554	23.640738407758615	26.29371740524467	0.0
135.0	26.204697062987858	23.738412691206555	23.83091254224207	26.22597770356351	0.0
136.0	26.232787508547723	23.769624297384183	23.821832802263128	26.175755391804966	0.0
137.0	26.262161955106105	23.751315860409555	23.814590657462027	26.171931527022313	0.0
138.0	26.360337200757026	23.806078352925823	23.698823315769612	26.134761130547542	0.0
139.0	26.214776793187887	23.75613949964674	23.690027267748864	26.33905643941651	0.0
140.0	26.251947189662655	23.584758434984437	23.840978801524273	26.322315573828636	0.0
141.0	26.198110263030955	23.82600800158897	23.683852112476238	26.29202962290384	0.0
142.0	26.3022444173311	23.752801974860255	23.69463439548279	26.250319212325852	0.0
143.0	26.166047158300938	23.742870924722638	23.77011037652867	26.320971540447747	0.0
144.0	26.17058706693528	23.74060097040547	23.894390375393694	26.194421587265555	0.0
145.0	26.19697528587237	23.820333115796043	23.794512385438242	26.188179212893342	0.0
146.0	26.18136934994183	23.6866895553727	23.75478818488778	26.37715290979769	0.0
147.0	26.263655193939222	23.752234486280962	23.726697500212808	26.257412819567005	0.0
148.0	26.229889623471326	23.75478818488778	23.833101608830123	26.18222058281077	0.0
149.0	26.28153108418693	23.785432568169565	23.71080781999262	26.22222852765088	0.0
150.0	26.327781403399257	23.63987174758108	23.723860057316344	26.308486791703316	0.0
151.0	26.16697263846051	23.769610332861372	23.7602467447344	26.303170283943718	0.0
152.0	26.211804363432066	23.758260529071105	23.835439194844916	26.19449591265191	0.0
153.0	26.29522542129053	23.883392115858797	23.677109431970695	26.144273030879976	0.0
154.0	26.189672246041045	23.789472489494337	23.720522431468467	26.300332832996148	0.0
155.0	26.2174792653272	23.704632706162094	23.798836077621306	26.279051950889396	0.0
156.0	26.304021519227987	23.771880293619425	23.7261973333636	26.19790085378899	0.0
157.0	26.225707873075145	23.730453509784947	23.753153117365482	26.290685499774426	0.0
158.0	26.303170283943718	23.804227234421685	23.84480278297189	26.04779969866271	0.0
159.0	26.325944590100676	23.73988445866957	23.644262090412795	26.28990886081696	0.0
160.0	26.207980659824585	23.7396680731045	23.82081963073204	26.23153163633887	0.0
161.0	26.2338016099788	23.771731450768527	23.824224591191935	26.170242348060736	0.0
162.0	26.266014045541603	23.749733985954457	23.81386110519969	26.17039086330425	0.0
163.0	26.355678513158825	23.807051145633825	23.70830673192878	26.12896360927857	0.0
164.0	26.20358941618784	23.759948925303256	23.704618003830603	26.3318436546783	0.0
165.0	26.241327942115344	23.582322479960276	23.858125842377813	26.31822373554657	0.0
166.0	26.210189998411003	23.821022404830543	23.692767802419812	26.27601979433864	0.0
167.0	26.301557215172632	23.760016343949335	23.686241572651127	26.25218486822691	0.0
168.0	26.161668898826413	23.74412639320818	23.771650057884823	26.322554650080587	0.0
169.0	26.161385149706035	23.744977640569314	23.900755907656688	26.192881302067967	0.0
170.0	26.196286291512493	23.814779924182236	23.807686196172792	26.18124758813248	0.0
171.0	26.174153860123035	23.688227816493768	23.760300093069713	26.377318230313485	0.0
172.0	26.26977731369033	23.75831384922707	23.719723968855696	26.25218486822691	0.0
173.0	26.22466120355027	23.76313758427349	23.8318048714049	26.180396340771345	0.0
174.0	26.297300978366966	23.772785054366334	23.719723968855696	26.210189998411003	0.0
175.0	26.332769618414183	23.6292079994552	23.731073933670803	26.30694844845981	0.0
176.0	26.17195812986099	23.759800013052494	23.754408764467698	26.313833092618815	0.0
177.0	26.221898116751746	23.754692514393213	23.84095249174997	26.18245687710507	0.0
178.0	26.289430599024467	23.875286232737363	23.688295031822555	26.146988136415615	0.0
179.0	26.194658123902244	23.790445005008188	23.7126975254169	26.302199345672673	0.0
180.0	26.21962811734762	23.699361278917664	23.808888750166705	26.272121853568013	0.0
181.0	26.302483095598188	23.77115001007312	23.73483001960712	26.19153687472157	0.0
182.0	26.222181866677257	23.730006270873353	23.75753001364837	26.290281848801015	0.0
183.0	26.290849348652046	23.808888750166705	23.848329989813376	26.051931911367877	0.0
184.0	26.326392790461433	23.73659987174467	23.63927337112893	26.297733966664964	0.0
185.0	26.210129362325173	23.73269470321008	23.826048958489988	26.231126975974757	0.0
186.0	26.23566700054764	23.76390737214865	23.825765206954184	26.174660420349525	0.0
187.0	26.264758710512204	23.749003317074276	23.81596905955695	26.17026891285657	0.0
188.0	26.358397248729492	23.806605205735217	23.706440345157326	26.128557200377962	0.0
189.0	26.199779240052322	23.76716351842551	23.701049035381182	26.332008206140983	0.0
190.0	26.244895990284295	23.577900169968135	23.85115444967496	26.326049390072615	0.0
191.0	26.22000011350158	23.816604146212736	23.684942312821704	26.278453427463976	0.0
192.0	26.298032450101864	23.744530642589197	23.6926036695061	26.264833237802836	0.0
193.0	26.157574244221347	23.75304326112741	23.776594839083135	26.312787655568105	0.0
194.0	26.184530869592358	23.74084184122264	23.887542634031178	26.187084655153825	0.0
195.0	26.196164781594582	23.814901622505094	23.80497023421051	26.18396336168981	0.0
196.0	26.169491910174848	23.6926036695061	23.759002094104158	26.37890232621489	0.0
197.0	26.274480872146142	23.757015816445243	23.71984404882838	26.248659262580233	0.0
198.0	26.232485287357626	23.754178276932507	23.832778121435343	26.180558314274528	0.0
199.0	26.295762418491677	23.77233852981403	23.711047676338893	26.2208513753554	0.0
200.0	26.3377580032802	23.62138142773638	23.736869285904806	26.303991283078616	0.0
201.0	26.174389998212344	23.76474460653147	23.75140813297883	26.30945726227736	0.0
202.0	26.231140949500166	23.745733037850048	23.838237088449198	26.184888924200596	0.0
203.0	26.28931067457018	23.87512520678628	23.690117105587984	26.145447013055556	0.0
204.0	26.193969076406642	23.789147515585228	23.71310124085955	26.303782167148576	0.0
205.0	26.230573439987285	23.70061603157623	23.812982915126117	26.255827613310366	0.0
206.0	26.313146074111067	23.76701464458298	23.731545300028092	26.18829398127786	0.0
207.0	26.216818239859258	23.712384546628265	23.764028205382857	26.30676900812962	0.0
208.0	26.30676900812962	23.798078969396876	23.853127704552872	26.04202431792063	0.0
209.0	26.32557162882292	23.744516392651825	23.640945024885504	26.288966953639754	0.0
210.0	26.208170527193946	23.7352197563654	23.834535048366547	26.222074668074107	0.0
211.0	26.242221484451484	23.770121987554376	23.81694205378349	26.170714474210655	0.0
212.0	26.28436683304437	23.73336814117607	23.819063536609242	26.16320148917032	0.0
213.0	26.366089594252166	23.797497807957186	23.70499218242336	26.131420415367284	0.0
214.0	26.21371069575013	23.75351507189049	23.703005865310676	26.3297683670487	0.0
215.0	26.253720797591452	23.576449089273606	23.852830927524966	26.316999185609983	0.0
216.0	26.217757725376696	23.817712323713856	23.686898782667914	26.277631168241538	0.0
217.0	26.309128571833945	23.738826934536476	23.6937090320933	26.25833546153628	0.0
218.0	26.160438126046365	23.74847478788911	23.783093555801482	26.307993530263047	0.0
219.0	26.19023296728243	23.741948298856446	23.885531057574983	26.182287676286144	0.0
220.0	26.203285945347748	23.810618313895745	23.800119179364945	26.18597656139156	0.0
221.0	26.1689509378281	23.684344939133396	23.76294656791805	26.383757555120457	0.0
222.0	26.26968587724525	23.752731193779972	23.724922675292984	26.252660253681793	0.0
223.0	26.244998723078233	23.754149995743596	23.82509009392469	26.17576118725348	0.0
224.0	26.30118328083766	23.76691921341619	23.718679946653047	26.2132175590931	0.0
225.0	26.349422547600803	23.61680996566499	23.72605771686388	26.307709769870318	0.0
226.0	26.166471344375424	23.774931968252798	23.74286695288713	26.31572973448465	0.0
227.0	26.231452658700544	23.745420803668466	23.83565686460902	26.187469673021972	0.0
228.0	26.293880122244325	23.865168029193352	23.698883967208555	26.14206788135377	0.0
229.0	26.19910388213695	23.78628241616985	23.704842952365006	26.309770749328194	0.0
230.0	26.2266287183358	23.702005340385746	23.813807252368697	26.25755868890976	0.0
231.0	26.321404958443175	23.753082356012474	23.745988326064317	26.179524359480038	0.0
232.0	26.22322358396068	23.7144908330945	23.762446475544042	26.299839107400775	0.0
233.0	26.302392958182114	23.793376446118007	23.858357760443123	26.045872835256763	0.0
234.0	26.312966788495153	23.73839413407187	23.653833057138318	26.294806020294658	0.0
235.0	26.212021895138292	23.74073159727247	23.820185183608725	26.22706132398051	0.0
236.0	26.244654618097822	23.760027468239848	23.82273904888382	26.172578864778508	0.0
237.0	26.278287765497083	23.729515756019353	23.81464508165321	26.17755139683035	0.0
238.0	26.36625473531874	23.792795221407186	23.70709836693577	26.133851676338303	0.0
239.0	26.21954853080972	23.746541621146125	23.70681460251699	26.327095245527165	0.0
240.0	26.25474626967325	23.570443439222206	23.843158844662895	26.331651446441644	0.0
241.0	26.22742391390721	23.80918595543245	23.69027482943774	26.2731153012226	0.0
242.0	26.29091858570837	23.747396025497665	23.701418492050426	26.260266896743538	0.0
243.0	26.14732671243958	23.75744708630531	23.777599277927106	26.317626923328007	0.0
244.0	26.18750248372098	23.72592209915582	23.894247418349444	26.192327998773752	0.0
245.0	26.194484266106482	23.805941549685606	23.804806040906705	26.194768143301207	0.0
246.0	26.18320979102376	23.673848302724554	23.758449470674908	26.384492435576778	0.0
247.0	26.27249780665018	23.747519172290822	23.730767374311828	26.24921564674717	0.0
248.0	26.24129989691922	23.75003904575026	23.83636564996266	26.172295407367862	0.0
249.0	26.30206928277926	23.763385593112048	23.72788945651155	26.20665566759714	0.0
