# Position (bp)	A	C	G	T	N
0.0	26.179645890312365	23.63408665611055	23.820642003742623	26.36562544983446	0.0
1.0	26.252770980279255	23.68763495033828	23.8799481790701	26.179645890312365	0.0
2.0	26.192011607754623	23.80568526632772	23.803382140410072	26.198920985507577	0.0
3.0	26.359320706699947	23.866812912215245	23.621822829851364	26.152043551233444	0.0
4.0	26.165697950582523	23.657687690540552	23.700293925444846	26.476320433432075	0.0
5.0	26.31904701587923	23.753497691235907	23.665983441382725	26.261471851502137	0.0
6.0	26.260017963244437	23.66024135230989	23.75264842706462	26.32709225738105	0.0
7.0	26.481662732454375	23.68443779146756	23.66227186366515	26.17162761241292	0.0
8.0	26.163266011100106	23.614501531446468	23.877035211754137	26.345197245699282	0.0
9.0	26.213840967906293	23.79925674100216	23.803286805281687	26.18361548580986	0.0
10.0	26.19841966637401	23.863901322701825	23.681687992055153	26.25599101886901	0.0
11.0	26.36393730479713	23.826767800342548	23.63188877214698	26.177406122713336	0.0
12.0	26.32212230422918	23.589218068141257	23.757901645384518	26.330757982245046	0.0
13.0	26.356377160358786	23.8151849762231	23.58749093253808	26.240946930880032	0.0
14.0	26.29362456677682	23.617715805593615	23.744372416492993	26.344287211136567	0.0
15.0	26.28729173623185	23.681044111043306	23.893769646167488	26.13789450655736	0.0
16.0	26.334500109385257	23.672120577093576	23.68651337378669	26.30686593973448	0.0
17.0	26.30110882105724	23.6467892549137	23.712996119702012	26.33910580432705	0.0
18.0	26.362997846837615	23.643622839641214	23.650243526120047	26.343135787401124	0.0
19.0	26.347165770475193	23.706951145090905	23.6574399244666	26.2884431599673	0.0
20.0	26.30082096512337	23.68680122972055	23.70752685695863	26.304850948197444	0.0
21.0	26.156317286324544	23.882543264746857	23.686225517852826	26.274913931075776	0.0
22.0	26.37134566891962	23.73199461133692	23.615125102188856	26.28153461755461	0.0
23.0	26.26282398185356	23.565326025630693	23.80050432359613	26.37134566891962	0.0
24.0	26.342196392024107	23.740849805841734	23.590301585793775	26.326652216340385	0.0
25.0	26.1913603168709	23.630025590318855	23.80417792899766	26.374436163812582	0.0
26.0	26.250946323658525	23.69508084410631	23.8749902848902	26.17898254734497	0.0
27.0	26.19567814344971	23.804465784102913	23.795830130945287	26.204025941502085	0.0
28.0	26.355149871760553	23.86635463173257	23.619662806529707	26.158832689977174	0.0
29.0	26.170922604397852	23.656508260002244	23.69306585836953	26.47950327723037	0.0
30.0	26.3278036367614	23.750636879420377	23.653917564054957	26.267641919763268	0.0
31.0	26.26908119528954	23.65765968042326	23.743728356894273	26.32953076739292	0.0
32.0	26.483245393598676	23.693353713474785	23.655068984475975	26.168331908450565	0.0
33.0	26.17034689418734	23.618223531003434	23.87355100936393	26.3378785654453	0.0
34.0	26.21554014571225	23.80360221878715	23.794390855419017	26.18646678008158	0.0
35.0	26.19337530260768	23.867793907258843	23.682415219475125	26.256415570658355	0.0
36.0	26.36464909023394	23.823464221049694	23.631177010739872	26.180709677976495	0.0
37.0	26.318516514199853	23.592536514314993	23.744523572386715	26.34442339909844	0.0
38.0	26.354498298781227	23.810730056016443	23.5795830718657	26.255188573336635	0.0
39.0	26.288003960874846	23.61527700217042	23.747402115153225	26.349316921801506	0.0
40.0	26.276489789808803	23.684362028566657	23.900540590331552	26.138607591292985	0.0
41.0	26.32657643394608	23.68205919435345	23.684362028566657	26.30700234313381	0.0
42.0	26.29548817206777	23.646077409772076	23.71746527038152	26.34096914777863	0.0
43.0	26.359967530037594	23.646365264048725	23.649819515368538	26.343847690545136	0.0
44.0	26.34557481620504	23.710268913465246	23.66190939498788	26.282246875341826	0.0
45.0	26.303548091814	23.69155838548293	23.702496847995672	26.302396674707396	0.0
46.0	26.14897034525242	23.889889982095465	23.692421948312887	26.26871772433923	0.0
47.0	26.361118947144195	23.738766486853695	23.619882670596837	26.280231895405272	0.0
48.0	26.256627844719887	23.573538132056026	23.803533699100168	26.366300324123916	0.0
49.0	26.338590496806262	23.75222726605431	23.58987792135268	26.319304315786745	0.0
50.0	26.187179583130636	23.633919498904717	23.813827903937547	26.365073014027097	0.0
51.0	26.24187173826062	23.700413645404854	23.884639852158468	26.173074764176064	0.0
52.0	26.184876755546217	23.813540050489497	23.800586645327133	26.200996548637157	0.0
53.0	26.355285996793317	23.870535033203897	23.61866326615793	26.155515703844856	0.0
54.0	26.167029841766958	23.66299269715802	23.693793016099644	26.476184444975377	0.0
55.0	26.319592169234802	23.751075852262097	23.66126557646971	26.268066402033398	0.0
56.0	26.26346074686456	23.663856257502182	23.745318783301045	26.327364212332217	0.0
57.0	26.484532194968896	23.692929455755486	23.655508507508657	26.167029841766958	0.0
58.0	26.161848479702016	23.617799705813777	23.877443515957157	26.34290829852705	0.0
59.0	26.210495712422894	23.806631567736233	23.795693136710238	26.187179583130636	0.0
60.0	26.190345971059216	23.87514068837274	23.679112490248965	26.255400850319084	0.0
61.0	26.36536086747515	23.82534204185965	23.623268921326773	26.186028169338428	0.0
62.0	26.31663788140472	23.588658606793324	23.747553252734598	26.34715025906736	0.0
63.0	26.35348301669545	23.81951640759931	23.575705238917674	26.251295336787567	0.0
64.0	26.2818077144502	23.6139896373057	23.739205526770295	26.364997121473806	0.0
65.0	26.273459988485897	23.68825561312608	23.894645941278064	26.143638457109958	0.0
66.0	26.31951640759931	23.68854346574554	23.67990788716177	26.312032239493377	0.0
67.0	26.2964881980426	23.65400115141048	23.706966033390902	26.342544617156015	0.0
68.0	26.35636154289004	23.652561888313183	23.64047207829591	26.350604490500864	0.0
69.0	26.343408175014392	23.710132412204953	23.656879677605065	26.28957973517559	0.0
70.0	26.30426021876799	23.688831318364997	23.69516407599309	26.31174438687392	0.0
71.0	26.1531375935521	23.89378238341969	23.684225676453654	26.268854346574557	0.0
72.0	26.35895221646517	23.745826137017847	23.619746689694875	26.27547495682211	0.0
73.0	26.25187104202648	23.578008059873344	23.802820955670697	26.36729994242948	0.0
74.0	26.344483752205665	23.75151482004945	23.585424336717512	26.31857709102737	0.0
75.0	26.182711045736774	23.63176847504757	23.815993621204314	26.369526858011348	0.0
76.0	26.244023477192062	23.69826223873852	23.879896718777434	26.17781756529198	0.0
77.0	26.179544676037203	23.817720731949535	23.79843466196125	26.204299930052017	0.0
78.0	26.35196789876828	23.877593904450475	23.612482405059282	26.15795579172196	0.0
79.0	26.166303493657182	23.661417209507167	23.695095869038948	26.477183427796696	0.0
80.0	26.323758423263033	23.743167118114226	23.66314432025239	26.269930138370356	0.0
81.0	26.263597398971218	23.664583579206738	23.75122696825858	26.320592053563463	0.0
82.0	26.476895576005827	23.6936566100846	23.655372321898902	26.174075492010672	0.0
83.0	26.15968290246718	23.620254403412773	23.874427534750907	26.345635159369145	0.0
84.0	26.197391487071137	23.811387992550394	23.8027524388243	26.188468081554166	0.0
85.0	26.187892377972428	23.87615464549613	23.685596759940243	26.250356216591204	0.0
86.0	26.371829672338304	23.82232636060345	23.62226936594886	26.183574601109385	0.0
87.0	26.313032164466527	23.582477936223743	23.758067023218057	26.346422876091673	0.0
88.0	26.35620980880939	23.819954980109497	23.57441810927974	26.24941710180137	0.0
89.0	26.276475092256234	23.625943431528892	23.74165951836777	26.355921957847105	0.0
90.0	26.27129377493509	23.687543537458044	23.900841100511798	26.140321587095066	0.0
91.0	26.326849010656243	23.68667998457119	23.680635114363188	26.30583589040938	0.0
92.0	26.298927467314527	23.650122912360896	23.706541700968906	26.34440791935567	0.0
93.0	26.35908831843225	23.64724440273804	23.64235093637918	26.35131634245053	0.0
94.0	26.345847174167105	23.70682955193119	23.654152825832895	26.29317044806881	0.0
95.0	26.306123741371668	23.689846345156333	23.686967835533473	26.317062077938523	0.0
96.0	26.1558655390585	23.894796230303797	23.68581643168433	26.263521798953377	0.0
97.0	26.365421039602538	23.74165951836777	23.620762114207746	26.272157327821947	0.0
98.0	26.25718907778309	23.575569513128883	23.806713835844352	26.360527573243676	0.0
99.0	26.347498438413027	23.75137808251512	23.583849304698003	26.317274174373857	0.0
100.0	26.18572666327004	23.630193176224733	23.816144362599058	26.367935797906178	0.0
101.0	26.251932194022505	23.687763202966007	23.87803214134593	26.182272461665555	0.0
102.0	26.189468715008218	23.81182661059346	23.80232755618115	26.196377118217175	0.0
103.0	26.35642179255792	23.872275138671803	23.61263431806864	26.158668750701636	0.0
104.0	26.17248555711954	23.656963238659422	23.688626753367124	26.481924450853906	0.0
105.0	26.325046127983924	23.738136976364625	23.666462293071735	26.270354602579715	0.0
106.0	26.26805180151006	23.665598742670614	23.74504537957358	26.321304076245745	0.0
107.0	26.48480295219097	23.685460401896357	23.652645486653828	26.177091159258843	0.0
108.0	26.16039585150387	23.614073568737172	23.88091064268299	26.344619937075958	0.0
109.0	26.2021341208913	23.809811659657516	23.806069607919333	26.18198461153185	0.0
110.0	26.196377118217175	23.87486578987516	23.68517255176265	26.243584540145022	0.0
111.0	26.377722702452193	23.820174264470946	23.62386047328319	26.17824255979367	0.0
112.0	26.317486269588148	23.583781418751656	23.75303681016914	26.34569550149106	0.0
113.0	26.361239363968174	23.816939355908396	23.573994542377175	26.247826737746255	0.0
114.0	26.276899517564566	23.62062612980852	23.744689180320318	26.357785172306592	0.0
115.0	26.277475216174828	23.6865436206837	23.896097914819634	26.139883248321837	0.0
116.0	26.33274228276013	23.68798286720936	23.678195990834876	26.30107885919563	0.0
117.0	26.30366950294182	23.651713854762754	23.706980921348055	26.33763572094737	0.0
118.0	26.358360870916858	23.64653256727038	23.640199882557482	26.354906679255276	0.0
119.0	26.34943754245777	23.70611737343266	23.653440950593545	26.291004133516022	0.0
120.0	26.303957352246954	23.687695017904225	23.683089429022118	26.325258200826703	0.0
121.0	26.148518727475796	23.899552106481213	23.684240826242643	26.267688339800348	0.0
122.0	26.362966459798965	23.74497702962545	23.62062612980852	26.271430380767065	0.0
123.0	26.252432326628362	23.57802443264902	23.80945527397497	26.36008796674765	0.0
124.0	26.350664789883794	23.75281733318365	23.578380152157578	26.318137724774974	0.0
125.0	26.180545360863324	23.62242122261466	23.8224770655406	26.374556350981425	0.0
126.0	26.24675089161579	23.68200620029188	23.87630504054369	26.19493786754864	0.0
127.0	26.182272461665555	23.810675210058633	23.810963060192343	26.196089268083465	0.0
128.0	26.34346853654114	23.879759242148168	23.616088519673117	26.160683701637577	0.0
129.0	26.17190985685213	23.652933336787534	23.687763202966007	26.487393603394327	0.0
130.0	26.324182577582807	23.738712676632037	23.666462293071735	26.27064245271342	0.0
131.0	26.267763951376356	23.66387164186838	23.739288376899452	26.329076029855813	0.0
132.0	26.482500151121318	23.684596851495236	23.66070529039761	26.172197706985834	0.0
133.0	26.154350998696042	23.613210018336055	23.87630504054369	26.356133942424215	0.0
134.0	26.19580141794976	23.80434250711709	23.812114460727166	26.18774161420598	0.0
135.0	26.190620115543044	23.87486578987516	23.682869750693	26.251644343888795	0.0
136.0	26.373117100312893	23.817007913000175	23.625875424219135	26.183999562467797	0.0
137.0	26.3156228231271	23.581326532374597	23.751446451085485	26.35160419341282	0.0
138.0	26.361678977092822	23.809880196429496	23.573266705430594	26.255174121047087	0.0
139.0	26.274172284557945	23.621913518056893	23.738493157782624	26.365421039602538	0.0
140.0	26.266112457613943	23.682650071099186	23.895084081266084	26.15615339002078	0.0
141.0	26.319077034674525	23.68524072975976	23.690134196118617	26.305548039447096	0.0
142.0	26.290004087483666	23.65875844122947	23.706253850006618	26.344983621280242	0.0
143.0	26.349877087639108	23.642638787341465	23.64724440273804	26.360239722281392	0.0
144.0	26.340090154921388	23.708556657704907	23.649547210436324	26.30180597693738	0.0
145.0	26.299215318276808	23.680635114363188	23.685528580722046	26.334620986637958	0.0
146.0	26.139458034208207	23.902280355323228	23.683513623986045	26.274747986482517	0.0
147.0	26.35678551073396	23.7430987731792	23.62392847479289	26.276187241293947	0.0
148.0	26.24366008255566	23.576145215053455	23.81851572529807	26.361678977092822	0.0
149.0	26.345347307578276	23.75468118974902	23.585424336717512	26.314547165955194	0.0
150.0	26.176954009919374	23.62917780892974	23.81915999090388	26.374708190247002	0.0
151.0	26.247477698682502	23.684445352776763	23.877881756241344	26.190195192299388	0.0
152.0	26.184150304691123	23.807933771059954	23.807070215687347	26.200845708561577	0.0
153.0	26.345635159369145	23.879608866986565	23.6142095158045	26.16054645783979	0.0
154.0	26.177241861710243	23.655084470108033	23.68646031531285	26.481213352868878	0.0
155.0	26.322894867890422	23.745469932441186	23.66285646846152	26.268778731206876	0.0
156.0	26.269066582997745	23.668037800697178	23.739137193042044	26.323758423263033	0.0
157.0	26.482940463614096	23.68962668501242	23.65681158085325	26.170621270520233	0.0
158.0	26.16054645783979	23.610467442523195	23.87385183116917	26.35513426846785	0.0
159.0	26.199406449607228	23.79958606912473	23.815993621204314	26.185013860063734	0.0
160.0	26.180408231409814	23.880760274150045	23.69250520292112	26.246326291519022	0.0
161.0	26.36751189547526	23.819447842694753	23.632344178629307	26.180696083200683	0.0
162.0	26.31922855497985	23.58635578583765	23.753022452504318	26.34139320667818	0.0
163.0	26.366436384571102	23.808865860679333	23.577144502014967	26.2475532527346	0.0
164.0	26.275187104202647	23.625503742084053	23.74208405296488	26.357225100748416	0.0
165.0	26.270869314910765	23.684801381692573	23.896085204375357	26.1482440990213	0.0
166.0	26.318940702360393	23.686816350028785	23.688831318364997	26.305411629245828	0.0
167.0	26.288716177317212	23.659470351180197	23.709556706966033	26.342256764536558	0.0
168.0	26.352907311456537	23.644214162348877	23.64680483592401	26.35607369027058	0.0
169.0	26.343983880253308	23.70523891767415	23.652561888313183	26.298215313759354	0.0
170.0	26.308865860679333	23.681347150259064	23.689694876223374	26.32009211283823	0.0
171.0	26.14191134139321	23.901554404145077	23.687392055267704	26.26914219919401	0.0
172.0	26.362118595279217	23.744674726540012	23.612838226827865	26.28036845135291	0.0
173.0	26.246689694876224	23.577144502014967	23.8223949337939	26.353770869314914	0.0
174.0	26.347513953695895	23.753090826398466	23.586711533424104	26.312683686481535	0.0
175.0	26.184876755546217	23.621253947190407	23.82188780048302	26.37198149678036	0.0
176.0	26.251946608942454	23.677673223008703	23.88147346422989	26.188906703818954	0.0
177.0	26.184588902098167	23.79684455050245	23.80951010221676	26.209056445182625	0.0
178.0	26.34290829852705	23.874277128028577	23.622117507534565	26.160697065909805	0.0
179.0	26.171347643487746	23.657811335093076	23.68976306782691	26.48107795359227	0.0
180.0	26.319016462338695	23.751939412606255	23.66644693853465	26.2625971865204	0.0
181.0	26.269793522721713	23.65809918854113	23.74877302467768	26.323334264059483	0.0
182.0	26.477623712215635	23.691490188515225	23.66356840405413	26.167317695215015	0.0
183.0	26.157818531429278	23.612906197196885	23.876004248716892	26.353271022656944	0.0
184.0	26.206177910702106	23.796556697054395	23.81526717117781	26.18199822106569	0.0
185.0	26.176816859000745	23.88233702457405	23.697535110924324	26.24331100550088	0.0
186.0	26.36823940195568	23.81210078324923	23.635934473041083	26.183725341754005	0.0
187.0	26.320243639859758	23.584764448845416	23.751432075026337	26.343559836268486	0.0
188.0	26.370330283997028	23.798928030673753	23.58044663469565	26.250295050633564	0.0
189.0	26.279080478298667	23.62074623342679	23.744523572386715	26.35564971588783	0.0
190.0	26.270444849999137	23.688391988439772	23.892192816308672	26.14897034525242	0.0
191.0	26.309880885900323	23.702496847995672	23.686664862779867	26.300957403324144	0.0
192.0	26.282822583895125	23.65845514366807	23.71084462201855	26.34787765041825	0.0
193.0	26.349604776078156	23.64722882687868	23.64463813838882	26.35852825865434	0.0
194.0	26.343271981991833	23.711132476295198	23.64751668115533	26.298078860557634	0.0
195.0	26.312471574390177	23.678604943033637	23.684362028566657	26.32456145400952	0.0
196.0	26.142925405442746	23.89823775611834	23.68867984271642	26.270156995722488	0.0
197.0	26.356801132994434	23.745387135216667	23.61527700217042	26.28253472961848	0.0
198.0	26.249431487803616	23.582173760355555	23.815623578719507	26.35277117312132	0.0
199.0	26.342484247129367	23.75092473452563	23.593755847056823	26.312835171288178	0.0
200.0	26.18560321476582	23.627147039266312	23.82260065573393	26.36464909023394	0.0
201.0	26.2529613093953	23.68615733584343	23.872111733837656	26.188769620923612	0.0
202.0	26.18531535966056	23.799860102418847	23.801299377945117	26.213525159975475	0.0
203.0	26.33931784097157	23.877293125732233	23.621102082055977	26.162286951240223	0.0
204.0	26.161711241029717	23.659098955949535	23.692778003264277	26.486411799756475	0.0
205.0	26.326076506129876	23.746031197736308	23.66226536210733	26.265626934026486	0.0
206.0	26.261309107447676	23.661977507002074	23.754954705999186	26.32175867955106	0.0
207.0	26.477200436388337	23.692490148159024	23.661689651896822	26.168619763555817	0.0
208.0	26.153075587872088	23.621102082055977	23.866066776627317	26.359755553444618	0.0
209.0	26.20114739044954	23.799860102418847	23.808495755576473	26.190496751555138	0.0
210.0	26.173513300345135	23.877005270626977	23.699110815579868	26.250370613448016	0.0
211.0	26.369254771918005	23.805905059629183	23.632040576055637	26.19279959239717	0.0
212.0	26.319243744890557	23.590657347810566	23.747250975831616	26.34284793146726	0.0
213.0	26.369330677382585	23.801655747331576	23.5690681527709	26.259945422514942	0.0
214.0	26.280095337885296	23.619442941196787	23.732858179138503	26.36760354177941	0.0
215.0	26.26915681239853	23.692846204331655	23.88398254441617	26.15401443885364	0.0
216.0	26.307441651602204	23.700618314545935	23.689967644993036	26.301972388858825	0.0
217.0	26.283837465025506	23.657727780400464	23.70896613662794	26.349468617946094	0.0
218.0	26.347453626409056	23.645637831178252	23.644774263376664	26.362134279036027	0.0
219.0	26.34198436366567	23.710981128164978	23.64534997524439	26.301684532924963	0.0
220.0	26.31319877027945	23.684786238183513	23.672120577093576	26.329894414443462	0.0
221.0	26.142500201499153	23.89549678177066	23.679892687307856	26.28211032942233	0.0
222.0	26.353210745086297	23.74264528088982	23.614549390321134	26.289594583702748	0.0
223.0	26.251597600432934	23.585763796934913	23.806837154141096	26.35580144849106	0.0
224.0	26.343787331423883	23.7501979015242	23.584392406338605	26.32162236071331	0.0
225.0	26.185466112062638	23.63016163157213	23.81870781099325	26.365664445371984	0.0
226.0	26.258006016206338	23.682839419105054	23.8653406065142	26.19381395817441	0.0
227.0	26.18748110939996	23.7974064105701	23.799133551144948	26.215978928884986	0.0
228.0	26.34234804761151	23.8710977417637	23.61692022049828	26.169633990126513	0.0
229.0	26.16646756573929	23.66125016191943	23.68946012464198	26.482822147699302	0.0
230.0	26.32392521481311	23.7548036097238	23.659235164582103	26.262036010880983	0.0
231.0	26.264338864980786	23.658947307819627	23.752788612386478	26.32392521481311	0.0
232.0	26.474762158350007	23.696656543703853	23.658371594294678	26.170209703651466	0.0
233.0	26.156968292577616	23.61979878812303	23.8664920335641	26.35674088573526	0.0
234.0	26.200434663711334	23.798269980857526	23.809208537831577	26.192086817599563	0.0
235.0	26.17798183623829	23.88203629873775	23.691762978741778	26.24821888628219	0.0
236.0	26.369406583284157	23.81179924869385	23.633903769484306	26.184890398537686	0.0
237.0	26.321985987092468	23.594247453899605	23.744509116449912	26.33925744255802	0.0
238.0	26.369482489622737	23.803232065032788	23.56632526756363	26.260960177780852	0.0
239.0	26.271610908651272	23.622169640235583	23.736161246308228	26.37005820480492	0.0
240.0	26.270125249361666	23.69633866552289	23.88057123611419	26.152964849001258	0.0
241.0	26.30338097499892	23.70626250413806	23.682369705082255	26.307986815780758	0.0
242.0	26.28700230585214	23.65787026774945	23.706520581385643	26.348606845012768	0.0
243.0	26.341577161018048	23.652809244295003	23.641582054921106	26.364031539765843	0.0
244.0	26.33878963398836	23.71475619375529	23.64854361106153	26.297910561194822	0.0
245.0	26.30124366651313	23.692422846614463	23.670831414094888	26.335502072777523	0.0
246.0	26.140390777265022	23.89775419666685	23.67608151796844	26.28577350809969	0.0
247.0	26.341942300439612	23.747448546283152	23.608108224821578	26.30250092845565	0.0
248.0	26.241496157976407	23.59022637565749	23.809318166768872	26.358959299597227	0.0
249.0	26.33197252275855	23.75957989531931	23.585975781794314	26.32247180012783	0.0
