# Position (bp)	A	C	G	T	N
0.0	23.93844773689047	23.21162558738564	23.959537662460423	28.6400297488337	0.2503592644297672
1.0	25.696536035459612	22.002811692825457	25.79257768382679	26.508030000307652	4.4587580486156225E-5
2.0	26.418988602076798	22.462643410379187	25.590105480839153	25.52821791912437	4.4587580486156225E-5
3.0	27.514314836332442	23.81920992626109	23.01204131661716	25.6543893332287	4.4587560605641754E-5
4.0	27.530321770589865	23.160963769040002	22.9649568526176	26.343757607752526	0.0
5.0	27.219400574019996	22.935875536555315	23.28125062701229	26.56347326241239	0.0
6.0	26.953302130972332	23.12733443642909	23.280626401442138	26.63860326853426	1.3376262217543503E-4
7.0	26.357567999343672	23.807606545272627	23.426160134369013	26.33242062637469	0.07624469463999797
8.0	26.323191005444585	23.7680128091087	23.79356146994421	26.115234715502506	0.0
9.0	26.0964187733165	23.843633278178544	23.72025955299207	26.32345853068894	0.016229864823952785
10.0	26.025792108807867	23.95166888935557	23.9907275750308	26.031811426805763	0.0
11.0	26.53079059506086	23.556355753286436	23.932228721599408	25.9806249300533	0.0
12.0	26.491464384141285	23.459021151883444	23.5596552313001	26.48985923267518	0.0
13.0	26.355204859685237	23.45153044504162	23.731941488662056	26.46132320661108	0.0
14.0	26.571365257120743	23.3218698766129	23.85388841254533	26.25225222815088	6.242255701520301E-4
15.0	26.520089585286826	23.48283089863067	23.728864948352022	26.267902454945403	3.1211278507601507E-4
16.0	26.404161979401447	23.665283115277965	23.933165059954636	25.997389845365948	0.0
17.0	26.474744056369353	23.642677232130318	24.01101490606074	25.87156380543959	0.0
18.0	26.232277009906014	23.761592203244277	23.824148522881657	26.181982263968052	0.0
19.0	26.12419681118826	23.87270435473134	23.924336726891056	26.07876210718934	0.0
20.0	26.480228323878546	23.648250674720963	23.861914169875856	26.009517656443187	8.917508145029002E-5
21.0	26.317483800231766	23.661493174316327	23.430173013034274	26.590850012417633	0.0
22.0	26.185504679685334	23.682270968294244	23.617529859161333	26.514694492859082	0.0
23.0	26.399703225328935	23.580433025278012	23.613472392955348	26.4063913564377	0.0
24.0	26.212569316905498	23.613026517548093	23.456747187306462	26.71756780315849	8.917508145029002E-5
25.0	25.948120612864667	23.820759869786546	23.789816116523298	26.43720134707878	0.004102053746713341
26.0	26.165529461440475	23.759897876696723	23.8598631430025	26.208645613321686	0.006063905538619721
27.0	26.108947872260263	23.77902593166781	23.607230137253826	26.50122905556009	0.003567003258011601
28.0	25.889710934514724	23.87484455668615	23.828384339250547	26.403448578749845	0.003611590798736746
29.0	26.158618392628075	23.66430218938201	23.778134180853307	26.398945237136605	0.0
30.0	26.02989416255458	23.597197940590668	23.45153044504162	26.92137745181313	0.0
31.0	25.843072366916225	23.678882315199136	23.64504037178875	26.833004946095894	0.0
32.0	26.12651536330597	23.521220771195022	23.642989344915392	26.708516532391286	7.579881923274652E-4
33.0	26.062175542039583	23.64232053180452	23.30430238556719	26.991201540588705	0.0
34.0	26.00327540074167	23.858703866943646	23.448944367679562	26.689076364635124	0.0
35.0	26.304954661692538	23.72476280627696	23.44766310103521	26.505797345921085	0.016822085074210024
36.0	26.2244061526053	23.719948431188904	23.256569446697046	26.79892985463031	1.461148784397269E-4
37.0	26.11107805501583	23.900360493817026	23.47400525660307	26.51435101880025	2.0517576381807475E-4
38.0	26.429943470031958	23.740145499165422	23.52120782425532	26.303278586257157	0.005424620290141241
39.0	26.26839170856065	23.85723267108981	23.280753792336338	26.5936218280132	0.0
40.0	26.23850430315937	24.0217345287815	23.467143275235927	26.272617892823202	0.0
41.0	26.579630319665377	23.780130994053835	23.491547839595263	26.148690846685525	0.0
42.0	26.511650179821284	23.819718159097647	23.12036230450113	26.54826935657994	0.0
43.0	26.408216960743008	23.868758392618435	23.332540170898717	26.39048447573984	0.0
44.0	26.80354140287749	23.701993776142206	23.283146293355088	26.210174135595743	0.0011443920294729993
45.0	26.693199595104446	23.667100820409	23.001005160294753	26.6386944241918	0.0
46.0	26.632246321157567	23.84584958987435	23.220676784123377	26.301227304844705	0.0
47.0	26.95906634219573	23.628332534683835	23.34760462569438	26.06019416056718	0.00480233685887498
48.0	26.867314894957673	23.628069065998496	23.09463988981105	26.409976149232783	0.0
49.0	26.69573354779777	23.90744767464951	23.277582509233884	26.119236268318836	0.0
50.0	27.072139808981916	23.712118133170765	23.46542030752557	25.750321750321753	0.0
51.0	26.92989116679322	23.713738915753062	23.18489212147047	26.17132978400612	1.4801197712918928E-4
52.0	26.809610680980494	23.89930896723867	23.409645321648313	25.881435030132526	0.0
53.0	27.157399074539928	23.739184659755242	23.377433230110757	25.725983035594073	0.0
54.0	27.05262831109766	23.748321652813026	23.044580005743246	26.154470030346072	0.0
55.0	26.798234224876655	23.89351711924942	23.45462749722235	25.853621158651574	0.0
56.0	27.271262886597935	23.606753324368743	23.343185044075902	25.77879874495742	0.0
57.0	27.056889501163806	23.689405908396047	23.11633707099857	26.13736751944158	0.0
58.0	26.886101112427628	23.757152724352675	23.590372812066555	25.76637335115314	0.0
59.0	27.20081959647795	23.583088746546558	23.535709670869252	25.680381986106237	0.0
60.0	27.03773851971179	23.767718366439073	23.209290726124436	25.984915376475264	3.370112494355062E-4
61.0	27.085345978274493	23.846431810974845	23.337586006002905	25.730636204747753	0.0
62.0	27.45608170695363	23.5487430628831	23.414229446399947	25.58094578376332	0.0
63.0	27.05462869216886	23.72276268873531	23.207289694942112	26.015318924153718	0.0
64.0	26.96414711398007	23.84262718687178	23.204342648880832	25.98888305026732	0.0
65.0	27.421849023343697	23.587529621634744	23.223361639917034	25.76725971510453	0.0
66.0	26.915121049286416	23.65979083607789	23.196972323337377	26.227537990408507	5.778008898133703E-4
67.0	27.09211965628221	23.6935119789065	23.37925932483102	25.83005064715813	0.005058392822140585
68.0	27.361626548904965	23.34224839148854	23.60348032812943	25.692644731477067	0.0
69.0	27.33139113633619	23.56825866441251	23.052771404419754	26.047578794831544	0.0
70.0	26.984153185869925	23.74380983823044	23.161934631891715	26.110102344007924	0.0
71.0	27.234524001939555	23.74423073469461	23.329382396781785	25.69186286658406	0.0
72.0	26.718236582694416	23.715967767172586	23.505711156313566	26.060084493819435	0.0
73.0	26.910341314314824	23.61500254712175	23.564060112073356	25.91059602649007	0.0
74.0	27.15653843484698	23.370885285340858	23.753730134863172	25.71884614494899	0.0
75.0	26.299623446556396	23.94391538471424	23.230648622945342	26.525812545784017	0.0
76.0	26.54236358650946	24.615143562223356	23.577108386540797	25.218379098280387	0.04700536644600259
77.0	26.510438858116746	24.30336599914785	23.574776310183214	25.560289731572222	0.05112910097997443
78.0	26.38573743922204	23.88515860152813	23.945357721694837	25.746700625144708	0.037045612410280156
79.0	26.732673267326735	23.8930492033975	23.81263507061366	25.49630597577524	0.06533648288686737
80.0	27.49427543343147	23.252644204557846	24.070439428633737	25.111765347290373	0.07087558608657726
81.0	26.87002021643477	23.587822571054822	23.302414080152218	26.198121060768226	0.04162207158996314
82.0	27.283266778307357	23.154708231353858	23.785907509983254	25.711709390699472	0.0644080896560608
83.0	26.49937089333147	23.50062910666853	24.052844960156577	25.92618481755907	0.020970222284356212
84.0	26.52706380405201	24.145751436347144	23.336861203507713	25.91472633807076	0.07559721802237677
85.0	26.38717632552404	23.904644471845458	24.044389642416768	25.622688039457458	0.04110152075626798
86.0	26.32050937135683	23.35216572504708	24.67940095058739	25.594117119540847	0.053806833467850416
87.0	26.668612570539015	23.409223584354933	24.041642342868265	25.841603424790815	0.03891807744697412
88.0	26.099799556915286	24.316911066568203	22.903259837535607	26.658930266905788	0.021099272075113407
89.0	27.55779354543374	23.872739757381552	23.758297093156326	24.776836804760816	0.03433279926756695
90.0	27.408781694495982	23.03030303030303	23.920841063698205	25.59059987631416	0.049474335188620905
91.0	25.980326101603556	24.457620266810405	23.595202802856758	25.885999191483627	0.08085163724565422
92.0	27.256689209056162	23.316671567186123	24.139958835636577	25.271978829755952	0.014701558365186709
93.0	26.0223642172524	24.089456869009584	24.105431309904155	25.73482428115016	0.04792332268370607
94.0	27.43439226519337	23.1353591160221	23.808701657458563	25.587016574585636	0.03453038674033149
95.0	27.022471910112362	24.026217228464418	24.026217228464418	24.850187265917604	0.0749063670411985
96.0	26.40852284367957	23.99098545380045	23.724646588813766	25.834869903708256	0.04097520999795124
97.0	26.787310098302054	24.039320822162647	24.01697944593387	25.156389633601428	0.0
98.0	27.663188546469303	23.683571948556175	22.95559330259646	25.64911429264742	0.0485319097306479
99.0	27.77631231864943	23.925085729359008	23.371142178844632	24.901081508836718	0.026378264310208392
100.0	26.071942446043167	24.28776978417266	24.46043165467626	25.122302158273378	0.05755395683453237
101.0	27.65424365800188	22.674600689007203	24.74162229877858	24.92953335421234	0.0
102.0	27.73797338792221	23.097918799044695	24.257932446264075	24.83793926987376	0.0682360968952576
103.0	26.47275405007364	25.589101620029453	22.68041237113402	25.184094256259204	0.07363770250368189
104.0	25.776892430278885	24.382470119521912	22.231075697211157	27.529880478087648	0.0796812749003984
105.0	25.956521739130434	22.565217391304348	24.130434782608695	27.304347826086957	0.043478260869565216
106.0	26.788218793828893	24.49742870500234	22.533894343151005	26.04020570359981	0.1402524544179523
107.0	26.232841891204885	23.640061006609052	23.843416370106763	26.232841891204885	0.05083884087442806
108.0	27.710843373493976	24.096385542168676	21.905805038335156	26.286966046002192	0.0
109.0	25.901833234772326	24.778237729154345	22.35363690124187	26.907155529272618	0.05913660555884093
110.0	26.873385012919897	23.70801033591731	23.320413436692505	26.098191214470283	0.0
111.0	29.04360056258791	22.292545710267227	22.9957805907173	25.59774964838256	0.07032348804500703
112.0	27.27272727272727	24.216959511077157	24.06417112299465	24.44614209320092	0.0
113.0	27.355371900826448	25.702479338842977	23.22314049586777	23.71900826446281	0.0
114.0	26.541554959785525	24.396782841823057	22.966934763181413	26.094727435210007	0.0
115.0	29.273084479371313	24.557956777996072	23.08447937131631	22.98624754420432	0.09823182711198428
116.0	27.8372591006424	24.946466809421842	23.447537473233403	23.768736616702355	0.0
117.0	27.455621301775146	22.958579881656803	23.90532544378698	25.680473372781066	0.0
118.0	27.509778357235987	22.685788787483702	23.728813559322035	26.07561929595828	0.0
119.0	26.76056338028169	22.535211267605636	23.52112676056338	27.1830985915493	0.0
120.0	25.493171471927162	25.796661608497722	22.306525037936268	26.403641881638844	0.0
121.0	25.29510961214165	24.283305227655987	22.765598650927487	27.65598650927487	0.0
122.0	25.59852670349908	21.36279926335175	24.49355432780847	28.5451197053407	0.0
123.0	27.655310621242485	24.04809619238477	25.651302605210418	22.44488977955912	0.2004008016032064
124.0	31.16591928251121	23.99103139013453	20.179372197309416	24.663677130044842	0.0
125.0	26.96078431372549	26.47058823529412	23.774509803921568	22.54901960784314	0.24509803921568626
126.0	25.956284153005466	25.136612021857925	22.6775956284153	26.229508196721312	0.0
127.0	32.31707317073171	24.085365853658537	20.426829268292682	22.865853658536587	0.3048780487804878
128.0	24.82758620689655	25.517241379310345	25.517241379310345	24.137931034482758	0.0
129.0	23.346303501945524	22.56809338521401	27.237354085603112	26.848249027237355	0.0
130.0	32.9059829059829	23.504273504273502	22.64957264957265	20.94017094017094	0.0
131.0	26.47058823529412	27.941176470588236	20.588235294117645	25.0	0.0
132.0	34.319526627218934	17.159763313609467	24.85207100591716	23.668639053254438	0.0
133.0	29.80132450331126	26.490066225165563	17.218543046357617	26.490066225165563	0.0
134.0	25.0	22.65625	24.21875	28.125	0.0
135.0	25.0	21.296296296296298	21.296296296296298	32.407407407407405	0.0
136.0	27.586206896551722	25.287356321839084	14.942528735632186	32.18390804597701	0.0
137.0	23.076923076923077	26.153846153846157	18.461538461538463	32.30769230769231	0.0
138.0	21.951219512195124	26.82926829268293	24.390243902439025	26.82926829268293	0.0
139.0	32.142857142857146	28.57142857142857	21.428571428571427	17.857142857142858	0.0
140.0	21.428571428571427	35.714285714285715	21.428571428571427	21.428571428571427	0.0
