# Position (bp)	A	C	G	T	N
0.0	26.302149090555933	23.83173550508484	23.549537300387087	26.316578103972144	0.0
1.0	26.361807511411406	23.78872594586345	23.627509469040053	26.221957073685086	0.0
2.0	26.170993815188165	23.654616133785055	23.807779710820505	26.36661034020627	0.0
3.0	26.132990028244983	23.79181949847122	23.767958315067506	26.307232158216294	0.0
4.0	26.23004489032666	23.680340922332523	23.8839843078067	26.205629879534115	0.0
5.0	26.254594887017795	23.695052086945665	23.84486274292214	26.205490283114397	0.0
6.0	26.25678641081054	23.789681603937158	23.79772681246064	26.15580517279166	0.0
7.0	26.233605556911744	23.940325336765717	23.69732140875702	26.128747697565522	0.0
8.0	26.32431547792415	23.69662724995631	23.753214223302184	26.22584304881736	0.0
9.0	26.257104104778783	23.782975666447545	23.800727260623912	26.159192968149757	0.0
10.0	26.32759868758615	23.708040614937445	23.637316707205798	26.32704399027061	0.0
11.0	26.219359992012382	23.71241242740419	23.868836636546686	26.199390944036743	0.0
12.0	26.0718109153035	23.816972581387738	23.773151614996753	26.338064888312008	0.0
13.0	26.17491173427927	23.744796274673494	23.879586974669888	26.200705016377345	0.0
14.0	26.304432839008317	23.803871211091664	23.78806242528962	26.103633524610398	0.0
15.0	26.199872975019346	23.879586974669888	23.646615394429205	26.273924655881565	0.0
16.0	26.325788567197044	23.701530124057367	23.748679134344172	26.224002174401416	0.0
17.0	26.21013481843471	23.76726139133956	23.7140107444274	26.30859304579833	0.0
18.0	26.277530168432904	23.80137508701766	23.7359211668548	26.185173577694638	0.0
19.0	26.274202003000894	23.729542183110112	23.77142159812957	26.22483421575942	0.0
20.0	26.22760768695276	23.768370779816895	23.724272587842766	26.279748945387578	0.0
21.0	26.15466539456788	23.74202280348015	23.907044339483967	26.196267462468004	0.0
22.0	26.215959107940723	23.84436389051445	23.65410376665123	26.285573234893594	0.0
23.0	26.281413028103586	23.609728227557763	23.799156310062987	26.309702434275668	0.0
24.0	26.158270907119224	23.7708669038909	23.845195931872453	26.225666257117418	0.0
25.0	26.30803835155966	23.82494959216106	23.557032274884275	26.309979781395	0.0
26.0	26.35740613880114	23.791113243602297	23.62941987303049	26.22206074456608	0.0
27.0	26.17407969292127	23.6335800798205	23.815242442984367	26.37709778427386	0.0
28.0	26.134973749095153	23.776968540516254	23.778355276112926	26.309702434275668	0.0
29.0	26.22649829847542	23.6782329660333	23.887630041130578	26.207638694360703	0.0
30.0	26.251182192096163	23.691822974880672	23.849910832901134	26.207084000122034	0.0
31.0	26.25589709312484	23.791113243602297	23.785566301215614	26.167423362057253	0.0
32.0	26.228162381191428	23.941712729400734	23.691268280642003	26.13885660876583	0.0
33.0	26.320518971929697	23.69320971047734	23.757276895043532	26.22899442254943	0.0
34.0	26.25756117584085	23.77863262323226	23.804148558211	26.159657642715896	0.0
35.0	26.33466367501574	23.7018074711767	23.631083955746494	26.332444898061063	0.0
36.0	26.211448857333036	23.716718437985357	23.875915242955404	26.195917461726204	0.0
37.0	26.07083425782117	23.811016197026845	23.77856667406257	26.33958287108942	0.0
38.0	26.17116105180538	23.738840307187967	23.883337354844254	26.206661286162397	0.0
39.0	26.29457983531219	23.80678997451194	23.785434364781548	26.113195825394314	0.0
40.0	26.21220819778068	23.877235752064145	23.637054478992457	26.273501571162715	0.0
41.0	26.337013709192064	23.700566617021806	23.749379439262704	26.213040234523422	0.0
42.0	26.213317580104338	23.769348321088525	23.72136753559037	26.295966563216766	0.0
43.0	26.28043521068557	23.805957937769197	23.743277836482594	26.170329015062638	0.0
44.0	26.261575711183404	23.736066851378823	23.78210621781058	26.220251219627194	0.0
45.0	26.214426962427993	23.776559306192294	23.72802382953231	26.280989901847402	0.0
46.0	26.15646173601693	23.741336417416193	23.910517221773848	26.191684624793034	0.0
47.0	26.20499721267691	23.85310668652461	23.657855397561022	26.284040703237455	0.0
48.0	26.283208666494712	23.615421523681153	23.79292269546623	26.308447114357904	0.0
49.0	26.164504757863437	23.761859990403845	23.83175107679422	26.2418841749385	0.0
50.0	26.300681438092305	23.820102562395824	23.562725863307456	26.31649013620441	0.0
51.0	26.354763826370576	23.78071948990601	23.634003677602404	26.230513006121015	0.0
52.0	26.17698530900458	23.632616949697834	23.817606452167595	26.372791289129992	0.0
53.0	26.12872717792551	23.77295381364041	23.785989055943375	26.312329952490703	0.0
54.0	26.227462204730962	23.673664095673132	23.884446737167913	26.214426962427993	0.0
55.0	26.26102102002158	23.680597735195985	23.83702064283159	26.22136060195085	0.0
56.0	26.26268509350706	23.781828872229667	23.785157019200636	26.170329015062638	0.0
57.0	26.236891954482044	23.938529125446177	23.683925882166957	26.14065303790482	0.0
58.0	26.338400437096638	23.6847579189097	23.751598203910017	26.225243440083645	0.0
59.0	26.26323978466889	23.784047636876977	23.80817670241651	26.144535876037615	0.0
60.0	26.331744143154694	23.704449455154606	23.638163861316116	26.325642540374584	0.0
61.0	26.216018326945157	23.708543884269556	23.885212529329213	26.190225259456074	0.0
62.0	26.073185748914195	23.82003649857722	23.78314963861971	26.323628113888876	0.0
63.0	26.18016823689619	23.74786098407213	23.877380651924906	26.194590127106775	0.0
64.0	26.297484766878465	23.815810274487397	23.778923516833398	26.107781441800736	0.0
65.0	26.210398737529918	23.89097051000796	23.632485862387433	26.26614489007469	0.0
66.0	26.336312932830047	23.70931016216306	23.737599254499216	26.216777650507677	0.0
67.0	26.21067608157243	23.76699772300541	23.714579698970777	26.307746496451383	0.0
68.0	26.276683963690118	23.805825888956992	23.73954066279679	26.177949484556095	0.0
69.0	26.258933944969392	23.73676722237168	23.78003289300344	26.224265939655485	0.0
70.0	26.214281554125073	23.768661787260477	23.718462515565935	26.298594143048508	0.0
71.0	26.164636970515552	23.74481019960451	23.89790411107074	26.192648718809195	0.0
72.0	26.224543283697994	23.850755623843824	23.647739784725555	26.276961307732627	0.0
73.0	26.293879294325816	23.605583490263836	23.79029462257636	26.310242592833983	0.0
74.0	26.168797131153227	23.771712571728106	23.81830637087	26.241183926248674	0.0
75.0	26.298316799006	23.82163449938014	23.551778746016648	26.328269955597218	0.0
76.0	26.354062951550773	23.774763356195727	23.636923367067613	26.234250325185887	0.0
77.0	26.171293227535823	23.62721632557972	23.82246653150767	26.379023915376788	0.0
78.0	26.13357443775429	23.767275067047922	23.788907902363803	26.310242592833983	0.0
79.0	26.227039380080598	23.660774954723585	23.889029101710378	26.22315656348544	0.0
80.0	26.259765977096926	23.67630622110422	23.843267334696016	26.220660467102835	0.0
81.0	26.258101912841862	23.782251645343532	23.788907902363803	26.170738539450806	0.0
82.0	26.235359701355936	23.937009621064835	23.677138253231753	26.150492424347476	0.0
83.0	26.342137157722785	23.68129841386942	23.74786098407213	26.228703444335665	0.0
84.0	26.263648793692084	23.78003289300344	23.80499385682946	26.15132445647501	0.0
85.0	26.332707460277398	23.716798451310865	23.6316538302599	26.31884025815183	0.0
86.0	26.2153182236718	23.706470973253015	23.886189414361944	26.192021388713236	0.0
87.0	26.0719317513673	23.81629890948625	23.782740373414985	26.329028965731467	0.0
88.0	26.181687074452597	23.75216673831348	23.873088070112185	26.193058117121737	0.0
89.0	26.300389666218297	23.816787541774715	23.769361973569257	26.11346081843773	0.0
90.0	26.20942132486514	23.886955195318457	23.638178969117913	26.265444510698487	0.0
91.0	26.343655096861866	23.708901307669908	23.729979337983444	26.217464257484778	0.0
92.0	26.2285579576498	23.75882295841249	23.710842705198782	26.30177637873892	0.0
93.0	26.286522541012026	23.79016266137867	23.744678490702093	26.178636306907215	0.0
94.0	26.275706183351126	23.729979337983444	23.767975261048633	26.226339217616797	0.0
95.0	26.214413489939403	23.771580713602265	23.7197176653308	26.294288131127537	0.0
96.0	26.167542606742195	23.74495583320622	23.898603580491727	26.188897979559854	0.0
97.0	26.216632229972404	23.841193682137757	23.653987491853066	26.288186596036777	0.0
98.0	26.287631911028527	23.608780663680612	23.789053291362166	26.314534133928696	0.0
99.0	26.169484004271077	23.764369808495	23.81761956928709	26.248526617946833	0.0
100.0	26.284581143483145	23.82621718691498	23.55608558789677	26.3331160817051	0.0
101.0	26.347260549415502	23.772135398610512	23.641784421671545	26.23881963030244	0.0
102.0	26.15256611151942	23.632909461539526	23.82261173436135	26.3919126925797	0.0
103.0	26.12566388861925	23.774076796139394	23.780455673734277	26.31980364150708	0.0
104.0	26.224952505096166	23.66424916450571	23.888341907839088	26.222456422559038	0.0
105.0	26.261284373136608	23.67201475462122	23.84285773716251	26.223843135079665	0.0
106.0	26.264612483186113	23.781287701246654	23.784615811296163	26.169484004271077	0.0
107.0	26.24991333046746	23.930220625962033	23.669796014588215	26.15007002898229	0.0
108.0	26.343377754357743	23.675897549678975	23.750780025792853	26.22994467017043	0.0
109.0	26.27376478582225	23.767975261048633	23.79404545643643	26.16421449669269	0.0
110.0	26.342823069349492	23.70862396516578	23.627085268952893	26.32146769653183	0.0
111.0	26.223493063683208	23.707448844316993	23.869139075786403	26.199919016213396	0.0
112.0	26.073173843346293	23.8278151572805	23.76901870947344	26.329992289899767	0.0
113.0	26.188198032543188	23.745656147123835	23.8701822407486	26.195963579584376	0.0
114.0	26.308286670715848	23.808335205384854	23.773944925631017	26.109433198268285	0.0
115.0	26.216209470084618	23.893478881872163	23.63222369212934	26.25808795591388	0.0
116.0	26.344340996264215	23.70904713964395	23.737335918151135	26.209275945940696	0.0
117.0	26.235900678653344	23.758413831548644	23.713484595096055	26.292200894701956	0.0
118.0	26.30052112367466	23.790585383576424	23.738445282014162	26.170448210734758	0.0
119.0	26.28499002959228	23.72513291565784	23.768398106315885	26.221478948433997	0.0
120.0	26.222588312297024	23.770894175007694	23.717090027650894	26.289427485044385	0.0
121.0	26.17349896135808	23.747874874849888	23.892092177043377	26.18653398674865	0.0
122.0	26.213158719461294	23.84577623576201	23.649141491040503	26.291923553736197	0.0
123.0	26.29247823566771	23.609759073903046	23.76784342438437	26.329919266044865	0.0
124.0	26.17710439391292	23.765347355692562	23.806671159590312	26.250877090804202	0.0
125.0	26.288040780215603	23.824698322364497	23.55540024461473	26.331860652805165	0.0
126.0	26.345727701093004	23.775331630459803	23.648032127177473	26.23090854126972	0.0
127.0	26.157690526309953	23.638602534341747	23.824975663330257	26.378731276018048	0.0
128.0	26.126905679110955	23.771726197904965	23.788366655850368	26.313001467133706	0.0
129.0	26.21212205255071	23.666679609280962	23.897982616220055	26.223215721948268	0.0
130.0	26.26121153963491	23.67278112744962	23.84362363617202	26.22238369674345	0.0
131.0	26.26370761524936	23.777893644991487	23.790928706533617	26.167470033225538	0.0
132.0	26.239578884309665	23.930154257472974	23.693027074100165	26.137239784117195	0.0
133.0	26.330269631634707	23.67915998735322	23.76069845742527	26.229871923586806	0.0
134.0	26.272859892502343	23.7637492165096	23.79786224990709	26.165528641080964	0.0
135.0	26.341085959297327	23.702734034823028	23.627019741184693	26.329160264694952	0.0
136.0	26.231958820070776	23.70092410778669	23.87038084778292	26.19673622435961	0.0
137.0	26.072763781187252	23.83099810297201	23.770259926115752	26.325978189724985	0.0
138.0	26.186269805831436	23.750357080454734	23.869060330649567	26.194312783064262	0.0
139.0	26.310519936876496	23.803884480659413	23.764224282580297	26.121371299883794	0.0
140.0	26.21622296242266	23.877380651924906	23.64025149557775	26.26614489007469	0.0
141.0	26.340064510582124	23.704449455154606	23.73856296160705	26.216923072656222	0.0
142.0	26.23883337354844	23.75104351274819	23.707777602125578	26.30234551157779	0.0
143.0	26.293470452988537	23.784602328038808	23.739394998349795	26.18253222062286	0.0
144.0	26.284040703237455	23.729687903017798	23.769348321088525	26.216923072656222	0.0
145.0	26.22115597958731	23.77828932771245	23.712280896383405	26.28827379631684	0.0
146.0	26.177130511233944	23.72704605903611	23.89927862014261	26.196544809587337	0.0
147.0	26.22261543880475	23.845750626111123	23.64633804730987	26.28529588777426	0.0
148.0	26.290842830160944	23.612224351631774	23.768925474055564	26.32800734415172	0.0
149.0	26.1840641892173	23.762269143191546	23.803593863972335	26.250072803618824	0.0
150.0	26.285573234893594	23.83021918742841	23.5645206471063	26.319686930571695	0.0
151.0	26.34353878283443	23.788339772408953	23.644119270355198	26.224002174401416	0.0
152.0	26.153556006090543	23.6449513117132	23.81967999689371	26.381812685302542	0.0
153.0	26.13053619518581	23.77530445780025	23.793054673437634	26.301104673576308	0.0
154.0	26.233504734328456	23.665817982127702	23.879653204200157	26.221024079343685	0.0
155.0	26.265399741511768	23.666650025793352	23.853027806899306	26.21492242579557	0.0
156.0	26.27240630468969	23.786807633744456	23.790967863611023	26.149818197954833	0.0
157.0	26.244948787570344	23.935743862967577	23.686130070973523	26.13317727848856	0.0
158.0	26.341743469132485	23.67836430855593	23.743818591789925	26.236073630521666	0.0
159.0	26.27767592918734	23.77515899011807	23.79263195555765	26.154533125136943	0.0
160.0	26.350341277523388	23.70776326627967	23.620121090423982	26.321774365772953	0.0
161.0	26.230394808004327	23.70983622470913	23.867371136165076	26.19239783112147	0.0
162.0	26.06786759301632	23.838804065953877	23.779728474157896	26.313599866871908	0.0
163.0	26.1852593508878	23.759270456020456	23.873539053789447	26.181931139302293	0.0
164.0	26.3061843718278	23.820010317455914	23.76509482629509	26.108710484421195	0.0
165.0	26.20883418295179	23.886574549166006	23.64306040149326	26.261530866388945	0.0
166.0	26.33843013371127	23.714682723483094	23.745468766034396	26.201418376771237	0.0
167.0	26.235809991873595	23.7684889600142	23.71329596480961	26.282405083302596	0.0
168.0	26.291835042282273	23.79317326440218	23.749629042054842	26.165362651260704	0.0
169.0	26.272697772588216	23.734929400115934	23.780137732871452	26.212235094424397	0.0
170.0	26.220073664825044	23.779094277663138	23.716967316780934	26.283864740730877	0.0
171.0	26.157187194044674	23.733951646230352	23.903414496146176	26.2054466635788	0.0
172.0	26.206001370125172	23.858483265890264	23.64381183244534	26.29170353153923	0.0
173.0	26.287265879168274	23.605259727472674	23.78082434939856	26.32665004396049	0.0
174.0	26.17854339607989	23.761964326822003	23.800793785067857	26.258698492030252	0.0
175.0	26.285601759529165	23.811055856175685	23.57169998141733	26.33164240287782	0.0
176.0	26.33718946834151	23.771671691383467	23.66045302883642	26.230685811438605	0.0
177.0	26.15108542203461	23.643534479172157	23.82686499274721	26.378515106046024	0.0
178.0	26.128897160179836	23.776664050300788	23.784707295223146	26.30973149429623	0.0
179.0	26.218000277354044	23.66551102482319	23.886007488559148	26.230481209263623	0.0
180.0	26.259880737761755	23.66578837886562	23.859104146442935	26.215226736929694	0.0
181.0	26.271047763272122	23.781510973543124	23.790663682328894	26.15677758085586	0.0
182.0	26.241925508044677	23.938216442147947	23.687487692380234	26.13237035742715	0.0
183.0	26.33012433816208	23.68665562794516	23.75127929906892	26.231940734823837	0.0
184.0	26.272434537330568	23.772358264757358	23.790663682328894	26.164543515583176	0.0
185.0	26.349261820168685	23.713559044679087	23.613988667282396	26.323190467869832	0.0
186.0	26.23652394833406	23.704815183596036	23.87039692467279	26.188263943397118	0.0
187.0	26.066227149303696	23.837668875347738	23.78192024895506	26.31418372639351	0.0
188.0	26.17751965075191	23.752308998019668	23.874346130590826	26.195825220637587	0.0
189.0	26.30149828315943	23.823867134845482	23.761461782962506	26.11317279903258	0.0
190.0	26.21551757612066	23.881002701458343	23.64719064973679	26.256289072684208	0.0
191.0	26.338182473755012	23.717150425050963	23.737952266707346	26.20671483448668	0.0
192.0	26.235560054916863	23.774563508022577	23.709107046277165	26.280769390783398	0.0
193.0	26.285761832780928	23.794810633901456	23.744331498148636	26.17509603516898	0.0
194.0	26.274112801453352	23.73573340359733	23.78454839201764	26.205605402931674	0.0
195.0	26.20595544510517	23.779621904677377	23.73330300878672	26.281119641430728	0.0
196.0	26.151943041468005	23.730040522212327	23.910878868817314	26.207137567502354	0.0
197.0	26.215458350321597	23.841261652562938	23.648496850583705	26.29478314653176	0.0
198.0	26.271207595210555	23.608557093051314	23.79355583106592	26.32667948067221	0.0
199.0	26.184671453890385	23.76776140432625	23.796329425339003	26.251237716444365	0.0
200.0	26.275922705474798	23.821569133224056	23.573055086355858	26.32945307494529	0.0
201.0	26.344430484019938	23.780519937982433	23.65875914939411	26.21629042860352	0.0
202.0	26.146395852921845	23.655708195693716	23.831276713179843	26.366619238204596	0.0
203.0	26.126016181238747	23.777323522151434	23.7931330972067	26.30352719940312	0.0
204.0	26.20652354801132	23.67698452321518	23.894158761857216	26.22233316691629	0.0
205.0	26.254229766461417	23.672546735452375	23.859488544960335	26.213734953125865	0.0
206.0	26.26428763601164	23.79104618363062	23.78799519608142	26.15667098427632	0.0
207.0	26.233223035510722	23.940821936045754	23.690918319516058	26.135036708927466	0.0
208.0	26.32419793697769	23.688699419480276	23.7438945578703	26.243208085671732	0.0
209.0	26.273995323668174	23.790491458621673	23.778010145920415	26.15750307178974	0.0
210.0	26.34666429983996	23.723369732539336	23.61381154327271	26.316154424347992	0.0
211.0	26.23614219899761	23.716844595700305	23.859409713843515	26.18760349145857	0.0
212.0	26.070001137192577	23.839162138698665	23.778696777307186	26.312139946801576	0.0
213.0	26.18545720815674	23.74769787205716	23.877227239443496	26.189617680342604	0.0
214.0	26.307775090420925	23.821199547340626	23.757960370115605	26.11306499212284	0.0
215.0	26.22123726895511	23.88776710231433	23.64008032484967	26.25091530388089	0.0
216.0	26.3444603159194	23.70976465530392	23.74942793348773	26.196347095288946	0.0
217.0	26.23074042742036	23.778828685148458	23.713370407866087	26.27706047956509	0.0
218.0	26.284826715852834	23.799076372612923	23.74859583674262	26.167501074791627	0.0
219.0	26.26319220047984	23.742493793945112	23.794083792142235	26.200230213432814	0.0
220.0	26.218609063222885	23.779726738670973	23.723976102115195	26.277688095990946	0.0
221.0	26.16126679111205	23.732917652475642	23.90821367253483	26.197601883877482	0.0
222.0	26.21424391109829	23.85329498270616	23.643328072603616	26.289133033591934	0.0
223.0	26.26784862370053	23.610109504842843	23.796778094593545	26.32526377686308	0.0
224.0	26.17853616322546	23.76904130562613	23.794836519365823	26.257586011782585	0.0
225.0	26.27173177415597	23.815361743201713	23.580708508537384	26.332197974104933	0.0
226.0	26.34051901079516	23.777639710206028	23.653656263521686	26.22818501547713	0.0
227.0	26.14414254490586	23.65060521673527	23.831449080802813	26.373803157556058	0.0
228.0	26.133602565098247	23.764603419391346	23.795391255145173	26.306402760365238	0.0
229.0	26.22160091642605	23.67119609686823	23.88060943441757	26.22659355228815	0.0
230.0	26.26847621979802	23.65871450721297	23.853427305835005	26.219381967154003	0.0
231.0	26.282694921365767	23.779990569439434	23.786647435719637	26.15066707347516	0.0
232.0	26.24885585110809	23.931711646742297	23.679582836379776	26.139849665769837	0.0
233.0	26.33816880703409	23.68790391923002	23.744487282611708	26.229439991124178	0.0
234.0	26.281308074224057	23.788034282861343	23.776107397442654	26.154550245471942	0.0
235.0	26.34177460960253	23.713976645494135	23.620503148143012	26.32374559676032	0.0
236.0	26.22792127102472	23.71549505170195	23.86915856743443	26.1874251098389	0.0
237.0	26.059002352105797	23.84031198686371	23.78150934185417	26.319176319176318	0.0
238.0	26.166417494390153	23.755502361820334	23.88059701492537	26.197483128864135	0.0
239.0	26.295672723540815	23.812086196040795	23.76853883342995	26.123702246988433	0.0
240.0	26.21260117723422	23.880323767149505	23.64731793645598	26.259757119160295	0.0
241.0	26.331820552368484	23.708403146880304	23.756394181156445	26.203382119594764	0.0
242.0	26.221203781792358	23.77740911713791	23.71637667006969	26.285010431000046	0.0
243.0	26.27204225899169	23.80064587009355	23.75070746079835	26.17660441011641	0.0
244.0	26.26703178712035	23.730609912076996	23.79303552155903	26.20932277924362	0.0
245.0	26.218459882246524	23.77460365024666	23.722163955895166	26.28477251161165	0.0
246.0	26.157734973723784	23.7276707676428	23.913296818552617	26.2012974400808	0.0
247.0	26.2092522503524	23.84319122723287	23.655338135565003	26.29221838684973	0.0
248.0	26.266586750578558	23.616591467847652	23.799455016676934	26.317089278479816	2.774864170398859E-4
249.0	26.18778060813923	23.760884404708392	23.796402666089495	26.254654834645848	2.774864170398859E-4
