# Position (bp)	A	C	G	T	N
0.0	26.268469627723302	23.65554421617784	23.805297954474863	26.270688201623997	0.0
1.0	26.227703332297995	23.7079580245818	23.828038336957004	26.236300306163194	0.0
2.0	26.321583459964287	23.761050168040196	23.749126523730826	26.168239848264697	0.0
3.0	26.200907265891015	23.805192932642715	23.73614977651091	26.257750024955357	0.0
4.0	26.236212700120337	23.903254606857466	23.656483427513045	26.204049265509155	0.0
5.0	26.217218080342906	23.850570729097065	23.747431927004346	26.18477926355568	0.0
6.0	26.221731813682954	23.79864540043305	23.77369370967876	26.205929076205237	0.0
7.0	26.14287219237401	23.73071186591039	23.801127763269516	26.325288178446083	0.0
8.0	26.266154383513797	23.763507032804974	23.757962842838847	26.212375740842386	0.0
9.0	26.185625306645154	23.860250194728337	23.767390418534255	26.18673408009225	0.0
10.0	26.20543039602643	23.70005321743758	23.83503703046698	26.259479356069004	0.0
11.0	26.236678354144434	23.626536579957595	23.90204692545422	26.234738140443753	0.0
12.0	26.288436912740515	23.64088406978098	23.762562848891033	26.308116168587475	0.0
13.0	26.261273996219366	23.811899574817204	23.706573980143354	26.220252448820077	0.0
14.0	26.35689854927852	23.76644326553691	23.739003176398196	26.13765500878637	0.0
15.0	26.145970187313257	23.83850814610323	23.737894485927946	26.277627180655568	0.0
16.0	26.317262864967045	23.883687282765962	23.60512880211538	26.193921050151616	0.0
17.0	26.187546079947673	23.62092764131646	23.817997372403585	26.373528906332282	0.0
18.0	26.142644115902502	23.731519515724003	23.773649753593542	26.352186614779953	0.0
19.0	26.22468721070108	23.745932491837266	23.753416152511463	26.275964144950194	0.0
20.0	26.206393817941937	23.91750234210862	23.71821523008099	26.15788860986845	0.0
21.0	26.203899264383875	23.736785795457696	23.891448116057717	26.167866824100717	0.0
22.0	26.21221444291076	23.861790645978502	23.622313504404275	26.30368140670647	0.0
23.0	26.444762269045917	23.723481509814683	23.603188593792442	26.228567627346962	0.0
24.0	26.20362209176631	23.813008265287454	23.729856480018626	26.253513162927604	0.0
25.0	26.264322895012555	23.648922075690297	23.81439412837527	26.272360900921875	0.0
26.0	26.226350246406454	23.700753355174538	23.836013592545164	26.23688280587384	0.0
27.0	26.31365962093873	23.765611747684222	23.76450305721397	26.156225574163077	0.0
28.0	26.18366566330179	23.810236539111827	23.745932491837266	26.260165305749116	0.0
29.0	26.227181764259143	23.90281219337779	23.667492641067003	26.202513401296056	0.0
30.0	26.21082857982294	23.85264394959893	23.749812908483143	26.18671456209498	0.0
31.0	26.211382925058068	23.801921360584945	23.772541063123292	26.214154651233695	0.0
32.0	26.135714800463433	23.737617313310384	23.799981152262006	26.326686733964177	0.0
33.0	26.259333787896427	23.77226389050573	23.75701939653978	26.211382925058068	0.0
34.0	26.17673634786272	23.86234499121363	23.76644326553691	26.19447539538674	0.0
35.0	26.206393817941937	23.69715011114622	23.827698414018283	26.26875765689356	0.0
36.0	26.23653291277125	23.62585126404222	23.904963316305743	26.232652506880793	0.0
37.0	26.298269343769746	23.627725977582404	23.766034347040367	26.307970331607482	0.0
38.0	26.25724802377019	23.816756654877658	23.705888222446422	26.220107098905725	0.0
39.0	26.36950231160682	23.7643713205539	23.73249664622992	26.133629721609363	0.0
40.0	26.155526237014538	23.835604288390964	23.735268357040702	26.273601117553795	0.0
41.0	26.31129638458042	23.88106034568777	23.605829462177233	26.201813807554576	0.0
42.0	26.179640121068324	23.614144594609577	23.824517445147844	26.38169783917425	0.0
43.0	26.148319788906505	23.719192434338172	23.772409281905162	26.360078494850157	0.0
44.0	26.219552756743575	23.75245296406754	23.75273013514862	26.275264144040268	0.0
45.0	26.21844407241926	23.91044048028205	23.71309467055445	26.15802077674424	0.0
46.0	26.204862689446433	23.732219475148842	23.887989622714727	26.174928212690002	0.0
47.0	26.218998414581417	23.86415290974201	23.618856502987903	26.297992172688673	0.0
48.0	26.44267547701143	23.71974677650033	23.606938146501548	26.230639599986695	0.0
49.0	26.20098229431134	23.807055667039922	23.736099870283933	26.255862168364803	0.0
50.0	26.26750335377008	23.6454649267714	23.809550206769625	26.277481512688894	0.0
51.0	26.230639599986695	23.7036708537978	23.827843498120778	26.237846048094728	0.0
52.0	26.323214741066774	23.765202833797133	23.755779017040478	26.15580340809561	0.0
53.0	26.18934110890606	23.802066587580516	23.746078029202742	26.26251427431068	0.0
54.0	26.239509074581196	23.898799294876767	23.66542124460902	26.196270385933012	0.0
55.0	26.21816690133818	23.856946461633978	23.744969344878434	26.17991729214941	0.0
56.0	26.21262347971662	23.796800337040033	23.774626650553788	26.21594953268956	0.0
57.0	26.124483075933792	23.74302914731089	23.805392640553453	26.327095136201866	0.0
58.0	26.256416510526957	23.761876780824196	23.765202833797133	26.216503874851714	0.0
59.0	26.181857489716954	23.853343237579963	23.768251715688994	26.196547557014092	0.0
60.0	26.21705821701387	23.687872102176346	23.836990143796356	26.258079537013423	0.0
61.0	26.240267857390332	23.625165955724814	23.90178192794126	26.232784258943592	0.0
62.0	26.28648244130935	23.634524238476676	23.766179772166634	26.31281354804734	0.0
63.0	26.250727570054604	23.823553867900994	23.710468693699937	26.215249868344465	0.0
64.0	26.36991047423709	23.76368524626514	23.742897530419356	26.123506749078413	0.0
65.0	26.152609551262508	23.829374428337815	23.737908478616372	26.28010754178331	0.0
66.0	26.308656004878184	23.88785720225062	23.611519166274007	26.19196762659719	0.0
67.0	26.182543862080433	23.613736522630894	23.82244518972255	26.38127442556612	0.0
68.0	26.155381246708615	23.715457745502924	23.766734111255854	26.36242689653261	0.0
69.0	26.227722497851936	23.742897530419356	23.752321294936113	26.277058676792592	0.0
70.0	26.216081376978295	23.911139443997893	23.714626236869094	26.158152942154718	0.0
71.0	26.20527176473849	23.731810748634942	23.88536267634912	26.17755481027745	0.0
72.0	26.215527037889075	23.862357604146457	23.62898084758447	26.29313451038	0.0
73.0	26.443360403558856	23.71379472823526	23.62343745669226	26.21940741151362	0.0
74.0	26.2002827129355	23.80027162615372	23.735691122259485	26.26375453865129	0.0
75.0	26.258765486848308	23.649214224341026	23.815793120651904	26.276227168158762	0.0
76.0	26.229662684664206	23.699104742370906	23.83519498877463	26.236037584190246	0.0
77.0	26.328057873000915	23.753984312203773	23.759527703095983	26.158430111699328	0.0
78.0	26.18032650572355	23.80193464342138	23.752044125391503	26.265694725463568	0.0
79.0	26.229662684664206	23.9033786967488	23.66224119293772	26.20471742564927	0.0
80.0	26.21275534244297	23.861526095512627	23.752875634025333	26.17284292801907	0.0
81.0	26.21247817289836	23.790847861636962	23.78502730120014	26.21164666426453	0.0
82.0	26.127941461792176	23.740403004517862	23.7997172870645	26.33193824662546	0.0
83.0	26.260151334571358	23.76451675489897	23.760913550819033	26.214418359710635	0.0
84.0	26.18088084481277	23.85237950054048	23.77809806258488	26.188641592061863	0.0
85.0	26.21303251198758	23.683306078328116	23.842124227389895	26.261537182294408	0.0
86.0	26.23263884076931	23.635013068507806	23.905252625481236	26.22709546524165	0.0
87.0	26.293543094081905	23.635224727821015	23.763276347590857	26.30795583050622	0.0
88.0	26.234506308343864	23.816492605157542	23.72447282644848	26.22452826005011	0.0
89.0	26.3722588083993	23.767433867713255	23.736945386815673	26.123361937071778	0.0
90.0	26.161056786181515	23.83450852568793	23.726135834497438	26.27829885363312	0.0
91.0	26.316270870751012	23.876638062928222	23.61360562318455	26.19348544313621	0.0
92.0	26.17824120268742	23.605013414931594	23.839497549834807	26.377247832546175	0.0
93.0	26.155513426018317	23.70756557795073	23.769374043770373	26.367546952260586	0.0
94.0	26.220925075944034	23.73833122685647	23.762999179582696	26.277744517616796	0.0
95.0	26.20983835561764	23.907403711833965	23.72890751457904	26.153850417969355	0.0
96.0	26.209006851593163	23.735836714783034	23.88467593516486	26.170480498458947	0.0
97.0	26.20845251557684	23.86250249451207	23.634670391804697	26.29437459810639	0.0
98.0	26.440996474422935	23.714494778154727	23.621089159404864	26.22341958801747	0.0
99.0	26.205680835495244	23.80679172487195	23.732510698685115	26.255016740947696	0.0
100.0	26.26139160513537	23.64658861615557	23.8195414532473	26.272478325461762	0.0
101.0	26.222588083992992	23.70507106587729	23.843100733940886	26.22924011618883	0.0
102.0	26.321259894897892	23.7532982992971	23.763830683607175	26.16161112219783	0.0
103.0	26.183507394842458	23.80318854076587	23.751912459256303	26.26139160513537	0.0
104.0	26.222865252001153	23.90075167963813	23.674028248963392	26.20235481939733	0.0
105.0	26.218430563870598	23.854741790283597	23.759395995476616	26.16743165036919	0.0
106.0	26.21039269163396	23.791270316414998	23.779629260072284	26.218707731878755	0.0
107.0	26.128073793210493	23.743320251003347	23.80124836470875	26.327357591077405	0.0
108.0	26.262223109159848	23.75967316348478	23.763830683607175	26.2142730437482	0.0
109.0	26.192099603095414	23.851970110202	23.77297722787645	26.182953058826136	0.0
110.0	26.214827379764515	23.6898268254285	23.83450852568793	26.260837269119047	0.0
111.0	26.249400625843627	23.624072529123346	23.904011441463666	26.222515403569357	0.0
112.0	26.29256584089536	23.62705588230403	23.775062778205847	26.305315498594766	0.0
113.0	26.242675875984634	23.799453427717758	23.73570513922072	26.22216555707689	0.0
114.0	26.3732212841677	23.76674778405406	23.741248468655243	26.118782463123004	0.0
115.0	26.161466099768845	23.831050405494548	23.736813805107623	26.270669689628985	0.0
116.0	26.324439985143876	23.876505706857653	23.61569205696325	26.18336225103522	0.0
117.0	26.179204753959322	23.60571406398111	23.835485069042168	26.3795961130174	0.0
118.0	26.150933773843242	23.704939660859107	23.77783444292311	26.366292122374542	0.0
119.0	26.229371885341774	23.73625947216417	23.76203595403471	26.272332688459343	0.0
120.0	26.213573396453377	23.909488516993076	23.72683581212548	26.150102274428065	0.0
121.0	26.216067894698913	23.732101975088277	23.884543534537713	26.167286595675094	0.0
122.0	26.210247398792664	23.864310382101696	23.635648042927542	26.289794176178095	0.0
123.0	26.44583889975997	23.703276662028745	23.618740888152242	26.232143550059035	0.0
124.0	26.201932404640875	23.80056209360466	23.74152563512697	26.255979866627495	0.0
125.0	26.260691696646838	23.64396303707933	23.817469248379965	26.27787601789387	0.0
126.0	26.208861566434035	23.716026319728158	23.844631562609134	26.23048055122868	0.0
127.0	26.326934483389415	23.750949295165665	23.766470617582332	26.15564560386259	0.0
128.0	26.186133915752478	23.806659755982636	23.746514631618044	26.260691696646838	0.0
129.0	26.234083715361123	23.893135695161227	23.668908019534694	26.20387256994296	0.0
130.0	26.214404895868554	23.847680393798125	23.76009578873263	26.177818921600693	0.0
131.0	26.21107889820784	23.780328941168644	23.785317937659716	26.223274222963795	0.0
132.0	26.127374623746512	23.74013980276834	23.811925918945438	26.32055965453971	0.0
133.0	26.262077529005474	23.76591628463888	23.76009578873263	26.211910397623022	0.0
134.0	26.183916583978668	23.85544105500646	23.787535269433526	26.173107091581343	0.0
135.0	26.208861566434035	23.691635670216247	23.834376403155265	26.265126360194458	0.0
136.0	26.251063629283273	23.627398536002637	23.901516936304194	26.220020898409892	0.0
137.0	26.289662741967675	23.631344375706778	23.78489545222732	26.29409743009823	0.0
138.0	26.244761524645778	23.797645180602675	23.737776890840152	26.219816403911395	0.0
139.0	26.365329608195303	23.75967316348478	23.746646267101266	26.128350961218654	0.0
140.0	26.16417815300271	23.813786929274844	23.74615774783739	26.27587716988506	0.0
141.0	26.320647248114547	23.871847534154313	23.624057274473444	26.183447943257693	0.0
142.0	26.178458877626536	23.591074007245233	23.848565227875575	26.381901887252663	0.0
143.0	26.147138632275375	23.708871390203136	23.7842617152962	26.35972826222529	0.0
144.0	26.231952748005067	23.72605594959935	23.766245644961458	26.275745657434125	0.0
145.0	26.22945821518949	23.907602504510947	23.72827331210209	26.134665968197478	0.0
146.0	26.217539891737275	23.724947268347982	23.89318964824316	26.164323191671585	0.0
147.0	26.225023490184014	23.860483551327786	23.638470130741236	26.276022827746964	0.0
148.0	26.455906360781512	23.695567215186717	23.617682357278078	26.2308440667537	0.0
149.0	26.211442144854747	23.78869644030167	23.73908295430293	26.260778460540646	0.0
150.0	26.260224119914966	23.64567655887513	23.813087427831782	26.281011893378125	0.0
151.0	26.22038426998681	23.70477953812211	23.84669113163409	26.228145060256992	0.0
152.0	26.333747242147744	23.756056188121555	23.76270829406743	26.14748827566327	0.0
153.0	26.185183542689888	23.81176757541825	23.748572568932445	26.25447631295941	0.0
154.0	26.230362428905618	23.898244952714613	23.66542124460902	26.205971373770748	0.0
155.0	26.21844407241926	23.839207512444982	23.766311518121444	26.176036897014317	0.0
156.0	26.22287880971651	23.77739836136457	23.78017007217535	26.219552756743575	0.0
157.0	26.128086299987807	23.74219763406765	23.808441522445314	26.32127454349923	0.0
158.0	26.261128418905283	23.76852888677007	23.769637571094382	26.20070512323026	0.0
159.0	26.186015055933126	23.853066066498883	23.781833098661817	26.17908577890617	0.0
160.0	26.209574597824766	23.68288302271694	23.84364224974223	26.263900129716067	0.0
161.0	26.25371756742898	23.61892196780926	23.905794831853697	26.22156563290806	0.0
162.0	26.28677387703514	23.6370036531351	23.78833990232437	26.287882567505388	0.0
163.0	26.23854584157922	23.793883354675625	23.7456553192197	26.221915484525454	0.0
164.0	26.36576807304053	23.756742223922213	23.747872700160205	26.129617002877055	0.0
165.0	26.171819781864546	23.806422107349253	23.747938522943027	26.273819587843178	0.0
166.0	26.317481699525754	23.873076059570433	23.63498280129607	26.174459439607745	0.0
167.0	26.189149710490796	23.592575038180847	23.836488969823964	26.381786281504393	0.0
168.0	26.146187597530922	23.70095043280864	23.78548878411677	26.367373185543663	0.0
169.0	26.240427071120315	23.7170265783033	23.767195239243534	26.27535111133285	0.0
170.0	26.229894424072086	23.90800009978297	23.72007550244884	26.1420299736961	0.0
171.0	26.22130200148011	23.723678776439023	23.88998372983206	26.165035492248805	0.0
172.0	26.223796575781012	23.860326013143634	23.633874101606782	26.28200330946857	0.0
173.0	26.447753913016964	23.700673257886322	23.623064279636235	26.22850854946048	0.0
174.0	26.217975902412256	23.78299420981587	23.749456044214945	26.249573843556927	0.0
175.0	26.267035863663203	23.64440674865501	23.815700850649836	26.27285653703196	0.0
176.0	26.23024430265368	23.696581315032347	23.84570183656613	26.227472545747847	0.0
177.0	26.329750375573063	23.759500196794743	23.765043710606403	26.1457057170258	0.0
178.0	26.196428868402528	23.803571131597476	23.744532709503247	26.255467290496753	0.0
179.0	26.225532315913764	23.888109717225362	23.67995077359735	26.20640719326352	0.0
180.0	26.220265977792685	23.83239740341813	23.76975569734632	26.177580921442868	0.0
181.0	26.219434450720936	23.7750220354674	23.78250577911315	26.22303773469852	0.0
182.0	26.12131425625447	23.732614154808164	23.81354945645847	26.332522132478893	0.0
183.0	26.25158683082859	23.769201345965154	23.774467684086233	26.204744139120024	0.0
184.0	26.190331003209693	23.849027944853123	23.77917967082615	26.18146138111103	0.0
185.0	26.208624598788187	23.69103780122068	23.83600068739571	26.264336912595414	0.0
186.0	26.249442182376566	23.607396176627926	23.90009451717247	26.24306712382304	0.0
187.0	26.28942846055768	23.638228283164256	23.785132213537334	26.287211042740726	0.0
188.0	26.250623648761017	23.79815954321193	23.730805477022006	26.220411331005046	0.0
189.0	26.374521869283218	23.74466433837796	23.746050224513553	26.13476356782527	0.0
190.0	26.164494053146107	23.807649558316864	23.751382425252025	26.276473963285003	0.0
191.0	26.311544250326378	23.879571036956346	23.628169201473487	26.180715511243786	0.0
192.0	26.18321012703138	23.594630478106975	23.845200774993973	26.376958619867676	0.0
193.0	26.160758584943057	23.692752032418916	23.78893333000718	26.357556052630848	0.0
194.0	26.23642859716667	23.721578703742203	23.7692535832384	26.27273911585273	0.0
195.0	26.227836031676077	23.90618027202399	23.72850819204107	26.137475504258862	0.0
196.0	26.221738081973072	23.715203574507242	23.89481591121385	26.168242432305828	0.0
197.0	26.220075004781346	23.85462487908043	23.64563151198663	26.279668604151595	0.0
198.0	26.44514478472852	23.694415109610645	23.632881253516715	26.227558852144124	0.0
199.0	26.211759618822704	23.786161534687633	23.75068255459744	26.25139629189222	0.0
200.0	26.254999625807635	23.646185871050537	23.81831436039437	26.28050014274746	0.0
201.0	26.237610040579195	23.689768720757478	23.840554804088963	26.232066434574364	0.0
202.0	26.3393352107679	23.75213428831186	23.762389959420805	26.146140541499435	0.0
203.0	26.191598110739072	23.806738807459478	23.75019402621017	26.25146905559128	0.0
204.0	26.21793023926203	23.892664700534404	23.674800984544426	26.214604075659135	0.0
205.0	26.217653058961794	23.82530988757567	23.76931946692685	26.18771758653569	0.0
206.0	26.21793023926203	23.778743597135065	23.79066235004546	26.21266381355744	0.0
207.0	26.131872030689575	23.728151141711987	23.81407751112885	26.32589931646959	0.0
208.0	26.249674311341725	23.776103599483335	23.776935144993818	26.19728694418112	0.0
209.0	26.185368125197495	23.83985542195391	23.78663650928282	26.18813994356578	0.0
210.0	26.22196967597084	23.682401530060705	23.83568478532029	26.259944008648166	0.0
211.0	26.264728953984406	23.614556683085297	23.897286075023075	26.22342828790722	0.0
212.0	26.29141165513571	23.635965495831115	23.790635533084973	26.281987315948204	0.0
213.0	26.253991484832355	23.79174427887174	23.730486074152918	26.223778162142985	0.0
214.0	26.375121962036545	23.750720684761397	23.747117260954408	26.12704009224765	0.0
215.0	26.166750284809865	23.799571468565585	23.751340893152644	26.282337353471906	0.0
216.0	26.309370365750556	23.87509874849279	23.63505328953751	26.18047759621914	0.0
217.0	26.18990201377628	23.58626806924175	23.844885174559614	26.378944742422348	0.0
218.0	26.156916552326308	23.698529513672334	23.79083336798193	26.35372056601943	0.0
219.0	26.23757847906532	23.7259712000887	23.770321400357574	26.266128920488406	0.0
220.0	26.23328889049043	23.892971285858028	23.738853485529283	26.13488633812226	0.0
221.0	26.21915218578402	23.71501512073023	23.89657475960672	26.16925793387903	0.0
222.0	26.230516987606823	23.86164878327323	23.640728123449467	26.26710610567048	0.0
223.0	26.454486740602555	23.700046845158734	23.62381951585944	26.22164689837927	0.0
224.0	26.21970656636074	23.78098640936016	23.75104985821717	26.24825716606193	0.0
225.0	26.264888583363593	23.64738069037013	23.817021146847097	26.270709579419176	0.0
226.0	26.241400147465644	23.68708455990376	23.8389852589796	26.232530033650995	0.0
227.0	26.344515220560922	23.75194726717337	23.76192614521485	26.141611367050853	0.0
228.0	26.186793509294215	23.80516795006126	23.75582794196728	26.252210598677244	0.0
229.0	26.22670902146013	23.890819986583953	23.679877592429357	26.20259339952656	0.0
230.0	26.217561716588776	23.82706604354117	23.770241876916085	26.185130362953966	0.0
231.0	26.215621379191823	23.77329097853987	23.798792555756982	26.21229508651133	0.0
232.0	26.123871139421556	23.73337546637395	23.807939860628334	26.334813533576153	0.0
233.0	26.24638958648638	23.76941030374596	23.781052328127686	26.203147781639974	0.0
234.0	26.189565419861292	23.840371214263143	23.784933002921594	26.185130362953966	0.0
235.0	26.217561716588776	23.674333771295203	23.842588742716806	26.265515769399215	0.0
236.0	26.255332477734566	23.614803152225434	23.899479156560716	26.230385213479284	0.0
237.0	26.293657833462692	23.629005432974832	23.793935026056104	26.283401707506375	0.0
238.0	26.255128062978155	23.786173633440512	23.73960527774698	26.21909302583435	0.0
239.0	26.35907528550837	23.76261226300033	23.75180175185719	26.126510699634103	0.0
240.0	26.16383826847699	23.811490633298778	23.75383233632528	26.27083876189895	0.0
241.0	26.312229362223537	23.86685591674475	23.636207384079707	26.184707336952002	0.0
242.0	26.176673625377394	23.588088683362027	23.843426236280113	26.39181145498047	0.0
243.0	26.158175642891802	23.698343383932905	23.785679628474387	26.35780134470091	0.0
244.0	26.23478099325941	23.71932976755922	23.7645258158164	26.281363423364972	0.0
245.0	26.226048858941297	23.890691290242078	23.73873499154258	26.14452485927405	0.0
246.0	26.21677458715215	23.706826028479917	23.89817112907475	26.17822825529319	0.0
247.0	26.230431105009917	23.852351040670023	23.634094596281045	26.28312325803902	0.0
248.0	26.456834432604246	23.687947590017252	23.626373626373624	26.228844351004877	0.0
249.0	26.201663051738773	23.781972696662248	23.757842359558666	26.258521892040314	0.0
