# Position (bp)	A	C	G	T	N
0.0	26.296181480495896	23.78927500528102	23.703955688823168	26.210587825399916	0.0
1.0	26.338429630767628	23.659787168084538	23.76842526878328	26.233357932364555	0.0
2.0	26.28871777005396	23.810451294684373	23.714436985809083	26.18639394945258	0.0
3.0	26.218495232452245	23.8835489428004	23.663824791248338	26.23413103349902	0.0
4.0	26.238739974325497	23.743979109292194	23.8106340724811	26.20664684390121	0.0
5.0	26.126477009665706	23.873522990334294	23.7388504284288	26.261149571571195	0.0
6.0	26.246427611477717	23.74506996670342	23.874251924015777	26.134250497803084	0.0
7.0	26.20501836153156	23.806363319721026	23.75507718973948	26.233541129007932	0.0
8.0	26.225057317434374	23.68361873210544	23.874494015950155	26.216829934510034	0.0
9.0	26.22748513635067	23.678177310721573	23.828459226432066	26.265878326495688	0.0
10.0	26.267742360090384	23.752001842792268	23.67494460654191	26.30531119057543	0.0
11.0	26.22030142816401	23.701544435425486	23.810960226400194	26.267193910010313	0.0
12.0	26.307230765855692	23.842496106004432	23.650264352938596	26.200008775201283	0.0
13.0	26.294616414013994	23.7857315227168	23.80245925015905	26.11719281311015	0.0
14.0	26.25841870872913	23.757760568633042	23.662604479740253	26.32121624289757	0.0
15.0	26.1495513678345	23.830978654322884	23.7670842199943	26.252385757848323	0.0
16.0	26.192056249040213	23.82247767808174	23.753372967992455	26.232093104885596	0.0
17.0	26.209606651602574	23.810137551280082	23.720740188228067	26.259515608889277	0.0
18.0	26.234012680165854	23.749533817431935	23.76406774455389	26.252385757848323	0.0
19.0	26.259515608889277	23.6867362832635	23.804378825439308	26.249369282407915	0.0
20.0	26.234561130245925	23.722933988548363	23.848529056885244	26.19397582432047	0.0
21.0	26.29235051348498	23.711077290115583	23.790876557936734	26.2056956384627	0.0
22.0	26.289882494892574	23.672685889789257	23.77469732494207	26.2627342903761	0.0
23.0	26.158254836630878	23.814459846708623	23.73246678458311	26.294818532077386	0.0
24.0	26.204050292734426	23.680912618430614	23.847366761274046	26.26767032756091	0.0
25.0	26.300577242126334	23.786488969328012	23.700108318593777	26.212825469951873	0.0
26.0	26.34445312821357	23.662813815419632	23.761260334827856	26.231472721538946	0.0
27.0	26.285220681995803	23.814185622420577	23.714916430148218	26.185677265435398	0.0
28.0	26.222423320033457	23.884387040160146	23.66171691826745	26.231472721538946	0.0
29.0	26.24024789875639	23.749194466153867	23.800200183730272	26.210357451359467	0.0
30.0	26.13138085640245	23.869030480029615	23.743161531816874	26.25642713175106	0.0
31.0	26.25478178602279	23.743709980392964	23.86135219996435	26.1401560336199	0.0
32.0	26.209809002783373	23.795538370833505	23.75687274621913	26.237779880163988	0.0
33.0	26.22317408258516	23.686057926979757	23.872255707962903	26.21851228247218	0.0
34.0	26.224270976729393	23.675911656145622	23.82947683633791	26.270340530787077	0.0
35.0	26.265952954210153	23.755436481602345	23.671249856032645	26.30736070815486	0.0
36.0	26.22070607076064	23.70744736279225	23.80589361223695	26.265952954210153	0.0
37.0	26.30407002572217	23.837977765955696	23.6553448909413	26.20260731738084	0.0
38.0	26.288987731238993	23.79437622372253	23.799586470907624	26.117049574130846	0.0
39.0	26.258000471664484	23.751597352097537	23.66357159702303	26.326830579214956	0.0
40.0	26.14831105724142	23.826734600977336	23.765582752436476	26.25937158934477	0.0
41.0	26.18615390521738	23.825089259760986	23.755710705138398	26.233046129883235	0.0
42.0	26.21522160003949	23.816588330143198	23.716496739482157	26.251693330335158	0.0
43.0	26.23386880049141	23.751597352097537	23.768873434869167	26.245660412541888	0.0
44.0	26.25937158934477	23.68797749173216	23.804248271020604	26.248402647902463	0.0
45.0	26.230578118058716	23.724449222027825	23.852511613366755	26.192461046546704	0.0
46.0	26.28480229908382	23.716980149012663	23.793762528553447	26.20445502335007	0.0
47.0	26.282882739595305	23.674201394697082	23.777583384293067	26.26533248141455	0.0
48.0	26.152352694375963	23.81405501457494	23.74083753122712	26.292754759821975	0.0
49.0	26.198147899316364	23.6846218604919	23.846139080311627	26.27109115988011	0.0
50.0	26.290560977549383	23.794585196905672	23.70326900980895	26.211584815736	0.0
51.0	26.338275741978297	23.667620047879296	23.761678462816764	26.232425747325642	0.0
52.0	26.286721858572342	23.81378079179087	23.71889970850118	26.180597641135613	0.0
53.0	26.222279504314894	23.883433378945725	23.666797379527075	26.227489737212306	0.0
54.0	26.239555539711574	23.746321986908605	23.80500566270049	26.209116810679333	0.0
55.0	26.129043757729654	23.875480918207572	23.735353075545635	26.260122248517142	0.0
56.0	26.247508000449727	23.753726002078608	23.85875332837904	26.14001266909262	0.0
57.0	26.206923028406738	23.795133642473818	23.759210457760094	26.23873287135935	0.0
58.0	26.21590049030899	23.690315574714536	23.866640341351587	26.227143593624884	0.0
59.0	26.221659152982983	23.68483113407264	23.820845261991728	26.27266445095265	0.0
60.0	26.266905788278656	23.750644421775423	23.67797558327026	26.30447420667566	0.0
61.0	26.210141827635	23.707043118672328	23.806585716322793	26.276229337369884	0.0
62.0	26.29542487961653	23.842783024559324	23.656037820702664	26.20575427512148	0.0
63.0	26.29213421523139	23.79589105707109	23.793697280814328	26.11827744688319	0.0
64.0	26.262518235765135	23.757499972577797	23.649456491932387	26.330525299724684	0.0
65.0	26.148990314477828	23.832088365307623	23.762984413219694	26.255936906994854	0.0
66.0	26.182445402393412	23.832362587339716	23.751192865839613	26.233999144427262	0.0
67.0	26.211512937795472	23.823587482312682	23.71554400166727	26.249355578224577	0.0
68.0	26.227417815656985	23.764629745412265	23.76600085557274	26.241951583358013	0.0
69.0	26.25621112902695	23.6922351289392	23.807134160386983	26.244419581646866	0.0
70.0	26.227692037689078	23.729529325304114	23.84909013129751	26.1936885057093	0.0
71.0	26.288497239962815	23.723979828282634	23.7914382631921	26.19608466856245	0.0
72.0	26.286851912282096	23.676813768102033	23.774162322544555	26.262171997071317	0.0
73.0	26.157693689345678	23.816392399683	23.735497122047665	26.290416788923654	0.0
74.0	26.19389089832149	23.688331061867064	23.839975429773304	26.277802610038144	0.0
75.0	26.293433223004968	23.7900671567915	23.697380364111016	26.21911925609251	0.0
76.0	26.335114857583182	23.66694180201772	23.75825748829761	26.239685852101495	0.0
77.0	26.283561256920663	23.812553301761323	23.721511836761554	26.182373604556457	0.0
78.0	26.215554379450957	23.880011736670788	23.674071555300834	26.23036232857742	0.0
79.0	26.242976507462934	23.746740194532574	23.80460088463785	26.20568241336664	0.0
80.0	26.126432463412026	23.868220221625638	23.740707326369943	26.264639988592393	0.0
81.0	26.24654138410449	23.757709045737368	23.859993583222046	26.1357559869361	0.0
82.0	26.200197987764245	23.79198670575234	23.761273922378926	26.24654138410449	0.0
83.0	26.214111388378537	23.682233251981245	23.87199385746017	26.231661502180053	0.0
84.0	26.20835275728741	23.68278169303754	23.826747470315627	26.282118079359424	0.0
85.0	26.25990621657937	23.747223517152495	23.686346559903473	26.306523706364658	0.0
86.0	26.209998080456305	23.70691309951463	23.809197356514108	26.27389146351496	0.0
87.0	26.295006444182413	23.840458496723066	23.662763594482684	26.201771464611838	0.0
88.0	26.289522033619438	23.79411522746593	23.79740587380371	26.11895686511092	0.0
89.0	26.25826089341048	23.76916115940439	23.651520552828583	26.32105739435654	0.0
90.0	26.153508651657663	23.833328762991197	23.762305646200673	26.250856939150463	0.0
91.0	26.18504401239477	23.828118572956374	23.75490169194066	26.2319357227082	0.0
92.0	26.218224696300762	23.820714618696357	23.711574848493157	26.249485836509724	0.0
93.0	26.227273973729677	23.771080703101436	23.764773630954014	26.23687169221488	0.0
94.0	26.257986672882332	23.690459867825705	23.80727781281707	26.244275646474897	0.0
95.0	26.227822414785972	23.72583431595689	23.85224997943346	26.194093289823677	0.0
96.0	26.28780462389387	23.72412393637004	23.797340616610587	26.190730823125502	0.0
97.0	26.287530404117682	23.673119058000225	23.77348349608277	26.265867041799318	0.0
98.0	26.155630691774228	23.81571334161477	23.73262474943168	26.296031217179323	0.0
99.0	26.200328515291865	23.68874958524259	23.837925143485496	26.27299675598005	0.0
100.0	26.294934338074594	23.78856558377277	23.693959760990044	26.22254031716259	0.0
101.0	26.336889963830412	23.664618244938588	23.760595166602226	26.237896624628775	0.0
102.0	26.29164370076041	23.808309407657863	23.710961387113315	26.189085504468412	0.0
103.0	26.22226609738641	23.885639384541136	23.66982842068604	26.22226609738641	0.0
104.0	26.245026338809502	23.74496463935986	23.806938308776953	26.203070713053684	0.0
105.0	26.123272758184772	23.868911978194042	23.74798105689786	26.25983420672332	0.0
106.0	26.244752119033322	23.748529496450224	23.87329949461295	26.133418889903503	0.0
107.0	26.2088293283535	23.793227319967862	23.754836551302407	26.243106800376232	0.0
108.0	26.221097314847313	23.685668216918216	23.865555896805894	26.22767857142857	0.0
109.0	26.216435591435594	23.682926026676025	23.82551991926992	26.27511846261846	0.0
110.0	26.270182520182523	23.745722183222185	23.678264303264303	26.305830993330993	0.0
111.0	26.214516058266057	23.70733151983152	23.807147244647243	26.27100517725518	0.0
112.0	26.295410670410668	23.841150403650406	23.661811161811162	26.201627764127768	0.0
113.0	26.28882941382941	23.795081607581608	23.795630045630045	26.120458932958933	0.0
114.0	26.269908301158303	23.76930501930502	23.64700333450333	26.313783345033343	0.0
115.0	26.159672253422254	23.829358985608987	23.764917514917517	26.246051246051245	0.0
116.0	26.18819103194103	23.83073008073008	23.750383906633907	26.23069498069498	0.0
117.0	26.227404352404353	23.828810547560547	23.702395577395578	26.241389522639523	0.0
118.0	26.236179361179364	23.770676114426116	23.762449543699542	26.23069498069498	0.0
119.0	26.251809845559848	23.695265882765884	23.810712091962092	26.242212179712183	0.0
120.0	26.233162951912952	23.731737012987015	23.847183222183222	26.18791681291681	0.0
121.0	26.284239766803502	23.72796301323659	23.802550792358044	26.185246427601864	0.0
122.0	26.2872561843415	23.673393277776405	23.773209276306588	26.266141261575505	0.0
123.0	26.152065834683864	23.813245363629136	23.736463826298223	26.298224975388774	0.0
124.0	26.195940998872956	23.68765270613786	23.83216652818568	26.284239766803502	0.0
125.0	26.293563239193684	23.789662462877498	23.695879299423318	26.2208949985055	0.0
126.0	26.32838915076878	23.669279981133677	23.75867562816895	26.243655239928593	0.0
127.0	26.280674909713138	23.813245363629136	23.70986450800859	26.196215218649137	0.0
128.0	26.221443438057868	23.87878389013659	23.676958134866773	26.222814536938778	0.0
129.0	26.239541943285865	23.74606151846459	23.80638986922459	26.208006669024957	0.0
130.0	26.116965703332596	23.866444000208407	23.744141980031316	26.27244831642768	0.0
131.0	26.238170844404955	23.74633573824077	23.870831516627316	26.144661900726955	0.0
132.0	26.20890119834371	23.782049524227382	23.755450132996955	26.25359914443195	0.0
133.0	26.215005936890716	23.68394352138515	23.86575223010456	26.235298311619577	0.0
134.0	26.20897306872808	23.685863070345984	23.822151046565516	26.28301281436042	0.0
135.0	26.26718001031075	23.741869316748385	23.676604473109787	26.31434619983108	0.0
136.0	26.217069271417486	23.698332999695612	23.813506569006794	26.27109115988011	0.0
137.0	26.28480229908382	23.84257418411866	23.657199582084477	26.21542393471304	0.0
138.0	26.285148601734186	23.786972188248974	23.80013491797974	26.127744292037097	0.0
139.0	26.273703261897907	23.762905680556127	23.64636035813692	26.317030699409045	0.0
140.0	26.15660949090261	23.824057696790206	23.764002577708307	26.25533023459888	0.0
141.0	26.181838125402766	23.83530089260006	23.743709980392964	26.23915100160421	0.0
142.0	26.221600647169318	23.822960799638025	23.712996860131902	26.24244169306075	0.0
143.0	26.236408758723762	23.774423100654023	23.759066540523495	26.23010160009872	0.0
144.0	26.257249804615196	23.69325271139265	23.809523809523807	26.23997367446835	0.0
145.0	26.22982737581068	23.73027299027875	23.851480125594723	26.188419508315853	0.0
146.0	26.27953403681197	23.721837088388213	23.80986332624005	26.188765548559772	0.0
147.0	26.2820020621723	23.676041506702063	23.779972796876027	26.26198363424961	0.0
148.0	26.147357567514206	23.815073602000748	23.73691946559024	26.300649364894806	0.0
149.0	26.18828891332545	23.693931108996523	23.832689359765045	26.285090617912978	0.0
150.0	26.28838132741737	23.780038007694777	23.71065888231052	26.22092178257734	0.0
151.0	26.321288422461286	23.673089948802044	23.763858685964852	26.241762942771818	0.0
152.0	26.281251456824524	23.812122425362595	23.710384656518485	26.1962414612944	0.0
153.0	26.22750320158612	23.87574280911417	23.67144459404985	26.225309395249862	0.0
154.0	26.238198007475393	23.75261542849151	23.804992554769747	26.204194009263347	0.0
155.0	26.10903765942802	23.869435615897416	23.750147396363218	26.271379328311344	0.0
156.0	26.23463307217897	23.74219484839427	23.873549002777906	26.149623076648854	0.0
157.0	26.200426696502515	23.78586197629586	23.7592620015247	26.254449325676926	0.0
158.0	26.22271095620316	23.678704330871685	23.86545311947261	26.233131593452548	0.0
159.0	26.20982227328944	23.688302286232968	23.81938293373846	26.282492506739136	0.0
160.0	26.26693358196676	23.744583996051116	23.671913563319254	26.316568858662865	0.0
161.0	26.216273285452985	23.69775598572913	23.815948598553717	26.270022130264163	0.0
162.0	26.279620138266164	23.850775656160963	23.65442783532012	26.215176370252756	0.0
163.0	26.288193320865027	23.78804249461139	23.804222038183724	26.119542146339857	0.0
164.0	26.273731204940532	23.7634270012642	23.646604891720163	26.3162369020751	0.0
165.0	26.16321639239066	23.818273062082998	23.766443534609234	26.252067010917106	0.0
166.0	26.198317871314686	23.8319845772877	23.743956649673528	26.225740901724087	0.0
167.0	26.22793474415684	23.8273226621181	23.70611286770856	26.238629726016505	0.0
168.0	26.242194719969724	23.77549313464434	23.754377401229103	26.22793474415684	0.0
169.0	26.267698138250466	23.702273643451242	23.8045615468783	26.225466671419994	0.0
170.0	26.23149973811006	23.732438976901584	23.84432494097193	26.19173634401643	0.0
171.0	26.28532096002808	23.720437892150407	23.814224913342986	26.180016234478522	0.0
172.0	26.296838664385064	23.677383616339785	23.778026413935326	26.24775130533983	0.0
173.0	26.149028125137114	23.80956298538897	23.747038304593918	26.294370584879996	0.0
174.0	26.186395359997803	23.690337442239926	23.833486446092884	26.289780751669383	0.0
175.0	26.287312665396062	23.785221647858933	23.707065582536917	26.220400104208085	0.0
176.0	26.327624741193734	23.66949582482072	23.76876773937009	26.234111694615457	0.0
177.0	26.282924956465703	23.805789033469992	23.70898520519395	26.202300804870355	0.0
178.0	26.225062044946597	23.879831621669798	23.675254692791817	26.21985164059179	0.0
179.0	26.233837462807312	23.753410758113834	23.808531351551466	26.204220427527392	0.0
180.0	26.12003126242613	23.852956904471352	23.75094267184051	26.276069161262015	0.0
181.0	26.23191784015028	23.739424935898317	23.87297582646611	26.155681397485292	0.0
182.0	26.21224503227717	23.786383804921925	23.755669758181728	26.24570140461917	0.0
183.0	26.224383180722494	23.675933010286492	23.87091289527304	26.228770913717973	0.0
184.0	26.20189604912067	23.695403575453923	23.822922065635	26.2797783097904	0.0
185.0	26.265041738424582	23.75141230543093	23.66996478834615	26.31358116779834	0.0
186.0	26.21739690827668	23.700469764240328	23.813180273741192	26.268953053741797	0.0
187.0	26.28074515084286	23.858703253247626	23.651381732121944	26.20916986378757	0.0
188.0	26.28410804881393	23.786918963389553	23.808309337721102	26.120663650075414	0.0
189.0	26.270468313364358	23.765867999089537	23.650140271877888	26.313523415668215	0.0
190.0	26.170646292736304	23.813310882519904	23.75873785475896	26.257304969984833	0.0
191.0	26.191488253087215	23.838266387676917	23.74283214817537	26.2274132110605	0.0
192.0	26.229607101623753	23.82702269854024	23.704164826998017	26.239205372837986	0.0
193.0	26.24496433556653	23.779579815109873	23.74694569298147	26.22851015634213	0.0
194.0	26.264983586956227	23.702793645395985	23.80343837498526	26.228784392662536	0.0
195.0	26.227687447380905	23.734879294883573	23.847590422570747	26.18984283516477	0.0
196.0	26.289188477655163	23.719861345736163	23.81008534257695	26.180864834031723	0.0
197.0	26.299335249336348	23.68174239266361	23.76456198854786	26.254360369452183	0.0
198.0	26.14685943704614	23.817215506461025	23.73713828130142	26.298786775191417	0.0
199.0	26.184501723584724	23.69250261211528	23.830992713501004	26.29200295079899	0.0
200.0	26.2878893834311	23.780258715963658	23.710876546358534	26.22097535424671	0.0
201.0	26.31942673325161	23.669192397030553	23.777790575542923	26.233590294174913	0.0
202.0	26.275274443502894	23.81261877925775	23.70594026551706	26.206166511722294	0.0
203.0	26.210554316914713	23.890502321423185	23.681258861309708	26.217684500352394	0.0
204.0	26.225637397263657	23.75283493351104	23.811247590135117	26.210280079090186	0.0
205.0	26.11374836485697	23.85786802030457	23.750641030914828	26.27774258392363	0.0
206.0	26.227831299859865	23.745430512248834	23.877613143670455	26.14912504422085	0.0
207.0	26.209255003482827	23.78772837217466	23.758933321632487	26.244083302710024	0.0
208.0	26.223587324658233	23.672064610785835	23.87308203869517	26.231266025860766	0.0
209.0	26.19671187044934	23.68742201319091	23.82810678879458	26.28775932756517	0.0
210.0	26.2562938098529	23.750836432246246	23.670484088590516	26.32238566931034	0.0
211.0	26.212761522914192	23.7004412535	23.814799680783672	26.27199754280214	0.0
212.0	26.27638539612717	23.859500936532445	23.654643034419966	26.209470632920418	0.0
213.0	26.28413622128005	23.786069624453575	23.806911984905742	26.122882169360633	0.0
214.0	26.26857649030142	23.766115165326994	23.652030353141857	26.31327799122973	0.0
215.0	26.17204318768323	23.811913635603236	23.75788789521749	26.258155281496048	0.0
216.0	26.19645075567476	23.82617423712638	23.74088487032451	26.23649013687435	0.0
217.0	26.23182801714563	23.83165908386605	23.691795492004463	26.244717406983852	0.0
218.0	26.25047649606051	23.773519708425546	23.736771235269757	26.239232560244186	0.0
219.0	26.27296436769316	23.70166821613587	23.79710454940613	26.228262866764844	0.0
220.0	26.23182801714563	23.737045477606742	23.84043483864952	26.190691666598102	0.0
221.0	26.288668275559456	23.723398420359807	23.811704695041687	26.176228609039054	0.0
222.0	26.29744405440983	23.68143922773146	23.765083369899077	26.256033347959633	0.0
223.0	26.152643703378676	23.81417288284335	23.72751206669592	26.305671347082054	0.0
224.0	26.18973834395114	23.685617830237575	23.827950383804257	26.296693442007026	0.0
225.0	26.286820663724946	23.784894100740733	23.705637630642908	26.222647604891414	0.0
226.0	26.326586020694442	23.66669500519692	23.771181908682284	26.23553706542635	0.0
227.0	26.28051305537806	23.81670638631633	23.69795880309018	26.204821755215434	0.0
228.0	26.20811268130946	23.892397686478954	23.67163139433796	26.227858237873626	0.0
229.0	26.22868096939713	23.743757524565392	23.818900337045683	26.2086611689918	0.0
230.0	26.118983432929554	23.863327839315048	23.742112061518377	26.275576666237015	0.0
231.0	26.229777944761807	23.74238630535955	23.874571836802975	26.15326391307567	0.0
232.0	26.212023979947237	23.790992710578713	23.75177573374141	26.245207575732643	0.0
233.0	26.225808132471474	23.67258396706862	23.87305731453473	26.22855058592518	0.0
234.0	26.206885203640883	23.681908308811227	23.828355323239276	26.282851164308614	0.0
235.0	26.255498634254437	23.75053477989008	23.67155190381641	26.322414682039074	0.0
236.0	26.210045662100455	23.703703703703706	23.81257970299066	26.273670931205178	0.0
237.0	26.27120270955887	23.858378926872078	23.654339270777626	26.21607909279142	0.0
238.0	26.281147671363613	23.7893339622745	23.801400856749506	26.12811750961238	0.0
239.0	26.263667852333718	23.767733584179158	23.651452282157674	26.317146281329446	0.0
240.0	26.167457907886906	23.815400817844477	23.756709094748736	26.26043217951988	0.0
241.0	26.186936702194767	23.83802256756831	23.736265544688067	26.238775185548857	0.0
242.0	26.221490776932043	23.827196050195436	23.70321607351025	26.248097099362273	0.0
243.0	26.242175542157437	23.780591504325738	23.73697752371339	26.240255429803433	0.0
244.0	26.26865016555065	23.70103774335397	23.796774574053398	26.233537517041977	0.0
245.0	26.226256707377292	23.73698302443735	23.837936596767292	26.19882367141807	0.0
246.0	26.288499998628307	23.728097488978445	23.805735323568708	26.177667188824543	0.0
247.0	26.29431792305561	23.689083860772516	23.763432895195297	26.253165320976578	0.0
248.0	26.145872772866696	23.820655066642523	23.72215911896884	26.311313041521938	0.0
249.0	26.186275827820925	23.682167246029284	23.836084734183675	26.295472191966113	0.0
