# Position (bp)	A	C	G	T	N
0.0	26.256714792820517	23.846611078088806	23.73689677967702	26.159777349413655	0.0
1.0	26.254214973363034	23.70828773477471	23.789948503719177	26.247548788143078	0.0
2.0	26.279873908152922	23.667772979128188	23.796642179666996	26.255710933051894	0.0
3.0	26.3310347509005	23.62216970259139	23.759640299158235	26.287155247349876	0.0
4.0	26.109509766351767	23.828010019049522	23.76191983649622	26.30056037810249	0.0
5.0	26.282337849132148	23.768614133830173	23.82053795297979	26.128510064057885	0.0
6.0	26.235388844156926	23.76710997584474	23.765721742510483	26.23177943748785	0.0
7.0	26.32249646020156	23.851300702407062	23.676948277298095	26.149254560093283	0.0
8.0	26.239561586638832	23.69186692133434	23.744891840270064	26.323679651756766	0.0
9.0	26.2803002542834	23.73968708706708	23.74690473811031	26.23310792053921	0.0
10.0	26.32909916612074	23.639810794905674	23.80136796171484	26.22972207725875	0.0
11.0	26.339647572201063	23.766391667869556	23.638978026004597	26.254982733924788	0.0
12.0	26.236661818101066	23.686723442999742	23.792762683070364	26.283852055828827	0.0
13.0	26.24832058271616	23.850223737244754	23.616215676041794	26.28524000399729	0.0
14.0	26.252206837587856	23.878537879881414	23.69033210823775	26.17892317429298	0.0
15.0	26.252206837587856	23.763338181898934	23.841063279332896	26.143391701180313	0.0
16.0	26.245822276012927	23.74529485570891	23.828849335450418	26.18003353282775	0.0
17.0	26.11257925184042	23.883812082921576	23.69921497651592	26.30439368872209	0.0
18.0	26.168374768212654	23.74751557277845	23.78637812149543	26.297731537513464	0.0
19.0	26.209180444365487	23.788043659297585	23.729749836222116	26.273026060114812	0.0
20.0	26.160047079201874	23.715037585636402	23.738910294133973	26.38600504102775	0.0
21.0	26.24138084187384	23.693940773475756	23.75473290325446	26.309945481395943	0.0
22.0	26.156160824330176	23.82801656654934	23.79664893794206	26.219173671178424	0.0
23.0	26.234718690665215	23.79970242391268	23.700325335050685	26.265253550371416	0.0
24.0	26.183364608432065	23.924617759074405	23.717258302705943	26.17475932978759	0.0
25.0	26.27163811194635	23.844394354937208	23.729472246588422	26.154495286528018	0.0
26.0	26.266086319272492	23.72031178867656	23.78637812149543	26.227223770555515	0.0
27.0	26.283223917056446	23.673888603589223	23.794084581326597	26.24880289802773	0.0
28.0	26.329508169417565	23.61247591923297	23.767092486800685	26.29092342454878	0.0
29.0	26.106049754889714	23.832325688557262	23.75765449165293	26.303970064900096	0.0
30.0	26.284816486511996	23.755156198819698	23.82233251722434	26.137694797443967	0.0
31.0	26.21736258001477	23.7654269582452	23.777085658133608	26.240124803606424	0.0
32.0	26.31479600051076	23.848703386019555	23.68104017810052	26.155460435369164	0.0
33.0	26.24539897736547	23.692143701803765	23.755988963097437	26.306468357733326	0.0
34.0	26.26788361286454	23.743775087023867	23.75154755361614	26.23679374649545	0.0
35.0	26.31701670525141	23.637736435657857	23.811506581613674	26.233740277477057	0.0
36.0	26.31701670525141	23.770145955819082	23.647452018898196	26.26538532003131	0.0
37.0	26.232352337014152	23.688535056600212	23.805399643576887	26.273712962808748	0.0
38.0	26.25733526534646	23.842318859890185	23.6105328025849	26.289813072178458	0.0
39.0	26.261499086735174	23.8686897286854	23.691310937526026	26.178500247053403	0.0
40.0	26.263164615290663	23.755156198819698	23.82677392670564	26.154905259184	0.0
41.0	26.25095073921709	23.738223325172246	23.818168695835624	26.19265723977504	0.0
42.0	26.113267045296823	23.87840531192574	23.711297280191868	26.297030362585566	0.0
43.0	26.172115720924033	23.738500913264822	23.792630591318154	26.296752774492987	0.0
44.0	26.207091820589262	23.79401853178106	23.727119801468994	26.27176984616068	0.0
45.0	26.16600878288725	23.71435074921026	23.73100603476513	26.388634433137355	0.0
46.0	26.237904098865776	23.684648823304073	23.75626655119002	26.32118052664013	0.0
47.0	26.155738023461744	23.83121533618694	23.788189181836856	26.22485745851446	0.0
48.0	26.237626510773193	23.811506581613674	23.697140287470226	26.253726620142903	0.0
49.0	26.191546887404716	23.925595287664542	23.710186927821546	26.172670897109196	0.0
50.0	26.261499086735174	23.85286720740827	23.729062918117062	26.15657078773949	0.0
51.0	26.27204743425326	23.7182369825064	23.790409886577503	26.219305696662836	0.0
52.0	26.290295269634445	23.662098504637097	23.801724927619105	26.245881298109353	0.0
53.0	26.334080966445338	23.6106793098088	23.75835535519975	26.296884368546113	0.0
54.0	26.11117896560147	23.829972685483334	23.77029157691368	26.28855677200151	0.0
55.0	26.294941262685708	23.746974306588793	23.81720370411494	26.140880726610554	0.0
56.0	26.218049787923874	23.776953654149363	23.768903644156246	26.236092913770513	0.0
57.0	26.324920610246277	23.84385201305767	23.68479491905576	26.14643245764029	0.0
58.0	26.248584308587418	23.68923630387955	23.756689835890832	26.305489551642204	0.0
59.0	26.27106881925784	23.741977748662034	23.755301903133397	26.231651528946724	0.0
60.0	26.324643023694787	23.647875907708023	23.815538184806023	26.211942883791167	0.0
61.0	26.33158268748196	23.757800182096776	23.651206946325864	26.2594101840954	0.0
62.0	26.224434278608072	23.703393218005374	23.79860540516533	26.273567098221225	0.0
63.0	26.25274810685972	23.831638204792256	23.622337944971243	26.29327574337679	0.0
64.0	26.26551708822811	23.851346849947813	23.698674246630098	26.184461815193977	0.0
65.0	26.258299837889453	23.754746730030423	23.840243387888343	26.146710044191778	0.0
66.0	26.25163776065377	23.737536363838245	23.8202571561813	26.190568719326684	0.0
67.0	26.107015167329173	23.877995158890542	23.715607026270792	26.299382647509496	0.0
68.0	26.175301458994916	23.741700162110547	23.785281250693966	26.29771712820057	0.0
69.0	26.203615287246564	23.788057116208833	23.731429459705534	26.276898136839066	0.0
70.0	26.15809109280274	23.70727942972619	23.725322555572827	26.409306921898246	0.0
71.0	26.24136705824876	23.683406986298326	23.75169327796407	26.323532677488842	0.0
72.0	26.15170660211854	23.831638204792256	23.803324376540605	26.213330816548602	0.0
73.0	26.236092913770513	23.81220714618818	23.69506562146077	26.256634318580534	0.0
74.0	26.185294574848438	23.921576247473965	23.71061046834403	26.182518709333568	0.0
75.0	26.254968799271612	23.848015811329972	23.73698119073527	26.160034198663144	0.0
76.0	26.25441362616864	23.71255357420444	23.799993337922764	26.23303946170416	0.0
77.0	26.284597597772652	23.66196713939525	23.801870372992013	26.251564889840083	0.0
78.0	26.329770992366413	23.613046495489243	23.76710617626648	26.29007633587786	0.0
79.0	26.111034004163773	23.834559333795973	23.770992366412212	26.283414295628038	0.0
80.0	26.293962526023595	23.750173490631507	23.815961138098544	26.139902845246354	0.0
81.0	26.208188757807076	23.770714781401807	23.780707841776543	26.24038861901457	0.0
82.0	26.323108952116588	23.844274809160304	23.67966689798751	26.1529493407356	0.0
83.0	26.247883414295632	23.687161693268564	23.766828591256072	26.298126301179735	0.0
84.0	26.277307425399027	23.736849410131853	23.760721721027064	26.225121443442056	0.0
85.0	26.333102012491327	23.635808466342816	23.817904233171408	26.21318528799445	0.0
86.0	26.332269257460094	23.756835530881332	23.649132546842473	26.261762664816104	0.0
87.0	26.223455933379597	23.696044413601665	23.8059680777238	26.274531575294937	0.0
88.0	26.24149895905621	23.83261623872311	23.626370575988897	26.299514226231786	0.0
89.0	26.258154059680777	23.860929909784872	23.704927133934767	26.175988896599584	0.0
90.0	26.252879944483	23.766551006245663	23.835947258848023	26.144621790423315	0.0
91.0	26.249548924358084	23.734073560027756	23.82179042331714	26.194587092297017	0.0
92.0	26.104371963913948	23.888133240804997	23.709646079111728	26.297848716169327	0.0
93.0	26.17404580152672	23.734906315058986	23.797362942401108	26.293684941013183	0.0
94.0	26.217626648161	23.775988896599586	23.73324080499653	26.273143650242886	0.0
95.0	26.168216516308117	23.714920194309506	23.721304649548923	26.39555863983345	0.0
96.0	26.253990284524637	23.67966689798751	23.7587786259542	26.307564191533654	0.0
97.0	26.15211658570437	23.83261623872311	23.80846634281749	26.206800832755032	0.0
98.0	26.220402498265095	23.817626648161	23.695766828591257	26.266204024982652	0.0
99.0	26.180430256766137	23.923664122137406	23.711034004163775	26.184871616932686	0.0
100.0	26.26148507980569	23.84538514920194	23.736849410131853	26.156280360860514	0.0
101.0	26.256210964607913	23.711034004163775	23.809021512838306	26.22373351839001	0.0
102.0	26.27751206797483	23.667942628889303	23.806179580348147	26.248365722787725	0.0
103.0	26.330735152060225	23.608751651621642	23.770305230782895	26.290207965535235	0.0
104.0	26.110611460866284	23.834982179141267	23.768917313436148	26.2854890465563	0.0
105.0	26.305475056349444	23.742824467317323	23.815273752817472	26.13642672351576	0.0
106.0	26.2127621775868	23.759757058947624	23.77585690016988	26.25162386329569	0.0
107.0	26.330457568590877	23.84414243362979	23.680923353652446	26.14447664412689	0.0
108.0	26.247460111255457	23.674538933857413	23.772803482007042	26.305197472880092	0.0
109.0	26.279937377169315	23.74310205078667	23.762255310171767	26.214705261872247	0.0
110.0	26.32074214716365	23.635677248148518	23.813053085062677	26.230527519625152	0.0
111.0	26.326848983489338	23.752817472213895	23.65621842488036	26.26411511941641	0.0
112.0	26.233025770849295	23.679813019775047	23.810277250369186	26.276883959006476	0.0
113.0	26.244961860031314	23.82360125689795	23.641784084474203	26.289652798596535	0.0
114.0	26.251068696356995	23.864961193830986	23.713955786505004	26.17001432330702	0.0
115.0	26.254954864927882	23.766141478742657	23.835259762610615	26.143643893718842	0.0
116.0	26.26050653431487	23.733941796298147	23.815273752817472	26.19027791656951	0.0
117.0	26.116995880661314	23.874954198727558	23.711457535280857	26.29659238533027	0.0
118.0	26.179174577795543	23.72839012691116	23.792789491800185	26.29964580349311	0.0
119.0	26.210819093301357	23.785572321597105	23.729778044257905	26.27383054084363	0.0
120.0	26.168348822490923	23.71423336997435	23.726169459156367	26.39124834837836	0.0
121.0	26.248015278194153	23.678702685897647	23.766696645681357	26.30658539022684	0.0
122.0	26.145309394534937	23.82609950812209	23.820270255265758	26.208320842077214	0.0
123.0	26.221644848605973	23.809999666899838	23.694247360181205	26.274108124312978	0.0
124.0	26.184726247182528	23.91714688606864	23.724503958340275	26.173622908408557	0.0
125.0	26.27577362512908	23.836647679957363	23.734496963236847	26.153081731676714	0.0
126.0	26.269389205334043	23.70784895017932	23.806668665267647	26.21609317921899	0.0
127.0	26.283896505492006	23.65739442777397	23.815895028743846	26.24281403799018	0.0
128.0	26.322831367106176	23.612491325468422	23.783761276891045	26.28091603053435	0.0
129.0	26.106870229007633	23.834281748785564	23.779597501734905	26.27925052047189	0.0
130.0	26.297848716169327	23.736571825121445	23.824566273421237	26.141013185287992	0.0
131.0	26.210131852879943	23.760166551006247	23.77182512144344	26.257876474670365	0.0
132.0	26.333934767522553	23.830950728660653	23.684108258154062	26.151006245662735	0.0
133.0	26.25315752949341	23.665232477446217	23.77876474670368	26.3028452463567	0.0
134.0	26.279528105482303	23.74295628036086	23.750451075641916	26.22706453851492	0.0
135.0	26.329215822345592	23.622206800832753	23.815405968077723	26.233171408743928	0.0
136.0	26.340874392782787	23.743789035392087	23.657737682165163	26.25759888965996	0.0
137.0	26.227342123525332	23.677446217904233	23.819014573213046	26.27619708535739	0.0
138.0	26.2470506592644	23.824011103400416	23.651353226925746	26.27758501040944	0.0
139.0	26.26204024982651	23.863150589868148	23.714087439278277	26.160721721027063	0.0
140.0	26.26148507980569	23.756557945870924	23.83678001387925	26.14517696044414	0.0
141.0	26.257394191239946	23.726367040574715	23.829073779524716	26.187164988660623	0.0
142.0	26.123392773866893	23.864393417867692	23.71643978592525	26.29577402234017	0.0
143.0	26.178910084164244	23.728931180742155	23.798882991716816	26.29327574337679	0.0
144.0	26.210554951033732	23.781950212076126	23.731429459705534	26.276065377184604	0.0
145.0	26.173635939685997	23.703393218005374	23.72782083453621	26.395150007772422	0.0
146.0	26.25115545722796	23.67514510877259	23.77230067148373	26.30139876251572	0.0
147.0	26.1573309423812	23.8147715317546	23.82948365982229	26.198413866041907	0.0
148.0	26.222286375736648	23.810052547280062	23.705402126874063	26.262258950109228	0.0
149.0	26.18453449994032	23.918311602872475	23.732883271755213	26.164270625431996	0.0
150.0	26.27621125564198	23.832880864742425	23.738223325172246	26.15268455444335	0.0
151.0	26.261776674827757	23.70630069452541	23.81095140542851	26.220971225218324	0.0
152.0	26.273785895709867	23.655845327485462	23.824341767408292	26.246027009396382	0.0
153.0	26.335483727695674	23.60483450106039	23.777495253217264	26.282186518026673	0.0
154.0	26.11368961037519	23.8332907695895	23.778050432484648	26.274969187550663	0.0
155.0	26.30272815091993	23.740020652668747	23.820521646439634	26.136729549971687	0.0
156.0	26.199742396819932	23.76417095080001	23.78637812149543	26.249708530884625	0.0
157.0	26.335761317329364	23.833845948856887	23.68339236739543	26.147000366418315	0.0
158.0	26.26053452659864	23.669235296077105	23.768334795305403	26.301895382018852	0.0
159.0	26.2888486692353	23.74529485570891	23.749458700214298	26.2163977748415	0.0
160.0	26.33714926549783	23.615382907140717	23.816635391567935	26.230832435793516	0.0
161.0	26.33659408623044	23.739743063035053	23.65757653146201	26.266086319272492	0.0
162.0	26.230832435793516	23.680338881424813	23.825795849479796	26.263032833301875	0.0
163.0	26.24748781381508	23.813304315963624	23.648693663183842	26.290514207037454	0.0
164.0	26.255260323558478	23.85910660552292	23.707265075893005	26.178367995025592	0.0
165.0	26.264975960737726	23.74529485570891	23.85188927504691	26.137839908506454	0.0
166.0	26.255888386450255	23.72204317641148	23.838631146198537	26.183437290939725	0.0
167.0	26.12688137418735	23.86562366409247	23.724607347283218	26.282887614436962	0.0
168.0	26.18017887975305	23.72766085020625	23.80066732918427	26.291492940856426	0.0
169.0	26.216543323654655	23.779015217548206	23.732379900178213	26.27206155861893	0.0
170.0	26.174071873906986	23.69990173272411	23.734600629576786	26.39142576379212	0.0
171.0	26.25714452269453	23.676094614438668	23.767422364472672	26.299338498394132	0.0
172.0	26.156378646517194	23.811004299899235	23.81849928242482	26.21411777115875	0.0
173.0	26.222445529520517	23.801843765701296	23.70940564788572	26.26630505689247	0.0
174.0	26.18608098467415	23.91815479082059	23.727449124336207	26.168315100169053	0.0
175.0	26.279424827892516	23.813568731956476	23.743615367532755	26.163391072618253	0.0
176.0	26.261936486786585	23.708361092604928	23.809682433932934	26.220019986675553	0.0
177.0	26.286715208514348	23.653463395134896	23.820852267522394	26.23896912882836	0.0
178.0	26.335367173923906	23.606893220593054	23.78177760258496	26.275962002898083	0.0
179.0	26.116622899305458	23.828691032039927	23.776225717442358	26.278460351212253	0.0
180.0	26.306774965439516	23.732643419072947	23.84062758509652	26.119954030391018	0.0
181.0	26.19740282813029	23.771506615071146	23.789827836041727	26.24126272075683	0.0
182.0	26.333979202638258	23.83729645401096	23.679067727446853	26.149656615903933	0.0
183.0	26.254032056584816	23.667408768647395	23.770396238042625	26.308162936725164	0.0
184.0	26.288176150211807	23.744579972129536	23.742636812329625	26.22460706532903	0.0
185.0	26.342307030352156	23.616331425335474	23.80925943404083	26.232102110271544	0.0
186.0	26.336755145209555	23.727369128187476	23.663522449047576	26.272353277555393	0.0
187.0	26.231546921757282	23.679345321703984	23.8200856100689	26.269022146469833	0.0
188.0	26.23987474947118	23.82313914689733	23.642425285505695	26.294560818125795	0.0
189.0	26.26485823261288	23.84923300706755	23.705994370388463	26.179914389931103	0.0
190.0	26.271520494784006	23.742636812329625	23.84617947023912	26.139663222647254	0.0
191.0	26.259656837026736	23.733542084794177	23.827369204162814	26.179431874016274	0.0
192.0	26.115102321811257	23.857138098357744	23.735828734496277	26.291930845334726	0.0
193.0	26.181447717607348	23.718340199202746	23.813277962224763	26.286934120965142	0.0
194.0	26.220311129370742	23.775802529452914	23.734163159706416	26.269723181469924	0.0
195.0	26.174230226851286	23.700851663909216	23.735828734496277	26.389089374743225	0.0
196.0	26.25147473177232	23.67510097575194	23.769761405749023	26.30366288672672	0.0
197.0	26.147931211570224	23.811400891084986	23.825280719530305	26.21538717781448	0.0
198.0	26.220383916054796	23.793912307243883	23.71285410912321	26.272849667578107	0.0
199.0	26.18207558954571	23.913278831873637	23.73062028953322	26.174025289047425	0.0
200.0	26.262929096087547	23.812022185579373	23.753449146943375	26.17159957138971	0.0
201.0	26.27264500297029	23.702926431153085	23.817851729709023	26.2065768361676	0.0
202.0	26.293260195484592	23.65108138343794	23.819583436275966	26.236074984801505	0.0
203.0	26.3402473961225	23.608396810944058	23.785782495724977	26.265573297208466	0.0
204.0	26.105121144151543	23.831863909924717	23.779120122587667	26.283894823336073	0.0
205.0	26.29610917408781	23.731373115103597	23.835472695374094	26.137045015434495	0.0
206.0	26.200337560238957	23.77190255168891	23.78883608341291	26.23892380465922	0.0
207.0	26.326367452086437	23.83047591552111	23.682238113215927	26.16091851917653	0.0
208.0	26.266683692731352	23.654478225143798	23.770514557285306	26.30832352483955	0.0
209.0	26.29194519087699	23.734981900552977	23.740811477048123	26.23226143152191	0.0
210.0	26.344981511709253	23.618375029148204	23.817970840689785	26.21867261845276	0.0
211.0	26.344426307782847	23.72747260068623	23.66584496485559	26.262256126675325	0.0
212.0	26.234218328392018	23.68583230620607	23.815194821057776	26.264754544344136	0.0
213.0	26.251152048147286	23.809920383756953	23.645857623505112	26.29306994459065	0.0
214.0	26.274470613056177	23.85239348412672	23.70137801614533	26.171757886671777	0.0
215.0	26.26836336986575	23.745794330257503	23.851005474310714	26.134836825566033	0.0
216.0	26.265660264222284	23.728371277000335	23.831639493985737	26.174328964791645	0.0
217.0	26.12554340885999	23.852525914287142	23.73204599334862	26.289884683504244	0.0
218.0	26.18717138685159	23.717333007611888	23.802557283483146	26.292938322053377	0.0
219.0	26.220483807387584	23.78090421013475	23.737598063437954	26.261013919039716	0.0
220.0	26.181619316762255	23.691793485200957	23.730935579330755	26.395651618706033	0.0
221.0	26.244152959955585	23.670761329724478	23.78069262266639	26.304393087653548	0.0
222.0	26.15032271496981	23.804288986050384	23.840655146089247	26.20473315289055	0.0
223.0	26.226663890623914	23.807620237351657	23.712679575265458	26.25303629675897	0.0
224.0	26.183357623707405	23.911721840516346	23.73072385314734	26.174196682628914	0.0
225.0	26.264490983388118	23.81073998400995	23.752442924402594	26.172326108199346	0.0
226.0	26.280592076041575	23.711912587723194	23.811017589055698	26.196477747179532	0.0
227.0	26.27359315531299	23.65742141629722	23.826206689782108	26.242778738607687	0.0
228.0	26.335441316091924	23.609869578977175	23.785041280557884	26.269647824373017	0.0
229.0	26.11529684801981	23.829736437379587	23.781987574191184	26.27297914040942	0.0
230.0	26.30144135740778	23.73631376729518	23.8270926333089	26.13515224198814	0.0
231.0	26.19594909720834	23.76324205476714	23.795722566460125	26.245086281564394	0.0
232.0	26.325038310347125	23.835976192062542	23.686621360517023	26.152364137073313	0.0
233.0	26.259799675750106	23.662191573944522	23.77240322473183	26.305605525573544	0.0
234.0	26.27839962689053	23.745474937259868	23.74603015968197	26.23009527616763	0.0
235.0	26.34530392875386	23.61111111111111	23.824594132409445	26.218990827725584	0.0
236.0	26.338363648477582	23.73103915428521	23.668299020587646	26.26229817664957	0.0
237.0	26.233426610700246	23.67857063539654	23.822650853932085	26.26535189997113	0.0
238.0	26.248972838519112	23.80405090279166	23.64692295733671	26.30005330135252	0.0
239.0	26.27049476144736	23.83583092272927	23.703409639825214	26.190264675998154	0.0
240.0	26.256260480405114	23.74179613321636	23.8445179846528	26.157425401725725	0.0
241.0	26.26932057650074	23.724710069883084	23.82771612530645	26.17825322830973	0.0
242.0	26.113974099824517	23.851040671716387	23.729147693196207	26.30583753526289	0.0
243.0	26.177094556319492	23.7162755051038	23.802079283802247	26.304550654774467	0.0
244.0	26.21262698355393	23.77654227045761	23.750992818382276	26.259837927606185	0.0
245.0	26.182025218019216	23.696328389712825	23.726878853524415	26.39476753874354	0.0
246.0	26.25203800762708	23.65894237472676	23.795041010129626	26.293978607516532	0.0
247.0	26.162461251291624	23.804206526449118	23.842816350566093	26.190515871693165	0.0
248.0	26.245392194718143	23.8036373535711	23.706967196037635	26.24400325567312	0.0
249.0	26.181295939286525	23.920374681237604	23.73647864083603	26.161850738639835	0.0
