# Position (bp)	A	C	G	T	N
0.0	25.95236987417806	24.592313199521506	24.156997003667744	25.290690257092212	0.0076296655404780025
1.0	26.001299794824533	22.237248077199208	25.36488562756125	26.396466439227588	1.0006118741610494E-4
2.0	26.92413911106642	22.61738052819299	25.326512162187175	25.131968198553416	0.0
3.0	27.541577904099405	23.73054936566242	22.981566737276477	25.746255962393022	5.003056867746193E-5
4.0	27.023841299152807	23.671420484350573	23.353876703258162	25.950861513238454	0.0
5.0	26.20279025275174	23.69826186430269	24.816018975579848	25.264467641378154	0.018461265987568917
6.0	25.89502744049556	23.949390115317872	24.88516116960375	25.269945984537063	4.7529004575041925E-4
7.0	25.21728885052103	24.72581392794953	24.87848209369768	25.177514578271392	9.005495603692154E-4
8.0	25.193374256640116	24.853967133443184	24.991150849806093	24.96120757692382	3.0018318678973844E-4
9.0	25.31792526389229	24.71750885978168	24.65999876424588	25.30424191362779	3.2519845235554995E-4
10.0	25.185719585376976	24.709303852676097	24.695445395552635	25.409331044269766	2.001221245264923E-4
11.0	25.648602059406755	24.37154773700651	24.6711805879538	25.308419462977284	2.501526556581154E-4
12.0	25.787987119139455	24.116141875579572	24.209598907733447	25.886222067016394	5.003053113162307E-5
13.0	25.471393918138546	24.404017551710933	24.342129784701115	25.78245874544941	0.0
14.0	25.5213994340046	24.483491050413512	24.764737681169933	25.23037183441195	0.0
15.0	25.662935806575966	24.455373891917542	24.70712752457187	25.17456277693462	0.0
16.0	25.32472941612619	24.64644049030921	24.933015372631147	25.095789705667883	2.5015265565811536E-5
17.0	25.33100824778321	24.687440510571577	25.170935563427584	24.810590662952066	2.5015265565811536E-5
18.0	25.378512237092686	24.683137884894258	24.73894694237158	25.199402935641473	0.0
19.0	25.150648183053708	24.814392983318072	24.73179257641976	25.303141241942896	2.5015265565811536E-5
20.0	25.38959399973834	24.66174983283549	24.84478653098053	25.103844621180077	2.5015265565811536E-5
21.0	25.46048726235185	24.444442220865284	24.451771693676065	25.643298823106804	0.0
22.0	25.24290448246042	24.57799872372115	24.49044529424081	25.68857645378092	7.504579669743461E-5
23.0	25.443902141281715	24.56241421327365	24.720710813774105	25.272972831670526	0.0
24.0	25.519898518070654	24.447469067998746	24.5501567331464	25.482425650253067	5.003053113162307E-5
25.0	25.245881299062756	24.670805358970313	24.75112937670213	25.33213393473367	5.003053113162307E-5
26.0	25.416135196503664	24.66287551978595	24.945072730633868	24.975816492014253	1.0006106226324614E-4
27.0	25.476797215500756	24.59598469966297	24.640186673917757	25.28663116666946	4.002442490529846E-4
28.0	25.161830006761626	24.783899374593346	24.69857230374836	25.355398131709876	3.0018318678973844E-4
29.0	25.33528585819496	24.71340635622889	24.839083050431526	25.11147427717765	7.504579669743461E-4
30.0	25.3820143742719	24.56366497655194	24.482940714571065	25.570829598762646	5.503358424478538E-4
31.0	25.0962900109792	24.707752906211013	24.505754636767087	25.689201835420068	0.0010006106226324615
32.0	25.267919748026234	24.629705277645684	24.676533854784882	25.42531579896632	5.253205768820423E-4
33.0	25.447554370054327	24.42217863451171	24.403992536445365	25.725498985756058	7.754732325401575E-4
34.0	25.200978897372124	24.58970586800595	24.50460393455106	25.703760719979368	9.505800915008385E-4
35.0	25.430850338362305	24.580983316552274	24.633282054162038	25.354733863106677	1.504278167107253E-4
36.0	25.56179754094548	24.393061549272225	24.356355490635558	25.68873513687463	5.028227210502961E-5
37.0	25.324910211723257	24.53488941121391	24.522655301304685	25.617469400851494	7.567490665500264E-5
38.0	25.494023401948184	24.51828381661535	24.658348067386836	25.329319390554637	2.5323494986707697E-5
39.0	25.56153092763836	24.47403299456874	24.284206107938285	25.680204530711404	2.54391432096567E-5
40.0	25.27190042213645	24.638631814516717	24.41504551897824	25.674422244368593	0.0
41.0	25.486737001994392	24.55985535017073	24.611696095401378	25.341711552433505	0.0
42.0	25.59335296520424	24.408706231387907	24.24441083536296	25.753504066200968	2.5901843926367274E-5
43.0	25.340685206399577	24.54123424831621	24.372268164180234	25.74581238110398	0.0
44.0	25.581351293467492	24.44685393323465	24.50960530047775	25.462189472820107	0.0
45.0	25.700529438748205	24.28805566645996	24.182799717972458	25.828562084285462	5.3092533915510666E-5
46.0	25.45385975793789	24.443185844882755	24.334843831501097	25.76808376161755	2.6804060707981017E-5
47.0	25.68517648269707	24.420118607640024	24.465893193535763	25.428811716127147	0.0
48.0	25.763789992574043	24.330095880005775	24.140132779687455	25.765953955793247	2.739193948353594E-5
49.0	25.520562095368966	24.503980104604373	24.256978313342504	25.71847948668416	0.0
50.0	25.716767442611033	24.450484608573507	24.437995781863698	25.394752166951758	0.0
51.0	25.820762078528347	24.381741100780097	24.119661434931672	25.677835385759884	0.0
52.0	25.526956459563007	24.538462603015564	24.25395166889247	25.68062926852896	0.0
53.0	25.76320572435736	24.40684728046812	24.415183212077217	25.414763783097307	0.0
54.0	25.869105690815573	24.306521739775746	24.075518162515262	25.748854406893418	0.0
55.0	25.598725404189764	24.491503197040814	24.20034789109863	25.709423507670788	0.0
56.0	25.812844493134037	24.371395765476304	24.41256951133136	25.403190230058303	0.0
57.0	25.93451625847068	24.284275876850838	24.035295847591325	25.745912017087157	0.0
58.0	25.67335910224281	24.46563958733397	24.213444929575054	25.64755638084817	0.0
59.0	25.92479858493002	24.3939149408666	24.31757733822238	25.363709135980994	0.0
60.0	26.00629215257072	24.321324082038092	23.935407583803546	25.73697618158764	0.0
61.0	25.721342481740074	24.490834825650413	24.12664238717077	25.66118030543874	0.0
62.0	25.925540580315275	24.4342302505938	24.280150315210175	25.360078853880747	0.0
63.0	25.97330872852705	24.35183287385863	23.971358438536836	25.703499959077487	0.0
64.0	25.695663010699704	24.55417311982801	24.045954256726336	25.704209612745956	0.0
65.0	25.870405198720807	24.503545580282328	24.29095712372575	25.33509209727111	0.0
66.0	26.01416258715935	24.384592955686802	23.947640573165945	25.65360388398791	0.0
67.0	25.72265658660447	24.496925619328287	24.11570624584705	25.664711548220193	0.0
68.0	26.012476521672255	24.460896004005296	24.17662529667935	25.3500021776431	0.0
69.0	26.06146739380088	24.348089580312898	23.752612114408393	25.837830911477834	0.0
70.0	25.721246027205495	24.66108955194862	23.742739553872187	25.874924866973693	0.0
71.0	25.753220827514568	24.65469181422545	24.05657307440519	25.535514283854795	0.0
72.0	25.698833246962575	24.578535650591736	23.8449268106844	25.877704291761283	0.0
73.0	24.349911743906986	25.0973972340856	24.173631566541008	26.379059455466404	0.0
74.0	20.89250456257938	26.87754143675891	24.13716554425435	28.09278845640736	0.0
75.0	18.31081432716202	28.04169214556147	23.556972977192594	30.090520550083916	0.0
