# Position (bp)	A	C	G	T	N
0.0	25.945969651784935	24.426804666257347	21.18673800543812	28.2212086659065	0.2192790106131041
1.0	27.72388386983598	20.567494079466712	23.9759670204368	27.732655030260506	0.0
2.0	28.17384439961407	21.246381896324884	24.702219103587407	25.87755460047364	0.0
3.0	28.225594246118764	22.44276817822998	22.41382334882905	26.917814226822205	0.0
4.0	27.48355407420402	22.75502148934304	23.064643452328742	26.696780984124203	0.0
5.0	27.162529602666435	22.648890448206295	24.627664239978948	25.56091570914832	0.0
6.0	26.455574072449785	23.246206473116395	24.810104376809054	25.484606613454957	0.0035084641698096657
7.0	25.316200333304096	24.456626611700727	24.603982106832735	25.623190948162446	0.0
8.0	25.35830190334181	24.374177703710203	25.0451714761863	25.22234891676169	0.0
9.0	25.464432944478553	24.425927550214894	24.57942285764407	25.527585299535126	0.0026313481273572497
10.0	25.511797210770986	24.389088676431893	24.369792123497938	25.729321989299187	0.0
11.0	25.81264801333216	23.825980177177442	24.60924480308745	25.752127006402947	0.0
12.0	25.98631698973774	23.434786422243665	23.806683624243487	26.772212963775104	0.0
13.0	25.52846241557758	24.142619068502764	23.96807297605473	26.360845539864926	0.0
14.0	25.57845802999737	24.191737566880096	24.44259275502149	25.787211648101042	0.0
15.0	25.64073326901149	24.683799666695904	24.510130690290325	25.16533637400228	0.0
16.0	25.354793439172003	24.619770195596878	24.941671783176915	25.083764582054208	0.0
17.0	25.515305674940798	24.272432242785722	25.38812384878519	24.82326111744584	8.771160424524164E-4
18.0	25.54249627225682	24.43557582668187	24.51188492237523	25.51004297868608	0.0
19.0	25.29164108411543	24.346987106394177	24.771511270941147	25.589860538549253	0.0
20.0	25.63371634067187	24.292605911762127	24.74519778966757	25.32847995789843	0.0
21.0	25.392509428997457	24.384703096219628	24.437330058766772	25.78545741601614	0.0
22.0	25.26357337075695	24.354881150776247	24.531181475309182	25.850364003157615	0.0
23.0	25.451276203841765	24.07595824927638	24.937286202964653	25.534602227874746	8.771160424524164E-4
24.0	25.652135777563373	24.137356372248046	24.400491184983775	25.810016665204806	0.0
25.0	25.374089992105958	24.58117708972897	24.498728181738443	25.54600473642663	0.0
26.0	25.50302605034646	24.422419086045082	24.553109376370493	25.52144548723796	0.0
27.0	25.632839224629418	24.437330058766772	24.201385843347076	25.728444873256734	0.0
28.0	25.057451100780632	24.73028681694588	24.2469958775546	25.965266204718883	0.0
29.0	25.133760196473993	24.300499956144197	24.92500657837032	25.64073326901149	0.0
30.0	25.346022278747476	24.474168932549777	24.22506797649329	25.954740812209455	0.0
31.0	24.928515042540127	24.843434786422243	24.44697833523375	25.781071835803875	0.0
32.0	25.494254889921937	24.204894307516884	24.743443557582665	25.555653012893604	0.0017542320849048328
33.0	25.55828436102096	24.19612314709236	23.96368739584247	26.281905096044206	0.0
34.0	25.295149548285238	24.459257959828086	24.06280150863959	26.182790983247084	0.0
35.0	25.667496699070426	24.196478417680574	24.013044210302446	26.122980672946554	0.0
36.0	25.709906421426265	23.866121687999716	23.89839016170091	26.525581728873114	0.0
37.0	25.19501063694383	24.404058403185626	23.977671509355055	26.423259450515484	0.0
38.0	25.407412882007318	24.109419459739108	24.249842947415097	26.233324710838474	0.0
39.0	25.74847485030503	23.965295206940958	23.75379524924095	26.532434693513064	0.0
40.0	25.34331965169358	24.63366450573478	23.95182016955004	26.071195673021595	0.0
41.0	25.803793867822744	24.004943405849698	24.114796869176296	26.076465857151266	0.0
42.0	25.75377517201084	24.021074475908406	23.740014304854583	26.485136047226167	0.0
43.0	25.22410358565737	24.397202855245684	23.899194887118195	26.479498671978753	0.0
44.0	25.867717277262702	23.671926856947092	24.254330556923538	26.20495471382995	0.0010705950367214097
45.0	26.125128704759586	23.73813978720813	23.441426879089487	26.695304628942797	0.0
46.0	25.70125061613765	24.106743698201452	23.509520043100977	26.68248564255992	0.0
47.0	26.3212324370587	23.82141074103131	23.526614839645294	26.330741982264698	0.0
48.0	26.09615479784233	23.890236056811993	23.40401840946207	26.609590735883604	0.0
49.0	26.08063041602822	24.185261965157153	23.4744987960805	26.25960882273412	0.0
50.0	26.267454350161117	23.77282491944146	23.811761546723954	26.147959183673468	0.0
51.0	26.190175704289544	23.877834335955576	23.398258382062174	26.526720233337542	0.00701134435516666
52.0	26.030572426136196	24.193879646744712	23.574802687556847	26.189009183463895	0.011736056098348149
53.0	26.335918900238077	23.829198986252976	23.749328008601488	26.073266262191847	0.012287842715613239
54.0	26.517556440047052	23.605717324395314	23.03527402226985	26.825337995713618	0.016114217574165687
55.0	26.26312141855001	24.03353673997194	23.179905001774877	26.516675400192703	0.006761439510471779
56.0	26.615327155992674	23.494050900812777	23.691464954559198	26.190264463691822	0.008892524943532466
57.0	26.539242219215154	23.430687114719593	23.064200872049316	26.96211096075778	0.0037588332581566684
58.0	26.341676252429497	24.16008885010511	23.093094284241005	26.395224306850185	0.009916306374201737
59.0	26.747694886839902	23.868398994132438	23.29002514668902	26.089689857502098	0.004191114836546521
60.0	26.522432348642543	23.583861109880864	23.176402852207804	26.708445901058507	0.008857788210283893
61.0	26.23108730382483	24.02734705384832	23.37421294991072	26.367352692416123	0.0
62.0	26.603242597066224	23.642069085747018	23.520035862824695	26.224690558613307	0.009961895748760989
63.0	27.029532512250032	23.869686134286848	22.65925043040657	26.436233611442194	0.005297311614355715
64.0	26.633009927797836	23.6490297833935	23.316222924187727	26.381994584837543	0.0197427797833935
65.0	27.10325480377666	23.625230008144552	22.973665952761607	26.29483273506078	0.0030165002564025217
66.0	26.659149484536083	23.67590206185567	22.796391752577318	26.865335051546392	0.0032216494845360827
67.0	26.874223388098855	23.633163053983157	23.122325003451607	26.366836946016843	0.003451608449537484
68.0	27.06970868014269	23.301872770511295	22.889417360285375	26.731569560047564	0.007431629013079666
69.0	27.04243446143964	23.48950178650287	22.184752499096714	27.27528202657674	0.008029226384037899
70.0	27.328137925029388	23.592668379119683	22.53036701641343	26.540119291218602	0.008707388218903739
71.0	26.90907371506927	23.7836304316989	22.923069648683153	26.38422620454868	0.0
72.0	27.414218204232586	23.690158208341895	22.457365933840148	26.438257653585374	0.0
73.0	26.990063637378586	24.053812660489	22.842469576867256	26.113654125265157	0.0
74.0	27.474538025248524	23.229859120570836	23.14447764835031	26.151125205830333	0.0
75.0	26.95408809222363	23.355767308589325	22.362897314586526	27.32058372759379	0.006663557006730193
76.0	26.91174303816119	23.640783851480773	22.498894946220716	26.94857816413732	0.0
77.0	27.799070374296665	23.273261029111964	22.514882165864798	26.412786430726577	0.0
78.0	27.073281747837964	23.486572598998634	22.303140646335912	27.13700500682749	0.0
79.0	26.973886328725037	23.266769073220686	21.98668714797747	27.76241679467486	0.010240655401945725
80.0	27.074736359468133	22.730398899587346	22.340669417698304	27.842732691425955	0.011462631820265932
81.0	27.847276518113105	23.221266614542614	21.853010164190774	27.065415689340632	0.013031013812874642
82.0	27.74436090225564	23.48872180451128	23.112781954887218	25.6390977443609	0.015037593984962405
83.0	28.601472134595163	22.257273045916577	22.204696810375044	26.88398177357168	0.052576235541535225
84.0	26.758253024400247	23.354521222062743	21.65265532089399	28.2140660241952	0.020504408447816282
85.0	28.451882845188287	23.75092296332759	21.90499630814669	25.892197883337438	0.0
86.0	29.074074074074076	22.808641975308642	20.64814814814815	27.469135802469136	0.0
87.0	27.61904761904762	23.452380952380953	20.753968253968257	28.134920634920636	0.03968253968253968
88.0	28.141783029001072	21.75080558539205	21.9656283566058	28.141783029001072	0.0
89.0	29.372384937238493	22.426778242677827	21.338912133891213	26.778242677824267	0.08368200836820083
90.0	31.698774080560423	21.71628721541156	23.817863397548162	22.76707530647986	0.0
