# Position (bp)	A	C	G	T	N
0.0	26.283428976580332	23.703830899785082	23.765592803491902	26.247147320142687	0.0
1.0	26.316941040923492	23.642068996078258	23.730142024682603	26.310847938315646	0.0
2.0	26.278736786132672	23.765436372649752	23.677643950492826	26.278182890724743	0.0
3.0	26.31425904950747	23.740435395475455	23.651539614009533	26.293765941007543	0.0
4.0	26.19048937725692	23.733080041649128	23.668280201156428	26.408150379937528	0.0
5.0	26.17898470663488	23.845521228785753	23.81090832564927	26.1645857389301	0.0
6.0	26.29040252307232	23.828247223429795	23.75154715392901	26.12980309956887	0.0
7.0	26.18657348698383	23.877662902931064	23.70738109345841	26.228382516626702	0.0
8.0	26.243088568762683	23.723548287958536	23.84426472339047	26.189098419888307	0.0
9.0	26.25880059911904	23.829932142293544	23.80556870627386	26.105698552313555	0.0
10.0	26.23671512295865	23.860040584797588	23.61254529800481	26.290698994238955	0.0
11.0	26.163075585725004	23.77477375221126	23.74432131200186	26.31782935006187	0.0
12.0	26.176363923270923	23.770067465997084	23.74542867346402	26.30813993726797	0.0
13.0	26.28460850619707	23.70473313972964	23.825435539105086	26.185222814968206	0.0
14.0	26.221488902853945	23.656562916125676	23.7390613450566	26.382886835963777	0.0
15.0	26.228963592723524	23.7072247030195	23.781971601715302	26.281840102541672	0.0
16.0	26.23719616853995	23.726261004374066	23.786888876584907	26.249653950501077	0.0
17.0	26.2513149880959	23.797408781352082	23.776645811416866	26.174630419135152	0.0
18.0	26.333536349039367	23.8494546259897	23.642932285034053	26.17407673993688	0.0
19.0	26.20369857704446	23.81097392170976	23.723215768783568	26.262111732462213	0.0
20.0	26.209235369027184	23.7356735507447	23.729306239964565	26.325784840263548	0.0
21.0	26.23055201816068	23.672830961740768	23.774431094623775	26.322185925474777	0.0
22.0	26.18127456951442	23.704667515641436	23.82370854327003	26.290349371574113	0.0
23.0	26.221139471790046	23.81623387409335	23.905376225015225	26.05725042910138	0.0
24.0	26.268755882841482	23.780244726205638	23.701068600852665	26.24993079010022	0.0
25.0	26.28813465478102	23.710204307624164	23.7669564254471	26.23470461214772	0.0
26.0	26.321632246276504	23.64431648302973	23.718786335197386	26.315264935496373	0.0
27.0	26.2704169204363	23.768617463041913	23.679475112120038	26.28149050440175	0.0
28.0	26.3116660207076	23.734289352749016	23.65843530258568	26.2956093239577	0.0
29.0	26.197331266264328	23.73345883395161	23.6661868113615	26.403023088422568	0.0
30.0	26.171862023143788	23.85831349316206	23.812358119705443	26.157466363988707	0.0
31.0	26.298858593492625	23.828902527815384	23.75581707597288	26.11642180271911	0.0
32.0	26.181755767244987	23.874857774049683	23.705432408414794	26.23795405029054	0.0
33.0	26.244044504610752	23.71927435005163	23.846620213110533	26.190060932227084	0.0
34.0	26.24847392593454	23.834439304470116	23.81201535901844	26.1050714105769	0.0
35.0	26.233524628966755	23.85907796058369	23.61988920909914	26.28750820135042	0.0
36.0	26.170682213935514	23.76689062928235	23.7356078411831	26.32681931559904	0.0
37.0	26.178710540084875	23.756370753638354	23.758031786634774	26.306886919641993	0.0
38.0	26.290276589677784	23.710415507404054	23.81450690851307	26.184800994405087	0.0
39.0	26.219959526162658	23.66141503400965	23.747788749823513	26.37083669000418	0.0
40.0	26.22189739799181	23.707093441411214	23.79152928539592	26.279479875201055	0.0
41.0	26.228745757456633	23.72834434226044	23.79090974525361	26.252000155029314	0.0
42.0	26.2445255272381	23.797553858845806	23.783988793595075	26.173931820321023	0.0
43.0	26.32508540454347	23.848492063052635	23.6499991694858	26.176423362918094	0.0
44.0	26.201061950822485	23.80724319116776	23.720316038336538	26.27137881967322	0.0
45.0	26.20023143662346	23.729728532592144	23.733604265520928	26.336435765263467	0.0
46.0	26.229299433589315	23.67186937672678	23.775683651604833	26.323147538079077	0.0
47.0	26.184451666841994	23.707304649218486	23.82413031321459	26.284113370724928	0.0
48.0	26.219056425134678	23.81527149509166	23.89970710532581	26.065964974447848	0.0
49.0	26.268610439009805	23.778728870334586	23.708965677616533	26.243695013039076	0.0
50.0	26.30293835923615	23.70259840209068	23.754090282430194	26.240372956242975	0.0
51.0	26.32259386194639	23.649722331419458	23.714502438943363	26.313181367690785	0.0
52.0	26.283559694592245	23.76073439602239	23.678236652252632	26.277469257132736	0.0
53.0	26.324531728410783	23.733604265520928	23.643355055893604	26.298508950174686	0.0
54.0	26.20742922634834	23.720869714469217	23.66107269213946	26.410628367042982	0.0
55.0	26.18722004750541	23.845446844322883	23.808073705366784	26.159259402804924	0.0
56.0	26.301204519092085	23.82877059323465	23.74959512544882	26.120429762224447	0.0
57.0	26.176350896814434	23.868635164427516	23.710837903455758	26.244176035302292	0.0
58.0	26.23559407900383	23.719419859754222	23.851194414530635	26.19379164671131	0.0
59.0	26.25497269000036	23.833753664633758	23.81603607743693	26.095237567928955	0.0
60.0	26.237808777403433	23.87251088662682	23.610069126273796	26.27961120969595	0.0
61.0	26.177181408714283	23.7681432245455	23.74212051835016	26.31255484839005	0.0
62.0	26.17911926981394	23.755962383347683	23.76066861744684	26.304249729391536	0.0
63.0	26.29898982069248	23.70696218125645	23.817420263936683	26.176627734114383	0.0
64.0	26.22978049570487	23.665713423563837	23.74073633185041	26.363769748880884	0.0
65.0	26.22396691240591	23.71056106615581	23.780600903043272	26.28487111839501	0.0
66.0	26.236905631962436	23.71824684960025	23.781642415786326	26.26320510265099	0.0
67.0	26.256007352778333	23.803235665404294	23.761433348836178	26.1793236329812	0.0
68.0	26.321617611232917	23.846422164640224	23.64267047593737	26.189289748189488	0.0
69.0	26.195933824995016	23.80794188647487	23.72295307067083	26.273171217859275	0.0
70.0	26.19538015192789	23.730150820543486	23.74509999335592	26.3293690341727	0.0
71.0	26.220018603415056	23.667862600491663	23.78496445418909	26.32715434190419	0.0
72.0	26.189289748189488	23.69886829225079	23.835902376364803	26.275939583194912	0.0
73.0	26.219188093814367	23.80766504994131	23.911478750027683	26.06166810621664	0.0
74.0	26.26486612185237	23.77832037738356	23.709941753593338	26.24687174717073	0.0
75.0	26.29531814054437	23.700529311452172	23.76918477177596	26.234967776227492	0.0
76.0	26.317465063229463	23.644885168205878	23.72682878214072	26.310820986423938	0.0
77.0	26.272063871725027	23.758664983500545	23.6858569751733	26.283414169601134	0.0
78.0	26.318295572830152	23.735133878147632	23.649037716209335	26.29753283281288	0.0
79.0	26.207007286337564	23.721292051469447	23.662879542887516	26.408821119305472	0.0
80.0	26.189289748189488	23.847252674240917	23.809602905676254	26.15385467189334	0.0
81.0	26.308256626756176	23.825593466675894	23.75001730223545	26.11613260433248	0.0
82.0	26.172330265070247	23.86905668212333	23.716797010173714	26.24181604263271	0.0
83.0	26.24181604263271	23.71292130943318	23.848017163817563	26.19724548411655	0.0
84.0	26.254827323690222	23.833621703924145	23.811198006782476	26.100352965603157	0.0
85.0	26.240431863796804	23.86933351789051	23.612983597480795	26.277251020831894	0.0
86.0	26.183680531524672	23.762198075991417	23.748909959166724	26.305211433317183	0.0
87.0	26.18063533808568	23.7522319883729	23.764689597896048	26.30244307564537	0.0
88.0	26.297736867603295	23.70544674371929	23.815627379057375	26.18118900962004	0.0
89.0	26.221053360094125	23.665028721710847	23.749463630701086	26.364454287493942	0.0
90.0	26.22797425427365	23.705169907952104	23.78019240085819	26.286663436916047	0.0
91.0	26.23233100607376	23.715070343773704	23.784002258973608	26.268596391178928	0.0
92.0	26.248941106121933	23.79812084401455	23.77458986894631	26.17834818091721	0.0
93.0	26.3247938963419	23.847951144159058	23.638663883552123	26.188591075946917	0.0
94.0	26.196619290970197	23.81002474904907	23.726697413807425	26.26665854617331	0.0
95.0	26.20409383599187	23.723098558796984	23.746352698864424	26.32645490634672	0.0
96.0	26.21572090602559	23.67659027866211	23.78261808396959	26.325070731342702	0.0
97.0	26.189144745948518	23.705381118745606	23.842414444143	26.263059691162873	0.0
98.0	26.22430279105048	23.80697956404024	23.909131679336483	26.0595859655728	0.0
99.0	26.25918400115163	23.77265202394069	23.72033020878896	26.247833766118717	0.0
100.0	26.29655672626001	23.702335933736773	23.770160508933465	26.230946831069744	0.0
101.0	26.328669586353143	23.639771223555336	23.724759568801804	26.306799621289716	0.0
102.0	26.26748905117572	23.768222663927848	23.689324688699042	26.27496359619739	0.0
103.0	26.313443661308987	23.731126773820268	23.65029095358584	26.3051386112849	0.0
104.0	26.21267572101676	23.715070343773704	23.671053578646056	26.401200356563482	0.0
105.0	26.189698415950126	23.837431414128552	23.813900439060312	26.158969730861013	0.0
106.0	26.299805939201665	23.82158587259535	23.758467667145588	26.120140521057394	0.0
107.0	26.182705058038298	23.86089633388423	23.715281526574703	26.241117081502768	0.0
108.0	26.243608589612627	23.714451023871415	23.847054622162794	26.194885764353167	0.0
109.0	26.25329778781763	23.833766578910215	23.81743335907892	26.095502274193237	0.0
110.0	26.23585723104862	23.869478195151526	23.620881052634495	26.273783521165363	0.0
111.0	26.1846428976793	23.762343346427592	23.745456458127435	26.307557297765673	0.0
112.0	26.1885185769613	23.75597615903573	23.762620180662022	26.292885083340945	0.0
113.0	26.298421768029524	23.705869162604124	23.819648032954348	26.17606103641201	0.0
114.0	26.225337530140326	23.665451364377525	23.746010126596296	26.363200978885853	0.0
115.0	26.231151049063335	23.70476182566641	23.77867656625889	26.285410559011368	0.0
116.0	26.234123600606818	23.71327804046198	23.78996091111431	26.26263744781689	0.0
117.0	26.246027439733354	23.803802584517257	23.768921567541827	26.18124840820756	0.0
118.0	26.325201811598216	23.847542272470573	23.640470838362475	26.186785077568736	0.0
119.0	26.209208588481513	23.799096415560257	23.729888048545515	26.261806947412715	0.0
120.0	26.205332919928686	23.72158304450375	23.748159057437405	26.324924978130156	0.0
121.0	26.214191590906573	23.671753020253135	23.79300607926296	26.321049309577333	0.0
122.0	26.193429080802154	23.701097367867384	23.84505077125804	26.260422780072417	0.0
123.0	26.227479597373403	23.809062420410378	23.910106636251896	26.05335134596432	0.0
124.0	26.26291428128495	23.764492232052888	23.722967211844043	26.249626274818123	0.0
125.0	26.292535462367255	23.711893873121685	23.773350903030774	26.222219761480286	0.0
126.0	26.328800646682982	23.637148836745766	23.728503881205224	26.305546635366028	0.0
127.0	26.274541286943425	23.764769065520948	23.68947036220891	26.27121928532672	0.0
128.0	26.317173641024503	23.723244045312104	23.654035678297365	26.305546635366028	0.0
129.0	26.21640625865105	23.714939041270334	23.674244521465667	26.394410178612954	0.0
130.0	26.197304749354977	23.83702260068433	23.818197924856324	26.147474725104363	0.0
131.0	26.296760762622952	23.822139541064207	23.75929816984888	26.121801526463965	0.0
132.0	26.192117422008877	23.858127991539945	23.717773034684562	26.23198155176662	0.0
133.0	26.24388542384705	23.7172193662157	23.851207135679225	26.187688074258013	0.0
134.0	26.259388140975066	23.83404341314464	23.814111348265772	26.09245709761452	0.0
135.0	26.238902407627336	23.86394151046295	23.621988389572206	26.275167692337504	0.0
136.0	26.185196566148157	23.76511168877188	23.74933213740944	26.300359607670522	0.0
137.0	26.189349079664588	23.754868822098015	23.75597615903573	26.299805939201665	0.0
138.0	26.306726795062385	23.698394638274547	23.820201701423205	26.174676865239867	0.0
139.0	26.224098553533114	23.662814035573394	23.742542736521557	26.370544674371928	0.0
140.0	26.228527925808017	23.704616236417746	23.776593535884835	26.290262301889406	0.0
141.0	26.233029920492545	23.710218590126903	23.791331694461054	26.2654197949195	0.0
142.0	26.244380218368658	23.79769893473302	23.783026598454146	26.17489424844418	0.0
143.0	26.330476380306955	23.845591655039534	23.643777822071623	26.18015414258189	0.0
144.0	26.21032932474033	23.794653732863818	23.729873984009924	26.265142958385933	0.0
145.0	26.205623103669744	23.72433725333865	23.750083050960068	26.319956592031534	0.0
146.0	26.207284122871126	23.65789648528337	23.806557703807055	26.328261688038445	0.0
147.0	26.19095076739087	23.70495869598919	23.847252674240917	26.256837862379022	0.0
148.0	26.233860430093237	23.81430912674684	23.914523951896886	26.037306491263042	0.0
149.0	26.272063871725027	23.758664983500545	23.72212256107014	26.247148583704295	0.0
150.0	26.30639160188692	23.701359821052865	23.773060483245853	26.219188093814367	0.0
151.0	26.331030053374082	23.62910548579275	23.729873984009924	26.30999047682325	0.0
152.0	26.281476313866186	23.761156512302616	23.687241157841118	26.27012601599008	0.0
153.0	26.324385976568554	23.720461541868758	23.658450158350497	26.29670232321219	0.0
154.0	26.21725023807942	23.71381746506323	23.675060350364316	26.393871946493036	0.0
155.0	26.196487498062144	23.835071866764114	23.825382588089386	26.143058047084356	0.0
156.0	26.295390935793122	23.826279057535096	23.755131871447833	26.123198135223944	0.0
157.0	26.19268429751151	23.862821581128554	23.714990462955015	26.22950365840492	0.0
158.0	26.256633713800063	23.710837903455758	23.84648818043148	26.1860402023127	0.0
159.0	26.258017900299812	23.825171708335294	23.81686658933678	26.099943802028108	0.0
160.0	26.24472970990219	23.857284835129548	23.630278249170182	26.26770720579808	0.0
161.0	26.187701226112402	23.76205280394659	23.74959512544882	26.300650844492186	0.0
162.0	26.197667368910615	23.75430135954798	23.765098014246046	26.282933257295355	0.0
163.0	26.307018102391044	23.69118245515928	23.82434119643544	26.177458246014236	0.0
164.0	26.2315867571376	23.65643193502039	23.74225197316878	26.36972933467323	0.0
165.0	26.229095207642967	23.705155569582057	23.77990205442098	26.285847168354	0.0
166.0	26.23719616853995	23.70882010962848	23.794640385360722	26.25934333647085	0.0
167.0	26.250761308897623	23.784674159791816	23.790210951774544	26.17435357953602	0.0
168.0	26.332152151043687	23.836996844028572	23.647638558219366	26.183212446708374	0.0
169.0	26.205636454238412	23.79270250816677	23.73705774874038	26.26460328885444	0.0
170.0	26.208404850229776	23.718232655999113	23.75560600188251	26.3177564918886	0.0
171.0	26.208404850229776	23.658988981783953	23.803499252533083	26.32910691545319	0.0
172.0	26.19124079508333	23.698300204861305	23.851946182381926	26.25851281767344	0.0
173.0	26.254360223686398	23.80737500692099	23.90509938541609	26.033165383976524	0.0
174.0	26.28508941919052	23.74591661591274	23.712972703615527	26.256021261281216	0.0
175.0	26.306406068324012	23.703560157244894	23.767786944244502	26.22224683018659	0.0
176.0	26.326615359060963	23.629367144676376	23.731244117158518	26.312773379104147	0.0
177.0	26.28481257959138	23.756990199878192	23.68390454570622	26.274292674824206	0.0
178.0	26.327999557056643	23.71767897680084	23.662034217374455	26.292287248768066	0.0
179.0	26.22390786778141	23.70882010962848	23.676983555727812	26.390288466862298	0.0
180.0	26.189302917889375	23.84419467360611	23.81623387409335	26.150268534411165	0.0
181.0	26.300942087763936	23.822113454718604	23.758440170644402	26.118504286873062	0.0
182.0	26.194081706665486	23.85754902150773	23.71636043508232	26.23200883674447	0.0
183.0	26.24640453575255	23.71220782959922	23.853119575659086	26.188268058989145	0.0
184.0	26.259838268962977	23.81947693491724	23.818092725425437	26.102592070694346	0.0
185.0	26.240182494179397	23.857404274992593	23.623749712776533	26.278663518051477	0.0
186.0	26.189797268677832	23.752481195514054	23.750820144123892	26.306901391684224	0.0
187.0	26.194503580949956	23.749989618428813	23.775182231179596	26.28032456944164	0.0
188.0	26.300257186123577	23.691575977874795	23.83110429464837	26.17706254135326	0.0
189.0	26.228700358512242	23.65211854435724	23.737386321166063	26.38179477596445	0.0
190.0	26.22814667164985	23.706379856871944	23.789156042799995	26.276317428678208	0.0
191.0	26.232925634111638	23.70810655179478	23.805832553555508	26.253135260538073	0.0
192.0	26.25071633634448	23.78513508650021	23.787626691176676	26.17652188597863	0.0
193.0	26.331831910811626	23.829983970676583	23.657232713108332	26.18095140540346	0.0
194.0	26.216387560802072	23.789564605925037	23.734472458078752	26.25957537519414	0.0
195.0	26.214726491017764	23.708172186493844	23.757173745130988	26.319927577357404	0.0
196.0	26.211681196413195	23.648096829294627	23.81309642786943	26.327125546422746	0.0
197.0	26.184695371957112	23.699444369080677	23.852817328375934	26.263042930586277	0.0
198.0	26.24587844777706	23.801877572942132	23.910124553238965	26.042119426041843	0.0
199.0	26.281037952886265	23.748999892029865	23.71826993087143	26.25169222421244	0.0
200.0	26.306857506713545	23.696187813183467	23.77232081060879	26.224633869494202	0.0
201.0	26.326790509675813	23.624207524708616	23.72525677583677	26.323745189778798	0.0
202.0	26.281941253010714	23.752110960383156	23.686775006229063	26.279172780377063	0.0
203.0	26.32097671714515	23.723318844993216	23.65964397441931	26.296060463442316	0.0
204.0	26.232939287395148	23.704493231084413	23.675977962957838	26.38658951856261	0.0
205.0	26.183660474516206	23.83821045928961	23.81689322001052	26.16123584618366	0.0
206.0	26.298624895835932	23.833570038398822	23.761035854588343	26.10676921117691	0.0
207.0	26.185670899673042	23.873436154691603	23.715909625729147	26.224983319906205	0.0
208.0	26.244916378052597	23.720616042235935	23.855164184724078	26.17930339498739	0.0
209.0	26.264091603729707	23.819516732741246	23.806227990520696	26.11016367300835	0.0
210.0	26.25301765187925	23.859382959402893	23.620185599433015	26.267413789284845	0.0
211.0	26.197647892626964	23.75113508006467	23.749750836083365	26.301466191224996	0.0
212.0	26.198478439015748	23.74836659210206	23.777158866913247	26.27599610196895	0.0
213.0	26.303957830391354	23.692719984053507	23.83169807977675	26.171624105778392	0.0
214.0	26.24762600842732	23.651323621423785	23.732440767872074	26.368609602276816	0.0
215.0	26.23296659486935	23.710555312539796	23.786689996179422	26.26978809641143	0.0
216.0	26.23442349273673	23.699823643899105	23.80502822528177	26.2607246380824	0.0
217.0	26.254021340096013	23.785569133826876	23.78501542090488	26.175394105172234	0.0
218.0	26.337355134856782	23.833465301579743	23.65932258761123	26.16985697595225	0.0
219.0	26.223290272925098	23.786399703209874	23.73158212393203	26.258727899933	0.0
220.0	26.220390037541947	23.710118605964627	23.759122470902224	26.310368885591203	0.0
221.0	26.21014629176403	23.653916433183092	23.815878359671757	26.32005891538112	0.0
222.0	26.190008167333435	23.703539639253034	23.854150804966846	26.252301388446686	0.0
223.0	26.242888190589568	23.817605448580405	23.9169977436011	26.022508617228922	0.0
224.0	26.27445008928695	23.761956837719236	23.72485776381179	26.238735309182022	0.0
225.0	26.300270768617416	23.709696174355056	23.78583254428368	26.204200512743842	0.0
226.0	26.315221183076133	23.628853192467204	23.73461353178624	26.321312092670425	0.0
227.0	26.2662170467948	23.758146591582364	23.694192040842317	26.281444320780523	0.0
228.0	26.311490841436136	23.733083789231213	23.660823052559305	26.294602316773354	0.0
229.0	26.228300894266177	23.7002685567153	23.672582297405796	26.398848251612723	0.0
230.0	26.180403665660734	23.835377502145686	23.819042609153076	26.165176223040504	0.0
231.0	26.300357984323995	23.824368959187574	23.757091162798424	26.118181893690007	0.0
232.0	26.19570363438532	23.850670978352053	23.71888401917002	26.234741368092607	0.0
233.0	26.245684368485023	23.72150714172991	23.851356776406682	26.18145171337839	0.0
234.0	26.260430913712046	23.81570714258028	23.817922067854237	26.10593987585344	0.0
235.0	26.243818974157357	23.851422812622857	23.626607897316067	26.27815031590372	0.0
236.0	26.182631663464257	23.759503413753578	23.7559041601834	26.30196076259877	0.0
237.0	26.19176823021933	23.751197443976235	23.78414445742637	26.272889868378062	0.0
238.0	26.292824195843696	23.6941631181718	23.845054902460227	26.167957783524276	0.0
239.0	26.243978071875517	23.645550694944347	23.73885597209148	26.371615261088653	0.0
240.0	26.228818252298154	23.707774947391737	23.7886255399269	26.27478126038321	0.0
241.0	26.236612136852482	23.69361037580161	23.811013767209012	26.258763720136898	0.0
242.0	26.2551608981832	23.792329056929795	23.78014504512238	26.172364999764625	0.0
243.0	26.35116237209753	23.82315882752032	23.647314567381585	26.17836423300057	0.0
244.0	26.21883506921848	23.785180405590648	23.733394627017777	26.2625898981731	0.0
245.0	26.21786740961887	23.701541478113004	23.76080779435142	26.319783317916706	0.0
246.0	26.206902281835326	23.644788115290982	23.823701287011623	26.324608315862065	0.0
247.0	26.197829103528885	23.706200543416543	23.848840462097943	26.24712989095663	0.0
248.0	26.233118027011155	23.827817724548243	23.918113429131722	26.02095081930888	0.0
249.0	26.281866628258676	23.757464629566027	23.71231677727429	26.248351964901005	0.0
