# Position (bp)	A	C	G	T	N
0.0	26.26481277975082	23.78819628023108	23.83608436052804	26.110906579490063	0.0
1.0	26.239623095895187	23.70155484015623	23.766328312927847	26.292493751020736	0.0
2.0	26.23264825963601	23.86215486817521	23.722648951629647	26.18254792055913	0.0
3.0	26.23173604133972	23.723840918463655	23.788330440992087	26.25609259920454	0.0
4.0	26.104441012526504	23.76354085366191	23.824429720409395	26.307588413402193	0.0
5.0	26.20602048525875	23.85472680325351	23.73046469600064	26.2087880154871	0.0
6.0	26.197256376834453	23.76247761846646	23.784063517892772	26.256202486806313	0.0
7.0	26.29446681333278	23.739709158330218	23.706225007955943	26.259599020381053	0.0
8.0	26.19176095877712	23.66752726377163	23.91076355163721	26.229948225814038	0.0
9.0	26.284273819768618	23.801090785326696	23.773696633286384	26.140938761618305	0.0
10.0	26.398523515560363	23.65335819966298	23.629008381318155	26.319109903458504	0.0
11.0	26.300570837218697	23.748820555673923	23.84511301912844	26.10549558797894	0.0
12.0	26.227244679703045	23.900730217847862	23.725024142291485	26.147000960157605	0.0
13.0	26.28728911812152	23.80084062213786	23.73111159687769	26.180758662862928	0.0
14.0	26.263769407220273	23.684902282518767	23.782578258379242	26.268750051881717	0.0
15.0	26.153088414743813	23.77732091123661	23.794199762589272	26.275390911430303	0.0
16.0	26.183248985193654	23.864482192811824	23.6182169845517	26.33405183744283	0.0
17.0	26.198467621659166	23.664703001391814	23.756291522666086	26.380537854282938	0.0
18.0	26.136486265872342	23.72972808447173	23.828234167775783	26.30555148188014	0.0
19.0	26.262385894814315	23.83183130003127	23.703441348758574	26.20234145639584	0.0
20.0	26.20427837376418	23.76237897725229	23.745776828380823	26.287565820602715	0.0
21.0	26.25705589374654	23.73381294964029	23.827614831211953	26.181516325401216	0.0
22.0	26.126175982291088	23.754012174875484	23.76950747094632	26.350304371887106	0.0
23.0	26.355285002767015	23.82540121748755	23.683729939125623	26.135583840619812	0.0
24.0	26.23381294964029	23.824294410625345	23.722191477587163	26.219701162147206	0.0
25.0	26.26148312119535	23.785279468732707	23.842280022136137	26.110957387935805	0.0
26.0	26.23491975650249	23.695628112894298	23.764250138350857	26.305201992252353	0.0
27.0	26.23567726708006	23.859369509215526	23.72710645515646	26.17784676854796	0.0
28.0	26.23567726708006	23.71105780006143	23.796558393584966	26.25670653927355	0.0
29.0	26.110055035818934	23.772485410942416	23.812607048679997	26.304852504558646	0.0
30.0	26.20302655499016	23.859369509215526	23.724892847557147	26.212711088237167	0.0
31.0	26.198599339791535	23.76999510239319	23.777742728990788	26.253662828824492	0.0
32.0	26.29572137321147	23.733747277954407	23.69915965921511	26.27137168961901	0.0
33.0	26.20025954549102	23.653504002479238	23.911112586849512	26.235123865180228	0.0
34.0	26.2846533352149	23.801539010683424	23.779402934690275	26.134404719411403	0.0
35.0	26.401697837028674	23.65986812432727	23.625280505587977	26.313153533056077	0.0
36.0	26.29738157891096	23.754776550147895	23.849961676918436	26.097880194022704	0.0
37.0	26.224055827183655	23.90364166120182	23.718528725709113	26.153773785905404	0.0
38.0	26.281332923815924	23.802369113533167	23.736790988403463	26.17950697424744	0.0
39.0	26.260857053522262	23.68781492026862	23.78549035558839	26.265837670620723	0.0
40.0	26.163735020102326	23.777742728990788	23.785213654638476	26.273308596268414	0.0
41.0	26.186701198945215	23.85577239686664	23.621960094189003	26.33556630999914	0.0
42.0	26.19500222744265	23.666508947125216	23.760310569146185	26.378178256285956	0.0
43.0	26.124166784264567	23.740664801702263	23.832806218023748	26.302362196009422	0.0
44.0	26.256429838323637	23.82920910567486	23.709120893412027	26.205240162589476	0.0
45.0	26.199982844541104	23.76335427959524	23.754776550147895	26.28188632571576	0.0
46.0	26.251376583416803	23.727317502393458	23.836614075184976	26.184691839004763	0.0
47.0	26.12437119883122	23.747239915661783	23.771036131510066	26.35735275399693	0.0
48.0	26.34158084349284	23.822225665602293	23.690239677699626	26.145953813205242	0.0
49.0	26.225920166462828	23.8158615613638	23.727317502393458	26.230900769779915	0.0
50.0	26.26050768949812	23.784871140724178	23.843254879607752	26.11136629016995	0.0
51.0	26.233667771622738	23.693283379726733	23.75996812413877	26.31308072451176	0.0
52.0	26.232488385541902	23.85840737348611	23.721164461833467	26.187939779138524	0.0
53.0	26.233318483797863	23.710926583343248	23.798086900219424	26.257668032639465	0.0
54.0	26.116274629707004	23.76792666358608	23.81690246068793	26.298896246018987	0.0
55.0	26.210075732630884	23.855917078718218	23.721994560089428	26.212012628561464	0.0
56.0	26.205925241351068	23.759625681026446	23.77650434556437	26.25794473205812	0.0
57.0	26.28395447741164	23.744683912419102	23.701518803108996	26.26984280706026	0.0
58.0	26.213396125654743	23.661674086822742	23.899082188028324	26.225847599494195	0.0
59.0	26.28616807276088	23.79172281359037	23.780101438006877	26.142007675641878	0.0
60.0	26.409576013480795	23.66139738740409	23.628746856002856	26.30027974311226	0.0
61.0	26.29612925183244	23.749387802536226	23.845955899646654	26.108527045984676	0.0
62.0	26.219760212283795	23.90157248279621	23.72559165253194	26.153075652388054	0.0
63.0	26.283677777992985	23.798086900219424	23.73665962927812	26.18157569250947	0.0
64.0	26.261818523919285	23.688237231013577	23.78867911998517	26.261265125081973	0.0
65.0	26.163866929715578	23.775120848471097	23.783975229868044	26.27703699194528	0.0
66.0	26.183235889021393	23.860897668254	23.619892474605912	26.335973968118694	0.0
67.0	26.201774750071248	23.663610982753326	23.76239267521299	26.372221591962436	0.0
68.0	26.12900280296511	23.73472273334754	23.83405782464451	26.30221663904284	0.0
69.0	26.26486221752448	23.83101413103931	23.69985860659707	26.204265044839143	0.0
70.0	26.2045417442578	23.756858686839898	23.751047999048154	26.287551569854152	0.0
71.0	26.263406049739352	23.73105997720003	23.819050148863873	26.186483824196742	0.0
72.0	26.128930504366306	23.759006541156158	23.757623047891002	26.354439906586535	0.0
73.0	26.345862248342577	23.825414217883587	23.68208431561355	26.146639218160285	0.0
74.0	26.219134265254397	23.808812298701728	23.744341512545518	26.227711923498358	0.0
75.0	26.25344489823023	23.78501621454107	23.848380206085157	26.11315868114354	0.0
76.0	26.234629389824132	23.69370565904085	23.770627884583458	26.301037066551558	0.0
77.0	26.23151312239731	23.86463939347823	23.72380016878571	26.180047315338744	0.0
78.0	26.22929953929802	23.714669138501126	23.80348916036026	26.25254216184059	0.0
79.0	26.112809728697723	23.763367966685575	23.82368810614131	26.300134198475394	0.0
80.0	26.213527759715554	23.846654030796476	23.735144782169588	26.204673427318383	0.0
81.0	26.185581273086978	23.758387404712163	23.787163985002973	26.268867337197882	0.0
82.0	26.273017805509053	23.747596187103113	23.703047827229838	26.276338180157992	0.0
83.0	26.20937729140438	23.648538343409747	23.912508128000443	26.22957623718543	0.0
84.0	26.284085721005518	23.787440682890388	23.78329021457921	26.145183381524884	0.0
85.0	26.405002697804402	23.654625696932804	23.636640334251048	26.303731271011742	0.0
86.0	26.295430334389398	23.746489395553468	23.841673468823068	26.11640680123407	0.0
87.0	26.225979164649075	23.89645965053057	23.729334126533942	26.14822705828641	0.0
88.0	26.28380902311811	23.804042556135084	23.734868084282176	26.17728033646463	0.0
89.0	26.264440170999293	23.69474689060749	23.785780495565916	26.255032442827297	0.0
90.0	26.16372213998146	23.770008715983455	23.796018317400147	26.27025082663494	0.0
91.0	26.19498900125898	23.855508363193646	23.615611294807763	26.333891340739612	0.0
92.0	26.208270499854734	23.656839280032095	23.761984477248514	26.372905742864656	0.0
93.0	26.12277085264454	23.739848646255584	23.827838574452485	26.30954192664739	0.0
94.0	26.26056640057553	23.833095834313305	23.696683775819373	26.20965398929179	0.0
95.0	26.21048408295403	23.747872884990525	23.74897967654017	26.292663355515284	0.0
96.0	26.26160052683132	23.727884982540413	23.82085521546405	26.189659275164217	0.0
97.0	26.136256730657486	23.755001300476472	23.757768271694438	26.350973697171604	0.0
98.0	26.339629115177942	23.82638915789998	23.685273625783747	26.14870810113833	0.0
99.0	26.22175614129262	23.80397669103446	23.74753047818797	26.22673668948496	0.0
100.0	26.248042367863288	23.785161286752295	23.851291898861668	26.115504446522745	0.0
101.0	26.23365411752987	23.691637659585066	23.77049633929708	26.304211883587985	0.0
102.0	26.23164465547153	23.861186972028765	23.724775668429224	26.18239270407048	0.0
103.0	26.22915438826586	23.70845058341427	23.8102748424906	26.252120185829277	0.0
104.0	26.121242809353447	23.769600478131302	23.814978680545757	26.294178031969494	0.0
105.0	26.218086534018433	23.850395814137524	23.73196977369005	26.199547878153993	0.0
106.0	26.185713060344707	23.76102289108955	23.788139133995745	26.26512491457	0.0
107.0	26.2806199105164	23.74801816234882	23.711770939688495	26.259590987446284	0.0
108.0	26.215872963168945	23.654218097601873	23.914866065128788	26.21504287410039	0.0
109.0	26.29196446112001	23.787309044927188	23.785648866790073	26.13507762716273	0.0
110.0	26.40873032343037	23.662242291931257	23.63318917453176	26.29583821010661	0.0
111.0	26.303862404435996	23.75327539311635	23.840158048958653	26.102704153489004	0.0
112.0	26.23524170810195	23.89162357120919	23.727819328347266	26.1453153923416	0.0
113.0	26.28781401577723	23.799760380955544	23.740270664375622	26.172154938891612	0.0
114.0	26.27038214533753	23.688805142125084	23.788139133995745	26.252673578541646	0.0
115.0	26.163300655493664	23.763789854651403	23.797823506462244	26.27508598339268	0.0
116.0	26.194844040098836	23.860080186604023	23.612990340530203	26.332085432766938	0.0
117.0	26.205081805277707	23.66251898828744	23.764896640076145	26.367502566358702	0.0
118.0	26.1201360239287	23.740547360731806	23.83517751454731	26.304139100792185	0.0
119.0	26.26235795100814	23.82798340928648	23.699596300016328	26.21006233968905	0.0
120.0	26.21753314130606	23.752998696760162	23.743314324293664	26.286153837640114	0.0
121.0	26.26160052683132	23.724287919957057	23.823345489560218	26.190766063651406	0.0
122.0	26.139577096119048	23.746977083944373	23.759428454425215	26.35401736551136	0.0
123.0	26.34184269215232	23.813107696053745	23.691084265341473	26.153965346452466	0.0
124.0	26.22784347797214	23.801763114060087	23.747807175309763	26.222586232658006	0.0
125.0	26.253299613177422	23.777413767341994	23.85018511037448	26.119101509106102	0.0
126.0	26.233930814651668	23.688317294123507	23.773263310515045	26.304488580709783	0.0
127.0	26.23933326692566	23.860554946818517	23.726909497404566	26.17320228885126	0.0
128.0	26.23103230733473	23.706157098427244	23.804661818906265	26.25814877533176	0.0
129.0	26.11869265420416	23.76896769266527	23.816559860986597	26.295779792143968	0.0
130.0	26.220241059866524	23.849763699350312	23.73327356642428	26.19672167435889	0.0
131.0	26.2030857433786	23.750428882912196	23.780865734745603	26.2656196389636	0.0
132.0	26.265066241657536	23.754856061360694	23.70781729034543	26.272260406636338	0.0
133.0	26.20834301778619	23.662992108554416	23.917554869342897	26.211110004316502	0.0
134.0	26.29882347732731	23.783909419928946	23.78280262531682	26.13446447742692	0.0
135.0	26.40120197894877	23.671569766798374	23.636982435169507	26.290245819083353	0.0
136.0	26.29550309349094	23.752919170789475	23.84616661686091	26.105411118858672	0.0
137.0	26.233522595212005	23.893758785182236	23.726632798751535	26.146085820854225	0.0
138.0	26.288308928512137	23.806598709477484	23.73382696373034	26.171265398280042	0.0
139.0	26.263406049739352	23.688171685980233	23.790550187601685	26.25787207667873	0.0
140.0	26.168221713096703	23.76896769266527	23.795254064703215	26.267556529534815	0.0
141.0	26.189250810727057	23.862491837389737	23.611249460437627	26.337007891445584	0.0
142.0	26.19817765762874	23.658076994380234	23.766543166492806	26.377202181498216	0.0
143.0	26.124298912847983	23.73914992404601	23.838485015342982	26.298066147763024	0.0
144.0	26.26237192275659	23.830184032783347	23.696538213573213	26.210905830886848	0.0
145.0	26.21948351286514	23.74523731125641	23.74883440369892	26.286444772179536	0.0
146.0	26.261891190419533	23.71956989723355	23.829696570577916	26.188842341768996	0.0
147.0	26.135715906386793	23.749730217320327	23.765225427640136	26.34932844865275	0.0
148.0	26.345527544196056	23.811223543930428	23.693348939266908	26.149899972606605	0.0
149.0	26.224681793027116	23.79081350304372	23.762036524626453	26.22246817930271	0.0
150.0	26.252628666297735	23.773657996679578	23.854731599335917	26.118981737686774	0.0
151.0	26.2393469839513	23.68317653569452	23.781405644714997	26.296070835639178	0.0
152.0	26.24142911692926	23.863718116868384	23.72370627396942	26.17114649223294	0.0
153.0	26.2425359299166	23.707934188899774	23.794819008406247	26.25471087277738	0.0
154.0	26.120786501308807	23.770192419437848	23.817785377893625	26.29123570135972	0.0
155.0	26.225103625365943	23.844625592836707	23.735327810336525	26.194942971460826	0.0
156.0	26.200477036397547	23.752483411640352	23.7829207687923	26.264118783169803	0.0
157.0	26.271866474081207	23.75940099281125	23.704337046690906	26.264395486416635	0.0
158.0	26.214035495492503	23.657020791481965	23.922932611691266	26.206011101334266	0.0
159.0	26.299536798764795	23.791775272691048	23.77572648437457	26.132961444169585	0.0
160.0	26.404130626068767	23.66089463693767	23.640141893424975	26.29483284356859	0.0
161.0	26.30258053447999	23.747502753197306	23.851543174007602	26.0983735383151	0.0
162.0	26.23202120653684	23.896092396748184	23.729240338906138	26.142646057808843	0.0
163.0	26.29787657928378	23.80727065451386	23.73643462332387	26.158418142878485	0.0
164.0	26.27906075849894	23.687458148633915	23.785411098013824	26.248069994853317	0.0
165.0	26.174466931194974	23.76548846424164	23.798139447368275	26.261905157195116	0.0
166.0	26.195219674707666	23.859014161672174	23.618282336924942	26.327483826695225	0.0
167.0	26.20912735855583	23.648231723008216	23.774132048688838	26.36850886974712	0.0
168.0	26.12971330697266	23.733179854841076	23.835560339460482	26.30154649872578	0.0
169.0	26.27332268945232	23.831686483285694	23.686693580743615	26.20829724651837	0.0
170.0	26.22406937523001	23.74867527954023	23.75005879960265	26.277196545627106	0.0
171.0	26.263710721756745	23.716089829439174	23.83341265536973	26.186786793434347	0.0
172.0	26.140577095485284	23.738226211690225	23.76977055639797	26.351426136426525	0.0
173.0	26.34375129705724	23.81078874915259	23.69097524868911	26.154484705101066	0.0
174.0	26.22567059774097	23.78982495558864	23.761600912023994	26.222903534646395	0.0
175.0	26.248637221425923	23.775712933806318	23.848763399503035	26.126886445264724	0.0
176.0	26.24393321416515	23.682739613828673	23.777096465353605	26.296230706652572	0.0
177.0	26.246292114933368	23.86245406649843	23.719119404967458	26.172134413600745	0.0
178.0	26.235223801301633	23.702516934519856	23.80351529640944	26.25874396776907	0.0
179.0	26.10766148669589	23.766989861424715	23.822884845264973	26.302463806614423	0.0
180.0	26.223048656306723	23.840040731394165	23.737105414619027	26.19980519768008	0.0
181.0	26.19344091734183	23.757858502678534	23.787466241643422	26.26123433833621	0.0
182.0	26.268982157878423	23.764499490857574	23.704177181564617	26.262341169699383	0.0
183.0	26.211703634834198	23.662117589764023	23.921946252269006	26.204232523132774	0.0
184.0	26.303293930136807	23.781655376986762	23.778888298578828	26.136162394297607	0.0
185.0	26.409826448842256	23.65603001726657	23.63721388409262	26.296929649798557	0.0
186.0	26.29056536946031	23.755091424270596	23.850555629344314	26.10378757692478	0.0
187.0	26.23577721698322	23.892061805463317	23.73378492052951	26.138376057023955	0.0
188.0	26.297206357639354	23.797427723911984	23.74208615575331	26.163279762695357	0.0
189.0	26.277283393102223	23.68563775623146	23.786636118121045	26.25044273254527	0.0
190.0	26.185693097799618	23.75619825563377	23.800748218001505	26.2573604285651	0.0
191.0	26.18846017620755	23.859963695931288	23.618121043077878	26.33345508478328	0.0
192.0	26.202644780860616	23.658309144389317	23.768439169763496	26.370606904986566	0.0
193.0	26.130423834572525	23.722782249696312	23.829591771792877	26.317202143938285	0.0
194.0	26.265457634528804	23.8190768447471	23.70424277306297	26.21122274766112	0.0
195.0	26.215650085364604	23.737447805839103	23.757094116898315	26.289807991897973	0.0
196.0	26.269127535349625	23.71620686792662	23.82606048866875	26.188605108055008	0.0
197.0	26.13713716483577	23.730319045906086	23.763524170563656	26.369019618694484	0.0
198.0	26.355257077553553	23.803712896629396	23.694135682048984	26.146894343768075	0.0
199.0	26.230533387937616	23.78523913356282	23.76254883947447	26.221678639025093	0.0
200.0	26.258757900096295	23.769743322965898	23.853310015827862	26.118188761109945	0.0
201.0	26.246859331245087	23.676491748480856	23.776937806457326	26.299711113816727	0.0
202.0	26.2575196604185	23.873642033725712	23.702910461390314	26.165927844465475	0.0
203.0	26.23953335214978	23.710935122002514	23.80114337578102	26.24838815006669	0.0
204.0	26.10200727200279	23.779283093423654	23.82466393274781	26.29404570182575	0.0
205.0	26.224867593099898	23.843480378321242	23.739436502797563	26.192215525781297	0.0
206.0	26.197749774479366	23.76046664785022	23.779006380988747	26.262777196681665	0.0
207.0	26.279103230340965	23.76018993541532	23.70429402356483	26.256412810678885	0.0
208.0	26.21933334440183	23.661403596154802	23.923726984443228	26.195536075000135	0.0
209.0	26.315075846878404	23.778729668553847	23.77402555716049	26.132168927407264	0.0
210.0	26.414415611008728	23.654209072847316	23.625707692052263	26.30566762409169	0.0
211.0	26.292938852086134	23.7585296608059	23.852058463803246	26.09647302330472	0.0
212.0	26.23953335214978	23.89245847929914	23.734732391404204	26.133275777146874	0.0
213.0	26.29238542721633	23.794502277343337	23.7427570520164	26.17035524342393	0.0
214.0	26.274122406512706	23.688244702340434	23.794502277343337	26.243130613803523	0.0
215.0	26.178379904036124	23.76627760898319	23.802526937955538	26.252815549025144	0.0
216.0	26.178933328905934	23.868384497462547	23.6204501557891	26.332232017842415	0.0
217.0	26.20363324432392	23.66395948918743	23.77575162223114	26.356655644257508	0.0
218.0	26.13500837057432	23.72289940091592	23.83137097555239	26.31072125295737	0.0
219.0	26.25648546563914	23.830264122749973	23.71432129169722	26.198929119913668	0.0
220.0	26.212488066743223	23.743929604161767	23.768557079015455	26.275025250079555	0.0
221.0	26.265412967923318	23.716047196334095	23.83890819737454	26.17963163836805	0.0
222.0	26.131206694264275	23.735970601908218	23.773326987359706	26.3594957164678	0.0
223.0	26.337154763782465	23.80742868369569	23.706981235974023	26.14843531654782	0.0
224.0	26.229862029652836	23.78646418471313	23.75630219546076	26.22737159017328	0.0
225.0	26.24757182150744	23.776225711297187	23.846511447720143	26.12969101947524	0.0
226.0	26.24342108904151	23.674117692635495	23.78729433120631	26.29516688711668	0.0
227.0	26.252144556976038	23.860755990923682	23.7069013227074	26.180198129392885	0.0
228.0	26.229453760584427	23.70136698212408	23.799601527478	26.26957772981349	0.0
229.0	26.110742155072224	23.769992805357244	23.82422934307377	26.29503569649676	0.0
230.0	26.223365985942777	23.837788477502905	23.735403176711493	26.20344235984283	0.0
231.0	26.194310697880347	23.753389783607286	23.78382865681554	26.26847086169683	0.0
232.0	26.27372848525098	23.770269522386407	23.699153245890752	26.256848746471857	0.0
233.0	26.22087553268028	23.662073163982512	23.925784492777684	26.191266810559522	0.0
234.0	26.30887154795506	23.77829431623222	23.782168354640547	26.130665781172173	0.0
235.0	26.415684321213128	23.646853727378385	23.635785046211744	26.301676905196747	0.0
236.0	26.293928828380096	23.751452764403123	23.84775029055288	26.1068681166639	0.0
237.0	26.237755271459406	23.895899053627762	23.732912723449	26.13343295146383	0.0
238.0	26.299463168963417	23.790193148486356	23.735403176711493	26.174940505838727	0.0
239.0	26.279816259892634	23.691958603132438	23.782168354640547	26.24605678233439	0.0
240.0	26.178807342242244	23.767645097284987	23.79836230251743	26.255185257955343	0.0
241.0	26.170702075313486	23.862645741027226	23.63350057978154	26.33315160387776	0.0
242.0	26.195312845946066	23.6657552140991	23.775350927688972	26.363581012265865	0.0
243.0	26.131985652289437	23.731843946506068	23.82373129040829	26.31243911079621	0.0
244.0	26.25798523078286	23.83335363085814	23.705756008989958	26.202905129369043	0.0
245.0	26.20405225863596	23.753598317094774	23.765223649247122	26.277125775022142	0.0
246.0	26.267158647072335	23.713049568040834	23.837890057326973	26.181901727559854	0.0
247.0	26.13413648392776	23.727729733919457	23.789460863017794	26.34867291913499	0.0
248.0	26.33952423531887	23.804567185912536	23.705737911407997	26.150170667360594	0.0
249.0	26.231078432458173	23.774735070371065	23.77141306875436	26.222773428416403	0.0
