# Position (bp)	A	C	G	T	N
0.0	26.344613533428735	23.723281332145056	23.698822312248907	26.2332828221773	0.0
1.0	26.27264216453892	23.75476880603435	23.751676286277366	26.220912743149366	0.0
2.0	26.29427639716631	23.700944563139547	23.60199032947262	26.402788710221525	0.0
3.0	26.308806332643698	23.617264100026986	23.71564945578843	26.358280111540882	0.0
4.0	26.296601331807945	23.72771301759347	23.59644363990027	26.379242010698313	0.0
5.0	26.353231509536844	23.66138434641827	23.696237541388168	26.289146602656714	0.0
6.0	26.345863055588346	23.603264810536434	23.68617795690765	26.364694176967575	0.0
7.0	26.190529723896034	23.64589891177264	23.730495098480077	26.433076265851245	0.0
8.0	26.332814353082686	23.780162214115887	23.643859639261887	26.243163793539537	0.0
9.0	26.355428035082497	23.646398592653583	23.680682990161504	26.31749038210242	0.0
10.0	26.330431459385938	23.762863132337817	23.71790188331432	26.188803524961923	0.0
11.0	26.271419820042603	23.70497552422006	23.658328228358183	26.365276427379154	0.0
12.0	26.25118725798203	23.68277590751471	23.715934828669543	26.35010200583372	0.0
13.0	26.172505072190905	23.788996858332727	23.761458093305833	26.277039976170535	0.0
14.0	26.259336484367534	23.667320478162885	23.754151890339514	26.319191147130066	0.0
15.0	26.15957871309665	23.694016219770585	23.617863104237035	26.52854196289573	0.0
16.0	26.400121395372363	23.74403560930923	23.6479309395215	26.20791205579691	0.0
17.0	26.392815192406044	23.694859243189775	23.63444256481445	26.27788299958973	0.0
18.0	26.3520690604785	23.753870882533118	23.70975265692881	26.184307400059577	0.0
19.0	26.201448876249785	23.738977468794083	23.764830186982593	26.294743467973543	0.0
20.0	26.20193726237344	23.813096613022427	23.661352823980014	26.323613300624118	0.0
21.0	26.29944669718403	23.74256385181938	23.696478701073165	26.261510749923428	0.0
22.0	26.209450801429764	23.72085965424994	23.75963851358946	26.31005103073084	0.0
23.0	26.320729267360566	23.775655868534045	23.693602050221433	26.210012813883953	0.0
24.0	26.428073646112	23.65875727806128	23.710181417620216	26.202987658206506	0.0
25.0	26.364004226333655	23.702032237034373	23.7121484612099	26.22181507542207	0.0
26.0	26.27773531461457	23.746993233370052	23.750084301868128	26.22518715014725	0.0
27.0	26.29909178787402	23.718330598206055	23.613515275498507	26.36906233842142	0.0
28.0	26.303868893734684	23.616044331542387	23.719735629341546	26.360351145381383	0.0
29.0	26.309208012049545	23.73097587842547	23.593282827147448	26.366533282377535	0.0
30.0	26.34039970325742	23.6705595395994	23.696131106265312	26.292909650877867	0.0
31.0	26.3575410831104	23.59918395791651	23.680394757547827	26.362880201425266	0.0
32.0	26.19933457725423	23.647236022750263	23.725074747656407	26.4283546523391	0.0
33.0	26.333374547579975	23.788582154980553	23.63206168648697	26.2459816109525	0.0
34.0	26.369343344648517	23.625598543263717	23.684890857181394	26.32016725490637	0.0
35.0	26.312580086774723	23.75261335791201	23.735471978059035	26.19933457725423	0.0
36.0	26.26761909043904	23.696131106265312	23.664377402603243	26.371872400692396	0.0
37.0	26.25047771058607	23.673369601870377	23.714396511026685	26.36175617651687	0.0
38.0	26.177697097767687	23.780994986848906	23.75710945754558	26.284198457837824	0.0
39.0	26.259469909853202	23.662410359013556	23.74980329564103	26.328316435492212	0.0
40.0	26.1616797428231	23.696693118719512	23.620821437403052	26.520805701054336	0.0
41.0	26.401659060764786	23.746150214688758	23.643301935570893	26.208888788975564	0.0
42.0	26.38311264977632	23.692759031540138	23.638805835937323	26.285322482746214	0.0
43.0	26.34601982779938	23.761324550952047	23.711586448755703	26.18106917249286	0.0
44.0	26.212822876154934	23.74867927073264	23.74980329564103	26.28869455747139	0.0
45.0	26.201508999199135	23.803127590518876	23.664591909853456	26.330771500428536	0.0
46.0	26.296488837058995	23.742992426903463	23.698593567785537	26.261925168252002	0.0
47.0	26.21913866455351	23.711172182787905	23.76006699150804	26.309622161150546	0.0
48.0	26.32788746325864	23.7777702843205	23.687567792371286	26.20677446004957	0.0
49.0	26.422305024925112	23.649070155620375	23.708362136309734	26.220262683144778	0.0
50.0	26.367228113953008	23.701337020114313	23.705833094479384	26.2256017714533	0.0
51.0	26.289951835803365	23.74039666616086	23.747140777708463	26.222510720327314	0.0
52.0	26.291637863690266	23.702742043353396	23.62799480703411	26.377625285922228	0.0
53.0	26.307374123968007	23.610572518869464	23.727189447713464	26.35486390944906	0.0
54.0	26.322267370302306	23.723536387291848	23.593150230704815	26.361046011701035	0.0
55.0	26.35486390944906	23.64766513238129	23.69262587603199	26.304845082137657	0.0
56.0	26.362170030292305	23.601861374787138	23.67548459251516	26.3604840024054	0.0
57.0	26.219700673849143	23.64485508590312	23.712015196731354	26.42342904351638	0.0
58.0	26.343904728184203	23.789010470233176	23.633895904638262	26.233188896944355	0.0
59.0	26.375658253387513	23.626308779147205	23.688410806314735	26.309622161150546	0.0
60.0	26.321424356358854	23.744611735878113	23.729156480248186	26.204807427514854	0.0
61.0	26.270843519751818	23.69627893645361	23.66368239730685	26.369195146487723	0.0
62.0	26.254826254826252	23.66930249026319	23.721569354757126	26.354301900153427	0.0
63.0	26.17445892555063	23.7743982285467	23.76175301939494	26.28938982650773	0.0
64.0	26.26803347327365	23.65581426716798	23.755289912495154	26.320862347063223	0.0
65.0	26.163499744285772	23.689534824906	23.628556816329745	26.518408614478485	0.0
66.0	26.398700634508494	23.74742178235628	23.632771886046996	26.22110569708823	0.0
67.0	26.374253230148426	23.69178286208854	23.643450062664037	26.290513845099	0.0
68.0	26.342218700297305	23.75838096362114	23.720164331518042	26.179236004563517	0.0
69.0	26.214080580892805	23.747702787004098	23.738991642921775	26.29922498918132	0.0
70.0	26.207543829576778	23.793158680068675	23.658838835857214	26.34045865449733	0.0
71.0	26.291001975457124	23.742015977879376	23.703237445450124	26.263744601213375	0.0
72.0	26.220677329796445	23.706823878516754	23.75965245540481	26.312846336281993	0.0
73.0	26.326334483572563	23.776512639518025	23.690806703609205	26.20634617330021	0.0
74.0	26.417379477783896	23.64584621264064	23.710195915339398	26.226578394236068	0.0
75.0	26.371294974541122	23.698955792597253	23.713848955230592	26.215900277631032	0.0
76.0	26.29036609079771	23.719750019670215	23.76049546461047	26.229388424921602	0.0
77.0	26.29682916137444	23.700360807940022	23.618307911922397	26.384502118763137	0.0
78.0	26.311441320939227	23.612406847482774	23.7307091393438	26.3454426922342	0.0
79.0	26.321276428338596	23.724246068767073	23.604538761563276	26.34993874133105	0.0
80.0	26.359773848730427	23.64753223105196	23.691087706677756	26.301606213539852	0.0
81.0	26.359492845661876	23.59526566030101	23.681252599278384	26.363988894758734	0.0
82.0	26.212809243876944	23.643036181955107	23.714691964436252	26.429462609731697	0.0
83.0	26.339260624726023	23.775107624175256	23.63938314206391	26.24624860903481	0.0
84.0	26.376353029775085	23.633201074555735	23.673384513358886	26.317061382310296	0.0
85.0	26.320995425270045	23.744478289702922	23.73211415468657	26.202412130340463	0.0
86.0	26.267885845313433	23.695864758843165	23.66973147346769	26.36651792237571	0.0
87.0	26.263670799285126	23.661301381411086	23.70963390920229	26.3653939101015	0.0
88.0	26.171501792799578	23.766396529050095	23.766958535187204	26.295143142963123	0.0
89.0	26.26872885451909	23.658772353794102	23.749536344936885	26.32296244674992	0.0
90.0	26.164195713017186	23.69136870974631	23.628424022390323	26.51601155484618	0.0
91.0	26.39518023536817	23.74981734800544	23.631796059212967	26.223206357413424	0.0
92.0	26.385345127968797	23.6865916575809	23.650904267874605	26.277158946575696	0.0
93.0	26.34797171985118	23.754032394033743	23.715534973641912	26.182460912473164	0.0
94.0	26.218429305248016	23.75206537255387	23.74981734800544	26.27968797419268	0.0
95.0	26.203743512359885	23.797239995616366	23.664606919962118	26.334409572061627	0.0
96.0	26.30125130314807	23.73710550792567	23.69832719343354	26.263315995492725	0.0
97.0	26.220810970298142	23.70135161716357	23.75895692247169	26.318880490066597	0.0
98.0	26.328153539213755	23.767105965661617	23.695169584398798	26.209570910725827	0.0
99.0	26.42819006940737	23.640936296962373	23.71343468120381	26.21743895242645	0.0
100.0	26.373675780481637	23.695450585888107	23.7201787169472	26.210694916683057	0.0
101.0	26.293028353050268	23.717930705032735	23.75979992693961	26.22924101497738	0.0
102.0	26.297805378368505	23.694326579930873	23.62154719420013	26.386320847500492	0.0
103.0	26.319161491555903	23.611150139095738	23.722426728861663	26.347261640486696	0.0
104.0	26.32787253772445	23.710624666310732	23.60159608845927	26.359906707505548	0.0
105.0	26.357658695591084	23.642903307387527	23.69095456205918	26.308483434962206	0.0
106.0	26.352881670272854	23.59878607356619	23.687582544187485	26.360749711973476	0.0
107.0	26.216033944979912	23.652738359513307	23.71596369460758	26.415264000899203	0.0
108.0	26.343327619636387	23.77497400736224	23.639250288026524	26.24244808497485	0.0
109.0	26.37985781324641	23.632506252283136	23.67325146823278	26.314384466237673	0.0
110.0	26.317475482620058	23.752493888217607	23.73113777503021	26.198892854132126	0.0
111.0	26.27054823390564	23.699103605249107	23.67353246972209	26.356815691123163	0.0
112.0	26.26605221007671	23.64683732823784	23.720740719925814	26.366369741759634	0.0
113.0	26.164891673925872	23.767667968640232	23.767105965661617	26.300334391772278	0.0
114.0	26.272515244330798	23.64711832972715	23.756989912046535	26.323376513895525	0.0
115.0	26.1623626605221	23.687582544187485	23.636440273133445	26.51361452215697	0.0
116.0	26.400932924944502	23.739567819709446	23.632787253772445	26.22671200157361	0.0
117.0	26.373394778992328	23.689268553123334	23.646275325259225	26.291061342625117	0.0
118.0	26.34782364346531	23.75333689268553	23.71624469609689	26.18259476775227	0.0
119.0	26.22783600753084	23.746311855452834	23.751088880771068	26.274763256245258	0.0
120.0	26.20852055110167	23.806232068542077	23.65758186298891	26.327665517367343	0.0
121.0	26.300689298590214	23.736262501088884	23.695798172923183	26.267250027397722	0.0
122.0	26.22348736048198	23.69136870974631	23.764429507570224	26.32071442220149	0.0
123.0	26.337012600177594	23.757404430856386	23.69698877111738	26.20859419784864	0.0
124.0	26.423561545292074	23.635730102172715	23.714972967504806	26.2257353850304	0.0
125.0	26.37803904818641	23.68996369440354	23.714410961367697	26.21758629604235	0.0
126.0	26.288399069317837	23.721998044218644	23.764429507570224	26.225173378893295	0.0
127.0	26.301044207402747	23.692492722020525	23.62224195488215	26.384221115694583	0.0
128.0	26.32219340371543	23.59589397162423	23.73583389299935	26.346078731660988	0.0
129.0	26.323879426864533	23.717006634501093	23.61191119154066	26.347202747093718	0.0
130.0	26.360690932286502	23.649846712395362	23.69312130655554	26.2963410487626	0.0
131.0	26.359566916853765	23.57678570926779	23.690030264115528	26.373617109762915	0.0
132.0	26.220189003195017	23.635796519486213	23.722907715522933	26.421106761795837	0.0
133.0	26.342987689220976	23.78585257975592	23.6310194538971	26.240140277126006	0.0
134.0	26.380923210075675	23.624837369017076	23.672046017191818	26.32219340371543	0.0
135.0	26.327251473162725	23.734428873708435	23.743702001028474	26.194617652100366	0.0
136.0	26.25615749704243	23.700708410726477	23.68441018695187	26.35872390527922	0.0
137.0	26.251380431453324	23.64506964680625	23.73358586213389	26.369964059606538	0.0
138.0	26.171575335729358	23.749041074333952	23.77152138298859	26.3078622069481	0.0
139.0	26.273091556934354	23.640921020833687	23.76905914023818	26.316928281993786	0.0
140.0	26.159846683864153	23.67717062040206	23.636705951116433	26.526276744617356	0.0
141.0	26.402221073218985	23.742216127509387	23.63374772384956	26.22181507542207	0.0
142.0	26.38901378054538	23.67421262055167	23.657352246925793	26.279421351977163	0.0
143.0	26.342647753074207	23.735752984286133	23.735752984286133	26.18584627835353	0.0
144.0	26.229402243553718	23.75120832677652	23.750646314322328	26.268743115347437	0.0
145.0	26.212334521993014	23.79061605168281	23.66107181696327	26.335977609360906	0.0
146.0	26.295793605966338	23.739753781651928	23.7091240168267	26.25532859555503	0.0
147.0	26.229549656889468	23.68193288409552	23.768202280659356	26.320315178355653	0.0
148.0	26.33773766235226	23.746283671760402	23.69008211048103	26.225896555406308	0.0
149.0	26.427941168205653	23.630508455524897	23.714529789637556	26.227020586631895	0.0
150.0	26.36892952886231	23.686710016804266	23.72745614873181	26.216904305601606	0.0
151.0	26.289123311845604	23.72239800821667	23.763706155757006	26.22477252418072	0.0
152.0	26.30204967093986	23.686710016804266	23.618425119849828	26.392815192406044	0.0
153.0	26.317017037551178	23.601630973891492	23.73286198824822	26.34849000030911	0.0
154.0	26.319827123511708	23.729489885095585	23.610623248965183	26.340059742427517	0.0
155.0	26.360292361343333	23.64631134066391	23.70054599970213	26.292850298290627	0.0
156.0	26.36394547309202	23.57662120884278	23.696330870761336	26.363102447303866	0.0
157.0	26.211919822627372	23.636195031206007	23.72330769598242	26.4285774501842	0.0
158.0	26.34455587996437	23.784848578518016	23.64434428049154	26.226251261026075	0.0
159.0	26.372375730973612	23.629450824900733	23.673569174481045	26.32460426964461	0.0
160.0	26.3192651063196	23.73454803982454	23.74831746103113	26.197869392824725	0.0
161.0	26.26306338710901	23.686776578495536	23.69014868164817	26.360011352747282	0.0
162.0	26.252385060458998	23.63872410857048	23.749160486819292	26.359730344151227	0.0
163.0	26.167239455854958	23.755342675932457	23.773889243271952	26.303528624940636	0.0
164.0	26.276906648682065	23.634013376046763	23.769740909346375	26.3193390659248	0.0
165.0	26.176024279210925	23.676726802675212	23.62755016017535	26.519698757938514	0.0
166.0	26.40463330879171	23.73418610794193	23.64257653333633	26.21860404993003	0.0
167.0	26.39423590308494	23.663933366679966	23.65578404869358	26.286046681541514	0.0
168.0	26.34252988551613	23.752170809704996	23.71844949389925	26.18684981087962	0.0
169.0	26.228158422741654	23.747955645229275	23.753294853565183	26.270591078463884	0.0
170.0	26.205470174817414	23.798885507380774	23.672149206001286	26.323495111800526	0.0
171.0	26.285277513158373	23.749427438549755	23.71261489868121	26.252680149610658	0.0
172.0	26.21818937997392	23.692448630906885	23.77309923114968	26.316262757969515	0.0
173.0	26.329470347556317	23.75118025268648	23.69750685670608	26.22184254305112	0.0
174.0	26.428667775729508	23.62612967042849	23.71886381008048	26.226338743761524	0.0
175.0	26.37134121667191	23.688514455285283	23.73122836203408	26.20891596600872	0.0
176.0	26.297153904950317	23.71689672226968	23.764106829728878	26.22184254305112	0.0
177.0	26.306708331459916	23.687671417652084	23.62528663279529	26.38033361809271	0.0
178.0	26.33207345688553	23.596408649590423	23.73860139663627	26.332916496887776	0.0
179.0	26.323643056863048	23.72370768992989	23.61270742296722	26.339941830239844	0.0
180.0	26.367762150314032	23.63884166303691	23.70291270320777	26.29048348344129	0.0
181.0	26.362703910300546	23.573646569529725	23.69785446319428	26.365795056975454	0.0
182.0	26.201964283205236	23.625634036335025	23.735791263295443	26.436610417164296	0.0
183.0	26.344719056919253	23.76866982338312	23.654297396411458	26.232313723286172	0.0
184.0	26.375349510334267	23.62732011633952	23.673968329797248	26.323362043528963	0.0
185.0	26.31549367017465	23.743097609981596	23.74394064998384	26.197468069859912	0.0
186.0	26.268564443382836	23.688300009835466	23.693077236514874	26.35005831026682	0.0
187.0	26.25114161666971	23.64305686304815	23.739444436638518	26.36635708364362	0.0
188.0	26.16627558977673	23.7560242233494	23.773728063396607	26.30397212347726	0.0
189.0	26.273134487739352	23.63722200677806	23.771546757940055	26.31809674754253	0.0
190.0	26.17787069978137	23.67909311121977	23.624014342960876	26.519021846037983	0.0
191.0	26.391308746332747	23.735148320088125	23.647190404999833	26.226352528579298	0.0
192.0	26.38596944797275	23.667142519924013	23.66292728437665	26.28396074772658	0.0
193.0	26.34156896687387	23.74835605813653	23.725312770477615	26.184762204511987	0.0
194.0	26.225228465766666	23.74498386969864	23.75706754493441	26.272720119600283	0.0
195.0	26.210689305355334	23.79198035132682	23.68491306754793	26.312417275769917	0.0
196.0	26.293308154255573	23.74645567948383	23.710766584890866	26.249469581369734	0.0
197.0	26.23324434452719	23.696782352114653	23.771813966558945	26.298159336799216	0.0
198.0	26.337501756358016	23.731628495152453	23.707742026134607	26.223127722354928	0.0
199.0	26.426303217647884	23.62371785864831	23.720949838415063	26.229029085288747	0.0
200.0	26.37684417591682	23.685822678094702	23.728818322326823	26.208514823661655	0.0
201.0	26.303217647885347	23.71898271743712	23.76085429253899	26.216945342138544	0.0
202.0	26.30546578614585	23.68104538429113	23.63271041169032	26.380778417872698	0.0
203.0	26.326897082751394	23.595682438337608	23.73787758290736	26.339542896003643	0.0
204.0	26.30497767311416	23.72438871543829	23.625189335926194	26.345444275521356	0.0
205.0	26.349940564677716	23.647389763635697	23.710899847969223	26.291769823717363	0.0
206.0	26.362867396002237	23.572076920266742	23.703312360017872	26.36174332371315	0.0
207.0	26.201563022517977	23.633900896166633	23.72719889616101	26.437337185154377	0.0
208.0	26.339823914075915	23.770756697363208	23.652167070864326	26.23725231769655	0.0
209.0	26.381695606844474	23.629404607010276	23.683360076886544	26.305539709258703	0.0
210.0	26.308911926125973	23.747994233509157	23.755581721460505	26.187512118904365	0.0
211.0	26.26760226950195	23.69038552869335	23.696286908211068	26.34572529359363	0.0
212.0	26.253832383960614	23.645703655202066	23.747432197364613	26.353031763472707	0.0
213.0	26.169245944206672	23.75108543230415	23.778063167242287	26.30160545624689	0.0
214.0	26.276668690002474	23.63649648164385	23.76829432791529	26.31854050043839	0.0
215.0	26.189833861648793	23.66572244329039	23.633686293023988	26.510757402036823	0.0
216.0	26.40524271735526	23.736110564682473	23.643092798570166	26.2155539193921	0.0
217.0	26.383885163806813	23.67484810845141	23.66669851565003	26.274568212091747	0.0
218.0	26.346509445097038	23.756906077348066	23.729928114971084	26.16665636258381	0.0
219.0	26.222298409986344	23.751847709402384	23.77011403809513	26.255739842516146	0.0
220.0	26.209445123579084	23.79968806643342	23.67884893703719	26.3120178729503	0.0
221.0	26.28110553752336	23.745731990051848	23.721002121710296	26.252160350714497	0.0
222.0	26.230314407436968	23.687346140443566	23.78626589179528	26.296073560324185	0.0
223.0	26.340756061644992	23.744112588662446	23.701959285529615	26.213172064162947	0.0
224.0	26.425624711952427	23.62327311968166	23.719663672845403	26.23143849552051	0.0
225.0	26.3716684839424	23.68566000831825	23.73062353165994	26.212047976079404	0.0
226.0	26.298188521872067	23.720921082952547	23.76307462300684	26.217815772168546	0.0
227.0	26.299874663474238	23.68298289690368	23.65347541886568	26.363667020756402	0.0
228.0	26.319339255453983	23.600428281170522	23.743750720125	26.336481743250495	0.0
229.0	26.296295255465225	23.734757939641582	23.62712559823067	26.341821206662523	0.0
230.0	26.348846816415193	23.64820242748868	23.71649135428464	26.286459401811484	0.0
231.0	26.358963694459042	23.575136086060912	23.716772378674744	26.349127840805302	0.0
232.0	26.1965315969773	23.632184037252593	23.729137451839442	26.44214691393066	0.0
233.0	26.341259157882313	23.769042915234614	23.660567500653382	26.22913042622969	0.0
234.0	26.380188793246383	23.628944550765937	23.682339484991807	26.30852717099587	0.0
235.0	26.300377417877186	23.746975458002073	23.750347769637393	26.20229935448335	0.0
236.0	26.26230549380756	23.692308557007845	23.694556777400887	26.350829171783708	0.0
237.0	26.249940281645813	23.63750818492737	23.754696672914847	26.357854860511974	0.0
238.0	26.16535098935749	23.757506948406153	23.77802195949269	26.29912010274367	0.0
239.0	26.267156780089707	23.629424791195945	23.772468215694868	26.330950213019484	0.0
240.0	26.188107403223	23.654227723161842	23.65029312738535	26.507371746229815	0.0
241.0	26.393553663725868	23.751331510206604	23.645091751241573	26.210023074825955	0.0
242.0	26.377860911163143	23.67483915938469	23.666126081054113	26.28117384839806	0.0
243.0	26.345406812342944	23.767588808374043	23.7313290196365	26.15567535964651	0.0
244.0	26.235839775122983	23.748137737174982	23.74532677442024	26.2706957132818	0.0
245.0	26.210669237883465	23.795093511144593	23.68602294417442	26.308214306797513	0.0
246.0	26.29054792941659	23.74135909884432	23.72533530491593	26.24275766682316	0.0
247.0	26.262313886015026	23.678084656560657	23.764394314245873	26.295207143178445	0.0
248.0	26.336210532234936	23.736328619225684	23.707369190541794	26.22009165799758	0.0
249.0	26.44220766440802	23.608401045913347	23.732392386200694	26.216998903477943	0.0
