# Position (bp)	A	C	G	T	N
0.0	26.25784865644209	23.73279624034911	23.793604411206314	26.215750692002487	0.0
1.0	26.159069772560933	23.689597675532003	23.886605143105562	26.2647274088015	0.0
2.0	26.15149272415624	23.779036655725616	23.787565721957943	26.281904898160196	0.0
3.0	26.243043003386678	23.660803944063407	23.902630934596665	26.193522117953243	0.0
4.0	26.046480919054538	23.70702935868656	23.837151723227255	26.409337999031646	0.0
5.0	26.290192583301014	23.69646605103829	23.813650005088974	26.199691360571727	0.0
6.0	26.27085310338188	23.78154612094456	23.67289681066139	26.27470396501217	0.0
7.0	26.275286384201767	23.72485113522285	23.705873454625465	26.293989025949916	0.0
8.0	26.14513001746401	23.761224405604985	23.809628580465063	26.284016996465947	0.0
9.0	26.272526517557825	23.831563662764317	23.700660292002517	26.195249527675337	0.0
10.0	26.371713538530074	23.820916208122622	23.56517650164581	26.242193751701492	0.0
11.0	26.332042722162946	23.776577607162892	23.61350961908638	26.277870051587783	0.0
12.0	26.164024946927285	23.85659916623585	23.733404463608064	26.245971423228802	0.0
13.0	26.188498894547536	23.80737628281984	23.754578553122215	26.24954626951041	0.0
14.0	26.284194779624475	23.648158129200443	23.84999945002365	26.21764764115143	0.0
15.0	26.169799698612962	23.966869424614742	23.70233079977561	26.161000076996686	0.0
16.0	26.258070902951175	23.74522895515493	23.749628765963063	26.247071375930837	0.0
17.0	26.26742050091846	23.746603896032468	23.825800490578906	26.160175112470164	0.0
18.0	26.33974239107718	23.722679924763234	23.67015718324112	26.26742050091846	0.0
19.0	26.20142333879643	23.64843311737595	23.829375336860515	26.3207682069671	0.0
20.0	26.20554816142906	23.8483495209706	23.837899970301276	26.108202347299063	0.0
21.0	26.215722723922873	23.743579026101877	23.721854960236712	26.318843289738542	0.0
22.0	26.283094826922444	23.875298362170426	23.731754534555012	26.109852276352118	0.0
23.0	26.23029709722482	23.797751696677043	23.751828671367132	26.220122534731004	0.0
24.0	26.22479733371465	23.733129475432555	23.761728245685436	26.280344945167357	0.0
25.0	26.258070902951175	23.722954912938743	23.799401625730095	26.219572558379987	0.0
26.0	26.15220045538042	23.694906119036883	23.88519793648873	26.267695489093967	0.0
27.0	26.170624663139485	23.773552737232297	23.78537722877916	26.270445370849053	0.0
28.0	26.234349778497634	23.662942420384265	23.897506689068976	26.205201112049124	0.0
29.0	26.046258383678943	23.72123975328129	23.837834419075328	26.394667443964437	0.0
30.0	26.28467247623421	23.69621589812266	23.824085048109048	26.195026577534076	0.0
31.0	26.262948470107496	23.772662400695168	23.68329148941436	26.28109763978298	0.0
32.0	26.28714736300814	23.699515747154567	23.71106521876624	26.302271671071047	0.0
33.0	26.13782919431436	23.772662400695168	23.801811067143678	26.287697337846794	0.0
34.0	26.27559789139647	23.828759834237584	23.699515747154567	26.196126527211376	0.0
35.0	26.37266845041839	23.810610664562095	23.569996672652227	26.246724212367283	0.0
36.0	26.322823343067864	23.790746148811785	23.59963041792473	26.286800090195626	0.0
37.0	26.182305158199824	23.860317774587934	23.707150203215143	26.250226863997096	0.0
38.0	26.193029638062555	23.787996282180316	23.771222095728355	26.24775198402877	0.0
39.0	26.29587465007947	23.638128550765288	23.839143801525626	26.226852997629614	0.0
40.0	26.179555291568356	23.95161334675268	23.703575376594234	26.165255985084723	0.0
41.0	26.26645107712276	23.741248549445352	23.73959862946647	26.252701743965417	0.0
42.0	26.261501317186113	23.74839820268717	23.83969377485192	26.150406705274793	0.0
43.0	26.342622382814433	23.720899536372485	23.66947703036403	26.26700105044905	0.0
44.0	26.195504518030877	23.64307831070193	23.84574348144115	26.315673689826042	0.0
45.0	26.189454811441642	23.849593294725207	23.839418788188773	26.121533105644378	0.0
46.0	26.224378117661296	23.733273936214093	23.722824443014513	26.319523503110098	0.0
47.0	26.29697459673206	23.87709196103989	23.710725029836052	26.115208412392	0.0
48.0	26.22905289093479	23.815494948494997	23.736023802845562	26.21942835772465	0.0
49.0	26.224653104324442	23.73437388286668	23.75967265587619	26.28130035693269	0.0
50.0	26.25682654391262	23.71952460305675	23.798170788716746	26.22547806431388	0.0
51.0	26.16553097174787	23.68680119014228	23.88644150758688	26.26122633052297	0.0
52.0	26.1674558783899	23.774521935686117	23.767372282444303	26.29064990347968	0.0
53.0	26.23558042650314	23.66666208356822	23.90699976626198	26.190757723666664	0.0
54.0	26.03181586943669	23.72028433542781	23.841003148588634	26.406896646546862	0.0
55.0	26.273253495758343	23.697460505149113	23.827528839146993	26.201757159945554	0.0
56.0	26.266928819897977	23.779131319519877	23.67353673124252	26.280403129339618	0.0
57.0	26.291952537432454	23.717534476358086	23.70735999780011	26.28315298840934	0.0
58.0	26.134385612737347	23.780781234961708	23.80030523435674	26.284527917944207	0.0
59.0	26.262529045386422	23.82587892370516	23.703785181009472	26.20780684989894	0.0
60.0	26.38847259077972	23.80497999477527	23.57701667789526	26.22953073654975	0.0
61.0	26.322953560507734	23.783740678003387	23.60225047847416	26.29105528301472	0.0
62.0	26.177761400884354	23.84863717359263	23.710319642739293	26.263281782783732	0.0
63.0	26.193160569329255	23.793915128583055	23.763666761994852	26.249257540092835	0.0
64.0	26.3028796444992	23.62864905295114	23.85331192115626	26.215159381393406	0.0
65.0	26.164012143344262	23.942132124865257	23.70921970213608	26.184636029654403	0.0
66.0	26.262456827331327	23.740568009327497	23.730118573597025	26.266856589744155	0.0
67.0	26.250907450997644	23.74249290538311	23.84918714389423	26.157412499725012	0.0
68.0	26.348527179532304	23.737543172668676	23.672646677079438	26.24128297071958	0.0
69.0	26.19838528719449	23.633323800514773	23.84066260421937	26.327628308071365	0.0
70.0	26.194260509932466	23.836812812108146	23.846712277537012	26.12221440042238	0.0
71.0	26.226983742877884	23.730393558747828	23.71636931605693	26.326253382317354	0.0
72.0	26.283355698792267	23.876685658974413	23.71004465758849	26.12991398464483	0.0
73.0	26.21295950018699	23.82141364366324	23.749092549002356	26.216534307147416	0.0
74.0	26.218459203203025	23.734243350859053	23.768891479860088	26.278405966077834	0.0
75.0	26.254207272807268	23.722418989374574	23.793640143432253	26.229733594385902	0.0
76.0	26.17336163847152	23.686670919770332	23.887960050157293	26.252007391600852	0.0
77.0	26.17996128209077	23.750192489605563	23.779065930439756	26.290780297863915	0.0
78.0	26.233511248236663	23.668456815075743	23.898618753385744	26.199413183301846	0.0
79.0	26.053121485355707	23.702279895615924	23.83949710853909	26.40510151048928	0.0
80.0	26.270634141512467	23.714379208979892	23.819423247730693	26.19556340177695	0.0
81.0	26.264584484830483	23.78944994871541	23.673406534179186	26.272559032274916	0.0
82.0	26.292082924294046	23.704754755167645	23.71080441184963	26.29235790868868	0.0
83.0	26.14551624195327	23.78312530763879	23.7801004792978	26.291257971110138	0.0
84.0	26.25248517146652	23.81749835696824	23.710254443060354	26.219762028504885	0.0
85.0	26.387227524837964	23.820248200914598	23.566987573455204	26.22553670079223	0.0
86.0	26.317309120107353	23.77591033333517	23.60239565745838	26.304384889099097	0.0
87.0	26.19026667913259	23.86005532670806	23.712389112847784	26.23728888131156	0.0
88.0	26.20346589377932	23.800658860797782	23.762436135049963	26.23343911037293	0.0
89.0	26.317309120107353	23.62741916855947	23.841906406568807	26.21336530476437	0.0
90.0	26.17789241540128	23.94447530371943	23.687915569023644	26.18971671185564	0.0
91.0	26.265887179712806	23.723113474748253	23.732462918456353	26.27853642708259	0.0
92.0	26.237563864950037	23.740437443972084	23.86775486858532	26.15424382249256	0.0
93.0	26.359656600432274	23.744562198549186	23.668666714330495	26.22711448668804	0.0
94.0	26.20951553382574	23.625219299451683	23.830082110114446	26.33518305660813	0.0
95.0	26.211165435656582	23.81770784638314	23.85703050668485	26.114096211275427	0.0
96.0	26.238113832226983	23.720913605640465	23.717613801978782	26.32335876015377	0.0
97.0	26.279086394359535	23.875179426824104	23.716238883786414	26.129495295029947	0.0
98.0	26.21749005934147	23.818532797298563	23.741262394887507	26.222714748472463	0.0
99.0	26.226014552134146	23.745662133103078	23.754736593172705	26.273586721590064	0.0
100.0	26.261487441497234	23.729438098433143	23.789934498897317	26.21913996117231	0.0
101.0	26.1839420554477	23.67994104350791	23.887828674193887	26.2482882268505	0.0
102.0	26.196316319179008	23.74951190404171	23.765735938711646	26.288435838067635	0.0
103.0	26.23941659631688	23.662002040372986	23.888037969636393	26.210543393673746	0.0
104.0	26.06342755163491	23.71397380513063	23.811317745470344	26.411280897764115	0.0
105.0	26.26416505572528	23.71589868530684	23.80664303647098	26.213293222496898	0.0
106.0	26.269664713371593	23.765395604123643	23.676301150253394	26.28863853225137	0.0
107.0	26.304037573661038	23.690050294369176	23.72277325736473	26.283138874605054	0.0
108.0	26.16984592709104	23.77666990229858	23.774745022122374	26.278739148488008	0.0
109.0	26.260315295372866	23.809667848176453	23.70022466101485	26.229792195435834	0.0
110.0	26.40550625723549	23.80609307070635	23.57593239820821	26.212468273849954	0.0
111.0	26.323763955342905	23.779354341967775	23.602540834845733	26.29434086784359	0.0
112.0	26.19177253478524	23.852774569652972	23.719958202716825	26.235494692844963	0.0
113.0	26.22147060441071	23.790078644888084	23.763680360776547	26.224770389924657	0.0
114.0	26.32843865148765	23.628664136831105	23.84480008799428	26.19809712368696	0.0
115.0	26.170873893196944	23.95039322444041	23.66276192047517	26.215970961887475	0.0
116.0	26.23494472859264	23.738656987295826	23.74415662981906	26.28224165429247	0.0
117.0	26.25199362041467	23.754330968487047	23.851124676896003	26.142550734202274	0.0
118.0	26.36611120277182	23.726282791618544	23.672936259143157	26.234669746466484	0.0
119.0	26.215695979761318	23.626739261947975	23.83875048121872	26.31881427707199	0.0
120.0	26.19947203431777	23.825276357036792	23.853324533905294	26.121927074740142	0.0
121.0	26.238794478358905	23.726282791618544	23.741131826431282	26.29379090359127	0.0
122.0	26.2654677445966	23.87229830061046	23.737007094538857	26.125226860254084	0.0
123.0	26.220645658032225	23.827201231919926	23.72435791673541	26.227795193312435	0.0
124.0	26.233844800087997	23.737007094538857	23.75653082549634	26.27261727987681	0.0
125.0	26.27426717263378	23.72105813122147	23.77907935984161	26.225595336303144	0.0
126.0	26.20689655172414	23.69053511521751	23.862123961942476	26.240444371115878	0.0
127.0	26.189572677775946	23.743331683440577	23.766155199912006	26.30094043887147	0.0
128.0	26.2292422296712	23.684000670958234	23.877313637226084	26.20944346214448	0.0
129.0	26.058477859753232	23.70792418171969	23.82204207788065	26.411555880646432	0.0
130.0	26.236666767493723	23.705724318661165	23.830566547232436	26.22704236661268	0.0
131.0	26.2715895935478	23.762645775300488	23.70022466101485	26.26553997013686	0.0
132.0	26.304659872737574	23.697814980008687	23.72916311479467	26.26836203245907	0.0
133.0	26.169439884286565	23.772125931853367	23.800999293290108	26.257434890569957	0.0
134.0	26.25990975012168	23.820523185309234	23.700355004853474	26.219212059715613	0.0
135.0	26.400426775780474	23.80704894997209	23.576062058478183	26.216462215769255	0.0
136.0	26.293805134522735	23.787590470114615	23.612974899355436	26.305629496007217	0.0
137.0	26.166212024550674	23.85248696570385	23.72929361814462	26.252007391600852	0.0
138.0	26.210831694875637	23.806904896124074	23.76923182686887	26.213031582131414	0.0
139.0	26.321651015385463	23.638063549243103	23.847052838542023	26.193232596829414	0.0
140.0	26.184433047806298	23.94687272277296	23.649612957335936	26.219081272084804	0.0
141.0	26.258201477228354	23.704675323246825	23.759122682549897	26.278000516974924	0.0
142.0	26.26425118381758	23.735473829519268	23.845193508114857	26.155081478548293	0.0
143.0	26.372393462999067	23.722614690377917	23.68631635102694	26.218675495596077	0.0
144.0	26.22170035720866	23.59584549006883	23.848008953590373	26.33444519913214	0.0
145.0	26.20905093591968	23.80676084069154	23.864783186169234	26.119405037219543	0.0
146.0	26.23022496720775	23.735814086505542	23.722064715539265	26.311896230747443	0.0
147.0	26.276422853654445	23.861483337137326	23.73278922489296	26.129304584315268	0.0
148.0	26.235449728174938	23.83893436875263	23.70611544521838	26.219500457854057	0.0
149.0	26.21537564656417	23.73608907392487	23.765787715212028	26.28274756429893	0.0
150.0	26.273397992041865	23.734164161989586	23.780087061016957	26.21235078495159	0.0
151.0	26.188773882723044	23.693806166334845	23.85412427265628	26.263295678285836	0.0
152.0	26.17667440300067	23.735879357187642	23.767228009195605	26.32021823061608	0.0
153.0	26.250718408584056	23.6633475502611	23.876463972325112	26.20947006882973	0.0
154.0	26.08380012704489	23.704045912152036	23.813491506966844	26.398662453836234	0.0
155.0	26.251818364310836	23.708170746127468	23.817891329873973	26.222119559687723	0.0
156.0	26.26694275555409	23.757668753832657	23.704870878947123	26.270517611666133	0.0
157.0	26.312938264815067	23.698611302076174	23.720335487419224	26.268114945689536	0.0
158.0	26.177440333948393	23.765499148904574	23.76989899600989	26.287161521137143	0.0
159.0	26.261587409837507	23.834246759925094	23.681352073015464	26.222813757221935	0.0
160.0	26.3982576605463	23.80317283974382	23.58675536025123	26.211814139458657	0.0
161.0	26.280084037310807	23.806813181978175	23.62256907778951	26.290533702921508	0.0
162.0	26.18438709961281	23.842837029215065	23.731740584301303	26.24103528687082	0.0
163.0	26.201783597829763	23.811003528146802	23.78267935662882	26.20453351739462	0.0
164.0	26.32717992998705	23.634458692083257	23.862702015966033	26.17565936196366	0.0
165.0	26.17180947457287	23.953174369649687	23.654258112950195	26.220758042827246	0.0
166.0	26.248879404695774	23.729121178288775	23.762945281950028	26.25905413506542	0.0
167.0	26.279678588517402	23.73324606897917	23.852592906287985	26.13448243621544	0.0
168.0	26.352624125177027	23.733036340386914	23.700587111056112	26.213752423379944	0.0
169.0	26.217877325413518	23.6191890442602	23.844408695293488	26.318524935032794	0.0
170.0	26.19340290668097	23.832583976130568	23.85953333608327	26.1144797811052	0.0
171.0	26.21732733847571	23.732486353449104	23.744861059549834	26.305325248525346	0.0
172.0	26.28030084285498	23.873008016059618	23.715161764908082	26.131529376177316	0.0
173.0	26.24042678986374	23.830934015317137	23.721211621223993	26.207427573595126	0.0
174.0	26.2167773515379	23.7536608505548	23.74678601383217	26.28277578407513	0.0
175.0	26.284150751419656	23.75256087667918	23.765210576248812	26.198077795652353	0.0
176.0	26.197049861952898	23.695702390249803	23.856849006170872	26.250398741626423	0.0
177.0	26.190175006324868	23.730901651065327	23.762800981179392	26.31612236143041	0.0
178.0	26.2422210794653	23.671567993884114	23.894588923752142	26.191622002898445	0.0
179.0	26.097848714260962	23.69356759239144	23.832715052950284	26.375868640397314	0.0
180.0	26.249370948980182	23.725467010227064	23.805215554816126	26.21994648597663	0.0
181.0	26.284295311610563	23.768916217279035	23.6833927780818	26.263395693028603	0.0
182.0	26.319567046710773	23.685107880827847	23.738182058178097	26.25714301428328	0.0
183.0	26.181866181206185	23.778946818428064	23.787196713241908	26.25199028712384	0.0
184.0	26.25556524154317	23.84824593486433	23.684898017550278	26.211290806042225	0.0
185.0	26.396088449872263	23.81029641872066	23.600474093955302	26.193141037451774	0.0
186.0	26.279562204377953	23.821636783632165	23.61291387086129	26.28588714112859	0.0
187.0	26.195138048619516	23.852161478385216	23.727862721372787	26.22483775162248	0.0
188.0	26.184760160488835	23.820877298639584	23.778252607668595	26.216109933202986	0.0
189.0	26.315109215458186	23.651753524786944	23.85387705939132	26.179260200363547	0.0
190.0	26.166885290081648	23.928401519088986	23.675678351331953	26.229034839497412	0.0
191.0	26.254681853931654	23.71204329580517	23.773643018606418	26.259631831656762	0.0
192.0	26.256056847744187	23.7381681782432	23.864942607758266	26.14083236625435	0.0
193.0	26.358428872749474	23.743733448466465	23.684333552416284	26.21350412636778	0.0
194.0	26.206904137917757	23.61200867898481	23.855658252598058	26.325428930499374	0.0
195.0	26.218729117224044	23.830908295910483	23.84685826799803	26.103504318867444	0.0
196.0	26.223404109042807	23.715408498035128	23.746483443653972	26.314703949268086	0.0
197.0	26.292153988730522	23.85675825067306	23.74208345135396	26.109004309242458	0.0
198.0	26.258054048405416	23.83310829206049	23.694783534128817	26.21405412540528	0.0
199.0	26.205804139842755	23.760508419110266	23.75610842681025	26.277579014236725	0.0
200.0	26.27922901134923	23.740158454722703	23.778108388310322	26.202504145617745	0.0
201.0	26.187176187176185	23.69044869044869	23.85627385627386	26.266101266101266	0.0
202.0	26.191301191301193	23.734448734448733	23.761948761948762	26.31230131230131	0.0
203.0	26.24417341565031	23.661638731145242	23.889889587085953	26.2042982661185	0.0
204.0	26.098147868054504	23.702888885833325	23.841214404554016	26.357748841558156	0.0
205.0	26.250223438337894	23.735889009583786	23.796114235428384	26.21777331664994	0.0
206.0	26.2829485610571	23.782089182834433	23.68473881777057	26.250223438337894	0.0
207.0	26.309696013024087	23.691403994125963	23.736504287277867	26.262395705572082	0.0
208.0	26.173367103645706	23.786070021147694	23.78414500334128	26.256417871865317	0.0
209.0	26.248442798095883	23.847395588409192	23.68926912573941	26.214892487755513	0.0
210.0	26.414819337078864	23.7995451457926	23.57926810823	26.206367408898533	0.0
211.0	26.260340124081488	23.806485677828135	23.6222334668016	26.310940731288774	0.0
212.0	26.170964051568617	23.853511242134907	23.73993487921855	26.235589827077927	0.0
213.0	26.19688640407446	23.805176126347863	23.799951049277976	26.197986420299703	0.0
214.0	26.338238489017712	23.63219857492898	23.870902095805913	26.158660840247393	0.0
215.0	26.185886241822065	23.917652785378586	23.66464905357354	26.231811919225805	0.0
216.0	26.25305942854	23.694414652256416	23.773341033468085	26.2791848857355	0.0
217.0	26.258009515166513	23.728790253829445	23.865742650496383	26.14745758050766	0.0
218.0	26.334533274298806	23.770931361360066	23.69447981321622	26.200055551124912	0.0
219.0	26.21298081286146	23.600152903096287	23.853158026450036	26.333708257592214	0.0
220.0	26.201705584538086	23.817957313635603	23.850132965192543	26.13020413663377	0.0
221.0	26.238281325196834	23.708780102797082	23.75305599938399	26.299882572622096	0.0
222.0	26.29300743340053	23.875708483096783	23.728855509324063	26.102428574178628	0.0
223.0	26.22563106902915	23.82675749183921	23.715930247587515	26.231681191544126	0.0
224.0	26.19593046759197	23.753881016090574	23.76900632237803	26.28118219393943	0.0
225.0	26.26935695447833	23.73243058171928	23.775881461599596	26.222331002202793	0.0
226.0	26.185552267702157	23.70142013266305	23.872749073228682	26.240278526406108	0.0
227.0	26.19325244480623	23.757796429317874	23.756421397692147	26.29252972818375	0.0
228.0	26.251900986450398	23.65610914481048	23.888490128620813	26.203499740118307	0.0
229.0	26.092121872138208	23.709185511526922	23.817538301611265	26.381154314723602	0.0
230.0	26.2714264892321	23.722660858517106	23.790587607630897	26.215325044619895	0.0
231.0	26.28242677248939	23.783712430595088	23.68168480338369	26.252175993531836	0.0
232.0	26.317150038776106	23.696875360947786	23.743076677685316	26.242897922590796	0.0
233.0	26.174492952904778	23.790993468545892	23.79511859745617	26.239394981093163	0.0
234.0	26.247920247507732	23.83169474046064	23.71289102784462	26.207493984187007	0.0
235.0	26.410725335166724	23.801993812306634	23.59271227225851	26.194568580268136	0.0
236.0	26.265043011462392	23.799309176512	23.62962840736585	26.306019404659757	0.0
237.0	26.177865047411615	23.875211757199743	23.731656876333794	26.215266319054848	0.0
238.0	26.19113752430402	23.811750081815504	23.784799091366608	26.212313302513866	0.0
239.0	26.334417789853777	23.648394078482387	23.857951779727905	26.15923635193593	0.0
240.0	26.18047705877014	23.934621001476884	23.65932074267814	26.22558119707483	0.0
241.0	26.26099823698158	23.70393392393992	23.774894727722295	26.260173111356206	0.0
242.0	26.241624398992176	23.727018671126316	23.87940234791889	26.151954581962617	0.0
243.0	26.32944192597157	23.74675410413274	23.711544386250605	26.212259583645086	0.0
244.0	26.207721827159812	23.592148879688597	23.865039957085678	26.335089336065913	0.0
245.0	26.216140374044667	23.81714839085962	23.845760221851737	26.120951013243975	0.0
246.0	26.225214393603817	23.712469082475163	23.752912919192113	26.309403604728903	0.0
247.0	26.288028659239547	23.864815115437636	23.722839619967917	26.124316605354895	0.0
248.0	26.219728634283655	23.834616051356416	23.712443694778234	26.2332116195817	0.0
249.0	26.209691843299332	23.753848863157952	23.758801823790172	26.277657469752548	0.0
