# Position (bp)	A	C	G	T	N
0.0	26.242062164620407	23.847095934114236	23.761393575640625	26.14944832562473	0.0
1.0	26.219668967728914	23.871977263993674	23.72296574393794	26.185388024339467	0.0
2.0	26.216587555877467	23.855151231999645	23.74927086299412	26.178990349128767	0.0
3.0	26.207062413958965	23.731568559154766	23.80786518717553	26.253503839710735	0.0
4.0	26.226154837033288	23.7021127208295	23.76596703348343	26.30576540865378	0.0
5.0	26.226028116690348	23.705421556866366	23.753793763025943	26.314756563417347	0.0
6.0	26.180354783608532	23.799191814216773	23.84783774371334	26.17261565846135	0.0
7.0	26.345231679173057	23.805259593991405	23.63694153089286	26.212567195942675	0.0
8.0	26.2784495267049	23.732743729703586	23.761763283355215	26.227043460236306	0.0
9.0	26.292152841879513	23.661693907218147	23.79103355645344	26.255119694448897	0.0
10.0	26.32243658301345	23.72938032505092	23.679083379623105	26.269099712312528	0.0
11.0	26.23870045958143	23.77746641573465	23.7150097692144	26.268823355469518	0.0
12.0	26.185639945723516	23.708653561825173	23.7122462007843	26.393460291667015	0.0
13.0	26.21603919845461	23.811734664267888	23.753976084078808	26.218250053198695	0.0
14.0	26.276008633387775	23.81864358534314	23.689861296500496	26.21548648476859	0.0
15.0	26.109089100209754	23.82113079693023	23.748448947218606	26.32133115564141	0.0
16.0	26.241464028011528	23.80565481372167	23.789626116827094	26.163255041439708	0.0
17.0	26.219631837413743	23.7926660421002	23.781611768379804	26.206090352106255	0.0
18.0	26.209406634222372	23.774979204147563	23.789073403141074	26.22654075848899	0.0
19.0	26.13617207082473	23.71058805972624	23.808418382151768	26.34482148729726	0.0
20.0	26.183152734136428	23.768899353601345	23.842133916998986	26.205813995263245	0.0
21.0	26.30834238401994	23.754528797764827	23.784098979966892	26.153029838248337	0.0
22.0	26.32437108091452	23.655869404810268	23.7205369060746	26.299222608200612	0.0
23.0	26.25023490266739	23.713009738788234	23.767728242485877	26.269027116058496	0.0
24.0	26.28332499661465	23.80966856707005	23.658225854145194	26.248780582170106	0.0
25.0	26.241318988650086	23.851121864403503	23.756055635852128	26.151503511094283	0.0
26.0	26.225290380347822	23.873230289648006	23.71404962788757	26.187429702116603	0.0
27.0	26.209261772045554	23.84587111340793	23.76489900594993	26.179968108596587	0.0
28.0	26.19903662536997	23.72952552555872	23.81077398833228	26.26066386073903	0.0
29.0	26.207879995467774	23.70050821742531	23.780098548305528	26.311513238801393	0.0
30.0	26.228606644134494	23.698573730216413	23.75964825495436	26.313171370694732	0.0
31.0	26.189087834009943	23.79198182687445	23.839514941150135	26.17941539796547	0.0
32.0	26.333068953414784	23.795850801292236	23.649935194678502	26.221145050614474	0.0
33.0	26.282495930667977	23.738092540340965	23.754950214589904	26.224461314401154	0.0
34.0	26.289957524188	23.669832777398554	23.7853492993011	26.254860399112346	0.0
35.0	26.311789594116945	23.737539829709856	23.68447960912304	26.266190967050157	0.0
36.0	26.242148054596754	23.78065125893664	23.704653547158653	26.27254713930795	0.0
37.0	26.18411343832993	23.707693455629773	23.718194957620913	26.389998148419387	0.0
38.0	26.22003962935225	23.820446424376748	23.747764976385437	26.211748969885562	0.0
39.0	26.267296388312385	23.82624988600343	23.69138849201195	26.215065233672235	0.0
40.0	26.09706151392969	23.822104556270087	23.751081240172116	26.329752689628112	0.0
41.0	26.249609648116778	23.801377907603364	23.78894191840333	26.160070525876527	0.0
42.0	26.216170654934462	23.788665563087775	23.783414812092204	26.211748969885562	0.0
43.0	26.21865785277447	23.775124152625512	23.78230939082998	26.22390860377004	0.0
44.0	26.142660140996483	23.705758968420877	23.81077398833228	26.340806902250364	0.0
45.0	26.19433858500551	23.763240874056592	23.840344007096803	26.20207653384109	0.0
46.0	26.30626248780582	23.754950214589904	23.784520233354428	26.154267064249847	0.0
47.0	26.318145766374744	23.66292389450965	23.72814374898094	26.29078659013467	0.0
48.0	26.240970115018765	23.7148131566875	23.765662394225295	26.27855433406844	0.0
49.0	26.273507344101922	23.810642384380483	23.65947686227909	26.25637340923851	0.0
50.0	26.238963120586977	23.853753575327133	23.76200411767144	26.14527918641445	0.0
51.0	26.213262218291856	23.875861878376696	23.72138011081787	26.18949579251358	0.0
52.0	26.208840557681945	23.84325213137859	23.76310953282392	26.18479777811554	0.0
53.0	26.196128283428443	23.718892926724795	23.825289135150822	26.25968965469594	0.0
54.0	26.19889182130964	23.699824515344545	23.791297619212116	26.309986044133698	0.0
55.0	26.228738030426552	23.687388594879163	23.774163684348704	26.309709690345578	0.0
56.0	26.1870086084205	23.779414406322974	23.840488593497394	26.19308839175913	0.0
57.0	26.337068715369416	23.787705019966563	23.652015309999864	26.22321095466416	0.0
58.0	26.288706802448498	23.726354479004023	23.760345994942725	26.22459272360476	0.0
59.0	26.295892000939602	23.667767475922677	23.777479929806137	26.258860593331583	0.0
60.0	26.31661853504857	23.729670724461453	23.686835887302927	26.26687485318705	0.0
61.0	26.243661134985008	23.779690760111095	23.69457379337027	26.282074311533627	0.0
62.0	26.197786406157164	23.704522529742576	23.711984082021804	26.385706982078457	0.0
63.0	26.225698138757238	23.81395862983792	23.74597559796051	26.214367633444336	0.0
64.0	26.27875806607619	23.815064044990397	23.68490141078609	26.221276478147328	0.0
65.0	26.1007862265272	23.808707907863646	23.754818919180334	26.335686946428815	0.0
66.0	26.246424672866205	23.80041729422006	23.791297619212116	26.16186041370162	0.0
67.0	26.214920341020576	23.787705019966563	23.785217835873485	26.21215680313938	0.0
68.0	26.219894709206727	23.786046897237846	23.78079617526357	26.213262218291856	0.0
69.0	26.146937309143166	23.706457006259413	23.812300507109203	26.334305177488222	0.0
70.0	26.191982976606653	23.75813516463777	23.84933191471722	26.20054994403836	0.0
71.0	26.314684058531736	23.76338588661204	23.78162523662793	26.140304818228294	0.0
72.0	26.31717124262481	23.661134985007806	23.73271061613077	26.28898315623661	0.0
73.0	26.249944729395118	23.71053678811461	23.76774186416696	26.27177661832331	0.0
74.0	26.2722567201961	23.82045946326864	23.659346095280732	26.247937721254527	0.0
75.0	26.252359357425725	23.846160223513706	23.742804478012033	26.158675941048536	0.0
76.0	26.22417142683436	23.87103192697668	23.700522582124982	26.20427406406398	0.0
77.0	26.20372135954258	23.84505481447091	23.759661965914713	26.191561860071793	0.0
78.0	26.190732803289695	23.716827365506262	23.826539213004033	26.265900618200007	0.0
79.0	26.184929405815005	23.696100945953788	23.80111480501966	26.317854843211546	0.0
80.0	26.228869415266253	23.690573900739796	23.77817756738159	26.30237911661236	0.0
81.0	26.189903746507596	23.784533669377684	23.847541984817205	26.178020599297515	0.0
82.0	26.328356229118132	23.782322851292083	23.66183326562703	26.227487653962754	0.0
83.0	26.2705986066319	23.727328751412852	23.770439704082	26.23163293787325	0.0
84.0	26.293259492009273	23.67703263996551	23.779835680945787	26.249872187079426	0.0
85.0	26.315920377386647	23.725670637848655	23.69140295752189	26.267006027242807	0.0
86.0	26.24130526699774	23.77845391964229	23.699693525342884	26.280547288017093	0.0
87.0	26.20123418919629	23.698864468560785	23.716274660984865	26.383626681258065	0.0
88.0	26.23660727856584	23.815208770315348	23.73783013731944	26.210353813799376	0.0
89.0	26.279165526713594	23.81935405422584	23.690297548479094	26.211182870581474	0.0
90.0	26.10064196630161	23.801667509541062	23.757174795568414	26.34051572858892	0.0
91.0	26.24517419864753	23.808576316058552	23.78895530554888	26.157294179745037	0.0
92.0	26.218644381620365	23.782599203552785	23.78895530554888	26.209801109277976	0.0
93.0	26.210077461538674	23.789508010070275	23.788126248766776	26.212288279624275	0.0
94.0	26.152872543573842	23.702180695689183	23.82045946326864	26.324487297468334	0.0
95.0	26.19543079172159	23.758556556871913	23.84422575768881	26.20178689371768	0.0
96.0	26.31205144573685	23.76325454530381	23.781493794509988	26.14320021444935	0.0
97.0	26.325592706511138	23.65271364102394	23.721801706198857	26.29989194626607	0.0
98.0	26.25118140264966	23.706536818309946	23.767057796152084	26.275223982888313	0.0
99.0	26.27984933358021	23.80927377790797	23.66087343412766	26.250003454384167	0.0
100.0	26.25110885731735	23.847686529836206	23.750134720982484	26.15106989186396	0.0
101.0	26.228448097187023	23.870623640699833	23.70287874558875	26.198049516524392	0.0
102.0	26.21214340392252	23.844923022503238	23.757319840048197	26.185613733526043	0.0
103.0	26.192798852591753	23.710340215387763	23.829447381438627	26.267413550581857	0.0
104.0	26.181192121793295	23.696799029456226	23.806510270575004	26.31549857817548	0.0
105.0	26.22872444792032	23.692101066990183	23.785783965577753	26.293390519511746	0.0
106.0	26.1972204643245	23.784678562644565	23.838843306370713	26.179257666660217	0.0
107.0	26.33373772657306	23.785231264111157	23.659491680461176	26.22153932885461	0.0
108.0	26.26962435644823	23.73880434091732	23.769479272313248	26.222092030321203	0.0
109.0	26.293114168778448	23.671927463459525	23.779980600178522	26.254977767583505	0.0
110.0	26.316603981108667	23.726092207185673	23.694864574323148	26.262439237382516	0.0
111.0	26.251661558783944	23.76395225764732	23.706747655854905	26.277638527713833	0.0
112.0	26.209379896589557	23.69652267872293	23.720012491053144	26.37408493363437	0.0
113.0	26.23563321625274	23.81673524770698	23.73880434091732	26.208827195122964	0.0
114.0	26.272940565247787	23.82419671750599	23.692101066990183	26.210761650256035	0.0
115.0	26.107406476003085	23.80098325590907	23.758148892248084	26.33346137583976	0.0
116.0	26.253319663183728	23.79600894270973	23.795456241243137	26.15521515286341	0.0
117.0	26.228171746453725	23.778875197245338	23.787165719244236	26.205787337056698	0.0
118.0	26.209379896589557	23.77859884651204	23.789376525110608	26.2226447317878	0.0
119.0	26.145819227931323	23.704260499255234	23.824473068239286	26.32544720457416	0.0
120.0	26.20108937459066	23.755661735648413	23.848239231302802	26.19500965845813	0.0
121.0	26.31466952597559	23.75206917611556	23.782467756778193	26.150793541130664	0.0
122.0	26.321578294308	23.652030210662165	23.733000975518088	26.293390519511746	0.0
123.0	26.25118140264966	23.699351679388048	23.77065036561303	26.278816552349266	0.0
124.0	26.278612822192194	23.807194554755053	23.665978549537524	26.24821407351523	0.0
125.0	26.250424891600826	23.848647393860006	23.749436932268825	26.151490782270344	0.0
126.0	26.23190929013395	23.867162995326883	23.700522582124982	26.200405132414183	0.0
127.0	26.216709915795466	23.841462235081814	23.75137139809372	26.190456451029	0.0
128.0	26.190456451029	23.707431388642476	23.83621154212852	26.265900618200007	0.0
129.0	26.190732803289695	23.691679309782593	23.80332562310526	26.314262263822446	0.0
130.0	26.234672812740946	23.687534025872097	23.78702083972398	26.290772321662974	0.0
131.0	26.200681484674888	23.788678953288176	23.83676424664992	26.17387531538702	0.0
132.0	26.341897489892418	23.781217442249286	23.66100420884493	26.215880859013367	0.0
133.0	26.2711513111533	23.731197683062646	23.77955932868509	26.218091677098965	0.0
134.0	26.295193957834172	23.674821821879913	23.780664737727886	26.249319482558025	0.0
135.0	26.32338188842554	23.717932774549062	23.688915787175596	26.2697695498498	0.0
136.0	26.247385016733126	23.772926874428297	23.70328610473198	26.276402004106597	0.0
137.0	26.212288279624275	23.697206354996585	23.717103717766964	26.373401647612177	0.0
138.0	26.227487653962754	23.81189254318695	23.749436932268825	26.211182870581474	0.0
139.0	26.264867792713126	23.820248938804387	23.700035373187127	26.214847895295367	0.0
140.0	26.108728333922887	23.80449681641316	23.75337150689777	26.333403342766182	0.0
141.0	26.258235320127344	23.787639281924303	23.799798814998233	26.154326582950123	0.0
142.0	26.229494605588965	23.771887159533073	23.791508224266007	26.207110010611956	0.0
143.0	26.211531659002475	23.78211222143615	23.793995401485674	26.2123607180757	0.0
144.0	26.150733993632823	23.701140785284753	23.82467058719491	26.32345463388751	0.0
145.0	26.2013065970994	23.764978333922887	23.84373894587902	26.189976123098692	0.0
146.0	26.32069110364344	23.746739034311993	23.781835868411743	26.150733993632823	0.0
147.0	26.32850174793771	23.653949786516698	23.734368738859487	26.2831797266861	0.0
148.0	26.25893316088809	23.702929910958563	23.769807712502832	26.26832921565051	0.0
149.0	26.28221957535242	23.807181369230047	23.665134737034098	26.245464318383434	0.0
150.0	26.249886003432334	23.846147468723487	23.744172357283205	26.159794170560975	0.0
151.0	26.222803182507814	23.8663214067591	23.71404962788757	26.19682578284552	0.0
152.0	26.225290380347822	23.835645966732347	23.760477320901032	26.178586332018806	0.0
153.0	26.188811478694383	23.703271770580873	23.840344007096803	26.267572743627937	0.0
154.0	26.17886268733436	23.685585030385266	23.812984830856728	26.322567451423645	0.0
155.0	26.232751973867842	23.67784708154969	23.793916314083344	26.29548463049913	0.0
156.0	26.20290559978776	23.79253453750556	23.843936626199035	26.16062323650764	0.0
157.0	26.351308404241504	23.78369116740776	23.64855341810072	26.21644701025002	0.0
158.0	26.276416113725737	23.729249170243165	23.783414812092204	26.21091990393889	0.0
159.0	26.299353604916913	23.668174645505218	23.78645472056332	26.246017029014546	0.0
160.0	26.334450729992565	23.7176422469898	23.685861385700825	26.26204563731681	0.0
161.0	26.254860399112346	23.766833493158824	23.70852252157644	26.26978358615239	0.0
162.0	26.21395981241001	23.6891776494875	23.731736368083173	26.365126170019316	0.0
163.0	26.2330283291834	23.80662865859893	23.756331991167684	26.204011021049983	0.0
164.0	26.27427788156484	23.812221571250124	23.70140278345843	26.212097763726604	0.0
165.0	26.11426771166112	23.80337817671313	23.758055779711043	26.324298331914704	0.0
166.0	26.262394570155756	23.789836728828362	23.793705713938294	26.15406298707759	0.0
167.0	26.237522523020463	23.764688325613786	23.79757469904823	26.20021445231752	0.0
168.0	26.206294286061706	23.775189856626465	23.80558902534738	26.21292683196445	0.0
169.0	26.1524048506019	23.69919193482418	23.827973867769142	26.32042934680477	0.0
170.0	26.206294286061706	23.757226711473198	23.849253285873782	26.18722571659131	0.0
171.0	26.31960027856693	23.743961619667708	23.790665797066204	26.14577230469916	0.0
172.0	26.322712939856462	23.656145761653278	23.731867536638006	26.289273761852254	0.0
173.0	26.261157938372254	23.702362857537654	23.768135967942516	26.268343236147572	0.0
174.0	26.282233749436916	23.80108829926295	23.667054489579908	26.249623461720223	0.0
175.0	26.25170306787123	23.850135554529952	23.748158752179787	26.150002625419035	0.0
176.0	26.220198039502883	23.86284810983648	23.713890124831767	26.203063725828873	0.0
177.0	26.215776281135394	23.840186598203108	23.76391126636396	26.180125854297536	0.0
178.0	26.194496568991866	23.695374011667916	23.847371955550273	26.262757463789942	0.0
179.0	26.18758757154267	23.681003296973582	23.819183245957547	26.312225885526203	0.0
180.0	26.232357875013474	23.682937816259358	23.795416294732306	26.289288013994867	0.0
181.0	26.213841761849622	23.790994536364817	23.83327760075391	26.16188610103165	0.0
182.0	26.349534471751873	23.779111060752196	23.647563749319463	26.223790718176467	0.0
183.0	26.2743645795046	23.733788037485457	23.777729261262355	26.21411812174759	0.0
184.0	26.29094617338267	23.67464701932032	23.78629641809936	26.24811038919764	0.0
185.0	26.32991291899615	23.716653723811447	23.68680685483091	26.266626502361497	0.0
186.0	26.253084867361064	23.764463986159896	23.715271924321605	26.267179222157434	0.0
187.0	26.22240891868663	23.690123173606526	23.720799122280965	26.366668785425883	0.0
188.0	26.221303479094754	23.804536171365246	23.75451502983305	26.219645319706945	0.0
189.0	26.263106404381976	23.814550941560775	23.70649392282905	26.215848731228203	0.0
190.0	26.113595286392556	23.80156199046003	23.75623884193828	26.328603881209133	0.0
191.0	26.258684633794488	23.78332218678664	23.795482055902234	26.162511123516634	0.0
192.0	26.234364895563306	23.759831530540616	23.800732908474874	26.205070665421204	0.0
193.0	26.22013906545362	23.774057328572535	23.79202087087253	26.213782735101315	0.0
194.0	26.161273919147476	23.695570466831008	23.824631609201756	26.318524004819754	0.0
195.0	26.208531853505928	23.75333016438023	23.850886017178674	26.187251964935164	0.0
196.0	26.31576038292745	23.733432086755617	23.798377201224838	26.1524303290921	0.0
197.0	26.323571272623763	23.644232443352504	23.73128677354543	26.3009095104783	0.0
198.0	26.25455309223363	23.709243260870768	23.77335964315917	26.262844003736436	0.0
199.0	26.276458444454885	23.812392736035996	23.670894122003862	26.240254697505254	0.0
200.0	26.24896708204478	23.85895384411299	23.739563728619633	26.1525153452226	0.0
201.0	26.229345095470634	23.857019282056385	23.714967153899938	26.19866846857304	0.0
202.0	26.230450559502984	23.835739099433724	23.760843911242294	26.172966429821	0.0
203.0	26.214697697042055	23.696726997366234	23.83767366149033	26.250901644101383	0.0
204.0	26.193417514419398	23.67517044873549	23.820815334997057	26.31059670184806	0.0
205.0	26.239570637769837	23.677657742808268	23.791244172131805	26.291527447290093	0.0
206.0	26.21911955317144	23.7995351523744	23.826342655158786	26.155002639295375	0.0
207.0	26.357302557214673	23.782676825881126	23.641730161757025	26.21829045514718	0.0
208.0	26.277374280060577	23.73174587382129	23.785361323914703	26.20551852220343	0.0
209.0	26.290363590134756	23.673155794337767	23.78701953371141	26.249461081816072	0.0
210.0	26.318276788379265	23.725942139532826	23.69443615339546	26.261344918692448	0.0
211.0	26.24503918902486	23.773477487038328	23.714887407554805	26.26659591638201	0.0
212.0	26.232878983849034	23.6891851557059	23.719862036944914	26.35807382350015	0.0
213.0	26.220442410373764	23.80277252678009	23.763251859958658	26.213533202887497	0.0
214.0	26.269432199759557	23.823842359086324	23.703345447510607	26.203379993643512	0.0
215.0	26.115494631530943	23.804220155595782	23.75834289109677	26.321942321776497	0.0
216.0	26.251468210648497	23.784874321168488	23.81389307280943	26.14976439537358	0.0
217.0	26.218303923058855	23.768015808310416	23.8025619412163	26.21111832741443	0.0
218.0	26.203728781706527	23.78162361745994	23.797929437255757	26.216718163577774	0.0
219.0	26.139610981831446	23.69788355986447	23.83827943200473	26.324226026299353	0.0
220.0	26.194884947240997	23.760343140777263	23.854032512146453	26.190739399835284	0.0
221.0	26.314829452179726	23.732982527899534	23.797100327774615	26.15508769214612	0.0
222.0	26.32125870221898	23.640463970947923	23.747695760198766	26.29058156663433	0.0
223.0	26.255002321519378	23.707963916955936	23.77070021446417	26.266333547060515	0.0
224.0	26.285199443939298	23.788453725634344	23.670166458926957	26.2561803714994	0.0
225.0	26.237532093889655	23.854085769797333	23.744089058643723	26.16429307766929	0.0
226.0	26.231451873675134	23.849663791459502	23.71313521027889	26.205749124586475	0.0
227.0	26.23255736825959	23.828659394354794	23.756802246364998	26.18198099102062	0.0
228.0	26.201327146248644	23.692683560466406	23.84413631853721	26.26185297474774	0.0
229.0	26.18599496444433	23.674573760388252	23.82713285630978	26.312298418857633	0.0
230.0	26.239058997808346	23.67844301282104	23.796731587194987	26.285766402175625	0.0
231.0	26.208671090560852	23.80418049709388	23.835134858756906	26.152013553588354	0.0
232.0	26.342990909920044	23.78925607272064	23.64415750242522	26.223595514934097	0.0
233.0	26.27452172615264	23.732664127664986	23.793467506121797	26.199346640060583	0.0
234.0	26.29663204559148	23.669649717264292	23.78683441029014	26.246883826854088	0.0
235.0	26.324546323883013	23.724372757875418	23.676835571081913	26.274245347159653	0.0
236.0	26.248265721819013	23.76831701776011	23.714423114127943	26.26899414629293	0.0
237.0	26.225049886408236	23.687890730801335	23.726307410826315	26.360751971964113	0.0
238.0	26.2162057586327	23.80562818181316	23.758920131998607	26.21924592755554	0.0
239.0	26.270725027016123	23.81813106480829	23.697629490825577	26.213514417350016	0.0
240.0	26.125879615042315	23.798941974428285	23.74725681718932	26.327921593340076	0.0
241.0	26.260465296262208	23.786661359735316	23.799099480086568	26.15377386391591	0.0
242.0	26.22748267579199	23.765192369885316	23.79919121447743	26.208133739845263	0.0
243.0	26.2043438478741	23.78501353133215	23.79828225336072	26.21236036743303	0.0
244.0	26.143171105920082	23.698010974884927	23.83789237978078	26.320925539414215	0.0
245.0	26.20267337544752	23.747148998520935	23.867409424546953	26.182768201484595	0.0
246.0	26.30260604150424	23.73748265127261	23.7983068747961	26.161604432427055	0.0
247.0	26.322352323154124	23.63410149715913	23.74690683882384	26.296639340862903	0.0
248.0	26.256387002587978	23.710433763188746	23.774856776305604	26.25832245791767	0.0
249.0	26.290191914751254	23.79372413049429	23.67040763566888	26.245676319085575	0.0
