# Position (bp)	A	C	G	T	N
0.0	26.12828137328403	23.83704115527926	23.619148703174883	26.41552876826183	0.0
1.0	26.325676210693018	23.74325754831681	23.698331269532403	26.232734971457774	0.0
2.0	26.209880043681732	23.754046034254785	23.74057095052679	26.295502971536695	0.0
3.0	26.318744403178858	23.709748504473247	23.677746618046257	26.293760474301642	0.0
4.0	26.2819127285997	23.755000070176425	23.780824994035004	26.182262207188874	0.0
5.0	26.237625151922572	23.70497407842994	23.7560593599744	26.301341409673086	0.0
6.0	26.409120762533473	23.585265769634507	23.862571080536423	26.1430423872956	0.0
7.0	26.231620071905898	23.777782143649016	23.683198661798098	26.30739912264699	0.0
8.0	26.35357379404798	23.753915064156537	23.650635952356897	26.24187518943859	0.0
9.0	26.36094226203506	23.804352096628445	23.61969388270555	26.215011758630947	0.0
10.0	26.25109794666435	23.798993677510964	23.665416013043465	26.28449236278122	0.0
11.0	26.28449236278122	23.72266358352954	23.755216123609852	26.237627930079388	0.0
12.0	26.194411626869318	23.69432042363202	23.740062354951775	26.371205594546886	0.0
13.0	26.255868577538187	23.665416013043465	23.91517257055623	26.16354283886212	0.0
14.0	26.20977246960836	23.757955706219764	23.76805819030835	26.264213633863527	0.0
15.0	26.262810511073447	23.70575953842873	23.804820007408487	26.22660994308934	0.0
16.0	26.2569173953551	23.81211624591691	23.69930517359435	26.231661185133632	0.0
17.0	26.286944223062847	23.728209503070033	23.78545691290536	26.199389360961757	0.0
18.0	26.14466757214857	23.908931718432544	23.66366585472628	26.282734854692603	0.0
19.0	26.385443442926576	23.70379516652261	23.715581397959298	26.195179992591513	0.0
20.0	26.258881767261215	23.747011348457125	23.71473952428525	26.279367359996407	0.0
21.0	26.277329247451238	23.686049350496283	23.775848957061758	26.260772444990728	0.0
22.0	26.22401073105298	23.658828844756126	23.77388459066814	26.343275833522757	0.0
23.0	26.202963948264202	23.68268186525008	23.737964748041946	26.37638943844377	0.0
24.0	26.32026468434035	23.674824399675597	23.800263225096746	26.204647690887306	0.0
25.0	26.13533361956958	23.8339380775588	23.614209665243905	26.416518637627718	0.0
26.0	26.32784152614431	23.73992911443557	23.700641786563175	26.231587572856945	0.0
27.0	26.211382661379716	23.75648591689608	23.738245371812464	26.29388604991174	0.0
28.0	26.32699965483276	23.704570519350412	23.68576872672577	26.282661099091058	0.0
29.0	26.285747960566745	23.754521550502457	23.765465877552625	26.19426461137817	0.0
30.0	26.235235681873668	23.70400927180938	23.743577223452288	26.31717782286466	0.0
31.0	26.406416181889103	23.59147913983202	23.862281078381027	26.139823599897856	0.0
32.0	26.230184454004362	23.78623203657089	23.680998122626974	26.302585386797773	0.0
33.0	26.358148893360163	23.755924669355043	23.649848884099576	26.236077553185222	0.0
34.0	26.35730702204861	23.795492620997955	23.615332160325973	26.23186819662746	0.0
35.0	26.252073108104696	23.796615116080023	23.66416069639595	26.287151079419335	0.0
36.0	26.28546733679623	23.720566074269886	23.7503121939447	26.24365439498918	0.0
37.0	26.18584589826266	23.69418743984128	23.745822213616428	26.374144448279637	0.0
38.0	26.245899385153322	23.666405686560086	23.92177331773065	26.16592161055594	0.0
39.0	26.213834713063	23.748000561245966	23.76764417005753	26.27052055563351	0.0
40.0	26.26125999719377	23.70113652308124	23.803844534867405	26.233758944857584	0.0
41.0	26.257050652448438	23.809737617510873	23.69720780131893	26.236003928721765	0.0
42.0	26.282867966886485	23.728918198400446	23.791497123614423	26.196716711098638	0.0
43.0	26.1408727374772	23.91749684299144	23.664936158271363	26.276694261259998	0.0
44.0	26.384172863757545	23.71208081941911	23.707871474673777	26.195874842149575	0.0
45.0	26.26097937421075	23.747719938262943	23.71208081941911	26.279219868107194	0.0
46.0	26.277181767414714	23.68311019191752	23.777960494007313	26.26174754666046	0.0
47.0	26.225547283436835	23.655328594559858	23.781047338158164	26.338076783845143	0.0
48.0	26.209271196095983	23.678339614593476	23.739515253219437	26.3728739360911	0.0
49.0	26.309733942096415	23.678058992397943	23.8138801350354	26.198326930470238	0.0
50.0	26.119752715721294	23.843345465566255	23.618567086945173	26.418334731767274	0.0
51.0	26.324606918459608	23.742040852979226	23.702473123409224	26.230879105151946	0.0
52.0	26.19860755266577	23.75719445153795	23.741198986392632	26.30299900940365	0.0
53.0	26.32488754065514	23.7005087680405	23.68928388021922	26.285319811085138	0.0
54.0	26.279146122783438	23.75887818471114	23.774031783269866	26.187943909235557	0.0
55.0	26.23621092686705	23.70499872316901	23.749337030063057	26.309453319900882	0.0
56.0	26.40767108833706	23.594994822520494	23.859621552907107	26.13771253623534	0.0
57.0	26.227231016610027	23.78778227085093	23.684793925090712	26.300192787448328	0.0
58.0	26.352669138012804	23.746530808107735	23.653925483582196	26.246874570297262	0.0
59.0	26.357720337532374	23.795078447934763	23.615199620598794	26.232001593934072	0.0
60.0	26.256696347140878	23.80097151404093	23.653644861386667	26.28868727743152	0.0
61.0	26.273814301068327	23.722958543683053	23.75887818471114	26.244348970537473	0.0
62.0	26.18261208752045	23.707243700733265	23.735025298090928	26.375118913655353	0.0
63.0	26.241262126386623	23.665150371403477	23.92135843592413	26.17222906628577	0.0
64.0	26.21228448275862	23.757127783764368	23.760214619252874	26.27037311422414	0.0
65.0	26.24988775143678	23.711386494252874	23.807639637212645	26.231086117097703	0.0
66.0	26.256903286637932	23.80399155890805	23.698197288074713	26.24090786637931	0.0
67.0	26.27430181393678	23.732152478448278	23.792205459770116	26.20134024784483	0.0
68.0	26.142970994971265	23.915117636494255	23.66340023347701	26.27851113505747	0.0
69.0	26.38262167744253	23.711947737068968	23.70465158045977	26.200779005028735	0.0
70.0	26.265883171695403	23.74365795617816	23.708019037356323	26.282439834770116	0.0
71.0	26.280121115859835	23.682135410674245	23.781194489733494	26.256548983732426	0.0
72.0	26.233257472225574	23.659405140408527	23.771092147393176	26.336245239972722	0.0
73.0	26.206317892651388	23.682696651915375	23.737698293546007	26.373287161887234	0.0
74.0	26.29667773247314	23.687747823085537	23.803644139378648	26.211930305062676	0.0
75.0	26.12157046524093	23.842089164395976	23.613383358635957	26.42295701172714	0.0
76.0	26.316601796533213	23.74695877402463	23.711319955212947	26.225119474229203	0.0
77.0	26.202669824584053	23.760428563811725	23.73348898423754	26.303412627366683	0.0
78.0	26.31772427901547	23.69785016542586	23.689150926188358	26.29527462937031	0.0
79.0	26.280121115859835	23.757902978226646	23.776143318563335	26.185832587350184	0.0
80.0	26.23269623098444	23.70963623148956	23.74864249774802	26.30902503977797	0.0
81.0	26.40724225697553	23.59317867395532	23.8561201954242	26.143458873644953	0.0
82.0	26.21613961437114	23.789332487729865	23.68297727253594	26.31155062536305	0.0
83.0	26.353924339068286	23.75060684209197	23.653512107376674	26.24195671146307	0.0
84.0	26.351118132862638	23.794383658900024	23.627133769043617	26.227364439193725	0.0
85.0	26.25767146621468	23.79494490014115	23.658282657926268	26.2891009757179	0.0
86.0	26.277876150895317	23.724509124379477	23.76014794319116	26.237466781534042	0.0
87.0	26.187516311073573	23.706830025283917	23.73236650175528	26.373287161887234	0.0
88.0	26.246727262012666	23.66024700227022	23.92178542063628	26.171240315080833	0.0
89.0	26.21157612935452	23.754188251008827	23.76962234182863	26.264613277808024	0.0
90.0	26.246092368824257	23.712937135544994	23.805261060630723	26.235709435000025	0.0
91.0	26.255072203483053	23.804699820964547	23.698906143890625	26.241321831661775	0.0
92.0	26.272470633134464	23.727248747032444	23.792071928475618	26.20820869135747	0.0
93.0	26.142263030581947	23.923121390527395	23.661303086256925	26.27331249263373	0.0
94.0	26.385841045701746	23.716023953708955	23.702834821553846	26.195300179035453	0.0
95.0	26.27050629430286	23.74240221801916	23.70816659838251	26.278924889295475	0.0
96.0	26.278009288490413	23.67695135468844	23.785550925341305	26.259488431479845	0.0
97.0	26.226375384097317	23.652818116765584	23.78611216343253	26.33469433570456	0.0
98.0	26.207573908041137	23.67695135468844	23.74289683040788	26.37257790686254	0.0
99.0	26.30158128832204	23.691824164106016	23.79761754430273	26.20897700326921	0.0
100.0	26.129281194314657	23.847006496330906	23.609883402786547	26.413828906567886	0.0
101.0	26.312244812055397	23.748509211320172	23.709222544934125	26.23002343169031	0.0
102.0	26.213186288953434	23.75384097318685	23.72774340194469	26.30522933591503	0.0
103.0	26.32038276437822	23.699962116428843	23.69014044983233	26.28951466936061	0.0
104.0	26.28811157413254	23.763943258828977	23.769836258786885	26.178108908251602	0.0
105.0	26.239003241149977	23.697155925972694	23.75271849700439	26.311122335872938	0.0
106.0	26.41326766847666	23.589678831502294	23.859353734337947	26.1376997656831	0.0
107.0	26.217956812728882	23.796775687165887	23.686773021284953	26.298494478820277	0.0
108.0	26.368929859269546	23.752437877958776	23.644960783488376	26.2336714792833	0.0
109.0	26.347322192757222	23.791724544344824	23.63598097402871	26.224972288869246	0.0
110.0	26.26089152670792	23.793969496709742	23.659552973860336	26.285586002722006	0.0
111.0	26.284182907493932	23.721569782941167	23.75440221127808	26.239845098286818	0.0
112.0	26.194665431942866	23.699681497383228	23.735320116176283	26.37033295449762	0.0
113.0	26.26229462193599	23.663201021453325	23.91098763873104	26.16351671787964	0.0
114.0	26.211429020417786	23.764999045897923	23.764718427639774	26.258853506044517	0.0
115.0	26.255205468688615	23.709436630784943	23.806249929845436	26.229107970681003	0.0
116.0	26.259134124302662	23.79670890906846	23.70157931955685	26.24257764707203	0.0
117.0	26.27400689198442	23.7206613611108	23.798112000359193	26.20721974654559	0.0
118.0	26.14660620278598	23.919339087878413	23.660328435609333	26.273726273726272	0.0
119.0	26.39242779692218	23.710839722075676	23.70242117433129	26.19431130667086	0.0
120.0	26.26614958075632	23.7400240209229	23.713926522915287	26.279899875405494	0.0
121.0	26.278851145627254	23.684808687965653	23.778535449200938	26.257804717206156	0.0
122.0	26.22328857459556	23.65983359290595	23.777693592064093	26.3391842404344	0.0
123.0	26.205890193767452	23.67386454518668	23.742616211362268	26.377629049683605	0.0
124.0	26.3027037645045	23.69491097360778	23.80014311571326	26.20224214617446	0.0
125.0	26.11889828962692	23.852338258197584	23.61072525992339	26.41803819225211	0.0
126.0	26.30719366923433	23.752999116050006	23.703890783067447	26.235916431648214	0.0
127.0	26.205609574721837	23.750473544639476	23.733636401902597	26.310280478736093	0.0
128.0	26.309719240644863	23.70473264020429	23.685369926056882	26.300178193093966	0.0
129.0	26.286147240813236	23.75636654459738	23.771239354014956	26.186246860574425	0.0
130.0	26.239003241149977	23.69799778310954	23.75215725891316	26.310841716827323	0.0
131.0	26.409339001838056	23.58462768868123	23.86973663902569	26.13629667045502	0.0
132.0	26.222166098413098	23.79200516339044	23.687895497467412	26.297933240729048	0.0
133.0	26.354618287943204	23.75552468746054	23.649731307263824	26.240125717332436	0.0
134.0	26.343393526118618	23.79761754430273	23.629807355025186	26.22918157455347	0.0
135.0	26.254717907704396	23.797056306211502	23.65141502153751	26.296810764546592	0.0
136.0	26.283060431311473	23.719044211530637	23.755805306506154	26.24209005065174	0.0
137.0	26.189333670076188	23.701926449748147	23.72970773526399	26.379032144911672	0.0
138.0	26.254230343983792	23.65849688792605	23.914141555868603	26.173131212221556	0.0
139.0	26.204353548307434	23.759025460708905	23.763515390637934	26.273105600345726	0.0
140.0	26.24784974449493	23.702901336596018	23.81178213737502	26.237466781534042	0.0
141.0	26.2512171919417	23.798873588829053	23.70879436962787	26.241114849601377	0.0
142.0	26.265248222969923	23.723106021276656	23.802521656896392	26.209124098857036	0.0
143.0	26.134832974137932	23.924658764367816	23.665083961925287	26.275424299568968	0.0
144.0	26.39075969827586	23.713912086925287	23.698477909482758	26.196850305316094	0.0
145.0	26.267640612766623	23.742602097370288	23.713136766839437	26.27662052302365	0.0
146.0	26.27472990037884	23.685702259015013	23.778027220429355	26.261540620176792	0.0
147.0	26.22590150133296	23.653430615967448	23.77634348253122	26.34432440016837	0.0
148.0	26.204293531640243	23.675319208643188	23.741546232636455	26.378841027080117	0.0
149.0	26.307843412375476	23.689350357794304	23.79823207520696	26.204574154623263	0.0
150.0	26.12599971937702	23.84088676862635	23.615546513259435	26.417566998737197	0.0
151.0	26.30314663433881	23.753399055420388	23.707096133285066	26.236358176955736	0.0
152.0	26.20156082941162	23.755082798043492	23.72982665869695	26.313529713847938	0.0
153.0	26.306233495814496	23.713831103777476	23.674263152134564	26.30567224827346	0.0
154.0	26.27817111876279	23.761817768535902	23.771639600504	26.18837151219731	0.0
155.0	26.23327131548005	23.695590558693866	23.751715312797288	26.319422813028797	0.0
156.0	26.413151152381513	23.585305416880644	23.859194216905337	26.142349213832507	0.0
157.0	26.227097592528676	23.79577324476847	23.684365607873183	26.292763554829673	0.0
158.0	26.356745774507573	23.75424092673194	23.652935745575267	26.236077553185222	0.0
159.0	26.34355645729327	23.798298858703127	23.632450210327516	26.225694473676086	0.0
160.0	26.263859306466415	23.80166634394933	23.64283328983665	26.291641059747604	0.0
161.0	26.286028584337267	23.720004826728854	23.762659639847453	26.23130694908643	0.0
162.0	26.193983987607655	23.702606152956793	23.730949153779022	26.37246070565653	0.0
163.0	26.250743655078747	23.663104605610247	23.922121072659312	26.1640306666517	0.0
164.0	26.210126646218434	23.75325174619121	23.76952801623137	26.267093591358986	0.0
165.0	26.24267918629875	23.70750981487146	23.813586195478003	26.23622480335179	0.0
166.0	26.255587952192666	23.797871176128886	23.70750981487146	26.23903105680699	0.0
167.0	26.272425472923867	23.720137955419858	23.793942421291607	26.213494150364674	0.0
168.0	26.149304327816225	23.921694083839864	23.664921172119232	26.264080416224683	0.0
169.0	26.394290941949677	23.707015092073433	23.704489456876182	26.194204509100704	0.0
170.0	26.266399135669083	23.74636938921551	23.71297478567119	26.27425668944422	0.0
171.0	26.273769166872462	23.68750420941562	23.7817951193229	26.25693150438902	0.0
172.0	26.23055249983162	23.646251936331186	23.775060054329526	26.348135509507664	0.0
173.0	26.21287295422401	23.677401611925557	23.741945984778752	26.367779449071683	0.0
174.0	26.309689513503802	23.689187975663963	23.79919403722246	26.20192847360977	0.0
175.0	26.12363334306176	23.84549760905193	23.61594414386099	26.414924904025323	0.0
176.0	26.298818834662107	23.74930895232964	23.717036675338086	26.234835537670165	0.0
177.0	26.20985960156366	23.756044036223525	23.727981186665655	26.306115175547156	0.0
178.0	26.306115175547156	23.700479594098944	23.68139685639959	26.31200837395431	0.0
179.0	26.2831036389097	23.763059748612996	23.77400425994056	26.179832352536742	0.0
180.0	26.23062611023649	23.691499482240424	23.7445382679048	26.33333613961829	0.0
181.0	26.4175246882919	23.589631338345356	23.862402236047853	26.13044173731489	0.0
182.0	26.22164599837797	23.80262836648959	23.68195811339075	26.29376752174169	0.0
183.0	26.35662830475132	23.74706392436501	23.661472233213505	26.234835537670165	0.0
184.0	26.35045447784859	23.784106885781394	23.63621566861142	26.22922296775859	0.0
185.0	26.263459644219196	23.798699567551488	23.64744080843457	26.29039997979475	0.0
186.0	26.28534866687433	23.71675604684251	23.75828906418816	26.239606222095002	0.0
187.0	26.19723131926262	23.702443993567996	23.732471242594915	26.367853444574468	0.0
188.0	26.25848202008183	23.65929359996857	23.919717574689482	26.162506805260115	0.0
189.0	26.197939614021397	23.755054849147307	23.773857063879824	26.27314847295147	0.0
190.0	26.24284042532293	23.699490095161657	23.812584013627397	26.245085465888014	0.0
191.0	26.259397599490374	23.79686872967186	23.701735135726736	26.241998535111033	0.0
192.0	26.27679666386972	23.716327899399733	23.789291717764726	26.21758371896582	0.0
193.0	26.146096424762867	23.924341920637595	23.6703709939945	26.259190660605043	0.0
194.0	26.399506089689623	23.71050120671269	23.70460795869114	26.18538474490655	0.0
195.0	26.269367091449435	23.7473304914702	23.7094452192996	26.273857197780764	0.0
196.0	26.27196650371277	23.68818369076551	23.779950496438772	26.25989930908295	0.0
197.0	26.222294563027237	23.648053252810534	23.782195555904785	26.347456628257444	0.0
198.0	26.209666103530914	23.684254836699985	23.738416896317542	26.367662163451556	0.0
199.0	26.29918784973817	23.692954442130787	23.796507810000616	26.211349898130425	0.0
200.0	26.11593487082489	23.850950502051425	23.617464317586112	26.415650309537575	0.0
201.0	26.29729722145048	23.748866943371024	23.719119821966284	26.23471601321221	0.0
202.0	26.207775224015467	23.754760241007812	23.727538818590265	26.309925716386456	0.0
203.0	26.30038418687927	23.70845575957591	23.679550537833567	26.311609515711247	0.0
204.0	26.27821416243612	23.767108102722982	23.77328203358057	26.181395701260325	0.0
205.0	26.23471601321221	23.68937270056155	23.74577997794223	26.33013130828401	0.0
206.0	26.41207620875744	23.58806410785296	23.863645930677983	26.13621375271162	0.0
207.0	26.215071687756254	23.803590421426907	23.676182939183974	26.305154951632865	0.0
208.0	26.35594956459756	23.746902510825425	23.658783679494412	26.238364245082607	0.0
209.0	26.34668866831118	23.794610158361326	23.63661365505126	26.22208751827624	0.0
210.0	26.26277933529215	23.801345355660512	23.645874551337638	26.2900007577097	0.0
211.0	26.280178594981717	23.72052298807028	23.762898604410992	26.23639981253701	0.0
212.0	26.18841153178031	23.7123846246671	23.729222617915063	26.369981225637527	0.0
213.0	26.26004669749899	23.66249831619595	23.918717165821025	26.158737820484035	0.0
214.0	26.197538832839882	23.749561508131393	23.77762498772223	26.275274671306498	0.0
215.0	26.238230878246593	23.698766610071985	23.822526555067565	26.240475956613864	0.0
216.0	26.255068966001094	23.79249863190537	23.70073105364334	26.251701348450197	0.0
217.0	26.275274671306498	23.71784977619375	23.791937362313554	26.2149381901862	0.0
218.0	26.14878176093216	23.923622219602958	23.662350491392907	26.26524552807198	0.0
219.0	26.397424887886086	23.712303625250467	23.692939769991074	26.197331716872373	0.0
220.0	26.274580238148026	23.737346807620963	23.704231715838837	26.28384123839218	0.0
221.0	26.279986080396935	23.694756575328626	23.773054342579393	26.252203001695047	0.0
222.0	26.219368454138277	23.6473288955244	23.775580077006836	26.357722573330488	0.0
223.0	26.209826790745712	23.674550699909076	23.74414871524309	26.37147379410213	0.0
224.0	26.310294893526258	23.691388929425365	23.78736683766824	26.21094933938013	0.0
225.0	26.132370934970755	23.847703826768292	23.607478419002504	26.412446819258445	0.0
226.0	26.2966174708347	23.747021729796174	23.71839665928589	26.237964140083236	0.0
227.0	26.21130353519621	23.75936979942806	23.722325590532396	26.307001074843335	0.0
228.0	26.306439798950976	23.707451779384897	23.676300967359	26.30980745430513	0.0
229.0	26.277814728440692	23.76329873067457	23.76806957575962	26.190816965125123	0.0
230.0	26.238525415975595	23.6844394677982	23.742250884711126	26.33478423151508	0.0
231.0	26.4184143394765	23.587338738420176	23.85647052880608	26.13777639329724	0.0
232.0	26.22533543250517	23.80090421546259	23.667881828973623	26.305878523058617	0.0
233.0	26.354428887747627	23.750670023096504	23.662830345942396	26.23207074321347	0.0
234.0	26.350499956501118	23.793607628861928	23.63869548257098	26.217196932065974	0.0
235.0	26.260134537831398	23.795852732431364	23.655253121395557	26.28875960834168	0.0
236.0	26.267711762378237	23.730183453025415	23.761614902997493	26.24048988159885	0.0
237.0	26.18408165441682	23.71895793517825	23.724570694101832	26.3723897163031	0.0
238.0	26.265259731148095	23.662335475542335	23.91098139365195	26.161423399657618	0.0
239.0	26.19629611959734	23.74855821445911	23.772693213294456	26.282452452649096	0.0
240.0	26.241727894745704	23.705790894650285	23.814401742263932	26.238079468340082	0.0
241.0	26.251887443797678	23.794702246970267	23.697593614405758	26.2558166948263	0.0
242.0	26.271015184260012	23.725055432372503	23.794100311543968	26.209829071823513	0.0
243.0	26.14088317928826	23.91988346277236	23.66446709198638	26.274766265952998	0.0
244.0	26.396615897646065	23.715382844824198	23.69657603844448	26.191425219085257	0.0
245.0	26.266709334770578	23.752379027504084	23.704096699397596	26.276814938327746	0.0
246.0	26.276767767509234	23.69965076976632	23.776571255319865	26.247010207404582	0.0
247.0	26.202855747149023	23.65536758058811	23.783106958567522	26.35866971369535	0.0
248.0	26.211135822437885	23.67906725973851	23.745619355708317	26.364177562115287	0.0
249.0	26.311104371658356	23.693107786314417	23.789987419688188	26.20580042233904	0.0
