# Position (bp)	A	C	G	T	N
0.0	26.277916197367375	23.675153873283502	23.75934332229769	26.287586607051434	0.0
1.0	26.152695334609444	23.853135336998598	23.808480925171153	26.18568840322081	0.0
2.0	26.222437054834447	23.72851476421331	23.776283427401584	26.27276475355066	0.0
3.0	26.21311195769603	23.80224029112413	23.705862284642066	26.278785466537784	0.0
4.0	26.15371494363975	23.75573907975722	23.83334991684553	26.257196059757504	0.0
5.0	26.30714169976036	23.67651281059984	23.76463631996225	26.25170916967755	0.0
6.0	26.22749044187666	23.751332452138318	23.781463636492845	26.239713469492177	0.0
7.0	26.1727987993451	23.82663270875023	23.619417409496087	26.38115108240859	0.0
8.0	26.30066511284179	23.67176397021204	23.764140753794553	26.263430163151614	0.0
9.0	26.229908906163402	23.792686912899512	23.715946395327357	26.261457785609732	0.0
10.0	26.20179053573966	23.8834730709109	23.771209322154327	26.14352707119511	0.0
11.0	26.11254796077874	23.73767230353844	23.843683387807303	26.306096347875513	0.0
12.0	26.20605371607219	23.841409691629956	23.803041068637203	26.149495523660647	0.0
13.0	26.132158590308368	23.860451897115247	23.847378144095497	26.160011368480884	0.0
14.0	26.3080858320307	23.789683103595284	23.72744067074037	26.17479039363365	0.0
15.0	26.272843541281798	23.77035668608782	23.639050731845956	26.317749040784427	0.0
16.0	26.12164274548813	23.966178769361942	23.730851215006396	26.181327270143527	0.0
17.0	26.32911752167117	23.80162000852636	23.776609350575526	26.092653119226945	0.0
18.0	26.247548671308795	23.736251243427596	23.74705130027	26.269148784993607	0.0
19.0	26.23561176637772	23.78001989484155	23.74960920846952	26.234759130311215	0.0
20.0	26.299275259343467	23.73994599971579	23.688503623703284	26.27227511723746	0.0
21.0	26.24783288333096	23.689356259769788	23.69845104447918	26.364359812420062	0.0
22.0	26.26602245274975	23.690208895836292	23.776609350575526	26.26715930083843	0.0
23.0	26.3080858320307	23.783146227085407	23.74733551229217	26.16143242859173	0.0
24.0	26.292454170811425	23.687935199658945	23.781156742930225	26.238453886599405	0.0
25.0	26.292454170811425	23.660650845530764	23.75500923689072	26.29188574676709	0.0
26.0	26.168463355227072	23.839636664383505	23.811215542942893	26.180684437446534	0.0
27.0	26.226652115093845	23.726168957402543	23.775053147346043	26.27212578015757	0.0
28.0	26.208746859475006	23.796368927844664	23.708547912190355	26.286336300489978	0.0
29.0	26.1450837283858	23.76283209986017	23.846105749008107	26.245978422745925	0.0
30.0	26.309925764241783	23.678705819492286	23.757147891727204	26.254220524538724	0.0
31.0	26.222388958994124	23.75885315416709	23.78357945954549	26.23517842729329	0.0
32.0	26.165546877664475	23.82763207257597	23.63380057524186	26.373020474517695	0.0
33.0	26.29400998146948	23.671032138512786	23.75998999579369	26.274967884224047	0.0
34.0	26.213010015574728	23.796084717438013	23.72645316780919	26.264452099178065	0.0
35.0	26.21130475313484	23.866284687880132	23.783295249138842	26.139115309846183	0.0
36.0	26.116378477314324	23.737253163261826	23.83530575355547	26.311062605868372	0.0
37.0	26.20675738662847	23.829905755829156	23.812284710616964	26.151052146925412	0.0
38.0	26.150483726112117	23.859463638120573	23.823937337289543	26.16611529847777	0.0
39.0	26.310494185055077	23.783011038732194	23.739526846515012	26.166967929697716	0.0
40.0	26.283209986016846	23.755442629287312	23.646305833134388	26.315041551561453	0.0
41.0	26.117231108534273	23.96291622614054	23.724747905369302	26.19510475995589	0.0
42.0	26.332946807180292	23.806600502484	23.769368939213077	26.09108375112263	0.0
43.0	26.24853631640576	23.734126848788694	23.760558416606983	26.25677841819856	0.0
44.0	26.24256789786615	23.781305776292307	23.74634789627457	26.229778429566974	0.0
45.0	26.301683662448983	23.74606368586792	23.690642656571512	26.261609995111577	0.0
46.0	26.25734683901186	23.695758443891183	23.685526869251845	26.36136784784512	0.0
47.0	26.268999465684434	23.675295294612507	23.783863669952137	26.27184156975092	0.0
48.0	26.31020997464843	23.798074190284552	23.742084740174846	26.14963109489217	0.0
49.0	26.295146823096076	23.694905812671237	23.76709525595989	26.242852108272796	0.0
50.0	26.291452087809645	23.652842672487296	23.77107420165297	26.284631038050087	0.0
51.0	26.168314608657596	23.853143216058978	23.806532841840202	26.17200933344323	0.0
52.0	26.22252411511593	23.73626561016785	23.771791709061144	26.269418565655073	0.0
53.0	26.206608422811733	23.789696862903366	23.7095499838001	26.294144730484803	0.0
54.0	26.15289296128508	23.764686489282486	23.85080175299982	26.23161879643261	0.0
55.0	26.31773406014995	23.665497621172417	23.770086456314267	26.24668186236337	0.0
56.0	26.221955697533637	23.755591807965803	23.77776009367522	26.244692400825343	0.0
57.0	26.17904017007054	23.823517709049778	23.628550478323397	26.368891642556285	0.0
58.0	26.308070961250973	23.676581764027123	23.75672864313039	26.258618631591514	0.0
59.0	26.222808323907078	23.78514952224502	23.732855104674098	26.259187049173804	0.0
60.0	26.21257680742581	23.87126478596236	23.784296895871584	26.13186151074025	0.0
61.0	26.108272181075105	23.738823489288173	23.849380709044095	26.303523620592635	0.0
62.0	26.214282060172682	23.82380191784092	23.815275654106532	26.146640367879858	0.0
63.0	26.147492994253298	23.859328016734214	23.838012357398238	26.15516663161425	0.0
64.0	26.318870895314532	23.771791709061144	23.738539280497022	26.170798115127297	0.0
65.0	26.281355334883216	23.75047604972517	23.65071876403281	26.317449851358806	0.0
66.0	26.120777367885545	23.95396954418594	23.728307764015756	26.196945323912757	0.0
67.0	26.3291024117958	23.803338884878386	23.77434958818146	26.09320911514435	0.0
68.0	26.23872401621127	23.743086621155367	23.750760258516316	26.267429104117046	0.0
69.0	26.223660950280514	23.780033764004386	23.748486588187145	26.247818697527954	0.0
70.0	26.295281565649386	23.745644500275684	23.69448691786934	26.26458701620559	0.0
71.0	26.249808159065974	23.678287016774004	23.705855269515197	26.366049554644828	0.0
72.0	26.266008060161315	23.686813280508392	23.780317972795533	26.266860686534756	0.0
73.0	26.323134027181727	23.78742319257419	23.737118236541292	26.152324543702786	0.0
74.0	26.28107112609207	23.688234324464126	23.781739016751267	26.248955532692538	0.0
75.0	26.274250115104557	23.664360786007833	23.787138983783045	26.274250115104557	0.0
76.0	26.154808088559207	23.88171263730798	23.810092225490614	26.153387048642195	0.0
77.0	26.220954026647263	23.727604474557772	23.777909144650085	26.27353235414488	0.0
78.0	26.21129098267473	23.787287981446955	23.70998362966668	26.29143740621163	0.0
79.0	26.14279705334	23.74778318402983	23.850950388795418	26.258469373834753	0.0
80.0	26.30479514346778	23.675310354235823	23.765688236096587	26.25420626619981	0.0
81.0	26.21953299076895	23.77137237960984	23.779614387704058	26.229480241917148	0.0
82.0	26.189975444500025	23.82480332863444	23.6258583056705	26.359362921195036	0.0
83.0	26.303089900413806	23.67815242599245	23.754604156245737	26.264153517348003	0.0
84.0	26.211575189850393	23.794677368014188	23.738688554408622	26.255058887726797	0.0
85.0	26.20134373152653	23.87482379155109	23.780182802055386	26.143649674866992	0.0
86.0	26.1115342640171	23.741814833340914	23.856066117957347	26.290584784684647	0.0
87.0	26.216690919012326	23.827076986039746	23.799508890000453	26.15672320494748	0.0
88.0	26.139670774407715	23.854360874903367	23.85237142467373	26.153596926015187	0.0
89.0	26.313605565913328	23.78956163885226	23.729878131963076	26.166954663271337	0.0
90.0	26.286890091401027	23.75602519212405	23.640637078804964	26.316447637669953	0.0
91.0	26.11551316447638	23.953549179209677	23.725046609976808	26.205891046337136	0.0
92.0	26.327247510345142	23.793540539311536	23.78700377427129	26.092208176072027	0.0
93.0	26.25221681597017	23.74465690509754	23.7426674548679	26.260458824064393	0.0
94.0	26.224080305579555	23.781035423582374	23.75375153471875	26.241132736119322	0.0
95.0	26.294847892319584	23.748067391205492	23.68809967714065	26.268985039334275	0.0
96.0	26.243406393524626	23.67786821881679	23.713678322950297	26.365047064708293	0.0
97.0	26.261311445591378	23.68724705561366	23.787287981446955	26.264153517348003	0.0
98.0	26.309342458278383	23.79894047564913	23.7426674548679	26.149049611204582	0.0
99.0	26.28973216315765	23.692931199126914	23.785014324041654	26.232322313673777	0.0
100.0	26.27381656132054	23.656836887817747	23.80235096175708	26.266995589104635	0.0
101.0	26.15920672318584	23.873334905941903	23.80114648848822	26.166311882384036	0.0
102.0	26.223078628310287	23.732301098738695	23.776352960569323	26.2682673123817	0.0
103.0	26.21512087262475	23.791984266380187	23.70984885948309	26.283046001511973	0.0
104.0	26.158279760585234	23.735995771021265	23.858772573026616	26.246951895366884	0.0
105.0	26.31914010765707	23.6612497086893	23.762142682559443	26.25746750109419	0.0
106.0	26.23387843959779	23.762142682559443	23.780616043972284	26.223362833870485	0.0
107.0	26.19266863336914	23.818983794598957	23.64107111391527	26.347276458116625	0.0
108.0	26.291003757197508	23.661818119809695	23.780900249532483	26.266277873460314	0.0
109.0	26.215973489305345	23.787152771856828	23.735427359900868	26.26144637893696	0.0
110.0	26.20147900573527	23.857067339665434	23.78942641633841	26.15202723826089	0.0
111.0	26.12104883219935	23.730027454257115	23.86587771203156	26.283046001511973	0.0
112.0	26.215973489305345	23.8138680945154	23.812162861154214	26.15799555502504	0.0
113.0	26.1267329434033	23.86360406754998	23.85848836746642	26.151174621580296	0.0
114.0	26.311182351971535	23.786300155176235	23.74707978786897	26.15543770498326	0.0
115.0	26.280488151470195	23.762995299240032	23.652155130762978	26.30436141852679	0.0
116.0	26.14094322141318	23.94687629668787	23.719796054090004	26.192384427808946	0.0
117.0	26.335339824588328	23.784310716254854	23.773226699407147	26.107122759749675	0.0
118.0	26.258604323334982	23.722069698571584	23.74594296562818	26.273383012465256	0.0
119.0	26.212847228143172	23.776352960569323	23.773510904967345	26.23728890632016	0.0
120.0	26.29413001835968	23.74480614338739	23.695922787033403	26.265141051219526	0.0
121.0	26.246099278686287	23.674607370018588	23.704448953839332	26.374844397455792	0.0
122.0	26.25405703437182	23.685407181306097	23.797099966463744	26.263435817858337	0.0
123.0	26.31914010765707	23.791415855259793	23.73656418214166	26.15287985494148	0.0
124.0	26.281909179271185	23.683417742384712	23.78374230513446	26.250930773209646	0.0
125.0	26.270825162423478	23.664660175411672	23.80335248878809	26.26116217337676	0.0
126.0	26.148122674836653	23.878166414196677	23.79858863117687	26.175122279789804	0.0
127.0	26.240280114592334	23.721636123868855	23.76028829975899	26.277795461779817	0.0
128.0	26.21441726160702	23.78757218862262	23.713109908598973	26.284900641171387	0.0
129.0	26.16013369105543	23.730162339138737	23.85549770360602	26.25420626619981	0.0
130.0	26.313037151562003	23.652289573007142	23.772793415488156	26.261879859942706	0.0
131.0	26.21441726160702	23.762561957164294	23.799224682824793	26.22379609840389	0.0
132.0	26.194238552134962	23.820256013823837	23.63296348506207	26.35254194897913	0.0
133.0	26.290584784684647	23.65342640170979	23.77989859487972	26.276090218725844	0.0
134.0	26.2039015961075	23.787856395798283	23.75090946296212	26.2573325451321	0.0
135.0	26.206743667864124	23.85833977536265	23.7816038379337	26.153312718839526	0.0
136.0	26.123755172570597	23.717657223409578	23.886476285753265	26.27211131826656	0.0
137.0	26.236091571812253	23.81833425700928	23.81549217717526	26.130081994003213	0.0
138.0	26.1411661053559	23.84959713518353	23.864375950320444	26.14486080914013	0.0
139.0	26.313680351281064	23.78678717085163	23.740461269557063	26.15907120831024	0.0
140.0	26.282492170047806	23.75587601675695	23.648160884912492	26.313470928282754	0.0
141.0	26.132145719531398	23.94061173100206	23.738255071705876	26.188987477760662	0.0
142.0	26.34189180739739	23.793391577188267	23.770939082687708	26.09377753272664	0.0
143.0	26.256629170053486	23.710971027755832	23.752181302472046	26.280218499718632	0.0
144.0	26.21001892830549	23.771507500269998	23.776623258510632	26.24185031291388	0.0
145.0	26.28938789778686	23.739743586099877	23.706775272628057	26.264093243485203	0.0
146.0	26.25272485952941	23.67153328236508	23.707059482226953	26.36868237587856	0.0
147.0	26.262462626331523	23.686947921285086	23.80489524004411	26.245694212339277	0.0
148.0	26.311062605868372	23.803758398417514	23.73497948000864	26.15019951570547	0.0
149.0	26.295431033502727	23.683821606811957	23.777895251412527	26.242852108272796	0.0
150.0	26.27297841137751	23.655968986960428	23.80631629207735	26.264736309584713	0.0
151.0	26.146863302932204	23.874878854969857	23.81377344387255	26.164484398225383	0.0
152.0	26.23134858604519	23.709535313343753	23.76410402160011	26.29501207901094	0.0
153.0	26.212590592582064	23.799914736393347	23.71408270569845	26.273411965326133	0.0
154.0	26.15944294443655	23.730567002984227	23.849083416228506	26.260906636350718	0.0
155.0	26.3188858888731	23.64814551655535	23.779735682819382	26.253232911752168	0.0
156.0	26.222538013357966	23.74733551229217	23.802756856615034	26.22736961773483	0.0
157.0	26.184453602387382	23.82549381838852	23.62682961489271	26.36322296433139	0.0
158.0	26.283075174079862	23.664345601818955	23.79025152763962	26.26232769646156	0.0
159.0	26.215716924825923	23.771493534176496	23.74563024015916	26.26715930083843	0.0
160.0	26.214864288759415	23.8428307517408	23.788546255506606	26.15375870399318	0.0
161.0	26.11880062526645	23.71237743356544	23.872104590024158	26.296717351143954	0.0
162.0	26.229717861923724	23.81419302030132	23.824993107838875	26.131096009936076	0.0
163.0	26.137348692194664	23.845456431594236	23.86648818100947	26.150706695201638	0.0
164.0	26.309865879965557	23.779803267879117	23.748539856586206	26.161790995569124	0.0
165.0	26.282656146972556	23.754575839567085	23.655101066369568	26.30766694709079	0.0
166.0	26.131170278074624	23.93334621768491	23.74008094404402	26.195402560196445	0.0
167.0	26.347456856369796	23.77304972601805	23.787260407903414	26.09223300970874	0.0
168.0	26.25395056956413	23.7275755439849	23.757702189581863	26.2607716968691	0.0
169.0	26.220981787590098	23.773902366931175	23.77930242604761	26.225813419431116	0.0
170.0	26.293815209451836	23.730485125636996	23.721106048936043	26.254593615975125	0.0
171.0	26.25175147152029	23.672789593203863	23.721106048936043	26.3543528863398	0.0
172.0	26.274279088010093	23.682520193493744	23.80444853714409	26.23875218135207	0.0
173.0	26.322595681065014	23.810701272715903	23.732257862814983	26.134445183404104	0.0
174.0	26.292468864219003	23.674277951149083	23.7805744558699	26.252678728762014	0.0
175.0	26.28081603883517	23.65409866816732	23.80046952359839	26.264615769399114	0.0
176.0	26.150151345052507	23.863633133908397	23.81787434807941	26.168341172959686	0.0
177.0	26.237764463796452	23.712213367287777	23.75854071690863	26.291481452007137	0.0
178.0	26.222132536010278	23.77900433146508	23.719603005877605	26.279260126647035	0.0
179.0	26.155341571832974	23.732392764975387	23.848353247461944	26.263912415729703	0.0
180.0	26.32217687384182	23.640874933209037	23.78497288571071	26.251975307238435	0.0
181.0	26.21957458419072	23.75910915064631	23.79975216289037	26.2215641022726	0.0
182.0	26.191721331044437	23.81509987380771	23.640306499471357	26.352872295676494	0.0
183.0	26.280396994122395	23.66844396948648	23.786393970054913	26.264765066336217	0.0
184.0	26.232080126419667	23.765361921760782	23.74489830720433	26.257659644615227	0.0
185.0	26.20905856004366	23.84408999442935	23.79577312672662	26.151078318800376	0.0
186.0	26.12009868009686	23.713066017894295	23.868248428280715	26.29858687372813	0.0
187.0	26.230449376568526	23.805504159525697	23.823694090830287	26.140352373075494	0.0
188.0	26.142057679135295	23.848136811020826	23.85666334131985	26.15314216852403	0.0
189.0	26.304630190170048	23.7839036161015	23.743544706019446	26.167921487709005	0.0
190.0	26.27770419677014	23.75213874409536	23.654367585450288	26.31578947368421	0.0
191.0	26.127921055473763	23.946544187447774	23.726843298980793	26.198691458097667	0.0
192.0	26.34733772545631	23.77572887830333	23.779139500116532	26.09779389612383	0.0
193.0	26.243029541669273	23.726843298980793	23.760381080143926	26.26974607920601	0.0
194.0	26.216028785648106	23.784823869805198	23.777149970725496	26.221997373821203	0.0
195.0	26.28516858467319	23.738847945520845	23.722363226571094	26.25362024323487	0.0
196.0	26.245946322344466	23.683709402826842	23.721226349402144	26.34911792542654	0.0
197.0	26.26733742610277	23.679229195088677	23.80457025920873	26.248863119599818	0.0
198.0	26.328728967712596	23.790927694406548	23.725272851296044	26.155070486584815	0.0
199.0	26.286095952705775	23.66217598908595	23.783537971805366	26.26819008640291	0.0
200.0	26.284674852205548	23.639438381082307	23.80712824010914	26.268758526603005	0.0
201.0	26.16026080110505	23.858071447451817	23.826238705771672	26.155429045671458	0.0
202.0	26.237508384588278	23.711331415773255	23.75027001216476	26.30089018747371	0.0
203.0	26.227290297642057	23.782373405488983	23.721833147638645	26.268503149230316	0.0
204.0	26.169876531981174	23.719559335137223	23.863946428977467	26.246617703904136	0.0
205.0	26.326201141453875	23.639123217899453	23.764182905477615	26.27049273516906	0.0
206.0	26.21038569763806	23.764886450842738	23.79046698689708	26.234260864622115	0.0
207.0	26.183668248870195	23.828837790978596	23.634994173322344	26.352499786828865	0.0
208.0	26.286558849444337	23.654037461273912	23.794730409572807	26.26467327970895	0.0
209.0	26.21494716138091	23.77027280530717	23.753218920716492	26.261561112595434	0.0
210.0	26.21481195143026	23.84743508117695	23.794283505389057	26.143469462003726	0.0
211.0	26.113909227340944	23.714129792168812	23.863920596661966	26.308040383828278	0.0
212.0	26.236204000306973	23.80373085329839	23.818511012639878	26.141554133754756	0.0
213.0	26.163873105926022	23.831721244610186	23.851333490610283	26.153072158853508	0.0
214.0	26.319918367578964	23.7691894457693	23.746734845276432	26.1641573413753	0.0
215.0	26.290148371326243	23.74850775964982	23.650730487180947	26.31061338184299	0.0
216.0	26.1463248251947	23.94633619464499	23.724916150304132	26.18242282985618	0.0
217.0	26.35368287012035	23.758022613965174	23.785025211899335	26.103269304015143	0.0
218.0	26.232029060480134	23.73215696752298	23.75660142460022	26.279212547396664	0.0
219.0	26.23060787111518	23.773655696979688	23.787299114883265	26.208437317021872	0.0
220.0	26.307711111174275	23.735066810301948	23.711759238467724	26.24546284005605	0.0
221.0	26.23920958907614	23.692431008166174	23.720002160213973	26.348357242543706	0.0
222.0	26.270699858447934	23.67898946602466	23.804339793186173	26.245970882341236	0.0
223.0	26.33778075915114	23.791548943475814	23.725889248295974	26.14478104907707	0.0
224.0	26.301682138857462	23.655397454336665	23.784442915858946	26.25847749094692	0.0
225.0	26.2941571066365	23.645583436608188	23.793105408570487	26.26715404818483	0.0
226.0	26.1680277194289	23.84689506581659	23.810227650641963	26.174849564112552	0.0
227.0	26.235468008299932	23.70285097069441	23.761405303999318	26.30027571700634	0.0
228.0	26.219415135528468	23.801619064944514	23.7146398035292	26.264325995997815	0.0
229.0	26.163418682917953	23.729704839003094	23.860742223030744	26.246134255048208	0.0
230.0	26.33339776241586	23.633913953065306	23.77092050209205	26.261767782426777	0.0
231.0	26.225100054575222	23.75301300709478	23.80218755684919	26.219699381480808	0.0
232.0	26.198096689103146	23.825779970893215	23.632776969255957	26.34334637074768	0.0
233.0	26.283086228852103	23.655800891395305	23.792238948517372	26.26887393123522	0.0
234.0	26.222826086956523	23.756992450427504	23.765519828997636	26.254661633618337	0.0
235.0	26.21571993814808	23.841413498271784	23.796502637802437	26.1463639257777	0.0
236.0	26.10273844107264	23.727281513106654	23.868552554532897	26.30142749128781	0.0
237.0	26.234988132630292	23.802959025596564	23.820298176546668	26.141754665226475	0.0
238.0	26.144597148988787	23.841616804764	23.860092949219027	26.153693097028185	0.0
239.0	26.31955952621211	23.75789859665779	23.76870009636075	26.153841780769348	0.0
240.0	26.2828603265566	23.751819256833585	23.657729567471687	26.30759084913813	0.0
241.0	26.14353816721199	23.93534613864876	23.729820541757512	26.191295152381738	0.0
242.0	26.346910463714725	23.761968115348754	23.779309090082098	26.111812330854427	0.0
243.0	26.247199699785075	23.725508034160818	23.75137882802461	26.275913438029498	0.0
244.0	26.22470766510205	23.781404856469464	23.771454239957695	26.22243323847079	0.0
245.0	26.30000199027042	23.733406120365867	23.71520936223206	26.25138252713165	0.0
246.0	26.233195332226288	23.67524624098633	23.735811287277357	26.355747139510022	0.0
247.0	26.27853472228147	23.67582109756479	23.79668574906223	26.248958431091506	0.0
248.0	26.33878662194799	23.782824274388318	23.746127653037714	26.132261450625975	0.0
249.0	26.296969541804277	23.654528334627674	23.802737169694847	26.245764953873202	0.0
