# Position (bp)	A	C	G	T	N
0.0	26.237250282570507	23.674097476611333	23.791483393024933	26.29716884779323	0.0
1.0	26.184140645214004	23.754987539662004	23.771328966540928	26.289542848583064	0.0
2.0	26.208898802471857	23.780615677078654	23.79232677784042	26.21815874260907	0.0
3.0	26.292339242285184	23.773159432762412	23.642979113956798	26.291522210995605	0.0
4.0	26.16641974770692	23.668816314080917	23.91092398527201	26.25383995294015	0.0
5.0	26.199819717266564	23.831906775853007	23.699554195113848	26.26871931176658	0.0
6.0	26.222584106270457	23.81200063178419	23.71941156927568	26.246003692669667	0.0
7.0	26.37376402765637	23.669397991944905	23.710789960269157	26.24604802012957	0.0
8.0	26.335954774690386	23.65124663696668	23.746010652782466	26.26678793556047	0.0
9.0	26.206224250560258	23.8020809223371	23.80970534335763	26.181989483745006	0.0
10.0	26.30524166099387	23.79496255956433	23.846698434309054	26.05309734513274	0.0
11.0	26.290265486725662	23.691763104152486	23.829816201497618	26.188155207624238	0.0
12.0	26.27501701837985	23.744588155207623	23.76582709326072	26.214567733151807	0.0
13.0	26.184887678692988	23.75439074200136	23.806671204901296	26.254050374404358	0.0
14.0	26.236895847515317	23.73151803948264	23.67569775357386	26.35588835942818	0.0
15.0	26.260241633106514	23.76821302052275	23.704496379860096	26.267048966510643	0.0
16.0	26.26051392644268	23.76766843385042	23.74561267362104	26.226204966085863	0.0
17.0	26.261875393123503	23.75405376704216	23.71212059327272	26.271950246561616	0.0
18.0	26.210139659252118	23.756232113731482	23.81341371432617	26.220214512690234	0.0
19.0	26.205510672537315	23.953372489115075	23.70531325986859	26.13580357847902	0.0
20.0	26.13498669847053	23.804428034232718	23.787818140726642	26.272767126570113	0.0
21.0	26.30625920691843	23.662835499426823	23.7709359538844	26.25996933977035	0.0
22.0	26.198703339133182	23.811779954309177	23.83084048784074	26.1586762187169	0.0
23.0	26.194618939090702	23.785367500701156	23.77502035392688	26.244993206281265	0.0
24.0	26.22865560611135	23.84391056797667	23.779377047305523	26.14805677860646	0.0
25.0	26.246283206081927	23.673935063662007	23.781218345985863	26.298563384270203	0.0
26.0	26.189918638972692	23.755078256891725	23.762430156949453	26.292572947186127	0.0
27.0	26.206528487251262	23.782852101554248	23.789659416422513	26.22095999477198	0.0
28.0	26.290122313833553	23.774683323712328	23.63880931894176	26.296385043512355	0.0
29.0	26.164050842473287	23.667127748793742	23.910557328482895	26.258264080250072	0.0
30.0	26.199448879788267	23.834859987147787	23.695990763835187	26.26970036922876	0.0
31.0	26.218237068824674	23.81280428697461	23.714778952871598	26.254179691329117	0.0
32.0	26.373443847821115	23.676113404419855	23.714778952871598	26.235663794887433	0.0
33.0	26.346759173537514	23.65106248570464	23.739829871586814	26.26234846917103	0.0
34.0	26.21034058357749	23.800006535022273	23.796194438696045	26.19345844270419	0.0
35.0	26.299924847243854	23.792654634964546	23.849291494668513	26.05812902312309	0.0
36.0	26.287127095291517	23.697624519403572	23.82532974633222	26.189918638972692	0.0
37.0	26.277324561881215	23.73819611601843	23.762157864354723	26.222321457745636	0.0
38.0	26.180932983346583	23.757528890244302	23.805452386916887	26.256085739492228	0.0
39.0	26.231851698561204	23.72539836406609	23.68346530447758	26.359284632895125	0.0
40.0	26.261460083375766	23.77434629533319	23.70845166683458	26.255741954456465	0.0
41.0	26.258192581136164	23.77135108494689	23.740582105523984	26.229874228392962	0.0
42.0	26.255197370749865	23.76508837232099	23.72233855135288	26.257375705576262	0.0
43.0	26.20645712900916	23.755013573748887	23.811922571088594	26.226606726153364	0.0
44.0	26.201555875649756	23.95351433480462	23.70300582976858	26.141923959777046	0.0
45.0	26.130759993791745	23.805387566609397	23.789594639117993	26.274257800480864	0.0
46.0	26.29794719171797	23.668697056252775	23.77107879309359	26.262276958935665	0.0
47.0	26.204006502329456	23.816279240741398	23.8247202881937	26.15499396873545	0.0
48.0	26.186579823718255	23.795857351743894	23.78088129981239	26.236681524725462	0.0
49.0	26.22687901800666	23.8519494735237	23.78169817537229	26.139473333097346	0.0
50.0	26.241511324587343	23.678979670745587	23.778093635467553	26.30141536919952	0.0
51.0	26.19032059555512	23.753042853175188	23.763662206538257	26.29297434473144	0.0
52.0	26.201484531141933	23.79170819106123	23.792525064396848	26.214282213399994	0.0
53.0	26.292702053619564	23.779999673250664	23.62915039727273	26.298147875857037	0.0
54.0	26.166903559933996	23.674895304067483	23.912877735844948	26.24532340015357	0.0
55.0	26.19168205111449	23.840720591198462	23.691777353003644	26.27582000468341	0.0
56.0	26.216188251183105	23.809407113333005	23.719823337526616	26.254581297957273	0.0
57.0	26.36485919826605	23.674350721843737	23.725541450875962	26.23524862901425	0.0
58.0	26.341169871533054	23.654201179565096	23.738883715357765	26.265745233544084	0.0
59.0	26.207474935603152	23.801782962200548	23.803961291095536	26.186780811100764	0.0
60.0	26.29787558474516	23.793614228844344	23.851884526785277	26.056625659625222	0.0
61.0	26.293246635843314	23.698040048576736	23.82574458004542	26.182968735534534	0.0
62.0	26.27336938467655	23.740517462029004	23.758488675412657	26.227624477881793	0.0
63.0	26.179156659968307	23.757399510965165	23.806139619990525	26.25730420907601	0.0
64.0	26.219183453413713	23.723635413092843	23.683608619647437	26.373572513846007	0.0
65.0	26.247430259628867	23.785380730010484	23.70451048998652	26.262678520374127	0.0
66.0	26.256688132224205	23.775578276674246	23.74344801296102	26.224285578140528	0.0
67.0	26.259411035928714	23.76659269444936	23.717308137397723	26.256688132224205	0.0
68.0	26.196239669984074	23.757879402594927	23.808253121128374	26.23762780629263	0.0
69.0	26.204136090727154	23.959374276728703	23.70124300554111	26.135246627003035	0.0
70.0	26.128167077371312	23.806619378905665	23.785380730010484	26.279832813712545	0.0
71.0	26.294808784087355	23.67483083960736	23.76604811370846	26.264312262596835	0.0
72.0	26.194605927761366	23.816694122612354	23.827858027800847	26.160841921825433	0.0
73.0	26.185075764795577	23.801990442608	23.78211324556507	26.230820547031353	0.0
74.0	26.222924126288273	23.854270193734596	23.7769397285265	26.145865951450624	0.0
75.0	26.238373232840306	23.68919772583702	23.767072559740345	26.305356481582333	0.0
76.0	26.188271941098307	23.75019060274032	23.76244363604679	26.299093820114578	0.0
77.0	26.19181170627573	23.78749428191779	23.796479839675865	26.224214172130612	0.0
78.0	26.283301021630688	23.78368222711133	23.626298821530487	26.30671792972749	0.0
79.0	26.16839479817893	23.676400113272486	23.908118587579235	26.247086500969353	0.0
80.0	26.18364301740475	23.838140152917855	23.702267628030587	26.27594920164681	0.0
81.0	26.212233428453175	23.808732872982333	23.729768880562876	26.24926481800161	0.0
82.0	26.361448145163045	23.666053107369247	23.731947197595137	26.24055154987257	0.0
83.0	26.335036051146883	23.65352778443375	23.74338336201451	26.268052802404863	0.0
84.0	26.207604504759622	23.798385867079094	23.80192563225652	26.192083995904763	0.0
85.0	26.296915503082317	23.798385867079094	23.84494739364367	26.059751236194916	0.0
86.0	26.28629620755005	23.702539917659614	23.82806543664365	26.18309843814669	0.0
87.0	26.27023111943712	23.74066046572418	23.762715925675824	26.226392489162876	0.0
88.0	26.174657459646678	23.756453264208073	23.813634086304923	26.255255189840334	0.0
89.0	26.224486461759643	23.722144770949964	23.683479643627333	26.36988912366306	0.0
90.0	26.251371655271377	23.77980542236091	23.698663333850682	26.270159588517032	0.0
91.0	26.25872345523707	23.77245362239522	23.743046422532448	26.225776499835263	0.0
92.0	26.273971632943688	23.760472911340017	23.710916333793502	26.254639121922796	0.0
93.0	26.206716277701993	23.745497022521015	23.814930688863654	26.23285601091334	0.0
94.0	26.210800611016268	23.952164288223234	23.705742844928757	26.131292255831745	0.0
95.0	26.128024789180326	23.80975719999891	23.778443977922816	26.283774032897945	0.0
96.0	26.289764388425546	23.678513956166935	23.769730733519033	26.26199092188849	0.0
97.0	26.200453633286774	23.805672866684638	23.833174044334076	26.160699455694512	0.0
98.0	26.187383766681098	23.807306600010346	23.78280060012471	26.222509033183844	0.0
99.0	26.219241566532432	23.85414028868068	23.78388975567518	26.142728389111713	0.0
100.0	26.239319497464997	23.681989228280937	23.774294909845395	26.30439636440867	0.0
101.0	26.187857037831712	23.749788976686688	23.767215418043993	26.295138567437604	0.0
102.0	26.201199156995898	23.790359910471658	23.789543046033035	26.21889788649941	0.0
103.0	26.295138567437604	23.76993829950607	23.63352193825594	26.301401194800384	0.0
104.0	26.175059494959946	23.682533804573353	23.89355711788443	26.248849582582274	0.0
105.0	26.18676788524688	23.828207962794547	23.70295541553894	26.282068736419628	0.0
106.0	26.209640089528342	23.812959826606907	23.730728806452138	26.24667127741261	0.0
107.0	26.363755180281984	23.670553126140206	23.733179399768012	26.2325122938098	0.0
108.0	26.330808314590833	23.65258210849049	23.74815524780944	26.268454329109236	0.0
109.0	26.21100153025938	23.794716520810983	23.799889995588934	26.194391953340702	0.0
110.0	26.29976746592314	23.796622537834438	23.844817539713226	26.058792456529194	0.0
111.0	26.29704458446106	23.69941566963824	23.830930844256628	26.17260890164407	0.0
112.0	26.279618143103754	23.740258891569415	23.7674877061902	26.21263525913663	0.0
113.0	26.177510088275817	23.752511858148768	23.811870674022074	26.258107379553337	0.0
114.0	26.236596616002917	23.717931263580372	23.678177194234028	26.367294926182684	0.0
115.0	26.25504072058139	23.77504703764918	23.701529438352768	26.268382803416664	0.0
116.0	26.25367928355738	23.7785867739116	23.73610993876256	26.231624003768456	0.0
117.0	26.268927378226266	23.76606155329073	23.70479688721039	26.260214181272616	0.0
118.0	26.207934999550726	23.741283399453792	23.811261262487783	26.2395203385077	0.0
119.0	26.216375909099572	23.956118161842188	23.703980024995982	26.123525904062255	0.0
120.0	26.133055963230305	23.8142564239406	23.770418151767554	26.282269461061542	0.0
121.0	26.295339256492014	23.67538984749182	23.772324163601162	26.256946732415	0.0
122.0	26.194320629310653	23.80336492774854	23.840668302206343	26.16164614073447	0.0
123.0	26.188330306405017	23.819429884631827	23.77205187619636	26.22018793276679	0.0
124.0	26.225905968267625	23.849381499159993	23.78239879757882	26.14231373499356	0.0
125.0	26.22951712420151	23.686345838620262	23.778106943892304	26.30603009328592	0.0
126.0	26.183027144479205	23.746041600296248	23.770819889069507	26.300111366155036	0.0
127.0	26.193717733678962	23.791034047095213	23.79457381227264	26.220674406953187	0.0
128.0	26.290925131243604	23.77061232491777	23.629838586707912	26.308623957130724	0.0
129.0	26.179558672969268	23.681301326595072	23.894231816498575	26.24490818393709	0.0
130.0	26.186638203324115	23.825342540353322	23.706624262095104	26.28139499422746	0.0
131.0	26.210055111420914	23.81880758925654	23.72459537761126	26.246541921711287	0.0
132.0	26.370705992550153	23.663874790336987	23.737665279804823	26.227753937308034	0.0
133.0	26.327956520792036	23.64862657111116	23.7458339686758	26.277582939421002	0.0
134.0	26.2032478706951	23.78095933082101	23.80110876336942	26.214684035114473	0.0
135.0	26.290380551985535	23.7967521293049	23.847942579563032	26.064924739146534	0.0
136.0	26.29228657938876	23.703084496917683	23.825887119611387	26.17874180408217	0.0
137.0	26.27540462238874	23.739299017579018	23.76571111159518	26.219585248437056	0.0
138.0	26.18146470037249	23.748284575337095	23.80737142483717	26.26287929945324	0.0
139.0	26.23565033654998	23.714792950966086	23.67667240290152	26.372884309582417	0.0
140.0	26.25260377666744	23.768771017412966	23.703693618875167	26.274931587044424	0.0
141.0	26.240078419626688	23.7774843092674	23.746715497406434	26.23572177369947	0.0
142.0	26.262133939633227	23.7630529196335	23.70859484554329	26.26621829518999	0.0
143.0	26.201957767763545	23.749438401110943	23.808253121128374	26.24035070999714	0.0
144.0	26.211760221099784	23.948754952281114	23.71213462035915	26.12735020625996	0.0
145.0	26.128439367741763	23.814243509278292	23.77503369593334	26.282283427046604	0.0
146.0	26.290452138160138	23.67782603368232	23.762508338892594	26.269213489264953	0.0
147.0	26.183714312943323	23.806074798164765	23.848552095955128	26.161658792936787	0.0
148.0	26.17343854661896	23.81675897335359	23.785445495488137	26.22435698453931	0.0
149.0	26.227896768993663	23.848072451219046	23.78027196436254	26.143758815424746	0.0
150.0	26.232123991155937	23.690272619345844	23.773049568143946	26.304553821354276	0.0
151.0	26.179642805601617	23.74615726029337	23.7709359538844	26.303263980220613	0.0
152.0	26.188972089857042	23.798230088495576	23.800953029271614	26.211844792375764	0.0
153.0	26.292443839346497	23.769639210347172	23.626684819605174	26.311232130701157	0.0
154.0	26.17426820966644	23.67597004765146	23.90633083730429	26.243430905377807	0.0
155.0	26.183253914227368	23.834989788972088	23.70347174948945	26.2782845473111	0.0
156.0	26.205037440435667	23.827637848876787	23.724438393464943	26.242886317222602	0.0
157.0	26.376582709326073	23.67705922396188	23.726889040163375	26.219469026548676	0.0
158.0	26.334377127297483	23.6501021102791	23.742409802586796	26.27311095983662	0.0
159.0	26.21538461538461	23.781892443839347	23.794690265486725	26.20803267528931	0.0
160.0	26.301429543907417	23.791150442477875	23.848876786929885	26.058543226684822	0.0
161.0	26.296255956432944	23.69802586793737	23.8355343771273	26.170183798502382	0.0
162.0	26.274744724302245	23.736147038801906	23.772362151123215	26.216746085772634	0.0
163.0	26.179714091218514	23.756569094622193	23.811572498298162	26.25214431586113	0.0
164.0	26.235262083049694	23.713002042205584	23.68223281143635	26.369503063308375	0.0
165.0	26.255755631737593	23.77596671468132	23.703808587634004	26.264469065947083	0.0
166.0	26.24622531307097	23.765891806376597	23.752277065424277	26.235605815128153	0.0
167.0	26.261201528118523	23.77297147167181	23.705442356548282	26.260384643661382	0.0
168.0	26.19802913009974	23.751187886148088	23.80918668260499	26.24159630114718	0.0
169.0	26.21354993478539	23.95214146260439	23.71796791822442	26.116340684385797	0.0
170.0	26.126687887509565	23.814087989347826	23.777328188776554	26.281895934366055	0.0
171.0	26.28843101002317	23.678212874643634	23.76507492191946	26.268281193413735	0.0
172.0	26.19585077154737	23.806191439595477	23.842678945347707	26.155278843509443	0.0
173.0	26.184213392584848	23.812519060689237	23.782566549034982	26.220700997690933	0.0
174.0	26.221517884372414	23.85581405480765	23.785017209079424	26.137650851740514	0.0
175.0	26.228740408336648	23.68603061707956	23.779428502965313	26.30580047161848	0.0
176.0	26.18524418303857	23.74654522185462	23.769962831352366	26.29824776375444	0.0
177.0	26.192939843809565	23.79671281219026	23.800252693032427	26.210094650967747	0.0
178.0	26.29831937349555	23.762403197873894	23.628704621450588	26.310572807179966	0.0
179.0	26.171700558756577	23.67227238566185	23.91026129766586	26.245765757915716	0.0
180.0	26.18885536591476	23.831022426506628	23.700046835346527	26.280075372232087	0.0
181.0	26.20301488928342	23.831294725032947	23.72455370271536	26.241136682968268	0.0
182.0	26.38082582697062	23.674178475346093	23.73299495703129	26.21200074065199	0.0
183.0	26.333445883390876	23.64477023450349	23.749605167136835	26.272178714968796	0.0
184.0	26.21771900970472	23.7798303035584	23.79616821513762	26.206282471599263	0.0
185.0	26.307032926337804	23.785276274084804	23.846815741033208	26.06087505854418	0.0
186.0	26.299136269074513	23.682892028188345	23.836468397033038	26.18150330570411	0.0
187.0	26.271089520863512	23.73163346439969	23.776290422716233	26.220986592020562	0.0
188.0	26.180686410125148	23.756684928821166	23.806515559137793	26.25611310191589	0.0
189.0	26.237324503599783	23.70984958229406	23.68016904292514	26.37265687118101	0.0
190.0	26.252917005906173	23.769003085150704	23.70637425355963	26.271705655383492	0.0
191.0	26.245837224943703	23.769275384418492	23.755115822493554	26.229771568144255	0.0
192.0	26.261358283207574	23.77227067636415	23.7006559689361	26.265715071492174	0.0
193.0	26.196823356741994	23.747219143727722	23.808758778247647	26.24719872128264	0.0
194.0	26.207443028185693	23.947359105551367	23.726252100108102	26.118945766154834	0.0
195.0	26.124664050778367	23.81910615042356	23.77444907050645	26.281780728291622	0.0
196.0	26.292400399735328	23.67887202751312	23.76546319466947	26.263264378082084	0.0
197.0	26.197095656009783	23.800862099481815	23.84497458086335	26.15706766364505	0.0
198.0	26.188181090398153	23.808823609500003	23.778598308472343	26.224396991629494	0.0
199.0	26.21949559146285	23.86410051137942	23.78077670854641	26.135627188611327	0.0
200.0	26.222906001524887	23.689957520967216	23.773826380568565	26.31331009693933	0.0
201.0	26.183493583197865	23.748294707261483	23.76599435245167	26.30221735708898	0.0
202.0	26.183564881629895	23.80064154580953	23.80173075771026	26.214062814850315	0.0
203.0	26.300382857983106	23.769054400688383	23.626639944668035	26.30392279666048	0.0
204.0	26.16994973287078	23.67347605639939	23.910651947783183	26.245922262946646	0.0
205.0	26.18410948758026	23.84284850696279	23.69689411226507	26.276147893191883	0.0
206.0	26.19799693931456	23.82787184332776	23.73011507523731	26.24401614212037	0.0
207.0	26.37526617615824	23.672386844498664	23.726030530609577	26.226316448733517	0.0
208.0	26.327340852526156	23.64624575888116	23.745636344822703	26.28077704376998	0.0
209.0	26.216241238651772	23.781308034571584	23.784847973248958	26.217602753527686	0.0
210.0	26.2973875252561	23.784031064323408	23.853468322994896	26.065113087425594	0.0
211.0	26.296026010380192	23.693898779538063	23.824876510600753	26.18519869948099	0.0
212.0	26.26552807715977	23.738828770443146	23.773955854241663	26.221687298155423	0.0
213.0	26.184654093530625	23.751899313251897	23.799280030933616	26.264166562283858	0.0
214.0	26.243471536170006	23.70070635391762	23.67592678317603	26.379895326736342	0.0
215.0	26.25715818395205	23.760405405773383	23.69804785465517	26.284388555619397	0.0
216.0	26.2402753535183	23.764489961523484	23.757137761173304	26.238096923784916	0.0
217.0	26.26260425828552	23.77211446559034	23.701315499255248	26.263965776868886	0.0
218.0	26.188537647350348	23.74978556082312	23.803157089291112	26.25851970253542	0.0
219.0	26.203786655484063	23.945299629394643	23.717653722255655	26.133259992865643	0.0
220.0	26.12726931109883	23.805880126457847	23.77674362877379	26.290106933669538	0.0
221.0	26.290651541102882	23.6792588982047	23.756320850023283	26.27376871066913	0.0
222.0	26.19779597371725	23.800434052124377	23.8268475126417	26.174922461516676	0.0
223.0	26.189970482196735	23.80349421080722	23.772179198117833	26.234356108878217	0.0
224.0	26.220468581511618	23.86585193172783	23.771362284743326	26.142317202017228	0.0
225.0	26.22632980606371	23.69116149376147	23.77067482858341	26.31183387159141	0.0
226.0	26.184465992979934	23.752222703297363	23.758213450316283	26.305097853406423	0.0
227.0	26.194340362495645	23.798851951899618	23.798035029627048	26.20877265597769	0.0
228.0	26.29400487974904	23.76290737190659	23.630838271174625	26.312249477169747	0.0
229.0	26.17745730219589	23.674135151620774	23.90096723597072	26.247440310212617	0.0
230.0	26.19107267340537	23.841876524921577	23.690745904496342	26.276304897176715	0.0
231.0	26.19869728128268	23.820091930986408	23.73431509236668	26.246895695364238	0.0
232.0	26.36943403624956	23.673045921924015	23.727235099337747	26.230284942488673	0.0
233.0	26.319874085047058	23.652350557685605	23.750925845242243	26.276849512025098	0.0
234.0	26.233280324154755	23.780062739630534	23.780607354478914	26.206049581735797	0.0
235.0	26.299995643081214	23.78305812129662	23.85195189961659	26.064994336005576	0.0
236.0	26.298089491111888	23.69292436388986	23.8255380794702	26.183448065528058	0.0
237.0	26.26650182990589	23.742756622516556	23.772438131753223	26.21830341582433	0.0
238.0	26.183448065528058	23.753921226908332	23.795311955385152	26.267318752178458	0.0
239.0	26.235731090972465	23.70354435343325	23.674952073893344	26.385772481700943	0.0
240.0	26.24434265920887	23.769273082767373	23.697926594811857	26.2884576632119	0.0
241.0	26.231713560559022	23.766107861398865	23.767469472675185	26.234709105366928	0.0
242.0	26.26401816983568	23.76838906106176	23.699217324524376	26.26837544457819	0.0
243.0	26.18630035512756	23.756236519314147	23.803895509706095	26.253567615852198	0.0
244.0	26.205591187003822	23.955771613764178	23.708212481446683	26.13042471778531	0.0
245.0	26.130071602295413	23.812325181729292	23.774467749007943	26.28313546696735	0.0
246.0	26.284511238877556	23.68729964620618	23.764649488102016	26.263539626814246	0.0
247.0	26.18554117765618	23.803427998681748	23.82848567218571	26.18254515147636	0.0
248.0	26.188777094421233	23.797331822564566	23.77935512689913	26.234535956115074	0.0
249.0	26.204030048319176	23.880405946473026	23.77336289501065	26.142201110197146	0.0
