# Position (bp)	A	C	G	T	N
0.0	26.316096115591737	23.86326749731579	23.616070313865514	26.204566073226964	0.0
1.0	26.347446600137054	23.83635601943175	23.63382634051065	26.182371039920543	0.0
2.0	26.151524314966835	23.6965851682725	23.81532332566714	26.33656719109353	0.0
3.0	26.20902975241001	23.841320479922327	23.67903460711561	26.27061516055205	0.0
4.0	26.239344453290354	23.723900325387735	23.807674490212015	26.2290807311099	0.0
5.0	26.237188466499312	23.61954426306811	23.888603802893083	26.25466346753949	0.0
6.0	26.232709339383735	23.758830822656833	23.816524143822793	26.191935694136635	0.0
7.0	26.200394954347274	23.971288150260158	23.66286874424487	26.165448151147697	0.0
8.0	26.38240987780323	23.660855432847246	23.7637492165096	26.192985472839926	0.0
9.0	26.280058459908652	23.773881066810134	23.75446838367227	26.191592089608946	0.0
10.0	26.288219536679108	23.7478300897913	23.706788976578835	26.257161396950757	0.0
11.0	26.2324085243265	23.75386492519723	23.85979507230703	26.15393147816924	0.0
12.0	26.106512485614854	23.817644856703133	23.71587427034372	26.359968387338295	0.0
13.0	26.167169509949638	23.777369833839874	23.896887547973467	26.158573108237015	0.0
14.0	26.270603633782198	23.76073163697673	23.79428533398407	26.174379395257002	0.0
15.0	26.22789892850012	23.821183752246156	23.702220644674668	26.24869667457905	0.0
16.0	26.311644519377953	23.72911906293675	23.745202653237794	26.214033764447503	0.0
17.0	26.280031945337978	23.73688355480622	23.73577434168201	26.247310158173793	0.0
18.0	26.23205847771591	23.77681522727777	23.787630055238814	26.20349623976751	0.0
19.0	26.224016682565388	23.75962242385252	23.738824677773586	26.277536215808507	0.0
20.0	26.230949264591697	23.756572087760944	23.715253898884132	26.297224748763227	0.0
21.0	26.18075737072121	23.697506488896778	23.91740799077135	26.204328149610667	0.0
22.0	26.259234199259048	23.82645251458615	23.612374381613684	26.301938904541117	0.0
23.0	26.23899105974222	23.642600439248397	23.790125784768286	26.328282716241098	0.0
24.0	26.096457173281273	23.712203562792556	23.901879007032413	26.28946025689376	0.0
25.0	26.32135013421479	23.859728908312444	23.62346651285578	26.19545444461699	0.0
26.0	26.343811699980037	23.835048916298778	23.64038201299998	26.18075737072121	0.0
27.0	26.15413625574018	23.6833640215631	23.82146105552721	26.34103866716951	0.0
28.0	26.21292455132329	23.822292965370366	23.68502784124942	26.279754642056925	0.0
29.0	26.234276903964325	23.719136144818865	23.809814317723006	26.2367726334938	0.0
30.0	26.23899105974222	23.613760898018946	23.89272799875768	26.254520043481154	0.0
31.0	26.235108813807486	23.757681300885153	23.80787319475564	26.19933669055172	0.0
32.0	26.194899838054887	23.973145950262882	23.658684029549438	26.173270182132796	0.0
33.0	26.38207955276527	23.657574816425228	23.76433657963041	26.196009051179093	0.0
34.0	26.27920003549482	23.764613882911462	23.760177030414624	26.196009051179093	0.0
35.0	26.289182953612706	23.7457572597999	23.703884464360982	26.26117532222641	0.0
36.0	26.228935407925864	23.74929634487559	23.874082475313145	26.14768577188541	0.0
37.0	26.098880529758716	23.81363052767895	23.716297345937658	26.371191596624673	0.0
38.0	26.16231025628227	23.77086002362611	23.901191842891926	26.165637877199693	0.0
39.0	26.26518920297933	23.760322557387596	23.794707973534322	26.179780266098753	0.0
40.0	26.24272776178671	23.81578290601135	23.690442518121667	26.251046814080276	0.0
41.0	26.32175875857556	23.731483176103247	23.740634133626166	26.206123931695036	0.0
42.0	26.281550005823334	23.73481079702067	23.7456255650023	26.238013632153688	0.0
43.0	26.235240614722503	23.784725110782045	23.792212257846256	26.1878220166492	0.0
44.0	26.216938699676668	23.763372876561903	23.751171599864676	26.268516823896753	0.0
45.0	26.21804790664914	23.771137325369228	23.716231580231714	26.29458318774992	0.0
46.0	26.174234231236376	23.70181188958954	23.919216456194643	26.20473742297944	0.0
47.0	26.24966030536468	23.834084821057186	23.615016443993365	26.301238429584767	0.0
48.0	26.24272776178671	23.64579693747955	23.785002412525166	26.326472888208574	0.0
49.0	26.101581174539263	23.702366493075775	23.887326755735984	26.30872557664897	0.0
50.0	26.318431137658134	23.85515975353421	23.62361279803005	26.20279631077761	0.0
51.0	26.33645575096085	23.829647993167285	23.642192014819006	26.19170424105286	0.0
52.0	26.155100410961186	23.682955371057464	23.82382465656179	26.338119561419564	0.0
53.0	26.208619647383102	23.820219733901247	23.69016521637855	26.280995402337098	0.0
54.0	26.239122839126168	23.71068554536934	23.809127664176497	26.241063951327998	0.0
55.0	26.243559667016065	23.608915805644752	23.880394212158016	26.26713031518116	0.0
56.0	26.23579521820874	23.75283541032339	23.80413623280036	26.207233138667508	0.0
57.0	26.201132500318895	23.966357752524832	23.655779800231823	26.17672994692445	0.0
58.0	26.397739436190097	23.653006782800638	23.75727223821329	26.19198154279598	0.0
59.0	26.286818738942593	23.767809704451803	23.75976795390136	26.185603602704248	0.0
60.0	26.283491118025164	23.755885729497695	23.70319839830513	26.257424754172003	0.0
61.0	26.23017644660986	23.741954805487232	23.882269098411342	26.14559964949157	0.0
62.0	26.10650021213525	23.82292668994146	23.723098339244466	26.34747475867883	0.0
63.0	26.17103876656869	23.78487050080417	23.89551328267983	26.148577449947314	0.0
64.0	26.270034939825855	23.767123287671232	23.78487050080417	26.17797127169874	0.0
65.0	26.23870001663801	23.829515833841715	23.687538128778215	26.244246020742057	0.0
66.0	26.320780877377846	23.74216626920304	23.727192058122125	26.20986079529699	0.0
67.0	26.274194442903887	23.7368975653042	23.735233764072987	26.253674227718925	0.0
68.0	26.23232211191836	23.786811602240583	23.786811602240583	26.194054683600466	0.0
69.0	26.21402029837502	23.762131883977595	23.7499306749487	26.273917142698682	0.0
70.0	26.216238700016635	23.761022683156785	23.70999944539959	26.312739171426987	0.0
71.0	26.17908047251955	23.70445344129555	23.90882369252953	26.207642393655373	0.0
72.0	26.275303643724694	23.82868393322611	23.604902667627975	26.29110975542122	0.0
73.0	26.2500693250513	23.6340191891742	23.789307304087405	26.326604181687095	0.0
74.0	26.106150518551384	23.708335644168375	23.878043369752096	26.307470467528145	0.0
75.0	26.31301647163219	23.856136653541125	23.62348178137652	26.207365093450168	0.0
76.0	26.341855692973215	23.82091952748045	23.639842493483446	26.197382286062894	0.0
77.0	26.145249847484887	23.677278021185735	23.829515833841715	26.347956297487663	0.0
78.0	26.205701292218958	23.81565082358161	23.696689035549888	26.281958848649552	0.0
79.0	26.240086517664025	23.69419333370307	23.812600521324388	26.253119627308525	0.0
80.0	26.244523320947255	23.60545726803838	23.883866674061338	26.266152736953025	0.0
81.0	26.238422716432808	23.746880372691475	23.803172314347513	26.2115245965282	0.0
82.0	26.1984914868837	23.964561033775166	23.65093450169153	26.186012977649604	0.0
83.0	26.404248239143698	23.648438799844712	23.749098774333095	26.1982141866785	0.0
84.0	26.285563751317177	23.76795518828684	23.75242637679552	26.194054683600466	0.0
85.0	26.283068049470355	23.764350285619212	23.698630136986303	26.25395152792413	0.0
86.0	26.225594183367022	23.75097401426983	23.87714525776369	26.146286544599455	0.0
87.0	26.101641335363162	23.82140807107739	23.72601706500731	26.350933528552133	0.0
88.0	26.173666609358275	23.78972996655778	23.890112084121323	26.14649133996262	0.0
89.0	26.278208206931357	23.769209865177388	23.767823371840873	26.18475855605038	0.0
90.0	26.243268574851232	23.82272850796679	23.69184353699996	26.242159380182017	0.0
91.0	26.32729007104392	23.73953890777601	23.72290098773785	26.210270033442217	0.0
92.0	26.287636361619647	23.727615065082	23.734547531764562	26.250201041533792	0.0
93.0	26.240218289510903	23.775587734525345	23.791393758561597	26.19280021740216	0.0
94.0	26.22441226547465	23.755344931812257	23.742311894449035	26.277930908264054	0.0
95.0	26.209992734774918	23.770041761179293	23.712363638380353	26.307601865665433	0.0
96.0	26.186699646721497	23.706263067699695	23.90564080949027	26.201396476088533	0.0
97.0	26.26572976690274	23.815796041284226	23.61392261148793	26.304551580325104	0.0
98.0	26.244932366855046	23.639988686214373	23.791116459894294	26.32396248703629	0.0
99.0	26.109887915878677	23.704321977028577	23.870423878742837	26.315366228349905	0.0
100.0	26.3039969829905	23.85683624404501	23.630283232858783	26.208883540105703	0.0
101.0	26.33671822573221	23.817737131955344	23.64581195822773	26.19973268408472	0.0
102.0	26.124862043913016	23.68186078497707	23.825501494639816	26.3677756764701	0.0
103.0	26.19640510007709	23.818846326624556	23.688515952992333	26.296232620306025	0.0
104.0	26.236058809501362	23.696557614344105	23.80997276927087	26.257410806883662	0.0
105.0	26.252142132204913	23.6003349767901	23.875415254754287	26.272107636250702	0.0
106.0	26.244932366855046	23.74286649178364	23.800821913249884	26.211379228111433	0.0
107.0	26.213874916117152	23.957218361608554	23.641929776885494	26.1869769453888	0.0
108.0	26.40326990588483	23.641929776885494	23.75451303581035	26.200287281419328	0.0
109.0	26.29262773763109	23.759504411821798	23.746194075791273	26.20167377475584	0.0
110.0	26.2931823349657	23.758395217152586	23.69184353699996	26.256578910881757	0.0
111.0	26.23626335536003	23.74474173860236	23.866198218083706	26.1527966879539	0.0
112.0	26.105933343131195	23.833199768178957	23.710634097104176	26.350232791585672	0.0
113.0	26.183226851235634	23.785438573139892	23.887206619637073	26.1441279559874	0.0
114.0	26.288322463285862	23.755490483162518	23.775455876480766	26.180731177070854	0.0
115.0	26.250887350814146	23.83036070810595	23.68394782377213	26.234804117307775	0.0
116.0	26.328253249922355	23.74495319224455	23.727206175961665	26.199587381871424	0.0
117.0	26.295809485780204	23.731920227161808	23.736356981232532	26.23591330582546	0.0
118.0	26.251164647943565	23.776010470739607	23.785161276010474	26.187663605306362	0.0
119.0	26.2392408713785	23.745507786503396	23.744398597985715	26.270852744132394	0.0
120.0	26.21872088380141	23.770187231021783	23.70751807977284	26.303573805403968	0.0
121.0	26.19265495363592	23.70945915967878	23.900239584719817	26.197646301965484	0.0
122.0	26.26697058432051	23.818436931540884	23.604918141887396	26.30967434225121	0.0
123.0	26.25615599627313	23.63736190602955	23.772128310927727	26.334353786769597	0.0
124.0	26.11667554017481	23.707240782643417	23.854762855494922	26.321320821686854	0.0
125.0	26.305237588180486	23.85809042104796	23.630152180664627	26.206519810106926	0.0
126.0	26.3371267580638	23.822596388482186	23.652058653888815	26.1882181995652	0.0
127.0	26.126103642575092	23.68699809219575	23.82509206264697	26.361806202582187	0.0
128.0	26.197923599094903	23.816218554505525	23.698089977372554	26.287767869027018	0.0
129.0	26.225098717778074	23.703358622831537	23.820655308576246	26.250887350814146	0.0
130.0	26.250887350814146	23.599372199298994	23.873619060295486	26.276121389591374	0.0
131.0	26.23813168286082	23.744121300856293	23.80817693775234	26.209570078530547	0.0
132.0	26.206797107236348	23.957362793380362	23.6614867562891	26.174353343094193	0.0
133.0	26.393972669594923	23.64568081991215	23.75854075158614	26.201805758906783	0.0
134.0	26.287767869027018	23.756876968809618	23.752994808997737	26.20236035316562	0.0
135.0	26.283958593877816	23.75084229236627	23.697601095881293	26.267598017874622	0.0
136.0	26.241882081514717	23.738429713106797	23.87264226808126	26.147045937297225	0.0
137.0	26.10434194253262	23.831602065320475	23.71485932638608	26.349196665760825	0.0
138.0	26.180948974130736	23.78535914436486	23.884632342542446	26.149059538961954	0.0
139.0	26.28909575426833	23.75485620637733	23.76733468100859	26.188713358345744	0.0
140.0	26.247500838830796	23.816971280097388	23.691909234348525	26.243618646723295	0.0
141.0	26.321685768082105	23.739736397693964	23.730308164572584	26.20826966965135	0.0
142.0	26.298115185278647	23.718106921709616	23.738349892823173	26.245428000188564	0.0
143.0	26.24404149531777	23.76552538829069	23.792423582784046	26.19800953360749	0.0
144.0	26.241545786550347	23.749996533737825	23.739736397693964	26.268721282017864	0.0
145.0	26.216384096190424	23.77529685151601	23.697652363442756	26.3106666888508	0.0
146.0	26.195659106475844	23.693558539946814	23.90347654159399	26.20730581198335	0.0
147.0	26.276908742516298	23.813907830191035	23.606208248640527	26.302975178652144	0.0
148.0	26.25694296164629	23.63560231492137	23.77120324333018	26.336251480102156	0.0
149.0	26.12356045333415	23.706037152990568	23.8513436693223	26.319058724352985	0.0
150.0	26.301034061067558	23.866318004974808	23.63698882748179	26.195659106475844	0.0
151.0	26.332442265456883	23.835048916298778	23.649255717993654	26.18325310025068	0.0
152.0	26.12585132107283	23.695288062648356	23.819519932559842	26.35934068371897	0.0
153.0	26.205160059453824	23.81924262927879	23.702775251236773	26.272822060030617	0.0
154.0	26.244814428644318	23.700556824988354	23.803436342258802	26.251192404108526	0.0
155.0	26.253965436919053	23.58935820928633	23.886072720012425	26.270603633782198	0.0
156.0	26.255147456428602	23.75331031709718	23.801006613701592	26.190535612772624	0.0
157.0	26.210501504374474	23.965725219416832	23.654867379338075	26.168905896870626	0.0
158.0	26.405446251542504	23.64682556188733	23.74388197939631	26.203846207173854	0.0
159.0	26.294247327482218	23.765788999348338	23.749982668496873	26.189981004672575	0.0
160.0	26.296538681249203	23.75559462472339	23.689318772981636	26.25854792104577	0.0
161.0	26.24281431895134	23.74484558238333	23.86713734668467	26.145202751980655	0.0
162.0	26.10194308025501	23.83802025994626	23.722106524168566	26.33793013563016	0.0
163.0	26.181325080696148	23.79205350903464	23.88827881490355	26.138342595365653	0.0
164.0	26.285037658203276	23.76820516233514	23.772087451332734	26.174669728128848	0.0
165.0	26.238172883875187	23.831985624438452	23.694718977737846	26.23512251394851	0.0
166.0	26.321160474860722	23.751355338578136	23.734716911020463	26.192767275540678	0.0
167.0	26.293152455138642	23.736935368028153	23.744422660429105	26.225489516404103	0.0
168.0	26.244069093843503	23.77575836566272	23.802934464006924	26.17723807648685	0.0
169.0	26.22881720191564	23.758288016727168	23.751632645704095	26.2612621356531	0.0
170.0	26.21391531016888	23.778320068772356	23.703446937134302	26.30431768392446	0.0
171.0	26.171005160714234	23.702403434190494	23.912603401468072	26.213988003627197	0.0
172.0	26.264735489130885	23.823864629002603	23.59813537654357	26.31326450532294	0.0
173.0	26.243105413342427	23.63141241621812	23.78448679872105	26.3409953717184	0.0
174.0	26.114711501931453	23.704344594838176	23.854645890701562	26.326298012528802	0.0
175.0	26.293298281518208	23.851595495398062	23.644445923423984	26.210660299659743	0.0
176.0	26.332194515928652	23.81755257786849	23.66115005768036	26.189102848522495	0.0
177.0	26.127540154405892	23.68860369154317	23.82476262312539	26.35909353092555	0.0
178.0	26.20601872393291	23.82226683822877	23.689712929275004	26.28200150856331	0.0
179.0	26.225707693672906	23.705796876386547	23.80867867601384	26.2598167539267	0.0
180.0	26.253161327535718	23.588217676812494	23.89103957760227	26.267581418049517	0.0
181.0	26.246024064979327	23.747459145274497	23.808190079504836	26.198326710241343	0.0
182.0	26.20137712246296	23.97152578846223	23.657887950039793	26.169209139035015	0.0
183.0	26.395216953636506	23.65206443579853	23.75272803911183	26.199990571453135	0.0
184.0	26.292334868707485	23.758551553353097	23.747459145274497	26.201654432664924	0.0
185.0	26.28991198149781	23.762222481045793	23.687348518882104	26.260517018574287	0.0
186.0	26.254766295531123	23.74038074901901	23.864616408535653	26.140236546914213	0.0
187.0	26.10224483853524	23.83965835193633	23.71930505677958	26.338791752748854	0.0
188.0	26.1721999755965	23.79452252332198	23.88936340140431	26.143914099677207	0.0
189.0	26.27979722909341	23.766513959911702	23.77344677263702	26.180242038357864	0.0
190.0	26.2357045401604	23.834455524619806	23.6963538951315	26.233486040088295	0.0
191.0	26.317862025551648	23.759647035659714	23.721655116568634	26.200835822220004	0.0
192.0	26.29872740936709	23.73746197341675	23.740789732753196	26.223020884462965	0.0
193.0	26.23993699442323	23.779890904956417	23.799580147697053	26.180591952923297	0.0
194.0	26.232726849194265	23.756873902879345	23.75326883026486	26.25713041766153	0.0
195.0	26.205068191524173	23.772192056616436	23.72172090005047	26.301018851808923	0.0
196.0	26.16243438038164	23.699601498609265	23.91757094406283	26.220393176946267	0.0
197.0	26.278074658694788	23.81080473986484	23.59754964628495	26.31357095515542	0.0
198.0	26.228989936245323	23.632491313113384	23.798602887956495	26.339915862684794	0.0
199.0	26.122501046863434	23.707366313460028	23.848796869670355	26.321335770006183	0.0
200.0	26.28861262170654	23.861830666026997	23.64192001686074	26.20763669540572	0.0
201.0	26.342484747642818	23.827787021630616	23.656683305601774	26.173044925124795	0.0
202.0	26.11869107043816	23.699112590127566	23.831114808652245	26.35108153078203	0.0
203.0	26.20299500831947	23.821408763172492	23.701331114808653	26.274265113699393	0.0
204.0	26.21103716028841	23.716583471991125	23.820299500831947	26.25207986688852	0.0
205.0	26.24514697726012	23.599278979478647	23.88546866333888	26.270105379922352	0.0
206.0	26.236068319657015	23.75713742966564	23.806777057063385	26.200017193613963	0.0
207.0	26.1933616011137	23.974553451340686	23.659799389349388	26.172285558196222	0.0
208.0	26.389146947162917	23.65647159309926	23.742994295602596	26.211387164135232	0.0
209.0	26.29208622320084	23.776272258103877	23.73495212133145	26.19668939736383	0.0
210.0	26.289940598672207	23.768018680081422	23.68898329996284	26.253057421283533	0.0
211.0	26.256735358308582	23.7511682016212	23.85959949749998	26.13249694257024	0.0
212.0	26.10448783545066	23.842683106071323	23.71733541876388	26.33549363971414	0.0
213.0	26.177495035995964	23.78978136196741	23.891002673351895	26.14172092868473	0.0
214.0	26.285517784544393	23.761072008962987	23.769114294747002	26.184295911745618	0.0
215.0	26.241701193031496	23.837335063811377	23.692851239898612	26.22811250325851	0.0
216.0	26.323860973452064	23.75087702756293	23.733960448483472	26.191301550501535	0.0
217.0	26.291837566661396	23.745462310484733	23.740193182858143	26.222506939995725	0.0
218.0	26.239978257915475	23.784287461417506	23.805086649417206	26.17064763124981	0.0
219.0	26.230271970182283	23.763488273417806	23.76487488595112	26.24136487044879	0.0
220.0	26.214537286114425	23.78047089492221	23.706425580298955	26.29856623866441	0.0
221.0	26.17384335074004	23.70344075942416	23.911711117088984	26.21100477274681	0.0
222.0	26.280058459908652	23.82185812656515	23.592788465538327	26.30529494798787	0.0
223.0	26.22154308645022	23.633000452038193	23.79689896253075	26.348557498980835	0.0
224.0	26.109781496385082	23.710096536500007	23.852086447451253	26.32803551966366	0.0
225.0	26.288655505298276	23.851254475316775	23.65463172753467	26.20545829185028	0.0
226.0	26.335596303814878	23.824697438628018	23.65552930213984	26.184176955417264	0.0
227.0	26.113181803055006	23.69685069941318	23.831630558975895	26.358336938555915	0.0
228.0	26.20442166683306	23.811385847560096	23.70517044383063	26.279022041776212	0.0
229.0	26.223834403807118	23.71099426492285	23.803343427956563	26.261827903313478	0.0
230.0	26.261827903313478	23.58813937235848	23.879885076597112	26.27014764773093	0.0
231.0	26.255522245671642	23.74766699853295	23.799526882555387	26.197283873240025	0.0
232.0	26.213368757054468	23.95982106953384	23.65198967239529	26.1748205010164	0.0
233.0	26.39945422325264	23.655872230557396	23.74489374270287	26.199779803487093	0.0
234.0	26.297398408705803	23.779559440578836	23.733523393799555	26.18951875691581	0.0
235.0	26.287487589645743	23.75993521656415	23.689494323129573	26.263082870660536	0.0
236.0	26.242078844100558	23.752790604157134	23.87231859339684	26.132811958345464	0.0
237.0	26.087884964710124	23.843476572791435	23.72311660218811	26.345521860310328	0.0
238.0	26.15451600736583	23.79722893972001	23.895403012890203	26.152852040023962	0.0
239.0	26.274044328089985	23.757016395624873	23.7772613316176	26.19167794466754	0.0
240.0	26.230103811026765	23.829941840309075	23.70374890101204	26.236205447652118	0.0
241.0	26.308942999231704	23.749441807959748	23.745836095401607	26.19577909740694	0.0
242.0	26.28736585460567	23.744393561575823	23.7416198134377	26.22662077038081	0.0
243.0	26.229317207805718	23.787464806313366	23.805217680753387	26.17800030512753	0.0
244.0	26.230817882227626	23.75392519112768	23.76502113777837	26.250235788866327	0.0
245.0	26.21443254354647	23.774887163397388	23.70830871317726	26.30237157987888	0.0
246.0	26.17224561812341	23.693482253330448	23.918471295171198	26.215800833374946	0.0
247.0	26.274188849893882	23.811122362635075	23.601381625490713	26.313307161980333	0.0
248.0	26.22637897406161	23.633927159428573	23.799007299594095	26.34068656691572	0.0
249.0	26.121504532074102	23.700236661108505	23.853941531111364	26.324317275706026	0.0
