# Position (bp)	A	C	G	T	N
0.0	26.301201801999536	23.69359254663279	23.754090657122035	26.251114994245643	0.0
1.0	26.267154028189303	23.8112121288863	23.69809473159943	26.223539111324968	0.0
2.0	26.35614418642604	23.615296524207867	23.8620600392233	26.166499250142795	0.0
3.0	26.170325310764348	23.821796552752563	23.820108380649046	26.18776975583404	0.0
4.0	26.149305633707716	23.835501586801414	23.70833239550744	26.306860383983434	0.0
5.0	26.270227993968177	23.81895523395827	23.70220116585267	26.20861560622088	0.0
6.0	26.171487086002358	23.716688187651737	23.81121172992148	26.300612996424423	0.0
7.0	26.225712895267616	23.68103474951264	23.804808614661013	26.288443740558726	0.0
8.0	26.1384701504083	23.84394892812638	23.746058357407478	26.271522564057847	0.0
9.0	26.311969959073455	23.59506631225124	23.691264784889526	26.401698943785775	0.0
10.0	26.352472618652506	23.577491885445557	23.83175730028633	26.23827819561561	0.0
11.0	26.363649148466394	23.631147425710548	23.71355844009732	26.29164498572574	0.0
12.0	26.290801186943618	23.62045930780373	23.779093478841745	26.309646026410903	0.0
13.0	26.240173260016597	23.73127821452178	23.722840226700605	26.305708298761022	0.0
14.0	26.1894716709419	23.98660051302822	23.662301426578463	26.16162638945142	0.0
15.0	26.143344133927364	23.822341478781333	23.752306376850726	26.28200801044057	0.0
16.0	26.3250416272895	23.69633454840016	23.769744835965977	26.20887898834436	0.0
17.0	26.156282345529004	23.753712704198733	23.7101165564106	26.379888393861663	0.0
18.0	26.36498132397282	23.67242698348409	23.78071418928041	26.18187750326268	0.0
19.0	26.20887898834436	23.756525358894738	23.78043292381081	26.254162728950092	0.0
20.0	26.266819675082132	23.82852931911255	23.72249223707304	26.18215876873228	0.0
21.0	26.384107375905675	23.811934656406102	23.684521398676928	26.119436569011295	0.0
22.0	26.315478601323072	23.792246073534045	23.552326627964536	26.339948697178343	0.0
23.0	26.28707078889339	23.688177849781738	23.74077449259709	26.28397686872778	0.0
24.0	26.27750776292696	23.704209981548985	23.75961927906035	26.258662976463704	0.0
25.0	26.307040637235048	23.683396336798523	23.751743845911523	26.257819180054902	0.0
26.0	26.26991359524774	23.81390351469331	23.69914720309617	26.21703568696278	0.0
27.0	26.357668421763197	23.612517438459115	23.853843211376628	26.17597092840106	0.0
28.0	26.17118941541785	23.82093515143333	23.81784123126772	26.1900342018811	0.0
29.0	26.14756311597138	23.836404752261377	23.713773007515414	26.30225912425183	0.0
30.0	26.27160118806534	23.8113721254669	23.69858467215697	26.21844201431079	0.0
31.0	26.174002070113854	23.7089914945322	23.805465550605284	26.311540884748663	0.0
32.0	26.226317447459614	23.677489761936908	23.807153143422887	26.289039647180594	0.0
33.0	26.140250213761757	23.83556095585257	23.74977498762432	26.27441384276135	0.0
34.0	26.31350974303587	23.602673147023086	23.681427478511317	26.402389631429728	0.0
35.0	26.351761846901578	23.585234687907835	23.815028576571713	26.247974888618874	0.0
36.0	26.362094521807855	23.62763931742688	23.712581250334004	26.29768491043126	0.0
37.0	26.28896570539775	23.62201402385687	23.7809285672096	26.30809170353578	0.0
38.0	26.24115071005268	23.73677001268504	23.71680022051151	26.305279056750773	0.0
39.0	26.174698625744647	23.99349717892321	23.671731291732527	26.160072903599612	0.0
40.0	26.143478334242754	23.82895780479161	23.749360124656153	26.27820373630948	0.0
41.0	26.33136261102892	23.697607569373737	23.768486068999657	26.202543750597684	0.0
42.0	26.160635431374423	23.75357908296722	23.716452249829835	26.369333235828517	0.0
43.0	26.355551305345703	23.677919097255426	23.78198673559507	26.1845428618038	0.0
44.0	26.20001237561105	23.755547930179052	23.786205693906137	26.258234000303766	0.0
45.0	26.259640319740786	23.835989401976722	23.72573395811418	26.17863632016831	0.0
46.0	26.37186461081516	23.81630092985841	23.68748206942718	26.12435238989925	0.0
47.0	26.30267369451367	23.80983186044811	23.549662764599002	26.337831680439223	0.0
48.0	26.288329236256043	23.684950694440538	23.742891055245853	26.28382901405757	0.0
49.0	26.27089087523696	23.705764222108467	23.76736101345004	26.255983889204533	0.0
50.0	26.295923361215962	23.689169652751605	23.760048152377525	26.25485883365491	0.0
51.0	26.268359500250327	23.822769999268715	23.69957641658557	26.20929408389539	0.0
52.0	26.361739110868598	23.618853680900497	23.84836501302252	26.17104219520839	0.0
53.0	26.176667472956478	23.815738402083603	23.82558263814276	26.182011486817164	0.0
54.0	26.142072014805727	23.83880204085077	23.708295597095105	26.31083034724839	0.0
55.0	26.27229719467399	23.81939483261986	23.69704504159893	26.21126293110722	0.0
56.0	26.17132345909579	23.705482958221065	23.808144277123684	26.315049305559462	0.0
57.0	26.22110716716638	23.675106458381382	23.808988068785897	26.294798305666344	0.0
58.0	26.139821903706494	23.83711445752634	23.747672541331728	26.275391097435435	0.0
59.0	26.310267819473587	23.599165208782182	23.691701027738244	26.398865944005983	0.0
60.0	26.349926027597615	23.5876333893986	23.816582193745816	26.245858389257968	0.0
61.0	26.35153949355767	23.626100090285455	23.720604490646597	26.301755925510285	0.0
62.0	26.283755087346254	23.619912302166572	23.78951394924326	26.306818661243913	0.0
63.0	26.240721833610376	23.738042802617997	23.71441670252771	26.306818661243913	0.0
64.0	26.173707599707484	24.00067502953254	23.659785115598808	26.165832255161163	0.0
65.0	26.144175057658774	23.82966754795522	23.750632840186757	26.275524554199247	0.0
66.0	26.319120211509254	23.700005625246103	23.76807110311076	26.212803060133883	0.0
67.0	26.153456713731227	23.763570906227148	23.702818248298364	26.380154131743268	0.0
68.0	26.352027901220676	23.679473476964617	23.77763402148844	26.190864600326265	0.0
69.0	26.193677223378526	23.75400798784947	23.785509366034763	26.266805422737242	0.0
70.0	26.26624289812679	23.841761827079935	23.714350002812623	26.177645271980648	0.0
71.0	26.37424762333352	23.826854924902964	23.676942116217585	26.121955335545934	0.0
72.0	26.303932047027057	23.808291612758058	23.553749226528662	26.334027113686226	0.0
73.0	26.289306407155312	23.69297406761546	23.73600720031501	26.281712324914213	0.0
74.0	26.27130561962086	23.70113067446701	23.76807110311076	26.25949260280137	0.0
75.0	26.29043145637622	23.698880576025203	23.75991449625921	26.25077347133937	0.0
76.0	26.267649209652923	23.816448219609608	23.700568149856558	26.215334420880914	0.0
77.0	26.36215334420881	23.61815829442538	23.852449794678517	26.167238566687296	0.0
78.0	26.17567643584407	23.81082297350509	23.822073465714126	26.191427124936716	0.0
79.0	26.137143500028127	23.84598076165832	23.702255723687912	26.31462001462564	0.0
80.0	26.268211734263375	23.819260842661865	23.689880182257976	26.222647240816787	0.0
81.0	26.173707599707484	23.704224559824493	23.806322776621478	26.315745063846542	0.0
82.0	26.223209765427235	23.681161050795975	23.80688530123193	26.288743882544864	0.0
83.0	26.12954941778703	23.836699105585872	23.755133037070372	26.278618439556727	0.0
84.0	26.303932047027057	23.598751195364798	23.694099116836362	26.403217640771782	0.0
85.0	26.350902851999773	23.5911571131237	23.814198121167802	26.243741913708725	0.0
86.0	26.355610182791857	23.62849854165905	23.72075231829803	26.295138957251062	0.0
87.0	26.27826326640247	23.614997988980175	23.796130404088416	26.31060834052894	0.0
88.0	26.236074039280982	23.73790927066077	23.718502226184885	26.307514463873368	0.0
89.0	26.172154063373664	23.995477327573113	23.665839760140855	26.166528848912364	0.0
90.0	26.15134076986685	23.827002154457137	23.751905541398767	26.269751534277248	0.0
91.0	26.327972503951713	23.690309443047518	23.76765614189041	26.21406191111036	0.0
92.0	26.15949733083574	23.755280670075546	23.707466347154487	26.37775565193423	0.0
93.0	26.354411011919833	23.676246406894265	23.779750352982205	26.1895922282037	0.0
94.0	26.1904360103729	23.75612445224474	23.783406742382056	26.270032795000308	0.0
95.0	26.26890775210805	23.837127540487483	23.723498208369197	26.170466499035278	0.0
96.0	26.37438052325745	23.81997063638051	23.681309099909434	26.124339740452605	0.0
97.0	26.297877606583754	23.803094992996606	23.55502303525322	26.344004365166423	0.0
98.0	26.291689870676322	23.692559528832035	23.736998723076315	26.278751877415324	0.0
99.0	26.26947027355418	23.701278611247055	23.772437574182515	26.25681354101625	0.0
100.0	26.28212700609211	23.700997350523988	23.763437231044435	26.25343841233947	0.0
101.0	26.26328253764675	23.827283415180204	23.694528353893492	26.214905693279555	0.0
102.0	26.36650522301163	23.613525265650754	23.852315619532995	26.167653891804626	0.0
103.0	26.187904663865307	23.809563989627105	23.820251897103578	26.18227944940401	0.0
104.0	26.141496644559574	23.850065533748474	23.69818474329334	26.310253078398617	0.0
105.0	26.27678305235387	23.814064161196146	23.68665305364767	26.222499732802312	0.0
106.0	26.179466842173362	23.70999769366207	23.79718851781224	26.31334694635233	0.0
107.0	26.22924999015587	23.674277581832808	23.811251553965494	26.285220874045823	0.0
108.0	26.15021572697459	23.829252240241658	23.74993671633731	26.27059531644644	0.0
109.0	26.31447198924459	23.594680797205395	23.688903139432192	26.40194407411783	0.0
110.0	26.364255137227104	23.58286784683666	23.815751725534536	26.237125290401696	0.0
111.0	26.364743505005023	23.627521846865218	23.71358738605457	26.29414726207519	0.0
112.0	26.285428204183457	23.61739648931353	23.80077796497189	26.296397341531126	0.0
113.0	26.238176535608915	23.741432119321715	23.7158374655105	26.304553879558874	0.0
114.0	26.171444321940463	23.99759242175371	23.670206781720406	26.160756474585423	0.0
115.0	26.15316247778053	23.825461827509393	23.759084670251784	26.262291024458296	0.0
116.0	26.33935602907094	23.70030150979907	23.76133474337916	26.199007717750828	0.0
117.0	26.16581913912202	23.755428301419794	23.7045203969129	26.37423216254528	0.0
118.0	26.358200391512725	23.683707220484663	23.774553923002497	26.18353846500011	0.0
119.0	26.182413428436423	23.75711585626533	23.786366806921226	26.274103908377022	0.0
120.0	26.271853835249647	23.83671219314628	23.721395945368222	26.170038026235854	0.0
121.0	26.368888238867765	23.82208671781833	23.681175888216366	26.127849155097543	0.0
122.0	26.294073307382487	23.796773395135343	23.55882816191526	26.350325135566905	0.0
123.0	26.29126071597327	23.684550997907433	23.743334158360145	26.280854127759152	0.0
124.0	26.26341606102198	23.70086402808091	23.771741331593276	26.263978579303824	0.0
125.0	26.28254168260468	23.704239137771978	23.760490965956393	26.25272821366694	0.0
126.0	26.256947100780774	23.822367976959253	23.695801363544316	26.224883558715657	0.0
127.0	26.356794095808112	23.61001732556308	23.85471277816529	26.178475800463513	0.0
128.0	26.184663501563797	23.80183605967194	23.83052449204599	26.18297594671827	0.0
129.0	26.147256035821165	23.84655626307855	23.694113808698784	26.312073892401504	0.0
130.0	26.27354139009518	23.81814908984542	23.689332403303105	26.218977116756292	0.0
131.0	26.170111632067005	23.7158374655105	23.797121585856	26.31692931656649	0.0
132.0	26.225519838669303	23.671117136323875	23.812028362251542	26.29133466275528	0.0
133.0	26.141985638867872	23.824966319123146	23.756338895717256	26.276709146291726	0.0
134.0	26.307085218946796	23.591801835502316	23.693336670951194	26.407776274599698	0.0
135.0	26.365306024869	23.582801517678593	23.814840961571456	26.237051495880948	0.0
136.0	26.35497353336596	23.63827620928048	23.700153568354793	26.306596688998766	0.0
137.0	26.282970788261302	23.610431397697038	23.805063818058063	26.301533995983593	0.0
138.0	26.23740655112476	23.734186115845667	23.720123079692414	26.30828425333716	0.0
139.0	26.171102629513896	23.993575987016968	23.667031369096673	26.168290014372463	0.0
140.0	26.151133062009723	23.83016304729975	23.75984766876394	26.258856221926585	0.0
141.0	26.341265845570554	23.688125982657414	23.77025434478724	26.20035382698479	0.0
142.0	26.153101892608728	23.76069145330637	23.714845826501023	26.371360827583878	0.0
143.0	26.356453967334286	23.681094444803836	23.77362948295696	26.18882210490492	0.0
144.0	26.171176238960452	23.761320807785342	23.791697136749733	26.275805816504473	0.0
145.0	26.266805422737242	23.832480171007482	23.728413118073917	26.17230128818136	0.0
146.0	26.366091016481967	23.81504190808348	23.69213028069978	26.126736794734768	0.0
147.0	26.295775440175507	23.793665972886313	23.55515553805479	26.355403048883392	0.0
148.0	26.280868537998536	23.691005231478876	23.73825729875682	26.289868931765763	0.0
149.0	26.26708668504247	23.697193002193846	23.766946053889857	26.26877425887383	0.0
150.0	26.285649997187377	23.706755920571528	23.760758283174887	26.246835799066208	0.0
151.0	26.24571074984531	23.83135512178658	23.696630477583394	26.226303650784722	0.0
152.0	26.358496934240872	23.61281431062609	23.851043483152388	26.177645271980648	0.0
153.0	26.191427124936716	23.799853743601282	23.822917252629804	26.185801878832198	0.0
154.0	26.151769139899873	23.845699499353096	23.69156775608933	26.310963604657704	0.0
155.0	26.27243066884176	23.81982336727232	23.695224166057265	26.212521797828654	0.0
156.0	26.17434374288053	23.711885334660895	23.80020194690315	26.313568975555423	0.0
157.0	26.223283521638972	23.67869628929597	23.816515206489303	26.281504982575747	0.0
158.0	26.1411546975156	23.82495309937869	23.763075218189847	26.27081698491586	0.0
159.0	26.318069185096434	23.59178599253528	23.69697839055631	26.39316643181198	0.0
160.0	26.369540331721698	23.585879467512704	23.810889944563044	26.233690256202554	0.0
161.0	26.359770263656767	23.641354791892848	23.7015452637974	26.297329680652982	0.0
162.0	26.29339198622932	23.61660356980126	23.801956471600786	26.288047972368634	0.0
163.0	26.24023311150988	23.729109124763035	23.716452249829835	26.31420551389725	0.0
164.0	26.17589730464059	23.988220635264405	23.67095407791594	26.16492798217907	0.0
165.0	26.15902142393056	23.824805857055665	23.75955245164357	26.256620267370202	0.0
166.0	26.340437141563328	23.694017781552976	23.770803038783587	26.19474203810011	0.0
167.0	26.15845889457356	23.761240039714572	23.713706309048003	26.366594756663865	0.0
168.0	26.365188433271364	23.67601684212895	23.76770912732008	26.191085597279606	0.0
169.0	26.17793978668827	23.760744340938754	23.781839251158814	26.279476621214165	0.0
170.0	26.269632329778137	23.826279195355745	23.728398811934657	26.17568966293146	0.0
171.0	26.365262589442416	23.82177894784213	23.688177849781738	26.124780612933712	0.0
172.0	26.2910085054678	23.803777957787677	23.554014220782143	26.351199315962376	0.0
173.0	26.27666396651816	23.69858467215697	23.73964943071869	26.28510193060618	0.0
174.0	26.27610143557896	23.70224112326178	23.766088384861167	26.255569056298096	0.0
175.0	26.28678952342379	23.7087102290626	23.751462580441924	26.253037667071688	0.0
176.0	26.24769362314927	23.83190450474776	23.697740875748167	26.2226609963548	0.0
177.0	26.369200306016833	23.61673642050313	23.844561450879798	26.169501822600242	0.0
178.0	26.198753431438732	23.788589622429235	23.82515413347734	26.187502812654696	0.0
179.0	26.15121956707619	23.834435893974167	23.711804149228207	26.302540389721436	0.0
180.0	26.27160118806534	23.815872372980515	23.70224112326178	26.21028531569236	0.0
181.0	26.167606564754525	23.717214901486493	23.797375785787615	26.31780274797137	0.0
182.0	26.22385981689566	23.674743696119933	23.815095560212075	26.286300926772327	0.0
183.0	26.13779234111972	23.824658613076068	23.760248639374463	26.27730040642975	0.0
184.0	26.312739955278662	23.592332681733165	23.702026523408385	26.392900839579784	0.0
185.0	26.36083648585934	23.586426090258342	23.813126696387137	26.239610727495183	0.0
186.0	26.359223027896068	23.63543289811945	23.705468394021388	26.299875679963097	0.0
187.0	26.292281469564095	23.619119409114177	23.7974427199649	26.29115640135683	0.0
188.0	26.234340456890198	23.73134496278837	23.725157087648437	26.30915749267299	0.0
189.0	26.172254052366444	23.980615020265347	23.684158713818405	26.162972213549796	0.0
190.0	26.15650305316243	23.834074474099452	23.758975960037464	26.25044651270065	0.0
191.0	26.337358276165645	23.695690695378488	23.767132727482398	26.199818300973465	0.0
192.0	26.167191231193733	23.756444549451107	23.7153794443835	26.360984774971662	0.0
193.0	26.35873463222823	23.672908000101256	23.76938287022583	26.19897449744468	0.0
194.0	26.174577815780296	23.750885996197248	23.784075695014796	26.29046049300766	0.0
195.0	26.260364749164633	23.825422184219704	23.732603534984193	26.181609531631473	0.0
196.0	26.362183994689648	23.82176569197709	23.69406973211975	26.121980581213506	0.0
197.0	26.29692967159074	23.799826738521425	23.559060787777188	26.344182802110637	0.0
198.0	26.27977228491388	23.689006896706907	23.734572415422523	26.296648402956695	0.0
199.0	26.2727405690627	23.703070328409257	23.766355771069833	26.257833331458208	0.0
200.0	26.282866239888392	23.705601746115683	23.75735517478033	26.2541768392156	0.0
201.0	26.244332437023953	23.83526658641135	23.69519480665594	26.225206169908756	0.0
202.0	26.360215114251318	23.621783693169675	23.843423376798714	26.174577815780296	0.0
203.0	26.196516769235963	23.796451514912864	23.82176569197709	26.18526602387408	0.0
204.0	26.149544907350116	23.840329421824197	23.704476671579492	26.305648999246202	0.0
205.0	26.271052957258416	23.82485964695161	23.696882418460223	26.207204977329745	0.0
206.0	26.169588587211805	23.723950935361472	23.7979247941811	26.308535683245626	0.0
207.0	26.225279933395402	23.678104019058814	23.808613032337544	26.28800301520824	0.0
208.0	26.12992959826288	23.820145078769503	23.76332865488523	26.28659666808239	0.0
209.0	26.311910916347657	23.591473036106557	23.696386531694845	26.40022951585094	0.0
210.0	26.365070837704728	23.590629227831048	23.808050493487208	26.236249440977016	0.0
211.0	26.355863077658707	23.634292464770905	23.705453829493994	26.30439062807639	0.0
212.0	26.290889657694144	23.616291170927912	23.791241245464516	26.301577925913428	0.0
213.0	26.225353697296995	23.734143391556266	23.72007988074143	26.32042303040531	0.0
214.0	26.175923764306148	23.981166093342594	23.675987050282817	26.16692309206844	0.0
215.0	26.155390980763876	23.827873394294137	23.7620559785559	26.25467964638609	0.0
216.0	26.340467303651742	23.690050600654235	23.761212165533614	26.208269930160412	0.0
217.0	26.16692309206844	23.76543123064504	23.707208132107365	26.360437545179156	0.0
218.0	26.363531526260868	23.67429942423825	23.760649623518756	26.201519425982127	0.0
219.0	26.179372651380483	23.74384014761144	23.78490583020184	26.291881370806237	0.0
220.0	26.26037892936703	23.828784230777885	23.723588578114803	26.187248261740287	0.0
221.0	26.375981638576988	23.815283184446795	23.692929952071285	26.115805224904932	0.0
222.0	26.29356900159762	23.798125604734366	23.557638216961816	26.350667176706192	0.0
223.0	26.288787381022026	23.694336311064106	23.72274476271911	26.294131545194755	0.0
224.0	26.276973965482327	23.696586485452624	23.761278999122432	26.265160549942625	0.0
225.0	26.281474314259356	23.70221192142391	23.761278999122432	26.255034765194303	0.0
226.0	26.232814293107715	23.840878918116154	23.700524290632526	26.22578249814361	0.0
227.0	26.365574582030106	23.62008055624311	23.832722035957786	26.181622825768997	0.0
228.0	26.18752953353885	23.803751040705652	23.820346076820954	26.18837334893454	0.0
229.0	26.150682927926916	23.84200400531041	23.698836659841138	26.30847640692154	0.0
230.0	26.271629801309604	23.82287752300803	23.697711572646877	26.207781103035487	0.0
231.0	26.17803992383138	23.717748581682965	23.784128912853316	26.320082581632338	0.0
232.0	26.23345062400324	23.6617753363317	23.805786902260586	26.298987137404474	0.0
233.0	26.136692853144766	23.82041307692524	23.75543910870342	26.287454961226576	0.0
234.0	26.307425315095617	23.58948828077755	23.70593513291536	26.397151271211467	0.0
235.0	26.36311728785718	23.595113732571647	23.802130358594425	26.239638620976745	0.0
236.0	26.349127771245982	23.635683466188127	23.70656435816227	26.30862440440362	0.0
237.0	26.291185454790927	23.62077597700309	23.795446746510805	26.292591821695176	0.0
238.0	26.221992203101884	23.7355355163898	23.709377091970772	26.33309518853755	0.0
239.0	26.171717882005485	23.991843049012022	23.67006539624499	26.166373672737503	0.0
240.0	26.155836849507736	23.823909985935302	23.764556962025317	26.25569620253165	0.0
241.0	26.3341481733612	23.698342283446184	23.76304189440461	26.20446764878801	0.0
242.0	26.164488379027674	23.76546509207321	23.70667101761572	26.363375511283397	0.0
243.0	26.358787387752347	23.67834717439741	23.771746224652848	26.1911192131974	0.0
244.0	26.179932703885843	23.74551265459538	23.78349332102947	26.291061320489305	0.0
245.0	26.266479852799673	23.82748977306617	23.72451706927306	26.1815133048611	0.0
246.0	26.366923174317346	23.820322721325773	23.697367865734424	26.115386238622456	0.0
247.0	26.288791781446353	23.80589266469888	23.559966346924934	26.34534920692983	0.0
248.0	26.28194846599527	23.692022837718817	23.733950143087483	26.292078553198433	0.0
249.0	26.276320639771285	23.701308750988385	23.762933448140988	26.259437161099342	0.0
