# Position (bp)	A	C	G	T	N
0.0	26.27874066497597	23.832368889324794	23.718597189334602	26.17029325636463	0.0
1.0	26.287427666699358	23.769318070364715	23.83657227725547	26.106681985680456	0.0
2.0	26.185479193344563	23.695293389112898	23.830632619836862	26.288594797705677	0.0
3.0	26.27607771059695	23.790044660618527	23.74577629344884	26.188101335335684	0.0
4.0	26.189308896739327	23.869942933343793	23.741073704794218	26.199674465122662	0.0
5.0	26.244313470631734	23.74476166999081	23.80302758667055	26.207897272706898	0.0
6.0	26.16992848919775	23.783994241041544	23.74281880848942	26.303258461271284	0.0
7.0	26.23849870457251	23.67341222603459	23.783208458791403	26.3048806106015	0.0
8.0	26.210541351235538	23.796040341575853	23.741426294843034	26.251992012345575	0.0
9.0	26.266102834098803	23.743418841716142	23.77002352414025	26.220454800044806	0.0
10.0	26.28501663325082	23.76650724134455	23.70462258761859	26.243853537786045	0.0
11.0	26.330380044579353	23.74270545144995	23.7401852619317	26.186729242039004	0.0
12.0	26.15900715733823	23.835112400452513	23.755586420098794	26.250294022110467	0.0
13.0	26.22873240067653	23.750546041062286	23.877395580147628	26.143325978113552	0.0
14.0	26.187849326269337	23.742985472507534	23.777428062590307	26.291737138632826	0.0
15.0	26.310778570548504	23.821111347573336	23.706862756079257	26.161247325798897	0.0
16.0	26.082561408617927	23.863954569383615	23.777148041532723	26.27633598046573	0.0
17.0	26.161734109549535	23.73339829803678	23.807323650232277	26.297543942181413	0.0
18.0	26.228938975181805	23.796962900113968	23.755519899640735	26.218298204790024	2.800202734677991E-4
19.0	26.116090804974277	23.86024748191769	23.682714628539106	26.34094708456892	0.0
20.0	26.359708442891268	23.77484129851001	23.72443764928581	26.141012609312913	0.0
21.0	26.27486230003052	23.74039880487347	23.723317568191938	26.261421326904067	0.0
22.0	26.118330967162024	23.71519698026137	23.829165231562765	26.33730682101384	0.0
23.0	26.351307834687233	23.69475550029822	23.834205596485187	26.11973106852936	0.0
24.0	26.245946717891567	23.734171898364124	23.776454841256953	26.243146522998	2.800194893564592E-4
25.0	26.28374934895469	23.830778622192106	23.71485055359853	26.17062147525468	0.0
26.0	26.28346932946533	23.757413515980712	23.843939538191858	26.1151776163621	0.0
27.0	26.182942332786364	23.693289052918082	23.83441887555374	26.28934973874182	0.0
28.0	26.281789212529194	23.78205523104408	23.742292463555465	26.19386309287126	0.0
29.0	26.18238229380765	23.86662111682973	23.74957297027873	26.201423619083887	0.0
30.0	26.242026445040572	23.739212249172542	23.812577355383937	26.206183950402952	0.0
31.0	26.182942332786364	23.781495192065368	23.7459327169171	26.289629758231175	0.0
32.0	26.23782615270023	23.67844801998219	23.779535055639872	26.30419077167771	0.0
33.0	26.207304028360372	23.79549616653319	23.741172385598038	26.2560274195084	0.0
34.0	26.266948179593303	23.747052794874524	23.765814100661405	26.22018492487077	0.0
35.0	26.279829076103695	23.76469402270398	23.704209813002986	26.25126708818934	0.0
36.0	26.32855246725172	23.741452405087394	23.743132522023533	26.18686260563735	0.0
37.0	26.156620500786854	23.83357881708567	23.75825357444878	26.251547107678697	0.0
38.0	26.223825178232406	23.74985298976809	23.872781545595572	26.15354028640393	0.0
39.0	26.195263190318048	23.731091683981205	23.773654646363386	26.29999047933736	0.0
40.0	26.30335071320964	23.813977452830716	23.705889929939126	26.17678190402052	0.0
41.0	26.07961514121383	23.85570035674483	23.77981507512923	26.28486942691211	0.0
42.0	26.165507855924773	23.73242532601178	23.810270526071143	26.291796291992302	0.0
43.0	26.2380327005844	23.787308992240682	23.744466130337507	26.229912158132162	2.800187052495107E-4
44.0	26.109504114874877	23.861233930426554	23.683422052593116	26.34583990210546	0.0
45.0	26.354240463262947	23.778908431083195	23.734105438243276	26.132745667410585	0.0
46.0	26.273875094856336	23.743066036811257	23.724304783559543	26.25875408477286	0.0
47.0	26.106703927822377	23.72542485838054	23.82175129298637	26.34611992081071	0.0
48.0	26.343039715052967	23.705823549013076	23.83071189155436	26.120424844379603	0.0
49.0	26.243279569892476	23.739079301075268	23.77660170250896	26.24075940860215	2.800179211469534E-4
50.0	26.28388216845878	23.833165322580648	23.716397849462364	26.16655465949821	0.0
51.0	26.274081541218635	23.75812051971326	23.856966845878137	26.11083109318996	0.0
52.0	26.175235215053767	23.700996863799283	23.832325268817204	26.29144265232975	0.0
53.0	26.275201612903228	23.79144265232975	23.745799731182796	26.187556003584227	0.0
54.0	26.184475806451612	23.864527329749105	23.755320340501793	26.19567652329749	0.0
55.0	26.239639336917563	23.733198924731184	23.817204301075268	26.20995743727599	0.0
56.0	26.17439516129032	23.784442204301076	23.751400089605735	26.28976254480287	0.0
57.0	26.23795922939068	23.680835573476703	23.78752240143369	26.293682795698924	0.0
58.0	26.20995743727599	23.798723118279568	23.735719086021508	26.25560035842294	0.0
59.0	26.27184139784946	23.74831989247312	23.759520609318997	26.220318100358426	0.0
60.0	26.273241487455195	23.77100134408602	23.700996863799283	26.2547603046595	0.0
61.0	26.329245071684586	23.74075940860215	23.753360215053764	26.176635304659495	0.0
62.0	26.15059363799283	23.83456541218638	23.763160842293907	26.25168010752688	0.0
63.0	26.21695788530466	23.757840501792117	23.86872759856631	26.156474014336915	0.0
64.0	26.19147625448029	23.73459901433692	23.777441756272403	26.296482974910397	0.0
65.0	26.310483870967744	23.807403673835125	23.71527777777778	26.166834677419352	0.0
66.0	26.07694892473118	23.855286738351257	23.783322132616487	26.284442204301072	0.0
67.0	26.15668078886428	23.73593263907751	23.808737094710196	26.298649477348015	0.0
68.0	26.234245535826794	23.789975946527928	23.739292844722097	26.236205655786133	2.800171370487874E-4
69.0	26.113838166895814	23.856059990871444	23.688889760053318	26.341212082179428	0.0
70.0	26.35465290475777	23.779895329594172	23.73593263907751	26.129519126570543	0.0
71.0	26.27148781505428	23.741532981818487	23.721371747950975	26.265607455176255	0.0
72.0	26.11075797838828	23.723331867910318	23.820217797329196	26.345692356372208	0.0
73.0	26.34289218500172	23.71045107960607	23.832818568496393	26.113838166895814	0.0
74.0	26.24789287694401	23.739226370820056	23.77758861117489	26.235012124708085	2.800163529550126E-4
75.0	26.274214414121783	23.835832012589535	23.71710507893661	26.17284849435207	0.0
76.0	26.28961531353431	23.756027351997353	23.847872715766602	26.10648461870173	0.0
77.0	26.184049148470272	23.693863721641346	23.82659147294202	26.295495656946365	0.0
78.0	26.268614087062687	23.78822923258718	23.749866992232345	26.193289688117787	0.0
79.0	26.178168805058217	23.872234138473686	23.7526671557619	26.196929900706202	0.0
80.0	26.24649279517924	23.738666338114143	23.808670426352897	26.206170440353716	0.0
81.0	26.168928265410702	23.79858983764652	23.746506795996886	26.285975100945898	0.0
82.0	26.24649279517924	23.676222691405176	23.78178885646922	26.295495656946365	0.0
83.0	26.210090669295088	23.796629723175833	23.735026125525728	26.258253482003347	0.0
84.0	26.280374773886795	23.747066828702796	23.753227188467807	26.219331208942602	0.0
85.0	26.27169426694519	23.76526789164487	23.701984195877042	26.2610536455329	0.0
86.0	26.318456997888678	23.743146599761424	23.759947580938725	26.17844882141117	0.0
87.0	26.14932712070385	23.831351750942257	23.76806805517442	26.251253073179477	0.0
88.0	26.210090669295088	23.754627270232582	23.869713991297093	26.165568069175237	0.0
89.0	26.18796937741164	23.731665929290273	23.782908921881038	26.29745577141705	0.0
90.0	26.308096392829338	23.816230867882684	23.72046527517207	26.155207464115904	0.0
91.0	26.08968363752443	23.852352977413883	23.774228414939433	26.283734970122257	0.0
92.0	26.16801494163076	23.72823929010453	23.810563867351025	26.29318190091369	0.0
93.0	26.23745880270943	23.785362466153117	23.741960052978943	26.23493866258964	2.800155688656289E-4
94.0	26.12097232606133	23.841365579926244	23.691277235014265	26.346384858998164	0.0
95.0	26.357305466183924	23.782842326033325	23.72879932124226	26.13105288654049	0.0
96.0	26.27386082666196	23.733559585912978	23.72879932124226	26.263780266182803	0.0
97.0	26.117332123666078	23.72459908770928	23.819244349985862	26.338824438638785	0.0
98.0	26.33658431408786	23.717598698487635	23.839125455375317	26.10669153204918	0.0
99.0	26.248025895767295	23.744413705043627	23.77689542007818	26.230384964326113	2.800147847806364E-4
100.0	26.278267492523604	23.837378613590797	23.71557218221122	26.168781711674377	0.0
101.0	26.29366830568654	23.758414444282657	23.854459515462416	26.093457734568386	0.0
102.0	26.19174292402639	23.69737122120048	23.82057772650396	26.290308128269174	0.0
103.0	26.276587403814922	23.793136277595455	23.743573660689286	26.186702657900334	0.0
104.0	26.183342480482967	23.86818023991667	23.753654192941386	26.194823086658975	0.0
105.0	26.24018548179344	23.72845286231113	23.818617623010496	26.212744032884938	0.0
106.0	26.179702288280822	23.79873657329107	23.744973734613186	26.276587403814922	0.0
107.0	26.261186590651985	23.66180934353334	23.770735094813006	26.306268971001668	0.0
108.0	26.210503914606694	23.795376395873703	23.73685330585455	26.257266383665055	0.0
109.0	26.29310827611698	23.74637380853709	23.754494237295727	26.2060236780502	0.0
110.0	26.286387921282245	23.757014370358757	23.700171369048288	26.256426339310718	0.0
111.0	26.322229813734165	23.734613187576304	23.755894311219635	26.187262687469897	0.0
112.0	26.15730110549837	23.822817844782204	23.772695198306472	26.24718585141295	0.0
113.0	26.22310457992182	23.753654192941386	23.870980387764472	26.15226083937232	0.0
114.0	26.197623234506786	23.725372699678545	23.79005611496287	26.286947950851804	0.0
115.0	26.307389030140794	23.81301732731488	23.718652344843807	26.160941297700518	0.0
116.0	26.088977498011896	23.851659367614612	23.769335020889105	26.290028113484393	0.0
117.0	26.168294957199624	23.72823929010453	23.801603369147326	26.301862383548524	0.0
118.0	26.23745880270943	23.793482917650223	23.7276792589668	26.241099005104683	2.800155688656289E-4
119.0	26.11593204582175	23.84164559549511	23.697997608667045	26.3444247500161	0.0
120.0	26.35702545061506	23.78256231046446	23.72627918112247	26.134133057798014	0.0
121.0	26.268540530853517	23.738039835014828	23.724879103278145	26.268540530853517	0.0
122.0	26.114531967977417	23.724319072140414	23.815604147590605	26.345544812291564	0.0
123.0	26.339944500914253	23.7178787140565	23.833525143998006	26.108651641031237	0.0
124.0	26.255173302120845	23.73614619093755	23.773948398586477	26.234452092002176	2.800163529550126E-4
125.0	26.278134643063154	23.826871489294973	23.716825062583656	26.178168805058217	0.0
126.0	26.29745577141705	23.759387548232816	23.84815273211956	26.095003948230577	0.0
127.0	26.186849311999822	23.701144146818173	23.817910966000415	26.294095575181593	0.0
128.0	26.273934397768826	23.790469363410825	23.746506795996886	26.18908944282346	0.0
129.0	26.176488706940486	23.867193844120496	23.75798746646804	26.198329982470973	0.0
130.0	26.238725810019574	23.734532553392267	23.815737523136416	26.211004113451743	0.0
131.0	26.1746018856354	23.795296272131853	23.74881342738176	26.28128841485099	0.0
132.0	26.254966803968404	23.661448080622534	23.773734952579098	26.309850162829967	0.0
133.0	26.2096040277665	23.787455792294487	23.73901282758505	26.263927352353967	0.0
134.0	26.277648192069353	23.74881342738176	23.75721394149322	26.216324439055672	0.0
135.0	26.287728809003113	23.754693787259782	23.691409914286755	26.266167489450353	0.0
136.0	26.315450505570944	23.730052279199487	23.760294130000755	26.194203085228818	0.0
137.0	26.15360060035674	23.83365861990754	23.769814712660413	26.242926067075306	0.0
138.0	26.214717741935484	23.749439964157705	23.869847670250895	26.165994623655912	0.0
139.0	26.185875896057347	23.72423835125448	23.790882616487455	26.299003136200717	0.0
140.0	26.300963261648747	23.818604390681003	23.709117383512545	26.171314964157705	0.0
141.0	26.087029569892472	23.85472670250896	23.767921146953405	26.29032258064516	0.0
142.0	26.15962746311454	23.73046519507503	23.81111058218689	26.298796759623542	0.0
143.0	26.228792083311163	23.797389665629666	23.73046519507503	26.24307303727889	2.800187052495107E-4
144.0	26.116784601211364	23.848633088690324	23.696022894329342	26.338559415768977	0.0
145.0	26.349480145273702	23.789549141882677	23.729905157664533	26.131065555179084	0.0
146.0	26.263514402762105	23.744186111632256	23.71366407276006	26.27863541284558	0.0
147.0	26.107057051170763	23.724091196747292	23.817897725681707	26.350954026400235	0.0
148.0	26.343113480698253	23.711210300236896	23.8327387586176	26.11293746044725	0.0
149.0	26.246020211863343	23.744879129248957	23.769800933587593	26.239019705026646	2.800202734677991E-4
150.0	26.27633598046573	23.821111347573336	23.721983893188767	26.180568778772162	0.0
151.0	26.28977699122974	23.76258694653838	23.848553411216525	26.099082651015355	0.0
152.0	26.175248378678077	23.70714277713684	23.814390842191333	26.30321800199375	0.0
153.0	26.277456064696064	23.78554867326023	23.749705977889537	26.18728928415417	0.0
154.0	26.17944869454183	23.877395580147628	23.75390629375329	26.189249431557254	0.0
155.0	26.242526917099536	23.730450975176065	23.816417680579086	26.210604427145316	0.0
156.0	26.16860115088977	23.801296501127087	23.753412766195765	26.276689581787377	0.0
157.0	26.260448314968563	23.664365820534	23.778334710107387	26.296851154390044	0.0
158.0	26.212564580037245	23.794015933242793	23.73381123727651	26.259608249443456	0.0
159.0	26.285370258880192	23.750052504095322	23.754812875404284	26.20976436162021	0.0
160.0	26.284810215196785	23.759013203029834	23.7102894025734	26.24588717919998	0.0
161.0	26.32765355697744	23.72653066939221	23.7637735743388	26.182042199291544	0.0
162.0	26.15319994959607	23.820337986362937	23.780294862999312	26.246167201041683	0.0
163.0	26.217678388413784	23.756839552635853	23.86744848983798	26.158033569112384	0.0
164.0	26.194436510470048	23.727717199549726	23.791842380864374	26.286003909115855	0.0
165.0	26.304205379794688	23.820684711324674	23.70811561574175	26.166994293138885	0.0
166.0	26.08690782215203	23.850647132288287	23.77532104594051	26.287123999619173	0.0
167.0	26.156986724090135	23.728903736352358	23.822991602097936	26.291117937459575	0.0
168.0	26.226152506349532	23.80338996340094	23.7364643684212	26.233713138418373	2.800234099570724E-4
169.0	26.118623516926014	23.842873264204886	23.695020903747555	26.34348231512155	0.0
170.0	26.352723087650126	23.790508886542916	23.720503034053646	26.13626499175331	0.0
171.0	26.26059538577425	23.7384245322909	23.72022301064369	26.280757071291163	0.0
172.0	26.119816752167385	23.728690158829725	23.81269741705683	26.33879567194606	0.0
173.0	26.347476421962856	23.71216873137839	23.835099352584063	26.105255494074687	0.0
174.0	26.2450610594465	23.743037878978804	23.774680701518573	26.23694033507789	2.8002497822805794E-4
175.0	26.276777463526646	23.826832068550306	23.727422922908907	26.168967545014144	0.0
176.0	26.292178880457	23.761586065918063	23.8503542325894	26.095880821035532	0.0
177.0	26.1843689619445	23.705020861919294	23.81423090924365	26.296379266892554	0.0
178.0	26.274817283190053	23.77446725098709	23.762426143205175	26.18828932261768	0.0
179.0	26.174008008736806	23.875276525440338	23.766626529640728	26.184088936182125	0.0
180.0	26.249128417373967	23.722448888154595	23.821578285621477	26.20684440884996	0.0
181.0	26.16792071888415	23.797776029167565	23.75605207373659	26.278251178211693	0.0
182.0	26.255008974850814	23.667283658490827	23.78573488766735	26.29197247899101	0.0
183.0	26.218885550350173	23.791895471690715	23.737850348213012	26.251368629746104	0.0
184.0	26.273770753467428	23.74961146316671	23.76417284358557	26.212444939780294	0.0
185.0	26.28161149676989	23.76165260466692	23.714608144852132	26.242127753711053	0.0
186.0	26.337896832619734	23.72972957836403	23.75129162244581	26.18108196657043	0.0
187.0	26.151119126093153	23.82801889619136	23.77509387889972	26.24576809881577	0.0
188.0	26.219519025056847	23.75331832386841	23.86840955677274	26.158753094302007	0.0
189.0	26.189556100675425	23.731476192076347	23.786081521556504	26.29288618569172	0.0
190.0	26.303807251587756	23.82556537518062	23.71299438825229	26.157632984979333	0.0
191.0	26.094906862909824	23.849927752948687	23.771240073031127	26.283925311110362	0.0
192.0	26.15910637427998	23.722581747207418	23.82115164362502	26.297160234887585	0.0
193.0	26.228833374870835	23.796789197635444	23.739383434096784	26.234713965282115	2.8002811482272824E-4
194.0	26.124382888041957	23.840473583547787	23.68701817662493	26.348125351785317	0.0
195.0	26.36296684187092	23.784747988698065	23.730982590652104	26.12130257877891	0.0
196.0	26.25459596143453	23.736863181063377	23.723141803437066	26.285399054065028	0.0
197.0	26.11997558148001	23.731889130958315	23.806936875885594	26.341198411676086	0.0
198.0	26.34427872956489	23.708086674544813	23.846140921743125	26.101493674147168	0.0
199.0	26.247462230996486	23.746797160499014	23.765559149269823	26.239901429551534	2.800296831464135E-4
200.0	26.27357856534791	23.825552220081544	23.72698149558672	26.173887718983824	0.0
201.0	26.29206057619069	23.760865182131816	23.854955419149604	26.092118822527894	0.0
202.0	26.19208969935929	23.698978448855236	23.814070970921637	26.29486088086384	0.0
203.0	26.28001926609615	23.772346431291723	23.753304359514317	26.19432994309781	0.0
204.0	26.16828710963753	23.874837582328958	23.758904968860612	26.197970339172905	0.0
205.0	26.246209076932985	23.725087719789528	23.821418470301285	26.2072847329762	0.0
206.0	26.16584010775603	23.785294438859378	23.759811594973996	26.2890538584106	0.0
207.0	26.25404995197464	23.670481625749435	23.778573688823673	26.296894733452252	0.0
208.0	26.21344542050893	23.804616595212025	23.74188959487879	26.240048389400254	0.0
209.0	26.27701251459663	23.750010501171932	23.762611907488875	26.210365076742566	0.0
210.0	26.291294108422502	23.75505106369871	23.712486313472585	26.241168514406212	0.0
211.0	26.32825823361887	23.72732796980143	23.75365090744127	26.19076288913843	0.0
212.0	26.143157576385523	23.830939532851865	23.777453563817723	26.24844932694489	0.0
213.0	26.222479851695034	23.749796976774142	23.865170175468073	26.16255299606275	0.0
214.0	26.196716904413865	23.723193933385982	23.784240917160922	26.29584824503923	0.0
215.0	26.302569013895187	23.833526555437942	23.705551915139093	26.158352515527778	0.0
216.0	26.096745467681504	23.85284876589882	23.774439795912652	26.275965970507027	0.0
217.0	26.16402642389688	23.719339906637057	23.81791145922302	26.298722210243042	0.0
218.0	26.23487472731804	23.80054942439254	23.728861022511836	26.235434792957733	2.8003281984648605E-4
219.0	26.129582387055763	23.84423454428859	23.68181550877763	26.34436755987802	0.0
220.0	26.351648413194027	23.78822798031929	23.729421088151533	26.13070251833515	0.0
221.0	26.252236762148524	23.736141875827848	23.722700300475218	26.288921061548415	0.0
222.0	26.127695323438815	23.719966395967514	23.809857182861943	26.342481097731728	0.0
223.0	26.344441332959956	23.703724446933634	23.83870064407729	26.113133576029124	0.0
224.0	26.238942142095052	23.75419701539349	23.770439009910415	26.23614179821282	2.800343882228738E-4
225.0	26.27962072036248	23.81867162515612	23.725979983085878	26.175727671395528	0.0
226.0	26.28690163484534	23.753983500327642	23.85759651412217	26.10151835070485	0.0
227.0	26.188049218981902	23.690975586533668	23.821471976880296	26.29950321760413	0.0
228.0	26.27654033346588	23.77918666584523	23.754823605844894	26.189449394843994	0.0
229.0	26.163966194153986	23.879999327915584	23.751183148603463	26.20485132932696	0.0
230.0	26.248890357521905	23.719325561402087	23.82125864961061	26.2105254314654	0.0
231.0	26.179161404324315	23.777573040378385	23.752929876196106	26.290335679101197	0.0
232.0	26.250010501348374	23.67003923303752	23.781213507814403	26.298736757799702	0.0
233.0	26.22004665399037	23.810897319215787	23.73528761092924	26.233768415864596	0.0
234.0	26.280534420619606	23.75068958854317	23.769451997636494	26.19932399320073	0.0
235.0	26.286975247621797	23.757970523415207	23.70924426696388	26.24580996199912	0.0
236.0	26.329260677070938	23.724646244577805	23.74984948067332	26.19624359767794	0.0
237.0	26.141356550181044	23.824619081090013	23.78681422694674	26.247210141782208	0.0
238.0	26.222360373681024	23.741514886753144	23.86781145686314	26.168313282702695	0.0
239.0	26.197157067007193	23.725832829267198	23.783520397876202	26.29348970584941	0.0
240.0	26.305707332237365	23.82578059579855	23.705355017405697	26.16315705455839	0.0
241.0	26.094019583678772	23.846041811378253	23.778820946021646	26.28111765892133	0.0
242.0	26.165753037106338	23.72150218066616	23.815339452830663	26.297405329396838	0.0
243.0	26.234196984085635	23.790034540427428	23.726164163676245	26.249324178579332	2.8013323136483713E-4
244.0	26.121792626999223	23.843328636143333	23.679440595487897	26.355438141369543	0.0
245.0	26.34246521610006	23.79061857345385	23.72477711967455	26.14213909077155	0.0
246.0	26.251579622795884	23.732869323515153	23.72586434437598	26.28968670931298	0.0
247.0	26.132742990850627	23.72364125485141	23.799862689327597	26.343753064970365	0.0
248.0	26.33227961617792	23.711158192090394	23.843153080441216	26.11340911129047	0.0
249.0	26.240993635642646	23.751579879550825	23.77147725393814	26.235949230868393	0.0
