# Position (bp)	A	C	G	T	N
0.0	26.260063754420855	23.742844244792604	23.84587050264074	26.151221498145805	0.0
1.0	26.24372356836429	23.640371891556555	23.779955853802416	26.33594868627674	0.0
2.0	26.27662432253544	23.784717895034188	23.619107754597895	26.319550027832474	0.0
3.0	26.263333961031048	23.77377405097644	23.63918827608361	26.3237037119089	0.0
4.0	26.148009691934927	23.770716510903426	23.69124264451367	26.390031152647975	0.0
5.0	26.272040581251105	23.75758683324473	23.796905458089668	26.173467127414497	0.0
6.0	26.271575951224648	23.804566321303778	23.74365250328104	26.18020522419054	0.0
7.0	26.1548854735688	23.97704210884787	23.67165675017927	26.19641566740406	0.0
8.0	26.32033577337512	23.74887872512431	23.808680051827817	26.122105449672755	0.0
9.0	26.274642253037634	23.77477375221126	23.7750505925768	26.175533402174306	0.0
10.0	26.212767135422432	23.837891706344813	23.70169416454435	26.247646993688406	0.0
11.0	26.14217694607463	23.767578341268962	23.77366847525191	26.316576237404494	0.0
12.0	26.169582548997894	23.760380910198204	23.85062562285461	26.219410917949286	0.0
13.0	26.25595172184697	23.767855165540915	23.7980290111837	26.178164101428415	0.0
14.0	26.293599822832466	23.63165762374045	23.760380910198204	26.314361643228878	0.0
15.0	26.22633152474809	23.61753958587089	23.81048610342155	26.345642785959473	0.0
16.0	26.23650139380635	23.766128429497204	23.674776672636828	26.322593504059615	0.0
17.0	26.301554917631165	23.853327833773022	23.757270077316804	26.087847171279005	0.0
18.0	26.292419741945128	23.829244188782557	23.64321879299415	26.235117276278164	0.0
19.0	26.09892011150451	23.810973837410483	23.792980309544042	26.297125741540967	0.0
20.0	26.188610927331062	23.68003631924394	23.792149839027132	26.33920291439787	0.0
21.0	26.219891983468102	23.668409732007163	23.76778937053103	26.343908913993708	0.0
22.0	26.320655739520156	23.675053496142464	23.711594198886615	26.29269656545077	0.0
23.0	26.23207221771615	23.858310656874497	23.772772193632505	26.13684493177685	0.0
24.0	26.292419741945128	23.77554042868888	23.768343017542307	26.163696811823684	0.0
25.0	26.269166567471576	23.746197137091304	23.845023128603895	26.13961316683322	0.0
26.0	26.249512098571316	23.6465406750618	23.77000395857613	26.333943267790755	0.0
27.0	26.27193480252795	23.782184192824182	23.621072912543152	26.324808092104718	0.0
28.0	26.265014214887017	23.765851605991568	23.6443260870167	26.324808092104718	0.0
29.0	26.150962930564358	23.76142242990137	23.701905376189302	26.38570926334497	0.0
30.0	26.26888974396594	23.76336019444083	23.799624073679343	26.168125987913886	0.0
31.0	26.277675353364227	23.80647875939121	23.745854579478575	26.169991307765983	0.0
32.0	26.155873348060304	23.970080998333525	23.672496553556897	26.201549100049277	0.0
33.0	26.323074282613874	23.74668504769656	23.809800632263137	26.120440037426434	0.0
34.0	26.269647493923742	23.77215273971465	23.78377929476639	26.174420471595216	0.0
35.0	26.209300136750436	23.83360738784527	23.711805382541343	26.245287092862956	0.0
36.0	26.14535408396587	23.760526184662915	23.768277221364073	26.325842510007142	0.0
37.0	26.168884016808676	23.75139103426512	23.8543690932948	26.225355855631406	0.0
38.0	26.26217327996191	23.768830866842727	23.79319126790351	26.175804585291857	0.0
39.0	26.28985555389462	23.634295015529755	23.764124880274164	26.311724550301456	0.0
40.0	26.219265755366212	23.619346587606092	23.813676150613716	26.347711506413983	0.0
41.0	26.217809064812332	23.77790019460585	23.67381513274998	26.33047560783185	0.0
42.0	26.30113247869163	23.851258017456395	23.762398164116675	26.085211339735302	0.0
43.0	26.282585406499226	23.830773191452845	23.65056208701622	26.236079315031706	0.0
44.0	26.09988290430541	23.81139565334138	23.78758896366158	26.30113247869163	0.0
45.0	26.177393056751274	23.675476064588103	23.800876418366585	26.346254460294038	0.0
46.0	26.20895076167566	23.66523365158633	23.779837948416993	26.34597763832102	0.0
47.0	26.31995637285705	23.68101250404852	23.707864235431554	26.291166887662875	0.0
48.0	26.228328299787123	23.860669964539106	23.771533289226365	26.139468446447406	0.0
49.0	26.292274175554958	23.76682731568501	23.777069728686783	26.163828780073246	0.0
50.0	26.27538803520068	23.740529228248022	23.83520234302118	26.148880393530117	0.0
51.0	26.25102770157484	23.645856113474863	23.76738095963105	26.335735225319247	0.0
52.0	26.28203176255318	23.77291739909147	23.623156711687145	26.321894126668198	0.0
53.0	26.26957477376724	23.768765069496155	23.6331223027159	26.328537854020702	0.0
54.0	26.16355195810023	23.756861724656257	23.690424451131236	26.389161866112282	0.0
55.0	26.28037083071506	23.756031258737192	23.79367904706804	26.169918863479708	0.0
56.0	26.27337755090742	23.809945632315	23.742678079082282	26.173998737695296	0.0
57.0	26.153237147191373	23.969394647385148	23.67707145308988	26.200296752333603	0.0
58.0	26.3124093410548	23.752366821317448	23.811606559555315	26.123617278072437	0.0
59.0	26.274208014527577	23.77146748458106	23.78503172371029	26.169292777181074	0.0
60.0	26.207770924915014	23.842887355914563	23.708352249449124	26.2409894697213	0.0
61.0	26.15462125322497	23.76205556355261	23.77091384216762	26.3124093410548	0.0
62.0	26.17621330734905	23.747937682009944	23.85755887987067	26.218290130770338	0.0
63.0	26.269225232806637	23.767315166480273	23.79638139318577	26.16707820752732	0.0
64.0	26.297737817098692	23.632780060014838	23.76205556355261	26.30742655933386	0.0
65.0	26.22382655490472	23.627797278293897	23.80247145973359	26.345904707067795	0.0
66.0	26.234826779609406	23.76254342620659	23.668424476463343	26.33420531772066	0.0
67.0	26.308461016761477	23.85915375991363	23.745103738460045	26.087281484864842	0.0
68.0	26.28382399756398	23.828980331907708	23.648493404753008	26.238702265775306	0.0
69.0	26.08866558706695	23.810156541959056	23.795485058616727	26.30569281235726	0.0
70.0	26.181677255048513	23.67229996262924	23.80849561931653	26.337527163005714	0.0
71.0	26.201054685878006	23.662057606333654	23.780259934393555	26.356627773394788	0.0
72.0	26.32202521834212	23.668424476463343	23.72489584630929	26.284654458885242	0.0
73.0	26.226522166396766	23.859707400794473	23.776938089108498	26.136832343700263	0.0
74.0	26.28936040637241	23.76420434884912	23.78718044540409	26.159254799374388	0.0
75.0	26.275242563910915	23.737629586568673	23.84199089260751	26.1451369569129	0.0
76.0	26.24589959722626	23.648216584312586	23.77057121897881	26.335312599482346	0.0
77.0	26.271920718625864	23.775277166465973	23.625240487757615	26.327561627150548	0.0
78.0	26.263339284972805	23.76724937369375	23.637420587136155	26.33199075419729	0.0
79.0	26.170881257872082	23.753131531232267	23.695552879624632	26.38043433127102	0.0
80.0	26.27801076831513	23.754792453874792	23.796592340378414	26.17060443743166	0.0
81.0	26.28402805844217	23.809260171738924	23.742546630274106	26.1641651395448	0.0
82.0	26.150324155838405	23.963448730228155	23.681646301965973	26.20458081196747	0.0
83.0	26.327211927606122	23.742823449948236	23.804277417604624	26.125687204841025	0.0
84.0	26.276830746914843	23.771612696057534	23.782408663348523	26.169147893679103	0.0
85.0	26.207625828382874	23.84524672937555	23.715695121883705	26.23143232035787	0.0
86.0	26.160566483781132	23.753065777890967	23.78130138465201	26.305066353675887	0.0
87.0	26.177729303577063	23.74199299092585	23.86074863112671	26.219529074370374	0.0
88.0	26.2704638944099	23.768290859968	23.792097351943	26.169147893679103	0.0
89.0	26.286242615835192	23.63154194094883	23.77604181084358	26.3061736323724	0.0
90.0	26.22534228752706	23.61687049822005	23.80870653239067	26.34908068186222	0.0
91.0	26.228037879899347	23.75936685979399	23.669954352562097	26.342640907744563	0.0
92.0	26.306654449725535	23.85597665862969	23.74912456020396	26.088244331440812	0.0
93.0	26.285339393821953	23.834384783818273	23.64227246177823	26.23800336058154	0.0
94.0	26.09571844195246	23.80587243631089	23.796183774536537	26.302225347200114	0.0
95.0	26.180148208843256	23.664971612221	23.818606106071467	26.336274072864274	0.0
96.0	26.209214194166318	23.664971612221	23.776806450987827	26.349007742624853	0.0
97.0	26.331291332523175	23.664694793313164	23.73002405556309	26.27398981860057	0.0
98.0	26.230529250069896	23.8581912098924	23.775699175356475	26.13558036468123	0.0
99.0	26.28091029129654	23.76794824593699	23.789816939656248	26.161324523110224	0.0
100.0	26.265962070273247	23.74414181986286	23.84988664265724	26.14000946720665	0.0
101.0	26.258211140853767	23.645594288672296	23.769055521568344	26.327139048905597	0.0
102.0	26.269837534982987	23.771270072831054	23.638396997068487	26.320495395117465	0.0
103.0	26.26568525136541	23.767117789213472	23.636459264713615	26.3307376947075	0.0
104.0	26.172674098331612	23.753830481637216	23.700404432424353	26.37309098760682	0.0
105.0	26.282571204743572	23.75106229255883	23.795076498905182	26.171290003792418	0.0
106.0	26.281391177252196	23.8035919922048	23.74324563734609	26.171771193196918	0.0
107.0	26.159591194968552	23.959717424041102	23.681238373638056	26.19945300735229	0.0
108.0	26.337031623704494	23.741307910355214	23.799993356364602	26.121667109575693	0.0
109.0	26.279453450261315	23.77286517849234	23.789197448844007	26.158483922402336	0.0
110.0	26.19862255292763	23.852865621401364	23.718332004606253	26.230179821064752	0.0
111.0	26.159868013110106	23.756256089999113	23.7772942687572	26.30658162813358	0.0
112.0	26.184228009566834	23.74878200017716	23.85397289396758	26.21301709628842	0.0
113.0	26.26948799716538	23.76483745238728	23.798055629373728	26.16761892107361	0.0
114.0	26.291910266631234	23.632241562583044	23.77148108778457	26.30436708300115	0.0
115.0	26.228795730356985	23.615078837806713	23.804699264771013	26.351426167065284	0.0
116.0	26.231491298245807	23.76338758031164	23.675359654974823	26.329761466467726	0.0
117.0	26.305678354818973	23.8591663921561	23.74401036404253	26.09114488898239	0.0
118.0	26.29239112080587	23.832591924129893	23.643802474193702	26.231214480870534	0.0
119.0	26.101940766618036	23.8007579259735	23.80269564760041	26.294605659808056	0.0
120.0	26.181664170696667	23.65681289083153	23.820965594368428	26.340557344103377	0.0
121.0	26.199934117464686	23.66871603796827	23.784148883457117	26.34720096110993	0.0
122.0	26.333083274971003	23.66290287308754	23.73210721690579	26.27190663503567	0.0
123.0	26.22816948974253	23.86442592228629	23.77722844907529	26.130176138895887	0.0
124.0	26.287131590675685	23.758681684932	23.791069317838943	26.163117406553376	0.0
125.0	26.26000348789893	23.7514844331749	23.855567766277556	26.132944312648615	0.0
126.0	26.255297592519288	23.64297202206788	23.76920074519237	26.332529640220457	0.0
127.0	26.272737087161484	23.774737092697833	23.634390683434418	26.31813513670626	0.0
128.0	26.270522548159303	23.758404867556727	23.64186475256679	26.329207831717184	0.0
129.0	26.1700378409352	23.752038067925447	23.709961826883948	26.3679622642554	0.0
130.0	26.289346129677867	23.74677853779526	23.79826656959604	26.16560876293083	0.0
131.0	26.268934360882273	23.81023562760209	23.742968819204535	26.1778611923111	0.0
132.0	26.164850739658075	23.957779697050228	23.685944282044467	26.191425281247234	0.0
133.0	26.342567986535563	23.739370183364336	23.805252901054125	26.112808929045972	0.0
134.0	26.278622995836653	23.77231154220923	23.78559881300381	26.163466648950305	0.0
135.0	26.20554300646647	23.8478828948534	23.713626096199842	26.23294800248029	0.0
136.0	26.165404375941183	23.750442909026486	23.780892904597394	26.303259810434938	0.0
137.0	26.193639826379663	23.745183364336967	23.852311985118256	26.20886482416512	0.0
138.0	26.27280981486403	23.76179245283019	23.80110062893082	26.164297103374967	0.0
139.0	26.30091405856397	23.630157842578186	23.768290859968	26.30063723888984	0.0
140.0	26.22921776296485	23.616316858871794	23.80732243402003	26.347142944143325	0.0
141.0	26.229844011681823	23.760882503564062	23.67811319187809	26.331160292876028	0.0
142.0	26.309014657642322	23.853617351105207	23.748425583745103	26.08894240750737	0.0
143.0	26.289914047253248	23.82704258882476	23.646555661670057	26.23648770225193	0.0
144.0	26.09697020027959	23.798806903901784	23.80628105579316	26.29794184002547	0.0
145.0	26.17918587108472	23.65928940192944	23.82067571869507	26.340849008290775	0.0
146.0	26.197732840592952	23.660119863250703	23.789948649808302	26.352198646348047	0.0
147.0	26.33891126520782	23.654306634001856	23.734584561724038	26.272197539066283	0.0
148.0	26.226245345956343	23.864966989162482	23.78579634320198	26.122991321679194	0.0
149.0	26.2879763041703	23.761436144444907	23.78551952276156	26.165068028623235	0.0
150.0	26.269982975542916	23.74178189317499	23.856108735068997	26.132126396213096	0.0
151.0	26.26029426012817	23.635206023612785	23.77250896206176	26.33199075419729	0.0
152.0	26.274965743470496	23.769187116776703	23.63631330537447	26.319533834378326	0.0
153.0	26.274688923030077	23.75866794004069	23.64074243242121	26.325900704508022	0.0
154.0	26.17005079655082	23.751193788149315	23.71050118340738	26.368254231892486	0.0
155.0	26.292959072097883	23.74648784066215	23.80434331271021	26.156209774529753	0.0
156.0	26.26645702073944	23.809945632315	23.744339006322594	26.179258340622958	0.0
157.0	26.16597092270045	23.957491335496233	23.68731383773848	26.18922390406484	0.0
158.0	26.34645834948124	23.73963304580837	23.800256890079837	26.113651714630553	0.0
159.0	26.285004041589616	23.764823775619803	23.785308544917008	26.16486363787357	0.0
160.0	26.212200064222518	23.84316417712128	23.71499595841038	26.22963980024582	0.0
161.0	26.169569598387792	23.754304569764482	23.77700390871544	26.299121923132283	0.0
162.0	26.195590791819377	23.743231721495718	23.860880734351298	26.200296752333603	0.0
163.0	26.27337755090742	23.75485821217792	23.809945632315	26.161818604599663	0.0
164.0	26.29954434977107	23.624883042392632	23.7685540441034	26.307018563732896	0.0
165.0	26.23227642411458	23.618239296648785	23.80675558213054	26.342728697106093	0.0
166.0	26.22985762967105	23.762529723923915	23.681697260277765	26.325915386127267	0.0
167.0	26.31539609291304	23.845299952109535	23.749795842664593	26.08950811231283	0.0
168.0	26.294911153495864	23.81429571947813	23.654568556725287	26.236224570300713	0.0
169.0	26.091445876852294	23.80239230873572	23.806267837814644	26.29989397659734	0.0
170.0	26.175323399060463	23.659274556321126	23.82675277723182	26.338649267386593	0.0
171.0	26.202728926118574	23.658720909309853	23.791596192015856	26.34695397255572	0.0
172.0	26.345569855027527	23.649585733623812	23.737338784910904	26.267505626437753	0.0
173.0	26.247297510526213	23.861909362447783	23.77554042868888	26.115252698337123	0.0
174.0	26.29906350608043	23.752564077720965	23.77554042868888	26.172831987509724	0.0
175.0	26.275810331606873	23.74453619605748	23.847237716648998	26.132415755686644	0.0
176.0	26.258370450751716	23.637405499375763	23.768619841047943	26.33560420882458	0.0
177.0	26.27553350810124	23.762529723923915	23.63657502885885	26.325361739115994	0.0
178.0	26.27221162603359	23.76142242990137	23.646817498567437	26.319548445497603	0.0
179.0	26.179198928139385	23.750903136687143	23.706057728773867	26.36384020639961	0.0
180.0	26.285222330798554	23.75339454823788	23.798793603162434	26.162589517801138	0.0
181.0	26.269516111172624	23.81187022478131	23.750138412135975	26.16847525191009	0.0
182.0	26.171797143173514	23.959417561731815	23.682316465507697	26.18646882958698	0.0
183.0	26.335953936441147	23.732421658731038	23.81408481895693	26.11753958587089	0.0
184.0	26.288208881679115	23.753038163205424	23.790409646825637	26.168343308289828	0.0
185.0	26.21208178541571	23.833040820733146	23.716220331194393	26.23865706265675	0.0
186.0	26.165021398634696	23.75359181481461	23.783489001710784	26.297897784839915	0.0
187.0	26.195472237140056	23.735321311711395	23.87096595596255	26.198240495186	0.0
188.0	26.27076885598968	23.749439427745695	23.81753857567587	26.162253140588753	0.0
189.0	26.30108848509008	23.618077932431984	23.76977931324674	26.311054269231192	0.0
190.0	26.232435305451286	23.622230342490784	23.816563133242532	26.3287712188154	0.0
191.0	26.23112378368652	23.765969521225795	23.68347474635625	26.319431948731438	0.0
192.0	26.308431653720305	23.841609593781314	23.753854842013762	26.09610391048462	0.0
193.0	26.299849958752496	23.80562184069052	23.6602866839777	26.23424151657928	0.0
194.0	26.095273423874826	23.79953160555208	23.80534501182059	26.299849958752496	0.0
195.0	26.18385866225217	23.656964737538548	23.825553519325425	26.33362308088386	0.0
196.0	26.20489765636679	23.653919619969326	23.797316974592647	26.343865749071238	0.0
197.0	26.33819816627541	23.65432741285379	23.73211675599061	26.27535766488019	0.0
198.0	26.242968507773394	23.85669043717057	23.78000841564424	26.120332639411792	0.0
199.0	26.303871196350272	23.753709527395138	23.780838906852107	26.161580369402486	0.0
200.0	26.27459990975304	23.736888583759423	23.850943025377113	26.137568481110424	0.0
201.0	26.257858588319323	23.628224754933854	23.769963098200865	26.343953558545962	0.0
202.0	26.277513710139548	23.761104451746675	23.634038241669412	26.327343596444358	0.0
203.0	26.268101398281978	23.75252263799418	23.65092503647271	26.328450927251133	0.0
204.0	26.190047754169836	23.743650079590285	23.711537130597275	26.354765035642608	0.0
205.0	26.287493944217594	23.742542736521557	23.791819503079797	26.17814381618105	0.0
206.0	26.27870794853055	23.810987088344074	23.75091356056076	26.159391402564612	0.0
207.0	26.16354395056807	23.969060749008925	23.686964321307556	26.180430979115453	0.0
208.0	26.33684362057892	23.742331628020285	23.816523819015348	26.104300932385442	0.0
209.0	26.29206888819372	23.752640335748275	23.781154577643175	26.17413619841483	0.0
210.0	26.220091190206603	23.84095143443247	23.713883113755216	26.225074261605712	0.0
211.0	26.18022661901374	23.746273077849416	23.777832530043767	26.295667773093072	0.0
212.0	26.196836857010762	23.739628982650608	23.869188839027416	26.194345321311214	0.0
213.0	26.273797626396988	23.755131871447833	23.82184966073589	26.14922084141929	0.0
214.0	26.315192084624094	23.614352432444406	23.766336951616875	26.304118531314625	0.0
215.0	26.24212038746792	23.621534977589647	23.815047464543472	26.321297170398957	0.0
216.0	26.23388775690999	23.755315379163715	23.682782600992205	26.32801426293409	0.0
217.0	26.309815483853104	23.84147945129632	23.74679899782678	26.101906067023794	0.0
218.0	26.297634372880417	23.81379510817657	23.662638594742745	26.225931924200268	0.0
219.0	26.102182910454992	23.80050662347909	23.805766648671845	26.291543817394075	0.0
220.0	26.189111747851	23.66208490788035	23.825145688855667	26.32365765541298	0.0
221.0	26.201161087779234	23.653356883611607	23.800084714559	26.345397314050157	0.0
222.0	26.34436286723586	23.654252904111715	23.739521389101135	26.261862839551288	0.0
223.0	26.241376255495386	23.867424116585273	23.786031471822643	26.1051681560967	0.0
224.0	26.293700098557082	23.763053276192377	23.791568386432342	26.1516782388182	0.0
225.0	26.269687246512426	23.752045203496017	23.85807741181747	26.120190138174088	0.0
226.0	26.25086168472167	23.637153907273035	23.77668454172215	26.33529986628314	0.0
227.0	26.266088242052426	23.772531844268308	23.630509591346886	26.330870322332377	0.0
228.0	26.259035627572956	23.76158955064796	23.65278827493224	26.32658654684684	0.0
229.0	26.188162531941337	23.742763884620814	23.69653026364238	26.372543319795465	0.0
230.0	26.276477053451046	23.744148124769872	23.795088162255094	26.184286659523988	0.0
231.0	26.275442404376427	23.799029921817898	23.753349870434764	26.17217780337091	0.0
232.0	26.173008349759698	23.94797457420655	23.69465792562734	26.184359150406415	0.0
233.0	26.330812163628714	23.74725919691701	23.811211268853402	26.110717370600874	0.0
234.0	26.283266935579874	23.751477684540998	23.792174570260265	26.17308080961886	0.0
235.0	26.21516194315171	23.830656659477807	23.7171483387642	26.237033058606286	0.0
236.0	26.165882720988243	23.753692481042727	23.784422782504215	26.296002015464815	0.0
237.0	26.192183429446274	23.73348246296445	23.874398890386953	26.199935217202324	0.0
238.0	26.26028842187444	23.756184127107172	23.82761131428793	26.15591613673046	0.0
239.0	26.298916127960574	23.614291053556844	23.776802646696474	26.309990171786108	0.0
240.0	26.240687060308808	23.61852870088125	23.821191557929183	26.319592680880753	0.0
241.0	26.237973281650167	23.74915207309476	23.68436353568215	26.328511109572922	0.0
242.0	26.312874840095912	23.84661390985563	23.74748722151769	26.093024028530763	0.0
243.0	26.30621450466441	23.802746310977213	23.66014193980711	26.230897244551265	0.0
244.0	26.096443861077418	23.794174821805374	23.808020558149323	26.301360758967885	0.0
245.0	26.187687101392687	23.646846727092974	23.83045186803692	26.335014303477422	0.0
246.0	26.19375993530627	23.64949070304581	23.805132295353463	26.35161706629446	0.0
247.0	26.350715100756645	23.65399315364419	23.728217399492614	26.26707434610655	0.0
248.0	26.232568445250728	23.87309412693357	23.783357106258048	26.11098032155766	0.0
249.0	26.300148176870557	23.761199817202368	23.78197227569207	26.156679730235005	0.0
