# Position (bp)	A	C	G	T	N
0.0	26.219767742549127	23.749171464494097	23.79999821660519	26.231062576351587	0.0
1.0	26.11662807598451	23.946236591100263	23.83863843750836	26.098496895406864	0.0
2.0	26.13992694243075	23.755598950206124	23.977030557561815	26.127443549801306	0.0
3.0	26.164385597313245	23.97634226442572	23.878263712421795	25.981008425839242	0.0
4.0	26.021689446826972	24.090502471194167	23.719600448173278	26.16820763380558	0.0
5.0	26.119272135064538	23.812523960521975	23.87998490301375	26.188219001399744	0.0
6.0	26.09256408580038	23.889308235909446	23.94993194691265	26.068195731377525	0.0
7.0	25.947277552099894	23.989872725597817	23.720941289741678	26.34190843256061	0.0
8.0	26.245052476436122	23.801599847859936	23.801896996422332	26.151450679281613	0.0
9.0	26.224222974980687	23.803708325904797	23.806679740892616	26.165388958221907	0.0
10.0	26.08735700490269	23.835685633635418	23.902540484326252	26.17441687713564	0.0
11.0	26.106076363096122	23.898974892289406	23.92868815926311	26.06626058535136	0.0
12.0	26.161045906997476	23.81726340811172	23.85143366513148	26.170257019759326	0.0
13.0	26.07874015748031	23.87253008468281	23.93997920071312	26.108750557123756	0.0
14.0	26.20264448076066	23.815777744763036	23.92749962858416	26.05407814589214	0.0
15.0	26.067449116030307	23.78547021244986	23.87758134006834	26.269499331451495	0.0
16.0	26.063586391323728	23.942653394740752	23.801812509285398	26.191947704650126	0.0
17.0	26.214529787550138	23.890358044867032	23.800029713266973	26.095082454315854	0.0
18.0	26.062694993314516	24.011588174119744	23.85767345119596	26.068043381369783	0.0
19.0	26.2487000445699	23.762590996880107	23.741791709998513	26.246917248551476	0.0
20.0	26.229011353405575	23.848094345284963	23.838586128105398	26.084308173204064	0.0
21.0	26.072422901729603	23.937828144917113	23.77648558465136	26.213263368701924	0.0
22.0	26.14403166236321	23.88909853187184	23.825215197696632	26.141654608068315	0.0
23.0	26.041521195896017	23.828780779138974	23.854928376382777	26.274769648582236	0.0
24.0	26.19119779410017	23.795728446124226	23.86377142313818	26.14930233663743	0.0
25.0	26.2532981530343	23.67063633554399	23.83702964177898	26.23903586964273	0.0
26.0	26.13296013691792	23.886353371841498	23.865851339466115	26.114835151774468	0.0
27.0	26.16326748912501	23.779386246404716	23.910123844160783	26.14722242030949	0.0
28.0	26.183769521500395	23.913986545912667	23.888136157265443	26.01410777532149	0.0
29.0	26.049763483800426	24.022142194965415	23.755912904989422	26.17218141624474	0.0
30.0	26.103841308326796	23.83168128550714	23.846537830706698	26.217939575459365	0.0
31.0	26.106515486462715	23.888136157265443	23.944293898119756	26.061054458152082	0.0
32.0	25.953493070907317	23.9793553447907	23.76898666476503	26.298164919536955	0.0
33.0	26.232498989754927	23.790974351660367	23.815636216691626	26.16089044189308	0.0
34.0	26.22477358625116	23.80820794409185	23.806425158667903	26.16059331098909	0.0
35.0	26.094927381207068	23.815339085787635	23.910123844160783	26.17960968884452	0.0
36.0	26.119589246238323	23.89437590624926	23.913986545912667	26.072048301599754	0.0
37.0	26.15821626375716	23.821281703867456	23.8563431505384	26.16415888183698	0.0
38.0	26.078288050583566	23.86703986308208	23.930625876536165	26.12404620979819	0.0
39.0	26.173667070764694	23.82841284556324	23.92587178207231	26.072048301599754	0.0
40.0	26.072642563407733	23.7666096175331	23.867931255794055	26.292816563265113	0.0
41.0	26.066997076231907	23.96004183603128	23.81355630036369	26.159404787373123	0.0
42.0	26.170398630820795	23.929437352920203	23.829007107371222	26.071156908887776	0.0
43.0	26.058677410920154	24.003125817109986	23.87565665929782	26.06254011267204	0.0
44.0	26.250326843994394	23.739867836173907	23.783248948156597	26.226556371675102	0.0
45.0	26.2446033759913	23.880042667871034	23.762676309526285	26.11267764661138	0.0
46.0	26.103763745977602	23.948085442708873	23.732369047371442	26.215781763942083	0.0
47.0	26.140607868597222	23.832501864490883	23.859540696413344	26.167349570498555	0.0
48.0	26.06662249333686	23.854192356033078	23.809622852864184	26.26956229776588	0.0
49.0	26.191636409016088	23.820248756514555	23.81490043202577	26.17321440244359	0.0
50.0	26.27899237566631	23.68802628998615	23.851447316032495	26.181534018315038	0.0
51.0	26.128050773427148	23.87967458416777	23.864818127254466	26.127456515150616	0.0
52.0	26.168757465369595	23.781919097678234	23.89393678280454	26.155386654147627	0.0
53.0	26.19668760436661	23.91473582248317	23.901959269537727	25.986617303612498	0.0
54.0	26.051985714031034	24.020810924844156	23.731704273311266	26.195499087813545	0.0
55.0	26.117056995311298	23.842236312746245	23.81757459427016	26.22313209767229	0.0
56.0	26.099526376153605	23.871057839158055	23.96049370977614	26.068922074912198	0.0
57.0	25.964926876519073	23.973270262721584	23.74953202160723	26.312270839152113	0.0
58.0	26.243634008212652	23.80776933270738	23.810443494951773	26.13815316412819	0.0
59.0	26.233234488373334	23.797666942006334	23.828568372386005	26.140530197234323	0.0
60.0	26.112600058237312	23.823517177035484	23.885617166933095	26.178265597794116	0.0
61.0	26.115868478758237	23.891559749698413	23.904930560920388	26.08764121062296	0.0
62.0	26.174105789858388	23.8146033028875	23.86214396501007	26.149146942244037	0.0
63.0	26.098634988738805	23.881754488135634	23.912061660238773	26.107548862886787	0.0
64.0	26.185990955389034	23.825597081003348	23.922461180078088	26.06595078352954	0.0
65.0	26.06119671731728	23.75636599178735	23.908198981441313	26.274238309454056	0.0
66.0	26.053174230584098	23.96079083891441	23.81163201150484	26.174402918996652	0.0
67.0	26.179751243485445	23.920381276110223	23.82767698497121	26.072190495433123	0.0
68.0	26.081401498719377	23.978618587210374	23.885022908656563	26.05495700541369	0.0
69.0	26.277209600836716	23.72219614088675	23.787267422167023	26.21332683610951	0.0
70.0	26.225431207380666	23.89594568495491	23.775608741513274	26.10301436615115	0.0
71.0	26.125001857051593	23.93308671688134	23.735199298777317	26.206712127289745	0.0
72.0	26.149663502250746	23.837114290383443	23.860587422560947	26.152634784804864	0.0
73.0	26.052205434475788	23.855239113963542	23.800864643223246	26.29169080833742	0.0
74.0	26.22297626546548	23.80317094331998	23.81565029296759	26.158202498246947	0.0
75.0	26.282104612605334	23.705118910374498	23.856950997753717	26.155825479266454	0.0
76.0	26.148694422324965	23.886663735009925	23.8602193988519	26.104422443813213	0.0
77.0	26.168304828914057	23.79425712214312	23.916970727011254	26.120467321931567	0.0
78.0	26.187915235503155	23.93925527995341	23.89022926348067	25.982600221062764	0.0
79.0	26.07233268757651	23.99957213658351	23.73394026551302	26.19415491032696	0.0
80.0	26.11571328397057	23.83050666159569	23.844768775478673	26.209011278955064	0.0
81.0	26.11987306718644	23.881909697048933	23.960054196032754	26.03816303973187	0.0
82.0	25.94753919110044	23.97075078144499	23.760978856416166	26.320731171038403	0.0
83.0	26.248529219505816	23.800199669594363	23.813273273987093	26.13799783691273	0.0
84.0	26.234267105622838	23.79693126849618	23.819215821438334	26.149585804442648	0.0
85.0	26.09075458467536	23.8257526236347	23.902708613128276	26.180784178561666	0.0
86.0	26.107690844911396	23.87210449375438	23.9353926241101	26.08481203722412	0.0
87.0	26.17097897526712	23.836449209046933	23.84031186489024	26.15225995079571	0.0
88.0	26.091645966793042	23.88220682442149	23.909839670069765	26.116307538715695	0.0
89.0	26.20574287785688	23.826346878379823	23.91340519854051	26.054505045222786	0.0
90.0	26.073521197066757	23.75563056371005	23.89765744779472	26.27319079142847	0.0
91.0	26.05480217259535	23.96748238034681	23.832883680576188	26.14483176648166	0.0
92.0	26.187320980758034	23.90181723101059	23.84268888387074	26.068172904360644	0.0
93.0	26.071144178086264	23.957082922307134	23.88725798975505	26.084514909851553	0.0
94.0	26.25892867754549	23.72799771806178	23.786234683083947	26.226838921308786	0.0
95.0	26.235080536135037	23.87470770181574	23.797751940978795	26.09245982107043	0.0
96.0	26.10672189257689	23.94066978253312	23.750211702623925	26.202396622266065	0.0
97.0	26.147725348157962	23.849451950189714	23.854503100514922	26.1483196011374	0.0
98.0	26.04878222708189	23.851531835617738	23.813499644933845	26.286186292366526	0.0
99.0	26.212123913263092	23.802732367080857	23.80332661829462	26.181817101361432	0.0
100.0	26.29175357590668	23.70586941923829	23.83393055580316	26.168446449051874	0.0
101.0	26.154184419921677	23.876419517586864	23.878499396835018	26.090896665656437	0.0
102.0	26.15982980645238	23.78698470991627	23.905537827061014	26.14764765657034	0.0
103.0	26.20261589384296	23.920394107404963	23.89662405885464	25.980365939897432	0.0
104.0	26.086142655946375	24.005669156579252	23.728748090967976	26.179440096506397	0.0
105.0	26.13219712501263	23.835416183837555	23.841952947188894	26.190433743960924	0.0
106.0	26.123283356806255	23.89394992839273	23.945946909596564	26.036819805204452	0.0
107.0	25.936391350079337	23.96823133011249	23.788767463557544	26.306609856250628	0.0
108.0	26.260555387184382	23.800652487832707	23.80332661829462	26.1354655066883	0.0
109.0	26.240350845916605	23.76202615893843	23.83066217412749	26.166960821017476	0.0
110.0	26.094462172938986	23.819965652279844	23.920394107404963	26.165178067376203	0.0
111.0	26.114963839813644	23.866317246952974	23.93733026699707	26.08138864623631	0.0
112.0	26.19459350245723	23.839575942333862	23.822936908348634	26.142893646860273	0.0
113.0	26.09119379126332	23.86542587013234	23.93168488046637	26.111695458137973	0.0
114.0	26.201724517022324	23.832147802161884	23.909697585557318	26.05643009525847	0.0
115.0	26.068909370747388	23.763214661365943	23.918908479370568	26.248967488516094	0.0
116.0	26.045436447803944	23.953969300982298	23.85621497631909	26.144379274894668	0.0
117.0	26.185679734250854	23.901080942957826	23.846409831292082	26.066829491499238	0.0
118.0	26.068017993926752	23.96852845571937	23.878499396835018	26.084954153518858	0.0
119.0	26.270657657818262	23.721319950795998	23.792035845233215	26.21598654615252	0.0
120.0	26.248154101682626	23.869656551490532	23.77398182180136	26.108207525025477	0.0
121.0	26.116824193227302	23.92462495208835	23.745457678788437	26.213093175895914	0.0
122.0	26.1515879925243	23.839943902518744	23.889564026301638	26.118904078655326	0.0
123.0	26.06423280454722	23.842618040926205	23.81023125354695	26.282917900979623	0.0
124.0	26.201880222013575	23.826941133124947	23.801982433829735	26.169196211031746	0.0
125.0	26.27111089982054	23.707198801982436	23.857842379871403	26.16384791832563	0.0
126.0	26.165630682561	23.868241837911075	23.87448151273488	26.091645966793042	0.0
127.0	26.14483176648166	23.792474357907746	23.92083338285456	26.141860492756035	0.0
128.0	26.19831469354283	23.928558694541177	23.897954575167283	25.975172036748713	0.0
129.0	26.0770867255375	23.99214395226946	23.74225983194476	26.18850949024828	0.0
130.0	26.139186346402976	23.816838802457838	23.851008450302473	26.19296640083671	0.0
131.0	26.13956114156676	23.882574913461397	23.970822005318595	26.007041939653252	0.0
132.0	25.955418744094562	23.992286527570613	23.76082292886134	26.291471799473488	0.0
133.0	26.240959845968252	23.81608894857883	23.808066461845648	26.134884743607266	0.0
134.0	26.21094980300338	23.78607890561396	23.851150186894227	26.15182110448843	0.0
135.0	26.109925895992912	23.79113010096448	23.914438693344902	26.184505309697702	0.0
136.0	26.096555084770944	23.87759468019991	23.945637252862838	26.080212982166305	0.0
137.0	26.163112011742545	23.811334882366573	23.86095544845701	26.164597657433873	0.0
138.0	26.093880922526548	23.841344925331448	23.93642624957659	26.128347902565412	0.0
139.0	26.192527796430888	23.814009044610966	23.939100411820984	26.054362747137162	0.0
140.0	26.073973270262723	23.729624369343405	23.916518597312763	26.27988376308111	0.0
141.0	26.053251642386194	23.94303423234973	23.845575585420427	26.15813853984365	0.0
142.0	26.179312557940527	23.908341058736838	23.837623903586962	26.074722479735673	0.0
143.0	26.09938434476693	23.955584872471416	23.88338206280159	26.06164871996007	0.0
144.0	26.28063419620148	23.71609736385462	23.806722289571894	26.196546150372008	0.0
145.0	26.24416507453551	23.876618996823662	23.783022483962313	26.096193444678516	0.0
146.0	26.111347165808453	23.92237729200032	23.75330930527617	26.212966236915058	0.0
147.0	26.155025538477076	23.821649616254298	23.879887446479138	26.143437398789487	0.0
148.0	26.057269180599675	23.843637368482042	23.81600411230393	26.283089338614356	0.0
149.0	26.196998960035657	23.800029713266973	23.827068786213044	26.175902540484326	0.0
150.0	26.280790372901503	23.713861239043233	23.83479423562621	26.17055415242906	0.0
151.0	26.1524290595751	23.88738671816966	23.875204278710445	26.084979943544795	0.0
152.0	26.145892140840886	23.769127915614323	23.932550883969693	26.1524290595751	0.0
153.0	26.177685336502748	23.920071311840736	23.919477046501264	25.982766305155252	0.0
154.0	26.06626058535136	23.99405734660526	23.762590996880107	26.17709107116327	0.0
155.0	26.115881741197445	23.81340068340514	23.880849799435445	26.189867775961968	0.0
156.0	26.144781294848595	23.877355154821437	23.953718477844237	26.024145072485734	0.0
157.0	25.94785884925776	23.986474440495858	23.76897203370693	26.296694676539456	0.0
158.0	26.254501586697888	23.798982611692836	23.810273720241987	26.136242081367296	0.0
159.0	26.239644864922685	23.76302934499685	23.837015819437347	26.16030997064312	0.0
160.0	26.10266589015534	23.80611383814493	23.90476247073226	26.18645780096747	0.0
161.0	26.09494039483224	23.85959803653565	23.94576702283181	26.0996945458003	0.0
162.0	26.18705206983848	23.81294793016152	23.849495465728516	26.150504534271484	0.0
163.0	26.110985654349456	23.837015819437347	23.934475914282658	26.117522611930543	0.0
164.0	26.201017388307168	23.803736762660897	23.939527199686225	26.05571864934571	0.0
165.0	26.06700975789486	23.7223219273328	23.942498544041264	26.26816977073107	0.0
166.0	26.060253099864212	23.93722124992943	23.853131954823546	26.149393695382816	0.0
167.0	26.180373559632265	23.882916451242924	23.856174193126645	26.080535795998173	0.0
168.0	26.09955251288085	23.975325809844716	23.86330546195765	26.061816215316775	0.0
169.0	26.302199402161964	23.71681731472072	23.788724275433374	26.192259007683944	0.0
170.0	26.24136445349062	23.897249996285787	23.78938923472344	26.071996315500158	0.0
171.0	26.12815522441278	23.927557978873555	23.767995364661488	26.176291432052178	0.0
172.0	26.145389175296025	23.83277124901573	23.876153263308026	26.145686312380217	0.0
173.0	26.047333937512075	23.846736691972843	23.819400080227012	26.286529290288073	0.0
174.0	26.22004849291623	23.80669392412285	23.804911096320243	26.168346486640676	0.0
175.0	26.255705048968338	23.707746981078255	23.858693068365504	26.177854901587907	0.0
176.0	26.152598174384327	23.86077303413521	23.88781258914139	26.09881620233907	0.0
177.0	26.150815346581723	23.775494437577255	23.920200627555385	26.153489588285634	0.0
178.0	26.19716886944946	23.897321004088617	23.896726728154416	26.0087833983075	0.0
179.0	26.079502234477513	23.966257012456023	23.776980127412763	26.1772606256537	0.0
180.0	26.102678995911383	23.808476751925454	23.8901896928782	26.198654559284968	0.0
181.0	26.12504197086257	23.875998015112483	23.97702522411698	26.021934789907974	0.0
182.0	25.959018488034186	23.98333640377724	23.77028721526585	26.287357892922724	0.0
183.0	26.254375382567407	23.797921210428417	23.808023961348063	26.139679445656117	0.0
184.0	26.232981321796387	23.761670163010855	23.849326384225446	26.15602213096731	0.0
185.0	26.112936869692344	23.8035668653541	23.91410284600436	26.169393418949195	0.0
186.0	26.096297044648214	23.85734915701458	23.946788216626754	26.099565581710454	0.0
187.0	26.21515293782054	23.80000118855893	23.82466378639219	26.16018208722834	0.0
188.0	26.10402267770442	23.816938153335986	23.952433871552437	26.126605297407156	0.0
189.0	26.203267348503307	23.799406909093072	23.9135085665385	26.08381717586512	0.0
190.0	26.07282300574668	23.716207783872445	23.93074267104849	26.280226539332386	0.0
191.0	26.077060447315482	23.937648013169273	23.84999153149245	26.1353000080228	0.0
192.0	26.175788910679266	23.896713615023472	23.85422238069769	26.073275093599573	0.0
193.0	26.102989243477744	23.974267546205503	23.8702680216319	26.052475188684852	0.0
194.0	26.310096868128603	23.69257740536043	23.79568550543769	26.201640221073276	0.0
195.0	26.234998024003158	23.8994589037229	23.794864785359202	26.070678286914738	0.0
196.0	26.139318177090914	23.924716006168676	23.755641990972816	26.180323825767594	0.0
197.0	26.185672388638466	23.82101331495012	23.87212180460511	26.1211924918063	0.0
198.0	26.05166117448498	23.84835041406791	23.81477332493411	26.285215086513002	0.0
199.0	26.225567395063855	23.80860408037131	23.79850120937309	26.167327315191745	0.0
200.0	26.26808902623837	23.70338454223992	23.879594686952128	26.148931744569577	0.0
201.0	26.16022345704692	23.862062817579414	23.870977327429944	26.10673639794372	0.0
202.0	26.156374247457848	23.77795474941015	23.919697140785555	26.145973862346445	0.0
203.0	26.21566366737588	23.915976275094792	23.89398675874529	25.974373298784037	0.0
204.0	26.07570336736756	23.959658152167453	23.779878998228952	26.184759482236036	0.0
205.0	26.124153096398434	23.79739688577202	23.899916795435637	26.178533222393913	0.0
206.0	26.153352411007997	23.870271812289946	23.98556990838556	25.990805868316496	0.0
207.0	25.98079128951544	23.975228370885016	23.76572742887369	26.278252910725854	0.0
208.0	26.248566147408965	23.79868412450298	23.81086815688279	26.141881571205268	0.0
209.0	26.23758551212177	23.753202061206174	23.850972653951537	26.15823977272052	0.0
210.0	26.116196136701337	23.80564635958395	23.896582466567608	26.181575037147102	0.0
211.0	26.112488038561892	23.854822316923133	23.93714078538357	26.095548859131405	0.0
212.0	26.227354857115685	23.7818577338215	23.85377537920213	26.137012029860685	0.0
213.0	26.09764215706669	23.84024678003174	23.945152068090366	26.116958994811203	0.0
214.0	26.19170738085898	23.8323645138666	23.906957669127348	26.068970436147072	0.0
215.0	26.103159696631085	23.69950785763534	23.936960604835832	26.260371840897744	0.0
216.0	26.07442277915972	23.93820787380046	23.853211009174313	26.13415833786551	0.0
217.0	26.17643737257862	23.905290624758532	23.856253826356237	26.062018176306605	0.0
218.0	26.07776939033886	23.97423933523933	23.89875238497156	26.049238889450255	0.0
219.0	26.3092980818954	23.72279911316639	23.78788509204168	26.180017712896536	0.0
220.0	26.220514329359805	23.905348656817555	23.788550183222032	26.085586830600604	0.0
221.0	26.156022551318515	23.915156162233973	23.776067903601135	26.152753382846377	0.0
222.0	26.156914142720005	23.869685000757855	23.872062577828498	26.101338278693643	0.0
223.0	26.038926880589162	23.844126047248402	23.803410039913576	26.313537032248863	0.0
224.0	26.269065706099838	23.802857924081934	23.78978090041252	26.13829546940571	0.0
225.0	26.255394272263633	23.755305110738615	23.85189676284223	26.137403854155522	0.0
226.0	26.154655475771555	23.901219744162823	23.853071948261924	26.0910528318037	0.0
227.0	26.110837013832334	23.736395032961024	23.997646065779385	26.155121887427256	0.0
228.0	26.196293125995673	23.974308676320234	23.86998597141974	25.959412226264355	0.0
229.0	26.037140292580858	24.034191895474567	23.753915839906792	26.17475197203778	0.0
230.0	26.14831327091693	23.784514786743944	23.915589240600386	26.15158270173874	0.0
231.0	26.16059088409696	23.873144198903237	23.97241748279808	25.99384743420173	0.0
232.0	25.995862585527373	23.952419733564774	23.719690169479435	26.332027511428418	0.0
233.0	26.276602068719534	23.787302342170964	23.811675187254785	26.124420401854714	0.0
234.0	26.23797691091322	23.778668156796538	23.858623928473765	26.124731003816475	0.0
235.0	26.127108870632153	23.808094258640576	23.885077696798202	26.179719173929065	0.0
236.0	26.10808593610672	23.865460295568845	23.941849267022555	26.084604501301882	0.0
237.0	26.233079890855265	23.79486021032357	23.8352841864972	26.136775712323963	0.0
238.0	26.091001504009704	23.85252382339478	23.93129112990958	26.12518354268594	0.0
239.0	26.183002805916207	23.833939696580586	23.935594711561325	26.04746278594188	0.0
240.0	26.105024106914616	23.70889785921086	23.922620073836715	26.26345796003781	0.0
241.0	26.07227368396019	23.928320867569592	23.856082856701192	26.14332259176903	0.0
242.0	26.231969367248166	23.877136027969033	23.849488066783202	26.041406537999595	0.0
243.0	26.089399592692246	23.973777705103238	23.896181118163845	26.04064158404067	0.0
244.0	26.281144080394835	23.746803829458287	23.772373193791996	26.19967889635488	0.0
245.0	26.232881192652368	23.858993952296284	23.855128654935985	26.052996200115363	0.0
246.0	26.09996223688475	23.904051952531464	23.85082677434606	26.145159036237725	0.0
247.0	26.156915921756145	23.90880273104121	23.86508941899953	26.069191928203118	0.0
248.0	26.00695890085053	23.830071968119906	23.865758639148275	26.297210491881284	0.0
249.0	26.205551111203633	23.791623668800945	23.879354184448204	26.12347103554721	0.0
