# Position (bp)	A	C	G	T	N
0.0	26.151223579699874	23.84607284845484	23.743337118333915	26.25936645351137	0.0
1.0	26.286402171964244	23.640316801702966	23.73451493652298	26.338766089809813	0.0
2.0	26.251056479312922	23.667413197952207	23.79945532622089	26.282074996513977	0.0
3.0	26.19647211812343	23.805662025615415	23.65228822891679	26.34557762734436	0.0
4.0	26.21918081065316	23.78750586862809	23.76901079827569	26.224302522443054	0.0
5.0	26.22608923272151	23.625815519699085	23.868799845218415	26.279295402360987	0.0
6.0	26.28787663242951	23.861780521808402	23.65863373829914	26.19170910746294	0.0
7.0	26.230049219038946	23.739508947622976	23.81234174514211	26.218100088195968	0.0
8.0	26.339866120070894	23.655724320003184	23.817597842445	26.186811717480918	0.0
9.0	26.295875898600073	23.786765437999083	23.678947652900696	26.238411010500144	0.0
10.0	26.35690228027855	23.705680214828636	23.64252878794775	26.294888716945064	0.0
11.0	26.258761549315007	23.75034135906422	23.849904419462018	26.140992672158752	0.0
12.0	26.205776347866657	23.85325015574463	23.66749446004261	26.273479036346103	0.0
13.0	26.24019662226167	23.777013514935838	23.783556211721667	26.199233651080828	0.0
14.0	26.208620998643102	23.829070624144826	23.65696925216976	26.305339125042316	0.0
15.0	26.188708443207968	23.59125781923382	23.87287824610212	26.347155491456093	0.0
16.0	26.129539707057862	23.839880297095327	23.811433789330852	26.21914620651596	0.0
17.0	26.23194713500997	23.770186353072365	23.80887360363205	26.188992908285613	0.0
18.0	26.242472342882827	23.76136793566538	23.772177608615877	26.22398211283592	0.0
19.0	26.197242395537312	23.836751181241233	23.76734170229592	26.198664720925535	0.0
20.0	26.24816164443572	23.791236768818074	23.823665787669576	26.13693579907663	0.0
21.0	26.35256032793134	23.823096857514287	23.597516050942005	26.226826763612365	0.0
22.0	26.318140053536325	23.674890552061374	23.82736383367896	26.17960556072334	0.0
23.0	26.218577276360666	23.78782318788634	23.763643656286536	26.22995587946646	0.0
24.0	26.248371442063164	23.691037668758426	23.840665873959573	26.219925015218838	0.0
25.0	26.156489483355994	23.844648373717778	23.745370344031087	26.25349179889514	0.0
26.0	26.293316796477196	23.63784285055954	23.727733559387605	26.34110679357566	0.0
27.0	26.254629655968913	23.670556241430514	23.796858376619312	26.27795572598126	0.0
28.0	26.192616445448287	23.80254766198818	23.655764099471465	26.349071793092072	0.0
29.0	26.215658051192193	23.7869021272238	23.772394449533195	26.225045372050815	0.0
30.0	26.227321086198362	23.63243802945912	23.852044444697302	26.28819643964522	0.0
31.0	26.284498404155453	23.856026944455508	23.65320392105548	26.206270730333564	0.0
32.0	26.229027871809024	23.747077129641745	23.810228197236142	26.213666801313085	0.0
33.0	26.33826215089123	23.65889320642434	23.815348554068123	26.187496088616307	0.0
34.0	26.300143938919835	23.787186591492244	23.670840705698957	26.241828763888968	0.0
35.0	26.350494114434287	23.710665703281013	23.63528267214355	26.30355751014115	0.0
36.0	26.2657237624382	23.746223736836416	23.844648373717778	26.143404127007607	0.0
37.0	26.19794674275116	23.849416423213356	23.67248015156213	26.280156682473354	0.0
38.0	26.24203857893434	23.77687824110554	23.773464679594582	26.207618500365538	0.0
39.0	26.209325281121014	23.830641834903098	23.651714319037147	26.308318564938745	0.0
40.0	26.190835156270005	23.587141113788228	23.878147232597236	26.34387649734453	0.0
41.0	26.129959975991284	23.84145144635446	23.803617806274698	26.224970771379564	0.0
42.0	26.237202700127156	23.764077385439453	23.809022612000376	26.189697302433018	0.0
43.0	26.23464252899394	23.75895704317302	23.774886996890814	26.231513430942226	0.0
44.0	26.185999277462813	23.83832234830275	23.76834433732815	26.20733403690629	0.0
45.0	26.243745359689818	23.7913858775271	23.830926298362343	26.133942464420734	0.0
46.0	26.347858985773982	23.81869436961475	23.60164875020979	26.231797894401478	0.0
47.0	26.308887491857234	23.675609249613842	23.826943809932896	26.18855944859603	0.0
48.0	26.213876696468958	23.787972316016145	23.771473435379857	26.22667755213504	0.0
49.0	26.254195824088296	23.693178585651705	23.8405302383797	26.2120953518803	0.0
50.0	26.145815554417705	23.852193207031917	23.749786653012457	26.252204585537918	0.0
51.0	26.282073163793594	23.642544233942083	23.740399385560675	26.334983216703645	0.0
52.0	26.25163566023781	23.674404050748137	23.798145303521647	26.275814985492406	0.0
53.0	26.187062638675542	23.81663537577516	23.65164703874381	26.344654946805484	0.0
54.0	26.21237981453035	23.790749274620243	23.773681515617	26.223189395232403	0.0
55.0	26.21380212778062	23.640552995391705	23.857597997382943	26.288046879444728	0.0
56.0	26.280366387893267	23.865562951584458	23.648517949593217	26.20555271092905	0.0
57.0	26.230585424133814	23.747226489161974	23.811799510724242	26.210388575979977	0.0
58.0	26.328156113102352	23.667861409796895	23.814644137224782	26.189338339875974	0.0
59.0	26.288331342094786	23.782215395118623	23.678386527848893	26.2510667349377	0.0
60.0	26.34124139500484	23.714797747055812	23.637708368891165	26.306252489048187	0.0
61.0	26.270125732491323	23.74182169881095	23.839961313079595	26.148091255618137	0.0
62.0	26.19722877274628	23.84928073823537	23.674621167943428	26.27886932107493	0.0
63.0	26.229657422605047	23.789543751653436	23.773044964883187	26.207753860858336	0.0
64.0	26.207753860858336	23.82652379096606	23.651864220674117	26.31385812750149	0.0
65.0	26.194099692496746	23.58530014991139	23.874028918390742	26.346571239201115	0.0
66.0	26.124122079643623	23.83818672644158	23.804335767378486	26.23335542653631	0.0
67.0	26.230226346286777	23.769631422792788	23.814291931808807	26.185850299111625	0.0
68.0	26.235631121263236	23.757399563635538	23.773044964883187	26.23392435021804	0.0
69.0	26.189548303042887	23.840462421168514	23.771622655678854	26.19836662010975	0.0
70.0	26.245302823852697	23.796939759515958	23.82567040544346	26.13208701118788	0.0
71.0	26.342019849747256	23.82567040544346	23.60009216563644	26.23221757917284	0.0
72.0	26.31442705118322	23.679457019238153	23.815998702854007	26.190117226724617	0.0
73.0	26.21514986872086	23.790966060857766	23.769915884633654	26.223968185787715	0.0
74.0	26.265424899443023	23.69617286127973	23.828447241012455	26.209954998264788	0.0
75.0	26.14225327272417	23.86315148687781	23.73685078881044	26.257744451587577	0.0
76.0	26.281639178248973	23.642409726291596	23.741402165317375	26.33454893014206	0.0
77.0	26.24579708825688	23.681665348663884	23.800001137844127	26.272536425235103	0.0
78.0	26.186060271603395	23.819913410061954	23.646676641766845	26.347349676567806	0.0
79.0	26.211661764454885	23.790329462766895	23.769563807454016	26.2284449653242	0.0
80.0	26.219911134373703	23.63501373946783	23.856608883149097	26.288466243009367	0.0
81.0	26.286190554755905	23.864004869972863	23.647530024861894	26.20227455040934	0.0
82.0	26.219911134373703	23.75676306102827	23.807681585699576	26.215644218898454	0.0
83.0	26.319756956494526	23.668295680174772	23.825887091727303	26.186060271603395	0.0
84.0	26.279363489995504	23.79146730689363	23.67739843318864	26.251770769922228	0.0
85.0	26.338246923553942	23.714662828339144	23.64440095351338	26.302689294593534	0.0
86.0	26.266278282538075	23.74737584698272	23.84494598085008	26.14139988962912	0.0
87.0	26.199924333580814	23.853696418361338	23.677046620185866	26.269332627871982	0.0
88.0	26.231783878501354	23.792253010300303	23.779167840065085	26.19679527113326	0.0
89.0	26.207604759588442	23.822121333663308	23.652014120605443	26.318259786142807	0.0
90.0	26.184847941788057	23.592277473879438	23.871901872601644	26.350972711730858	0.0
91.0	26.12226669283701	23.83890448679109	23.804200339645508	26.234628480726396	0.0
92.0	26.226663594496262	23.76466036871734	23.813018606543153	26.19565743024324	0.0
93.0	26.23235279894636	23.75584210181969	23.7683583516099	26.243446747624045	0.0
94.0	26.190252686015654	23.832930822118488	23.780305680955106	26.196510810910755	0.0
95.0	26.248282571406627	23.795097612525353	23.82354363477583	26.133076181292186	0.0
96.0	26.346990268615787	23.822690254108316	23.596544377217015	26.23377510005888	0.0
97.0	26.317690865697795	23.67676215996336	23.81500982810069	26.190537146238157	0.0
98.0	26.216707486708597	23.793959771635333	23.77461647650501	26.21471626515106	0.0
99.0	26.2692579022825	23.68835764513119	23.83712991830326	26.20525453428305	0.0
100.0	26.145802516896886	23.85647315840976	23.744111690144052	26.2536126345493	0.0
101.0	26.294005871242295	23.63999954486494	23.740413717770746	26.325580866122024	0.0
102.0	26.258732903989255	23.675841430944633	23.80413262635687	26.261293038709237	0.0
103.0	26.187902510069865	23.824044785290035	23.63999954486494	26.348053159775166	0.0
104.0	26.2149261543363	23.8044170857702	23.752929931957308	26.227726827936188	0.0
105.0	26.22118426142958	23.63175022187834	23.85675761782309	26.290307898868992	0.0
106.0	26.288885601802335	23.864153562569694	23.64654211137155	26.200418724256423	0.0
107.0	26.226873449696196	23.744111690144052	23.808683976970165	26.220330883189586	0.0
108.0	26.330416676148648	23.667023189131374	23.818924515850078	26.1836356188699	0.0
109.0	26.286041007669027	23.795883303370275	23.672427917984663	26.24564777097604	0.0
110.0	26.34606194388185	23.706847506997704	23.64711103019821	26.29997951892224	0.0
111.0	26.266413308149193	23.75349885078397	23.845663700703184	26.134424140363656	0.0
112.0	26.200059736306873	23.855267462202562	23.677765293205706	26.26690750828486	0.0
113.0	26.2435819027436	23.78500618697464	23.766800836308295	26.20461107397346	0.0
114.0	26.211722539077503	23.816296633432422	23.654155229060294	26.31782559842979	0.0
115.0	26.188965850744573	23.593565546373867	23.87261943705642	26.344849165825146	0.0
116.0	26.13292750572473	23.83080402224466	23.79353994509949	26.24272852693112	0.0
117.0	26.221394131618997	23.773912301412338	23.808047333911734	26.196646233056935	0.0
118.0	26.23135018276465	23.748879944246113	23.771636632579042	26.248133240410187	0.0
119.0	26.19237935399451	23.831088480848823	23.77846363907892	26.198068526077744	0.0
120.0	26.252969036680934	23.791264276266197	23.82511485016143	26.130651836891438	0.0
121.0	26.347693751866757	23.83194185666131	23.600677011477906	26.219687379994028	0.0
122.0	26.32806610817961	23.668093700664212	23.811745295765835	26.19209489539035	0.0
123.0	26.209731328848367	23.78984198324539	23.77647242884979	26.223954259056452	0.0
124.0	26.263284254602553	23.693477914571147	23.83798329654325	26.20525453428305	0.0
125.0	26.148362651616868	23.852206267209795	23.739844798944088	26.259586282229254	0.0
126.0	26.295997087135607	23.641706301344925	23.74126709601074	26.321029515508727	0.0
127.0	26.262999795189224	23.667592107958036	23.799581275743577	26.269826821109167	0.0
128.0	26.1910315636165	23.8237603258767	23.641706301344925	26.343501809161868	0.0
129.0	26.220899802016252	23.795598843956945	23.752645472543975	26.230855881482828	0.0
130.0	26.216063991989625	23.627198871265048	23.861593427849716	26.295143708895612	0.0
131.0	26.283196413535713	23.861308968436383	23.64625765195822	26.209236966069682	0.0
132.0	26.213219397856314	23.749800878410667	23.813804246410122	26.223175477322897	0.0
133.0	26.332407892041964	23.664178594998063	23.81408870582345	26.189324807136515	0.0
134.0	26.28006735998908	23.784220467423708	23.682383997451243	26.25332817513597	0.0
135.0	26.3418699846107	23.710897386663937	23.645471535487836	26.301761093237523	0.0
136.0	26.259945440529325	23.75271303937214	23.852274117248815	26.13506740284972	0.0
137.0	26.18975826501528	23.858884571402562	23.679958582473787	26.271398581108375	0.0
138.0	26.22567495683292	23.788690366130837	23.77276050304232	26.212874173993928	0.0
139.0	26.20604708981314	23.823679172557398	23.656131148287113	26.314142589342353	0.0
140.0	26.182436757021225	23.590704924887852	23.86890860525515	26.357949712835772	0.0
141.0	26.13066470198355	23.82965287121559	23.799784377924624	26.23989804887623	0.0
142.0	26.212020788471328	23.773613888564917	23.81173177524101	26.20263354772274	0.0
143.0	26.22681280419638	23.75085694129561	23.774182812246654	26.24814744226136	0.0
144.0	26.179023214930837	23.83562656987378	23.78072543458658	26.204624780608803	0.0
145.0	26.25021334698754	23.784206633669	23.832280821528133	26.13329919781533	0.0
146.0	26.344939409455538	23.8300051203277	23.592478807532572	26.23257666268419	0.0
147.0	26.32388917335154	23.66274108209592	23.811515048074188	26.201854696478357	0.0
148.0	26.1984411446777	23.792171587870513	23.78363770836889	26.225749559082896	0.0
149.0	26.26401697682754	23.691037668758426	23.832131945906273	26.212813408507756	0.0
150.0	26.14368859127605	23.85460462311329	23.73768980878312	26.26401697682754	0.0
151.0	26.294454653550968	23.63784285055954	23.741956772809765	26.325745723079724	0.0
152.0	26.26686161951197	23.666858205940752	23.796858376619312	26.26942179792796	0.0
153.0	26.188065017153196	23.82814944614807	23.63926517190176	26.34452036479698	0.0
154.0	26.213097872776203	23.800840876377517	23.748783915252407	26.237277335593877	0.0
155.0	26.215089122655304	23.62532642274804	23.86086283701904	26.298721617577613	0.0
156.0	26.2762489403706	23.861147301287485	23.651497135444817	26.211106622897095	0.0
157.0	26.215089122655304	23.758740164647918	23.808805875893928	26.217364836802847	0.0
158.0	26.337408758085896	23.66429802752476	23.81335730418902	26.18493591020032	0.0
159.0	26.286774118303	23.787186591492244	23.689046418879325	26.23699287132543	0.0
160.0	26.35000014223254	23.70987975661168	23.645875114141614	26.29424498701417	0.0
161.0	26.256980061842704	23.760799005510087	23.850974435123472	26.13124649752373	0.0
162.0	26.201868371944837	23.855024805425334	23.67950935323836	26.26359746939147	0.0
163.0	26.23437211088512	23.77970899056993	23.770321589599895	26.215597308945053	0.0
164.0	26.198813773877422	23.82550812863584	23.667629112321677	26.308048985165062	0.0
165.0	26.19255550656407	23.5993571052669	23.862773265819904	26.34531412234913	0.0
166.0	26.132533033695083	23.824370261851595	23.8036041930391	26.239492511414227	0.0
167.0	26.212183708592317	23.770890522992023	23.812138193920944	26.204787574494716	0.0
168.0	26.222424509650534	23.749839987483465	23.77458859004082	26.25314691282518	0.0
169.0	26.17947003854524	23.83802466326255	23.775157523432945	26.20734777475927	0.0
170.0	26.240989491770357	23.797129153936748	23.839230344717723	26.122651009575176	0.0
171.0	26.343397793670032	23.83154972207525	23.592312550137397	26.232739934117326	0.0
172.0	26.323769535805923	23.664851763983	23.81675741180085	26.194621288410225	0.0
173.0	26.20685339113713	23.794568946389255	23.77579409104098	26.222783571432632	0.0
174.0	26.276697427261247	23.685752648407544	23.829125086763085	26.208424837568128	0.0
175.0	26.156366987927132	23.849322394547297	23.734965806811328	26.259344810714246	0.0
176.0	26.301730710148718	23.6331258605191	23.747766917378787	26.317376511953395	0.0
177.0	26.268732291797047	23.6678310936131	23.80010923614351	26.263327378446345	0.0
178.0	26.18595177679415	23.82628039552587	23.65275423005587	26.335013597624112	0.0
179.0	26.209847183186735	23.804091803875608	23.755163114595543	26.230897898342114	0.0
180.0	26.215821034784888	23.629712231034443	23.857571999135214	26.296894735045456	0.0
181.0	26.277266365508687	23.857287530011494	23.650762946189822	26.214683158289997	0.0
182.0	26.216389973032328	23.761990373564853	23.80210052000956	26.21951913339326	0.0
183.0	26.336720412366443	23.668968970107983	23.80921224810259	26.18509836942298	0.0
184.0	26.28722278483893	23.78986834768954	23.690873092634526	26.232035774836998	0.0
185.0	26.363535506114683	23.7037416330281	23.646278706572108	26.28644415428511	0.0
186.0	26.25828163092302	23.75210152162967	23.85365728769298	26.13595955975433	0.0
187.0	26.198333001450802	23.85429408585327	23.685318464995873	26.262054447700056	0.0
188.0	26.23538882994006	23.77613226789255	23.77186519462121	26.216613707546177	0.0
189.0	26.197838585152294	23.829328448008557	23.66717966369773	26.30565330314142	0.0
190.0	26.193002568778113	23.59492388963642	23.8640339772821	26.34803956430337	0.0
191.0	26.135539315390766	23.829897391111402	23.800312349763463	26.234250943734374	0.0
192.0	26.222303138574627	23.761908690321423	23.814251455783165	26.201536715320785	0.0
193.0	26.219458423060406	23.756503730844397	23.77072730841552	26.25331053767968	0.0
194.0	26.178210048104138	23.830750805765668	23.77186519462121	26.219173951508978	0.0
195.0	26.236032407091326	23.79696638674586	23.841913019731003	26.125088186431807	0.0
196.0	26.346692155390183	23.837361461960356	23.58588789513211	26.230058487517354	0.0
197.0	26.31454677863499	23.661557543069115	23.821999954484422	26.201895723811475	0.0
198.0	26.206731753942787	23.793552718417878	23.775062014974623	26.22465351266471	0.0
199.0	26.27259434579519	23.690424036913342	23.82896286476676	26.20801875252471	0.0
200.0	26.15709791025415	23.849160517287483	23.732810659808948	26.26093091264942	0.0
201.0	26.295921212086732	23.62755528751785	23.74618093682971	26.33034256356571	0.0
202.0	26.25837064683693	23.67250217622594	23.793688091350283	26.275439085586843	0.0
203.0	26.189243469899807	23.823842333141787	23.644339252288592	26.34257494466981	0.0
204.0	26.197493215295598	23.811894426016853	23.753577260288	26.23703509839955	0.0
205.0	26.211716914253852	23.63637398087197	23.86053947645409	26.291369628420085	0.0
206.0	26.27771487742016	23.859686054516594	23.656287159413527	26.206311908649717	0.0
207.0	26.215415075983	23.76893885516292	23.797101779100267	26.218544289753815	0.0
208.0	26.330058089586544	23.681036395600895	23.802791258683566	26.186114256128988	0.0
209.0	26.295352264128404	23.783162554121173	23.682174291517555	26.23931089023287	0.0
210.0	26.352322025460495	23.704999644406517	23.645828888414762	26.29684944171823	0.0
211.0	26.25702297133917	23.76473934997511	23.844392290733236	26.13384538795249	0.0
212.0	26.210159192544463	23.858114950899513	23.680602177945175	26.25112367861085	0.0
213.0	26.24294854106275	23.773977805150732	23.76402113090751	26.219052522879018	0.0
214.0	26.190320405777147	23.83343337420311	23.670143916614276	26.306102303405467	0.0
215.0	26.18918250014935	23.59475766877274	23.86586368459532	26.350196146482592	0.0
216.0	26.135131982829	23.824330129180737	23.8021409694387	26.238396918551558	0.0
217.0	26.216207758809524	23.762029796058865	23.813804502123617	26.207957943007997	0.0
218.0	26.215069853181728	23.74865940493225	23.775400187185475	26.260870554700546	0.0
219.0	26.184346401231213	23.818071648227853	23.77454675796463	26.223035192576305	0.0
220.0	26.23477335700184	23.79993286337697	23.83606146983688	26.12923230978431	0.0
221.0	26.34827976627352	23.830940879944926	23.586574951212157	26.2342044025694	0.0
222.0	26.316702795273127	23.663383799591493	23.817570450782597	26.202342954352787	0.0
223.0	26.201489522704126	23.796234659566114	23.764373211349504	26.237902606380253	0.0
224.0	26.282430587164313	23.678311333636778	23.819981793354575	26.219276285844334	0.0
225.0	26.154984069185254	23.85241238051889	23.731508875739646	26.26109467455621	0.0
226.0	26.297223486572598	23.63563950842057	23.735207100591715	26.331929904415112	0.0
227.0	26.265930814747385	23.66323395539372	23.791533909877106	26.279301319981798	0.0
228.0	26.19054392353209	23.824817933545745	23.632225762403277	26.352412380518892	0.0
229.0	26.209604005461994	23.807180245789713	23.746586253982706	26.23662949476559	0.0
230.0	26.212733272644517	23.63905325443787	23.857532999544834	26.29068047337278	0.0
231.0	26.27901684114702	23.858670914883934	23.64445835229859	26.21785389167046	0.0
232.0	26.21557806099226	23.767922166590804	23.79295630405098	26.223543468365957	0.0
233.0	26.33733500227583	23.682009558488847	23.794663177059626	26.185992262175695	0.0
234.0	26.29551661356395	23.781292671825216	23.68400091033227	26.239189804278563	0.0
235.0	26.35419422563218	23.69943018727295	23.645094575257666	26.301281011837197	0.0
236.0	26.25775562629616	23.754334758576352	23.84622168360743	26.141687931520057	0.0
237.0	26.210037608315933	23.855677376407467	23.685842545758682	26.24844246951792	0.0
238.0	26.249370585206407	23.776374969062665	23.76072849961737	26.21352594611356	0.0
239.0	26.189345038789018	23.830710890227216	23.66656520168299	26.313378869300774	0.0
240.0	26.179861907295244	23.602359012583108	23.869782050224323	26.347997029897325	0.0
241.0	26.13180841832743	23.832771447673508	23.795786568798988	26.239633565200077	0.0
242.0	26.21955036104267	23.763379063508232	23.810038636402435	26.207031939046665	0.0
243.0	26.21243203409747	23.749014832286754	23.775475654620827	26.263077478994944	0.0
244.0	26.17323435094738	23.824631590329016	23.77853592189914	26.223598136824467	0.0
245.0	26.233058166369304	23.79952365098471	23.837369779439594	26.13004840320639	0.0
246.0	26.34793075874551	23.83177437117433	23.592167531281213	26.228127338798952	0.0
247.0	26.307117000204904	23.66755458415864	23.818955900097897	26.206372515538558	0.0
248.0	26.194474169531663	23.80467202477175	23.770519796908086	26.230334008788507	0.0
249.0	26.27573527319092	23.68072038842688	23.832414063967487	26.211130274414714	0.0
