# Position (bp)	A	C	G	T	N
0.0	27.405204488937546	21.84551062354297	25.60102680245339	25.146878648453086	0.0013794366130065825
1.0	25.565349555507904	20.67775482896867	24.532527742351338	29.224305171507865	6.270166422757193E-5
2.0	26.346236081798086	21.829270892508028	24.26905534926708	27.46100897010009	0.09442870632672333
3.0	27.273434090601285	22.83886444920419	22.957370445983837	26.929578595183518	7.524190271723591E-4
4.0	27.067898293012032	23.24473181277808	22.882253946437796	26.804739738258498	3.7620951358617957E-4
5.0	26.540013643865024	23.065781487482255	24.70348420170849	25.690657965358625	6.270158559769659E-5
6.0	26.374197577464574	23.006436936705338	24.604698349320127	26.01466713650996	0.0
7.0	25.683226970677016	23.754842123875605	24.15374911120614	26.40818179424124	0.0
8.0	25.535502220260366	23.883317511653075	24.282600708025416	26.298579560061146	0.0
9.0	25.718277113072137	23.719729279973514	24.382735014653342	26.179258592301007	0.0
10.0	25.3438864149661	24.17494222056133	24.456722792875603	26.02444857159697	0.0
11.0	25.639837527855146	23.97975242936989	24.649091016253486	25.731319026521483	0.0
12.0	25.86756940116299	23.69960209623678	24.57610646214271	25.85672204045752	0.0
13.0	25.559266091401238	24.042892846886684	24.377405386561062	26.020435675151017	0.0
14.0	25.555127791941352	24.25877413537757	24.442552252300832	25.74354582038025	0.0
15.0	25.8032376550138	24.06477567281852	24.428256308712122	25.703730363455556	0.0
16.0	25.545095550826467	24.295893427502637	24.421359142945644	25.737651878725252	0.0
17.0	25.55205541809992	24.396842853721147	24.596359048893383	25.454742679285552	0.0
18.0	25.6222811059041	24.23544917478547	24.568958490348358	25.573311228962076	0.0
19.0	25.323445723694523	24.434526459408925	24.51033258133326	25.73169523556329	0.0
20.0	25.39442382958232	24.549395620174337	24.66696094573937	25.389219604503978	0.0
21.0	25.648302231295826	24.202342779106353	24.50211868392045	25.647236305677374	0.0
22.0	25.467032174651283	24.35088264911359	24.43471456392983	25.747370612305296	0.0
23.0	25.58672935145323	24.429886547893293	24.52801440629824	25.455369694355234	0.0
24.0	25.720471665816014	24.258899538391507	24.431579488581427	25.58904930721105	0.0
25.0	25.486281537290466	24.452647194922683	24.388064642745626	25.67294392353426	6.270150696801848E-5
26.0	25.557134240164324	24.462115122474852	24.607331812612784	25.373418824748033	0.0
27.0	25.66529433968416	24.27162794430601	24.49415559253551	25.568922123474312	0.0
28.0	25.433486868423394	24.54011579714307	24.373705997649946	25.65269133678359	0.0
29.0	25.543402610138333	24.553157710592416	24.525380943005583	25.37805873626367	0.0
30.0	25.64704820115647	24.33094356989776	24.424745024321915	25.596949697089023	3.1350753484009233E-4
31.0	25.47737792330101	24.514345477779212	24.3281220020842	25.68015459683558	0.0
32.0	25.599395055860775	24.502557594469227	24.39358237535881	25.50446497431119	0.0
33.0	25.84248879837578	24.154877738331564	24.315957909732404	25.686675553560256	0.0
34.0	25.6501205749979	24.380728566430363	24.25181426810412	25.717336590467614	0.0
35.0	25.72606461594581	24.39928050766976	24.31456405934554	25.560090817038887	0.0
36.0	26.026665521717828	24.088060877603283	24.190601148653084	25.694672452025802	0.0
37.0	25.742834320649123	24.259925553196094	24.15359110343563	25.843649022719156	0.0
38.0	25.8827020455829	24.296649404767603	24.231303065981297	25.589345483668204	0.0
39.0	26.072325474270936	24.129884931197065	23.98045160216813	25.817337992363864	0.0
40.0	25.77482495390798	24.31082074865867	23.95548495017919	25.95886934725416	0.0
41.0	25.9050338138761	24.27905524892185	24.020716713118844	25.79519422408321	0.0
42.0	26.137439117287226	24.06005665348709	23.852041405191148	25.95046282403453	0.0
43.0	25.96679261589841	24.133904528437274	23.831012853223577	26.068290002440737	0.0
44.0	26.08863796658444	24.17272693526452	23.807929699759388	25.930705398391652	0.0
45.0	26.24712811529809	23.921029754059283	23.748802170149634	26.083039960492986	0.0
46.0	26.058912300722902	24.093664921538657	23.62045340008413	26.226969377654306	0.0
47.0	26.29324962790143	24.087803275313455	23.653694157893884	25.965252938891226	0.0
48.0	26.366016099161776	23.783152450185735	23.60828001958801	26.242551431064488	0.0
49.0	26.138420619303155	24.08996420584268	23.484441511879805	26.28717366297436	0.0
50.0	26.280347609792166	24.068772170984268	23.567723733078644	26.083156486144926	0.0
51.0	26.416186901305196	23.874556220202813	23.446751736793615	26.262505141698377	0.0
52.0	26.164192705508217	24.044949740722256	23.41171073716707	26.379146816602457	0.0
53.0	26.34166205192437	24.00466148389514	23.47156962239921	26.182106841781284	0.0
54.0	26.522550327519944	23.73915763913316	23.35514638301597	26.383145650330924	0.0
55.0	26.366228279499833	23.934113272382437	23.24470138073282	26.454791064039938	1.660033449674011E-4
56.0	26.438701614042976	23.92705050205778	23.374761401232455	26.25914593134826	3.405513185295675E-4
57.0	26.61250204363187	23.681474947040428	23.28629992909581	26.419198511624003	5.245686078910856E-4
58.0	26.393360160965795	23.901983328542684	23.140809140557632	26.56384736993389	0.0
59.0	26.534890658175076	23.93458792368283	23.163159853601368	26.36736156454072	0.0
60.0	26.694274533642336	23.674347479199117	23.13228980661829	26.498993199346526	9.498119372364272E-5
61.0	26.409302580290593	23.945480042010644	23.081113008239797	26.564104369458967	0.0
62.0	26.533917999643396	23.94915699861892	23.11104126813357	26.405883733604107	0.0
63.0	26.73084073710166	23.652521089574343	23.095498744284885	26.521139429039113	0.0
64.0	26.50580979199616	23.84168477538757	23.00161156900816	26.650893863608115	0.0
65.0	26.566402732701043	23.894652073972306	23.027187632049948	26.511757561276706	0.0
66.0	26.85166031417681	23.59766167420013	22.99102270324634	26.55965530837672	0.0
67.0	26.64662556823486	23.735703287756376	22.853587722936542	26.764083421072222	0.0
68.0	26.652778643741648	23.79411984043444	23.001793462115405	26.551308053708507	0.0
69.0	26.83211645586916	23.5929155844238	22.916811633441338	26.658156326265704	0.0
70.0	26.667505531263437	23.7612329212411	22.818427758029507	26.752833789465956	0.0
71.0	26.690521068746065	23.877051530672567	22.890985020105916	26.54144238047545	0.0
72.0	27.0097505681722	23.59014341061227	22.827129024435635	26.57297699677989	0.0
73.0	26.724460941296318	23.796594987324877	22.697986616473564	26.780957454905245	0.0
74.0	26.815171235687295	23.74198686286251	22.837098887203602	26.605743014246592	0.0
75.0	26.942603567109845	23.64449510145962	22.739614873376755	26.67328645805378	0.0
76.0	26.73535560390802	23.78547260154837	22.693439927536946	26.785731867006668	0.0
77.0	26.728155406050845	23.928240014192333	22.71438611334762	26.629218466409206	0.0
78.0	26.896691166037627	23.556109707993983	22.764550639916	26.782648486052384	0.0
79.0	26.771448707966954	23.750309032608012	22.69922917120222	26.779013088222815	0.0
80.0	26.77629936831596	23.772824146074534	22.761553673943514	26.689130810437188	1.9200122880786436E-4
81.0	27.00852616810102	23.548892557490678	22.59014833853644	26.85243293587186	0.0
82.0	26.806714995547193	23.758000482733937	22.50310031710626	26.932184204612607	0.0
83.0	27.024881578262455	23.63901757673555	22.73545538146548	26.600645463536516	0.0
84.0	26.993719501174766	23.56316645581059	22.64436110609073	26.798752936923908	0.0
85.0	26.752526477103395	23.799614407687365	22.47781902584975	26.970040089359486	0.0
86.0	26.853894805044998	23.668742161672636	22.751335736882535	26.726027296399828	0.0
87.0	26.812031768125433	23.67001678470545	22.563914930200188	26.954036516968927	0.0
88.0	26.875606970961442	23.8154061236033	22.442184348420007	26.86653575659264	2.668004226118694E-4
89.0	26.840778438781697	23.916067960354606	22.56543104071945	26.677722560144247	0.0
90.0	27.045876887340302	23.62717770034843	22.549361207897796	26.777584204413472	0.0
91.0	26.872238686569332	23.764113379756733	22.296564304891426	27.067083628782505	0.0
92.0	27.02193147560586	23.701683848905958	22.446151948146436	26.830232727341745	0.0
93.0	27.22894908939577	23.552512501403726	22.246553443913783	26.971984965286723	0.0
94.0	26.81616920749608	23.82450662780015	22.172219190572566	27.187104974131206	0.0
95.0	26.919245884419652	23.81585381313726	22.271401923320717	26.99349837912237	0.0
96.0	27.1582898471116	23.584027587048734	22.190179743049836	27.06750282278983	0.0
97.0	26.873671639374123	23.830536607088636	22.10796915167095	27.187822601866284	0.0
98.0	26.9807271210594	23.86734906676862	22.182492787876683	26.969431024295297	0.0
99.0	27.260669241867173	23.508167729324708	22.373062782147347	26.858100246660772	0.0
100.0	27.608010531774845	23.303047831810748	22.37403757928751	26.714904057126898	0.0
101.0	27.162183878628436	23.773755602245064	22.44885812407373	26.614607203014053	5.951920387112902E-4
102.0	27.158784841841527	23.41622298778578	22.52427184466019	26.900720325712495	0.0
103.0	27.02226387944634	23.514696272631863	22.306783453574564	27.155596332697474	6.600616497580874E-4
104.0	27.079089878970308	23.53787652329874	22.474261204457452	26.907382046451488	0.0013903468220147516
105.0	27.191901408450704	23.513791079812208	22.4831279342723	26.810446009389672	7.335680751173709E-4
106.0	27.03692543056489	23.654991771168955	22.301291115180454	27.006791683085694	0.0
107.0	26.940393461877264	23.63462856024273	22.471534370819874	26.9526279729862	8.156340739290725E-4
108.0	27.37714501874205	23.522989098662265	22.434574779050173	26.665291103545513	0.0
109.0	27.061895393430586	23.69287119556841	22.372822963036835	26.871503821430835	9.066265333321246E-4
110.0	27.23018622365978	23.387050469865454	22.622442534785357	26.758406859461424	0.0019139122279852247
111.0	27.23799898938858	23.4411318847903	22.332491157150073	26.984335522991408	0.00404244567963618
112.0	26.74269742035974	23.752320396014255	22.298205560415642	27.20570977446818	0.001066848742185333
113.0	27.210769404077954	23.5428635800383	22.409597837107132	26.836769178776613	0.0
114.0	27.37970586835467	23.637618390366953	22.201465898814906	26.781209842463472	0.0
115.0	27.211679933602444	23.709460394109733	21.916223387532852	27.160121225839717	0.0025150589152550897
116.0	27.368294987291915	23.386871415454628	22.513938974570518	26.728233243289996	0.0026613793929393605
117.0	27.164888976444434	23.343089522415784	22.196268257675964	27.294346100807697	0.0014071426561224779
118.0	27.099629017118847	23.659470492706983	22.416901324513177	26.82399916566099	0.0
119.0	27.198109491925955	23.34147302087436	22.385191020086648	27.073651043718	0.0015754233950374165
120.0	27.27060627270606	23.64430223644302	22.227777222277773	26.85564776855648	0.0016665000166650003
121.0	27.334590906686884	23.521322920155846	22.128589813655836	27.015496359501434	0.0
122.0	27.20743241982725	23.722552842191668	22.526724250508366	26.543290487472714	0.0
123.0	27.361505681818183	23.3526672979798	22.263652146464647	27.022174873737377	0.0
124.0	27.376830336656795	23.8246214175462	21.93275207542447	26.861624462892664	0.004171707479871512
125.0	27.16280916973722	23.687752355316285	22.32641263817488	26.81861306621362	0.004412770557994837
126.0	27.251278936672197	23.252119881333364	22.62141138545633	26.87285383914597	0.0023359573921371674
127.0	26.930389905425095	23.828925599427116	22.21892979726893	27.02175469787885	0.0
128.0	27.43888089946398	23.26055693554713	22.361092953327233	26.939469211661653	0.0
129.0	27.561739516061973	23.30718700629175	22.21236730508052	26.91870617256576	0.0
130.0	27.665325068304004	23.45544816240195	22.206880343135815	26.672346426158228	0.0
131.0	27.574388534039567	23.67035363763826	22.146751830503195	26.608505997818977	0.0
132.0	27.370121308016877	23.401239451476794	22.102452531645568	27.12618670886076	0.0
133.0	27.373638648422226	23.59327003630271	21.959648142976825	27.07344317229824	0.0
134.0	27.487677426527814	23.429566764258976	22.677241225957083	26.405514583256124	0.0
135.0	27.517808650478177	22.897398559565506	22.291314101302685	27.29347868865363	0.0
136.0	26.77848708641048	23.715942754620936	22.526807693912463	26.978762465056118	0.0
137.0	27.225686612710625	23.47972225907744	22.612887532616867	26.677280969439654	0.004422626155411083
138.0	27.227443609022554	23.759398496240603	22.105263157894736	26.907894736842103	0.0
139.0	27.014880655148303	23.79906122041346	22.315989214021773	26.870068910416457	0.0
140.0	27.319970304380103	23.666348499310637	22.080814508431434	26.93286668787782	0.0
141.0	27.093069083947974	23.97950565846518	22.228478126231632	26.698947131355215	0.0
142.0	27.371565113500594	23.9426523297491	21.905615292712067	26.78016726403823	0.0
143.0	27.45085605580216	22.81547241597971	22.57450856055802	27.159162967660116	0.0
144.0	27.719298245614034	23.097165991902834	22.199730094466936	26.983805668016192	0.0
145.0	27.74857801137591	23.241414068687448	21.679026567787457	27.33098135214918	0.0
146.0	26.735925444962188	23.85608433274769	21.86998701397907	27.53800320831105	0.0
147.0	27.50569476082004	23.649528148389194	22.209567198177677	26.627074520013018	0.008135372600065083
148.0	27.329624478442284	23.79172461752434	22.505215577190544	26.364742698191932	0.008692628650904033
149.0	27.278645833333332	24.014136904761905	22.274925595238095	26.42299107142857	0.009300595238095238
150.0	27.732172881020674	23.59806151715953	21.9661754524775	26.7035901493423	0.0
151.0	26.10069517590057	24.162629028860334	22.256161786391402	27.480514008847695	0.0
152.0	27.011558747615304	23.835708674671753	22.511502637189988	26.630007855459542	0.011222085063404781
153.0	27.998563562365337	22.994972468278668	22.025377064879102	26.969116590854682	0.011970313622216901
154.0	26.99527518835398	23.802834886987615	22.640786617290257	26.548333546162688	0.012769761205465456
155.0	27.10001357036233	23.693852625865112	23.096756683403445	26.09580675804044	0.013570362328674175
156.0	26.665701042873696	24.087485515643106	22.581112398609502	26.665701042873696	0.0
157.0	25.67651632970451	23.981337480559876	22.34836702954899	27.993779160186627	0.0
158.0	26.78749584303292	24.210176255404058	22.647156634519455	26.355171267043566	0.0
159.0	26.613047363717605	24.18230563002681	22.001787310098305	27.202859696157283	0.0
160.0	26.120260436614323	24.62657985446189	22.117962466487935	27.13519724243585	0.0
161.0	27.094510936855137	24.205530334296327	22.3276929426331	26.372265786215436	0.0
162.0	28.22346368715084	22.30167597765363	22.145251396648042	27.329608938547484	0.0
163.0	25.753556788039546	24.162044851700024	21.99180130214613	28.0925970581143	0.0
164.0	26.988636363636363	23.78615702479339	21.17768595041322	28.047520661157026	0.0
165.0	28.244695508404522	21.851749793331496	21.961972995315516	27.94158170294847	0.0
166.0	27.47613365155131	23.50835322195704	21.032219570405726	27.98329355608592	0.0
167.0	27.06525233044037	23.207971713275473	22.21150755384121	27.515268402442945	0.0
168.0	27.231988969320923	24.439848328162704	21.16511547742158	27.163047225094793	0.0
169.0	26.327599102468213	24.158563949139868	22.36350037397158	27.150336574420344	0.0
170.0	27.78229082047116	23.151909017059303	22.177091795288383	26.888708367181152	0.0
171.0	28.099910793933986	22.702943800178414	22.167707404103478	27.029438001784122	0.0
172.0	27.80722891566265	23.03614457831325	22.746987951807228	26.40963855421687	0.0
173.0	27.622561939905115	21.66578808645229	21.085925144965735	29.62572482867686	0.0
174.0	27.10495963091119	23.52941176470588	20.242214532871973	29.123414071510958	0.0
175.0	25.06345177664975	23.604060913705585	21.890862944162436	29.441624365482234	0.0
176.0	29.957805907172997	23.136427566807313	20.88607594936709	26.019690576652604	0.0
177.0	28.006206361520558	24.980605120248253	22.342901474010862	24.670287044220327	0.0
178.0	28.62098872506505	24.631396357328708	18.99392888117953	27.75368603642671	0.0
179.0	26.893203883495147	23.009708737864077	22.52427184466019	27.57281553398058	0.0
180.0	28.74186550976139	20.607375271149674	22.885032537960953	27.765726681127983	0.0
181.0	28.05486284289277	23.316708229426432	22.443890274314214	26.184538653366584	0.0
182.0	26.255380200860834	24.820659971305595	20.22955523672884	28.694404591104732	0.0
183.0	28.30508474576271	21.694915254237287	22.88135593220339	27.11864406779661	0.0
184.0	29.258517034068138	21.24248496993988	21.442885771543086	28.0561122244489	0.0
185.0	25.806451612903224	25.34562211981567	19.12442396313364	29.723502304147466	0.0
186.0	26.18384401114206	22.841225626740947	20.891364902506965	30.08356545961003	0.0
187.0	29.06574394463668	23.18339100346021	20.761245674740483	26.989619377162633	0.0
188.0	26.339285714285715	27.232142857142854	19.642857142857142	26.785714285714285	0.0
189.0	33.76623376623377	27.27272727272727	15.584415584415584	23.376623376623375	0.0
190.0	27.058823529411764	20.0	16.470588235294116	36.470588235294116	0.0
191.0	16.0	20.0	20.0	44.0	0.0
