# Position (bp)	A	C	G	T	N
0.0	25.930295102809218	24.147331361091414	24.113713601134446	25.80865993496492	0.0
1.0	25.90584582284052	24.145497665093764	24.106073201144227	25.84258331092149	0.0
2.0	25.75584860107269	24.10586311752212	24.18012621670767	25.95816206469752	0.0
3.0	25.81319446991089	24.232339530846993	24.138826750767052	25.81563924847507	0.0
4.0	25.856568348225746	24.15871114425063	23.988192008214256	25.996528499309367	0.0
5.0	25.902984892191856	24.05576199090598	24.06706840072361	25.974184716178556	0.0
6.0	25.78742804062725	24.14779324590244	24.133737487319262	25.93104122615105	0.0
7.0	25.810689831124744	24.179685470983827	23.932804331419597	26.076820366471832	0.0
8.0	25.880411867151455	24.071618442359988	24.109810871092915	25.93815881939564	0.0
9.0	25.842209145294444	24.232341564464978	24.092100680122456	25.83334861011812	0.0
10.0	25.891141290233882	24.10840042162509	24.121232489573945	25.879225798567084	0.0
11.0	25.76579714395703	24.164237746940174	24.22473159673211	25.845233512370687	0.0
12.0	25.964388064991173	24.085717952008213	24.031029067600347	25.91886491540027	0.0
13.0	25.92528092977214	23.986422491491144	24.18562446151308	25.902672117223634	0.0
14.0	25.93200246863791	24.13765711597099	24.022168857277286	25.908171558113814	0.0
15.0	25.930701146018876	24.120168526795943	23.98237740103328	25.966752926151898	0.0
16.0	25.994555570152794	24.055703055541127	24.229240437876367	25.720500936429712	0.0
17.0	25.825906564784745	24.0945045477182	24.091754835674152	25.987834051822905	0.0
18.0	25.841182742807213	24.09969844824584	24.113447008466057	25.945671800480895	0.0
19.0	25.938644758590556	24.0920603592346	24.03523297699102	25.93406190518382	0.0
20.0	26.005248894768517	24.073423422047192	24.174857244116378	25.74647043906791	0.0
21.0	25.937422664348762	24.166913631544695	24.057841720464275	25.837821983642268	0.0
22.0	25.883039470588777	24.058758291145622	24.146138029434137	25.912064208831463	0.0
23.0	25.89403831876495	24.122307191719088	24.09847635400404	25.88517813551192	0.0
24.0	25.90320402557843	24.111002819982463	24.042260018881358	25.94353313555775	0.0
25.0	25.945671800480895	24.129639757169873	24.10367025453168	25.82101818781755	0.0
26.0	25.939866852832356	24.13605575193931	24.071284757124044	25.852792638104287	0.0
27.0	25.78496640768453	24.075562086970336	24.171190961390987	25.968280543954148	0.0
28.0	25.846682166895302	24.200521223194126	24.128723186488525	25.824073423422046	0.0
29.0	25.885483659072367	24.147360123675938	23.99276520208856	25.974391015163135	0.0
30.0	25.916036015117307	24.057841720464275	24.052342296376185	25.973779968042237	0.0
31.0	25.81307457524587	24.129639757169873	24.130250804290775	25.927034863293486	0.0
32.0	25.819490570015308	24.168441249346944	23.95793551619733	26.054132664440417	0.0
33.0	25.88212289990743	24.063646668112813	24.096337689080894	25.95789274289887	0.0
34.0	25.868985386808102	24.210297977128505	24.09786530688314	25.822851329180253	0.0
35.0	25.90442611982023	24.085338840904715	24.12658452156538	25.883650517709672	0.0
36.0	25.766861793784447	24.166228750901293	24.198919671990907	25.867989783323353	0.0
37.0	25.9767558385374	24.090153616776856	24.019883412565534	25.913207132120203	0.0
38.0	25.94803671159886	23.992997421389028	24.16836740929033	25.89059845772178	0.0
39.0	25.919623107287325	24.14911948378897	24.017744754176494	25.913512654747212	0.0
40.0	25.93543104528137	24.09832910185788	23.994451726044808	25.97178812681594	0.0
41.0	25.985842124720065	24.057083673226217	24.22206538775286	25.73500881430086	0.0
42.0	25.82116593188699	24.11024444790702	24.08183093040521	25.98675868980077	0.0
43.0	25.841330363662472	24.090080016131544	24.125520532585416	25.943069087620568	0.0
44.0	25.90396231084388	24.123076359036872	24.039363414999283	25.933597915119964	0.0
45.0	26.007839686656954	24.071137671130337	24.159433440571448	25.76158920164126	0.0
46.0	25.940013870684886	24.155461658555065	24.077859148388832	25.826665322371216	0.0
47.0	25.893269051569007	24.047306979032047	24.13315857492461	25.926265394474335	0.0
48.0	25.894796660036846	24.118799055326924	24.091913146292953	25.894491138343277	0.0
49.0	25.89724083358539	24.129797836295367	24.038752371612144	25.9342089585071	0.0
50.0	25.960789345847502	24.128575749521094	24.08855240766371	25.822082496967695	0.0
51.0	25.919543917215844	24.104439535729234	24.100162232019283	25.87585431503564	0.0
52.0	25.759145028092718	24.084275103953757	24.185402784524715	25.97117708342881	0.0
53.0	25.841941407049607	24.204956172913057	24.11788249024622	25.835219929791116	0.0
54.0	25.885631009229808	24.15760031041004	23.977953554592144	25.97881512576801	0.0
55.0	25.92137704737725	24.04975115258059	24.05800023830692	25.970871561735244	0.0
56.0	25.823915627129107	24.116965925165516	24.120326663794764	25.938791783910613	0.0
57.0	25.84438558059815	24.1475180945223	23.93884677781546	26.06924954706409	0.0
58.0	25.880437140439156	24.050362195967725	24.117271446859085	25.951929216734033	0.0
59.0	25.844080058904584	24.228175821624216	24.10352297064853	25.824221148822673	0.0
60.0	25.920460482296548	24.08641375580873	24.125826054278985	25.867299707615736	0.0
61.0	25.76517674375974	24.155387858604993	24.210076074669274	25.869359322965995	0.0
62.0	25.967431486969538	24.10558797470288	24.01637591274327	25.91060462558431	0.0
63.0	25.94635055452018	23.979713421526995	24.165164522929334	25.90877150102349	0.0
64.0	25.91182670862485	24.142555986679294	24.0328740337906	25.91274327090526	0.0
65.0	25.9352725695134	24.098487371337963	23.99461063025685	25.97162942889179	0.0
66.0	25.985072301266992	24.054186996465134	24.201447552938948	25.759293149328926	0.0
67.0	25.82345231293785	24.097570811857835	24.09512665324416	25.983850221960154	0.0
68.0	25.842700062020523	24.081072741215543	24.1430932660375	25.93313393072643	0.0
69.0	25.9453547237948	24.102764648911894	24.023023974140802	25.928856653152504	0.0
70.0	25.992710296934717	24.075573384334774	24.180672204722725	25.751044114007776	0.0
71.0	25.942299525527705	24.15378645997232	24.06732434901363	25.836589665486343	0.0
72.0	25.8851673179331	24.051131798198043	24.144926384997756	25.918774498871105	0.0
73.0	25.903804027362355	24.11315232302	24.097570811857835	25.885472837759803	0.0
74.0	25.893416353254246	24.13606631002319	24.036161326689296	25.934356010033273	0.0
75.0	25.943521604834547	24.14278774621079	24.10001497047151	25.813675678483154	0.0
76.0	25.93496704968669	24.1064308868324	24.099403930818088	25.85919813266282	0.0
77.0	25.773041541530837	24.085961058442887	24.188310200390454	25.95268719963582	0.0
78.0	25.835062066352798	24.209085548606676	24.130261433315713	25.825590951724813	0.0
79.0	25.90777578510958	24.142482226384082	23.990027832856214	25.959714155650133	0.0
80.0	25.903804027362355	24.06732434901363	24.06762986884034	25.961241754783675	0.0
81.0	25.836284145659633	24.111624723886457	24.11498544198026	25.937105688473654	0.0
82.0	25.844838700807486	24.157147178066122	23.952143374344278	26.045870746782114	0.0
83.0	25.844227661154072	24.071296106760848	24.123845516954823	25.960630715130257	0.0
84.0	25.84728285942116	24.2265001787291	24.103681208392018	25.82253575345772	0.0
85.0	25.92641249453883	24.07465682485465	24.144620865171046	25.85430981543547	0.0
86.0	25.746382656303467	24.149129882191914	24.220010265434812	25.884477196069806	0.0
87.0	25.98407635528181	24.102691010412084	24.011646380212152	25.901586254093957	0.0
88.0	25.93763748350198	23.993009727721564	24.17601554480129	25.893337243975168	0.0
89.0	25.92419465219729	24.143325023219436	24.02111746590409	25.911362858679183	0.0
90.0	25.946112742237553	24.09864563888388	23.99232538884798	25.96291623003058	0.0
91.0	25.99377354397778	24.043346888146818	24.21627005343509	25.746609514440305	0.0
92.0	25.84590285139912	24.098951156843757	24.098034602964134	25.957111388792992	0.0
93.0	25.837348348522664	24.068704878816302	24.13591882998842	25.95802794267261	0.0
94.0	25.921060269527946	24.113310500957798	24.033264795471002	25.932364434043254	0.0
95.0	26.005383226452967	24.063205555538584	24.177774790491057	25.75363642751739	0.0
96.0	25.927781664645156	24.15547197942031	24.087646992328445	25.82909936360609	0.0
97.0	25.87676016534632	24.048235175504793	24.146611958583986	25.9283927005649	0.0
98.0	25.903034709895422	24.101089782562866	24.112088429118305	25.883787078423403	0.0
99.0	25.877371201266065	24.142945743065507	24.024099256674802	25.955583798993626	0.0
100.0	25.947334814077045	24.14905610226297	24.080314561291484	25.823294522368496	0.0
101.0	25.928698218524776	24.12186500383425	24.09100768988705	25.858429087753926	0.0
102.0	25.75883023283524	24.08734147436857	24.19366172440447	25.960166568391724	0.0
103.0	25.837042830562794	24.208021068518512	24.143862296945127	25.811073803973567	0.0
104.0	25.91861612584896	24.12461466547311	23.995380568446716	25.961388640231213	0.0
105.0	25.915866464210097	24.074509720053893	24.05281794490289	25.956805870833115	0.0
106.0	25.828182809726467	24.12553121935273	24.10506151604122	25.94122445487958	0.0
107.0	25.840403528121403	24.15180576390183	23.954135643863825	26.053655064112945	0.0
108.0	25.87309394982784	24.040291708548086	24.128586398951462	25.95802794267261	0.0
109.0	25.86056771347304	24.210159694237625	24.108422213599827	25.820850378689514	0.0
110.0	25.911589212771872	24.090396653967304	24.144778850824746	25.853235282436078	0.0
111.0	25.7651673927788	24.135539573620438	24.241248464776945	25.858044568823818	0.0
112.0	25.99308309452086	24.114764415820893	24.013332763034885	25.878819726623366	0.0
113.0	25.92709141680466	23.997445877658762	24.167618861399145	25.907843844137435	0.0
114.0	25.937173478677966	24.123013375535418	24.033191369755038	25.906621776031578	0.0
115.0	25.9548141698364	24.083833615935717	24.00714907657761	25.95420313765028	0.0
116.0	25.981394069932634	24.043199975558714	24.23506408200052	25.740341872508132	0.0
117.0	25.851244214288986	24.111024548218076	24.08291706765654	25.9548141698364	0.0
118.0	25.82374776591357	24.084139132028778	24.152574736874264	25.939538365183385	0.0
119.0	25.937094236438906	24.108885935566658	24.03831171806975	25.91570810992469	0.0
120.0	26.014389807983136	24.050532361792158	24.1776270565052	25.757450773719505	0.0
121.0	25.938927332997263	24.149214059850603	24.089332905610803	25.822525701541327	0.0
122.0	25.88760062936315	24.05817026411866	24.149214059850603	25.905015046667586	0.0
123.0	25.905931594946765	24.09941493668179	24.117440386172344	25.87721308219911	0.0
124.0	25.883628920153367	24.124161740219666	24.036478621511385	25.95573071811558	0.0
125.0	25.93434459160136	24.15654644608405	24.091777034355285	25.8173319279593	0.0
126.0	25.948703847975192	24.092999098727525	24.10124803324015	25.857049020057133	0.0
127.0	25.766005224325188	24.0816950032843	24.2060400531598	25.946259719230714	0.0
128.0	25.84971663382369	24.185875991017827	24.152880252967325	25.811527122191162	0.0
129.0	25.895544047782714	24.133327223011474	23.99431740066908	25.97681132853673	0.0
130.0	25.931900462856884	24.043199975558714	24.065197134259048	25.95970242732536	0.0
131.0	25.833603206706712	24.11781958608553	24.125457511747133	25.923119695460628	0.0
132.0	25.851628711268077	24.145621635493747	23.968116243118228	26.034633410119945	0.0
133.0	25.842768717500626	24.065576174560206	24.125151994720664	25.966503113218497	0.0
134.0	25.843764225680005	24.219630750993698	24.12461466547311	25.811990357853187	0.0
135.0	25.914644392370604	24.087952510288318	24.15547197942031	25.84193111792077	0.0
136.0	25.74363298626387	24.133853937527498	24.254228381483113	25.868284694725524	0.0
137.0	25.988659138681136	24.106051718238255	24.01958987143765	25.88569927164296	0.0
138.0	25.939470596861707	23.96734614068534	24.17784865816102	25.915334604291928	0.0
139.0	25.93213814342279	24.125910446301997	24.05105831744635	25.89089309282886	0.0
140.0	25.947798882408474	24.0664077895335	23.999498947484195	25.986294380573828	0.0
141.0	25.960630715130257	24.051131798198043	24.231388495956445	25.756848990715252	0.0
142.0	25.86011469214295	24.104597767872146	24.084127939482634	25.951159600502276	0.0
143.0	25.850032537861544	24.08504449896276	24.13912150829028	25.925801454885416	0.0
144.0	25.935657327915436	24.092450582017047	24.065259234364973	25.906632855702544	0.0
145.0	26.028230118236532	24.058232256881855	24.16608108520974	25.74745653967187	0.0
146.0	25.94757263756072	24.146833277321196	24.102838287861662	25.80275579725642	0.0
147.0	25.921297852189056	24.027985701628428	24.137056612996854	25.913659833185665	0.0
148.0	25.897467232898475	24.112920472946136	24.114142555986678	25.87546973816871	0.0
149.0	25.869743881164283	24.10627266589064	24.048529065806317	25.975454387138758	0.0
150.0	25.9513181733469	24.14232422573165	24.095579406615766	25.81077819430569	0.0
151.0	25.95681756383112	24.095884928309335	24.099245666938582	25.848051840920967	0.0
152.0	25.755784289463474	24.087635842583	24.189069044847532	25.967510823105993	0.0
153.0	25.839497233501064	24.185402784524715	24.160350005652152	25.81474997632207	0.0
154.0	25.899073963746794	24.114521751616973	24.025309417095162	25.961094867541068	0.0
155.0	25.936347610362077	24.04211311024139	24.070526627743202	25.951012651653333	0.0
156.0	25.81635645935938	24.118567221088394	24.124677673628508	25.940398645923718	0.0
157.0	25.85179708409205	24.138426191843767	23.96030650029941	26.04947022376477	0.0
158.0	25.856074400870128	24.04890806213108	24.12834394515258	25.966673591846213	0.0
159.0	25.87509585801709	24.196549416908287	24.135139181257966	25.79321554381666	0.0
160.0	25.90748135542472	24.08808855294876	24.173024102753686	25.83140598887283	0.0
161.0	25.734633645579365	24.124214038239444	24.24795145826841	25.89320085791278	0.0
162.0	26.010216739075968	24.09305053986178	23.9961992752959	25.90053344576635	0.0
163.0	25.94544554636945	23.95220374817449	24.19479019633004	25.907560509126014	0.0
164.0	25.932613517625708	24.110770960507903	24.041111375899003	25.915504145967382	0.0
165.0	25.946746918012252	24.070820794060584	24.012159912008677	25.970272375918483	0.0
166.0	25.978827087884387	24.033546691923434	24.25505262675486	25.732573593437312	0.0
167.0	25.847756679549654	24.113594353890104	24.098318082522418	25.940330884037827	0.0
168.0	25.838590916729043	24.08181970944532	24.142924794916055	25.93666457890958	0.0
169.0	25.941021191308387	24.08494854936084	24.05195170239288	25.922078556937894	0.0
170.0	26.01893041331606	24.062645125021387	24.167135140419916	25.751289321242638	0.0
171.0	25.95965829931807	24.13352724073033	24.09319776110283	25.81361669884878	0.0
172.0	25.91352381883509	24.039425121599493	24.14452618971965	25.902524869845774	0.0
173.0	25.911079607948572	24.110918290030064	24.10297460464889	25.87502749737247	0.0
174.0	25.878772880175248	24.118935665117643	24.037359877544663	25.96493157716245	0.0
175.0	25.93957281173714	24.14704417619148	24.078300534978293	25.835082477093092	0.0
176.0	25.9624873588082	24.087771881101	24.108242209817814	25.84149855027299	0.0
177.0	25.752590107637264	24.082883444392504	24.189512470096517	25.97501397787371	0.0
178.0	25.846386986981486	24.176069269148158	24.14734970348576	25.830194040384598	0.0
179.0	25.912686409840425	24.115880392174834	24.0223890401249	25.94904415785984	0.0
180.0	25.931629102085836	24.02727747683339	24.075856316624044	25.96523710445673	0.0
181.0	25.803692003104167	24.117481714135568	24.131230484384453	25.94759579837581	0.0
182.0	25.866325289793522	24.143146085266817	23.96502312848684	26.025505496452816	0.0
183.0	25.865408705110266	24.046904693524635	24.15567274260469	25.93201385876041	0.0
184.0	25.88198630618299	24.204936740187165	24.124582570783467	25.788494382846373	0.0
185.0	25.9128447514673	24.089752246403158	24.17071747412932	25.82668552800022	0.0
186.0	25.743049190345246	24.11549037580202	24.239841124350747	25.90161930950199	0.0
187.0	26.007332722273148	24.076382523678582	24.004582951420712	25.911701802627558	0.0
188.0	25.922089825847845	23.949587534372135	24.208371524595172	25.919951115184848	0.0
189.0	25.94072716162542	24.113962725328445	24.04307974335472	25.902230369691416	0.0
190.0	25.951805535611168	24.062096126172094	24.00954478932108	25.97655354889566	0.0
191.0	25.986636072826375	24.012294568574912	24.230749253740463	25.770320104858246	0.0
192.0	25.87572830958848	24.107009187318017	24.07065099496179	25.946611508131706	0.0
193.0	25.835703744893813	24.08653860842838	24.15619968285879	25.921557963819016	0.0
194.0	25.947607379207938	24.069807942608875	24.043532193902802	25.939052484280378	0.0
195.0	26.03040654082824	24.063086239451508	24.180410512743737	25.726096706976513	0.0
196.0	25.960745253560972	24.129692207101787	24.077751773613038	25.8318107657242	0.0
197.0	25.930803121314522	24.03986581036242	24.13458071848896	25.894750349834094	0.0
198.0	25.93263631308471	24.10402752231911	24.10005560681703	25.86328055777915	0.0
199.0	25.884135815482573	24.09524071409148	24.047883115335615	25.97274035509033	0.0
200.0	25.937004457779423	24.143504444030274	24.094924119978124	25.824566978212182	0.0
201.0	25.976430616366574	24.08788563013117	24.10927345556985	25.826410297932405	0.0
202.0	25.757219287283483	24.07060556154765	24.19374058536496	25.978434565803905	0.0
203.0	25.849199001463585	24.172036702629864	24.158898065564856	25.8198662303417	0.0
204.0	25.898698052731767	24.109093464597482	24.022622899727754	25.969585582942994	0.0
205.0	25.93766136942101	24.038352832615796	24.090602150471923	25.93338364749127	0.0
206.0	25.826224058275688	24.112359138575865	24.127636950304336	25.93377985284412	0.0
207.0	25.864271091147984	24.135423350750145	23.976838695878023	26.023466862223856	0.0
208.0	25.853586990399247	24.052299963943703	24.15282980816828	25.941283237488772	0.0
209.0	25.88882743531842	24.195662736014814	24.122020308198145	25.793489520468622	0.0
210.0	25.906403263510107	24.076943056637788	24.180837573146324	25.835816106705778	0.0
211.0	25.73109243697479	24.126508785332316	24.25057295645531	25.891825821237585	0.0
212.0	25.99572192513369	24.07364400305577	24.011917494270435	25.918716577540106	0.0
213.0	25.918569403021564	23.949420622891505	24.22291350902068	25.90909646506625	0.0
214.0	25.937820857575904	24.145296533515868	24.038038429570236	25.878844179337996	0.0
215.0	25.963116319577072	24.048648566059068	23.99333832449694	25.994896789866917	0.0
216.0	25.976879425255394	24.01593932300659	24.244822623082072	25.762358628655946	0.0
217.0	25.868396686234302	24.117699188060175	24.08836301074743	25.92554111495809	0.0
218.0	25.820725398101096	24.087140670026066	24.16598164655407	25.92615228531877	0.0
219.0	25.944566678890112	24.069795868475737	24.05237745996822	25.933259992665935	0.0
220.0	26.024337175616374	24.075896295028663	24.158099964551578	25.741666564803385	0.0
221.0	25.963072296888466	24.140217703539363	24.083377644132334	25.81333235543984	0.0
222.0	25.92273419021251	24.039983620283955	24.137467378084185	25.899814811419354	0.0
223.0	25.91264966354352	24.101407555449615	24.115159182725513	25.87078359828135	0.0
224.0	25.87699595079838	24.11918404767362	24.04339521735809	25.96042478416991	0.0
225.0	25.94117197646879	24.146993658797463	24.091680036672013	25.82015432806173	0.0
226.0	25.9421002930741	24.091668933228615	24.128952603897673	25.837278169799617	0.0
227.0	25.742244443289923	24.07546062704566	24.196786841759444	25.985508087904968	0.0
228.0	25.8492174821905	24.161937331340745	24.163770999318487	25.825074187150264	0.0
229.0	25.88894695504152	24.124652749126714	24.014938281791984	25.971462014039787	0.0
230.0	25.94456821703294	24.035719852206363	24.080033495001725	25.93967843575897	0.0
231.0	25.828209234380157	24.108529027052796	24.124420864760463	25.938840873806583	0.0
232.0	25.86871878877527	24.14931266541567	23.952494758653568	26.029473787155492	0.0
233.0	25.85582474274066	24.054168869709258	24.14371682065043	25.946289566899654	0.0
234.0	25.889375175735648	24.17633467401802	24.140881917871855	25.793408232374475	0.0
235.0	25.91245560737666	24.07593048772288	24.174037421224106	25.83757648367635	0.0
236.0	25.7493283780521	24.141714523232466	24.259076447234506	25.849880651480927	0.0
237.0	26.000250616608543	24.075087180960473	24.00815420867806	25.916507993752923	0.0
238.0	25.90765581972499	23.97116039964669	24.221474438321582	25.899709342306743	0.0
239.0	25.918047367118085	24.15117867654475	24.05154207506976	25.8792318812674	0.0
240.0	25.98379470439548	24.053341157844223	23.99404603624338	25.968818101516916	0.0
241.0	25.973120925271036	24.02703190094416	24.245267736246404	25.7545794375384	0.0
242.0	25.885057190191773	24.101799152692614	24.092934825800693	25.920208831314916	0.0
243.0	25.815099438157596	24.09961545280585	24.18184374789844	25.903441361138114	0.0
244.0	25.948966584025996	24.08634166771114	24.05210336299634	25.91258838526652	0.0
245.0	26.036593754299076	24.061081304168386	24.189174729826814	25.71315021170572	0.0
246.0	25.943318352746953	24.145342260539913	24.104374942676326	25.80696444403681	0.0
247.0	25.905769407160545	24.06243311829272	24.156908307090223	25.874889167456505	0.0
248.0	25.91177046132772	24.122168680592925	24.12767232522871	25.838388532850644	0.0
249.0	25.87959749643024	24.10954799375025	24.069799084552045	25.94105542526746	0.0
