# Position (bp)	A	C	G	T	N
0.0	26.215342533880392	23.615679359804687	23.871972240118456	26.297005866196464	0.0
1.0	26.115877160263583	23.913792908570976	23.655522023668237	26.3148079074972	0.0
2.0	26.214036654215008	23.704584885081182	23.75770693581839	26.323671524885423	0.0
3.0	26.295594090039586	23.674878712444656	23.766992266417265	26.262534931098497	0.0
4.0	26.337456699009376	23.624398872055107	23.792799462022277	26.245344966913244	0.0
5.0	26.24701208727248	23.776156597706866	23.680373863462982	26.29645745155767	0.0
6.0	26.331953607300772	23.748993459250993	23.713958777741677	26.205094155706554	0.0
7.0	26.321945596528302	23.748121192943596	23.718738345745702	26.2111948647824	0.0
8.0	26.307715343954207	23.826340487686355	23.712484849854643	26.15345931850479	0.0
9.0	26.213877486446552	23.756882664866133	23.756882664866133	26.272357183821182	0.0
10.0	26.336873091341577	23.689823407603274	23.8028244613381	26.170479039717044	0.0
11.0	26.205791869009175	23.817797100957964	23.770619161023674	26.205791869009175	0.0
12.0	26.185169176702573	23.914978007169918	23.736153839634554	26.163698976492956	0.0
13.0	26.343088149296996	23.722876215820712	23.605355119936494	26.328680514945802	0.0
14.0	26.25579483528684	23.70846858146952	23.809039519293517	26.226697063950123	0.0
15.0	26.2501447826001	23.729091273776127	23.70225352351411	26.31851042010967	0.0
16.0	26.239127179860954	23.81920961412965	23.82514216945073	26.116521036558666	0.0
17.0	26.217582914288943	23.707554099101642	23.75812192779253	26.316741058816884	0.0
18.0	26.261579011302867	23.705792118786036	23.812860012260543	26.21976885765055	0.0
19.0	26.23671891994203	23.696187083487533	23.750144781782073	26.316949214788366	0.0
20.0	26.170896178043456	23.759467316042386	23.763987332653446	26.305649173260715	0.0
21.0	26.209033818199284	23.718504665504643	23.7783948856012	26.294066630694868	0.0
22.0	26.292371624465723	23.749862280743884	23.75042728282026	26.207338811970132	0.0
23.0	26.202253793282694	23.750992284896647	23.663134462019148	26.383619459801515	0.0
24.0	26.38220695461056	23.733759721566976	23.674999505623184	26.209033818199284	0.0
25.0	26.21892135453598	23.60352674296078	23.886592783228476	26.290959119274763	0.0
26.0	26.121458496359974	23.91682039431495	23.660874453713618	26.30084665561146	0.0
27.0	26.220616360765124	23.711442139549863	23.754664798393136	26.313276701291876	0.0
28.0	26.28135408397626	23.68064952638701	23.772179862760996	26.265816526875735	0.0
29.0	26.33785429161452	23.6255618239397	23.786304914670563	26.250278969775216	0.0
30.0	26.246041454202345	23.77472237210472	23.683192035730734	26.296044137962205	0.0
31.0	26.33107426669793	23.73856223921623	23.71567965512273	26.21468383896311	0.0
32.0	26.324294241781338	23.745907266209205	23.71935216861922	26.21044632339024	0.0
33.0	26.30819168260443	23.823595051711816	23.709747133320715	26.158466132363035	0.0
34.0	26.21129382650481	23.757772309813237	23.756924806698663	26.27400905698328	0.0
35.0	26.325424245934105	23.67838951808148	23.80975250084044	26.18643373514398	0.0
36.0	26.209881321313855	23.812012509145973	23.777829883524824	26.20027628601535	0.0
37.0	26.19236625694599	23.907780361092826	23.73686723298708	26.1629861489741	0.0
38.0	26.340961803034624	23.713984648893586	23.604939248151737	26.340114299920053	0.0
39.0	26.25225647704255	23.712289642664437	23.799582463465555	26.235871416827454	0.0
40.0	26.239826431362133	23.73432472364336	23.692514569991044	26.333334275003462	0.0
41.0	26.24462894901139	23.815402521604266	23.819357536138945	26.120610993245403	0.0
42.0	26.22364979010232	23.68905763569899	23.760530196450667	26.326762377748018	0.0
43.0	26.250695654876083	23.69633569973699	23.82402544754974	26.228943197837186	0.0
44.0	26.220468214575277	23.70226818802033	23.759333075317176	26.317930522087217	0.0
45.0	26.166228321699066	23.765548063042573	23.759898074201303	26.308325541057055	0.0
46.0	26.20973323577686	23.73164812999494	23.771763050767973	26.286855583460223	0.0
47.0	26.297308062816576	23.769220555789403	23.735885621625897	26.197585759768128	0.0
48.0	26.215100725176065	23.762723068621938	23.65226578677507	26.369910419426922	0.0
49.0	26.39251037479201	23.74690309986638	23.66610825943619	26.194478265905424	0.0
50.0	26.222728210111786	23.61130336767585	23.892390312529134	26.273578109683232	0.0
51.0	26.12441840427365	23.91414276956803	23.670628250509203	26.290810575649115	0.0
52.0	26.206343242472098	23.714133164587	23.757073079780668	26.322450513160234	0.0
53.0	26.273578109683232	23.681645728749686	23.779673035145755	26.265103126421323	0.0
54.0	26.322450513160234	23.61441086153855	23.79973049553227	26.263408129768944	0.0
55.0	26.245045666034812	23.775153044072738	23.683340725402065	26.29646056449039	0.0
56.0	26.335445487495164	23.72825813669018	23.71950065398621	26.21679572182845	0.0
57.0	26.315388027108643	23.748315597076697	23.722325648406844	26.213970727407816	0.0
58.0	26.29617806504832	23.825155445317993	23.71159066960843	26.167075820025254	0.0
59.0	26.197020760883998	23.75650808089654	23.77374054686242	26.27273061135704	0.0
60.0	26.326970504233255	23.68447072317032	23.811595472098944	26.17696330049748	0.0
61.0	26.205495744145907	23.80820547879418	23.780238034029882	26.206060743030037	0.0
62.0	26.19815075865225	23.894085309181516	23.731083131110818	26.17668080105542	0.0
63.0	26.34420297019913	23.706788179093348	23.61130336767585	26.33770548303167	0.0
64.0	26.26312563032688	23.704528183556835	23.790690513386238	26.241655672730047	0.0
65.0	26.253238149854653	23.727128138921927	23.691533209221912	26.32810050200151	0.0
66.0	26.256063144275288	23.81300796930926	23.816397962614026	26.114530923801425	0.0
67.0	26.22660911227626	23.705026215874163	23.750225998915205	26.31813867293437	0.0
68.0	26.264389734028278	23.698744297074732	23.815133409607753	26.221732559289237	0.0
69.0	26.218342585137787	23.70976171306694	23.775018715482293	26.296876986312977	0.0
70.0	26.162125513792954	23.783776148706867	23.762023814568416	26.292074522931763	0.0
71.0	26.212127632526798	23.73801149766233	23.765978784411768	26.283882085399096	0.0
72.0	26.29405200785344	23.780386174555417	23.726994081670128	26.198567735921014	0.0
73.0	26.228795005438084	23.766543780103678	23.643374719267765	26.361286495190473	0.0
74.0	26.389253781939914	23.748463917962624	23.660324590025	26.20195771007246	0.0
75.0	26.214670113140386	23.6100399734452	23.891407828015314	26.283882085399096	0.0
76.0	26.127943274432532	23.91203017076995	23.662302074946677	26.297724479850842	0.0
77.0	26.20563018206986	23.70439425399381	23.760328827492692	26.329646736443635	0.0
78.0	26.280209613401702	23.67303699309293	23.771628741330847	26.275124652174526	0.0
79.0	26.336144186900572	23.604390016526125	23.783211153014957	26.276254643558346	0.0
80.0	26.252242326652258	23.778408689633743	23.676144469398423	26.293204514315576	0.0
81.0	26.33953416105202	23.73659900843256	23.71202169583457	26.21184513468085	0.0
82.0	26.318064324759522	23.749311411500486	23.71343418506434	26.219190078675652	0.0
83.0	26.286989561704594	23.82812831052163	23.716824159215786	26.16805796855799	0.0
84.0	26.181335367317825	23.747616424424763	23.78829611424213	26.282752094015283	0.0
85.0	26.318911818297387	23.665692049098126	23.82530333206209	26.1900928005424	0.0
86.0	26.202240207918415	23.788013616396174	23.78575363362854	26.223992542056866	0.0
87.0	26.20308770145628	23.887452858171958	23.734904021356837	26.17455541901493	0.0
88.0	26.337556676130347	23.706654236761445	23.603542522988263	26.352246564119948	0.0
89.0	26.259869768493015	23.705806743223583	23.78857861208808	26.24574487619532	0.0
90.0	26.255632300803704	23.727559077362034	23.694506829385425	26.322301792448833	0.0
91.0	26.2550673051118	23.82530333206209	23.808918456996768	26.110710905829343	0.0
92.0	26.235500839016236	23.70037233110914	23.747549338109415	26.31657749176521	0.0
93.0	26.265936319695353	23.69635043094803	23.81782381838881	26.219889430967804	0.0
94.0	26.225256859715184	23.71047524344114	23.761324568416352	26.302943328427315	0.0
95.0	26.16706263224356	23.77686186215878	23.75991208716704	26.296163418430616	0.0
96.0	26.225256859715184	23.72742501843288	23.767256989663462	26.28006113218847	0.0
97.0	26.303790817176903	23.776296869659056	23.733922432179714	26.18598988098433	0.0
98.0	26.227516829714087	23.77290691466071	23.635896233477503	26.363680022147705	0.0
99.0	26.38825719588572	23.75793461341801	23.657365948467035	26.196442242229235	0.0
100.0	26.22808182221381	23.602844172243614	23.886187910855483	26.28288609468709	0.0
101.0	26.138248014757604	23.902007700847772	23.662450880964556	26.29729340343007	0.0
102.0	26.205482122224826	23.705672807193483	23.762454553415804	26.326390517165883	0.0
103.0	26.268478785944115	23.685615573453262	23.77657936590892	26.269326274693704	0.0
104.0	26.340515329659	23.607929104741135	23.777709350908367	26.2738462146915	0.0
105.0	26.252658995951826	23.767821982163188	23.677140685957394	26.30237833592759	0.0
106.0	26.33938534465955	23.730532477181367	23.718385138437288	26.2116970397218	0.0
107.0	26.320175599668914	23.746634763423515	23.71584267218853	26.217346964719045	0.0
108.0	26.28401607968654	23.820931277137298	23.72121010093591	26.17384254224025	0.0
109.0	26.18090494848681	23.743809800924893	23.78929169715272	26.285993553435578	0.0
110.0	26.306615779675525	23.66697082096235	23.819518795887983	26.20689460347414	0.0
111.0	26.20350464847579	23.779121832157678	23.783359275905614	26.23401424346092	0.0
112.0	26.189379835982677	23.89099034710314	23.731662462180815	26.187967354733367	0.0
113.0	26.350402698404178	23.690700505950783	23.59888922474554	26.360007570899498	0.0
114.0	26.264806334695905	23.695502942198445	23.783359275905614	26.256331447200036	0.0
115.0	26.256613943449903	23.726860025933156	23.677988174706982	26.338537855909962	0.0
116.0	26.251811507202245	23.823191247136194	23.805393983394872	26.119603262266693	0.0
117.0	26.245388235692936	23.704327289779823	23.73907442667224	26.311210047855	0.0
118.0	26.27258217156094	23.69337683800161	23.808070963458906	26.225970026978544	0.0
119.0	26.227382516208316	23.713716682910295	23.764566295182	26.294334505699396	0.0
120.0	26.1759679082447	23.773606226252525	23.75157139426812	26.298854471234655	0.0
121.0	26.218342585137787	23.724734098902495	23.772193737022757	26.28472957893696	0.0
122.0	26.315804341991893	23.772758732714664	23.730949051513484	26.180487873779963	0.0
123.0	26.231054988205717	23.768521265025356	23.648177182648983	26.352246564119948	0.0
124.0	26.39772871731853	23.76541378871986	23.649872169724706	26.1869853242369	0.0
125.0	26.229360001129994	23.599870050990862	23.886887862480048	26.283882085399096	0.0
126.0	26.141503171038323	23.906662711696825	23.667669534019804	26.28416458324505	0.0
127.0	26.203935194994138	23.711739197988617	23.768521265025356	26.315804341991893	0.0
128.0	26.276537141404297	23.688856872466346	23.77304123056062	26.261564755568738	0.0
129.0	26.333884204132946	23.615124934672373	23.78631862932045	26.26467223187423	0.0
130.0	26.2587397771092	23.768521265025356	23.66540955125217	26.307329406613274	0.0
131.0	26.33989106852287	23.735536069426864	23.703613722654133	26.220959139396133	0.0
132.0	26.32322364852649	23.748531007051167	23.694291267401915	26.23395407702043	0.0
133.0	26.283539841008864	23.81646524399546	23.71363515658988	26.186359758405796	0.0
134.0	26.185794757925546	23.731150171477648	23.794430225265693	26.28862484533112	0.0
135.0	26.30133735613675	23.65544010712409	23.824657750959087	26.218564785780067	0.0
136.0	26.20217977185281	23.78284771542056	23.790192721663814	26.224779791062826	0.0
137.0	26.18445622787664	23.89761032371794	23.72358968419209	26.194343764213336	0.0
138.0	26.34725125713317	23.6922989999435	23.604158427029777	26.356291315893554	0.0
139.0	26.256850669529353	23.695124018306117	23.78834962427256	26.25967568789197	0.0
140.0	26.254099819480814	23.720616194746018	23.690105910237612	26.335178075535552	0.0
141.0	26.242517211473	23.827684693159764	23.805649487681475	26.124148607685765	0.0
142.0	26.245981388673872	23.713055613625706	23.731983343597623	26.3089796541028	0.0
143.0	26.27091590696571	23.706059998248474	23.803523957771265	26.21950013701455	0.0
144.0	26.235037869692096	23.73148537899355	23.75154317935911	26.28193357195524	0.0
145.0	26.185317125123948	23.773296005107678	23.746175598979594	26.295211270788784	0.0
146.0	26.21957420842091	23.72251226071824	23.771103125635637	26.286810405225214	0.0
147.0	26.315625918141343	23.776753226207425	23.727314846204262	26.18030600944697	0.0
148.0	26.23680701516487	23.76856058037833	23.649625963342146	26.345006441114656	0.0
149.0	26.406875042375756	23.759802924492057	23.655276063913938	26.17804596921825	0.0
150.0	26.24160960065089	23.60753271408231	23.873934956042216	26.276922729224577	0.0
151.0	26.143862860758922	23.9067055393586	23.667988790200464	26.28144280968201	0.0
152.0	26.21957420842091	23.70527945397428	23.760932944606413	26.314213392998397	0.0
153.0	26.27551020408163	23.685504101973017	23.76799557032115	26.2709901236242	0.0
154.0	26.329468664542226	23.624765520826273	23.788335932379596	26.257429882251905	0.0
155.0	26.270142608538432	23.769408095464097	23.656406084028294	26.304043211969173	0.0
156.0	26.346210890599618	23.740659651105304	23.70845398686348	26.2046754714316	0.0
157.0	26.32502295359842	23.764107634719966	23.694328695529347	26.21654071615227	0.0
158.0	26.283568849689527	23.831411346596077	23.71134603106443	26.17367377264997	0.0
159.0	26.17847638527123	23.742139253165487	23.805985750365846	26.273398611197436	0.0
160.0	26.29486911468074	23.67264262346952	23.838474012215585	26.194014249634158	0.0
161.0	26.193166729759813	23.790447886002926	23.80259567086848	26.21378971336878	0.0
162.0	26.17035762614663	23.90069299070833	23.73994626708817	26.189003116056874	0.0
163.0	26.331743753743236	23.70385228210141	23.610059552732984	26.35434441142237	0.0
164.0	26.240211090142722	23.706394856090313	23.782672075757404	26.270721978009558	0.0
165.0	26.239720203067485	23.736690293837633	23.69035881470516	26.333230688389726	0.0
166.0	26.234352531704573	23.81974794545316	23.816640346243055	26.129259176599213	0.0
167.0	26.242901940842444	23.701726134983193	23.740147470124587	26.31522445404978	0.0
168.0	26.276594843051228	23.689645138416076	23.80462695885798	26.22913305967472	0.0
169.0	26.238173399365483	23.713093519488996	23.758295217942816	26.29043786320271	0.0
170.0	26.178281148914174	23.77016066378694	23.753775048097435	26.297783139201456	0.0
171.0	26.2238394431135	23.716550648646205	23.770510328617274	26.289099579623016	0.0
172.0	26.309157889978756	23.7710753514442	23.734066356280795	26.185700402296252	0.0
173.0	26.233444831171184	23.775030511232654	23.652985580617457	26.338539076978712	0.0
174.0	26.400691587940152	23.76146996338652	23.667111151290513	26.17072729738281	0.0
175.0	26.230619717036568	23.614846539800208	23.878712199972878	26.275821543190347	0.0
176.0	26.12835058536365	23.917981286443972	23.66400352574244	26.289664602449943	0.0
177.0	26.214516566469285	23.70553270352122	23.773335442751886	26.306615287257607	0.0
178.0	26.28514441983456	23.6846268589251	23.76542512317498	26.264803598065363	0.0
179.0	26.317068209555668	23.626429507752114	23.78746101342494	26.26904126926728	0.0
180.0	26.256328255661526	23.771640374271122	23.66174343443475	26.310287935632598	0.0
181.0	26.348218901762028	23.73554596897451	23.70616469896911	26.21007043029435	0.0
182.0	26.321097729449356	23.755886848209016	23.699384405890946	26.22363101645069	0.0
183.0	26.283315346671714	23.835905143431855	23.70255900284208	26.178220507054352	0.0
184.0	26.180763124141865	23.73702559002842	23.802003582264962	26.280207703564752	0.0
185.0	26.30167869230378	23.67713283196691	23.82262703197482	26.198561443754485	0.0
186.0	26.200821547832277	23.789290496827377	23.79409321799269	26.215794737347654	0.0
187.0	26.16840648086675	23.89869054850056	23.745285550831298	26.187617419801395	0.0
188.0	26.32584104598208	23.705518075284495	23.617091003604887	26.351549875128544	0.0
189.0	26.24617192708863	23.694500005650294	23.801855555932242	26.25747251132883	0.0
190.0	26.24087828388843	23.73129394880256	23.697392100304267	26.330435667004743	0.0
191.0	26.24455098414241	23.822546424343788	23.813505931410912	26.119396660102893	0.0
192.0	26.241517451025814	23.70988976217786	23.739836479622106	26.30875630717422	0.0
193.0	26.281426484838725	23.706566542641703	23.78906150677617	26.222945465743404	0.0
194.0	26.241874104774254	23.71984484166335	23.75544198372137	26.282839069841028	0.0
195.0	26.16983226965683	23.78284613276604	23.769285316743936	26.2780362808332	0.0
196.0	26.210588767092325	23.734037744377893	23.782065770143518	26.273307718386256	0.0
197.0	26.29873432026218	23.784043394733867	23.733472708780653	26.183749576223303	0.0
198.0	26.22386710362753	23.776415414171094	23.654367725166686	26.345349757034693	0.0
199.0	26.38687987343203	23.766809809017968	23.66340829472257	26.182902022827438	0.0
200.0	26.220476890044075	23.619053000339022	23.877556786077523	26.282913323539383	0.0
201.0	26.121313142727992	23.930105096621087	23.66199570572946	26.28658605492146	0.0
202.0	26.206633517911627	23.71765171205786	23.768222398011073	26.307492372019436	0.0
203.0	26.27669793196971	23.691095038987456	23.761724488642784	26.270482540400046	0.0
204.0	26.320205672957396	23.624420838512826	23.78234828794214	26.273025200587636	0.0
205.0	26.263702113233133	23.759464346253814	23.66001808113911	26.316815459373938	0.0
206.0	26.345424187547145	23.745688059916546	23.707830567947134	26.201057184589178	0.0
207.0	26.331298257707815	23.753033543433	23.699355010043536	26.216313188815654	0.0
208.0	26.294362607993037	23.840964182191108	23.708180066561567	26.156493143254284	0.0
209.0	26.190677990044016	23.73049909876313	23.8033891026619	26.275433808530956	0.0
210.0	26.305663383791295	23.673712700376882	23.830510964577716	26.1901129512541	0.0
211.0	26.201131207657408	23.787568016544334	23.796326117787984	26.21497465801027	0.0
212.0	26.16108736371932	23.91166158601186	23.74582223264408	26.18142881762474	0.0
213.0	26.337171851868597	23.711421758636668	23.61225689068698	26.339149498807764	0.0
214.0	26.25637084835403	23.702663607906068	23.79024511521206	26.250720428527842	0.0
215.0	26.240906329900692	23.73832831857157	23.691147179726237	26.3296181718015	0.0
216.0	26.242601460637648	23.825345029735416	23.809241287734316	26.122812221892616	0.0
217.0	26.235895059810034	23.709013035592196	23.73670024918492	26.31839165541285	0.0
218.0	26.276652549914818	23.70540721508223	23.79807488564866	26.219865349354293	0.0
219.0	26.2345565654197	23.713600393272554	23.752871143908937	26.29897189739881	0.0
220.0	26.16759852296774	23.76445460272974	23.76869245351784	26.299254420784678	0.0
221.0	26.216549136606094	23.730336316788716	23.766781936533768	26.286332610071423	0.0
222.0	26.306391827140402	23.77327999276738	23.724968357291385	26.195359822800835	0.0
223.0	26.24367145827683	23.763956694693068	23.638798481149987	26.353573365880116	0.0
224.0	26.405275291564955	23.754915920802823	23.6614004158756	26.178408371756625	0.0
225.0	26.235478256938794	23.621564505921707	23.88176927945032	26.26118795768918	0.0
226.0	26.13744236506645	23.931211011662597	23.652924690353494	26.278421932917457	0.0
227.0	26.220221950999008	23.71479748666486	23.764521743061206	26.30045881927493	0.0
228.0	26.279269505469667	23.6888052617304	23.7664994123497	26.26542582045023	0.0
229.0	26.309217068981106	23.623259651026128	23.783733387577975	26.283789892414788	0.0
230.0	26.233783111834374	23.764521743061206	23.674114004158756	26.327581140945668	0.0
231.0	26.327655522939615	23.743399510101682	23.725317911236303	26.2036270557224	0.0
232.0	26.306466149269248	23.752722834516643	23.715147011874524	26.22566400433958	0.0
233.0	26.27348495550219	23.83896030512784	23.713518858595847	26.17403588077412	0.0
234.0	26.183924283090832	23.731600508546403	23.798841644300044	26.28563356406272	0.0
235.0	26.295521966379432	23.674247775109478	23.822573809860152	26.20765644865094	0.0
236.0	26.19889814945614	23.78217262325187	23.786975561519988	26.231953665772	0.0
237.0	26.163091292813373	23.900053397523372	23.747489045031912	26.189366264631346	0.0
238.0	26.333811746358222	23.70319934001605	23.60714003186909	26.355848881756643	0.0
239.0	26.241425294110996	23.6983963746087	23.80067128504752	26.259507046232777	0.0
240.0	26.2356683938995	23.744271595590188	23.692285089478947	26.327774921031367	0.0
241.0	26.246849677339153	23.821807578856955	23.817004396324716	26.114338347479176	0.0
242.0	26.24087024087024	23.699936427209153	23.74316592498411	26.3160274069365	0.0
243.0	26.274536397363196	23.70384812086586	23.810654030792875	26.210961450978065	0.0
244.0	26.233816141191628	23.719843346463147	23.74923001282841	26.29711049951682	0.0
245.0	26.177121333284354	23.773004834794698	23.76283226851054	26.28704156341041	0.0
246.0	26.218728187796188	23.735068795867445	23.757110601826078	26.28909241451029	0.0
247.0	26.315685360236245	23.77121218543795	23.722323484944823	26.19077896938098	0.0
248.0	26.23926479190864	23.764267688542613	23.6424677625834	26.353999756965347	0.0
249.0	26.39554172707208	23.756920129204005	23.667336424960226	26.18020171876369	0.0
