# Position (bp)	A	C	G	T	N
0.0	26.203160574690727	23.769641435156625	23.761510077275936	26.265687912876707	0.0
1.0	26.20596449120131	23.665616132614034	23.86132950505266	26.267089871132	0.0
2.0	26.278424225431095	23.779896256834434	23.768680779475677	26.172998738258794	0.0
3.0	26.198146668348965	23.70778483408336	23.71675709018519	26.377311407382486	0.0
4.0	26.25448958248635	23.733033513804504	23.74032339012895	26.2721535135802	0.0
5.0	26.32513044526626	23.71622512007133	23.672766729377592	26.285877705284822	0.0
6.0	26.226010401917765	23.772727909943505	23.69310136963257	26.308160318506165	0.0
7.0	26.25040303926654	23.71973700811686	23.70768087701344	26.32217907560316	0.0
8.0	26.253192736122287	23.706573882226937	23.721433598097956	26.318799783552816	0.0
9.0	26.299159173809063	23.752288510764764	23.71724240410684	26.231309911319332	0.0
10.0	26.18701163250372	23.86667900289621	23.749204453378866	26.197104911221203	0.0
11.0	26.193740484982044	23.686682199101135	23.80976412568375	26.309813190233072	0.0
12.0	26.27084191962946	23.747802609112547	23.736587854982012	26.244767616275972	0.0
13.0	26.332523067347402	23.813689289629437	23.677990764649973	26.175796878373188	0.0
14.0	26.20691782108542	23.771914330493196	23.846212076607987	26.174955771813398	0.0
15.0	26.225141796547536	23.709952813921994	23.778362814118253	26.286542575412213	0.0
16.0	26.334485649320243	23.722569412318848	23.723690887731898	26.219254050629008	0.0
17.0	26.32859790340171	23.700981010617568	23.71780314181337	26.252617944167344	0.0
18.0	26.334205280466982	23.69509326469904	23.75032592879192	26.220375526042062	0.0
19.0	26.29439290330359	23.64939314161711	23.747802609112547	26.308411345966753	0.0
20.0	26.29719659183622	23.730700109063484	23.769391010813827	26.202712288286467	0.0
21.0	26.35579368216826	23.739111174661385	23.71640129754705	26.188693845623302	0.0
22.0	26.199628230900572	23.721447936905793	23.780325396091097	26.298598436102537	0.0
23.0	26.231029542466068	23.859669781564627	23.679112240063027	26.23018843590628	0.0
24.0	26.309532821379804	23.713317240161157	23.757615518976767	26.219534419482272	0.0
25.0	26.202004626060138	23.76729515665522	23.75888413822107	26.271816079063576	0.0
26.0	26.211256746337703	23.664119997196327	23.8550501156515	26.26957314081447	0.0
27.0	26.282189668465687	23.77514544052709	23.75888413822107	26.183780752786152	0.0
28.0	26.20340646246583	23.703371416555687	23.709259129459593	26.38396299151889	0.0
29.0	26.260321020536903	23.728884839139273	23.72944557370155	26.281348566622277	0.0
30.0	26.329011004415786	23.712343169552113	23.670288077381368	26.288357748650732	0.0
31.0	26.23256465970421	23.765893320249525	23.694680030840402	26.30686198920586	0.0
32.0	26.256115511319827	23.722716758954228	23.692437092591295	26.328730637134644	0.0
33.0	26.250227798415928	23.705894722085933	23.719632718861707	26.324244760636432	0.0
34.0	26.29340435971122	23.74935165066237	23.717389780612603	26.239854209013806	0.0
35.0	26.18658442559753	23.866545174178174	23.742622835915046	26.204247564309245	0.0
36.0	26.19555617859396	23.67673652484755	23.805705474171166	26.322001822387325	0.0
37.0	26.2712553445013	23.742342468633908	23.730286675544964	26.256115511319827	0.0
38.0	26.330973575383755	23.81748089997897	23.67309175019275	26.17845377444452	0.0
39.0	26.21153711361884	23.77402397140254	23.838228078783207	26.17621083619542	0.0
40.0	26.22667694680031	23.711782434989836	23.77346323684026	26.288077381369597	0.0
41.0	26.33602018644424	23.72159528982968	23.7210345552674	26.22134996845868	0.0
42.0	26.32116072054391	23.70140884558772	23.718511249737155	26.258919184131212	0.0
43.0	26.32845026985351	23.701969580149996	23.754678629003994	26.214901520992502	0.0
44.0	26.294245461554638	23.659914487979254	23.745426508726432	26.30041354173968	0.0
45.0	26.298170603490572	23.734772552043175	23.769538094904323	26.197518749561926	0.0
46.0	26.34471157215953	23.746828345132123	23.72131492254854	26.187145160159808	0.0
47.0	26.19527581131282	23.731968879231793	23.785799397210344	26.28695591224504	0.0
48.0	26.22527511039462	23.865143337772484	23.678138361253243	26.23144319057966	0.0
49.0	26.301254643583093	23.71290390411439	23.766173687530664	26.219667764771852	0.0
50.0	26.190643074826802	23.77613358865304	23.76407786316471	26.269145473355444	0.0
51.0	26.205502457405437	23.671276813475497	23.864448786997762	26.2587719421213	0.0
52.0	26.278397541753463	23.778376514325288	23.75819018327506	26.185035760646187	0.0
53.0	26.19288600049905	23.710528012739818	23.712770938412064	26.383815048349067	0.0
54.0	26.250360970850377	23.734639463716473	23.73379836658938	26.281201198843775	0.0
55.0	26.319891666690033	23.72146227539202	23.670996447766466	26.28764961015148	0.0
56.0	26.224847691328566	23.76604042312793	23.700154481505674	26.308957404037827	0.0
57.0	26.24895914230522	23.72819105240876	23.70043484721471	26.32241495807131	0.0
58.0	26.244192925251696	23.708285087067573	23.72090154397396	26.326620443706773	0.0
59.0	26.29101399865985	23.754545429057664	23.713892401248188	26.240548171034295	0.0
60.0	26.180549909301693	23.865850615542914	23.738564583642905	26.215034891512488	0.0
61.0	26.1914841719539	23.679687784746424	23.80949710802771	26.319330935271967	0.0
62.0	26.265781084847074	23.74389153211449	23.73435909800744	26.255968285030995	0.0
63.0	26.32297568948937	23.823795759188286	23.670716082057435	26.182512469264907	0.0
64.0	26.203539897442223	23.782021268542685	23.831645999041147	26.182792834973938	0.0
65.0	26.222044034238262	23.712770938412064	23.767161885964054	26.298023141385624	0.0
66.0	26.33250812359642	23.727910686699733	23.715013864084312	26.224567325619535	0.0
67.0	26.317648741017784	23.704079601432106	23.713892401248188	26.264379256301922	0.0
68.0	26.326900809415804	23.70548142997726	23.74977921200414	26.217838548602796	0.0
69.0	26.29073363295082	23.663987305040695	23.742489703569337	26.30278935843915	0.0
70.0	26.295219484295313	23.739125315060967	23.76323676603762	26.202418434606102	0.0
71.0	26.339517266322193	23.74977921200414	23.71445313266625	26.19625038900742	0.0
72.0	26.197091486134518	23.731835806626165	23.77949797716141	26.291574730077915	0.0
73.0	26.229894274091127	23.866972078379035	23.676323396238054	26.226810251291788	0.0
74.0	26.310359232582982	23.71557459550237	23.75370433193057	26.220361839984076	0.0
75.0	26.19021585234903	23.775159176738747	23.75945878507005	26.27516618584217	0.0
76.0	26.2084395212502	23.673667359166085	23.85506295576695	26.262830163816766	0.0
77.0	26.284698566498164	23.778243182245102	23.753851502331226	26.183206748925503	0.0
78.0	26.19498204267703	23.71207724592701	23.711516517653127	26.38142419374283	0.0
79.0	26.24544758732642	23.742356572716645	23.732824192060647	26.279371647896287	0.0
80.0	26.307127697453453	23.72609545277406	23.67254590261832	26.294230947154162	0.0
81.0	26.22750428256219	23.767308980904396	23.704787778366544	26.300398958166866	0.0
82.0	26.250774505928298	23.721609626583007	23.699460859764663	26.32815500772403	0.0
83.0	26.240120668724536	23.713198702474774	23.719366713487478	26.327313915313212	0.0
84.0	26.29507203956499	23.755253323015932	23.713479066611715	26.236195570807364	0.0
85.0	26.180963835829974	23.86487570055989	23.742636936853586	26.21152352675655	0.0
86.0	26.185730026157973	23.679274641904907	23.81525124832132	26.3197440836158	0.0
87.0	26.264231984501468	23.739833295484175	23.737310018251705	26.25862470176265	0.0
88.0	26.316940442246388	23.825624721388138	23.68011573431573	26.17731910204974	0.0
89.0	26.21096279848267	23.77880391051898	23.8315123682639	26.17872092273445	0.0
90.0	26.223298820508077	23.709553968694543	23.772075171232395	26.29507203956499	0.0
91.0	26.33656593183226	23.724973996226296	23.72217035485689	26.21628971708455	0.0
92.0	26.321145904300508	23.697778674943017	23.71488088729642	26.26619453346006	0.0
93.0	26.330958649093443	23.695255397710547	23.755814051289814	26.217971901906196	0.0
94.0	26.29086657751087	23.663854614373147	23.739272567210293	26.30600624090569	0.0
95.0	26.295913131975812	23.737310018251705	23.75721587197452	26.209560977797963	0.0
96.0	26.342453578708025	23.748524583729345	23.719366713487478	26.189655124075152	0.0
97.0	26.20311260264832	23.72553472450018	23.780205731203687	26.291146941647813	0.0
98.0	26.22946683152078	23.86487570055989	23.679274641904907	26.226382826014426	0.0
99.0	26.313295708466157	23.720768534172183	23.749926404414055	26.216009352947605	0.0
100.0	26.19876023673815	23.774465138316874	23.755120121340916	26.271654503604058	0.0
101.0	26.21446054037081	23.678300778566843	23.851564843655815	26.255673837406533	0.0
102.0	26.28707444467185	23.775866951141218	23.75231649569223	26.184742108494707	0.0
103.0	26.19483516082999	23.709981748397027	23.712505011480847	26.382678079292145	0.0
104.0	26.251748761498373	23.741101993097473	23.736335829494703	26.270813415909455	0.0
105.0	26.31426961346413	23.72175697612152	23.67353461496407	26.290438795450278	0.0
106.0	26.232403744522415	23.772222237797923	23.69624398271845	26.29913003496121	0.0
107.0	26.25931855074983	23.71614972482414	23.69596362015358	26.328568104272442	0.0
108.0	26.246141510200992	23.70437449709965	23.715588999694404	26.333894993004954	0.0
109.0	26.29856930983148	23.757082659295	23.71138356122137	26.232964469652153	0.0
110.0	26.18165812028115	23.864181159074917	23.73970018027313	26.21446054037081	0.0
111.0	26.19231189774617	23.68110440421553	23.811192634314697	26.31539106372361	0.0
112.0	26.266047252306684	23.73437329154062	23.74166271822721	26.257916737925484	0.0
113.0	26.322119765280462	23.82521076255814	23.67605787804789	26.17661159411351	0.0
114.0	26.215581990630284	23.773904413187132	23.834743089763684	26.1757705064189	0.0
115.0	26.23184301939268	23.705215584794257	23.774184775752	26.288756620061065	0.0
116.0	26.343707682775364	23.725682052029683	23.712505011480847	26.218105253714103	0.0
117.0	26.32296085297507	23.69175818168055	23.71390682430519	26.271374141039196	0.0
118.0	26.333894993004954	23.690076006291335	23.75175577056249	26.224273230141222	0.0
119.0	26.28903698262593	23.66708627597209	23.731008940762194	26.31286780063979	0.0
120.0	26.29941039752608	23.736055466929834	23.754279033646313	26.210255101897772	0.0
121.0	26.347072033553793	23.750634320303014	23.72175697612152	26.18053667002167	0.0
122.0	26.19876023673815	23.730448215632453	23.779511664484513	26.291279883144885	0.0
123.0	26.224833955270952	23.8624989836857	23.68362766729935	26.229039393743992	0.0
124.0	26.30669982421267	23.723999876640473	23.752036133127362	26.217264166019493	0.0
125.0	26.195262406813967	23.77095371468463	23.753851502331226	26.279932376170166	0.0
126.0	26.206757336428556	23.68039609845267	23.855623684040832	26.257222881077947	0.0
127.0	26.279652012033228	23.779645002929804	23.753290774057344	26.187412210979623	0.0
128.0	26.187972939253502	23.710395061105363	23.715721979707244	26.38591001993389	0.0
129.0	26.25413887557159	23.731142007239004	23.739833295484175	26.27488582170523	0.0
130.0	26.302641871262395	23.73002055069124	23.67506917985079	26.292268398195578	0.0
131.0	26.21881299431702	23.776000269149574	23.696657218395252	26.308529518138158	0.0
132.0	26.26086761485818	23.708993240420657	23.6983394032169	26.331799741504263	0.0
133.0	26.23255083702713	23.7045074142296	23.723011447267712	26.339930301475555	0.0
134.0	26.29030584923699	23.75749623611146	23.71235761006395	26.2398403045876	0.0
135.0	26.182926384788562	23.856464776451656	23.743197665127465	26.217411173632314	0.0
136.0	26.19000891560455	23.675135556440264	23.809149989626498	26.325705538328688	0.0
137.0	26.264585985118227	23.741301678264428	23.734853285035804	26.25925905158154	0.0
138.0	26.311967657102485	23.82653261485149	23.681303584745905	26.180196143300122	0.0
139.0	26.210268674458963	23.771647737308545	23.843421358820446	26.174662229412043	0.0
140.0	26.224847691328566	23.70464033285017	23.77332993156273	26.297182044258534	0.0
141.0	26.338115437777038	23.71809788688365	23.713331669830126	26.230455005509185	0.0
142.0	26.318563626372395	23.690408101470243	23.721248415929303	26.26977985622806	0.0
143.0	26.32389058977896	23.68900626899483	23.749004698942457	26.238098442283754	0.0
144.0	26.286041112942836	23.665175116912827	23.72349134788996	26.32529242225437	0.0
145.0	26.295573573775638	23.732182709237513	23.762742657201493	26.20950105978535	0.0
146.0	26.343516244434724	23.747602866467048	23.720687682939136	26.188193206159095	0.0
147.0	26.195763101526314	23.729939777276858	23.775919882470365	26.298377238726463	0.0
148.0	26.222678285054222	23.858347632024582	23.683398939093184	26.23557514382801	0.0
149.0	26.298450970771707	23.725240064484474	23.75551973084741	26.2207892338964	0.0
150.0	26.19346011612878	23.76798916654751	23.75032592879192	26.288224788531796	0.0
151.0	26.203833763699524	23.676588920383658	23.85742683073852	26.2621504851783	0.0
152.0	26.27981372293389	23.781166502650887	23.747802609112547	26.19121716530267	0.0
153.0	26.196824542367942	23.70855096965568	23.712476133601363	26.38214835437502	0.0
154.0	26.253739419580402	23.732662691036328	23.740793387780965	26.27280450160231	0.0
155.0	26.29523400986338	23.73855043695486	23.672383387584706	26.29383216559706	0.0
156.0	26.212525198150686	23.780325396091097	23.70266322373715	26.30448618202107	0.0
157.0	26.25458052614019	23.71107428933505	23.704906174563256	26.329439009961504	0.0
158.0	26.231029542466068	23.713036871307892	23.722289043465583	26.333644542760453	0.0
159.0	26.2957947475699	23.755092199297394	23.71696203525358	26.232151017879126	0.0
160.0	26.186450894797197	23.851258715966726	23.74808297796581	26.21420741127027	0.0
161.0	26.19157096716311	23.679178629104612	23.809550511394225	26.31969989233806	0.0
162.0	26.266429660864883	23.737495514085772	23.739177731921764	26.25689709312758	0.0
163.0	26.318017674502066	23.82945675578683	23.680580477301273	26.171945092409832	0.0
164.0	26.206784403553975	23.774290592731116	23.844663569508036	26.174261434206876	0.0
165.0	26.22725144460862	23.706440949782852	23.77260837017868	26.29369923542985	0.0
166.0	26.330708131583446	23.722141693605593	23.721861323180185	26.225288851630772	0.0
167.0	26.317324137157595	23.694171082513247	23.72725488546836	26.261249894860793	0.0
168.0	26.32461378865618	23.698376650685507	23.743796786945918	26.233212773712395	0.0
169.0	26.290128129643648	23.66276950682704	23.729217483948748	26.317884879580568	0.0
170.0	26.30442706142933	23.729497855160233	23.762581658115344	26.203493425295086	0.0
171.0	26.34059494771077	23.748282726329663	23.722208203661648	26.188914122297923	0.0
172.0	26.19424117531612	23.731180082429137	23.77772170353548	26.296857038719263	0.0
173.0	26.230409061597555	23.86015083971178	23.67903103709311	26.230409061597555	0.0
174.0	26.302818579691532	23.728442898037116	23.756199725796186	26.212538796475165	0.0
175.0	26.198106356909946	23.772314231482028	23.745678742356315	26.283900669251707	0.0
176.0	26.205115696153552	23.674183482071513	23.85866929096328	26.26203153081165	0.0
177.0	26.2794146921358	23.781286185713846	23.75437032301839	26.184928799131963	0.0
178.0	26.203433454735087	23.704744201173643	23.712594661126484	26.379227682964785	0.0
179.0	26.24633061090597	23.737828282403477	23.74399650093785	26.271844605752705	0.0
180.0	26.291190382065068	23.74007127096143	23.673622734932025	26.295115612041485	0.0
181.0	26.21240540896691	23.772594605051772	23.712033913986996	26.302966071994327	0.0
182.0	26.251096961591625	23.711753540417252	23.711192793277764	26.32595670471336	0.0
183.0	26.239040898092618	23.706706816161855	23.725772218904467	26.32848006684106	0.0
184.0	26.298199721308674	23.750164719472224	23.720164747509582	26.231470811709524	0.0
185.0	26.19053627052685	23.852501072428904	23.74988434590248	26.207078311141764	0.0
186.0	26.196777937902688	23.669203120005832	23.809390297925788	26.32462864416569	0.0
187.0	26.265469655083468	23.733689221849012	23.74266120123589	26.25817992183163	0.0
188.0	26.31818003398137	23.822848267006105	23.681819966018626	26.17715173299389	0.0
189.0	26.21058976911107	23.769363408240228	23.844784321422065	26.175262501226644	0.0
190.0	26.228814153337165	23.707961252155386	23.7741297856532	26.289094808854248	0.0
191.0	26.330029579577474	23.72310150982014	23.7158117561297	26.231057154472687	0.0
192.0	26.310757463607203	23.697093062378034	23.734102684879886	26.25804678913487	0.0
193.0	26.33318753785075	23.694289303097595	23.74251396272122	26.23000919633044	0.0
194.0	26.284962878227127	23.66232644730054	23.723728775542245	26.32898189893009	0.0
195.0	26.306271448758494	23.729336294103135	23.75513087948321	26.209261377655157	0.0
196.0	26.344402574972527	23.749523360922325	23.719523136621582	26.18655092748357	0.0
197.0	26.196083709037076	23.735224188592063	23.776439450014582	26.29225265235628	0.0
198.0	26.226364309265865	23.868963506269207	23.676064867774713	26.228607316690216	0.0
199.0	26.296532020422642	23.73080470920729	23.75856200390845	26.21410126646162	0.0
200.0	26.197425566574424	23.782807764235507	23.7443959390009	26.275370730189174	0.0
201.0	26.20976221117532	23.675142502264055	23.857388388413646	26.25770689814698	0.0
202.0	26.274249217043632	23.788976086535953	23.75364842245157	26.18312627396884	0.0
203.0	26.194902161996968	23.711311301207587	23.70906827491652	26.384718261878927	0.0
204.0	26.242005714109478	23.7443959390009	23.739909886418754	26.27368846047087	0.0
205.0	26.290230779367523	23.742713669282598	23.669534936536373	26.297520614813507	0.0
206.0	26.21060334603447	23.77748057679421	23.70850751834375	26.303408558827567	0.0
207.0	26.245931010118852	23.715797353789732	23.707666383484597	26.330605252606816	0.0
208.0	26.234715878663494	23.71215243606674	23.719442271512726	26.33368941375704	0.0
209.0	26.287987753076454	23.756732583601796	23.719722649799106	26.23555701352264	0.0
210.0	26.18452816540076	23.85963141470472	23.742152912709827	26.21368750718469	0.0
211.0	26.1907699209331	23.672405091683956	23.804183255761792	26.332641731621152	0.0
212.0	26.264789996074693	23.730443559692706	23.739696069085404	26.265070375147197	0.0
213.0	26.320024673358382	23.819884483822126	23.67773229406157	26.18235854875792	0.0
214.0	26.202058548922082	23.772286694013047	23.84462469754023	26.181030059524645	0.0
215.0	26.2281338757749	23.710322745255272	23.769763275285356	26.29178010368447	0.0
216.0	26.325425686720365	23.723220218752367	23.715369582710657	26.235984511816607	0.0
217.0	26.31624693684146	23.689641056698573	23.72889434696544	26.265217659494528	0.0
218.0	26.32942482714533	23.690762579277628	23.742913379203607	26.236899214373434	0.0
219.0	26.285124685272727	23.66132261157748	23.714875314727273	26.33867738842252	0.0
220.0	26.30559247234045	23.724969017938754	23.751044417901742	26.218394091819054	0.0
221.0	26.346528046475896	23.74571718565124	23.710669605055823	26.19708516281704	0.0
222.0	26.195122498303697	23.736184243729287	23.77179258561423	26.296900672352784	0.0
223.0	26.23661883372867	23.86011248871468	23.669453650275614	26.23381502728104	0.0
224.0	26.298376311133666	23.726157064069962	23.74998948569634	26.225477139100033	0.0
225.0	26.19730551933942	23.77395522283439	23.74479539050343	26.283943867322762	0.0
226.0	26.209922754482623	23.674980022711022	23.85049978270317	26.26459744010318	0.0
227.0	26.28590654834504	23.78404901094896	23.7436738584907	26.186370582215307	0.0
228.0	26.19646437032987	23.707224068076993	23.701616408013347	26.39469515357979	0.0
229.0	26.247213693905874	23.74423462449706	23.734701602388864	26.2738500792082	0.0
230.0	26.298523783488243	23.745356156509793	23.65927857453281	26.29684148546915	0.0
231.0	26.216091180552638	23.772833690821663	23.702457557022893	26.30861757160281	0.0
232.0	26.241045267835865	23.715355175169282	23.70778483408336	26.3358147229115	0.0
233.0	26.23347492674994	23.7150747921661	23.718719771207468	26.33273050987649	0.0
234.0	26.286186931348222	23.76077722168482	23.719280537213834	26.23375530975312	0.0
235.0	26.183005986177115	23.86816391190366	23.74030926245251	26.208520839466708	0.0
236.0	26.18896745865741	23.67700909004245	23.800097573558688	26.333925877741454	0.0
237.0	26.25317534641417	23.73729160474858	23.74430119948185	26.2652318493554	0.0
238.0	26.308691336701678	23.822247892915822	23.68682252266903	26.182238247713467	0.0
239.0	26.194648579992318	23.778574693048988	23.844745452863148	26.18203127409555	0.0
240.0	26.221432156365747	23.709452658200874	23.771698383013085	26.297416802420294	0.0
241.0	26.319434514046026	23.72332461327524	23.71659530799189	26.240645564686847	0.0
242.0	26.309975101500637	23.705165877840336	23.72535385029497	26.259505170364054	0.0
243.0	26.32977977669233	23.68928717635249	23.750133188274948	26.230799858680232	0.0
244.0	26.28183199771196	23.6626495213634	23.719850380497874	26.335668100426762	0.0
245.0	26.29726834794215	23.734977596078892	23.7562879590841	26.211466096894853	0.0
246.0	26.339328274926118	23.752642765412162	23.71563002966627	26.19239892999546	0.0
247.0	26.18373309854021	23.747847885459837	23.775047248377852	26.293371767622105	0.0
248.0	26.234086702933094	23.865739442543884	23.67225618305199	26.227917671471033	0.0
249.0	26.295570342578493	23.728685235503434	23.751118140087883	26.224626281830187	0.0
