# Position (bp)	A	C	G	T	N
0.0	26.223126750943322	23.790617026179813	23.692050543781566	26.2942056790953	0.0
1.0	26.22951274839448	23.675113767932853	23.685386894267317	26.409986589405353	0.0
2.0	26.197893240489318	23.73519465591631	23.758516716920155	26.308395386674217	0.0
3.0	26.31931102646396	23.712339111797174	23.708729885504237	26.25961997623463	0.0
4.0	26.305166808716194	23.619459027270732	23.763544445770858	26.311829718242212	0.0
5.0	26.24771666046672	23.665669122586877	23.804751567106585	26.28186264983982	0.0
6.0	26.24364298563148	23.766905771835926	23.75247063003842	26.236980612494172	0.0
7.0	26.228889308357665	23.87215331830648	23.830237283618878	26.06872008971697	0.0
8.0	26.249930605673683	23.879142841281297	23.665408316216066	26.205518236828958	0.0
9.0	26.228225027478935	23.862261155336466	23.64603803750458	26.26347577968002	0.0
10.0	26.25690416053735	23.70590357767354	23.752532682006162	26.284659579782954	0.0
11.0	26.212495489744374	23.661772461073024	23.77112881290072	26.354603236281882	0.0
12.0	26.22332010325016	23.699519831247052	23.741152960115464	26.336007105387328	0.0
13.0	26.315468095145576	23.8319131810486	23.87798717699631	25.974631546809512	0.0
14.0	26.258291931499627	23.79943934053124	23.686474784201618	26.255793943767518	0.0
15.0	26.16607131457627	23.691127449755893	23.842949171641813	26.299852064026023	0.0
16.0	26.25842372298025	23.77821322704917	23.736580329288465	26.226782720682113	0.0
17.0	26.270358487004984	23.86758518090882	23.637494032617987	26.224562299468207	0.0
18.0	26.262309460104582	23.764335594462267	23.64276753300101	26.330587412432138	0.0
19.0	26.14545979372287	23.656922718239652	23.80069499183995	26.39692249619753	0.0
20.0	26.260644144194156	23.73019661829849	23.768221331586602	26.240937905920752	0.0
21.0	26.216513272567806	23.821233888068566	23.77821322704917	26.184039612314457	0.0
22.0	26.141296503946798	23.950850976430228	23.737690539895418	26.170161979727553	0.0
23.0	26.316154674541757	23.80236030775038	23.80263786040212	26.07884715730574	0.0
24.0	26.230946010458183	23.6952249841795	23.77571525318353	26.298113752178786	0.0
25.0	26.222064325602567	23.790425543725643	23.697445405393402	26.290064725278384	0.0
26.0	26.237607274099894	23.667192166353956	23.690506589099954	26.404693970446193	0.0
27.0	26.200137666115264	23.731029276253704	23.760727409989673	26.308105647641355	0.0
28.0	26.328922096521712	23.699110721303832	23.709657722069878	26.262309460104582	0.0
29.0	26.298391304830528	23.62167353146892	23.78182141152177	26.298113752178786	0.0
30.0	26.234276642279042	23.668579929612648	23.815127729730328	26.282015698377982	0.0
31.0	26.243435879786396	23.770719305452246	23.74740488270625	26.238439932055112	0.0
32.0	26.227892931289066	23.868972944167506	23.83483396800373	26.0683001565397	0.0
33.0	26.2514849066868	23.871193365381412	23.66635950839874	26.210962219533045	0.0
34.0	26.22317453620952	23.856760627491035	23.651649217856626	26.26841561844282	0.0
35.0	26.23705216879642	23.717984301622018	23.759617199382724	26.285346330198838	0.0
36.0	26.20180298202569	23.661641113319195	23.77293972666615	26.363616177988963	0.0
37.0	26.210407114229568	23.700220931910785	23.74296404027844	26.346407913581203	0.0
38.0	26.308660752944835	23.83594417861068	23.87702197106791	25.978373097376572	0.0
39.0	26.25842372298025	23.79431128084998	23.691339247055165	26.255925749114606	0.0
40.0	26.188407768122058	23.686832661195194	23.823110634955437	26.30164893572731	0.0
41.0	26.267714699661944	23.78502001143511	23.7356159136705	26.211649375232447	0.0
42.0	26.28048205076965	23.859681260304086	23.635975064808186	26.223861624118083	0.0
43.0	26.270767761883352	23.753379184776875	23.64124853591789	26.334604517421884	0.0
44.0	26.153641193025695	23.658734255913227	23.7969547092097	26.390669841851377	0.0
45.0	26.26799225077298	23.720905704785537	23.7700322514391	26.24106979300238	0.0
46.0	26.217755499675267	23.817771042537483	23.77808123365918	26.186392224128074	0.0
47.0	26.13948608636281	23.945167002503513	23.73117509589391	26.184171815239775	0.0
48.0	26.31961675742588	23.796399606987624	23.805836344762888	26.078147290823605	0.0
49.0	26.230245299671935	23.696481207014273	23.77613837588192	26.297135117431875	0.0
50.0	26.226359584117414	23.795844504765554	23.702864882568125	26.27493102854891	0.0
51.0	26.24578816189001	23.66317507368982	23.68315875368449	26.407878010735676	0.0
52.0	26.21137182412141	23.73395060700428	23.758097553664506	26.296580015209802	0.0
53.0	26.34182084630885	23.697036309236346	23.70619549590057	26.254947348554236	0.0
54.0	26.304628997429873	23.62959138925433	23.780856744769547	26.284922868546246	0.0
55.0	26.23357591300438	23.677330180352712	23.800840424764218	26.288253481878687	0.0
56.0	26.252171837443868	23.77891388699229	23.74061183366917	26.228302441894673	0.0
57.0	26.236906526336824	23.86995065141246	23.83331390475556	26.05982891749516	0.0
58.0	26.24384530411275	23.876889429188385	23.660122011468413	26.21914325523045	0.0
59.0	26.225249379673265	23.854962891416452	23.647354660360705	26.27243306854957	0.0
60.0	26.23829428189201	23.708693455899905	23.76947714921703	26.283535112991057	0.0
61.0	26.20332284190134	23.658456704802187	23.77308531366051	26.365135139635964	0.0
62.0	26.20859631301104	23.703697535901235	23.74838326477821	26.339322886309514	0.0
63.0	26.30795961076232	23.83331390475556	23.883550655853274	25.975175828628842	0.0
64.0	26.256335104109425	23.783354704768882	23.708693455899905	26.251616735221788	0.0
65.0	26.175772630760903	23.688088927129158	23.836300809059242	26.299837633050693	0.0
66.0	26.265348491240537	23.789606323689412	23.73770455403335	26.2073406310367	0.0
67.0	26.273119879210427	23.85954881541843	23.638619357417234	26.228711947953904	0.0
68.0	26.26090769811488	23.7671248084908	23.636676510424763	26.335290982969557	0.0
69.0	26.159324555365586	23.649443790661014	23.799043009081423	26.392188644891977	0.0
70.0	26.270344383506895	23.717443435397563	23.767679907631504	26.24453227346404	0.0
71.0	26.21205897373271	23.81930412771721	23.786553278415525	26.182083620134556	0.0
72.0	26.141006283722273	23.93920554210982	23.738814752314763	26.180973421853142	0.0
73.0	26.321968603592598	23.794879765526122	23.80792459533273	26.075227035548547	0.0
74.0	26.226214001820725	23.690243577502944	23.782390034860228	26.301152385816106	0.0
75.0	26.213724271154824	23.804316450918133	23.702455758598486	26.27950351932855	0.0
76.0	26.24869551701934	23.660545773475143	23.689688478362235	26.40107023114328	0.0
77.0	26.214834469436244	23.728545418211695	23.762961564935498	26.29365854741657	0.0
78.0	26.336956280391675	23.695239469769298	23.714390390123675	26.253413859715348	0.0
79.0	26.30309523280858	23.62862757288452	23.7843328818527	26.283944312454206	0.0
80.0	26.23925883162733	23.66942735972645	23.80459400048849	26.286719808157738	0.0
81.0	26.24703021959722	23.771843151186804	23.74020250016653	26.240924129049446	0.0
82.0	26.23592823678309	23.861491662410906	23.830683660101695	26.07189644070431	0.0
83.0	26.243422075182625	23.871205897373272	23.660545773475143	26.224826253968956	0.0
84.0	26.219830361702602	23.856495770144548	23.65083153851278	26.272842329640074	0.0
85.0	26.248140417878634	23.705786353442726	23.76990030419433	26.276172924484314	0.0
86.0	26.19485090037081	23.66359881874903	23.771565601616448	26.369984679263712	0.0
87.0	26.208173279747765	23.709394497857318	23.748251437706774	26.334180784688144	0.0
88.0	26.315584963474475	23.826797966116747	23.884528276750228	25.97308879365855	0.0
89.0	26.257022004129936	23.780724737438106	23.718553633678972	26.24369962475298	0.0
90.0	26.178957915275454	23.689345179116117	23.833670555125355	26.298026350483074	0.0
91.0	26.271308749979184	23.782535567780005	23.745066583772324	26.20108909846849	0.0
92.0	26.271863846038556	23.85913882397349	23.649312513530464	26.219684816457487	0.0
93.0	26.268255721652633	23.754225668751978	23.640708524610186	26.336810084985206	0.0
94.0	26.168338430965477	23.634324919927394	23.80557205424399	26.391764594863144	0.0
95.0	26.271308749979184	23.719254617011472	23.77004590644411	26.239390726565233	0.0
96.0	26.20664005906222	23.820004551787687	23.793082392908094	26.180272996242	0.0
97.0	26.14613458859056	23.931023763662303	23.743401295594204	26.179440352152938	0.0
98.0	26.32126739532276	23.791417104729973	23.803351670006496	26.08396382994077	0.0
99.0	26.225790873110594	23.686226401478777	23.7908620086706	26.29712071674003	0.0
100.0	26.21385630783407	23.8052945062143	23.70676495567558	26.274084230276053	0.0
101.0	26.24993755169332	23.66346746304448	23.69233245813188	26.39426252713032	0.0
102.0	26.211635923596578	23.730634086228623	23.769768358414424	26.287961631760375	0.0
103.0	26.33930801725238	23.69233245813188	23.714258752477114	26.254100772138617	0.0
104.0	26.309332830046237	23.627108671155543	23.79030691261123	26.27325158618699	0.0
105.0	26.245496783218336	23.659859338658553	23.812233206956464	26.282410671166645	0.0
106.0	26.251325291841752	23.767825522206618	23.740625815297335	26.24022337065429	0.0
107.0	26.242166206862098	23.87051829319064	23.828330992678286	26.058984507268985	0.0
108.0	26.248549811544887	23.86802036092346	23.662634818955418	26.220795008576236	0.0
109.0	26.21774198024968	23.856918439735995	23.6609695307773	26.26437004923702	0.0
110.0	26.24521923518865	23.70343437931934	23.776984607186275	26.27436177830574	0.0
111.0	26.196370781963818	23.66901842363821	23.77171119462223	26.36289959977574	0.0
112.0	26.219129720398115	23.698993610844358	23.750895092395737	26.33098157636179	0.0
113.0	26.319879655174326	23.82527796435173	23.88189776240778	25.97294461806616	0.0
114.0	26.254100772138617	23.779204991423768	23.725638221694265	26.241056014743354	0.0
115.0	26.176037124721415	23.683107641153597	23.85157882758487	26.289276406540125	0.0
116.0	26.260338606716626	23.790174854288093	23.737718567860117	26.211767971135163	0.0
117.0	26.273938384679436	23.852900360810438	23.6563974465723	26.21676380793783	0.0
118.0	26.28032195392728	23.745767416042188	23.63669164585068	26.33721898417985	0.0
119.0	26.158756591729116	23.642797668609493	23.812933666389117	26.38551207327227	0.0
120.0	26.271162919789067	23.712739383846795	23.778517901748543	26.237579794615602	0.0
121.0	26.21010269220094	23.82209270052734	23.791562586733278	26.176242020538442	0.0
122.0	26.152373022481267	23.93782958645573	23.734943102969748	26.174854288093258	0.0
123.0	26.326949764085484	23.786289203441576	23.81043574798779	26.07632528448515	0.0
124.0	26.233694143769082	23.68415209547599	23.794338051623647	26.28781570913128	0.0
125.0	26.22314737718568	23.807382736608382	23.70857618651124	26.260893699694698	0.0
126.0	26.24729392173189	23.661670829864	23.693311129614212	26.397724118789895	0.0
127.0	26.21704135442687	23.731612545101306	23.753261171246184	26.298084929225645	0.0
128.0	26.33979000774357	23.69254424797182	23.71502557597995	26.25264016830466	0.0
129.0	26.310092450992094	23.62315743313193	23.79662447023167	26.27012564564431	0.0
130.0	26.250419790229778	23.665622163813943	23.806061077049893	26.27789696890638	0.0
131.0	26.249309601192344	23.771645216889308	23.7483312471031	26.230713934815252	0.0
132.0	26.237097521780523	23.87544789188979	23.827432216020583	26.060022370309106	0.0
133.0	26.2509748847485	23.866843926849644	23.665067069295223	26.217114119106633	0.0
134.0	26.22377525333126	23.85185637484423	23.665622163813943	26.25874620801057	0.0
135.0	26.246811675858105	23.709752178052117	23.771367669629946	26.272068476459832	0.0
136.0	26.195187885617223	23.658128387811235	23.777751256595216	26.368932469976325	0.0
137.0	26.217114119106633	23.691156511675025	23.759155590218125	26.332573779000217	0.0
138.0	26.31738172290715	23.82555551238142	23.889114011179636	25.9679487535318	0.0
139.0	26.261317020910468	23.775874415067527	23.72425048154583	26.23855808247617	0.0
140.0	26.18645173287593	23.688790081516082	23.842552116725923	26.282206068882065	0.0
141.0	26.264238292959124	23.781557386149167	23.738259653174058	26.215944667717654	0.0
142.0	26.27173213135866	23.849557030885716	23.659158025623377	26.219552812132246	0.0
143.0	26.276172924484314	23.745475942003242	23.648888691520305	26.329462441992142	0.0
144.0	26.169038790327953	23.645280547105713	23.815973532872974	26.369707129693364	0.0
145.0	26.279225969758198	23.71633323711615	23.776283944312453	26.2281568488132	0.0
146.0	26.20623043275529	23.832348957523813	23.786553278415525	26.174867331305375	0.0
147.0	26.151553167395697	23.94753202922042	23.730765814774518	26.170148988609366	0.0
148.0	26.33251548726603	23.787941026267294	23.8098674423252	26.06967604414148	0.0
149.0	26.23065479494638	23.682472189533048	23.797655261229657	26.289217754290917	0.0
150.0	26.229544596664965	23.803483802207072	23.70689655172414	26.260075049403824	0.0
151.0	26.252581211004284	23.65610498034949	23.693851721917532	26.39746208672869	0.0
152.0	26.21400182072518	23.734651508759463	23.761296267513377	26.290050403001974	0.0
153.0	26.344523237902273	23.688921578151238	23.716121511539157	26.25043367240733	0.0
154.0	26.29844988134723	23.61092993241649	23.803549868857466	26.287070317378813	0.0
155.0	26.25043367240733	23.664219597829554	23.807435573627167	26.277911156135946	0.0
156.0	26.255707128880502	23.762749968775587	23.749982653103707	26.231560249240204	0.0
157.0	26.23378065196575	23.864333393469238	23.832970204970927	26.068915749594083	0.0
158.0	26.251266323429412	23.861280339721617	23.66810530259926	26.219348034249712	0.0
159.0	26.220735785953174	23.84434976893934	23.675044061116584	26.259870383990897	0.0
160.0	26.253486726154957	23.705297048252127	23.771076478996378	26.270139746596538	0.0
161.0	26.201029711763972	23.659778792378468	23.773574432062617	26.365617063794943	0.0
162.0	26.225731692085652	23.69197463189886	23.760252015709348	26.32204166030614	0.0
163.0	26.32627798409077	23.82665267809067	23.88188534918705	25.96518398863151	0.0
164.0	26.264384086329496	23.77308531366051	23.71924039811931	26.24329020189068	0.0
165.0	26.19673432456362	23.691828595060134	23.837265780906094	26.274171299470154	0.0
166.0	26.26813806579108	23.774882595228313	23.745184461492343	26.21179487748826	0.0
167.0	26.27840751390539	23.842605442252395	23.656367612936176	26.22261943090604	0.0
168.0	26.27424422412932	23.744351803537132	23.656367612936176	26.32503635939738	0.0
169.0	26.164888479344533	23.644710401563177	23.822899203978995	26.367501915113294	0.0
170.0	26.275909540039745	23.716596538363326	23.777658121745695	26.22983579985123	0.0
171.0	26.214847956657376	23.831225783531135	23.78987043842217	26.164055821389315	0.0
172.0	26.154063925926746	23.924761027166856	23.738245645198894	26.182929401707504	0.0
173.0	26.333085386297782	23.78237651682524	23.81096443995426	26.073573656922715	0.0
174.0	26.23705216879642	23.671355456130026	23.802915413053856	26.288676962019697	0.0
175.0	26.228170483940804	23.802915413053856	23.702996458428164	26.265917644577176	0.0
176.0	26.249264485472896	23.647208375428818	23.70188624782121	26.401640891277072	0.0
177.0	26.220676562343876	23.72353535465678	23.768221331586602	26.287566751412744	0.0
178.0	26.34842391289263	23.683911060781423	23.718327685121192	26.249337341204747	0.0
179.0	26.3067908995784	23.60647365601694	23.794099769353107	26.292635675051557	0.0
180.0	26.25044755489313	23.66226189385802	23.819912237607934	26.267378313640915	0.0
181.0	26.26238235204321	23.75357696972725	23.75829537790286	26.22574530032668	0.0
182.0	26.240178078275616	23.862933018032646	23.819912237607934	26.076976666083805	0.0
183.0	26.258774157555976	23.84405938533019	23.685576381313993	26.21159007579984	0.0
184.0	26.223802426372018	23.840728744265054	23.668645622566203	26.26682320679673	0.0
185.0	26.261827245199022	23.70333980032807	23.76495666003314	26.26987629443977	0.0
186.0	26.20104304576023	23.65088220355213	23.786883380378637	26.361191370309	0.0
187.0	26.226022853748777	23.692515216866365	23.754132076571437	26.32732985281342	0.0
188.0	26.332121346692944	23.82275389269755	23.878819839573676	25.96630492103583	0.0
189.0	26.278830941741376	23.76974104193844	23.71867107052652	26.232756945793668	0.0
190.0	26.19952316057387	23.69153651651868	23.83725287199998	26.271687450907464	0.0
191.0	26.265654143351984	23.772648547828403	23.748223643307576	26.213473665512034	0.0
192.0	26.27425837108091	23.85091926458833	23.661348698818724	26.213473665512034	0.0
193.0	26.268152144950708	23.739341859845457	23.656907807087663	26.335598188116172	0.0
194.0	26.17309581832211	23.633446761739286	23.821075478925078	26.37238194101353	0.0
195.0	26.270240864202325	23.715048600278667	23.777776544189894	26.23693399132911	0.0
196.0	26.220002997618558	23.82079792165113	23.78776860605186	26.17143047467845	0.0
197.0	26.15949551189888	23.934041289420072	23.74169409857724	26.164769100103808	0.0
198.0	26.331581021743837	23.788878835147635	23.81274876070677	26.06679138240176	0.0
199.0	26.234713533137562	23.67063943644771	23.799981126105372	26.294665904309355	0.0
200.0	26.226664372193202	23.799426011557482	23.703946309320926	26.269963306928386	0.0
201.0	26.256085443231207	23.654541114558988	23.704223866594873	26.385149575614932	0.0
202.0	26.22250101308405	23.715048600278667	23.77583364327229	26.286616743364995	0.0
203.0	26.33692771000736	23.687081060826845	23.724273838766532	26.251717390399264	0.0
204.0	26.30445341882121	23.601315625130106	23.801434975089165	26.292795980959514	0.0
205.0	26.249219368000333	23.655717001818005	23.823639618635248	26.27142401154641	0.0
206.0	26.257546109330114	23.767295335637066	23.742870227736375	26.232288327296445	0.0
207.0	26.236115043216145	23.864084245119102	23.819119467528214	26.08068124413654	0.0
208.0	26.265959809037415	23.83007660708338	23.685744421005882	26.218219162873318	0.0
209.0	26.225990895969804	23.826745864327744	23.67408682136116	26.273176418341286	0.0
210.0	26.264162674379225	23.696978444423472	23.773030826195328	26.265828055001972	0.0
211.0	26.19824800985911	23.643262387724967	23.787873741242823	26.370615861173103	0.0
212.0	26.231278242236506	23.687395219220818	23.758451853578926	26.32287468496375	0.0
213.0	26.327388800222053	23.827354104503502	23.8856429116647	25.95961418360974	0.0
214.0	26.282423148983412	23.771840954826175	23.71327458191659	26.23246131427382	0.0
215.0	26.197911028581107	23.68009814779348	23.843030146583285	26.278960677042136	0.0
216.0	26.26626548829773	23.778700537371762	23.74178398543323	26.21324998889728	0.0
217.0	26.27292712173025	23.855864457965094	23.653517342452368	26.21769107785229	0.0
218.0	26.27903361904339	23.746225074388242	23.64879868543767	26.3259426211307	0.0
219.0	26.17544112871216	23.633729241205877	23.811374278663997	26.379455351417967	0.0
220.0	26.27564403265338	23.71838820436951	23.772514426720033	26.233453336257075	0.0
221.0	26.230122491804735	23.819701389794847	23.78972378972379	26.160452328676627	0.0
222.0	26.157676624966346	23.936836086368796	23.739483552567663	26.166003736097192	0.0
223.0	26.329215114261846	23.795275197144356	23.808876145324742	26.066633543269056	0.0
224.0	26.250253284369645	23.666613928003397	23.798738158088305	26.28439462953865	0.0
225.0	26.226104528030596	23.803179308679397	23.70630671141126	26.264409451878745	0.0
226.0	26.259968301287657	23.649126897550985	23.703253420379884	26.387651380781474	0.0
227.0	26.22693724376643	23.71796473171287	23.774034257925372	26.28106376659533	0.0
228.0	26.340814842366473	23.69082844342791	23.72413716531674	26.244219548888875	0.0
229.0	26.315833300949855	23.59395557726791	23.80491081589714	26.285300305885094	0.0
230.0	26.25865332837403	23.660295448363154	23.824340903665625	26.256710319597186	0.0
231.0	26.257820610326814	23.774100248149978	23.753004724287056	26.215074417236156	0.0
232.0	26.240479204139188	23.87998800879355	23.819199253880488	26.060333533186775	0.0
233.0	26.27434325938756	23.841405191748276	23.680689716430173	26.20356183243399	0.0
234.0	26.218273266271403	23.844180933981747	23.685686052450425	26.251859747296425	0.0
235.0	26.261574845113582	23.704283525414695	23.77839584304843	26.25574578642329	0.0
236.0	26.187184953256498	23.64266204783159	23.80032420669287	26.369828792219042	0.0
237.0	26.22049386005818	23.690682388470677	23.763684409211024	26.32513934226012	0.0
238.0	26.31633001446166	23.824539294904	23.892545168390868	25.966585522243474	0.0
239.0	26.274971340381885	23.77180004607745	23.70379417259058	26.249434440950083	0.0
240.0	26.200152118274733	23.67604359243406	23.84342921226051	26.280375077030694	0.0
241.0	26.26912325215349	23.770434917788407	23.744062804493808	26.216379025564297	0.0
242.0	26.270610020516322	23.84835133717008	23.65540351081757	26.225635131496027	0.0
243.0	26.273252262757513	23.74646010328169	23.649008828918873	26.331278805041926	0.0
244.0	26.169949884080907	23.62389460386212	23.818527619285607	26.38762789277137	0.0
245.0	26.269346320658844	23.70510848378158	23.78202173562944	26.24352345993014	0.0
246.0	26.218719802738992	23.826263703308786	23.79405329157087	26.16096320238135	0.0
247.0	26.15879327772162	23.924790900709773	23.743182752224286	26.17323306934432	0.0
248.0	26.322483539248932	23.78873587541204	23.82594786433731	26.062832721001723	0.0
249.0	26.239596553150957	23.668344918174824	23.801364632307408	26.29069389636681	0.0
