# Position (bp)	A	C	G	T	N
0.0	26.259672952539827	23.735429349971653	23.82536888566993	26.179528811818592	0.0
1.0	26.230583597759527	23.954193171125553	23.794795380135533	26.020427850979388	0.0
2.0	26.205183155782592	23.692857503287335	23.7712192674956	26.330740073434473	0.0
3.0	26.20422119263087	23.88170450464355	23.80126974139185	26.112804561333736	0.0
4.0	26.28187624655713	23.793807579067337	23.71812375344287	26.206192420932663	0.0
5.0	26.318647890667897	23.738778175127244	23.701384457865295	26.24118947633957	0.0
6.0	26.18023076375205	23.771099926402506	23.818285415825834	26.23038389401961	0.0
7.0	26.17965891454465	23.763513292955434	23.74303748260298	26.31379030989694	0.0
8.0	26.256331733893585	23.81236405503972	23.621262162715546	26.31004204835115	0.0
9.0	26.160958558601333	23.76189147967692	23.72806418876815	26.349085772953597	0.0
10.0	26.24081277799043	23.708002860389833	23.833812537646466	26.217371823973274	0.0
11.0	26.018865517169758	23.79049128085527	23.884848538797744	26.305794663177227	0.0
12.0	26.25119801078284	23.785150303990598	23.65429637080622	26.30935531442034	0.0
13.0	26.284430755718553	23.72283890723613	23.804733885827716	26.187996451217593	0.0
14.0	26.320333989086603	23.859627259159033	23.602370206844164	26.2176685449102	0.0
15.0	26.183248916226777	23.83915351451114	23.69376025541738	26.283837313844703	0.0
16.0	26.349709361842283	23.709486465074463	23.833515816709543	26.107288356373715	0.0
17.0	26.125091612589273	23.740642163451696	23.808591258007755	26.325674965951272	0.0
18.0	26.177611218425184	23.903838678761012	23.702661883525163	26.21588821928864	0.0
19.0	26.24556031298124	23.640943928644546	23.77476507119819	26.338730687176014	0.0
20.0	26.214249048273242	23.787086188019074	23.811713879632897	26.186950884074783	0.0
21.0	26.281901020417248	23.879959290129044	23.519742210379828	26.31839747907388	0.0
22.0	26.198522931941522	23.72299484598791	23.801031989294373	26.277450232776197	0.0
23.0	26.020491426299408	23.824472804203918	23.87610194084013	26.27893382865654	0.0
24.0	26.391093677211074	23.742875030784614	23.681750880514155	26.184280411490153	0.0
25.0	26.285461650530088	23.710235921416896	23.837825167127075	26.16647726092594	0.0
26.0	26.262910993148754	23.941083440399503	23.769283037454862	26.02672252899688	0.0
27.0	26.21009497980826	23.661277257365313	23.769283037454862	26.359344725371564	0.0
28.0	26.2276014111964	23.839902201359568	23.808746687872198	26.123749699571835	0.0
29.0	26.305045116150723	23.779371489441246	23.730412825389667	26.18517056901836	0.0
30.0	26.338277663870585	23.729225948685386	23.67819025040131	26.25430613704272	0.0
31.0	26.207424507223624	23.749699571834228	23.806669653639705	26.236206267302435	0.0
32.0	26.203567157934714	23.739017681495703	23.761271619700967	26.296143540868616	0.0
33.0	26.264394589029106	23.806966372815776	23.614098908370153	26.31454012978497	0.0
34.0	26.17923618549696	23.776701016856617	23.715873585762225	26.328189211884194	0.0
35.0	26.263207712324828	23.694806524261246	23.827143276788547	26.214842486625383	0.0
36.0	26.053427254843196	23.776701016856617	23.86156270121269	26.308309027087496	0.0
37.0	26.259943801388054	23.76898631827879	23.653562558787485	26.31750732154567	0.0
38.0	26.304748396974652	23.71973093505114	23.78144852367374	26.194072144300467	0.0
39.0	26.305045116150723	23.87254131072729	23.6126153124898	26.20979826063219	0.0
40.0	26.197929493589385	23.819725297386793	23.68590494897914	26.296440260044683	0.0
41.0	26.346585800800547	23.700444188606575	23.847023461585252	26.105946549007626	0.0
42.0	26.125530014628257	23.755337236179564	23.786789468843004	26.33234328034918	0.0
43.0	26.177455870440543	23.88975102293936	23.726258756924683	26.206534349695414	0.0
44.0	26.236206267302435	23.66246413406959	23.77106335251128	26.33026624611669	0.0
45.0	26.21557707086502	23.7845712878426	23.787241744579717	26.212609896712667	0.0
46.0	26.291833446580483	23.864091555125643	23.528504158494577	26.315570839799303	0.0
47.0	26.204598526501314	23.713952543016607	23.79317609288442	26.28827283759766	0.0
48.0	26.0580201233751	23.82433142148412	23.854893315253353	26.262755139887428	0.0
49.0	26.37906836665965	23.747778328353427	23.676269431281728	26.1968838737052	0.0
50.0	26.301625121283244	23.70119369416149	23.82700187822124	26.170179306334028	0.0
51.0	26.248215986540895	23.899697644953875	23.791099070977772	26.060987297527454	0.0
52.0	26.208159135484138	23.64689440717344	23.78397785301213	26.360968604330292	0.0
53.0	26.23783087700766	23.829672334958353	23.788428614240654	26.144068173793322	0.0
54.0	26.337824645941943	23.7744828957246	23.70119369416149	26.18649876417197	0.0
55.0	26.347319603229476	23.7181065868299	23.679830040264555	26.254743769676075	0.0
56.0	26.206378830992726	23.743030849709662	23.81632005127277	26.23427026802484	0.0
57.0	26.213500048958373	23.722854065473665	23.74629474127725	26.31735114429071	0.0
58.0	26.278184445479656	23.799110441189125	23.61692594823468	26.30577916509654	0.0
59.0	26.183234872604377	23.778340222122658	23.706534607635728	26.33189029763724	0.0
60.0	26.273140249420656	23.69377575878061	23.81691348610324	26.21617050569549	0.0
61.0	26.049118600918042	23.765878090682776	23.865278424786588	26.319724883612594	0.0
62.0	26.260381400565542	23.77388946089413	23.652235320647673	26.313493817892653	0.0
63.0	26.298954664546127	23.714842695262313	23.782197548520713	26.204005091670844	0.0
64.0	26.293317033656656	23.87952086071788	23.624047166200327	26.203114939425138	0.0
65.0	26.21142302705173	23.805044789493827	23.70742475988143	26.276107423573013	0.0
66.0	26.356814560517	23.709798499203313	23.817803638348945	26.11558330193074	0.0
67.0	26.137243673242917	23.754899546319074	23.77062556932654	26.337231211111472	0.0
68.0	26.212016461882197	23.86943246859988	23.723447500304136	26.19510356921379	0.0
69.0	26.274623836496836	23.637102732470677	23.757570003056188	26.3307034279763	0.0
70.0	26.21749850900384	23.775528673117265	23.779385976624738	26.22758684125416	0.0
71.0	26.29968874527851	23.86009263462731	23.52658423905787	26.31363438103631	0.0
72.0	26.20177257931951	23.714998679615338	23.791848034110433	26.29138070695472	0.0
73.0	26.04688700771164	23.815585286464128	23.858609056355203	26.27891864946903	0.0
74.0	26.374757805847075	23.729537746681977	23.67939280108479	26.216311646386153	0.0
75.0	26.29850188266083	23.702536622129646	23.832498078766136	26.166463416443385	0.0
76.0	26.264379582402388	23.899555816665334	23.77908926097032	26.056975339961962	0.0
77.0	26.2183886559671	23.64467706951751	23.793034896728116	26.343899377787274	0.0
78.0	26.22758684125416	23.835168519655927	23.803419944632857	26.133824694457054	0.0
79.0	26.332920898573686	23.785617005367587	23.706987356945966	26.174474739112764	0.0
80.0	26.32639315417642	23.727460737101026	23.69155814291606	26.254587965806486	0.0
81.0	26.23114742910721	23.74734068594725	23.78680386798527	26.23470801696027	0.0
82.0	26.19435468795898	23.727164021446605	23.751791420763567	26.326689869830844	0.0
83.0	26.26823688590986	23.817068864736235	23.614412072766548	26.300282176587352	0.0
84.0	26.182486061782136	23.78917759322064	23.706393925637123	26.3219424193601	0.0
85.0	26.27268762072618	23.687404123754167	23.82804734394982	26.211860911569833	0.0
86.0	26.049854164255855	23.756242155579887	23.872554692113003	26.321348988051263	0.0
87.0	26.26230257282144	23.780572839242424	23.653875254804568	26.303249333131568	0.0
88.0	26.288413550410507	23.729537746681977	23.77968269227916	26.202366010628353	0.0
89.0	26.303546048785986	23.87641199562048	23.60491717182507	26.215124783768466	0.0
90.0	26.184859787017505	23.8040133759417	23.733395050189454	26.277731786851344	0.0
91.0	26.35280084741991	23.70313005343849	23.846443714523936	26.09762538461767	0.0
92.0	26.157858662465173	23.7396260789323	23.777902398352634	26.324612860249896	0.0
93.0	26.19613498188551	23.855938615465412	23.71559211092418	26.232334291724897	0.0
94.0	26.275061345961554	23.61055476925907	23.775231957462843	26.339151927316536	0.0
95.0	26.224464060529634	23.765299310140197	23.797937838439285	26.21229879089088	0.0
96.0	26.288257547659672	23.848379200356057	23.556116015132407	26.307247236851865	0.0
97.0	26.19568281284771	23.70476967584007	23.782508715970625	26.317038795341592	0.0
98.0	26.043468585416512	23.811883391439803	23.881017728655145	26.26363029448854	0.0
99.0	26.37074401008827	23.74215562643721	23.66352644462577	26.223573918848754	0.0
100.0	26.30190638676656	23.696758400712113	23.817817669312365	26.18351754320896	0.0
101.0	26.270158000148356	23.88457829537868	23.77835472145983	26.066908983013132	0.0
102.0	26.212595504784513	23.647503894369855	23.780135004821602	26.359765596024033	0.0
103.0	26.23989318299829	23.81069653586529	23.81841109709962	26.130999184036792	0.0
104.0	26.360655737704917	23.767969735182852	23.702395964691046	26.168978562421184	0.0
105.0	26.331874490022994	23.725836362287662	23.685483272754247	26.256805874935097	0.0
106.0	26.217046213188933	23.746309620948	23.7991246940138	26.237519471849268	0.0
107.0	26.21140864921	23.71426452043617	23.76500259624657	26.30932423410726	0.0
108.0	26.268674430680218	23.807135969141754	23.629404346858543	26.294785253319485	0.0
109.0	26.182627401528073	23.775981010310808	23.716638231585193	26.32475335657592	0.0
110.0	26.246124174764486	23.681032564349827	23.862918181143833	26.209925079741858	0.0
111.0	26.049996291076326	23.75550775165047	23.872709739633557	26.32178621763964	0.0
112.0	26.243750463615456	23.788146279949558	23.67094429196647	26.297158964468508	0.0
113.0	26.296862250574883	23.714857948223425	23.789629849417697	26.19864995178399	0.0
114.0	26.323566501001412	23.861137897782065	23.608634374304575	26.206661226911947	0.0
115.0	26.18351754320896	23.801201691269195	23.739781915288184	26.275498850233664	0.0
116.0	26.356205029300494	23.69438468956309	23.864105036718346	26.085305244418073	0.0
117.0	26.152065870484385	23.74363919590535	23.789629849417697	26.31466508419257	0.0
118.0	26.19212224612417	23.865885320080114	23.73711149024553	26.20488094355018	0.0
119.0	26.28766411987241	23.627030635709517	23.768266449076478	26.317038795341592	0.0
120.0	26.21393792115078	23.76425347824926	23.78888087756622	26.23292772303374	0.0
121.0	26.29850188266083	23.850301018031413	23.545277325286403	26.30591977402136	0.0
122.0	26.206816745444673	23.7102512291446	23.785617005367587	26.297315020043143	0.0
123.0	26.05994249650617	23.806090385522648	23.88204959305448	26.251917524916696	0.0
124.0	26.36555962056002	23.740812941549983	23.674942066268475	26.21868537162152	0.0
125.0	26.297908451351987	23.68325010459227	23.844366704942985	26.174474739112764	0.0
126.0	26.27891864946903	23.858905772009624	23.78947430887506	26.072701269646288	0.0
127.0	26.22580654732763	23.63963290339235	23.7885841619118	26.345976387368218	0.0
128.0	26.233521154342583	23.822113030861395	23.819145874317183	26.12521994047884	0.0
129.0	26.34745996564033	23.773451663536317	23.70580049432828	26.173287876495078	0.0
130.0	26.341228936897483	23.70342676909291	23.704613631710593	26.25073066229901	0.0
131.0	26.20897152114699	23.742663683676437	23.804084006385338	26.244280788791237	0.0
132.0	26.207487938472863	23.719223077425212	23.776786085181385	26.296502898920544	0.0
133.0	26.266534528903158	23.820996848870397	23.61774602251485	26.29472259971159	0.0
134.0	26.183157182617155	23.78301713241272	23.714178896333177	26.31964678863694	0.0
135.0	26.25800766124366	23.677753018357905	23.863794837710408	26.200444482688024	0.0
136.0	26.04110723070669	23.751635654751485	23.890499405081584	26.31675770946024	0.0
137.0	26.248512703956134	23.76884526483513	23.68487423632355	26.297767794885186	0.0
138.0	26.28797612018242	23.70238056382243	23.791395788393007	26.21824752760214	0.0
139.0	26.316460992045005	23.85815720682094	23.61692594823468	26.208455852899377	0.0
140.0	26.195400286629024	23.789022049071125	23.75015206767531	26.265425596624542	0.0
141.0	26.347319603229476	23.704754303144316	23.860530946142823	26.087395147483388	0.0
142.0	26.177300524299675	23.730272000854548	23.782790983351184	26.309636491494597	0.0
143.0	26.208159135484138	23.859047359066647	23.73145887051549	26.201334634933726	0.0
144.0	26.314977404968833	23.606540838701445	23.76884526483513	26.309636491494597	0.0
145.0	26.20890810310398	23.760381462172756	23.808449968696127	26.222260466027137	0.0
146.0	26.296440260044683	23.84643002323311	23.547337093754358	26.30979262296784	0.0
147.0	26.23205219883745	23.68590494897914	23.79509760577297	26.286945246410443	0.0
148.0	26.05253709731499	23.80934012622434	23.888564146235076	26.249558630225593	0.0
149.0	26.35950115276084	23.698804511345127	23.709486465074463	26.232207870819575	0.0
150.0	26.29392582570019	23.691386487921974	23.8421207238804	26.17256696249744	0.0
151.0	26.291552058204783	23.875946910689965	23.775951954945892	26.056549076159364	0.0
152.0	26.23191114988265	23.633525905221397	23.780402768999785	26.354160175896173	0.0
153.0	26.23814228955809	23.826691235160244	23.82016337454787	26.11500310073379	0.0
154.0	26.338433966239094	23.76408311746885	23.70740941851598	26.19007349777608	0.0
155.0	26.353566734022323	23.70592581383135	23.704145488209793	26.236361963936538	0.0
156.0	26.22041683480903	23.726469959883207	23.79619958696323	26.25691361834453	0.0
157.0	26.17768889310893	23.714304365371376	23.782253661547227	26.325753079972465	0.0
158.0	26.284212025541816	23.805397963301445	23.627068151067014	26.283321860089732	0.0
159.0	26.199646307593703	23.75792247252356	23.716974861727632	26.3254563581551	0.0
160.0	26.252837410797742	23.67105321721585	23.87045087013931	26.2056585018471	0.0
161.0	26.04602169042921	23.74196994199071	23.887957509309672	26.324050858270404	0.0
162.0	26.257288251264782	23.756806076880853	23.684702461314778	26.30120321053959	0.0
163.0	26.30001631974838	23.695087755737877	23.794786582199606	26.21010934231414	0.0
164.0	26.323160690176994	23.82119490230405	23.632182543803687	26.223461863715265	0.0
165.0	26.181623963325073	23.78558817856772	23.7618503627435	26.270937495363704	0.0
166.0	26.347788674094623	23.698054982715902	23.870154147441507	26.084002195747964	0.0
167.0	26.183997744907494	23.737222378825866	23.78885212824355	26.289927748023086	0.0
168.0	26.219307745946026	23.850867172084328	23.72238624393573	26.207438838033916	0.0
169.0	26.295565479281336	23.596279097369553	23.772829102562202	26.335326320786905	0.0
170.0	26.2242109354832	23.767332417443836	23.801455730194384	26.207000916878577	0.0
171.0	26.304919988249708	23.83142490052313	23.561702367564454	26.30195274366271	0.0
172.0	26.225991282235405	23.695821822897038	23.793740894268172	26.28444600059938	0.0
173.0	26.045582811345557	23.812137810707597	23.8863189253827	26.255960452564143	0.0
174.0	26.343947230209103	23.70634786401631	23.70278714938088	26.246917756393707	0.0
175.0	26.281041271649887	23.70219369694164	23.83483031711131	26.18193471429716	0.0
176.0	26.279557640551793	23.865986570171298	23.802783885392465	26.051671903884444	0.0
177.0	26.219025491749527	23.62741868959767	23.79922317075704	26.354332647895767	0.0
178.0	26.246917756393707	23.811685671981035	23.80901513600446	26.132381435620793	0.0
179.0	26.364718065582426	23.74818626098258	23.71732673414221	26.16976893929278	0.0
180.0	26.354035921676143	23.66154220485385	23.73097614024468	26.253445733225323	0.0
181.0	26.1986291207976	23.729859648081657	23.804041423103172	26.26746980801757	0.0
182.0	26.191210943295452	23.71116584077624	23.79365597460016	26.303967241328152	0.0
183.0	26.27696507522032	23.799293789501796	23.63876442835524	26.28497670692264	0.0
184.0	26.1986291207976	23.757158541289574	23.71175929497641	26.33245304293641	0.0
185.0	26.25330480788347	23.6863110480729	23.86820530015519	26.192178843888442	0.0
186.0	26.05894798061773	23.733490796981684	23.879777691396967	26.327783531003625	0.0
187.0	26.25063425605844	23.743876276301226	23.68957505585904	26.31591441178129	0.0
188.0	26.286835069686564	23.68601432009234	23.811530255868536	26.215620354352552	0.0
189.0	26.323035883314688	23.81271716779077	23.64417567483361	26.22007127406093	0.0
190.0	26.171111157268793	23.774142530318183	23.767911242726456	26.286835069686564	0.0
191.0	26.357159601078905	23.69728998335356	23.861083828621787	26.084466586945748	0.0
192.0	26.191585387927326	23.745953372165136	23.77978036194879	26.282680877958747	0.0
193.0	26.218884362138695	23.870875851980212	23.72666605342884	26.18357373245225	0.0
194.0	26.314134043897937	23.580675886994115	23.769098154648688	26.33609191445926	0.0
195.0	26.234173177411748	23.769832674098758	23.789416837038992	26.206577311450502	0.0
196.0	26.29381585545701	23.831255730593135	23.549955935633385	26.32497247831647	0.0
197.0	26.25227369164439	23.67933010293555	23.774877079704577	26.29351912571549	0.0
198.0	26.046046521288872	23.815825784034157	23.882589975875874	26.255537718801094	0.0
199.0	26.347977032981706	23.708550318244537	23.68481179804454	26.258660850729214	0.0
200.0	26.28211785721704	23.69785252862751	23.839395135326008	26.18063447882944	0.0
201.0	26.263282680364036	23.866539663322442	23.815797672990126	26.054379983323393	0.0
202.0	26.222799880116206	23.623042615128504	23.8088031502138	26.345354354541488	0.0
203.0	26.259158256451954	23.82318815636026	23.809241196352424	26.108412390835362	0.0
204.0	26.347150797207032	23.74884640151459	23.7251067542264	26.178896047051982	0.0
205.0	26.367922988584198	23.67139580223687	23.72777746454632	26.232903744632612	0.0
206.0	26.230310871603734	23.736750270039288	23.81271736679051	26.220221491566463	0.0
207.0	26.199604731353826	23.70899681292398	23.794460303988892	26.296938151733308	0.0
208.0	26.268918036678734	23.825449581577544	23.63255979583358	26.273072585910146	0.0
209.0	26.21522007502018	23.746498266938893	23.722757703812736	26.315523954228194	0.0
210.0	26.25803101120261	23.6931523110023	23.861414051487497	26.187402626307588	0.0
211.0	26.078350490988893	23.738697165648286	23.881735331910868	26.301217011451953	0.0
212.0	26.232368765450047	23.75650274651085	23.7116920346734	26.2994364533657	0.0
213.0	26.279131190888126	23.68956010529221	23.820136689942935	26.211172013876734	0.0
214.0	26.316101863420393	23.829463943898553	23.646356700033536	26.20807749264752	0.0
215.0	26.17083977575907	23.76342522384029	23.784496036609795	26.281238963790848	0.0
216.0	26.3423739980235	23.703774049661828	23.88450820426224	26.069343748052432	0.0
217.0	26.191769276198446	23.755553379214557	23.772172710464538	26.280504634122455	0.0
218.0	26.20260865694232	23.858378715258713	23.750352420946417	26.18866020685255	0.0
219.0	26.292390926924526	23.58904654358323	23.79441643196529	26.324146097526956	0.0
220.0	26.20960442084707	23.783124449100608	23.80211842148218	26.20515270857014	0.0
221.0	26.282174941459637	23.849151350212345	23.573440333346195	26.295233374981823	0.0
222.0	26.230846166859084	23.700744636333148	23.792451542248987	26.275957654558784	0.0
223.0	26.026063755590705	23.811445852859386	23.918288850042885	26.244201541507024	0.0
224.0	26.33653375280098	23.730393102527195	23.704275305325954	26.22879783934587	0.0
225.0	26.27242643239794	23.706649650526064	23.83605146393221	26.184872453143782	0.0
226.0	26.250619559378276	23.87180834171779	23.823727566014608	26.053844532889332	0.0
227.0	26.200630997218983	23.617875682269453	23.826229420616336	26.35526389989523	0.0
228.0	26.25302366995622	23.83972694219782	23.816873191363065	26.090376196482897	0.0
229.0	26.33494101061067	23.762855234844547	23.728129405654077	26.174074348890702	0.0
230.0	26.3676054624081	23.675876540791464	23.72870791669264	26.2278100801078	0.0
231.0	26.23560489136887	23.718983735011278	23.818413866793303	26.226997506826542	0.0
232.0	26.203111736386898	23.706064977234817	23.790952101104722	26.299871185273567	0.0
233.0	26.272127177100522	23.79940400574624	23.650999062080754	26.27746975507248	0.0
234.0	26.186052309774542	23.751320803998624	23.74419736670268	26.318429519524155	0.0
235.0	26.252474674470854	23.70255822719812	23.854229430149623	26.190737668181402	0.0
236.0	26.07735528163057	23.764592046017814	23.88034893281055	26.27770373954107	0.0
237.0	26.21418585807018	23.762811170836386	23.727787292268328	26.295215678825095	0.0
238.0	26.26879936363394	23.72274147925429	23.819502364111802	26.188956792999974	0.0
239.0	26.308275430155557	23.842060116409876	23.649725596815795	26.199938856618772	0.0
240.0	26.177719864292477	23.77078132745228	23.778498728113007	26.27300008014224	0.0
241.0	26.33524000629291	23.721603979969544	23.90000207784806	26.043153935889485	0.0
242.0	26.215079362723415	23.74677547191655	23.78447536297277	26.253669802387265	0.0
243.0	26.195869341273635	23.874637446674605	23.775185766831825	26.15430744521994	0.0
244.0	26.291726537543493	23.617428065883693	23.799712619791233	26.291132776781577	0.0
245.0	26.226840855106886	23.773456057007124	23.81413301662708	26.18557007125891	0.0
246.0	26.263187118267627	23.844744601187102	23.615816524984634	26.276251755560637	0.0
247.0	26.21064009217137	23.710966730410615	23.827368721122212	26.251024456295802	0.0
248.0	26.039482827226994	23.842626962114778	23.903799212481513	26.214090998176708	0.0
249.0	26.341937093172422	23.728738062431702	23.72487765477265	26.204447189623224	0.0
