# Position (bp)	A	C	G	T	N
0.0	26.22430425000771	23.865492537480705	23.761266625013658	26.148936587497936	0.0
1.0	26.3402976042049	23.790685229339033	23.70803296004393	26.160984206412135	0.0
2.0	26.349600351880852	23.69648595418265	23.74915601825522	26.20475767568128	0.0
3.0	26.338790466265504	23.620028910478368	23.845821987651416	26.19535863560471	0.0
4.0	26.17173494083901	23.83946979204016	23.618736554320545	26.370058712800287	0.0
5.0	26.221399382123025	23.74653039388957	23.718241375350463	26.313828848636945	0.0
6.0	26.194743799430913	23.68482961037797	23.774729460264826	26.345697129926286	0.0
7.0	26.163966194153986	23.765744977569184	23.84947549412206	26.22081333415477	0.0
8.0	26.187882741993747	23.908021516155316	23.753454653386612	26.150641088464326	0.0
9.0	26.160497041884014	23.78532449678429	23.731566023524934	26.322612437806765	0.0
10.0	26.155526002659762	23.657590816826485	23.914047735703786	26.272835444809967	0.0
11.0	26.21712045915868	23.85777280044796	23.748302652761254	26.17680408763211	0.0
12.0	26.202001819836212	23.70938615524603	23.7443830055295	26.344229019388255	0.0
13.0	26.231399174074333	23.761461468467836	23.73318401343879	26.27395534401904	0.0
14.0	26.215927161959367	23.715479203529913	23.80759065558716	26.261002978923553	0.0
15.0	26.239165005487493	23.839507693686027	23.74599637153672	26.175330929289764	0.0
16.0	26.178410643492285	23.80759065558716	23.802831097274176	26.21116760364638	0.0
17.0	26.17449100723453	23.749076085739244	23.847346966201535	26.229085940824692	0.0
18.0	26.303279055703634	23.831388447152104	23.687761775707212	26.17757072143705	0.0
19.0	26.257363316684213	23.70707998297758	23.788272448316796	26.247284252021412	0.0
20.0	26.324277107084466	23.752995721997	23.70288037270141	26.219846798217127	0.0
21.0	26.18037046162116	23.766154500862317	23.82326920061818	26.230205836898335	0.0
22.0	26.235245369229737	23.95345711917934	23.688321723744036	26.122975787846887	0.0
23.0	26.32651689923175	23.70959974914328	23.800031357090063	26.16385199453491	0.0
24.0	26.15321298183528	23.758875176383633	23.882903666539747	26.20500817524134	0.0
25.0	26.219846798217127	23.859385848993213	23.77119403319372	26.14957331959594	0.0
26.0	26.34219544426277	23.784912760095864	23.71239948932739	26.160492306313976	0.0
27.0	26.343315340336414	23.696160996259547	23.75607543619952	26.204448227204512	0.0
28.0	26.34583510650212	23.616088426993976	23.83782784957556	26.200248616928352	0.0
29.0	26.175890877326584	23.839227719667615	23.621127959325374	26.363753443680427	0.0
30.0	26.2293659148431	23.747956189665597	23.70875982708805	26.313918068403254	0.0
31.0	26.194855771788216	23.676496526932027	23.77364723932392	26.355000461955836	0.0
32.0	26.171338020085276	23.76440812258348	23.844480467667292	26.21977338966395	0.0
33.0	26.181137083294836	23.906914498973897	23.74816967497907	26.163778742752193	0.0
34.0	26.16041906393749	23.777846837842304	23.733611066782014	26.328123031438196	0.0
35.0	26.15062000072793	23.65941815962394	23.91615361571434	26.27380822393379	0.0
36.0	26.21277405879998	23.854559504111407	23.743130156757015	26.1895362803316	0.0
37.0	26.20997432645439	23.701694118042315	23.74453002292981	26.343801532573487	0.0
38.0	26.224252961416887	23.76440812258348	23.729971414732752	26.281367501266878	0.0
39.0	26.218580091718973	23.720665886476773	23.805497539042157	26.255256482762096	0.0
40.0	26.230338934648827	23.836014536169642	23.751462856054964	26.182183673126563	0.0
41.0	26.174904389408084	23.800458034929363	23.807177373746423	26.217460201916133	0.0
42.0	26.173504527154527	23.74558343459004	23.84217393008528	26.238738108170157	0.0
43.0	26.292772791157347	23.83265486676111	23.697988117969192	26.176584224112347	0.0
44.0	26.25665634501565	23.7033075945327	23.791778888957328	26.248257171494327	0.0
45.0	26.331129016904736	23.752582745857808	23.69462844856066	26.221659788676792	0.0
46.0	26.182743618027988	23.7730207347597	23.828735252451157	26.215500394761154	0.0
47.0	26.242657722480107	23.94996332360896	23.692108696504263	26.11527025740667	0.0
48.0	26.323289788284832	23.715626382363975	23.798778200225097	26.16230562912609	0.0
49.0	26.141027722872067	23.759302084674868	23.892288998762524	26.207381193690544	0.0
50.0	26.217740174366845	23.857012469972954	23.77974007357676	26.14550728208344	0.0
51.0	26.338128328172505	23.788979164450218	23.719266024223217	26.153626483154056	0.0
52.0	26.338128328172505	23.702187704729855	23.748663131547858	26.211020835549782	0.0
53.0	26.337008438369665	23.617356052164467	23.841893957634568	26.2037415518313	0.0
54.0	26.170984775098134	23.84217393008528	23.623795418530815	26.363045876285774	0.0
55.0	26.22473948563461	23.758182194872024	23.707507181293362	26.3095711382	0.0
56.0	26.191629407104	23.686162960308415	23.771834290369814	26.35037334221777	0.0
57.0	26.170071588755217	23.76707477203307	23.850786300426396	26.212067338785317	0.0
58.0	26.173151277090756	23.921339160476958	23.752796217022837	26.152713345409445	0.0
59.0	26.15439317541065	23.775753893705957	23.736277888677666	26.33357504220573	0.0
60.0	26.149913628740773	23.658725736955418	23.910420265469135	26.280940368834678	0.0
61.0	26.213187225452785	23.851346243760133	23.751676330355366	26.183790200431716	0.0
62.0	26.213747168786515	23.705201033655392	23.746356868684888	26.334694928873198	0.0
63.0	26.221586375458806	23.76483499869813	23.727038823671045	26.286539802172022	0.0
64.0	26.20527465143625	23.723612744274593	23.80984377624727	26.261268828041885	0.0
65.0	26.233551710622095	23.82664202922896	23.751049890811355	26.18875636933759	0.0
66.0	26.180357242846743	23.807883980066073	23.799764824458254	26.211993952628927	0.0
67.0	26.167758553110477	23.75188980346044	23.84512010750882	26.235231535920267	0.0
68.0	26.29346547959012	23.82944173805924	23.699255277451144	26.177837504899493	0.0
69.0	26.259868973626745	23.70765440394199	23.778487037348114	26.253989585083154	0.0
70.0	26.324542247606246	23.75160983257741	23.69897530656812	26.224872613248223	0.0
71.0	26.185676689624277	23.76868805644213	23.82216249510051	26.223472758833083	0.0
72.0	26.255669410381323	23.949549246878323	23.680777199171285	26.11400414356907	0.0
73.0	26.31334341228512	23.725012598689737	23.798924911809173	26.162719077215968	0.0
74.0	26.137801668626466	23.761688784366424	23.89047539055938	26.21003415644773	0.0
75.0	26.210314127330758	23.870877428747413	23.76868805644213	26.150120387479703	0.0
76.0	26.343860238535193	23.78408645500868	23.71353379248558	26.158519513970546	0.0
77.0	26.33770087910857	23.69393583067361	23.75496948317375	26.213393807044067	0.0
78.0	26.353379248558152	23.620023517554177	23.82692200011199	26.199675233775686	0.0
79.0	26.16663866957836	23.84372025309368	23.6292625566941	26.360378520633855	0.0
80.0	26.230472030908786	23.756649308471918	23.709614200123188	26.303264460496106	0.0
81.0	26.196802181527012	23.685190421662966	23.776180703900824	26.341826692909198	0.0
82.0	26.174964513789927	23.76610178032986	23.843653497806432	26.21528020807378	0.0
83.0	26.173844633393156	23.928764407961232	23.74538399298955	26.152006965656067	0.0
84.0	26.148647324465745	23.77590073380163	23.738384740509712	26.337067201222908	0.0
85.0	26.148367354366552	23.656073531346852	23.920925245183813	26.274633869102782	0.0
86.0	26.20912086589152	23.8450533483024	23.75686276705648	26.1889630187496	0.0
87.0	26.21696002866894	23.700868747217797	23.743144232196002	26.339026991917265	0.0
88.0	26.221439550256033	23.76330207933793	23.732785338525844	26.282473031880194	0.0
89.0	26.204008040718733	23.721520121394697	23.80775067052651	26.266721167360057	0.0
90.0	26.240124082400566	23.821749136294663	23.749237083615636	26.188889697689135	0.0
91.0	26.17937074096679	23.813909995464495	23.804111069426792	26.202608194141924	0.0
92.0	26.176291078497798	23.756236316499713	23.84274683494689	26.224725770055603	0.0
93.0	26.294718098896364	23.832947908909183	23.700242453427105	26.17209153876735	0.0
94.0	26.258882026529896	23.70808159425727	23.78451321735138	26.24852316186146	0.0
95.0	26.32327496906339	23.748957114300275	23.703882054526822	26.223885862109515	0.0
96.0	26.186929912481595	23.762115672122334	23.82622864534047	26.224725770055603	0.0
97.0	26.254682486799446	23.949135174784843	23.683724263820686	26.112458074595025	0.0
98.0	26.328594386055286	23.708641532887995	23.8032711614807	26.159492919576017	0.0
99.0	26.142134822023504	23.765755273222055	23.88614207882816	26.20596782592628	0.0
100.0	26.224725770055603	23.8601049324994	23.769674843637137	26.14549445380786	0.0
101.0	26.349312115392152	23.778073923098027	23.718440458925702	26.154173502584115	0.0
102.0	26.343712729084896	23.68876371149722	23.750076991561723	26.21744656785616	0.0
103.0	26.35743122553768	23.61793147471037	23.82818843054801	26.196448869203937	0.0
104.0	26.180210648912876	23.84162695768544	23.627450431432713	26.35071196196897	0.0
105.0	26.233124849516493	23.75679625513044	23.702202238634644	26.307876656718427	0.0
106.0	26.19525565326457	23.68085827153028	23.779687163162862	26.344198912042287	0.0
107.0	26.176217793120056	23.77184804427982	23.835400900938737	26.21653326166139	0.0
108.0	26.18405691200309	23.92891039047211	23.735732103711545	26.151300593813254	0.0
109.0	26.152140499407867	23.76820845336984	23.745810970846875	26.333840076375413	0.0
110.0	26.1546602161917	23.652021512781964	23.910432467390667	26.28288580363567	0.0
111.0	26.212333733688332	23.846599642200218	23.75421002679299	26.186856597318464	0.0
112.0	26.222692569355203	23.689537296007927	23.75113037294608	26.336639761690783	0.0
113.0	26.237530901526668	23.764288893928324	23.72649314217082	26.271687062374188	0.0
114.0	26.209460670130802	23.723627038165205	23.7978184913098	26.269093800394195	0.0
115.0	26.23493773517291	23.8176962013976	23.759462909872784	26.187903153556707	0.0
116.0	26.18930299229529	23.80845726572299	23.803977781759542	26.19826196022218	0.0
117.0	26.175304604909517	23.758063071134206	23.840373588962553	26.226258734993728	0.0
118.0	26.300450188138324	23.83533416950367	23.69898987636624	26.165225765991757	0.0
119.0	26.266574090664758	23.71018858627486	23.784660007167176	26.23857731589321	0.0
120.0	26.33040673714388	23.747424296721018	23.70346936032969	26.218699605805412	0.0
121.0	26.18006405662068	23.75834303888192	23.832534492026518	26.229058412470884	0.0
122.0	26.246416412829245	23.95516036552589	23.68359165024189	26.114831571402974	0.0
123.0	26.315288478767247	23.716627844472317	23.796978588066654	26.17110508869378	0.0
124.0	26.142828346174518	23.764782297079375	23.88628829958789	26.206101057158214	0.0
125.0	26.216739831571402	23.851572298871172	23.779620587708298	26.152067281849128	0.0
126.0	26.34860464074539	23.782140297437735	23.71410813474288	26.155146927074004	0.0
127.0	26.342445350295645	23.691990682673357	23.749664038702743	26.215899928328255	0.0
128.0	26.35028444723168	23.619759003762766	23.832534492026518	26.197422056979036	0.0
129.0	26.173904766170935	23.836174072746818	23.63431732664397	26.355603834438273	0.0
130.0	26.241376993370363	23.754983425909334	23.69842994087081	26.30520963984949	0.0
131.0	26.190849482896674	23.680924570667056	23.77667407652121	26.351551869915056	0.0
132.0	26.169571814929082	23.766595181168142	23.834347755486	26.229485248416772	0.0
133.0	26.17657104781316	23.92785750681725	23.744197635939102	26.151373809430485	0.0
134.0	26.14353466860032	23.77471429131367	23.74307775867765	26.338673281408358	0.0
135.0	26.14605439243859	23.65460745502293	23.906579838849662	26.292758313688818	0.0
136.0	26.210447334972088	23.841346988370073	23.752596715399992	26.195608961257843	0.0
137.0	26.227245493893868	23.68596401834359	23.749517052930997	26.337273434831545	0.0
138.0	26.235364604039397	23.76799502774496	23.722360029340784	26.27428033887486	0.0
139.0	26.1937958452321	23.73201187076544	23.804244358586708	26.269947925415753	0.0
140.0	26.23383168150512	23.82076264068537	23.758889075536143	26.186516602273365	0.0
141.0	26.184556806092168	23.814883252141776	23.799204882692198	26.201355059073855	0.0
142.0	26.178957388431602	23.751049890811355	23.834481213953747	26.235511506803295	0.0
143.0	26.30158463519794	23.829161767176213	23.694495772439666	26.17475782518618	0.0
144.0	26.265468391287307	23.7107340836553	23.78268660059354	26.241110924463857	0.0
145.0	26.321182597009912	23.74321070608657	23.714373705134665	26.221232991768854	0.0
146.0	26.175597737835265	23.763368609664596	23.830561621591354	26.230472030908786	0.0
147.0	26.240064505472045	23.954095845500436	23.679163668636736	26.126675980390786	0.0
148.0	26.319576458862365	23.710240523659007	23.796751768721006	26.173431248757627	0.0
149.0	26.15166667599908	23.758182194872024	23.883889825241198	26.206261303887697	0.0
150.0	26.214660477409023	23.863731808790014	23.76742128574548	26.154186428055482	0.0
151.0	26.342607887383878	23.778620183773917	23.72122583137819	26.157546097464007	0.0
152.0	26.344567694538856	23.69742817306777	23.757062305069184	26.200941827324193	0.0
153.0	26.346247529243122	23.620715721572996	23.82285583098623	26.21018091819765	0.0
154.0	26.17070480264742	23.83881426067675	23.632754536953563	26.35772639972227	0.0
155.0	26.243777612282955	23.75426258056207	23.6982680904199	26.303691716735074	0.0
156.0	26.186529890026204	23.686081931596746	23.77875333169082	26.348634846686224	0.0
157.0	26.165251864626963	23.766154500862317	23.847346966201535	26.221246668309178	0.0
158.0	26.17925056554752	23.93021927565122	23.744596501444665	26.145933657356597	0.0
159.0	26.13557461867539	23.775673617488298	23.74571639751831	26.343035366318006	0.0
160.0	26.152093085761642	23.64856541312966	23.905861536049457	26.29347996505924	0.0
161.0	26.206688019351805	23.83306829126257	23.755515488162697	26.204728201222927	0.0
162.0	26.230485810916747	23.680202477210116	23.75131587788653	26.337995833986604	0.0
163.0	26.246164355947766	23.757475306291575	23.73255761865299	26.263802719107666	0.0
164.0	26.199555398769224	23.74024985021306	23.79596499185271	26.264229759165005	0.0
165.0	26.232592517932435	23.825082452810115	23.75760833655305	26.184716692704395	0.0
166.0	26.19423586263278	23.81192360026206	23.80380430826432	26.190036228840846	0.0
167.0	26.18331681477375	23.744449484004996	23.845520670597523	26.226713030623728	0.0
168.0	26.29670692715595	23.83600150066914	23.69237402498502	26.174917547189885	0.0
169.0	26.267309490612416	23.71589197421985	23.7861658463382	26.230632688829537	0.0
170.0	26.326664314871746	23.742209679315966	23.721771461528554	26.209354544283737	0.0
171.0	26.17379764484537	23.7609680435866	23.838521280944303	26.226713030623728	0.0
172.0	26.239665372242584	23.95869788589843	23.68264118508398	26.11899555677501	0.0
173.0	26.32393825961089	23.705599247423518	23.798831378631643	26.171631114333948	0.0
174.0	26.15210598815137	23.76642066007414	23.883731087543257	26.197742264231238	0.0
175.0	26.215100847770824	23.86273280100344	23.775379928997793	26.146786422227947	0.0
176.0	26.339690681240413	23.773980043228473	23.725823972763823	26.160505302767294	0.0
177.0	26.341090567009733	23.70062602891604	23.75914125407367	26.199142150000558	0.0
178.0	26.351449721702707	23.61803276852609	23.829695496847457	26.200822012923748	0.0
179.0	26.16862464022936	23.840894583002026	23.637351192142724	26.353129584625894	0.0
180.0	26.238898905849283	23.75802134545821	23.70314582330082	26.299933925391688	0.0
181.0	26.19060951367696	23.683400061595318	23.789232018366604	26.336758406361117	0.0
182.0	26.180530279698743	23.76711369935885	23.839348209536077	26.213007811406335	0.0
183.0	26.18389002435815	23.929221379175182	23.74219559313492	26.14469300333175	0.0
184.0	26.152532407537027	23.772433295069575	23.748355125010498	26.3266791723829	0.0
185.0	26.147492790547915	23.6554021894336	23.907663017610663	26.289442002407814	0.0
186.0	26.205728364644287	23.83766833720637	23.760674188761655	26.195929109387688	0.0
187.0	26.232606321919533	23.678080465884594	23.753954699442843	26.335358512753032	0.0
188.0	26.245765321835542	23.757594422823868	23.729596550662148	26.267043704678443	0.0
189.0	26.20811494870761	23.72916946646956	23.790205169556064	26.272510415266765	0.0
190.0	26.241432603144737	23.824082784571964	23.754367692514446	26.18011691976885	0.0
191.0	26.201395421762307	23.801964341710345	23.80224432199973	26.194395914527618	0.0
192.0	26.170317609640282	23.751287909331182	23.847881109169915	26.23051337185862	0.0
193.0	26.292668996102677	23.831082291806656	23.696691752900595	26.179556959190077	0.0
194.0	26.26999059266228	23.705651122161	23.787685346951577	26.236672938225148	0.0
195.0	26.323466827935317	23.74316848093894	23.718250235183444	26.215114455942302	0.0
196.0	26.173397392823546	23.765286923800563	23.833602114411146	26.227713568964745	0.0
197.0	26.240106168822987	23.95910036481534	23.68163912119541	26.11915434516627	0.0
198.0	26.322980566513703	23.70543751242416	23.80147102055901	26.170110900503126	0.0
199.0	26.14974549649183	23.77129961978464	23.875452870653984	26.203502013069553	0.0
200.0	26.219740960785742	23.867333396795885	23.77045967421311	26.142465968205258	0.0
201.0	26.3420930323715	23.7763392932138	23.723702704064774	26.15786497034992	0.0
202.0	26.347132705800664	23.705223901491184	23.757300526925857	26.190342865782295	0.0
203.0	26.353572288515704	23.612269924908865	23.836535392506566	26.197622394068866	0.0
204.0	26.169904190208477	23.853334303937103	23.62822889076788	26.348532615086544	0.0
205.0	26.238499745216508	23.753660762782573	23.708303701920116	26.299535790080803	0.0
206.0	26.19720912521979	23.68015813463843	23.787951753256205	26.334680986885576	0.0
207.0	26.174250484371324	23.77031279748239	23.836108902352983	26.219327815793303	0.0
208.0	26.17957016944597	23.927663482321844	23.744554322384115	26.14821202584807	0.0
209.0	26.147372075573127	23.777312383106917	23.738954653884488	26.33636088743546	0.0
210.0	26.149051976123012	23.663079145714576	23.90554479174833	26.282324086414082	0.0
211.0	26.205328644544245	23.834149018378113	23.765273095832725	26.195249241244916	0.0
212.0	26.226607384842815	23.67567839983873	23.75631362623333	26.34140058908513	0.0
213.0	26.239486622391954	23.766952996382614	23.728875250585165	26.264685130640263	0.0
214.0	26.206315341497692	23.72844815517888	23.80096426831522	26.2642722350082	0.0
215.0	26.25055297036079	23.814963517955437	23.752246879567256	26.182236632116517	0.0
216.0	26.201835581612826	23.812163668027395	23.791164793567066	26.194835956792716	0.0
217.0	26.167397427497885	23.752246879567256	23.850521612041593	26.229834080893266	0.0
218.0	26.29843040413034	23.825602947682004	23.688410301207856	26.1875563469798	0.0
219.0	26.27435169474916	23.702969520833683	23.78948488361024	26.233193900806917	0.0
220.0	26.326988873396385	23.74552723973995	23.71808871044512	26.209395176418543	0.0
221.0	26.17131721739715	23.756166669466516	23.834842452444548	26.237673660691783	0.0
222.0	26.232147406911725	23.962862686575523	23.682316938299536	26.122672968213216	0.0
223.0	26.320062940802607	23.696596212912386	23.80747058049451	26.175870265790497	0.0
224.0	26.15046477769067	23.759379549781613	23.876413932131257	26.21374174039646	0.0
225.0	26.223261283458392	23.871934147160935	23.764139321312577	26.14066524806809	0.0
226.0	26.35009519543062	23.778138649344832	23.72102139097323	26.150744764251314	0.0
227.0	26.350935155112552	23.70310225109195	23.745940194870645	26.20002239892485	0.0
228.0	26.350375181991264	23.61686639041326	23.83357598835256	26.199182439242918	0.0
229.0	26.161664240116473	23.861294657856423	23.624986000671967	26.352055101355138	0.0
230.0	26.236980624930002	23.758539590099677	23.70142233172808	26.303057453242246	0.0
231.0	26.197649219673085	23.683075837584486	23.787231421387734	26.33204352135469	0.0
232.0	26.17329025249329	23.765672335492972	23.842389082702894	26.218648329310838	0.0
233.0	26.18056994383438	23.92470559248288	23.740193415799173	26.154531047883573	0.0
234.0	26.144171487128947	23.776591872504607	23.73767352264264	26.34156311772381	0.0
235.0	26.14977124969901	23.651157190935105	23.918825841784308	26.280245717581575	0.0
236.0	26.208848744813217	23.832589498205277	23.756712715380868	26.20184904160064	0.0
237.0	26.220048269953356	23.685595730741017	23.752512893453318	26.341843105852313	0.0
238.0	26.236007593278043	23.758392644151886	23.737953510771142	26.267646251798926	0.0
239.0	26.207035581090615	23.723246984510972	23.796604284962314	26.2731131494361	0.0
240.0	26.237651486301832	23.821990994825384	23.75142805940727	26.188929459465516	0.0
241.0	26.198837287452115	23.807603557586756	23.802282859511166	26.19127629544996	0.0
242.0	26.166931321397264	23.743870232364053	23.858133862082678	26.231064584156005	0.0
243.0	26.307342854182014	23.82807576720881	23.67543223327293	26.18914914533625	0.0
244.0	26.261375699908406	23.710193803552272	23.789182966351177	26.23924753018815	0.0
245.0	26.331623663474225	23.744989341408278	23.722299566653316	26.20108742846418	0.0
246.0	26.158393097265797	23.757563872702825	23.84552891080233	26.238514119229045	0.0
247.0	26.23428946056045	23.953144349248863	23.68474137496288	26.127824815227807	0.0
248.0	26.30533397216595	23.70349200478564	23.80996410769373	26.181209915354682	0.0
249.0	26.151022695432896	23.77192490893808	23.864667974222474	26.212384421406554	0.0
