# Position (bp)	A	C	G	T	N
0.0	28.151239619539943	19.68763646821156	24.188291515627053	27.972832396621445	0.0
1.0	25.966860636443357	19.785627301098135	20.296173742007177	33.95133832045133	0.0
2.0	28.728710958996516	18.85311671205252	22.50647059032376	29.911701738627205	0.0
3.0	28.663383737072134	20.966665364856084	20.633993587991153	29.73595731008063	0.0
4.0	28.56770065930789	21.931484525614305	20.39434209451855	29.096176582321178	0.01029613823808222
5.0	28.33568250970145	21.242353342161977	22.460315487877185	27.961648660259392	0.0
6.0	28.126209352443915	21.514845966221564	22.74523448567239	27.61371019566213	0.0
7.0	27.080973801653773	22.484103117599652	22.30977884605143	28.125144234695142	0.0
8.0	26.81700211958432	22.527772945299102	22.59079241210116	28.06443252301542	0.0
9.0	26.601670814708566	22.785353920875952	22.474162018611157	28.13881324580432	0.0
10.0	26.451134172882814	22.90411454986349	22.542862113406635	28.101889163847066	0.0
11.0	26.934342591573497	22.46120308600116	22.64813125090979	27.956323071515556	0.0
12.0	26.88428205738144	22.57623580286801	22.317767229167185	28.22171491058337	0.0
13.0	26.753982652782266	22.88973546025513	22.147703428614033	28.208578458348573	0.0
14.0	26.909489844102264	22.71683134570527	22.826538473828283	27.547140336364183	0.0
15.0	26.902211539485688	22.87287109589965	22.97405728203253	27.25086008258213	0.0
16.0	26.573445194366236	23.20216999989349	23.112522589372254	27.11186221636802	0.0
17.0	26.806883500971036	23.020567423728693	23.31294224576527	26.859606829535004	0.0
18.0	26.6233282089335	23.197021930774447	23.086249684902665	27.093400175389387	0.0
19.0	26.335036338267198	23.627329501276368	22.902871912489925	27.134762247966513	0.0
20.0	26.790729215114734	23.154594740448555	23.108262118377187	26.946413926059527	0.0
21.0	26.758598163026925	23.0365441899602	22.80736635435047	27.3974912926624	0.0
22.0	26.5810785382324	23.195424254151295	22.778608175133762	27.44488903248254	0.0
23.0	26.883571978882266	22.980625508149927	23.03157364046595	27.104228872501857	0.0
24.0	26.974994585651444	23.059444221558692	22.781981048004855	27.183580144785008	0.0
25.0	26.774042370384045	23.321463187755405	22.95772547655143	26.946768965309115	0.0
26.0	27.1514490926972	23.055893829062803	23.263591790072393	26.529065288167608	0.0
27.0	26.962923251165417	23.07187059529431	23.13240478734924	26.832801366191035	0.0
28.0	26.767296624641858	23.322705825128967	22.99855499025417	26.911442559975008	0.0
29.0	27.102631195878708	23.07506594854061	23.120688492112805	26.70161436346788	0.0
30.0	27.02949311046336	23.078438821411705	22.73298563156157	27.159082436563363	0.0
31.0	26.79960519635446	23.198974646647187	22.680084783372802	27.321335373625555	0.0
32.0	27.410982784146785	22.7837562442528	22.70973056071349	27.095530410886926	0.0
33.0	27.446486709105695	22.648308770534584	22.497594609084036	27.407609911275692	0.0
34.0	27.271984917932677	22.8130469823439	22.40563944344047	27.50932865628295	0.0
35.0	27.65366626946213	22.539031608177403	22.580720192662092	27.226581929698373	0.0
36.0	27.729840641411542	22.58932848839837	22.321230034981156	27.359600835208937	0.0
37.0	27.716067694313516	22.658404473889494	22.16179395058066	27.463733881216328	0.0
38.0	28.020090268706415	22.37448691958504	22.315212079432	27.29021073227654	0.0
39.0	27.999198878429805	22.52341957986464	21.87307513537821	27.60430640632735	0.0
40.0	27.872813561932634	22.60091067491986	21.837522502141915	27.688753261005594	0.0
41.0	28.274066455727322	22.20389012013317	21.906752746701695	27.615290677437816	0.0
42.0	28.312707941632258	22.07712909056834	21.776665397101766	27.833497570697634	0.0
43.0	28.239818010798356	22.439948121475307	21.354932810680676	27.96530105704566	0.0
44.0	28.64421680381432	21.99845561827675	21.484232119289583	27.87309545861934	0.0
45.0	28.630482704172376	21.920615278165876	21.422076741225677	28.026825276436067	0.0
46.0	28.60084774719034	22.279682695060348	21.20129840147017	27.918171156279147	0.0
47.0	28.85587017390696	21.850875564033988	21.482851678656786	27.810402583402265	0.0
48.0	28.838695994667635	21.838706093841523	21.182259791149082	28.140338120341756	0.0
49.0	28.661444863696104	22.14408360537584	20.97182770170009	28.222643829227966	0.0
50.0	29.114629639436007	21.85987140432387	21.068063177433604	27.957435778806516	0.0
51.0	28.877614869172085	21.90805766005012	21.00855147778114	28.205775992996664	0.0
52.0	28.78239089749439	22.20039292730845	20.90304999736186	28.114166177835298	0.0
53.0	29.112218336707596	21.76892435516525	21.04553939999474	28.07331790813241	0.0
54.0	29.122903837623166	21.837113207613072	20.847581357820726	28.192401596943036	0.0
55.0	28.9455002285846	21.990953253520757	20.777410638289965	28.28613587960468	0.0
56.0	29.324827515025447	21.72080061610283	20.955435757782663	27.99893611108906	0.0
57.0	29.38743795617339	21.784654316636875	20.766902033381594	28.061005693808145	0.0
58.0	29.184643210219637	21.95499751707297	20.628795575378476	28.231563697328916	0.0
59.0	29.58651399491094	21.65981601096105	20.957623801135252	27.79604619299276	0.0
60.0	29.386378109819315	21.673341999863162	20.74756714367668	28.19271274664084	0.0
61.0	29.399496746990682	21.960646521433592	20.48092399066035	28.158932740915375	0.0
62.0	29.501015782762806	21.70663705746341	20.793957770280574	27.998389389493205	0.0
63.0	29.52004784405991	21.559400897733322	20.719501054803793	28.20105020340297	0.0
64.0	29.443544030253914	22.09971850208991	20.404333361767467	28.052404105888705	0.0
65.0	29.845665701435525	21.505914607849178	20.8828784424866	27.765541248228697	0.0
66.0	29.684998665955177	21.556496798292425	20.723552561366063	28.034951974386342	0.0
67.0	29.49198248090636	22.085278893835742	20.50620769537047	27.91653092988743	0.0
68.0	29.807228678547183	21.532527085403892	20.95883805831357	27.701406177735354	0.0
69.0	29.800748935074413	21.487355014538785	20.61931994978487	28.09257610060194	0.0
70.0	29.315888549814677	21.765056648777577	20.76888000280613	28.15017479860161	0.0
71.0	29.782456140350877	21.733971291866027	20.566507177033493	27.917065390749602	0.0
72.0	29.675970484440167	21.870248706253225	20.366573210026363	28.087207599280244	0.0
73.0	29.83216932183016	21.755603231843704	20.42878227659348	27.983445169732658	0.0
74.0	30.044314617184774	21.324127400375097	20.480987867421288	28.150570115018837	0.0
75.0	29.687556766575838	21.94187102633969	20.385104450499547	27.985467756584924	0.0
76.0	29.624265989525473	22.188938263767653	20.470956990953816	27.715838755753055	0.0
77.0	29.79972600952443	21.64307304238154	20.827625198425643	27.729575749668385	0.0
78.0	29.6406899517416	21.680443403889342	20.677050981891156	28.001815662477902	0.0
79.0	29.33479876485058	21.989323284660074	20.89548333071649	27.780394619772856	0.0
80.0	29.92001834704584	22.131124043230226	20.551558065533353	27.397299544190577	0.0
81.0	30.288446415652224	21.679091566795634	20.568714416029692	27.463747601522442	0.0
82.0	29.42109436954798	22.166672413198636	20.870254801227457	27.54197841602593	0.0
83.0	29.61210974456008	21.702932828760645	21.18070009460738	27.5042573320719	0.0
84.0	30.020436251407602	22.08366351086458	20.41122742628352	27.484672811444298	0.0
85.0	29.839337208770083	22.062525747242184	20.616102897422987	27.482034146564743	0.0
86.0	29.993940618056957	21.520904867703493	20.93516461320945	27.5499899010301	0.0
87.0	29.726264146735797	21.89329319284161	20.61102748508669	27.769415175335897	0.0
88.0	29.880478087649404	22.37817958933497	20.214526509347227	27.526815813668403	0.0
89.0	30.27052553464211	21.60831140794711	20.684072050192267	27.437091007218513	0.0
90.0	29.806259314456035	22.466467958271235	20.46944858420268	27.257824143070046	0.0
91.0	29.044962257958645	22.382671480144403	21.25861503117821	27.31375123071874	0.0
92.0	29.485559566787007	21.489169675090253	21.137184115523468	27.88808664259928	0.0
93.0	30.127566274666133	21.467012158660552	20.73948574845525	27.665935818218056	0.0
94.0	28.90325408129725	22.154048427741866	20.11613892845404	28.82655856250685	0.0
95.0	30.76830443159923	21.086223506743735	20.821290944123312	27.32418111753372	0.0
96.0	29.219745222929937	21.7223991507431	20.766985138004245	28.290870488322717	0.0
97.0	28.860240257837678	22.648696161734545	20.597714620568414	27.89334895985936	0.0
98.0	29.64637493944776	21.104472791861777	21.57274341999031	27.676408848700145	0.0
99.0	30.374331550802143	20.980392156862745	20.409982174688057	28.235294117647058	0.0
100.0	29.236790606653617	21.956947162426616	20.332681017612526	28.47358121330724	0.0
101.0	30.164217804667242	21.56439066551426	20.72169403630078	27.549697493517716	0.0
102.0	29.604007633587788	22.49522900763359	20.53912213740458	27.361641221374043	0.0
103.0	30.423349986852482	22.14041546147778	21.19379437286353	26.242440178806202	0.0
104.0	31.44927536231884	21.36231884057971	19.82608695652174	27.362318840579707	0.0
105.0	30.04441624365482	21.82741116751269	20.970812182741117	27.157360406091367	0.0
106.0	28.26086956521739	22.931276297335206	21.423562412342214	27.384291725105193	0.0
107.0	31.417624521072796	21.992337164750957	19.808429118773947	26.7816091954023	0.0
108.0	30.668358714043993	20.346869712351946	21.53130287648054	27.45346869712352	0.0
109.0	30.629370629370626	21.3986013986014	20.326340326340326	27.645687645687644	0.0
110.0	29.4997421351212	21.86694172253739	22.124806601340897	26.508509541000514	0.0
111.0	29.943820224719104	22.415730337078653	20.674157303370784	26.96629213483146	0.0
112.0	29.37853107344633	22.53609541745135	20.213433772755806	27.87193973634652	0.0
113.0	31.3969571230982	22.268326417704014	20.40110650069156	25.933609958506228	0.0
114.0	30.252100840336134	18.94576012223071	21.466768525592055	29.335370511841102	0.0
115.0	31.956155143338954	21.163575042158516	21.585160202360875	25.29510961214165	0.0
116.0	31.301182893539583	22.202001819836216	19.10828025477707	27.388535031847134	0.0
117.0	28.298086606243704	21.75226586102719	21.34944612286002	28.600201409869086	0.0
118.0	29.82062780269058	20.62780269058296	23.20627802690583	26.345291479820627	0.0
119.0	32.278481012658226	23.79746835443038	20.632911392405063	23.29113924050633	0.0
120.0	28.230337078651687	21.910112359550563	21.207865168539325	28.651685393258425	0.0
121.0	30.898021308980212	21.00456621004566	20.395738203957382	27.701674277016743	0.0
122.0	29.2436974789916	20.504201680672267	19.327731092436977	30.92436974789916	0.0
123.0	26.923076923076923	24.175824175824175	21.794871794871796	27.106227106227106	0.0
124.0	33.535353535353536	18.585858585858585	19.5959595959596	28.28282828282828	0.0
125.0	31.235955056179776	19.775280898876403	20.0	28.98876404494382	0.0
126.0	30.52109181141439	22.332506203473944	19.106699751861044	28.03970223325062	0.0
127.0	34.42622950819672	19.12568306010929	21.584699453551913	24.863387978142075	0.0
128.0	30.654761904761905	22.023809523809522	19.047619047619047	28.273809523809522	0.0
129.0	28.617363344051448	21.864951768488748	22.186495176848876	27.331189710610932	0.0
130.0	27.33812949640288	20.14388489208633	21.223021582733814	31.294964028776977	0.0
131.0	33.33333333333333	21.96078431372549	21.96078431372549	22.745098039215687	0.0
132.0	29.78723404255319	23.404255319148938	20.0	26.80851063829787	0.0
133.0	28.019323671497588	20.77294685990338	22.22222222222222	28.985507246376812	0.0
134.0	21.92513368983957	27.27272727272727	18.181818181818183	32.62032085561498	0.0
135.0	33.72781065088758	23.668639053254438	17.159763313609467	25.443786982248522	0.0
136.0	38.46153846153847	20.51282051282051	16.025641025641026	25.0	0.0
137.0	24.822695035460992	21.98581560283688	21.98581560283688	31.20567375886525	0.0
138.0	30.158730158730158	29.365079365079367	19.047619047619047	21.428571428571427	0.0
139.0	33.6283185840708	15.929203539823009	23.008849557522122	27.43362831858407	0.0
140.0	30.693069306930692	24.752475247524753	21.782178217821784	22.772277227722775	0.0
141.0	40.42553191489361	17.02127659574468	22.340425531914892	20.212765957446805	0.0
142.0	32.18390804597701	22.988505747126435	18.39080459770115	26.436781609195403	0.0
143.0	30.48780487804878	18.29268292682927	19.51219512195122	31.70731707317073	0.0
144.0	31.506849315068493	20.54794520547945	28.767123287671232	19.17808219178082	0.0
145.0	41.7910447761194	20.8955223880597	16.417910447761194	20.8955223880597	0.0
146.0	24.193548387096776	32.25806451612903	19.35483870967742	24.193548387096776	0.0
147.0	35.714285714285715	26.785714285714285	23.214285714285715	14.285714285714285	0.0
148.0	25.0	19.230769230769234	23.076923076923077	32.69230769230769	0.0
149.0	28.888888888888886	26.666666666666668	11.11111111111111	33.33333333333333	0.0
150.0	34.146341463414636	7.317073170731707	24.390243902439025	34.146341463414636	0.0
151.0	25.0	13.88888888888889	13.88888888888889	47.22222222222222	0.0
152.0	28.57142857142857	22.857142857142858	25.71428571428571	22.857142857142858	0.0
153.0	24.242424242424242	30.303030303030305	21.21212121212121	24.242424242424242	0.0
154.0	32.25806451612903	12.903225806451612	25.806451612903224	29.03225806451613	0.0
155.0	26.666666666666668	16.666666666666664	23.333333333333332	33.33333333333333	0.0
156.0	35.714285714285715	35.714285714285715	14.285714285714285	14.285714285714285	0.0
157.0	48.148148148148145	18.51851851851852	11.11111111111111	22.22222222222222	0.0
158.0	28.000000000000004	24.0	16.0	32.0	0.0
159.0	20.833333333333336	29.166666666666668	8.333333333333332	41.66666666666667	0.0
160.0	25.0	25.0	25.0	25.0	0.0
161.0	11.76470588235294	23.52941176470588	29.411764705882355	35.294117647058826	0.0
162.0	23.076923076923077	7.6923076923076925	30.76923076923077	38.46153846153847	0.0
163.0	20.0	20.0	40.0	20.0	0.0
164.0	22.22222222222222	11.11111111111111	33.33333333333333	33.33333333333333	0.0
165.0	22.22222222222222	22.22222222222222	22.22222222222222	33.33333333333333	0.0
166.0	44.44444444444444	11.11111111111111	33.33333333333333	11.11111111111111	0.0
167.0	42.857142857142854	0.0	42.857142857142854	14.285714285714285	0.0
168.0	83.33333333333334	0.0	0.0	16.666666666666664	0.0
169.0	16.666666666666664	16.666666666666664	0.0	66.66666666666666	0.0
170.0	66.66666666666666	16.666666666666664	16.666666666666664	0.0	0.0
171.0	33.33333333333333	16.666666666666664	16.666666666666664	33.33333333333333	0.0
172.0	0.0	50.0	0.0	50.0	0.0
173.0	0.0	100.0	0.0	0.0	0.0
174.0	50.0	0.0	50.0	0.0	0.0
175.0	50.0	0.0	50.0	0.0	0.0
176.0	50.0	0.0	0.0	50.0	0.0
177.0	0.0	50.0	0.0	50.0	0.0
178.0	0.0	0.0	100.0	0.0	0.0
179.0	100.0	0.0	0.0	0.0	0.0
180.0	100.0	0.0	0.0	0.0	0.0
181.0	0.0	0.0	0.0	100.0	0.0
182.0	0.0	0.0	100.0	0.0	0.0
183.0	100.0	0.0	0.0	0.0	0.0
184.0	0.0	100.0	0.0	0.0	0.0
185.0	0.0	100.0	0.0	0.0	0.0
