# Position (bp)	A	C	G	T	N
0.0	25.82505517038741	24.093674003963518	24.347801624166195	25.73346920148288	0.0
1.0	25.849123837983484	24.270594339799572	24.22276958470608	25.65751223751086	0.0
2.0	25.644575997299484	24.311196821894175	24.204301444962947	25.839925735843394	0.0
3.0	25.731421838423046	24.31249003778609	24.303738916548685	25.652349207242175	0.0
4.0	25.781943420049252	24.363694323253284	24.076794219494204	25.77756803720326	0.0
5.0	25.761108020775392	24.264204953842885	24.137952586611	25.836734438770726	0.0
6.0	25.86450423424268	24.28267866629168	24.094247054779537	25.758570044686103	0.0
7.0	25.73914945473862	24.303346561259882	24.006499390682123	25.951004593319375	0.0
8.0	25.814645973872587	24.263623780257273	24.075526407058963	25.846203838811178	0.0
9.0	25.95738963891484	24.187113162096214	24.101505016199937	25.753992182789016	0.0
10.0	25.88503247696619	24.142929894117906	24.14511689520828	25.826920733707624	0.0
11.0	25.744439549727716	24.135431604665186	24.305705260987338	25.81442358461976	0.0
12.0	25.78193099699131	24.22134950464425	24.05732442286603	25.9393950754984	0.0
13.0	26.06209813980517	24.0513131338378	24.198154176846604	25.688434549510426	0.0
14.0	25.932753050856988	24.08692989746121	24.120984522329213	25.859332529352585	0.0
15.0	25.766229059529984	24.19659203809119	24.12442122759112	25.912757674787706	0.0
16.0	25.899323281491153	24.10473827927292	24.19534232708686	25.800596112149066	0.0
17.0	25.807781950423962	24.17565937876866	24.149103019926642	25.867455650880732	0.0
18.0	25.7462336834607	24.287508513656217	24.14066747064741	25.82559033223567	0.0
19.0	25.782787730337358	24.133794060123595	24.173784812262163	25.90963339727688	0.0
20.0	25.678124433724705	24.121296950080293	24.300942906952766	25.899635709242236	0.0
21.0	25.799971256646902	24.225960246692953	24.135668626630093	25.838399870030056	0.0
22.0	25.888388310203265	24.155664002699375	24.165036835231852	25.790910851865505	0.0
23.0	25.8340258815149	24.03444203527934	24.11348625630323	26.01804582690253	0.0
24.0	25.941813455638385	24.12442122759112	24.023819491742536	25.909945825027965	0.0
25.0	25.839649581034386	24.078494348181984	24.339996375838087	25.741859694945546	0.0
26.0	25.85464611308635	24.244705911757904	24.208776720383412	25.691871254772337	0.0
27.0	25.68187356673769	24.26595099883152	24.192218049576038	25.859957384854752	0.0
28.0	25.747795822216112	24.2825096696389	24.299380768197352	25.670313739947638	0.0
29.0	25.8143429331967	24.339996375838087	24.063810243881104	25.78185044708411	0.0
30.0	25.799346401144735	24.220336547173467	24.120047239075966	25.860269812605836	0.0
31.0	25.88557646044352	24.26595099883152	24.08568018645688	25.762792354268075	0.0
32.0	25.751544955229104	24.262514293569613	24.03287989652393	25.953060854677357	0.0
33.0	25.841211719789797	24.23564550697651	24.068809087898423	25.854333685335266	0.0
34.0	25.963058542711998	24.19190562182495	24.083180764448223	25.76185507101483	0.0
35.0	25.904553620245256	24.120909161915176	24.129032258064516	25.845504959775052	0.0
36.0	25.771147387331094	24.127470124189642	24.27556041552761	25.825822072951652	0.0
37.0	25.7858314457549	24.234320081230962	24.065297195969695	25.914551277044445	0.0
38.0	26.07474474812232	24.01148477236656	24.182381684349966	25.73138879516115	0.0
39.0	25.90509753933441	24.10146340244192	24.11458528599458	25.878853772229093	0.0
40.0	25.745447956110425	24.192691735712767	24.1395793499044	25.92228095827241	0.0
41.0	25.90322298454117	24.090216073682498	24.19519114210375	25.81136979967258	0.0
42.0	25.805121283695122	24.17019707819393	24.167072820205203	25.857608817905746	0.0
43.0	25.756695284869846	24.267986353241106	24.16113673002662	25.814181631862432	0.0
44.0	25.788250290555993	24.131456279133705	24.167697671802944	25.912595758507358	0.0
45.0	25.697021957285145	24.10458766043065	24.2898561591622	25.90853422312201	0.0
46.0	25.81136979967258	24.224246741398918	24.161761581624365	25.802621877304137	0.0
47.0	25.893850210574985	24.138017220910037	24.16269885902098	25.805433709493997	0.0
48.0	25.841987527962107	24.041165223259476	24.113335582799085	26.003511665979328	0.0
49.0	25.943213486796886	24.106774641022756	24.027730913907945	25.92228095827241	0.0
50.0	25.853234856721528	24.07428235793999	24.333908196803257	25.738574588535222	0.0
51.0	25.84792361814069	24.22580887039328	24.216123670628225	25.7101438408378	0.0
52.0	25.666716654794484	24.271110611229833	24.20112723228233	25.861045501693347	0.0
53.0	25.76544320723828	24.285169772179106	24.276109424011796	25.673277596570816	0.0
54.0	25.814181631862432	24.35202889313788	24.0408527974606	25.792936677539085	0.0
55.0	25.801997025706395	24.215498819030483	24.11146102800585	25.871043127257277	0.0
56.0	25.8891638235919	24.251740211699722	24.089903647883627	25.76919231682475	0.0
57.0	25.77981479398643	24.254239618090704	24.02898061710344	25.93696497081943	0.0
58.0	25.84698634074407	24.22018520601357	24.083030280308428	25.84979817293393	0.0
59.0	25.971644234494306	24.212374561041752	24.06803384196253	25.747947362501407	0.0
60.0	25.91845087275874	24.12232056661366	24.121695716968105	25.837532843659496	0.0
61.0	25.78254607485074	24.108886299234246	24.298528166659896	25.81003945925512	0.0
62.0	25.797542466344037	24.22885743118062	24.055774079362152	25.91782602311319	0.0
63.0	26.070520310674272	24.018832909478316	24.195664806703366	25.714981973144045	0.0
64.0	25.906185367316713	24.094751904223347	24.12505701735202	25.874005711107916	0.0
65.0	25.73935103318566	24.174419985128626	24.16317272664788	25.923056255037835	0.0
66.0	25.911184148863715	24.081630102662476	24.172233018201812	25.834952730271997	0.0
67.0	25.823393047944563	24.176606952055437	24.1378663950662	25.862133604933796	0.0
68.0	25.786527034035455	24.23065627753235	24.172233018201812	25.81058367023038	0.0
69.0	25.79808671636289	24.104124619623967	24.17723179974881	25.920556864264338	0.0
70.0	25.697486237729557	24.100687957310406	24.300326795343636	25.90149900961641	0.0
71.0	25.820893657171062	24.216909628278106	24.13099307043908	25.83120364411175	0.0
72.0	25.88556539343535	24.134117308905953	24.17067089896838	25.809646398690315	0.0
73.0	25.869319353407604	24.037890764126242	24.080692831122413	26.012097051343737	0.0
74.0	25.946800467386073	24.09881341423028	24.02570623410544	25.928679884278203	0.0
75.0	25.85807209492686	24.07288223495523	24.334693418479244	25.734352251638665	0.0
76.0	25.872443591874482	24.220971138285044	24.21753447597148	25.689050793868994	0.0
77.0	25.667805972294254	24.277519854535456	24.206599641337423	25.848074531832864	0.0
78.0	25.761220702453773	24.2962652853367	24.282206212235767	25.660307799973758	0.0
79.0	25.819956385631006	24.36718549853473	24.039140459512996	25.77371765632127	0.0
80.0	25.797461868669515	24.21284811827117	24.131617918132456	25.85807209492686	0.0
81.0	25.893688413449222	24.26033654296765	24.07881828804229	25.76715675554084	0.0
82.0	25.748723748586283	24.271896225295084	24.028518048725623	25.950861977393007	0.0
83.0	25.854010584919923	24.227532039065476	24.091315241909783	25.827142134104815	0.0
84.0	25.956798030480073	24.2047250982573	24.086628884209475	25.751847987053157	0.0
85.0	25.92641191705798	24.1124847303322	24.117483496261862	25.843619856347967	0.0
86.0	25.768325944532442	24.103112044214082	24.29837633834147	25.830185672912	0.0
87.0	25.795506734274976	24.22152031217293	24.06655856835344	25.916414385198657	0.0
88.0	26.083479130217448	24.01930767308173	24.18614096475881	25.711072231942016	0.0
89.0	25.917583104223947	24.098662834291424	24.113346663334166	25.870407398150462	0.0
90.0	25.73981504623844	24.182391902024495	24.154898775306176	25.922894276430892	0.0
91.0	25.896025993501624	24.09928767808048	24.184891277180707	25.819795051237193	0.0
92.0	25.846038490377403	24.147088227943016	24.167083229192702	25.839790052486876	0.0
93.0	25.757935516120973	24.247688077980506	24.16739565108723	25.826980754811295	0.0
94.0	25.79292676830792	24.12334416395901	24.182391902024495	25.901337165708572	0.0
95.0	25.705761059735067	24.097413146713322	24.306423394151462	25.89040239940015	0.0
96.0	25.79448887778055	24.21988252936766	24.157398150462384	25.828230442389405	0.0
97.0	25.88415396150962	24.12428142964259	24.173644088977756	25.81792051987003	0.0
98.0	25.85947263184204	24.03367908022994	24.093039240189952	26.013809047738068	0.0
99.0	25.92445638590352	24.097413146713322	24.023994001499624	25.954136465883533	0.0
100.0	25.87478130467383	24.08022994251437	24.31610847288178	25.728880279930017	0.0
101.0	25.868220444888777	24.223006748312923	24.208635341164708	25.700137465633592	0.0
102.0	25.663896525868534	24.25924768807798	24.209572606848287	25.8672831792052	0.0
103.0	25.766370907273185	24.297988002999247	24.284241439640088	25.65139965008748	0.0
104.0	25.828230442389405	24.34891277180705	24.056798300424894	25.766058485378657	0.0
105.0	25.814171457135714	24.208322919270184	24.120219945013748	25.857285678580354	0.0
106.0	25.868532866783305	24.253936515871032	24.09585103724069	25.78167958010497	0.0
107.0	25.763871532116973	24.260497375656087	24.031804548862784	25.943826543364157	0.0
108.0	25.83916520869782	24.216758310422396	24.101474631342164	25.842601849537616	0.0
109.0	25.969757560609846	24.1836415896026	24.08710322419395	25.759497625593603	0.0
110.0	25.915627606762037	24.11139680268432	24.1351407924869	25.837834798066737	0.0
111.0	25.77660029804956	24.087965233800194	24.305410193044885	25.830024275105362	0.0
112.0	25.7887847138693	24.22168138689894	24.089527338392468	25.90000656083929	0.0
113.0	26.053323835767085	24.037277947525943	24.196612118144724	25.712786098562248	0.0
114.0	25.945538955642615	24.08164157934529	24.11100905392993	25.86181041108216	0.0
115.0	25.74808955205229	24.168181903387257	24.16537012390575	25.91835842065471	0.0
116.0	25.872745109065804	24.118819552489676	24.17567998200461	25.83275535643991	0.0
117.0	25.82119581857149	24.159434145000343	24.166307383732917	25.853062652695247	0.0
118.0	25.749026811879457	24.25597190719878	24.180678701082847	25.814322579838915	0.0
119.0	25.79557738329553	24.13881442880262	24.166619803675307	25.89898838422654	0.0
120.0	25.716222717928535	24.078829799863787	24.293774720227944	25.911172761979746	0.0
121.0	25.792765603814022	24.218793934054396	24.16162108459707	25.826819377534505	0.0
122.0	25.883992226991833	24.13912684874501	24.180991121025237	25.79588980323792	0.0
123.0	25.8758693084897	24.001974494035903	24.116632612892946	26.005523584581454	0.0
124.0	25.921170200136217	24.09757499640717	24.027905349254254	25.953349454202364	0.0
125.0	25.85509872531867	24.079292676830793	24.330167458135467	25.73544113971507	0.0
126.0	25.887590602349412	24.208635341164708	24.218632841789553	25.685141214696326	0.0
127.0	25.66670832291927	24.254248937765556	24.23081729567608	25.848225443639087	0.0
128.0	25.766683329167705	24.28174206448388	24.284241439640088	25.66733316670832	0.0
129.0	25.819795051237193	24.322356910772307	24.083979005248686	25.773869032741814	0.0
130.0	25.818545363659084	24.18895276180955	24.143339165208697	25.84916270932267	0.0
131.0	25.873844038990253	24.24737565608598	24.11147213196701	25.76730817295676	0.0
132.0	25.75981004748813	24.26080979755061	24.050549862534368	25.92883029242689	0.0
133.0	25.843851537115718	24.223006748312923	24.08366658335416	25.849475131217197	0.0
134.0	25.95601099725069	24.177080729817547	24.116783304173957	25.75012496875781	0.0
135.0	25.902355356021484	24.095926318190198	24.16715873268787	25.834559593100455	0.0
136.0	25.7648892929558	24.092177243742952	24.31618444196589	25.82674902133536	0.0
137.0	25.763327178602786	24.201837671324892	24.11185988459099	25.922975265481334	0.0
138.0	26.07114515836765	24.007898074844256	24.19316541592987	25.727791350858226	0.0
139.0	25.936027693422815	24.057098939001985	24.128019595346107	25.878853772229093	0.0
140.0	25.73670003374199	24.13176870493258	24.177695297366874	25.95383596395856	0.0
141.0	25.85635911471026	24.126145040552867	24.192691735712767	25.824804109024107	0.0
142.0	25.8329271797948	24.160511878428874	24.156137917244656	25.850423024531672	0.0
143.0	25.763881078243916	24.241117734538047	24.192691735712767	25.802309451505266	0.0
144.0	25.802621877304137	24.10583736362614	24.194253864707132	25.897286894362587	0.0
145.0	25.699208937877255	24.06990839675577	24.312038390882165	25.918844274484808	0.0
146.0	25.776146215730687	24.213699914082635	24.180582675935327	25.82957119425135	0.0
147.0	25.89393110989612	24.1009138483168	24.194641880809183	25.810513160977894	0.0
148.0	25.85683310734393	24.004448971175414	24.124108799840037	26.014609121640618	0.0
149.0	25.91556952454745	24.070996082156	24.04912613958022	25.96430825371633	0.0
150.0	25.873472614059917	24.072633430498666	24.31289112171286	25.741002833728555	0.0
151.0	25.88878162169255	24.18854448828861	24.239782799548852	25.68289109046999	0.0
152.0	25.670393941382123	24.260090666816634	24.210102070465176	25.85941332133607	0.0
153.0	25.753812411543613	24.277274246812446	24.287584394809933	25.681328946834004	0.0
154.0	25.810986868620596	24.325388270800723	24.107000590490294	25.756624270088384	0.0
155.0	25.813798727165366	24.193855776650953	24.130120316302843	25.862225179880838	0.0
156.0	25.86691161078879	24.24103251445764	24.11106216394385	25.780993710809724	0.0
157.0	25.749750838090062	24.24384437300241	24.060136281410806	25.94626850749673	0.0
158.0	25.836293595523518	24.220412218462663	24.086692723222512	25.8566014627913	0.0
159.0	25.973137378035638	24.166049619930455	24.109500020307866	25.751312981726045	0.0
160.0	25.906358569321903	24.083331250468646	24.17799745057362	25.83231272963583	0.0
161.0	25.744519983003823	24.095516008898	24.30921792596666	25.850746082131522	0.0
162.0	25.810130220700344	24.187057911969806	24.09614086830463	25.906670999025224	0.0
163.0	26.07421478359489	23.983741107441787	24.202442583051887	25.73960152591144	0.0
164.0	25.936513887587093	24.050988846189895	24.13503296153966	25.87746430468335	0.0
165.0	25.744368419408254	24.139719436373294	24.17971068828694	25.936201455931513	0.0
166.0	25.869028649982816	24.106601680882306	24.20689224232199	25.817477426812886	0.0
167.0	25.837473052769706	24.174711781797733	24.143156184584623	25.84465898084794	0.0
168.0	25.761552160464895	24.233761364701472	24.189083637954198	25.81560283687943	0.0
169.0	25.816852563501737	24.08691848658106	24.212203580466774	25.88402536945043	0.0
170.0	25.70094041928328	24.080044990158402	24.30624550879495	25.912769081763365	0.0
171.0	25.786939691129103	24.1960327304425	24.181660829383663	25.835366749044734	0.0
172.0	25.873483530113816	24.10636456514064	24.201344085181635	25.818807819563904	0.0
173.0	25.841071272354625	24.003649224539785	24.125498331604533	26.029781171501053	0.0
174.0	25.926678080907806	24.0792581576415	24.04957696489496	25.944486796555733	0.0
175.0	25.865209471766846	24.08277016999566	24.305848462978062	25.74617189525943	0.0
176.0	25.895515626415722	24.20055800816704	24.21867921403956	25.685247151377684	0.0
177.0	25.650566912552687	24.24336154617627	24.235550681576047	25.870520859695002	0.0
178.0	25.732424773563032	24.275542308329193	24.30741063589811	25.684622282209663	0.0
179.0	25.81959402250154	24.323032365098555	24.112763890060517	25.744609722339383	0.0
180.0	25.8183442841655	24.160566381413894	24.138071091365244	25.88301824305536	0.0
181.0	25.83958983587811	24.24898536868843	24.09401781501998	25.817406980413477	0.0
182.0	25.77429100782024	24.226490078639785	24.079958258739577	25.919260654800404	0.0
183.0	25.832403840445906	24.208368872767263	24.11932501632471	25.839902270462122	0.0
184.0	25.968000449905805	24.16150368516592	24.094955118772006	25.775540746156274	0.0
185.0	25.91371779570464	24.09315578661901	24.16907762773928	25.824048789937077	0.0
186.0	25.75656270894128	24.097217448901166	24.318734261058655	25.827485581098898	0.0
187.0	25.81280110977111	24.175638774502758	24.08440759093437	25.927152524791765	0.0
188.0	26.072516520081855	23.980441472825834	24.213519128926936	25.73352287816537	0.0
189.0	25.949497600479905	24.04769046190762	24.127362027594483	25.875449910017995	0.0
190.0	25.74766296740652	24.13298590281944	24.18266346730654	25.936687662467506	0.0
191.0	25.888572285542892	24.110490401919616	24.19859778044391	25.802339532093583	0.0
192.0	25.84264397120576	24.179226654669066	24.137047590481902	25.841081783643272	0.0
193.0	25.76515946810638	24.239839532093583	24.184538092381523	25.81046290741852	0.0
194.0	25.81858628274345	24.077996900619876	24.189537092581485	25.91387972405519	0.0
195.0	25.714857028594277	24.09893021395721	24.27889422115577	25.90731853629274	0.0
196.0	25.776487753973438	24.218044572474795	24.166804660332495	25.83866301321927	0.0
197.0	25.883341717099444	24.12899960320312	24.18648828511887	25.801170394578566	0.0
198.0	25.850616443064155	23.985352837887657	24.13126206797433	26.032768651073855	0.0
199.0	25.93778705375833	24.054714399085178	24.04752829139354	25.959970255762947	0.0
200.0	25.865403542538267	24.088822788725615	24.31847225303309	25.727301415703025	0.0
201.0	25.909771194145968	24.227237363811618	24.20849046876611	25.6545009732763	0.0
202.0	25.66342647706714	24.24580447002434	24.22955665332471	25.861212399583806	0.0
203.0	25.727489462221794	24.30266311293311	24.312349432412926	25.65749799243217	0.0
204.0	25.82639915258739	24.301868869772804	24.128136785893954	25.74359519174585	0.0
205.0	25.82125883128611	24.14483777931237	24.160148987429185	25.87375440197233	0.0
206.0	25.855964802089876	24.2541849077711	24.111693368206264	25.77815692193276	0.0
207.0	25.781594217843317	24.234498576647013	24.05732159653021	25.92658560897947	0.0
208.0	25.820352170991985	24.227614330578255	24.125431620392796	25.826601878036964	0.0
209.0	25.98599405638002	24.13572203108057	24.10322274200252	25.775061170536894	0.0
210.0	25.899363757953026	24.070636617042286	24.190947613154837	25.83905201184985	0.0
211.0	25.751089055693406	24.097036893519416	24.334535409153695	25.81733864163349	0.0
212.0	25.813437500000003	24.182187499999998	24.0996875	25.9046875	0.0
213.0	26.091182104832235	23.97209973843505	24.213977006034433	25.722741150698287	0.0
214.0	25.943623238226195	24.072314759836246	24.124191380980655	25.859870620956904	0.0
215.0	25.76816340817041	24.143394669733485	24.17620881044052	25.91223311165558	0.0
216.0	25.877705620941178	24.108856123156926	24.22167496921702	25.791763286684876	0.0
217.0	25.84864148608359	24.19261083435943	24.15229606665375	25.806451612903224	0.0
218.0	25.770048128008	24.239639977498594	24.19838739921245	25.791924495280956	0.0
219.0	25.8017738719537	24.088218565026345	24.21854002462669	25.891467538393265	0.0
220.0	25.701141953509303	24.10759489714918	24.281044321797125	25.910218827544394	0.0
221.0	25.779836297664477	24.210944116810587	24.176566001293867	25.832653584231068	0.0
222.0	25.88610700478487	24.131551066203702	24.18530660974413	25.797035319267298	0.0
223.0	25.817904514257854	23.999262417021917	24.13740295783276	26.045430110887473	0.0
224.0	25.916364545568193	24.05675709463683	24.066445805725717	25.960432554069257	0.0
225.0	25.86738760138144	24.07869856698598	24.326233376568577	25.727680455063997	0.0
226.0	25.910217502054998	24.21370772399524	24.20433128822851	25.671743485721247	0.0
227.0	25.637371189603282	24.24714093271698	24.238389483258167	25.877098394421576	0.0
228.0	25.741763479576306	24.273395281093432	24.32402866724801	25.660812572082254	0.0
229.0	25.797256369143064	24.311044848894014	24.152890689220825	25.7388080927421	0.0
230.0	25.816957713549854	24.170696105795827	24.160069013587048	25.852277167067268	0.0
231.0	25.858226566187298	24.254765841598083	24.13036479512898	25.75664279708564	0.0
232.0	25.779318407011598	24.22271330647304	24.066740225113854	25.931228061401505	0.0
233.0	25.808236305384074	24.21505040243807	24.1365945143393	25.840118777838555	0.0
234.0	25.980151598030787	24.140032820192232	24.11658982574041	25.763225756036572	0.0
235.0	25.89083657368625	24.08728322976707	24.176992035608457	25.844888160938222	0.0
236.0	25.72173391180405	24.11979095035071	24.36672459709181	25.791750540753426	0.0
237.0	25.819428728611705	24.171819028626086	24.099613025837872	25.909139216924338	0.0
238.0	26.08567900848663	23.98980979322633	24.21205632746198	25.712454870825063	0.0
239.0	25.92135288049764	24.102091213153702	24.14210246631865	25.834453440030007	0.0
240.0	25.7622222847443	24.14696439680262	24.18979202030717	25.90102129814591	0.0
241.0	25.862543299110886	24.12620205834907	24.243750547100678	25.76750409543937	0.0
242.0	25.84408072660195	24.178899154277854	24.18890400037518	25.78811611874502	0.0
243.0	25.763706061496706	24.240671373451484	24.224412329358206	25.771210235693605	0.0
244.0	25.796657338065383	24.107815700192305	24.241647253795282	25.85387970794703	0.0
245.0	25.685847142003897	24.122619118350652	24.303051718800326	25.888482020845128	0.0
246.0	25.7482220929578	24.222067938878777	24.212685843669274	25.817024124494147	0.0
247.0	25.884976511137666	24.163189731207346	24.20791552767057	25.743918229984423	0.0
248.0	25.80674421586996	24.03389310971471	24.144305325747315	26.015057348668012	0.0
249.0	25.924987566740796	24.06860031216082	24.09049535981383	25.915916761284553	0.0
