# Position (bp)	A	C	G	T	N
0.0	26.104979485549045	23.9436193244614	23.923331970749874	26.02806921923968	0.0
1.0	25.97417147355831	24.130747452725924	23.993580717930087	25.90150035578568	0.0
2.0	26.061732806075177	23.980960570698414	23.984594049572763	25.972712573653645	0.0
3.0	25.93481854679997	24.12301152362555	24.065181453200033	25.876988476374446	0.0
4.0	25.944114592637224	24.069358701477217	24.060275581849506	25.926251124036053	0.0
5.0	25.907535801871084	24.096097368978775	23.99285476399528	26.003512065154865	0.0
6.0	25.99372084081393	23.98765966593904	23.944971071665368	26.07364842158166	0.0
7.0	25.92343671949503	23.964397620453205	23.910812406339403	26.201353253712366	0.0
8.0	25.910453183180454	24.037780401416764	23.95392486301577	26.097841552387006	0.0
9.0	26.073386552357775	23.978833480154872	24.06722912939367	25.88055083809368	0.0
10.0	25.985784601599537	23.972441016388878	24.08383936841978	25.95793501359181	0.0
11.0	25.82958473842577	24.10260756903368	24.167085419529826	25.90072227301072	0.0
12.0	25.96520012350687	24.0090692788773	23.956094519079997	26.06963607853584	0.0
13.0	25.998801256864013	23.99968517857035	24.03964328310317	25.961870281462467	0.0
14.0	26.218268118881415	23.84893414783288	23.951553825383083	25.981243907902623	0.0
15.0	25.933415267628483	24.046302967191973	23.921282534070336	26.0989992311092	0.0
16.0	26.071149643101478	24.079298674722864	24.01482082422672	25.83473085794894	0.0
17.0	25.971557094682545	24.093526181639856	23.932482911856052	26.002433811821547	0.0
18.0	25.930690851410336	24.22460087302404	24.030864608622473	25.813843666943143	0.0
19.0	25.987298166165175	23.983035968348336	24.100791291554916	25.928874573931576	0.0
20.0	25.969886301718187	24.031021831523123	24.001961567801228	25.99713029895746	0.0
21.0	25.87574315570247	24.095499291656072	23.910240110429	26.11851744221245	0.0
22.0	25.90692239698742	23.853935849467835	24.17026892852386	26.06887282502089	0.0
23.0	25.91358204075702	24.017702543983923	24.132127332388876	25.936588082870188	0.0
24.0	26.020136341070625	24.077639337910327	23.815491542252413	26.086732778766635	0.0
25.0	26.12063641977551	23.945960017920495	23.92628379769213	26.007119764611865	0.0
26.0	26.00651434245099	24.11911075593011	23.97895552568806	25.89541937593084	0.0
27.0	26.06251589233172	23.978652814607628	23.981377214331552	25.977454078729096	0.0
28.0	25.936588082870188	24.118808044849676	24.069163427658104	25.875440444622033	0.0
29.0	25.944761282041966	24.07642849358858	24.075823071427706	25.902987152941748	0.0
30.0	25.925387772894037	24.084601692760362	23.985615169457663	26.004395364887937	0.0
31.0	25.985627277900882	24.00438325644472	23.951106106287913	26.058883359366487	0.0
32.0	25.919636262365746	23.953225083850967	23.935970552266095	26.19116810151719	0.0
33.0	25.898143775654763	24.044946541223194	23.96321454950537	26.093695133616674	0.0
34.0	26.08885175632969	23.997118190514247	24.068255294416797	25.84577475873927	0.0
35.0	25.982902878176954	23.948078995483552	24.098526402460436	25.970491723879064	0.0
36.0	25.843353070095777	24.100039957862617	24.161490307191205	25.8951166648504	0.0
37.0	25.9508155036507	24.0225459212709	23.9692687711141	26.057369803964303	0.0
38.0	25.992589632750917	24.00286970104254	24.03192996476443	25.972610701442118	0.0
39.0	26.175124414254057	23.852725005146088	23.975322992722823	25.996827587877025	0.0
40.0	25.930836572341892	24.03435165340792	23.93718139658784	26.097630377662345	0.0
41.0	26.05767251504474	24.086720670323416	24.018913388305666	25.83669342632618	0.0
42.0	25.96201581362684	24.107910445953966	23.919926865002967	26.01014687541623	0.0
43.0	25.924782350733167	24.22233523435892	24.04282756366014	25.810054851247777	0.0
44.0	25.978664923050843	23.997118190514247	24.094288447334325	25.929928439100586	0.0
45.0	25.982140154381717	24.014227334645074	24.003329801725442	26.00030270924777	0.0
46.0	25.870137732707732	24.09535341304677	23.949447555622825	26.085061298622676	0.0
47.0	25.890116543060394	23.85500227031936	24.18434993189042	26.070531254729833	0.0
48.0	25.895565309520208	24.023308612078097	24.131375813531104	25.94975026487059	0.0
49.0	26.01089753291963	24.09747237778114	23.829574693506885	26.062055395792346	0.0
50.0	26.12622975631906	23.960647797790223	23.922203723323747	25.990918722566974	0.0
51.0	25.991221431814743	24.10261843499319	23.999697290752234	25.906462842439836	0.0
52.0	26.043590131678524	24.000908127743305	23.995762070531253	25.959739670046922	0.0
53.0	25.93067958226124	24.123808082336915	24.08687755410928	25.858634781292565	0.0
54.0	25.944604207658546	24.082639624640535	24.075374602694115	25.89738156500681	0.0
55.0	25.911306190404115	24.090812774330256	23.99636748902679	26.001513546238836	0.0
56.0	25.984561828363855	23.995459361283487	23.955199031330405	26.064779779022253	0.0
57.0	25.91826850310277	23.957620705312547	23.920084758589375	26.20402603299531	0.0
58.0	25.891630089299227	24.059028303314665	23.990616013319208	26.0587255940669	0.0
59.0	26.095050703799	23.99515665203572	24.062055395792342	25.847737248372937	0.0
60.0	25.9878916300893	23.966701982745573	24.09444528530347	25.950961101861665	0.0
61.0	25.819887997578327	24.1174511881338	24.18041471166944	25.882246102618435	0.0
62.0	25.953080066596034	24.03299530800666	23.95852883305585	26.055395792341457	0.0
63.0	25.999697290752234	24.00726502194642	24.027546541546844	25.965491145754505	0.0
64.0	26.151657333131528	23.85439685182382	24.003935220220978	25.99001059482367	0.0
65.0	25.92704707128803	24.043287422430755	23.951566520357197	26.07809898592402	0.0
66.0	26.05024973512941	24.069320417738762	24.026638413803543	25.85379143332829	0.0
67.0	25.975177841683063	24.098985924019978	23.931285000756773	25.994551233540186	0.0
68.0	25.92311185106705	24.203420614499773	24.062963523535643	25.810504010897535	0.0
69.0	25.990616013319208	23.98758892084153	24.10171030724989	25.920084758589372	0.0
70.0	25.969874558047174	24.035574175425	24.011054874800212	25.983496391727613	0.0
71.0	25.87452172228411	24.098840025185257	23.939615924831696	26.08702232769894	0.0
72.0	25.869981111057292	23.860911996900274	24.199641594420495	26.06946529762193	0.0
73.0	25.891170630115756	24.039812079236693	24.133954085339273	25.93506320530828	0.0
74.0	26.003172373710466	24.086429021165305	23.83064125538819	26.079757349736038	0.0
75.0	26.116082239550543	23.968675836683296	23.933259069114158	25.98198285465201	0.0
76.0	25.99772364023829	24.109434784714487	24.001670944931465	25.891170630115756	0.0
77.0	26.046156826657622	23.99834116336514	23.995011381798808	25.96049062817843	0.0
78.0	25.914781808495178	24.136375744660242	24.096418365864288	25.852424080980285	0.0
79.0	25.957160846612098	24.080374872862887	24.083099239598972	25.879365040926043	0.0
80.0	25.922349493873202	24.11851600716811	23.990470770571996	25.968663728386694	0.0
81.0	26.001356129219744	23.985627451930064	23.955356710417977	26.05765970843222	0.0
82.0	25.902068097060106	23.960200029059912	23.947789025039956	26.189942848840026	0.0
83.0	25.886630018888944	24.062817842785876	23.99077347798712	26.05977866033806	0.0
84.0	26.095195427907203	24.00227635976171	24.07068823557902	25.831839976752068	0.0
85.0	25.969269143216934	23.972308325664745	24.102169806751586	25.956252724366735	0.0
86.0	25.79914757591902	24.120332251658834	24.200549716665858	25.879970455756286	0.0
87.0	25.955041894706255	24.033152516104035	23.96988666634378	26.041918922845937	0.0
88.0	25.985009928803215	24.011660289630456	24.05615827965322	25.947171501913115	0.0
89.0	26.171174989102536	23.863636363636363	23.973519155325228	25.991669491935877	0.0
90.0	25.92931176442098	24.036785005085484	23.950816099191165	26.083087131302367	0.0
91.0	26.03616748195864	24.069477405918533	24.051314961011286	25.84304015111154	0.0
92.0	25.994696566087082	24.11427810335642	23.921756187339565	25.969269143216934	0.0
93.0	25.915689930740545	24.19631181285417	24.06100159829515	25.826996658110136	0.0
94.0	25.985009928803215	23.99894657819538	24.109132077299368	25.906911415702037	0.0
95.0	25.97758767867197	24.04481253443276	24.027861021812964	25.9497387650823	0.0
96.0	25.851056745188494	24.095061661127154	23.97186048905114	26.082021104633213	0.0
97.0	25.87769483644817	23.865005418429927	24.206154609903315	26.051145135218583	0.0
98.0	25.86831096339079	24.05389370190765	24.14167832083159	25.936117013869968	0.0
99.0	25.99302566337928	24.093850838797167	23.836248388092773	26.076875109730775	0.0
100.0	26.10865919589289	23.98154706769102	23.923427595851724	25.986366140564364	0.0
101.0	25.994236485709273	24.115040229571914	24.013633859435636	25.877089425283177	0.0
102.0	26.031469272356322	23.988812001670933	24.007277042203214	25.97244168376953	0.0
103.0	25.93218184129752	24.104142828602047	24.116251051901898	25.847424278198538	0.0
104.0	25.966387572119604	24.07054250894495	24.082650732244804	25.880419186690638	0.0
105.0	25.93187913571502	24.115040229571914	23.98245518443851	25.970625450274554	0.0
106.0	25.972744389352027	24.005158103125737	23.959752265751284	26.062345241770952	0.0
107.0	25.890105765330524	23.937352052646553	23.962173910411256	26.210368271611667	0.0
108.0	25.897370699310436	24.066910041954994	23.99093094074841	26.04478831798616	0.0
109.0	26.092615800020585	23.97428213371111	24.084164260157287	25.84893780611102	0.0
110.0	25.971836272604538	23.968228022061183	24.11049964583447	25.94943605949981	0.0
111.0	25.827143004171283	24.096272483457142	24.199797792670893	25.876786719700682	0.0
112.0	25.953976643237255	24.038758422782834	23.98760117934095	26.019663754638962	0.0
113.0	25.984549907069386	24.02665019948298	24.035428661375374	25.953371232072264	0.0
114.0	26.171016545887138	23.85804319003251	23.992747174243387	25.978193089836964	0.0
115.0	25.928246668725063	24.03421783904539	23.967622610896193	26.06991288133336	0.0
116.0	26.031469272356322	24.0747803870999	24.051169351665184	25.8425809888786	0.0
117.0	25.971836272604538	24.105959062097025	23.944011575461474	25.978193089836964	0.0
118.0	25.891316587660512	24.233398112327986	24.07296415360492	25.80232114640658	0.0
119.0	26.00119871410669	23.99516881890336	24.085677788069766	25.91795467892019	0.0
120.0	25.971993509953016	24.035574175425	24.02346587882017	25.96896643580181	0.0
121.0	25.846067225262747	24.077347798711678	23.982903085193975	26.0936818908316	0.0
122.0	25.86392696275488	23.881193393713374	24.20751198721364	26.04736765631811	0.0
123.0	25.884208359567978	24.03527146800988	24.15695984888846	25.923560323533685	0.0
124.0	25.97683682859495	24.11094832179009	23.85092265220129	26.061292197413664	0.0
125.0	26.113660580229574	23.971400203419382	23.929021165302466	25.98591805104858	0.0
126.0	26.012556303579217	24.093088584297963	24.0283091974621	25.866045914660724	0.0
127.0	26.03828643386448	23.987443696420787	24.02043880466896	25.95383106504577	0.0
128.0	25.952014820555043	24.104591466072552	24.104591466072552	25.838802247299853	0.0
129.0	25.974415169273986	24.050406838765923	24.09732648810965	25.87785150385044	0.0
130.0	25.934155083062915	24.093693999128202	23.99258972247784	25.97956119533104	0.0
131.0	25.97229621736814	24.018925267593357	23.975335399815954	26.03344311522255	0.0
132.0	25.909938489853246	23.93477260618976	23.968373129268176	26.186915774688817	0.0
133.0	25.884208359567978	24.066450331767328	23.99137889281736	26.057962415847342	0.0
134.0	26.070676127282415	24.00288177459195	24.09248316946772	25.833958928657918	0.0
135.0	25.963517702329636	23.96685959219257	24.114580810771542	25.955041894706255	0.0
136.0	25.79279072020148	24.108223955054005	24.21750133191263	25.88148399283189	0.0
137.0	25.9586743836877	24.028914612292343	23.99289242989296	26.019518574126995	0.0
138.0	26.020123988957234	23.99258972247784	24.016200900857267	25.97108538770766	0.0
139.0	26.1751894197384	23.860681517537408	24.000532766663337	25.96359629606086	0.0
140.0	25.95088254614032	24.002651724983426	23.965418600216136	26.081047128660124	0.0
141.0	26.0233086120781	24.07234751021644	24.06084455880127	25.843499318904193	0.0
142.0	25.973664295444227	24.108369910700773	23.946723172392918	25.97124262146209	0.0
143.0	25.935825639473286	24.209474799455126	24.06689874375662	25.78780081731497	0.0
144.0	26.005751475707584	23.977599515665204	24.097775087028907	25.918873921598305	0.0
145.0	25.96564834659208	24.046460096625378	24.039195030694906	25.948696526087637	0.0
146.0	25.857580490876288	24.06099022848632	23.99439379079032	26.08703548984707	0.0
147.0	25.89330039836778	23.852725005146088	24.209621368980592	26.04435322750554	0.0
148.0	25.882100088391635	24.03798418637316	24.160279462869457	25.919636262365746	0.0
149.0	25.992892343831354	24.093380314093015	23.86422802620267	26.04949931587296	0.0
150.0	26.116701175729833	23.96654437139017	23.902369622337655	26.014384830542337	0.0
151.0	26.03254749536852	24.076125782508143	24.041011297177523	25.850315424945812	0.0
152.0	26.037693583735937	23.971387748677152	24.01013476697301	25.980783900613897	0.0
153.0	25.930836572341892	24.087628803564726	24.116083645125748	25.865450978967637	0.0
154.0	25.963529369029025	24.044038407981887	24.11911075593011	25.87332146705898	0.0
155.0	25.92750675045709	24.086720670323416	24.0058968118469	25.97987576737259	0.0
156.0	25.97139985712037	24.0025669899621	23.958976594379262	26.06705655853827	0.0
157.0	25.87998111082858	23.93294344146173	23.98167992541199	26.205395522297696	0.0
158.0	25.892694976206908	24.068558005497234	23.99076125782508	26.047985760470777	0.0
159.0	26.078256868514416	23.97835010352719	24.098829113540873	25.844563914417524	0.0
160.0	25.953539903374622	23.96654437139017	24.12334871105622	25.956567014178987	0.0
161.0	25.794313875065082	24.095196580575635	24.20538341385448	25.9051061305048	0.0
162.0	25.98381101141826	23.9959073461925	23.98077179217068	26.039509850218558	0.0
163.0	26.02104447431194	23.97078232651628	24.029205565040503	25.97896763413128	0.0
164.0	26.182468737418535	23.84401856229964	23.999612528644125	25.973900171637705	0.0
165.0	25.92486082815948	23.998098968660226	23.98659591278262	26.090444290397674	0.0
166.0	26.039970213049347	24.067492871110897	24.086563784637924	25.80597313120183	0.0
167.0	25.96792453972502	24.103212994859934	23.943683289641772	25.985179175773283	0.0
168.0	25.937653248412275	24.2009892658001	24.056595206238306	25.80476227954932	0.0
169.0	26.040272925962476	23.97092745182324	24.095947884944877	25.892851737269407	0.0
170.0	25.966870898215195	24.05522727823118	24.041907829414185	25.935993994139444	0.0
171.0	25.868791320562806	24.042210544160028	24.00860920737171	26.080388927905457	0.0
172.0	25.886046061075728	23.849683965805344	24.206584651151527	26.057685321967405	0.0
173.0	25.90511709006369	24.02102051195118	24.1520959969002	25.921766401084927	0.0
174.0	25.99169350737413	24.09548833942799	23.854527401738792	26.058290751459083	0.0
175.0	26.103697963335186	23.977429588550116	23.90477804954835	26.014094398566346	0.0
176.0	26.034376286537668	24.08307703484852	24.024350374155425	25.85819630445838	0.0
177.0	26.03891700772528	23.966229142954013	24.00860920737171	25.986244641948996	0.0
178.0	25.939021141597852	24.082774320102683	24.106991499769936	25.871213038529532	0.0
179.0	25.993207081103336	24.020415082459497	24.124246240282858	25.862131596154313	0.0
180.0	25.93538856464776	24.052200130772768	24.012241784321798	26.00016952025767	0.0
181.0	25.949616157702277	23.99650061753808	23.97773230329596	26.076150921463686	0.0
182.0	25.91329038820139	23.93444409464074	23.978035018041798	26.174230499116074	0.0
183.0	25.87000217954617	24.055529992977018	24.01738793500109	26.05707989247572	0.0
184.0	26.078269924684573	23.973191582108345	24.082774320102683	25.8657641731044	0.0
185.0	25.954762308381568	23.98227302448357	24.11274307994091	25.950221587193955	0.0
186.0	25.80976194512387	24.079444457898433	24.198411353013828	25.912382243963865	0.0
187.0	25.98321749449059	23.981970309737726	23.979851306516842	26.054960889254836	0.0
188.0	26.02771656212917	23.968348146174897	24.00497663042162	25.998958661274308	0.0
189.0	26.18581292777507	23.839161114356898	23.987491788837662	25.987534169030376	0.0
190.0	25.94848384860584	23.981740191255753	23.98204290691796	26.08773305322044	0.0
191.0	26.05996209988436	24.059610948653216	24.062335397860398	25.818091553602024	0.0
192.0	25.995483468647645	24.10320213596818	23.924599354608254	25.97671504077592	0.0
193.0	25.934334719775265	24.200071441112545	24.06687614653904	25.798717692573153	0.0
194.0	26.047248003584166	23.960925344037392	24.067481579696192	25.924345072682247	0.0
195.0	25.982926681600777	24.051280498879944	24.024035841859902	25.94175697765938	0.0
196.0	25.87182902464128	24.042198946539926	23.978628080159837	26.107343948658958	0.0
197.0	25.914512320639343	23.860265181328327	24.182660289398804	26.04256220863353	0.0
198.0	25.899981836895318	24.02948477326391	24.1369498092874	25.93358358055337	0.0
199.0	26.00744687291881	24.075800690197976	23.851183628988316	26.065568807894895	0.0
200.0	26.09116833265725	23.972100964478376	23.916702488995988	26.02002821386839	0.0
201.0	26.04048097648398	24.079399869220897	24.024605846310333	25.85551330798479	0.0
202.0	26.05201017195447	23.94677888108501	24.00187696778881	25.999333979171713	0.0
203.0	25.954552059870668	24.08722662210274	24.093281503548162	25.864939814478433	0.0
204.0	25.995446618872315	24.009094652199188	24.130195214105793	25.865263514822708	0.0
205.0	25.945649738723958	24.049808962706855	24.01862537919843	25.985915919370754	0.0
206.0	25.97123826824099	23.990009082652133	23.978504389948533	26.060248259158342	0.0
207.0	25.94038002736972	23.90460562169232	23.987562520436462	26.1674518305015	0.0
208.0	25.89527927142373	24.05839751974035	24.01479920554183	26.031524003294095	0.0
209.0	26.100581324936417	23.970873198498243	24.06382463364418	25.86472084292116	0.0
210.0	25.94738945609127	23.95572188109339	24.120129830808175	25.976758832007167	0.0
211.0	25.8229580467009	24.080757678519525	24.192180990214126	25.90410328456545	0.0
212.0	25.996923691812057	23.96916424942319	23.982486843937917	26.051425214826835	0.0
213.0	26.049633922569626	23.964900168958813	23.994573939162713	25.990891969308844	0.0
214.0	26.189329869280453	23.843826930588737	23.99038301402881	25.976460186102003	0.0
215.0	25.95255037926388	23.984617480961106	23.971596844766765	26.091235295008254	0.0
216.0	26.061652131782946	24.06613372093023	24.062802810077518	25.809411337209305	0.0
217.0	25.999430713606554	24.11109563405786	23.92244381324984	25.967029839085747	0.0
218.0	25.929649458562466	24.206012742556748	24.066716732478984	25.797621066401806	0.0
219.0	26.03126343776686	23.959954697691884	24.07563305130426	25.933148813236993	0.0
220.0	25.97631881775786	24.043667857791775	24.015807643389255	25.96420568106111	0.0
221.0	25.873962812670342	24.029737750590517	23.988855914238993	26.10744352250015	0.0
222.0	25.92349203849625	23.839994670123012	24.17614032112509	26.060372970255653	0.0
223.0	25.87324276360817	24.013191765140547	24.149773171898754	25.963792299352523	0.0
224.0	26.020290732889155	24.08267716535433	23.827983040581465	26.069049061175047	0.0
225.0	26.10600976389781	23.955166022604757	23.8861161249682	26.052708088529236	0.0
226.0	26.0231987643478	24.05857233713922	24.032829582967384	25.885399315545595	0.0
227.0	26.031400863766045	23.924683962178435	24.014028626636218	26.029886547419302	0.0
228.0	25.98068908703237	24.056563772048847	24.096542450087227	25.866204690831555	0.0
229.0	25.98932683978751	24.006432971705827	24.126975473538195	25.877264714968472	0.0
230.0	25.964042983657006	24.04504318961026	24.001429557927384	25.989484268805352	0.0
231.0	25.977526728654937	23.988551352333644	23.976133506981252	26.057788412030163	0.0
232.0	25.939678828225805	23.9016131279417	23.978241248341746	26.18046679549075	0.0
233.0	25.90440998303853	24.056820935304096	24.004422098376548	26.03434698328083	0.0
234.0	26.11250439186324	23.9644289366239	24.05256908855208	25.870497582960784	0.0
235.0	25.966984703922456	23.937907011964256	24.106618203846736	25.988490080266548	0.0
236.0	25.817815040527282	24.082532682312173	24.18521390406727	25.91443837309328	0.0
237.0	25.98231053492458	23.95741200702732	23.971951293390685	26.088326164657417	0.0
238.0	26.053953195330436	23.97300522811673	23.992391060707945	25.98065051584489	0.0
239.0	26.182780879221408	23.828578179097516	24.013049286196775	25.975591655484305	0.0
240.0	25.971307577198733	23.980831329023815	23.967200004846692	26.080661088930757	0.0
241.0	26.06426323267022	24.079173368957715	24.065238662146974	25.791324736225086	0.0
242.0	26.024156243089237	24.092626196224792	23.908137206491347	25.975080354194624	0.0
243.0	25.930515077888792	24.200662857558335	24.063728846421842	25.80509321813103	0.0
244.0	26.033556111659813	23.973109060392517	24.076419227203598	25.91691560074408	0.0
245.0	25.988250371909967	24.04038139329138	24.00099377978688	25.97037445501177	0.0
246.0	25.870881926075402	24.030190371440952	23.995346004563096	26.103581697920546	0.0
247.0	25.917295670855317	23.840142537247853	24.196182644029587	26.046379147867242	0.0
248.0	25.901358173586825	24.01864231125872	24.14288398252132	25.937115532633136	0.0
249.0	26.047733622628016	24.06044885120516	23.843477839259634	26.048339686907195	0.0
