# Position (bp)	A	C	G	T	N
0.0	26.301711197005474	23.739494049518438	23.798596524330517	26.160198229145564	0.0
1.0	26.205704359986793	23.72534275273245	23.778063270170456	26.29088961711031	0.0
2.0	26.24144370114898	23.785331583459808	23.681005085916755	26.292219629474456	0.0
3.0	26.171338518010884	23.702836405203914	23.757494707578083	26.368330369207122	0.0
4.0	26.23414745124587	23.796510289070586	23.754616001398325	26.21472625828522	0.0
5.0	26.346306967143757	23.691562467921955	23.76008811232657	26.20204245260772	0.0
6.0	26.26788325015327	23.636545221007427	23.82491406885034	26.27065745998896	0.0
7.0	26.29044294088111	23.668361643045188	23.79236400658017	26.248831409493533	0.0
8.0	26.2521775795302	23.87847719228166	23.70815441119359	26.16119081699455	0.0
9.0	26.240981301022742	23.78134873412279	23.82351227874541	26.154157686109052	0.0
10.0	26.275657383778988	23.888827249528457	23.62615111505603	26.209364251636526	0.0
11.0	26.256518362365473	23.844446910018863	23.660545878175967	26.2384888494397	0.0
12.0	26.157772106956617	23.729612781537778	23.781482303339622	26.33113280816598	0.0
13.0	26.12004881837346	23.72240097636747	23.78092754909575	26.376622656163317	0.0
14.0	26.245073102537713	23.77143079043939	23.661867131179598	26.321628975843293	0.0
15.0	26.241189833601926	23.7675475215036	23.866293503013694	26.124969141880776	0.0
16.0	26.232313790320124	23.847154534687302	23.730656466613596	26.189875208378982	0.0
17.0	26.26254781274877	23.852147309033317	23.73814562813262	26.147159250085295	0.0
18.0	26.285847426363514	23.697926057011937	23.737590875427507	26.278635641197045	0.0
19.0	26.24923374782606	23.773649801259843	23.75756197281157	26.219554478102523	0.0
20.0	26.241189833601926	23.78946025335556	23.668524163640953	26.300825749401564	0.0
21.0	26.244518349832603	23.662144507532155	23.64161865744298	26.451718485192266	0.0
22.0	26.269204845210126	23.793898274996465	23.79805892028481	26.1388379595086	0.0
23.0	26.2228829943332	23.738977757190288	23.799723178400146	26.238416070076358	0.0
24.0	26.073931893010393	23.83300834070692	23.804438576393608	26.288621189889078	0.0
25.0	26.309424416330813	23.730101713908482	23.80499332909872	26.155480540661983	0.0
26.0	26.202357144244026	23.725386315915024	23.771985543144506	26.300270996696444	0.0
27.0	26.247292113358167	23.77087603773428	23.69293328266592	26.288898566241635	0.0
28.0	26.17461950898838	23.699312938774717	23.759503607279463	26.366563944957438	0.0
29.0	26.236474435608464	23.788073371592777	23.757839349164126	26.21761284363463	0.0
30.0	26.346315471220816	23.69154640090314	23.76061311268969	26.201525015186355	0.0
31.0	26.268372716152456	23.643282915558316	23.826628684598123	26.2617156836911	0.0
32.0	26.27724875943426	23.675181196102308	23.791679264176015	26.255890780287416	0.0
33.0	26.24194917369814	23.882592463150655	23.72032774698909	26.15513061616212	0.0
34.0	26.243613427197232	23.782459877621893	23.833219609344226	26.140707085836645	0.0
35.0	26.27440211693045	23.890358979479753	23.61936303471078	26.215875868879014	0.0
36.0	26.253321572608606	23.83738024309196	23.667626386184477	26.241671798114957	0.0
37.0	26.14597722191711	23.73475127731456	23.78717526253599	26.33209623823234	0.0
38.0	26.10908626935388	23.726152634235913	23.784401506704167	26.38035958970604	0.0
39.0	26.244650133278597	23.76991204444654	23.670334486287974	26.315103335986883	0.0
40.0	26.24492750809241	23.766306171866983	23.855898236728308	26.1328680833123	0.0
41.0	26.231058767401805	23.84147474641008	23.73107957051284	26.196386915675284	0.0
42.0	26.27848986056368	23.839810497527203	23.73163432014046	26.15006532176865	0.0
43.0	26.292913350881914	23.6914149721377	23.739678189741014	26.275993487239376	0.0
44.0	26.254080876948212	23.771853668143226	23.754933804500684	26.219131650407878	0.0
45.0	26.24714650660291	23.781284411812837	23.662567991501234	26.30900109008302	0.0
46.0	26.25768674952777	23.659516868549304	23.63621738418908	26.446578997733848	0.0
47.0	26.286533730164237	23.787109282902893	23.791269905110077	26.135087081822796	0.0
48.0	26.226343395567	23.736072317161458	23.79681740138632	26.24076688588523	0.0
49.0	26.075174122039368	23.827328630905654	23.798204275455383	26.29929297159959	0.0
50.0	26.309833214524453	23.7233130757261	23.80236489766256	26.164488812086883	0.0
51.0	26.207759283041582	23.72469994979516	23.77518216590897	26.29235860125429	0.0
52.0	26.244650133278597	23.78405815995096	23.690860222510075	26.280431484260365	0.0
53.0	26.17780280314987	23.698904092110627	23.761868174845986	26.361424929893516	0.0
54.0	26.247978631044344	23.78905090659958	23.75826230226643	26.204708160089645	0.0
55.0	26.351716811410093	23.689750723254825	23.766583546680796	26.19194891865429	0.0
56.0	26.265730619128323	23.64648025230013	23.828715504974717	26.25907362359683	0.0
57.0	26.281263608701806	23.681429478840464	23.774904791095157	26.262402121362577	0.0
58.0	26.23792036036436	23.88051835661426	23.718531914657554	26.163029368363826	0.0
59.0	26.249847444275552	23.786765929591372	23.82254718132496	26.140839444808112	0.0
60.0	26.272314741875714	23.89383231074769	23.617013014390164	26.21683993298643	0.0
61.0	26.246796329786644	23.83946699803619	23.670546204968325	26.243190467208837	0.0
62.0	26.148328544008166	23.724634143635377	23.796474021146995	26.330563291209465	0.0
63.0	26.107554559474544	23.719918784879788	23.79786089136923	26.374665764276443	0.0
64.0	26.24894251438874	23.77394078080577	23.674918521600443	26.30219818320505	0.0
65.0	26.240621316136192	23.763123223077457	23.865196588308716	26.131058872477634	0.0
66.0	26.235073850634492	23.83690451425005	23.738714374869982	26.189307260245474	0.0
67.0	26.276679841897234	23.845780459052772	23.73344428264337	26.144095416406632	0.0
68.0	26.288606892725884	23.6959988905069	23.746203453297273	26.26919076346994	0.0
69.0	26.251161500589422	23.762013729977117	23.768670688579157	26.218154080854312	0.0
70.0	26.23729283683517	23.785590458359337	23.668816309548575	26.308300395256918	0.0
71.0	26.253103113515014	23.653560779418903	23.638305249289232	26.45503085777685	0.0
72.0	26.28722002635046	23.785035711809165	23.79141529713612	26.13632896470425	0.0
73.0	26.22703002565703	23.742042854171	23.800568615213923	26.230358504958044	0.0
74.0	26.07974481658692	23.82164898412038	23.80195548158935	26.29665071770335	0.0
75.0	26.311906247833022	23.72013036543929	23.80500658761528	26.162956799112408	0.0
76.0	26.202621177449554	23.722071978364884	23.780042992857638	26.295263851327928	0.0
77.0	26.233132237708894	23.788918937660355	23.695721517231817	26.28222730739893	0.0
78.0	26.18847514042022	23.70265584910894	23.760349490326607	26.348519520144237	0.0
79.0	26.245891408362805	23.781984605783233	23.761181610151862	26.2109423757021	0.0
80.0	26.34602316066847	23.681575480202483	23.774495527355942	26.19790583177311	0.0
81.0	26.266694403994173	23.64163372859025	23.828028569447333	26.263643297968244	0.0
82.0	26.284723666874697	23.67353165522502	23.781984605783233	26.25976007211705	0.0
83.0	26.25136605959071	23.872619450469593	23.71895508229642	26.15705940764328	0.0
84.0	26.251088687084984	23.784692366153898	23.823247144450054	26.140971802311068	0.0
85.0	26.262460959819816	23.901466191065275	23.616882000188614	26.219190848926292	0.0
86.0	26.243322256924607	23.837947887253623	23.66514481618524	26.25358503963653	0.0
87.0	26.152898820057363	23.721451434847975	23.8027215790262	26.322928166068465	0.0
88.0	26.099365926451906	23.72422515990525	23.800502598980376	26.375906314662465	0.0
89.0	26.2474100414116	23.774918383366572	23.68421782557201	26.29345374964982	0.0
90.0	26.24269472189323	23.75938556612958	23.86894740199763	26.12897230997956	0.0
91.0	26.235760428483857	23.824290552441287	23.751896529247464	26.188052489827392	0.0
92.0	26.282913623667575	23.831779589323407	23.73913742937422	26.146169357634797	0.0
93.0	26.289847917076948	23.69808641239075	23.743852748892593	26.268212921639712	0.0
94.0	26.245468439256975	23.76021768133871	23.77713735725757	26.217176522146744	0.0
95.0	26.240198376265855	23.77658261378482	23.674232443062518	26.308986566886805	0.0
96.0	26.272928241158084	23.643998923797664	23.640670462961168	26.44240237208309	0.0
97.0	26.28319099540395	23.782130048512318	23.79516652012193	26.139512435961798	0.0
98.0	26.224942930765238	23.735808968537725	23.80598401784055	26.233264082856483	0.0
99.0	26.082651230004966	23.82318106549579	23.8021008135313	26.292066890967945	0.0
100.0	26.310096053832304	23.724436727346358	23.800713954849428	26.164753263971907	0.0
101.0	26.196928385391388	23.72693307297373	23.78185267677594	26.294285864858942	0.0
102.0	26.23992100452948	23.792947546230934	23.702246988436375	26.264884460803213	0.0
103.0	26.190548835454763	23.6942032080815	23.764933000857077	26.350314955606652	0.0
104.0	26.250183758775346	23.78018844635769	23.759662937865958	26.209964857001	0.0
105.0	26.34393540567003	23.68643679946301	23.782130048512318	26.187497746354644	0.0
106.0	26.274869843312704	23.632626682606293	23.830115358905157	26.26238811517584	0.0
107.0	26.28651945624045	23.675341930008013	23.782130048512318	26.25600856523922	0.0
108.0	26.24539564194737	23.872209648071717	23.722429325877602	26.159965384103316	0.0
109.0	26.258432077397593	23.79093995473306	23.82394709980917	26.126680868060177	0.0
110.0	26.270913770913772	23.893289841565704	23.62118892291306	26.214607464607464	0.0
111.0	26.253716770958153	23.838647761061555	23.6672325034394	26.240402964540895	0.0
112.0	26.15608219056495	23.714385567833844	23.803976390183287	26.32555585141792	0.0
113.0	26.09977588425864	23.723538809745705	23.795377890205476	26.38130741579017	0.0
114.0	26.257804503937273	23.763414316185383	23.686028031032176	26.292753148845172	0.0
115.0	26.250592878797548	23.75287424867348	23.864099697943857	26.132433174585124	0.0
116.0	26.23062222456446	23.832756865605816	23.752319508278113	26.184301401551608	0.0
117.0	26.27666567737963	23.841632711931634	23.751487397685068	26.130214213003672	0.0
118.0	26.288037855484582	23.70072865150931	23.739560479184753	26.271673013821356	0.0
119.0	26.25197972978595	23.76230483539466	23.774509124092653	26.211206310726737	0.0
120.0	26.246709696030003	23.766742758557562	23.68353169925304	26.303015846159393	0.0
121.0	26.265293499274676	23.654685198694143	23.649137794740508	26.430883507290677	0.0
122.0	26.289424706472985	23.772844902906563	23.8011366630701	26.13659372755035	0.0
123.0	26.216753714680372	23.740392589777798	23.8041877352446	26.23866596029723	0.0
124.0	26.086389721769955	23.82360364908232	23.799195071686327	26.290811557461396	0.0
125.0	26.31244643288057	23.72097667594008	23.803078254453872	26.16349863672548	0.0
126.0	26.207323127959192	23.726801450091394	23.778114936662515	26.2877604852869	0.0
127.0	26.2375564795065	23.790596595558196	23.70710816605599	26.264738758879314	0.0
128.0	26.189089335641057	23.692750632405804	23.77069187414015	26.347468157812987	0.0
129.0	26.251775174188968	23.771523987041228	23.76625393866773	26.210446900102074	0.0
130.0	26.349964496516222	23.684984245329073	23.77596192251365	26.189089335641057	0.0
131.0	26.274796964452136	23.63783118093463	23.833655083655085	26.253716770958153	0.0
132.0	26.29254870634181	23.681933164691785	23.772356099942307	26.253162029024097	0.0
133.0	26.254899078293718	23.86728317157938	23.719444036091613	26.15837371403529	0.0
134.0	26.257950167393844	23.782130048512318	23.826509526332284	26.133410257761554	0.0
135.0	26.27681144546733	23.88725393659837	23.623196043569553	26.212738574364746	0.0
136.0	26.25129324572085	23.831224845850656	23.675896673480764	26.241585234947728	0.0
137.0	26.15393576625329	23.70557544927287	23.808202991731548	26.332285792742294	0.0
138.0	26.10040302113295	23.718611920882484	23.80265555700405	26.378329500980506	0.0
139.0	26.26551205738282	23.758341978109762	23.691495204229376	26.28465076027804	0.0
140.0	26.24894251438874	23.759517370501353	23.872130920185842	26.11940919492407	0.0
141.0	26.23562859718466	23.839400873725815	23.746203453297273	26.178767075792248	0.0
142.0	26.28028569447334	23.84855419180362	23.7475903196727	26.123569794050344	0.0
143.0	26.298869703904025	23.69100617155537	23.739546494695237	26.270577629845366	0.0
144.0	26.25171624713959	23.761181610151862	23.778101379932043	26.20900076277651	0.0
145.0	26.24921988766382	23.77671451355662	23.67796962762638	26.29609597115318	0.0
146.0	26.273628735871295	23.653560779418903	23.64773594064212	26.425074544067677	0.0
147.0	26.292212745301992	23.780320366132724	23.79418902988697	26.133277858678316	0.0
148.0	26.215102974828376	23.742874973996255	23.79696276263782	26.245059288537547	0.0
149.0	26.07891269676167	23.824977463421398	23.80140073503918	26.294709104777752	0.0
150.0	26.322169059011163	23.724290964565565	23.80029124193884	26.15324873448443	0.0
151.0	26.207059149850913	23.71791137923861	23.7880868178351	26.286942653075375	0.0
152.0	26.23368698425907	23.787532071284932	23.706816448235212	26.27196449622079	0.0
153.0	26.18688353618622	23.695232494924053	23.771787731191267	26.346096237698465	0.0
154.0	26.24957007023111	23.768459242657908	23.772619853324606	26.209350833786377	0.0
155.0	26.3469283598318	23.689130265946233	23.779831578480213	26.184109795741755	0.0
156.0	26.274256360186836	23.6297722204347	23.835306387369496	26.260665032008966	0.0
157.0	26.303380634853713	23.6686045866572	23.780386326569104	26.247628451919987	0.0
158.0	26.257964124341584	23.856730361169745	23.72081670240179	26.164488812086883	0.0
159.0	26.25519037620346	23.77906541330234	23.835649875320023	26.130094335174174	0.0
160.0	26.274051863542685	23.891679587710076	23.628728264216154	26.205540284531082	0.0
161.0	26.24492750809241	23.836481999761457	23.671443985543224	26.24714650660291	0.0
162.0	26.160882939507328	23.705006338014496	23.810408767263112	26.32370195521506	0.0
163.0	26.104021102675834	23.72081670240179	23.798204275455383	26.376957919467	0.0
164.0	26.257482206356336	23.76387571354869	23.690648559588595	26.287993520506376	0.0
165.0	26.261160930985987	23.76005835998458	23.860745975962566	26.11803473306687	0.0
166.0	26.245073102537713	23.835227351527372	23.741196768010738	26.178502777924173	0.0
167.0	26.282518910132836	23.835227351527372	23.75145969305533	26.13079404528446	0.0
168.0	26.29305921152998	23.694042788076146	23.749240682234877	26.263657318158995	0.0
169.0	26.266985834389672	23.756452467401346	23.777255693843077	26.1993060043659	0.0
170.0	26.250620629588845	23.76782489785616	23.682670357621333	26.298884114933664	0.0
171.0	26.267817963447342	23.654100593308016	23.648275689904334	26.429805753340307	0.0
172.0	26.297219856818327	23.77309504855473	23.797226791227143	26.1324583033998	0.0
173.0	26.219831854455077	23.73814562813262	23.79889104934248	26.24313146806982	0.0
174.0	26.08974234510611	23.81220511426519	23.80416120004105	26.29389134058765	0.0
175.0	26.32634437383675	23.719006659806226	23.801387436515487	26.153261529841537	0.0
176.0	26.220109230807637	23.71068536922953	23.790015006060674	26.27919039390216	0.0
177.0	26.2356423065508	23.78640911347744	23.70541521853096	26.272533361440804	0.0
178.0	26.199656052368802	23.693831132808167	23.773715743925443	26.33279707089759	0.0
179.0	26.25956951070676	23.757350493731277	23.779540663486078	26.20353933207589	0.0
180.0	26.346388549872408	23.679684899589482	23.79313214246089	26.180794408077222	0.0
181.0	26.276489515144792	23.628092754909574	23.832797070897595	26.262620659048043	0.0
182.0	26.29673804504604	23.67136358593143	23.78314656607123	26.248751802951293	0.0
183.0	26.26019710472957	23.84562256080817	23.733007136933143	26.16117319752912	0.0
184.0	26.261306616294846	23.77211741960895	23.832031044133597	26.13454491996261	0.0
185.0	26.281832580252356	23.87946266354894	23.619836957275485	26.218867798923217	0.0
186.0	26.249101989076856	23.825928730524602	23.675312535539042	26.249656744859497	0.0
187.0	26.16949453426865	23.701386057322914	23.81122770228476	26.31789170612367	0.0
188.0	26.106252375048193	23.711649039301676	23.802074231871277	26.380024353778857	0.0
189.0	26.256386643662733	23.767190542497186	23.690634032142636	26.285788781697445	0.0
190.0	26.268386788972503	23.75782556717159	23.864616647758634	26.10917099609727	0.0
191.0	26.255904714618172	23.831053736716992	23.742014939656105	26.17102660900873	0.0
192.0	26.289058707682067	23.824806180047986	23.749081175540546	26.137053936729398	0.0
193.0	26.29016823155763	23.694437124668877	23.75296450910503	26.262430134668463	0.0
194.0	26.253831324632813	23.756570461700623	23.784031177620903	26.205567036045657	0.0
195.0	26.239130133281556	23.777651415336393	23.685838314633234	26.297380136748817	0.0
196.0	26.283788469273123	23.651165693521765	23.641179978641667	26.423865858563445	0.0
197.0	26.29516108899768	23.77210379595856	23.795681178314357	26.137053936729398	0.0
198.0	26.217771798676893	23.73327046031372	23.806776417070026	26.242181323939363	0.0
199.0	26.088512267173346	23.810937131603403	23.810937131603403	26.289613469619848	0.0
200.0	26.32345394782464	23.714963316366863	23.804002607381108	26.157580128427387	0.0
201.0	26.214720608019082	23.70636450633122	23.794016892501006	26.284897993148693	0.0
202.0	26.238020609405986	23.787914511185388	23.70442283954898	26.269642039859647	0.0
203.0	26.196763509877563	23.696999284355115	23.76717686414397	26.339060341623348	0.0
204.0	26.251130330583557	23.758855411995093	23.772724498909888	26.21728975851146	0.0
205.0	26.342257677969112	23.677436534706196	23.796433960589383	26.18387182673531	0.0
206.0	26.283729806497426	23.61336099769217	23.840537901650986	26.26237129415942	0.0
207.0	26.29399298775075	23.669947186224036	23.78006834723948	26.255991478785727	0.0
208.0	26.262998909880697	23.83200512605718	23.73519809381683	26.169797870245294	0.0
209.0	26.262794374635934	23.77437519070206	23.824859227205902	26.137971207456108	0.0
210.0	26.289700701783588	23.87506587889379	23.625142159718177	26.21009125960445	0.0
211.0	26.253640675709413	23.817092452359155	23.686166819228315	26.243100052703117	0.0
212.0	26.17070261573882	23.698926520762253	23.815982913095336	26.314387950403596	0.0
213.0	26.101079026934066	23.702255138553717	23.80682921416882	26.389836620343406	0.0
214.0	26.261757681500324	23.76750649775734	23.689283762679988	26.28145205806235	0.0
215.0	26.263494846161528	23.770901061834966	23.867154126954187	26.09844996504932	0.0
216.0	26.254895869162404	23.840802423247194	23.735672994774042	26.16862871281636	0.0
217.0	26.29054717535908	23.827065291562416	23.74606802660705	26.136319506471462	0.0
218.0	26.298036648488516	23.700853799936755	23.745235862926	26.255873688648734	0.0
219.0	26.25892495547924	23.75633137867331	23.77824502227425	26.2064986435732	0.0
220.0	26.243668621326695	23.783792780147902	23.68032709580423	26.292211502721173	0.0
221.0	26.287641746000045	23.64439784301977	23.64301089585691	26.42494951512327	0.0
222.0	26.3070590062801	23.770887424272686	23.785034285333868	26.13701928411335	0.0
223.0	26.22301000821073	23.732607682577726	23.805561103344207	26.238821205867342	0.0
224.0	26.08819874398065	23.80999933426536	23.80972194483279	26.2920799769212	0.0
225.0	26.323702372234425	23.71457736946053	23.805006324479063	26.156713933825976	0.0
226.0	26.212469209772987	23.71152608570224	23.804174156181347	26.271830548343427	0.0
227.0	26.23355080664847	23.78947251625502	23.7129130328651	26.26406364423141	0.0
228.0	26.202278483119418	23.70216059228356	23.76873424076915	26.326826683827875	0.0
229.0	26.25346392936497	23.76636958011212	23.77968438367716	26.20048210684575	0.0
230.0	26.35256588072122	23.684049930651874	23.789736477115117	26.173647711511787	0.0
231.0	26.279056865464632	23.625520110957005	23.846879334257977	26.248543689320385	0.0
232.0	26.291539528432732	23.672676837725383	23.799999999999997	26.235783633841887	0.0
233.0	26.255273939733538	23.844448944379874	23.73765253162977	26.16262458425682	0.0
234.0	26.250908465511596	23.789036277593773	23.831754961192573	26.128300295702054	0.0
235.0	26.28225399308734	23.878634555531512	23.632863427813746	26.206248023567397	0.0
236.0	26.24452840237671	23.823987927810972	23.681684780498088	26.249798889314224	0.0
237.0	26.157704064932396	23.691116178175744	23.818717440873456	26.332462316018397	0.0
238.0	26.09196167523814	23.70498588064289	23.816498288478716	26.38655415564025	0.0
239.0	26.262077076924356	23.76330454899763	23.686188789365794	26.288429584712215	0.0
240.0	26.261679131804964	23.749140016422913	23.876473068643335	26.112707783128787	0.0
241.0	26.257924012706162	23.83210109445007	23.735833876628153	26.174141016215618	0.0
242.0	26.284672707398137	23.8371221999656	23.746400253022678	26.131804839613586	0.0
243.0	26.298879659070103	23.69446155382797	23.745789704405343	26.260869082696587	0.0
244.0	26.246219583252405	23.76016203767931	23.77875197691518	26.214866402153103	0.0
245.0	26.245106009861512	23.779728128615865	23.686218579265297	26.288947282257325	0.0
246.0	26.27870904010455	23.638462413598866	23.65899612356854	26.423832422728044	0.0
247.0	26.29890581944217	23.75895282785873	23.80030025446705	26.14184109823205	0.0
248.0	26.222502199269037	23.726019642178233	23.807330156765563	26.244148001787167	0.0
249.0	26.09762256935676	23.79955986868213	23.81426791398291	26.2885496479782	0.0
