# Position (bp)	A	C	G	T	N
0.0	26.131606091863357	23.807717978278017	23.864753352345126	26.195922577513503	0.0
1.0	26.137066925550634	23.89054062253504	23.82076330319762	26.151629148716705	0.0
2.0	26.04239028548374	23.917112340020203	23.880710205641726	26.159787168854333	0.0
3.0	26.04597973106195	23.985718922427786	23.828590668765752	26.13971067774451	0.0
4.0	26.183211200621177	23.812845773075804	23.854702513830922	26.149240512472094	0.0
5.0	26.114106864487486	23.940787199068318	23.74850633556347	26.19659960088073	0.0
6.0	26.241141203977474	23.783573965071252	23.81389932586723	26.161385505084045	0.0
7.0	26.229528080756626	23.72665496192928	23.87372225810462	26.17009469920947	0.0
8.0	26.22077492867127	23.8530552346647	23.632322754547303	26.293847082116727	0.0
9.0	26.264185036851533	23.92454454776147	23.573158863317335	26.23811155206966	0.0
10.0	26.167544314388874	23.67102307349504	23.901424548064476	26.26000806405161	0.0
11.0	26.220294125671877	23.73741507735123	23.86625800720914	26.17603278976775	0.0
12.0	26.099636511357883	23.747722511739862	23.879597039947374	26.27304393695488	0.0
13.0	26.141696477293397	23.889225732128782	23.886800460801553	26.08227732977627	0.0
14.0	26.172921845631482	23.879524646819863	23.717940944643182	26.229612562905473	0.0
15.0	26.061056205663007	23.804341235675743	23.93379009276663	26.200812465894625	0.0
16.0	26.161098647911235	23.80040016976899	23.845570848238648	26.192930334081126	0.0
17.0	26.213545140362577	23.791002243375978	23.79221487903959	26.20323773722185	0.0
18.0	26.17625659370642	23.87588673982902	23.808888619414297	26.138968047050266	0.0
19.0	26.193839810828834	23.843751894743225	23.759473716121988	26.202934578305946	0.0
20.0	26.22892672974374	23.84913645444596	23.714837461839988	26.20709935397031	0.0
21.0	26.226198307772066	23.859140668342118	23.770921691257833	26.143739332627984	0.0
22.0	26.064615095449295	23.8994606819236	23.860353300329532	26.175570922297574	0.0
23.0	26.0697687813958	23.84398276849946	23.92037858370647	26.16586986639827	0.0
24.0	26.16586986639827	23.845801716480576	23.80457222890854	26.18375618821261	0.0
25.0	26.154046704520994	23.78092590515399	23.851258560423936	26.21376882990108	0.0
26.0	26.150711966555612	23.865203828279185	23.810938546842458	26.17314565832275	0.0
27.0	26.049457195606635	23.88551541406835	23.887940678043176	26.177086712281838	0.0
28.0	26.07219404537063	23.95402912135718	23.81760802277323	26.15616881049897	0.0
29.0	26.188606716162262	23.805784860895955	23.850045928436522	26.155562494505265	0.0
30.0	26.131916170750706	23.928867007618358	23.72544799172985	26.21376882990108	0.0
31.0	26.25893937143221	23.752732211446638	23.813060652820432	26.17526776430072	0.0
32.0	26.224076201794087	23.723932201745583	23.900976471907864	26.151015124552462	0.0
33.0	26.26560884736298	23.840951188530926	23.596302685070377	26.297137279035717	0.0
34.0	26.27985727321508	23.93280806157745	23.56234898942282	26.22498567578465	0.0
35.0	26.196185666083593	23.664816392359207	23.89127541600856	26.24772252554864	0.0
36.0	26.237718311652486	23.726963781714115	23.84216382051834	26.19315408611506	0.0
37.0	26.12918774877903	23.74272799755048	23.86944804023513	26.258636213435356	0.0
38.0	26.15457373083289	23.868769364158346	23.881198804348486	26.095458100660274	0.0
39.0	26.148813746354538	23.89059667376054	23.722950809732556	26.237638770152365	0.0
40.0	26.059988722556703	23.78994852392819	23.91727449660767	26.232788256907437	0.0
41.0	26.182161024913448	23.80571269197422	23.839059970533132	26.173066312579202	0.0
42.0	26.232485099829628	23.774790670037774	23.79510219425093	26.197622035881672	0.0
43.0	26.185192595691532	23.870588306625194	23.79874007918463	26.145479018498648	0.0
44.0	26.193680993870167	23.832087357743543	23.765999114781334	26.208232533604964	0.0
45.0	26.22179510887853	23.86142125670354	23.68619699693509	26.230586637482833	0.0
46.0	26.224220358148685	23.842625574859866	23.78441959237623	26.14873447461522	0.0
47.0	26.06930756101776	23.869303316831534	23.86990962914907	26.19147949300164	0.0
48.0	26.08325274432113	23.836865607843254	23.88476428092875	26.195117366906867	0.0
49.0	26.18875108757272	23.814735208253126	23.80200264958483	26.19451105458933	0.0
50.0	26.176927997380734	23.78320696774115	23.8295898600328	26.210275174845314	0.0
51.0	26.144793444551222	23.868090692196457	23.79806161952083	26.18905424373149	0.0
52.0	26.035050915076862	23.88779584251644	23.885067437087518	26.192085805319177	0.0
53.0	26.082646432003585	23.9623722575736	23.805640523490055	26.149340786932758	0.0
54.0	26.212094111797928	23.80412474269621	23.834137202414336	26.149643943091526	0.0
55.0	26.164195438712433	23.917505146075797	23.715603144335677	26.202696270876093	0.0
56.0	26.24968547548528	23.713481051224296	23.82504251765127	26.21179095563916	0.0
57.0	26.234527667546832	23.70135480487354	23.885976905563826	26.178140622015807	0.0
58.0	26.26059909720096	23.83807823247833	23.620108954323463	26.281213715997247	0.0
59.0	26.286064214537554	23.932966110173012	23.56857240733274	26.2123972679567	0.0
60.0	26.219066703449613	23.63466044994437	23.889311623310284	26.256961223295733	0.0
61.0	26.2260392951013	23.727729390686434	23.845960292606325	26.200271021605943	0.0
62.0	26.14024610216969	23.73136726459166	23.892040028739203	26.236346604499445	0.0
63.0	26.176242330172432	23.86347100623287	23.87802245774016	26.082264205854532	0.0
64.0	26.16957291489826	23.88802658065142	23.71128707588582	26.231113428564502	0.0
65.0	26.06377173623069	23.771311813353382	23.93319671137196	26.231719739043967	0.0
66.0	26.18897485024131	23.814056702156037	23.823151359348095	26.173817088254552	0.0
67.0	26.219593529454567	23.773737055271262	23.795867387771928	26.210802027502243	0.0
68.0	26.20291999126913	23.863774161472605	23.78980428297723	26.143501564281035	0.0
69.0	26.23232604952344	23.80405257924478	23.771008658113647	26.192612713118134	0.0
70.0	26.237096994224913	23.85309141618541	23.691207008927893	26.218604580661786	0.0
71.0	26.231337062131477	23.84217786063996	23.75456626195565	26.171918815272914	0.0
72.0	26.06096433389417	23.882194230973276	23.877343761841967	26.179497673290587	0.0
73.0	26.08461037090931	23.83793370015006	23.898261409970743	26.179194518969883	0.0
74.0	26.20011216709866	23.812771891531384	23.79700786685462	26.190108074515333	0.0
75.0	26.17434404983857	23.79003531747836	23.837630545829356	26.19799008685371	0.0
76.0	26.150091704182017	23.88189107665257	23.783062768102102	26.184954451063312	0.0
77.0	26.058539099328513	23.87673745320055	23.891895169235898	26.172828278235034	0.0
78.0	26.082185136343654	23.95858911979143	23.81428766313492	26.144938080729997	0.0
79.0	26.228608673245112	23.805799342155122	23.82702014460461	26.13857183999515	0.0
80.0	26.15524532763403	23.904324496384884	23.739105391599594	26.20132478438149	0.0
81.0	26.25801464235369	23.730920224940505	23.81216558288997	26.198899549815835	0.0
82.0	26.214663574492597	23.699695329907687	23.906143422309125	26.179497673290587	0.0
83.0	26.23982538311127	23.848544101374806	23.626331984296606	26.285298531217315	0.0
84.0	26.27529443863399	23.941006169190427	23.569945280645115	26.213754111530474	0.0
85.0	26.246191623846123	23.621481515165296	23.886135237142465	26.246191623846123	0.0
86.0	26.244372697921875	23.708183650887484	23.846422021129857	26.201021630060783	0.0
87.0	26.168887272065845	23.720309823715763	23.883103693935396	26.227699210282996	0.0
88.0	26.178508849047795	23.85968847956443	23.876361916657064	26.08544075473071	0.0
89.0	26.176386775236004	23.874846149648647	23.695682489253212	26.253084585862137	0.0
90.0	26.073920925466705	23.79026635057872	23.916984472482767	26.21882825147181	0.0
91.0	26.2054895017977	23.8002704128343	23.809365014884833	26.184875070483166	0.0
92.0	26.2267102399156	23.77844336791303	23.8002704128343	26.194575979337063	0.0
93.0	26.20700526880612	23.86302316698296	23.796935725415775	26.13303583879515	0.0
94.0	26.238836375982977	23.81755015673031	23.75449424917997	26.18911921810675	0.0
95.0	26.24815455926176	23.857494080947774	23.68772869065411	26.206622669136348	0.0
96.0	26.206925821619016	23.838698627022406	23.768064098560934	26.186311452797646	0.0
97.0	26.07353872924542	23.87810844976915	23.872045400115805	26.17630742086962	0.0
98.0	26.08930265834412	23.828694595094387	23.882958889491825	26.199043857069665	0.0
99.0	26.18903982514165	23.805048701446342	23.801107719171664	26.204803754240345	0.0
100.0	26.169941218733612	23.802320329102336	23.82505676530238	26.202681686861673	0.0
101.0	26.14174803784556	23.870529637702468	23.797773041862328	26.189949282589648	0.0
102.0	26.03837304125602	23.886899871766502	23.89114400652384	26.183583080453637	0.0
103.0	26.083542761173444	23.94086101368127	23.841123846883743	26.134472378261542	0.0
104.0	26.210260498928356	23.81596219082236	23.834757644747732	26.13901966550155	0.0
105.0	26.170547523698946	23.900844885969192	23.726532208435522	26.20207538189634	0.0
106.0	26.25603652381111	23.736839392846207	23.818993715649032	26.188130367693645	0.0
107.0	26.208744736515023	23.700461094926137	23.92570338954791	26.165090779010935	0.0
108.0	26.286654924560505	23.82050947806237	23.621944601915317	26.27089099546181	0.0
109.0	26.27180045290981	23.90872685051854	23.591932506131258	26.22754019044039	0.0
110.0	26.238756832299075	23.616791009709974	23.91539620513722	26.229055952853724	0.0
111.0	26.242697814573752	23.701976857339474	23.877198992321148	26.17812633576563	0.0
112.0	26.156905661978918	23.726835360918187	23.883262041974493	26.2329969351284	0.0
113.0	26.16743667163835	23.868941516000337	23.875004547273456	26.088617265087855	0.0
114.0	26.21048419367747	23.849236664362714	23.7170625826088	26.223216559351016	0.0
115.0	26.069821868141197	23.782543320358446	23.92957182873149	26.218062982768863	0.0
116.0	26.193204554549094	23.81528368923327	23.82104356894273	26.17046818727491	0.0
117.0	26.226854378114883	23.78739374537694	23.80376392981435	26.18198794669383	0.0
118.0	26.19411400924006	23.866516303491093	23.80861435483284	26.130755332436006	0.0
119.0	26.225944923423917	23.808311203269188	23.777692895339957	26.18805097796694	0.0
120.0	26.244819881952424	23.851734183777097	23.681059336035432	26.222386598235047	0.0
121.0	26.209654193963022	23.858706690878446	23.753512779392906	26.17812633576563	0.0
122.0	26.07596394910676	23.872954857563805	23.867498112875797	26.183583080453637	0.0
123.0	26.087786895930787	23.82596622275038	23.91569935761989	26.170547523698946	0.0
124.0	26.18903982514165	23.80959598868635	23.811111751099688	26.190252435072313	0.0
125.0	26.159937186805593	23.809899141169016	23.844458524193087	26.185705147832305	0.0
126.0	26.15569305204825	23.8693170277718	23.80595815889434	26.16903176128561	0.0
127.0	26.08323960869078	23.878714754734485	23.890840854041173	26.147204782533567	0.0
128.0	26.08687743848278	23.93419165906259	23.85628147101711	26.122649431437516	0.0
129.0	26.21086680389369	23.81626534330503	23.825359917785047	26.147507935016236	0.0
130.0	26.186917757762977	23.873864315011808	23.752300169462238	26.186917757762977	0.0
131.0	26.269678385531137	23.74654027229156	23.82596622275038	26.15781511942692	0.0
132.0	26.232390630163067	23.69561065520346	23.91569935761989	26.156299357013584	0.0
133.0	26.27361936780581	23.805048701446342	23.625279279224657	26.296052651523187	0.0
134.0	26.257855438707118	23.917821424998557	23.603452300472615	26.220870835821707	0.0
135.0	26.243910424504424	23.632554938808674	23.912061527827884	26.211473108859025	0.0
136.0	26.2163235485817	23.70925251692349	23.885384109353165	26.18903982514165	0.0
137.0	26.159937186805593	23.710768279336826	23.89023454907584	26.239059984781743	0.0
138.0	26.168807940193894	23.84058981525832	23.878180837067173	26.112421407480614	0.0
139.0	26.207308422207802	23.843318195873476	23.722359988601433	26.22701339331729	0.0
140.0	26.08695652173913	23.75085640835976	23.942146204822564	26.22004086507855	0.0
141.0	26.188289148591092	23.800342564382397	23.829748533490974	26.18161975353554	0.0
142.0	26.230730753490068	23.776999681687965	23.814590817455624	26.177678747366347	0.0
143.0	26.22133296954815	23.844603095205613	23.81701605202128	26.117047883224952	0.0
144.0	26.24892001273248	23.78427538538493	23.800948873023813	26.165855728858777	0.0
145.0	26.2526374505857	23.87044357674678	23.68127470715204	26.195644265515483	0.0
146.0	26.210498872262505	23.844372226129558	23.768583416195767	26.176545485412174	0.0
147.0	26.10742609075255	23.847100623287172	23.868321490068634	26.17715179589164	0.0
148.0	26.093784104964467	23.822545048868623	23.89924332452162	26.184427521645283	0.0
149.0	26.181172183603497	23.808065772760205	23.81261311514174	26.198148928494557	0.0
150.0	26.167227000300127	23.791392184027917	23.860208632068463	26.181172183603497	0.0
151.0	26.16934909341151	23.865059130608767	23.81625098904697	26.149340786932758	0.0
152.0	26.083555900479897	23.87930747007091	23.88991793562782	26.147218693821372	0.0
153.0	26.09628845914819	23.93054086090286	23.839897169430945	26.133273510518002	0.0
154.0	26.22725191973638	23.805337367331287	23.82746776692142	26.13994294601092	0.0
155.0	26.182384808238574	23.86778753603769	23.755013444975642	26.194814210748095	0.0
156.0	26.262721190312345	23.73803670008458	23.82443620533373	26.17480590426935	0.0
157.0	26.215731985703155	23.700142180238462	23.91962723918718	26.164498594871205	0.0
158.0	26.286670526855087	23.79654583872699	23.62829417061022	26.2884894638077	0.0
159.0	26.265449595741263	23.923871425409942	23.58039549752473	26.23028348132406	0.0
160.0	26.262418034153573	23.60070696016225	23.942363951094848	26.19451105458933	0.0
161.0	26.21876354729085	23.702870585667384	23.86142125670354	26.21694461033823	0.0
162.0	26.18268796439734	23.705598991096306	23.87627590848322	26.235437136023137	0.0
163.0	26.202775706204413	23.81268530476381	23.877257762336978	26.107281226694802	0.0
164.0	26.185192595691532	23.841485227155598	23.732348679144614	26.24097349800826	0.0
165.0	26.083028660470138	23.74720337595722	23.95304703178905	26.216720931783595	0.0
166.0	26.20164251002695	23.804269070911687	23.848226980455404	26.145861438605962	0.0
167.0	26.246509893561225	23.766677479301887	23.806088018892808	26.180724608244077	0.0
168.0	26.22043830583185	23.845801716480576	23.81578907479211	26.11797090289546	0.0
169.0	26.254998317473117	23.774862745216925	23.8009343329463	26.169204604363657	0.0
170.0	26.243861031952946	23.861638270781544	23.68853452980052	26.205966167464982	0.0
171.0	26.2232462256715	23.8419329412478	23.773419026253563	26.16140180682714	0.0
172.0	26.09622263990784	23.858606681622508	23.858000363790698	26.187170314678955	0.0
173.0	26.07318256229916	23.83132237919117	23.90377736009216	26.19171769841751	0.0
174.0	26.193919220030377	23.82533142948957	23.79259016731391	26.188159183166142	0.0
175.0	26.16451271603928	23.78016061408056	23.86534852770426	26.189978142175903	0.0
176.0	26.155721080825444	23.859285331005065	23.830485146683884	26.154508441485603	0.0
177.0	26.08963223680421	23.865045367869303	23.8959676710352	26.14935472429129	0.0
178.0	26.090844876144047	23.90688142509375	23.841095740907477	26.16117795785472	0.0
179.0	26.22938892072067	23.79956284351799	23.842611540082277	26.128436695679063	0.0
180.0	26.18937182250598	23.859285331005065	23.75439202810898	26.196950818379978	0.0
181.0	26.253338547682493	23.728623442137398	23.845036818761955	26.173001191418148	0.0
182.0	26.221203605176758	23.693153741447105	23.932650011065334	26.152992642310807	0.0
183.0	26.261827023061368	23.81017343774158	23.650408204717774	26.27759133447928	0.0
184.0	26.267587059925606	23.92203941684174	23.57007084845343	26.240302674779226	0.0
185.0	26.256370146032094	23.623426979406354	23.91112566278319	26.209077211778364	0.0
186.0	26.22938892072067	23.68011786854383	23.873533843248175	26.21695936748732	0.0
187.0	26.198163457719815	23.687090544747907	23.88050651945225	26.234239478080028	0.0
188.0	26.204306095350123	23.822068890249746	23.879972594267837	26.0936524201323	0.0
189.0	26.179143752766343	23.844502786047332	23.747794505514495	26.228558955671833	0.0
190.0	26.10971994009543	23.754464042102967	23.919080331536602	26.216735686264997	0.0
191.0	26.221362590455865	23.78788384057334	23.822141109632355	26.16861245933844	0.0
192.0	26.252285081110905	23.766056200110956	23.814258906132054	26.167399812646085	0.0
193.0	26.215299356994095	23.85973315709535	23.808801996016456	26.116165489894104	0.0
194.0	26.23288273403323	23.76272142170698	23.82062530126691	26.183770542992875	0.0
195.0	26.249939367481566	23.86890036864571	23.68154588668995	26.199614377182773	0.0
196.0	26.219623108265427	23.858289677920062	23.76491559953434	26.157171614280173	0.0
197.0	26.11472885137757	23.858592840512223	23.856167539774933	26.170510768335276	0.0
198.0	26.065919674039577	23.850407450523864	23.886483798991076	26.197189076445483	0.0
199.0	26.21424565339316	23.8204665686438	23.788331236452382	26.176956541510666	0.0
200.0	26.182586577494547	23.777243526583376	23.874560783873832	26.165609112048237	0.0
201.0	26.163183759841623	23.861827684789098	23.83181395123223	26.143174604137045	0.0
202.0	26.103038148915076	23.85406213334384	23.896507083759047	26.146392633982035	0.0
203.0	26.091530613791747	23.932269164885472	23.85798960086104	26.118210620461745	0.0
204.0	26.21826064547425	23.782800491154667	23.862840511164674	26.136098352206403	0.0
205.0	26.20174451919608	23.84236871386429	23.784157437248545	26.171729329691086	0.0
206.0	26.2743647504328	23.741552492033797	23.846757885098732	26.137324872434668	0.0
207.0	26.204790967440704	23.705617153130866	23.927550336689617	26.162041542738812	0.0
208.0	26.272735817306963	23.812310313776262	23.652829868322513	26.262124000594262	0.0
209.0	26.258500926271232	23.914473783946853	23.601572993508523	26.22545229627339	0.0
210.0	26.26973466782692	23.631876245023694	23.8941460767162	26.20424301043319	0.0
211.0	26.2283550275764	23.682654611277368	23.881556406547993	26.20743395459824	0.0
212.0	26.185155650694796	23.68613348938325	23.897771134201918	26.230939725720038	0.0
213.0	26.18933554877716	23.84735268612457	23.87918958417979	26.084122180918477	0.0
214.0	26.172081092062417	23.863698385072073	23.76515321499827	26.199067307867242	0.0
215.0	26.114786806309393	23.7505836977022	23.95161828292813	26.183011213060276	0.0
216.0	26.25177764099081	23.792037987695235	23.823876333799284	26.13230803751467	0.0
217.0	26.249382169487205	23.77624074012305	23.80504756157837	26.169329528811367	0.0
218.0	26.169329528811367	23.859022448094656	23.860841826291836	26.110806196802137	0.0
219.0	26.247130636763632	23.783950972930192	23.82003596369668	26.1488824266095	0.0
220.0	26.237506671194993	23.86801950414827	23.69214254524283	26.202331279413904	0.0
221.0	26.22449722228961	23.879515295601756	23.767315203415734	26.1286722786929	0.0
222.0	26.11366848007375	23.864801101387044	23.8557037414409	26.16582667709831	0.0
223.0	26.063026509706884	23.851761552130903	23.882692575947793	26.20251936221442	0.0
224.0	26.20883736304392	23.840744301141136	23.806173599507517	26.144244736307424	0.0
225.0	26.166988618961117	23.793740276990167	23.89502636774129	26.144244736307424	0.0
226.0	26.158367020163574	23.86301261853569	23.831777118024704	26.14684324327603	0.0
227.0	26.069380464416657	23.84949673537591	23.933803795030737	26.147319005176694	0.0
228.0	26.0916769018484	23.921515110160883	23.878451530728288	26.10835645726243	0.0
229.0	26.188432739635047	23.819300602594158	23.860545094483246	26.131721563287552	0.0
230.0	26.19981257903979	23.833698773878734	23.79639654393323	26.170092103148246	0.0
231.0	26.26622874455251	23.737865402636633	23.858870197337893	26.137035655472967	0.0
232.0	26.20649915841509	23.700547409283214	23.93073225468937	26.162221177612327	0.0
233.0	26.276570901735052	23.81092466283122	23.669900615956642	26.24260381947709	0.0
234.0	26.23123838060953	23.929651319720133	23.609691595219104	26.22941870445123	0.0
235.0	26.27476670093744	23.612261052325106	23.886730537687235	26.226241709050214	0.0
236.0	26.194700464323518	23.720532440473484	23.888246943683715	26.196520151519287	0.0
237.0	26.175752521040263	23.706422018348626	23.90325271059216	26.214572750018956	0.0
238.0	26.21769986655344	23.84326094868373	23.883598204537183	26.055440980225647	0.0
239.0	26.15886206478224	23.88086861579522	23.760463423510856	26.19980589591168	0.0
240.0	26.107938087106337	23.78514296806991	23.949540324366296	26.15737862045746	0.0
241.0	26.23834008281385	23.820964341508546	23.847355568700614	26.09334000697699	0.0
242.0	26.251152856657445	23.762499393233337	23.82985049269453	26.156497257414692	0.0
243.0	26.164974603887398	23.8814483976479	23.876290286366203	26.077286712098502	0.0
244.0	26.212793848562733	23.821647160209864	23.826198835378047	26.139360155849356	0.0
245.0	26.230508227667542	23.865091745625165	23.698474649315017	26.205925377392276	0.0
246.0	26.1965683551719	23.893123051753914	23.795691777225365	26.11461681584882	0.0
247.0	26.12744696286718	23.873008356630514	23.8684551616536	26.13108951884871	0.0
248.0	26.047598810029747	23.8664926233987	23.911420071641064	26.174488494930483	0.0
249.0	26.194906790440136	23.84379771658587	23.83985137469302	26.121444118280973	0.0
