# Position (bp)	A	C	G	T	N
0.0	26.334038101289398	23.650898853017537	23.68458530065839	26.330477745034674	0.0
1.0	26.381692100391092	23.81412749361875	23.593659279383893	26.210521126606267	0.0
2.0	26.321036070206954	23.633639966150806	23.662943072553944	26.382380891088296	0.0
3.0	26.178961090176145	23.748740250635354	23.85253264394006	26.219766015248446	0.0
4.0	26.225229764812845	23.74245527938744	23.711509601375848	26.320805354423864	0.0
5.0	26.22135565000219	23.678416509661307	23.7794658896727	26.3207619506638	0.0
6.0	26.220246897352478	23.85369086348351	23.714578335688387	26.211483903475624	0.0
7.0	26.386253166290135	23.683165605531595	23.67111658793729	26.25946464024098	0.0
8.0	26.282021441187343	23.69949477662007	23.644180346947437	26.37430343524515	0.0
9.0	26.256383575897807	23.65147387012418	23.83274688864853	26.25939566532948	0.0
10.0	26.270666644760983	23.822980158925745	23.690724585298	26.215628611015273	0.0
11.0	26.201318170989836	23.70462455127696	23.815521778298645	26.278535499434565	0.0
12.0	26.277915904535547	23.768085782192966	23.654998302318702	26.299000010952785	0.0
13.0	26.332679817307586	23.653081565371682	23.77082397783157	26.24341463948916	0.0
14.0	26.275725348024665	23.792729542940382	23.71551242593181	26.21603268310314	0.0
15.0	26.252724504660407	23.677725326119102	23.82996900362537	26.239581165595123	0.0
16.0	26.276546806716244	23.80176558854777	23.643224061072715	26.278463543663268	0.0
17.0	26.387717549643487	23.59612709608876	23.70784547814372	26.30830987612403	0.0
18.0	26.276546806716244	23.64760517409448	23.700178530355636	26.375669488833637	0.0
19.0	26.235473872137216	23.685392273907187	23.839552688360477	26.239581165595123	0.0
20.0	26.32692960646652	23.780133843002815	23.70291672599424	26.190019824536424	0.0
21.0	26.347192254192176	23.716607704187247	23.710857493346186	26.225342548274387	0.0
22.0	26.253819782915848	23.863374990416315	23.71852444113427	26.164280785533567	0.0
23.0	26.4000394300172	23.650343369733083	23.63418801546533	26.315429184784396	0.0
24.0	26.17222155288551	23.615294465558975	23.806968160261114	26.4055158212944	0.0
25.0	26.336787110765492	23.6522601066801	23.67608240873594	26.334870373818468	0.0
26.0	26.38114588011084	23.812444551538317	23.59366272001402	26.21274684833682	0.0
27.0	26.332953636871448	23.63418801546533	23.649795730605362	26.383062617057863	0.0
28.0	26.18317433543992	23.74344202144555	23.848588733967865	26.22479490914667	0.0
29.0	26.232188037370896	23.739060908423784	23.70702401945214	26.321727034753177	0.0
30.0	26.22698546565755	23.67416567178892	23.773562173470168	26.32528668908336	0.0
31.0	26.215758863539286	23.860910614341574	23.70839311727144	26.2149374048477	0.0
32.0	26.383062617057863	23.68949956736509	23.66239143054293	26.26504638503412	0.0
33.0	26.28284465668503	23.69086866518439	23.63610475241235	26.39018192571823	0.0
34.0	26.250260128585666	23.658284137085026	23.82777844711449	26.263677287214815	0.0
35.0	26.26942749805588	23.818468581943243	23.687856649981928	26.224247270018946	0.0
36.0	26.195972125244726	23.709697293301023	23.813474623841405	26.280855957612847	0.0
37.0	26.26709309266551	23.775348707304918	23.650213851908237	26.307344348121337	0.0
38.0	26.319392342951648	23.660892756416928	23.774527253111945	26.24518764751948	0.0
39.0	26.279141087495823	23.79068251890714	23.71593018734632	26.214246206250717	0.0
40.0	26.24546146558381	23.678417112533747	23.82518359501213	26.250937826870313	0.0
41.0	26.274486180402295	23.79807560664392	23.646928035136334	26.28051017781745	0.0
42.0	26.38510867838973	23.602843326779954	23.708810917673862	26.303237077156457	0.0
43.0	26.27530763459527	23.65076148803689	23.703334556387354	26.37059632098049	0.0
44.0	26.23478256107512	23.689643653171085	23.841612678871652	26.23396110688214	0.0
45.0	26.330345065524664	23.780825068591422	23.698953467358148	26.18987639852576	0.0
46.0	26.348143239705813	23.711001462188463	23.715656369281994	26.225198928823733	0.0
47.0	26.242449466876227	23.86817303111121	23.728525818305286	26.160851683707275	0.0
48.0	26.396061400962743	23.657059303516373	23.632689495791418	26.31418979972947	0.0
49.0	26.172352042408942	23.619272410639475	23.81286178211749	26.395513764834096	0.0
50.0	26.329249793267362	23.662261846738552	23.678690930598073	26.329797429396013	0.0
51.0	26.380179953231874	23.817242871146696	23.596271693236144	26.206305482385282	0.0
52.0	26.330892701653312	23.63953494739955	23.642820764171454	26.38675158677568	0.0
53.0	26.174542586923543	23.7394785408783	23.859958489181448	26.226020383016706	0.0
54.0	26.23396110688214	23.747966900872385	23.70141782993708	26.316654162308396	0.0
55.0	26.21369857012207	23.68307201962728	23.771241436340038	26.331987973910614	0.0
56.0	26.214246206250717	23.86707775885391	23.70634655509493	26.212329479800438	0.0
57.0	26.378810862910246	23.69402474220029	23.654321122873117	26.272843272016345	0.0
58.0	26.28187926813908	23.698679649293826	23.629129860955185	26.390311221611913	0.0
59.0	26.239711286232975	23.662535664802878	23.827100321462407	26.270652727501737	0.0
60.0	26.26873600105146	23.827921775655383	23.68361965575593	26.219722567537225	0.0
61.0	26.19856684017557	23.71285325856295	23.807320232087555	26.281259669173924	0.0
62.0	26.2650325294079	23.785623535081378	23.64488182077063	26.304462114740097	0.0
63.0	26.319248209239664	23.66623951282557	23.767551641804122	26.246960636130645	0.0
64.0	26.277080458259405	23.793564215460776	23.710050163194673	26.219305163085142	0.0
65.0	26.245591553306607	23.677192175417844	23.828065102626447	26.2491511686491	0.0
66.0	26.271330310398454	23.80260016209941	23.641048388863332	26.285021138638804	0.0
67.0	26.377844954108344	23.605178418873628	23.706216731287377	26.31075989573065	0.0
68.0	26.273520842916913	23.655834483362906	23.698276050907978	26.372368622812203	0.0
69.0	26.232722174760685	23.68814483801012	23.8420297474316	26.237103239797595	0.0
70.0	26.332665220915203	23.783433002562923	23.68814483801012	26.19575693851175	0.0
71.0	26.340605901294605	23.71278832884274	23.715252677926006	26.231353091936647	0.0
72.0	26.239567588880856	23.865577972004996	23.73332457120326	26.161529867910886	0.0
73.0	26.403309894635385	23.65638211649252	23.626809927493372	26.31349806137872	0.0
74.0	26.174399246456815	23.615857264901095	23.80752886026593	26.402214628376157	0.0
75.0	26.323355457711774	23.658572649010974	23.680477974195526	26.33759391908173	0.0
76.0	26.380309303191606	23.819302972552627	23.5882017918556	26.212185932400168	0.0
77.0	26.326367439924645	23.64132220542814	23.641596021992946	26.39071433265427	0.0
78.0	26.176315962410463	23.737705636240168	23.86064927383847	26.2253291275109	0.0
79.0	26.234365074149522	23.739896168758627	23.704847648463343	26.32089110862851	0.0
80.0	26.208900133622482	23.69088300365819	23.766182558980088	26.33403430373924	0.0
81.0	26.214924098048236	23.866399421699416	23.704573831898536	26.214102648353816	0.0
82.0	26.380035486626802	23.698276050907978	23.657751199316554	26.263937263148673	0.0
83.0	26.28200915642593	23.694716435565486	23.629000460011827	26.39427394799676	0.0
84.0	26.24312720422335	23.65638211649252	23.83052945170971	26.269961227574424	0.0
85.0	26.263115813454252	23.82696983636722	23.691978269917417	26.21793608026111	0.0
86.0	26.198149552721866	23.714366294368432	23.806368408226522	26.28111574468318	0.0
87.0	26.25530516689028	23.79343391473399	23.64694285479587	26.304318063579856	0.0
88.0	26.325128008543032	23.665014649105995	23.761945182223926	26.24791216012705	0.0
89.0	26.276936557049368	23.793160099668683	23.709098874620082	26.220804468661868	0.0
90.0	26.24900742038827	23.676241066783493	23.82820842802771	26.24654308480053	0.0
91.0	26.27529366665754	23.808493743325755	23.63790695764081	26.278305632375893	0.0
92.0	26.38180772706114	23.610251636045014	23.698420087073192	26.309520549820654	0.0
93.0	26.280222337833024	23.651323895840747	23.695681936420144	26.372771829906082	0.0
94.0	26.229018920621012	23.687741299526298	23.847375482599055	26.235864297253634	0.0
95.0	26.33799731661236	23.781386051860572	23.693491415897704	26.187125215629365	0.0
96.0	26.342104542591933	23.709646504750694	23.714848990991484	26.233399961665892	0.0
97.0	26.230935626078143	23.863256756386736	23.74086142219545	26.164946195339667	0.0
98.0	26.397415185783522	23.64584759453465	23.64009747816325	26.31663974151858	0.0
99.0	26.17863694860491	23.60888256071849	23.804386517346185	26.40809397333041	0.0
100.0	26.32567563867364	23.660085977930507	23.6822649982202	26.33197338517565	0.0
101.0	26.38427206264889	23.81698201035021	23.591906026669587	26.206839900331314	0.0
102.0	26.32868760439199	23.63516880698776	23.643109443881603	26.393034144738643	0.0
103.0	26.17918457873552	23.72799211412612	23.86845924262753	26.22436406451083	0.0
104.0	26.241888228690343	23.73702801128118	23.70225349798746	26.318830262041015	0.0
105.0	26.217518687878204	23.68445551874264	23.764409517811668	26.333616275567483	0.0
106.0	26.21943539333534	23.869828317954052	23.698146272007886	26.21259001670272	0.0
107.0	26.377974316146872	23.699515347334412	23.659538347799895	26.26297198871882	0.0
108.0	26.288710604857478	23.697324826811972	23.625859094767392	26.388105473563154	0.0
109.0	26.25010268064949	23.649407190383613	23.839161030639904	26.26132909832699	0.0
110.0	26.278305632375893	23.82355357191753	23.68308644341612	26.215054352290462	0.0
111.0	26.204029999096413	23.71177209886887	23.798023608270288	26.286174293764425	0.0
112.0	26.271864013230672	23.783446327064826	23.647087171286817	26.297602488417688	0.0
113.0	26.328543421355267	23.667349375157443	23.75880310614109	26.2453040973462	0.0
114.0	26.286102318653278	23.78919641194703	23.70759996933288	26.21710130006681	0.0
115.0	26.248316046570213	23.67638522282948	23.825065989069362	26.250232741530947	0.0
116.0	26.27953079307361	23.80672048015947	23.635860815088222	26.2778879116787	0.0
117.0	26.389877660098794	23.60930089920375	23.693361663910277	26.30745977678718	0.0
118.0	26.27953079307361	23.646813357720994	23.698837935226663	26.37481791397873	0.0
119.0	26.225315707041393	23.69254022321282	23.848340142164005	26.23380392758179	0.0
120.0	26.338674523290585	23.780982004972454	23.697742680963387	26.18260079077358	0.0
121.0	26.334293506237472	23.71198098638599	23.720743020492208	26.23298248688433	0.0
122.0	26.230518164791956	23.866959464639717	23.733886071651533	26.16863629891679	0.0
123.0	26.39453249071772	23.648730052681728	23.63367030656167	26.32306715003888	0.0
124.0	26.17876740085211	23.604372255019	23.803160903803818	26.413699440325072	0.0
125.0	26.32306715003888	23.662420730972695	23.678849544921853	26.33566257406657	0.0
126.0	26.386591897308957	23.8171253956606	23.59752691587352	26.19875579115692	0.0
127.0	26.322519522907246	23.642979967799523	23.642706154233707	26.391794355059528	0.0
128.0	26.174184238700366	23.726831886224677	23.865381929898057	26.2336019451769	0.0
129.0	26.24126874601258	23.733951058429238	23.703557669402073	26.321222526156113	0.0
130.0	26.222923186870055	23.68411685299731	23.758868161145198	26.334091798987437	0.0
131.0	26.213065871509894	23.86839388736922	23.69506942561971	26.223470815501177	0.0
132.0	26.38118786126376	23.69014076793963	23.661937893436942	26.26673347735966	0.0
133.0	26.290007694182265	23.69479561130415	23.6211395604185	26.394057134095085	0.0
134.0	26.23880441717254	23.650163877867865	23.839917198550975	26.271114506408622	0.0
135.0	26.263173891257384	23.82513122551073	23.680831081210588	26.230863802021297	0.0
136.0	26.198149552721866	23.708342346437245	23.80253498681577	26.290973114025117	0.0
137.0	26.256544215898884	23.776039955313134	23.655286850233292	26.31212897855469	0.0
138.0	26.313771877943527	23.658572649010974	23.76946835775777	26.25818711528773	0.0
139.0	26.278997174213053	23.786718801340605	23.70868108037064	26.225602944075703	0.0
140.0	26.231079275371844	23.682394690149174	23.82423167071915	26.262294363759832	0.0
141.0	26.270854611220486	23.804034424312785	23.638101131686962	26.287009832779766	0.0
142.0	26.384488796764575	23.61592192920727	23.69395986385803	26.305629410170123	0.0
143.0	26.274414236309816	23.646315651123885	23.706555460327976	26.372714652238322	0.0
144.0	26.21746023488049	23.695602767745417	23.848940463901293	26.237996533472796	0.0
145.0	26.336023132086734	23.783771943035045	23.699710027463876	26.18049489741434	0.0
146.0	26.32753479533525	23.713127075877516	23.724901220403773	26.23443690838346	0.0
147.0	26.221019859969825	23.867560041291654	23.73558009567177	26.175840003066753	0.0
148.0	26.397905845178215	23.645220381865627	23.628791342991782	26.32808242996438	0.0
149.0	26.183506887874547	23.60086197690625	23.803212972369096	26.41241816285011	0.0
150.0	26.320213797144625	23.666916753832083	23.675131295761844	26.337738153261448	0.0
151.0	26.382918133875126	23.8216239601759	23.597914601622097	26.197543304326874	0.0
152.0	26.318023252630024	23.644463672557407	23.642820764171454	26.394692310641116	0.0
153.0	26.168864062649742	23.73187661724237	23.867143111403184	26.2321162087047	0.0
154.0	26.240056954313328	23.730507523171916	23.69710162785285	26.332333894661904	0.0
155.0	26.22855656412152	23.676839035610136	23.764187237305077	26.330417162963265	0.0
156.0	26.217329992743803	23.866595473775003	23.68998233868649	26.226092194794703	0.0
157.0	26.377513998986867	23.691077613942856	23.665338645418327	26.266069741651947	0.0
158.0	26.286332333894663	23.70093509125012	23.625361098561083	26.387371476294135	0.0
159.0	26.238140222614696	23.650552429457427	23.84359469339138	26.267712654536496	0.0
160.0	26.261688640626495	23.828260839802304	23.680672499007407	26.229378020563793	0.0
161.0	26.204330194439805	23.707910395040564	23.803199864185125	26.284559546334503	0.0
162.0	26.262178191795226	23.776430578145792	23.65567548918133	26.30571574087765	0.0
163.0	26.32022825723846	23.66087808938615	23.776430578145792	26.2424630752296	0.0
164.0	26.28107184517062	23.791764557696837	23.70934441760998	26.217819179522568	0.0
165.0	26.232879338010196	23.688534016790708	23.82599219062327	26.252594454575824	0.0
166.0	26.278679412159335	23.798949071880966	23.642049172921215	26.280322343038492	0.0
167.0	26.38656520655748	23.617405209733818	23.692980030175164	26.303049553533537	0.0
168.0	26.27621501584059	23.646977965558694	23.70749258627441	26.369314432326306	0.0
169.0	26.217343326004034	23.703932902702896	23.84714171100298	26.231582060290087	0.0
170.0	26.338098745622275	23.784984159408108	23.700373219131382	26.176543875838238	0.0
171.0	26.327693516720927	23.715981062483397	23.731588905835416	26.224736514960256	0.0
172.0	26.22172447501513	23.85918987078349	23.742267956549952	26.176817697651426	0.0
173.0	26.394506039140094	23.644787391053146	23.63520362759138	26.325502942215383	0.0
174.0	26.189139679245127	23.593856533799197	23.807985191716345	26.409018595239335	0.0
175.0	26.32639649507119	23.66621029572837	23.674972617743702	26.332420591456735	0.0
176.0	26.38170865279299	23.82092004381161	23.60460021905805	26.192771084337352	0.0
177.0	26.31681270536692	23.630613362541073	23.65443592552026	26.39813800657174	0.0
178.0	26.16518665166115	23.72651622813863	23.865618471025385	26.242678649174835	0.0
179.0	26.237476006232217	23.73089740114294	23.69968154348725	26.331945049137595	0.0
180.0	26.234737773104527	23.67312068214864	23.76786354836678	26.324277996380058	0.0
181.0	26.215022494585146	23.862332591272157	23.68982390422756	26.232821009915142	0.0
182.0	26.378768835621123	23.691193020791403	23.669013332457098	26.26102481113037	0.0
183.0	26.286764202530676	23.708170066183097	23.619725136158642	26.385340595127587	0.0
184.0	26.24459541236422	23.65532216681864	23.83659319987185	26.263489220945292	0.0
185.0	26.262393927694216	23.83002144036539	23.68051391159341	26.22707072034699	0.0
186.0	26.204486893375357	23.708847553512214	23.804412413026395	26.282253140086038	0.0
187.0	26.26343114382414	23.7817500739329	23.653325885278043	26.301492896964916	0.0
188.0	26.316827128446096	23.661266826580796	23.767784970262543	26.254121074710568	0.0
189.0	26.278217724180987	23.794619875354602	23.707269521024326	26.21989287944008	0.0
190.0	26.23522711092126	23.685363476051215	23.82556216387912	26.253847249148404	0.0
191.0	26.282123249223016	23.794411204972686	23.647640301756596	26.275825244047702	0.0
192.0	26.384534289899918	23.617793233751833	23.697476690535193	26.300195785813056	0.0
193.0	26.285409164966662	23.64079464395734	23.70267939046263	26.371116800613372	0.0
194.0	26.21613110803817	23.705143827270362	23.84671203055902	26.23201303413245	0.0
195.0	26.3357932063692	23.793589726036775	23.6928216432317	26.177795424362326	0.0
196.0	26.322101890770682	23.714727748189325	23.733621763715277	26.229548597324715	0.0
197.0	26.223250592149398	23.85903421459768	23.74594394775394	26.17177124549898	0.0
198.0	26.38727255301962	23.647092649132656	23.6328536809102	26.332781116937525	0.0
199.0	26.184641082161587	23.603280439217407	23.804816604827558	26.407261873793452	0.0
200.0	26.319983351314647	23.659753446113573	23.67837368631467	26.341889516257112	0.0
201.0	26.37529641779438	23.828157089108803	23.605809514942745	26.190736978154078	0.0
202.0	26.31669742657327	23.638668762356446	23.65701517549576	26.387618635574515	0.0
203.0	26.16287825889324	23.72225097414244	23.871487131461993	26.243383635502322	0.0
204.0	26.229692244922546	23.730465808490305	23.70253537170756	26.337306574879584	0.0
205.0	26.232156695226905	23.682545941461093	23.761682179012194	26.323615184299808	0.0
206.0	26.211893437168836	23.859164879940195	23.69185608705534	26.237085595835623	0.0
207.0	26.37536864069136	23.69596350422927	23.66474713370738	26.263920721371985	0.0
208.0	26.277338284140168	23.709107239185855	23.620660856040505	26.392893620633473	0.0
209.0	26.2384547348936	23.663651822461	23.832329754403837	26.26556368824156	0.0
210.0	26.264468376995175	23.827400853795115	23.68090297459152	26.22722779461819	0.0
211.0	26.19779786467903	23.716630475559363	23.80124373273164	26.284327927029967	0.0
212.0	26.259481365864346	23.786522084394424	23.64878556367918	26.30521098606205	0.0
213.0	26.32218844984802	23.663024726854516	23.757769927982693	26.257016895314766	0.0
214.0	26.278923300199896	23.80021358744763	23.704099236014127	26.216763876338344	0.0
215.0	26.241956241956245	23.68410964155645	23.817191051233603	26.2567430652537	0.0
216.0	26.275435459447028	23.800552590576388	23.642278381878974	26.281733568097614	0.0
217.0	26.38332479893973	23.621741071061834	23.691567927840104	26.303366202158333	0.0
218.0	26.281185906475823	23.64748116728598	23.695949220814427	26.375383705423765	0.0
219.0	26.219847804835304	23.708545438115607	23.837519750047235	26.234087007001854	0.0
220.0	26.329927790815166	23.79124234300595	23.686912804054884	26.191917062124	0.0
221.0	26.327463313517107	23.717308024064252	23.72716593325648	26.22806272916216	0.0
222.0	26.221490789700674	23.84628233599588	23.749072398128092	26.183154476175353	0.0
223.0	26.384967783805095	23.651862460260304	23.63050365701048	26.33266609892412	0.0
224.0	26.193286216178475	23.598465452135745	23.803017067874443	26.40523126381134	0.0
225.0	26.320963448963276	23.658773015542682	23.670547772654086	26.34971576283996	0.0
226.0	26.384766202613445	23.822524288859437	23.602911377153685	26.189798131373433	0.0
227.0	26.319046628038162	23.640426300973743	23.648367416234926	26.392159654753165	0.0
228.0	26.165224939551518	23.712508933779134	23.865307363076997	26.25695876359235	0.0
229.0	26.230123197156523	23.727295878549896	23.70566312601489	26.33691779827869	0.0
230.0	26.234230681815067	23.686494864275016	23.76125108506053	26.318023368849385	0.0
231.0	26.215610084696333	23.85818772300219	23.686494864275016	26.239707328026462	0.0
232.0	26.377718812553567	23.696078995144955	23.661302291702608	26.26489990059887	0.0
233.0	26.284341994649317	23.710865939915713	23.61119097886836	26.39360108656661	0.0
234.0	26.23450451412564	23.657194807044064	23.836828802777752	26.271471876052544	0.0
235.0	26.25422044048665	23.828613833460665	23.68266121192704	26.23450451412564	0.0
236.0	26.200692799539958	23.716746306666483	23.801360954036994	26.28119993975656	0.0
237.0	26.25607912723449	23.783353049421663	23.640137574483	26.32043024886085	0.0
238.0	26.313584384858046	23.668342534174553	23.75405275148966	26.264020329477745	0.0
239.0	26.27333070452156	23.80471214511041	23.69983350858745	26.22212364178058	0.0
240.0	26.230509291461058	23.68651656470614	23.824806804427478	26.258167339405325	0.0
241.0	26.26929270136158	23.807659024438337	23.634859953336036	26.288188320864048	0.0
242.0	26.37113757794678	23.629273208764545	23.698011518459385	26.30157769482929	0.0
243.0	26.2743637424242	23.654568210262827	23.696195737012623	26.374872310300347	0.0
244.0	26.21576988489315	23.7178170504931	23.832294003105666	26.234119061508082	0.0
245.0	26.326095768105777	23.799064447925684	23.688145656913118	26.18669412705542	0.0
246.0	26.32501478933415	23.723735238053504	23.729486645779012	26.22176332683333	0.0
247.0	26.216658130636862	23.851127988409257	23.756364363399328	26.17584951755455	0.0
248.0	26.38194258042958	23.66325026978762	23.62819157386155	26.32661557592125	0.0
249.0	26.187750272526582	23.597789110988163	23.80567622198728	26.408784394497975	0.0
