# Position (bp)	A	C	G	T	N
0.0	26.225528278433806	23.792506437006125	23.716760632158397	26.265204652401668	0.0
1.0	26.20333170558466	23.710379117464264	23.74062194797123	26.345667228979845	0.0
2.0	26.207994850623695	23.704332578683356	23.753440316065166	26.334232254627782	0.0
3.0	26.252257600936606	23.758423521774233	23.776456586091236	26.212862291197926	0.0
4.0	26.303042744906563	23.70916374450708	23.70056371787474	26.287229792711614	0.0
5.0	26.26512574969901	23.690488739950844	23.847225073374798	26.19716043697535	0.0
6.0	26.23892148296093	23.8563641659385	23.679940082386718	26.22477426871385	0.0
7.0	26.255800858235762	23.841700715936167	23.77901122585692	26.12348719997115	0.0
8.0	26.35165871518917	23.748751802951293	23.710473760124266	26.189115721735273	0.0
9.0	26.24288551362986	23.851419568859352	23.63673682225156	26.268958095259226	0.0
10.0	26.239443065359385	23.71825985660597	23.78177481313012	26.260522264904516	0.0
11.0	26.23112232869683	23.68913727828704	23.752374876922435	26.327365516093693	0.0
12.0	26.16843944583894	23.734346614153573	23.83086715943918	26.266346780568306	0.0
13.0	26.197284666269123	23.795365349678956	23.84445769598802	26.162892288063905	0.0
14.0	26.26828828578957	23.736842835152338	23.76707484502628	26.227794034031817	0.0
15.0	26.191737508494086	23.758476750474973	23.79897100223273	26.250814738798205	0.0
16.0	26.2784776422426	23.73594492797036	23.727069500147	26.258507929640047	0.0
17.0	26.261558857954327	23.823589777726003	23.71985821504052	26.19499314927915	0.0
18.0	26.155053724074044	23.759242926006667	23.67797728999906	26.407726059920233	0.0
19.0	26.174191365318155	23.69600550276525	23.712924287053525	26.416878844863067	0.0
20.0	26.28041914207896	23.75674671193135	23.76368063991835	26.199153506071347	0.0
21.0	26.227166575138817	23.794467280180616	23.705435644827567	26.272930499853004	0.0
22.0	26.169476294286998	23.902636556777775	23.74592978427163	26.181957364663592	0.0
23.0	26.345875422276215	23.788920137791017	23.69378664580941	26.171417794123357	0.0
24.0	26.287630427185437	23.689348931897733	23.75868821176771	26.264332429149125	0.0
25.0	26.227721289377776	23.794189923061136	23.718748786562603	26.25934000099849	0.0
26.0	26.212744004925863	23.70127528803537	23.746484498510593	26.33949620852818	0.0
27.0	26.215794933240144	23.69933378819901	23.75314106937811	26.33173020918274	0.0
28.0	26.25101928741409	23.74592978427163	23.77893528148974	26.224115646824536	0.0
29.0	26.291790783977635	23.717084643845723	23.710705430097683	26.28041914207896	0.0
30.0	26.254624929967328	23.691845145973055	23.853821703749315	26.19970822031031	0.0
31.0	26.233195672131508	23.86124416511578	23.677079548574802	26.2284806141779	0.0
32.0	26.252055903945948	23.846266922204318	23.788576801360158	26.11310037248958	0.0
33.0	26.348575913819833	23.744199785326185	23.708975528849223	26.19824877200476	0.0
34.0	26.237356017384695	23.845157496803466	23.63935908494593	26.27812740086591	0.0
35.0	26.224874981625142	23.72561690986196	23.78802208865973	26.26148601985317	0.0
36.0	26.227371188777056	23.685677595431386	23.751688406781916	26.335262809009645	0.0
37.0	26.157754744873763	23.734214956718542	23.82657462133924	26.281455677068454	0.0
38.0	26.194920495802208	23.79911634266822	23.846821634904742	26.159141526624826	0.0
39.0	26.272302917511446	23.72533955351175	23.768329787794656	26.234027741182146	0.0
40.0	26.20906566966304	23.749192199630006	23.793291859313765	26.248450271393185	0.0
41.0	26.287484606765254	23.737477395520155	23.731098217158326	26.243939780556264	0.0
42.0	26.26973384958452	23.82401233677624	23.717507793691826	26.188746019947413	0.0
43.0	26.16267459533821	23.755782863862787	23.66952527818765	26.41201726261136	0.0
44.0	26.187081886461723	23.687553390949333	23.716121015787078	26.409243706801867	0.0
45.0	26.28055071724153	23.74995839666286	23.765212953615052	26.204277932480558	0.0
46.0	26.229794645927868	23.79128437822426	23.700589103253936	26.27833187259394	0.0
47.0	26.181812130423687	23.89335123201349	23.74080566249154	26.18403097507128	0.0
48.0	26.346561345507396	23.778248665919655	23.701143814415833	26.174046174157116	0.0
49.0	26.285820473279564	23.692545791406413	23.759388486415123	26.262245248898896	0.0
50.0	26.227575801280274	23.797108845424187	23.722777549729855	26.252537803565684	0.0
51.0	26.21786835594706	23.701421169996784	23.747184840853368	26.333525633202793	0.0
52.0	26.216481578042313	23.702530592320578	23.756614930605632	26.324372899031474	0.0
53.0	26.26307731564175	23.745243351786723	23.779358088243452	26.21232124432808	0.0
54.0	26.298578830003216	23.720281349501317	23.711960682072846	26.269179138422622	0.0
55.0	26.26668293819408	23.69171372466357	23.834274493271355	26.207328843870997	0.0
56.0	26.243312282103126	23.868877739225457	23.673897306607426	26.213912672063994	0.0
57.0	26.261617699674662	23.84946290240716	23.774299748439187	26.11461964947899	0.0
58.0	26.3462109172401	23.74684162208188	23.70634781957515	26.200599641102873	0.0
59.0	26.239706669551154	23.845579935043503	23.638673245522803	26.27604014988254	0.0
60.0	26.21613151055751	23.719383495724575	23.802312584419873	26.26217240929804	0.0
61.0	26.22861247708356	23.681108531711363	23.764592330030037	26.32568666117504	0.0
62.0	26.16232467708966	23.73852097773118	23.832544258894075	26.26661008628508	0.0
63.0	26.192001641940486	23.794269294880863	23.853345869770823	26.16038319340783	0.0
64.0	26.268551569966913	23.717996721666125	23.785948650530166	26.2275030578368	0.0
65.0	26.202818479596395	23.74989252501047	23.79981639111466	26.247472604278478	0.0
66.0	26.28456524753848	23.733462765219805	23.73124393288032	26.250728054361396	0.0
67.0	26.256829843294966	23.82720843156289	23.718485646928304	26.19747607821384	0.0
68.0	26.159201220357787	23.762030231590625	23.667452503120234	26.411316044931354	0.0
69.0	26.19858549438358	23.684648453751215	23.709055609485507	26.4077104423797	0.0
70.0	26.28650672583553	23.750936069893218	23.759811399251145	26.202745805020104	0.0
71.0	26.23297739564554	23.793648592428234	23.70600471501872	26.2673692969075	0.0
72.0	26.178338649285816	23.889335737068368	23.74566634308695	26.18665927055887	0.0
73.0	26.350575509638052	23.773124393288033	23.704063236721677	26.17223686035224	0.0
74.0	26.280959644986822	23.690195534599916	23.76868672860907	26.260158091804186	0.0
75.0	26.21994175565109	23.80196921370129	23.723200665649703	26.254888364997917	0.0
76.0	26.223824712245182	23.69518790736375	23.756205796699486	26.324781583691582	0.0
77.0	26.22604354458466	23.697961447788103	23.756205796699486	26.319789210927752	0.0
78.0	26.247677159894607	23.745943697129384	23.78588267924005	26.22049646373596	0.0
79.0	26.294549993066145	23.710997087782555	23.71820829288587	26.276244626265427	0.0
80.0	26.26820135903481	23.683816391623907	23.84052142559978	26.207460823741506	0.0
81.0	26.232627284350897	23.859315325709815	23.676816871954316	26.231240517984972	0.0
82.0	26.259807905122994	23.844338248957843	23.77610934375442	26.119744502164743	0.0
83.0	26.346342126356603	23.739221358420863	23.706771025458256	26.207665489764274	0.0
84.0	26.234846110536374	23.843506189138292	23.644089185718524	26.27755851460681	0.0
85.0	26.22569345252128	23.716201036746533	23.806340850531548	26.25176466020064	0.0
86.0	26.21875962069166	23.690684535613546	23.76362844646111	26.32692739723368	0.0
87.0	26.15801925386422	23.74615519025048	23.83268941148409	26.263136144401205	0.0
88.0	26.2018410710274	23.785539355042697	23.85654179297797	26.156077780951932	0.0
89.0	26.275894394967704	23.713150150741505	23.794137306511423	26.21681814777937	0.0
90.0	26.202118424300586	23.74698725007003	23.798574958882377	26.252319366747006	0.0
91.0	26.28552885575451	23.73166699948967	23.73860081208813	26.244203332667688	0.0
92.0	26.26417271295125	23.825689498324788	23.726397301914844	26.183740486809114	0.0
93.0	26.16543522154918	23.749972264749605	23.672313563646853	26.412278950054365	0.0
94.0	26.20703809713994	23.67453238367836	23.717522021788813	26.40090749739289	0.0
95.0	26.28164592069937	23.752191084781114	23.76273047993077	26.20343251458874	0.0
96.0	26.224788657392	23.791575140340367	23.71474849674943	26.268887705518207	0.0
97.0	26.187346069360313	23.881992056624288	23.754964609820497	26.175697264194902	0.0
98.0	26.345714349109144	23.779094277663138	23.70254498657614	26.17264638665158	0.0
99.0	26.280813863187557	23.691450886418604	23.76966429252923	26.25807095786461	0.0
100.0	26.21730013978566	23.80516541303335	23.730280236969982	26.247254210211008	0.0
101.0	26.220351017328987	23.690618828906786	23.76273047993077	26.326299673833454	0.0
102.0	26.223679247376246	23.700048814040695	23.759402249883514	26.31686968869955	0.0
103.0	26.25002773525039	23.741929042135393	23.790743082828552	26.21730013978566	0.0
104.0	26.304388826022322	23.708646741662783	23.71779937429275	26.269165058022143	0.0
105.0	26.27138387805365	23.679247376245314	23.843717411080785	26.20565133462025	0.0
106.0	26.232759122791933	23.855300052974183	23.68001375664604	26.231927067587847	0.0
107.0	26.267982793098376	23.849475666545555	23.776532160320397	26.106009380035665	0.0
108.0	26.353684479119575	23.737425565728202	23.70358865409524	26.205301301056988	0.0
109.0	26.235809991873595	23.841155114504666	23.653387990115185	26.269646903506562	0.0
110.0	26.230540308914364	23.710799799197343	23.81758021705547	26.24107967483283	0.0
111.0	26.220555646465293	23.69720956419722	23.760445759708006	26.321789029629482	0.0
112.0	26.165917354730095	23.734929400115934	23.841709817974056	26.257443427179915	0.0
113.0	26.20252778371002	23.78318860195311	23.853635942566005	26.160647671770864	0.0
114.0	26.276580696873967	23.70885833705447	23.79261856093279	26.22194240513877	0.0
115.0	26.203359838914114	23.74435935909561	23.809259665014576	26.243021136975702	0.0
116.0	26.274566361765505	23.739855888438345	23.73264476333642	26.252932986459726	0.0
117.0	26.26458172700899	23.821397072283208	23.733754167198256	26.18026703350954	0.0
118.0	26.170837100683947	23.74179734519656	23.676065166382845	26.411300387736645	0.0
119.0	26.193025177920642	23.684385695346606	23.71960926795986	26.40297985877289	0.0
120.0	26.282609539763808	23.750672576091237	23.769255090776973	26.197462793367983	0.0
121.0	26.222979082190186	23.78672820160087	23.71960926795986	26.270683448249084	0.0
122.0	26.19191577405881	23.888516005924217	23.746789662574816	26.17277855744216	0.0
123.0	26.35305668499032	23.781735884222613	23.704077613894174	26.161129816892892	0.0
124.0	26.287324506176606	23.693815628172203	23.772860653327935	26.245999212323255	0.0
125.0	26.231299611153947	23.796712836357383	23.730425955612752	26.24156159687592	0.0
126.0	26.216322659019177	23.68965536369032	23.766204230156927	26.327817747133576	0.0
127.0	26.222147029293808	23.69437033010312	23.759825157951376	26.323657482651697	0.0
128.0	26.253487688390642	23.74096529230018	23.790888466082748	26.21465855322642	0.0
129.0	26.30930820156815	23.70858098531977	23.717733592564755	26.264377220547324	0.0
130.0	26.270478958710648	23.683064625727702	23.83699483848422	26.209461577077438	0.0
131.0	26.236992167565287	23.853147396214695	23.69006412389891	26.219796312321108	0.0
132.0	26.26028977789612	23.851205928687126	23.772992522576494	26.115511770840268	0.0
133.0	26.348560952542083	23.746709896796848	23.70566161236552	26.19906753829555	0.0
134.0	26.24122523581962	23.84239677604555	23.655460669919094	26.260917318215732	0.0
135.0	26.230131104892234	23.710099264736474	23.816048215093012	26.24372141527828	0.0
136.0	26.2218105066967	23.684582763603483	23.766956685739327	26.32665004396049	0.0
137.0	26.16356631932792	23.72840458076666	23.847389134962878	26.260639964942545	0.0
138.0	26.203782543939692	23.7819337624913	23.860979445348924	26.15330424822008	0.0
139.0	26.280886753885024	23.70344278618004	23.797188192516455	26.21848226741848	0.0
140.0	26.2126578486816	23.746432543523664	23.801625844887408	26.239283762907327	0.0
141.0	26.278740812647346	23.729302454583276	23.732075995007627	26.259880737761755	0.0
142.0	26.263763694355845	23.824989599223407	23.731521286922757	26.17972541949799	0.0
143.0	26.171127444182503	23.744834280959644	23.68658993204826	26.3974483428096	0.0
144.0	26.198308140341148	23.685203161836082	23.725974206074056	26.390514491748718	0.0
145.0	26.294272639023713	23.745388989044518	23.76702260435446	26.193315767577314	0.0
146.0	26.22021910969352	23.790875052003884	23.717653584801	26.271252253501594	0.0
147.0	26.189710165025655	23.897101650256552	23.745388989044518	26.167799195673275	0.0
148.0	26.357509360698934	23.773679101372903	23.702676466509498	26.166135071418665	0.0
149.0	26.29288586881154	23.69102759672722	23.777007349882123	26.23907918457912	0.0
150.0	26.23630564415476	23.795590070725282	23.723200665649703	26.244903619470257	0.0
151.0	26.22604354458466	23.68132020524199	23.764526417972544	26.328109832200802	0.0
152.0	26.223547358202747	23.701012342254888	23.76230758563306	26.313132713909305	0.0
153.0	26.25599778116766	23.73484953543198	23.790320343919014	26.218832339481345	0.0
154.0	26.301002082934637	23.69996865890628	23.722989108276547	26.27604014988254	0.0
155.0	26.268274215155223	23.68526885388671	23.836149871446043	26.210307059512022	0.0
156.0	26.235619113127797	23.847587561156907	23.69448728047306	26.222306045242245	0.0
157.0	26.26141318215605	23.835661271176097	23.784627844281484	26.118297702386368	0.0
158.0	26.348298557469622	23.74863748692958	23.704537827245822	26.19852612835497	0.0
159.0	26.240684293587247	23.83101232294264	23.66737207631737	26.26093130715274	0.0
160.0	26.240129580886816	23.703705758195188	23.817421861782236	26.238742799135757	0.0
161.0	26.225984407025994	23.68872851528372	23.758899671887438	26.326387405802848	0.0
162.0	26.173564056835865	23.723952771760686	23.849872554757077	26.252610616646372	0.0
163.0	26.210175095063885	23.784693812457185	23.854310256360474	26.150820836118456	0.0
164.0	26.28117832071824	23.70536989629646	23.79135036486228	26.222101418123017	0.0
165.0	26.214335440317072	23.749192199630006	23.803276687921407	26.233195672131508	0.0
166.0	26.272930499853004	23.736499642209317	23.742878855957354	26.24769100198033	0.0
167.0	26.270434285777682	23.814159635663685	23.733448713895037	26.181957364663592	0.0
168.0	26.175023436676597	23.743988284435275	23.679364075596457	26.401624203291675	0.0
169.0	26.201095005907703	23.680196146954895	23.72734685726648	26.39136198987092	0.0
170.0	26.291513426858153	23.745097712913193	23.767563639591064	26.195825220637587	0.0
171.0	26.22577978954142	23.791971066105297	23.717084643845723	26.265164500507566	0.0
172.0	26.180570579066192	23.8884913436843	23.753695783617072	26.177242293632435	0.0
173.0	26.362794206564487	23.767286282471584	23.709596001619765	26.160323509344163	0.0
174.0	26.29872471196463	23.677145218640618	23.7808767813261	26.24325328806865	0.0
175.0	26.229108074975176	23.793912565941653	23.72623742878856	26.25074193029461	0.0
176.0	26.22217414698818	23.676590504401656	23.770337210785865	26.3308981378243	0.0
177.0	26.22799864649726	23.692677217331493	23.769505139427423	26.30981899674383	0.0
178.0	26.263500357790686	23.73095249981972	23.792803137463736	26.212744004925863	0.0
179.0	26.30961461121358	23.694961793950824	23.717705140828468	26.277718454007125	0.0
180.0	26.270784506788335	23.687195773065774	23.844180338099267	26.197839382046624	0.0
181.0	26.24284414662288	23.83897665749534	23.702793556403655	26.21538563947812	0.0
182.0	26.2689158604775	23.833429484334783	23.779899263335405	26.11775539185231	0.0
183.0	26.35802109595804	23.736974507895038	23.708683846309594	26.196320549837328	0.0
184.0	26.241807495915882	23.823233289787904	23.667634651067974	26.26732456322824	0.0
185.0	26.245967887325506	23.698144188071883	23.814080428686733	26.241807495915882	0.0
186.0	26.230435759396244	23.68372149785185	23.77136707688126	26.314475665870646	0.0
187.0	26.179401624771526	23.71783670741077	23.846808841109105	26.2559528267086	0.0
188.0	26.21351683433044	23.776914265427422	23.85402018621912	26.155548714023013	0.0
189.0	26.293673708822524	23.70452345489997	23.787731283092448	26.214071553185057	0.0
190.0	26.2223923360043	23.741412258731966	23.802708692167094	26.23348671309663	0.0
191.0	26.267952138724475	23.736208264224416	23.745361150711982	26.25047844633912	0.0
192.0	26.262127574596022	23.82524088733074	23.73343466225849	26.179196875814746	0.0
193.0	26.165051505788504	23.743142269139238	23.680736224905836	26.411070000166415	0.0
194.0	26.21096133577412	23.668108947689575	23.72469074166528	26.39623897487103	0.0
195.0	26.281965939978917	23.74022299883508	23.774061130526434	26.203749930659566	0.0
196.0	26.223997337327344	23.77822155655406	23.723858656459754	26.273922449658844	0.0
197.0	26.19071392910634	23.89499084706274	23.757142064680757	26.157153159150166	0.0
198.0	26.363787651855553	23.768791257558107	23.71636988961003	26.151051200976312	0.0
199.0	26.29638875020802	23.671437288511676	23.779331003494757	26.252842957785543	0.0
200.0	26.23425972152882	23.787651855550006	23.72469074166528	26.253397681255898	0.0
201.0	26.232040827647417	23.67864869362623	23.776002662672656	26.3133078160537	0.0
202.0	26.22177844344594	23.6922394186498	23.777389471348535	26.308592666555725	0.0
203.0	26.25700338381317	23.727741720752206	23.80151994230876	26.213734953125865	0.0
204.0	26.306446736691452	23.687312606957917	23.72725280760195	26.27898784874868	0.0
205.0	26.275104773686063	23.679546456832686	23.847073409534058	26.198275359947193	0.0
206.0	26.239675152133756	23.843533829998503	23.69015193960137	26.226639078266366	0.0
207.0	26.26513375955178	23.833747070326044	23.77272664235095	26.128392527771226	0.0
208.0	26.356606348396262	23.724107707498916	23.714677199249998	26.204608744854823	0.0
209.0	26.23844762739507	23.813420167973995	23.675290958916268	26.272841245714666	0.0
210.0	26.248710239313017	23.689991457069	23.819244893657153	26.242053409960835	0.0
211.0	26.225002080270716	23.67209386181455	23.775830028014312	26.327074029900427	0.0
212.0	26.18200981887776	23.714254014922474	23.85321609852162	26.25052006767814	0.0
213.0	26.211965717138657	23.77888109172607	23.855712423376694	26.15344076775858	0.0
214.0	26.29711813163953	23.70121765179042	23.790530607716416	26.211133608853633	0.0
215.0	26.223965339820097	23.73234885404503	23.800027182279372	26.243658623855502	0.0
216.0	26.270636399946746	23.73879421293214	23.73851684196512	26.252052545155998	0.0
217.0	26.253994141925176	23.833932454622108	23.725757777481917	26.186315625970796	0.0
218.0	26.17050548085031	23.752940132250476	23.679991567922603	26.39656281897661	0.0
219.0	26.212329242077526	23.67353165522502	23.724568337840648	26.389570764856806	0.0
220.0	26.295818597878096	23.74481658692185	23.767838568753902	26.191526246446156	0.0
221.0	26.23618334373483	23.779488246307466	23.721794605089798	26.2625338048679	0.0
222.0	26.191526246446156	23.895985021843146	23.750918798973718	26.161569932736985	0.0
223.0	26.359891824422714	23.76534220927814	23.725400457665906	26.14936550863324	0.0
224.0	26.305949967131088	23.676436732191846	23.769634669632726	26.247978631044344	0.0
225.0	26.23882526218854	23.793766278434386	23.72248095128466	26.24492750809241	0.0
226.0	26.236051514050423	23.679210480329964	23.776014290350407	26.308723715269206	0.0
227.0	26.231759037615003	23.692378529960806	23.769766532324052	26.306095900100136	0.0
228.0	26.26337994180644	23.733707606491716	23.799168425695036	26.20374402600681	0.0
229.0	26.31726395206923	23.68634195051592	23.73072229002552	26.265671807389328	0.0
230.0	26.286197714412513	23.681903916564963	23.845833795628536	26.186064573393985	0.0
231.0	26.243277053359186	23.847009450264757	23.693619476366017	26.21609402001004	0.0
232.0	26.27005106555308	23.844090569931513	23.77335881525698	26.112499549258427	0.0
233.0	26.37830221127495	23.725160603135507	23.708240410966503	26.188296774623037	0.0
234.0	26.227830264566705	23.82931037352225	23.686181396561576	26.256677965349475	0.0
235.0	26.238925534098538	23.6981088113083	23.82847822830736	26.234487426285803	0.0
236.0	26.215902849819976	23.67453136355315	23.78354238670343	26.326023399923443	0.0
237.0	26.164864609973538	23.716416006035825	23.85732592909013	26.261393454900507	0.0
238.0	26.202588526381774	23.782987623226838	23.865092617762418	26.14933123262897	0.0
239.0	26.291905446113052	23.709204080840134	23.777162606722623	26.22172786632419	0.0
240.0	26.220249653259366	23.737864077669904	23.801664355062414	26.240221914008323	0.0
241.0	26.267476697736353	23.72503328894807	23.75	26.257490013315582	0.0
242.0	26.253953281917553	23.819563890584252	23.728569050657494	26.197913776840704	0.0
243.0	26.172733325934967	23.750138719343024	23.678004660969926	26.39912329375208	0.0
244.0	26.208080970626508	23.66332156026047	23.730741592610986	26.397855876502035	0.0
245.0	26.289021639304234	23.735811258875334	23.773268703056804	26.20189839876363	0.0
246.0	26.224691104531946	23.777667405666527	23.73160708884924	26.266034400952282	0.0
247.0	26.189082170912613	23.884311968100604	23.760554743148262	26.166051117838524	0.0
248.0	26.357223726856994	23.761266261155264	23.729076943568796	26.15243306841895	0.0
249.0	26.294510056386805	23.681902943657597	23.78152333170537	26.242063668250232	0.0
