# Position (bp)	A	C	G	T	N
0.0	26.22212952811497	23.769556186251272	23.645828342413285	26.362485943220477	0.0
1.0	26.25454115007708	23.8467803985784	23.65710195005228	26.241576501292236	0.0
2.0	26.32252319276769	23.72115698939276	23.734401947854316	26.221917869985234	0.0
3.0	26.231670066838742	23.82355924752877	23.699575072418032	26.245195613214463	0.0
4.0	26.29146872693051	23.704586566583828	23.792215403515296	26.211729302970365	0.0
5.0	26.2943470224947	23.844272641211738	23.745379344543117	26.116000991750436	0.0
6.0	26.305365705238366	23.81436677015309	23.63885304740279	26.241414477205755	0.0
7.0	26.281643162597824	23.735822905339546	23.741457120803215	26.24107681125942	0.0
8.0	26.2219392713577	23.768905515382166	23.759327753817725	26.249827459442404	0.0
9.0	26.17570091351855	23.784440043830863	23.840777913301654	26.199081129348933	0.0
10.0	26.243591910314912	23.728804011041632	23.88118979212439	26.14641428651907	0.0
11.0	26.192045518562335	23.694439749873247	23.85302236493719	26.26049236662723	0.0
12.0	26.115148442341273	23.832178468818658	23.744577770266464	26.3080953185736	0.0
13.0	26.29401160498	23.71162188045744	23.74147935327587	26.252887161286687	0.0
14.0	26.153456143315868	23.78429384260042	23.73697256492592	26.32527744915779	0.0
15.0	26.066063697640423	23.872108973835353	23.702541539796236	26.359285788727995	0.0
16.0	26.3032327665124	23.801127257260838	23.733807295906438	26.16183268032032	0.0
17.0	26.391959912230543	23.86225040208889	23.57832353579084	26.167466149889723	0.0
18.0	26.098737821142976	23.70732998893023	23.826477870323163	26.367454319603628	0.0
19.0	26.1809864768563	23.70423158066706	23.78563521594497	26.329146726531672	0.0
20.0	26.3601308091634	23.729863867207857	23.661698885418044	26.2483064382107	0.0
21.0	26.30182439912005	23.77098819506452	23.78394517507415	26.143242230741283	0.0
22.0	26.326893338703904	23.582548637967896	23.775776644198512	26.314781379129688	0.0
23.0	26.144650598133634	23.677472600212383	23.77408660332769	26.403790198326295	0.0
24.0	26.302669419555464	23.70282321327471	23.689021212829665	26.305486154340162	0.0
25.0	26.207745457310978	23.77295990941381	23.643953456274417	26.3753411770008	0.0
26.0	26.247461417775288	23.847321707729964	23.66902239585827	26.236194478636477	0.0
27.0	26.31140129738804	23.730990561121736	23.74479256156678	26.212815579923443	0.0
28.0	26.222955825148368	23.843378279031384	23.70704831545176	26.226617580368483	0.0
29.0	26.267741908225144	23.714935172848932	23.80169060421778	26.21563231470814	0.0
30.0	26.271967010402204	23.852673503820903	23.752116072007006	26.12324341376989	0.0
31.0	26.302951093033933	23.80478901248095	23.65015027280076	26.24210962168435	0.0
32.0	26.27112198996679	23.727610479380093	23.75493280679171	26.246334723861402	0.0
33.0	26.224571998355035	23.76979454794351	23.767541166462923	26.238092287238533	0.0
34.0	26.17809600531798	23.77908974655092	23.845282827543084	26.19753142058802	0.0
35.0	26.232458833537077	23.728106990552696	23.878801877066774	26.16063229884345	0.0
36.0	26.18344778633437	23.67937761603506	23.868943333089216	26.268231264541352	0.0
37.0	26.107959506734797	23.834297592825234	23.7458523697123	26.311890530727673	0.0
38.0	26.297243551103875	23.70331979426627	23.743880660916787	26.255555993713063	0.0
39.0	26.154153827086773	23.787258254418038	23.74979578730332	26.308792131191872	0.0
40.0	26.069578590682855	23.877889601518774	23.701562997326935	26.350968810471436	0.0
41.0	26.308718026719397	23.801556518873426	23.737898671353687	26.151826783053494	0.0
42.0	26.38702281260651	23.865777710176523	23.58410581849627	26.163093658720705	0.0
43.0	26.102252530117763	23.714801576235907	23.831977083174895	26.350968810471436	0.0
44.0	26.176050565737995	23.703253028677015	23.801838190765107	26.318858214819883	0.0
45.0	26.36843246775561	23.724378420553034	23.657903854116494	26.24928525757486	0.0
46.0	26.305619635910915	23.782402830239167	23.783247845914207	26.12872968793571	0.0
47.0	26.321393261845007	23.59847108497196	23.778741095647323	26.30139455753571	0.0
48.0	26.155770189537016	23.674240823833948	23.774234345380442	26.395754641248597	0.0
49.0	26.295197775918744	23.698464606518453	23.703816372460377	26.30252124510243	0.0
50.0	26.211822895981385	23.768319235655156	23.649172025474403	26.370685842889053	0.0
51.0	26.25745374243359	23.843525630733783	23.67593085518403	26.2230897716486	0.0
52.0	26.318858214819883	23.72071668596119	23.75226393782938	26.208161161389544	0.0
53.0	26.231539928399005	23.841553927492022	23.706633091377178	26.220273052731795	0.0
54.0	26.287874306735056	23.698464606518453	23.804654909681908	26.209006177064587	0.0
55.0	26.272945696476	23.851975787484193	23.7533906253961	26.121687890643702	0.0
56.0	26.305056292127553	23.809161659948792	23.65227041628289	26.233511631640766	0.0
57.0	26.269565633775837	23.738180343245364	23.758742391338025	26.233511631640766	0.0
58.0	26.23146604173239	23.761773851908604	23.769378971562485	26.23738113479652	0.0
59.0	26.175976835368875	23.78149082878904	23.84683852359277	26.195693812249317	0.0
60.0	26.239634503582852	23.724029924737483	23.87697733111001	26.159358240569652	0.0
61.0	26.181328586236425	23.69445445941683	23.865147144981748	26.259069809365	0.0
62.0	26.100488981026636	23.833036639776466	23.75247870566497	26.31399567353193	0.0
63.0	26.300193789715625	23.701496236874124	23.747408625895712	26.25090134751453	0.0
64.0	26.158794898373067	23.78825093514805	23.751352021271803	26.301602145207088	0.0
65.0	26.071121751989295	23.877473417364975	23.70227448771213	26.349130342933595	0.0
66.0	26.310259840856276	23.803675797479052	23.72959650728822	26.15646785437645	0.0
67.0	26.401521019646502	23.861136539680306	23.57777621294275	26.15956622773044	0.0
68.0	26.11365396803042	23.708189564115205	23.830997817055135	26.34715865079924	0.0
69.0	26.174213083585663	23.705091190761213	23.789310611928737	26.331385113724387	0.0
70.0	26.36236884726428	23.72086472783607	23.664530666854446	26.252235758045206	0.0
71.0	26.291387930427433	23.77719878881769	23.797197380466166	26.13421590028871	0.0
72.0	26.324343356101682	23.589606365748892	23.783677205830575	26.30237307231885	0.0
73.0	26.15731286529118	23.677487500880222	23.781987184001128	26.383212449827475	0.0
74.0	26.291387930427433	23.710442926554467	23.698894444053238	26.299274698964865	0.0
75.0	26.227448771213297	23.771847053024434	23.64171537215689	26.35898880360538	0.0
76.0	26.251109076825575	23.845926343215265	23.67551580874586	26.227448771213297	0.0
77.0	26.31617491725935	23.72649813393423	23.757481867474123	26.199845081332302	0.0
78.0	26.230265474262378	23.84085627772692	23.718329695091896	26.210548552918812	0.0
79.0	26.28519118371946	23.70424617984649	23.812407576931204	26.198155059502852	0.0
80.0	26.27871276670657	23.856911485106682	23.750158439546514	26.114217308640235	0.0
81.0	26.300401380184496	23.80705584113795	23.661995634110276	26.230547144567286	0.0
82.0	26.282092810365466	23.72790648545877	23.758890218998662	26.2311104851771	0.0
83.0	26.23497997329773	23.76671004377144	23.772906773025074	26.22540320990575	0.0
84.0	26.177519392945868	23.77403345107119	23.855435939902993	26.19301121607995	0.0
85.0	26.23892334645913	23.72643130362283	23.88726459470574	26.147380755212296	0.0
86.0	26.191602868522306	23.68953259761257	23.863886025248853	26.254978508616272	0.0
87.0	26.105411997994516	23.82952234484235	23.754316585264178	26.310749071898957	0.0
88.0	26.303707334110744	23.70248939514289	23.748119856010547	26.245683414735822	0.0
89.0	26.162309239323317	23.786145240066926	23.753189907218065	26.298355613391696	0.0
90.0	26.067031521546248	23.881563937390677	23.701295957772224	26.350108583290847	0.0
91.0	26.299971551459468	23.80523171477099	23.735941210105146	26.1588555236644	0.0
92.0	26.38897886639608	23.86635382661037	23.589191807947003	26.15547549904655	0.0
93.0	26.106746810805937	23.711436031625762	23.84128531069468	26.340531846873617	0.0
94.0	26.17378396572655	23.697352595718073	23.791148278863297	26.33771515969208	0.0
95.0	26.369543724843464	23.72805448599684	23.66862238646638	26.233779402693315	0.0
96.0	26.29799987043239	23.773403149619607	23.7984716655353	26.130125314412705	0.0
97.0	26.323350055066236	23.58693845820177	23.79283829117222	26.296873195559773	0.0
98.0	26.168432260081627	23.662989012103306	23.784669898345758	26.38390882946931	0.0
99.0	26.302224901204696	23.706929332135303	23.70383097623561	26.28701479042439	0.0
100.0	26.219414298067473	23.77368481833776	23.637357158751307	26.369543724843464	0.0
101.0	26.2546228878367	23.84945370352114	23.670875736211613	26.225047672430545	0.0
102.0	26.325603404811464	23.710872694189455	23.749742977294687	26.213780923704395	0.0
103.0	26.232089390384395	23.837060279922373	23.715942731116225	26.214907598577007	0.0
104.0	26.284761440679162	23.702985970081148	23.81114675785222	26.201105831387473	0.0
105.0	26.275466372980084	23.849735372239294	23.76636143166576	26.10843682311486	0.0
106.0	26.301379895050236	23.811428426570373	23.660172324921767	26.227019353457624	0.0
107.0	26.287296459142546	23.72749114856053	23.761291394738993	26.223920997557933	0.0
108.0	26.24497222754262	23.7564361120813	23.766012821523937	26.232578838852145	0.0
109.0	26.19145532183377	23.76629448944872	23.85332987820679	26.18892031051072	0.0
110.0	26.24328221999392	23.72066428563381	23.882623342384264	26.15343015198801	0.0
111.0	26.18554029541332	23.679822436540217	23.87586331218946	26.258773955857002	0.0
112.0	26.109771623646587	23.817276383834514	23.758126119630003	26.314825872888896	0.0
113.0	26.30243248419843	23.701229198823757	23.736719357346463	26.259618959631354	0.0
114.0	26.163851865204997	23.774181191342656	23.759252791329136	26.30271415212321	0.0
115.0	26.071954685391894	23.875514394598753	23.699190770331438	26.353340149677912	0.0
116.0	26.291936715028914	23.805942613138644	23.741159172912635	26.160961498919804	0.0
117.0	26.394745217996274	23.861149370896463	23.600888941466753	26.143216469640507	0.0
118.0	26.109416413870417	23.699472437462855	23.848756017114095	26.342355131552637	0.0
119.0	26.18687487501021	23.69299409344025	23.79129592230494	26.328835109244597	0.0
120.0	26.36798684051162	23.7276391506046	23.66595404882418	26.238419960059602	0.0
121.0	26.29588005486876	23.772987558762807	23.79129592230494	26.1398364640635	0.0
122.0	26.329680110638847	23.58455224784454	23.791859256567776	26.293908384948832	0.0
123.0	26.161524833182643	23.659757371932997	23.798055933458954	26.380661861425402	0.0
124.0	26.300386728971436	23.705950781485456	23.699190770331438	26.29447171921167	0.0
125.0	26.217858259466126	23.772987558762807	23.640040672733775	26.36911350903729	0.0
126.0	26.251094980973384	23.839742668908737	23.678910736869383	26.230251613248495	0.0
127.0	26.326863439324676	23.705950781485456	23.75242585816933	26.214759921020537	0.0
128.0	26.235603288745423	23.836644330463145	23.707640784273963	26.22011159651747	0.0
129.0	26.287430040926235	23.707640784273963	23.816082629869673	26.188846544930133	0.0
130.0	26.28236003256072	23.841151004565823	23.76397421055745	26.112514752316006	0.0
131.0	26.30799174151971	23.800872604773133	23.65722236775024	26.233913285956923	0.0
132.0	26.277008357063792	23.725949147816095	23.766509214740204	26.230533280379912	0.0
133.0	26.250605586038283	23.767421161147855	23.757844451705218	26.22412880110864	0.0
134.0	26.18638529918767	23.772491183793953	23.851358202733305	26.18976531428507	0.0
135.0	26.246098899241748	23.715875930912492	23.896706738623433	26.141318431222327	0.0
136.0	26.18638529918767	23.67700575729238	23.878398323512513	26.25821062000744	0.0
137.0	26.108926619872236	23.816431380060163	23.7648861498248	26.3097558502428	0.0
138.0	26.307784174769317	23.692215825230686	23.74404272339083	26.25595727660917	0.0
139.0	26.160190182182813	23.767421161147855	23.767421161147855	26.30496749552148	0.0
140.0	26.08006174195693	23.86895607645637	23.703616073189007	26.347366108397697	0.0
141.0	26.294278696651496	23.805151201045565	23.735860110865744	26.164709991437196	0.0
142.0	26.39089188336563	23.856133669836403	23.604601379061695	26.148373067736262	0.0
143.0	26.110910811663434	23.70487629005363	23.845993510297895	26.338219387985042	0.0
144.0	26.186116994907387	23.700087881382668	23.79163098832755	26.322164135382398	0.0
145.0	26.37399161746811	23.719241516066518	23.67163910045518	26.235127766010187	0.0
146.0	26.290691025651856	23.773107657813718	23.802401534548466	26.133799781985957	0.0
147.0	26.326463355895253	23.57593733363754	23.80578159724863	26.291817713218578	0.0
148.0	26.159995267912215	23.656777166549773	23.802683206440143	26.38054435909786	0.0
149.0	26.315196480228042	23.69818293462677	23.693394512468206	26.293226072676983	0.0
150.0	26.216611318139954	23.773107657813718	23.63086335251519	26.37941767153114	0.0
151.0	26.261397148917116	23.844652318300504	23.671424104917147	26.22252642786524	0.0
152.0	26.339138591020863	23.704661388135417	23.75282728161274	26.20337273923098	0.0
153.0	26.215202958681548	23.848877396675707	23.71818163893607	26.21773800570667	0.0
154.0	26.290127681868498	23.703816372460377	23.818456832374242	26.187599113296884	0.0
155.0	26.2887193224101	23.836765505333457	23.7733893297054	26.10112584255105	0.0
156.0	26.31209808941956	23.79507806536478	23.6649456514085	26.227878193807165	0.0
157.0	26.285339259709932	23.72212504541959	23.777051064297243	26.215484630573233	0.0
158.0	26.25189424880712	23.765851130352488	23.761062694706244	26.221191926134157	0.0
159.0	26.175842623837397	23.770639565998728	23.86190151596239	26.191616294201488	0.0
160.0	26.24626079510566	23.711206629448316	23.903307400668126	26.139225174777902	0.0
161.0	26.17556095115232	23.683039360941013	23.876266822901115	26.265132865005548	0.0
162.0	26.107396161364647	23.810918759964174	23.77373796553453	26.30794711313665	0.0
163.0	26.30710209508143	23.686982778532034	23.745570697027226	26.260344429359307	0.0
164.0	26.162040662268815	23.76951287525843	23.76810451183307	26.300341950639677	0.0
165.0	26.076559067094813	23.873866261055714	23.712185229001186	26.33738944284829	0.0
166.0	26.30091995335448	23.800483355773512	23.74133142544885	26.157265265423163	0.0
167.0	26.385986062678512	23.853438417207016	23.607817068430332	26.15275845168414	0.0
168.0	26.1107887487395	23.701051777656343	23.848368251750614	26.33979122185354	0.0
169.0	26.193601451194027	23.696263288058635	23.78358280425218	26.32655245649516	0.0
170.0	26.3735923248962	23.71907903261243	23.674574246939592	26.232754395551776	0.0
171.0	26.296487210471607	23.773227760924126	23.803367162699253	26.126917865905014	0.0
172.0	26.31254277964154	23.588729553796014	23.812662492218685	26.286065174343765	0.0
173.0	26.163817507330634	23.64985338730258	23.80195877943873	26.384370325928053	0.0
174.0	26.316767929423097	23.694921651639216	23.700273508029195	26.28803691090849	0.0
175.0	26.210857508232	23.775481174140957	23.636051231349484	26.37761008627756	0.0
176.0	26.2674745153049	23.83660500764752	23.68168284899033	26.214237628057248	0.0
177.0	26.345498947937706	23.701963567941817	23.75801722171051	26.19452026240997	0.0
178.0	26.22268792762037	23.846745367123265	23.719990873676473	26.210575831579895	0.0
179.0	26.309444336468395	23.700836861333404	23.812099138914476	26.17761966328373	0.0
180.0	26.28409343777904	23.835478301039107	23.78421315035618	26.09621511082568	0.0
181.0	26.30550086333894	23.80026871952611	23.665908956472506	26.228321460662446	0.0
182.0	26.269446251869628	23.722244286893304	23.776889557401475	26.23141990383559	0.0
183.0	26.256844761926224	23.752168916330533	23.763717691596998	26.227268630146245	0.0
184.0	26.18022849674381	23.76456272393357	23.85582621628321	26.199382563039414	0.0
185.0	26.253746310025463	23.70963562205647	23.901457962458032	26.135160105460038	0.0
186.0	26.182200238862475	23.6741442639205	23.87864208937062	26.265013407846403	0.0
187.0	26.11600603916443	23.808222727989726	23.76597111116119	26.309800121684656	0.0
188.0	26.308955089348085	23.688791491087727	23.747098722311108	26.25515469725308	0.0
189.0	26.16389120490344	23.76456272393357	23.76709782094328	26.304448250219707	0.0
190.0	26.088830299650155	23.858495721295498	23.71286766155701	26.339806317497338	0.0
191.0	26.308688157020043	23.80173064572465	23.72990208781675	26.159679109438557	0.0
192.0	26.386432007932125	23.847926267281107	23.62145504940678	26.144186675379988	0.0
193.0	26.112075084785868	23.690748481741462	23.849616350996587	26.347560082476086	0.0
194.0	26.188410532601715	23.699762261557357	23.785393169808344	26.326434036032587	0.0
195.0	26.383333521120413	23.711592847565715	23.673565963967416	26.231507667346456	0.0
196.0	26.298058370022336	23.777573089284555	23.807149637616863	26.117218903076246	0.0
197.0	26.323128015751625	23.581804507465968	23.808558044680307	26.286509432102108	0.0
198.0	26.173555185613967	23.649689727923924	23.802079372188466	26.374675714273643	0.0
199.0	26.323691378577003	23.693632028303348	23.702645833509383	26.280030759610266	0.0
200.0	26.21270890197768	23.769686009729277	23.636450701527558	26.38115438676548	0.0
201.0	26.274115449943803	23.832219283346152	23.680111320494294	26.21355394621575	0.0
202.0	26.355521378210817	23.69532211677948	23.749968310841073	26.19918819416863	0.0
203.0	26.22200438859641	23.842923177028315	23.720673443921456	26.21439899045382	0.0
204.0	26.318621113148605	23.693913709716035	23.804332823489975	26.183132353645377	0.0
205.0	26.287636157752857	23.82574061085431	23.784896806014462	26.10172642537837	0.0
206.0	26.302001909799976	23.806586274791485	23.671660878113638	26.2197509372949	0.0
207.0	26.27355208711843	23.729687249127494	23.772221142443474	26.224539521310607	0.0
208.0	26.259260302526688	23.752570350130984	23.763837638376383	26.22433170896594	0.0
209.0	26.179544238190473	23.765527731613194	23.85594771978254	26.198980310413788	0.0
210.0	26.260668713557365	23.706937832737108	23.898763415115067	26.13363003859046	0.0
211.0	26.184332835694768	23.66862905270274	23.880735753922426	26.266302357680065	0.0
212.0	26.11391228416101	23.806653333708912	23.768907918086814	26.310526464043267	0.0
213.0	26.31306160389848	23.69369876904876	23.735387735556746	26.257851891496014	0.0
214.0	26.168558632151207	23.758767358665953	23.76862623588068	26.30404777330216	0.0
215.0	26.098285109067966	23.86284252749234	23.7008743464936	26.337998016946095	0.0
216.0	26.31448482560858	23.794809101818	23.73086652056585	26.159839552007575	0.0
217.0	26.408286057137065	23.838752021092603	23.61734731243979	26.13561460933055	0.0
218.0	26.124065508751965	23.69171225275066	23.844667414071875	26.339554824425505	0.0
219.0	26.18857146076404	23.693965735790382	23.791428877258415	26.326033926187165	0.0
220.0	26.393356731998896	23.71114854396827	23.68298000597173	26.212514718061104	0.0
221.0	26.30695342319122	23.77093280376333	23.80839706483007	26.113716708215378	0.0
222.0	26.33371360966747	23.57149899297193	23.814594160645626	26.28019323671498	0.0
223.0	26.18329319305362	23.63544175434149	23.80670694778947	26.374558104815428	0.0
224.0	26.336248785228378	23.685300207039337	23.702483063618825	26.275967944113464	0.0
225.0	26.224982746721874	23.766707511161815	23.640512105463305	26.367797636653005	0.0
226.0	26.273714454725987	23.83459387895945	23.672906015408234	26.218785650906323	0.0
227.0	26.36272728553119	23.700511260404785	23.7500880269292	26.186673427134828	0.0
228.0	26.247235954423175	23.836002309826622	23.70896184560781	26.20779989014239	0.0
229.0	26.323854593597275	23.69713102632357	23.79656624554584	26.182448134533313	0.0
230.0	26.286953704877398	23.812340671258152	23.78867903268968	26.112026591174768	0.0
231.0	26.302446444416276	23.805861889269163	23.665863861072378	26.22582780524218	0.0
232.0	26.2779397473275	23.72107435106548	23.770087745243025	26.230898156363995	0.0
233.0	26.266746290182645	23.740577570956948	23.76874626764769	26.22392987121272	0.0
234.0	26.1853387567464	23.76423927617717	23.86254802762786	26.18787393944857	0.0
235.0	26.27519689918987	23.70649344796115	23.889308289484063	26.129001363364917	0.0
236.0	26.183930321911863	23.659451724487614	23.892125159153135	26.264492794447385	0.0
237.0	26.117733884688622	23.79888677310678	23.76846458068078	26.314914761523816	0.0
238.0	26.30167547407917	23.692690786582688	23.750154927831797	26.25547881150635	0.0
239.0	26.1625221124269	23.763957589210264	23.773534946085114	26.299985352277723	0.0
240.0	26.103062348410795	23.858767454766202	23.708340258430542	26.329829938392457	0.0
241.0	26.31656046290193	23.793868915820134	23.72485055411885	26.16472006715909	0.0
242.0	26.399269762475598	23.828788600180868	23.629043845241483	26.142897792102055	0.0
243.0	26.128359722770046	23.671042993181945	23.85473601172029	26.34586127232772	0.0
244.0	26.197795014693327	23.673303787018593	23.782341521963918	26.346559676324162	0.0
245.0	26.380580718783904	23.70352629576929	23.675631507023006	26.240261478423804	0.0
246.0	26.32922592261762	23.751503999864745	23.7937709749864	26.12549910253123	0.0
247.0	26.34199817384541	23.558521491134133	23.8053905378138	26.29408979720666	0.0
248.0	26.185832577068545	23.62082668665836	23.810785369235713	26.382555367037376	0.0
249.0	26.312659590658765	23.684522031261448	23.70425067781993	26.298567700259856	0.0
