# Position (bp)	A	C	G	T	N
0.0	26.369226765161102	23.772949655426377	23.75965955184663	26.09816402756589	0.0
1.0	26.212237416625367	23.696254682684934	23.80479052858618	26.286717372103517	0.0
2.0	26.27456517766666	23.72764977213704	23.663416227829735	26.33436882236656	0.0
3.0	26.21311915658214	23.724172681389934	23.70091667428024	26.36179148774768	0.0
4.0	26.088268515237424	23.87491141034727	23.789367026931256	26.247453047484054	0.0
5.0	26.244293785936346	23.69438777063857	23.800414695387136	26.26090374803795	0.0
6.0	26.330912946348246	23.586454322231663	23.882381926546838	26.200250804873253	0.0
7.0	26.324968028035677	23.672263836524994	23.78437332181789	26.218394813621444	0.0
8.0	26.232444072919726	23.898204686747455	23.649639885516258	26.219711354816567	0.0
9.0	26.286726545525003	23.80226137260058	23.772644864857384	26.138367217017038	0.0
10.0	26.28417856579417	23.882303121220257	23.661434648672437	26.172083664313135	0.0
11.0	26.23020694656256	23.814769402797115	23.661434648672437	26.293589001967888	0.0
12.0	26.216091292301986	23.743084021356154	23.709593939679106	26.331230746662754	0.0
13.0	26.22218039806145	23.74197691121807	23.728138034492016	26.307704656228463	0.0
14.0	26.25781202428993	23.754089376754074	23.70039468367183	26.287703915284165	0.0
15.0	26.110843560234926	23.80224853446701	23.85262190632767	26.234285998970392	0.0
16.0	26.307355065845194	23.711742531178903	23.761562349502633	26.21934005347327	0.0
17.0	26.256909020960244	23.737970622995103	23.811593039637092	26.193527316407554	0.0
18.0	26.248605740887843	23.671267606413455	23.833181567825342	26.246945084873364	0.0
19.0	26.12377976379936	23.833181567825342	23.783085111388502	26.259953556986794	0.0
20.0	26.265765853037475	23.772290847294375	23.653000390254164	26.308942909413986	0.0
21.0	26.179965292289296	23.801629103550205	23.683168974517233	26.335236629643266	0.0
22.0	26.333575973628783	23.700882638671697	23.774781831316098	26.190759556383426	0.0
23.0	26.2231423486658	23.80993238362261	23.780317351364367	26.18660791634722	0.0
24.0	26.143430859970717	23.86777856812703	23.722471166859947	26.266319405042303	0.0
25.0	26.376476254002874	23.767308879250933	23.761773359202664	26.094441507543532	0.0
26.0	26.215392620598223	23.69313291060412	23.805503967583995	26.28597050121366	0.0
27.0	26.27905110115333	23.720533734843055	23.66545531036277	26.33495985364085	0.0
28.0	26.20653578852099	23.71444466278996	23.70752526272962	26.37149428595943	0.0
29.0	26.085861451468713	23.873590864177714	23.788343855434356	26.252203828919217	0.0
30.0	26.25331093292887	23.683445750519645	23.79886134352607	26.264381973025415	0.0
31.0	26.324995917553967	23.588788357694234	23.88687611229356	26.19933961245824	0.0
32.0	26.311433893435705	23.677910230471376	23.78529931940781	26.22535655668511	0.0
33.0	26.22148169265132	23.897670376387687	23.656321702283126	26.22452622867787	0.0
34.0	26.286247277216074	23.80827172760813	23.77810314334506	26.127377851830737	0.0
35.0	26.286247277216074	23.874421192184954	23.66075011832174	26.17858141227723	0.0
36.0	26.229508196721312	23.810762711629852	23.66545531036277	26.294273781286066	0.0
37.0	26.198786060453415	23.745997127065095	23.714998214794786	26.340218597686704	0.0
38.0	26.21677650061029	23.745997127065095	23.736309966980624	26.300916405343994	0.0
39.0	26.26015765117463	23.748975931625445	23.704968669043243	26.28589774815668	0.0
40.0	26.112913225427896	23.802393552244094	23.845016938644463	26.239676283683544	0.0
41.0	26.302227487102275	23.711057724243297	23.77388570289839	26.21282908575604	0.0
42.0	26.263683037876582	23.7331340557147	23.806479290350257	26.196703616058453	0.0
43.0	26.24901399094948	23.665324310485598	23.841076099140615	26.24458559942431	0.0
44.0	26.135259683646776	23.827514150094796	23.780739264610233	26.25648690164819	0.0
45.0	26.275307565630147	23.761365051687633	23.644566225211385	26.31876115747083	0.0
46.0	26.193382322414582	23.80481864352832	23.675288191417224	26.326510842639877	0.0
47.0	26.33951924274505	23.69909079586499	23.766070217683122	26.19531974370684	0.0
48.0	26.229639778026876	23.803434771176708	23.77686442202571	26.190061028770707	0.0
49.0	26.130000968710647	23.87345871216839	23.71846500878759	26.278075310333378	0.0
50.0	26.374392826005728	23.763579247450213	23.76330247297989	26.098725453564164	0.0
51.0	26.220229446035898	23.689680463874012	23.814228975519296	26.27586111457079	0.0
52.0	26.28527144656177	23.734241153595992	23.651208812499135	26.3292785873431	0.0
53.0	26.212756535337178	23.70960822573726	23.707394029974672	26.370241208950883	0.0
54.0	26.094020287568675	23.87761032922323	23.791533468952824	26.23683591425527	0.0
55.0	26.252888833533994	23.692724983047565	23.7973457328296	26.257040450588836	0.0
56.0	26.324850195817938	23.5975145652565	23.889234856976792	26.188400381948767	0.0
57.0	26.32014502982245	23.678332710590773	23.771605707089577	26.229916552497194	0.0
58.0	26.215247505570087	23.901966482611645	23.65536042955398	26.227425582264292	0.0
59.0	26.297172748785652	23.813952201048973	23.762472149568925	26.126402900596453	0.0
60.0	26.283057250799185	23.8784406526342	23.65757462531656	26.180927471250055	0.0
61.0	26.230193326967523	23.810630907405102	23.66421721260431	26.29495855302307	0.0
62.0	26.202515879935234	23.73728567276954	23.724000498194048	26.336197949101177	0.0
63.0	26.213033309807503	23.73949986853213	23.750847621815364	26.296619199845004	0.0
64.0	26.263887120612445	23.75493349127886	23.709542603776303	26.27163678433239	0.0
65.0	26.110554488439163	23.802815342119978	23.851527514073943	26.23510265536692	0.0
66.0	26.30678704477645	23.704283903394906	23.77901280355156	26.209916248277082	0.0
67.0	26.25440414937989	23.741582643015498	23.811882969330792	26.192130238273826	0.0
68.0	26.238904864837938	23.66962167907071	23.854506001821164	26.236967454270193	0.0
69.0	26.138989834129976	23.81631133634278	23.79416950128284	26.250529328244404	0.0
70.0	26.2690731151071	23.766215434519676	23.653292075714006	26.311419374659224	0.0
71.0	26.19351410296507	23.7911249989621	23.67820164015643	26.337159257916397	0.0
72.0	26.34020376023714	23.693424151760137	23.762894159260682	26.203477928742043	0.0
73.0	26.230601676690462	23.80496364587456	23.776732806173143	26.187701871261837	0.0
74.0	26.138713061191726	23.86308596290689	23.72386917496755	26.27433180093383	0.0
75.0	26.385317749171755	23.757912246372197	23.76012642987819	26.096643574577854	0.0
76.0	26.221744942666486	23.6887190118099	23.809115239948298	26.280420805575318	0.0
77.0	26.271010525674843	23.734663319559264	23.662702355614478	26.331623799151416	0.0
78.0	26.217316575654497	23.714182122128825	23.710860846869835	26.357640455346836	0.0
79.0	26.095813255763105	23.864469827598136	23.795276593035837	26.24444032360292	0.0
80.0	26.251359647059147	23.67488036489744	23.809392012886548	26.264367975156862	0.0
81.0	26.331900572089662	23.589634299916693	23.885227797966827	26.193237330026818	0.0
82.0	26.324150929818686	23.666023630873468	23.779500535555638	26.230324903752212	0.0
83.0	26.224512672048977	23.89048648379356	23.657443669787742	26.22755717436972	0.0
84.0	26.29536654424077	23.809668785824798	23.76483156982843	26.130133100106008	0.0
85.0	26.280144032637065	23.883290387399082	23.654399167467	26.182166412496848	0.0
86.0	26.235860362517194	23.809115239948298	23.658827534478988	26.296196863055517	0.0
87.0	26.20596888518628	23.734663319559264	23.726913677288287	26.332454117966165	0.0
88.0	26.198772788791803	23.742966507706743	23.751546468792466	26.306714234708988	0.0
89.0	26.262357877489567	23.752587819810245	23.719651931316218	26.26540237138397	0.0
90.0	26.115391854041427	23.80157649429296	23.851949029636764	26.23108262202885	0.0
91.0	26.300829209427967	23.699447562744254	23.788844974370896	26.210878253456883	0.0
92.0	26.261454876573794	23.73397839522403	23.809813760520772	26.1947529676814	0.0
93.0	26.243187963765084	23.66810680055022	23.84828498598153	26.24042024970316	0.0
94.0	26.134140029725252	23.817840131300354	23.801510618334998	26.246509220639396	0.0
95.0	26.279721789382492	23.759994907406128	23.65454500164679	26.305738301564592	0.0
96.0	26.20111871002383	23.78711850521299	23.68056151382888	26.331201270934297	0.0
97.0	26.3383973274953	23.688587884608463	23.774663791934326	26.198350995961906	0.0
98.0	26.233777735954543	23.801510618334998	23.785457876775833	26.179253768934625	0.0
99.0	26.141612857692447	23.857141670979686	23.72816619569399	26.273079275633876	0.0
100.0	26.37825240998702	23.756673650531816	23.763039392874244	26.102034546606923	0.0
101.0	26.217448222989187	23.690802055858004	23.814518874426046	26.277230846726763	0.0
102.0	26.2758469896958	23.735639023661186	23.666999714925453	26.32151427171756	0.0
103.0	26.224090736737804	23.703810311949052	23.706578026010977	26.365520925302167	0.0
104.0	26.1028648608255	23.86267709910354	23.794314561773994	26.240143478296968	0.0
105.0	26.260347790949023	23.673642228674073	23.812858245988892	26.25315173438802	0.0
106.0	26.332031585152876	23.59088757822252	23.88537235441132	26.191708482213283	0.0
107.0	26.324558757185677	23.66810680055022	23.78269016271391	26.22464427955019	0.0
108.0	26.2168946801768	23.890354239722786	23.661741058207795	26.23101002189262	0.0
109.0	26.292730045473544	23.816733045675583	23.76719096396713	26.12334594488374	0.0
110.0	26.284980446100153	23.87098024128931	23.666169400706874	26.177869911903663	0.0
111.0	26.237098992828855	23.814518874426046	23.662017829613987	26.286364303131116	0.0
112.0	26.198350995961906	23.729826824131145	23.73038036694353	26.341441812963417	0.0
113.0	26.193645882056632	23.73812996631692	23.758887821781354	26.309336329845088	0.0
114.0	26.26664083474025	23.741108743184522	23.718413550690542	26.27383687138468	0.0
115.0	26.131023221056708	23.788436522653676	23.842683568127093	26.23785668816252	0.0
116.0	26.303728100523095	23.697378982037584	23.785668816251974	26.213224101187343	0.0
117.0	26.262838733604752	23.73010359553734	23.818947216925125	26.188110453932783	0.0
118.0	26.241804106734122	23.66921388617499	23.845517271919604	26.24346473517128	0.0
119.0	26.136354200974786	23.812027931770313	23.800957075522614	26.250660791732283	0.0
120.0	26.283319817663	23.754182707876083	23.66229460102018	26.300202873440735	0.0
121.0	26.205270281116714	23.784627562557255	23.686373713358925	26.3237284429671	0.0
122.0	26.339504413120075	23.686096941952734	23.773556706309556	26.200841938617636	0.0
123.0	26.22464427955019	23.802064161147385	23.788502362243953	26.18478919705847	0.0
124.0	26.145210885972947	23.867105441602618	23.724844938819682	26.262838733604752	0.0
125.0	26.384341380923253	23.75279885084512	23.770512220841443	26.092347547390183	0.0
126.0	26.22464427955019	23.69135559867039	23.812581474582696	26.27141864719672	0.0
127.0	26.27833793235153	23.731487452568302	23.670874514612148	26.31930010046802	0.0
128.0	26.22464427955019	23.697444569606624	23.712390225541018	26.365520925302167	0.0
129.0	26.10424871785646	23.863507413322115	23.79708227583592	26.235161592985506	0.0
130.0	26.263392276417143	23.67917765679792	23.808706674896	26.24872339188894	0.0
131.0	26.330443831855373	23.598148947712204	23.889590045058508	26.18181717537392	0.0
132.0	26.32989028751093	23.666511674250224	23.77694377096549	26.226654267273354	0.0
133.0	26.217520785590132	23.894848716330667	23.659869142116975	26.227761355962226	0.0
134.0	26.292802816433625	23.81015643163174	23.763658706698994	26.133382045235642	0.0
135.0	26.285053195611503	23.869385676486544	23.675091611589004	26.17046951631295	0.0
136.0	26.239109015023192	23.804897760359584	23.67010971248907	26.285883512128155	0.0
137.0	26.207003443045824	23.720482247832877	23.739579527715964	26.33293478140534	0.0
138.0	26.200914455257013	23.72850864082722	23.761998073665684	26.30857883025009	0.0
139.0	26.277099530316324	23.73687750306526	23.715289213881825	26.270733752736593	0.0
140.0	26.124044095464523	23.788910815456106	23.845926040735442	26.24111904834393	0.0
141.0	26.311696147597473	23.695915108204378	23.78171471906163	26.210674025136516	0.0
142.0	26.263610346908163	23.73777352161326	23.814716611404183	26.183899520074394	0.0
143.0	26.25143230391967	23.665535584795162	23.842947529241144	26.240084582044027	0.0
144.0	26.1330454878842	23.811184456345746	23.80205089882509	26.253719156944967	0.0
145.0	26.282503701858538	23.761365051687633	23.658958497668177	26.297172748785652	0.0
146.0	26.20749782040105	23.787381851897983	23.68746626811143	26.317654059589547	0.0
147.0	26.3425637619186	23.68552884681917	23.77298957944119	26.198917811821037	0.0
148.0	26.22465783756106	23.8009438009438	23.787381851897983	26.187016509597154	0.0
149.0	26.139411300701624	23.867369673821287	23.731473408892764	26.261745616584324	0.0
150.0	26.390445745284456	23.756936660162467	23.76717731556441	26.085440278988663	0.0
151.0	26.227979131204936	23.687189493641107	23.816719945752205	26.268111429401753	0.0
152.0	26.275030791159825	23.731196634422442	23.67196689777335	26.321805676644388	0.0
153.0	26.22299719073913	23.699921119275956	23.722063076901787	26.355018613083132	0.0
154.0	26.099832551445456	23.862387733355476	23.802604447765738	26.23517526743333	0.0
155.0	26.2747540166895	23.66919915307012	23.810077358464454	26.245969471775922	0.0
156.0	26.326583707902486	23.58899984500587	23.892345504063062	26.192070943028583	0.0
157.0	26.331565662157075	23.661238181697406	23.783296060934838	26.223900095210684	0.0
158.0	26.22998915041073	23.88764032504484	23.659300755042846	26.223069769501585	0.0
159.0	26.288388725283973	23.808759382680513	23.771394725771096	26.131457166264422	0.0
160.0	26.275103513938404	23.874355113699266	23.681719549188497	26.168821823173836	0.0
161.0	26.232756902774394	23.80765228173505	23.67646081969754	26.283129995793015	0.0
162.0	26.211721984810577	23.71631645373425	23.74371720213449	26.328244359320685	0.0
163.0	26.19511547062861	23.734030068861678	23.765305670571042	26.305548789938666	0.0
164.0	26.26881038906403	23.73298865495166	23.725515702886497	26.272685253097816	0.0
165.0	26.134020475888658	23.786683199419876	23.838163535868787	26.24113278882268	0.0
166.0	26.321674605525004	23.693409686606532	23.76758565525335	26.217330052615118	0.0
167.0	26.278847058693284	23.73250078881379	23.811382167826363	26.17726998466657	0.0
168.0	26.253660372762948	23.657494284559732	23.85262190632767	26.236223436349647	0.0
169.0	26.14578979853363	23.812001627451902	23.79539497538064	26.24681359863383	0.0
170.0	26.28085723537992	23.751110569857268	23.661711426206956	26.306320768555857	0.0
171.0	26.200591750368808	23.786538094275965	23.69852283829826	26.314347317056967	0.0
172.0	26.343685735716203	23.68994273472811	23.773252772618953	26.19311875693674	0.0
173.0	26.230760501631607	23.79511819784612	23.791796867431863	26.182324433090415	0.0
174.0	26.140807802912253	23.853795035164584	23.735611027924087	26.269786133999073	0.0
175.0	26.38741658617053	23.748342794512055	23.777681213171288	26.08655940614612	0.0
176.0	26.235742497252986	23.68246974129604	23.818090733211367	26.263697028239612	0.0
177.0	26.27808946003471	23.724539926543244	23.674166415260405	26.323204198161644	0.0
178.0	26.22439461833762	23.69575506295305	23.726754146819413	26.353096171889923	0.0
179.0	26.1059338335626	23.850473704750332	23.817260400607804	26.226332061079265	0.0
180.0	26.262036363032486	23.665309534155732	23.820581731022056	26.252072371789726	0.0
181.0	26.330196512593414	23.584555770827567	23.893440354276223	26.191807362302793	0.0
182.0	26.32715195128702	23.668973152504844	23.781621920841406	26.222252975366732	0.0
183.0	26.231109880985333	23.877110434541933	23.666758926100194	26.22502075837254	0.0
184.0	26.294492111818435	23.809022972598946	23.760863548297813	26.135621367284806	0.0
185.0	26.280099640188208	23.860226958206475	23.680874619429837	26.178798782175477	0.0
186.0	26.232216994187656	23.803487406587323	23.674785496817048	26.28951010240797	0.0
187.0	26.222252975366732	23.70993634099087	23.74065873235538	26.32715195128702	0.0
188.0	26.2020481594243	23.730694713534458	23.77304179352339	26.29421533351785	0.0
189.0	26.27352968040321	23.730760395129796	23.721073127797197	26.274636796669792	0.0
190.0	26.135970484280335	23.783901975925755	23.842025579921337	26.238101959872573	0.0
191.0	26.32307313333278	23.694502337399218	23.772830813259933	26.209593716008072	0.0
192.0	26.28537265842965	23.726252158894646	23.812607944732296	26.175767237943404	0.0
193.0	26.25160533191621	23.650137283556973	23.857169744475442	26.24108764005137	0.0
194.0	26.137090189457368	23.809352468204654	23.806584646895196	26.246972695442782	0.0
195.0	26.2774187298468	23.756487081194038	23.66653288863671	26.29956130032245	0.0
196.0	26.217633789562544	23.78167425511009	23.693934319600327	26.306757635727035	0.0
197.0	26.335542977345384	23.690059369767088	23.77475470183645	26.19964295105108	0.0
198.0	26.22372299644335	23.797174054443047	23.795790143788317	26.183312805325286	0.0
199.0	26.145116871254793	23.857789341120135	23.74375510317054	26.25333868445453	0.0
200.0	26.392006532058293	23.744031885301485	23.77779930527685	26.08616227736337	0.0
201.0	26.222339085788622	23.679541648791155	23.82429870327572	26.273820562144508	0.0
202.0	26.277972294108693	23.72604104679002	23.674282788303184	26.321703870798103	0.0
203.0	26.22483012496713	23.69836283369546	23.729085650230424	26.347721391106987	0.0
204.0	26.094188959160796	23.8539143912869	23.81461132869262	26.237285320859687	0.0
205.0	26.263725009895015	23.656699686957676	23.82553772146153	26.25403758168578	0.0
206.0	26.3354848709631	23.571238776391397	23.894799774143905	26.1984765785016	0.0
207.0	26.32607420036979	23.65842587159417	23.778273529444327	26.237226398591723	0.0
208.0	26.23611926087486	23.86490705578867	23.670050817621206	26.228922865715266	0.0
209.0	26.30566496259248	23.80657143410713	23.749276898677245	26.138486704623144	0.0
210.0	26.292379273217435	23.851410635747918	23.685339518559832	26.17087057247482	0.0
211.0	26.243665078842266	23.79522324109928	23.67814310348168	26.282968576576778	0.0
212.0	26.22664957969935	23.70955107960663	23.744979780729555	26.318819559964464	0.0
213.0	26.198694120219546	23.721729695617636	23.777917401304773	26.301658782858045	0.0
214.0	26.27156174575408	23.73840260401674	23.721518566905072	26.268517083324106	0.0
215.0	26.131230486481698	23.8017869400589	23.842474701623082	26.224507871836316	0.0
216.0	26.316954894710037	23.705741679767943	23.767465290848296	26.209838134673724	0.0
217.0	26.2831282782291	23.72946565730656	23.8089043276084	26.178501736855946	0.0
218.0	26.26181546424568	23.653902044092614	23.84627094952738	26.238011542134327	0.0
219.0	26.14286821447947	23.81090776231441	23.79872897775711	26.24749504544901	0.0
220.0	26.28098670298159	23.761362252410844	23.661994442045593	26.295656602561973	0.0
221.0	26.224666603927126	23.778378109067155	23.685652758786766	26.311302528218956	0.0
222.0	26.342303242342545	23.691465392684936	23.770627930536257	26.19560343443626	0.0
223.0	26.229648861554132	23.800244684207904	23.7977535553944	26.172352898843563	0.0
224.0	26.14550406607581	23.856710270647305	23.742671929406946	26.25511373386994	0.0
225.0	26.385905668733393	23.745848095659877	23.774081045172718	26.09416519043401	0.0
226.0	26.22149025686448	23.681908768821966	23.829439769707704	26.267161204605845	0.0
227.0	26.27795615589017	23.72702612931798	23.683569530558017	26.31144818423384	0.0
228.0	26.230901240035433	23.71014171833481	23.72315101860053	26.335806023029228	0.0
229.0	26.097763507528786	23.8604406554473	23.81670726306466	26.225088573959255	0.0
230.0	26.273323387188295	23.665366655687155	23.814835625652197	26.246474331472353	0.0
231.0	26.335121430034487	23.575196939752765	23.90569035479603	26.183991275416712	0.0
232.0	26.316022564341036	23.66709293120533	23.79690985888983	26.219974645563802	0.0
233.0	26.232707222692774	23.87219814104374	23.670414473065062	26.22468016319842	0.0
234.0	26.29284454864273	23.814690666718334	23.751304400778352	26.141160383860583	0.0
235.0	26.29063018127365	23.858147626336578	23.6834894001002	26.167732792289573	0.0
236.0	26.233333425598644	23.799190095134758	23.680998236809984	26.286478242456617	0.0
237.0	26.21561848664598	23.708401033002378	23.74493809459224	26.3310423857594	0.0
238.0	26.191537241507206	23.725562380112766	23.78562709499913	26.297273283380896	0.0
239.0	26.27437194831652	23.734762342364288	23.720368914624828	26.27049679469436	0.0
240.0	26.135772258700296	23.778415067598242	23.849002912094605	26.236809761606857	0.0
241.0	26.31851400730816	23.696157679105305	23.770623408260434	26.214704905326098	0.0
242.0	26.27649325626204	23.73790224348327	23.808772396075565	26.176832104179127	0.0
243.0	26.26028842187444	23.6501507445869	23.852250925369663	26.237309908169	0.0
244.0	26.133396826627315	23.80749350070461	23.804724897769336	26.254384774898735	0.0
245.0	26.276677040302125	23.759040014176072	23.671823950915353	26.29245899460645	0.0
246.0	26.218777775008927	23.77194658337971	23.69912587460994	26.310149767001423	0.0
247.0	26.33730042255315	23.68734389623911	23.780106219783022	26.19524946142472	0.0
248.0	26.227088577449535	23.792987907033417	23.799910832717195	26.180012682799852	0.0
249.0	26.149828726818587	23.846155976284823	23.745081261301674	26.258934035594915	0.0
