# Position (bp)	A	C	G	T	N
0.0	26.174001090427602	23.751694057169562	23.908404081314742	26.16590077108809	0.0
1.0	25.933795466936676	24.08723420827167	23.89812290676844	26.08084741802321	0.0
2.0	26.10935961818839	23.889705790726364	23.769766601452975	26.23116798963227	0.0
3.0	26.13223269215793	23.797523557355348	23.982555875710617	26.087687874776105	0.0
4.0	26.10601001669449	23.80055066902549	23.881219943687242	26.212219370592777	0.0
5.0	26.173955290351113	23.871825695902135	23.72264819647829	26.231570817268462	0.0
6.0	26.148576055307288	23.83725456612117	23.770923189511546	26.24324618905999	0.0
7.0	26.1140070623844	23.987195535875543	23.72220042473952	26.176596977000543	0.0
8.0	26.340634088319	23.735653300285843	23.730671266744302	26.19304134465085	0.0
9.0	26.161519923779636	23.81886454071625	23.811703313468712	26.207912222035407	0.0
10.0	26.182485024347113	23.91309762506694	23.720064261429442	26.18435308915651	0.0
11.0	26.2254505149632	23.86795272550656	23.810665404685103	26.095931354845135	0.0
12.0	26.125739050839226	23.89371989700768	23.696951016379764	26.28359003577333	0.0
13.0	26.168081721354092	23.79938291784588	23.864764982611483	26.167770378188543	0.0
14.0	26.329668824274805	23.78537247539611	23.705357281849626	26.179601418479464	0.0
15.0	26.174619927830655	23.88655900420002	23.77540949409849	26.16341157387084	0.0
16.0	26.186139624956024	23.72652861710706	23.94197808766801	26.145353670268907	0.0
17.0	26.14068352278565	23.921429438741676	23.747388609198943	26.190498429273728	0.0
18.0	26.031402071677423	23.880954827220112	23.814638732957853	26.273004368144615	0.0
19.0	26.17088380984405	23.778211582588447	23.971867031560855	26.07903757600665	0.0
20.0	26.220617080232884	23.809894454995487	23.902985771661633	26.06650269311	0.0
21.0	26.264204987701984	23.947507705719357	23.668856440113327	26.119430866465333	0.0
22.0	26.168311591269966	23.699990659734112	23.79619539836234	26.335502350633583	0.0
23.0	26.006102307045676	23.853171020268377	23.754475544070488	26.386251128615463	0.0
24.0	26.15616924561786	23.715557769544507	23.749182726734954	26.379090258102682	0.0
25.0	26.212522183131483	23.71742582272175	23.879323764749834	26.19072822939693	0.0
26.0	25.992403250412526	24.056477474392103	23.837603910457986	26.11351536473738	0.0
27.0	26.15616924561786	23.861577259565987	23.71244434758243	26.269809147233726	0.0
28.0	26.178274541548618	23.74420125159563	23.97023568604253	26.107288520813228	0.0
29.0	26.153367165851986	23.750428095519784	23.88150316012329	26.214701578504933	0.0
30.0	26.226221239764623	23.839160621439024	23.68473489211993	26.24988324667642	0.0
31.0	26.191039571593137	23.79183660761543	23.76163641458327	26.25548740620816	0.0
32.0	26.139045424826428	23.95684797160559	23.715246427348298	26.18886017621968	0.0
33.0	26.379712942495097	23.692207104828917	23.714623742955883	26.213456209720103	0.0
34.0	26.238052243220523	23.77626949780504	23.772222049254335	26.213456209720103	0.0
35.0	26.214390236308727	23.85690712662287	23.702481397303778	26.226221239764623	0.0
36.0	26.279149413119963	23.822970827236215	23.791213923223015	26.106665836420813	0.0
37.0	26.14861562123472	23.899175257090018	23.678745668465183	26.273463453210084	0.0
38.0	26.197496193853503	23.761873776039803	23.83752969416951	26.203100335937187	0.0
39.0	26.341335840668012	23.766232553216	23.697114800850585	26.1953168052654	0.0
40.0	26.189089980727974	23.87177722912535	23.775884131249008	26.163248658897665	0.0
41.0	26.2267622691794	23.664423972029105	23.956462042834325	26.152351715957174	0.0
42.0	26.140832090562938	23.914119635979837	23.72606953494961	26.218978738507616	0.0
43.0	26.055213253173342	23.848426637110006	23.816981173196012	26.279378936520637	0.0
44.0	26.155153786999012	23.75440158659489	23.956462042834325	26.13398258357177	0.0
45.0	26.23975690552691	23.796047224090263	23.87419362873297	26.090002241649856	0.0
46.0	26.26995691050836	23.92120600762161	23.684587411890707	26.124249669979328	0.0
47.0	26.181224937109267	23.67742658596727	23.767403920396525	26.373944556526936	0.0
48.0	26.029290891429426	23.805076091558945	23.74747814391392	26.41815487309771	0.0
49.0	26.17437545144337	23.703890507858226	23.725061645370992	26.396672395327403	0.0
50.0	26.232284739345936	23.69112555729906	23.8698348651274	26.206754838227603	0.0
51.0	26.023375426536155	24.007135918702833	23.841814241948743	26.127674412812276	0.0
52.0	26.162233181399287	23.843993623751526	23.720391541507883	26.273381653341303	0.0
53.0	26.21422700440858	23.73346783232459	23.94455652693716	26.10774863632967	0.0
54.0	26.175309472215996	23.746855463398838	23.859871976886097	26.217963087499065	0.0
55.0	26.243804328874944	23.824067847268925	23.689257515753816	26.24287030810232	0.0
56.0	26.197725970758924	23.76615855936636	23.764601858078656	26.27151361179606	0.0
57.0	26.166591945004857	23.947669929512568	23.669020399013675	26.216717726468904	0.0
58.0	26.411305387431817	23.673067822361702	23.721948242795587	26.193678547410894	0.0
59.0	26.250342474283293	23.76055443473063	23.768960621684226	26.220142469301848	0.0
60.0	26.193678547410894	23.867032802809536	23.695795661162173	26.2434929886174	0.0
61.0	26.25221051582854	23.81659568108795	23.802274029241076	26.128919773842433	0.0
62.0	26.16152904951229	23.871628584682732	23.689183761788087	26.277658604016903	0.0
63.0	26.216324764238326	23.75861242306028	23.81091742348059	26.21414538922081	0.0
64.0	26.326227532978614	23.762971173095305	23.70568474406354	26.205116549862545	0.0
65.0	26.193908335486764	23.849523495219387	23.774802066047517	26.181766103246336	0.0
66.0	26.21725878210297	23.686381708194137	23.915216085032988	26.1811434246699	0.0
67.0	26.163397085241584	23.908677959980448	23.72405376206829	26.203871192709677	0.0
68.0	26.054739673654158	23.839871977284684	23.817455548533125	26.28793280052803	0.0
69.0	26.176161996058443	23.76732992313033	23.958492246095027	26.098015834716197	0.0
70.0	26.22994202880502	23.786247563777653	23.865638835096544	26.11817157232078	0.0
71.0	26.304040548702652	23.90455612495875	23.64863602682491	26.142767299513693	0.0
72.0	26.19662882868298	23.64458862867924	23.794965036706788	26.363817505930996	0.0
73.0	26.019165986911336	23.841977122860328	23.736433432754037	26.4024234574743	0.0
74.0	26.17483514636014	23.70872432237215	23.737990124348524	26.378450406919185	0.0
75.0	26.257028462549115	23.692223391470577	23.868752218285522	26.18199592769479	0.0
76.0	26.021345355143623	24.017571934718582	23.83886373967135	26.12221897046645	0.0
77.0	26.183241280970382	23.82485351532096	23.71930982521467	26.272595378493996	0.0
78.0	26.173589793084552	23.73892413930522	23.94471876809654	26.142767299513693	0.0
79.0	26.160824922009752	23.742971537450885	23.881517089360322	26.214686451179038	0.0
80.0	26.242084223242028	23.834193664887888	23.70592227750207	26.217799834368016	0.0
81.0	26.228696675529427	23.77410536934065	23.7280272981438	26.26917065698612	0.0
82.0	26.14370131447038	23.92634980728158	23.70872432237215	26.22122455587589	0.0
83.0	26.40398014906879	23.6887986699627	23.715885103706793	26.191336077261717	0.0
84.0	26.22620596897825	23.762897189860333	23.783445518907577	26.22745132225384	0.0
85.0	26.19974221187195	23.86626151173434	23.707790307415454	26.22620596897825	0.0
86.0	26.262009875651476	23.809909276013876	23.828278236828833	26.09980261150582	0.0
87.0	26.18502778685845	23.877395351733373	23.672535375706346	26.265041485701836	0.0
88.0	26.1987266302402	23.769361291427327	23.83131742399477	26.200594654337706	0.0
89.0	26.360622052024475	23.753483086598486	23.689347592583946	26.196547268793104	0.0
90.0	26.193745232646837	23.83318544809228	23.8076557854263	26.165413533834585	0.0
91.0	26.2133594856707	23.65821385762543	23.954918351780073	26.1735083049238	0.0
92.0	26.192811220598077	23.87926337583088	23.72234935163997	26.205576051931068	0.0
93.0	26.091626581982908	23.80236305048335	23.80796712277588	26.298043244757856	0.0
94.0	26.192188545898908	23.755973785395167	23.949314279487538	26.102523389218383	0.0
95.0	26.249392894058452	23.778316043786347	23.871716957869964	26.100574104285236	0.0
96.0	26.285819250551068	23.923398796996224	23.67183900173103	26.11894295072168	0.0
97.0	26.21483455584752	23.62358186278783	23.793260190039728	26.36832339132492	0.0
98.0	26.0323914370042	23.834356592236517	23.743135032814855	26.39011693794443	0.0
99.0	26.19553170027024	23.707331349082803	23.728502222941756	26.368634727705203	0.0
100.0	26.26060100374849	23.70764268546308	23.848678065729338	26.183078245059093	0.0
101.0	26.02709871853946	24.01244100175594	23.838715301560416	26.121744978144186	0.0
102.0	26.168445435185994	23.82128046426481	23.74157835091346	26.268695749635736	0.0
103.0	26.183700917819646	23.702661303378623	23.95173040760159	26.161907371200137	0.0
104.0	26.184012254199928	23.709510703744755	23.87638700357414	26.230090038481173	0.0
105.0	26.274299804480755	23.82626184634927	23.69363254835054	26.205805800819437	0.0
106.0	26.203626446157486	23.800732263166417	23.699547939575837	26.296093351100264	0.0
107.0	26.145717879425646	23.909077323503407	23.716982776871443	26.228222020199503	0.0
108.0	26.410976475423105	23.69394388473082	23.732549595885377	26.162530043960697	0.0
109.0	26.227599347438947	23.76399457029353	23.78827880795527	26.22012727431226	0.0
110.0	26.184012254199928	23.846498711067383	23.736596968829	26.232892065903684	0.0
111.0	26.272120449818804	23.798864244884744	23.820657791504253	26.108357513792203	0.0
112.0	26.2107055794419	23.884718724022953	23.676123998667485	26.228451697867666	0.0
113.0	26.20323352957842	23.76142990127554	23.8352163936774	26.200120175468637	0.0
114.0	26.379760707603122	23.727805676889886	23.727494341478906	26.164939274028086	0.0
115.0	26.198874833824725	23.83552772908838	23.809375554566202	26.156221882520697	0.0
116.0	26.194827473482007	23.673633315379657	23.96784527875416	26.163693932384174	0.0
117.0	26.169609305192765	23.90402151950361	23.746485801548584	26.179883373755047	0.0
118.0	26.056594551007638	23.823385648060224	23.832414374978594	26.287605425953544	0.0
119.0	26.189223436084397	23.77108129901587	23.92923968779285	26.110455577106883	0.0
120.0	26.217947919650307	23.774891343603283	23.867669584926336	26.13949115182007	0.0
121.0	26.282394550368	23.916238060249817	23.67432969277326	26.127037696608923	0.0
122.0	26.198645064073027	23.663432919463506	23.782052080349693	26.355869936113773	0.0
123.0	26.037061482708378	23.820035118743697	23.757456506307676	26.38544689224025	0.0
124.0	26.19957907321386	23.704217985280014	23.74967309680071	26.34652984470541	0.0
125.0	26.23444874780508	23.713869413068657	23.878566358236093	26.173115480890175	0.0
126.0	26.059477702088447	24.005280265009528	23.831865901194284	26.103376131707744	0.0
127.0	26.17155879898878	23.807892999912823	23.74500305109653	26.275545150001868	0.0
128.0	26.21016451014334	23.696434575773047	23.95920248072828	26.134198433355333	0.0
129.0	26.17591750831268	23.70577466718141	23.881057049278322	26.23725077522759	0.0
130.0	26.304810769748066	23.79730756298335	23.7132467403081	26.184634926960488	0.0
131.0	26.23235106399539	23.809212472174224	23.72110400224163	26.237332461588753	0.0
132.0	26.133345786827316	23.922227930073632	23.74289761671259	26.201528666386466	0.0
133.0	26.38428369059294	23.73947290586715	23.72733074923333	26.14891265430657	0.0
134.0	26.234841762792072	23.772786002272763	23.789909556499946	26.202462678435218	0.0
135.0	26.22114291941033	23.827270038450163	23.718613303444947	26.232973738694565	0.0
136.0	26.26690950979934	23.81512788181634	23.816373231214683	26.10158937716963	0.0
137.0	26.216554481092423	23.88307378095481	23.671363724104435	26.229008013848325	0.0
138.0	26.204723624974314	23.73332004956506	23.839486416309146	26.22246990915148	0.0
139.0	26.379073083556975	23.744528229045375	23.750754995423325	26.12564369197432	0.0
140.0	26.18768154972244	23.83800394155539	23.80251126269875	26.171803246023416	0.0
141.0	26.195776371216063	23.673616797377278	23.937009835208116	26.193596996198547	0.0
142.0	26.191417621181035	23.87785537044705	23.750828940854877	26.179898067517037	0.0
143.0	26.103931281192306	23.799086530528374	23.838937959420036	26.258044228859283	0.0
144.0	26.20138047840395	23.761725815942437	23.948218049583893	26.088675656069714	0.0
145.0	26.212358962863334	23.765535878851278	23.883222496201647	26.13888266208374	0.0
146.0	26.288637325960796	23.895364766245734	23.696107001419712	26.119890906373755	0.0
147.0	26.196480609728763	23.631970908366334	23.79355650202994	26.377991979874967	0.0
148.0	26.034664732199843	23.83628432926203	23.766543894442872	26.362507044095256	0.0
149.0	26.221551106821504	23.67726267941094	23.74420125159563	26.356984962171925	0.0
150.0	26.254864721815746	23.70497213487344	23.87465363180672	26.16550951150409	0.0
151.0	26.07148416824932	23.982689373890846	23.846321491951805	26.099504965908025	0.0
152.0	26.18886017621968	23.820168747470344	23.718671191506584	26.272299884803385	0.0
153.0	26.216880973878386	23.722718640057288	23.934431333478624	26.125969052585695	0.0
154.0	26.184812727668984	23.69718857996824	23.878389738161214	26.239608954201564	0.0
155.0	26.31401973909524	23.80927177060307	23.70466079267723	26.172047697624457	0.0
156.0	26.23439781561635	23.80156232000473	23.710961458829534	26.25307840554938	0.0
157.0	26.15344859257322	23.907107653126353	23.716565635809445	26.222878118490982	0.0
158.0	26.405013870338024	23.709404743001784	23.729953391928117	26.155627994732072	0.0
159.0	26.263352730012546	23.75766293366211	23.771673376111885	26.20731096021346	0.0
160.0	26.22163274582878	23.808100526481294	23.744586520708992	26.22568020698094	0.0
161.0	26.267711534330253	23.808100526481294	23.81152530130235	26.112662637886103	0.0
162.0	26.24350847478735	23.87137751099045	23.661220219933497	26.223893794288706	0.0
163.0	26.21424212610683	23.726913832397226	23.845847291928717	26.212996749567232	0.0
164.0	26.376141076254406	23.72504576758783	23.746217168760975	26.152595987396786	0.0
165.0	26.20373800932167	23.815409714589943	23.83284504042816	26.148007235660227	0.0
166.0	26.22086199005564	23.670322896007622	23.942749862229793	26.16606525170695	0.0
167.0	26.16793332233247	23.889198504298122	23.766839878326333	26.176028295043075	0.0
168.0	26.06394405751167	23.81852316563248	23.840628668034512	26.27690410882134	0.0
169.0	26.21930526453437	23.764349117492305	23.920021669619256	26.096323948354073	0.0
170.0	26.229038625593894	23.756950801093446	23.884291345201845	26.129719228110815	0.0
171.0	26.27075899945826	23.887404805937994	23.70775812146233	26.13407807314142	0.0
172.0	26.190431712465674	23.616533721893234	23.80863424931348	26.38440031632761	0.0
173.0	26.03421704002366	23.82956862867195	23.77881906066597	26.357395270638417	0.0
174.0	26.224220384577063	23.693895088173758	23.735304373816877	26.346580153432303	0.0
175.0	26.24414665736774	23.711953272890305	23.85953223074624	26.184367838995716	0.0
176.0	26.074150642622296	23.969438079107302	23.845210222177943	26.111201056092458	0.0
177.0	26.19713310750224	23.794460496164195	23.7623916508917	26.246014745441865	0.0
178.0	26.23262678091063	23.73686111387865	23.897828036265818	26.132684068944904	0.0
179.0	26.198378499551662	23.705414964630865	23.89097837999402	26.205228155823452	0.0
180.0	26.309218391949784	23.786676795855335	23.734681677792167	26.16942313440271	0.0
181.0	26.22928361712793	23.81072472702478	23.737869065299222	26.222122590548068	0.0
182.0	26.143039949187845	23.909733703215924	23.73693501835402	26.210291329242207	0.0
183.0	26.38215596715891	23.701752583418177	23.760908889947473	26.15518255947544	0.0
184.0	26.26384335410031	23.74347334697042	23.786750855431325	26.205932443497943	0.0
185.0	26.219631798694206	23.791732439139057	23.745964138824284	26.242671623342456	0.0
186.0	26.28657182976683	23.78830760033999	23.804497747390116	26.12062282250306	0.0
187.0	26.23963983037655	23.882098000510613	23.654189836292197	26.22407233282064	0.0
188.0	26.252405178372385	23.70462852837332	23.84442465642533	26.198541636828963	0.0
189.0	26.370095459895015	23.71770522632028	23.743547272263076	26.16865204152163	0.0
190.0	26.183989712965587	23.810250295004998	23.842319439817423	26.16344055221199	0.0
191.0	26.230069649200914	23.673567240901548	23.937281470572668	26.159081639324867	0.0
192.0	26.204227522798675	23.857886985842875	23.769463324418318	26.168422166940136	0.0
193.0	26.072214732502857	23.82893135023554	23.866604811617126	26.232249105644478	0.0
194.0	26.202359417275616	23.746423356300653	23.922647977308745	26.128569249114985	0.0
195.0	26.22859455756896	23.765801108412727	23.88255806712747	26.123046266890842	0.0
196.0	26.27062706270627	23.884114826576997	23.67986798679868	26.16539012391805	0.0
197.0	26.197459368578368	23.61946572015692	23.829316893953546	26.35375801731116	0.0
198.0	26.032523919683413	23.841533848726097	23.759336693868526	26.366605537721956	0.0
199.0	26.233116838637766	23.700253442016578	23.728586640429917	26.33804307891574	0.0
200.0	26.253993162584766	23.71798464383792	23.875531643283704	26.15249055029361	0.0
201.0	26.09490301086652	23.98667372419591	23.816358937634273	26.1020643273033	0.0
202.0	26.218084443890895	23.772574417735708	23.766969734711672	26.242371403661725	0.0
203.0	26.230258569151054	23.768807293742526	23.903011658031087	26.09792247907533	0.0
204.0	26.204577300326946	23.68488245368208	23.904094659816284	26.206445586174688	0.0
205.0	26.324786857068123	23.802258162953922	23.72939410735304	26.14356087262491	0.0
206.0	26.20126361940705	23.83719300867843	23.727583833892275	26.23395953802224	0.0
207.0	26.14196521712053	23.9410216886979	23.738925996854906	26.178087097326667	0.0
208.0	26.37847869885686	23.740008034054426	23.74281061117979	26.138702655908926	0.0
209.0	26.240397101458303	23.737648967542434	23.804289268731686	26.217664662267577	0.0
210.0	26.19104710003893	23.804437524328534	23.75648112105878	26.248034254573767	0.0
211.0	26.254130088845567	23.810487700821188	23.85097113531121	26.084411075022036	0.0
212.0	26.232280325867606	23.854293828944417	23.683325444081817	26.230100401106153	0.0
213.0	26.23355672928397	23.716615177637152	23.853331008022323	26.196497085056553	0.0
214.0	26.34008097165992	23.75521644347555	23.743382123948926	26.161320460915604	0.0
215.0	26.186182819307803	23.799023958790755	23.86940855141657	26.145384670484873	0.0
216.0	26.22106367937015	23.668220733556943	23.98121416536642	26.129501421706486	0.0
217.0	26.173294755561642	23.91095137394381	23.78232419654731	26.133429673947234	0.0
218.0	26.0582220685746	23.814551468321078	23.904248460668803	26.22297800243552	0.0
219.0	26.19653474443507	23.764689027105984	23.931629255652144	26.107146972806806	0.0
220.0	26.20456598249603	23.800728813031427	23.898526801009126	26.096178403463423	0.0
221.0	26.281675927540928	23.895547305210176	23.72143871626841	26.101338050980488	0.0
222.0	26.20693951286364	23.608048339874166	23.846321559833054	26.33869058742914	0.0
223.0	26.00674642355455	23.845772895324536	23.803101610607396	26.34437907051352	0.0
224.0	26.202149197944248	23.715932097804078	23.767948917614078	26.313969786637596	0.0
225.0	26.225525314129438	23.749867620216417	23.912149660796274	26.11245740485787	0.0
226.0	26.062795913281832	24.008534762023423	23.866184899077997	26.062484425616745	0.0
227.0	26.162026452026886	23.80557822535931	23.787511603132376	26.244883719481425	0.0
228.0	26.22434040432358	23.743263869420304	23.935457745382053	26.096937980874063	0.0
229.0	26.17279489639533	23.703228378833	23.943705844973024	26.180270879798645	0.0
230.0	26.30580510111268	23.79418617690669	23.76023275228329	26.13977596969735	0.0
231.0	26.18161315544369	23.82290365487831	23.778981568298846	26.21650162137915	0.0
232.0	26.11450483930757	23.933623452963552	23.767588632377727	26.18428307535115	0.0
233.0	26.36677985109498	23.746612255069934	23.76810691255724	26.118500981277844	0.0
234.0	26.235335165074797	23.72011738098353	23.840675875217286	26.203871578724385	0.0
235.0	26.198427433926057	23.80655692763953	23.775093145256758	26.219922493177656	0.0
236.0	26.220872274143304	23.838940809968847	23.900623052959503	26.03956386292835	0.0
237.0	26.224870947341532	23.891486730240224	23.6914823687744	26.192159953643852	0.0
238.0	26.201372641259614	23.749871490122654	23.909691046677903	26.13906482193983	0.0
239.0	26.309181483131503	23.772598548832804	23.814033765028054	26.104186203007636	0.0
240.0	26.1661219415685	23.8486775487059	23.899774736179612	26.08542577354599	0.0
241.0	26.20023930004736	23.692574220405316	24.03438691826408	26.072799561283244	0.0
242.0	26.14384583983821	23.931096590041538	23.82888820334483	26.096169366775417	0.0
243.0	26.036891491397284	23.817418592837978	23.957031603025364	26.188658312739378	0.0
244.0	26.155548283546036	23.80565035139389	23.98298349773269	26.05581786732738	0.0
245.0	26.193674669692086	23.824247203408586	23.928661594516843	26.05341653238249	0.0
246.0	26.228097792712617	23.92199525562576	23.777357302502175	26.07254964915945	0.0
247.0	26.184701143548367	23.68124056915537	23.84086346007557	26.293194827220688	0.0
248.0	25.991332273251643	23.91481931842983	23.811305459420694	26.282542948897824	0.0
249.0	26.17694286382415	23.747758983552888	23.823836620157458	26.25146153246551	0.0
