# Position (bp)	A	C	G	T	N
0.0	26.02258800691708	24.082611780533277	23.989851675978514	25.904948536571133	0.0
1.0	25.921227627767827	24.02394562169235	24.101655245706773	25.953171504833044	0.0
2.0	25.885417146577964	24.039486333661976	24.1042935552136	25.970802964546458	0.0
3.0	25.952873824456223	24.2452256491213	23.90369601405431	25.89820451236816	0.0
4.0	25.900707912962023	24.16670505674053	23.950185040156015	25.98240199014143	0.0
5.0	26.017750752410784	24.039371046004547	23.97426448006879	25.968613721515876	0.0
6.0	25.879155470249522	24.130825335892514	24.015047984644912	25.97497120921305	0.0
7.0	25.899231971600457	24.10644916610111	24.020464379266613	25.973854483031822	0.0
8.0	26.021415564515387	24.049058654817582	23.96584073133508	25.963685049331954	0.0
9.0	26.06789185205656	24.036356378487095	23.984769625228378	25.91098214422796	0.0
10.0	25.972131811984916	23.961851656247312	24.05488890799445	26.011127623773323	0.0
11.0	25.85391616207519	23.92868986354536	24.17034107517901	26.047052899200434	0.0
12.0	25.988712708335893	24.060108819808647	23.91241602083052	26.038762451024944	0.0
13.0	26.145003009125634	23.903204411746646	24.075461501615102	25.87633107751262	0.0
14.0	25.96537663199008	23.971984426239576	24.045063191638317	26.017575750132032	0.0
15.0	25.907036441125538	24.073619179798328	23.93083923899827	26.088505140077867	0.0
16.0	26.004679497414607	23.938208526265367	24.062872302533805	25.99423967378622	0.0
17.0	25.955857969270074	24.015893096206046	23.998391038946686	26.0298578955772	0.0
18.0	25.874488755695847	24.135951067932545	23.993478180768616	25.996081995602992	0.0
19.0	26.092496837347547	24.044756138002185	23.9554035298886	25.907343494761665	0.0
20.0	25.909106261725572	23.923396494072346	24.145088538644117	26.022408705557957	0.0
21.0	25.89590299591313	24.181627809148328	23.95901460649662	25.96345458844192	0.0
22.0	25.949944269936164	24.098416529260586	23.995860929694146	25.955778271109104	0.0
23.0	25.950251322629477	24.00660777396009	24.00108082548046	26.042060077929975	0.0
24.0	25.995695121239752	23.9464254460708	24.063719574916252	25.99415985777319	0.0
25.0	26.040217761770094	24.06801831262263	23.986035243508137	25.905728682099134	0.0
26.0	25.93674100412372	24.01796872361266	24.083063894594954	25.962226377668674	0.0
27.0	25.918931947911585	24.020118092465847	24.09534600232746	25.965603957295112	0.0
28.0	25.96191932497536	24.22737866045192	23.895761751674204	25.91494026289852	0.0
29.0	25.9290646867909	24.15000138173712	23.95103123647049	25.96990269500149	0.0
30.0	26.036840182143656	24.04898104563724	23.95440881609693	25.95976995612217	0.0
31.0	25.88139204981608	24.128126554449487	24.009604578755702	25.980876816978732	0.0
32.0	25.87862858406156	24.097728431149786	24.059654014087535	25.963988970701124	0.0
33.0	26.034610873316588	24.046143737065446	23.96938079943994	25.94986459017803	0.0
34.0	26.080361584141393	24.02710652853432	23.980434662458013	25.912097224866276	0.0
35.0	25.981797972230243	23.940210883142246	24.067330307850085	26.010660836777433	0.0
36.0	25.872794600802017	23.908277501090033	24.161595195254208	26.057332702853742	0.0
37.0	26.00451980176739	24.071629032357116	23.90766339758903	26.01618776828647	0.0
38.0	26.14975527975485	23.900908259077987	24.06364568684406	25.885690774323106	0.0
39.0	25.965524229453635	23.961704505677385	24.055662341331008	26.017108923537975	0.0
40.0	25.903806827602725	24.05750465183402	23.936833313886723	26.101855206676532	0.0
41.0	26.00390569826639	23.94696602165329	24.065487997347073	25.98364028273325	0.0
42.0	25.945565865671	24.014517406763737	24.00499880249817	26.03491792506709	0.0
43.0	25.87740037705955	24.13457464121003	23.99855071573763	25.98947426599279	0.0
44.0	26.08773082615344	24.043380271310927	23.950343590908812	25.918545311626822	0.0
45.0	25.92184328740877	23.918029716377166	24.14002745034221	26.020099545871854	0.0
46.0	25.904648442177724	24.186699173112174	23.976369369839627	25.93228301487047	0.0
47.0	25.926141998716528	24.102567251803155	24.015364822417165	25.95592592706315	0.0
48.0	25.953469520601573	24.002775739301583	24.004310993340066	26.039443746756774	0.0
49.0	25.98202524571741	23.961323880262466	24.06787051053338	25.988780363486747	0.0
50.0	26.043742458064536	24.07001986618726	23.981896284378177	25.90434139137003	0.0
51.0	25.92399264306265	23.994792418301454	24.10410250584164	25.977112432794254	0.0
52.0	25.898507426023787	24.022119940186503	24.103488404226248	25.975884229563466	0.0
53.0	25.968207959371036	24.23981896284378	23.893772702569095	25.898200375216085	0.0
54.0	25.910789458331667	24.171653683535013	23.928162393031176	25.98939446510214	0.0
55.0	26.028696968487374	24.046376953994578	23.961323880262466	25.963602197255582	0.0
56.0	25.874478015229673	24.116310488823384	24.023274379759275	25.985937116187667	0.0
57.0	25.90057725374601	24.095738147875213	24.023274379759275	25.980410218619504	0.0
58.0	26.027695897813807	24.06963890935888	23.974146401375585	25.928518791451733	0.0
59.0	26.08050847457627	24.032792925571112	23.97936624907885	25.907332350773764	0.0
60.0	25.99177106362073	23.94497666421027	24.07485875706215	25.988393515106857	0.0
61.0	25.86741586833702	23.90014738393515	24.174342913289117	26.05809383443871	0.0
62.0	25.999754360108078	24.07424465733235	23.91734217636944	26.008658806190127	0.0
63.0	26.13761974944731	23.908130680422502	24.05827806435765	25.895971505772536	0.0
64.0	25.964443625644805	23.958486858265783	24.07700810611643	26.00006140997298	0.0
65.0	25.90549005158438	24.064112011790716	23.951731761238023	26.078666175386882	0.0
66.0	26.000982559567674	23.937300417587817	24.06042741341194	26.001289609432572	0.0
67.0	25.955232129697865	24.007000736919675	24.003009088676	26.034758044706464	0.0
68.0	25.890444608204373	24.12214443625645	23.999631540162124	25.987779415377055	0.0
69.0	26.116740358634242	24.02204618029968	23.95081061164333	25.91040284942275	0.0
70.0	25.914314927797445	23.919418080882828	24.154003457370862	26.012263533948865	0.0
71.0	25.91339378103113	24.171505245930835	23.975608033628	25.939492939410037	0.0
72.0	25.934887205578466	24.09443596648254	24.02013012733319	25.95054670060581	0.0
73.0	25.94225637970898	24.007848170448998	24.011532757514253	26.03836269232777	0.0
74.0	25.965592097788942	23.954114609080666	24.068336808103634	26.01195648502676	0.0
75.0	26.051258747056167	24.080925813909932	23.97130934871853	25.89650609031537	0.0
76.0	25.943177526475292	23.993723920032178	24.105182678756208	25.95791587473632	0.0
77.0	25.88729462265223	24.045615187867885	24.113472999653034	25.953617189826854	0.0
78.0	25.972347174075246	24.23076568789705	23.893625971426026	25.903261166601677	0.0
79.0	25.92628983575953	24.170277050242415	23.939683309741742	25.963749804256313	0.0
80.0	26.03252876280778	24.043158796491046	23.977450327160625	25.946862113540554	0.0
81.0	25.898268863492607	24.113091911742128	24.03080305328511	25.957836171480153	0.0
82.0	25.905330967016905	24.103266376403976	24.02281980582286	25.96858285075626	0.0
83.0	26.01003432796409	24.076553202203378	23.98812338416001	25.925289085672524	0.0
84.0	26.066838204137778	24.028653717429886	24.00009825535338	25.904409823078957	0.0
85.0	25.999594696667298	23.930398364048365	24.102345232466025	25.96766170681831	0.0
86.0	25.87831074483699	23.894780798447567	24.19016095455076	26.036747502164687	0.0
87.0	26.020473959260876	24.06734176282386	23.914738917103186	25.997445360812083	0.0
88.0	26.122413888394203	23.906141573682305	24.07624615422406	25.895198383699437	0.0
89.0	25.973495618425336	23.950356482703988	24.074710914327476	26.001436984543204	0.0
90.0	25.914235358417102	24.053524603754582	23.95987497006282	26.07236506776549	0.0
91.0	26.012797759777946	23.932547699903587	24.07041224261703	25.98424229770144	0.0
92.0	25.965819418942402	23.995185487684306	24.008081502815628	26.03091359055766	0.0
93.0	25.87831074483699	24.11984696728711	24.00009825535338	26.001744032522524	0.0
94.0	26.09907824196609	24.012994270484704	23.969393457421656	25.91853403012755	0.0
95.0	25.915691024708075	23.921727569446364	24.152933987957613	26.009647417887948	0.0
96.0	25.88191585068917	24.184559832720776	23.98098764749772	25.95253666909234	0.0
97.0	25.941790022813592	24.103806462111933	24.017219197808913	25.93718431726556	0.0
98.0	25.93165747060792	24.004630269310955	24.02090376224734	26.042808497833786	0.0
99.0	25.972187679430615	23.95703797864795	24.053143701083567	26.01763064083787	0.0
100.0	26.046800109308744	24.082006122517907	23.963485966415195	25.90770780175815	0.0
101.0	25.927665859132958	24.00923597485899	24.107491026550356	25.955607139457694	0.0
102.0	25.89941753177169	24.034106784818366	24.10994740284264	25.956528280567298	0.0
103.0	25.972801773503683	24.221405477105037	23.911595017240693	25.894197732150587	0.0
104.0	25.918147401000358	24.170128622003606	23.94383495607692	25.967889020919117	0.0
105.0	26.031754804518503	24.04055477258561	23.978531271205437	25.94915915169045	0.0
106.0	25.876616597683643	24.119084757003723	24.026663882782085	25.97763476253055	0.0
107.0	25.898109824246816	24.098512668721828	24.040480957001265	25.96289655003009	0.0
108.0	26.039351027376227	24.064430552314516	23.986133798405817	25.91008462190344	0.0
109.0	26.081109296127536	24.01223271637538	24.009162255437786	25.897495732059294	0.0
110.0	26.002505496125078	23.917355473403667	24.116321342159885	25.96381768831137	0.0
111.0	25.878765920339962	23.89340587809042	24.187248989818354	26.040579211751268	0.0
112.0	26.01877893909434	24.08285331794009	23.911214551528477	25.987153191437102	0.0
113.0	26.12532393362892	23.897090431215535	24.081011041377533	25.896574593778016	0.0
114.0	25.99482934378109	23.93669937731052	24.070571474189705	25.99789980471868	0.0
115.0	25.920217142997508	24.042016187470065	23.96832512496776	26.06944154456467	0.0
116.0	25.996364574249885	23.94652485231083	24.1071099593471	25.95000061409219	0.0
117.0	25.972414978936637	24.002407241375074	23.993502904656047	26.03167487503224	0.0
118.0	25.85850087815183	24.12860318591027	24.026970928875844	25.98592500706206	0.0
119.0	26.110585721128455	24.014382039031698	23.971395585905356	25.903636653934488	0.0
120.0	25.91968263618304	23.916814816861795	24.139116871313515	26.024385675641653	0.0
121.0	25.90156686102744	24.18363869161117	23.96655643678055	25.948238010580845	0.0
122.0	25.932885658754063	24.103499415075397	24.02888698519726	25.93472794097328	0.0
123.0	25.948852104653913	23.983444023790003	24.041782960731755	26.02592091082433	0.0
124.0	25.96758197388258	23.956116837538342	24.065118535508454	26.011182653070623	0.0
125.0	26.032368898591574	24.088454110285156	23.977303083059294	25.901873908063976	0.0
126.0	25.960212845005724	23.995111811178354	24.09613028619854	25.948545057617377	0.0
127.0	25.895732967333267	24.023360138539623	24.13481821280202	25.94608868132509	0.0
128.0	25.97372291461329	24.21495748933779	23.910673876131085	25.900645719917836	0.0
129.0	25.916919212854218	24.167058151638248	23.946598379405742	25.969424256101792	0.0
130.0	26.037588698212677	24.034720878891438	23.989892011557252	25.93779841133863	0.0
131.0	25.869178736248045	24.115008244263556	24.054212557686817	25.961600461801577	0.0
132.0	25.902032970913258	24.0984276024699	24.035482573438426	25.96405685317842	0.0
133.0	26.00581550658466	24.08153991175414	23.998329653863752	25.914314927797445	0.0
134.0	26.045117768614073	24.023814714398444	24.028727497152122	25.902340019835364	0.0
135.0	25.993533549700476	23.91450529812915	24.128211347914064	25.963749804256313	0.0
136.0	25.862423659961742	23.884414503762883	24.209579312271824	26.04358252400355	0.0
137.0	26.00919304472782	24.073863688701522	23.921874472259667	25.995068794311	0.0
138.0	26.135390151712873	23.867833861969228	24.08737384127413	25.90940214504377	0.0
139.0	25.98255956767379	23.93545811839843	24.097580447064605	25.984401866863177	0.0
140.0	25.910709899287642	24.018361581920907	23.975067550970277	26.09586096782117	0.0
141.0	25.981945467943994	23.944669614345372	24.09696634733481	25.97641857037583	0.0
142.0	25.96966347334807	24.0027020388111	24.014062883812333	26.013571604028495	0.0
143.0	25.888295259150084	24.109862441660525	24.021432080569884	25.980410218619504	0.0
144.0	26.129022353230162	24.003316138540896	23.9554163596168	25.912245148612133	0.0
145.0	25.916395949373307	23.923323036864634	24.145628504228103	26.01465250953396	0.0
146.0	25.899508103095698	24.174184317024793	23.975521834449978	25.950785745429535	0.0
147.0	25.94710112442351	24.083296998876193	24.01973728652227	25.94986459017803	0.0
148.0	25.95293510768305	23.992716732478094	24.033861667045365	26.020486492793495	0.0
149.0	25.957006481882356	23.927388179085412	24.094117791554208	26.021487547478024	0.0
150.0	26.028856812117528	24.082142736515014	23.976516610015445	25.912483841352014	0.0
151.0	25.97450848540118	23.991562191987768	24.10210116158034	25.93182816103071	0.0
152.0	25.898666470152943	24.010599458973154	24.132192325524983	25.958541745348917	0.0
153.0	25.95516416572248	24.227685713145235	23.909886175566587	25.9072639455657	0.0
154.0	25.917089631751704	24.158291804456564	23.96239218612306	25.962226377668674	0.0
155.0	26.04390239408985	24.02810146249198	23.996782087774083	25.93121405564409	0.0
156.0	25.862900130498197	24.109925539264605	24.040838259000537	25.98633607123666	0.0
157.0	25.89207031549858	24.09610808321179	24.03961004068473	25.972211560604897	0.0
158.0	26.035771858447838	24.06325324326399	23.989560144315654	25.911414753972515	0.0
159.0	26.063099715974513	23.998771781684194	24.035925385737315	25.902203116603978	0.0
160.0	25.998618254394717	23.922315191525293	24.120979504106856	25.958087049973134	0.0
161.0	25.868427112919324	23.866431258156137	24.202348967528977	26.062792661395562	0.0
162.0	26.00997927381592	24.05404160589545	23.924157518999	26.011821601289633	0.0
163.0	26.14170568818607	23.8584478391034	24.079834190527365	25.92001228218316	0.0
164.0	25.9636937551048	23.921774535271467	24.117983013688534	25.9965486959352	0.0
165.0	25.908423761184494	24.0258663571547	23.98165036201846	26.084059519642345	0.0
166.0	25.99163580758673	23.93835553344756	24.1139912919054	25.956017367060312	0.0
167.0	25.983345308498684	24.000073693325227	24.00560069271726	26.01098030545883	0.0
168.0	25.885087541529263	24.111534847731168	24.02494519058936	25.97843242015021	0.0
169.0	26.14055773564976	23.99270436080252	23.959235308928562	25.90750259461916	0.0
170.0	25.924549853840674	23.92744847576703	24.134712225797735	26.013289444594562	0.0
171.0	25.90919698346803	24.15927681839397	23.98456115355327	25.946965044584736	0.0
172.0	25.95003561865926	24.08650421282763	24.02417155911469	25.939288609398414	0.0
173.0	25.960782627920114	23.97964823503402	24.0306197646712	26.02894937237466	0.0
174.0	25.952878825563218	23.93243488060036	24.09947462316264	26.01521167067378	0.0
175.0	26.01459755397318	24.102545206665624	23.976958341393615	25.90589889796758	0.0
176.0	25.96270469277277	23.999066542615093	24.09763227306085	25.940596491551286	0.0
177.0	25.9203306404316	24.006435943022254	24.11759106583024	25.95564235071591	0.0
178.0	25.950422358760832	24.220762671530473	23.904799629073512	25.924015340635183	0.0
179.0	25.924322398985478	24.151060426012755	23.95055132326796	25.97406585173381	0.0
180.0	26.04346103890122	23.993846550660024	24.007050059722847	25.95564235071591	0.0
181.0	25.84986596820698	24.116817996186313	24.053256527332966	25.98005950827374	0.0
182.0	25.897767365024	24.094709659193843	24.051414165916928	25.95610880986523	0.0
183.0	26.028267965326755	24.062161274177154	24.025314045856376	25.884256714639708	0.0
184.0	26.07985408497585	23.98539621517553	24.028691708452445	25.90605799139617	0.0
185.0	25.995412520074062	23.90678879475787	24.1398475138868	25.95795117128127	0.0
186.0	25.87197430519945	23.873626289269165	24.18989833235586	26.06450107317552	0.0
187.0	26.03747977240695	24.030841130104495	23.927054770334298	26.004624327154257	0.0
188.0	26.167059192001695	23.83831436212842	24.08027782810154	25.914348617768347	0.0
189.0	25.983516955918297	23.908397509119716	24.107987275384748	26.000098259577236	0.0
190.0	25.921183536607835	24.010955942862054	23.972573295503395	26.095287225026713	0.0
191.0	25.999484137219497	23.926514118673005	24.096011889408846	25.977989854698652	0.0
192.0	25.996106464251937	24.01310537111414	23.993453455666508	25.99733470896741	0.0
193.0	25.890170357542036	24.116892049571955	24.024466634732303	25.9684709581537	0.0
194.0	26.153628849011877	23.99222521095103	23.94493778940516	25.90920815063193	0.0
195.0	25.951127842636318	23.92942462522953	24.126252049645956	25.993195482488197	0.0
196.0	25.906296635202935	24.172925635467013	23.96596512991838	25.95481259941167	0.0
197.0	25.96187504989775	24.076507833178777	24.022464733807027	25.939152383116443	0.0
198.0	25.966788058931545	23.985617166053565	24.027377742840823	26.02021703217407	0.0
199.0	25.951207529209462	23.91967205564	24.09500560391814	26.0341148112324	0.0
200.0	26.014008346050975	24.102523160445	23.977240275990823	25.906228217513195	0.0
201.0	25.99175215945416	23.993047985481837	24.08670365809845	25.928496196965554	0.0
202.0	25.93020220785801	23.97782929787659	24.13290138336583	25.959067110899568	0.0
203.0	25.954006258195072	24.212582104264353	23.920553472561284	25.912858164979287	0.0
204.0	25.926369479169548	24.117695829610046	23.979819009804913	25.976115681415497	0.0
205.0	26.073778823211498	23.996388749850297	24.001302015360096	25.92853041157811	0.0
206.0	25.864509729860863	24.10954192730165	24.051196541039836	25.97475180179765	0.0
207.0	25.91779391668842	24.073761304488016	24.050423006648344	25.958021772175222	0.0
208.0	26.02268155841284	24.06376386120827	24.025377795657153	25.888176784721733	0.0
209.0	26.08781104993075	23.967005598361336	24.036716405993285	25.908466945714625	0.0
210.0	25.99431861804223	23.901113243761994	24.141573896353165	25.962994241842612	0.0
211.0	25.88469416898787	23.871924722299852	24.187322070750966	26.05605903796131	0.0
212.0	26.036711391464312	24.021485100776673	23.93181029479057	26.009993212968453	0.0
213.0	26.164481584192472	23.838128844624208	24.089651338842874	25.90773823234045	0.0
214.0	25.971549134865207	23.92710387145516	24.118127598936166	25.983219394743468	0.0
215.0	25.930566816540136	24.008623866735462	23.973612441954742	26.087196874769663	0.0
216.0	26.006117785803788	23.92201665806737	24.104444608240584	25.967420947888257	0.0
217.0	26.011031669983538	24.017530281811258	23.977912090612026	25.993525957593178	0.0
218.0	25.882519149145278	24.109188518498044	24.02534382466938	25.982948507687297	0.0
219.0	26.139434889434888	23.997542997542997	23.945331695331696	25.91769041769042	0.0
220.0	25.935515178319147	23.933033575351047	24.11055418371233	26.020897062617475	0.0
221.0	25.910330593741936	24.178122581358494	23.97326748485854	25.93827934004103	0.0
222.0	25.94150997868511	24.092274427661444	24.03115536527086	25.93506022838259	0.0
223.0	25.935071715961794	23.993980159095795	24.03882183113732	26.032126293805092	0.0
224.0	25.951600667110995	23.920474963373394	24.101074073277783	26.026850296237825	0.0
225.0	26.043755893346933	24.091541530626976	23.96653346806766	25.898169107958434	0.0
226.0	25.977276985499415	23.994618718382668	24.08799255466516	25.94011174145276	0.0
227.0	25.910022145843126	23.971876929314522	24.13651176862662	25.981589156215733	0.0
228.0	25.95856434199008	24.197318507824857	23.929476448635448	25.91464070154961	0.0
229.0	25.936608275510427	24.135420794132013	23.9701686002402	25.957802330117364	0.0
230.0	26.07851629331343	23.99627721823426	23.995970058022564	25.929236430429746	0.0
231.0	25.875949514837465	24.09041623535989	24.043727596364427	25.989906653438222	0.0
232.0	25.905903384639956	24.07182722640136	24.04602545160785	25.976243937350834	0.0
233.0	26.033549068815216	24.057219561791783	24.016058829130742	25.89317254026226	0.0
234.0	26.069648073573724	23.96245135170833	24.05275978264542	25.915140792072517	0.0
235.0	25.998077106198416	23.89487361427242	24.14460407125151	25.962445208277657	0.0
236.0	25.883809295624953	23.88442978212323	24.193751516659447	26.038009405592366	0.0
237.0	26.038396559668254	24.029181385347872	23.928428812778375	26.003993242205496	0.0
238.0	26.173874045449796	23.83534124209789	24.094290822187954	25.896493890264356	0.0
239.0	25.953094042298304	23.925110199818768	24.141362945214947	25.980432812667985	0.0
240.0	25.941603821401692	24.006635231234736	23.970694395379912	26.081066551983657	0.0
241.0	25.998881768526083	23.934761638516317	24.11785668204747	25.94849991091013	0.0
242.0	26.03316702713331	23.9803504718836	23.98925973259929	25.9972227683838	0.0
243.0	25.870088852293815	24.11792899190129	24.03927689225891	25.972705263545983	0.0
244.0	26.150504200131504	24.011724727006815	23.937062550312476	25.900708522549206	0.0
245.0	25.946854470480506	23.9194828020624	24.13795222556123	25.995710501895857	0.0
246.0	25.89499173381025	24.179680537886192	23.98362741302063	25.941700315282922	0.0
247.0	25.95059049855103	24.09811833326675	24.041265753542532	25.91002541463969	0.0
248.0	25.933164924185153	24.01213283425221	24.042864430635714	26.011837810926924	0.0
249.0	25.963361678196172	23.918167653666135	24.102865115535792	26.0156055526019	0.0
