# Position (bp)	A	C	G	T	N
0.0	26.217485678667074	23.804716869247677	23.79423616339972	26.183561288685524	0.0
1.0	26.1448760522048	23.8013415266485	23.831680328320996	26.2221020928257	0.0
2.0	26.291824329542067	23.796154312884042	23.703487153463435	26.20853420411045	0.0
3.0	26.15753316988552	23.721811457709947	23.78027760388083	26.340377768523705	0.0
4.0	26.21739681979383	23.903667220049748	23.679464339883843	26.199471620272575	0.0
5.0	26.21891192067042	23.763853308662334	23.757510913056787	26.25972385761046	0.0
6.0	26.199845030070236	23.775475594993534	23.795053646618925	26.22962572831731	0.0
7.0	26.1853947455496	23.724990624931067	23.801094125692103	26.288520503827232	0.0
8.0	26.28218030621783	23.700035568251064	23.815563453484174	26.202220672046938	0.0
9.0	26.36290698347666	23.63281950046733	23.777567624945203	26.226705891110814	0.0
10.0	26.309593391929596	23.76319243027449	23.810889200127928	26.116324977667986	0.0
11.0	26.228536453565955	23.84259514540622	23.74609879021141	26.182769610816415	0.0
12.0	26.25803676786837	23.719079810756863	23.766225172866328	26.25665824850844	0.0
13.0	26.378795063797877	23.66090629376799	23.742514639875605	26.21778400255853	0.0
14.0	26.074969396870213	23.72735092691642	23.912623928890458	26.285055747322914	0.0
15.0	26.258312471740354	23.714944252677086	23.690406608070404	26.33633666751216	0.0
16.0	26.115497866052028	23.733692115972076	23.80565082656021	26.345159191415686	0.0
17.0	26.132591506115112	23.85362330028563	23.73755197017987	26.27623322341939	0.0
18.0	26.18056397984053	23.759056872194716	23.82908565567895	26.231293492285808	0.0
19.0	26.191592134719937	23.830739878910858	23.740584712771707	26.237083273597495	0.0
20.0	26.26410225305204	23.77256636192199	23.825777209215126	26.137554175810845	0.0
21.0	26.27292477695557	23.79765541427264	23.74141182438766	26.188007984384132	0.0
22.0	26.36162874370363	23.856590269334372	23.677107543512843	26.104673443449155	0.0
23.0	26.2571372643083	23.750168868156017	23.629135202049024	26.363558665486657	0.0
24.0	26.181043205434662	23.817164724338244	23.741622071688322	26.260169998538775	0.0
25.0	26.224880000220562	23.798416912731692	23.794557069165638	26.1821460178821	0.0
26.0	26.147611039122165	23.79311295525351	23.83281409390422	26.226461911720104	0.0
27.0	26.294560392600147	23.788701717625653	23.703785393289404	26.212952496484792	0.0
28.0	26.160844752005737	23.726117283780432	23.781257754128642	26.331780210085192	0.0
29.0	26.226461911720104	23.90063687243252	23.67207962283918	26.20082159300819	0.0
30.0	26.225083399961402	23.76002867304458	23.75975297069284	26.25513495630118	0.0
31.0	26.20192440241515	23.786771801163464	23.789528824680875	26.22177497174051	0.0
32.0	26.19034490364203	23.727771497890878	23.80662237048882	26.275261227978277	0.0
33.0	26.284910810289215	23.70764522621378	23.828954260979845	26.17848970251716	0.0
34.0	26.3593504452593	23.643406578258112	23.78043064707342	26.216812329409173	0.0
35.0	26.309172617242428	23.76747263654159	23.809379394006232	26.113975352209756	0.0
36.0	26.233630172865375	23.844944997380825	23.73659397314659	26.184830856607206	0.0
37.0	26.25099942102506	23.726392986132172	23.76195858950677	26.260649003336	0.0
38.0	26.372859860494607	23.66573846874914	23.74183231782967	26.21956935292658	0.0
39.0	26.077858344131677	23.721706046152573	23.901463979487744	26.298971630228007	0.0
40.0	26.258994789225554	23.69744423919936	23.690275978054093	26.353284993520994	0.0
41.0	26.127760469796808	23.729150009649583	23.80055691875052	26.342532601803093	0.0
42.0	26.142096992087342	23.8427393785669	23.731907033166994	26.283256596178767	0.0
43.0	26.18290094014502	23.76195858950677	23.8226131068898	26.23252736345841	0.0
44.0	26.19117201069725	23.833916903311188	23.73080422376003	26.244106862231536	0.0
45.0	26.266714455074304	23.771883874169447	23.81958038102065	26.1418212897356	0.0
46.0	26.27663973973698	23.79338865760525	23.74155661547793	26.188414987179844	0.0
47.0	26.363413295984955	23.850944691503702	23.678079793554648	26.107562218956694	0.0
48.0	26.246515821135834	23.741215458036837	23.640308675501984	26.371960045325345	0.0
49.0	26.177039020046262	23.81096796071804	23.753070626476728	26.258922392758972	0.0
50.0	26.221426976297934	23.792495954079143	23.793323058854018	26.192754010768905	0.0
51.0	26.154083680716383	23.78636493967666	23.829925671055825	26.229625708551136	0.0
52.0	26.293312600630802	23.779472418888815	23.712752817662498	26.21446216281788	0.0
53.0	26.175864046405966	23.72019674011337	23.778093914731247	26.325845298749424	0.0
54.0	26.233209819360816	23.897472374776683	23.66615937713668	26.20315842872582	0.0
55.0	26.228522905225084	23.76127616400891	23.758519155693776	26.25168177507223	0.0
56.0	26.203985531220365	23.78857054632877	23.78305652969849	26.224387392752373	0.0
57.0	26.18606497717197	23.726537859238185	23.807869604534726	26.279527559055115	0.0
58.0	26.284214473190854	23.704757493548602	23.832406978539446	26.178621054721102	0.0
59.0	26.359205099362583	23.642449105626504	23.783883632193035	26.21446216281788	0.0
60.0	26.30571913804892	23.76954718895432	23.814210723659542	26.110522949337216	0.0
61.0	26.230728511877192	23.840953704316373	23.73618738834116	26.192130395465274	0.0
62.0	26.25168177507223	23.7248836542491	23.771201393943404	26.252233176735263	0.0
63.0	26.37795275590551	23.652650036392508	23.747215421601712	26.22218178610027	0.0
64.0	26.08267716535433	23.71661262930369	23.906294801385123	26.294415403956855	0.0
65.0	26.261607005006727	23.699243476918326	23.682150025364475	26.35699949271047	0.0
66.0	26.124307990912897	23.732327576699973	23.80070138291537	26.34266304947176	0.0
67.0	26.133406118352852	23.848673327598757	23.7389443966563	26.27897615739209	0.0
68.0	26.192681797128298	23.764860274818588	23.808696707029267	26.233761221023844	0.0
69.0	26.19709301043252	23.819449039458306	23.73012197004786	26.253335980061316	0.0
70.0	26.25884999669159	23.772028496437944	23.82441165442555	26.144709852444915	0.0
71.0	26.274013542424846	23.789949050486335	23.733706080857537	26.20233132623128	0.0
72.0	26.35223992523014	23.847504776503737	23.68704733494526	26.11320796332086	0.0
73.0	26.233137494382614	23.74411724972637	23.65313622616228	26.369609029728743	0.0
74.0	26.161455475816968	23.81883196907748	23.75073405144012	26.26897850366543	0.0
75.0	26.219628190883704	23.793743262579508	23.79181336207966	26.19481518445713	0.0
76.0	26.155869362638335	23.782098292318466	23.830621371107817	26.231410973935386	0.0
77.0	26.29592461278032	23.776584306092403	23.704902485153593	26.22258859597369	0.0
78.0	26.178201006853886	23.710692170690958	23.778514201271523	26.332592621183633	0.0
79.0	26.2416118484536	23.887691128547562	23.669888672618093	26.20080835038074	0.0
80.0	26.23582216291624	23.75590685774467	23.752047067386425	26.25622391195267	0.0
81.0	26.196672860711196	23.790920670280165	23.785682383365405	26.226724085643234	0.0
82.0	26.189504678617315	23.73743500388736	23.796986055128837	26.276074262366496	0.0
83.0	26.297578808648137	23.705453883776197	23.824280286947843	26.172687020627823	0.0
84.0	26.363746643360887	23.638734650440842	23.778514201271523	26.219004504926748	0.0
85.0	26.306401186609836	23.765280634328974	23.81049532138269	26.1178228576785	0.0
86.0	26.230032477378874	23.839443749069513	23.74432748666994	26.186196286881675	0.0
87.0	26.257602408509186	23.730542521104784	23.76472923570637	26.247125834679665	0.0
88.0	26.38718108482165	23.65444951118512	23.752047067386425	26.206322336606803	0.0
89.0	26.085290338944734	23.72502853487872	23.90257889135793	26.287102234818615	0.0
90.0	26.26945747889522	23.69745860374841	23.68532783405107	26.347756083305303	0.0
91.0	26.123888242527173	23.734953710085634	23.80553273377923	26.33562531360797	0.0
92.0	26.13271062048887	23.84964462358773	23.73660790595345	26.281036849969947	0.0
93.0	26.19364016828686	23.76390213777246	23.809943922760084	26.2325137711806	0.0
94.0	26.204392441427682	23.820971895212207	23.719238849341355	26.25539681401876	0.0
95.0	26.274695765809973	23.7674862288194	23.81435511174093	26.143462893629692	0.0
96.0	26.290686325865558	23.795056159949713	23.714827660360505	26.199429853824224	0.0
97.0	26.346304950167486	23.86336379802324	23.68029996002371	26.110031291785564	0.0
98.0	26.236576926788253	23.73047709634286	23.663482348400258	26.36946362846863	0.0
99.0	26.16406820782157	23.807396992128808	23.754738568848822	26.27379623120081	0.0
100.0	26.22251630067684	23.79885033704148	23.793336366017396	26.185296996264285	0.0
101.0	26.156276535912394	23.789410999239074	23.824700316501062	26.22961214834747	0.0
102.0	26.290265662391516	23.782242856670234	23.709734337608488	26.217757143329766	0.0
103.0	26.17006142546786	23.718280969132877	23.78362134562578	26.328036259773484	0.0
104.0	26.23374761521411	23.896106044398373	23.667001179986546	26.203145160400975	0.0
105.0	26.23733168649853	23.750813308483774	23.762116917919254	26.249738087098446	0.0
106.0	26.19459852887659	23.790513790403512	23.79134088377684	26.223546796943065	0.0
107.0	26.20038818248988	23.733995743226107	23.792995070523496	26.272621003760516	0.0
108.0	26.289438569018188	23.711664222146254	23.825803107665504	26.173094101170065	0.0
109.0	26.361395692497712	23.64108558762227	23.78665402132798	26.210864698552033	0.0
110.0	26.315905556964676	23.75825714884372	23.812293915901144	26.113543378290455	0.0
111.0	26.238710175454074	23.831868459069906	23.738682605674963	26.190738759801057	0.0
112.0	26.260490300951712	23.721865040417295	23.761565522337037	26.25607913629396	0.0
113.0	26.386759889279766	23.657627455088832	23.750537610692664	26.20507504493874	0.0
114.0	26.098104301988336	23.716626782386218	23.906582560460528	26.278686355164922	0.0
115.0	26.278134959582705	23.696500843635242	23.68106176733312	26.344302429448934	0.0
116.0	26.12264140539706	23.730963067523902	23.813396707065582	26.332998820013454	0.0
117.0	26.133393619250324	23.852270095611992	23.730135974150578	26.28420031098711	0.0
118.0	26.196804111205463	23.754397379768193	23.808434146825615	26.24036436220073	0.0
119.0	26.20507504493874	23.817256476141115	23.719659458088422	26.258009020831725	0.0
120.0	26.27648077283605	23.762944011292582	23.812018218110037	26.148556997761336	0.0
121.0	26.29081705797373	23.79437355947904	23.71745387575955	26.19735550678768	0.0
122.0	26.35126752408916	23.856195635691936	23.687468122355018	26.105068717863887	0.0
123.0	26.23602552968584	23.73516397171333	23.664033745502667	26.364776753098162	0.0
124.0	26.154143059978217	23.811808168948073	23.759701142770496	26.274347628303214	0.0
125.0	26.220035013716004	23.802434418207135	23.799126035592682	26.178404532484183	0.0
126.0	26.159177754373967	23.784303886808893	23.829242874551298	26.22727548426584	0.0
127.0	26.29868160589335	23.780995495073252	23.71179496793617	26.20852793109723	0.0
128.0	26.16965432820349	23.72061734589787	23.774930110224584	26.334798215674056	0.0
129.0	26.23940625396318	23.894859310641444	23.668785875372883	26.1969485600225	0.0
130.0	26.239957652585783	23.746808780471667	23.758939550169003	26.254294016773542	0.0
131.0	26.188126182060795	23.792574866147984	23.791196369591468	26.228102582199746	0.0
132.0	26.207700833163315	23.728336926614357	23.80084584548708	26.26311639473525	0.0
133.0	26.29813020727074	23.718687450718747	23.819042000033082	26.164140341977426	0.0
134.0	26.354097167465273	23.646178531846026	23.78678518061062	26.212939120078076	0.0
135.0	26.315774963194144	23.75783675292379	23.81490651036354	26.11148177351853	0.0
136.0	26.244644540877935	23.82565878350436	23.74432748666994	26.185369188947767	0.0
137.0	26.26374020230871	23.723715444442302	23.760659254010747	26.251885099238244	0.0
138.0	26.380912732656398	23.655893226876344	23.75293965201137	26.21025438845589	0.0
139.0	26.09004915732273	23.721785543942456	23.910364392784377	26.277800905950432	0.0
140.0	26.28166070695012	23.697523937658698	23.674089431589163	26.346725923802016	0.0
141.0	26.130301367748054	23.728678045727612	23.811663767220917	26.329356819303417	0.0
142.0	26.13719386953321	23.84502347586108	23.73722474794121	26.280557906664498	0.0
143.0	26.197368711264033	23.753280839895012	23.810902313681378	26.238448135159576	0.0
144.0	26.207018240367013	23.81558922781711	23.7248836542491	26.252508877566775	0.0
145.0	26.27980325988663	23.767341582302212	23.81476212532257	26.138093032488584	0.0
146.0	26.286695780674474	23.79987428042083	23.713579920157038	26.199850018747657	0.0
147.0	26.36479180394308	23.844879256487946	23.683593825387153	26.106735114181813	0.0
148.0	26.23879617657033	23.72412195935607	23.668705939439388	26.368375924634215	0.0
149.0	26.147814651333984	23.803524017744156	23.761341674225488	26.28731965669638	0.0
150.0	26.223980590554437	23.79862700228833	23.79779989523311	26.179592511924128	0.0
151.0	26.16291893203348	23.783043109057424	23.829912767294903	26.22412519161419	0.0
152.0	26.304906426105852	23.77808043936169	23.709705879109364	26.207307255423096	0.0
153.0	26.16457315526539	23.720734033988773	23.7797346625936	26.334958148152232	0.0
154.0	26.23212060390176	23.894978881083407	23.67165874477541	26.20124177023942	0.0
155.0	26.233499123261687	23.74499597472347	23.764570949634418	26.25693395238043	0.0
156.0	26.187180872768177	23.78855718649713	23.803169491712342	26.221092449022354	0.0
157.0	26.208134367039047	23.725145295940536	23.801239564608444	26.26548077241197	0.0
158.0	26.304906426105852	23.711084398469293	23.815576165951676	26.168433009473187	0.0
159.0	26.363079943094718	23.644088357576894	23.784145924545363	26.20868577478302	0.0
160.0	26.314831765497317	23.759883983810667	23.814473350463732	26.11081090022828	0.0
161.0	26.245905797501017	23.83680536409453	23.736173450819944	26.1811153875845	0.0
162.0	26.262520436605858	23.726864935057772	23.760776604807738	26.249838023528632	0.0
163.0	26.376662154300856	23.66317716503955	23.753332579740672	26.206828100918923	0.0
164.0	26.093789201752376	23.71638815903746	23.919582472905127	26.270240166305037	0.0
165.0	26.271067280201375	23.701775813535445	23.677513805909452	26.34964310035373	0.0
166.0	26.125495234445435	23.730724799907364	23.81895028218369	26.324829683463513	0.0
167.0	26.14176180774013	23.8517591334052	23.7376174157102	26.268861643144465	0.0
168.0	26.195320728082798	23.765804811610504	23.804403566524954	26.23447089378174	0.0
169.0	26.210353345979094	23.804810534209714	23.72954254709074	26.255293572720458	0.0
170.0	26.28010719484759	23.758491772905728	23.81804446601085	26.14335656623583	0.0
171.0	26.285345626185542	23.792403723146148	23.71217301160175	26.210077639066565	0.0
172.0	26.3598591685208	23.845956609126475	23.685219035960554	26.108965186392176	0.0
173.0	26.236893546510505	23.724093817806853	23.66150817611103	26.377504459571604	0.0
174.0	26.164658136271274	23.799086304772775	23.763244307325827	26.273011251630123	0.0
175.0	26.223180462197615	23.798600503995015	23.801909005188833	26.176310028618538	0.0
176.0	26.162393162393162	23.77667493796526	23.826302729528535	26.23462917011304	0.0
177.0	26.30824372759857	23.770609318996417	23.710780259167354	26.210366694237663	0.0
178.0	26.164047422111935	23.72511717673008	23.778329197684037	26.332506203473944	0.0
179.0	26.23084155181018	23.896950363800286	23.66976473604835	26.202443348341188	0.0
180.0	26.228360155390558	23.762679246427478	23.76240353571419	26.246557062467772	0.0
181.0	26.195274869795615	23.7932831356028	23.79521311059584	26.216228884005744	0.0
182.0	26.206579009040553	23.724906878706587	23.801278746288247	26.267235365964613	0.0
183.0	26.309694815811458	23.711121343042027	23.81451286052622	26.16467098062029	0.0
184.0	26.369799751308935	23.6399879790129	23.782530417784447	26.20768185189372	0.0
185.0	26.316863294357027	23.761852114287603	23.812307174819892	26.108977416535474	0.0
186.0	26.251519855307016	23.843462485421796	23.7306968036857	26.174320855585485	0.0
187.0	26.26620494185245	23.71835521563394	23.76825899232971	26.2471808501839	0.0
188.0	26.38889654754093	23.65907724884063	23.74427209413893	26.207754109479513	0.0
189.0	26.103810883986128	23.72193946478889	23.90749328642562	26.266756364799367	0.0
190.0	26.265377807432078	23.70594819932837	23.68333985850487	26.34533413473468	0.0
191.0	26.123937821548505	23.736000749935208	23.823952709968072	26.316108718548215	0.0
192.0	26.140204798482486	23.863930873619374	23.72469657952346	26.27116774837468	0.0
193.0	26.18852651110982	23.76611882645845	23.81491989181052	26.23043477062121	0.0
194.0	26.202108652976598	23.8254626464036	23.727308820610098	26.245119880009703	0.0
195.0	26.28068685621016	23.760394379866334	23.82656549837881	26.1323532655447	0.0
196.0	26.285373977104793	23.79182566115976	23.730893089529523	26.19190727220592	0.0
197.0	26.357132025531094	23.852272570617185	23.689877169522603	26.10071823432912	0.0
198.0	26.23030369870001	23.72902852258785	23.667544355450172	26.37312342326197	0.0
199.0	26.149519568783692	23.802644094900675	23.77341843697873	26.27441789933691	0.0
200.0	26.21741743728873	23.806294010929324	23.79884971904691	26.177438832735035	0.0
201.0	26.15745591300608	23.77416651042758	23.822416816472376	26.24596076009396	0.0
202.0	26.299449670795056	23.76782504163312	23.71736900731199	26.215356280259833	0.0
203.0	26.159937357316952	23.709924674379362	23.785195151809248	26.344942816494438	0.0
204.0	26.225905798599907	23.889757396792312	23.675249730486833	26.209087074120944	0.0
205.0	26.226181515394646	23.75107184903954	23.768717723902714	26.254028911663095	0.0
206.0	26.193922650410407	23.79325651863432	23.786087881971156	26.22673294898412	0.0
207.0	26.210189941299895	23.724878753539514	23.792153651455372	26.27277765370522	0.0
208.0	26.300625049973668	23.710541480213184	23.82303393246593	26.16579953734722	0.0
209.0	26.356044125715826	23.646023750244698	23.781676413255358	26.216255710784107	0.0
210.0	26.30641510266315	23.76651198954482	23.822482498876454	26.10459040891558	0.0
211.0	26.24630884141046	23.84205839130279	23.746936097118486	26.16469667016827	0.0
212.0	26.267611458821584	23.71363974744272	23.764371777551077	26.25437701618462	0.0
213.0	26.390030053213486	23.65325760291158	23.746450136480192	26.210262207394745	0.0
214.0	26.106868124293474	23.723289861865503	23.90829634122805	26.261545672612975	0.0
215.0	26.266508588601837	23.703438197910064	23.68082935840525	26.349223855082855	0.0
216.0	26.117069673826133	23.73404284650804	23.82365105186247	26.325236427803354	0.0
217.0	26.141057101105623	23.853704265350576	23.722738426755633	26.282500206788168	0.0
218.0	26.192137065088822	23.758647215658595	23.82344101971662	26.225774699535965	0.0
219.0	26.203238044820893	23.82019807658373	23.728935062643373	26.247628815952	0.0
220.0	26.276579318863597	23.763675666137285	23.823230986412565	26.136514028586554	0.0
221.0	26.28485089112405	23.795383359802365	23.72259352391036	26.19717222516322	0.0
222.0	26.351371844041832	23.84397565945292	23.70115278463248	26.103499711872775	0.0
223.0	26.220956361821624	23.735617764077567	23.671375042391922	26.372050831708883	0.0
224.0	26.14127332934459	23.799860485763205	23.77421854105606	26.284647643836145	0.0
225.0	26.21965005541984	23.79055160662391	23.81150637190297	26.17829196605328	0.0
226.0	26.15692999966913	23.774690915507716	23.822942285846633	26.245436798976517	0.0
227.0	26.30223555491833	23.766694974137266	23.712101995125234	26.21896747581917	0.0
228.0	26.165201663155806	23.720649380728126	23.784892633807946	26.329256322308126	0.0
229.0	26.235031694344645	23.897728870666672	23.673566172111734	26.19367326287695	0.0
230.0	26.230620128321426	23.76427899846422	23.76703622722874	26.238064645985617	0.0
231.0	26.188985973977275	23.8108761645845	23.787439720086137	26.212698141352092	0.0
232.0	26.20304784067629	23.736155265066188	23.80232875541451	26.25846813884301	0.0
233.0	26.289900546758467	23.721266229737815	23.83017676593609	26.15865645756763	0.0
234.0	26.355522591353882	23.653162679254336	23.776962250780986	26.2143524786108	0.0
235.0	26.30148090756942	23.75959170956455	23.823835139777714	26.115092243088316	0.0
236.0	26.23778892310916	23.847823030028977	23.742772614101018	26.17161543276084	0.0
237.0	26.265157906926728	23.71581716214204	23.769031824022147	26.24999310690908	0.0
238.0	26.385649136157845	23.66894414390568	23.73401492216322	26.211391797773253	0.0
239.0	26.10496247401305	23.734842093073272	23.90165489326738	26.2585405396463	0.0
240.0	26.270990156340474	23.697024843521657	23.681308076212535	26.35067692392533	0.0
241.0	26.140402639408588	23.72131242468779	23.818373835332007	26.319911100571613	0.0
242.0	26.14403776737876	23.85361831673749	23.72208327243748	26.280260643446272	0.0
243.0	26.204888218472426	23.761882044083865	23.81372594980517	26.219503787638537	0.0
244.0	26.206930785904568	23.822025625044812	23.73460484151191	26.236438747538703	0.0
245.0	26.273738671903008	23.77149097889099	23.82499434629365	26.129776002912347	0.0
246.0	26.28659841581537	23.793383050548286	23.72443351057962	26.19558502305673	0.0
247.0	26.344502701554738	23.843185710857796	23.711072926808413	26.101238660779053	0.0
248.0	26.228210503089144	23.737036628420125	23.67111650485437	26.36363636363636	0.0
249.0	26.149327007943512	23.798267872903793	23.781994704324802	26.27041041482789	0.0
