# Position (bp)	A	C	G	T	N
0.0	26.58133097864542	25.31111894073842	25.632169908712342	22.188185092389602	0.28719507951421513
1.0	25.140262596810008	23.456422718372135	26.02504608964772	25.374716266836405	0.003552328333733272
2.0	23.80185989694627	25.508064326118124	25.17001328497819	25.519446271959634	6.162199977888577E-4
3.0	26.164582877209874	25.117625480470185	23.88978945582719	24.82767595249453	3.262339982223872E-4
4.0	26.916651230971052	24.24229462761671	23.048713605438973	25.792340535973267	0.0
5.0	26.446611119931507	23.889917129374886	23.75695874737835	25.90651300331526	0.0
6.0	26.129330662566268	23.746084288654533	24.39960300976019	25.724982039019007	0.0
7.0	25.307076590262717	24.589833541035492	24.27668537798531	25.817269945388468	0.009134545328006298
8.0	24.893303435821483	25.049678152269973	24.658052645429574	25.398965766478977	0.0
9.0	25.031336565222468	25.121957054587607	24.70358037928662	25.139972407873394	0.0031535930299069364
10.0	25.09096484722473	25.02357945133281	24.57076699007307	25.314688711369392	0.0
11.0	25.36456622871597	24.690096050469087	24.60429657113817	25.341041149676773	0.0
12.0	26.0205860753281	24.15971245031279	24.33156514634484	25.48813632801427	0.0
13.0	26.182434269334244	23.96571210667989	24.031647574741967	25.8202060492439	0.0
14.0	25.955991790508627	24.12531291254978	24.16746956420244	25.749667060322075	0.0015586724170804397
15.0	25.85576552927078	24.192988294007666	24.42929028207621	25.518149834092007	0.0038060605533359578
16.0	25.49480599603155	24.44748687634073	24.751319253084176	25.306387874543546	0.0
17.0	25.20221055996938	24.832406466968106	25.10332548197414	24.862057491088382	0.0
18.0	25.279636706082954	24.85230672643269	24.989143665374055	24.878912902110297	0.0
19.0	25.28608888492575	24.88293645183811	24.66091625289351	25.170058410342627	0.0
20.0	25.42694937359493	24.822293220354958	24.557028923885312	25.193655985773304	7.249639149211349E-5
21.0	25.749558315734834	24.396340672143044	24.32156064431893	25.532540367803193	0.0
22.0	25.754415573964806	24.1917558553523	24.144850690056902	25.908905384234497	7.249639149211349E-5
23.0	25.615150005908454	24.269834468989306	24.344469504030435	25.765978748407797	0.004567272664003149
24.0	25.637152660726315	24.301551640267107	24.37292433769109	25.688190120336763	1.812409787302837E-4
25.0	25.449785736914944	24.406018940407243	24.566018476430333	25.578104349855984	7.249639149211349E-5
26.0	25.311970096688434	24.623580611275074	24.874236884859055	25.187820026258194	0.002392380919239745
27.0	25.428834279773728	24.57794413283079	24.838604908440683	25.15429044519309	3.2623376171451063E-4
28.0	25.26607988087393	24.705465285465415	24.659865055216876	25.368589778443777	0.0
29.0	25.189378698675274	24.800073076362626	24.559928779544997	25.450619445417104	0.0
30.0	25.37076467018854	24.563299861749382	24.360744943920416	25.69920957184356	0.005980952298099362
31.0	25.359237743941293	24.34718811871139	24.228112795685593	26.065461341661717	0.0
32.0	25.37565817661426	24.331710139127825	24.247034353865036	26.034795368060553	0.010801962332324909
33.0	25.535476471658626	24.171674354908983	24.253595277295073	26.03925389613732	0.0
34.0	25.39102741161059	24.255588928061105	24.3774191139636	25.975964546364704	0.0
35.0	25.298881112201233	24.46448226692815	24.696725587927432	25.534332818168792	0.005578214774394025
36.0	25.434908304622123	24.47373589601922	24.743893552229927	25.347352113555054	1.101335736692652E-4
37.0	25.341086541773322	24.47365996893143	24.724265487950106	25.460988001345147	0.0
38.0	25.213551623499843	24.571450747948447	24.84303848388516	25.371959144666555	0.0
39.0	25.354991049632623	24.50042029614017	24.613943583485206	25.530645070742004	0.0
40.0	25.216472140016542	24.573224319207494	24.340683358946983	25.86874439304791	8.75788781069559E-4
41.0	25.137666704420514	24.588733481729065	24.450354077145747	25.823245736704674	0.0
42.0	25.319062322290513	24.375545691316987	24.366217467820555	25.93773040029007	0.0014441182818739347
43.0	25.327777032027534	24.256826881537773	24.29777054993999	26.11762553649471	0.0
44.0	25.33397823925393	24.33668113010373	24.40742226623535	25.921918364406988	0.0
45.0	25.524524932469657	24.24321983047272	24.439533974060975	25.792721262996647	0.0
46.0	25.41106197202858	24.38735273584811	24.517957291308285	25.683628000815027	0.0
47.0	25.334082033829556	24.45660278001924	24.727097817038164	25.482217369113037	0.0
48.0	25.385226515279403	24.371429018947193	24.727287124715236	25.51605734105817	0.0
49.0	25.28541683062267	24.48851285348358	24.568945777360423	25.657124538533328	0.0
50.0	25.22096959772918	24.564527486695003	24.622670801100313	25.591832114475505	0.0
51.0	25.393280591954053	24.468259329771335	24.486776504218007	25.651683574056598	0.0
52.0	25.348158762491746	24.378306638859062	24.38692902868064	25.886557932455723	4.763751282640033E-5
53.0	25.35192978002558	24.430634342566464	24.50215287880415	25.7152829986038	0.0
54.0	25.66212674565011	24.2310628721905	24.373493402888162	25.729311902836844	0.004005076434380577
55.0	25.66277482411668	24.189302264382135	24.367961069239026	25.778265714367947	0.0016961278942109613
56.0	25.5342204178711	24.318923754312998	24.514784331576273	25.63207149623962	0.0
57.0	25.660467953338284	24.225278518435637	24.50402779671291	25.610225731513168	0.0
58.0	25.452185331837367	24.31388859539818	24.542475932364088	25.691450140400367	0.0
59.0	25.34227965387503	24.479384932787465	24.67216908361617	25.505130165279745	0.0010361644415994695
60.0	25.44545715567093	24.420057377302033	24.604433571179417	25.53005189584762	0.0
61.0	25.293884882626465	24.474719570124744	24.509886066667118	25.71129590680328	0.01021357377839236
62.0	25.374406213790156	24.517007626577147	24.512781502443897	25.59164160953514	0.004163047653649573
63.0	25.590387087614737	24.284313176400406	24.375096872846818	25.750137738535138	6.51246029027338E-5
64.0	25.656901309460416	24.15577805888028	24.218251929924246	25.96832817093605	7.405307990125359E-4
65.0	25.68972188431657	24.147085923298974	24.250916520756377	25.91227567162808	0.0
66.0	25.65649389064188	24.18761065262803	24.291805166347334	25.86401823331933	7.205706342967123E-5
67.0	25.578225205070844	24.217151379567486	24.275540641312453	25.929082774049217	0.0
68.0	25.312835042468322	24.368304943875078	24.62490692191946	25.693953091737136	0.0
69.0	25.52624347128004	24.435339333199266	24.510571338608923	25.524881443493076	0.0029644134186977574
70.0	25.256480617069172	24.451832278040893	24.5429402559851	25.744666144225427	0.004080704679402351
71.0	25.198622126478977	24.657475084778262	24.418040192584428	25.72396231923616	0.001900276922173295
72.0	25.033602542749527	24.465883430377417	24.569047950402016	25.93146607647104	0.0
73.0	25.280079164803837	24.39162633913289	24.481790411555966	25.846504084507306	0.0
74.0	24.387690111350583	24.619678706148438	24.62293226485151	26.36762847120206	0.0020704464474096745
75.0	22.362692511089286	25.92950343740894	24.046213453921453	27.66159059758032	0.0
76.0	25.029505382497046	24.566360287543365	24.36965773756303	25.993347877400662	0.04112871499588713
77.0	25.00754552466548	24.5033926914607	24.912900425157712	25.532937612484208	0.0432237462318954
78.0	25.29838229514066	24.581953465203974	24.89094015231409	25.18552821546568	0.04319587187559589
79.0	25.154162802427553	24.64408323977807	24.770586225411236	25.390084769203234	0.041082963179902704
80.0	25.193309943114077	24.733027897945973	24.819038048846952	25.21247062029499	0.04215348979800389
81.0	25.366723108457357	24.586935210765528	24.57267623206488	25.426878174850724	0.046787273861509666
82.0	25.41986441246958	24.37964508518515	24.184749666626256	25.977507763178753	0.038233072540261294
83.0	25.307347058249587	24.417991999219435	24.61264513611084	25.62103619865353	0.04097960776661137
84.0	25.556604495700764	24.147169137345955	24.454366851223433	25.804097670502387	0.03776184522746409
85.0	25.25097184843436	24.491648511256354	24.358686829851766	25.866653851082916	0.03203895937459951
86.0	25.232160927637352	24.44105264923433	24.68649189603216	25.601158428517916	0.03913609857824145
87.0	25.279187817258887	24.56500689533758	24.728147648249756	25.38247117162055	0.04518646753322966
88.0	25.23919091475489	24.52794107668297	24.696346285523937	25.495191506949027	0.041330216089174567
89.0	25.160975926708034	24.446899061109125	25.05831519443813	25.2922257236607	0.04158409408401286
90.0	25.314930441450322	24.461195092562164	24.76037901193997	25.427894621535764	0.03560083251177566
91.0	25.425281717575427	24.51916833797452	24.39219703637439	25.628002943425628	0.03534996465003535
92.0	25.317416348554644	24.45756524774792	24.507653661387145	25.675624397610935	0.04174034469935568
93.0	25.584255842558424	24.017188223830292	24.33826935671954	26.02114982188783	0.03913675500391367
94.0	25.461775808580576	24.24354522754597	24.256997049006667	26.00237088353245	0.035311031334336614
95.0	24.97788236959445	24.423172199023284	24.780593106376955	25.788272347653763	0.030079977351546466
96.0	25.115284804809292	24.376901965909305	24.795101095905757	25.666038123331404	0.04667401004424696
97.0	24.979727457922113	24.568343189414765	24.54757619509108	25.864796977907872	0.03955617966416804
98.0	25.173751669172617	24.533420252978225	24.60807301250171	25.642697172658163	0.0420578926892868
99.0	25.32371687353237	24.433635245443362	24.41909873644191	25.795594319579557	0.027954825002795485
100.0	25.261254019292608	24.371098921883867	24.472763381880082	25.85823718554946	0.036646491393985244
101.0	25.318288481701533	24.405861500823807	24.550651555244897	25.695241899246092	0.029956562983673676
102.0	25.57115549403467	24.248895919847076	24.53101311713137	25.609386329180673	0.039549139806209214
103.0	25.077916295636687	24.866429207479964	24.2486642920748	25.76942341941229	0.037566785396260016
104.0	24.90602607776342	24.950076353811816	24.80030541524727	25.303946904733937	0.039645248443556914
105.0	25.36984771888472	24.599137797351364	24.613094315045124	25.371398443072916	0.04652172564587662
106.0	25.02746577027138	24.786422890874803	24.792981880790357	25.35049602361236	0.042633434451094535
107.0	24.766995851918704	24.98047451273062	24.96832532065189	25.247756738462606	0.03644757623618029
108.0	24.719493159489485	25.06473234781012	24.824166743182445	25.35120741896979	0.04040033054815903
109.0	25.34442777247306	24.34865639066976	24.52598554085391	25.740008184422315	0.04092211158095758
110.0	25.229357798165136	24.677238573622816	24.627423305243056	25.42031632695421	0.04566399601477853
111.0	25.399672290864	24.3656171117311	24.83060980470307	25.355387272485718	0.04871352021611089
112.0	25.311623742312495	24.623577369872052	24.68719809609086	25.344612267018547	0.032988524706048676
113.0	25.222020385508127	24.417196488041174	24.916742355434454	25.375920880008074	0.06811989100817438
114.0	25.238288105845825	24.441744295936278	24.587552315377344	25.678412312677196	0.054002970163358976
115.0	25.210495963091116	24.553056516724336	24.417531718569784	25.769896193771626	0.049019607843137254
116.0	25.334445577285507	24.565143510365495	24.89572712948373	25.167608984459484	0.03707479840578367
117.0	25.447874661201826	24.324056323130826	24.330667019237126	25.844516427579823	0.05288556885039994
118.0	25.654878265505598	24.40021325750844	24.609916474142526	25.288786209347787	0.04620579349564599
119.0	25.55114806621405	24.212373178732168	24.757799984743308	25.43672286215577	0.041955908154702876
120.0	25.45469508682413	24.29018187803473	24.30252654102543	25.882643403835075	0.06995309028063534
121.0	24.940977326384246	24.9231591607644	24.37525056795403	25.69824936522785	0.06236357966947303
122.0	25.465987701767872	24.793428132205992	25.26421983089931	24.44273635664873	0.033627978478093776
123.0	25.130235465722023	24.44780162533861	24.770785580329235	25.593873723692433	0.05730360491769119
124.0	25.60295790671217	24.254835039817976	24.613196814562002	25.48919226393629	0.03981797497155859
125.0	25.048085872060554	24.682012781535025	24.619966495005276	25.56307005025749	0.08686480114165167
126.0	25.39251002514783	24.06035478828247	24.950723849656768	25.548834364167742	0.04757697274519133
127.0	24.886134547898155	24.99066676622116	24.43813932651385	25.595460315089973	0.08959904427686105
128.0	25.219116917479745	24.73954026790144	24.99586571853812	24.954522903919298	0.09095419216140235
129.0	25.062057552634	24.786246207594008	25.48496828169532	24.62995311207134	0.03677484600533235
130.0	25.280148041533874	25.023131489667932	24.334327130667216	25.30070936568315	0.061683972447825634
131.0	23.90874170643697	24.3161448027005	25.87591665696659	25.85263648003725	0.04656035385868933
132.0	24.224677226141356	25.342739251963266	24.677226141354986	25.7154265939039	0.03993078663649674
133.0	24.71564709498924	24.193052566861358	25.099907777436215	25.92991085152167	0.06148170919151552
134.0	24.17899675207506	25.135330205701912	24.702273547455793	25.929267412486467	0.05413208228076506
135.0	24.799653454624217	24.951267056530213	25.0379034004765	25.124539744422787	0.08663634394628547
136.0	24.448034464189554	25.82121701669359	24.205708131394722	25.49811523963382	0.026925148088314487
137.0	25.815503332164152	25.78042792002806	24.868467204489654	23.36022448263767	0.175377060680463
138.0	23.695758166747925	26.96245733788396	24.914675767918087	24.427108727450026	0.0
139.0	22.24824355971897	26.697892271662766	25.683060109289617	25.214676034348166	0.156128024980484
140.0	21.639344262295083	30.16393442622951	23.934426229508198	24.262295081967213	0.0
