# Position (bp)	A	C	G	T	N
0.0	26.271233423515323	23.80222424269304	23.742903712245532	26.183638621546102	0.0
1.0	26.258759480196918	23.74650729587085	23.809708608684083	26.18502461524815	0.0
2.0	26.19420505983152	23.889367812109334	23.600535531637114	26.315891596422027	0.0
3.0	26.149394224132916	23.813879487883096	23.628446381005443	26.40827990697855	0.0
4.0	26.122325667768877	23.8209933174608	23.75890751155101	26.29777350321931	0.0
5.0	26.337830646770584	23.73616992971331	23.767765681470475	26.158233742045635	0.0
6.0	26.27544233071704	23.635315507072857	23.83209170325041	26.257150458959693	0.0
7.0	26.268880082033093	23.675137876562367	23.87772635313028	26.178255688274255	0.0
8.0	26.17632306033826	23.74511222145551	23.863167141934717	26.215397576271513	0.0
9.0	26.30419420542877	23.87995178118635	23.779357359604273	26.036496653780606	0.0
10.0	26.326640323215305	23.817177186497226	23.67779335723826	26.17838913304921	0.0
11.0	26.245725654937736	23.877863187705405	23.660612845480696	26.215798311876163	0.0
12.0	26.201111745373733	23.696082289109217	23.7817077428687	26.32109822264835	0.0
13.0	26.281195098566258	23.642323913609737	23.68721492820209	26.389266059621917	0.0
14.0	26.239556633183238	23.625632144094215	23.7946657429858	26.340145479736748	0.0
15.0	26.195774160027714	23.801039140976794	23.863110495323866	26.14007620367163	0.0
16.0	26.30994111534465	23.81655697956356	23.661655697956355	26.211846207135437	0.0
17.0	26.25119501212331	23.75697956356079	23.69740214755802	26.29442327675788	0.0
18.0	26.26588153792865	23.68742639418081	23.793557325943887	26.25313474194666	0.0
19.0	26.225978524419812	23.742293037755456	23.66220990647731	26.36951853134742	0.0
20.0	26.277797021129203	23.757810876342223	23.670245930031175	26.294146172497403	0.0
21.0	26.145618288881188	23.718739175614825	23.72123311395913	26.414409421544853	0.0
22.0	26.305230342916524	23.750606165569796	23.84703844821614	26.09712504329754	0.0
23.0	26.224593003117423	23.829303775545547	23.755871146518878	26.190232074818148	0.0
24.0	26.12317284378247	23.823207481815032	23.786629719431936	26.26698995497056	0.0
25.0	26.27197783165916	23.800484932455838	23.74395566331832	26.183581572566677	0.0
26.0	26.26532732940769	23.74838933148597	23.805195704883964	26.18108763422238	0.0
27.0	26.19605126428819	23.884447523380672	23.606511950121234	26.312989262209907	0.0
28.0	26.141461724974018	23.80574991340492	23.638101835815725	26.414686525805337	0.0
29.0	26.12677519916869	23.81683408382404	23.75947350190509	26.296917215102184	0.0
30.0	26.34735019050918	23.72649809490821	23.767509525458955	26.15864218912366	0.0
31.0	26.276965708347767	23.639487357118117	23.835122965015586	26.24842396951853	0.0
32.0	26.256459993072394	23.684932455836506	23.873640457222027	26.184967093869066	0.0
33.0	26.168822531839194	23.742781454017447	23.86914064664871	26.219255367494654	0.0
34.0	26.303217725756216	23.88382713175717	23.787118012835435	26.02583712965118	0.0
35.0	26.319566831820346	23.81649098305235	23.67987896119443	26.184063223932874	0.0
36.0	26.243086267859322	23.870526164111773	23.66546957957858	26.220917988450328	0.0
37.0	26.186557155366387	23.705649586007382	23.784901184894537	26.322892073731698	0.0
38.0	26.27855551491371	23.64385550715481	23.692348618361986	26.38524035956949	0.0
39.0	26.24162803392846	23.623838593204887	23.794256768926807	26.340276603939845	0.0
40.0	26.194797673445525	23.806449288815855	23.856604881995803	26.142148155742817	0.0
41.0	26.31090371511623	23.81282265148513	23.666235310091803	26.210038323306833	0.0
42.0	26.26739858733031	23.74853481934288	23.691174555319403	26.29289203800741	0.0
43.0	26.269892511853072	23.68757221989764	23.795088077101063	26.247447191148233	0.0
44.0	26.23497756853443	23.740221737600343	23.655705406551263	26.36909528731396	0.0
45.0	26.28845839441139	23.746595100269623	23.659030639248275	26.305915866070713	0.0
46.0	26.159051421952633	23.71805351962026	23.714728286923243	26.408166771503865	0.0
47.0	26.314783153262745	23.74687220299437	23.838593204886983	26.0997514388559	0.0
48.0	26.223339254094885	23.826400684997935	23.75906472288342	26.19119533802376	0.0
49.0	26.120534143212232	23.825569376823683	23.780124529964503	26.273771949999585	0.0
50.0	26.271000922752073	23.795919385275315	23.746317997544867	26.18676169442774	0.0
51.0	26.27044671730257	23.74188435394885	23.81503947328314	26.172629455465433	0.0
52.0	26.195351878895025	23.89623057163521	23.59695962890403	26.311457920565733	0.0
53.0	26.14575049116458	23.79952172069708	23.641850270313707	26.412877517824633	0.0
54.0	26.13577479307354	23.8169791923564	23.759618928332923	26.287627086237137	0.0
55.0	26.35080650748039	23.73301706675682	23.76626939372695	26.149907032035845	0.0
56.0	26.274049052724337	23.649054941157235	23.841087129409743	26.23580887670868	0.0
57.0	26.26130232738578	23.68590960354913	23.865195066463087	26.187593002601993	0.0
58.0	26.172556930597047	23.74431248233475	23.860972406187134	26.222158180881074	0.0
59.0	26.31083080708716	23.892284927316158	23.771468474110364	26.025415791486317	0.0
60.0	26.313047622742314	23.81940711265303	23.673651483326775	26.193893781277882	0.0
61.0	26.24210952177744	23.87316489229047	23.662013201137228	26.22271238479486	0.0
62.0	26.19638769888993	23.692771518352462	23.793636630661886	26.317204152095723	0.0
63.0	26.275915960518514	23.639567942628812	23.707457922067846	26.37705817478483	0.0
64.0	26.247301727171713	23.625647377652896	23.800498227937897	26.326552667237497	0.0
65.0	26.190495983418266	23.80576315052968	23.864231501417375	26.139509364634684	0.0
66.0	26.30604717924845	23.81712429928037	23.67386298454607	26.20296553692512	0.0
67.0	26.264204899703223	23.754499430557058	23.692705865400868	26.28858980433885	0.0
68.0	26.264204899703223	23.68882644875429	23.799389823181734	26.24757882836075	0.0
69.0	26.240097096256644	23.72484960332965	23.664164442929625	26.370888857484086	0.0
70.0	26.26753011397172	23.755884936502262	23.665272847685788	26.31131210184023	0.0
71.0	26.162231662136058	23.714873960524166	23.712102948633753	26.41079142870602	0.0
72.0	26.318793833944344	23.74396958537349	23.838183989647497	26.099052591034667	0.0
73.0	26.220422911834714	23.83402747181188	23.762812466228294	26.182737150125114	0.0
74.0	26.12038938259084	23.81573879333516	23.788859977998168	26.27501184607583	0.0
75.0	26.26974692348405	23.79024548394337	23.747849002020068	26.192158590552513	0.0
76.0	26.261433887812814	23.741752775861162	23.82155791830503	26.175255418021	0.0
77.0	26.18523106082648	23.89360422745574	23.607081597987136	26.31408311373064	0.0
78.0	26.151147614574416	23.804100543395432	23.647815472776195	26.39693636925396	0.0
79.0	26.134798644420982	23.805208948151595	23.766137680496787	26.293854726930633	0.0
80.0	26.350383369495038	23.724018299762527	23.7736194126009	26.151978918141538	0.0
81.0	26.281939375801862	23.6350688180803	23.841786305105035	26.241205501012804	0.0
82.0	26.26669881040459	23.676356895247437	23.87088192995436	26.186062364393603	0.0
83.0	26.17739968964753	23.73947018399468	23.859454666371093	26.2236754599867	0.0
84.0	26.30874528929284	23.88217690090889	23.773553535801376	26.035524273996895	0.0
85.0	26.31179339392596	23.824817113722013	23.668532476169364	26.194857016182667	0.0
86.0	26.241964087785412	23.874140988694304	23.660219463533586	26.2236754599867	0.0
87.0	26.188483706495237	23.69651961870982	23.799046774551098	26.315949900243847	0.0
88.0	26.25471070716027	23.64913544668588	23.717856351141652	26.37829749501219	0.0
89.0	26.246602065500817	23.62163704933205	23.81477550771584	26.316985377451292	0.0
90.0	26.198386725818207	23.80175182400847	23.86964123907881	26.130220211094517	0.0
91.0	26.30479299270397	23.804245720888602	23.685369969602167	26.20559131680526	0.0
92.0	26.270709735342123	23.7463318933388	23.70005625122963	26.282902120089446	0.0
93.0	26.26710743984859	23.68980356405574	23.79482433267476	26.248264663420905	0.0
94.0	26.2321928835267	23.730814312751296	23.670406588321356	26.366586215400645	0.0
95.0	26.27957692424927	23.747717391605544	23.668743990401268	26.303961693743922	0.0
96.0	26.17400195632355	23.705598244296596	23.712802835283654	26.407596964096197	0.0
97.0	26.314491480571157	23.73497080755152	23.849135864731032	26.10140184714629	0.0
98.0	26.22748218941978	23.82835339072991	23.764066271153094	26.18009814869722	0.0
99.0	26.12606371629429	23.812281610835704	23.784848745154218	26.276805927715785	0.0
100.0	26.268770037768686	23.793715934061368	23.742452498191923	26.195061529978027	0.0
101.0	26.268770037768686	23.740789900271835	23.81976330147611	26.170676760483374	0.0
102.0	26.183977543844094	23.89790540372034	23.61166146181151	26.306455590624054	0.0
103.0	26.148785887868854	23.80119762470177	23.6465760181334	26.403440469295976	0.0
104.0	26.14934008717555	23.807016717422087	23.765174669766488	26.278468525635873	0.0
105.0	26.351345734466484	23.724163921070936	23.777644154167163	26.146846190295413	0.0
106.0	26.278468525635873	23.637431729572906	23.84636486819755	26.23773487659367	0.0
107.0	26.272649432915557	23.678165378615113	23.87241223561229	26.176772952857036	0.0
108.0	26.17448362622686	23.737121829296	23.860430833347188	26.227963711129952	0.0
109.0	26.30804528904185	23.887586524127	23.776192772152672	26.028175414678483	0.0
110.0	26.319129244462182	23.820528593833995	23.671449393430542	26.188892768273288	0.0
111.0	26.245975138687992	23.875948370935653	23.66147383355224	26.21660265682411	0.0
112.0	26.188892768273288	23.686689832133496	23.8072278473296	26.31718955226362	0.0
113.0	26.25151711639816	23.64540209819276	23.720218797279998	26.382861988129086	0.0
114.0	26.246733705937935	23.616795471108365	23.81769160642092	26.318779216532782	0.0
115.0	26.202675105228014	23.796909247595483	23.87034024877869	26.130075398397818	0.0
116.0	26.309080782414245	23.803282504301947	23.683853215585106	26.2037834976987	0.0
117.0	26.27056414405777	23.75201935253254	23.708514948057957	26.268901555351736	0.0
118.0	26.26696186852803	23.685792902408814	23.79552375700712	26.25172147205604	0.0
119.0	26.239252056760776	23.727357620059685	23.668612819113118	26.364777504066417	0.0
120.0	26.28719003111812	23.73650185794288	23.673600585231224	26.30270752570778	0.0
121.0	26.17607368593145	23.703804280057525	23.720430167117875	26.39969186689315	0.0
122.0	26.316285333473733	23.728188914412705	23.85454565607136	26.10098009604221	0.0
123.0	26.222071973465084	23.828775531127818	23.763934571592454	26.18521792381464	0.0
124.0	26.12591892663273	23.81353513465583	23.782223047358837	26.2783228913526	0.0
125.0	26.272226732763805	23.78527112665324	23.747031586414433	26.195470554168526	0.0
126.0	26.266130574175012	23.740104133472624	23.81935419512695	26.174411097225413	0.0
127.0	26.1896514936974	23.891122607604125	23.614301588049315	26.30492431064916	0.0
128.0	26.143099009928427	23.805222191125655	23.648107558405357	26.403571240540565	0.0
129.0	26.143376108046095	23.807438976067036	23.766428454651507	26.28275646123536	0.0
130.0	26.345657733947014	23.726526325706672	23.779729164299788	26.14808677604653	0.0
131.0	26.282829290460597	23.643185307108695	23.84546749352974	26.228517908900972	0.0
132.0	26.281443796033056	23.677268470026213	23.860707932232696	26.18057980170804	0.0
133.0	26.170399660830025	23.745500594378758	23.863545046705145	26.220554698086072	0.0
134.0	26.315322779531204	23.875737431452475	23.775150257287027	26.033789531729294	0.0
135.0	26.320033473638127	23.813944208755792	23.679273777228506	26.186748540377575	0.0
136.0	26.250204360994346	23.864376345665193	23.674563083121583	26.21085621021888	0.0
137.0	26.190905035177803	23.674840182774933	23.815883906329233	26.318370875718035	0.0
138.0	26.25463795544792	23.637708829226252	23.73136851205799	26.37628470326784	0.0
139.0	26.250831301263577	23.614220793615605	23.821769009088893	26.313178896031925	0.0
140.0	26.200953225448902	23.799600975393485	23.873309687430723	26.12613611172689	0.0
141.0	26.314287297716692	23.805142983817333	23.674351585014406	26.206218133451564	0.0
142.0	26.270782531589447	23.764409221902017	23.704278430503216	26.260529816005317	0.0
143.0	26.27715584127688	23.674351585014406	23.79627577033917	26.252216803369542	0.0
144.0	26.234482376413208	23.72700066504101	23.666038572378632	26.37247838616715	0.0
145.0	26.281866548437154	23.746120594103303	23.669086677011748	26.302926180447795	0.0
146.0	26.184604300598536	23.703724229660832	23.72090445577477	26.39076701396586	0.0
147.0	26.313528911352556	23.740921472294037	23.85508716217901	26.09046245417439	0.0
148.0	26.211278572596353	23.829870953976265	23.76973999595432	26.18911047747306	0.0
149.0	26.121220686157965	23.816015894524202	23.786366067296793	26.276397352021036	0.0
150.0	26.282216476990904	23.793293597022824	23.739813067537874	26.184676858448398	0.0
151.0	26.26891561991693	23.73177713305568	23.82709994208585	26.172207304941548	0.0
152.0	26.184399757259357	23.890279013187246	23.61650303841454	26.30881819113886	0.0
153.0	26.14477428722647	23.80604025171872	23.652803294178934	26.396382166875874	0.0
154.0	26.146159793171677	23.804931846962553	23.777498829247477	26.271409530618296	0.0
155.0	26.356202494464902	23.72069308549403	23.780269841137887	26.14283457890318	0.0
156.0	26.280072489871927	23.630146476094414	23.843514982902807	26.246266051130853	0.0
157.0	26.288108446621848	23.667555240275107	23.87094807663532	26.173388236467726	0.0
158.0	26.18343646173073	23.731631553133063	23.862701141940327	26.22223084319588	0.0
159.0	26.305915866070713	23.87129132640761	23.78538948173477	26.0374033257869	0.0
160.0	26.31090371511623	23.82030442505341	23.684801192650127	26.18399066718023	0.0
161.0	26.241350931203705	23.864363758288835	23.677042316357095	26.217242994150364	0.0
162.0	26.19729159796828	23.672331570036327	23.814208165108887	26.3161686668865	0.0
163.0	26.251049526569997	23.64711522208398	23.72664370408754	26.375191547258485	0.0
164.0	26.245025992307607	23.61836198583447	23.822033052904597	26.314578968953324	0.0
165.0	26.20429177889358	23.800973187466052	23.863598576796463	26.1311364568439	0.0
166.0	26.318181314357286	23.799310566510382	23.675999512297853	26.206508606834483	0.0
167.0	26.275784479987585	23.75358849022933	23.702601447588645	26.268025582194436	0.0
168.0	26.282157860317675	23.661590130682004	23.807069464303527	26.249182544696794	0.0
169.0	26.24530309580022	23.726986554938538	23.669349028475157	26.358361320786088	0.0
170.0	26.29213358605172	23.742227247032222	23.663806958622907	26.301832208293153	0.0
171.0	26.178798257573238	23.697059377736394	23.728926279386826	26.39521608530354	0.0
172.0	26.310495323865606	23.739521995150675	23.85424315898857	26.09573952199515	0.0
173.0	26.22376169033599	23.825978524419813	23.767232421198475	26.183027364045724	0.0
174.0	26.13093176307586	23.80547280914444	23.782196051264286	26.281399376515413	0.0
175.0	26.28167648077589	23.79078628333911	23.74728091444406	26.180256321440943	0.0
176.0	26.2802909594735	23.72344994804295	23.825147211638377	26.171111880845167	0.0
177.0	26.18718392795289	23.883893314859716	23.618704537582268	26.310218219605126	0.0
178.0	26.150606165569794	23.80159334949775	23.65029442327676	26.397506061655697	0.0
179.0	26.156425355039836	23.796328368548668	23.786906823692412	26.260339452719084	0.0
180.0	26.35400069276065	23.714859715968135	23.78191894700381	26.149220644267405	0.0
181.0	26.27870115331113	23.640384178411303	23.840454008878446	26.240460659399123	0.0
182.0	26.285351673991475	23.668371786274434	23.87093556199671	26.17534097773738	0.0
183.0	26.182064050233738	23.72607537831869	23.871555921335204	26.220304650112364	0.0
184.0	26.31535193821649	23.87100170974276	23.77484599845375	26.038800353586993	0.0
185.0	26.317291678790045	23.806158953426827	23.68229266251562	26.194256705267506	0.0
186.0	26.24635259495723	23.853821150377	23.672316853851633	26.227509400814135	0.0
187.0	26.200075926988163	23.669822901685635	23.811146857758825	26.318954313567378	0.0
188.0	26.25909946158344	23.635738888750335	23.73189460003935	26.373267049626875	0.0
189.0	26.247810858143605	23.621949056729257	23.82589948790707	26.304340597220065	0.0
190.0	26.20957015229777	23.800128577445744	23.87300760380412	26.117293666452372	0.0
191.0	26.327063335476293	23.796526192112438	23.677370369549315	26.199040102861957	0.0
192.0	26.27954665114861	23.745670185939534	23.711308781555683	26.26347438135617	0.0
193.0	26.27040208385291	23.664477512677696	23.813838778507495	26.251281624961898	0.0
194.0	26.2457394629645	23.721284673150997	23.67334497187353	26.359630892010973	0.0
195.0	26.28619724554549	23.747055726438884	23.66918835037548	26.297558677640147	0.0
196.0	26.19502868068834	23.69274253886441	23.724887078449303	26.38734170199795	0.0
197.0	26.30705325201112	23.73354319711585	23.855471098930636	26.103932451942395	0.0
198.0	26.21588443451779	23.822772252534854	23.777603507089832	26.183739805857524	0.0
199.0	26.126101161363263	23.81168789782442	23.78979629727131	26.27241464354101	0.0
200.0	26.274354405615334	23.788410752932503	23.754326362197915	26.182908479254248	0.0
201.0	26.28183634504488	23.716639556182436	23.826928885551265	26.17459521322142	0.0
202.0	26.19343861622916	23.884290421177766	23.61272373077211	26.309547231820968	0.0
203.0	26.15159517719727	23.804483067262634	23.641265944151478	26.40265581138862	0.0
204.0	26.14106504022235	23.79700112783309	23.782591466709526	26.27934236523503	0.0
205.0	26.348065364439726	23.706663636943045	23.78674809972594	26.15852289889129	0.0
206.0	26.283571832359755	23.622488001152774	23.852211889111807	26.24172827737566	0.0
207.0	26.278860968553598	23.670427968121306	23.86468182271634	26.186029240608754	0.0
208.0	26.181945148766722	23.7117830114696	23.872229935128455	26.234041904635223	0.0
209.0	26.316139508848156	23.869524976029886	23.764776953218092	26.04955856190386	0.0
210.0	26.32805528922093	23.796090515593047	23.68386049115184	26.191993704034182	0.0
211.0	26.251018383555113	23.841259636540986	23.687185825209358	26.22053615469454	0.0
212.0	26.201560698767402	23.668750554225415	23.81894564157134	26.31074310543584	0.0
213.0	26.250332535248738	23.63632836747362	23.735257603972688	26.378081493304954	0.0
214.0	26.250959505407867	23.62336953359031	23.828156391760864	26.29751456924096	0.0
215.0	26.205512895475568	23.816794739277785	23.868614959139617	26.10907740610703	0.0
216.0	26.324394576335063	23.806264427220302	23.668539030047413	26.20080196639722	0.0
217.0	26.28012924608299	23.74841352095815	23.711834440866593	26.25962279209227	0.0
218.0	26.28400884548664	23.669713075912675	23.802450798366134	26.243827280234548	0.0
219.0	26.24687553690885	23.72236478210507	23.670267304398912	26.360492376587175	0.0
220.0	26.288165559133407	23.749244863687505	23.668604618940204	26.293984958238887	0.0
221.0	26.19907997561381	23.69035082857618	23.72221914315801	26.388350052651997	0.0
222.0	26.322615329618102	23.726296011993668	23.848227968419625	26.102860689968605	0.0
223.0	26.23227483462978	23.820793278223785	23.76924931482554	26.177682572320894	0.0
224.0	26.13583774182017	23.8063831379189	23.77867132964027	26.27910779062066	0.0
225.0	26.274951019378868	23.793912824193516	23.745417159705923	26.18571899672169	0.0
226.0	26.28132473528295	23.722416358834664	23.839360189770463	26.15689871611192	0.0
227.0	26.19486389345364	23.88924144467199	23.618219959707034	26.29767470216734	0.0
228.0	26.14928433858475	23.8156600296518	23.635532277507586	26.399523354255866	0.0
229.0	26.146658057436127	23.80055036261303	23.786694304883152	26.266097275067686	0.0
230.0	26.34673953105558	23.721293712398122	23.780597639482004	26.151369117064288	0.0
231.0	26.28307450145766	23.6332346779289	23.85216099675213	26.231529823861305	0.0
232.0	26.276146453393633	23.67757418553867	23.88790972476251	26.15836963630519	0.0
233.0	26.178117838110467	23.720593818501264	23.87134856214892	26.22993978123935	0.0
234.0	26.30261881668283	23.875294443674658	23.779686850491892	26.04239988915062	0.0
235.0	26.323125952611885	23.793820146875433	23.692670084522653	26.190383815990025	0.0
236.0	26.244422890397672	23.852293196619094	23.684910627684634	26.2183732852986	0.0
237.0	26.191215186365525	23.66578910904808	23.82541222114452	26.317583483441876	0.0
238.0	26.238326174310657	23.63585977553	23.75336012193432	26.372453928225028	0.0
239.0	26.25447209220477	23.621237692220294	23.824369750227934	26.299920465347	0.0
240.0	26.211539207697975	23.790955096973025	23.877701470531175	26.11980422479782	0.0
241.0	26.316489656548637	23.79825281035897	23.671592647613135	26.21366488547926	0.0
242.0	26.271792455445	23.751489786302283	23.710745863244547	26.265971895008178	0.0
243.0	26.281827404413843	23.66412213740458	23.80437614683985	26.249674311341725	0.0
244.0	26.238292045382096	23.723316674012292	23.678411349405003	26.359979931200606	0.0
245.0	26.285967732993292	23.746188390530577	23.671619448910572	26.296224427565562	0.0
246.0	26.19328798035074	23.681963595637686	23.73629846476273	26.38844995924885	0.0
247.0	26.31799279179373	23.721929581369558	23.858608261713336	26.10146936512337	0.0
248.0	26.230644468164744	23.821617200604408	23.770325907647948	26.1774124235829	0.0
249.0	26.144287365914114	23.794578618898036	23.784597555193894	26.276536459993956	0.0
