# Position (bp)	A	C	G	T	N
0.0	26.16190097482799	23.91612141368133	23.803757124438178	26.1182204870525	0.0
1.0	25.944402270180383	24.048066611237633	23.923351287520035	26.08417983106195	0.0
2.0	26.007717727578072	24.020448061982812	24.02255673071999	25.949277479719125	0.0
3.0	26.055642241353343	24.027797022694276	23.978697383561563	25.93786335239082	0.0
4.0	25.96154715037456	24.06962839354079	23.828658005789315	26.14016645029534	0.0
5.0	26.062258098522612	23.86861643649945	23.93277209680577	26.136353368172166	0.0
6.0	26.00648754145069	24.0117341975357	23.878007716379386	26.103770544634227	0.0
7.0	26.079558117542177	23.960799195263135	23.7469656721902	26.212677015004488	0.0
8.0	26.13355739462494	23.93962391432667	23.876983123125296	26.049835567923097	0.0
9.0	26.151441598255747	23.785317199800037	23.959983376598345	26.10325782534587	0.0
10.0	26.05428943120769	23.989978077043535	23.89993736298152	26.055795128767258	0.0
11.0	26.000084319063337	23.932761569780048	23.934869546363437	26.132284564793178	0.0
12.0	26.01243103905177	23.897227107374306	23.97010286925727	26.12023898431665	0.0
13.0	26.11782986822135	23.787913464549856	23.97612565949553	26.118131007733265	0.0
14.0	26.170529282806136	23.888494061528824	24.016779493603796	25.92419716206124	0.0
15.0	25.994964947360817	23.89873280493387	23.86470404008769	26.24159820761762	0.0
16.0	26.10126719506613	23.92884675612518	23.91619889662483	26.053687152183862	0.0
17.0	26.13650051795996	23.94179575513744	23.805078416728904	26.116625310173696	0.0
18.0	26.073261220458217	24.032137608711363	23.956852730733093	25.93774844009733	0.0
19.0	26.158784841841527	23.972813124864487	23.730998096798285	26.1374039364957	0.0
20.0	26.13702408807702	23.919138261767745	23.91522345990189	26.028614190253347	0.0
21.0	26.00512537905822	23.98538875488221	23.964610191132675	26.0448756749269	0.0
22.0	26.051199585633277	23.931183805970374	23.791455493219864	26.22616111517648	0.0
23.0	25.912976965908097	23.960996527871885	23.970934101839052	26.155092404380966	0.0
24.0	26.085149695549788	23.83053174894752	24.083186277757367	26.00113227774532	0.0
25.0	26.19596836849618	23.84799773544451	23.83324198823154	26.122791907827775	0.0
26.0	25.979450363473198	23.97628239488789	23.938941320308125	26.105325921330785	0.0
27.0	26.02492215590501	24.01994736113035	23.983509699645257	25.97162078331938	0.0
28.0	26.09388268879828	23.95490161831399	23.996157482970663	25.955058209917066	0.0
29.0	26.009262995597364	24.000072273047575	23.852213663219644	26.138451068135417	0.0
30.0	26.0613598173901	23.860043243373465	23.89437294097099	26.18422399826545	0.0
31.0	25.989689045212817	24.014828020260545	23.88684449851539	26.10863843601125	0.0
32.0	26.099604305064535	23.92779922547384	23.801923667616254	26.170672801845374	0.0
33.0	26.12489987171534	23.95791299529623	23.85191252552142	26.06527460746701	0.0
34.0	26.159831844709313	23.78686678270506	23.962430060769588	26.090871311816038	0.0
35.0	26.074911013810176	23.962430060769588	23.898287731047898	26.064371194372338	0.0
36.0	25.99119473370393	23.93171401555075	23.916657130639557	26.16043412010576	0.0
37.0	26.008359582502692	23.88383312153315	23.980799460361244	26.127007835602907	0.0
38.0	26.143269271306995	23.771508760095642	23.97507784409499	26.110144124502373	0.0
39.0	26.150797713762596	23.9121400651662	24.02085077422502	25.916211446846184	0.0
40.0	26.00113227774532	23.899793419539016	23.853719351710765	26.245354951004895	0.0
41.0	26.105325921330785	23.91756054373423	23.925088986189824	26.052024548745162	0.0
42.0	26.091473587212487	23.960020959183797	23.829929473551076	26.11857598005264	0.0
43.0	26.074911013810176	24.01994736113035	23.97959490956835	25.925546715491127	0.0
44.0	26.155615916934178	23.975378981793217	23.75103139661642	26.11797370465619	0.0
45.0	26.14590077542724	23.923210118196188	23.853346382594292	26.077542723782276	0.0
46.0	26.015809681547843	23.992772717006698	23.936159000225853	26.055258601219606	0.0
47.0	26.054355190845442	23.871414590077542	23.813897462922533	26.26033275615448	0.0
48.0	25.944741398780398	23.98825566513589	23.917789655951218	26.1492132801325	0.0
49.0	26.08408918440357	23.839723436803624	24.047206061263086	26.02898131752972	0.0
50.0	26.223213963068698	23.84695069803298	23.85297341572411	26.07686192317421	0.0
51.0	25.96724846119563	23.973427769546728	23.952950529396887	26.10637323986075	0.0
52.0	26.026873366337828	24.025223141690457	23.974632313084957	25.97327117888676	0.0
53.0	26.10155506570785	23.93939941459184	24.025223141690457	25.93382237800985	0.0
54.0	25.998867729074064	23.997518640311256	23.84273479564919	26.16087883496549	0.0
55.0	26.063913080138278	23.883087004179764	23.877666558257747	26.1753333574242	0.0
56.0	26.024163143376818	23.980052759006977	23.910189233789854	26.085594863826355	0.0
57.0	26.111793685782775	23.928257386863248	23.784013298160662	26.17593562919332	0.0
58.0	26.151242486659683	23.94722894759031	23.84695069803298	26.054577867717025	0.0
59.0	26.15425384550524	23.781001939315097	23.98908683554367	26.075657379635985	0.0
60.0	26.10516869632253	23.96379142124092	23.880075645334202	26.05096423710235	0.0
61.0	25.98832797311459	23.92223466917212	23.9098880979053	26.179549259807995	0.0
62.0	26.018441561570242	23.875859742950407	23.986075476698105	26.11962321878124	0.0
63.0	26.150339079006013	23.783411026391548	23.95084257820499	26.115407316397448	0.0
64.0	26.17111745504041	23.900552885484046	24.015586793384646	25.912742866090895	0.0
65.0	25.99947000084318	23.89483130367747	23.880677917103313	26.225020778376035	0.0
66.0	26.094026668593933	23.910490369674413	23.930064202170588	26.065418759561066	0.0
67.0	26.098242570977725	23.957467567665233	23.821354147845675	26.122935713511364	0.0
68.0	26.103361881015193	24.01709247280743	23.963490285356364	25.916055360821016	0.0
69.0	26.184367433960897	23.97011527481661	23.739445187246293	26.106072103976196	0.0
70.0	26.12466385808111	23.92427057580019	23.86735606500902	26.08370950110968	0.0
71.0	26.03372109480632	23.98871346103464	23.922463765933806	26.055101678225228	0.0
72.0	26.037936984494557	23.877594654251872	23.827305112970787	26.25716324828278	0.0
73.0	25.927119312689527	23.993230485700607	23.931497815265736	26.14815238634413	0.0
74.0	26.065562909918754	23.84921614801342	24.051578243665645	26.033642698402183	0.0
75.0	26.235101391841674	23.846204807304307	23.83747191924789	26.081221881606133	0.0
76.0	25.9960009395383	23.982618541427016	23.936545028577623	26.08483549045706	0.0
77.0	26.04960280416047	24.023271641000004	23.974789055583326	25.9523364992562	0.0
78.0	26.10109673028626	23.951902866194086	24.015743289227228	25.93125711429243	0.0
79.0	26.00352929131108	24.020260300290897	23.83024470154602	26.145965706852003	0.0
80.0	26.07279012762062	23.868187594480812	23.902215744493763	26.156806533404804	0.0
81.0	26.026716614771228	23.997374110901657	23.90071007413921	26.07519920018791	0.0
82.0	26.096278585151683	23.952505134335908	23.787784797547566	26.163431482964842	0.0
83.0	26.138136221008317	23.949192659555887	23.85011955022615	26.062551569209642	0.0
84.0	26.14656797499383	23.792904076753054	23.98653328434886	26.073994663904266	0.0
85.0	26.106216009491746	23.971777714874214	23.882039761742725	26.039966513891315	0.0
86.0	25.994495269183748	23.90703388962834	23.93835183300309	26.16011900818482	0.0
87.0	26.01948939706936	23.864272851558972	23.991351429483434	26.12488632188823	0.0
88.0	26.129403332951895	23.80404603737676	23.954613072832288	26.111937556839056	0.0
89.0	26.196857364835974	23.90161347635194	24.01032287595083	25.891206282861255	0.0
90.0	25.98606351519824	23.893181722366432	23.892278320153697	26.228476442281632	0.0
91.0	26.074596932046084	23.92690873830847	23.960635754250507	26.03785857539494	0.0
92.0	26.089653635591638	23.96455049717235	23.841386662169732	26.104409205066283	0.0
93.0	26.083329820102506	23.999783183468946	23.979306066646995	25.937580929781557	0.0
94.0	26.167647359957602	23.9877378206325	23.73990448027271	26.10471033913719	0.0
95.0	26.143779040529513	23.901842633831105	23.880763312344353	26.073615013295033	0.0
96.0	26.00887138301428	23.981944055480774	23.9626715329786	26.04651302852635	0.0
97.0	26.044706229541763	23.876848581211096	23.834087671909394	26.24435751733774	0.0
98.0	25.92515636339546	24.002722243803433	23.938882013014975	26.133239379786133	0.0
99.0	26.085280655263794	23.83100457721031	24.03366658636473	26.050048181161166	0.0
100.0	26.238255841965792	23.85539629005059	23.83251023849675	26.073837629486867	0.0
101.0	25.985605878101666	23.95627559624187	23.955372199470006	26.10274632618646	0.0
102.0	26.045230065044567	24.012587328354613	23.969525415562515	25.972657191038305	0.0
103.0	26.124126716453866	23.935798602746324	24.025536015417973	25.914538665381837	0.0
104.0	26.03619609732595	23.994820525174656	23.830402312695735	26.138581064803663	0.0
105.0	26.069922910142136	23.880992531920022	23.898458202842686	26.15062635509516	0.0
106.0	26.00698626836907	24.009877138039027	23.891532160925077	26.091604432666827	0.0
107.0	26.07865574560347	23.9364008672609	23.818658154661527	26.166285232474102	0.0
108.0	26.15544447121176	23.937304264032765	23.863225728740062	26.04402553601542	0.0
109.0	26.147313900264997	23.782221151529754	23.98940014454348	26.081064803661768	0.0
110.0	26.104854251987476	23.963803902674055	23.906889906046736	26.024451939291737	0.0
111.0	26.00457721031077	23.897855938328114	23.933690676945314	26.1638761744158	0.0
112.0	26.016622500602267	23.866237051312936	23.979763912310286	26.137376535774514	0.0
113.0	26.12593350999759	23.78493134184534	23.976451457480124	26.112683690676946	0.0
114.0	26.199710913033	23.88069139966273	24.02222356058781	25.897374126716453	0.0
115.0	25.971452662009153	23.890628764153217	23.912611418935196	26.22530715490243	0.0
116.0	26.096121416526135	23.901168393158276	23.98367863165502	26.019031558660565	0.0
117.0	26.087990845579377	23.96591182847507	23.84244760298723	26.103649722958323	0.0
118.0	26.04854251987473	24.032462057335582	23.98066730908215	25.93832811370754	0.0
119.0	26.175921464707297	23.978860515538425	23.741267164538666	26.10395085521561	0.0
120.0	26.16817082682133	23.87564404855471	23.85878059136531	26.09740453325865	0.0
121.0	25.99712718961452	23.994892781536922	23.93737634719449	26.070603681654063	0.0
122.0	26.049825493331408	23.869320252108686	23.844326199488673	26.236528055071233	0.0
123.0	25.953764013984625	23.98314858813716	23.937075214030397	26.12601218384782	0.0
124.0	26.069778786911506	23.8760170803245	24.03320906534007	26.020995067423918	0.0
125.0	26.224260565288876	23.851022952438885	23.86035810863713	26.06435837363511	0.0
126.0	25.994796403254654	23.97569245779606	23.946181318846776	26.083329820102506	0.0
127.0	26.043881256813155	23.994061636121632	23.978703798505173	25.983353308560037	0.0
128.0	26.118863640470007	23.936243894506713	24.027788652063673	25.917103812959606	0.0
129.0	26.04689259752227	23.995266172405277	23.814284595787736	26.143556634284714	0.0
130.0	26.09356837851348	23.849517282084328	23.90071007413921	26.15620426526298	0.0
131.0	26.013767849722054	23.991953697625256	23.926306470166647	26.067971982486043	0.0
132.0	26.09266497630075	23.95310740247773	23.81127325507863	26.142954366142895	0.0
133.0	26.12428405374641	23.97840266443426	23.86397171748806	26.03334156433127	0.0
134.0	26.148977047561118	23.767909948867434	24.010925144092653	26.072187859478795	0.0
135.0	26.10410807099537	23.96123802239233	23.90673275555743	26.027921151054873	0.0
136.0	25.98967712404917	23.90131234228103	23.948891525484978	26.16011900818482	0.0
137.0	26.015273520076608	23.84198893031155	23.999180915327123	26.143556634284714	0.0
138.0	26.163130348893937	23.740506748414532	23.969067508236016	26.12729539445552	0.0
139.0	26.192641487843215	23.886857906877303	24.039834014900112	25.88066659037937	0.0
140.0	25.97793289528364	23.851022952438885	23.914863375472027	26.25618077680545	0.0
141.0	26.094471780726213	23.90372141484832	23.965453899385082	26.03635290504038	0.0
142.0	26.088750233378903	23.96214142460506	23.851324086509795	26.097784255506234	0.0
143.0	26.079716211251576	24.00460132860352	23.991050295412524	25.92463216473238	0.0
144.0	26.195351694481417	23.972379983016037	23.761586133378305	26.070682189124245	0.0
145.0	26.166521619985726	23.893855943049353	23.882412813895574	26.05720962306935	0.0
146.0	25.99878943738952	23.96974195743758	23.96100904308338	26.070459562089514	0.0
147.0	26.04636876387103	23.844168671723725	23.857117475766163	26.25234508863908	0.0
148.0	25.950908975930282	23.990520270901026	23.929088735443887	26.129482017724804	0.0
149.0	26.068731254291187	23.83400185499705	24.06256399137547	26.0347028993363	0.0
150.0	26.241583252026647	23.863814307568145	23.824666642575796	26.069935797829412	0.0
151.0	26.00579385441887	23.980052759006977	23.952649393512328	26.06150399306183	0.0
152.0	26.042532432334763	23.99059251496645	23.983365253737094	25.983509798961684	0.0
153.0	26.088907358556472	23.949638034666762	24.02311519049856	25.9383394162782	0.0
154.0	26.019646105108468	24.00835953215529	23.840626844457294	26.131367518278946	0.0
155.0	26.093123260940267	23.85327455160867	23.914706272058204	26.13889591539286	0.0
156.0	26.009708620918104	23.98637661258266	23.906876739059733	26.097038027439503	0.0
157.0	26.094327804478496	23.940001686360954	23.800274635926716	26.165395873233837	0.0
158.0	26.152447030197905	23.948433491128537	23.870138161143835	26.02898131752972	0.0
159.0	26.17111745504041	23.74335995374553	23.99541068911936	26.090111902094705	0.0
160.0	26.074452836097763	23.96650164420193	23.918922174441995	26.040123345258316	0.0
161.0	25.98381093484624	23.890314265409124	23.944819860513856	26.18105493923078	0.0
162.0	26.003384767342414	23.852672279839553	24.000529999156818	26.143412953661212	0.0
163.0	26.164191329695612	23.750587214974885	23.958672111203462	26.126549344126044	0.0
164.0	26.201833315265183	23.869837025259276	24.0457003818403	25.88262927763524	0.0
165.0	25.978691624808782	23.84604729037931	23.932774425131598	26.242486659680313	0.0
166.0	26.095833483901277	23.896336983100255	23.99962659150315	26.008202941495323	0.0
167.0	26.09462894036305	23.950240306435877	23.8662233946446	26.088907358556472	0.0
168.0	26.08168009732712	24.005950445078838	23.969513003047496	25.942856454546547	0.0
169.0	26.199725364073284	23.975535720738623	23.752092894397666	26.07264602079042	0.0
170.0	26.17721900173154	23.887675976812467	23.888579387186628	26.04652563426937	0.0
171.0	26.02424151170669	23.9734999623579	23.968681773695703	26.033576752239707	0.0
172.0	26.045622223895204	23.862681623127305	23.844613415644055	26.247082737333432	0.0
173.0	25.93661070541293	23.977715877437326	23.933749905894754	26.15192351125499	0.0
174.0	26.062263230484774	23.841372706083583	24.06240777657992	26.03395628685173	0.0
175.0	26.221866210543432	23.875702403681107	23.85131025012497	26.05112113565049	0.0
176.0	26.013478923372503	23.97176532941453	23.963032336166034	26.051723411046936	0.0
177.0	26.062263230484774	23.98742448972217	23.964538024657156	25.9857742551359	0.0
178.0	26.10231454434855	23.921475333811138	24.020248498828575	25.955961623011735	0.0
179.0	26.050819997952264	23.961526647674916	23.850105699332076	26.137547655040745	0.0
180.0	26.091172449514268	23.83173629974042	23.923884435396932	26.153206815348383	0.0
181.0	25.96770599324247	23.997964309160004	23.944662936574378	26.089666761023146	0.0
182.0	26.102013406650325	23.92930491396496	23.821196480302582	26.147485199082134	0.0
183.0	26.156820467727073	23.93291856634365	23.8642591711486	26.046001794780683	0.0
184.0	26.18904220143703	23.727542656154952	23.991038142100855	26.09237700030716	0.0
185.0	26.096894065780518	23.955805031408662	23.920873058414692	26.026427844396128	0.0
186.0	25.98396742894656	23.88202629534381	23.936231081024108	26.197775194685523	0.0
187.0	26.021308503526324	23.839867017592464	23.992242692893754	26.14658178598746	0.0
188.0	26.17217849033649	23.736576787101672	23.9726687425092	26.11857598005264	0.0
189.0	26.221866210543432	23.86185006956281	24.024163288905484	25.892120430988275	0.0
190.0	25.994206110686175	23.842878394574704	23.908827550485732	26.254087944253392	0.0
191.0	26.10382023283967	23.88835018700651	23.984714250438156	26.02311532971567	0.0
192.0	26.121587357034876	23.9524925167282	23.84016815529069	26.085751970946237	0.0
193.0	26.079729216981757	24.02235646271614	23.9663448508465	25.9315694694556	0.0
194.0	26.22216734824166	23.953697067521095	23.765486006131166	26.058649578106085	0.0
195.0	26.192734730014184	23.891433510101695	23.875774302638277	26.040057457245847	0.0
196.0	26.031324437698938	23.973644349284644	23.952564646930043	26.042466566086375	0.0
197.0	26.07860319869426	23.851080937022886	23.847467273762092	26.22284859052076	0.0
198.0	25.950017014331184	23.976655735335303	23.927570142709584	26.145757107623922	0.0
199.0	26.057601965838735	23.849044785468212	24.043882049675975	26.049471199017084	0.0
200.0	26.222641145789417	23.87462808822289	23.842706915451053	26.060023850536634	0.0
201.0	26.01938180591693	23.966765442806206	23.952310397995564	26.061542353281297	0.0
202.0	26.05673673432512	23.977594410648678	23.95320122869361	26.01246762633259	0.0
203.0	26.109307522270477	23.916591879634037	24.03283803236823	25.941262565727264	0.0
204.0	26.045318203172997	23.95407948152699	23.83873610157445	26.16186621372556	0.0
205.0	26.096685399010983	23.837962210055235	23.921685549592524	26.14366684134126	0.0
206.0	25.98179759309007	24.00284299671128	23.96308922913831	26.052270181060344	0.0
207.0	26.10769786772678	23.9359715696904	23.825141549210937	26.13118901337188	0.0
208.0	26.14836945391464	23.956137286318352	23.860063366622896	26.03542989314412	0.0
209.0	26.222472532767927	23.704642925983038	23.98443523515806	26.08844930609098	0.0
210.0	26.089208806433156	23.952353702978645	23.937897177965848	26.02054031262235	0.0
211.0	25.999024166927693	23.895260583572274	23.93712502710647	26.16859022239356	0.0
212.0	26.008541808477958	23.836645442662057	24.006517797442275	26.14829495141771	0.0
213.0	26.164716937942	23.744021300434927	23.970820331795238	26.12044142982784	0.0
214.0	26.192283364958886	23.89415981446342	24.030300292159875	25.88325652841782	0.0
215.0	26.003301165046206	23.823206949313864	23.93374778617125	26.23974409946868	0.0
216.0	26.09607113167311	23.899109649281332	23.999108444476573	26.00571077456898	0.0
217.0	26.1015192954132	23.966553813901374	23.859624814756806	26.072302075928626	0.0
218.0	26.075772453719043	24.01700030723447	23.9947107477846	25.91251649126189	0.0
219.0	26.216466959450095	23.9850475622466	23.748591808088293	26.049893670215006	0.0
220.0	26.187786724019002	23.884957964715063	23.858751803556206	26.068503507709735	0.0
221.0	26.03717660241639	23.959660585029958	23.978336240108682	26.024826572444976	0.0
222.0	26.07227522056985	23.861606537723546	23.84503932453966	26.221078917166945	0.0
223.0	25.932206963651534	23.984505137342197	23.921850949301316	26.161436949704953	0.0
224.0	26.10294782121492	23.828673329839084	24.05308849488213	26.015290354063875	0.0
225.0	26.20284127194515	23.914340109168464	23.841440638141485	26.0413779807449	0.0
226.0	26.00072297867213	24.02066514037836	23.94113748644415	26.03747439450536	0.0
227.0	26.0259075161922	23.97559873474921	24.021690013556256	25.976803735502337	0.0
228.0	26.118103546962455	23.938833424713657	24.016255656040443	25.926807372283445	0.0
229.0	26.022630732245176	24.017135730166476	23.820110984581458	26.14012255300689	0.0
230.0	26.11557649667406	23.833510074231175	23.93593945820881	26.114973970885952	0.0
231.0	25.99313108185461	23.99060042780104	23.962582472208	26.05368601813635	0.0
232.0	26.100251864884733	23.925055133102756	23.79671250045191	26.1779805015606	0.0
233.0	26.169271743453166	23.955759891056776	23.849407681461575	26.025560684028488	0.0
234.0	26.209801334080513	23.716685647486997	23.99567357809553	26.077839440336952	0.0
235.0	26.094279137592345	23.948805090567266	23.915964664907143	26.040951106933246	0.0
236.0	25.985369351563392	23.893813308587372	23.969135839665448	26.151681500183788	0.0
237.0	25.988996752053318	23.853727907635385	24.02697181698212	26.130303523329175	0.0
238.0	26.155403634260026	23.778461390130072	23.96526633262729	26.10086864298261	0.0
239.0	26.21023992383179	23.890845653922753	24.04902725845669	25.849887163788765	0.0
240.0	26.01543950150056	23.83209391459461	23.939362894575083	26.21310368932975	0.0
241.0	26.078558406532977	23.91285350529599	23.99602235916289	26.012565729008152	0.0
242.0	26.15094851356849	23.939005831211293	23.864269893169798	26.045775762050415	0.0
243.0	26.072792258476706	24.03886432745366	23.992152395418014	25.89619101865162	0.0
244.0	26.18067401643149	24.00196502733558	23.765980916329617	26.051380039903314	0.0
245.0	26.188502726179465	23.865297498666298	23.91954982624185	26.02664994891239	0.0
246.0	25.991355404981793	23.93781196498758	24.05687106652842	26.013961563502207	0.0
247.0	26.03414026869712	23.899695251530524	23.86261902824123	26.20354545153113	0.0
248.0	25.89484345891588	23.98035775651576	23.98578379062743	26.13901499394093	0.0
249.0	26.058620138727694	23.831802465265323	24.114864844496562	25.994712551510418	0.0
