# Position (bp)	A	C	G	T	N
0.0	26.34989200863931	23.742510048015056	23.729471721002476	26.178126222343156	0.0
1.0	26.294904281673215	23.678168738626894	23.703395066977322	26.323531912722576	0.0
2.0	26.27548128160359	23.73925761320605	23.6862542799483	26.29900682524206	0.0
3.0	26.290697905122546	23.782286933871486	23.795891874732508	26.131123286273468	0.0
4.0	26.117012833885084	23.749206385197947	23.800791347331188	26.33298943358578	0.0
5.0	26.139526446763522	23.78819914857917	23.766375112663045	26.305899291994262	0.0
6.0	26.1997953694545	23.76775283350953	23.709084519217416	26.32336727781856	0.0
7.0	26.292743066872614	23.659500899854038	23.735457083339238	26.312298949934103	0.0
8.0	26.29146036271706	23.670136635330195	23.74439188633845	26.29401111561429	0.0
9.0	26.26240296565856	23.67765468103016	23.739155818942915	26.320786534368366	0.0
10.0	26.358107265533775	23.651528720907823	23.606466313725047	26.38389769983335	0.0
11.0	26.244384928226278	23.71806317221443	23.690855758194107	26.34669614136519	0.0
12.0	26.22823052615171	23.711828139834772	23.70786039195681	26.35208094205671	0.0
13.0	26.254304297921184	23.781547138261843	23.755189955929655	26.20895860788732	0.0
14.0	26.251470192294068	23.78409783332625	23.707576981394098	26.25685499298559	0.0
15.0	26.358599384999078	23.679235925122928	23.655146027292435	26.307018662585556	0.0
16.0	26.30163386189403	23.757740650994062	23.675268177244966	26.26535730986694	0.0
17.0	26.354348226558404	23.697374201136476	23.594779577434853	26.353497994870267	0.0
18.0	26.26535730986694	23.72684889965849	23.66959996599073	26.33819382448384	0.0
19.0	26.18968668962292	23.786648528390653	23.841346766994008	26.18231801499242	0.0
20.0	26.198189006504276	23.744703765109325	23.722597741217815	26.33450948716859	0.0
21.0	26.296815882327934	23.65344556391617	23.68235344131276	26.36738511244314	0.0
22.0	26.31835508509402	23.712961782085618	23.651178279414474	26.317504853405886	0.0
23.0	26.24155082259916	23.817256869163515	23.680086156811065	26.26110615142626	0.0
24.0	26.322039422409272	23.712111550397484	23.68263685187547	26.28321217531777	0.0
25.0	26.357749153310944	23.734500984851707	23.72883277359747	26.178917088239878	0.0
26.0	26.31240346327708	23.66081423854667	23.686604599753434	26.340177698422817	0.0
27.0	26.290864260510986	23.725998667970355	23.690288937068686	26.29284813444997	0.0
28.0	26.30446796752115	23.77247800025507	23.787215349516078	26.135838682707707	0.0
29.0	26.11961025489874	23.741235553187508	23.789982031821246	26.349172160092504	0.0
30.0	26.153902835798053	23.786581114707268	23.760507416833406	26.299008632661273	0.0
31.0	26.210584787697748	23.75965718755491	23.70439228445271	26.325365740294632	0.0
32.0	26.296741354585286	23.667832425477403	23.721680279782113	26.313745940155197	0.0
33.0	26.293907256990302	23.669532884034396	23.74973784597246	26.28682201300284	0.0
34.0	26.276052442141896	23.674350849945867	23.73755122631403	26.312045481598208	0.0
35.0	26.369861072535894	23.642892366641536	23.598397034400275	26.38884952642229	0.0
36.0	26.256706164428206	23.706308966775968	23.694972608524374	26.342012260271446	0.0
37.0	26.23091594940583	23.714527826508373	23.704608513038227	26.349947711047566	0.0
38.0	26.264641615204326	23.768092119247154	23.745419402743966	26.22184686280456	0.0
39.0	26.243952761395168	23.776877796892137	23.72274668624078	26.25642275547192	0.0
40.0	26.35561589017336	23.676834435321826	23.657846035250408	26.309703639254405	0.0
41.0	26.3071529586478	23.7527880356075	23.67144966515232	26.26860934059238	0.0
42.0	26.351648164785303	23.693838972699215	23.59549606486664	26.359016797648838	0.0
43.0	26.263791388335456	23.73266599971092	23.66578148602652	26.337761125927102	0.0
44.0	26.20569255229604	23.778011432717296	23.838944358319612	26.177351656667053	0.0
45.0	26.199174146301374	23.728131456410285	23.728414865366577	26.344279531921767	0.0
46.0	26.29213228396444	23.65076081134316	23.694122381655504	26.362984523036896	0.0
47.0	26.330109084107278	23.712260554858055	23.636023545616087	26.32160681541858	0.0
48.0	26.23800117331308	23.806352328346282	23.680518751753592	26.275127746587046	0.0
49.0	26.332092946801307	23.714527826508373	23.67173307410861	26.28164615258171	0.0
50.0	26.364118158862055	23.71877896085272	23.726147593716256	26.19095528656897	0.0
51.0	26.308286594472957	23.655295354643798	23.687037157748257	26.34938089313498	0.0
52.0	26.297800463090237	23.71849555189643	23.683919659229073	26.299784325784266	0.0
53.0	26.282779788406874	23.779428477498747	23.780278704367618	26.157513029726765	0.0
54.0	26.12116265360722	23.74365165737088	23.787863329252257	26.34732235976965	0.0
55.0	26.175577018999686	23.777377227588083	23.751870493810365	26.295175259601866	0.0
56.0	26.224606629483517	23.744501881830136	23.698022944724073	26.332868543962274	0.0
57.0	26.293474810683353	23.66543100711921	23.72239604588945	26.318698136307983	0.0
58.0	26.30566136126604	23.66486419081304	23.742518024758535	26.286956423162383	0.0
59.0	26.276753729651293	23.664580782659954	23.720128780664762	26.338536707023984	0.0
60.0	26.366027297873305	23.62745431460572	23.618101845553895	26.38841654196708	0.0
61.0	26.25570711550833	23.70702481798163	23.68746971083948	26.349798355670558	0.0
62.0	26.254006671409012	23.6993728195347	23.684352229990733	26.36226827906555	0.0
63.0	26.28603170194616	23.758888363010804	23.739333255868658	26.21574667917438	0.0
64.0	26.244654228862775	23.771074879055913	23.723745851624916	26.2605250404564	0.0
65.0	26.358017168817256	23.661963049349723	23.666214159598013	26.31380562223501	0.0
66.0	26.31125495608603	23.736215775019907	23.691437413737887	26.26109185515617	0.0
67.0	26.365385759914297	23.693988079886864	23.601313876474073	26.339312283724762	0.0
68.0	26.270444297702415	23.727146739823553	23.671315491895967	26.331093470578065	0.0
69.0	26.20639423662813	23.778443470152954	23.84929530762451	26.165866985594405	0.0
70.0	26.207244458677792	23.727146739823553	23.730264220672296	26.33534458082636	0.0
71.0	26.312955400185352	23.647509274505524	23.67925089769278	26.36028442761635	0.0
72.0	26.33619480287602	23.71155933557981	23.625686908564287	26.32655895297989	0.0
73.0	26.24890533911107	23.799415614044534	23.67103208454608	26.28064696229832	0.0
74.0	26.335627988176245	23.71524363112833	23.669048233096877	26.28008014759855	0.0
75.0	26.362551686415436	23.72289562957526	23.72289562957526	26.191657054434046	0.0
76.0	26.308420882587168	23.652894014153365	23.687753118189367	26.350931985070105	0.0
77.0	26.3016191061899	23.726296517773893	23.692854450487317	26.27922992554889	0.0
78.0	26.299635254740693	23.759455177710578	23.800832650793964	26.140076916754758	0.0
79.0	26.112228992489726	23.760804874592605	23.803032450049596	26.323933682868073	0.0
80.0	26.184214255349296	23.788295309621653	23.742383449057673	26.285106985971375	0.0
81.0	26.214822162391947	23.75258608473856	23.706674224174577	26.325917528694916	0.0
82.0	26.291625336545277	23.65849511123707	23.73926597704407	26.310613575173587	0.0
83.0	26.299277313305936	23.676349723678616	23.735298285390392	26.289074677625052	0.0
84.0	26.28170610741108	23.669264560011335	23.727362902083037	26.321666430494545	0.0
85.0	26.374380048179113	23.609465778659487	23.63100467620802	26.38514949695338	0.0
86.0	26.260376192783923	23.703772980663228	23.69867167728021	26.33717914927264	0.0
87.0	26.256125106631412	23.69810486579321	23.695270808358202	26.350499219217177	0.0
88.0	26.285599303955493	23.747134059418848	23.7649886212594	26.20227801536626	0.0
89.0	26.257258729605415	23.756769854697875	23.72587862865629	26.260092787040424	0.0
90.0	26.35446689962619	23.660128496164106	23.671464725904134	26.313939878305575	0.0
91.0	26.309121980666063	23.73636464116582	23.68761885328368	26.266894524884442	0.0
92.0	26.35134943644768	23.68761885328368	23.608832056590458	26.35219965367818	0.0
93.0	26.26632771339744	23.717659862094763	23.682234144157167	26.33377828035063	0.0
94.0	26.19944395793125	23.768672895924908	23.857378893640657	26.174504252503183	0.0
95.0	26.20312823259676	23.72531181716929	23.73381398947431	26.33774596075964	0.0
96.0	26.322725456354096	23.646525020476066	23.68110052118316	26.349649001986673	0.0
97.0	26.336328932042136	23.70150573471522	23.62697002417451	26.335195309068133	0.0
98.0	26.25640851237491	23.800414339196998	23.668630668469127	26.27454647995896	0.0
99.0	26.3213084276366	23.712841964455254	23.68280095564417	26.283048652263986	0.0
100.0	26.37033762126223	23.723894788451783	23.73381398947431	26.171953600811676	0.0
101.0	26.3241424850716	23.650209295141575	23.688469070514184	26.33717914927264	0.0
102.0	26.296652127952026	23.72587862865629	23.695837619845204	26.28163162354648	0.0
103.0	26.28446568098149	23.77575803951243	23.79701347027499	26.14276280923109	0.0
104.0	26.123700588348658	23.747916973688685	23.80233072222915	26.326051715733506	0.0
105.0	26.184916055456682	23.784192806048996	23.74536632922585	26.285524809268473	0.0
106.0	26.21495697913006	23.749050593449944	23.705406232641447	26.330586194778547	0.0
107.0	26.30366272544863	23.656377177966966	23.724961173523177	26.31499892306123	0.0
108.0	26.30536315509052	23.6779159534309	23.742815684763016	26.273905206715565	0.0
109.0	26.29260993277635	23.661478466892635	23.72637819822475	26.319533402106266	0.0
110.0	26.3677122419598	23.612449412218155	23.643057145772165	26.37678120004988	0.0
111.0	26.275531170204026	23.701087988482456	23.697120330562583	26.326260510750938	0.0
112.0	26.267595854364284	23.689185014722845	23.699670967796788	26.343548163116086	0.0
113.0	26.299337117723244	23.743315204915362	23.75975264486911	26.19759503249228	0.0
114.0	26.261644367484475	23.75975264486911	23.717525428436204	26.26107755921021	0.0
115.0	26.35658475342423	23.66991353339776	23.674731403729034	26.298770309448976	0.0
116.0	26.315207749402724	23.729144998058683	23.69598671401405	26.259660538524543	0.0
117.0	26.352333691367225	23.690035227134246	23.61861738457658	26.33901369692195	0.0
118.0	26.282049465358092	23.714691387064867	23.681249698883107	26.322009448693933	0.0
119.0	26.20354651937209	23.765704131748915	23.863195154922874	26.16755419395612	0.0
120.0	26.207514177291962	23.727727977373014	23.73934754699549	26.325410298339534	0.0
121.0	26.3225762569682	23.650075243798412	23.68720118576291	26.34014731347048	0.0
122.0	26.358851986521298	23.698820755385384	23.629386741787656	26.312940516305655	0.0
123.0	26.26136096334734	23.79432794959941	23.67218076649483	26.272130320558418	0.0
124.0	26.331361785219343	23.712990962242067	23.68181650715737	26.273830745381222	0.0
125.0	26.368487727183844	23.723193511178874	23.73282925184142	26.175489509795863	0.0
126.0	26.322009448693933	23.652342476895477	23.68635097335151	26.339297101059085	0.0
127.0	26.297069884626172	23.725744148413078	23.699670967796788	26.27751499916396	0.0
128.0	26.286583931552233	23.77307263931439	23.803680286124816	26.13666314300856	0.0
129.0	26.124550803169598	23.757269336719077	23.812249895140173	26.30592996497115	0.0
130.0	26.191717774024237	23.776540872660494	23.749617403330575	26.282123949984697	0.0
131.0	26.215807193951008	23.757552741659392	23.691519390566015	26.335120673823585	0.0
132.0	26.307630394613042	23.658644417489487	23.731762892090735	26.301962295806742	0.0
133.0	26.314432113180597	23.681033407774365	23.741398660061442	26.263135818983596	0.0
134.0	26.290626098194142	23.65722739278791	23.73601396619546	26.316132542822483	0.0
135.0	26.373663745706416	23.62151837030823	23.625769444412956	26.3790484395724	0.0
136.0	26.27227923401096	23.703489574919725	23.706890443841736	26.317340747227586	0.0
137.0	26.26916177083245	23.684501390105172	23.710291312763747	26.336045526298633	0.0
138.0	26.309972197896563	23.731830149269804	23.76272137531139	26.19547627752224	0.0
139.0	26.263210250218933	23.7658388384899	23.713975587429253	26.256975323861916	0.0
140.0	26.372888272953737	23.662679147855613	23.67628262354365	26.288149955647	0.0
141.0	26.333211468863627	23.732680366500308	23.70122232897172	26.232885835664344	0.0
142.0	26.3573009570612	23.68336776713117	23.613649954229974	26.345681321577665	0.0
143.0	26.276813725906965	23.727579063117293	23.670614508673633	26.3249927023021	0.0
144.0	26.208229535979775	23.75450260874987	23.882035193325226	26.155232661945128	0.0
145.0	26.217865331258807	23.710291312763747	23.73721485839632	26.334628497581132	0.0
146.0	26.33094422291562	23.64539139750206	23.688469070514184	26.335195309068133	0.0
147.0	26.362402260444213	23.6955542141017	23.626119806944008	26.31592371851008	0.0
148.0	26.267461336371444	23.79077854391797	23.672314943134637	26.26944517657595	0.0
149.0	26.3218752391236	23.717943267838265	23.682234144157167	26.27794734888097	0.0
150.0	26.37062102700573	23.720777325273275	23.74515021921434	26.16345142850665	0.0
151.0	26.322442050610594	23.649925889398073	23.68280095564417	26.34483110434716	0.0
152.0	26.31479009553608	23.727012251630292	23.693286968153696	26.264910684679936	0.0
153.0	26.307421546205056	23.764421809772397	23.793329195609477	26.134827448413066	0.0
154.0	26.144253932265837	23.749752019271643	23.80388266968967	26.302111378772853	0.0
155.0	26.194700297576873	23.77809267394077	23.742666855604362	26.284540172877996	0.0
156.0	26.222757545699306	23.747768173444804	23.710925322374944	26.318548958480942	0.0
157.0	26.31401445373388	23.636105994048464	23.73048037409664	26.319399178121017	0.0
158.0	26.30891313589344	23.68173444806575	23.74861839308488	26.26073402295593	0.0
159.0	26.29304236927873	23.6511265410231	23.733314439563554	26.32251665013462	0.0
160.0	26.37239620235227	23.617967975060225	23.622785886353974	26.386849936233524	0.0
161.0	26.290849626894225	23.69880600483493	23.700789856284132	26.309554511986715	0.0
162.0	26.284898072546614	23.67868408299301	23.70844185473106	26.327975989729318	0.0
163.0	26.31493925163455	23.733381701521047	23.757471326261374	26.194207720583023	0.0
164.0	26.275829037350256	23.747552069015356	23.718361111977078	26.258257781657306	0.0
165.0	26.377855683309292	23.66734778899756	23.6809513417921	26.273845185901052	0.0
166.0	26.341579542523856	23.72289562957526	23.709858891480494	26.225665936420395	0.0
167.0	26.370203684862364	23.680384527092325	23.613783799869065	26.335627988176245	0.0
168.0	26.283764443147067	23.727430147173436	23.669898455146534	26.318906954532963	0.0
169.0	26.21773053062358	23.74018347791832	23.881036930811764	26.16104906064634	0.0
170.0	26.219430974722897	23.701640078333792	23.755487474812174	26.323441472131137	0.0
171.0	26.33619480287602	23.636456387859965	23.679817712392552	26.347531096871467	0.0
172.0	26.37275435101134	23.688603340239027	23.62171920566588	26.316923103083756	0.0
173.0	26.268743853603098	23.7960147258459	23.66734778899756	26.26789363155344	0.0
174.0	26.3407293204742	23.712409557629467	23.681801563841756	26.265059558054578	0.0
175.0	26.369070055462817	23.71949474137662	23.739616663218545	26.171818539942016	0.0
176.0	26.32060739863228	23.656294902352	23.682651785891416	26.34044591312431	0.0
177.0	26.308420882587168	23.72289562957526	23.6993728195347	26.26931066830287	0.0
178.0	26.30700384583774	23.769374434956596	23.803099909593055	26.12052180961261	0.0
179.0	26.142701673241735	23.744785289983223	23.812803246723803	26.29970979005124	0.0
180.0	26.185212896204597	23.779644492812768	23.746202330748652	26.28894028023398	0.0
181.0	26.21043622182923	23.74166780029928	23.723246270348707	26.324649707522784	0.0
182.0	26.315864054777126	23.627737722758805	23.73968394322768	26.316714279236386	0.0
183.0	26.298576157438898	23.68271890445744	23.75895569763751	26.259749240466153	0.0
184.0	26.278737586722894	23.66628123157847	23.727213984491907	26.327767197206732	0.0
185.0	26.37708021584365	23.620652518931664	23.626037273840296	26.376229991384392	0.0
186.0	26.30176818847829	23.680518751753592	23.711410327989185	26.30630273177893	0.0
187.0	26.292415692920727	23.66776534872055	23.71311078172692	26.326708176631797	0.0
188.0	26.32175601184656	23.725148436282222	23.7537729031161	26.199322648755118	0.0
189.0	26.302633182463588	23.74228764634696	23.720464909322274	26.23461426186718	0.0
190.0	26.3870900088708	23.666900009352602	23.673985313581394	26.272024668195204	0.0
191.0	26.332674872393667	23.726983389212766	23.712529368586026	26.227812369807534	0.0
192.0	26.375186697766427	23.66803365802921	23.616169231074444	26.340610413129916	0.0
193.0	26.28307774279212	23.718764436307367	23.675685786596304	26.322472034304205	0.0
194.0	26.224411423777717	23.738603288147985	23.87124018331099	26.16574510476331	0.0
195.0	26.226111896792624	23.695524638436925	23.755041193958785	26.323322270811666	0.0
196.0	26.334942169746885	23.626372069163907	23.703460179173174	26.33522558191604	0.0
197.0	26.39064054347426	23.672702435374575	23.6194206455599	26.317236375591275	0.0
198.0	26.264804827103426	23.795420600213692	23.671001952720914	26.268772619961965	0.0
199.0	26.347069493254732	23.71074708082984	23.679004647999093	26.263178777916334	0.0
200.0	26.36209046593357	23.729735857612518	23.741072440766352	26.16710123568756	0.0
201.0	26.32099535200091	23.649246117220272	23.6889241582587	26.34083437252012	0.0
202.0	26.307108037637455	23.725201224350982	23.703945130937534	26.26374560707403	0.0
203.0	26.31589388958168	23.774515361070172	23.796905112799003	26.112685636549145	0.0
204.0	26.15470512046571	23.745674372730903	23.820212618219642	26.279407888583744	0.0
205.0	26.19700825874764	23.778051116943185	23.734971856772795	26.289968767536376	0.0
206.0	26.21939813738883	23.740073348108766	23.719950798950226	26.32057771555218	0.0
207.0	26.342684178008035	23.61933805315754	23.745458255630062	26.29251951320436	0.0
208.0	26.318026969884194	23.669502717961215	23.76388030767661	26.248590004477972	0.0
209.0	26.282316530532423	23.658166070547956	23.742624093776747	26.31689330514287	0.0
210.0	26.376768876279982	23.60948539977383	23.63867734959769	26.375068374348494	0.0
211.0	26.296352979854664	23.695994739765784	23.71271638948407	26.294935890895488	0.0
212.0	26.28501626818125	23.692593726263762	23.718101327528938	26.30428867802605	0.0
213.0	26.314849717289952	23.735457083339238	23.757847152351665	26.191846047019148	0.0
214.0	26.288849714029826	23.748561646553338	23.727588611074896	26.235000028341936	0.0
215.0	26.372741855943588	23.66608660163136	23.685075701321303	26.276095841103746	0.0
216.0	26.332212881978496	23.73382383783876	23.735240934830543	26.198722345352206	0.0
217.0	26.376142888723876	23.676856538768938	23.613937432333618	26.333063140173568	0.0
218.0	26.268726936746457	23.739492225805904	23.693011444475307	26.298769392972332	0.0
219.0	26.23046531796822	23.749411904748406	23.876100375814122	26.144022401469247	0.0
220.0	26.21544408985529	23.696979316052307	23.76896784323506	26.318608750857344	0.0
221.0	26.32002584784913	23.644830146754565	23.68734305650816	26.347800948888146	0.0
222.0	26.388121292509485	23.669554718521226	23.633560352914834	26.30876363605445	0.0
223.0	26.2483951331083	23.813248760745168	23.669838138722852	26.268517967423684	0.0
224.0	26.339447669145656	23.70901732269182	23.70221521857428	26.24931978958824	0.0
225.0	26.360137402503174	23.748412842372574	23.74331126428442	26.148138490839834	0.0
226.0	26.313372936695085	23.651482858697623	23.69484627244694	26.34029793216035	0.0
227.0	26.31053872664611	23.731124161073826	23.713835479775078	26.244501632504992	0.0
228.0	26.31620714674406	23.765418102666423	23.801979412298206	26.11639533829131	0.0
229.0	26.139143102505162	23.739410652692083	23.839741972785838	26.281704272016913	0.0
230.0	26.185415072414475	23.796162457840886	23.750247994785024	26.26817447495961	0.0
231.0	26.216874982286086	23.738060822492418	23.727857608480004	26.31720658674149	0.0
232.0	26.322024771136242	23.62469177791004	23.75676671484851	26.296516736105207	0.0
233.0	26.314088938015473	23.67655811580648	23.764419125357822	26.244933820820226	0.0
234.0	26.27270923674291	23.665221211348243	23.749964572173567	26.312104979735285	0.0
235.0	26.373965858815463	23.606336213859972	23.63127747435727	26.388420452967303	0.0
236.0	26.27767637489088	23.703617626718966	23.724024170417312	26.294681827972838	0.0
237.0	26.2847619803417	23.681227113494394	23.727141836815672	26.306869069348238	0.0
238.0	26.325082830962483	23.732027310835054	23.76547146335173	26.177418394850733	0.0
239.0	26.287178382545505	23.77064048567849	23.728410037809006	26.213771093966997	0.0
240.0	26.382499907885304	23.66497459051474	23.685381539080723	26.267143962519242	0.0
241.0	26.329289722804827	23.726546114165863	23.739017062524802	26.205147100504504	0.0
242.0	26.37365440538748	23.679630857836052	23.622660975347063	26.324053761429404	0.0
243.0	26.268515421723627	23.745939786969906	23.701723854495572	26.283820936810898	0.0
244.0	26.225581896307382	23.740972529279052	23.883257939072365	26.150187635341197	0.0
245.0	26.199593545479537	23.698792824405412	23.7886436493607	26.312969980754353	0.0
246.0	26.331826363005064	23.646490270829496	23.697226513229687	26.324456852935757	0.0
247.0	26.388664495483315	23.66958330853196	23.63982165684532	26.301930539139406	0.0
248.0	26.245808567387463	23.81782467836158	23.689707853958158	26.246658900292797	0.0
249.0	26.336868838612027	23.709049268428185	23.710466493954115	26.243615399005677	0.0
