# Position (bp)	A	C	G	T	N
0.0	26.214872564228365	23.930756163342398	23.659350725591235	26.195020546838	0.0
1.0	26.314416251428636	23.703875964595344	23.786970837386452	26.194736946589565	0.0
2.0	26.269057126003904	23.730375697626936	23.8248105630927	26.175756613276462	0.0
3.0	26.341535346546163	23.780261288520492	23.62996509158143	26.248238273351916	0.0
4.0	26.200853549603707	23.678770434856585	23.821406797203988	26.29896921833572	0.0
5.0	26.31156582570303	23.69736651817236	23.779600795120388	26.211466861004222	0.0
6.0	26.100283843599627	23.82613232612807	23.849384249374044	26.22419958089826	0.0
7.0	26.187471821380875	23.850666787651598	23.668905833080494	26.292955557887037	0.0
8.0	26.235318803840507	23.681882368953843	23.872149536950392	26.21064929025526	0.0
9.0	26.348517715112074	23.654176059433173	23.726482639331945	26.27082358612281	0.0
10.0	26.316953525959114	23.64278220432699	23.73692120112286	26.303343068591033	0.0
11.0	26.242379561629853	23.74883035131993	23.683330025236057	26.32546006181416	0.0
12.0	26.282643831343748	23.756202682394306	23.75875464315082	26.202398843111123	0.0
13.0	26.32999688093685	23.619531006323193	23.828508237162218	26.221963875577735	0.0
14.0	26.27924121700173	23.82000170130717	23.818867496526497	26.081889585164603	0.0
15.0	26.180848952278335	23.832477953894575	23.721892987778944	26.264780106048146	0.0
16.0	26.312700258031583	23.759038194345987	23.741458020245556	26.186803527376867	0.0
17.0	26.222247426772903	23.699775994555814	23.770663793347886	26.30731278532339	0.0
18.0	26.24606572716704	23.738338957098705	23.67340573340517	26.34218958232909	0.0
19.0	26.22791845067627	23.625769132616895	23.76896248617688	26.37734993052996	0.0
20.0	26.242946664020188	23.753083619247455	23.74230867383106	26.261661042901295	0.0
21.0	26.259318174729422	23.718423119564694	23.75556822080636	26.266690484899524	0.0
22.0	26.24882681025659	23.752165616112467	23.743942654768894	26.255064918862054	0.0
23.0	26.164821704019598	23.764007349605297	23.807957535613827	26.26321341076127	0.0
24.0	26.28107703475184	23.880262680337538	23.65058751474458	26.18807277016605	0.0
25.0	26.211607385899644	23.931301606024864	23.662496597404953	26.194594410670536	0.0
26.0	26.31793848108157	23.710132928046455	23.780453225660104	26.19147536521187	0.0
27.0	26.267750204155703	23.720340713183923	23.82270211414572	26.189206968514654	0.0
28.0	26.3389211505308	23.773931585155612	23.631306142818257	26.255841121495326	0.0
29.0	26.193743761909083	23.68716541148716	23.818448870338447	26.300641956265313	0.0
30.0	26.295254514109427	23.705879684239182	23.771663188458398	26.227202613192997	0.0
31.0	26.08287587333273	23.82837310588876	23.85219127120951	26.236559749569004	0.0
32.0	26.18467017512022	23.851340622448053	23.665899192450777	26.298090009980946	0.0
33.0	26.24846883222938	23.68716541148716	23.860981308411215	26.203384447872246	0.0
34.0	26.350830233191182	23.653423010616095	23.720907812358224	26.2748389438345	0.0
35.0	26.311416840577078	23.63385808910262	23.75124761818347	26.303477452136832	0.0
36.0	26.232306505761727	23.758336357862262	23.68716541148716	26.32219172488885	0.0
37.0	26.27654024135741	23.76542509754106	23.757485709100806	26.200548952000723	0.0
38.0	26.323042373650303	23.63385808910262	23.83205925052173	26.21104028672534	0.0
39.0	26.26746665456855	23.840849287723437	23.815613374466928	26.07607068324109	0.0
40.0	26.185237274294526	23.832342800108883	23.728563651211324	26.253856274385264	0.0
41.0	26.31878912984303	23.754933762816442	23.743308229743217	26.18296887759731	0.0
42.0	26.220680972688506	23.695388349514563	23.782154523183014	26.301776154613922	0.0
43.0	26.24223074131204	23.744158878504674	23.66674984121223	26.346860538971058	0.0
44.0	26.217845476816986	23.634141638689773	23.773931585155612	26.374081299337625	0.0
45.0	26.227202613192997	23.755784411577896	23.74954632066056	26.26746665456855	0.0
46.0	26.243006978135554	23.717437966614966	23.76308932070218	26.2764657345473	0.0
47.0	26.244991819617606	23.745225747363705	23.744658649797405	26.265123783221284	0.0
48.0	26.160420104685915	23.77691579192115	23.798465438336823	26.264198665056114	0.0
49.0	26.26448221303527	23.890618531561724	23.65073694119782	26.194162314205187	0.0
50.0	26.189909094517883	23.947044579413284	23.666615628030417	26.196430698038416	0.0
51.0	26.30644731394999	23.710282016820067	23.790526094920523	26.19274457430942	0.0
52.0	26.268168336764262	23.72644425163182	23.821716372627414	26.183671038976502	0.0
53.0	26.337637591656883	23.759052269234477	23.640812761927446	26.262497377181194	0.0
54.0	26.181119107164125	23.691567850195934	23.821999920606565	26.30531312203338	0.0
55.0	26.284330571576014	23.707162989049376	23.774363860108767	26.23414257926584	0.0
56.0	26.081877314460378	23.83589377158509	23.83731151148086	26.24491740247367	0.0
57.0	26.189625546538732	23.846668594792924	23.657258544718353	26.30644731394999	0.0
58.0	26.252573197910817	23.690433658279318	23.841281183189007	26.215711960620858	0.0
59.0	26.358053046155938	23.659526928551582	23.725310059715206	26.257109965577275	0.0
60.0	26.309566341720682	23.645633077573056	23.756500337422096	26.28830024328417	0.0
61.0	26.21741324849578	23.77833353181692	23.70120848148715	26.30304473820015	0.0
62.0	26.26136318526458	23.763589036900935	23.772946120213	26.202101657621483	0.0
63.0	26.318639877053595	23.622098595303314	23.838729251376627	26.220532276266468	0.0
64.0	26.255408677702352	23.83504312764763	23.828237976147946	26.081310218502075	0.0
65.0	26.185655874830584	23.831357003918633	23.723041675881976	26.25994544536881	0.0
66.0	26.29879151851285	23.753948405609712	23.748560994005796	26.198699081871645	0.0
67.0	26.209473905079477	23.703760413299534	23.779751271712687	26.3070144099083	0.0
68.0	26.231590647453455	23.74714325411003	23.657258544718353	26.364007553718167	0.0
69.0	26.209473905079477	23.626351814990613	23.77634869596284	26.38782558396706	0.0
70.0	26.217696796474932	23.75848517327617	23.760470009130245	26.263348021118656	0.0
71.0	26.246827815977884	23.708513503934217	23.765790033316794	26.27886864677111	0.0
72.0	26.254200042532077	23.734599844049054	23.75132912738357	26.2598709860353	0.0
73.0	26.163107214553865	23.7750796765303	23.796345654368313	26.265467454547515	0.0
74.0	26.26660164003221	23.88878177137089	23.652871190554503	26.191745398042393	0.0
75.0	26.187492202474793	23.948326509317333	23.672152343794302	26.192028944413572	0.0
76.0	26.311969059419976	23.715534938583858	23.78783926323311	26.184656738763056	0.0
77.0	26.264616815433996	23.72404132971906	23.827819301568578	26.183522553278365	0.0
78.0	26.33692114008325	23.766289739023918	23.64549898490399	26.251290135988842	0.0
79.0	26.182388367793667	23.709296918418037	23.825267384228017	26.283047329560276	0.0
80.0	26.29041953521079	23.703625990994567	23.76940874910683	26.236545724687815	0.0
81.0	26.064716623756652	23.8479510939219	23.838310517302	26.249021765019453	0.0
82.0	26.187208656103618	23.85674103142828	23.640962242965212	26.315088069502885	0.0
83.0	26.255826877927618	23.692000589776452	23.840578888271388	26.211593644024546	0.0
84.0	26.34656171670315	23.664496591772618	23.728010978915492	26.260930712608737	0.0
85.0	26.29552336989191	23.659109210720324	23.75267951320759	26.292687906180177	0.0
86.0	26.21669747870567	23.781884789438465	23.69285122888997	26.308566502965895	0.0
87.0	26.26716873277456	23.75920107974458	23.76940874910683	26.20422143837403	0.0
88.0	26.326713470721003	23.61175696673434	23.840862434642563	26.220667127902097	0.0
89.0	26.265183908176343	23.830654765280315	23.812224251154035	26.09193707538931	0.0
90.0	26.189760573444183	23.841713073756083	23.70476017647926	26.263766176320473	0.0
91.0	26.30601458562533	23.75664916240402	23.750694688609375	26.186641563361274	0.0
92.0	26.21924939604623	23.699089249055792	23.787272170490763	26.29438918440722	0.0
93.0	26.234277353718426	23.75353015232111	23.658542117977973	26.35365037598249	0.0
94.0	26.197416325465866	23.619979811498375	23.793793737027755	26.388810126008007	0.0
95.0	26.233143168233735	23.73680091642187	23.76714037813744	26.262915537206954	0.0
96.0	26.25972206863504	23.68484477297924	23.76707298746445	26.288360170921266	0.0
97.0	26.258871431933468	23.72992851816251	23.75062734456741	26.26057270533661	0.0
98.0	26.170614554919787	23.765020783831144	23.803866416391156	26.260498244857917	0.0
99.0	26.273541303965658	23.882691860564027	23.657840863337096	26.185925972133223	0.0
100.0	26.1927310464503	23.9544286856566	23.673719370076952	26.179120897816137	0.0
101.0	26.32344518229093	23.712565002636964	23.777780298175674	26.18620951689643	0.0
102.0	26.26957167728069	23.725324516981498	23.81549175168284	26.189612054054972	0.0
103.0	26.332518614713706	23.771825858148226	23.638276274675484	26.257379252462588	0.0
104.0	26.182239890211466	23.709162465478425	23.827684176500945	26.280913467809164	0.0
105.0	26.289986900231938	23.699238398766013	23.765587873357568	26.245186827644478	0.0
106.0	26.072791611611724	23.84469686229365	23.844980407056863	26.23753111903776	0.0
107.0	26.201237389346655	23.864828540481685	23.632038289884825	26.301895780286834	0.0
108.0	26.256528618172954	23.691299145396084	23.831086713659484	26.22108552277148	0.0
109.0	26.35917182245561	23.670033288155203	23.728159964613614	26.242634924775576	0.0
110.0	26.308417309840703	23.662661124311697	23.749425821854498	26.279495743993103	0.0
111.0	26.22987541043105	23.787420820124876	23.684494071079	26.29820969836508	0.0
112.0	26.272690669676024	23.757365075224428	23.769273955279317	26.200670299820235	0.0
113.0	26.3251464508702	23.61105597740715	23.845831041346496	26.217966530376152	0.0
114.0	26.278361564940255	23.82002846789423	23.81407402786678	26.08753593929874	0.0
115.0	26.186776606422857	23.83505634034445	23.697820674949956	26.280346378282736	0.0
116.0	26.293672982153694	23.756797985698004	23.75452962759231	26.194999404555997	0.0
117.0	26.22221970182433	23.708595375952	23.778063842938884	26.291121079284785	0.0
118.0	26.230158955194256	23.757648619987638	23.666914295759874	26.345278129058237	0.0
119.0	26.19896903124096	23.624099036514895	23.78203346962385	26.394898462620294	0.0
120.0	26.22789059708856	23.74517265040632	23.750560000907342	26.276376751597773	0.0
121.0	26.262273978739753	23.693351139994952	23.751194435701787	26.2931804455635	0.0
122.0	26.248380245947423	23.731346245998463	23.749776707865838	26.270496800188276	0.0
123.0	26.1670768637503	23.75920107974458	23.795495015254794	26.278227041250325	0.0
124.0	26.275391577538592	23.877723462895123	23.659959849833843	26.186925109732446	0.0
125.0	26.196565686352347	23.944640406492077	23.680658734929512	26.178135172226064	0.0
126.0	26.322460275153396	23.722056505120847	23.76232008982749	26.193163129898263	0.0
127.0	26.285882793272012	23.731697081740748	23.79265955154306	26.189760573444183	0.0
128.0	26.323878007009267	23.78386961403668	23.63954451110935	26.252707867844705	0.0
129.0	26.181537728680148	23.716669124068552	23.83547505359026	26.266318093661038	0.0
130.0	26.290986627953135	23.676121992990733	23.77678095475734	26.25611042429879	0.0
131.0	26.079818529807895	23.835542638406466	23.842914864960658	26.24172396682498	0.0
132.0	26.194655135748214	23.867299922024525	23.633940596866804	26.304104345360457	0.0
133.0	26.258169702984336	23.685829729921316	23.853122563266464	26.202878003827884	0.0
134.0	26.340965478131423	23.672786559863898	23.743106259303893	26.24314170270079	0.0
135.0	26.3177146097682	23.673353654214218	23.745374636705183	26.263557099312397	0.0
136.0	26.231799815694334	23.79215992060679	23.687814560147444	26.288225703551426	0.0
137.0	26.266676118239175	23.75558233501099	23.76890905224357	26.208832494506275	0.0
138.0	26.33075777982562	23.611823917204227	23.844049053661305	26.213369249308855	0.0
139.0	26.287942156376264	23.825902034450984	23.80094988303679	26.085205926135963	0.0
140.0	26.19919189055079	23.82278301552421	23.678457503367124	26.299567590557878	0.0
141.0	26.314312043666266	23.748493655631954	23.7496278443326	26.187566456369176	0.0
142.0	26.227263060891755	23.71531863613809	23.769759693769053	26.287658609201102	0.0
143.0	26.23123272134401	23.75671652371163	23.675054937265188	26.336995817679167	0.0
144.0	26.192670305522082	23.60189976607358	23.809172751116467	26.396257177287875	0.0
145.0	26.238037853547887	23.730630183596794	23.757283618061955	26.274048344793364	0.0
146.0	26.26448221303527	23.705178153195302	23.745441966235106	26.284897667534324	0.0
147.0	26.25030481407759	23.753381309651406	23.73466714302727	26.261646733243733	0.0
148.0	26.16964204700118	23.779035477724346	23.788392614100353	26.262929861174122	0.0
149.0	26.272286997550133	23.8740245894202	23.659094002359133	26.194594410670536	0.0
150.0	26.200265402413574	23.952000725886943	23.68177796933128	26.165955902368204	0.0
151.0	26.314819435622898	23.720340713183923	23.76258960166954	26.202250249523633	0.0
152.0	26.27824153888032	23.726011704926957	23.792645857907633	26.203100898285093	0.0
153.0	26.31765493149442	23.79094456038472	23.643498775065783	26.24790173305508	0.0
154.0	26.17474593956991	23.726011704926957	23.821284366209962	26.277957989293167	0.0
155.0	26.291568369476455	23.68206151891843	23.769394791761183	26.256975319843935	0.0
156.0	26.06536970717751	23.831276175245485	23.845170144412215	26.25818397316479	0.0
157.0	26.18984832889577	23.85963121436126	23.637894808475888	26.31262564826708	0.0
158.0	26.257616872382478	23.67957671597608	23.84290174128295	26.219904670358492	0.0
159.0	26.339846485818224	23.67815896402029	23.729481584819847	26.252512965341634	0.0
160.0	26.31007369474666	23.68865032849313	23.74564395711584	26.25563201964437	0.0
161.0	26.236350593045643	23.791579120483398	23.679860266367236	26.292210020103724	0.0
162.0	26.27916670211047	23.750180763374363	23.770029290755406	26.200623243759765	0.0
163.0	26.32680316782497	23.626552792829578	23.844035942847583	26.20260809649787	0.0
164.0	26.288240314627515	23.826172268204644	23.80774149277939	26.077845924388456	0.0
165.0	26.210831057841443	23.82815712094275	23.675323460108714	26.285688361107095	0.0
166.0	26.298448128709197	23.755851771197516	23.745076856333526	26.200623243759765	0.0
167.0	26.229828934049017	23.730899336775636	23.754434019241728	26.284837709933623	0.0
168.0	26.240036748130695	23.770312841146566	23.671637305023662	26.31801310569908	0.0
169.0	26.20119034454208	23.616628529139057	23.79668302752424	26.38549809879463	0.0
170.0	26.230963135613646	23.739405848510366	23.760388577456045	26.269242438419944	0.0
171.0	26.251736751070403	23.732951484390508	23.749964556100604	26.265347208438484	0.0
172.0	26.25797487736411	23.76499276944452	23.72728046048714	26.249751892704225	0.0
173.0	26.174192158063676	23.776469654179	23.794900586387197	26.254437601370128	0.0
174.0	26.272868533578325	23.880533532954505	23.6539748431953	26.192623090271873	0.0
175.0	26.209069152857644	23.93525922397269	23.689986049202084	26.165685573967583	0.0
176.0	26.316819218074787	23.711819615048714	23.76966438690213	26.201696779974366	0.0
177.0	26.277972484035978	23.72146041035762	23.797169008812823	26.203398096793585	0.0
178.0	26.32249027413885	23.776469654179	23.66078011047217	26.24025996120998	0.0
179.0	26.187235587011017	23.718624882325585	23.83743350686765	26.25670602379575	0.0
180.0	26.284210645706445	23.684882098744428	23.7668288588701	26.26407839667903	0.0
181.0	26.067933773219497	23.84232151009309	23.849977457488226	26.239767259199187	0.0
182.0	26.203472397474105	23.85167877913159	23.647520181927995	26.29732864146631	0.0
183.0	26.278614103389312	23.688068347761487	23.833814901876273	26.19950264697292	0.0
184.0	26.35375580930453	23.69062033022653	23.718692137342025	26.236931723126915	0.0
185.0	26.302432606396405	23.691187437440988	23.753285677423747	26.253094278738864	0.0
186.0	26.235513955090777	23.790147646363284	23.6996940456578	26.27464435288814	0.0
187.0	26.26727195910023	23.75555410628156	23.77398509075133	26.203188843866876	0.0
188.0	26.31689384036499	23.629939858279908	23.847141921415954	26.206024379939148	0.0
189.0	26.27521146010259	23.82417407923055	23.80857863083305	26.092035829833808	0.0
190.0	26.19553289647174	23.832964241054594	23.669637363291717	26.301865499181947	0.0
191.0	26.311222768220443	23.762642946462243	23.738257336240704	26.187876949076603	0.0
192.0	26.229275775731782	23.73258626409616	23.748465266100883	26.289672694071175	0.0
193.0	26.22417181080169	23.770866001071834	23.66028009425322	26.344682093873256	0.0
194.0	26.200353307794604	23.60895689134509	23.80262400508128	26.38806579577902	0.0
195.0	26.24770676020155	23.730601388845567	23.75470344545988	26.266988405493002	0.0
196.0	26.25515360142458	23.71847583832862	23.755905020614406	26.270465539632397	0.0
197.0	26.254870047013323	23.74938326915552	23.744846398575422	26.25090028525574	0.0
198.0	26.177324592246443	23.776455776603225	23.79715536601411	26.24906426513622	0.0
199.0	26.27373363881769	23.88250572783159	23.6499897919833	26.19377084136742	0.0
200.0	26.204262414082525	23.934396479368463	23.693090306921036	26.168250799627973	0.0
201.0	26.319386157929358	23.718610348660484	23.76114375155956	26.2008597418506	0.0
202.0	26.288478551822696	23.714073452351247	23.796588253975457	26.2008597418506	0.0
203.0	26.32250527414196	23.779291336796497	23.652541796157248	26.245661592904295	0.0
204.0	26.18809972098088	23.722863688950387	23.817854955424995	26.271181634643742	0.0
205.0	26.277703423088266	23.695075199056326	23.771918880293992	26.255302497561416	0.0
206.0	26.058872067668	23.842591936211058	23.854784879615952	26.243751116504992	0.0
207.0	26.198382024765856	23.84060703844747	23.63729679609145	26.323714140695227	0.0
208.0	26.263032980494128	23.683516558300703	23.83408523150997	26.219365229695207	0.0
209.0	26.34951781162186	23.671890728542547	23.733139002390384	26.24545245744521	0.0
210.0	26.302163822119134	23.680113876420265	23.7507195254393	26.267002776021304	0.0
211.0	26.22021590016531	23.786164128360504	23.69911218358603	26.294507787888154	0.0
212.0	26.257078287203363	23.746749729912125	23.77255340083876	26.22361858204575	0.0
213.0	26.33505641363001	23.609791784224598	23.83607012927356	26.219081672871837	0.0
214.0	26.298761140238696	23.81622115163768	23.807147333289855	26.07787037483377	0.0
215.0	26.214409872370346	23.833369723332037	23.67571123543573	26.276509168861885	0.0
216.0	26.303163661419894	23.77353889429225	23.72873666212028	26.194560782167574	0.0
217.0	26.22717000178642	23.72419972721679	23.75368980408948	26.294940466907313	0.0
218.0	26.234258962573122	23.77240466056638	23.662667547588192	26.3306688292723	0.0
219.0	26.197396366482263	23.599717575802256	23.80189473743907	26.40099132027641	0.0
220.0	26.22717000178642	23.726751753100004	23.767017050368484	26.279061194745097	0.0
221.0	26.248511314013495	23.721998525491976	23.76509952929167	26.26439063120286	0.0
222.0	26.262972835025238	23.74950377133783	23.729938184086656	26.257585209550278	0.0
223.0	26.160472752638537	23.77118908404176	23.795858877439333	26.272479285880372	0.0
224.0	26.262554656352616	23.88234493475265	23.646422312835664	26.208678096059074	0.0
225.0	26.20300687918607	23.945295442042998	23.67562907973164	26.176068599039297	0.0
226.0	26.31898326423901	23.718730327966473	23.748220655706096	26.214065752088427	0.0
227.0	26.27077792081847	23.715044036999018	23.808335554559942	26.205842487622572	0.0
228.0	26.328624332923116	23.772890449103663	23.635930561620608	26.262554656352616	0.0
229.0	26.1800384508504	23.713909793624417	23.822513596742454	26.283538158782733	0.0
230.0	26.286373767219235	23.70341804240936	23.759846650295753	26.250361540075655	0.0
231.0	26.054778439106553	23.84441539512898	23.84980306643566	26.251003099328805	0.0
232.0	26.18890309847812	23.841296217004057	23.64677292666812	26.323027757849694	0.0
233.0	26.25894282546497	23.690441420417006	23.8347742991065	26.215841455011528	0.0
234.0	26.3570551555761	23.659533200815524	23.72758799626833	26.255823647340048	0.0
235.0	26.307715428872815	23.681934570985405	23.73978114712029	26.27056885302149	0.0
236.0	26.227467482568045	23.791389367005333	23.680800324394525	26.300342826032093	0.0
237.0	26.26007707205585	23.755944161040333	23.768420873540013	26.215557893363805	0.0
238.0	26.320192141372495	23.61331265223716	23.84441539512898	26.222079811261366	0.0
239.0	26.275389401032733	23.821163340015936	23.820312655072776	26.083134603878555	0.0
240.0	26.196856399917202	23.83135830405526	23.682770315295773	26.289014980731768	0.0
241.0	26.30831223114201	23.757333779480447	23.731812652240613	26.202541337136925	0.0
242.0	26.224524808094213	23.72400729341239	23.748394286637915	26.30307361185548	0.0
243.0	26.2349565000397	23.755118476423814	23.660405394675653	26.349519628860836	0.0
244.0	26.191448454222176	23.60721192837981	23.78728327633437	26.41405634106364	0.0
245.0	26.234789340698917	23.73245687418293	23.754292730928363	26.27846105418979	0.0
246.0	26.247220835791097	23.716763464767006	23.754197105131812	26.281818594310085	0.0
247.0	26.250801159341375	23.74749726329641	23.743526916117908	26.258174661244304	0.0
248.0	26.163803127676594	23.784012206673964	23.78996806525352	26.26221660039592	0.0
249.0	26.2710085821086	23.881007617826736	23.644474948524365	26.203508851540295	0.0
