# Position (bp)	A	C	G	T	N
0.0	26.306937786469643	23.771482629946917	23.847828432172562	26.073751151410875	0.0
1.0	26.271254422385915	23.84395581901619	23.65502762003026	26.22976213856763	0.0
2.0	26.225019016665513	23.817993223151927	23.717585229237258	26.2394025309453	0.0
3.0	26.14088028743628	23.733407829264177	23.7920457154237	26.33366616787584	0.0
4.0	26.335543220017865	23.69723169514074	23.74314423451904	26.224080850322355	0.0
5.0	26.276502182125927	23.721561837964014	23.712158506972294	26.289777472937764	0.0
6.0	26.139814266829646	23.807917166767147	23.85161258206718	26.200655984336024	0.0
7.0	26.357808922270276	23.727088702808537	23.619791378604692	26.295310996316495	0.0
8.0	26.20159669047599	23.73991698536874	23.82149365499429	26.236992669160976	0.0
9.0	26.29174708689809	23.699957416450523	23.783188899519413	26.22510659713197	0.0
10.0	26.254638359997568	23.76029287337761	23.751721239402972	26.233347527221852	0.0
11.0	26.215374746307283	23.738172527636607	23.685083697858197	26.361369028197913	0.0
12.0	26.144589639936072	23.793749896310878	23.65190317924669	26.40975728450636	0.0
13.0	26.279523748956198	23.82084731984361	23.781030697509802	26.118598233690392	0.0
14.0	26.184406262269878	23.836608066184077	23.6400134934109	26.338972178135144	0.0
15.0	26.166709985677077	23.846562221767524	23.773565080822213	26.213162711733183	0.0
16.0	26.298602547157813	23.782689723440377	23.818358780947747	26.100348948454066	0.0
17.0	26.24634323034469	23.880295749022558	23.714393155965027	26.158967864667726	0.0
18.0	26.191318870313946	23.802321530285518	23.782966227762138	26.223393371638398	0.0
19.0	26.175281619651713	23.728494876374917	23.807851616720768	26.288371887252598	0.0
20.0	26.232241509934802	23.731536423914307	23.857069385994503	26.179152680156392	0.0
21.0	26.270399106338033	23.726282841800817	23.654391718142552	26.348926333718598	0.0
22.0	26.202379043184443	23.782413219118613	23.801768521641993	26.213439216054944	0.0
23.0	26.19705302508717	23.647690227534778	23.83681866067207	26.318438086705985	0.0
24.0	26.367859315379082	23.754078416192005	23.72946966764364	26.14859260078527	0.0
25.0	26.316982801526294	23.767074047447878	23.844494829397778	26.07144832162805	0.0
26.0	26.27163634352707	23.849748382458664	23.650942874523032	26.227672399491237	0.0
27.0	26.21605928219875	23.810761488691035	23.728087153680253	26.24509207542996	0.0
28.0	26.1278548913344	23.720068572692586	23.803848918874078	26.348227617098935	0.0
29.0	26.31974782945308	23.69435381297351	23.756566941326106	26.229331416247305	0.0
30.0	26.285737985953656	23.722833600619367	23.707625947022066	26.28380246640491	0.0
31.0	26.143062544931706	23.796936349057127	23.84753636011724	26.212464745893932	0.0
32.0	26.343527069623402	23.717856550351158	23.635182215340375	26.303434164685065	0.0
33.0	26.200575125808772	23.744124315655586	23.819886080849418	26.235414477686227	0.0
34.0	26.29071503622187	23.70873195819278	23.76845656141127	26.232096444174086	0.0
35.0	26.245921583807995	23.770668583752695	23.752972405021293	26.230437427418018	0.0
36.0	26.214676768235357	23.743571310070234	23.67444561190068	26.36730630979373	0.0
37.0	26.139744511419565	23.7947243267157	23.655643421998562	26.40988773986617	0.0
38.0	26.281037438478126	23.82403362273959	23.775645634020904	26.119283304761375	0.0
39.0	26.175966377260412	23.84560084056849	23.64237128795001	26.33606149422109	0.0
40.0	26.1621412376265	23.84836586849527	23.777304650776973	26.212188243101252	0.0
41.0	26.304540175855777	23.78062268428911	23.81131449427639	26.10352264557872	0.0
42.0	26.243156555881214	23.87491013659238	23.723110103412047	26.158823204114363	0.0
43.0	26.19504506995521	23.79942487419123	23.78283470663054	26.22269534922303	0.0
44.0	26.175413371675056	23.71923906431455	23.812697008239784	26.292650555770614	0.0
45.0	26.238179505613008	23.731681689985066	23.856107946690262	26.17403085771166	0.0
46.0	26.27301885749046	23.726151634131504	23.65453741082785	26.346292097550183	0.0
47.0	26.196980589503955	23.78587623735	23.806060941215506	26.211082231930543	0.0
48.0	26.18529506913933	23.647835956876744	23.83696334412613	26.329905629857798	0.0
49.0	26.358035956224317	23.757265070701372	23.731826954449183	26.15287201862512	0.0
50.0	26.310754240146878	23.772472640199965	23.850445996538205	26.066327123114952	0.0
51.0	26.26568453417832	23.842980462420712	23.661872134755658	26.22946286864531	0.0
52.0	26.21342579535588	23.810353313314643	23.726296929176964	26.249923962152504	0.0
53.0	26.127433902372932	23.709153850833097	23.814224331005192	26.349187915788775	0.0
54.0	26.307436224983547	23.68979876238034	23.76638961240053	26.23637540023558	0.0
55.0	26.273703070823036	23.71302486852365	23.726849931704187	26.286422128949127	0.0
56.0	26.145129983244026	23.786850705907725	23.854317014228755	26.213702296619495	0.0
57.0	26.34365789051656	23.718831395059475	23.62730947680431	26.31020123761966	0.0
58.0	26.20761926882006	23.729614944340298	23.82390187523157	26.238863911608075	0.0
59.0	26.29416416433023	23.707494843251435	23.761412589655535	26.2369284027628	0.0
60.0	26.249647460888898	23.7683251212458	23.749799536583883	26.232227881281418	0.0
61.0	26.22089132947338	23.735974473403342	23.666019653709817	26.377114543413466	0.0
62.0	26.15093650977985	23.78519169832606	23.649706079156783	26.414165712737308	0.0
63.0	26.284486620103852	23.82030735880463	23.774408149045243	26.120797872046275	0.0
64.0	26.18632867152203	23.833855920721557	23.643899552620955	26.335915855135454	0.0
65.0	26.164761572960387	23.834961925776003	23.788509713489393	26.21176678777422	0.0
66.0	26.307436224983547	23.778279166735793	23.810076812051033	26.104207796229627	0.0
67.0	26.244117435616683	23.872842598890674	23.72380841780447	26.159231547688172	0.0
68.0	26.19766522333007	23.810906315841862	23.781597181899123	26.209831278928945	0.0
69.0	26.18577566899481	23.718554893795865	23.80648229562409	26.289187141585234	0.0
70.0	26.24218192677141	23.718001891268642	23.864271059718742	26.175545122241207	0.0
71.0	26.27619158219553	23.728508939285852	23.651641588002057	26.34365789051656	0.0
72.0	26.194900210693962	23.78519169832606	23.812565323423527	26.207342767556447	0.0
73.0	26.190680274177897	23.64549318011519	23.837108025979987	26.326718519726928	0.0
74.0	26.361761192709253	23.761834188639178	23.723953725004424	26.152450893647146	0.0
75.0	26.319180233586977	23.766811183861265	23.834553618828526	26.079454963723236	0.0
76.0	26.274940276057336	23.83980711378517	23.642109803574588	26.243142806582902	0.0
77.0	26.210792337639354	23.812157140329145	23.72920721996107	26.24784330207043	0.0
78.0	26.124524420456556	23.711787736683775	23.81824013448947	26.3454477083702	0.0
79.0	26.299272252698636	23.68911475844983	23.77317067775615	26.238442311095383	0.0
80.0	26.273834277119096	23.72174172712794	23.725612723411786	26.27881127234118	0.0
81.0	26.144155901610333	23.788101663422403	23.86109759334631	26.206644841620953	0.0
82.0	26.341300212351797	23.714276234294815	23.63464431074146	26.309779242611924	0.0
83.0	26.1944788533003	23.72920721996107	23.834830118563087	26.24148380817554	0.0
84.0	26.286553264908868	23.712893735622014	23.770958679879666	26.229594319589456	0.0
85.0	26.24839630153955	23.76155768890462	23.757686692620776	26.232359316935057	0.0
86.0	26.21632233233056	23.73114271810299	23.673077773845336	26.37945717572111	0.0
87.0	26.156598389665547	23.774829676163513	23.65565829056804	26.412913643602902	0.0
88.0	26.29208325960007	23.824046628915234	23.761834188639178	26.122035922845516	0.0
89.0	26.186460360998055	23.834830118563087	23.646257299592992	26.33245222084587	0.0
90.0	26.158810387542026	23.831512121748364	23.786995664484163	26.222681826225447	0.0
91.0	26.306461245797202	23.78423066713856	23.80800964431074	26.101298442753496	0.0
92.0	26.24480180499027	23.87077508405592	23.726718722350025	26.157704388603786	0.0
93.0	26.189501858078216	23.813816138736506	23.78506016634224	26.211621836843037	0.0
94.0	26.191160856485578	23.70902273933817	23.819346133427715	26.28047027074854	0.0
95.0	26.246184303663068	23.720912227924263	23.862480092019112	26.170423376393558	0.0
96.0	26.276875774199254	23.733078216244913	23.65399929216068	26.33604671739515	0.0
97.0	26.201944346133427	23.780083171120157	23.802756149354096	26.21521633339232	0.0
98.0	26.191917935105693	23.637620449863824	23.83338172065309	26.33707989437739	0.0
99.0	26.365209889787817	23.74898386909469	23.730458489324405	26.15534775179309	0.0
100.0	26.316546205615126	23.76944473630366	23.83967528050743	26.074333777573784	0.0
101.0	26.272859489141915	23.848523223084282	23.641979063555876	26.236638224217923	0.0
102.0	26.21396537136474	23.80898397969397	23.720228055719918	26.25682259322137	0.0
103.0	26.126315440212792	23.703085166977267	23.826956363053203	26.343643029756734	0.0
104.0	26.29166136711773	23.6961727118391	23.77939867170262	26.23276724934055	0.0
105.0	26.26594703400375	23.724652027008343	23.742071413956523	26.26732952503138	0.0
106.0	26.150094285888088	23.784928635813156	23.856541671044553	26.208435407254203	0.0
107.0	26.34336653155121	23.713868596992803	23.63755509226745	26.30520977918853	0.0
108.0	26.200416959293932	23.734605962407304	23.83138033434163	26.233596743957133	0.0
109.0	26.28668439941825	23.7127626041707	23.76612675783734	26.23442623857371	0.0
110.0	26.24631566141136	23.765020765015237	23.75644932064391	26.2322142529295	0.0
111.0	26.23083176190186	23.71580408443149	23.684006790795927	26.369357362870716	0.0
112.0	26.161430712314676	23.77635719144183	23.656080472037736	26.40613162420576	0.0
113.0	26.28889638506246	23.824191380997934	23.765850259631815	26.121061974307786	0.0
114.0	26.180232590290487	23.84022827691848	23.649997511516148	26.329541621274878	0.0
115.0	26.1658546836031	23.83138033434163	23.779675169908145	26.223089812147123	0.0
116.0	26.311569237915645	23.77027423092024	23.815896434832137	26.102260096331975	0.0
117.0	26.251569127316365	23.868154595676675	23.726311016241507	26.153965260765453	0.0
118.0	26.19101602030603	23.801795026350277	23.786587625046312	26.220601328297377	0.0
119.0	26.178297102851804	23.712486105965173	23.825297373820046	26.283919417362984	0.0
120.0	26.25129262911084	23.71939856110334	23.863177627977194	26.166131181808627	0.0
121.0	26.279495446074552	23.72188704495308	23.654421482804576	26.344196026167786	0.0
122.0	26.200416959293932	23.77359220938656	23.81561993662661	26.210370894692893	0.0
123.0	26.18970594334536	23.641491435444404	23.83808220314379	26.330720418066445	0.0
124.0	26.365908688727657	23.749391700583967	23.736119713325074	26.148579897363298	0.0
125.0	26.315862236772254	23.775106175898074	23.83842461511237	26.07060697221731	0.0
126.0	26.27825827287206	23.84893160502566	23.640450805167227	26.232359316935057	0.0
127.0	26.222681826225447	23.809668642718105	23.71870023004778	26.248949301008672	0.0
128.0	26.125630419394795	23.701833746239604	23.833171120155725	26.33936471420987	0.0
129.0	26.304249247920726	23.693815253937355	23.77206467881791	26.229870819324013	0.0
130.0	26.274110776853654	23.71952972925146	23.7408202088126	26.265539285082284	0.0
131.0	26.157223713788802	23.780148923168806	23.85673956141491	26.20588780162748	0.0
132.0	26.350774063147185	23.71683030887871	23.63498616115002	26.29740946682409	0.0
133.0	26.20588780162748	23.73093183433196	23.832131016996485	26.23104934704407	0.0
134.0	26.290496954347002	23.71047079739979	23.77047140570089	26.228560842552323	0.0
135.0	26.25372238796891	23.7502868692678	23.75775238274305	26.23823836002024	0.0
136.0	26.223307333069734	23.71793631087504	23.687244755476783	26.37151160057844	0.0
137.0	26.166901231256723	23.779319421671556	23.65047018909869	26.40330915797303	0.0
138.0	26.286902447858917	23.81554098705148	23.77738391817797	26.120172646911627	0.0
139.0	26.17934375371547	23.839596530471738	23.65268219309136	26.32837752272143	0.0
140.0	26.166348230258556	23.832407517495568	23.77876642067339	26.222477831572487	0.0
141.0	26.317594003257177	23.76660039871372	23.815817487550564	26.099988110478538	0.0
142.0	26.24985138098174	23.86448157538924	23.73037883333379	26.155288210295218	0.0
143.0	26.18957427218156	23.8102874775689	23.786784935146805	26.213353315102733	0.0
144.0	26.185426764695308	23.706323289913538	23.828536510508403	26.27971343488275	0.0
145.0	26.25455188946616	23.724019321854875	23.86392857439108	26.157500214287886	0.0
146.0	26.28441394336717	23.722360318860375	23.65600019908036	26.3372255386921	0.0
147.0	26.20651326376561	23.78270318695356	23.81339482721436	26.19738872206646	0.0
148.0	26.198290664462025	23.639264394004332	23.833921821816563	26.328523119717083	0.0
149.0	26.366476801415693	23.746336337997015	23.736658740253276	26.150528120334016	0.0
150.0	26.3194713266604	23.76126748880164	23.8378587623735	26.081402422164462	0.0
151.0	26.2788254161367	23.846706851739203	23.647071835425535	26.227395896698557	0.0
152.0	26.225183874357132	23.799701376983908	23.728916662058285	26.246198086600675	0.0
153.0	26.12315434385887	23.695736326936903	23.843665321019742	26.337444008184484	0.0
154.0	26.298733617209535	23.689100259912625	23.77896366753304	26.233202455344802	0.0
155.0	26.274401371453855	23.712602997290272	23.74882486313112	26.264170768124757	0.0
156.0	26.155577491504427	23.785388999029472	23.861150973707275	26.197882535758822	0.0
157.0	26.358531102502635	23.7146040883816	23.62335791449957	26.303506894616195	0.0
158.0	26.205348131803714	23.725111223555892	23.835159639328758	26.234381005311636	0.0
159.0	26.29548829145687	23.70492646387896	23.778476410099017	26.221108834565154	0.0
160.0	26.263413878819552	23.753038082834934	23.759121161093738	26.224426877251776	0.0
161.0	26.22746841638118	23.714327584824378	23.688336250445865	26.36986774834858	0.0
162.0	26.16304308754932	23.782070956342853	23.66179190895291	26.393094047154918	0.0
163.0	26.301018362601237	23.806956276492496	23.778199906541797	26.11382545436447	0.0
164.0	26.190416939713927	23.832394603756576	23.64907274532087	26.32811571120863	0.0
165.0	26.170785187151434	23.831565093084922	23.77764689942736	26.220002820336287	0.0
166.0	26.322862143621478	23.772116828282996	23.803914737363097	26.101106290732428	0.0
167.0	26.255118772103003	23.853132370547947	23.732300316043567	26.159448541305487	0.0
168.0	26.18046281165407	23.806956276492496	23.79700214843264	26.215578763420794	0.0
169.0	26.184886868569563	23.702437931863994	23.83350061798545	26.279174581580993	0.0
170.0	26.26064884324737	23.719028145297088	23.869169576866607	26.151153434588934	0.0
171.0	26.283875142053702	23.72234618798371	23.66510995163953	26.328668718323062	0.0
172.0	26.205420590723833	23.779924680222752	23.81116966858192	26.203485060471493	0.0
173.0	26.194709351678526	23.649480032185192	23.83307940949574	26.322731206640547	0.0
174.0	26.36732143252151	23.736644767403277	23.74576946048178	26.150264339593427	0.0
175.0	26.322673052143763	23.763597250410616	23.83714821348582	26.076581483959803	0.0
176.0	26.26654205400742	23.844337405365348	23.657418416497535	26.23170212412969	0.0
177.0	26.213729144430864	23.801478761468143	23.734287468132525	26.250504625968468	0.0
178.0	26.12801185663645	23.6886637504355	23.844890420125314	26.338433972802733	0.0
179.0	26.309677205284608	23.682580588075897	23.783229274389335	26.22451293225016	0.0
180.0	26.278431871346648	23.710231326074094	23.755025521631172	26.256311280948086	0.0
181.0	26.162647620785673	23.784124561388957	23.855463662682183	26.19776415514319	0.0
182.0	26.362839517437987	23.706978789060233	23.624302853840558	26.305878839661222	0.0
183.0	26.2019117773114	23.727993408045833	23.83251348668475	26.237581327958015	0.0
184.0	26.28458771253107	23.706978789060233	23.779976939220745	26.22845655918795	0.0
185.0	26.26357309354547	23.74845501074234	23.759515336524238	26.22845655918795	0.0
186.0	26.226521002176117	23.716380065974842	23.691770841110124	26.365328090738917	0.0
187.0	26.17011334068845	23.768363597149754	23.662184469643556	26.39933859251824	0.0
188.0	26.282099139230148	23.81454045728917	23.77831789035346	26.125042513127223	0.0
189.0	26.185466098531457	23.834580852811136	23.654296545564645	26.32565650309276	0.0
190.0	26.177447317994417	23.82407348521088	23.769324569820075	26.229154626974626	0.0
191.0	26.317084703208344	23.76130578928304	23.810248001526332	26.111361505982288	0.0
192.0	26.2573586136911	23.843429162369244	23.73476086060871	26.164451363330947	0.0
193.0	26.18657213722622	23.80305875001037	23.784809111546767	26.225560001216643	0.0
194.0	26.18850770494206	23.703515267481635	23.828221130316244	26.279755897260067	0.0
195.0	26.261506258796462	23.716234712471415	23.87135663941203	26.15090238932009	0.0
196.0	26.28086193595483	23.715128673776654	23.66425089381752	26.339758496450997	0.0
197.0	26.199364025991983	23.767178210977463	23.813355454168395	26.22010230886216	0.0
198.0	26.19003508927164	23.656639448747267	23.835542196992108	26.317783264988982	0.0
199.0	26.365139583241167	23.751271955050214	23.749889395213025	26.1336990664956	0.0
200.0	26.32229485350234	23.77890964595016	23.830064925728063	26.068730574819437	0.0
201.0	26.276946389266794	23.84306113194191	23.653924854276582	26.226067624514716	0.0
202.0	26.222196414153142	23.797712667706364	23.730519516430522	26.24957140170997	0.0
203.0	26.14200705666346	23.690701352711507	23.840849011735298	26.326442578889736	0.0
204.0	26.31289334262424	23.675216511265223	23.78609903662165	26.22579110948889	0.0
205.0	26.289113050403156	23.70784528431275	23.747663448031766	26.25537821725232	0.0
206.0	26.173878659340843	23.79197164054053	23.845892219675203	26.188257480443422	0.0
207.0	26.364398038950014	23.71178206131461	23.622190945213926	26.30162895452145	0.0
208.0	26.208107510231173	23.72469859528813	23.837241455591197	26.229952438889505	0.0
209.0	26.283320429156063	23.70506581130406	23.782214356818937	26.229399402720937	0.0
210.0	26.249308704789293	23.75815728348634	23.76949452494193	26.223039486782433	0.0
211.0	26.223039486782433	23.718615197433913	23.697323304944142	26.36102201083951	0.0
212.0	26.17713748479151	23.777237031301848	23.655845592301734	26.38977989160491	0.0
213.0	26.27861962172326	23.825904214135605	23.779449175976108	26.116026988165025	0.0
214.0	26.190759293107213	23.842561228186117	23.65176322244006	26.314916256266606	0.0
215.0	26.17057341713698	23.828458766891845	23.783109675671042	26.21785814030013	0.0
216.0	26.30827980389283	23.766518544736602	23.832606549625453	26.092595101745108	0.0
217.0	26.245233506341958	23.849197680559893	23.735271914810074	26.170296898288072	0.0
218.0	26.166425634403367	23.80523118358363	23.797488655814224	26.230854526198776	0.0
219.0	26.17333860562605	23.70153661524338	23.840072558545952	26.285052220584614	0.0
220.0	26.252160327401942	23.723090961881454	23.87075366045875	26.153995050257855	0.0
221.0	26.27428207999779	23.718943133269732	23.663915273687557	26.34285951304492	0.0
222.0	26.199693612879322	23.755786236913565	23.829341267690538	26.215178882516575	0.0
223.0	26.183451178404628	23.652155638451138	23.839915052000233	26.324478131144	0.0
224.0	26.366306079108043	23.733242633395275	23.755364569507122	26.145086717989557	0.0
225.0	26.309764123551698	23.774576224317673	23.837071039460223	26.078588612670412	0.0
226.0	26.280175870364737	23.832093576307276	23.65152227414761	26.236208279180378	0.0
227.0	26.22127588972154	23.784807676354287	23.733373890440507	26.260542543483673	0.0
228.0	26.126704089815554	23.68719409341039	23.85227995464978	26.333821862124267	0.0
229.0	26.31018615815147	23.67930580596635	23.786321855608524	26.22418618027365	0.0
230.0	26.284469122966144	23.70612895019191	23.75507427522205	26.254327651619896	0.0
231.0	26.158457841453668	23.799371168316174	23.851359012009745	26.190811978220413	0.0
232.0	26.357283690473228	23.717794498690626	23.62100861947387	26.303913191362277	0.0
233.0	26.202775273628266	23.726156041391285	23.84285248132027	26.228216203660175	0.0
234.0	26.289882805802744	23.698779388422164	23.776761369606938	26.234576436168155	0.0
235.0	26.260293898048236	23.747448993700605	23.755744949145793	26.236512159105363	0.0
236.0	26.21881412082229	23.717307022249752	23.69380181515505	26.3700770417729	0.0
237.0	26.16793226075847	23.77427258297338	23.663383311856027	26.39441184441212	0.0
238.0	26.279098063724	23.82460137934086	23.77593177406242	26.12036878287272	0.0
239.0	26.18404351517196	23.843748012421845	23.649898650797383	26.322309821608812	0.0
240.0	26.17262578020647	23.833873059681473	23.774139041988036	26.219362118124018	0.0
241.0	26.319748661445196	23.769580512412052	23.812447453427144	26.098223372715605	0.0
242.0	26.245975816176387	23.84999612793309	23.73798276377073	26.16604529211979	0.0
243.0	26.172543791471554	23.802424607861305	23.796339577864874	26.22869202280227	0.0
244.0	26.174689713737237	23.70235753939605	23.843428182595204	26.279524564271505	0.0
245.0	26.257378854016256	23.713575984907582	23.881761298567657	26.14728386250851	0.0
246.0	26.26651875745194	23.714808165252585	23.668332950650512	26.350340126644962	0.0
247.0	26.20805656916637	23.752244314173552	23.82085324052685	26.218845876133223	0.0
248.0	26.183052573044247	23.654135047128445	23.842261501304435	26.320550878522873	0.0
249.0	26.36737878259715	23.74273082903131	23.75296714971034	26.136923238661197	0.0
