# Position (bp)	A	C	G	T	N
0.0	26.256999208256993	23.615664506761256	23.81574396688971	26.311592318092043	0.0
1.0	26.180969013408184	23.727994832233374	23.736283838438695	26.35475231591975	0.0
2.0	26.074232425743283	23.87904007133446	23.853890100342667	26.19283740257959	0.0
3.0	26.258576494760515	23.75242542271653	23.837011593449144	26.15198648907381	0.0
4.0	26.271472164759935	23.633667440026514	23.790815685109205	26.304044710104346	0.0
5.0	26.27161015859592	23.734532540591815	23.770245907962366	26.2236113928499	0.0
6.0	26.21569193233665	23.8833004311096	23.683315858490918	26.217691778062836	0.0
7.0	26.285990156001382	23.713867011749382	23.622740036736452	26.377402795512783	0.0
8.0	26.229133579369524	23.852275453891068	23.745729596325454	26.17286137041396	0.0
9.0	26.319803261270064	23.78002279290164	23.7157570927911	26.184416853037195	0.0
10.0	26.236751387337883	23.82165532329328	23.6023088501161	26.339284439252737	0.0
11.0	26.1750601917568	23.871636616009436	23.69598807303552	26.257315119198243	0.0
12.0	26.213045974221078	23.67485312640126	23.772816460124922	26.339284439252737	0.0
13.0	26.294729686888623	23.741399647560485	23.82308336022803	26.140787305322867	0.0
14.0	26.195052708843264	23.81223027952395	23.787382436859346	26.205334574773442	0.0
15.0	26.317292670457626	23.79595065846783	23.72312077479572	26.16363589627882	0.0
16.0	26.251602971459253	23.745398150977774	23.699700969065866	26.303297908497104	0.0
17.0	26.143643379192362	23.761963379420845	23.736258714595394	26.3581345267914	0.0
18.0	26.149355526931352	23.719693486152327	23.89505642173929	26.23589456517703	0.0
19.0	26.176202621304594	23.8367925148016	23.766533097612037	26.22047176628176	0.0
20.0	26.20733382648209	23.797949910176477	23.778243000476966	26.21647326286447	0.0
21.0	26.273594740254364	23.757393661229653	23.77024599364238	26.198765604873604	0.0
22.0	26.278164458445552	23.709126012835195	23.867923719979093	26.144785808740156	0.0
23.0	26.158780570700678	23.91247847234321	23.66999780082312	26.25874315613299	0.0
24.0	26.340998083574434	23.785383185150703	23.688562280974836	26.18505645030003	0.0
25.0	26.26902502206317	23.608877820015937	23.823654575001928	26.298442582918963	0.0
26.0	26.17191851050036	23.72426320434352	23.74825422484727	26.355564060308858	0.0
27.0	26.082734511555643	23.868997977905476	23.84015171421064	26.20811579632824	0.0
28.0	26.24181737173409	23.765894005689283	23.829869877646146	26.162418744930484	0.0
29.0	26.25752573315207	23.64993773776747	23.785600859104566	26.306935669975896	0.0
30.0	26.28180229170713	23.733620463139616	23.761324300549507	26.223252944603747	0.0
31.0	26.2109718620406	23.888990437891994	23.68078324746096	26.219254452606442	0.0
32.0	26.26952120914398	23.726765905429954	23.62366193321376	26.380050952212308	0.0
33.0	26.2323923548833	23.850719157346372	23.753041709983663	26.163846777786663	0.0
34.0	26.300081112266234	23.777889481681193	23.73162121714096	26.19040818891161	0.0
35.0	26.234887885460665	23.82037682823384	23.60160281950002	26.343132466805468	0.0
36.0	26.178337945866286	23.86607374911819	23.70384967997875	26.25173862503677	0.0
37.0	26.199187166019772	23.67871637349236	23.775536724616074	26.3465597358718	0.0
38.0	26.287724950233198	23.740978428197284	23.81580713614541	26.15548948542411	0.0
39.0	26.198615954508714	23.809523809523807	23.793529887214287	26.198330348753192	0.0
40.0	26.318284766074605	23.78724656059269	23.73126783250936	26.163200840823343	0.0
41.0	26.259735586191535	23.739264793664123	23.6969951418461	26.30400447829825	0.0
42.0	26.150062976069094	23.75754356201786	23.73126783250936	26.36112562940368	0.0
43.0	26.15349024513542	23.710704218111402	23.902345680070145	26.233459856683034	0.0
44.0	26.192618233642644	23.832943481477038	23.756401138995752	26.218037145884566	0.0
45.0	26.203756858108207	23.792673069947707	23.7821056569932	26.22146441495089	0.0
46.0	26.266590124324185	23.76382688863946	23.77068142677211	26.198901560264243	0.0
47.0	26.283726469655814	23.716701938977476	23.860647239763175	26.13892435160353	0.0
48.0	26.14863494729146	23.925479746267847	23.670433806582068	26.255451499858623	0.0
49.0	26.349130187671545	23.779820810948983	23.700136805156895	26.170912196222577	0.0
50.0	26.26173482648022	23.609885386410305	23.825517731833333	26.302862055276137	0.0
51.0	26.166628109889672	23.714702698688782	23.748975389352044	26.3696938020695	0.0
52.0	26.086869598496577	23.87143208028926	23.842871586306956	26.198826734907204	0.0
53.0	26.261945426608097	23.757190104360046	23.81973758618129	26.161126882850567	0.0
54.0	26.2656582908258	23.647232202528176	23.782608944004295	26.30450056264173	0.0
55.0	26.281080957576243	23.737768968452077	23.757475709299868	26.223674364671812	0.0
56.0	26.206823673222253	23.892566845836168	23.683218424945878	26.217391055995705	0.0
57.0	26.272798414321375	23.727201585678625	23.628382276499853	26.371617723500147	0.0
58.0	26.237097796843496	23.85058291968218	23.753191635202523	26.159127648271806	0.0
59.0	26.304786167581558	23.77375519086978	23.730057635076857	26.19140100647181	0.0
60.0	26.235309237865394	23.813100661173547	23.610321733045826	26.341268367915234	0.0
61.0	26.18847016150913	23.864223799391663	23.71199680123381	26.235309237865394	0.0
62.0	26.211318491439016	23.670584203235894	23.77568652091336	26.34241078441173	0.0
63.0	26.28843160495238	23.751695774486983	23.80738857869108	26.152484041869567	0.0
64.0	26.207320033701286	23.80681737044283	23.792537164236652	26.19332543161923	0.0
65.0	26.328701786453795	23.784254644637066	23.72227854970226	26.164765019206875	0.0
66.0	26.25415911005755	23.743698859011523	23.70057263626887	26.30156939466206	0.0
67.0	26.151056021248948	23.75940708583832	23.73227469404658	26.35726219886615	0.0
68.0	26.15019920887658	23.721421737329887	23.901352335527726	26.22702671826581	0.0
69.0	26.192754223370983	23.825667242634985	23.769403230182643	26.212175303811385	0.0
70.0	26.21160409556314	23.79225156011253	23.78282662401645	26.213317720307884	0.0
71.0	26.263584046153625	23.764833564196667	23.771402459051508	26.2001799305982	0.0
72.0	26.284147543090526	23.71199680123381	23.879646422094336	26.12420923358133	0.0
73.0	26.150484813000702	23.913633312865038	23.68372199294558	26.252159881188685	0.0
74.0	26.34098276379111	23.782541019892328	23.705999114627215	26.17047710168935	0.0
75.0	26.257300755422907	23.603752838190985	23.83252174161395	26.30642466477216	0.0
76.0	26.167621060448116	23.707712739371956	23.753409399231725	26.371256800948206	0.0
77.0	26.08900541503873	23.866440468846392	23.843592204172094	26.200961911942787	0.0
78.0	26.25237050745996	23.76590810427948	23.824171179198938	26.15755020906162	0.0
79.0	26.268649896040397	23.645669111430987	23.78818516233692	26.297495830191696	0.0
80.0	26.28121644161126	23.73706217012818	23.76105284803619	26.220668540224366	0.0
81.0	26.208101994653504	23.892144766604975	23.68079831836772	26.2189549203738	0.0
82.0	26.267221879498255	23.722496401398313	23.63367377247698	26.37660794662645	0.0
83.0	26.23894715196381	23.84187858432152	23.760196038110905	26.158978225603764	0.0
84.0	26.306635136061416	23.767050517513194	23.73220691388489	26.1941074325405	0.0
85.0	26.242299442789534	23.810679819613465	23.618754944493155	26.328265793103846	0.0
86.0	26.189177379140165	23.8672291131757	23.70700611474937	26.23658739293477	0.0
87.0	26.2094551561246	23.681873095388376	23.775265110513885	26.333406637973134	0.0
88.0	26.29713512139534	23.743563233819906	23.804396564773217	26.154905080011538	0.0
89.0	26.21545280847211	23.803254154802264	23.798398912425707	26.182894124299917	0.0
90.0	26.321982538263594	23.78754601770164	23.726141481762852	26.16432996227191	0.0
91.0	26.254865952470034	23.736994376486916	23.705006897300198	26.30313277374285	0.0
92.0	26.163187552300954	23.750988898631107	23.732139134110362	26.353684414957574	0.0
93.0	26.15033544012772	23.713289369589617	23.89807418239146	26.238301007891195	0.0
94.0	26.189748584125645	23.820675906859314	23.776978725470315	26.21259678354473	0.0
95.0	26.213167988530206	23.790116440136288	23.78411878778878	26.21259678354473	0.0
96.0	26.267146859657792	23.749846488660154	23.789259632658073	26.193747019023984	0.0
97.0	26.283711804236624	23.714717382053312	23.872369958044995	26.12920085566507	0.0
98.0	26.16290194980822	23.911211897057438	23.68701394025767	26.238872212876675	0.0
99.0	26.336833867886	23.778692340426748	23.715574189531527	26.168899602155726	0.0
100.0	26.251438722557168	23.61647012455125	23.826959161699563	26.30513199119202	0.0
101.0	26.173754844532283	23.705006897300198	23.757272153471355	26.363966104696164	0.0
102.0	26.096567639045176	23.85630808424107	23.852024059085274	26.195100217628475	0.0
103.0	26.252791756393197	23.760631522428298	23.832603145045667	26.153973576132838	0.0
104.0	26.26821424695406	23.639822013034863	23.78976289348771	26.30220084652337	0.0
105.0	26.283922339191975	23.73178575304594	23.75292027714787	26.231371630614213	0.0
106.0	26.200812251169538	23.890009082133332	23.684375874655135	26.224802792041995	0.0
107.0	26.269642255339328	23.71836247422445	23.643249233159498	26.36874603727673	0.0
108.0	26.233085240676534	23.838600780263782	23.770056377771052	26.158257601288636	0.0
109.0	26.31619532869897	23.759203514043033	23.737497786587003	26.187103370670993	0.0
110.0	26.247861563550472	23.799405379006622	23.624332050985466	26.328401006457437	0.0
111.0	26.20016621970132	23.850242332330872	23.705157094753798	26.244434353214007	0.0
112.0	26.205592636067394	23.670313789666388	23.78226932732429	26.34182424694193	0.0
113.0	26.299840920320218	23.741999605870813	23.81225741776837	26.145902056040597	0.0
114.0	26.219872679136003	23.794264563501923	23.799405379006622	26.186457378355456	0.0
115.0	26.32497379612097	23.77027409114666	23.741142803286692	26.16360930944568	0.0
116.0	26.24986076958008	23.73685879036611	23.70658509906066	26.306695340993148	0.0
117.0	26.164466112029793	23.752852438602957	23.72743396194083	26.35524748742642	0.0
118.0	26.146187656901976	23.70258668700145	23.90821930718943	26.24300634890715	0.0
119.0	26.1870285800782	23.820539842748165	23.779413318710567	26.213018258463066	0.0
120.0	26.221871885165605	23.787981344551735	23.78598213852213	26.20416463176053	0.0
121.0	26.26414081264869	23.736287588643368	23.79883417728388	26.200737421424066	0.0
122.0	26.284989675528863	23.71343951973359	23.867092783151833	26.13447802158571	0.0
123.0	26.167036519782144	23.903649693407473	23.69230505599205	26.237008730818335	0.0
124.0	26.348107465892117	23.777414112680965	23.716581129208684	26.157897292218234	0.0
125.0	26.25243117733243	23.608909604471368	23.828822267727958	26.30983695046824	0.0
126.0	26.17331973873233	23.703157888724192	23.767132481671567	26.356389890871913	0.0
127.0	26.10427888432561	23.86173451610508	23.85059605070001	26.1833905488693	0.0
128.0	26.263073416767103	23.75691870062661	23.832888746722723	26.147119135883568	0.0
129.0	26.27878150900502	23.641821224774233	23.78405085994665	26.295346406274096	0.0
130.0	26.29191918614946	23.728358532921305	23.75120666708555	26.228515613843683	0.0
131.0	26.21202557855925	23.88122363531989	23.688441952721366	26.218308833399494	0.0
132.0	26.273144512005302	23.72471346929916	23.632463864144608	26.369678154550936	0.0
133.0	26.23551991226266	23.829597642059085	23.78218749285992	26.152694952818333	0.0
134.0	26.30435030959399	23.76362327781205	23.739346996595607	26.192679415998356	0.0
135.0	26.23987890385137	23.8028189127051	23.62117468976252	26.336127493681012	0.0
136.0	26.19246861924686	23.857654904536822	23.715424050723293	26.234452425493025	0.0
137.0	26.20760563782541	23.67515386922187	23.77968497865109	26.337555514301624	0.0
138.0	26.30099818641381	23.7385579847773	23.81995516015251	26.140488668656374	0.0
139.0	26.219601011038602	23.78196981164408	23.80453253744984	26.193896639867482	0.0
140.0	26.32327530809545	23.772830479672127	23.735130735287818	26.168763476944605	0.0
141.0	26.251167413525717	23.735837524597798	23.708419372067187	26.3045756898093	0.0
142.0	26.168056138667307	23.750403418129682	23.73241025553147	26.349130187671545	0.0
143.0	26.142922832180915	23.710133006600348	23.911199458491488	26.23574470272725	0.0
144.0	26.193475050909225	23.81552153038988	23.78124883972662	26.209754578974277	0.0
145.0	26.23603030848278	23.77096703252764	23.794101098725342	26.198901560264243	0.0
146.0	26.26973178763499	23.739264793664123	23.790388223903488	26.200615194797404	0.0
147.0	26.294865094121377	23.70899058357824	23.85636315343027	26.139781168870112	0.0
148.0	26.17376825377785	23.897490382226184	23.70099362242348	26.22774774157249	0.0
149.0	26.34541731284969	23.784104897281892	23.7201292080438	26.150348581824623	0.0
150.0	26.253737865325462	23.60474448281082	23.829230606655187	26.31228704520854	0.0
151.0	26.16948416744494	23.698137564868208	23.77296627281633	26.35941199487052	0.0
152.0	26.1030125781134	23.847006271920304	23.86242902676705	26.187552123199247	0.0
153.0	26.263523471148027	23.752184890269955	23.836438828784573	26.14785280979745	0.0
154.0	26.28437275084825	23.642226360344097	23.78245918682097	26.290941701986682	0.0
155.0	26.29865307941005	23.722481806861413	23.74818639827265	26.230678715455884	0.0
156.0	26.21247475944718	23.873921475105032	23.691703962231276	26.22189980321651	0.0
157.0	26.27016745161097	23.72340638218267	23.64000902519343	26.36641714101294	0.0
158.0	26.247679433353326	23.82829234855625	23.771456316225404	26.152571901865024	0.0
159.0	26.30622911490018	23.756890297889356	23.739182589323963	26.1976979978865	0.0
160.0	26.255465842589448	23.799799502469092	23.624721174195795	26.32001348074567	0.0
161.0	26.19034698639644	23.850923516760965	23.717544105172664	26.24118539166993	0.0
162.0	26.202628174187225	23.67384592535894	23.789231968788645	26.334293931665187	0.0
163.0	26.30344815767903	23.740107217625503	23.82236261492193	26.13408200977354	0.0
164.0	26.218051061180308	23.780663698236935	23.809795818112754	26.191489422470006	0.0
165.0	26.319442262708886	23.77780760805303	23.74524817995653	26.157501949281553	0.0
166.0	26.262470474999073	23.733673781227953	23.71682275288681	26.287032990886168	0.0
167.0	26.160507473002653	23.749096756319847	23.73938599422495	26.351009776452543	0.0
168.0	26.141371559462712	23.71882202743576	23.907039445686852	26.232766967414683	0.0
169.0	26.193352697735396	23.81507281643518	23.787939804699437	26.20363468112999	0.0
170.0	26.22562670116843	23.771945608307842	23.805933275639983	26.19649441488374	0.0
171.0	26.27132440514442	23.74109965812405	23.791938353797338	26.195637582934197	0.0
172.0	26.30131352337866	23.701114167145064	23.860484909761315	26.137087399714957	0.0
173.0	26.173645562895747	23.899327958140905	23.703684662993712	26.223341815969636	0.0
174.0	26.340442182408097	23.78365564495169	23.725962293682006	26.149939878958207	0.0
175.0	26.249903606405677	23.605434599445342	23.837064836473623	26.307596957675354	0.0
176.0	26.17650166939425	23.696258786097616	23.767090227260393	26.360149317247743	0.0
177.0	26.106316011949982	23.846558096228215	23.861695503904308	26.185430387917492	0.0
178.0	26.27225627345584	23.74745091766964	23.841988312778827	26.138304496095692	0.0
179.0	26.292534687512497	23.63634805755642	23.78600846552384	26.28510878940724	0.0
180.0	26.288250515528695	23.717176102317453	23.76715810879512	26.227415273358734	0.0
181.0	26.208068546947516	23.879471617279542	23.698964655480186	26.21349518029275	0.0
182.0	26.278043555872905	23.713530881827918	23.640128525526595	26.36829703677258	0.0
183.0	26.23784716271949	23.820132295986564	23.78071768859033	26.161302852703617	0.0
184.0	26.315819538220747	23.752441991979982	23.75358444436828	26.178154025430988	0.0
185.0	26.264198581641306	23.78906841310054	23.629695849744234	26.317037155513916	0.0
186.0	26.188796508655532	23.85018979044507	23.726233352279056	26.23478034862034	0.0
187.0	26.209931938204573	23.665683202760174	23.79021086875184	26.334173990283418	0.0
188.0	26.30561259900092	23.73166001662273	23.818772260034333	26.143955124342018	0.0
189.0	26.224498247758643	23.766504913987372	23.80363472265461	26.205362115599375	0.0
190.0	26.323606275508894	23.781071223541442	23.735087383576627	26.160235117373038	0.0
191.0	26.260635608832377	23.735508581319028	23.715801108759543	26.288054701089052	0.0
192.0	26.153244164160387	23.76578382901911	23.73579419686337	26.345177809957125	0.0
193.0	26.148959930995286	23.716086724303885	23.911447756632707	26.223505588068125	0.0
194.0	26.19094541601332	23.810625469480552	23.789204303655023	26.209224810851104	0.0
195.0	26.23293090103136	23.770639293272897	23.807483698492806	26.188946107202938	0.0
196.0	26.27034653733995	23.748361280814347	23.792917305731446	26.188374876114256	0.0
197.0	26.298622476229642	23.70494771807461	23.85632395657501	26.140105849120733	0.0
198.0	26.183805027404812	23.896310132782666	23.696093636200057	26.223791203612468	0.0
199.0	26.339751114614664	23.77292421762762	23.73607981240771	26.151244855350008	0.0
200.0	26.254352066856885	23.60498227755547	23.833760328572122	26.306905327015517	0.0
201.0	26.172951636719876	23.6963792517444	23.766926291196473	26.363742820339255	0.0
202.0	26.1127613389695	23.821832514566434	23.86810236490346	26.19730378156061	0.0
203.0	26.26328116074489	23.74871472637953	23.843824974294527	26.14417913858106	0.0
204.0	26.299554438478236	23.633611333257168	23.787558551353822	26.279275676910775	0.0
205.0	26.296698274877183	23.713869530446704	23.766422940706043	26.22300925397007	0.0
206.0	26.213373167408793	23.86731368477575	23.706796831934284	26.212516315881174	0.0
207.0	26.27864399614986	23.717214531142446	23.635241933410832	26.368899539296862	0.0
208.0	26.246729655314237	23.82667458785088	23.775263055672976	26.1513327011619	0.0
209.0	26.319562659232943	23.75184224656971	23.746415473728707	26.18217962046864	0.0
210.0	26.26222812504463	23.787327021121634	23.63937563372035	26.311069220113392	0.0
211.0	26.194821701440958	23.852448481213315	23.720206217956957	26.232523599388774	0.0
212.0	26.209388343829886	23.66593833454722	23.78532767804864	26.33934564357425	0.0
213.0	26.30507119089442	23.72563300629793	23.828741984776432	26.140553818031222	0.0
214.0	26.22167002270682	23.765905488196733	23.811033517558517	26.201390971537926	0.0
215.0	26.328206446453308	23.77704468531768	23.735344101223884	26.159404767005128	0.0
216.0	26.26123565820178	23.745190838386463	23.71862798582172	26.274945517590037	0.0
217.0	26.15412738173104	23.758900697774717	23.740049641115867	26.346922279378372	0.0
218.0	26.153270515519278	23.715771765115832	23.91570721452788	26.215250504837012	0.0
219.0	26.19468571575463	23.806028339421843	23.79231848003359	26.206967464789937	0.0
220.0	26.23010285250762	23.767469359892377	23.811455158763028	26.190972628836978	0.0
221.0	26.267233721684143	23.74376272803352	23.798887787657126	26.19011576262521	0.0
222.0	26.304650212931254	23.70834559128053	23.848300405868965	26.138703789919255	0.0
223.0	26.180118990154604	23.899712378574918	23.70177628365699	26.218392347613484	0.0
224.0	26.358061540131327	23.762042540551192	23.725482915515848	26.15441300380163	0.0
225.0	26.26095003613119	23.593239896833307	23.83887487753954	26.30693518949596	0.0
226.0	26.18811640813109	23.69777757466875	23.755758854998245	26.358347162201916	0.0
227.0	26.11421487980989	23.828946165798374	23.856365962891875	26.20047299149986	0.0
228.0	26.263310026505803	23.7426880541084	23.843227310117904	26.15077460926789	0.0
229.0	26.286445480303446	23.642720043871677	23.798955762727356	26.271878713097525	0.0
230.0	26.284160497212323	23.71641074856046	23.770107851201903	26.229320903025314	0.0
231.0	26.215400258775073	23.859004715647323	23.71419349863329	26.21140152694431	0.0
232.0	26.273381870321128	23.71676411195307	23.64535818640374	26.364495831322067	0.0
233.0	26.25346319728085	23.825940418725544	23.772814258375938	26.147782125617663	0.0
234.0	26.329153694553142	23.738824940732915	23.74396618205707	26.18805518265688	0.0
235.0	26.271246954519878	23.788877178250203	23.634925123318737	26.30495074391118	0.0
236.0	26.19269998771811	23.84714474635042	23.714043340788155	26.24611192514331	0.0
237.0	26.210123133081414	23.658917651360007	23.786020924911956	26.344938290646624	0.0
238.0	26.31351950392592	23.71147271278373	23.840575363672457	26.13443241961789	0.0
239.0	26.227831903778537	23.762314022204514	23.808870951617926	26.200983122399023	0.0
240.0	26.31787916786874	23.766813581689227	23.743676607948263	26.171630642493763	0.0
241.0	26.281223575656465	23.732774184701878	23.70992069840254	26.276081541239115	0.0
242.0	26.155173497431676	23.746550335110303	23.736551306444518	26.361724861013503	0.0
243.0	26.153103322171813	23.718901066249156	23.914322937499286	26.213672674079746	0.0
244.0	26.195170175318296	23.800829733251046	23.787400854876683	26.21659923655398	0.0
245.0	26.21283210369007	23.76402279078539	23.81174171205203	26.21140339347251	0.0
246.0	26.261266667809764	23.750164320456324	23.787029257614467	26.20153975411944	0.0
247.0	26.2908195053359	23.71003789719172	23.850651911721833	26.14849068575054	0.0
248.0	26.17679087435083	23.8882330916252	23.70159287280169	26.233383161222278	0.0
249.0	26.36200199502102	23.763615732655747	23.73617704811202	26.13820522421121	0.0
