# Position (bp)	A	C	G	T	N
0.0	26.33465937069476	23.805321485678242	23.70849678265344	26.151522360973555	0.0
1.0	26.203531058598312	23.84239151483631	23.73145806937075	26.222619357194628	0.0
2.0	26.262617879836565	23.813317620632326	23.6783211753543	26.24574332417681	0.0
3.0	26.224111842924202	23.663995441305424	23.82083887725549	26.291053838514884	0.0
4.0	26.25861968815607	23.687027524915152	23.759774512000487	26.29457827492829	0.0
5.0	26.186577567322374	23.74261500674883	23.751189343482398	26.319618082446393	0.0
6.0	26.100641107195997	23.819704504345037	23.883870539492534	26.195783848966432	0.0
7.0	26.335250843520107	23.837878201227944	23.723933845898557	26.10293710935339	0.0
8.0	26.276780800513283	23.71533740973968	23.788347672659594	26.219534117087445	0.0
9.0	26.226874256795995	23.649788446115984	23.810735322585106	26.31260197450292	0.0
10.0	26.36536089772306	23.75935358630187	23.636851332592236	26.23843418338283	0.0
11.0	26.273000282059368	23.71013146178649	23.679436766161725	26.337431489992426	0.0
12.0	26.186170242183916	23.66035627969228	23.710961048154726	26.442512429969085	0.0
13.0	26.190041645235684	23.823508265445515	23.78119936066544	26.20525072865336	0.0
14.0	26.220183283281624	23.840099992810252	23.795025800136052	26.144690923772075	0.0
15.0	26.136118531300294	23.83982346402084	23.77677490003484	26.247283104644026	0.0
16.0	26.21769452417691	23.818254218446683	23.75492912567127	26.209122131705133	0.0
17.0	26.245347403118142	23.80912876839608	23.69851725263117	26.247006575854613	0.0
18.0	26.296228700369994	23.803874721397243	23.739720042253598	26.16017653597916	0.0
19.0	26.171790745134476	23.759077057512457	23.787559522821923	26.281572674531144	0.0
20.0	26.276871685111136	23.749951607461853	23.74110268620066	26.23207402122635	0.0
21.0	26.301482747368826	23.739443513464188	23.742485330147723	26.216588409019266	0.0
22.0	26.214929236282792	23.770414737878358	23.748568963514792	26.266087062324058	0.0
23.0	26.211538408359996	23.73661258700263	23.823442386768686	26.22840661786869	0.0
24.0	26.27976815954517	23.74594887564016	23.691196478148814	26.28308648666586	0.0
25.0	26.33673277511697	23.803743072992138	23.70723505923214	26.152289092658755	0.0
26.0	26.208424126450385	23.84743438008119	23.726038912916035	26.218102580552387	0.0
27.0	26.260687778601216	23.799318636831217	23.68981384184853	26.250179742719038	0.0
28.0	26.211465926311018	23.658289734201997	23.82697136283695	26.30327297665004	0.0
29.0	26.23801254327652	23.68760162376807	23.77387812890595	26.300507704049465	0.0
30.0	26.187408054686028	23.739865275918902	23.752862057141595	26.319864612253475	0.0
31.0	26.10583251296913	23.80816750915305	23.883659451148695	26.202340526729124	0.0
32.0	26.32345946663422	23.82973663543752	23.74511929385999	26.10168460406827	0.0
33.0	26.278108995984823	23.72023184045483	23.78300352848784	26.21865563507251	0.0
34.0	26.226951452874225	23.652759189000854	23.80761445463294	26.312674903491985	0.0
35.0	26.352771356200293	23.775260765206234	23.643080734898845	26.228887143694624	0.0
36.0	26.273131505303795	23.7171900405942	23.672116097204864	26.33756235689714	0.0
37.0	26.182983618525114	23.660778479542515	23.715807404293916	26.440430497638456	0.0
38.0	26.197086508788036	23.82973663543752	23.77277201986572	26.200404835908724	0.0
39.0	26.211465926311018	23.849093543641533	23.796553364230647	26.14288716581681	0.0
40.0	26.130443439114227	23.8402446713197	23.779132146847036	26.250179742719038	0.0
41.0	26.221697434933134	23.81646332695477	23.752862057141595	26.2089771809705	0.0
42.0	26.244649197517887	23.799595164091276	23.70529936841174	26.250456269979093	0.0
43.0	26.31018615815147	23.797936000530935	23.73682347605827	26.15505436525933	0.0
44.0	26.175793909763623	23.752585529881536	23.7910228190295	26.28059774132534	0.0
45.0	26.280044686805226	23.74677845742033	23.743460130299646	26.2297167254748	0.0
46.0	26.297189376928777	23.7379295850985	23.745672348380104	26.21920868959262	0.0
47.0	26.205382326589756	23.771112856305372	23.759775238643023	26.26372957846185	0.0
48.0	26.205033335269018	23.734545625489105	23.81695052111418	26.243470518127694	0.0
49.0	26.274368830019633	23.74277576528496	23.688023670602547	26.294831734092856	0.0
50.0	26.33078007908636	23.810248043580458	23.713187512098	26.145784365235187	0.0
51.0	26.197494676879685	23.84509028565108	23.734479993363383	26.222935044105856	0.0
52.0	26.260819069214392	23.798633962890246	23.68359925891104	26.256947708984317	0.0
53.0	26.208002654647018	23.649033542571136	23.8381771423831	26.304786660398747	0.0
54.0	26.227359455797362	23.68719409341039	23.78010673893206	26.30533971186019	0.0
55.0	26.1847744932666	23.72452506705749	23.77125791554904	26.319442524126867	0.0
56.0	26.10264635124298	23.79752785996737	23.89237618560407	26.20744960318558	0.0
57.0	26.322207781434066	23.82656306169289	23.74609407405359	26.10513508281946	0.0
58.0	26.284323756325527	23.70931615186793	23.785913779277163	26.220446312529383	0.0
59.0	26.23012471310455	23.648757016840417	23.80416447750463	26.316953792550397	0.0
60.0	26.360091806542602	23.763791720819622	23.645162182341068	26.230954290296708	0.0
61.0	26.281005447556893	23.710975306252248	23.66203025191494	26.345988994275913	0.0
62.0	26.203025191494067	23.65124574841689	23.705444791637863	26.44028426845118	0.0
63.0	26.200536459917593	23.8224151757321	23.770151812626164	26.20689655172414	0.0
64.0	26.21657495229931	23.835411885075906	23.798910488620965	26.149102674003817	0.0
65.0	26.1330641816221	23.824627381577855	23.783978099162127	26.25833033763792	0.0
66.0	26.22099936399082	23.817161186848438	23.750241960014378	26.211597489146364	0.0
67.0	26.248098885601305	23.798910488620965	23.710145729060088	26.24284489671764	0.0
68.0	26.311699803666734	23.81439592954124	23.733650416171226	26.140253850620798	0.0
69.0	26.18422144180516	23.75383679451373	23.785360727815725	26.276581035865387	0.0
70.0	26.280452396095455	23.740563559439206	23.751624588667973	26.227359455797362	0.0
71.0	26.30533971186019	23.742222713823523	23.74747670270719	26.2049608716091	0.0
72.0	26.2135331692614	23.76738655531897	23.75743162901308	26.26164864640655	0.0
73.0	26.218714656652775	23.729160387245564	23.815712701621266	26.236412254480395	0.0
74.0	26.273670471639676	23.747898416069376	23.684574373949207	26.29385673834174	0.0
75.0	26.342801521989205	23.80541544996018	23.693699672595343	26.15808335545527	0.0
76.0	26.209793381116715	23.83583311211397	23.723011237943545	26.23136226882577	0.0
77.0	26.250995487125035	23.79988496593222	23.685956994956197	26.263162551986554	0.0
78.0	26.207304663304132	23.650285372975844	23.838598354127953	26.30381160959207	0.0
79.0	26.222513494381026	23.676278647907264	23.79656667551544	26.304641182196264	0.0
80.0	26.179375718962923	23.730200867179896	23.77610388461198	26.3143195292452	0.0
81.0	26.104990708786836	23.803203256348997	23.893903194407574	26.1979028404566	0.0
82.0	26.325657021502526	23.822283426245466	23.744856649853997	26.10720290239802	0.0
83.0	26.27339394743828	23.708355455269444	23.788823997876293	26.229426599415984	0.0
84.0	26.224725687992212	23.652497566587027	23.80845721617556	26.3143195292452	0.0
85.0	26.351097248031145	23.759235908326698	23.65802805061499	26.231638793027166	0.0
86.0	26.277541810459255	23.708631979470844	23.668535970268117	26.345290239801788	0.0
87.0	26.20453942129015	23.64613750995487	23.710014600477834	26.439308468277144	0.0
88.0	26.212005574727897	23.823942571453856	23.761171577736484	26.202880276081764	0.0
89.0	26.217259534554465	23.83942792673215	23.797119723918236	26.14619281479515	0.0
90.0	26.126006548093088	23.82145385364127	23.788823997876293	26.263715600389347	0.0
91.0	26.21532386514468	23.81619989381471	23.756470666312715	26.212005574727897	0.0
92.0	26.247677196708256	23.79850234492523	23.70890850367224	26.244911954694274	0.0
93.0	26.30657685160605	23.81868861162729	23.734348730200868	26.140385806565792	0.0
94.0	26.198732413060792	23.7440270772498	23.79352490930006	26.263715600389347	0.0
95.0	26.282795770285816	23.740432262631625	23.746792319263783	26.22997964781878	0.0
96.0	26.302705512786478	23.7443036014512	23.749004512874965	26.203986372887357	0.0
97.0	26.220024776568447	23.762830722944873	23.752599327493144	26.264545172993543	0.0
98.0	26.217187037687378	23.726263919498496	23.816687083313745	26.239861959500377	0.0
99.0	26.274907779688856	23.735047036506522	23.69190949965988	26.29813568414474	0.0
100.0	26.342379311679764	23.801965523153243	23.70269388387154	26.152961281295457	0.0
101.0	26.204394498304918	23.844550014655702	23.7179026308367	26.23315285620268	0.0
102.0	26.25167987523297	23.79892377376021	23.685549478201718	26.263846872805104	0.0
103.0	26.210201474418888	23.64987805350161	23.84233783327895	26.297582638800556	0.0
104.0	26.21628497320495	23.683890342169153	23.798647251088116	26.301177433537777	0.0
105.0	26.174806572390867	23.729240060392552	23.787862866876456	26.308090500340125	0.0
106.0	26.1056759043674	23.80251856849743	23.891558868911662	26.20024665822351	0.0
107.0	26.334360154189042	23.816897747446315	23.750255783471687	26.09848631489296	0.0
108.0	26.27435473434467	23.716796540148326	23.788139389548547	26.220709335958453	0.0
109.0	26.223474562679392	23.650431098845797	23.80251856849743	26.32357576997738	0.0
110.0	26.353163695891425	23.76186973569963	23.65568502961558	26.229281538793366	0.0
111.0	26.28984000398193	23.695780817069192	23.678083366055183	26.336295812893702	0.0
112.0	26.218497154581705	23.644347600059728	23.71126608670645	26.425889158652115	0.0
113.0	26.203564930288636	23.824640382264942	23.768506279829886	26.203288407616544	0.0
114.0	26.212137133123548	23.84952742275339	23.797541160399742	26.140794283723324	0.0
115.0	26.137476011658194	23.820216019511438	23.788139389548547	26.254168579281817	0.0
116.0	26.222091949318926	23.813302952709094	23.752744487520534	26.21186061045145	0.0
117.0	26.256933806002753	23.790628093597395	23.71071304136226	26.24172505903759	0.0
118.0	26.307813977668026	23.80583684056256	23.73781226322746	26.148536918541954	0.0
119.0	26.191950978060692	23.74997926079959	23.794499411006708	26.26357035013301	0.0
120.0	26.28818086794936	23.74113053529259	23.74693751140656	26.223751085351488	0.0
121.0	26.308090500340125	23.735323559178617	23.751638396832156	26.204947543649105	0.0
122.0	26.219326722597984	23.75827494096241	23.761040167683348	26.261358168756253	0.0
123.0	26.219675748618076	23.7237752085678	23.82000536455467	26.23654367825945	0.0
124.0	26.272840899035483	23.736007875409257	23.69757101141492	26.293580214140345	0.0
125.0	26.346672860808777	23.80403282895319	23.702271922838687	26.147022387399343	0.0
126.0	26.20758118750553	23.84329926555172	23.71609813290859	26.23302141403416	0.0
127.0	26.25846164056278	23.794907530307054	23.6856804707548	26.26095035837536	0.0
128.0	26.200668082470578	23.64807317936466	23.845234934961507	26.306023803203253	0.0
129.0	26.22389611538802	23.680979559331032	23.789930094681885	26.30519423059906	0.0
130.0	26.18573577559508	23.72384081054774	23.78661180426511	26.30381160959207	0.0
131.0	26.11881691885674	23.80016149013362	23.887819661976817	26.193201929032828	0.0
132.0	26.33561189275285	23.816476418016105	23.751216706486154	26.09669498274489	0.0
133.0	26.277541810459255	23.7152685603044	23.794907530307054	26.212282098929297	0.0
134.0	26.223343066985223	23.655539332802405	23.80845721617556	26.31266038403681	0.0
135.0	26.36409388549686	23.74872798867357	23.65498628439961	26.232191841429962	0.0
136.0	26.280583576674633	23.700889301831694	23.674342978497478	26.3441841429962	0.0
137.0	26.216225931958263	23.650903821851557	23.70703838996104	26.425831856229138	0.0
138.0	26.2007405338591	23.821519725908455	23.777275731339405	26.200464008893043	0.0
139.0	26.214013732229812	23.848895697548052	23.802162978284493	26.13492759193764	0.0
140.0	26.136033691801863	23.82096667597634	23.782806230660537	26.26019340156126	0.0
141.0	26.22894608039687	23.807140427673513	23.76179033324024	26.202123158689382	0.0
142.0	26.26074645149337	23.78335928059265	23.71478108901062	26.24111317890336	0.0
143.0	26.3083087456551	23.816542276519435	23.738838761057544	26.13631021676792	0.0
144.0	26.204335358417836	23.744922310310788	23.79220807950646	26.25853425176492	0.0
145.0	26.287292848234806	23.74713451003924	23.746028410175015	26.219544231550945	0.0
146.0	26.30664959585876	23.735243936498808	23.75100585956403	26.2071006080784	0.0
147.0	26.222381992644415	23.759643834858835	23.76074993778171	26.25722423471504	0.0
148.0	26.22245450447835	23.726802883618294	23.81999231256343	26.230750299339935	0.0
149.0	26.27340803256385	23.739312221398787	23.699215768690475	26.288063977346887	0.0
150.0	26.340880684017833	23.799595164091276	23.700598404990764	26.15892574690013	0.0
151.0	26.204552744809583	23.839415089539525	23.72769807647638	26.22833408917451	0.0
152.0	26.270642759963277	23.786045328348468	23.690366896368644	26.25294501531961	0.0
153.0	26.205935381109867	23.64252768037873	23.84826396186136	26.30327297665004	0.0
154.0	26.221697434933134	23.679029278706295	23.790746291769445	26.308526994591126	0.0
155.0	26.184089727565347	23.71940225867466	23.790193237249326	26.30631477651067	0.0
156.0	26.121318039532337	23.80097780039156	23.892508323470526	26.185195836605573	0.0
157.0	26.343092902098284	23.808720563673166	23.745672348380104	26.10251418584844	0.0
158.0	26.281150795845456	23.710000331832713	23.795447255190417	26.213401617131417	0.0
159.0	26.22639839835411	23.648334752839936	23.8117623635338	26.31350448527216	0.0
160.0	26.36742730098333	23.749267202760848	23.652759189000854	26.230546307254972	0.0
161.0	26.290552722687405	23.69091995088876	23.676264006105722	26.342263320318114	0.0
162.0	26.216792440829916	23.64121041846986	23.721403545642332	26.42059359505789	0.0
163.0	26.212367992434192	23.81127515368045	23.784451935281382	26.191904918603974	0.0
164.0	26.225641337621365	23.84058712430211	23.798554864542748	26.13521667353378	0.0
165.0	26.13936459390477	23.820953634546093	23.78334582318245	26.256335948366686	0.0
166.0	26.22785356181922	23.811828209729917	23.75431038058552	26.206007847865344	0.0
167.0	26.266567485281794	23.78638763145451	23.712554648850887	26.234490234412807	0.0
168.0	26.303622240595974	23.805468065161065	23.75099204428873	26.139917649954235	0.0
169.0	26.207390487989006	23.742143147497284	23.79689569639435	26.25357066811936	0.0
170.0	26.29532639985399	23.74407884367041	23.74629106786827	26.21430368860732	0.0
171.0	26.30749363294223	23.731911610582173	23.754863436634984	26.20573131984061	0.0
172.0	26.21990675449221	23.75797094235481	23.759630115091284	26.2624921880617	0.0
173.0	26.221638437608018	23.732042862080885	23.816384376080194	26.229934324230904	0.0
174.0	26.27701701214521	23.731555427737096	23.705561577771388	26.28586598234631	0.0
175.0	26.34159426141109	23.798054321916254	23.706522280171008	26.15382913650165	0.0
176.0	26.203051805476434	23.834556525875087	23.726156041391285	26.236235627257194	0.0
177.0	26.262782684681795	23.785333856900298	23.698779388422164	26.253104069995743	0.0
178.0	26.21107122907345	23.63268827670883	23.855296414488055	26.30094407972966	0.0
179.0	26.22268556669672	23.674444585782943	23.795289003434526	26.307580844085816	0.0
180.0	26.188119085675098	23.721454999972348	23.798054321916254	26.292371592436304	0.0
181.0	26.130323929406952	23.801649235942506	23.884885322242564	26.183141512407982	0.0
182.0	26.34270038880378	23.80966865953952	23.74496020706705	26.102670744589656	0.0
183.0	26.277162340786788	23.712882512678984	23.795012471586354	26.21494267494787	0.0
184.0	26.21992024821499	23.6503863149919	23.80966865953952	26.320024777253597	0.0
185.0	26.362610681872233	23.747448993700605	23.653151633473627	26.23678869095354	0.0
186.0	26.284075636991112	23.701544706903892	23.679975222746403	26.33440443335859	0.0
187.0	26.223864211425774	23.63551895492795	23.715989945274195	26.42462688837208	0.0
188.0	26.194828287074035	23.816647816360224	23.783740435428253	26.204783461137488	0.0
189.0	26.213777484037067	23.83558386036132	23.80848351441711	26.14215514118451	0.0
190.0	26.143057038089918	23.81408005132488	23.78283160683373	26.260031303751475	0.0
191.0	26.225187905469305	23.804954399393836	23.75075355762158	26.21910413751528	0.0
192.0	26.263626257542487	23.784214281368737	23.713974414990403	26.238185046098366	0.0
193.0	26.304829958685684	23.805507469207836	23.74079830096953	26.148864271136947	0.0
194.0	26.21136116011924	23.741627905690535	23.790574584229766	26.256436349960456	0.0
195.0	26.29155628314962	23.730566509410483	23.760155744459624	26.217721462980272	0.0
196.0	26.305936098313694	23.726695020712466	23.759049604831617	26.208319276142227	0.0
197.0	26.220835856721337	23.745565059164807	23.758562235735596	26.275036848378257	0.0
198.0	26.21676032033981	23.740376532011858	23.82223131719835	26.22063183044998	0.0
199.0	26.269098350455593	23.739889108582332	23.711405776862133	26.27960676409994	0.0
200.0	26.341070865619145	23.804111566476962	23.704834436719818	26.14998313118408	0.0
201.0	26.210821483681496	23.83453074272567	23.723639018400835	26.231008755191997	0.0
202.0	26.271106760247115	23.782818143102865	23.696814835708793	26.249260260941227	0.0
203.0	26.230455679260206	23.63487033134779	23.84974033085002	26.28493365854198	0.0
204.0	26.232944520953282	23.667501811323678	23.803005414613374	26.29654825310967	0.0
205.0	26.18842190844381	23.72336248043494	23.796368503431836	26.291847107689414	0.0
206.0	26.141410454241264	23.81268424341978	23.872416444053606	26.173488858285353	0.0
207.0	26.35240892222093	23.811854629522085	23.73884860652519	26.096887841731792	0.0
208.0	26.281003619912003	23.71111498267475	23.8004374866915	26.207443910721747	0.0
209.0	26.21961168216675	23.64861688388904	23.81509412047753	26.31667731346668	0.0
210.0	26.356499110923064	23.755914504813184	23.65801925273291	26.229567131530846	0.0
211.0	26.278238217310868	23.704754556692137	23.680419013802123	26.336588212194872	0.0
212.0	26.23544702856669	23.64121567434529	23.711733635684855	26.41160366140317	0.0
213.0	26.196731285086145	23.821520422554688	23.785570089322754	26.196178203036418	0.0
214.0	26.216991280637377	23.839838057128002	23.8155023796421	26.127668282592527	0.0
215.0	26.141014579323468	23.815291697086348	23.78902015442136	26.254673569168823	0.0
216.0	26.218169951992216	23.812526271542662	23.769109090506845	26.200194685958277	0.0
217.0	26.251078515962035	23.787084356540785	23.71739563283998	26.2444414946572	0.0
218.0	26.28896484591049	23.812526271542662	23.7494745691467	26.149034313400144	0.0
219.0	26.187197185902967	23.751963452136017	23.805889250237826	26.25495011172319	0.0
220.0	26.27596734585518	23.74643260104865	23.75777084577775	26.219829207318423	0.0
221.0	26.296708037432797	23.727351164797238	23.762748611756376	26.213192186013583	0.0
222.0	26.22073134646177	23.742073577115487	23.772216798900462	26.26497827752228	0.0
223.0	26.216102608916884	23.73218364739523	23.82371973916362	26.227994004524263	0.0
224.0	26.2767384300549	23.722293662974792	23.709019510239074	26.29194839673124	0.0
225.0	26.33129058306877	23.798685855244965	23.70466034667758	26.165363215008686	0.0
226.0	26.205462328956536	23.82468114290771	23.72623090452539	26.243625623610356	0.0
227.0	26.26906782004624	23.776838751783718	23.697193615114877	26.256899813055167	0.0
228.0	26.20795123947744	23.637459762613243	23.860355527040632	26.294233470868683	0.0
229.0	26.226901399881637	23.66690449720964	23.807666992992296	26.298527109916424	0.0
230.0	26.184036592717963	23.722767020093915	23.803795332990415	26.289401054197707	0.0
231.0	26.133994103949693	23.81097240582083	23.885087859999228	26.169945630230256	0.0
232.0	26.33974745435539	23.811802056427304	23.74183485528128	26.10661563393603	0.0
233.0	26.28036183928517	23.712586111057337	23.80495413402213	26.202097915635363	0.0
234.0	26.223945442025236	23.64317181835026	23.81739892753535	26.31548381208915	0.0
235.0	26.367198842910756	23.75102669546484	23.642895267383302	26.238879194241104	0.0
236.0	26.280638390252133	23.705119234949404	23.673039322781992	26.34120305201647	0.0
237.0	26.22346486133696	23.633834445071294	23.727862033872054	26.414838659719685	0.0
238.0	26.191384860451993	23.81995376055045	23.785937897543114	26.20272348145444	0.0
239.0	26.21911254303848	23.837995547504807	23.800384407970242	26.142507501486467	0.0
240.0	26.145889511166427	23.80667911221738	23.781234875198784	26.26619650141741	0.0
241.0	26.22428490034794	23.816649057689222	23.759396832596707	26.19966920936613	0.0
242.0	26.258432653557968	23.78042877571285	23.711556918855674	26.24958165187351	0.0
243.0	26.283964516191492	23.806072743467112	23.7609849605966	26.148977779744797	0.0
244.0	26.19490226670429	23.747005482801928	23.81422651551616	26.24386573497762	0.0
245.0	26.281820747044083	23.735054415483102	23.768804740537462	26.21432009693536	0.0
246.0	26.29454516279855	23.72938562879884	23.756497970724205	26.21957123767841	0.0
247.0	26.224605262793855	23.73569276483429	23.77193637724344	26.267765595128417	0.0
248.0	26.22348019522561	23.741381409298672	23.811934880529456	26.22320351494627	0.0
249.0	26.277228873327118	23.723462829285026	23.712395587490697	26.28691270989716	0.0
