# Position (bp)	A	C	G	T	N
0.0	26.276112675121542	23.806297461878398	23.817635769317988	26.099954093682076	0.0
1.0	26.297959657749043	23.829803709009255	23.632627777193964	26.23960885604774	0.0
2.0	26.232377813051343	23.898423197960277	23.591745986095823	26.277453002892553	0.0
3.0	26.12324130607911	23.791589239890275	23.820347756835677	26.26482169719494	0.0
4.0	26.267312961943972	23.701579699765794	23.7563286151566	26.27477872313363	0.0
5.0	26.24077197445185	23.732684491387175	23.77360577321868	26.252937760942295	0.0
6.0	26.080765742850193	23.77048727079693	23.870850014377034	26.277896971975846	0.0
7.0	26.301209282779748	23.809655462231337	23.629673045766957	26.259462209221958	0.0
8.0	26.279660618660444	23.76305233096592	23.779086965777115	26.17820008459652	0.0
9.0	26.296802087710375	23.695733905389567	23.72752504588982	26.27993896101024	0.0
10.0	26.30787475362888	23.740086413029957	23.72488258498249	26.22715624835868	0.0
11.0	26.23434351252657	23.765241837617587	23.700556460106537	26.299858189749305	0.0
12.0	26.142014811292853	23.79371446105194	23.662132240132024	26.402138487523185	0.0
13.0	26.294329525004766	23.722118252610223	23.82384568390965	26.15970653847536	0.0
14.0	26.208358788227258	23.811959054708904	23.751696608993477	26.22798554807036	0.0
15.0	26.161641571135945	23.835179446635944	23.779063499478923	26.224115482749184	0.0
16.0	26.273597032212763	23.707743724274433	23.89129539379297	26.12736384971984	0.0
17.0	26.273044165738312	23.812788354420583	23.76579470409204	26.148372775749063	0.0
18.0	26.236831411661615	23.806430389964365	23.725711884694167	26.231026313679852	0.0
19.0	26.13786831273445	23.80394249082933	23.75224947546793	26.30593972096829	0.0
20.0	26.239319310796656	23.722671119084673	23.81804058592789	26.219968984190782	0.0
21.0	26.348786872738433	23.72128895289854	23.682311866449574	26.247612307913453	0.0
22.0	26.19757789197542	23.726541184405846	23.753908074891292	26.321972848727437	0.0
23.0	26.195294013578362	23.711824675468275	23.822674097171543	26.270207213781816	0.0
24.0	26.34532401942762	23.677758028267906	23.75985824581966	26.217059706484815	0.0
25.0	26.28174472637407	23.809063090008927	23.812656702225	26.096535481391996	0.0
26.0	26.30026565087228	23.828689741342853	23.627171025533997	26.24387358225087	0.0
27.0	26.228393406550875	23.88978114901604	23.60560935223758	26.276216092195504	0.0
28.0	26.113397815636635	23.784460667914296	23.825925424253565	26.276216092195504	0.0
29.0	26.25161367010087	23.696278952766114	23.76870406050537	26.283403316627645	0.0
30.0	26.24332071883302	23.727792167583956	23.775614853228586	26.253272260354443	0.0
31.0	26.089071825250933	23.756817497021448	23.865455158630336	26.288655519097286	0.0
32.0	26.291972699604425	23.797176526525003	23.640439747562564	26.270411026308004	0.0
33.0	26.277598250740148	23.7689804922143	23.772021241012514	26.18140001603304	0.0
34.0	26.289484814224068	23.70595406257861	23.719222784607176	26.28533833859014	0.0
35.0	26.301371377707994	23.74935384088038	23.73000362125539	26.21927116015624	0.0
36.0	26.230604860222307	23.768151197087516	23.6951732259304	26.306070716759777	0.0
37.0	26.1344066255152	23.796900094816074	23.670847235544695	26.39784604412403	0.0
38.0	26.30220067283478	23.726133577330387	23.81790890469464	26.15375684514019	0.0
39.0	26.20075023565803	23.81763247298571	23.75488247505895	26.22673481629731	0.0
40.0	26.155968298811622	23.835047670648205	23.78169635082501	26.227287679715168	0.0
41.0	26.277598250740148	23.707889084541108	23.887293263635684	26.127219401083057	0.0
42.0	26.26958173118122	23.811274543680355	23.769809787341085	26.149333937797337	0.0
43.0	26.244702877377655	23.805745909501788	23.72060494315182	26.228946269968734	0.0
44.0	26.144358167036625	23.796623663107148	23.75515890676788	26.303859263088352	0.0
45.0	26.24276785541516	23.722263533405393	23.81790890469464	26.217059706484815	0.0
46.0	26.34947049506155	23.724474987076817	23.68107520877505	26.244979309086585	0.0
47.0	26.19383944293482	23.725304282203602	23.758199655566088	26.322656619295486	0.0
48.0	26.19266131127783	23.70865284143368	23.815908048010527	26.282777799277962	0.0
49.0	26.33605617061271	23.67817998369062	23.762491188787994	26.22327265690868	0.0
50.0	26.27717654213487	23.81280148166577	23.819159375820654	26.09086260037871	0.0
51.0	26.294038783154345	23.82717585105942	23.63588616605161	26.242899199734627	0.0
52.0	26.225760528534504	23.890201932246963	23.607413857444957	26.276623681773575	0.0
53.0	26.11380630537242	23.76967837348482	23.834086605575596	26.282428715567164	0.0
54.0	26.242899199734627	23.692830783264917	23.772442675291288	26.29182734170917	0.0
55.0	26.239858467747506	23.717985929703804	23.792898508659174	26.24925709388951	0.0
56.0	26.09086260037871	23.747011098671752	23.867258227253252	26.294868073696286	0.0
57.0	26.292933062431757	23.797044961368883	23.636162596232257	26.273859379967107	0.0
58.0	26.284087296651048	23.75751544553634	23.776865558181644	26.181531699630966	0.0
59.0	26.298185235864054	23.704717281032746	23.71549805807798	26.281599425025227	0.0
60.0	26.303713839476995	23.7472875288524	23.730425287832926	26.218573343837683	0.0
61.0	26.233777003773273	23.76470263023317	23.683432157122912	26.318088208870645	0.0
62.0	26.15333582120496	23.78460560323976	23.658553440864676	26.403505134690608	0.0
63.0	26.30703100164476	23.72406739367804	23.81335434202706	26.155547262650135	0.0
64.0	26.211109728960206	23.808378598775416	23.749498970297577	26.2310127019668	0.0
65.0	26.1594172851792	23.820265096543242	23.787369905046233	26.23294771323133	0.0
66.0	26.276070821412283	23.707205152658567	23.889649071885668	26.127074954043483	0.0
67.0	26.266119334908982	23.811419330762533	23.774654116736464	26.147807217592018	0.0
68.0	26.246769222263687	23.819159375820654	23.71964451078769	26.214426891127975	0.0
69.0	26.145872206327486	23.803402855523768	23.749775400478224	26.30094953767052	0.0
70.0	26.242346339373334	23.713286616632804	23.829663722685243	26.21470332130862	0.0
71.0	26.351812690909593	23.730148857652278	23.67735069314868	26.24068775828945	0.0
72.0	26.19618249920526	23.72019737114898	23.760556177523462	26.323063952122293	0.0
73.0	26.19693937350037	23.706586760136666	23.819646391490394	26.276827474872565	0.0
74.0	26.337292713064294	23.679154791752474	23.759871958248215	26.223680536935014	0.0
75.0	26.289746984854474	23.804929828586594	23.806035543196124	26.09928764336281	0.0
76.0	26.30384484612599	23.824832691558147	23.61668191631399	26.254640546001873	0.0
77.0	26.2222983936731	23.88758199564901	23.6053483415663	26.284771269111584	0.0
78.0	26.113109075981946	23.77396981951973	23.83644269495822	26.276478409540104	0.0
79.0	26.231696967854113	23.69214693841446	23.778945535262622	26.29721055846881	0.0
80.0	26.24081911338274	23.721448375567025	23.79746625497226	26.240266256077977	0.0
81.0	26.090994783791327	23.75296124193865	23.87210199111558	26.283941983154435	0.0
82.0	26.285324126416356	23.792490539229373	23.648194782685614	26.273990551668664	0.0
83.0	26.272331979754366	23.759871958248215	23.783368393700744	26.18442766829667	0.0
84.0	26.293893414640213	23.709561943514572	23.72393623343847	26.27260840840675	0.0
85.0	26.300527702297398	23.738863380667134	23.74383909641002	26.216769820625448	0.0
86.0	26.231144110549348	23.763741959381573	23.688000508628722	26.317113421440357	0.0
87.0	26.15180908731552	23.7808805358293	23.664504073176193	26.40280630367899	0.0
88.0	26.31683699278798	23.72725337726706	23.80575911454374	26.150150515401222	0.0
89.0	26.216216963320683	23.809352687024717	23.753790527895795	26.220639821758805	0.0
90.0	26.150703372705987	23.815710546029518	23.785303394267423	26.248282686997072	0.0
91.0	26.27592555223534	23.708732657557423	23.888687710258544	26.126654079948697	0.0
92.0	26.26873840727339	23.80575911454374	23.777563392000708	26.14793908618216	0.0
93.0	26.24081911338274	23.82123911907717	23.72283051882894	26.215111248711153	0.0
94.0	26.149597658096457	23.79746625497226	23.75793695768154	26.294999129249746	0.0
95.0	26.241371970687506	23.715366945214605	23.825938406167676	26.21732267793021	0.0
96.0	26.353878432207257	23.72946480648612	23.67860193444771	26.238054826858914	0.0
97.0	26.207094817792054	23.715090516562224	23.749091240805292	26.328723424840433	0.0
98.0	26.20066453264337	23.695398581372075	23.81923827531112	26.284698610673434	0.0
99.0	26.341017085960544	23.668796076946254	23.759464173662575	26.230722663430626	0.0
100.0	26.286837369630057	23.80756249326209	23.81309103574479	26.09250910136306	0.0
101.0	26.30425227845057	23.824977402082602	23.619315621726066	26.251454697740762	0.0
102.0	26.22436483957552	23.887173505013006	23.60190071290555	26.286560942505922	0.0
103.0	26.11268828142493	23.769968404379714	23.84045732103417	26.27688599316119	0.0
104.0	26.230999090554764	23.696438789359767	23.781578343593388	26.290983776492084	0.0
105.0	26.24122689414776	23.725463637393958	23.80535107626901	26.227958392189276	0.0
106.0	26.095549799728552	23.747301380200632	23.866717897827005	26.290430922243814	0.0
107.0	26.29126020361622	23.78765974032436	23.648340469760253	26.272739586299167	0.0
108.0	26.27716242028533	23.75863489229017	23.787383313200223	26.176819374224277	0.0
109.0	26.29568303760238	23.70417874883555	23.720487949159523	26.279650264402544	0.0
110.0	26.299276590216138	23.73983784784898	23.73845571222831	26.222429849706575	0.0
111.0	26.24924328074768	23.745366390331686	23.69505665373909	26.31033367518154	0.0
112.0	26.154981631417602	23.784895469083008	23.664649670084227	26.395473229415163	0.0
113.0	26.31199223792635	23.722975793276742	23.806733211889682	26.15829875690722	0.0
114.0	26.211096337617036	23.815578879862006	23.756147048172956	26.217177734348006	0.0
115.0	26.1596808925279	23.816131734110275	23.78378976058647	26.240397612775357	0.0
116.0	26.279373837278406	23.701690904718333	23.892978474619845	26.125956783383415	0.0
117.0	26.277438847409464	23.808391774634494	23.776602655358957	26.13756672259709	0.0
118.0	26.23901547715468	23.810603191627575	23.72767505438704	26.22270627683071	0.0
119.0	26.14088384808671	23.803139659275928	23.76250487202806	26.2934716206093	0.0
120.0	26.24482044676152	23.707495874325172	23.828847381820495	26.218836297092817	0.0
121.0	26.356220577787976	23.713300843932007	23.682893860277147	26.24758471800287	0.0
122.0	26.202803523892975	23.711089426938926	23.760846309283252	26.325260739884843	0.0
123.0	26.19872953742557	23.697333576589873	23.818685419534606	26.28525146644995	0.0
124.0	26.33369914058332	23.67141478948576	23.770376247038758	26.224509822892163	0.0
125.0	26.28421841180682	23.802994828019912	23.815710546029518	26.09707621414375	0.0
126.0	26.30356841747361	23.831743407867712	23.615023344399695	26.249664830258983	0.0
127.0	26.231144110549348	23.889516996215693	23.596502624690054	26.282836268544905	0.0
128.0	26.110621218110495	23.76761196051493	23.84805269835829	26.27371412301628	0.0
129.0	26.23370448589657	23.700505312973384	23.774864826015325	26.29092537511472	0.0
130.0	26.24973739205431	23.721513948628356	23.799467044084963	26.22928161523237	0.0
131.0	26.10018907772089	23.743075443116354	23.866086533464546	26.2906489456982	0.0
132.0	26.294795386945896	23.781775561428145	23.647983723835956	26.275445327790003	0.0
133.0	26.280697486703748	23.754132619776865	23.787580579174914	26.177589314344473	0.0
134.0	26.29894182819359	23.70409889538805	23.725936819292563	26.2710224571258	0.0
135.0	26.310551863687127	23.72648967812559	23.73865257245215	26.224305885735138	0.0
136.0	26.239509503643337	23.74970974911266	23.698570307057796	26.312210440186202	0.0
137.0	26.15934497285463	23.787857008591427	23.661528765245084	26.391269253308856	0.0
138.0	26.311104722520152	23.719026083879744	23.812459226661066	26.157409966939042	0.0
139.0	26.210207985492985	23.81577637965922	23.759661208107122	26.214354426740677	0.0
140.0	26.164873561184887	23.81605280907573	23.782051990844657	26.237021638894724	0.0
141.0	26.27986819845421	23.69691173055872	23.899810922279105	26.12340914870797	0.0
142.0	26.275445327790003	23.802784197083117	23.78232842026117	26.139442054865707	0.0
143.0	26.23895664481031	23.818540673824344	23.730912548789792	26.211590132575544	0.0
144.0	26.153539955107863	23.795597032253784	23.7635312199383	26.28733179270005	0.0
145.0	26.246143809639648	23.718196795630202	23.827662844569268	26.207996550160885	0.0
146.0	26.358650582160355	23.71183891905041	23.68391954798262	26.24559095080662	0.0
147.0	26.205857555527913	23.719091650426392	23.763044049149286	26.31200674489641	0.0
148.0	26.206482858517116	23.70229492970361	23.812314445728315	26.278907766050963	0.0
149.0	26.335096046197265	23.668912213582196	23.77063908246787	26.225352657752666	0.0
150.0	26.279809704411573	23.79468864114465	23.811550975389284	26.113950679054494	0.0
151.0	26.29998921916335	23.828413309633923	23.62827675236971	26.24332071883302	0.0
152.0	26.238068516363377	23.8748538367339	23.60865010103579	26.278427545866933	0.0
153.0	26.11201565709199	23.761240404364305	23.854674321982124	26.272069616561577	0.0
154.0	26.22791304540127	23.69440942966452	23.783973550940978	26.29370397399323	0.0
155.0	26.250580508193462	23.71099537804905	23.807470311152393	26.2309538026051	0.0
156.0	26.1002012428404	23.74527300471041	23.872155509852053	26.282370242597136	0.0
157.0	26.30282624560472	23.7836971184679	23.638570070103277	26.274906565824104	0.0
158.0	26.281264512704837	23.754118843848826	23.78701430814481	26.17760233530153	0.0
159.0	26.301720515712425	23.69938521417988	23.730898516110486	26.267995753997216	0.0
160.0	26.31968862646233	23.723987704283598	23.73836219288352	26.217961476370554	0.0
161.0	26.246157588624254	23.746102302129636	23.70242597138371	26.3053141378624	0.0
162.0	26.15825206218625	23.7825913885756	23.672018399345408	26.387138149892742	0.0
163.0	26.31968862646233	23.713759702779804	23.818251177602335	26.14830049315553	0.0
164.0	26.219067206262853	23.8129989606139	23.754948141268052	26.212985691855195	0.0
165.0	26.16433357659391	23.814381122979277	23.789502200402485	26.231783100024327	0.0
166.0	26.287069594639423	23.6968973219222	23.894270107698095	26.121762975740285	0.0
167.0	26.280435215285607	23.79586014728322	23.782867821048676	26.140836816382496	0.0
168.0	26.23399455980893	23.812722528140824	23.74333797739888	26.209944934651364	0.0
169.0	26.157422764767023	23.7972423096486	23.76351754793339	26.28181737765099	0.0
170.0	26.258044184966494	23.708231053318297	23.831796368783035	26.20192839293217	0.0
171.0	26.35313695570446	23.713206837833653	23.692750834826068	26.240905371635815	0.0
172.0	26.20283012348273	23.71963035347518	23.762201072008093	26.315338451034	0.0
173.0	26.200414651002074	23.705044920525225	23.818382861091912	26.276157567380785	0.0
174.0	26.33289933075143	23.66613314756917	23.775601314723747	26.225366206955652	0.0
175.0	26.28383925782384	23.79922984848527	23.816092462411575	26.10083843127932	0.0
176.0	26.292132346640056	23.824661987521665	23.63419738104255	26.24900828479573	0.0
177.0	26.224129018347075	23.883266481822933	23.613741095295886	26.278863404534107	0.0
178.0	26.113830937091393	23.75389429628995	23.857005033904912	26.275269732713745	0.0
179.0	26.234429682705546	23.68761506692541	23.787685281938156	26.29026996843089	0.0
180.0	26.25239809147855	23.71608808390418	23.809247372465762	26.22226645215151	0.0
181.0	26.110309443642777	23.74677259734731	23.864258347016968	26.278659611992943	0.0
182.0	26.30657975485562	23.778839296080676	23.64062076705755	26.273960182006157	0.0
183.0	26.274236619064204	23.752854212624328	23.790449652518618	26.18245951579285	0.0
184.0	26.29662802076595	23.699225423363355	23.72825131445821	26.275895241412485	0.0
185.0	26.314043555422867	23.72244613623924	23.74179673030248	26.221713578035416	0.0
186.0	26.245763602085443	23.752024901450188	23.702819105117957	26.299392391346416	0.0
187.0	26.167255477600303	23.775522051384122	23.668264472862173	26.3889579981534	0.0
188.0	26.311832058958494	23.7144294615559	23.810076683639902	26.163661795845705	0.0
189.0	26.21715909593525	23.80689106108187	23.759343624220445	26.21660621876244	0.0
190.0	26.170993852005836	23.810208324118715	23.783670219823964	26.235127604051485	0.0
191.0	26.2818457251537	23.692169047724356	23.892034145694193	26.133951081427746	0.0
192.0	26.277146269184836	23.7938984475209	23.779800079614315	26.149155203679953	0.0
193.0	26.24286788447079	23.805232429563446	23.733634835684907	26.21826485028086	0.0
194.0	26.164359325932153	23.79638639479853	23.756302799770005	26.282951479499317	0.0
195.0	26.256413375204563	23.701015082489274	23.83785218275908	26.204719359547084	0.0
196.0	26.351784687513824	23.70682029280375	23.696592065106817	26.244802954575615	0.0
197.0	26.19705149788662	23.708820903237935	23.7657674094592	26.328360189416244	0.0
198.0	26.19048935429118	23.713033045651322	23.823609091562496	26.272868508495005	0.0
199.0	26.332375926422497	23.677161283902016	23.774468473299958	26.21599431637553	0.0
200.0	26.279997456729852	23.811090316498913	23.812196086128395	26.09671614064284	0.0
201.0	26.299624867653197	23.827953303348547	23.63140275170772	26.241019077290535	0.0
202.0	26.233278689884145	23.87854226389745	23.61205178319175	26.276127263026655	0.0
203.0	26.126295478231544	23.75911914391315	23.853662447234054	26.26092293062125	0.0
204.0	26.24219739148223	23.67680475924564	23.789870016420725	26.2911278328514	0.0
205.0	26.254084447860055	23.712465928379103	23.810326811117438	26.223122812643407	0.0
206.0	26.121668168674567	23.756973279003034	23.850134627824556	26.27122392449784	0.0
207.0	26.309649525347073	23.78434115298918	23.63644405619537	26.269565265468376	0.0
208.0	26.289687201957236	23.74334803101718	23.794213996433854	26.17275077059173	0.0
209.0	26.288028529171907	23.698010974884927	23.735054667090548	26.27890582885261	0.0
210.0	26.30572103888206	23.736436894411657	23.744453812874063	26.213388253832225	0.0
211.0	26.239374127469006	23.751088504015367	23.71100391170332	26.298533456812308	0.0
212.0	26.17523877976972	23.783432623329233	23.6634552918573	26.377873305043746	0.0
213.0	26.308209048060043	23.72676130316392	23.814947406250432	26.150082242525606	0.0
214.0	26.2228598915225	23.815013241774345	23.755853748887304	26.206273117815854	0.0
215.0	26.172270231717228	23.80810208606324	23.791515312356594	26.228112369862938	0.0
216.0	26.2767669060691	23.69282400880205	23.913428099100447	26.11698098602841	0.0
217.0	26.261838809733117	23.803678946408134	23.77631076979217	26.158171474066577	0.0
218.0	26.229218154776714	23.811419440804567	23.7420314374651	26.217330966953618	0.0
219.0	26.150707425898588	23.796767790697032	23.768293829167288	26.284230954237092	0.0
220.0	26.248438070173496	23.710094766291064	23.836431391195692	26.20503577233974	0.0
221.0	26.343812546305003	23.710094766291064	23.696825273959725	26.249267413444205	0.0
222.0	26.19957924535083	23.70822517284944	23.771255435669048	26.320940146130688	0.0
223.0	26.1921875431952	23.70635556907085	23.827716805352058	26.273740082381885	0.0
224.0	26.33407882696715	23.65887169676747	23.779403918403002	26.227645557862378	0.0
225.0	26.267046695436058	23.81022152064955	23.8165799069464	26.106151876967992	0.0
226.0	26.304091206904655	23.8165799069464	23.630251543290935	26.249077342858012	0.0
227.0	26.23249024817058	23.868829255211804	23.613111545447257	26.285568951170358	0.0
228.0	26.11333961799921	23.75189023766542	23.86274732049308	26.27202282384229	0.0
229.0	26.23768398005109	23.67578595835499	23.79106722252325	26.295462839070673	0.0
230.0	26.252612489080075	23.712277869314725	23.812907078324912	26.222202563280288	0.0
231.0	26.10610416897047	23.761749419440452	23.861550370452285	26.27059604113679	0.0
232.0	26.30155921707398	23.78469534446533	23.641767112683844	26.271978325776846	0.0
233.0	26.28200343360454	23.744398276009832	23.80079564523843	26.172802645147197	0.0
234.0	26.290850079758044	23.693253602934874	23.735275172164027	26.28062114514305	0.0
235.0	26.314348983603292	23.727810814472008	23.728640187548898	26.2292000143758	0.0
236.0	26.248552052836594	23.744398276009832	23.704588368319055	26.302461302834523	0.0
237.0	26.169761610531932	23.77370279139332	23.676113226012458	26.38042237206229	0.0
238.0	26.302461302834523	23.72172874524147	23.81600081831477	26.15980913360924	0.0
239.0	26.22014939814994	23.812196241270826	23.752481214647876	26.21517314593136	0.0
240.0	26.17783098287822	23.806271996638127	23.784430872843192	26.231466147640468	0.0
241.0	26.285579993640873	23.695480874241397	23.89786692840455	26.121072203713176	0.0
242.0	26.262207328267916	23.805534357477022	23.781479146620658	26.150779167634404	0.0
243.0	26.228338683854695	23.8110643804594	23.741659684720183	26.21893725096572	0.0
244.0	26.149174983201018	23.797870192932535	23.772706281852397	26.28024854201405	0.0
245.0	26.250103702884324	23.701778158789857	23.850280689140234	26.197837449185585	0.0
246.0	26.343022918158916	23.706342248562603	23.6966628041074	26.25397202917108	0.0
247.0	26.20473930503468	23.702609715354065	23.762625424535084	26.33002555507617	0.0
248.0	26.195928753180663	23.707545082420623	23.83006969797544	26.26645646642328	0.0
249.0	26.337057022505316	23.663081267510975	23.78007462129279	26.21978708869092	0.0
