# Position (bp)	A	C	G	T	N
0.0	26.256658732857304	23.758358834863426	23.763175790547432	26.22180664173184	0.0
1.0	26.177603989572706	23.741074464467868	23.817579054743284	26.263742491216142	0.0
2.0	26.298387622288267	23.641123422966537	23.74085228512255	26.319636669622643	0.0
3.0	26.304621277367303	23.706427632473595	23.734474865146638	26.254476225012464	0.0
4.0	26.228686200244194	23.665506134578283	23.794684970778953	26.31112269439857	0.0
5.0	26.204929340082543	23.67029337533177	23.79917797121483	26.325599313370855	0.0
6.0	26.28804658777411	23.751324160043506	23.668334022557456	26.29229522962493	0.0
7.0	26.268147753728684	23.758758787109784	23.719673496207594	26.253419962953945	0.0
8.0	26.268481729955056	23.772156128670506	23.687198932937623	26.272163208436815	0.0
9.0	26.172757700868203	23.766360274337238	23.802323144797278	26.258558879997278	0.0
10.0	26.304717141400985	23.681975196783508	23.707741095192254	26.305566566623252	0.0
11.0	26.160031711874964	23.841100855088058	23.694716575117504	26.304150857919474	0.0
12.0	26.131434396058665	23.875077863978706	23.827510051531796	26.16597768843083	0.0
13.0	26.102553938501615	23.893198935387055	23.791834192196614	26.21241293391472	0.0
14.0	26.224304887026445	23.939634180870943	23.66158899144912	26.174471940653493	0.0
15.0	26.226003737470975	23.837420012458235	23.762387451158048	26.174188798912734	0.0
16.0	26.39730449062801	23.84223342205108	23.75304377371312	26.007418313607793	0.0
17.0	26.365592615663402	23.742284387564414	23.59731581629764	26.294807180474542	0.0
18.0	26.07254091398154	23.80938898012345	23.84704683164392	26.27102327425109	0.0
19.0	26.300470015289655	23.817033807123845	23.669800101931028	26.212696075655472	0.0
20.0	26.246956226286876	23.756724616342943	23.836853728976727	26.159465428393453	0.0
21.0	26.22147346961889	23.68508975593182	23.72529588311909	26.3681408913302	0.0
22.0	26.190327878135793	23.76663457726938	23.838835721162013	26.20420182343281	0.0
23.0	26.26366158899145	23.75615833286143	23.658757574041562	26.321422504105556	0.0
24.0	26.2089410245738	23.773928948612753	23.872745136346516	26.144384890466927	0.0
25.0	26.260115181407883	23.736770277080936	23.767349411917934	26.23576512959324	0.0
26.0	26.168944057171657	23.74073423900425	23.842664688460907	26.247657015363185	0.0
27.0	26.267193684842375	23.65947301957631	23.752342984636815	26.3209903109445	0.0
28.0	26.31249610682311	23.71383592595319	23.737336557355697	26.236331409868	0.0
29.0	26.22160812272426	23.672214325758393	23.802175648815624	26.304001902701724	0.0
30.0	26.198956911733895	23.672214325758393	23.81095299307439	26.317875769433325	0.0
31.0	26.276254169238523	23.75007786353778	23.676178287681704	26.29748967954199	0.0
32.0	26.262946582781684	23.76395173026938	23.72742665254741	26.24567503440153	0.0
33.0	26.26464542360596	23.7761267561767	23.69175099523758	26.267476824979756	0.0
34.0	26.170926038133313	23.758855207796547	23.808687871975355	26.261530882094785	0.0
35.0	26.301170501327924	23.671648045483632	23.710721384442017	26.316460068746427	0.0
36.0	26.166678936072618	23.84011642722449	23.68807017345165	26.30513446325124	0.0
37.0	26.143744584944873	23.863617058626996	23.833037923790002	26.15960043263813	0.0
38.0	26.105803806536006	23.899858996211584	23.79113318345782	26.20320401379459	0.0
39.0	26.22274068327378	23.94487827805494	23.665418962461278	26.166962076209998	0.0
40.0	26.225572084647574	23.818597776783644	23.769331392879593	26.186498745689192	0.0
41.0	26.39517302693795	23.842947828598287	23.751210424087297	26.01066872037646	0.0
42.0	26.36912413429903	23.738752258042595	23.601712431550872	26.290411176107504	0.0
43.0	26.084568296232536	23.806989031151076	23.837001885713317	26.27144078690307	0.0
44.0	26.2946582781682	23.82482685980599	23.65154509572968	26.228969766296128	0.0
45.0	26.236897690142758	23.740451098866874	23.854556574230852	26.16809463675952	0.0
46.0	26.21651160025143	23.689769014275928	23.718649308288644	26.375070077184006	0.0
47.0	26.196125510360098	23.760554048620826	23.828790821729307	26.214529619289774	0.0
48.0	26.26577798415548	23.748095882576123	23.66626838287342	26.31985775039498	0.0
49.0	26.215871092323244	23.76869781388119	23.874875064768123	26.140556029027444	0.0
50.0	26.254303705717135	23.74201549334058	23.76834737700462	26.23533342393766	0.0
51.0	26.164831928966205	23.753057896167437	23.834035516897707	26.24807465796865	0.0
52.0	26.27412340309867	23.655375101929874	23.749943372293195	26.32055812267826	0.0
53.0	26.31772673733804	23.708322007791974	23.746828848418954	26.22712240645103	0.0
54.0	26.21466431095406	23.67264655250521	23.81251698831204	26.300172148228683	0.0
55.0	26.210134094409714	23.672080275437164	23.80770363323367	26.310081996919454	0.0
56.0	26.274689680166713	23.748810818157107	23.68453837093413	26.29196113074205	0.0
57.0	26.2642135544079	23.76721482286853	23.729274259309598	26.23929736341397	0.0
58.0	26.276388511370847	23.772877593548973	23.702659237111533	26.24807465796865	0.0
59.0	26.166813898704362	23.765799130198424	23.811950711244	26.25543625985322	0.0
60.0	26.31263024372565	23.66556808915466	23.706906315121863	26.314895351997826	0.0
61.0	26.167663314306424	23.84479478119054	23.68595406360424	26.301587840898794	0.0
62.0	26.146427924254777	23.865747032708164	23.822993114070854	26.164831928966205	0.0
63.0	26.110186191899977	23.890663223702095	23.795245537736704	26.20390504666123	0.0
64.0	26.22061022016852	23.945592099302345	23.67009830569901	26.163699374830117	0.0
65.0	26.220043943100478	23.819312313128567	23.773727009151038	26.186916734619913	0.0
66.0	26.399836912204407	23.834884932499772	23.740882939204493	26.024395216091328	0.0
67.0	26.364444595451666	23.732671921717856	23.601295641931685	26.301587840898794	0.0
68.0	26.084137446769954	23.80770363323367	23.839132010510102	26.269026909486275	0.0
69.0	26.284316390323458	23.82242683700281	23.663302980882488	26.22995379179125	0.0
70.0	26.237881670743864	23.739184108000362	23.854138352813266	26.168795868442512	0.0
71.0	26.226839267917008	23.682556401195978	23.720496964754915	26.3701073661321	0.0
72.0	26.201639938389054	23.758154389779833	23.828939023285315	26.2112666485458	0.0
73.0	26.271292017758448	23.745130017214823	23.66924889009695	26.31432907492978	0.0
74.0	26.217987740136188	23.76459928932429	23.88125203505245	26.13616093548707	0.0
75.0	26.25387189752708	23.743579870096777	23.771327289303652	26.231220943072486	0.0
76.0	26.16355121663939	23.756887305838852	23.832768003261737	26.246793474260024	0.0
77.0	26.28048676901123	23.660337612476145	23.745561828611553	26.313613789901076	0.0
78.0	26.314463200693115	23.703374425939874	23.753206525739976	26.228955847627027	0.0
79.0	26.221877424359967	23.67024740505003	23.81351469197533	26.29436047861467	0.0
80.0	26.20913626247926	23.672229363564806	23.818044882866253	26.30058949108968	0.0
81.0	26.278787947427134	23.746694376334283	23.68298856693074	26.29152910930784	0.0
82.0	26.257835814556636	23.764532002967275	23.738766542275176	26.238865640200913	0.0
83.0	26.269444428714618	23.778688849501396	23.705922658316013	26.245944063467974	0.0
84.0	26.168364544460992	23.75943553821499	23.81181587039124	26.260384046932778	0.0
85.0	26.31899339158404	23.665150940297746	23.714983040097852	26.30087262802036	0.0
86.0	26.16723199673826	23.848623671379954	23.683271703861422	26.30087262802036	0.0
87.0	26.14599672693708	23.865611887220897	23.82993663395491	26.158454751887106	0.0
88.0	26.115134801492694	23.89987145583347	23.78520099890709	26.199792743766743	0.0
89.0	26.215365274954273	23.95111924028699	23.673078774356853	26.160436710401886	0.0
90.0	26.21961232891451	23.804171173262816	23.782935903461635	26.193280594361045	0.0
91.0	26.394590952076243	23.844376617419716	23.74499555475019	26.01603687575385	0.0
92.0	26.358632561879574	23.731688119008115	23.605125910993074	26.304553408119236	0.0
93.0	26.089652477731278	23.80247235167872	23.844093480489033	26.263781690100966	0.0
94.0	26.29662557406013	23.82229193682649	23.65609055851591	26.224991930597476	0.0
95.0	26.236600544755458	23.731971255938795	23.86702757187431	26.16440062743144	0.0
96.0	26.23631740782477	23.677608965247774	23.725742243463785	26.36033138346367	0.0
97.0	26.207437440895166	23.758869264353628	23.838430741875385	26.19526255287582	0.0
98.0	26.268878154853248	23.7512245672252	23.671946226634123	26.307951051287425	0.0
99.0	26.222652589138335	23.76644666989442	23.869508220857504	26.14139252010974	0.0
100.0	26.262217289375627	23.732969410059233	23.775439709163393	26.229373591401746	0.0
101.0	26.168782631346478	23.752788882974507	23.834614992581855	26.24381349309716	0.0
102.0	26.278072867707852	23.649727623815078	23.755337100920755	26.316862407556314	0.0
103.0	26.312049106991175	23.710601719197708	23.74599363511784	26.231355538693276	0.0
104.0	26.225692832146052	23.65765541298119	23.82583779743366	26.290813957439095	0.0
105.0	26.218331313634664	23.659071089617996	23.813662978357137	26.308934618390207	0.0
106.0	26.284584980237153	23.742029740534786	23.68795089300882	26.285434386219237	0.0
107.0	26.256271447501046	23.763264890086866	23.74542736446312	26.235036297948966	0.0
108.0	26.270994484523825	23.7717589499077	23.700975118067433	26.256271447501046	0.0
109.0	26.17161398462009	23.76439743139631	23.805735189191026	26.258253394792575	0.0
110.0	26.320543166812012	23.666998878784103	23.71399934312604	26.298458611277848	0.0
111.0	26.170764578638007	23.837729481182826	23.68795089300882	26.303555047170345	0.0
112.0	26.13707147468204	23.860946578026436	23.82895228603463	26.173029661256898	0.0
113.0	26.10819167129121	23.894639681982397	23.797524264697557	26.199644382028836	0.0
114.0	26.211536065778002	23.94758598819892	23.683420727771047	26.157457218252034	0.0
115.0	26.221728937563	23.813096707702414	23.784216904311585	26.180957450423005	0.0
116.0	26.404634359038248	23.83319931594505	23.744577958481035	26.01758836653567	0.0
117.0	26.34913983487548	23.731836868749788	23.60782359536564	26.311199701009098	0.0
118.0	26.10252896474399	23.79072901684089	23.84197651109324	26.26476550732188	0.0
119.0	26.29194649874854	23.80715086582783	23.659920495600076	26.240982139823547	0.0
120.0	26.233337485984805	23.731836868749788	23.858398360080184	26.176427285185227	0.0
121.0	26.229656726729107	23.6706796380398	23.733535680713956	26.366127954517143	0.0
122.0	26.19454794613634	23.75109007101034	23.853585059515044	26.20077692333828	0.0
123.0	26.261651018720904	23.749108123718813	23.672944720658688	26.316296136901595	0.0
124.0	26.22378513365441	23.758801994410895	23.885080707953577	26.13233216398112	0.0
125.0	26.264914237823696	23.73338694059221	23.776706890986617	26.224991930597476	0.0
126.0	26.176858652381462	23.7464112394036	23.833617414053784	26.24311269416115	0.0
127.0	26.286998918416927	23.632023919407903	23.756321031977485	26.32465613019769	0.0
128.0	26.31191496831698	23.709603438414888	23.7464112394036	26.232070353864533	0.0
129.0	26.237449955547504	23.638819205744284	23.82937036009355	26.29436047861467	0.0
130.0	26.217913507330415	23.66316898178297	23.810683322668506	26.308234188218105	0.0
131.0	26.29181224623853	23.73706772069108	23.69572972881145	26.275390304258945	0.0
132.0	26.261799731586187	23.766797098412734	23.75009201950247	26.221311150498604	0.0
133.0	26.269876325088337	23.777974087161365	23.699827851771317	26.252321735978978	0.0
134.0	26.171344115248708	23.76664854580049	23.80345655522334	26.258550783727465	0.0
135.0	26.32735344749479	23.659905318474223	23.7125690858023	26.300172148228683	0.0
136.0	26.165964483102293	23.842246534384344	23.69501449669294	26.296774485820425	0.0
137.0	26.13736749116608	23.870277249252513	23.823842529672916	26.16851272990849	0.0
138.0	26.10912756276491	23.893279121588527	23.79502977210115	26.202563543545416	0.0
139.0	26.211907141623463	23.955003496770797	23.67441241509359	26.15867694651215	0.0
140.0	26.21615423165894	23.805505927521992	23.794746632765452	26.183593208053612	0.0
141.0	26.399986409273406	23.830772802690962	23.759704628208684	26.009536159826947	0.0
142.0	26.365726452650474	23.72799293282217	23.60992349553488	26.296357118992475	0.0
143.0	26.106653226948147	23.785470380710226	23.84719493065898	26.260681461682644	0.0
144.0	26.30088736119055	23.795946565793276	23.662021280812727	26.241144792203453	0.0
145.0	26.234349428906345	23.71695046746437	23.86871358109983	26.179986522529457	0.0
146.0	26.2238732438233	23.669949204659353	23.736770277080936	26.36940727443641	0.0
147.0	26.192727828711543	23.75659008669751	23.85483971436823	26.195842370222717	0.0
148.0	26.26974194607879	23.746113901614464	23.6804253897424	26.303718762564344	0.0
149.0	26.23130915875996	23.74221716343744	23.885203337665388	26.14127034013721	0.0
150.0	26.26422787247296	23.73265756837873	23.776827679936577	26.226286879211735	0.0
151.0	26.174471940653493	23.747097797157256	23.838835721162013	26.239594541027238	0.0
152.0	26.2950903222153	23.622515431224873	23.76352001812107	26.318874228438755	0.0
153.0	26.319157370179514	23.694433433376748	23.75247749023161	26.233931706212132	0.0
154.0	26.22996772184155	23.640353360892462	23.83147403590237	26.298204881363613	0.0
155.0	26.20561753213659	23.665836117560453	23.811654114049492	26.31689223625347	0.0
156.0	26.28971062914095	23.735488985786287	23.700945693414123	26.273854691658645	0.0
157.0	26.25545047850954	23.763803159861826	23.75927289200974	26.22147346961889	0.0
158.0	26.26720803674068	23.79423406893974	23.698531618617242	26.240026275702338	0.0
159.0	26.173770733171374	23.76620287786895	23.806692376082317	26.25333401287736	0.0
160.0	26.33431300930409	23.65606011699483	23.716935935986953	26.292690937714124	0.0
161.0	26.170939299729884	23.834157280464808	23.70447762884438	26.29042579096093	0.0
162.0	26.130732944860664	23.8638873316005	23.83840443062705	26.166975292911786	0.0
163.0	26.10220937377009	23.89566704513601	23.79883174725421	26.203291833839685	0.0
164.0	26.214334455527965	23.96305535184907	23.678495485266595	26.14411470735637	0.0
165.0	26.2171658969865	23.806759783338098	23.791469999462027	26.184604320213378	0.0
166.0	26.39024169252724	23.828346206990282	23.762939724103564	26.018472376378917	0.0
167.0	26.37608444514916	23.7148050830181	23.604944843364216	26.304165628468525	0.0
168.0	26.102566425804696	23.785591319908487	23.848732643214714	26.2631096110721	0.0
169.0	26.302749903730714	23.792953088545087	23.67176705098874	26.23252995673545	0.0
170.0	26.249235508641583	23.71565451786078	23.85835957143181	26.176750402065824	0.0
171.0	26.227716492626907	23.67091761614606	23.734058939452286	26.367306951774754	0.0
172.0	26.19430538881464	23.766620608421864	23.850997802795206	26.188076199968286	0.0
173.0	26.278965728135546	23.739438693455952	23.685641153419258	26.295954424989244	0.0
174.0	26.23260423302895	23.73809018192114	23.89410348977136	26.135202095278544	0.0
175.0	26.26524036310714	23.733910197239886	23.78261140401049	26.21823803564249	0.0
176.0	26.170952561626848	23.744386619626585	23.83612610214795	26.248534716598616	0.0
177.0	26.307146052653934	23.605644809640573	23.776099033337676	26.31111010436782	0.0
178.0	26.319038207795593	23.7055955421407	23.746085498932537	26.229280751131174	0.0
179.0	26.235793121803987	23.62773024061794	23.844903645228698	26.291572992349383	0.0
180.0	26.216822302887525	23.661707826736965	23.821119334945383	26.300350535430127	0.0
181.0	26.29327187165533	23.735042783443856	23.7021977835288	26.269487561372014	0.0
182.0	26.251083035557542	23.760809119584113	23.763357438543043	26.2247504063153	0.0
183.0	26.269070028201558	23.802283306717406	23.68279478554359	26.24585187953745	0.0
184.0	26.168269285220795	23.7629257132502	23.819838492292707	26.248966509236293	0.0
185.0	26.338724474193874	23.645702377311906	23.709127563906538	26.306445584587678	0.0
186.0	26.166004099985273	23.834562196323606	23.709127563906538	26.29030613978458	0.0
187.0	26.131743173297995	23.87646812318077	23.835977937095805	26.155810766425425	0.0
188.0	26.110014695430827	23.89607300712686	23.79328993603665	26.200622361405664	0.0
189.0	26.222991128943203	23.949021861930905	23.67918090669959	26.148806102426303	0.0
190.0	26.225822618504917	23.811128320275447	23.781397679877454	26.18165138134218	0.0
191.0	26.39890137893932	23.826768978112522	23.756264688393692	26.018064954554465	0.0
192.0	26.367188606053745	23.720870968655323	23.611008862587425	26.30093156270351	0.0
193.0	26.092250191126087	23.787411161763455	23.85111985729252	26.269218789817934	0.0
194.0	26.308293456409093	23.78712801200555	23.671036611263695	26.233541920321656	0.0
195.0	26.249398306764448	23.709828128096948	23.866976243735312	26.173797321403292	0.0
196.0	26.223348529037004	23.663108418042302	23.736444205340206	26.377098847580488	0.0
197.0	26.203244896225613	23.76277713282555	23.851969306566243	26.182008664382593	0.0
198.0	26.289039272871424	23.728232862360905	23.686043548432767	26.29668431633491	0.0
199.0	26.221723877237242	23.75038579263752	23.88714751294706	26.140742817178182	0.0
200.0	26.26738549358945	23.724686268291578	23.788961627327502	26.218966610791465	0.0
201.0	26.16714991165677	23.743940560866218	23.845591899605854	26.243317627871154	0.0
202.0	26.309440886155517	23.607028989200547	23.770408249944786	26.313121874699153	0.0
203.0	26.316519710277888	23.707548291738163	23.74718970682342	26.22874229116053	0.0
204.0	26.230724361914792	23.62118663744528	23.851673150869562	26.296415849770362	0.0
205.0	26.212036266231742	23.661394358460328	23.827888301818408	26.298681073489522	0.0
206.0	26.29584954384057	23.728784764105264	23.694523255353005	26.280842436701157	0.0
207.0	26.250127419555785	23.751005198717877	23.762614536022923	26.23625284570341	0.0
208.0	26.276892757431437	23.7947457540732	23.687429564902228	26.240931923593138	0.0
209.0	26.17014288060437	23.759917544922725	23.813434061422235	26.256505513050666	0.0
210.0	26.351512062521238	23.63546267980519	23.724657379091628	26.288367878581948	0.0
211.0	26.165194246234	23.842451013704835	23.71021633254049	26.282138407520673	0.0
212.0	26.141975308641975	23.873315211235703	23.839336278174198	26.145373201948125	0.0
213.0	26.11656505993051	23.882443885048943	23.794664726086552	26.206326328933994	0.0
214.0	26.215953720562123	23.948702992136685	23.67885286797165	26.156490419329536	0.0
215.0	26.23648971986963	23.797631081926735	23.78007515071201	26.185804047491622	0.0
216.0	26.40957537179037	23.8220503120434	23.763435988628252	26.004938327537975	0.0
217.0	26.369515848609954	23.72194566676294	23.60783114448654	26.300707340140562	0.0
218.0	26.093715489559795	23.787639386783102	23.854182594562147	26.264462529094956	0.0
219.0	26.313732819110076	23.78877203712828	23.664180499159006	26.23331464460264	0.0
220.0	26.260215090300548	23.702690610894965	23.86635858577278	26.170735713031707	0.0
221.0	26.22736823029047	23.666162637263064	23.73582063349134	26.37064849895513	0.0
222.0	26.209394255164913	23.75690920623414	23.842991119971003	26.19070541862994	0.0
223.0	26.292927691192464	23.74275099673795	23.678189561435303	26.28613175063429	0.0
224.0	26.226741535490483	23.743667722872086	23.890913518579872	26.13867722305756	0.0
225.0	26.26645901175138	23.72023219595073	23.794987965453775	26.218320826844117	0.0
226.0	26.166083341828354	23.751514945575224	23.84637602365014	26.23602568894628	0.0
227.0	26.31361355578964	23.618709436270347	23.765106980642678	26.30257002729734	0.0
228.0	26.30766704044763	23.702243818455717	23.745285262835978	26.244803878260676	0.0
229.0	26.223283156070543	23.62154111024273	23.859401723923117	26.295774009763612	0.0
230.0	26.208558451414138	23.665998391609183	23.82683747324068	26.298605683736	0.0
231.0	26.298322516338757	23.726029879823756	23.69658047051095	26.27906713332654	0.0
232.0	26.250750393602683	23.751798112972462	23.766805985026107	26.230645508398748	0.0
233.0	26.27100406064347	23.79072678155777	23.688219603223594	26.25004955457516	0.0
234.0	26.160851319284372	23.750516783426683	23.82952093468424	26.259110962604705	0.0
235.0	26.344628000883485	23.63894819706297	23.730978122362988	26.285445679690554	0.0
236.0	26.156603784270526	23.845378398735935	23.709740447293754	26.288277369699784	0.0
237.0	26.14017998221699	23.869164594813476	23.842829877727624	26.147825545241908	0.0
238.0	26.12128162652735	23.87121437369919	23.80410313044217	26.203400869331293	0.0
239.0	26.207931586175647	23.94228999419502	23.687720341502782	26.16205807812655	0.0
240.0	26.232428268823416	23.8043859947214	23.777200077026766	26.185985659428418	0.0
241.0	26.41027456422311	23.823508588097024	23.766585010124466	25.999631837555405	0.0
242.0	26.38422367355262	23.71575196977507	23.59765043077324	26.302373925899076	0.0
243.0	26.08792939363727	23.777531043233935	23.846641892504305	26.28789767062449	0.0
244.0	26.31277795088236	23.781831572387617	23.673625470923152	26.231765005806874	0.0
245.0	26.26564797266863	23.70588185302591	23.854606644173813	26.17386353013164	0.0
246.0	26.23328866589797	23.66401400649897	23.730590205083022	26.37210712252004	0.0
247.0	26.212480946525606	23.7492704431739	23.82151781818594	26.21673079211455	0.0
248.0	26.30716963382533	23.711956567937687	23.68277140080302	26.29810239743397	0.0
249.0	26.219971778146768	23.732141743974523	23.90526977938218	26.142616698496536	0.0
