# Position (bp)	A	C	G	T	N
0.0	26.26834410824246	23.78625186757334	23.824231676836504	26.1211723473477	0.0
1.0	26.154404680452963	23.8985157155424	23.727327310554756	26.219752293449876	0.0
2.0	26.263641745696635	23.7053606335802	23.738313059213834	26.292684561509333	0.0
3.0	26.27972242777956	23.799165049357033	23.732704095167616	26.188408427695787	0.0
4.0	26.31092495636998	23.87937172774869	23.57137870855148	26.238324607329844	0.0
5.0	26.32841338716793	23.762613993644838	23.693645395298965	26.215327223888263	0.0
6.0	26.24977662616154	23.800761704789135	23.718951036454612	26.23051063259471	0.0
7.0	26.26772242728151	23.749029768652175	23.729764743328438	26.25348306073788	0.0
8.0	26.17254790282908	23.896831977843107	23.650023871146068	26.28059624818174	0.0
9.0	26.20930141659826	23.78539401756649	23.78483564221541	26.220468923619837	0.0
10.0	26.246730151285462	23.75955130835825	23.816782385112102	26.176936155244178	0.0
11.0	26.231375472156383	23.697853415857754	23.76401812410489	26.306752987880973	0.0
12.0	26.231375472156383	23.706507871366874	23.79249407448974	26.269622581987008	0.0
13.0	26.1920116583891	23.67579851310871	23.811478041412965	26.32071178708923	0.0
14.0	26.201224465866545	23.607958748956577	23.798356770157202	26.39246001501967	0.0
15.0	26.222162664678933	23.778256099297316	23.73526299773588	26.26431823828787	0.0
16.0	26.173027691465865	23.71237056703434	23.787468906774762	26.327132834725024	0.0
17.0	26.501617824828237	23.618567436354855	23.624150956038157	26.255663782778747	0.0
18.0	26.23919239971301	23.788027258743092	23.76932246780403	26.203457873739872	0.0
19.0	26.264876590256197	23.743079925292506	23.67440263318788	26.317640851263413	0.0
20.0	26.157952188320955	23.650672674533844	23.79053984260058	26.40083529454462	0.0
21.0	26.26543494222453	23.7383339335617	23.824878488652892	26.17135263556088	0.0
22.0	26.36286736069816	23.68473214460199	23.593999949748323	26.35840054495152	0.0
23.0	26.270739285923668	23.719070790654303	23.71767491073348	26.29251501268855	0.0
24.0	26.350510053099125	23.73100910669518	23.56936666313045	26.34911417707525	0.0
25.0	26.27345769658122	23.77232703700188	23.815040843332458	26.139174423084437	0.0
26.0	26.142524525541738	23.88064701645459	23.74161776447663	26.235210693527044	0.0
27.0	26.24554017610372	23.71314189358958	23.740221888452755	26.301096041853945	0.0
28.0	26.286578931205646	23.76953528495413	23.74496786693393	26.198917916906296	0.0
29.0	26.31142552443062	23.860546401710785	23.569645838335223	26.25838223552337	0.0
30.0	26.333480365607848	23.739105187633655	23.68745777475028	26.23995667200822	0.0
31.0	26.251887917051697	23.787615264140882	23.721171750898243	26.23932506790918	0.0
32.0	26.27533856878439	23.743226530503993	23.731501204637645	26.249933696073967	0.0
33.0	26.178744217599714	23.893143196938016	23.65277401667788	26.27533856878439	0.0
34.0	26.20386991588475	23.78956948511861	23.782869298909265	26.22369130008738	0.0
35.0	26.23904589348379	23.75160176326567	23.809670043746635	26.199682299503905	0.0
36.0	26.23178735842367	23.679295587089857	23.780915077931542	26.308001976554934	0.0
37.0	26.234579102677564	23.717263308942794	23.78956948511861	26.258588103261037	0.0
38.0	26.200798997205467	23.672874575305904	23.79906141558184	26.327265011906793	0.0
39.0	26.209732578817917	23.610339504018715	23.805761601791183	26.374166315372182	0.0
40.0	26.23290405612523	23.782869298909265	23.732617902339204	26.251608742626303	0.0
41.0	26.1790233920251	23.72703441383142	23.779519205804593	26.314422988338887	0.0
42.0	26.511240958238297	23.611456201720273	23.62318152758662	26.25412131245481	0.0
43.0	26.243791858715408	23.771702321893695	23.77728581040148	26.207220008989417	0.0
44.0	26.27533856878439	23.746576623608664	23.65640328420794	26.321681523399004	0.0
45.0	26.155293565867016	23.647190528170096	23.776727461550703	26.420788444412185	0.0
46.0	26.27533856878439	23.741272309526266	23.822232892889147	26.16115622880019	0.0
47.0	26.35601997772188	23.68571659887381	23.59107646866686	26.36718695473745	0.0
48.0	26.271709301254333	23.701629541120997	23.720613402047466	26.306047755577204	0.0
49.0	26.339475153545504	23.728364042434393	23.572585147962034	26.35957565605807	0.0
50.0	26.270798436627587	23.775823562255724	23.812674483528756	26.140703517587937	0.0
51.0	26.144891122278057	23.873813512004467	23.750139586823003	26.231155778894472	0.0
52.0	26.248743718592966	23.71217197096594	23.731155778894472	26.307928531546622	0.0
53.0	26.293690675600224	23.768006700167504	23.73897264098269	26.19932998324958	0.0
54.0	26.308207705192633	23.86180904522613	23.571189279731993	26.258793969849247	0.0
55.0	26.327470686767168	23.7356225572306	23.68955890563931	26.247347850362925	0.0
56.0	26.256208106621703	23.784132372606443	23.725226897747355	26.2344326230245	0.0
57.0	26.289988023484025	23.729972836480076	23.730252009346707	26.249787130689196	0.0
58.0	26.186973235697273	23.90110580372472	23.64063751915824	26.27128344141976	0.0
59.0	26.209307065027737	23.777711396673933	23.785249064072964	26.227732474225363	0.0
60.0	26.243924500489946	23.74253561547846	23.810374622069734	26.203165261961857	0.0
61.0	26.237224351690813	23.683909313486005	23.761798543275983	26.317067791547206	0.0
62.0	26.249787130689196	23.713780810215493	23.78943665707243	26.24699540202289	0.0
63.0	26.209027892161107	23.65990044695576	23.800045226004393	26.33102643487874	0.0
64.0	26.207632027827955	23.601274144963302	23.812049659269515	26.37904416793923	0.0
65.0	26.238899388890598	23.781619816806764	23.72327268768094	26.256208106621703	0.0
66.0	26.191719174430002	23.721318477614524	23.781340643940137	26.30562170401534	0.0
67.0	26.52672661438689	23.618024516961146	23.619699554160935	26.235549314491024	0.0
68.0	26.258441489554745	23.774361322274366	23.77631553234078	26.190881655830108	0.0
69.0	26.275750207285853	23.743373134078354	23.66352969422196	26.317346964413836	0.0
70.0	26.164918579233447	23.648454359423898	23.784690718339704	26.40193634300295	0.0
71.0	26.28663794908445	23.737789676745738	23.81791228946876	26.157660084701046	0.0
72.0	26.36759808040737	23.669392324421203	23.590665576031334	26.372344019140094	0.0
73.0	26.272679305752916	23.695913746751128	23.72327268768094	26.30813425981502	0.0
74.0	26.35635758594313	23.730744105281378	23.555424034483334	26.35747427429216	0.0
75.0	26.288518768739426	23.77569081132992	23.79662871787427	26.13916170205638	0.0
76.0	26.14753686467412	23.872563525608456	23.755311248960084	26.224588360757338	0.0
77.0	26.24273454642911	23.698080971072187	23.74861111886589	26.310573363632813	0.0
78.0	26.283214499081524	23.778203360115242	23.739398439986374	26.199183700816857	0.0
79.0	26.303594061451356	23.868655116386844	23.576082768940427	26.251668053221366	0.0
80.0	26.327323688868294	23.729627416932345	23.693055873501546	26.249993020697822	0.0
81.0	26.247407196477972	23.782882890428052	23.733190397623694	26.23651951547028	0.0
82.0	26.27392847072749	23.722861059231775	23.74686979171029	26.256340678330442	0.0
83.0	26.17761436950556	23.89399307096814	23.663955913267056	26.26443664625924	0.0
84.0	26.208323213373426	23.7680868111099	23.790978858356855	26.23261111715982	0.0
85.0	26.244894654706968	23.747148963018176	23.802983224596108	26.204973157678747	0.0
86.0	26.25019890955687	23.68461459005089	23.75524493094698	26.30994156944526	0.0
87.0	26.25857404879356	23.71169420691619	23.788187145277956	26.24154459901229	0.0
88.0	26.203577301139298	23.649718176564686	23.79153720097263	26.355167321323385	0.0
89.0	26.216140009994334	23.599467341144546	23.80884582206179	26.37554682679933	0.0
90.0	26.25103642348054	23.774786922499253	23.71895266092132	26.255223993098888	0.0
91.0	26.18654785135803	23.729840341929016	23.79153720097263	26.292074605740325	0.0
92.0	26.510386568510036	23.62124270315994	23.633526240707084	26.234844487622937	0.0
93.0	26.25689902094622	23.77785780688604	23.764457584107333	26.2007855880604	0.0
94.0	26.290678749200875	23.722023545308108	23.674843594274755	26.312454111216265	0.0
95.0	26.16253911887952	23.643855579099	23.79432891405153	26.399276387969948	0.0
96.0	26.286491179582526	23.723977744463333	23.814708419527474	26.17482265642666	0.0
97.0	26.370521743257314	23.674843594274755	23.593325572370976	26.361309090096956	0.0
98.0	26.282582781272072	23.684056247435116	23.721465202692325	26.311895768600486	0.0
99.0	26.37240231823207	23.717211421424665	23.54300901162466	26.36737724871861	0.0
100.0	26.287813648088797	23.76746211655928	23.797333363111523	26.1473908722404	0.0
101.0	26.136224051099372	23.885830420654152	23.76159953546024	26.216345992786234	0.0
102.0	26.242029681410596	23.699902848656073	23.757411977532357	26.300655492400978	0.0
103.0	26.280834384875657	23.79119161148396	23.741220086877867	26.186753916762516	0.0
104.0	26.308751437728223	23.86880101841409	23.574834451876583	26.247613091981105	0.0
105.0	26.32187245256893	23.733124141550626	23.696552802313768	26.24845060356668	0.0
106.0	26.259823285548777	23.776608366717383	23.72859116986083	26.234977177873002	0.0
107.0	26.271269245264584	23.7280328303625	23.748133052302453	26.25256487207046	0.0
108.0	26.176351530548146	23.902793093340406	23.657123714074345	26.263731662037102	0.0
109.0	26.215993634929717	23.769908292737398	23.794475230664005	26.219622841668876	0.0
110.0	26.241956421602154	23.742270487569968	23.814017113105624	26.20175597772225	0.0
111.0	26.261219134294606	23.664102957803493	23.76516240700158	26.30951550090032	0.0
112.0	26.261219134294606	23.705699250429223	23.794754400413172	26.238327214863	0.0
113.0	26.21794782317388	23.64819028210103	23.793916891165672	26.33994500355941	0.0
114.0	26.2226937089097	23.590960483522004	23.81485462235312	26.371491185215167	0.0
115.0	26.248935665331302	23.778562554961542	23.70877011767005	26.263731662037102	0.0
116.0	26.187797490263954	23.724403623623346	23.79280021216901	26.29499867394369	0.0
117.0	26.519451152273138	23.611060705461956	23.634510964391897	26.234977177873002	0.0
118.0	26.260660794796276	23.770745801984898	23.772141650730727	26.196451752488098	0.0
119.0	26.280202677237895	23.722449435379183	23.673873899024304	26.32347398835862	0.0
120.0	26.164905570832342	23.63730266188356	23.782750101199035	26.415041666085067	0.0
121.0	26.291927806702866	23.718820228640027	23.815971301349787	26.173280663307324	0.0
122.0	26.36953699697101	23.662427939308497	23.604918970980304	26.363116092740192	0.0
123.0	26.290811127706203	23.68113231250262	23.72887033961	26.29918622018118	0.0
124.0	26.3640272023763	23.732565800493575	23.554734173822737	26.34867282330739	0.0
125.0	26.29535125235899	23.77444137977242	23.789795758841333	26.140411609027257	0.0
126.0	26.153811794396486	23.872151064756395	23.774162209243897	26.199874931603222	0.0
127.0	26.24007548771091	23.707161282397742	23.76020368281761	26.292559547073736	0.0
128.0	26.277205168004826	23.787004053556075	23.742615939520498	26.193174838918605	0.0
129.0	26.319080747283667	23.860146732029794	23.58348873826088	26.237283782425656	0.0
130.0	26.327176692610916	23.730611606793893	23.69766948442787	26.24454221616732	0.0
131.0	26.25243228001999	23.766132611954674	23.741286365552494	26.240148742472847	0.0
132.0	26.264715817567136	23.72900282800535	23.747986476941847	26.25829487748567	0.0
133.0	26.17007674419254	23.895947270123365	23.657814144493486	26.27616184119061	0.0
134.0	26.227306862309916	23.763620070183666	23.789583001817405	26.219490065689012	0.0
135.0	26.246569682554306	23.74296139339983	23.80968333598546	26.2007855880604	0.0
136.0	26.264157474951354	23.662839228035498	23.764178412799446	26.3088248842137	0.0
137.0	26.26778670195392	23.713927577379305	23.779532834733377	26.238752885933398	0.0
138.0	26.220048408304784	23.64413475040689	23.789303830509514	26.346513010778803	0.0
139.0	26.223956806615245	23.59779231329721	23.81750013260637	26.360750747481177	0.0
140.0	26.25717819225411	23.773949408575586	23.71336923476353	26.255503164406775	0.0
141.0	26.18487282351069	23.728165314081682	23.79321222881997	26.29374963358766	0.0
142.0	26.51429496682049	23.607842480381237	23.634363754630755	26.24349879816752	0.0
143.0	26.26108659056457	23.76948266764935	23.77702029296237	26.19241044882371	0.0
144.0	26.28621200827464	23.724256915771225	23.664793427190727	26.324737648763413	0.0
145.0	26.16979757288465	23.626267786701955	23.791816372280522	26.412118268132872	0.0
146.0	26.30184560151646	23.72006934615288	23.821408530916827	26.156676521413836	0.0
147.0	26.3735926276441	23.66228088541972	23.6061674525339	26.357959034402278	0.0
148.0	26.298216374513895	23.68014784912466	23.732632055007915	26.28900372135353	0.0
149.0	26.364174404386354	23.73046493319412	23.54481549516753	26.360545167252	0.0
150.0	26.305827438149425	23.76564061618863	23.78685769482024	26.141674250841707	0.0
151.0	26.162891329473315	23.858325749158297	23.777924188027985	26.200858733340404	0.0
152.0	26.23128849085153	23.693893389763318	23.77429495089363	26.300523168491523	0.0
153.0	26.265905829671528	23.78155342516234	23.754473732698308	26.198067012467824	0.0
154.0	26.314202600767167	23.864188362990717	23.58585379199446	26.23575524424766	0.0
155.0	26.32313610755942	23.730744105281378	23.702826896555575	26.243292890603627	0.0
156.0	26.254253896555284	23.771848766474687	23.736114639545953	26.237782697424073	0.0
157.0	26.273237651486177	23.72299351481431	23.743093961211724	26.260674872487794	0.0
158.0	26.156822566101155	23.898034902191785	23.66380886708859	26.281333664618465	0.0
159.0	26.213215485160568	23.77631553234078	23.788878311339165	26.22159067115949	0.0
160.0	26.25090382215572	23.74253561547846	23.815120560802455	26.19144000156337	0.0
161.0	26.28440456615141	23.649012705157162	23.769894556408275	26.29668817228316	0.0
162.0	26.27491268868596	23.704288932750046	23.781619816806764	26.239178561757225	0.0
163.0	26.21740307816003	23.642591729224655	23.8028369546707	26.33716823794462	0.0
164.0	26.224940745559056	23.59234061323112	23.826008302601053	26.356710338608767	0.0
165.0	26.26374577402073	23.76849869207512	23.71908509468148	26.24867043922267	0.0
166.0	26.20400278056175	23.729972836480076	23.777153050940672	26.2888713320175	0.0
167.0	26.521422329920913	23.607136775162548	23.631424814559423	26.24001608035712	0.0
168.0	26.268770885620086	23.770452902141535	23.778548915273827	26.182227296964555	0.0
169.0	26.29026719635065	23.721318477614524	23.66408803995522	26.324326286079604	0.0
170.0	26.163801887766923	23.626120530093438	23.798091015937977	26.411986566201655	0.0
171.0	26.30757591408176	23.71992261328137	23.811212140669625	26.161289331967247	0.0
172.0	26.37318153773998	23.656829545422823	23.609090985228963	26.36089793160823	0.0
173.0	26.30003824668273	23.67860502902002	23.72718110781377	26.294175616483486	0.0
174.0	26.356783919597994	23.718313791178115	23.567001675041876	26.35790061418202	0.0
175.0	26.304020100502512	23.770519262981573	23.797040759352317	26.128419877163594	0.0
176.0	26.15996649916248	23.854550530429925	23.78364042434394	26.201842546063652	0.0
177.0	26.24036850921273	23.70212171970966	23.775544388609717	26.28196538246789	0.0
178.0	26.257398101619206	23.782523729759912	23.75935231714126	26.20072585147962	0.0
179.0	26.323283082077054	23.853992183137912	23.59101060859855	26.23171412618649	0.0
180.0	26.33807928531547	23.723059743160245	23.71105527638191	26.22780569514238	0.0
181.0	26.252167091477084	23.768073054363636	23.73345542561537	26.246304428543908	0.0
182.0	26.271150952403556	23.716704960092017	23.743226530503993	26.26891755700044	0.0
183.0	26.159760356673246	23.897609987744243	23.66338264484267	26.27924701073984	0.0
184.0	26.221178730258877	23.77756498482687	23.78566104316316	26.215595241751092	0.0
185.0	26.243512684290017	23.747134972459445	23.815253532254417	26.194098810996124	0.0
186.0	26.262217370791095	23.65612410978255	23.782310950058488	26.299347569367864	0.0
187.0	26.280363708441396	23.712238169285786	23.777006635976093	26.23039148629672	0.0
188.0	26.210716449328164	23.659885482011294	23.79165654653724	26.337741522123302	0.0
189.0	26.216579144995634	23.592324893843333	23.82683272054205	26.36426324061899	0.0
190.0	26.251064364382533	23.757171373134746	23.7259034883234	26.26586077415933	0.0
191.0	26.203045826993677	23.723390890436775	23.782576529543963	26.290986753025585	0.0
192.0	26.507349348818384	23.594131688047014	23.641871047892906	26.2566479152417	0.0
193.0	26.261393933471993	23.77085107273971	23.77950557657142	26.18824941721688	0.0
194.0	26.283169781822753	23.719482404835354	23.669509624645794	26.327838188696102	0.0
195.0	26.170661232010495	23.615628358854813	23.799885537207388	26.4138248719273	0.0
196.0	26.31332095646226	23.70580270523039	23.819986320300394	26.16089001800695	0.0
197.0	26.365247979452533	23.658621700470412	23.6217702647999	26.354360055277155	0.0
198.0	26.301037144572092	23.675372353047923	23.73790812267061	26.285682379709375	0.0
199.0	26.366717477121338	23.725969725902722	23.553995879327964	26.35331691764798	0.0
200.0	26.309206742714842	23.773150862381836	23.807210617709956	26.110431777193366	0.0
201.0	26.157054557027752	23.868909026951876	23.779851142118517	26.194185273901855	0.0
202.0	26.242762301992773	23.69581846708767	23.784597173598666	26.276822057320892	0.0
203.0	26.28073055383396	23.784597173598666	23.760308659553203	26.17436361301418	0.0
204.0	26.331335341561672	23.853341634258626	23.59342589051154	26.221897133668158	0.0
205.0	26.34613183395544	23.71933566540943	23.70593506852451	26.22859743211062	0.0
206.0	26.277247956403272	23.76490820565507	23.73224415955689	26.225599678384775	0.0
207.0	26.28785679188815	23.72498548264618	23.740619555992318	26.246538169473354	0.0
208.0	26.16753026309912	23.900868807790236	23.66384508866753	26.26775584044311	0.0
209.0	26.240396212087376	23.774400321615225	23.78249653816947	26.202706928127935	0.0
210.0	26.25100504757225	23.752903470764284	23.81069370616876	26.185397775494707	0.0
211.0	26.282552374145713	23.654073792826193	23.77635458078349	26.28701925224461	0.0
212.0	26.293719569392955	23.718005985616653	23.771887702684595	26.216386742305804	0.0
213.0	26.20948041687256	23.65665245637104	23.80043049657864	26.333436630177754	0.0
214.0	26.209832770317433	23.58580641558949	23.843770066166	26.360590747927077	0.0
215.0	26.245362085379508	23.77124925667734	23.729930288199803	26.25345836974335	0.0
216.0	26.189525641490945	23.74137675919696	23.787441825405022	26.28165577390707	0.0
217.0	26.51979820709179	23.61016111605884	23.64673398680585	26.223306690043525	0.0
218.0	26.25876283191276	23.77320353221344	23.798609114182735	26.169424521691063	0.0
219.0	26.268255027373815	23.726021737127606	23.685261133088957	26.32046210240962	0.0
220.0	26.144723286998133	23.634023568694566	23.81214281925363	26.409110325053675	0.0
221.0	26.29806860122953	23.717844918561866	23.830635479890336	26.153451000318274	0.0
222.0	26.34888019073889	23.67429212755384	23.61957195423607	26.357255727471202	0.0
223.0	26.29639349388307	23.675967234900302	23.741017236854596	26.286622034362033	0.0
224.0	26.363192205145385	23.72042380334185	23.55821712243673	26.358166869076037	0.0
225.0	26.317684995184052	23.742758630316736	23.810042296578583	26.12951407792063	0.0
226.0	26.150452978209582	23.861691583958013	23.78240294819716	26.205452489635245	0.0
227.0	26.23141672599355	23.700043273727264	23.779890280162487	26.288649720116698	0.0
228.0	26.277203121292068	23.784357245557462	23.749459078409203	26.188980554741264	0.0
229.0	26.31833156513485	23.864816572672957	23.599865989167455	26.216985873024733	0.0
230.0	26.34150427159529	23.727455469317103	23.712379250656095	26.218661008431514	0.0
231.0	26.258658380307054	23.761862085716917	23.74259797475564	26.236881559220386	0.0
232.0	26.27959763135192	23.73226794424017	23.743993924825297	26.244140499582613	0.0
233.0	26.162337825500657	23.911507933184247	23.66330801079907	26.26284623051603	0.0
234.0	26.236323179192528	23.78140538669213	23.779171866580675	26.20309956753467	0.0
235.0	26.260612710404573	23.75879099556367	23.80122787768127	26.179368416350485	0.0
236.0	26.284490628934858	23.65534358710917	23.768695365699084	26.291470418256896	0.0
237.0	26.298450207578934	23.725141480329558	23.768974557271964	26.207433754819544	0.0
238.0	26.199968730456536	23.64200839810596	23.821808273027788	26.33621459840972	0.0
239.0	26.196133175123894	23.589306903050186	23.855098764570393	26.35946115725553	0.0
240.0	26.24404953024444	23.78149735457122	23.717839543227285	26.25661357195706	0.0
241.0	26.195827900184565	23.74037041277039	23.788675409964235	26.275126277080812	0.0
242.0	26.527592012933887	23.600713709305865	23.63896808133382	26.232726196426427	0.0
243.0	26.24802084293242	23.778926410262855	23.809084994149792	26.163967752654933	0.0
244.0	26.260482494966446	23.73072100576101	23.70251635729984	26.306280141972703	0.0
245.0	26.132501487102004	23.629143289609274	23.834963792906034	26.403391430382683	0.0
246.0	26.28662712110549	23.707787347654634	23.861110180189236	26.144475351050637	0.0
247.0	26.33944031726526	23.6728481260124	23.638496341395296	26.34921521532704	0.0
248.0	26.286890488279667	23.67219378136756	23.761845313403324	26.279070416949445	0.0
249.0	26.346452470590865	23.722252633695664	23.576463753868154	26.35483114184532	0.0
