# Position (bp)	A	C	G	T	N
0.0	26.228967246026375	23.819836507425933	23.849229677118807	26.101966569428885	0.0
1.0	26.306054992956728	23.721951706467607	23.76520957884579	26.20678372172987	0.0
2.0	26.26395381723203	23.821446594242683	23.708318776445015	26.206280812080273	0.0
3.0	26.218949201323134	23.858547824953767	23.77037589523622	26.15212707848688	0.0
4.0	26.24285341954517	23.86361745900594	23.70640655239532	26.18712256905357	0.0
5.0	26.395947530838527	23.745872254061204	23.68792438496239	26.170255830137883	0.0
6.0	26.196219342460587	23.82984268516516	23.75775622577479	26.21618174659946	0.0
7.0	26.259215206789378	23.763658191033073	23.56653108979957	26.410318259071037	2.7725330693881853E-4
8.0	26.21616825902041	23.746402648316245	23.77440515467919	26.263023937984155	0.0
9.0	26.275413308491853	23.674543302087407	23.76603537138849	26.284008018032257	0.0
10.0	26.302977878694623	23.596521141247543	23.78837404662691	26.312126933430925	0.0
11.0	26.24642008577932	23.856298846941858	23.64337539126071	26.253905676018107	0.0
12.0	26.199565835766148	23.71268641199025	23.845209083625132	26.242538668618465	0.0
13.0	26.20032492916433	23.81436896649237	23.70485785735277	26.280448246990524	0.0
14.0	26.200879415792887	23.732859432094795	23.76169273677965	26.304568415332664	0.0
15.0	26.175373030879364	23.78830809495029	23.73202770215196	26.304291172018385	0.0
16.0	26.31510366127521	23.76058376352254	23.629447675869297	26.294864899332953	0.0
17.0	26.275939505676543	23.607480003881395	23.817629853477314	26.298950636964747	0.0
18.0	26.252928374388336	23.63797668390191	23.75358682543423	26.355508116275523	0.0
19.0	26.295900968962698	23.689266554845506	23.763844799622948	26.250987676568847	0.0
20.0	26.24987870638628	23.672909244652686	23.73196190687423	26.345250142086808	0.0
21.0	26.234075881284742	23.67956306574807	23.698692801397303	26.387668251569885	0.0
22.0	26.192212256892944	23.755250280708076	23.756636493436282	26.295900968962698	0.0
23.0	26.275939505676543	23.797391147645516	23.68039479338499	26.24627455329295	0.0
24.0	26.323070738435522	23.78436074800039	23.644353262451656	26.248215251112434	0.0
25.0	26.22548136236987	23.828996797848596	23.8445223804045	26.100999459377032	0.0
26.0	26.306990670788338	23.725308085778842	23.77742968435936	26.19027155907346	0.0
27.0	26.252373889297054	23.825669887300904	23.720317719957304	26.20163850344474	0.0
28.0	26.189439831436534	23.880563911337834	23.77493450144859	26.15506175577704	0.0
29.0	26.241284187471408	23.841749954948085	23.729466723963462	26.18749913361704	0.0
30.0	26.38018270283758	23.75303234034295	23.68982103993679	26.176963916882684	0.0
31.0	26.19858883544269	23.83204646585065	23.751368885069102	26.21799581363756	0.0
32.0	26.271503624946284	23.759686161438335	23.570052260219853	26.398480710849885	2.7724254564105407E-4
33.0	26.210510264905253	23.751646127614745	23.776320714176798	26.26152289330321	0.0
34.0	26.283147811863213	23.665978181011656	23.759408918892692	26.291465088232442	0.0
35.0	26.3128127642468	23.578092294043444	23.79600493491731	26.313090006792443	0.0
36.0	26.247383523475516	23.853116899319367	23.640194624267043	26.259304952938077	0.0
37.0	26.18888534634525	23.708673533040383	23.85893899277783	26.24350212783654	0.0
38.0	26.20267482866458	23.80896932596979	23.710825736908646	26.277530108456983	0.0
39.0	26.201565861556546	23.737718189278507	23.758511322554174	26.302204626610777	0.0
40.0	26.179386519395837	23.786789983809083	23.72912369419123	26.304699802603853	0.0
41.0	26.316898440792247	23.758511322554174	23.628762170914012	26.295828065739567	0.0
42.0	26.271912436199912	23.610398755742352	23.82110192211191	26.29658688594582	0.0
43.0	26.24280213031991	23.63923182061398	23.762049587326757	26.355916461739355	0.0
44.0	26.290210342753056	23.68774899708065	23.763990274385428	26.258050385780862	0.0
45.0	26.247515227462387	23.67028281355265	23.729335148337803	26.352866810647164	0.0
46.0	26.2342076590601	23.67582763372027	23.702720011533227	26.387244695686405	0.0
47.0	26.195671158895138	23.76260406934352	23.752900634050185	26.288824137711153	0.0
48.0	26.274130364266963	23.791714375223524	23.686362792038747	26.247792468470767	0.0
49.0	26.32846960190964	23.77618887875419	23.649766978932455	26.24557454040372	0.0
50.0	26.22117733166619	23.82886467034658	23.84910326395839	26.10085473402884	0.0
51.0	26.2968641269542	23.726285497245613	23.778684047829618	26.19816632797057	0.0
52.0	26.25195108359648	23.821933645137054	23.726839979262373	26.199275292004092	0.0
53.0	26.19788908696219	23.87045082160373	23.77951577085476	26.152144320579325	0.0
54.0	26.249455914521054	23.838845346648295	23.727671702287516	26.18402703654314	0.0
55.0	26.38696745467803	23.749573741949614	23.69273933523151	26.170719468140852	0.0
56.0	26.213691824439906	23.833855008497437	23.74596960884066	26.206483558222	0.0
57.0	26.275239328300486	23.75955441825133	23.564653989359492	26.400552264088695	0.0
58.0	26.209810450322568	23.751237187999898	23.78395162698886	26.25500073468867	0.0
59.0	26.27690277435077	23.67028281355265	23.758722695226187	26.294091716870394	0.0
60.0	26.308508249306207	23.591823608180828	23.796427472366002	26.303240670146966	0.0
61.0	26.244188335361812	23.862410832360677	23.644222158764837	26.24917867351267	0.0
62.0	26.19012633872752	23.71519585691037	23.858806699251726	26.23587110511038	0.0
63.0	26.19393509251507	23.82075864019207	23.72150663435894	26.26379963293392	0.0
64.0	26.200588858269246	23.73287348418899	23.763092670322543	26.303444987219226	0.0
65.0	26.18145928172599	23.779727084707982	23.732041763469716	26.306771870096313	0.0
66.0	26.322020083282965	23.756993385047878	23.62863115404022	26.29235537762893	0.0
67.0	26.28008394811186	23.603336854274616	23.825405670656146	26.29117352695738	0.0
68.0	26.259290987776513	23.631060801388415	23.761917831765544	26.347730379069528	0.0
69.0	26.290341808543964	23.684568019318046	23.76413574753465	26.260954424603337	0.0
70.0	26.249310366815543	23.67902322989529	23.725044982104194	26.346621421184977	0.0
71.0	26.234062195902958	23.68928109032739	23.702865824413152	26.373790889356503	0.0
72.0	26.195803148885915	23.75443236604482	23.762472310707818	26.287292174361447	0.0
73.0	26.27897499022731	23.796572765657793	23.680686666722114	26.243765577392786	0.0
74.0	26.331650489743524	23.78326527104317	23.649358606483524	26.235725632729785	0.0
75.0	26.22352709599971	23.81986088123338	23.853961336183353	26.10265068658355	0.0
76.0	26.300599668976073	23.721995347921673	23.7791066789761	26.198298304126155	0.0
77.0	26.260954424603337	23.81736572599314	23.73225320835378	26.18942664104974	0.0
78.0	26.200793459366395	23.870041225509357	23.780492876331788	26.14867243879246	0.0
79.0	26.247092451046438	23.84508967310694	23.7294808136424	26.17833706220422	0.0
80.0	26.386821144499983	23.743897266141577	23.69482587975015	26.174455709608292	0.0
81.0	26.201070698837537	23.833445615319143	23.74583794243954	26.21964574340378	0.0
82.0	26.275925356044787	23.756373042342783	23.569236399324645	26.39846520228778	0.0
83.0	26.20855616455826	23.74861033715092	23.786869384167964	26.255964114122854	0.0
84.0	26.274261919217963	23.675141877299353	23.762749550178956	26.287846653303724	0.0
85.0	26.309748571523624	23.593633472784788	23.798513441955755	26.298104513735833	0.0
86.0	26.246537972104168	23.85728820983701	23.643813817060764	26.25236000099806	0.0
87.0	26.19608038835705	23.71478712167209	23.8586744071927	26.230458082778163	0.0
88.0	26.195453285278624	23.82339894649293	23.72497920709731	26.256168561131133	0.0
89.0	26.195453285278624	23.739950097033546	23.762406431937897	26.30219018574993	0.0
90.0	26.179650679234822	23.783476573329636	23.737177710008318	26.299695037427224	0.0
91.0	26.324923759356807	23.75492098696978	23.62933185472692	26.290823398946493	0.0
92.0	26.282433372793534	23.60209702773211	23.82832318180432	26.287146417670037	0.0
93.0	26.257204720807536	23.638415197074586	23.75568684311937	26.348693238998504	0.0
94.0	26.295463555687398	23.685268407905717	23.76261779146717	26.256650244939717	0.0
95.0	26.247501393120622	23.67501060435097	23.74043875675421	26.337049245774203	0.0
96.0	26.233639496425017	23.688872501046575	23.699962018403053	26.377525984125356	0.0
97.0	26.189281426999095	23.750973798242867	23.766221884608026	26.29352289015001	0.0
98.0	26.282987848661353	23.79394567799923	23.69247659418743	26.23058987915198	0.0
99.0	26.332058962963785	23.775647974361036	23.65421775930757	26.23807530336761	0.0
100.0	26.214787316918997	23.826382516266936	23.86131449593985	26.097515670874216	0.0
101.0	26.300731076431727	23.729072001463816	23.781192733039276	26.18900418906518	0.0
102.0	26.25748195874145	23.816124712712192	23.733230570472497	26.19316275807386	0.0
103.0	26.19316275807386	23.867690968419826	23.789509871056637	26.149636402449673	0.0
104.0	26.243342824111938	23.848007075112072	23.730180953199465	26.17846914757652	0.0
105.0	26.38806102561401	23.7470924671681	23.694694497658723	26.170152009559168	0.0
106.0	26.219500361795507	23.826105278333024	23.750973798242867	26.203420561628604	0.0
107.0	26.286314703868303	23.753468939648073	23.567165048059195	26.393051308424432	0.0
108.0	26.215341792786823	23.740715994688124	23.795054629734878	26.248887582790175	0.0
109.0	26.282433372793534	23.672515462945764	23.765112932872377	26.27993823138832	0.0
110.0	26.30766202477953	23.591561986243452	23.80503519535571	26.29574079362131	0.0
111.0	26.244451775847587	23.85188840618684	23.64867300062933	26.25498681733624	0.0
112.0	26.2009254202234	23.701625446006528	23.868522682221563	26.228926451548514	0.0
113.0	26.188931583412344	23.82465303768762	23.72512489534297	26.261290483557065	0.0
114.0	26.19724869837151	23.736491619120493	23.761720201163286	26.30453948134471	0.0
115.0	26.178951045461353	23.769760078957145	23.7470266314021	26.304262244179405	0.0
116.0	26.331154249214034	23.742313599591906	23.641122034255424	26.285410116938635	0.0
117.0	26.287978131471775	23.59377988971475	23.824996326597375	26.2932456522161	0.0
118.0	26.25443234146842	23.628711869387665	23.766776360475852	26.350079428668067	0.0
119.0	26.30544412130823	23.68332774236833	23.760122650061962	26.251105486261473	0.0
120.0	26.25581853113798	23.666138990465786	23.740161518820297	26.337880959575937	0.0
121.0	26.23419397229284	23.683050504434423	23.705506777081293	26.377248746191444	0.0
122.0	26.194548947743424	23.742933898159418	23.777865877832333	26.28465127626483	0.0
123.0	26.273838996842258	23.79533186766879	23.697466876997847	26.233362258491105	0.0
124.0	26.338435435443763	23.770380453616706	23.648118524761504	26.243065586178027	0.0
125.0	26.216450744522472	23.82166947139043	23.860482782138114	26.101397001948985	0.0
126.0	26.300731076431727	23.719368673776895	23.79172777452793	26.188172475263443	0.0
127.0	26.260808813948394	23.82139223345652	23.732676094604674	26.18512285799041	0.0
128.0	26.192608282206038	23.870186109825035	23.79671805733835	26.140487550630574	0.0
129.0	26.243620062045846	23.85161116825293	23.730180953199465	26.174587816501756	0.0
130.0	26.39194235668878	23.746815229234187	23.694417259724815	26.166825154352217	0.0
131.0	26.225045120473744	23.819728805853046	23.757627508656753	26.197598565016456	0.0
132.0	26.28076994519006	23.755132367251548	23.573264282605262	26.390833404953135	0.0
133.0	26.20757913063729	23.738498091216826	23.79976767461138	26.254155103534504	0.0
134.0	26.287978131471775	23.678060221624005	23.760122650061962	26.273838996842258	0.0
135.0	26.30544412130823	23.580749706820885	23.81473852304263	26.299067648828256	0.0
136.0	26.244174537913672	23.85022497858337	23.65560394897713	26.249996534525827	0.0
137.0	26.19538066154516	23.70633849088303	23.865195827014617	26.233085020557194	0.0
138.0	26.19988910451899	23.818131411144996	23.722761297477128	26.259218186858885	0.0
139.0	26.195730523981148	23.735237039090656	23.76656501247574	26.302467424452452	0.0
140.0	26.184363737177712	23.770446354311062	23.748821735514277	26.29636817299695	0.0
141.0	26.317438314388692	23.74826725810923	23.646520654283336	26.287773773218742	0.0
142.0	26.290619048015103	23.59197003595796	23.83150493902118	26.285905977005758	0.0
143.0	26.266776453497236	23.61803054624493	23.77772048162041	26.337472518637423	0.0
144.0	26.309471332052485	23.674587398357076	23.761640592294405	26.254300677296026	0.0
145.0	26.263449579843584	23.66183438268473	23.73225320835378	26.342462829117906	0.0
146.0	26.23822078797002	23.677914272010735	23.7097968111916	26.374068128827638	0.0
147.0	26.20966512244281	23.73641180042085	23.77051225537082	26.283410821765518	0.0
148.0	26.27204400344886	23.790750736763894	23.705915458595673	26.231289801191576	0.0
149.0	26.335254602868318	23.774393607966754	23.643813817060764	26.246537972104168	0.0
150.0	26.218814024990365	23.817642965464277	23.862278520317496	26.10126448922786	0.0
151.0	26.300599668976073	23.70730165595136	23.79685000512893	26.195248669943638	0.0
152.0	26.26954884820862	23.81071197868583	23.73225320835378	26.187485964751772	0.0
153.0	26.195803148885915	23.867823309740256	23.792968652533	26.14340488884083	0.0
154.0	26.24265661950823	23.855624773010184	23.731698729411505	26.170019878070082	0.0
155.0	26.396801765460953	23.74057039248792	23.698152753403807	26.164475088647322	0.0
156.0	26.220477461817193	23.812652654983797	23.75969991599644	26.20716996720257	0.0
157.0	26.279806708640724	23.759977155467578	23.568404680911232	26.39181145498047	0.0
158.0	26.21520991186557	23.733916645180607	23.804335470849654	26.246537972104168	0.0
159.0	26.286460455948035	23.66904260893432	23.76968053695741	26.27481639816024	0.0
160.0	26.30503550051428	23.576167386103094	23.82041536017566	26.298381753206968	0.0
161.0	26.23822078797002	23.84924826517401	23.657953030088798	26.254577916767165	0.0
162.0	26.20578376984688	23.691221766625358	23.87641773334553	26.226576730182227	0.0
163.0	26.187835807240408	23.82436276330892	23.73398244514802	26.253818984302658	0.0
164.0	26.206688143543904	23.737586568264867	23.764756111761084	26.290969176430146	0.0
165.0	26.186172365801863	23.76863747511769	23.754498222890064	26.290691936190385	0.0
166.0	26.31647527848782	23.7483989376154	23.651087613460568	26.284038170436208	0.0
167.0	26.29298275283687	23.593764295239495	23.84328120278239	26.269971749141245	0.0
168.0	26.27052623115801	23.610953237759116	23.78506059102238	26.333459940060493	0.0
169.0	26.308785490314584	23.671946259602937	23.76260406934352	26.25666418073896	0.0
170.0	26.262486241914964	23.65697524515036	23.740147547664662	26.340390965270018	0.0
171.0	26.236702828135527	23.678322802795698	23.710482759767896	26.374491609300883	0.0
172.0	26.212582860406382	23.726285497245613	23.777852324804478	26.283279317543535	0.0
173.0	26.280229666451344	23.78700127808105	23.7074331086757	26.225335946791905	0.0
174.0	26.34538130342088	23.757059249175903	23.63701389254693	26.26054555485629	0.0
175.0	26.231435248976286	23.803358497575527	23.861301868327157	26.10390438512103	0.0
176.0	26.308508249306207	23.70771034968408	23.79864540043305	26.18513600057666	0.0
177.0	26.260822795864673	23.819438476061624	23.736266173547328	26.183472554526375	0.0
178.0	26.194284953853238	23.873223231687536	23.79476402631572	26.13772778814351	0.0
179.0	26.238643515194195	23.84854878194163	23.73931582463952	26.17349187822466	0.0
180.0	26.399443300055168	23.732939281446754	23.70687862665894	26.160738791839133	0.0
181.0	26.221454572674574	23.822210886145434	23.751237187999898	26.205097353180097	0.0
182.0	26.286606209644102	23.754009598083712	23.562990543309205	26.396393648962977	0.0
183.0	26.21507802948181	23.729612389346183	23.807794353709625	26.247515227462387	0.0
184.0	26.291873788803343	23.663906270359885	23.768980612536282	26.275239328300486	0.0
185.0	26.30462687518887	23.58101120885397	23.814170896902386	26.300191019054775	0.0
186.0	26.24973315552943	23.83773638261477	23.654202835066553	26.258327626789246	0.0
187.0	26.216464234523713	23.69079864817284	23.87405495471268	26.218682162590763	0.0
188.0	26.191585157584225	23.82699004147537	23.73189611196132	26.249528688979083	0.0
189.0	26.21515070862998	23.74187681593364	23.752966487013996	26.290005988422383	0.0
190.0	26.189089981591145	23.757679597223145	23.754629937676047	26.29860048350966	0.0
191.0	26.324383968771485	23.747421651473818	23.642901501541463	26.285292878213234	0.0
192.0	26.291187845686796	23.585855085321395	23.84258168258501	26.280375386406796	0.0
193.0	26.26845395694423	23.612747612248576	23.775766229085516	26.343032201721677	0.0
194.0	26.306713428242702	23.667641636285506	23.771053105809617	26.25459182966218	0.0
195.0	26.26706774421603	23.654888479186013	23.735843302513203	26.342200474084756	0.0
196.0	26.23352139619346	23.676236155200378	23.716990809409612	26.37325163919655	0.0
197.0	26.219382026365768	23.72697154105269	23.781033837452696	26.272612595128848	0.0
198.0	26.271780867491923	23.787410416002437	23.715050111590124	26.225758604915512	0.0
199.0	26.339428048628342	23.752755097797305	23.651561568638325	26.256255284936024	0.0
200.0	26.24156143001705	23.801549785830133	23.85145344404552	26.10543534010729	0.0
201.0	26.31198103660988	23.706732835220894	23.79822287528244	26.18306325288679	0.0
202.0	26.267622229307307	23.811253274927573	23.74000194069782	26.181122555067297	0.0
203.0	26.205797141629354	23.875296302970654	23.788796628730648	26.13010992666935	0.0
204.0	26.250710434023205	23.85616656732142	23.728080511235255	26.16504248742012	0.0
205.0	26.390163434480655	23.727526026143973	23.708673533040383	26.173637006334992	0.0
206.0	26.221599966730896	23.81901606620552	23.757468221073204	26.201915745990377	0.0
207.0	26.292574058415003	23.752477855251666	23.55813083075729	26.39681725557604	0.0
208.0	26.21439166054423	23.735843302513203	23.810698789836287	26.23906624710628	0.0
209.0	26.284811267137055	23.66875060646807	23.770221378172696	26.276216748222183	0.0
210.0	26.308099640970905	23.57504262604139	23.818184338568596	26.298673394419108	0.0
211.0	26.254037344570897	23.8350961338527	23.650175355910118	26.260691165666284	0.0
212.0	26.224926877278588	23.68843482720858	23.870860422240398	26.215777873272433	0.0
213.0	26.20171114573572	23.818527616206538	23.72676007918069	26.253001158877055	0.0
214.0	26.219454717849477	23.73868154169462	23.74783057106578	26.29403316939012	0.0
215.0	26.19644352276445	23.75975203357971	23.749494030951443	26.294310412704398	0.0
216.0	26.336451396474576	23.736186351866127	23.64192362501178	26.28543862664752	0.0
217.0	26.291056383129142	23.58654035426249	23.84410010729346	26.27830315531491	0.0
218.0	26.27636244673448	23.613155786222634	23.774511842481	26.335969924561887	0.0
219.0	26.312958665679677	23.673594996298792	23.761481370583848	26.25196496743768	0.0
220.0	26.268045124246935	23.65557413090911	23.742351528862496	26.33402921598146	0.0
221.0	26.236162054711347	23.6722087758842	23.721835466726553	26.369793702677903	0.0
222.0	26.22340882689711	23.715181608736515	23.78504711763189	26.27608520265156	2.772440829181603E-4
223.0	26.263331974837328	23.795027904616944	23.71462712057068	26.227012999975045	0.0
224.0	26.344010002966513	23.746510190106267	23.65280169007993	26.256678116847294	0.0
225.0	26.243093156784305	23.800018298109475	23.85435813836143	26.102530406744794	0.0
226.0	26.309631736684658	23.708804994829396	23.79724585728029	26.184317411205647	0.0
227.0	26.277194178983237	23.807226644265345	23.740965308447905	26.174613868303513	0.0
228.0	26.20871489050245	23.861011996351465	23.7958596368657	26.134413476280383	0.0
229.0	26.2491925266085	23.855744358776025	23.72793483655075	26.167128278064727	0.0
230.0	26.398349843218472	23.725439639804488	23.713240900156087	26.162969616820952	0.0
231.0	26.226458511809213	23.816098454918727	23.751500583598794	26.20594244967327	0.0
232.0	26.288561186382882	23.75843168567175	23.556875237390244	26.396131890555125	0.0
233.0	26.22091363015085	23.72959830104826	23.808335620597017	26.241152448203874	0.0
234.0	26.2888384304658	23.65557413090911	23.776729795144348	26.278857643480748	0.0
235.0	26.310740713016333	23.578223031774943	23.813603258172463	26.297432997036264	0.0
236.0	26.25002425885726	23.84077317829844	23.65252444599701	26.256678116847294	0.0
237.0	26.21758670115583	23.681912318786335	23.876537664994885	26.22396331506295	0.0
238.0	26.190212147760416	23.822263870559922	23.74241735330975	26.245106628369914	0.0
239.0	26.206569594002637	23.73520898716911	23.77125081787231	26.28697060095594	0.0
240.0	26.19493856185956	23.76707847225303	23.750166348755712	26.287816617131703	0.0
241.0	26.33468631821761	23.735735436004923	23.639529338700914	26.290048907076553	0.0
242.0	26.294717988671305	23.57926898582388	23.841830779339965	26.28418224616485	0.0
243.0	26.267706580235174	23.619586825666605	23.773743938381518	26.338962655716706	0.0
244.0	26.308843182813824	23.66786631250312	23.753542097587214	26.26974840709584	0.0
245.0	26.26373534965355	23.63214910565995	23.759139570284233	26.344975974402274	0.0
246.0	26.240749315816764	23.66955128116257	23.696447238173405	26.393252164847265	0.0
247.0	26.230662795759745	23.711523157506537	23.77197141740078	26.285565343737087	2.772855958451526E-4
248.0	26.28943165180354	23.78072452193975	23.703635919960956	26.226207906295755	0.0
249.0	26.343781889169883	23.749389946315276	23.649840276853453	26.25698788766139	0.0
