# Position (bp)	A	C	G	T	N
0.0	26.283588211844773	23.802783539104162	23.784584808971108	26.129043440079958	0.0
1.0	26.18883926765999	23.846691586409303	23.815204894591798	26.149264251338906	0.0
2.0	26.148797763065158	23.818272152703155	23.853513120038823	26.179416964192864	0.0
3.0	26.194974003466204	23.994511842865396	23.723281340265743	26.087232813402654	0.0
4.0	26.180717427912043	23.931786868625597	23.693491503687078	26.19400419977528	0.0
5.0	26.24177182650288	23.7554842455209	23.729489138377733	26.273254789598493	0.0
6.0	26.085286319182487	23.869944717551167	23.870811213614388	26.173957749651954	0.0
7.0	26.10994939809145	23.841817047528824	23.70433697636267	26.343896578017052	0.0
8.0	26.13339340744399	23.862707551720057	23.70616828260248	26.297730758233474	0.0
9.0	26.165212016889726	23.842585907129614	23.911034351299364	26.081167724681297	0.0
10.0	26.130466049195526	23.842530418684714	23.870833586040185	26.156169946079576	0.0
11.0	26.057397668165578	23.86303577462592	23.887006824529028	26.19255973267947	0.0
12.0	26.224617401827	23.805563016424504	23.73162821190408	26.238191369844422	0.0
13.0	26.238191369844422	23.837620685572027	23.861302927644974	26.06288501693858	0.0
14.0	26.330609875494943	23.77783746472934	23.695816040964502	26.19573661881121	0.0
15.0	26.076747792786158	23.846284920476766	23.761375418410342	26.31559186832673	0.0
16.0	26.207288932017526	23.75242237567545	23.90289125518771	26.137397437119315	0.0
17.0	26.170321529757313	23.80614063208482	23.76599634369287	26.257541494465	0.0
18.0	26.053931974203685	23.892494173302026	23.841952803024398	26.21162104946989	0.0
19.0	26.30519478644105	23.722963976999345	23.76599634369287	26.205844892866736	0.0
20.0	26.18952037960682	23.700300069602285	23.914016629458807	26.19616292133209	0.0
21.0	26.182011419395646	23.831706873297847	23.69250230322914	26.293779404077366	0.0
22.0	26.168148723621165	23.781165794953402	23.894666616606933	26.1560188648185	0.0
23.0	26.086127773622174	23.845569569072325	23.881381533156393	26.186921124149105	0.0
24.0	26.171903203726753	23.800515807805276	23.787230724354735	26.240350264113232	0.0
25.0	26.287425668514064	23.797050133861656	23.794162072241974	26.12136212538231	0.0
26.0	26.223310700557107	23.82275388227683	23.807158349530546	26.14677706763551	0.0
27.0	26.1615061818959	23.803692675586927	23.852500916959567	26.182300225557615	0.0
28.0	26.2042494938672	23.974377117310176	23.725137399531558	26.096235989291067	0.0
29.0	26.201361432247516	23.926146488261473	23.696545589496697	26.175946489994313	0.0
30.0	26.246703999676534	23.747375474003114	23.716762020834476	26.289158505485872	0.0
31.0	26.09536957080516	23.872717348297343	23.873872572945213	26.15804050795228	0.0
32.0	26.111542715875384	23.83315090410769	23.720516500940064	26.334789879076858	0.0
33.0	26.1433113936919	23.861453907980582	23.700011263440317	26.295223434887205	0.0
34.0	26.171903203726753	23.84961285533988	23.912283792486996	26.066200148446367	0.0
35.0	26.136957658128594	23.836905384213278	23.877338246888836	26.148798710769295	0.0
36.0	26.072553884009668	23.863764357276327	23.87213973597341	26.1915420227406	0.0
37.0	26.2215778635853	23.814378503579753	23.73264635974273	26.231397273092217	0.0
38.0	26.23775100865552	23.841237476642803	23.843547925938548	26.077463588763127	0.0
39.0	26.3116853861194	23.790407592136386	23.698567232630474	26.19933978911374	0.0
40.0	26.08266209967856	23.83806060886115	23.764126231397274	26.31515106006302	0.0
41.0	26.201072626085548	23.76614787453105	23.903908413789917	26.12887108559348	0.0
42.0	26.152264384712915	23.81611134055156	23.77972176414356	26.251902510591968	0.0
43.0	26.056958351263383	23.89351139195906	23.845569569072325	26.203960687705237	0.0
44.0	26.2998443334787	23.72831426731321	23.75950533280578	26.212336066402315	0.0
45.0	26.18503703917633	23.704206437452164	23.90261512469134	26.208141398680162	0.0
46.0	26.1890803020895	23.82579312934109	23.707094482390147	26.27803208617926	0.0
47.0	26.159044634734517	23.776985169889244	23.903192733678935	26.160777461697304	0.0
48.0	26.09406362362998	23.84745346637594	23.872868261830156	26.185614648163924	0.0
49.0	26.16828637853605	23.802111160849662	23.80008952939308	26.229512931221212	0.0
50.0	26.30171405467069	23.79835670243029	23.78593810919698	26.11399113370204	0.0
51.0	26.207852594186363	23.80239996534346	23.815684972058165	26.174062468412007	0.0
52.0	26.148647672957793	23.809042468700813	23.862760104547228	26.179549753794166	0.0
53.0	26.217671946975496	23.977415488585002	23.724133947524223	26.08077861691528	0.0
54.0	26.213339879568526	23.926874702170366	23.6857229498491	26.174062468412007	0.0
55.0	26.250595659268463	23.757635268804783	23.707383286883942	26.28438578504281	0.0
56.0	26.11399113370204	23.85929445062165	23.873734675311546	26.152979740364763	0.0
57.0	26.12900896737953	23.828392369785274	23.704784046439762	26.337814616395434	0.0
58.0	26.144026801057024	23.857561623658864	23.716913835179277	26.281497740104836	0.0
59.0	26.170308009992638	23.848031075363533	23.913300890961864	26.06836002368197	0.0
60.0	26.155290176315145	23.83474606864883	23.870846630373567	26.13911712466246	0.0
61.0	26.059984693361827	23.852940751758098	23.896839034815383	26.190235520064693	0.0
62.0	26.2306681491964	23.817417799020955	23.735974931769938	26.21593912001271	0.0
63.0	26.236733043566158	23.84716466188214	23.84427661694416	26.071825677607546	0.0
64.0	26.312977429928807	23.790558981097746	23.706805677896348	26.189657911077095	0.0
65.0	26.08944275172922	23.840522158524788	23.774097124951265	26.29593796479473	0.0
66.0	26.19918845937243	23.76341135868074	23.897705448296776	26.139694733650053	0.0
67.0	26.16568713809187	23.807309641738026	23.768609839569105	26.258393380601003	0.0
68.0	26.064605565262593	23.878355547212315	23.84716466188214	26.20987422564295	0.0
69.0	26.312977429928807	23.718357857648265	23.753014396904014	26.215650315518907	0.0
70.0	26.184308187271306	23.70493592909313	23.912007555081917	26.198748328553645	0.0
71.0	26.199903539856233	23.807172129372116	23.707246351698306	26.285677979073345	0.0
72.0	26.15456149622968	23.783201494843425	23.90738670987157	26.154850299055326	0.0
73.0	26.085248818074437	23.847315722137026	23.875618399050417	26.19181706073812	0.0
74.0	26.178820933584014	23.790421565484596	23.799663255905294	26.231094245026092	0.0
75.0	26.308493402299447	23.801396072859177	23.7762702270279	26.113840297813475	0.0
76.0	26.223296568733627	23.81063776327988	23.815547411315872	26.150518256670622	0.0
77.0	26.169579243163316	23.809771354802937	23.866665511455366	26.153983890578385	0.0
78.0	26.221563751779748	23.982475444539748	23.72515212688841	26.070808676792094	0.0
79.0	26.20510199071788	23.92846931614379	23.700026281057134	26.1664024120812	0.0
80.0	26.245534386308435	23.754898817930034	23.724574521237116	26.27499227452441	0.0
81.0	26.130302058875344	23.860889454942427	23.87157515949136	26.13723332669087	0.0
82.0	26.11239628368524	23.836341214762445	23.71302240821124	26.338240093341074	0.0
83.0	26.136944523865225	23.873019173619596	23.71331121103689	26.27672509147829	0.0
84.0	26.170734454465904	23.846160510834437	23.920671639851324	26.062433394848334	0.0
85.0	26.16438079230167	23.831720369552094	23.874751990573476	26.129146847572756	0.0
86.0	26.05954536659187	23.851070158870435	23.919227625723092	26.170156848814607	0.0
87.0	26.24322396370326	23.810348960454228	23.729772972098758	26.216654103743753	0.0
88.0	26.235715090236443	23.85338058147561	23.844427693880558	26.066476634407394	0.0
89.0	26.325821571838258	23.774248607248374	23.70580233757007	26.194127483343298	0.0
90.0	26.090447268936078	23.8403844543215	23.780313466586957	26.288854810155467	0.0
91.0	26.196149103122824	23.748545155765804	23.917783611594857	26.137522129516515	0.0
92.0	26.17853213075837	23.793309593741068	23.78464550897166	26.24351276652891	0.0
93.0	26.052036493125048	23.87446318774783	23.845005299531852	26.22849501959527	0.0
94.0	26.29751889492487	23.722841704283233	23.768472550735435	26.21116685005646	0.0
95.0	26.19426498661407	23.697290178739035	23.923132683915796	26.1853121507311	0.0
96.0	26.174626507903042	23.814832249847655	23.728769504908175	26.281771737341124	0.0
97.0	26.154699228034506	23.777576900528217	23.913891046875317	26.153832824561963	0.0
98.0	26.080477330553144	23.843423564441647	23.8904981531166	26.185600951888617	0.0
99.0	26.16682887665014	23.79663777692421	23.800969794286935	26.235563552138718	0.0
100.0	26.322492700550743	23.799814589656876	23.756494416029618	26.12119829376276	0.0
101.0	26.22170109657799	23.806457016279722	23.828405904250864	26.143435982891422	0.0
102.0	26.174048905588016	23.802702601232024	23.860751633892548	26.16249685928741	0.0
103.0	26.2274771197283	23.97656089805608	23.724148686387935	26.07181329582769	0.0
104.0	26.2274771197283	23.90955902951259	23.705376611149457	26.157587239609658	0.0
105.0	26.246826797281802	23.763136842652465	23.71866146439515	26.27137489567058	0.0
106.0	26.113400662509857	23.87172607787812	23.863350844310183	26.15152241530184	0.0
107.0	26.111667855564765	23.819741869525412	23.732812721113387	26.335777553796436	0.0
108.0	26.147190397939113	23.863928446625213	23.71086383314224	26.27801732229343	0.0
109.0	26.172027297485407	23.831871518141046	23.933240724428824	26.062860459944726	0.0
110.0	26.158453643082204	23.825517892675713	23.89309736353423	26.122931100707852	0.0
111.0	26.078744523608048	23.834181927401165	23.918223064238042	26.168850484752742	0.0
112.0	26.2352747509812	23.815987454477717	23.735989533846052	26.21274826069503	0.0
113.0	26.226033113940723	23.852376400324612	23.85670841768734	26.06488206804733	0.0
114.0	26.342708781576796	23.75707201834465	23.71404064587491	26.186178554203643	0.0
115.0	26.096361394216466	23.830138711195957	23.793460964191546	26.28003893039603	0.0
116.0	26.19051057156637	23.75129599519435	23.93064151401119	26.127551919228093	0.0
117.0	26.165962473177593	23.79721537923924	23.789995350301364	26.246826797281802	0.0
118.0	26.0432219812337	23.879523709131025	23.858152423474912	26.219101886160363	0.0
119.0	26.306608636887418	23.730502311853265	23.77035687159034	26.192532179668977	0.0
120.0	26.204524385066584	23.693672618892904	23.905942695743335	26.19586030029718	0.0
121.0	26.184596990096953	23.80861614350035	23.727173746667937	26.279613119734762	0.0
122.0	26.154850299055326	23.774826212899665	23.922404456805204	26.1479190312398	0.0
123.0	26.095356916972072	23.82738832716739	23.897856216625225	26.17939853923531	0.0
124.0	26.159471144265677	23.803706495464354	23.806305720895175	26.2305166393748	0.0
125.0	26.31224783903286	23.806883326546465	23.76789494508414	26.112973889336534	0.0
126.0	26.233404667631266	23.79937445307965	23.820168256526223	26.14705262276286	0.0
127.0	26.17824332793272	23.797064030474473	23.870997553840066	26.153695087752737	0.0
128.0	26.231383047851743	23.970345725862582	23.73526022578605	26.063011000499632	0.0
129.0	26.22791741394398	23.908541921174155	23.70204790083666	26.161492764045203	0.0
130.0	26.253043259775254	23.747678747288862	23.729195366447463	26.270082626488417	0.0
131.0	26.11449332285939	23.870777690494894	23.886373088119772	26.128355898525946	0.0
132.0	26.11507093017883	23.8202370500439	23.735906381405666	26.32878563837161	0.0
133.0	26.132763425798906	23.88182120113789	23.705650459921156	26.27976491314205	0.0
134.0	26.15875583024072	23.845143030425554	23.932939596540123	26.063161542793605	0.0
135.0	26.173196054930614	23.821461061934123	23.893950989877403	26.111391893257856	0.0
136.0	26.060562302349428	23.829258783266667	23.942758949329253	26.167419965054656	0.0
137.0	26.233556194134383	23.810197686676005	23.741173412658302	26.215072706531313	0.0
138.0	26.2445307648987	23.82868117427907	23.848897488844926	26.077890571977303	0.0
139.0	26.345612337727975	23.74232863063349	23.734819713794746	26.177239317843785	0.0
140.0	26.09059796970441	23.810197686676005	23.793158221541926	26.30604612207766	0.0
141.0	26.178683340312777	23.755036028360603	23.93178437856493	26.13449625276169	0.0
142.0	26.173773663918208	23.79546865749231	23.796335070973704	26.234422607615777	0.0
143.0	26.05890473467454	23.872937207945615	23.856475304256413	26.211682753123426	0.0
144.0	26.307277316651938	23.724202464087057	23.78687322023717	26.18164699902384	0.0
145.0	26.188729595785727	23.69863567575061	23.91668495777642	26.195949770687243	0.0
146.0	26.18959601677391	23.80145096634821	23.736469392234557	26.27248362464332	0.0
147.0	26.17631089495512	23.758129916939108	23.912064045839447	26.153495142266326	0.0
148.0	26.092268059101464	23.834663770895187	23.89733488904035	26.175733280962998	0.0
149.0	26.158191600890685	23.783324813502343	23.826645988026026	26.23183759758095	0.0
150.0	26.29739697502679	23.800942091141973	23.768306806334135	26.133354127497103	0.0
151.0	26.256386263144364	23.789967393595976	23.82375790972445	26.129888433535207	0.0
152.0	26.18360668994458	23.781303158691237	23.873721664341762	26.16136848702242	0.0
153.0	26.22721667229842	23.9756708283875	23.738559599827873	26.05855289948621	0.0
154.0	26.233281636731736	23.90866741179087	23.71949828303745	26.138552668439946	0.0
155.0	26.256675070974524	23.73740436850724	23.735671521526292	26.270249038991945	0.0
156.0	26.107436823104692	23.87263537906137	23.87610108303249	26.143826714801442	0.0
157.0	26.11032490974729	23.816606498194943	23.73111913357401	26.341949458483754	0.0
158.0	26.14361341115787	23.870105040014554	23.710971006414457	26.275310542413116	0.0
159.0	26.18000340795208	23.8175417113118	23.93797527213075	26.064479608605367	0.0
160.0	26.167295790023942	23.816964092315068	23.902162894333266	26.113577223327724	0.0
161.0	26.06274675161517	23.814364806829765	23.935087177147082	26.187801264407984	0.0
162.0	26.233144355651568	23.795880998934294	23.74129600374297	26.229678641671168	0.0
163.0	26.24989530655684	23.814653616328133	23.859707898073353	26.075743179041673	0.0
164.0	26.34895696449665	23.72685552882463	23.738985527756036	26.185201978922684	0.0
165.0	26.10318008138652	23.796458617931027	23.801079569904896	26.29928173077756	0.0
166.0	26.17827055096188	23.75833576414661	23.94606193808502	26.11733174680649	0.0
167.0	26.18289150293575	23.78894957097349	23.79530337993756	26.2328555461532	0.0
168.0	26.0657101268455	23.86872992768189	23.849957256070795	26.21560268940182	0.0
169.0	26.314953443774403	23.724035951110185	23.778332293616135	26.182678311499274	0.0
170.0	26.190049848951325	23.709154762798704	23.911323163300082	26.18947222494989	0.0
171.0	26.199291832974243	23.796087175014296	23.746122698890385	26.258498293121075	0.0
172.0	26.172143504906913	23.755364682913303	23.91536653131011	26.15712528086967	0.0
173.0	26.09069852070493	23.826123623088787	23.904102863282176	26.179074992924107	0.0
174.0	26.1537350719866	23.789513205966873	23.84265476757787	26.21409695446866	0.0
175.0	26.287455414518625	23.816661612442058	23.75774379413421	26.138139178905114	0.0
176.0	26.248176868980057	23.78171525942613	23.83023581567965	26.139872055914164	0.0
177.0	26.178572975783045	23.780271195251917	23.873846553740847	26.16730927522419	0.0
178.0	26.234313852907626	23.961934468367772	23.72857369781513	26.07517798090947	0.0
179.0	26.25626362835564	23.880489248942226	23.723663879622812	26.139583243079322	0.0
180.0	26.258862943869225	23.717021184421437	23.745036029401145	26.27907984230819	0.0
181.0	26.09778075576761	23.873915504673004	23.883157542080152	26.145146197479235	0.0
182.0	26.119152967271635	23.812109379512712	23.73961714860041	26.329120504615243	0.0
183.0	26.138578974881803	23.85578914230757	23.724956172399153	26.280675710411472	0.0
184.0	26.18652218239791	23.81795444240028	23.927415139078622	26.068108236123184	0.0
185.0	26.16601635267717	23.82459717597179	23.902577091811242	26.106809379539804	0.0
186.0	26.076195042210237	23.812755781344315	23.92828158258795	26.18276759385749	0.0
187.0	26.23735353494511	23.789072992089373	23.754992880722497	26.21858059224302	0.0
188.0	26.26796787227467	23.797159798176427	23.847413521717407	26.087458807831492	0.0
189.0	26.343637272089254	23.72264565637428	23.739108083051498	26.194608988484962	0.0
190.0	26.11287448410509	23.794271653145334	23.796293354667096	26.29656050808247	0.0
191.0	26.190854399944545	23.7422850425857	23.936946017681223	26.12991453978853	0.0
192.0	26.197497133516055	23.796870983673315	23.775498710443244	26.23013317236738	0.0
193.0	26.072804570213897	23.872898146383164	23.85759093350893	26.196706349894004	0.0
194.0	26.325517990307358	23.712894449546848	23.78278776116127	26.178799798984524	0.0
195.0	26.192236598890943	23.706677449168208	23.908560536044362	26.19252541589649	0.0
196.0	26.198879390018487	23.799098890942698	23.74075785582255	26.261263863216268	0.0
197.0	26.195702402957487	23.75548752310536	23.90798290203327	26.14082717190388	0.0
198.0	26.105302680221808	23.83144639556377	23.896141404805917	26.167109519408505	0.0
199.0	26.152455384864215	23.786748459878872	23.842201485101334	26.218594670155586	0.0
200.0	26.3017892471876	23.813017170418934	23.760451716319842	26.12474186607362	0.0
201.0	26.25832892878495	23.780517743831467	23.830772918814784	26.130380408568797	0.0
202.0	26.20086705619691	23.769239434016214	23.857620245560017	26.172273264226853	0.0
203.0	26.2382771996407	23.95913663579097	23.739338641989217	26.06324752257912	0.0
204.0	26.263405222585185	23.86382344531189	23.735872707789976	26.13689862431295	0.0
205.0	26.266582328934483	23.718831864643715	23.75002527243687	26.264560533984927	0.0
206.0	26.105202959916358	23.87833380508685	23.89104226718964	26.125420967807155	0.0
207.0	26.123110338333923	23.812480865099676	23.74402846695511	26.320380329611293	0.0
208.0	26.138067083931453	23.86525447471716	23.725749011475266	26.270929429876123	0.0
209.0	26.190496821394426	23.809358762177915	23.934712221384608	26.065432195043048	0.0
210.0	26.178654674326513	23.810802926454492	23.896586284483032	26.113956114735963	0.0
211.0	26.09749264198301	23.80502626934819	23.9191152471976	26.1783658414712	0.0
212.0	26.246393178883885	23.7866783740927	23.757217252663775	26.20971119435964	0.0
213.0	26.270092283696545	23.785509004520314	23.854830091128346	26.089568620654795	0.0
214.0	26.33768034313938	23.736406568172956	23.74507170399896	26.1808413846887	0.0
215.0	26.117159089924414	23.79228971760159	23.799221866307736	26.291329326166263	0.0
216.0	26.186769416515265	23.73509949077591	23.958083607490185	26.120047485218638	0.0
217.0	26.214360606682053	23.808024586162773	23.770475230423067	26.207139576732107	0.0
218.0	26.062655975598485	23.866866161382752	23.875242628708754	26.19523523431001	0.0
219.0	26.32925871152602	23.72475506054164	23.772991958591366	26.172994269340975	0.0
220.0	26.18933455034922	23.712456889330507	23.902519338420923	26.195689221899354	0.0
221.0	26.205221229224556	23.810376600943957	23.747696431563075	26.236705738268412	0.0
222.0	26.192511886124286	23.761272320783817	23.906852069023287	26.13936372406861	0.0
223.0	26.07408391632631	23.83059601042166	23.908874009971058	26.186446063280975	0.0
224.0	26.1540461300712	23.79439333323705	23.844076315371396	26.207484221320353	0.0
225.0	26.308005603778216	23.809124915148978	23.75973078756192	26.12313869351088	0.0
226.0	26.23810280333338	23.782550296798046	23.8437874608241	26.13555943904447	0.0
227.0	26.174279516220817	23.77271506191669	23.87237103217588	26.18063438968662	0.0
228.0	26.248089916201845	23.953100762878083	23.746566182056622	26.052243138863453	0.0
229.0	26.25473368593456	23.87366438563906	23.729523468394433	26.142078460031946	0.0
230.0	26.275820433347103	23.712191895178645	23.75234337312855	26.2596442983457	0.0
231.0	26.121795797634796	23.8695383406608	23.882537133217404	26.126128728486997	0.0
232.0	26.12541307512768	23.817391907193862	23.724666651260602	26.332528366417858	0.0
233.0	26.15683703033962	23.84879586112467	23.715628529584233	26.278738578951472	0.0
234.0	26.177057666365283	23.804021595639274	23.956254098289623	26.062666639705817	0.0
235.0	26.188901181751746	23.80922118776016	23.88259320991042	26.119284420577678	0.0
236.0	26.087509135394487	23.81817604085724	23.92447881310644	26.169836010641834	0.0
237.0	26.23715613688951	23.790719776299408	23.7494114282578	26.22271265855328	0.0
238.0	26.278327435545606	23.80241207481765	23.840543077923016	26.078717411713733	0.0
239.0	26.339568137502706	23.736260561854554	23.74030475915361	26.18386654148913	0.0
240.0	26.140197823022348	23.779494349564374	23.793071572184605	26.287236255228674	0.0
241.0	26.189134925105805	23.749476390634253	23.956031257673587	26.105357426586355	0.0
242.0	26.21899429720407	23.799206115338613	23.764827558313545	26.21697202914377	0.0
243.0	26.074646743919317	23.874072982662934	23.864539185351465	26.186741088066285	0.0
244.0	26.332531122969314	23.72539559179145	23.77913309276653	26.162940192472707	0.0
245.0	26.199460293429333	23.70375078731285	23.90166245803406	26.19512646122376	0.0
246.0	26.17986812983606	23.807707643499818	23.773902189553247	26.23852203711088	0.0
247.0	26.185852981969486	23.76964863615349	23.919613962089688	26.124884419787332	0.0
248.0	26.084519251607315	23.838185364444122	23.922849093404608	26.15444629054396	0.0
249.0	26.171570242202534	23.784797471061104	23.855880534221004	26.18775175251536	0.0
