# Position (bp)	A	C	G	T	N
0.0	26.15977516163273	23.85801650101322	23.89661536234681	26.085592975007238	0.0
1.0	26.023774486152657	24.0902127762231	23.84203415999228	26.04397857763196	0.0
2.0	25.91976118322855	23.94349209220981	24.02973148190028	26.107015242661358	0.0
3.0	25.97520858020727	24.03428947043091	23.9558928619888	26.034609087373017	0.0
4.0	25.987879518798806	24.0356378327856	23.876744957337113	26.099737691078484	0.0
5.0	26.15198620390246	23.918260533995802	23.858867369335037	26.0708858927667	0.0
6.0	26.05130431374677	23.96783908690501	23.825544833241384	26.155311766106838	0.0
7.0	26.03408306428031	23.939539188288883	23.887386613368545	26.138991134062262	0.0
8.0	26.155293096275933	23.9432798567527	23.74040647024423	26.161020576727132	0.0
9.0	26.05290762868201	23.97693429952856	23.843097773008427	26.127060298781004	0.0
10.0	26.100179645772297	23.786486779759105	23.95950133227234	26.153832242196263	0.0
11.0	26.02595210465239	23.905776679275995	24.030262384519162	26.038008831552457	0.0
12.0	26.072069085045136	24.00554609437403	23.88497882537338	26.03740599520745	0.0
13.0	26.157973264208103	23.890102934305908	23.919641915211066	26.032281886274923	0.0
14.0	26.202281735565837	23.893418534203427	23.842780281223156	26.06151944900758	0.0
15.0	25.98224646963965	23.98324114960891	23.943755369011196	26.09075701174024	0.0
16.0	26.171838500143174	23.84941148101819	23.871415007610807	26.10733501122783	0.0
17.0	26.209515771705878	23.813241300317998	23.919039078866064	26.05820384911006	0.0
18.0	26.05729959459256	23.97419860443386	23.939535514596173	26.028966286377404	0.0
19.0	26.077193193977667	23.762603047337723	23.959127695808778	26.201076062875835	0.0
20.0	26.156085915976924	23.87827565211625	23.81588227847338	26.149756153433444	0.0
21.0	26.077717427343366	23.952424299054154	23.87194588957277	26.09791238402971	0.0
22.0	26.07711459281542	23.89274368078706	23.95634272348583	26.07379900291169	0.0
23.0	26.053604046225352	23.899977695122466	23.929818004256013	26.11660025439617	0.0
24.0	26.049082787265725	23.92107690360073	23.928913752464087	26.100926556669457	0.0
25.0	26.17597945539929	23.838789990535496	23.910527299361597	26.074703254703618	0.0
26.0	26.03853318302659	24.05189199616597	23.851148098358482	26.058426722448957	0.0
27.0	25.93544847874707	23.94066902575912	23.999445392234286	26.124437103259528	0.0
28.0	25.977345478439624	24.004569485721863	23.96206965150136	26.056015384337154	0.0
29.0	26.002363111349563	24.013913420905094	23.887619587299483	26.09610388044586	0.0
30.0	26.166032685688105	23.902991867762218	23.836378652423697	26.09459679412598	0.0
31.0	26.056316801601128	23.97141358668459	23.834570148839845	26.137699462874437	0.0
32.0	26.024366571619755	23.939463356703218	23.928913752464087	26.10725631921294	0.0
33.0	26.144933477209843	23.960863982445456	23.72847127192057	26.165731268424132	0.0
34.0	26.081033017247098	23.975633428380245	23.839091407799472	26.104242146573185	0.0
35.0	26.11840875798002	23.772176775196975	23.95573988895788	26.15367457786512	0.0
36.0	26.043578776671577	23.90050848939165	24.02228069699518	26.03363203694159	0.0
37.0	26.07884449025973	24.01866370072973	23.88423200619712	26.01825980281342	0.0
38.0	26.17590055671601	23.885136255263482	23.89628866041529	26.042674527605218	0.0
39.0	26.17650338942692	23.896590076770746	23.849870541675333	26.07703599212701	0.0
40.0	25.992337996244352	23.958380429638872	23.943008195510703	26.10627337860607	0.0
41.0	26.172584976806014	23.841430883722612	23.88001217722076	26.105971962250617	0.0
42.0	26.192779872621447	23.8263600659499	23.918292054363455	26.062568007065202	0.0
43.0	26.05412834911248	23.972848414700678	23.962600258615232	26.010422977571608	0.0
44.0	26.085475650079726	23.7419634864227	23.97586257825522	26.196698285242352	0.0
45.0	26.156531069904272	23.87994019917533	23.77926743989776	26.184261291022644	0.0
46.0	26.08358853174507	23.95318415278146	23.86637650406308	26.096850811410384	0.0
47.0	26.079368715487934	23.85612837886716	23.98181862024065	26.082684285404255	0.0
48.0	26.068216343951196	23.90013503412023	23.908876082081456	26.122772539847123	0.0
49.0	26.03355356755323	23.931482240601866	23.92816667068554	26.106797521159365	0.0
50.0	26.19360516987775	23.831713727665115	23.921836946299823	26.052844156157313	0.0
51.0	26.042596030961395	24.03908755515903	23.857936871548794	26.060379542330786	0.0
52.0	25.91328880422464	23.951978490993707	23.995080899905957	26.139651804875697	0.0
53.0	25.981107279785874	24.00261628607943	23.94564876660799	26.070627667526708	0.0
54.0	26.00311060741241	24.014070073063102	23.889284078030432	26.093535241494052	0.0
55.0	26.167080610547128	23.93600347230595	23.813930216295727	26.082985700851196	0.0
56.0	26.05615972607364	23.95619830725085	23.831713727665115	26.155928239010397	0.0
57.0	26.037471968363434	23.92515251621615	23.917014299148804	26.120361216271608	0.0
58.0	26.15110559185937	23.959212461720238	23.739179185454894	26.150502760965495	0.0
59.0	26.073038991102216	23.98694268283861	23.827192495961032	26.112825830098142	0.0
60.0	26.12066263171855	23.765100913891636	23.960719538954933	26.15351691543488	0.0
61.0	26.048545825559348	23.87142861448779	24.035699537931514	26.044326022021348	0.0
62.0	26.086222642862957	24.01580617839521	23.878361148871655	26.019610029870183	0.0
63.0	26.18749792777505	23.881676708794373	23.893130461254668	26.03769490217591	0.0
64.0	26.17875690616061	23.904885628253396	23.84671262233663	26.069644843249367	0.0
65.0	25.98916716148887	23.969991168554024	23.943768103710713	26.097073566246394	0.0
66.0	26.16338476470074	23.83857442979905	23.880772465179085	26.117268340321125	0.0
67.0	26.207391287311353	23.826216433723467	23.910311089945115	26.05608118902007	0.0
68.0	26.06210947978865	23.96064731786273	23.95341336894044	26.023829833408186	0.0
69.0	26.112144293167837	23.74332743565553	23.96546995047759	26.17905832069904	0.0
70.0	26.15215360038581	23.884317448835034	23.793591946227806	26.169937004551347	0.0
71.0	26.1000090424089	23.943093106670283	23.867438285559274	26.089459565361544	0.0
72.0	26.086746842692225	23.871055249118363	23.984989601229767	26.05720830695964	0.0
73.0	26.063537993188053	23.9011966121108	23.909636193748682	26.125629200952467	0.0
74.0	26.053289929770624	23.92410404798505	23.928625252433918	26.09398076981041	0.0
75.0	26.194954335835067	23.843325195165324	23.915363052717247	26.046357416282362	0.0
76.0	26.06203092503843	24.04406667269494	23.84905205413389	26.04485034813274	0.0
77.0	25.934834373210357	23.94610724296953	23.993127769237724	26.125930614582394	0.0
78.0	25.97190824969105	24.003375832655152	23.945203002079754	26.079512915574043	0.0
79.0	26.012599089730838	24.010609759773338	23.896976821291858	26.079814329203966	0.0
80.0	26.16119600928354	23.932242215993007	23.833981372637673	26.072580402085784	0.0
81.0	26.069867679416465	23.95183410193809	23.83669409530699	26.141604123338457	0.0
82.0	26.029478253006598	23.93043373421346	23.929228079693765	26.11085993308617	0.0
83.0	26.13949422792899	23.967507610694156	23.743557283660365	26.14944087771649	0.0
84.0	26.076498779274797	23.993429182867647	23.830967236338427	26.099104801519125	0.0
85.0	26.11538113753504	23.77520571480242	23.950025620158545	26.15938752750399	0.0
86.0	26.05562270361183	23.869777647835406	24.054543646069128	26.020056002483642	0.0
87.0	26.116508073339745	24.01294869051243	23.870983298721104	25.99955993742672	0.0
88.0	26.16925529958917	23.888465236563775	23.902028809027914	26.040250654819136	0.0
89.0	26.187340062874693	23.902631634470765	23.84566463012138	26.064363672533165	0.0
90.0	25.988106254012557	23.97255938584144	23.93458138294185	26.104752977204154	0.0
91.0	26.153883250796483	23.831498232214386	23.891780776499452	26.122837740489675	0.0
92.0	26.20542482616021	23.81642759614312	23.942418113698906	26.035729463997757	0.0
93.0	26.06074671987606	23.94603506635601	23.95748874977017	26.035729463997757	0.0
94.0	26.10595862808986	23.743485717558197	23.981300354762773	26.16925529958917	0.0
95.0	26.164956656981303	23.8796522913326	23.796161219150502	26.159229832535598	0.0
96.0	26.084178291115585	23.946264301990524	23.88085793858433	26.088699468309564	0.0
97.0	26.0938234691294	23.87603534957742	23.96947301158627	26.060668169706908	0.0
98.0	26.075135936727634	23.905573707244734	23.90647794268353	26.112812413344106	0.0
99.0	26.042884872743933	23.92034288607839	23.93209794678273	26.104674294394947	0.0
100.0	26.1782187767503	23.847401227348904	23.908587825374052	26.06579217052675	0.0
101.0	26.05976393426811	24.049949965639055	23.848606874600627	26.041679225492203	0.0
102.0	25.938596385469538	23.942044536609476	23.98333795498113	26.13602112293985	0.0
103.0	25.97958839202826	23.984242190419927	23.948072772868116	26.088096644683702	0.0
104.0	26.01394933870248	23.99177748574322	23.90286100092835	26.09141217462595	0.0
105.0	26.18032865944082	23.917931591574938	23.828110871321268	26.073628877662973	0.0
106.0	26.063682287836226	23.971281482463862	23.820575575997974	26.14446065370194	0.0
107.0	26.010633808760232	23.9251654750853	23.951689714623296	26.112511001531175	0.0
108.0	26.154407243528688	23.95108689099743	23.74944238814608	26.145063477327803	0.0
109.0	26.070011935907793	23.965554658018156	23.853128051794606	26.111305354279445	0.0
110.0	26.111003942466514	23.765115802418528	23.96917159977334	26.15470865534162	0.0
111.0	26.0663164271957	23.852754744961164	24.058919803600652	26.022009024242482	0.0
112.0	26.101581503015613	24.02847730225184	23.868428111992234	26.001513082740306	0.0
113.0	26.153725589484377	23.879881726361095	23.910625638614356	26.055767045540172	0.0
114.0	26.188086432590957	23.907611529569916	23.83376585798121	26.070536179857918	0.0
115.0	25.97498892314926	23.96879794317199	23.941068139963168	26.11514499371558	0.0
116.0	26.163370738426572	23.81809249095014	23.90972140590102	26.108815364722265	0.0
117.0	26.208280963188685	23.823216476325683	23.9226820747921	26.045820485693532	0.0
118.0	26.047327540215747	23.96487960141422	23.964578190509776	26.023214667860255	0.0
119.0	26.1166520482378	23.746959517501423	23.978443092114187	26.157945342146586	0.0
120.0	26.182137130318413	23.856443581736855	23.79073580651773	26.170683481427005	0.0
121.0	26.088699468309564	23.941140301170684	23.864280288873083	26.10587994164667	0.0
122.0	26.0814655847992	23.864581700686013	23.987557720362176	26.06639499415261	0.0
123.0	26.087795232870764	23.90316241274128	23.914314649819758	26.0947277045682	0.0
124.0	26.030828400226664	23.93661912397671	23.930289475905138	26.10226299989149	0.0
125.0	26.169477834175275	23.854333699046332	23.91672594432321	26.059462522455178	0.0
126.0	26.087192409244903	24.025837020604513	23.85373087542047	26.033239694730113	0.0
127.0	25.93136250195918	23.93390641766032	24.0020254873829	26.132705592997603	0.0
128.0	25.980794039279985	23.97489842421904	23.95892359813366	26.08538393836731	0.0
129.0	26.01334651507662	23.980022425038882	23.913711826193893	26.09291923369061	0.0
130.0	26.18515124844773	23.886584763030033	23.84318146196786	26.08508252655438	0.0
131.0	26.071217583159516	23.966760305269887	23.847401227348904	26.114620884221694	0.0
132.0	26.00671545519212	23.92848100502755	23.95560806819141	26.109195471588926	0.0
133.0	26.144762065514872	23.958019362694863	23.744318387326235	26.152900184464027	0.0
134.0	26.058859698829316	23.980323836851813	23.868801466067058	26.092014998251813	0.0
135.0	26.122759003170852	23.748839564520214	23.968568776147475	26.15983265616146	0.0
136.0	26.054115640004703	23.857419726256968	24.059064836890506	26.029399796847823	0.0
137.0	26.09510777011855	24.007523261526774	23.890273712892327	26.007095255462353	0.0
138.0	26.18342169749616	23.849884408221335	23.911071190670675	26.05562270361183	0.0
139.0	26.17920191939621	23.89961750725651	23.84867875733563	26.072501816011645	0.0
140.0	25.98215631310848	23.94007897037104	23.944600174819904	26.133164541700577	0.0
141.0	26.167905982777175	23.816269753955314	23.908201188176108	26.107623075091404	0.0
142.0	26.213720992618356	23.807227317802447	23.934424253019422	26.044627436559775	0.0
143.0	26.055478359943212	23.959743074247445	23.959140245170584	26.025638320638755	0.0
144.0	26.12932492185828	23.731873683195236	23.99711847701262	26.141682917933863	0.0
145.0	26.16466928697162	23.8711991512141	23.80729907646307	26.15683248535121	0.0
146.0	26.073038991102216	23.929673747920233	23.890489739818186	26.106797521159365	0.0
147.0	26.10830459839406	23.845578838224302	23.973378987726363	26.072737575655275	0.0
148.0	26.09202816425936	23.903752019483495	23.91008174386921	26.094138072387935	0.0
149.0	26.029490665107335	23.923186824448557	23.930722256047936	26.11660025439617	0.0
150.0	26.17175961370363	23.84300983223115	23.91926840001688	26.065962154048332	0.0
151.0	26.08525285894275	24.03320412579951	23.856573609110036	26.024969406147708	0.0
152.0	25.93665414780297	23.913240054737376	24.006980823833665	26.14312497362599	0.0
153.0	25.970111464104217	23.99281421242683	23.964179572349188	26.07289475111976	0.0
154.0	26.003870197669443	23.99522555053863	23.930722256047936	26.07018199574399	0.0
155.0	26.17959646256699	23.887619587299483	23.857779278165935	26.075004671967594	0.0
156.0	26.073497585647715	23.960562565181483	23.848133925718727	26.11780592345207	0.0
157.0	26.001760276821617	23.937956270383342	23.953931385374027	26.106352067421014	0.0
158.0	26.16060717493655	23.94066902575912	23.755297408414364	26.143426390889964	0.0
159.0	26.06716782310424	23.96267248602931	23.86772604787712	26.102433642989336	0.0
160.0	26.125642772315427	23.75409173935846	23.97834618375602	26.141919304570088	0.0
161.0	26.043735776829983	23.843684535740657	24.05739002004431	26.055189667385047	0.0
162.0	26.09829246605278	23.993790785646464	23.885280243545886	26.02263650475487	0.0
163.0	26.19384202673579	23.83614908142812	23.91602489714105	26.05398399469504	0.0
164.0	26.17877111811071	23.890102934305908	23.85302849908821	26.078097448495168	0.0
165.0	25.980214851520962	23.92604381427762	23.966735390217142	26.127005943984276	0.0
166.0	26.160542314845237	23.81519337599431	23.920690372344115	26.103573936816343	0.0
167.0	26.215400752947133	23.803739416390616	23.93395285188523	26.046906978777017	0.0
168.0	26.059566618338998	23.967109050738028	23.95505225115519	26.018272079767783	0.0
169.0	26.12015203624274	23.735015658768457	24.004183709455244	26.140648595533563	0.0
170.0	26.17026663692647	23.876453602281153	23.802605482243294	26.15067427854908	0.0
171.0	26.074113370428197	23.92347526238689	23.904184324907614	26.098227042277294	0.0
172.0	26.101542672156548	23.865602449949062	23.967784134409605	26.065070743484785	0.0
173.0	26.084361680964065	23.902074378620817	23.91533689813782	26.098227042277294	0.0
174.0	26.022124427296838	23.93085362912949	23.927839401977334	26.119182541596338	0.0
175.0	26.15294188570051	23.856100795755967	23.931456474559923	26.059500843983603	0.0
176.0	26.078189052326984	24.03996865203762	23.857607909332046	26.024234386303352	0.0
177.0	25.94375452134073	23.910959729925246	24.001085121774775	26.144200626959247	0.0
178.0	25.98685796961659	23.969134313961902	23.946527610320715	26.097480106100797	0.0
179.0	26.01880877742947	23.983301181577044	23.931456474559923	26.066433566433567	0.0
180.0	26.183687002652523	23.858210754762478	23.859416445623342	26.098685796961657	0.0
181.0	26.04684108994454	23.959187364359778	23.875090426814566	26.11888111888112	0.0
182.0	26.01067036411864	23.929949360983844	23.969435736677116	26.0899445382204	0.0
183.0	26.146009163250543	23.938690619725104	23.75210995900651	26.163190258017842	0.0
184.0	26.070653484446588	23.962804436942367	23.86303351820593	26.103508560405114	0.0
185.0	26.144200626959247	23.748794309139136	23.97847841813359	26.128526645768023	0.0
186.0	26.044206788662855	23.846828571342453	24.04426104491513	26.064703595079557	0.0
187.0	26.1186584237353	23.986689132774092	23.882095135324136	26.01255730816647	0.0
188.0	26.20365988563988	23.82241325781667	23.922485900909997	26.05144095563346	0.0
189.0	26.175928912252566	23.886616489680762	23.8438143351047	26.09364026296197	0.0
190.0	25.997865914311035	23.934614990444842	23.947576245335455	26.119942849908668	0.0
191.0	26.18512947729814	23.81049985380866	23.89911893343622	26.105251735456974	0.0
192.0	26.232754696961933	23.80145709058136	23.931974306495416	26.03381390596129	0.0
193.0	26.061545046525016	23.963021126909155	23.969351061168265	26.006082765397565	0.0
194.0	26.13358572690252	23.726402155794755	23.99979503070018	26.14021708660254	0.0
195.0	26.178878452838834	23.86784263133146	23.803337392541508	26.1499415232882	0.0
196.0	26.0546907968507	23.927525048529642	23.903109514221295	26.114674640398366	0.0
197.0	26.11859318294168	23.856689856400486	23.975753264447363	26.04896369621047	0.0
198.0	26.09658905942922	23.90763090946358	23.905219498667694	26.090560532439504	0.0
199.0	26.028020762372115	23.938219282962677	23.923750730963302	26.1100092237019	0.0
200.0	26.152366828233138	23.85547035134679	23.94198075670983	26.050182063710242	0.0
201.0	26.081386586284854	24.035267520723437	23.854107008289375	26.029238884702337	0.0
202.0	25.950130220893218	23.90457702324684	23.99983119513842	26.14546156072152	0.0
203.0	25.993705876324086	23.96891522828256	23.956857520091155	26.080521375302197	0.0
204.0	26.01932850623082	23.971929655330413	23.93334498911792	26.075396849320846	0.0
205.0	26.19295950418704	23.854969885873793	23.866424708655625	26.085645901283545	0.0
206.0	26.065750682767725	23.971025327216054	23.866123265950844	26.097100724065374	0.0
207.0	26.030651248598268	23.93016049099876	23.96392268457671	26.07526557582627	0.0
208.0	26.163158751499733	23.941144197319474	23.745199351271832	26.15049769990896	0.0
209.0	26.082683692971827	23.96012323572148	23.866068575493937	26.091124495812757	0.0
210.0	26.15550651762351	23.751341509001676	23.955733217571655	26.137418755803154	0.0
211.0	26.053847753931862	23.84832671616729	24.054227600365376	26.043597929535473	0.0
212.0	26.11082471895886	23.98368469128433	23.89806851103213	26.00742207872468	0.0
213.0	26.18982300751562	23.827209994302233	23.931819757679172	26.05114724050297	0.0
214.0	26.169480897297916	23.904530202859753	23.847853678095426	26.0781352217469	0.0
215.0	25.999252331940497	23.926885299278258	23.957636163015756	26.116226205765486	0.0
216.0	26.182185441444698	23.811031218438625	23.91293206108021	26.09385127903646	0.0
217.0	26.233595523571495	23.81449111075603	23.93779790348304	26.014115462189437	0.0
218.0	26.04155046986219	23.952269116321418	24.00231539405414	26.00386501976225	0.0
219.0	26.13413328911467	23.747531543482523	23.990533186607777	26.127801980795027	0.0
220.0	26.166471701981404	23.873928196717355	23.789209006162494	26.170391095138747	0.0
221.0	26.053424987940183	23.93541968162084	23.904667149059332	26.106488181379646	0.0
222.0	26.11569051911794	23.872852585941786	23.967221220581408	26.044235674358866	0.0
223.0	26.093681220943203	23.898479850939765	23.903303806704095	26.104535121412937	0.0
224.0	26.050290951849732	23.944281967015407	23.921669128953475	26.083757952181386	0.0
225.0	26.14256511068364	23.871907280215638	23.940952645130945	26.044574963969776	0.0
226.0	26.060266174599438	24.044659924863264	23.855009015202224	26.040064885335067	0.0
227.0	25.9348485488063	23.891478571299352	24.02927111663219	26.144401763262152	0.0
228.0	26.007381230928807	23.96879862024049	23.947993680122536	26.075826468708165	0.0
229.0	25.978736748157704	24.017645001386995	23.924776573034386	26.07884167742091	0.0
230.0	26.1970378589606	23.849999396958257	23.88226213018465	26.07070061389649	0.0
231.0	26.07055630936228	23.94542439318559	23.87607417458164	26.107945122870497	0.0
232.0	26.006187282902353	23.921446835198765	23.95672520262447	26.11564067927441	0.0
233.0	26.16857937173217	23.942082124700732	23.75814884725095	26.13118965631615	0.0
234.0	26.079483777590156	23.957906163309612	23.88372934507297	26.078880714027257	0.0
235.0	26.15683365597429	23.74154952086311	23.9535276415851	26.148089181577504	0.0
236.0	26.036757278333106	23.860871138450403	24.05325131545223	26.04912026776426	0.0
237.0	26.110647074610032	23.98690110393781	23.890709855230664	26.011741966221493	0.0
238.0	26.19222082507863	23.852859671500383	23.922214281621933	26.032705221799056	0.0
239.0	26.173079996502096	23.91662922500279	23.861145202290526	26.04914557620459	0.0
240.0	26.022382185927146	23.93675569883264	23.94881831587772	26.09204379936249	0.0
241.0	26.1610145211635	23.835517288176487	23.91151590090022	26.09195228975979	0.0
242.0	26.271342355357568	23.788224720185546	23.922439143561174	26.017993780895708	0.0
243.0	26.053646780620078	23.958870600442182	23.996271931808927	25.991210687128813	0.0
244.0	26.11899555086343	23.76412035291456	23.989141090415504	26.127743005806504	0.0
245.0	26.181886191418506	23.847676046141224	23.816303875669675	26.154133886770598	0.0
246.0	26.01557833513331	23.944902650489013	23.93675751012109	26.102761504256588	0.0
247.0	26.108402621067494	23.894010884911967	23.978483594193104	26.019102899827434	0.0
248.0	26.089986694785622	23.89688911416236	23.930680134802035	26.082444056249983	0.0
249.0	26.03584930138817	23.940164673865493	23.953741669004927	26.070244355741412	0.0
