# Position (bp)	A	C	G	T	N
0.0	26.14019420228223	23.789921326812674	23.779998582465094	26.28988588844	0.0
1.0	26.308030335247008	23.76639024735984	23.753348926217306	26.172230491175846	0.0
2.0	26.113405656392707	23.834860772913718	23.804245837927937	26.247487732765634	0.0
3.0	26.167342195516003	23.838610016722882	23.80828207817239	26.185765709588733	0.0
4.0	26.312090104695123	23.785689587738144	23.679123893955797	26.223096413610936	0.0
5.0	26.181684213509413	23.752993354398992	23.836027942697633	26.22929448939396	0.0
6.0	26.185274289940573	23.728722303927817	23.85652308206737	26.229480324064237	0.0
7.0	26.16863741849928	23.79098412914304	23.767182094069042	26.273196358288637	0.0
8.0	26.114304981398735	23.701665755256663	23.8963202647528	26.287708998591803	0.0
9.0	26.27230770538388	23.7419998243432	23.717351208773774	26.268341261499145	0.0
10.0	26.27653064693417	23.86370074903396	23.6750257799132	26.18474282411867	0.0
11.0	26.2054234138271	23.818090133375637	23.667376794678574	26.30910965811869	0.0
12.0	26.264065633959227	23.629698460004306	23.87928201525264	26.226953890783822	0.0
13.0	26.209106258569697	23.72091969132095	23.667943386177434	26.402030663931917	0.0
14.0	26.269164957448975	23.73905061928451	23.76454723673326	26.22723718653325	0.0
15.0	26.25924960621891	23.663977245685405	23.757748138746926	26.319025009348763	0.0
16.0	26.372001314492277	23.78239486894739	23.693156707876756	26.152447108683578	0.0
17.0	26.289278955658553	23.707038199598855	23.800809092660373	26.202873752082223	0.0
18.0	26.238285720761045	23.76511382823212	23.80817478214557	26.188425668861264	0.0
19.0	26.237152537763325	23.85860142554421	23.743583351275397	26.16066268541707	0.0
20.0	26.239702199508198	23.77842872845536	23.818090133375637	26.163778938660805	0.0
21.0	26.10966945051956	23.85406869355332	23.830838442100013	26.2054234138271	0.0
22.0	26.222987750291793	23.89288021122531	23.715537072081773	26.168594966401127	0.0
23.0	26.275606322010038	23.803008025745847	23.631047992996947	26.29033765924717	0.0
24.0	26.2404777485984	23.807540744895732	23.716036477057358	26.23594502944851	0.0
25.0	26.128859539532396	23.804424500480184	23.785443739040026	26.281272220947393	0.0
26.0	26.31611749941216	23.765613092759263	23.751165050468995	26.167104357359577	0.0
27.0	26.103929584208007	23.843802498094842	23.822555377079738	26.229712540617413	0.0
28.0	26.151806430228703	23.84436908798858	23.81348993877996	26.19033454300276	0.0
29.0	26.304219111643707	23.789693163243047	23.69563924088286	26.210448484230387	0.0
30.0	26.18495193901226	23.75371470499081	23.84125284357303	26.2200805124239	0.0
31.0	26.17163707650947	23.735017238497516	23.854851001022695	26.23849468397032	0.0
32.0	26.17531991081875	23.78346067441195	23.761080373609374	26.280139041159924	0.0
33.0	26.111861842720312	23.701871729713957	23.897911832946637	26.288354594619097	0.0
34.0	26.27787268158498	23.736433713231857	23.722268965888453	26.26342463929471	0.0
35.0	26.268732825292503	23.855066715770985	23.683107170174793	26.19309328876172	0.0
36.0	26.19564293606051	23.82390435989688	23.67035893368084	26.310093770361764	0.0
37.0	26.26731635457095	23.624465282302616	23.88311283605768	26.225105527068752	0.0
38.0	26.202725289668262	23.720785291368028	23.66979234539222	26.40669707357149	0.0
39.0	26.27468200232301	23.73749964588232	23.776594237797106	26.21122411399756	0.0
40.0	26.258250941953033	23.66554293322757	23.75138105895351	26.324825065865888	0.0
41.0	26.37185189382135	23.783110003116235	23.691322700359784	26.153715402702627	0.0
42.0	26.299045298733674	23.698688348111844	23.796708122043118	26.205558231111365	0.0
43.0	26.232754468965126	23.766112354457633	23.807473299526897	26.19365987705034	0.0
44.0	26.23870364599564	23.863848834244596	23.744865293634383	26.152582226125386	0.0
45.0	26.23587070455254	23.773478002209693	23.81568882971189	26.17496246352588	0.0
46.0	26.11745375223094	23.852800362616506	23.8216380067424	26.208107878410154	0.0
47.0	26.222839173914274	23.89104507209836	23.712853055327347	26.17326269866002	0.0
48.0	26.27064146111374	23.809672201274253	23.63488020941044	26.28480612820157	0.0
49.0	26.24344530030511	23.80428962778088	23.71193599836823	26.24032907354578	0.0
50.0	26.135793830437603	23.80230657438858	23.79352448079413	26.268375114379687	0.0
51.0	26.30973594227615	23.76831137337779	23.763778679909684	26.158174004436376	0.0
52.0	26.104064976160867	23.840267882183966	23.818737588210464	26.236929553444703	0.0
53.0	26.163839871271506	23.840834468867477	23.811938548008307	26.183387111852714	0.0
54.0	26.310869115643175	23.79380777413588	23.696921451255132	26.198401658965807	0.0
55.0	26.18565345858676	23.754713292973477	23.844517282310314	26.21511596612945	0.0
56.0	26.1808374717769	23.734882759050514	23.859248536081658	26.225031233090927	0.0
57.0	26.18253723182744	23.788708493984263	23.762362213200902	26.266392060987393	0.0
58.0	26.111713896388295	23.70032097135621	23.89947619061109	26.288488941644406	0.0
59.0	26.280556728075222	23.73544934573403	23.72610066545606	26.257893260734694	0.0
60.0	26.26915057565044	23.856064726679357	23.68410615538029	26.19067854228991	0.0
61.0	26.205409754328713	23.81895340404315	23.667675188106248	26.307961653521893	0.0
62.0	26.26178496963104	23.628297525156377	23.886943613452996	26.222973891759587	0.0
63.0	26.204559876711087	23.724050403408576	23.675040794125646	26.396348925754694	0.0
64.0	26.27651618166984	23.73566539751609	23.775609645544375	26.212208775269698	0.0
65.0	26.25951862931738	23.661442752243676	23.76031184842716	26.318726770011786	0.0
66.0	26.375385277853326	23.78354183664219	23.689772006164446	26.151300879340038	0.0
67.0	26.304562143051403	23.704219925664038	23.79374036805367	26.19747756323089	0.0
68.0	26.235155470945514	23.774476475387544	23.80167255915148	26.188695494515457	0.0
69.0	26.234022300788684	23.86059740730668	23.75266294986855	26.15271734203608	0.0
70.0	26.232039253014232	23.775609645544375	23.82121974435681	26.171131357084583	0.0
71.0	26.111639923850966	23.850398875895205	23.82745218021938	26.21050902003445	0.0
72.0	26.22325718429879	23.890909709001903	23.71951772278125	26.166315383918047	0.0
73.0	26.27389211684084	23.80528792355656	23.632479964191923	26.288339995410677	0.0
74.0	26.247545985331154	23.798488921876636	23.712084942194323	26.241880150597886	0.0
75.0	26.13422929066582	23.799055505349966	23.79537271277334	26.271342491210874	0.0
76.0	26.31695246081367	23.771009623420294	23.7562784531138	26.155759462652235	0.0
77.0	26.104200366579505	23.846931808846065	23.811803633499814	26.23706419107461	0.0
78.0	26.161708589122163	23.837866473272843	23.813220092183133	26.187204845421864	0.0
79.0	26.30675395829379	23.796222587983333	23.691404645417897	26.20561880830498	0.0
80.0	26.185505095001883	23.74749640927724	23.85571385268263	26.211284643038248	0.0
81.0	26.1730402585887	23.74098069933398	23.86562906346585	26.220349978611473	0.0
82.0	26.187204845421864	23.78064154246685	23.758828078743772	26.27332553336752	0.0
83.0	26.11779836993935	23.704152773567746	23.886875943715598	26.291172912777306	0.0
84.0	26.282107577204076	23.739564240650665	23.726532820764152	26.251795361381102	0.0
85.0	26.27325110341819	23.850830325727916	23.68057247431968	26.195346096534216	0.0
86.0	26.195062805600095	23.819668322974326	23.67037400069123	26.314894870734346	0.0
87.0	26.262202756987367	23.631279851782182	23.8771763826014	26.229341008629042	0.0
88.0	26.19959546054607	23.728731933120674	23.67518994657133	26.396482659761922	0.0
89.0	26.267018702867475	23.742329897958605	23.78369037434064	26.20696102483328	0.0
90.0	26.256253647370777	23.663008436404017	23.759044063071894	26.32169385315331	0.0
91.0	26.380051785582758	23.774341773514564	23.691620820750494	26.15398562015218	0.0
92.0	26.30866247018363	23.69445373009173	23.798704793849186	26.198179005875456	0.0
93.0	26.23160733610203	23.781707337801773	23.796155175442074	26.19053015065412	0.0
94.0	26.24945466495181	23.85281336226678	23.750545335048187	26.14718663773322	0.0
95.0	26.223391899012448	23.77745797378992	23.82306781418381	26.176082313013822	0.0
96.0	26.112908434704273	23.84629767078194	23.82391768698618	26.216876207527605	0.0
97.0	26.242938973466973	23.87207714578718	23.7193833322946	26.165600548451252	0.0
98.0	26.271476933101034	23.801186985651356	23.6382951599881	26.28904092125951	0.0
99.0	26.25476281533733	23.801186985651356	23.717616396832817	26.2264338021785	0.0
100.0	26.130965027833252	23.788722219861473	23.798070794203884	26.282241958101388	0.0
101.0	26.320486125865806	23.76294281788694	23.76492584880806	26.151645207439202	0.0
102.0	26.109718267964137	23.833765350784006	23.81846768367824	26.238048697573618	0.0
103.0	26.165526423887027	23.837731412626244	23.805719627756766	26.191022535729967	0.0
104.0	26.30660490941798	23.78588931854559	23.695519766568932	26.211986005467498	0.0
105.0	26.18280712191391	23.74821173104435	23.85274578960042	26.216235357441324	0.0
106.0	26.170342356124028	23.736880125780818	23.860394623153304	26.232382894941853	0.0
107.0	26.18762305415091	23.79183841130894	23.758410175781528	26.262128358758623	0.0
108.0	26.12671567585943	23.702035439595463	23.896089179733423	26.275159704811685	0.0
109.0	26.274026544285327	23.740562897491465	23.73178090341223	26.25362965481097	0.0
110.0	26.271402508810297	23.848428877381046	23.688936985121643	26.19123162868701	0.0
111.0	26.192081496674184	23.8147174472232	23.67533909732688	26.317861958775733	0.0
112.0	26.27026935149407	23.62774649004521	23.88752280479099	26.214461353669734	0.0
113.0	26.200013597887796	23.723214993937606	23.67703883330123	26.39973257487337	0.0
114.0	26.267153168874437	23.73567972441614	23.7773232557876	26.219843850921826	0.0
115.0	26.261487382293286	23.65692529093814	23.7566431347664	26.324944192002175	0.0
116.0	26.379335743181226	23.77137417987739	23.699135400967716	26.150154675973663	0.0
117.0	26.303130913664745	23.70083513694206	23.804519031377126	26.19151491801607	0.0
118.0	26.239674103955853	23.769107865244933	23.8053688993643	26.185849131434917	0.0
119.0	26.245339890537	23.845312694761414	23.751260637514306	26.15808677718728	0.0
120.0	26.231175424084125	23.776756677129484	23.824915863069272	26.167152035717116	0.0
121.0	26.115310088499587	23.833697832270055	23.830298360321365	26.220693718908993	0.0
122.0	26.24250699724643	23.867975841086018	23.726614465886296	26.162902695781256	0.0
123.0	26.26127848836386	23.796087763282767	23.639145030382867	26.30348871797051	0.0
124.0	26.25362965481097	23.795237892888004	23.72073258828029	26.230399864020736	0.0
125.0	26.12841541664896	23.78418957775606	23.806002917888357	26.281392087706624	0.0
126.0	26.309721100865453	23.759826626439466	23.76747545999235	26.16297681270273	0.0
127.0	26.112267879148433	23.82809954815224	23.81790110341506	26.241731469284268	0.0
128.0	26.170342356124028	23.830932449468122	23.81818439354665	26.180540800861202	0.0
129.0	26.310570971260216	23.780790096177	23.700052408674345	26.20858652388844	0.0
130.0	26.176008158755792	23.750761342228643	23.849629598152948	26.22360090086262	0.0
131.0	26.16815016685836	23.73723066114438	23.875193346062538	26.219425825934717	0.0
132.0	26.182598004498658	23.785956701813628	23.774908355382813	26.256536938304905	0.0
133.0	26.12537323580571	23.69388714822348	23.89389054771469	26.286849068256117	0.0
134.0	26.275234139957053	23.74119673422211	23.736664079276135	26.2469050465447	0.0
135.0	26.27700832594414	23.843249016269443	23.688005144577936	26.19173751320848	0.0
136.0	26.19683676446842	23.810387174816498	23.676673475111404	26.31610258560368	0.0
137.0	26.27785820115413	23.625680962512003	23.89055873629222	26.205902100041644	0.0
138.0	26.205052224831654	23.727382695974143	23.678939809004714	26.388625270189493	0.0
139.0	26.271909074684203	23.73049890507744	23.77497570773358	26.222616312504783	0.0
140.0	26.262560447374312	23.654293427915	23.76194428784707	26.321201836863622	0.0
141.0	26.388700027196084	23.776459523161996	23.70025383011513	26.13458661952679	0.0
142.0	26.31880132921236	23.68615630426838	23.81732112150168	26.177721245017576	0.0
143.0	26.237212846786463	23.775393706921708	23.81165525466655	26.175738191625282	0.0
144.0	26.243728593646864	23.848483389094906	23.7558464663405	26.15194155091773	0.0
145.0	26.239479193520516	23.761512333175634	23.831202495247755	26.167805978056098	0.0
146.0	26.120495989982746	23.82921944185546	23.829786028538972	26.22049853962282	0.0
147.0	26.244861767013887	23.861514882815708	23.734599465708758	26.15902388446164	0.0
148.0	26.26165047168475	23.793025298167088	23.64231281339415	26.303011416754014	0.0
149.0	26.260517295107512	23.788209297713816	23.72531799767699	26.225955409501683	0.0
150.0	26.128859539532396	23.784593854199425	23.79932519143656	26.287221414831624	0.0
151.0	26.315550909518425	23.75173164036273	23.771562286643494	26.161155163475346	0.0
152.0	26.110445367985974	23.83077093053891	23.8211389023454	26.23764479912972	0.0
153.0	26.16653776746584	23.83388717495446	23.8211389023454	26.178436155234298	0.0
154.0	26.313001254996614	23.776095005793383	23.70838751349192	26.20251622571808	0.0
155.0	26.179852629968643	23.74776551110658	23.848335217244728	26.224046641680054	0.0
156.0	26.166895191904544	23.732534817047604	23.88268156424581	26.217888426802045	0.0
157.0	26.180493387877206	23.781261685949666	23.772479517717315	26.26576540845581	0.0
158.0	26.121001280496785	23.687774088637575	23.904212041202534	26.287012589663107	0.0
159.0	26.279646900177912	23.73451788729362	23.72941856380387	26.256416648724603	0.0
160.0	26.265273225359575	23.854419567859438	23.69152405046078	26.188783156320206	0.0
161.0	26.201248204608103	23.802576298843867	23.684724933212838	26.311450563335192	0.0
162.0	26.279154756407458	23.620416615909367	23.893797788587115	26.206630839096057	0.0
163.0	26.201814797712096	23.72665282290849	23.677925815964894	26.39360656341452	0.0
164.0	26.27943805295946	23.73090227118846	23.779629278132056	26.21003039772003	0.0
165.0	26.263573446047587	23.65412890559709	23.754132588452265	26.328165059903057	0.0
166.0	26.390281767548856	23.770914427201078	23.710288793323247	26.12851501192682	0.0
167.0	26.31868209697296	23.68712551524852	23.81290989702112	26.181282490757397	0.0
168.0	26.227460090372112	23.778064223692226	23.814892984121137	26.179582701814525	0.0
169.0	26.238508718500785	23.84038981826423	23.767298893720696	26.153802569514284	0.0
170.0	26.246157768743718	23.76304942136351	23.830191084606994	26.160601725285776	0.0
171.0	26.10819156621386	23.83614034590705	23.83359066249274	26.22207742538635	0.0
172.0	26.239075314815075	23.862770372678728	23.740668866949022	26.157485445557178	0.0
173.0	26.26039707182195	23.790880039888492	23.644697776669766	26.30402511161979	0.0
174.0	26.262096865580308	23.778698184620268	23.723454887473654	26.23575006232577	0.0
175.0	26.134686372998132	23.784714844624244	23.801146230838313	26.27945255153931	0.0
176.0	26.318264618975984	23.74646937671219	23.776215851754902	26.159050152556922	0.0
177.0	26.108622794865475	23.832309204692578	23.828059708257904	26.231008292184043	0.0
178.0	26.164999447565464	23.831176005643332	23.826643209446345	26.177181337344855	0.0
179.0	26.312598623729755	23.773099554369473	23.70425771212778	26.21004410977299	0.0
180.0	26.183413932115712	23.743919678851388	23.85582308496443	26.216843304068465	0.0
181.0	26.161957266942792	23.73095511952451	23.886203829090434	26.220883784442268	0.0
182.0	26.182921508745487	23.78053271838224	23.77656651047362	26.259979262398648	0.0
183.0	26.114079471474465	23.688460034789312	23.909151174847445	26.288309318888782	0.0
184.0	26.28547631323977	23.733788125173522	23.728688715005298	26.25204684658141	0.0
185.0	26.277051739328744	23.840943280233216	23.679461500760667	26.202543479677377	0.0
186.0	26.196027548224976	23.797881472373867	23.68172791170063	26.324363067700528	0.0
187.0	26.288667095396068	23.61373558350166	23.89108762227995	26.206509698822316	0.0
188.0	26.203676685147357	23.730739048277385	23.66869604879583	26.39688821777943	0.0
189.0	26.278468246166227	23.73328876058485	23.77068454109428	26.21755845215465	0.0
190.0	26.270819109243842	23.646881843498658	23.760485691864435	26.321813355393065	0.0
191.0	26.382797892231853	23.783783783783786	23.712674939090032	26.12074338489433	0.0
192.0	26.310347074471853	23.69206100079608	23.81388127905626	26.183710645675806	0.0
193.0	26.228755818334804	23.770252621260752	23.815014490947053	26.18597706945739	0.0
194.0	26.242920966969706	23.82549670093688	23.77393555990583	26.157646772187583	0.0
195.0	26.233005362925272	23.763453349916	23.837112122817505	26.16642916434122	0.0
196.0	26.112034993583187	23.843344788216864	23.830879457418146	26.2137407607818	0.0
197.0	26.234421877788765	23.8824405984492	23.73257332589191	26.15056419787013	0.0
198.0	26.26622622373066	23.788734708678728	23.641983353070163	26.30305571452045	0.0
199.0	26.260276844449233	23.77400291236281	23.72810770076322	26.237612542424742	0.0
200.0	26.131730962640624	23.78341931627273	23.804100550460795	26.28074917062585	0.0
201.0	26.32154502984614	23.74942276692249	23.773503656045577	26.155528547185792	0.0
202.0	26.114732687965503	23.83044787620723	23.83668057692144	26.21813885890582	0.0
203.0	26.166577425724626	23.8329976174085	23.82223204344759	26.17819291341929	0.0
204.0	26.3164455474436	23.778603138448116	23.700977684098397	26.203973630009887	0.0
205.0	26.18555883244517	23.737807279227823	23.85056250123946	26.226071387087547	0.0
206.0	26.166934862426906	23.734758170527176	23.88830968677757	26.20999728026835	0.0
207.0	26.179116993789947	23.786603055165223	23.774420923802182	26.259859027242644	0.0
208.0	26.1201894746385	23.686312950455555	23.901341734282216	26.292155840623728	0.0
209.0	26.284789900729795	23.72965867367753	23.733341643624495	26.252209781968176	0.0
210.0	26.284014448615338	23.83568241376868	23.67901409448261	26.201289043133368	0.0
211.0	26.200722430767055	23.798852609958214	23.67901409448261	26.32141086479212	0.0
212.0	26.27976485586798	23.607337630143775	23.898859692612792	26.214037821375452	0.0
213.0	26.219137332672286	23.7223599405057	23.670798215171047	26.387704511650966	0.0
214.0	26.285430979531128	23.729725901267795	23.76655570507826	26.218287414122816	0.0
215.0	26.279198243501668	23.648133720518448	23.753240314469863	26.31942772151002	0.0
216.0	26.38182982315978	23.77993846572269	23.717044314878716	26.121187396238817	0.0
217.0	26.324393083890268	23.688214112694173	23.80635346046298	26.181039342952577	0.0
218.0	26.23515113053973	23.764707215566062	23.81966892651846	26.180472727375747	0.0
219.0	26.240250670731193	23.837517317188567	23.778305989409954	26.14392602267029	0.0
220.0	26.236850977270215	23.76074090652826	23.847149781994656	26.155258334206867	0.0
221.0	26.11502862825202	23.838367240553808	23.832134469208693	26.21446966198548	0.0
222.0	26.240817286308015	23.880296793239143	23.732693435475234	26.146192484977604	0.0
223.0	26.268939179311673	23.770157406253187	23.653434266740707	26.307469147694434	0.0
224.0	26.271488956631124	23.75854175402015	23.72681119182258	26.24315809752615	0.0
225.0	26.13869128058679	23.783540290845423	23.802805329616312	26.27496309895147	0.0
226.0	26.331908287083074	23.75860906420074	23.765408489649293	26.144074159066893	0.0
227.0	26.122825954540176	23.835102600496924	23.830286340804204	26.211785104158697	0.0
228.0	26.162489269656714	23.841618716551785	23.821787058993515	26.17410495479799	0.0
229.0	26.30754367922577	23.768241583586185	23.711579704848273	26.212635032339765	0.0
230.0	26.170705242073712	23.741893809973057	23.854084329874127	26.233316618079105	0.0
231.0	26.164263251834434	23.742244383375358	23.883616171346006	26.209876193444202	0.0
232.0	26.18267841459614	23.79522339008981	23.76887554183075	26.2532226534833	0.0
233.0	26.124599824347676	23.678499589200218	23.89891492194804	26.297985664504065	0.0
234.0	26.28028603159493	23.732179687677068	23.73076312866889	26.25677115205911	0.0
235.0	26.293109554150956	23.8345227740837	23.680400717347514	26.191966954417833	0.0
236.0	26.202732833381027	23.79400907166959	23.674734465261622	26.328523629687762	0.0
237.0	26.272144421433165	23.6095725662739	23.898551422654243	26.21973158963869	0.0
238.0	26.222848028285927	23.72148104497021	23.67558440307451	26.38008652366935	0.0
239.0	26.289426490295124	23.726014046638923	23.77871019103769	26.205849272028264	0.0
240.0	26.266818906873755	23.650591725196982	23.763355253278785	26.319234114650474	0.0
241.0	26.38614983565681	23.77139295024368	23.719823189391363	26.122634024708148	0.0
242.0	26.339905581782837	23.685314170100142	23.80347862555186	26.171301622565164	0.0
243.0	26.232160872374433	23.766138813634253	23.814881148052006	26.186819165939312	0.0
244.0	26.25000708540463	23.828215781746863	23.76784813427125	26.153928998577253	0.0
245.0	26.247555341401892	23.75499560670049	23.84427879028372	26.1531702616139	0.0
246.0	26.114377065629625	23.83063396050998	23.834885685293	26.220103288567397	0.0
247.0	26.24223646501555	23.871009805227754	23.728140918612926	26.158612811143772	0.0
248.0	26.278456609871576	23.76151730785587	23.655770702803842	26.304255379468717	0.0
249.0	26.2750545743203	23.763785331556715	23.719842372352794	26.24131772177019	0.0
