# Position (bp)	A	C	G	T	N
0.0	26.342971790151353	23.693406678204887	23.717383395985138	26.24623813565862	0.0
1.0	26.155291964768008	23.754313053255874	23.798959355329448	26.291435626646674	0.0
2.0	26.231288167728568	23.855243722304284	23.537500826737805	26.375967283229347	0.0
3.0	26.2327562926098	23.645993507602938	23.774408491923083	26.346841707864176	0.0
4.0	26.168641499035544	23.87131441168366	23.793055938275007	26.16698815100579	0.0
5.0	26.246483394457748	23.945982734534514	23.704607889871347	26.102925981136387	0.0
6.0	26.276127339957128	23.82581957050042	23.737649269564162	26.16040381997829	0.0
7.0	26.2161521760693	23.786878561116193	23.87173920230997	26.125230060504535	0.0
8.0	26.135853319190556	23.864008926480516	23.830396870221644	26.169740884107284	0.0
9.0	26.350154417497528	23.82520104579629	23.687175771467615	26.13746876523857	0.0
10.0	26.24513420368988	23.778419969531093	23.723873463124633	26.252572363654398	0.0
11.0	26.24403225406551	23.787786541338264	23.709272630601692	26.25890857399454	0.0
12.0	26.210698277928223	23.713680429099185	23.799907987206364	26.275713305766228	0.0
13.0	26.18390386617961	23.699289795423617	23.86788762348689	26.248918714909884	0.0
14.0	26.330738249117065	23.65603839181915	23.728215893375648	26.28500746568814	0.0
15.0	26.192994925535963	23.694055549127533	23.838686038887698	26.274263486448813	0.0
16.0	26.18004705311934	23.81554516052607	23.734001112966055	26.270406673388543	0.0
17.0	26.242031548730832	23.715268020959023	23.819952946880665	26.222747483429476	0.0
18.0	26.219717130310695	23.729593326611457	23.70479952836686	26.34589001471099	0.0
19.0	26.167374667349875	23.694055549127533	23.814994187231743	26.323575596290848	0.0
20.0	26.324402056232334	23.62490840068982	23.867336650192563	26.18335289288528	0.0
21.0	26.400987344143427	23.635927866576306	23.755489071444707	26.20759571783556	0.0
22.0	26.089136459555807	23.84915453147986	23.86320435048513	26.198504658479205	0.0
23.0	26.206493771246908	23.89764018138041	23.770640837038627	26.125225210334058	0.0
24.0	26.263244020562322	23.78964941569282	23.644192465991175	26.302914097753682	0.0
25.0	26.34589001471099	23.700116255365103	23.70975828801578	26.24423544190813	0.0
26.0	26.156355201463384	23.752458718325922	23.81141286081864	26.279773219392055	0.0
27.0	26.23018562290286	23.84970550477418	23.544741786365613	26.375367085957347	0.0
28.0	26.224675889959613	23.64860025234577	23.775048623393225	26.351675234301393	0.0
29.0	26.164619800878253	23.868163110134052	23.78717003586836	26.18004705311934	0.0
30.0	26.24092960214218	23.937034771924605	23.710584747957267	26.111450877975944	0.0
31.0	26.263244020562322	23.825462679823907	23.74006181920362	26.171231480410146	0.0
32.0	26.210075097660017	23.784966142691065	23.878356116079054	26.126602643569868	0.0
33.0	26.11916450409649	23.865959216956753	23.826013653118235	26.188862625828524	0.0
34.0	26.339002848531933	23.82518719317675	23.692953602538886	26.142856355752436	0.0
35.0	26.249121888731246	23.773881182936403	23.724569208942274	26.252427719390077	0.0
36.0	26.23589856609595	23.78848193501288	23.720712406506976	26.254907092384194	0.0
37.0	26.211380322043006	23.708866513312856	23.80225622942465	26.277496935219492	0.0
38.0	26.192575124794764	23.685384962919702	23.8694090293006	26.252630882984935	0.0
39.0	26.340786124365007	23.646266074557296	23.731941949773553	26.281005851304144	0.0
40.0	26.192024154536135	23.699159219385336	23.83883017994689	26.26998644613164	0.0
41.0	26.179627323717064	23.824229468093314	23.728636128221797	26.26750707996782	0.0
42.0	26.25511024914875	23.71072959481647	23.817617824989807	26.216542331044966	0.0
43.0	26.22563334031229	23.73387034567874	23.699434704514648	26.34106160949432	0.0
44.0	26.176596987294626	23.687864329083517	23.81210812240355	26.323430561218302	0.0
45.0	26.3297667191925	23.633042788350284	23.87078645494716	26.166404037510056	0.0
46.0	26.3947812097103	23.639654431453792	23.758664007316884	26.206900351519025	0.0
47.0	26.090370141819747	23.85618574309359	23.854808317447024	26.198635797639643	0.0
48.0	26.202217104320706	23.905222096111252	23.765551135549703	26.127009664018335	0.0
49.0	26.264476743545384	23.796405470032727	23.63882797606585	26.300289810356038	0.0
50.0	26.34629582695126	23.702740526066403	23.711280565075096	26.239683081907238	0.0
51.0	26.16557758212212	23.749572998049565	23.81073069675699	26.274118723071325	0.0
52.0	26.226735280829537	23.85067604050733	23.54626497261678	26.376323706046346	0.0
53.0	26.231969498286485	23.644062193522792	23.771060838135956	26.352907470054767	0.0
54.0	26.176046017035997	23.85618574309359	23.78235572843778	26.18541251143263	0.0
55.0	26.258416070700502	23.932770609042525	23.701087615290525	26.107725704966445	0.0
56.0	26.279352940528273	23.82588237886919	23.721473514859667	26.173291165742874	0.0
57.0	26.21957266746741	23.78263121356709	23.876296157533417	26.121499961432082	0.0
58.0	26.129764515311464	23.864725782102283	23.82202558705881	26.183484115527445	0.0
59.0	26.336102877166688	23.81899525063637	23.691721120893895	26.153180751303047	0.0
60.0	26.237682405088748	23.760802430874083	23.74427336865043	26.257241795386737	0.0
61.0	26.221979795976274	23.78449408672799	23.728570759537956	26.26495535775778	0.0
62.0	26.20985848367893	23.70598104116563	23.80598186761874	26.278178607536702	0.0
63.0	26.204001123973136	23.680571242816765	23.861839459170575	26.25358817403953	0.0
64.0	26.334855839426112	23.639799668317732	23.736769899558674	26.28857459269748	0.0
65.0	26.18884952534174	23.6965492922826	23.83318916357666	26.281412018799	0.0
66.0	26.190502427010614	23.819414983002662	23.728780874825755	26.26130171516097	0.0
67.0	26.25689397737729	23.70398734979256	23.81969046661414	26.219428206216012	0.0
68.0	26.227692714560412	23.735943448724235	23.697100259505564	26.339263577209792	0.0
69.0	26.17121857420702	23.695171874225203	23.805089835205703	26.328519716362074	0.0
70.0	26.319979724406195	23.63952418470625	23.866247196954255	26.1742488939333	0.0
71.0	26.399869971735377	23.648064176662132	23.75632923597375	26.195736615628736	0.0
72.0	26.09490961382707	23.862390426393535	23.857156237775413	26.185543722003978	0.0
73.0	26.205929509253494	23.903437484504046	23.76982793293627	26.12080507330619	0.0
74.0	26.260199780715045	23.801233064644983	23.63511644692257	26.303450707717396	0.0
75.0	26.35606807751007	23.694620907002243	23.702885415346643	26.24642560014105	0.0
76.0	26.165984385588903	23.746962793183435	23.810048540212343	26.27700428101532	0.0
77.0	26.23402883762445	23.843657540812895	23.54365588791123	26.378657733651423	0.0
78.0	26.22907013261781	23.644207406101412	23.77368470349699	26.353037757783788	0.0
79.0	26.17094309059554	23.862941393616495	23.795172425192426	26.17094309059554	0.0
80.0	26.256618493765803	23.927404558702804	23.701232513677763	26.11474443385363	0.0
81.0	26.268188805447963	23.826577556901142	23.728780874825755	26.176452762825143	0.0
82.0	26.216397886489734	23.783602113510266	23.876440090579013	26.12355990942099	0.0
83.0	26.130722483319467	23.861013008336133	23.82079240106006	26.187472107284336	0.0
84.0	26.329346167196515	23.819965950225622	23.688009300326723	26.162678582251143	0.0
85.0	26.224039184680947	23.760671517001423	23.755437342802598	26.25985195551503	0.0
86.0	26.212193422020448	23.777475971008187	23.727613574693045	26.282717032278324	0.0
87.0	26.200898625065083	23.705574946487456	23.807503601938297	26.286022826509164	0.0
88.0	26.201377410468318	23.677134986225894	23.86556473829201	26.255922865013776	0.0
89.0	26.341322314049588	23.63250688705234	23.73581267217631	26.290358126721763	0.0
90.0	26.199173553719007	23.687327823691458	23.830578512396695	26.282920110192837	0.0
91.0	26.192561983471073	23.810192837465564	23.727823691460053	26.269421487603307	0.0
92.0	26.266115702479336	23.70853994490358	23.798622589531682	26.226721763085397	0.0
93.0	26.2236914600551	23.738567493112946	23.696143250688706	26.34159779614325	0.0
94.0	26.179614325068872	23.70413223140496	23.79586776859504	26.320385674931128	0.0
95.0	26.334986225895317	23.63388429752066	23.860330578512396	26.170798898071624	0.0
96.0	26.398071625344354	23.65013774104683	23.754820936639117	26.196969696969695	0.0
97.0	26.098071625344353	23.85840220385675	23.849862258953166	26.193663911845732	0.0
98.0	26.209917355371903	23.897796143250687	23.771349862258955	26.120936639118458	0.0
99.0	26.263911845730025	23.805785123966942	23.63608815426997	26.294214876033056	0.0
100.0	26.347933884297518	23.708815426997244	23.702203856749314	26.241046831955924	0.0
101.0	26.1702479338843	23.75151515151515	23.80771349862259	26.27052341597796	0.0
102.0	26.242424242424246	23.844628099173555	23.547658402203854	26.36528925619835	0.0
103.0	26.23498622589532	23.651790633608815	23.766391184573003	26.346831955922866	0.0
104.0	26.159779614325068	23.874104683195593	23.79724517906336	26.168870523415976	0.0
105.0	26.262809917355373	23.92534435261708	23.692011019283747	26.1198347107438	0.0
106.0	26.27438016528926	23.81597796143251	23.719559228650137	26.1900826446281	0.0
107.0	26.227272727272727	23.780440771349863	23.86694214876033	26.12534435261708	0.0
108.0	26.134710743801655	23.86556473829201	23.81184573002755	26.187878787878788	0.0
109.0	26.33829201101928	23.814600550964187	23.688429752066114	26.158677685950416	0.0
110.0	26.226649513362222	23.754480015206568	23.755030977876093	26.263839493555114	0.0
111.0	26.21645670397602	23.77569207798326	23.72500351238702	26.282847705653705	0.0
112.0	26.202958118572678	23.71040300164462	23.807372431480907	26.279266448301797	0.0
113.0	26.193795075509225	23.681687704199977	23.87121834039482	26.25329887989598	0.0
114.0	26.34255458647611	23.637335331485776	23.735406416493575	26.28470366554454	0.0
115.0	26.181949410747045	23.69435981068975	23.842568360504902	26.2811224180583	0.0
116.0	26.186081619385014	23.817775108677086	23.731274207855606	26.26486906408229	0.0
117.0	26.261287816596052	23.707582878331248	23.816397705797765	26.214731599274938	0.0
118.0	26.22519986115779	23.73513093591771	23.694084330113885	26.34558487281062	0.0
119.0	26.178368163260807	23.700144902782906	23.796563104335515	26.324923829620772	0.0
120.0	26.330984402289793	23.63678437033405	23.86405584542234	26.168175381953816	0.0
121.0	26.39985454625594	23.646426190489308	23.75744486256274	26.196274400692005	0.0
122.0	26.10068264086699	23.855515947570538	23.845047685687682	26.19875372587479	0.0
123.0	26.21803736618531	23.88802265552256	23.774249177690482	26.119690800601646	0.0
124.0	26.266797428113343	23.798491468366564	23.637335331485776	26.297375772034314	0.0
125.0	26.3480641979934	23.700695863934634	23.704552591996737	26.246687346075227	0.0
126.0	26.172307590591785	23.743395353193648	23.813918380614982	26.27037867559958	0.0
127.0	26.252472438168382	23.837885190715202	23.547253183178054	26.362389187938355	0.0
128.0	26.242279656861395	23.642018501275473	23.770667930204244	26.345033911658888	0.0
129.0	26.171481148864196	23.87011641809136	23.792430895697546	26.1659715373469	0.0
130.0	26.259156310864157	23.923074592081015	23.70021019225842	26.117558904796407	0.0
131.0	26.280368373640844	23.81067820749805	23.726931881730355	26.18202153713075	0.0
132.0	26.225068870523415	23.77658402203857	23.873002754820938	26.12534435261708	0.0
133.0	26.140220385674933	23.873002754820938	23.79366391184573	26.193112947658403	0.0
134.0	26.338567493112947	23.816528925619835	23.684297520661158	26.160606060606064	0.0
135.0	26.224039184680947	23.74965220289863	23.757365722770587	26.268942889649832	0.0
136.0	26.211366973462734	23.778302419565893	23.72788905754561	26.282441549425755	0.0
137.0	26.206683764969053	23.709707189276003	23.808330050496007	26.275278995258937	0.0
138.0	26.18534037471384	23.685044229015666	23.869067788439022	26.26054760783147	0.0
139.0	26.342366465838563	23.631049292418393	23.74289594679846	26.283688294944586	0.0
140.0	26.191401030862515	23.6883500414604	23.838213538954868	26.282035388722218	0.0
141.0	26.187544249676996	23.823612867323973	23.728846243908354	26.259996639090684	0.0
142.0	26.260272123461075	23.70487910368405	23.814246398730567	26.2206023741243	0.0
143.0	26.225836577161793	23.736008837538602	23.701297806868926	26.33685677843068	0.0
144.0	26.18816736272576	23.695853397833584	23.795028044386164	26.320951195054494	0.0
145.0	26.336653847425318	23.637175065289977	23.865001267231595	26.161169820053114	0.0
146.0	26.41020837695181	23.647368015074548	23.746267176497813	26.19615643147583	0.0
147.0	26.103042457768126	23.85535928770565	23.85122701076596	26.190371243760264	0.0
148.0	26.21957266746741	23.885662651930048	23.772438263782522	26.12232641682002	0.0
149.0	26.260895436864317	23.802466142877606	23.646541559686607	26.290096860571467	0.0
150.0	26.339133213589133	23.71155605020441	23.710178624557845	26.239132111648612	0.0
151.0	26.169434373932493	23.755082700635818	23.81376103317943	26.261721892252254	0.0
152.0	26.24271341832968	23.842411486627952	23.55122370494441	26.363651390097964	0.0
153.0	26.24601923988143	23.639103461195166	23.773815689429085	26.34106160949432	0.0
154.0	26.163098215958303	23.871061940076473	23.802190657748294	26.16364918621693	0.0
155.0	26.252978691166547	23.930632653342332	23.69729610600697	26.11909254948415	0.0
156.0	26.275017562225372	23.81162274962465	23.7240182371658	26.189341450984173	0.0
157.0	26.221094563546504	23.77036535039147	23.879733549314867	26.128806536747163	0.0
158.0	26.137897596103514	23.859623024072025	23.802321801462284	26.200157578362177	0.0
159.0	26.34589001471099	23.80700507446404	23.679454756827937	26.167650153997034	0.0
160.0	26.22144228676586	23.75087122892177	23.753626102982704	26.27406038132967	0.0
161.0	26.21675900086228	23.76464559922643	23.732964547525707	26.285630852385584	0.0
162.0	26.207392429055105	23.701008008418896	23.81230492048056	26.279294642045436	0.0
163.0	26.194588846555423	23.677722037185493	23.869186839343122	26.25850227691596	0.0
164.0	26.348311666129465	23.623175230239866	23.74659426817745	26.281918835453222	0.0
165.0	26.194313357631454	23.68240534889295	23.843841858338084	26.27943943513751	0.0
166.0	26.192109446239716	23.828965456443825	23.717943420084794	26.260981677231666	0.0
167.0	26.257675810144054	23.715464019769087	23.817670410561142	26.20918975952572	0.0
168.0	26.214975026929043	23.748798179569192	23.70830130774592	26.32792548575584	0.0
169.0	26.189426705969858	23.695418606573185	23.79128901622634	26.32386567123061	0.0
170.0	26.340395052205295	23.64059615967382	23.853549684564314	26.16545910355657	0.0
171.0	26.410644921347696	23.655197112868123	23.741425383619383	26.192732582164798	0.0
172.0	26.110085677291384	23.860161436954186	23.84886635995482	26.180886525799608	0.0
173.0	26.22771977189454	23.894322157635198	23.765392986032673	26.112565084437588	0.0
174.0	26.28557260530593	23.800380175762417	23.629025592991542	26.285021625940107	0.0
175.0	26.351139149838836	23.711672497864956	23.705336235157993	26.231852117138217	0.0
176.0	26.190528664701507	23.743353811399764	23.81057329403014	26.255544229868594	0.0
177.0	26.235984462381882	23.846937932174438	23.54968456431307	26.36739304113061	0.0
178.0	26.24011680762555	23.65023829857572	23.773382186837104	26.336262706961623	0.0
179.0	26.17950907738505	23.873935921099754	23.794319402738367	26.152235598776823	0.0
180.0	26.257269504034557	23.94067037844122	23.686117210163392	26.11594290736083	0.0
181.0	26.27490089231354	23.80953692811628	23.731297642628288	26.184264536941892	0.0
182.0	26.217671107584824	23.781502418812746	23.87296549748201	26.12786097612042	0.0
183.0	26.1347482561407	23.864425270256866	23.80712310048817	26.193703373114264	0.0
184.0	26.344121568757096	23.819244713323855	23.68618246333212	26.150451254586926	0.0
185.0	26.21223349596542	23.761732513836584	23.767793336951463	26.258240653246535	0.0
186.0	26.210856036166586	23.77440514398587	23.738591189216145	26.276147630631403	0.0
187.0	26.197081438178227	23.706909613842917	23.820136809307222	26.275872138671634	0.0
188.0	26.183175613317356	23.68059286196399	23.865999972450652	26.270231552267997	0.0
189.0	26.338278441257902	23.628249101202528	23.747262283565437	26.286210173974133	0.0
190.0	26.182900119839665	23.686929211950908	23.849194870311447	26.280975797897987	0.0
191.0	26.18813449591581	23.817237626899182	23.730181687948537	26.264446189236466	0.0
192.0	26.24929404796341	23.707315729300106	23.820543548631488	26.22284667410499	0.0
193.0	26.21265341543039	23.748639750953895	23.70180585974627	26.336900973869444	0.0
194.0	26.188757631190356	23.694157318228903	23.797192162739954	26.319892887840783	0.0
195.0	26.341932426773635	23.635201551583542	23.852015515835408	26.17085050580742	0.0
196.0	26.40006171070901	23.65035373459987	23.74677671743107	26.202807837260046	0.0
197.0	26.098946510039013	23.866892204615077	23.850087056178783	26.184074229167127	0.0
198.0	26.213276618253147	23.899125030304365	23.777907566173713	26.109690785268775	0.0
199.0	26.27333436184515	23.79416172613669	23.647323297996607	26.285180614021552	0.0
200.0	26.347442311506843	23.715370374451766	23.704626099222004	26.232561214819388	0.0
201.0	26.187655654243713	23.75173561369096	23.80518149560311	26.255427236462214	0.0
202.0	26.244682961232453	23.84319970026227	23.544563947722214	26.367553390783065	0.0
203.0	26.241652524629185	23.64429286139334	23.781213497013642	26.332841116963834	0.0
204.0	26.170299517334094	23.870473629691666	23.78093800277698	26.178288850197255	0.0
205.0	26.246132738998796	23.93996413055157	23.69752853439417	26.116374596055465	0.0
206.0	26.27313124857087	23.81130796759077	23.726455508935683	26.18910527490268	0.0
207.0	26.221685923819916	23.775559118633982	23.87721705208523	26.125537905460877	0.0
208.0	26.138210710172956	23.85958532379016	23.803659685604245	26.19854428043264	0.0
209.0	26.33932261103856	23.817434473334767	23.686022998385596	26.157219917241076	0.0
210.0	26.2132177717291	23.76212529030445	23.766533234521916	26.25812370344453	0.0
211.0	26.20798333797086	23.77204316479375	23.746146492516136	26.27382700471926	0.0
212.0	26.196963477427193	23.69738360961042	23.82686697099848	26.278785941963907	0.0
213.0	26.18636339843352	23.676025334798982	23.870802443116542	26.266808823650955	0.0
214.0	26.329071378784995	23.631670151716765	23.758950242300518	26.280308227197718	0.0
215.0	26.188567382686053	23.68346378165128	23.853721565159418	26.274247270503253	0.0
216.0	26.180026943707485	23.82644726003433	23.72726796867036	26.266257827587825	0.0
217.0	26.256615396482992	23.720105019849633	23.815702836803233	26.20757674686414	0.0
218.0	26.21749467600054	23.76749068127908	23.698340675355876	26.3166739673645	0.0
219.0	26.197730991960945	23.7006099543223	23.79841202497121	26.30324702874554	0.0
220.0	26.323909438037568	23.645234697419678	23.87114370567913	26.159712158863623	0.0
221.0	26.400773600603895	23.66534610913058	23.739730782581862	26.19414950768366	0.0
222.0	26.098551427359233	23.867562221401847	23.85185879033991	26.18202756089901	0.0
223.0	26.210679435117278	23.899244582316285	23.776372121726386	26.113703860840047	0.0
224.0	26.271289169040546	23.79703453101841	23.635041242168946	26.296635057772093	0.0
225.0	26.344296348539032	23.72815983337833	23.7006099543223	26.226933863760337	0.0
226.0	26.18891503066302	23.760117693083327	23.80061601529569	26.250351260957967	0.0
227.0	26.232994837152663	23.84194083387974	23.556248588068698	26.3688157408989	0.0
228.0	26.237953815382753	23.651295670812004	23.775270126564145	26.335480387241102	0.0
229.0	26.185058047595174	23.863705238334003	23.782984092699834	26.16825262137099	0.0
230.0	26.254005074701702	23.938431360664726	23.70205274714376	26.10551081748981	0.0
231.0	26.274116541819453	23.814732062913077	23.728500703901346	26.18265069136612	0.0
232.0	26.224598871550736	23.78008463369479	23.878162743542273	26.117153751212204	0.0
233.0	26.142499779599753	23.862459225954332	23.80405316053954	26.190987833906377	0.0
234.0	26.33700299744336	23.815348673190513	23.689445032178437	26.158203297187693	0.0
235.0	26.21392657896549	23.763895585095394	23.766650595771058	26.255527240168057	0.0
236.0	26.201253529857425	23.77491562779806	23.749294028514363	26.274536813830153	0.0
237.0	26.19932502238446	23.707693367311798	23.824505819960052	26.268475790343686	0.0
238.0	26.192857319965945	23.677794216098718	23.860176927760467	26.269171536174866	0.0
239.0	26.341077711014314	23.630132268791343	23.747771872839028	26.28101814735531	0.0
240.0	26.1889674401177	23.68898121566445	23.84767551424116	26.27437582997669	0.0
241.0	26.185352843772296	23.82690776440897	23.71559797328014	26.27214141853859	0.0
242.0	26.256316714702173	23.711720846673977	23.815323233937498	26.216639204686352	0.0
243.0	26.207599680361522	23.756854316497204	23.70394863740321	26.331597365738062	0.0
244.0	26.188494775362635	23.686676072483575	23.81012741942595	26.314701732727837	0.0
245.0	26.32958275118015	23.641344036684604	23.857119630067487	26.171953582067754	0.0
246.0	26.404138280750487	23.660350111338936	23.73035033181207	26.205161276098508	0.0
247.0	26.10633249091205	23.863489167491174	23.846126286024532	26.184052055572245	0.0
248.0	26.240663671691976	23.885290631976407	23.766777829837665	26.10726786649395	0.0
249.0	26.28283218035995	23.78607061158118	23.64440647135022	26.28669073670865	0.0
