# Position (bp)	A	C	G	T	N
0.0	26.331863684104164	23.834788276582483	23.698164978325284	26.13518306098807	0.0
1.0	26.297138595797126	23.749398715171733	23.67909464294355	26.27436804608759	0.0
2.0	26.149218392047608	23.676758938049066	23.884789308775694	26.289233361127636	0.0
3.0	26.25682904620988	23.69081493284771	23.74544730252675	26.306908718415663	0.0
4.0	26.22041777863764	23.818844991720677	23.720403552996206	26.240333676645477	0.0
5.0	26.293029871977243	23.802275960170697	23.580369843527738	26.324324324324323	0.0
6.0	26.158533463054944	23.699227928835178	23.79822600007965	26.34401260803022	0.0
7.0	26.276805447703243	23.754056906198358	23.806963798601096	26.162173847497307	0.0
8.0	26.205178234690134	23.74433639469036	23.769365761532708	26.2811196090868	0.0
9.0	26.21078407672115	23.758073552875196	23.862450264639048	26.168692105764606	0.0
10.0	26.16997315375165	23.846805751467443	23.79135004777722	26.191871047003684	0.0
11.0	26.125892979023526	23.852777904172545	23.871547526960004	26.14978158984393	0.0
12.0	26.325533512308326	23.78054329526323	23.75352641397825	26.1403967784502	0.0
13.0	26.27121536151431	23.79021249488101	23.74869181416936	26.189880329435315	0.0
14.0	26.292828866542294	23.900839514037404	23.676172817035994	26.13015880238431	0.0
15.0	26.18902716476316	23.80073485917095	23.690676616462667	26.31956135960322	0.0
16.0	26.228272739682396	23.766892660508717	23.703189698320973	26.30164490148792	0.0
17.0	26.281453337580196	23.803294353187425	23.677879146380306	26.237373162852073	0.0
18.0	26.206374846430357	23.816091823269783	23.76291122537198	26.21462210492788	0.0
19.0	25.962369750193382	23.786799836192383	23.90311461982982	26.34771579378441	0.0
20.0	26.194430541020157	23.783955953951857	23.85220912772444	26.169404377303547	0.0
21.0	26.329230559221006	23.674182099467625	23.64915593575101	26.347431405560357	0.0
22.0	26.415968967556992	23.658540747144745	23.71029940392228	26.21519088137598	0.0
23.0	26.186108812312835	23.70710371324648	23.70141596494072	26.405371509499965	0.0
24.0	26.164210981335657	23.872332801528866	23.850434970551685	26.113021246583795	0.0
25.0	26.31721141076065	23.828252752159212	23.712222686721667	26.142313150358472	0.0
26.0	26.29332286787645	23.742652140157496	23.688049756422178	26.275975235543875	0.0
27.0	26.148000898664232	23.68918730608333	23.901340317888252	26.261471477364186	0.0
28.0	26.258058828380726	23.697434541126686	23.74606478914095	26.29844184135164	0.0
29.0	26.197484308924363	23.828252752159212	23.726157670070783	26.248105268845645	0.0
30.0	26.28280053351079	23.798676460969247	23.590220485563073	26.328302519956885	0.0
31.0	26.157954458199317	23.708241262907634	23.79896084838454	26.334843430508514	0.0
32.0	26.255214954227846	23.757440285752473	23.81204266948779	26.175302090531886	0.0
33.0	26.19776869633965	23.74947743812441	23.78047566639081	26.272278199145134	0.0
34.0	26.208859805535884	23.76710945787227	23.849866195721106	26.174164540870738	0.0
35.0	26.16925553274143	23.856339261846124	23.78012365129652	26.19428155411593	0.0
36.0	26.13313843371233	23.842688704732762	23.875393164483523	26.14877969707139	0.0
37.0	26.330218352036493	23.7678950272158	23.749125511184925	26.152761109562782	0.0
38.0	26.27590051018957	23.785811383427085	23.750831830824097	26.187456275559246	0.0
39.0	26.29410125300739	23.89785970639927	23.68712923096174	26.120909809631605	0.0
40.0	26.19342839429634	23.799746327146977	23.69082625684661	26.315999021710073	0.0
41.0	26.229261106718916	23.761069748659118	23.701917334501214	26.30775181012075	0.0
42.0	26.279313149467914	23.79036156913154	23.693101349698832	26.237223931701713	0.0
43.0	26.206794564803175	23.812259337834224	23.768179413822327	26.212766683540274	0.0
44.0	25.96392840282794	23.789792795918483	23.898144093005797	26.348134708247777	0.0
45.0	26.20565701837706	23.77813294505082	23.854064168993897	26.162145867578218	0.0
46.0	26.331355898462604	23.67120358099615	23.657553023882787	26.33988749665846	0.0
47.0	26.40757150901221	23.655846704243615	23.722677556777786	26.213904229966385	0.0
48.0	26.187666187950576	23.70583133078334	23.707253259772205	26.399249221493882	0.0
49.0	26.156099364397743	23.87760035263839	23.84802422966997	26.118276053293897	0.0
50.0	26.31905242652182	23.824988980050335	23.71379413312099	26.142164460306855	0.0
51.0	26.294879633711094	23.73995762651613	23.69075888350136	26.274403856271416	0.0
52.0	26.148705333655638	23.693887127276863	23.896369815291425	26.261037723776077	0.0
53.0	26.255634393618383	23.68763063972585	23.745360956673824	26.311374009981943	0.0
54.0	26.194775832894905	23.822145122072605	23.738820083325038	26.24425896170745	0.0
55.0	26.288338760362308	23.797972329261878	23.59122385428072	26.3224650560951	0.0
56.0	26.158374450779924	23.714647290514314	23.806219517397302	26.32075874130846	0.0
57.0	26.259615794787212	23.755883231191437	23.81332916234163	26.171171811679724	0.0
58.0	26.19961039145705	23.74792042885378	23.788587597935358	26.263881581753807	0.0
59.0	26.210701437570204	23.762992876135765	23.858830889985356	26.16747479630867	0.0
60.0	26.16228145013594	23.841984324699407	23.800748501291107	26.194985723873547	0.0
61.0	26.12531140156298	23.8456813295567	23.878385603294316	26.150621665586005	0.0
62.0	26.334618753483717	23.76121898781695	23.76178775779499	26.142374500904342	0.0
63.0	26.287126460316916	23.786244866850947	23.754109363091377	26.172519309740753	0.0
64.0	26.296511164954666	23.89232046775643	23.69723236528683	26.11393600200207	0.0
65.0	26.18616978921385	23.803307966192314	23.694388515396604	26.31613372919724	0.0
66.0	26.22598368767703	23.773163157355903	23.710029689792854	26.290823465174213	0.0
67.0	26.283429455459622	23.795345186499674	23.683297500824715	26.237927857215986	0.0
68.0	26.203801658533255	23.812692670830064	23.770319307465677	26.213186363171005	0.0
69.0	25.964349497776105	23.78965748671922	23.908530412130727	26.337462603373947	0.0
70.0	26.204654813500323	23.780841552059517	23.844828174589633	26.169675459850527	0.0
71.0	26.33006859365935	23.674197181175987	23.64831814717492	26.347416077989738	0.0
72.0	26.409127620607677	23.65571215688951	23.731927333947606	26.20323288855521	0.0
73.0	26.19320492439647	23.70626526787568	23.70626526787568	26.394264539852173	0.0
74.0	26.14997852899439	23.884289764728965	23.84817297383381	26.11755873244283	0.0
75.0	26.312077511752175	23.831109923017202	23.71934694016841	26.137465625062212	0.0
76.0	26.29046431405114	23.74636343729471	23.688064680337963	26.27510756831619	0.0
77.0	26.151400449895775	23.68977098541962	23.910453109314435	26.24837545537017	0.0
78.0	26.257475749139026	23.69460551648433	23.747500974015818	26.30041776036083	0.0
79.0	26.207424133410306	23.813762488020316	23.733566149182252	26.245247229387125	0.0
80.0	26.29558322929612	23.78731475925457	23.604740115516854	26.31236189593245	0.0
81.0	26.16163828038574	23.71508117746426	23.798121358105092	26.32515918404491	0.0
82.0	26.27169495815287	23.734419301723083	23.82144086088779	26.172444879236256	0.0
83.0	26.19718630292034	23.7563168836044	23.786177222533464	26.260319590941794	0.0
84.0	26.20600221250892	23.76513279319298	23.857557651782948	26.17130734251515	0.0
85.0	26.169526615439743	23.84753638685239	23.7923660127745	26.19057098493337	0.0
86.0	26.122603359136388	23.851517754053887	23.87284650691905	26.153032379890682	0.0
87.0	26.343284855447934	23.76279014213481	23.759946308419455	26.133978693997804	0.0
88.0	26.28470188091162	23.786962728715327	23.748855356929568	26.179480033443486	0.0
89.0	26.28384873079701	23.89303772629807	23.70392278422696	26.119190758677956	0.0
90.0	26.187158384474944	23.809713398438166	23.69652881656704	26.306599400519854	0.0
91.0	26.236925474493656	23.761652608648667	23.70790415142846	26.29351776542922	0.0
92.0	26.293233382057686	23.795209846489858	23.682025264618726	26.22953150683373	0.0
93.0	26.201661936423253	23.819098049698837	23.76904657630859	26.210193437569316	0.0
94.0	25.967614421649536	23.781275061284614	23.907541278246377	26.34356923881947	0.0
95.0	26.206212070367823	23.780706294541545	23.845261319880105	26.167820315210527	0.0
96.0	26.333615820815726	23.665246645698133	23.658137061409747	26.343000472076394	0.0
97.0	26.41011494775877	23.65102747712136	23.736626871953543	26.202230703166325	0.0
98.0	26.201587423465543	23.696745810333894	23.712671233850624	26.38899553234994	0.0
99.0	26.148976649347766	23.883016388967093	23.85173430705923	26.11627265462591	0.0
100.0	26.317331126524646	23.813627043644193	23.726037214302167	26.14300461552899	0.0
101.0	26.292021078435557	23.743100168070093	23.69276445445471	26.27211429903964	0.0
102.0	26.147554736533774	23.68849871601273	23.917426679065745	26.24651986838775	0.0
103.0	26.26329843959288	23.684801742696347	23.748219054200472	26.303680763510307	0.0
104.0	26.208412604972715	23.812773895955797	23.73257801324654	26.246235485824954	0.0
105.0	26.301405703007912	23.79372026424828	23.60005573898231	26.3048182937615	0.0
106.0	26.162627012362112	23.705561669780657	23.796279707313467	26.335531610543768	0.0
107.0	26.27382059441643	23.73968757731651	23.819030312337368	26.16746151592969	0.0
108.0	26.20414686653073	23.750209732140064	23.79315149912268	26.252491902206526	0.0
109.0	26.20727507472152	23.768978981284782	23.857990723440803	26.165755220552896	0.0
110.0	26.167102718689566	23.84740075076783	23.7845523831191	26.2009441474235	0.0
111.0	26.129279945398704	23.838300534637696	23.886645432829027	26.145774087134573	0.0
112.0	26.35251962234103	23.741041974746903	23.764645660334434	26.141792742577636	0.0
113.0	26.285121146627233	23.789671254692298	23.750142190877032	26.175065407803434	0.0
114.0	26.2854055283813	23.887214196337165	23.708338073029232	26.119042202252302	0.0
115.0	26.192412694801504	23.805312251165965	23.704356728472302	26.297918325560232	0.0
116.0	26.2333636673871	23.749289045614834	23.7205664884541	26.296780798543967	0.0
117.0	26.2862586736435	23.783983619610964	23.683881242179503	26.24587646456603	0.0
118.0	26.210044363553635	23.805027869411898	23.7717552041861	26.21317256284837	0.0
119.0	25.97116369013764	23.7794335115459	23.90427710158116	26.3451256967353	0.0
120.0	26.207484927767034	23.765498805596632	23.8493914230463	26.177624843590035	0.0
121.0	26.347685132521896	23.648049141167103	23.655727448526903	26.348538277784094	0.0
122.0	26.405983392105565	23.657149357297236	23.7299510863383	26.206916164258903	0.0
123.0	26.20244057115394	23.687361185761535	23.719212032795	26.39098621028953	0.0
124.0	26.148692266784966	23.87448491208313	23.860550166505988	26.11627265462591	0.0
125.0	26.319037421901438	23.80708624469982	23.731724865558142	26.142151467840595	0.0
126.0	26.287470957430774	23.74395331575849	23.70214907902707	26.266426647783664	0.0
127.0	26.148976649347766	23.686508038073136	23.922545565196124	26.24196974738297	0.0
128.0	26.26073899652769	23.682242299631156	23.74622837626088	26.310790327580275	0.0
129.0	26.208128222409915	23.80936130520221	23.742815785507297	26.239694686880576	0.0
130.0	26.30197446813351	23.794289029373875	23.60403709486149	26.29969940763112	0.0
131.0	26.168314663618087	23.70470852209226	23.805379949323026	26.32159686496663	0.0
132.0	26.266426647783664	23.745375228572485	23.818745929774572	26.16945219386928	0.0
133.0	26.205568779344723	23.74907220188887	23.79542655962507	26.249932459141334	0.0
134.0	26.20969920685252	23.766554714094365	23.857842035963223	26.165904043089895	0.0
135.0	26.175363159630983	23.844543789600607	23.785960481861927	26.194132568906483	0.0
136.0	26.128155251453204	23.841415554721358	23.875257368415063	26.155171825410367	0.0
137.0	26.344572228099512	23.753824978102354	23.760934602827923	26.140668190970207	0.0
138.0	26.283998225437667	23.78823556177411	23.75524690304747	26.172519309740753	0.0
139.0	26.290254695196168	23.878101218305293	23.7105984597709	26.12104562672764	0.0
140.0	26.199535883697916	23.791932566631402	23.708038994869696	26.300492554800986	0.0
141.0	26.226417240653632	23.752538150463266	23.732915474612806	26.288129134270292	0.0
142.0	26.289266680696404	23.788086476279314	23.688266777387852	26.23438006563643	0.0
143.0	26.224142147801405	23.799461940540446	23.779270491476932	26.197125420181212	0.0
144.0	25.97445070726949	23.776995398624706	23.906960077808176	26.341593816297625	0.0
145.0	26.219307575490426	23.75538201652855	23.849229596682914	26.176080811298114	0.0
146.0	26.327374485971212	23.659828116735014	23.657553023882787	26.35524437341099	0.0
147.0	26.407002735799157	23.654993544424034	23.73064038176058	26.207363338016233	0.0
148.0	26.2085754181206	23.68065568362469	23.72160747142617	26.38916142682854	0.0
149.0	26.15539497146172	23.87034208962185	23.860672917502054	26.113590021414375	0.0
150.0	26.327164970295737	23.794979424570503	23.736680004436444	26.14117560069732	0.0
151.0	26.29474480495289	23.72985470646953	23.7042598390936	26.271140649483982	0.0
152.0	26.146578961587792	23.685774657099874	23.917266013144385	26.250380368167946	0.0
153.0	26.269718712407535	23.677243034641233	23.751183762616137	26.301854490335092	0.0
154.0	26.20630031879829	23.805501758936163	23.74947743812441	26.238720484141137	0.0
155.0	26.29332286787645	23.79952962321511	23.604439856327478	26.30270765258096	0.0
156.0	26.16904556739555	23.7090944251535	23.80607053376674	26.31578947368421	0.0
157.0	26.264884126347642	23.734973679944716	23.827399589913348	26.172742603794298	0.0
158.0	26.192365335449175	23.74350530240336	23.800667172876267	26.263462189271202	0.0
159.0	26.21725615773353	23.77037291933874	23.85568962918514	26.15668129374259	0.0
160.0	26.17325029149959	23.840969200580155	23.80030145323209	26.185479054688166	0.0
161.0	26.131444984785148	23.848078946620028	23.875949151096325	26.144526917498506	0.0
162.0	26.342746637090126	23.75280834968575	23.766743451923897	26.13770156130023	0.0
163.0	26.283877939879986	23.777834655746098	23.764752723032736	26.17353468134118	0.0
164.0	26.28814378750391	23.8773711003043	23.708159144555356	26.126325967636436	0.0
165.0	26.20623951312459	23.797741944657737	23.701618178198675	26.294400364018998	0.0
166.0	26.228002320634307	23.75152149430648	23.732751658002208	26.287724527057005	0.0
167.0	26.283174263710514	23.79076751566997	23.68753341599645	26.23852480462307	0.0
168.0	26.218333011023017	23.79275825588406	23.79389582172068	26.195012911372245	0.0
169.0	25.977453445118137	23.778538682926275	23.908789971219583	26.33521790073601	0.0
170.0	26.229993060848393	23.75749371494875	23.84565506728702	26.166858156915833	0.0
171.0	26.318723196104976	23.65056252630621	23.6724606686612	26.35825360892762	0.0
172.0	26.40489380822915	23.647434220255498	23.746971230959993	26.200700740555362	0.0
173.0	26.196793761571207	23.68816956604584	23.72684691448609	26.388189757896864	0.0
174.0	26.16124472807833	23.867621087117882	23.866767910314053	26.104366274489728	0.0
175.0	26.331595696576198	23.794816666524472	23.73708503613204	26.13650260076729	0.0
176.0	26.29434030947567	23.731112798505237	23.707223847998023	26.26732304402108	0.0
177.0	26.15271296004004	23.685325643366408	23.91938047988351	26.242580916710033	0.0
178.0	26.271588928040224	23.67508752172046	23.751589041797132	26.301734508442188	0.0
179.0	26.205325529609503	23.8181368324958	23.74703876551004	26.22949887238466	0.0
180.0	26.298037408958923	23.795385451060355	23.60541141607442	26.3011657239063	0.0
181.0	26.173473595599884	23.6998296490315	23.80505478817042	26.321641967198197	0.0
182.0	26.270166966700508	23.74391045056267	23.822118324247	26.16380425848982	0.0
183.0	26.191674700748237	23.750167080457416	23.804486003634533	26.253672215159813	0.0
184.0	26.217703519374336	23.76281549946676	23.855527906150016	26.163953075008887	0.0
185.0	26.16829340431825	23.841376015289057	23.799285600527835	26.19104497986486	0.0
186.0	26.136441198553	23.83853206834573	23.879200509635293	26.145826223465974	0.0
187.0	26.339499010306465	23.750654107796965	23.76686460537392	26.14298227652265	0.0
188.0	26.28717038654927	23.78335949764521	23.75890155393261	26.17056856187291	0.0
189.0	26.29826177962824	23.870668668805315	23.706572930175415	26.12449662139103	0.0
190.0	26.209246240302143	23.791322549086523	23.708279298341413	26.29115191226992	0.0
191.0	26.228449869462096	23.753064370261246	23.726899909561972	26.29158585071469	0.0
192.0	26.28276956504428	23.7832103793278	23.69618510787152	26.2378349477564	0.0
193.0	26.21707401698415	23.788613909254824	23.788329512942877	26.205982560818153	0.0
194.0	25.97419956658002	23.788045116630926	23.911188719704683	26.326566597084366	0.0
195.0	26.228449869462096	23.763587033803347	23.847199549516244	26.16076354721832	0.0
196.0	26.321163067157343	23.65352566107923	23.672295817667838	26.35301545409559	0.0
197.0	26.411885490668958	23.64271860122518	23.740266536223558	26.205129371882308	0.0
198.0	26.202928721549622	23.684876614309154	23.723270225612236	26.38892443852898	0.0
199.0	26.172782626748685	23.85665247525034	23.85978084357874	26.110784054422233	0.0
200.0	26.329485440289403	23.796644682769234	23.73237093347667	26.141498943464697	0.0
201.0	26.294504594435487	23.740049655737288	23.69056455672443	26.2748811931028	0.0
202.0	26.167663478574944	23.66752838994258	23.922917004388246	26.24189112709423	0.0
203.0	26.276303178706616	23.678335480531594	23.752847526171646	26.29251381459014	0.0
204.0	26.210323046689478	23.819396452430315	23.743746818307212	26.226533682573	0.0
205.0	26.309862038956716	23.783562415214107	23.607236200340708	26.299339345488466	0.0
206.0	26.1719294353864	23.694546116415115	23.813139715773517	26.320384732424966	0.0
207.0	26.27544998734433	23.741756038461865	23.819680849551077	26.163113124642727	0.0
208.0	26.192406028081372	23.74687518663561	23.794653902923887	26.26606488235913	0.0
209.0	26.23180203572617	23.752982631769047	23.865035734701483	26.1501795978033	0.0
210.0	26.180115921255453	23.840360846145533	23.79940731134356	26.180115921255453	0.0
211.0	26.144565977850963	23.826994067425446	23.88159878049474	26.146841174228854	0.0
212.0	26.345636457746757	23.74451819872703	23.776655347564688	26.133189995961526	0.0
213.0	26.29728853471665	23.772389354356147	23.76442616703354	26.16589594389366	0.0
214.0	26.301270128377958	23.86709440358571	23.70754625758636	26.124089210449974	0.0
215.0	26.203152284581567	23.800544909532505	23.703280264377817	26.293022541508115	0.0
216.0	26.23885147433564	23.74806607207863	23.731570804514014	26.281511649071714	0.0
217.0	26.2968693119767	23.775084182744813	23.693176647251548	26.234869858026936	0.0
218.0	26.21979659628686	23.793854659628686	23.797267473607572	26.189081270476883	0.0
219.0	25.97407398980706	23.790726246814707	23.909321532581	26.325878230797233	0.0
220.0	26.23259464870768	23.747212868583908	23.8578449217328	26.162347560975608	0.0
221.0	26.32019020749909	23.64539725154714	23.683222606479795	26.35118993447397	0.0
222.0	26.408070167455406	23.6516540771751	23.73413041499818	26.20614534037131	0.0
223.0	26.214183126430896	23.674473500846098	23.721399826514798	26.38994354620821	0.0
224.0	26.17436685010594	23.8564907640459	23.863885215363396	26.105257170484762	0.0
225.0	26.33050353369452	23.796481947584716	23.738463944939777	26.134550573780984	0.0
226.0	26.297228502765808	23.719977816646047	23.69722565874607	26.28556802184207	0.0
227.0	26.162421967208456	23.667363451502354	23.926169247614578	26.244045333674613	0.0
228.0	26.27931117841958	23.669354265318603	23.748418014021016	26.3029165422408	0.0
229.0	26.215889538273395	23.815536879825945	23.73789514099228	26.230678440908378	0.0
230.0	26.309457787637047	23.786527878503477	23.60536382122492	26.29865051263456	0.0
231.0	26.168963212604694	23.691537619271077	23.817527693642194	26.32197147448203	0.0
232.0	26.27646715868208	23.73618872914978	23.82805056667093	26.159293545497203	0.0
233.0	26.188018144845927	23.760647298892255	23.801316781138464	26.250017775123357	0.0
234.0	26.225992781836847	23.746277867996916	23.867718201545447	26.160011148620782	0.0
235.0	26.171461724855803	23.835648385151813	23.805217114319195	26.18767277567319	0.0
236.0	26.13790200561983	23.82597863554145	23.887125581607	26.148993777231723	0.0
237.0	26.339829129836296	23.74691421225669	23.77933631389145	26.13392034401556	0.0
238.0	26.289205146582027	23.765684902676814	23.784171188696632	26.160938762044527	0.0
239.0	26.28977395538264	23.87318976599206	23.7065287874134	26.1305074912119	0.0
240.0	26.20066098214438	23.805027332351152	23.69495844686261	26.29935323864186	0.0
241.0	26.243856096117963	23.743344104127793	23.729690984389933	26.283108815364308	0.0
242.0	26.28737387960142	23.765392591075496	23.681478257653982	26.2657552716691	0.0
243.0	26.222046478019806	23.78150949729888	23.788052491885264	26.20839153279605	0.0
244.0	25.964249440241716	23.775288698714903	23.92010037241352	26.340361488629867	0.0
245.0	26.226854222859547	23.750099582323283	23.850819989302014	26.17222620551515	0.0
246.0	26.336441524369942	23.640083428893373	23.67906623377732	26.344408812959365	0.0
247.0	26.435584393409034	23.6466604058169	23.725774780158797	26.19198042061527	0.0
248.0	26.228388279430938	23.668000705921198	23.72151408711295	26.38209692753491	0.0
249.0	26.1865453696693	23.83821880141412	23.85985187040653	26.11538395851005	0.0
