# Position (bp)	A	C	G	T	N
0.0	26.198454282386695	23.6064725204228	23.861705906161117	26.333367291029386	0.0
1.0	26.303631362593855	23.7367048736636	23.665669044623165	26.293994719119375	0.0
2.0	26.31729652043193	23.68325413126435	23.751259615755245	26.24818973254847	0.0
3.0	26.339003022977934	23.77993381385284	23.691281819733604	26.189781343435627	0.0
4.0	26.220563053018164	23.813024111179022	23.661331263042555	26.30508157276026	0.0
5.0	26.214931273417	23.773644119355485	23.8014485851381	26.20997602208941	0.0
6.0	26.21089287434793	23.870727980950544	23.773278460627917	26.145100684073608	0.0
7.0	26.14668923847668	23.82234333925155	23.83280344633002	26.198163975941753	0.0
8.0	26.24106447341982	23.939641670589076	23.688607392849377	26.13068646314173	0.0
9.0	26.2056930842953	23.85706185765638	23.617326969762026	26.319918088286293	0.0
10.0	26.28305163582719	23.78589338155356	23.771306212207534	26.159748770411717	0.0
11.0	26.19435560668696	23.75775457292739	23.792158179526275	26.255731640859377	0.0
12.0	26.14446722721455	23.85649607111894	23.92310127017766	26.075935431488844	0.0
13.0	26.372080862014396	23.68833170490044	23.763744203008244	26.17584323007693	0.0
14.0	26.179696423410903	23.734294796812858	23.76071669396012	26.32529208581612	0.0
15.0	26.162357053408016	23.809156838730097	23.74117549919496	26.28731060866693	0.0
16.0	26.18382484484016	23.78576245063096	23.760991922055403	26.269420782473475	0.0
17.0	26.27217306342631	23.707047215379745	23.69135921394856	26.329420507245377	0.0
18.0	26.1351094719749	23.65695570203806	23.81823936587447	26.389695460112566	0.0
19.0	26.261989623900806	23.70319402204577	23.850716281117975	26.184100072935447	0.0
20.0	26.295567451525454	23.723560901096786	23.669065738230557	26.311805909147207	0.0
21.0	26.2140999353214	23.715854514428834	23.88704638969546	26.18299916055431	0.0
22.0	26.300246329145278	23.833376911115085	23.807780698253676	26.058596061485957	0.0
23.0	26.19043031912698	23.686955564424018	23.78603767872624	26.336576437722766	0.0
24.0	26.28731060866693	23.764019431103527	23.749432342053478	26.199237618176063	0.0
25.0	26.204191723891174	23.59915780202843	23.870532703978423	26.32611777010197	0.0
26.0	26.30932885628965	23.73457002490814	23.672918931564535	26.283182187237674	0.0
27.0	26.31786092724345	23.68365282728061	23.754936903959155	26.243549341516783	0.0
28.0	26.321438892482146	23.79181746872721	23.693836266806116	26.192907371984532	0.0
29.0	26.2242833748469	23.81741368158862	23.65255205251352	26.305750891050963	0.0
30.0	26.215200847702537	23.772001045866762	23.805578873491406	26.2072192329393	0.0
31.0	26.20804491722515	23.863927229691605	23.776955151581873	26.15107270150137	0.0
32.0	26.147769964357963	23.81686322539805	23.838881473020766	26.196485337223223	0.0
33.0	26.247952991041323	23.926128779225785	23.697689460140094	26.1282287695928	0.0
34.0	26.20446695198646	23.856771299214223	23.61787331250774	26.32088843629158	0.0
35.0	26.27217306342631	23.781358801106418	23.782184485392268	26.164283650075	0.0
36.0	26.18843164453839	23.74578902173195	23.801384943963715	26.26439438976595	0.0
37.0	26.153405791317702	23.850309767516105	23.925997077093715	26.070287364072474	0.0
38.0	26.373587055543474	23.687375631989035	23.765264754208903	26.173772558258584	0.0
39.0	26.17184597219661	23.744072307527173	23.75370523783705	26.330376482439167	0.0
40.0	26.160286455824753	23.80572306151039	23.73636596327927	26.297624519385582	0.0
41.0	26.185607301210723	23.783980161668094	23.754530917577895	26.27588161954329	0.0
42.0	26.278909111926392	23.695632429397502	23.68820131172988	26.337257146946225	0.0
43.0	26.125057453548635	23.64691732468755	23.827741187932965	26.40028403383085	0.0
44.0	26.254138719700993	23.70058650784258	23.861318830727395	26.183955941729025	0.0
45.0	26.27698252586442	23.73031097851306	23.677742701679158	26.314963793943363	0.0
46.0	26.211203373176968	23.722054181104593	23.87535538632179	26.191387059396646	0.0
47.0	26.313312434461672	23.842878649848487	23.79361309197797	26.05019582371187	0.0
48.0	26.206249294731887	23.692329710434116	23.780677442704707	26.32074355212929	0.0
49.0	26.303954730732077	23.763338168146927	23.74269617462576	26.190010926495237	0.0
50.0	26.21725835794318	23.603981978163525	23.873979253420377	26.304780410472922	0.0
51.0	26.310009715498282	23.734714603797578	23.679669287741135	26.27560639296301	0.0
52.0	26.31111062181941	23.692329710434116	23.75398046441733	26.242579203329143	0.0
53.0	26.313587661041954	23.79196173249628	23.702237867324275	26.192212739137492	0.0
54.0	26.21698313136289	23.81287895259773	23.655449348676296	26.31468856736308	0.0
55.0	26.212029052917813	23.775998590839908	23.811227593116033	26.200744763126245	0.0
56.0	26.207900654213585	23.85801611176401	23.784530614828657	26.14955261919375	0.0
57.0	26.140745368624717	23.81453031207942	23.843979556169618	26.200744763126245	0.0
58.0	26.23734989830378	23.935630007403592	23.699760828101734	26.127259266190894	0.0
59.0	26.1982677239037	23.84975931435554	23.627651464067796	26.32432149767296	0.0
60.0	26.265147782912283	23.787833333792044	23.780126989544144	26.166891893751533	0.0
61.0	26.19186542558169	23.745933538468314	23.80235483213977	26.259846203810227	0.0
62.0	26.162069031950878	23.839995156038853	23.91733339938735	26.080602412622923	0.0
63.0	26.375368457556164	23.675685792056452	23.765409163343325	26.183536587044053	0.0
64.0	26.184637487305245	23.742015032793066	23.749721334621388	26.323626145280304	0.0
65.0	26.170325783909792	23.802014097027843	23.734308730964745	26.29335138809762	0.0
66.0	26.19592171498243	23.78577581817531	23.74917088449079	26.26913158235147	0.0
67.0	26.276012208983897	23.711465050545083	23.686970019733636	26.325552720737385	0.0
68.0	26.135922650747652	23.65779616281214	23.812747874574434	26.39353331186578	0.0
69.0	26.252893303498936	23.695501996757848	23.873297388939804	26.17830731080341	0.0
70.0	26.276837884179788	23.746143408772525	23.680639843231802	26.29637886381588	0.0
71.0	26.2275725974916	23.73238215550767	23.86614153724208	26.173903709758655	0.0
72.0	26.311791467472528	23.842196956561228	23.789628969089474	26.05638260687677	0.0
73.0	26.213536119161446	23.70293307352087	23.76871186412689	26.314818943190794	0.0
74.0	26.31124101734193	23.7579780865803	23.738712332009502	26.192068564068265	0.0
75.0	26.204178466941343	23.605228175340383	23.86999468815624	26.320598669562035	0.0
76.0	26.310965792276637	23.735134406160636	23.672107866207593	26.281791935355137	0.0
77.0	26.30656219123188	23.691648845843687	23.75219836020906	26.249590602715372	0.0
78.0	26.3142684930602	23.783849242718233	23.697703797280226	26.204178466941343	0.0
79.0	26.23004962307927	23.806968148203193	23.644585359677876	26.318396869039656	0.0
80.0	26.21656359487971	23.77173933984516	23.803940672484924	26.207756392790206	0.0
81.0	26.216013144749116	23.860912261001435	23.77063843958397	26.152436154665477	0.0
82.0	26.14858300375132	23.81219742444384	23.834490654732907	26.204728917071936	0.0
83.0	26.231976198536355	23.934947803566367	23.700456047933198	26.13261994996408	0.0
84.0	26.188490638219402	23.84797668293247	23.6327506818701	26.330781996978033	0.0
85.0	26.255095104021315	23.768987089192187	23.797335270917795	26.178582535868706	0.0
86.0	26.18621676666483	23.731766389607532	23.803875158253977	26.27814168547366	0.0
87.0	26.16632860040568	23.833809011369485	23.919678759072056	26.08018362915278	0.0
88.0	26.377975510608493	23.67390412862848	23.76417745313631	26.18394290762672	0.0
89.0	26.18366768407639	23.741333898459025	23.743260463311326	26.33173795415326	0.0
90.0	26.171557847861926	23.801607855981022	23.73527898035179	26.291555315805265	0.0
91.0	26.204584673901376	23.791424584618856	23.74353568686165	26.260455054618113	0.0
92.0	26.27063832598028	23.717389449580423	23.675005022829794	26.336967201609507	0.0
93.0	26.133026550815902	23.656565044957766	23.80876366828957	26.401644735936763	0.0
94.0	26.256601924913507	23.70225215431234	23.859955248650717	26.181190672123435	0.0
95.0	26.271188773080933	23.744361357512638	23.683812176440313	26.300637692966113	0.0
96.0	26.231281358283265	23.73307719194916	23.85912957799973	26.176511871767843	0.0
97.0	26.32127945924077	23.83958870592639	23.78812190201491	26.05100993281793	0.0
98.0	26.211740486209923	23.70417871916464	23.767204912189925	26.316875882435507	0.0
99.0	26.308068728824992	23.769681924142887	23.73555420390212	26.186695143130006	0.0
100.0	26.21862107496814	23.60014421714037	23.869037625811565	26.31219708207992	0.0
101.0	26.32045378858978	23.727847944492915	23.67142711667552	26.280271150241784	0.0
102.0	26.305041269771372	23.692619330050835	23.754544628874804	26.247794771302992	0.0
103.0	26.31164663497926	23.790874137518202	23.70417871916464	26.193300508337895	0.0
104.0	26.238437170591812	23.804635315034638	23.63647372578377	26.32045378858978	0.0
105.0	26.220272416270113	23.763351782485323	23.801607855981022	26.21476794526354	0.0
106.0	26.224400769525047	23.85279943634217	23.779039524854063	26.143760269278722	0.0
107.0	26.146787728332338	23.8128920215445	23.83958870592639	26.200731544196778	0.0
108.0	26.228529122779975	23.92821068913225	23.702802601412998	26.140457586674774	0.0
109.0	26.180915448573106	23.848395859536907	23.634822384481797	26.33586630740819	0.0
110.0	26.248895665504307	23.76940670059256	23.789773243316883	26.19192439058625	0.0
111.0	26.18607262579058	23.727782640047117	23.796037892674118	26.290106841488186	0.0
112.0	26.161781016835334	23.829824711085667	23.921198426830845	26.087195845248157	0.0
113.0	26.383609977349227	23.65671005083351	23.758542203923014	26.20113776789425	0.0
114.0	26.184074001700875	23.735423552951342	23.739001439411243	26.34150100593654	0.0
115.0	26.176092562674942	23.79074318206213	23.72386422746551	26.309300027797427	0.0
116.0	26.207743096743297	23.79074318206213	23.739276661446624	26.26223705974795	0.0
117.0	26.275172495410672	23.718635008793342	23.670195930566983	26.335996565228996	0.0
118.0	26.14444202860658	23.659737493222657	23.803128173654095	26.392692304516668	0.0
119.0	26.26251228178333	23.704598684989115	23.85872302480026	26.174166008427296	0.0
120.0	26.27104416488002	23.739001439411243	23.684782698441968	26.305171697266772	0.0
121.0	26.22838474939658	23.739551883481997	23.860649579047895	26.17141378807353	0.0
122.0	26.325813349920047	23.839732704359243	23.789917515955995	26.044536429764715	0.0
123.0	26.217100645946118	23.699919910387703	23.765973198878196	26.317006244787983	0.0
124.0	26.313153136292705	23.77478030401026	23.74037754958813	26.171689010108906	0.0
125.0	26.218751978158377	23.601665643758103	23.868355796038454	26.311226582045066	0.0
126.0	26.328290348238443	23.727166891890032	23.67322337295613	26.271319386915394	0.0
127.0	26.307923917620542	23.694690691715543	23.754689095427736	26.242696295236183	0.0
128.0	26.314529246469586	23.798449399052686	23.700195132423083	26.186826222054645	0.0
129.0	26.232860500575217	23.804019353666796	23.64659191615613	26.316528229601865	0.0
130.0	26.221576366068334	23.75833237005356	23.797964452224075	26.222126811654036	0.0
131.0	26.225154262375394	23.85466034755134	23.76218548915347	26.157999900919794	0.0
132.0	26.144789206862956	23.821908835202095	23.818330938895034	26.21497101903991	0.0
133.0	26.23451183733232	23.920163372249835	23.703563034276247	26.141761756141594	0.0
134.0	26.1769902736265	23.838422202773142	23.642188351470516	26.342399172129838	0.0
135.0	26.24386941228925	23.764112048703424	23.79548744708842	26.196531091918906	0.0
136.0	26.19495184963987	23.73307719194916	23.7928007023705	26.27917025604047	0.0
137.0	26.156767765729068	23.832498486266307	23.910937413992404	26.099796334012222	0.0
138.0	26.385073953178583	23.659512630113007	23.758043474670966	26.19736994203744	0.0
139.0	26.18643298095157	23.728384392451083	23.750402518873663	26.33478010772368	0.0
140.0	26.170745065875483	23.788383786952608	23.737191643020118	26.303679504151795	0.0
141.0	26.197442044162855	23.789209466693457	23.74489798726802	26.268450501875666	0.0
142.0	26.27395503348131	23.7250816734877	23.667834544789	26.33312874824199	0.0
143.0	26.143366314833415	23.667414369658854	23.802000908252715	26.387218407255013	0.0
144.0	26.264191448663077	23.706771987284462	23.861725404929334	26.167311159123123	0.0
145.0	26.280980362475404	23.735946165384565	23.679799633946633	26.3032738381934	0.0
146.0	26.229860128697013	23.7357362647041	23.854084671404273	26.180318935194613	0.0
147.0	26.335823237021582	23.841699373028675	23.783901313942543	26.038576076007203	0.0
148.0	26.225456467052354	23.701057429252423	23.761883005719255	26.311603097975965	0.0
149.0	26.321511336676444	23.772616930978106	23.742341757171086	26.16352997517436	0.0
150.0	26.238116994280748	23.60747961930345	23.85353421369869	26.30086917271711	0.0
151.0	26.332795719640885	23.725828026003622	23.66720428035912	26.27417197399638	0.0
152.0	26.31545630191504	23.69500239449102	23.748672020785282	26.240869282808653	0.0
153.0	26.316281988473417	23.794910468054187	23.698580369577304	26.190227173895092	0.0
154.0	26.22993232103883	23.809012668818962	23.647452887571458	26.313602122570757	0.0
155.0	26.224152499222477	23.770205293766324	23.789746596097793	26.215895610913403	0.0
156.0	26.231858928310942	23.86405859087944	23.764700701560276	26.139381779249337	0.0
157.0	26.138831320028732	23.829930119201943	23.821673230892873	26.20956532987645	0.0
158.0	26.227180024935805	23.934792600727157	23.69974651352891	26.138280860808127	0.0
159.0	26.17185887326502	23.838737466731622	23.661489597696878	26.32791406230648	0.0
160.0	26.231858928310942	23.78231539661963	23.80405853583352	26.181767139235905	0.0
161.0	26.185967654927172	23.739995376129823	23.808802968084287	26.26523400085872	0.0
162.0	26.155764303073507	23.83116221847296	23.917860022954276	26.095213455499255	0.0
163.0	26.372443783887928	23.669116230424134	23.7632455343627	26.195194451325243	0.0
164.0	26.16581665652893	23.745420816945522	23.745696049585913	26.34306647693963	0.0
165.0	26.161963399563483	23.801568275584938	23.727805927960606	26.30866239689097	0.0
166.0	26.194440851129418	23.786705713003915	23.752301632955255	26.26655180291141	0.0
167.0	26.270955525157643	23.717071854985427	23.6766126568482	26.33535996300873	0.0
168.0	26.142841021999462	23.65169668095132	23.812983896049563	26.392478400999654	0.0
169.0	26.260366006379925	23.70564257542104	23.861700341565587	26.172291076633446	0.0
170.0	26.27220107506461	23.743074420563296	23.676742989097978	26.307981515274122	0.0
171.0	26.226309154863674	23.7307541987086	23.857637493600787	26.185299152826936	0.0
172.0	26.331448891629005	23.84497668760287	23.777544133918298	26.046030286849824	0.0
173.0	26.22493298029869	23.69084513632385	23.773690845136326	26.310531038241137	0.0
174.0	26.3157605015881	23.777268899005303	23.74974540770548	26.157225191701116	0.0
175.0	26.22878626908066	23.60992607190237	23.858187963426786	26.303099695590188	0.0
176.0	26.322641374413063	23.732130373273588	23.671028222587978	26.27420002972537	0.0
177.0	26.305576809807167	23.701304063017787	23.752222521922462	26.240896605252583	0.0
178.0	26.328146072673025	23.7935077588722	23.69414795527983	26.184198213174948	0.0
179.0	26.22775751737425	23.80871120897268	23.646046927681827	26.317484345971238	0.0
180.0	26.221977568292846	23.763847794674188	23.79054565471685	26.22362898231611	0.0
181.0	26.231060345420765	23.854675565953347	23.77127915777885	26.142984930847035	0.0
182.0	26.13472786073075	23.828528177251773	23.81917016445331	26.217573797564164	0.0
183.0	26.233537466455655	23.930090139682104	23.699993119108235	26.136379274754006	0.0
184.0	26.178765568017614	23.841189018096745	23.655404940480288	26.324640473405353	0.0
185.0	26.236565058831623	23.79522466111608	23.79412371843391	26.174086561618388	0.0
186.0	26.1815899857978	23.7352886129185	23.809602448503263	26.27351895278044	0.0
187.0	26.155514514632983	23.83251266779147	23.92196475312601	26.09000806444954	0.0
188.0	26.362565437820994	23.66743549798801	23.770649726688724	26.19934933750227	0.0
189.0	26.16749375896246	23.73218173460934	23.7594303659849	26.3408941404433	0.0
190.0	26.164466133254066	23.800991409800147	23.731080779806287	26.3034616771395	0.0
191.0	26.201348119156336	23.791082816572672	23.74484271484445	26.26272634942654	0.0
192.0	26.262451110725777	23.739337940829184	23.675757800952876	26.322453147492165	0.0
193.0	26.14809575056631	23.672585248775867	23.796993826361955	26.382325174295868	0.0
194.0	26.262870920595947	23.70946743770626	23.86305147817758	26.164610163520212	0.0
195.0	26.27333004880009	23.75130395052282	23.680291974821024	26.295074025856064	0.0
196.0	26.210922662791276	23.744213058532747	23.86807149659527	26.17679278208071	0.0
197.0	26.32074381120671	23.851832279160405	23.79403167473123	26.033392234901658	0.0
198.0	26.2106474218178	23.705404081273155	23.774489565614694	26.30945893129435	0.0
199.0	26.300375979169765	23.778618180216778	23.748892155081773	26.172113685531684	0.0
200.0	26.220831337836277	23.623382271178418	23.85238276110735	26.30340362987796	0.0
201.0	26.312761822976015	23.742011130744967	23.671274200562593	26.273952845716426	0.0
202.0	26.294320677753376	23.706229804193573	23.758800830126773	26.240648687926278	0.0
203.0	26.32542290775574	23.803114626855812	23.678705706846344	26.192756758542103	0.0
204.0	26.23576656198306	23.80675828546421	23.639961796447732	26.317513356105	0.0
205.0	26.231362694286258	23.756664290413056	23.795473374491145	26.216499640809545	0.0
206.0	26.230812210824155	23.868137191488426	23.768774926579265	26.13227567110815	0.0
207.0	26.14741396631592	23.82657569009983	23.818043196437273	26.20796714714698	0.0
208.0	26.230536969093105	23.934195206940494	23.707396020555052	26.127871803411345	0.0
209.0	26.183195391352456	23.842814952231798	23.654549608193395	26.319440048222354	0.0
210.0	26.240170429679864	23.791069506794344	23.801803934305305	26.166956129220488	0.0
211.0	26.1794140637902	23.74819716169946	23.804621871869116	26.267766902641227	0.0
212.0	26.14810839079036	23.84129474423021	23.924968691080743	26.085628173898684	0.0
213.0	26.37277946899927	23.661075543469284	23.776127537061605	26.190017450469842	0.0
214.0	26.173024361913832	23.73875969205616	23.756100112024615	26.332115834005386	0.0
215.0	26.164216529548902	23.81169955382824	23.722245006371917	26.30183891025094	0.0
216.0	26.204952754236704	23.797662070996633	23.735181510157908	26.26220366460875	0.0
217.0	26.262754154131564	23.7412368949088	23.66994850170514	26.326060449254502	0.0
218.0	26.154451695654686	23.678060945030566	23.79669209024775	26.370795269067	0.0
219.0	26.259045280764965	23.696777691839774	23.86743038333549	26.176746644059772	0.0
220.0	26.2653759451269	23.74742300673528	23.679437176413597	26.307763871724227	0.0
221.0	26.222784949492166	23.737854724615342	23.85510996119017	26.184250364702322	0.0
222.0	26.330957033937956	23.84244859761636	23.78409622636316	26.042498142082522	0.0
223.0	26.227464149073793	23.688585505491176	23.761250722523464	26.32269962291156	0.0
224.0	26.324626352151054	23.770609121686714	23.7411576890259	26.163606837136328	0.0
225.0	26.23654730120283	23.625278687622142	23.850155514574332	26.288018496600703	0.0
226.0	26.31967190553522	23.736203242410063	23.6723459304726	26.27177892158212	0.0
227.0	26.30425807161928	23.70675180974925	23.7598744873524	26.229115631279072	0.0
228.0	26.315818447056234	23.805840742066003	23.6828053177727	26.19553549310506	0.0
229.0	26.21927890583498	23.816090435414484	23.64075759202222	26.32387306672832	0.0
230.0	26.206617507411046	23.76131612484139	23.80260329361508	26.229463074132486	0.0
231.0	26.216801675708556	23.850221161600732	23.791868629733916	26.141108532956792	0.0
232.0	26.136154072703953	23.82379737358557	23.831779559548483	26.208268994161994	0.0
233.0	26.216801675708556	23.92701529551979	23.71094577893749	26.145237249834164	0.0
234.0	26.170284798890204	23.840587488886868	23.65947444186629	26.32965327035664	0.0
235.0	26.217902666875855	23.789391399607496	23.80205279803143	26.19065313548522	0.0
236.0	26.18054102854878	23.74018738921246	23.803494555583693	26.275777026655067	0.0
237.0	26.158868395048817	23.819799783654044	23.924119271029735	26.097212550267407	0.0
238.0	26.36923144676939	23.649485557629106	23.77555008725427	26.205732908347233	0.0
239.0	26.172499690342825	23.72717138492451	23.753595463866446	26.34673346086621	0.0
240.0	26.170480413772978	23.809838394014715	23.719552645124708	26.3001285470876	0.0
241.0	26.206664941614317	23.793335058385683	23.74543732829765	26.254562671702352	0.0
242.0	26.267470124950794	23.725785450211003	23.68339192265659	26.323352502181613	0.0
243.0	26.152524735303352	23.667982579298876	23.807006821823226	26.372485863574546	0.0
244.0	26.262959965201492	23.702626956727617	23.8675344268433	26.16687865122758	0.0
245.0	26.277535040843127	23.757292432389274	23.66753941836743	26.297633108400163	0.0
246.0	26.227219788600742	23.734646846494623	23.85138725602218	26.18674610888246	0.0
247.0	26.341353275804153	23.84533204103773	23.779524090115594	26.033790593042532	0.0
248.0	26.223807032519208	23.691659553377207	23.764077429303082	26.320455984800507	0.0
249.0	26.31742710025608	23.767657020128315	23.75306330368698	26.16185257592863	0.0
