# Position (bp)	A	C	G	T	N
0.0	26.273182838047166	23.63872167709153	23.817433662279168	26.270661822582138	0.0
1.0	26.266946778711485	23.758823529411764	23.73361344537815	26.2406162464986	0.0
2.0	26.302212437714793	23.788677046833993	23.596254625000352	26.312855890450866	0.0
3.0	26.07385416812536	23.81789920320399	23.800815000490118	26.307431628180534	0.0
4.0	26.22947606018769	23.80286936090489	23.726696594349214	26.24095798455821	0.0
5.0	26.28548867190672	23.861660333612416	23.716611456621145	26.13623953785972	0.0
6.0	26.21490250540392	23.749538006652703	23.791257405893354	26.24430208205002	0.0
7.0	26.332337550710722	23.749275561142642	23.633645320334963	26.284741567811675	0.0
8.0	26.28073584044659	23.67013160804822	23.78855365526586	26.260578896239327	0.0
9.0	26.201106840633425	23.8718147539561	23.635554386072954	26.29152401933752	0.0
10.0	26.234454729429018	23.8093505344802	23.80011364177091	26.156081094319873	0.0
11.0	26.14236570817577	23.777721174596866	23.83762102428743	26.242292092939934	0.0
12.0	26.21038282721692	23.817187897991115	23.825585073181383	26.14684420161058	0.0
13.0	26.245650963016043	23.848537352034775	23.752249743186393	26.153561941762792	0.0
14.0	26.147963824969278	23.739094168721643	23.873728877605576	26.239213128703504	0.0
15.0	26.124451734436537	23.830343472455866	23.818587427189495	26.226617365918102	0.0
16.0	26.22297859000232	23.89388209806221	23.79115665490129	26.091982657034173	0.0
17.0	26.165877798708514	23.802912700167663	23.76624503517017	26.264964465953653	0.0
18.0	26.282038722173862	23.6251724919737	23.882405958635513	26.21038282721692	0.0
19.0	26.24117246958123	23.793115995779022	23.69290970517518	26.27280182946457	0.0
20.0	26.2632850309156	23.669397614642435	23.768484281887574	26.298833072554395	0.0
21.0	26.282598533853214	23.79059684322194	23.75113011982769	26.175674503097156	0.0
22.0	26.14628438993123	23.73545539280586	23.835101871730348	26.283158345532563	0.0
23.0	26.243691622138314	23.71362273731117	23.781080044672972	26.261605595877548	0.0
24.0	26.298833072554395	23.759527295017957	23.847977540355426	26.09366209207223	0.0
25.0	26.27168220610587	23.64532571243034	23.815508462953066	26.267483618510735	0.0
26.0	26.264331138877694	23.75442249988804	23.739027721796766	26.242218639437503	0.0
27.0	26.300718796184334	23.7863316762954	23.597395763357067	26.315553764163198	0.0
28.0	26.065878454028397	23.814322181915895	23.800326929105648	26.319472434950065	0.0
29.0	26.234027962436844	23.804178970791988	23.72748520006158	26.23430786670958	0.0
30.0	26.285250444348033	23.86267896379438	23.715449316333814	26.13662127552377	0.0
31.0	26.214994471890613	23.74875792478972	23.780946916154676	26.25530068716499	0.0
32.0	26.3370327348047	23.743999552153163	23.632317747330415	26.286649965711728	0.0
33.0	26.279932263165996	23.664226834422628	23.785985193063972	26.2698557093474	0.0
34.0	26.20071935398094	23.876114368885844	23.627839278966594	26.29532699816663	0.0
35.0	26.237106909436974	23.81089667333772	23.792982799882438	26.15901361734287	0.0
36.0	26.124865296068744	23.782626341791108	23.839167004884327	26.253341357255817	0.0
37.0	26.209116482163104	23.810056960519503	23.84252585615719	26.138300701160205	0.0
38.0	26.24578394189187	23.844765090339102	23.747638307698768	26.161812660070254	0.0
39.0	26.14949687206975	23.73532251969826	23.868556953521896	26.24662365471009	0.0
40.0	26.125145200341482	23.82349236561096	23.82349236561096	26.227870068436594	0.0
41.0	26.22059255734539	23.89206891243195	23.790183757155052	26.09715477306761	0.0
42.0	26.16964997970694	23.793822512700658	23.772269883699774	26.26425762389263	0.0
43.0	26.276293507620395	23.627839278966594	23.886190922704433	26.20967629070858	0.0
44.0	26.23850643080067	23.791863182791484	23.693896687332934	26.275733699074916	0.0
45.0	26.26173848543798	23.673183771150267	23.76443256406309	26.300645179348663	0.0
46.0	26.273774369165746	23.789903852882315	23.75351629742628	26.182805480525662	0.0
47.0	26.14361888234224	23.74232012651673	23.828530642520256	26.28553034862077	0.0
48.0	26.241025569255317	23.714609603515598	23.787104810154926	26.257260017074163	0.0
49.0	26.302604509257833	23.76247323415392	23.84756413306649	26.087358123521753	0.0
50.0	26.26873609225645	23.65275075924034	23.81733447161071	26.261178676892506	0.0
51.0	26.261385074426336	23.76044739773726	23.73805511859511	26.240112409241295	0.0
52.0	26.301971080371487	23.783399483857966	23.610699030974118	26.30393040479643	0.0
53.0	26.07217031567515	23.81558838512481	23.794875526918318	26.31736577228172	0.0
54.0	26.23192178398789	23.807964351591387	23.72483324796301	26.235280616457718	0.0
55.0	26.282584173741206	23.855547811580692	23.72343373443391	26.138434280244187	0.0
56.0	26.20868985940487	23.752543615839134	23.783053010773454	26.25571351398254	0.0
57.0	26.340244131140018	23.73826857784234	23.64058253351135	26.280904757506292	0.0
58.0	26.286222908916862	23.660175722918712	23.78641184324329	26.267189524921136	0.0
59.0	26.19301530787898	23.873461584753137	23.635264382100782	26.298258725267097	0.0
60.0	26.236400227281	23.813562405707774	23.793409410888774	26.156627956122453	0.0
61.0	26.120800409777562	23.77913437289198	23.8527487845225	26.247316432807956	0.0
62.0	26.21456781622708	23.81188298947286	23.839593357348985	26.133955836951078	0.0
63.0	26.24199828139739	23.851349270993403	23.746665659016923	26.15998678859229	0.0
64.0	26.154108831770078	23.739388188665618	23.86310518463782	26.24339779492648	0.0
65.0	26.1314367125987	23.830916373468582	23.81132318406122	26.2263237298715	0.0
66.0	26.206450637758316	23.886337109220833	23.80124668665172	26.105965566369132	0.0
67.0	26.16558484270867	23.795368729829512	23.77045738901158	26.268589038450234	0.0
68.0	26.2652302059804	23.634704576689142	23.885217498397555	26.214847718932898	0.0
69.0	26.245916919278862	23.79061038383058	23.69432385302869	26.269148843861874	0.0
70.0	26.251514973395246	23.685646869148282	23.76597894571847	26.296859211738	0.0
71.0	26.275586606095718	23.7894907730073	23.749744588780942	26.185178032116035	0.0
72.0	26.14683136141877	23.736589161607423	23.82783744370457	26.288742033269237	0.0
73.0	26.243957600338124	23.70943859914294	23.790330481124762	26.25627331939418	0.0
74.0	26.30161755773693	23.76961768089412	23.84239238440718	26.08637237696177	0.0
75.0	26.268868941156054	23.652338447155767	23.809083962414665	26.26970864927351	0.0
76.0	26.25060178913309	23.768431541587827	23.742120760885385	26.2388459083937	0.0
77.0	26.302103742848505	23.787184970386377	23.608887445838977	26.30182384092614	0.0
78.0	26.06782583382783	23.814615358778283	23.792783008833705	26.324775798560186	0.0
79.0	26.239332267842997	23.79467572053551	23.716023500499624	26.249968511121875	0.0
80.0	26.284116450069835	23.857373575653078	23.723300930111485	26.135209044165602	0.0
81.0	26.21526076989607	23.74961163716975	23.781240465867455	26.253887127066722	0.0
82.0	26.335338358491782	23.737855789335207	23.64604821577019	26.280757636402825	0.0
83.0	26.286915461459014	23.658083964743653	23.785998785229058	26.269001788568282	0.0
84.0	26.19958630611668	23.86968922576546	23.632892862241057	26.297831605876805	0.0
85.0	26.23401414620356	23.813149195704078	23.798594336480356	26.15424232161201	0.0
86.0	26.123733097469977	23.772843431699926	23.852335355152558	26.25108811567754	0.0
87.0	26.205464230033954	23.81398889912083	23.845337826679618	26.135209044165602	0.0
88.0	26.23653325645382	23.860172587042257	23.748212131475164	26.155082025028758	0.0
89.0	26.160959948946033	23.733657272251442	23.86353140070927	26.241851378093255	0.0
90.0	26.138287956693695	23.832742275428316	23.81063008545382	26.21833968242417	0.0
91.0	26.20826324142313	23.885083788405936	23.796075226230094	26.110577743940837	0.0
92.0	26.17551480816975	23.794955621674426	23.77536254195018	26.25416702820564	0.0
93.0	26.276279218180136	23.63373256565781	23.881165172461085	26.208823043700963	0.0
94.0	26.253887127066722	23.792716412563085	23.689992694580276	26.26340376578992	0.0
95.0	26.25780574301157	23.675157934217633	23.76108758386538	26.305948738905414	0.0
96.0	26.270681195401785	23.792436511424164	23.751850846281094	26.18503144689296	0.0
97.0	26.14892419997257	23.74261410869681	23.833022176567237	26.275439514763388	0.0
98.0	26.244370488343517	23.709305873165597	23.787678192062565	26.258645446428318	0.0
99.0	26.30482913434975	23.76584590322698	23.84897654148555	26.080348420937728	0.0
100.0	26.279078229569315	23.64884722715937	23.815668305954336	26.25640623731698	0.0
101.0	26.25101463878859	23.767458784672655	23.74646625801215	26.235060318526603	0.0
102.0	26.2952388949534	23.780334201024438	23.620790998404566	26.3036359056176	0.0
103.0	26.07719651803958	23.814202144036724	23.791810115598846	26.316791222324852	0.0
104.0	26.2529004593152	23.793422919856354	23.710012847390356	26.24366377343809	0.0
105.0	26.28788790581939	23.856400323563907	23.7212088302717	26.134502940345005	0.0
106.0	26.215953715806766	23.746119892182683	23.785585731839415	26.252340660171132	0.0
107.0	26.342748221937967	23.73464400972931	23.637518858233665	26.28508891009906	0.0
108.0	26.300203486988867	23.651793736407377	23.77634904596231	26.271653730641447	0.0
109.0	26.208396427361862	23.86619680858508	23.63388016379723	26.29152660025583	0.0
110.0	26.25010146359486	23.805738501025832	23.79062392413602	26.153536111243287	0.0
111.0	26.133103442484835	23.770471154949604	23.852201829983404	26.244223572582158	0.0
112.0	26.207556728645763	23.81413548818684	23.83876665052579	26.139541132641607	0.0
113.0	26.24170447643386	23.855000825703737	23.750038486191155	26.15325621167125	0.0
114.0	26.166971290700896	23.737722905021677	23.864237511580843	26.23106829269658	0.0
115.0	26.145419023654316	23.83008976379275	23.809377195462268	26.21511401709067	0.0
116.0	26.22630999997201	23.886349577771497	23.792583221140255	26.09475720111624	0.0
117.0	26.17760747443817	23.792583221140255	23.772710351525873	26.257098952895703	0.0
118.0	26.269974333209245	23.633600264225198	23.88103148590286	26.2153939166627	0.0
119.0	26.25849845075587	23.790344024563986	23.68902037948784	26.262137145192305	0.0
120.0	26.259618049044004	23.66242992014465	23.764593263936902	26.313358766874444	0.0
121.0	26.26801503620501	23.787824928415684	23.755076678487757	26.189083356891548	0.0
122.0	26.14178032921788	23.74192139860218	23.836807353521554	26.27949091865839	0.0
123.0	26.24366377343809	23.702455558945452	23.78362643483518	26.270254232781276	0.0
124.0	26.297124591696498	23.769071657089434	23.856400323563907	26.077403427650157	0.0
125.0	26.27361302764568	23.642277150958236	23.815255086474973	26.26885473492111	0.0
126.0	26.244576930612702	23.764939681473397	23.757382371875615	26.23310101603829	0.0
127.0	26.28656198393372	23.78089400173538	23.62498950373667	26.307554510594226	0.0
128.0	26.07467741484032	23.82791726145492	23.788451311333166	26.308954012371593	0.0
129.0	26.245769994038103	23.79467572053551	23.713504390249366	26.246049895177027	0.0
130.0	26.281877240958494	23.855414267680654	23.724420534667157	26.138287956693695	0.0
131.0	26.212181857367977	23.739255295029796	23.792996313702	26.255566533900225	0.0
132.0	26.33002023685234	23.74541312008599	23.644648710075604	26.27991793298607	0.0
133.0	26.293353187654123	23.65612465677123	23.77116402486642	26.279358130708236	0.0
134.0	26.20574413117287	23.87472744626598	23.634572269074564	26.28495615348659	0.0
135.0	26.241851378093255	23.809510480898147	23.787678192062565	26.160959948946033	0.0
136.0	26.125972306581314	23.76948461803291	23.850376047180134	26.25416702820564	0.0
137.0	26.204904427756116	23.810909986592733	23.834701583400744	26.149484002250407	0.0
138.0	26.235354049923586	23.861212653876944	23.755689038419554	26.14774425777992	0.0
139.0	26.16621788807219	23.74141396046643	23.856734198048514	26.23563395341286	0.0
140.0	26.13570840774101	23.834062015417086	23.812229543253487	26.218000033588417	0.0
141.0	26.219119647545526	23.89060252025102	23.789277457132783	26.101000375070676	0.0
142.0	26.16285904620087	23.800753500193135	23.77108373032978	26.26530372327621	0.0
143.0	26.28377735356849	23.63505063454121	23.869889662044528	26.21128234984577	0.0
144.0	26.244310961580446	23.794875526918318	23.691311235885866	26.26950227561537	0.0
145.0	26.260265460469228	23.665280211383116	23.759047880290876	26.31540644785678	0.0
146.0	26.266983144211874	23.781720062922304	23.75932778378015	26.191969009085668	0.0
147.0	26.140746670547994	23.741693863955707	23.836021339842024	26.281538125654276	0.0
148.0	26.242911444134066	23.700268147542726	23.784239194325796	26.272581213997416	0.0
149.0	26.30532992224281	23.774162668711828	23.840779699159732	26.07972770988563	0.0
150.0	26.273420924465245	23.639529090369642	23.810270218828546	26.276779766336567	0.0
151.0	26.25054231452843	23.761073712790225	23.75155696751711	26.23682700516423	0.0
152.0	26.282245062474807	23.778774239777867	23.626785794258588	26.312194903488738	0.0
153.0	26.075675130995567	23.822159523489635	23.79025034708227	26.311914998432535	0.0
154.0	26.234174823589345	23.797314583374153	23.7167017015476	26.251808891488903	0.0
155.0	26.281758816334182	23.85945367978212	23.723699347539487	26.135088156344207	0.0
156.0	26.208423486339193	23.742173132958072	23.793395901618695	26.256007479084037	0.0
157.0	26.32794327988065	23.74357266215645	23.65008411170482	26.27839994625808	0.0
158.0	26.296034014157637	23.65652194601736	23.771563246124003	26.275880793701	0.0
159.0	26.20478471042341	23.874008783445248	23.63636872556072	26.284837780570612	0.0
160.0	26.244251433817663	23.80683138192312	23.78723797314583	26.16167921111338	0.0
161.0	26.144604954893175	23.770443622765303	23.849936881233152	26.23501454110837	0.0
162.0	26.20674405130114	23.813549122075333	23.835381777570024	26.144325049053496	0.0
163.0	26.24727089514639	23.863292839948496	23.74657112467111	26.142865140234	0.0
164.0	26.17169568381571	23.733415439735765	23.862173207188043	26.232715669260482	0.0
165.0	26.1325085371998	23.844538991210882	23.80647147735543	26.216480994233894	0.0
166.0	26.224598331747185	23.883726137826795	23.79443542518054	26.09724010524548	0.0
167.0	26.167776969154115	23.807031293735655	23.77820075015395	26.246990986956277	0.0
168.0	26.281699602530367	23.632648491294855	23.879247606784975	26.206404299389803	0.0
169.0	26.24503162962548	23.805071936404858	23.691989027598947	26.257907406370713	0.0
170.0	26.255668140849803	23.672675362481105	23.763085707887814	26.308570788781278	0.0
171.0	26.267704193024688	23.78044001567486	23.76588478978895	26.185971001511504	0.0
172.0	26.145384313945026	23.740693052678722	23.838660919218498	26.275261714157754	0.0
173.0	26.243072272294686	23.70598443710463	23.790796618709066	26.260146671891622	0.0
174.0	26.31556849353412	23.768403963499974	23.84565862397134	26.070368918994568	0.0
175.0	26.26238593741253	23.63012931758383	23.820746795051225	26.286737949952414	0.0
176.0	26.255461723847407	23.751955863953043	23.75447504471546	26.238107367484094	0.0
177.0	26.285765469212723	23.774135218805455	23.635020069529585	26.305079242452234	0.0
178.0	26.077512609934555	23.814442223827037	23.795408360344624	26.31263680589378	0.0
179.0	26.24105335934635	23.794075413497843	23.71793974645703	26.24693148069877	0.0
180.0	26.29003770394982	23.848098147831955	23.722978136187674	26.138886012030554	0.0
181.0	26.20662436285363	23.73837321592019	23.791276308091934	26.263726113134243	0.0
182.0	26.321667595036622	23.74677053213793	23.656919248608144	26.274642624217297	0.0
183.0	26.297595288545782	23.65803889077051	23.770562928088182	26.273802892595526	0.0
184.0	26.211102931503095	23.878328486215807	23.634526405360848	26.276042176920257	0.0
185.0	26.252529691510595	23.808070940527408	23.78623791836129	26.15316144960071	0.0
186.0	26.14196502797706	23.773362033494095	23.851177163778456	26.233495774750388	0.0
187.0	26.211662752584274	23.815348614582778	23.834942352424164	26.138046280408783	0.0
188.0	26.24295319296635	23.85977483807039	23.75228828788481	26.14498368107845	0.0
189.0	26.172974970189276	23.734933688636094	23.856135970485983	26.23595537068864	0.0
190.0	26.132667513869684	23.836821980999513	23.808830691888687	26.221679813242122	0.0
191.0	26.22475885504431	23.883567433814598	23.80127304382876	26.09040066731233	0.0
192.0	26.16989592838709	23.800713218046543	23.778880012540096	26.25051084102627	0.0
193.0	26.286339691088134	23.635844525183764	23.877689263101324	26.20012652062678	0.0
194.0	26.242113454293026	23.806871301650926	23.696305709663154	26.254709534392894	0.0
195.0	26.25778857619509	23.668034507661215	23.760965587509165	26.313211328634527	0.0
196.0	26.26898509183942	23.778880012540096	23.764604455093576	26.187530440526906	0.0
197.0	26.148902461553963	23.73941229489383	23.832903200523997	26.278782043028208	0.0
198.0	26.23427589334199	23.711421005783002	23.79987347937322	26.25442962150179	0.0
199.0	26.305933593465713	23.774681319173474	23.84074076147503	26.078644325885787	0.0
200.0	26.26758552738388	23.634724873619327	23.81554860127528	26.28214099772151	0.0
201.0	26.254783024915117	23.75011546439078	23.74591675927144	26.24918475142266	0.0
202.0	26.280048817081497	23.780132791418943	23.63569693101788	26.304121460481678	0.0
203.0	26.075431348179993	23.82743833484487	23.786290909498057	26.310839407477076	0.0
204.0	26.24093424511058	23.793635287235027	23.71861800246885	26.246812465185542	0.0
205.0	26.290199327643588	23.850458081292985	23.71973766343551	26.139604927627914	0.0
206.0	26.209583738044117	23.737932154143728	23.79111605006004	26.26136805775211	0.0
207.0	26.323229326160043	23.746889441877002	23.645000293911004	26.28488093805196	0.0
208.0	26.305034835451824	23.655077242610936	23.76872283072686	26.27116509121038	0.0
209.0	26.204265348452488	23.880688927392786	23.62848529465278	26.286560429501947	0.0
210.0	26.24513297373555	23.809310540768255	23.787757067160065	26.157799418336126	0.0
211.0	26.128128402719657	23.76592367831021	23.8582957080596	26.247652210910537	0.0
212.0	26.2073444161108	23.832543505826436	23.824985794301483	26.135126283761277	0.0
213.0	26.256829989251163	23.860735399498388	23.747088857040488	26.13534575420996	0.0
214.0	26.173974381941957	23.733372895019706	23.85177803654604	26.240874686492297	0.0
215.0	26.13142690791831	23.84086125044787	23.803632210677176	26.22407963095665	0.0
216.0	26.228278394840558	23.87725053744178	23.801112952346827	26.093358115370833	0.0
217.0	26.177893228233607	23.800273199570047	23.777319957004657	26.24451361519169	0.0
218.0	26.28538158366177	23.631762809029023	23.876970619849516	26.205884987459694	0.0
219.0	26.24199435686134	23.8041920458617	23.70034261913293	26.253470978144033	0.0
220.0	26.258789412396986	23.655555804371193	23.76444374776066	26.32121103547116	0.0
221.0	26.26130867072734	23.78095888570405	23.763324077391616	26.194408366176997	0.0
222.0	26.1479420458617	23.73141347187388	23.837222321748477	26.283422160515947	0.0
223.0	26.23275707631673	23.714338498745967	23.79831377642422	26.254590648513076	0.0
224.0	26.310854084557505	23.77787979218918	23.841980920816912	26.069285202436404	0.0
225.0	26.278383643855246	23.628683715514153	23.810350232891437	26.282582407739163	0.0
226.0	26.258862915573815	23.75079426839134	23.73903769660767	26.251305119427176	0.0
227.0	26.287488173415518	23.78053218230575	23.62769632130241	26.304283322976325	0.0
228.0	26.083427106251715	23.815522077224095	23.78557072717399	26.315480089350196	0.0
229.0	26.24445408613137	23.78395778807261	23.7237750003499	26.24781312544612	0.0
230.0	26.284762557908437	23.85141849431063	23.721535640806728	26.142283306974207	0.0
231.0	26.20246609469692	23.739450517152093	23.791515626530813	26.266567761620173	0.0
232.0	26.327030469285784	23.750087474982156	23.644837576453135	26.27804447927893	0.0
233.0	26.30603647356856	23.65659421405478	23.77248107041386	26.264888241962797	0.0
234.0	26.2035857744685	23.876051449285505	23.62748253999356	26.29288023625243	0.0
235.0	26.24781312544612	23.80467186384694	23.79319514618819	26.154319864518747	0.0
236.0	26.1274475500007	23.769401951042003	23.859816092597516	26.243334406359782	0.0
237.0	26.208624333440632	23.829584738764716	23.830984338479194	26.13080658931546	0.0
238.0	26.24607408983266	23.865055060715147	23.754205832460908	26.13466501699128	0.0
239.0	26.17049507056841	23.735171116498062	23.85329832438515	26.24103548854838	0.0
240.0	26.142786357948484	23.821521251669147	23.811723340583786	26.223969049798583	0.0
241.0	26.229898315714028	23.87312981544526	23.792779071850923	26.10419279698979	0.0
242.0	26.16890989474981	23.805750541090692	23.775231066025665	26.250108498133834	0.0
243.0	26.280168346302794	23.633446366917653	23.879021396109444	26.20736389067011	0.0
244.0	26.233001769832203	23.808163631068396	23.70567018392813	26.25316441517127	0.0
245.0	26.255958415719576	23.66702328473245	23.762806042715752	26.314212256832224	0.0
246.0	26.249880963717743	23.794932695485585	23.76496356089336	26.190222779903316	0.0
247.0	26.14487833435573	23.728652140178095	23.837334700268624	26.289134825197547	0.0
248.0	26.239845369488485	23.714773936915236	23.797131491960332	26.248249201635947	0.0
249.0	26.30455487702392	23.776682167068184	23.844753207462603	26.07400974844529	0.0
