# Position (bp)	A	C	G	T	N
0.0	27.03698947652282	24.565994850623127	23.71390781202848	24.68272262066043	3.8524016513961744E-4
1.0	27.42036764753093	21.19642753953527	23.960654137800407	27.4224864684392	6.420669418993625E-5
2.0	28.051647864806384	21.652872928531526	24.52252691865654	25.772952288005545	0.0
3.0	28.66520703448542	22.934117511091706	22.32582329033625	26.074852164086625	0.0
4.0	28.365297565924223	23.095147900120068	22.387911163617918	26.15164337033779	0.0
5.0	27.12193493293611	23.13874424547503	24.325926021046953	25.413330593847718	6.420669418993625E-5
6.0	26.608135881823802	23.539956763239893	24.669608615505524	25.18229873943078	0.0
7.0	25.789822089785297	24.300741394221788	24.558274279264268	25.35109803007568	6.420665296496693E-5
8.0	25.59450545146587	24.616638126809423	24.575866902176667	25.212989519548035	0.0
9.0	25.879839817242186	24.38883292208972	24.318077190522327	25.41325007014577	0.0
10.0	25.970178577963893	24.184976798925952	24.21470447924873	25.630140143861425	0.0
11.0	26.40228935241812	23.782336878182644	24.07666017537405	25.738713594025185	0.0
12.0	26.612694554184312	23.42149548851953	23.696685203127377	26.269124754168775	0.0
13.0	26.304502619952473	23.664710289950825	23.71376417281606	26.317022917280642	0.0
14.0	26.142059787951105	23.96494059921501	24.21419082602501	25.678808786808872	0.0
15.0	26.18886643796257	23.958006280694793	24.49817685208906	25.35495042925358	0.0
16.0	25.941670824047446	24.15717531819212	24.6830278059752	25.218126051785234	0.0
17.0	25.890754948246226	24.260612236118682	24.806497199626833	25.04213561600826	0.0
18.0	26.02250700013034	24.255154670616662	24.40109639280603	25.32124193644697	0.0
19.0	25.978075996278584	24.305942133111948	24.167384176013552	25.54859769459592	0.0
20.0	26.02250700013034	24.12577826489225	24.224207063887544	25.627507671089862	0.0
21.0	26.041447962755004	23.86991475282686	23.947026943037784	26.141610341380357	0.0
22.0	25.81954977010808	24.013224002244666	23.902274905921203	26.264887115073087	6.420665296496693E-5
23.0	25.840224312362796	24.08166829430532	24.15910151778107	25.91900587555081	0.0
24.0	25.906292958263748	23.999162745245336	24.193708903729185	25.900835392761728	0.0
25.0	25.79425234883988	24.167063142748727	24.331111141074217	25.707573367337176	0.0
26.0	25.914639823149194	24.158395244598456	24.519814494138252	25.407150438114094	0.0
27.0	25.95579628769974	24.149470519836324	24.25945651636531	25.635276676098623	0.0
28.0	25.73254975534055	24.24687201238418	24.170080855438076	25.850497376837193	0.0
29.0	25.741410273449716	24.214640272595766	24.254576810739977	25.78937264321454	0.0
30.0	25.760158616115486	24.121733245755458	24.005776030500726	26.112332107628326	0.0
31.0	25.478805062823	24.19608454988889	24.031843931604506	26.293266455683607	0.0
32.0	25.557715039316943	24.21663067883768	24.102086009948177	26.123568271897195	0.0
33.0	25.70718812741939	24.03165131164561	23.98458783502229	26.27657272591271	0.0
34.0	25.590974085552798	24.11364320748187	23.944201850307326	26.351180856658008	0.0
35.0	25.727274780515664	24.14737473824819	24.098589686091422	26.026760795144728	0.0
36.0	25.861223715899577	24.015046294041674	23.972580057621617	26.15114993243713	0.0
37.0	25.698425251964263	24.08998821866318	23.91271213438443	26.298874394988125	0.0
38.0	25.73360348300426	24.107559330554864	24.101951371739712	26.056885814701165	0.0
39.0	25.765054688623806	24.087368606119373	23.951912370337617	26.195664334919204	0.0
40.0	25.595490493016992	24.247282517247182	23.917482752818444	26.239744236917385	0.0
41.0	25.677207515293542	24.300516369878878	23.998732918239167	26.023543196588417	0.0
42.0	25.762849518505625	24.077550152210787	23.89778396565727	26.261816363626316	0.0
43.0	25.611425004120942	24.177337275408675	23.832230323818344	26.379007396652042	0.0
44.0	25.674061884416332	24.186518905159225	23.91060885911946	26.228810351304983	0.0
45.0	25.900878902690938	24.052909096475204	23.719949443779527	26.326262557054324	0.0
46.0	25.740358460334612	24.144427469538325	23.71680888325819	26.398405186868874	0.0
47.0	25.857442053586695	24.043410961580733	23.86557225899421	26.23357472583836	0.0
48.0	25.923191067016948	23.97434742945739	23.71829155133059	26.384169952195073	0.0
49.0	25.77673666061939	24.145903295119723	23.769315886311293	26.30804415794959	0.0
50.0	25.908300350821506	24.164939011285146	23.901822883084847	26.0249377548085	0.0
51.0	26.03463355204051	24.097492581198445	23.695158721515885	26.172715145245164	0.0
52.0	25.833730149334354	24.18481716209473	23.662686229476282	26.31876645909463	0.0
53.0	25.865900757583983	24.146134439485582	23.833219315676885	26.15474548725355	0.0
54.0	26.018635236381726	24.01727368960474	23.594969757951397	26.369121316062138	0.0
55.0	25.84697660779663	24.09335977307501	23.553822584687982	26.505841034440376	0.0
56.0	26.030769107318747	24.003233785434723	23.772134478933253	26.193862628313276	0.0
57.0	26.15228312260971	23.960035725513137	23.53095482471389	26.356726327163255	0.0
58.0	25.99927746133661	24.012404301484665	23.512359954051735	26.475958283126992	0.0
59.0	26.08996905647559	24.064748565585987	23.646094265830857	26.199188112107567	0.0
60.0	26.137039482618935	24.029090977207698	23.4221703966994	26.411699143473967	0.0
61.0	25.93568214246515	24.112123318577055	23.532726008853764	26.419468530104023	0.0
62.0	26.172020134672252	24.037673620830937	23.623630246797337	26.16667599769948	0.0
63.0	26.22286091480316	24.075507984173765	23.381815235739985	26.319815865283086	0.0
64.0	26.139388237122645	24.040044074015483	23.357562940080985	26.46300474878089	0.0
65.0	26.107013883141157	24.14063486946711	23.496356056612896	26.25599519077884	0.0
66.0	26.14551933912668	23.9114656165407	23.396394655435028	26.546620388897598	0.0
67.0	26.025687675150493	24.122412241224122	23.341695871714833	26.510204211910555	0.0
68.0	26.17788671097014	24.0695600276282	23.449434359555536	26.30311890184613	0.0
69.0	26.22846270392164	23.98682216976146	23.280187449349917	26.504527676966983	0.0
70.0	26.131706710745767	23.973389285588397	23.30218484651161	26.592719157154228	0.0
71.0	26.115223474604093	24.12572107492926	23.374357090374726	26.384698360091924	0.0
72.0	26.36368884636954	23.928265100781843	23.19322567875169	26.51482037409692	0.0
73.0	26.146085956991026	24.099698266666085	23.279183883173033	26.475031893169852	0.0
74.0	26.385136223665494	24.03603172338242	23.31889548130521	26.25993657164688	0.0
75.0	26.369785492967	23.97450158087278	23.228485404613373	26.427227521546847	0.0
76.0	26.16463249603691	24.05820262659329	23.181296799886585	26.595094791921742	7.73285561469758E-4
77.0	26.2672282090315	24.023700658928608	23.3910089451403	26.317515584987035	5.46601912560092E-4
78.0	26.357078893297125	23.94591101283541	23.041433253830483	26.655576840036975	0.0
79.0	26.291997218136277	24.005576036582738	22.95653030200454	26.745896443276447	0.0
80.0	26.43699589850266	23.90087066873377	23.253265825434514	26.408213461022694	6.541463063628811E-4
81.0	26.46713962138108	23.896274698778413	23.009397626412166	26.626840122054325	3.4793137401578915E-4
82.0	26.298184135074866	24.06409980959719	22.98687924609378	26.649355075309128	0.0014817339250390808
83.0	26.258451252425232	23.897039937724493	23.363983735661026	26.47973477589116	7.90298298092615E-4
84.0	26.59153932385391	23.92429389007358	23.012735686049744	26.470166802929796	0.0012642970929595508
85.0	26.311978918398733	24.010450862061212	22.982902677471287	26.693318463489433	0.0013490785793303175
86.0	26.573966967932687	23.922569992752337	23.131566695305338	26.371416366280602	4.799777290333728E-4
87.0	26.503955010791053	23.78748032747387	22.896000902244847	26.81102584213791	0.0015379173523214864
88.0	26.303982666455106	24.07655648995716	22.98500276308086	26.633910935781625	5.471447252512762E-4
89.0	26.593604528760906	23.966642494561277	23.05024678939858	26.38950618727923	0.0
90.0	26.647546566192414	23.845139682956244	23.050968189401466	26.45634556144988	0.0
91.0	26.37592597544995	23.998475650522824	22.96419115877303	26.660738640922098	6.685743320942422E-4
92.0	26.58132691853347	23.933074163964	23.068937620366988	26.416661297135533	0.0
93.0	26.587131202846102	23.703459485984173	23.10541004723057	26.60323253388947	7.667300496841072E-4
94.0	26.588229502547566	23.85605631722746	22.759084680959297	26.795809026837652	8.204724280240562E-4
95.0	26.734022721677043	23.98965917484436	22.924800393936195	26.3515177095424	0.0
96.0	26.7525467173026	23.58434558082117	23.08866628344186	26.57444141843437	0.0
97.0	26.44913977080784	23.929644276770272	22.893930352284336	26.725262721378794	0.0020228787587615936
98.0	26.712760637488316	23.97864892483639	22.864348922662145	26.443154393059814	0.0010871219533407257
99.0	26.667990468625895	23.632201093304676	22.7876933140214	26.910947063495772	0.0011680605522590292
100.0	26.071356884785228	24.178291850662383	22.98273785628262	26.76761340826977	0.0
101.0	26.590366805516236	24.030412100133457	23.06385732195576	26.31536377239455	0.0
102.0	26.774800868935557	23.761042722664737	22.601013758146273	26.86314265025344	0.0
103.0	26.41518253634366	23.761666588759564	22.88287446049331	26.940276414403463	0.0
104.0	26.957806048806688	23.83941458829848	22.839112483635997	26.361988520022827	0.0016783592360108757
105.0	26.759138852766938	23.701415980349662	22.69361363964745	26.844025429851175	0.0018060973847709868
106.0	26.253038996401827	23.992998152290188	22.777399591558883	26.97461830205193	0.0019449576971700864
107.0	26.586660512347105	24.01233661330592	23.19409185321948	26.2048129576401	0.002098063487401129
108.0	27.135997100661413	23.511823865180755	22.74621726918547	26.603696656700187	0.00226510827217541
109.0	26.73651817116061	23.903380226651034	22.398886283704574	26.961215318483784	0.0
110.0	26.745933405394005	23.919749017953652	22.78083889167172	26.553478684980625	0.0
111.0	26.690432054755455	23.593326679024667	22.857550263795808	26.855839155853417	0.002851846570654499
112.0	27.115818075153612	23.608237873220737	22.546083305029796	26.729860746595858	0.0
113.0	26.632947008776043	23.715415019762844	23.259864674750453	26.391773296710657	0.0
114.0	26.887580844415375	23.606569290022527	22.850810260882206	26.655039604679892	0.0
115.0	26.899822169531713	24.315352697095435	22.16162813673187	26.62319699664098	0.0
116.0	26.687037355827165	23.52384231365123	22.736271303150286	27.052849027371323	0.0
117.0	26.981678818470744	23.91101140400075	22.980931015143018	26.126378762385492	0.0
118.0	27.142056170039247	23.783067434629697	22.61583159182425	26.459044803506803	0.0
119.0	26.51952085181899	23.985137533274177	23.11446317657498	26.380878438331855	0.0
120.0	26.79220150157423	23.643739404214095	22.99588278033422	26.562121579074837	0.006054734802615645
121.0	26.900391013320963	23.78553913446882	22.73841871562065	26.575651136589567	0.0
122.0	27.02820271152034	23.664177481331112	22.446168346262596	26.861451460885956	0.0
123.0	27.045979759343375	24.049725077695435	22.376284962945256	26.528010200015938	0.0
124.0	27.549947423764458	23.370136698212406	22.362425516999647	26.717490361023483	0.0
125.0	26.695038204855404	23.73537092562143	22.88422477995938	26.68536608956379	0.0
126.0	27.363989637305696	23.618307426597582	22.376943005181346	26.64075993091537	0.0
127.0	27.14251324025036	24.2176215695715	22.159364467982666	26.480500722195476	0.0
128.0	27.27272727272727	24.23792824386296	22.093336930132182	26.396007553277585	0.0
129.0	26.666666666666668	24.768413059984816	22.414578587699317	26.150341685649202	0.0
130.0	25.997935306262903	23.9504473503097	22.298692360633172	27.75292498279422	0.0
131.0	26.867446007529228	23.320784624529423	22.805627105211016	27.006142262730336	0.0
132.0	27.122533272143183	24.414869206057823	21.294171638366226	27.168425883432768	0.0
133.0	25.494917067950773	24.79935794542536	22.792937399678973	26.91278758694489	0.0
134.0	27.475326329194523	24.132441897484878	21.840178287169692	26.552053486150907	0.0
135.0	27.234369006520904	25.431530494821637	19.90794016110472	27.42616033755274	0.0
136.0	26.682808716707022	24.891041162227605	21.404358353510897	27.021791767554483	0.0
137.0	27.75689223057644	22.431077694235587	22.36842105263158	27.44360902255639	0.0
138.0	25.26690391459075	25.800711743772244	22.064056939501782	26.868327402135233	0.0
139.0	27.023319615912207	28.669410150891633	23.18244170096022	21.124828532235938	0.0
140.0	29.44606413994169	23.323615160349853	26.239067055393583	20.99125364431487	0.0
