# Position (bp)	A	C	G	T	N
0.0	26.115452257180312	23.95038652290622	23.873350671376404	26.060810548537066	0.0
1.0	26.013633554189347	24.045934865888942	23.984724208665636	25.95570737125607	0.0
2.0	25.957852118143055	23.956156170502453	24.035280488241828	26.05071122311266	0.0
3.0	26.03309856421617	24.140216576749797	23.893007383433996	25.933677475600035	0.0
4.0	25.96087821014229	23.96120064247628	23.929554505991867	26.148366641389565	0.0
5.0	26.079428245598844	23.925199048270137	23.901913311381055	26.093459394749964	0.0
6.0	26.121053809985824	23.917008731994922	23.983879393984626	25.97805806403463	0.0
7.0	25.960685980387765	24.004537381154943	23.91080463887521	26.123971999582086	0.0
8.0	26.09497711988108	23.96666338315319	23.886963555985396	26.05139594098034	0.0
9.0	26.02428555224558	23.935716119326354	23.96616260812981	26.073835720298256	0.0
10.0	26.1611247089726	23.886932123455313	23.95439078263984	25.99755238493224	0.0
11.0	25.947925652421787	23.960587545258356	24.05759638948006	26.033890412839796	0.0
12.0	26.073589416782827	24.030135424346533	23.763883458051883	26.13239170081875	0.0
13.0	26.083141056829273	23.917903653800806	24.07192384954973	25.92703143982019	0.0
14.0	26.201342602404026	23.933723557627733	23.75283937424818	26.11209446572006	0.0
15.0	26.070903018019763	23.932828091373377	23.87402580733745	26.12224308326941	0.0
16.0	26.097468516898942	23.953125326472072	23.905665614991296	26.04374054163769	0.0
17.0	25.976879061312573	24.03550822187266	23.90775503625146	26.079857680563308	0.0
18.0	25.93240423734632	23.897009441199206	24.053417546959743	26.117168774494733	0.0
19.0	26.079857680563308	23.95700568024094	23.96745278654174	25.99568385265401	0.0
20.0	26.09530120410003	23.886789524270046	23.933950606228844	26.08395866540108	0.0
21.0	25.9400875166407	24.00439374130654	23.87902883989708	26.17648990215568	0.0
22.0	26.10425583991499	23.8978335751085	23.931264215484358	26.06664636949215	0.0
23.0	26.023962605440836	23.945293144927795	23.936338509112833	26.094405740518532	0.0
24.0	26.07231763884163	23.907385186644458	23.90201240515548	26.11828476935843	0.0
25.0	26.148432043268798	23.929771776181862	23.85903015324367	26.062766027305667	0.0
26.0	26.038588510605276	24.02230301293646	23.9676797344652	25.971428741993062	0.0
27.0	25.985756159297	23.945293144927795	24.015437792144994	26.05351290363021	0.0
28.0	26.06664636949215	24.09990985666613	23.884401621386058	25.94904215245566	0.0
29.0	25.993516843669966	23.935443045531336	23.93007026404236	26.140969846756335	0.0
30.0	26.10634525493848	23.90022147799249	23.884401621386058	26.10903164568297	0.0
31.0	26.140074383174838	23.891565330038027	23.978425297443152	25.989934989343983	0.0
32.0	25.974413620598053	23.98827539683961	23.928577824739868	26.10873315782247	0.0
33.0	26.11082257284596	23.94917348711428	23.882610694223068	26.05739324581669	0.0
34.0	26.053811391490704	23.92410050683239	23.970963100930685	26.051125000746218	0.0
35.0	26.181265707923657	23.873656058408105	23.942308266322808	26.00276996734543	0.0
36.0	25.963889046423677	23.957459637099543	24.03178289251783	26.04686842395895	0.0
37.0	26.09044752151345	24.008799395862372	23.764338567799822	26.13641451482436	0.0
38.0	26.081492912426906	23.91925330499697	24.05685579796014	25.942397984615983	0.0
39.0	26.180590586317955	23.93925193195691	23.756577906591488	26.123579575133647	0.0
40.0	26.06358369425383	23.917760870149213	23.878062103198886	26.140593332398076	0.0
41.0	26.08865659969614	23.946415619226144	23.906119878336714	26.058807902741005	0.0
42.0	25.97821642096214	24.03655868403065	23.915969948331906	26.0692549466753	0.0
43.0	25.933741862498994	23.89238947773735	24.055064876142833	26.118803783620827	0.0
44.0	26.08238837333556	23.95925055891685	23.957758124069095	26.00060294367849	0.0
45.0	26.092757533788625	23.885751468551504	23.92156979798462	26.099921199675247	0.0
46.0	25.95127513252782	23.996191317636946	23.887840871101773	26.164692678733463	0.0
47.0	26.087683270452267	23.8887363293376	23.937091074072306	26.08648932613783	0.0
48.0	26.006793543149147	23.944851712116147	23.937688046229525	26.11066669850518	0.0
49.0	26.044701275132525	23.918584937198528	23.916197048569654	26.120516739099287	0.0
50.0	26.148574430488562	23.934703185443432	23.86336501265581	26.053357371412194	0.0
51.0	26.01365872295716	24.01022016333158	23.992907970772244	25.983213142939015	0.0
52.0	25.992466211375902	23.934404699364823	24.024249009026217	26.048880080233054	0.0
53.0	26.064699842399353	24.102153875543245	23.88366206600124	25.949484216056163	0.0
54.0	25.99724198863365	23.937091074072306	23.920077367591574	26.14558956970247	0.0
55.0	26.116039447920148	23.891422704045084	23.88843784325899	26.104100004775777	0.0
56.0	26.14170925068055	23.889930273652038	23.983057930178138	25.98530254548928	0.0
57.0	25.9891828645112	23.996191317636946	23.916794020726872	26.097831797124982	0.0
58.0	26.121710683413724	23.950522947609723	23.89739242561727	26.03037394335928	0.0
59.0	26.035448206695637	23.923062228377667	23.98634127704284	26.055148287883856	0.0
60.0	26.197824633459092	23.864260470891637	23.945747170351975	25.992167725297293	0.0
61.0	25.973584060890982	23.934333258712037	24.0456682337139	26.046414446683087	0.0
62.0	26.10044026565182	24.013431833445264	23.75882396836057	26.127303932542347	0.0
63.0	26.070890232072237	23.931646892022982	24.05014551152899	25.947317364375795	0.0
64.0	26.18461308857548	23.95463025147377	23.749869412730394	26.110887247220354	0.0
65.0	26.068502350570853	23.921199910454444	23.88418774718305	26.126109991791658	0.0
66.0	26.074173569136633	23.948959032907993	23.90239534363107	26.074472054324303	0.0
67.0	25.981941646145813	24.02805760764122	23.907171106633836	26.082829639579135	0.0
68.0	25.96104768300873	23.888665024998133	24.04328035221252	26.107006939780614	0.0
69.0	26.090590254458622	23.95194388478472	23.95821207372584	25.999253787030817	0.0
70.0	26.074095741823022	23.884414940929958	23.948290580432563	26.093198736814454	0.0
71.0	25.968432300776655	24.00171926954923	23.87725131780817	26.152597111865944	0.0
72.0	26.082154817835036	23.890683111161522	23.948290580432563	26.078871490570883	0.0
73.0	26.01022010232042	23.943514831684706	23.946499674652117	26.09976539134276	0.0
74.0	26.054097293941364	23.90889065326273	23.902025514437685	26.13498653835822	0.0
75.0	26.14423955155719	23.93963453582707	23.867102851718972	26.049023060896765	0.0
76.0	26.03529278324667	24.020822264540662	23.988585960492617	25.955298991720042	0.0
77.0	26.003951932088853	23.9318739441118	24.03097073062986	26.033203393169487	0.0
78.0	26.066633634404496	24.12081450394895	23.883221003742992	25.929330857903565	0.0
79.0	26.016488272551978	23.942619378794483	23.90889065326273	26.132001695390805	0.0
80.0	26.09886993845254	23.885011909523442	23.904413388811616	26.11170476321241	0.0
81.0	26.141254708589777	23.90889065326273	23.985302633228468	25.96455200491902	0.0
82.0	25.987535295768087	24.004704112516638	23.919636087945413	26.088124503769855	0.0
83.0	26.11976383922442	23.956648140741315	23.88799675249085	26.035591267543413	0.0
84.0	26.035591267543413	23.919039119351932	23.982317790261053	26.0630518228436	0.0
85.0	26.186325837397696	23.860536197190665	23.95097693910323	26.002161026308407	0.0
86.0	25.958206353517777	23.92792222716378	24.065821560650335	26.048049858668108	0.0
87.0	26.12446161055676	23.999558244559395	23.76077151990735	26.115208624976493	0.0
88.0	26.079689099684504	23.919266208395143	24.062239759780553	25.938804932139796	0.0
89.0	26.1946052109233	23.95269634984643	23.727341378456064	26.125357060774206	0.0
90.0	26.060287678306526	23.91657985774281	23.898073886582274	26.125058577368392	0.0
91.0	26.070436114104233	23.952994833252244	23.922848009264925	26.05372104337859	0.0
92.0	26.006262181854	24.01239303100944	23.923146492670742	26.058198294465818	0.0
93.0	25.94298369982121	23.875389147740332	24.04492772224328	26.136699430195176	0.0
94.0	26.083569383960096	23.9401600468022	23.964038719267403	26.012231849970302	0.0
95.0	26.08289456403644	23.890838974652866	23.955012715355135	26.071253745955563	0.0
96.0	25.95544253017658	24.000979022648853	23.907553995486943	26.13602445168762	0.0
97.0	26.092744487027954	23.87681029645283	23.952923337750875	26.07752187876834	0.0
98.0	25.99245436202347	23.955609680384924	23.96008691810834	26.091849039483268	0.0
99.0	26.062597753023624	23.916806953448667	23.888749597048605	26.1318456964791	0.0
100.0	26.14378499707487	23.94695368745299	23.847559009993194	26.061702305478946	0.0
101.0	26.02588440369163	24.01470921833399	23.981279176665833	25.97812720130855	0.0
102.0	25.985887746695795	23.92337356877634	24.04963167257662	26.041107011951244	0.0
103.0	26.072746158530038	24.10186611268312	23.88994352710818	25.935444201678663	0.0
104.0	26.023198061057585	23.92456749883592	23.91770240099335	26.13453203911315	0.0
105.0	26.119309430853537	23.88128753417625	23.899196485069904	26.100206549900307	0.0
106.0	26.104385305108828	23.910240338120992	23.976503456427523	26.008870900342657	0.0
107.0	25.972456033525553	23.992919994746707	23.930537149133805	26.10408682259393	0.0
108.0	26.125279081151426	23.947252169967882	23.90516613536779	26.0223026135129	0.0
109.0	26.019616270878853	23.908449443031625	23.9985911625297	26.073343123559823	0.0
110.0	26.172140835989826	23.873228506274103	23.964265673316856	25.990364984419212	0.0
111.0	25.966408878037424	23.919421900790677	24.07075208414794	26.04341713702396	0.0
112.0	26.112366392163068	24.01762235507971	23.768688680681375	26.10132257207585	0.0
113.0	26.07654859728561	23.922406717030466	24.06597637816428	25.93506830751965	0.0
114.0	26.21265621781995	23.925093051646275	23.748690411874794	26.11356031865898	0.0
115.0	26.065504777198388	23.903602374719803	23.90330389309582	26.127588954985985	0.0
116.0	26.062818442582582	23.958224511907925	23.938524724725323	26.040432320784173	0.0
117.0	25.998644893427137	24.022995024311328	23.927779386262085	26.050580695999454	0.0
118.0	25.94999238871859	23.88300714266526	24.067170304660195	26.099830163955957	0.0
119.0	26.084906082757016	23.945091320452857	23.972551629858906	25.99745096693122	0.0
120.0	26.093042969542847	23.88337691178051	23.938894659550844	26.084685459125804	0.0
121.0	25.955741012691476	23.9985911625297	23.887555666989027	26.158112157789798	0.0
122.0	26.091849039483268	23.88009360411667	23.953818785295557	26.0742385711045	0.0
123.0	26.01812385830438	23.93382045679764	23.967250498465802	26.080805186432176	0.0
124.0	26.06617954320236	23.90874792554652	23.90247979273374	26.122592738517376	0.0
125.0	26.119309430853537	23.949938512601932	23.858005898014493	26.072746158530038	0.0
126.0	26.032451019019305	23.996203302410546	23.984264001814772	25.987081676755373	0.0
127.0	25.999319459866044	23.9150160583593	24.056795252934084	26.028869228840573	0.0
128.0	26.065284095657677	24.10126914765333	23.892331387227337	25.94111536946166	0.0
129.0	26.03125708895973	23.925164463865705	23.91083730315078	26.132741144023786	0.0
130.0	26.125279081151426	23.85084231765703	23.903375240278425	26.120503360913116	0.0
131.0	26.11073137388927	23.909416256003247	23.981947723616308	25.997904646491175	0.0
132.0	25.984174409823684	23.99299160963146	23.93090706122193	26.091926919322923	0.0
133.0	26.106254122802042	23.96911293716626	23.901357204046242	26.023275735985457	0.0
134.0	26.012309492397605	23.9217254780226	23.99962987947204	26.066335150107754	0.0
135.0	26.17707282419872	23.864118008751557	23.9841086960415	25.974700471008223	0.0
136.0	25.96074919782106	23.930751436459964	24.071636445041413	26.03686292067756	0.0
137.0	26.10909633609432	23.99432878143422	23.783598238937394	26.112976643534065	0.0
138.0	26.092381165584662	23.907768077009177	24.0641743153496	25.935676442056565	0.0
139.0	26.215954033281097	23.910752928885902	23.768375494366094	26.104917543466904	0.0
140.0	26.04253413924334	23.903887769569433	23.904186254757107	26.14939183643012	0.0
141.0	26.053578091187223	23.946869636594283	23.946869636594283	26.05268263562421	0.0
142.0	25.998059846280132	24.034325796582344	23.919110514140733	26.04850384299679	0.0
143.0	25.956271920005968	23.878218043429595	24.062383404223564	26.103126632340874	0.0
144.0	26.071785687635252	23.93612416983807	23.977613610924557	26.01447653160212	0.0
145.0	26.081415062801472	23.898586369931706	23.959179043889392	26.060819523377432	0.0
146.0	25.96649792253689	23.99052008214337	23.89709393953866	26.14588805578108	0.0
147.0	26.120893192407685	23.84642248442644	23.96372786346012	26.06895645970575	0.0
148.0	25.996424126104774	23.9473110801348	23.962235428612363	26.094029365148064	0.0
149.0	26.07172066312063	23.884401621386058	23.911265528830942	26.132612186662367	0.0
150.0	26.11977720866092	23.9443976813463	23.859627128964664	26.07619798102811	0.0
151.0	26.056796270095695	23.98857388470011	23.98797690897911	25.96665293622508	0.0
152.0	25.99530777083296	23.917832261761916	24.05095784754434	26.035902119860786	0.0
153.0	26.05858719725869	24.110058443923084	23.886789524270046	25.944564834548178	0.0
154.0	26.03023085051131	23.91574284673842	23.933652118368347	26.120374184381923	0.0
155.0	26.13559706526736	23.845598199521227	23.913056455993935	26.105748279217483	0.0
156.0	26.12731739204408	23.89760641870211	23.97193011781351	26.003146071440298	0.0
157.0	25.978968482572736	23.979093847848343	23.937305422645146	26.10463224693377	0.0
158.0	26.11298993197441	23.956110213986587	23.900591306216626	26.030308547822372	0.0
159.0	26.027699838815593	23.8991701987941	24.02035699361232	26.052772968777983	0.0
160.0	26.183809921795714	23.866634827771477	23.98991105008656	25.95964420034625	0.0
161.0	25.9474835755584	23.91118115688961	24.067291705843548	26.074043561708443	0.0
162.0	26.119712613314466	23.986997752366285	23.765517776603716	26.12777185771553	0.0
163.0	26.093445446377668	23.8926747438205	24.07923132717846	25.934648482623373	0.0
164.0	26.209856754393034	23.896555120754346	23.769696644070933	26.123891480781687	0.0
165.0	26.03016545330265	23.901927950355052	23.909091723156	26.158814873186298	0.0
166.0	26.058223563439686	23.948193983027828	23.966103415030194	26.027479038502292	0.0
167.0	26.002704324232358	24.03266680397231	23.924016249824636	26.040612621970695	0.0
168.0	25.941812255424317	23.875660783418255	24.056844537175504	26.12568242398192	0.0
169.0	26.090162050510568	23.931180022625583	23.970879263564157	26.007778663299693	0.0
170.0	26.078598761857574	23.913938952533893	23.935728826510815	26.071733459097718	0.0
171.0	25.972335814792043	23.98497991152714	23.903491752681948	26.139192520998872	0.0
172.0	26.109122820632987	23.83879027034449	23.975499750758917	26.07658715826361	0.0
173.0	25.99480026386721	23.94654599617333	23.962963073515674	26.095690666443794	0.0
174.0	26.068605678534755	23.891396231821762	23.909305824199443	26.13069226544404	0.0
175.0	26.10740979535306	23.955870764381405	23.851995128590872	26.084724311674666	0.0
176.0	26.056964443489267	23.978556248059792	23.975869809203143	25.988609499247794	0.0
177.0	26.006220598419176	23.903335960073548	24.044523246650908	26.045920194856365	0.0
178.0	26.077560474723594	24.084222843088092	23.88154595601404	25.956670726174274	0.0
179.0	26.049203620125606	23.902440480454665	23.93766267879743	26.1106932206223	0.0
180.0	26.132781717888097	23.828115672087304	23.920648566038636	26.118454043985963	0.0
181.0	26.10002537199827	23.897735922272137	23.99265704520693	26.009581660522663	0.0
182.0	25.999432861215173	23.96997149381371	23.948181424712324	26.082414220258794	0.0
183.0	26.10301031297106	23.956240765338865	23.921615450054475	26.019133471635598	0.0
184.0	26.033240401893654	23.88228551642618	24.017205251123833	26.067268830556333	0.0
185.0	26.19174124066457	23.866763777036184	23.970341537965577	25.971153444333673	0.0
186.0	25.962873082537097	23.899669565061654	24.075483637948377	26.061973714452876	0.0
187.0	26.137493171906762	23.968323617292462	23.778480238080313	26.115702972720463	0.0
188.0	26.094808261171952	23.8716109524108	24.08085656377514	25.952724222642104	0.0
189.0	26.19808783539743	23.89728159802754	23.766241907030476	26.138388659544553	0.0
190.0	26.022273762510707	23.89937106918239	23.917579317817516	26.160775850489383	0.0
191.0	26.053615829833472	23.95518979860483	23.949816872778072	26.04137749878363	0.0
192.0	26.02048278723512	24.04354457886709	23.908027449681057	26.027945184216733	0.0
193.0	25.964962553691944	23.87608839059977	24.061454331622954	26.097494724085337	0.0
194.0	26.090629318862252	23.91578834254193	23.969816096688785	26.023766241907033	0.0
195.0	26.091005695318376	23.912576265924805	23.94033646555944	26.056081573197375	0.0
196.0	25.978770909698756	24.00182680023402	23.880637111506452	26.138765178560767	0.0
197.0	26.133470244260636	23.840709708039437	23.962795251499205	26.06302479620072	0.0
198.0	26.01496667273612	23.952347833354725	23.962496753837932	26.07018874007122	0.0
199.0	26.06728157368437	23.875705202829767	23.918091997253814	26.138921226232053	0.0
200.0	26.100726554151272	23.961958890288532	23.86136367706847	26.075950878491728	0.0
201.0	26.058053384755915	23.97687177986997	23.981050859397854	25.98402397597626	0.0
202.0	26.013600243586453	23.891174170283648	24.046699343868845	26.048526242261055	0.0
203.0	26.08033720610888	24.103251459753782	23.87428803419824	25.9421232999391	0.0
204.0	26.036156519039487	23.882646542562718	23.961156817557644	26.120040120840148	0.0
205.0	26.154227340844095	23.8239807036712	23.917417444311106	26.1043745111736	0.0
206.0	26.116108077771578	23.908221660332973	23.986733575934156	25.988936685961296	0.0
207.0	25.980733120583675	23.97881658253204	23.951053648139137	26.089396648745144	0.0
208.0	26.08821553847302	23.962086722889765	23.91611314277185	26.03358459586536	0.0
209.0	26.058919764512005	23.87361029842013	24.01093848891224	26.056531448155624	0.0
210.0	26.19132916569641	23.85613890530866	23.98958687851159	25.962945050483338	0.0
211.0	25.957350258686834	23.915918569624523	24.069070727636948	26.057660444051695	0.0
212.0	26.136177047477172	23.967566373398693	23.784858535769835	26.1113980433543	0.0
213.0	26.09216163365228	23.88529802510785	24.089504560314072	25.933035780925795	0.0
214.0	26.210685017390396	23.9002254034124	23.770954307295007	26.118135271902194	0.0
215.0	26.03724126812579	23.884389059892342	23.918722439998685	26.159647231983186	0.0
216.0	26.07336595502029	23.947084797477842	23.951264513316872	26.028284734184997	0.0
217.0	26.030374592104515	24.03396317670346	23.91693113321053	26.018731097981494	0.0
218.0	25.953061230582747	23.879001752516068	24.0739579694698	26.093979047431386	0.0
219.0	26.09592619683829	23.931093164549402	23.95885891713565	26.014121721476663	0.0
220.0	26.082724770258732	23.910109810056667	23.93489021979925	26.072275199885354	0.0
221.0	25.96986941022625	23.990422222354916	23.910706928363716	26.129001439055124	0.0
222.0	26.119824088421545	23.863307269041414	23.960936403724837	26.055932238812208	0.0
223.0	25.99876395403342	23.948838445209425	23.964662222076257	26.087735378680893	0.0
224.0	26.06797797761934	23.897388126545092	23.911719393787394	26.12291450204818	0.0
225.0	26.107544860120026	23.961723345176605	23.852148210073747	26.078583584629623	0.0
226.0	26.04350785840539	23.969927865093393	23.982766445325563	26.003797831175657	0.0
227.0	25.996345439562408	23.89168886075647	24.04127503553045	26.070690664150675	0.0
228.0	26.085048191188235	24.088129560845108	23.881809170060553	25.945013077906104	0.0
229.0	26.023241648652203	23.895245374959693	23.966606552090674	26.114906424297434	0.0
230.0	26.151930633352844	23.828960097457273	23.91943054377814	26.099678725411746	0.0
231.0	26.112595733245747	23.894420972485555	23.996536434617738	25.996446859650955	0.0
232.0	25.992123327550736	23.97040425423916	23.936664148599785	26.100808269610315	0.0
233.0	26.080088861550955	23.953204360665627	23.916775902276182	26.049930875507236	0.0
234.0	26.037766271924323	23.870565120542725	24.035389457214347	26.056279150318602	0.0
235.0	26.20306005446467	23.853076776073767	23.97848884429793	25.96537432516363	0.0
236.0	25.96202369114911	23.914205432780022	24.0820202273562	26.04175064871466	0.0
237.0	26.11028663057532	23.983027313364648	23.807149191826593	26.099536864233436	0.0
238.0	26.08730706178502	23.903883996691423	24.086034990907383	25.92277395061618	0.0
239.0	26.19928513199975	23.920008838802342	23.7874268036681	26.093279225529802	0.0
240.0	26.03902270053332	23.89886586917183	23.925741007280177	26.136370423014675	0.0
241.0	26.048407567228583	23.96667313693578	23.988174338912696	25.99674495692294	0.0
242.0	26.031525128119366	24.02850282519621	23.93413052048118	26.00584152620325	0.0
243.0	25.94304965682849	23.88850061824633	24.094284058802096	26.07416566612309	0.0
244.0	26.106267379934707	23.950334083041366	23.956606540679875	25.986791996344056	0.0
245.0	26.086631837095588	23.912322678352197	23.961012387498396	26.040033097053822	0.0
246.0	25.941083863335596	24.01186567766104	23.943754537008548	26.103295921994818	0.0
247.0	26.108440609810383	23.877069970453533	23.982827796980825	26.03166162275526	0.0
248.0	25.98859929014448	23.98062835358931	23.977640746184825	26.05313161008138	0.0
249.0	26.07621409258623	23.899138072688704	23.932599375588186	26.09204845913688	0.0
