# Position (bp)	A	C	G	T	N
0.0	26.340938191130252	23.79932487486905	23.653823769060644	26.205913164940053	0.0
1.0	26.2309393551391	23.8330811314166	23.793504830636714	26.14247468280759	0.0
2.0	26.190891895824244	23.709297250109124	23.88214753382802	26.217663320238614	0.0
3.0	26.34427531782774	23.764407366561816	23.742583534355077	26.148733781255366	0.0
4.0	26.196441301849184	23.85782666259293	23.650648160272358	26.295083875285524	0.0
5.0	26.410142258148056	23.645288662703575	23.642960855003768	26.3016082241446	0.0
6.0	26.289786167987174	23.764188302524726	23.728981235506183	26.217044293981917	0.0
7.0	26.14418639836599	23.783074479042405	23.677166316549023	26.395572806042583	0.0
8.0	26.120288851518445	23.79388198052987	23.654518687482906	26.431310480468774	0.0
9.0	26.358954963342256	23.80775049458862	23.650936809030608	26.18235773303852	0.0
10.0	26.31680005585763	23.674035801251563	23.70254646802296	26.306617674867848	0.0
11.0	26.2056666404834	23.73192991030777	23.837244822259265	26.225158626949565	0.0
12.0	26.22632232763411	23.763640753961674	23.718256427264343	26.29178049113987	0.0
13.0	26.233013606570253	23.652216413416305	23.836662971916994	26.278107008096445	0.0
14.0	26.270833878818028	23.75491299882757	23.660944168550408	26.313308953803993	0.0
15.0	26.16930099409131	23.72640233205617	23.679563379503158	26.424733294349362	0.0
16.0	26.18530187850383	23.788369393508297	23.781387189401016	26.244941538586858	0.0
17.0	26.161736939641756	23.77644146149169	23.77644146149169	26.285380137374865	0.0
18.0	26.081441592408016	23.904448536791854	23.685963733268167	26.328146137531967	0.0
19.0	26.353747552592	23.809606931001277	23.61148688945716	26.225158626949565	0.0
20.0	26.264142599881886	23.63592460383265	23.887574876865923	26.21235791941955	0.0
21.0	26.281307184978953	23.875937870020454	23.589958426793046	26.25279651820755	0.0
22.0	26.24232321204663	23.73192991030777	23.7828418152567	26.242905062388903	0.0
23.0	26.2594877971437	23.757531325367804	23.80233380172286	26.180647075765645	0.0
24.0	26.269593753272897	23.692004235858168	23.81506522523361	26.223336785635322	0.0
25.0	26.3749083588377	23.7353519602481	23.679494489893287	26.21024519102091	0.0
26.0	26.271921147871012	23.76618993867315	23.79935531169632	26.162533601759506	0.0
27.0	26.216936450490497	23.687349446661933	23.856085555025427	26.239628547822143	0.0
28.0	26.351634412856527	23.73273364132522	23.756880360280682	26.15875158553757	0.0
29.0	26.22159123968673	23.811283209011673	23.674839700697053	26.29228585060454	0.0
30.0	26.407124134139	23.62880491544309	23.631714150227065	26.332356800190848	0.0
31.0	26.2913365897368	23.75913863376516	23.72800982157663	26.221514954921403	0.0
32.0	26.14558392705967	23.770193725944264	23.703281325912844	26.380941021083228	0.0
33.0	26.13714714618614	23.79288575725927	23.64480570675495	26.42516138979964	0.0
34.0	26.38065009760483	23.801613461611193	23.648005865017325	26.169730575766657	0.0
35.0	26.326538330622896	23.651496946758094	23.73411921462298	26.287845507996032	0.0
36.0	26.2113326331775	23.728300745055027	23.815286865095874	26.2450797566716	0.0
37.0	26.22442418970538	23.76524802681151	23.714045494613554	26.29628228886956	0.0
38.0	26.238388516668458	23.660806498066815	23.815286865095874	26.28551812016885	0.0
39.0	26.23751574623327	23.763211562462725	23.672734360681112	26.326538330622896	0.0
40.0	26.17467627489941	23.709681642437587	23.675934518943482	26.439707563719516	0.0
41.0	26.181367514902554	23.79724960943523	23.76961187898747	26.251770996674743	0.0
42.0	26.1415109983621	23.779503277252985	23.787940058126512	26.291045666258405	0.0
43.0	26.090599389642545	23.90896422513986	23.681171141554636	26.319265243662958	0.0
44.0	26.3495212854163	23.790849292910483	23.611931353696036	26.247698067977183	0.0
45.0	26.280572421036098	23.634332461532644	23.848743065111584	26.236352052319678	0.0
46.0	26.29628228886956	23.878708183386525	23.584293623248275	26.240715904495644	0.0
47.0	26.25002545580436	23.708808872002397	23.786485440734523	26.25468023145872	0.0
48.0	26.281736114949684	23.755356628545993	23.790267445953692	26.17263981055063	0.0
49.0	26.270895518045933	23.6930300755817	23.800671449434738	26.23540295693763	0.0
50.0	26.385519035067812	23.745977994612115	23.677902098715865	26.190600871604207	0.0
51.0	26.258967690132483	23.77536118044767	23.797180377850314	26.16849075156953	0.0
52.0	26.2103836105826	23.684302396620645	23.872820262179477	26.23249373061728	0.0
53.0	26.359917843448716	23.726486178265752	23.752669215148924	26.16092676313661	0.0
54.0	26.23685757009781	23.827436331581982	23.64124584707943	26.294460251240785	0.0
55.0	26.423553027768488	23.633613103117227	23.628667432760704	26.314166436353588	0.0
56.0	26.30922076599706	23.74387245988916	23.716816733821112	26.23009004029267	0.0
57.0	26.153577610659372	23.771219107742883	23.680451510611373	26.394751770986367	0.0
58.0	26.13175847673353	23.803220504167456	23.658632376685528	26.406388642413486	0.0
59.0	26.381951212416542	23.807293409166945	23.64292260025892	26.16783277815759	0.0
60.0	26.341222162421634	23.645249974544345	23.719435029892214	26.294092833141807	0.0
61.0	26.209434593509535	23.72816268346255	23.809911705238047	26.25249101778987	0.0
62.0	26.237072163148937	23.770928185957203	23.727580839891196	26.26441881100266	0.0
63.0	26.2507454870758	23.677251370968914	23.8052569566672	26.26674618528809	0.0
64.0	26.245799816719273	23.761036845244156	23.68888824239603	26.304275095640538	0.0
65.0	26.159396046372933	23.72176240417764	23.69208838203849	26.426753167410943	0.0
66.0	26.17888780601335	23.779655839527543	23.77151002952856	26.269946324930544	0.0
67.0	26.148631940302852	23.779364917741866	23.77878307417051	26.293220067784777	0.0
68.0	26.090156661381585	23.896606397370068	23.685106259182216	26.328130682066124	0.0
69.0	26.374969089560274	23.779364917741866	23.610048438477314	26.235617554220546	0.0
70.0	26.265000654574017	23.647868270615447	23.848022459161854	26.239108615648682	0.0
71.0	26.310384453139772	23.850931677018632	23.59259313133664	26.24609073850495	0.0
72.0	26.245217973147923	23.712161985250265	23.79012902381195	26.25249101778987	0.0
73.0	26.271691855644608	23.756963940244667	23.78576519702678	26.18557900708395	0.0
74.0	26.284706868061537	23.676309726068844	23.807224148765332	26.231759257104287	0.0
75.0	26.381583540856933	23.74031233272046	23.68300090767333	26.19510321874927	0.0
76.0	26.262305955733474	23.7760956082575	23.797332836828264	26.16426559918077	0.0
77.0	26.22244978704587	23.681546302976702	23.87820885796076	26.217795052016662	0.0
78.0	26.357728023832244	23.727220890450813	23.76300416598785	26.152046919729095	0.0
79.0	26.244559778434613	23.830497823911372	23.64867223683292	26.276270160821095	0.0
80.0	26.42514480547628	23.62242062972563	23.647148837628766	26.30528572716932	0.0
81.0	26.327977494421607	23.743443388404508	23.719587940780308	26.20899117639358	0.0
82.0	26.134806552684175	23.769044356586576	23.683513849251025	26.41263524147822	0.0
83.0	26.1039690228285	23.80628212848777	23.68584120999485	26.403907638688885	0.0
84.0	26.38354323218042	23.807154888766703	23.643366876420053	26.16593500263283	0.0
85.0	26.340487058419665	23.640748595583254	23.725406342639868	26.29335800335722	0.0
86.0	26.192990571279783	23.71726058003648	23.840028859273225	26.249719989410508	0.0
87.0	26.237792265598408	23.773408157981248	23.72336990198902	26.265429674431324	0.0
88.0	26.24390158755095	23.67507716655466	23.810064089696485	26.270957156197905	0.0
89.0	26.241574226807124	23.749552710357047	23.687004890366765	26.32186817246907	0.0
90.0	26.170589724120475	23.713478618827764	23.694277892691215	26.421653764360542	0.0
91.0	26.191826890907876	23.76526239537786	23.789990603280998	26.25292011043327	0.0
92.0	26.153134518541794	23.75217099119385	23.806573048580745	26.288121441683614	0.0
93.0	26.092914059295335	23.898212877868836	23.68875041092463	26.3201226519112	0.0
94.0	26.36463342613684	23.782717600956545	23.605256344239926	26.24739262866668	0.0
95.0	26.27677555805747	23.623875230190524	23.87028454894294	26.229064662809066	0.0
96.0	26.26717519498919	23.88832159470758	23.60496542414695	26.239537786156276	0.0
97.0	26.22702822215822	23.70678745668927	23.797263605605448	26.26892071554706	0.0
98.0	26.265138754338345	23.7594439935183	23.796681765419493	26.178735486723863	0.0
99.0	26.26651694022773	23.68548138407741	23.808540225404233	26.23946145029063	0.0
100.0	26.394812327993993	23.758211195736287	23.652316589960957	26.194659886308756	0.0
101.0	26.267389697967637	23.766647853888717	23.798358051771988	26.167604396371658	0.0
102.0	26.211824121860257	23.683735868597594	23.87486981363713	26.229570195905023	0.0
103.0	26.372120626756423	23.722428128400118	23.766647853888717	26.13880339095474	0.0
104.0	26.25953487830848	23.808540225404233	23.66075324811339	26.2711716481739	0.0
105.0	26.436627790271107	23.628392472195475	23.643520229010964	26.29145950852245	0.0
106.0	26.311823796543308	23.753196465923274	23.70897686907799	26.226002868455428	0.0
107.0	26.130872551558014	23.752905547522975	23.70228574587114	26.413936155047868	0.0
108.0	26.126799693953846	23.798579736369746	23.682503294650882	26.392117275025527	0.0
109.0	26.381935131015098	23.788979429159916	23.663011761830923	26.166073677994063	0.0
110.0	26.335097268567136	23.631592574598752	23.745923505915826	26.287386650918283	0.0
111.0	26.210875111639936	23.719449931488718	23.84512668041741	26.224548276453934	0.0
112.0	26.236766849266452	23.783451979554254	23.72439554429378	26.255385626885513	0.0
113.0	26.235021338864662	23.65777523062556	23.82592606599775	26.28127736451203	0.0
114.0	26.262076750092366	23.737777790707483	23.6938491122625	26.306296346937646	0.0
115.0	26.17683765880508	23.704904011473822	23.69006717305863	26.428191156662468	0.0
116.0	26.184692455613124	23.765124120335486	23.802652593973917	26.24753083007747	0.0
117.0	26.15501877878274	23.761051262731318	23.800034328371236	26.283895630114706	0.0
118.0	26.07210703469784	23.902728523676394	23.706358603475312	26.318805838150457	0.0
119.0	26.361570842994247	23.794797797165874	23.618210328185047	26.225421031654832	0.0
120.0	26.280986446111733	23.613264715379984	23.873636683646605	26.23211215486168	0.0
121.0	26.280113690910838	23.88207331725524	23.603373489769854	26.234439502064067	0.0
122.0	26.235021338864662	23.69850380666727	23.79799789956915	26.268476954898922	0.0
123.0	26.27400440450458	23.74243248511225	23.809634635581066	26.173928474802103	0.0
124.0	26.261862232281562	23.696827234696194	23.80679470992442	26.234515823097826	0.0
125.0	26.392775893267544	23.751810972310306	23.679662999144696	26.175750135277447	0.0
126.0	26.268262455707546	23.754138326283393	23.816976883556663	26.160622334452405	0.0
127.0	26.221424456999227	23.68344494935096	23.87690624836358	26.218224345286234	0.0
128.0	26.3686295957968	23.7157369857275	23.779739219987317	26.135894198488387	0.0
129.0	26.246152592963245	23.820758833762923	23.657262217153765	26.27582635612007	0.0
130.0	26.444927371798787	23.60787462507673	23.64831251800068	26.2988854851238	0.0
131.0	26.32434869885231	23.744454303460515	23.726708074534162	26.204488923153008	0.0
132.0	26.146304566017424	23.768600811671785	23.69237930382417	26.392715318486626	0.0
133.0	26.114885013164212	23.814566453808894	23.672887544183745	26.397660988843146	0.0
134.0	26.372932637060526	23.791292710954657	23.6682327956129	26.167541856371912	0.0
135.0	26.340931240635957	23.632740337760193	23.747072599531617	26.279255822072233	0.0
136.0	26.20012509636784	23.71623489024976	23.848604302733207	26.23503571064919	0.0
137.0	26.235908476006227	23.761327767029833	23.74241785096077	26.260345906003167	0.0
138.0	26.24929087814741	23.6484501141868	23.818348437022706	26.283910570643084	0.0
139.0	26.269946324930544	23.72525346560577	23.699361426680436	26.30543878278325	0.0
140.0	26.17685135351361	23.688015477039	23.712161985250265	26.42297118419713	0.0
141.0	26.180051493156064	23.771219107742883	23.80234773881042	26.24638166029063	0.0
142.0	26.157068672087508	23.765400672029322	23.807293409166945	26.27023724671622	0.0
143.0	26.094520488166754	23.903006676654982	23.705179862393997	26.29729297278427	0.0
144.0	26.37205987170349	23.78431058809839	23.624303605975534	26.21932593422258	0.0
145.0	26.276346604215455	23.626630980260956	23.87391449808719	26.223107917436394	0.0
146.0	26.301365877783756	23.86373223558846	23.604811846335114	26.23009004029267	0.0
147.0	26.24783626921902	23.692670225609845	23.7854742752411	26.274019229930033	0.0
148.0	26.287983475642573	23.739799554889668	23.8052569566672	26.166960012800562	0.0
149.0	26.27068102277058	23.672734360681112	23.825178263361387	26.23140635318692	0.0
150.0	26.388505031521557	23.751865546805224	23.66953420241874	26.190095219254477	0.0
151.0	26.279408727122505	23.752738317240414	23.825178263361387	26.14267469227569	0.0
152.0	26.213736282918088	23.676294322320878	23.878195803707538	26.231773591053496	0.0
153.0	26.36705340206905	23.72080574400987	23.775499517065622	26.136641336855458	0.0
154.0	26.246028882966964	23.807501192789733	23.682403733140937	26.26406619110237	0.0
155.0	26.448589158382575	23.60799578740352	23.65279826375858	26.290616790455328	0.0
156.0	26.3096800095424	23.73323170288221	23.72595853128482	26.231129756290567	0.0
157.0	26.13570574493278	23.773670536963714	23.686974331522798	26.403649386580707	0.0
158.0	26.120868474874104	23.79228985625304	23.695993064303565	26.390848604569296	0.0
159.0	26.374265773327245	23.783852977200063	23.669518719689055	26.172362529783637	0.0
160.0	26.34139103770703	23.622970421465748	23.744577850574146	26.291060690253076	0.0
161.0	26.193309263984126	23.701229747853684	23.84320205743478	26.262258930727405	0.0
162.0	26.24945814871599	23.741668581935187	23.73206799542663	26.27680527392219	0.0
163.0	26.27680527392219	23.63489842288547	23.809454541222884	26.278841761969456	0.0
164.0	26.282914738064	23.709375700042767	23.70297530903706	26.30473425285618	0.0
165.0	26.190981849072966	23.679701159925408	23.719849067143013	26.40946792385862	0.0
166.0	26.19039999534517	23.770179414596964	23.815854932228586	26.22356565782928	0.0
167.0	26.156652479133268	23.749814534124265	23.828655714239996	26.264877272502467	0.0
168.0	26.095266910851283	23.892368697433152	23.708502919451078	26.30386147226449	0.0
169.0	26.374265773327245	23.78647131897512	23.61424261554888	26.225020292148756	0.0
170.0	26.27389600528323	23.629661739335347	23.885677379563553	26.210764875817866	0.0
171.0	26.305316106583966	23.85280264394334	23.620933933418478	26.220947316054215	0.0
172.0	26.236075512976793	23.687847112114486	23.79403541743641	26.282041957472313	0.0
173.0	26.281169176880624	23.747778046077	23.81032732181457	26.160725455227812	0.0
174.0	26.27113959624935	23.68623937019786	23.82123022049475	26.221390813058036	0.0
175.0	26.364818591498484	23.753734795346308	23.67256572803417	26.20888088512104	0.0
176.0	26.27841281016621	23.75868058080977	23.821521149051428	26.141385459972593	0.0
177.0	26.209538993267895	23.668561586845335	23.87773982765342	26.244159592233345	0.0
178.0	26.374205035406106	23.710455420887566	23.744785090449952	26.170554453256372	0.0
179.0	26.26568836806061	23.79424308897203	23.69416337431559	26.245905168651774	0.0
180.0	26.44090479307586	23.599098116226635	23.657284166121173	26.302712924576333	0.0
181.0	26.314503248255132	23.72811828129046	23.72579082575213	26.231587644702277	0.0
182.0	26.14401713007276	23.75982986300015	23.706589317560944	26.389563689366145	0.0
183.0	26.110850888651616	23.785431873921734	23.711535160579885	26.392182076846765	0.0
184.0	26.377635479732227	23.76826688932658	23.66876816506315	26.18532946587805	0.0
185.0	26.344178306368793	23.632401672276803	23.74528326588561	26.278136755468793	0.0
186.0	26.21413172816483	23.702807202311163	23.83139912080367	26.251661948720333	0.0
187.0	26.246716105701395	23.744119538116447	23.73655530761689	26.272609048565272	0.0
188.0	26.28046421100712	23.61436389185478	23.808415497362702	26.2967563997754	0.0
189.0	26.27755489158421	23.70309813425345	23.714735411945085	26.30461156221725	0.0
190.0	26.182711078397432	23.684187558004556	23.708625841156977	26.42447552244104	0.0
191.0	26.204530974069236	23.750229108904556	23.798232879382525	26.247007037643684	0.0
192.0	26.16641888962915	23.751683768616008	23.82296209447724	26.258935247277606	0.0
193.0	26.10677784145955	23.895113216165342	23.704261862022616	26.293847080352496	0.0
194.0	26.371525908944122	23.77146714069178	23.62221905429663	26.234787896067473	0.0
195.0	26.273481844392144	23.635601923642003	23.87882102739706	26.212095204568797	0.0
196.0	26.314212316312847	23.840708942956972	23.610581776605	26.23449696412518	0.0
197.0	26.259226179219898	23.68156917052394	23.802887790459177	26.256316859796986	0.0
198.0	26.278136755468793	23.745865129770195	23.814525068150807	26.161473046610205	0.0
199.0	26.257051503981426	23.6753064258512	23.826591916118016	26.24105015404936	0.0
200.0	26.373012524911626	23.74729063322811	23.682702238773405	26.19699460308686	0.0
201.0	26.283112462359803	23.74670875580059	23.829335350508416	26.14084343133119	0.0
202.0	26.232718089563356	23.669234708127735	23.861546876454707	26.236500325854205	0.0
203.0	26.377469378254926	23.705740304326323	23.772075296034448	26.144715021384307	0.0
204.0	26.257309941520468	23.789822815745833	23.690320328183642	26.262546914550057	0.0
205.0	26.44999112621433	23.589140813886164	23.659258267895225	26.30160979200428	0.0
206.0	26.318637676858486	23.72776812808584	23.743188238819695	26.21040595623598	0.0
207.0	26.146550093830466	23.763983648768566	23.69502916745465	26.394437089946322	0.0
208.0	26.117316403988326	23.778960323302385	23.709132594129233	26.394590678580055	0.0
209.0	26.387761455451102	23.756695499867618	23.668828429361565	26.186714615319712	0.0
210.0	26.35604784391084	23.62634964693149	23.73458325695881	26.28301925219886	0.0
211.0	26.230648150572737	23.70839770614575	23.82245032746486	26.238503815816657	0.0
212.0	26.259175960220777	23.727294681070827	23.74969813527613	26.263831223432266	0.0
213.0	26.288133374067122	23.62618018883021	23.81239180086996	26.27329463623271	0.0
214.0	26.281441394259446	23.715212615836716	23.70793872474141	26.295407265162424	0.0
215.0	26.188335588239575	23.688735652249814	23.713757837617656	26.409170921892954	0.0
216.0	26.20171954785493	23.76583889786002	23.802208353336535	26.230233200948515	0.0
217.0	26.162731491584108	23.76176551884665	23.812100845226144	26.263402144343097	0.0
218.0	26.09202927013777	23.895896070644028	23.724523196438703	26.2875514627795	0.0
219.0	26.38211204701843	23.780095724406813	23.611341450995795	26.226450777578957	0.0
220.0	26.261518273575547	23.655122449395243	23.86199311594941	26.2213661610798	0.0
221.0	26.308224538902675	23.844965390423376	23.631692421390145	26.215117649283805	0.0
222.0	26.250614650951	23.685810800981113	23.808886470696063	26.254688077371824	0.0
223.0	26.264580684393827	23.75244041886462	23.81266893808683	26.17030995865472	0.0
224.0	26.282359034342694	23.662211980225965	23.82398896657676	26.231440018854585	0.0
225.0	26.36266559591251	23.762595182188235	23.678215099379372	26.196524122519882	0.0
226.0	26.27756553315429	23.760987660068494	23.824418574201076	26.13702823257614	0.0
227.0	26.21480696935486	23.66123907401157	23.89227062698588	26.231683329647694	0.0
228.0	26.380523402992374	23.714333932738583	23.772237643813614	26.132905020455432	0.0
229.0	26.24638465522559	23.81762949772168	23.687564377869723	26.248421469183004	0.0
230.0	26.456544447774483	23.58870205107762	23.66959289790004	26.285160603247853	0.0
231.0	26.30903572914636	23.743776715386026	23.741739871795247	26.20544768367237	0.0
232.0	26.140711793684	23.771557932533526	23.678735520140133	26.408994753642332	0.0
233.0	26.12370912032497	23.792632856215864	23.68700550833525	26.396652515123915	0.0
234.0	26.364935212316787	23.770809024009125	23.69253421249429	26.171721551179793	0.0
235.0	26.338164644809858	23.630845513456574	23.734144985901803	26.296844855831765	0.0
236.0	26.211586418010775	23.72017773328949	23.833661660764534	26.234574187935205	0.0
237.0	26.244038421807662	23.731082264686798	23.74126677898731	26.28361253451823	0.0
238.0	26.28492945000393	23.63926822383947	23.808332145133082	26.267470181023523	0.0
239.0	26.28783932816733	23.7105602388428	23.71754394643496	26.284056486554906	0.0
240.0	26.194030502230486	23.679822608665287	23.71823411815031	26.407912770953917	0.0
241.0	26.200931818909346	23.780006926074343	23.82424067817326	26.194820576843046	0.0
242.0	26.17681895831696	23.747369891478012	23.8198342922498	26.255976857955222	0.0
243.0	26.08265424912689	23.90279394644936	23.732537834691502	26.282013969732247	0.0
244.0	26.339103810377544	23.797396882312537	23.643724460691292	26.219774846618627	0.0
245.0	26.255479168970876	23.623731714274072	23.90547596733164	26.215313149423412	0.0
246.0	26.274410495093885	23.82994082392425	23.686439567924413	26.20920911305745	0.0
247.0	26.234084544761217	23.708861422741272	23.826171499764214	26.230882532733297	0.0
248.0	26.25438116419614	23.748821015614993	23.85682180742673	26.13997601276214	0.0
249.0	26.26414061726742	23.63775566643572	23.895095978620958	26.203007737675904	0.0
