# Position (bp)	A	C	G	T	N
0.0	26.2840757281879	23.636272169835053	23.83107046835436	26.248581633622692	0.0
1.0	26.090115872847296	23.869359373515255	23.79529689272958	26.245227860907868	0.0
2.0	26.082154491498947	23.773651211566783	23.87433620420367	26.269858092730598	0.0
3.0	26.21903436582325	23.873412850023566	23.769113427016897	26.138439357136285	0.0
4.0	26.178385688989277	23.917681013928973	23.76681864446954	26.137114652612205	0.0
5.0	26.240268576144903	23.795701443262175	23.815498895804055	26.14853108478886	0.0
6.0	26.282507047201616	23.790962295031687	23.7692142544465	26.157316403320202	0.0
7.0	26.226222040074383	23.86341142457267	23.725406556764607	26.184959978588335	0.0
8.0	26.22914715196931	23.67327936125608	23.86312948838039	26.23444399839422	0.0
9.0	26.211416290109913	23.871235710124243	23.715688269548664	26.20165973021718	0.0
10.0	26.187522822236037	23.783348339098705	23.80676290797796	26.222365930687303	0.0
11.0	26.2580452737414	23.75073518958832	23.83296492553331	26.15825461113697	0.0
12.0	26.271909285523147	23.821191240745694	23.64976362501115	26.257135848720008	0.0
13.0	26.350162925466826	23.758128851884166	23.74976655247482	26.141941670174184	0.0
14.0	26.181244477398096	23.796316685853498	23.837013209645633	26.18542562710277	0.0
15.0	25.99866760696078	23.864051311069176	23.91227390432972	26.225007177640325	0.0
16.0	26.247585386045554	23.8149924878677	23.704331392350724	26.233090733736024	0.0
17.0	26.1333006274512	23.855967754973477	23.837849439586567	26.172882177988754	0.0
18.0	26.23922308663621	23.910601444447853	23.744749172829216	26.10542629608672	0.0
19.0	26.1731609213024	23.809696364908447	23.843703049173108	26.173439664616044	0.0
20.0	26.181244477398096	23.747536605965664	23.911995161016076	26.159223755620165	0.0
21.0	26.132185654196622	23.778198370466587	23.83673446633199	26.252881509004805	0.0
22.0	26.0399216173802	23.851229118641516	23.71687484146474	26.39197442251354	0.0
23.0	26.156436322483717	23.87826722006506	23.765654921352574	26.19964153609865	0.0
24.0	26.155878835856427	23.87770973343777	23.823076043963397	26.14333538674241	0.0
25.0	26.266539931373394	23.622380858139167	23.824748503845264	26.286330706642175	0.0
26.0	26.08145437111327	23.86906869071478	23.816107461122275	26.233369477049667	0.0
27.0	26.08006065454505	23.76816361117538	23.886350776160757	26.265424958118818	0.0
28.0	26.20939755207622	23.864608797696466	23.7776408838393	26.148352766388015	0.0
29.0	26.170930974793244	23.920078717111775	23.772623504193692	26.13636680390129	0.0
30.0	26.231975760481447	23.801334065499105	23.81164756810396	26.15504260591549	0.0
31.0	26.264309984864237	23.80579395851742	23.775689680643787	26.154206375974553	0.0
32.0	26.225007177640325	23.85959141805086	23.72858206063782	26.18681934367099	0.0
33.0	26.236156910186114	23.667816018263263	23.864608797696466	26.231418273854157	0.0
34.0	26.202150225921457	23.86962617734207	23.715481124896517	26.212742471839956	0.0
35.0	26.176505841066138	23.785445696621352	23.81805866431779	26.21998979799472	0.0
36.0	26.270442337764422	23.73805933330174	23.83561949307741	26.155878835856427	0.0
37.0	26.281518812333797	23.82300963891692	23.652976691549082	26.2424948572002	0.0
38.0	26.355033379325725	23.753815277835848	23.753257794316458	26.137893548521973	0.0
39.0	26.188903290546474	23.805103761620046	23.843012640938802	26.162980306894678	0.0
40.0	26.003261278588454	23.850538668450614	23.910189405025715	26.23601064793522	0.0
41.0	26.238798065532187	23.823221976000333	23.70949533804407	26.22848462042341	0.0
42.0	26.130925004529555	23.857507212443032	23.83799528926426	26.173572493763153	0.0
43.0	26.244094158966426	23.916042981979345	23.74015693161071	26.099705927443516	0.0
44.0	26.16799765856922	23.803710052821565	23.846357542055163	26.181934746554052	0.0
45.0	26.18583713118981	23.745731766804642	23.91492801494056	26.15350308706499	0.0
46.0	26.133991163886215	23.775278393332496	23.840782706861226	26.24994773592006	0.0
47.0	26.039497707349025	23.852768602528187	23.72231745899012	26.38541623113267	0.0
48.0	26.1610291145768	23.875067943303925	23.77137600869674	26.192526933422535	0.0
49.0	26.15406057058438	23.870886816908477	23.83130548703154	26.143747125475603	0.0
50.0	26.253013895276723	23.620297974941113	23.843570124458196	26.28311800532397	0.0
51.0	26.08604758121838	23.872001783947262	23.82433694303912	26.21761369179524	0.0
52.0	26.087720031776563	23.77081852517735	23.887332580730583	26.254128862315508	0.0
53.0	26.208972697244636	23.8689356245906	23.77667210213098	26.145419576033785	0.0
54.0	26.17440871904224	23.921339075413584	23.77750832741007	26.1267438781341	0.0
55.0	26.236568131454614	23.804267536340955	23.800086409945507	26.159077922258923	0.0
56.0	26.266950983261555	23.8090061462558	23.774999651572802	26.14904321890984	0.0
57.0	26.229320845702496	23.85527727836546	23.734024612897382	26.181377263034662	0.0
58.0	26.239076807291884	23.675488843361066	23.871165558668174	26.214268790678872	0.0
59.0	26.196986801577676	23.87646165210241	23.722038717230422	26.204512829089488	0.0
60.0	26.17886858719739	23.791445415394907	23.816532173767612	26.21315382364009	0.0
61.0	26.26778720854065	23.741550640409194	23.843848866217893	26.146813284832266	0.0
62.0	26.27802740581342	23.81981067912453	23.660092096020694	26.24206981904135	0.0
63.0	26.362969921144398	23.74838679105913	23.746714349824533	26.141928937971944	0.0
64.0	26.182625008013783	23.79521514562782	23.85179940739832	26.170360438960078	0.0
65.0	26.00005017323704	23.846224603283	23.923156900074424	26.230568323405535	0.0
66.0	26.24617777492843	23.809709636327653	23.71326552513261	26.2308470636113	0.0
67.0	26.14276515858924	23.84204350019651	23.848733265134896	26.16645807607935	0.0
68.0	26.25286753986682	23.90782618875729	23.74838679105913	26.09091948031676	0.0
69.0	26.16673681628512	23.81416947961991	23.84901200534066	26.17008169875431	0.0
70.0	26.18206752760225	23.743648207561108	23.912286032049547	26.1619982327871	0.0
71.0	26.132730511181663	23.77793325287033	23.839534838344616	26.249801397603388	0.0
72.0	26.04046750307311	23.854586809455984	23.72107025089406	26.383875436576847	0.0
73.0	26.15753838949484	23.867687599126985	23.77207970854924	26.20269430282893	0.0
74.0	26.167294296696646	23.862949015628963	23.835632475463893	26.13412421221049	0.0
75.0	26.259278564599438	23.617657634554863	23.85179940739832	26.271264393447375	0.0
76.0	26.08172105352648	23.88050964859222	23.81974428373523	26.21802501414607	0.0
77.0	26.092313181345588	23.773194669372305	23.895561619703585	26.238930529578518	0.0
78.0	26.20994154817885	23.869917520773114	23.784065537397183	26.136075393650852	0.0
79.0	26.173147841017734	23.926780522749382	23.77152222813771	26.128549408095175	0.0
80.0	26.244505333693834	23.804971052829632	23.80078994974314	26.149733663733393	0.0
81.0	26.272100614064676	23.804134832212334	23.772637188960775	26.15112736476222	0.0
82.0	26.222206117232556	23.86378523624626	23.731662378713168	26.182346267808015	0.0
83.0	26.24004549040158	23.671733234473475	23.865457677480858	26.22276359764409	0.0
84.0	26.20492422447506	23.872704922830774	23.72107025089406	26.201300601800103	0.0
85.0	26.18652737089451	23.783786797191414	23.822810425998657	26.206875405915426	0.0
86.0	26.271264393447375	23.744205687972638	23.849569485752195	26.134960432827793	0.0
87.0	26.2764872142224	23.82553141672102	23.65689406229269	26.241087306763887	0.0
88.0	26.352509623451954	23.752714217622415	23.758010252007615	26.136765906918015	0.0
89.0	26.191398682681132	23.79898483382995	23.859192382630123	26.150424100858793	0.0
90.0	26.00102018346578	23.849994007118987	23.918284976822882	26.23070083259235	0.0
91.0	26.23655434428126	23.81570915294111	23.710345942540815	26.23739056023682	0.0
92.0	26.139274554784684	23.834105903963383	23.856126257459742	26.170493283792183	0.0
93.0	26.254393617999828	23.908250385356187	23.75828899065947	26.07906700598452	0.0
94.0	26.162131124236605	23.8145941983337	23.849994007118987	26.17328067031071	0.0
95.0	26.18972625077002	23.74853313784463	23.914661374348796	26.147079237036564	0.0
96.0	26.132027349836516	23.770832229992838	23.847764097904165	26.24937632226648	0.0
97.0	26.034190083036247	23.843583018126374	23.734596205251993	26.38763069358539	0.0
98.0	26.161016169629193	23.86950571274867	23.76915979808172	26.200318319540415	0.0
99.0	26.16185238558475	23.863930939711615	23.83745076778562	26.136765906918015	0.0
100.0	26.263034516207256	23.62114957394797	23.844419234081933	26.271396675762837	0.0
101.0	26.07070484642894	23.88427886129686	23.819611494067047	26.22540479820715	0.0
102.0	26.089101597451215	23.777521957637298	23.907414169400628	26.225962275510856	0.0
103.0	26.213697774829342	23.865882110274587	23.781703037415088	26.138717077480983	0.0
104.0	26.174953102221828	23.92135110199326	23.76999601403728	26.133699781747637	0.0
105.0	26.264985686770224	23.793131322141047	23.80065726574107	26.141225725347656	0.0
106.0	26.276413971496186	23.801493481696625	23.780030605503974	26.14206194130321	0.0
107.0	26.223174888992336	23.869784451400523	23.734596205251993	26.172444454355155	0.0
108.0	26.249933799570186	23.662124155770307	23.872293099267196	26.21564894539231	0.0
109.0	26.208680479095996	23.864488417015323	23.7245616137853	26.202269490103387	0.0
110.0	26.185266432340377	23.776685741681742	23.82853113092633	26.209516695051555	0.0
111.0	26.278086403407304	23.73961350098534	23.852223916333806	26.130076179273555	0.0
112.0	26.283866651800647	23.82093878916267	23.652302374846695	26.242892184189987	0.0
113.0	26.35180524081492	23.742826003941342	23.766518657267653	26.13885009797609	0.0
114.0	26.18958024980419	23.79578605255309	23.862961693160628	26.15167200448209	0.0
115.0	25.998366600605976	23.845958730185277	23.92149648373151	26.23417818547724	0.0
116.0	26.24504893229755	23.803869428393835	23.7071476554029	26.24393398390572	0.0
117.0	26.139407572172	23.828119555916054	23.863797904454497	26.168674967457445	0.0
118.0	26.2601007355872	23.907002154637766	23.7431047410393	26.089792368735733	0.0
119.0	26.16003411742079	23.802197005806093	23.859338110887194	26.178430765885924	0.0
120.0	26.18790782721645	23.757877807230997	23.91731542726216	26.136898938290393	0.0
121.0	26.13522651570265	23.76373128628809	23.843728833401624	26.257313364607636	0.0
122.0	26.033766212046462	23.845122518891408	23.7302828345333	26.390828434528835	0.0
123.0	26.16337896259627	23.862682956062674	23.779061826675697	26.19487625466536	0.0
124.0	26.154738112559617	23.864634115748366	23.83536672046293	26.14526105122909	0.0
125.0	26.26595421464429	23.62352652601593	23.84567999308732	26.264839266252466	0.0
126.0	26.074740565446074	23.8913928771522	23.82365976234875	26.210206795052976	0.0
127.0	26.08589004936434	23.77404455891248	23.914806793380553	26.225258598342627	0.0
128.0	26.20379584179997	23.867142749629977	23.792162470279656	26.136898938290393	0.0
129.0	26.180660662669574	23.92707122569064	23.76512497177787	26.127143139861914	0.0
130.0	26.247557566179157	23.78630899122257	23.80582058807953	26.160312854518747	0.0
131.0	26.270971482407507	23.79160499608374	23.789096362202134	26.14832715930661	0.0
132.0	26.216339011208017	23.860731796376975	23.743383478137257	26.17954571427775	0.0
133.0	26.24930315531274	23.654811015720817	23.870554130895304	26.225331698071138	0.0
134.0	26.206098784702863	23.866094324896867	23.724495484446425	26.203311405953837	0.0
135.0	26.188538298584014	23.777734418552793	23.824841119411307	26.20888616345189	0.0
136.0	26.276898204928084	23.73620247519233	23.851321217527037	26.135578102352547	0.0
137.0	26.279201358014713	23.817102846200374	23.666305235548098	26.23739056023682	0.0
138.0	26.35537047257483	23.736892278360344	23.768947312673166	26.13878993639166	0.0
139.0	26.199422448683784	23.790542875937966	23.85437456098295	26.155660114395303	0.0
140.0	25.99036671163688	23.850193446242013	23.917370023079755	26.24206981904135	0.0
141.0	26.24234856002408	23.805316148022612	23.7116591778256	26.24067611412771	0.0
142.0	26.145346698034317	23.824270534848196	23.863015531447555	26.167367235669925	0.0
143.0	26.252383235402334	23.912631426373355	23.742041944943082	26.092943393281224	0.0
144.0	26.157611301274404	23.801135033281675	23.863015531447555	26.178238133996366	0.0
145.0	26.198864966718325	23.74956795147677	23.91095898047698	26.14060810132792	0.0
146.0	26.135590763638795	23.755142771131354	23.85242337410385	26.256843091126004	0.0
147.0	26.03273534101172	23.84489736757016	23.729498600720266	26.392868690697856	0.0
148.0	26.169039681566304	23.860785603585725	23.779950718594254	26.19022399625372	0.0
149.0	26.158447524222588	23.85883441670662	23.832911505312804	26.149806553757987	0.0
150.0	26.265762802573338	23.626643178093186	23.85242337410385	26.255170645229626	0.0
151.0	26.074546488421102	23.871656501912163	23.8309603184337	26.222836691233038	0.0
152.0	26.076497675300203	23.768522338302354	23.910401498511526	26.244578487885917	0.0
153.0	26.207505937182933	23.87221398387762	23.786640502179754	26.13363957675969	0.0
154.0	26.177123170065446	23.930192108285297	23.75625773506227	26.136426986586986	0.0
155.0	26.25189892823793	23.782246937324917	23.80566124513944	26.16019288929771	0.0
156.0	26.272804560215192	23.79980766818581	23.78921548131733	26.13817229028167	0.0
157.0	26.21566249947736	23.863639531156362	23.747404217362824	26.173293752003456	0.0
158.0	26.240822401980186	23.65715782959911	23.886562937277354	26.215456831143346	0.0
159.0	26.207373297579956	23.86565724702721	23.725728493619584	26.201240961773248	0.0
160.0	26.201240961773248	23.764473706216517	23.824124609063592	26.21016072294664	0.0
161.0	26.276222704137098	23.725449751082913	23.85785245600049	26.140475088779496	0.0
162.0	26.26849113456891	23.81805866431779	23.67812952086812	26.235320680245184	0.0
163.0	26.363616091338866	23.734780572651857	23.773247257158147	26.128356078851127	0.0
164.0	26.186202090592335	23.79149825783972	23.85142857142857	26.170871080139374	0.0
165.0	25.998885017421603	23.84752613240418	23.92808362369338	26.225505226480838	0.0
166.0	26.243344947735192	23.80432055749129	23.7204181184669	26.231916376306618	0.0
167.0	26.149965156794426	23.825783972125436	23.865644599303135	26.158606271777003	0.0
168.0	26.253658536585366	23.906062717770034	23.75191637630662	26.08836236933798	0.0
169.0	26.16334494773519	23.794564459930314	23.861742160278745	26.18034843205575	0.0
170.0	26.196236933797913	23.746341463414634	23.9211149825784	26.13630662020906	0.0
171.0	26.13937282229965	23.7602787456446	23.855052264808364	26.24529616724739	0.0
172.0	26.042369337979093	23.84	23.733240418118466	26.384390243902438	0.0
173.0	26.165296167247387	23.860905923344948	23.787038327526133	26.186759581881535	0.0
174.0	26.153310104529616	23.856167247386757	23.8391637630662	26.151358885017423	0.0
175.0	26.27094076655052	23.61644599303136	23.853101045296167	26.259512195121953	0.0
176.0	26.086411149825782	23.85923344947735	23.829965156794426	26.22439024390244	0.0
177.0	26.078048780487805	23.76808362369338	23.922508710801395	26.23135888501742	0.0
178.0	26.20766550522648	23.869825783972125	23.794285714285714	26.12822299651568	0.0
179.0	26.18480836236934	23.92473867595819	23.758606271777	26.13184668989547	0.0
180.0	26.25735542119978	23.775397283337373	23.801041954123914	26.166205341338934	0.0
181.0	26.277982656397647	23.791285829368167	23.789334604417014	26.14139690981717	0.0
182.0	26.225020836295016	23.8637598989823	23.753933808874727	26.157285455847962	0.0
183.0	26.245721230501633	23.652257294814188	23.87441881209094	26.22760266259324	0.0
184.0	26.210877830677802	23.869122615317718	23.727240291235073	26.19275926276941	0.0
185.0	26.20976284188344	23.764871163044813	23.818111877975625	26.207254117096124	0.0
186.0	26.272759708764927	23.73783268478152	23.856021496983956	26.133386109469598	0.0
187.0	26.26419175630737	23.818735766431494	23.678804282683895	26.238268194577234	0.0
188.0	26.374091975938406	23.72876631377075	23.774759857949633	26.12238185234121	0.0
189.0	26.191378810516692	23.793289922618914	23.854614990076488	26.160716276787905	0.0
190.0	26.00740360814397	23.8437437281181	23.92820507102558	26.220647592712353	0.0
191.0	26.2398813638695	23.803603683964052	23.720257342283077	26.236257609883374	0.0
192.0	26.140367504404256	23.828412461253706	23.859632495595744	26.171587538746294	0.0
193.0	26.254097629507395	23.91315255446781	23.746181120799235	26.086568695225566	0.0
194.0	26.163503779854157	23.794683674152044	23.85991124590237	26.181901300091432	0.0
195.0	26.18719755591731	23.75231362754499	23.915382556920814	26.145106259616885	0.0
196.0	26.150402515442767	23.75231362754499	23.855172490689743	26.2421113663225	0.0
197.0	26.042247396472135	23.84011997413197	23.7392123631336	26.378420266262292	0.0
198.0	26.171030038133043	23.863813750195124	23.786042414646655	26.179113797025177	0.0
199.0	26.16099502709453	23.84207122627835	23.844858729344605	26.152075017282517	0.0
200.0	26.2772339049573	23.61126597239257	23.852942488236735	26.2585576344134	0.0
201.0	26.088107888120156	23.853354221139426	23.83161157600727	26.226926314733152	0.0
202.0	26.087550384398817	23.763317370143447	23.927223464216624	26.221908781241115	0.0
203.0	26.20685618076501	23.87091558836155	23.79342257109566	26.128805659777775	0.0
204.0	26.18873730982154	23.921090923281913	23.762202362700773	26.127969404195774	0.0
205.0	26.25864486437215	23.772157473818012	23.80142666395346	26.167770997856383	0.0
206.0	26.286799037740533	23.787767708556917	23.78832521694045	26.1371080367621	0.0
207.0	26.229096920044938	23.863588848717313	23.74037949595667	26.16693473528108	0.0
208.0	26.25035541258523	23.649571553612944	23.871739263752374	26.22833377004945	0.0
209.0	26.215232286515505	23.865049144501	23.72678667997257	26.19293188901092	0.0
210.0	26.204082087763215	23.75912225635422	23.816824534897336	26.21997112098523	0.0
211.0	26.263178141150366	23.744069488038626	23.865885409407422	26.12686696140359	0.0
212.0	26.270777756406506	23.811037055001297	23.68057936594218	26.237605822650018	0.0
213.0	26.368137014406134	23.72441015119754	23.771520003568085	26.13593283082824	0.0
214.0	26.197126561742127	23.78782050209905	23.847753488657332	26.16729944750149	0.0
215.0	26.021230215145486	23.839948262500908	23.92106686291235	26.217754659441255	0.0
216.0	26.24786053175891	23.79534697017846	23.719524773230305	26.237267724832325	0.0
217.0	26.155034092112817	23.82266526172596	23.856116230967793	26.166184415193428	0.0
218.0	26.264028500225795	23.913261636755927	23.751860710164078	26.0708491528542	0.0
219.0	26.16729944750149	23.782802856712774	23.866430279817358	26.183467415968376	0.0
220.0	26.192945190586897	23.750745677856017	23.920230588681306	26.13607854287578	0.0
221.0	26.144998801340268	23.751860710164078	23.858346295583914	26.24479419291174	0.0
222.0	26.054123668233288	23.837160681730754	23.74294045169959	26.365775198336372	0.0
223.0	26.18235238366032	23.85862505366093	23.7942319378704	26.164790624808354	0.0
224.0	26.166184415193428	23.834651859037614	23.83855447211583	26.16060925365312	0.0
225.0	26.277966404076558	23.594919912804475	23.84914727904241	26.277966404076558	0.0
226.0	26.109317767482317	23.843572117502106	23.82851918134328	26.218590933672303	0.0
227.0	26.098167444401703	23.762174759013643	23.92496947599057	26.21468832059409	0.0
228.0	26.209391917130798	23.87228419943468	23.793395663639355	26.12492821979517	0.0
229.0	26.19740531981914	23.919115556373246	23.759108420166474	26.124370703641137	0.0
230.0	26.25852653644911	23.77199755807244	23.804612343999576	26.164863561478874	0.0
231.0	26.291141322376255	23.79095316014975	23.782590394527407	26.135315122946594	0.0
232.0	26.235668310414713	23.865660533042682	23.73520138933413	26.16346976720848	0.0
233.0	26.26417492724374	23.644670673371763	23.85597047377987	26.235183925604627	0.0
234.0	26.213719434006443	23.86879341681255	23.728577322346485	26.188909826834518	0.0
235.0	26.210095558801555	23.75199313136269	23.821961798780148	26.21594951105561	0.0
236.0	26.269471360235496	23.7453029002152	23.864890781976516	26.120334957572783	0.0
237.0	26.285433932389452	23.80613886170975	23.680139157195782	26.228288048705018	0.0
238.0	26.367741755637947	23.719231734173334	23.784461851531795	26.128564658656927	0.0
239.0	26.195055864052986	23.780413014874778	23.85010369973908	26.174427421333156	0.0
240.0	26.011323815975445	23.836047202080774	23.931666819992582	26.2209621619512	0.0
241.0	26.245107113782606	23.788906112344012	23.725619207993663	26.240367565879712	0.0
242.0	26.15016157048181	23.827673022608714	23.859736189836255	26.162429217073218	0.0
243.0	26.255151376581658	23.903502657245944	23.750982874286894	26.0903630918855	0.0
244.0	26.153541561516175	23.796404480596074	23.861655879736652	26.1883980781511	0.0
245.0	26.197428196139782	23.74609920771039	23.91258878747061	26.14388380867921	0.0
246.0	26.13354305762398	23.744861475990472	23.869803606588466	26.25179185979708	0.0
247.0	26.05180069617993	23.82770662263477	23.746541413780793	26.3739512674045	0.0
248.0	26.18426054290953	23.844528420016996	23.78862752113054	26.182583515942937	0.0
249.0	26.151984213497908	23.839910110852102	23.839630604795207	26.168475070854786	0.0
