# Position (bp)	A	C	G	T	N
0.0	26.218654695660327	23.713236307885754	23.819398103977896	26.248710892476023	0.0
1.0	26.13392894072879	23.83753153823882	23.80912988928872	26.219409631743666	0.0
2.0	26.331448235167603	23.70563792328542	23.742586214978395	26.22032762656858	0.0
3.0	26.197868128353452	23.719967134104984	23.77373265028151	26.30843208726005	0.0
4.0	26.210773582720805	23.9747781925658	23.68032158631604	26.134126638397365	0.0
5.0	26.22890257552616	23.761448161401844	23.724780961728264	26.284868301343728	0.0
6.0	26.14427373801142	23.750279124774977	23.785014652327693	26.32043248488591	0.0
7.0	26.157251706381146	23.646473111402706	23.822900241484636	26.37337494073151	0.0
8.0	26.19846351891107	23.72063278543017	23.869484559384965	26.2114191362738	0.0
9.0	26.253321425815056	23.73703127928643	23.720217422463314	26.2894298724352	0.0
10.0	26.226964272917208	23.67325788437898	23.92159997353958	26.178177869164237	0.0
11.0	26.22641301411774	23.856551435202284	23.824578424833106	26.092457125846874	0.0
12.0	26.2840195586622	23.751812263303254	23.706333412347096	26.25783476568745	0.0
13.0	26.346863061801624	23.725076211529025	23.704955265348424	26.223105461320927	0.0
14.0	26.139038494401966	23.708814076944705	23.782958385473226	26.369189043180103	0.0
15.0	26.27795571186805	23.832571677425403	23.54619273110147	26.34327987960508	0.0
16.0	26.23798944890658	23.619234522031057	23.85489765880388	26.287878370258483	0.0
17.0	26.161088846380707	23.799220520057553	23.73362072292079	26.30606991064095	0.0
18.0	26.2357844137087	23.841943077016367	23.698064530355065	26.22420797891986	0.0
19.0	26.205189550338197	23.80886754904825	23.75098537510405	26.2349575255095	0.0
20.0	26.16164010518018	23.870332905189	23.869506016989796	26.098520972641026	0.0
21.0	26.27905822946699	23.77027943308545	23.810521325446658	26.140141012000907	0.0
22.0	26.34789295686136	23.817070784191046	23.716190701943457	26.11884555700414	0.0
23.0	26.298279801657632	23.772694573147707	23.712331900983166	26.216693724211492	0.0
24.0	26.2486666464539	23.782892832828473	23.749817396025986	26.218623124691643	0.0
25.0	26.22771886981232	23.70433867042257	23.823410242911518	26.24453221685359	0.0
26.0	26.141650680249604	23.831337787479878	23.805704394610924	26.22130713765959	0.0
27.0	26.337070847390354	23.6982095212895	23.74561751670305	26.219102114617097	0.0
28.0	26.202013186037792	23.725772309320632	23.76821900288858	26.30399550175299	0.0
29.0	26.21496769641243	23.97686930828427	23.673127384181164	26.135035611122138	0.0
30.0	26.236466671076712	23.757193887676127	23.731560494807173	26.27477894643999	0.0
31.0	26.14799012149677	23.75967453859893	23.783378536305705	26.308956803598598	0.0
32.0	26.16232277127296	23.650250270115322	23.824722718352405	26.362704240259312	0.0
33.0	26.19925690723468	23.73100923904655	23.88095080593592	26.18878304778285	0.0
34.0	26.250799320852902	23.752508213710833	23.721913518996274	26.27477894643999	0.0
35.0	26.223787788582392	23.676434918744903	23.92201936010231	26.177757932570394	0.0
36.0	26.228473462547687	23.861105598553507	23.813697603139953	26.09672333575886	0.0
37.0	26.280291504046215	23.75526449251395	23.701792683733544	26.262651319706293	0.0
38.0	26.343685916517828	23.722189146876584	23.703997706776036	26.230127229829552	0.0
39.0	26.140823796608675	23.701517055853234	23.779244118101033	26.378415029437058	0.0
40.0	26.28111838768715	23.82113955590836	23.544684791956076	26.353057264448417	0.0
41.0	26.2458380190073	23.619931203281077	23.84980485546074	26.284425922250886	0.0
42.0	26.168662212520122	23.789166721792242	23.73321426208904	26.308956803598598	0.0
43.0	26.244735507486055	23.836299089325482	23.686081894555798	26.232883508632664	0.0
44.0	26.205045092721218	23.812595091618707	23.74561751670305	26.236742298957022	0.0
45.0	26.165630305836697	23.86854755132191	23.860829970673194	26.104992172168203	0.0
46.0	26.27836210888404	23.758847654957993	23.81094132433684	26.15184891182113	0.0
47.0	26.347747712983967	23.811978203407303	23.719091863763026	26.121182219845707	0.0
48.0	26.290417271897887	23.75960905049213	23.72322627057212	26.226747407037866	0.0
49.0	26.250726966530596	23.773941660763654	23.75767966064789	26.21765171205786	0.0
50.0	26.21296605100755	23.707515524697566	23.82603518655822	26.253483237736656	0.0
51.0	26.146192221824094	23.82900140569444	23.802265648686642	26.222540723794825	0.0
52.0	26.33416939996141	23.68622695074557	23.75265290372371	26.226950745569305	0.0
53.0	26.206830021223233	23.731429673934016	23.758716683663625	26.30302362117913	0.0
54.0	26.22336760287754	23.96957084975607	23.66968936909126	26.137372178275132	0.0
55.0	26.244039579945426	23.752101651001905	23.72316088310686	26.280697885945813	0.0
56.0	26.147294727267717	23.759819189107244	23.774703012596124	26.318183071028912	0.0
57.0	26.164934814365647	23.643229238444366	23.82514263664177	26.36669331054822	0.0
58.0	26.202419999448743	23.731429673934016	23.87916540337918	26.18698492323806	0.0
59.0	26.254513381659823	23.751826024640994	23.727019652159534	26.26664094153965	0.0
60.0	26.222540723794825	23.67933629172294	23.921060610236765	26.177062374245473	0.0
61.0	26.233290151870126	23.854910283619528	23.815771340370993	26.096028224139356	0.0
62.0	26.280422259584906	23.756511672776384	23.70717455417436	26.25589151346435	0.0
63.0	26.34243819078857	23.713238334114276	23.716545850445137	26.22777762465202	0.0
64.0	26.148121606350433	23.698078884264493	23.782144924340564	26.371654585044514	0.0
65.0	26.278768501419474	23.82734764752901	23.540971858548552	26.352911992502964	0.0
66.0	26.24844960171991	23.618698492323805	23.846917119153275	26.28593478680301	0.0
67.0	26.166037319809266	23.795926242385825	23.73666657479121	26.301369863013697	0.0
68.0	26.246795843554477	23.840026460130648	23.675201896309364	26.237975800005515	0.0
69.0	26.210964416636806	23.790138088806813	23.749621013753757	26.249276480802624	0.0
70.0	26.159697913508452	23.86152531628125	23.862627821724868	26.116148948485435	0.0
71.0	26.272429095118653	23.76229982635539	23.807502549543837	26.15776852898211	0.0
72.0	26.33878245146922	23.813776318799597	23.72171736799601	26.125723861735175	0.0
73.0	26.27786919360218	23.76609308979055	23.733018017645552	26.223019698961718	0.0
74.0	26.23046159019434	23.777118113838885	23.75672181934947	26.2356984766173	0.0
75.0	26.208135916496467	23.710967969548882	23.822596338038263	26.258299775916388	0.0
76.0	26.14604809102235	23.830523797448816	23.798000066149964	26.225428045378873	0.0
77.0	26.33622923166819	23.679481384298203	23.741772598480757	26.24251678555285	0.0
78.0	26.21026867909551	23.71641511306131	23.765751959692626	26.307564248150555	0.0
79.0	26.233696790624343	23.948491229617545	23.680308258822752	26.137503720935364	0.0
80.0	26.25271490468893	23.74921446920168	23.718068862110403	26.280001763998982	0.0
81.0	26.143567467448708	23.761066337386854	23.779808826609923	26.315557368554515	0.0
82.0	26.17305932549089	23.656328897610884	23.814537556640904	26.356074220257327	0.0
83.0	26.214403051718243	23.72936948061255	23.872143148517686	26.18408431915152	0.0
84.0	26.25767615183621	23.74535572142046	23.723030109257685	26.273938017485637	0.0
85.0	26.225428045378873	23.672866388101827	23.91541624863566	26.18628931788364	0.0
86.0	26.22873554347706	23.860015655490997	23.815915680848484	26.095333120183454	0.0
87.0	26.28606551051233	23.75886133865473	23.700153247411883	26.254919903421055	0.0
88.0	26.35304234700065	23.719998236001015	23.712831990121604	26.214127426876733	0.0
89.0	26.14632371586386	23.709800116864933	23.77953320176841	26.364342965502797	0.0
90.0	26.286616760195365	23.82749192419214	23.545527711321565	26.34036360429093	0.0
91.0	26.2521636550059	23.622151417262934	23.846510038256728	26.279174889474437	0.0
92.0	26.165066205086934	23.795243817734804	23.73956759974863	26.300122377429634	0.0
93.0	26.246099908492553	23.841548791109446	23.674244512309407	26.238106788088594	0.0
94.0	26.215505551084306	23.79551944257632	23.73626010165044	26.25271490468893	0.0
95.0	26.174713074539984	23.863323153589185	23.85670815739281	26.105255614478022	0.0
96.0	26.290751132818098	23.76905945779081	23.792487569319647	26.14770184007144	0.0
97.0	26.334502898187225	23.821913768249757	23.72075973021915	26.12282360334387	0.0
98.0	26.278275585494455	23.746392769829086	23.74501464941995	26.23031699525651	0.0
99.0	26.236105100974882	23.762930214738724	23.759898349838622	26.241066334447773	0.0
100.0	26.21212580585591	23.704773533473166	23.82797749804996	26.255123162620965	0.0
101.0	26.144525845198917	23.84527609188179	23.797868880473192	26.212329182446105	0.0
102.0	26.33387906751118	23.68238270849526	23.7479810591653	26.23575716482826	0.0
103.0	26.20764358596967	23.721796843561716	23.77058217158103	26.299977398887584	0.0
104.0	26.234103424895398	23.955801044061147	23.67604337208597	26.134052158957484	0.0
105.0	26.25422392741184	23.74439795597744	23.722899336850286	26.278478779760427	0.0
106.0	26.143423351910343	23.76672344507103	23.77747275463461	26.31238044838402	0.0
107.0	26.178151890500367	23.660608466045964	23.8133037865132	26.34793585694047	0.0
108.0	26.20543859939253	23.73778299624601	23.868428450941806	26.18834995341966	0.0
109.0	26.253948304089697	23.74853230580959	23.726206816716005	26.27131257338471	0.0
110.0	26.23272530828469	23.66336469926739	23.916386908994692	26.18752308345323	0.0
111.0	26.240994007948977	23.854096038190367	23.80889381335891	26.096016140501742	0.0
112.0	26.288401219357578	23.75321790228602	23.693407641380983	26.26497323697542	0.0
113.0	26.347660233618324	23.721521220239573	23.711598780642422	26.21921976549968	0.0
114.0	26.156102024728924	23.692580771414555	23.789048934164615	26.362268269691906	0.0
115.0	26.286747479424722	23.828463069231066	23.54925664390018	26.335532807444036	0.0
116.0	26.245403981103266	23.622296824268084	23.851339804968937	26.280959389659714	0.0
117.0	26.163543854426784	23.800349490372476	23.739436736178867	26.29666991902187	0.0
118.0	26.2520189408347	23.82708495262035	23.67769711201883	26.243198994526125	0.0
119.0	26.217290402244675	23.79593951721819	23.737507372923865	26.24926270761327	0.0
120.0	26.16850507422536	23.860159751277514	23.855198531478937	26.116136643018184	0.0
121.0	26.293638062478298	23.76865280832603	23.79401015396319	26.14369897523249	0.0
122.0	26.34056662798742	23.81061318089484	23.72572096369204	26.1230992274257	0.0
123.0	26.27607059283984	23.75300774779294	23.74501464941995	26.225907009947274	0.0
124.0	26.232521987911127	23.770647689029886	23.759898349838622	26.23693197322036	0.0
125.0	26.21515767075601	23.70973476694606	23.82659937764082	26.24850818465711	0.0
126.0	26.15459246110933	23.83355567070549	23.796346317100866	26.215505551084306	0.0
127.0	26.337882980717286	23.67920575945669	23.756656339922603	26.22625491990342	0.0
128.0	26.204480557423683	23.726888857038908	23.762995711277465	26.305634874259948	0.0
129.0	26.22845991863555	23.95758684938756	23.676173886200015	26.137779345776874	0.0
130.0	26.2609836499344	23.74149697363924	23.720825110525563	26.276694265900797	0.0
131.0	26.137503720935364	23.773745080096578	23.77512320430416	26.313627994663904	0.0
132.0	26.177744947796654	23.658809521184526	23.820601303154252	26.34284422786457	0.0
133.0	26.217159300133403	23.733779478076798	23.870213774627082	26.178847447162717	0.0
134.0	26.253541779213478	23.753348841824415	23.723030109257685	26.27007926970442	0.0
135.0	26.232318666416766	23.66680264158848	23.914864998952627	26.186013693042128	0.0
136.0	26.244170534601942	23.853676284136135	23.812608182750296	26.089544998511627	0.0
137.0	26.290199883135067	23.7530732169829	23.700153247411883	26.25657365247015	0.0
138.0	26.34422235207215	23.718068862110403	23.720825110525563	26.216883675291886	0.0
139.0	26.15431683626782	23.697948248679758	23.785045698598722	26.3626892164537	0.0
140.0	26.289648633452035	23.830799422290333	23.537810215759126	26.34174172849851	0.0
141.0	26.2469267830171	23.619395168847777	23.8547787835022	26.278899264632923	0.0
142.0	26.164790580245416	23.79110944511207	23.747009470469553	26.29709050417296	0.0
143.0	26.255615887103446	23.82845015297263	23.678509412640224	26.237424547283698	0.0
144.0	26.225021361042973	23.783798682505992	23.742730354731126	26.24844960171991	0.0
145.0	26.169069209779224	23.860147184476723	23.857390920867672	26.11339268487638	0.0
146.0	26.29117168766021	23.77084424354345	23.788759957002288	26.14922411179405	0.0
147.0	26.351330865551848	23.8028825084273	23.725155660416362	26.12063096560449	0.0
148.0	26.281597204038487	23.746103321582428	23.752167118235764	26.220132356143317	0.0
149.0	26.218754220540287	23.766775355627892	23.766775355627892	26.24769506820393	0.0
150.0	26.219102114617097	23.710061520142887	23.820312672267423	26.250523692972592	0.0
151.0	26.151717446789746	23.833398565624602	23.793707932062865	26.22117605552279	0.0
152.0	26.341074844407203	23.677943584174464	23.750709745704317	26.23027182571402	0.0
153.0	26.20822147373528	23.723698064530353	23.760908033494484	26.307172428239884	0.0
154.0	26.226137384718	23.95522676030716	23.679321731173133	26.1393141238017	0.0
155.0	26.25755913628771	23.744094640110696	23.717909847135935	26.28043637646566	0.0
156.0	26.142621676598516	23.767247509688374	23.789297861667116	26.300832952046	0.0
157.0	26.186998009955737	23.654239455797313	23.819892725037622	26.33886980920933	0.0
158.0	26.217868502725977	23.738582052116005	23.860410246798562	26.183139198359456	0.0
159.0	26.25562973048957	23.748229081106707	23.73224257592212	26.2638986124816	0.0
160.0	26.22806679051614	23.669950331582168	23.920773085340375	26.181209792561315	0.0
161.0	26.23991885470472	23.860961505598034	23.80941880784772	26.089700831849527	0.0
162.0	26.29449347585211	23.7553954454998	23.700545194952674	26.249565883695418	0.0
163.0	26.346311803002152	23.728108134926103	23.72011488233381	26.20546517973793	0.0
164.0	26.15144181739001	23.696962012756128	23.789297861667116	26.362298308186745	0.0
165.0	26.28484644686141	23.832571677425403	23.55005154269775	26.33253033301544	0.0
166.0	26.25094403069409	23.61758074563265	23.857378323401488	26.274096900271772	0.0
167.0	26.169633357772476	23.797015484859678	23.741613975513083	26.291737181854764	0.0
168.0	26.253569420403306	23.83242742637898	23.67614469520733	26.237858458010386	0.0
169.0	26.218288662749035	23.775371826109964	23.748635626950087	26.257703884190914	0.0
170.0	26.164540633510104	23.856682947266293	23.863573720245643	26.115202698977964	0.0
171.0	26.292709010926007	23.758007078202002	23.794390359532972	26.154893551339015	0.0
172.0	26.356176768108313	23.799141682951905	23.71838160103417	26.12629994790561	0.0
173.0	26.269904052612574	23.74511787388748	23.748149822355384	26.236828251144562	0.0
174.0	26.228834932456458	23.759450721190287	23.77047598834629	26.241238358006964	0.0
175.0	26.215676870579546	23.70742167904256	23.832834438619415	26.24406701175848	0.0
176.0	26.153528114663725	23.82883131201764	23.79162072767365	26.22601984564498	0.0
177.0	26.345644983461963	23.668687982359426	23.748897464167584	26.236769570011027	0.0
178.0	26.207552370452042	23.731808158765162	23.75909592061742	26.30154355016538	0.0
179.0	26.230705622932742	23.952590959206173	23.67199558985667	26.14470782800441	0.0
180.0	26.252480705622933	23.759371554575523	23.722436604189635	26.26571113561191	0.0
181.0	26.14691289966924	23.77205071664829	23.779768467475193	26.301267916207276	0.0
182.0	26.1896361631753	23.655733186328558	23.813395810363836	26.341234840132305	0.0
183.0	26.22960308710033	23.73401323042999	23.85694597574421	26.179437706725466	0.0
184.0	26.262127894156563	23.744487320837926	23.720782800441015	26.2726019845645	0.0
185.0	26.234013230429987	23.675578831312016	23.912624035281148	26.17778390297685	0.0
186.0	26.253307607497245	23.86576626240353	23.79988974641676	26.08103638368247	0.0
187.0	26.299614112458652	23.75	23.70148842337376	26.248897464167587	0.0
188.0	26.351157662624036	23.72574421168688	23.71582138919515	26.207276736493935	0.0
189.0	26.160143329658215	23.70369349503859	23.785281146637267	26.350882028665936	0.0
190.0	26.282249173098126	23.838202866593164	23.54933847850055	26.330209481808158	0.0
191.0	26.251102535832416	23.62210584343991	23.86052921719956	26.266262403528113	0.0
192.0	26.170486055601188	23.808841283579294	23.73359279819624	26.28707986262328	0.0
193.0	26.243122856922348	23.843702797164244	23.681076968875068	26.23209737703834	0.0
194.0	26.219693712168823	23.79022921972679	23.74502475220234	26.24505231590205	0.0
195.0	26.167047045722665	23.85583082503666	23.87319595585398	26.1039261733867	0.0
196.0	26.291910605409104	23.75797969106605	23.809523809523807	26.140585894001035	0.0
197.0	26.352347744594056	23.805179233451398	23.730757039099217	26.111715982855333	0.0
198.0	26.267451315481193	23.74509020245593	23.75611571273033	26.231342769332542	0.0
199.0	26.21204812635235	23.772653978141925	23.771827064871346	26.24347083063438	0.0
200.0	26.209915268719993	23.717591801407963	23.82150752217512	26.25098540769693	0.0
201.0	26.1560343116717	23.823292685616	23.784427440516883	26.23624556219542	0.0
202.0	26.334649055105956	23.663972744713224	23.764030077840744	26.237348122340077	0.0
203.0	26.19820723720479	23.717446911729034	23.773677479106485	26.31066837195969	0.0
204.0	26.22308712178637	23.955390293585012	23.677820012073067	26.14370257255555	0.0
205.0	26.24982427899259	23.745076366282518	23.727710996138274	26.277388358586624	0.0
206.0	26.140946164596144	23.77677505781566	23.774569931448134	26.307708846140066	0.0
207.0	26.194971760600456	23.65025593247903	23.81067887571632	26.34409343120419	0.0
208.0	26.221433277010732	23.735704579220542	23.865807034904392	26.177055108864334	0.0
209.0	26.247343511829126	23.744525084690636	23.72523022897481	26.28290117450543	0.0
210.0	26.228599937705184	23.67285847774614	23.927550573195035	26.170991011353646	0.0
211.0	26.24431146307378	23.864704471720632	23.813159642879786	26.0778244223258	0.0
212.0	26.29861269987403	23.74617892946628	23.698493071768596	26.2567152988911	0.0
213.0	26.35015752871488	23.722473821015406	23.721646898627586	26.20572175164213	0.0
214.0	26.165202554638896	23.71227511156561	23.777326339407537	26.345195994387954	0.0
215.0	26.283176815301374	23.835762188146894	23.550198323552678	26.330862672999057	0.0
216.0	26.24155505511438	23.61745467776213	23.868839083659736	26.27215118346376	0.0
217.0	26.161415695030183	23.799443204057443	23.737423854020232	26.301717246892142	0.0
218.0	26.2340540480942	23.844504228364773	23.68683638929623	26.234605334244794	0.0
219.0	26.21255388822122	23.78909997023055	23.74665093663517	26.251695204913062	0.0
220.0	26.166245851571716	23.856356880602444	23.871792892818945	26.10560437500689	0.0
221.0	26.286701875475483	23.768426739583447	23.797093619414092	26.147777765526975	0.0
222.0	26.347691620703056	23.799364365316286	23.73624192708118	26.116702086899473	0.0
223.0	26.266376689352157	23.751126694175923	23.756639570877677	26.225857045594246	0.0
224.0	26.20683762097319	23.76104987223908	23.778139790014528	26.253972716773205	0.0
225.0	26.209666304653435	23.707089027691257	23.839674077831006	26.243570589824305	0.0
226.0	26.154130281379555	23.82519626003352	23.786054511775603	26.234618946811327	0.0
227.0	26.34460174649378	23.661186821910558	23.75242568580753	26.24178574578813	0.0
228.0	26.207605627591075	23.724861074358298	23.772547852165477	26.294985445885153	0.0
229.0	26.224492327369255	23.961982783096232	23.676688268193384	26.136836621341132	0.0
230.0	26.255089130416803	23.760484917981273	23.724650824321976	26.259775127279944	0.0
231.0	26.136836621341132	23.78667137103999	23.77950455230813	26.29698745531075	0.0
232.0	26.18755564621275	23.66428415884978	23.81837076158475	26.32978943335272	0.0
233.0	26.203543164922284	23.745324339894648	23.874878370816713	26.176254124366356	0.0
234.0	26.24709537106204	23.761311858604177	23.718035299338723	26.27355747099506	0.0
235.0	26.221184564877625	23.672277918204546	23.922289633196705	26.184247883721124	0.0
236.0	26.237999024210062	23.867711552084856	23.809274414732773	26.085015008972306	0.0
237.0	26.2906475772018	23.746151280517555	23.702323427503494	26.260877714777152	0.0
238.0	26.35321941766841	23.732093289928137	23.712246714978374	26.202440577425072	0.0
239.0	26.164952602519964	23.71748400559012	23.77151079295336	26.346052598936552	0.0
240.0	26.285525263941338	23.830526228739974	23.55128593874907	26.332662568569614	0.0
241.0	26.26793915435805	23.605253146760617	23.862452240361236	26.2643554585201	0.0
242.0	26.163236275217926	23.80147654781137	23.735037409921212	26.300249767049493	0.0
243.0	26.248187336998175	23.84472025716381	23.680133213499996	26.22695919233802	0.0
244.0	26.217842855606804	23.79304735726239	23.750589312152098	26.2385204749787	0.0
245.0	26.16124380674565	23.86508700195482	23.868395585247026	26.105273606052503	0.0
246.0	26.284531034159496	23.7729575025987	23.8057687058324	26.136742757409404	0.0
247.0	26.347586077586328	23.79869136149691	23.74492302856339	26.108799532353373	0.0
248.0	26.269653502749147	23.75902365313877	23.752405847933865	26.218916996178216	0.0
249.0	26.21092048155563	23.765641458343673	23.78494339019131	26.23849466990939	0.0
