# Position (bp)	A	C	G	T	N
0.0	26.248383788844798	23.69755673458469	23.830197512149446	26.223861964421065	0.0
1.0	26.10013821391948	23.914351955058184	23.8388358821169	26.146673948905434	0.0
2.0	26.118309231240772	23.83627295271532	23.83070021455042	26.214717601493494	0.0
3.0	26.238538244857363	23.78723416111515	23.884194131692816	26.090033462334674	0.0
4.0	26.180121195235774	23.811938427248034	23.743957651319914	26.263982726196282	0.0
5.0	26.19511284584374	23.78023129149359	23.773544955856256	26.251110906806414	0.0
6.0	26.189149584626442	23.73897491043421	23.693008017740436	26.378867487198914	0.0
7.0	26.24607207327673	23.700998417686257	23.790978583049185	26.261950925987833	0.0
8.0	26.153267591509277	23.949245083291547	23.738648392668114	26.158838932531058	0.0
9.0	26.182550537478654	23.791404241331957	23.82093144396378	26.205113777225613	0.0
10.0	26.327063260604945	23.82934037497876	23.74605509084781	26.09754127356848	0.0
11.0	26.198653508148865	23.73686306952232	23.736027431220005	26.328455991108807	0.0
12.0	26.104783472188565	23.75636129657639	23.877250304311616	26.261604926923432	0.0
13.0	26.227900848729966	23.77363115482428	23.781987537847453	26.2164804585983	0.0
14.0	26.205338614567403	23.7794806229405	23.819591261451727	26.195589501040367	0.0
15.0	26.15380758592451	23.9006481767765	23.817362892645548	26.128181344653445	0.0
16.0	26.225115387722248	23.715136473662074	23.729620870902238	26.330127267713443	0.0
17.0	26.216759004699075	23.791458105273712	23.853852431846732	26.13793045818048	0.0
18.0	26.273582409256647	23.745776544747038	23.783101722250542	26.19753932374578	0.0
19.0	26.142871468045282	23.87718379534718	23.830945271414564	26.148999465192972	0.0
20.0	26.24335323069895	23.779348150046378	23.89689394973385	26.080404669520817	0.0
21.0	26.172881459796272	23.88853761326318	23.663752162202062	26.27482876473849	0.0
22.0	26.126085975560503	23.87962418769446	23.712218913731967	26.282070923013073	0.0
23.0	26.253102289914736	23.832828703458688	23.720853794751665	26.19321521187491	0.0
24.0	26.265358250071724	23.76402819985014	23.780462328242468	26.190151221835666	0.0
25.0	26.261737170934435	23.6977345971828	23.823079644242902	26.217448587639865	0.0
26.0	26.094053352422918	23.91499934542031	23.839235228086203	26.151712074070566	0.0
27.0	26.125250341913436	23.824750911537038	23.848427198203943	26.201571548345587	0.0
28.0	26.232768537836098	23.7907684765563	23.8888161578122	26.087646827795403	0.0
29.0	26.17037455885507	23.816951664164407	23.746201348712706	26.266472428267818	0.0
30.0	26.19767192465927	23.776562704556152	23.77739833820322	26.248367032581356	0.0
31.0	26.18040216261988	23.745922804163683	23.703862577261294	26.369812455955145	0.0
32.0	26.250316844424514	23.700241498124004	23.789654298360208	26.259787359091273	0.0
33.0	26.145305549443048	23.951767225891274	23.74759407145782	26.15533315320786	0.0
34.0	26.18374469720815	23.788261575615095	23.82168692149779	26.206306805678963	0.0
35.0	26.32051007077817	23.832828703458688	23.74397299232053	26.102688233442617	0.0
36.0	26.18959413273762	23.747315526908796	23.7386806458891	26.324409694464485	0.0
37.0	26.100738421599456	23.759292942516762	23.882409633184682	26.2575590026991	0.0
38.0	26.230261636894898	23.770713269026682	23.782133595536603	26.216891498541816	0.0
39.0	26.204914082933854	23.773498714516904	23.825865089733124	26.19572211281611	0.0
40.0	26.155054608658833	23.90580737530257	23.80831678314471	26.13082123289388	0.0
41.0	26.21522023124768	23.71806834926144	23.736173744947898	26.330537674542974	0.0
42.0	26.222183844973245	23.781297961889535	23.858176257419732	26.13834193571749	0.0
43.0	26.28597054669939	23.735616655849853	23.782412140085622	26.196000657365136	0.0
44.0	26.144397092003008	23.88067184758085	23.81799949862121	26.156931561794938	0.0
45.0	26.236800543715933	23.78172256560384	23.902331683430315	26.079145207249915	0.0
46.0	26.178306514285076	23.889518705554984	23.66751993671503	26.264654843444905	0.0
47.0	26.127054602783762	23.880883872639	23.71626496124074	26.275796563336502	0.0
48.0	26.25323458055603	23.83213884811329	23.724342708162148	26.19028386316854	0.0
49.0	26.270504246387993	23.760553297809818	23.785065081571314	26.183877374230875	0.0
50.0	26.259641069493693	23.70623741333831	23.824061101191884	26.21006041597611	0.0
51.0	26.10087156103852	23.91681591928938	23.838266794053663	26.144045725618437	0.0
52.0	26.118141226870485	23.834924278086188	23.84467328299133	26.202261212051997	0.0
53.0	26.23512928573219	23.779215678628233	23.890354334546853	26.09530070109272	0.0
54.0	26.160201219461243	23.81737606925693	23.762224555793555	26.260198155488272	0.0
55.0	26.198083067092654	23.78032985061739	23.776708791652624	26.244878290637335	0.0
56.0	26.19028386316854	23.735205885056445	23.70763012832476	26.366880123450255	0.0
57.0	26.24905643559668	23.695652779441296	23.800106403424966	26.255184381537056	0.0
58.0	26.149616585564228	23.949683992969575	23.751639921896544	26.14905949956965	0.0
59.0	26.179142143276945	23.799549317430387	23.81681898326235	26.204489556030317	0.0
60.0	26.321756157889315	23.824061101191884	23.749690120915513	26.10449262000329	0.0
61.0	26.184713003222743	23.734927342059155	23.740498202004954	26.339861452713148	0.0
62.0	26.107278049976184	23.75080429290467	23.885062017598347	26.256855639520793	0.0
63.0	26.223151936848733	23.771973560698697	23.78144402260655	26.223430479846023	0.0
64.0	26.203096841043866	23.76890958772851	23.831860305116	26.19613326611162	0.0
65.0	26.159087047472084	23.910409430351717	23.815704811273193	26.11479871090301	0.0
66.0	26.216188361916487	23.719607477208218	23.740498202004954	26.32370595887034	0.0
67.0	26.217023990908356	23.78116547960926	23.859993147842268	26.141817381640113	0.0
68.0	26.28749536922267	23.7282423101242	23.78952176952795	26.19474055112517	0.0
69.0	26.14536561451985	23.881652980958854	23.8206522344657	26.152329170055598	0.0
70.0	26.23442605142432	23.781311540250634	23.90275561052107	26.08150679780398	0.0
71.0	26.17565380640812	23.894399367153834	23.673794542258918	26.256152284179123	0.0
72.0	26.135265296799837	23.87880104620167	23.715575759095074	26.270357897903416	0.0
73.0	26.253923952614528	23.819750259739898	23.735352201730855	26.19097358591472	0.0
74.0	26.282892262954267	23.758749683159106	23.777690501458164	26.180667552428467	0.0
75.0	26.254759576951255	23.704991184163248	23.82754942021598	26.21269981866952	0.0
76.0	26.09933345032074	23.916682682799788	23.8414764924947	26.14250737438477	0.0
77.0	26.134429672463117	23.82309275708679	23.837576912256658	26.204900658193438	0.0
78.0	26.22662689094824	23.785768203379824	23.89467790859941	26.09292699707253	0.0
79.0	26.172032767615654	23.80108798288641	23.77239821399225	26.254481035505677	0.0
80.0	26.192644834588165	23.780754457359482	23.788275076389994	26.238325631662363	0.0
81.0	26.186238381339948	23.737580533295453	23.710004930183587	26.36617615518101	0.0
82.0	26.247796040811895	23.711954720302607	23.794960071083775	26.245289167801722	0.0
83.0	26.163955065694	23.95317161217003	23.744544069434813	26.138329252701155	0.0
84.0	26.182060259656335	23.792453198073606	23.82559963009696	26.1998869121731	0.0
85.0	26.315481612086472	23.823928381423514	23.751507605574172	26.109082400915845	0.0
86.0	26.19292337603374	23.733959494502983	23.74816510822728	26.324952021235998	0.0
87.0	26.108525318024693	23.759863848941404	23.886600206677752	26.245010626356148	0.0
88.0	26.222170227819046	23.78047591591391	23.781590081696205	26.21576377457084	0.0
89.0	26.196544414826207	23.770726965318804	23.832284624790745	26.200443995064244	0.0
90.0	26.13860779414673	23.923924760384722	23.81612922094743	26.121338224521118	0.0
91.0	26.21715648179871	23.71139763741146	23.748443649672854	26.323002231116977	0.0
92.0	26.220498979145603	23.7838184132608	23.866545222596397	26.129137384997204	0.0
93.0	26.29709787667856	23.719475339333115	23.804709021678878	26.178717762309446	0.0
94.0	26.140206231511865	23.872885179965124	23.825254725442463	26.16165386308055	0.0
95.0	26.239850702616884	23.782850298734036	23.900951213737585	26.076347784911498	0.0
96.0	26.17355820787432	23.89621603554169	23.66864894224475	26.261576814339232	0.0
97.0	26.135676782307144	23.872540144562205	23.71850758324861	26.273275489882035	0.0
98.0	26.254891856886204	23.81571800621144	23.74413325348523	26.18525688341713	0.0
99.0	26.281074606910575	23.75778170828517	23.784800077991168	26.176343606813084	0.0
100.0	26.25127083826581	23.712101165689457	23.83215185995014	26.20447613609459	0.0
101.0	26.100302215784854	23.92267732545994	23.834658718995026	26.14236173976018	0.0
102.0	26.13539824241327	23.825466902497112	23.84496469506845	26.19417016002117	0.0
103.0	26.234558444633233	23.773379942342242	23.890645237664167	26.10141637536036	0.0
104.0	26.178850465857973	23.80485495035026	23.767252064676963	26.249042519114802	0.0
105.0	26.199740957898694	23.77282286255449	23.780621979583024	26.24681419996379	0.0
106.0	26.195841399384427	23.72937063910979	23.709037226856815	26.36575073464897	0.0
107.0	26.256563096249458	23.697895631101765	23.79984123226049	26.245700040388286	0.0
108.0	26.16018829296826	23.95944459145161	23.744690333272985	26.135676782307144	0.0
109.0	26.183307104159994	23.798727072684986	23.819896104619584	26.19806971853544	0.0
110.0	26.30753589682882	23.822681503558346	23.752767990195395	26.11701460941743	0.0
111.0	26.192220380764038	23.740233694970964	23.758060248179046	26.30948567608596	0.0
112.0	26.109494032282775	23.7538821497709	23.892037937133544	26.24458588081278	0.0
113.0	26.233722824951606	23.777279500856512	23.784521538097295	26.20447613609459	0.0
114.0	26.197234098853812	23.771708702978984	23.83075916048076	26.200298037686448	0.0
115.0	26.149325237107085	23.921563165884432	23.81878194504408	26.110329651964403	0.0
116.0	26.22258122919655	23.70792306728131	23.747475732211747	26.32201997131039	0.0
117.0	26.22480954834756	23.781457599264655	23.856663370611255	26.137069481776525	0.0
118.0	26.301965098951296	23.72379984123226	23.801233931729872	26.17300112808657	0.0
119.0	26.140763312851313	23.87594912733208	23.826368888121355	26.156918671695255	0.0
120.0	26.242225211900404	23.789667783617862	23.893006659925963	26.075100344555768	0.0
121.0	26.18178171821076	23.894120825708264	23.66599538178283	26.258102074298144	0.0
122.0	26.12774467776933	23.870444802834438	23.728945748482648	26.27286477091359	0.0
123.0	26.259494781526016	23.813343806491687	23.745379693771536	26.18178171821076	0.0
124.0	26.280663931389668	23.755407185812214	23.779083208686036	26.18484567411208	0.0
125.0	26.255595201287974	23.70638389139112	23.840362326712402	26.1976585806085	0.0
126.0	26.090141582616788	23.92698871628604	23.840362326712402	26.14250737438477	0.0
127.0	26.128023219214903	23.825878171542534	23.851225443089806	26.19487316615276	0.0
128.0	26.22801959817611	23.779083208686036	23.905819566422387	26.087077626715466	0.0
129.0	26.17899630375502	23.79774548553952	23.764320512070594	26.25893769863487	0.0
130.0	26.206366361013	23.759651487972548	23.78221340790837	26.25176874310608	0.0
131.0	26.193069293141434	23.719886020205507	23.71765767622719	26.369387010425864	0.0
132.0	26.243207032653597	23.71013701530037	23.810412494324687	26.236243457721354	0.0
133.0	26.15240201553713	23.95692611089911	23.748018862931776	26.14265301063199	0.0
134.0	26.17552108431218	23.80317037639515	23.829353418140393	26.191955121152276	0.0
135.0	26.303093777070895	23.825732359175625	23.75971766881795	26.111456194935535	0.0
136.0	26.187849920615026	23.734436366675023	23.762569287763572	26.31514442494638	0.0
137.0	26.10623659508092	23.753098799476337	23.898777192835855	26.24188741260689	0.0
138.0	26.23304708238512	23.767927823536457	23.78296922918367	26.21605586489475	0.0
139.0	26.205192627482877	23.765142378046235	23.826700723380192	26.202964271090696	0.0
140.0	26.160068410541236	23.905250286204524	23.819458565105613	26.115222738148624	0.0
141.0	26.218841310384978	23.714447270124147	23.752886417889247	26.313825001601632	0.0
142.0	26.23806088426753	23.764585288948187	23.859290435615822	26.138063391168465	0.0
143.0	26.307697021523136	23.706926567300542	23.80887387224276	26.176502538933565	0.0
144.0	26.13980746947143	23.879133612621445	23.831502362064356	26.149556555842768	0.0
145.0	26.24656343748172	23.780316261242817	23.90092672287727	26.072193578398196	0.0
146.0	26.184447657009475	23.887835056140965	23.671961828042352	26.25575545880721	0.0
147.0	26.132359536165033	23.871122290094622	23.724885587189107	26.271632586551235	0.0
148.0	26.268568579442743	23.809285055723148	23.738812892227728	26.183333472606385	0.0
149.0	26.293359182411486	23.750790374560943	23.780316261242817	26.175534181784755	0.0
150.0	26.24405652257477	23.700373530321137	23.849952786435917	26.205617160668176	0.0
151.0	26.089184890545308	23.919310765528248	23.846053141025106	26.145451202901338	0.0
152.0	26.13096680566117	23.813741793335506	23.855245162350595	26.20004623865273	0.0
153.0	26.217873189102164	23.783380268351316	23.906497644892717	26.092248897653807	0.0
154.0	26.178876734994027	23.805663956413106	23.767503140607285	26.24795616798558	0.0
155.0	26.20401887433636	23.758934391068674	23.781775234954292	26.255271499640674	0.0
156.0	26.195456887787078	23.723067923845072	23.714154398963803	26.367320789404047	0.0
157.0	26.246431108201833	23.70635506469269	23.803011100123953	26.24420272698152	0.0
158.0	26.15172490633835	23.956212309020767	23.74952995083634	26.142532833804545	0.0
159.0	26.179858219244856	23.79994707594602	23.83086586537792	26.1893288394312	0.0
160.0	26.311889806548656	23.826409102937284	23.754265260929515	26.107435829584546	0.0
161.0	26.196365500105852	23.727869327361255	23.76185223562969	26.31391293690321	0.0
162.0	26.103608873438738	23.751545943777785	23.90502612784259	26.239819054940895	0.0
163.0	26.255490901190242	23.766932309757856	23.77306039225299	26.204516396798912	0.0
164.0	26.196995568282162	23.761639874875698	23.83935510288215	26.202009453959995	0.0
165.0	26.154934638429207	23.913449191232385	23.822363601418374	26.109252568920038	0.0
166.0	26.227914529962142	23.71150101809734	23.753004849541647	26.307579602398867	0.0
167.0	26.236271006091872	23.760804227262724	23.873059556605376	26.129865210040027	0.0
168.0	26.30590830717292	23.701194697537346	23.81902101096648	26.173875984323253	0.0
169.0	26.13244494459641	23.886775004038974	23.82326560854814	26.157514442816478	0.0
170.0	26.246723546731065	23.777092542917707	23.904111687711175	26.072072222640045	0.0
171.0	26.192963250798744	23.892412555953882	23.67096470483369	26.24365948841368	0.0
172.0	26.147002376037946	23.86817864017092	23.71302586900872	26.27179311478241	0.0
173.0	26.263715142854753	23.803833415505807	23.747287612012222	26.185163829627218	0.0
174.0	26.29296297224799	23.756201236208256	23.78071370274735	26.17012208879641	0.0
175.0	26.25758702621998	23.69408441759215	23.835866752460298	26.212461803727567	0.0
176.0	26.09519193539851	23.918317776273604	23.847287333461466	26.13920295486642	0.0
177.0	26.134746142768407	23.816646750287603	23.858429363706506	26.190177743237484	0.0
178.0	26.225275138509364	23.780156601235095	23.90188328166217	26.092684978593372	0.0
179.0	26.16538672594227	23.813025590457965	23.774307035356447	26.247280648243322	0.0
180.0	26.194707520891363	23.767688022284123	23.785793871866296	26.251810584958218	0.0
181.0	26.200072980704682	23.717614812297526	23.72207164922465	26.36024055777314	0.0
182.0	26.255226337677822	23.701737330744656	23.805915893916136	26.23712043766139	0.0
183.0	26.15299764066195	23.958841110978025	23.75354806002245	26.134613188337575	0.0
184.0	26.17973866222469	23.797002220061895	23.8254145554723	26.19784456224112	0.0
185.0	26.309265485419182	23.822071927776957	23.756055030793956	26.112607556009905	0.0
186.0	26.192625028551692	23.729380107967174	23.75890673485646	26.319088128624674	0.0
187.0	26.105716466386998	23.753335673179237	23.89874038295478	26.242207477478985	0.0
188.0	26.260108023186824	23.757023039189743	23.780421563411394	26.20244737421204	0.0
189.0	26.20551146666964	23.749502084975642	23.8422605202829	26.202725928071825	0.0
190.0	26.158435864366552	23.90465658487397	23.830282704312292	26.106624846447186	0.0
191.0	26.230024206330416	23.7138471909236	23.752287623573455	26.303840979172527	0.0
192.0	26.23810226826408	23.757580146909305	23.865380490644768	26.13893709418185	0.0
193.0	26.311640487246414	23.69601974389758	23.816355011323214	26.175984757532795	0.0
194.0	26.139845569309966	23.876032044925292	23.81892834460551	26.165194041159236	0.0
195.0	26.247719327567236	23.761612278722545	23.92233875123609	26.06832964247413	0.0
196.0	26.198415019707795	23.888633546428224	23.66077521971058	26.2521762141534	0.0
197.0	26.136018607501498	23.872755887965013	23.72595718603323	26.265268318500258	0.0
198.0	26.27696764578894	23.800331480939846	23.746848841905877	26.175852031365338	0.0
199.0	26.303151854482653	23.746848841905877	23.778604158832295	26.171395144779176	0.0
200.0	26.25997576567919	23.692809092048638	23.83347957492444	26.213735567347733	0.0
201.0	26.107194290696476	23.91495098790227	23.83333379759494	26.144520923806315	0.0
202.0	26.138816850561714	23.823438470602326	23.861879545726772	26.175865133109188	0.0
203.0	26.226562782910996	23.780819017746964	23.897535035697274	26.095083163644773	0.0
204.0	26.170015404285902	23.81062477889418	23.771905145254337	26.247454671565585	0.0
205.0	26.200172706760632	23.758879077411628	23.797320259617262	26.24362795621048	0.0
206.0	26.20080281011396	23.72050397087376	23.72245389134486	26.356239327667417	0.0
207.0	26.246075763189197	23.698908317014265	23.808104471749672	26.246911448046866	0.0
208.0	26.16543866735379	23.955875593687757	23.747788904828894	26.130896834129558	0.0
209.0	26.19622656226061	23.787755966159956	23.819512344595704	26.196505126983727	0.0
210.0	26.314616569586864	23.809484014563363	23.754885328831726	26.121014087018047	0.0
211.0	26.189056832933126	23.717066593868218	23.76776551470547	26.326111058493183	0.0
212.0	26.11440127917277	23.75272297775376	23.902869781771788	26.230005961301682	0.0
213.0	26.247907270858345	23.755017675030153	23.785381399015545	26.211693655095953	0.0
214.0	26.196093943690613	23.752789144829393	23.84610884698633	26.20500806449366	0.0
215.0	26.155144701251597	23.89987213807973	23.832737665781757	26.112245494886917	0.0
216.0	26.232028993177913	23.705711444338277	23.7583604703313	26.30389909215251	0.0
217.0	26.236486053579437	23.75947473543168	23.866722751343385	26.137316459645497	0.0
218.0	26.31281321295556	23.698747287460897	23.820480749677557	26.167958749905985	0.0
219.0	26.143796311772245	23.874867680650734	23.82388991030141	26.157446097275617	0.0
220.0	26.24666066817279	23.765457032305513	23.91309798066182	26.074784318859876	0.0
221.0	26.207939740207642	23.88329122316347	23.66433691107279	26.244432125556088	0.0
222.0	26.14247630084211	23.866020017884054	23.72617896868619	26.265324712587645	0.0
223.0	26.278974536114923	23.79860660372891	23.750692937469882	26.171725922686285	0.0
224.0	26.312124107538327	23.740385927867646	23.78356394106619	26.16392602352784	0.0
225.0	26.266160416068907	23.687736608548132	23.82952763253561	26.216575342847353	0.0
226.0	26.112948111170848	23.906969488465897	23.830641903843958	26.149440496519293	0.0
227.0	26.14386913997755	23.830641903843958	23.853205897838034	26.17228305834046	0.0
228.0	26.225489513314148	23.775485474080657	23.905019513676287	26.094005498928908	0.0
229.0	26.16671170179871	23.808077909849878	23.77409263494522	26.251117753406188	0.0
230.0	26.192691474129333	23.766637509819542	23.78864442946364	26.25202658658748	0.0
231.0	26.200007242803856	23.714332673123906	23.727425433941452	26.35823465013079	0.0
232.0	26.24457834345933	23.699568496031777	23.809603400774982	26.246249759733907	0.0
233.0	26.16769319482864	23.957523741075335	23.7399610560008	26.134822008095227	0.0
234.0	26.205857199764885	23.784532156656276	23.81545335773601	26.194157285842824	0.0
235.0	26.319513506436344	23.7995749031275	23.760018051295763	26.12089353914039	0.0
236.0	26.19367311463719	23.72414868960599	23.768719914423247	26.313458281333574	0.0
237.0	26.119573453378496	23.748384293100376	23.901876448564806	26.230165804956318	0.0
238.0	26.255867400236788	23.75708614806045	23.77129326554774	26.215753186155027	0.0
239.0	26.202660352392225	23.747893307333378	23.84985026812452	26.199596072149873	0.0
240.0	26.163347856609576	23.900168261998417	23.82745902096032	26.109024860431685	0.0
241.0	26.236815565572535	23.70412262568743	23.756776785366043	26.30228502337399	0.0
242.0	26.240360183658	23.756575134845985	23.862724557571436	26.140340123924577	0.0
243.0	26.310642281587484	23.69353706242268	23.82058912033167	26.17523153565816	0.0
244.0	26.135147786545403	23.870424858454818	23.830580446703223	26.163846908296556	0.0
245.0	26.246436861038276	23.761225803395536	23.91197131098436	26.080366024581824	0.0
246.0	26.20523809391118	23.874038303457233	23.668393378121944	26.25233022450964	0.0
247.0	26.151136575809343	23.859313735052574	23.732237954971698	26.257311734166382	0.0
248.0	26.27292945169975	23.803432380761276	23.756054601497137	26.167583566041834	0.0
249.0	26.325045008890303	23.748529895378713	23.781415648044412	26.145009447686572	0.0
