# Position (bp)	A	C	G	T	N
0.0	26.056195796016674	23.97198952169365	24.091965526492693	25.87984915579698	0.0
1.0	25.887083889754713	24.086238028776155	24.168834574793586	25.85784350667555	0.0
2.0	25.801074328845907	24.137733539919576	24.073225578913735	25.987966552320778	0.0
3.0	25.952507264375026	24.101146625833444	24.10084519948396	25.84550091030757	0.0
4.0	25.91081036275677	24.153843835244825	23.91120220638102	26.024143595617378	0.0
5.0	26.04837615854118	24.097957953432296	23.856529274357623	25.997136613668903	0.0
6.0	25.956177099972876	24.090840591940683	24.054371741161578	25.898610566924862	0.0
7.0	25.970530706473422	24.083869042775383	23.894298725448536	26.051301525302666	0.0
8.0	25.903445615452075	24.003278955315192	24.048183766157443	26.045091663075286	0.0
9.0	26.041305651575108	24.061913271994673	23.97421485810035	25.922566218329873	0.0
10.0	26.01896748646148	24.004990492148114	24.12764328830037	25.84839873309004	0.0
11.0	25.962914857261676	24.02307198543837	24.02729100053943	25.98672215676052	0.0
12.0	25.925546437795145	24.035126314298545	24.01734617922979	26.021981068676524	0.0
13.0	25.924039646687618	24.026085567653414	24.177066036627078	25.87280874903189	0.0
14.0	26.060253562807574	23.96159490825149	23.979375043320246	25.998776485620695	0.0
15.0	25.91982063158656	24.060440404904906	24.026688284096423	25.99305067941211	0.0
16.0	25.917711124036032	24.001675551711564	24.0740015248726	26.006611799379804	0.0
17.0	25.94543608041443	24.04718064315872	24.009510865470677	25.99787241095618	0.0
18.0	25.90083506363179	24.13276637806594	23.993237521509442	25.973161036792824	0.0
19.0	26.079239130762343	23.94019847452468	23.886556711096915	26.094005683616057	0.0
20.0	25.984534342679428	23.98231635285325	24.10888642445575	25.92426288001157	0.0
21.0	26.005327997299837	24.034149810747607	23.881663010197933	26.07885918175462	0.0
22.0	25.940234817618553	23.942537187492466	24.005219508667036	26.112008486221942	0.0
23.0	25.95409725403216	24.038670170447695	23.929277465705535	26.077955109814603	0.0
24.0	26.052942452807443	23.985028568673307	23.913305528098554	26.048723450420695	0.0
25.0	26.07313339280118	23.95790641047277	24.096530774608837	25.872429422117214	0.0
26.0	25.924865594638252	24.067901829841606	24.14565201668314	25.861580558836998	0.0
27.0	25.826020395862965	24.12094071698932	24.056148894621373	25.99688999252634	0.0
28.0	25.973685479399215	24.060066539694784	24.1115986402758	25.854649340630196	0.0
29.0	25.94204296149859	24.132995009522894	23.913606885411895	26.01135514356662	0.0
30.0	26.054147882060803	24.114612213409195	23.82711733648352	26.004122568046483	0.0
31.0	25.958539385775374	24.090431030066327	24.051556053798144	25.89947353036015	0.0
32.0	25.959142098585737	24.07837677385914	23.92950670970036	26.032974417854764	0.0
33.0	25.90098031238605	24.015393285176582	24.04522756928937	26.038398833147998	0.0
34.0	26.05889106870022	24.061199458763895	23.980134585770553	25.899774886765332	0.0
35.0	26.044425961251594	23.980737298580912	24.1190598885584	25.855776851609093	0.0
36.0	25.97571670087062	24.012379721124784	24.010270226288526	26.001633351716073	0.0
37.0	25.946183773163007	24.037693659159878	24.00695530583155	26.00916726184557	0.0
38.0	25.928102388852224	24.03498145151326	24.157633508421405	25.87928265121311	0.0
39.0	26.04894630732929	23.965970834727106	23.991284772762203	25.993798085181403	0.0
40.0	25.91755491467093	24.04824113334117	24.0404058668065	25.993798085181403	0.0
41.0	25.915445419834676	24.00544852380565	24.077774061048782	26.001331995310895	0.0
42.0	25.921773904343446	24.06692523046231	24.022023126090534	25.989277739103706	0.0
43.0	25.91755491467093	24.12960736273969	24.000626821322772	25.952210901266604	0.0
44.0	26.086013145166394	23.937341976235032	23.89635750513059	26.080287373467982	0.0
45.0	25.99763737290332	23.974336565873298	24.083427255796572	25.94459880542681	0.0
46.0	25.99010348547768	24.037018509254626	23.888148893723972	26.084729111543727	0.0
47.0	25.938873050983325	23.92792781933135	24.002362627096684	26.130836502588643	0.0
48.0	25.954543536828655	24.03731986475165	23.927325108337303	26.08081149008239	0.0
49.0	26.057607116811415	23.97825418733463	23.9155722439533	26.04856645190065	0.0
50.0	26.076291157627008	23.93576306225402	24.099097741641906	25.888848038477068	0.0
51.0	25.899094125375942	24.05479848357914	24.157560708064878	25.888546682980046	0.0
52.0	25.816824074687943	24.136767178770107	24.05540119457319	25.991007551968753	0.0
53.0	25.988898063489575	24.072277102406623	24.098193675150828	25.84063115895297	0.0
54.0	25.936160851510092	24.145807843680878	23.896586847640688	26.021444457168343	0.0
55.0	26.058511183302496	24.10211129661216	23.819741195899155	26.01963632418619	0.0
56.0	25.952657194087426	24.074916750794824	24.061657148884237	25.91076890623352	0.0
57.0	25.94693145689876	24.081245197161238	23.90826766314584	26.06355568279416	0.0
58.0	25.903536396100474	24.016453960552685	24.04689077402926	26.033118869317583	0.0
59.0	26.061446200672023	24.05321922039568	23.98149682824295	25.903837750689352	0.0
60.0	26.03673512438411	23.984510374131723	24.127955158437175	25.850799343046997	0.0
61.0	25.958684285864962	23.997167266864555	24.0188647972637	26.02528365000678	0.0
62.0	25.94090436512122	24.031220335407657	23.998975394397817	26.028899905073306	0.0
63.0	25.936082691699188	24.03393252670755	24.168035318757816	25.861949462835444	0.0
64.0	26.045474407461537	23.96673045338798	23.99686591227568	25.990929226874805	0.0
65.0	25.92824747238839	24.036946072596322	24.043274518962736	25.99153193605256	0.0
66.0	25.913179742944536	23.992948302620277	24.076724878328086	26.0171470761071	0.0
67.0	25.93668540087694	24.05894495758434	24.0149471876083	25.989422453930416	0.0
68.0	25.92493257191074	24.108969819337926	24.009221450419634	25.9568761583317	0.0
69.0	26.11689544502539	23.919719137523167	23.907966308556965	26.05541910889448	0.0
70.0	26.00501452524741	23.984739449607638	24.076049614869994	25.934196410274957	0.0
71.0	26.006822647331813	24.023312720741572	23.883484612881063	26.086380019045553	0.0
72.0	25.957400643691464	23.94134451958196	23.991369230583782	26.10988560614279	0.0
73.0	25.967345315155676	24.027531672271845	23.92446871346087	26.08065429911161	0.0
74.0	26.063477139309782	23.974192070781953	23.90066177268289	26.061669017225377	0.0
75.0	26.059258187779506	23.965151460359937	24.102568738774576	25.873021613085985	0.0
76.0	25.903458334840103	24.058872455068165	24.175797683192904	25.861871526898828	0.0
77.0	25.83233886618691	24.13722441205897	24.067611711809448	25.962825009944673	0.0
78.0	25.978796755023563	24.083884810569074	24.104678214539714	25.83264021986765	0.0
79.0	25.93540182499789	24.147470437203918	23.903976663170965	26.013151074627228	0.0
80.0	26.04780674791162	24.116129654407597	23.831049072433373	26.00501452524741	0.0
81.0	25.959733242525694	24.06874459448464	24.06332024457791	25.90820191841175	0.0
82.0	25.950089953802618	24.07296353330099	23.924697969183665	26.052248543712725	0.0
83.0	25.897654571370882	24.018720034233677	24.07447029716397	26.009155097231474	0.0
84.0	26.026934910814646	24.07356623884618	23.987077993111075	25.912420857228096	0.0
85.0	26.050741779849744	23.97653064607021	24.131124618412052	25.84160295566799	0.0
86.0	25.977513056108876	23.988584756974056	24.017514623143292	26.01638756377378	0.0
87.0	25.95400753984637	24.02203491473223	24.003049690058674	26.020907855362722	0.0
88.0	25.9359263734906	24.031376850682715	24.169396420531765	25.86330035529492	0.0
89.0	26.054358013120897	23.973818471116843	23.986475287565884	25.985348228196376	0.0
90.0	25.93140608190166	24.045540430994734	24.045540430994734	25.977513056108876	0.0
91.0	25.89162751591896	23.98798205142886	24.111838040965896	26.00855239168628	0.0
92.0	25.9280912014031	24.067840536166855	24.022637620277425	25.981430642152624	0.0
93.0	25.91754385436223	24.11063262987551	24.016610564825502	25.955212950936758	0.0
94.0	26.105286631689655	23.918369560959146	23.91083574164424	26.06550806570696	0.0
95.0	26.004255088326232	23.988512466926633	24.102122119829556	25.90511032491758	0.0
96.0	25.995817236121237	24.040043635749974	23.90142177809654	26.062717350032244	0.0
97.0	25.945792826620217	23.942104279799178	24.00478546760769	26.107317425972916	0.0
98.0	25.946094178484678	24.048481487954966	23.931556964542942	26.07386736901741	0.0
99.0	26.025349718838708	23.974047577432362	23.909859630301533	26.090743073427397	0.0
100.0	26.063018701896706	23.95717187302238	24.094588323217955	25.88522110186296	0.0
101.0	25.91113736220686	24.049686895412822	24.173843863571985	25.865331878808334	0.0
102.0	25.835799396090863	24.120504583561857	24.062946377449236	25.980749642898044	0.0
103.0	26.00576184764855	24.05480987710871	24.10543699033866	25.83399128490408	0.0
104.0	25.95603879001199	24.128038380173457	23.92794074216937	25.98798208764518	0.0
105.0	26.064826813083492	24.112669435085795	23.835727071643394	25.98677668018732	0.0
106.0	25.95415246550285	24.067695478831602	24.064983320224567	25.913168735440983	0.0
107.0	25.95354976359017	24.06046305587951	23.947456447253035	26.03853073327728	0.0
108.0	25.917387648829703	24.01405500860357	24.06317521448654	26.005382128080186	0.0
109.0	26.04576315622938	24.04509415710631	23.99748070600502	25.911661980659296	0.0
110.0	26.062036107871588	23.976084788105076	24.14273186695958	25.819147237063756	0.0
111.0	25.975247032446457	23.974879384279728	24.015561763385257	26.03431181988856	0.0
112.0	25.955659220284538	24.03394417172183	24.01074014808386	25.999656459909776	0.0
113.0	25.925524124650813	24.02369823920636	24.185523702759472	25.865253933383357	0.0
114.0	26.051488824399783	23.976084788105076	23.989042879227576	25.983383508267565	0.0
115.0	25.946015989681744	24.031232013114796	24.06136710874852	25.96138488845494	0.0
116.0	25.887252553195978	23.99416584548531	24.127664319142717	25.990917282175996	0.0
117.0	25.93426330238459	24.060764406835844	24.043286051368284	25.96168623941128	0.0
118.0	25.917688999786044	24.115308929932887	24.020684729642987	25.946317340638082	0.0
119.0	26.099403626457406	23.93027944274181	23.911294332492563	26.059022598308218	0.0
120.0	26.014199699853542	23.977965151670393	24.070781525925298	25.937053622550764	0.0
121.0	26.003049680868372	24.023469283204456	23.89750420385851	26.07597683206866	0.0
122.0	25.931930640854873	23.9436110391215	24.018044949644104	26.10641337037952	0.0
123.0	25.960559067978956	24.03431795032516	23.945117798443817	26.060005183252066	0.0
124.0	26.019021329684968	23.97465028116129	23.915585315726346	26.090743073427397	0.0
125.0	26.05397814596279	23.949336724546313	24.120504583561857	25.87618054592904	0.0
126.0	25.931026585261485	24.043057154394614	24.167816826282703	25.8580994340612	0.0
127.0	25.8354980442264	24.128038380173457	24.07138422965423	25.965079345945913	0.0
128.0	26.00817266256426	24.042454450665687	24.12442215779989	25.82495072897016	0.0
129.0	25.946094178484678	24.122614046613105	23.93396777945865	25.997323995443562	0.0
130.0	26.0714565541017	24.10543699033866	23.838740590288033	25.98436586527161	0.0
131.0	25.95400753984637	24.09405822738272	24.070854063892817	25.881080168878096	0.0
132.0	25.957021067572335	24.060306716851947	23.936450727314917	26.0462214882608	0.0
133.0	25.878367993924726	24.042526903268772	24.044636372676948	26.03446873012955	0.0
134.0	26.01729162209157	24.038609317225024	24.02233626750483	25.921762793178576	0.0
135.0	26.06460400738917	23.954531893670687	24.151013901403402	25.829850197536743	0.0
136.0	25.951898070438194	23.976229293297614	24.0325822617731	26.03929037449109	0.0
137.0	25.94617236775887	24.0247470896856	24.016309212052906	26.012771330502627	0.0
138.0	25.92628308476752	24.008474039965407	24.176026181528883	25.88921669373819	0.0
139.0	26.058878304709843	23.97653064607021	23.991296931927423	25.97329411729253	0.0
140.0	25.925379026449736	24.010282156600983	24.07507300270916	25.989265814240127	0.0
141.0	25.870008076278644	23.99679359683699	24.10377415349751	26.029424173386857	0.0
142.0	25.93389505659422	24.074241492785593	24.035366867970925	25.956496582649258	0.0
143.0	25.92997745874468	24.11944454489567	24.010354512470013	25.94022348388963	0.0
144.0	26.10777613037766	23.921756530334264	23.916934871442518	26.053532467845564	0.0
145.0	25.992435999819186	23.98059276447632	24.103545436738138	25.923425798966353	0.0
146.0	25.994846836530204	24.012536350897285	23.923636747178566	26.068980065393948	0.0
147.0	25.961396477164854	23.920924555878674	23.999578103575573	26.1181008633809	0.0
148.0	25.946328747721005	24.037548781774074	23.943526150044452	26.072596320460466	0.0
149.0	26.0021577053587	23.949022704123145	23.958364724530938	26.090454865987212	0.0
150.0	26.05798699948468	23.928903996890003	24.11001919640301	25.903089807222308	0.0
151.0	25.95492310891322	24.02443397733197	24.168482339007873	25.852160574746936	0.0
152.0	25.827225825116322	24.122146146242677	24.073024904168374	25.977603124472626	0.0
153.0	25.984534342679428	24.059463825068107	24.12425564743605	25.831746184816414	0.0
154.0	25.934207671351768	24.135405868029604	23.962426770172858	25.96795969044577	0.0
155.0	26.063489958774323	24.088092769835338	23.862074784830877	25.986342486559465	0.0
156.0	25.953271394173537	24.090877585276843	24.064358061784464	25.891492958765156	0.0
157.0	25.959901275046636	24.036331747184562	23.94351341496123	26.060253562807574	0.0
158.0	25.903848645846832	24.015839388122266	24.046577926715706	26.033734039315192	0.0
159.0	26.036144905087227	24.036030388963056	24.010113581913686	25.917711124036032	0.0
160.0	26.05784269703554	23.960389475365474	24.14723157269815	25.834536254900836	0.0
161.0	25.959901275046636	23.959184042479457	24.023373343659877	26.057541338814033	0.0
162.0	25.952065961287524	24.008004074363154	24.01463395523625	26.025296009113074	0.0
163.0	25.94483336397142	23.996251103724486	24.177668753070087	25.881246779234008	0.0
164.0	26.06145899569359	23.954362310935387	24.00770271614165	25.976475977229374	0.0
165.0	25.943627931085402	24.01312716412873	24.072193375543574	25.971051529242295	0.0
166.0	25.886749239068195	23.964077991742762	24.13977036434319	26.009402404845854	0.0
167.0	25.944610191965765	24.071060482777327	24.03700690112407	25.94732242413284	0.0
168.0	25.95515776150438	24.110237169635056	24.01169273423138	25.922912334629178	0.0
169.0	26.129946056715784	23.910134707530965	23.91284693969804	26.047072296055205	0.0
170.0	26.00646718641228	23.978916851751954	24.10187174719509	25.912744214640675	0.0
171.0	26.016713427699205	24.01266917599125	23.933712846074336	26.036904550235214	0.0
172.0	25.953427819750534	23.920151644371046	24.015682776369758	26.110737759508662	0.0
173.0	25.961263180734655	24.02803853792164	23.94395908736126	26.066739193982443	0.0
174.0	26.005340115963694	23.961208819026723	23.950359824969564	26.08309124004002	0.0
175.0	26.04489688904158	23.941692508445666	24.09779794893122	25.915612653581533	0.0
176.0	25.943036582315482	24.030292893586118	24.165303004276325	25.861367519822075	0.0
177.0	25.83010372906282	24.11776051303997	24.074062912490284	25.97807284540693	0.0
178.0	26.019359543857323	24.04061164586259	24.107514179117974	25.832514631162113	0.0
179.0	25.943114764967177	24.111130532266912	23.967079131834154	25.978675570931753	0.0
180.0	26.078728008052416	24.059597499894522	23.880588019022017	25.981086473031045	0.0
181.0	25.929028855571463	24.077751827017252	24.08408046410005	25.90913885331123	0.0
182.0	25.957658404279364	24.04249227755594	23.93731635651322	26.062532961651474	0.0
183.0	25.898591124839896	24.00090409101183	24.063286370827996	26.037218413320275	0.0
184.0	26.05288932419197	24.020191365930838	23.999397272658783	25.927522037218413	0.0
185.0	26.06554659835757	23.95750772244406	24.150983198975364	25.82596248022301	0.0
186.0	25.967302041738872	23.967151359903564	24.02380772997815	26.041738868379415	0.0
187.0	25.973329315151055	23.99276727190537	24.021396820613276	26.012506592330293	0.0
188.0	25.95434340390266	23.971370451292096	24.19498229488435	25.87930384992089	0.0
189.0	26.056505688239284	23.95720635877345	23.997589090635124	25.988698862352145	0.0
190.0	25.951028403525957	24.00723272809463	24.04791682362691	25.993822044752505	0.0
191.0	25.8995732677564	23.95215535946767	24.134782294228266	26.013489078547664	0.0
192.0	25.957435266888474	24.068180722310622	24.032619702010706	25.941764308790198	0.0
193.0	25.953517527363907	24.10886494045036	24.01755147307006	25.920066059115676	0.0
194.0	26.131322628863497	23.892485172862724	23.89851246443898	26.077679733834803	0.0
195.0	26.00452650961507	23.980857264264383	24.096581611280712	25.91803461483984	0.0
196.0	26.018087956531044	24.004966503226118	23.911844567736416	26.06510097250643	0.0
197.0	25.988554138802915	23.92751557306154	23.997733731537597	26.086196556597947	0.0
198.0	25.96233534143203	24.039020803259568	23.940172923516453	26.05847093179195	0.0
199.0	26.01244040479534	23.954710658123936	23.94235463591926	26.090494301161467	0.0
200.0	26.05321607994768	23.95145516956636	24.10063378307923	25.894694967406735	0.0
201.0	25.9667342750284	24.0307040411316	24.165719848227766	25.83684183561223	0.0
202.0	25.84552419184704	24.111076954606006	24.06828086291387	25.97511799063308	0.0
203.0	26.02471368294153	24.03405666063894	24.123568414707655	25.817661241711875	0.0
204.0	25.949378533797873	24.09341884772571	23.973767013466105	25.983435605010307	0.0
205.0	26.111985147410742	24.0531775740369	23.891330162691307	25.94350711586105	0.0
206.0	25.95459189670606	24.078109412250484	24.08534288151276	25.881955809530698	0.0
207.0	25.951890821521033	24.03620395012463	23.95362084710974	26.058284381244594	0.0
208.0	25.90278468498609	24.018397788889594	24.055470659686115	26.023346866438203	0.0
209.0	26.04703875286721	24.02273871277907	24.003749596858054	25.926472937495664	0.0
210.0	26.06829491781883	23.949940771686155	24.155205309750517	25.8265590007445	0.0
211.0	25.971395415429598	23.96093620484379	24.03176947538167	26.035898904344947	0.0
212.0	25.960845779392038	23.99620213102648	24.042017693246727	26.000934396334756	0.0
213.0	25.9332716427088	23.98278289019571	24.189255583051757	25.894689884043732	0.0
214.0	26.038021346692346	23.97026775299086	24.003725573530343	25.98798532678645	0.0
215.0	25.956660527561166	24.00430440719451	24.07634595617824	25.962689109066083	0.0
216.0	25.905651846269784	23.952675207234364	24.13232856066315	26.009344385832705	0.0
217.0	25.960970375103994	24.07851742889181	24.025766545691308	25.93474565031289	0.0
218.0	25.947417285617824	24.092070994501785	24.024850487122603	25.935661232757788	0.0
219.0	26.10597328060191	23.9208546348992	23.905179897752486	26.06799218674641	0.0
220.0	26.010954328828817	23.987086311309124	24.08626006432729	25.915699295534772	0.0
221.0	26.01427016859538	24.016024549271872	23.921070955956605	26.048634326176145	0.0
222.0	25.969054171778588	23.947597674089124	23.985880551394008	26.097467602738284	0.0
223.0	25.94359955988967	24.031832637496798	23.953155380047328	26.071412422566205	0.0
224.0	26.016350843768656	23.958025599440504	23.954709609738156	26.070913947052688	0.0
225.0	26.0523023588816	23.951465822594017	24.097671263848067	25.898560554676315	0.0
226.0	25.941668550757402	24.027432361142512	24.16881453010777	25.862084557992315	0.0
227.0	25.798720600027735	24.118377658131305	24.09275348338046	25.9901482584605	0.0
228.0	26.006282482605602	24.040745698127314	24.12153770092489	25.831434118342194	0.0
229.0	25.93348486949601	24.104198194830488	23.980597743839574	25.98171919183393	0.0
230.0	26.106237376021223	24.05474661602002	23.88200536613307	25.95701064182569	0.0
231.0	25.95302480803842	24.06611859261336	24.100486272523643	25.880370326824575	0.0
232.0	25.950323029939433	24.031739236606242	23.934061494770926	26.083876238683402	0.0
233.0	25.902410346854793	23.998552887441775	24.07000407000407	26.02903269569936	0.0
234.0	26.031456988582747	24.012409139831952	24.02054924613571	25.935584625449593	0.0
235.0	26.06553769065414	23.9385324115808	24.15801644321303	25.83791345455203	0.0
236.0	25.976453562868386	23.975760133861947	24.029425509142712	26.01836079412696	0.0
237.0	25.96953096499347	24.00680171610674	24.02398690307856	25.999680415821224	0.0
238.0	25.940442415709164	23.99669560026411	24.181211351939677	25.88165063208705	0.0
239.0	26.03466625662919	23.983272882955404	24.022769139855942	25.959291720559456	0.0
240.0	25.96972264349483	23.997865328778563	24.067513499986433	25.96489852774017	0.0
241.0	25.89610922160311	23.973635332995634	24.131027329522155	25.999228115879102	0.0
242.0	25.984344564319358	24.064503289691896	24.02530439449768	25.925847751491066	0.0
243.0	25.955466832319114	24.105145076564	24.033677303403316	25.905710787713577	0.0
244.0	26.10598119455016	23.93985633553072	23.902764123688954	26.051398346230165	0.0
245.0	26.011182416946127	23.982786074452942	24.125732828295014	25.88029868030592	0.0
246.0	25.988008782300287	24.013800757594037	23.958308200834804	26.039882259270875	0.0
247.0	25.96927865460654	23.961201709489355	23.99799735192016	26.071522283983946	0.0
248.0	25.93908537578496	24.070566376913007	23.965000331779	26.025347915523035	0.0
249.0	26.027236121793422	23.951801414589273	23.973517923660438	26.04744453995687	0.0
