# Position (bp)	A	C	G	T	N
0.0	26.31962353886861	23.743175804668923	23.76606267653593	26.17113797992654	0.0
1.0	26.26659298210358	23.636835582945373	23.778343437049937	26.318227997901104	0.0
2.0	26.23546978133155	23.68429131605755	23.80681263169646	26.273426270914445	0.0
3.0	26.261735451389278	23.772312707219324	23.757800377320578	26.208151464070824	0.0
4.0	26.124934418360628	23.849949209113337	23.702320752821407	26.32279561970463	0.0
5.0	26.323000848327897	23.694858686431218	23.699881680582223	26.28225878465866	0.0
6.0	26.241548374134606	23.75859114919788	23.725105549401025	26.274754927266486	0.0
7.0	26.197584740560508	23.84147906737949	23.73516970434278	26.225766487717223	0.0
8.0	26.21208612458881	23.759315422796735	23.6502227889211	26.378375663693358	0.0
9.0	26.283866539816813	23.668285769287642	23.84461078763158	26.203236903263967	0.0
10.0	26.192933903203848	23.70579504748301	23.825200031246162	26.276071018066975	0.0
11.0	26.176679825356747	23.818437975142633	23.690942822469278	26.313939377031343	0.0
12.0	26.1100029293197	23.778543430651844	23.812579335741884	26.298874304286574	0.0
13.0	26.269302124454242	23.753713958905827	23.775753602365775	26.201230314274156	0.0
14.0	26.229407579963453	23.85637963983317	23.72609465887375	26.188118121329634	0.0
15.0	26.133995452579896	23.781891224595125	23.76989496296503	26.314218359859954	0.0
16.0	26.337094951805717	23.704055015413804	23.68898994266903	26.26986009011145	0.0
17.0	26.25033129210897	23.74562345687623	23.688710959840424	26.31533429117438	0.0
18.0	26.202067262759975	23.872560643892367	23.728326521502602	26.197045571845052	0.0
19.0	26.16747339201272	23.83015525394412	23.63040354866158	26.37196780538158	0.0
20.0	26.401818968042516	23.734185160903344	23.765152254878714	26.098843616175426	0.0
21.0	26.18525524067781	23.6939455315445	23.944750394759602	26.176048833018083	0.0
22.0	26.231287278976474	23.797168890153607	23.739140623692272	26.23240320717765	0.0
23.0	26.350691596502678	23.878352666789418	23.71849595197045	26.052459784737447	0.0
24.0	26.16265769460393	23.826183023384274	23.790473320946532	26.220685961065264	0.0
25.0	26.33757944013882	23.72547050322782	23.77903505688444	26.157914999748915	0.0
26.0	26.264765125011856	23.64317079839083	23.78070894918621	26.3113551274111	0.0
27.0	26.22487069181969	23.698688226399515	23.82646200543457	26.24997907634623	0.0
28.0	26.251373986597702	23.777361164582672	23.76648086462117	26.204783984198453	0.0
29.0	26.126390028065593	23.866635420677035	23.698130262298925	26.30884428895845	0.0
30.0	26.306612432556086	23.70370990330482	23.710684454562195	26.278993209576896	0.0
31.0	26.239935722535613	23.746115174949644	23.733003018585784	26.280946083928956	0.0
32.0	26.191113863734007	23.841248054100202	23.7374667313905	26.23017135077529	0.0
33.0	26.20338907394698	23.751694815955542	23.66772121881678	26.3771948912807	0.0
34.0	26.280946083928956	23.663815470112652	23.855197156614942	26.200041289343446	0.0
35.0	26.189439971432236	23.70175702895276	23.829530807987815	26.27927219162719	0.0
36.0	26.182392375999797	23.80798277011664	23.68913674825009	26.320488105633466	0.0
37.0	26.105672526203318	23.77227316730228	23.816910170820233	26.305144135674176	0.0
38.0	26.27194536430769	23.743817077559584	23.774783998750166	26.209453559382556	0.0
39.0	26.234561873861406	23.85206181109062	23.723730425976505	26.189645889071468	0.0
40.0	26.124364271426458	23.787338155989588	23.777015848926062	26.311281723657892	0.0
41.0	26.353686876999948	23.70308581184945	23.688578785706117	26.254648525444484	0.0
42.0	26.251858712724612	23.751349571903237	23.677977497370602	26.318814218001545	0.0
43.0	26.207221709206664	23.867126799777928	23.72903107014426	26.19662042087115	0.0
44.0	26.176812750560053	23.818584058452156	23.629992718588802	26.37461047239899	0.0
45.0	26.397765917973924	23.729868013960225	23.762508822782728	26.109857245283123	0.0
46.0	26.19208364951123	23.690186582154176	23.940153104494936	26.177576663839663	0.0
47.0	26.227235191715398	23.79843101370352	23.73872918805517	26.235604606525914	0.0
48.0	26.344964960049992	23.88742579118868	23.727290987814133	26.040318260947192	0.0
49.0	26.16725438557336	23.8213074141856	23.787271793956165	26.224166406284873	0.0
50.0	26.340780252644734	23.72143239744677	23.78587689148775	26.151910458420748	0.0
51.0	26.262386733919563	23.64945543007633	23.779739320626703	26.308418515377408	0.0
52.0	26.234488684551177	23.69130250412891	23.834698477882426	26.239510333437487	0.0
53.0	26.250390572691156	23.781134223095123	23.762721510511987	26.205753693701737	0.0
54.0	26.123175467571308	23.864270410212917	23.69465027005312	26.317903852162654	0.0
55.0	26.322088559567913	23.697998035977324	23.710831138686782	26.269082265767977	0.0
56.0	26.248995670222737	23.739008168548857	23.737334285586755	26.27466187564165	0.0
57.0	26.198500200865954	23.835256438869795	23.737613266080434	26.228630094183814	0.0
58.0	26.20017408382806	23.756862920144624	23.674842655001562	26.368120341025758	0.0
59.0	26.279962505021647	23.665078337722626	23.859806722313976	26.195152434941747	0.0
60.0	26.189851805561755	23.699950899433112	23.8299558094898	26.280241485515333	0.0
61.0	26.187546903464646	23.805339113793035	23.691236410200613	26.3158775725417	0.0
62.0	26.120033812341504	23.75874950132376	23.812871566108427	26.308345120226306	0.0
63.0	26.273472655803197	23.74842725185452	23.769350730508386	26.2087493618339	0.0
64.0	26.229114881056997	23.851928726262315	23.726666834054498	26.192289558626193	0.0
65.0	26.11584911661073	23.78050991912378	23.78050991912378	26.323131045141707	0.0
66.0	26.336801051195568	23.704906416254474	23.69486314650062	26.263429386049342	0.0
67.0	26.262871426618574	23.75484378530837	23.679798241869836	26.302486546203223	0.0
68.0	26.205959564680054	23.860019138008475	23.7339203066545	26.20010099065697	0.0
69.0	26.174155877126175	23.825704633016134	23.627350055377473	26.37278943448022	0.0
70.0	26.39566577114178	23.734478266085272	23.767118892785305	26.10273706998764	0.0
71.0	26.200306876830798	23.680569117031663	23.942530338959408	26.17659366717813	0.0
72.0	26.230994559910727	23.790207839308135	23.750034872367138	26.228762728414008	0.0
73.0	26.35569814479007	23.884502720044637	23.727158599525737	26.032640535639562	0.0
74.0	26.1687822569396	23.82229041707351	23.784628260566326	26.22429906542056	0.0
75.0	26.348723671362812	23.722136978658114	23.777932766076162	26.151206583902916	0.0
76.0	26.267261821732458	23.64374389733575	23.781280513321242	26.307713767610547	0.0
77.0	26.23517924396708	23.6881015483331	23.838471195424745	26.238248012275072	0.0
78.0	26.239921885897616	23.78686009206305	23.769284419026363	26.203933603012974	0.0
79.0	26.127772353187336	23.860789510391967	23.700934579439252	26.310503556981445	0.0
80.0	26.322220672339235	23.69758683219417	23.71069884223741	26.26949365322918	0.0
81.0	26.242432696331424	23.739991630631888	23.737201841260987	26.280373831775698	0.0
82.0	26.195564234900264	23.82954386943786	23.741944483191517	26.23294741247036	0.0
83.0	26.195285255963174	23.748639977681684	23.669130980610966	26.386943785744176	0.0
84.0	26.290138094573862	23.660761612498256	23.856604826335612	26.192495466592273	0.0
85.0	26.19277444552936	23.69870274794253	23.838471195424745	26.270051611103362	0.0
86.0	26.179031443628276	23.812180744369524	23.696404808467545	26.312383003534652	0.0
87.0	26.11514544526309	23.76726526080273	23.810506875416724	26.307082418517453	0.0
88.0	26.27499993025546	23.748852702321933	23.772565845819933	26.203581521602676	0.0
89.0	26.225899774306672	23.860722944000713	23.72346568987114	26.189911591821474	0.0
90.0	26.13272106926749	23.78121416874273	23.77117095502593	26.314893806963852	0.0
91.0	26.349208120496247	23.703100284278744	23.691383201609145	26.256308393615864	0.0
92.0	26.27416299577906	23.749968614957133	23.680224075257147	26.295644314006655	0.0
93.0	26.21167188820787	23.855980315301114	23.73574072885834	26.196607067632677	0.0
94.0	26.17624166204028	23.822223958086322	23.62889209403796	26.37264228583544	0.0
95.0	26.39551849485704	23.73462481622314	23.760569784991535	26.109286903928293	0.0
96.0	26.202392510015287	23.68211085445192	23.94518652427661	26.17031011125618	0.0
97.0	26.227221496881032	23.784495553100555	23.75185519958042	26.236427750437997	0.0
98.0	26.363083481191346	23.880463771997366	23.725910303192617	26.03054244361867	0.0
99.0	26.167520337451037	23.81434613281555	23.79453873879906	26.223594790934353	0.0
100.0	26.348576657404614	23.72479439367056	23.779194982870788	26.147433966054034	0.0
101.0	26.276879470612524	23.633289812861975	23.78421657572004	26.30561414080546	0.0
102.0	26.227500474261547	23.685179605637575	23.843917735150033	26.243402184950842	0.0
103.0	26.24535502661444	23.78198475667593	23.77696316382668	26.195697052882956	0.0
104.0	26.12623168513497	23.85396092084854	23.698849497282758	26.32095789673373	0.0
105.0	26.323468693158357	23.696896655619163	23.713077343688973	26.266557307533507	0.0
106.0	26.246191958755983	23.733721669847007	23.73930121745729	26.280785153939718	0.0
107.0	26.198207849307575	23.832479662548963	23.742369968642944	26.22694251950052	0.0
108.0	26.200160690971174	23.744601787687053	23.67736823898318	26.377869282358585	0.0
109.0	26.27883231227612	23.665093234240565	23.862888197024983	26.19318625645833	0.0
110.0	26.200160690971174	23.692711994911452	23.839733074442325	26.267394239675045	0.0
111.0	26.180838213099065	23.808700164317216	23.704083938480082	26.306377684103634	0.0
112.0	26.11416280516553	23.770480369811384	23.81148993033954	26.30386689468354	0.0
113.0	26.2871282985496	23.7456514522127	23.76852753359576	26.19869271564194	0.0
114.0	26.23412274412545	23.84859381843645	23.725844113454205	26.191439323983897	0.0
115.0	26.139828652570905	23.767132650584596	23.771596276220315	26.32144242062418	0.0
116.0	26.361057098141178	23.683439669914886	23.702410078866684	26.253093153077252	0.0
117.0	26.272342538631282	23.752625867268513	23.677023208063538	26.298008386036663	0.0
118.0	26.21515233517365	23.857800046310114	23.728075926272062	26.19897169224417	0.0
119.0	26.17721151727005	23.824880807246696	23.62290174723046	26.375005928252797	0.0
120.0	26.398439962840314	23.72417025384081	23.77020139320915	26.10718839010972	0.0
121.0	26.205740238581456	23.678484148505238	23.947976298081752	26.16779931483155	0.0
122.0	26.23670672781851	23.77361543526051	23.75827167933224	26.231406157588744	0.0
123.0	26.35861984310312	23.892738776739982	23.731210873422384	26.017430506734513	0.0
124.0	26.16612545054847	23.82215749946994	23.794817716179573	26.21689933380201	0.0
125.0	26.352482340731815	23.725910303192617	23.78282168881747	26.138785667258098	0.0
126.0	26.272694809904813	23.636358564047626	23.787006349525182	26.30394027652238	0.0
127.0	26.227500474261547	23.687132447301174	23.838338187539755	26.24702889089753	0.0
128.0	26.245634003994954	23.77305748049948	23.77556827692411	26.205740238581456	0.0
129.0	26.13739078035553	23.844754667291575	23.704986999654068	26.312867552698826	0.0
130.0	26.319284032450653	23.69131710800888	23.70917166036178	26.28022719917869	0.0
131.0	26.253724348029863	23.724236438909532	23.740417126979345	26.281622086081263	0.0
132.0	26.192907279077815	23.8352694363541	23.750181335297334	26.22164194927075	0.0
133.0	26.199117871061873	23.752758396545133	23.67129677417555	26.376826958217443	0.0
134.0	26.28448518765466	23.66404334204675	23.867976376129512	26.18349509416908	0.0
135.0	26.199954805538272	23.687198529227146	23.84231038551992	26.270536279714662	0.0
136.0	26.174640814618495	23.805830659785183	23.713488631608314	26.306039893988004	0.0
137.0	26.12107685869717	23.769563397963452	23.801924954665925	26.307434788673454	0.0
138.0	26.29041707351095	23.739991630631888	23.770400334774724	26.199190961082437	0.0
139.0	26.238805970149254	23.84600362672618	23.73329613614172	26.18189426698284	0.0
140.0	26.14646394197238	23.761194029850746	23.77458501883108	26.317757009345794	0.0
141.0	26.348797178957117	23.68649375503907	23.698489882800622	26.266219183203187	0.0
142.0	26.266498162918573	23.748148272139133	23.685098856462147	26.300254708480146	0.0
143.0	26.21265507784929	23.856950361139244	23.73698908352374	26.19340547748773	0.0
144.0	26.180851390295413	23.82096197785459	23.627908014808245	26.370278617041755	0.0
145.0	26.408219858334103	23.720250300600643	23.77018766965454	26.101342171410717	0.0
146.0	26.204637771727	23.67819042092577	23.950475382761237	26.166696424585993	0.0
147.0	26.230656136053586	23.78008464291792	23.7652986355026	26.223960585525894	0.0
148.0	26.36770950157067	23.887838056499444	23.72937625193195	26.015076189997938	0.0
149.0	26.181349491973688	23.805538351662452	23.795773979902133	26.217338176461723	0.0
150.0	26.35264447085475	23.724354575026645	23.782103859437683	26.140897094680927	0.0
151.0	26.278156263426013	23.634243372781395	23.78182487738739	26.305775486405203	0.0
152.0	26.234914045630305	23.67385882392327	23.84515380280433	26.2460733276421	0.0
153.0	26.24495739944092	23.77345541587854	23.78070894918621	26.20087823549433	0.0
154.0	26.12499511781412	23.840690089999608	23.714869185316616	26.31944560686965	0.0
155.0	26.31944560686965	23.692271639242733	23.71263732891426	26.27564542497336	0.0
156.0	26.259464466056254	23.724354575026645	23.742209426245513	26.273971532671585	0.0
157.0	26.196135540639315	23.83148368233988	23.75615852876026	26.216222248260546	0.0
158.0	26.19286082941595	23.74925023364812	23.68006249215361	26.377826444782325	0.0
159.0	26.290225836599756	23.669740127495153	23.8535898115471	26.18644422435799	0.0
160.0	26.19620862335923	23.683131303268283	23.85079998326103	26.26986009011145	0.0
161.0	26.177868788429993	23.81376170336231	23.704400129448395	26.303969378759305	0.0
162.0	26.11872426376226	23.763265670509202	23.805950162368458	26.31205990336008	0.0
163.0	26.294483936123914	23.733693408175334	23.78530537545614	26.186517280244615	0.0
164.0	26.234781444242337	23.855330260793874	23.736483244244567	26.173405050719218	0.0
165.0	26.141321935923045	23.75991786722612	23.77860976888998	26.320150427960854	0.0
166.0	26.356491827152436	23.682984463359585	23.705582198564347	26.254941510923636	0.0
167.0	26.267216823874367	23.742966106187037	23.688285166679222	26.301531903259374	0.0
168.0	26.219231509612406	23.84479540680108	23.741013215490327	26.194959868096184	0.0
169.0	26.187427289694597	23.821639702825834	23.634162195941894	26.35677081153768	0.0
170.0	26.400850344406223	23.730690793236302	23.771143529096676	26.097315333260795	0.0
171.0	26.194753962984247	23.67942372824613	23.9586878769787	26.167134431790917	0.0
172.0	26.245323498148927	23.775739940464398	23.765138474672263	26.213798086714412	0.0
173.0	26.36954580961946	23.8759625041848	23.72977346278317	26.024718223412563	0.0
174.0	26.181787746903247	23.799520142841203	23.792545474835396	26.226146635420157	0.0
175.0	26.34945876576275	23.718613993973886	23.789755607633076	26.142171632630284	0.0
176.0	26.280270059145185	23.630175203660304	23.789197634192615	26.300357103001897	0.0
177.0	26.228936502622474	23.677323959379535	23.853922553286463	26.239816984711528	0.0
178.0	26.25376632072313	23.77301640441915	23.787802700591453	26.185414574266265	0.0
179.0	26.126269389577057	23.844994978239036	23.70354871108135	26.325186921102556	0.0
180.0	26.31346947885281	23.697689989956476	23.71387121972994	26.274969311460772	0.0
181.0	26.27078451065729	23.718056020533425	23.750139493360116	26.26101997544917	0.0
182.0	26.19768998995648	23.82546590782279	23.764925789532416	26.211918312688315	0.0
183.0	26.1871615532908	23.763597153211567	23.673484191173394	26.375757102324243	0.0
184.0	26.28843401527178	23.674879128666245	23.85928986522114	26.17739699084084	0.0
185.0	26.203063840709294	23.686875591104762	23.841155677814076	26.268904890371864	0.0
186.0	26.1808178820326	23.807743598613985	23.70758680720236	26.303851712151054	0.0
187.0	26.122230343880947	23.761710532923406	23.80690663378325	26.309152489412398	0.0
188.0	26.300503852828104	23.73464867006288	23.77593893504595	26.18890854206306	0.0
189.0	26.2449851857225	23.843175109781885	23.73241676384758	26.179422940648035	0.0
190.0	26.144549406033956	23.75138796667764	23.78319263024568	26.320869997042724	0.0
191.0	26.34047266325742	23.68533382435407	23.712395762714227	26.261797749674283	0.0
192.0	26.263750673061097	23.743363547848016	23.691471583569776	26.30141419552111	0.0
193.0	26.210742752561817	23.839893760967755	23.751454230450538	26.197909256019887	0.0
194.0	26.18870261719633	23.82510734103901	23.62535117747331	26.360838864291352	0.0
195.0	26.41021992707226	23.72550824831142	23.771541442429214	26.092730382187106	0.0
196.0	26.200214264192212	23.671171422513364	23.963552768137127	26.165061545157293	0.0
197.0	26.243251914573072	23.77474297989873	23.768326195823512	26.21367890970469	0.0
198.0	26.3708241963653	23.878315115195544	23.728217747200322	26.022642941238832	0.0
199.0	26.181389042334153	23.80270844841728	23.800197525904352	26.215704983344214	0.0
200.0	26.354363704336087	23.72319590217446	23.780668128581553	26.141772264907903	0.0
201.0	26.274293175312607	23.62973378641535	23.78847988751067	26.307493150761367	0.0
202.0	26.231753861262387	23.680642353361307	23.855570931166863	26.232032854209447	0.0
203.0	26.24933041692706	23.76852513168467	23.785822694402288	26.196321756985984	0.0
204.0	26.13103740737434	23.84692214980805	23.70770466922596	26.314335773591647	0.0
205.0	26.31294080885635	23.69375502187305	23.719143380055353	26.27416078921525	0.0
206.0	26.27388179626819	23.71942237300241	23.754575484331756	26.252120346397646	0.0
207.0	26.202180608874208	23.832135523613964	23.75597044906705	26.209713418444778	0.0
208.0	26.192767924649374	23.75492075183229	23.680429427142183	26.37188189637615	0.0
209.0	26.284835854041646	23.667595715772354	23.862891323574136	26.18467710661187	0.0
210.0	26.203927673666623	23.689078232630546	23.839176856912488	26.267817236790346	0.0
211.0	26.178054292330444	23.807437993471527	23.711463884161482	26.30304383003655	0.0
212.0	26.12560332561448	23.757776971793657	23.80883296599057	26.30778673660129	0.0
213.0	26.301090868509892	23.731830482939486	23.79097731774684	26.17610133080378	0.0
214.0	26.246407945763465	23.842870295455178	23.732946460954718	26.177775297826635	0.0
215.0	26.14583682078409	23.75288760922696	23.77771825861819	26.323557311370767	0.0
216.0	26.34901946560945	23.673160783088328	23.71780027732286	26.260019473979362	0.0
217.0	26.282339221096624	23.73175011927115	23.69687551440042	26.289035145231804	0.0
218.0	26.21398499555	23.841395876984713	23.76160278104049	26.183016346424793	0.0
219.0	26.192223242110668	23.818518136189518	23.640518152929328	26.348740468770487	0.0
220.0	26.41653670063918	23.724217204619073	23.761881777879456	26.097364316862294	0.0
221.0	26.193133310641525	23.69136167577129	23.952782443237936	26.16272257034925	0.0
222.0	26.248448071423592	23.778754272162935	23.77652228499686	26.196275371416615	0.0
223.0	26.366537955047654	23.88037631408611	23.72943776086423	26.023647970002006	0.0
224.0	26.189519616541396	23.79290333740674	23.791508333751835	26.226068712300027	0.0
225.0	26.345481025160282	23.727617166356975	23.785649318401212	26.141252490081524	0.0
226.0	26.286611870923103	23.62606090027956	23.776721295009793	26.310605933787546	0.0
227.0	26.226068712300027	23.693858077908164	23.845634475562328	26.23443873422948	0.0
228.0	26.25620079124607	23.76863027381132	23.778116298664703	26.197052636277906	0.0
229.0	26.127023452801446	23.846750478486253	23.710040120305116	26.316185948407185	0.0
230.0	26.31841795425504	23.698043088872893	23.711435123960026	26.27210383291204	0.0
231.0	26.26987182706419	23.717573140041626	23.754959237993205	26.257595794900983	0.0
232.0	26.19733163700889	23.82722042731752	23.759702250419895	26.215745685253694	0.0
233.0	26.20019474305356	23.751677496575258	23.6844381328103	26.363689627560888	0.0
234.0	26.290870233607965	23.654026968285898	23.86188309278753	26.193219705318604	0.0
235.0	26.2094017928637	23.686112141866687	23.835656950904106	26.26882911436551	0.0
236.0	26.180458679761177	23.79666313263769	23.714357457731154	26.308520729869983	0.0
237.0	26.123821215333965	23.74895374142068	23.815356285921542	26.311868757323808	0.0
238.0	26.29652363149378	23.731376597288097	23.80363818983316	26.168461581384967	0.0
239.0	26.24156018079348	23.846883544445063	23.73528262931756	26.176273645443892	0.0
240.0	26.135916587381523	23.75652532985874	23.7816361663007	26.325921916459038	0.0
241.0	26.33414621896572	23.66836498378879	23.732540165292946	26.264948631952546	0.0
242.0	26.275665388629378	23.734101271898247	23.68945368091483	26.30077965855755	0.0
243.0	26.208940396426968	23.82217434861351	23.768595594821836	26.20028966013769	0.0
244.0	26.20284144343764	23.818507056167483	23.622045046729493	26.356606453665382	0.0
245.0	26.426009907207142	23.711156073397056	23.771157468778345	26.091676550617454	0.0
246.0	26.195486539438356	23.688969763274965	23.95354808459808	26.161995612688592	0.0
247.0	26.261628247745524	23.7655845732611	23.76893384353884	26.203853335454536	0.0
248.0	26.365767878077374	23.882375928096913	23.730530899346842	26.02132529447887	0.0
249.0	26.191592698040527	23.77379556746497	23.816781108692012	26.217830625802492	0.0
