# Position (bp)	A	C	G	T	N
0.0	26.213093496013972	23.653761249316226	23.687359947574922	26.445785307094877	0.0
1.0	26.151449603340986	23.84285805521849	23.74067358448129	26.265018756959236	0.0
2.0	26.26914159574616	23.763761818156574	23.66824473475961	26.298851851337655	0.0
3.0	26.123559627932806	23.893933083437457	23.674857698181313	26.307649590448424	0.0
4.0	26.27848087207139	23.7909338782854	23.70763617785725	26.222949071785955	0.0
5.0	26.163576844799962	23.83989382526148	23.679132388015358	26.317396941923192	0.0
6.0	26.31982274643077	23.64935778899495	23.799567972190292	26.231251492383983	0.0
7.0	26.262042924174693	23.72296415581531	23.792931115861954	26.22206180414804	0.0
8.0	26.195057347759814	23.70401836905248	23.70679482801225	26.39412945517546	0.0
9.0	26.35650090373237	23.697223278813237	23.728874735196698	26.21740108225769	0.0
10.0	26.310748078717072	23.63899871174093	23.807805073075386	26.242448136466617	0.0
11.0	26.19302785304962	23.685920216782907	23.72201368219981	26.39903824796766	0.0
12.0	26.282428590466882	23.755886011283373	23.65704544444938	26.30463995380036	0.0
13.0	26.277708675758515	23.751443738616675	23.744502687574965	26.22634489804984	0.0
14.0	26.280207454133535	23.741726267158278	23.71673848340811	26.261327795300076	0.0
15.0	26.18580915996624	23.627615388032517	23.83307049886722	26.35350495313402	0.0
16.0	26.292978988050287	23.885544844742572	23.67259339878282	26.148882768424325	0.0
17.0	26.314912709342096	23.799753453866998	23.70618808582471	26.179145750966192	0.0
18.0	26.35600373150904	23.74478032961663	23.817244902492117	26.081971036382214	0.0
19.0	26.186086802007907	23.867220469992446	23.70951979032473	26.237172937674913	0.0
20.0	26.11965783489784	23.808016614053646	23.749711947181527	26.32261360386699	0.0
21.0	26.359262251615178	23.69473897555924	23.766092782159884	26.179905990665702	0.0
22.0	26.247650460745685	23.74554732811923	23.69335076920514	26.313451441929942	0.0
23.0	26.302068149826336	23.78858172509627	23.710286886725136	26.199063238352256	0.0
24.0	26.29124014026437	23.639488362666132	23.76053995674349	26.308731540326008	0.0
25.0	26.21155709553914	23.64948344841564	23.69390605174678	26.44505340429844	0.0
26.0	26.154362993750297	23.85799204280118	23.736385166182185	26.251259797266346	0.0
27.0	26.272638175119457	23.757763544035292	23.67113946753957	26.29845881330568	0.0
28.0	26.122989530147677	23.897417103257563	23.684466248538914	26.295127118055845	0.0
29.0	26.26347601318241	23.7974662457625	23.705289343850385	26.23376839720471	0.0
30.0	26.164635720770622	23.83411489351069	23.68557681362219	26.3156725720965	0.0
31.0	26.306788051430267	23.64226477537433	23.802463788637255	26.248483384558146	0.0
32.0	26.259589035390935	23.714729147058254	23.793856909241846	26.23182490830897	0.0
33.0	26.20267257487291	23.689741432684485	23.720559613745465	26.387026378697144	0.0
34.0	26.361965472627425	23.702169482866804	23.735763983363782	26.20010106114199	0.0
35.0	26.305326810632522	23.647474304371727	23.79656725285831	26.250631632137445	0.0
36.0	26.189273081642966	23.685511052868303	23.729933532864305	26.395282332624426	0.0
37.0	26.290056583133897	23.74909072736258	23.658302283870754	26.30255040563277	0.0
38.0	26.286724897134196	23.74742488436273	23.73687454536368	26.22897567313939	0.0
39.0	26.27811804163497	23.74437083886301	23.722714879864956	26.254796239637066	0.0
40.0	26.187051957643163	23.622764299873953	23.830717034355235	26.35946670812765	0.0
41.0	26.293665909633567	23.877638278851013	23.679958242868803	26.148737568646613	0.0
42.0	26.315599509131598	23.797677814858208	23.708277573866255	26.17844510214394	0.0
43.0	26.364741877627175	23.738818028863506	23.812948042356837	26.083492051152486	0.0
44.0	26.188162519643065	23.87541715485121	23.70744465236633	26.22897567313939	0.0
45.0	26.128952548593894	23.806496214382296	23.752634106930167	26.311917130093647	0.0
46.0	26.357450045671737	23.695717962457554	23.7737347263444	26.17309726552631	0.0
47.0	26.242229558080844	23.7529117466593	23.70127075704025	26.303587938219607	0.0
48.0	26.30858545334403	23.78956019090508	23.708211750268614	26.193642605482275	0.0
49.0	26.29970098201172	23.621310515049462	23.768737211219975	26.31025129171884	0.0
50.0	26.211966827605167	23.653516723629085	23.69349684462448	26.441019604141275	0.0
51.0	26.160881117444383	23.85091857104384	23.738474480744294	26.249725830767478	0.0
52.0	26.28054384070143	23.75596578367978	23.679059578709474	26.284430796909312	0.0
53.0	26.12562087184428	23.888955213935294	23.685167652750437	26.30025626146999	0.0
54.0	26.254723345891907	23.79677882386258	23.72015025862141	26.228347571624113	0.0
55.0	26.161436396902648	23.832039069462684	23.690442807603997	26.316081726030667	0.0
56.0	26.307197254698355	23.646853370129854	23.805385655465756	26.240563719706035	0.0
57.0	26.264996015869883	23.713486905122174	23.791226029279887	26.23029104972805	0.0
58.0	26.21113390841776	23.696828521374094	23.721260817537946	26.3707767526702	0.0
59.0	26.36876006441224	23.7048142595369	23.736187461824642	26.19023821422622	0.0
60.0	26.303514909212062	23.645121883502693	23.796712754733747	26.254650452551502	0.0
61.0	26.18385251818535	23.689266477872177	23.73257815536676	26.394302848575713	0.0
62.0	26.289632961297126	23.74340607474041	23.668998833916373	26.297962130046088	0.0
63.0	26.282691987339664	23.744238991615305	23.74701538119829	26.226053639846743	0.0
64.0	26.27158642900772	23.74257315786551	23.733966350158255	26.25187406296852	0.0
65.0	26.19329224276751	23.626797712254984	23.8258648453551	26.354045199622412	0.0
66.0	26.296018657338	23.87778333055694	23.677050363707036	26.149147648398024	0.0
67.0	26.319062690876784	23.791159975567773	23.708978843911378	26.18079848964407	0.0
68.0	26.37181409295352	23.73646510078294	23.819201510355935	26.072519295907604	0.0
69.0	26.199400299850073	23.865011938475206	23.711755233494365	26.223832528180353	0.0
70.0	26.126031078818706	23.80691929890805	23.75139166141468	26.31565796085857	0.0
71.0	26.35591549804126	23.6900336219845	23.77693437466163	26.177116505312608	0.0
72.0	26.238196906555316	23.74222960122827	23.705858998670113	26.313714493546303	0.0
73.0	26.3178790663583	23.800255982408842	23.69114417473437	26.190720776498484	0.0
74.0	26.301498413297757	23.619235884180455	23.77027105816242	26.308994644359363	0.0
75.0	26.2140423842457	23.649776084801807	23.69558638573384	26.440595145218655	0.0
76.0	26.151018515690723	23.846621559715807	23.750836385039744	26.251523539553723	0.0
77.0	26.278732081925476	23.763885379850684	23.666434376049818	26.290948162174015	0.0
78.0	26.137414244504846	23.877994674899565	23.68475849642263	26.299832584172954	0.0
79.0	26.24624841399185	23.815803720906988	23.72168437535572	26.216263489745433	0.0
80.0	26.158792384939794	23.839958243216604	23.696419300296238	26.304830071547357	0.0
81.0	26.301498413297757	23.655606486738613	23.80941804259525	26.233477057368376	0.0
82.0	26.266516001676937	23.720573822605857	23.793592665909642	26.21931750980757	0.0
83.0	26.215708213370498	23.704748445920245	23.720573822605857	26.358969518103397	0.0
84.0	26.363616171824244	23.693021861170184	23.745217695498386	26.198144271507186	0.0
85.0	26.295039729914322	23.65304207317412	23.803243915576015	26.24867428133555	0.0
86.0	26.192591523174396	23.69080076183707	23.724117251833796	26.39249046315474	0.0
87.0	26.29170808091465	23.742718958748632	23.667479218839365	26.298093741497354	0.0
88.0	26.27893675974924	23.751048081247813	23.751880993497732	26.21813416550522	0.0
89.0	26.2694970875835	23.749104619331337	23.7318910994997	26.249507193585465	0.0
90.0	26.18703877484161	23.626111243760096	23.83572749332282	26.351122488075475	0.0
91.0	26.29087516866473	23.873763819402413	23.680528177421415	26.154832834511442	0.0
92.0	26.328078582494406	23.788529132494126	23.711345930668383	26.17204635434308	0.0
93.0	26.370279469823586	23.73577802333265	23.816292874158066	26.077649632685695	0.0
94.0	26.194534985090872	23.856272662154133	23.714955217084697	26.234237135670302	0.0
95.0	26.130605830924836	23.80317782904801	23.759866512300693	26.30634982772646	0.0
96.0	26.359656063723165	23.680740068243086	23.785409083715777	26.174194784317972	0.0
97.0	26.245547402292722	23.73682267069795	23.70239572661675	26.315234200392577	0.0
98.0	26.325784392933592	23.787630176882306	23.697675903637876	26.18890952654623	0.0
99.0	26.295799635185446	23.61993764280935	23.771804888070786	26.312457833934417	0.0
100.0	26.217228464419474	23.647701307390964	23.701285180033484	26.43378504815608	0.0
101.0	26.153372035881763	23.852874788649103	23.749038683113863	26.244714492355275	0.0
102.0	26.27386634016597	23.76819561167518	23.670189875702075	26.287748172456777	0.0
103.0	26.13449274396626	23.887579369376123	23.68851389432594	26.289413992331678	0.0
104.0	26.251655408500678	23.809285835255967	23.72099738188643	26.218061374356928	0.0
105.0	26.161145861964613	23.8356613166085	23.702673363262562	26.300519458164324	0.0
106.0	26.308848557538806	23.65325404030729	23.798458006069136	26.23943939608477	0.0
107.0	26.266925424020567	23.706837912949805	23.797069822840054	26.22916684018957	0.0
108.0	26.220560104169273	23.689624440909203	23.732380484364892	26.357434970556632	0.0
109.0	26.375685760611244	23.687059947138128	23.746751660262532	26.190502631988092	0.0
110.0	26.30488861248695	23.64596983763854	23.80422228638696	26.24491926348755	0.0
111.0	26.18828154498812	23.685394131888145	23.73314750238767	26.39317682073607	0.0
112.0	26.291562090487087	23.738422584012618	23.673455789263265	26.296559536237034	0.0
113.0	26.284621193612157	23.742587122137575	23.760633454012396	26.212158230237883	0.0
114.0	26.254636519112452	23.741754214512582	23.745641116762545	26.25796814961242	0.0
115.0	26.189669724363103	23.62181551651378	23.845590031761542	26.34292472736157	0.0
116.0	26.299613530862004	23.875574706261244	23.68095195788819	26.143859804988562	0.0
117.0	26.321824400861782	23.78395486751216	23.71204717588788	26.18217355573818	0.0
118.0	26.36513559736135	23.7200986162628	23.828654243386712	26.086111542989137	0.0
119.0	26.200497523487996	23.857806010261424	23.71204717588788	26.229649290362705	0.0
120.0	26.135325653903713	23.801512009173116	23.7634757886963	26.299686548226873	0.0
121.0	26.364098250056223	23.684626981284516	23.777912894278742	26.173361874380525	0.0
122.0	26.249156678688333	23.726550114802752	23.706282639658173	26.31801056685074	0.0
123.0	26.326617302871043	23.78735254023649	23.691012624138285	26.195017532754182	0.0
124.0	26.301907641393402	23.60827690368507	23.77319307129987	26.316622383621656	0.0
125.0	26.21472973460713	23.642703847766274	23.705172093074907	26.43739432455169	0.0
126.0	26.155037855756657	23.848987875607676	23.755979599259266	26.239994669376397	0.0
127.0	26.274143976811786	23.762365242113038	23.673799152097683	26.28969162897749	0.0
128.0	26.140600750174215	23.874252810376948	23.689624440909203	26.295521998539634	0.0
129.0	26.25221068179231	23.806509468797806	23.7187762887199	26.22250356068998	0.0
130.0	26.171696054505627	23.833440223441972	23.6998969968044	26.294966725248	0.0
131.0	26.318565840142373	23.642148574474643	23.80678710544362	26.232498479939366	0.0
132.0	26.26831360724965	23.711002462637047	23.804288375631277	26.216395554482023	0.0
133.0	26.206955908524275	23.692123170721548	23.740154310447746	26.36076661030643	0.0
134.0	26.362783259574325	23.6860809257542	23.76104302824683	26.19009278642464	0.0
135.0	26.307255776246453	23.65109861125764	23.812128312908474	26.229517299587428	0.0
136.0	26.193424435424312	23.66942268075584	23.737721485249125	26.399431398570723	0.0
137.0	26.293373905414484	23.736333298165928	23.67858471550494	26.29170808091465	0.0
138.0	26.281435496498993	23.74494005808175	23.771315612662487	26.20230883275677	0.0
139.0	26.26116796508432	23.737999122665762	23.741330771665435	26.259502140584484	0.0
140.0	26.18953751159136	23.610563548428296	23.850442276404706	26.349456663575637	0.0
141.0	26.29448445508104	23.872653269735856	23.68247163933789	26.150390635845213	0.0
142.0	26.337518254660143	23.77464726166216	23.704682632669037	26.183151851008656	0.0
143.0	26.37499930590646	23.7135670300015	23.838226230072575	26.07320743401947	0.0
144.0	26.208416855922838	23.851552826071266	23.719675053167567	26.22035526483833	0.0
145.0	26.143522284629118	23.799423067846444	23.76444065622562	26.29261399129882	0.0
146.0	26.37312906566421	23.677539903548496	23.7855411584731	26.163789872314197	0.0
147.0	26.242083841179852	23.729735882792262	23.715021058856518	26.313159217171368	0.0
148.0	26.334537357606315	23.778322565598963	23.694475832983972	26.192664243810746	0.0
149.0	26.31010519710923	23.59841302012044	23.771936887287225	26.319544895483105	0.0
150.0	26.21931750980757	23.635616537240995	23.70696955141998	26.438096401531453	0.0
151.0	26.14851977200352	23.850786132527812	23.755000957851745	26.24569313761692	0.0
152.0	26.272901679988674	23.75999844522615	23.684480858235165	26.28261901655001	0.0
153.0	26.14518811375392	23.876051207587295	23.685036134610097	26.293724544048686	0.0
154.0	26.253467006865993	23.800811258783778	23.723350204480525	26.222371529869704	0.0
155.0	26.164067510501667	23.834683117654734	23.704193169545313	26.29705620229829	0.0
156.0	26.29205871492389	23.65227482848901	23.812472062657385	26.24319439392972	0.0
157.0	26.271791127238803	23.706414275045045	23.802754726096044	26.219039871620105	0.0
158.0	26.215430575183035	23.68975598379704	23.746116535852806	26.348696905167124	0.0
159.0	26.37264700982842	23.6839913376645	23.759231495363426	26.18413015714365	0.0
160.0	26.30323727025376	23.636792714753735	23.81559220389805	26.244377811094456	0.0
161.0	26.197456827141984	23.6637236937087	23.740074407240826	26.398745071908493	0.0
162.0	26.300183241712478	23.729801765783776	23.685101893497695	26.28491309900605	0.0
163.0	26.281303792548172	23.74673774223999	23.767838303070686	26.20412016214115	0.0
164.0	26.25659392525959	23.749514131822977	23.746182464323393	26.24770947859404	0.0
165.0	26.189682936309623	23.61124993059026	23.86279082680882	26.3362763062913	0.0
166.0	26.29990560275418	23.87056471764118	23.689266477872177	26.140263201732466	0.0
167.0	26.332666999833414	23.769781775778778	23.71508690099395	26.182464323393855	0.0
168.0	26.380976178577377	23.716197456827143	23.833916375145762	26.06890998944972	0.0
169.0	26.20051085568327	23.85390638014326	23.717863290576936	26.227719473596533	0.0
170.0	26.148109689904185	23.79983286088306	23.76429497555382	26.287762473658933	0.0
171.0	26.381604702106454	23.670175107377165	23.784285036051518	26.163935154464863	0.0
172.0	26.24805999239267	23.728201810766315	23.71071050783083	26.313027689010188	0.0
173.0	26.339125823548848	23.77956516065623	23.6976614405615	26.183647575233426	0.0
174.0	26.322745079529902	23.596322939427342	23.77262416742786	26.308307813614896	0.0
175.0	26.21835254137526	23.633804302860522	23.704047154331594	26.443796001432624	0.0
176.0	26.162269316090054	23.840368261336724	23.76429497555382	26.233067447019398	0.0
177.0	26.27165936936912	23.75818690151286	23.691831006249668	26.278322722868353	0.0
178.0	26.145888572071108	23.872019190458076	23.684890013021302	26.297202224449514	0.0
179.0	26.255556265079306	23.791781308738155	23.72625833266237	26.226404093520166	0.0
180.0	26.154773043403416	23.825653355692587	23.71598566268439	26.303587938219607	0.0
181.0	26.292482349054218	23.654627282545622	23.815658325443735	26.23723204295642	0.0
182.0	26.272769928285655	23.702658955685923	23.804275096549215	26.220296019479207	0.0
183.0	26.212522107063435	23.683779454104766	23.749857709638817	26.353840729192985	0.0
184.0	26.370849968626626	23.680791164368728	23.761306909361483	26.187051957643163	0.0
185.0	26.308380856132246	23.639145089372477	23.81489152585666	26.23758252863862	0.0
186.0	26.192604767642663	23.664688015370178	23.741039152863305	26.40166806412385	0.0
187.0	26.299496360133045	23.731599375864157	23.688842738868004	26.280061525134794	0.0
188.0	26.283670851634472	23.75270005386226	23.76519387636113	26.19843521814214	0.0
189.0	26.258683206636718	23.742704995863157	23.74631432236283	26.252297475137294	0.0
190.0	26.190938924642815	23.6077717128753	23.859591646352637	26.341697716129246	0.0
191.0	26.310879620632022	23.869031423351785	23.685788693368277	26.134300262647912	0.0
192.0	26.341420075629273	23.771301967360582	23.702169482866804	26.18510847414334	0.0
193.0	26.383343791125498	23.717439710365433	23.829606472355337	26.069610026153732	0.0
194.0	26.205931511641467	23.85570467935299	23.71521858636563	26.223145222639914	0.0
195.0	26.15519591756275	23.794134550512663	23.757763544035292	26.292905987889288	0.0
196.0	26.377864216760095	23.678358140580883	23.79163577907529	26.15214186358374	0.0
197.0	26.236822451183723	23.732775829661527	23.71583971214153	26.31456200701322	0.0
198.0	26.336495667407966	23.77581022663857	23.706399908933662	26.1812941970198	0.0
199.0	26.312340876846662	23.602562073647125	23.771645607576275	26.313451441929942	0.0
200.0	26.229881419413232	23.616999419729744	23.70945396291268	26.443665197944345	0.0
201.0	26.159360536625048	23.841333566552	23.757208261493652	26.242097635329298	0.0
202.0	26.2690288385988	23.758874109118572	23.683355683455634	26.288741368826997	0.0
203.0	26.153807711208653	23.868542411092324	23.680579270747437	26.297070606951582	0.0
204.0	26.250149232183066	23.801630864824794	23.72278074391202	26.22543915908012	0.0
205.0	26.163525155687346	23.817734058532334	23.720281972474645	26.29845881330568	0.0
206.0	26.30484456253453	23.644485905540886	23.816901134719874	26.23376839720471	0.0
207.0	26.271805251306997	23.696682464454977	23.800797941012338	26.230714343225692	0.0
208.0	26.222385105101104	23.682245118372354	23.749434305910704	26.34593547061584	0.0
209.0	26.373772822175823	23.679812091866197	23.762827062325083	26.183588023632893	0.0
210.0	26.31463506730043	23.630114166407534	23.815023766158767	26.24022700013327	0.0
211.0	26.197192483674648	23.653991381991027	23.74311447736662	26.405701656967707	0.0
212.0	26.305750521967035	23.718126693616455	23.6903624894496	26.285760294966902	0.0
213.0	26.289369641508596	23.739227488783264	23.766714050908444	26.2046888187997	0.0
214.0	26.256052596508372	23.747834392074985	23.745613255741638	26.250499755675005	0.0
215.0	26.200801830216335	23.609846297365735	23.853060725867355	26.33629114655058	0.0
216.0	26.324352538758827	23.868053396117453	23.67759095553285	26.130003109590866	0.0
217.0	26.343509839633956	23.768935187241794	23.702578739283016	26.184976233841233	0.0
218.0	26.383767935675888	23.71868197769979	23.8252965217005	26.072253564923813	0.0
219.0	26.20968637554973	23.856670072409045	23.71479498911643	26.21884856292479	0.0
220.0	26.160061081418757	23.780384535295344	23.765947109044212	26.293607274241687	0.0
221.0	26.383285902686193	23.676268480599706	23.785382105920732	26.155063510793365	0.0
222.0	26.25584785173874	23.7273547581037	23.710696189352397	26.306101200805166	0.0
223.0	26.345526480183246	23.777052821545084	23.70597626153953	26.171444436732145	0.0
224.0	26.324425626431598	23.597417921843547	23.768168251544388	26.309988200180467	0.0
225.0	26.23308114111196	23.615187061844935	23.718192545290485	26.43353925175262	0.0
226.0	26.1670021517318	23.82813909904907	23.768723537169432	26.2361352120497	0.0
227.0	26.283889775803427	23.752620254043176	23.680988408412578	26.282501561740823	0.0
228.0	26.159783438606233	23.856458665926286	23.6812660512251	26.302491844242383	0.0
229.0	26.252238495175956	23.799264246546816	23.72430068716596	26.224196571111264	0.0
230.0	26.17422086485736	23.819809814673423	23.70569861872701	26.300270701742207	0.0
231.0	26.299993058929687	23.64489484278476	23.82758381342403	26.227528284861524	0.0
232.0	26.27916984799056	23.698757548413965	23.799819532171863	26.222253071423612	0.0
233.0	26.2297494273617	23.680988408412578	23.75178732560561	26.337474838620118	0.0
234.0	26.380860361936175	23.66522847290476	23.77239889608911	26.18151226906995	0.0
235.0	26.318112912092488	23.64024055040064	23.809603136261916	26.232043401244955	0.0
236.0	26.18817571507105	23.65717680898677	23.748521547918504	26.406125928023677	0.0
237.0	26.30173194067312	23.719091328080317	23.700211564410534	26.278965166836027	0.0
238.0	26.290348553754573	23.728531209915207	23.77350947042263	26.207610765907592	0.0
239.0	26.24065035232971	23.75407441958609	23.749632122252024	26.25564310583218	0.0
240.0	26.211233584140825	23.599689035733125	23.850681622567123	26.33839575755893	0.0
241.0	26.3209186874941	23.857054802507733	23.69379674927672	26.128229760721446	0.0
242.0	26.338425486308935	23.776522786968087	23.705998967131457	26.179052759591514	0.0
243.0	26.37156986058703	23.708812643515394	23.84319997334466	26.076417522552912	0.0
244.0	26.211095963059734	23.853460651008334	23.722126120022548	26.213317265909385	0.0
245.0	26.14204318272691	23.794093473721624	23.759385134834954	26.304478208716514	0.0
246.0	26.392236352529576	23.663852946076524	23.789637363247625	26.15427333814628	0.0
247.0	26.249965290311835	23.730319606808653	23.716713409046733	26.303001693832783	0.0
248.0	26.34870211371639	23.783752263109374	23.697115438015796	26.170430185158445	0.0
249.0	26.325376814652728	23.591873910097632	23.77847630260688	26.304272972642757	0.0
