# Position (bp)	A	C	G	T	N
0.0	26.27965583659158	23.779165657474366	23.81953334948041	26.12164515645364	0.0
1.0	26.228907880926844	23.89940371152094	23.80511631662111	26.06657209093111	0.0
2.0	26.065180973360746	23.844714389926732	23.864321158875377	26.225783477837144	0.0
3.0	26.209533255677165	23.92252067307138	23.814686242171913	26.053259829079543	0.0
4.0	26.21247812335114	23.864360452208714	23.72192797068313	26.201233453757016	0.0
5.0	26.25087216510302	23.79035745794867	23.748551196812347	26.21021918013597	0.0
6.0	26.166381234106595	23.80911192992775	23.748277313589472	26.276229522376184	0.0
7.0	26.102349718898658	23.883234827735333	23.699870260919706	26.314545192446303	0.0
8.0	26.15106067682656	23.867102584949286	23.77138507844799	26.210451659776158	0.0
9.0	26.18268518331656	23.84773063406168	23.86675853877224	26.10282564384952	0.0
10.0	26.13035192771744	23.816168436347702	23.896027515344763	26.15745212059009	0.0
11.0	26.066061044625943	23.841538829675287	23.92024470897564	26.172155416723125	0.0
12.0	26.081917540455684	23.829718532784025	23.739768956440766	26.34859497031952	0.0
13.0	26.301602082678656	23.682685571453696	23.92341600814159	26.09229633772606	0.0
14.0	26.213958905728806	23.78416714476404	23.755913752194683	26.245960197312467	0.0
15.0	26.145920123623007	23.867197522927054	23.736021057426463	26.25086129602348	0.0
16.0	26.1586053202868	23.81126733763669	23.90842441208438	26.12170292999213	0.0
17.0	26.1586053202868	23.827988733238964	23.84730482815883	26.166101118315403	0.0
18.0	26.031753353648867	23.902946713525015	23.855665525959964	26.20963440686615	0.0
19.0	26.29122328540828	23.832024932177443	23.70200166637356	26.17475011604072	0.0
20.0	26.165160784404172	23.76161124597102	23.878660677733507	26.194567291891303	0.0
21.0	26.180440636333756	23.861651031245856	23.705392922833866	26.25251540958652	0.0
22.0	26.18649491728699	23.787846463435024	23.863957423989945	26.16170119528804	0.0
23.0	26.195720488263348	23.779485789737706	23.83801050561895	26.18678321638	0.0
24.0	26.155571508059378	23.820067288814315	23.767020408633957	26.25734079449235	0.0
25.0	26.29568446331837	23.771056584299856	23.818625797505067	26.11463315487671	0.0
26.0	26.258205689277897	23.876573748136874	23.80132790179408	26.06389266079115	0.0
27.0	26.07167671386109	23.831599219288307	23.86533011592473	26.23139395092587	0.0
28.0	26.22764607352182	23.908286556940347	23.81343642879177	26.050630940746057	0.0
29.0	26.241196091828762	23.85178009761779	23.72435226588019	26.18267154467326	0.0
30.0	26.259935478849002	23.78662469043974	23.728100143284237	26.225339687427024	0.0
31.0	26.177193877698112	23.81285983226807	23.741938459853028	26.26800783018079	0.0
32.0	26.10165973309347	23.87830353770797	23.716279914548398	26.303756814650164	0.0
33.0	26.156724701106775	23.866483308972132	23.756641671207365	26.22015031871373	0.0
34.0	26.201699229955345	23.85523967675999	23.871672677685428	26.071388415599245	0.0
35.0	26.15009384108423	23.809976849649573	23.89070036296751	26.14922894629868	0.0
36.0	26.07282990690849	23.8414013601912	23.9039620830126	26.181806649887708	0.0
37.0	26.087244820000983	23.834770500168652	23.740496968543777	26.337487711286588	0.0
38.0	26.30952277988716	23.684278807483068	23.90713336389295	26.09906504873682	0.0
39.0	26.193915176885397	23.79123746262934	23.76442572427731	26.250421636207953	0.0
40.0	26.149805542822378	23.85581627328369	23.739632073758226	26.254746110135702	0.0
41.0	26.154706613273827	23.808247060078475	23.914340820439193	26.122705506208504	0.0
42.0	26.145769367156486	23.834482201906802	23.86561841418658	26.154130016750127	0.0
43.0	26.03362134329692	23.89300674906231	23.863023729829933	26.21034817781084	0.0
44.0	26.276080181512583	23.83880667583455	23.69898201883741	26.186131123815453	0.0
45.0	26.167316296877164	23.757726371142578	23.861513446192166	26.21344388578809	0.0
46.0	26.19066838876332	23.844792195211955	23.727455140919783	26.237084275104937	0.0
47.0	26.17394713778311	23.776465704137646	23.867567692236726	26.182019465842522	0.0
48.0	26.20220028599105	23.776177406706953	23.831530513400065	26.19009179390193	0.0
49.0	26.140429273636716	23.82281290992173	23.767171666210196	26.269586150231355	0.0
50.0	26.30764130137085	23.764576996814323	23.813299122136854	26.114482579677972	0.0
51.0	26.247675608666192	23.855967018869013	23.81647038473181	26.07988698773298	0.0
52.0	26.064607267957275	23.828867138512102	23.867498882850676	26.239026710679948	0.0
53.0	26.23672033788361	23.90930188978421	23.815317198333645	26.038660573998527	0.0
54.0	26.251711761059777	23.853372349473137	23.711242125899126	26.18367376356796	0.0
55.0	26.2664148876364	23.797731105761606	23.72825162527208	26.207602381329913	0.0
56.0	26.187421619362	23.797731105761606	23.74093667565191	26.273910599224482	0.0
57.0	26.119095325270635	23.872976518241966	23.693079440128002	26.31484871635939	0.0
58.0	26.162051518602336	23.872688221642427	23.77322589480057	26.192034364954665	0.0
59.0	26.197223703746413	23.863174433857555	23.86259784065847	26.077004021737565	0.0
60.0	26.151384544419297	23.81416401193548	23.895751949605753	26.138699494039468	0.0
61.0	26.063454081559108	23.83376818070431	23.919392270768167	26.183385466968417	0.0
62.0	26.088247589119685	23.831173511308435	23.7498738702377	26.33070502933418	0.0
63.0	26.313695529961223	23.686736914938088	23.89661683940438	26.10295071569631	0.0
64.0	26.192322661554208	23.797154512562525	23.773802487999653	26.23672033788361	0.0
65.0	26.1479249852248	23.86634569645251	23.74958557363816	26.236143744684533	0.0
66.0	26.15023135802113	23.809839562942354	23.908436999985586	26.13149207905093	0.0
67.0	26.14504201922938	23.833191587505226	23.86403932365618	26.157727069609216	0.0
68.0	26.045291395787984	23.883931789024547	23.867498882850676	26.20327793233679	0.0
69.0	26.286307353004773	23.828002248713474	23.71239531229729	26.17329508598446	0.0
70.0	26.15303892569465	23.763355301470884	23.880691679207533	26.202914093626934	0.0
71.0	26.195706699417066	23.837159018179932	23.730777879642282	26.23635640276072	0.0
72.0	26.17033667179833	23.781806230648147	23.875790651144825	26.1720664464087	0.0
73.0	26.198013065564226	23.78267111795333	23.830239919738457	26.189075896743987	0.0
74.0	26.142584910066397	23.81662135631236	23.770782461289198	26.270011272332045	0.0
75.0	26.304318369865108	23.771359051163703	23.81748624112412	26.10683633784707	0.0
76.0	26.261650719151717	23.863036841210032	23.803648084135993	26.071664355502257	0.0
77.0	26.079448318808073	23.835937117108287	23.874280343762884	26.210334220320757	0.0
78.0	26.235704174798986	23.912046980542975	23.815756471500606	26.036492373157433	0.0
79.0	26.25501993559491	23.86073048171201	23.719754257395486	26.164495325297594	0.0
80.0	26.259056064716447	23.79961195501446	23.73820513337965	26.20312684688944	0.0
81.0	26.191306754462083	23.80220660944973	23.733015824509106	26.27347081157908	0.0
82.0	26.098475784666746	23.880911127319692	23.707357575093624	26.313255512919937	0.0
83.0	26.160747491113305	23.86966762476684	23.768476101791176	26.201108782328674	0.0
84.0	26.201397077265927	23.858712417151242	23.864478315896296	26.075412189686535	0.0
85.0	26.150080578434963	23.812296932253574	23.899073708366608	26.13854878094486	0.0
86.0	26.063015507384673	23.82296384493192	23.930209561589887	26.183811086093517	0.0
87.0	26.105971453035316	23.824693614555432	23.74224126250119	26.327093669908063	0.0
88.0	26.293651457186762	23.695537482666268	23.908587441295943	26.102223618851028	0.0
89.0	26.204568321575707	23.79067481195963	23.763863382795133	26.24089348366953	0.0
90.0	26.142584910066397	23.867649560206072	23.75579112455206	26.23397440517547	0.0
91.0	26.157287951866277	23.804801263885008	23.92386707297033	26.114043711278384	0.0
92.0	26.158152836678035	23.823828729743678	23.871109099453104	26.146909334125183	0.0
93.0	26.04052850227897	23.867937855143325	23.865631495645303	26.225902146932395	0.0
94.0	26.274047401453583	23.835937117108287	23.719754257395486	26.170261224042648	0.0
95.0	26.171915541358672	23.762065108340924	23.87997739774208	26.18604195255832	0.0
96.0	26.174798482419824	23.84134598752263	23.75629922621862	26.227556303838924	0.0
97.0	26.16182524764464	23.78080422523842	23.870175398134162	26.187195128982783	0.0
98.0	26.20016836375797	23.777344695965034	23.84019281109817	26.182294129178825	0.0
99.0	26.133497083913525	23.82628600422638	23.75997855098034	26.280238360879753	0.0
100.0	26.310797448027927	23.777852734029274	23.79515033052824	26.11619948741456	0.0
101.0	26.244778288056875	23.866070476174002	23.806105474977585	26.08304576079154	0.0
102.0	26.077568188566865	23.82974552352617	23.878467086998263	26.2142192009087	0.0
103.0	26.241607062032063	23.88769247179771	23.83666456212576	26.034035904044465	0.0
104.0	26.271877855905256	23.848772879675035	23.71529309335801	26.164056171061702	0.0
105.0	26.261499298005873	23.80783523462748	23.725095064707425	26.205570402659216	0.0
106.0	26.179624007910768	23.811006460652294	23.727401410907287	26.281968120529655	0.0
107.0	26.10582092951518	23.871836341673657	23.718752612657802	26.30359011615336	0.0
108.0	26.170398623111318	23.86174607704926	23.7723751618046	26.19548013803482	0.0
109.0	26.20384064300932	23.845889946925208	23.874430981148503	26.07583842891697	0.0
110.0	26.147335161112693	23.80985328755236	23.911044227071315	26.131767324263627	0.0
111.0	26.084775520441433	23.814754273227067	23.93122475632011	26.169245450011385	0.0
112.0	26.09054138594109	23.83378162937593	23.755365858580618	26.320311126102364	0.0
113.0	26.289175452404223	23.695689150659184	23.906143241396606	26.10899215553999	0.0
114.0	26.215660667283615	23.768339055954844	23.782465426429	26.233534850332546	0.0
115.0	26.14791174766266	23.859151437574415	23.763438070280134	26.229498744482786	0.0
116.0	26.14791174766266	23.811871340477243	23.94362136714437	26.09659554471573	0.0
117.0	26.160884945036887	23.82628600422638	23.867511942548916	26.145317108187815	0.0
118.0	26.019909533570313	23.87817879372328	23.8845212457729	26.217390426933513	0.0
119.0	26.283121293629584	23.840124081425554	23.708374054758423	26.16838057018644	0.0
120.0	26.17710483526875	23.740154756276162	23.871040280452508	26.211700128002587	0.0
121.0	26.179699482223782	23.83413863486975	23.751109932308545	26.23505195059792	0.0
122.0	26.16096036532629	23.792335989483032	23.867580751179123	26.179122894011552	0.0
123.0	26.213141598533156	23.767542696357115	23.84797675196328	26.17133895314644	0.0
124.0	26.130188227764535	23.82757656392796	23.771647346100956	26.27058786220655	0.0
125.0	26.299417355931816	23.779143014469522	23.81546817656335	26.105971453035316	0.0
126.0	26.25732629509293	23.852081633594434	23.812296932253574	26.078295139059065	0.0
127.0	26.082042973243347	23.830171218363233	23.886677026064746	26.201108782328674	0.0
128.0	26.24723597228909	23.885523846315735	23.83507223229653	26.032167949098646	0.0
129.0	26.272029336892817	23.842279605727843	23.716583013085707	26.169108044293633	0.0
130.0	26.280966479947647	23.784908913214576	23.733880709320864	26.200243897516916	0.0
131.0	26.181580206765727	23.81582513131872	23.74230971037807	26.260284951537482	0.0
132.0	26.110371151972235	23.867141778092982	23.728471513495126	26.294015556439664	0.0
133.0	26.15303892569465	23.87809701729198	23.767103146460016	26.201760910553357	0.0
134.0	26.197512000345956	23.859426578063513	23.87931904343188	26.06374237815865	0.0
135.0	26.166664264195006	23.799460885358858	23.912473152379167	26.121401698066972	0.0
136.0	26.070661496547647	23.811281045940063	23.939573032736078	26.17848442477621	0.0
137.0	26.08305825032794	23.822524613322184	23.760540844420742	26.333876291929137	0.0
138.0	26.303028555778184	23.67981779654909	23.901229584997044	26.11592406267568	0.0
139.0	26.217116169114785	23.76630677641157	23.80407363095152	26.212503423522122	0.0
140.0	26.15397921381517	23.837227739898807	23.764576996814323	26.244216049471696	0.0
141.0	26.141582460034883	23.81618208813227	23.939573032736078	26.102662419096767	0.0
142.0	26.16233981520188	23.825984172516684	23.872976518241966	26.138699494039468	0.0
143.0	26.04067865019532	23.8718233318438	23.877877560434175	26.209620457526704	0.0
144.0	26.286883946203854	23.823677799720354	23.73517074366108	26.154267510414712	0.0
145.0	26.165874809723693	23.753113612251486	23.887171917523872	26.193839660500945	0.0
146.0	26.1828843581346	23.825187969924812	23.7611859403109	26.230741731629685	0.0
147.0	26.179713086396973	23.765798699201994	23.873621938281286	26.180866276119747	0.0
148.0	26.21409605521488	23.779705532155347	23.835058798430502	26.17113961419927	0.0
149.0	26.12862212817238	23.808960938243274	23.7821490452948	26.280267888289544	0.0
150.0	26.304485081920426	23.760238251057338	23.812132237409223	26.123144429613017	0.0
151.0	26.266429491929046	23.84240372944782	23.817033336120232	26.074133442502905	0.0
152.0	26.08278244022822	23.819628035437827	23.881900819060085	26.21568870527387	0.0
153.0	26.242788898146518	23.890261516861223	23.836926030888453	26.030023554103803	0.0
154.0	26.26095179336968	23.845863328537945	23.736021057426463	26.157163820665914	0.0
155.0	26.273636990033474	23.79425764211024	23.740922156137472	26.191183211718815	0.0
156.0	26.179438390128585	23.803551865305884	23.738107593841896	26.27890215072364	0.0
157.0	26.099290780141843	23.861212016375482	23.73205327797959	26.307443925503083	0.0
158.0	26.172807472755576	23.862941820907572	23.76751427088739	26.196736435449463	0.0
159.0	26.21987608797811	23.841099697571636	23.88030871333885	26.0587155011114	0.0
160.0	26.16163916750034	23.794971443727857	23.92931998304787	26.11406940572394	0.0
161.0	26.061598516976638	23.802755586563993	23.933067903672676	26.202577992786697	0.0
162.0	26.098501120051665	23.80909822146751	23.747401681951455	26.344998976529364	0.0
163.0	26.313862405184818	23.665524031378744	23.908850570404688	26.11176299303175	0.0
164.0	26.21958778639159	23.749708094643644	23.805061999256182	26.225642119708585	0.0
165.0	26.15933275480815	23.837928380119877	23.772195618392487	26.23054324667949	0.0
166.0	26.15760294528901	23.823801602380218	23.956132030594564	26.062463421736208	0.0
167.0	26.171153119855617	23.82581971348588	23.872524570502712	26.130502596155786	0.0
168.0	26.04170570750651	23.86445212608005	23.875984189540993	26.217857976872445	0.0
169.0	26.28878016715726	23.822648396034126	23.72693226930828	26.16163916750034	0.0
170.0	26.16949875741658	23.761596964752147	23.87778283908689	26.191121438744386	0.0
171.0	26.196310882263056	23.814356307191993	23.76938113003016	26.219951680514793	0.0
172.0	26.18247236621326	23.759290545410515	23.8714401858974	26.186796902478825	0.0
173.0	26.208206840282884	23.78155839438155	23.82999334019495	26.180241425140622	0.0
174.0	26.123019705640687	23.821193294027765	23.779100776981736	26.276686223349817	0.0
175.0	26.283028931397844	23.786596704674864	23.804471609173863	26.125902754753426	0.0
176.0	26.26688385636649	23.834167015035103	23.8252295627856	26.0737195658128	0.0
177.0	26.0748727854579	23.817733635092473	23.88808003344337	26.219313546006255	0.0
178.0	26.251315391157686	23.87712444681495	23.82234651367286	26.049213648354502	0.0
179.0	26.276397918438544	23.835031929768924	23.733260296089142	26.15530985570339	0.0
180.0	26.283028931397844	23.768721800175864	23.74536910236266	26.20288016606363	0.0
181.0	26.157403403160984	23.81174788239432	23.755528262611936	26.275320451832762	0.0
182.0	26.104066840803338	23.857011883962706	23.743419421428037	26.295501853805924	0.0
183.0	26.160286460585723	23.855570355250336	23.789260034481366	26.194883149682575	0.0
184.0	26.20966230651025	23.836322591991422	23.886487935811424	26.067527165686904	0.0
185.0	26.157767123248178	23.808068547770958	23.925985936405336	26.10817839257553	0.0
186.0	26.06781547226058	23.793076605939692	23.926850856126368	26.212257065673356	0.0
187.0	26.10125903480725	23.80893346749199	23.75213707247739	26.337670425223365	0.0
188.0	26.312876059887042	23.652382997984738	23.905516169674186	26.129224772454034	0.0
189.0	26.217158277425884	23.74608263443015	23.80143749657636	26.23532159156761	0.0
190.0	26.156613896953463	23.842665336612338	23.770588693192792	26.230132073241403	0.0
191.0	26.164974787590133	23.81700605155498	23.940401265089246	26.07761789576564	0.0
192.0	26.17621874396358	23.83199799338625	23.85419759955947	26.137585663090707	0.0
193.0	26.040138041187475	23.867459701948665	23.883316563500966	26.209085693362894	0.0
194.0	26.293559519450604	23.813546372670842	23.72532456112532	26.167569546753235	0.0
195.0	26.184655126682273	23.75537693310115	23.873294661700093	26.186673278516487	0.0
196.0	26.19503419325822	23.820822714010585	23.755665240506037	26.228477852225158	0.0
197.0	26.21262094495635	23.76200800341356	23.853978065572637	26.17139298605745	0.0
198.0	26.223075614601083	23.788600868961023	23.81887323375167	26.169450282686224	0.0
199.0	26.13413906339646	23.80632494255425	23.777493952699878	26.282042041349406	0.0
200.0	26.28853644402287	23.78282066732594	23.810498577182447	26.118144311468743	0.0
201.0	26.277868916265675	23.82808558240377	23.825779089915727	26.068266411414832	0.0
202.0	26.083847735142413	23.80644845073996	23.885735044386077	26.22396876973155	0.0
203.0	26.262617525710773	23.880244147861113	23.827770233451258	26.029368092976856	0.0
204.0	26.286259619016317	23.806723004045104	23.738103269816833	26.16891410712175	0.0
205.0	26.304711984523077	23.753960771424207	23.749635998258558	26.191691245794157	0.0
206.0	26.181387275904022	23.80650332431856	23.75489421574337	26.257215184034045	0.0
207.0	26.107577601070243	23.839371695142976	23.747109601600748	26.305941102186036	0.0
208.0	26.152706178136064	23.85738504653496	23.787899756657325	26.202009018671653	0.0
209.0	26.230203008364256	23.82068603621916	23.884982109545515	26.064128845871064	0.0
210.0	26.164465319044034	23.803098321094012	23.91467939901912	26.117756960842826	0.0
211.0	26.087483024971675	23.80165670510015	23.92736561976513	26.18349465016305	0.0
212.0	26.103340800904178	23.798196826714875	23.75898487168176	26.339477500699182	0.0
213.0	26.318156786197232	23.653443051186606	23.908035371897967	26.12036479071819	0.0
214.0	26.22358568631804	23.74974411020993	23.797029660149526	26.229640543322503	0.0
215.0	26.165206284401155	23.834649551505503	23.777560570543816	26.22258359354952	0.0
216.0	26.175874427308138	23.816484875744965	23.938159370521902	26.06948132642499	0.0
217.0	26.179197001369563	23.84516687090031	23.85497008577813	26.120666041951996	0.0
218.0	26.02897714985944	23.878901463273987	23.884956390110286	26.207164996756287	0.0
219.0	26.300007208246235	23.82296547250054	23.719166726735384	26.15786059251784	0.0
220.0	26.18288343876686	23.757143433807542	23.869593047730536	26.190380079695057	0.0
221.0	26.200471711713792	23.82057654935385	23.76781173051306	26.211140008419303	0.0
222.0	26.20537336155146	23.768965059886625	23.852293107126997	26.173368471434916	0.0
223.0	26.207178919384926	23.792388580852947	23.825835229123957	26.174597270638166	0.0
224.0	26.12243485682486	23.82465478514358	23.77996211214689	26.27294824588467	0.0
225.0	26.282326685139743	23.78154095458333	23.812681835351242	26.12345052492568	0.0
226.0	26.259410799604392	23.82694797424519	23.836463298241974	26.077177927908444	0.0
227.0	26.05195396863385	23.812668141069818	23.895134757948945	26.240243132347384	0.0
228.0	26.264341798322384	23.8592160922258	23.841626754248114	26.034815355203705	0.0
229.0	26.278182588862197	23.817693720606343	23.732918878549945	26.171204811981514	0.0
230.0	26.30125057309523	23.751661615739287	23.752815014950937	26.194272796214545	0.0
231.0	26.186425527252176	23.797138391801568	23.756192365584578	26.260243715361682	0.0
232.0	26.106702499452126	23.83620341641772	23.736721300130338	26.32037278399982	0.0
233.0	26.161063916907445	23.845568262426685	23.786455359665972	26.206912460999902	0.0
234.0	26.225154486970613	23.80872739645841	23.903308313604946	26.062809802966036	0.0
235.0	26.16921333475589	23.795462999541513	23.907633660425674	26.12769000527692	0.0
236.0	26.07578584342821	23.80959246582255	23.936180949442463	26.178440741306773	0.0
237.0	26.092798874256403	23.806420544820686	23.76057186852099	26.340208712401925	0.0
238.0	26.318445403715785	23.673336389929382	23.900274228569945	26.107943977784892	0.0
239.0	26.22645916416516	23.763592480773724	23.800790677958773	26.209157677102347	0.0
240.0	26.185525985691505	23.825864291337336	23.768192002583717	26.22041772038744	0.0
241.0	26.16838869488236	23.844155244952866	23.93787433567583	26.04958172448894	0.0
242.0	26.19401909046342	23.83020445828647	23.858465265161346	26.11731118608876	0.0
243.0	26.03291604303829	23.88388544271126	23.899169745155884	26.184028769094564	0.0
244.0	26.298698489694335	23.836701264019425	23.7201911458078	26.144409100478445	0.0
245.0	26.204800166119664	23.745594656484144	23.876529252634555	26.173075924761633	0.0
246.0	26.187811842067315	23.821994058777722	23.782193637700804	26.208000461454155	0.0
247.0	26.201971608377896	23.769186841331095	23.86147980226233	26.16736174802868	0.0
248.0	26.21995714034374	23.808452524133795	23.832680055261847	26.138910280260617	0.0
249.0	26.136465240502897	23.809166712333905	23.78955383590368	26.264814211259523	0.0
