# Position (bp)	A	C	G	T	N
0.0	26.217681563160728	23.836980227415246	23.69047552983091	26.254862679593117	0.0
1.0	26.213242026870294	23.711285856192323	23.711840798228625	26.363631318708762	0.0
2.0	26.223263015074536	23.756620950087264	23.751071699097416	26.269044335740784	0.0
3.0	26.335707369314733	23.711042735422154	23.719366196206167	26.233883699056953	0.0
4.0	26.294470323523946	23.703448869011783	23.72009532872596	26.281985478738306	0.0
5.0	26.339064021506033	23.593660270157052	23.788135616730983	26.279140091605935	0.0
6.0	26.227425305850694	23.75981357671928	23.695175742780258	26.31758537464976	0.0
7.0	26.17482245894363	23.85569241011984	23.80021083000444	26.169274300932088	0.0
8.0	26.26362377978923	23.857461073924174	23.741230710336737	26.137684435949858	0.0
9.0	26.273071738057062	23.828729618924513	23.757718318141723	26.1404803248767	0.0
10.0	26.211946798330167	23.681677600099857	23.8411716572126	26.265203944357378	0.0
11.0	26.25577299141506	23.68528355269545	23.781534748900878	26.277408706988613	0.0
12.0	26.156470604551824	23.740482365504903	23.828966894581363	26.27408013536191	0.0
13.0	26.21250156026795	23.83174070427028	23.869464516039553	26.086293219422213	0.0
14.0	26.267977754046296	23.776264510491934	23.726613317060316	26.22914441840145	0.0
15.0	26.215830131894652	23.70331331567341	23.767388319487402	26.313468232944537	0.0
16.0	26.184136071630665	23.755117664680625	23.765658112261313	26.295088151427397	0.0
17.0	26.279554860255853	23.777862841038953	23.720722519943635	26.22185977876155	0.0
18.0	26.16083613487335	23.878274473255	23.65942149585594	26.301467896015712	0.0
19.0	26.252648980905146	23.655538173063054	23.645829866080838	26.445982979950962	0.0
20.0	26.263189428485838	23.7287665457289	23.790899710415072	26.217144315370188	0.0
21.0	26.161668275471822	23.851368593904294	23.767045013258773	26.21991811736511	0.0
22.0	26.166383738863185	23.897136326820444	23.743467696301966	26.1930122380144	0.0
23.0	26.310066682199956	23.79200923121304	23.699364244582767	26.198559842004236	0.0
24.0	26.288153646440104	23.742080795304506	23.68521785440868	26.284547703846712	0.0
25.0	26.21908597676663	23.825017474952567	23.701305905979208	26.25459064230159	0.0
26.0	26.223801440157995	23.699364244582767	23.719058238746683	26.357776076512557	0.0
27.0	26.23267760654173	23.75705932607707	23.752066482486214	26.258196584894982	0.0
28.0	26.346126108133898	23.694926161390896	23.71822609814821	26.240721632326995	0.0
29.0	26.283715563248233	23.71545229615329	23.735423670516703	26.26540847008177	0.0
30.0	26.330870197161843	23.5961788103718	23.797279455003384	26.27567153746297	0.0
31.0	26.2170715944047	23.769198123805534	23.697911610270804	26.315818671518958	0.0
32.0	26.179347991911616	23.850747676253825	23.804980070287947	26.164924261546613	0.0
33.0	26.26727727125212	23.849915537963536	23.738409007064853	26.144398183719492	0.0
34.0	26.273934377574427	23.816352626921894	23.76281839691332	26.146894598590357	0.0
35.0	26.1951586194271	23.689035468507726	23.848528640813054	26.26727727125212	0.0
36.0	26.249802367156054	23.68293312104561	23.78362185417054	26.283642657627798	0.0
37.0	26.147171978020456	23.738409007064853	23.828002562985933	26.28641645192876	0.0
38.0	26.215962076684317	23.832995392727664	23.867113062629503	26.083929467958516	0.0
39.0	26.26644513296183	23.77030764152592	23.73341617732312	26.22983104818913	0.0
40.0	26.23094056590951	23.69680209255042	23.76087674090265	26.311380600637417	0.0
41.0	26.194253823664837	23.756927532051105	23.765526270532956	26.283292373751106	0.0
42.0	26.285511403036743	23.775234523657627	23.716430247588193	26.22282382571744	0.0
43.0	26.160136248398135	23.87786462811843	23.654020048929596	26.307979074553838	0.0
44.0	26.259437808930485	23.656793835536643	23.651246262322548	26.432522093210327	0.0
45.0	26.268591304733746	23.724474228748633	23.789658214014278	26.21727625250334	0.0
46.0	26.165406442951532	23.84485656749455	23.764139377229434	26.225597612324485	0.0
47.0	26.169012365540695	23.88979191052874	23.744445492319386	26.196750231611183	0.0
48.0	26.311307618482292	23.785497534103705	23.701451799910128	26.201743047503868	0.0
49.0	26.29577441348282	23.742781220355155	23.683699565625016	26.277744800537008	0.0
50.0	26.227261884288716	23.828768605173668	23.695904226696033	26.248065283841584	0.0
51.0	26.227539262949424	23.701174421249423	23.720590927498765	26.350695388302388	0.0
52.0	26.232254700181407	23.761088211961678	23.749715686872776	26.25694140098414	0.0
53.0	26.358739369462832	23.695904226696033	23.715320732945372	26.230035670895766	0.0
54.0	26.30270888000044	23.71171481035621	23.728357529998505	26.25721877964484	0.0
55.0	26.332943154017276	23.59327412223523	23.785774912764413	26.288007810983082	0.0
56.0	26.223583223075618	23.772394797500272	23.693342098474698	26.31067988094941	0.0
57.0	26.181699161486634	23.85671767646088	23.799300452958096	26.162282709094388	0.0
58.0	26.266022040447247	23.85560816489561	23.730233358019966	26.14813643663718	0.0
59.0	26.281277824469722	23.813169347523985	23.761854437630195	26.143698390376098	0.0
60.0	26.193071655030664	23.685020761735164	23.85560816489561	26.266299418338562	0.0
61.0	26.247160343837635	23.687794540648344	23.78792795941407	26.277117156099955	0.0
62.0	26.155348261811444	23.739941584216087	23.840629758764447	26.264080395208016	0.0
63.0	26.218867798923217	23.82648348630724	23.87197346048336	26.08267525428618	0.0
64.0	26.269905330925692	23.760467548173605	23.740218962107406	26.229408158793294	0.0
65.0	26.224415356749574	23.69445161003997	23.77211741960895	26.3090156136015	0.0
66.0	26.184955064906244	23.757627870853213	23.764562298901588	26.29285476533895	0.0
67.0	26.27926328636414	23.775380006657052	23.718517696660378	26.226839010318432	0.0
68.0	26.155553089981137	23.885498724065236	23.64945079329857	26.30949739265505	0.0
69.0	26.26789082436481	23.648063907688893	23.643625873737932	26.440419394208366	0.0
70.0	26.26789082436481	23.72517474758682	23.788971485631865	26.217962942416513	0.0
71.0	26.170254077443694	23.844446910018863	23.770664595584158	26.21463441695329	0.0
72.0	26.168867191834018	23.878841673138798	23.749583934317098	26.202707200710083	0.0
73.0	26.31338067236214	23.781759680461555	23.709919005880394	26.194940641295904	0.0
74.0	26.2947964051925	23.74070786641518	23.689670475979142	26.27482525241318	0.0
75.0	26.215743925441032	23.83640297348275	23.695772772661712	26.25208032841451	0.0
76.0	26.231554421391323	23.692721624320427	23.72572950183069	26.34999445245756	0.0
77.0	26.241539997780983	23.760124264950626	23.747087540219685	26.25124819704871	0.0
78.0	26.346388549872408	23.691889492954623	23.7218462221236	26.239875735049374	0.0
79.0	26.29812493065572	23.70964162875846	23.736547209586153	26.255686230999668	0.0
80.0	26.343060024409187	23.588705203594806	23.792300011095087	26.27593476090092	0.0
81.0	26.21594858551929	23.767270145151045	23.69681655160171	26.319964717727956	0.0
82.0	26.178780154276726	23.85048305091798	23.799723178400146	26.171013616405148	0.0
83.0	26.258387167460423	23.853534190796097	23.736203993664724	26.151874648078753	0.0
84.0	26.284737920953287	23.810818232502406	23.761167865394803	26.143275981149504	0.0
85.0	26.19847387530824	23.682670357621333	23.85575320161655	26.263102565453885	0.0
86.0	26.23952557548659	23.69293328266592	23.791956640528568	26.275584501318928	0.0
87.0	26.14577236832251	23.748408553177207	23.844380771161735	26.261438307338548	0.0
88.0	26.228430521384325	23.821081157546995	23.873227911827605	26.07726040924107	0.0
89.0	26.27225598508825	23.755620338343675	23.748685929529763	26.223437747038314	0.0
90.0	26.22510200515365	23.68821788467246	23.778365199253304	26.308314910920583	0.0
91.0	26.192576319891714	23.75638657280277	23.77081010312824	26.280227004177277	0.0
92.0	26.28688401817365	23.776080239208703	23.723933629570457	26.213102113047192	0.0
93.0	26.163174508074405	23.868723683991547	23.657363489606738	26.310738318327314	0.0
94.0	26.27190573668181	23.638224574367168	23.654867109358097	26.435002579592926	0.0
95.0	26.268577229683626	23.722546751654544	23.78967164278463	26.219204375877197	0.0
96.0	26.16261975690804	23.838489745424692	23.780240872956433	26.21864962471084	0.0
97.0	26.173437404652145	23.87177481540655	23.758328201885046	26.196459578056263	0.0
98.0	26.31656320557414	23.784401506704167	23.706736343413162	26.19229894430853	0.0
99.0	26.29492791008593	23.737802408729564	23.691480686338142	26.275788994846362	0.0
100.0	26.214488990963105	23.837934994258326	23.699524578250426	26.248051436528147	0.0
101.0	26.238065915533586	23.69453181775315	23.722824127237725	26.344578139475537	0.0
102.0	26.242226549281323	23.76165670888323	23.7527806902214	26.243336051614047	0.0
103.0	26.34568764180827	23.685101047924952	23.726152634235913	26.243058676030866	0.0
104.0	26.301584924082306	23.70562684108043	23.741408291310933	26.25137994352633	0.0
105.0	26.34485551505872	23.5833042088971	23.793000149782813	26.278840126261365	0.0
106.0	26.213029404504013	23.764364548170295	23.702509964690186	26.3200960826355	0.0
107.0	26.180576551287988	23.851737614521127	23.80458389617306	26.163101938017824	0.0
108.0	26.266007993942136	23.850628115265877	23.738291315671955	26.145072575120032	0.0
109.0	26.275716112425563	23.819562136118915	23.76353242372886	26.141189327726664	0.0
110.0	26.201102287510093	23.675604607750408	23.865883730025548	26.25740937471396	0.0
111.0	26.24104426069904	23.690860222510075	23.790715155482452	26.277380361308435	0.0
112.0	26.154780693603456	23.7394008149272	23.85229236414875	26.253526127320587	0.0
113.0	26.227452894822246	23.82400013313991	23.87032172704654	26.078225244991305	0.0
114.0	26.272387614659813	23.751327931921125	23.748831558596816	26.227452894822246	0.0
115.0	26.221905398546003	23.68891859881339	23.78905090659958	26.30012509604103	0.0
116.0	26.189934650675127	23.76013802132452	23.764853380080105	26.28507394792025	0.0
117.0	26.285628696009145	23.77761258612464	23.72740788407984	26.209350833786377	0.0
118.0	26.168299475208308	23.85888318114744	23.66333447981272	26.309482863831533	0.0
119.0	26.26343877245343	23.64447304479036	23.65861912105713	26.433469061699082	0.0
120.0	26.265380390764552	23.71437130399086	23.79702876923589	26.223219536008695	0.0
121.0	26.160810376008254	23.836415883547282	23.78316006701357	26.219613673430896	0.0
122.0	26.176343322497253	23.876635119992013	23.755700036613373	26.19132152089736	0.0
123.0	26.32224206987607	23.78010895252466	23.710765441413052	26.18688353618622	0.0
124.0	26.29727840587589	23.73572910541323	23.69634199110184	26.27065049760904	0.0
125.0	26.219613673430896	23.82948153243612	23.70494058647968	26.245964207653305	0.0
126.0	26.23375974969766	23.694400372790717	23.728517380257625	26.343322497253997	0.0
127.0	26.248183200008874	23.761802265591196	23.737670723724356	26.252343810675573	0.0
128.0	26.346096237698465	23.682750662923965	23.723524647457587	26.247628451919987	0.0
129.0	26.30789159082777	23.706115837269746	23.742451937879135	26.24354063402335	0.0
130.0	26.353658435106773	23.58823154139958	23.788496156971956	26.26961386652169	0.0
131.0	26.215875868879014	23.768591098462785	23.706736343413162	26.30879668924504	0.0
132.0	26.183145550063518	23.857906036247442	23.801321417278277	26.15762699641076	0.0
133.0	26.262197591270436	23.850694271084706	23.745568925058667	26.141539212586196	0.0
134.0	26.27939487742773	23.81796395226921	23.77441598570961	26.12822518459345	0.0
135.0	26.200620211803994	23.678166658345397	23.86262142116154	26.258591708689067	0.0
136.0	26.238065915533586	23.68010828742767	23.79882503702964	26.283000760009095	0.0
137.0	26.154575864995756	23.724488380736823	23.857073909497895	26.263861844769526	0.0
138.0	26.232518403869943	23.819350830185122	23.878986580569286	26.06914418537565	0.0
139.0	26.280227004177277	23.746678427391394	23.750561685555944	26.222532882875388	0.0
140.0	26.230299399204487	23.689816432839052	23.78301462878826	26.296869539168206	0.0
141.0	26.192094219199436	23.756729843753902	23.766715392445935	26.28446054460073	0.0
142.0	26.291117577062085	23.777533070195634	23.722057799684347	26.209291553057934	0.0
143.0	26.165466089354016	23.86657087936625	23.66796941093584	26.29999362034389	0.0
144.0	26.27502974861381	23.647998313551778	23.657151733186137	26.419820204648275	0.0
145.0	26.27752613578682	23.713459132755098	23.799445802047593	26.209568929410494	0.0
146.0	26.156590046072214	23.851592556328203	23.774759306670067	26.21705809092952	0.0
147.0	26.171086208809495	23.888827249528457	23.742094752024855	26.197991789637193	0.0
148.0	26.32558526572728	23.769555087096418	23.721568845001663	26.183290802174636	0.0
149.0	26.29451902807056	23.737656718073893	23.70132031510041	26.266503938755132	0.0
150.0	26.230444912903582	23.824198380117608	23.698823921002994	26.246532785975813	0.0
151.0	26.234328192610672	23.68634195051592	23.730999667147454	26.34833018972595	0.0
152.0	26.25013868856097	23.762620659048043	23.747087540219685	26.24015311217131	0.0
153.0	26.354709863530456	23.68523244202818	23.71740818817264	26.242649506268723	0.0
154.0	26.296810986383516	23.696393255279194	23.747708165172988	26.2590875931643	0.0
155.0	26.345906873146767	23.592653923926342	23.792088627783833	26.269350575143058	0.0
156.0	26.219772660449685	23.76635840651507	23.708108887767047	26.305760045268194	0.0
157.0	26.181494405272414	23.845688703476664	23.812403264192078	26.160413627058844	0.0
158.0	26.26276635285894	23.85401006329781	23.745000249640793	26.138223334202454	0.0
159.0	26.27358412062643	23.80380452571023	23.787161806067935	26.135449547595403	0.0
160.0	26.20507159143233	23.670385389911182	23.86926588963658	26.25527712901991	0.0
161.0	26.241962953306075	23.678984128393036	23.79409627258556	26.28495664571533	0.0
162.0	26.161800520362366	23.723919471427223	23.861776665797546	26.252503342412865	0.0
163.0	26.233918972145638	23.824330546602386	23.873981326868563	26.067769154383413	0.0
164.0	26.279686451161936	23.741116948390925	23.753044230801233	26.2261523696459	0.0
165.0	26.231145185538583	23.69645898401744	23.7793952035682	26.293000626875774	0.0
166.0	26.196822896007678	23.752277978569666	23.767811226655052	26.283087898767604	0.0
167.0	26.30084018229376	23.761708879192938	23.725094794420233	26.212356144093068	0.0
168.0	26.162705226105842	23.861842853457674	23.674056979282533	26.301394941153955	0.0
169.0	26.263393959230775	23.645764277412713	23.66240704321849	26.42843472013802	0.0
170.0	26.270605824413273	23.707619890324175	23.806921726298622	26.21485255896393	0.0
171.0	26.164646882116514	23.845477467081995	23.774468332977364	26.215407317824123	0.0
172.0	26.175537285446417	23.86634712467685	23.750679581488754	26.20743600838798	0.0
173.0	26.328651155565915	23.76649025285979	23.72266418134008	26.18219441023422	0.0
174.0	26.304241698010628	23.728489165529407	23.700473765380732	26.266795371079233	0.0
175.0	26.226297861953423	23.830010318543422	23.69714520298683	26.246546616516326	0.0
176.0	26.229903804546815	23.679947630618337	23.73792009231213	26.352228472522714	0.0
177.0	26.24793351751379	23.750956961688246	23.759278367673	26.241831153124966	0.0
178.0	26.358053456712042	23.675786927625957	23.72405108233754	26.24210853332446	0.0
179.0	26.304869422908894	23.689999029166607	23.74325617519382	26.261875372730675	0.0
180.0	26.34425752049152	23.591806166178937	23.797622845096598	26.266313468232944	0.0
181.0	26.226443355875222	23.758300648518503	23.716970769512418	26.298285226093853	0.0
182.0	26.19232540206483	23.839018734362604	23.8057329257671	26.162922937805465	0.0
183.0	26.261948218377096	23.84068302479238	23.7519208685377	26.14544788829283	0.0
184.0	26.27609468703018	23.807397216196875	23.7854840588715	26.13102403790144	0.0
185.0	26.2211731028476	23.65983013142347	23.86675690819219	26.25223985753674	0.0
186.0	26.25002080363037	23.673699218338264	23.80157219969266	26.27470777833871	0.0
187.0	26.166251518665018	23.717248151250715	23.860654509949683	26.25584582013459	0.0
188.0	26.242254114958087	23.81516390486916	23.878129559462323	26.06445242071043	0.0
189.0	26.286635193085427	23.74359941638882	23.7449863250803	26.224779065445446	0.0
190.0	26.243641023649566	23.69256117654238	23.782155478011948	26.2816423217961	0.0
191.0	26.190456377439926	23.753651047257655	23.773345205304665	26.282547369997754	0.0
192.0	26.295584347859858	23.772235675273844	23.72480326645641	26.207376710409886	0.0
193.0	26.160776449115563	23.856837340123658	23.674042267546525	26.30834394321425	0.0
194.0	26.280751488858872	23.634230300878475	23.65725317674079	26.42776503352186	0.0
195.0	26.26521798225297	23.70745968916344	23.802602417124582	26.22471991145901	0.0
196.0	26.167301413826483	23.837830191034392	23.77514139651772	26.2197269986214	0.0
197.0	26.179856314665333	23.866189564783223	23.758009486560706	26.195944633990738	0.0
198.0	26.3254833430418	23.771878727358462	23.722504230118442	26.18013369948129	0.0
199.0	26.301628248869658	23.72500069346204	23.701145599289895	26.272225458378408	0.0
200.0	26.230062966353223	23.829852153893096	23.69337882444315	26.246706055310533	0.0
201.0	26.238384510831875	23.67950958364539	23.74219855205126	26.33990735347147	0.0
202.0	26.241158358991427	23.750520096529915	23.76799533993509	26.240326204543564	0.0
203.0	26.34795151313417	23.672852348062467	23.73193531386092	26.247260824942444	0.0
204.0	26.3094680021858	23.68040742394781	23.750031205878354	26.26009336798804	0.0
205.0	26.344141200358383	23.591366651040612	23.800515382417636	26.263976766183365	0.0
206.0	26.216061779488943	23.7611925394166	23.715978563582503	26.306767117511953	0.0
207.0	26.18216113507441	23.845993814232813	23.80688201273214	26.164963037960636	0.0
208.0	26.266078229584778	23.830314865618316	23.754032560061912	26.149574344734994	0.0
209.0	26.279670349483915	23.79508630996136	23.785100262688523	26.140143077866203	0.0
210.0	26.223082748271164	23.656945989353765	23.87025905470967	26.2497122076654	0.0
211.0	26.249157427261355	23.662216403192208	23.799801943395753	26.288824226150687	0.0
212.0	26.174262072715067	23.708263176728074	23.86526603107325	26.252208719483612	0.0
213.0	26.241667891806724	23.821438379153573	23.87608424895216	26.060809480087542	0.0
214.0	26.289656396756754	23.742104781374913	23.744046512789076	26.224192309079257	0.0
215.0	26.238134601195	23.690853310106462	23.785721022352163	26.28529106634637	0.0
216.0	26.1921603546176	23.757215652661156	23.7633182709618	26.28730572175944	0.0
217.0	26.292576164837268	23.779129600195283	23.718935592411672	26.209358642555774	0.0
218.0	26.16164726311439	23.869004524259292	23.66983725426559	26.299510958360727	0.0
219.0	26.280589628791283	23.633140821863087	23.65838368035329	26.42788586899234	0.0
220.0	26.272267807310996	23.70914679138303	23.80429295030763	26.21429245099834	0.0
221.0	26.184888681767998	23.839799388623515	23.767122147695687	26.2081897819128	0.0
222.0	26.185516106930155	23.86899197496789	23.75831144225888	26.187180475843075	0.0
223.0	26.329206623078694	23.77329076247514	23.7203083520806	26.177194262365568	0.0
224.0	26.308139131689103	23.73166746649727	23.697547525194665	26.26264587661896	0.0
225.0	26.22769374162605	23.83153070933416	23.69893451467851	26.24184103436128	0.0
226.0	26.2407314427742	23.68229064087236	23.74082159709065	26.336156319262788	0.0
227.0	26.252104756541733	23.743595576058343	23.76384562252249	26.24045404487743	0.0
228.0	26.347252235133556	23.6828454366659	23.733609251774652	26.23629307642589	0.0
229.0	26.32263684076207	23.674866571241527	23.75087380579874	26.251622782197664	0.0
230.0	26.355092484715332	23.591369572695093	23.79387059907016	26.25966734351941	0.0
231.0	26.225065258217267	23.767583656734843	23.714600364502857	26.292750720545033	0.0
232.0	26.18637461892041	23.857316034608544	23.80960306694518	26.146706279525866	0.0
233.0	26.2784717425497	23.83456915467601	23.748574852492034	26.138384250282254	0.0
234.0	26.270704515255666	23.810435269869537	23.7940686123571	26.12479160251769	0.0
235.0	26.215779122247834	23.663690154207202	23.881727320389803	26.23880340315516	0.0
236.0	26.23852600218037	23.663412753232414	23.815428487415705	26.28263275717151	0.0
237.0	26.15918932339128	23.719170349164607	23.87090868237311	26.250731645071003	0.0
238.0	26.234087586583783	23.82319571470974	23.882559523314164	26.060157175392312	0.0
239.0	26.29206439031427	23.743026832996293	23.735537006677042	26.2293717700124	0.0
240.0	26.235734061263784	23.689364558886357	23.788678240316916	26.28622313953295	0.0
241.0	26.19449877241896	23.747659273438476	23.766523795652837	26.29131815848973	0.0
242.0	26.294747764519183	23.763098682987597	23.724534384649747	26.21761916784348	0.0
243.0	26.158311067457973	23.871515494552142	23.665087939803062	26.30508549818682	0.0
244.0	26.28294594077153	23.623130901412594	23.658924364804758	26.434998793011115	0.0
245.0	26.266426922393894	23.696113034984904	23.810990499023262	26.22646954359794	0.0
246.0	26.173172498189356	23.841673395880335	23.778404912742218	26.206749193188095	0.0
247.0	26.191962836234673	23.861179794145155	23.763497256841244	26.18336011277893	0.0
248.0	26.325225137719066	23.767605145212094	23.739020633577088	26.16814908349175	0.0
249.0	26.30302357528411	23.73263768437704	23.699057821194167	26.265280919144686	0.0
