# Position (bp)	A	C	G	T	N
0.0	26.242207680862006	23.814488873646887	23.843805140856368	26.09949830463474	0.0
1.0	26.268758262485687	23.859016411578267	23.6319536249841	26.24027170095195	0.0
2.0	26.275426248323352	23.837548570875448	23.64174398827385	26.245281192527344	0.0
3.0	26.20512664511437	23.732235253774185	23.77703601483403	26.285602086277414	0.0
4.0	26.225115383870868	23.68431968452985	23.81982141425091	26.27074351734837	0.0
5.0	26.204875081228312	23.756826634590126	23.705117037897327	26.333181246284237	0.0
6.0	26.161120404805683	23.73726341402718	23.911462581742267	26.190153599424864	0.0
7.0	26.32737306904303	23.728063748192426	23.684654370107804	26.259908812656736	0.0
8.0	26.281709222113165	23.735294524240707	23.76211344125413	26.220882812392	0.0
9.0	26.32310861060809	23.685876612156314	23.73978794874276	26.251226828492836	0.0
10.0	26.279646467857827	23.780206291589373	23.69616361781594	26.24398362273686	0.0
11.0	26.153029544870215	23.802046328523918	23.715515549276926	26.329408577328934	0.0
12.0	26.146671053104463	23.81034001343577	23.724638602679963	26.3183503307798	0.0
13.0	26.265547203507676	23.76693639573041	23.739843691685028	26.227672709076888	0.0
14.0	26.21108533925318	23.83245650653404	23.706116039710164	26.25034211450261	0.0
15.0	26.174040213313575	23.837156261317425	23.736802673884018	26.252000851484986	0.0
16.0	26.24757755286533	23.826927383259473	23.8106164695995	26.114878594275698	0.0
17.0	26.285452047296122	23.75477232452636	23.755048780690093	26.204726847487432	0.0
18.0	26.199474180376587	23.86176085988925	23.72602088349861	26.212744076235552	0.0
19.0	26.161599685945795	23.817804329856436	23.688975757559003	26.331620226638762	0.0
20.0	26.235689937825008	23.749243201251794	23.816698505201522	26.198368355721673	0.0
21.0	26.316968049961158	23.647507332999744	23.75836625465483	26.277158362384267	0.0
22.0	26.265823659671405	23.724915058843695	23.755601693017546	26.253659588467354	0.0
23.0	26.224835647265028	23.653523976976796	23.813038742459682	26.3086016332985	0.0
24.0	26.3195870873569	23.714555060087413	23.809378999953	26.15647885260268	0.0
25.0	26.247432427575795	23.815737456562065	23.84338292007973	26.09344719578241	0.0
26.0	26.270654616930635	23.86218183527174	23.624154394384654	26.24300915341297	0.0
27.0	26.27286625401205	23.828177915145012	23.655670222794793	26.243285608048144	0.0
28.0	26.189100499553525	23.72091351669648	23.794450449653464	26.29553553409653	0.0
29.0	26.2059642322993	23.681933413136573	23.834812826389253	26.277289528174876	0.0
30.0	26.21342850744907	23.750770617295554	23.6993500551527	26.336450820102677	0.0
31.0	26.163390218482096	23.724230972318598	23.91222012423871	26.200158684960588	0.0
32.0	26.314610903923718	23.717872515709534	23.70128523759894	26.26623134276781	0.0
33.0	26.280606983796993	23.74634734313273	23.75049416266038	26.222551510409897	0.0
34.0	26.325669089330788	23.690503506827046	23.729483610386954	26.254343793455213	0.0
35.0	26.27120752620099	23.785050992057457	23.70266751077482	26.24107397096673	0.0
36.0	26.152884942345384	23.808273181412297	23.70902596738388	26.329815908858436	0.0
37.0	26.142379666208676	23.809102545317824	23.735842066996014	26.312675721477486	0.0
38.0	26.275077891093463	23.770398896393097	23.733630429914605	26.22089278259884	0.0
39.0	26.20458195912342	23.84006546445761	23.708196603478353	26.24715597294062	0.0
40.0	26.168089947280098	23.8342599171189	23.74302988751061	26.254620248090387	0.0
41.0	26.253237974914505	23.826242732698777	23.809378999953	26.111140292433717	0.0
42.0	26.285030257959818	23.751599981201085	23.756576164634264	26.20679359620483	0.0
43.0	26.202923231312358	23.860799562095856	23.723401608413067	26.212875598178716	0.0
44.0	26.165048946293158	23.81214354630477	23.696585508800933	26.32622199860114	0.0
45.0	26.241903334872262	23.74385925141614	23.813249364845475	26.20098804886612	0.0
46.0	26.320969360532782	23.6448884920229	23.76127589343227	26.27286625401205	0.0
47.0	26.25959643152357	23.72782488257589	23.75795843781015	26.254620248090387	0.0
48.0	26.216673485862145	23.65477546416605	23.804889916068607	26.323661133903197	0.0
49.0	26.311424424631973	23.715253300158963	23.814223512336717	26.159098762872347	0.0
50.0	26.249498928744213	23.822793558642616	23.8451862602806	26.082521252332576	0.0
51.0	26.263874490289584	23.861496993572466	23.627894118460155	26.246734397677795	0.0
52.0	26.266915474462643	23.827769714562166	23.652498444951277	26.25281636602391	0.0
53.0	26.19559057294906	23.7055774414265	23.800953763217912	26.297878222406524	0.0
54.0	26.201396088188538	23.674061787269334	23.842974635427467	26.28156748911466	0.0
55.0	26.211624853134285	23.737922454903586	23.713871034625754	26.33658165733637	0.0
56.0	26.1607574815122	23.71829428433202	23.914575990047688	26.206372244108096	0.0
57.0	26.31446540880503	23.719400096758587	23.69645448890732	26.26968000552906	0.0
58.0	26.29124334784712	23.72935240859769	23.754786094408736	26.22461814914645	0.0
59.0	26.330776142096894	23.689819614347915	23.718847190545304	26.26055705300988	0.0
60.0	26.279079411154882	23.781325592646347	23.703642269680007	26.235952726518764	0.0
61.0	26.152187435206304	23.80012440389799	23.698666113760453	26.349022047135257	0.0
62.0	26.160481028405556	23.794595341765152	23.727140783744556	26.317782846084732	0.0
63.0	26.280461676688095	23.76473840624784	23.72935240859769	26.225447508466377	0.0
64.0	26.21245421245421	23.8266639021356	23.707789066279634	26.25309281913055	0.0
65.0	26.17375077752436	23.818370308936345	23.748704126062616	26.259174787476674	0.0
66.0	26.256686709516895	23.8233464648559	23.808970903310524	26.110995922316675	0.0
67.0	26.283226207754513	23.752021563342318	23.759485797221647	26.20526643168153	0.0
68.0	26.2077545096413	23.871172852304927	23.72603497131799	26.195037666735782	0.0
69.0	26.166562996751676	23.816435137189853	23.694242864054186	26.322759002004286	0.0
70.0	26.24037597622503	23.734605017623885	23.82389937106918	26.2011196350819	0.0
71.0	26.31944156472458	23.649181007671576	23.763632593821274	26.26774483378257	0.0
72.0	26.26249222475637	23.729628861704334	23.760868062754856	26.247010850784434	0.0
73.0	26.220398865439588	23.657962103912904	23.80724636879848	26.314392661849023	0.0
74.0	26.31238475424837	23.715675080931202	23.806904101712064	26.165036063108367	0.0
75.0	26.25488282599861	23.81740926168077	23.832337646899457	26.09537026542116	0.0
76.0	26.279487016451636	23.854453773149366	23.61117638440039	26.25488282599861	0.0
77.0	26.263452824920453	23.826255712180732	23.650985411650222	26.259306051248593	0.0
78.0	26.188810898827015	23.70627572727499	23.79943990910272	26.305473464795277	0.0
79.0	26.18770509251452	23.671442828431385	23.85279506368062	26.28805701537347	0.0
80.0	26.20926831560818	23.741108626118592	23.718163145134312	26.331459913138914	0.0
81.0	26.160612837858384	23.720098306181182	23.92052570032096	26.198763155639476	0.0
82.0	26.310173141623377	23.711804758837467	23.705446372540617	26.272575726998536	0.0
83.0	26.280316371186004	23.73862056191548	23.765159913415363	26.21590315348315	0.0
84.0	26.323719268951447	23.69411185783754	23.731709272462382	26.250459600748634	0.0
85.0	26.27202282384229	23.776494428118443	23.71512217777495	26.236360570264317	0.0
86.0	26.148725419999057	23.804139585930827	23.70268185675938	26.344453137310737	0.0
87.0	26.16669477257711	23.789487652290266	23.72922120825927	26.31459636687336	0.0
88.0	26.29275669220158	23.7690302355091	23.7214805640718	26.21673250821752	0.0
89.0	26.21590315348315	23.830126034274464	23.710422500946844	26.243548311295534	0.0
90.0	26.16531251468649	23.81685635852452	23.750507979774802	26.26732314701418	0.0
91.0	26.253777019686115	23.825979260602608	23.81105087538392	26.10919284432735	0.0
92.0	26.286121854326606	23.749955076618555	23.75520765660291	26.208715412451934	0.0
93.0	26.202633477733205	23.87214667414929	23.728944756681145	26.196275091436362	0.0
94.0	26.177752835702062	23.80579829539957	23.70572282411874	26.310726044779624	0.0
95.0	26.243548311295534	23.732815078774877	23.814644745899532	26.208991864030057	0.0
96.0	26.31597862476398	23.648773799025232	23.76350120394662	26.271746372264165	0.0
97.0	26.272299275420412	23.72286282196242	23.754378301868538	26.250459600748634	0.0
98.0	26.22550645789101	23.646773266100496	23.807114738145792	26.3206055378627	0.0
99.0	26.314727323493553	23.709185605798815	23.81091922406	26.16516784664763	0.0
100.0	26.247826411484844	23.81589532495321	23.83967002922077	26.09660823434118	0.0
101.0	26.272983366000513	23.85929798274399	23.61546903897669	26.252249612278806	0.0
102.0	26.265242764611074	23.825294626640385	23.650301745229164	26.259160863519377	0.0
103.0	26.18894255091519	23.701997904508623	23.80566667311717	26.303392871459017	0.0
104.0	26.18120194952575	23.679052550389933	23.859021532694367	26.280723967389953	0.0
105.0	26.20718825419029	23.74401831205129	23.731025159719017	26.317768274039405	0.0
106.0	26.166273646846122	23.712779456443915	23.919564093561753	26.201382803148217	0.0
107.0	26.314450873443935	23.70946205584844	23.711397206195798	26.26468986451183	0.0
108.0	26.281276867489193	23.74346541195204	23.759775964879786	26.215481755678976	0.0
109.0	26.328549825974694	23.693151502920696	23.72743130907392	26.25086736203069	0.0
110.0	26.27353626609976	23.778574568254136	23.710844306096554	26.237044859549552	0.0
111.0	26.163509146349888	23.784380019296215	23.716096857039386	26.336013977314508	0.0
112.0	26.168761697292727	23.79377932098339	23.73157805981826	26.30588092190563	0.0
113.0	26.295928720119203	23.762816915425635	23.72245520818071	26.218799156274446	0.0
114.0	26.211887905033883	23.840222929320014	23.708909155749193	26.238980009896913	0.0
115.0	26.172079097888197	23.813960174605853	23.750929563291855	26.263031164214095	0.0
116.0	26.259990213668242	23.80981342386151	23.819212725548685	26.110983636921564	0.0
117.0	26.28846456877939	23.753970513837707	23.753970513837707	26.203594403545193	0.0
118.0	26.202765053396327	23.865103433786068	23.730195809570148	26.201935703247457	0.0
119.0	26.16903814734235	23.809536973811888	23.70835625564995	26.313068623195818	0.0
120.0	26.245891261137483	23.727984209173165	23.818383375399815	26.207741154289536	0.0
121.0	26.316938923890536	23.639520193293876	23.764199165673748	26.27934171714184	0.0
122.0	26.26856016520655	23.71443815674165	23.769451716616583	26.24754996143522	0.0
123.0	26.223847753007785	23.649537774239207	23.805732484076433	26.320881988676575	0.0
124.0	26.31376701213899	23.711804758837467	23.81685635852452	26.157571870499023	0.0
125.0	26.251841858639253	23.81740926168077	23.833719904790076	26.097028974889902	0.0
126.0	26.276722500670395	23.86219441733683	23.612835093869133	26.24824798812364	0.0
127.0	26.27340508173291	23.82542635744636	23.644627025353373	26.256541535467353	0.0
128.0	26.186322834623905	23.700746695712514	23.810774423805796	26.30215604585779	0.0
129.0	26.186875737780145	23.682224439978217	23.849477644743136	26.2814221774985	0.0
130.0	26.213691540858157	23.740002819806097	23.72673314405615	26.31957249527959	0.0
131.0	26.172223804139588	23.708763791478106	23.918866990852216	26.20014541353009	0.0
132.0	26.323719268951447	23.705169920962494	23.708210888321858	26.262899921764205	0.0
133.0	26.28446314485786	23.742214432431087	23.758525075540394	26.214797347170656	0.0
134.0	26.331736364717038	23.691070890478176	23.733367981931124	26.243824762873658	0.0
135.0	26.280592822764127	23.769306687087223	23.70904024305623	26.241060247092417	0.0
136.0	26.157018967342776	23.790317007024633	23.718163145134312	26.334500880498275	0.0
137.0	26.16945928835835	23.79584603858711	23.73226217561863	26.302432497435912	0.0
138.0	26.290821531154712	23.758801527118518	23.731432820884258	26.218944120842515	0.0
139.0	26.209893676429118	23.836550317090836	23.712423215361902	26.241132791118137	0.0
140.0	26.172019705522963	23.816645748439427	23.744491687078064	26.266842858959542	0.0
141.0	26.26186671679669	23.80586410708658	23.821898342944657	26.11037083317207	0.0
142.0	26.287576784638095	23.748914924556157	23.76273754167519	26.20077074913056	0.0
143.0	26.20242946318484	23.87083040754604	23.733157141040458	26.19358298822866	0.0
144.0	26.175060681289153	23.811393153934194	23.709658691938095	26.303887472838554	0.0
145.0	26.248320552020036	23.737303926176168	23.816922200781807	26.19745332102199	0.0
146.0	26.319645256354256	23.63446365481055	23.770754659604233	26.275136429230965	0.0
147.0	26.272997442808766	23.72105881539844	23.772479093233812	26.23346464855899	0.0
148.0	26.231878448762043	23.654222556424234	23.80129601574681	26.312602979066913	0.0
149.0	26.313505085383014	23.715107969357767	23.81850200291383	26.152884942345384	0.0
150.0	26.24715597294062	23.803849907249468	23.836195099565135	26.112799020244772	0.0
151.0	26.274248527187932	23.857758561108916	23.624707303655008	26.243285608048144	0.0
152.0	26.281159893067347	23.81269645557512	23.653458585713377	26.252685065644155	0.0
153.0	26.189376954188702	23.6993500551527	23.81186709166959	26.299405898989004	0.0
154.0	26.179148132687168	23.67640432043304	23.85886437964962	26.285583167230175	0.0
155.0	26.216469508436013	23.72727197330554	23.732801066009074	26.32345745224937	0.0
156.0	26.17223676680775	23.71566087862812	23.92493703745684	26.18716531710729	0.0
157.0	26.332856909845383	23.70349687468035	23.70017941905823	26.26346679641604	0.0
158.0	26.29221807847441	23.739159522618138	23.75712907390462	26.211493325002834	0.0
159.0	26.335345001561965	23.684974414123513	23.738330158712607	26.24135042560191	0.0
160.0	26.29387680628547	23.76818725931168	23.70985533128941	26.22808060311343	0.0
161.0	26.168089947280098	23.78643326523334	23.718425424979888	26.32705136250667	0.0
162.0	26.163666673117277	23.7963856320997	23.74302988751061	26.296917807272415	0.0
163.0	26.29498262482618	23.754088072917675	23.73943597725331	26.211493325002834	0.0
164.0	26.22179463787107	23.8268615124322	23.71130315546193	26.2400406942348	0.0
165.0	26.1725855767689	23.81414456405748	23.750006911384986	26.263262947788636	0.0
166.0	26.259945482995228	23.816909118051985	23.811103554663525	26.112041844289262	0.0
167.0	26.290632032334223	23.740883883203125	23.76465904755586	26.203825036906796	0.0
168.0	26.197466562719434	23.865288812955807	23.74641299119213	26.19083163313263	0.0
169.0	26.180326327953512	23.801704071082213	23.71240897705973	26.305560623904544	0.0
170.0	26.256351562802372	23.734525409015763	23.82050303824484	26.188619989937024	0.0
171.0	26.320212760075417	23.633895643615816	23.77405853113717	26.271833065171595	0.0
172.0	26.274670256910714	23.716344917768115	23.769424501203968	26.239560324117207	0.0
173.0	26.23050978657525	23.658630985292493	23.80100630321796	26.309852924914303	0.0
174.0	26.313519610526402	23.70597065678054	23.82346517600679	26.157044556686266	0.0
175.0	26.248973645142478	23.801203703447722	23.836037565278932	26.113785086130868	0.0
176.0	26.267219953720726	23.851795740869246	23.630628364163144	26.250355941246887	0.0
177.0	26.2708139235922	23.816961879038033	23.65440385715905	26.25782034021072	0.0
178.0	26.190087831094473	23.69117293353644	23.815026664491853	26.30371257087723	0.0
179.0	26.185388024339467	23.670991410412007	23.867830375680434	26.275790189568088	0.0
180.0	26.2199454269498	23.731259520564418	23.737341623423838	26.31145342906195	0.0
181.0	26.180964676805345	23.708036946010278	23.921463464531666	26.189534912652707	0.0
182.0	26.33329370751167	23.70195484315086	23.699190250942035	26.26556119839543	0.0
183.0	26.291271905937514	23.738171001086485	23.75973482031533	26.21082227266067	0.0
184.0	26.33080557452373	23.684261453014376	23.735406408877658	26.24952656358424	0.0
185.0	26.289336691391334	23.763605249407686	23.70886632367293	26.238191735528048	0.0
186.0	26.16990630797004	23.787104283182707	23.72407158082147	26.31891782802578	0.0
187.0	26.174606114725048	23.787657201624473	23.740935593295312	26.296801090355164	0.0
188.0	26.286019180740745	23.753929176676795	23.740382674853546	26.219668967728914	0.0
189.0	26.219886429610135	23.82130633594497	23.715698037676177	26.243109196768717	0.0
190.0	26.175099664375722	23.813841875072573	23.742791266027858	26.268267194523848	0.0
191.0	26.25693227245835	23.80858910631051	23.81245956750361	26.12201905372753	0.0
192.0	26.293425192278985	23.738367881807175	23.762420033507137	26.205786892406707	0.0
193.0	26.204957507865327	23.856693409710434	23.734773882127868	26.203575200296363	0.0
194.0	26.189475663092942	23.800848183924316	23.70906296134515	26.300613191637588	0.0
195.0	26.25582642640318	23.727585882769258	23.824900335624278	26.191687355203282	0.0
196.0	26.314989190354808	23.62612450720735	23.78149587795883	26.27739042447901	0.0
197.0	26.26972212776428	23.706640347457792	23.77216190736855	26.25147561740938	0.0
198.0	26.22058433228646	23.667724598575663	23.809273676294954	26.302417392842926	0.0
199.0	26.31603683603761	23.720594618355538	23.819292197361982	26.144076348244873	0.0
200.0	26.247895407634314	23.811406406807684	23.835735356322346	26.104962829235657	0.0
201.0	26.27305375315516	23.85702318714768	23.627280493435332	26.242642566261832	0.0
202.0	26.2758184065091	23.815829852173987	23.649397720266844	26.25895402105007	0.0
203.0	26.205596211319044	23.695014500606842	23.8061535654352	26.29323572263892	0.0
204.0	26.193708201897103	23.66183866035957	23.868911196569616	26.275541941173707	0.0
205.0	26.22716050747977	23.728466806189505	23.73427257823278	26.310100108097945	0.0
206.0	26.18900829119541	23.722108103475446	23.91203978889107	26.17684381643808	0.0
207.0	26.33857603764352	23.70690251002878	23.692526312588296	26.2619951397394	0.0
208.0	26.292624396609398	23.738063510143597	23.763222064328488	26.206090028918517	0.0
209.0	26.328288720673697	23.682217049205708	23.740828186427652	26.248666043692943	0.0
210.0	26.27603633890508	23.77262196369427	23.716499035127978	26.234842662272673	0.0
211.0	26.16185520837365	23.791421762425838	23.7278342078926	26.31888882130791	0.0
212.0	26.185631424416517	23.790868827169025	23.736957639629978	26.286542108784484	0.0
213.0	26.28073628858797	23.76183972618646	23.744975200853734	26.21244878437184	0.0
214.0	26.222270143542787	23.831917811248974	23.715800765266625	26.23001127994161	0.0
215.0	26.17139981863623	23.814776723508725	23.751741755689736	26.262081702165307	0.0
216.0	26.24964059009577	23.81311790856612	23.830535465463473	26.106706035874637	0.0
217.0	26.27894632074846	23.74289474266251	23.76224758365957	26.215911352929467	0.0
218.0	26.1935173512043	23.85984119611616	23.74400061929091	26.202640833388628	0.0
219.0	26.17139981863623	23.79984738902528	23.720500740937343	26.308252051401144	0.0
220.0	26.246191616302923	23.73058484608877	23.83122017572477	26.192003361883536	0.0
221.0	26.310885756783208	23.631055399196025	23.77758486267701	26.28047398134376	0.0
222.0	26.268934838443908	23.700238594861503	23.780968258312804	26.249858308381786	0.0
223.0	26.223666021564835	23.659662703898256	23.815316560685652	26.30135471385126	0.0
224.0	26.314698132977977	23.705069685014337	23.825888376799494	26.154343805208196	0.0
225.0	26.23881315023348	23.8050080592319	23.838185000152063	26.11799379038256	0.0
226.0	26.270607718615306	23.849796929474117	23.6286173233397	26.250978028570877	0.0
227.0	26.27945490286068	23.81053754938526	23.64824701338413	26.261760534369927	0.0
228.0	26.188771264345572	23.694971205180025	23.814961141507947	26.301296388966456	0.0
229.0	26.19293157456738	23.65873821168781	23.87300832473949	26.275321889005316	0.0
230.0	26.219196943264038	23.730345901081858	23.74085204856052	26.309605107093585	0.0
231.0	26.17690889134035	23.725908169725926	23.91612683825054	26.181056100683183	0.0
232.0	26.32731435017377	23.714572464188848	23.69770714619466	26.260406039442724	0.0
233.0	26.29503881798677	23.73730950432417	23.768275419698746	26.199376257990316	0.0
234.0	26.333746212204996	23.677036561898653	23.737033022936895	26.252184202959455	0.0
235.0	26.286191413594036	23.771316714958747	23.6950078520714	26.247484019375815	0.0
236.0	26.162604233483002	23.786523191258766	23.730397469642345	26.32047510561589	0.0
237.0	26.177810709783017	23.780164119351486	23.748921722589635	26.29310344827586	0.0
238.0	26.27844993475039	23.759980978080556	23.74283913206963	26.218729955099423	0.0
239.0	26.2185984528016	23.82646826252606	23.71476916441333	26.240164120259006	0.0
240.0	26.180002377838544	23.808246675864662	23.744653319434956	26.267097626861833	0.0
241.0	26.260168446432818	23.81338170315602	23.815870242051883	26.11057960835928	0.0
242.0	26.283043911071786	23.738247981417985	23.765623271761974	26.21308483574826	0.0
243.0	26.196296624043185	23.860946418300074	23.74728994292288	26.195467014733858	0.0
244.0	26.16980088495575	23.797013274336283	23.72925884955752	26.303926991150444	0.0
245.0	26.24669157606817	23.72164158671597	23.84830893557942	26.183357901636445	0.0
246.0	26.301640378025404	23.62741762846309	23.78396019504208	26.286981798469423	0.0
247.0	26.27197167710797	23.69940118104247	23.776846588944668	26.251780552904897	0.0
248.0	26.227626399949106	23.66436073255129	23.815385126033455	26.292627741466152	0.0
249.0	26.314275440489034	23.710065554725748	23.83011091748956	26.145548087295662	0.0
