# Position (bp)	A	C	G	T	N
0.0	26.377378356020152	23.72956305933669	23.722343385726102	26.17071519891705	0.0
1.0	26.316311950063927	23.71873354892081	23.655260585094382	26.309693915920885	0.0
2.0	26.238276009361144	23.825796088293156	23.716602795107658	26.21932510723804	0.0
3.0	26.374208142074202	23.777395426625677	23.620377444757946	26.228018986542175	0.0
4.0	26.138797314531846	23.818189474697405	23.732163053155904	26.31085015761484	0.0
5.0	26.42778940782983	23.798395052816478	23.6025890902091	26.17122644914459	0.0
6.0	26.304898369215408	23.847592923441553	23.69780857680809	26.149700130534953	0.0
7.0	26.10753878265473	23.902085451166037	23.674111412536767	26.31626435364247	0.0
8.0	26.329386501775925	23.73181595354027	23.68279383945408	26.256003705229723	0.0
9.0	26.333660144478593	23.69130181109514	23.726789892513217	26.24824815191305	0.0
10.0	26.27131132503887	23.849737301923845	23.61876749942107	26.26018387361621	0.0
11.0	26.25326680921834	23.783874819178916	23.78748372234302	26.175374649259727	0.0
12.0	26.19552435859265	23.683427014444636	23.814851238004156	26.306197388958562	0.0
13.0	26.29476919560556	23.628691983122362	23.723726433110485	26.352812388161595	0.0
14.0	26.24244009972602	23.64763872473392	23.732147207160065	26.37777396837999	0.0
15.0	26.186502100682386	23.767334013010096	23.76643178721907	26.27973209908845	0.0
16.0	26.20274216492086	23.66327730511171	23.76101843247291	26.37296209749452	0.0
17.0	26.18469764910033	23.709591562384404	23.769739948452834	26.335970840062433	0.0
18.0	26.090866166833575	23.795603754462256	23.74297391665238	26.370556162051784	0.0
19.0	26.290859550511108	23.772446625825914	23.659969143877944	26.27672467978503	0.0
20.0	26.1894307573862	23.660499470695797	23.724256568184003	26.425813203734	0.0
21.0	26.331380521605237	23.823200365701087	23.576893465498987	26.26852564719469	0.0
22.0	26.29829900875758	23.652379462996826	23.770269945144836	26.27905158310076	0.0
23.0	26.204167067654698	23.754330670772784	23.721850639976903	26.319651621595614	0.0
24.0	26.269728611298238	23.669822442498315	23.77237513232605	26.288073813877393	0.0
25.0	26.408971706284284	23.647868347608508	23.7540299297469	26.189130016360313	0.0
26.0	26.352131652391492	23.64456019632374	23.680649119430274	26.32265903185449	0.0
27.0	26.268826388220575	23.82440332980464	23.686663939948033	26.220106342026757	0.0
28.0	26.411678375517273	23.726361755365218	23.62200461938216	26.239955249735345	0.0
29.0	26.168679626599946	23.754330670772784	23.763653642575306	26.313336060051967	0.0
30.0	26.4359588948402	23.77952140217074	23.580130701656778	26.204389001332277	0.0
31.0	26.31656506662897	23.8535034720447	23.67666828063865	26.153263180687674	0.0
32.0	26.107550682228965	23.87876564224557	23.690201586103402	26.32348208942207	0.0
33.0	26.34453389792279	23.698321569382248	23.684186783674622	26.272957749020335	0.0
34.0	26.332504293065234	23.68238234294599	23.738320005533616	26.246793358455157	0.0
35.0	26.270551828048827	23.84057164682283	23.630955782179942	26.2579207429484	0.0
36.0	26.269649607684514	23.79305470763549	23.760574774520094	26.1767209101599	0.0
37.0	26.202283820482208	23.68538974416038	23.82042205868643	26.29190437667099	0.0
38.0	26.316264326507532	23.593964747242964	23.711854874847	26.3779160514025	0.0
39.0	26.23777115481199	23.6468950086162	23.73050076237621	26.384833074195598	0.0
40.0	26.18303645271012	23.75425923196988	23.759973294277216	26.302731021042785	0.0
41.0	26.20589270193947	23.670954218331314	23.76929623804182	26.353856841687396	0.0
42.0	26.17010462748825	23.722681519218796	23.753056271484123	26.354157581808828	0.0
43.0	26.08740109409256	23.81230207540758	23.734109643833474	26.366187186666384	0.0
44.0	26.28017551193487	23.75877033379146	23.655315732016494	26.305738422257175	0.0
45.0	26.195889496382108	23.66246233241307	23.69825029923552	26.4433978719693	0.0
46.0	26.344755408794818	23.833282207666446	23.560812477068634	26.261149906470106	0.0
47.0	26.307764485104386	23.61705071064677	23.788472064334133	26.28671273991471	0.0
48.0	26.21453532783582	23.764112187757508	23.705167301226414	26.316185183180256	0.0
49.0	26.29784009094354	23.671484508922934	23.74366192100182	26.287013479131705	0.0
50.0	26.424150562081593	23.653440155903212	23.7451656170868	26.177243664928397	0.0
51.0	26.328214751860074	23.640809108789405	23.700054734537492	26.33092140481303	0.0
52.0	26.283103869310764	23.81223046247677	23.693739210980592	26.210926457231874	0.0
53.0	26.411820254184786	23.71779834834022	23.629080279326583	26.241301118148407	0.0
54.0	26.181754753183323	23.763811448540512	23.744263399435813	26.31017039884035	0.0
55.0	26.434296197164038	23.780581327158174	23.57487632136896	26.21024615430883	0.0
56.0	26.307384629264845	23.834714223418494	23.685848758702615	26.17205238861405	0.0
57.0	26.112806941040255	23.875013157301176	23.676826609325897	26.335353292332677	0.0
58.0	26.33625550727035	23.722839571147166	23.691562786641203	26.24934213494128	0.0
59.0	26.33174443258199	23.675322917763108	23.73366615039923	26.259266499255673	0.0
60.0	26.273401199945866	23.827496503917118	23.644346871569706	26.25475542456731	0.0
61.0	26.2724989850082	23.783588710283745	23.773664345969355	26.170247958738702	0.0
62.0	26.216561658872532	23.684946543764944	23.82779724222967	26.270694555132852	0.0
63.0	26.317308993579235	23.60164203118656	23.71261446852022	26.368434506713985	0.0
64.0	26.230696359562728	23.659985263822687	23.739981654962932	26.369336721651653	0.0
65.0	26.206035817933028	23.749003804339655	23.770055486218666	26.274904891508655	0.0
66.0	26.1864878276168	23.66028600213524	23.768852532968438	26.384373637279523	0.0
67.0	26.16994722042615	23.692465001578878	23.76313850502985	26.37444927296513	0.0
68.0	26.101679623475633	23.78779904665955	23.747800851089423	26.362720478775394	0.0
69.0	26.296858788325338	23.755920785528474	23.65246680600875	26.29475362013744	0.0
70.0	26.198137833968893	23.67194360572123	23.69540112355496	26.434517436754923	0.0
71.0	26.372866268089357	23.815696086804845	23.566084038061327	26.245353607044475	0.0
72.0	26.28023914638694	23.633449217481264	23.802463640847357	26.283847995284436	0.0
73.0	26.198137833968893	23.783216446727376	23.69510038614683	26.3235453331569	0.0
74.0	26.285351682325057	23.658410422355615	23.76066114111802	26.2955767542013	0.0
75.0	26.397526735555584	23.662320008661236	23.751939756282408	26.188213499500772	0.0
76.0	26.34399547690938	23.65660599790687	23.690288587616838	26.309109937566916	0.0
77.0	26.294373804568806	23.81208723790735	23.711039468777443	26.18249948874641	0.0
78.0	26.401436321861205	23.741113209589916	23.625329307461897	26.232121161086987	0.0
79.0	26.1837024383789	23.74021099736554	23.75735302962865	26.318733534626904	0.0
80.0	26.43894898606688	23.76449925868452	23.606311857739605	26.190239897509	0.0
81.0	26.319556594098948	23.840284857616304	23.675481253590043	26.164677294694705	0.0
82.0	26.10904104151066	23.881485758622865	23.688412923249036	26.321060276617438	0.0
83.0	26.3385029938319	23.72359909418165	23.689014396256432	26.24888351573002	0.0
84.0	26.33248826375794	23.68961586926383	23.742545493914598	26.235350373063632	0.0
85.0	26.29820430233642	23.812617099276125	23.630972251042802	26.258206347344647	0.0
86.0	26.269333597981458	23.77322061729175	23.796678064580156	26.160767720146637	0.0
87.0	26.234448163552543	23.67788714561962	23.808406788224364	26.279257902603476	0.0
88.0	26.305121241921466	23.597590499132377	23.7175843641077	26.379703894838457	0.0
89.0	26.24587615069305	23.658038536375585	23.734726344818462	26.361358968112906	0.0
90.0	26.185428113449838	23.73983886538132	23.79276849003209	26.281964531136754	0.0
91.0	26.173699389805634	23.651422333294235	23.79367069954318	26.381207577356946	0.0
92.0	26.185127376946145	23.685706294715757	23.779536083869395	26.349630244468703	0.0
93.0	26.08798948625183	23.80720384220957	23.745252122447873	26.359554549090724	0.0
94.0	26.287678524707008	23.75818379210687	23.65954221889407	26.294595464292055	0.0
95.0	26.20459644289933	23.654358561040304	23.726234369267228	26.414810626793134	0.0
96.0	26.34534070336042	23.8335969782087	23.57737024762569	26.243692070805192	0.0
97.0	26.281885491913222	23.651050469448272	23.793899879104288	26.27316415953422	0.0
98.0	26.20970894808702	23.769540295562948	23.698867429733127	26.321883326616906	0.0
99.0	26.282486963111772	23.67691373098599	23.73916600003609	26.30143330586615	0.0
100.0	26.425035637168513	23.664282835816408	23.734955701646225	26.17572582536885	0.0
101.0	26.345039967761142	23.652854883043926	23.69225124654906	26.309853902645873	0.0
102.0	26.28399064110815	23.80683150987315	23.708490968909953	26.200686880108748	0.0
103.0	26.409096650406894	23.730745403256364	23.643532079466375	26.216625866870363	0.0
104.0	26.203694236101505	23.73766232203971	23.764127054775983	26.294516387082805	0.0
105.0	26.451120086371006	23.76195044493698	23.603463260746	26.18346620794601	0.0
106.0	26.303760085889827	23.855779669733156	23.659700648684737	26.180759595692276	0.0
107.0	26.11068841179	23.864500975884084	23.713832893759452	26.31097771856646	0.0
108.0	26.34105118805241	23.71623877131833	23.707818199862263	26.234891840766995	0.0
109.0	26.333232085986065	23.66992562830996	23.753830608175775	26.243011677528198	0.0
110.0	26.30315861650011	23.812473873673383	23.66451240380249	26.219855106024013	0.0
111.0	26.28361086133424	23.76856660822389	23.80796285325049	26.139859677191378	0.0
112.0	26.23248596320812	23.69759322023704	23.822698853298608	26.247221963256234	0.0
113.0	26.313082861430477	23.604064730135722	23.732478444840748	26.35037396359306	0.0
114.0	26.258349146966037	23.658497709905298	23.745109302024847	26.338043841103815	0.0
115.0	26.209329391703935	23.733681383620183	23.785107016441167	26.271882208234715	0.0
116.0	26.17925592221798	23.64616758741606	23.813977547147683	26.36059894321828	0.0
117.0	26.17775224874368	23.699096893711335	23.77608497559538	26.347065881949604	0.0
118.0	26.089336248454977	23.798339343014984	23.760446771462686	26.351877637067357	0.0
119.0	26.287219677672553	23.751725465311758	23.665113873192208	26.295940983823478	0.0
120.0	26.195574374921055	23.66698945620989	23.71029538250561	26.427140786363445	0.0
121.0	26.363986310515518	23.828183737421735	23.56894965084597	26.238880301216778	0.0
122.0	26.266848711949432	23.645937964260582	23.79961385549053	26.28759946829946	0.0
123.0	26.220535429660952	23.759616020786844	23.708490968909953	26.31135758064225	0.0
124.0	26.27166048153784	23.66548577821351	23.771645444757876	26.29120829549077	0.0
125.0	26.418720189583723	23.65616297463596	23.768938824364394	26.156178011415925	0.0
126.0	26.346543645757524	23.646840171058408	23.69134903975123	26.315267143432834	0.0
127.0	26.308049489050216	23.778261627941948	23.728339518462157	26.18534936454568	0.0
128.0	26.406089294414137	23.722926277675192	23.655561503437408	26.215422924473263	0.0
129.0	26.202190558105126	23.738564528837536	23.758413078389744	26.300831834667598	0.0
130.0	26.455188757266544	23.740440338388712	23.616837635369016	26.18753326897572	0.0
131.0	26.319335009443158	23.844266140576696	23.677356879067474	26.15904197091268	0.0
132.0	26.113630622285843	23.882760528816657	23.69239374947371	26.311215099423784	0.0
133.0	26.348205800623127	23.715550529899314	23.69750628541183	26.23873738406573	0.0
134.0	26.322643120932526	23.67194360572123	23.762164828158642	26.2432484451876	0.0
135.0	26.31903427203503	23.802764378255485	23.64036617786813	26.237835171841358	0.0
136.0	26.272419973775698	23.766675889280517	23.81208723790735	26.148816899036436	0.0
137.0	26.228813049597616	23.677356879067474	23.837950655006075	26.25587941632884	0.0
138.0	26.312418049056284	23.60337547666879	23.725174126959303	26.35903234731562	0.0
139.0	26.24655655667697	23.6752517172106	23.7591574540774	26.31903427203503	0.0
140.0	26.209565855477628	23.71524979249119	23.789231194889872	26.28595315714131	0.0
141.0	26.169868517605167	23.651192724560623	23.807275439377353	26.371663318456857	0.0
142.0	26.177687690216413	23.72126454065368	23.770284738178013	26.330763030951893	0.0
143.0	26.11332988487772	23.802764378255485	23.765472939648017	26.318432797218783	0.0
144.0	26.286855369365686	23.75284196850678	23.668334756823732	26.291967905303803	0.0
145.0	26.191299640617714	23.650963114445965	23.728553599085757	26.429183645850564	0.0
146.0	26.362720478775394	23.809452205163677	23.585402162308466	26.242425153752464	0.0
147.0	26.282122611010028	23.62660331112882	23.806745560350663	26.284528517510488	0.0
148.0	26.224380854999023	23.7550185705908	23.701787889268154	26.318812685142024	0.0
149.0	26.276788345753864	23.631786932279546	23.796892762410003	26.29453195955659	0.0
150.0	26.415809306703796	23.64088020618743	23.7792206620493	26.164089825059474	0.0
151.0	26.368593107637896	23.63967724570167	23.687194184889012	26.304535461771422	0.0
152.0	26.29499085747281	23.779893657973247	23.7293691656241	26.195746318929842	0.0
153.0	26.406265037051295	23.73327879896064	23.654183909152152	26.206272254835916	0.0
154.0	26.205069290732364	23.721549898951018	23.766059570782406	26.307321239534215	0.0
155.0	26.458673547642032	23.730643497508353	23.627789757331335	26.182893197518275	0.0
156.0	26.31018615981474	23.835373372229405	23.671167784427535	26.183272683528315	0.0
157.0	26.111094403175844	23.874469940753663	23.71026435295179	26.3041713031187	0.0
158.0	26.371236955279542	23.70274578208174	23.70244503924694	26.223572223391777	0.0
159.0	26.341162671799346	23.666355899070705	23.7574809780157	26.235000451114253	0.0
160.0	26.316501759345584	23.79447234669634	23.643499443625757	26.245526450332317	0.0
161.0	26.295449760909445	23.738233436588374	23.821839944663317	26.14447685783886	0.0
162.0	26.24943610718475	23.65643138552224	23.83747857207302	26.256653935219994	0.0
163.0	26.340861928964543	23.589967219031006	23.713873266969415	26.355297585035036	0.0
164.0	26.27139033412529	23.641995729451747	23.76680400589456	26.319809930528404	0.0
165.0	26.225978166070192	23.721993323509068	23.78184114763466	26.27018736278608	0.0
166.0	26.191392740067972	23.62876304472046	23.830862229707378	26.348981985504196	0.0
167.0	26.190791254398366	23.711166581456197	23.772518119755798	26.325524044389642	0.0
168.0	26.10568103214941	23.80199091756639	23.75176686415446	26.34056118612974	0.0
169.0	26.29244233256143	23.743947550449608	23.664852184896695	26.298757932092272	0.0
170.0	26.199591590002075	23.66372038050098	23.720861690961748	26.415826338535197	0.0
171.0	26.383947502172873	23.78882977603614	23.59154188307685	26.235680838714142	0.0
172.0	26.261244056551853	23.633646006574256	23.812588531438248	26.292521405435643	0.0
173.0	26.227861501493194	23.737402596621447	23.70492227278059	26.329813629104777	0.0
174.0	26.26553346084906	23.656272931779085	23.796119191117207	26.28207441625465	0.0
175.0	26.396737512292972	23.673486573215	23.76160501884171	26.168170895650317	0.0
176.0	26.380497252689416	23.643412018393597	23.67889999308285	26.297190735834132	0.0
177.0	26.30689371018869	23.770398128154078	23.72378242798626	26.19892573367097	0.0
178.0	26.406440786030927	23.712955555689224	23.64017491413689	26.240428744142964	0.0
179.0	26.23321082927827	23.71355704859461	23.76618767781634	26.28704444431078	0.0
180.0	26.470880137140796	23.717538082134105	23.61889294897821	26.192688831746892	0.0
181.0	26.307051945239756	23.832495248177466	23.66768520077954	26.19276760580324	0.0
182.0	26.12179101604793	23.864073815653345	23.722120636142723	26.292014532156006	0.0
183.0	26.367803094098115	23.70287274739552	23.71009070567572	26.219233452830643	0.0
184.0	26.344946226210812	23.63490364025696	23.761518658422155	26.25863147511007	0.0
185.0	26.319984120491785	23.796706205038134	23.65114404638741	26.232165628082672	0.0
186.0	26.281187594735698	23.733549070086372	23.830390010345738	26.154873324832185	0.0
187.0	26.236075355484445	23.665579962947813	23.843622933859443	26.2547217477083	0.0
188.0	26.343442484902436	23.5741524913986	23.7272333565912	26.35517166710776	0.0
189.0	26.25562399249332	23.647835815508987	23.775353078459208	26.321187113538485	0.0
190.0	26.222541683709068	23.7284363496379	23.767232875393983	26.28178909125905	0.0
191.0	26.202090801915162	23.63189615764021	23.812645862906912	26.353367177537713	0.0
192.0	26.21141399802709	23.71069220219907	23.75881192406708	26.319081875706758	0.0
193.0	26.115776050814425	23.798811442869862	23.75580444145033	26.329608064865383	0.0
194.0	26.299232490436204	23.74016553184323	23.656256766835888	26.304345210884684	0.0
195.0	26.19374862783193	23.64279420035308	23.745951164350394	26.417506007464592	0.0
196.0	26.38352135168705	23.792868034273376	23.583847363783185	26.239763250256388	0.0
197.0	26.28998836100727	23.637380715361967	23.792868034273376	26.27976288935739	0.0
198.0	26.232244521102068	23.740838428525457	23.694823806101	26.332093244271483	0.0
199.0	26.25427816975537	23.64677505699214	23.795345591906212	26.303601181346277	0.0
200.0	26.411950640749954	23.64714692587391	23.783387117632728	26.157515315743414	0.0
201.0	26.394064343050655	23.63736432290022	23.661725298421953	26.306846035627174	0.0
202.0	26.305722139682043	23.755330859132986	23.724353229192356	26.21459377199261	0.0
203.0	26.429490881093304	23.707653625908282	23.648104037341803	26.21475145565661	0.0
204.0	26.223187324807817	23.711247187902266	23.77109825198802	26.294467235301898	0.0
205.0	26.471092450622724	23.720341302471347	23.630113296299747	26.17845295060618	0.0
206.0	26.293738683734052	23.83679312813171	23.691824618179414	26.177643569954824	0.0
207.0	26.129678420615726	23.842651074938946	23.727457561867638	26.300212942577687	0.0
208.0	26.36187004487434	23.718735337640307	23.71061464611831	26.20877997136704	0.0
209.0	26.361427084774512	23.628046029559496	23.766399384026805	26.244127501639188	0.0
210.0	26.31149956990153	23.788054691682557	23.65361132331976	26.246834415096153	0.0
211.0	26.311198801739643	23.712561883049307	23.83858374287931	26.137655572331735	0.0
212.0	26.26519649420413	23.641564253875444	23.83195279086135	26.26128646105908	0.0
213.0	26.34130789174492	23.585002135505334	23.709823926081437	26.36386604666831	0.0
214.0	26.269279819052432	23.647404894246733	23.777641425443345	26.30567386125749	0.0
215.0	26.218004631996873	23.7149216470659	23.783800042109064	26.283273678828166	0.0
216.0	26.197329675849478	23.640098776126493	23.816656590539267	26.345914957484755	0.0
217.0	26.218685050335523	23.72281325476962	23.754094366692836	26.30440732820203	0.0
218.0	26.12213469526482	23.77966066009162	23.77063726242146	26.3275673822221	0.0
219.0	26.28908306137488	23.757989562811126	23.646098085512758	26.306829290301238	0.0
220.0	26.187797776601375	23.66211078492709	23.725275518552387	26.424815919919148	0.0
221.0	26.39503825978151	23.78061985658598	23.604660955772655	26.219680927859855	0.0
222.0	26.27999590930693	23.64210045057781	23.800915593361047	26.27698804675422	0.0
223.0	26.216086145701738	23.736690128135717	23.69668531552668	26.350538410635867	0.0
224.0	26.272285104962208	23.64424444959137	23.799755153360024	26.283715292086402	0.0
225.0	26.393584637782297	23.679207825490597	23.785689362674916	26.14151817405219	0.0
226.0	26.39478781899342	23.639202050220785	23.66356646974601	26.30244366103979	0.0
227.0	26.29125068807546	23.746198665058397	23.763043354018208	26.199507292847922	0.0
228.0	26.42420341165111	23.72363881377294	23.640317763025305	26.211840011550642	0.0
229.0	26.224330494785637	23.74694312176076	23.76077991379077	26.267946469662835	0.0
230.0	26.482655725475567	23.713467531373706	23.640974118949355	26.16290262420137	0.0
231.0	26.28781475320581	23.853412464693196	23.687970569390842	26.170802212710147	0.0
232.0	26.120424376054697	23.863783348022658	23.706462199307545	26.3093300766151	0.0
233.0	26.379133489954487	23.72238950537997	23.695617515499176	26.202859489166368	0.0
234.0	26.344841278197073	23.64989456648929	23.752470392886472	26.252793762427167	0.0
235.0	26.314459581815502	23.796689297521034	23.66403258361735	26.22481853704612	0.0
236.0	26.279565752307953	23.74224289113426	23.874598796162882	26.1035925603949	0.0
237.0	26.24828162930119	23.649593757614223	23.839404157780272	26.26272045530431	0.0
238.0	26.347105449185555	23.599500654263238	23.69906899093056	26.354324905620647	0.0
239.0	26.26498413223638	23.638606043286657	23.79232030321717	26.304089521259794	0.0
240.0	26.221267609447057	23.71751483811191	23.791517383077483	26.269700169363546	0.0
241.0	26.19642126543284	23.644737792110902	23.83667059757888	26.322170344877378	0.0
242.0	26.225488721352114	23.70982978236933	23.761875823560914	26.302805672717643	0.0
243.0	26.10796386161997	23.792604448402326	23.788091663683215	26.311340026294495	0.0
244.0	26.257453862770703	23.793391861073836	23.653490904933538	26.295663371221924	0.0
245.0	26.184164999323034	23.633655770011885	23.787703278022658	26.394475952642427	0.0
246.0	26.358039921288746	23.78698616535381	23.66181842252538	26.193155490832066	0.0
247.0	26.25798511751626	23.67987915880567	23.809867694538976	26.2522680291391	0.0
248.0	26.20206123523659	23.724968028285566	23.760475438200558	26.312495298277288	0.0
249.0	26.239152152718432	23.610693178945848	23.904081558960534	26.24607310937519	0.0
