# Position (bp)	A	C	G	T	N
0.0	26.203288366346893	23.74046835313594	23.86677390201232	26.189469378504842	0.0
1.0	26.170122795525963	23.781096177391582	23.69182551593191	26.35695551115054	0.0
2.0	26.228923753803468	23.71400698096678	23.88673478129897	26.170334483930784	0.0
3.0	26.30645219231949	23.63758956772605	23.790127584787097	26.265830655167367	0.0
4.0	26.307557972456173	23.753785617967594	23.852985388067292	26.085671021508944	0.0
5.0	26.113109744303898	23.744038639013688	23.829694347275872	26.313157269406545	0.0
6.0	26.3338352512122	23.649173216925224	23.82654823246626	26.190443299396314	0.0
7.0	26.22104347105383	23.794565772933847	23.717762767118366	26.266627988893955	0.0
8.0	26.219621688670824	23.807589984999048	23.799025904960814	26.17376242136931	0.0
9.0	26.2318676431182	23.84258172164501	23.854460470011684	26.0710901652251	0.0
10.0	26.27218836840564	23.78582043788362	23.71013275729668	26.23185843641406	0.0
11.0	26.276608086980062	23.75460617545178	23.72145828614363	26.24732745142453	0.0
12.0	26.245393824548223	23.758473429204397	23.74852906241195	26.24760368383543	0.0
13.0	26.246774986602727	23.752948780986372	23.761511985724308	26.238764246686593	0.0
14.0	26.24898484588994	23.71924842685642	23.773389979393063	26.25837674786058	0.0
15.0	26.098990646770563	23.870623788030297	23.83167501809322	26.198710547105915	0.0
16.0	26.179098045931926	23.778914627611087	23.83029385603872	26.211693470418275	0.0
17.0	26.25782428303878	23.761235753313407	23.759854591258904	26.221085372388913	0.0
18.0	26.18324153209544	23.825045440231595	23.672012684592307	26.319700343080655	0.0
19.0	26.326606153353183	23.81758716513726	23.755434872684482	26.100371808825074	0.0
20.0	26.09484716060705	23.887750197506175	23.71234261658389	26.30506002530289	0.0
21.0	26.251878370016797	23.780164412622646	23.657517899761338	26.310439317599222	0.0
22.0	26.169009104569962	23.86717714134182	23.70447715018121	26.25933660390701	0.0
23.0	26.31927870591355	23.72547069742774	23.841763899938123	26.11348669672059	0.0
24.0	26.165418103067267	23.853918058870327	23.771877486077962	26.208786351984443	0.0
25.0	26.199394501900468	23.737348625475114	23.869939450190046	26.19331742243437	0.0
26.0	26.172600106072657	23.776849642004773	23.68486475735879	26.365685494563778	0.0
27.0	26.232542208079202	23.722708388579512	23.872977989923097	26.171771413418192	0.0
28.0	26.307953239635818	23.632380889242462	23.794252187748608	26.26541368337311	0.0
29.0	26.30187616016972	23.75060770794661	23.857509060373022	26.09000707151065	0.0
30.0	26.117630159992927	23.74066339609299	23.826294970388048	26.315411473526034	0.0
31.0	26.338062406081498	23.64674489525325	23.827123663042517	26.188069035622735	0.0
32.0	26.225636435958634	23.78458410677981	23.723813312118804	26.265966145142755	0.0
33.0	26.215139662335368	23.81938919826748	23.79480464951825	26.1706664898789	0.0
34.0	26.24055290373906	23.826847432157695	23.864691063378416	26.06790860072483	0.0
35.0	26.27149076283921	23.78237425970123	23.71663130911341	26.229503668346148	0.0
36.0	26.267347299566868	23.762485635993986	23.719669848846458	26.250497215592684	0.0
37.0	26.236961902236366	23.76331432864846	23.747845399098384	26.251878370016797	0.0
38.0	26.249392292053393	23.760828250685055	23.755579863873418	26.234199593388137	0.0
39.0	26.248011137629273	23.716355078228588	23.782098028816407	26.25353575532573	0.0
40.0	26.102713692212497	23.868558295765933	23.828781048351455	26.19994696367011	0.0
41.0	26.180887032617346	23.774363564041366	23.830714664545212	26.214034738796077	0.0
42.0	26.259889065676656	23.756961018297535	23.761104481569877	26.222045434455936	0.0
43.0	26.185030495889684	23.834581896932733	23.662213824803324	26.31817378237426	0.0
44.0	26.3319853266154	23.827123663042517	23.746188013789446	26.094702996552638	0.0
45.0	26.094150534782994	23.889828073897288	23.716355078228588	26.299666313091137	0.0
46.0	26.263058742935435	23.77782320216122	23.649376550337276	26.30974150456607	0.0
47.0	26.163339944422653	23.87505593644515	23.708489633112166	26.253114486020028	0.0
48.0	26.313884944947493	23.725615853355357	23.841079725317528	26.11941947637963	0.0
49.0	26.162235026987606	23.85130021159169	23.77837566087874	26.208089100541965	0.0
50.0	26.198697302344083	23.74329453231607	23.86124446850709	26.196763696832754	0.0
51.0	26.1608538801938	23.782519101260156	23.693573247739064	26.363053770806978	0.0
52.0	26.22576777950268	23.725063394637836	23.883619046566746	26.16554977929274	0.0
53.0	26.30228331187952	23.641365898933202	23.7921871288168	26.26416366037048	0.0
54.0	26.293720201757925	23.751581413078906	23.86069200978957	26.094006375373603	0.0
55.0	26.116380953433254	23.748266660773773	23.826992028020705	26.308360357772266	0.0
56.0	26.33128739454944	23.646614256749665	23.83500267942478	26.18709566927611	0.0
57.0	26.227425155655244	23.78776745907662	23.719538807462612	26.26526857780552	0.0
58.0	26.209194017977005	23.819257605975395	23.801302697655917	26.170245678391684	0.0
59.0	26.243998917180917	23.82782071609699	23.853233817103018	26.07494654961908	0.0
60.0	26.270516935621984	23.77837566087874	23.71705274323376	26.23405466026551	0.0
61.0	26.259467761271537	23.76401173422316	23.722577330408985	26.253943174096317	0.0
62.0	26.23571203641808	23.763183046146878	23.75682977089537	26.244275146539675	0.0
63.0	26.254219403455075	23.7637355048644	23.746333055262443	26.23571203641808	0.0
64.0	26.248142357562333	23.713461761569867	23.77975680767255	26.258639073195255	0.0
65.0	26.10118833870139	23.864559220812225	23.834450220707257	26.199802219779126	0.0
66.0	26.18074239402461	23.788596147152905	23.828925633532034	26.201735825290456	0.0
67.0	26.251733339226224	23.755448624101565	23.767326486528294	26.225491550143914	0.0
68.0	26.182952228894695	23.83942234916496	23.670369981603127	26.30725544033722	0.0
69.0	26.329630018396877	23.81787645918159	23.748819119491298	26.103674402930245	0.0
70.0	26.09428260473236	23.888591175024445	23.710423238623495	26.3067029816197	0.0
71.0	26.262637423346774	23.779072979393405	23.64731230318767	26.310977294072153	0.0
72.0	26.17037732721949	23.88127727749848	23.70200541406552	26.24633998121651	0.0
73.0	26.314292028064745	23.721065134522952	23.839843102591015	26.12479973482128	0.0
74.0	26.15960444174355	23.851720899397826	23.77852052372797	26.210154135130654	0.0
75.0	26.187779680680624	23.75863211977239	23.85448317772499	26.199105021822	0.0
76.0	26.15905198607812	23.791503231865644	23.69040384509143	26.359040936964806	0.0
77.0	26.227280260759073	23.720236451024807	23.88597315065466	26.16651013756146	0.0
78.0	26.30876747141042	23.646759847522237	23.78266394121872	26.261808739848625	0.0
79.0	26.28335451080051	23.745096955969284	23.863322468371916	26.108226064858297	0.0
80.0	26.102701508203968	23.752831335285343	23.832937406773105	26.311529749737584	0.0
81.0	26.332246837191313	23.6511794928457	23.83487100160212	26.181702668360863	0.0
82.0	26.23556709574057	23.779625435058836	23.719407767526658	26.265399701673942	0.0
83.0	26.20601071763991	23.822164521297164	23.80503839566875	26.16678636539418	0.0
84.0	26.24523506988564	23.830727584111376	23.84343406441633	26.08060328158665	0.0
85.0	26.259598917186892	23.777415612397103	23.723827412850117	26.23915805756588	0.0
86.0	26.270095574830123	23.75476493011436	23.7252085520137	26.24993094304182	0.0
87.0	26.236672007071434	23.761118170266837	23.756698524943374	26.24551129771836	0.0
88.0	26.25352190486713	23.753660018783492	23.749516601292747	26.243301475056626	0.0
89.0	26.243301475056626	23.7067012872217	23.784597536047734	26.265399701673942	0.0
90.0	26.100767913374952	23.853102038561406	23.83514722943484	26.210982818628803	0.0
91.0	26.18142644052815	23.783768852549585	23.83431854593669	26.20048616098558	0.0
92.0	26.25020717087454	23.756698524943374	23.767195182586597	26.225899121595493	0.0
93.0	26.17590188387382	23.83652836859842	23.673277719463012	26.314292028064745	0.0
94.0	26.336942710347493	23.822440749129882	23.743992044638418	26.096624495884207	0.0
95.0	26.09966300204409	23.881001049665766	23.71498812220319	26.304347826086953	0.0
96.0	26.261111203186548	23.785294816337128	23.646076757766103	26.30751722271022	0.0
97.0	26.165260674765623	23.87562081862428	23.70353182955732	26.25558667705278	0.0
98.0	26.309727033163732	23.72618238670578	23.83833026722133	26.125760312909158	0.0
99.0	26.168299164139196	23.857942334996217	23.76954991685588	26.204208584008708	0.0
100.0	26.187635005607397	23.757948411974965	23.863743087436674	26.19067349498097	0.0
101.0	26.16774671152582	23.791648021390966	23.68612957223594	26.354475694847274	0.0
102.0	26.23735574081133	23.721486539492076	23.8800404395313	26.161117280165293	0.0
103.0	26.309450806857043	23.635856384418627	23.792200474004343	26.26249233471999	0.0
104.0	26.283485534028316	23.748832943854243	23.860428371756413	26.107253150361025	0.0
105.0	26.10863428189447	23.742755965107094	23.82672876234041	26.321880990658027	0.0
106.0	26.332930042925568	23.643314494699215	23.837777814607954	26.18597764776726	0.0
107.0	26.23763196711802	23.780046516510044	23.721210313185388	26.261111203186548	0.0
108.0	26.20752329968897	23.822585367740082	23.795791415991292	26.174099916579657	0.0
109.0	26.24978592461232	23.830043478020674	23.840540077674838	26.07963051969217	0.0
110.0	26.26193988210661	23.768721237935818	23.727011065625845	26.242327814331727	0.0
111.0	26.268293087160448	23.745518228173978	23.726734839319157	26.259453845346414	0.0
112.0	26.240670456491593	23.761263127655223	23.75021407538768	26.247852340465492	0.0
113.0	26.26995044500058	23.7449657755606	23.746070680787355	26.239013098651466	0.0
114.0	26.245366303705296	23.714028429211485	23.782532553270244	26.258072713812975	0.0
115.0	26.108358055587782	23.853246487782513	23.828109893873854	26.210285562755853	0.0
116.0	26.188187458220767	23.782532553270244	23.83252951478087	26.196750473728116	0.0
117.0	26.25641535597284	23.753528791067946	23.76264425918867	26.227411593770544	0.0
118.0	26.184044063620444	23.840540077674838	23.66486014662092	26.310555712083794	0.0
119.0	26.3370734375259	23.825623857113655	23.740269928346898	26.097032777013553	0.0
120.0	26.109462960814533	23.87423968709084	23.7184480501185	26.29784930197612	0.0
121.0	26.256007955361582	23.791227004032926	23.648417214518535	26.304347826086953	0.0
122.0	26.159328213910833	23.865532291033645	23.716369261366776	26.258770233688743	0.0
123.0	26.310977294072153	23.722446273686536	23.83348986243854	26.13308656980277	0.0
124.0	26.16982487155406	23.851444671565105	23.77106237224463	26.20766808463621	0.0
125.0	26.191923098171372	23.755317385779794	23.86580851886636	26.18695099718248	0.0
126.0	26.1554610242528	23.80006629467985	23.698966907905643	26.345505773161705	0.0
127.0	26.232804817413403	23.724932324180983	23.88210596099663	26.16015689740898	0.0
128.0	26.308215015744985	23.632119772388265	23.790398320534777	26.26926689133197	0.0
129.0	26.282249599469644	23.7470305507983	23.860836417877465	26.10988343185459	0.0
130.0	26.09137616706259	23.75006905695818	23.830175128445944	26.328379647533286	0.0
131.0	26.32340754654439	23.641787746533343	23.848406165405226	26.186398541517043	0.0
132.0	26.22293305047525	23.77692883522688	23.729417516760172	26.2707205975377	0.0
133.0	26.189509390391112	23.83217455437422	23.79930335148155	26.17901270375312	0.0
134.0	26.250003452857445	23.829688497012587	23.837975354884687	26.082332695245274	0.0
135.0	26.26326242545281	23.774166549269513	23.72610277361133	26.236468251666352	0.0
136.0	26.26326242545281	23.74958220424895	23.71864460152644	26.2685107687718	0.0
137.0	26.24282150936829	23.74930597565321	23.763393634035783	26.24447888094271	0.0
138.0	26.263814882644283	23.751515804419103	23.74433386092995	26.240335452006665	0.0
139.0	26.252213281623337	23.713948715398917	23.77444277786525	26.259395225112492	0.0
140.0	26.103602297117	23.858416270969204	23.827754896842432	26.210226535071364	0.0
141.0	26.18619464724227	23.77637637803541	23.819468038970328	26.21796093575199	0.0
142.0	26.24565629333348	23.74909534885006	23.764840422299443	26.24040793551702	0.0
143.0	26.183228458253456	23.828649404173273	23.668160146733037	26.319961990840234	0.0
144.0	26.3301824771144	23.822296128921767	23.73335027540067	26.114171118563167	0.0
145.0	26.104503091006524	23.877542000673998	23.719538807462612	26.298416100856866	0.0
146.0	26.252707062671266	23.790384955361088	23.651993282064883	26.304914699902763	0.0
147.0	26.15913705233209	23.866690606742814	23.713658273828432	26.26051406709667	0.0
148.0	26.317490483793442	23.711513919351184	23.825597905053396	26.145397691801975	0.0
149.0	26.17219223565939	23.8482489627473	23.776152303502073	26.203406498091237	0.0
150.0	26.189871109957075	23.749910224466458	23.872281182495705	26.187937483080763	0.0
151.0	26.14843624832189	23.8037755445922	23.70377941184595	26.344008795239965	0.0
152.0	26.22937234471595	23.71289508140569	23.89161745125879	26.166115122619566	0.0
153.0	26.313070765219027	23.628920428491714	23.78664913511632	26.271359671172938	0.0
154.0	26.288762313059717	23.74217571696122	23.868137696332187	26.100924273646875	0.0
155.0	26.09539962542885	23.753777478219074	23.823111813355286	26.327711082996792	0.0
156.0	26.32605368853138	23.651295253774716	23.843000546940175	26.179650510753728	0.0
157.0	26.223920135464752	23.77815161333985	23.732296906464683	26.265631344730718	0.0
158.0	26.191324620939028	23.834226947651054	23.802183899473224	26.1722645319367	0.0
159.0	26.248504887946012	23.83947537795604	23.835884346694733	26.076135387403216	0.0
160.0	26.268946142818077	23.772626949860918	23.720142646811027	26.23828426050998	0.0
161.0	26.265355111556765	23.755776726250165	23.72760094250759	26.25126721968548	0.0
162.0	26.238836726857873	23.753014394510693	23.763235021946727	26.244913856684704	0.0
163.0	26.255134484120735	23.752738161336747	23.749975829597282	26.242151524945236	0.0
164.0	26.248228654772067	23.708264620331317	23.783676276818788	26.25983044807783	0.0
165.0	26.10486363749368	23.86102156552389	23.827597351476328	26.2065174455061	0.0
166.0	26.17999906080721	23.784781209514573	23.81958658943187	26.215633140246346	0.0
167.0	26.250511032783443	23.748107797531574	23.76523430162536	26.236146868059624	0.0
168.0	26.178690209164333	23.824900832016617	23.676563207849462	26.319845750969584	0.0
169.0	26.32233185640255	23.82793940532358	23.742859352728637	26.106869385545227	0.0
170.0	26.105211981923247	23.87931891760494	23.71965570202093	26.29581339845088	0.0
171.0	26.252313472003536	23.780558548106406	23.663710947211403	26.303417032678656	0.0
172.0	26.168133941421345	23.873163374391243	23.710736473402594	26.247966210784814	0.0
173.0	26.323175178449095	23.712459393162582	23.825440321760848	26.138925106627475	0.0
174.0	26.1814656029701	23.842843252082826	23.776546374665752	26.19914477028132	0.0
175.0	26.19555368942123	23.757486022408344	23.86549468520033	26.1814656029701	0.0
176.0	26.14748845329385	23.808866102406576	23.69864754370069	26.344997900598884	0.0
177.0	26.22041501845263	23.713011867141056	23.898366886919625	26.168206227486685	0.0
178.0	26.312401935868824	23.62958829639124	23.786490906278317	26.271518861461622	0.0
179.0	26.28947426576208	23.740911803054075	23.872124372942036	26.097489558241804	0.0
180.0	26.10052816512342	23.761077103268434	23.818810634019137	26.319584097589004	0.0
181.0	26.319031623610528	23.647819937680936	23.848091754878347	26.185056683830194	0.0
182.0	26.221316162394647	23.778821956481504	23.733795202855195	26.26606667826865	0.0
183.0	26.192034960649934	23.828268514144753	23.80644573171237	26.17325079349294	0.0
184.0	26.23291814799161	23.837936835475556	23.849262583320215	26.07988243321262	0.0
185.0	26.2644092517548	23.76942987290301	23.72633678354286	26.23982409179933	0.0
186.0	26.259989447717864	23.751750656755256	23.73628134262597	26.251978552900912	0.0
187.0	26.240652805056257	23.754789272030653	23.762247691342985	26.24231023157011	0.0
188.0	26.259160734460934	23.74650213946139	23.758104125058356	26.236233001019315	0.0
189.0	26.243415182579344	23.70340905010124	23.784346711527675	26.268829055791738	0.0
190.0	26.099771551378844	23.869151701486434	23.82909722740168	26.201979519733044	0.0
191.0	26.181261688309892	23.782413047261517	23.815561577538556	26.22076368689003	0.0
192.0	26.252327309492106	23.74546278238482	23.77446782650011	26.227742081622957	0.0
193.0	26.183820157676944	23.82612442887687	23.67419324541582	26.315862168030364	0.0
194.0	26.320834461307268	23.8222570896615	23.736623149892544	26.12028529913869	0.0
195.0	26.09431887869262	23.876399838676708	23.725297370761812	26.303983911868865	0.0
196.0	26.254682268704215	23.785925017403123	23.660788278582558	26.298604435310107	0.0
197.0	26.167738941389988	23.871072891661118	23.711405706582543	26.24978246036635	0.0
198.0	26.325268921166185	23.717272280263646	23.816719244645057	26.14073955392512	0.0
199.0	26.180518339677683	23.85014447433992	23.761194689532104	26.2081424964503	0.0
200.0	26.191844243954453	23.75843227385484	23.86229910331987	26.187424378870833	0.0
201.0	26.141568278628295	23.807050789774642	23.702907718741887	26.34847321285518	0.0
202.0	26.225269473649316	23.724178319456797	23.890199501660213	26.160352705233674	0.0
203.0	26.310628118076696	23.629979944862185	23.786056430627454	26.273335506433664	0.0
204.0	26.280517787194547	23.746830128010345	23.875282457003	26.097369627792112	0.0
205.0	26.09322600427622	23.759537240125745	23.82638769951547	26.32084905608256	0.0
206.0	26.327202612140265	23.639372158164875	23.845448367688576	26.187976862006284	0.0
207.0	26.217607133681952	23.772310021243033	23.734741064251203	26.27534178082381	0.0
208.0	26.201308836163435	23.831149637708183	23.791646984400597	26.175894541727786	0.0
209.0	26.233905431200466	23.831425880039006	23.85463023582808	26.080038452932452	0.0
210.0	26.259872210297765	23.77396747522797	23.72700627898818	26.239154035486088	0.0
211.0	26.258214756312825	23.758774147032742	23.73308361026627	26.24992748638816	0.0
212.0	26.244955124433357	23.741647122521762	23.764298993649188	26.249098759395693	0.0
213.0	26.257109786989542	23.74413330349916	23.756564208386163	26.242192701125134	0.0
214.0	26.235839127516225	23.70656434650733	23.78750334943826	26.270093176538182	0.0
215.0	26.094679296466033	23.878663318609618	23.827834729738314	26.19882265518604	0.0
216.0	26.18086690368259	23.776729898536193	23.81733752116707	26.22506567661415	0.0
217.0	26.25414364640884	23.751104972375693	23.766850828729282	26.22790055248619	0.0
218.0	26.18563535911602	23.817679558011047	23.672099447513812	26.324585635359117	0.0
219.0	26.32845303867403	23.819337016574586	23.730939226519336	26.121270718232044	0.0
220.0	26.090607734806632	23.873480662983425	23.723204419889502	26.312707182320445	0.0
221.0	26.25318371924707	23.791567909214965	23.651511886806002	26.30373648473196	0.0
222.0	26.178393743594558	23.859313751218934	23.710141244264456	26.25215126092205	0.0
223.0	26.329020210168068	23.71020674261594	23.807445386136862	26.15332766107913	0.0
224.0	26.17846606039846	23.85744593862916	23.756339849059106	26.20774815191328	0.0
225.0	26.192830860009504	23.75219615686361	23.86297086155648	26.192002121570408	0.0
226.0	26.135095415418956	23.80910286301506	23.703300588956782	26.352501132609202	0.0
227.0	26.233162797378977	23.719875357738758	23.883965568680317	26.162996276201948	0.0
228.0	26.31355042597156	23.63948772914618	23.78783190974486	26.259129935137405	0.0
229.0	26.288688272798595	23.744185018618992	23.86987701521564	26.097249693366777	0.0
230.0	26.096697201074043	23.766284710328293	23.816837755113315	26.32018033348435	0.0
231.0	26.32653399485077	23.648051359683535	23.836174985358955	26.18923966010674	0.0
232.0	26.218594179477616	23.77159905523557	23.737344438459097	26.272462326827718	0.0
233.0	26.202295611817846	23.826848437133112	23.801157474550756	26.169698476498294	0.0
234.0	26.23516899404688	23.835964585146204	23.853920634262906	26.074945786544014	0.0
235.0	26.264727413362067	23.767179104683766	23.727399549717536	26.24069393223663	0.0
236.0	26.263069931905136	23.762759154131963	23.727675796627025	26.246495117335876	0.0
237.0	26.24069393223663	23.74507935192475	23.760272931946574	26.253953783892044	0.0
238.0	26.252020055525627	23.7461843395627	23.750328043205016	26.251467561706654	0.0
239.0	26.23876020387022	23.696183648945425	23.79176507962817	26.27329106755618	0.0
240.0	26.095869028905472	23.87028866793932	23.843214825415153	26.19062747774005	0.0
241.0	26.181983948280863	23.78306695583705	23.805169150861293	26.22977994502079	0.0
242.0	26.252431369081826	23.741213916272493	23.782105123557756	26.22424959108793	0.0
243.0	26.193831479240238	23.819155461975893	23.668562207448428	26.318450851335445	0.0
244.0	26.322377765373627	23.824629855810947	23.736204219008197	26.116788159807232	0.0
245.0	26.091161824120796	23.864898773565614	23.723684719589237	26.320254682724354	0.0
246.0	26.252732644425958	23.790796204837093	23.651503887195332	26.304967263541617	0.0
247.0	26.175412994148843	23.868947428062874	23.702837685076933	26.252801892711346	0.0
248.0	26.321142986657968	23.71603337857149	23.811116424214113	26.15170721055643	0.0
249.0	26.174648759359737	23.853682671391336	23.757494008938913	26.214174560310017	0.0
