# Position (bp)	A	C	G	T	N
0.0	26.30714534142288	23.801334886468403	23.78863745521395	26.10288231689476	0.0
1.0	26.273193514372938	23.6815373828938	23.85681714042807	26.188451962305194	0.0
2.0	26.229960694254295	23.71897495914852	23.678399505365896	26.372664841231284	0.0
3.0	26.15574428855724	23.769317607832203	23.63848644351765	26.436451660092906	0.0
4.0	26.108844814166716	23.8737669535265	23.77909768874512	26.23829054356166	0.0
5.0	26.25693081740177	23.81579274199558	23.702912530255485	26.224363910347172	0.0
6.0	26.249989650690093	23.648863093808906	23.813900089142056	26.287247166358945	0.0
7.0	26.28354435969047	23.659053527470224	23.77716941350495	26.280232699334356	0.0
8.0	26.234018538908803	23.801166201676175	23.73438418425214	26.230431075162887	0.0
9.0	26.285870396074852	23.75924786343655	23.82050935341533	26.134372387073274	0.0
10.0	26.339128035320087	23.841059602649008	23.695364238410598	26.124448123620308	0.0
11.0	26.22378587196468	23.77566225165563	23.62003311258278	26.38051876379691	0.0
12.0	26.09492273730684	23.753863134657838	23.800220750551876	26.350993377483444	0.0
13.0	26.240618101545255	23.69288079470199	23.76600441501104	26.30049668874172	0.0
14.0	26.23171569614874	23.703301039456292	23.793256641124056	26.271726623270908	0.0
15.0	26.24827194185447	23.77366508370562	23.826645069963934	26.15141790447598	0.0
16.0	26.339607230664374	23.80788132483078	23.681501982610424	26.171009461894425	0.0
17.0	26.267239143271837	23.765321383436074	23.693025976677834	26.274413496614258	0.0
18.0	26.30007560664676	23.70461531669251	23.705443126693563	26.28986594996716	0.0
19.0	26.33677518335992	23.735520223398325	23.672054789984603	26.255649803257157	0.0
20.0	26.268066953272886	23.733864603396228	23.661017323303955	26.337051120026935	0.0
21.0	26.163762893140767	23.74379832340881	23.642805503280886	26.449633280169536	0.0
22.0	26.33263613335467	23.720895580046466	23.768356686773252	26.17811159982561	0.0
23.0	26.289590013300145	23.735244286731312	23.777462596784783	26.197703103183756	0.0
24.0	26.097262156389867	23.839824283530444	23.802848770150277	26.260064789929416	0.0
25.0	26.307801833323214	23.7965022268089	23.793466923471726	26.102229016396155	0.0
26.0	26.276620989950388	23.67867726999299	23.856932356885448	26.187769383171172	0.0
27.0	26.232747059894812	23.71923996004437	23.679229143327024	26.368783836733794	0.0
28.0	26.154656983129232	23.758698903427685	23.649979856623307	26.436664256819775	0.0
29.0	26.11078305307366	23.872384810238355	23.777738533451803	26.239093603236185	0.0
30.0	26.266135396603772	23.80781563015657	23.69964845668622	26.22640051655344	0.0
31.0	26.247647639913684	23.650807666624356	23.819404970171245	26.282139723290708	0.0
32.0	26.273861623280226	23.66653605664428	23.771667926777447	26.287934393298052	0.0
33.0	26.22502083321836	23.804504390152374	23.738555526735503	26.231919249893764	0.0
34.0	26.275793179949336	23.76421763676801	23.83347774018907	26.12651144309358	0.0
35.0	26.331808323353624	23.838996473529395	23.701855950022352	26.12733925309463	0.0
36.0	26.222537403215213	23.771116053443414	23.626801176593947	26.379545366747426	0.0
37.0	26.08153376636994	23.752076423419297	23.810023123492698	26.356366686718065	0.0
38.0	26.234402679896913	23.692474103343798	23.77359948344656	26.29952373331273	0.0
39.0	26.23377841794908	23.69682370179055	23.797264371431805	26.27213350882857	0.0
40.0	26.249506764568725	23.782087896623374	23.814096461673884	26.15430887713402	0.0
41.0	26.33753031845763	23.807198064033685	23.68744188099988	26.167829736508804	0.0
42.0	26.282822485403027	23.758567786227523	23.684893102725134	26.27371662564431	0.0
43.0	26.297171112901623	23.70696791426143	23.706416043973025	26.28944492886392	0.0
44.0	26.342700411695237	23.733181752960782	23.67026854008234	26.253849295261645	0.0
45.0	26.27702784737475	23.72104060661582	23.64957340426706	26.352358141742364	0.0
46.0	26.176587454884604	23.740080131565875	23.640743479652542	26.442588933896978	0.0
47.0	26.34076886568581	23.715521903731744	23.760775267381153	26.18293396320129	0.0
48.0	26.291928345161754	23.72849085550932	23.774847959735542	26.20473283959338	0.0
49.0	26.09242723590247	23.837209302325583	23.796094965839227	26.274268495932716	0.0
50.0	26.31179567554442	23.792231873820377	23.794991225262415	26.100981225372788	0.0
51.0	26.278959393384177	23.676615048399025	23.86038785443869	26.184037703778102	0.0
52.0	26.234809770311585	23.730146466374542	23.66971666979393	26.36532709351994	0.0
53.0	26.16444630853964	23.751669407622433	23.651504950276486	26.43237933356144	0.0
54.0	26.1241597774859	23.87059745477423	23.774296089447137	26.23094667829273	0.0
55.0	26.265438571318196	23.814582620500875	23.699793600512137	26.220185207668788	0.0
56.0	26.24557124093553	23.658679264025785	23.826999701990044	26.26874979304864	0.0
57.0	26.28116687453781	23.667785123784505	23.756912175362302	26.294135826315383	0.0
58.0	26.22156488338981	23.804648955309542	23.73538923411441	26.238396927186237	0.0
59.0	26.2880652531429	23.76932925685147	23.81403075021247	26.12857473979316	0.0
60.0	26.331387070782885	23.840520524056025	23.694274897628063	26.13381750753303	0.0
61.0	26.220185207668788	23.77374421915873	23.627498592730763	26.378571980441716	0.0
62.0	26.08966788446044	23.745874769594156	23.814582620500875	26.349874725444533	0.0
63.0	26.234533835167383	23.68075407556208	23.791128133243564	26.29358395602698	0.0
64.0	26.234461445068362	23.704695023523406	23.8067907451608	26.254052786247428	0.0
65.0	26.247430361060143	23.783336322622482	23.818104054855755	26.151129261461627	0.0
66.0	26.332694085346503	23.80596294201239	23.695865123273684	26.16547784936742	0.0
67.0	26.278538434794125	23.760920073067222	23.6949719375507	26.265569554587948	0.0
68.0	26.296474120185646	23.704629614299986	23.712079822078	26.28681644343637	0.0
69.0	26.337312296154035	23.727808038498257	23.675932517673548	26.258947147674156	0.0
70.0	26.271364160637518	23.723117166934323	23.65634123055358	26.349177441874584	0.0
71.0	26.175891127630337	23.73332671092642	23.63950927964769	26.451272881795557	0.0
72.0	26.345314371174872	23.709872353106736	23.758988537717364	26.185824738001028	0.0
73.0	26.285712708950737	23.735258246276274	23.77692422310889	26.2021048216641	0.0
74.0	26.094766642936374	23.833490615497535	23.79761924471449	26.274123496851598	0.0
75.0	26.31303013747013	23.783270696401274	23.794308041257594	26.109391124871	0.0
76.0	26.268880758044844	23.67124164610961	23.865222981959462	26.19465461388608	0.0
77.0	26.221420175162663	23.729463640226708	23.677588119401996	26.371528065208633	0.0
78.0	26.17727079573738	23.753745798910614	23.649718823639784	26.41926458171222	0.0
79.0	26.12484340766985	23.856393106074403	23.784650364508312	26.23411312174743	0.0
80.0	26.26529362096654	23.805069452492507	23.709320485863923	26.22031644067703	0.0
81.0	26.257291545945705	23.649166956396968	23.823557005126847	26.26998449253048	0.0
82.0	26.29454258483579	23.65468562882513	23.763127542038486	26.28764424430059	0.0
83.0	26.23438905536884	23.79348024039337	23.735534179897684	26.236596524340104	0.0
84.0	26.283505239979473	23.765335011009753	23.816658664591646	26.13450108441913	0.0
85.0	26.324895283190674	23.84425202673245	23.693316335822253	26.13753635425462	0.0
86.0	26.21893677256999	23.77416488689481	23.62792006754855	26.378978272986654	0.0
87.0	26.087316435158357	23.749054927346677	23.818314266320094	26.345314371174872	0.0
88.0	26.218108971705767	23.68365865907297	23.794308041257594	26.303924327963664	0.0
89.0	26.2323851360487	23.698493682517167	23.817420745184283	26.251700436249852	0.0
90.0	26.25528756343007	23.78044574194207	23.822111603804565	26.142155090823298	0.0
91.0	26.333376562814735	23.796173914963013	23.703460473997467	26.166989048224785	0.0
92.0	26.27811748085031	23.753890642590672	23.698152358667578	26.269839517891434	0.0
93.0	26.29798459195161	23.706430321626453	23.71139709940178	26.284187987020154	0.0
94.0	26.33992627094325	23.726021500629123	23.68021677225668	26.253835456170943	0.0
95.0	26.287223240105074	23.71084523520452	23.66172932164853	26.340202203041873	0.0
96.0	26.18430056731639	23.73126421050308	23.64103441425134	26.443400807929184	0.0
97.0	26.342133727732282	23.71084523520452	23.76823911171939	26.178781925343813	0.0
98.0	26.288602900598217	23.733471667292115	23.779276395664557	26.19864903644511	0.0
99.0	26.10069314143176	23.83115163020684	23.799143506765855	26.269011721595547	0.0
100.0	26.31150526478444	23.788934019116574	23.796384185779562	26.103176530319416	0.0
101.0	26.273426635173617	23.672766605593694	23.865919074634114	26.187887684598575	0.0
102.0	26.22155140063133	23.735679124081148	23.679388975960798	26.363380499326727	0.0
103.0	26.174091079667118	23.745888611730425	23.657038475971834	26.422981832630626	0.0
104.0	26.128010419196045	23.86095229685879	23.788934019116574	26.22210326482859	0.0
105.0	26.265700536412	23.801902827752148	23.71691574137436	26.21548089446149	0.0
106.0	26.249420542592876	23.647380852519813	23.832255358601355	26.270943246285956	0.0
107.0	26.29384561047218	23.656762543873203	23.768515043818017	26.280876801836605	0.0
108.0	26.225690382110773	23.792521136398754	23.738162512968806	26.243625968521666	0.0
109.0	26.277841548751685	23.774585549987858	23.819286549965785	26.128286351294673	0.0
110.0	26.342133727732282	23.836118407982163	23.695668969779916	26.12607889450564	0.0
111.0	26.225690382110773	23.779552327763184	23.623374759939075	26.37138253018697	0.0
112.0	26.081377894527712	23.74368115494139	23.82287366724796	26.35206728328293	0.0
113.0	26.21575682656012	23.68076863645394	23.796660117878194	26.306814419107745	0.0
114.0	26.242449828784604	23.690912753270478	23.81728930572916	26.249348112215753	0.0
115.0	26.26811144314849	23.772036566420812	23.81618558038018	26.143666410050525	0.0
116.0	26.338749865483475	23.796042592761218	23.703053732109304	26.16215380964601	0.0
117.0	26.270943246285956	23.76023708085914	23.70753405002097	26.261285622833935	0.0
118.0	26.297432727754355	23.71084523520452	23.70146354385113	26.290258493189995	0.0
119.0	26.345444912915827	23.723262179642834	23.68021677225668	26.251076135184654	0.0
120.0	26.289706628992736	23.705878457429197	23.665592371029337	26.33882254254873	0.0
121.0	26.181541246330102	23.730712346305822	23.652347630295136	26.43539877706894	0.0
122.0	26.34765236970486	23.704774729034682	23.76768724752213	26.179885653738328	0.0
123.0	26.27866934504757	23.738438445067437	23.77541334628375	26.207478863601246	0.0
124.0	26.100969073530383	23.836394340080794	23.80107503145626	26.261561554932563	0.0
125.0	26.315920178362507	23.782587580848105	23.80411028454118	26.097381956248206	0.0
126.0	26.274806295666764	23.673870333988212	23.866470938831373	26.184852431513654	0.0
127.0	26.221827332729962	23.738990309264697	23.682976093242974	26.356206264762367	0.0
128.0	26.177402264850663	23.739266241363325	23.663384914240304	26.419946579545705	0.0
129.0	26.132425332774112	23.85708924747798	23.788106222820687	26.22237919692722	0.0
130.0	26.26652833270789	23.801902827752148	23.718847266064767	26.2127215734752	0.0
131.0	26.250044839089753	23.652136962034398	23.836736045385436	26.261082153490413	0.0
132.0	26.29750529101259	23.657655619234728	23.76140637460093	26.28343271515175	0.0
133.0	26.232661068908712	23.79396645208288	23.73795208149953	26.23542039750888	0.0
134.0	26.28012152083155	23.763061971761033	23.82155973808453	26.13525676932289	0.0
135.0	26.344137944355378	23.826526529564827	23.697941816797137	26.13139370928266	0.0
136.0	26.22631461312833	23.769684360401428	23.638064386173557	26.365936640296685	0.0
137.0	26.083381391639787	23.733537155739263	23.83038958960506	26.35269186301589	0.0
138.0	26.217760694467824	23.675039389415765	23.80169257216334	26.30550734395307	0.0
139.0	26.244322665739528	23.687521729772687	23.818590199941504	26.24956540454628	0.0
140.0	26.258119346809934	23.77830389121593	23.8219014033984	26.14167535857574	0.0
141.0	26.34007163236812	23.7978951783359	23.70104247722168	26.160990712074305	0.0
142.0	26.27612753687173	23.765400587740235	23.70662656420303	26.251845311185	0.0
143.0	26.308411859659774	23.705246892289015	23.702211614078173	26.28412963397304	0.0
144.0	26.341320735974215	23.717729384885377	23.681857816138894	26.25909206300151	0.0
145.0	26.28558183684507	23.71497003344334	23.660886745179415	26.338561384532177	0.0
146.0	26.187072990364346	23.72766305007671	23.659507069458392	26.425756890100548	0.0
147.0	26.352358141742364	23.708347589982452	23.764086489111598	26.175207779163586	0.0
148.0	26.27371662564431	23.73538923411441	23.77705544088917	26.213838699352106	0.0
149.0	26.101809030805402	23.82975905343208	23.80685643646317	26.261575479299342	0.0
150.0	26.323384951600975	23.78726504122471	23.796370900983433	26.09297910619088	0.0
151.0	26.27951126367259	23.669164799505523	23.867562168187987	26.1837617686339	0.0
152.0	26.217701791370956	23.734285493537598	23.68434123243673	26.363671482654716	0.0
153.0	26.18127835233607	23.740080131565875	23.665853577775078	26.412787938322978	0.0
154.0	26.133541572388825	23.858456308429265	23.78781691151312	26.220185207668788	0.0
155.0	26.272612885067492	23.801061798434898	23.715521903731744	26.210803412765866	0.0
156.0	26.24647146960704	23.64660336696992	23.83644727002812	26.270477893394922	0.0
157.0	26.29807148395571	23.65543331594937	23.770498588587845	26.27599661150708	0.0
158.0	26.23626184109955	23.789262230169175	23.74124938259341	26.23322654613786	0.0
159.0	26.27075382930053	23.76470393457008	23.82982480829353	26.134717427835863	0.0
160.0	26.34498058790904	23.83203229553839	23.703446163525136	26.119540953027432	0.0
161.0	26.21225541731167	23.77160233221027	23.64384400791384	26.37229824256422	0.0
162.0	26.08366928529841	23.736282536292467	23.82844512876549	26.35160304964363	0.0
163.0	26.213359160934097	23.67999161154847	23.803334961355176	26.303314266162253	0.0
164.0	26.242128906573363	23.683920066666296	23.821612463507375	26.252338563252962	0.0
165.0	26.269722573274983	23.776910723450754	23.811126870160763	26.142239833113507	0.0
166.0	26.347812650040563	23.79401879680576	23.689162863339604	26.169005689814075	0.0
167.0	26.284971619835485	23.754349463715606	23.703576976884722	26.257101939564187	0.0
168.0	26.307322551538213	23.692539479747573	23.713510724308158	26.28662724440606	0.0
169.0	26.356236203090504	23.71412803532009	23.677704194260485	26.251931567328917	0.0
170.0	26.291666666666668	23.701434878587197	23.66335540838852	26.343543046357613	0.0
171.0	26.18156732891832	23.72599337748344	23.661975717439294	26.430463576158942	0.0
172.0	26.34933774834437	23.70860927152318	23.761313465783665	26.180739514348783	0.0
173.0	26.285320088300217	23.732064017660043	23.780077262693155	26.202538631346577	0.0
174.0	26.10651214128035	23.819812362030905	23.809050772626932	26.264624724061807	0.0
175.0	26.317328918322296	23.783664459161148	23.80353200883002	26.095474613686537	0.0
176.0	26.285871964679913	23.66390728476821	23.870860927152318	26.179359823399555	0.0
177.0	26.219922737306845	23.728752759381898	23.683774834437084	26.367549668874172	0.0
178.0	26.183222958057396	23.734547461368656	23.668322295805737	26.41390728476821	0.0
179.0	26.138796909492275	23.84409492273731	23.80656732891832	26.210540838852097	0.0
180.0	26.260209713024285	23.801324503311257	23.723233995584987	26.215231788079468	0.0
181.0	26.25393557929244	23.640517771848156	23.833123159832116	26.272423489027286	0.0
182.0	26.294498605128602	23.663144765852003	23.766345933625644	26.276010695393754	0.0
183.0	26.241794265436713	23.7815225759453	23.743718939621797	26.23296421899619	0.0
184.0	26.283185108126677	23.762758727259182	23.82318935758653	26.130866807027616	0.0
185.0	26.346375127966688	23.815463066951068	23.702328096931836	26.135833708150408	0.0
186.0	26.220271027237935	23.76524217782058	23.64106964975069	26.373417145190796	0.0
187.0	26.096650377070578	23.725506968838214	23.82981189241692	26.348030761674284	0.0
188.0	26.218063515627804	23.673906384951394	23.808564593169407	26.299465506251394	0.0
189.0	26.249041109498393	23.68942433457138	23.816356602409506	26.245177953520717	0.0
190.0	26.272220045364485	23.772482188091544	23.822979155514105	26.132318611029863	0.0
191.0	26.35169068261966	23.79814458137186	23.695219068537906	26.15494566747057	0.0
192.0	26.290097821437936	23.750327681121426	23.708108555581617	26.25146594185902	0.0
193.0	26.298652023344694	23.695967107713958	23.720250003449276	26.285130865492075	0.0
194.0	26.351981544948316	23.71176123224998	23.68195941433909	26.254297808462614	0.0
195.0	26.287134996716283	23.704586720530692	23.668438219175812	26.339840063577213	0.0
196.0	26.20269651263542	23.727765912239164	23.648570340568554	26.420967234556862	0.0
197.0	26.348394289088674	23.70651831983973	23.766121955661518	26.178965435410078	0.0
198.0	26.27416568706987	23.732456939132547	23.788473319094685	26.204904054702894	0.0
199.0	26.098942035464162	23.82738124803391	23.815239766662806	26.258436949839126	0.0
200.0	26.318040585660913	23.778539379791056	23.806685541151342	26.09673449339669	0.0
201.0	26.2824439698229	23.65712456608001	23.874015574209288	26.186415889887805	0.0
202.0	26.22228844848425	23.73135316809881	23.68002781503005	26.366330568386893	0.0
203.0	26.186691832646236	23.733836652924715	23.6642990777993	26.415172436629746	0.0
204.0	26.13095139544253	23.84145432871405	23.800890743224226	26.226703532619194	0.0
205.0	26.25968564427471	23.79053621492748	23.72430958740811	26.225468553389696	0.0
206.0	26.25948216153271	23.6316575190885	23.836960630920746	26.271899688458046	0.0
207.0	26.2914917864958	23.657872298153098	23.763007359454292	26.28762855589681	0.0
208.0	26.244857074265088	23.767974370224426	23.748934162272242	26.23823439323824	0.0
209.0	26.285217583266647	23.7589337454124	23.819089930737604	26.13675874058335	0.0
210.0	26.351168630480977	23.814122906261208	23.710091338061204	26.124617125196608	0.0
211.0	26.222853831507493	23.753138883523274	23.65186677336571	26.37214051160352	0.0
212.0	26.101581730079364	23.72401955914655	23.832466858726008	26.341931852048077	0.0
213.0	26.21527202887513	23.670485777674756	23.815358124441207	26.29888406900891	0.0
214.0	26.251493569029794	23.687935825512504	23.812388413491654	26.248182191966045	0.0
215.0	26.26280744066426	23.792520151109173	23.817631427175918	26.12704098105064	0.0
216.0	26.34752350387845	23.807973244073324	23.69014341022167	26.154359841826558	0.0
217.0	26.28786039118725	23.75491191664091	23.70524084948563	26.251986842686208	0.0
218.0	26.309660470660955	23.696686387919996	23.713519360678177	26.280133780740872	0.0
219.0	26.354989058537516	23.713308847269328	23.677435199774823	26.254266894418336	0.0
220.0	26.289036737374545	23.707789824577862	23.66529334985361	26.337880088193984	0.0
221.0	26.20612007803941	23.721442349350546	23.644727510548293	26.427710062061756	0.0
222.0	26.357618087040986	23.702401615978765	23.756212384203366	26.183767912776883	0.0
223.0	26.28614634873241	23.73523998222865	23.789326703110813	26.189286965928126	0.0
224.0	26.10705307397463	23.83154745971781	23.80340028864648	26.25799917766108	0.0
225.0	26.32091638358523	23.78353169730201	23.800364809413296	26.09518710969946	0.0
226.0	26.278971579635797	23.661284670002015	23.88232274870923	26.177421001652956	0.0
227.0	26.23399129645318	23.72751330781691	23.688052077785535	26.35044331794437	0.0
228.0	26.185423628722255	23.745450230558447	23.66569991252301	26.40342622819629	0.0
229.0	26.133688762317902	23.8482362388549	23.805739295047452	26.212335703779743	0.0
230.0	26.262907792415653	23.798630159667532	23.722742550596337	26.215719497320478	0.0
231.0	26.26132453218609	23.639193436669544	23.839537277476218	26.25994475366814	0.0
232.0	26.28284907706615	23.662649671474732	23.78655378238685	26.26794746907227	0.0
233.0	26.231521316198325	23.777999155575547	23.751507408030864	26.238972120195264	0.0
234.0	26.26912378303199	23.773373512594652	23.823321632779212	26.13418107159415	0.0
235.0	26.348047332052893	23.816698677616618	23.710731395015124	26.124522595315362	0.0
236.0	26.214208446475485	23.756816124688168	23.654988189063296	26.373987239773054	0.0
237.0	26.084232951409586	23.72094178422412	23.843466454732102	26.35135880963419	0.0
238.0	26.20565379605713	23.672097489899993	23.822769719848996	26.299478994193876	0.0
239.0	26.257882028285618	23.680717488789238	23.80765781303898	26.253742669886165	0.0
240.0	26.267276018898748	23.774672142005564	23.825175519936415	26.13287631915927	0.0
241.0	26.345014875613376	23.799601477073892	23.691691183370224	26.163692463942507	0.0
242.0	26.285807336588274	23.755178419136623	23.710466685618552	26.248547558656547	0.0
243.0	26.306158105232363	23.695359961137502	23.722409143727763	26.276072789902376	0.0
244.0	26.343827804552205	23.713861424399507	23.685154822433105	26.257155948615186	0.0
245.0	26.288563036901262	23.70508800212	23.667546319810967	26.338802641167767	0.0
246.0	26.20054547662953	23.715258990978654	23.657288296544944	26.42690723584687	0.0
247.0	26.353276353276357	23.69696768921575	23.769297025110976	26.180458932396917	0.0
248.0	26.2886028701265	23.73044664204034	23.787319098654386	26.193631389178773	0.0
249.0	26.104181505960568	23.82238124423683	23.80692077059418	26.266516479208423	0.0
