# Position (bp)	A	C	G	T	N
0.0	26.14327388394186	23.837023051168433	23.749422374176795	26.27028069071291	0.0
1.0	26.3882155827146	23.654167269098505	23.776354621148336	26.181262527038555	0.0
2.0	26.268286944517673	23.66694162634397	23.76955544405988	26.295215985078478	0.0
3.0	26.194909993792674	23.703476952118567	23.746843192775692	26.35476986131306	0.0
4.0	26.236431142476548	23.63801264064847	23.76243516707763	26.363121049797357	0.0
5.0	26.281945916533942	23.759996825954623	23.657123748094154	26.30093350941728	0.0
6.0	26.249181758673355	23.80168380604776	23.860058771688706	26.089075663590172	0.0
7.0	26.241729594944957	23.82301687375147	23.65980476885369	26.275448762449884	0.0
8.0	26.178400616542376	23.612496316612646	23.804032459142736	26.405070607702246	0.0
9.0	26.23324229683941	23.808970683227	23.828802284600478	26.128984735333116	0.0
10.0	26.29685446222182	23.771132665548656	23.702012418982005	26.23000045324752	0.0
11.0	26.16512940216652	23.886994062457507	23.642240402483797	26.305636132892175	0.0
12.0	26.209530068638475	23.842734887779066	23.665685577421538	26.282049466160917	0.0
13.0	26.155990357186358	23.721774798942803	23.97530941137478	26.146925432496054	0.0
14.0	26.123413284080577	23.82233880722588	23.805342073431557	26.248905835261994	0.0
15.0	26.30272882561068	23.782963040602365	23.749819409703434	26.164488724083522	0.0
16.0	26.257970759952297	23.78777878184409	23.7603007288766	26.193949729327016	0.0
17.0	26.28686520740264	23.776164347084634	23.66426918293868	26.272701262574046	0.0
18.0	26.133328045460598	23.924885767784957	23.760584007773172	26.181202178981273	0.0
19.0	26.20584744298304	23.905339523921487	23.66285278845582	26.22596024463966	0.0
20.0	26.321350669952693	23.777796662984052	23.76646553921985	26.134387127843407	0.0
21.0	26.114274383161952	23.789411064842355	23.781762556301523	26.314551995694174	0.0
22.0	26.286507464377777	23.804141525735815	23.767881929690375	26.14146908019603	0.0
23.0	26.347695532704456	23.72482365938642	23.59196623325118	26.335514574657942	0.0
24.0	26.235517407438884	23.610945865556214	23.852015523639558	26.30152120336534	0.0
25.0	26.150817257301494	23.82312115804085	23.76079997733775	26.265261607319907	0.0
26.0	26.379705957338317	23.642956290190078	23.788277952465936	26.189059800005666	0.0
27.0	26.267527832072744	23.66901787484774	23.780346165830995	26.28310812724852	0.0
28.0	26.188493243817458	23.7066938613637	23.743236735503242	26.361576159315604	0.0
29.0	26.2080394323107	23.648905130166284	23.77553043823121	26.367524999291803	0.0
30.0	26.283391405342627	23.770431432537322	23.657403472989433	26.28877368913062	0.0
31.0	26.234384295062462	23.810090365712018	23.85966403218039	26.095861307045126	0.0
32.0	26.218237443698477	23.827936885640632	23.673550324353418	26.28027534630747	0.0
33.0	26.185660462876402	23.611512421744425	23.80782414095918	26.395002974419988	0.0
34.0	26.223619727486476	23.81122347808844	23.834169003710944	26.130987790714144	0.0
35.0	26.285657630095464	23.77213110110195	23.710943032775276	26.231268236027304	0.0
36.0	26.16356477153622	23.888275119684995	23.656270360613014	26.291889748165776	0.0
37.0	26.209381577344615	23.838633923588784	23.674616371727794	26.277368127338807	0.0
38.0	26.15102645526627	23.719940738390587	23.977439796493595	26.15159300984955	0.0
39.0	26.131480322142934	23.800958043800335	23.811439303591104	26.256122330465626	0.0
40.0	26.29351493296243	23.78112863338536	23.75563367713754	26.16972275651467	0.0
41.0	26.260088212548617	23.781978465260288	23.760449391095463	26.197483931095633	0.0
42.0	26.30003031067021	23.761865777553673	23.6686675486033	26.269436363172822	0.0
43.0	26.13884553172564	23.92305055649824	23.755067122554255	26.183036789221863	0.0
44.0	26.205982249844904	23.912569296707467	23.658469566104174	26.222978887343455	0.0
45.0	26.316385845240386	23.77539573725539	23.77199641938518	26.13622199811904	0.0
46.0	26.12262472663819	23.79040939118217	23.773696078320285	26.313269803859356	0.0
47.0	26.291457514192153	23.790692667671355	23.77029676045007	26.147553057686423	0.0
48.0	26.34924591798579	23.730638051964238	23.588999807371987	26.33111622267798	0.0
49.0	26.22743702763645	23.61732745629044	23.857829195608083	26.29740632046503	0.0
50.0	26.1571844583187	23.804006662663028	23.763498124709642	26.275310754308634	0.0
51.0	26.38238926722038	23.648771146589915	23.78474386139848	26.184095724791224	0.0
52.0	26.269078671546573	23.66718411838691	23.77964488459316	26.284092325473356	0.0
53.0	26.201658867120663	23.697211426240468	23.745085152912647	26.35604455372622	0.0
54.0	26.216105968069076	23.646221658187258	23.780777990549893	26.356894383193776	0.0
55.0	26.287491643343568	23.778795055125602	23.648771146589915	26.28494215494091	0.0
56.0	26.230553069017482	23.80740598053324	23.869160255175462	26.092880695273813	0.0
57.0	26.222054774341945	23.830917929135552	23.667467394876095	26.279559901646405	0.0
58.0	26.188061595639805	23.623276262563312	23.810522021914267	26.37814011988261	0.0
59.0	26.222904603809503	23.807689257022425	23.840832606257013	26.128573532911066	0.0
60.0	26.2906076847246	23.76831382502578	23.720156821864414	26.22092166838521	0.0
61.0	26.169931900332	23.89465513920207	23.64962097605747	26.285791984408462	0.0
62.0	26.21574842852813	23.83934869254107	23.679581205224736	26.265321673706065	0.0
63.0	26.15371105313402	23.71159135782535	23.980419984533146	26.15427760450748	0.0
64.0	26.134731582123038	23.80280612895276	23.814420432108733	26.248041856815473	0.0
65.0	26.303563891414765	23.77249563047253	23.763147532810404	26.160792945302298	0.0
66.0	26.262205641152025	23.786092863435623	23.767679943798104	26.184021551614244	0.0
67.0	26.287700452957825	23.770229424978684	23.662584664020873	26.279485458042622	0.0
68.0	26.147195712339204	23.914700025211534	23.75379943514828	26.184304827300974	0.0
69.0	26.204700676745617	23.9107341655973	23.657768977346443	26.22679618031064	0.0
70.0	26.31255417632162	23.770445364773067	23.77809378664869	26.138906672256624	0.0
71.0	26.127009127116775	23.794240455052773	23.776677412227276	26.302073005603177	0.0
72.0	26.279127739976317	23.790557881557106	23.784892383871462	26.145421994595115	0.0
73.0	26.34598061266692	23.74268442611341	23.58008464253542	26.331250318684248	0.0
74.0	26.22700516126839	23.621159500756345	23.869874849156126	26.281960488819138	0.0
75.0	26.16241848765205	23.805854725308347	23.759680919170346	26.272045867869267	0.0
76.0	26.370058977830908	23.660251434787288	23.784892383871462	26.18479720351034	0.0
77.0	26.265813820415058	23.667333306894346	23.77837706153297	26.28847581115763	0.0
78.0	26.208025744021484	23.695094245554003	23.752032497294724	26.344847513129793	0.0
79.0	26.220773113814182	23.649486989184567	23.772711563847327	26.357028333153927	0.0
80.0	26.290458735347606	23.76647951639312	23.65940161013444	26.28366013812483	0.0
81.0	26.218790189624208	23.822567943480998	23.869874849156126	26.08876701773867	0.0
82.0	26.22388913754129	23.838148062116517	23.67583155342281	26.262131246919385	0.0
83.0	26.189046326774573	23.618610026797803	23.810103848572577	26.382239797855046	0.0
84.0	26.226438611499823	23.803305251349805	23.849479057487805	26.12077707966256	0.0
85.0	26.289042360926196	23.765063141971705	23.714356937685192	26.231537559416907	0.0
86.0	26.16921708487482	23.890270640824443	23.654585937101643	26.28592633719909	0.0
87.0	26.22013228899622	23.838080534821465	23.673781567355494	26.268005608826822	0.0
88.0	26.155545798337183	23.723637805758962	23.97915102757673	26.14166536832713	0.0
89.0	26.149030494454912	23.796722518873135	23.815135334192597	26.23911165247936	0.0
90.0	26.297466113337958	23.776893333144482	23.768395110689347	26.15724544282821	0.0
91.0	26.261773579026386	23.785958103763296	23.760746710479726	26.191521606730596	0.0
92.0	26.29519992068326	23.766128918034646	23.66245060408198	26.27622055720012	0.0
93.0	26.16064473181026	23.910032151608288	23.74941574720621	26.17990736937524	0.0
94.0	26.194071073467136	23.90804923303542	23.670948826537117	26.22693086696033	0.0
95.0	26.318070569039364	23.762379042309696	23.785040904661546	26.134509483989394	0.0
96.0	26.118362907063702	23.78759036417613	23.78390781154395	26.310138917216218	0.0
97.0	26.298241439481494	23.77824234595599	23.785607451220343	26.13790876334217	0.0
98.0	26.335916785641444	23.732635347972895	23.60204636617037	26.329401500215287	0.0
99.0	26.232522038661138	23.614510390463888	23.864074149613614	26.28889342126136	0.0
100.0	26.165669544723187	23.806003127337007	23.75756339655993	26.270763931379882	0.0
101.0	26.37444195163959	23.65133591678564	23.78985655041131	26.184365581163462	0.0
102.0	26.277845763364834	23.65586828925601	23.786457271058538	26.279828676320623	0.0
103.0	26.223174020440997	23.681362884401842	23.758413216398125	26.33704987875904	0.0
104.0	26.21722528157364	23.65331882974143	23.774559793323817	26.35489609536112	0.0
105.0	26.292859247172935	23.770027420853445	23.652469009903236	26.28464432207039	0.0
106.0	26.232522038661138	23.807986040292793	23.870589435039772	26.088902486006297	0.0
107.0	26.22883948602896	23.842828653658756	23.665499580755547	26.262832279556736	0.0
108.0	26.180399755251887	23.617343123257868	23.81591769211594	26.386339429374306	0.0
109.0	26.22912275930836	23.80203730142543	23.849627212364314	26.119212726901896	0.0
110.0	26.29200942733474	23.759263036236316	23.725553515987944	26.223174020440997	0.0
111.0	26.168502277517163	23.899766582817776	23.660117388446984	26.271613751218077	0.0
112.0	26.223099737406415	23.822082222669163	23.68412852638825	26.270689513536176	0.0
113.0	26.15313143559659	23.721237220870385	23.98751334921548	26.138117994317554	0.0
114.0	26.148032531011257	23.79800406212732	23.81301750340635	26.240945903455078	0.0
115.0	26.294201129124094	23.782707348371325	23.769110269477107	26.153981253027474	0.0
116.0	26.26530733647388	23.777041898832067	23.777608443785994	26.180042320908058	0.0
117.0	26.29561749150891	23.767977179569254	23.66175000070818	26.274655328213655	0.0
118.0	26.14973216587303	23.916978502451723	23.752113920859337	26.18117541081591	0.0
119.0	26.195622307141015	23.893466886863806	23.68044598418773	26.23046482180745	0.0
120.0	26.316654202642376	23.766061594941874	23.79042309697011	26.12686110544565	0.0
121.0	26.119496000181297	23.76804450789766	23.792406009925894	26.32005348199515	0.0
122.0	26.292292700614134	23.77569288644141	23.790706370249506	26.14130804269495	0.0
123.0	26.34413171074399	23.728386248781923	23.59326489450903	26.334217145965056	0.0
124.0	26.241303510322478	23.606578738640742	23.865490516010606	26.286627235026174	0.0
125.0	26.17246810342874	23.794105649602283	23.768611054456457	26.26481519251252	0.0
126.0	26.37982414394815	23.640854805447912	23.795805289278675	26.183515761325264	0.0
127.0	26.273313390894465	23.657567928932398	23.77994198563238	26.289176694540757	0.0
128.0	26.223740566999798	23.67683051193147	23.759546309515716	26.339882611553016	0.0
129.0	26.208234777559024	23.653385833463165	23.78652465192697	26.351854737050832	0.0
130.0	26.286135150064442	23.77632678498081	23.652252737135814	26.28528532781893	0.0
131.0	26.236278911660975	23.798705437446003	23.885104032406552	26.079911618486467	0.0
132.0	26.240244748806706	23.829865586448168	23.66471679673668	26.26517286800844	0.0
133.0	26.183306658357292	23.61429401016954	23.81060294888319	26.391796382589977	0.0
134.0	26.22919705961503	23.803237822755406	23.849978046258656	26.117587071370906	0.0
135.0	26.293783550274068	23.758197243743183	23.725337450249988	26.222681755732758	0.0
136.0	26.159585738809227	23.899901986890036	23.667616581778628	26.27289569252211	0.0
137.0	26.225946353250446	23.838498865480876	23.67278258874319	26.262772192525485	0.0
138.0	26.149461917833055	23.712724460572275	23.990051357882006	26.14776226371267	0.0
139.0	26.155127431567678	23.788642344616203	23.814986983482196	26.24124324033393	0.0
140.0	26.29534889649956	23.781843728134657	23.771079252038877	26.1517281233269	0.0
141.0	26.255764676554904	23.783610755441742	23.778228502147236	26.182396065856118	0.0
142.0	26.29882270291095	23.765197783644748	23.670583436257125	26.265396077187177	0.0
143.0	26.155484799383586	23.90881896366129	23.74905102376123	26.186645213193888	0.0
144.0	26.203641802544958	23.897204627604726	23.67851517795429	26.220638391896028	0.0
145.0	26.31277778879412	23.76243233213696	23.793876111509274	26.130913767559647	0.0
146.0	26.113067298186177	23.770080819011305	23.800674766508692	26.316177116293826	0.0
147.0	26.288699219004506	23.77489653296923	23.791893170467777	26.14451107755849	0.0
148.0	26.348187450249426	23.72673939339001	23.59274923444312	26.33232392191745	0.0
149.0	26.239200022662246	23.599614741792017	23.86702926262712	26.294155972918613	0.0
150.0	26.174046061018103	23.787711396277725	23.769015042066798	26.269227500637378	0.0
151.0	26.383955128749893	23.644089402566497	23.792810401971614	26.17914506671199	0.0
152.0	26.279425512025156	23.650604798730914	23.77439732585479	26.29557236338914	0.0
153.0	26.234667573156567	23.668734596753634	23.76051669924365	26.33608113084615	0.0
154.0	26.211513020914477	23.646139333558068	23.794294196465245	26.348053449062203	0.0
155.0	26.29054783305808	23.773898115912058	23.660586557283242	26.27496749374662	0.0
156.0	26.235025169329962	23.80732502570756	23.884660164471725	26.07298964049075	0.0
157.0	26.241540583951117	23.830270616329898	23.67276754983584	26.25542124988315	0.0
158.0	26.188284151395575	23.619511117280297	23.816106671501295	26.376098059822837	0.0
159.0	26.227093360225943	23.807041746810988	23.845850955641357	26.120013937321712	0.0
160.0	26.295363574299806	23.75888433439374	23.722341356735946	26.223410734570507	0.0
161.0	26.171361555545484	23.89492589403073	23.662069981416852	26.271642569006936	0.0
162.0	26.219310098666597	23.828705946341007	23.690465061599344	26.26151889339305	0.0
163.0	26.153872302815522	23.71029469670573	23.992158795717934	26.143674204760813	0.0
164.0	26.15698838833224	23.793579164152554	23.81312551875742	26.236306928757784	0.0
165.0	26.300894883104302	23.76751735801273	23.786497151614558	26.14509060726841	0.0
166.0	26.248279066078194	23.77325031302584	23.78373172127386	26.194738899622106	0.0
167.0	26.296720169062283	23.764468592601826	23.672685450105664	26.266125788230227	0.0
168.0	26.15366311054203	23.912907995898085	23.753420621745803	26.180008271814074	0.0
169.0	26.21541843481414	23.897044242874056	23.67155232488966	26.215984997422144	0.0
170.0	26.306709536692114	23.759436835172306	23.80249571535814	26.131357912777442	0.0
171.0	26.11492755060127	23.767652016260392	23.798529765867336	26.318890667271	0.0
172.0	26.29651138085863	23.777000325774424	23.782949250010624	26.143539043356327	0.0
173.0	26.357417033753062	23.720910468690246	23.59428336709112	26.327389130465573	0.0
174.0	26.251543891853917	23.59378363984544	23.863752252099125	26.29092021620152	0.0
175.0	26.17562407224847	23.783299905950077	23.779900511042367	26.26117551075908	0.0
176.0	26.395168326704514	23.637975773645625	23.790098695765487	26.176757203884378	0.0
177.0	26.28242172893225	23.648457241277722	23.78103364267827	26.28808738711176	0.0
178.0	26.233980351497433	23.671403156904738	23.749872522690964	26.34474396890687	0.0
179.0	26.21705764540245	23.636343033911896	23.79639833089237	26.350200989793287	0.0
180.0	26.293544247499312	23.765803690053623	23.666937674750642	26.273714387696423	0.0
181.0	26.220173766228616	23.812545502446156	23.895547629906826	26.071733101418403	0.0
182.0	26.23660422149387	23.834358348229333	23.676852604652083	26.252184825624713	0.0
183.0	26.18731285569811	23.61792959266635	23.81424520471497	26.380512346920565	0.0
184.0	26.22923884499565	23.7961150471809	23.851355370917528	26.12329073690592	0.0
185.0	26.30175947513194	23.746823681385145	23.73860845375252	26.212808389730398	0.0
186.0	26.170389969461926	23.896748460348665	23.662188882782534	26.270672687406872	0.0
187.0	26.220605607349555	23.829394251007788	23.685202024923445	26.264798116719216	0.0
188.0	26.16961425038456	23.69879972011411	23.996815873042856	26.13477015645848	0.0
189.0	26.154883413928005	23.800499148727624	23.818912694298316	26.22570474304605	0.0
190.0	26.303041634442963	23.759706063155626	23.774436899612184	26.162815402789224	0.0
191.0	26.243059490084985	23.78101983002833	23.788101983002832	26.187818696883852	0.0
192.0	26.294617563739376	23.761473087818697	23.678753541076485	26.26515580736544	0.0
193.0	26.151558073654392	23.911048158640227	23.746742209631726	26.190651558073654	0.0
194.0	26.21784702549575	23.898016997167137	23.66657223796034	26.21756373937677	0.0
195.0	26.309989546712597	23.765223130943713	23.805449873795677	26.119337448548013	0.0
196.0	26.119337448548013	23.7618236878858	23.798084413836868	26.320754449729318	0.0
197.0	26.295825200637964	23.78646965005567	23.78080391162581	26.13690123768056	0.0
198.0	26.367496791775615	23.711965189703086	23.590151813461226	26.33038620506007	0.0
199.0	26.23924214868073	23.596734259117618	23.871523351407088	26.292500240794563	0.0
200.0	26.17861857574264	23.766423605799467	23.780021416551936	26.274936401905958	0.0
201.0	26.391934231921994	23.640643856339132	23.78568717103213	26.181734740706748	0.0
202.0	26.2876843494864	23.641493719511157	23.77747182703585	26.293350103966596	0.0
203.0	26.243208176816868	23.669822491912136	23.755375384563084	26.331593946707915	0.0
204.0	26.219769573112515	23.63816123083199	23.79680280568957	26.345266390365925	0.0
205.0	26.299090360541307	23.759125431660895	23.661674178534096	26.280110029263703	0.0
206.0	26.226001920696213	23.80955078938348	23.89142117355105	26.073026116369263	0.0
207.0	26.234783865018684	23.833347025612113	23.673855585174945	26.258013524194258	0.0
208.0	26.197956356569602	23.608415935546194	23.8115338090692	26.382093898815008	0.0
209.0	26.23988305849625	23.795103074530378	23.858559704473407	26.106454162499965	0.0
210.0	26.307872304863782	23.745527582387385	23.7483604676527	26.198239645096134	0.0
211.0	26.163752563768426	23.897154641978947	23.659758184228714	26.27933461002391	0.0
212.0	26.235499086389325	23.82356690604683	23.680222099463165	26.26071190810068	0.0
213.0	26.17685802915056	23.694669896174165	23.99467414552614	26.13379792914914	0.0
214.0	26.163826683097497	23.787872349466706	23.80543633762518	26.24286462981062	0.0
215.0	26.295839884417628	23.76747545999235	23.77710732446635	26.159577331123668	0.0
216.0	26.255970356436652	23.77745797378992	23.787373156484247	26.179198513289176	0.0
217.0	26.312061961393113	23.75706102653303	23.679439310583184	26.251437701490676	0.0
218.0	26.145486892128478	23.917120404312822	23.765276463622612	26.172116239936088	0.0
219.0	26.221975444341833	23.89785662079242	23.669240836954735	26.210927097911014	0.0
220.0	26.30675395829379	23.759961245690427	23.80443804834657	26.128846747669215	0.0
221.0	26.12573053856592	23.760244537427088	23.795656004510004	26.318368919496987	0.0
222.0	26.294855705353932	23.776108874680236	23.786307377200114	26.14272804276572	0.0
223.0	26.359162929576506	23.713218109140975	23.59565203842569	26.331966922856825	0.0
224.0	26.242237784425708	23.59203608013779	23.88014459251201	26.285581542924486	0.0
225.0	26.182746351192094	23.774476475387544	23.777592693318827	26.26518448010153	0.0
226.0	26.410796845254282	23.639345934185478	23.783258544102985	26.16659867645726	0.0
227.0	26.29238056386547	23.64274544465597	23.77985903363249	26.28501495784607	0.0
228.0	26.24592058743541	23.66484226271417	23.74784697670202	26.341390173148397	0.0
229.0	26.23013051324255	23.640829369587326	23.791258134060076	26.337781983110055	0.0
230.0	26.30322019541575	23.76094574649212	23.664909303636637	26.270924754455493	0.0
231.0	26.224464646407412	23.810522081299524	23.89041080367488	26.07460246861818	0.0
232.0	26.238346020153486	23.825253335070865	23.68445654421784	26.251944100557807	0.0
233.0	26.201517885725135	23.610516982019373	23.81335501471709	26.374610117538406	0.0
234.0	26.234379913368894	23.79324118745237	23.85669889600585	26.115680003172887	0.0
235.0	26.3120022890102	23.742531679277942	23.752446946239424	26.193019085472436	0.0
236.0	26.158531403155898	23.89331142525284	23.670925521969462	26.2772316496218	0.0
237.0	26.24161092838587	23.823121966973478	23.680624608698857	26.2546424959418	0.0
238.0	26.18665170869347	23.677791659230174	24.006130502650226	26.129426129426133	0.0
239.0	26.163704817997164	23.790543048083652	23.80527438532079	26.2404777485984	0.0
240.0	26.29559955122902	23.754263890935054	23.775229201844947	26.174907355990978	0.0
241.0	26.252589047655476	23.780137081395974	23.789487403982104	26.177786466966445	0.0
242.0	26.302605068449285	23.74372678094245	23.674299850661257	26.27936829994701	0.0
243.0	26.13613176747982	23.916579758773917	23.758728575315136	26.188559898431123	0.0
244.0	26.219296182197947	23.894492513752418	23.662947396463625	26.22326390758601	0.0
245.0	26.306630084803412	23.755725363929074	23.788036823726816	26.1496077275407	0.0
246.0	26.107748784601647	23.77021529913682	23.788924638215242	26.33311127804629	0.0
247.0	26.298033034139813	23.77114247319449	23.78701881914007	26.143805673525627	0.0
248.0	26.355022002449758	23.7045207095223	23.61237127432745	26.328086013700496	0.0
249.0	26.249053693501605	23.57642895825477	23.893707451649764	26.280809896593865	0.0
