# Position (bp)	A	C	G	T	N
0.0	26.24110323990636	23.835958045337026	23.647123184200076	26.275815530556535	0.0
1.0	26.17945421171165	23.648233977500883	23.845399788393877	26.326912022393596	0.0
2.0	26.251936843625217	23.64143262561021	23.758337452307828	26.34829307845675	0.0
3.0	26.276593972310614	23.690918481248854	23.841138674619174	26.191348871821358	0.0
4.0	26.2280789435689	23.762203045347015	23.698341829651596	26.31137618143249	0.0
5.0	26.24683138380723	23.70805140862863	23.80578222132142	26.239334986242724	0.0
6.0	26.289750295680562	23.747730339324683	23.75744754099271	26.20507182400204	0.0
7.0	26.21905851258759	23.874779286832727	23.804262123954736	26.10190007662495	0.0
8.0	26.37663134458051	23.904177852302414	23.60268621827883	26.116504584838246	0.0
9.0	26.20891064096763	23.83564533994409	23.722659145357987	26.232784873730292	0.0
10.0	26.265719123893067	23.667379174416343	23.85281625628071	26.21408544540988	0.0
11.0	26.29597756988591	23.69736001998723	23.676539988340785	26.33012242178608	0.0
12.0	26.237959081697802	23.731227271465453	23.729561668933737	26.301251977903007	0.0
13.0	26.183826999417036	23.71929045332149	23.90750353940538	26.18937900785609	0.0
14.0	26.241567887183187	23.832551425478165	23.691530411126223	26.23435027621242	0.0
15.0	26.175221386336506	23.721788857119066	23.768148127585153	26.33484162895928	0.0
16.0	26.19846709472533	23.733382190871968	23.78557092532292	26.282579789079787	0.0
17.0	26.20873828182472	23.829986869536494	23.714227814929863	26.247047033708924	0.0
18.0	26.189583905882614	23.822214079299115	23.60485355230394	26.383348462514334	0.0
19.0	26.205129486357364	23.670367070018962	23.692852641777083	26.431650801846594	0.0
20.0	26.21532789979791	23.76773856847809	23.79633125319239	26.22060227853161	0.0
21.0	26.23503742032912	23.81187679051278	23.75691221212996	26.196173577028137	0.0
22.0	26.20505674121122	23.922638743920587	23.736925092718025	26.13537942215017	0.0
23.0	26.3494081591863	23.78883608341291	23.712218792333832	26.149536965066954	0.0
24.0	26.267794088254238	23.699171644939927	23.745530658020385	26.28750360878545	0.0
25.0	26.242254991227874	23.834362299851207	23.646150258722155	26.277232450198763	0.0
26.0	26.18895600612938	23.645317462079994	23.842967865153568	26.322758666637057	0.0
27.0	26.26029891847476	23.637822292300516	23.76107619534078	26.340802593883943	0.0
28.0	26.282229230051747	23.676408536720782	23.849075040529435	26.19228719269804	0.0
29.0	26.214772702036466	23.772457749450354	23.70833240800373	26.30443714050945	0.0
30.0	26.237258211374893	23.71194119345311	23.810211197228455	26.24058939794355	0.0
31.0	26.283894823336073	23.749139443469762	23.757467409891404	26.20949832330276	0.0
32.0	26.216438295320792	23.876557329720846	23.812431988274223	26.09457238668414	0.0
33.0	26.379944036065645	23.888494081591862	23.60728641542117	26.124275466921315	0.0
34.0	26.208110328899153	23.833807102089764	23.722489950920515	26.235592618090564	0.0
35.0	26.248917364365187	23.677241333362943	23.86045659463901	26.21338470763286	0.0
36.0	26.289724399831222	23.688345288591798	23.6805725199316	26.341357791645386	0.0
37.0	26.228652646072533	23.724710741966287	23.732483510626484	26.314153101334696	0.0
38.0	26.182848830753514	23.726931533012056	23.90681560771947	26.183404028514957	0.0
39.0	26.24308778787004	23.82658953119101	23.690288480756845	26.240034200182105	0.0
40.0	26.192842390459482	23.708887605765174	23.764684980790157	26.33358502298519	0.0
41.0	26.203873604028505	23.73658160135246	23.785438868732182	26.274105925886857	0.0
42.0	26.21775350953411	23.824025006037758	23.71159777144237	26.246623712985762	0.0
43.0	26.199154436156597	23.817917847615295	23.599448134957097	26.383479581271015	0.0
44.0	26.21553272465321	23.666626877604216	23.69133310940419	26.42650728833838	0.0
45.0	26.21740313240838	23.758723496394012	23.790091995758313	26.233781375439296	0.0
46.0	26.236279751494862	23.80980140686332	23.747619602813728	26.206299238828095	0.0
47.0	26.2065768361676	23.915010798536507	23.730686165103794	26.147726200192096	0.0
48.0	26.353148231427348	23.784262451628663	23.71097675399879	26.151612562945196	0.0
49.0	26.2729226003098	23.704036820511114	23.74734200547422	26.27569857370487	0.0
50.0	26.24488526901958	23.842280295585645	23.646018976554128	26.266815458840643	0.0
51.0	26.19214177451323	23.639911835084973	23.843668282283183	26.32427810811861	0.0
52.0	26.262929096087547	23.636580667010886	23.759278691073025	26.341211545828546	0.0
53.0	26.287357661964165	23.67655468389991	23.855882565221496	26.180205088914427	0.0
54.0	26.22711903929113	23.77621212878296	23.708478377943226	26.28819045398269	0.0
55.0	26.245718061038104	23.71291993537534	23.79397835851141	26.247383645075146	0.0
56.0	26.293742400772828	23.745954018776683	23.759833885752037	26.200469694698448	0.0
57.0	26.22711903929113	23.880588728437626	23.800640694659585	26.091651537611664	0.0
58.0	26.374800823908906	23.89946534752411	23.595773858103346	26.129959970463645	0.0
59.0	26.205466446809574	23.83062120732635	23.733462138498865	26.230450207365212	0.0
60.0	26.246273255717117	23.669892347751738	23.871150418894384	26.212683977636758	0.0
61.0	26.29068883003825	23.681551436011038	23.683772214727096	26.343987519223617	0.0
62.0	26.230172610025704	23.725967010332173	23.738181293270486	26.305679086371637	0.0
63.0	26.187700217081115	23.724023828955623	23.902796515598197	26.18547943836506	0.0
64.0	26.238222932871412	23.817018937690502	23.707645585924706	26.237112543513387	0.0
65.0	26.18964339845767	23.707367988585197	23.770660181992817	26.33232843096432	0.0
66.0	26.197898593973378	23.737005010618066	23.795022693519506	26.270073701889046	0.0
67.0	26.215942370952295	23.826113509237025	23.713131705692117	26.244812414118563	0.0
68.0	26.19068108318181	23.830832650908434	23.597929129595958	26.380557136313794	0.0
69.0	26.220106319485893	23.663719516426777	23.685372048801476	26.430802115285857	0.0
70.0	26.2244750663454	23.750263716008394	23.792458277351514	26.232802940294697	0.0
71.0	26.235856494076103	23.812167579031524	23.757203610966144	26.194772315926222	0.0
72.0	26.207264126850177	23.903774192473822	23.733607968109794	26.155353712566203	0.0
73.0	26.350781154576445	23.778578487436015	23.715564241219646	26.155076116767894	0.0
74.0	26.266947223486824	23.701129259707525	23.758036398361075	26.273887118444577	0.0
75.0	26.238354856260898	23.846311862223654	23.645332504247214	26.270000777268237	0.0
76.0	26.199491444497497	23.638392609289465	23.844368691635484	26.317747254577554	0.0
77.0	26.267224819285133	23.632285501726646	23.761922739537415	26.338566939450804	0.0
78.0	26.285546141973594	23.666429784918776	23.856582906761123	26.191441166346507	0.0
79.0	26.227806215925114	23.764143505923894	23.713898666429785	26.294151611721205	0.0
80.0	26.245849942815262	23.709179537858518	23.798010193317715	26.246960326008505	0.0
81.0	26.284435758780354	23.742768629454027	23.759424377352627	26.213371234412996	0.0
82.0	26.226140641135252	23.871850675668174	23.798010193317715	26.103998489878855	0.0
83.0	26.374099201634483	23.8921151689448	23.595920452148036	26.13786517727268	0.0
84.0	26.204488168867073	23.830211305921672	23.736939117689516	26.22836140752173	0.0
85.0	26.256398583151046	23.669483338700186	23.871850675668174	26.202267402480594	0.0
86.0	26.277495863822605	23.691691002564987	23.685028703405546	26.345784430206866	0.0
87.0	26.22641823693356	23.728888839538527	23.742768629454027	26.301924294073885	0.0
88.0	26.192829145338052	23.717507411807816	23.9087709168434	26.180892526010723	0.0
89.0	26.240853218445686	23.814943537014624	23.718062603404437	26.226140641135252	0.0
90.0	26.188387612565094	23.698630897522737	23.778578487436015	26.334403002476154	0.0
91.0	26.207191376788057	23.732709299711026	23.800164891446464	26.259934432054454	0.0
92.0	26.21329846739785	23.827646799190532	23.724936638934924	26.234118094476695	0.0
93.0	26.198585930928804	23.81987413841443	23.60057406651732	26.380965864139444	0.0
94.0	26.233562904421255	23.6499859814511	23.691902830636497	26.424548283491145	0.0
95.0	26.222941499786252	23.746523131929447	23.79704528672711	26.233490081557193	0.0
96.0	26.235988429871366	23.81009221681222	23.7590148735003	26.194904479816124	0.0
97.0	26.208506598415493	23.899199973350953	23.741248841043976	26.15104458718958	0.0
98.0	26.356464337465784	23.78316557387061	23.711268661273934	26.14910142738967	0.0
99.0	26.27346365458391	23.699609702474476	23.752907799843438	26.274018843098172	0.0
100.0	26.232379704528675	23.85034338409607	23.650475518962462	26.26680139241279	0.0
101.0	26.202121930501505	23.637428588877356	23.84617947023912	26.314270010382025	0.0
102.0	26.269299740726964	23.635763023334576	23.76262359884299	26.332313637095478	0.0
103.0	26.290952092783105	23.666020797361746	23.85672805201006	26.18629905784509	0.0
104.0	26.230714138985896	23.76762029547133	23.717653329187925	26.284012236354855	0.0
105.0	26.252921679556295	23.695445788617526	23.803707548898227	26.247924982927955	0.0
106.0	26.293728035354402	23.738472898472676	23.755406148157608	26.212392918015315	0.0
107.0	26.237653995414146	23.87699243278055	23.800098823555537	26.08525474824977	0.0
108.0	26.380337443578966	23.88476507198019	23.59912058139341	26.135776903047432	0.0
109.0	26.197958016644552	23.83507569995392	23.745412754900926	26.221553528500603	0.0
110.0	26.253476868070553	23.667131174390263	23.881711535151762	26.19768042238742	0.0
111.0	26.278737945469384	23.691559469017704	23.687673149417883	26.342029436095025	0.0
112.0	26.232379704528675	23.725703562644696	23.747633508957968	26.294283223868664	0.0
113.0	26.19129575447343	23.719041300473577	23.903641481465034	26.18602146358796	0.0
114.0	26.244038663328134	23.81120259384074	23.717098140673663	26.22766060215746	0.0
115.0	26.1993459879302	23.699609702474476	23.78094481981357	26.320099489781757	0.0
116.0	26.199828447225315	23.7389621889912	23.796701634192853	26.26450772959063	0.0
117.0	26.213985715039183	23.824460982847498	23.724527327690783	26.237025974422533	0.0
118.0	26.202604382090776	23.80808296714126	23.60960362426056	26.379709026507403	0.0
119.0	26.22508945450104	23.65623933000036	23.69510241811686	26.423568797381737	0.0
120.0	26.21766720890078	23.744024783615277	23.8006540120698	26.237653995414146	0.0
121.0	26.230714138985896	23.806761085726656	23.7590148735003	26.203509901787154	0.0
122.0	26.2076738156441	23.909470960864763	23.732365824815815	26.15048939867532	0.0
123.0	26.35924028003709	23.77983444278505	23.717375734930794	26.14354954224707	0.0
124.0	26.270410117755482	23.704051210588556	23.753740582614828	26.27179808904113	0.0
125.0	26.242373097785354	23.84562428172486	23.650753113219594	26.261249507270197	0.0
126.0	26.20101155347298	23.637150994620225	23.84923300706755	26.312604444839245	0.0
127.0	26.279293133983643	23.631876703734754	23.75568374241474	26.333146419866864	0.0
128.0	26.29130267018657	23.663865732836996	23.854851111906882	26.189980485069555	0.0
129.0	26.229676574033206	23.767963868231192	23.724381448879488	26.277978108856114	0.0
130.0	26.259934432054454	23.706337772077827	23.800164891446464	26.233562904421255	0.0
131.0	26.298520140907232	23.739371580376254	23.762134372649115	26.19997390606739	0.0
132.0	26.23328530939354	23.875670738985725	23.80321843675136	26.08782551486938	0.0
133.0	26.379855484028568	23.887329730149872	23.599186091378733	26.133628694442823	0.0
134.0	26.2016394762337	23.827369204162814	23.753528926789862	26.217462392813616	0.0
135.0	26.257158481777275	23.669972823446788	23.87872428429062	26.194144410485322	0.0
136.0	26.281031654161012	23.68135421958322	23.69134764058106	26.346266485674708	0.0
137.0	26.228566193922337	23.713000052743055	23.75658247209476	26.301851281239852	0.0
138.0	26.190608378951573	23.717785007606125	23.915433216002842	26.176173397439456	0.0
139.0	26.245849942815262	23.800786151300816	23.722226540379086	26.231137365504836	0.0
140.0	26.199769040295806	23.698353301724424	23.782464828612355	26.319412829367415	0.0
141.0	26.20234013907588	23.73284106208447	23.795855483226227	26.26896331561342	0.0
142.0	26.21649756409011	23.815287243049678	23.727566727275253	26.240648465584965	0.0
143.0	26.207892070454008	23.80890252196483	23.61541771343706	26.367787694144102	0.0
144.0	26.24037086901606	23.656224409066304	23.69231196302414	26.4110927588935	0.0
145.0	26.23350377809979	23.735960514554428	23.79980790264106	26.230727804704717	0.0
146.0	26.22684144195162	23.82007250842508	23.755669925659433	26.19741612396387	0.0
147.0	26.207132030846616	23.916121187894536	23.731796554461823	26.144950226797025	0.0
148.0	26.359255372896506	23.777322518140988	23.720970258221044	26.14245185074146	0.0
149.0	26.26792584819867	23.70126084711604	23.76344265116563	26.267370653519656	0.0
150.0	26.23933332222944	23.846721853017762	23.652126118023283	26.261818706729517	0.0
151.0	26.20185768139598	23.63435988829483	23.848387437054804	26.315394993254387	0.0
152.0	26.275976171044373	23.641299821782507	23.759001093733517	26.323722913439596	0.0
153.0	26.297979363356493	23.659686924851417	23.85372800381975	26.18860570797234	0.0
154.0	26.22052949063523	23.759344646381646	23.724089686397416	26.29603617658571	0.0
155.0	26.257727637390243	23.70604580924013	23.798208381797338	26.238018171572286	0.0
156.0	26.302420933118288	23.736026405132236	23.764341412363667	26.197211249385816	0.0
157.0	26.238018171572286	23.864276732004008	23.80903470809171	26.088670388331998	0.0
158.0	26.375706834187874	23.882875805381516	23.600003331177323	26.14141402925329	0.0
159.0	26.203873604028505	23.82152662304675	23.76128783315243	26.213311939772314	0.0
160.0	26.26466759014305	23.665238887053658	23.879822226170283	26.19027129663301	0.0
161.0	26.27771470131831	23.687724333972735	23.6868915396424	26.347669425066556	0.0
162.0	26.241071750783522	23.70965458467159	23.75018390874795	26.299089755796945	0.0
163.0	26.192009593817318	23.717770769948253	23.915976370783273	26.174243265451153	0.0
164.0	26.247251771080858	23.798552044238157	23.71943636323258	26.2347598214484	0.0
165.0	26.206167136734106	23.70000444158209	23.77967532034911	26.314153101334696	0.0
166.0	26.205407086008698	23.734214989825972	23.797507710330315	26.26287021383501	0.0
167.0	26.23344465079352	23.80639089917303	23.723943802726584	26.23622064730687	0.0
168.0	26.212624676943406	23.809999694640382	23.61540233905466	26.36197328936155	0.0
169.0	26.229835855326165	23.653988690590204	23.70478942678448	26.411386027299148	0.0
170.0	26.227410265663604	23.740943286233794	23.797851372734087	26.233795075368516	0.0
171.0	26.232684673680705	23.819504205646393	23.755656108597282	26.19215501207562	0.0
172.0	26.21353024456597	23.90667073813952	23.731227271465453	26.148571745829052	0.0
173.0	26.36149126946673	23.767037725897346	23.727063265136163	26.144407739499766	0.0
174.0	26.27487993781751	23.688754406906696	23.761763317880245	26.274602337395553	0.0
175.0	26.240179885073427	23.849207450795326	23.651555950365044	26.259056713766206	0.0
176.0	26.20076062515615	23.63212392082836	23.853371457124613	26.313743996890874	0.0
177.0	26.27293673486384	23.630735918718596	23.771201732226633	26.325125614190938	0.0
178.0	26.29910418095156	23.654675220484748	23.865652126841535	26.180568471722154	0.0
179.0	26.23192469234848	23.74545081045668	23.72601872697645	26.296605770218388	0.0
180.0	26.261072817568827	23.703533030377898	23.80818867997857	26.22720547207471	0.0
181.0	26.302435395262457	23.729905143672497	23.769602114210684	26.198057346854362	0.0
182.0	26.239975126933146	23.858989698219744	23.804302263282523	26.09673291156459	0.0
183.0	26.38266213991655	23.87064894830788	23.608593422517345	26.138095489258223	0.0
184.0	26.211104602905372	23.818737525296406	23.762106882011167	26.20805098978705	0.0
185.0	26.27800649031588	23.660504845528816	23.871204150693032	26.19028451346227	0.0
186.0	26.284946520130248	23.68076973258677	23.701312220837302	26.332971526445675	0.0
187.0	26.246915156747512	23.703255429185326	23.74933722715273	26.300492186914436	0.0
188.0	26.20090609280789	23.714702910378982	23.910967498362147	26.173423498450983	0.0
189.0	26.263088932564933	23.805201150382533	23.71109408485737	26.220615832195165	0.0
190.0	26.207290937961513	23.699990006329326	23.78049457565764	26.312224480051523	0.0
191.0	26.1993132108365	23.740585797288933	23.801380795998078	26.25872019587649	0.0
192.0	26.224297456881356	23.81415052175434	23.72864887973417	26.23290314163014	0.0
193.0	26.201811635440986	23.810819288948355	23.611778128791013	26.375590946819642	0.0
194.0	26.236935248802833	23.65382746894302	23.693524880283157	26.415712401970993	0.0
195.0	26.216187705427735	23.73689704184063	23.806853513369457	26.240061739362176	0.0
196.0	26.239784134316423	23.80657590832371	23.75855023540908	26.195089721950787	0.0
197.0	26.220074176068227	23.900961623878477	23.740228302389625	26.13873589766368	0.0
198.0	26.361375144354625	23.771875277605044	23.727736075330906	26.139013502709425	0.0
199.0	26.273929554943592	23.683874478102513	23.766600781735807	26.275595185218087	0.0
200.0	26.240894554499423	23.833781202807142	23.656946788664833	26.268377454028602	0.0
201.0	26.20147463800302	23.634183174913385	23.856544816558586	26.307797370525005	0.0
202.0	26.26726703384561	23.633350359776138	23.779925823931773	26.319456782446476	0.0
203.0	26.28566193718891	23.650627527947965	23.87521063341319	26.188499901449937	0.0
204.0	26.221534993601185	23.74778956368694	23.73501969613267	26.2956557465792	0.0
205.0	26.259289384631185	23.705593479594583	23.807474814212306	26.227642321561923	0.0
206.0	26.295378140762804	23.732243637968704	23.763613095221572	26.208765126046924	0.0
207.0	26.236744211870523	23.86069624118594	23.798512020431957	26.104047526511575	0.0
208.0	26.384578227628825	23.856109356001088	23.612923285343875	26.14638913102621	0.0
209.0	26.209961745387517	23.809193321821787	23.761722068303083	26.219122864487616	0.0
210.0	26.27381196941852	23.64845732306548	23.88192705528319	26.19580365223281	0.0
211.0	26.285895129588916	23.66691096453239	23.70771981255691	26.339474093321787	0.0
212.0	26.250638505785417	23.69994669864748	23.750194327847733	26.29922046771937	0.0
213.0	26.198520328137363	23.71889010729703	23.913496106491955	26.16909345807365	0.0
214.0	26.26688579566591	23.805848745467973	23.711738022397796	26.21552743646832	0.0
215.0	26.20997518141993	23.694803644500215	23.782251661512323	26.31296951256753	0.0
216.0	26.198388175884823	23.744562245116086	23.797586428030083	26.259463150969008	0.0
217.0	26.2228181659185	23.826180620910407	23.72235316326729	26.228648049903807	0.0
218.0	26.20754942214745	23.81424323941668	23.612973435161972	26.365233903273893	0.0
219.0	26.239693512117928	23.65342439132728	23.694511534937952	26.412370561616832	0.0
220.0	26.228106460416033	23.73871835517713	23.80479110738488	26.22838407702195	0.0
221.0	26.253091954948378	23.801737324719817	23.756485817955685	26.18868490237612	0.0
222.0	26.221166045268163	23.904177852302414	23.737052655541643	26.13760344688778	0.0
223.0	26.358031031984208	23.77314281431058	23.728168924152367	26.140657229552843	0.0
224.0	26.281964081963526	23.686804049871046	23.760650067044413	26.27058180112102	0.0
225.0	26.247262006224165	23.835051317429603	23.653767673767174	26.263919002579055	0.0
226.0	26.205341898731017	23.637388294018194	23.854762096449562	26.302507710801233	0.0
227.0	26.278355066086633	23.63100311208215	23.77314281431058	26.317499007520635	0.0
228.0	26.28592368853551	23.66743659219118	23.87093012925865	26.175709590014655	0.0
229.0	26.229567361080264	23.74822324878959	23.737673788477768	26.28453560165238	0.0
230.0	26.267600941678143	23.707413494425445	23.806522897881223	26.218462666015192	0.0
231.0	26.295362679340826	23.73573046684138	23.776540221205526	26.19236663261227	0.0
232.0	26.237208708350224	23.876615048055836	23.803323653687055	26.082852589906885	0.0
233.0	26.39267530246581	23.86134600756234	23.613154694813524	26.132823995158326	0.0
234.0	26.200563011165833	23.824977929296015	23.77389604837232	26.200563011165833	0.0
235.0	26.276352975797185	23.654797532523055	23.885221234515804	26.183628257163953	0.0
236.0	26.27857392714169	23.6628484811469	23.71837226475961	26.3402053269518	0.0
237.0	26.236098232677968	23.705601794528686	23.75362986735368	26.304670105439666	0.0
238.0	26.188975722158215	23.72121430851876	23.920822864757568	26.168987104565456	0.0
239.0	26.257343061154238	23.80928584912994	23.706288658648987	26.22708243106684	0.0
240.0	26.20263250682281	23.69755878163964	23.785290500265138	26.314518211272414	0.0
241.0	26.204920467891462	23.729138265647514	23.805213663585707	26.260727602875317	0.0
242.0	26.225561655018453	23.811507159695786	23.724874424183863	26.2380567611019	0.0
243.0	26.20687931623362	23.804366841329212	23.614709418726378	26.374044423710785	0.0
244.0	26.235344430189222	23.644134161987438	23.695786193911726	26.424735213911614	0.0
245.0	26.226262087658785	23.73124711867984	23.80845261304495	26.23403818061642	0.0
246.0	26.24306706993615	23.80345334210972	23.766237012473024	26.187242575481108	0.0
247.0	26.22986334851683	23.892900788801246	23.73708476835907	26.140151094322857	0.0
248.0	26.35685398751194	23.77119303157567	23.73536208697198	26.136590893940404	0.0
249.0	26.278248116792213	23.688420771948536	23.764526809323822	26.26880430193543	0.0
