# Position (bp)	A	C	G	T	N
0.0	26.205943291475407	23.72651930539498	23.803500497945258	26.26403690518436	0.0
1.0	26.22168294050985	23.923694181481014	23.642669902356943	26.211952975652192	0.0
2.0	26.365054155756823	23.635375084059465	23.76243006967993	26.237140690503786	0.0
3.0	26.342927615107058	23.631748974902642	23.863236417638827	26.162086992351476	0.0
4.0	26.173104434907007	23.87982832618026	23.63261802575107	26.314449213161662	0.0
5.0	26.242035665342016	23.777276147479306	23.631078571898595	26.34960961528008	0.0
6.0	26.223444124664564	23.625788880433475	23.929039382513317	26.22172761238864	0.0
7.0	26.273089543229688	23.805437074289898	23.724764920772508	26.196708461707903	0.0
8.0	26.26673799055435	23.837244228057177	23.80062875630401	26.095389025084458	0.0
9.0	26.225761515336142	23.751784187025706	23.824438857090552	26.1980154405476	0.0
10.0	26.213678318398024	23.812207002479845	23.785892643134385	26.188222035987746	0.0
11.0	26.141313830198015	23.85511084923874	23.759578283788922	26.24399703677432	0.0
12.0	26.288617037403572	23.7773118737826	23.74041456556995	26.193656523243874	0.0
13.0	26.21024601065732	23.778455976362842	23.720392770415796	26.29090524256405	0.0
14.0	26.292335370789345	23.78188828410355	23.79161315603557	26.13416318907153	0.0
15.0	26.118071048567014	23.79898175161604	23.737772438647674	26.34517476116927	0.0
16.0	26.293690292317372	23.709169955952177	23.70831188147131	26.28882787025914	0.0
17.0	26.342314512899716	23.73977461243636	23.80927864538642	26.1086322292775	0.0
18.0	26.13780676162691	23.796979577827354	23.780104113037012	26.28510954750872	0.0
19.0	26.279675075796575	23.73405411589726	23.79068703163435	26.195583776671818	0.0
20.0	26.189863280132712	23.737200388993767	23.779818088210057	26.293118242663464	0.0
21.0	26.26251358617928	23.743206910359817	23.844173674274927	26.15010582918597	0.0
22.0	26.198444024941363	23.785252559922203	23.799839826096907	26.216463589039527	0.0
23.0	26.190721354613583	23.83073050740804	23.751501630341515	26.227046507636864	0.0
24.0	26.09375893827584	23.803844173674275	23.84731994737143	26.25507694067845	0.0
25.0	26.21760768834735	23.71489045249128	23.803844173674275	26.2636576854871	0.0
26.0	26.219609862136036	23.912533607917165	23.649390767118586	26.218465762828213	0.0
27.0	26.359476002517017	23.640237972656024	23.7592243006693	26.241061724157653	0.0
28.0	26.340312339111033	23.623076483038727	23.859619014930498	26.176992162919742	0.0
29.0	26.170985641553685	23.87935472799039	23.631085178193466	26.318574452262457	0.0
30.0	26.247354270350666	23.77238144270923	23.633373376809107	26.346890910131	0.0
31.0	26.226188433156	23.62107430925004	23.93055317201533	26.222184085578625	0.0
32.0	26.272735333403887	23.806922353062316	23.715680694237474	26.20466161929632	0.0
33.0	26.26930304529762	23.845821618266637	23.793193200637262	26.09168213579848	0.0
34.0	26.222395107845355	23.755152007459508	23.827230057691043	26.1952228270041	0.0
35.0	26.20952402744686	23.814931025310266	23.78604260041588	26.18950234682699	0.0
36.0	26.14288043338358	23.85583245857657	23.760586463627757	26.24070064441209	0.0
37.0	26.287322557855507	23.784898504380457	23.741136831025596	26.18664210673844	0.0
38.0	26.211812219517704	23.778319952176787	23.72311731846771	26.2867505098378	0.0
39.0	26.292470990014905	23.7763177841148	23.791763080592983	26.139448145277317	0.0
40.0	26.121639942566542	23.802277888691215	23.742785065013074	26.33329710372917	0.0
41.0	26.299260344028696	23.706174096595753	23.697879424063704	26.29668613531185	0.0
42.0	26.335585289255253	23.745645296920674	23.811144607604785	26.107624806219288	0.0
43.0	26.137943264439883	23.792553100205367	23.781398195765714	26.288105439589042	0.0
44.0	26.28638930044448	23.736778578007105	23.78683263639016	26.189999485158253	0.0
45.0	26.19171562430282	23.74335711139459	23.775391708759745	26.28953555554284	0.0
46.0	26.253782656697805	23.753653946261963	23.84661148325906	26.14595191378117	0.0
47.0	26.197722111308785	23.785402520436357	23.801419819118934	26.215455549135925	0.0
48.0	26.19343176344738	23.837458741154734	23.74850552882828	26.220603966569612	0.0
49.0	26.095897855398114	23.800561749546652	23.84289318177918	26.26064721327605	0.0
50.0	26.210593154892997	23.72476560399517	23.812288700367827	26.252352540744006	0.0
51.0	26.220603966569612	23.91811728094914	23.636384438050236	26.224894314431012	0.0
52.0	26.363329538759	23.632380113379593	23.763664757938574	26.240625589922832	0.0
53.0	26.33358312691993	23.62208327851222	23.865775037040006	26.178558557527843	0.0
54.0	26.169405815423513	23.889228938682347	23.624657487229065	26.31670775866507	0.0
55.0	26.240053543541308	23.781398195765714	23.62866181189971	26.34988644879327	0.0
56.0	26.223178175286456	23.63123602061655	23.92612593029043	26.219459873806567	0.0
57.0	26.26228823618583	23.80421196545994	23.726985924839042	26.206513873515185	0.0
58.0	26.257139833477776	23.842824985770385	23.804784010205278	26.09525117054656	0.0
59.0	26.220528969776012	23.75158384888866	23.833386247472276	26.194500933863047	0.0
60.0	26.209660119614558	23.82165933019281	23.78390437700037	26.184776173192265	0.0
61.0	26.142158839664436	23.856268037285876	23.759592475323423	26.241980647726265	0.0
62.0	26.288030249726134	23.791913003435127	23.738998864491183	26.18105788234756	0.0
63.0	26.208516030123874	23.77732586242896	23.72841603670239	26.28574207074477	0.0
64.0	26.300043189378275	23.76674303464017	23.791340958689787	26.141872817291766	0.0
65.0	26.100610942040593	23.811294419147426	23.74522344003844	26.342871198773537	0.0
66.0	26.298537857812963	23.706610530169552	23.695455689540765	26.29939592247672	0.0
67.0	26.335148616799763	23.747511612475115	23.811866462256596	26.105473308468525	0.0
68.0	26.134933528590715	23.795277212090703	23.78183419902524	26.287955060293346	0.0
69.0	26.27565613344622	23.74007505205592	23.786124522344004	26.198144292153856	0.0
70.0	26.185845365306733	23.738930965837586	23.7806901128069	26.294533556048783	0.0
71.0	26.254776559961556	23.75552021600348	23.836178294396266	26.1535249296387	0.0
72.0	26.19099375328925	23.789556780999018	23.80357183717365	26.215877628538088	0.0
73.0	26.194998055053432	23.837608402169188	23.754090108230557	26.213303434546827	0.0
74.0	26.092888360066812	23.798709470745717	23.841898725487955	26.26650344369952	0.0
75.0	26.19242386106217	23.725201931217537	23.816442807129945	26.265931400590347	0.0
76.0	26.2155916069835	23.931995515182024	23.633675033750542	26.21873784408393	0.0
77.0	26.353453996293158	23.63481911996888	23.76209871175892	26.24962817197904	0.0
78.0	26.328856142598905	23.621662128458002	23.872217010273893	26.177264718669196	0.0
79.0	26.176406654005447	23.874219161155985	23.625094387113013	26.32427979772556	0.0
80.0	26.242191611559846	23.776113767933552	23.63424707685971	26.34744754364689	0.0
81.0	26.223600210511865	23.624522344003847	23.924844976317416	26.22703246916688	0.0
82.0	26.259849839113336	23.810940293171253	23.728280300321774	26.200929567393636	0.0
83.0	26.258991776903823	23.845548802288167	23.795781194136577	26.099678226671436	0.0
84.0	26.21894887379335	23.75316410439757	23.8398283875581	26.188058634250982	0.0
85.0	26.2146585627458	23.81408652127279	23.785770468358955	26.185484447622454	0.0
86.0	26.147157668930998	23.84755094744369	23.762030747229172	26.243260636396137	0.0
87.0	26.289595995709693	23.791490883089022	23.73285663210583	26.18605648909546	0.0
88.0	26.190918841616018	23.793207007508045	23.732284590632823	26.28358956024312	0.0
89.0	26.299320700750805	23.772041473006794	23.798927422238112	26.129710404004292	0.0
90.0	26.10074765606677	23.81630656758937	23.741083329043033	26.34186244730083	0.0
91.0	26.296671300189345	23.70390073964751	23.705044819321216	26.294383140841926	0.0
92.0	26.334997969258577	23.738223129858763	23.80801198995498	26.118766910927675	0.0
93.0	26.12420128937779	23.793710994033624	23.783986316807102	26.29810139978148	0.0
94.0	26.2866606030444	23.735648950592918	23.78513039648081	26.192560049881873	0.0
95.0	26.192274029963446	23.73278875140865	23.78627447615452	26.288662742473385	0.0
96.0	26.254054332343706	23.75538432496439	23.84290642000309	26.14765492268882	0.0
97.0	26.191415970208165	23.781984177378114	23.802863631423293	26.22373622099043	0.0
98.0	26.19313208971873	23.837472041552974	23.76110472333293	26.208291145395364	0.0
99.0	26.100175616229915	23.803721691178573	23.837472041552974	26.25863065103854	0.0
100.0	26.206575025884803	23.72363611401898	23.810586169220823	26.259202690875394	0.0
101.0	26.22259214131672	23.927854335775944	23.632967799877584	26.216585723029752	0.0
102.0	26.362169861509155	23.635255959225002	23.76110472333293	26.241469455932908	0.0
103.0	26.328419511134754	23.619810883629935	23.8746546309485	26.17711497428681	0.0
104.0	26.172538655591975	23.876084730540633	23.615234564935104	26.336142048932288	0.0
105.0	26.247189854301457	23.766825121701476	23.63153770028545	26.35444732371162	0.0
106.0	26.222306121398294	23.63067964053017	23.927568315857517	26.219445922214025	0.0
107.0	26.269424272152897	23.810518066396476	23.722996221687684	26.197061439762948	0.0
108.0	26.265706023848274	23.841122110134517	23.801651474285453	26.09152039173176	0.0
109.0	26.222231120594238	23.74930997892039	23.83511570902705	26.193343191458325	0.0
110.0	26.219942967791386	23.80565574169043	23.786206442866252	26.188194847651925	0.0
111.0	26.146722078100375	23.847700549442692	23.761608800235678	26.243968572221256	0.0
112.0	26.294879972084534	23.792498863074076	23.73415096660155	26.17847019823984	0.0
113.0	26.198777554365083	23.7884945956691	23.73415096660155	26.27857688336427	0.0
114.0	26.305748697898046	23.78449032826412	23.79307090127479	26.11669007256305	0.0
115.0	26.10860686215063	23.806445708009655	23.745237795599895	26.33970963423982	0.0
116.0	26.304243367236037	23.698616815586853	23.70147699840974	26.295662818767372	0.0
117.0	26.34142574393355	23.741805576212432	23.803585525186772	26.113183154667247	0.0
118.0	26.12777008706397	23.79128673904836	23.779846007756817	26.30109716613086	0.0
119.0	26.283650050911255	23.733511046026063	23.791858775612937	26.19098012744975	0.0
120.0	26.184973743521684	23.729220771791734	23.78899859279005	26.29680689189653	0.0
121.0	26.24961387531891	23.758680654867458	23.847632340659214	26.144073129154418	0.0
122.0	26.187833926344574	23.781848135732837	23.80701774457423	26.223300193348358	0.0
123.0	26.196414474813228	23.832759389980207	23.750958161245666	26.2198679739609	0.0
124.0	26.099168258835103	23.800439324081594	23.842770029860308	26.25762238722299	0.0
125.0	26.19784456622467	23.724930497557402	23.813310146784584	26.26391478943334	0.0
126.0	26.221298065372338	23.927145423135446	23.629972427837586	26.221584083654626	0.0
127.0	26.35429656663654	23.63426270207192	23.76897731302985	26.242463418261696	0.0
128.0	26.336277414852354	23.615671513723157	23.876520187170364	26.171530884254125	0.0
129.0	26.170672829407255	23.87337398606519	23.622249934215795	26.333703250311757	0.0
130.0	26.2398892537211	23.765831111924673	23.63512075691878	26.359158877435444	0.0
131.0	26.220440010525476	23.630830482684452	23.930005605958332	26.21872390083174	0.0
132.0	26.263703890145784	23.80765787539292	23.726714469992306	26.201923764468994	0.0
133.0	26.257697489038318	23.84140812923487	23.798791283281897	26.10210309844491	0.0
134.0	26.21708277678783	23.758462590131767	23.83454367082634	26.18991096225406	0.0
135.0	26.222517139694588	23.801651474285453	23.78306023276234	26.192771153257617	0.0
136.0	26.14386188709682	23.843124243837003	23.757604532830705	26.255409336235473	0.0
137.0	26.291733761980623	23.790210710271232	23.731862813798703	26.186192713949435	0.0
138.0	26.18991096225406	23.78906663386981	23.73729717670546	26.283725227170667	0.0
139.0	26.29716812488738	23.78020004175879	23.788780614769454	26.133851218584375	0.0
140.0	26.117908851172395	23.804293731015427	23.737365070103483	26.340432347708692	0.0
141.0	26.2940971209235	23.707332978668635	23.696464221768405	26.30210567863946	0.0
142.0	26.33785816844285	23.749091886758993	23.81001412938397	26.103035815414184	0.0
143.0	26.1253453690515	23.789706715175647	23.785702436317667	26.29924547945519	0.0
144.0	26.27865204532844	23.731644671734937	23.790278755012498	26.199424527924126	0.0
145.0	26.181119253144793	23.732216711571795	23.790278755012498	26.29638528027092	0.0
146.0	26.247189854301457	23.76339288268035	23.846338659024212	26.14307860399398	0.0
147.0	26.189127810860747	23.782842237133394	23.80887004971026	26.219159902295598	0.0
148.0	26.18826975110547	23.838616121226682	23.752810145698547	26.220303981969305	0.0
149.0	26.092167058513954	23.804007711097	23.840904280574097	26.262920949814944	0.0
150.0	26.197136368576707	23.7259242733664	23.809728109465546	26.267211248591355	0.0
151.0	26.22259214131672	23.92413607683639	23.628677501101176	26.224594280745713	0.0
152.0	26.356449463140613	23.62839148118275	23.769971340804176	26.245187714872465	0.0
153.0	26.33242378999274	23.61266038566926	23.88037502931704	26.174540795020967	0.0
154.0	26.17339671534726	23.877228810214344	23.618666803956227	26.330707670482173	0.0
155.0	26.240039356340777	23.76253482292507	23.634397899469718	26.363027921264436	0.0
156.0	26.21258144417177	23.63611401898028	23.928712395531225	26.22259214131672	0.0
157.0	26.25956381837683	23.813228459063282	23.72313192706471	26.204075795495175	0.0
158.0	26.26099392205935	23.837826242402574	23.80121558813014	26.099964247407936	0.0
159.0	26.21322845906328	23.75917053986414	23.83324991061852	26.19435109045406	0.0
160.0	26.22752949588845	23.80378977475867	23.778905970682874	26.189774758670005	0.0
161.0	26.154308187343585	23.841258491240616	23.756882373972115	26.24755094744369	0.0
162.0	26.287307829817664	23.78262424025742	23.742295316410438	26.187772613514483	0.0
163.0	26.191776903825527	23.790346800143013	23.739435109045406	26.278441186986058	0.0
164.0	26.295602431176263	23.787486592777977	23.791204862352522	26.12570611369324	0.0
165.0	26.116056105988143	23.807290117383246	23.74379333226552	26.33286044436309	0.0
166.0	26.293961512939617	23.701462142187037	23.706610530169552	26.297965814703794	0.0
167.0	26.339438940118526	23.74465139692927	23.814440656247854	26.10146900670435	0.0
168.0	26.130643205271948	23.79499119053612	23.77067935839645	26.303686245795483	0.0
169.0	26.28423678008375	23.729492254536304	23.790700867217353	26.195570098162595	0.0
170.0	26.180982998878793	23.737500858064664	23.792989039654028	26.288527103402515	0.0
171.0	26.239331396014006	23.767247099741436	23.849907329016315	26.143514175228244	0.0
172.0	26.186989451525065	23.788984737889848	23.813296570029518	26.21072924055557	0.0
173.0	26.192137839507584	23.837322380614605	23.75552021600348	26.215019563874332	0.0
174.0	26.09660664027641	23.797851406081964	23.849049264352562	26.25649268928906	0.0
175.0	26.19928837837219	23.728062146763378	23.811294419147426	26.261355055717	0.0
176.0	26.217021714756424	23.92713314875409	23.62824062421344	26.22760451227604	0.0
177.0	26.346017435873968	23.629670731986362	23.78383634990733	26.24047548223234	0.0
178.0	26.323707754616386	23.621090085348833	23.879939592247673	26.17526256778711	0.0
179.0	26.174690524677942	23.86907077317347	23.623378257785507	26.33286044436309	0.0
180.0	26.24390774088735	23.76553097041393	23.63338901219596	26.357172276502755	0.0
181.0	26.223600210511865	23.62881266732261	23.928849278081596	26.21873784408393	0.0
182.0	26.26314630330385	23.815080815621396	23.72240956687632	26.199363314198436	0.0
183.0	26.2625742585585	23.843683052888398	23.797919473261196	26.0958232152919	0.0
184.0	26.21538056706796	23.7550161173607	23.839392717298345	26.190210598272994	0.0
185.0	26.213950455204603	23.806500144441298	23.78390437700037	26.195645023353727	0.0
186.0	26.149309398981192	23.84139487390704	23.75473009498803	26.254565632123743	0.0
187.0	26.295752853788223	23.77990006378299	23.7378547750005	26.18649230742829	0.0
188.0	26.19793320233509	23.785906533609058	23.7349945512738	26.281165712782055	0.0
189.0	26.287458204980794	23.78018608615566	23.79963560749722	26.13272010136633	0.0
190.0	26.10934094536385	23.80571016698034	23.74221301863155	26.34273586902426	0.0
191.0	26.299260344028696	23.691300890676217	23.709892398075635	26.299546367219456	0.0
192.0	26.338159497972097	23.742785065013074	23.806568236552618	26.112487200462215	0.0
193.0	26.13765724124912	23.796557424876006	23.77081533770758	26.29496999616729	0.0
194.0	26.287533393207525	23.724193557613653	23.774533639187464	26.21373940999136	0.0
195.0	26.17970265029089	23.741640972250032	23.794269239349926	26.284387138109157	0.0
196.0	26.241769682685874	23.76080452603097	23.856050248554155	26.141375542729005	0.0
197.0	26.186853230059892	23.77911001023963	23.82515974395204	26.20887701574844	0.0
198.0	26.194575856210424	23.83774476434549	23.75079371435436	26.216885665089723	0.0
199.0	26.092465577108992	23.8059961901711	23.839174880299293	26.262363352420614	0.0
200.0	26.207160876603876	23.72476560399517	23.807140282934142	26.260933236466812	0.0
201.0	26.219745896997328	23.93013025496107	23.629805904662753	26.220317943378852	0.0
202.0	26.339589613925895	23.634954322096434	23.77939603343039	26.246060030547273	0.0
203.0	26.310129225277585	23.629805904662753	23.889228938682347	26.17083593137732	0.0
204.0	26.176556395192524	23.86091264279708	23.626087603182867	26.336443358827534	0.0
205.0	26.23862342758751	23.76652498984618	23.634668298905677	26.36018328366064	0.0
206.0	26.22289215209569	23.641532855483923	23.915257049041536	26.220317943378852	0.0
207.0	26.25299967679287	23.80835247310659	23.72311731846771	26.215530531632826	0.0
208.0	26.259292204987688	23.848395834346334	23.798341632796657	26.09397032786932	0.0
209.0	26.223539203880776	23.75000357530011	23.833808609894714	26.1926486109244	0.0
210.0	26.21267029154427	23.80520620900918	23.783182360327327	26.19894113911922	0.0
211.0	26.149172961578394	23.839815114080675	23.753435863406374	26.257576060934557	0.0
212.0	26.2841762937581	23.779464048212205	23.74456911913186	26.191790538897834	0.0
213.0	26.19093246687127	23.788616816495576	23.734558278821925	26.28589243781123	0.0
214.0	26.289324725917496	23.78060814424763	23.79262115261955	26.13744597721533	0.0
215.0	26.112064527200964	23.814713117098567	23.73462616555117	26.338596190149303	0.0
216.0	26.292260168182597	23.700875235970482	23.702305360105257	26.304559235741664	0.0
217.0	26.34059836393799	23.737200388993767	23.802128024712545	26.1200732223557	0.0
218.0	26.139236885761687	23.793261255076942	23.7795320633831	26.28796979577827	0.0
219.0	26.29283221783651	23.72718952005034	23.773811566844003	26.20616669526915	0.0
220.0	26.191007379440535	23.743492935186776	23.783250386133517	26.282249299239176	0.0
221.0	26.242777873119387	23.762942623419715	23.849894170814025	26.144385332646873	0.0
222.0	26.19243750357531	23.785252559922203	23.81213889365597	26.210171042846518	0.0
223.0	26.1975859504605	23.821005663291576	23.756936102053658	26.224472284194267	0.0
224.0	26.093186888621933	23.78925690749957	23.84188547565929	26.275670728219207	0.0
225.0	26.203020422172646	23.720038899376465	23.801269950231678	26.275670728219207	0.0
226.0	26.22504433384818	23.925404725130143	23.62107430925004	26.228476631771635	0.0
227.0	26.34631886047709	23.63394542646302	23.775813740632685	26.24392197242721	0.0
228.0	26.312281906069444	23.636805674732567	23.878496653509522	26.172415765688463	0.0
229.0	26.170699616726733	23.866483610777415	23.62078828442309	26.342028488072767	0.0
230.0	26.235627252445514	23.761512499284937	23.641382071963847	26.361478176305702	0.0
231.0	26.21131514215434	23.652251015388135	23.918254104456267	26.218179738001258	0.0
232.0	26.262588703703173	23.803340207483004	23.719534693480618	26.214536395333205	0.0
233.0	26.24943152403044	23.85225059278815	23.806772515223713	26.091545367957693	0.0
234.0	26.219398831299213	23.754715847822915	23.83451700279447	26.1913683180834	0.0
235.0	26.219970882589333	23.799049822807113	23.78760879700474	26.193370497598817	0.0
236.0	26.140169727617778	23.85139251585297	23.745849052826077	26.262588703703173	0.0
237.0	26.287186909178278	23.785034566199208	23.735838155249	26.19194036937352	0.0
238.0	26.19394254888893	23.782746361038733	23.737268283474297	26.286042806598044	0.0
239.0	26.290619216918987	23.779314053298016	23.793901361196045	26.13616536858695	0.0
240.0	26.11205345522467	23.805423897528897	23.735344006453072	26.347178640793363	0.0
241.0	26.29386792992574	23.70584600597302	23.704987813669288	26.29529825043196	0.0
242.0	26.349743096799294	23.73608202593063	23.793870941902114	26.12030393536796	0.0
243.0	26.133691155349304	23.7930659586521	23.78133565269139	26.291907233307203	0.0
244.0	26.285761700252646	23.726398493852663	23.775039270273904	26.212800535620783	0.0
245.0	26.199871235424567	23.74704914514629	23.7753773517419	26.277702267687246	0.0
246.0	26.25116252450244	23.75441759310927	23.854001230487473	26.140418651900816	0.0
247.0	26.19059202637461	23.790376816903102	23.807833968182194	26.211197188540098	0.0
248.0	26.197828868097872	23.82320701310521	23.75308740909494	26.22587670970198	0.0
249.0	26.102237244671628	23.804890055322936	23.83494131418448	26.25793138582096	0.0
