# Position (bp)	A	C	G	T	N
0.0	26.176151046586504	23.8322171067748	23.768959540687664	26.222672305951033	0.0
1.0	26.26664056937483	23.703716311091068	23.785695847410267	26.243947272123837	0.0
2.0	26.243224768911794	23.721179563832536	23.684591188725108	26.351004478530566	0.0
3.0	26.277680718791125	23.774787856786315	23.726006262195398	26.221525162227167	0.0
4.0	26.324745118613784	23.572451540632134	23.8137912454093	26.289012095344784	0.0
5.0	26.14503816793893	23.786622506039947	23.75996733323503	26.30837199278609	0.0
6.0	26.29212081343783	23.712132382129774	23.803150767276477	26.19259603715592	0.0
7.0	26.10072611490251	23.85915468997644	23.829384262501453	26.2107349326196	0.0
8.0	26.200804032637603	23.863269090104954	23.846825545330315	26.08910133192713	0.0
9.0	26.234903895220274	23.840222260021545	23.725123320292564	26.199750524465614	0.0
10.0	26.227449512988855	23.66199498815072	23.726060482362147	26.38449501649828	0.0
11.0	26.187195972378134	23.81450488145049	23.74873853341044	26.24956061276094	0.0
12.0	26.25097799095146	23.891043303738478	23.701965053123335	26.156013652186733	0.0
13.0	26.185778594187614	23.859294032270867	23.61578845913982	26.339138914401694	0.0
14.0	26.20080280300711	23.697429442913677	23.84568720164189	26.25608055243732	0.0
15.0	26.269329440278938	23.703598713024252	23.761427579266652	26.26564426743016	0.0
16.0	26.14715178660014	23.825776366703046	23.75717545674883	26.269896389947984	0.0
17.0	26.327725256190384	23.6766686037447	23.75405723356909	26.241548906495826	0.0
18.0	26.172381046872562	23.688007597125566	23.776735220330817	26.362876135671055	0.0
19.0	26.256289597890948	23.9553243660794	23.581421059345455	26.206964976684194	0.0
20.0	26.26819554094085	23.707567360707554	23.710118634218247	26.314118464133347	0.0
21.0	26.241265431661304	23.747820787209616	23.73931654217397	26.271597238955113	0.0
22.0	26.325457457514208	23.695944892492168	23.81216957464601	26.166428075347607	0.0
23.0	26.29144047737162	23.71947330375746	23.700197015009994	26.288889203860926	0.0
24.0	26.29257437670971	23.73733221833232	23.88105395943475	26.08903944552322	0.0
25.0	26.187688687936728	23.8356979859113	23.75972673025952	26.216886595892454	0.0
26.0	26.266494691933723	23.70898473488016	23.780420393179597	26.24410018000652	0.0
27.0	26.242682805833912	23.719189828922936	23.691409295139824	26.346718070103325	0.0
28.0	26.279818009156237	23.775317846158206	23.7305288223038	26.214335322381753	0.0
29.0	26.3240400833416	23.581704534179977	23.81897297067453	26.27528241180389	0.0
30.0	26.144317038254925	23.77021529913682	23.77900301900699	26.306464643601263	0.0
31.0	26.279818009156237	23.71068558388729	23.7988462574235	26.210650149532977	0.0
32.0	26.104840035604337	23.865962139208428	23.80926733301962	26.219930492167613	0.0
33.0	26.206040264651353	23.867379509363147	23.836480839990248	26.090099385995245	0.0
34.0	26.2346711417767	23.826842722938153	23.732162396602845	26.206323738682297	0.0
35.0	26.219363544105722	23.64626976522681	23.73102850047907	26.403338190188396	0.0
36.0	26.204055946434746	23.802180482246023	23.74293440977872	26.250829161540512	0.0
37.0	26.259900330530723	23.902530289200204	23.70154720126089	26.136022179008183	0.0
38.0	26.175425069309398	23.865962139208428	23.62104057647279	26.33757221500938	0.0
39.0	26.182511920083	23.704381941570333	23.84215032060913	26.270955817737534	0.0
40.0	26.26237714979009	23.723590925455046	23.74428447105313	26.269747453701736	0.0
41.0	26.16457888634708	23.81713709048749	23.755906873375345	26.26237714979009	0.0
42.0	26.320205688173782	23.669731012254548	23.764411070196477	26.2456522293752	0.0
43.0	26.15862594857229	23.688723718488408	23.772915267017606	26.3797350659217	0.0
44.0	26.264077989154316	23.94810172153291	23.590641981818028	26.197178307494752	0.0
45.0	26.271731766293332	23.69184192398949	23.715653675088657	26.32077263462852	0.0
46.0	26.228643835732935	23.7465522568721	23.74967046237318	26.275133445021787	0.0
47.0	26.32332389367486	23.6839046736231	23.815152777895893	26.177618654806146	0.0
48.0	26.29582699061987	23.730394282911952	23.695527075945314	26.278251650522865	0.0
49.0	26.27088134661122	23.755623400147975	23.881202039873344	26.092293213367462	0.0
50.0	26.18924105712836	23.830176858946555	23.75987549855854	26.220706585366543	0.0
51.0	26.25500684587844	23.715653675088657	23.78793934806827	26.24140013096463	0.0
52.0	26.2456522293752	23.72444134513716	23.692408870444233	26.337497555043416	0.0
53.0	26.300079089030437	23.77149790088075	23.726709130956127	26.201713879132686	0.0
54.0	26.31368580394425	23.579586525950557	23.820822242443313	26.28590542766188	0.0
55.0	26.141334081702656	23.774899579609205	23.786805455158788	26.29696088352936	0.0
56.0	26.27059787338385	23.713385889269688	23.789073240977757	26.226942996368706	0.0
57.0	26.08286465892598	23.87404753265602	23.816502630624093	26.226585177793904	0.0
58.0	26.21184461175617	23.878583091436862	23.828125	26.081447296806964	0.0
59.0	26.242743105950655	23.824156386066765	23.72182284107402	26.21127766690856	0.0
60.0	26.229419902031932	23.650671262699564	23.735429517416545	26.384479317851962	0.0
61.0	26.205891690856316	23.792974419448477	23.758674256168362	26.24245963352685	0.0
62.0	26.243026578374458	23.902394775036285	23.718988116835995	26.135590529753266	0.0
63.0	26.180662645137883	23.86185821843251	23.620339713352685	26.337139423076923	0.0
64.0	26.169040275761972	23.68922351233672	23.86497641509434	26.276759796806964	0.0
65.0	26.26761421780259	23.718353936995598	23.74386638281708	26.270165462384732	0.0
66.0	26.170950395301173	23.809064855471995	23.74726804225995	26.272716706966882	0.0
67.0	26.31977299592651	23.681502626364562	23.76966230025881	26.229062077450116	0.0
68.0	26.171233866921412	23.68603817228838	23.770796186739766	26.371931774050438	0.0
69.0	26.272716706966882	23.9422965169842	23.58030325793933	26.204683518109583	0.0
70.0	26.258826597575187	23.688305945250292	23.72487378426109	26.327993672913436	0.0
71.0	26.237849697677518	23.735362234209923	23.75605566248735	26.270732405625214	0.0
72.0	26.333096162077734	23.68887288849077	23.811049156813667	26.166981792617833	0.0
73.0	26.29341013524431	23.720621709957506	23.701912583021752	26.28405557177643	0.0
74.0	26.276968781270465	23.739614308513506	23.874263328126904	26.109153582089128	0.0
75.0	26.197596727603617	23.820120248661304	23.755488719246873	26.226794304488205	0.0
76.0	26.265629916460913	23.715235749172972	23.777032562385017	26.242101771981098	0.0
77.0	26.2596770124359	23.71807046537536	23.707865487046764	26.31438703514198	0.0
78.0	26.30276469871219	23.766260640815943	23.716369635653926	26.21460502481794	0.0
79.0	26.320339939166992	23.585972690344107	23.833726886432764	26.259960484056137	0.0
80.0	26.147138779201118	23.778166448865974	23.7812846366886	26.29341013524431	0.0
81.0	26.25315716517041	23.72742502884324	23.784402824511226	26.23501498147513	0.0
82.0	26.08980355472404	23.87617994727443	23.7911387022706	26.24287779573093	0.0
83.0	26.221334013663295	23.86852623522408	23.81098165943816	26.09915809167446	0.0
84.0	26.24202738328089	23.827422966805567	23.715735465033873	26.214814184879664	0.0
85.0	26.215664597329706	23.64770246903081	23.74606684241857	26.390566091220908	0.0
86.0	26.20801088527936	23.79085523145392	23.745783371601895	26.255350511664826	0.0
87.0	26.25308274513139	23.886668367491566	23.71233381523372	26.147915072143324	0.0
88.0	26.193553873628712	23.84017915355614	23.615953737562716	26.350313235252433	0.0
89.0	26.180230745244774	23.686821441732572	23.86569152705729	26.267256285965363	0.0
90.0	26.292977597364864	23.698376567234835	23.74061359919041	26.268032236209894	0.0
91.0	26.179589592115	23.810063752405952	23.75478709984664	26.255559555632406	0.0
92.0	26.334931159307313	23.687888176749222	23.763574670253508	26.21360599368996	0.0
93.0	26.175337541918125	23.702628617431706	23.76073997012226	26.36129387052791	0.0
94.0	26.275685926564257	23.948964058837035	23.583287741906222	26.192062272692485	0.0
95.0	26.267181826170514	23.668612215856747	23.73040867871792	26.33379727925481	0.0
96.0	26.220125803991824	23.741464009229784	23.75110198967602	26.287308197102373	0.0
97.0	26.33918320950418	23.675982436197987	23.819985202865315	26.164849151432517	0.0
98.0	26.300631287719227	23.70347902747108	23.714817827996065	26.281071856813625	0.0
99.0	26.29354453739111	23.725306218481677	23.863072644860264	26.11807659926695	0.0
100.0	26.191495332666232	23.81544968265532	23.75875568003039	26.234299304648058	0.0
101.0	26.28362308693175	23.715101298009188	23.76555896034538	26.23571665471368	0.0
102.0	26.279087566721753	23.696959217169212	23.702628617431706	26.321324598677332	0.0
103.0	26.305733747955472	23.761306910148512	23.71198312786482	26.2209762140312	0.0
104.0	26.318773368559206	23.59717777254933	23.84266280391529	26.241386054976175	0.0
105.0	26.16456568141939	23.77292918068662	23.775480410804743	26.287024727089243	0.0
106.0	26.24847280530429	23.72360539840293	23.78086634105411	26.247055455238666	0.0
107.0	26.10184481761591	23.870375199845792	23.791003821164942	26.236776161373353	0.0
108.0	26.214098624607395	23.86328846960643	23.82331931105643	26.09929359472974	0.0
109.0	26.23110677718186	23.84344562493622	23.708797750388353	26.216649847493567	0.0
110.0	26.233941469277607	23.636229632737294	23.740829771070267	26.388999126914836	0.0
111.0	26.215232501445694	23.7759799530575	23.748483439728776	26.260304105768036	0.0
112.0	26.256902475253135	23.882564375857495	23.699159797262823	26.161373351626548	0.0
113.0	26.200208633338246	23.819634211331966	23.624040456725588	26.356116698604197	0.0
114.0	26.18348394997335	23.67875001417346	23.865839692492603	26.271926343360587	0.0
115.0	26.299915242946597	23.69172243907555	23.73991206810045	26.2684502498774	0.0
116.0	26.16866937095526	23.815031195698083	23.757487109274237	26.258812324072423	0.0
117.0	26.335915730512255	23.697391807196126	23.760038324928495	26.206654137363124	0.0
118.0	26.179441170384354	23.70873054343728	23.76627462986113	26.345553656317232	0.0
119.0	26.270151060313573	23.94599359928339	23.578335076664032	26.205520263739007	0.0
120.0	26.245489308989068	23.67102924543545	23.72743945823518	26.3560419873403	0.0
121.0	26.227914267815283	23.73310882635576	23.758054046086293	26.280922859742667	0.0
122.0	26.326844741519334	23.67556473993191	23.838842541804503	26.15874797674425	0.0
123.0	26.300482179758657	23.702777706910677	23.712699101121686	26.284041012208988	0.0
124.0	26.31125397918775	23.695974465165985	23.86322082472298	26.129550730923285	0.0
125.0	26.19276418546771	23.801424712208703	23.76372341420687	26.242087688116722	0.0
126.0	26.306718484691288	23.715817253588	23.75720364086821	26.220260620852503	0.0
127.0	26.297647495698367	23.691438970669523	23.686053070954976	26.32486046267713	0.0
128.0	26.328545551955507	23.745297967814995	23.7138329747458	26.2123235054837	0.0
129.0	26.325218554760582	23.592575374462825	23.839477056002174	26.24272901477441	0.0
130.0	26.180649257877608	23.774279137800054	23.754436293129842	26.2906353111925	0.0
131.0	26.256619006043564	23.71871917272346	23.77796423752452	26.246697583708457	0.0
132.0	26.095756441874308	23.8903534881084	23.793406468804037	26.220483601213257	0.0
133.0	26.211696005896197	23.87164441420756	23.824871729455452	26.091787850440795	0.0
134.0	26.2106364221346	23.848467410685178	23.720621709957506	26.220274457222715	0.0
135.0	26.249472034107306	23.660809198087133	23.716086164033687	26.373632603771874	0.0
136.0	26.23104637879179	23.780150750207643	23.750102758462337	26.238700112538233	0.0
137.0	26.261944785397812	23.872562498405472	23.714385334312254	26.151107381884465	0.0
138.0	26.219424042362	23.82097066352202	23.608366948342965	26.351238345773016	0.0
139.0	26.204966989729822	23.683203456085995	23.853853371469715	26.257976182714465	0.0
140.0	26.297169811320753	23.687522677793904	23.740532021044995	26.274775489840348	0.0
141.0	26.172158472423803	23.81508526850508	23.73713035195936	26.275625907111756	0.0
142.0	26.34904526487663	23.69375907111756	23.752721335268507	26.204474328737298	0.0
143.0	26.170174165457183	23.711617833817126	23.78815538824383	26.330052612481857	0.0
144.0	26.2691060413643	23.958805787373006	23.586606494920172	26.185481676342526	0.0
145.0	26.2478456095791	23.67419947387518	23.726358399854863	26.351596516690854	0.0
146.0	26.227435595065312	23.723523675616836	23.774548711901307	26.274492017416545	0.0
147.0	26.320981494920176	23.693192126269956	23.851653211175616	26.134173167634252	0.0
148.0	26.312193849782297	23.725791455007254	23.695176433236576	26.266838261973874	0.0
149.0	26.286397859216255	23.702546716255444	23.877732674165458	26.133322750362847	0.0
150.0	26.205324746008706	23.801762064586356	23.778800798258345	26.21411239114659	0.0
151.0	26.29015752607245	23.709700737313867	23.76356065051436	26.236581086099324	0.0
152.0	26.283921115070285	23.692408870444233	23.68163688780413	26.34203312668135	0.0
153.0	26.31737095590007	23.739181952960454	23.72954386322984	26.21390322790964	0.0
154.0	26.316595136719524	23.603748660585204	23.825992300845318	26.25366390184995	0.0
155.0	26.173157277061847	23.770431390780292	23.75625768923309	26.300153642924773	0.0
156.0	26.24515968092163	23.724508597767358	23.77723476752295	26.253096953788063	0.0
157.0	26.12029572178567	23.864963545032943	23.795512013697543	26.21922871948385	0.0
158.0	26.221213048950574	23.857593178442244	23.819607442936356	26.101586329670827	0.0
159.0	26.226389955862718	23.860779049957053	23.709119153652736	26.203711840527493	0.0
160.0	26.241981160155685	23.656392535498338	23.72839555168768	26.3732307526583	0.0
161.0	26.230925578929764	23.772334400149674	23.76779877708263	26.228941243837934	0.0
162.0	26.254454123590058	23.89139450565961	23.717623446903445	26.136527923846884	0.0
163.0	26.206263128502705	23.829313164929427	23.622942315378882	26.341481391188985	0.0
164.0	26.19237278285988	23.68474017966737	23.859078191306914	26.263808846165837	0.0
165.0	26.2925144998611	23.700682046252147	23.74830622345944	26.258497230427313	0.0
166.0	26.177139261031517	23.80897035394969	23.742353201308532	26.271537183710265	0.0
167.0	26.35431253933247	23.70691854564834	23.75539315459148	26.18337576042771	0.0
168.0	26.17657230654095	23.710036795346436	23.774386130025345	26.339004768087264	0.0
169.0	26.280891932804558	23.950708976590448	23.58615723915841	26.182241851446587	0.0
170.0	26.251410299295273	23.663263049874985	23.735266270176492	26.350060380653247	0.0
171.0	26.227598210691628	23.717407203723756	23.787993037798856	26.267001547785757	0.0
172.0	26.301302294464822	23.688492524705044	23.864815371270147	26.145389809559987	0.0
173.0	26.295632749559196	23.73725061089346	23.71627329474263	26.250843344804714	0.0
174.0	26.28741190944603	23.705784636667214	23.85971278085508	26.147090673031677	0.0
175.0	26.193580941257842	23.809253831194972	23.774386130025345	26.222779097521844	0.0
176.0	26.297408160199115	23.69904836418992	23.77303613494689	26.230507340664076	0.0
177.0	26.29457337971034	23.706418793460728	23.682323159306158	26.31668466752277	0.0
178.0	26.31186554069186	23.752058759329973	23.72512834468663	26.21094735529154	0.0
179.0	26.323846241070413	23.5936614128586	23.840854972219073	26.241637373851912	0.0
180.0	26.179555505159314	23.780190497788865	23.762047851230296	26.27820614582152	0.0
181.0	26.258929583853046	23.72604603696564	23.786993990248327	26.22803038893299	0.0
182.0	26.119889556012904	23.875574756632027	23.80073591527336	26.20379977208171	0.0
183.0	26.256243657124717	23.862534655486197	23.819445625613024	26.061776061776058	0.0
184.0	26.223434262112445	23.877059845729494	23.721995594701166	26.17751029745689	0.0
185.0	26.2356239564346	23.66643326709321	23.73702010165638	26.360922674815807	0.0
186.0	26.22570211221889	23.793149391790948	23.767636078093417	26.21351241789674	0.0
187.0	26.26737385792486	23.87535895814966	23.72312951975439	26.134137664171085	0.0
188.0	26.201322723574584	23.84219165034287	23.615690120961457	26.34079550512109	0.0
189.0	26.192534804412105	23.66501586077668	23.867421482777097	26.27502785203412	0.0
190.0	26.280205014230802	23.718661057501503	23.750127566930114	26.25100636133758	0.0
191.0	26.178151470138	23.83120343807051	23.74219006905623	26.24845502273526	0.0
192.0	26.32924741180873	23.712707934096088	23.75721461860323	26.200830035491958	0.0
193.0	26.16766263366179	23.702219097619885	23.775640952953317	26.354477315765006	0.0
194.0	26.2929617072424	23.930705643560987	23.593361983920897	26.18297066527571	0.0
195.0	26.264896982616882	23.651192325573483	23.75239542346551	26.331515268344123	0.0
196.0	26.21245280023586	23.72489766297384	23.788397645964913	26.274251890825383	0.0
197.0	26.31223848779326	23.6931476714783	23.85870119856218	26.13591264216626	0.0
198.0	26.298064384447038	23.72858292984386	23.720928914036897	26.252423771672206	0.0
199.0	26.287008583836986	23.703919990021433	23.869190035038386	26.1398813911032	0.0
200.0	26.192892537618068	23.794634251437255	23.786413271496446	26.22605993944823	0.0
201.0	26.2984224178254	23.715043018525606	23.777692732916613	26.208841830732375	0.0
202.0	26.295871071990472	23.713909087043415	23.666567447661976	26.323652393304137	0.0
203.0	26.31401397570552	23.75813241484883	23.725815367606412	26.202038241839237	0.0
204.0	26.332798494134725	23.5960471036473	23.83133855321272	26.239815849005254	0.0
205.0	26.16100738758455	23.801289283750148	23.772657432658452	26.26504589600685	0.0
206.0	26.248320359230508	23.732402750925573	23.785697681670513	26.233579208173403	0.0
207.0	26.120617317548874	23.864357962534584	23.80907833265297	26.205946387263573	0.0
208.0	26.226640812809	23.87201206513358	23.843380051707715	26.057967070349708	0.0
209.0	26.245992215472103	23.87094579462567	23.71984771127509	26.163214278627134	0.0
210.0	26.230400480792397	23.65606334213085	23.741109167656504	26.372427009420242	0.0
211.0	26.22784910602663	23.79525500990784	23.77115869267557	26.20573719138996	0.0
212.0	26.274057337895567	23.865559559009046	23.72013119736018	26.140251905735205	0.0
213.0	26.20630416356013	23.829840312288272	23.636786288345036	26.32706923580656	0.0
214.0	26.211690399176756	23.673355993321067	23.84826690781883	26.266686699683344	0.0
215.0	26.28065201984408	23.70772501771793	23.767257264351525	26.244365698086465	0.0
216.0	26.175194897236004	23.82508858965273	23.74684620836286	26.252870304748406	0.0
217.0	26.332395931373103	23.694251987254358	23.763139691791306	26.210212389581233	0.0
218.0	26.17194144261626	23.701622688151314	23.77277830065656	26.353657568575866	0.0
219.0	26.278249628630068	23.91593999115516	23.601267760554276	26.204542619660494	0.0
220.0	26.25160171000261	23.637837776543027	23.776463651105036	26.334096862349327	0.0
221.0	26.210779366573306	23.722884325354077	23.79659133432365	26.269744973748963	0.0
222.0	26.298377311848686	23.708709900552236	23.854422987515168	26.138489800083914	0.0
223.0	26.296676380872462	23.71891548640956	23.710410831528456	26.273997301189517	0.0
224.0	26.281651490582515	23.70020524567113	23.864061596380417	26.154081667365936	0.0
225.0	26.20000680372391	23.781849932529738	23.777030628097112	26.241112635649245	0.0
226.0	26.311775862020088	23.713879919602434	23.766892418645657	26.207451799731817	0.0
227.0	26.273788295860772	23.707643155009116	23.679294225039477	26.33927432409064	0.0
228.0	26.30809050112404	23.749883060663876	23.73457463848027	26.207451799731817	0.0
229.0	26.32999381991575	23.58864452041979	23.849738905614807	26.231622754049656	0.0
230.0	26.18257896616829	23.79502531566623	23.773196577707473	26.249199140458007	0.0
231.0	26.256853373248738	23.729255611686597	23.762707443883137	26.25118357118153	0.0
232.0	26.118806379733627	23.84802490205306	23.806634877615934	26.226533840597376	0.0
233.0	26.246945359497875	23.872121834088368	23.82789687647062	26.053035929943132	0.0
234.0	26.238514944392627	23.87927686319424	23.700959060613876	26.18124913179925	0.0
235.0	26.237664462027382	23.663537836542957	23.729308472788816	26.369489228640848	0.0
236.0	26.24106639148837	23.77891994409496	23.767013190981483	26.213000473435184	0.0
237.0	26.285007980359527	23.875591439611497	23.717118225553595	26.12228235447538	0.0
238.0	26.208464567487194	23.840438168514577	23.622998177132796	26.328099086865436	0.0
239.0	26.185218049503746	23.667223260125702	23.877575898463746	26.26998279190681	0.0
240.0	26.25868277054804	23.693969550055286	23.785829718465596	26.261517960931073	0.0
241.0	26.169453848465775	23.82515892323483	23.750871880369505	26.254515347929885	0.0
242.0	26.33260929976691	23.709925309226605	23.755295558819693	26.20216983218679	0.0
243.0	26.175385461774276	23.713307754041782	23.762084230168252	26.349222554015693	0.0
244.0	26.281965836932752	23.911878231325314	23.6075699866422	26.19858594509973	0.0
245.0	26.258257202095464	23.623894194360854	23.75776793893996	26.360080664603725	0.0
246.0	26.220435811174962	23.702125728290284	23.7968672880654	26.28057117246935	0.0
247.0	26.31119079499807	23.687390781381204	23.864693733971812	26.13672468964891	0.0
248.0	26.30246974876938	23.731718042926246	23.701927850992295	26.263884357312072	0.0
249.0	26.280623608017816	23.71441135999319	23.861660022981006	26.14330500900799	0.0
