# Position (bp)	A	C	G	T	N
0.0	26.131106546396353	23.917716054895656	23.943615849483493	26.007561549224494	0.0
1.0	25.92420588848203	24.077580304248162	23.955821499806497	26.04239230746331	0.0
2.0	25.928649253686913	23.970433260498098	24.044260801743285	26.05665668407171	0.0
3.0	26.09116293469395	24.11959776855617	23.932354149425766	25.856885147324114	0.0
4.0	25.973179335288076	24.004643755488413	23.89003825144745	26.13213865777606	0.0
5.0	25.973233474826014	23.984794994374028	23.816015859880572	26.225955670919387	0.0
6.0	25.976770629312345	23.924703977330232	24.029480226459572	26.069045166897848	0.0
7.0	25.873230842498472	24.058160820323547	23.902192192639113	26.166416144538868	0.0
8.0	26.032228876215875	24.02581167478242	23.850499446382436	26.091460002619264	0.0
9.0	26.060324660249655	23.973903363870683	23.952176009429078	26.01359596645058	0.0
10.0	26.1373207891972	23.979201576251462	23.87830481536488	26.005172819186456	0.0
11.0	25.837606812168328	23.96729635372797	24.106885087815897	26.088211746287804	0.0
12.0	26.014101736079077	23.968784506543408	23.988428123707166	26.02868563367035	0.0
13.0	26.129880025120016	23.880983490432666	24.083372273332003	25.90576421111531	0.0
14.0	26.10636721063613	23.95241482557361	23.944378800370252	25.996839163420017	0.0
15.0	25.916776541949538	24.014917243821934	23.875923770860183	26.192382443368345	0.0
16.0	26.069461020813307	23.882174012685013	24.00122623791992	26.04713872858176	0.0
17.0	26.04059085619384	23.9783086845622	23.991106798774954	25.989993660469008	0.0
18.0	26.06648471518243	24.01432198269576	23.952117195010523	25.967076107111286	0.0
19.0	26.048031620271022	23.975630009494413	23.934556991788373	26.04178137844619	0.0
20.0	26.090437484560507	23.839173306268954	23.998999967260833	26.071389241909703	0.0
21.0	26.045197908264857	23.94870070151106	23.936795549854313	26.069305840369772	0.0
22.0	26.098175833137393	23.968641830536118	23.9064374131296	26.026744923196894	0.0
23.0	26.069008211578353	23.956141421296532	23.933521633148704	26.04132873397641	0.0
24.0	26.050257597718975	23.926676170946074	23.947807815136805	26.07525841619815	0.0
25.0	26.16841622791222	23.904354011589664	23.939474208977078	25.98775555152103	0.0
26.0	25.951147210176522	24.063883043790124	23.943045754474106	26.041923991559244	0.0
27.0	25.95829030117057	23.95108173184241	24.041560884433714	26.049067082553297	0.0
28.0	26.114247787874007	24.09602695326335	23.93233111798303	25.857394140879613	0.0
29.0	26.016327915497232	23.98501141406415	23.900187208509802	26.098473461928812	0.0
30.0	25.997279672846435	23.96387976987342	23.803457851298703	26.235382705981447	0.0
31.0	25.9809100893184	23.93560503468864	24.018345838703052	26.065139037289914	0.0
32.0	25.880609186610275	24.04543005872216	23.909413701043782	26.164547053623778	0.0
33.0	26.049067082553297	24.013583778040353	23.84244722297456	26.09490191643179	0.0
34.0	26.067817696412682	23.97251100482456	23.962093997124907	25.997577301637854	0.0
35.0	26.14758221251291	23.959117709210716	23.880841337067583	26.01245874120879	0.0
36.0	25.840131670977325	23.961796368333488	24.097515097220445	26.100556863468743	0.0
37.0	26.030911726276752	23.974296777573077	23.983523270107057	26.011268226043114	0.0
38.0	26.129724485027783	23.89155597355866	24.063585414998705	25.915134126414852	0.0
39.0	26.088651711811995	23.962093997124907	23.955248534922273	25.994005756140826	0.0
40.0	25.928527422028697	23.985606671646988	23.885603397730282	26.20026250859403	0.0
41.0	26.06841295399552	23.890365458392985	23.985309042855572	26.055912544755927	0.0
42.0	26.042221620350663	23.969534716910378	23.99721419451232	25.99102946822664	0.0
43.0	26.076151302572402	24.010607490126166	23.949891216676736	25.963349990624696	0.0
44.0	26.034780900565195	23.974296777573077	23.9254856557804	26.065436666081332	0.0
45.0	26.094151331434475	23.834566997330285	23.98605915039391	26.085222520841334	0.0
46.0	26.050995413567623	23.934569675973464	23.947962891863174	26.06647201859574	0.0
47.0	26.086710655940188	23.966415767089	23.910759514391756	26.036114062579056	0.0
48.0	26.06528151051665	23.96195136179243	23.93159340577575	26.04117372191517	0.0
49.0	26.027482879005685	23.926831373459407	23.958975091594713	26.086710655940188	0.0
50.0	26.177486896970454	23.89944968764044	23.92921238961758	25.993851025771527	0.0
51.0	25.930754097579996	24.064037429574007	23.96195136179243	26.04325711105357	0.0
52.0	25.95754052935942	23.954213059278374	24.05391811090178	26.03432830046043	0.0
53.0	26.11141369858121	24.097966909827942	23.935760184052548	25.8548592075383	0.0
54.0	26.015875425234604	24.000345247342935	23.895878163403186	26.08790116401927	0.0
55.0	25.9878984853761	23.97355881556351	23.808971073629948	26.22957162543044	0.0
56.0	25.97986255584227	23.931295778755977	24.029215068260758	26.059626597140994	0.0
57.0	25.895634109246974	24.0423106571307	23.89022325002753	26.1718319835948	0.0
58.0	26.04057846787563	24.02326252786533	23.853615126595653	26.08254387766339	0.0
59.0	26.058733716081683	23.97117779940534	23.966118140069227	26.00397034444375	0.0
60.0	26.156057751546918	23.955998821397	23.868496477584223	26.01944694947186	0.0
61.0	25.842656499727674	23.963141869871514	24.097074028768628	26.097127601632188	0.0
62.0	26.04325711105357	23.967606275168084	23.992309317809106	25.99682729596924	0.0
63.0	26.116770984937098	23.90064019571953	24.062251667455378	25.920337151887995	0.0
64.0	26.069448288793453	23.98159474509734	23.972665934504196	25.976291031605015	0.0
65.0	25.9140869844728	24.00570253369882	23.897961552541584	26.182248929286793	0.0
66.0	26.06974591581322	23.89439002830433	23.977130339800766	26.058733716081683	0.0
67.0	26.052781175686253	23.961356107752888	23.990225928670707	25.995636787890152	0.0
68.0	26.070638796872537	24.000047620323166	23.97117779940534	25.958135783398962	0.0
69.0	26.050102532508312	23.973856442583283	23.930700524716435	26.045340500191973	0.0
70.0	26.077328991973047	23.843353879396297	24.007643016372366	26.071674112258293	0.0
71.0	26.048161717654832	23.935320081073115	23.94543933951005	26.071078861762004	0.0
72.0	26.068400234528692	23.97192798659496	23.92014119341772	26.039530585458625	0.0
73.0	26.071971737506438	23.962106353406174	23.925200822636185	26.040721086451207	0.0
74.0	26.029708952269836	23.91954594292143	23.9543680969544	26.096377007854333	0.0
75.0	26.170485694642448	23.90585518150676	23.923712696395462	25.999946427455335	0.0
76.0	25.937742750593017	24.067168066001372	23.949308467735936	26.045780715669668	0.0
77.0	25.968993401648248	23.963594479646897	24.06032268529404	26.007089433410812	0.0
78.0	26.10024613608022	24.104966472515795	23.940379710291584	25.854407681112406	0.0
79.0	26.023458822058792	23.999309509424304	23.901688428032728	26.07554324048418	0.0
80.0	25.97732690859631	23.97609474006899	23.82698449074832	26.219593860586382	0.0
81.0	25.9957796739813	23.936212956817553	24.019250401050023	26.04875696815112	0.0
82.0	25.885063081671344	24.040679418916465	23.905259931010466	26.168997568401725	0.0
83.0	26.044292589428945	24.01895277580188	23.853770763081375	26.082983871687805	0.0
84.0	26.076733741476758	23.97133273609867	23.96389210489504	25.988041417529534	0.0
85.0	26.164235564431404	23.94722509099892	23.87162827797008	26.0169110665996	0.0
86.0	25.830002410764507	23.95198709496924	24.118359608682326	26.099650885583927	0.0
87.0	26.044292589428945	23.984130621768905	23.99960713467245	25.9719696541297	0.0
88.0	26.10857964302828	23.904069430017888	24.083537454649353	25.90381347230448	0.0
89.0	26.077328991973047	23.963594479646897	23.97609474006899	25.982981788311065	0.0
90.0	25.91542085698214	24.005857264883495	23.896331173566114	26.18239070456825	0.0
91.0	26.072864613250875	23.889485792858782	23.995440381198417	26.04220921269193	0.0
92.0	26.06810260928055	23.9603206019173	24.003178637650187	25.968398151151963	0.0
93.0	26.068400234528692	23.981749619783745	23.96686835737649	25.982981788311065	0.0
94.0	26.04697121666225	23.959725351421014	23.937998708306424	26.055304723610313	0.0
95.0	26.08937633000491	23.845592940371134	24.003333382937246	26.061697346686707	0.0
96.0	26.035506480751202	23.936368100715786	23.967618565752467	26.060506852780545	0.0
97.0	26.073602285748297	23.967618565752467	23.90690337653834	26.05187577196089	0.0
98.0	26.07181654488906	23.949165910206997	23.940832452863884	26.038185092040063	0.0
99.0	26.01497046086995	23.917617821693778	23.94410631110582	26.12330540633045	0.0
100.0	26.169139421717585	23.918510692123395	23.904820012202563	26.007529873956457	0.0
101.0	25.940266968258456	24.056607985237875	23.949761157160076	26.05336388934359	0.0
102.0	25.955445765561986	23.967320942275926	24.07000104168217	26.007232250479916	0.0
103.0	26.111400467268858	24.0822036042203	23.95035640411316	25.856039524397683	0.0
104.0	26.042947067664695	23.989642703016415	23.900950907007545	26.066459322311342	0.0
105.0	25.98818434798137	23.983690233485618	23.815532969240614	26.212592449292398	0.0
106.0	25.980446137591333	23.948570663253918	24.013154957663062	26.057828241491688	0.0
107.0	25.887885236387447	24.037857706215863	23.90868911739758	26.165567939999107	0.0
108.0	26.07479277965446	24.001845265554547	23.85898599681543	26.064375957975567	0.0
109.0	26.079257131802557	23.96107084926859	23.96166609622167	25.998005922707186	0.0
110.0	26.146520037500558	23.957796991026655	23.89083170880519	26.0048512626676	0.0
111.0	25.838479739281834	23.94351106415274	24.128037619607433	26.089971576957993	0.0
112.0	26.038185092040063	23.97803538743136	23.994999925594133	25.988779594934446	0.0
113.0	26.10693611512076	23.900355660054466	24.0792273694549	25.91348085536987	0.0
114.0	26.08937633000491	23.954523132784715	23.977440140478283	25.978660396732096	0.0
115.0	25.914968972752572	24.006309617702644	23.902141400913703	26.176580008631078	0.0
116.0	26.07122129793598	23.885176862750935	24.023274155865415	26.020327683447668	0.0
117.0	26.06824506317058	23.975059152665963	23.983392610009076	25.973303174154378	0.0
118.0	26.061399723210165	23.99113082039911	23.985178350868317	25.962291105522407	0.0
119.0	26.049197160672033	23.963749460557448	23.939939582434263	26.04711379633626	0.0
120.0	26.102329512817228	23.825496364507597	23.993059379213257	26.07911474346192	0.0
121.0	26.031197078510566	23.928474700365783	23.97907099255044	26.061257228573215	0.0
122.0	26.07375748899531	23.966273106880205	23.91716494093627	26.042804463188222	0.0
123.0	26.096972258350622	23.94067733553973	23.93680820731384	26.025542198795808	0.0
124.0	26.025542198795808	23.9272841993732	23.932939079087955	26.114234522743036	0.0
125.0	26.16810469265729	23.91270056221409	23.928772325613927	25.99042241951469	0.0
126.0	25.95917176845946	24.057346432812587	23.944248838517467	26.03923296021048	0.0
127.0	25.960064644203896	23.953475221209967	24.081156452664192	26.005303681921944	0.0
128.0	26.10679389153941	24.082942204153063	23.961808728158026	25.848455176149503	0.0
129.0	26.048161717654832	23.98680924900221	23.900795552288294	26.064233481054664	0.0
130.0	26.005006056673803	23.956451473691416	23.826091615003882	26.212450854630898	0.0
131.0	25.979189980713823	23.95265363461035	24.027357794233197	26.04079859044263	0.0
132.0	25.903592942689112	24.03717945665373	23.905033453177456	26.154194147479704	0.0
133.0	26.04883449605943	24.010690730731685	23.862175289887855	26.078299483321032	0.0
134.0	26.075025595847517	23.96723731517417	23.976166099192838	25.981570989785467	0.0
135.0	26.17421299975297	23.939629335309576	23.896473417442728	25.989684247494726	0.0
136.0	25.83908497549042	23.933081540874607	24.138444184516846	26.08938929911813	0.0
137.0	26.01528017119506	23.97772559384031	24.005107279659278	26.00188695530535	0.0
138.0	26.12153301725344	23.883973082612332	24.07802589950326	25.91646800063097	0.0
139.0	26.090877434216985	23.95361780523883	23.99707135012545	25.95843341041873	0.0
140.0	25.921825286986856	23.98844016655208	23.900044941679983	26.18968960478108	0.0
141.0	26.05843608906191	23.884865963671643	24.018500495548988	26.038197451717455	0.0
142.0	26.08165099660408	23.97921372893917	23.976535085761224	25.96260018869553	0.0
143.0	26.073317440050474	23.97772559384031	23.977130339800766	25.97182662630844	0.0
144.0	26.053971683765337	23.95302255119929	23.955403567357457	26.037602197677913	0.0
145.0	26.086270681480645	23.829649184943555	24.020726869034405	26.0633532645414	0.0
146.0	26.026447294405468	23.932628746774448	23.98024935340145	26.060674605418633	0.0
147.0	26.085973052689226	23.941259981725594	23.928461943694586	26.044305021890597	0.0
148.0	26.086568310272064	23.953760390965183	23.93411689073154	26.025554408031216	0.0
149.0	26.019679274259794	23.909187232877365	23.946093312856412	26.12504018000643	0.0
150.0	26.182263004223376	23.9152110051877	23.914615744061525	25.987910246527395	0.0
151.0	25.990886552158265	24.054799739275627	23.939616711360856	26.01469699720525	0.0
152.0	25.958147190218668	23.951819564447437	24.072657573060862	26.017375672273037	0.0
153.0	26.096545402054243	24.085455687273615	23.95777217570918	25.86022673496296	0.0
154.0	26.03404298380592	23.993487843279652	23.927711488837367	26.044757684077062	0.0
155.0	26.01023253875894	23.9595579590877	23.839315211600447	26.190894290552908	0.0
156.0	25.98739233182335	23.944450066371815	24.022131874542392	26.046025727262446	0.0
157.0	25.893936056859513	24.03373950105064	23.903376926419554	26.168947515670293	0.0
158.0	26.077574660848963	23.98552320632407	23.86468483805873	26.072217294768237	0.0
159.0	26.09067044460186	23.959331638818284	23.978082420100836	25.97191549647902	0.0
160.0	26.17289462327187	23.944223700462818	23.89481673288986	25.98806494337545	0.0
161.0	25.82109320356564	23.932616039406522	24.128755748024467	26.11753500900338	0.0
162.0	26.016637647514024	23.97249877226662	23.995416462044435	26.01544711817492	0.0
163.0	26.132118993407445	23.86654166108606	24.079944045121064	25.921395300385434	0.0
164.0	26.095807848564668	23.933806568745627	23.994821197374883	25.97556438531482	0.0
165.0	25.926157417741862	23.995714094379213	23.90344807059839	26.174680417280534	0.0
166.0	26.084200187508372	23.878446954477134	24.036489724243644	26.000863133770853	0.0
167.0	26.08330729050404	23.97547509561439	23.982320639314256	25.95889697456732	0.0
168.0	26.060687233060996	23.98380880098814	23.972201139931844	25.983302826019017	0.0
169.0	26.0529487923568	23.953747935175677	23.956724258523447	26.03657901394407	0.0
170.0	26.08286728792826	23.850313855165293	24.01401261373343	26.052806243173016	0.0
171.0	26.031376587505918	23.92859162517151	23.995856933237693	26.04417485408488	0.0
172.0	26.078998044543923	23.936330111940187	23.936330111940187	26.048341731575704	0.0
173.0	26.084057824354208	23.951211817264564	23.940199355324527	26.0245310030567	0.0
174.0	26.01121488651178	23.91973379526284	23.943544594650902	26.125506723574475	0.0
175.0	26.160110244329292	23.917423901946837	23.920995532485467	26.0014703212384	0.0
176.0	25.978254722737297	24.03975224789497	23.947782761525204	26.03421026784253	0.0
177.0	25.95503912423619	23.95105675618562	24.076063825037725	26.017840294540466	0.0
178.0	26.107428693884476	24.08231417848033	23.94718748976877	25.863069637866428	0.0
179.0	26.051770784657464	23.978736892860013	23.925757706536977	26.043734615945546	0.0
180.0	26.01129230521964	23.937663141665748	23.84450311178311	26.206541441331506	0.0
181.0	25.96583129948211	23.9430918507054	24.031787606405146	26.059289243407346	0.0
182.0	25.92059051133996	24.014822310851834	23.91541163164474	26.149175546163463	0.0
183.0	26.063158521340558	23.985058634442527	23.873742484671705	26.078040359545213	0.0
184.0	26.08845764628847	23.961842966843264	23.96511697124829	25.98458241561998	0.0
185.0	26.173957300902735	23.939591462561648	23.90566077046482	25.980790466070797	0.0
186.0	25.849234624783097	23.90982769756443	24.120257516094757	26.12068016155772	0.0
187.0	26.03168650421604	23.95774735920995	23.988404037157085	26.022162099416928	0.0
188.0	26.14151479705577	23.862800948868827	24.077992969798707	25.917691284276696	0.0
189.0	26.081987267061336	23.940782013161538	23.9946544278065	25.982576291970627	0.0
190.0	25.939121195074694	23.993761514856583	23.899410379815407	26.16770691025332	0.0
191.0	26.073355775212143	23.876789918417522	24.039300075302325	26.01055423106801	0.0
192.0	26.106988829658995	23.97679616880817	23.965485938109225	25.950729063423605	0.0
193.0	26.07305813756217	23.980070182957864	23.987213486557195	25.959658192922774	0.0
194.0	26.06383137041303	23.938996187261704	23.95774735920995	26.039425083115315	0.0
195.0	26.09345282563985	23.85222797989148	24.003428806138515	26.050890388330156	0.0
196.0	26.040770647990787	23.923363801688808	23.970390830324696	26.065474719995713	0.0
197.0	26.110715912101124	23.927233114171507	23.925149638219285	26.036901335508084	0.0
198.0	26.09583394101382	23.95997345056358	23.925744917062776	26.018447691359825	0.0
199.0	26.002452556134966	23.906469509726886	23.95171083648832	26.139367097649835	0.0
200.0	26.158947296360125	23.920374553907607	23.919481625011535	26.001196524720736	0.0
201.0	25.9901955239918	24.035848545550333	23.948042825379723	26.025913105078146	0.0
202.0	25.978753612749024	23.927634888365684	24.067233594175548	26.026377904709747	0.0
203.0	26.104078176206023	24.090141951845315	23.940718956777463	25.865060915171195	0.0
204.0	26.04811896689775	23.95709000205382	23.93684943698487	26.05794159406356	0.0
205.0	26.033533853833358	23.938337713828176	23.82671695058028	26.201411481758193	0.0
206.0	25.988522306492516	23.93587255473931	24.027551226946386	26.048053911821782	0.0
207.0	25.90517805903154	24.0224910404934	23.92932407815309	26.14300682232197	0.0
208.0	26.060270514835455	24.000452445587463	23.876625232176025	26.062651807401053	0.0
209.0	26.11445818995797	23.940312191172445	23.964125400359578	25.98110421851001	0.0
210.0	26.185833990683	23.932786616856927	23.894089806367113	25.98728958609296	0.0
211.0	25.850064742740624	23.920582238163984	24.11108961288306	26.11826340621233	0.0
212.0	26.03939382212948	23.94110870658836	24.002428997949043	26.017068473333115	0.0
213.0	26.141961986693858	23.856400791819844	24.07816988405495	25.92346733743135	0.0
214.0	26.07260333100153	23.952848021194576	23.993927396668997	25.980621251134895	0.0
215.0	25.947149546481548	23.974411259522103	23.89999077185953	26.178448422136817	0.0
216.0	26.090929928645636	23.875580851906207	24.03335228575086	26.0001369336973	0.0
217.0	26.107755554034064	23.989438181509673	23.962646646444018	25.94015961801225	0.0
218.0	26.05849519982139	23.974399047406415	23.99583240306616	25.97127334970604	0.0
219.0	26.055375785522276	23.9492383671258	23.955787487013396	26.039598360338527	0.0
220.0	26.078168118910327	23.86363298076608	23.99402233289771	26.064176567425886	0.0
221.0	26.05078040111099	23.918110723779982	23.980030781413266	26.05107809369576	0.0
222.0	26.095136596242526	23.92733919390802	23.929720734586223	26.047803475263237	0.0
223.0	26.08531274094494	23.951452293274826	23.922576112551614	26.040658853228628	0.0
224.0	26.0170879104522	23.928433211276833	23.933196391890686	26.12128248638028	0.0
225.0	26.176590544406636	23.896495160862976	23.912273337560695	26.014640957169693	0.0
226.0	25.98681174736905	24.021375091171613	23.951117131331774	26.040696030127563	0.0
227.0	25.9534916953709	23.938588317252016	24.066603750554485	26.0413162368226	0.0
228.0	26.104883966715793	24.080144092648002	23.9494484883669	25.86552345226931	0.0
229.0	26.03180179402369	23.97459905386537	23.93976653279467	26.05383261931627	0.0
230.0	26.02822922776003	23.946613951466684	23.828719264765862	26.196437556007417	0.0
231.0	25.998237528729472	23.93299036595096	24.024984221118693	26.043787884200874	0.0
232.0	25.910268242579416	24.01351632975081	23.922117359849953	26.15409806781982	0.0
233.0	26.054077871658837	23.99742769868348	23.879530555009733	26.06896387464794	0.0
234.0	26.09442545640757	23.933560395850947	23.996379702516347	25.975634445225136	0.0
235.0	26.177050273607993	23.925366646619945	23.895296562483253	26.00228651728881	0.0
236.0	25.841669643920444	23.93712040014291	24.118435155412648	26.102774800524	0.0
237.0	26.030725259021082	23.960045254257473	24.001429081814933	26.00780040490651	0.0
238.0	26.14238588050352	23.874882397075112	24.07168121568674	25.91105050673463	0.0
239.0	26.070633209875073	23.950803272636332	24.003799021067298	25.974764496421297	0.0
240.0	25.96481930293629	23.961937201145695	23.910428563772456	26.162814932145555	0.0
241.0	26.076509435647633	23.892524728006812	24.056286362526574	25.97467947381898	0.0
242.0	26.12091400122677	23.977644249379175	23.965138368637636	25.936303380756424	0.0
243.0	26.060662005550462	23.98400371618805	24.001572233405195	25.953762044856294	0.0
244.0	26.04952682703131	23.96893555437767	23.96595775092461	26.015579867666418	0.0
245.0	26.09484160308753	23.848875230046275	24.012662223572224	26.043620943293966	0.0
246.0	26.028923010947384	23.930873050853517	23.999964263166046	26.040239675033057	0.0
247.0	26.087034213285047	23.931430477461166	23.949001715429333	26.032533593824454	0.0
248.0	26.096745948070975	23.967286741361544	23.93631278926395	25.999654521303526	0.0
249.0	26.038747338168065	23.918514437180765	23.94799934477983	26.094738879871336	0.0
