# Position (bp)	A	C	G	T	N
0.0	26.265570709507593	23.8402087609955	23.686036253379662	26.20818427611725	0.0
1.0	26.178491793169016	23.74741975178226	23.7442792007012	26.32980925434752	0.0
2.0	26.275565554020258	23.75555276410602	23.735854012264614	26.23302766960911	0.0
3.0	26.210011247951677	23.64210959044895	23.7540181451728	26.393861016426577	0.0
4.0	26.425845201697967	23.717031923973956	23.651659572767418	26.205463301560656	0.0
5.0	26.241333146841967	23.66118705559631	23.69287155787845	26.40460823968327	0.0
6.0	26.383647978261244	23.685427382386354	23.67029930753378	26.26062533181862	0.0
7.0	26.149029144225526	23.68100330801659	23.85510944425892	26.314858103498963	0.0
8.0	26.254698430003735	23.698638347180086	23.69692593533362	26.349737287482554	0.0
9.0	26.253003727190222	23.7649758274876	23.66765792042192	26.314362524900258	0.0
10.0	26.370446470613416	23.68505914415764	23.697044932437255	26.247449452791688	0.0
11.0	26.23061227401795	23.852289428249364	23.62341794729107	26.29368035044162	0.0
12.0	26.233676544450024	23.70582393498014	23.77146020729647	26.289039313273367	0.0
13.0	26.255935802018172	23.72437331628693	23.811412720880327	26.208278160814576	0.0
14.0	26.170608648006937	23.86534861421853	23.69783343226337	26.26620930551116	0.0
15.0	26.260501803570612	23.727227067257203	23.744064197981825	26.268206931190356	0.0
16.0	26.330989452536414	23.771174832199442	23.700116433039586	26.197719282224558	0.0
17.0	26.264211679831973	23.75776220263915	23.603374275147253	26.374651842381624	0.0
18.0	26.220834665083785	23.70696543536825	23.81084197068627	26.261357928861695	0.0
19.0	26.150632391215012	23.852221359755262	23.790865713894345	26.206280535135384	0.0
20.0	26.396550395671444	23.71859812737396	23.77110699537979	26.11374448157481	0.0
21.0	26.23674079739282	23.764828761161702	23.65467428806251	26.34375615338297	0.0
22.0	26.28068843691944	23.73686208146294	23.682640967761266	26.299808513856348	0.0
23.0	26.334053427773195	23.583330717402408	23.890393445523475	26.192222409300918	0.0
24.0	26.33234118207735	23.7634018897485	23.67607735926054	26.228179568913607	0.0
25.0	26.24901189154636	23.850155671671182	23.679501850652223	26.221330586130236	0.0
26.0	26.175670700907776	23.74142806998519	23.753699164138727	26.32920206496831	0.0
27.0	26.27212720844023	23.75198691844288	23.74827705276856	26.22760882034833	0.0
28.0	26.203637380606537	23.65581578519307	23.744852561376874	26.395694272823523	0.0
29.0	26.410819109803462	23.730869221527495	23.650393673822904	26.20791799484614	0.0
30.0	26.21704997189063	23.66979912504245	23.693485190501605	26.419665712565315	0.0
31.0	26.377430318734536	23.695197436197446	23.66066714799796	26.266705097070066	0.0
32.0	26.152270009731264	23.680357973500143	23.846445805996854	26.320926210771738	0.0
33.0	26.247299645850514	23.69091682195784	23.704044038959296	26.35773949323235	0.0
34.0	26.257858494308213	23.769965498249228	23.65495966234515	26.31721634509741	0.0
35.0	26.362590856037237	23.67693348210846	23.711749144590588	26.248726517263716	0.0
36.0	26.235028551696978	23.85814615158511	23.61158277138381	26.2952425253341	0.0
37.0	26.2329560696083	23.698268924541548	23.780171109931565	26.288603895918587	0.0
38.0	26.258068934814993	23.73479672847856	23.812703685312968	26.19443065139348	0.0
39.0	26.16760554537724	23.867210017750228	23.698268924541548	26.266915512330986	0.0
40.0	26.24893698383074	23.728803885645146	23.754487497788357	26.26777163273576	0.0
41.0	26.3413979875463	23.77960036299505	23.706544755121026	26.17245689433762	0.0
42.0	26.26320565724363	23.758482726343967	23.61579599221501	26.362515624197385	0.0
43.0	26.2241094920923	23.707686248994058	23.813274432249486	26.254929826664153	0.0
44.0	26.15875896786124	23.85122910352779	23.785878579296728	26.204133349314247	0.0
45.0	26.39069228552105	23.719318872549717	23.777534893941255	26.11245394798798	0.0
46.0	26.234022698540887	23.76212477063173	23.661673596465945	26.34217893436144	0.0
47.0	26.287102012162585	23.737011977090283	23.688213253276793	26.287672757470343	0.0
48.0	26.329337164936835	23.581769253379527	23.89054246487776	26.198351116805878	0.0
49.0	26.31592465020447	23.76326626124725	23.68336191816083	26.23744717038745	0.0
50.0	26.258850119428455	23.84003150514099	23.68022281896815	26.22089555646241	0.0
51.0	26.176948167764873	23.743860920783405	23.753848963669206	26.325341947782512	0.0
52.0	26.2825360497005	23.754419708976968	23.741577939552364	26.221466301770167	0.0
53.0	26.208053787037805	23.647404963771944	23.755275826938608	26.389265422251647	0.0
54.0	26.40952688067713	23.733872877897603	23.655110025426705	26.201490215998565	0.0
55.0	26.222607792385688	23.671090894043985	23.689640116546194	26.416661197024133	0.0
56.0	26.388409304290008	23.68507415408411	23.661388223812065	26.26512831781382	0.0
57.0	26.15155000156955	23.673659247928907	23.840602250448747	26.334188500052797	0.0
58.0	26.24714984061937	23.67936670100651	23.713040674164358	26.36044278420976	0.0
59.0	26.251145057773694	23.76897371432485	23.665668813620265	26.31421241428119	0.0
60.0	26.362155020133045	23.68307654550695	23.701055022701397	26.253713411658612	0.0
61.0	26.235164189156414	23.85258790191171	23.626002014730936	26.286245894200945	0.0
62.0	26.23280634666971	23.70669482335483	23.780320757947607	26.280178072027855	0.0
63.0	26.257919068546315	23.73152217339193	23.815136122367445	26.19542263569431	0.0
64.0	26.172022144854743	23.853946692540383	23.69784829633012	26.276182866274755	0.0
65.0	26.259345927743848	23.724387877404258	23.75891786998459	26.2573483248673	0.0
66.0	26.336967068089724	23.783174476342676	23.69927515552765	26.18058330003995	0.0
67.0	26.26305576165744	23.752925061354947	23.613948975515093	26.37007020147252	0.0
68.0	26.23137948747218	23.708977798070887	23.807716454540266	26.25192625991667	0.0
69.0	26.15547057816335	23.85309057702186	23.795160093601964	26.19627875121283	0.0
70.0	26.394822228119892	23.714332188995524	23.776828443500815	26.114017139383773	0.0
71.0	26.227594807388826	23.765698973520422	23.65954095216896	26.34716526692179	0.0
72.0	26.27667862371262	23.729456853327854	23.69749529851236	26.296369224447165	0.0
73.0	26.336891910016806	23.579066323079953	23.888408514329907	26.195633252573337	0.0
74.0	26.321767245684473	23.754569503540026	23.69292936211015	26.23073388866535	0.0
75.0	26.252422086575862	23.840180811081527	23.679231552903506	26.228165549439105	0.0
76.0	26.175086538763377	23.745152259710462	23.745152259710462	26.334608941815702	0.0
77.0	26.292659401120368	23.74943282508754	23.736876499981452	26.221031273810645	0.0
78.0	26.205050496402897	23.650694450389675	23.75913543994224	26.385119613265186	0.0
79.0	26.409661521427086	23.730598337428408	23.660967807294654	26.198772333849856	0.0
80.0	26.227594807388826	23.665819114722005	23.68408286033086	26.422503217558308	0.0
81.0	26.378841450712144	23.692643991085006	23.655260386791888	26.273254171410958	0.0
82.0	26.151115372651752	23.6769485847024	23.844746747483743	26.327189295162107	0.0
83.0	26.256417280927796	23.683226747255446	23.709766252593308	26.35058971922345	0.0
84.0	26.25984173322946	23.763986747369593	23.65839946806841	26.31777205133254	0.0
85.0	26.35087509024859	23.68008766597892	23.70833939746762	26.260697846304875	0.0
86.0	26.23472908301728	23.847315086709987	23.62415494505181	26.293800885220918	0.0
87.0	26.229232182910888	23.699139894184725	23.782467995730862	26.28915992717352	0.0
88.0	26.27089623368396	23.72967450673759	23.809007425332883	26.190421834245566	0.0
89.0	26.163311664221993	23.861800914326157	23.702849706924795	26.27203771452706	0.0
90.0	26.25063494871897	23.73424043010998	23.760779859712006	26.25434476145904	0.0
91.0	26.33396305026511	23.785036327627832	23.70969859198338	26.171302030123677	0.0
92.0	26.264332718836148	23.74936505128103	23.624087528751048	26.36221470113178	0.0
93.0	26.23864939986645	23.7128376643019	23.806439093435912	26.24207384239574	0.0
94.0	26.15532129832031	23.846961663365885	23.796165765848034	26.201551272465768	0.0
95.0	26.387537347719757	23.71961886063415	23.78525382180964	26.107589969836454	0.0
96.0	26.23486472063763	23.76156816190718	23.664827936522432	26.33873918093276	0.0
97.0	26.285660473199535	23.72732383433736	23.693079506767535	26.29393618569557	0.0
98.0	26.329321990851057	23.59006115466165	23.8839916329693	26.196625221517994	0.0
99.0	26.3207609089586	23.760141314925104	23.689369704614137	26.229728071502155	0.0
100.0	26.268252940018204	23.836049574371547	23.675386604189793	26.220310881420456	0.0
101.0	26.177220102561762	23.742448412347365	23.750153386050574	26.330178099040303	0.0
102.0	26.289084905956518	23.742448412347365	23.745302106311513	26.223164575384605	0.0
103.0	26.20461556461762	23.644566709376953	23.75671688216812	26.394100843837304	0.0
104.0	26.4109376382258	23.73074826709434	23.65826444040488	26.200049654274977	0.0
105.0	26.224876791763098	23.661118134369033	23.686516010649985	26.427489063217884	0.0
106.0	26.380403112809375	23.697360047713765	23.655125377044314	26.267111462432545	0.0
107.0	26.15553202843421	23.67909640634319	23.846322872642492	26.31904869258011	0.0
108.0	26.259121119332924	23.68223546970376	23.709060192966785	26.349583217996535	0.0
109.0	26.271677372775187	23.755860773978878	23.656266854629976	26.31619499861596	0.0
110.0	26.357288191699745	23.6773841899647	23.71162851753452	26.253699100801033	0.0
111.0	26.241713586151594	23.849747305399475	23.617741986113924	26.290797122335007	0.0
112.0	26.245348492112413	23.695580211401047	23.787183526242494	26.271887770244046	0.0
113.0	26.27274387599023	23.72211948953268	23.81543501586649	26.1897016186106	0.0
114.0	26.169155080702232	23.860808620414126	23.701572951624318	26.26846334725932	0.0
115.0	26.258475446887196	23.7306805469945	23.764639408259708	26.246204597858597	0.0
116.0	26.338378649864165	23.776910257288314	23.705568111773168	26.179142981074357	0.0
117.0	26.266180398602835	23.74637581900783	23.622525854393533	26.3649179279958	0.0
118.0	26.23849964614296	23.708992534757893	23.809156907061162	26.24335091203799	0.0
119.0	26.155457388763324	23.841974293998128	23.798027532360795	26.20454078487775	0.0
120.0	26.385825131341267	23.715623689084335	23.788678254566623	26.109872925007778	0.0
121.0	26.23943063098027	23.753577818807557	23.66311572014394	26.34387583006823	0.0
122.0	26.269965156396697	23.73417269985132	23.70592112960622	26.28994101414576	0.0
123.0	26.33445863998653	23.582641550354857	23.881708677797974	26.201191131860636	0.0
124.0	26.31305593525539	23.74901190846491	23.698501525299424	26.23943063098027	0.0
125.0	26.259406488729336	23.829486078253996	23.677669559361114	26.233437873655554	0.0
126.0	26.18834950902195	23.735884916229814	23.743304520536608	26.332461054211624	0.0
127.0	26.29536303267765	23.735884916229814	23.753577818807557	26.215174232284983	0.0
128.0	26.212605907717247	23.631439717141856	23.766704811042654	26.38924956409825	0.0
129.0	26.397810645990706	23.731033636490757	23.67024995505432	26.20090576246422	0.0
130.0	26.22373531417744	23.656266854629976	23.69650393952452	26.42349389166807	0.0
131.0	26.391247149873152	23.68508916366791	23.657979071008466	26.265684615450468	0.0
132.0	26.148397793523827	23.678811036946776	23.856881540309853	26.31590962921954	0.0
133.0	26.26910904820745	23.681379361514512	23.71162851753452	26.337883072743512	0.0
134.0	26.274245697342923	23.7544339269968	23.662259611954696	26.309060763705578	0.0
135.0	26.352722281357106	23.67909640634319	23.7130553645166	26.25512594778311	0.0
136.0	26.24428191071933	23.840330115317773	23.626588437402795	26.2887995365601	0.0
137.0	26.240361621131093	23.682303051749034	23.793597433951064	26.28373789316881	0.0
138.0	26.266615680522342	23.717118217463515	23.825273527347026	26.190992574667117	0.0
139.0	26.172443510966776	23.856664250532216	23.709983962194155	26.260908276306854	0.0
140.0	26.25128060247531	23.72688851410161	23.776828443500815	26.245002439922267	0.0
141.0	26.342884701544712	23.771691765048327	23.705200316191096	26.180223217215865	0.0
142.0	26.2698297191093	23.72888611127758	23.63128922068027	26.369994948932856	0.0
143.0	26.245287810947403	23.6977806695375	23.819634097271567	26.23729742224353	0.0
144.0	26.157964277255076	23.839039326980973	23.79366533398398	26.209331061779974	0.0
145.0	26.388619371040466	23.708977798070887	23.79002340049084	26.11237943039781	0.0
146.0	26.235734934464173	23.750424491822645	23.671090894043985	26.342749679669197	0.0
147.0	26.269408907622015	23.733587505243722	23.717321263972558	26.2796823231617	0.0
148.0	26.327910301667433	23.59717937668905	23.89311081876268	26.181799502880835	0.0
149.0	26.31322110514045	23.74285494139839	23.702617167546094	26.241306785915068	0.0
150.0	26.266419722787422	23.82903797475579	23.672367493586215	26.232174808870575	0.0
151.0	26.183661180821705	23.74256956711575	23.749418549899122	26.324350702163425	0.0
152.0	26.285825174006973	23.732010718658056	23.75198691844288	26.23017718889209	0.0
153.0	26.20791799484614	23.630702848320713	23.77652910674996	26.384850050083188	0.0
154.0	26.405111624150656	23.725447110157326	23.67065524789037	26.198786017801645	0.0
155.0	26.22932106604417	23.652105919518746	23.700619547567612	26.41795346686947	0.0
156.0	26.382567055822065	23.688633827696716	23.666089259368125	26.262709857113098	0.0
157.0	26.15683599825351	23.6757919849779	23.848158051692696	26.319213965075893	0.0
158.0	26.26613434850478	23.67750423067374	23.716029758830192	26.340331661991286	0.0
159.0	26.27555169983192	23.75198691844288	23.664091639389643	26.308369742335557	0.0
160.0	26.354315001840668	23.67208211930357	23.71317601600379	26.260426862851972	0.0
161.0	26.25129488580748	23.837599203235	23.623568491254705	26.28753741970281	0.0
162.0	26.247374549107345	23.68014017624766	23.79571709054381	26.276768184101186	0.0
163.0	26.273629058033883	23.71609743847313	23.82710835121684	26.18316515227615	0.0
164.0	26.166613396648554	23.857643486598786	23.723231815898817	26.252511300853843	0.0
165.0	26.255725354222847	23.73671218412454	23.77495255625473	26.232609905397887	0.0
166.0	26.341338127648644	23.76838891029208	23.71873350170512	26.171539460354154	0.0
167.0	26.27170640526233	23.726153275402023	23.63483298374784	26.367307335587803	0.0
168.0	26.248876332348786	23.69818643608293	23.817188191144787	26.2357490404235	0.0
169.0	26.162407431188733	23.8365937531213	23.79350199049698	26.207496825192983	0.0
170.0	26.38421980856929	23.717945059272747	23.794711398517183	26.103123733640782	0.0
171.0	26.236469537374468	23.743411346040244	23.68348206259471	26.336637053990575	0.0
172.0	26.272427107441793	23.733137754592438	23.717156612340297	26.277278525625476	0.0
173.0	26.335210166289492	23.59187587218511	23.886670871229093	26.18624309029631	0.0
174.0	26.315098555696025	23.744117621878306	23.704449917382732	26.236333905042937	0.0
175.0	26.27771388455271	23.821740755855267	23.663069937872955	26.23747542171907	0.0
176.0	26.1892463421525	23.739836934342815	23.736127005145384	26.334789718359296	0.0
177.0	26.293980497187587	23.736127005145384	23.74982520525897	26.220067292408057	0.0
178.0	26.208652125646744	23.628824437589003	23.773797055457734	26.388726381306522	0.0
179.0	26.39529010219428	23.727280250905366	23.66763600457748	26.20979364232287	0.0
180.0	26.222350325760324	23.650513254435506	23.70815984658016	26.41897657322401	0.0
181.0	26.38844100213749	23.689610200593016	23.67134593377491	26.25060286349458	0.0
182.0	26.161279183587272	23.670775175436845	23.849993293589527	26.317952347386353	0.0
183.0	26.267154855298493	23.672772829620076	23.714438188298885	26.345634126782553	0.0
184.0	26.27371857618625	23.7492544469209	23.665067592056186	26.311959384836666	0.0
185.0	26.35933232689613	23.662784558703922	23.706162192396928	26.271720922003016	0.0
186.0	26.252029759339745	23.844000331039837	23.61227244578509	26.291697463835323	0.0
187.0	26.245826317742072	23.682543306412487	23.796409919808227	26.275220456037214	0.0
188.0	26.278359635855143	23.715362004509004	23.827516338004052	26.1787620216318	0.0
189.0	26.164207642475958	23.85405667646471	23.722496504095204	26.259239176964126	0.0
190.0	26.253321119035185	23.73084024668316	23.77792807833132	26.237910555950332	0.0
191.0	26.335510788821065	23.761946753650733	23.72056653795993	26.181975919568274	0.0
192.0	26.25788721180107	23.731411008278897	23.633525394610295	26.377176385309735	0.0
193.0	26.24818426467357	23.69516764694971	23.82016443641573	26.236483651960995	0.0
194.0	26.160572359728203	23.84328028104301	23.79961701896926	26.196530340259528	0.0
195.0	26.392947649597044	23.7120727837264	23.791694253555857	26.103285313120704	0.0
196.0	26.240343372135833	23.74039331406051	23.688168329970576	26.331094983833086	0.0
197.0	26.27316235120874	23.736112577659693	23.718704249629717	26.27202082150185	0.0
198.0	26.327385012285713	23.591709069738904	23.890789852942433	26.19011606503295	0.0
199.0	26.319544527047274	23.74024343259942	23.703999657539132	26.236212382814173	0.0
200.0	26.283015367931394	23.817582511665073	23.66604357814529	26.233358542258244	0.0
201.0	26.186840941196614	23.73938728043264	23.74252650504416	26.33124527332658	0.0
202.0	26.293574577988327	23.736818823932307	23.754227251323467	26.215379346755896	0.0
203.0	26.206817825088113	23.627231346584665	23.77591643954852	26.390034388778698	0.0
204.0	26.392032077167848	23.72597422981978	23.669468186812402	26.212525506199967	0.0
205.0	26.22679470897961	23.650632839143277	23.700575048872018	26.421997403005093	0.0
206.0	26.391326558277186	23.688153354851412	23.6713155994669	26.249204487404505	0.0
207.0	26.158601145544676	23.677158455598015	23.84411003393255	26.32013036492476	0.0
208.0	26.26733371194717	23.675446131717663	23.714544193652415	26.342675962682755	0.0
209.0	26.277036880602513	23.757923065288054	23.662889089928395	26.30215096418104	0.0
210.0	26.361376602102176	23.66844654237027	23.712967217372196	26.25720963815536	0.0
211.0	26.25720963815536	23.839679907762292	23.615649588041062	26.287460866041286	0.0
212.0	26.24173791938264	23.693192844667177	23.786515827806255	26.278553408143928	0.0
213.0	26.282834278930125	23.705464674254273	23.829609927053962	26.18209111976164	0.0
214.0	26.168106941860064	23.857863674242857	23.72001963492734	26.254009748969736	0.0
215.0	26.24894761626165	23.712667132807262	23.78315900626436	26.255226244666733	0.0
216.0	26.338560767134233	23.75433439404101	23.73150301802252	26.175601820802235	0.0
217.0	26.256938597868118	23.735213116625523	23.639892121748314	26.367956163758045	0.0
218.0	26.25237232266442	23.697255953994777	23.826824012899728	26.223547710441075	0.0
219.0	26.167610839195767	23.845659898114985	23.792291556671756	26.194437706017492	0.0
220.0	26.392289822314307	23.705885374749567	23.812622362255063	26.089202440681063	0.0
221.0	26.241677202455527	23.740200289389342	23.68312152354642	26.33500098460871	0.0
222.0	26.2762098557905	23.735348594292695	23.70852157434652	26.279919975570287	0.0
223.0	26.33557177226714	23.59379325500224	23.88518035463037	26.185454618100245	0.0
224.0	26.322023111324206	23.73833802808862	23.70922769135052	26.23041116923665	0.0
225.0	26.280926165341008	23.817677965472857	23.668416140825535	26.2329797283606	0.0
226.0	26.177042218550135	23.741477378129005	23.75118082370837	26.330299579612493	0.0
227.0	26.30176003379082	23.74347514633652	23.750324637333723	26.204440182538935	0.0
228.0	26.199873855207468	23.629602358508066	23.76944613303424	26.401077653250226	0.0
229.0	26.390803416754427	23.726922209759955	23.672697072698785	26.209577300786833	0.0
230.0	26.22599453749975	23.647146457223258	23.70593825719415	26.420920748082843	0.0
231.0	26.385816906352655	23.67711315138318	23.676542357208703	26.260527585055467	0.0
232.0	26.169771311313994	23.675686165946992	23.836650123148843	26.31789239959017	0.0
233.0	26.283359352034452	23.675686165946992	23.70137190379835	26.339582578220206	0.0
234.0	26.291065073389863	23.737046539703016	23.669978224202243	26.30191016270488	0.0
235.0	26.361272756850244	23.657135355276566	23.71849572903259	26.263096158840604	0.0
236.0	26.27080188019601	23.832369166840284	23.609759438795166	26.287069514168536	0.0
237.0	26.240203661105184	23.685021661824386	23.800893871330477	26.273880805739957	0.0
238.0	26.281871992602447	23.714417813497114	23.83114622159561	26.17256397230483	0.0
239.0	26.164572785442342	23.849411791567015	23.718698806459162	26.267316616531485	0.0
240.0	26.25789529265028	23.712564254053607	23.790197136145814	26.239343317150304	0.0
241.0	26.331322945536854	23.754163729102864	23.728189480714835	26.186323844645454	0.0
242.0	26.249475490042162	23.740962015488385	23.63705909050687	26.372503403962583	0.0
243.0	26.25273326215909	23.701593427610657	23.81948765964249	26.22618565058776	0.0
244.0	26.163635481283347	23.839361923820235	23.788548770635707	26.208453824260715	0.0
245.0	26.387580434273705	23.718333019304225	23.794270967152556	26.09981557926951	0.0
246.0	26.235882561180325	23.745275154449633	23.673331886854935	26.345510397515103	0.0
247.0	26.285495668857457	23.715075345320823	23.718501430390518	26.280927555431198	0.0
248.0	26.33505506397243	23.579714986480273	23.879518829108953	26.20571112043834	0.0
249.0	26.306081484294474	23.734320883312822	23.70291268234602	26.256684950046683	0.0
