# Position (bp)	A	C	G	T	N
0.0	26.221323157555975	23.7926225614148	23.819594501402232	26.166459779626987	0.0
1.0	26.12998636078035	23.8428884495732	23.85668091888496	26.170444270761493	0.0
2.0	26.111409087426253	23.82560723316221	23.94667075319899	26.116312926212547	0.0
3.0	26.179684028256638	23.881456963790434	23.74569024962074	26.193168758332185	0.0
4.0	26.144435795757516	23.93585398292463	23.653613959389308	26.266096261928553	0.0
5.0	26.21140852191766	23.80222777207471	23.7219421759848	26.26442153002283	0.0
6.0	26.16754558797844	23.828624133207903	23.810238794902357	26.193591483911298	0.0
7.0	26.179423777526527	23.99813706655391	23.643015378393038	26.179423777526527	0.0
8.0	26.191329711776802	23.848041693858978	23.825981451012474	26.134647143351746	0.0
9.0	26.040000735307633	23.888613148526012	23.979607468274537	26.09177864789181	0.0
10.0	26.13625571000089	23.89514738006317	23.819779963909422	26.148816946026514	0.0
11.0	26.001145829822825	23.756667412170916	23.990122579281316	26.252064178724943	0.0
12.0	26.073143158262386	23.83203482832467	23.79312563380627	26.301696379606682	0.0
13.0	26.327431594878693	23.766777675313495	23.86022101647973	26.04556971332808	0.0
14.0	26.23460099693322	23.769228648196545	23.837855888921908	26.15831446594833	0.0
15.0	26.211316754544256	23.86542933385621	23.727255737574332	26.195998174025203	0.0
16.0	26.188951626986434	23.765552188871972	23.858995530038204	26.18650065410339	0.0
17.0	26.256353381270277	23.8865689749725	23.67333433414726	26.18374330960996	0.0
18.0	26.095814657430584	23.822537308402854	23.822843680013236	26.258804354153327	0.0
19.0	26.2964880622302	23.797108464741225	23.707341582899563	26.19906189012901	0.0
20.0	26.14904320439213	23.893848689652636	23.785699842525474	26.171408263429758	0.0
21.0	26.190096874406404	23.83992745142493	23.715847329366856	26.254128344801806	0.0
22.0	26.110440499751842	23.756288258037632	23.916520119362016	26.216751122848514	0.0
23.0	26.02465671166231	23.872709113302	23.883125716141446	26.219508458894246	0.0
24.0	26.241567147260124	23.7902954026017	23.84237841679892	26.125759033339257	0.0
25.0	26.236665216512158	23.76210930080085	23.822157952463527	26.179067530223467	0.0
26.0	26.15088142842262	23.82368980582227	23.83839559806619	26.187033167688924	0.0
27.0	26.140771196254924	23.80132474678464	23.944399850491113	26.113504206469322	0.0
28.0	26.19806251187186	23.846361235531646	23.76793034356407	26.18764590903242	0.0
29.0	26.17324648746025	23.91560100734677	23.652734970986696	26.258417534206284	0.0
30.0	26.241260776588376	23.781717023792744	23.70022242510769	26.276799774511183	0.0
31.0	26.197756141200113	23.81786876305905	23.783555247823237	26.2008198479176	0.0
32.0	26.216670802658065	23.97618894434181	23.65327524563193	26.153865007368193	0.0
33.0	26.20349690413385	23.841386261768427	23.803396414861382	26.15172041923634	0.0
34.0	26.052456625705034	23.87753789027674	23.985992775801694	26.08401270821653	0.0
35.0	26.146818503506402	23.88856720066911	23.813812985787507	26.150801310036982	0.0
36.0	26.030398004920297	23.73783329197342	23.963015045817592	26.26875365728869	0.0
37.0	26.080336271419075	23.82545503564612	23.796656280732716	26.297552412202098	0.0
38.0	26.323287469784283	23.77521039941422	23.841386261768427	26.06011586903307	0.0
39.0	26.213913475059975	23.77275944154925	23.829437842176695	26.183889241214082	0.0
40.0	26.22800648278355	23.839241673636575	23.73568870384157	26.197063139738297	0.0
41.0	26.214526214526213	23.75407088782885	23.845675438032128	26.185727459612814	0.0
42.0	26.235972095844705	23.872635974546803	23.694635159603312	26.196756770005177	0.0
43.0	26.08186812008468	23.808298330591324	23.828518732977333	26.28131481634666	0.0
44.0	26.31164541992567	23.810749288456297	23.679316672947245	26.198288618670784	0.0
45.0	26.17308611414076	23.87256283623975	23.779120353917232	26.175230695702258	0.0
46.0	26.18656634109876	23.840087744022746	23.73040771559172	26.242938199286776	0.0
47.0	26.12008431269225	23.72121665175672	23.919743630592762	26.238955404958276	0.0
48.0	26.042266638889227	23.849585176652248	23.878383843335254	26.229764341123268	0.0
49.0	26.25396747588877	23.77329934682173	23.838249531255745	26.13448364603375	0.0
50.0	26.250903787943773	23.754304481562727	23.81190181492874	26.18288991556476	0.0
51.0	26.143061972279753	23.77728214115023	23.86000171566525	26.219654170904764	0.0
52.0	26.127130794965748	23.801178907121237	23.933836595139766	26.13785370277325	0.0
53.0	26.220573277288267	23.840700481611744	23.762576439014225	26.176149802085757	0.0
54.0	26.19177461060526	23.922500949743263	23.6296123822012	26.256112057450277	0.0
55.0	26.231296185095772	23.77820124753373	23.713863800688717	26.27663876668178	0.0
56.0	26.20065930564576	23.81619097805174	23.792906949669735	26.19024276663276	0.0
57.0	26.23244129225962	23.96623826228152	23.626169942249657	26.175150503209206	0.0
58.0	26.225394831574274	23.840933809224737	23.80171872367151	26.131952635529483	0.0
59.0	26.05658614298188	23.879842526922076	23.97144651583156	26.09212481426449	0.0
60.0	26.14390098190898	23.882293469769152	23.809684287924508	26.164121260397362	0.0
61.0	26.038204071628808	23.71899940258268	23.970527412263905	26.27226911352461	0.0
62.0	26.105298632067527	23.810297023636277	23.79375315941851	26.290651184877685	0.0
63.0	26.334461788269177	23.754844441721172	23.83511281996293	26.075580950046724	0.0
64.0	26.206706392365316	23.777822030912514	23.853801259171888	26.161670317550286	0.0
65.0	26.24530874220677	23.851656684180696	23.72512675970037	26.177907813912167	0.0
66.0	26.21773563517716	23.742283359629905	23.856252202018965	26.183728803173974	0.0
67.0	26.22784577442135	23.860847719857233	23.705519216923758	26.205787288797662	0.0
68.0	26.11020051776168	23.798655045112664	23.823470841439313	26.267673595686343	0.0
69.0	26.331091741854447	23.81458617361866	23.67212512063234	26.18219696389455	0.0
70.0	26.19375869316128	23.875173863225555	23.77100911135212	26.16005833226105	0.0
71.0	26.208157938273192	23.817883249695164	23.72658590834727	26.24737290368437	0.0
72.0	26.11287782700073	23.72076493691905	23.918065231644025	26.24829200443619	0.0
73.0	26.049153508207567	23.836265264731654	23.87425476247373	26.24032646458705	0.0
74.0	26.261159414961732	23.762430837668425	23.81053044368057	26.16587930368927	0.0
75.0	26.24829200443619	23.757835333909302	23.813287745936044	26.180584915718462	0.0
76.0	26.182116750304836	23.773460046690317	23.84943904217447	26.194984160830376	0.0
77.0	26.13524261196179	23.80746677450782	23.93614087976324	26.12114973376715	0.0
78.0	26.21305980894959	23.850358142926297	23.758754434661128	26.177827613462988	0.0
79.0	26.19130775782308	23.92725623916227	23.632224897826635	26.24921110518802	0.0
80.0	26.233586392407005	23.766719974510274	23.729343210602746	26.270350422479975	0.0
81.0	26.198966930754946	23.816657782026066	23.781425586539463	26.202949700679522	0.0
82.0	26.214511330945722	23.942807599101734	23.648083527620425	26.194597542332122	0.0
83.0	26.223702310305846	23.839562264289675	23.80065378499848	26.136081640405994	0.0
84.0	26.05458829007956	23.88827445489833	23.96364048565135	26.093496769370756	0.0
85.0	26.139451666171375	23.87969620749555	23.81137659425196	26.169475532081115	0.0
86.0	26.027321717977863	23.705680331610534	24.00653172266526	26.260466227746342	0.0
87.0	26.115248753856378	23.8067811045719	23.7942200994464	26.28375004212532	0.0
88.0	26.328785840989934	23.758681645920586	23.836804970481637	26.075727542607847	0.0
89.0	26.212060403116354	23.781659094320894	23.82608216122816	26.18019834133459	0.0
90.0	26.232280557708627	23.851510537457838	23.747346104709763	26.168862800123772	0.0
91.0	26.221251382476478	23.73141507381888	23.871424326071438	26.175909217633198	0.0
92.0	26.21083493920167	23.863458810626	23.723449558373442	26.202256691798887	0.0
93.0	26.092271305456073	23.786560949979627	23.83343494471626	26.28773279984804	0.0
94.0	26.3217394234805	23.81076386229462	23.66524002242599	26.202256691798887	0.0
95.0	26.212286463567068	23.86001568589005	23.76963799906865	26.15805985147423	0.0
96.0	26.190228180681846	23.824170976201565	23.728585083698928	26.257015759417662	0.0
97.0	26.1026077792211	23.724295973137913	23.92251415406485	26.250582093576135	0.0
98.0	26.05450846792971	23.827540991642362	23.885443984216074	26.23250655621186	0.0
99.0	26.256096664297445	23.761978873066838	23.814673659959315	26.167250802676406	0.0
100.0	26.275704026862083	23.758608857626037	23.777909855150607	26.187777260361266	0.0
101.0	26.162348962035242	23.75615793730546	23.856645670449254	26.224847430210048	0.0
102.0	26.15223891571285	23.786794441312715	23.937526041028406	26.12344060194603	0.0
103.0	26.228523810690913	23.822945516041276	23.767799808828215	26.1807308644396	0.0
104.0	26.22055831964903	23.921901423984707	23.625340065194482	26.232200191171785	0.0
105.0	26.242310237494177	23.780667140511262	23.71050954633465	26.26651307565991	0.0
106.0	26.18930908556163	23.834281022523957	23.77086345922894	26.205546432685473	0.0
107.0	26.21281888673413	23.956140915232115	23.62986314715587	26.201177050877888	0.0
108.0	26.246518937896933	23.824097987494216	23.807554326014298	26.121828748594556	0.0
109.0	26.087515969228793	23.878324433456186	23.945724535781796	26.08843506153323	0.0
110.0	26.130100579334513	23.890272633413907	23.802652500390614	26.17697428686096	0.0
111.0	26.052284097558587	23.700633254597758	23.99229187920676	26.254790768636894	0.0
112.0	26.127036938319716	23.819196161870536	23.78733429531661	26.266432604493133	0.0
113.0	26.31024267100478	23.75577879286417	23.850138936120022	26.08383960001103	0.0
114.0	26.23518346614217	23.756697885168606	23.84676893100374	26.16134971768548	0.0
115.0	26.241923476374733	23.836965279756377	23.754553336458248	26.166557907410642	0.0
116.0	26.213125250835606	23.719015100686562	23.90957357180715	26.158286076670677	0.0
117.0	26.193824312442366	23.90283356157459	23.734639669862045	26.168702456121	0.0
118.0	26.08200141540215	23.790397936331413	23.84952620791706	26.278074440349375	0.0
119.0	26.336896347833544	23.803877956796534	23.671835029058634	26.187390666311284	0.0
120.0	26.21596284404794	23.85633930540918	23.773927109629668	26.153770740913213	0.0
121.0	26.19206637092228	23.82723462660229	23.723376878017696	26.257322124457733	0.0
122.0	26.096786843459718	23.74175878042205	23.913323202862674	26.24813117325556	0.0
123.0	26.07411583049435	23.825702801401928	23.89279674517781	26.20738462292591	0.0
124.0	26.260692139898534	23.75983431778633	23.818656405480258	26.16081713683488	0.0
125.0	26.284894978064262	23.729197813779074	23.802725423396485	26.18318178476018	0.0
126.0	26.17276537339771	23.759527952746257	23.840101958285338	26.227604715570696	0.0
127.0	26.148868900272053	23.797517217715253	23.941202421509278	26.11241146050342	0.0
128.0	26.238633857013312	23.822026420921055	23.763817063307272	26.175522658758364	0.0
129.0	26.223621970049756	23.893715840298032	23.634531016396657	26.24813117325556	0.0
130.0	26.248517954578183	23.738155125349643	23.73386600164825	26.27946091842393	0.0
131.0	26.206932470604094	23.8368779985662	23.786021090298583	26.170168440531118	0.0
132.0	26.221412049447775	23.94540524808137	23.63842465648504	26.194758045985818	0.0
133.0	26.22049294588012	23.852269419892465	23.79099584871555	26.136241785511867	0.0
134.0	26.071598167920225	23.874940641227923	23.96746373370506	26.0859974571468	0.0
135.0	26.148190131891365	23.88413167690446	23.800799620103856	26.166878571100323	0.0
136.0	26.05382883227892	23.692651766976606	23.995955944302324	26.257563456442153	0.0
137.0	26.11632787487937	23.806007873653893	23.8038632986627	26.273800952804034	0.0
138.0	26.3280280632956	23.722982184709178	23.85533309845131	26.093656653543913	0.0
139.0	26.244083270783232	23.74473430247698	23.860234984145464	26.150947442594326	0.0
140.0	26.244083270783232	23.8197944271687	23.75331260244175	26.18280969960632	0.0
141.0	26.2030299780947	23.737687841791637	23.899756437554572	26.159525742559094	0.0
142.0	26.20149813881528	23.881987101913268	23.748410716747596	26.16810404252386	0.0
143.0	26.10223495350868	23.779966605903706	23.842159280648275	26.27563915993934	0.0
144.0	26.3320108454221	23.78823853801259	23.696634549103106	26.183116067462205	0.0
145.0	26.210769475864264	23.86551635396625	23.789843261724734	26.133870908444752	0.0
146.0	26.198821092878767	23.82262472273624	23.72581218367422	26.25274200071078	0.0
147.0	26.12008431269225	23.71999117657872	23.918824524209263	26.24109998651977	0.0
148.0	26.041960270094727	23.85632529013125	23.888800382348254	26.212914057425767	0.0
149.0	26.240487248930773	23.73500324750922	23.84989154544675	26.17461795811326	0.0
150.0	26.290425362434284	23.72918224041372	23.816803715640738	26.163588681511257	0.0
151.0	26.18748544748226	23.741130623399222	23.86490361637725	26.206480312741263	0.0
152.0	26.137547333978752	23.80577443903874	23.937819389468267	26.118858837514246	0.0
153.0	26.227926128356273	23.82323746032524	23.762270070219728	26.18656634109876	0.0
154.0	26.212607688631266	23.892476807882257	23.647381772282202	26.247533731204275	0.0
155.0	26.2344402471791	23.75223266943012	23.730174048645384	26.283153034745393	0.0
156.0	26.21154282142879	23.818175133730797	23.797035557380163	26.17324648746025	0.0
157.0	26.22540984862179	23.939571263568432	23.61726832944752	26.21775055836226	0.0
158.0	26.2171378151415	23.827745625779333	23.812120673649897	26.142995885429272	0.0
159.0	26.08662350911915	23.844902435960673	23.987365234787884	26.081108820132293	0.0
160.0	26.16474826976633	23.86941216479116	23.803542268559227	26.16229729688328	0.0
161.0	26.066402982833996	23.68191273923793	23.985527005125597	26.26615727280247	0.0
162.0	26.145753229922704	23.80507412661113	23.766777675313495	26.282394968152673	0.0
163.0	26.328044338099453	23.719290075704425	23.85470632749287	26.097959258703252	0.0
164.0	26.248081347789988	23.73767237232729	23.870024908011924	26.144221371870795	0.0
165.0	26.248081347789988	23.824988281285904	23.759424756664348	26.167505614259763	0.0
166.0	26.21529958547921	23.717758217652516	23.92241445338709	26.144527743481177	0.0
167.0	26.193853572752534	23.90587038642651	23.742880689703767	26.157395351117184	0.0
168.0	26.098572001924015	23.78515997193636	23.83816226053229	26.278105765607336	0.0
169.0	26.34428203344965	23.77903253972874	23.68987840110784	26.186807025713772	0.0
170.0	26.24417892156863	23.878063725490193	23.764399509803923	26.11335784313725	0.0
171.0	26.201899509803923	23.802696078431374	23.75582107843137	26.239583333333332	0.0
172.0	26.123468137254903	23.729166666666668	23.925551470588236	26.221813725490193	0.0
173.0	26.02787990196078	23.861825980392158	23.88357843137255	26.22671568627451	0.0
174.0	26.231924019607845	23.760416666666668	23.839767156862745	26.16789215686274	0.0
175.0	26.287071078431374	23.736825980392158	23.80484068627451	26.17126225490196	0.0
176.0	26.18014705882353	23.750919117647058	23.889705882352942	26.17922794117647	0.0
177.0	26.144301470588232	23.80392156862745	23.93811274509804	26.11366421568627	0.0
178.0	26.228860294117645	23.798406862745097	23.755208333333332	26.21752450980392	0.0
179.0	26.229473039215684	23.893075980392155	23.64859068627451	26.228860294117645	0.0
180.0	26.234842125258123	23.74493716260516	23.72563557374739	26.294585138389326	0.0
181.0	26.191643331147862	23.826432760004657	23.797939938357466	26.183983970490015	0.0
182.0	26.21991010946792	23.924852250480242	23.640229536423433	26.2150081036284	0.0
183.0	26.205816842679315	23.84029264974862	23.828037635149833	26.125852872422232	0.0
184.0	26.080815693771697	23.843969154128256	23.9818380683646	26.093377083735454	0.0
185.0	26.14515452041532	23.87430031526025	23.80322123058729	26.177323933737135	0.0
186.0	26.08755595180103	23.67209257438028	23.983676320554416	26.256675153264275	0.0
187.0	26.14668639724017	23.794642720368138	23.779017576754686	26.279653305637	0.0
188.0	26.349200513485112	23.68924959481858	23.84917753533274	26.112372356363565	0.0
189.0	26.2523858981547	23.708857618176637	23.88257245011443	26.15618403355423	0.0
190.0	26.230633247241858	23.836616145368982	23.750218292447542	26.18253231494162	0.0
191.0	26.2048977165844	23.709776744271547	23.913822737341338	26.171502801802717	0.0
192.0	26.18927257297095	23.90034222128267	23.762473307046328	26.14791189870005	0.0
193.0	26.09368345910042	23.79433634500317	23.845501030953102	26.266479164943306	0.0
194.0	26.35195789176984	23.791272591353476	23.68741134262876	26.169358174247925	0.0
195.0	26.25430458706602	23.874986213066336	23.744469907719456	26.126239292148192	0.0
196.0	26.216926678023018	23.806357921052953	23.72608732950159	26.250628071422444	0.0
197.0	26.140332602115222	23.72179806125075	23.918491648181963	26.219377688452067	0.0
198.0	26.045968700596823	23.869777815904605	23.885403007389797	26.198850476108777	0.0
199.0	26.224746778433428	23.75166210163177	23.847252094094866	26.176339025839933	0.0
200.0	26.266590683481013	23.77109452553403	23.81980955182176	26.142505239163206	0.0
201.0	26.175448701843827	23.761742231590816	23.89348807853278	26.169320988032574	0.0
202.0	26.128905747323657	23.81471790378028	23.94524140720269	26.111134941693376	0.0
203.0	26.243366465260497	23.794320591227187	23.76061671957153	26.20169622394078	0.0
204.0	26.230512795372096	23.87856652613001	23.65887587018335	26.23204480831454	0.0
205.0	26.24017207674819	23.750942193733415	23.73470275702739	26.274182972491005	0.0
206.0	26.193000410587018	23.844687800663067	23.79995220031744	26.162359588432476	0.0
207.0	26.20247773075898	23.935259095380072	23.67051022378021	26.191752950080744	0.0
208.0	26.200362200043514	23.850964794278344	23.83135328600014	26.117319719678004	0.0
209.0	26.088701892874983	23.848631289281677	23.984996736422445	26.077670081420894	0.0
210.0	26.15352085484805	23.869002564911884	23.80802078896322	26.169455791276846	0.0
211.0	26.085211097116623	23.690315304962322	23.974086706566275	26.250386891354776	0.0
212.0	26.136401942907927	23.807057597719993	23.78346076643734	26.273079692934743	0.0
213.0	26.33669313442167	23.697170473385658	23.872157985222593	26.09397840697008	0.0
214.0	26.215335770695873	23.735784180025682	23.904948990067695	26.143931059210747	0.0
215.0	26.22562464948223	23.817127026107638	23.778819073070125	26.178429251340013	0.0
216.0	26.215541151412065	23.727608452473987	23.92742763450252	26.129422761611426	0.0
217.0	26.17831213050847	23.926041931638128	23.76514359793192	26.13050233992148	0.0
218.0	26.09727019464459	23.79285720853114	23.83760309175664	26.272269505067626	0.0
219.0	26.35348634790844	23.800825653489106	23.67516940607502	26.170518592527436	0.0
220.0	26.25888035503031	23.884247368840448	23.73713536143581	26.119736914693426	0.0
221.0	26.23850680397205	23.793061174451392	23.749846757386294	26.218585264190263	0.0
222.0	26.14121873026965	23.729135634466736	23.92866118661003	26.200984448653585	0.0
223.0	26.014356384054725	23.87499770126216	23.9041150472314	26.20653086745171	0.0
224.0	26.221433475552942	23.767532244617723	23.85641949879849	26.15461478103085	0.0
225.0	26.258842857668306	23.767210622463615	23.84843617816902	26.125510341699055	0.0
226.0	26.152818136118977	23.76503475925994	23.913083459006142	26.169063645614937	0.0
227.0	26.102109502878267	23.809304863320644	23.973295569492212	26.115290064308876	0.0
228.0	26.244513107236568	23.78613992496138	23.765295863066775	26.20405110473528	0.0
229.0	26.216327231261573	23.89555770810599	23.66688328408352	26.221231776548915	0.0
230.0	26.24025209671882	23.75545637353475	23.74840600323704	26.255885526509392	0.0
231.0	26.184024180149475	23.830996450226536	23.822106689391756	26.162872680232237	0.0
232.0	26.1966874404147	23.934668452820702	23.667971540067377	26.200672566697218	0.0
233.0	26.206074131752317	23.846193934451858	23.84742016474404	26.100311769051785	0.0
234.0	26.088969138849123	23.83086605579961	24.0215448662336	26.058619939117666	0.0
235.0	26.141244202194354	23.89109782005573	23.80403493551522	26.163623042234697	0.0
236.0	26.07045522129537	23.727057294301225	23.975376540882237	26.227110943521165	0.0
237.0	26.1222788015537	23.813494630413658	23.803377796308276	26.260848771724373	0.0
238.0	26.31729009353702	23.726397307016654	23.882445636011905	26.073866963434412	0.0
239.0	26.21106815582855	23.741871794321522	23.920301429583144	26.126758620266788	0.0
240.0	26.208061613365096	23.83501500783351	23.79853018276138	26.15839319604002	0.0
241.0	26.202280538768854	23.74881573259012	23.917142673178986	26.13176105546204	0.0
242.0	26.189782633358988	23.919835894165228	23.78522740861801	26.10515406385778	0.0
243.0	26.06337144942335	23.81627002014664	23.874839394190285	26.245519136239725	0.0
244.0	26.3470372846427	23.828376563237917	23.689456155738057	26.135129996381323	0.0
245.0	26.261857952994504	23.87140504283125	23.772646274923552	26.09409072925069	0.0
246.0	26.218803387345606	23.80558034824268	23.77674926465401	26.198866999757698	0.0
247.0	26.13984932885083	23.70770042452946	23.972111113837695	26.180339132782017	0.0
248.0	26.014963327883383	23.910342733215337	23.910342733215337	26.164351205685943	0.0
249.0	26.217127361630467	23.76830177335096	23.891617304666052	26.122953560352524	0.0
