# Position (bp)	A	C	G	T	N
0.0	26.338419443552553	23.73738360811358	23.648039311490514	26.276157636843354	0.0
1.0	26.376669970544302	23.56818784638365	23.86330322616671	26.19183895690534	0.0
2.0	26.13261426633393	23.904511475483055	23.66863740153304	26.29423685664997	0.0
3.0	26.205129493330652	23.69676315517708	23.713509787010754	26.38459756448151	0.0
4.0	26.250216300397994	23.722432165404218	23.743085364696427	26.284266169501365	0.0
5.0	26.24626719879434	23.72135860009489	23.758756384136642	26.273617816974127	0.0
6.0	26.247826681513608	23.79947700817419	23.740312511337535	26.21238379897467	0.0
7.0	26.43665650848933	23.75590234754362	23.65711128227454	26.150329861692505	0.0
8.0	26.170542895255316	23.823038583683562	23.69941228672371	26.307006234337415	0.0
9.0	26.255821805994685	23.787292347447057	23.775292939045794	26.181592907512467	0.0
10.0	26.274563425401414	23.810546994904534	23.76394555165505	26.150944028039003	0.0
11.0	26.28844259527457	23.828897837085158	23.668723263542983	26.21393630409729	0.0
12.0	26.20082096445185	23.821921592592904	23.793737564844193	26.183519878111056	0.0
13.0	26.25970046796648	23.76639068643455	23.76080969084075	26.21309915475822	0.0
14.0	26.1879846745861	23.745182903178097	23.767227835773625	26.299604586462177	0.0
15.0	26.298694050675298	23.72502511441009	23.79757785467128	26.17870298024333	0.0
16.0	26.325203705770733	23.653309521151915	23.70660788034379	26.31487889273356	0.0
17.0	26.230885143431188	23.747907132492465	23.704654537336754	26.316553186739593	0.0
18.0	26.24762808349146	23.596104475945975	23.802600736689364	26.353666703873202	0.0
19.0	26.22251367340105	23.7928340216542	23.712467909364886	26.272184395579863	0.0
20.0	26.1951668713026	23.748465230494475	23.64884473713584	26.407523161067083	0.0
21.0	26.297856903672283	23.8475276258511	23.650239982140864	26.204375488335753	0.0
22.0	26.235070878446255	23.793113070655206	23.69823641031365	26.273579640584888	0.0
23.0	26.215816497376938	23.68540015626744	23.8475276258511	26.251255720504517	0.0
24.0	26.149681884138854	23.71163076236187	23.742326152472373	26.396361201026902	0.0
25.0	26.346690478848085	23.743721397477398	23.621776984038398	26.28781113963612	0.0
26.0	26.398872642035943	23.5548052237973	23.863712467909366	26.182609666257395	0.0
27.0	26.12735796405849	23.905848867061056	23.668657216207166	26.29813595267329	0.0
28.0	26.20660788034379	23.685679205268446	23.72390891840607	26.38380399598169	0.0
29.0	26.247069985489453	23.726699408416117	23.752930014510547	26.273300591583883	0.0
30.0	26.252371916508537	23.720002232392005	23.746511887487443	26.281113963612015	0.0
31.0	26.24204710347137	23.80371693269338	23.747069985489453	26.2071659783458	0.0
32.0	26.43347471816051	23.760743386538678	23.661960040183054	26.14382185511776	0.0
33.0	26.16642482419913	23.815995088737584	23.714979350373927	26.302600736689364	0.0
34.0	26.233954682442235	23.789485433642145	23.781951110615022	26.194608773300594	0.0
35.0	26.254604308516576	23.81822748074562	23.770231052572832	26.156937158164972	0.0
36.0	26.279924433741396	23.831834379299085	23.67054450679622	26.2176966801633	0.0
37.0	26.202069979713194	23.813138148403425	23.791930483506853	26.192861388376524	0.0
38.0	26.26039105817876	23.766537095275435	23.750352298380683	26.22271954816512	0.0
39.0	26.198721401045315	23.734446549708256	23.774071397278163	26.292760651968266	0.0
40.0	26.30803489209235	23.708428907082784	23.804979322584426	26.17855687824044	0.0
41.0	26.329521545253126	23.639225141058482	23.714567950843	26.316685362845394	0.0
42.0	26.233250177195128	23.74247269520764	23.71317271362477	26.311104413972465	0.0
43.0	26.253341593137662	23.596809929624236	23.806374559802656	26.343473917435446	0.0
44.0	26.219855899900104	23.796607899275035	23.711219381519246	26.27231681930562	0.0
45.0	26.185533064331594	23.741077457989405	23.651503228578925	26.421886249100073	0.0
46.0	26.29185014036086	23.847115486575028	23.65038703880434	26.210647334259775	0.0
47.0	26.248597786595678	23.78237647964907	23.700336531217037	26.268689202538216	0.0
48.0	26.210647334259775	23.677175593394388	23.85464976755348	26.25752730479236	0.0
49.0	26.14981499154486	23.711219381519246	23.74303079009493	26.39593483684096	0.0
50.0	26.347938676533783	23.750006976186093	23.630295622861798	26.271758724418326	0.0
51.0	26.406259592255875	23.557743287513745	23.86330023830652	26.172696881923862	0.0
52.0	26.1277702434968	23.887019271016456	23.680524162718143	26.304686322768596	0.0
53.0	26.209531144485187	23.684709874372842	23.73242698723637	26.3733319939056	0.0
54.0	26.24385398005369	23.726287943476148	23.75642506738996	26.273433009080204	0.0
55.0	26.255015877799543	23.708987001970076	23.751402213404322	26.284594906826058	0.0
56.0	26.245249217271923	23.811118366344648	23.74024031565847	26.203392100724965	0.0
57.0	26.43779195338791	23.7572622097209	23.661269889106546	26.143675947784644	0.0
58.0	26.168790217712818	23.81697836266122	23.71373080851206	26.300500611113904	0.0
59.0	26.243295885166397	23.792143140176695	23.775958388445204	26.188602586211708	0.0
60.0	26.259480636897887	23.81223455611923	23.784887906641888	26.143396900341	0.0
61.0	26.28256823388575	23.83756135538546	23.679062849680353	26.200807561048435	0.0
62.0	26.20722563434283	23.82639948878651	23.777287275751124	26.18908760111954	0.0
63.0	26.25354738072848	23.76528826915725	23.774775855766357	26.20638849434791	0.0
64.0	26.19969137438854	23.740732162639556	23.768078735806988	26.291497727164913	0.0
65.0	26.309283298545612	23.70745945463272	23.81321784554252	26.170039401279144	0.0
66.0	26.326305097610252	23.641883671350918	23.715830831221886	26.315980399816947	0.0
67.0	26.239521826969224	23.739549731557858	23.713319418245135	26.30760902322778	0.0
68.0	26.262682635532585	23.59360873302006	23.798149367682022	26.345559263765335	0.0
69.0	26.228639037403312	23.784197073366744	23.716947014767108	26.270216874462836	0.0
70.0	26.1929211639562	23.73452690560436	23.64802268084964	26.424529249589803	0.0
71.0	26.29170340770836	23.86037660032816	23.64802268084964	26.19989731111384	0.0
72.0	26.240079918741838	23.78949894520655	23.70494804165597	26.26547309439564	0.0
73.0	26.216361018405866	23.668951122322554	23.856190912033576	26.258496947238	0.0
74.0	26.149669051578844	23.715272739449276	23.74122400687569	26.393834202096194	0.0
75.0	26.35225636503667	23.743177328079828	23.62904756058086	26.27551874630264	0.0
76.0	26.398298936277083	23.55258898773314	23.867910839258407	26.181201236731365	0.0
77.0	26.12957774776484	23.893862106684825	23.67062539764039	26.305934747909948	0.0
78.0	26.21915147726892	23.681508187206305	23.732573584400217	26.366766751124555	0.0
79.0	26.243707515263807	23.72559743724258	23.76243149423491	26.2682635532587	0.0
80.0	26.2531950753982	23.720295565402775	23.750990612896388	26.27551874630264	0.0
81.0	26.244544652922723	23.806241698384884	23.738712593898942	26.21050105479345	0.0
82.0	26.43903963567769	23.7568505765088	23.657231195097722	26.14687859271579	0.0
83.0	26.166969896529785	23.82270540567691	23.70550613342858	26.304818564364723	0.0
84.0	26.24231228583228	23.797870321795717	23.786429440457187	26.173387951914812	0.0
85.0	26.266310232054558	23.814334029087743	23.78559230279827	26.133763436059425	0.0
86.0	26.28716532027402	23.83798641050326	23.681442105116293	26.193406164106424	0.0
87.0	26.199266111366903	23.812593305707868	23.797245824787577	26.190894758137652	0.0
88.0	26.245308554127778	23.760969960794164	23.78413070472842	26.209590780349647	0.0
89.0	26.1959175700752	23.740599667936323	23.774922216176243	26.288560545812228	0.0
90.0	26.313322134354262	23.707606190319392	23.80666692710804	26.1724047482183	0.0
91.0	26.320019198249835	23.648727836904172	23.716814653175803	26.31443831167019	0.0
92.0	26.251653337649216	23.741928642784195	23.716535608846822	26.289882410719766	0.0
93.0	26.256118046912935	23.596267503055536	23.803597439489238	26.34401701054229	0.0
94.0	26.237701121200114	23.774576829275098	23.715698475859874	26.27202357366491	0.0
95.0	26.195286383194833	23.727418337677122	23.652913501838903	26.424381777289142	0.0
96.0	26.29657947461534	23.854104463034997	23.654587767812796	26.19472829453687	0.0
97.0	26.243002963450774	23.78936617871115	23.698118683134002	26.269512174704072	0.0
98.0	26.217888973842385	23.670214250235794	23.859406305285656	26.252490470636165	0.0
99.0	26.155662088479374	23.70955950062227	23.756717992220246	26.37806041867811	0.0
100.0	26.33564568067283	23.74304482010012	23.64175172867962	26.27955777054743	0.0
101.0	26.40540676291836	23.54882996712858	23.868056679484102	26.177706590468965	0.0
102.0	26.122176769001527	23.89317066909249	23.68332933369795	26.301323228208034	0.0
103.0	26.218726106829333	23.68332933369795	23.73272017992778	26.365224379544934	0.0
104.0	26.249700027346346	23.719605096465624	23.76257792312887	26.268116953059163	0.0
105.0	26.253606647952093	23.713187076899036	23.75197423862755	26.281232036521324	0.0
106.0	26.258071357215805	23.798853685896542	23.735510623217603	26.207564333670046	0.0
107.0	26.443635835988903	23.750299972653654	23.65933152140549	26.14673266995195	0.0
108.0	26.16431246267782	23.815596345635466	23.712908032570056	26.307183159116658	0.0
109.0	26.255280913925986	23.78797095706624	23.782948159144564	26.173799969863214	0.0
110.0	26.264210332453413	23.808062148752953	23.788529045724204	26.13919847306943	0.0
111.0	26.28367009239132	23.847061810936832	23.677682375888402	26.191585720783443	0.0
112.0	26.21418824835992	23.807995713891067	23.79515971057603	26.18265632717298	0.0
113.0	26.25353338895601	23.756093613530265	23.789020752468836	26.201352245044884	0.0
114.0	26.198561809541616	23.731537781101498	23.775068574952492	26.2948318344044	0.0
115.0	26.32266273774444	23.69687025627288	23.80569693722654	26.174770068756136	0.0
116.0	26.32266273774444	23.63269041878739	23.73565720153585	26.308989641932317	0.0
117.0	26.24313554781677	23.753236896151442	23.71361282257344	26.290014733458346	0.0
118.0	26.248158317706938	23.58971783194928	23.815742477006875	26.346381373336904	0.0
119.0	26.238112777926602	23.769979462452003	23.719472720778644	26.272435038842758	0.0
120.0	26.200442003750336	23.721984105723728	23.657246182694884	26.420327707831053	0.0
121.0	26.29643271720689	23.849227609608	23.648316814001248	26.206022859183857	0.0
122.0	26.244809804446827	23.77946691668899	23.707194838824893	26.26852844003929	0.0
123.0	26.216626484507543	23.669245021876954	23.85397133672649	26.260157156889008	0.0
124.0	26.1449124921868	23.70328824002143	23.7618872220734	26.38991204571837	0.0
125.0	26.341079560675063	23.737331458165908	23.64747968568622	26.274109295472808	0.0
126.0	26.41084025359407	23.542001517992677	23.868202518081972	26.17895571033128	0.0
127.0	26.127890883114564	23.896385838021253	23.680964818287347	26.29475846057684	0.0
128.0	26.213277971247432	23.692963657469416	23.731750602732387	26.362007768550765	0.0
129.0	26.239228949013306	23.71668229306188	23.773607018483794	26.27048173944102	0.0
130.0	26.252064916510403	23.706636753281543	23.76021296544334	26.28108536476471	0.0
131.0	26.26294758460577	23.798162782391287	23.7350991159925	26.203790517010443	0.0
132.0	26.444399177379612	23.75107082962438	23.66010263221781	26.144427360778195	0.0
133.0	26.166192757703694	23.82055267365578	23.71228377612894	26.300970792511585	0.0
134.0	26.246557300197843	23.789578839569494	23.786230316965568	26.1776335432671	0.0
135.0	26.26832269712334	23.81329754134728	23.783718925012625	26.134660836516755	0.0
136.0	26.28067394786336	23.838757024940982	23.68974735326454	26.19082167393112	0.0
137.0	26.203936757393283	23.807504060094985	23.80248126217331	26.186077920338423	0.0
138.0	26.253606647952093	23.74695144070587	23.796900375593665	26.20254153574837	0.0
139.0	26.204773890380228	23.731883046940837	23.779878671525758	26.283464391153178	0.0
140.0	26.323999274482716	23.69260390942196	23.804780042693903	26.17861677340142	0.0
141.0	26.328537464700695	23.642162717237223	23.727271712560412	26.30202810550167	0.0
142.0	26.250477867413768	23.74798737592888	23.713106542807154	26.288428213850203	0.0
143.0	26.25298928739853	23.602883110142507	23.816632855512427	26.327494746946535	0.0
144.0	26.23966826839899	23.772609819121445	23.7187536624977	26.26896824998186	0.0
145.0	26.213437808696234	23.71177747640654	23.643410852713178	26.43137386218405	0.0
146.0	26.299663468782963	23.84209263258939	23.64927084902975	26.208973049597894	0.0
147.0	26.25027207125756	23.775121246114264	23.71707937783582	26.25752730479236	0.0
148.0	26.22069304223104	23.670478454746878	23.86330023830652	26.245528264715567	0.0
149.0	26.15623308274873	23.69698796189328	23.762843158593824	26.38393579676417	0.0
150.0	26.332870114576878	23.736612698891065	23.652061323466217	26.278455863065837	0.0
151.0	26.404864355037645	23.54713948465518	23.87167166161591	26.176324498691265	0.0
152.0	26.138374046355363	23.88618212868552	23.681919399936376	26.293524425022742	0.0
153.0	26.20785685982331	23.694197487456815	23.732147939792725	26.365797712927154	0.0
154.0	26.238552078624405	23.716800330392175	23.76563363303029	26.27901395795313	0.0
155.0	26.258085399679654	23.70089462610433	23.757541257164544	26.283478717051473	0.0
156.0	26.26338730110894	23.787957428521995	23.743588884982223	26.205066385386843	0.0
157.0	26.44958575291396	23.7517475394923	23.648220649010355	26.15044605858338	0.0
158.0	26.163840373254903	23.806999087512313	23.718261752813504	26.31089878641928	0.0
159.0	26.252577707953712	23.783279988614833	23.78300094039251	26.181141363038947	0.0
160.0	26.268762504848464	23.812021955514133	23.791093338839886	26.12812220079752	0.0
161.0	26.28976448264315	23.831900881794844	23.693771626297575	26.184563009264426	0.0
162.0	26.213305056367897	23.80371693269338	23.815995088737584	26.166982922201136	0.0
163.0	26.24734903449046	23.750976671503516	23.785578747628083	26.216095546377943	0.0
164.0	26.200468802321687	23.716653644379953	23.795066413662237	26.28781113963612	0.0
165.0	26.328346713770266	23.697186341071383	23.82052634369445	26.153940601463894	0.0
166.0	26.325908728143364	23.640047103734254	23.73213378799971	26.301910380122674	0.0
167.0	26.241708687147174	23.738060090914924	23.73024665347684	26.289984568461062	0.0
168.0	26.248405919236962	23.608301219175292	23.81982213267775	26.32347072891	0.0
169.0	26.24373528000089	23.773845003292816	23.714127850517364	26.26829186618893	0.0
170.0	26.209969973992344	23.722220361874786	23.647713446963355	26.42009621716952	0.0
171.0	26.300103807387064	23.84081751107837	23.651062072352634	26.208016609181932	0.0
172.0	26.251827791358313	23.76742680463003	23.71942984071705	26.261315563294602	0.0
173.0	26.212481443034303	23.672549085267164	23.86481599303486	26.250153478663673	0.0
174.0	26.15750817622699	23.699338088381385	23.757659980577973	26.38549375481365	0.0
175.0	26.339729207826856	23.730591925347976	23.656643114668096	26.27303575215707	0.0
176.0	26.404190246570447	23.548370893748118	23.878489546707744	26.168949312973687	0.0
177.0	26.146067039480293	23.886023953833618	23.679525388161494	26.2883836185246	0.0
178.0	26.213876703613163	23.68733884740314	23.732824342274164	26.36596010670953	0.0
179.0	26.24513054057976	23.707988703970354	23.770496377903537	26.276384377546353	0.0
180.0	26.272198595809755	23.686501691055824	23.766031544051167	26.27526816908326	0.0
181.0	26.2655013450312	23.788913817544564	23.75291609460983	26.192668742814405	0.0
182.0	26.45812113686149	23.743215526503047	23.651128071325918	26.14753526530954	0.0
183.0	26.154790640565917	23.809630115388373	23.71837981889467	26.31719942515104	0.0
184.0	26.255807788366287	23.778097138312567	23.778934296995995	26.187160776325154	0.0
185.0	26.276736755451996	23.80042136987066	23.79149167724742	26.131350197429924	0.0
186.0	26.28908844327118	23.83118368987091	23.693052121645078	26.186675745212835	0.0
187.0	26.203977072950213	23.80076683949391	23.814161415806716	26.181094671749168	0.0
188.0	26.250858090045035	23.744677051184023	23.794069551337504	26.21039530743343	0.0
189.0	26.215418273550732	23.71063250305564	23.78709320950792	26.28685601388571	0.0
190.0	26.334089570897966	23.691443911450442	23.81422787028433	26.16023864736726	0.0
191.0	26.330256284323795	23.628443541545742	23.73476358440863	26.306536589721834	0.0
192.0	26.241869005528102	23.735946041730035	23.7250628573661	26.297122095375762	0.0
193.0	26.24354334158409	23.606184997390827	23.814360780352224	26.33591088067286	0.0
194.0	26.25254639319101	23.7678247523371	23.717315473698896	26.26231338077299	0.0
195.0	26.20454862564532	23.72568717734059	23.65313241244593	26.41663178456816	0.0
196.0	26.30361378540533	23.84400725547649	23.655364866750382	26.197014092367798	0.0
197.0	26.250313938886567	23.771173433793777	23.725129063764477	26.253383563555182	0.0
198.0	26.208734477466166	23.666806195060694	23.862145946700153	26.26231338077299	0.0
199.0	26.154039347007117	23.702804520719965	23.76391795730431	26.379238174968606	0.0
200.0	26.334868145667645	23.732663597042	23.6495046742012	26.28296358308916	0.0
201.0	26.41356215989954	23.549044230500908	23.878889353983535	26.158504255616016	0.0
202.0	26.150836616919864	23.8723252257582	23.683960842532954	26.292877314788974	0.0
203.0	26.215578153080244	23.690937301170926	23.72861017781598	26.36487436793285	0.0
204.0	26.24125152086798	23.71828501903178	23.763771529351356	26.27669193074888	0.0
205.0	26.2769709890944	23.679774967350173	23.769910812952773	26.273343230602652	0.0
206.0	26.26162278009086	23.791398305557728	23.762097179278243	26.18488173507317	0.0
207.0	26.464292989755737	23.74597806037165	23.64914454425459	26.140584405618018	0.0
208.0	26.172676204907535	23.796766820986363	23.716397793200443	26.314159180905662	0.0
209.0	26.26420759766372	23.770814322430496	23.78030233265522	26.18467574725057	0.0
210.0	26.27090501664588	23.808208245080888	23.79788305748339	26.123003680789846	0.0
211.0	26.30600763512156	23.824593128390596	23.690085504431497	26.179313732056347	0.0
212.0	26.21475453753935	23.80505882615587	23.80868662514232	26.171500011162458	0.0
213.0	26.26275310874467	23.74226999754426	23.7888732614471	26.20610363226397	0.0
214.0	26.218103275065303	23.71324760565267	23.779385171790235	26.289263947491797	0.0
215.0	26.349335692339466	23.684012245251058	23.813776186502874	26.152875875906606	0.0
216.0	26.337967639852433	23.6238007266801	23.734867807848367	26.3033638256191	0.0
217.0	26.251810426381578	23.744143148565193	23.71958553444903	26.2844608906042	0.0
218.0	26.252926681568674	23.614378483065014	23.807769694229798	26.32492514113651	0.0
219.0	26.262767204331084	23.763743930345484	23.719651727409722	26.253837137913717	0.0
220.0	26.197745158229612	23.735000279064575	23.657978456214767	26.409276106491042	0.0
221.0	26.307138471842386	23.83713791371323	23.657699391639227	26.198024222805156	0.0
222.0	26.256069654518054	23.756209186805826	23.73332589161132	26.2543952670648	0.0
223.0	26.218675001395326	23.673606072445164	23.86588156499414	26.24183736116537	0.0
224.0	26.16955963609979	23.69230339900653	23.77127867388514	26.366858291008537	0.0
225.0	26.332254283641234	23.732209633309147	23.65909471451694	26.276441368532677	0.0
226.0	26.422671206117094	23.532399397220516	23.879555729195737	26.165373667466653	0.0
227.0	26.1558854718982	23.86895127532511	23.69816375509293	26.27699949768376	0.0
228.0	26.217000613942066	23.68923368867556	23.727186470949377	26.366579226432997	0.0
229.0	26.23374448847463	23.719093598258638	23.767092705251997	26.280069208014734	0.0
230.0	26.26248813975554	23.682257074286987	23.774906513367196	26.280348272590278	0.0
231.0	26.26248813975554	23.788580677568792	23.76095328459005	26.187977898085617	0.0
232.0	26.466837268619937	23.74120595302214	23.64688186326356	26.14507491509437	0.0
233.0	26.17186518910864	23.79255397821616	23.730601469558156	26.30497936311705	0.0
234.0	26.257259187529126	23.771065945933877	23.787809867192795	26.1838649993442	0.0
235.0	26.275119370205307	23.80622818057761	23.801205004199932	26.11744744501715	0.0
236.0	26.291378530884245	23.83001523701087	23.697737889925154	26.180868342179732	0.0
237.0	26.198449508564543	23.798201697838355	23.813271269025332	26.190077524571777	0.0
238.0	26.253292998749778	23.743079121271656	23.790241560993035	26.21338631898553	0.0
239.0	26.216456063582783	23.707358456867297	23.775450973388104	26.300734506161817	0.0
240.0	26.33691108097096	23.67285656078543	23.814905979471206	26.1753263787724	0.0
241.0	26.336808850288573	23.608490829323834	23.74496254702553	26.309737773362063	0.0
242.0	26.260455536236087	23.726845714381405	23.71065829758612	26.302040451796383	0.0
243.0	26.247571840042873	23.605343068301067	23.80768973139527	26.33939536026079	0.0
244.0	26.258174540927833	23.76317765304499	23.723822628859793	26.254825177167383	0.0
245.0	26.196045374360803	23.7333363106536	23.65266953978072	26.417948775204874	0.0
246.0	26.303845380853485	23.8404680556486	23.667124450101607	26.18856211339631	0.0
247.0	26.246629034689533	23.762862710284026	23.728524926997313	26.26198332802912	0.0
248.0	26.22468810382764	23.67143958093664	23.877508851484926	26.226363463750797	0.0
249.0	26.15655680028593	23.708576725899945	23.769168909787453	26.365697564026675	0.0
