# Position (bp)	A	C	G	T	N
0.0	26.33399771025589	23.846326568516297	23.719919387701356	26.099756333526457	0.0
1.0	26.339819093582896	23.65837904967303	23.77785601224154	26.223945844502534	0.0
2.0	26.270942132632584	23.72351395402987	23.684152169333288	26.32139174400426	0.0
3.0	26.17138992371829	23.703876175270533	23.672554106794394	26.452179794216786	0.0
4.0	26.173350739918455	23.88194565708473	23.75666259219531	26.188041010801506	0.0
5.0	26.209257206208424	23.794068736141906	23.716186252771617	26.28048780487805	0.0
6.0	26.25834578214079	23.684422038130766	23.820504363780483	26.23672781594796	0.0
7.0	26.233083811176115	23.731026015525618	23.80530065988033	26.230589513417936	0.0
8.0	26.152238797697603	23.86480472008447	23.805221690439833	26.177734791778096	0.0
9.0	26.243854855426296	23.80131576759576	23.90800711645153	26.04682226052642	0.0
10.0	26.233328622534795	23.794520509985507	23.796737356355283	26.17541351112441	0.0
11.0	26.22972624718391	23.89372438503296	23.61357042505258	26.26297894273055	0.0
12.0	26.18760616615818	23.751569111571108	23.745195678258003	26.315629044012713	0.0
13.0	26.239979161644122	23.740207773926006	23.756834121699324	26.26297894273055	0.0
14.0	26.19944911520364	23.656733375083824	23.81800850158227	26.325809008130264	0.0
15.0	26.237689609115648	23.738479358446437	23.825490337347663	26.198340695090256	0.0
16.0	26.324146377960172	23.767575386422962	23.717419376292	26.190858859324862	0.0
17.0	26.2182922571313	23.784201688123833	23.732660152851135	26.264845901893736	0.0
18.0	26.296712980153735	23.62486629682382	23.774780117160006	26.303640605862434	0.0
19.0	26.300315345522257	23.747900929410264	23.693865448882434	26.257918276185038	0.0
20.0	26.188919124126425	23.79833404456957	23.70384122990296	26.308905601401044	0.0
21.0	26.159823096149903	23.766466966309572	23.664215210849214	26.409494726691314	0.0
22.0	26.3723626528927	23.668371786274434	23.78337037303879	26.17589518779408	0.0
23.0	26.240183554370777	23.80886403564679	23.690263083513912	26.260689326468516	0.0
24.0	26.141257059250595	23.88395949832906	23.744021459013396	26.230761983406953	0.0
25.0	26.33329084389565	23.84627321447375	23.72157595171722	26.098859989913375	0.0
26.0	26.338555839434264	23.65756469016887	23.77422590710331	26.22965356329356	0.0
27.0	26.280086678452868	23.714094115951827	23.686106508088695	26.31971269750661	0.0
28.0	26.175618082765727	23.692757028769044	23.68028730249339	26.451337585971835	0.0
29.0	26.175063872709035	23.88395949832906	23.749286454552003	26.191690174409903	0.0
30.0	26.21967778227304	23.784755898180528	23.707720700299827	26.287845619246607	0.0
31.0	26.252376175618082	23.68693782317374	23.826321652432707	26.234364348775475	0.0
32.0	26.230207773350255	23.73459988804957	23.79971956971131	26.23547276888886	0.0
33.0	26.139799099411153	23.871700727398686	23.80270176653966	26.185798406650502	0.0
34.0	26.239002424662278	23.81129199861448	23.916037409075162	26.033668167648077	0.0
35.0	26.22625562868029	23.795497055767232	23.80159334949775	26.17665396605473	0.0
36.0	26.226532732940772	23.888326983027362	23.61288534811223	26.27225493591964	0.0
37.0	26.178870800138554	23.751714582611708	23.7531001039141	26.31631451333564	0.0
38.0	26.229580879806026	23.751991686872188	23.762244544509873	26.256182888811914	0.0
39.0	26.19514736363737	23.655493853844533	23.8175993970228	26.331759385495296	0.0
40.0	26.236435784036622	23.741118833061773	23.81732229353019	26.20512308937142	0.0
41.0	26.322614970239083	23.76162449151509	23.724215520012415	26.19154501823341	0.0
42.0	26.232002128154825	23.77991332202751	23.72144448508629	26.266640064731376	0.0
43.0	26.29767565590397	23.62418115917933	23.77631097662355	26.301832208293153	0.0
44.0	26.31430186546071	23.73973331559871	23.692348618361986	26.253616200578595	0.0
45.0	26.198472605548723	23.78988904776156	23.69401123931766	26.31762710737206	0.0
46.0	26.170762256287478	23.767720768352564	23.66685509704164	26.394661878318317	0.0
47.0	26.38052960019508	23.669349028475157	23.774648355667875	26.175473015661886	0.0
48.0	26.24197785388887	23.799033463017768	23.69068599740631	26.26830268568705	0.0
49.0	26.13750983717399	23.88050188984582	23.738070694643035	26.243917578337157	0.0
50.0	26.332867799465742	23.84059898690963	23.720890278101063	26.10564293552356	0.0
51.0	26.33951828328844	23.661590130682004	23.778527804564447	26.2203637814651	0.0
52.0	26.284928895243798	23.72476972699764	23.674891098327404	26.315410279431163	0.0
53.0	26.180737982021522	23.686252341524515	23.68098737516488	26.452022301289084	0.0
54.0	26.1846174309181	23.88410423524978	23.748600627362308	26.182677706469814	0.0
55.0	26.224243230361676	23.791551668717233	23.70426406854432	26.279941032376776	0.0
56.0	26.25306199359337	23.686252341524515	23.83367139959432	26.227014265287803	0.0
57.0	26.23311054212527	23.739179108613484	23.790720358239394	26.236989991021847	0.0
58.0	26.144364977540825	23.86879740188485	23.798413309798075	26.18842431077625	0.0
59.0	26.24689298569873	23.813376856934635	23.905652064276747	26.034078093089892	0.0
60.0	26.22389345954439	23.79675069344957	23.795642282550563	26.18371356445548	0.0
61.0	26.231098130387913	23.892628236213447	23.611923176040587	26.26435045735805	0.0
62.0	26.18620748897824	23.744655381196363	23.76349836647944	26.30563876334596	0.0
63.0	26.229435514039412	23.742438559398355	23.772365653671475	26.255760272890765	0.0
64.0	26.206363369338114	23.65259173460283	23.824117845920227	26.316927050138826	0.0
65.0	26.236844584596458	23.741818564722706	23.82356364200644	26.197773208674402	0.0
66.0	26.323300395147392	23.75456525473983	23.735168117757247	26.186966232355534	0.0
67.0	26.220772671096604	23.788094591524008	23.73045738449005	26.26067535288934	0.0
68.0	26.288385548578745	23.63125488392199	23.781998348472335	26.298361219026926	0.0
69.0	26.314433132526784	23.73322840405899	23.701915882929967	26.250422580484262	0.0
70.0	26.190568557795157	23.787263285653324	23.70551820836959	26.316649948181936	0.0
71.0	26.169785911028104	23.765372231058695	23.66561552657685	26.39922633133635	0.0
72.0	26.38038339826756	23.669217852016473	23.77396239172241	26.17643635799356	0.0
73.0	26.236290380682668	23.805274912851434	23.690000498783522	26.268434207682372	0.0
74.0	26.143461225123172	23.86900836293706	23.74902321560195	26.238507196337817	0.0
75.0	26.344360143871338	23.832985108540836	23.718264898386714	26.104389849201116	0.0
76.0	26.333830269509363	23.659242181568285	23.77811892107582	26.22880862784653	0.0
77.0	26.27453045073404	23.734336811886568	23.67614540093882	26.31498733644057	0.0
78.0	26.191399863665836	23.68695237725769	23.68224164399049	26.439406115085983	0.0
79.0	26.185026518657274	23.876490115773198	23.756504968438087	26.181978397131438	0.0
80.0	26.221049773053494	23.784215164127488	23.713831267076408	26.280903795742606	0.0
81.0	26.25845853723419	23.677808012680185	23.831599598756366	26.23213385132926	0.0
82.0	26.243217929605017	23.72214432578323	23.798901567842872	26.23573617676888	0.0
83.0	26.151978918141538	23.857858174069424	23.80132953150502	26.188833376284016	0.0
84.0	26.2445307152813	23.80853416242009	23.90718218571876	26.039752936579852	0.0
85.0	26.220145810645672	23.802437936261185	23.792462293455703	26.18495395963744	0.0
86.0	26.224025227292252	23.894989733400944	23.61234652057892	26.268638518727883	0.0
87.0	26.185785263204565	23.74618639488582	23.77112550189953	26.296902840010087	0.0
88.0	26.216820596377175	23.744800888940613	23.777498829247477	26.26087968543473	0.0
89.0	26.20178452671248	23.65024384837065	23.835624030148526	26.312347594768344	0.0
90.0	26.244180891154954	23.7311571713589	23.825925515406784	26.19873642207936	0.0
91.0	26.3214919086677	23.75	23.73753048104633	26.19097761028597	0.0
92.0	26.2236754599867	23.77715584127688	23.729217468410553	26.269951230325873	0.0
93.0	26.29239636444247	23.62502771004212	23.787131456439813	26.29544446907559	0.0
94.0	26.312901795610728	23.731434271780095	23.704001330082022	26.251662602527155	0.0
95.0	26.196519618709818	23.78491465307027	23.705663932609177	26.312901795610728	0.0
96.0	26.17739968964753	23.749168698736423	23.671026379960097	26.40240523165595	0.0
97.0	26.373309687430723	23.670472179117713	23.785191753491468	26.1710263799601	0.0
98.0	26.237253380625138	23.799878075814675	23.700121924185325	26.26274661937486	0.0
99.0	26.139159831522946	23.876357792063843	23.752216803369542	26.232265573043673	0.0
100.0	26.342828641099537	23.83423852804256	23.723121259144314	26.099811571713587	0.0
101.0	26.341720239414762	23.658279760585234	23.777710042119264	26.222289957880733	0.0
102.0	26.27438483706495	23.732819773886057	23.685435601862114	26.30735978718688	0.0
103.0	26.187929505652846	23.68183329638661	23.685158501440924	26.44507869651962	0.0
104.0	26.191254710707163	23.871369984482378	23.755819108845046	26.181556195965417	0.0
105.0	26.22810906672578	23.778818443804035	23.717856351141652	26.275216138328528	0.0
106.0	26.258867213478165	23.673797384172023	23.83922633562403	26.22810906672578	0.0
107.0	26.2461205941033	23.719241853247617	23.802371979605407	26.232265573043673	0.0
108.0	26.143243894801888	23.85994275121162	23.805631219155345	26.19118213483115	0.0
109.0	26.23967457416711	23.815883906329233	23.906772592627487	26.037668926876172	0.0
110.0	26.227205089766432	23.795932731288154	23.797041129901547	26.179821049043866	0.0
111.0	26.233855481446795	23.895411506840205	23.61304696007825	26.25768605163475	0.0
112.0	26.185085942457487	23.739958601311788	23.77348765936694	26.301467796863786	0.0
113.0	26.21501270501911	23.74356089680532	23.777089954860468	26.264336443315113	0.0
114.0	26.211614876884965	23.644847900421745	23.833275142567377	26.310262080125913	0.0
115.0	26.254011006367733	23.72160429170754	23.82801026374272	26.19637443818201	0.0
116.0	26.32383992551582	23.7537477624265	23.740169917036592	26.18224239502109	0.0
117.0	26.221313337877756	23.778963761007756	23.742386708120662	26.25733619299383	0.0
118.0	26.29141935591135	23.62905326394777	23.780349255435297	26.29917812470558	0.0
119.0	26.31580405783608	23.728808862730755	23.704701259691532	26.25068581974163	0.0
120.0	26.203024811434204	23.777024068809197	23.7102432374017	26.3097078823549	0.0
121.0	26.17337523068482	23.7504225758004	23.682256249965363	26.39394594354941	0.0
122.0	26.372609329365275	23.662028031323256	23.791433210855626	26.17392942845584	0.0
123.0	26.226855315587922	23.80085457296291	23.70386996303501	26.26842014841416	0.0
124.0	26.14150885885137	23.883430040844374	23.74792868583083	26.22713241447343	0.0
125.0	26.35016431963911	23.823853780460094	23.72132719282203	26.104654707078765	0.0
126.0	26.34295974861589	23.651221174788432	23.790324815313593	26.21549426128208	0.0
127.0	26.280058301605514	23.73296534601338	23.68253334885087	26.304443003530242	0.0
128.0	26.186398878303713	23.678931063339263	23.69417150204222	26.440498556314807	0.0
129.0	26.190555361586338	23.87345448096608	23.756241652396074	26.179748505051514	0.0
130.0	26.227963711129952	23.777301167694702	23.728531763845247	26.2662033573301	0.0
131.0	26.259625749208187	23.677334079655065	23.84165417409063	26.221385997046117	0.0
132.0	26.25075856030104	23.723886821417587	23.800366325741727	26.224988292539646	0.0
133.0	26.148858346264685	23.867213478164487	23.80126357792064	26.18266459765019	0.0
134.0	26.240855686100645	23.809022389714034	23.900465528707603	26.049656395477722	0.0
135.0	26.23475947683441	23.788516958545777	23.799600975393485	26.177122589226336	0.0
136.0	26.232265573043673	23.88328530259366	23.624473509199735	26.259975615162933	0.0
137.0	26.19014630902239	23.72450676125028	23.77826424296165	26.307082686765682	0.0
138.0	26.22145865661716	23.74085568610064	23.781866548437154	26.255819108845046	0.0
139.0	26.21709769756622	23.64005663948304	23.834581674189963	26.30826398876078	0.0
140.0	26.24647042360459	23.726789311652936	23.83430457300092	26.192435691741554	0.0
141.0	26.3279381731827	23.754222329368016	23.73676495445842	26.181074542990864	0.0
142.0	26.230121453451154	23.786088966107755	23.735379448513214	26.248410131927873	0.0
143.0	26.30410747092516	23.62343056814057	23.7830408530283	26.289421107905973	0.0
144.0	26.309722399259584	23.728517670791792	23.707457922067846	26.25430200788078	0.0
145.0	26.200821330200235	23.788094591524008	23.702470086843753	26.308613991432004	0.0
146.0	26.184195212786594	23.739047545153763	23.687229479214583	26.38952776284506	0.0
147.0	26.38010629631066	23.66838654614579	23.784769368041278	26.16673778950227	0.0
148.0	26.22409789457933	23.79807026197219	23.701915882929967	26.275915960518514	0.0
149.0	26.135425268373247	23.882586358824867	23.752071337127784	26.229917035674106	0.0
150.0	26.354612916276416	23.82827437527364	23.717987796429817	26.099124912020127	0.0
151.0	26.346854061483384	23.64704969546495	23.787540387610218	26.21855585544145	0.0
152.0	26.274807552690937	23.730180282533155	23.682795847904277	26.312216316871627	0.0
153.0	26.187520436269324	23.679193522464654	23.699699067274814	26.433586973991208	0.0
154.0	26.188074640183107	23.869839668807742	23.759553089963923	26.182532601045228	0.0
155.0	26.23601327872577	23.776456309334456	23.724638243395272	26.262892168544493	0.0
156.0	26.25825419741352	23.67066895368782	23.842749745758248	26.2283271031404	0.0
157.0	26.249109807496733	23.721101649592523	23.80728059699011	26.222507945920633	0.0
158.0	26.15912390959776	23.8533457475698	23.805406843347853	26.18212349948459	0.0
159.0	26.235881577051394	23.800141876988217	23.914308515944533	26.049668030015848	0.0
160.0	26.22535164433212	23.794045600150746	23.80845498176659	26.17214777375054	0.0
161.0	26.223411919883837	23.885489752712843	23.63083164300203	26.26026668440129	0.0
162.0	26.195424467129985	23.726986554938538	23.774925459160485	26.30266351877099	0.0
163.0	26.22452033385429	23.74333566100267	23.77631097662355	26.255833028519493	0.0
164.0	26.214340145479735	23.63616210599238	23.840942154485624	26.30855559404226	0.0
165.0	26.260062348458607	23.723727052303428	23.825424315898857	26.190786283339108	0.0
166.0	26.33737443713197	23.749220644267403	23.728714928992034	26.18468998960859	0.0
167.0	26.239833737443714	23.77942500865951	23.73481122272255	26.24593003117423	0.0
168.0	26.30329061309318	23.61260824385175	23.79023207481815	26.293869068236926	0.0
169.0	26.318604277393217	23.719913321547136	23.709106225441566	26.252376175618082	0.0
170.0	26.206653845940686	23.777551167443484	23.708274910356522	26.307520076259305	0.0
171.0	26.171738612368863	23.740419093644874	23.6924799237407	26.39536237024557	0.0
172.0	26.375410808204524	23.66255258067913	23.791683523889223	26.17035308722712	0.0
173.0	26.23547276888886	23.797502729484528	23.699130444421044	26.26789405720556	0.0
174.0	26.141257059250595	23.868164511713232	23.756491185289047	26.234087243747123	0.0
175.0	26.35157977576661	23.828261387631137	23.726286737199136	26.093872099403114	0.0
176.0	26.351025565709918	23.646757594063303	23.79362325908766	26.208593581139123	0.0
177.0	26.281749308622953	23.72296147685896	23.68194993266348	26.31333928185461	0.0
178.0	26.189196229154778	23.676407832096523	23.704672544988	26.4297233937607	0.0
179.0	26.1986178001186	23.856803205550968	23.772286171904874	26.172292822425558	0.0
180.0	26.2246656727833	23.76785249145131	23.73958777855983	26.26789405720556	0.0
181.0	26.261039202156994	23.665943420538525	23.83774901419613	26.23526836310835	0.0
182.0	26.241641796421455	23.724135637745132	23.807544482407938	26.22667808342547	0.0
183.0	26.158859651067413	23.848899332727395	23.812044159702054	26.180196856503134	0.0
184.0	26.244762685938504	23.79791172493294	23.907091711188457	26.050233877940098	0.0
185.0	26.226196546143786	23.77796005231772	23.80816466780465	26.187678733733843	0.0
186.0	26.23035314460529	23.879935267906628	23.629430933959963	26.260280653528124	0.0
187.0	26.212618324502873	23.715333968831054	23.77186370790751	26.300183998758563	0.0
188.0	26.228136292092486	23.733900108625775	23.783502183599726	26.254461415682012	0.0
189.0	26.220172859553692	23.63836384746904	23.84203773647647	26.2994255565008	0.0
190.0	26.267835320654747	23.722327369059858	23.83067633586517	26.179160974420224	0.0
191.0	26.338774797642373	23.75003810225815	23.73507430633107	26.176112793768407	0.0
192.0	26.239992906012986	23.77067578539581	23.744073334090764	26.24525797450044	0.0
193.0	26.290149611077705	23.61577192831748	23.792844494816677	26.30123396578814	0.0
194.0	26.318487646452443	23.71836793508984	23.710331755655808	26.25281266280191	0.0
195.0	26.201547380205504	23.779332054934212	23.70950042674884	26.309620138111445	0.0
196.0	26.189077446600972	23.736380061407495	23.683175011361495	26.391367480630034	0.0
197.0	26.365042065242694	23.66488577540818	23.78847667291087	26.18159548643825	0.0
198.0	26.23286076903466	23.79235620781006	23.70728354966359	26.26749947349169	0.0
199.0	26.141691698903752	23.87299511178603	23.76242836715918	26.222884822151038	0.0
200.0	26.347861267832005	23.831982885708904	23.730283649423058	26.089872197036033	0.0
201.0	26.348415487103317	23.643271223826996	23.79235620781006	26.215957081259628	0.0
202.0	26.285788709445008	23.728898101244777	23.67818703791968	26.307126151390538	0.0
203.0	26.19295698150016	23.677909928284027	23.69758471241562	26.43154837780019	0.0
204.0	26.18713767915138	23.854151656561402	23.776283848941997	26.182426815345224	0.0
205.0	26.22413859992352	23.758126285103057	23.750921394645104	26.26681372032832	0.0
206.0	26.26577806104776	23.65011846535408	23.849084837820236	26.235018635777923	0.0
207.0	26.23806686711097	23.72466157704405	23.801421584248956	26.235849971596025	0.0
208.0	26.16830717389377	23.842500221690166	23.81118648576749	26.17800611864858	0.0
209.0	26.253453526684645	23.79379432083644	23.894940739283328	26.05781141319559	0.0
210.0	26.23433269689605	23.770516788919895	23.817903193178573	26.17724732100548	0.0
211.0	26.231284448668884	23.87471145559395	23.637502320825355	26.25650177491181	0.0
212.0	26.216742734737196	23.711345919897134	23.77868486758059	26.293226477785076	0.0
213.0	26.22215325099277	23.73032126121283	23.78823861951621	26.259286868278192	0.0
214.0	26.22388862100882	23.63921542545821	23.842896651868603	26.293999301664368	0.0
215.0	26.252985939067447	23.74396577046927	23.829872138070932	26.17317615239235	0.0
216.0	26.33722960278004	23.7567131669521	23.72761584889347	26.17844138137439	0.0
217.0	26.246480590595695	23.763772806881413	23.742988893076465	26.246757709446427	0.0
218.0	26.300795885339305	23.615237102888685	23.78372536413417	26.30024164763784	0.0
219.0	26.31611034903216	23.726981751673108	23.70675201950922	26.25015587978551	0.0
220.0	26.2035997838467	23.783514153884525	23.707029139127904	26.305856923140876	0.0
221.0	26.19376865371772	23.729330225881455	23.68138826613607	26.39551285426476	0.0
222.0	26.379439827298096	23.660881300695852	23.78586294141936	26.17381593058669	0.0
223.0	26.237830917298734	23.796670666448666	23.700509625803303	26.264988790449294	0.0
224.0	26.141946997807974	23.880915497446328	23.75371688748604	26.223420617259656	0.0
225.0	26.35021102892884	23.831997140093833	23.726413395002368	26.09137843597496	0.0
226.0	26.346331311261434	23.640505360938448	23.804561993731486	26.208601334068632	0.0
227.0	26.291738141227267	23.7305702353603	23.67902541492195	26.298666208490484	0.0
228.0	26.202649861853573	23.679433779780464	23.701326593672146	26.41658976469382	0.0
229.0	26.189625023209157	23.8609501481229	23.779752749765137	26.16967207890281	0.0
230.0	26.22988072540239	23.768456524630867	23.74268390014632	26.258978849820423	0.0
231.0	26.267365393089037	23.656563585120562	23.850828744592583	26.225242277197815	0.0
232.0	26.232724672783757	23.734435924366835	23.816465150049744	26.216374252799664	0.0
233.0	26.163515738015665	23.850063461975466	23.811820000775956	26.174600799232913	0.0
234.0	26.238966869431472	23.800800897892447	23.90555501669692	26.05467721597916	0.0
235.0	26.226219013703943	23.772811040751566	23.81992268148374	26.181047264060748	0.0
236.0	26.22206210422758	23.879505050645015	23.63092186395821	26.267510981169202	0.0
237.0	26.20321744793471	23.707686125621805	23.782233368898005	26.30686305754548	0.0
238.0	26.208759993903197	23.739001510343776	23.795258351923955	26.256980143829068	0.0
239.0	26.223797541319794	23.642626730664777	23.835230736828102	26.298344991187328	0.0
240.0	26.259644805108422	23.720954724845907	23.834031750254976	26.1853687197907	0.0
241.0	26.337641316729627	23.75007968337292	23.727906918734046	26.184372081163403	0.0
242.0	26.23902745941511	23.769703453838414	23.74614384664636	26.245125240100116	0.0
243.0	26.304789517888278	23.609421039063992	23.78571210781474	26.30007733523299	0.0
244.0	26.309618188571715	23.724477067475345	23.710062812886342	26.2558419310666	0.0
245.0	26.211075781810923	23.780746424640938	23.710057022784163	26.298120770763973	0.0
246.0	26.186806240920834	23.72919415828519	23.69564976324865	26.388349837545327	0.0
247.0	26.371295734116256	23.657953030088798	23.794354849888688	26.17639638590625	0.0
248.0	26.238698462075906	23.791660775033893	23.707375769724493	26.262264993165708	0.0
249.0	26.147204870786094	23.870955220818395	23.75256805875552	26.229271849639986	0.0
