# Position (bp)	A	C	G	T	N
0.0	26.39630113757781	23.762859846750313	23.707632234054067	26.133206781617808	0.0
1.0	26.235891287635955	23.671276368409806	23.79838313531875	26.29444920863549	0.0
2.0	26.151130942965846	23.76742340362357	23.85983022674359	26.221615426667	0.0
3.0	26.142767950052033	23.86292056885189	23.842108914325355	26.152202566770725	0.0
4.0	26.314781773835062	23.79718244201308	23.777481179744882	26.11055460440698	0.0
5.0	26.141522103463966	23.741939422191145	23.71030755058325	26.40623092376164	0.0
6.0	26.247547911111603	23.65076150019284	23.75286828502221	26.348822303673348	0.0
7.0	26.27491565302317	23.667373257569032	23.693454230666784	26.364256858741008	0.0
8.0	26.10251786085871	23.765277103419574	23.905389470763684	26.226815564958034	0.0
9.0	26.227607043671984	23.795004397439776	23.6959579621404	26.281430596747835	0.0
10.0	26.135856070799406	23.827939687339615	23.765796007823443	26.270408234037536	0.0
11.0	26.18634781040629	23.703652328307278	23.858456672816303	26.251543188470126	0.0
12.0	26.256536877002677	23.814068330304753	23.83487536585704	26.09451942683553	0.0
13.0	26.250710907048035	23.790209596204797	23.690890679835206	26.26818881691196	0.0
14.0	26.129475246563374	23.878708854087197	23.689226116991023	26.30258978235841	0.0
15.0	26.294821822418886	23.65732199581085	23.783273917687367	26.264582264082897	0.0
16.0	26.355855793372267	23.636514960258562	23.640398940228323	26.367230306140847	0.0
17.0	26.259033721268953	23.750537515085103	23.75247950506998	26.237949258575966	0.0
18.0	26.155553397788907	23.76912513351181	23.794371003315256	26.280950465384027	0.0
19.0	26.357797783357146	23.720020529608412	23.742492128004884	26.179689559029562	0.0
20.0	26.201883730285335	24.00798990165208	23.577422979290063	26.212703388772525	0.0
21.0	26.253485178455012	23.716968831060743	23.771344550637387	26.25820143984686	0.0
22.0	26.30064779237353	23.848191868610506	23.72501421814096	26.126146120875006	0.0
23.0	26.295099249559584	23.815732893148937	23.62902442745974	26.26014342983174	0.0
24.0	26.1955029060493	23.827107405917523	23.81157148603848	26.1658182019947	0.0
25.0	26.386927633130348	23.75747319360253	23.71031057968401	26.14528859358311	0.0
26.0	26.250710907048035	23.669528790001525	23.80241639039547	26.27734391255497	0.0
27.0	26.16221164916564	23.762744309275778	23.87232802985116	26.202716011707427	0.0
28.0	26.12892039228198	23.870663467006977	23.83404308443495	26.166373056276093	0.0
29.0	26.322564536488606	23.801306681832685	23.789099887642006	26.087028894036703	0.0
30.0	26.142236895035442	23.740272710879307	23.709200871121222	26.40828952296403	0.0
31.0	26.246549499937576	23.644560347338782	23.752202077929283	26.356688074794356	0.0
32.0	26.28206017394682	23.662593111484096	23.693942378382875	26.36140433618621	0.0
33.0	26.110610200995964	23.759137756446712	23.903122442468547	26.227129600088777	0.0
34.0	26.223727722662403	23.791253301373814	23.705528552722107	26.27949042324167	0.0
35.0	26.127388287645957	23.830581733743553	23.75872850298371	26.283301475626775	0.0
36.0	26.181208854315496	23.697972296279445	23.85832429388249	26.262494555522576	0.0
37.0	26.25611376669062	23.820594412093538	23.84362073700885	26.07967108420699	0.0
38.0	26.251397531466996	23.7850839351157	23.688817251433598	26.274701281983702	0.0
39.0	26.133214225275136	23.873582701958902	23.677997652979414	26.315205419786547	0.0
40.0	26.295230776486516	23.66190696809883	23.774264336661517	26.26859791875314	0.0
41.0	26.35737411119773	23.638325791980737	23.64054519679185	26.363754900029683	0.0
42.0	26.257778320298954	23.748741181333695	23.763444738207333	26.23003576016002	0.0
43.0	26.15318886857517	23.766773845424	23.795903533569884	26.284133752430943	0.0
44.0	26.351548173568553	23.728211686830882	23.740140987690626	26.180099151909936	0.0
45.0	26.209506265657208	23.9987016481855	23.57313077565424	26.218661310503055	0.0
46.0	26.263049406725354	23.719888918789202	23.76399958941011	26.253062085075335	0.0
47.0	26.304385821332367	23.851388653847756	23.72543743081699	26.11878809400289	0.0
48.0	26.29800503250041	23.81476847446436	23.625841639918217	26.261384853117015	0.0
49.0	26.201183497615528	23.824200944911595	23.815878176869916	26.158737380602958	0.0
50.0	26.38372954332972	23.755954246969818	23.711566150747522	26.148750058952942	0.0
51.0	26.247236147446156	23.674945971364128	23.80616828082129	26.27164960036842	0.0
52.0	26.161789062218237	23.76067048219344	23.872472999553345	26.205067456034982	0.0
53.0	26.138485311701537	23.871363297147788	23.829749456939386	26.16040193421129	0.0
54.0	26.313263440576822	23.79895521518517	23.7928518519546	26.09492949228341	0.0
55.0	26.145698377337656	23.724882579614214	23.724050302810042	26.40536874023809	0.0
56.0	26.240023081810037	23.658855286483547	23.757896226179547	26.343225405526873	0.0
57.0	26.28191434761983	23.659132712084936	23.70074655229334	26.358206388001896	0.0
58.0	26.112962156373715	23.75956077978788	23.901325262097835	26.226151801740567	0.0
59.0	26.241892259292342	23.789734171526224	23.702622774359288	26.26575079482214	0.0
60.0	26.131682105315722	23.834888295201395	23.755822437503294	26.27760716197959	0.0
61.0	26.184115253052358	23.695621416027898	23.8543079795483	26.265955351371446	0.0
62.0	26.247645363272937	23.814913762730296	23.847094953933734	26.09034592006303	0.0
63.0	26.253471268577012	23.777461514346985	23.692014903220617	26.277052313855393	0.0
64.0	26.14028225124078	23.86984372702582	23.68147278886087	26.30840123287253	0.0
65.0	26.299523662885377	23.6553949270236	23.78273257152686	26.262348838564165	0.0
66.0	26.354453627180902	23.638749483297683	23.65012386984373	26.35667301967769	0.0
67.0	26.258742325756884	23.74417062689515	23.766919399987238	26.230167647360723	0.0
68.0	26.153876030283612	23.762758039055758	23.804926496494748	26.278439434165886	0.0
69.0	26.35306650687041	23.722254125989366	23.748054563764533	26.1766248033757	0.0
70.0	26.204644633647657	24.003839549019446	23.576051645263398	26.215464172069503	0.0
71.0	26.2545809648254	23.72697033504504	23.77191303310501	26.246535667024546	0.0
72.0	26.307568960686233	23.84043677644337	23.731686544100718	26.12030771876968	0.0
73.0	26.29896881476118	23.811029825860917	23.628762217062135	26.261239142315766	0.0
74.0	26.21019311488963	23.822959060531158	23.813249218357704	26.15359860622151	0.0
75.0	26.389131634943226	23.755822437503294	23.707550650698135	26.14749527685534	0.0
76.0	26.241542033906768	23.66982097825273	23.80659104086734	26.282045946973163	0.0
77.0	26.16441814464336	23.749719108137125	23.87844387295088	26.20741887426864	0.0
78.0	26.141391947489172	23.86734691046693	23.835165719263497	26.1560954227804	0.0
79.0	26.31089804943142	23.795216654321298	23.80215225587376	26.091733040373523	0.0
80.0	26.133901497812513	23.733628512535407	23.72613806285874	26.406331926793335	0.0
81.0	26.250419603893928	23.649014173595333	23.76109349468317	26.339472727827573	0.0
82.0	26.28759442821514	23.668433857942233	23.69895050477308	26.345021209069547	0.0
83.0	26.113649541279315	23.759428950310575	23.899250677608272	26.22767083080184	0.0
84.0	26.249237085945737	23.787105365366475	23.699439604949234	26.264217943738554	0.0
85.0	26.131537114972215	23.83503347102738	23.752638981748373	26.280790432252033	0.0
86.0	26.175647296101378	23.695212519523608	23.85916923051315	26.26997095386186	0.0
87.0	26.249164264649988	23.815059049383983	23.848349752122978	26.087426933843048	0.0
88.0	26.25082879978694	23.773723093483067	23.700483547457285	26.274964559272707	0.0
89.0	26.13736298795154	23.877756539542418	23.683838196087788	26.30104227641825	0.0
90.0	26.302151966509552	23.65027007082597	23.787039374578665	26.260538588085815	0.0
91.0	26.35652678098324	23.629463381614098	23.652766873531395	26.361242963871266	0.0
92.0	26.25804178538039	23.747090531291875	23.760684234910297	26.234183448417443	0.0
93.0	26.164272972665557	23.75485836193097	23.80202019081121	26.27884847459226	0.0
94.0	26.35680420350607	23.723787039374578	23.74237434840385	26.177034408715507	0.0
95.0	26.200615323155624	23.999545027062567	23.595617833829458	26.20422181595235	0.0
96.0	26.248886842127167	23.730167757399553	23.770671445731995	26.25027395474129	0.0
97.0	26.311306909762777	23.841136766529527	23.744871151109272	26.102685172598424	0.0
98.0	26.30076485389543	23.81311709172421	23.624747198726077	26.261370855654288	0.0
99.0	26.20644119613495	23.82338172506873	23.80479441603946	26.16538266275686	0.0
100.0	26.390649751290706	23.74903248895165	23.724064461897402	26.13625329786024	0.0
101.0	26.235015715985917	23.67884459067694	23.819775232272008	26.266364461065134	0.0
102.0	26.16316328257426	23.75152929165707	23.878033962065246	26.207273463703423	0.0
103.0	26.137917832997186	23.859446653035974	23.8452981043719	26.157337409594934	0.0
104.0	26.320739275538823	23.78565226196454	23.798691120537313	26.094917341959324	0.0
105.0	26.14735019877324	23.721845081714804	23.725728997034352	26.405075722477605	0.0
106.0	26.243893236716314	23.648328113166194	23.75763258715922	26.350146062958267	0.0
107.0	26.28356465748028	23.656928211373767	23.71435467359853	26.345152457547417	0.0
108.0	26.119607946490742	23.75152929165707	23.897730961185815	26.23113180066637	0.0
109.0	26.244652695707178	23.782534636105886	23.703469436445452	26.269343231741487	0.0
110.0	26.135276020007602	23.838785118028756	23.746403930500495	26.279534931463143	0.0
111.0	26.186321480984176	23.687590681984002	23.8620884806485	26.263999356383316	0.0
112.0	26.247354097369218	23.807713967869102	23.855430377042858	26.089501557718826	0.0
113.0	26.255676726876263	23.773313765906625	23.702571415096696	26.268438092120412	0.0
114.0	26.146372859350336	23.86902400523771	23.682042262312635	26.302560873099317	0.0
115.0	26.303393136050023	23.64126137772809	23.79828165442778	26.25706383179411	0.0
116.0	26.361928963582947	23.63321616920461	23.6481969023173	26.35665796489515	0.0
117.0	26.255121884909133	23.73530709115776	23.768875030169532	26.240695993763573	0.0
118.0	26.161631013446595	23.758610453777504	23.800223601312755	26.279534931463143	0.0
119.0	26.35804506981299	23.736694196075604	23.73946840591129	26.165792328200123	0.0
120.0	26.191315058688406	23.9988570255477	23.602699861012088	26.207128054751806	0.0
121.0	26.25678641081054	23.72337798886432	23.763049189514597	26.25678641081054	0.0
122.0	26.309773818672095	23.836010908193074	23.75028782427045	26.10392744886438	0.0
123.0	26.305335082935006	23.802165548197735	23.628777433467512	26.263721935399747	0.0
124.0	26.206850633768237	23.821585017047518	23.81104301967192	26.16052132951232	0.0
125.0	26.395774323578287	23.750842666237588	23.71893925312723	26.134443757056896	0.0
126.0	26.230708838355117	23.67815836854268	23.829352804587433	26.26177998851477	0.0
127.0	26.16357296033157	23.743074878697676	23.88733379015322	26.20601837081753	0.0
128.0	26.138327650826852	23.854320693108587	23.852656167207176	26.15469548885739	0.0
129.0	26.315044817359894	23.779694448528698	23.807713967869102	26.097546766242306	0.0
130.0	26.134721178040465	23.720603779028636	23.732255460338507	26.41241958259239	0.0
131.0	26.22627010261802	23.645422692481613	23.766655662300984	26.36165154259938	0.0
132.0	26.285360772118082	23.654300163955803	23.71699730624225	26.34334175768387	0.0
133.0	26.107883771382284	23.75617956955241	23.90376794225189	26.232168716813426	0.0
134.0	26.239454476351113	23.79064586737539	23.704644885299658	26.265254770973833	0.0
135.0	26.13077734006547	23.838706097763968	23.750208067469345	26.280308494701217	0.0
136.0	26.180436109415744	23.68473617044887	23.86672585030239	26.268101869832993	0.0
137.0	26.257282361427066	23.809576652055707	23.852854685679407	26.08028630083782	0.0
138.0	26.26172113410642	23.765188925262166	23.708039727015482	26.265050213615936	0.0
139.0	26.147977584197967	23.86672585030239	23.68612328691117	26.299173278588473	0.0
140.0	26.31443155967375	23.642567829995006	23.795150640847808	26.24784996948344	0.0
141.0	26.36277634904386	23.627097672689544	23.646239932974346	26.36388604529225	0.0
142.0	26.26179399043997	23.731963968162813	23.769971064670322	26.236270976726892	0.0
143.0	26.159147087463484	23.759706374372673	23.807145888991535	26.274000649172308	0.0
144.0	26.359724684360774	23.7153185244369	23.748054563764533	26.176902227437793	0.0
145.0	26.184392677114452	23.99080061810081	23.60601344397005	26.21879326081468	0.0
146.0	26.247367939210843	23.72502836661035	23.769416216546126	26.25818747763268	0.0
147.0	26.30673668849994	23.830449510207817	23.759706374372673	26.103107426919564	0.0
148.0	26.31846151285309	23.79056644602145	23.624388971808088	26.266583069317367	0.0
149.0	26.211725670468322	23.81060709044352	23.81476847446436	26.162898764623797	0.0
150.0	26.397045972196402	23.74707662772536	23.715727534768362	26.14014986530987	0.0
151.0	26.238081102600308	23.675778248168296	23.82836232893244	26.257778320298954	0.0
152.0	26.16151163661685	23.74236039250174	23.891060514846433	26.205067456034982	0.0
153.0	26.130439969261243	23.864705082714444	23.85000152584081	26.154853422183503	0.0
154.0	26.316037696590715	23.78536136071709	23.80117461999628	26.09742632269591	0.0
155.0	26.14181441891821	23.724050302810042	23.719611493187813	26.414523785083937	0.0
156.0	26.231145462565575	23.646648560022417	23.762057610200387	26.36014836721162	0.0
157.0	26.286908008444836	23.64054519679185	23.7251600052156	26.347386789547713	0.0
158.0	26.11109261601971	23.75823956321992	23.901114144306103	26.22955367645427	0.0
159.0	26.244884937093392	23.779389937717607	23.713362278231678	26.262362846957316	0.0
160.0	26.142309420896982	23.83660605791585	23.746719414960022	26.274365106227147	0.0
161.0	26.17421363058809	23.68624013050209	23.874891109545185	26.264655129364634	0.0
162.0	26.25189344548819	23.807476127328314	23.861574569848024	26.07905585733547	0.0
163.0	26.25716457578498	23.76586194077469	23.7070472237789	26.269926259661425	0.0
164.0	26.14536112791091	23.865735988503385	23.683465851398513	26.305437032187186	0.0
165.0	26.317366432332555	23.63963224156203	23.795269299272583	26.247732026832825	0.0
166.0	26.36571203457871	23.63581382316141	23.650240114522557	26.348234027737323	0.0
167.0	26.2600117074903	23.73180414644905	23.777579878652695	26.23060426740796	0.0
168.0	26.1620793834425	23.760656729171348	23.80449046061484	26.272773426771312	0.0
169.0	26.363492605138532	23.71682299772786	23.74234643628989	26.177337960843715	0.0
170.0	26.185383392564354	23.993419391709875	23.617503530279954	26.20369368544581	0.0
171.0	26.251133989729592	23.725423286808546	23.769811875612078	26.25363084784979	0.0
172.0	26.315497443494714	23.82474275425645	23.75399844085082	26.105761361398017	0.0
173.0	26.318899603830747	23.787078445951195	23.62700165347952	26.26702029673854	0.0
174.0	26.20855539310475	23.79962879836649	23.827094390083534	26.164721418445225	0.0
175.0	26.39443364007868	23.739981301203215	23.722225767163916	26.14335929155419	0.0
176.0	26.237130705699247	23.67339804855584	23.824597518109258	26.264873727635656	0.0
177.0	26.16694086020014	23.735819847912754	23.887574177904902	26.209665113982204	0.0
178.0	26.136146105850727	23.861773167504044	23.842630482367923	26.15945024427731	0.0
179.0	26.31758546931483	23.79075103134684	23.802680530779497	26.08898296855883	0.0
180.0	26.152237058573842	23.71501258146045	23.72721951111247	26.405530848853243	0.0
181.0	26.234911263944337	23.63400295740614	23.781595834107826	26.3494899445417	0.0
182.0	26.283184122113685	23.647042177716248	23.722225767163916	26.347547933006148	0.0
183.0	26.114301567485086	23.759467332501043	23.909834928561523	26.21639617145235	0.0
184.0	26.25003814686682	23.779785767195914	23.704879192340663	26.265296893596595	0.0
185.0	26.14662863991477	23.828679865056817	23.750721324573863	26.273970170454547	0.0
186.0	26.175481622869317	23.674704811789773	23.876953125	26.27286044034091	0.0
187.0	26.262318004261363	23.802323774857957	23.86446866122159	26.07088955965909	0.0
188.0	26.263427734375	23.762650923295457	23.70882901278409	26.265092329545453	0.0
189.0	26.144964044744317	23.863636363636363	23.683305220170457	26.308094371448863	0.0
190.0	26.32057883522727	23.641135475852273	23.79150390625	26.246781782670453	0.0
191.0	26.35866021911682	23.639536464445534	23.64647229689802	26.35533101953963	0.0
192.0	26.25878423180107	23.731089452818306	23.78574381254387	26.224382502836757	0.0
193.0	26.1686184099188	23.763549148695926	23.806551309901316	26.261281131483965	0.0
194.0	26.3661509181655	23.70306868971028	23.746070850915668	26.184709541208555	0.0
195.0	26.19164537366104	23.98438605398297	23.623445333155775	26.200523239200212	0.0
196.0	26.257397065310574	23.731366886116405	23.762716848801627	26.248519199771398	0.0
197.0	26.307612492266546	23.82541677417207	23.76077481571493	26.106195917846453	0.0
198.0	26.31406646210528	23.789416445181804	23.63544053755625	26.261076555156667	0.0
199.0	26.21814701272039	23.79697318592296	23.826103843859674	26.15877595749698	0.0
200.0	26.405970397702838	23.735937521674597	23.714852474025164	26.1432396065974	0.0
201.0	26.239232060369822	23.667133681976445	23.82915562707209	26.264478630581646	0.0
202.0	26.160440566521935	23.739266739724506	23.897959466770242	26.20233322698331	0.0
203.0	26.12992273439776	23.867441634646063	23.839420716059315	26.163214914896866	0.0
204.0	26.32551429483	23.789205010473164	23.79863779494791	26.086642899748924	0.0
205.0	26.1492108322259	23.70860302461138	23.725526643602457	26.416659499560264	0.0
206.0	26.229667381527733	23.630365966324774	23.782401100867542	26.357565551279954	0.0
207.0	26.289038766184948	23.638134184878055	23.721642534325817	26.351184514611187	0.0
208.0	26.11626835940318	23.751394121661736	23.906481486619207	26.225856032315882	0.0
209.0	26.25311770858476	23.776984305337074	23.702076067927898	26.267821918150265	0.0
210.0	26.153747981599963	23.82766331700117	23.753031068101233	26.265557633297636	0.0
211.0	26.186763734830787	23.666746200413947	23.886481297546847	26.26000876720842	0.0
212.0	26.25862155068612	23.814068595082595	23.86428583318999	26.063024021041297	0.0
213.0	26.262783200253025	23.757192717668143	23.716963438521336	26.26306064355749	0.0
214.0	26.1470893422929	23.859846740318616	23.69088376790203	26.302180149486453	0.0
215.0	26.325762830365612	23.63733721014111	23.78854381107221	26.24835614842107	0.0
216.0	26.366620148543557	23.632686241270918	23.646835889055666	26.353857721129863	0.0
217.0	26.267017725901905	23.722300677240984	23.789997031348406	26.220684565508705	0.0
218.0	26.17213185252183	23.766969173188915	23.799985018019992	26.260913956269267	0.0
219.0	26.366620148543557	23.70482170056571	23.755316522072064	26.173241628818673	0.0
220.0	26.196414847779465	23.97934694851442	23.624771454175693	26.199466749530426	0.0
221.0	26.251903970524175	23.733530134755334	23.76432659787865	26.250239296841837	0.0
222.0	26.321542819568794	23.81926082939592	23.75267388210226	26.10652246893303	0.0
223.0	26.309963099630995	23.787143134589243	23.64509058624421	26.257803179535554	0.0
224.0	26.211278351945623	23.796628979676772	23.82992300756052	26.162169660817092	0.0
225.0	26.411042519248113	23.731428175071095	23.7133939099674	26.14413539571339	0.0
226.0	26.241797877505725	23.670111673718527	23.83186515918707	26.25622528958868	0.0
227.0	26.16577651383783	23.740861482971493	23.895956162863285	26.19740584032739	0.0
228.0	26.127488381771517	23.868766040091558	23.840743566622738	26.163002011514187	0.0
229.0	26.307831032808487	23.80023583269751	23.806062287577166	26.085870846916837	0.0
230.0	26.13734417614858	23.71130588225502	23.729895150975384	26.42145479062102	0.0
231.0	26.239446428224618	23.636393903829667	23.77761685575005	26.346542812195672	0.0
232.0	26.29771130033322	23.631399771934642	23.719906887185335	26.3509820405468	0.0
233.0	26.128815666080317	23.745498332510223	23.903368828761838	26.222317172647617	0.0
234.0	26.25374215153945	23.7752517195169	23.700616778711563	26.270389350232087	0.0
235.0	26.159203151878362	23.830531047111702	23.75006936352034	26.260196437489597	0.0
236.0	26.185561289606568	23.66072914932579	23.883802230730815	26.269907330336828	0.0
237.0	26.26297097830309	23.80666999611564	23.862993174629597	26.067365850951667	0.0
238.0	26.255479718106656	23.753953720659233	23.731757394151266	26.25880916708285	0.0
239.0	26.147272626380335	23.86965207258199	23.681538205427003	26.301537095610676	0.0
240.0	26.316096147923297	23.63326609378945	23.794197051633866	26.256440706653382	0.0
241.0	26.363368979505765	23.6183177300399	23.657719051926502	26.360594238527835	0.0
242.0	26.257211118233204	23.734325616500314	23.785105208099207	26.223358057167275	0.0
243.0	26.161590374284067	23.772643519957377	23.806497802246593	26.259268303511966	0.0
244.0	26.36040971164226	23.704110714275803	23.74989940363701	26.18558017044493	0.0
245.0	26.197989082321076	23.972825136748508	23.635637035741937	26.193548745188476	0.0
246.0	26.249226388545832	23.740643811247132	23.757850595160455	26.252279205046587	0.0
247.0	26.32819135058923	23.80919339887095	23.7556272238289	26.106988026710926	0.0
248.0	26.3354530339661	23.775990851331358	23.639149418076947	26.249406696625595	0.0
249.0	26.205068420906542	23.800482971105005	23.834901601576593	26.15954700641186	0.0
