# Position (bp)	A	C	G	T	N
0.0	26.010901942813042	24.0771336573365	24.079244099805837	25.83272030004462	0.0
1.0	25.921358883756827	24.02467408738438	24.056330724424452	25.99763630443434	0.0
2.0	25.706679690797486	24.15554188825778	24.11303257238643	26.0247458485583	0.0
3.0	25.82414103928443	24.29177381379462	24.047885345287586	25.83619980163336	0.0
4.0	25.878763761772117	24.12937573104704	24.05732614646264	25.934534360718203	0.0
5.0	25.96763691610196	24.064919092290253	24.042009308606843	25.92543468300094	0.0
6.0	25.9133438634144	24.09358910980624	24.086053269349023	25.907013757430335	0.0
7.0	25.883682727231626	24.13606016306723	23.96063478667129	26.019622323029857	0.0
8.0	26.034643334006468	24.125552698918863	23.915474364113678	25.924329602960988	0.0
9.0	25.969516771200972	24.036059061632546	24.14576734008662	25.848656827079864	0.0
10.0	25.891802290536468	24.099457504520796	24.10488245931284	25.9038577456299	0.0
11.0	25.739602169981918	24.086799276672693	24.153405666063893	26.020192887281496	0.0
12.0	25.887582881253767	24.137432188065098	24.025919228450874	25.94906570223026	0.0
13.0	25.966244725738395	24.044906570223027	24.187160940325498	25.801687763713083	0.0
14.0	26.00904159132007	23.984026522001205	24.056962025316455	25.949969861362266	0.0
15.0	25.816455696202535	24.104279686558165	24.13954189270645	25.93972272453285	0.0
16.0	26.009644364074745	24.09282700421941	24.031645569620252	25.865883062085594	0.0
17.0	25.895117540687163	24.113019891500905	24.010247136829417	25.98161543098252	0.0
18.0	25.735382760699217	24.270042194092827	24.064798071127186	25.92977697408077	0.0
19.0	26.00632911392405	24.023508137432188	23.990958408679926	25.979204339963836	0.0
20.0	25.961042914276934	24.05447843737662	24.07617819114469	25.908300457201754	0.0
21.0	25.8311457771375	24.121988782432844	23.994804114514423	26.052061325915233	0.0
22.0	25.94898749551689	24.02042187937951	24.167497988251995	25.863092636851608	0.0
23.0	25.956220746772917	24.00535260592946	24.086425297090727	25.9520013502069	0.0
24.0	25.961042914276934	24.018914952034503	24.005955376867462	26.014086756821108	0.0
25.0	26.001428567123064	24.082808671462715	24.087932224435733	25.827830536978492	0.0
26.0	25.933014065659837	24.02042187937951	24.04513548783759	26.001428567123064	0.0
27.0	25.7307068673486	24.13788946419853	24.113175930223445	26.018227738229427	0.0
28.0	25.841616385675792	24.262964056877294	24.04747409599701	25.8479454614499	0.0
29.0	25.892851760989988	24.125834081771657	24.06314609315194	25.918168064086412	0.0
30.0	25.975129746053373	24.067666861562014	24.0230619465826	25.934141445802016	0.0
31.0	25.939566367894106	24.08966793449105	24.08574993520232	25.88501576241252	0.0
32.0	25.881700532245134	24.136382541395168	23.985388876498632	25.996528049861062	0.0
33.0	26.04173573396182	24.103833008842624	23.915166273862123	25.93926498333343	0.0
34.0	25.989596204965608	24.043254712147604	24.135478387713157	25.831670695173624	0.0
35.0	25.895865606596708	24.077311167503513	24.124628543528974	25.902194682370812	0.0
36.0	25.768681321993235	24.0965997793865	24.125834081771657	26.008884816848603	0.0
37.0	25.898578067642752	24.141204694365918	24.034213175327455	25.92600406266388	0.0
38.0	25.981157437266805	24.031802098842082	24.173151457797122	25.813889006093998	0.0
39.0	25.990801743208298	24.01251348695909	24.064653015955297	25.93203175387731	0.0
40.0	25.818711159064744	24.09057208817307	24.153561461353455	25.937155291408732	0.0
41.0	26.026666505928237	24.0806263976709	24.044761634950966	25.8479454614499	0.0
42.0	25.865727150529533	24.12613546633233	24.020349485536556	25.98778789760158	0.0
43.0	25.728597175423896	24.280142976835585	24.074598706457465	25.916661141283054	0.0
44.0	26.00285712563517	24.02999379147805	24.003471950138938	25.963677132747844	0.0
45.0	25.95305045463724	24.052826526583544	24.068799860157984	25.92532315862123	0.0
46.0	25.82888038986989	24.118528162795393	24.0154549536924	26.03713649364231	0.0
47.0	25.943104794109757	24.012139733516573	24.183928415354895	25.860827057018774	0.0
48.0	25.95335183828959	24.00882451334075	24.088088413908253	25.949735234461414	0.0
49.0	25.942200643152713	24.027811683438667	24.01153696621188	26.018450707196738	0.0
50.0	26.027190833114833	24.06819709285329	24.0883897975606	25.81622227647128	0.0
51.0	25.91236366157027	24.00550929316492	24.05342929388824	26.028697751376566	0.0
52.0	25.71487986883823	24.14889513086039	24.11755132548131	26.018673674820075	0.0
53.0	25.834227435473956	24.271859290424466	24.052452652770913	25.841460621330665	0.0
54.0	25.8896818603754	24.13894950030741	24.038287663801523	25.933080975515665	0.0
55.0	25.969849670287275	24.07113838290075	24.033164157153017	25.925847789658956	0.0
56.0	25.93730033393208	24.07957709973358	24.085906137358197	25.897216428976144	0.0
57.0	25.89992887367241	24.12538727682608	23.964750274258297	26.009933575243217	0.0
58.0	26.052729924895417	24.106098781208182	23.921953924606093	25.919217369290305	0.0
59.0	25.980398066328313	24.041301491241818	24.140155031283527	25.83814541114634	0.0
60.0	25.885161119214956	24.101879422791768	24.119058239201458	25.893901218791815	0.0
61.0	25.754963773794167	24.088015816566408	24.136839821099205	26.02018058854022	0.0
62.0	25.90806620776121	24.14738821714024	24.0319586261769	25.91258694892165	0.0
63.0	26.000289327434267	24.045219466914205	24.16034767513351	25.794143530518017	0.0
64.0	25.980699449072343	24.01719087171945	24.074754975829105	25.927354703379102	0.0
65.0	25.80860990223144	24.089221347542527	24.17662234331111	25.925546406914922	0.0
66.0	26.011440488963366	24.080782630709695	24.03889042928958	25.86888645103736	0.0
67.0	25.871297512989592	24.118756856457427	24.019300550927657	25.990645079625317	0.0
68.0	25.74471676049716	24.2610095116394	24.081988161685814	25.912285566177623	0.0
69.0	26.02439994695664	24.030753095200783	24.00182035177394	25.943026606068642	0.0
70.0	25.929687617727282	24.05539398140474	24.09155980169075	25.923358599177227	0.0
71.0	25.8383689215051	24.11205376651949	23.993610705082805	26.0559666068926	0.0
72.0	25.934811108934465	24.005364596675758	24.190111661970132	25.869712632419645	0.0
73.0	25.939633218305936	24.011392233390094	24.09728605656937	25.951688491734604	0.0
74.0	25.948674673377436	24.033393107397416	24.014104669911546	26.003827549313602	0.0
75.0	26.00955380419222	24.088847365169304	24.085833546812133	25.81576528382634	0.0
76.0	25.926372417534395	24.017721251940145	24.05659950874761	25.99930682177785	0.0
77.0	25.734314629632976	24.14784542774995	24.127652905613523	25.990187037003547	0.0
78.0	25.842510382572947	24.258150847181785	24.064362910857547	25.834975859387715	0.0
79.0	25.889224426321405	24.148448189604768	24.045375912430757	25.916951471643067	0.0
80.0	25.969994514867125	24.069787767550917	24.050800769124127	25.909416948457835	0.0
81.0	25.947993707166233	24.078527814445792	24.090583051542165	25.88289542684581	0.0
82.0	25.907608662893377	24.125241858194247	23.98057901303774	25.986570465874635	0.0
83.0	26.05136736526766	24.1140907638801	23.929947017232962	25.904594853619283	0.0
84.0	25.972104181358986	24.041457960374434	24.163517235975238	25.82292062229134	0.0
85.0	25.8922382355955	24.08817200412289	24.130666714887617	25.888923045393998	0.0
86.0	25.75239748527754	24.06466429178496	24.15748961742705	26.025448605510448	0.0
87.0	25.917554233497885	24.139105380855078	24.033923437189202	25.909416948457835	0.0
88.0	25.986269084947228	24.047485578922622	24.17798352049089	25.788261815639256	0.0
89.0	25.996516036479143	24.01885439081873	24.067979481986463	25.91665009071566	0.0
90.0	25.80212533830009	24.101432764928905	24.176476615853844	25.91996528091716	0.0
91.0	26.001036750390288	24.087267861340663	24.060746339728638	25.85094904854041	0.0
92.0	25.886511997974722	24.112583859243053	24.02849858049583	25.972405562286394	0.0
93.0	25.746068485801942	24.259657751818832	24.06406152993014	25.93021223244908	0.0
94.0	26.022434796236354	24.026388914003967	24.017046105254273	25.934130184505406	0.0
95.0	25.928627183874966	24.056153125160108	24.10889462850392	25.90632506246101	0.0
96.0	25.807773796212857	24.12908708978412	24.033248243707938	26.02989087029508	0.0
97.0	25.936463064371758	23.991055041032887	24.196294834045094	25.876187060550258	0.0
98.0	25.939175484543725	24.009740602217555	24.098346327835156	25.95273758540356	0.0
99.0	25.950025165231594	24.012453022389522	24.00793232210291	26.029589490275974	0.0
100.0	26.013917729282383	24.089003547242825	24.077852486535846	25.819226236938942	0.0
101.0	25.911749902804942	24.024206843134714	24.060372445427614	26.003670808632727	0.0
102.0	25.731748481049284	24.14197367152088	24.121781271096538	26.004496576333302	0.0
103.0	25.838135307165587	24.260415662069633	24.07205371781271	25.82939531295207	0.0
104.0	25.899013887549426	24.14197367152088	24.056382004050537	25.90263043687916	0.0
105.0	25.97918073102517	24.073259234255957	24.044628218728903	25.902931815989973	0.0
106.0	25.91528835953322	24.100383354228953	24.09194473912624	25.89238354711158	0.0
107.0	25.918000771530526	24.113644035104638	23.991284116115345	25.97707107724949	0.0
108.0	26.06236136560903	24.11695920532356	23.924980711736907	25.895698717330507	0.0
109.0	26.000277268781947	24.02081926897483	24.162166071945222	25.816737390298005	0.0
110.0	25.89117803066834	24.07958819558299	24.146192979072232	25.883040794676436	0.0
111.0	25.774544314784453	24.050354421834314	24.160960555501976	26.014140707879257	0.0
112.0	25.92643938663323	24.13895988041277	24.022024785418072	25.912575947535927	0.0
113.0	25.9882221043495	24.051258559166747	24.166385379496578	25.794133956987174	0.0
114.0	26.01203105410358	24.006051692545086	24.075971646253254	25.90594560709808	0.0
115.0	25.819751181406115	24.090739222683	24.179646060372264	25.909863535538623	0.0
116.0	25.99605796123059	24.08591715691002	24.075368888031633	25.842655993827755	0.0
117.0	25.896301475552125	24.100986112450574	24.030764779631593	25.971947632365705	0.0
118.0	25.739282958819558	24.270361172726396	24.085013019577588	25.90534284887646	0.0
119.0	26.021675185649535	24.02955926318835	24.002736522326167	25.946029028835955	0.0
120.0	25.94098376465837	24.03053582353597	24.098647707854266	25.929832703951394	0.0
121.0	25.81530829669055	24.124867769516616	24.029933063497758	26.02989087029508	0.0
122.0	25.941887904715692	24.00793232210291	24.198404494178845	25.851775279002553	0.0
123.0	25.94339480481123	23.979602600306805	24.111908428694996	25.96509416618697	0.0
124.0	25.940079624601047	24.00793232210291	24.013357162446844	26.038630890849195	0.0
125.0	25.99884872832701	24.098346327835156	24.095031147624972	25.807773796212857	0.0
126.0	25.933449264180688	24.015768202599705	24.067605565886193	25.98317696733342	0.0
127.0	25.741849152818215	24.1270501437587	24.144530237548448	25.986570465874635	0.0
128.0	25.844396558219433	24.25008664727777	24.071367218697727	25.834149575805064	0.0
129.0	25.898645288648453	24.129835294826783	24.066243727490544	25.905275689034223	0.0
130.0	25.993580566899233	24.045448380826087	24.061120236283358	25.89985081599132	0.0
131.0	25.927053320635075	24.09313932321491	24.11483888078504	25.864968475364975	0.0
132.0	25.91680630733807	24.105194632976094	24.005135561958266	25.972863497727573	0.0
133.0	26.047305035502887	24.126592807802197	23.923762221070273	25.902339935624646	0.0
134.0	25.980096683584286	24.019903316415718	24.186567973864086	25.813432026135914	0.0
135.0	25.913267812527312	24.065786023634505	24.146858226116098	25.874087937722084	0.0
136.0	25.76860365940031	24.049812690060065	24.1682564654328	26.013327185106828	0.0
137.0	25.910253976003833	24.120637848361827	24.044086400665453	25.925021774968883	0.0
138.0	26.005792593798127	24.030524136309797	24.15981772316706	25.803865546725014	0.0
139.0	26.011518883192736	23.999783003770307	24.098636841740433	25.89006127129652	0.0
140.0	25.82918177352224	24.069101243810334	24.174886905784458	25.92683007688297	0.0
141.0	25.999463537098823	24.06940262746268	24.07663583511903	25.854498000319463	0.0
142.0	25.908445674089748	24.093513319650516	24.032633821876235	25.965407184383505	0.0
143.0	25.766192590181525	24.24721898234796	24.07934828799016	25.907240139480354	0.0
144.0	26.019957625458478	24.0154549536924	24.02329092865345	25.94129649219567	0.0
145.0	25.94348436718284	24.035720098130813	24.109860700056057	25.91093483463029	0.0
146.0	25.816902851700714	24.11588839126949	24.039939481980216	26.02726927504958	0.0
147.0	25.946498212789553	23.98629303018065	24.205700990349666	25.86150776668013	0.0
148.0	25.93504559948403	23.988704106666024	24.114381468466135	25.961868825383817	0.0
149.0	25.95561797583491	24.002037365770445	24.02042187937951	26.02192277901513	0.0
150.0	26.003538265406075	24.083712827869714	24.093055777408747	25.819693129315464	0.0
151.0	25.93723346222585	24.013791399061486	24.077082347551695	25.97189279116097	0.0
152.0	25.744725738396625	24.12748643761302	24.1416515973478	25.986136226642554	0.0
153.0	25.8279862205733	24.260169560486922	24.079638576367017	25.832205642572763	0.0
154.0	25.890373388708227	24.131477189503283	24.082652449223776	25.895496972564715	0.0
155.0	25.972652117697763	24.055226206227264	24.06155533922646	25.91056633684851	0.0
156.0	25.933851319176128	24.084231972465176	24.11015135715104	25.871765351207664	0.0
157.0	25.902808335191896	24.11406940367332	24.006172430213564	25.976949830921225	0.0
158.0	26.05802325511305	24.115877732837447	23.920879571305434	25.905219440744066	0.0
159.0	26.006787262129365	24.00737798298965	24.183991464686343	25.801843290194636	0.0
160.0	25.912530854709352	24.064714268061497	24.161460169923178	25.86129470730597	0.0
161.0	25.763644638137173	24.041205918076415	24.155733776978092	26.039415666808317	0.0
162.0	25.92579197521376	24.116251804567252	24.05115175845472	25.90680446176427	0.0
163.0	26.005358698240187	24.01739617898896	24.175022679529953	25.802222443240897	0.0
164.0	26.006865643752054	23.994490607208625	24.102086516755726	25.896557232283595	0.0
165.0	25.83778635732089	24.063508711652005	24.181351850679782	25.917353080347322	0.0
166.0	26.018619818744593	24.06109759883302	24.086715672534712	25.833566909887672	0.0
167.0	25.913435022016472	24.104196240472337	24.028848964879128	25.95351977263206	0.0
168.0	25.76213769262531	24.240725503847234	24.068330937289968	25.928805866237486	0.0
169.0	26.042429557832047	24.017697568091336	24.01739617898896	25.92247669508766	0.0
170.0	25.946063243679852	24.04399088596608	24.107885568240725	25.902060302113345	0.0
171.0	25.828521139495354	24.10487166813343	24.03947003580513	26.027137156566084	0.0
172.0	25.932802083207758	24.00722130465708	24.201015081556136	25.858961530579034	0.0
173.0	25.937925713390154	23.98401427383091	24.109091128283644	25.96896888449529	0.0
174.0	25.970252716285657	23.994032459801986	24.01904790608659	26.016666917825766	0.0
175.0	25.98713060775479	24.089271990234934	24.101327626998597	25.82226977501168	0.0
176.0	25.955785952169265	23.994635241640168	24.06757184406034	25.98200696213023	0.0
177.0	25.736149538569116	24.124607437144736	24.157760538165245	25.981482486120903	0.0
178.0	25.850756345070568	24.227153677142073	24.06982666903762	25.852263308749734	0.0
179.0	25.91073349950119	24.10539101186583	24.08911580413089	25.894759684502084	0.0
180.0	25.98698586166676	24.02823447149277	24.06560717073597	25.919172496104498	0.0
181.0	25.912921348314605	24.094613492790664	24.1178208033949	25.874644355499832	0.0
182.0	25.896043304238802	24.120533346192797	24.01564835800743	25.967774991560976	0.0
183.0	26.04824709456527	24.107272025847518	23.94361527704104	25.900865602546176	0.0
184.0	25.998517143270483	24.004798186815837	24.17418141486232	25.82250325505136	0.0
185.0	25.90425900642272	24.08835682703871	24.152553866741414	25.85483029979716	0.0
186.0	25.775563532464712	24.03320162391385	24.158280363240713	26.03295448038072	0.0
187.0	25.929576148840688	24.084740092407568	24.061532711857765	25.92415104689398	0.0
188.0	26.018487541856167	24.00758308694329	24.16039012510888	25.813539246091665	0.0
189.0	26.027227983881417	23.98859523012981	24.088658221591302	25.89551856439747	0.0
190.0	25.829513157379193	24.04917553520138	24.17545985273862	25.945851454680806	0.0
191.0	26.02481682746066	24.04646298422802	24.078109412250484	25.850610776060833	0.0
192.0	25.924452441446572	24.09378192898542	24.0301876783879	25.95157795118011	0.0
193.0	25.77013843051801	24.23724573602057	24.075095466724534	25.91752036673689	0.0
194.0	26.05752451105974	23.998685911829508	24.012851541190336	25.93093803592042	0.0
195.0	25.955730767839707	24.0397482729936	24.100931920382894	25.903589038783803	0.0
196.0	25.842405391394507	24.098822139438436	24.031610546493546	26.027161922673514	0.0
197.0	25.961758713395298	24.004786188771142	24.19376228193907	25.839692815894487	0.0
198.0	25.96266290522864	23.989414927604376	24.09580816666064	25.95211400050635	0.0
199.0	25.969974712692178	23.997624982292855	24.007571122436985	26.02482918257798	0.0
200.0	26.030869574390493	24.087430639906206	24.08501942534729	25.796680360356017	0.0
201.0	25.959437343082676	23.997311495766812	24.061510083397884	25.98174107775263	0.0
202.0	25.750807773919753	24.113859953703702	24.157865547839506	25.977466724537035	0.0
203.0	25.842222496842705	24.230568675381512	24.096440014347245	25.83076881342854	0.0
204.0	25.90989513788208	24.084528693156987	24.104422052693288	25.901154116267644	0.0
205.0	26.01254509996594	24.022268908829496	24.06175492746328	25.903431063741284	0.0
206.0	25.929129918435507	24.078104183119223	24.127235789511758	25.86553010893351	0.0
207.0	25.90969375452134	24.115022908126356	24.00952495780082	25.965758379551485	0.0
208.0	26.05031378293817	24.113661162654708	23.941849179221	25.894175875186132	0.0
209.0	25.993513226747687	23.98689382430249	24.17739757409149	25.842195374858328	0.0
210.0	25.89276832786233	24.065784674558174	24.16887466126499	25.872572336314505	0.0
211.0	25.79630986076823	24.030517047526896	24.16344887249095	26.009724219213926	0.0
212.0	25.94069612869971	24.09080358946071	24.05101447178439	25.91748581005519	0.0
213.0	26.014860811768077	24.0051847051199	24.161630167749326	25.818324315362702	0.0
214.0	26.030836938009617	24.0051847051199	24.06758202836516	25.89639632850533	0.0
215.0	25.838384995433156	24.039681798040025	24.1813594422121	25.940573764314717	0.0
216.0	26.027847361011887	24.035907963235935	24.08926348281922	25.846981192932954	0.0
217.0	25.920243087060978	24.117889989841228	24.031374629596694	25.9304922935011	0.0
218.0	25.765463769907182	24.22865790243182	24.078534457550937	25.927343870110057	0.0
219.0	26.051856518842527	24.019136448181165	23.997130135685495	25.931876897290813	0.0
220.0	25.94025081393947	24.043168937658265	24.094416978174362	25.922163270227905	0.0
221.0	25.856320279762446	24.098459497754064	24.021886587682012	26.02333363480148	0.0
222.0	25.947966597328993	24.00952639353652	24.192216092369843	25.850290916764646	0.0
223.0	25.937716680232732	23.983298664496097	24.102981520002412	25.976003135268762	0.0
224.0	25.974899080798668	23.998721740362555	24.01469998583061	26.011679193008163	0.0
225.0	26.030684630852857	24.084028495886304	24.073175217140943	25.81211165611989	0.0
226.0	25.949140023214095	24.0024721506203	24.056738871553687	25.991648954611918	0.0
227.0	25.74768158412021	24.095244986312604	24.160365640413396	25.996707789153795	0.0
228.0	25.858258790614098	24.21153550464441	24.084910865298518	25.84529483944297	0.0
229.0	25.901829134093283	24.10676330395825	24.10043203381501	25.890975528133453	0.0
230.0	26.007048814092805	24.013000208027446	24.067871215935504	25.91207976194424	0.0
231.0	25.925423442653596	24.076084007163402	24.12522687119746	25.873265678985547	0.0
232.0	25.90131511508011	24.11406105848373	24.001302452348934	25.983321374087225	0.0
233.0	26.070007235890014	24.091895803183792	23.947178002894358	25.89091895803184	0.0
234.0	25.99282440906898	23.976121562952244	24.19138929088278	25.839664737095998	0.0
235.0	25.907735537887767	24.052014459850998	24.156332817771506	25.88391718448973	0.0
236.0	25.786396760645335	24.052751069584016	24.171241983773076	25.98961018599757	0.0
237.0	25.942129050348388	24.094503857761804	24.04083589361683	25.922531198272974	0.0
238.0	26.02823984876032	24.030706237430614	24.147995380797745	25.793058533011315	0.0
239.0	26.024621674671877	24.006283562333603	24.08136067466886	25.887734088325658	0.0
240.0	25.843286124788555	24.05555270783268	24.160784443794494	25.94037672358427	0.0
241.0	26.020160475697974	24.04240755761536	24.101507964986023	25.835924001700644	0.0
242.0	25.930638940737637	24.098460016826134	24.030009619240893	25.94089142319534	0.0
243.0	25.768747116350184	24.233514569782063	24.094194704035754	25.903543609832003	0.0
244.0	26.052787126503336	24.03466869322911	24.00240051146576	25.910143668801794	0.0
245.0	25.94956178711238	24.0311363375898	24.11920114363611	25.900100731661713	0.0
246.0	25.842042558325417	24.09416519627803	24.049224087227977	26.014568158168572	0.0
247.0	25.958513433213987	24.004234923641672	24.203010897990822	25.834240745153515	0.0
248.0	25.955230048534467	23.99032327150644	24.105852791862862	25.948593888096237	0.0
249.0	25.980803223996574	23.9802843922127	24.018291836845503	26.020620546945228	0.0
