# Position (bp)	A	C	G	T	N
0.0	26.290226416740587	23.754126252417585	23.805313595183737	26.150333735658094	0.0
1.0	26.231477307429437	23.859700146872772	23.807931129757005	26.100891415940787	0.0
2.0	26.12356364461274	23.804164158225216	23.923115178906407	26.149157018255636	0.0
3.0	26.182513000081432	23.9210223240772	23.787531555007504	26.108933120833868	0.0
4.0	26.1255601990397	23.984225725677693	23.694565378608758	26.19564869667385	0.0
5.0	26.19557915613704	23.825504331566197	23.748149742199836	26.230766770096924	0.0
6.0	26.205362335698503	23.80307083866465	23.804234035128534	26.187332790508318	0.0
7.0	26.210353982558228	23.839807843855684	23.70807852579481	26.24175964779128	0.0
8.0	26.173118807994395	23.903795097865313	23.64324742432922	26.279838669811074	0.0
9.0	26.276257938446506	23.7557284760509	23.834822155535395	26.1331914299672	0.0
10.0	26.083669428120302	23.82982311769957	23.874603446922222	26.211904007257903	0.0
11.0	26.117614901919733	23.740193427197283	23.92803763862961	26.214154032253372	0.0
12.0	26.181295834278366	23.79631406621654	23.677966397403914	26.344423702101178	0.0
13.0	26.20630295840094	23.78235660158999	23.816377921617203	26.19496251839187	0.0
14.0	26.241487400480366	23.737576402579805	23.807945286738665	26.21299091020116	0.0
15.0	26.121976609615533	23.75211542823246	23.784973626207467	26.340934335944542	0.0
16.0	26.23683491227152	23.87337090217562	23.757058696954363	26.132735488598495	0.0
17.0	26.30749457694343	23.700938057935108	23.760548063111003	26.231019302010456	0.0
18.0	26.04491977365645	23.94286744479532	23.858831876522963	26.15338090502527	0.0
19.0	26.230146960471295	23.776540991328925	23.736122500014538	26.257189548185238	0.0
20.0	26.166680721017265	23.832010770478885	23.904124128024474	26.097184380479376	0.0
21.0	26.132368720249605	23.839280262166948	23.847422092857578	26.180928924725865	0.0
22.0	26.169006958357443	23.843060397844738	23.712500327127124	26.27543231667069	0.0
23.0	26.127716245569243	23.796244871373613	23.82939375347118	26.24664512958596	0.0
24.0	26.18151048406091	23.816599448100188	23.787521481347937	26.21436858649096	0.0
25.0	26.316141470123846	23.706684733776676	23.816599448100188	26.160574347999287	0.0
26.0	26.262928790967223	23.84160649950713	23.794790973036	26.10067373648965	0.0
27.0	26.13760275426501	23.79246473569582	23.908776602704833	26.161155907334336	0.0
28.0	26.2097161118106	23.89918087367659	23.782287447332536	26.108815567180283	0.0
29.0	26.146035364623167	23.960826163191363	23.70523083543906	26.18790763674641	0.0
30.0	26.21146078981573	23.817181007435238	23.731982564851133	26.239375637897894	0.0
31.0	26.19604946743704	23.8128193124224	23.78693992201289	26.20419129812767	0.0
32.0	26.210006891478123	23.815727109097622	23.731110225848568	26.243155773575687	0.0
33.0	26.176276450045506	23.900053212679158	23.6243940878678	26.299276249407537	0.0
34.0	26.303056385085327	23.749138565234965	23.84073416050456	26.107070889175144	0.0
35.0	26.101255295824693	23.810202295414694	23.879407856285056	26.209134552475554	0.0
36.0	26.127640271703733	23.734239787847773	23.915976551595794	26.222143388852704	0.0
37.0	26.182306690239137	23.80140969572904	23.667942216432493	26.348341397599327	0.0
38.0	26.207604447752864	23.784544524053224	23.811877733320927	26.19597329487299	0.0
39.0	26.23086675351261	23.73831069135573	23.81623941565088	26.214583139480784	0.0
40.0	26.118044570577837	23.735112124313762	23.793558667535127	26.353284637573278	0.0
41.0	26.2410440122825	23.867998045966317	23.772913371173352	26.118044570577837	0.0
42.0	26.295128873173905	23.70748813622406	23.771168698241368	26.226214292360662	0.0
43.0	26.047094538010608	23.942437424397507	23.859565460128408	26.15090257746348	0.0
44.0	26.211675351260816	23.77872894761329	23.736856797245743	26.272738903880153	0.0
45.0	26.169436326892605	23.84292173710763	23.87548887047295	26.112153065526815	0.0
46.0	26.14064930722147	23.82460272458964	23.851354298425438	26.18339366976345	0.0
47.0	26.170017882845553	23.80919149183641	23.72690132449368	26.293889300824357	0.0
48.0	26.135415303644905	23.80977304778936	23.81355316148355	26.241258487082185	0.0
49.0	26.164493101292507	23.833326063883923	23.776042802518138	26.226138032305435	0.0
50.0	26.32093165263663	23.714688649481687	23.81936872101307	26.145010976868612	0.0
51.0	26.2508541603059	23.8275105043544	23.803375932306885	26.118259403032813	0.0
52.0	26.141812419127376	23.79145403527137	23.91474389729722	26.151989648304035	0.0
53.0	26.205492795975633	23.890027769296754	23.80017737456565	26.104302060161967	0.0
54.0	26.149663424492232	23.96679315508643	23.699277416728457	26.18426600369288	0.0
55.0	26.189209229292977	23.836815399601637	23.729809104258443	26.244166266846946	0.0
56.0	26.217705470987628	23.7862200316948	23.79436181503613	26.201712682281443	0.0
57.0	26.2302089239761	23.80308515433041	23.706256088163883	26.26044983352961	0.0
58.0	26.17612422035155	23.915325453250173	23.630944592256583	26.277605734141694	0.0
59.0	26.299995638330355	23.750163562611768	23.83856006746049	26.111280731597386	0.0
60.0	26.11273462147977	23.813843939460025	23.875779648449427	26.19764179061078	0.0
61.0	26.124871331119547	23.72072601234058	23.923397672619846	26.231004983920027	0.0
62.0	26.19465784255	23.800108169092717	23.679435659744232	26.325798328613054	0.0
63.0	26.19931027664536	23.78702319819951	23.811739254331123	26.201927270824005	0.0
64.0	26.23565741801539	23.750094502567563	23.82046256825993	26.19378551115712	0.0
65.0	26.132431536524514	23.73381098323379	23.796909620652155	26.33684785958954	0.0
66.0	26.227515658348505	23.871348566177968	23.771030455996698	26.130105319476833	0.0
67.0	26.3057347065768	23.691066744982642	23.766668799032296	26.236529749408266	0.0
68.0	26.0565387053439	23.93473798072729	23.86000825807052	26.148715055858286	0.0
69.0	26.235948195146346	23.769576570341897	23.740208080114915	26.254267154396842	0.0
70.0	26.156780757588532	23.84016609141425	23.88727184965703	26.115781301340185	0.0
71.0	26.14631281131236	23.813705449438366	23.85528645825761	26.184695280991665	0.0
72.0	26.15358221844859	23.836676775988856	23.730834208085323	26.278906797477227	0.0
73.0	26.138461851605232	23.815740883436508	23.813705449438366	26.232091815519894	0.0
74.0	26.172482677002794	23.813996225723816	23.773869098331815	26.239651998941575	0.0
75.0	26.32455867429276	23.729961879228977	23.821265632860047	26.12421381361822	0.0
76.0	26.26204177292117	23.840456867699697	23.793060333171468	26.104441026207663	0.0
77.0	26.149511350452304	23.801783621734945	23.927108200763577	26.12159682704917	0.0
78.0	26.20563117354401	23.899484453645897	23.793060333171468	26.101824039638622	0.0
79.0	26.152709889592245	23.963164460159287	23.703501237253093	26.180624412995375	0.0
80.0	26.193418569555142	23.82853503999628	23.74537302235779	26.232673368090794	0.0
81.0	26.216099119820186	23.798003530024108	23.798875858880454	26.18702149127526	0.0
82.0	26.21231902810934	23.81108846286932	23.737812838936108	26.238779670085226	0.0
83.0	26.159688520443027	23.915767925631055	23.643892098735996	26.28065145518992	0.0
84.0	26.29460871689149	23.753805534635816	23.85208791911767	26.099497829355027	0.0
85.0	26.12334148476187	23.798875858880454	23.896576690791406	26.181205965566274	0.0
86.0	26.12704560522	23.7008153343336	23.947683682845412	26.224455377600986	0.0
87.0	26.20148411784547	23.79415425055538	23.680751828977517	26.323609802621633	0.0
88.0	26.198576363446037	23.786594089116857	23.815962408551126	26.19886713888598	0.0
89.0	26.24597276015679	23.731928306407525	23.81392698047152	26.208171952964165	0.0
90.0	26.12355629994068	23.73745303976645	23.80665759447294	26.33233306581993	0.0
91.0	26.232597089919395	23.864521907021647	23.787466415436686	26.115414587622272	0.0
92.0	26.303837072705495	23.68453190969678	23.783104783837537	26.228526233760192	0.0
93.0	26.056677948753737	23.923840096770064	23.8514370122242	26.168044942252	0.0
94.0	26.217476767042346	23.77699849959873	23.74007001872594	26.265454714632984	0.0
95.0	26.160117938175503	23.844970617227233	23.904870183682313	26.090041260914955	0.0
96.0	26.134238999270153	23.826942592371818	23.873466527482563	26.165351880875466	0.0
97.0	26.14470688467007	23.828978014532915	23.7370932426892	26.289221858107815	0.0
98.0	26.135402097647926	23.816474706971903	23.826361043182935	26.221762152197236	0.0
99.0	26.161862585742156	23.832176535071778	23.754539718355726	26.251421160830336	0.0
100.0	26.3229517110631	23.73825634106697	23.808914567516407	26.129877380353523	0.0
101.0	26.271484607846844	23.822290198860745	23.797574358333165	26.108650834959246	0.0
102.0	26.140926814942322	23.795248161577625	23.922898208537724	26.140926814942322	0.0
103.0	26.214783561930627	23.897019269632374	23.791758866444322	26.09643830199268	0.0
104.0	26.177273639247588	23.940926233393135	23.715285148106037	26.16651497925323	0.0
105.0	26.184543004108647	23.84729681398277	23.729533103233706	26.23862707867488	0.0
106.0	26.214492787336184	23.79670203454984	23.794375837794302	26.194429340319676	0.0
107.0	26.235137783541578	23.79408506319986	23.735639369716992	26.235137783541578	0.0
108.0	26.17581976627538	23.89382074909351	23.653640934084308	26.2767185505468	0.0
109.0	26.308994530529876	23.72866077945038	23.859218572354894	26.10312611766485	0.0
110.0	26.122898790086914	23.796992809144278	23.910976450165595	26.169131950603212	0.0
111.0	26.14492163647466	23.70242214532872	23.941438166962286	26.211218051234336	0.0
112.0	26.204821028757525	23.792562007501964	23.68294030414934	26.319676659591174	0.0
113.0	26.197842458782823	23.783838795033585	23.81349771742607	26.204821028757525	0.0
114.0	26.262975778546714	23.70940071530342	23.832688784856504	26.19493472129336	0.0
115.0	26.1204966415632	23.744293565176935	23.816114681166585	26.319095112093283	0.0
116.0	26.214707336221686	23.869907824721583	23.81349771742607	26.101887121630657	0.0
117.0	26.299322497164958	23.693989706609287	23.776860225058883	26.229827571166876	0.0
118.0	26.042860050594633	23.928644122008667	23.86234770724899	26.166148120147714	0.0
119.0	26.222558227443226	23.77627867756099	23.74836439766218	26.252798697333606	0.0
120.0	26.17378434411429	23.833339633449548	23.883643638288035	26.109232384148136	0.0
121.0	26.146160757642285	23.814148510216366	23.86096321992155	26.1787275122198	0.0
122.0	26.14499765926451	23.839736674527273	23.72488070972263	26.29038495648558	0.0
123.0	26.15546554466443	23.800772878872028	23.84235364587725	26.20140793058629	0.0
124.0	26.168259626819886	23.82607026858849	23.763262956188992	26.24240714840263	0.0
125.0	26.322370161874215	23.7315685253948	23.82112710048298	26.124934212248007	0.0
126.0	26.286314112163396	23.818510129132996	23.80658837076087	26.08858738794274	0.0
127.0	26.14877772899226	23.778964784288867	23.93191222096543	26.14034526575344	0.0
128.0	26.229613066247175	23.89120377774353	23.79670203454984	26.082481121459455	0.0
129.0	26.182216807353107	23.94325243014867	23.71644824648381	26.158082516014407	0.0
130.0	26.200535606802962	23.82461639561628	23.742327185389158	26.232520812191595	0.0
131.0	26.21485978808286	23.79677122951487	23.811019226072087	26.17734975633018	0.0
132.0	26.23172476359957	23.785721762797028	23.741814671365596	26.240738802237807	0.0
133.0	26.15583237377438	23.91511683357177	23.65952522186166	26.26952557079219	0.0
134.0	26.2991846656664	23.736871488886564	23.867138885981134	26.096804959465903	0.0
135.0	26.13140723681915	23.803749840073507	23.90552124405364	26.159321679053697	0.0
136.0	26.12188760333462	23.7011750269695	23.954731947881257	26.22220542181462	0.0
137.0	26.191673911842443	23.77532297975906	23.694777948689616	26.338225159708873	0.0
138.0	26.21057437039665	23.762528823199293	23.813123896867467	26.213772909536594	0.0
139.0	26.258552457495774	23.715132288671064	23.83551367084706	26.1908015829861	0.0
140.0	26.12217837962007	23.72821722151628	23.817776317434657	26.33182808142899	0.0
141.0	26.216099119820186	23.874768469382712	23.802365174305844	26.10676723649126	0.0
142.0	26.298970361173225	23.694487172404166	23.788698688889728	26.217843777532877	0.0
143.0	26.062278464817524	23.927689753334477	23.849180156263174	26.160851625584826	0.0
144.0	26.24110588036882	23.767181243766483	23.751770100637675	26.23994277522702	0.0
145.0	26.183608311573515	23.839653858903308	23.8850150913331	26.091722738190086	0.0
146.0	26.139700964798518	23.80505138031904	23.883851982809258	26.17139567207318	0.0
147.0	26.149587387251167	23.81755479695033	23.730612434793226	26.302245381005275	0.0
148.0	26.148133501596366	23.814065471378807	23.840526190296185	26.19727483672864	0.0
149.0	26.164202323316033	23.814134717436502	23.774007356682805	26.247655602564663	0.0
150.0	26.32711454359356	23.727842653763844	23.817111752116872	26.127931050525728	0.0
151.0	26.30414301665581	23.80460826277101	23.81245929096492	26.078789429608264	0.0
152.0	26.142546008612893	23.77647185398208	23.927386501426273	26.15359563597875	0.0
153.0	26.21524092549353	23.903251789021905	23.8011881257215	26.08031915976307	0.0
154.0	26.164645263344603	23.934655993114337	23.736925819199016	26.163772924342037	0.0
155.0	26.204482077795195	23.820961143113028	23.745649209224695	26.228907569867083	0.0
156.0	26.204267494809567	23.79108001698158	23.805909823147292	26.19874266506156	0.0
157.0	26.219969642514435	23.784973626207467	23.742519671301707	26.25253705997639	0.0
158.0	26.16821071119098	23.89576100168071	23.666335176881788	26.26969311024652	0.0
159.0	26.32494140772662	23.718966449744407	23.863775145244865	26.092316997284108	0.0
160.0	26.138260318346507	23.785555187233573	23.92542061401213	26.15076388040779	0.0
161.0	26.131648352287435	23.686758689273947	23.94758956792798	26.23400339051064	0.0
162.0	26.202889785141654	23.76265262386559	23.691411191011365	26.34304639998139	0.0
163.0	26.220336666656973	23.763524967941354	23.80685139037107	26.209286975030604	0.0
164.0	26.26657090267257	23.69286509780431	23.852794845028075	26.187769154495044	0.0
165.0	26.12554194375707	23.723687921814708	23.830695461775335	26.320074672652886	0.0
166.0	26.22120901073274	23.87576657235658	23.828950773623806	26.074073643286876	0.0
167.0	26.32559951846607	23.69460978595584	23.787369039345627	26.19242165623246	0.0
168.0	26.05953457535744	23.91851143206911	23.856575002689727	26.165378989883713	0.0
169.0	26.24040058039959	23.773993096850546	23.737936208385552	26.247670114364308	0.0
170.0	26.186100610642626	23.83774353009596	23.88892119802268	26.087234661238735	0.0
171.0	26.13405059610352	23.81099156731608	23.880488514102936	26.17446932247746	0.0
172.0	26.145681884268683	23.821459726664727	23.73277115440535	26.30008723466124	0.0
173.0	26.14073858679849	23.816807211398665	23.845303867403313	26.19715033439953	0.0
174.0	26.15477218601973	23.832287968269753	23.775585273583232	26.23735457212728	0.0
175.0	26.305183513716273	23.745703667948053	23.80415123088823	26.14496158744744	0.0
176.0	26.289481183374143	23.812293179954523	23.810257692687948	26.087967943983394	0.0
177.0	26.15725057211898	23.76700000290785	23.928676318781495	26.14707310619168	0.0
178.0	26.236053236870344	23.890583517739323	23.785028656836204	26.08833458855413	0.0
179.0	26.19330787997569	23.90744903270456	23.730070340828792	26.169172746490954	0.0
180.0	26.208137901755467	23.790553566911026	23.75478704379509	26.24652148753842	0.0
181.0	26.196582687789334	23.795856886965826	23.82028287621839	26.18727754902645	0.0
182.0	26.234384814013538	23.771430897713262	23.74729569404704	26.24688859422616	0.0
183.0	26.159071347151464	23.890362202526344	23.674017726289343	26.27654872403285	0.0
184.0	26.3306348430921	23.71618163630865	23.866808570032802	26.086374950566448	0.0
185.0	26.131446716449158	23.789750389652685	23.927582757577873	26.151220136320287	0.0
186.0	26.147225170473547	23.68281016007793	23.94568109452013	26.224283574928393	0.0
187.0	26.207417961877898	23.76859215748993	23.684264092237456	26.339725788394713	0.0
188.0	26.21032582619695	23.73980430073133	23.826458657439044	26.22341121563268	0.0
189.0	26.269355471873684	23.6924061123308	23.85204786344669	26.186190552348826	0.0
190.0	26.13035955742305	23.719740036929878	23.825295511711424	26.32460489393565	0.0
191.0	26.227773012111257	23.86862269006528	23.81773506448189	26.085869233341576	0.0
192.0	26.340888934122336	23.68281016007793	23.77557103185565	26.200729873944084	0.0
193.0	26.071911484610126	23.89944605184722	23.863679320722895	26.164963142819758	0.0
194.0	26.25975951962081	23.755797554486108	23.74445688364181	26.239986042251267	0.0
195.0	26.185975911181934	23.833216049131416	23.8858485463544	26.094959493332247	0.0
196.0	26.134215775791375	23.807626768713614	23.8835222481346	26.17463520736041	0.0
197.0	26.184812762072035	23.810825428765842	23.723880032800803	26.28048177636132	0.0
198.0	26.15980505620918	23.814024088818066	23.826527941749493	26.199642913223258	0.0
199.0	26.162498218922746	23.819036735263584	23.767276449360704	26.25118859645297	0.0
200.0	26.304632295210677	23.741312629038354	23.81779057256681	26.136264503184158	0.0
201.0	26.292419087498907	23.80557736485504	23.820698479164847	26.081305068481203	0.0
202.0	26.173284673655438	23.75765154048592	23.914971574799715	26.154092211058927	0.0
203.0	26.23320276490995	23.88471593370963	23.80183842666504	26.08024287471538	0.0
204.0	26.189735342954933	23.901721244972794	23.737419266660655	26.17112414541161	0.0
205.0	26.224493060018556	23.786121200312902	23.761112258162076	26.22827348150647	0.0
206.0	26.206539566587956	23.800439693377847	23.8173062382952	26.175714501739	0.0
207.0	26.237226425958344	23.773533329068204	23.755794273483893	26.233445971489555	0.0
208.0	26.156244183882375	23.893774427694026	23.67567001675042	26.274311371673182	0.0
209.0	26.347181751030924	23.70371016616938	23.872380520318963	26.076727562480734	0.0
210.0	26.14943030133831	23.780193447447555	23.911930810257484	26.15844544095665	0.0
211.0	26.165362368152433	23.68036107403239	23.945582979267908	26.20869357854727	0.0
212.0	26.218290423802504	23.753355260670673	23.69606500263186	26.332289312894964	0.0
213.0	26.212917428844797	23.741279179668528	23.824161507120607	26.221641884366065	0.0
214.0	26.264973346788384	23.70318239055898	23.853824655892932	26.178019606759705	0.0
215.0	26.14517081228534	23.710437769188935	23.822402917491864	26.32198850103386	0.0
216.0	26.229369937909873	23.87547076529351	23.808000465312414	26.087158831484203	0.0
217.0	26.336391793052304	23.699233688618747	23.780954181268267	26.18342033706068	0.0
218.0	26.05720434485466	23.90222622907912	23.885649474342383	26.154919951723837	0.0
219.0	26.250308996524694	23.77688269764872	23.722790129560426	26.25001817626616	0.0
220.0	26.180020357714117	23.836847462556346	23.874072996946342	26.10905918278319	0.0
221.0	26.147309276191805	23.795107140364347	23.90184034806077	26.155743235383078	0.0
222.0	26.176973546450753	23.834950326888627	23.72094646471697	26.26712966194365	0.0
223.0	26.13059334702163	23.823455849420963	23.82607330025651	26.219877503300896	0.0
224.0	26.154239895765773	23.829037258500296	23.768253349658707	26.248469496075224	0.0
225.0	26.291879944160073	23.745346672871104	23.815728245695674	26.14704513727315	0.0
226.0	26.2764657980456	23.81892740809679	23.81194741740344	26.092659376454165	0.0
227.0	26.1544054561054	23.762851367661813	23.937353672546426	26.14538950368636	0.0
228.0	26.241227572687905	23.878452620894446	23.802834515593325	26.077485290824328	0.0
229.0	26.170844566984552	23.91451664034575	23.74117667588626	26.173462116783437	0.0
230.0	26.21694960605646	23.784650017014172	23.760801091233773	26.23759928569559	0.0
231.0	26.217760042812106	23.785730074339494	23.82121293204742	26.17529695080098	0.0
232.0	26.234047256186233	23.7691520178694	23.739486022080808	26.25731470386356	0.0
233.0	26.170366233887105	23.884894597235796	23.670831588254458	26.273907580622648	0.0
234.0	26.330622644143514	23.692063381264834	23.889257294429708	26.08805668016194	0.0
235.0	26.146807669039973	23.774372934989994	23.919505328307505	26.159314067662525	0.0
236.0	26.157215527847338	23.689361615491784	23.950253184069616	26.203169672591258	0.0
237.0	26.204194648928652	23.761921243444952	23.692117073227482	26.34176703439891	0.0
238.0	26.220787342029872	23.76277940171313	23.818041679391534	26.198391576865465	0.0
239.0	26.26602251805487	23.710272735469573	23.859190897377353	26.164513849098203	0.0
240.0	26.15596722541688	23.715034481956238	23.81974561013138	26.309252682495497	0.0
241.0	26.22232693700533	23.890968640831204	23.824067529400132	26.062636892763337	0.0
242.0	26.348399257660464	23.678362198860892	23.78715333732816	26.186085206150484	0.0
243.0	26.049760158711226	23.916641698349764	23.888425076141246	26.14517306679776	0.0
244.0	26.253796297373714	23.792166536729543	23.738349294266865	26.21568787162988	0.0
245.0	26.174988654479442	23.819484040634418	23.915484599183124	26.090042705703016	0.0
246.0	26.134882584308887	23.807515069704657	23.917483184769708	26.140119161216745	0.0
247.0	26.169605529970003	23.838685933895214	23.75053458122289	26.241173954911893	0.0
248.0	26.138211736913004	23.83051271532851	23.851460058943495	26.179815488814988	0.0
249.0	26.13625122920534	23.802943110340454	23.82767268516633	26.23313297528788	0.0
