# Position (bp)	A	C	G	T	N
0.0	26.269304071454453	23.82571220717145	23.74162210905711	26.163361612316987	0.0
1.0	26.231131592705182	23.800263888005265	23.700406896494496	26.268197622795054	0.0
2.0	26.21864359428981	23.837645112840185	23.774856235599355	26.168855057270648	0.0
3.0	26.212418752593003	23.686627022541835	23.80307011478357	26.297884110081593	0.0
4.0	26.206339592166362	23.806521023649704	23.711380123849114	26.27575926033482	0.0
5.0	26.203026649114463	23.71704813212828	23.759361483235065	26.320563735522196	0.0
6.0	26.19135850267143	23.76743620092698	23.832977511310716	26.20822778509087	0.0
7.0	26.250556524961354	23.823139823958364	23.73547850085311	26.19082515022717	0.0
8.0	26.36664039708546	23.719772698992077	23.74742488973689	26.166162014185574	0.0
9.0	26.285911793170193	23.655744504355038	23.767731231854004	26.290612470620765	0.0
10.0	26.30944447977526	23.706730888871068	23.652812993383307	26.331011637970363	0.0
11.0	26.183083052914192	23.791064007454494	23.70534837873036	26.320504560900954	0.0
12.0	26.194143134039887	23.686269738788535	23.743505658614005	26.376081468557572	0.0
13.0	26.19220761984289	23.680186694169404	23.791064007454494	26.33654167853321	0.0
14.0	26.229811895670256	23.81539618593102	23.764243310724684	26.190548607674035	0.0
15.0	26.13967223449584	23.921296462709556	23.685993236760392	26.25303806603421	0.0
16.0	26.25773860051264	23.862125028687085	23.75428923771156	26.12584713308872	0.0
17.0	26.17451149004178	23.804889108861612	23.81539618593102	26.205203215165586	0.0
18.0	26.266033661356907	23.8126311656496	23.77198536751267	26.14934980548082	0.0
19.0	26.19137811375846	23.728298047066176	23.762031294499543	26.318292544675813	0.0
20.0	26.2353419362331	23.758436768133695	23.792999521651492	26.213221773981708	0.0
21.0	26.36640389757259	23.69152327732324	23.79051100339821	26.15156182170596	0.0
22.0	26.212115765869143	23.741846646445154	23.706730888871068	26.339306698814635	0.0
23.0	26.27619158219553	23.718554893795865	23.75947708081026	26.245776443198345	0.0
24.0	26.30017447181492	23.794526949121142	23.720701315865874	26.18459726319806	0.0
25.0	26.278054431888247	23.82577150551757	23.738397347807215	26.15777671478697	0.0
26.0	26.239620862515658	23.801992462596395	23.689733259968534	26.268653414919413	0.0
27.0	26.212800314104566	23.826601007014816	23.787890937143143	26.172707741737472	0.0
28.0	26.199528290148567	23.683650248988698	23.805310468585393	26.31151099227734	0.0
29.0	26.185426764695308	23.801992462596395	23.72678432684571	26.285796445862587	0.0
30.0	26.207270304122897	23.706876290911705	23.7618998902293	26.323953514736093	0.0
31.0	26.19510428216323	23.76245289122747	23.82577150551757	26.216671321091734	0.0
32.0	26.23989736301474	23.814434985055147	23.751669371763214	26.1939982801669	0.0
33.0	26.37151160057844	23.73065533383288	23.733143838324626	26.164689227264056	0.0
34.0	26.282754940372666	23.66982522403453	23.755816879249466	26.291602956343336	0.0
35.0	26.29740946682409	23.712682801392457	23.664018713553777	26.325889018229674	0.0
36.0	26.18459726319806	23.79120894313214	23.69830477544012	26.325889018229674	0.0
37.0	26.19510428216323	23.686138753480453	23.7502868692678	26.36847009508852	0.0
38.0	26.197869287154063	23.688074256974033	23.788167437642223	26.325889018229674	0.0
39.0	26.222477831572487	23.823559501524898	23.761346889231135	26.19261577767148	0.0
40.0	26.13344467086763	23.91950517470684	23.69111576246395	26.255934391961578	0.0
41.0	26.261464401943247	23.86005756740391	23.750839870265967	26.12763816038688	0.0
42.0	26.169666236247558	23.801992462596395	23.810840478567062	26.217500822588985	0.0
43.0	26.273077422904752	23.809181475572565	23.767706400710054	26.150034700812636	0.0
44.0	26.19344527916873	23.71959531386954	23.766047397715553	26.32091200924618	0.0
45.0	26.240450364012908	23.748904366772383	23.798950957106477	26.211694312108236	0.0
46.0	26.364322587602267	23.694433768452953	23.788720438640393	26.152523205304384	0.0
47.0	26.207270304122897	23.743650857289797	23.71793631087504	26.331142527712263	0.0
48.0	26.26747478322421	23.71870023004778	23.758516191824455	26.25530879490356	0.0
49.0	26.29449905299103	23.79826635145784	23.71808165014585	26.18915294540528	0.0
50.0	26.281227102429046	23.82951073507251	23.742690058479532	26.14657210401891	0.0
51.0	26.23118078885156	23.803796330858667	23.699279720183043	26.26574316010673	0.0
52.0	26.210443366098463	23.822045262881396	23.784441402955775	26.18306996806437	0.0
53.0	26.198830409356727	23.66969433038862	23.820386269061146	26.31108899119351	0.0
54.0	26.18002847939391	23.80434932879875	23.72582362130701	26.289798570500324	0.0
55.0	26.20823137433813	23.695408734602463	23.77586993488449	26.320489956174914	0.0
56.0	26.18777045055507	23.75264402140102	23.832275724772924	26.22730980327098	0.0
57.0	26.244176240443508	23.804625827768792	23.75513251213139	26.19606541965631	0.0
58.0	26.37855473988359	23.71863464808594	23.734948087318376	26.167862524712092	0.0
59.0	26.29090456638049	23.66361135304771	23.7484965368504	26.2969875437214	0.0
60.0	26.298646537541646	23.710616177954737	23.658634371586963	26.33210291291665	0.0
61.0	26.18749395158503	23.79218337411693	23.690984751081803	26.329337923216233	0.0
62.0	26.211825860948668	23.676883303609696	23.745455048179945	26.365835787261695	0.0
63.0	26.201318900087095	23.679371794340064	23.784994400895858	26.33431490467698	0.0
64.0	26.22896879709123	23.81043230613966	23.759832994622094	26.200765902147015	0.0
65.0	26.136065143157346	23.9016769662533	23.69679122945267	26.26546666113669	0.0
66.0	26.25966018276582	23.85771363001673	23.75236752243098	26.13025866478647	0.0
67.0	26.16675652883193	23.80434932879875	23.816238784510528	26.212655357858793	0.0
68.0	26.27569712302822	23.819280273180983	23.76508647505288	26.139936128737922	0.0
69.0	26.204083889787512	23.71780515117581	23.76536297402292	26.312747985013758	0.0
70.0	26.24362324250342	23.743519555389657	23.80434932879875	26.20850787330817	0.0
71.0	26.370536269752392	23.69734422739275	23.788312388536355	26.143807114318502	0.0
72.0	26.20823137433813	23.741860561569407	23.716699155295647	26.333208908796813	0.0
73.0	26.278665951457974	23.707232640060166	23.76474426680971	26.249357141672153	0.0
74.0	26.28992968670075	23.80560017917034	23.719056480132274	26.18541365399663	0.0
75.0	26.28854719949567	23.824955000041477	23.727904398244796	26.15859340221806	0.0
76.0	26.239607152435806	23.795093276411727	23.68836526417948	26.276934306972986	0.0
77.0	26.208362941600978	23.82523149748249	23.784862871094127	26.181542689822408	0.0
78.0	26.19730304396033	23.668457448426313	23.819148553780135	26.31509095383322	0.0
79.0	26.17545974612005	23.798687743144935	23.735093331711216	26.290759179023798	0.0
80.0	26.20587446463183	23.70274313111232	23.777950435068725	26.313431969187125	0.0
81.0	26.18845512584781	23.7621900809308	23.83324992327196	26.21610486994943	0.0
82.0	26.239607152435806	23.799793732909002	23.757489624433525	26.203109490221664	0.0
83.0	26.360436534159877	23.722650946865485	23.74615322935186	26.170759289622776	0.0
84.0	26.284399737880427	23.670116433072412	23.752512670495236	26.292971158551925	0.0
85.0	26.29656562528514	23.70661409528655	23.664586484252087	26.332233795176226	0.0
86.0	26.186519643760697	23.787351348063275	23.698872166938095	26.327256841237933	0.0
87.0	26.2122339057752	23.675646381892733	23.749471198644056	26.362648513688008	0.0
88.0	26.216934362272475	23.684494300005255	23.77739744018669	26.321173897535576	0.0
89.0	26.239330654994784	23.808088656139486	23.76163708604877	26.190943602816958	0.0
90.0	26.132326145321528	23.895461847500602	23.698872166938095	26.273339840239778	0.0
91.0	26.26283293748116	23.8578581955224	23.75278916793625	26.126519699060186	0.0
92.0	26.171865279386843	23.79841124570392	23.81804256401607	26.211680910893172	0.0
93.0	26.270021870947584	23.82329601539538	23.76716703486909	26.139515078787944	0.0
94.0	26.21085141857012	23.711867546665854	23.772973481130432	26.304307553633592	0.0
95.0	26.24209562940495	23.740346783090523	23.800070230350016	26.21748735715451	0.0
96.0	26.37121993435951	23.700807649025208	23.786521855740226	26.141450560875057	0.0
97.0	26.216381367390447	23.73758180868036	23.71076155690179	26.335275267027402	0.0
98.0	26.27769114215247	23.70267759381532	23.761294889235433	26.258336374796777	0.0
99.0	26.296143711515224	23.79274972419533	23.720860787073264	26.19024577721618	0.0
100.0	26.284530883210895	23.830076672316398	23.73330310311362	26.152089341359087	0.0
101.0	26.233932131313438	23.798003146523477	23.695423163168535	26.272641558994554	0.0
102.0	26.21208895426481	23.82454675407624	23.782242879539027	26.18112141211992	0.0
103.0	26.19881715048843	23.6663910924077	23.821505299044155	26.31328645805972	0.0
104.0	26.16950858381559	23.80159759337958	23.73855652544177	26.29033729736306	0.0
105.0	26.200476125960474	23.699017610024637	23.790261260987254	26.31024500302763	0.0
106.0	26.195499199544336	23.75486978425024	23.83284163143648	26.216789384768944	0.0
107.0	26.246374447353798	23.80159759337958	23.762335173874455	26.189692785392165	0.0
108.0	26.3613967467491	23.727773184873463	23.746574906890004	26.16425516148744	0.0
109.0	26.28093643635479	23.669985539263802	23.7534873046902	26.29559071969121	0.0
110.0	26.300567646107353	23.7048240241768	23.665561604671677	26.32904672504417	0.0
111.0	26.195222703632325	23.774224498090796	23.7048240241768	26.325728774100078	0.0
112.0	26.2151304092969	23.67551545750396	23.758187735194337	26.351166398004803	0.0
113.0	26.214577417472885	23.686575293984276	23.779477920418945	26.31936936812389	0.0
114.0	26.23476161904946	23.817634356276045	23.759846710666384	26.187757314008113	0.0
115.0	26.13964702531873	23.89726517893433	23.700123593672668	26.262964202074272	0.0
116.0	26.27402403855459	23.846942922948884	23.75625226381028	26.122780774686245	0.0
117.0	26.184715858976027	23.793302716019344	23.815975380803994	26.206006044200635	0.0
118.0	26.267388136666398	23.81708136445203	23.770077059410678	26.145453439470895	0.0
119.0	26.20407057281658	23.711459926064993	23.77671296129887	26.30775653981956	0.0
120.0	26.24941590238588	23.740768492737836	23.79772665061147	26.21208895426481	0.0
121.0	26.37743350964556	23.687128285808296	23.796620666963438	26.13881753758271	0.0
122.0	26.21595989703292	23.73192062355358	23.720860787073264	26.33125869234023	0.0
123.0	26.280732605594082	23.702954090491833	23.759082915823353	26.257230388090736	0.0
124.0	26.299607097136317	23.792328302001565	23.72237444942447	26.185690151437647	0.0
125.0	26.28854719949567	23.826337487246555	23.730945870095972	26.154169443161802	0.0
126.0	26.235183193379548	23.801176220114083	23.68919475650253	26.274445830003845	0.0
127.0	26.21748735715451	23.82606098980554	23.777673937627707	26.178777715412245	0.0
128.0	26.193155582345085	23.665692474016154	23.827996471892654	26.313155471746107	0.0
129.0	26.178501217971228	23.800899722673066	23.73260485474207	26.287994204613636	0.0
130.0	26.208362941600978	23.690577243707608	23.7912223122375	26.309837502453913	0.0
131.0	26.20172700301659	23.751683178172186	23.835185405359073	26.211404413452154	0.0
132.0	26.24790207566629	23.79924073802697	23.763296070694867	26.189561115611877	0.0
133.0	26.364031000893085	23.72596891615768	23.748088711438974	26.161911371510254	0.0
134.0	26.284952732762456	23.674263894687655	23.753895157700317	26.286888214849576	0.0
135.0	26.307349025484765	23.69914866437911	23.661821509841925	26.331680800294194	0.0
136.0	26.18347817190952	23.779885917155838	23.709655567137727	26.32698034379692	0.0
137.0	26.21776385459553	23.67619937677477	23.758872111638606	26.3471646569911	0.0
138.0	26.210021926247073	23.679517346066962	23.792328302001565	26.3181324256844	0.0
139.0	26.227513783435548	23.81810842047635	23.76723275065945	26.187145045428657	0.0
140.0	26.14373482716097	23.898569398284604	23.693960726194888	26.26373504835954	0.0
141.0	26.271200499908755	23.844375750001383	23.76114979013786	26.123273959951998	0.0
142.0	26.18272107414023	23.786864123251842	23.820043907915036	26.210370894692893	0.0
143.0	26.271476998114284	23.82225589355925	23.77359220938656	26.132674898939907	0.0
144.0	26.21230638213158	23.700043686716473	23.784099141196574	26.30355078995537	0.0
145.0	26.245762665000306	23.75147235294443	23.799030044295012	26.203734937760252	0.0
146.0	26.378205305447565	23.68317729617935	23.79515906941764	26.143458328955443	0.0
147.0	26.220120830049908	23.73163009967788	23.72803561306734	26.320213457204872	0.0
148.0	26.292359759334634	23.705151743054326	23.754645195540615	26.24784330207043	0.0
149.0	26.300450972314003	23.79176194413031	23.719042312871373	26.188744770684313	0.0
150.0	26.291602956343336	23.825495005018485	23.728719830339294	26.154182208298888	0.0
151.0	26.23574985552849	23.79342094712481	23.701069780430952	26.26975941691575	0.0
152.0	26.22358383356882	23.823283001025818	23.78595543364956	26.167177731755807	0.0
153.0	26.196210284159566	23.659594705568445	23.833513519491902	26.31068149078009	0.0
154.0	26.171325239242055	23.795632951117476	23.739503349803545	26.293538459836917	0.0
155.0	26.207823305121064	23.6869682549777	23.790655942133977	26.314552497767256	0.0
156.0	26.202293295139395	23.750839870265967	23.844297038956157	26.20256979563848	0.0
157.0	26.257593394956082	23.801162961099145	23.7502868692678	26.190956774676977	0.0
158.0	26.369023096086693	23.71793631087504	23.753881375755885	26.159159217282387	0.0
159.0	26.286625947359838	23.670931226030863	23.755816879249466	26.286625947359838	0.0
160.0	26.31704100225901	23.699134276937368	23.661253708562942	26.322571012240676	0.0
161.0	26.196210284159566	23.771024406699055	23.711023798397957	26.32174151074343	0.0
162.0	26.21915982558349	23.672590229025364	23.767706400710054	26.3405435446811	0.0
163.0	26.218883325084402	23.67784373850795	23.79342094712481	26.30985198928284	0.0
164.0	26.23001587117253	23.810906315841862	23.771643136409136	26.187434676576473	0.0
165.0	26.14817149714374	23.894409697452318	23.698370301552277	26.259048503851663	0.0
166.0	26.278403592304418	23.842980462420712	23.75615906564693	26.122456879627943	0.0
167.0	26.19683571953924	23.782150184426342	23.819754356277407	26.20125973975701	0.0
168.0	26.272044063241367	23.81339482721436	23.78519169832606	26.12936941121821	0.0
169.0	26.213149294092275	23.702241319242827	23.79155122738911	26.29305815927579	0.0
170.0	26.257665997533607	23.742610503730003	23.797634255188544	26.202089243547842	0.0
171.0	26.37158451814125	23.679291714363135	23.800122766561042	26.149001000934575	0.0
172.0	26.21764580643199	23.731892573432027	23.72415051664404	26.326311103491946	0.0
173.0	26.29126804180722	23.70873195819278	23.755184427362718	26.244815572637282	0.0
174.0	26.292999759441905	23.78732452393	23.723175698655364	26.196500017972728	0.0
175.0	26.291762636973708	23.826996297596896	23.734920103855313	26.146320961574087	0.0
176.0	26.23010200272634	23.791603646549078	23.70367502910216	26.27461932162242	0.0
177.0	26.20991713142563	23.826996297596896	23.79243316180801	26.170653409169464	0.0
178.0	26.201621978836297	23.656392659342966	23.83667397561778	26.305311386202952	0.0
179.0	26.17756603632724	23.788009080427035	23.74266224627202	26.291762636973708	0.0
180.0	26.208258100907766	23.689020259527673	23.794921707584813	26.307799931979748	0.0
181.0	26.20991713142563	23.749021863257173	23.83390892475467	26.207152080562523	0.0
182.0	26.25388144014909	23.79436869741219	23.753998954810772	26.19775090762795	0.0
183.0	26.366695515364004	23.716670768158778	23.752063419206596	26.16457029727062	0.0
184.0	26.281255443693887	23.67270645943532	23.759529056536994	26.286509040333794	0.0
185.0	26.314989064223838	23.695379876512828	23.66524082210492	26.32439023715841	0.0
186.0	26.193879836419594	23.777225382060905	23.715288242727226	26.313606538792282	0.0
187.0	26.22208335522332	23.668558883140655	23.762294107400106	26.34706365423592	0.0
188.0	26.212958687375053	23.67491850012581	23.79243316180801	26.319689650691124	0.0
189.0	26.232663083150836	23.802729665759728	23.773420045568162	26.19118720552127	0.0
190.0	26.145010728427014	23.893423584843056	23.700422500940117	26.26114318578981	0.0
191.0	26.275244984183864	23.835910367863384	23.75268210675338	26.13616254119937	0.0
192.0	26.190910699670404	23.778397150883713	23.825956157232287	26.204735992213596	0.0
193.0	26.280920437766486	23.816963174747134	23.766915338970396	26.13520104851598	0.0
194.0	26.221194843690377	23.70138308991467	23.78571784080917	26.291704225585782	0.0
195.0	26.254375729288213	23.735670005032432	23.80811493858771	26.20183932709164	0.0
196.0	26.370508828880645	23.665713637896996	23.80949747548762	26.15428005773474	0.0
197.0	26.217119725261504	23.71859213113122	23.72633435917855	26.33795378442872	0.0
198.0	26.278300686848134	23.722252330970104	23.75543340006415	26.244013582117613	0.0
199.0	26.29662298735521	23.79808157588393	23.72010584790309	26.185189588857767	0.0
200.0	26.29566236876087	23.833053596166447	23.72742631667722	26.143857718395463	0.0
201.0	26.239254083379187	23.78466413566746	23.702263797217743	26.273817983735608	0.0
202.0	26.217409698353926	23.82558779368946	23.789917848521632	26.167084659434973	0.0
203.0	26.221280855193847	23.656639448747267	23.826693838500866	26.295385857558017	0.0
204.0	26.17952766356329	23.78134600123324	23.75203581373099	26.28709052147248	0.0
205.0	26.218792254368182	23.68594963624951	23.788535292507376	26.306722816874927	0.0
206.0	26.21547411993397	23.752588836136695	23.828905928123678	26.203031115805658	0.0
207.0	26.264693114041513	23.794895050172958	23.746505589673966	26.19390624611156	0.0
208.0	26.370815659512342	23.716286091924147	23.759698710894078	26.153199537669437	0.0
209.0	26.282607854089356	23.673979526940713	23.759145683900833	26.284266935069102	0.0
210.0	26.3005812313699	23.70771417352881	23.670384851484602	26.321319743616684	0.0
211.0	26.185551616774415	23.788732628039575	23.717115632414018	26.308600122771992	0.0
212.0	26.23504753267007	23.676468148410322	23.753338900471732	26.335145418447876	0.0
213.0	26.215691587906402	23.67702117540357	23.79426289797205	26.313024338717973	0.0
214.0	26.237055676146497	23.807048348518574	23.77552572273915	26.180370252595775	0.0
215.0	26.14663551272657	23.893597312281383	23.705567614649723	26.25419956034232	0.0
216.0	26.266089673574918	23.834976288902098	23.776631779784044	26.122302257738944	0.0
217.0	26.18313539520801	23.78022646517994	23.82391571845318	26.212722421158873	0.0
218.0	26.259249427613895	23.822322505004923	23.776421010717723	26.14200705666346	0.0
219.0	26.206435057681034	23.702314983796217	23.79964827288715	26.291601685635595	0.0
220.0	26.244462755985197	23.743093999037722	23.810564038468986	26.201879206508096	0.0
221.0	26.36447094087523	23.667604979510124	23.807522356363474	26.16040172325117	0.0
222.0	26.21522449058597	23.71633747279761	23.745924826001477	26.322513210614947	0.0
223.0	26.279725694060392	23.715850016591087	23.758986837739187	26.245437451609334	0.0
224.0	26.296389493389817	23.78504530761339	23.723381604307058	26.19518359468973	0.0
225.0	26.287409750661574	23.828590547980433	23.73153189524302	26.15246780611497	0.0
226.0	26.24095432712914	23.778540359531796	23.700561612888063	26.279943700451003	0.0
227.0	26.211919687421364	23.821677538526203	23.791260296927582	26.17514247712485	0.0
228.0	26.202109862153826	23.65202483166729	23.837571031564973	26.308294274613907	0.0
229.0	26.175300236981897	23.782806230660537	23.761513808274177	26.280379724083392	0.0
230.0	26.21263110739953	23.68740511737102	23.794973329167025	26.30499044606242	0.0
231.0	26.199924231321226	23.755693020709185	23.843075876524704	26.201306871444885	0.0
232.0	26.25467678021829	23.804638481086865	23.74712065194247	26.193564086752374	0.0
233.0	26.373380232616018	23.709854932997075	23.767372921194827	26.149391913192083	0.0
234.0	26.288209365477037	23.665610326691112	23.76267193177482	26.28350837605703	0.0
235.0	26.308672495893546	23.70155906931471	23.654272646325207	26.335495788466538	0.0
236.0	26.19170081797216	23.78119936066544	23.711790634522963	26.315309186839443	0.0
237.0	26.227649560595758	23.667546028217	23.765160690879526	26.33964372030772	0.0
238.0	26.209675189283953	23.676118420688777	23.79336662739958	26.320839762627685	0.0
239.0	26.234911856204633	23.805599723470447	23.76771517455928	26.191773245765642	0.0
240.0	26.156079754431573	23.892038383894253	23.695417715218053	26.256464146456125	0.0
241.0	26.272283279036714	23.839720791827297	23.760903112330404	26.127092816805586	0.0
242.0	26.185076608219482	23.780629459594003	23.81768903147298	26.216604900713534	0.0
243.0	26.26652911419713	23.820731886082218	23.776755660901816	26.135983338818836	0.0
244.0	26.209080725240984	23.700609899456484	23.80046191931625	26.289847455986283	0.0
245.0	26.251528277983393	23.726619421439597	23.82315679993804	26.198695500638973	0.0
246.0	26.35926318322771	23.670473940597674	23.803806905098465	26.166455971076154	0.0
247.0	26.219957508962956	23.715310051785952	23.738270703315187	26.326461735935908	0.0
248.0	26.28515467225859	23.72148480941921	23.75883189385682	26.23452862446538	0.0
249.0	26.301272847487915	23.786285559364046	23.724593538106582	26.187848055041457	0.0
