# Position (bp)	A	C	G	T	N
0.0	26.236906837197676	23.736748770845942	23.876750396671273	26.14959399528511	0.0
1.0	26.333252042066725	23.751802709106727	23.752103787871945	26.1628414609546	0.0
2.0	26.037423414472592	23.770040193289073	23.827545198633125	26.364991193605203	0.0
3.0	26.25377079582608	23.793495866425015	23.744723896458915	26.208009441289988	0.0
4.0	26.194655098188562	23.78261537118377	23.652861361905305	26.36986816872236	0.0
5.0	26.232543297439033	23.77964892422459	23.70830184930414	26.279505929032236	0.0
6.0	26.213726670680316	23.80162552679109	23.623419626730886	26.361228175797713	0.0
7.0	26.22520024923919	23.780669514254495	23.62444350126877	26.369686735237547	0.0
8.0	26.162876450491403	23.836973044564512	23.729211504597927	26.27093900034616	0.0
9.0	26.192267867462917	23.849872375264884	23.72164563667887	26.23621412059333	0.0
10.0	26.17810660149054	23.740924906991584	23.850488218933986	26.23048027258389	0.0
11.0	26.09232214021696	23.76921872930638	23.92031978039178	26.21813935008488	0.0
12.0	26.17449462417376	23.721962026078476	23.73219596180936	26.371347387938403	0.0
13.0	26.356899478671274	23.718350048761693	23.7240690128466	26.200681459720432	0.0
14.0	26.384892302876338	23.747245867295955	23.784870631012435	26.082991198815268	0.0
15.0	26.261784075996005	23.753566827600324	23.76921872930638	26.21543036709729	0.0
16.0	26.29459286995678	23.806241496803402	23.750556846503006	26.148608786736823	0.0
17.0	26.150715773504942	23.83814729643498	23.783064642354045	26.228072287706034	0.0
18.0	26.199778465391237	23.753566827600324	23.919717784172313	26.126936922836126	0.0
19.0	26.345160552391732	23.6825312737036	23.71955404120062	26.252754132704048	0.0
20.0	26.24416819673118	23.898805044697948	23.66131896577672	26.19570779279415	0.0
21.0	26.310387382235202	23.838304788851097	23.68148571772567	26.169822111188033	0.0
22.0	26.141227462902204	23.75854076994853	23.87261836679409	26.227613400355175	0.0
23.0	26.148451374048097	23.818740029497636	23.714896306775426	26.317912289678837	0.0
24.0	26.202028715046804	23.820847003581854	23.740781988381542	26.236342292989796	0.0
25.0	26.258014026427475	23.71610029196641	23.870812389007614	26.1550732925985	0.0
26.0	26.33988501941426	23.727237154982994	23.746199921740963	26.18667790386178	0.0
27.0	26.06868735514553	23.748005899527435	23.82174999247509	26.36155675285194	0.0
28.0	26.276073804292206	23.772386599644825	23.748005899527435	26.20353369653553	0.0
29.0	26.21858351142281	23.768473647774133	23.651085091653375	26.361857749149685	0.0
30.0	26.24507118562442	23.76064774403275	23.684495680703126	26.309785389639707	0.0
31.0	26.234837311501067	23.796767299762216	23.604430665502814	26.363964723233906	0.0
32.0	26.247178159708636	23.75252084399362	23.63663726936159	26.36366372693616	0.0
33.0	26.16590915931734	23.837100803660118	23.70375944375884	26.293230593263704	0.0
34.0	26.214971555849864	23.83469283327815	23.72272221051681	26.227613400355175	0.0
35.0	26.203232700237788	23.713391325286697	23.828371911025496	26.25500406345002	0.0
36.0	26.12407067393071	23.74830689582518	23.892484122445293	26.235138307798817	0.0
37.0	26.196610781687387	23.721518225325827	23.726334166089757	26.35553682689703	0.0
38.0	26.364265719531648	23.702555458567858	23.720314240134847	26.212864581765643	0.0
39.0	26.359148782469976	23.73837401799958	23.78623242934112	26.11624477018933	0.0
40.0	26.26915088944406	23.738073021701833	23.75914276254402	26.233633326310084	0.0
41.0	26.285404689522316	23.811516118351744	23.738675014297325	26.164404177828615	0.0
42.0	26.160491225957923	23.837100803660118	23.779911507088464	26.222496463293503	0.0
43.0	26.21467055955212	23.727237154982994	23.926797700388285	26.131294585076603	0.0
44.0	26.335671071245827	23.695331547421965	23.706468410438553	26.262528970893655	0.0
45.0	26.25063208842014	23.89745719858412	23.631980062125262	26.219930650870477	0.0
46.0	26.307821040718533	23.828228466854487	23.69699487105396	26.166955621373017	0.0
47.0	26.131137277565074	23.730706253461438	23.8914373088685	26.246719160104988	0.0
48.0	26.168460593801925	23.832442389655423	23.689470008909435	26.309627007633217	0.0
49.0	26.198560042380027	23.807459847335597	23.74364901635002	26.25033109393436	0.0
50.0	26.259059934022012	23.726492330660502	23.859531893375713	26.15491584194178	0.0
51.0	26.327987671265863	23.711743600857233	23.748464928122516	26.211803799754392	0.0
52.0	26.078162248067617	23.748765922608296	23.81739266536637	26.355679163957717	0.0
53.0	26.27079871896747	23.751474872980328	23.75779575718173	26.219930650870477	0.0
54.0	26.215114739097977	23.771641503527654	23.64100989669869	26.37223386067567	0.0
55.0	26.25635098364998	23.753280839895012	23.676828240506634	26.31353993594837	0.0
56.0	26.248826121505452	23.777661393243278	23.594656745888415	26.378855739362855	0.0
57.0	26.269895735510122	23.75568879578126	23.598569674203567	26.375845794505043	0.0
58.0	26.160634737171616	23.83575332899901	23.71053962291411	26.293072310915267	0.0
59.0	26.21812468395579	23.821606588167306	23.730706253461438	26.22956247441547	0.0
60.0	26.193142141635967	23.711743600857233	23.8375592959137	26.257554961593105	0.0
61.0	26.130535288593514	23.751775867466108	23.886922391581784	26.230766452358594	0.0
62.0	26.210599821811265	23.706927689084736	23.717462496087073	26.36500999301693	0.0
63.0	26.374340822076142	23.708733655999424	23.709034650485204	26.207890871439236	0.0
64.0	26.348756290784753	23.742445038406895	23.80565388042091	26.10314479038744	0.0
65.0	26.260865900936697	23.74665896120783	23.77916636567218	26.213308772183293	0.0
66.0	26.274109658311062	23.811974764622313	23.72348238580269	26.190433191263935	0.0
67.0	26.142876062510535	23.833044378626983	23.782477305015775	26.241602253846708	0.0
68.0	26.231368441330154	23.739435093549087	23.89986515447037	26.12933131065039	0.0
69.0	26.363806015073806	23.677430229478198	23.703917744226928	26.254846011221073	0.0
70.0	26.247464136722915	23.9081490756515	23.633041771763274	26.211345015862314	0.0
71.0	26.331140100049964	23.814239361413943	23.688123431075688	26.16649710746041	0.0
72.0	26.138805781467276	23.722737588567096	23.912362973085237	26.22609365688039	0.0
73.0	26.17372093163252	23.83651281927798	23.677287694817508	26.31247855427199	0.0
74.0	26.21224799388383	23.79136391820223	23.739894170975877	26.256493916938062	0.0
75.0	26.260406821697963	23.72875744204386	23.857582306446663	26.153253429811517	0.0
76.0	26.345286755720366	23.721834610545578	23.73236935412992	26.200509279604134	0.0
77.0	26.09907474852062	23.748020973169513	23.824774104998284	26.328130173311582	0.0
78.0	26.27666042608523	23.759759687449208	23.749525936538703	26.214053949926857	0.0
79.0	26.22820060559726	23.783237116008596	23.64327552267378	26.345286755720366	0.0
80.0	26.258299872981087	23.753137848624764	23.690531372466396	26.29803090592775	0.0
81.0	26.257697887633412	23.775110313814963	23.600835555662574	26.36635624288905	0.0
82.0	26.266426675174724	23.740496156323555	23.615584196680654	26.377492971821066	0.0
83.0	26.161380232005154	23.847348555536158	23.701367108724575	26.289904103734113	0.0
84.0	26.21194700120999	23.817550280826165	23.740195163649716	26.23030755431413	0.0
85.0	26.18816857997676	23.70738696220134	23.849756496926865	26.254687960895033	0.0
86.0	26.112619418843348	23.743506083061938	23.918382826562002	26.225491671532712	0.0
87.0	26.193586448105854	23.721232625197903	23.729359427391536	26.355821499304703	0.0
88.0	26.347694697111073	23.704377035462958	23.71942666915487	26.228501598271098	0.0
89.0	26.360938374759957	23.744108068409613	23.790460940180715	26.10449261664971	0.0
90.0	26.268834616565435	23.729359427391536	23.77330435777193	26.228501598271098	0.0
91.0	26.284486235605026	23.793169874245258	23.73959317830204	26.182750711847675	0.0
92.0	26.168303063503433	23.819055244195354	23.795878808309805	26.2167628839914	0.0
93.0	26.23030755431413	23.729359427391536	23.896711354045642	26.14362166424869	0.0
94.0	26.346490726415716	23.678491665512862	23.71852369113336	26.256493916938062	0.0
95.0	26.26115171143404	23.909209116411226	23.645240130509638	26.184399041645097	0.0
96.0	26.321951865541358	23.825834647660095	23.70002046737861	26.15219301941993	0.0
97.0	26.14165833925282	23.727410635813094	23.90740317123972	26.22352785369436	0.0
98.0	26.155503918901026	23.830951492312693	23.6825629973874	26.33098159139888	0.0
99.0	26.19673966698371	23.814396994907234	23.73282847132761	26.256034866781448	0.0
100.0	26.25784081195295	23.73764432511829	23.857739679023346	26.14677518390542	0.0
101.0	26.343623207599414	23.72470171805584	23.715671992198317	26.21600308214643	0.0
102.0	26.084470075488507	23.721390818574747	23.836971309551043	26.3571677963857	0.0
103.0	26.282221071768262	23.752392877352243	23.75750972200484	26.207876328874658	0.0
104.0	26.224430826280116	23.77286025596263	23.6497549934384	26.352953924318857	0.0
105.0	26.275900263667996	23.75991764890018	23.67202831722029	26.292153770211534	0.0
106.0	26.262656665743627	23.785501872163163	23.59076078450258	26.361080677590625	0.0
107.0	26.290347825040033	23.727410635813094	23.621762843280077	26.360478695866796	0.0
108.0	26.178078233544827	23.832757437484197	23.703030375997784	26.286133952973188	0.0
109.0	26.218411009041766	23.808678168530804	23.740955224599382	26.231955597828048	0.0
110.0	26.177777242682915	23.717176946507905	23.858943642471015	26.24610216833817	0.0
111.0	26.117278079437504	23.746373060113896	23.914927942787656	26.221420917660943	0.0
112.0	26.182894087335505	23.72710964495118	23.737042343394453	26.352953924318857	0.0
113.0	26.341516271565997	23.704535330307372	23.72951757184652	26.224430826280116	0.0
114.0	26.383053010510597	23.710254156683803	23.799046460949448	26.107646371856152	0.0
115.0	26.265064592638964	23.720487845989	23.78911376250617	26.22533379886587	0.0
116.0	26.290648815901953	23.77767610975331	23.771054310791122	26.160620763553617	0.0
117.0	26.157309864072527	23.818008885250244	23.787307817334664	26.237373433342565	0.0
118.0	26.218110018179846	23.72680865408926	23.914325961063824	26.14075536666707	0.0
119.0	26.351147979147356	23.681660024801644	23.72259478202242	26.24459721402858	0.0
120.0	26.277563404106747	23.883768669070594	23.630934823046406	26.207733103776253	0.0
121.0	26.31940138577027	23.81634631013081	23.706483984179822	26.157768319919093	0.0
122.0	26.131581957295158	23.743807075735777	23.897915324740996	26.22669564222807	0.0
123.0	26.18335269719535	23.83109495114889	23.692337328509424	26.293215023146338	0.0
124.0	26.18696460928141	23.799791713069705	23.772702372424256	26.240541305224628	0.0
125.0	26.258299872981087	23.73236935412992	23.86871903537868	26.140611737510312	0.0
126.0	26.364851279519858	23.710095896265884	23.727553471348507	26.197499352865748	0.0
127.0	26.094258865739206	23.722436595893257	23.8398237386902	26.343480799677337	0.0
128.0	26.301341825339968	23.7392921856282	23.769391453012034	26.189974536019793	0.0
129.0	26.225491671532712	23.764274577556783	23.663141039147106	26.3470927117634	0.0
130.0	26.291409067103306	23.744409061083456	23.67668570946983	26.28749616234341	0.0
131.0	26.282078294214315	23.774809321141124	23.59963158496722	26.343480799677337	0.0
132.0	26.299535869296943	23.70558100615831	23.628526881655702	26.36635624288905	0.0
133.0	26.152350451790003	23.848251533557672	23.71400880102578	26.28538921362654	0.0
134.0	26.194489426127365	23.80942347863253	23.744409061083456	26.25167803415665	0.0
135.0	26.20984005249312	23.695347255247807	23.858184291794338	26.236628400464735	0.0
136.0	26.119542250341627	23.724242551936285	23.935539408970786	26.2206757887513	0.0
137.0	26.196295382170398	23.697153211290836	23.765478548252137	26.34107285828663	0.0
138.0	26.35762745534774	23.68782243840185	23.727854464022347	26.22669564222807	0.0
139.0	26.375988008451873	23.71792170578568	23.814239361413943	26.091850924348503	0.0
140.0	26.26191178506715	23.711299866961237	23.783237116008596	26.243551231963014	0.0
141.0	26.28027233817129	23.781732152639403	23.763672592209105	26.174322916980202	0.0
142.0	26.15656434922374	23.805209581198795	23.83290090719192	26.205325162385545	0.0
143.0	26.237531378486246	23.71972766182871	23.925305658060285	26.11743530162476	0.0
144.0	26.343179807003498	23.679394643534376	23.734476302846787	26.24294924661534	0.0
145.0	26.264176840280285	23.89173830335428	23.64131089118447	26.20277396518096	0.0
146.0	26.346649329384284	23.800837968648413	23.718967468515977	26.133545233451322	0.0
147.0	26.152507886055528	23.72318139131691	23.90558404970021	26.21872667292735	0.0
148.0	26.15551783091334	23.830034433769175	23.71475354571504	26.299694189602445	0.0
149.0	26.201569987237832	23.773146475956562	23.775554431842806	26.2497291049628	0.0
150.0	26.279226564569335	23.717161501601293	23.86434780514821	26.139264128681162	0.0
151.0	26.380661706277543	23.704218738712708	23.73522117074815	26.1798983842616	0.0
152.0	26.093512966842447	23.715957523658165	23.826723494425583	26.363806015073806	0.0
153.0	26.278624575597775	23.736425148691275	23.779768354643743	26.205181921067204	0.0
154.0	26.232572419273282	23.750571889522984	23.686159069565846	26.330696621637887	0.0
155.0	26.309627007633217	23.740338077006427	23.66388547761805	26.286149437742303	0.0
156.0	26.26628380168075	23.76381564689735	23.606094536348092	26.363806015073806	0.0
157.0	26.286149437742303	23.72257940234535	23.628067133810106	26.363204026102245	0.0
158.0	26.17959738977582	23.833345373112767	23.724987358231598	26.262069878879817	0.0
159.0	26.222338606756722	23.800235979676852	23.752076861951892	26.225348551614537	0.0
160.0	26.196152086493775	23.69398492619615	23.881203496351947	26.22865949095813	0.0
161.0	26.116689542247585	23.71415155674348	23.928459630619567	26.240699270389367	0.0
162.0	26.199162031351587	23.682547135736474	23.75809675166751	26.36019408124443	0.0
163.0	26.357184136386618	23.668400394904765	23.739134099063307	26.235281369645307	0.0
164.0	26.36561198198849	23.704519733198488	23.801138963134193	26.12872932167883	0.0
165.0	26.267186785138097	23.703014760769584	23.81077078667919	26.21902766741313	0.0
166.0	26.288256399142767	23.76953454212719	23.791507139589203	26.15070191914084	0.0
167.0	26.17086854968817	23.800837968648413	23.838161284885263	26.190132196778155	0.0
168.0	26.24792313804811	23.72047244094488	23.916419851188326	26.115184569818684	0.0
169.0	26.353873197043033	23.677731223963978	23.73702713766284	26.231368441330154	0.0
170.0	26.24416819673118	23.888270174276858	23.639948228636786	26.227613400355175	0.0
171.0	26.344098967582696	23.807302170183306	23.721518225325827	26.12708063690817	0.0
172.0	26.148752370345846	23.705565421545316	23.91084489660777	26.234837311501067	0.0
173.0	26.14694639255937	23.837702796255606	23.701652469674624	26.3136983415104	0.0
174.0	26.20353369653553	23.78201848117268	23.753423832886856	26.26102398940493	0.0
175.0	26.260121000511695	23.745296932847726	23.857869548204558	26.136712518436024	0.0
176.0	26.359148782469976	23.709177377118262	23.744694940252234	26.18697890015953	0.0
177.0	26.117749751678055	23.70375944375884	23.823555970261566	26.354934834301535	0.0
178.0	26.291725611774975	23.74559792914547	23.764259699605695	26.198416759473858	0.0
179.0	26.260722993107183	23.72693615868525	23.67937874364145	26.332962104566114	0.0
180.0	26.309484393341965	23.721518225325827	23.679077747343708	26.2899196339885	0.0
181.0	26.259519007916204	23.770279625560605	23.609547602564486	26.3606537639587	0.0
182.0	26.293832585859196	23.71128435120248	23.635433284170603	26.35944977876772	0.0
183.0	26.17072510008127	23.816934051711165	23.74830689582518	26.264033952382388	0.0
184.0	26.209553622490446	23.808807151672035	23.754627818077836	26.227011407759687	0.0
185.0	26.206543659512988	23.701351473376878	23.861481503777505	26.230623363332633	0.0
186.0	26.1180507479758	23.707672395629533	23.941847515275562	26.232429341119108	0.0
187.0	26.220690485507024	23.669144869518107	23.75643379586431	26.35373084911056	0.0
188.0	26.38051951960991	23.6592119916925	23.723926195707794	26.236342292989796	0.0
189.0	26.368178671402344	23.697438521506186	23.80519519609909	26.129187610992382	0.0
190.0	26.27517081539897	23.693224573337748	23.8178370406044	26.21376757065888	0.0
191.0	26.2899196339885	23.760045751437257	23.77810552930199	26.17192908527225	0.0
192.0	26.164705174126357	23.800379255335162	23.83740179995786	26.19751377058062	0.0
193.0	26.252596093068053	23.704361436354333	23.924690726304064	26.118351744273543	0.0
194.0	26.36577070102038	23.66733889173163	23.72693615868525	26.239954248562743	0.0
195.0	26.270814019287958	23.889316975089397	23.632866585597842	26.2070024200248	0.0
196.0	26.341548575074945	23.814067447656427	23.708116113030812	26.136267864237812	0.0
197.0	26.188039539111696	23.71022309979893	23.889015976979664	26.212721384109706	0.0
198.0	26.144394813200574	23.83694330399605	23.704203137604296	26.314458745199083	0.0
199.0	26.197972476732843	23.786074623451363	23.753867825710053	26.262085074105734	0.0
200.0	26.2564114913189	23.747802634430613	23.87001228116647	26.125773593084016	0.0
201.0	26.360861608110387	23.728237050593588	23.726732005683047	26.18416933561297	0.0
202.0	26.118562845411965	23.705043767232972	23.827254885434602	26.34913850192046	0.0
203.0	26.28430894455783	23.744589135525977	23.784323995641206	26.18677792427499	0.0
204.0	26.250150511739918	23.73570138470801	23.689042745334135	26.325105358217943	0.0
205.0	26.319401798937974	23.724247131211694	23.679996146853064	26.27635492299727	0.0
206.0	26.265676080844326	23.780983401265527	23.61421338133741	26.339127136552737	0.0
207.0	26.27594179164685	23.72225199135424	23.6445846604011	26.35722155659781	0.0
208.0	26.146065386236376	23.84580649045698	23.741646095490395	26.266482027816245	0.0
209.0	26.231576031983046	23.78769086267521	23.75307066133616	26.22766244400559	0.0
210.0	26.219405725983684	23.67823704729506	23.86789896739621	26.234458259325045	0.0
211.0	26.144013198299636	23.71298515191291	23.93516455726689	26.207837092520563	0.0
212.0	26.209041316939825	23.682578485326523	23.765669970255658	26.342710227477994	0.0
213.0	26.385794626621227	23.6765254880237	23.729813701995447	26.207866183359624	0.0
214.0	26.348210414759865	23.7177248422371	23.800821330507247	26.133243412495784	0.0
215.0	26.277789821037167	23.685779319314978	23.836018980176796	26.20041187947106	0.0
216.0	26.3023358042236	23.744633190218405	23.78287076902696	26.170160236531036	0.0
217.0	26.159205597909214	23.815201551227855	23.8356758319182	26.18991701894473	0.0
218.0	26.24141876430206	23.73931109237625	23.924184029868723	26.09508611345297	0.0
219.0	26.359908225389773	23.68134217356482	23.722291474716815	26.236458126328593	0.0
220.0	26.24957845546081	23.8853157970805	23.63871224165342	26.22639350580527	0.0
221.0	26.33057522763405	23.80612564436094	23.74199065375536	26.12130847424965	0.0
222.0	26.173556954021258	23.728885007979283	23.89057842281172	26.206979615187738	0.0
223.0	26.123744369233737	23.843133476260448	23.717871510129356	26.31525064437646	0.0
224.0	26.196957469616855	23.82171205569541	23.747937318574373	26.233393156113365	0.0
225.0	26.255992387559925	23.749126737491267	23.883428488834284	26.111452386114525	0.0
226.0	26.34260625515692	23.73207499442902	23.734182932925396	26.191135817488664	0.0
227.0	26.084403382398996	23.697872750487846	23.844527692789516	26.373196174323642	0.0
228.0	26.29554899716919	23.73215683912546	23.77552249593447	26.196771667770886	0.0
229.0	26.22465020749637	23.74734229974643	23.693134249248615	26.33487324350859	0.0
230.0	26.302379790751885	23.734060943363268	23.668407389337624	26.295151876547223	0.0
231.0	26.255556492513037	23.792931057329753	23.62668802929732	26.324824420859887	0.0
232.0	26.27605107818335	23.725755933020118	23.648656788338755	26.349536200457774	0.0
233.0	26.14475538796998	23.845305930682215	23.739594501801008	26.270344179546797	0.0
234.0	26.22269473215012	23.799441621766512	23.758783012531886	26.219080633551485	0.0
235.0	26.19590457460041	23.686786395164276	23.87381825081544	26.24349077941987	0.0
236.0	26.138092011143737	23.719599427753934	23.947293125517657	26.19501543558467	0.0
237.0	26.206346098820838	23.69109829375179	23.776034215321598	26.32652139210578	0.0
238.0	26.360271195833874	23.709756604449854	23.755237025279282	26.174735174436993	0.0
239.0	26.335890508332653	23.74407768510905	23.809437752818464	26.11059405373983	0.0
240.0	26.29186746987952	23.677409638554217	23.85301204819277	26.177710843373493	0.0
241.0	26.284764162452145	23.77261760249648	23.792497899014116	26.150120336037254	0.0
242.0	26.17220801364024	23.8071569079314	23.85746432541368	26.16317075301468	0.0
243.0	26.239158399585467	23.742314099879795	23.941447073106804	26.07708042742793	0.0
244.0	26.346663131603766	23.703500616125307	23.74568034394555	26.204155908325372	0.0
245.0	26.253419787159675	23.89150687573066	23.671857110144266	26.1832162269654	0.0
246.0	26.327524956535104	23.82117471231812	23.759706156196422	26.091594174950355	0.0
247.0	26.156548779495647	23.748986805114036	23.915617815355965	26.17884660003435	0.0
248.0	26.10398806743706	23.84704623868139	23.740979012550284	26.307986681331265	0.0
249.0	26.184600271798903	23.811030455338496	23.799278617983926	26.20509065487867	0.0
