# Position (bp)	A	C	G	T	N
0.0	26.218283551021088	23.793928426708703	23.65154786817725	26.336240154092955	0.0
1.0	26.147509589177968	23.725097279504414	23.755349678880496	26.372043452437122	0.0
2.0	26.141715674982585	23.774329541259963	23.709386006055848	26.374568777701608	0.0
3.0	26.23707420502545	23.75210226295077	23.765701059596033	26.245122472427745	0.0
4.0	26.206829566110258	23.723931232568788	23.861299587894933	26.207939613426024	0.0
5.0	26.26486030480969	23.7087768762002	23.76039250074926	26.26597031824085	0.0
6.0	26.35547058186934	23.74983697446812	23.670752248364888	26.22394019529765	0.0
7.0	26.332117041497288	23.821746188104388	23.71991065110923	26.126226119289093	0.0
8.0	26.29709684490332	23.837336744348654	23.646993210340703	26.218573200407324	0.0
9.0	26.236057932412187	23.83191831751845	23.755340991065978	26.176682759003384	0.0
10.0	26.211396910920538	23.75184154526109	23.7496219803513	26.287139563467072	0.0
11.0	26.251626524910453	23.617002976991436	23.807330668005804	26.324039830092303	0.0
12.0	26.19696973900691	23.726593994412244	23.820648057464535	26.25578820911631	0.0
13.0	26.21722326880873	23.847282836381996	23.835630120605607	26.099863774203662	0.0
14.0	26.334305317800077	23.707172801451595	23.75794534876301	26.20057653198532	0.0
15.0	26.125111325052508	23.741576057553317	23.78763202943143	26.345680587962743	0.0
16.0	26.33201269587606	23.65078572379811	23.748446308873795	26.268755271452036	0.0
17.0	26.3078749944511	23.832789541439162	23.715152927597995	26.14418253651174	0.0
18.0	26.18052781107116	23.820859413148664	23.66521285568429	26.333399920095886	0.0
19.0	26.199116615616813	23.821414302836597	23.64495938207484	26.33450969947175	0.0
20.0	26.188778496974475	23.841046741003183	23.771963166524706	26.19821159549764	0.0
21.0	26.195992042903953	23.777512048008923	23.772240610598917	26.254255298488204	0.0
22.0	26.21291613143081	23.81885121506632	23.790551919496828	26.177680734006042	0.0
23.0	26.235389101441875	23.79110680764525	23.75087741688469	26.22262667402818	0.0
24.0	26.36384570780145	23.642951672016714	23.70842847353045	26.28477414665139	0.0
25.0	26.216522904395546	23.79110680764525	23.66098553684041	26.33138475111879	0.0
26.0	26.157982204737078	23.71314502279203	23.764472176521018	26.36440059594987	0.0
27.0	26.145774665471805	23.771130834302078	23.715087131311506	26.368007368914608	0.0
28.0	26.24759664070715	23.737837545396786	23.763084956149964	26.251480857746103	0.0
29.0	26.199321371794483	23.72812700279941	23.876004694353735	26.19654693105237	0.0
30.0	26.252590634042942	23.710925470198344	23.765859396892072	26.270624498866642	0.0
31.0	26.345811842977753	23.75420674577522	23.663482533508308	26.23649887773872	0.0
32.0	26.33027497482195	23.81441210987895	23.731178887615727	26.124134027683372	0.0
33.0	26.295871909619816	23.827729425441067	23.650442662020403	26.22595600291871	0.0
34.0	26.234001881070824	23.82495498469896	23.758645850962594	26.182397283267626	0.0
35.0	26.19488226660711	23.759478183185223	23.758090962814173	26.287548587393495	0.0
36.0	26.243157535519778	23.6193689257088	23.812470001359475	26.325003537411945	0.0
37.0	26.186836388455	23.72479767390888	23.826064760995802	26.262301176640317	0.0
38.0	26.22290411810239	23.84798284285845	23.829948978034754	26.099164061004405	0.0
39.0	26.332217083341426	23.705099144639917	23.762807512075753	26.1998762599429	0.0
40.0	26.136896455097062	23.740889430213105	23.781118820973663	26.341095293716172	0.0
41.0	26.34185454202434	23.653151478495367	23.74443032566295	26.260563653817343	0.0
42.0	26.310503448620278	23.830715193350237	23.716408551912416	26.14237280611707	0.0
43.0	26.18648629152633	23.81601069821382	23.659810117802426	26.337692892457426	0.0
44.0	26.207017096056422	23.81906257456289	23.647325169101695	26.326595160279	0.0
45.0	26.18946550695687	23.8331460596224	23.773495914658678	26.20389251876205	0.0
46.0	26.199175995671897	23.770721489311526	23.765450081151943	26.264652433864637	0.0
47.0	26.211660909734068	23.809008559102196	23.791252236880435	26.188078294283297	0.0
48.0	26.240237490809715	23.782096633234843	23.755184707367487	26.222481168587958	0.0
49.0	26.36980315452162	23.642543038273196	23.704690166049357	26.282963641155828	0.0
50.0	26.2288623468864	23.794026662227587	23.657802377682522	26.31930861320349	0.0
51.0	26.16394079376309	23.71412321222967	23.762398213270075	26.359537780737163	0.0
52.0	26.15339797744392	23.770444046776813	23.713568327160235	26.36258964861903	0.0
53.0	26.260213353309197	23.73437651726386	23.765172638617226	26.240237490809715	0.0
54.0	26.213325564942362	23.735763729937435	23.870045916739496	26.18086478838071	0.0
55.0	26.25993591077448	23.706354821257648	23.75435237976334	26.279356888204532	0.0
56.0	26.357873125528876	23.762398213270075	23.655860279939517	26.223868381261532	0.0
57.0	26.331793527265667	23.831203961879396	23.714955539833813	26.122046971021128	0.0
58.0	26.301274848447015	23.82537766865038	23.643930250946774	26.229417231955832	0.0
59.0	26.2288623468864	23.824822783580952	23.763507983408935	26.18280688612371	0.0
60.0	26.19390458751231	23.756017034971634	23.765450081151943	26.284628296364115	0.0
61.0	26.246341226573445	23.621457405634857	23.817331835143644	26.31486953264805	0.0
62.0	26.194182030047024	23.73382163219443	23.828429536532244	26.243566801226297	0.0
63.0	26.219429300706093	23.84035956552499	23.839527237920848	26.10068389584807	0.0
64.0	26.32985142952266	23.696644332542622	23.77932220788769	26.194182030047024	0.0
65.0	26.13231234480558	23.744364448513604	23.789587581672148	26.33373562500867	0.0
66.0	26.33837907423232	23.65357511458345	23.741246712315085	26.266799098869146	0.0
67.0	26.306195829495387	23.82475668357212	23.720161138177094	26.148886348755397	0.0
68.0	26.181069593492325	23.826698775926932	23.653852556348422	26.33837907423232	0.0
69.0	26.220188882353597	23.811994362383334	23.639148142804824	26.328668612458245	0.0
70.0	26.191539714291263	23.827742434877663	23.777803055735124	26.202914795095957	0.0
71.0	26.203192236091187	23.771699353839924	23.770589589858975	26.25451882020991	0.0
72.0	26.21068314296257	23.80305018630163	23.799720894358792	26.186545776377006	0.0
73.0	26.246195590352823	23.788068372558865	23.747007105263886	26.218728931824426	0.0
74.0	26.35994639839972	23.639637440107425	23.71510139081171	26.285314770681147	0.0
75.0	26.21678684485777	23.798888571373084	23.66127783773586	26.323046746033285	0.0
76.0	26.171841403629482	23.705390955978437	23.768370061897087	26.354397578494993	0.0
77.0	26.154640061924827	23.763376123982834	23.716211154792653	26.365772659299687	0.0
78.0	26.25451882020991	23.72841855858305	23.767537738911376	26.249524882295656	0.0
79.0	26.212070347938756	23.72481182564498	23.875462286058312	26.18765554035796	0.0
80.0	26.259512758124163	23.70289398702131	23.760879155025705	26.27671409982882	0.0
81.0	26.34496458465696	23.755052894125743	23.662942483707276	26.237040037510024	0.0
82.0	26.332202298876084	23.81969664601581	23.716766036783127	26.13133501832498	0.0
83.0	26.30029658442391	23.82108385099199	23.643521614040733	26.235097950543366	0.0
84.0	26.22621983869581	23.82691011189195	23.764485887963776	26.182384161448464	0.0
85.0	26.202082472110245	23.747284546259124	23.768647502892325	26.281985478738306	0.0
86.0	26.23925956547191	23.629649564278917	23.81747711805392	26.313613752195252	0.0
87.0	26.186545776377006	23.73535458346396	23.840504720658533	26.237594919500495	0.0
88.0	26.22954913063864	23.83301381378715	23.83773031070617	26.099706744868033	0.0
89.0	26.327485801957067	23.698177490102292	23.78251955265414	26.1918171552865	0.0
90.0	26.127728285386905	23.746452223273415	23.792229987487413	26.333589503852266	0.0
91.0	26.34849821605935	23.65177922416615	23.744444259484293	26.255278300290204	0.0
92.0	26.307437062684848	23.82212752262525	23.729185047081604	26.141250367608297	0.0
93.0	26.187305445041865	23.81047503315411	23.66703843656884	26.335181085235188	0.0
94.0	26.221430592778788	23.800487185035983	23.647062740332593	26.331019481852636	0.0
95.0	26.189452306770356	23.825390704113595	23.779890633366534	26.20526635574952	0.0
96.0	26.201104763912898	23.76685097894512	23.781000391189632	26.25104386595235	0.0
97.0	26.218583449626703	23.80125347146119	23.80486018438626	26.175302894525842	0.0
98.0	26.242165803367563	23.783219906835832	23.751314369421735	26.223299920374878	0.0
99.0	26.357580616969862	23.63534467690788	23.72135090819806	26.2857237979242	0.0
100.0	26.21303466051121	23.803195547651615	23.662533743573807	26.32123604826337	0.0
101.0	26.17696753126049	23.705259419763124	23.76740585785667	26.350367191119716	0.0
102.0	26.156714450988932	23.76574122112202	23.72246066602116	26.35508366186789	0.0
103.0	26.247992031938832	23.725789939490454	23.772954646972163	26.25326338159855	0.0
104.0	26.218306010170934	23.726344818402005	23.875329806153054	26.180019365274017	0.0
105.0	26.264638399285317	23.69360696262058	23.764354023843147	26.277400614250958	0.0
106.0	26.348702554385067	23.747985095952437	23.663088622485358	26.24022372717714	0.0
107.0	26.330946429215484	23.822893749011623	23.72329298438848	26.12286683738441	0.0
108.0	26.308196393841953	23.8176223993519	23.648661770785072	26.225519436021074	0.0
109.0	26.218028570715155	23.83204925105219	23.76851561567977	26.18140656255289	0.0
110.0	26.204988916293743	23.740494230646515	23.776838799353012	26.277678053706733	0.0
111.0	26.241888363911787	23.63062820615971	23.817899838807676	26.309583591120827	0.0
112.0	26.196110853708948	23.7307838496944	23.84259195037163	26.23051334622502	0.0
113.0	26.22884870949037	23.833713887786836	23.83149437214064	26.10594303058215	0.0
114.0	26.322900684998018	23.698323433368753	23.786549180305126	26.192226701328103	0.0
115.0	26.12841562649991	23.74354606466004	23.800143713638093	26.32789459520196	0.0
116.0	26.350294085007214	23.647486405504385	23.741538120075464	26.260681389412937	0.0
117.0	26.316446565309064	23.813949617134615	23.7312728886916	26.138330928864722	0.0
118.0	26.193263788702698	23.800077682832093	23.668294306958163	26.33836422150705	0.0
119.0	26.214349128842525	23.800077682832093	23.65248030185329	26.333092886472087	0.0
120.0	26.183903517654862	23.826500461936696	23.78821381703978	26.201382203368667	0.0
121.0	26.201659642824442	23.76685097894512	23.776561359897237	26.254928018333203	0.0
122.0	26.224409678197976	23.80291810819584	23.80291810819584	26.169754105410348	0.0
123.0	26.25076642649658	23.773509525883714	23.760747310918077	26.214976736701633	0.0
124.0	26.361742208806483	23.637286753098305	23.72662225785778	26.274348780237432	0.0
125.0	26.22385479928643	23.796814440168795	23.664753259220006	26.31457750132477	0.0
126.0	26.179741925818238	23.702762464661152	23.775174162618363	26.34232144690225	0.0
127.0	26.165592513573728	23.75880523472765	23.710253329967067	26.365348921731556	0.0
128.0	26.244662758469534	23.72218322656538	23.77628392044146	26.25687009452362	0.0
129.0	26.222817793906305	23.724746003473552	23.8828869320105	26.16954927060965	0.0
130.0	26.26887287133987	23.69145317641314	23.762200433916515	26.277473518330474	0.0
131.0	26.346556134480824	23.750825384670872	23.672032360627902	26.2305861202204	0.0
132.0	26.332961563431155	23.819908000821226	23.71919719896348	26.127933236784134	0.0
133.0	26.309934024714376	23.811029913605115	23.657328028676222	26.221708033004287	0.0
134.0	26.22642451683785	23.824901924880283	23.767194357975573	26.181479200306295	0.0
135.0	26.20561649992509	23.73834057452322	23.7771822060937	26.27886071945799	0.0
136.0	26.243070930368052	23.620428478684268	23.819075680144714	26.317424910802966	0.0
137.0	26.191467048424418	23.720861840316505	23.84959410495009	26.23807700630899	0.0
138.0	26.235302604053956	23.832392810968877	23.837941615478943	26.09436296949822	0.0
139.0	26.334348764558673	23.693395257991664	23.782453570378262	26.189802407071394	0.0
140.0	26.135146682647225	23.746663781288323	23.791054217368867	26.32713531869559	0.0
141.0	26.34746155361409	23.643521614040733	23.742013167349636	26.26700366499555	0.0
142.0	26.310284460252415	23.819974087011044	23.72675391261164	26.142987540124903	0.0
143.0	26.195701329219805	23.803327627296863	23.676537092473858	26.324433951009468	0.0
144.0	26.220393577795843	23.80915388819683	23.656283899821606	26.314168634185727	0.0
145.0	26.19688377409582	23.823092032982277	23.785359952945875	26.194664239976028	0.0
146.0	26.19383191468111	23.770932981167253	23.780366001176354	26.254869102975288	0.0
147.0	26.21602725587899	23.81615598885794	23.800064366489472	26.167752388773597	0.0
148.0	26.251817243560577	23.7714878646972	23.764274378807887	26.212420512934337	0.0
149.0	26.36092499341074	23.638658842787187	23.731602091916713	26.26881407188536	0.0
150.0	26.22775257674754	23.798465742783026	23.666403096258687	26.307378584210745	0.0
151.0	26.188633179352728	23.69553456240376	23.774883127332252	26.340949130911262	0.0
152.0	26.17032197206154	23.760733558061787	23.720781833062826	26.34816263681385	0.0
153.0	26.251335192198315	23.721336718132257	23.774883127332252	26.252444962337172	0.0
154.0	26.210623859014408	23.71835065504364	23.885926410937923	26.185099075004022	0.0
155.0	26.266667406515477	23.69116121120649	23.767458119933192	26.27471326234484	0.0
156.0	26.34906806794032	23.743597995749568	23.677289045983454	26.23004489032666	0.0
157.0	26.32271095401655	23.815178368300437	23.734164923397906	26.127945754285115	0.0
158.0	26.308283902184588	23.81157160534245	23.662307107542574	26.217837384930387	0.0
159.0	26.22560579745529	23.814900924995978	23.78244005837407	26.177053219174663	0.0
160.0	26.211733632232253	23.73194537696222	23.77550397576255	26.280817015042977	0.0
161.0	26.238090746156022	23.620413168569	23.823779110738723	26.317716974536253	0.0
162.0	26.20368777640289	23.71391156217227	23.855962534056165	26.226438127368674	0.0
163.0	26.239200519373867	23.83820616257068	23.837096389352837	26.085496928702618	0.0
164.0	26.335473346021743	23.684502571899433	23.784104718200837	26.19591936387799	0.0
165.0	26.137378826636777	23.752753624796775	23.790763357507892	26.319104191058557	0.0
166.0	26.34525695482933	23.63851256682934	23.749767640587848	26.26646283775348	0.0
167.0	26.321951652595626	23.801094794316835	23.725352562057303	26.151600991030232	0.0
168.0	26.205702585501328	23.797488021352095	23.67208329980884	26.324726093337738	0.0
169.0	26.217077792543968	23.798042909500516	23.663482533508308	26.321396764447208	0.0
170.0	26.18829626670218	23.82391130643228	23.79117281484441	26.19661961202113	0.0
171.0	26.203278288276287	23.768977227327206	23.779242686553914	26.24850179784259	0.0
172.0	26.218537754694367	23.80005104985129	23.80116082922715	26.18025036622719	0.0
173.0	26.254050694721887	23.768699782483242	23.76231855107205	26.214930971722822	0.0
174.0	26.356778412511687	23.635591833110915	23.73297524352789	26.27465451084951	0.0
175.0	26.22027517055969	23.800949418890163	23.664446176938167	26.314329233611982	0.0
176.0	26.186704251299137	23.68886139094584	23.778476324178552	26.345958033576466	0.0
177.0	26.174496644295303	23.75017687157875	23.73020078739065	26.3451256967353	0.0
178.0	26.253846089820243	23.713554050567236	23.78041844347462	26.252181416137905	0.0
179.0	26.21701856116306	23.710845379130483	23.87953278029021	26.192603279416254	0.0
180.0	26.265294231889687	23.700857309324974	23.774380600948867	26.259467857836473	0.0
181.0	26.351580057153956	23.735260660877287	23.690869239519465	26.2222900424493	0.0
182.0	26.334100934994314	23.809061398884666	23.726937269372694	26.12990039674833	0.0
183.0	26.31440224176678	23.796853758011263	23.670060760757984	26.218683239463974	0.0
184.0	26.229503648419943	23.815165219321365	23.771883583497488	26.1834475487612	0.0
185.0	26.22145770329884	23.72555003745526	23.774658047332352	26.278334211913545	0.0
186.0	26.24448575312821	23.611519573842354	23.834586466165415	26.30940820686402	0.0
187.0	26.19759731431901	23.712232611047916	23.857891962378268	26.232278112254807	0.0
188.0	26.24947978803096	23.829869877646146	23.83569625169936	26.084954082623536	0.0
189.0	26.344921343950283	23.69170157866992	23.77327081541492	26.190106261964875	0.0
190.0	26.145992286990538	23.74968787281858	23.792969508642457	26.31135033154843	0.0
191.0	26.33722591689348	23.645433636028176	23.757522285942585	26.259818161135755	0.0
192.0	26.31419780317344	23.810514692214	23.73255204214977	26.142735462462785	0.0
193.0	26.194895527274443	23.792480627252523	23.674010692813287	26.338613152659747	0.0
194.0	26.230276866050545	23.78595388247828	23.656385342940457	26.327383908530717	0.0
195.0	26.184293031024396	23.82264320554011	23.790736517343365	26.20232724609212	0.0
196.0	26.202049796629545	23.754945536670498	23.788794371105304	26.25421029559466	0.0
197.0	26.218419314921785	23.801557046384	23.812655024887217	26.167368613806996	0.0
198.0	26.254487745057236	23.771315054962738	23.76382391947307	26.210373280506953	0.0
199.0	26.363875979746133	23.627106887702016	23.72726642158563	26.28175071096622	0.0
200.0	26.223208711937296	23.79413192758549	23.66123326628286	26.321426094194354	0.0
201.0	26.194076437539017	23.69702434625789	23.776097662481792	26.332801553721303	0.0
202.0	26.16549906360547	23.74557813692169	23.74363598529514	26.345286814177705	0.0
203.0	26.245959630991187	23.709509606714295	23.78886037317056	26.255670389123953	0.0
204.0	26.215235389430227	23.707078329966926	23.892415599405144	26.185270681197704	0.0
205.0	26.267118726832837	23.699309701906643	23.771169511464272	26.26240205979624	0.0
206.0	26.343695203427075	23.739817548220984	23.682940092779614	26.233547155572325	0.0
207.0	26.329340802335032	23.808968905979917	23.726565729712032	26.135124561973015	0.0
208.0	26.31505933339067	23.787459665224834	23.67398126080334	26.22349974058115	0.0
209.0	26.232100793239017	23.801609784113577	23.77996842581315	26.186320996834255	0.0
210.0	26.222389927334977	23.72198068370045	23.780523332436236	26.275106056528337	0.0
211.0	26.245141098881586	23.601565946490354	23.840175794418194	26.313117160209863	0.0
212.0	26.202690742215353	23.710605097927147	23.864036779210977	26.22266738064652	0.0
213.0	26.248193085308568	23.83684635467967	23.83712380799121	26.077836752020556	0.0
214.0	26.341694851298897	23.694235352546052	23.772754639713003	26.19131515644205	0.0
215.0	26.144425546791112	23.73779552245846	23.796060717882696	26.32171821286773	0.0
216.0	26.342045391487705	23.647966261583708	23.751734088008433	26.25825425892015	0.0
217.0	26.307086177237665	23.822762332833918	23.720104322734585	26.15004716719383	0.0
218.0	26.206092891626437	23.797791465512457	23.67071749625437	26.325398146606737	0.0
219.0	26.23613072562767	23.784262205932542	23.654690790441123	26.32491627799866	0.0
220.0	26.19680482106887	23.823726894883162	23.787935119777593	26.191533164270375	0.0
221.0	26.212897247085326	23.756860090228567	23.790154764745377	26.24008789794072	0.0
222.0	26.228857764361184	23.8016625233064	23.801107608985173	26.16837210334724	0.0
223.0	26.253273994495252	23.77447172156619	23.762818520820385	26.209435763118172	0.0
224.0	26.37542832568012	23.629427188102603	23.7268149216875	26.26832956452978	0.0
225.0	26.22643341703314	23.800896189115324	23.665774176990414	26.30689621686112	0.0
226.0	26.199242539849894	23.69934658657381	23.777034807097376	26.324376066478923	0.0
227.0	26.172474355808472	23.745813830244746	23.741929397663235	26.33978241628354	0.0
228.0	26.241561763865345	23.72167485634536	23.78327085870931	26.253492521079984	0.0
229.0	26.228316482248093	23.695936872246207	23.897373006448174	26.178373639057522	0.0
230.0	26.27770440495877	23.6964917927261	23.77029621655217	26.25550758576296	0.0
231.0	26.353801632025657	23.739841458779004	23.686291483889228	26.22006542530611	0.0
232.0	26.33334258205932	23.819538858522236	23.72076246497045	26.12635609444799	0.0
233.0	26.331677811381482	23.787353292084017	23.66804472683888	26.212924169695622	0.0
234.0	26.218195943508782	23.822036014538998	23.79096029521933	26.168807746732885	0.0
235.0	26.223745179101577	23.731860936156043	23.785965983185818	26.25842790155656	0.0
236.0	26.237340806303934	23.60672567353847	23.847007574706584	26.308925945451012	0.0
237.0	26.191837074442997	23.71604561471657	23.868927055298133	26.2231902555423	0.0
238.0	26.235676035626092	23.83341194750423	23.848117421825144	26.082794595044533	0.0
239.0	26.33778197053356	23.695790904802863	23.767376043949945	26.19905108071363	0.0
240.0	26.14076221923168	23.7392305664618	23.796945018660082	26.323062195646447	0.0
241.0	26.33755019021641	23.643442042960327	23.754158816135234	26.264848950688023	0.0
242.0	26.30281973509309	23.807211262290032	23.729232169567062	26.160736833049814	0.0
243.0	26.202634222693387	23.796255696104172	23.666376195418696	26.334733885783745	0.0
244.0	26.236824138677502	23.7715018400413	23.65660333372188	26.33507068755932	0.0
245.0	26.190496015720626	23.809920314412516	23.797430410418247	26.202153259448615	0.0
246.0	26.202966614484453	23.757064028689115	23.797866080449435	26.242103276376998	0.0
247.0	26.23646124209603	23.790741182805846	23.808506031721357	26.164291543376766	0.0
248.0	26.24769254257519	23.77132229454954	23.77243265000208	26.208552512873183	0.0
249.0	26.376011814214813	23.62426577541888	23.73613439779705	26.26358801256926	0.0
