# Position (bp)	A	C	G	T	N
0.0	26.26373686335709	23.773094845743344	23.73244355199546	26.230724738904104	0.0
1.0	26.21108116071721	23.793829733829515	23.853306123339845	26.141782982113433	0.0
2.0	26.361781187421908	23.816097473140868	23.737252484026385	26.084868855410843	0.0
3.0	26.24824718868161	23.704556490994506	23.72719981230596	26.31999650801792	0.0
4.0	26.299148586752217	23.700715012535227	23.765914553137627	26.234221847574936	0.0
5.0	26.255847893394442	23.69136762278871	23.77838700437825	26.274397479438605	0.0
6.0	26.2582480680631	23.81772008259661	23.808991246614166	26.115040602726125	0.0
7.0	26.132733972881482	23.89986170703167	23.678101976743868	26.289302343342978	0.0
8.0	26.106465039905295	23.83107212411829	23.75142518916147	26.31103764681494	0.0
9.0	26.157505270996023	23.731074192167014	23.847813457200605	26.263607079636365	0.0
10.0	26.23873228872615	23.749676117225107	23.75404001145522	26.257551582593518	0.0
11.0	26.224549632478283	23.794951519862536	23.78458727106602	26.19591157659316	0.0
12.0	26.128543959415783	23.771222844986294	23.913867637633132	26.18636555796479	0.0
13.0	26.335283448567417	23.882774891243574	23.689399828171666	26.092541832017346	0.0
14.0	26.30991831335488	23.662125489233453	23.955597376208594	26.072358821203075	0.0
15.0	26.197275293540073	23.657216108224578	23.780496120225287	26.365012478010065	0.0
16.0	26.15227263429203	23.81349807034052	23.823316832358277	26.21091246300918	0.0
17.0	26.34264752008073	23.72649292912763	23.763040543304832	26.167819007486802	0.0
18.0	26.231640960602213	23.775041252437646	23.785405501234163	26.207912285725975	0.0
19.0	26.023265011114294	23.82631700964148	23.770677358207532	26.379740621036696	0.0
20.0	26.267643088000654	23.758949392464103	23.702764254251388	26.270643265283855	0.0
21.0	26.28237123102729	23.776677712773935	23.770677358207532	26.17027369799125	0.0
22.0	26.21636733079682	23.70794637864965	23.804770281880295	26.27091600867324	0.0
23.0	26.258642556151045	23.803952051712145	23.696218412906216	26.24118697923059	0.0
24.0	26.252642201584642	23.804770281880295	23.683399473605256	26.25918804292981	0.0
25.0	26.262733706991774	23.772859305322587	23.730584079968363	26.233822907717276	0.0
26.0	26.20545759522154	23.79276957274748	23.85004568451772	26.15172714751326	0.0
27.0	26.363576856150072	23.816160547230844	23.73651969474643	26.083742901872654	0.0
28.0	26.25120688620631	23.703517834641588	23.7179731948528	26.327302084299298	0.0
29.0	26.30957381234215	23.70079040818664	23.76570315781435	26.22393262165686	0.0
30.0	26.248479459751366	23.695335555276753	23.776612863634135	26.279572121337747	0.0
31.0	26.25857093763467	23.81070569432095	23.81070569432095	26.120017673723428	0.0
32.0	26.12792721044277	23.888437348286903	23.686062305329937	26.29757313594039	0.0
33.0	26.11429007816804	23.832525105960517	23.74497471675676	26.308210099114675	0.0
34.0	26.15403917119191	23.73672769721285	23.843369780742783	26.265863350852452	0.0
35.0	26.236134483576844	23.75227398560468	23.75636511412885	26.25522641668962	0.0
36.0	26.218406259972127	23.793185270846344	23.78500301379801	26.203405455383518	0.0
37.0	26.12594675532597	23.77654801484807	23.915100900866502	26.182404328959464	0.0
38.0	26.33268511674717	23.892463323032782	23.68436125210352	26.090490308116525	0.0
39.0	26.30213802376673	23.680270123579355	23.94482976814211	26.072762084511808	0.0
40.0	26.190313844106182	23.658450771450468	23.78500301379801	26.36623237064534	0.0
41.0	26.156221106404796	23.809277043041398	23.82782349235095	26.20667835820285	0.0
42.0	26.34223108330356	23.726636246853243	23.76100172645624	26.170130943386965	0.0
43.0	26.24431674062518	23.773820595831957	23.779275433864182	26.20258722967868	0.0
44.0	26.023668542221813	23.82427784763001	23.773820595831957	26.378233014316223	0.0
45.0	26.26177222232829	23.76236543596429	23.70945350705174	26.266408834655675	0.0
46.0	26.27759125262173	23.77654801484807	23.773002370127124	26.172858362403073	0.0
47.0	26.205860132498017	23.713544635575907	23.80654962402529	26.27404560790079	0.0
48.0	26.245680450133236	23.81227720395912	23.69908931479052	26.24295303111712	0.0
49.0	26.248135127247735	23.80764059163173	23.684906735906743	26.25931754521379	0.0
50.0	26.2497715786574	23.777911724356123	23.726363504951628	26.245953192034843	0.0
51.0	26.199859810662574	23.797821883173732	23.861098004347507	26.141220301816187	0.0
52.0	26.356341777399578	23.824212869018787	23.740481333595163	26.078964019986472	0.0
53.0	26.24915450241103	23.709661582771485	23.716480111714777	26.324703803102707	0.0
54.0	26.303702733957362	23.703934018459123	23.771846566734308	26.220516680849208	0.0
55.0	26.23715389147084	23.707206912351904	23.77048286094565	26.285156335231612	0.0
56.0	26.26633719534813	23.810575811132203	23.807030176081692	26.116056817437975	0.0
57.0	26.123148087539	23.894852828871286	23.68620584320656	26.295793240383148	0.0
58.0	26.118511487857564	23.833486068381664	23.7399358512797	26.308066592481072	0.0
59.0	26.141623187299025	23.74068932412198	23.847330825939792	26.270356662639198	0.0
60.0	26.237355072562586	23.75023523860695	23.756235527711787	26.256174161118672	0.0
61.0	26.216899541523365	23.793328223996248	23.788691636960692	26.2010805975197	0.0
62.0	26.13153179198634	23.774781875854018	23.9146977081623	26.17898862399734	0.0
63.0	26.33254147699844	23.88987833050138	23.686686722178433	26.090893470321753	0.0
64.0	26.29981262733568	23.682050135142877	23.946881076997347	26.071256160524097	0.0
65.0	26.190443721379303	23.65886719996509	23.78350956909742	26.367179509558188	0.0
66.0	26.147896216817717	23.81678389958789	23.82823899696985	26.20708088662454	0.0
67.0	26.34181465106955	23.732234371292435	23.75541730647022	26.170533671167796	0.0
68.0	26.241446178770435	23.777236539578723	23.76878158674918	26.21253569490166	0.0
69.0	26.020526443546828	23.826057073659005	23.772054471715457	26.381362011078718	0.0
70.0	26.27117488388077	23.762508557230486	23.70386936825138	26.262447190637367	0.0
71.0	26.27990257712417	23.780782164958858	23.766872403852187	26.172442854064787	0.0
72.0	26.197807712553423	23.708505955286938	23.817056640001745	26.276629692157893	0.0
73.0	26.24035521711501	23.81623841876018	23.69868730038811	26.24471906373671	0.0
74.0	26.243900842495137	23.814329235863184	23.675231624796467	26.26653829684521	0.0
75.0	26.257537863187952	23.776963799164868	23.725688601359884	26.239809736287295	0.0
76.0	26.192625644690153	23.79687384937638	23.866695395323593	26.143805110609875	0.0
77.0	26.35483431065048	23.824628392199646	23.73980635483431	26.08073094231556	0.0
78.0	26.24328378562662	23.713350606845765	23.712805127505796	26.33056048002182	0.0
79.0	26.304377471703262	23.70762307377608	23.764625664802946	26.223373789717712	0.0
80.0	26.235647074867043	23.7108959498159	23.7708986772126	26.28255829810446	0.0
81.0	26.264830219555435	23.809354970680484	23.808264012000546	26.117550797763535	0.0
82.0	26.12573298786309	23.89963180144552	23.677348970407746	26.29728624028365	0.0
83.0	26.116459839083596	23.83035592526933	23.74035183417428	26.312832401472797	0.0
84.0	26.145571674426087	23.73892339036304	23.84965539436685	26.265849540844016	0.0
85.0	26.243757687828477	23.740287084993632	23.753105814521167	26.262849412656724	0.0
86.0	26.214029144881646	23.792107480956005	23.791834742029884	26.202028632132464	0.0
87.0	26.13329842275079	23.771924800423292	23.92356764334476	26.17120913348116	0.0
88.0	26.336216183782398	23.886475149392748	23.686830255474554	26.090478411350304	0.0
89.0	26.29366891130803	23.677829870912667	23.953296186291595	26.07520503148771	0.0
90.0	26.188391685826577	23.660920057493364	23.786107224581414	26.364581032098645	0.0
91.0	26.1518446697268	23.816381245380487	23.82947271383414	26.202301371058585	0.0
92.0	26.33730713948687	23.73319587291457	23.759651548747993	26.16984543885057	0.0
93.0	26.236939214675537	23.77928875142847	23.772470278275527	26.211301755620468	0.0
94.0	26.024748330155923	23.823199718533427	23.765106327270345	26.386945624040298	0.0
95.0	26.27403170862755	23.76565180512258	23.696648856814793	26.263667629435076	0.0
96.0	26.287941393859555	23.77792505679788	23.763197154787523	26.17093639455504	0.0
97.0	26.196846592536225	23.713558670234093	23.81447207289766	26.275122664332024	0.0
98.0	26.247848771720246	23.811471944710366	23.70073994070656	26.239939342862833	0.0
99.0	26.250303422055303	23.813381117193188	23.67973904339549	26.256576417356015	0.0
100.0	26.26421310728731	23.7705611057927	23.729923005801158	26.23530278111883	0.0
101.0	26.192210030792225	23.79728952055224	23.87147450845627	26.13902594019926	0.0
102.0	26.354417813076157	23.82068009993127	23.745677099811267	26.079224987181306	0.0
103.0	26.247777183814623	23.713493994305228	23.715675899763262	26.323052922116887	0.0
104.0	26.30177934390103	23.70531184883759	23.771314488943194	26.221594318318186	0.0
105.0	26.240413252893752	23.70776649247788	23.779769372593083	26.27205088203528	0.0
106.0	26.279142074773898	23.801315688991195	23.802952118084725	26.116590118150178	0.0
107.0	26.120408452701742	23.89050107458844	23.677492554247625	26.311597918462194	0.0
108.0	26.118772023608216	23.832953318132724	23.73694947797912	26.311325180279937	0.0
109.0	26.15633855443703	23.741794012322277	23.838343065514263	26.263524367726433	0.0
110.0	26.253705819944194	23.741248537445486	23.744248649267835	26.260796993342478	0.0
111.0	26.22425017659749	23.782704628081593	23.791159488671852	26.201885706649065	0.0
112.0	26.139156095818116	23.76306753251712	23.91716418521054	26.180612186454223	0.0
113.0	26.340981800230733	23.879253681273575	23.68151903843689	26.0982454800588	0.0
114.0	26.297616547525866	23.67715523942256	23.95234731476355	26.072880898288027	0.0
115.0	26.18743062241411	23.65151792021339	23.792523175863828	26.368528281508674	0.0
116.0	26.145974531778005	23.817887757634605	23.833706529061537	26.20243118152586	0.0
117.0	26.345618336683458	23.73142998966325	23.759794683256377	26.163156990396914	0.0
118.0	26.244705484477148	23.782431890643196	23.773704292614543	26.19915833226511	0.0
119.0	26.016969723416967	23.8241607187177	23.767431331531448	26.39143822633389	0.0
120.0	26.276615764769414	23.764703957147493	23.68861021183517	26.270070066247925	0.0
121.0	26.289434424373997	23.777249879313683	23.75734004631082	26.175975650001497	0.0
122.0	26.19288537118202	23.704428983262105	23.821160606895347	26.28152503866053	0.0
123.0	26.2417053726548	23.812978483743485	23.703610770946916	26.2417053726548	0.0
124.0	26.251523920437037	23.818978707388183	23.67170049065465	26.25779688152013	0.0
125.0	26.26297889284964	23.77124965566898	23.735521051239182	26.230250400242188	0.0
126.0	26.195067270689183	23.803978148276435	23.8716170329985	26.12933754803588	0.0
127.0	26.354145074893903	23.819861885384505	23.745677099811267	26.080315939910324	0.0
128.0	26.240958729258264	23.715675899763262	23.716221376127773	26.327143994850704	0.0
129.0	26.281323980231935	23.7148576852165	23.76804163075614	26.235776703795427	0.0
130.0	26.241504205622768	23.702038990650536	23.78658782714945	26.269868976577243	0.0
131.0	26.273687311128807	23.802952118084725	23.80813414354756	26.11522642723891	0.0
132.0	26.119590238154984	23.890773812770693	23.67476517242508	26.314870776649247	0.0
133.0	26.113317259963125	23.832135103585962	23.741313288895192	26.31323434755572	0.0
134.0	26.151026452948443	23.740014346067515	23.836836664839318	26.272122536144728	0.0
135.0	26.239465430246828	23.74307923087413	23.752352379653622	26.265102959225416	0.0
136.0	26.22269861011106	23.776755907573477	23.789847483144598	26.21069799917087	0.0
137.0	26.13214854574415	23.7614824027405	23.922672426959917	26.18369662455543	0.0
138.0	26.33561344941197	23.888034299927995	23.677205385001418	26.099146865658618	0.0
139.0	26.286792782178004	23.682932949313784	23.954583142414524	26.07569112609369	0.0
140.0	26.179060024873994	23.654022386594225	23.795847788614694	26.371069799917084	0.0
141.0	26.135694180794662	23.817121598917762	23.828849468700223	26.218334751587353	0.0
142.0	26.338068119831554	23.729026204970435	23.756300320743602	26.17660535445441	0.0
143.0	26.240154044205887	23.783301695359036	23.771573825576574	26.204970434858506	0.0
144.0	26.010778730553557	23.828849468700223	23.76557352010648	26.39479828063974	0.0
145.0	26.279156029761513	23.76557352010648	23.693297113307587	26.26197333682442	0.0
146.0	26.288429229124393	23.774573978311622	23.75739128537453	26.179605507189457	0.0
147.0	26.192768521220682	23.699634798593745	23.820459461007452	26.28713721917812	0.0
148.0	26.240225612101014	23.80218575359951	23.70699882993724	26.250589804362235	0.0
149.0	26.256317384296068	23.817186558188123	23.656541578139194	26.269954479376622	0.0
150.0	26.262044964229897	23.773275112028735	23.732909310590294	26.231770613151067	0.0
151.0	26.19904158495774	23.798640108878566	23.868189293789392	26.134129012374302	0.0
152.0	26.347485040065894	23.828979451569086	23.74497471675676	26.07856079160825	0.0
153.0	26.246570261232904	23.710336400778953	23.72042787866225	26.32266545932589	0.0
154.0	26.2820268051472	23.714700283106865	23.767339613687316	26.235933298058615	0.0
155.0	26.24357009213247	23.701063150832137	23.78534062828996	26.27002612874544	0.0
156.0	26.279572121337747	23.804705356120074	23.806069069347547	26.109653453194635	0.0
157.0	26.128472695733763	23.87807312775811	23.68169842300202	26.311755753506105	0.0
158.0	26.1161992766865	23.832252363315025	23.736246952100938	26.315301407897536	0.0
159.0	26.148999713619443	23.73576620436662	23.840772409278728	26.274461672735207	0.0
160.0	26.24507696839441	23.75055912547321	23.752195590272855	26.252168315859524	0.0
161.0	26.216036351536374	23.780690701010794	23.795691710169592	26.207581237283232	0.0
162.0	26.13093971776283	23.768144402441617	23.924700388935253	26.176215490860294	0.0
163.0	26.35049994272342	23.88624325636452	23.67322892630959	26.090027874602473	0.0
164.0	26.287222958635397	23.6977760322058	23.944338073652226	26.070662935506572	0.0
165.0	26.1805794207974	23.655773206561168	23.798146420759213	26.365500951882215	0.0
166.0	26.150031911237665	23.810147228086255	23.8308758952875	26.208944965388582	0.0
167.0	26.33004402114324	23.728323541765537	23.76732616557841	26.17430627151281	0.0
168.0	26.23512854501121	23.7850546309479	23.768144402441617	26.211672421599268	0.0
169.0	26.010931644492448	23.829512167182155	23.772235586757652	26.387320601567744	0.0
170.0	26.282313537456155	23.75941654256741	23.701867216521837	26.256402703454597	0.0
171.0	26.282859028698297	23.775235788589413	23.76487145498879	26.177033727723504	0.0
172.0	26.197561102004414	23.693476725188944	23.821122023996224	26.287840148810414	0.0
173.0	26.230563412166124	23.809393930302395	23.71229622437207	26.247746433159413	0.0
174.0	26.254292345918763	23.816212589426712	23.662383639582043	26.267111425072482	0.0
175.0	26.265747693247622	23.76275430189204	23.73466142629984	26.236836578560503	0.0
176.0	26.197288355639444	23.799575061163374	23.877307775180626	26.12582880801656	0.0
177.0	26.34737071787039	23.823914466506654	23.74645428758455	26.082260528038404	0.0
178.0	26.242908575169103	23.704178485708052	23.72490726598298	26.328005673139863	0.0
179.0	26.286002618372244	23.713451887409995	23.76772856207724	26.23281693214052	0.0
180.0	26.240453851189177	23.705814968361334	23.786548112590005	26.267183067859477	0.0
181.0	26.28000218197687	23.798003491162994	23.810004363953745	26.111989962906396	0.0
182.0	26.124809077023787	23.875463670085097	23.684540693868644	26.315186559022475	0.0
183.0	26.124263582806023	23.827732926030983	23.739635609862535	26.30836788130046	0.0
184.0	26.16006480488982	23.737791124239376	23.84061706474216	26.26152700612864	0.0
185.0	26.242233483708727	23.75285704155052	23.748765812599895	26.256143662140857	0.0
186.0	26.21155587558232	23.78762587416402	23.796626626954254	26.204191623299405	0.0
187.0	26.127548849540144	23.76989711866811	23.926182917116705	26.176371114675046	0.0
188.0	26.35380242967101	23.88321868675573	23.670472460273732	26.092506423299533	0.0
189.0	26.284796281850564	23.70020238166673	23.9443150389762	26.070686297506505	0.0
190.0	26.18742397049919	23.657925887942742	23.793210667859498	26.361439473698567	0.0
191.0	26.151420762940695	23.79812019616293	23.833032397431772	26.2174266434646	0.0
192.0	26.322435998843535	23.734569079790745	23.767844771625107	26.17515014974061	0.0
193.0	26.239246769257623	23.77848208294921	23.76811752319752	26.214153624595642	0.0
194.0	26.01504497673429	23.82921387541799	23.771663293638888	26.384077854208833	0.0
195.0	26.28234151769885	23.755843702438945	23.699929630094317	26.26188514976789	0.0
196.0	26.285069033422975	23.769754032631997	23.76593551061822	26.179241423326804	0.0
197.0	26.190222920468152	23.69290271197628	23.82518758540557	26.29168678215	0.0
198.0	26.224316960011784	23.81018620800637	23.720996200560233	26.244500631421612	0.0
199.0	26.2466826499524	23.82736960393636	23.656353901585508	26.269593844525723	0.0
200.0	26.267139073678585	23.7725463883502	23.729451522367054	26.23086301560416	0.0
201.0	26.19322319594799	23.803912904730343	23.874828506981096	26.12803539234057	0.0
202.0	26.349854895371926	23.826343581574985	23.745335922669053	26.07846560038404	0.0
203.0	26.24539047328111	23.706877741168256	23.71833336970041	26.329398415850225	0.0
204.0	26.291830205301785	23.72412589224588	23.755492579732756	26.228551322719575	0.0
205.0	26.24246176673549	23.703396603124123	23.78385897537306	26.27028265476733	0.0
206.0	26.271646423788496	23.800224203627078	23.80622478732022	26.121904585264204	0.0
207.0	26.120540816243032	23.87714077642098	23.684576590632	26.317741816703986	0.0
208.0	26.1194498010261	23.82095349274884	23.747309965605744	26.312286740619317	0.0
209.0	26.15716117066252	23.732918746420097	23.838747511114747	26.271172571802637	0.0
210.0	26.244514209186942	23.749348796740026	23.751258083784972	26.254878910288053	0.0
211.0	26.20728969770366	23.780027112023937	23.804575222228586	26.208107968043816	0.0
212.0	26.122462339107592	23.77566300354311	23.921315124090697	26.180559533258595	0.0
213.0	26.345922002258433	23.896013921544025	23.664715541178204	26.093348535019338	0.0
214.0	26.2919160125032	23.69226405110385	23.940200640434668	26.07561929595828	0.0
215.0	26.184176790516766	23.652986967645504	23.792093304893815	26.370742936943913	0.0
216.0	26.159083098307267	23.797275697850125	23.82646075291987	26.21718045092274	0.0
217.0	26.333920671201717	23.72390392388974	23.762089977252025	26.180085427656525	0.0
218.0	26.237091750175928	23.78281954907726	23.765090310016202	26.21499839073061	0.0
219.0	26.02679569915936	23.824551450251754	23.765635825064237	26.383017025524648	0.0
220.0	26.283733286782716	23.758271371915797	23.68708165814754	26.27091368315395	0.0
221.0	26.27636883363428	23.77109097554456	23.761271704679974	26.19126848614119	0.0
222.0	26.186430276167744	23.694510739856803	23.82488919195363	26.294169792021822	0.0
223.0	26.231980906921244	23.812342311626324	23.70160245482441	26.254074326628025	0.0
224.0	26.25325605182407	23.822979884077736	23.659870439822708	26.263893624275486	0.0
225.0	26.26089328332765	23.782611660415956	23.719877258779405	26.236617797476985	0.0
226.0	26.199795431299012	23.80470508012274	23.87016706443914	26.12533242413911	0.0
227.0	26.351520904250673	23.827954525617525	23.740671641791046	26.079852928340753	0.0
228.0	26.243235576503448	23.703030898140874	23.712850222571355	26.340883302784324	0.0
229.0	26.289130796485765	23.72327977240926	23.76037509921636	26.227214331888614	0.0
230.0	26.245489235536233	23.707459706565054	23.777286204084305	26.269764853814408	0.0
231.0	26.265946217231324	23.803743900409955	23.808380816260847	26.12192906609787	0.0
232.0	26.12165630634194	23.86947900159019	23.68618444560216	26.322680246465712	0.0
233.0	26.116201111223248	23.82911055771187	23.743463994348417	26.311224336716464	0.0
234.0	26.15254949239271	23.72770864814441	23.836540087610672	26.283201771852205	0.0
235.0	26.24972382924055	23.752594641332603	23.746866655210695	26.250814874216154	0.0
236.0	26.2018607873569	23.791183762980097	23.79227481390763	26.21468063575538	0.0
237.0	26.112121848567586	23.782182592827976	23.92838341711695	26.177312141487484	0.0
238.0	26.337495703975257	23.903627208702247	23.67068720030113	26.088189887021368	0.0
239.0	26.282397481847593	23.687053008853905	23.95681608649875	26.073733422799755	0.0
240.0	26.191489361702125	23.657392253136933	23.77795962902346	26.373158756137478	0.0
241.0	26.15757284784471	23.80396414483914	23.824150403997972	26.214312603318184	0.0
242.0	26.325940475216193	23.718798592356165	23.76026406961835	26.19499686280929	0.0
243.0	26.240250546296778	23.774344648474052	23.77270780420069	26.212697001028484	0.0
244.0	26.011551231649392	23.827620920988373	23.76323521788831	26.39759262947392	0.0
245.0	26.28123976863473	23.765688093419186	23.68492851686129	26.2681436210848	0.0
246.0	26.290974772582164	23.76468598058422	23.757046269365304	26.187292977468307	0.0
247.0	26.19069058007198	23.706577823618172	23.81244730401185	26.290284292297994	0.0
248.0	26.22677497960264	23.819204352892058	23.70541573775681	26.248604929748492	0.0
249.0	26.257064035430012	23.82957357921134	23.65793559618958	26.25542678916907	0.0
