# Position (bp)	A	C	G	T	N
0.0	26.325981981176366	23.7687509780689	23.70615456842011	26.199112472334622	0.0
1.0	26.146576199950815	23.732143256354654	23.77350159844403	26.3477789452505	0.0
2.0	26.195925233540397	23.734634397154203	23.759224950469594	26.310215418835803	0.0
3.0	26.21540438967825	23.808206546795756	23.720189446330526	26.25619961719547	0.0
4.0	26.271304833752446	23.865604917574743	23.659681475272425	26.203408773400387	0.0
5.0	26.26095556865583	23.816295683708507	23.72493525143676	26.1978134961989	0.0
6.0	26.308187451458075	23.775067190407277	23.795182405891524	26.121562952243128	0.0
7.0	26.21239338564991	23.732710525801163	23.717903947210356	26.336992141338573	0.0
8.0	26.317818521115548	23.724784123321385	23.739310926670374	26.218086428892697	0.0
9.0	26.253935352666264	23.654018599168094	23.85179887868638	26.240247169479264	0.0
10.0	26.234692053276127	23.73960847412175	23.781230446053456	26.24446902654867	0.0
11.0	26.340283364619648	23.781509788146955	23.724803343166176	26.153403504067217	0.0
12.0	26.25648073656923	23.847713864306787	23.66111334584786	26.234692053276127	0.0
13.0	26.338886654152137	23.674242424242426	23.782068472333957	26.204802449271476	0.0
14.0	26.189997318315903	23.79827031375704	23.7703361044069	26.241396263520155	0.0
15.0	26.16199002751512	23.65825383745129	23.782002039191585	26.397754095842004	0.0
16.0	26.226797212173697	23.694568208165144	23.789823595960723	26.288810983700433	0.0
17.0	26.29886727097504	23.606017011885974	23.804070002933084	26.2910457142059	0.0
18.0	26.14495020741093	23.767755632219227	23.87278796597623	26.21450619439362	0.0
19.0	26.152771764180066	23.777811919493832	23.782840063131136	26.286576253194966	0.0
20.0	26.242440325711968	23.83228347556462	23.634789167143875	26.290487031579534	0.0
21.0	26.25137924773384	23.802393955053983	23.6512703046217	26.294956492590472	0.0
22.0	26.18294062600388	23.790661619900273	23.772225093230162	26.254172660865677	0.0
23.0	26.159196614383283	23.952120898920345	23.742056231406345	26.14662625529003	0.0
24.0	26.235177451569196	23.72669245918125	23.723619704736233	26.31451038451332	0.0
25.0	26.318979845524254	23.746805033730464	23.721384974230762	26.21283014651452	0.0
26.0	26.16366607539422	23.71942958503848	23.772783775856528	26.34412056371077	0.0
27.0	26.202773859239915	23.73786611170859	23.759654734136905	26.299705294914595	0.0
28.0	26.216947031448157	23.802886146385614	23.708748386808423	26.27141843535781	0.0
29.0	26.277005246015207	23.87076589587302	23.652042258635813	26.200186599475956	0.0
30.0	26.266110965233274	23.801210103188392	23.712100473202863	26.220578458375464	0.0
31.0	26.30549798036795	23.768527260842603	23.794505930399513	26.131468828389938	0.0
32.0	26.224768566368517	23.723832775583404	23.719642667590353	26.33175599045773	0.0
33.0	26.319185666478578	23.711821132669993	23.72159805132044	26.247395149530988	0.0
34.0	26.25828943031292	23.632488421334912	23.858195571893873	26.251026576458298	0.0
35.0	26.23091405809166	23.73696178062829	23.789757141340722	26.242367019939326	0.0
36.0	26.352147849357237	23.794505930399513	23.714893878531562	26.138452341711687	0.0
37.0	26.26303821937171	23.84841865324342	23.667405987943663	26.221137139441208	0.0
38.0	26.352147849357237	23.668523350075144	23.785008352281935	26.194320448285684	0.0
39.0	26.196555172548646	23.782494287486102	23.765733855513904	26.255216684451348	0.0
40.0	26.155977731034923	23.659797702151195	23.788573328081746	26.395651238732132	0.0
41.0	26.23056144496867	23.70421272280837	23.771812942928094	26.293412889294864	0.0
42.0	26.303189780634494	23.605326450401833	23.8003055976893	26.291178171274375	0.0
43.0	26.150949615488834	23.769019545402486	23.86231902275781	26.217711816350874	0.0
44.0	26.145921499942737	23.778517096989553	23.784662571545894	26.290898831521815	0.0
45.0	26.246763150617202	23.834664387254286	23.64136127848218	26.277211183646333	0.0
46.0	26.25709872146195	23.80002625793674	23.645551374770594	26.297323645830716	0.0
47.0	26.162681885096383	23.786059270308698	23.7810311547626	26.270227689832314	0.0
48.0	26.147876878210663	23.952545762834962	23.74080623039384	26.15877112856053	0.0
49.0	26.230282105216112	23.727956601776043	23.71454829365312	26.327212999354728	0.0
50.0	26.32246422356119	23.744996326682255	23.714827633405683	26.217711816350874	0.0
51.0	26.15486037202468	23.715944992415924	23.77684105847419	26.352353577085204	0.0
52.0	26.210728322536852	23.715944992415924	23.76706416713456	26.30626251791266	0.0
53.0	26.231884867649196	23.797166385465435	23.705822541537707	26.265126205347666	0.0
54.0	26.290825390795224	23.863649060862375	23.645764662502653	26.19976088583975	0.0
55.0	26.26261215459736	23.793534978826106	23.722303540900814	26.22154932567572	0.0
56.0	26.308423746047353	23.77537794562946	23.779847369185557	26.136350939137625	0.0
57.0	26.23551627428852	23.71336469378862	23.717275439400204	26.333843592522655	0.0
58.0	26.316245237270525	23.715320066594412	23.731801065957516	26.236633630177547	0.0
59.0	26.266802239181203	23.620624154999607	23.846609383554757	26.265964222264433	0.0
60.0	26.242220409622668	23.727052303429165	23.78766886040873	26.243058426539438	0.0
61.0	26.362056828720515	23.79325563985385	23.706101880509962	26.138585650915676	0.0
62.0	26.26819893404248	23.856386247583718	23.673139881783747	26.202274936590054	0.0
63.0	26.37378906555527	23.671184508977955	23.77118786104562	26.18383856442115	0.0
64.0	26.204230309395847	23.77537794562946	23.77062918310111	26.24976256187358	0.0
65.0	26.166446455058672	23.65044736011442	23.784529692253116	26.398576492573795	0.0
66.0	26.230414901016513	23.70575632212163	23.78089829575769	26.282930481104167	0.0
67.0	26.30807091838017	23.612457366008453	23.797937925466982	26.28153379014439	0.0
68.0	26.15778697110805	23.744863668995418	23.883974088589312	26.21337527130722	0.0
69.0	26.163373734947164	23.76749006254382	23.773635502766847	26.29550069974217	0.0
70.0	26.250247912645357	23.831458508501658	23.6172061152717	26.301087463581286	0.0
71.0	26.264773498627054	23.810508144104986	23.635083759556856	26.289634597711103	0.0
72.0	26.177899320928855	23.783133001293336	23.77950160479791	26.259466072979897	0.0
73.0	26.146892781621784	23.957160694881686	23.75017109464257	26.145775428853955	0.0
74.0	26.237119017623446	23.73648352323675	23.708549704041186	26.317847755098622	0.0
75.0	26.31700974052275	23.742908301651727	23.731455435781545	26.20862652204397	0.0
76.0	26.15108285450112	23.722516613638966	23.775032193726624	26.351368338133298	0.0
77.0	26.19745299436575	23.726706686518302	23.77475285553467	26.301087463581286	0.0
78.0	26.22838626777284	23.79368138774826	23.712952875778655	26.264979468700243	0.0
79.0	26.283136400458112	23.869940501131317	23.663510153914913	26.183412944495654	0.0
80.0	26.264979468700243	23.78697728986843	23.719098298835164	26.22894494259616	0.0
81.0	26.31581887762228	23.779435179753623	23.779993854576944	26.124752088047153	0.0
82.0	26.227548255537865	23.718818961423505	23.717422274365205	26.336210508673425	0.0
83.0	26.316377552445598	23.70820413978044	23.72747842118495	26.247939886589013	0.0
84.0	26.284812424928074	23.593955138411687	23.83921338584877	26.282019050811474	0.0
85.0	26.24263247576748	23.720494985893463	23.796474761864854	26.240397776474207	0.0
86.0	26.362188887957767	23.785301265398477	23.711556188720355	26.140953657923404	0.0
87.0	26.277828989636582	23.831391938322298	23.680270398614486	26.21050867342663	0.0
88.0	26.367496298779297	23.657364730858404	23.786697952456773	26.18844101790553	0.0
89.0	26.202407888488505	23.78809463951507	23.767423671052264	26.24207380094416	0.0
90.0	26.16937297306357	23.653667270964913	23.78635217086463	26.39060758510689	0.0
91.0	26.219932903341146	23.709534597238477	23.786910844127366	26.28362165529301	0.0
92.0	26.310158635272952	23.603386677318703	23.80422971527217	26.28222497213617	0.0
93.0	26.157082161283384	23.741937646477147	23.883561318580636	26.217418873658836	0.0
94.0	26.15484746823244	23.759815190884687	23.774340695715814	26.310996645167055	0.0
95.0	26.242000497219202	23.831884041777588	23.627409627616338	26.29870583338687	0.0
96.0	26.26797880393641	23.815123843895517	23.631599677086854	26.285297675081214	0.0
97.0	26.167138280012626	23.787190180758735	23.784396814445056	26.261274724783583	0.0
98.0	26.154288794969705	23.94585338737566	23.75143509194365	26.14842272571098	0.0
99.0	26.224402289443034	23.73663025048116	23.72126673575593	26.317700724319888	0.0
100.0	26.304851239276967	23.743613666265354	23.750038408786814	26.201496685670868	0.0
101.0	26.15009874549919	23.721546072387294	23.76763661656299	26.360718565550528	0.0
102.0	26.204569388615916	23.704506537873858	23.785793497601894	26.30513057590833	0.0
103.0	26.215669623902212	23.798855840353976	23.722317817157926	26.26315671858589	0.0
104.0	26.28271022816152	23.875393863550023	23.67203736396344	26.169858544325013	0.0
105.0	26.27488882433127	23.793827795034524	23.715613756731994	26.215669623902212	0.0
106.0	26.313716507631458	23.78516838365103	23.77399494960781	26.1271201591097	0.0
107.0	26.23466446177568	23.725390511519812	23.710865047263628	26.329079979440884	0.0
108.0	26.32935931529196	23.704998994390934	23.73209457194574	26.23354711837136	0.0
109.0	26.28829694518313	23.608348789917095	23.827627433015262	26.275726831884512	0.0
110.0	26.25673199401104	23.72399383226441	23.794665802587765	26.22460837113679	0.0
111.0	26.372935708060513	23.78488904779995	23.710027039710386	26.13214820442915	0.0
112.0	26.279078862097478	23.833493485887953	23.67818275268721	26.20924489932736	0.0
113.0	26.391651210082905	23.654718541196452	23.78935842141724	26.164271827303402	0.0
114.0	26.21064157858276	23.791593108225882	23.761424836309192	26.236340476882162	0.0
115.0	26.166992092024145	23.650462439209704	23.790129974608444	26.392415494157706	0.0
116.0	26.22369711139603	23.69431804532491	23.79683401630758	26.285150826971478	0.0
117.0	26.32481640702472	23.599623456324565	23.80018603715715	26.275374099493565	0.0
118.0	26.150231987776294	23.736776976086123	23.901305332785835	26.21168570335174	0.0
119.0	26.156936029475435	23.777839231493353	23.779794576988937	26.28543016204227	0.0
120.0	26.236546524652717	23.834544250865243	23.633702334961857	26.295206889520184	0.0
121.0	26.27705010991835	23.818901486900582	23.630350314112285	26.27369808906878	0.0
122.0	26.169506107661324	23.790967979820834	23.789850639537644	26.2496752729802	0.0
123.0	26.15358400862587	23.935663546493927	23.75186106990919	26.15889137497102	0.0
124.0	26.230959823236766	23.71638551591791	23.72727958367901	26.325375077166314	0.0
125.0	26.31811236532558	23.733983625378148	23.747950378918024	26.199953630378246	0.0
126.0	26.161126055537398	23.714709505493122	23.765548488378265	26.358615950591215	0.0
127.0	26.206937007148184	23.699346076599262	23.78035324713053	26.31336366912202	0.0
128.0	26.22823973720083	23.799414512056135	23.716451764285235	26.255893986457796	0.0
129.0	26.284106907416927	23.864220429506805	23.665612639388588	26.18606002368768	0.0
130.0	26.279637533799637	23.787682406310758	23.727625198328454	26.205054861561152	0.0
131.0	26.317068537844424	23.783213032693467	23.77734697982078	26.122371449641335	0.0
132.0	26.232429774967038	23.73600527386087	23.70332297928445	26.32824197188764	0.0
133.0	26.332152673802767	23.704719658539855	23.73069789269034	26.232429774967038	0.0
134.0	26.283548235714765	23.614494178640864	23.83740418780308	26.264553397841294	0.0
135.0	26.246955239223226	23.721759145455763	23.804163221524504	26.22712239379651	0.0
136.0	26.377125745826724	23.780699010033743	23.696898254709602	26.145276989429934	0.0
137.0	26.273212809224788	23.83265547833471	23.681255447049097	26.212876265391404	0.0
138.0	26.37684640997564	23.65779123555834	23.798297168651814	26.16706518581421	0.0
139.0	26.2086862276252	23.792710451630203	23.763938858968917	26.23466446177568	0.0
140.0	26.181943121475122	23.635231053294635	23.78300013128822	26.399825693942024	0.0
141.0	26.221050249866618	23.691936389462303	23.795570279699767	26.291443080971312	0.0
142.0	26.3218907737904	23.604783360475544	23.793335586648826	26.27999027908523	0.0
143.0	26.160992874122535	23.732160864379274	23.90004217983134	26.206804081666856	0.0
144.0	26.162389557279376	23.764284576986572	23.784396814445056	26.288929051289	0.0
145.0	26.22719565575671	23.837191437773576	23.643052478972933	26.29256042749678	0.0
146.0	26.281386962242063	23.81624119042099	23.625454271196762	26.27691757614018	0.0
147.0	26.168814299800836	23.785793497601894	23.80087767569576	26.244514526901515	0.0
148.0	26.145629359397304	23.938869971591465	23.76735727993162	26.148143389079614	0.0
149.0	26.22719565575671	23.711769290289418	23.742216983108513	26.318818070845357	0.0
150.0	26.311275981798428	23.739702953426203	23.765401923512044	26.183619141263325	0.0
151.0	26.160713537491166	23.71316597344626	23.77657538876676	26.349545100295817	0.0
152.0	26.21378749745105	23.70422720124249	23.772664675927608	26.309320625378852	0.0
153.0	26.235369703064332	23.785580602810132	23.720494985893463	26.258554708232072	0.0
154.0	26.280622363753174	23.86826447666136	23.66602419061985	26.185088968965616	0.0
155.0	26.294030559512837	23.78334590351686	23.7098801642504	26.21274337271991	0.0
156.0	26.326154361853682	23.772172407050476	23.777479817872006	26.124193413223836	0.0
157.0	26.239559764239225	23.729154445654906	23.705690103075504	26.32559568703036	0.0
158.0	26.342635269141596	23.70261739154725	23.724964384480014	26.229782954831137	0.0
159.0	26.293471884689517	23.60484929746641	23.828598564205706	26.27308025363837	0.0
160.0	26.2563200089388	23.725802396714993	23.803458197156345	26.214419397189864	0.0
161.0	26.390401966535375	23.78278722869354	23.699824017430654	26.126986787340428	0.0
162.0	26.26777284281684	23.830553926087322	23.691723232492528	26.20994999860331	0.0
163.0	26.38313919383223	23.650939970390233	23.79898879856979	26.16693203720774	0.0
164.0	26.22224084471633	23.790888013631665	23.76267493505405	26.22419620659795	0.0
165.0	26.187396819455344	23.644022581699435	23.78089829575769	26.387682303087523	0.0
166.0	26.230973577400423	23.691230736139936	23.797099910891117	26.280695775568525	0.0
167.0	26.330417973736626	23.60379788205783	23.79430652897156	26.27147761523399	0.0
168.0	26.156110941956317	23.742628963459772	23.89263357253994	26.20862652204397	0.0
169.0	26.15527292738045	23.77475285553467	23.788161088748534	26.281813128336346	0.0
170.0	26.243543796038427	23.826709759238412	23.641787876163793	26.287958568559368	0.0
171.0	26.287958568559368	23.80268667473023	23.619440820807345	26.28991393590306	0.0
172.0	26.173988586241475	23.775590870110534	23.80827343856934	26.24214710507865	0.0
173.0	26.15052417811721	23.94291444709195	23.762741313280575	26.14382006151027	0.0
174.0	26.239074384967136	23.696538161787096	23.73871822877239	26.32566922447338	0.0
175.0	26.313657682219286	23.739556243348257	23.754361167521907	26.19242490691055	0.0
176.0	26.173429909857564	23.711901762344652	23.77950160479791	26.33516672299987	0.0
177.0	26.21393394769113	23.714415806072253	23.769724768079467	26.301925478157152	0.0
178.0	26.241941070650416	23.791020928075802	23.716437422483434	26.25060057879035	0.0
179.0	26.28188654368303	23.867839145446215	23.662525000838016	26.187749310032736	0.0
180.0	26.283003899572055	23.77845067432428	23.72258287987307	26.2159625462306	0.0
181.0	26.32518408438272	23.773422572823673	23.78040604713007	26.12098729566354	0.0
182.0	26.226577427176327	23.71839279528923	23.717834117344715	26.337195660189728	0.0
183.0	26.345296490385152	23.713085354816364	23.71699610042795	26.22462205437054	0.0
184.0	26.30926176296412	23.599953071052663	23.83124574008067	26.259539425902545	0.0
185.0	26.255908019263213	23.71895147323374	23.8069432494944	26.218197258008647	0.0
186.0	26.385241963417766	23.773701911795925	23.70414650770417	26.13690961708214	0.0
187.0	26.270154306848276	23.812809367911775	23.707219236398984	26.209817088840964	0.0
188.0	26.38077253986167	23.659172933170943	23.79465233471513	26.16540219225225	0.0
189.0	26.210096427813223	23.787948199380985	23.76867381029532	26.233281562510474	0.0
190.0	26.162961224848946	23.648065432543643	23.809244469771247	26.379728872836168	0.0
191.0	26.214918418825267	23.688290356912404	23.802260975957225	26.294530248305104	0.0
192.0	26.326933659602165	23.58856606524818	23.79695352065857	26.287546754491085	0.0
193.0	26.1475975384581	23.739130191878477	23.903102626631693	26.210169643031726	0.0
194.0	26.15138792282272	23.775004818691496	23.79176548476036	26.28184177372542	0.0
195.0	26.24105748629117	23.81523041725678	23.63896407909917	26.304748017352875	0.0
196.0	26.28882538458745	23.785899251636263	23.63449456814747	26.29078079562882	0.0
197.0	26.177087610794985	23.762713663574324	23.80293926213961	26.257259463491078	0.0
198.0	26.157812844815787	23.937024590690566	23.747629064112342	26.1575335003813	0.0
199.0	26.2480410971532	23.688687388436815	23.741204142119273	26.322067372290707	0.0
200.0	26.32688977037823	23.739873735962902	23.75048885412593	26.182747639532934	0.0
201.0	26.17995418738477	23.700486060673782	23.77814403039276	26.34141572154869	0.0
202.0	26.209285434940497	23.717805463992402	23.777864685177942	26.29504441588916	0.0
203.0	26.249025780841894	23.791619061453325	23.715078258780544	26.24427689892424	0.0
204.0	26.28115057028485	23.88184781788876	23.66814813159431	26.16885348023208	0.0
205.0	26.286737490187974	23.792736445433952	23.715636950770854	26.204889113607223	0.0
206.0	26.3336676173742	23.774299609753644	23.78267998960833	26.109352783263823	0.0
207.0	26.245952974895175	23.72262060064976	23.710608722858044	26.320817701597022	0.0
208.0	26.35797071895279	23.715078258780544	23.71591629676601	26.21103472550066	0.0
209.0	26.299587405965152	23.595518172853716	23.8472089144894	26.257685506691736	0.0
210.0	26.254965388934515	23.715144506086965	23.81794411947103	26.21194598550749	0.0
211.0	26.404695260602608	23.78861270804351	23.695590231801955	26.11110179955193	0.0
212.0	26.295750018157538	23.81710607914453	23.68776852208795	26.19937538060998	0.0
213.0	26.392404002480603	23.663186005843933	23.793361603227016	26.15104838844845	0.0
214.0	26.210063775046997	23.791472636510168	23.778622648941134	26.219840939501697	0.0
215.0	26.170057043248953	23.64836552375312	23.805080815925177	26.376496617072746	0.0
216.0	26.222574823869888	23.68468101035271	23.804522116131338	26.288222049646066	0.0
217.0	26.34368051132491	23.578380431989093	23.815829170996615	26.262109885689384	0.0
218.0	26.15064865408468	23.754371850312314	23.90773580056541	26.187243695037598	0.0
219.0	26.14863298218561	23.780271476021667	23.78557919819873	26.285516343594	0.0
220.0	26.219309493280146	23.83809771237174	23.650651313381886	26.29194148096623	0.0
221.0	26.288191796358838	23.80301874774767	23.63791788536804	26.270871570525443	0.0
222.0	26.178270817211928	23.77828869625462	23.799799419489833	26.243641067043615	0.0
223.0	26.144188892086007	23.9375239202036	23.77633317596051	26.141954011749885	0.0
224.0	26.227438184606704	23.715432686801076	23.743089330960636	26.314039797631583	0.0
225.0	26.306570566543748	23.75349201028048	23.754888814392668	26.185048608783106	0.0
226.0	26.173594815063133	23.70153089730696	23.781148731701865	26.34372555592804	0.0
227.0	26.198457928260137	23.703765783886467	23.777517041010167	26.320259246843225	0.0
228.0	26.235406848270333	23.781494528703007	23.72562220812998	26.25747641489668	0.0
229.0	26.288764914417573	23.86502364795968	23.675616481217123	26.170594956405623	0.0
230.0	26.275076195877183	23.79183090800902	23.716682636838296	26.216410259275502	0.0
231.0	26.327037454010092	23.786802399157445	23.771158149397	26.11500199743546	0.0
232.0	26.23387725341312	23.71932941666178	23.70787552694877	26.338917802976336	0.0
233.0	26.343666976759778	23.73832611179555	23.71932941666178	26.198677494782892	0.0
234.0	26.291426065141906	23.60115879840316	23.85118882994326	26.256226306511678	0.0
235.0	26.227804534635542	23.72414486696689	23.834214260970622	26.213836337426947	0.0
236.0	26.399333996357093	23.783649387075506	23.71688140441842	26.100135212148977	0.0
237.0	26.291646412667554	23.811439458701397	23.688518636472843	26.20839549215821	0.0
238.0	26.393335456511174	23.66840432010817	23.78936958380127	26.148890639579385	0.0
239.0	26.213497302718515	23.803963090126356	23.772953432433866	26.20958617472126	0.0
240.0	26.166130257923204	23.648641097849897	23.814592552858613	26.370636091368286	0.0
241.0	26.204592061957634	23.694827364621343	23.812450757427598	26.28812981599343	0.0
242.0	26.331421291005764	23.581824328666386	23.8190367888865	26.267717591441354	0.0
243.0	26.138113133740344	23.747467832744242	23.91762947233127	26.196789561184147	0.0
244.0	26.138370403487205	23.792612048731417	23.788420699675868	26.28059684810551	0.0
245.0	26.22388272410488	23.828791947621536	23.646596266106293	26.30072906216729	0.0
246.0	26.288270866634623	23.801712478063067	23.632085489766492	26.277931165535822	0.0
247.0	26.176383462722942	23.787566301692962	23.804054393936852	26.231995841647244	0.0
248.0	26.15302064440041	23.935710872195877	23.785915304020726	26.125353179382987	0.0
249.0	26.22037275621051	23.70263343962484	23.768588204716885	26.30840559944777	0.0
