# Position (bp)	A	C	G	T	N
0.0	25.951374698843743	24.13777065304009	24.141801573299183	25.769053074816984	0.0
1.0	25.775564561389363	24.185211483781746	24.30799951628957	25.731224438539318	0.0
2.0	25.74630105046446	24.259589984001188	24.185797025957758	25.80831193957659	0.0
3.0	25.772978536727525	24.362658928355515	24.17943208980905	25.684930445107906	0.0
4.0	25.719467394168618	24.227985057275276	24.10924929859098	25.943298249965125	0.0
5.0	25.78467204196077	24.222922808420673	24.129614646591463	25.86279050302709	0.0
6.0	25.805261673233165	24.201093004584667	24.159245126272097	25.834400195910067	0.0
7.0	25.687265784098273	24.351014664356406	24.090335659090133	25.871383892455185	0.0
8.0	25.84531554624323	24.26487225344124	24.077971428659986	25.811840771655543	0.0
9.0	25.89756145940518	24.135911136456617	24.089731351425065	25.876796052713143	0.0
10.0	25.861197975584282	24.187304942338862	24.261686413914294	25.68981066816256	0.0
11.0	25.771630286895537	24.188544633531787	24.204350696241566	25.835474383331114	0.0
12.0	25.82454704923418	24.167704904823005	24.09146413274572	25.91628391319709	0.0
13.0	25.87909329267159	24.041566716874005	24.274318016996112	25.80502197345829	0.0
14.0	25.96184242334083	24.129894440622074	24.04001710768544	25.86824602835165	0.0
15.0	25.93479884585465	23.990665183178734	24.132918865813558	25.941617105153053	0.0
16.0	25.95277425673226	24.073104136513948	24.20141137967477	25.772710227079028	0.0
17.0	25.762792759008622	24.20668003458717	24.08519105072475	25.945336155679456	0.0
18.0	25.816718991641434	24.255647533184778	24.077133107917547	25.85050036725624	0.0
19.0	25.91496390971385	24.220936394938374	24.02909537195154	25.835004323396237	0.0
20.0	25.74698679427142	24.08116207932115	24.27920151985198	25.892649606555445	0.0
21.0	25.759383629359423	24.224035603710373	24.178787155639164	25.837793611291037	0.0
22.0	25.84957060462464	24.102856540725153	24.15492324809476	25.892649606555445	0.0
23.0	25.933249241468655	24.170419291954765	24.001822334757936	25.894509131818648	0.0
24.0	25.884901584625446	24.02258703353034	24.14345617563836	25.949055206205855	0.0
25.0	25.963621487434256	24.135088311953957	24.12857997353276	25.772710227079028	0.0
26.0	25.78603682479863	24.16948952932316	24.293147959325985	25.751325686552224	0.0
27.0	25.764032442517426	24.233333230026375	24.188084781955165	25.81454954550103	0.0
28.0	25.78510706216703	24.329408701958393	24.172588738095165	25.712895497779414	0.0
29.0	25.73366019655182	24.21473797739437	24.10812519563755	25.943476630416257	0.0
30.0	25.804012235676232	24.20110145879757	24.111224404409555	25.883661901116646	0.0
31.0	25.82911582672944	24.183126047919966	24.14500578002436	25.842752345326236	0.0
32.0	25.68934151111221	24.33622696125679	24.110914483532355	25.863517044098643	0.0
33.0	25.86103767708104	24.239221726693174	24.064736272829546	25.835004323396237	0.0
34.0	25.913104384450648	24.13539823283116	24.08922002212835	25.862277360589843	0.0
35.0	25.86165751883544	24.15523316897196	24.26897413090438	25.714135181288217	0.0
36.0	25.778288802868627	24.178787155639164	24.192423674235968	25.85050036725624	0.0
37.0	25.827486177571718	24.172823742344978	24.08945528475442	25.910234795328886	0.0
38.0	25.882961842659856	24.02685146158233	24.249064041851586	25.84112265390623	0.0
39.0	25.922011752163243	24.140901990925546	24.07024024991942	25.866846006991796	0.0
40.0	25.950443958904746	23.967272558226025	24.139587497869307	25.942695984999926	0.0
41.0	25.935567849007484	24.07171524646305	24.213658128399423	25.779058776130043	0.0
42.0	25.76015371980227	24.207459749275564	24.09402941130894	25.93835711961322	0.0
43.0	25.807881239055984	24.24898888940542	24.080392977236453	25.86273689430214	0.0
44.0	25.91914214432926	24.22698464351572	24.01530999643593	25.83856321571909	0.0
45.0	25.757054530240342	24.07698386871833	24.264794756171263	25.901166844870065	0.0
46.0	25.765732261013746	24.216757317961353	24.178327367393425	25.839183053631476	0.0
47.0	25.82709621433995	24.109835278074783	24.16283141958378	25.90023708800149	0.0
48.0	25.95323322951048	24.16933971766383	24.00229340027583	25.87513365254986	0.0
49.0	25.889080005578542	24.01500007747974	24.136488308307378	25.959431608634343	0.0
50.0	25.960671284459114	24.120372522585342	24.135868470394993	25.78308772256055	0.0
51.0	25.787736506903446	24.151984256117025	24.315311546030713	25.744967690948815	0.0
52.0	25.76294299040801	24.240311158632018	24.1839059086049	25.812839942355076	0.0
53.0	25.81469945609223	24.323679357847922	24.173368664094337	25.688252521965506	0.0
54.0	25.749306556335515	24.232253265771	24.072645003331626	25.94579517456185	0.0
55.0	25.815319294004617	24.20560023553841	24.082562409929803	25.896518060527175	0.0
56.0	25.822757348953253	24.172128988269566	24.154153688810375	25.85095997396681	0.0
57.0	25.71986425549719	24.31376195124975	24.08318224784219	25.883191545410877	0.0
58.0	25.8732741388127	24.22884415725288	24.071405327506856	25.826476376427564	0.0
59.0	25.907055305037733	24.13462879457022	24.0782235445431	25.880092355848944	0.0
60.0	25.878852680024174	24.156013202547534	24.268823702601768	25.696310414826524	0.0
61.0	25.77069096431283	24.16902979870764	24.193823315203076	25.866455921776456	0.0
62.0	25.82794592550811	24.16492596059083	24.103562197442557	25.903565916458504	0.0
63.0	25.908524604389676	24.023293436556685	24.249533573416475	25.81864838563716	0.0
64.0	25.90945435837677	24.143541618887642	24.070091053907134	25.876912968828446	0.0
65.0	25.95245252845813	23.962785162412022	24.14842546650262	25.936336842627227	0.0
66.0	25.935717008556807	24.063198281819957	24.195842772889698	25.805241936733538	0.0
67.0	25.777659320599877	24.18127667223484	24.083652806143796	25.957411201021486	0.0
68.0	25.825696461057372	24.228693978621923	24.07869413358044	25.86691542674026	0.0
69.0	25.921770741972374	24.225594808269825	24.017020643573716	25.83561380618408	0.0
70.0	25.75441554295915	24.074045378052293	24.27549145093858	25.896047628049974	0.0
71.0	25.780448573916765	24.21381796093186	24.161441981981426	25.844291483169958	0.0
72.0	25.818878286282764	24.097599072728233	24.15865272866454	25.92486991232447	0.0
73.0	25.9738368038876	24.16423123529831	24.01051238583431	25.85141957497978	0.0
74.0	25.87621293779655	24.012681805080778	24.154003973136394	25.95710128398628	0.0
75.0	25.977555808310115	24.13292961474213	24.10875608599578	25.78075849095197	0.0
76.0	25.800283264170183	24.15648330941807	24.304003818177875	25.739229608233877	0.0
77.0	25.766192390297114	24.234582402290908	24.206379952086827	25.792845255325147	0.0
78.0	25.808031190050425	24.333445936522793	24.167950239720824	25.690572633705955	0.0
79.0	25.768361809543585	24.216917131283957	24.071256124735406	25.94346493443705	0.0
80.0	25.81144027743773	24.191813851431974	24.105656915643685	25.89108895548662	0.0
81.0	25.848630321662892	24.161441981981426	24.15648330941807	25.833444386937614	0.0
82.0	25.71412632838189	24.33561535576926	24.084582557249423	25.865675758599423	0.0
83.0	25.855138579402293	24.246049332593664	24.0805536357917	25.818258452212344	0.0
84.0	25.908444309458357	24.13664861916465	24.09945857493949	25.855448496437504	0.0
85.0	25.874973269655715	24.13633870212944	24.302764150037035	25.685923878177814	0.0
86.0	25.762163468839393	24.1704295760025	24.206999786157247	25.860407169000858	0.0
87.0	25.844831219705704	24.170974500105373	24.077379845537827	25.9068144346511	0.0
88.0	25.89472770773674	24.024694112834243	24.245974190189294	25.834603989239714	0.0
89.0	25.902165693530193	24.151139871322847	24.056925384605847	25.889769050541112	0.0
90.0	25.96468827188233	23.95829782222649	24.131850286206607	25.945163619684568	0.0
91.0	25.939585147628065	24.05716074367231	24.207159658969406	25.796094449730216	0.0
92.0	25.779359033560706	24.186085431200393	24.099619114324586	25.934936420914312	0.0
93.0	25.822127319327237	24.214287706597162	24.08722250975458	25.876362464321023	0.0
94.0	25.9169613442878	24.211498470568912	24.020900675305036	25.85063950983826	0.0
95.0	25.755495569763443	24.09032166089708	24.27472115387595	25.879461615463523	0.0
96.0	25.758284805791693	24.20530016828391	24.194763054399402	25.841651971525	0.0
97.0	25.82150748909874	24.084433273726326	24.16284179763163	25.931217439543307	0.0
98.0	25.946093365027316	24.15974264648913	24.04321456353105	25.850949424952507	0.0
99.0	25.871403822493015	24.01687177881978	24.152304683747122	25.95941971494008	0.0
100.0	25.982663348508844	24.157263325575126	24.097449708524834	25.762623617391196	0.0
101.0	25.80973071475723	24.145796466347868	24.29920444790172	25.745268370993184	0.0
102.0	25.764483108076696	24.240010661079932	24.191353988142648	25.804152242700724	0.0
103.0	25.819338083298987	24.323377826813235	24.16532111854563	25.691962971342146	0.0
104.0	25.775640052189708	24.204370422941157	24.09094149112558	25.929048033743555	0.0
105.0	25.835763584354243	24.18050695914389	24.114185124694345	25.86954433180752	0.0
106.0	25.82832562161224	24.164081458088628	24.170589675487882	25.837003244811246	0.0
107.0	25.72450405833842	24.323997657041733	24.108296737523595	25.84320154709625	0.0
108.0	25.86737492600777	24.24372964245093	24.078234971441322	25.810660460099978	0.0
109.0	25.9157216838308	24.10302818058134	24.114804954922846	25.866445180665014	0.0
110.0	25.862416284179762	24.141767569862616	24.31439028849998	25.68142585745764	0.0
111.0	25.75580548487769	24.15974264648913	24.204370422941157	25.880081445692028	0.0
112.0	25.86574518858276	24.1860104750984	24.069792667431123	25.87845166888772	0.0
113.0	25.89363746242291	24.02981374159358	24.245513992624044	25.831034803359472	0.0
114.0	25.91471162487991	24.125267300957635	24.068243096662226	25.89177797750023	0.0
115.0	25.965766988666473	23.958769148761434	24.148126109876625	25.92733775269547	0.0
116.0	25.952130808160632	24.070647811547985	24.2029807450933	25.77424063519808	0.0
117.0	25.785397510157402	24.185625606267685	24.09823008575298	25.93074679782193	0.0
118.0	25.8129797843624	24.21723675198577	24.086143471213713	25.883639992438116	0.0
119.0	25.935395495721647	24.211968227699423	24.028499617257207	25.824136659321724	0.0
120.0	25.75626566998584	24.070647811547985	24.28479782812834	25.888288690337834	0.0
121.0	25.7767199407446	24.19089413055403	24.1732290785351	25.859156850166272	0.0
122.0	25.818868135035377	24.086143471213713	24.159282984835947	25.93570540891496	0.0
123.0	25.963287683119958	24.157113592482744	24.048334061629337	25.83126466276796	0.0
124.0	25.8811606868916	24.008045346498445	24.160212724415892	25.95058124219406	0.0
125.0	25.972275165726078	24.151845068196398	24.11031670029225	25.765563065785273	0.0
126.0	25.81576900310223	24.1369692349173	24.301533140567326	25.745728621413143	0.0
127.0	25.76711263175185	24.227773800558463	24.197092394420324	25.808021173269367	0.0
128.0	25.80182290940308	24.320127932166198	24.16486142231561	25.713187736115113	0.0
129.0	25.767732458138475	24.18996439097409	24.092651648273318	25.949651502614117	0.0
130.0	25.839322405794135	24.153704547356288	24.13294036340421	25.87403268344537	0.0
131.0	25.831034803359472	24.164626398487616	24.18848978832863	25.815849009824277	0.0
132.0	25.739610127994546	24.320203303684877	24.110701335730003	25.82948523259057	0.0
133.0	25.84320154709625	24.246828793593433	24.085053103954827	25.824916555355486	0.0
134.0	25.88504008752003	24.12162308743635	24.12937096529261	25.863965859751016	0.0
135.0	25.868614586464766	24.113255379351596	24.33112570466949	25.687004329514146	0.0
136.0	25.750616732988707	24.143082053379946	24.229548638228767	25.876752575402577	0.0
137.0	25.86133692010649	24.16516098640394	24.083652806143796	25.88984928734578	0.0
138.0	25.90565505614147	24.008962800658264	24.245739415558454	25.83964272764181	0.0
139.0	25.909993894634407	24.120842850368955	24.084272640214216	25.884890614782424	0.0
140.0	25.963070171632584	23.943024675670816	24.1512895687801	25.942615583916496	0.0
141.0	25.94850402583476	24.060173678044787	24.194988006173567	25.79633428994688	0.0
142.0	25.793235109989897	24.19219874421228	24.096744001537193	25.917822144260626	0.0
143.0	25.83910297335325	24.20025661210044	24.093334903584513	25.867305510961803	0.0
144.0	25.940136239950913	24.193748334190772	24.049636466191046	25.816478959667272	0.0
145.0	25.733730854815818	24.066372037958754	24.31182709055184	25.888070016673588	0.0
146.0	25.757904458480287	24.183211122337028	24.189409482250994	25.869474936931685	0.0
147.0	25.80656158380493	24.0775290858039	24.16492596059083	25.95098336980035	0.0
148.0	25.94602468186918	24.161206944642448	24.044367860264174	25.848400513224203	0.0
149.0	25.874513814637474	23.985557776641407	24.19568282894023	25.94424557978089	0.0
150.0	25.987014395735514	24.147645390730325	24.112934467636713	25.75240574589745	0.0
151.0	25.83639378302574	24.11696341406722	24.30756357212589	25.739079230781154	0.0
152.0	25.74403793408024	24.234422698464353	24.193823315203076	25.827716052252335	0.0
153.0	25.7719306401376	24.33886538670138	24.16902979870764	25.72017417445338	0.0
154.0	25.761393395627042	24.17739761052485	24.11479398137387	25.94641501247424	0.0
155.0	25.82461686269041	24.15136441820464	24.14950490446748	25.874513814637474	0.0
156.0	25.806411623236556	24.170034463094737	24.18955941784643	25.83399449582228	0.0
157.0	25.721803485979223	24.324684501524807	24.117038157340144	25.836473855155827	0.0
158.0	25.85948807269504	24.239841568447577	24.09293907265475	25.807731286202635	0.0
159.0	25.90659604602945	24.105025986865552	24.127960131778355	25.860417835326643	0.0
160.0	25.874364274800644	24.113083929672754	24.32816901844959	25.684382777077015	0.0
161.0	25.748306277156903	24.137332564727178	24.213263414966747	25.901097743149176	0.0
162.0	25.884132262653374	24.164680578068005	24.068294587818176	25.88289257146045	0.0
163.0	25.90458716733662	23.99515280743567	24.245880351204516	25.854379674023203	0.0
164.0	25.92504207201986	24.097737253650113	24.097117408053652	25.88010326627637	0.0
165.0	25.96231327093535	23.940370668815472	24.176532572987046	25.920783487262135	0.0
166.0	25.962623194694107	24.05628215458997	24.21961197545404	25.761482675261888	0.0
167.0	25.810760552903982	24.18273104816215	24.105869955990826	25.900638442943034	0.0
168.0	25.847021632678363	24.192028760924813	24.082625674084177	25.878323932312654	0.0
169.0	25.97966900142565	24.18552036199095	24.04109589041096	25.79371474617244	0.0
170.0	25.750015496187938	24.06898902869894	24.30019215273043	25.880803322382697	0.0
171.0	25.780388024545964	24.181181429368376	24.198537159858674	25.839893386226986	0.0
172.0	25.806421620281412	24.094092853158124	24.149879129734085	25.94960639682638	0.0
173.0	25.948676625550114	24.159796690014257	24.06155085848881	25.829975825946818	0.0
174.0	25.87344534012688	23.992512218782057	24.189314415528468	25.94472802556259	0.0
175.0	25.96239373456187	24.16885938405561	24.10501489188276	25.76373198949975	0.0
176.0	25.830365804146172	24.102535494128478	24.313904152681314	25.75319454904404	0.0
177.0	25.745446431061897	24.223406134649895	24.21224884475561	25.8188985895326	0.0
178.0	25.799993181656177	24.303056787506314	24.141276084039188	25.755673946798325	0.0
179.0	25.771480107481892	24.172268555967754	24.115552332338474	25.940699004211876	0.0
180.0	25.804022203006888	24.14406540651276	24.166070061582044	25.885842328898313	0.0
181.0	25.80162277085955	24.166144958438966	24.19837722914045	25.833855041561034	0.0
182.0	25.732509344259245	24.317388690192093	24.11655684966745	25.83354511588121	0.0
183.0	25.849121512937888	24.220147091183517	24.1163216666615	25.814409729217097	0.0
184.0	25.925363466467488	24.09927570144147	24.113532326898223	25.86182850519282	0.0
185.0	25.863068211754275	24.130578292118255	24.31653427633679	25.689819219790678	0.0
186.0	25.73979718337796	24.137781414261628	24.21836259049886	25.904058811861546	0.0
187.0	25.894221381971455	24.14808386666873	24.057274798159025	25.90041995320079	0.0
188.0	25.92459438099518	23.994979157304243	24.242302149354575	25.838124312346007	0.0
189.0	25.911577381413586	24.094156296973548	24.11275201066154	25.881514310951324	0.0
190.0	25.96341591921997	23.949803814612558	24.16954384572948	25.917236420437995	0.0
191.0	25.965585425874156	24.04960112070515	24.205805599806602	25.77900785361409	0.0
192.0	25.83789446279916	24.182250956132574	24.090201888090647	25.889652692977617	0.0
193.0	25.84254340562956	24.200536797932152	24.08369336812809	25.873226428310204	0.0
194.0	25.99364020678626	24.16411489778461	24.039212526189207	25.803032369239926	0.0
195.0	25.745385120811275	24.07082553339201	24.31474157916269	25.86904776663402	0.0
196.0	25.775448470798256	24.196967630760074	24.176822086954367	25.8507618114873	0.0
197.0	25.840844005306025	24.069585807619355	24.162255309125623	25.927314877948998	0.0
198.0	25.954278913504332	24.162565240568785	24.064007041642387	25.81914880428449	0.0
199.0	25.877806050500386	24.007054061509184	24.168218911455412	25.946920976535015	0.0
200.0	25.963818266909243	24.153801809396587	24.116609690406605	25.765770233287565	0.0
201.0	25.862630056997276	24.10188224282265	24.324106531286517	25.71138116889356	0.0
202.0	25.749681530636597	24.219168911191215	24.19809259322396	25.833056964948227	0.0
203.0	25.806561594371345	24.312303376880994	24.144311683481334	25.736823345266323	0.0
204.0	25.76287787444944	24.152349307404524	24.139641133569107	25.94513168457693	0.0
205.0	25.809371193359514	24.142120777244312	24.156998639295534	25.89150939010064	0.0
206.0	25.81224079894367	24.183729767594674	24.19736785008028	25.806661583381374	0.0
207.0	25.711664352311047	24.33544931561198	24.133976393572702	25.818909938504262	0.0
208.0	25.838837762190074	24.24531723178114	24.1185423053199	25.797302700708887	0.0
209.0	25.936499375408772	24.092172926527613	24.11201105975928	25.859316638304335	0.0
210.0	25.85405772348399	24.12408906192364	24.31627336046645	25.705579854125922	0.0
211.0	25.74502644092174	24.1216840356348	24.237304947831102	25.895984575612356	0.0
212.0	25.88925638792192	24.121747917706394	24.080210538715008	25.908785155656677	0.0
213.0	25.90058742385964	24.00936158340954	24.2502208651715	25.83983012755932	0.0
214.0	25.899508048841728	24.125445995418378	24.10808666028091	25.866959295458987	0.0
215.0	25.943457639728447	23.950835425772652	24.18704857559131	25.918658358907592	0.0
216.0	25.94438761275923	24.06491211754859	24.23664713723302	25.75405313245916	0.0
217.0	25.821021371045237	24.208428140092874	24.1058198433906	25.864730645471283	0.0
218.0	25.844131688263378	24.198338396676792	24.088598177196356	25.868931737863477	0.0
219.0	25.973711947423894	24.190588381176763	24.035588071176143	25.800111600223204	0.0
220.0	25.75145082089182	24.089516889043203	24.29132979514905	25.867702494915928	0.0
221.0	25.79083119427601	24.18312810783329	24.20668873925821	25.81935195863249	0.0
222.0	25.834392534953654	24.072914406175403	24.17211767988344	25.920575378987508	0.0
223.0	25.93174730132748	24.15691672401927	24.079103191284883	25.832232783368365	0.0
224.0	25.861924647278205	23.999342764049196	24.182252769226476	25.95647981944612	0.0
225.0	25.966710379057734	24.171712192656937	24.110018818029346	25.75155861025598	0.0
226.0	25.838993796483745	24.112797968743703	24.329812530420792	25.71839570435176	0.0
227.0	25.73809575480619	24.220515698195335	24.20594444943932	25.83544409755916	0.0
228.0	25.807551720823813	24.30700451714313	24.150129127667423	25.73531463436563	0.0
229.0	25.75888635694244	24.17802167139469	24.142987800151914	25.92010417151095	0.0
230.0	25.810352043900853	24.149498519586416	24.16096978716148	25.879179649351254	0.0
231.0	25.803851293323948	24.18359216347689	24.210565478497305	25.801991064701852	0.0
232.0	25.728051491447545	24.330081013458837	24.13227547676405	25.809592018329568	0.0
233.0	25.84377654725955	24.21978185516125	24.121188821162157	25.81525277641704	0.0
234.0	25.935238638548014	24.079023246873238	24.130490050784715	25.855248063794033	0.0
235.0	25.862999088479498	24.116538206350878	24.31372427434907	25.706738430820554	0.0
236.0	25.71797964264565	24.142346459475966	24.25582181269126	25.883852085187126	0.0
237.0	25.907656247093332	24.121487967160054	24.068470300805497	25.90238548494112	0.0
238.0	25.911227413093897	24.01560155271415	24.23511465529002	25.838056378901936	0.0
239.0	25.892934654545908	24.10613520518894	24.149231704140984	25.851698436124167	0.0
240.0	25.941497838880313	23.945950303548948	24.20299022070086	25.90956163686988	0.0
241.0	25.93490691241953	24.093000756607914	24.24029123203056	25.731801098941986	0.0
242.0	25.842654816211475	24.19626437761852	24.099509090965476	25.861571715204533	0.0
243.0	25.823468663067107	24.215142333468755	24.105666977828914	25.85572202563522	0.0
244.0	25.96058120241289	24.19402360165615	24.061593809605036	25.783801386325926	0.0
245.0	25.749192032604046	24.082701123400348	24.314390814294665	25.853716029700948	0.0
246.0	25.758774174537447	24.191131996463966	24.238279129639107	25.81181469935948	0.0
247.0	25.83932277206838	24.079249813104695	24.18657890083847	25.894848513988457	0.0
248.0	25.904739451169196	24.18429199833725	24.089676694854788	25.821291855638762	0.0
249.0	25.871787315227003	23.993113182671276	24.207162910455864	25.927936591645857	0.0
