# Position (bp)	A	C	G	T	N
0.0	26.169342090349986	23.905522050621283	23.78830449125193	26.136831367776804	0.0
1.0	26.00738500450378	24.044214582699524	23.86615126732165	26.082249145475046	0.0
2.0	26.06745326350199	23.762243351904655	24.126113980983284	26.044189403610073	0.0
3.0	26.02360196951487	23.99593213464515	24.011440125734023	25.969025770105965	0.0
4.0	25.97375099529713	24.065464457082193	23.883850689028918	26.07693385859176	0.0
5.0	26.046024792673727	23.95084406618934	23.876293086738574	26.12683805439836	0.0
6.0	26.11389755303351	24.02356912397049	23.83749709262451	26.02503623037149	0.0
7.0	26.026233164468643	23.971232374313086	23.741640005128556	26.260894456089712	0.0
8.0	26.18868014538169	23.810872618092805	23.90270518466396	26.09774205186155	0.0
9.0	26.144640456037514	23.954193511840696	23.839408963927838	26.06175706819395	0.0
10.0	26.1000092418962	23.895369810004503	23.850949083114457	26.15367186498484	0.0
11.0	25.960784547549554	24.025054482468718	23.93025051501212	26.083910454969605	0.0
12.0	26.09911486484472	23.93859803415924	23.89268667885007	26.069600422145967	0.0
13.0	26.140852460580334	23.844390318070293	23.93889615984307	26.075861061506313	0.0
14.0	26.091065471381427	23.862575984783664	23.867644121408706	26.178714422426207	0.0
15.0	26.003416520336643	23.93174114343125	23.93859803415924	26.126244302072866	0.0
16.0	26.12415742228609	23.909679842828137	23.822925268834837	26.14323746605094	0.0
17.0	26.149199979727456	23.825906525673094	23.883146656967643	26.141746837631807	0.0
18.0	25.970622695115807	24.076332100086756	23.967516225490343	25.985528979307098	0.0
19.0	26.11342489766836	23.940088662578372	23.783572678569833	26.162913761183436	0.0
20.0	26.1163282950243	23.868765465223742	23.9832453865188	26.031660853233163	0.0
21.0	26.05312583847599	23.95999165250574	23.875026085919565	26.11185642309871	0.0
22.0	26.057597710401577	23.901261067883013	23.945383537548818	26.095757684166593	0.0
23.0	25.981277762871542	23.867274841248545	23.9901022568047	26.161345139075216	0.0
24.0	26.113347047073905	23.87293921235429	23.968339146766837	26.045374593804965	0.0
25.0	26.191157618579137	23.849685478341236	23.796619264824255	26.162537638255372	0.0
26.0	26.047163342575203	23.984736010493993	23.875920460304684	26.092180186626123	0.0
27.0	26.12020391735981	23.766508660525297	24.060161583638912	26.05312583847599	0.0
28.0	26.053423963271026	23.923918552305995	24.014548489997914	26.008108994425065	0.0
29.0	26.00602212085979	24.01186536684256	23.917061682020094	26.065050830277553	0.0
30.0	26.046567092985125	23.96356915004621	23.846107980800763	26.143755776167904	0.0
31.0	26.121318542412595	24.019246879388014	23.835602553133135	26.023832025066255	0.0
32.0	26.032179494441483	23.948889637511144	23.78194025000671	26.236990618040668	0.0
33.0	26.170210863038896	23.815032003601335	23.9002954407911	26.114461692568664	0.0
34.0	26.164844632726254	23.96349770891778	23.829341951101718	26.04231570725425	0.0
35.0	26.112076701318603	23.863029952508864	23.8663093154777	26.158584030694836	0.0
36.0	25.966592235064738	24.007321923137695	23.92056786641664	26.105517975380927	0.0
37.0	26.114163568662406	23.929213459698122	23.889562980165817	26.067059991473656	0.0
38.0	26.15083280913213	23.81860949047643	23.929511583604377	26.101046116787057	0.0
39.0	26.078686823817716	23.869290554540278	23.862731828602605	26.189290793039405	0.0
40.0	26.010118325378397	23.918182875166575	23.93189657485444	26.13980222460059	0.0
41.0	26.137417233350526	23.896717953916006	23.832919437976813	26.132945374756655	0.0
42.0	26.115654188193698	23.846931261570933	23.898506697353554	26.138907852881815	0.0
43.0	25.957648517877	24.079169784545854	23.975124541261838	25.988057156315307	0.0
44.0	26.10671047100596	23.93040595532315	23.798933312663408	26.16395026100748	0.0
45.0	26.132867466431346	23.88680865272246	23.935700827589496	26.044623053256693	0.0
46.0	26.083379045529348	23.96879248252999	23.842388323117653	26.10544014882301	0.0
47.0	26.072050370865036	23.857890720026713	23.975351188914594	26.09470772019366	0.0
48.0	25.982911588637936	23.884721791600086	23.96730186744258	26.165064752319395	0.0
49.0	26.10096830356078	23.90708101791123	23.93599895060698	26.055951727921013	0.0
50.0	26.20560948269694	23.861766319253977	23.811681652317013	26.120942545732074	0.0
51.0	26.026735672207778	23.973562450809702	23.897541081351807	26.10216079563071	0.0
52.0	26.103949533735598	23.775608767201696	24.055844403634715	26.064597295427987	0.0
53.0	26.060125450165756	23.926160891030072	24.02871520904386	25.98499844976031	0.0
54.0	26.00676143003649	24.017088411362064	23.892472990054618	26.08367716854683	0.0
55.0	26.052672374728708	23.960146915023014	23.828376541296002	26.158804168952276	0.0
56.0	26.142329466689322	23.98750272036442	23.846192831355292	26.023974981590957	0.0
57.0	26.053190950204662	23.94099566828547	23.75556370422707	26.250249677282795	0.0
58.0	26.19897267114446	23.823833671701948	23.886439318731313	26.09075433842228	0.0
59.0	26.160216794412	23.961267973037835	23.83337357982071	26.04514165272946	0.0
60.0	26.121759039808246	23.86169518204828	23.846490953484004	26.170054824659474	0.0
61.0	25.963158067333865	23.999427605512874	23.92131960779053	26.116094719362735	0.0
62.0	26.113709742333047	23.918338386503414	23.911183455414346	26.056768415749197	0.0
63.0	26.164092382085247	23.83754728962267	23.915655287345015	26.082705040947076	0.0
64.0	26.07197264431347	23.867657624622503	23.865272647592814	26.195097083471214	0.0
65.0	25.99267215807628	23.923108340562795	23.954113041948766	26.13010645941216	0.0
66.0	26.12026842916469	23.90760598986981	23.829796114276174	26.142329466689322	0.0
67.0	26.115200352976604	23.8438078543256	23.90820223412723	26.13278955857056	0.0
68.0	25.977467929512006	24.06084076402739	23.9788571786318	25.98283412782881	0.0
69.0	26.122057161936958	23.926685806107333	23.800580145662472	26.15067688629324	0.0
70.0	26.127643590095218	23.896206109100447	23.944203628731735	26.031946672072596	0.0
71.0	26.095744617421012	23.959705933208916	23.833898769951762	26.110650679418306	0.0
72.0	26.06831746334599	23.85864283286727	23.97610260140594	26.096937102380796	0.0
73.0	25.98066981880191	23.88100192586321	23.96745708544751	26.170871169887373	0.0
74.0	26.10916007321858	23.8997835639798	23.95076229601054	26.04029406679108	0.0
75.0	26.219464931998544	23.88487750198251	23.807067858356636	26.08858970766231	0.0
76.0	26.059970068627507	23.97401575272632	23.88308877454283	26.082925404103342	0.0
77.0	26.109458194458522	23.78023694676151	24.065837094629643	26.044467764150326	0.0
78.0	26.041486551750864	23.93704871897303	24.024994484757062	25.996470244519042	0.0
79.0	25.9922965471598	24.02380199979728	23.903062897619204	26.080838555423718	0.0
80.0	26.05639261374816	23.955532235849674	23.84999731690884	26.138077833493323	0.0
81.0	26.134720586700848	23.99123526167514	23.861254788558142	26.01278936306587	0.0
82.0	26.0247141771133	23.953373977074545	23.757508906345493	26.264402939466663	0.0
83.0	26.162147659009943	23.83680891976091	23.91759953493225	26.083443886296898	0.0
84.0	26.15171344671844	23.973049920252805	23.819816059743317	26.05542057328544	0.0
85.0	26.10073486666567	23.861552908909324	23.871689000849646	26.16602322357536	0.0
86.0	25.971350634251046	23.979310447627707	23.93190931178917	26.117429606332077	0.0
87.0	26.12160329124868	23.945026607241342	23.897029230700433	26.036340870809543	0.0
88.0	26.169600667789588	23.843069447135807	23.91223336861091	26.0750965164637	0.0
89.0	26.090300654374172	23.87198712120083	23.85439802048087	26.18331420394413	0.0
90.0	25.99311341988761	23.93041871003324	23.947411570050832	26.12905630002832	0.0
91.0	26.113255921415472	23.905972841236007	23.86363975136763	26.117131485980888	0.0
92.0	26.12428637440935	23.849628094861895	23.921475099497666	26.10461043123109	0.0
93.0	25.95704085739413	24.064274747715654	23.967683753931464	26.011000640958752	0.0
94.0	26.10967847720125	23.93041871003324	23.811468689910118	26.148434122855395	0.0
95.0	26.145076855197413	23.87072347631143	23.96820854052636	26.0159911279648	0.0
96.0	26.064882719803478	23.962842390202603	23.849556994478828	26.12271789551509	0.0
97.0	26.085751082173648	23.84985511394126	23.979835199561165	26.084558604323927	0.0
98.0	25.994824646132198	23.88712004674513	23.9714878546131	26.14656745250957	0.0
99.0	26.095887143896302	23.895169272230767	23.94227214729486	26.066671436578066	0.0
100.0	26.212749973169245	23.888610644057287	23.796789849628546	26.10184953314492	0.0
101.0	26.03447453463552	23.972382213000394	23.897852347392647	26.095290904971442	0.0
102.0	26.10960063916813	23.778008323495392	24.05198010946947	26.060410927867018	0.0
103.0	26.05593913593055	23.93213608557221	24.033496702798747	25.978428075698496	0.0
104.0	26.01062497764104	24.01560953505289	23.91961506815011	26.054150419155963	0.0
105.0	26.075913139913425	23.967016062676635	23.834651021357278	26.12241977605266	0.0
106.0	26.12800615316736	24.0152398214866	23.84411976019342	26.012634265152624	0.0
107.0	26.021279703789386	23.932660976576827	23.79433395838861	26.25172536124518	0.0
108.0	26.201045203719325	23.82772323864094	23.909407727829667	26.06182382981007	0.0
109.0	26.160501077698644	23.932660976576827	23.84650470878287	26.060333236941663	0.0
110.0	26.12383249313582	23.85395767312491	23.883173293345695	26.13903654039358	0.0
111.0	25.983716763505516	23.963069071092335	23.936238399461	26.11697576594115	0.0
112.0	26.128304271741044	23.943989482376722	23.895396154866635	26.0323100910156	0.0
113.0	26.16795404204068	23.824145815756758	23.928785435118964	26.079114707083594	0.0
114.0	26.096703702930803	23.85038025024073	23.87572032900366	26.17719571782481	0.0
115.0	26.011441790857898	23.915370099303296	23.955019869602936	26.118168240235875	0.0
116.0	26.125024967430544	23.904935949224445	23.86767112751426	26.10236795583075	0.0
117.0	26.10862844587806	23.84859153879864	23.946672549539855	26.09610746578344	0.0
118.0	25.961059751905722	24.08738451631752	23.977080644055366	25.974475087721387	0.0
119.0	26.10385854869916	23.928785435118964	23.82235710431467	26.144998911867205	0.0
120.0	26.140605063260953	23.861481772976067	23.958668717728568	26.039244446034417	0.0
121.0	26.080981170774752	23.94227214729486	23.84180588845562	26.134940793474758	0.0
122.0	26.073230064751545	23.848066397166672	24.00756030956725	26.071143228514533	0.0
123.0	26.011817455490764	23.875791507172757	23.981325796873325	26.13106524046316	0.0
124.0	26.095589024433867	23.912758320514197	23.936905996971106	26.054746658080823	0.0
125.0	26.205595106070906	23.88026329910922	23.8280923931838	26.08604920163608	0.0
126.0	26.066671436578066	23.95598564256669	23.869829117924134	26.10751380293111	0.0
127.0	26.108706280780837	23.78039327919484	24.05913497656781	26.051765463456515	0.0
128.0	26.06249776410403	23.92349062116171	24.043334645058966	25.97067696967529	0.0
129.0	26.008836260866453	24.00756030956725	23.90858464804016	26.075018781526133	0.0
130.0	26.08873227679796	23.93809847482083	23.84687391931695	26.126295329064263	0.0
131.0	26.1327116511743	24.01068466523966	23.865201500146078	25.99140218343996	0.0
132.0	26.03582224819189	23.948973568570867	23.789478705199834	26.22572547803741	0.0
133.0	26.183392261965093	23.832110042512088	23.90485162505888	26.079646070463937	0.0
134.0	26.14851207689143	23.934663749053463	23.866990227585756	26.049833946469352	0.0
135.0	26.11601686173733	23.849102953189004	23.897696715300178	26.13718346977349	0.0
136.0	25.9741111515231	23.953445387170056	23.948079204851027	26.124364256455817	0.0
137.0	26.110352558178363	23.921844535735794	23.91767083837655	26.0501320677093	0.0
138.0	26.162523775168882	23.822868284073767	23.935259991533357	26.07934794922399	0.0
139.0	26.094254011221285	23.843140528390087	23.875337622304237	26.187267838084395	0.0
140.0	26.023003034874222	23.890839926781425	23.95463787212984	26.131519166214517	0.0
141.0	26.114824376777545	23.901572291419473	23.866393985105862	26.117209346697113	0.0
142.0	26.115718740497385	23.846419862029492	23.947781083611083	26.09008031386204	0.0
143.0	25.97768860640245	24.064644609669863	23.977891328845615	25.97977545508207	0.0
144.0	26.110132276788512	23.930561393780575	23.825026160216794	26.13428016921412	0.0
145.0	26.131674974361417	23.873989362970736	23.96849435951251	26.025841303155335	0.0
146.0	26.095602089246107	23.930930859309786	23.856996350974267	26.11647070046984	0.0
147.0	26.09232273605381	23.833742755610675	23.998902907295665	26.075031601039854	0.0
148.0	25.987085310882684	23.89575234324692	23.977438050036966	26.13972429583343	0.0
149.0	26.110365799123514	23.889336076081445	23.959693527710698	26.04060459708434	0.0
150.0	26.209939480666606	23.883075455385626	23.81092925498614	26.096055808961633	0.0
151.0	26.079658945234474	23.96684852279164	23.869361714813824	26.084130817160062	0.0
152.0	26.107086426378086	23.763527412574902	24.078049071341265	26.05133708970575	0.0
153.0	26.042095221059537	23.930477297796855	24.052410338967892	25.975017142175716	0.0
154.0	26.0030408729094	24.016933488358227	23.916465432430016	26.063560206302363	0.0
155.0	26.088900813880688	23.916465432430016	23.866976716453507	26.127657037235785	0.0
156.0	26.14033414026259	23.99650595656892	23.84297077167082	26.020189131497666	0.0
157.0	26.019592878352434	23.934793756037063	23.79974241864126	26.245870946969248	0.0
158.0	26.220530188296742	23.824486924168525	23.89782606103247	26.057156826502258	0.0
159.0	26.170146797524357	23.916011781962148	23.8611564926005	26.052684927912996	0.0
160.0	26.128707203930503	23.846548290542234	23.900211073613413	26.124533431913854	0.0
161.0	25.96384320927293	23.94016003434418	23.967885805597625	26.128110950785267	0.0
162.0	26.125427811631706	23.912434263090738	23.908856744219324	26.05328118105823	0.0
163.0	26.186245632445708	23.817331886425702	23.932408743456122	26.064013737672465	0.0
164.0	26.113204622154385	23.827468189894702	23.88053471982065	26.17879246813027	0.0
165.0	26.024362903514316	23.87337968207782	23.984282767091596	26.117974647316267	0.0
166.0	26.140036013689972	23.879342213530176	23.89305603587059	26.087565736909262	0.0
167.0	26.12751469764003	23.83492135421014	23.96728955245239	26.070274395697435	0.0
168.0	25.975470145605016	24.06567132141622	23.973848337049976	25.98501019592878	0.0
169.0	26.120735659323785	23.936057622075744	23.80547779397604	26.137728924624433	0.0
170.0	26.162849630022716	23.84639234883402	23.97250064097595	26.01825738016731	0.0
171.0	26.11365845223686	23.925396361641614	23.86308753644619	26.097857649675337	0.0
172.0	26.10113706152773	23.836554113276847	23.988897700237906	26.07341112495752	0.0
173.0	25.98337636319188	23.890515344666184	23.976674437878994	26.149433854262938	0.0
174.0	26.113217897347834	23.899899828277047	23.936271703873306	26.050610570501814	0.0
175.0	26.179104655600078	23.893639095592444	23.83013737836291	26.097118870444568	0.0
176.0	26.102187082617824	23.953861381415763	23.883502671245946	26.060448864720478	0.0
177.0	26.10606277427972	23.76514501049418	24.081759206258347	26.04703300896775	0.0
178.0	26.033020892959357	23.910334382751383	24.046281721045602	26.010363003243658	0.0
179.0	26.021691948101505	24.000667811486355	23.927924060293837	26.0497161801183	0.0
180.0	26.091156267887804	23.90437178019462	23.871875596260256	26.132596355657316	0.0
181.0	26.124106349613324	24.00438850164867	23.85770760415238	26.013797544585625	0.0
182.0	26.045995790377496	23.924489150979962	23.794801772096047	26.2347132865465	0.0
183.0	26.19983185360531	23.82222990740023	23.90660123665114	26.071337002343313	0.0
184.0	26.174490641639487	23.92359475526352	23.8559188127195	26.045995790377496	0.0
185.0	26.13424283439965	23.864862769883906	23.88990584994425	26.11098854577219	0.0
186.0	25.9613263292211	23.94625278008002	23.962650034881435	26.129770855817448	0.0
187.0	26.150341957295588	23.90004233473058	23.89318530090453	26.056430407069303	0.0
188.0	26.192080424062823	23.793907376379604	23.942078933403295	26.07193326615428	0.0
189.0	26.103535248135184	23.810900894991978	23.871123539898992	26.214440316973842	0.0
190.0	26.022741501750033	23.8800674970634	23.967122013463637	26.130068987722925	0.0
191.0	26.148851297768182	23.86814222084419	23.870229144182552	26.112777337205074	0.0
192.0	26.14020547250926	23.843695404594808	23.95132102247318	26.064778100422753	0.0
193.0	25.97444413306223	24.057157848918674	23.987991246847255	25.980406771171836	0.0
194.0	26.130146890027756	23.908759439629602	23.8184252029539	26.142668467388745	0.0
195.0	26.166895235823745	23.855762924095163	23.959215312145965	26.018126527935127	0.0
196.0	26.104287162363605	23.93387394907877	23.844135710452566	26.11770317810506	0.0
197.0	26.1275415896488	23.835489833641404	23.975016397352572	26.061952179357224	0.0
198.0	25.989505694353348	23.90704191759585	23.970246258422275	26.133206129628526	0.0
199.0	26.118753316757005	23.90301057188344	23.925072595984712	26.053163515374845	0.0
200.0	26.18823304930623	23.87825195131986	23.844264103466166	26.089250895907746	0.0
201.0	26.08941945332252	23.956792920860565	23.895375184849495	26.05841244096742	0.0
202.0	26.116862052927214	23.752251016684355	24.06053595067441	26.070350979714018	0.0
203.0	26.058282300045914	23.918760174357935	24.045175639978293	25.97778188561786	0.0
204.0	26.034299753127648	23.96599840188911	23.926045629643763	26.07365621533948	0.0
205.0	26.096471612491577	23.893987370078175	23.879974000727504	26.129567016702744	0.0
206.0	26.142401383464026	23.997435820984524	23.86147470109425	25.9986880944572	0.0
207.0	26.035970493699796	23.93152964047396	23.795268735129074	26.237231130697168	0.0
208.0	26.198029721155454	23.831190515945902	23.905135605753404	26.06564415714524	0.0
209.0	26.179103231538964	23.916012189085876	23.859360371158857	26.045524208216303	0.0
210.0	26.12155691122362	23.857571366382217	23.887388112659593	26.13348360973457	0.0
211.0	25.971876844911172	23.942250925809972	23.96043914103917	26.12543308823968	0.0
212.0	26.156612279948476	23.880659319688945	23.907793044224988	26.054935356137587	0.0
213.0	26.189127297448806	23.804312822775902	23.9343177128681	26.072242166907195	0.0
214.0	26.075081253540866	23.83516712884277	23.894206398902703	26.19554521871366	0.0
215.0	26.037964266119605	23.86840724219365	23.97634836955225	26.11728012213449	0.0
216.0	26.14620357338804	23.895541613988218	23.87705445957873	26.081200353045013	0.0
217.0	26.141886774449407	23.85900777061479	23.96188045299762	26.03722500193818	0.0
218.0	25.98206138964594	24.03821496514256	24.00481861607915	25.97490502913235	0.0
219.0	26.10230644223458	23.936010018934596	23.809282423627987	26.15240111520284	0.0
220.0	26.163966102301394	23.864361495935736	23.947853364424116	26.023819037338757	0.0
221.0	26.12372449740278	23.92100382278043	23.853016776101956	26.10225490371484	0.0
222.0	26.103305144383874	23.865384844761984	23.96319135485872	26.06811865599542	0.0
223.0	25.98283615024034	23.909218859957775	23.968260594711293	26.13968439509059	0.0
224.0	26.15284603273057	23.88920034352784	23.91782766353357	26.040125960208027	0.0
225.0	26.170894191601413	23.918864919992128	23.82194893571339	26.088291952693073	0.0
226.0	26.07741396791316	23.978350331007338	23.88531043120415	26.05892526987535	0.0
227.0	26.088758737505067	23.730228785456976	24.113724741751557	26.0672877352864	0.0
228.0	26.05358271802273	23.948504765426502	24.02723271265492	25.97067980389584	0.0
229.0	26.015864968836667	24.0261831628545	23.898249485581367	26.059702382727462	0.0
230.0	26.11695941311544	23.889004860883308	23.896460203381746	26.097575522619508	0.0
231.0	26.145445653211187	23.992031682412442	23.860816871838917	26.001705792537454	0.0
232.0	26.02066073803687	23.933115035697032	23.777145549650783	26.269078676615315	0.0
233.0	26.203171876584296	23.81740535962448	23.933115035697032	26.04630772809419	0.0
234.0	26.17642410017983	23.906929860400755	23.883370064744707	26.033275974674712	0.0
235.0	26.131988536220952	23.850565285983112	23.876510883730916	26.14093529406502	0.0
236.0	25.958719659307462	23.943313342299973	23.981784401029476	26.116182597363093	0.0
237.0	26.13005681225117	23.916317492507044	23.90677422721918	26.04685146802261	0.0
238.0	26.191051346055776	23.82221983639167	23.9391255334568	26.047603284095754	0.0
239.0	26.0786190812763	23.83355253151533	23.913477855019043	26.17435053218933	0.0
240.0	26.043633218509076	23.877779269001923	23.97172639019371	26.106861122295292	0.0
241.0	26.130334022315875	23.900237713890306	23.875482064084323	26.093946199709496	0.0
242.0	26.187486391443237	23.82906757897437	23.961201072577975	26.02224495700442	0.0
243.0	25.98129726021268	24.053155155185014	24.01527241271309	25.950275171889214	0.0
244.0	26.11076970807057	23.95605247928214	23.7943666509555	26.138811161691795	0.0
245.0	26.159087586776806	23.836288294416153	24.010214827609868	25.99440929119717	0.0
246.0	26.072428052295226	23.920411487764564	23.92608018521723	26.08108027472298	0.0
247.0	26.094052567036545	23.904306391409296	23.974721992642166	26.02691904891199	0.0
248.0	25.9620864676798	23.913335382283346	24.012699511534297	26.111878638502557	0.0
249.0	26.09980037537784	23.900647213461085	23.983301952382515	26.01625045877856	0.0
