# Position (bp)	A	C	G	T	N
0.0	26.351672341051252	23.599690076802133	23.769638837674897	26.278998744471714	0.0
1.0	26.354217330814738	23.681978079154835	23.635319933490933	26.32848465653949	0.0
2.0	26.322664924885697	23.719889951111377	23.560132443215394	26.397312680787532	0.0
3.0	26.395211409376994	23.663599812256486	23.63589067898686	26.305298099379655	0.0
4.0	26.33253036574608	23.77208160864943	23.60752980027595	26.287858225328538	0.0
5.0	26.236047813450643	23.691858821400704	23.660759722709127	26.411333642439526	0.0
6.0	26.34377747559531	23.73439103479276	23.65749470630974	26.264336783302188	0.0
7.0	26.39262280947252	23.738405999903883	23.67366900454855	26.195302186075043	0.0
8.0	26.344994855210935	23.740657402277275	23.67224866857382	26.24209907393797	0.0
9.0	26.274906648651246	23.661916889739405	23.800989905899577	26.262186555709764	0.0
10.0	26.133729804289572	23.702895519350573	23.761687790428166	26.401686885931685	0.0
11.0	26.343742580302326	23.679152486800003	23.638450145284747	26.33865478761292	0.0
12.0	26.15719018169073	23.746707067509355	23.77582054789874	26.320282202901176	0.0
13.0	26.16587853211943	23.87892218243077	23.710177535197534	26.245021750252267	0.0
14.0	26.209124647742016	23.697740743776656	23.75596753997439	26.337167068506933	0.0
15.0	26.38295707328379	23.622837340900933	23.64064456498082	26.353561020834455	0.0
16.0	26.325295585787007	23.696892780725236	23.569415668661264	26.408395964826493	0.0
17.0	26.324447622735587	23.71046018954801	23.608987277727685	26.35610490998872	0.0
18.0	26.256610578621718	23.740138896347823	23.770382911848586	26.23286761318187	0.0
19.0	26.272439222248288	23.72515821577268	23.67314981528538	26.329252746693648	0.0
20.0	26.22269205656479	23.643471108485567	23.800626927349352	26.333209907600292	0.0
21.0	26.428181769359703	23.759359392180084	23.586092275339258	26.226366563120955	0.0
22.0	26.397655099508466	23.602768882017248	23.77377476405428	26.225801254420006	0.0
23.0	26.307205707356644	23.807127977410264	23.647145615041733	26.23852070019136	0.0
24.0	26.24530440460274	23.711025498248954	23.67795493924345	26.36571515790485	0.0
25.0	26.325295585787007	23.59909437546108	23.764164516138152	26.311445522613763	0.0
26.0	26.34282015551642	23.673432469635856	23.64064456498082	26.3431028098669	0.0
27.0	26.314272066118505	23.728267413627897	23.57619937307265	26.381261147180947	0.0
28.0	26.37447744276956	23.667779382626367	23.647710923742682	26.310032250861386	0.0
29.0	26.32275169663274	23.764164516138152	23.61379240168575	26.29929138554336	0.0
30.0	26.227497180522853	23.688695804561476	23.661278332565455	26.422528682350215	0.0
31.0	26.352638570903643	23.72339523446112	23.65244919302411	26.271517001611127	0.0
32.0	26.392775375222588	23.730461573249666	23.681562508832922	26.19520054269482	0.0
33.0	26.35376918510981	23.72028604539416	23.672517595183585	26.253427174312442	0.0
34.0	26.280561915260463	23.655841035642613	23.800559654032053	26.26303739506487	0.0
35.0	26.132168800700985	23.704457446507814	23.753356510924558	26.410017241866647	0.0
36.0	26.33822323977501	23.685802312106052	23.63125017665847	26.344724271460475	0.0
37.0	26.161282116509792	23.74572486503293	23.779360637666414	26.313632380790864	0.0
38.0	26.17505815580385	23.873134138516807	23.703259834195894	26.248547871483446	0.0
39.0	26.202758125560006	23.68743128004952	23.768835272802306	26.340975321588168	0.0
40.0	26.378285484933194	23.615354828132993	23.643337450641763	26.36302223629205	0.0
41.0	26.334756961030664	23.689975154823046	23.58426302534547	26.391004858800816	0.0
42.0	26.33673553029896	23.697324126391006	23.61789870290652	26.348041640403512	0.0
43.0	26.259853981587998	23.729263887436367	23.76996588381276	26.240916247162872	0.0
44.0	26.28218354904449	23.718805735589658	23.669341503882237	26.329669211483615	0.0
45.0	26.22819687329525	23.63824970109471	23.80105768660028	26.332495739009754	0.0
46.0	26.41757421754652	23.759790384718663	23.597830357470936	26.22480504026388	0.0
47.0	26.400049746884456	23.598960968481393	23.768835272802306	26.23215401183184	0.0
48.0	26.30620903301667	23.799361770084598	23.650121116704494	26.24430808019424	0.0
49.0	26.252787662772654	23.70439044520635	23.687148627296907	26.35567326472409	0.0
50.0	26.335887572041123	23.588785469387293	23.766574050781394	26.308752907790193	0.0
51.0	26.343801849114307	23.670189462140076	23.644750714404832	26.34125797434078	0.0
52.0	26.320906976152585	23.71682716632136	23.585110983603315	26.37715487392274	0.0
53.0	26.37263242988092	23.66962415663485	23.659166004788137	26.298577408696094	0.0
54.0	26.328821253225776	23.754419982418998	23.617616050153906	26.299142714201324	0.0
55.0	26.23243666458446	23.68375679426554	23.66679762910871	26.41700891204129	0.0
56.0	26.361817112879883	23.728348860347324	23.648075705499277	26.261758321273515	0.0
57.0	26.40195369030391	23.729479468162083	23.68171128798842	26.186855553545584	0.0
58.0	26.35870794138929	23.71817339001447	23.684820459479017	26.23829820911722	0.0
59.0	26.278434786541244	23.67012255788712	23.807774059334296	26.243668596237335	0.0
60.0	26.138804721418236	23.711955047033285	23.74389471780029	26.40534551374819	0.0
61.0	26.331290701881333	23.68736432706223	23.64383592619392	26.337509044862518	0.0
62.0	26.1631127894356	23.750961016642545	23.78996698625181	26.295959207670045	0.0
63.0	26.180563210691	23.85943192770914	23.71330128069238	26.246703580907482	0.0
64.0	26.21448134926355	23.68192700251277	23.761634628158273	26.341957020065404	0.0
65.0	26.384072042126327	23.60985095804609	23.642073189690016	26.364003810137564	0.0
66.0	26.33149892733887	23.69973402526336	23.57508486600922	26.39368218138855	0.0
67.0	26.341957020065404	23.702560536811074	23.617482539224913	26.337999903898606	0.0
68.0	26.269315673289185	23.726868536121405	23.763047883932128	26.240767906657283	0.0
69.0	26.27553399869415	23.71330128069238	23.678817839810286	26.332346880803183	0.0
70.0	26.22635269776395	23.63500691082073	23.803466999064423	26.335173392350896	0.0
71.0	26.417990180698887	23.754851000443765	23.59911021416478	26.22804860469257	0.0
72.0	26.40244436718646	23.600806121093406	23.770962116265725	26.225787395454404	0.0
73.0	26.302385858397425	23.787073232087693	23.65846695666675	26.252073952848132	0.0
74.0	26.247834185526564	23.708778862216043	23.68644942098911	26.356937531268283	0.0
75.0	26.33206422964841	23.585260307580985	23.770962116265725	26.311713346504877	0.0
76.0	26.344500880458348	23.66920770054806	23.6412252362257	26.34506618276789	0.0
77.0	26.322454090386188	23.70397379258493	23.582716447188044	26.39085566984084	0.0
78.0	26.371918042471165	23.670620956321915	23.656488398583353	26.300972602623567	0.0
79.0	26.331216276184094	23.754851000443765	23.631049794653936	26.282882928718205	0.0
80.0	26.234832232407086	23.678817839810286	23.670055654012376	26.41629427377026	0.0
81.0	26.34640497012386	23.73584628343047	23.661226589484276	26.2565221569614	0.0
82.0	26.398695285957363	23.731323877736763	23.689774275425812	26.18020656088006	0.0
83.0	26.349231473682426	23.725670870619624	23.67762031012397	26.247477345573976	0.0
84.0	26.27998213649751	23.671119351939264	23.801421165989247	26.247477345573976	0.0
85.0	26.14487526639796	23.697405835033948	23.752522654426024	26.405196244142072	0.0
86.0	26.33622955731301	23.691752827916808	23.628721798560743	26.343295816209434	0.0
87.0	26.171161749492644	23.74913085015574	23.784462144637843	26.295245255713777	0.0
88.0	26.18776410067977	23.845729871818424	23.72192936587572	26.244576661626084	0.0
89.0	26.21885555194392	23.684054325244848	23.753303466696813	26.343786656114414	0.0
90.0	26.36950776579658	23.61876227759013	23.652114925309856	26.35961503130344	0.0
91.0	26.333328622507384	23.701013298661657	23.57777809183284	26.38787998699812	0.0
92.0	26.339829562317163	23.6970562048644	23.633460054551364	26.329654178267077	0.0
93.0	26.27340691643466	23.71288458005342	23.77789397815119	26.23581452536073	0.0
94.0	26.269732472194352	23.713449879167314	23.68264107746011	26.334176571178226	0.0
95.0	26.223095295298126	23.62950296075411	23.805593634731977	26.341808109215787	0.0
96.0	26.425472378072044	23.75104227024124	23.589084074110716	26.234401277575998	0.0
97.0	26.416144942692803	23.58964937322461	23.771110388784468	26.223095295298126	0.0
98.0	26.303650419027967	23.79937534447915	23.658050566005738	26.238923670487146	0.0
99.0	26.24033691827188	23.70949278537006	23.68829406859905	26.361876227759012	0.0
100.0	26.332198024279595	23.58484433075651	23.76291355163301	26.320044093330885	0.0
101.0	26.342090758772734	23.66850859961277	23.639960994361143	26.34943964725335	0.0
102.0	26.32202264022951	23.70666628980059	23.581169886516204	26.390141183453697	0.0
103.0	26.380248448960558	23.673878941194758	23.65070167752512	26.29517093231956	0.0
104.0	26.333328622507384	23.746237227773147	23.628372362526324	26.29206178719315	0.0
105.0	26.241467516499668	23.673596291637814	23.662007659802995	26.422928532059526	0.0
106.0	26.353039604743977	23.732037671426472	23.662506076948297	26.252416646881255	0.0
107.0	26.409569356352247	23.73147237391039	23.68766181641398	26.171296453323382	0.0
108.0	26.352474307227897	23.71479609718595	23.68568327510769	26.247046320478468	0.0
109.0	26.286051849088178	23.66109283315809	23.799308075840315	26.253547241913417	0.0
110.0	26.14981514771224	23.682291490011192	23.7588893034404	26.409004058836167	0.0
111.0	26.33551538174541	23.68172619249511	23.631980011079833	26.35077841467965	0.0
112.0	26.194191002724732	23.742778324232045	23.78602358421237	26.27700708883085	0.0
113.0	26.18620282252252	23.845029776962495	23.7226432106547	26.246124189860286	0.0
114.0	26.216446154150546	23.679398072906217	23.767866884117165	26.336288888826076	0.0
115.0	26.375576955146595	23.603365771897444	23.651133276992173	26.36992399596379	0.0
116.0	26.344203031682014	23.691551935149253	23.57905804741137	26.385186985757368	0.0
117.0	26.326678858215303	23.692399879026674	23.6415232463814	26.339398016376624	0.0
118.0	26.278346057202295	23.70964140453424	23.776346322891374	26.235666215372095	0.0
119.0	26.270431914346364	23.711902588207362	23.691834583108392	26.32583091433788	0.0
120.0	26.226338832720458	23.625129664751256	23.80037139941831	26.348160103109976	0.0
121.0	26.43238919493382	23.74412445554937	23.59234250149097	26.231143848025845	0.0
122.0	26.424475052077884	23.59347309332753	23.768149532076304	26.21390232251828	0.0
123.0	26.305480261279772	23.789630776970974	23.652546516787876	26.252342444961375	0.0
124.0	26.239057990881776	23.695226358618076	23.701444613719165	26.364271036780977	0.0
125.0	26.334593001071237	23.57340508822856	23.770693363708567	26.321308546991634	0.0
126.0	26.34844275106912	23.66187389943951	23.647458853523347	26.342224495968026	0.0
127.0	26.32809209801101	23.701444613719165	23.586406894349018	26.384056393920808	0.0
128.0	26.390839944940176	23.665548322908332	23.638979414749137	26.304632317402355	0.0
129.0	26.32272178678734	23.741297975957963	23.638696766789995	26.2972834704647	0.0
130.0	26.24018858271834	23.671766578009425	23.67657159331481	26.411473245957428	0.0
131.0	26.371977071532747	23.72073172110482	23.6591142918518	26.248176915510633	0.0
132.0	26.40137254236905	23.7294938326041	23.693314791574807	26.17581883345205	0.0
133.0	26.35671403859852	23.716491989734198	23.68172619249511	26.245067779172178	0.0
134.0	26.274180601250443	23.659679589367887	23.810614026161968	26.255525783219706	0.0
135.0	26.13342151974584	23.69388008909089	23.766520819907516	26.40617757125575	0.0
136.0	26.329862406584585	23.67946500243078	23.655722506755307	26.33495008422933	0.0
137.0	26.181754457370914	23.734864159006886	23.79789483205011	26.28548655157209	0.0
138.0	26.19059059624924	23.832727992198873	23.729278254356338	26.247403157195553	0.0
139.0	26.210658714792462	23.689142017269887	23.771110388784468	26.329088879153183	0.0
140.0	26.38646673921339	23.593606467021864	23.6523975748668	26.36752921889795	0.0
141.0	26.337851015418533	23.689142017269887	23.582583134300936	26.39042383301064	0.0
142.0	26.326128555398213	23.68899328138205	23.646595608166358	26.33828255505338	0.0
143.0	26.292775719135204	23.701147281037215	23.789899743635402	26.21617725619218	0.0
144.0	26.2907971610518	23.70001667641813	23.688427979072507	26.32075818345756	0.0
145.0	26.228331255847348	23.610698911510404	23.806010859457366	26.354958973184882	0.0
146.0	26.428805625904488	23.748699801013025	23.599459569464546	26.223035003617944	0.0
147.0	26.43021888567294	23.572607633863964	23.77922621201158	26.217947268451518	0.0
148.0	26.3001989869754	23.784879251085382	23.662490955137482	26.252430806801737	0.0
149.0	26.238089719636736	23.703825139701124	23.696476168133163	26.361608972528977	0.0
150.0	26.340975321588168	23.560802846878524	23.77872811914379	26.31949371238952	0.0
151.0	26.347193682145676	23.66142722680905	23.65803539377768	26.333343697267598	0.0
152.0	26.3395620578251	23.696758820885776	23.584545678098088	26.379133443191037	0.0
153.0	26.387895678522067	23.666514976356098	23.64842520018881	26.297164144933028	0.0
154.0	26.321472281657815	23.754419982418998	23.63881500659994	26.285292729323245	0.0
155.0	26.246851954967767	23.665101712593028	23.672168031408376	26.415878301030837	0.0
156.0	26.361683484552984	23.714915627914866	23.672517595183585	26.25088329234857	0.0
157.0	26.399559060459595	23.7205686989457	23.69880437547698	26.181067865117726	0.0
158.0	26.35659572062523	23.72311258090958	23.689476808276098	26.230814890189098	0.0
159.0	26.27490884422963	23.660928799570367	23.80960456768139	26.25455778851861	0.0
160.0	26.135277989767943	23.677605359111336	23.77625144859945	26.410865202521272	0.0
161.0	26.3368099720173	23.66771248480737	23.650187964611774	26.345289578563552	0.0
162.0	26.193787274937108	23.733005455213547	23.793775968795046	26.279431301054295	0.0
163.0	26.182272484446944	23.83426279505581	23.733355191936436	26.25010952856081	0.0
164.0	26.21788693260672	23.67428043268728	23.791299333783698	26.316533300922302	0.0
165.0	26.386066271139015	23.6022035733163	23.655342591205493	26.356387564339194	0.0
166.0	26.337167068506933	23.68530395235578	23.593723942802068	26.383805036335218	0.0
167.0	26.32629237365986	23.68939503147374	23.644170079737243	26.340142515129163	0.0
168.0	26.28361132545854	23.698157365872685	23.793129764519332	26.22510154414945	0.0
169.0	26.285872573045367	23.706919700271634	23.69052565526715	26.316682071415855	0.0
170.0	26.222840296562623	23.61279526947005	23.818286143922755	26.346078290044574	0.0
171.0	26.423600707772493	23.746841310848932	23.608904818166916	26.22065316321166	0.0
172.0	26.432928380433367	23.563962395346337	23.78273871775593	26.22037050646436	0.0
173.0	26.289621409552666	23.7948929578898	23.66684945136325	26.24863618119428	0.0
174.0	26.234577497632745	23.703944486057914	23.69376881439292	26.367709201916416	0.0
175.0	26.34679254349393	23.557527877100497	23.76782509151038	26.32785448789519	0.0
176.0	26.360642763260174	23.65730599092669	23.648826264539196	26.33322498127394	0.0
177.0	26.32926777562644	23.709880294529164	23.586924261910482	26.373927667933916	0.0
178.0	26.38636459996891	23.667764320137938	23.653348785279196	26.292522294613963	0.0
179.0	26.318809446415198	23.75312689910539	23.647978291900447	26.28008536257897	0.0
180.0	26.234577497632745	23.670308238054186	23.68076656726543	26.414347697047642	0.0
181.0	26.364957148994865	23.707686045722813	23.679420211202316	26.247936594080002	0.0
182.0	26.408203875811232	23.71136060421048	23.70796870406802	26.172466815910273	0.0
183.0	26.359869298781174	23.72181896298306	23.68874793659408	26.22956380164168	0.0
184.0	26.283834203921035	23.64861045157497	23.797854057843203	26.269701286660784	0.0
185.0	26.135438572688418	23.676593627750268	23.78456911561857	26.403398683942747	0.0
186.0	26.333864731022317	23.669809827465347	23.652285010062638	26.3440404314497	0.0
187.0	26.19197024172942	23.731146688374828	23.799832666259636	26.277050403636114	0.0
188.0	26.1796072733851	23.83042712623275	23.735170994649263	26.254794605732894	0.0
189.0	26.214657007261515	23.664788867752264	23.78915889118471	26.331395233801512	0.0
190.0	26.395558859526886	23.59271078599028	23.658853025724806	26.352877328758023	0.0
191.0	26.333373847810666	23.69051084987125	23.589601535404473	26.386513766913616	0.0
192.0	26.319955000409855	23.693754045581873	23.653616220204025	26.332674733804247	0.0
193.0	26.28292644319508	23.690079455934605	23.794098609026488	26.23289549184382	0.0
194.0	26.280665157258305	23.7019512071027	23.6903621166767	26.327021518962297	0.0
195.0	26.240244671138356	23.605846554789544	23.81105825355234	26.342850520519757	0.0
196.0	26.422635536208944	23.743004126858498	23.61693707954096	26.217423257391598	0.0
197.0	26.420656905421446	23.576516479167843	23.787099327265533	26.215727288145175	0.0
198.0	26.289501950364635	23.804624342811916	23.66470687998191	26.24116682684154	0.0
199.0	26.258766065820755	23.68710409605997	23.695301303921372	26.358828534197905	0.0
200.0	26.34893535229621	23.555383445597393	23.760030979792468	26.335650222313927	0.0
201.0	26.353175287396937	23.649792667173575	23.668448381616773	26.328583663812722	0.0
202.0	26.328583663812722	23.70717312220341	23.58845493938306	26.375788274600808	0.0
203.0	26.386246781182603	23.664491108856094	23.653467277594203	26.295794832367097	0.0
204.0	26.318973144251075	23.755791044691744	23.654032602274302	26.271203208782882	0.0
205.0	26.2415236630778	23.66873104395682	23.678624225858517	26.41112106710687	0.0
206.0	26.367249332911218	23.703699516077968	23.680521007643254	26.248530143367553	0.0
207.0	26.41615033241373	23.71670209398037	23.693523585545655	26.17362398806024	0.0
208.0	26.355660078693866	23.71698475871738	23.691262267649584	26.236092894939173	0.0
209.0	26.29305714947961	23.644756256819324	23.79937474206697	26.262811851634094	0.0
210.0	26.13391600287189	23.690830869425113	23.774500104586544	26.40075302311645	0.0
211.0	26.330651772035253	23.671609558644786	23.661150904249606	26.33658776507036	0.0
212.0	26.19950815501597	23.727563105972806	23.804449218418746	26.268479520592475	0.0
213.0	26.18290466377778	23.822324737328596	23.734131594345463	26.260639004548164	0.0
214.0	26.212302378105484	23.67590150635019	23.7796415174874	26.332154598056924	0.0
215.0	26.40140882892509	23.591665747988095	23.652439868954033	26.354485554132783	0.0
216.0	26.347418795880927	23.67646684701034	23.598732506239948	26.377381850868787	0.0
217.0	26.326516190126213	23.691150905261967	23.668537023165097	26.313795881446723	0.0
218.0	26.288637937613952	23.69228159936681	23.790086639435785	26.22899382358345	0.0
219.0	26.287224569982897	23.695673681681342	23.701327152205558	26.315774596130197	0.0
220.0	26.251042358627902	23.598716662191002	23.81976735968793	26.330473619493166	0.0
221.0	26.43683359527821	23.72683483904524	23.606698250811277	26.229633314865275	0.0
222.0	26.431745457423595	23.570798611503715	23.789305864926902	26.20815006614579	0.0
223.0	26.284472133965014	23.803156906864466	23.677084157800117	26.235286801370407	0.0
224.0	26.267303251046602	23.682804589513317	23.704853249209215	26.345038910230862	0.0
225.0	26.361151392316323	23.557862184569895	23.763366999940637	26.317619423173138	0.0
226.0	26.360586042067712	23.652275676088227	23.664713381557707	26.32242490028635	0.0
227.0	26.32723037739956	23.715877579057164	23.592065874610967	26.36482616893231	0.0
228.0	26.39592043260601	23.658211853698663	23.655667777579907	26.29019993611542	0.0
229.0	26.316488722675917	23.76082292382188	23.643230072110423	26.279458281391776	0.0
230.0	26.241014464486113	23.667257457676467	23.67884713777303	26.412880940064394	0.0
231.0	26.365466047794843	23.694461247957666	23.693895896110945	26.246176808136546	0.0
232.0	26.422001232467025	23.712269831129404	23.697288007191275	26.168440929212295	0.0
233.0	26.3629219644846	23.70152814604169	23.703224201581854	26.232325687891862	0.0
234.0	26.29479706695462	23.644710285446145	23.803291478451612	26.25720116914762	0.0
235.0	26.13608095884215	23.680744007236544	23.78816146540027	26.39501356852103	0.0
236.0	26.331693803708728	23.657281772953414	23.67650384441429	26.334520578923566	0.0
237.0	26.193181818181817	23.729364540931705	23.811906377204885	26.265547263681594	0.0
238.0	26.1697935600225	23.833739918984392	23.737911968317412	26.25855455267569	0.0
239.0	26.19466925223104	23.671199884667246	23.798687807236	26.335443055865714	0.0
240.0	26.389689835702253	23.587695195449868	23.663172653979668	26.359442314868208	0.0
241.0	26.3288827575289	23.698962788738527	23.607652012653467	26.364502441079107	0.0
242.0	26.328927839423283	23.670365396847835	23.673757862746484	26.3269489009824	0.0
243.0	26.269959741258425	23.68848102411001	23.813724159768398	26.227835074863165	0.0
244.0	26.26949729009932	23.6978481946718	23.699827256200823	26.33282725902805	0.0
245.0	26.24828943350562	23.59620452155031	23.80995464878253	26.345551396161543	0.0
246.0	26.424499813384305	23.730730515624824	23.606320051573793	26.238449619417082	0.0
247.0	26.451226133381596	23.56065061985341	23.783481132929147	26.204642113835853	0.0
248.0	26.282702080546592	23.796340025282163	23.67954435548869	26.241413538682558	0.0
249.0	26.239939367544668	23.67804844940414	23.707459715050085	26.374552468001113	0.0
