# Position (bp)	A	C	G	T	N
0.0	25.989955136706072	23.902824412403714	23.920036116362407	26.187184334527807	0.0
1.0	26.156146835585904	24.02612793092746	23.78290680285545	26.03481843063119	0.0
2.0	25.96591710633976	23.937872076291512	23.968061394351494	26.128149423017238	0.0
3.0	26.088195463265997	23.958921114998308	23.933246811872248	26.019636609863444	0.0
4.0	26.188360289906594	23.798803246637835	23.94550568613013	26.06733077732544	0.0
5.0	26.11912929653118	23.970863707147533	23.83855424405877	26.07145275226252	0.0
6.0	26.167182907082363	23.90334173987125	23.777525769705996	26.151949583340382	0.0
7.0	26.170111933562012	23.867970301498463	23.852737407474272	26.109180357465245	0.0
8.0	26.109486024411087	23.938044235580843	23.899117375765492	26.053352364242578	0.0
9.0	26.062269409123218	23.927576130247882	24.024607642924035	25.98554681770487	0.0
10.0	26.062577036658872	23.82333114269516	24.042771035062433	26.071320785583534	0.0
11.0	26.117295981542227	23.83997247129371	23.93756399154959	26.10516755561447	0.0
12.0	26.224477419973542	23.813741224519728	23.88566561083548	26.076115744671245	0.0
13.0	26.132809084473074	23.89017851350627	23.957025884317382	26.01998651770327	0.0
14.0	26.027037928126383	23.869306338653857	23.956179715066607	26.14747601815315	0.0
15.0	25.986985916923107	23.83884424562601	23.985795638843683	26.188374198607207	0.0
16.0	26.070192559915835	23.97930834125442	23.917255929531027	26.033243169298725	0.0
17.0	26.106295781282174	23.940948668552682	23.92628173487261	26.026473815292533	0.0
18.0	26.025063533207916	23.972821043665153	23.918666211615648	26.08344921151129	0.0
19.0	25.95426737255986	23.970846648746683	23.85012650230299	26.224759476390467	0.0
20.0	25.99911434285086	23.874101297741575	24.009206321448417	26.117578037959156	0.0
21.0	26.170322587924037	23.96633374607589	23.82079263494284	26.042551031057233	0.0
22.0	26.15734799274551	23.942358950637306	23.87805008757852	26.02224296903867	0.0
23.0	26.02781068426694	23.91464996897388	23.918034636430306	26.139504710328875	0.0
24.0	26.006938568285666	24.002087211598127	23.89970102104135	26.09127319907486	0.0
25.0	25.972527782478704	23.908162689682406	23.931855361877364	26.187454165961526	0.0
26.0	26.14937665707678	24.02888249562814	23.786314661251197	26.035426186043885	0.0
27.0	25.964630225080388	23.935240029333784	23.97077903762622	26.12935070795961	0.0
28.0	26.077378920914647	23.970993481712977	23.947300876344343	26.004326721028033	0.0
29.0	26.171867287563355	23.81050428582308	23.95265991803487	26.064968508578694	0.0
30.0	26.110943445186873	23.966198549674086	23.843222645617857	26.079635359521188	0.0
31.0	26.143661804981654	23.900479775258717	23.78427318702209	26.171585232737538	0.0
32.0	26.151277285278713	23.871710183025378	23.87058196372211	26.106430567973803	0.0
33.0	26.09881508767674	23.93517251883421	23.90950552968486	26.056506863804184	0.0
34.0	26.05142987693948	23.940531560524736	24.030789104786187	25.977249457749597	0.0
35.0	26.08104563365027	23.824042917462297	24.038968694734884	26.05594275415255	0.0
36.0	26.11714865135485	23.848863742134196	23.941659779828004	26.092327826682947	0.0
37.0	26.220662772429705	23.82460702711393	23.891736075658386	26.062994124797978	0.0
38.0	26.127302625084265	23.900197720432896	23.978891016835853	25.993608637646986	0.0
39.0	26.02830138122248	23.872556347502826	23.97522430410023	26.12391796717446	0.0
40.0	25.97104425158162	23.85873566103779	23.990737319520168	26.179482767860417	0.0
41.0	26.074558372656476	23.985378277829643	23.910915803813946	26.02914754569993	0.0
42.0	26.096558649070207	23.944198273260355	23.947018821518526	26.012224256150912	0.0
43.0	26.01786535266725	23.976634578229316	23.926146764408067	26.079353304695367	0.0
44.0	25.958351784419854	23.968172933454802	23.859863880341063	26.21361140178428	0.0
45.0	25.993608637646986	23.873684566806098	24.011045266978996	26.121661528567923	0.0
46.0	26.167354410350285	23.974660194448596	23.816145382339418	26.0418400128617	0.0
47.0	26.142815640504203	23.94307005395709	23.887223198445316	26.026891107093398	0.0
48.0	26.021740724653213	23.927207495867908	23.915079172566298	26.135972606912578	0.0
49.0	26.004817482837012	23.998003057465688	23.911412470172785	26.08576698952451	0.0
50.0	25.970688945174338	23.911412470172785	23.93595117080628	26.181947413846597	0.0
51.0	26.15007530842608	24.026490514522962	23.78787280491451	26.035561372136446	0.0
52.0	25.970970999204606	23.93256652244304	23.973182302801924	26.123280175550427	0.0
53.0	26.062565048527258	23.978191643890867	23.94378114925411	26.01546215832776	0.0
54.0	26.188360791215736	23.809805862758537	23.9457555218972	26.056077824128526	0.0
55.0	26.1091038322573	23.973960845369955	23.850421528559302	26.066513793813446	0.0
56.0	26.148309231884426	23.90513985609644	23.787241603980334	26.159309308038797	0.0
57.0	26.153950296578977	23.87411400027641	23.883985863491873	26.087949839652737	0.0
58.0	26.101770448154383	23.953370959234846	23.9119091337299	26.03294945888087	0.0
59.0	26.04225721562688	23.95196069306121	24.027550959968185	25.978231131343733	0.0
60.0	26.082590828192913	23.838011186231288	24.0379869296531	26.041411055922698	0.0
61.0	26.124334706932583	23.857754912662216	23.94490936219302	26.073001018212178	0.0
62.0	26.215437901749578	23.834626547414558	23.892165407298975	26.05777014353689	0.0
63.0	26.121796227820038	23.9037295899228	23.97114031302268	26.00333386923448	0.0
64.0	26.026462234482135	23.874960159980596	23.97537111154359	26.123206493993678	0.0
65.0	25.963846416372625	23.852113847967665	23.99849947679125	26.18554025886846	0.0
66.0	26.07525744409	23.976499324482504	23.918960464598086	26.02928276682941	0.0
67.0	26.106283299910025	23.942934989549926	23.944345255723565	26.006436454816484	0.0
68.0	26.03520588475869	23.978191643890867	23.920652784006453	26.065949687343988	0.0
69.0	25.95961561785171	23.974242898604682	23.85888312560113	26.207258357942475	0.0
70.0	26.002769762765027	23.88370381025715	24.00273027531216	26.110796151665667	0.0
71.0	26.161001627447167	23.975653164778322	23.82052388567818	26.042821322096334	0.0
72.0	26.126027026340953	23.94237088308047	23.900627004340798	26.030975086237778	0.0
73.0	26.002978473757842	23.930739203032626	23.93468793718128	26.13159438602825	0.0
74.0	26.002978473757842	23.993636896971886	23.910149374971795	26.09323525429848	0.0
75.0	25.962080870075365	23.912969899363688	23.948790559140757	26.17615867142019	0.0
76.0	26.149081637258	24.021278036012454	23.792251455390588	26.03738887133896	0.0
77.0	25.96010650300104	23.926790468883972	23.98997021526242	26.123132812852567	0.0
78.0	26.07341804284364	23.981723053491095	23.940261461873668	26.004597441791592	0.0
79.0	26.19018742331721	23.821799771538167	23.93885120365539	26.049161601489235	0.0
80.0	26.11064885980623	23.97692817554894	23.839286973444835	26.073135991199987	0.0
81.0	26.139136075815482	23.906979367922265	23.796415123609133	26.15746943265312	0.0
82.0	26.15098224484903	23.88921011437194	23.87877420355667	26.081033437222356	0.0
83.0	26.1019052588529	23.963671748297113	23.908389626140547	26.026033366709445	0.0
84.0	26.041264155466866	23.952107630907218	24.041800053589814	25.964828160036102	0.0
85.0	26.085546263520847	23.839286973444835	24.03503081414207	26.04013594889224	0.0
86.0	26.126161700207305	23.848030574398173	23.949851217757974	26.07595650763655	0.0
87.0	26.219238742613772	23.844363903030644	23.885261391360757	26.051135962994827	0.0
88.0	26.12052066733419	23.90895372942786	23.97100509103217	25.999520512205788	0.0
89.0	26.019264127261703	23.888928062728283	23.975517917330663	26.11628989267935	0.0
90.0	25.968494831403632	23.855363917133225	23.99046665444443	26.185674597018714	0.0
91.0	26.06890521654515	23.98764613800787	23.924466569828937	26.018982075618048	0.0
92.0	26.088084728313753	23.939133255299044	23.950415321045284	26.02236669534192	0.0
93.0	26.00544359672256	23.97777433047991	23.936876842149797	26.079905230647732	0.0
94.0	25.960033282093953	23.960287128573242	23.87736394533839	26.202315643994417	0.0
95.0	25.997264099056537	23.88667164957904	24.011902579362282	26.104161672002146	0.0
96.0	26.14759762512516	23.9772102271926	23.827722856054944	26.047469291627294	0.0
97.0	26.120238615690532	23.939415306942703	23.91459476230098	26.025751315065786	0.0
98.0	26.000293332882052	23.928065751693715	23.928911904238095	26.142729011186137	0.0
99.0	25.996626671856404	23.990116938281634	23.912835005894863	26.100421383967102	0.0
100.0	25.956011349726126	23.915091412679878	23.944706751733204	26.184190485860793	0.0
101.0	26.16529307903629	24.022270734968103	23.77914290388271	26.0332932821129	0.0
102.0	25.97237029891749	23.921860633034925	23.990681039977886	26.1150880280697	0.0
103.0	26.07157866234942	23.977074971724484	23.9429469153596	26.0083994505665	0.0
104.0	26.196808885704858	23.824767943319223	23.932511063413315	26.045912107562607	0.0
105.0	26.11642462071319	23.976228821566675	23.834921745212906	26.07242481250723	0.0
106.0	26.15111677718328	23.906844508626502	23.779357884850246	26.162680829339973	0.0
107.0	26.15845007855094	23.87779335320846	23.88371640431311	26.080040163927492	0.0
108.0	26.1051426186091	23.955357117674104	23.921793161414424	26.017707102302374	0.0
109.0	26.040553156563163	23.954228917463695	24.031792681929335	25.973425244043806	0.0
110.0	26.076655563296264	23.841126846370155	24.030946531771527	26.051271058562055	0.0
111.0	26.12601432250167	23.850152448053432	23.951126366885067	26.07270686255983	0.0
112.0	26.23460359275357	23.850716548158637	23.88033180368188	26.034348055405914	0.0
113.0	26.137296324605764	23.89781890694323	23.969177570251617	25.99570719819939	0.0
114.0	26.022784003249217	23.888793305259952	23.975946771514074	26.112475919976756	0.0
115.0	25.964681692413134	23.850716548158637	24.000485126090474	26.18411663333775	0.0
116.0	26.08850166550556	23.993151824722815	23.912203459625943	26.00614305014568	0.0
117.0	26.102322118083077	23.938998214623165	23.947459716201237	26.011219951092524	0.0
118.0	26.011502001145125	23.972844220935446	23.93222901336071	26.083424764558714	0.0
119.0	25.962425291992318	23.961844268883954	23.861152400104924	26.214578039018804	0.0
120.0	26.0083994505665	23.888793305259952	24.002459476458693	26.100347767714858	0.0
121.0	26.15647572818272	23.981587772566122	23.821665392740595	26.04027110651056	0.0
122.0	26.11614257066059	23.937870014412756	23.918408560783195	26.027578854143457	0.0
123.0	26.005652298996463	23.93060420932686	23.92778370084559	26.13595979083109	0.0
124.0	25.996344621008276	23.995193853547917	23.92045037879429	26.08801114664952	0.0
125.0	25.951498536156098	23.92129653133867	23.93821958222628	26.188985350278948	0.0
126.0	26.147523875604296	24.025655345145623	23.79409159883344	26.03272918041665	0.0
127.0	25.96842158704371	23.924399090668068	23.990116938281634	26.11706238400659	0.0
128.0	26.065802648464935	23.980030743629158	23.939415306942703	26.01475130096321	0.0
129.0	26.17890535757097	23.829415165916878	23.941953771735605	26.049725704776545	0.0
130.0	26.10105910392193	23.968466626239266	23.851979297409358	26.07849497242945	0.0
131.0	26.144004693352592	23.908175007897466	23.7784308858703	26.16938941287964	0.0
132.0	26.154722686041787	23.872636400559593	23.882226183492033	26.090414729906584	0.0
133.0	26.111850715284984	23.949354664019136	23.915790423755585	26.023004196940295	0.0
134.0	26.045568392075452	23.94145719572183	24.034816553093552	25.978157859109164	0.0
135.0	26.08428314760128	23.838575292700746	24.034320237601644	26.042821322096334	0.0
136.0	26.132796303974416	23.841959931517476	23.9539350657043	26.071308698803815	0.0
137.0	26.228130297312312	23.85972928530531	23.88229354408351	26.02984687329887	0.0
138.0	26.132232197504955	23.90316548345335	23.968037727440677	25.996564591601018	0.0
139.0	26.030128926533596	23.880883277909874	23.982140389177054	26.10684740637948	0.0
140.0	25.95566687256553	23.859165178835852	24.00329438178162	26.181873566817	0.0
141.0	26.08400109436655	23.988909666810514	23.915011719311902	26.012077519511035	0.0
142.0	26.092744744643102	23.941806776611017	23.947729894540295	26.017718584205586	0.0
143.0	26.005590295112302	23.972550579196316	23.931652860160828	26.090206265530558	0.0
144.0	25.951154020809884	23.95506327864321	23.863395977356767	26.230386723190136	0.0
145.0	26.00735596910944	23.87559160832849	23.99349019298137	26.1235622295807	0.0
146.0	26.167072355524468	23.97071142688716	23.819247985423406	26.04296823216497	0.0
147.0	26.11855892548394	23.92389032580153	23.91796717445937	26.039583574255165	0.0
148.0	25.995374287809558	23.932701528741468	23.930163028149153	26.141761155299825	0.0
149.0	25.990297286624926	24.00293337846223	23.912675579624302	26.094093755288544	0.0
150.0	25.962937891352173	23.908162689682406	23.937496474304734	26.191402944660684	0.0
151.0	26.15417160264004	24.01901054888024	23.800417442319624	26.026400406160093	0.0
152.0	25.981553562362496	23.925086026964518	23.98826648615107	26.105093924521917	0.0
153.0	26.079500421674346	23.98071862333904	23.932204919628024	26.007576035358593	0.0
154.0	26.187810085773357	23.827844045365953	23.941512781386535	26.042833087474154	0.0
155.0	26.089801628602938	23.98000772838942	23.8578766109038	26.072314032103844	0.0
156.0	26.149953742356207	23.91491978247625	23.775300674684658	26.159825800482885	0.0
157.0	26.17082609382404	23.87402125595144	23.88304713766726	26.072105512557258	0.0
158.0	26.123440214815986	23.96569036712774	23.905611841956812	26.005257576099467	0.0
159.0	26.06166933682334	23.93353566351513	24.026897127513145	25.977897872148386	0.0
160.0	26.088820567785977	23.8489852905919	24.020759586500628	26.041434555121494	0.0
161.0	26.137334818847226	23.846446754199164	23.960680891872453	26.055537535081164	0.0
162.0	26.247056002933423	23.852934124980607	23.87070387972979	26.029305992356182	0.0
163.0	26.13902717644238	23.90173043564105	23.96209118986842	25.997151198048147	0.0
164.0	26.013228595202165	23.87916566770559	23.990015090188557	26.117590646903693	0.0
165.0	25.959073152157053	23.869857700932208	23.989168911390976	26.181900235519766	0.0
166.0	26.097564415360964	23.977040348625664	23.91385899840636	26.011536237607007	0.0
167.0	26.099538832555318	23.94573173311521	23.940654660329727	26.014074773999745	0.0
168.0	26.01097211840862	23.974783871832116	23.924859322774903	26.089384686984356	0.0
169.0	25.94891900658609	23.97393769303454	23.872396237324946	26.204747063054423	0.0
170.0	26.005686337558597	23.89079749756018	23.992057179283226	26.111458985597995	0.0
171.0	26.157508609917834	23.98112446514147	23.81950340306826	26.041863521872433	0.0
172.0	26.11245247255537	23.928164453420283	23.92788239143434	26.031500682590007	0.0
173.0	25.9940597578209	23.94910459170002	23.93246288758952	26.124372762889564	0.0
174.0	25.988418502190218	23.99874764124999	23.912436430100612	26.100397426459182	0.0
175.0	25.944980833834	23.920052125202027	23.940078582690933	26.19488845827304	0.0
176.0	26.15145078991682	24.019620287083498	23.797354815234776	26.031574107764904	0.0
177.0	25.976571865365795	23.922872753017366	23.997055264560785	26.103500117056054	0.0
178.0	26.061828336106956	23.98584040842806	23.934504837390346	26.017826418074634	0.0
179.0	26.18452599215863	23.824500042309538	23.939581981778694	26.051391983753135	0.0
180.0	26.09857021569463	23.956855433547044	23.86687689864581	26.07769745211252	0.0
181.0	26.1516720823179	23.896278996299305	23.77611923458796	26.175929686794834	0.0
182.0	26.164647080061375	23.86948280530734	23.880201281704124	26.085668832927162	0.0
183.0	26.133619911544365	23.947050726599876	23.897971387309326	26.02135797454644	0.0
184.0	26.056334055420166	23.930690946836357	24.03815777597256	25.97481722177092	0.0
185.0	26.10069190780956	23.839369074851845	24.02045542370539	26.039483593633207	0.0
186.0	26.139899076798102	23.84501039413077	23.95332372428616	26.06176680478497	0.0
187.0	26.241724889782724	23.85234410919338	23.87152459474173	26.034406406282173	0.0
188.0	26.139899076798102	23.89352573992954	23.96347809898823	26.003097084284132	0.0
189.0	26.018046580373287	23.881114837515902	23.99422328905838	26.106615293052432	0.0
190.0	25.968967102646623	23.861088154075713	23.979837924897115	26.19010681838055	0.0
191.0	26.08687067557619	23.98209445260869	23.90593664234318	26.025098229471944	0.0
192.0	26.10069190780956	23.947682405007235	23.930194315242563	26.02143137194064	0.0
193.0	26.011559063202522	23.963760164952173	23.926809523675207	26.097871248170097	0.0
194.0	25.952043144809846	23.979273792969224	23.852908241121266	26.215774821099664	0.0
195.0	26.02037650271066	23.88033599792399	23.983008298404066	26.116279200961284	0.0
196.0	26.148226500246807	23.980819406247797	23.829349129116423	26.04160496438897	0.0
197.0	26.11445205402173	23.92334510498584	23.923909241687447	26.038293599304986	0.0
198.0	25.994646327600744	23.941182941586302	23.928207760850494	26.135962969962456	0.0
199.0	25.9960566733329	23.988852627333067	23.920309824750436	26.094780874583595	0.0
200.0	25.946412503561124	23.909591197186078	23.94428570219704	26.199710597055763	0.0
201.0	26.157400225091177	24.000417462336717	23.802969059835327	26.039213252736776	0.0
202.0	25.97010631186129	23.909309128039645	24.007751260143912	26.112833299955152	0.0
203.0	26.070032325215358	23.976509215225008	23.928275255132263	26.02518320442737	0.0
204.0	26.189629980650004	23.8202424673222	23.93391665397352	26.05621089805428	0.0
205.0	26.101133642294815	23.965294016433443	23.853594004304398	26.079978336967347	0.0
206.0	26.161852645830987	23.896254090037232	23.765654970100417	26.176238294031368	0.0
207.0	26.17003272029787	23.87453458196999	23.882714656436875	26.072718041295275	0.0
208.0	26.124337131896645	23.95802775583888	23.915434954304413	26.002200157960058	0.0
209.0	26.05833239309489	23.930102674038135	24.044905788107865	25.966659144759113	0.0
210.0	26.086048984680655	23.84865127115895	24.015073945261044	26.05022579889935	0.0
211.0	26.13456542526635	23.836804233341514	23.94906902027818	26.07956132111396	0.0
212.0	26.238650114662406	23.85203613910679	23.870370840490917	26.038942905739894	0.0
213.0	26.15854157323021	23.90506573695627	23.949351092607166	25.987041597206357	0.0
214.0	26.02173649367171	23.88108958899241	23.980096976466704	26.117076940869175	0.0
215.0	25.978579427336758	23.86613975555612	23.964300926043457	26.190979891063666	0.0
216.0	26.109460987986537	23.970224444952173	23.88926968653302	26.031044880528263	0.0
217.0	26.11143549428945	23.929323957249117	23.937786127118716	26.02145442134272	0.0
218.0	26.023146855316643	23.956967045489804	23.91578448545776	26.104101613735793	0.0
219.0	25.973502125415	23.96486507070143	23.84103531827631	26.22059748560726	0.0
220.0	26.020681601498374	23.883413536125104	23.990319250362464	26.10558561201406	0.0
221.0	26.150509002389168	23.98051433358626	23.817193533737452	26.05178313028712	0.0
222.0	26.124067743063783	23.91090952171411	23.924167033363798	26.040855701858305	0.0
223.0	26.002284811644078	23.945672256463055	23.918028856324838	26.13401407556803	0.0
224.0	26.00566971778345	23.996727924065272	23.916054327743534	26.081548030407742	0.0
225.0	25.95687065427415	23.900822250116356	23.940312821742378	26.201994273867115	0.0
226.0	26.16814521247338	24.006600566971777	23.7885561964938	26.03669802406104	0.0
227.0	25.976898015598778	23.92056753592937	23.99785622611173	26.10467822236013	0.0
228.0	26.07259515844226	23.97535781379579	23.91696801818828	26.03507900957367	0.0
229.0	26.183169070897062	23.82331868417044	23.93643128339078	26.05708096154172	0.0
230.0	26.102568876176612	23.96414235867232	23.85300398010792	26.080284785043144	0.0
231.0	26.16131470866995	23.891998014171595	23.766755427178772	26.179931849979692	0.0
232.0	26.17626483729747	23.870842171774157	23.8685855485851	26.08430744234328	0.0
233.0	26.130286139820374	23.95828632035023	23.89622918265108	26.01519835717832	0.0
234.0	26.064561989439007	23.912589700771765	24.03557566457553	25.987272645213704	0.0
235.0	26.1176663065462	23.827751466104015	24.002358177884467	26.052224049465323	0.0
236.0	26.158567717221747	23.818442869191646	23.940300865135356	26.082688548451248	0.0
237.0	26.24573003376482	23.837906299099323	23.878807709774875	26.037555957360986	0.0
238.0	26.160542268081947	23.910964680926686	23.95017361943635	25.978319431555015	0.0
239.0	26.027683203059986	23.883885126272528	23.974996544535994	26.113435126131492	0.0
240.0	25.99139073968553	23.850923267005548	23.968553068812025	26.1891329244969	0.0
241.0	26.10624961211444	23.954683682853485	23.894878782236816	26.04418792279526	0.0
242.0	26.100240360201767	23.91584007583195	23.942640802554816	26.04127876141147	0.0
243.0	26.009631525047887	23.936907022211187	23.917158728322722	26.136302724418204	0.0
244.0	25.96474498231042	23.960772585951034	23.840867156068906	26.233615275669635	0.0
245.0	26.02446759285384	23.862956651280374	23.98653605245635	26.126039703409436	0.0
246.0	26.161520967477976	23.963759078570902	23.81675253804958	26.057967415901533	0.0
247.0	26.117333017300005	23.916950955577565	23.910743158019486	26.054972869102944	0.0
248.0	26.009870843762435	23.934397548373624	23.903074973827305	26.15265663403663	0.0
249.0	26.01325706803771	23.982086873583782	23.900535305620853	26.10412075275766	0.0
