# Position (bp)	A	C	G	T	N
0.0	26.247948302973956	23.815467786921936	23.68777475523111	26.248809154872994	0.0
1.0	26.13862011179597	23.7905030818498	23.753773400824123	26.317103405530112	0.0
2.0	26.341098126751955	23.788442613308696	23.733355521189882	26.137103738749467	0.0
3.0	26.139467101186515	23.78278980102357	23.852787276524452	26.22495582126546	0.0
4.0	26.218635885108444	23.841747297099598	23.661888602351645	26.27772821544031	0.0
5.0	26.249369005552754	23.733708870634665	23.6700357945941	26.34688632921848	0.0
6.0	26.241797824989675	23.733538292112147	23.648361859312622	26.376302023585556	0.0
7.0	26.431191266170174	23.514179282103047	23.799800982469822	26.254828469256953	0.0
8.0	26.220318230434618	23.847497139711134	23.69896284061811	26.23322178923614	0.0
9.0	26.349487616196722	23.683486159616013	23.797890825261927	26.16913539892534	0.0
10.0	26.219905555698915	23.707411899293817	23.83930133007624	26.23338121493103	0.0
11.0	26.243989712624398	23.696229969292702	23.892057102389206	26.167723215693695	0.0
12.0	26.18026366341914	23.7672674308586	23.83951969447614	26.212949211246123	0.0
13.0	26.078766435956396	23.820309767244492	23.783896920103906	26.317026876695206	0.0
14.0	26.26914541628199	23.791351518731112	23.712218087149992	26.227284977836906	0.0
15.0	26.20434775129165	23.803680277999188	23.784757066099353	26.20721490460981	0.0
16.0	26.307565270745286	23.622476188291692	23.71709224779086	26.352866293172163	0.0
17.0	26.1246408890469	23.797659256031057	23.76038626289502	26.31731359202702	0.0
18.0	26.138403224974056	23.992912396997518	23.670931079368536	26.197753298659894	0.0
19.0	26.185137824060007	23.781603197449382	23.733721737036166	26.299537241454452	0.0
20.0	26.27229928493196	23.75837925557231	23.680392685318456	26.288928774177272	0.0
21.0	26.151018699573942	23.791924949394744	23.895429184180195	26.16162716685112	0.0
22.0	26.15159213023757	23.836079110494353	23.69014100660019	26.322187752667887	0.0
23.0	26.356880307817583	23.822890205230834	23.58749691781018	26.232732569141405	0.0
24.0	26.312726146717967	23.7380224670134	23.804253708662817	26.144997677605815	0.0
25.0	26.256243226350286	23.81715589859452	23.68469341529569	26.241907459759506	0.0
26.0	26.16048030552386	23.7947921027129	23.75465195625871	26.290075635504532	0.0
27.0	26.343978117885875	23.798232686694686	23.730567868386192	26.12722132703324	0.0
28.0	26.156179575546624	23.77758918280396	23.85872962170779	26.207501619941624	0.0
29.0	26.209508627264334	23.868477942989525	23.666630349391305	26.25538308035484	0.0
30.0	26.246208189736738	23.73630217502251	23.691574583259264	26.32591505198149	0.0
31.0	26.23416614580048	23.73630217502251	23.6629030500777	26.366628629099313	0.0
32.0	26.411929651526183	23.526426552133447	23.804253708662817	26.25739008767755	0.0
33.0	26.218683517882436	23.862456921021394	23.70763064184094	26.21122891925523	0.0
34.0	26.339390672576823	23.68985429126837	23.807120861980973	26.16363417417383	0.0
35.0	26.199398472958517	23.713296958819193	23.84174505919221	26.245559509030077	0.0
36.0	26.238965075305565	23.69724094627257	23.895647387027317	26.168146591394553	0.0
37.0	26.176386260680083	23.753082172142896	23.839382992144046	26.231148575032968	0.0
38.0	26.074316187854805	23.81673261081484	23.78662767360514	26.32232352772521	0.0
39.0	26.27243534606342	23.78290039566489	23.70348070416882	26.24118355410287	0.0
40.0	26.21337232639486	23.790641665233096	23.78720110098056	26.20878490739148	0.0
41.0	26.30540742015024	23.609151900911748	23.728998222375136	26.356442456562878	0.0
42.0	26.135099489649637	23.790641665233096	23.769998279717875	26.30426056539939	0.0
43.0	26.15459602041402	23.979872699122655	23.664200928952347	26.201330351510983	0.0
44.0	26.18756809450083	23.768564711279318	23.73759963300648	26.30626756121337	0.0
45.0	26.26240036699352	23.750501748953496	23.688858306095533	26.29823957795745	0.0
46.0	26.14828831928436	23.79293537473479	23.8958655886232	26.162910717357647	0.0
47.0	26.152015597224608	23.83278857732668	23.690578588221804	26.324617237226906	0.0
48.0	26.355582315499742	23.832215149951256	23.575893113137223	26.23630942141178	0.0
49.0	26.305120706462525	23.737886346694193	23.8107116233729	26.146281323470383	0.0
50.0	26.241756981478296	23.816159183439417	23.688284878720108	26.25379895636218	0.0
51.0	26.156889729915704	23.798669648489017	23.763117151212796	26.28132347038248	0.0
52.0	26.352428464934917	23.809278054934342	23.716382820115832	26.12191066001491	0.0
53.0	26.16463099948392	23.764837433339068	23.861173232410117	26.209358334766904	0.0
54.0	26.218246459085957	23.859452950283845	23.665921211078615	26.256379379551582	0.0
55.0	26.24663111416939	23.736166064567925	23.691152015597225	26.326050805665464	0.0
56.0	26.24376397729228	23.733585641378518	23.659613509948965	26.363036871380242	0.0
57.0	26.407764206663227	23.529158782040255	23.810998337060614	26.252078674235907	0.0
58.0	26.21738631802282	23.86232008716096	23.709788405298468	26.210505189517747	0.0
59.0	26.342106772177303	23.671368771145136	23.818166179253396	26.168358277424165	0.0
60.0	26.211003466358545	23.707140010493692	23.83644751290925	26.245409010238518	0.0
61.0	26.25229011901451	23.68936381282237	23.90267818487819	26.155667883284927	0.0
62.0	26.181396975761363	23.746638301288485	23.856162301953656	26.215802420996496	0.0
63.0	26.09108268201914	23.818889736282262	23.78018361039274	26.309843971305856	0.0
64.0	26.282893039205007	23.782190594698122	23.711086007878848	26.223830358218024	0.0
65.0	26.224690494348906	23.789071683745146	23.79165209213778	26.194585729768168	0.0
66.0	26.313284515829373	23.60471583969356	23.737176803848822	26.344822840628247	0.0
67.0	26.138676881261073	23.7896451078324	23.776456353825598	26.295221657080926	0.0
68.0	26.15587960387864	23.984896009541774	23.672953306076575	26.18627108050301	0.0
69.0	26.195159153855418	23.76670814434231	23.737176803848822	26.30095589795345	0.0
70.0	26.24934773010075	23.752659254204634	23.70047766226468	26.297515353429933	0.0
71.0	26.14842509074436	23.795952772792173	23.900889380759327	26.154732755704135	0.0
72.0	26.147564954613483	23.836379170943456	23.700190950221057	26.315864924222005	0.0
73.0	26.360018578940426	23.811435223147985	23.595827766341156	26.232718431570433	0.0
74.0	26.311850955611245	23.7314425629763	23.820896720587644	26.135809760824813	0.0
75.0	26.243040065140978	23.817169464020505	23.6930231491304	26.246767321708113	0.0
76.0	26.162187268838416	23.80627440636271	23.753806102379134	26.277732222419736	0.0
77.0	26.356291322373288	23.807421254537218	23.72628174619103	26.110005676898464	0.0
78.0	26.182257111892245	23.767854992516817	23.84928121290663	26.200606682684313	0.0
79.0	26.21121502829848	23.862183254869805	23.675820426512836	26.25078129031888	0.0
80.0	26.247340745795366	23.740043924285086	23.678974258992724	26.333641070926827	0.0
81.0	26.25020786623163	23.725421610060152	23.66205824841878	26.362312275289433	0.0
82.0	26.415354003360264	23.520709210911114	23.806847830449964	26.257088955278657	0.0
83.0	26.21350872464749	23.866483935524197	23.708218887442587	26.211788452385733	0.0
84.0	26.342242432235608	23.67926097103635	23.81315549540974	26.1653411013183	0.0
85.0	26.207412631923	23.700983132778834	23.850359679227484	26.24124455607068	0.0
86.0	26.246692069280897	23.690374817579986	23.911142458204672	26.15179065493444	0.0
87.0	26.18612092297812	23.745068581127573	23.856885636955823	26.211924858938485	0.0
88.0	26.09064635992477	23.818179733015278	23.778040277076933	26.313133629983028	0.0
89.0	26.270413780448642	23.793809349052708	23.708369649983943	26.227407220514703	0.0
90.0	26.22253314372219	23.79180237625579	23.797536584246984	26.188127895775036	0.0
91.0	26.320588100371577	23.590531675764943	23.751089499518326	26.337790724345155	0.0
92.0	26.13279278866003	23.787215009862837	23.780907381072527	26.299084820404605	0.0
93.0	26.16261067021423	23.977017294371304	23.672817560438553	26.187554474975915	0.0
94.0	26.20217670535346	23.750229368319648	23.742201477131978	26.30539244919492	0.0
95.0	26.260952337263177	23.75051607871921	23.692027157209047	26.29650442680857	0.0
96.0	26.16031698701775	23.784061195467682	23.89759851369329	26.158023303821277	0.0
97.0	26.151428964631407	23.83108170099546	23.702062021193633	26.3154273131795	0.0
98.0	26.36244781870728	23.811585393825403	23.592538648561863	26.233428138905456	0.0
99.0	26.30883297398963	23.735320427542547	23.825347493004266	26.130499105463556	0.0
100.0	26.232854718106335	23.81617276021836	23.708369649983943	26.24260287169136	0.0
101.0	26.164617643011145	23.802410661039495	23.758257259507317	26.274714436442036	0.0
102.0	26.36760860589935	23.79266250745447	23.741628056332857	26.098100830313314	0.0
103.0	26.18640763337768	23.757970549107757	23.853158401761547	26.20246341575302	0.0
104.0	26.21966603972659	23.84341024817652	23.678265058030185	26.258658654066704	0.0
105.0	26.251490894077712	23.731306481948714	23.68256571402358	26.33463690995	0.0
106.0	26.24719023808432	23.722991880361484	23.66106243405661	26.368755447497595	0.0
107.0	26.42065002981788	23.521147759071518	23.80126381944126	26.256938391669344	0.0
108.0	26.218519198128355	23.854878664158907	23.709516491582182	26.217085646130556	0.0
109.0	26.351839533923577	23.67339098123767	23.817032891417036	26.157736593421717	0.0
110.0	26.21615035050246	23.694539616095874	23.853090012471867	26.2362200209298	0.0
111.0	26.24023395501527	23.69081239158794	23.911292056711154	26.15766159668564	0.0
112.0	26.18883785473041	23.739198247636086	23.86018934246214	26.211774555171363	0.0
113.0	26.083042323946486	23.812882397802664	23.792812784916826	26.31126249333402	0.0
114.0	26.27341693760644	23.78306468722942	23.717121673461662	26.226396701702477	0.0
115.0	26.226396701702477	23.7945330374499	23.802560882604233	26.176509378243395	0.0
116.0	26.305815026979296	23.59039640352537	23.762134948077044	26.341653621418292	0.0
117.0	26.127195472295334	23.781344434696347	23.781344434696347	26.31011565831197	0.0
118.0	26.172208746910712	23.971145630845275	23.673255233868332	26.18339038837568	0.0
119.0	26.20087962246191	23.753820394167196	23.742352043946717	26.302947939424175	0.0
120.0	26.268542888762735	23.749519762834517	23.685583710355345	26.2963536380474	0.0
121.0	26.164754319267402	23.778477347141227	23.89918173321177	26.157586600379602	0.0
122.0	26.157873309135116	23.827791253089288	23.690457759199052	26.323877678576547	0.0
123.0	26.369751079458464	23.801414047582185	23.594123617347027	26.234711255612325	0.0
124.0	26.30753527951237	23.728876732437655	23.81947669917944	26.14411128887054	0.0
125.0	26.22955049801311	23.81804315540188	23.713107750884497	26.239298595700518	0.0
126.0	26.1670479893115	23.795679872471943	23.763568491854603	26.27370364636195	0.0
127.0	26.370611205725	23.791379241139264	23.730596984970727	26.107412568165007	0.0
128.0	26.187977728463874	23.752100141634124	23.861336177484187	26.19858595241781	0.0
129.0	26.215003512192325	23.84162162937053	23.689092134122742	26.254282724314404	0.0
130.0	26.249982080651403	23.722637154694155	23.693679487363276	26.333701277291166	0.0
131.0	26.254856143469475	23.72980489413249	23.665581948765	26.34975701363304	0.0
132.0	26.421721117593933	23.523373998308415	23.797755064007912	26.257149820089744	0.0
133.0	26.22131112289806	23.8516564645842	23.715182705678284	26.21184970683946	0.0
134.0	26.362085525466977	23.66873575411787	23.813237381194718	26.155941339220433	0.0
135.0	26.218805908527916	23.694607550805085	23.84971787696683	26.236868663700168	0.0
136.0	26.257225102068904	23.690020184412127	23.901612459287122	26.151142254231846	0.0
137.0	26.18963653618439	23.7382555915856	23.861254705647923	26.210853166582087	0.0
138.0	26.08642049641181	23.80620615110255	23.78986361147189	26.317509741013755	0.0
139.0	26.277943592434266	23.78498952070485	23.715318693858357	26.221748193002526	0.0
140.0	26.238165960399336	23.778750050174608	23.809714950886228	26.173369038539835	0.0
141.0	26.309843971305856	23.58493270868336	23.769575264778574	26.33564805523221	0.0
142.0	26.126921687472404	23.777316489956476	23.791365380094156	26.304396442476964	0.0
143.0	26.168494933798186	23.972567391665855	23.677540698774592	26.181396975761363	0.0
144.0	26.19802627429168	23.7446313169831	23.744344604939474	26.31299780378575	0.0
145.0	26.26941757315458	23.745204741070353	23.697323829784793	26.288053855990274	0.0
146.0	26.15673974000952	23.779323474261858	23.903756501195588	26.16018028453303	0.0
147.0	26.14677978444927	23.827559414073587	23.709433713419024	26.316227088058124	0.0
148.0	26.374429799788405	23.79946155323828	23.594461854286788	26.23164679268653	0.0
149.0	26.308199127819464	23.72376935670234	23.828132839804923	26.139898675673273	0.0
150.0	26.22361883244787	23.822972008222926	23.722909218105347	26.23049994122386	0.0
151.0	26.169430100836916	23.78913989007429	23.76075531637331	26.28067469271549	0.0
152.0	26.365904008257353	23.79092837892081	23.738459774069614	26.104707838752223	0.0
153.0	26.20219049257412	23.749068180514936	23.855438958655885	26.19330236825506	0.0
154.0	26.216314629034432	23.849773065465524	23.681471648235703	26.25244065726434	0.0
155.0	26.255594516871717	23.721324965092506	23.703548665487315	26.31953185254846	0.0
156.0	26.253300800793628	23.723905395680358	23.665989064708597	26.35680473881742	0.0
157.0	26.410133637633	23.531233245120838	23.802178456845166	26.256454660400998	0.0
158.0	26.214307627466106	23.844612204289824	23.718171105485137	26.222909062758937	0.0
159.0	26.3628257435224	23.677457645099047	23.811353321157526	26.148363290221027	0.0
160.0	26.22441782451875	23.692721444586528	23.84840786976243	26.234452861132297	0.0
161.0	26.257103372345732	23.68411998463206	23.91349225008458	26.14528439293763	0.0
162.0	26.19180737261918	23.745831863913043	23.86080504161685	26.201555721850923	0.0
163.0	26.082855234146745	23.812923443919754	23.796580623148888	26.307640698784613	0.0
164.0	26.280689380320375	23.7793776539164	23.716586816217813	26.223346149545414	0.0
165.0	26.240911071862744	23.784320022019863	23.810697983806225	26.16407092231117	0.0
166.0	26.31029658003991	23.588205610477786	23.772851342982314	26.32864646649999	0.0
167.0	26.122783677775995	23.78059270133266	23.794928550129598	26.30169507076175	0.0
168.0	26.162924054407416	23.97584696194692	23.686549533224763	26.1746794504209	0.0
169.0	26.202490997086958	23.755361607450055	23.741312475629055	26.30083491983393	0.0
170.0	26.26671559969723	23.739878890749363	23.70920017432392	26.284205335229487	0.0
171.0	26.147441337706724	23.787187191779253	23.90502786889006	26.160343601623964	0.0
172.0	26.16013189018708	23.809045946527128	23.715862662174754	26.31495950111103	0.0
173.0	26.373163214106516	23.797863952404846	23.595441187011684	26.233531646476955	0.0
174.0	26.316966525697083	23.707547846032544	23.83026306357967	26.1452225646907	0.0
175.0	26.241273027023155	23.81334671349724	23.713568919790696	26.23181133968891	0.0
176.0	26.172747473299406	23.76976560820013	23.766038276826034	26.29144864167443	0.0
177.0	26.37065836329543	23.79334468739069	23.735714244754483	26.1002827045594	0.0
178.0	26.196046723666328	23.750623612998677	23.86387746793052	26.18945219540447	0.0
179.0	26.20587029385876	23.83785442107044	23.695928297201903	26.2603469878689	0.0
180.0	26.24629773520313	23.71657209703733	23.71571193871085	26.321418229048692	0.0
181.0	26.251745404604144	23.72402680253345	23.683025922304765	26.34120187055764	0.0
182.0	26.411734853328667	23.525903668001824	23.813483268486955	26.248878210182554	0.0
183.0	26.217339071545105	23.845022407124404	23.72001273034323	26.21762579098726	0.0
184.0	26.359838634297954	23.670123547407627	23.819791096214445	26.150246722079977	0.0
185.0	26.22429552831076	23.69054855320955	23.854552544355627	26.23060337412407	0.0
186.0	26.25268083447066	23.69341575585196	23.908169233768767	26.14573417590862	0.0
187.0	26.199425984385172	23.739359063683622	23.85978191994174	26.201433031989474	0.0
188.0	26.09878688308374	23.798710328553693	23.79928377072635	26.303219017636216	0.0
189.0	26.27884772529826	23.777779689251688	23.70954007070542	26.23383251474463	0.0
190.0	26.246236774951974	23.76867276428592	23.809960719098548	26.17512974166356	0.0
191.0	26.31275625770565	23.581156636178573	23.77698769963013	26.32909940648565	0.0
192.0	26.12667373914041	23.776127533904866	23.804799724746967	26.292399002207762	0.0
193.0	26.168535137769876	23.97310548499011	23.689537517561718	26.1688218596783	0.0
194.0	26.209249648765663	23.758350775582763	23.735699744817502	26.296699830834076	0.0
195.0	26.27318863434355	23.73828024199329	23.702153281532244	26.286377842130914	0.0
196.0	26.162513977693035	23.77985491871434	23.910313387045903	26.14731771654672	0.0
197.0	26.164022605220072	23.80945554220702	23.713116704753006	26.3134051478199	0.0
198.0	26.375050534881257	23.804007810327178	23.58724542605564	26.233696228735926	0.0
199.0	26.31225825689783	23.71196981383093	23.837841092528294	26.137930836742946	0.0
200.0	26.254626988063734	23.795119405681124	23.72315200032113	26.22710160593401	0.0
201.0	26.179792355398558	23.752110996103436	23.77676915092798	26.291327497570027	0.0
202.0	26.372832369942195	23.794040737682355	23.722933296632718	26.110193595742732	0.0
203.0	26.20882649784384	23.743290668868703	23.845077530048627	26.20280530323883	0.0
204.0	26.215783029931156	23.828229161589256	23.689741288596686	26.266246519882902	0.0
205.0	26.251623576771888	23.71841372606927	23.71611993107146	26.313842766087387	0.0
206.0	26.270834109878514	23.724148213563783	23.67626524298457	26.328752433573133	0.0
207.0	26.422798028483204	23.519713734384272	23.805577935985916	26.25191030114661	0.0
208.0	26.22438476117293	23.849446765318966	23.70723147545496	26.218936998053145	0.0
209.0	26.370040743533647	23.66192902424828	23.82106105222111	26.146969179996958	0.0
210.0	26.235355510571555	23.684934884707797	23.85668327761307	26.223026327107572	0.0
211.0	26.27320323655402	23.688949037463512	23.902559309106966	26.135288416875497	0.0
212.0	26.206184680228805	23.735753300933293	23.867647269651485	26.190414749186413	0.0
213.0	26.104110217481686	23.794532134818574	23.8082949837283	26.29306266397144	0.0
214.0	26.294496294066207	23.777615299700372	23.7145355755308	26.213352830702625	0.0
215.0	26.24726175866775	23.761913500246585	23.82728722001124	26.16353752107442	0.0
216.0	26.326685093644986	23.586723400350955	23.778256930187748	26.30833457581631	0.0
217.0	26.127409939099216	23.7745294812538	23.804062345884322	26.29399823376266	0.0
218.0	26.16583133580301	23.980972806826394	23.68134325790506	26.171852599465538	0.0
219.0	26.223176704017614	23.744709889782204	23.745570070305423	26.28654333589476	0.0
220.0	26.28138225275545	23.73209390877499	23.703421224667682	26.283102613801884	0.0
221.0	26.149487905861847	23.772809120207363	23.922767258088566	26.15493571584223	0.0
222.0	26.17307455205971	23.816173160570358	23.71495829546139	26.295793991908546	0.0
223.0	26.37378391629846	23.79524204115689	23.59682649822372	26.23414754432093	0.0
224.0	26.31271092403724	23.70033518463828	23.844559199226982	26.142394692097497	0.0
225.0	26.255652119060795	23.79667567947288	23.7126644741558	26.23500772731052	0.0
226.0	26.18368347559804	23.747931976729184	23.777178198375402	26.291206349297376	0.0
227.0	26.36181694106583	23.798177553747255	23.725061789988587	26.11494371519833	0.0
228.0	26.206696830503322	23.73853802879901	23.851509052018283	26.20325608867939	0.0
229.0	26.210499453780667	23.82462488638351	23.713660644395446	26.251215015440373	0.0
230.0	26.243473324138883	23.71738812539246	23.723409440849178	26.31572910961948	0.0
231.0	26.251215015440373	23.728283839076045	23.695309968717833	26.32519117676575	0.0
232.0	26.426406622300085	23.517824527398417	23.810861879625303	26.244906970676197	0.0
233.0	26.221681896771713	23.834660412144707	23.721115606389475	26.2225420846941	0.0
234.0	26.361032340198587	23.661762639744698	23.831219660455154	26.14598535960156	0.0
235.0	26.236380318843906	23.69595137057002	23.853079481591926	26.214588828994152	0.0
236.0	26.26304622089689	23.67301296020186	23.920174331918798	26.14376648698245	0.0
237.0	26.192012249146256	23.72497914032326	23.893003478046445	26.190005132484035	0.0
238.0	26.093663532697363	23.79694860921152	23.80239649729469	26.306991360796424	0.0
239.0	26.28491307751198	23.76397454976072	23.707775283218496	26.2433370895088	0.0
240.0	26.249684567915395	23.756337317336147	23.816556169851573	26.177421944896885	0.0
241.0	26.34354638891438	23.582465357437826	23.759406258603285	26.314581995044506	0.0
242.0	26.12321687707565	23.770957250936373	23.794187320397146	26.31163855159083	0.0
243.0	26.17748791106675	23.954156700108413	23.694882781802644	26.17347260702219	0.0
244.0	26.24548601848904	23.72367979485944	23.741750062385446	26.289084124266076	0.0
245.0	26.292885829030403	23.719736087205966	23.691910499139414	26.29546758462421	0.0
246.0	26.166575339321728	23.756681001712746	23.93770996921647	26.139033689749052	0.0
247.0	26.181519771141964	23.81460662873408	23.698685558357937	26.30518804176602	0.0
248.0	26.394141649497556	23.792949089510866	23.596389033957543	26.21652022703404	0.0
249.0	26.314369831331387	23.71289032235849	23.846034651959574	26.126705194350546	0.0
