# Position (bp)	A	C	G	T	N
0.0	26.19701753666571	23.672995175024944	23.828542529489756	26.301444758819592	0.0
1.0	26.225994723964952	23.712087040909775	23.878295813343176	26.1836224217821	0.0
2.0	26.21664693935012	23.759707616566573	23.811918943964397	26.21172650011891	0.0
3.0	26.070567525161685	23.846334676383275	23.8367674956401	26.246330302814936	0.0
4.0	26.23931250136669	23.768614287900984	23.7535807220485	26.238492488683825	0.0
5.0	26.188738653787812	23.69742340879709	23.721475602056465	26.392362335358637	0.0
6.0	26.22509497389926	23.718057339637596	23.771625351881713	26.28522233458143	0.0
7.0	26.302369435106993	23.720587029597443	23.697357273646524	26.279686261649037	0.0
8.0	26.304570608731296	23.780282844845253	23.711416273826604	26.203730272596843	0.0
9.0	26.375145856048622	23.726099419855004	23.720087554619163	26.178667169477215	0.0
10.0	26.205752635577152	23.764462200167234	23.78768916311886	26.242096001136755	0.0
11.0	26.30139307126032	23.819387136088142	23.8439803909781	26.035239401673433	0.0
12.0	26.168316236466875	23.84425364936577	23.76692152565623	26.220508588511127	0.0
13.0	26.228979598528777	23.833050055471453	23.707624455532663	26.23034589046711	0.0
14.0	26.295108128343998	23.822666236740137	23.681664908704374	26.200560726211492	0.0
15.0	26.369161151401542	23.878957464599377	23.704618613268337	26.04726277073075	0.0
16.0	26.191816457806173	23.778398377938213	23.81528826027315	26.21449690398247	0.0
17.0	26.23034589046711	23.754351639823586	23.808183542193827	26.20711892751548	0.0
18.0	26.24318903468742	23.786869387955864	23.704072096493	26.265869480863714	0.0
19.0	26.376812386256198	23.63138536537379	23.78058444503954	26.211217803330474	0.0
20.0	26.206845669127816	23.785229837629863	23.63275165731212	26.3751728359302	0.0
21.0	26.307131497401315	23.68986266033436	23.770747143083558	26.232258699180772	0.0
22.0	26.18853735715418	23.79998579056384	23.78140422020254	26.230072632079445	0.0
23.0	26.206572410740147	23.84698623324243	23.786049612792866	26.160391743224558	0.0
24.0	26.037627577161125	23.68542580371904	23.9053982046973	26.37154841442254	0.0
25.0	26.194750720717032	23.6783211050539	23.823967427689198	26.302960746539878	0.0
26.0	26.231640502247544	23.715484144225382	23.872607287781282	26.18026806574579	0.0
27.0	26.222896257736604	23.757019305652335	23.804566135180554	26.215518301430503	0.0
28.0	26.066592887103607	23.845554781325575	23.837630309737538	26.250222021833284	0.0
29.0	26.248582475987487	23.764124004317473	23.744176196526894	26.243117323168146	0.0
30.0	26.18764602205189	23.703460808022843	23.722315585249554	26.386577584675713	0.0
31.0	26.21825087784017	23.71493762894345	23.775874082879042	26.290937410337335	0.0
32.0	26.300774685412144	23.727780738068887	23.697175882280607	26.274268694238362	0.0
33.0	26.304327034744706	23.774781052315173	23.709745733765082	26.21114617917504	0.0
34.0	26.373935664396814	23.725529845117993	23.718698422761207	26.18183606772399	0.0
35.0	26.215446665719377	23.765971865470163	23.777721911923837	26.24085955688662	0.0
36.0	26.293324880586738	23.823082556372896	23.841117511394813	26.042475051645553	0.0
37.0	26.17008602127032	23.845216364808884	23.76706489304725	26.217632720873546	0.0
38.0	26.22938276732722	23.83865819934637	23.70093672463356	26.231022308692847	0.0
39.0	26.290045797855484	23.822809299478624	23.68126222824602	26.20588267441988	0.0
40.0	26.36983681098274	23.875821136967286	23.70421580736482	26.050126244685153	0.0
41.0	26.18347560908962	23.779361453289464	23.823902327055713	26.213260610565204	0.0
42.0	26.22583042770169	23.761053241373283	23.811605766813496	26.20151056411153	0.0
43.0	26.242499098252246	23.788105673906152	23.707221633201804	26.262173594639794	0.0
44.0	26.376394976445255	23.633988785537056	23.775535856769668	26.214080381248017	0.0
45.0	26.201237307217262	23.788652187694694	23.640000437211032	26.37011006787701	0.0
46.0	26.306167954617493	23.69656461432522	23.777175398135295	26.220092032921993	0.0
47.0	26.191126802129215	23.80477434445671	23.771163746461323	26.23293510695275	0.0
48.0	26.20478964684279	23.841390768289084	23.79329755489731	26.160522029970817	0.0
49.0	26.036392253734732	23.683110310774218	23.908819888675445	26.371677546815608	0.0
50.0	26.187502903346566	23.680924261593574	23.82602327595865	26.305549559101205	0.0
51.0	26.223572714827153	23.726558038239464	23.877941943998884	26.1719273029345	0.0
52.0	26.21810759187555	23.76399413045795	23.804436040299816	26.213462237366684	0.0
53.0	26.064810893083067	23.84378492555136	23.84132562022314	26.25007856114243	0.0
54.0	26.23586924146826	23.769185997261975	23.744319687832178	26.25062507343759	0.0
55.0	26.17165404678692	23.713441743155617	23.736122003404773	26.378782206652694	0.0
56.0	26.213188981219105	23.71890686610722	23.778749962427277	26.289154190246393	0.0
57.0	26.29379954475526	23.723825476763665	23.697592886595967	26.284782091885113	0.0
58.0	26.305003046806046	23.77765693783696	23.709342900941913	26.207997114415083	0.0
59.0	26.377890359002947	23.718022286710497	23.718842052913175	26.185245301373385	0.0
60.0	26.211204564458217	23.768028025073914	23.782510561321242	26.238256849146623	0.0
61.0	26.293727695527902	23.82869072407216	23.83962094010788	26.037960640292056	0.0
62.0	26.171036020526945	23.83770815230163	23.77185360068642	26.219402226485006	0.0
63.0	26.219948737286792	23.8467255805311	23.702173473458704	26.231152208723408	0.0
64.0	26.287716076708257	23.827051191666804	23.681679318391726	26.20355341323321	0.0
65.0	26.366960142967226	23.87487088682308	23.69998743025156	26.058181539958134	0.0
66.0	26.166663934112655	23.785516370731067	23.82841746867127	26.219402226485006	0.0
67.0	26.23060569792162	23.76392919406052	23.798905885374825	26.206559222643033	0.0
68.0	26.235797550538585	23.79371403275786	23.701353707256022	26.269134709447535	0.0
69.0	26.373245017187763	23.6398712420551	23.77294662228999	26.213937118467147	0.0
70.0	26.204646434836786	23.789068690942678	23.636592177244385	26.369692696976156	0.0
71.0	26.30493116696451	23.71310368949442	23.767208258871236	26.214756884669825	0.0
72.0	26.19781504981446	23.802458205586433	23.76584198186677	26.233884762732334	0.0
73.0	26.20218713622875	23.841806983315024	23.794533798960536	26.161472081495692	0.0
74.0	26.040075527586424	23.684347153642896	23.899945075814504	26.375632242956176	0.0
75.0	26.188999314130818	23.682707625717637	23.821520990056264	26.306772070095285	0.0
76.0	26.22506892848652	23.72232955057807	23.872892865047724	26.17970865588768	0.0
77.0	26.217144543514436	23.764957276634817	23.80157340029894	26.216324779551808	0.0
78.0	26.05811033476428	23.843381362393053	23.845567399626734	26.252940903215933	0.0
79.0	26.233266568112825	23.770422369719014	23.74992827065327	26.246382791514893	0.0
80.0	26.181074929158733	23.706754035288107	23.72998068089595	26.382190354657215	0.0
81.0	26.20894690388814	23.716044693531245	23.782445574504248	26.29256282807637	0.0
82.0	26.290103536188482	23.71877724007334	23.701562196858116	26.28955702688006	0.0
83.0	26.298027921160568	23.783538593121087	23.710852855101255	26.207580630617088	0.0
84.0	26.37364739315772	23.718439173680185	23.72335774401574	26.184555689146354	0.0
85.0	26.206962509563887	23.768717892665865	23.778828287244508	26.245491310525743	0.0
86.0	26.283200349765	23.82883375232266	23.847141764127226	26.04082413378511	0.0
87.0	26.165154661711664	23.84440922505192	23.773089955186357	26.21734615805006	0.0
88.0	26.222537982293147	23.849874303202537	23.70805552519401	26.219532189310307	0.0
89.0	26.296043283418953	23.820909389004264	23.67745108755055	26.20559624002623	0.0
90.0	26.364903268116734	23.878292709585747	23.698764892337962	26.05803912995956	0.0
91.0	26.16187561482129	23.78483987321019	23.82692097496994	26.22636353699858	0.0
92.0	26.224997267460925	23.76598535359056	23.807246693627718	26.201770685320803	0.0
93.0	26.238659962837467	23.782107334134878	23.707235763471417	26.271996939556235	0.0
94.0	26.37282763143513	23.637829270958573	23.780467810689693	26.208875286916605	0.0
95.0	26.20723576347142	23.776095748169197	23.643567603016724	26.37310088534266	0.0
96.0	26.299868838124386	23.711607825991912	23.772270193463765	26.216253142419937	0.0
97.0	26.201770685320803	23.794950267788828	23.76379932233031	26.23947972456006	0.0
98.0	26.209421794731664	23.84222319379167	23.787299158377966	26.1610558530987	0.0
99.0	26.044578520662036	23.675473616041053	23.905006271160044	26.37494159213687	0.0
100.0	26.194321252811093	23.67629337552362	23.825216348190107	26.304169023475175	0.0
101.0	26.23203018900921	23.729304488729674	23.866477575479355	26.17218774678176	0.0
102.0	26.219733796770694	23.764280893319235	23.801716576356498	26.214268733553574	0.0
103.0	26.066165520369655	23.83915225939376	23.844344069450024	26.25033815078656	0.0
104.0	26.232576695330923	23.774118007110047	23.750891488437293	26.24241380912174	0.0
105.0	26.178199316320594	23.715641830686877	23.729304488729674	26.376854364262858	0.0
106.0	26.210716442462452	23.719194121778003	23.779583070327163	26.290506365432382	0.0
107.0	26.300889985544906	23.71618833700859	23.700612906839797	26.282308770606704	0.0
108.0	26.30471552979689	23.78067608297059	23.71072327379147	26.20388511344105	0.0
109.0	26.38361359922615	23.71858280367907	23.721588580235107	26.176215016859672	0.0
110.0	26.219662150715102	23.76694848098983	23.767768238232385	26.245621130062684	0.0
111.0	26.287155497018816	23.829523283838213	23.83908711833469	26.044234100808282	0.0
112.0	26.16774419201994	23.840999885233984	23.774599548587013	26.216656374159065	0.0
113.0	26.229225985211578	23.85302299145813	23.698908629857744	26.218842393472546	0.0
114.0	26.302457632213184	23.8224187210694	23.675135669823643	26.199987976893773	0.0
115.0	26.365305687475747	23.88581328116034	23.69918188227193	26.049699149091982	0.0
116.0	26.17047671616179	23.784983140326045	23.828976779009842	26.215563364502326	0.0
117.0	26.22485394658462	23.762849694777053	23.80301779966226	26.209278558976067	0.0
118.0	26.24152234384991	23.77924483962816	23.709018969182594	26.270213847339342	0.0
119.0	26.378968308185	23.63660707942355	23.778425082385603	26.205999530005847	0.0
120.0	26.210644821046998	23.77569255824375	23.642345380121434	26.37131724058782	0.0
121.0	26.292893797716705	23.712844502981184	23.77132051961679	26.22294117968532	0.0
122.0	26.199714724479588	23.797279498964375	23.764489209262162	26.238516567293875	0.0
123.0	26.216656374159065	23.84181964247654	23.77924483962816	26.162279143736235	0.0
124.0	26.046491292788026	23.680118919775605	23.895169157369228	26.37822063006714	0.0
125.0	26.183391126376854	23.677113135006188	23.822210563420693	26.317285175196265	0.0
126.0	26.22273958154011	23.724385931834266	23.87194263869647	26.180931847929152	0.0
127.0	26.21727451832299	23.752257754241572	23.809094411699608	26.22137331573583	0.0
128.0	26.068422778445733	23.837304623456117	23.84768827194229	26.246584326155865	0.0
129.0	26.221171712755492	23.775822494261668	23.752049404306483	26.25095638867636	0.0
130.0	26.178817357088207	23.706689255656354	23.728822822166357	26.385670565089082	0.0
131.0	26.20949341319656	23.713585401643353	23.778620009345307	26.298301175814775	0.0
132.0	26.29092330015111	23.72342256919491	23.69691686773655	26.288737262917433	0.0
133.0	26.297208157197936	23.785451375700557	23.71932374938176	26.198016717719746	0.0
134.0	26.378436869804734	23.71720252050782	23.724033905530142	26.18032670415731	0.0
135.0	26.208615243362587	23.76706489304725	23.767884663730065	26.25643519986009	0.0
136.0	26.279935292767437	23.828274437364055	23.84849544754014	26.043294822328367	0.0
137.0	26.165987167856247	23.836472144192197	23.77635562745248	26.221185060499074	0.0
138.0	26.222278088076163	23.844943107914613	23.703942550470547	26.228836253538677	0.0
139.0	26.29195859611538	23.824722097738526	23.67770988862049	26.205609417525604	0.0
140.0	26.35453442490354	23.89358283509493	23.70640186251899	26.04548087748254	0.0
141.0	26.163801112702075	23.788105673906152	23.82526861152707	26.2228246018647	0.0
142.0	26.219545519133447	23.759686956901923	23.797396408311382	26.22337111565325	0.0
143.0	26.232661850058474	23.777721911923837	23.711593743510146	26.278022494507535	0.0
144.0	26.375028691973903	23.635901583796958	23.779088196395197	26.209981527833946	0.0
145.0	26.204516389948516	23.77444282919258	23.646558602673544	26.374482178185353	0.0
146.0	26.293943244387975	23.704827096227678	23.773414764110342	26.227814895274008	0.0
147.0	26.183891964563855	23.802991632828167	23.76828781759456	26.24482858501342	0.0
148.0	26.210671286555144	23.84070129032611	23.78058444503954	26.168042978079214	0.0
149.0	26.051706093405436	23.676537697463882	23.886947230928563	26.384808978202116	0.0
150.0	26.191341511068362	23.673258587851446	23.819452224739244	26.31594767634095	0.0
151.0	26.215661574027266	23.731189524337825	23.865086500178982	26.188062401455923	0.0
152.0	26.21866742450533	23.753323514221773	23.80961489590193	26.218394165370963	0.0
153.0	26.067079835606854	23.84055832458902	23.83809898565932	26.254262854144805	0.0
154.0	26.223111227701995	23.778255071703395	23.75502798181182	26.243605718782792	0.0
155.0	26.181302465897165	23.70966684155299	23.7287950332284	26.380235659321443	0.0
156.0	26.219903757606893	23.718202710198906	23.77367461764007	26.288218914554136	0.0
157.0	26.29013173894866	23.727220310915943	23.697708163114733	26.28493978702067	0.0
158.0	26.309806504149464	23.784331782123836	23.710278151993023	26.195583561733677	0.0
159.0	26.381199617434074	23.724279273124743	23.71772100013663	26.176800109304548	0.0
160.0	26.216293025238556	23.75938657951403	23.770590357099916	26.253730038147495	0.0
161.0	26.28378895362183	23.835900182539596	23.8438248057101	26.036486058128478	0.0
162.0	26.165466131800148	23.83508039393575	23.781247608949904	26.218205865314197	0.0
163.0	26.223944385541113	23.844644594313948	23.70500726879229	26.22640375135265	0.0
164.0	26.294719468339768	23.82442314208576	23.678774033469235	26.202083356105238	0.0
165.0	26.35565708789227	23.900936745111327	23.709652737547408	26.033753429448993	0.0
166.0	26.166832446139885	23.794090963743482	23.82824882223704	26.21082776787959	0.0
167.0	26.21847912818215	23.76594488834479	23.802562112649888	26.213013870823175	0.0
168.0	26.2356946888629	23.78452676336529	23.707466634603826	26.27231191316799	0.0
169.0	26.37505875151661	23.633412397389794	23.78452676336529	26.20700208772831	0.0
170.0	26.211374293615485	23.777148665930678	23.649534906598753	26.36194213385508	0.0
171.0	26.291785422479215	23.70725815486942	23.780766067217385	26.22019035543398	0.0
172.0	26.189383133030557	23.798593235067468	23.763342132445768	26.248681499456204	0.0
173.0	26.216163040448592	23.83739677438748	23.785203281358452	26.16123690380548	0.0
174.0	26.05418847094509	23.67678203008649	23.88227739141128	26.38675210755715	0.0
175.0	26.19355367609887	23.671589993031738	23.826258044241623	26.30859828662777	0.0
176.0	26.229351405265817	23.72542321933624	23.865334954706306	26.17989042069163	0.0
177.0	26.218967331156325	23.745098307122657	23.8145076445914	26.221426717129624	0.0
178.0	26.067103163325534	23.838073585029402	23.83670725575498	26.25811599589008	0.0
179.0	26.214120193253613	23.782327350632883	23.758826487112785	26.244725969000722	0.0
180.0	26.185154012635813	23.71237129178235	23.726307850381477	26.37616684520036	0.0
181.0	26.21801756011182	23.71024995696051	23.782119073188994	26.289613409738678	0.0
182.0	26.295898541576147	23.71981428801753	23.69658662687905	26.287700543527272	0.0
183.0	26.305189606031544	23.783212139595513	23.71790142180613	26.193696832566822	0.0
184.0	26.38232288176815	23.72397811675074	23.71933257182832	26.174366429652785	0.0
185.0	26.22205826091709	23.757173307099524	23.764824834672353	26.25594359731103	0.0
186.0	26.28245067497404	23.83423512051156	23.84789856260589	26.03541564190851	0.0
187.0	26.16603814833033	23.833688582827786	23.783953653604417	26.21631961523747	0.0
188.0	26.225884024703504	23.848991637973437	23.70224626988031	26.22287806744275	0.0
189.0	26.28709624528611	23.82740339946439	23.683117450948245	26.202382904301253	0.0
190.0	26.362518445646828	23.893261190359073	23.709624528611247	26.034595835382852	0.0
191.0	26.16412526643712	23.793791331912335	23.82904301251571	26.21304038913483	0.0
192.0	26.216046346395583	23.76728425424933	23.806088429797235	26.21058096955785	0.0
193.0	26.24091381100727	23.778215007924796	23.701153194512763	26.279717986555173	0.0
194.0	26.379734382685687	23.623271574575067	23.78941903044215	26.207575012297095	0.0
195.0	26.2116740449254	23.777395201399138	23.64267366234902	26.36825709132645	0.0
196.0	26.28689481033724	23.703404119265777	23.786204804625907	26.223496265771075	0.0
197.0	26.185856620520415	23.800479862708983	23.7644081784346	26.249255338336003	0.0
198.0	26.198153785613957	23.84229022402702	23.78654307560297	26.17301291475605	0.0
199.0	26.05339170403649	23.682491795035755	23.87924697420594	26.38486952672181	0.0
200.0	26.196039208934874	23.678119457720864	23.822953131276694	26.30288820206757	0.0
201.0	26.228558467714386	23.73332021632139	23.862304167110732	26.175817148853493	0.0
202.0	26.21899397983806	23.74698377043043	23.809289577167654	26.224732672563857	0.0
203.0	26.06958593852477	23.833949105854575	23.833675834025623	26.26278912159503	0.0
204.0	26.21168728958069	23.79377814699838	23.751967557168467	26.24256700625246	0.0
205.0	26.181080844737874	23.71671549123344	23.728192908049493	26.37401075597919	0.0
206.0	26.21667782529684	23.713501031603972	23.773620998264718	26.296200144834465	0.0
207.0	26.278710699987702	23.724705207208928	23.7039364914534	26.292647601349966	0.0
208.0	26.302758686652002	23.77662699659776	23.716780302512742	26.203834014237504	0.0
209.0	26.383719468538043	23.723403673886548	23.713839107598638	26.179037749976768	0.0
210.0	26.214979832318576	23.757419411256738	23.76534438092323	26.262256375501458	0.0
211.0	26.275646841489674	23.833389810128658	23.849786299093818	26.041177049287846	0.0
212.0	26.163330892078307	23.83311653531257	23.788846015106632	26.21470655750249	0.0
213.0	26.225091000513757	23.855798345047713	23.69374637910869	26.225364275329845	0.0
214.0	26.286851108949204	23.824645016013903	23.681995562016986	26.206508313019906	0.0
215.0	26.356536187051145	23.89897576598931	23.710416142889937	26.034071904069613	0.0
216.0	26.160051594285278	23.79458478624444	23.833663084944746	26.21170053452554	0.0
217.0	26.214160007870312	23.770536602428866	23.801143381830503	26.214160007870312	0.0
218.0	26.24422023763978	23.77928139654362	23.694566203556946	26.281932162259654	0.0
219.0	26.383863668659753	23.62515440027109	23.77955467135971	26.211427259709453	0.0
220.0	26.21306690860597	23.774089175037986	23.644010362581025	26.36883355377502	0.0
221.0	26.290748802369844	23.69900336402218	23.779892930634464	26.230354902973513	0.0
222.0	26.183969611674364	23.805099335938568	23.75918891591288	26.25174213647419	0.0
223.0	26.212936900500093	23.8305140327385	23.77093979722898	26.185609269532424	0.0
224.0	26.05396128757218	23.680823329115757	23.87785608683652	26.387359296475545	0.0
225.0	26.193605863432524	23.679730220889844	23.81500236384654	26.311661551831094	0.0
226.0	26.234597421904247	23.724820935208744	23.85490081409235	26.185680828794656	0.0
227.0	26.22831204960525	23.748869316178823	23.803798004530936	26.21902062968499	0.0
228.0	26.07234210008526	23.838022780437683	23.823265779060364	26.266369340416695	0.0
229.0	26.21526639120264	23.796757832141843	23.751666994600033	26.236308782055485	0.0
230.0	26.183292888218446	23.716960713583	23.730624603747184	26.369121794451367	0.0
231.0	26.217250981753192	23.712379791597776	23.774687301019057	26.295681925629978	0.0
232.0	26.28283783377559	23.72249109795123	23.69789602844283	26.29677503983035	0.0
233.0	26.299234546781186	23.776326972319616	23.718665198249926	26.205773282649268	0.0
234.0	26.390854981608303	23.71627050277925	23.710531637544204	26.182342878068244	0.0
235.0	26.209540778959568	23.755205999059914	23.766410511472326	26.268842710508196	0.0
236.0	26.27430832631913	23.8341841475279	23.853313802866168	26.038193723286803	0.0
237.0	26.163629606147726	23.838010078595556	23.778161585465835	26.220198729790884	0.0
238.0	26.223751380067995	23.855500049190542	23.695084225139645	26.225664345601817	0.0
239.0	26.280867065292245	23.831451339622436	23.6784140969163	26.20926749816902	0.0
240.0	26.35384981183435	23.90209373573726	23.71023856179677	26.033817890631617	0.0
241.0	26.157281505634376	23.79119872963466	23.843401780370012	26.20811798436095	0.0
242.0	26.21555062960726	23.785132686278743	23.798799003998763	26.200517680115233	0.0
243.0	26.245944342853704	23.78097948049321	23.69296454528806	26.28011163136502	0.0
244.0	26.378444573830944	23.628252544221482	23.786523211664466	26.206779670283108	0.0
245.0	26.212586349707088	23.776615665552242	23.6404790478091	26.370318936931568	0.0
246.0	26.28391936445103	23.71608063554897	23.775130264575143	26.224869735424853	0.0
247.0	26.18412958786139	23.800697149887228	23.75886815665368	26.256305105597704	0.0
248.0	26.20523350074776	23.83044573065871	23.77412449181018	26.190196276783347	0.0
249.0	26.04809737586054	23.686153139507542	23.878083322852813	26.3876661617791	0.0
