# Position (bp)	A	C	G	T	N
0.0	26.045377664680696	24.07119021134594	23.96970758986393	25.913724534109438	0.0
1.0	25.885382540722567	24.12635043503436	24.011458698401572	25.9768083258415	0.0
2.0	25.894582223549563	24.087742501721817	24.07250519592128	25.945170078807344	0.0
3.0	25.979253895989128	24.204803783543294	23.99545340963804	25.820488910829543	0.0
4.0	25.940834821401364	24.155153184668734	23.954644905322304	25.949367088607595	0.0
5.0	26.01790513569021	24.05827396442131	23.95619397027187	25.967626929616607	0.0
6.0	25.85142007453068	24.050922187655207	24.08322084665145	26.014436891162664	0.0
7.0	25.8252539594518	24.05043235568339	24.060487139018043	26.063826545846762	0.0
8.0	26.077193538362163	24.106528057913433	23.918236272675756	25.898042131048644	0.0
9.0	26.033294538452633	24.067247168075266	24.017585658487242	25.88187263498486	0.0
10.0	26.03379936690928	24.01601311271635	24.052572730790207	25.897614789584168	0.0
11.0	25.84064271808574	24.012357150908965	24.134527207972432	26.012472923032863	0.0
12.0	25.892130846873084	24.026371671170608	23.956299069862382	26.12519841209392	0.0
13.0	25.967078063924493	24.057142683049438	24.154025670945156	25.821753582080913	0.0
14.0	26.07371028330657	23.94441719398838	23.907552912430575	26.074319610274472	0.0
15.0	25.97225734315162	24.02423902678297	24.071157203311085	25.93234642675433	0.0
16.0	25.97256200663557	23.968485609220338	24.06384527969631	25.995107104447783	0.0
17.0	25.93722104249751	24.099490907318323	24.016317776200296	25.946970273983872	0.0
18.0	25.91894123346058	24.04891676898282	24.03612090265697	25.99602109489963	0.0
19.0	25.960680130761567	24.055314702145743	24.00108460200286	25.982920565089827	0.0
20.0	25.928837137033756	24.01160151477761	24.100258048398544	25.959303299790086	0.0
21.0	25.967224502106735	24.076189779821043	23.956457760188645	26.000127957883578	0.0
22.0	25.940414278881164	23.95310648228545	23.992712493868684	26.113766744964707	0.0
23.0	25.897152327767163	24.01160151477761	24.027443919410906	26.063802238044314	0.0
24.0	26.00165126602139	24.00124301944046	24.050902864733285	25.946202849804866	0.0
25.0	26.04034329272194	24.063698653090945	23.97321414970463	25.922743904482488	0.0
26.0	25.88831714056783	24.115795791404278	24.012515499660303	25.98337156836759	0.0
27.0	25.926399844013247	24.06034737518775	24.07771308795886	25.93553969284015	0.0
28.0	25.98428555325028	24.173986162268875	24.010078206639797	25.831650077841044	0.0
29.0	25.960217284672776	24.138950075099093	23.956457760188645	25.944374880039483	0.0
30.0	26.033640736915544	24.04785624845765	23.942138663693168	25.976364350933633	0.0
31.0	25.862116240597384	24.070096547269777	24.07679910307617	25.99098810905668	0.0
32.0	25.820377597621203	24.0490748949679	24.079845719351802	26.050701788059094	0.0
33.0	26.084823890346186	24.10056271002611	23.928428890452818	25.886184509174885	0.0
34.0	26.046741186900768	24.072838501917847	24.021960010114764	25.85846030106662	0.0
35.0	26.032117428777727	24.012515499660303	24.05151218798841	25.90385488357356	0.0
36.0	25.85785097781149	23.983267983414223	24.127068271624122	26.031812767150164	0.0
37.0	25.887098494057575	24.028053242666033	23.975346781097574	26.10950148217882	0.0
38.0	25.965701193968922	24.066440607739015	24.146871277415737	25.820986920876326	0.0
39.0	26.04948314154884	23.948231896244437	23.915328440467594	26.08695652173913	0.0
40.0	25.966615178851608	24.012820161287866	24.08045504260693	25.940109617253597	0.0
41.0	25.951686759101005	23.982963321786656	24.07862707284155	25.986722846270787	0.0
42.0	25.928837137033756	24.094469477474842	24.040239707768567	25.936453677722838	0.0
43.0	25.906901499849194	24.056691435656987	24.052121511243538	25.98428555325028	0.0
44.0	25.940718940508724	24.072838501917847	23.99941504967508	25.987027507898354	0.0
45.0	25.92959312687556	24.01754840282115	24.094322665163677	25.95853580513961	0.0
46.0	25.96523832010602	24.07177784209484	23.98281718890429	25.980166648894848	0.0
47.0	25.93355370390117	23.948695294529834	24.00048745563392	26.117263545935078	0.0
48.0	25.899736469297913	24.02333693847396	24.008408609685134	26.068517982542993	0.0
49.0	26.002406812192486	23.99774551769312	24.04253050405959	25.95731716605481	0.0
50.0	26.04871509741496	24.049233019026005	23.973982055539476	25.928069828019556	0.0
51.0	25.877191646229075	24.109860313494906	24.027297515499566	25.985650524776453	0.0
52.0	25.87962892439868	24.07787103751885	24.095236644477282	25.94726339360519	0.0
53.0	25.992657699514066	24.1674410102518	24.008408609685134	25.831492680548994	0.0
54.0	25.956098526970006	24.156168598717382	23.947781315216233	25.93995155909638	0.0
55.0	26.021295718006915	24.049842338568403	23.962709644005056	25.966152299419626	0.0
56.0	25.874145048517068	24.041007205203588	24.07756637774765	26.007281368531693	0.0
57.0	25.843069751854614	24.050451658110806	24.0480143799412	26.05846421009338	0.0
58.0	26.078267095221413	24.09584596401968	23.932548326656207	25.893338614102703	0.0
59.0	26.024951635261324	24.074519780035644	24.026688195957167	25.873840388745865	0.0
60.0	26.04780111810136	24.003534053345927	24.056544853534813	25.892119975017895	0.0
61.0	25.824485505811385	23.9876917452435	24.163480433226194	26.024342315718922	0.0
62.0	25.892119975017895	24.03521866955078	23.971849437141074	26.10081191829025	0.0
63.0	25.967370938504423	24.05928679147562	24.156473258488585	25.816869011531374	0.0
64.0	26.052675674440568	23.95143723247064	23.9288924094018	26.066994683686996	0.0
65.0	25.951528630402	24.001096775176322	24.09371334562128	25.9536612488004	0.0
66.0	25.948177372918792	23.985254467073897	24.068121924840437	25.998446235166877	0.0
67.0	25.93964689932518	24.078480357061252	24.04009322588999	25.941779517723585	0.0
68.0	25.915883437171537	24.0480143799412	24.061419409874024	25.974682773013235	0.0
69.0	25.97620607186924	24.08457355248526	23.98312184867549	25.956098526970006	0.0
70.0	25.92943513376006	24.024713850053466	24.10849477664005	25.93735623954643	0.0
71.0	25.963861478139272	24.074068432260837	23.979319820739285	25.98275026886061	0.0
72.0	25.948323924481397	23.9561658192099	24.00612971724699	26.089380539061715	0.0
73.0	25.893180841891684	24.020143981330563	24.02654179754263	26.060133379235122	0.0
74.0	26.00102974375223	24.00582505933213	24.043602640774804	25.949542556140837	0.0
75.0	26.05068898387446	24.063405405240726	23.960126372103083	25.925779238781733	0.0
76.0	25.895618105210566	24.10910409246977	24.024409192138606	25.970868610181057	0.0
77.0	25.90262523725235	24.08625474885525	24.085645433025526	25.925474580866876	0.0
78.0	25.999811112092786	24.152670174294794	24.00795766473615	25.83956104887627	0.0
79.0	25.93004444958978	24.16241922757032	23.97749187325012	25.93004444958978	0.0
80.0	26.026925666515353	24.06005416817726	23.970180083293474	25.942840082013912	0.0
81.0	25.866675603298834	24.064014721070446	24.094175854641616	25.975133820989104	0.0
82.0	25.833772548493922	24.04908648324229	24.0536563519652	26.063484616298588	0.0
83.0	26.063484616298588	24.111541355788653	23.938800318062864	25.886173709849896	0.0
84.0	26.020832508218145	24.0774196693243	24.038728114137044	25.86301970832051	0.0
85.0	26.061047352979706	23.989373531929672	24.065538010644747	25.88404110444587	0.0
86.0	25.81945362649549	23.981757084058163	24.176433491653896	26.02235579779245	0.0
87.0	25.92334197546285	24.023495218394025	23.968352135804313	26.08481067033881	0.0
88.0	25.97391518932966	24.04482127243425	24.163028543400042	25.818234994836047	0.0
89.0	26.070491748340373	23.958603082528782	23.90376465785393	26.067140511276914	0.0
90.0	25.957768319842067	24.001559848524085	24.090824617578154	25.949847214055698	0.0
91.0	25.948019266566536	23.967742819974593	24.09874572336452	25.98549219009435	0.0
92.0	25.933395686653242	24.085036117195806	24.03964208788162	25.94192610826933	0.0
93.0	25.918772106739947	24.02410453422375	24.065233352729887	25.991890006306416	0.0
94.0	25.96233818856497	24.088996670088992	24.002169164353806	25.946495976992235	0.0
95.0	25.925316613808842	24.027309369087767	24.10621528825033	25.941158728853058	0.0
96.0	25.94511925761412	24.074531058161888	24.00628810104832	25.974061583175672	0.0
97.0	25.9250119577503	23.9633315967938	24.018169687331486	26.093486758124417	0.0
98.0	25.883274077729943	24.035839738726963	24.02974661755611	26.05113956598698	0.0
99.0	25.99386422698095	23.997453075350585	24.03218386602445	25.97649883164402	0.0
100.0	26.052967502338237	24.065391376405607	23.963636252852343	25.918004868403816	0.0
101.0	25.879922861085973	24.114441001830983	24.03614439478551	25.969491742297535	0.0
102.0	25.892109103427686	24.07026587334229	24.095552326201336	25.94207269702869	0.0
103.0	26.006659781439744	24.135157613811884	24.022434872151084	25.835747732597287	0.0
104.0	25.98746644975155	24.1366808941046	23.965768845262144	25.910083810881705	0.0
105.0	26.03712538729401	24.0489399492443	23.958457099857117	25.955477563604568	0.0
106.0	25.869259899036983	24.07696830663023	24.081538147508372	25.972233646824417	0.0
107.0	25.82813133113372	24.051986509829728	24.074531058161888	26.04535110087467	0.0
108.0	26.071856177967884	24.101340791313646	23.949317418100836	25.877485612617633	0.0
109.0	26.033469514591502	24.06021222341038	24.040409579605104	25.865908682393012	0.0
110.0	26.058146655333463	23.98800873753576	24.07361708998626	25.880227517144522	0.0
111.0	25.8394036052998	23.973080590667166	24.182379302886005	26.00513650114703	0.0
112.0	25.91922349263799	24.038276987195307	23.971861966432996	26.07063755373371	0.0
113.0	25.94877513031663	24.07361708998626	24.157397506085506	25.820210273611604	0.0
114.0	26.07825395519728	23.94322429692998	23.918851812246565	26.05966993562617	0.0
115.0	25.967663805946277	23.98496217695033	24.098903542845303	25.948470474258084	0.0
116.0	25.94816581819954	23.9675967816134	24.108043224601587	25.97619417558547	0.0
117.0	25.94542391367266	24.087631268679225	24.04071423566365	25.926230581984466	0.0
118.0	25.903686033652306	24.034621114492793	24.088545236854852	25.973147615000048	0.0
119.0	25.97010105441462	24.09951285496239	23.99349254658953	25.936893544033463	0.0
120.0	25.94558200324765	24.025018507968326	24.09935503919424	25.93004444958978	0.0
121.0	25.967822031032455	24.074677748090558	23.990287505674253	25.967212715202738	0.0
122.0	25.926083896696596	23.979624478654145	24.0152694546928	26.079022169956463	0.0
123.0	25.90171126350777	24.011308901799612	24.034158245414137	26.05282158927848	0.0
124.0	25.990976032561836	23.991201479418834	24.04786785158285	25.969954636436476	0.0
125.0	26.034237456472	24.07559172183514	23.96682884623001	25.92334197546285	0.0
126.0	25.908718395549556	24.096613117960498	24.038728114137044	25.955940372352902	0.0
127.0	25.905671816400954	24.059140194432683	24.112455329533233	25.92273265963313	0.0
128.0	26.004076322900833	24.133476725658596	24.028065087116932	25.834381864323646	0.0
129.0	25.993413295880718	24.122509040723624	23.963477609166546	25.92060005422911	0.0
130.0	26.044675172741567	24.03423146760258	23.969339134037703	25.951754225618153	0.0
131.0	25.878714945085076	24.07726171797645	24.086401511112467	25.95762182582601	0.0
132.0	25.8363672368882	24.036741968406783	24.087924809968467	26.038965984736546	0.0
133.0	26.037747345651745	24.115648849147714	23.944734717504225	25.901869087696316	0.0
134.0	26.01885843983731	24.06659862598443	24.05959145124682	25.854951482931437	0.0
135.0	26.064252745746185	23.96971681874267	24.08305025362926	25.88298018188188	0.0
136.0	25.80133136320015	23.99622221883711	24.182978658583025	26.01946775937971	0.0
137.0	25.911618200374733	24.027906835041968	23.974896034853078	26.085578929730225	0.0
138.0	25.960363763766814	24.052584276509208	24.147333465352567	25.83971849437141	0.0
139.0	26.05511295261017	23.94595335658903	23.939250841622616	26.059682849178177	0.0
140.0	25.959449784453213	23.966974880801864	24.111992931893308	25.96158240285161	0.0
141.0	25.939037579782777	23.963318963547458	24.10072052035889	25.996922936310874	0.0
142.0	25.943607476350785	24.06598930644203	24.0467957408564	25.943607476350785	0.0
143.0	25.91496945785794	24.028516154584366	24.08548753179886	25.971026855758833	0.0
144.0	25.967370938504423	24.07238716163724	24.02242295916036	25.937818940697976	0.0
145.0	25.941407297277536	24.034219698262206	24.120439201540375	25.903933802919887	0.0
146.0	25.952679811840408	24.064685953837532	24.00009749201784	25.982536742304223	0.0
147.0	25.94597723561383	23.9586633844354	24.01959589558605	26.075763484364717	0.0
148.0	25.913378342148235	24.013807307026738	24.027517122035633	26.045297228789394	0.0
149.0	25.97347599708742	23.98524210083752	24.05957999092103	25.981701911154037	0.0
150.0	26.044157925363542	24.058056673501284	23.97183690754377	25.925948493591406	0.0
151.0	25.912543300297656	24.080601771313496	24.058056673501284	25.948798254887564	0.0
152.0	25.918636569976634	24.052572730790207	24.090351002799856	25.938439696433303	0.0
153.0	25.999981720190963	24.143971775974844	24.021801718911377	25.83424478492281	0.0
154.0	25.98840450780091	24.129652592229252	23.978539504190646	25.90340339577919	0.0
155.0	26.05703317795448	24.035584803339123	23.97434725649697	25.933034762209427	0.0
156.0	25.881015997977023	24.071303876257126	24.096286434166387	25.95139369159946	0.0
157.0	25.85237745598348	24.025299409863234	24.082881159190688	26.039441974962603	0.0
158.0	26.05802656072437	24.09750509552782	23.96131968838829	25.883148655359523	0.0
159.0	26.046144612450455	24.032002047351085	24.067952557513202	25.85390078268526	0.0
160.0	26.058635891405086	23.962843015090073	24.094763107464605	25.883757986040234	0.0
161.0	25.800584348122808	23.97411563268328	24.174890091978465	26.05040992721545	0.0
162.0	25.932504440497333	24.007628820122537	23.970764313939352	26.089102425440775	0.0
163.0	25.997093492652994	24.041142007561795	24.14929820338849	25.812466296396725	0.0
164.0	26.0571125647033	23.944867760009018	23.941211775924735	26.056807899362944	0.0
165.0	25.971501604063018	23.95644504294258	24.1145663545878	25.957486998406598	0.0
166.0	25.953831014322315	23.967717660535783	24.105731059717453	25.972720265424442	0.0
167.0	25.96114298249088	24.070694545576412	24.03352537405287	25.934637097879833	0.0
168.0	25.922755149605912	24.03169738201073	24.08623247793461	25.95931499044874	0.0
169.0	25.96510363191552	24.08836513531711	24.008847481483965	25.9376837512834	0.0
170.0	25.960161595973506	24.044408425901665	24.117528775904407	25.87790120222042	0.0
171.0	25.961684936598562	24.040447740276516	24.03283103715123	25.965036285973692	0.0
172.0	25.929694783472364	23.95575000152334	24.027956347151047	26.08659886785325	0.0
173.0	25.898009298471177	24.01211360465045	24.031003028401162	26.058874068477206	0.0
174.0	25.994058953461803	23.974712468581004	24.06337116307411	25.967857414883085	0.0
175.0	26.0260492040521	24.071597227511614	23.975931144793968	25.92642242364232	0.0
176.0	25.91118897098027	24.075557925203746	24.048137710412064	25.965115393403913	0.0
177.0	25.911798309086752	24.04295833650697	24.10297813999543	25.94226521441085	0.0
178.0	26.01965115393404	24.109376190113487	24.004265366745372	25.866707289207095	0.0
179.0	25.986137558077537	24.118820930763956	23.97349379236804	25.921547718790467	0.0
180.0	26.073047674758705	24.00281515062884	23.971434142536804	25.952703032075657	0.0
181.0	25.879965754989747	24.066259829445226	24.1037343513404	25.950040064224627	0.0
182.0	25.840358536726555	24.045846878494196	24.07905600765333	26.034738577125914	0.0
183.0	26.0578935662644	24.075704627646445	23.992224798384026	25.87417700770513	0.0
184.0	26.043574033507706	24.03579273847354	24.050721613049664	25.869911614969094	0.0
185.0	26.04601140078544	23.988568747467422	24.097945604055777	25.86747424769136	0.0
186.0	25.80562605301883	23.96724178378724	24.182034775137634	26.04509738805629	0.0
187.0	25.925057049627842	23.99953690021723	23.97333520198158	26.102070848173348	0.0
188.0	25.99360800431414	24.02512925663345	24.14913031688821	25.8321324221642	0.0
189.0	26.063986984458737	23.937688705544705	23.940430743732158	26.0578935662644	0.0
190.0	25.976546433369997	23.96419507469007	24.097336262236347	25.96192222970359	0.0
191.0	25.973195053363106	23.962062378322056	24.083930742208803	25.98081182610603	0.0
192.0	25.966796964259053	24.07966534947277	24.02086386389741	25.932673822370766	0.0
193.0	25.940595266023404	24.01994985116826	24.082712058569935	25.9567428242384	0.0
194.0	25.98873326975867	24.075095285827015	23.991310785654875	25.94486065875944	0.0
195.0	25.957589421729327	24.03723112546463	24.10151727499848	25.90366217780757	0.0
196.0	25.95180062153434	24.058862957772227	24.01285722990677	25.976479190786666	0.0
197.0	25.960331484979587	23.954359880567914	24.00981049296204	26.075498141490467	0.0
198.0	25.91158369386387	24.01742733532387	24.03083297788069	26.040155992931567	0.0
199.0	25.988745319436106	23.984900325697172	24.051014718831023	25.975339636035695	0.0
200.0	26.043916870549737	24.07567083370149	23.972383619074314	25.908028676674455	0.0
201.0	25.932865948222016	24.057536508748996	24.064239554674003	25.945357988354985	0.0
202.0	25.94659979707557	24.029177241994997	24.098342174460164	25.925880786469268	0.0
203.0	26.022943676777526	24.11706455003885	24.00767836194945	25.852313411234174	0.0
204.0	25.998580095127533	24.101514057362937	23.973539798471013	25.926366049038517	0.0
205.0	26.08092873030866	23.999817179073098	23.97452695085164	25.9447271397666	0.0
206.0	25.89728354434237	24.07209348385819	24.10743940155705	25.923183570242394	0.0
207.0	25.863009357584033	24.035675217790075	24.085037920916076	26.016277503709823	0.0
208.0	26.059254248443686	24.088683310022883	23.979596500690175	25.87246594084326	0.0
209.0	26.04661508880878	24.013870563750658	24.065976591900103	25.873537755540454	0.0
210.0	26.055915289098802	23.974099184886114	24.097813666488914	25.872171859526166	0.0
211.0	25.81748041429368	23.969674531420928	24.184500248344623	26.02834480594077	0.0
212.0	25.92154699836366	23.99023679727947	23.99358870832584	26.09462749603103	0.0
213.0	26.013438361799707	24.00774000883702	24.148218121981323	25.830603507381955	0.0
214.0	26.06036597443359	23.94831868115125	23.93247299376838	26.058842350646778	0.0
215.0	25.990291350891788	23.95348624608043	24.09975591249417	25.956466490533607	0.0
216.0	25.971251740772004	23.947842356906257	24.097769678722813	25.983136223598922	0.0
217.0	25.973701452057718	24.100806021544695	24.017308893663056	25.908183632734534	0.0
218.0	25.910926239124805	24.018223095793147	24.11116697901906	25.95968368606299	0.0
219.0	25.99504496405618	24.062398103312194	23.986823139347436	25.955733793284193	0.0
220.0	25.946547205461084	24.049795818857806	24.082099104040957	25.921557871640154	0.0
221.0	25.960419091967402	24.04079990735605	24.02251491750422	25.976266083172323	0.0
222.0	25.94777775068874	23.95348270229417	24.00102396567277	26.09771558134432	0.0
223.0	25.8935428425146	24.0238684431875	24.017468579717917	26.06512013457999	0.0
224.0	25.98095238095238	23.979885714285714	24.059733333333334	25.97942857142857	0.0
225.0	26.053485714285713	24.05881904761905	23.973485714285715	25.91420952380952	0.0
226.0	25.918938934484935	24.063232385416445	24.05987998403038	25.957948696068243	0.0
227.0	25.909502345185743	24.035182357620254	24.120517251363072	25.93479804583093	0.0
228.0	26.02311377683502	24.098489558570748	24.019249289885284	25.859147374708947	0.0
229.0	25.992051397710508	24.118582905628635	23.97198483426189	25.917380862398964	0.0
230.0	26.08784436594606	23.98362709271174	23.97204536380344	25.956483177538757	0.0
231.0	25.90171229327823	24.055922315893422	24.095544623862384	25.946820766965967	0.0
232.0	25.867744413152412	24.02893090962291	24.063982053814172	26.039342623410505	0.0
233.0	26.076991069523608	24.069310250236214	23.983967813709654	25.869730866530528	0.0
234.0	26.03799003919704	24.00742488250032	24.070518095865108	25.88406698243753	0.0
235.0	26.06161836602821	23.965204033113473	24.09230562904622	25.8808719718121	0.0
236.0	25.81519254332758	23.97022695545626	24.18023542894764	26.034345072268515	0.0
237.0	25.91610429354353	23.983918262343252	23.99702506141907	26.10295238269415	0.0
238.0	26.000853476392233	24.03663852226659	24.1472856402597	25.815222361081474	0.0
239.0	26.036821410064924	23.96683634590179	23.934526168195813	26.061816075837474	0.0
240.0	26.008589970645346	23.94888693123451	24.0866678656453	25.955855232474846	0.0
241.0	25.973740927145855	23.95172525218038	24.108718780388916	25.965815040284845	0.0
242.0	25.98616518247752	24.073436113812562	24.024047827372698	25.91635087633722	0.0
243.0	25.926242103465942	24.021927364082053	24.10729529988536	25.944535232566647	0.0
244.0	25.99498126358733	24.079263105579457	23.997548563744967	25.92820706708825	0.0
245.0	25.958890952167508	24.02997954000067	24.101025439310643	25.91010406852118	0.0
246.0	25.937298932416898	24.040898099330054	24.031750000762344	25.990052967490705	0.0
247.0	25.965625972029933	23.951122523039015	24.016991845621824	26.066259659309228	0.0
248.0	25.889747546523047	24.030960469896492	24.026690901549852	26.05260108203061	0.0
249.0	25.997944489004237	23.968661081613547	24.05374825784769	25.979646171534526	0.0
