# Position (bp)	A	C	G	T	N
0.0	26.346118862036633	23.750297364996293	23.639187808734835	26.26439596423224	0.0
1.0	26.30133919200683	23.649822980366913	23.834539119239864	26.21429870838639	0.0
2.0	26.344099563137906	23.75623039228033	23.633091813803276	26.266578230778485	0.0
3.0	26.245298647801558	23.685020596400108	23.866358466911436	26.2033222888869	0.0
4.0	26.132312531130548	23.759395129922826	23.77282673785419	26.33546560109244	0.0
5.0	26.41597600353679	23.729524939421243	23.575629711292553	26.278869345749413	0.0
6.0	26.253570938922604	23.765035716384208	23.74293156947837	26.238461775214816	0.0
7.0	26.271582416783012	23.58726277178247	23.728837270466048	26.412317540968473	0.0
8.0	26.3945856112451	23.777481827999708	23.740830064518295	26.0871024962369	0.0
9.0	26.22551350988412	23.881636741065684	23.674889912209533	26.21795983684066	0.0
10.0	26.2866510564848	23.611099454762645	23.76384424507426	26.3384052436783	0.0
11.0	26.22342702239977	23.81503892754134	23.68047804083825	26.281056009220638	0.0
12.0	26.265389876880985	23.63935444344666	23.778950872687496	26.31630480698486	0.0
13.0	26.155726950503418	23.789021957762987	23.77671285378183	26.278538237951764	0.0
14.0	26.232099345659222	23.932814672451947	23.670686708125967	26.164399273762868	0.0
15.0	26.392677202140664	23.68635284046562	23.66005611832406	26.260913839069655	0.0
16.0	26.25839606780078	23.595153570059782	23.77391533014975	26.37253503198968	0.0
17.0	26.35127385238587	23.652223052154234	23.778111615597872	26.218391479862024	0.0
18.0	26.246646468546043	23.848609211126313	23.747059103281774	26.157685217045874	0.0
19.0	26.20440386170162	23.71236981024397	23.853924506027266	26.22930182202714	0.0
20.0	26.168036054484574	23.76132647380539	23.68439457392316	26.386242897786875	0.0
21.0	26.351833357112287	23.77839136796108	23.58788000861637	26.28189526631026	0.0
22.0	26.25447953471587	23.671246212852385	23.696144173177903	26.378130079253843	0.0
23.0	26.177547634833648	23.663692899045767	23.90875596921605	26.25000349690454	0.0
24.0	26.247765477998875	23.787902948310155	23.786224434130908	26.178107139560066	0.0
25.0	26.35267261420191	23.7478983603714	23.63515815799854	26.264270867428152	0.0
26.0	26.297281646286706	23.647187509616487	23.84329391622536	26.212236927871444	0.0
27.0	26.349035833480205	23.75069588400348	23.628723853644754	26.271544428871564	0.0
28.0	26.2486047350885	23.669567698673134	23.86623361000842	26.215593956229945	0.0
29.0	26.1378227992581	23.75657068363085	23.768040530522384	26.33756598658867	0.0
30.0	26.41673590537656	23.723559904772294	23.569136600281432	26.29056758956971	0.0
31.0	26.255598544168702	23.764683502163887	23.739505789475157	26.240212164192258	0.0
32.0	26.27350269541402	23.587320503889956	23.724958666588336	26.414218134107685	0.0
33.0	26.388201164329335	23.775034339602584	23.738107027659115	26.098657468408966	0.0
34.0	26.225944793668642	23.883018751800904	23.67376398412126	26.217272470409192	0.0
35.0	26.279097742678182	23.619771778022095	23.75657068363085	26.344559795668875	0.0
36.0	26.215034451503527	23.81923521298946	23.678240021932584	26.287490313574423	0.0
37.0	26.265669629244194	23.635717662724957	23.779510377413914	26.31910233061694	0.0
38.0	26.15041165560246	23.792099233758275	23.773076073060125	26.284413037579135	0.0
39.0	26.23965265946584	23.930576653546282	23.667889184493887	26.161881502493994	0.0
40.0	26.39435571631991	23.68327556447033	23.6648119084986	26.257556810711158	0.0
41.0	26.26343161033853	23.59375480824374	23.77391533014975	26.368898251267975	0.0
42.0	26.346238309848125	23.657818099418396	23.77979012977712	26.21615346095636	0.0
43.0	26.24832498272529	23.85028772530556	23.74677935091857	26.154607941050585	0.0
44.0	26.20104683334312	23.716006590965677	23.85588277256972	26.227063803121474	0.0
45.0	26.16971456866382	23.766921521069552	23.684114821559955	26.379249088706676	0.0
46.0	26.346238309848125	23.776153349055416	23.58815976097958	26.289448580116883	0.0
47.0	26.25392002998945	23.668168936857096	23.701179715715647	26.3767313174378	0.0
48.0	26.181464167918563	23.66593091795143	23.908476216852844	26.24412869727717	0.0
49.0	26.245807211456416	23.795176509753567	23.777831863234663	26.181184415555354	0.0
50.0	26.343440786216043	23.752094645819522	23.63935444344666	26.265110124517776	0.0
51.0	26.29672214156029	23.653062309243857	23.844133173314983	26.206082375880868	0.0
52.0	26.337006481862257	23.75517192181481	23.627045339465504	26.28077625685743	0.0
53.0	26.24105142128188	23.677121012479752	23.863995591102753	26.21783197513561	0.0
54.0	26.123555428734484	23.75517192181481	23.77727235850825	26.34400029094246	0.0
55.0	26.408343334480318	23.73335123748458	23.569136600281432	26.289168827753674	0.0
56.0	26.253360525263037	23.769439292338422	23.74482108437611	26.232379098022427	0.0
57.0	26.26790764814986	23.591796541701285	23.72887519967325	26.411420610475606	0.0
58.0	26.378130079253843	23.778671120324287	23.74034504656478	26.102853753857087	0.0
59.0	26.217272470409192	23.884137761253736	23.675722250663714	26.222867517673354	0.0
60.0	26.277139476135723	23.614176730757933	23.761606226168595	26.34707756693775	0.0
61.0	26.21139767078182	23.824830260253623	23.67348423175805	26.290287837206506	0.0
62.0	26.266508886333817	23.641592462352325	23.775034339602584	26.316864311711274	0.0
63.0	26.157125712319456	23.797974033385646	23.764403749800678	26.280496504494224	0.0
64.0	26.234057612201678	23.93337417717836	23.660615623050475	26.171952587569486	0.0
65.0	26.385123888334043	23.6891503640977	23.665371413225014	26.26035433434324	0.0
66.0	26.254759287079075	23.599070103144694	23.782028148682784	26.364142461093444	0.0
67.0	26.345399052758502	23.667889184493887	23.7722368159705	26.21447494677711	0.0
68.0	26.24356919255075	23.85644227729614	23.74174380838082	26.158244721772288	0.0
69.0	26.197969557347832	23.713488819696803	23.85756128674897	26.23098033620639	0.0
70.0	26.17447035883836	23.764683502163887	23.679079279022208	26.381766859975546	0.0
71.0	26.345119300395293	23.778950872687496	23.5853622373475	26.29056758956971	0.0
72.0	26.256717553621534	23.670686708125967	23.6995012015364	26.373094536716096	0.0
73.0	26.179785653739312	23.669567698673134	23.90735720740001	26.243289440187546	0.0
74.0	26.241890678371504	23.790700471942237	23.782587653409202	26.18482119627706	0.0
75.0	26.335607720046216	23.7548921694516	23.63935444344666	26.270145667055523	0.0
76.0	26.29252585611217	23.64998503324857	23.844133173314983	26.21335593732428	0.0
77.0	26.334208958230178	23.75517192181481	23.62928335837117	26.281335761583847	0.0
78.0	26.238813402376216	23.681037545564664	23.865114600555586	26.215034451503527	0.0
79.0	26.115442610201452	23.760207464352558	23.768879787612004	26.35547013783399	0.0
80.0	26.401629277763323	23.73195247566854	23.582005208989003	26.284413037579135	0.0
81.0	26.25252126817341	23.762725235621428	23.749576874550648	26.23517662165451	0.0
82.0	26.264270867428152	23.585082484984294	23.733630989847786	26.417015657739768	0.0
83.0	26.376171812711384	23.78538517704128	23.743702074923277	26.09474093532405	0.0
84.0	26.225665041305433	23.88078073289524	23.672644974668426	26.220909251130898	0.0
85.0	26.283294028126303	23.613896978394724	23.76104672144218	26.341762272036796	0.0
86.0	26.218111727498815	23.817276946447006	23.670966460489176	26.293644865565003	0.0
87.0	26.265669629244194	23.634039148545707	23.775034339602584	26.32525688260752	0.0
88.0	26.15684595995625	23.796575271569605	23.769159539975213	26.277419228498932	0.0
89.0	26.2382538976498	23.931695662999115	23.659216861234437	26.170833578116653	0.0
90.0	26.386522650150084	23.694185906635447	23.66425240377218	26.255039039442284	0.0
91.0	26.25587829653191	23.59795109369186	23.786783938857322	26.359386670918905	0.0
92.0	26.350154842933037	23.666490422677846	23.778671120324287	26.204683614064827	0.0
93.0	26.242729935461128	23.853644753664057	23.73642851347987	26.167196797394947	0.0
94.0	26.19852906207425	23.7168458480553	23.85644227729614	26.228182812574307	0.0
95.0	26.1758691206544	23.764963254527093	23.681037545564664	26.378130079253843	0.0
96.0	26.343440786216043	23.77979012977712	23.587600256253165	26.289168827753674	0.0
97.0	26.262592353248905	23.670127203399552	23.695864420814694	26.37141602253685	0.0
98.0	26.181743920281768	23.66872844158351	23.911273740484923	26.2382538976498	0.0
99.0	26.246646468546043	23.789021957762987	23.78538517704128	26.17894639664969	0.0
100.0	26.343161033852837	23.755731426541228	23.62928335837117	26.27182418123477	0.0
101.0	26.29252585611217	23.651943299791025	23.844412925678192	26.211117918418616	0.0
102.0	26.33952425313113	23.760766969078972	23.62228954929097	26.277419228498932	0.0
103.0	26.247485725635666	23.674043736484464	23.862317076923507	26.21615346095636	0.0
104.0	26.116561619654284	23.766641768706343	23.770278549428046	26.34651806221133	0.0
105.0	26.408343334480318	23.729154952036456	23.5853622373475	26.277139476135723	0.0
106.0	26.247205973272457	23.760487216715763	23.752933902909145	26.23937290710263	0.0
107.0	26.262592353248905	23.58815976097958	23.732511980394953	26.41673590537656	0.0
108.0	26.388201164329335	23.780069882140328	23.743142570196863	26.088586383333475	0.0
109.0	26.215034451503527	23.8863757801594	23.677960269569375	26.22062949876769	0.0
110.0	26.29252585611217	23.619492025658886	23.75097563636669	26.337006481862257	0.0
111.0	26.224546031852604	23.821193479531917	23.66285364195614	26.29140684665934	0.0
112.0	26.26902665760269	23.629563110734377	23.777552110871454	26.323858120791478	0.0
113.0	26.16383976903645	23.797134776296023	23.769159539975213	26.269865914692314	0.0
114.0	26.237974145286593	23.922184082650038	23.657818099418396	26.182023672644977	0.0
115.0	26.38848091669254	23.69474541136186	23.663972651408972	26.25280102053662	0.0
116.0	26.257556810711158	23.5923560464277	23.787623195946946	26.362463946914193	0.0
117.0	26.3557498901972	23.665651165588223	23.777831863234663	26.200767080979915	0.0
118.0	26.245807211456416	23.855043515480098	23.734190494574204	26.164958778489282	0.0
119.0	26.200207576253497	23.717964857508132	23.849168715852727	26.232658850385636	0.0
120.0	26.182583177371395	23.757689693083684	23.681037545564664	26.378689583980258	0.0
121.0	26.350714347659455	23.782028148682784	23.580606447172965	26.2866510564848	0.0
122.0	26.265110124517776	23.670966460489176	23.69082887827695	26.373094536716096	0.0
123.0	26.185940205729892	23.675162745937296	23.905398940857552	26.233498107475263	0.0
124.0	26.250842753994164	23.78146864395637	23.785105424678076	26.182583177371395	0.0
125.0	26.343440786216043	23.753493407635563	23.629842863097586	26.27322294305081	0.0
126.0	26.29140684665934	23.64550899543724	23.84888896348952	26.214195194413904	0.0
127.0	26.330292425145263	23.764963254527093	23.622569301654174	26.28217501867347	0.0
128.0	26.246646468546043	23.68439457392316	23.860638562744256	26.208320394786533	0.0
129.0	26.101175239677836	23.766082263979925	23.7722368159705	26.360505680371737	0.0
130.0	26.402188782489738	23.73642851347987	23.58144570426259	26.279936999767806	0.0
131.0	26.240771668918672	23.762165730895013	23.7478983603714	26.249164239814917	0.0
132.0	26.264270867428152	23.58955852279562	23.726357428404377	26.419813181371847	0.0
133.0	26.37792411975673	23.777338876175662	23.74376849867677	26.100968505390842	0.0
134.0	26.21510778888709	23.879169021255645	23.677187249970626	26.228535939886644	0.0
135.0	26.283087803322346	23.61368328586855	23.758315662259623	26.344913248549478	0.0
136.0	26.222940876970164	23.81986135434093	23.657045023471287	26.30015274521762	0.0
137.0	26.262386070531363	23.625432917993162	23.77454134471742	26.33763966675805	0.0
138.0	26.164752222638743	23.794403818070933	23.778178135613135	26.26266582367719	0.0
139.0	26.235529768532245	23.924209277733326	23.655086751450522	26.185174202283907	0.0
140.0	26.39023325817299	23.695930710740843	23.662360333241946	26.251475697844224	0.0
141.0	26.256511254469057	23.59186254049427	23.791606286612694	26.360019918423983	0.0
142.0	26.350788064611784	23.663759098971067	23.780416160779726	26.205036675637416	0.0
143.0	26.24140458459455	23.855390003860595	23.736215163739516	26.166990247805337	0.0
144.0	26.196084574971046	23.70879935544875	23.855669757006417	26.239446312573783	0.0
145.0	26.178460126784124	23.75551813080138	23.683341819178757	26.382679923235735	0.0
146.0	26.346871520570247	23.77454134471742	23.587106737015258	26.29148039769707	0.0
147.0	26.263019048444985	23.67277742497699	23.692919707825	26.371283818753028	0.0
148.0	26.176015576698735	23.676134472118324	23.911407525940184	26.236442425242757	0.0
149.0	26.259382247375207	23.779083917785915	23.783839734569472	26.177694100269406	0.0
150.0	26.328201713772565	23.756703603510353	23.636129660350754	26.278965022366325	0.0
151.0	26.28651837843433	23.650956618558318	23.84594510668416	26.216579896323193	0.0
152.0	26.338552609125017	23.760620158508576	23.62046344035786	26.280363792008547	0.0
153.0	26.243716027382312	23.675854718189882	23.8644088659615	26.216020388466305	0.0
154.0	26.106916356372935	23.761739174222356	23.769292530290357	26.362051939114355	0.0
155.0	26.396741426241476	23.742995661016568	23.58101813644718	26.279244776294767	0.0
156.0	26.23868045667031	23.75894163493791	23.75054901708457	26.251828891307206	0.0
157.0	26.268054619156988	23.589410754300516	23.722573624240116	26.419961002302372	0.0
158.0	26.374155140772572	23.783626516270534	23.732711158855917	26.109507184100984	0.0
159.0	26.21525446488519	23.88601674052191	23.67564119779777	26.223087596795132	0.0
160.0	26.2863121614968	23.62164853856139	23.75537129045253	26.336668009489276	0.0
161.0	26.218891276129092	23.82335168524238	23.665290273488203	26.292466765140325	0.0
162.0	26.263372275189113	23.629201915760262	23.777192157915938	26.330233651134684	0.0
163.0	26.167696164003402	23.797054742401862	23.78278725213733	26.252461841457407	0.0
164.0	26.24462870954747	23.9198670605613	23.657177386867197	26.178326843024035	0.0
165.0	26.393737970547427	23.696902555839042	23.66668904704355	26.242670426569987	0.0
166.0	26.260574728078424	23.58807797323307	23.792019157602613	26.359328141085896	0.0
167.0	26.352054518598095	23.66696880175462	23.785864553959087	26.195112125688198	0.0
168.0	26.246586992524957	23.860279307103532	23.733270668278053	26.15986303209346	0.0
169.0	26.193433597421777	23.71816391388031	23.852725929904658	26.23567655879325	0.0
170.0	26.18560046551184	23.75425227160825	23.68795040508482	26.372196857795082	0.0
171.0	26.347018933798843	23.7729958372499	23.595351595720874	26.28463363323038	0.0
172.0	26.266802814340267	23.675987187198388	23.689695206389615	26.367514792071727	0.0
173.0	26.175043012407155	23.6743086542362	23.918535200234995	26.232113133121654	0.0
174.0	26.26624330335287	23.77110405505588	23.784812074247107	26.17784056734414	0.0
175.0	26.334783399309003	23.75124141500329	23.63430361863731	26.2796715670504	0.0
176.0	26.28806423186135	23.65724356912059	23.844399994404892	26.210292204613168	0.0
177.0	26.339539242701875	23.765508945181914	23.61975633296499	26.27519547915122	0.0
178.0	26.247219929781373	23.6734693877551	23.860346057545705	26.218964624917824	0.0
179.0	26.11601460323677	23.759634079814244	23.773062343511768	26.351288973437214	0.0
180.0	26.399966429340754	23.73613461834357	23.584786896252673	26.279112056063003	0.0
181.0	26.22819655620987	23.757116280370955	23.76215187925753	26.25253528416164	0.0
182.0	26.27211816872054	23.583108363290485	23.721307577177548	26.423465890811432	0.0
183.0	26.37066587588893	23.780682269606718	23.740397365814903	26.108254488689454	0.0
184.0	26.224073587090924	23.88810867971823	23.672416590666213	26.21540114252463	0.0
185.0	26.288137774370966	23.622340217202773	23.750188835486526	26.33933317293973	0.0
186.0	26.222395049432933	23.8215266859512	23.658988289402274	26.297089975213595	0.0
187.0	26.25792409652711	23.637726812401034	23.770331287382433	26.334017803689424	0.0
188.0	26.16392598767953	23.789914226725674	23.78599763885703	26.260162146737763	0.0
189.0	26.245614820368495	23.921399676601744	23.65143486994131	26.181550633088452	0.0
190.0	26.396403453311475	23.69955294947042	23.661785852165593	26.242257745052513	0.0
191.0	26.260162146737763	23.5946443458459	23.785438126304363	26.359755381111977	0.0
192.0	26.35444001186167	23.661506095889262	23.786557151409692	26.197496740839384	0.0
193.0	26.237501888354863	23.85677597676904	23.736760534222583	26.16896160065351	0.0
194.0	26.186306489786098	23.72389174551131	23.853139145176723	26.23666261952587	0.0
195.0	26.191342102760075	23.74655200389421	23.685005623101155	26.377100270244565	0.0
196.0	26.353041230480006	23.769212262277104	23.590168245424586	26.287578261818307	0.0
197.0	26.271705650812834	23.675000629453383	23.684792126517333	26.368501593216454	0.0
198.0	26.17127286664261	23.67919698533793	23.915591700167575	26.233938447851884	0.0
199.0	26.270306865517984	23.778790498331247	23.78186782597992	26.16903481017085	0.0
200.0	26.328776090842716	23.75920750420335	23.637513183551402	26.274503221402533	0.0
201.0	26.285413746702364	23.667726945920162	23.841735836599497	26.205123470777973	0.0
202.0	26.33688904555284	23.77151681479803	23.618489703541446	26.273104436107687	0.0
203.0	26.23981334609026	23.67919698533793	23.866354457788855	26.214635210782955	0.0
204.0	26.11867853955625	23.758368233026438	23.76787997303142	26.355073254385893	0.0
205.0	26.39312021440581	23.74270183772412	23.582960557052257	26.28121739081781	0.0
206.0	26.227224278436605	23.756969447731592	23.764522888323782	26.251283385508025	0.0
207.0	26.27506273552047	23.576526144695947	23.72675568536283	26.42165543442075	0.0
208.0	26.36549802490964	23.782493873303267	23.72794109418887	26.124067007598224	0.0
209.0	26.212470485547712	23.89076015800723	23.668912189608672	26.227857166836387	0.0
210.0	26.2804516410595	23.616597473227174	23.753678815617203	26.349272070096124	0.0
211.0	26.214428790438998	23.817463603504805	23.661918243568365	26.30618936248783	0.0
212.0	26.25359488826472	23.635900764298423	23.775779685104574	26.334724662332288	0.0
213.0	26.161554558374274	23.791725882076477	23.78417242035294	26.262547139196315	0.0
214.0	26.250797309848593	23.9150990902275	23.65604332889451	26.178060271029395	0.0
215.0	26.395152356120544	23.69604870024507	23.664995579826105	26.243803363808286	0.0
216.0	26.255553193156008	23.589740720432395	23.788368787977127	26.366337298434473	0.0
217.0	26.354027953403538	23.670310978816737	23.786690240927452	26.188970826852277	0.0
218.0	26.245761668699576	23.851594060181508	23.734095766704343	26.16854850441458	0.0
219.0	26.189530342535498	23.727381578505646	23.842082293566687	26.24100578539216	0.0
220.0	26.200720656199994	23.74640511173528	23.673388315074472	26.37948591699025	0.0
221.0	26.35710528966127	23.763470340073635	23.58666338417466	26.292760986090443	0.0
222.0	26.275209749028537	23.67009743992883	23.681287784899187	26.37340502614344	0.0
223.0	26.170020506307157	23.687722233257148	23.91124937404008	26.23100788639562	0.0
224.0	26.266537231676512	23.780322337886872	23.778643786141316	26.174496644295303	0.0
225.0	26.335357853244222	23.754304785830787	23.635687129144976	26.274650231780022	0.0
226.0	26.28919768024149	23.662264198449577	23.83319671787182	26.215341403437115	0.0
227.0	26.340113749856624	23.76605464804966	23.614145715077033	26.27968588701668	0.0
228.0	26.24387678311153	23.682406819396228	23.859494028552163	26.214222368940078	0.0
229.0	26.106795057224623	23.76045947556448	23.765495130801146	26.367250336409747	0.0
230.0	26.399422578199527	23.734721682132655	23.58225323191151	26.28360250775631	0.0
231.0	26.233245955389688	23.754864303079305	23.760179716940225	26.251710024590786	0.0
232.0	26.267376507549283	23.579175887044656	23.722692061289518	26.430755544116536	0.0
233.0	26.35753252203105	23.784025737865434	23.737305916911456	26.121135823192056	0.0
234.0	26.212896908658557	23.889774793677436	23.67072317806686	26.226605119597146	0.0
235.0	26.271366624702758	23.62428311651979	23.75437124073297	26.349979018044483	0.0
236.0	26.217932577982932	23.818715904322282	23.66121135823192	26.302140159462862	0.0
237.0	26.250664428591413	23.634354455168555	23.780109106168695	26.334872010071336	0.0
238.0	26.153587914393622	23.79549587354875	23.784865016086165	26.266051195971464	0.0
239.0	26.24814659392922	23.91747097496153	23.65673520772136	26.177647223387883	0.0
240.0	26.388352665357353	23.70341150073579	23.663404562469577	26.244831271437285	0.0
241.0	26.250674962999437	23.594468241067407	23.785276434069054	26.369580361864102	0.0
242.0	26.353472443720726	23.665553112077312	23.7881000744235	26.192874369778462	0.0
243.0	26.239021373870656	23.854291701991333	23.73034059972188	26.176346324416127	0.0
244.0	26.187384927052847	23.724753904785356	23.8442339009799	26.243627267181896	0.0
245.0	26.197245370240818	23.750426738153468	23.66759756213587	26.384730329469836	0.0
246.0	26.36172832596407	23.767560306710696	23.5778250405776	26.292886326747634	0.0
247.0	26.266592409541108	23.67617549682775	23.684011675906827	26.37322041772432	0.0
248.0	26.16887824074204	23.698315359920734	23.9101898473776	26.222616551959625	0.0
249.0	26.262920285372825	23.785360228611733	23.777523391559168	26.174196094456274	0.0
