# Position (bp)	A	C	G	T	N
0.0	26.26125239365034	23.744414815875345	23.63017580280497	26.364156987669347	0.0
1.0	26.34059332700992	23.70713054268005	23.704744349195554	26.247531781114468	0.0
2.0	26.27079475550228	23.787798819779283	23.678066322559868	26.263340102158573	0.0
3.0	26.095603275032353	23.859373975061573	23.77648440900932	26.268538340896757	0.0
4.0	26.258623876734465	23.641795316720632	23.746742753558376	26.35283805298653	0.0
5.0	26.283121467242243	23.748479572610844	23.691836199289273	26.27656276085764	0.0
6.0	26.424740719100186	23.643973563633004	23.638607589276397	26.292678127990417	0.0
7.0	26.205870692147865	23.761487854100157	23.679809695853194	26.352831757898787	0.0
8.0	26.305074237135557	23.77913371626838	23.718921303568926	26.196870743027134	0.0
9.0	26.397648826201518	23.661368974521004	23.650042325897488	26.290939873379994	0.0
10.0	26.316730698729394	23.730212900399096	23.608308569963846	26.344747830907668	0.0
11.0	26.272540311764182	23.710470626806952	23.735805192095615	26.28118386933325	0.0
12.0	26.305326219784803	23.72149861405025	23.722988882596642	26.2501862835683	0.0
13.0	26.28774105093738	23.718816130666745	23.66158981848529	26.33185299991058	0.0
14.0	26.299663199308515	23.634168877231676	23.79511788024202	26.271050043217787	0.0
15.0	26.382224076778638	23.62999612530178	23.81955828440285	26.168221513516738	0.0
16.0	26.305624273494082	23.672319752019312	23.698846532145094	26.32320944234151	0.0
17.0	26.31814252928378	23.63506303835951	23.728651903072933	26.31814252928378	0.0
18.0	26.164048761586837	23.741170158862626	23.78170546332449	26.313075616226044	0.0
19.0	26.275818902566243	23.78408989299872	23.694971833924473	26.245119370510565	0.0
20.0	26.196536615898186	23.789752913475006	23.600190754373937	26.41351971625287	0.0
21.0	26.33781407409615	23.729248010491492	23.720306399213136	26.21263151619922	0.0
22.0	26.33870823522399	23.727757741945098	23.694673780215194	26.23886024261572	0.0
23.0	26.259645734417052	23.726792862231044	23.604889258474387	26.408672144877514	0.0
24.0	26.155625299915652	23.74884877097919	23.727388967872887	26.36813696123227	0.0
25.0	26.25517494210324	23.749444876621034	23.6293295897899	26.366050591485823	0.0
26.0	26.32521735501966	23.70592916476658	23.716659066319735	26.25219441389403	0.0
27.0	26.273654217000335	23.781634581280496	23.678508305241856	26.266202896477314	0.0
28.0	26.090649784954888	23.8486964659877	23.778654053071286	26.281999695986123	0.0
29.0	26.26471263237271	23.63409843492464	23.750339035083798	26.350849897618854	0.0
30.0	26.281403590344283	23.743483820202616	23.695199263213425	26.27991332623968	0.0
31.0	26.414335148475015	23.645722494940554	23.636482857492005	26.30345949909243	0.0
32.0	26.204804015367607	23.75719424996498	23.67642193549541	26.36157979917201	0.0
33.0	26.304055604734273	23.763453359204316	23.72500454530552	26.207486490755894	0.0
34.0	26.398538348966206	23.655856290851865	23.649001075970684	26.29660428421125	0.0
35.0	26.305545868838877	23.733051971470385	23.60637952257899	26.355022637111748	0.0
36.0	26.280431102315266	23.699003314337492	23.737750065571426	26.282815517775816	0.0
37.0	26.2896707122249	23.728808507594362	23.729106559526933	26.252414220653808	0.0
38.0	26.29414149121343	23.719270845752163	23.666515653687497	26.320072009346905	0.0
39.0	26.30516941271847	23.63820072009347	23.80689811392737	26.249731753260686	0.0
40.0	26.381470707456067	23.634326044970074	23.81882019123012	26.16538305634374	0.0
41.0	26.315303178425808	23.660256563103555	23.697513054674644	26.32692720379599	0.0
42.0	26.328715515391405	23.622403967667328	23.739836429099405	26.309044087841865	0.0
43.0	26.178199289444194	23.7294046114595	23.77977538806362	26.312620711032693	0.0
44.0	26.280729154247833	23.783650063187007	23.703474093326022	26.232146689239134	0.0
45.0	26.196082405398318	23.790207205703524	23.602136436252653	26.411573952645504	0.0
46.0	26.339445384963877	23.72254941701042	23.735067598178304	26.2029375998474	0.0
47.0	26.348684994873505	23.721357209280143	23.690955912158135	26.23900188368821	0.0
48.0	26.265748272049073	23.72754557945594	23.603854396103877	26.402851752391115	0.0
49.0	26.16619922327898	23.741852029578585	23.72635337527905	26.36559537186339	0.0
50.0	26.25710479176664	23.746620846286135	23.644687389162268	26.351586972784958	0.0
51.0	26.326550685070327	23.710854720979516	23.719200150217727	26.24339444373243	0.0
52.0	26.269026833535513	23.770762980868103	23.68552038222066	26.27468980337573	0.0
53.0	26.08840790073708	23.860774396223096	23.77791620592943	26.272901497110396	0.0
54.0	26.274391752331503	23.63216924530495	23.756456530745456	26.336982471618086	0.0
55.0	26.285121589923488	23.74244813166703	23.69058724997243	26.281843028437052	0.0
56.0	26.414475743115766	23.645283491250712	23.6369380620125	26.30330270362102	0.0
57.0	26.21478154348714	23.753774071347458	23.68581843326488	26.34562595190052	0.0
58.0	26.312542285991896	23.762119500585673	23.723968966925277	26.20136924649715	0.0
59.0	26.39867903777201	23.666743166434685	23.65660943093114	26.277968364862165	0.0
60.0	26.31611889852256	23.730824140942378	23.60713295759032	26.34592400294474	0.0
61.0	26.27461149162181	23.71346650214298	23.73820466508104	26.273717341154168	0.0
62.0	26.28444714676586	23.731945611807557	23.737012464457518	26.24659477696907	0.0
63.0	26.298455504092228	23.718235304637066	23.67322973109915	26.310079460171558	0.0
64.0	26.308887259548037	23.631800759431798	23.796622495633564	26.262689485386602	0.0
65.0	26.385188099453377	23.63567541145824	23.822254809039265	26.15688168004912	0.0
66.0	26.308291159236276	23.6648843267345	23.69796789403721	26.328856619992013	0.0
67.0	26.32319366703029	23.613023599611342	23.75280912271917	26.3109736106392	0.0
68.0	26.18251399345482	23.732839762275194	23.780527787216034	26.304118457053953	0.0
69.0	26.286235447701138	23.77486483425431	23.704226947310694	26.23467277073386	0.0
70.0	26.203079454210553	23.782018037995435	23.59543864041441	26.4194638673796	0.0
71.0	26.338990325291938	23.72181190650763	23.733137812431078	26.206059955769355	0.0
72.0	26.347931829968346	23.720321655728227	23.702736696531293	26.229009817772138	0.0
73.0	26.26112096329523	23.735749519395554	23.610270777759563	26.392858739549645	0.0
74.0	26.167831542553984	23.73515342086047	23.736941716465733	26.360073320119813	0.0
75.0	26.260524864760143	23.738133913535908	23.646334739132378	26.355006482571568	0.0
76.0	26.33116254116806	23.71279972579467	23.714588021399937	26.241449711637333	0.0
77.0	26.282580510558397	23.773601776373635	23.678524060027122	26.26529365304085	0.0
78.0	26.073349924742562	23.85467117714558	23.7998301119175	26.27214878619436	0.0
79.0	26.26529365304085	23.649613281075364	23.751248081307843	26.33384498457595	0.0
80.0	26.283176609093484	23.736345617930642	23.68597529171572	26.294502481260153	0.0
81.0	26.420875370698777	23.64931523180782	23.64871913327273	26.281090264220673	0.0
82.0	26.217307720966275	23.767938840290302	23.681802601970105	26.332950836773318	0.0
83.0	26.32579765435226	23.75869931299644	23.722933400891165	26.192569631760133	0.0
84.0	26.393752887352278	23.668688434198174	23.666304040057824	26.271254638391728	0.0
85.0	26.31834642266367	23.730980731114855	23.604905890943773	26.345766955277703	0.0
86.0	26.279521691961037	23.70796027611202	23.736274872137244	26.276243159789697	0.0
87.0	26.28578070792451	23.73180414644905	23.731208049690625	26.251207095935815	0.0
88.0	26.307836287986262	23.712729050179426	23.669512035193552	26.30992262664076	0.0
89.0	26.321248465050846	23.615565278556012	23.79826893501353	26.264917321379606	0.0
90.0	26.386223011719263	23.637024761859347	23.820920611833714	26.155831614587683	0.0
91.0	26.317373836121078	23.66116668057559	23.695442244185074	26.326017239118254	0.0
92.0	26.335256738873852	23.615863326935226	23.749687049201825	26.299192884989093	0.0
93.0	26.177589146270225	23.739255355929377	23.77978993550233	26.30336556229807	0.0
94.0	26.29203972388798	23.761907032749555	23.70497979231989	26.241073451042574	0.0
95.0	26.193087661989296	23.784260661190523	23.61079650448861	26.41185517233157	0.0
96.0	26.33704502914913	23.712729050179426	23.74491827513442	26.205307645537022	0.0
97.0	26.3525435448682	23.719584162901324	23.692163712013734	26.235708580216745	0.0
98.0	26.265435134434323	23.73799241171088	23.608639800665838	26.38793265318896	0.0
99.0	26.16767555742332	23.73918460167443	23.73918460167443	26.353955239227815	0.0
100.0	26.25351323479883	23.7421650765833	23.64768402197206	26.356637666645806	0.0
101.0	26.32504463261176	23.71176423251281	23.723984179639185	26.23920695523625	0.0
102.0	26.278847271524246	23.76690301832694	23.693285288077803	26.260964422071016	0.0
103.0	26.07081012288498	23.857211408065762	23.798496052360985	26.273482416688275	0.0
104.0	26.280635556469566	23.63009922000972	23.75438502370968	26.33488019981104	0.0
105.0	26.28272188890578	23.737694364219994	23.693285288077803	26.286298458796427	0.0
106.0	26.440687059075994	23.64649183200851	23.6351660273548	26.277655081560695	0.0
107.0	26.220429963310355	23.75229869127347	23.689112623205382	26.338158722210796	0.0
108.0	26.319977825266676	23.76034597352742	23.72756074952983	26.192115451676067	0.0
109.0	26.392105318061382	23.65930787411666	23.658711779134887	26.28987502868707	0.0
110.0	26.30984421057651	23.72309003716652	23.61609098793802	26.350974764318945	0.0
111.0	26.281749414338424	23.70662676816147	23.741498220661782	26.270125596838323	0.0
112.0	26.29605565126163	23.721827144892373	23.740604080854084	26.24151312299191	0.0
113.0	26.3017185367104	23.714674026430774	23.677120154507357	26.30648728235147	0.0
114.0	26.32615835812088	23.6130401349555	23.80557824021364	26.255223266709983	0.0
115.0	26.39023837767273	23.627644418481275	23.821970803354812	26.16014640049118	0.0
116.0	26.318707193056706	23.656256892327683	23.708117001174305	26.316918913441306	0.0
117.0	26.333311476582477	23.6157225543786	23.751631805149053	26.299334163889863	0.0
118.0	26.179817476260585	23.737623614828415	23.781138418803163	26.301420490107834	0.0
119.0	26.294267371646228	23.76504390226456	23.697685370084468	26.243003356004746	0.0
120.0	26.2003826918377	23.7835227916237	23.610357715532402	26.405736801006206	0.0
121.0	26.337782175620976	23.711991607007672	23.734941195405312	26.215285021966032	0.0
122.0	26.350002086326217	23.712587700212808	23.70305020893067	26.23436000453031	0.0
123.0	26.258878089634802	23.722195894693858	23.611024180592935	26.407901835078402	0.0
124.0	26.16380094004179	23.747529931419272	23.72458027462096	26.364088853917984	0.0
125.0	26.259474184616575	23.736204126765557	23.658115684153113	26.34620600446475	0.0
126.0	26.32206415770289	23.71802322982144	23.72666660705717	26.233246005418504	0.0
127.0	26.2845101738511	23.759749878545648	23.693285288077803	26.262454659525446	0.0
128.0	26.079453500120707	23.848269983339147	23.810119904505584	26.26215661203456	0.0
129.0	26.271992179233838	23.628907030046168	23.755577213673227	26.343523577046767	0.0
130.0	26.289278933705297	23.730541224438703	23.69358333556869	26.286596506287314	0.0
131.0	26.449032388820836	23.631589457464152	23.63933869222722	26.280039461487792	0.0
132.0	26.21655534592882	23.74127093411064	23.692987240586916	26.34918647937362	0.0
133.0	26.31371882795805	23.76690301832694	23.729050986984266	26.190327166730746	0.0
134.0	26.378991228462347	23.657817636662227	23.67331610618836	26.28987502868707	0.0
135.0	26.300008643377236	23.72547441709362	23.620561700301327	26.353955239227815	0.0
136.0	26.276243159789697	23.696634437701928	23.745514371892845	26.281608030615526	0.0
137.0	26.29591435281775	23.716603679109195	23.749687049201825	26.23779491887123	0.0
138.0	26.292337772267192	23.71332514693785	23.687096889567112	26.307240191227837	0.0
139.0	26.317671884500292	23.612882843143097	23.814959644249452	26.254485628107155	0.0
140.0	26.38979959226982	23.61735356883129	23.826583531038757	26.16626330786013	0.0
141.0	26.32571919073904	23.656695954887397	23.697528582839567	26.320056271534	0.0
142.0	26.33287235184015	23.606027730421204	23.763695323024834	26.297404594713814	0.0
143.0	26.18205987195842	23.731506098069836	23.79320211256691	26.293231917404835	0.0
144.0	26.29829873985145	23.764589468162473	23.708258324491233	26.228853467494844	0.0
145.0	26.196366194160635	23.77770359684784	23.619439907485784	26.40649030150574	0.0
146.0	26.347774770800797	23.712729050179426	23.736274872137244	26.203221306882536	0.0
147.0	26.355225980281123	23.70378759880304	23.70676808259517	26.234218338320677	0.0
148.0	26.268870244251374	23.722933400891165	23.602223447535877	26.40597290732158	0.0
149.0	26.17438862643995	23.735749519395554	23.725913893566606	26.36394796059789	0.0
150.0	26.26648585011102	23.731874878917488	23.65020937961045	26.351429891361043	0.0
151.0	26.30880884610226	23.714289972132395	23.731874878917488	26.24502630284786	0.0
152.0	26.290329791514537	23.759295411531525	23.695512868277127	26.25486192867681	0.0
153.0	26.071561629137296	23.85228678300523	23.8120501318868	26.264101455970675	0.0
154.0	26.27691757447506	23.632326423557814	23.755718820320997	26.335037181646126	0.0
155.0	26.282580510558397	23.73247097745257	23.700281656557827	26.284666855431205	0.0
156.0	26.43816222821632	23.63888350744378	23.65020937961045	26.272744884729445	0.0
157.0	26.20329940539171	23.751248081307843	23.68657139025081	26.35888112304964	0.0
158.0	26.320730816804016	23.744690997421873	23.73455732232538	26.20002086344873	0.0
159.0	26.376466029834734	23.660641103974488	23.677033813689402	26.285859052501376	0.0
160.0	26.307616649032084	23.716972415540287	23.627259586009565	26.34815134941806	0.0
161.0	26.28772569848054	23.691410790607843	23.745357868822165	26.275505642089453	0.0
162.0	26.298157453936348	23.7161489535459	23.75340522303093	26.232288369486817	0.0
163.0	26.30233015611867	23.708995749804775	23.680382934840274	26.308291159236276	0.0
164.0	26.310675560483322	23.6121294491437	23.825235310598067	26.25195967977491	0.0
165.0	26.38041929695929	23.625243656002432	23.835965116209756	26.158371930828523	0.0
166.0	26.332135171706696	23.653856470966932	23.69916009466073	26.31484826266564	0.0
167.0	26.336903974200776	23.598717192129094	23.77873948628075	26.285639347389377	0.0
168.0	26.18609059532538	23.732243661963434	23.78827709126892	26.293388651442264	0.0
169.0	26.296667203156947	23.760558426772057	23.704524997466574	26.23824937260442	0.0
170.0	26.203675554522317	23.77397068378667	23.625839756314193	26.396514005376826	0.0
171.0	26.35448893339771	23.694689342322526	23.747444219913326	26.203377504366436	0.0
172.0	26.35061428137127	23.704226947310694	23.7101879504283	26.234970820889743	0.0
173.0	26.27319954815462	23.71651769081973	23.60266219192699	26.40762056909867	0.0
174.0	26.17126609103075	23.72784363050016	23.73410270242882	26.366787576040274	0.0
175.0	26.271709292933508	23.72456506901372	23.650350359002484	26.35337527905029	0.0
176.0	26.32118576627433	23.712941078289067	23.731718294075044	26.23415486136156	0.0
177.0	26.29167871289637	23.77165713400077	23.69654827085687	26.240115882245995	0.0
178.0	26.074995603747098	23.847362099233116	23.81934530107626	26.258296995943525	0.0
179.0	26.28005472217172	23.61309397847475	23.76241755162989	26.344433747723635	0.0
180.0	26.27468980337573	23.723968966925277	23.707576159493073	26.29376507020592	0.0
181.0	26.44368474544951	23.632467296349173	23.65303281840048	26.270815139800842	0.0
182.0	26.20733026738159	23.751687714037907	23.68850089266288	26.352481125917627	0.0
183.0	26.321781868362777	23.741255927490144	23.741852029578585	26.195110174568498	0.0
184.0	26.37870961780915	23.662868502859798	23.67061783000957	26.28780404932149	0.0
185.0	26.307773469284353	23.72098845648306	23.626804326508957	26.344433747723635	0.0
186.0	26.279238894584996	23.69185006795584	23.75622928539069	26.272681752068483	0.0
187.0	26.297122010539116	23.711521495505377	23.758315648918668	26.233040845036836	0.0
188.0	26.310832399437277	23.711819547437944	23.681418250315936	26.295929802808843	0.0
189.0	26.330503826986813	23.611972150027423	23.810772789050763	26.246751233935	0.0
190.0	26.398161615679918	23.618529292543933	23.826569541476907	26.156739550299246	0.0
191.0	26.3382531772336	23.651315005126495	23.69870526240492	26.311726555234983	0.0
192.0	26.332888242447368	23.606309163308616	23.768151362693434	26.292651231550586	0.0
193.0	26.19936097665657	23.7246357805384	23.7818617515916	26.29414149121343	0.0
194.0	26.291160971887738	23.762190324042063	23.705560456854002	26.241088247216194	0.0
195.0	26.21396552135244	23.773218245547103	23.612568253892558	26.400247979207897	0.0
196.0	26.346598631345525	23.693936431483824	23.750864350604452	26.208600586566206	0.0
197.0	26.348983046806072	23.712713703235654	23.713905910965927	26.224397338992343	0.0
198.0	26.272760058537575	23.72917728479841	23.60012041333965	26.397942243324362	0.0
199.0	26.167249359931567	23.734244182754068	23.731561707365778	26.366944749948583	0.0
200.0	26.26918342468652	23.724408439663677	23.662413452912126	26.343994682737677	0.0
201.0	26.33028425297531	23.713678538110525	23.72589870376828	26.230138505145884	0.0
202.0	26.29779649549493	23.76047283099511	23.694901210392505	26.246829463117454	0.0
203.0	26.07813156647621	23.843033462390203	23.80935349362614	26.269481477507444	0.0
204.0	26.282297748807043	23.604293152832547	23.767924151518134	26.34548494684228	0.0
205.0	26.27544253392586	23.727090915051967	23.699670055527243	26.29779649549493	0.0
206.0	26.44533264185079	23.639165332880292	23.653471868284498	26.262030156984423	0.0
207.0	26.20718843793497	23.741993556098013	23.6934109462879	26.357407059679115	0.0
208.0	26.328197883228867	23.727687020693807	23.74139745045617	26.20271764562116	0.0
209.0	26.37648244021806	23.662115400091206	23.677614146779092	26.283788012911646	0.0
210.0	26.298690653957696	23.726494809410124	23.62903153696898	26.345782999663196	0.0
211.0	26.291615749157998	23.68424190039045	23.752496199815205	26.271646150636347	0.0
212.0	26.29876903818068	23.710470626806952	23.76859110011624	26.222169234896132	0.0
213.0	26.31546004590027	23.705701767458496	23.68096330958839	26.297874877052845	0.0
214.0	26.319632797830167	23.6118148490358	23.823134928914193	26.24541742421985	0.0
215.0	26.41888468301988	23.61121874161724	23.816875801019343	26.15302077434354	0.0
216.0	26.348842061339457	23.648177401567764	23.696462102470868	26.306518434621918	0.0
217.0	26.340198503770377	23.591547196804864	23.780811302196657	26.2874429972281	0.0
218.0	26.201603528955918	23.730440225328604	23.774850228011086	26.293106017704392	0.0
219.0	26.31575809960955	23.752496199815205	23.700038746982205	26.231706953593037	0.0
220.0	26.21471789216417	23.76322613334923	23.623438943697657	26.398617030788945	0.0
221.0	26.367619445023994	23.688712706029627	23.737891568060565	26.205776280885818	0.0
222.0	26.34705373908378	23.705105660039937	23.724479151143036	26.22336144973324	0.0
223.0	26.29050189413697	23.722463480860423	23.596982495253478	26.390052129749126	0.0
224.0	26.18707694875547	23.72902068200853	23.73408761016843	26.349814759067563	0.0
225.0	26.288415511953477	23.720079044079295	23.658083687769928	26.3334217561973	0.0
226.0	26.32746066424448	23.707262696380724	23.73945259292597	26.22582404644883	0.0
227.0	26.301827968847334	23.767469725104245	23.692658021096307	26.238044284952117	0.0
228.0	26.09169947751029	23.83840671934285	23.80860125957873	26.261292543568132	0.0
229.0	26.28573302057471	23.60860662456149	23.760614469358497	26.345045885505307	0.0
230.0	26.28573302057471	23.724847917641554	23.697426894658562	26.291992167125173	0.0
231.0	26.438933083762283	23.643180957887864	23.657785633172285	26.260100325177564	0.0
232.0	26.220161009093644	23.732299282582584	23.68461054695999	26.36292916136378	0.0
233.0	26.332825647002018	23.722463480860423	23.749586449245776	26.195124422891787	0.0
234.0	26.373957181476506	23.657785633172285	23.683120273971785	26.285136911379425	0.0
235.0	26.308683224593082	23.719482934884013	23.624701572834113	26.347132267688796	0.0
236.0	26.30339664031856	23.681402529894964	23.7532339020232	26.261966927763275	0.0
237.0	26.298031641570397	23.706439190719745	23.762473622089487	26.23305554562037	0.0
238.0	26.315318859758936	23.70047808099956	23.697497526139465	26.286705533102044	0.0
239.0	26.311444138440816	23.617022544916964	23.82774777352552	26.243785543116704	0.0
240.0	26.415971671624526	23.612642849052442	23.82546334658742	26.145922132735606	0.0
241.0	26.345001087983594	23.648888319229293	23.707609625524988	26.29850096726213	0.0
242.0	26.337926984496058	23.598727728542343	23.775200245630664	26.288145041330935	0.0
243.0	26.188999850946487	23.71888507974363	23.782381875093158	26.309733194216722	0.0
244.0	26.3095131622097	23.73878305458665	23.71672181975375	26.2349819634499	0.0
245.0	26.21606714270807	23.75635425828476	23.640971362979084	26.386607236028087	0.0
246.0	26.353216890388985	23.692998515143746	23.749053329596347	26.204731264870922	0.0
247.0	26.34788390948208	23.706535384468587	23.724128471280032	26.221452234769306	0.0
248.0	26.26694983505044	23.716644693277335	23.595840765509134	26.42056470616309	0.0
249.0	26.17000841153275	23.739314072315317	23.73275188364643	26.357925632505502	0.0
