# Position (bp)	A	C	G	T	N
0.0	26.035658743861966	24.075468694512814	24.171289323194102	25.717583238431114	0.0
1.0	25.755544126470987	24.174962957520542	24.05005939042161	26.019433525586866	0.0
2.0	25.900438969737415	24.070786166024842	24.095887643338617	25.93288722089912	0.0
3.0	25.798434046929618	24.237378406009146	24.0791302165276	25.885057330533634	0.0
4.0	25.877599742895185	24.097454968397532	24.121328987037632	25.90361630166965	0.0
5.0	25.85535155185975	24.009218423380272	24.06645099881556	26.068979025944415	0.0
6.0	25.687048598359652	24.20216672787367	24.071489778430653	26.039294895336024	0.0
7.0	25.925393230919884	24.170083848460738	23.88212252891854	26.022400391700838	0.0
8.0	25.99175020502087	24.125754293198202	23.959901589982742	25.922593911798188	0.0
9.0	25.891417363552634	24.160141488505587	24.05365792461086	25.894783223330915	0.0
10.0	25.95937899677504	24.118644171516344	24.067240672406722	25.854736159301893	0.0
11.0	25.856571998555804	24.040926976433944	24.24715291929039	25.855348105719862	0.0
12.0	25.784668294444142	24.237667749811827	24.03480751225423	25.94285644348981	0.0
13.0	25.95356550580431	24.082845306065	24.219309357272678	25.74427983085801	0.0
14.0	26.04107384357426	24.095084234424434	24.015837173297104	25.848004748704202	0.0
15.0	25.823832865194323	24.18626425070221	24.104569403902996	25.885333480200472	0.0
16.0	25.950811746923442	24.060815235018023	24.084375172109933	25.903997845948606	0.0
17.0	25.844333070196374	24.12537558211403	24.151383304877825	25.878908042811773	0.0
18.0	25.792317624668783	24.177697000850607	24.08651698457283	25.943468389907782	0.0
19.0	25.935819059683134	24.086211011363844	24.11803222509837	25.85993770385465	0.0
20.0	25.96694887509294	24.041771334681652	24.185272330621398	25.806007459604015	0.0
21.0	25.93451581417692	24.148555657886284	23.952427431026198	25.964501096910595	0.0
22.0	25.889843862349192	24.06930883923299	24.177623023801583	25.863224274616236	0.0
23.0	25.859246635069933	24.066555088777854	24.143048156976015	25.9311501191762	0.0
24.0	25.989590823279595	24.076958146052803	23.97874104648637	25.954709984181235	0.0
25.0	26.044053887836682	24.080629813326315	24.162936354707536	25.712379944129466	0.0
26.0	25.78458940050853	24.1601826042524	24.039935501044894	26.015292494194174	0.0
27.0	25.92219760852803	24.042921659098976	24.095854700331675	25.93902603204132	0.0
28.0	25.816637497399242	24.21426560759788	24.088205416916544	25.880891478086333	0.0
29.0	25.89007061818449	24.104727869093225	24.10748161112267	25.89771990159962	0.0
30.0	25.88180939209615	23.982033363114542	24.06036202528547	26.07579521950384	0.0
31.0	25.678950395926908	24.200190926114043	24.064645623997944	26.056213053961102	0.0
32.0	25.93382451931903	24.144198171515292	23.919309239110483	26.002668070055197	0.0
33.0	26.007869582777488	24.13104140404127	23.941339175346055	25.919749837835194	0.0
34.0	25.898637815609433	24.135630974090347	24.05913813993905	25.90659307036117	0.0
35.0	25.974824678424124	24.101974127063777	24.077802391471966	25.845398803040133	0.0
36.0	25.86222722655342	24.044451515782	24.236601515170058	25.856719742494523	0.0
37.0	25.799503102549355	24.235989572496848	24.040473888406133	25.924033436547667	0.0
38.0	25.942697688080578	24.083615846867463	24.21732532096393	25.756361144088018	0.0
39.0	26.013683038172985	24.09340692963883	24.0383320890499	25.854577943138285	0.0
40.0	25.807152385964482	24.170817677799945	24.127369748002007	25.894660188233566	0.0
41.0	25.940249917387735	24.071071022066654	24.083003904194257	25.905675156351354	0.0
42.0	25.82704052284382	24.121250321269905	24.168981849780312	25.882727306105963	0.0
43.0	25.81113001334035	24.168981849780312	24.101056213053962	25.918831923825376	0.0
44.0	25.9378021466949	24.091877072955807	24.12216823527972	25.84815254506958	0.0
45.0	25.95210339351771	24.050497354885888	24.182676567868825	25.814722683727574	0.0
46.0	25.918140679070707	24.132191451798953	23.981959985191033	25.967707883939305	0.0
47.0	25.882036171820737	24.06946751971214	24.190019857478987	25.85847645098813	0.0
48.0	25.864289888596176	24.076810809322303	24.109243671767196	25.94965563031432	0.0
49.0	25.962812357532535	24.087213802936706	23.997564475612627	25.952409363918132	0.0
50.0	26.05246168485661	24.072527223716378	24.15391535022902	25.721095741197995	0.0
51.0	25.77433459087168	24.142900415813777	24.0624302005024	26.020334792812143	0.0
52.0	25.92968821711593	24.055931218064437	24.101826637701556	25.912553927118076	0.0
53.0	25.802710889453234	24.239206927148672	24.10733408805801	25.850748095340087	0.0
54.0	25.899091270691184	24.100602759844566	24.11467735519995	25.885628614264295	0.0
55.0	25.89480769819172	23.988311966465748	24.05195361502922	26.064926720313313	0.0
56.0	25.704188721965547	24.193923446440046	24.06388642413487	26.03800140745954	0.0
57.0	25.96120307193342	24.139460881803995	23.881834592907627	26.017501453354956	0.0
58.0	25.990882109965423	24.13548327876878	23.964140378790198	25.9094942324756	0.0
59.0	25.87553162194413	24.153841446623627	24.079490866811494	25.891136064620753	0.0
60.0	25.98415078175198	24.105498271272527	24.06786402717009	25.842486919805403	0.0
61.0	25.83789737784169	24.02869993574641	24.281124743750574	25.852277942661324	0.0
62.0	25.79659150016828	24.243184530183886	24.054095401278953	25.906128568368874	0.0
63.0	25.963038888718902	24.09142367591714	24.20769207233118	25.73784536303277	0.0
64.0	26.008628338891775	24.096625156809353	24.04491631735153	25.849830186947344	0.0
65.0	25.81250191230915	24.169139919836	24.135789248233024	25.882568919621825	0.0
66.0	25.95263592693449	24.057461065385674	24.06908790502708	25.920815102652757	0.0
67.0	25.836673499984702	24.099684851451826	24.16546828626503	25.898173362298444	0.0
68.0	25.818621301594103	24.1510877214454	24.120490775020652	25.90980020193985	0.0
69.0	25.947434446042283	24.083468469846707	24.11620720252119	25.852889881589817	0.0
70.0	25.94368343272211	24.065954575912322	24.193543452120515	25.796818539245052	0.0
71.0	25.933586471295563	24.124394564775066	23.976917734241855	25.965101229687516	0.0
72.0	25.86045999308511	24.083088813484647	24.190483766839744	25.8659674265905	0.0
73.0	25.871168891567812	24.0729918520581	24.110931949539673	25.94490730683442	0.0
74.0	25.95653411090135	24.07085007236156	24.005372807353037	25.967243009384056	0.0
75.0	26.03792173936989	24.088290278461958	24.152237700830092	25.72155028133806	0.0
76.0	25.7653037808531	24.156521260223172	24.05310389773308	26.025071061190648	0.0
77.0	25.950335340480734	24.048440789151613	24.090358349243647	25.910865521124006	0.0
78.0	25.806836539873697	24.232633279483036	24.100455279776767	25.860074900866497	0.0
79.0	25.890059724873943	24.107798501982668	24.115141724188575	25.887000048954818	0.0
80.0	25.89067166005777	23.977456307827875	24.07873158075097	26.053140451363394	0.0
81.0	25.687203211435843	24.20081264992412	24.077201742791406	26.034782395848634	0.0
82.0	25.935954863660843	24.147574288931317	23.909837470015177	26.006633377392667	0.0
83.0	25.97481274783375	24.144514613012188	23.960016155088855	25.92065648406521	0.0
84.0	25.884246340627598	24.148186224115143	24.093112057570863	25.874455377686395	0.0
85.0	25.997454349635284	24.0940299603466	24.075671904831843	25.83284378518627	0.0
86.0	25.849060067557645	24.01356048367357	24.287095510843493	25.850283937925294	0.0
87.0	25.81081411856856	24.22743183042052	24.05517207617369	25.906581974837223	0.0
88.0	25.93932050717188	24.098007539041465	24.21335732119254	25.749314632594118	0.0
89.0	26.03111078474568	24.0866867381407	24.02947079845303	25.852731678660597	0.0
90.0	25.80622460468987	24.176947177754933	24.12952220100847	25.88730601654673	0.0
91.0	25.93564889606893	24.064657071522984	24.088216576100262	25.91147745630783	0.0
92.0	25.85211974347677	24.090970284427474	24.182760562001274	25.874149410094482	0.0
93.0	25.81234395652812	24.131052038968033	24.140843001909236	25.915761002594607	0.0
94.0	25.935036960885107	24.09525383071425	24.12615655749743	25.843552650903217	0.0
95.0	25.936793408254367	24.067031174942557	24.20961163652385	25.786563780279227	0.0
96.0	25.92394280871271	24.130672239339358	23.98870371106957	25.95668124087837	0.0
97.0	25.865809144119474	24.07376244136914	24.197067003637944	25.86336141087344	0.0
98.0	25.854488377856583	24.09732187386219	24.12394097291277	25.924248775368458	0.0
99.0	25.953621574320827	24.080493707795725	24.0070617104148	25.958823007468645	0.0
100.0	26.037456437997385	24.098239773829448	24.134649805864157	25.72965398230901	0.0
101.0	25.74587021506396	24.162798738193512	24.056628308646925	26.0347027380956	0.0
102.0	25.93702001627738	24.04523397198578	24.094188487121905	25.923557524614942	0.0
103.0	25.810656174082258	24.23340288954026	24.111322567419545	25.844618368957946	0.0
104.0	25.89234902121566	24.09724814431791	24.11591205321356	25.894490781252866	0.0
105.0	25.89938623276648	23.978227479393208	24.06573367519903	26.05665261264128	0.0
106.0	25.703874137941586	24.193015414552953	24.06573367519903	26.03737677230643	0.0
107.0	25.93151263332456	24.1330461335112	23.9363101758079	25.999131057356333	0.0
108.0	25.98995208576831	24.134575962109206	23.956197947581952	25.919274004540533	0.0
109.0	25.885005843945248	24.12050153900757	24.10856887594314	25.885923741104044	0.0
110.0	25.99668333159953	24.076136509665456	24.079502132581066	25.847678026153947	0.0
111.0	25.875214940918017	23.990466108177237	24.300103416413226	25.834215534491516	0.0
112.0	25.810350208362653	24.22667164370904	24.061450155124618	25.901527992803686	0.0
113.0	25.932124564763765	24.106121150186333	24.206783871934988	25.754970413114915	0.0
114.0	26.028197800718406	24.066957538077432	24.047069766303384	25.857774894900775	0.0
115.0	25.79933544245703	24.16150094543407	24.147120556612837	25.89204305549606	0.0
116.0	25.94283336494979	24.068181400955837	24.10856887594314	25.88041635815123	0.0
117.0	25.859610689218382	24.094188487121905	24.174657471376907	25.87154335228281	0.0
118.0	25.821670939987882	24.151710042406847	24.12753875055839	25.89908026704688	0.0
119.0	25.948034782183004	24.09755411003751	24.132128236352397	25.82228287142709	0.0
120.0	25.958211074157138	24.03704644267868	24.195843137014926	25.808899346149257	0.0
121.0	25.920883142155166	24.129448372716343	23.993905144217383	25.95576334091111	0.0
122.0	25.87192847723455	24.077434041238185	24.2013505368185	25.849286944708766	0.0
123.0	25.871316543923044	24.09181447405862	24.10466507360028	25.93220390841806	0.0
124.0	25.95729317418988	24.070090841500093	24.03245694284237	25.94015904146766	0.0
125.0	26.026441638390246	24.100381540419725	24.14505267215979	25.72812414903024	0.0
126.0	25.761168547851653	24.15790327170145	24.047755275630063	26.03317290481683	0.0
127.0	25.925857933127723	24.044157242864834	24.118813335291524	25.91117148871592	0.0
128.0	25.808978313017082	24.23875263132129	24.11116414549371	25.841104910167918	0.0
129.0	25.873537474910655	24.08699270573261	24.12860429823273	25.910865521124006	0.0
130.0	25.893731335976895	23.96552357174328	24.08607480295687	26.054670289322956	0.0
131.0	25.68819971177765	24.192319578008206	24.09563352313581	26.023847187078335	0.0
132.0	25.944295369778263	24.141528802347388	23.93591795147951	25.978257876394835	0.0
133.0	25.959287827654048	24.147648172908934	23.977529671298008	25.915534328139007	0.0
134.0	25.88654652265704	24.122020622341893	24.119572866627912	25.87185998837316	0.0
135.0	26.002508949606828	24.077043111097513	24.103662454487043	25.81678548480862	0.0
136.0	25.843404828198146	23.99351344735795	24.319982865710003	25.8430988587339	0.0
137.0	25.822904874093567	24.206162225009944	24.0666401493131	25.90429275158339	0.0
138.0	25.948658323899277	24.083162500382464	24.200348805189243	25.767830370529023	0.0
139.0	26.054829727993145	24.048893920386746	24.053789431814703	25.842486919805403	0.0
140.0	25.82137502677233	24.143744454303462	24.139766851268245	25.895113667655966	0.0
141.0	25.95263592693449	24.056237187528684	24.096625156809353	25.89450172872747	0.0
142.0	25.883180858550315	24.09234158430989	24.17403543126396	25.850442125875837	0.0
143.0	25.821069057308083	24.133647461983294	24.128751950555337	25.916531530153293	0.0
144.0	25.969770216932346	24.076737141633263	24.12905792001958	25.824434721414804	0.0
145.0	25.944454133507122	24.042236154074455	24.205930318301007	25.80737939411741	0.0
146.0	25.914163063865203	24.122400398985402	24.001542090818134	25.961894446331264	0.0
147.0	25.868573474202105	24.061818259701557	24.193385531883646	25.876222734212696	0.0
148.0	25.865819740598294	24.104960086161263	24.097922766951523	25.931297406288916	0.0
149.0	25.95646639822781	24.067399366027388	24.034660433010636	25.941473802734162	0.0
150.0	26.014600952182796	24.093712900975436	24.160720623691972	25.73096552314979	0.0
151.0	25.75697308676123	24.171429620473152	24.060056053948866	26.011541238816747	0.0
152.0	25.92510999736863	24.04704644061366	24.119868064352286	25.907975497665426	0.0
153.0	25.807310311909088	24.25419030309706	24.094472288006465	25.84402709698739	0.0
154.0	25.86942287333321	24.077031815094273	24.16209236719233	25.891452944380188	0.0
155.0	25.901244087067738	23.94240360314051	24.098143966514293	26.05820834327746	0.0
156.0	25.704275988678955	24.1823605905301	24.09240419184579	26.020959228945156	0.0
157.0	25.93467452000306	24.13524057217165	23.93268568805936	25.99739921976593	0.0
158.0	25.99036181442668	24.128815115122773	23.964812973303758	25.916010097146792	0.0
159.0	25.902932465180033	24.101045210878024	24.122769441656672	25.873252882285268	0.0
160.0	25.987075612562112	24.056984799157956	24.11848579051722	25.83745379776271	0.0
161.0	25.853670477076346	23.976207377671162	24.296257312804446	25.873864832448046	0.0
162.0	25.82460284434436	24.19712138643429	24.063716250948524	25.914559518272835	0.0
163.0	25.97973221060877	24.07411940371576	24.19650943627151	25.74963894940396	0.0
164.0	26.03174797444496	24.06585807651825	24.07105965290187	25.831334296134923	0.0
165.0	25.80808018994933	24.134702469830856	24.16315815240007	25.894059187819746	0.0
166.0	25.951582503120946	24.056678824076567	24.111754338726655	25.879984334075836	0.0
167.0	25.878454458668887	24.079320980099382	24.189777984480944	25.852446576750786	0.0
168.0	25.815729566984064	24.153978899958386	24.117567865273053	25.912723667784494	0.0
169.0	25.981262086015715	24.082992681076053	24.12307541673806	25.81266981617017	0.0
170.0	25.950132028651595	24.047267175198808	24.21891972107226	25.783681075077336	0.0
171.0	25.936363107859606	24.11611177915875	24.001676748576447	25.9458483644052	0.0
172.0	25.84885396682608	24.068379520413192	24.200255183998678	25.882511328762053	0.0
173.0	25.866600575846867	24.090103817662772	24.109686282789156	25.933609323701205	0.0
174.0	25.95510706133614	24.087117758290447	24.020720759312407	25.937054421061006	0.0
175.0	25.9890705032097	24.104252467704132	24.165141881513485	25.741535147572687	0.0
176.0	25.76815514255466	24.168507628005457	24.05560213204741	26.007735097392466	0.0
177.0	25.91387946307	24.03792901924907	24.125438695799843	25.92275282188109	0.0
178.0	25.80862306889704	24.240486382454005	24.088109393215245	25.862781155433705	0.0
179.0	25.88817732030683	24.066996918802648	24.146245192322404	25.898580568568114	0.0
180.0	25.908677838939358	23.9106422169934	24.0966767741363	26.08400316993094	0.0
181.0	25.686310507312893	24.17140933847378	24.113885319135917	26.02839483507741	0.0
182.0	25.944556636680744	24.123370662750137	23.951104583562817	25.980968117006302	0.0
183.0	25.9818860534851	24.123676641576402	23.972829080227648	25.92160822471085	0.0
184.0	25.899351016923738	24.091316600320052	24.114571062269942	25.894761320486264	0.0
185.0	25.996040621873266	24.064696360982683	24.130482009919866	25.80878100722418	0.0
186.0	25.86202148589892	23.968618715558154	24.286531688794103	25.88282810974882	0.0
187.0	25.83325938822406	24.17270721714466	24.076323591957628	25.91770980267365	0.0
188.0	25.985943289710818	24.066838219320175	24.19259590170706	25.754622589261945	0.0
189.0	26.04071366719805	24.054599028820235	24.05949470502021	25.845192598961503	0.0
190.0	25.820872231248682	24.12818182652677	24.155720173675178	25.895225768549373	0.0
191.0	25.961929764975505	24.03363350131725	24.096359736488616	25.908076997218625	0.0
192.0	25.895837731819338	24.067291481165302	24.171937200329236	25.864933586686128	0.0
193.0	25.814446616914054	24.146846706260693	24.113800689682606	25.924905987142647	0.0
194.0	25.976616883454657	24.062701756640568	24.129405753066703	25.831275606838076	0.0
195.0	25.96935278566533	24.052371976892196	24.202915401938704	25.77535983550377	0.0
196.0	25.925597277979044	24.113262508567512	23.988421619504553	25.97271859394889	0.0
197.0	25.873580240869483	24.073790756878488	24.190370116518164	25.86225888573387	0.0
198.0	25.862870850876334	24.101023205718203	24.10500097914423	25.931104964261237	0.0
199.0	25.93822192983798	24.082125973410033	24.01909337086731	25.960558725884674	0.0
200.0	25.974192877185143	24.111025094168152	24.167939071445403	25.7468429572013	0.0
201.0	25.791063226919864	24.16043719993758	24.060378143675013	25.988121429467547	0.0
202.0	25.911951994957143	24.02026933986946	24.13869075486767	25.92908791030572	0.0
203.0	25.808090235595444	24.236739914746213	24.112806734620808	25.842363115037532	0.0
204.0	25.896991006374183	24.048386257715272	24.15854975871133	25.896072977199214	0.0
205.0	25.910149424548713	23.91221193009514	24.11387233886293	26.063766306493218	0.0
206.0	25.694193682638577	24.169017877361664	24.116077384923283	26.02071105507647	0.0
207.0	25.934573719321868	24.142848399534856	23.949752126813145	25.97282575433013	0.0
208.0	25.976521856217794	24.13517682053542	23.978798673080924	25.909502650165866	0.0
209.0	25.907756903236862	24.066689720810242	24.13309789544232	25.892455480510577	0.0
210.0	25.968656565687475	24.067913834628342	24.122692927988446	25.840736671695737	0.0
211.0	25.881132427693128	23.961109903998874	24.294680919431887	25.86307674887611	0.0
212.0	25.837992673589117	24.164914632317615	24.071574811101623	25.92551788299165	0.0
213.0	26.005869805390553	24.05855115575183	24.18219043509397	25.753388603763653	0.0
214.0	26.01535697781532	24.072322857658747	24.059163231392137	25.853156933133796	0.0
215.0	25.826709962141965	24.1107033882484	24.156610466201677	25.905976183407958	0.0
216.0	25.95527316910439	24.023456030654437	24.098745481867788	25.92252531837338	0.0
217.0	25.88947141296264	24.093542552312396	24.159956417813607	25.85702961691136	0.0
218.0	25.81999700066414	24.150774777421734	24.125066184324492	25.904162037589636	0.0
219.0	25.969963793731388	24.084360911920523	24.11925114540964	25.826424148938447	0.0
220.0	25.981220312423485	24.050609666519758	24.201189951520494	25.76698006953626	0.0
221.0	25.937760148866364	24.109984819548504	23.98633759365359	25.96591743793154	0.0
222.0	25.89262213298891	24.071568921508018	24.18083211419687	25.854976831306196	0.0
223.0	25.86156238140127	24.088549637011372	24.102016331427592	25.947871650159765	0.0
224.0	25.949493001802725	24.088612205296776	24.038111328417916	25.92378346448258	0.0
225.0	26.005050118601268	24.09947203305532	24.153952100390235	25.74152574795317	0.0
226.0	25.79325120514194	24.153033897008186	24.052949728364833	26.000765169485042	0.0
227.0	25.900385956213405	24.008863831832052	24.157308529295637	25.933441682658902	0.0
228.0	25.818516829446715	24.21193747532283	24.11185146869328	25.857694226537177	0.0
229.0	25.887394212080867	24.05491024287223	24.15010024027057	25.907595304776333	0.0
230.0	25.927796397471802	23.91503297981421	24.098373199883692	26.058797422830292	0.0
231.0	25.70215605372381	24.15612718390734	24.11633630030486	26.025380462063985	0.0
232.0	25.924837621592502	24.139134267506567	23.93864820358365	25.99737990731728	0.0
233.0	25.990499045007105	24.1196924433126	23.970321759145893	25.919486752534404	0.0
234.0	25.90211905002403	24.061609474048296	24.13415242590365	25.90211905002403	0.0
235.0	25.966783184675947	24.054643069219043	24.121982724317572	25.85659102178744	0.0
236.0	25.86946806491702	23.966157933723913	24.309904681445023	25.85446931991405	0.0
237.0	25.837021800216714	24.166039168151237	24.072373536091877	25.92456549554017	0.0
238.0	26.010897180813615	24.068688971195932	24.17949738284	25.74091646515045	0.0
239.0	26.02697374865315	24.050776275835048	24.080162111862084	25.84208786364972	0.0
240.0	25.816030097375663	24.121675192011583	24.16269480489664	25.899599905716116	0.0
241.0	25.957900150619007	24.042712121768734	24.111286629195597	25.888101098416666	0.0
242.0	25.927127885937168	24.047613944958623	24.178650264674996	25.846607904429213	0.0
243.0	25.80769607602998	24.14576495370597	24.145152598834077	25.901386371429968	0.0
244.0	25.97097189050156	24.10098597587115	24.128850511360156	25.79919162226713	0.0
245.0	25.972268156150857	24.051617486740405	24.199830963142617	25.77628339396612	0.0
246.0	25.91340352682482	24.115690634130207	24.014014197950544	25.956891641094433	0.0
247.0	25.88381943529887	24.081112618641445	24.20484580823193	25.830222137827747	0.0
248.0	25.868332067334787	24.098588615814364	24.1077773149396	25.92530200191125	0.0
249.0	25.964598463013388	24.06373379318372	24.053319774689648	25.91834796911325	0.0
