# Position (bp)	A	C	G	T	N
0.0	26.240806162043206	23.748852062977274	23.79077072422761	26.219571050751917	0.0
1.0	26.13373119181044	23.836760358293255	23.84117283678242	26.188335613113882	0.0
2.0	26.283364725153813	23.78681874463972	23.73028589077853	26.19953063942794	0.0
3.0	26.198171168885604	23.73978314342757	23.771219625188895	26.290826062497928	0.0
4.0	26.187101541991133	23.918786261057555	23.646897266771084	26.247214930180228	0.0
5.0	26.189169738797634	23.70481072272513	23.798560119558054	26.307459418919183	0.0
6.0	26.13411712156346	23.771172070375506	23.80232875541451	26.292382052646524	0.0
7.0	26.166613821530486	23.65265581273522	23.83738402790223	26.343346337832063	0.0
8.0	26.22409819252528	23.706977359697394	23.83820950826542	26.230714939511905	0.0
9.0	26.30039477746901	23.661009659917955	23.772936791495745	26.265658771117284	0.0
10.0	26.266574776016537	23.792694693314957	23.78470020675396	26.156030323914543	0.0
11.0	26.25334252239835	23.833494141971055	23.78800827015851	26.12515506547209	0.0
12.0	26.279255685733975	23.75106822880772	23.70668504479669	26.262991040661614	0.0
13.0	26.366092350103376	23.68187456926258	23.80041350792557	26.15161957270848	0.0
14.0	26.12846312887664	23.728187456926257	23.854996554100623	26.288352860096488	0.0
15.0	26.235975189524467	23.757408683666437	23.656512749827705	26.350103376981394	0.0
16.0	26.2315644383184	23.64658855961406	23.82301860785665	26.298828394210886	0.0
17.0	26.19765678842178	23.84369400413508	23.71826326671261	26.240385940730533	0.0
18.0	26.188283942108892	23.8039972432805	23.760992419021363	26.24672639558925	0.0
19.0	26.225223983459685	23.84948311509304	23.759614059269467	26.165678842177808	0.0
20.0	26.242866988283943	23.775051688490695	23.813645761543764	26.168435561681598	0.0
21.0	26.186629910406616	23.79462439696761	23.730117160578914	26.288628532046864	0.0
22.0	26.335971506625754	23.837012165369632	23.720403251817363	26.106613076187244	0.0
23.0	26.271740119255355	23.803380280137063	23.651209783019205	26.273669817588374	0.0
24.0	26.28414532282475	23.783807625616472	23.72619234681641	26.20585470474237	0.0
25.0	26.24830806806873	23.74438664538485	23.788769707044228	26.218535579502195	0.0
26.0	26.136864855328156	23.829503352152432	23.840254498941427	26.19337729357798	0.0
27.0	26.285726887791107	23.777952981651378	23.732743031051516	26.203577099506	0.0
28.0	26.19861503175723	23.74707789343684	23.76582348270995	26.28848359209598	0.0
29.0	26.18979357798165	23.917717889908257	23.642874470712773	26.24961406139732	0.0
30.0	26.195306986591387	23.70269495412844	23.802487649964714	26.299510409315456	0.0
31.0	26.14458362738179	23.7796070042343	23.798903934368383	26.276905434015525	0.0
32.0	26.174356033874385	23.652522935779814	23.838600476358504	26.334520553987296	0.0
33.0	26.226182074805926	23.72281889555399	23.847421930134086	26.203577099506	0.0
34.0	26.302818454481297	23.670441513761467	23.775471947776992	26.25126808398024	0.0
35.0	26.26201923076923	23.79917960479887	23.788152787579392	26.1506483768525	0.0
36.0	26.260365208186307	23.839151817219477	23.776298959068455	26.12418401552576	0.0
37.0	26.27855945659845	23.756726358503883	23.696078863796753	26.26863532110092	0.0
38.0	26.36594698306281	23.683398023994354	23.793666196189132	26.156988796753705	0.0
39.0	26.1338324805928	23.72337023641496	23.843011203246295	26.29978607974594	0.0
40.0	26.23417651729005	23.74404551870148	23.660517378263936	26.361260585744528	0.0
41.0	26.236381880733944	23.648939220183486	23.820957568807337	26.293721330275226	0.0
42.0	26.203577099506	23.83253572688779	23.71785682780522	26.246030345800985	0.0
43.0	26.195858327452363	23.802487649964714	23.75286697247706	26.24878705010586	0.0
44.0	26.228111767819335	23.85045430486944	23.74873191601976	26.17270201129146	0.0
45.0	26.246030345800985	23.771336891319688	23.814892819336627	26.167739943542696	0.0
46.0	26.19199894142555	23.78484474241355	23.72971065631616	26.293445659844743	0.0
47.0	26.334447957701247	23.832194358144523	23.723304838278388	26.110052845875842	0.0
48.0	26.25808745895968	23.794151943609013	23.666792555816215	26.280968041615093	0.0
49.0	26.288411122719868	23.77457939700016	23.732401937406443	26.204607542873525	0.0
50.0	26.239066251691924	23.740947697193405	23.790016898550807	26.229969152563864	0.0
51.0	26.143612475672217	23.82220457941194	23.836263693853134	26.1979192510627	0.0
52.0	26.27979291751435	23.76872481075329	23.749703655921092	26.201778615811268	0.0
53.0	26.204810973827993	23.748325311368035	23.763762770362284	26.28310094444169	0.0
54.0	26.19957326452637	23.912072644271323	23.636955071480948	26.251399019721354	0.0
55.0	26.1979192510627	23.70449395458079	23.79574036399323	26.301846430363273	0.0
56.0	26.140580117655492	23.781956918462647	23.79408635052956	26.2833766133523	0.0
57.0	26.17421172475011	23.649911510279694	23.84122573424414	26.334651030726057	0.0
58.0	26.232929202710377	23.71965574466443	23.84894446374127	26.198470588883925	0.0
59.0	26.307084139664898	23.667554320558835	23.7736868511443	26.251674688631965	0.0
60.0	26.258842080307865	23.80125374220546	23.78884864122794	26.15105553625873	0.0
61.0	26.2596690870397	23.837642038406194	23.772584175501855	26.130104699052247	0.0
62.0	26.27841457296129	23.757422385418216	23.700910258742837	26.263252782877654	0.0
63.0	26.3713149958374	23.67499738114535	23.798772722009957	26.15491490100729	0.0
64.0	26.135893746175093	23.723790778323604	23.847841788098822	26.292473687402484	0.0
65.0	26.24368029022423	23.73895256840724	23.650187179190304	26.367179962178227	0.0
66.0	26.23320487162099	23.64687915226297	23.82165324159072	26.298262734525323	0.0
67.0	26.1979192510627	23.83681503167436	23.719104406843204	26.246161310419737	0.0
68.0	26.203156960364325	23.803459093490353	23.741433588602746	26.251950357542576	0.0
69.0	26.229621175783034	23.834334011478852	23.753563020669656	26.18248179206845	0.0
70.0	26.24395595913484	23.769000479663905	23.820274897037663	26.16676866416359	0.0
71.0	26.186065487906408	23.78526494538999	23.724342116144825	26.30432745055878	0.0
72.0	26.32520571735745	23.833165635208335	23.726482060895094	26.115146586539122	0.0
73.0	26.246640294413588	23.79898278452399	23.68099681603286	26.273380105029563	0.0
74.0	26.26538572865984	23.781615691031135	23.73309809651142	26.219900483797602	0.0
75.0	26.23588923653706	23.740541136579786	23.791815412606304	26.231754214276854	0.0
76.0	26.14319266945275	23.823727243656894	23.838337615366804	26.194742471523558	0.0
77.0	26.281853367001514	23.765561424208006	23.73854601991421	26.21403918887627	0.0
78.0	26.21017984540573	23.731378667754637	23.76583709159876	26.292604395240875	0.0
79.0	26.20576916715368	23.90394645436602	23.640132761415387	26.250151617064915	0.0
80.0	26.210731180187235	23.697471578692014	23.786236478514482	26.305560762606266	0.0
81.0	26.1393333259822	23.777139454619633	23.796436171972346	26.28709104742582	0.0
82.0	26.177099758515364	23.664942826583157	23.826208250173668	26.331749164727807	0.0
83.0	26.239400588825546	23.72200597646903	23.84274829361885	26.195845141086572	0.0
84.0	26.310798443030574	23.66246182006638	23.774658448102855	26.252081288800184	0.0
85.0	26.26200531486729	23.79588483719084	23.78347980460695	26.158630043334913	0.0
86.0	26.25649196705223	23.83613227624078	23.779344793745658	26.12803096296133	0.0
87.0	26.28019936265699	23.760875078565206	23.702433591725566	26.25649196705223	0.0
88.0	26.373926275513014	23.684790878717372	23.800295515442887	26.14098733032672	0.0
89.0	26.138506323809946	23.725865319939572	23.844677965354123	26.290950390896363	0.0
90.0	26.248497612720396	23.73827035252346	23.655845802688308	26.357386232067835	0.0
91.0	26.240503258388557	23.65226212660852	23.819316565404844	26.287918049598076	0.0
92.0	26.19777481282184	23.839164617539062	23.717870965607737	26.24518960403136	0.0
93.0	26.20632050193519	23.801949519787406	23.742681030775508	26.2490489475019	0.0
94.0	26.23995192360705	23.837786280585295	23.73468667644367	26.18757511936398	0.0
95.0	26.255664964879976	23.772728776367586	23.805533195867195	26.166073062885246	0.0
96.0	26.209904178014977	23.786236478514482	23.703811928679333	26.300047414791212	0.0
97.0	26.320374245018012	23.84157990059461	23.72221624944522	26.115829604942153	0.0
98.0	26.245668588063083	23.78589524116695	23.69216858668475	26.27626758408522	0.0
99.0	26.270478584837786	23.76963090994798	23.733794247940082	26.22609625727415	0.0
100.0	26.240155255446485	23.73958324718751	23.793062573568534	26.227198923797474	0.0
101.0	26.137259550444096	23.83186587201385	23.838206187044808	26.192668390497246	0.0
102.0	26.2753681517706	23.770392382800658	23.74337712745136	26.210862337977385	0.0
103.0	26.20231669597914	23.73428015371129	23.773149041509768	26.290254108799804	0.0
104.0	26.199560037270025	23.90905231586898	23.643034750439686	26.248352896421306	0.0
105.0	26.20975967449374	23.69485993417099	23.796029308795394	26.299351082539875	0.0
106.0	26.134227225864077	23.782797346991657	23.800164296859062	26.282811130285204	0.0
107.0	26.185776743724464	23.662882693145292	23.825525556982893	26.325815006147344	0.0
108.0	26.22767795610297	23.72518317997122	23.846200497301233	26.200938366624584	0.0
109.0	26.30679406105448	23.662607027274383	23.780040688282547	26.25055822338859	0.0
110.0	26.273438490674224	23.79051599137717	23.78307301286257	26.152972505086037	0.0
111.0	26.265444180417802	23.834346864852048	23.774527370864323	26.125681583865827	0.0
112.0	26.285016457252492	23.756609089255097	23.693481604816434	26.264892848675974	0.0
113.0	26.36826755026767	23.6852116286891	23.80126696034271	26.145253860700524	0.0
114.0	26.14856185115146	23.71332954752204	23.853643475815833	26.28446512551067	0.0
115.0	26.255244543194085	23.73620981480767	23.652131724179757	26.35641391781849	0.0
116.0	26.235672266359387	23.652683055921578	23.824974225241068	26.28667045247796	0.0
117.0	26.200111369011847	23.840135848141188	23.71139988642566	26.248352896421306	0.0
118.0	26.208657011010096	23.78775933266806	23.74558245441865	26.2580012019032	0.0
119.0	26.23980725442306	23.835449528335694	23.735934148936757	26.18880906830449	0.0
120.0	26.259930862999575	23.768462721704275	23.802093957955442	26.169512457340705	0.0
121.0	26.212240667331944	23.78307301286257	23.707540564232904	26.297145755572586	0.0
122.0	26.322303911433824	23.830828901992245	23.73076191500095	26.11610527157298	0.0
123.0	26.249252254263872	23.78947890736774	23.691617253423093	26.26965158494529	0.0
124.0	26.261381586020395	23.77183624299462	23.74344258001913	26.223339590965857	0.0
125.0	26.23987958881565	23.74233991349581	23.796370573138493	26.221409924550045	0.0
126.0	26.137679321637684	23.825105580610657	23.842472626228098	26.194742471523558	0.0
127.0	26.28405870612753	23.768869432897045	23.744886369901533	26.202185491073887	0.0
128.0	26.20962851062422	23.73220566992689	23.76473442203575	26.293431397413137	0.0
129.0	26.203563828027654	23.90973546957183	23.642613767932165	26.244086934468346	0.0
130.0	26.217898532346812	23.692509565658458	23.788166150249754	26.301425751744972	0.0
131.0	26.1340956455579	23.780723130699425	23.79864151109837	26.286539712644313	0.0
132.0	26.19040399167482	23.660321704731842	23.82847927664677	26.320795026946563	0.0
133.0	26.24195393585202	23.728411737949855	23.843365356783504	26.186268969414616	0.0
134.0	26.30232526085099	23.666937740348168	23.778859009524332	26.251877989276508	0.0
135.0	26.26896941461868	23.79484776226379	23.782994031784536	26.153188791332994	0.0
136.0	26.270899091673446	23.82792794034541	23.778032005072294	26.123140962908852	0.0
137.0	26.28799051701562	23.75763256192196	23.69450455541619	26.259872365646235	0.0
138.0	26.364901931055396	23.68154815233422	23.807528497195076	26.146021419415305	0.0
139.0	26.14133506085374	23.72096869788149	23.852186737605273	26.285509503659494	0.0
140.0	26.256840015988754	23.738335791374343	23.64460862014307	26.360215572493832	0.0
141.0	26.24305660845474	23.649570646855317	23.82627393144133	26.28109881324861	0.0
142.0	26.19922537249659	23.833165635208335	23.71959035712809	26.248018635166986	0.0
143.0	26.208394669665946	23.78912431013855	23.74419027770886	26.258290742486643	0.0
144.0	26.241474938939334	23.836263693853134	23.74005524404969	26.18220612315784	0.0
145.0	26.258290742486643	23.772308506591244	23.807318458238917	26.1620822926832	0.0
146.0	26.205086642738607	23.791605330334058	23.70421828567018	26.29908974125716	0.0
147.0	26.331139921654678	23.82475127703975	23.72881823168933	26.11529056961624	0.0
148.0	26.25340107456038	23.778714442058373	23.69877023759969	26.269114245781566	0.0
149.0	26.253952413901473	23.765206628201557	23.746736760274896	26.23410419762207	0.0
150.0	26.24051693719125	23.74321850741002	23.794217537050105	26.222047018348626	0.0
151.0	26.139765678842174	23.827429359062716	23.84066161268091	26.1921433494142	0.0
152.0	26.28697450034459	23.76292212267402	23.749689869055825	26.200413507925568	0.0
153.0	26.20565127498277	23.735079255685733	23.767608545830463	26.29166092350103	0.0
154.0	26.201240523776704	23.905995864920744	23.644658855961406	26.248104755341146	0.0
155.0	26.2144727773949	23.68766368022054	23.796278428669883	26.301585113714683	0.0
156.0	26.138111647139905	23.77450034458994	23.812818745692628	26.274569262577536	0.0
157.0	26.190837190454	23.65630229166724	23.82887340833469	26.323987109544067	0.0
158.0	26.24569605980995	23.7235664329881	23.838246280485954	26.19249122671599	0.0
159.0	26.310203474027492	23.66429680026685	23.781182029447358	26.244317696258296	0.0
160.0	26.2671985312158	23.7991007556189	23.782009047578352	26.151691665586945	0.0
161.0	26.26554449495381	23.840451662168608	23.772084830006424	26.12191901287116	0.0
162.0	26.291182057014627	23.75747417635886	23.694069452982642	26.25727431364387	0.0
163.0	26.366440706935094	23.698480216347942	23.802133155432546	26.13294592128441	0.0
164.0	26.144524175118335	23.715847597098822	23.859197406471143	26.280430821311707	0.0
165.0	26.248177114202935	23.740933813738977	23.652718546432933	26.35817052562516	0.0
166.0	26.239631260182662	23.649410473908954	23.83521388067231	26.27574438523607	0.0
167.0	26.198280353632953	23.843208389271922	23.717225960650477	26.24128529644465	0.0
168.0	26.20496873862847	23.79613395525268	23.739069546903085	26.259827759215764	0.0
169.0	26.238876575473885	23.82287428187061	23.74623705713057	26.192012085524937	0.0
170.0	26.25927641227519	23.758918036763816	23.816809465524276	26.16499608543672	0.0
171.0	26.20331469780674	23.77656113886224	23.708745465171415	26.311378698159604	0.0
172.0	26.334056518730687	23.820734561553923	23.72700532326939	26.11820359644601	0.0
173.0	26.248321833123363	23.780210449707372	23.692821718718555	26.278645998450713	0.0
174.0	26.26844605193151	23.759259208208476	23.751264655531266	26.221030084328746	0.0
175.0	26.23902124351475	23.737822057307316	23.8026056800075	26.22055101917044	0.0
176.0	26.14074939902521	23.823136978144365	23.83443971506076	26.201673907769667	0.0
177.0	26.292922832631277	23.755871909666322	23.742639437178838	26.208565820523567	0.0
178.0	26.20636040844232	23.737125906975717	23.764693557991308	26.291820126590654	0.0
179.0	26.200846878239197	23.91355887347551	23.638709392850053	26.246884855435237	0.0
180.0	26.211598262135276	23.70459607877732	23.796947709679554	26.28685794940785	0.0
181.0	26.145160223187702	23.78371523719207	23.799704474781112	26.271420064839113	0.0
182.0	26.193751498995155	23.655315195606807	23.82678645762978	26.324146847768255	0.0
183.0	26.249162630291973	23.725061544950556	23.837537871164987	26.188237953592484	0.0
184.0	26.312017047882385	23.661104418279606	23.77936996716684	26.24750856667117	0.0
185.0	26.270114102822106	23.80500795328924	23.78019699897724	26.144680944911414	0.0
186.0	26.275627648224777	23.84525683472872	23.76282933095883	26.116286186087674	0.0
187.0	26.29299531624318	23.748494112911896	23.703834395150285	26.254676175694634	0.0
188.0	26.375147142742932	23.686742404402015	23.802802535128176	26.135307917726873	0.0
189.0	26.15543235844661	23.72285612678949	23.850494702861255	26.271216811902644	0.0
190.0	26.242270698538633	23.743807599319627	23.654212486526273	26.359709215615464	0.0
191.0	26.23910724180614	23.654067227029753	23.839599052767678	26.26722647839643	0.0
192.0	26.20106356877221	23.848420774050908	23.711132736580645	26.23938292059624	0.0
193.0	26.193416772343824	23.80410211170535	23.746485085736342	26.25599603021448	0.0
194.0	26.23642278215802	23.844351326018636	23.74014445608425	26.1790814357391	0.0
195.0	26.258201466615205	23.764955615592434	23.823399680211722	26.153443237580635	0.0
196.0	26.20251419749683	23.781772068147987	23.72415504217897	26.291558692176213	0.0
197.0	26.327745293447908	23.824843758184258	23.73717741957716	26.110233528790673	0.0
198.0	26.244765520112256	23.787075555702586	23.69692809430472	26.271230829880437	0.0
199.0	26.25910089623669	23.766950893066365	23.75289119725202	26.221057013444927	0.0
200.0	26.23160518059867	23.743032160953636	23.79706565069003	26.228297007757668	0.0
201.0	26.13746636672401	23.82283534030259	23.833035596136032	26.20666269683737	0.0
202.0	26.28412950465352	23.753087645009042	23.749779453927925	26.213003396409512	0.0
203.0	26.20114904503551	23.720832781968156	23.774315204446207	26.30370296855013	0.0
204.0	26.194880560188565	23.903676237473636	23.642879788275188	26.258563414062607	0.0
205.0	26.204805160792315	23.688091857692253	23.802500447985445	26.304602533529987	0.0
206.0	26.138916840117442	23.78458103022868	23.79698678098336	26.279515348670518	0.0
207.0	26.20046645751432	23.655626437003423	23.81855574608391	26.325351359398347	0.0
208.0	26.240440653481617	23.725650200973718	23.846124157095833	26.187784988448836	0.0
209.0	26.29833431660666	23.66858359017903	23.782165443548166	26.250916649666145	0.0
210.0	26.26525222339235	23.80284175180711	23.7912630191821	26.14064300561844	0.0
211.0	26.268560432713777	23.844745736545235	23.775273340795184	26.111420489945804	0.0
212.0	26.290339477413198	23.744121036351707	23.702768419833816	26.262771066401275	0.0
213.0	26.367255344136474	23.685951689116543	23.809733854560093	26.137059112186893	0.0
214.0	26.156908368115477	23.72427178042312	23.84695120942619	26.271868642035212	0.0
215.0	26.23933791704114	23.745223772792183	23.658934646324855	26.356503663841824	0.0
216.0	26.238858885185522	23.650177954583672	23.838470720888367	26.272492439342436	0.0
217.0	26.19640341518417	23.842605993940445	23.710277256273898	26.250713334601482	0.0
218.0	26.19371877860238	23.80214593694518	23.751144095365174	26.25299118908726	0.0
219.0	26.22680105422185	23.841017610798055	23.74838723906355	26.183794095916546	0.0
220.0	26.25795353043018	23.767409547544744	23.81786001786443	26.15677690416065	0.0
221.0	26.2030920900279	23.78064245779253	23.71723476285522	26.299030689324347	0.0
222.0	26.324742026460378	23.818201366853124	23.74321466872145	26.11384193796505	0.0
223.0	26.235143949648638	23.793940964516406	23.700483278242004	26.270431807592953	0.0
224.0	26.253890624181558	23.75644761545057	23.75396643793886	26.23569532242902	0.0
225.0	26.232735092217354	23.731149891103577	23.81302897471949	26.223086041959586	0.0
226.0	26.13804283099182	23.82584195319909	23.827220396550583	26.20889481925851	0.0
227.0	26.28994728832624	23.749751880196733	23.746994993493747	26.21330583798328	0.0
228.0	26.212478771972386	23.726869720561965	23.769877153128515	26.29077435433713	0.0
229.0	26.1965610500459	23.914955324527813	23.64174709905797	26.246736526368313	0.0
230.0	26.20758862725962	23.7068098046189	23.797235937771383	26.288365630350096	0.0
231.0	26.131774033915313	23.799441453214126	23.80743644669407	26.26134806617649	0.0
232.0	26.191946538158277	23.668002845122764	23.828454535930703	26.311596080788252	0.0
233.0	26.233575756907417	23.733617110435976	23.84692577868694	26.185881353969663	0.0
234.0	26.299190022220632	23.672689578359424	23.77938168204099	26.248738717378956	0.0
235.0	26.263625987660106	23.80309103841467	23.787376697562348	26.145906276362872	0.0
236.0	26.26279891708893	23.853818033446732	23.76890545480611	26.114477594658226	0.0
237.0	26.290092245937707	23.74436902786125	23.705221020825636	26.260317705375407	0.0
238.0	26.363425836581882	23.70246411892172	23.799231375749187	26.13487866874721	0.0
239.0	26.1583123349305	23.73223865948402	23.838930763165585	26.2705182424199	0.0
240.0	26.242032245969256	23.74059860164538	23.657061249696728	26.360307902688636	0.0
241.0	26.260545905707193	23.64240419079129	23.830438378825473	26.266611524676044	0.0
242.0	26.207183683823065	23.844514355511564	23.70389568852138	26.244406272143994	0.0
243.0	26.211445241627285	23.803444491625903	23.74278261540922	26.242327651337593	0.0
244.0	26.23698491132092	23.843532162710666	23.749779405276623	26.169703520691783	0.0
245.0	26.253598649885834	23.774804487144134	23.821131933950298	26.150464929019734	0.0
246.0	26.202419592800236	23.781723718572735	23.719675806553912	26.296180882073116	0.0
247.0	26.318503728544325	23.81883466443101	23.754026386621366	26.108635220403297	0.0
248.0	26.237261958934898	23.799280188640218	23.70192639170424	26.26153146072064	0.0
249.0	26.25987672196252	23.759842248238392	23.764254884926707	26.21602614487238	0.0
