# Position (bp)	A	C	G	T	N
0.0	26.345980126467932	23.6890243902439	23.596149503161698	26.368845980126466	0.0
1.0	26.342310298102984	23.752822944896117	23.71894760614273	26.18591915085818	0.0
2.0	26.31460096931445	23.668039438734752	23.697677766455623	26.319681825495174	0.0
3.0	26.3395137867673	23.76760215530259	23.591474756484114	26.301409301445993	0.0
4.0	26.420739193632603	23.71628963745925	23.712902725053272	26.150068443854867	0.0
5.0	26.412623510187032	23.65497018257353	23.583001950197982	26.349404357041458	0.0
6.0	26.3583743251519	23.698492121951013	23.619189533187146	26.323944019709938	0.0
7.0	26.255636891088773	23.744363108911227	23.64841602654912	26.351583973450875	0.0
8.0	26.172456995801163	23.751354462955437	23.73837419296582	26.337814348277576	0.0
9.0	26.324685035482005	23.635671054302282	23.70000423244593	26.33963967776978	0.0
10.0	26.194359171143518	23.63437316599702	23.733127172588144	26.438140490271316	0.0
11.0	26.26743713602095	23.683750169292583	23.613493747460613	26.43531894722586	0.0
12.0	26.190691165184415	23.74187395602907	23.67754277459257	26.38989210419394	0.0
13.0	26.224757841751384	23.717823919281525	23.74434634907468	26.313071889892413	0.0
14.0	26.25466611364579	23.74180696749874	23.755350335903753	26.24817658295172	0.0
15.0	26.298964214470526	23.719798993840588	23.67465443249054	26.306582359198345	0.0
16.0	26.368656131054664	23.742371274515612	23.660828910577088	26.22814368385264	0.0
17.0	26.183563429519463	23.847050226146038	23.597062217670146	26.372324126664353	0.0
18.0	26.300374982012713	23.722902682433407	23.706255625435574	26.270466710118306	0.0
19.0	26.296424832894584	23.67973319564242	23.795980441118793	26.2278615303442	0.0
20.0	26.237172596122647	23.770868778867833	23.698355327199316	26.293603297810208	0.0
21.0	26.31250758287554	23.755350335903753	23.70653777894401	26.225604302276693	0.0
22.0	26.35454845563277	23.6870691868618	23.627816950089866	26.330565407415556	0.0
23.0	26.289088841675202	23.560100108064795	23.859182827008862	26.29162822325114	0.0
24.0	26.36498813544497	23.683119037743676	23.65970029654334	26.292192530268014	0.0
25.0	26.352573381073707	23.666754134254283	23.602423134330465	26.378249350341548	0.0
26.0	26.32661525829743	23.75281095432781	23.7161309982309	26.20444278914386	0.0
27.0	26.305943829038032	23.659915692769555	23.699417072496317	26.3347234056961	0.0
28.0	26.316947784819057	23.766851570744148	23.595584874357396	26.320615770079396	0.0
29.0	26.428962411615665	23.70929241742801	23.718321304222698	26.143423866733627	0.0
30.0	26.403004362080935	23.65765847107088	23.59445626350806	26.344880903340123	0.0
31.0	26.35503840098415	23.70590658488	23.62182507660446	26.31722993753139	0.0
32.0	26.26418522761259	23.73101817627773	23.66330152531756	26.341495070792114	0.0
33.0	26.172485596104032	23.747100880880765	23.742022132058754	26.33839139095644	0.0
34.0	26.31017611972304	23.642422224604847	23.6926454074003	26.354756248271816	0.0
35.0	26.202393783611445	23.629725352549812	23.733557550688737	26.43432331315001	0.0
36.0	26.272649808982614	23.67910207720827	23.61392480065911	26.43432331315001	0.0
37.0	26.196186423940095	23.746818728168435	23.673459022961588	26.383535824929883	0.0
38.0	26.226302765935234	23.713175648032415	23.74985539714293	26.31066618888942	0.0
39.0	26.264393274626922	23.73377273791755	23.75578058738386	26.246053400071666	0.0
40.0	26.302201631402376	23.7106362807863	23.66831349335109	26.31884859446023	0.0
41.0	26.384872142859155	23.72954045917403	23.66464551844004	26.220941879526777	0.0
42.0	26.186801497662373	23.831961604767237	23.604829312198277	26.376407585372114	0.0
43.0	26.29853365649133	23.71345779994865	23.71345779994865	26.274550743611375	0.0
44.0	26.297122896910153	23.680446025749184	23.797821222902833	26.224609854437826	0.0
45.0	26.22545631018653	23.76791311978195	23.716843622943465	26.28978694708805	0.0
46.0	26.31630922721412	23.760295018043614	23.70104311563432	26.22235263910795	0.0
47.0	26.3665322683039	23.6903213428174	23.63078728849187	26.31235910038683	0.0
48.0	26.28724757984194	23.557145638354605	23.857637429144603	26.297969352658857	0.0
49.0	26.37979340836693	23.669442101016028	23.65646311286923	26.294301377747807	0.0
50.0	26.36371074914155	23.657873872450406	23.61188311010414	26.3665322683039	0.0
51.0	26.332956190271968	23.73913362432601	23.723333117016864	26.20457706838516	0.0
52.0	26.305231081767396	23.65808927261441	23.699847638395124	26.33683200722307	0.0
53.0	26.323006602336214	23.756560013543254	23.604762710907963	26.315670673212573	0.0
54.0	26.43558489927205	23.705772811918063	23.71705885672366	26.141583432086225	0.0
55.0	26.407651938378194	23.649624739010214	23.594323119462786	26.34840020314881	0.0
56.0	26.360814852434967	23.70520850967778	23.6191524180351	26.314824219852152	0.0
57.0	26.256701089103323	23.73116641273066	23.67022177078043	26.34191072738559	0.0
58.0	26.179673833305117	23.748659782179335	23.741888155295975	26.32977822921957	0.0
59.0	26.31369561537159	23.643417414367136	23.701540545115964	26.341346425145307	0.0
60.0	26.210428305400374	23.61999887139552	23.728627052649397	26.44094577055471	0.0
61.0	26.273348005191583	23.67473618870267	23.62169177811636	26.43022402798939	0.0
62.0	26.192370633711416	23.746120422098077	23.673607584222108	26.387901359968396	0.0
63.0	26.23856938499694	23.713606135076645	23.737024611972767	26.310799867953648	0.0
64.0	26.25973065930066	23.73448525905632	23.75649298433219	26.249291097310824	0.0
65.0	26.3133392208701	23.714452586048797	23.673258638737547	26.298949554343565	0.0
66.0	26.376258743133167	23.738717513917067	23.665358429664156	26.21966531328561	0.0
67.0	26.191168130556598	23.825337663400305	23.601310306104885	26.382183899938212	0.0
68.0	26.306003312444805	23.711913233132346	23.723199246094335	26.258884208328514	0.0
69.0	26.30684976341695	23.671565736793248	23.796840480671293	26.224744019118507	0.0
70.0	26.227565522359004	23.773139853451124	23.70260227243871	26.296692351751165	0.0
71.0	26.312492769897943	23.753671481091697	23.711913233132346	26.22192251587801	0.0
72.0	26.365254880495232	23.691880560124822	23.634321894018694	26.30854266536125	0.0
73.0	26.29443514915877	23.546573143239254	23.859477852610315	26.299513854991662	0.0
74.0	26.363279828226883	23.676644442626145	23.667333481932502	26.292742247214473	0.0
75.0	26.3531224165611	23.662254776099612	23.60836406420613	26.376258743133167	0.0
76.0	26.332807593229525	23.740692566185412	23.727713651279128	26.198786189305938	0.0
77.0	26.32031871610679	23.642719695729948	23.691813713595657	26.345147874567605	0.0
78.0	26.332733295337196	23.74711502107657	23.60886175237429	26.311289931211945	0.0
79.0	26.44107871407531	23.700560348962536	23.711564180553125	26.146796756409024	0.0
80.0	26.403270677328155	23.6509020320409	23.595882874087952	26.349944416542993	0.0
81.0	26.36800198633268	23.70140679754643	23.617326238213206	26.313264977907693	0.0
82.0	26.260220866650492	23.73526474090209	23.678552685781355	26.325961706666064	0.0
83.0	26.184886942684145	23.746550722020643	23.748243619188425	26.32031871610679	0.0
84.0	26.319754417050863	23.629176518387684	23.70366399377014	26.347405070791318	0.0
85.0	26.206894605865322	23.628612219331757	23.729057451286884	26.435435723516033	0.0
86.0	26.283639277471487	23.66613810655095	23.617608387741168	26.432614228236396	0.0
87.0	26.19899441908234	23.74796146966046	23.672627545694116	26.380416565563085	0.0
88.0	26.235317685364663	23.700493478132064	23.743097936646322	26.32109089985695	0.0
89.0	26.256478840255852	23.737172813276793	23.763130496609982	26.243217849857377	0.0
90.0	26.321655197320716	23.714036617262423	23.674253646066987	26.29005453934987	0.0
91.0	26.377520646233453	23.730683392443495	23.67143215874816	26.22036380257489	0.0
92.0	26.18989173953158	23.821535284109665	23.608230842806478	26.380342133552283	0.0
93.0	26.300494042429527	23.721654633023253	23.71911529443631	26.258736030110914	0.0
94.0	26.310087099313535	23.677639430849577	23.788806031211294	26.223467438625597	0.0
95.0	26.23588198282843	23.76030900929116	23.7112151299436	26.292593877936817	0.0
96.0	26.323912387175774	23.74450868030574	23.70726504769724	26.224313884821242	0.0
97.0	26.367645440617565	23.68751463646547	23.632495633748373	26.312344289168593	0.0
98.0	26.29315817540058	23.54474737813291	23.874861394435463	26.287233052031045	0.0
99.0	26.367081143153804	23.679332323240875	23.660992655668508	26.292593877936817	0.0
100.0	26.364259655834978	23.65873546581345	23.604845058023887	26.37215982032769	0.0
101.0	26.340277013624963	23.73124768990726	23.733222731030434	26.195252565437343	0.0
102.0	26.320734487506492	23.636661174186848	23.69309076134799	26.34951357695867	0.0
103.0	26.33173825700291	23.748673904701715	23.606753492991444	26.31283434530393	0.0
104.0	26.442340247838747	23.70155519942216	23.713969708597613	26.14213484414148	0.0
105.0	26.41384330632237	23.63609687831524	23.597442611109855	26.35261720425253	0.0
106.0	26.366442453107013	23.704658826716024	23.61352504345078	26.315373676726182	0.0
107.0	26.261483420987293	23.73428435997562	23.671083222355147	26.33314899668194	0.0
108.0	26.190382141164253	23.731462880617567	23.75205967993138	26.326095298286802	0.0
109.0	26.318477304020043	23.632146807213957	23.70296593910119	26.346409949664807	0.0
110.0	26.21831478680902	23.620578741845925	23.72779495745209	26.433311513892967	0.0
111.0	26.284901699659162	23.663747376024197	23.611550007900142	26.439800916416495	0.0
112.0	26.213236123964517	23.739645170755928	23.66628670744645	26.380831997833106	0.0
113.0	26.244480496578966	23.696127530507162	23.742399661423434	26.316992311490445	0.0
114.0	26.263666502080834	23.72547083303943	23.762714255484234	26.2481484093955	0.0
115.0	26.31671016435071	23.706002680397827	23.682020173520492	26.295266981730975	0.0
116.0	26.37201100373845	23.736756718628765	23.672427170769556	26.21880510686323	0.0
117.0	26.173379417366156	23.819707977710376	23.623897862735415	26.38301474218805	0.0
118.0	26.291316921774705	23.71023488749383	23.73816745432743	26.260280736404034	0.0
119.0	26.31332439867391	23.667066375114622	23.780207378147704	26.239401848063764	0.0
120.0	26.23827325950483	23.7607392255061	23.713056358891162	26.287931156097905	0.0
121.0	26.321506665726176	23.746914015659165	23.70430979755943	26.22726952105523	0.0
122.0	26.373139592297385	23.672991465049023	23.642801721097552	26.31106722155604	0.0
123.0	26.296677717429638	23.53445721943994	23.87952317133385	26.289341891796568	0.0
124.0	26.375678916554985	23.66283416801862	23.658037666643157	26.303449248783238	0.0
125.0	26.36439303096565	23.657191225223954	23.616562037102348	26.36185370670805	0.0
126.0	26.34689990830218	23.726035127318898	23.732524511532766	26.19454045284616	0.0
127.0	26.309166422138457	23.64371487258199	23.701273051486353	26.345845653793198	0.0
128.0	26.33145610906711	23.733437916168203	23.61352504345078	26.321580931313903	0.0
129.0	26.442058099902944	23.689422838182516	23.734848655847234	26.13367040606731	0.0
130.0	26.407636051734645	23.63271110308557	23.605624901248223	26.354027943931563	0.0
131.0	26.374342595309574	23.696758684513462	23.619450150102704	26.309448570074263	0.0
132.0	26.271076450804685	23.730898584745955	23.676444033135454	26.321580931313903	0.0
133.0	26.188407105613614	23.737387987269486	23.758549082454913	26.315655824661988	0.0
134.0	26.318477304020043	23.623118073268177	23.712276820982776	26.346127801729004	0.0
135.0	26.22339344965352	23.619168002166894	23.730898584745955	26.426539963433626	0.0
136.0	26.276437261584995	23.664029523960004	23.62170733358915	26.437825880865855	0.0
137.0	26.195460804008757	23.737952283141098	23.681522695979957	26.38506421687019	0.0
138.0	26.24575718844432	23.694004057298766	23.751280249870916	26.308958504386005	0.0
139.0	26.261839666161617	23.710932981211716	23.76736272758822	26.259864625038443	0.0
140.0	26.319754417050863	23.691531564067695	23.694070909819366	26.294643109062076	0.0
141.0	26.37844151886734	23.73526474090209	23.66924175135855	26.21705198887202	0.0
142.0	26.191450280880645	23.82223400983576	23.61513567198332	26.371180037300274	0.0
143.0	26.30036030596381	23.70373087373491	23.738717513917067	26.257191306384215	0.0
144.0	26.313903521518196	23.665922730312257	23.794301127754842	26.2258726204147	0.0
145.0	26.24534099277413	23.756210834008144	23.70429517438301	26.29415299883472	0.0
146.0	26.323288753456353	23.73314147057164	23.710569380960443	26.23300039501157	0.0
147.0	26.38254048868574	23.66937531742001	23.634952880762935	26.31313131313131	0.0
148.0	26.295637943682635	23.52604254838892	23.87957790192427	26.298741606004178	0.0
149.0	26.379511256450698	23.647152099633484	23.67057070868097	26.302765935234852	0.0
150.0	26.359760622314266	23.657027416701702	23.61301171776908	26.370200243214953	0.0
151.0	26.354117583989574	23.71402210378112	23.740826535823416	26.19103377640589	0.0
152.0	26.3090475088737	23.642422224604847	23.705060126743	26.343470139778454	0.0
153.0	26.324565908052072	23.739200604935416	23.620978618467458	26.31525486854505	0.0
154.0	26.436298382136346	23.690106032989295	23.74032921578475	26.133266369089608	0.0
155.0	26.40977602717695	23.633957643234822	23.611667578960436	26.34459875062779	0.0
156.0	26.365478051340506	23.68615589501662	23.626903825426474	26.3214622282164	0.0
157.0	26.25967078421525	23.72904310729139	23.6785377717836	26.33274833670976	0.0
158.0	26.188003995282404	23.727914496442054	23.767698028881153	26.31638347939439	0.0
159.0	26.31299764684638	23.627750283563476	23.719449915072033	26.33980215451811	0.0
160.0	26.223837389748827	23.61336049523444	23.74145782663409	26.42134428838264	0.0
161.0	26.280267932215633	23.650322500550196	23.63565055950883	26.433759007725342	0.0
162.0	26.19731503478943	23.743997201045094	23.684462978742616	26.37422478542286	0.0
163.0	26.24591935488422	23.688197800895555	23.75422172187	26.311661122350227	0.0
164.0	26.254101806628917	23.712463002621206	23.770586625359392	26.262848565390485	0.0
165.0	26.312581824748314	23.69616495869261	23.701808044783533	26.28944517177554	0.0
166.0	26.37352715453027	23.73228070967451	23.680646471942577	26.21354566385265	0.0
167.0	26.183993341139622	23.816147736410706	23.622871492459403	26.37698742999027	0.0
168.0	26.304473569120944	23.716546985878136	23.734040602118984	26.244938842881933	0.0
169.0	26.325635201670355	23.668298463665476	23.789343001848113	26.21672333281605	0.0
170.0	26.239295740868755	23.76225611218487	23.70441431654981	26.294033830396568	0.0
171.0	26.323170077931458	23.73382541321731	23.714074500442987	26.22893000840825	0.0
172.0	26.37649754242214	23.66780093337171	23.64805002059738	26.307651503608774	0.0
173.0	26.30793365950555	23.52531220549978	23.87828923236667	26.288464902628	0.0
174.0	26.384754509569348	23.642755767988195	23.67633241444304	26.296157307999422	0.0
175.0	26.35682099697246	23.65629928924729	23.606357554604372	26.38052215917588	0.0
176.0	26.366414324530986	23.70595886719731	23.740664140423743	26.18696266784796	0.0
177.0	26.30638917418146	23.651005044975904	23.70546144035755	26.337144340485086	0.0
178.0	26.328679615814366	23.742706228908727	23.62363576854057	26.304978386736337	0.0
179.0	26.438156721555707	23.684299628680744	23.756249788381883	26.121293861381666	0.0
180.0	26.403451350405742	23.63210049321129	23.607834949155222	26.356613207227745	0.0
181.0	26.364231459431398	23.688531991016106	23.628150288364953	26.319086261187547	0.0
182.0	26.262936920871756	23.725212464589234	23.692200038373418	26.319650576165593	0.0
183.0	26.190704603681592	23.718158527363634	23.775154340146496	26.31598252880828	0.0
184.0	26.31372526889609	23.62589302845276	23.712797535072173	26.347584167578976	0.0
185.0	26.232181754568128	23.605295531754003	23.727187567012404	26.435335146665462	0.0
186.0	26.273658905454667	23.6439511077503	23.646208367662496	26.436181619132537	0.0
187.0	26.19804069839622	23.744399173842872	23.673295486608804	26.384264641152104	0.0
188.0	26.246645843385224	23.68859883017175	23.762242142597152	26.30251318384587	0.0
189.0	26.261318074213275	23.71258228440991	23.766192358589322	26.2599072827875	0.0
190.0	26.307101944076074	23.70051635111876	23.7078524872323	26.284529217572867	0.0
191.0	26.385542168674696	23.728167941085186	23.68132953359104	26.204960356649075	0.0
192.0	26.197415979842496	23.803007259973647	23.624964377315475	26.374612382868378	0.0
193.0	26.309151291304676	23.70989450042183	23.740085607306813	26.24086860096668	0.0
194.0	26.329466802479622	23.66249164101363	23.794542463650753	26.213499092855997	0.0
195.0	26.24566531888299	23.762376237623762	23.713844738705845	26.27811370478741	0.0
196.0	26.328412451186207	23.7452314846166	23.715604613891333	26.210751450305864	0.0
197.0	26.369890070201574	23.673562673528814	23.658608157829395	26.297939098440214	0.0
198.0	26.310072007403896	23.512731089591657	23.88687614275073	26.29032076025372	0.0
199.0	26.390844424630437	23.647670615986705	23.663471658291176	26.298013301091682	0.0
200.0	26.357267209733443	23.654160329790326	23.604782072588858	26.383790387887373	0.0
201.0	26.366578538234293	23.712567754022917	23.749248745086863	26.17160496265593	0.0
202.0	26.30570588534054	23.650276801182823	23.702758982635736	26.3412583308409	0.0
203.0	26.3287096082437	23.731391293551994	23.63573774562364	26.304161352580667	0.0
204.0	26.446654100969514	23.68511642080789	23.755657385356823	26.112572092865772	0.0
205.0	26.411101454836857	23.620783061139264	23.61401112854257	26.35410435548132	0.0
206.0	26.365673073667338	23.68991320639722	23.63319827089988	26.311215449035565	0.0
207.0	26.258168643694766	23.725183688671684	23.68793805938985	26.3287096082437	0.0
208.0	26.181420074265528	23.72095123079875	23.781898624169028	26.315730070766698	0.0
209.0	26.32814528052731	23.62896581302694	23.712204151194683	26.33068475525107	0.0
210.0	26.228823602442407	23.61598627554994	23.732802112842972	26.42238800916468	0.0
211.0	26.27440025733489	23.659573027240253	23.64038577660397	26.425640938820887	0.0
212.0	26.199344247492963	23.739708015191788	23.67283480341533	26.388112933899922	0.0
213.0	26.24668805498887	23.683193237001234	23.771511770631406	26.298606937378494	0.0
214.0	26.2593856077472	23.711127853069563	23.78308065203344	26.24640588714979	0.0
215.0	26.317868610996676	23.695675483495958	23.708937409353325	26.27751849615404	0.0
216.0	26.39546498569405	23.727278370645433	23.677052353568588	26.200204290091932	0.0
217.0	26.200842557922332	23.801838051676512	23.626046495878917	26.371272894522246	0.0
218.0	26.312863822210687	23.71323685019907	23.738632099030184	26.235267228560062	0.0
219.0	26.33656605445306	23.66921841889181	23.800427204519224	26.19378832213591	0.0
220.0	26.25304390274184	23.758101789800705	23.715776375082182	26.273077932375273	0.0
221.0	26.32761092111649	23.740674273976005	23.717254145080645	26.21446065982686	0.0
222.0	26.366550412532874	23.66900303615165	23.669849546834616	26.294597004480863	0.0
223.0	26.307294664725333	23.52678924141356	23.887684962584228	26.278231131276875	0.0
224.0	26.405282241566614	23.63379844523766	23.670480678339143	26.29043863485659	0.0
225.0	26.35844185160626	23.640852720834097	23.62674416964122	26.373961257918427	0.0
226.0	26.364516229158024	23.721123159881827	23.740310897788614	26.174049713171538	0.0
227.0	26.30815594031468	23.649235874398972	23.711031851734802	26.33157633355155	0.0
228.0	26.324239824826744	23.747150048533825	23.629201562112012	26.299408564527415	0.0
229.0	26.443034831486038	23.677171042235717	23.747714395358813	26.132079730919433	0.0
230.0	26.400575637010075	23.614661813256582	23.621151838370157	26.36361071136319	0.0
231.0	26.359660261294053	23.68633426451085	23.64880498885409	26.305200485341008	0.0
232.0	26.26569598464968	23.731200090296	23.68351251446147	26.319591410592853	0.0
233.0	26.187815683286775	23.720477440108358	23.790174666328056	26.30153221027681	0.0
234.0	26.317616185558286	23.61042918818251	23.731200090296	26.340754535963207	0.0
235.0	26.225344958943538	23.62086966336522	23.7371257653997	26.416659612291543	0.0
236.0	26.276566926645373	23.650631511224983	23.646398862263958	26.426402699865687	0.0
237.0	26.195864419788478	23.742056728783144	23.685057056107993	26.37702179532038	0.0
238.0	26.246165914663912	23.689074373495643	23.763851382810316	26.300908329030126	0.0
239.0	26.26225002610141	23.711930742380506	23.779653316854173	26.246165914663912	0.0
240.0	26.308363480390774	23.692483082844678	23.71675122892763	26.28240220783692	0.0
241.0	26.396202667389108	23.72373389322542	23.679710120388087	26.200353318997387	0.0
242.0	26.20330363467546	23.79881299440928	23.61904063081191	26.378842740103348	0.0
243.0	26.313962447330024	23.695492042706075	23.74431672259397	26.24622878736993	0.0
244.0	26.3452452853619	23.661528214449003	23.784015669362894	26.209210830826198	0.0
245.0	26.271848989717956	23.738735051805353	23.71248662882754	26.276929329649146	0.0
246.0	26.30191427264978	23.7390131136991	23.719255065116883	26.239817548534234	0.0
247.0	26.35205514640501	23.676596369302512	23.667563379128712	26.30378510516376	0.0
248.0	26.284765744097022	23.524961324344773	23.883769775398896	26.306503156159312	0.0
249.0	26.381670510717704	23.622987519302594	23.696386780228497	26.298955189751204	0.0
