# Position (bp)	A	C	G	T	N
0.0	25.842021167201914	24.227428770308965	24.261600037968076	25.66895002452105	0.0
1.0	25.73910952489432	24.334927987445262	24.281772850380946	25.644189637279467	0.0
2.0	25.67083144816065	24.273008862157226	24.346411949516394	25.709747740165728	0.0
3.0	25.59661095239451	24.4475238628562	24.17955118531244	25.776313999436844	0.0
4.0	25.65298271367467	24.438447520943534	24.154665789273874	25.753903976107917	0.0
5.0	25.81000284711018	24.21024326974787	24.27224700262567	25.707506880516277	0.0
6.0	25.78767556624067	24.143679615335948	24.290142983677086	25.778501834746297	0.0
7.0	25.611291414400224	24.295077403885696	24.161589705631155	25.93204147608293	0.0
8.0	25.727109685622917	24.217378514561172	24.223704645594324	25.831807154221586	0.0
9.0	25.740366458861153	24.30249145213989	24.229111117437004	25.728030971561957	0.0
10.0	25.85800631940513	24.246210096499023	24.22691661737868	25.668866966717168	0.0
11.0	25.67234611868969	24.241782084897633	24.3749387194823	25.710933076930374	0.0
12.0	25.679620709177687	24.254433546615893	24.19592053616895	25.87002520803747	0.0
13.0	25.745408310112627	24.31073255126214	24.225335184663898	25.71852395396133	0.0
14.0	25.904184154676773	24.284480768196754	24.110839456113663	25.700495621012813	0.0
15.0	25.72927769642185	24.24905667538563	24.26075927747502	25.760906350717494	0.0
16.0	26.004763275336924	24.087434251934884	24.225018898120943	25.68278357460725	0.0
17.0	25.692272170895947	24.280052756595367	24.190859951481645	25.836815121027044	0.0
18.0	25.68309986115021	24.227232903921635	24.231028342437114	25.858638892491044	0.0
19.0	25.764701789232973	24.270880446849628	24.186431939880254	25.77798582403715	0.0
20.0	25.782413835638536	24.221223459605465	24.21869316726181	25.777669537494184	0.0
21.0	25.622056558359613	24.403088221805426	24.21268372294564	25.762171496889323	0.0
22.0	25.77387409897871	24.2645547159905	24.326546878409964	25.635024306620824	0.0
23.0	25.79538158389975	24.206674278629468	24.218376880718857	25.77956725675193	0.0
24.0	25.731807988765503	24.201929980485122	24.283531908567888	25.78273012218149	0.0
25.0	25.87034149458043	24.21363258257451	24.2449449503272	25.671080972517863	0.0
26.0	25.76556915583389	24.29041338520416	24.272701394819244	25.671316064142708	0.0
27.0	25.686181484644337	24.23601227187905	24.351772780466206	25.726033463010406	0.0
28.0	25.634626941202516	24.421355599835533	24.170541164563367	25.773476294398584	0.0
29.0	25.689344340070214	24.409020463674604	24.14523832115634	25.75639687509884	0.0
30.0	25.84685454027896	24.178448303128064	24.24391941044375	25.730777746149226	0.0
31.0	25.79593256792232	24.131005471739886	24.26289654299902	25.81016541733877	0.0
32.0	25.618180092987952	24.279027105671	24.176550589872537	25.926242211468516	0.0
33.0	25.72848237188104	24.224233089056238	24.213163130078343	25.83412140898438	0.0
34.0	25.751571143463504	24.29476454197254	24.21253056099389	25.74113375357006	0.0
35.0	25.862270733242454	24.228028503562946	24.236568186203037	25.673132576991563	0.0
36.0	25.671551154280436	24.236884470745263	24.35833773495988	25.733226640014422	0.0
37.0	25.685783958680585	24.255228974194345	24.178688114975756	25.88029895214931	0.0
38.0	25.758845687934695	24.281480591199067	24.212846845536117	25.74682687533012	0.0
39.0	25.890420057500528	24.298243671937023	24.115114921988418	25.696221348574035	0.0
40.0	25.739552330858935	24.233089056238555	24.24415901521645	25.783199597686064	0.0
41.0	25.990049688301585	24.08633302864589	24.21917253638063	25.704444746671896	0.0
42.0	25.686416527765036	24.28179687574129	24.196083764798164	25.835702831695507	0.0
43.0	25.68483510505391	24.245107868843128	24.213163130078343	25.85689389602462	0.0
44.0	25.76422252515253	24.259973242327728	24.181850960398013	25.793953272121733	0.0
45.0	25.780036752263808	24.195134911171486	24.20841886194496	25.816409474619746	0.0
46.0	25.63264815558669	24.37668223840896	24.218223682753955	25.77244592325039	0.0
47.0	25.787943865819447	24.238149608914163	24.329239557075127	25.644666968191267	0.0
48.0	25.792055564868377	24.214744552789472	24.217274829127273	25.775925053214877	0.0
49.0	25.706342453925252	24.21411198370502	24.278001461234584	25.801544101135143	0.0
50.0	25.88599207390937	24.198297756593742	24.243210161589772	25.67250000790711	0.0
51.0	25.752122262565948	24.28235264349784	24.295320268714494	25.670204825221717	0.0
52.0	25.69171210606885	24.25799881077388	24.331376592487633	25.718912490669638	0.0
53.0	25.637311336867274	24.42562908796478	24.166592867173563	25.770466707994384	0.0
54.0	25.702149462950548	24.40001012107334	24.143504168617085	25.754336247359035	0.0
55.0	25.840049087205696	24.173234821552825	24.25799881077388	25.728717280467595	0.0
56.0	25.788178586339082	24.109029262553292	24.27792467391167	25.824867477195955	0.0
57.0	25.64237187353719	24.267803600571842	24.13591336361221	25.953911162278757	0.0
58.0	25.734328990774035	24.224079855016083	24.211744835896802	25.829846318313077	0.0
59.0	25.779557394211395	24.2765827569084	24.190553905614966	25.753305943265236	0.0
60.0	25.893102826617074	24.197828404069924	24.233884613803202	25.6751841555098	0.0
61.0	25.67233761263612	24.215223943853523	24.362927890743357	25.749510552766996	0.0
62.0	25.70143560645596	24.2417916773412	24.175372343622005	25.88140037258083	0.0
63.0	25.757101333763476	24.27278736641016	24.226926397889763	25.7431849019366	0.0
64.0	25.872544461418272	24.298089969731762	24.120339181397526	25.70902638745244	0.0
65.0	25.737175533647715	24.238628851926002	24.27595019182536	25.748245422600917	0.0
66.0	25.970592049289472	24.066887431880648	24.224712420099124	25.737808098730756	0.0
67.0	25.68087724125716	24.297141122107202	24.184228254784564	25.837753381851076	0.0
68.0	25.68720289208756	24.225977550265203	24.24558706783944	25.841232489807798	0.0
69.0	25.777343416420756	24.246535915464	24.196246991362326	25.779873676752917	0.0
70.0	25.764375832218438	24.209530858106163	24.210795988272242	25.815297321403158	0.0
71.0	25.6356488378198	24.367672128866158	24.209214575564644	25.787464457749397	0.0
72.0	25.785566762500277	24.236731156676882	24.32782052863464	25.6498815521882	0.0
73.0	25.791892413330675	24.207000597774	24.218386769268722	25.782720219626597	0.0
74.0	25.740022076521395	24.198144686611446	24.26804312828736	25.793790108579795	0.0
75.0	25.884563197996037	24.206368032690964	24.24274052496576	25.66632824434724	0.0
76.0	25.78833174138291	24.272078032981838	24.28314788692302	25.656442338712225	0.0
77.0	25.69914034677108	24.25563139284065	24.321101671864227	25.724126588524044	0.0
78.0	25.622600213806322	24.43180021127607	24.18383548299354	25.761764091924068	0.0
79.0	25.720014928488744	24.403651154111344	24.157900396617052	25.718433520782856	0.0
80.0	25.822173866288818	24.161379493569996	24.272078032981838	25.744368607159352	0.0
81.0	25.811736575429983	24.100020874581716	24.275240848393604	25.81300170159469	0.0
82.0	25.61690714606514	24.2644872759936	24.15916552278176	25.9594400551595	0.0
83.0	25.741756938404365	24.206847473709182	24.225508025618726	25.82588756226773	0.0
84.0	25.763580295722306	24.303313038665298	24.198624179647346	25.73448248596505	0.0
85.0	25.911283308294458	24.190400885585515	24.25334071321262	25.64497509290741	0.0
86.0	25.668696133470387	24.216019609393534	24.351071400332096	25.764212856803987	0.0
87.0	25.744287182731085	24.219814975883608	24.15814027041986	25.87775757096545	0.0
88.0	25.75662212382383	24.269787301336283	24.235629002925595	25.737961571914287	0.0
89.0	25.912232149916974	24.284652486755753	24.07938641575077	25.7237289475765	0.0
90.0	25.76073377085475	24.22835455048628	24.264410532142012	25.74650114651696	0.0
91.0	25.958092828338735	24.05566537518779	24.25302443267178	25.733217363801693	0.0
92.0	25.68957064916581	24.288447853245827	24.19229856883055	25.82968292875781	0.0
93.0	25.683561318889854	24.214754487230174	24.24290345536491	25.858780738515065	0.0
94.0	25.78129200600933	24.243536016446587	24.206214912627498	25.76895706491658	0.0
95.0	25.771803589784138	24.206214912627498	24.238159247252312	25.783822250336048	0.0
96.0	25.61018423341504	24.403257689570648	24.218866134261088	25.767691942753224	0.0
97.0	25.80090139954139	24.235312722384755	24.331145726259194	25.632640151814662	0.0
98.0	25.799003716296355	24.19830789910651	24.21949869534277	25.78318968925437	0.0
99.0	25.735747608128413	24.187238080177117	24.26377797106033	25.813236340634145	0.0
100.0	25.89388787854827	24.212224242903453	24.22961967264964	25.664268205898633	0.0
101.0	25.756540660897727	24.284259399827942	24.28584079753049	25.67335914174384	0.0
102.0	25.68000101209453	24.266547745559436	24.32664085825616	25.726810384089877	0.0
103.0	25.635721876423258	24.408557259248013	24.208352310105763	25.747368554222966	0.0
104.0	25.73187085673802	24.400017711654268	24.149208036030565	25.718903395577147	0.0
105.0	25.823591923485655	24.165338292596527	24.255477961641617	25.7555918222762	0.0
106.0	25.79322908759678	24.10619401852133	24.28900359293558	25.81157330094631	0.0
107.0	25.63983351044988	24.272557056829108	24.15901270178635	25.928596730934668	0.0
108.0	25.752031298924337	24.207010630121736	24.22725245669356	25.813705614260368	0.0
109.0	25.755510362866367	24.270266338158688	24.227885013773932	25.74633828520101	0.0
110.0	25.894672920547666	24.201950173478778	24.258880310712037	25.64449659526151	0.0
111.0	25.676440727820175	24.185503689389172	24.39962426109426	25.738431321696392	0.0
112.0	25.73273830797306	24.23104779917578	24.167159534058456	25.869054358792702	0.0
113.0	25.75013362768323	24.265838438596102	24.210805972603954	25.773221961116715	0.0
114.0	25.917128696900786	24.271215173779243	24.10516894018224	25.70648718913773	0.0
115.0	25.749817349143044	24.236108255818735	24.27880585874368	25.73526853629454	0.0
116.0	25.959193742745363	24.062471337257296	24.269317502538136	25.709017417459208	0.0
117.0	25.691622097749047	24.287345379328666	24.204796680340444	25.816235842581847	0.0
118.0	25.658412851029645	24.22978268501504	24.270582616698874	25.841221847256442	0.0
119.0	25.77448707527746	24.2535035755289	24.207643187202105	25.764366161991543	0.0
120.0	25.784291710023183	24.19467576705453	24.22725245669356	25.793780066228727	0.0
121.0	25.631529175113936	24.38570800532613	24.21048969406377	25.772273125496163	0.0
122.0	25.796310294550207	24.249391954506493	24.334154603276012	25.62014314766729	0.0
123.0	25.79472890184928	24.197522273916192	24.234210584577625	25.7735382396569	0.0
124.0	25.750766184763595	24.19214553873305	24.269950059618505	25.78713821688485	0.0
125.0	25.86873808025252	24.22567106399264	24.231364077715963	25.674226778038882	0.0
126.0	25.77551743332827	24.26749658418096	24.291850108800162	25.665135873690602	0.0
127.0	25.672094023581803	24.24757097312889	24.33043621274227	25.74989879054704	0.0
128.0	25.626866049289003	24.421524720408886	24.217524416780527	25.734084813521584	0.0
129.0	25.73914528616973	24.418678204544307	24.116947522898638	25.72522898638733	0.0
130.0	25.85205708213147	24.14098476797733	24.250417488993474	25.756540660897727	0.0
131.0	25.793626947102076	24.09425160117024	24.308689807859572	25.803431643868112	0.0
132.0	25.624733138293664	24.272317545663004	24.168261247726733	25.934688068316596	0.0
133.0	25.740889510206404	24.217993889440624	24.23001258800534	25.81110401234763	0.0
134.0	25.75132680106524	24.272394314523016	24.24329641273476	25.73298247167699	0.0
135.0	25.891439523806515	24.19079367689943	24.2698640621936	25.64790273710046	0.0
136.0	25.647586455559278	24.188895987652366	24.422944328123123	25.74057322866523	0.0
137.0	25.73076850088875	24.221789267934746	24.167388842852354	25.880053388324146	0.0
138.0	25.776313042818195	24.231593995711222	24.214831074028858	25.77726188744173	0.0
139.0	25.904407066994757	24.261008179040655	24.123741990169968	25.710842763794616	0.0
140.0	25.75480589801818	24.220840423311216	24.26828265448772	25.756071024182887	0.0
141.0	25.961654025947738	24.051629798781686	24.258794208252418	25.727921967018162	0.0
142.0	25.686172803582835	24.298329400899505	24.20028212313473	25.81521567238293	0.0
143.0	25.67067500806518	24.210403132452385	24.274292003770075	25.84462985571236	0.0
144.0	25.77979213977114	24.231593995711222	24.23665450037005	25.75195936414759	0.0
145.0	25.780424702853495	24.20787288012297	24.22906374338181	25.782638673641728	0.0
146.0	25.63873057240633	24.381511446228977	24.19648674464061	25.783271236724083	0.0
147.0	25.7816898290182	24.224952083346512	24.35209726289954	25.641260824735745	0.0
148.0	25.79623877991233	24.20123096775826	24.235389374205344	25.767140878124074	0.0
149.0	25.73749181618924	24.20415405490032	24.26488030287216	25.793473826038277	0.0
150.0	25.875391004291952	24.213642531145922	24.238945134467524	25.6720213300946	0.0
151.0	25.789127436964694	24.261161646192576	24.295003985172627	25.654706931670102	0.0
152.0	25.677479346684716	24.252621990562098	24.311134445807976	25.758764216945206	0.0
153.0	25.615487772478275	24.431005908176562	24.219095935123917	25.734410384221245	0.0
154.0	25.72365674379768	24.40601950836886	24.144136735700823	25.726187012132634	0.0
155.0	25.84795617575244	24.147299571119518	24.246296319724706	25.75844793340334	0.0
156.0	25.78478102039719	24.094556426743754	24.310895053626044	25.80976749923301	0.0
157.0	25.621578196608795	24.259340673243276	24.183116098566913	25.93596503158101	0.0
158.0	25.759876016067306	24.2088117152165	24.225891134516242	25.805421134199957	0.0
159.0	25.78264857513363	24.25277540563621	24.23031913211247	25.73425688711769	0.0
160.0	25.92054907170193	24.18066230192618	24.27491539361736	25.62387323275453	0.0
161.0	25.621659233956418	24.198374292311097	24.40269475282285	25.77727172090964	0.0
162.0	25.72666603409558	24.21545371161084	24.159154885030205	25.89872536926337	0.0
163.0	25.806369990827722	24.20723028750356	24.236961128506813	25.749438593161905	0.0
164.0	25.89145080178385	24.251510263465857	24.124363475345543	25.732675459404753	0.0
165.0	25.766834298004238	24.185722870607584	24.285985387607933	25.761457443780245	0.0
166.0	25.950596198247776	24.04371066198564	24.276496821330294	25.72919631843628	0.0
167.0	25.712433184679128	24.30148337919474	24.19521143688522	25.790871999240917	0.0
168.0	25.673213777398235	24.206597716418383	24.2711199671063	25.84906853907708	0.0
169.0	25.78992314261315	24.22778884777177	24.213555998355314	25.768732011259765	0.0
170.0	25.795299996837144	24.211974570642376	24.203434860992505	25.789290571527975	0.0
171.0	25.663092640035423	24.354935635892083	24.207546573046145	25.77442515102635	0.0
172.0	25.800676851061137	24.219565423664484	24.332479362368346	25.647278362906036	0.0
173.0	25.80826770408325	24.177815732042887	24.239807698390106	25.774108865483758	0.0
174.0	25.728645123335937	24.236405213667375	24.255066119701805	25.779883543294886	0.0
175.0	25.844089711515046	24.23071205589416	24.251270681186327	25.673927551404468	0.0
176.0	25.773323043445256	24.26463146175451	24.30132081678095	25.66072467801928	0.0
177.0	25.682232230965816	24.240277320917993	24.331368133397437	25.746122314718754	0.0
178.0	25.62909592368614	24.395258217150374	24.210862579388174	25.764783279775312	0.0
179.0	25.749285190152072	24.386085878393764	24.13748386933529	25.727145062118872	0.0
180.0	25.85271121682144	24.120404341995393	24.25735684825789	25.76952759292528	0.0
181.0	25.767395079182837	24.110991975759646	24.31151891247347	25.810094032584047	0.0
182.0	25.631074716842683	24.259331302760884	24.18184060955128	25.927753370845153	0.0
183.0	25.75830418198035	24.20943428452142	24.238849212122744	25.79341232137548	0.0
184.0	25.79784037499288	24.263519796562566	24.21860668130033	25.72003314714422	0.0
185.0	25.912653479501273	24.21038315315372	24.275855088782475	25.601108278562528	0.0
186.0	25.64222591929556	24.1834985419052	24.397942852805173	25.77633268599407	0.0
187.0	25.72730780665853	24.213862338138824	24.1800193569201	25.878810498282544	0.0
188.0	25.79689150636058	24.21797410221213	24.222402155829535	25.762732235597756	0.0
189.0	25.89936931864906	24.239165501666847	24.12972931940816	25.73173586027593	0.0
190.0	25.765262551950556	24.188875464154904	24.28218087966448	25.763681104230056	0.0
191.0	25.949659356161003	24.047177748397992	24.271427035165072	25.73173586027593	0.0
192.0	25.71560509352682	24.313493544530402	24.182865962817	25.788035399125775	0.0
193.0	25.685873876381393	24.201843335463018	24.285027485561383	25.827255302594203	0.0
194.0	25.79594263772828	24.19488496549281	24.21987183947673	25.789300557302177	0.0
195.0	25.80543132405129	24.186661437346206	24.212913469506525	25.79499376909598	0.0
196.0	25.65487750105957	24.37232339973305	24.19615012366921	25.77664897553817	0.0
197.0	25.826622723506006	24.22145328719723	24.328359153103115	25.623564836193648	0.0
198.0	25.807645350859993	24.196782702757414	24.23157455260844	25.763997393774158	0.0
199.0	25.734347571679344	24.198756978160137	24.259484762703018	25.807410687457498	0.0
200.0	25.868476737823297	24.237325126440346	24.256303039312748	25.637895096423613	0.0
201.0	25.762454531077022	24.268227107385734	24.30017396805314	25.669144393484107	0.0
202.0	25.66694713135237	24.23404672583839	24.34380752952787	25.755198613281372	0.0
203.0	25.619345859429366	24.410704118428544	24.236730562409058	25.733219459733032	0.0
204.0	25.735922108979103	24.380484225043812	24.152416380395657	25.73117728558143	0.0
205.0	25.84205331949945	24.14624270874192	24.258853896473624	25.752850075285004	0.0
206.0	25.784410794327634	24.108512664133947	24.322665747210788	25.784410794327634	0.0
207.0	25.612336892052195	24.2723606168446	24.18189007512851	25.933412415974693	0.0
208.0	25.756367915575296	24.214528843842135	24.236039934707513	25.79306330587506	0.0
209.0	25.807798649819997	24.24155188449444	24.223519958494936	25.727129507190625	0.0
210.0	25.9042967143517	24.209274221612013	24.27033046295183	25.61609860108446	0.0
211.0	25.619269973236147	24.19439540901872	24.41647843390341	25.76985618384172	0.0
212.0	25.71941080444934	24.188527390759653	24.214469205168115	25.877592599622893	0.0
213.0	25.79741965692447	24.19625287109041	24.248454514967634	25.75787295701748	0.0
214.0	25.876993166287015	24.26695773221969	24.137876486965325	25.71817261452797	0.0
215.0	25.742715221311734	24.19147657164552	24.31391780301832	25.751890404024426	0.0
216.0	25.95330000632791	24.058723027273302	24.269126115294565	25.718850851104218	0.0
217.0	25.704142910478456	24.32211809224889	24.207265755019648	25.766473242253003	0.0
218.0	25.684209860215528	24.19334425959792	24.299021065753752	25.823424814432794	0.0
219.0	25.803818334841516	24.200611287944465	24.228138229543053	25.767432147670966	0.0
220.0	25.77646433453146	24.206766060851518	24.225117703639953	25.79165190097707	0.0
221.0	25.64152053814951	24.386323509868816	24.223688956670863	25.74846699531081	0.0
222.0	25.8285291195474	24.237601331468603	24.324931496446673	25.608938052537322	0.0
223.0	25.806706788424176	24.174940988109025	24.26480359956714	25.753548623899658	0.0
224.0	25.733072179171163	24.21392702660798	24.2730980625441	25.779902731676756	0.0
225.0	25.86582791976635	24.235587465627937	24.247611754691846	25.650972859913868	0.0
226.0	25.776533130814506	24.265869248781723	24.29529776596418	25.662299854439592	0.0
227.0	25.63794238266417	24.248772214065113	24.37218368690193	25.741101716368792	0.0
228.0	25.60092654709315	24.396225459792667	24.256673797197575	25.74617419591661	0.0
229.0	25.727033954621692	24.392898958893706	24.1568304800481	25.723236606436505	0.0
230.0	25.822927412770643	24.14827566565192	24.271374594153276	25.757422327424162	0.0
231.0	25.77618425258148	24.13631602431638	24.310049651741608	25.777450071360537	0.0
232.0	25.613688650913453	24.270329969398638	24.18488666103374	25.931094718654172	0.0
233.0	25.77247813263459	24.21961037481487	24.240180255446273	25.767731237104268	0.0
234.0	25.788780799635436	24.25299214542048	24.25330860712545	25.70491844781863	0.0
235.0	25.91743990278112	24.189842652252615	24.280035950732305	25.612681494233957	0.0
236.0	25.581667658265506	24.21072952137423	24.437320404572326	25.770282415787943	0.0
237.0	25.716654746156426	24.1966314536904	24.207075086555562	25.879638713597608	0.0
238.0	25.7945173398148	24.233016222648413	24.2456753318269	25.72679110570989	0.0
239.0	25.87221814315011	24.280325087981367	24.150568397599816	25.696888371268706	0.0
240.0	25.73646698399838	24.193272736479642	24.31353807980555	25.756722199716425	0.0
241.0	25.936218159720465	24.06852939687041	24.273940345368917	25.72131209804021	0.0
242.0	25.74033981565887	24.290046085283095	24.20901701610453	25.760597082953506	0.0
243.0	25.663248994166004	24.224217886909756	24.29923996619258	25.81329315273166	0.0
244.0	25.780483326685534	24.2207829208532	24.252755671206163	25.745978081255107	0.0
245.0	25.761537828374603	24.20173866794988	24.260939488530237	25.77578401514528	0.0
246.0	25.611281197265818	24.39900839947697	24.257803471868243	25.73190693138897	0.0
247.0	25.805746853478983	24.230190770205017	24.376790944352095	25.587271431963902	0.0
248.0	25.780629063055134	24.189763871780826	24.291409517958982	25.73819754720506	0.0
249.0	25.724835020076252	24.22006611863355	24.303347730813563	25.751751130476634	0.0
