# Position (bp)	A	C	G	T	N
0.0	26.122934440414085	23.722756315405277	23.873542517481336	26.280766726699305	0.0
1.0	26.32727088247977	23.871851457271138	23.70584571330329	26.095031946945806	0.0
2.0	26.08843920861282	23.914097288766133	23.821656050955415	26.175807451665634	0.0
3.0	26.160770399262745	23.943364268422254	23.74946805362583	26.14639727868917	0.0
4.0	26.177861446631983	23.8336931219317	23.808611253586143	26.179834177850175	0.0
5.0	26.11465865604094	23.858570373835462	23.81235522541157	26.214415744712028	0.0
6.0	26.13541258654553	23.837958018547585	23.80047961090086	26.22614978400602	0.0
7.0	26.10978049536476	23.86232353687058	23.814139592549804	26.213756375214853	0.0
8.0	26.201404914665382	23.780139026252687	23.87143312003201	26.147022939049926	0.0
9.0	26.205443054737664	23.829917923084942	23.683684078543635	26.280954943633756	0.0
10.0	26.149589638549465	23.826884662089252	23.77786104904897	26.245664650312317	0.0
11.0	26.140855546571025	23.847170295071436	23.77138091629077	26.24059324206677	0.0
12.0	26.132121454592582	23.927467592292587	23.84238063172842	26.09803032138641	0.0
13.0	26.227069486745314	23.80293634537417	23.747996089380752	26.221998078499766	0.0
14.0	26.256934446413528	23.808007753619716	23.877598744544713	26.05745905542204	0.0
15.0	26.19438707805179	23.81054345774249	23.77729755924391	26.21777190496181	0.0
16.0	26.192133118831546	23.81730533540322	23.90464625518763	26.085915290577606	0.0
17.0	26.14846265893934	23.84378935624107	23.89957484694208	26.108173137877504	0.0
18.0	26.273275650760286	23.827729896796843	23.734190589156764	26.164803863286103	0.0
19.0	26.327652416948645	23.670797986087436	23.72263904815302	26.278910548810895	0.0
20.0	26.044988899282117	23.829634972332727	23.857527639097068	26.267848489288088	0.0
21.0	26.21544408506418	23.829634972332727	23.81385730224381	26.14106364035928	0.0
22.0	26.222132064361443	23.662212304857537	23.771528711052508	26.34412691972851	0.0
23.0	26.144370909439246	23.789278539893445	23.839147106637025	26.227203444030284	0.0
24.0	26.1987473692218	23.77519137414667	23.8095640585688	26.216497198062733	0.0
25.0	26.127184567228177	23.734056850166088	23.864785748296157	26.27397283430957	0.0
26.0	26.344690406358385	23.86957538465006	23.697430219224476	26.08830398976708	0.0
27.0	26.098165005789824	23.89634099956893	23.81012754519867	26.19536644944257	0.0
28.0	26.157331101926278	23.931840657250806	23.750116219117412	26.160712021705507	0.0
29.0	26.170573037728246	23.824214710945448	23.819425074591543	26.185787176734763	0.0
30.0	26.09534757264047	23.84393674299093	23.830413063874026	26.230302620494573	0.0
31.0	26.120140984354794	23.825623427520124	23.81012754519867	26.244108042926413	0.0
32.0	26.10605381860802	23.858305652052643	23.809845801883736	26.225794727455604	0.0
33.0	26.201846545686085	23.77124696773757	23.880845117247482	26.14606136932886	0.0
34.0	26.207199668669862	23.818016358016866	23.68897791977641	26.285806053536863	0.0
35.0	26.142680449549633	23.832948753708447	23.781671470390187	26.242699326351733	0.0
36.0	26.142398706234697	23.846190689510415	23.78082624044538	26.230584363809506	0.0
37.0	26.140989989660017	23.926205790952096	23.833230497023383	26.099573722364504	0.0
38.0	26.230584363809506	23.787588080003832	23.7571598019908	26.224667754195863	0.0
39.0	26.26495704823164	23.804492678899962	23.883662550396835	26.046887722471567	0.0
40.0	26.179870567121117	23.814917181552573	23.789278539893445	26.21593371143286	0.0
41.0	26.188041123254248	23.829849577244154	23.91465431503974	26.067454984461857	0.0
42.0	26.15169623562757	23.848726379344836	23.900567149292964	26.09901023573463	0.0
43.0	26.277917240718672	23.819143331276607	23.736592540000505	26.166346888004217	0.0
44.0	26.338492053429803	23.66869240110105	23.721096657679055	26.27171888779009	0.0
45.0	26.053857900342038	23.814568342283355	23.863028055920253	26.268545701454354	0.0
46.0	26.219522502775167	23.831754636073185	23.809215234381604	26.139507626770047	0.0
47.0	26.226773916350883	23.674193866482597	23.751109358051476	26.347922859115048	0.0
48.0	26.145068815416906	23.79421584233733	23.835350134531673	26.22536520771409	0.0
49.0	26.191837942158426	23.77872004733261	23.811120345978843	26.218321664530126	0.0
50.0	26.12591037795653	23.726316086043926	23.86493301590432	26.28284052009523	0.0
51.0	26.351303759843354	23.849437220899603	23.71532815867694	26.083930860580107	0.0
52.0	26.086184794398974	23.91677349373829	23.8114020877062	26.185639624156536	0.0
53.0	26.15154887514615	23.923817036922255	23.76125206023638	26.163382027695214	0.0
54.0	26.15633848451125	23.82098130643639	23.82661614098356	26.196064068068804	0.0
55.0	26.083930860580107	23.833096200712806	23.836758843168468	26.246214095538623	0.0
56.0	26.113795483680107	23.829151816529787	23.804640286249594	26.25241241354051	0.0
57.0	26.09886317213011	23.85000070435432	23.818163889162804	26.23297223435277	0.0
58.0	26.21015115443673	23.76745037823827	23.87704791018074	26.145350557144265	0.0
59.0	26.224238240804652	23.806612478341105	23.682364376575993	26.28678490427825	0.0
60.0	26.144505331962193	23.820136081254315	23.787454040880725	26.247904545902774	0.0
61.0	26.14591404059898	23.84013974389677	23.783509656697703	26.23043655880654	0.0
62.0	26.14675926578106	23.92888838801471	23.813656021525066	26.110696324679168	0.0
63.0	26.23466268471692	23.78660881569865	23.75589896741657	26.222829532167864	0.0
64.0	26.275515235183907	23.79027145815431	23.89141673827602	26.04279656838576	0.0
65.0	26.18902052488484	23.80773944525054	23.78266443151563	26.220575598348994	0.0
66.0	26.191837942158426	23.823235240255258	23.908039500190174	26.076887317396142	0.0
67.0	26.15774719314804	23.847183287080735	23.910293434009045	26.08477608576218	0.0
68.0	26.289320579824476	23.82267175680054	23.733923112682604	26.15408455069238	0.0
69.0	26.355529885753732	23.675039091664672	23.710820291039205	26.258610731542397	0.0
70.0	26.073432956927444	23.809926296571778	23.86514751955282	26.251493226947957	0.0
71.0	26.225573061058892	23.826267270719228	23.805418441634547	26.14274122658733	0.0
72.0	26.228316574490684	23.674905687488202	23.756046847750444	26.34073089027067	0.0
73.0	26.150556295906036	23.792391325784575	23.84225933052908	26.21479304778031	0.0
74.0	26.197043418972942	23.767879933622023	23.82141056018392	26.21366608722111	0.0
75.0	26.14802063464784	23.724773692232706	23.856628077658854	26.270577595460605	0.0
76.0	26.355663117680038	23.86620724241203	23.69688141839256	26.08124822151537	0.0
77.0	26.094771748225742	23.92142830981273	23.798307868720364	26.185492073241168	0.0
78.0	26.15900850010002	23.922837010511724	23.75379292663205	26.164361562756206	0.0
79.0	26.14154061143245	23.82648188270031	23.83690626787289	26.195071237994348	0.0
80.0	26.08124822151537	23.840005409410683	23.848175873464868	26.23057049560908	0.0
81.0	26.113366597452504	23.823382741162515	23.82563666228091	26.237613999104063	0.0
82.0	26.090263905988948	23.859727219196646	23.818311418646125	26.23169745616828	0.0
83.0	26.21028520554352	23.7794312793538	23.884238611359198	26.126044903743484	0.0
84.0	26.212539126661916	23.798871348999963	23.699417079650758	26.28917244468737	0.0
85.0	26.132524926958865	23.834088866474897	23.799153089139764	26.234233117426477	0.0
86.0	26.14182235157225	23.84564021220667	23.782530420891597	26.23000701532948	0.0
87.0	26.150556295906036	23.92086482953313	23.82112882004412	26.10745005451672	0.0
88.0	26.2212730709957	23.787601743407986	23.757455548449443	26.23366963714687	0.0
89.0	26.2711410757402	23.788165223687585	23.90396042114516	26.036733279427054	0.0
90.0	26.184083372542172	23.801407010258156	23.785911302569186	26.228598314630485	0.0
91.0	26.191972096456556	23.83662452773309	23.918610908414735	26.052792467395626	0.0
92.0	26.170559845831797	23.834088866474897	23.91494828659734	26.08040300109597	0.0
93.0	26.286355043289372	23.824227961581915	23.734634597125687	26.154782398003025	0.0
94.0	26.34805613390545	23.69209183601597	23.710968425382532	26.248883604696044	0.0
95.0	26.085119091221564	23.802185170367782	23.856279124804896	26.256416613605754	0.0
96.0	26.23472268396171	23.811482568786662	23.815426919631033	26.138367827620602	0.0
97.0	26.223379228543497	23.67110968363578	23.77084513113521	26.334665956685516	0.0
98.0	26.148155035090536	23.784932058748122	23.86015625220108	26.206756653960255	0.0
99.0	26.20281231422864	23.76859122271714	23.820712854884924	26.20788360816929	0.0
100.0	26.141111571284082	23.73111999526679	23.864664069037214	26.263104364411916	0.0
101.0	26.350443315611976	23.86889014732109	23.699565277413864	26.081101259653067	0.0
102.0	26.11012033053567	23.915658746995963	23.79338421531587	26.180836707152494	0.0
103.0	26.14928198929957	23.937634354072106	23.758730373388104	26.154353283240216	0.0
104.0	26.146182865224727	23.828319795795895	23.833391089736548	26.19210624924283	0.0
105.0	26.073494318742096	23.84268846196107	23.85226757273785	26.23154964655899	0.0
106.0	26.122516826835035	23.819022423571372	23.8249389331688	26.233521816424794	0.0
107.0	26.107866422117603	23.84635106314043	23.82296676330299	26.222815751438976	0.0
108.0	26.200276667258315	23.763519928776493	23.891147492949493	26.145055911015696	0.0
109.0	26.206474915408002	23.814514606735244	23.702382662936447	26.27662781492031	0.0
110.0	26.143647218254408	23.826911103034607	23.79535638518168	26.234085293529315	0.0
111.0	26.15350806758344	23.838462383677196	23.782678150330057	26.225351398409302	0.0
112.0	26.149845466404088	23.916503962652737	23.835644998154613	26.098005572788562	0.0
113.0	26.23126790800673	23.79056682979329	23.75478603365649	26.223379228543497	0.0
114.0	26.26817565835256	23.797892032152003	23.897345741099173	26.03658656839626	0.0
115.0	26.18365409267508	23.802399848988138	23.79169378400232	26.222252274334462	0.0
116.0	26.203657529885415	23.824657194616538	23.931999583026943	26.0396856924711	0.0
117.0	26.168158472300874	23.828319795795895	23.915377008443706	26.08814472345952	0.0
118.0	26.292405173846774	23.811133744108144	23.74605213853648	26.1504089435086	0.0
119.0	26.35269722403005	23.698720061757093	23.70041049307064	26.248172221142223	0.0
120.0	26.077793868224873	23.80077647363765	23.861350433033373	26.260079225104104	0.0
121.0	26.22063571666037	23.814581701592953	23.821061706551568	26.143720875195104	0.0
122.0	26.232260936447876	23.66504478259522	23.76365383152503	26.33904044943187	0.0
123.0	26.163798082476607	23.772387775858814	23.85212023542206	26.211693906242516	0.0
124.0	26.207749544285324	23.762808611105633	23.8309897249371	26.198452119671945	0.0
125.0	26.147457154368244	23.736325037964484	23.860854179755844	26.255363627911432	0.0
126.0	26.35115527544325	23.860572439616046	23.715194527479525	26.07307775746118	0.0
127.0	26.094771748225742	23.929317033727113	23.803942671516353	26.171968546530795	0.0
128.0	26.16238938177761	23.92903529358731	23.75379292663205	26.154782398003025	0.0
129.0	26.14210409171205	23.808732253892945	23.84225933052908	26.206904323865928	0.0
130.0	26.07589515885918	23.845921952346472	23.857755038218052	26.2204278505763	0.0
131.0	26.13224318681907	23.815212277108333	23.82169230032372	26.23085223574888	0.0
132.0	26.10688657423712	23.859163738917047	23.82169230032372	26.212257386522115	0.0
133.0	26.190845135897355	23.759709469567838	23.898325618349173	26.151119776185634	0.0
134.0	26.203805182328132	23.80535137221535	23.71153190566213	26.279311539794385	0.0
135.0	26.134215367797665	23.837751488292287	23.783657381450794	26.244375762459253	0.0
136.0	26.168305924713398	23.834934086894293	23.782812161031394	26.21394782736091	0.0
137.0	26.156754578981623	23.924245711210723	23.820001859484925	26.098997850322736	0.0
138.0	26.24099488078166	23.776613877955807	23.760836430127036	26.221554811135494	0.0
139.0	26.268887154621805	23.813521836269537	23.887056012757192	26.030534996351467	0.0
140.0	26.184365112681967	23.79520872718257	23.791827845504976	26.228598314630485	0.0
141.0	26.208313024564923	23.81014095459194	23.943685780856885	26.037860239986248	0.0
142.0	26.173940727509386	23.830707984797304	23.91494828659734	26.08040300109597	0.0
143.0	26.29283506650476	23.823946221442117	23.74308680131967	26.140131910733455	0.0
144.0	26.357917038798433	23.693782276854765	23.698853599371155	26.249447084975642	0.0
145.0	26.087520003606286	23.802319291365205	23.857540514346248	26.252620190682265	0.0
146.0	26.22106520612167	23.82373160231704	23.812461964973966	26.14274122658733	0.0
147.0	26.241987969628244	23.656444137659008	23.76322425232789	26.33834364038486	0.0
148.0	26.167889895332948	23.772521729330723	23.85169115471847	26.20789722061786	0.0
149.0	26.224238240804652	23.76294251060053	23.820136081254315	26.192683167340498	0.0
150.0	26.144223590234834	23.719554284587318	23.862397340358093	26.273824784819755	0.0
151.0	26.350176792933915	23.864651274176964	23.731387437136377	26.05378449575274	0.0
152.0	26.103089298040487	23.92071787792131	23.802104610703367	26.174088213334834	0.0
153.0	26.170989054333894	23.919309169284517	23.761815543691096	26.147886232690492	0.0
154.0	26.139433980869736	23.810838604251483	23.854508571992056	26.195218842886725	0.0
155.0	26.07885950948765	23.846619803626016	23.848591995717523	26.225928691168804	0.0
156.0	26.134926113231998	23.802386352430727	23.833096200712806	26.22959133362447	0.0
157.0	26.0968909800386	23.857889472720355	23.835350134531673	26.20986941270937	0.0
158.0	26.206206770253708	23.748010199050533	23.890853254821305	26.154929775874457	0.0
159.0	26.217194697620695	23.799005451702424	23.713074224858072	26.270725625818812	0.0
160.0	26.142814881598035	23.84211193598828	23.782100948060915	26.23297223435277	0.0
161.0	26.170425570879175	23.837604068350544	23.789426232972236	26.20254412779805	0.0
162.0	26.164227252877286	23.9187456858298	23.82267175680054	26.09435530449237	0.0
163.0	26.23635313508107	23.773930437967515	23.76885908687506	26.220857340076353	0.0
164.0	26.279459619366925	23.797596743065633	23.890853254821305	26.032090382746137	0.0
165.0	26.190710975248987	23.80154112724865	23.788862749517516	26.218885147984842	0.0
166.0	26.210714637891446	23.80154112724865	23.94917379238452	26.038570442475383	0.0
167.0	26.17127079606125	23.82520743234677	23.926916195923198	26.076605575668783	0.0
168.0	26.304252891374475	23.815628213616577	23.7387127220477	26.141406172961247	0.0
169.0	26.354402918844293	23.694197529125052	23.704621973037316	26.246777578993335	0.0
170.0	26.093865338344596	23.786957575211165	23.858801918103083	26.260375168341156	0.0
171.0	26.234173113874693	23.803862126479853	23.820484935227395	26.141479824418063	0.0
172.0	26.237627946682895	23.665593224636762	23.76533035812393	26.331448470556413	0.0
173.0	26.16550165805941	23.767302561328478	23.856051705533158	26.211144075078955	0.0
174.0	26.223822524251055	23.762512924974573	23.821960764425963	26.19170378634841	0.0
175.0	26.148033572533407	23.71630702132515	23.861686571831868	26.27397283430957	0.0
176.0	26.36497592503374	23.842528026416254	23.732366390276475	26.060129658273535	0.0
177.0	26.109434738387243	23.903666325757257	23.8095640585688	26.1773348772867	0.0
178.0	26.179025337176316	23.908174218796223	23.77096522442264	26.141835219604825	0.0
179.0	26.138172556510664	23.80759185536425	23.858023908737707	26.19621167938738	0.0
180.0	26.087458759822272	23.840555823211705	23.84900812265977	26.222977294306247	0.0
181.0	26.131692460267146	23.808155341994123	23.828159117354545	26.231993080384186	0.0
182.0	26.105772075293082	23.868730154705254	23.830694807188962	26.1948029628127	0.0
183.0	26.222695550991315	23.74279089292909	23.88450778034164	26.150005775737956	0.0
184.0	26.202691775630893	23.805619652159706	23.712080871601117	26.27960770060828	0.0
185.0	26.15535889872173	23.8270321440948	23.78646110674409	26.231147850439378	0.0
186.0	26.166065144689277	23.846190689510415	23.78477064685448	26.202973518945825	0.0
187.0	26.155922385351605	23.920570924653386	23.821960764425963	26.101545925569052	0.0
188.0	26.23383136440604	23.77025393668065	23.75982937528703	26.236085323626284	0.0
189.0	26.294688263352594	23.778142793951503	23.880979683375077	26.046189259320823	0.0
190.0	26.180018088022745	23.789694334955243	23.81026171283996	26.220025864182052	0.0
191.0	26.22939734595554	23.79201532696588	23.93147944665145	26.047107880427127	0.0
192.0	26.176429155044655	23.817935931028654	23.916546924745724	26.089087989180964	0.0
193.0	26.312512326374215	23.811174034316625	23.728904290986954	26.147409348322203	0.0
194.0	26.368297974248446	23.68157101400276	23.69340433324881	26.256726678499987	0.0
195.0	26.107193269639843	23.779685514567703	23.860828503728914	26.25229271206354	0.0
196.0	26.228062513911233	23.79968951536786	23.829554643323032	26.142693327397875	0.0
197.0	26.241660280394896	23.66620835775143	23.763129423432357	26.329001938421314	0.0
198.0	26.174886174097285	23.778343776765993	23.855542532569988	26.19122751656674	0.0
199.0	26.231235630888516	23.77411756750665	23.820042374791505	26.174604426813325	0.0
200.0	26.161644051751342	23.70847045034486	23.868221160348014	26.261664337555786	0.0
201.0	26.37310312572198	23.8480697384807	23.73086220789686	26.047964927900463	0.0
202.0	26.11924739241419	23.903292517313467	23.795100950620693	26.182359139651645	0.0
203.0	26.17559716673335	23.905546508286236	23.76467207248835	26.15418425249207	0.0
204.0	26.15587474572164	23.803835165640162	23.853141218169423	26.187148870468775	0.0
205.0	26.094318783739617	23.842569113387654	23.846795370276453	26.216316732596272	0.0
206.0	26.138063749038526	23.824040707421045	23.82713997120502	26.210755572335408	0.0
207.0	26.12792070392733	23.854469842754625	23.833338498772974	26.18427095454507	0.0
208.0	26.218510598133104	23.761625826592397	23.869818917449233	26.150044657825262	0.0
209.0	26.210903271432233	23.804452258389897	23.70499350559702	26.279650964580853	0.0
210.0	26.15990600725232	23.82727423849251	23.798535448733663	26.214284305521513	0.0
211.0	26.172450615492547	23.85304816028446	23.784863588593456	26.189637635629538	0.0
212.0	26.15851029959117	23.947852596522566	23.822471169315644	26.071165934570615	0.0
213.0	26.229304962300937	23.769849767268873	23.770976794509124	26.229868475921066	0.0
214.0	26.27776713363162	23.79210855526378	23.890159925165392	26.039964385939207	0.0
215.0	26.185632656741316	23.809577477487633	23.810704504727877	26.19408536104318	0.0
216.0	26.222616682867727	23.796965470605638	23.941507121423438	26.038910725103193	0.0
217.0	26.179226011861996	23.81809729090064	23.924038149979573	26.078638547257793	0.0
218.0	26.298972993533663	23.820914866939972	23.725117281602635	26.15499485792373	0.0
219.0	26.354760999112465	23.682571883408706	23.7070847949509	26.255582322527932	0.0
220.0	26.105197315405988	23.787170976630957	23.856201784094175	26.25142992386888	0.0
221.0	26.219872983314268	23.787734493426576	23.83957803862344	26.152814484635716	0.0
222.0	26.231780746267397	23.64692192171039	23.777094668270816	26.3442026637514	0.0
223.0	26.165567336220423	23.76018911676946	23.880218532429073	26.19402501458104	0.0
224.0	26.217974545874622	23.762161431111288	23.83006539630839	26.189798626705702	0.0
225.0	26.15091585825259	23.711163017415533	23.857959556285625	26.279961568046257	0.0
226.0	26.353218957885456	23.84837974376819	23.74694643476007	26.051454863586287	0.0
227.0	26.117104755249876	23.92501824390766	23.79033735028021	26.16753965056225	0.0
228.0	26.17204779762928	23.92501824390766	23.75314513697723	26.14978882148583	0.0
229.0	26.140772527351775	23.80527058743974	23.864721776886167	26.189235108322322	0.0
230.0	26.085902984401766	23.830977819853935	23.8659160580651	26.217203137679203	0.0
231.0	26.134439338312987	23.825691511392996	23.83245377010011	26.20741538019391	0.0
232.0	26.12147834245769	23.86711034597406	23.822592142818905	26.18881916874935	0.0
233.0	26.234478328125395	23.74424849326725	23.855827019472706	26.165446159134646	0.0
234.0	26.21264845522041	23.79791775263803	23.69507332948254	26.29436046265902	0.0
235.0	26.16925656161508	23.828348431270342	23.792564207323085	26.209830799791494	0.0
236.0	26.177709527901833	23.846099660472518	23.79510009720911	26.181090714416534	0.0
237.0	26.157422408813623	23.942463476141505	23.825812541384312	26.07430157366056	0.0
238.0	26.23892658296328	23.766708743772963	23.76473637941528	26.229628293848478	0.0
239.0	26.294998083988908	23.801647769537677	23.8667357933413	26.036618353132113	0.0
240.0	26.181278195276857	23.796884113713787	23.810691169964862	26.211146521044487	0.0
241.0	26.211039756988963	23.787692212319058	23.955072263660213	26.046195767031765	0.0
242.0	26.175219094316226	23.82759883901147	23.923126778820414	26.074055287851888	0.0
243.0	26.286912340324804	23.80763172058919	23.7419722088367	26.16348373024931	0.0
244.0	26.35436745460079	23.67184065469548	23.724820488541702	26.24897140216203	0.0
245.0	26.121693255890634	23.77163985199088	23.87309317078257	26.23357372133591	0.0
246.0	26.21278778433191	23.79045326824924	23.850483198665252	26.146275748753606	0.0
247.0	26.212473084337624	23.662953902348285	23.79682761575144	26.32774539756265	0.0
248.0	26.165995873778197	23.767488528877916	23.883045286975342	26.18347031036854	0.0
249.0	26.222512838146343	23.772977604410347	23.832729240534157	26.17178031690915	0.0
