# Position (bp)	A	C	G	T	N
0.0	26.285057939196555	23.79825237354425	23.825877084575232	26.09081260268396	0.0
1.0	26.16583550211547	23.889559313162447	23.904970994053418	26.039634190668664	0.0
2.0	26.06685508915175	23.86568500878142	23.876152924619376	26.19130697744746	0.0
3.0	26.12205022039753	23.920982542654773	23.905862923203962	26.051104313743735	0.0
4.0	26.109521649628416	23.896874963655605	23.742774734540546	26.25082865217543	0.0
5.0	26.10931821485681	23.818287541793865	23.82468382032272	26.247710423026604	0.0
6.0	26.086905959448536	23.891579785904092	23.884602189802244	26.136912064845124	0.0
7.0	26.073494781521646	23.857022414745472	23.681716428758325	26.387766374974564	0.0
8.0	26.111881484582355	23.902508510446555	23.746689574375925	26.238920430595165	0.0
9.0	26.251758741380716	23.83748648240096	23.84417260665822	26.06658216956011	0.0
10.0	26.111337209302327	23.817732558139536	23.88924418604651	26.181686046511626	0.0
11.0	26.027616279069765	23.906395348837208	23.87296511627907	26.19302325581395	0.0
12.0	26.181686046511626	23.815988372093024	23.80058139534884	26.20174418604651	0.0
13.0	26.186046511627907	23.815406976744185	23.878488372093024	26.120058139534883	0.0
14.0	26.321802325581395	23.769767441860466	23.816860465116278	26.091569767441857	0.0
15.0	26.183720930232557	23.85174418604651	23.757267441860467	26.207267441860466	0.0
16.0	26.172093023255815	23.855232558139537	23.905813953488373	26.06686046511628	0.0
17.0	26.135755813953487	23.941860465116278	23.77325581395349	26.149127906976744	0.0
18.0	26.002325581395347	23.957267441860466	23.870058139534883	26.1703488372093	0.0
19.0	26.328488372093023	23.709883720930232	23.739825581395348	26.221802325581393	0.0
20.0	26.111476096069207	23.81352433997477	23.867884489043668	26.20711507491236	0.0
21.0	26.089383201260457	23.908581926849262	23.780094301777314	26.221940570112967	0.0
22.0	26.177464084511136	23.85712873762362	23.910326102755217	26.055081075110024	0.0
23.0	26.17048738088732	23.894047127632977	23.81526851588072	26.12019697559898	0.0
24.0	26.15188283789048	23.748408439485814	23.814396427927743	26.285312294695963	0.0
25.0	26.298393613990616	23.80073371666444	23.82893122714403	26.07194144220092	0.0
26.0	26.185022180103605	23.87457049668316	23.890268079836748	26.050139243376492	0.0
27.0	26.08182510566799	23.844628810297614	23.87718676054209	26.196359323492306	0.0
28.0	26.142580566392056	23.906837750943307	23.894047127632977	26.056534555031657	0.0
29.0	26.11612723181842	23.896081999523258	23.740268951924698	26.24752181673362	0.0
30.0	26.119034191661676	23.820501043598583	23.804803460444997	26.25566130429474	0.0
31.0	26.102464520555113	23.894047127632977	23.881837896291298	26.121650455520605	0.0
32.0	26.06758100243603	23.855965953686315	23.71003656955483	26.366416474322822	0.0
33.0	26.122231847489257	23.89114016778972	23.752768879250702	26.23385910547032	0.0
34.0	26.266126359730467	23.83212888297161	23.847826466125195	26.053918291172728	0.0
35.0	26.117580711740047	23.807710420288252	23.895500607554606	26.17920826041709	0.0
36.0	26.042290451799698	23.89724478346056	23.859163609513896	26.201301155225842	0.0
37.0	26.190836099790115	23.821954523520212	23.79055935721304	26.196650019476632	0.0
38.0	26.187347747978208	23.816431299818024	23.857419433607944	26.138801518595823	0.0
39.0	26.294614566194387	23.77224551020052	23.827187051238074	26.105952872367023	0.0
40.0	26.18647566002523	23.846663682187895	23.76701298248266	26.199847675304213	0.0
41.0	26.17571990860518	23.862070569357154	23.896954087476235	26.06525543456143	0.0
42.0	26.128045767175774	23.9463724048116	23.787361701385457	26.13822012662717	0.0
43.0	26.000139534072474	23.962360683949512	23.872826320777204	26.164673461200806	0.0
44.0	26.319323724862066	23.70305986593101	23.74695495956419	26.230661449642735	0.0
45.0	26.120335810048722	23.80292089626865	23.859896977942118	26.216846315740515	0.0
46.0	26.090103603446472	23.910768479436285	23.791583818792805	26.207544098324437	0.0
47.0	26.16888175718887	23.86280392088464	23.915710282438578	26.052604039487914	0.0
48.0	26.178183974604945	23.899140707666188	23.809606865036454	26.11306845269241	0.0
49.0	26.14126579923489	23.74623550888943	23.817164916687013	26.295333775188663	0.0
50.0	26.300566272485206	23.78983965302729	23.82995546563412	26.079638608853383	0.0
51.0	26.17992814037046	23.856117952116836	23.90902431367077	26.05492959384193	0.0
52.0	26.07760374879362	23.844199486052485	23.87966418995128	26.198532575202616	0.0
53.0	26.137486773409613	23.908152230788012	23.899722096254695	26.054638899547676	0.0
54.0	26.12992872175905	23.89332682178114	23.73286357135382	26.243880885105987	0.0
55.0	26.111905675515402	23.821816025395055	23.815711445215754	26.250566853873792	0.0
56.0	26.108417343984375	23.879082801362774	23.885187381542075	26.127312473110777	0.0
57.0	26.07847583167637	23.854083092057067	23.688678038627458	26.378763037639096	0.0
58.0	26.130800804641808	23.893036127486887	23.76164230648481	26.214520761386495	0.0
59.0	26.261613237055382	23.836641434401926	23.847397123289262	26.054348205253426	0.0
60.0	26.12498691875676	23.81367658515599	23.889547795955863	26.171788700131394	0.0
61.0	26.043592516366086	23.88664085301334	23.877629329891512	26.192137300729062	0.0
62.0	26.19475354937733	23.816583528098512	23.795072150323833	26.193590772200327	0.0
63.0	26.187486192021026	23.837513517284684	23.851176149114544	26.12382414157975	0.0
64.0	26.290973360774878	23.77501424402042	23.843618097463985	26.090394297740726	0.0
65.0	26.183997860489995	23.851176149114544	23.776177021197427	26.18864896919803	0.0
66.0	26.173242171602656	23.860769060824875	23.88082696712829	26.08516180044418	0.0
67.0	26.131382193230312	23.941000686038535	23.769781746723876	26.157835374007277	0.0
68.0	26.001441843699492	23.944779711863813	23.877338635597262	26.17643980883943	0.0
69.0	26.327600841850675	23.701177893280313	23.756409809188263	26.21481145568075	0.0
70.0	26.11756771684215	23.809177746899763	23.863827956489132	26.20942657976896	0.0
71.0	26.097800619756633	23.900455224618174	23.783015412521873	26.21872874310332	0.0
72.0	26.172217926431518	23.864700034301727	23.9184781660785	26.04460387318826	0.0
73.0	26.181810782370075	23.886501979616632	23.80539874304518	26.126288494968108	0.0
74.0	26.145764899449432	23.742609140538246	23.821386836276112	26.290239123736214	0.0
75.0	26.29866920925798	23.796387272315016	23.8234216845055	26.0815218339215	0.0
76.0	26.190822253100237	23.860048952634546	23.907141154514747	26.04198763975047	0.0
77.0	26.08530083777609	23.841735318570027	23.900745917222373	26.172217926431518	0.0
78.0	26.142276588199042	23.912373621390326	23.91092015836933	26.034429632041302	0.0
79.0	26.11756771684215	23.889118213054424	23.74871368522642	26.24460038487701	0.0
80.0	26.11698633163375	23.818770602838324	23.828072766172685	26.236170299355244	0.0
81.0	26.11000970913298	23.8719673494067	23.895804142950993	26.122218798509326	0.0
82.0	26.057685040377205	23.846677092841404	23.700749405533625	26.394888461247767	0.0
83.0	26.11407940559176	23.907722539723146	23.771097015749724	26.207101038935367	0.0
84.0	26.26669302279611	23.83388661825666	23.85743271919676	26.04198763975047	0.0
85.0	26.136753428719267	23.805689435649377	23.897838991180386	26.159718144450967	0.0
86.0	26.033557554228704	23.88330436097045	23.894059987325804	26.189078097475043	0.0
87.0	26.21204281320675	23.830688999610473	23.785340953355465	26.17192723382732	0.0
88.0	26.199252338622003	23.83563077388185	23.85016540409179	26.114951483404358	0.0
89.0	26.30709929477974	23.77487601960431	23.827491380964286	26.090533304651665	0.0
90.0	26.186461864037252	23.859176874821948	23.77429463439591	26.180066626744882	0.0
91.0	26.15739260361738	23.855979256175765	23.91615262524491	26.07047551496195	0.0
92.0	26.13297442486468	23.930687255454846	23.783306105126073	26.153032214554393	0.0
93.0	26.000418597350045	23.938245263164013	23.876037045865477	26.18529909362046	0.0
94.0	26.322796695406474	23.702202868554618	23.7533647668936	26.221635669145304	0.0
95.0	26.12206692867608	23.81398107020767	23.865724052929004	26.198227948187252	0.0
96.0	26.090963000860445	23.906711471826235	23.79712099718611	26.205204530127208	0.0
97.0	26.170030929513267	23.86368921652985	23.92153670844864	26.044743145508242	0.0
98.0	26.169449547684938	23.88927001697635	23.81339968837934	26.127880746959377	0.0
99.0	26.13776423804098	23.740145578009813	23.814271761121837	26.307818422827378	0.0
100.0	26.311016022883187	23.802353433641077	23.80613241552522	26.080498127950513	0.0
101.0	26.181658566079857	23.85758470733239	23.912815981023698	26.04794074556406	0.0
102.0	26.08834678263296	23.834910816027534	23.894211762517152	26.182530638822353	0.0
103.0	26.155787074719193	23.90089765354294	23.9177577265645	26.025557545173367	0.0
104.0	26.120032092276922	23.882293435036395	23.752935978233065	26.244738494453618	0.0
105.0	26.13485732889933	23.81223692472268	23.833166670542546	26.219739075835445	0.0
106.0	26.098811655542892	23.88374688960722	23.88432827143555	26.13311318341434	0.0
107.0	26.06276598218646	23.842178088881656	23.710495104765005	26.38456082416688	0.0
108.0	26.129624892444365	23.901188344457104	23.774447105881258	26.194739657217276	0.0
109.0	26.259854421990187	23.809039324666866	23.867758889328154	26.06334736401479	0.0
110.0	26.131078347015187	23.807295179181878	23.91601358107951	26.145612892723424	0.0
111.0	26.04270830910909	23.872700634868956	23.90089765354294	26.183693402479015	0.0
112.0	26.21625078486547	23.82560870677426	23.792469942559475	26.1656705658008	0.0
113.0	26.183112020650682	23.83171321597172	23.85409641636241	26.131078347015187	0.0
114.0	26.31973675030813	23.75206390549057	23.838689797911677	26.08950954628962	0.0
115.0	26.199681402758074	23.844503616194974	23.782586451477872	26.17322852956908	0.0
116.0	26.143868747238436	23.85351503453408	23.937234017813537	26.065382200413943	0.0
117.0	26.129915583358525	23.931710890444407	23.787237506104507	26.151136020092558	0.0
118.0	25.998813981070207	23.954094090835095	23.880549289551407	26.166542638543287	0.0
119.0	26.325841259505594	23.7113671775075	23.76311016022883	26.199681402758074	0.0
120.0	26.127451265384906	23.808596361691368	23.85481648575897	26.20913588716476	0.0
121.0	26.1059400126742	23.890280983471218	23.795224501898225	26.20855450195636	0.0
122.0	26.166985459555935	23.8716766568025	23.926326866391864	26.035011017249698	0.0
123.0	26.191694330912835	23.87836258669907	23.817898525025726	26.112044557362374	0.0
124.0	26.132393039656286	23.740864984913053	23.81906129544252	26.307680679988138	0.0
125.0	26.30535513915455	23.80249181700319	23.822258914088707	26.06989412975355	0.0
126.0	26.195182642163218	23.857723411800958	23.91295500659872	26.034138939437103	0.0
127.0	26.085882222984484	23.828363458776884	23.910629465765133	26.175124852473502	0.0
128.0	26.155939140596384	23.89987383940978	23.917315395661703	26.02687162433213	0.0
129.0	26.11698633163375	23.8713859641983	23.77051563054133	26.24111207362662	0.0
130.0	26.14721836247042	23.80539874304518	23.829235536589476	26.21814735789492	0.0
131.0	26.103614471840608	23.882141590553655	23.906559769306348	26.10768416829939	0.0
132.0	26.060667722852866	23.837153529745205	23.708376331739363	26.393802415662567	0.0
133.0	26.10572520748245	23.907501344457202	23.77058472987311	26.216188718187233	0.0
134.0	26.2408976613712	23.819711922791818	23.883664481620904	26.055725934216074	0.0
135.0	26.14300996500041	23.796816316089348	23.91280333949605	26.14737037941419	0.0
136.0	26.031964744595992	23.87443169265474	23.91745444820409	26.176149114545176	0.0
137.0	26.20202090673364	23.814839362332997	23.79972325903187	26.183416471901488	0.0
138.0	26.196207020848593	23.808734782153696	23.848850594760528	26.146207602237183	0.0
139.0	26.31422890431507	23.756700503482516	23.855536563528332	26.073534028674082	0.0
140.0	26.18952105208079	23.83606004581342	23.786932710084766	26.187486192021026	0.0
141.0	26.13552788783819	23.853571044438564	23.924791353563776	26.086109714159473	0.0
142.0	26.1244814725453	23.930023866070936	23.800083138809836	26.14541152257393	0.0
143.0	26.012854539059255	23.937872634831674	23.886419595177948	26.162853230931127	0.0
144.0	26.326805289488753	23.71113042618814	23.76723458807045	26.194829696252647	0.0
145.0	26.123470571306477	23.804291266595154	23.866500388080265	26.2057377740181	0.0
146.0	26.106319458373665	23.886558469306777	23.79847733000776	26.208644742311794	0.0
147.0	26.177830878398613	23.842953944901325	23.926965328589162	26.052249848110907	0.0
148.0	26.187423873767806	23.88277941052497	23.81679123025805	26.11300548544917	0.0
149.0	26.13779069767442	23.71627906976744	23.842732558139534	26.303197674418605	0.0
150.0	26.30058139534884	23.792732558139534	23.82325581395349	26.08343023255814	0.0
151.0	26.210174418604655	23.850290697674417	23.919767441860465	26.019767441860463	0.0
152.0	26.08023255813953	23.831686046511628	23.900290697674418	26.18779069767442	0.0
153.0	26.158139534883723	23.892732558139535	23.925	26.024127906976744	0.0
154.0	26.1203488372093	23.87063953488372	23.781395348837208	26.227616279069764	0.0
155.0	26.136627906976745	23.799999999999997	23.838953488372095	26.224418604651163	0.0
156.0	26.103197674418606	23.884883720930233	23.892732558139535	26.11918604651163	0.0
157.0	26.06199436626269	23.830301832272767	23.713441027444848	26.394262774019694	0.0
158.0	26.124203849429794	23.884371756894645	23.77216212837828	26.21926226529728	0.0
159.0	26.248622815764	23.805592458117612	23.882918264297277	26.06286646182111	0.0
160.0	26.13125657707312	23.796940679887673	23.934150779946396	26.137651963092807	0.0
161.0	26.024569910290175	23.860603840720003	23.911185530148433	26.20364071884139	0.0
162.0	26.21526869342264	23.804498863365485	23.796649980523142	26.183582462688737	0.0
163.0	26.207129111215764	23.79374298687783	23.8521735591486	26.146954342757805	0.0
164.0	26.313815777998713	23.740835702533154	23.863220135000784	26.082128384467353	0.0
165.0	26.179221972220766	23.834150198547665	23.79868487607486	26.187942953156707	0.0
166.0	26.15575135829673	23.8426497905505	23.94701116579505	26.05458768535772	0.0
167.0	26.138890746140227	23.917359744416373	23.792649354500185	26.15110015494321	0.0
168.0	26.00836635203214	23.937127358668825	23.881312918426616	26.173193370872422	0.0
169.0	26.347032096210143	23.710381195184844	23.76299793312151	26.17958877548351	0.0
170.0	26.122763412258898	23.818660154944112	23.86023052660649	26.198345906190497	0.0
171.0	26.10997252867048	23.870405093097283	23.811101905550952	26.20852047268129	0.0
172.0	26.169566418116542	23.863718949403335	23.91866160845361	26.048053024026512	0.0
173.0	26.18003168650707	23.87912615008939	23.824764894838587	26.11607726856495	0.0
174.0	26.143769949475864	23.724832409867613	23.837625074855957	26.293772565800566	0.0
175.0	26.287377105414627	23.813206044291473	23.817857288208515	26.08155956208539	0.0
176.0	26.20423612039745	23.833845939173358	23.93384768338983	26.028070257039364	0.0
177.0	26.078652534637232	23.830357506235575	23.902451786949772	26.188538172177424	0.0
178.0	26.18127060355704	23.869311674040826	23.91320778850794	26.036209933894195	0.0
179.0	26.128072001255838	23.861171997186	23.781228742361783	26.229527259196384	0.0
180.0	26.143188543986234	23.78413576980994	23.85099740111746	26.22167828508637	0.0
181.0	26.095222591091705	23.878032756385288	23.903614597929035	26.123130054593975	0.0
182.0	26.061576834412325	23.831589596299924	23.713273235211183	26.393560334076565	0.0
183.0	26.11593840572337	23.871125284526137	23.791181797304013	26.221754512446477	0.0
184.0	26.25634823964441	23.80251923731006	23.873160209655428	26.067972313390097	0.0
185.0	26.135782227493664	23.8075304076839	23.92671922602851	26.129968138793924	0.0
186.0	26.046826670387684	23.86305495476639	23.910149073234262	26.179969301611667	0.0
187.0	26.227644828949508	23.793285890369543	23.789506732714713	26.189562547966233	0.0
188.0	26.20816763180539	23.780204190795136	23.85549663945673	26.156131537942745	0.0
189.0	26.313111932835646	23.73921486546199	23.867124816856204	26.080548384846157	0.0
190.0	26.200609316495733	23.836600851182585	23.782239121840043	26.180550710481636	0.0
191.0	26.16783578640139	23.83928649296057	23.92533525586425	26.067542464773787	0.0
192.0	26.141963016474268	23.930858656185773	23.78899447950673	26.13818384783323	0.0
193.0	26.01899468300043	23.93638205650729	23.88405510609289	26.16056815439939	0.0
194.0	26.35475928149283	23.69887584268193	23.755854077577613	26.19051079824763	0.0
195.0	26.118858451869098	23.819657023916463	23.866170139161426	26.19531438505301	0.0
196.0	26.126126126126124	23.87489134826986	23.791749154769484	26.207233370834533	0.0
197.0	26.202000645369473	23.85570468823131	23.91210184046583	26.030192825933383	0.0
198.0	26.183395399271486	23.883031143437726	23.820238437857025	26.11333501943376	0.0
199.0	26.144516669186135	23.715652871611802	23.83833156970592	26.301498889496145	0.0
200.0	26.291048420856782	23.803142006604958	23.824073212707567	26.081736359830686	0.0
201.0	26.209649286013303	23.832213126191913	23.93832271268431	26.01981487511047	0.0
202.0	26.092657088534732	23.825070207978417	23.902110018663986	26.180162684822868	0.0
203.0	26.1977579831151	23.870270018838525	23.90922622508547	26.022745772960903	0.0
204.0	26.127985673419076	23.837709607647046	23.79555550387236	26.238749215061517	0.0
205.0	26.15298741772682	23.77055375956462	23.85515268507105	26.221306137637512	0.0
206.0	26.11577551922227	23.87346791636626	23.895853199060397	26.114903365351072	0.0
207.0	26.06468493349807	23.830220219492695	23.72003779344429	26.385057053564942	0.0
208.0	26.112223924552218	23.896933770964583	23.77890125097028	26.211941053512923	0.0
209.0	26.28012245218347	23.78834262190708	23.8732334993357	26.058301426573756	0.0
210.0	26.14617553856441	23.792772625519667	23.923307265168475	26.13774457074745	0.0
211.0	26.05852870034422	23.855126058237975	23.9115266536422	26.174818587775604	0.0
212.0	26.22511396408968	23.783607777467672	23.7966903898037	26.19458786863894	0.0
213.0	26.20667399305737	23.787511411144255	23.852053424506195	26.153761171292178	0.0
214.0	26.307710198860335	23.746656587975345	23.875159902314223	26.0704733108501	0.0
215.0	26.20378069415452	23.834305351234743	23.786334378034528	26.175579576576208	0.0
216.0	26.15995604101676	23.837572719845795	23.945435039845098	26.057036199292355	0.0
217.0	26.15704870085505	23.937294487392318	23.782333256773374	26.123323554979255	0.0
218.0	26.012553894818247	23.930026136988054	23.9018249374195	26.155595030774197	0.0
219.0	26.345888270267913	23.706008053379076	23.747001788024598	26.201101888328417	0.0
220.0	26.126243992638532	23.821859381950443	23.86081819318337	26.19107843222766	0.0
221.0	26.118836694761754	23.87898276207948	23.800773947451816	26.201406595706946	0.0
222.0	26.197197840377495	23.862840130368166	23.907904951024715	26.03205707822962	0.0
223.0	26.16405339163655	23.879993836295498	23.825625310729208	26.130327461338744	0.0
224.0	26.14888556791552	23.72144140581842	23.840647551040583	26.289025475225476	0.0
225.0	26.286714465979333	23.801092057289395	23.8231890631451	26.08900441358617	0.0
226.0	26.202396943635193	23.830167064994274	23.930475841576097	26.036960149794442	0.0
227.0	26.069524158423903	23.822316812913954	23.905180584872852	26.202978443789288	0.0
228.0	26.207782843319688	23.86054382210644	23.91142538146632	26.020247953107557	0.0
229.0	26.12753535541496	23.850367510234463	23.793670915519165	26.228426218831412	0.0
230.0	26.138583922590247	23.773027540007444	23.861997580945292	26.226390956457013	0.0
231.0	26.12288332713063	23.87537216226275	23.894561778935618	26.10718273167101	0.0
232.0	26.071066166956935	23.818592574716586	23.711885745188745	26.39845551313773	0.0
233.0	26.119622135706667	23.88401229309197	23.7810852695147	26.215280301686665	0.0
234.0	26.27213016564369	23.785003387307338	23.887058741433602	26.05580770561537	0.0
235.0	26.146890355595616	23.788270869072196	23.92085598813712	26.143982787195068	0.0
236.0	26.04977757101736	23.861832349606026	23.915913121856192	26.172476957520423	0.0
237.0	26.219441278407107	23.789572236049406	23.798876509036777	26.19210997650671	0.0
238.0	26.1954606514192	23.80105022592069	23.8533870658223	26.15010205683781	0.0
239.0	26.310463939707613	23.74507158558286	23.88434654167781	26.06011793303172	0.0
240.0	26.22232948449172	23.82695623602481	23.7783974435395	26.172316835943978	0.0
241.0	26.169096650751094	23.838463730524747	23.952160233557624	26.04027938516653	0.0
242.0	26.170743622849567	23.92870851798862	23.778076328064117	26.122471531097695	0.0
243.0	26.023636702028664	23.933324027545133	23.89988135120045	26.143157919225757	0.0
244.0	26.34407507684791	23.718886410497262	23.744187331508954	26.19285118114587	0.0
245.0	26.13060649949686	23.819079693580193	23.867648512979798	26.182665293943145	0.0
246.0	26.109642349204687	23.88119606662653	23.815174491822923	26.19398709234586	0.0
247.0	26.204222668850036	23.86223826462795	23.92535433712127	26.008184729400746	0.0
248.0	26.15997673065736	23.89150668993601	23.830715532286213	26.11780104712042	0.0
249.0	26.17343273249777	23.70716610577692	23.850854714527966	26.268546447197345	0.0
