# Position (bp)	A	C	G	T	N
0.0	27.44539411206078	17.758784425451093	24.786324786324787	30.009496676163344	0.0
1.0	25.166191832858498	19.943019943019944	26.020892687559353	28.8698955365622	0.0
2.0	25.73599240265907	22.31718898385565	23.076923076923077	28.8698955365622	0.0
3.0	28.39506172839506	18.51851851851852	24.786324786324787	28.300094966761634	0.0
4.0	27.065527065527068	19.37321937321937	23.36182336182336	30.1994301994302	0.0
5.0	24.976258309591643	20.03798670465337	23.55175688509022	31.433998100664766	0.0
6.0	27.255460588793923	20.417853751187085	23.55175688509022	28.774928774928775	0.0
7.0	27.825261158594493	21.84235517568851	22.507122507122507	27.825261158594493	0.0
8.0	25.166191832858498	22.697056030389366	22.22222222222222	29.914529914529915	0.0
9.0	27.065527065527068	19.08831908831909	25.356125356125357	28.49002849002849	0.0
10.0	26.590693257359927	19.278252611585945	23.36182336182336	30.76923076923077	0.0
11.0	26.305792972459642	22.507122507122507	22.507122507122507	28.679962013295345	0.0
12.0	26.780626780626783	21.27255460588794	21.74738841405508	30.1994301994302	0.0
13.0	26.495726495726498	20.7977207977208	22.127255460588792	30.57929724596391	0.0
14.0	24.406457739791072	23.55175688509022	25.356125356125357	26.685660018993353	0.0
15.0	29.34472934472934	22.602089268755936	22.22222222222222	25.8309591642925	0.0
16.0	26.21082621082621	22.127255460588792	23.741690408357073	27.92022792022792	0.0
17.0	25.64102564102564	22.88698955365622	24.311490978157646	27.160493827160494	0.0
18.0	29.34472934472934	23.931623931623932	20.892687559354226	25.8309591642925	0.0
19.0	27.730294396961064	20.60778727445394	22.127255460588792	29.534662867996204	0.0
20.0	28.01519468186135	23.266856600189932	20.60778727445394	28.110161443494775	0.0
21.0	27.44539411206078	24.501424501424502	22.31718898385565	25.73599240265907	0.0
22.0	29.34472934472934	21.082621082621085	19.848053181386515	29.72459639126306	0.0
23.0	28.01519468186135	23.076923076923077	20.322886989553655	28.584995251661923	0.0
24.0	28.679962013295345	19.08831908831909	22.981956315289647	29.24976258309592	0.0
25.0	22.981956315289647	24.596391263057928	19.753086419753085	32.668566001899336	0.0
26.0	26.875593542260205	22.697056030389366	20.892687559354226	29.534662867996204	0.0
27.0	28.49002849002849	21.74738841405508	20.322886989553655	29.439696106362774	0.0
28.0	28.39506172839506	19.08831908831909	23.646723646723647	28.8698955365622	0.0
29.0	26.020892687559353	25.166191832858498	20.98765432098765	27.825261158594493	0.0
30.0	28.8698955365622	21.65242165242165	21.082621082621085	28.39506172839506	0.0
31.0	27.825261158594493	22.127255460588792	20.417853751187085	29.629629629629626	0.0
32.0	27.160493827160494	23.171889838556506	21.17758784425451	28.49002849002849	0.0
33.0	28.300094966761634	22.127255460588792	22.507122507122507	27.065527065527068	0.0
34.0	29.154795821462486	21.937321937321936	20.70275403608737	28.205128205128204	0.0
35.0	27.9296875	22.8515625	20.41015625	28.80859375	0.0
36.0	32.62626262626262	21.11111111111111	19.8989898989899	26.36363636363636	0.0
37.0	27.377220480668758	19.74921630094044	22.361546499477534	30.51201671891327	0.0
38.0	24.350649350649352	24.242424242424242	22.07792207792208	29.329004329004327	0.0
39.0	27.39420935412027	21.603563474387528	21.158129175946545	29.84409799554566	0.0
40.0	26.620370370370374	22.22222222222222	19.90740740740741	31.25	0.0
41.0	24.75845410628019	23.91304347826087	21.618357487922705	29.71014492753623	0.0
42.0	29.060913705583758	24.238578680203045	19.923857868020303	26.776649746192895	0.0
43.0	29.84293193717277	23.69109947643979	18.717277486910994	27.748691099476442	0.0
44.0	26.83923705722071	21.525885558583106	20.29972752043597	31.33514986376022	0.0
45.0	27.221438645980257	23.413258110014105	19.746121297602258	29.619181946403383	0.0
46.0	27.419354838709676	25.513196480938415	21.114369501466275	25.95307917888563	0.0
47.0	26.94063926940639	23.28767123287671	19.025875190258752	30.74581430745814	0.0
48.0	28.503184713375795	21.496815286624205	22.29299363057325	27.70700636942675	0.0
49.0	30.57851239669421	21.15702479338843	19.50413223140496	28.760330578512395	0.0
50.0	28.965517241379313	21.20689655172414	21.379310344827587	28.448275862068968	0.0
51.0	30.505415162454874	22.20216606498195	20.75812274368231	26.534296028880867	0.0
52.0	28.544423440453688	22.873345935727787	19.47069943289225	29.111531190926275	0.0
53.0	30.724070450097845	21.722113502935418	21.722113502935418	25.83170254403131	0.0
54.0	28.973843058350102	20.92555331991952	20.321931589537222	29.77867203219316	0.0
55.0	25.624999999999996	24.166666666666668	20.416666666666668	29.791666666666668	0.0
56.0	30.885529157667385	21.382289416846653	18.142548596112313	29.589632829373652	0.0
57.0	25.842696629213485	23.595505617977526	20.0	30.56179775280899	0.0
58.0	30.913348946135834	22.24824355971897	19.437939110070257	27.400468384074944	0.0
59.0	30.075187969924812	22.305764411027567	19.298245614035086	28.32080200501253	0.0
60.0	28.238341968911918	21.502590673575128	21.502590673575128	28.756476683937827	0.0
61.0	29.347826086956523	22.01086956521739	18.75	29.891304347826086	0.0
62.0	30.704225352112672	18.87323943661972	20.0	30.422535211267604	0.0
63.0	27.6657060518732	21.037463976945244	27.37752161383285	23.919308357348704	0.0
64.0	30.952380952380953	22.023809523809522	16.964285714285715	30.059523809523807	0.0
65.0	32.5	23.125	19.6875	24.6875	0.0
66.0	35.50488599348534	17.58957654723127	21.172638436482085	25.732899022801302	0.0
67.0	27.147766323024054	24.054982817869416	19.243986254295535	29.553264604810998	0.0
68.0	28.832116788321166	22.62773722627737	20.802919708029197	27.73722627737226	0.0
69.0	23.66412213740458	24.80916030534351	20.610687022900763	30.916030534351147	0.0
70.0	29.880478087649404	22.709163346613543	20.318725099601593	27.091633466135455	0.0
71.0	30.29045643153527	19.08713692946058	21.991701244813278	28.63070539419087	0.0
72.0	24.576271186440678	21.1864406779661	17.796610169491526	36.440677966101696	0.0
73.0	26.956521739130434	25.217391304347824	21.304347826086957	26.521739130434785	0.0
74.0	29.68036529680365	21.461187214611872	23.74429223744292	25.11415525114155	0.0
75.0	28.019323671497588	25.120772946859905	18.357487922705314	28.502415458937197	0.0
76.0	25.888324873096447	29.441624365482234	16.751269035532996	27.918781725888326	0.0
77.0	26.42487046632124	23.316062176165804	25.906735751295333	24.352331606217618	0.0
78.0	25.806451612903224	24.731182795698924	23.118279569892472	26.344086021505376	0.0
79.0	29.775280898876407	20.786516853932586	21.34831460674157	28.08988764044944	0.0
80.0	28.160919540229884	22.988505747126435	20.114942528735632	28.735632183908045	0.0
81.0	34.54545454545455	18.181818181818183	16.969696969696972	30.303030303030305	0.0
82.0	26.82926829268293	21.341463414634145	16.463414634146343	35.36585365853659	0.0
83.0	24.22360248447205	29.81366459627329	13.664596273291925	32.298136645962735	0.0
84.0	27.741935483870968	19.35483870967742	24.516129032258064	28.387096774193548	0.0
85.0	36.423841059602644	25.165562913907287	15.2317880794702	23.178807947019866	0.0
86.0	30.201342281879196	17.449664429530202	21.476510067114095	30.87248322147651	0.0
87.0	29.78723404255319	21.27659574468085	26.95035460992908	21.98581560283688	0.0
88.0	23.91304347826087	26.08695652173913	18.84057971014493	31.15942028985507	0.0
89.0	27.06766917293233	17.293233082706767	21.052631578947366	34.58646616541353	0.0
90.0	21.09375	21.875	24.21875	32.8125	0.0
91.0	29.92125984251969	20.47244094488189	18.89763779527559	30.708661417322837	0.0
92.0	28.455284552845526	17.88617886178862	23.577235772357724	30.081300813008134	0.0
93.0	29.75206611570248	19.834710743801654	17.355371900826448	33.057851239669425	0.0
94.0	29.66101694915254	24.576271186440678	18.64406779661017	27.11864406779661	0.0
95.0	27.586206896551722	27.586206896551722	19.82758620689655	25.0	0.0
96.0	28.31858407079646	17.699115044247787	22.123893805309734	31.858407079646017	0.0
97.0	27.522935779816514	20.18348623853211	17.431192660550458	34.862385321100916	0.0
98.0	20.588235294117645	25.49019607843137	28.431372549019606	25.49019607843137	0.0
99.0	34.02061855670103	22.68041237113402	17.525773195876287	25.773195876288657	0.0
100.0	21.875	23.958333333333336	22.916666666666664	31.25	0.0
101.0	26.881720430107524	22.58064516129032	24.731182795698924	25.806451612903224	0.0
102.0	30.337078651685395	30.337078651685395	21.34831460674157	17.97752808988764	0.0
103.0	33.72093023255814	22.093023255813954	18.6046511627907	25.581395348837212	0.0
104.0	27.160493827160494	24.691358024691358	19.753086419753085	28.39506172839506	0.0
105.0	38.15789473684211	15.789473684210526	22.36842105263158	23.684210526315788	0.0
106.0	30.136986301369863	30.136986301369863	16.43835616438356	23.28767123287671	0.0
107.0	32.857142857142854	24.285714285714285	11.428571428571429	31.428571428571427	0.0
108.0	28.35820895522388	22.388059701492537	16.417910447761194	32.83582089552239	0.0
109.0	26.153846153846157	18.461538461538463	15.384615384615385	40.0	0.0
110.0	41.269841269841265	22.22222222222222	23.809523809523807	12.698412698412698	0.0
111.0	36.666666666666664	15.0	23.333333333333332	25.0	0.0
112.0	27.11864406779661	30.508474576271187	16.94915254237288	25.423728813559322	0.0
113.0	16.071428571428573	23.214285714285715	23.214285714285715	37.5	0.0
114.0	18.51851851851852	14.814814814814813	33.33333333333333	33.33333333333333	0.0
115.0	24.074074074074073	27.77777777777778	25.925925925925924	22.22222222222222	0.0
116.0	30.76923076923077	23.076923076923077	25.0	21.153846153846153	0.0
117.0	23.52941176470588	21.568627450980394	33.33333333333333	21.568627450980394	0.0
118.0	38.775510204081634	20.408163265306122	18.367346938775512	22.448979591836736	0.0
119.0	38.63636363636363	20.454545454545457	25.0	15.909090909090908	0.0
120.0	39.53488372093023	16.27906976744186	20.930232558139537	23.25581395348837	0.0
121.0	31.70731707317073	29.268292682926827	17.073170731707318	21.951219512195124	0.0
122.0	22.5	32.5	25.0	20.0	0.0
123.0	34.21052631578947	26.31578947368421	13.157894736842104	26.31578947368421	0.0
124.0	16.666666666666664	25.0	16.666666666666664	41.66666666666667	0.0
125.0	16.666666666666664	38.88888888888889	25.0	19.444444444444446	0.0
126.0	24.242424242424242	30.303030303030305	21.21212121212121	24.242424242424242	0.0
127.0	33.33333333333333	26.666666666666668	26.666666666666668	13.333333333333334	0.0
128.0	39.285714285714285	25.0	17.857142857142858	17.857142857142858	0.0
129.0	46.15384615384615	19.230769230769234	11.538461538461538	23.076923076923077	0.0
130.0	27.27272727272727	22.727272727272727	13.636363636363635	36.36363636363637	0.0
131.0	35.0	35.0	20.0	10.0	0.0
132.0	57.89473684210527	15.789473684210526	21.052631578947366	5.263157894736842	0.0
133.0	11.76470588235294	29.411764705882355	29.411764705882355	29.411764705882355	0.0
134.0	25.0	12.5	31.25	31.25	0.0
135.0	18.75	25.0	18.75	37.5	0.0
136.0	13.333333333333334	20.0	26.666666666666668	40.0	0.0
137.0	16.666666666666664	25.0	33.33333333333333	25.0	0.0
138.0	30.0	40.0	10.0	20.0	0.0
139.0	10.0	20.0	30.0	40.0	0.0
140.0	22.22222222222222	22.22222222222222	33.33333333333333	22.22222222222222	0.0
141.0	37.5	0.0	25.0	37.5	0.0
142.0	33.33333333333333	33.33333333333333	16.666666666666664	16.666666666666664	0.0
143.0	50.0	33.33333333333333	0.0	16.666666666666664	0.0
144.0	20.0	20.0	0.0	60.0	0.0
145.0	25.0	0.0	25.0	50.0	0.0
146.0	0.0	66.66666666666666	0.0	33.33333333333333	0.0
147.0	0.0	50.0	0.0	50.0	0.0
