# Position (bp)	A	C	G	T	N
0.0	25.90999688476347	23.969779181146468	24.149737019595747	25.970486914494316	0.0
1.0	25.87370286692496	24.15094682019036	24.145502717514585	25.829847595370094	0.0
2.0	25.88516384642139	24.017601959805834	24.19271424034841	25.904519953424366	0.0
3.0	25.785476881016393	24.323547824193504	23.99874190631436	25.892233388475738	0.0
4.0	25.88410337673963	24.164282646957428	24.109243545002027	25.84237043130092	0.0
5.0	25.889749397459198	24.179954820780022	24.030264634105773	25.900031147655007	0.0
6.0	25.904825838602473	24.15943199102507	24.020937468816054	25.9148047015564	0.0
7.0	25.86977424875574	24.08970784777363	24.041328261540045	25.999189641930588	0.0
8.0	25.87817694759057	24.151755749194237	23.995742905346162	25.974324397869037	0.0
9.0	26.024241361482904	24.074169254165444	23.990421971417085	25.91116741293457	0.0
10.0	25.874552935734606	24.089621457875435	24.064226091320528	25.97159951506943	0.0
11.0	25.75876215727592	24.136481955685085	24.219621548573173	25.885134338465814	0.0
12.0	25.85822734294931	24.16973779284032	24.053342362796997	25.91869250141337	0.0
13.0	25.944994845345242	23.959016715593055	24.15099359371646	25.944994845345242	0.0
14.0	25.976134401954234	24.02431908673425	24.039133050557943	25.96041346075358	0.0
15.0	25.88845992218134	24.09113308683704	24.020691177226404	25.99971581375522	0.0
16.0	25.956483225453415	24.023412109357288	24.134365675138845	25.88573899005046	0.0
17.0	25.873948284149968	24.14041219098525	23.97080742149355	26.014832103371234	0.0
18.0	25.884227361088858	24.179109892402252	24.051528408043072	25.885134338465814	0.0
19.0	26.02450652872548	23.97262137624747	24.0905284352524	25.912343659774645	0.0
20.0	25.88263748223841	24.16452519877861	24.113734619221816	25.839102699761163	0.0
21.0	25.893521177857725	24.09106025334825	24.073223085527708	25.942195483266318	0.0
22.0	25.99238141306648	23.987362820086464	24.124920639719445	25.895335127127613	0.0
23.0	25.817335308522537	24.134292710947182	24.065967288448167	25.982404692082113	0.0
24.0	26.01142788040028	24.10315324848082	23.93989781419113	25.945521056927774	0.0
25.0	25.93584666082172	23.969223327387613	24.12975783777247	25.965172174018196	0.0
26.0	25.89382350273604	24.1303624875291	24.13912990900021	25.836684100734647	0.0
27.0	25.91014904616501	24.00399068839375	24.175711219276234	25.91014904616501	0.0
28.0	25.81491670949602	24.286966774495873	24.00399068839375	25.894125827614356	0.0
29.0	25.90591649786861	24.15817637633401	24.11192066995193	25.82398645584545	0.0
30.0	25.906521147625238	24.168757747075006	24.02122320645766	25.903497898842097	0.0
31.0	25.92548923575525	24.149335945412385	24.018731992828876	25.906442826003488	0.0
32.0	25.875001133714864	24.097336223550432	24.051382980974754	25.97627966175995	0.0
33.0	25.90734979789643	24.131498831517877	23.987290300540252	25.97386107004544	0.0
34.0	26.050953680945426	24.06438291144024	23.984871708825743	25.899791698788587	0.0
35.0	25.880140641108202	24.074661926226906	24.076778193977102	25.968419238687794	0.0
36.0	25.77281563377684	24.13573136701827	24.178963693915126	25.91248930528976	0.0
37.0	25.8580709917133	24.170196298950028	24.0701270667622	25.90160564257447	0.0
38.0	25.933954306756036	23.959778819787708	24.137847634768463	25.968419238687794	0.0
39.0	25.96388437922309	24.041708614116715	24.035964458794755	25.95844254786544	0.0
40.0	25.875001133714864	24.076778193977102	24.032941219151617	26.015279453156413	0.0
41.0	25.938791490185054	24.04201093808103	24.1342197471967	25.88497782453722	0.0
42.0	25.87107092217879	24.149638269376698	23.99363910379084	25.985651704653673	0.0
43.0	25.884070852644275	24.184405525272773	24.04201093808103	25.889512684001925	0.0
44.0	26.008023678012886	23.97549966593202	24.094917631835923	25.92155902421917	0.0
45.0	25.88580653743364	24.15833262791288	24.107844678509668	25.84801615614381	0.0
46.0	25.89669016724511	24.09786801784915	24.09424014124533	25.911201673660404	0.0
47.0	25.976805775579553	23.985403843130616	24.136263045239623	25.90152733605021	0.0
48.0	25.804481636897926	24.144425767598225	24.066124097565694	25.984968497938155	0.0
49.0	25.990410312843892	24.119937600522416	23.948520430991742	25.941131655641954	0.0
50.0	25.94778276274896	23.959101737752896	24.146239705900136	25.946875793598007	0.0
51.0	25.86615553916293	24.113286493415405	24.151983843856193	25.86857412356548	0.0
52.0	25.88822512183619	23.99568282684145	24.193402101749843	25.922689949572515	0.0
53.0	25.81778385111194	24.2883315395499	24.003240903099414	25.890643706238738	0.0
54.0	25.884899568282684	24.17193716517722	24.103612155805205	25.839551110734888	0.0
55.0	25.905759858754674	24.1634721197683	24.02440351662172	25.906364504855304	0.0
56.0	25.923820868087784	24.132259888201276	24.033400549621646	25.9105186940893	0.0
57.0	25.88965846668259	24.095376587569117	24.029470361849363	25.985494583898927	0.0
58.0	25.8887515002736	24.132562210337603	24.011028711533285	25.96765757785551	0.0
59.0	26.035982380665896	24.08056280288899	23.98502900780898	25.898425808636134	0.0
60.0	25.892984010182207	24.082981379979625	24.05274916634671	25.97128544349146	0.0
61.0	25.76268316942435	24.12651576761102	24.19725914751204	25.913541915452594	0.0
62.0	25.870007527821194	24.151910827062668	24.075423326571393	25.90265831854474	0.0
63.0	25.962215779401582	23.962657169720625	24.13286453247393	25.942262518403858	0.0
64.0	25.96523900076487	24.037935381666582	24.053353810619367	25.943471806949177	0.0
65.0	25.87605397054778	24.079958158616332	24.034005193894302	26.00998267694159	0.0
66.0	25.933797498586642	24.043981824393164	24.122283257702414	25.89993741931778	0.0
67.0	25.9011467078631	24.14132955229115	23.975657021582776	25.98186671826298	0.0
68.0	25.883914346092336	24.177608208650643	24.05909793120962	25.879379514047397	0.0
69.0	26.029028971530327	23.98472668567265	24.097190520387095	25.88905382240993	0.0
70.0	25.877487347856842	24.150326204598908	24.138233355705104	25.833953091839142	0.0
71.0	25.90651018520198	24.091071245019258	24.08955963890753	25.91285893087123	0.0
72.0	25.97725335123075	23.989793635533626	24.138233355705104	25.89471965753052	0.0
73.0	25.801302399825865	24.131884610035854	24.068699474565715	25.99811351557257	0.0
74.0	26.001741370240712	24.09983856046727	23.96379401041194	25.934626058880085	0.0
75.0	25.937649271103535	23.97800310786217	24.146093707486077	25.938253913548227	0.0
76.0	25.89351037264114	24.114954621584523	24.151837810710635	25.8396971950637	0.0
77.0	25.91346357331592	23.99342149020177	24.193255818171924	25.89985911831039	0.0
78.0	25.82004631561126	24.29302182154583	24.010049157430753	25.87688270541215	0.0
79.0	25.883836093526092	24.175721187275904	24.105582663691827	25.834860055506176	0.0
80.0	25.897440548531627	24.18025600561108	24.036048782552438	25.886254663304854	0.0
81.0	25.941803340639407	24.136648779381755	24.022674023127504	25.898873856851335	0.0
82.0	25.87408359156526	24.10581210792835	24.03567379638727	25.984430504119118	0.0
83.0	25.88708336482503	24.136648779381755	24.015116015418336	25.961151840374878	0.0
84.0	26.034917995616357	24.080417202025544	23.9990930390749	25.8855717632832	0.0
85.0	25.895246013150935	24.07799863955861	24.07013831154108	25.956617035749375	0.0
86.0	25.757992593152444	24.11609099841282	24.219786864182602	25.90612954425214	0.0
87.0	25.874688232181995	24.15902048220089	24.057743178898043	25.90854810671907	0.0
88.0	25.95631471544101	23.970977250396796	24.15206711510846	25.92064091905374	0.0
89.0	25.981709621343814	24.042022522862975	24.03295291361197	25.94331494218124	0.0
90.0	25.857153654296727	24.073161514624744	24.039301640087672	26.030383190990854	0.0
91.0	25.919431637820274	24.04323180409644	24.146927669866223	25.890408888217063	0.0
92.0	25.920943239362103	24.131811654447887	23.986093265815132	25.961151840374878	0.0
93.0	25.874688232181995	24.169601692993727	24.04685964779684	25.908850427027435	0.0
94.0	26.027057667598818	23.981860781497996	24.093719295593683	25.897362255309503	0.0
95.0	25.878237840713957	24.16076136116284	24.15018018235906	25.81082061576414	0.0
96.0	25.8761216049532	24.10241371804484	24.107250828355138	25.914213848646817	0.0
97.0	25.981328754202238	23.992671777879895	24.133250296273008	25.89274917164486	0.0
98.0	25.783309550874307	24.15108714054224	24.079739763465305	25.98586354511815	0.0
99.0	25.98102643480785	24.114808813214985	23.957300408735822	25.946864343241348	0.0
100.0	25.92902749897211	23.979974363315357	24.12720390838513	25.963794229327398	0.0
101.0	25.87461000798123	24.118134326553317	24.16862166541708	25.838634000048373	0.0
102.0	25.89516772680001	23.997508888190193	24.194621133334945	25.91270225167485	0.0
103.0	25.839540958231556	24.274433453454904	24.012020219121098	25.874005369192442	0.0
104.0	25.889121338912137	24.159552083585268	24.117832007158924	25.833494570343678	0.0
105.0	25.905144266815007	24.168923984811475	24.0458799912932	25.88005175708032	0.0
106.0	25.92804215528891	24.150711808862162	24.02555195796564	25.895694077883284	0.0
107.0	25.860625134153825	24.091155068218164	24.061830175616805	25.986389622011203	0.0
108.0	25.907182180139486	24.126526330428053	24.015575448111566	25.95071604132089	0.0
109.0	26.034458260399003	24.066667271303626	24.001668798011956	25.897205670285416	0.0
110.0	25.907182180139486	24.06303944953851	24.093875934542	25.935902435779994	0.0
111.0	25.775371322673585	24.102643170474366	24.221756651762366	25.900228855089686	0.0
112.0	25.87150859944918	24.167641643766043	24.078457692040256	25.882392064744526	0.0
113.0	25.949204448918756	23.96266971403695	24.161595274157513	25.92653056288678	0.0
114.0	25.981552526324382	24.03038905365246	24.045807296154205	25.942251123868953	0.0
115.0	25.8660668668015	24.068178863705757	24.051249028801884	26.01450524069086	0.0
116.0	25.91957723783697	24.032807601495872	24.170664828570306	25.876950332096847	0.0
117.0	25.923809696562945	24.131665744595303	23.98080882286253	25.963715735979225	0.0
118.0	25.855485719986575	24.173990331855	24.07906232900111	25.89146161915732	0.0
119.0	26.032342031036016	23.996227065364277	24.091457386698593	25.879973516901117	0.0
120.0	25.871889133431687	24.15108714054224	24.132343338089825	25.844680387936247	0.0
121.0	25.882167992841076	24.09515805257939	24.105134592594386	25.91753936198515	0.0
122.0	25.97891019904709	23.99327641666868	24.134157254456188	25.89365612982804	0.0
123.0	25.81082061576414	24.12478535322998	24.088507025902725	25.97588700510315	0.0
124.0	26.00007255665465	24.111483299876653	23.966369990567635	25.922074152901057	0.0
125.0	25.95049217597407	23.98329987665369	24.116622729581348	25.949585217790894	0.0
126.0	25.89395844922244	24.090925581057874	24.170133262389047	25.844982707330637	0.0
127.0	25.922981111084237	23.97574189179384	24.207923186688273	25.893353810433645	0.0
128.0	25.839843277625945	24.26536387162309	24.015950371248216	25.878842479502744	0.0
129.0	25.89607468498319	24.149575543570272	24.12569231141316	25.828657460033376	0.0
130.0	25.928120540788935	24.14231987810482	24.05041478220911	25.87914479889714	0.0
131.0	25.934099820722974	24.14767831715406	24.05274916634671	25.86547269577626	0.0
132.0	25.87847254763841	24.088423178433548	24.06635366248152	25.96675061144652	0.0
133.0	25.891472399500564	24.128632022565323	24.02402856339544	25.95586701453867	0.0
134.0	26.03356380357526	24.062725796845573	24.025842496213414	25.877867903365754	0.0
135.0	25.91172798263462	24.05214452207405	24.104748573795323	25.931378921496012	0.0
136.0	25.757241370970423	24.10112070815937	24.227793683281284	25.91384423758892	0.0
137.0	25.861542508003975	24.144655095790768	24.09084175552418	25.902960640681073	0.0
138.0	25.958285591629306	23.962354847584294	24.15039921638102	25.92896034440538	0.0
139.0	25.977331886218042	24.03098197253101	24.068469917435824	25.923216223815125	0.0
140.0	25.886937567455625	24.04277253584785	24.055470065573672	26.014819831122853	0.0
141.0	25.91482955026423	24.023194224420447	24.17707665703264	25.884899568282684	0.0
142.0	25.92873641057889	24.128100322881018	24.00021767259623	25.94294559394387	0.0
143.0	25.890039060138104	24.155611720460016	24.07549611212557	25.878853107276313	0.0
144.0	26.03787503174392	23.98872939668412	24.106333063258077	25.867062508313882	0.0
145.0	25.880442965072515	24.140568550447288	24.158405664341796	25.820582820138405	0.0
146.0	25.885884796430158	24.077382841905727	24.118801225016703	25.91793113664741	0.0
147.0	25.982326141046226	23.9773136097179	24.148731297483756	25.891628951752114	0.0
148.0	25.798513170743504	24.114871013480627	24.100661787157883	25.985954028617986	0.0
149.0	25.994800012092995	24.115246243613385	23.971641926414126	25.91831181787949	0.0
150.0	25.963962874504944	23.96106055567313	24.112222994830248	25.962753574991687	0.0
151.0	25.911962995434894	24.085618405538593	24.18085074220758	25.821567856818938	0.0
152.0	25.907730447138494	23.970130302022554	24.2195483266318	25.902590924207153	0.0
153.0	25.83426550170814	24.269431931553648	24.010339510838346	25.885963055899868	0.0
154.0	25.88747468029144	24.14819965534964	24.140036883635155	25.824288780723766	0.0
155.0	25.929195513498804	24.145781056323127	24.062944039665023	25.862079390513042	0.0
156.0	25.924895772552887	24.141767467734084	24.04592961208343	25.8874071476296	0.0
157.0	25.855058092252246	24.092790393237536	24.077069356979383	25.97508215753083	0.0
158.0	25.908267753433684	24.106092808532896	24.03655745585261	25.94908198218081	0.0
159.0	26.0334313882582	24.048045905425873	24.019929436733413	25.898593269582516	0.0
160.0	25.91098870201683	24.04865056066657	24.10881375711604	25.931546980200565	0.0
161.0	25.75891790898125	24.081906598904972	24.237907651005088	25.921267841108698	0.0
162.0	25.893151372416234	24.129372035299774	24.080394960803226	25.897081631480773	0.0
163.0	25.99775672905701	23.93527770303567	24.16655833260271	25.900407235304613	0.0
164.0	25.977803106113974	24.01085960812294	24.081906598904972	25.92943068685812	0.0
165.0	25.891942061934834	24.037464438713656	24.054092457832855	26.01650104151865	0.0
166.0	25.939485920560156	24.018188084627802	24.19051534921969	25.851810645592355	0.0
167.0	25.939485920560156	24.12430540019228	23.995815773084296	25.940392906163268	0.0
168.0	25.892927326266907	24.152724282423225	24.065653664524163	25.888694726785705	0.0
169.0	26.05709172043076	23.973443461540786	24.109188973473692	25.86027584455476	0.0
170.0	25.88726134869167	24.15612292715372	24.15733224494732	25.79928347920729	0.0
171.0	25.901773162214862	24.07933124726014	24.138890148594925	25.88000544193007	0.0
172.0	25.980983477695645	23.981074176530164	24.136773842456126	25.90116850331807	0.0
173.0	25.80684171541729	24.11016885099693	24.093238401886534	25.989751031699242	0.0
174.0	25.994969222769104	24.110544073720234	23.95877423177855	25.93571247173211	0.0
175.0	25.94206140934322	23.976914053524567	24.111451064807536	25.96957347232468	0.0
176.0	25.909712060562818	24.06852015334196	24.176754423093204	25.845013363002018	0.0
177.0	25.91061905165012	23.96451850866479	24.21303406658524	25.911828373099855	0.0
178.0	25.84108306829038	24.25143002261431	24.009263402304967	25.89822350679034	0.0
179.0	25.906688756938482	24.122032627492715	24.147730708299573	25.82354790726923	0.0
180.0	25.905177105126313	24.120520975680545	24.082125019651475	25.89217689954167	0.0
181.0	25.91659838977389	24.136461070077793	24.05724979668099	25.889690743467337	0.0
182.0	25.86489942889277	24.081738778150992	24.08597144161494	25.9673903513413	0.0
183.0	25.895435072454127	24.094739101647413	24.04031914282518	25.96950668307328	0.0
184.0	26.01213565081736	24.04636580491654	24.007364834427275	25.934133709838825	0.0
185.0	25.901481734545488	24.061784793249508	24.106227759620996	25.93050571258401	0.0
186.0	25.76754816922189	24.080831778837286	24.2326029973304	25.91901705461043	0.0
187.0	25.902993400068326	24.11741408449001	24.07176178570025	25.907830729741416	0.0
188.0	26.00246099147118	23.916967236161458	24.160950051547793	25.919621720819563	0.0
189.0	25.96436702029562	24.0128068303095	24.068133788445433	25.95469236094945	0.0
190.0	25.915086724251047	24.032156149001846	24.04697047112568	26.00578665562143	0.0
191.0	25.94509614221792	24.013786431249244	24.174628129157092	25.86648929737574	0.0
192.0	25.957491836981493	24.138952714959487	23.97025033256742	25.933305115491596	0.0
193.0	25.90730438988995	24.15044140766719	24.065183214415285	25.877070988027572	0.0
194.0	26.059076067239083	23.977808683033015	24.085741927681703	25.8773733220462	0.0
195.0	25.900126678336793	24.151119092753333	24.145979398897687	25.802774830012183	0.0
196.0	25.904359367394385	24.06586064173613	24.12602529334047	25.90375469752902	0.0
197.0	26.00231588558437	23.990579243497532	24.122699609080932	25.884405261837166	0.0
198.0	25.80791452386783	24.115443570696492	24.094582460341215	25.982059445094464	0.0
199.0	26.010255231921832	24.094957642747868	23.96072052678998	25.934066598540323	0.0
200.0	25.960986110523226	23.975824933334138	24.118831518288516	25.944357437854116	0.0
201.0	25.915937524565084	24.066829123759653	24.193207036044914	25.82402631563035	0.0
202.0	25.932891100723822	23.94556547924994	24.21646822637311	25.905075193653136	0.0
203.0	25.867897031523064	24.25334550797903	24.009651027084555	25.869106433413357	0.0
204.0	25.920382666328024	24.098968348995562	24.150067123834404	25.83058186084201	0.0
205.0	25.929151095146523	24.102294304754302	24.081733850972995	25.886820749126183	0.0
206.0	25.939823479788465	24.141663668221828	24.058513517190917	25.859999334798793	0.0
207.0	25.87874591430394	24.076353004139367	24.086633386448643	25.95826769510805	0.0
208.0	25.905521572564183	24.103095963062522	24.042924398511133	25.948458065862162	0.0
209.0	26.045386511044256	24.028846589964168	24.00858745445474	25.917179444536835	0.0
210.0	25.89571080839998	24.056665104395023	24.108976006531304	25.938648080673694	0.0
211.0	25.77567725294895	24.09626531926667	24.238685740722264	25.88937168706212	0.0
212.0	25.889528255959167	24.104272940863417	24.10064437314981	25.905554430027607	0.0
213.0	26.003090386237805	23.92448813588023	24.156720682908833	25.915700794973134	0.0
214.0	25.94942259019477	24.035306817941283	24.06282412209216	25.95244646977179	0.0
215.0	25.926609111114473	24.02485674110585	24.04753624941411	26.00099789836556	0.0
216.0	25.935311407593776	24.00511654349062	24.18715904829872	25.872413000616888	0.0
217.0	25.97038936533088	24.14391639350211	23.972155359065233	25.913538882101772	0.0
218.0	25.90161059131623	24.151007299976413	24.062403609466383	25.884978499240972	0.0
219.0	26.04404177981529	23.981359960808742	24.090224563483183	25.884373695892783	0.0
220.0	25.894598689363402	24.15393780675519	24.13004756879028	25.82141593509113	0.0
221.0	25.913359038330686	24.055643758977848	24.13396839797384	25.897028804717625	0.0
222.0	25.98247794622417	23.99227021583517	24.13319664074951	25.892055197191148	0.0
223.0	25.784550620412684	24.11368536926878	24.104310378719376	25.99745363159916	0.0
224.0	26.00874619697694	24.097708206061853	23.97099117517193	25.92255442178928	0.0
225.0	25.96701123214923	23.977039720799134	24.100732478875457	25.95521656817618	0.0
226.0	25.90820560589381	24.05761949118711	24.18948017855631	25.84469472436278	0.0
227.0	25.897037296911478	23.934503574841823	24.23059241964167	25.93786670860502	0.0
228.0	25.86831599322526	24.25205661746915	24.008286958625696	25.871340430679897	0.0
229.0	25.914892330026618	24.119283813210743	24.1477135252843	25.818110331478344	0.0
230.0	25.923136714059748	24.089717183998257	24.097580745163153	25.889565356778842	0.0
231.0	25.93457378596143	24.139224273512546	24.05665513319945	25.869546807326575	0.0
232.0	25.872425369748665	24.05528838883344	24.08039197894928	25.99189426246862	0.0
233.0	25.910836887154826	24.09339745334664	24.040770649971265	25.954995009527266	0.0
234.0	26.04770315883712	24.029120340685	24.011577966778376	25.911598533699504	0.0
235.0	25.90464207508136	24.037589072915786	24.1089683874324	25.948800464570454	0.0
236.0	25.756439261042622	24.118042029108242	24.239326372841987	25.886192337007152	0.0
237.0	25.895120165988157	24.115465813335916	24.087942267093332	25.9014717535826	0.0
238.0	26.0087109067812	23.951364103804973	24.149779202710057	25.890145786703766	0.0
239.0	25.946415176518983	24.03634427855881	24.074454956807898	25.942785588114308	0.0
240.0	25.932311564020893	24.034567139439144	24.049388541543784	25.983732754996176	0.0
241.0	25.944691818115817	24.017496309561263	24.21563052053336	25.82218135178956	0.0
242.0	25.985442972876495	24.133445465601007	23.96706215475463	25.91404940676787	0.0
243.0	25.913107666988356	24.149364538174602	24.08008543414401	25.857442360693035	0.0
244.0	26.05458456492998	23.988225078887737	24.097745157064498	25.859445199117786	0.0
245.0	25.91706201287699	24.14496296654887	24.136491262041922	25.801483758532218	0.0
246.0	25.90561950062331	24.052321992665483	24.156711811481067	25.885346695230144	0.0
247.0	25.990401607397907	23.992047737781114	24.136991938802684	25.880558716018303	0.0
248.0	25.790647497253804	24.124772663311717	24.118720438665243	25.965859400769236	0.0
249.0	26.021618611857555	24.093979228702157	23.98292057036338	25.901481589076912	0.0
