# Position (bp)	A	C	G	T	N
0.0	25.89422683575373	24.09107179382287	24.141887400286357	25.87281397013704	0.0
1.0	25.62576702802209	24.342273471057478	24.149238085498055	25.882721415422377	0.0
2.0	25.80065772022282	24.263740056695614	24.050891821322534	25.884710401759037	0.0
3.0	25.775637256155242	24.249610104057474	24.085981642932015	25.888770996855264	0.0
4.0	25.809255666946836	24.143286749267364	24.110370041321655	25.93708754246415	0.0
5.0	25.855005400706887	24.15394251602636	24.191971162142643	25.799080921124112	0.0
6.0	25.798596464317214	24.272347279211566	24.03043550510667	25.898620751364547	0.0
7.0	25.857600731137577	24.254083090206656	23.949548950747275	25.938767227908492	0.0
8.0	25.7936698141846	24.190512709901103	24.109348288037836	25.906469187876464	0.0
9.0	25.772560096883556	24.182225445993488	24.13717075727026	25.908043699852694	0.0
10.0	25.883191247331894	24.133424506959443	24.20372192896126	25.779662316747405	0.0
11.0	25.7854139240021	24.107861808049694	24.348151177801352	25.758573090146857	0.0
12.0	25.835900254348854	24.189342910824525	24.11361341530439	25.861143419522232	0.0
13.0	25.898209332941374	24.025422104065747	24.256764529198993	25.819604033793887	0.0
14.0	25.981607638134435	24.150040261250783	24.039162054729736	25.829190045885042	0.0
15.0	26.00046012858038	24.089967918812867	24.12767289970475	25.78189905290201	0.0
16.0	26.057656667390944	24.04970666803001	24.152276997405387	25.740359667173664	0.0
17.0	25.914825087232714	24.076227968148878	24.068559158475953	25.94038778614246	0.0
18.0	25.68571939825407	24.18359130356983	24.135661243114047	25.995028055062054	0.0
19.0	25.807781285548124	24.148442592568923	24.163460678178403	25.88031544370455	0.0
20.0	25.88310854206808	24.18958515067565	24.111619168128527	25.81568713912774	0.0
21.0	25.838693494633446	24.108743373690313	24.105548046536747	25.94701508513949	0.0
22.0	25.81472854098167	24.08190262560032	24.275858983822058	25.827509849595952	0.0
23.0	25.81792386813524	24.255728422754565	24.18958515067565	25.736762558434545	0.0
24.0	25.870646766169152	24.083500289177106	24.167856926031373	25.87799601862237	0.0
25.0	25.935192374671278	24.05474234479497	24.13111066376531	25.87895461676844	0.0
26.0	25.648571528995994	24.324108423840975	24.12791533661174	25.899404710551288	0.0
27.0	25.82303639158095	24.242308048709567	24.041641503465332	25.89301405624415	0.0
28.0	25.800669101505957	24.23655645983314	24.074233840431752	25.88854059822915	0.0
29.0	25.83573514656919	24.119210884527636	24.11857182113894	25.926482147764236	0.0
30.0	25.874398481585388	24.150844522268162	24.160430473098625	25.81432652304782	0.0
31.0	25.824232005572632	24.254372791237163	24.010889640143407	25.910505563046797	0.0
32.0	25.873120354807995	24.236159484659282	23.954332530243676	25.936387630289047	0.0
33.0	25.777260846503363	24.1930227059222	24.099719451172362	25.92999699640207	0.0
34.0	25.79291789952645	24.155957029377745	24.145092951769886	25.906032119325918	0.0
35.0	25.90251727068808	24.099719451172362	24.192383642533503	25.80537963560606	0.0
36.0	25.780136631752505	24.091092095424944	24.326267422465634	25.802503850356917	0.0
37.0	25.859380491950994	24.189188325590017	24.100997577949755	25.85043360450923	0.0
38.0	25.897404763578503	24.021434186056915	24.231046977549703	25.850114072814883	0.0
39.0	25.98176113088657	24.156276561072094	24.029102946721284	25.832859361320047	0.0
40.0	26.00796272982317	24.065529559877046	24.13358981077333	25.79291789952645	0.0
41.0	26.061004991085067	24.055304545657886	24.155317965989045	25.728372497268005	0.0
42.0	25.89644616849545	24.10003898286671	24.068085813431832	25.935429035206003	0.0
43.0	25.678525552949598	24.182158628314344	24.140619508049003	25.99869631068706	0.0
44.0	25.78524913886208	24.153081244128604	24.170016423929088	25.891653193080224	0.0
45.0	25.89316811467317	24.19582117785397	24.08750027958934	25.823510427883523	0.0
46.0	25.836291654817405	24.102198690563302	24.11817522423065	25.943334430388642	0.0
47.0	25.80593624084944	24.067689377841823	24.279857744944223	25.84651663636451	0.0
48.0	25.83948696155087	24.25173904568969	24.18751338034695	25.72126061241249	0.0
49.0	25.873357212925658	24.082387788815787	24.151725944932085	25.892529053326474	0.0
50.0	25.944293022408687	24.049795660134397	24.124565837697588	25.881345479759325	0.0
51.0	25.63434826926211	24.332260775373133	24.11497991749718	25.91841103786758	0.0
52.0	25.842362737610998	24.229371898555403	24.043724577340804	25.8845407864928	0.0
53.0	25.80178234209593	24.23256720528887	24.069606561881905	25.89604389073329	0.0
54.0	25.8362091002045	24.138548057259715	24.098287321063395	25.926955521472394	0.0
55.0	25.866244887525564	24.149092535787318	24.164749488752555	25.81991308793456	0.0
56.0	25.822469325153374	24.245590490797547	24.01776584867076	25.91417433537832	0.0
57.0	25.891168200409	24.234726482617585	23.93756390593047	25.936541411042946	0.0
58.0	25.799463190184046	24.18200408997955	24.086784253578735	25.93174846625767	0.0
59.0	25.78700153374233	24.15069018404908	24.153885480572598	25.908422801635993	0.0
60.0	25.922482106339466	24.087423312883434	24.197661042944784	25.79243353783231	0.0
61.0	25.788279652351736	24.06601482617587	24.340490797546014	25.80521472392638	0.0
62.0	25.86145194274029	24.199578220858893	24.09221625766871	25.846753578732105	0.0
63.0	25.913535276073617	24.014570552147237	24.228335889570552	25.84355828220859	0.0
64.0	25.99629345603272	24.149731595092025	24.026393149284253	25.827581799591005	0.0
65.0	26.000127811860942	24.063458588957054	24.158997955010225	25.777415644171782	0.0
66.0	26.068826687116562	24.0625	24.134713701431494	25.733959611451944	0.0
67.0	25.90650562372188	24.089020961145195	24.064097648261757	25.940375766871167	0.0
68.0	25.70552147239264	24.18392126789366	24.125766871165645	25.984790388548056	0.0
69.0	25.820552147239262	24.138548057259715	24.164749488752555	25.876150306748468	0.0
70.0	25.88373631219225	24.18863692281147	24.09022210435166	25.83740466064462	0.0
71.0	25.853061563581402	24.087346346669396	24.095973619716194	25.963618470033005	0.0
72.0	25.801936982563323	24.077121430465777	24.279702582749927	25.841239004220974	0.0
73.0	25.84059994695825	24.25158406318998	24.179051063870578	25.72876492598119	0.0
74.0	25.872233281463185	24.066576985630796	24.15796217420062	25.9032275587054	0.0
75.0	25.94796156709622	24.0518786685881	24.133358469585666	25.866801294730013	0.0
76.0	25.653995226242248	24.34264972312844	24.123772610644778	25.87958243998453	0.0
77.0	25.84059994695825	24.235607631621832	24.054434897639002	25.869357523780916	0.0
78.0	25.799061224881054	24.23720527477865	24.069452743313065	25.894280757027232	0.0
79.0	25.84978367980777	24.127210332244807	24.10452387190777	25.918482116039648	0.0
80.0	25.881416913235473	24.13423993967319	24.189198688658685	25.795144458432652	0.0
81.0	25.81367705983474	24.262690039046277	24.012180392507716	25.911452508611273	0.0
82.0	25.861925729002245	24.23840594065733	23.953387312197645	25.946281018142773	0.0
83.0	25.811440366562078	24.17801522229536	24.08471316006416	25.925831251078407	0.0
84.0	25.788114851004273	24.148618682140324	24.17098561486698	25.89228085198842	0.0
85.0	25.921996919753838	24.093659933154825	24.194950185645542	25.7893929614458	0.0
86.0	25.78396099206933	24.06106811689598	24.352477297563283	25.80249359347141	0.0
87.0	25.857771870067292	24.19878451697011	24.093979460765205	25.849464152197392	0.0
88.0	25.9060205392348	24.006748423131246	24.24447696525457	25.842754072379392	0.0
89.0	25.98654149705076	24.172902780529267	24.02208574842952	25.818469973990453	0.0
90.0	26.008588902167034	24.089825601830253	24.137754743387376	25.763830752615334	0.0
91.0	26.065784344425204	24.036144963286276	24.161080258945177	25.736990433343344	0.0
92.0	25.89611518331299	24.093340405544446	24.091742767492537	25.91880164365003	0.0
93.0	25.702481451422216	24.172263725308504	24.137115688166613	25.988139135102667	0.0
94.0	25.806966980016742	24.129447025517475	24.172263725308504	25.89132226915728	0.0
95.0	25.899227704233407	24.16771311624697	24.10476637813416	25.828292801385466	0.0
96.0	25.841393391551076	24.1076421174388	24.114032649226903	25.936931841783213	0.0
97.0	25.800174461517816	24.100932059061293	24.268363991909585	25.830529487511306	0.0
98.0	25.838198125657026	24.235133226611453	24.18912139773711	25.737547249994407	0.0
99.0	25.874304630259807	24.072813719193643	24.14342909545218	25.90945255509437	0.0
100.0	25.958979176452168	24.0514054377035	24.106683537670587	25.882931848173747	0.0
101.0	25.6499969644974	24.338659841578718	24.125216079856084	25.886127114067797	0.0
102.0	25.831807593868923	24.225866955518704	24.060671708796246	25.881653741816123	0.0
103.0	25.82893185456428	24.224908375750488	24.070577033067806	25.875582736617424	0.0
104.0	25.856328523408443	24.110121291905777	24.124499942485397	25.909050242200383	0.0
105.0	25.858565202387496	24.157411076034304	24.18552932605667	25.79849439552153	0.0
106.0	25.82054165974361	24.246558709627944	24.012665993532803	25.92023363709564	0.0
107.0	25.891476335936403	24.203742283457522	23.971127669636125	25.93365371096995	0.0
108.0	25.830446952365126	24.159967280581792	24.109162715200473	25.900423051852613	0.0
109.0	25.79370151199499	24.138239541928144	24.18552932605667	25.882529620020193	0.0
110.0	25.925665571759055	24.083281144157155	24.205339911299703	25.78571337278409	0.0
111.0	25.78571337278409	24.05739957311384	24.35903170971741	25.797855344384658	0.0
112.0	25.84290844953413	24.20565943686814	24.10436983167393	25.8470622819238	0.0
113.0	25.87486100637773	24.026086067407114	24.251351593154485	25.847701333060673	0.0
114.0	25.999795503636204	24.159967280581792	24.03535230889176	25.80488490689025	0.0
115.0	26.005866489436485	24.076890632788437	24.15453534591838	25.762707531856698	0.0
116.0	26.05155864572283	24.05005048503981	24.173387354456104	25.725003514781253	0.0
117.0	25.897547321736685	24.096062166894594	24.096701218031466	25.90968929333725	0.0
118.0	25.681228511905523	24.1848902749198	24.144630053296865	25.989251159877814	0.0
119.0	25.80328727904807	24.140476220907196	24.16348206183459	25.892754438210147	0.0
120.0	25.91999693254474	24.15589063243898	24.083677623233417	25.840434811782863	0.0
121.0	25.850979189233232	24.09006815502152	24.11626933535274	25.942683320392508	0.0
122.0	25.81231647191521	24.094861053862598	24.27219831098245	25.820624163239742	0.0
123.0	25.843630077676917	24.229062221412757	24.202861041081533	25.724446659828796	0.0
124.0	25.869511731418733	24.064825554458512	24.14279004227337	25.92287267184939	0.0
125.0	25.935334208836185	24.039902480484916	24.131287085054783	25.893476225624116	0.0
126.0	25.657346076053717	24.338020788399906	24.141511935915748	25.86312119963063	0.0
127.0	25.826375641849037	24.223310742803463	24.073133245783048	25.87718036956445	0.0
128.0	25.81678984416688	24.224588849161083	24.078884724392342	25.879736582279694	0.0
129.0	25.850742262638914	24.107080092790817	24.125293166582523	25.916884477987743	0.0
130.0	25.885251244560042	24.133600884452424	24.189198688658685	25.791949182328842	0.0
131.0	25.829653440353784	24.231376333228955	24.015695196221905	25.92327503019536	0.0
132.0	25.88876604827423	24.201340737853158	23.97862999341773	25.93126322045488	0.0
133.0	25.80920367328941	24.169068449204694	24.095257571206727	25.926470306299166	0.0
134.0	25.799617844977984	24.136476632945854	24.19047679910021	25.873428722975948	0.0
135.0	25.936695189831354	24.082795994401877	24.226263891462864	25.754244924303908	0.0
136.0	25.77916807791361	24.06010953406484	24.369412260913464	25.791310127108087	0.0
137.0	25.846268876093582	24.17705663946422	24.118263559154148	25.858410925288055	0.0
138.0	25.906659594455554	23.99812117765096	24.254062793565993	25.841156434327488	0.0
139.0	25.996127325362185	24.15021632019223	24.064263392999788	25.7893929614458	0.0
140.0	26.011145123050085	24.06106811689598	24.15468970673756	25.77309705331638	0.0
141.0	26.031594890114455	24.053718981857223	24.17418089097079	25.740505237057533	0.0
142.0	25.90314479074137	24.078322607856546	24.106760565180437	25.91177203622165	0.0
143.0	25.66829199711147	24.177376167074595	24.169068449204694	25.985263386609237	0.0
144.0	25.795783513653415	24.145103878426134	24.17130514247736	25.887807465443093	0.0
145.0	25.904825201862213	24.16211604640834	24.09341739066529	25.83964136106416	0.0
146.0	25.848588162742324	24.079038602253956	24.124731196538864	25.947642038464856	0.0
147.0	25.81535718508057	24.088624461194847	24.263406622550413	25.832611731174172	0.0
148.0	25.860730250734115	24.218992142790956	24.175855777556947	25.74442182891798	0.0
149.0	25.86616223746729	24.038458466070853	24.16658944724742	25.92878984921444	0.0
150.0	25.934860893210338	24.03813893743949	24.133358469585666	25.89364169976451	0.0
151.0	25.684669974853097	24.300471943788523	24.135275641373845	25.87958243998453	0.0
152.0	25.83037503075463	24.225702244049575	24.080316716779407	25.863606008416383	0.0
153.0	25.797783110355603	24.241359146986365	24.091500218877112	25.869357523780916	0.0
154.0	25.859534764826176	24.119376278118608	24.127684049079754	25.89340490797546	0.0
155.0	25.884777607361965	24.13279652351738	24.197341513292432	25.785084355828218	0.0
156.0	25.83237474437628	24.230572597137016	24.01872443762781	25.918328220858893	0.0
157.0	25.873913599182004	24.20213445807771	23.987410531697343	25.936541411042946	0.0
158.0	25.829818507157466	24.150370654396728	24.099884969325153	25.919925869120654	0.0
159.0	25.828859918200408	24.107553680981596	24.2002172801636	25.863369120654394	0.0
160.0	25.943251533742327	24.082630368098158	24.21523517382413	25.75888292433538	0.0
161.0	25.777415644171782	24.037896216768917	24.35423057259714	25.83045756646217	0.0
162.0	25.866883946830267	24.17880879345603	24.09349437627812	25.860812883435585	0.0
163.0	25.931109406952967	23.97207310838446	24.25773261758691	25.839084867075663	0.0
164.0	25.98670756646217	24.135352760736197	24.078796012269937	25.799143660531698	0.0
165.0	26.019299591002042	24.04556492842536	24.15835889570552	25.77677658486708	0.0
166.0	26.05348926380368	24.03118609406953	24.190311860940696	25.725012781186095	0.0
167.0	25.919925869120654	24.084867075664622	24.11170756646217	25.883499488752555	0.0
168.0	25.67484662576687	24.159637014314928	24.164429959100204	26.001086400817996	0.0
169.0	25.80489519427403	24.132476993865033	24.149731595092025	25.912896216768917	0.0
170.0	25.924801651334523	24.147572046178574	24.087819810262687	25.83980649222422	0.0
171.0	25.86313223137855	24.073121399288723	24.143098616751715	25.92064775258101	0.0
172.0	25.78900111516205	24.103476813256687	24.266117925990304	25.841404145590957	0.0
173.0	25.850351004444672	24.22234222374177	24.177288398799842	25.750018373013717	0.0
174.0	25.858339271278346	24.05554721225464	24.165146233212656	25.920967283254353	0.0
175.0	25.93342897951489	24.051073782827785	24.126163491064325	25.889333746593003	0.0
176.0	25.68611223834432	24.294236625244842	24.15332359829882	25.86632753811202	0.0
177.0	25.820634651823404	24.23927734942916	24.06736984716848	25.87271815157896	0.0
178.0	25.806255771522785	24.232247674615525	24.06193782572158	25.89955872814011	0.0
179.0	25.852989858064024	24.109305402002825	24.155317965989045	25.882386773944106	0.0
180.0	25.882067242249757	24.11857182113894	24.208040695556594	25.79132024105471	0.0
181.0	25.830303107765257	24.223058685190985	24.037410770774354	25.909227436269404	0.0
182.0	25.89964148543894	24.196537554560038	23.998108372369455	25.90571258763157	0.0
183.0	25.825829664044374	24.140939039743355	24.12080854299938	25.912422753212894	0.0
184.0	25.839889058595723	24.11857182113894	24.18279769170304	25.858741428562297	0.0
185.0	25.94661264450821	24.09780226100627	24.209318822333987	25.746266272151537	0.0
186.0	25.787485860722526	24.04092561941219	24.35630340173442	25.815285118130866	0.0
187.0	25.867688316004067	24.16202813157037	24.095885070840176	25.874398481585388	0.0
188.0	25.926162616069888	23.965835671240228	24.25245560107107	25.85554611161881	0.0
189.0	25.976648623776992	24.1537203075173	24.07255925715272	25.79707181155299	0.0
190.0	26.022022124374516	24.03070060519303	24.154998434294697	25.792278836137754	0.0
191.0	26.064839371417253	24.036452175691306	24.168738297151695	25.729970155739746	0.0
192.0	25.914659475073332	24.078630359345343	24.110583528780218	25.896126636801103	0.0
193.0	25.680442743115687	24.174809399344323	24.150524990573814	25.994222866966176	0.0
194.0	25.8069772940778	24.119849947916332	24.163625790042115	25.909546967963752	0.0
195.0	25.909629757442715	24.16274440258566	24.089251878053535	25.838373961918094	0.0
196.0	25.85882405570094	24.074233840431752	24.11129963541317	25.955642468454133	0.0
197.0	25.827509849595952	24.09116907434568	24.25636748818528	25.824953587873097	0.0
198.0	25.88534527107558	24.203325057436007	24.168495991462084	25.74283368002633	0.0
199.0	25.85371153225523	24.046754026911046	24.166259262454588	25.93327517837914	0.0
200.0	25.927547300039304	24.03298940082889	24.141313760389075	25.898149538742732	0.0
201.0	25.68838414663373	24.28109911389614	24.176287694564184	25.854229044905942	0.0
202.0	25.81606925444105	24.23362189350436	24.0824713277283	25.867837524326294	0.0
203.0	25.811760420028694	24.23857016402977	24.070801550501546	25.878867865439986	0.0
204.0	25.856746599856834	24.078382247673584	24.177446569178855	25.887424583290723	0.0
205.0	25.907568610908722	24.11703800283775	24.210351395226954	25.765041991026578	0.0
206.0	25.843985683241723	24.23175252460693	24.042566790233927	25.88169500191742	0.0
207.0	25.87835635350288	24.211764254715355	24.01554420703452	25.89433518474725	0.0
208.0	25.8277087487856	24.16462136319476	24.111890883059775	25.895779004959863	0.0
209.0	25.850564059953342	24.100220510689972	24.191301013070852	25.857914416285833	0.0
210.0	25.938946130442563	24.103239332191343	24.22276480965408	25.73504972771201	0.0
211.0	25.78683285394695	24.05017577500799	24.367529562160435	25.795461808884628	0.0
212.0	25.874577332898678	24.16121753692944	24.097937320626155	25.86626780954572	0.0
213.0	25.918539541305513	23.980465853596176	24.268428319398634	25.832566285699677	0.0
214.0	25.98725422515405	24.151453555265782	24.089770141392446	25.77152207818772	0.0
215.0	26.0262589330231	24.012733153500978	24.170619143196838	25.790388770279083	0.0
216.0	26.06830777491546	24.04100000639227	24.178753379911658	25.71193883878061	0.0
217.0	25.93631941292661	24.094363865325978	24.102034684889126	25.867282036858285	0.0
218.0	25.671520621851744	24.164834181390475	24.169628474264236	25.994016722493544	0.0
219.0	25.785624792247308	24.133191848423635	24.172824669513414	25.908358689815643	0.0
220.0	25.888659108416253	24.183418089299014	24.075701833733408	25.852220968551325	0.0
221.0	25.853047316756644	24.07838925488015	24.13017142455306	25.938392003810147	0.0
222.0	25.824929278077	24.108424299573272	24.26505138327287	25.801595039076858	0.0
223.0	25.841231280666143	24.232447378094584	24.17203407438188	25.75428726685739	0.0
224.0	25.83853036226302	24.071806903870684	24.172497674522678	25.91716505934362	0.0
225.0	25.93220068087011	24.045902792206757	24.138603417136828	25.883293109786308	0.0
226.0	25.704303017322673	24.2798735403274	24.177260914179403	25.838562528170524	0.0
227.0	25.78232140630844	24.241494282636285	24.10531329618725	25.870871014868023	0.0
228.0	25.82356984159967	24.220066173297315	24.072375045953677	25.88398893914934	0.0
229.0	25.84826766065457	24.09962469710435	24.177626321072587	25.874481321168492	0.0
230.0	25.908378888142963	24.10952335283399	24.212780921326043	25.769316837697005	0.0
231.0	25.8549918480867	24.22013362744158	24.043668680668777	25.881205843802945	0.0
232.0	25.89001419419189	24.197260904592014	24.001930921599467	25.91079397961663	0.0
233.0	25.839998976975554	24.15360712025013	24.109169495968644	25.89722440680567	0.0
234.0	25.83073844127445	24.106920209466935	24.205067872145886	25.85727347711273	0.0
235.0	25.928092790096933	24.09492570142459	24.22856083275787	25.748420675720606	0.0
236.0	25.764725440548354	24.07382541752986	24.3676308857004	25.793818256221385	0.0
237.0	25.862730429111274	24.178511825976866	24.099544097242205	25.859213647669655	0.0
238.0	25.896630880293625	24.0017008651393	24.26258544289633	25.83908281167075	0.0
239.0	25.965937610900987	24.154115205944134	24.11223259873585	25.767714584419032	0.0
240.0	26.02067406533465	24.0504669729728	24.166211044286495	25.762647917406056	0.0
241.0	26.059792166266988	24.051159072741807	24.176179056754595	25.712869704236613	0.0
242.0	25.937721839565626	24.098412028421045	24.113441159353556	25.850424972659773	0.0
243.0	25.65734350715387	24.195549699710263	24.18083902039668	25.966267772739194	0.0
244.0	25.769888862237146	24.164068121851763	24.187734868473655	25.878308147437433	0.0
245.0	25.898123152898428	24.188554687000245	24.095160114120493	25.818162045980834	0.0
246.0	25.854678983597328	24.09254330970598	24.146600475958955	25.906177230737736	0.0
247.0	25.81992777150461	24.122334215130877	24.278434772038807	25.779303241325703	0.0
248.0	25.836985381145837	24.24746489235789	24.194043696618788	25.72150602987748	0.0
249.0	25.83762515594511	24.075365471354083	24.19756245801478	25.889446914686033	0.0
