# Position (bp)	A	C	G	T	N
0.0	26.192494566639734	23.857287530011494	23.761990373564853	26.18822752978392	0.0
1.0	26.33387572112923	23.679778796809394	23.65787467428285	26.328470807778526	0.0
2.0	26.271429912417187	23.778491436568597	23.757441978876585	26.19263667213763	0.0
3.0	26.35649433395531	23.701531424930597	23.730828744368086	26.211145496746006	0.0
4.0	26.13862287285935	23.80434999018735	23.797808223853558	26.259218913099748	0.0
5.0	26.179587379054965	23.75983344994113	23.716034424896048	26.34454474610786	0.0
6.0	26.337478989684683	23.69138797484735	23.644461382258335	26.326671653209637	0.0
7.0	26.295403096454205	23.682698761190803	23.76090641245862	26.260991729896364	0.0
8.0	26.322419926801594	23.72464431660159	23.537809223454204	26.41512653314261	0.0
9.0	26.255054626938673	23.699730988631	23.64769179145647	26.397522592973854	0.0
10.0	26.28102322618804	23.674048545235333	23.674048545235333	26.370879683341297	0.0
11.0	26.275261393396704	23.669147190714103	23.79284164550591	26.26274977038328	0.0
12.0	26.32132691449159	23.71464400167201	23.673128161672917	26.290900922163484	0.0
13.0	26.22180264052116	23.652370241673374	23.801087942492032	26.324739175313432	0.0
14.0	26.124837562167123	23.753600646054714	23.790282449889528	26.33127934188863	0.0
15.0	26.37848228325746	23.736823697013985	23.72829304495938	26.156400974769173	0.0
16.0	26.335260312847446	23.71890932769931	23.705828994548913	26.24000136490433	0.0
17.0	26.153841779152792	23.819286666875193	23.695307857014896	26.331563696957115	0.0
18.0	26.20872230737077	23.70156366852161	23.819002311806706	26.270711712300916	0.0
19.0	26.37791357312048	23.79852874687565	23.715497066877468	26.108060613126398	0.0
20.0	26.213197449910997	23.818365872939143	23.75410181019922	26.21433486695064	0.0
21.0	26.32494867405609	23.692396935798495	23.77315354561327	26.20950084453215	0.0
22.0	26.2055198848934	23.852772738388396	23.714576568071564	26.227130808646642	0.0
23.0	26.18163412706086	23.750405204820375	23.73988409720366	26.32807657091511	0.0
24.0	26.235092727924158	23.860450303405994	23.72282284160899	26.18163412706086	0.0
25.0	26.18931169207846	23.858459823586617	23.76917258597451	26.183055898360415	0.0
26.0	26.341156866871025	23.65969619590871	23.668226823706046	26.33092011351422	0.0
27.0	26.245613835540873	23.786802550089003	23.7791249850714	26.18845862929873	0.0
28.0	26.36532697896347	23.698652729516542	23.729647343846857	26.206372947673128	0.0
29.0	26.14239323919312	23.81068830792154	23.806707348282785	26.240211104602558	0.0
30.0	26.18106541854103	23.755523581498775	23.7179888191905	26.34542218076969	0.0
31.0	26.336322844452532	23.696946603957073	23.65031250533164	26.31641804625875	0.0
32.0	26.29935679066408	23.680738411142137	23.757798415578062	26.26210638261572	0.0
33.0	26.325233028316	23.711733025472455	23.54965109732309	26.41338284888846	0.0
34.0	26.250163503699447	23.699790146556186	23.65230298515102	26.397743364593346	0.0
35.0	26.2820111808095	23.673345200384446	23.675904388723648	26.368739230082404	0.0
36.0	26.272552783109404	23.6766901258264	23.79498116158385	26.255775929480347	0.0
37.0	26.313499680102364	23.721333617686785	23.678680599985782	26.286486102225066	0.0
38.0	26.220231748062844	23.63659628918746	23.80663965308879	26.33653230966091	0.0
39.0	26.124404634961255	23.755740385298925	23.789294092557046	26.33056088718277	0.0
40.0	26.36894860311367	23.74635672140471	23.725030212554206	26.159664462927417	0.0
41.0	26.341366318333687	23.711381246889886	23.707400298571123	26.239852136205304	0.0
42.0	26.14573114381176	23.82256344636383	23.703134996801023	26.32857041302339	0.0
43.0	26.204307954787804	23.70711594511978	23.816876377337028	26.271699722755386	0.0
44.0	26.376626146299852	23.79469680813251	23.721049264235443	26.107627781332194	0.0
45.0	26.22101024806924	23.801169258067084	23.758232009008292	26.21958848485538	0.0
46.0	26.32024932039718	23.69396831174149	23.770743525290325	26.215038842571005	0.0
47.0	26.215038842571005	23.85519626019404	23.708470296522936	26.22129460071202	0.0
48.0	26.186603578293656	23.748564019153996	23.753682366723915	26.311150035828433	0.0
49.0	26.235796585493464	23.860314607763964	23.73178721323036	26.17210159351221	0.0
50.0	26.20281167893174	23.85178402848076	23.76960611471923	26.175798177868266	0.0
51.0	26.345841058246794	23.661552110465315	23.67008268974852	26.322524141539372	0.0
52.0	26.24176799099171	23.790648210284466	23.771880935861418	26.195702862862408	0.0
53.0	26.37313891195305	23.69794924874032	23.72610016037489	26.20281167893174	0.0
54.0	26.136273160522755	23.810268542635836	23.80998418999306	26.243474106848346	0.0
55.0	26.180632172795416	23.761928593364345	23.728943686802626	26.328495547037612	0.0
56.0	26.335604363106953	23.714726054663952	23.636244725258475	26.31342485697062	0.0
57.0	26.30034463540304	23.670651395034064	23.765625177720402	26.26337879184249	0.0
58.0	26.321671083611054	23.710745117665123	23.551791990354758	26.415791808369065	0.0
59.0	26.261388323343077	23.696243132883676	23.651884120611015	26.39048442316223	0.0
60.0	26.291529703477064	23.656718115538165	23.674632332032893	26.377119848951875	0.0
61.0	26.278659110490594	23.666603161423694	23.80394509734785	26.250792630737863	0.0
62.0	26.314771793435455	23.7211987135923	23.67968334579742	26.28434614717482	0.0
63.0	26.222357447316714	23.63162788581568	23.80735731935839	26.33865734750922	0.0
64.0	26.129943101197973	23.749918248847663	23.793139727647812	26.32699892230655	0.0
65.0	26.362542901582987	23.735416305302877	23.734563249800242	26.167477543313893	0.0
66.0	26.33638253283553	23.71920825075282	23.710393343892264	26.234015872519382	0.0
67.0	26.1578095809507	23.81730963355579	23.699303622358016	26.32557716313549	0.0
68.0	26.201599763419274	23.70754982555015	23.821290559234754	26.269559851795826	0.0
69.0	26.370220401106696	23.799395468000466	23.724042231934416	26.10634189895842	0.0
70.0	26.222567234800014	23.800180847252317	23.756675140327232	26.220576777620437	0.0
71.0	26.30929429762453	23.7066293598121	23.777148414174327	26.20692792838904	0.0
72.0	26.203231365055537	23.859041509562726	23.71885645391523	26.21887067146651	0.0
73.0	26.18019893197755	23.74985071571153	23.754115981096344	26.315834371214574	0.0
74.0	26.239059594287955	23.852217084947025	23.73478011135186	26.17394320941316	0.0
75.0	26.201240907875956	23.844823958280017	23.768617883404705	26.185317250439322	0.0
76.0	26.338298102241254	23.659711440579166	23.670232428528372	26.33175802865121	0.0
77.0	26.257542410955477	23.785394593918298	23.768617883404705	26.18844511172152	0.0
78.0	26.362467939421858	23.699236233145093	23.725965229556582	26.212330597876466	0.0
79.0	26.139536735309004	23.80245565545755	23.809848782124558	26.24815882710889	0.0
80.0	26.174227560438812	23.764352618019892	23.73534881340317	26.326071008138126	0.0
81.0	26.341425963523452	23.706345008786446	23.64293473006557	26.30929429762453	0.0
82.0	26.291664534033977	23.66966372647706	23.772030095712555	26.26664164377641	0.0
83.0	26.326639710189436	23.702932796478596	23.54682408339447	26.423603409937503	0.0
84.0	26.256689357878514	23.69753012699117	23.65914273852786	26.386637776602463	0.0
85.0	26.297351554547056	23.65772098339959	23.67307593878491	26.371851523268447	0.0
86.0	26.284196667984155	23.66988077195397	23.801819272689016	26.244103287372862	0.0
87.0	26.310356887957486	23.705140198874542	23.69234443910498	26.292158474062994	0.0
88.0	26.222492670873155	23.632062193079484	23.82172378788611	26.32372134816125	0.0
89.0	26.128657099229695	23.7583136894725	23.794710517261482	26.318318694036325	0.0
90.0	26.356421623127908	23.745517929702938	23.732437819716274	26.165622627452876	0.0
91.0	26.346469365529362	23.709689802348162	23.709689802348162	26.23415102977431	0.0
92.0	26.163063475498966	23.810349779202056	23.70286539713773	26.32372134816125	0.0
93.0	26.202019455241853	23.703718447789036	23.819733336366404	26.27452876060271	0.0
94.0	26.366373880726456	23.816321133761186	23.71509245647309	26.102212529039264	0.0
95.0	26.231232939035486	23.798623748862603	23.760805277525023	26.20933803457689	0.0
96.0	26.311703821656053	23.70251364877161	23.779003639672432	26.20677888989991	0.0
97.0	26.205357142857146	23.855209281164697	23.718721565059145	26.220712010919016	0.0
98.0	26.166969972702457	23.748862602365787	23.759099181073704	26.325068243858052	0.0
99.0	26.24061646951774	23.853503184713375	23.73180163785259	26.174078707916287	0.0
100.0	26.20308234758872	23.84525705186533	23.77132620564149	26.18033439490446	0.0
101.0	26.33871701546861	23.66924476797088	23.68118744313012	26.31085077343039	0.0
102.0	26.242891264786167	23.791515013648773	23.771610555050046	26.19398316651501	0.0
103.0	26.364592811646954	23.70052320291174	23.73322338489536	26.20166060054595	0.0
104.0	26.15502729754322	23.783553230209282	23.80971337579618	26.251706096451322	0.0
105.0	26.18033439490446	23.76165832575068	23.734360782529574	26.323646496815282	0.0
106.0	26.33075523202912	23.70677888989991	23.646212465878072	26.316253412192903	0.0
107.0	26.300045495905366	23.668391719745223	23.780709736123747	26.250853048225657	0.0
108.0	26.327911737943584	23.701944949954505	23.559485896269337	26.410657415832574	0.0
109.0	26.252843494085532	23.70421974522293	23.66384212920837	26.37909463148317	0.0
110.0	26.29634895359418	23.651615104640584	23.682609190172883	26.369426751592357	0.0
111.0	26.275801081093377	23.66206874980451	23.811636113409595	26.25049405569252	0.0
112.0	26.329827315095216	23.701024508005837	23.69050360980548	26.278644567093473	0.0
113.0	26.227177470491725	23.625103431803254	23.820735268609905	26.32698382909512	0.0
114.0	26.129930249288417	23.755335090607684	23.785760390808715	26.328974269295184	0.0
115.0	26.352006505895968	23.742539403607246	23.73855852320711	26.16689556728967	0.0
116.0	26.347456928295816	23.701024508005837	23.720360212806494	26.23115835089186	0.0
117.0	26.164620778489596	23.815901342409738	23.69846537060575	26.321012508494913	0.0
118.0	26.214381783491287	23.691072307005495	23.823863103210012	26.270682806293205	0.0
119.0	26.375038742496752	23.80850827880949	23.71325149780625	26.10320148088751	0.0
120.0	26.24061646951774	23.79293676069154	23.758246132848043	26.208200636942674	0.0
121.0	26.321940400363967	23.689149226569608	23.779572338489537	26.20933803457689	0.0
122.0	26.2056414922657	23.848100545950864	23.732654686078252	26.21360327570519	0.0
123.0	26.169244767970884	23.753696542311193	23.764217470427663	26.312841219290263	0.0
124.0	26.24061646951774	23.852650136487714	23.734360782529574	26.172372611464965	0.0
125.0	26.20336669699727	23.846963148316654	23.773885350318473	26.17578480436761	0.0
126.0	26.33189262966333	23.672088262056416	23.6794813466788	26.316537761601456	0.0
127.0	26.249715650591448	23.788102820746133	23.773316651501364	26.188864877161055	0.0
128.0	26.36174931756142	23.689149226569608	23.740900818926296	26.208200636942674	0.0
129.0	26.147139863341284	23.777649504235395	23.83167604548466	26.243534586938654	0.0
130.0	26.169319180275195	23.76485374446583	23.736418722755694	26.329408352503275	0.0
131.0	26.340213660753133	23.69888449409831	23.644004902197743	26.31689694295082	0.0
132.0	26.299267229490532	23.669312071519766	23.78646436096554	26.244956338024167	0.0
133.0	26.329124002286175	23.705708899308746	23.55756243619892	26.407604662206158	0.0
134.0	26.24836854062938	23.71367070538758	23.65793806283571	26.380022691147325	0.0
135.0	26.295855026885313	23.656800661967306	23.68011737976962	26.367226931377765	0.0
136.0	26.279153088905193	23.658858387502203	23.81212359032979	26.249864933262813	0.0
137.0	26.334885889933407	23.69127440442678	23.69070570237547	26.28313400326435	0.0
138.0	26.231950818646606	23.625873668526324	23.817810610842873	26.324364901984204	0.0
139.0	26.130437502488075	23.75326292801938	23.786531998020916	26.329767571471628	0.0
140.0	26.352231302498307	23.745869801352374	23.734211409300553	26.167687486848767	0.0
141.0	26.349103441216116	23.709472870068645	23.715159890581724	26.22626379813352	0.0
142.0	26.17032106165601	23.804798152850484	23.703284548036976	26.32159623745653	0.0
143.0	26.210699022114042	23.698734918689592	23.827546299587404	26.26301975960896	0.0
144.0	26.377119848951875	23.794913499926068	23.72183487073329	26.10613178038877	0.0
145.0	26.2370086016919	23.78559749768963	23.76768323025521	26.20971067036326	0.0
146.0	26.318049335323806	23.691760858747422	23.77678254069809	26.213407265230682	0.0
147.0	26.216250799744085	23.83649676547949	23.736119997156464	26.21113243761996	0.0
148.0	26.18411885974266	23.745788014502025	23.759436980166345	26.31065614558897	0.0
149.0	26.247888669620163	23.848507424489725	23.73305959496579	26.17054431092432	0.0
150.0	26.204382467853748	23.84196727651177	23.77628144247229	26.17736881316219	0.0
151.0	26.344284763730048	23.653724756450575	23.67618874298356	26.325801736835817	0.0
152.0	26.25329140055847	23.77173177431371	23.781684173410603	26.193292651717215	0.0
153.0	26.36475827044365	23.687847267639917	23.747846016481173	26.199548445435262	0.0
154.0	26.14957645312549	23.779192602218536	23.831798289888617	26.239432654767352	0.0
155.0	26.17715889476872	23.764974848794193	23.73284272605517	26.32502353038192	0.0
156.0	26.339241283806263	23.687630270165748	23.652938951810345	26.320189494217637	0.0
157.0	26.296303668464738	23.681658813727523	23.78459534851979	26.237442169287945	0.0
158.0	26.332701117231068	23.70071060331615	23.558248714004204	26.408339565448586	0.0
159.0	26.24369798079466	23.710663030713192	23.65919476331706	26.386444225175094	0.0
160.0	26.28777301641013	23.663460089344362	23.681090103590552	26.367676790654954	0.0
161.0	26.282729361450443	23.657271548488364	23.81366728087536	26.24633180918583	0.0
162.0	26.339316180986827	23.694806524261246	23.69736572715485	26.26851156759708	0.0
163.0	26.228701744807665	23.627982893150435	23.819354398416706	26.323960963625197	0.0
164.0	26.134864305375466	23.753952546691234	23.78665347255397	26.32452967537933	0.0
165.0	26.34614072203644	23.74001910871494	23.740587820469074	26.173252348779545	0.0
166.0	26.35978980413567	23.705896403466866	23.72238904433677	26.211924748060696	0.0
167.0	26.171336277372887	23.799801519033416	23.7142101566521	26.3146520469416	0.0
168.0	26.21086185667854	23.699707965683835	23.82055955708603	26.268870620551592	0.0
169.0	26.391503398072057	23.787926180794493	23.722239599624647	26.098330821508803	0.0
170.0	26.233759586429283	23.784297165800798	23.778894358046916	26.203048889723007	0.0
171.0	26.31394862782901	23.690458925864945	23.789131256949005	26.20646118935704	0.0
172.0	26.219541671287487	23.8326380772829	23.734818821107346	26.213001430322265	0.0
173.0	26.195655573849276	23.727994221839285	23.752449035883174	26.323901168428264	0.0
174.0	26.236962134740722	23.857445090255585	23.73318015855864	26.172412616445058	0.0
175.0	26.21535084227169	23.83668687512085	23.778677616388183	26.169284666219273	0.0
176.0	26.345302956197326	23.657256275805587	23.67915192738606	26.318288840611032	0.0
177.0	26.243218035192285	23.779246334611052	23.785217875951183	26.19231775424548	0.0
178.0	26.36463937577488	23.693085523846356	23.74853555057611	26.193739549802654	0.0
179.0	26.15713160461459	23.769645715975624	23.83106745870383	26.242155220705953	0.0
180.0	26.18357707717813	23.75997747869433	23.725569928369737	26.330875515757807	0.0
181.0	26.33144423559788	23.688887498684835	23.660167146760998	26.319501118956286	0.0
182.0	26.308979801914877	23.682631580444	23.781873192537258	26.226515425103862	0.0
183.0	26.33599399431849	23.711351932367837	23.56092553466774	26.391728538645935	0.0
184.0	26.254951417107662	23.70111497524647	23.655901747960428	26.38803185968544	0.0
185.0	26.300733364233782	23.64282119163868	23.689456218524914	26.366989225602627	0.0
186.0	26.28204034510018	23.65227232658261	23.810376891709748	26.255310436607466	0.0
187.0	26.334931440628324	23.69606387879408	23.69919184680919	26.26981283376841	0.0
188.0	26.244789089647565	23.62013956424562	23.821466960126937	26.31360438597988	0.0
189.0	26.131613519646486	23.756348353267022	23.787059311960782	26.324978815125714	0.0
190.0	26.354836691633537	23.733599494975348	23.745542645578475	26.16602116781264	0.0
191.0	26.360523906206456	23.710566275955024	23.725068673115967	26.20384114472255	0.0
192.0	26.162114512391057	23.798785776235906	23.711771145834813	26.327328565538227	0.0
193.0	26.210455973724994	23.70153413049351	23.822103422291104	26.265906473490396	0.0
194.0	26.391953683061104	23.775820101005504	23.72093816825151	26.11128804768188	0.0
195.0	26.229657370835145	23.788115326320938	23.7704848107421	26.211742492101813	0.0
196.0	26.32548775390075	23.68631331701089	23.786409147393954	26.20178978169441	0.0
197.0	26.223685744590703	23.830769799495542	23.74091104267438	26.20463341323938	0.0
198.0	26.189562166051022	23.732948874348452	23.760816463489192	26.31667249611133	0.0
199.0	26.236556693643326	23.850174315109395	23.736713093823045	26.17655589742423	0.0
200.0	26.216935580187794	23.828562653911995	23.785339331517196	26.169162434383015	0.0
201.0	26.34745863926156	23.657091184148417	23.678702845345814	26.316747331244205	0.0
202.0	26.239400333274567	23.773396045066	23.789889154927174	26.19731446673226	0.0
203.0	26.359986122880752	23.68437515995655	23.74807341223575	26.207565304926945	0.0
204.0	26.146080675662226	23.76960373092946	23.834155635495016	26.250159957913294	0.0
205.0	26.183482012097155	23.759501554088832	23.743576764594643	26.313439669219374	0.0
206.0	26.331639428641303	23.690114971292722	23.65769664982241	26.320548950243566	0.0
207.0	26.293114479981572	23.690534080665206	23.791770818226023	26.224580621127195	0.0
208.0	26.327807968696238	23.702193367856196	23.562281921564278	26.407716741883284	0.0
209.0	26.251311669808985	23.695084046398275	23.659253066250344	26.394351217542393	0.0
210.0	26.303785877394787	23.638343916803404	23.684128207388618	26.37374199841319	0.0
211.0	26.282248157248155	23.653198653198654	23.80903630903631	26.255516880516883	0.0
212.0	26.338704265084772	23.692577194109983	23.696842847636542	26.2718756931687	0.0
213.0	26.237750464956232	23.611245400203615	23.8285093531563	26.322494781683854	0.0
214.0	26.129687242283435	23.761965158141997	23.79239348663144	26.31595411294313	0.0
215.0	26.358610648208707	23.735233729375565	23.747461936151698	26.15869368626403	0.0
216.0	26.36372943244058	23.707080416100283	23.728693060634843	26.200497090824292	0.0
217.0	26.16574195988545	23.792596468577507	23.72036411929144	26.321297452245602	0.0
218.0	26.215508342267587	23.701026324994384	23.81619995279303	26.267265379944998	0.0
219.0	26.39303609921454	23.777876362891806	23.718440914339016	26.11064662355464	0.0
220.0	26.252626968982568	23.771403220898588	23.758606078358326	26.217363731760518	0.0
221.0	26.329694205169478	23.692060937148966	23.778228363586727	26.20001649409483	0.0
222.0	26.217932493651197	23.835673314545232	23.739836935965943	26.20655725583763	0.0
223.0	26.195182018024067	23.725902269644326	23.77111883995325	26.307796872378365	0.0
224.0	26.2384825389603	23.849107041292232	23.741895120009097	26.170515299738366	0.0
225.0	26.2222727789785	23.8229439199181	23.7828460925947	26.1719372085087	0.0
226.0	26.35238512333707	23.656715144552066	23.678328280788765	26.312571451322096	0.0
227.0	26.246175021897646	23.783116631971698	23.778566472147332	26.19214187398332	0.0
228.0	26.361635327440876	23.6818755758796	23.744440273464605	26.212048823214918	0.0
229.0	26.13562358695807	23.77891848081107	23.839208269939	26.246249662291866	0.0
230.0	26.19079443172608	23.759580246562486	23.73370113896512	26.315924182746315	0.0
231.0	26.329859086837203	23.68592432493921	23.656348201970793	26.32786838625279	0.0
232.0	26.293173318924453	23.671136263455004	23.793990928093052	26.24169948952749	0.0
233.0	26.326446457263923	23.698437300041235	23.5616477313123	26.413468511382543	0.0
234.0	26.250590102208548	23.689119937207437	23.66409391583294	26.396196044751076	0.0
235.0	26.313020430450017	23.631523865859762	23.68043864039678	26.375017063293445	0.0
236.0	26.28480586072252	23.635422561847857	23.81743257808656	26.26233899934306	0.0
237.0	26.33514300583854	23.687466050866114	23.6959977703773	26.28139317291805	0.0
238.0	26.246413122922167	23.60527715290832	23.82767064149999	26.320639082669516	0.0
239.0	26.1229875806603	23.75628858825637	23.795818888658214	26.324904942425114	0.0
240.0	26.355949797649146	23.739466521812087	23.750842536054854	26.15374114448391	0.0
241.0	26.36333126660258	23.702368018384423	23.740194879437546	26.194105835575453	0.0
242.0	26.16172246082084	23.796183054125546	23.722233283085412	26.3198612019682	0.0
243.0	26.22557734043673	23.704308400342462	23.813817486752246	26.256296772468563	0.0
244.0	26.397710755297148	23.781065374889423	23.715357680262375	26.10586618955105	0.0
245.0	26.26927234454116	23.75974284576435	23.76230300961484	26.208681800079646	0.0
246.0	26.326988669498107	23.6907908024658	23.784950885986646	26.19726964204945	0.0
247.0	26.22692448841993	23.8221496462395	23.72314791370918	26.227777951631392	0.0
248.0	26.196179735642716	23.713633803137466	23.774516776957785	26.315669684262033	0.0
249.0	26.244334880068738	23.845140586014516	23.742435837982548	26.1680886959342	0.0
