# Position (bp)	A	C	G	T	N
0.0	26.295561755577218	23.829372415879526	23.701356908355464	26.173708920187792	0.0
1.0	26.14681725996392	23.899122659585196	23.80808318486896	26.145976895581924	0.0
2.0	26.120473287916816	23.801653818572966	23.8106176048763	26.26725528863392	0.0
3.0	26.27215023221679	23.75137957500686	23.891157834585456	26.085312358190894	0.0
4.0	26.089294868024098	23.83437395832458	23.86630699977871	26.210024173872608	0.0
5.0	26.239569298513445	23.75692929111846	23.785780912551576	26.217720497816522	0.0
6.0	26.269807256521656	23.677392066733333	23.773189581039937	26.27961109570508	0.0
7.0	26.123771749969187	23.72413252215612	23.80872351629637	26.34337221157832	0.0
8.0	26.277607383443275	23.72421326835007	23.665952410963126	26.332226937243536	0.0
9.0	26.23873306107815	23.732416852931784	23.703286669019487	26.32556341697057	0.0
10.0	26.259859281168772	23.89531235995339	23.677960025096354	26.166868333781483	0.0
11.0	26.194597562068655	23.68020077081653	23.75078426100206	26.374417406112755	0.0
12.0	26.24053284933226	23.712411490544053	23.73621941382092	26.31083624630277	0.0
13.0	26.11701174150757	23.813805234382002	23.886629470287712	26.182553553822714	0.0
14.0	26.2508227715146	23.7154260906099	23.734472375884042	26.299278761991456	0.0
15.0	26.243540368321543	23.70030109936279	23.738953854772074	26.317204677543586	0.0
16.0	26.22694145524416	23.77585946121571	23.808630183796136	26.188568899744	0.0
17.0	26.277077859875753	23.724602690000168	23.733565622671737	26.264753827452342	0.0
18.0	26.29444354192692	23.780621019197483	23.730484614565885	26.194450824309712	0.0
19.0	26.301725924722568	23.700234716799336	23.75457249612073	26.243466862357362	0.0
20.0	26.17680505061256	23.749250754846987	23.801907984292463	26.272036210247997	0.0
21.0	26.145154694616078	23.895458594051973	23.823755132679413	26.135631578652536	0.0
22.0	26.2697954770801	23.86324805476352	23.733005439379763	26.133951028776615	0.0
23.0	26.365026636715534	23.873331354019033	23.604163282225947	26.157478727039486	0.0
24.0	26.142073686510226	23.864088329701477	23.78314184401136	26.210696139776935	0.0
25.0	26.300045374846647	23.81843339140567	23.701355083383284	26.180166150364396	0.0
26.0	26.152997260703703	23.910023359643276	23.804148717460354	26.132830662192667	0.0
27.0	26.112103880389665	23.81003064202607	23.81339174177791	26.264473735806355	0.0
28.0	26.259712177824586	23.76325533714631	23.892937769238095	26.084094715791007	0.0
29.0	26.088576182126793	23.839440264854662	23.862127688179573	26.20985586483898	0.0
30.0	26.237584937791645	23.752891946244812	23.787903401993134	26.221619713970412	0.0
31.0	26.261672819346487	23.680068118288304	23.77333863640183	26.284920425963378	0.0
32.0	26.133390845484644	23.711998565930774	23.809470458734097	26.345140129850485	0.0
33.0	26.281279234565552	23.711998565930774	23.672785735492653	26.333936464011025	0.0
34.0	26.23058264664198	23.72432259835418	23.710318016054856	26.334776738948985	0.0
35.0	26.254110344904852	23.895458594051973	23.684829676270073	26.165601384773097	0.0
36.0	26.197251740769577	23.69015141754382	23.751211396368895	26.36138544531771	0.0
37.0	26.230022463350007	23.712838840868734	23.74168828040535	26.315450415375913	0.0
38.0	26.105381680885987	23.822914857741452	23.88005355352271	26.19164990784985	0.0
39.0	26.25851826332462	23.708290969590536	23.736580146599557	26.296610620485282	0.0
40.0	26.240592448190192	23.69680724427004	23.74246205469054	26.320138252849222	0.0
41.0	26.226794537123137	23.7872099667253	23.81325834388339	26.172737152268173	0.0
42.0	26.283092642593857	23.714106456636454	23.738754383409706	26.264046517359986	0.0
43.0	26.295976786134425	23.777406814031394	23.721108708560674	26.205507691273517	0.0
44.0	26.3024188579047	23.705143574173455	23.756400058258738	26.236037509663106	0.0
45.0	26.187581926347512	23.745476545256956	23.803735281266455	26.263206247129077	0.0
46.0	26.143047604109483	23.893644195973426	23.82362167673124	26.13968652318586	0.0
47.0	26.26852795859148	23.85639221573658	23.74827744602664	26.12680237964529	0.0
48.0	26.366279395453578	23.871517079892893	23.607672227388328	26.154531297265198	0.0
49.0	26.151170216341573	23.857792666121426	23.785529426263487	26.205507691273517	0.0
50.0	26.30213876782773	23.82110086603852	23.69730105201833	26.179459314115423	0.0
51.0	26.161253459112448	23.904287618898238	23.80709636219008	26.127362559799234	0.0
52.0	26.11895985749017	23.801774650727676	23.81185789349855	26.26740759828361	0.0
53.0	26.261245616590294	23.763122220105988	23.89308401581949	26.082548147484232	0.0
54.0	26.084228687946045	23.839586811118455	23.87291753027774	26.20326697065776	0.0
55.0	26.246961022664888	23.752198707104206	23.78636969649439	26.214470573736513	0.0
56.0	26.262646066975137	23.677134566476578	23.774886003338676	26.285333363209606	0.0
57.0	26.129043100261047	23.719988348252798	23.820260595807614	26.330707955678545	0.0
58.0	26.283372732670827	23.718867987944922	23.66985222447539	26.327907054908863	0.0
59.0	26.227354717277073	23.732312311639422	23.70542366425042	26.334909306833076	0.0
60.0	26.260125256282418	23.893924286050392	23.68777798940139	26.158172468265796	0.0
61.0	26.198785529426267	23.68441690847777	23.75331906741208	26.36347849468389	0.0
62.0	26.225394086738298	23.718307807790985	23.745196455179986	26.311101650290738	0.0
63.0	26.10691598418051	23.826422577500924	23.879919782201956	26.18674165611661	0.0
64.0	26.257250811558723	23.704797089312073	23.740088340162842	26.29786375896636	0.0
65.0	26.2432463469354	23.705357267897007	23.743169322379977	26.308227062787616	0.0
66.0	26.23196930229953	23.788197070274204	23.81536565554715	26.164467971879112	0.0
67.0	26.279024171638238	23.712012996106772	23.745623617062993	26.263339215192	0.0
68.0	26.2935887740526	23.780914769067024	23.726297510013165	26.19919894686721	0.0
69.0	26.3131949696104	23.70445060639162	23.754586449317987	26.22776797468	0.0
70.0	26.1877153180405	23.746463882586895	23.801361230148725	26.264459569223874	0.0
71.0	26.130017085398986	23.907794863176765	23.82712937288183	26.13505867854242	0.0
72.0	26.269221073859338	23.85401786964681	23.76130857350923	26.115452482984626	0.0
73.0	26.37089320225191	23.87614486177632	23.604739097554827	26.14822283841694	0.0
74.0	26.15438478559225	23.860459905330085	23.783155477130773	26.201999831946893	0.0
75.0	26.30479231437134	23.834131585581044	23.68960591546929	26.171470184578325	0.0
76.0	26.15774584768787	23.9083550401927	23.803601938212477	26.130297173906953	0.0
77.0	26.123014872699773	23.799960787608885	23.814245301515278	26.262779038176063	0.0
78.0	26.26109850712825	23.758507688429546	23.899112119429738	26.081281685012463	0.0
79.0	26.08800380920371	23.840293532756352	23.867742206537265	26.203960451502674	0.0
80.0	26.237290983950928	23.759908130969386	23.793798840433578	26.209002044646105	0.0
81.0	26.25997815309638	23.685124499341793	23.775312998907655	26.279584348654172	0.0
82.0	26.125255580763522	23.71817494328208	23.81816654062684	26.338402935327565	0.0
83.0	26.27790381760636	23.71565414671036	23.668599277371648	26.337842758311623	0.0
84.0	26.233089656331398	23.719295297313952	23.714813881186455	26.332801165168195	0.0
85.0	26.26193877265216	23.890989552698652	23.689886003977257	26.157185670671936	0.0
86.0	26.200879477915024	23.68316387978601	23.753746183794078	26.362210458504887	0.0
87.0	26.228608240203904	23.710892642074896	23.75010503319049	26.310394084530714	0.0
88.0	26.103408677141974	23.824888664818083	23.88006610088788	26.19163655715206	0.0
89.0	26.25458293537536	23.70578465175293	23.751999126126304	26.28763328674541	0.0
90.0	26.241418812372036	23.698222283219103	23.748918161168078	26.311440743240784	0.0
91.0	26.238544444195476	23.78526294561832	23.807949987676174	26.16824262251003	0.0
92.0	26.278036702592484	23.71664164556678	23.74324990477044	26.262071747070294	0.0
93.0	26.29652244056555	23.784142597862377	23.728965470882162	26.190369490689907	0.0
94.0	26.31640861323355	23.69591521208183	23.764536512133365	26.223139662551255	0.0
95.0	26.18560801272715	23.740449035380582	23.81159111788299	26.26235183400928	0.0
96.0	26.129030451052003	23.904019807748327	23.8292365950391	26.137713146160568	0.0
97.0	26.273275224629728	23.8550045934258	23.74941181742813	26.122308364516343	0.0
98.0	26.371305653274778	23.874890766093795	23.6152501736539	26.13855340697753	0.0
99.0	26.151437406170874	23.860606332205517	23.779941293777586	26.208014967846022	0.0
100.0	26.307165744247012	23.828956508100113	23.69591521208183	26.167962535571043	0.0
101.0	26.15731923188958	23.907660937955143	23.805149118286316	26.129870711868964	0.0
102.0	26.123148625333304	23.791704945214995	23.824195030137354	26.260951399314347	0.0
103.0	26.263752268704206	23.76649712070627	23.89029554773802	26.07945506285151	0.0
104.0	26.087857671021087	23.834838333818816	23.87265007058191	26.204653924578192	0.0
105.0	26.23994487889041	23.762575903560464	23.793945640726882	26.203533576822245	0.0
106.0	26.264312442582177	23.67967016962065	23.772098859485986	26.28391852831119	0.0
107.0	26.124549060028237	23.72560442761433	23.821954334625467	26.32789217773197	0.0
108.0	26.27663626789756	23.705718254946333	23.678829908803692	26.338815568352413	0.0
109.0	26.231822357659816	23.71356068923794	23.71664164556678	26.337975307535462	0.0
110.0	26.26151157319232	23.891135808554974	23.689473212485154	26.15787940576755	0.0
111.0	26.1965314033476	23.681350691254565	23.752212686817987	26.36990521857985	0.0
112.0	26.240785139707366	23.70011651616662	23.757254251719733	26.301844092406284	0.0
113.0	26.10830401756705	23.81495216115082	23.889175199982073	26.187568621300052	0.0
114.0	26.247713796763882	23.70117048003966	23.760828830948398	26.290286892248055	0.0
115.0	26.248834141381888	23.691367464632123	23.747944867841348	26.311853526144642	0.0
116.0	26.23923771965695	23.77504663421411	23.817059439717227	26.16865620641172	0.0
117.0	26.275648817759656	23.705865547818973	23.75348006072251	26.265005573698865	0.0
118.0	26.30225692791163	23.77448646347407	23.72519143835041	26.198065170263895	0.0
119.0	26.31682136715271	23.694942218388164	23.758801682752903	26.229434731706224	0.0
120.0	26.191903292123442	23.741996560551655	23.809217049356644	26.25688309796826	0.0
121.0	26.137006559599367	23.90136513609348	23.823501403227702	26.13812690107945	0.0
122.0	26.268926768879155	23.852630281709867	23.755160572942632	26.12328237646835	0.0
123.0	26.370597758196702	23.864393867250737	23.623800534402886	26.141207840149676	0.0
124.0	26.14989048662032	23.855711220780094	23.7789678293944	26.215430463205188	0.0
125.0	26.306178123091918	23.82938319599814	23.69298162079802	26.171457060111926	0.0
126.0	26.153811681800615	23.901085050723463	23.813698415276978	26.13140485219895	0.0
127.0	26.129444254608803	23.795772951595644	23.820140378787453	26.254642415008096	0.0
128.0	26.26752634202905	23.76468347552334	23.897443940913192	26.07034624153442	0.0
129.0	26.093313241876125	23.833584476548452	23.87167608687128	26.201426194704148	0.0
130.0	26.24007797576701	23.75432031683257	23.808376793246584	26.197224914153832	0.0
131.0	26.264725488328843	23.684018888957354	23.777287317174274	26.27396830553953	0.0
132.0	26.12076160813816	23.726311779830493	23.820140378787453	26.332786233243894	0.0
133.0	26.273688220169504	23.7075460600391	23.681498120627168	26.337267599164228	0.0
134.0	26.235596609846677	23.70782614540912	23.72463126761037	26.33194597713383	0.0
135.0	26.257443268708304	23.885400270002297	23.699143498938476	26.158012962350924	0.0
136.0	26.197504999523858	23.672815474156522	23.754880487572613	26.37479903874701	0.0
137.0	26.233636012256532	23.694101962278104	23.76160253645311	26.31065948901225	0.0
138.0	26.10031537612664	23.818739951937353	23.897724026283214	26.183220645652796	0.0
139.0	26.242952332137364	23.69864970464915	23.765310209420416	26.293087753793067	0.0
140.0	26.2516350029269	23.68072419076108	23.75186607400436	26.315774732307656	0.0
141.0	26.240785139707366	23.771818772547	23.817472943601693	26.16992314414394	0.0
142.0	26.279157050348427	23.70347755943445	23.756974164780747	26.260391225436376	0.0
143.0	26.31220730914876	23.769297990096124	23.728685383943176	26.18980931681194	0.0
144.0	26.31752896098949	23.68387147370544	23.769858163974096	26.228741401330975	0.0
145.0	26.20073270743239	23.730085818638106	23.814111900333863	26.255069573595648	0.0
146.0	26.15339801474378	23.887774765287144	23.828116247283155	26.13071097268592	0.0
147.0	26.272715050751756	23.849963028524055	23.76285599049945	26.11446593022474	0.0
148.0	26.374946783481594	23.863967375473347	23.618891303860718	26.142194537184345	0.0
149.0	26.149476797597977	23.8569652019987	23.785543032557303	26.208014967846022	0.0
150.0	26.307725918124987	23.8213941607475	23.698716081471687	26.172163839655827	0.0
151.0	26.159559927401467	23.889175199982073	23.81439198727285	26.13687288534361	0.0
152.0	26.127069842479106	23.7995473795066	23.818873378296622	26.254509399717673	0.0
153.0	26.260951399314347	23.767337381523223	23.90149902529745	26.07021219386498	0.0
154.0	26.11250532165184	23.82643572564924	23.865927984046248	26.19513096865267	0.0
155.0	26.234623227049674	23.761455555804524	23.801227901140514	26.202693316005288	0.0
156.0	26.25731026910753	23.68835286472921	23.780781554594547	26.273555311568707	0.0
157.0	26.126229581662148	23.72504425373636	23.8213941607475	26.327332003853996	0.0
158.0	26.28111765892133	23.702357211678503	23.686112169217324	26.33041296018284	0.0
159.0	26.24050505276838	23.70487799412938	23.728685383943176	26.325931569159067	0.0
160.0	26.262631920948266	23.881332765690473	23.6984359945327	26.157599318828566	0.0
161.0	26.190089403750928	23.673228170023975	23.764536512133365	26.372145914091732	0.0
162.0	26.23490331398866	23.697035559837772	23.772098859485986	26.295962266687578	0.0
163.0	26.10578323511618	23.81635259584575	23.902899459992383	26.17496470904569	0.0
164.0	26.248701093182387	23.69906254638953	23.76852430181133	26.28371205861676	0.0
165.0	26.247020566841535	23.67945640574628	23.761242021000978	26.312281006411208	0.0
166.0	26.238691426490774	23.765509901128755	23.8274094613898	26.16838921099067	0.0
167.0	26.283225499257767	23.70052936728006	23.755706803349856	26.260538330112315	0.0
168.0	26.309833907514772	23.76074839649329	23.734139988236283	26.19527770775565	0.0
169.0	26.315715766182112	23.684004145309917	23.769151051732347	26.23112903677562	0.0
170.0	26.202560008962834	23.726857687029103	23.81592583256309	26.254656471444974	0.0
171.0	26.145141864829284	23.89491079181021	23.833291320057135	26.12665602330336	0.0
172.0	26.271741870431054	23.85037671904322	23.765789989636726	26.112091420889	0.0
173.0	26.373694087331597	23.868302383553203	23.617343080413413	26.14066044870179	0.0
174.0	26.149063103940843	23.847015656947594	23.78987760132202	26.21404363778954	0.0
175.0	26.310113996022743	23.820127160182615	23.702209898327872	26.167548945466766	0.0
176.0	26.168949388006613	23.89154972971459	23.807523177324033	26.131977704954767	0.0
177.0	26.124975492255555	23.807523177324033	23.81620592107106	26.251295409349357	0.0
178.0	26.262498949668096	23.758227599921575	23.904993978097078	26.07427947231325	0.0
179.0	26.103128588634007	23.81620592107106	23.877265215808197	26.20340027448674	0.0
180.0	26.242052488586392	23.754586449317987	23.80892361986388	26.194437442231745	0.0
181.0	26.268380808335433	23.678962552166485	23.77783379547937	26.274822844018708	0.0
182.0	26.128616642859143	23.7215360053777	23.824888664818083	26.324958686945077	0.0
183.0	26.273142312970897	23.703330252359745	23.688485561437414	26.33504187323194	0.0
184.0	26.240652046046552	23.7019298098199	23.730218749124724	26.327199395008822	0.0
185.0	26.26389939220794	23.87586477326835	23.702209898327872	26.158025936195838	0.0
186.0	26.18799540654847	23.67392095902305	23.764389547096883	26.373694087331597	0.0
187.0	26.240652046046552	23.69296697756491	23.77447273338375	26.29190824300479	0.0
188.0	26.117133014032433	23.81200459345153	23.90275327003333	26.1681091224827	0.0
189.0	26.252769382879258	23.696114321245613	23.77005789445675	26.281058401418374	0.0
190.0	26.25444991863406	23.670346106338698	23.770898162334152	26.304305812693084	0.0
191.0	26.230155618046762	23.772085102568987	23.826982757654864	26.170776521729387	0.0
192.0	26.28057183190114	23.693939971094704	23.756960238412674	26.26852795859148	0.0
193.0	26.3113817403677	23.75499960787389	23.731472041408516	26.202146610349892	0.0
194.0	26.31558309152223	23.687217809247453	23.760881499490235	26.236317599740076	0.0
195.0	26.201306340118986	23.72643042002308	23.81801987519186	26.254243364666074	0.0
196.0	26.14528832472523	23.89280392574252	23.829223478270613	26.132684271261635	0.0
197.0	26.265166877667856	23.85415149512083	23.763402310182954	26.11727931702836	0.0
198.0	26.37972371914808	23.864794918045643	23.61579483962042	26.13968652318586	0.0
199.0	26.156772017880954	23.850230234043266	23.781328075108952	26.211669672966824	0.0
200.0	26.315303001445265	23.821661046192453	23.69898159248014	26.164054359882137	0.0
201.0	26.17889913396148	23.89000302497283	23.799533930111924	26.131563910953766	0.0
202.0	26.135485172031323	23.798693659881017	23.812418073652488	26.253403094435168	0.0
203.0	26.266847418129668	23.7648027605678	23.89504464635827	26.07330517494426	0.0
204.0	26.10243454294901	23.818299965268828	23.875998521124394	26.20326697065776	0.0
205.0	26.250042013511543	23.762842130029014	23.799253840034957	26.187862016424486	0.0
206.0	26.266847418129668	23.680495647400203	23.781888255262892	26.270768679207237	0.0
207.0	26.130443550645886	23.721108708560674	23.822221226346393	26.32622651444705	0.0
208.0	26.28225237236295	23.69506033140258	23.68553726878564	26.33715002744883	0.0
209.0	26.24472030204914	23.703182943634673	23.727830870407924	26.324265883908264	0.0
210.0	26.26740759828361	23.87459807073955	23.702062583326796	26.155931747650047	0.0
211.0	26.190102737040235	23.682456277938986	23.76172176972114	26.365719215299638	0.0
212.0	26.233516698970387	23.69253952070986	23.775726273569582	26.29821750675017	0.0
213.0	26.114198326181697	23.8096171728828	23.914090771592143	26.162093729343354	0.0
214.0	26.25851826332462	23.686723973256925	23.77215168600694	26.282606077411515	0.0
215.0	26.25375671867954	23.66851806726102	23.765149414470056	26.31257579958939	0.0
216.0	26.246547870463218	23.769977536649993	23.8156324749458	26.167842117940992	0.0
217.0	26.296124091802834	23.687630592729942	23.747570204971066	26.268675110496154	0.0
218.0	26.315730507021897	23.75765350422658	23.73272534773378	26.19389064101774	0.0
219.0	26.312929590562035	23.688470867667903	23.762134970562368	26.2364645712077	0.0
220.0	26.208175314963057	23.719280948726425	23.817313024821722	26.255230711488796	0.0
221.0	26.150756527535812	23.88985676113224	23.830197240537103	26.129189470794845	0.0
222.0	26.271756118602006	23.845882372712353	23.766616436898154	26.115745071787487	0.0
223.0	26.390234884854323	23.857926313489774	23.61928823110922	26.13255057054668	0.0
224.0	26.16896248452494	23.846722647650314	23.772778453109858	26.211536414714892	0.0
225.0	26.326373989569383	23.808070000504163	23.701915266675254	26.163640743251193	0.0
226.0	26.17932587542644	23.885375294796457	23.805549175690285	26.129749654086815	0.0
227.0	26.14319405309417	23.79378532655885	23.8156324749458	26.247388145401175	0.0
228.0	26.26951538543412	23.755692862704677	23.90078033532572	26.07401141653549	0.0
229.0	26.106221955823944	23.814512108361857	23.877812820354823	26.201453115459376	0.0
230.0	26.244307137295326	23.762134970562368	23.79518578478878	26.198372107353524	0.0
231.0	26.264193644160372	23.67642692689048	23.790984410098982	26.268395018850164	0.0
232.0	26.13058992902478	23.721801773540303	23.829076873953156	26.318531423481762	0.0
233.0	26.289121800653177	23.68931114260586	23.680908393226265	26.340658663514706	0.0
234.0	26.240946037543484	23.69659352540151	23.739727638883444	26.32273279817156	0.0
235.0	26.26671446897425	23.87641236212489	23.706116641365053	26.150756527535812	0.0
236.0	26.186048074930117	23.682588943102186	23.75709332093461	26.37426966103309	0.0
237.0	26.228061821828103	23.68707040943797	23.774178911339792	26.310688857394137	0.0
238.0	26.12302745458314	23.809750550380084	23.912544184457154	26.154677810579624	0.0
239.0	26.2508227715146	23.68545620054618	23.769203837266296	26.294517190672924	0.0
240.0	26.250070024088284	23.664780684555488	23.770937202397626	26.314212088958598	0.0
241.0	26.241607542497974	23.762733987457178	23.826036295190427	26.169622174854418	0.0
242.0	26.294693500273098	23.69844404296738	23.748301892077365	26.258560564682153	0.0
243.0	26.31713103664634	23.749114163027617	23.73426851574339	26.199486284582658	0.0
244.0	26.311750008403266	23.67704563534302	23.77844505943911	26.2327592968146	0.0
245.0	26.204348483745004	23.721141294909216	23.817780491767458	26.256729729578314	0.0
246.0	26.147278548559232	23.888155922878905	23.82849155595145	26.13607397261041	0.0
247.0	26.273477219568903	23.843471197075587	23.76279779828849	26.120253785067014	0.0
248.0	26.39751030835425	23.855436536392972	23.611453477949084	26.135599677303695	0.0
249.0	26.15996997131588	23.84227097525995	23.79016896737182	26.207590086052345	0.0
