# Position (bp)	A	C	G	T	N
0.0	26.33568499135926	23.751280755582975	23.710519923950336	26.202514329107423	0.0
1.0	26.16845390815412	23.796508527668507	23.78003668474847	26.255000879428902	0.0
2.0	26.16517172935353	23.85450951818631	23.70794703650662	26.272371715953536	0.0
3.0	26.32397318973483	23.628988808584644	23.81602418618674	26.231013815493785	0.0
4.0	26.15029882785785	23.836441645521212	23.70859189410244	26.304667632518502	0.0
5.0	26.308840605600466	23.767641016479836	23.738890625697824	26.18462775222187	0.0
6.0	26.334181850660947	23.686751964987497	23.760997231153983	26.21806895319757	0.0
7.0	26.297824121107922	23.745715784890535	23.752414231967222	26.20404586203432	0.0
8.0	26.273118753715323	23.883587812889846	23.69129783178394	26.151995601610885	0.0
9.0	26.21319394637919	23.689549606369532	23.842759906343577	26.254496540907706	0.0
10.0	26.286254834443	23.87000998978698	23.604359788596017	26.239375387174007	0.0
11.0	26.118549192724753	23.812526858016664	23.791040444685045	26.277883504573534	0.0
12.0	26.317507799288997	23.646495482272314	23.701467215081788	26.3345295033569	0.0
13.0	26.225702215053882	23.693653973870287	23.798574641567562	26.282069169508265	0.0
14.0	26.267279820072215	23.80694597143702	23.797737508580614	26.128036699910144	0.0
15.0	26.19333307289196	23.8462912218235	23.758113213865155	26.202262491419386	0.0
16.0	26.221795594448132	23.822851498189003	23.599336990674338	26.356015916688524	0.0
17.0	26.22151655011915	23.83680371463811	23.633659443139138	26.308020292103603	0.0
18.0	26.2176099295134	23.72686024901916	23.79215662200097	26.263373199466468	0.0
19.0	26.255486693808304	23.676287158136773	23.822226934957737	26.24599921309719	0.0
20.0	26.190117421198323	23.7013349406197	23.83108982944906	26.277457808732922	0.0
21.0	26.199046789891955	23.773607018483794	23.85397133672649	26.17337485489776	0.0
22.0	26.317360925082596	23.805975979998216	23.691847486382713	26.18481560853648	0.0
23.0	26.21076658630235	23.64468925796946	23.81490534869185	26.329638807036343	0.0
24.0	26.17253772658273	23.807929279399946	23.6873828020359	26.33215019198143	0.0
25.0	26.335777748013218	23.737331458165908	23.727006875613892	26.199883918206986	0.0
26.0	26.178676667559603	23.772769890168767	23.794814269131173	26.25373917314046	0.0
27.0	26.147702919903566	23.872667202428786	23.716961335833556	26.262668541834095	0.0
28.0	26.329359764264666	23.625714349495492	23.807929279399946	26.236996606839895	0.0
29.0	26.139331636753283	23.842530583087775	23.7094271809983	26.30871059916064	0.0
30.0	26.308152513617287	23.782536387177426	23.71891463523529	26.190396463969996	0.0
31.0	26.342195731761763	23.68570854540584	23.753515938923115	26.21857978390928	0.0
32.0	26.284154835253148	23.749330297347978	23.749888382891328	26.216626484507543	0.0
33.0	26.27131886775605	23.881875613894096	23.694916956871147	26.151888561478703	0.0
34.0	26.19514019108849	23.692963657469416	23.85201803732476	26.25987811411733	0.0
35.0	26.28387579248147	23.875736672917224	23.617064023573533	26.22332351102777	0.0
36.0	26.11756630056255	23.81518439146352	23.802069381194748	26.265179926779176	0.0
37.0	26.32629029377623	23.6547347977498	23.697986427359584	26.320988481114387	0.0
38.0	26.215510313420843	23.689057058665952	23.81044066434503	26.284991963568178	0.0
39.0	26.266854183409233	23.81183587820341	23.79927895347799	26.122030984909365	0.0
40.0	26.197651576033575	23.848948566836327	23.76049200821502	26.19290784891508	0.0
41.0	26.22974149477632	23.81825386195196	23.604786141619787	26.34721850165193	0.0
42.0	26.23029958031967	23.832764086079113	23.62459817840879	26.31233815519243	0.0
43.0	26.221370211626038	23.727844003928922	23.793140012501116	26.25764577194392	0.0
44.0	26.25199166222525	23.672806520653296	23.82851195276377	26.246689864357688	0.0
45.0	26.19583112425705	23.69506376091749	23.838490945112593	26.270614169712868	0.0
46.0	26.207271814046933	23.774590507017887	23.84183943968524	26.176298239249938	0.0
47.0	26.326980495019114	23.803331752099783	23.683623071127606	26.186064681753496	0.0
48.0	26.214247844406618	23.640929765326337	23.816725730390377	26.328096659876664	0.0
49.0	26.174903033177998	23.809470658816306	23.68836677177219	26.3272595362335	0.0
50.0	26.344002009096744	23.733292407288555	23.72436308842816	26.198342495186537	0.0
51.0	26.179646733822587	23.774032424589112	23.80054133995591	26.245779501632395	0.0
52.0	26.146440829310492	23.86862739626643	23.72045651142674	26.264475262996346	0.0
53.0	26.330049948377376	23.625024416106257	23.820353266177413	26.22457236933895	0.0
54.0	26.147556994168035	23.840165192398917	23.707899656779308	26.30437815665374	0.0
55.0	26.315818846443616	23.766498311800653	23.72994391271591	26.187738929039817	0.0
56.0	26.343722967882353	23.690878142701678	23.755336663225158	26.210062226190807	0.0
57.0	26.289309931076822	23.746965426793537	23.757568992940257	26.206155649189384	0.0
58.0	26.267544716354607	23.891229734631807	23.697296090632587	26.143929458381006	0.0
59.0	26.210062226190807	23.686134442057092	23.843792728185953	26.260010603566148	0.0
60.0	26.290984178363143	23.875324385411727	23.61330468510199	26.220386751123144	0.0
61.0	26.109328347796968	23.81421435946089	23.806401205458048	26.270056087284093	0.0
62.0	26.31805117615872	23.661578815191003	23.700923626419623	26.319446382230655	0.0
63.0	26.210062226190807	23.690320060272903	23.81449340067528	26.285124312861008	0.0
64.0	26.270614169712868	23.800262298741522	23.80277366967101	26.126349861874598	0.0
65.0	26.20113290733041	23.841281357256467	23.76259173479923	26.194994000613892	0.0
66.0	26.22457236933895	23.823701760750062	23.604375366241594	26.347350503669393	0.0
67.0	26.23852443005832	23.826771214108327	23.618048385746572	26.31665597008678	0.0
68.0	26.22457236933895	23.718503222926028	23.79663476295449	26.26028964478053	0.0
69.0	26.251287074009895	23.670721124198106	23.82754184908935	26.25044995270265	0.0
70.0	26.175873115087118	23.696326721953724	23.842543502282545	26.285256660676616	0.0
71.0	26.208799794626813	23.774457825946225	23.845612938510822	26.17112944091614	0.0
72.0	26.328507807529604	23.792874443315885	23.68711841326889	26.191499335885617	0.0
73.0	26.218845222282987	23.64330918710167	23.811291060685544	26.32655452992979	0.0
74.0	26.163595370174008	23.809895862399962	23.688513611554473	26.337995155871553	0.0
75.0	26.34776154387061	23.72702108423649	23.72283548937975	26.202381882513144	0.0
76.0	26.182849106515015	23.763575279318697	23.80236179165783	26.251213822508458	0.0
77.0	26.14936434766109	23.856774524795462	23.721719330751288	26.27214179679216	0.0
78.0	26.32432221267286	23.624334490417777	23.831102876340786	26.22024042056857	0.0
79.0	26.142946435547422	23.847845255767748	23.707767347895484	26.301440960789346	0.0
80.0	26.31120734878841	23.7861774915451	23.716138537608966	26.186476622057526	0.0
81.0	26.34162267141406	23.680421461498106	23.767760874175437	26.210194992912395	0.0
82.0	26.27995490719141	23.74069402743518	23.769993191432366	26.209357873941048	0.0
83.0	26.272420836449278	23.880213855993212	23.702744634067393	26.144620673490117	0.0
84.0	26.20405612045584	23.682653778755036	23.846171017825053	26.26711908296407	0.0
85.0	26.299766722846652	23.871563626622617	23.614568102418716	26.21410154811202	0.0
86.0	26.111135914636186	23.81380241759959	23.80431506925764	26.270746598506577	0.0
87.0	26.3232060540444	23.656982130300356	23.702186554753162	26.317625260902076	0.0
88.0	26.213264429140672	23.689629770182936	23.819941290056143	26.27716451062025	0.0
89.0	26.25651557599366	23.807105465828805	23.812686258971123	26.123692699206412	0.0
90.0	26.20461419977007	23.845333898853703	23.766086636232743	26.183965265143485	0.0
91.0	26.223867936111077	23.825522083198464	23.60452267476254	26.346087305927917	0.0
92.0	26.23781991896688	23.826638241826927	23.626845847331822	26.308695991874366	0.0
93.0	26.224426015425312	23.71083678412376	23.799850434743785	26.26488676570714	0.0
94.0	26.25727942674253	23.669751906533136	23.83271061156951	26.240258055154825	0.0
95.0	26.176285109968916	23.695357364094495	23.84631697611992	26.28204054981667	0.0
96.0	26.20502603425472	23.772092841556585	23.85022350951799	26.172657614670708	0.0
97.0	26.33226740779186	23.792183584746663	23.690334678296978	26.185214329164502	0.0
98.0	26.21814082494824	23.636759363123442	23.820924509032462	26.32417530289586	0.0
99.0	26.172099538470984	23.810600099337563	23.683916802000144	26.333383560191308	0.0
100.0	26.349567769983313	23.729120974177814	23.724656364580017	26.196654891258852	0.0
101.0	26.179633567167258	23.7609313175621	23.807251642139217	26.252183473131424	0.0
102.0	26.144195728484764	23.858873690613716	23.7277257836785	26.26920479722301	0.0
103.0	26.339522398388276	23.618063810432677	23.819808356633015	26.222605434546033	0.0
104.0	26.14782322378297	23.837945833124056	23.7115415738865	26.302689369206472	0.0
105.0	26.30799109310385	23.7815801369519	23.72856289797809	26.18186587196616	0.0
106.0	26.351521036682346	23.676382773303867	23.762884584261133	26.209211605752646	0.0
107.0	26.29208592141171	23.741956726771473	23.765954003359617	26.200003348457194	0.0
108.0	26.277296902119012	23.87589501470531	23.70512369758967	26.141684385586007	0.0
109.0	26.20502603425472	23.688660449697803	23.846037938020057	26.260275578027425	0.0
110.0	26.304642635905505	23.864175414511095	23.609692667436814	26.22148928214658	0.0
111.0	26.112385385100485	23.81171625173701	23.80474029924046	26.271158063922044	0.0
112.0	26.33226740779186	23.652385496715723	23.704844659489808	26.310502436002615	0.0
113.0	26.219815053547414	23.682242573400973	23.822040661431913	26.275901711619703	0.0
114.0	26.261949806626596	23.80390318494087	23.819529318533153	26.114617689899376	0.0
115.0	26.20167757705637	23.845479861820333	23.765954003359617	26.186888557763677	0.0
116.0	26.229302348942724	23.809762985037978	23.609971705536676	26.350962960482626	0.0
117.0	26.239626758637623	23.817017975634393	23.6289462963273	26.31440896940068	0.0
118.0	26.227907158443415	23.709867345287325	23.792183584746663	26.2700419115226	0.0
119.0	26.256163271228576	23.668356712140703	23.835780039232866	26.23969997739785	0.0
120.0	26.189267018628687	23.686002254640428	23.8470081367964	26.277722589934484	0.0
121.0	26.212706349826437	23.762180081033115	23.85844876273816	26.166664806402284	0.0
122.0	26.320136617816125	23.792037324344538	23.691304008125634	26.196522049713707	0.0
123.0	26.21800810331164	23.638844552587816	23.822452646970188	26.320694697130353	0.0
124.0	26.176989273715577	23.804873148571875	23.684886096011965	26.333251481700582	0.0
125.0	26.347203464556383	23.727300123893606	23.727300123893606	26.1981962876564	0.0
126.0	26.173919837487304	23.756041208576562	23.80961682274285	26.260422131193284	0.0
127.0	26.148248189032625	23.850635652338912	23.730369560121883	26.270746598506577	0.0
128.0	26.35306329735582	23.610382507561976	23.803198910629177	26.233355284453026	0.0
129.0	26.14406259417588	23.83445135222618	23.72144029109417	26.300045762503764	0.0
130.0	26.30813791256013	23.776411103546035	23.730648599779	26.184802384114832	0.0
131.0	26.361229005695215	23.665698396354614	23.77201280237519	26.201059795574977	0.0
132.0	26.275005511048604	23.73852795008525	23.769501438453446	26.216965100412704	0.0
133.0	26.28505096673559	23.874420642295274	23.712019108689038	26.128509282280092	0.0
134.0	26.20468732123972	23.68774259077883	23.84651659872032	26.261053489261126	0.0
135.0	26.293143139372326	23.867444631401536	23.61909864358444	26.220313585641698	0.0
136.0	26.117905745721615	23.806892856843888	23.806613816408138	26.268587581026363	0.0
137.0	26.323279506433277	23.657606223717877	23.7078335021528	26.31128076769605	0.0
138.0	26.21082621082621	23.688858752521828	23.830890334318347	26.269424702333616	0.0
139.0	26.273889349305605	23.793777956363655	23.818891595581114	26.113441098749618	0.0
140.0	26.208387978904486	23.840723274827692	23.760080363869744	26.190808382398078	0.0
141.0	26.23887668855286	23.808699971258676	23.609743030228618	26.34268030995985	0.0
142.0	26.236086268622564	23.815117937098353	23.6331825576431	26.315613236635983	0.0
143.0	26.222971294950177	23.707686769781986	23.80507242534929	26.26426950991855	0.0
144.0	26.259320028573978	23.66589650861684	23.837507813197607	26.237275649611576	0.0
145.0	26.19911989664227	23.68158898559298	23.842876157681932	26.27641496008282	0.0
146.0	26.209723551554692	23.76446492004007	23.860176857802198	26.165634670603037	0.0
147.0	26.331739060067083	23.787412868408275	23.69421206252825	26.186636008996388	0.0
148.0	26.21844706250035	23.63254326582321	23.823409586846967	26.325600084829475	0.0
149.0	26.18524078735148	23.799132730225523	23.68472455534286	26.330901927080134	0.0
150.0	26.339273256949596	23.72937164798	23.742486731442156	26.18886836362825	0.0
151.0	26.193612117220944	23.759787479839048	23.803597439489238	26.243002963450774	0.0
152.0	26.143942226662126	23.849639753771285	23.72825547066407	26.278162548902518	0.0
153.0	26.346249365174153	23.622497669979854	23.815317301306486	26.215935663539508	0.0
154.0	26.136408029779613	23.830385695071516	23.731883046940837	26.301323228208034	0.0
155.0	26.30997360240648	23.768716898366474	23.732999224256766	26.188310274970284	0.0
156.0	26.35385710100038	23.66135085736609	23.772968900422754	26.21182314121078	0.0
157.0	26.269027388277316	23.732228314707072	23.78915351666597	26.209590780349647	0.0
158.0	26.28381677898232	23.882633627725923	23.710741841418663	26.12280775187309	0.0
159.0	26.200940382012757	23.687581097484408	23.844404447979013	26.267074072523823	0.0
160.0	26.28995577135044	23.86533283105214	23.622563587403903	26.22214781019352	0.0
161.0	26.120296345904315	23.80450099758626	23.80980285463145	26.265399801877976	0.0
162.0	26.331533492389042	23.654932819890334	23.72134555550905	26.292188132211574	0.0
163.0	26.218241178686537	23.68590682683856	23.829894102381648	26.265957892093255	0.0
164.0	26.270143568707883	23.798362005218145	23.820406568721832	26.11108785735214	0.0
165.0	26.209384871248226	23.842238617718298	23.7719190543693	26.176457456664178	0.0
166.0	26.238757907484867	23.81077287554798	23.617951630051092	26.33251758691606	0.0
167.0	26.236804580830054	23.815795715517506	23.63608966327439	26.31131004037805	0.0
168.0	26.231223647530577	23.707246562842705	23.80128528893887	26.26024450068785	0.0
169.0	26.251667308475785	23.669920359859585	23.842929774920332	26.235482556744298	0.0
170.0	26.200395690379253	23.687287400135617	23.844391549303634	26.267925360181493	0.0
171.0	26.21351095682845	23.76709519172008	23.858623008642123	26.160770842809345	0.0
172.0	26.328831342783793	23.777765375599955	23.698515459314656	26.194887822301595	0.0
173.0	26.21051456635785	23.622893180042414	23.82436655876772	26.34222569483201	0.0
174.0	26.189027793280502	23.79339211965621	23.69265543029356	26.324924656769728	0.0
175.0	26.354782899877215	23.72307177140306	23.735628976448265	26.18651635227146	0.0
176.0	26.189864940283513	23.76046433753767	23.801205491684343	26.24846523049447	0.0
177.0	26.14577519812479	23.856457193883244	23.726978457417122	26.270789150574842	0.0
178.0	26.352271458868177	23.615079808014286	23.81906462774863	26.213584105368902	0.0
179.0	26.133776091081597	23.82799419578078	23.731443241433194	26.30678647170443	0.0
180.0	26.31627413773859	23.768556758566806	23.738698515459316	26.176470588235297	0.0
181.0	26.354577393061145	23.658398421694447	23.783691772775345	26.20333241246906	0.0
182.0	26.26611861289935	23.73346281243111	23.792342315945742	26.208076258723796	0.0
183.0	26.280071101883866	23.883591593904438	23.709185481598062	26.127151822613637	0.0
184.0	26.210308656961317	23.675420458255548	23.84619892342595	26.268071961357187	0.0
185.0	26.294023590868377	23.851500869240063	23.63328394152233	26.22119159836923	0.0
186.0	26.121849876799523	23.80406240669273	23.809643402286536	26.264444314221215	0.0
187.0	26.335043908482834	23.647794530066218	23.73150946397328	26.28565209747767	0.0
188.0	26.218959200131714	23.677931906272757	23.839501728713387	26.263607164882142	0.0
189.0	26.267792911577498	23.797644261759856	23.81606154721941	26.11850127944324	0.0
190.0	26.212614201441014	23.83566154515875	23.762271248304767	26.189453005095466	0.0
191.0	26.238360071102278	23.810055335880143	23.6180680159729	26.33351657704468	0.0
192.0	26.236127660405685	23.8061486171611	23.638996866253486	26.31872685617973	0.0
193.0	26.226639914945153	23.70262057110647	23.807264822509396	26.263474691438983	0.0
194.0	26.25601357309491	23.670037616225205	23.8321668954894	26.241781915190483	0.0
195.0	26.203624897099242	23.69326505839182	23.84227930404208	26.260830740466858	0.0
196.0	26.232088292335813	23.742099314925145	23.853720472715604	26.172091920023437	0.0
197.0	26.3225748840532	23.780395921351513	23.71258587876792	26.184443315827366	0.0
198.0	26.22295272272669	23.625242079061486	23.819463435597203	26.332341762614618	0.0
199.0	26.197837892140175	23.783744565429714	23.692773067971896	26.325644474458215	0.0
200.0	26.335690406692823	23.728770991812564	23.7349101726226	26.200628428872008	0.0
201.0	26.205093287642946	23.751095285667244	23.796301980722973	26.247509445966838	0.0
202.0	26.14481769423531	23.84708974924237	23.73797976302762	26.2701127934947	0.0
203.0	26.34099242648331	23.62803261579332	23.818347220904467	26.2126277368189	0.0
204.0	26.1330974399616	23.824765455387688	23.73630544098852	26.30583166366219	0.0
205.0	26.312808005491778	23.769791881770537	23.74104935343264	26.176350759305045	0.0
206.0	26.356972035953376	23.66353846626092	23.777671737086056	26.201817760699647	0.0
207.0	26.268026967897484	23.73615886056168	23.793365182836986	26.202448988703846	0.0
208.0	26.291188552038218	23.87233781309997	23.704346564272	26.13212707058981	0.0
209.0	26.20579765147118	23.671697102290484	23.85392016787963	26.268585078358708	0.0
210.0	26.295242081763636	23.84679782335705	23.63499372122227	26.22296637365704	0.0
211.0	26.11608762383145	23.803544021208317	23.808287986605276	26.27208036835496	0.0
212.0	26.325659271661785	23.659829775359288	23.724291893400306	26.290219059578625	0.0
213.0	26.233291474815125	23.66513185433236	23.84400725547649	26.257569415376032	0.0
214.0	26.2692898004744	23.798241942235247	23.815822519882797	26.116645737407563	0.0
215.0	26.211040075457166	23.837934527513678	23.760635581514112	26.19038981551504	0.0
216.0	26.233996003884492	23.809816156361972	23.624242356591914	26.33194548316162	0.0
217.0	26.237623762376238	23.803955931106074	23.644055499123755	26.31436480739393	0.0
218.0	26.228135778628598	23.699029993190976	23.817350731690983	26.255483496489447	0.0
219.0	26.25639394218453	23.666167150834248	23.838625689624863	26.23881321735636	0.0
220.0	26.209306089645203	23.686046446730256	23.849854609790537	26.254792853834	0.0
221.0	26.234979600721093	23.739905008009018	23.86073794600749	26.1643774452624	0.0
222.0	26.331049686754387	23.773179477877466	23.709274581757803	26.186496253610347	0.0
223.0	26.22472756700945	23.623602952462015	23.81810824763845	26.33356123289009	0.0
224.0	26.20044928769761	23.790760300827415	23.689182212672147	26.31960819880283	0.0
225.0	26.349188631067825	23.715692977437943	23.7388550140228	26.19626337747143	0.0
226.0	26.204914258605534	23.750296501974354	23.803038970824204	26.241750268595904	0.0
227.0	26.14882306157474	23.8443399517225	23.736622528568837	26.27021445813392	0.0
228.0	26.331607808117873	23.63085853018739	23.819503551047173	26.21803011064756	0.0
229.0	26.145753394075545	23.82034073309241	23.738575953341055	26.295329919490996	0.0
230.0	26.314585106531414	23.76341235401638	23.742203742203742	26.17979879724846	0.0
231.0	26.364331480365234	23.660225928158418	23.7679436519099	26.20749893956645	0.0
232.0	26.266101846270622	23.731386600584912	23.79752416672248	26.204987386421983	0.0
233.0	26.293728930859732	23.879847297568816	23.70320139307481	26.123222378496642	0.0
234.0	26.219219520907284	23.66301654276338	23.85222021297971	26.265543723349634	0.0
235.0	26.300426405911637	23.838825262875897	23.63818007277923	26.22256825843324	0.0
236.0	26.11485053468176	23.79752416672248	23.807849440760833	26.27977585783493	0.0
237.0	26.342564686446547	23.648505346817583	23.72999129328243	26.27893867345344	0.0
238.0	26.24600942111491	23.669434956354788	23.836592771191928	26.24796285133838	0.0
239.0	26.280892103676912	23.79194293751256	23.820686267943653	26.106478690866876	0.0
240.0	26.21223749389521	23.824181957719947	23.760273494732438	26.20330705365241	0.0
241.0	26.233223279348273	23.810175016536007	23.622348308303724	26.334253395811995	0.0
242.0	26.23050107594707	23.797269801752215	23.640692290301963	26.331536831998747	0.0
243.0	26.227472039790438	23.709866946524617	23.808673177457663	26.253987836227278	0.0
244.0	26.254940490811247	23.671091708907397	23.82907576535739	26.244892034923968	0.0
245.0	26.200358970207706	23.684217872026842	23.85197922104023	26.263443936725224	0.0
246.0	26.230016162935794	23.749466120644172	23.849402753002984	26.171114963417054	0.0
247.0	26.340077106254206	23.776475613262722	23.69216681974389	26.19128046073918	0.0
248.0	26.21745745913425	23.611262336502087	23.842986166366543	26.328294037997125	0.0
249.0	26.192609964124685	23.78519480156902	23.697251420355403	26.324943813950892	0.0
