# Position (bp)	A	C	G	T	N
0.0	26.31663050243057	23.75009111144752	23.70047041541213	26.23280797070977	0.0
1.0	26.192999276715277	23.76074414223478	23.7385970519139	26.30765952913604	0.0
2.0	26.241943939066886	23.62643985882445	23.79884446861535	26.33277173349331	0.0
3.0	26.191564093435783	23.80381065042314	23.725882092409815	26.278743163731267	0.0
4.0	26.221816102521554	23.747911784821337	23.71287461739413	26.317397495262973	0.0
5.0	26.27616728000426	23.797685479734636	23.69482414074346	26.231323099517645	0.0
6.0	26.252021423586687	23.668522966454876	23.76437417846823	26.315081431490206	0.0
7.0	26.22408685684819	23.70879190173114	23.806601142882766	26.260520098537903	0.0
8.0	26.22913607371454	23.806454505711308	23.602999697339953	26.361409723234203	0.0
9.0	26.472879513075448	23.76783652606683	23.645376794861736	26.113907165995986	0.0
10.0	26.240147055114843	23.817716666713366	23.674248261986758	26.267888016185033	0.0
11.0	26.252196159418055	23.78913507045924	23.63950200771703	26.319166762405672	0.0
12.0	26.351110899395586	23.751026275453732	23.782129777259698	26.115733047890988	0.0
13.0	26.232581338459337	23.731691666223	23.69358287121749	26.34214412410017	0.0
14.0	26.27993712048824	23.74514182916612	23.751586698909698	26.223334351435945	0.0
15.0	26.226977103899706	23.79726121057071	23.6445458188207	26.331215866708884	0.0
16.0	26.30795829328641	23.68825884838584	23.586541991128495	26.417240867199254	0.0
17.0	26.348028570387783	23.505841013469777	23.792777822923	26.353352593219437	0.0
18.0	26.28273923776806	23.608118294183082	23.881604940693187	26.227537527355672	0.0
19.0	26.381934189473565	23.771481731596396	23.559641665242257	26.28694241368778	0.0
20.0	26.247432560042366	23.67452847371474	23.739537594606485	26.338501371636408	0.0
21.0	26.246591924858425	23.69638498849731	23.772322366780337	26.284700719863928	0.0
22.0	26.315243798213935	23.668924239155107	23.702269434784924	26.31356252784604	0.0
23.0	26.143193797233188	23.717681079823915	23.773443213692268	26.365681909250632	0.0
24.0	26.351877693527687	23.815128028379764	23.654286947213862	26.178707330878687	0.0
25.0	26.33170250564625	23.73891065193878	23.692675846377153	26.236710996037814	0.0
26.0	26.209810745529232	23.756003519449443	23.722097995370916	26.31208773965041	0.0
27.0	26.231947410010253	23.62738669670528	23.79551326238392	26.345152630900543	0.0
28.0	26.20308568290209	23.77589849638808	23.736108542510802	26.284907278199025	0.0
29.0	26.221299394183937	23.716213565572165	23.697439432404714	26.36504760783918	0.0
30.0	26.27089673105914	23.780101660530047	23.703043651260668	26.24595795715014	0.0
31.0	26.25597197898424	23.65338003502627	23.760140105078808	26.33050788091068	0.0
32.0	26.22598949211909	23.707740805604203	23.796287215411557	26.26998248686515	0.0
33.0	26.218984238178635	23.809457092819613	23.611348511383536	26.360210157618212	0.0
34.0	26.472574430823116	23.77134851138354	23.63712784588441	26.11894921190893	0.0
35.0	26.235516637478106	23.80357267950963	23.67523642732049	26.28567425569177	0.0
36.0	26.26914185639229	23.778353765323992	23.636847635726795	26.31565674255692	0.0
37.0	26.3554465849387	23.752014010507878	23.7707880910683	26.121751313485113	0.0
38.0	26.242241681260946	23.733800350262698	23.677478108581436	26.346479859894924	0.0
39.0	26.28679509632224	23.752294220665497	23.748651488616463	26.2122591943958	0.0
40.0	26.240560420315234	23.797408056042034	23.641330998248687	26.32070052539405	0.0
41.0	26.318739054290717	23.701295971978983	23.57968476357268	26.400280210157618	0.0
42.0	26.37169877408056	23.511593695271454	23.781155866900175	26.335551663747808	0.0
43.0	26.294921190893174	23.594816112084064	23.88063047285464	26.229632224168125	0.0
44.0	26.392154115586692	23.769106830122592	23.542136602451837	26.29660245183888	0.0
45.0	26.243362521891417	23.665429071803853	23.741926444833624	26.349281961471107	0.0
46.0	26.242521891418562	23.688686514886165	23.786199649737302	26.282591943957968	0.0
47.0	26.3122942206655	23.66234676007005	23.69429071803853	26.33106830122592	0.0
48.0	26.130998248686517	23.699334500875658	23.77891418563923	26.3907530647986	0.0
49.0	26.34304352211973	23.810511213979087	23.661720037211804	26.18472522668938	0.0
50.0	26.33884038153308	23.737656777143883	23.682455530772593	26.241047310550442	0.0
51.0	26.206581557739945	23.74858494266916	23.732893217812347	26.311940281778547	0.0
52.0	26.22787747004562	23.633699099967494	23.79622053598449	26.342202894002398	0.0
53.0	26.19733464844932	23.776886089285913	23.732052589695023	26.293726672569743	0.0
54.0	26.208543023347048	23.733733845929677	23.702630605588496	26.355092525134783	0.0
55.0	26.28335892578935	23.780528811127674	23.69282327755299	26.24328898552999	0.0
56.0	26.2530227501352	23.64596205415311	23.763369452220232	26.337645743491457	0.0
57.0	26.239292529358853	23.691355845291234	23.804279905961998	26.26507171938791	0.0
58.0	26.226963351518872	23.818010126738347	23.590760962460454	26.36426555928233	0.0
59.0	26.470184405271286	23.760847574934783	23.640918299582207	26.128049720211727	0.0
60.0	26.25274254154793	23.790829893772923	23.661653735040364	26.294773829638785	0.0
61.0	26.2743186027679	23.775138212885672	23.625226618694956	26.32531656565147	0.0
62.0	26.36846868809142	23.72526108435119	23.781022593218392	26.125247634339	0.0
63.0	26.25946754764247	23.72610171011301	23.666977698198536	26.347453044045988	0.0
64.0	26.284406111909707	23.749078814269343	23.747117354158437	26.219397719662517	0.0
65.0	26.225562308582507	23.806241366072907	23.644000594042204	26.32419573130238	0.0
66.0	26.31719051662057	23.698641268560316	23.573107821462298	26.411060393356816	0.0
67.0	26.38247911745503	23.517906729769642	23.78074238463112	26.31887176814421	0.0
68.0	26.326437400000565	23.591041171047728	23.864244543638286	26.21827688531343	0.0
69.0	26.406577055960454	23.759446531998417	23.54032341675143	26.293652995289698	0.0
70.0	26.263110259277006	23.664455820913087	23.737870470778446	26.33456344903146	0.0
71.0	26.264231093626094	23.68126833614943	23.775698630060216	26.27880194016426	0.0
72.0	26.32699781717511	23.65380789459674	23.687713133656693	26.331481154571463	0.0
73.0	26.136175769242627	23.698361059973045	23.77149550125113	26.393967669533204	0.0
74.0	26.35830732070904	23.812059022971436	23.649818705552036	26.179814950767486	0.0
75.0	26.3473792164269	23.735562292996487	23.676158238950006	26.24090025162661	0.0
76.0	26.212879471416002	23.738364371017546	23.7361227086007	26.312633448965755	0.0
77.0	26.239219004813968	23.625440626768814	23.805614243522996	26.329726124894222	0.0
78.0	26.200550328123335	23.77395076188501	23.73528208519438	26.29021682479727	0.0
79.0	26.20587427636335	23.73948520222597	23.7128654610259	26.34177506038478	0.0
80.0	26.278448097108814	23.783197619354514	23.69997590212902	26.23837838140765	0.0
81.0	26.248672519257227	23.647230573948033	23.769961247369555	26.334135659425183	0.0
82.0	26.223173680715313	23.687019970354097	23.808629815707846	26.281176533222744	0.0
83.0	26.225975750884757	23.807228780623124	23.602677658253917	26.364117810238202	0.0
84.0	26.4739589608803	23.741940545675146	23.641346226592205	26.142754266852354	0.0
85.0	26.23690382454558	23.796300706962302	23.66600444408329	26.30079102440883	0.0
86.0	26.287901501629403	23.757632138624015	23.62537442662639	26.329091933120193	0.0
87.0	26.367200087424592	23.717562535201004	23.79125698065731	26.123980396717094	0.0
88.0	26.26156204203666	23.711397980828234	23.658158647608854	26.368881329526257	0.0
89.0	26.302472266510495	23.734374956217653	23.74446240882764	26.218690368444207	0.0
90.0	26.24138713681668	23.79069656662342	23.65367533533775	26.31424096122215	0.0
91.0	26.30387330159522	23.7060740475063	23.579980889881444	26.41007176101704	0.0
92.0	26.379529196170132	23.512450998797913	23.789855945572587	26.31816385945937	0.0
93.0	26.333575245391295	23.58390378811866	23.87083577346944	26.211685193020607	0.0
94.0	26.395220789119	23.75847275967485	23.546636254865096	26.299670196341058	0.0
95.0	26.25287562451139	23.65675761252413	23.748105100047916	26.34226166291656	0.0
96.0	26.259320385901102	23.679174173879662	23.789295531538702	26.272209908680534	0.0
97.0	26.324328413832138	23.664323201981624	23.681976244049103	26.32937214013713	0.0
98.0	26.14807820017429	23.697107422964088	23.758752966691794	26.396061410169835	0.0
99.0	26.353396099529252	23.797354853171935	23.657531943510424	26.19171710378839	0.0
100.0	26.346110737502805	23.72366061421206	23.689195247702308	26.24103340058283	0.0
101.0	26.212452364940596	23.737390719569603	23.74355525666891	26.306601658820895	0.0
102.0	26.226462676529927	23.626989464245685	23.814447433310917	26.332100425913474	0.0
103.0	26.195359784801614	23.77633938578794	23.739912575655683	26.288388253754764	0.0
104.0	26.217215870880967	23.736550100874243	23.70068370320556	26.34555032503923	0.0
105.0	26.287547635059404	23.78306433535082	23.69255772248375	26.23683030710603	0.0
106.0	26.270661649121134	23.642894970592437	23.77543214685007	26.311011233436354	0.0
107.0	26.225828777659782	23.700337087152302	23.80037043160045	26.273463703587467	0.0
108.0	26.231152681145815	23.803172486066785	23.610391138782955	26.355283694004445	0.0
109.0	26.473530392483767	23.75189488933286	23.655504215690947	26.119070502492427	0.0
110.0	26.240959871777985	23.79308508998798	23.67371756972212	26.292237468511914	0.0
111.0	26.277666785286975	23.747411602186723	23.652421955777978	26.322499656748327	0.0
112.0	26.36200862472365	23.728357631815648	23.788601802841843	26.12103194061886	0.0
113.0	26.261695074828868	23.701457908938835	23.674277980615386	26.36256903561691	0.0
114.0	26.306247740843585	23.735642973428117	23.743208520487222	26.214900765241072	0.0
115.0	26.24292130990442	23.800090226153817	23.64709805229194	26.30989041164982	0.0
116.0	26.314093493349322	23.69977667625903	23.589375730285443	26.396754100106197	0.0
117.0	26.383584444114426	23.517643135947278	23.78355810480244	26.31521431513586	0.0
118.0	26.3356693127401	23.575645663400405	23.876866518531386	26.211818505328104	0.0
119.0	26.389468758493727	23.764504134431366	23.538378338998154	26.307648768076753	0.0
120.0	26.260854458488964	23.64961990131164	23.737044000661285	26.352481639538112	0.0
121.0	26.270381443674502	23.665311406323116	23.790563240968275	26.273743909034103	0.0
122.0	26.328383971127632	23.658026064710647	23.68716743116053	26.3264225330012	0.0
123.0	26.159139881361014	23.68996948562686	23.75693858737226	26.393952045639864	0.0
124.0	26.34863259358888	23.79427258462228	23.665097511768664	26.191997310020177	0.0
125.0	26.3545169244564	23.729544945079578	23.675184936112977	26.24075319435104	0.0
126.0	26.214694014794887	23.73598968841067	23.75196144362251	26.297354853171935	0.0
127.0	26.246357318986774	23.61858327729209	23.80660165882089	26.32845774490025	0.0
128.0	26.19339834117911	23.769614436225062	23.75056041246357	26.28642681013226	0.0
129.0	26.22029813943062	23.736550100874243	23.706007621609505	26.337144138085634	0.0
130.0	26.28922887245012	23.797074646940146	23.687233804079803	26.226462676529927	0.0
131.0	26.273891150782198	23.630978566965275	23.774724766657606	26.32040551559492	0.0
132.0	26.233541340342242	23.68253665808299	23.806668366589236	26.277253634985527	0.0
133.0	26.2142070561731	23.827123478826156	23.60435890035558	26.35431056464516	0.0
134.0	26.480683929286958	23.736896819370152	23.64162643360915	26.140792817733743	0.0
135.0	26.232980926308358	23.791817394691197	23.690942868591318	26.284258810409128	0.0
136.0	26.279215084104134	23.7441822018107	23.64498891781248	26.331613796272684	0.0
137.0	26.35571159972988	23.73633640533626	23.782290356115098	26.12566163881876	0.0
138.0	26.258759971867217	23.702151149269078	23.68113562299827	26.357953255865436	0.0
139.0	26.31396075420521	23.729051022895714	23.749506135132638	26.207482087766444	0.0
140.0	26.24474962102001	23.812272506928117	23.650032644117474	26.2929452279344	0.0
141.0	26.312839926137432	23.707194875574075	23.57745902672895	26.402506171559548	0.0
142.0	26.38233126633957	23.510489549679303	23.791817394691197	26.315361789289927	0.0
143.0	26.341421041865733	23.578579854796725	23.8750388787236	26.204960224613945	0.0
144.0	26.405308241728992	23.768560212284836	23.52926341981456	26.296868126171614	0.0
145.0	26.275011978849978	23.64246705465998	23.73353433516682	26.348986631323225	0.0
146.0	26.275011978849978	23.662361752863013	23.789575738555648	26.273050529731368	0.0
147.0	26.334696073459074	23.66880651425273	23.68393769316771	26.312559719120486	0.0
148.0	26.159566687868995	23.684498107201602	23.76463731404762	26.39129789088178	0.0
149.0	26.35830732070904	23.789922606605057	23.659625978625748	26.192144094060154	0.0
150.0	26.354944827083767	23.714266500036427	23.681201979387914	26.249586693491896	0.0
151.0	26.224648199104454	23.735562292996487	23.754616423539698	26.285173084359357	0.0
152.0	26.241180459428715	23.60134275578769	23.819904841430407	26.33757194335319	0.0
153.0	26.194946172081213	23.764703904415516	23.759940371779713	26.28040955172356	0.0
154.0	26.222126328885505	23.736402916402806	23.704459226962715	26.337011527748977	0.0
155.0	26.291898071609904	23.792164269021907	23.685965512023717	26.229972147344473	0.0
156.0	26.268994639609726	23.638956839471305	23.76645174668023	26.32559677423874	0.0
157.0	26.23200710608977	23.695839182687592	23.798115317042008	26.274038394180625	0.0
158.0	26.22051855401161	23.81296637216744	23.614578692378608	26.351936381442346	0.0
159.0	26.46626148504947	23.738991305127538	23.651846434485833	26.142900775337164	0.0
160.0	26.233688357613406	23.786626764963838	23.696960017036684	26.282724860386068	0.0
161.0	26.27656027146608	23.732546507620274	23.663054777976726	26.327838442936923	0.0
162.0	26.36678743656778	23.731705881858456	23.780181967456574	26.12132471411719	0.0
163.0	26.272637351244267	23.68351000484761	23.696399599862136	26.347453044045988	0.0
164.0	26.322514479778746	23.73086525609664	23.756364237538424	26.19025602658619	0.0
165.0	26.26198942492792	23.804279905961998	23.63867663088403	26.295054038226056	0.0
166.0	26.328118651524196	23.694718348338505	23.58655783365137	26.39060516648593	0.0
167.0	26.386962454851393	23.52070881564236	23.79026947659838	26.302059252907867	0.0
168.0	26.348573878395076	23.577871367445926	23.871810175494637	26.20174457866436	0.0
169.0	26.400972884215008	23.760006949172965	23.543125502624154	26.295894663987873	0.0
170.0	26.27179672548245	23.639237048058575	23.731145464683912	26.357820761775063	0.0
171.0	26.274598811355173	23.663334986563996	23.780181967456574	26.281884234624254	0.0
172.0	26.340167620776906	23.65773081481855	23.67734541592762	26.324756148476926	0.0
173.0	26.16027370774805	23.685471464958514	23.768132998203864	26.386121829089575	0.0
174.0	26.35705399074188	23.78445174234188	23.676010715206402	26.18248355170984	0.0
175.0	26.344444568981945	23.709916049272017	23.69562537127742	26.250014010468618	0.0
176.0	26.219190979499885	23.735415102164335	23.757831851959786	26.287562066375997	0.0
177.0	26.250014010468618	23.605397953350742	23.819477913897263	26.32511012228337	0.0
178.0	26.2063013483675	23.764837086270862	23.759513108194444	26.269348457167197	0.0
179.0	26.226476423183403	23.729810914715475	23.704592071195595	26.339120590905523	0.0
180.0	26.293166253824857	23.786973626693868	23.69870767437429	26.22115244510698	0.0
181.0	26.284833625218912	23.63628721541156	23.763782837127845	26.315096322241683	0.0
182.0	26.24504378283713	23.675796847635727	23.801330998248687	26.27782837127846	0.0
183.0	26.211978984238176	23.811978984238177	23.61302977232925	26.363012259194395	0.0
184.0	26.462206654991245	23.743327495621717	23.660385288966726	26.134080560420315	0.0
185.0	26.22907180385289	23.792364273204903	23.708021015761823	26.270542907180385	0.0
186.0	26.26802101576182	23.74584938704028	23.665148861646234	26.320980735551665	0.0
187.0	26.36133099824869	23.734080560420313	23.779754816112085	26.124833625218912	0.0
188.0	26.266339754816116	23.697092819614713	23.68756567425569	26.349001751313484	0.0
189.0	26.31173380035026	23.73856392294221	23.752014010507878	26.19768826619965	0.0
190.0	26.252343283707557	23.798235216646912	23.650843021708123	26.298578477937408	0.0
191.0	26.32772066096713	23.68839160368873	23.597322281720846	26.3865654536233	0.0
192.0	26.365549456246097	23.506533173051327	23.80720204219452	26.320715328508058	0.0
193.0	26.34061047269181	23.584432469996162	23.864365555060512	26.21059150225151	0.0
194.0	26.413185716967757	23.736868504305477	23.542400475241752	26.307545303485014	0.0
195.0	26.28260631993073	23.62590403815384	23.72061613300044	26.37087350891499	0.0
196.0	26.280925040140556	23.668496459504976	23.78450476502714	26.266073735327332	0.0
197.0	26.34453345886889	23.651963874901575	23.689232243583817	26.31427042264572	0.0
198.0	26.160153108546226	23.677463285052582	23.786186044817313	26.376197561583876	0.0
199.0	26.36113991089192	23.788494409729033	23.673886849553057	26.17647882982599	0.0
200.0	26.34909070529885	23.726286883178748	23.695743548070727	26.228878863451676	0.0
201.0	26.212493134716482	23.742952576302724	23.755001849423316	26.289552439557482	0.0
202.0	26.25592656108141	23.60144367104924	23.835703957765897	26.306925810103454	0.0
203.0	26.208850331214904	23.75556228073125	23.777419101740698	26.25816828631315	0.0
204.0	26.22937957278202	23.7390960778105	23.702948157156587	26.328576192250896	0.0
205.0	26.297752383941358	23.79457893276767	23.703508590034943	26.20416009325603	0.0
206.0	26.29698542309999	23.64416895977762	23.768585407407823	26.29026020971457	0.0
207.0	26.25299131887039	23.689003715680396	23.79464560927631	26.263359356172906	0.0
208.0	26.218111101147777	23.818317342180777	23.614037840746054	26.349533715925393	0.0
209.0	26.454895982783356	23.75330658177905	23.65466956599713	26.13712786944046	0.0
210.0	26.217137156659998	23.789868352472386	23.71673083713032	26.276263653737296	0.0
211.0	26.269818585335507	23.74867595877398	23.676659324893095	26.30484613099742	0.0
212.0	26.369577035380626	23.731582516490967	23.79295077649063	26.105889671637776	0.0
213.0	26.27850541665966	23.697395631924945	23.685906596947838	26.338192354467555	0.0
214.0	26.29497924950751	23.750837165379043	23.77297476033952	26.181208824773933	0.0
215.0	26.249450059827883	23.804773340581804	23.64980930736962	26.295967292220695	0.0
216.0	26.316143441210343	23.71005753004705	23.602731626393766	26.371067402348842	0.0
217.0	26.37190807522341	23.52118635756059	23.81514163936815	26.29176392784785	0.0
218.0	26.336039365908476	23.59628646768874	23.879593226418425	26.188080939984363	0.0
219.0	26.40217229870789	23.736398613450206	23.559857309790758	26.30157177805115	0.0
220.0	26.25968530635692	23.64798027209931	23.730086449678442	26.362247971865322	0.0
221.0	26.263328242563507	23.673761051407435	23.78781297725967	26.275097728769385	0.0
222.0	26.332544030488574	23.66255201692564	23.68160737554469	26.323296577041095	0.0
223.0	26.149556542573315	23.684129408303093	23.793977946224658	26.372336102898934	0.0
224.0	26.35923935278853	23.78479714393001	23.67494829818357	26.181015205097886	0.0
225.0	26.337101447650863	23.71333934886536	23.707734815919114	26.241824387564662	0.0
226.0	26.215763309364615	23.729032041114852	23.76546150526546	26.289743144255073	0.0
227.0	26.248269600452844	23.59956733005655	23.83103454073655	26.321128528754056	0.0
228.0	26.207636736592555	23.75621402590415	23.764901051970835	26.271248185532457	0.0
229.0	26.224257318922007	23.745617894403516	23.70078100260895	26.32934378406553	0.0
230.0	26.28969838614308	23.811605534024384	23.7045568548986	26.194139224933938	0.0
231.0	26.280671666050146	23.64590689488964	23.7762159374965	26.29720550156371	0.0
232.0	26.241438836017977	23.6915851184271	23.79919516651534	26.26778087903958	0.0
233.0	26.215937496497073	23.831141899541535	23.601629843853335	26.35129076010806	0.0
234.0	26.456098463194	23.754357646478574	23.6624407304032	26.127103159924225	0.0
235.0	26.222382890002354	23.79863469751488	23.70923989194158	26.26974252054119	0.0
236.0	26.264698299537052	23.764726322987077	23.66356166840412	26.307013709071754	0.0
237.0	26.372308347625296	23.74875295647398	23.782381096501553	26.09655759939918	0.0
238.0	26.272264631043257	23.698871215433073	23.706998015939735	26.321866137583932	0.0
239.0	26.276261549196704	23.756105626283826	23.778244213841944	26.18938861067753	0.0
240.0	26.256687339384747	23.808469555615964	23.649570805227125	26.28527229977216	0.0
241.0	26.32149793588202	23.717037871590282	23.605774485652066	26.35568970687563	0.0
242.0	26.36464534355766	23.522965504097577	23.80856287626543	26.303826276079327	0.0
243.0	26.323180285503668	23.601001196839448	23.885776109739247	26.19004240791764	0.0
244.0	26.38531894079757	23.731706838510032	23.586510781788267	26.296463438904134	0.0
245.0	26.233051239428484	23.643188118978404	23.762884141538446	26.360876500054665	0.0
246.0	26.25594649069446	23.662057114343625	23.81735968804927	26.264636706912647	0.0
247.0	26.316881311078344	23.663495124946035	23.70834898546174	26.311274578513878	0.0
248.0	26.14303776531176	23.6900166244747	23.80664025814193	26.360305352071613	0.0
249.0	26.341876412243277	23.79633419493022	23.696250651804586	26.165538741021916	0.0
