# Position (bp)	A	C	G	T	N
0.0	26.279375655225536	23.84450889716331	23.740507050713415	26.13560839689774	0.0
1.0	26.16897797329878	23.67766101515813	23.782775180821393	26.370585830721698	0.0
2.0	26.176943312070026	23.821666323710158	23.684576411636794	26.31681395258302	0.0
3.0	26.18913883713817	23.608152823735505	23.78361093345939	26.419097405666935	0.0
4.0	26.223591500342007	23.65322908035302	23.886797279486593	26.23638213981837	0.0
5.0	26.397724492292635	23.699590720021355	23.75019463042463	26.152490157261383	0.0
6.0	26.310462849945644	23.734162257446553	23.570119806596733	26.38525508601107	0.0
7.0	26.31640406702755	23.56946448579682	23.64786903659713	26.466262410578494	0.0
8.0	26.222680653134304	23.82110814860946	23.679871886477184	26.27633931177905	0.0
9.0	26.272901665322916	23.739609107842867	23.652311712863856	26.335177513970365	0.0
10.0	26.309409959299867	23.599403954362476	23.848219647265527	26.242966439072124	0.0
11.0	26.21711184751907	23.721448746747324	23.75008340190824	26.31135600382537	0.0
12.0	26.227676089228925	23.66445744278629	23.715888619531615	26.391977848453173	0.0
13.0	26.31246802926851	23.59856993528012	23.76398371994751	26.32497831550386	0.0
14.0	26.277995240531105	23.78094210795543	23.571603318283923	26.369459333229546	0.0
15.0	26.277717234170318	23.677245735382428	23.796232457798634	26.24880457264862	0.0
16.0	26.329704423637214	23.74591330649645	23.792618375108425	26.131763894757913	0.0
17.0	26.18041500789538	23.85489179992438	23.690312034339346	26.274381157840892	0.0
18.0	26.352500945221625	23.772601917131865	23.615806329648823	26.259090807997687	0.0
19.0	26.370015345951114	23.711440517759048	23.62220047594689	26.29634366034295	0.0
20.0	26.229344127393635	23.741187198363097	23.874630251540154	26.154838422703115	0.0
21.0	26.31302404199008	23.77148989168872	23.595233858950692	26.320252207370505	0.0
22.0	26.37168338411583	23.731734982096388	23.637490825790096	26.259090807997687	0.0
23.0	26.278551253252676	23.750639414629806	23.687809977092275	26.282999355025243	0.0
24.0	26.224062006538713	23.829871227453683	23.760647643618086	26.18541912238952	0.0
25.0	26.292378476807382	23.84064719700866	23.730834989783293	26.13613933640066	0.0
26.0	26.17950820811498	23.671897805145882	23.783378045898722	26.365215940840407	0.0
27.0	26.17784017458751	23.823688856146006	23.67662390014039	26.321847069126093	0.0
28.0	26.1911844428073	23.615740676387595	23.78560209060202	26.407472790203084	0.0
29.0	26.231217247466677	23.6496573581129	23.88512809107463	26.233997303345795	0.0
30.0	26.408028801378908	23.69664030247008	23.747515325058032	26.14781557109298	0.0
31.0	26.31573094619202	23.733337040074506	23.56820172085459	26.382730292878886	0.0
32.0	26.3243491194173	23.566533687327116	23.656329492222795	26.452787701032793	0.0
33.0	26.222877079829303	23.805896498519623	23.675511877788743	26.29571454386233	0.0
34.0	26.28007317086732	23.735773103590155	23.64458752425592	26.33956620128661	0.0
35.0	26.30787365237166	23.592600623842806	23.850033082572992	26.249492641212548	0.0
36.0	26.21529804896221	23.71881480987251	23.753009402122846	26.312877739042438	0.0
37.0	26.21307401044186	23.67155399131513	23.709918655791117	26.40545334245189	0.0
38.0	26.30314757051592	23.601774782739238	23.76329558027945	26.331782066465394	0.0
39.0	26.28007317086732	23.762739570649362	23.57897838790568	26.37820887057764	0.0
40.0	26.276737113086803	23.67155399131513	23.803050268830656	26.24865862676742	0.0
41.0	26.33595213869104	23.744947262486587	23.795544138824486	26.123556459997886	0.0
42.0	26.17220730263048	23.854481159613687	23.689068294662864	26.28424324309297	0.0
43.0	26.33817617721139	23.769411686210404	23.61928908608697	26.273123050491236	0.0
44.0	26.366254663530775	23.712976708756596	23.614563004231233	26.3062056234814	0.0
45.0	26.22864228008429	23.73883115655563	23.86615736184551	26.166369201514573	0.0
46.0	26.31676980645305	23.761349546574145	23.587040527541937	26.33484011943087	0.0
47.0	26.388495048734246	23.722984882098157	23.62318115349758	26.265338915670018	0.0
48.0	26.294251416434534	23.74133319989102	23.681006155026605	26.28340922864784	0.0
49.0	26.225028217488727	23.84085892367656	23.749117334712235	26.184995524122478	0.0
50.0	26.28194613949687	23.851356798727856	23.716524838271148	26.150172223504132	0.0
51.0	26.185478736860833	23.680106308745728	23.773515666917795	26.360899287475643	0.0
52.0	26.196876902590166	23.818552321750758	23.671766187480365	26.31280458817871	0.0
53.0	26.187980773240444	23.609215277990142	23.79019590944852	26.41260803932089	0.0
54.0	26.22717934318765	23.649247860063884	23.88388327166277	26.239689525085698	0.0
55.0	26.405657938266426	23.696508547234277	23.749885323332602	26.147948191166698	0.0
56.0	26.33087485092033	23.741545202067236	23.56807067974768	26.359509267264748	0.0
57.0	26.325592774118935	23.572518744422545	23.665650098552433	26.436238382906087	0.0
58.0	26.232739424031227	23.801594075177853	23.67315620769126	26.292510293099664	0.0
59.0	26.282429081365997	23.73063707229197	23.643622048995297	26.343311797346736	0.0
60.0	26.30689336906602	23.59969753244298	23.8576845663705	26.235724532120496	0.0
61.0	26.226550424232993	23.71423487940218	23.753989346914718	26.30522534945011	0.0
62.0	26.22682842750231	23.668642343233955	23.70172473228285	26.402804496980885	0.0
63.0	26.319403516185353	23.586631378785015	23.758437399223816	26.335527705805823	0.0
64.0	26.29577323829328	23.77372757903633	23.5713411989725	26.35915798369789	0.0
65.0	26.28576512059782	23.67142237592714	23.796245843851125	26.246566659623916	0.0
66.0	26.327187607726266	23.748985288066986	23.802917922314766	26.120909181891978	0.0
67.0	26.17456381287044	23.856850556562545	23.69282862766466	26.275757002902356	0.0
68.0	26.32746561099559	23.780955664038608	23.62833186918278	26.263246855783024	0.0
69.0	26.36416204254562	23.712010853247634	23.629721885529374	26.294105218677373	0.0
70.0	26.215708296729566	23.746205255373802	23.869082700412555	26.16900374748407	0.0
71.0	26.29966528406374	23.76955752999655	23.597195503019115	26.33358168292059	0.0
72.0	26.374170160241086	23.71840492844196	23.63083389860665	26.27659101271031	0.0
73.0	26.28520911405918	23.740367186718117	23.693384634203298	26.281039065019407	0.0
74.0	26.209036218265926	23.835166301555706	23.763997464610185	26.191800015568184	0.0
75.0	26.273459935670225	23.84872216152501	23.72556705559216	26.15225084721261	0.0
76.0	26.184221134305787	23.66690852883859	23.777275519934168	26.371594816921455	0.0
77.0	26.195619236660743	23.816195869438907	23.674692598739536	26.313492295160813	0.0
78.0	26.199233269114757	23.590735844807888	23.788395619792666	26.421635266284692	0.0
79.0	26.234817588661947	23.640776294171122	23.883750476079275	26.240655641087656	0.0
80.0	26.413017188894354	23.69470877848483	23.749475270287927	26.142798762332887	0.0
81.0	26.338234517345967	23.72556705559216	23.57155367255198	26.364644754509897	0.0
82.0	26.32711441748747	23.573499690027216	23.66468450886689	26.434701383618425	0.0
83.0	26.241767651073506	23.793677667225452	23.67802862869709	26.286526053003957	0.0
84.0	26.281170943259845	23.732729142920686	23.647660615495816	26.338439298323653	0.0
85.0	26.31397514664591	23.59678630007506	23.854215896138555	26.235022657140473	0.0
86.0	26.22584860026132	23.708542992966557	23.749131244613718	26.316477162158407	0.0
87.0	26.232242639904367	23.66406271718885	23.702982958494342	26.400711684412443	0.0
88.0	26.324539212143115	23.582052208723695	23.756359289427596	26.337049289705593	0.0
89.0	26.2850629673904	23.77442940146229	23.56898612771399	26.37152150343332	0.0
90.0	26.291735008757055	23.66044869478191	23.79527953073309	26.252536765727946	0.0
91.0	26.3320452586806	23.752189263573435	23.799449556587252	26.116315921158712	0.0
92.0	26.17497428484057	23.858107920269106	23.695754913680464	26.271162881209865	0.0
93.0	26.335659281087544	23.76998137388452	23.626254482777792	26.268104862250148	0.0
94.0	26.36012343276528	23.708542992966557	23.636540546551387	26.29479302771677	0.0
95.0	26.2200105640655	23.744683217035945	23.87173000472603	26.16357621417253	0.0
96.0	26.307581107002864	23.76998137388452	23.598176308693112	26.324261210419504	0.0
97.0	26.3656834672375	23.719663061910985	23.645992605154152	26.26866086569737	0.0
98.0	26.277278919129298	23.744961218759556	23.69436490506241	26.283394957048735	0.0
99.0	26.222790581301602	23.83920380306358	23.75524728253315	26.182758333101663	0.0
100.0	26.27275785283186	23.838581527948826	23.741837197083214	26.146823422136105	0.0
101.0	26.20047760563341	23.662328925164925	23.778811323534725	26.358382145666937	0.0
102.0	26.200755606584174	23.808557425266393	23.67734097650614	26.31334599164329	0.0
103.0	26.19880959992883	23.597276702686322	23.783815340648466	26.420098356736382	0.0
104.0	26.244957757755532	23.64064485100539	23.888065697184686	26.226331694054394	0.0
105.0	26.41092432536119	23.691241024044302	23.747397216098477	26.150437434496027	0.0
106.0	26.33336206009825	23.731551161904974	23.56975460856076	26.365332169436016	0.0
107.0	26.326412036329167	23.576704632329843	23.67205895844164	26.42482437289935	0.0
108.0	26.23967573969103	23.79966139484197	23.680676987915298	26.279985877551702	0.0
109.0	26.280746819677965	23.7284271861934	23.646695133884883	26.34413086024375	0.0
110.0	26.311882839605016	23.5902610977671	23.862701272128813	26.235154790499067	0.0
111.0	26.240714794057467	23.70118316875723	23.75066720042701	26.307434836758297	0.0
112.0	26.224868783916023	23.669769148652257	23.70424117071435	26.401120896717373	0.0
113.0	26.32578284850102	23.58664709545414	23.752891201850368	26.334678854194465	0.0
114.0	26.288530824659727	23.7754092162619	23.5763610888711	26.359698870207275	0.0
115.0	26.29409082821813	23.668101147584736	23.792923227470865	26.24488479672627	0.0
116.0	26.329952851169825	23.75316920202829	23.810993239035675	26.105884707766215	0.0
117.0	26.177608753669602	23.856585268214573	23.695623165198825	26.270182812917	0.0
118.0	26.334678854194465	23.772073214126856	23.625567120362955	26.26768081131572	0.0
119.0	26.36887287607864	23.712025175696112	23.637799128191443	26.2813028200338	0.0
120.0	26.237656792100346	23.7284271861934	23.865759274085935	26.16815674762032	0.0
121.0	26.30020683213237	23.759285205942533	23.605551107552706	26.334956854372386	0.0
122.0	26.374154879459123	23.715639178009074	23.646417133706965	26.263788808824838	0.0
123.0	26.279078818610447	23.743717195979006	23.70118316875723	26.276020816653322	0.0
124.0	26.227648785695223	23.83601325504848	23.75455920291789	26.181778756338403	0.0
125.0	26.270533845225753	23.843029543161038	23.738779186624818	26.14765742498839	0.0
126.0	26.20214561133799	23.661772923263396	23.773807306420988	26.362274158977623	0.0
127.0	26.21687966172844	23.811059433823264	23.67039095273706	26.301669951711236	0.0
128.0	26.197419595175013	23.597276702686322	23.787985354909914	26.417318347228747	0.0
129.0	26.246347762509348	23.63536283294089	23.878891665809494	26.239397738740266	0.0
130.0	26.404252302542876	23.69846904876415	23.749621223704583	26.14765742498839	0.0
131.0	26.340034082916564	23.728215150495817	23.571144613314576	26.360606153273043	0.0
132.0	26.313901993544818	23.57642663137908	23.68262299457064	26.427048380505465	0.0
133.0	26.258023802441404	23.791321366319075	23.677062975555376	26.27359185568415	0.0
134.0	26.28561897083762	23.728281115342913	23.639042562063885	26.34705735175558	0.0
135.0	26.322593200077844	23.584276222512578	23.85699591337466	26.236134664034914	0.0
136.0	26.246976731255735	23.69825692919296	23.757193294598427	26.297573044952877	0.0
137.0	26.233076645075197	23.681854827499933	23.69909093436379	26.385977593061078	0.0
138.0	26.33788329487643	23.590670262155626	23.74690723082483	26.324539212143115	0.0
139.0	26.281726946707067	23.765533346306746	23.59567429318062	26.357065413805564	0.0
140.0	26.29840705012371	23.66128269995274	23.794445525562256	26.24586472436129	0.0
141.0	26.337327291429208	23.740235189458176	23.82002168413444	26.102415834978178	0.0
142.0	26.179144310694724	23.846987851324677	23.69436490506241	26.279502932918184	0.0
143.0	26.32370520697228	23.772761391120625	23.630980512079176	26.272552889827917	0.0
144.0	26.3709654999861	23.703538961941565	23.642100581023602	26.283394957048735	0.0
145.0	26.23724667092936	23.738567179116508	23.874232020238527	26.149954129715603	0.0
146.0	26.31063912596258	23.75024325150816	23.602068332823663	26.337049289705593	0.0
147.0	26.372077506880544	23.725223096383196	23.64571460343054	26.256984793305723	0.0
148.0	26.275332907064026	23.74551722220678	23.704094965388787	26.27505490534041	0.0
149.0	26.23252064162798	23.83558978065664	23.754413277362318	26.177476300353064	0.0
150.0	26.263451845797576	23.856228228929496	23.73807716793297	26.14224275733996	0.0
151.0	26.209241358987406	23.66051447141995	23.767267430061523	26.36297673953112	0.0
152.0	26.215913418902502	23.810357817013198	23.68414468361926	26.289584080465044	0.0
153.0	26.195897239157205	23.594071874765437	23.790063634771442	26.419967251305916	0.0
154.0	26.23426158366902	23.653842411504854	23.8887545210156	26.223141483810526	0.0
155.0	26.419967251305916	23.69470877848483	23.746695245323306	26.138628724885947	0.0
156.0	26.351300634679696	23.720841013152295	23.575445707502453	26.352412644665552	0.0
157.0	26.322666377544067	23.57822573246708	23.676638616214774	26.42246927377408	0.0
158.0	26.269289898223285	23.78922962728205	23.66051447141995	26.280966003074706	0.0
159.0	26.298553270986467	23.726467023252194	23.634447941107787	26.34053176465355	0.0
160.0	26.31523346714557	23.588577401670243	23.85379252060004	26.24239661058414	0.0
161.0	26.24767867270119	23.705616778053308	23.750931310952218	26.29577323829328	0.0
162.0	26.227940440579584	23.683932523046472	23.70172473228285	26.386402304091096	0.0
163.0	26.326353597918313	23.597473506288434	23.752877333837446	26.323295561955806	0.0
164.0	26.29132518598419	23.752877333837446	23.59497147686457	26.360826003313797	0.0
165.0	26.290491176176232	23.64834810457371	23.80597595827727	26.25518476097279	0.0
166.0	26.329689637150132	23.73730915075561	23.81487206289546	26.118129149198793	0.0
167.0	26.19235602210682	23.838502340787528	23.701446729013533	26.26769490809212	0.0
168.0	26.32496358157172	23.76983553326587	23.626385846297552	26.278815038864856	0.0
169.0	26.373892156971767	23.697832686512392	23.64862610784303	26.279649048672816	0.0
170.0	26.249068689047782	23.738143160563567	23.873252749452334	26.139535400936314	0.0
171.0	26.3141214540683	23.751487317490856	23.604423588021394	26.32996764041945	0.0
172.0	26.374448163510404	23.72368699055901	23.647792098035072	26.254072747895513	0.0
173.0	26.286321127136453	23.747595271720396	23.70228073882149	26.26380286232166	0.0
174.0	26.238782568083003	23.823212160975014	23.760661425378363	26.177343845563623	0.0
175.0	26.27749807482201	23.852746818938748	23.740711189940704	26.129043916298546	0.0
176.0	26.21828321383793	23.656475965160535	23.75683542438707	26.36840539661447	0.0
177.0	26.221063254259718	23.804096111557463	23.6726001996069	26.302240434575918	0.0
178.0	26.212445128952176	23.596705096092098	23.77685171542394	26.413998059531785	0.0
179.0	26.249975674646308	23.638127698376735	23.880547223156626	26.23134940382033	0.0
180.0	26.414276063573965	23.69122647043288	23.75016332737478	26.144334138618376	0.0
181.0	26.352559166210277	23.72986903229573	23.579468845477013	26.33810295601698	0.0
182.0	26.32892882262508	23.5691826959164	23.67760427236612	26.424284209092402	0.0
183.0	26.267211925261392	23.78852788519545	23.66676211472115	26.27749807482201	0.0
184.0	26.291471368284096	23.719648824317638	23.652649663892177	26.336230143506086	0.0
185.0	26.303425575330962	23.59788271532863	23.851423106648205	26.2472686026922	0.0
186.0	26.25282869899307	23.69685242948408	23.760515532129016	26.289803339393835	0.0
187.0	26.22697425119403	23.691292333183213	23.705470578750422	26.376262836872332	0.0
188.0	26.313433748672526	23.598716729773763	23.75995952249893	26.327889999054783	0.0
189.0	26.293973411619486	23.752453392492757	23.595936681623325	26.357636514264428	0.0
190.0	26.302591560885837	23.6412514664754	23.804440292905873	26.251716679732894	0.0
191.0	26.326499974979566	23.732993055439717	23.82112058180848	26.119386387772238	0.0
192.0	26.19083362523839	23.837522865896037	23.7065825980106	26.265060910854977	0.0
193.0	26.326777979794606	23.765241613984756	23.641529471290443	26.26645093493019	0.0
194.0	26.37654084168738	23.69546240540886	23.646811562776268	26.28118519012749	0.0
195.0	26.24504456417185	23.736885122850328	23.891455800014455	26.126614512963364	0.0
196.0	26.307039637926525	23.757735483978582	23.615675023491406	26.31954985460348	0.0
197.0	26.37264877427677	23.727432959138852	23.647089567591312	26.25282869899307	0.0
198.0	26.28396523827793	23.74300122878128	23.71019666060616	26.262836872334628	0.0
199.0	26.222804178968378	23.835020822560647	23.753287406937886	26.18888759153308	0.0
200.0	26.26807413976686	23.840766863405236	23.743185274354392	26.147973722473512	0.0
201.0	26.218032299227968	23.63948746034879	23.76097792876822	26.381502311655026	0.0
202.0	26.214974186750588	23.800455380748904	23.67646282030253	26.30810761219798	0.0
203.0	26.193845409634164	23.59695189589073	23.777380532055968	26.431822162419135	0.0
204.0	26.237287947111188	23.635939037748333	23.876140540119767	26.250632475020712	0.0
205.0	26.411044820933117	23.694321347352503	23.743807305016986	26.150826526697397	0.0
206.0	26.35711068729879	23.720732392173435	23.582560926110236	26.339595994417543	0.0
207.0	26.331255664474085	23.562822145244066	23.6832009074279	26.42272128285395	0.0
208.0	26.273019438637068	23.781193007428495	23.67499221564877	26.270795338285662	0.0
209.0	26.299240181155493	23.709239319304626	23.654192070416	26.337328429123886	0.0
210.0	26.31536513285014	23.601368952795593	23.851861736879712	26.231404177474555	0.0
211.0	26.252533424522717	23.703122958317	23.7578921907971	26.286451426363183	0.0
212.0	26.223619718035756	23.697562630146432	23.700620810640245	26.378196841177566	0.0
213.0	26.328431904050976	23.593584493356797	23.755390043120343	26.32259355947188	0.0
214.0	26.296738033478732	23.753443928260644	23.593862509765327	26.35595552849529	0.0
215.0	26.30591257496017	23.63917918435546	23.808769193557804	26.24613904712656	0.0
216.0	26.337328429123886	23.737596992974524	23.81627563658807	26.108798941313516	0.0
217.0	26.202007284050154	23.834969001084268	23.70958325224499	26.253440462620592	0.0
218.0	26.347410269954686	23.761294447996885	23.636742750701995	26.254552531346437	0.0
219.0	26.39419053682487	23.693524127788173	23.63903260872587	26.273252726661088	0.0
220.0	26.253235433944322	23.737450964583292	23.881186247007832	26.128127354464553	0.0
221.0	26.313009294140215	23.752185916166464	23.612064867149122	26.322739922544198	0.0
222.0	26.379733603196094	23.72799835413371	23.652377470537047	26.239890572133152	0.0
223.0	26.29855236051144	23.756356185482456	23.69964052278496	26.245450931221136	0.0
224.0	26.216537063963592	23.856442649066274	23.75496609571046	26.17205419125967	0.0
225.0	26.25728766719584	23.86295710389426	23.73701286966579	26.142742359244114	0.0
226.0	26.211837711750135	23.65512773819023	23.770785779621388	26.362248770438253	0.0
227.0	26.223792749686524	23.82194222102363	23.670419065783292	26.283845963506554	0.0
228.0	26.193766142776514	23.602859200235766	23.79302771066584	26.410346946321877	0.0
229.0	26.22525578291815	23.638233985765126	23.88595418149466	26.250556049822066	0.0
230.0	26.39095862989324	23.719139234875446	23.74443950177936	26.145462633451956	0.0
231.0	26.346474644128115	23.724977758007118	23.582350978647685	26.346196619217082	0.0
232.0	26.315613879003557	23.57845862989324	23.691892793594306	26.4140346975089	0.0
233.0	26.267237544483983	23.784475088967973	23.676879448398576	26.271407918149464	0.0
234.0	26.29094275729192	23.70641599870996	23.664434120424044	26.338207123574076	0.0
235.0	26.2970593223402	23.58881113437259	23.882406256689993	26.231723286597212	0.0
236.0	26.243678391009762	23.69890930524162	23.764801392352624	26.292610911395997	0.0
237.0	26.2072570264041	23.697519176821555	23.70808415281404	26.38713964396031	0.0
238.0	26.31818927432516	23.592147442580746	23.760909032776446	26.328754250317644	0.0
239.0	26.280933832667465	23.760631007092435	23.60771688088546	26.350718279354645	0.0
240.0	26.303219366803184	23.63992248385312	23.80813363472323	26.24872451462047	0.0
241.0	26.324511136876115	23.744859742924586	23.824101028468476	26.106528091730823	0.0
242.0	26.1952626032604	23.821281304827764	23.727022736056544	26.25643335585529	0.0
243.0	26.33835596250685	23.771893482075082	23.639260480648648	26.250490074769424	0.0
244.0	26.395666669447294	23.689003450759248	23.64117665051122	26.274153229282238	0.0
245.0	26.24730961530975	23.73489352472373	23.89172835317869	26.126068506787835	0.0
246.0	26.310403417101636	23.755085469253594	23.61020347438703	26.32430763925774	0.0
247.0	26.374277299917402	23.734875093509533	23.6436598449897	26.247187761583362	0.0
248.0	26.284686107758453	23.753135585207268	23.707527073101545	26.254651233932734	0.0
249.0	26.217663843017725	23.855476636761573	23.75897569956227	26.16788382065843	0.0
