# Position (bp)	A	C	G	T	N
0.0	26.24427822139401	23.803179523797084	23.76805788974129	26.18448436506762	0.0
1.0	26.182452534998273	23.676335275182357	23.895482661232972	26.2457295285864	0.0
2.0	26.17689657474407	23.80176995260196	23.87259127678657	26.148742195867403	0.0
3.0	26.26227738175401	23.761522743632018	23.662839296909468	26.313360577704508	0.0
4.0	26.352069099626757	23.7561893041858	23.59713942405368	26.294602172133764	0.0
5.0	26.333737716146484	23.729241521021134	23.724597890630893	26.212422872201486	0.0
6.0	26.28612557391703	23.693268555441403	23.71590599079411	26.30469987984746	0.0
7.0	26.170236847986022	23.866766115153222	23.78927755704986	26.17371947981089	0.0
8.0	26.26032800016252	23.782768818218493	23.733722607401045	26.223180574217945	0.0
9.0	26.25429513372957	23.79358980312036	23.730323644130756	26.22179141901932	0.0
10.0	26.213104811210975	23.856978272792965	23.65906248276943	26.27085443322664	0.0
11.0	26.192790873818527	23.71071792356736	23.77601272232879	26.320478480285324	0.0
12.0	26.150421804399997	23.738286838599965	23.83956632645658	26.271725030543458	0.0
13.0	26.192210475607315	23.93997521699638	23.72900046722056	26.138813840175747	0.0
14.0	26.298133149153635	23.783557899074555	23.66370566845913	26.254603283312683	0.0
15.0	26.25170129225662	23.698529561131892	23.738286838599965	26.311482308011524	0.0
16.0	26.268242641276178	23.71478071104585	23.820703384592168	26.1962732630858	0.0
17.0	26.210202820154908	23.781816704440917	23.82621716759869	26.181763307805483	0.0
18.0	26.231967753075384	23.671831243416108	23.76092236883726	26.33527863467125	0.0
19.0	26.240673726243575	23.73219265738223	23.761792966154076	26.265340650220114	0.0
20.0	26.260407265424806	23.7260984761645	23.721455290474793	26.2920389679359	0.0
21.0	26.16522195878592	23.707815932511295	23.84856249873038	26.278399609972404	0.0
22.0	26.248799301200552	23.75773017867559	23.685180402274	26.308290117849857	0.0
23.0	26.24821890298934	23.767016550054993	23.746412413556943	26.238352133398724	0.0
24.0	26.175669126587753	23.809385619473524	23.744961418028907	26.269983835909816	0.0
25.0	26.25402288510147	23.782977500863343	23.75047520103543	26.21252441299976	0.0
26.0	26.202657643409143	23.6715410443105	23.883096192297533	26.24270511998282	0.0
27.0	26.190759480079283	23.80793462394549	23.854076281736898	26.147229614238327	0.0
28.0	26.266501446642543	23.762083165259686	23.665737062198374	26.3056783258994	0.0
29.0	26.343984607839438	23.75627918314756	23.589704896529508	26.310031312483495	0.0
30.0	26.322143288294562	23.72254724427729	23.729221804336724	26.226087663091423	0.0
31.0	26.272519385243996	23.676405720388168	23.732994381761618	26.318080512606212	0.0
32.0	26.161663648604726	23.82934020522821	23.813959697265172	26.195036448901888	0.0
33.0	26.24930352416771	23.768978966429867	23.74257092445559	26.239146584946837	0.0
34.0	26.25416070552797	23.791545388327677	23.727121560797812	26.22717234534654	0.0
35.0	26.232686096351348	23.853937833908407	23.65196042867963	26.261415641060616	0.0
36.0	26.202215367114245	23.70767833357033	23.770360976572363	26.31974532274306	0.0
37.0	26.164199504923197	23.73060392985348	23.840588752528344	26.26460781269498	0.0
38.0	26.195540826424217	23.948251995832763	23.710290110362077	26.145917067380942	0.0
39.0	26.29885110840905	23.757302092613607	23.68039977596759	26.263447023009757	0.0
40.0	26.260835246218	23.69752142382463	23.724219586584756	26.317423743372615	0.0
41.0	26.27331373533415	23.72102741495039	23.81853374850911	26.187125101206348	0.0
42.0	26.214984053651698	23.792996375434207	23.810118023291245	26.18190154762285	0.0
43.0	26.236458662828323	23.67285464301364	23.758172684877522	26.332514009280512	0.0
44.0	26.250388139050994	23.731474522117395	23.75904327714144	26.25909406169017	0.0
45.0	26.26838037917195	23.732635311802618	23.714643071681664	26.284341237343767	0.0
46.0	26.17377601982629	23.713772479417745	23.84958487258882	26.262866628167142	0.0
47.0	26.245164585467496	23.743662813812236	23.69142727797721	26.31974532274306	0.0
48.0	26.25764307458364	23.77384334562803	23.72973333758956	26.238780242198768	0.0
49.0	26.179579968252405	23.80576506197166	23.75556090808577	26.25909406169017	0.0
50.0	26.251839126157524	23.787192427008094	23.744533406076155	26.216435040758228	0.0
51.0	26.214113461387782	23.66153694358272	23.88353797088159	26.24081162414791	0.0
52.0	26.195540826424217	23.78400025537373	23.860322177177135	26.16013674102492	0.0
53.0	26.264027417852365	23.758753079720133	23.673144840434947	26.304074661992555	0.0
54.0	26.34818467003102	23.755851105507077	23.59624252378893	26.29972170067297	0.0
55.0	26.321119926638303	23.70818992785713	23.740691944723356	26.229998200781207	0.0
56.0	26.263370807384923	23.659727099136955	23.725601722606893	26.35130037087123	0.0
57.0	26.146711782561503	23.828911704788823	23.80308420924334	26.22129230340633	0.0
58.0	26.231739380256187	23.77725671369786	23.74214292761917	26.248860978426787	0.0
59.0	26.235145605711054	23.789666129804555	23.72495248044806	26.25023578403633	0.0
60.0	26.217153470015525	23.843062145417086	23.67010548615041	26.26967889841698	0.0
61.0	26.20728681495669	23.69883486411585	23.767901449527706	26.32597687139976	0.0
62.0	26.161726084243824	23.73917207156227	23.830003337250975	26.269098506942935	0.0
63.0	26.20119270447917	23.9469522192719	23.714505433915175	26.137349642333753	0.0
64.0	26.32046315239629	23.759485773153994	23.662850592724794	26.257200481724922	0.0
65.0	26.27519261742045	23.69912505985287	23.716246608337325	26.309435714389355	0.0
66.0	26.284188685268212	23.729595612240455	23.818395507769992	26.16782019472134	0.0
67.0	26.234565214237005	23.77515634295332	23.80504650386686	26.185231938942817	0.0
68.0	26.247043630929063	23.657336873721324	23.754552445624576	26.34106704972504	0.0
69.0	26.249655392562282	23.715666216863273	23.764709296420435	26.269969094154007	0.0
70.0	26.277223987579625	23.745846573513834	23.711893672281953	26.26503576662459	0.0
71.0	26.19045546220926	23.717407391285423	23.840740579520887	26.251396566984432	0.0
72.0	26.26445537515054	23.739462267299295	23.698254472641796	26.29782788490837	0.0
73.0	26.276643596105576	23.752230879728376	23.74671716072491	26.224408363441142	0.0
74.0	26.174204500935883	23.820717073666188	23.739462267299295	26.265616158098638	0.0
75.0	26.25778087319897	23.798081806178267	23.739462267299295	26.204675053323466	0.0
76.0	26.220055427385773	23.64863100161059	23.892685616448293	26.238627954555348	0.0
77.0	26.188424092050088	23.792858282911826	23.85292880047592	26.16578882456217	0.0
78.0	26.270839681365082	23.761226947576137	23.657917265195376	26.310016105863404	0.0
79.0	26.36196114279081	23.75745440299482	23.571438935562036	26.309145518652333	0.0
80.0	26.317194627912105	23.714146420736164	23.740554156171285	26.228104795180446	0.0
81.0	26.253351751035996	23.67555049971561	23.729526750165412	26.341570999082986	0.0
82.0	26.15787763061672	23.814263659473703	23.816875413527725	26.21098329638185	0.0
83.0	26.24087337055567	23.775087348663362	23.757385460074985	26.226653820705987	0.0
84.0	26.239346250837936	23.78981825146475	23.730038276595558	26.24079722110175	0.0
85.0	26.22947965304399	23.8429237631204	23.66329364446005	26.26430293937556	0.0
86.0	26.198719083451106	23.690571885419782	23.778500683406996	26.33220834772212	0.0
87.0	26.161864438750193	23.739034292231214	23.843504151225925	26.255597117792668	0.0
88.0	26.18798190349887	23.961032742594973	23.700438483213727	26.15054687069243	0.0
89.0	26.324953496403047	23.752383218658316	23.663583838512814	26.259079446425826	0.0
90.0	26.279102836066475	23.701018871319253	23.711756051271486	26.308122241342787	0.0
91.0	26.284616523068976	23.720171678801616	23.823770955638036	26.17144084249137	0.0
92.0	26.230930623307806	23.778210489354233	23.795331938467253	26.19552694887071	0.0
93.0	26.24456974378767	23.665615196882158	23.74019506844227	26.349619990887906	0.0
94.0	26.260240222636877	23.708273722638328	23.766602727243708	26.264883327481087	0.0
95.0	26.288098851702134	23.745418561392004	23.707983528585565	26.2584990583203	0.0
96.0	26.197558307240055	23.722203037170956	23.834798329643032	26.245440325945964	0.0
97.0	26.272428372852925	23.74135584465332	23.693764020000174	26.29245176249358	0.0
98.0	26.26459313342832	23.748320501919633	23.74890089002516	26.238185474626885	0.0
99.0	26.16563696143611	23.82057882105764	23.750932248394502	26.262851969111743	0.0
100.0	26.263722551270035	23.789528057411992	23.73671273980911	26.210036651508865	0.0
101.0	26.225416936305308	23.645011419135976	23.900091991514728	26.22947965304399	0.0
102.0	26.201040635873206	23.779081071512522	23.853951137125396	26.165927155488877	0.0
103.0	26.27939303011924	23.75934787592463	23.654587822877158	26.30667127107897	0.0
104.0	26.363839499473297	23.767763503454763	23.557372815201525	26.31102418187042	0.0
105.0	26.325747682807215	23.719522458052573	23.742737914903742	26.211991944236473	0.0
106.0	26.26277575609841	23.66525632766296	23.724455742633445	26.347512173605185	0.0
107.0	26.154533688529824	23.8112235126147	23.821380274987085	26.21286252386839	0.0
108.0	26.252909186936662	23.758118155067645	23.772918008810265	26.216054649185427	0.0
109.0	26.238033192203115	23.787648832411005	23.731641705286435	26.242676270099448	0.0
110.0	26.231358767727126	23.838722689270718	23.67969727132116	26.250221271680996	0.0
111.0	26.21684914930107	23.69826958290651	23.774299983459034	26.310581284333384	0.0
112.0	26.161132214545024	23.730480935812352	23.84162461295593	26.2667622366867	0.0
113.0	26.18115548797298	23.955380021416197	23.713069393701083	26.15039509690974	0.0
114.0	26.33495744328916	23.758049210821856	23.663156306315454	26.24383703957353	0.0
115.0	26.278660123796065	23.69652842869538	23.704944007382494	26.31986744012606	0.0
116.0	26.283593394060922	23.700300929486158	23.8398834587448	26.176222217708116	0.0
117.0	26.239484154045716	23.762982481086713	23.803029027942625	26.194504336924947	0.0
118.0	26.25428396484029	23.662866113946933	23.740347476342066	26.342502444870703	0.0
119.0	26.271985699320076	23.70117150659172	23.760660942138543	26.266181851949653	0.0
120.0	26.29665205064437	23.739767091605025	23.71219881659552	26.25138204115508	0.0
121.0	26.201759146137977	23.712779201332562	23.835530573216985	26.24993107931248	0.0
122.0	26.281852239849794	23.750504209240304	23.6857913110601	26.281852239849794	0.0
123.0	26.27546800774233	23.74876305502918	23.74411997713284	26.23164896009565	0.0
124.0	26.175641832971074	23.81869941584276	23.742959207658757	26.262699543527408	0.0
125.0	26.277499354321982	23.781264600303544	23.73599459081425	26.20524145456023	0.0
126.0	26.225845112725228	23.659383805524683	23.896761162974936	26.218009918775152	0.0
127.0	26.202629723243536	23.767335366614528	23.866871349017263	26.16316356112467	0.0
128.0	26.265601467212612	23.756017864242207	23.665768037632144	26.312612630913033	0.0
129.0	26.357592448033802	23.762402096349668	23.564490901018285	26.31551455459824	0.0
130.0	26.331261353809367	23.714879366682336	23.749992745169735	26.20386653433856	0.0
131.0	26.258713051149456	23.66322497518848	23.729969413635597	26.348092560026465	0.0
132.0	26.153663108897906	23.799325590978473	23.81963911572325	26.227372184400373	0.0
133.0	26.244783777038755	23.764502405701716	23.783945350814573	26.206768466444956	0.0
134.0	26.241087415154514	23.793590774150676	23.717269738273984	26.24805207242083	0.0
135.0	26.234703145993727	23.838570852328953	23.672870048201233	26.25385595347609	0.0
136.0	26.23760508652136	23.675481794676102	23.775888936932127	26.31102418187042	0.0
137.0	26.146484153953747	23.734391187387004	23.8429237631204	26.27620089553885	0.0
138.0	26.20017005371492	23.945362263745768	23.722783425276482	26.131684257262833	0.0
139.0	26.333659317985937	23.757896905660818	23.66416422661834	26.244279549734905	0.0
140.0	26.289259627913186	23.703050229688593	23.697246348633332	26.310443793764893	0.0
141.0	26.298545837601605	23.704501199952407	23.825512119954613	26.17144084249137	0.0
142.0	26.226287518463597	23.77037524992963	23.810422029210933	26.192915202395845	0.0
143.0	26.24950304268464	23.661842674196233	23.744838173286475	26.343816109832645	0.0
144.0	26.282585164699633	23.69898751294991	23.76224981645226	26.256177505898194	0.0
145.0	26.30289874839305	23.74919108407792	23.71030508100767	26.23760508652136	0.0
146.0	26.18885248565716	23.71233643937701	23.833057165326455	26.26575390963938	0.0
147.0	26.28751846359661	23.752383218658316	23.677803347098205	26.28229497064687	0.0
148.0	26.278812642013715	23.757606711608055	23.728877500384506	26.234703145993727	0.0
149.0	26.172311424649664	23.803747565997384	23.765151756979893	26.25878925237306	0.0
150.0	26.27155779069464	23.790979027675807	23.732650023070427	26.204813158559126	0.0
151.0	26.237314892468593	23.651395688296763	23.894578304512226	26.216711114722415	0.0
152.0	26.209456263403336	23.77617913098489	23.867009869499732	26.14735473611204	0.0
153.0	26.2773616717499	23.76108904024121	23.660101509879656	26.301447778129234	0.0
154.0	26.36093755894567	23.756155741344237	23.56636883083718	26.316537868872913	0.0
155.0	26.33924943992385	23.70427979430986	23.764930527342162	26.19154023842413	0.0
156.0	26.255383115300233	23.662781924340386	23.732718894009217	26.34911606635016	0.0
157.0	26.166003087673683	23.80294605857294	23.828773404218275	26.202277449535107	0.0
158.0	26.253351751035996	23.750710977492485	23.787565729143694	26.20837154232783	0.0
159.0	26.227310320811387	23.792858282911826	23.73162698239963	26.248204413877158	0.0
160.0	26.254588720091704	23.834936664780397	23.671266269098506	26.239208346029397	0.0
161.0	26.238918150292374	23.66081922256562	23.785313193749182	26.314949433392826	0.0
162.0	26.153020212133082	23.733368156821776	23.848575864420553	26.26503576662459	0.0
163.0	26.204384857586444	23.945501240586776	23.710152497859806	26.13996140396698	0.0
164.0	26.338165092354792	23.74613676925086	23.669234898939333	26.246463239455014	0.0
165.0	26.284478881005235	23.697383885430725	23.710442693596832	26.30769453996721	0.0
166.0	26.315820020603898	23.681132924157346	23.838709209361713	26.164337845877046	0.0
167.0	26.228180908022463	23.758324990205896	23.823038639562384	26.19045546220926	0.0
168.0	26.243561282084766	23.669234898939333	23.747007356461932	26.340196462513966	0.0
169.0	26.28709064263846	23.71682699981137	23.743234811880615	26.252847545669557	0.0
170.0	26.306533757019107	23.751360292517305	23.712474063756	26.229631886707583	0.0
171.0	26.179137828465297	23.714505433915175	23.845383711313282	26.260973026306246	0.0
172.0	26.283608293794163	23.755713228572674	23.681713315631395	26.27896516200177	0.0
173.0	26.269969094154007	23.76238773052424	23.743525007617638	26.22411816770412	0.0
174.0	26.16462804161407	23.81085041860735	23.765870079368533	26.25865146041005	0.0
175.0	26.260102439095167	23.7902465212786	23.735979918454998	26.213671121171227	0.0
176.0	26.233404431288903	23.644858457029265	23.910677752143823	26.21105935953801	0.0
177.0	26.19364761531653	23.772834777057124	23.87788563386004	26.155631973766308	0.0
178.0	26.27954555347582	23.76616027510556	23.658787852406448	26.295506319012173	0.0
179.0	26.35992977263164	23.740332854510367	23.578693828987653	26.321043543870342	0.0
180.0	26.346367029025465	23.694550688636483	23.771742978693766	26.18733930364429	0.0
181.0	26.241896260526882	23.66582122729937	23.740691944723356	26.35159056745039	0.0
182.0	26.16035102178216	23.810919516880734	23.82107639715143	26.20765306418568	0.0
183.0	26.25350412369339	23.751139021573213	23.79437831186846	26.200978542864938	0.0
184.0	26.2300743195596	23.80112190323077	23.72509017884867	26.243713598360962	0.0
185.0	26.248356757101853	23.845522108690542	23.676917406911922	26.22920372729568	0.0
186.0	26.237771735187508	23.66138407561428	23.78326769996895	26.31757648922926	0.0
187.0	26.16522195878592	23.721455290474793	23.850593892469625	26.262728858269657	0.0
188.0	26.193371272029744	23.941136013418806	23.715651308362666	26.149841406188784	0.0
189.0	26.33527863467125	23.754828187619527	23.665737062198374	26.244156115510854	0.0
190.0	26.29784295004803	23.69388637544219	23.69940015844871	26.308870516061067	0.0
191.0	26.329184453453514	23.679086221056266	23.825346570281873	26.16638275520835	0.0
192.0	26.227034368280076	23.752796793880282	23.834632941661273	26.18553589617837	0.0
193.0	26.254603283312683	23.65964288098064	23.745832015345727	26.33992182036095	0.0
194.0	26.285074189401346	23.715941507468273	23.74989480282422	26.249089500306162	0.0
195.0	26.31525489638441	23.759471373309225	23.702011950399168	26.22326177990719	0.0
196.0	26.18205350691109	23.729580865431775	23.837825131822942	26.25054049583419	0.0
197.0	26.28101140192286	23.767596948266206	23.67734502642263	26.27404662338831	0.0
198.0	26.27143483143785	23.75337719209149	23.75860077599241	26.216587200478248	0.0
199.0	26.17342348878377	23.807423314663804	23.766214922081314	26.25293827447111	0.0
200.0	26.254099074262164	23.79871731623088	23.732551728140688	26.214631881366262	0.0
201.0	26.25119707478453	23.65071534287124	23.91276589570214	26.185321686642098	0.0
202.0	26.209988682202034	23.772018921036594	23.877071302127163	26.1409210946342	0.0
203.0	26.292115267419252	23.772018921036594	23.644040744072665	26.291825067471486	0.0
204.0	26.374241852636466	23.751995124640878	23.560753359064396	26.31300966365826	0.0
205.0	26.35547107390049	23.680659343848397	23.76481854984982	26.199051032401293	0.0
206.0	26.242291452036508	23.66469811512399	23.761916508263564	26.33109392457594	0.0
207.0	26.165677554159352	23.81154141938854	23.8280830564302	26.194697970021913	0.0
208.0	26.273923705326695	23.7566928334083	23.774975695401714	26.194407765863286	0.0
209.0	26.249912938499758	23.80609662665707	23.72251758642305	26.221472848420124	0.0
210.0	26.25716806352007	23.852529426787083	23.682469296310916	26.20783321338193	0.0
211.0	26.24795767637986	23.67412205477345	23.782949245900117	26.294971022946577	0.0
212.0	26.154221189089423	23.750446191483622	23.84650432551809	26.248828293908872	0.0
213.0	26.19500204596307	23.953148896776085	23.723594742600433	26.128254314660417	0.0
214.0	26.32806990559494	23.769005075759114	23.667722060833654	26.235202957812287	0.0
215.0	26.281636431703614	23.70283737546397	23.700805910981227	26.314720281851184	0.0
216.0	26.302241285742895	23.701096120193046	23.826466499699634	26.170196094364428	0.0
217.0	26.204150572147462	23.769585494182756	23.834882566842435	26.191381366827343	0.0
218.0	26.228237936728586	23.667722060833654	23.75594566122718	26.348094341210576	0.0
219.0	26.267706389536215	23.706900304429464	23.76784423891183	26.257549067122486	0.0
220.0	26.31326923579208	23.739693945365214	23.71589678999591	26.231140028846795	0.0
221.0	26.183255508896362	23.699935283345763	23.85055386428076	26.266255343477113	0.0
222.0	26.27118890007807	23.758557544133566	23.70225695704033	26.267996598748038	0.0
223.0	26.265674925053474	23.768424657335473	23.75971838098085	26.206182036630203	0.0
224.0	26.16781203566122	23.811873142644874	23.763117570579496	26.257197251114412	0.0
225.0	26.254004921991086	23.792719167904902	23.748026560178307	26.205249349925708	0.0
226.0	26.244718146359585	23.661833673848438	23.91054513372957	26.182903046062407	0.0
227.0	26.1811617756315	23.78053027488856	23.89458348811293	26.143724461367015	0.0
228.0	26.28592821322437	23.7741456166419	23.647032875185737	26.292893294947994	0.0
229.0	26.362834323922733	23.74425380757801	23.5788331166419	26.314078751857355	0.0
230.0	26.36291083218458	23.68744105056954	23.754770369295507	26.194877747950372	0.0
231.0	26.254081114416312	23.660451280563013	23.751868243488357	26.333599361532322	0.0
232.0	26.169629253428134	23.817456286730028	23.81513458608431	26.197779873757526	0.0
233.0	26.272654719582096	23.757962707683376	23.770732061234852	26.19865051149967	0.0
234.0	26.229489166332918	23.816364554493376	23.73336351552932	26.220782763644383	0.0
235.0	26.244870477749338	23.834938213562253	23.702020465850588	26.218170842837825	0.0
236.0	26.232467430704087	23.6809036111361	23.78421988954445	26.302409068615358	0.0
237.0	26.16862029236185	23.74765289213026	23.84284317111323	26.240883644394657	0.0
238.0	26.198802575941816	23.960089734250797	23.714278251633182	26.126829438174205	0.0
239.0	26.333752209256094	23.774933033058307	23.66929504052842	26.222019717157174	0.0
240.0	26.28522506312215	23.697361929361232	23.699973880488727	26.317439127027892	0.0
241.0	26.299903646347268	23.69400169489558	23.84839971674348	26.157694942013677	0.0
242.0	26.20686052282536	23.746266880664983	23.860908834976534	26.185963761533127	0.0
243.0	26.228642246195726	23.649603682516464	23.77295405271269	26.348800018575112	0.0
244.0	26.261820039356593	23.716992413116543	23.767494238728514	26.253693308798347	0.0
245.0	26.296770373466384	23.751556472749755	23.731819382403224	26.21985377138064	0.0
246.0	26.183081585027455	23.712136164679386	23.860456746119283	26.244325504173876	0.0
247.0	26.27376194083788	23.77311609788947	23.700259207978846	26.252862753293797	0.0
248.0	26.263769756607307	23.784850727855908	23.77004687885517	26.181332636681613	0.0
249.0	26.143963495344032	23.825267631145067	23.79159603371804	26.23917283979286	0.0
