# Position (bp)	A	C	G	T	N
0.0	26.31938301636444	23.80500884564352	23.762715612560815	26.112892525431224	0.0
1.0	26.30335028748341	23.81938301636444	23.661819991154356	26.21544670499779	0.0
2.0	26.228194078574568	23.81285398774363	23.718319047132024	26.24063288654978	0.0
3.0	26.165540307088463	23.727904694777287	23.797559323907848	26.308995674226406	0.0
4.0	26.318058822391315	23.708889693505547	23.704743767982954	26.268307716120187	0.0
5.0	26.214968769001164	23.737493781438285	23.73113702946216	26.31640042009839	0.0
6.0	26.06800758342039	23.75042145466806	23.943876056400306	26.237694905511244	0.0
7.0	26.32896700381363	23.76637373569889	23.651688498314265	26.252970762173216	0.0
8.0	26.266324742866303	23.74555784610113	23.748597578162563	26.239519832870005	0.0
9.0	26.26516344745641	23.68205808394816	23.764956202160878	26.287822266434553	0.0
10.0	26.286674293040658	23.7677603329078	23.696470315168195	26.24909505888334	0.0
11.0	26.197699929815254	23.804234295472256	23.70033876574321	26.29772700896928	0.0
12.0	26.13027836265066	23.799260573304377	23.70116771943786	26.369293344607105	0.0
13.0	26.260700410608393	23.792352625848988	23.76029974965598	26.186647213886634	0.0
14.0	26.253239827356577	23.790418400561478	23.693983454084254	26.26235831799769	0.0
15.0	26.17421290846693	23.808379063945488	23.747865444236286	26.269542583351296	0.0
16.0	26.266503086470923	23.78047095622572	23.866129504672536	26.08689645263082	0.0
17.0	26.302424413238946	23.776326187752485	23.766378743416727	26.154870655591843	0.0
18.0	26.224226448043947	23.83739244325812	23.70475985211466	26.233621256583273	0.0
19.0	26.14630480074716	23.798707937507942	23.756707616979185	26.29827964476571	0.0
20.0	26.198805201408113	23.785720996291815	23.83186608529381	26.183607717006264	0.0
21.0	26.304911274322883	23.72161524390581	23.747865444236286	26.225608037535025	0.0
22.0	26.21952904377428	23.69287818249139	23.782957817309658	26.304634956424668	0.0
23.0	26.219732911857598	23.68977322652755	23.810523814392255	26.2799700472226	0.0
24.0	26.30172642468721	23.76873424996684	23.756023696891994	26.173515628453952	0.0
25.0	26.320792254299484	23.80493169459304	23.76376055528538	26.110515495822096	0.0
26.0	26.30393695565675	23.823997524205314	23.655444537777974	26.216620982359963	0.0
27.0	26.223528891639774	23.808800123789734	23.728944692515142	26.238726292055354	0.0
28.0	26.151134002387373	23.718168354038642	23.809352756532117	26.32134488704187	0.0
29.0	26.302555373800786	23.707115699190943	23.7195499358946	26.270778991113662	0.0
30.0	26.21938414607189	23.734194703567795	23.730326274371105	26.31609487598921	0.0
31.0	26.070173305628014	23.739168398249262	23.939497767363722	26.25116052875901	0.0
32.0	26.31858172332994	23.752707900437684	23.670365621822363	26.258344754410007	0.0
33.0	26.266910561916973	23.756576329634377	23.73557628542376	26.240936823024892	0.0
34.0	26.268568460144127	23.688602502321057	23.751602634952913	26.291226402581902	0.0
35.0	26.279068482249436	23.777300057473806	23.69854989168398	26.245081568592777	0.0
36.0	26.19700252000531	23.809629072903313	23.691365666032983	26.3020027410584	0.0
37.0	26.127923427207218	23.80023431628277	23.70683938281975	26.365002873690262	0.0
38.0	26.264976347318626	23.800510632653964	23.755747380520802	26.178765639506608	0.0
39.0	26.240936823024892	23.80216853088112	23.694405146116097	26.262489499977892	0.0
40.0	26.169370882886067	23.804379061850657	23.754089482293647	26.27216057296963	0.0
41.0	26.274371103939163	23.77564215924665	23.866550245368938	26.083436491445244	0.0
42.0	26.304765904770328	23.774813210133075	23.76514213714134	26.155278747955258	0.0
43.0	26.228502586321234	23.84112913921924	23.699102524426365	26.231265750033156	0.0
44.0	26.152515584243336	23.79305009063177	23.764865820770147	26.289568504354744	0.0
45.0	26.21109465493612	23.780615853928115	23.82924753525797	26.179041955877803	0.0
46.0	26.304489588399132	23.719826252265793	23.7521552676953	26.223528891639774	0.0
47.0	26.21026570582254	23.699655157168753	23.788629028692693	26.301450108316015	0.0
48.0	26.21268012323676	23.69323441234578	23.801550130559125	26.292535333858336	0.0
49.0	26.290804794615173	23.76860289688483	23.763076600001103	26.177515708498895	0.0
50.0	26.31843627903378	23.807839604759245	23.773023934391805	26.100700181815167	0.0
51.0	26.293567943057038	23.82497112509878	23.660840107652266	26.220620824191915	0.0
52.0	26.21537084215238	23.809497493824363	23.72853724447785	26.246594419545406	0.0
53.0	26.15043685376866	23.703945223345286	23.825523754787152	26.3200941680989	0.0
54.0	26.294949517277967	23.70311627881273	23.7254977811918	26.276436422717502	0.0
55.0	26.218133990594243	23.725221466347616	23.74180035699878	26.31484418605936	0.0
56.0	26.06864765988958	23.72632672572436	23.950141749515065	26.254883864870987	0.0
57.0	26.319817853254712	23.751195061701104	23.665813774847614	26.26317331019657	0.0
58.0	26.277541682094245	23.739313523401105	23.745392449973195	26.23775234453145	0.0
59.0	26.273120644587266	23.68432686940808	23.7473266538825	26.295225832122153	0.0
60.0	26.27781799693843	23.77468182345692	23.69897155614994	26.24852862345471	0.0
61.0	26.199068266345403	23.80562908600576	23.68266898034296	26.312633667305874	0.0
62.0	26.139936889689587	23.78987913988715	23.7036689085011	26.366515061922158	0.0
63.0	26.269528551612847	23.796510696147617	23.753958210142965	26.180002542096563	0.0
64.0	26.25543649455936	23.78877388051041	23.692616314733662	26.26317331019657	0.0
65.0	26.17088415223843	23.787115991445294	23.76003713671506	26.28196271960122	0.0
66.0	26.273949589119827	23.776339712522034	23.867523611103437	26.0821870872547	0.0
67.0	26.30102844385006	23.775787082833663	23.768879211729015	26.15430526158726	0.0
68.0	26.23333130702448	23.84624736810111	23.705603112410405	26.21481821246401	0.0
69.0	26.154857891275636	23.796787010991803	23.759484507026688	26.288870590705876	0.0
70.0	26.208186656203548	23.77330024923599	23.83712897824297	26.181384116317496	0.0
71.0	26.3101468337082	23.7254977811918	23.74981348748017	26.214541897619824	0.0
72.0	26.213712953087263	23.700076815526682	23.78987913988715	26.2963310914989	0.0
73.0	26.215851033552816	23.695037675424903	23.803076480974394	26.286034810047887	0.0
74.0	26.29121213125988	23.77372149828133	23.7599058324215	26.17516053803729	0.0
75.0	26.326303922543854	23.807708036296518	23.751892746222797	26.114095294936835	0.0
76.0	26.3058567370713	23.81986582225317	23.645235805784896	26.22904163489064	0.0
77.0	26.21135758259005	23.80660278302773	23.733932380605015	26.248107253777203	0.0
78.0	26.143108193242483	23.711827315229282	23.82401052201112	26.321053969517116	0.0
79.0	26.28264641842678	23.701603722493008	23.732274500701838	26.28347535837837	0.0
80.0	26.218541728837163	23.727577174309495	23.751892746222797	26.301988350630545	0.0
81.0	26.067398344330606	23.73199818738464	23.954983034362325	26.245620433922433	0.0
82.0	26.311106690098036	23.749129613050833	23.677288150579706	26.26247554627143	0.0
83.0	26.269659692518545	23.741392840169325	23.749958553002422	26.238988914309715	0.0
84.0	26.26744918598097	23.690274876487948	23.7516164329056	26.290659504625484	0.0
85.0	26.276014898814065	23.765155785448236	23.710445748643302	26.2483835670944	0.0
86.0	26.20002873658499	23.79858969682903	23.68944593653636	26.311935630049625	0.0
87.0	26.142831879925282	23.788366104092752	23.701603722493008	26.367198293488954	0.0
88.0	26.27629121213126	23.802734396586978	23.746366479878862	26.174607911402898	0.0
89.0	26.25971241309946	23.79112923726472	23.693866949611504	26.255291400024316	0.0
90.0	26.16466063198382	23.781458271162837	23.760182145738696	26.293698951114646	0.0
91.0	26.273251765642097	23.77482675155012	23.870154845982956	26.081766636824828	0.0
92.0	26.299501530775775	23.770682051792168	23.776760944770494	26.153055472661563	0.0
93.0	26.22296274191231	23.851918167047977	23.707958928788532	26.21716016225118	0.0
94.0	26.16106855886026	23.78532665760359	23.770405738474974	26.283199045061174	0.0
95.0	26.212739149176034	23.765984725399825	23.832299921527017	26.188976203897123	0.0
96.0	26.309172496877657	23.72951136752987	23.745537539927277	26.215778595665196	0.0
97.0	26.22323905522951	23.692209069708323	23.782010897797228	26.302540977264936	0.0
98.0	26.2195745339298	23.691867292606705	23.802668626643715	26.285889546819778	0.0
99.0	26.29880356994833	23.76253764748142	23.75673509988671	26.18192368268354	0.0
100.0	26.325605813600067	23.811444834351082	23.758669282418282	26.10428006963057	0.0
101.0	26.299908817109223	23.827747229974303	23.643723577685062	26.228620375231408	0.0
102.0	26.214804785720208	23.809786963609735	23.73159072697632	26.243817523693735	0.0
103.0	26.14876626785665	23.705064795114808	23.829128788925424	26.31704014810312	0.0
104.0	26.28333010969578	23.700920118261447	23.739880080683044	26.27586969135973	0.0
105.0	26.217844215412672	23.730209168025198	23.75535354093559	26.296593075626536	0.0
106.0	26.074714708076595	23.732695974137215	23.946008676190214	26.24658064159598	0.0
107.0	26.31704014810312	23.74568262827775	23.68019673399464	26.25708048962449	0.0
108.0	26.27172501450637	23.745958940067975	23.747616810809316	26.234699234616343	0.0
109.0	26.27034345555525	23.68627559337957	23.74706418722887	26.296316763836312	0.0
110.0	26.277527562101078	23.7680638832859	23.70672266585615	26.247685888756873	0.0
111.0	26.21231797960819	23.78353734353845	23.69428863529607	26.309856041557296	0.0
112.0	26.141029537730375	23.792379320825617	23.711143654499736	26.355447486944268	0.0
113.0	26.272830261667263	23.800392362742116	23.7462352518582	26.18054212373242	0.0
114.0	26.255146307092925	23.802050233483463	23.6923544527645	26.250449006659117	0.0
115.0	26.169765963913683	23.779668978475314	23.76198502390097	26.28858003371004	0.0
116.0	26.28194855074466	23.762261335691193	23.877759664004863	26.078030449559282	0.0
117.0	26.304606117543035	23.776353236992623	23.768616506866348	26.150424138597995	0.0
118.0	26.225580945538944	23.840733884114833	23.7072752894366	26.226409880909618	0.0
119.0	26.155950374402476	23.78823464397226	23.772484871929485	26.28333010969578	0.0
120.0	26.216738968251775	23.766406012544554	23.832720842198338	26.18413417700533	0.0
121.0	26.307921859025722	23.716393578513994	23.75259042303335	26.223094139426927	0.0
122.0	26.21563372109088	23.685999281589346	23.799287115581222	26.299079881738553	0.0
123.0	26.2228902845743	23.68523579131771	23.802944939197424	26.28892898491057	0.0
124.0	26.297291024238206	23.764603158813845	23.76211633895907	26.17598947798888	0.0
125.0	26.32492235595787	23.80826066293091	23.76211633895907	26.10470064215215	0.0
126.0	26.30115941067896	23.830642041623836	23.63860428617218	26.22959426152503	0.0
127.0	26.221581175326325	23.805221216441748	23.728682427578278	26.24451518065365	0.0
128.0	26.150292339489596	23.701051095858617	23.83699724791936	26.311659316732428	0.0
129.0	26.290106877991093	23.699945842589827	23.73006399416426	26.27988328525482	0.0
130.0	26.222410115277917	23.724814041137527	23.757695325883926	26.29508051770063	0.0
131.0	26.084529769996795	23.727577174309495	23.946693634846426	26.241199420847288	0.0
132.0	26.32464604264067	23.742774406755306	23.67922234380008	26.25335720680394	0.0
133.0	26.269659692518545	23.748024359782043	23.750511179636813	26.2318047680626	0.0
134.0	26.277672778717243	23.680603910386065	23.753826939443172	26.287896371453517	0.0
135.0	26.285685864915948	23.75244537285719	23.70574842225096	26.256120339975908	0.0
136.0	26.20583131624612	23.78366877770041	23.697735336052254	26.312764570001217	0.0
137.0	26.144766073145657	23.79168186389911	23.711827315229282	26.351724747725942	0.0
138.0	26.26993600583574	23.792234490533506	23.758800579152712	26.179028924478043	0.0
139.0	26.250113979558282	23.79699757119923	23.69945870071593	26.253429748526557	0.0
140.0	26.172193408803917	23.78345818124546	23.75720834357998	26.28714006637064	0.0
141.0	26.28465323964444	23.755826773176533	23.879339167244623	26.0801808199344	0.0
142.0	26.303718911212	23.767431964565482	23.77848452779305	26.15036459642947	0.0
143.0	26.228008853103148	23.847286733884673	23.709406007620743	26.21529840539144	0.0
144.0	26.160035589253596	23.787326578375108	23.772958246179268	26.279679586192035	0.0
145.0	26.21446946314937	23.77765558555098	23.83651048473779	26.171364466561855	0.0
146.0	26.315324102600947	23.711340206185564	23.758313599902735	26.215022091310754	0.0
147.0	26.224212917166334	23.693168944422034	23.796787010991803	26.28583112741983	0.0
148.0	26.229259059697984	23.686879153368977	23.801826446166814	26.282035340766225	0.0
149.0	26.30089747557363	23.76624740262611	23.759063176975108	26.173791944825147	0.0
150.0	26.325765948980944	23.796918519828463	23.756852646005573	26.12046288518502	0.0
151.0	26.298963260975288	23.825102789690085	23.652128741323665	26.223805208010965	0.0
152.0	26.22877890269243	23.80106326539635	23.73557628542376	26.23458154648747	0.0
153.0	26.15306821698572	23.694128829744905	23.846102833900705	26.30670011936867	0.0
154.0	26.27962111499182	23.697997258941598	23.741102612847605	26.281279013218978	0.0
155.0	26.220489411556656	23.718168354038642	23.764589504398955	26.296752730005746	0.0
156.0	26.08371280781644	23.73198417259826	23.95580043326407	26.228502586321234	0.0
157.0	26.328252796321678	23.744694725673106	23.66981298907998	26.257239488925237	0.0
158.0	26.27658163490871	23.74027366373403	23.7521552676953	26.230989433661968	0.0
159.0	26.279068482249436	23.675615632875015	23.758510544232724	26.28680534064282	0.0
160.0	26.299239577346476	23.753536849551264	23.705457800963792	26.24176577213847	0.0
161.0	26.212199920420886	23.779786904814536	23.700207789911136	26.307805384853445	0.0
162.0	26.146989256819488	23.78973429417746	23.716786772182676	26.346489676820372	0.0
163.0	26.27962111499182	23.785589548609575	23.761826340687033	26.17296299571157	0.0
164.0	26.258693627850555	23.79339215204074	23.69861537483801	26.249298845270697	0.0
165.0	26.176903755978813	23.783997369460877	23.756365655990695	26.282733218569614	0.0
166.0	26.283838487108426	23.75912882733771	23.8773925609901	26.079640124563763	0.0
167.0	26.31340442052152	23.7574709245295	23.782339466652665	26.146785188296313	0.0
168.0	26.219456594722896	23.84589240763409	23.72127337988356	26.213377617759452	0.0
169.0	26.163364216378422	23.784826320864983	23.777365758228033	26.27444370452856	0.0
170.0	26.22581188882104	23.766865707109364	23.842023967748265	26.165298436321333	0.0
171.0	26.315338640464436	23.7121549144384	23.759957778741818	26.21254866635535	0.0
172.0	26.225884355433237	23.695917679371764	23.788484175273968	26.289713789921027	0.0
173.0	26.225404185122454	23.68962782639451	23.802642159043497	26.28232582943954	0.0
174.0	26.303398728930645	23.75711522520033	23.760154738878143	26.179331306990882	0.0
175.0	26.321228633482363	23.801734190296713	23.760838689354458	26.116198486866466	0.0
176.0	26.29166229158492	23.822458261720154	23.658876257951135	26.22700318874379	0.0
177.0	26.217884597317475	23.804497399819837	23.74232518554952	26.235292817313166	0.0
178.0	26.154330778285594	23.689547883657827	23.850090356951405	26.30603098110517	0.0
179.0	26.283096342063235	23.69231109318095	23.751443776975833	26.27314878777998	0.0
180.0	26.220647806840603	23.718008941746017	23.77106256459002	26.29028068682336	0.0
181.0	26.0905006383014	23.732377631266267	23.946250048356166	26.230871682076167	0.0
182.0	26.330070903956365	23.73873301316946	23.669652775091325	26.26154330778286	0.0
183.0	26.270385578256857	23.74011461793102	23.757522837926707	26.231976965885416	0.0
184.0	26.27370142968461	23.677389761756075	23.756970196022085	26.291938612537237	0.0
185.0	26.294701822060357	23.75227273983277	23.70640346174889	26.246621976357982	0.0
186.0	26.211529215414288	23.78073379792096	23.69977175889339	26.307965227771362	0.0
187.0	26.152396531619402	23.784325970301023	23.70944299222433	26.35383450585524	0.0
188.0	26.26845133159067	23.786536537919524	23.761391331259084	26.183620799230724	0.0
189.0	26.252918664253443	23.78894430705039	23.706599980657373	26.2515370480388	0.0
190.0	26.180245651362966	23.778996670304924	23.752469638983683	26.28828803934843	0.0
191.0	26.27999834206054	23.74721949736802	23.881788916674726	26.09099324389671	0.0
192.0	26.311499191754518	23.75440390168419	23.782865195705938	26.15123171085536	0.0
193.0	26.224457370231697	23.841998369692867	23.709363213086668	26.224181046988765	0.0
194.0	26.17582447947609	23.783141518948867	23.77512814490391	26.265905856671136	0.0
195.0	26.22390472374584	23.764351538429654	23.844208955636304	26.167534782188206	0.0
196.0	26.309288605811076	23.702455132013426	23.763798891943797	26.224457370231697	0.0
197.0	26.221213946625255	23.685664863191985	23.79039166164678	26.302729528535977	0.0
198.0	26.22377332526465	23.69761227766218	23.804826288433322	26.273788108639845	0.0
199.0	26.297624705713307	23.77311463088435	23.761785284007384	26.167475379394954	0.0
200.0	26.31753470687063	23.810129100716242	23.759560969139624	26.1127752232735	0.0
201.0	26.301507648775313	23.82173490140596	23.65483243434433	26.2219250154744	0.0
202.0	26.229938544522064	23.796036342735874	23.73524405340879	26.238781059333277	0.0
203.0	26.170251569546377	23.688268193474222	23.84328853125829	26.29819170572111	0.0
204.0	26.289625519497744	23.68605756477142	23.751547440091965	26.272769475638874	0.0
205.0	26.230491201697763	23.716453709434962	23.767298169599435	26.28575691926784	0.0
206.0	26.101722079759483	23.741046953753646	23.93724025112742	26.219990715359447	0.0
207.0	26.33687770802016	23.7429812538686	23.665056592094793	26.255084446016447	0.0
208.0	26.28127720132086	23.738204125620015	23.75809994887879	26.222418724180336	0.0
209.0	26.271881951448666	23.6740953617862	23.7622449120577	26.291777774707437	0.0
210.0	26.283764179228207	23.76307390469348	23.712505353910775	26.24065656216754	0.0
211.0	26.20915484200782	23.779653757409122	23.706149743703108	26.305041656879947	0.0
212.0	26.161902261768244	23.785456705859595	23.708636721610457	26.344004310761704	0.0
213.0	26.264144686848034	23.795128286610385	23.763350235572073	26.177376790969507	0.0
214.0	26.257381529389335	23.794983461505513	23.701859440758476	26.245775568346673	0.0
215.0	26.179179458554287	23.777850852347306	23.763205234841095	26.279764454257315	0.0
216.0	26.27340880892443	23.75132294139266	23.89971344329521	26.0755548063877	0.0
217.0	26.296068066198192	23.76265257002954	23.7828248356513	26.158454528120966	0.0
218.0	26.215379003711142	23.84168363808192	23.716781390670466	26.226155967536467	0.0
219.0	26.157625530903633	23.78558815970908	23.782548503245522	26.274237806141766	0.0
220.0	26.212760548357057	23.767481575435017	23.84789474993161	26.171863126276318	0.0
221.0	26.30477974803872	23.70585910838093	23.765270903971196	26.224090239609154	0.0
222.0	26.22057035481375	23.684094174864594	23.798773073947167	26.29656239637449	0.0
223.0	26.219537469706726	23.693555028061866	23.807681573122508	26.2792259291089	0.0
224.0	26.29836574757239	23.749993091594405	23.7687839548135	26.182857206019712	0.0
225.0	26.30348517171628	23.80594457770065	23.764493915042724	26.12607633554035	0.0
226.0	26.300998131956803	23.815616398987498	23.65534050337685	26.228044965678855	0.0
227.0	26.22887397893201	23.790469663641687	23.74017619295007	26.24048016447623	0.0
228.0	26.15592081265406	23.68297427848213	23.850158617869106	26.310946290994707	0.0
229.0	26.287457582155216	23.686290331494767	23.752887729498504	26.27336435685152	0.0
230.0	26.229150316683064	23.713647768848997	23.77306038532536	26.28414152914258	0.0
231.0	26.089335455630717	23.74679444665517	23.941891055400806	26.221979042313304	0.0
232.0	26.323948799575543	23.75176858115577	23.665273909006498	26.259008710262194	0.0
233.0	26.279254209372954	23.73580640615026	23.77007276073518	26.21486662374161	0.0
234.0	26.277043476819088	23.670866137380447	23.759295439535084	26.29279494626538	0.0
235.0	26.29362397097308	23.757913731688916	23.694631512334503	26.253830785003494	0.0
236.0	26.21155052491081	23.76869105288901	23.707343224519235	26.312415197680945	0.0
237.0	26.157387577341098	23.781402765073743	23.717015179442395	26.344194478142764	0.0
238.0	26.261568348942028	23.792180086273838	23.76095348895048	26.18529807583365	0.0
239.0	26.257844689652888	23.79092986688553	23.69946030193247	26.251765141529116	0.0
240.0	26.189087834009943	23.776782284518852	23.751081240172116	26.28304864129909	0.0
241.0	26.282552641106356	23.75765883533193	23.882024226378178	26.077764297183535	0.0
242.0	26.300501351493278	23.760025647970547	23.782412346402374	26.1570606541338	0.0
243.0	26.216825777635282	23.84398096196262	23.712693683285334	26.226499577116762	0.0
244.0	26.159952678684956	23.782277725259963	23.783659773012477	26.274109823042608	0.0
245.0	26.21986952675807	23.755252100840334	23.863058381247235	26.161819991154356	0.0
246.0	26.299203020945928	23.70867554410476	23.766451687809788	26.22566974713953	0.0
247.0	26.225098555260058	23.6795253866186	23.796464727445635	26.298911330675708	0.0
248.0	26.223000002764625	23.69419954494309	23.80893139035644	26.273869061935844	0.0
249.0	26.297441058079357	23.7572986243199	23.769186535143984	26.17607378245676	0.0
