# Position (bp)	A	C	G	T	N
0.0	26.22070107026132	23.790099732083995	23.6571236200923	26.332075577562385	0.0
1.0	26.21649296545146	23.7146343858271	23.807212691644107	26.26165995707733	0.0
2.0	26.23070384843036	23.771680556997108	23.784864916419576	26.212750678152958	0.0
3.0	26.18140714229617	23.878336381281486	23.698264352469963	26.241992123952386	0.0
4.0	26.301678735087414	23.664948482519954	23.73674203119654	26.296630751196094	0.0
5.0	26.191103807606236	23.70878458337306	23.884891279353454	26.21522032966725	0.0
6.0	26.192218717139852	23.816053277252017	23.751279355064845	26.240448650543286	0.0
7.0	26.276402156754436	23.701587283784807	23.73243010595911	26.289580453501642	0.0
8.0	26.291972276428233	23.789617118632663	23.722887647758114	26.195522957180987	0.0
9.0	26.279991701291344	23.780005719380288	23.71243853067999	26.22756404864838	0.0
10.0	26.372018311331892	23.81005777656923	23.718669316745114	26.099254595353766	0.0
11.0	26.14270616367505	23.83080239628391	23.700447691320058	26.326043748720984	0.0
12.0	26.23374074904687	23.81447633998654	23.781957838080288	26.169825072886297	0.0
13.0	26.11347835837632	23.713556851311953	23.806346714509978	26.36661807580175	0.0
14.0	26.207389549226285	23.80746804216192	23.561616954474097	26.423525454137696	0.0
15.0	26.271585557299844	23.70430589818345	23.720565149136576	26.30354339538013	0.0
16.0	26.29569410181655	23.742150706436423	23.73990805113254	26.222247140614485	0.0
17.0	26.131980264633327	23.770464229647903	23.78868580399193	26.308869701726845	0.0
18.0	26.235422740524783	23.716920834267775	23.846714509979815	26.200941915227627	0.0
19.0	26.196456604619872	23.85932944606414	23.836622561112357	26.107591388203634	0.0
20.0	26.27943485086342	23.776351199820585	23.685243328100473	26.25897062121552	0.0
21.0	26.20935187261718	23.795413769903565	23.755886970172686	26.239347387306573	0.0
22.0	26.25616730208567	23.762054272258354	23.827371607983853	26.154406817672122	0.0
23.0	26.337463556851308	23.78335949764521	23.70038125140166	26.178795694101815	0.0
24.0	26.332343764454574	23.66022746067655	23.7252642821701	26.28216449269878	0.0
25.0	26.229181909671706	23.79422573944343	23.638361632760617	26.33823071812425	0.0
26.0	26.23086389643447	23.695829513821725	23.80487832227427	26.268428267469535	0.0
27.0	26.21572601556959	23.783012494358335	23.80571931565565	26.19554217441642	0.0
28.0	26.190215883001	23.862626534462507	23.69891315622013	26.248244426316365	0.0
29.0	26.30262866497907	23.671721036888773	23.730029911331265	26.295620386800888	0.0
30.0	26.1635844259239	23.712929712576493	23.89093997830237	26.232545883197233	0.0
31.0	26.19554217441642	23.820016203139147	23.769556600256223	26.214885022188213	0.0
32.0	26.25497237336742	23.704519778762677	23.7488120968488	26.291695751021106	0.0
33.0	26.288612108622704	23.789460110282263	23.73031024245839	26.191617538636635	0.0
34.0	26.262821644926987	23.788338785773753	23.721059315263187	26.227780254036066	0.0
35.0	26.36458184407422	23.814409580596603	23.72414295766159	26.096865617667593	0.0
36.0	26.11789045220214	23.83711640189392	23.702837791999908	26.34215535390403	0.0
37.0	26.23303300609438	23.807054232707824	23.787711439159906	26.172201322037893	0.0
38.0	26.120059878560898	23.70781729189677	23.810418196803113	26.36170463273922	0.0
39.0	26.211167239474996	23.803970598953807	23.558961880680194	26.425900280891	0.0
40.0	26.275082557285508	23.696043417563256	23.729683058516155	26.299190966635084	0.0
41.0	26.304797573460565	23.73276669227017	23.736410986706737	26.226024747562526	0.0
42.0	26.130992761870587	23.756314440937203	23.801727956223615	26.310964840968598	0.0
43.0	26.23863961291987	23.71987149657156	23.844898828779833	26.19659006172874	0.0
44.0	26.204999971966963	23.857233363795896	23.83060198137485	26.107164682862283	0.0
45.0	26.281249824793534	23.78266549301697	23.685110534253564	26.250974147935928	0.0
46.0	26.208363936062256	23.7986443224696	23.75014717342917	26.242844568038976	0.0
47.0	26.265270995340913	23.757435762302297	23.820229758747708	26.157063483609083	0.0
48.0	26.33619457168327	23.78042285028678	23.710340264968238	26.17304231306171	0.0
49.0	26.337242061767814	23.64832096612778	23.730177196311985	26.284259775792425	0.0
50.0	26.23772506959181	23.78596277784163	23.638509431687893	26.337802720878667	0.0
51.0	26.229315182929053	23.692052376774136	23.811192437829913	26.267440002466902	0.0
52.0	26.219503648489162	23.781757834510252	23.80951046049736	26.18922805650323	0.0
53.0	26.186705090504397	23.873425599134343	23.70915247965508	26.23071683070618	0.0
54.0	26.30528449244932	23.669906341895533	23.739708401196445	26.285100764458697	0.0
55.0	26.17072630584515	23.709993468321358	23.886601088239335	26.232679137594157	0.0
56.0	26.196236295388857	23.81427606293959	23.770824981848662	26.21866265982289	0.0
57.0	26.26547769557892	23.70690984321168	23.738587082974746	26.289025378234655	0.0
58.0	26.296313946675713	23.79156936895014	23.724290275648052	26.1878264087261	0.0
59.0	26.27669087779594	23.792690687171838	23.720365661872098	26.210252773160125	0.0
60.0	26.370881608418856	23.810631778719063	23.72064599142752	26.09784062143456	0.0
61.0	26.126994895198795	23.844271325370105	23.697658967882642	26.331074811548454	0.0
62.0	26.242977764321996	23.80467812650677	23.78477478386652	26.16756932530472	0.0
63.0	26.117670804319303	23.70684338592301	23.819535551294557	26.355950258463125	0.0
64.0	26.20513338042857	23.798510893575987	23.572005247754564	26.424350478240882	0.0
65.0	26.27801886051962	23.699274509144324	23.725064755945773	26.297641874390287	0.0
66.0	26.30212713470358	23.733194290263622	23.746650071203508	26.218028503829295	0.0
67.0	26.124118366019665	23.76262881106962	23.794586290801853	26.318666532108857	0.0
68.0	26.239053161547865	23.725905742254515	23.843363496708943	26.191677599488685	0.0
69.0	26.212141599668094	23.856538948879248	23.836635606239	26.094683845213666	0.0
70.0	26.292595956537827	23.769356701539564	23.68245478296947	26.25559255895314	0.0
71.0	26.210179298281023	23.79991253742389	23.749173030129736	26.240735134165348	0.0
72.0	26.264282750810153	23.758143550756326	23.825422455455758	26.152151242977766	0.0
73.0	26.325674751348384	23.771879660465796	23.72955001625907	26.17289557192676	0.0
74.0	26.3348517765786	23.65940149975471	23.728362183754996	26.277384539911697	0.0
75.0	26.230850094610698	23.78274581260074	23.64146050879529	26.344943583993274	0.0
76.0	26.21122713574883	23.69612446562478	23.812460578877285	26.280187819749106	0.0
77.0	26.20590090405775	23.777699908893403	23.82171140234074	26.19468778470811	0.0
78.0	26.1871189291471	23.866003223771813	23.708458896909384	26.2384189501717	0.0
79.0	26.29504520288738	23.672016259023057	23.743780222860746	26.289158315228818	0.0
80.0	26.17198121802509	23.720793328193988	23.882262246828788	26.224963206952133	0.0
81.0	26.208423855911416	23.81077861097484	23.769850725348658	26.210946807765083	0.0
82.0	26.261125516854722	23.711262176746793	23.739575303104633	26.28803700329385	0.0
83.0	26.297568154741047	23.797883523722753	23.728922839722475	26.175625481813725	0.0
84.0	26.271777980236877	23.780222860747074	23.725278575933842	26.222720583082204	0.0
85.0	26.371294414464924	23.807134347186206	23.726680215852546	26.09489102249632	0.0
86.0	26.117036933211857	23.845258952974984	23.71350480061672	26.324199313196438	0.0
87.0	26.243671613507285	23.803703682938725	23.79361190381413	26.159012799739855	0.0
88.0	26.112758812085467	23.71652192439015	23.819121678823524	26.351597584700865	0.0
89.0	26.218161838497895	23.796695502991092	23.562061638344275	26.423081020166737	0.0
90.0	26.27983382203708	23.69633836614096	23.72605304911893	26.297774762703025	0.0
91.0	26.294971490723974	23.728295666702177	23.745395625774403	26.23133721679945	0.0
92.0	26.12116862802263	23.766139838419402	23.790528304637174	26.322163228920797	0.0
93.0	26.238906051142898	23.709233417244608	23.855283887353316	26.196576644259178	0.0
94.0	26.20330449700891	23.85892814092609	23.838744582676902	26.099022779388104	0.0
95.0	26.294691163526068	23.76389722083616	23.68596625981846	26.25544535581931	0.0
96.0	26.227132308830868	23.789126668647643	23.75128249693042	26.232458525591067	0.0
97.0	26.27002237011039	23.76557918402359	23.819402006021427	26.144996439844586	0.0
98.0	26.33225500804539	23.78099717990839	23.714279306806905	26.172468505239316	0.0
99.0	26.34143196337816	23.645813184872466	23.732153719791324	26.280601131958054	0.0
100.0	26.24247673991596	23.776725619311126	23.65282134517432	26.327976295598592	0.0
101.0	26.22201291183454	23.69599161263375	23.81485001135322	26.267145464178487	0.0
102.0	26.209398223291203	23.773642028778312	23.81148609440833	26.20547365352216	0.0
103.0	26.187252436737335	23.858580931636798	23.714212829418575	26.23995380220729	0.0
104.0	26.297140390270428	23.66599668654181	23.74897330451578	26.287889618671983	0.0
105.0	26.16819024071629	23.71168989170991	23.88661357284422	26.23350629472958	0.0
106.0	26.203791695049716	23.81485001135322	23.772520723130015	26.208837570467054	0.0
107.0	26.25312914357478	23.704401404995977	23.745329061158813	26.297140390270428	0.0
108.0	26.29770104309458	23.78765834938202	23.740002859329405	26.174637748193994	0.0
109.0	26.266584811354342	23.776164966486977	23.742245470625996	26.215004751532682	0.0
110.0	26.3801170082444	23.801954996397807	23.7226226217808	26.095305373576995	0.0
111.0	26.114087243185967	23.840359714851974	23.710007933237463	26.335545108724602	0.0
112.0	26.244645780538672	23.804411204054627	23.791235899621	26.159707115785697	0.0
113.0	26.120461528111054	23.6978874660806	23.83216344105313	26.34948756475522	0.0
114.0	26.220818102307643	23.785068735843556	23.569778654885514	26.424334506963287	0.0
115.0	26.285292996344555	23.695364535444373	23.717229934291673	26.302112533919402	0.0
116.0	26.28809625260703	23.733488820614028	23.748065753178892	26.230349173600054	0.0
117.0	26.112612410576126	23.771893431409925	23.79992599403467	26.31556816397928	0.0
118.0	26.22838689421632	23.71666928303918	23.85795339866789	26.196990424076606	0.0
119.0	26.207362472247762	23.85458949115292	23.844497768608015	26.0935502679913	0.0
120.0	26.28977820636451	23.757877150097553	23.700130071090577	26.25221457244735	0.0
121.0	26.21773452041892	23.783386782086072	23.76488529075374	26.23399340674127	0.0
122.0	26.272398017537167	23.75619519634007	23.821791392881973	26.149615393240786	0.0
123.0	26.333228678432867	23.767968872642463	23.714146352402953	26.18465609652172	0.0
124.0	26.331340212543488	23.635721434037794	23.74645036680711	26.28648798661161	0.0
125.0	26.23574890602618	23.78149116831639	23.65057873387773	26.332181191779707	0.0
126.0	26.211921160999868	23.696832591869974	23.822699150891296	26.26854709623886	0.0
127.0	26.21948997412587	23.76158799305912	23.817933601886036	26.200988430928973	0.0
128.0	26.19818516680823	23.84624656950553	23.709727606825385	26.245840656860846	0.0
129.0	26.311230468202485	23.651766341674	23.752123478524133	26.28487971159938	0.0
130.0	26.152845601385938	23.719044869171295	23.89901493022656	26.229094599216207	0.0
131.0	26.206948750581677	23.813795462063318	23.781277507106292	26.19797828024871	0.0
132.0	26.26245353576695	23.700262946911636	23.752684132919942	26.284599384401474	0.0
133.0	26.29048625555749	23.791929940626698	23.74371366258697	26.173870141228843	0.0
134.0	26.27450760527688	23.78015619831467	23.73894810022258	26.20638809618587	0.0
135.0	26.363651654210795	23.806787282115685	23.731939920274943	26.097621143398577	0.0
136.0	26.123411245605872	23.833698693114602	23.71820388757758	26.324686173701945	0.0
137.0	26.24991239750508	23.79984581960894	23.79592122783657	26.15432055504941	0.0
138.0	26.12292382087042	23.706496601023197	23.828999929918005	26.34157964818838	0.0
139.0	26.21795500735861	23.78751138832434	23.569135888990118	26.42539771532693	0.0
140.0	26.28999929918004	23.68995724998248	23.7188310323078	26.30121241852968	0.0
141.0	26.288671353763693	23.72983034502865	23.75365829044303	26.227840010764623	0.0
142.0	26.134770859263746	23.76122716722172	23.795707605880175	26.30829436763436	0.0
143.0	26.238772832778285	23.71525324901044	23.850371715948466	26.195602202262812	0.0
144.0	26.214384229824738	23.851212702257207	23.838317578856483	26.096085489061572	0.0
145.0	26.288671353763693	23.755340263060518	23.702918783148878	26.25306960002691	0.0
146.0	26.22111212029468	23.781410838631547	23.776084592009507	26.22139244906426	0.0
147.0	26.269608997432186	23.748051715051414	23.82570278422534	26.156636503291057	0.0
148.0	26.329392834215902	23.76970366362696	23.724009946092625	26.176893556064513	0.0
149.0	26.343276678412543	23.64256659966753	23.728908586822755	26.285248135097177	0.0
150.0	26.235068863341375	23.76338931545942	23.651256864608474	26.350284956590723	0.0
151.0	26.210680055281298	23.690503222406306	23.833191766114133	26.265624956198263	0.0
152.0	26.22105230698501	23.76310898433229	23.814129249469474	26.201709459213223	0.0
153.0	26.190496214128128	23.853095276140177	23.71040673243235	26.246001777299345	0.0
154.0	26.309991029378782	23.657770800627944	23.750560663825972	26.2816775061673	0.0
155.0	26.161975779322717	23.706268221574344	23.91063018614039	26.221125812962548	0.0
156.0	26.20430589818345	23.81195335276968	23.77663153173357	26.207109217313302	0.0
157.0	26.257568961650595	23.695615608880914	23.753644314868804	26.293171114599684	0.0
158.0	26.29064812738282	23.7928907826867	23.73934738730657	26.177113702623906	0.0
159.0	26.274108544516707	23.78504148912312	23.733460417133887	26.207389549226285	0.0
160.0	26.369141063018613	23.787003812514016	23.741870374523437	26.101984749943934	0.0
161.0	26.12188831576587	23.82400762502803	23.733740749046873	26.320363310159227	0.0
162.0	26.25007358733345	23.81594476324502	23.78594916446839	26.14803248495314	0.0
163.0	26.132053521118863	23.691757377655804	23.827999069295437	26.348190031929896	0.0
164.0	26.222881315545287	23.78875249145686	23.57569964033315	26.412666552664703	0.0
165.0	26.29885147693282	23.686991721775403	23.71334299546702	26.300813805824752	0.0
166.0	26.292477531271203	23.71677347372434	23.75938416340078	26.231364831603678	0.0
167.0	26.121193772111305	23.75826282946193	23.80339652050079	26.31714687792598	0.0
168.0	26.23977483614508	23.711166804030075	23.852454880325634	26.196603479499213	0.0
169.0	26.20445281707119	23.848249878054933	23.850772879417356	26.096524425456526	0.0
170.0	26.296682533541905	23.747329823558104	23.703037132973385	26.25295050992661	0.0
171.0	26.226599162363545	23.774241838090592	23.776204172483588	26.222954827062274	0.0
172.0	26.26220151492215	23.748170824012245	23.82918720109442	26.16044045997118	0.0
173.0	26.330957033166346	23.773467482626284	23.735342021826828	26.160233462380546	0.0
174.0	26.351569179877494	23.63819856187713	23.73014871816436	26.280083540081016	0.0
175.0	26.232146111041025	23.766031705983767	23.66342878768765	26.338393395287557	0.0
176.0	26.203832190964775	23.68950002102519	23.840601040045975	26.26606674796406	0.0
177.0	26.223736035770855	23.760424989136986	23.818734844343524	26.197104130748638	0.0
178.0	26.192899093113546	23.850412794527845	23.715851590205066	26.240836522153536	0.0
179.0	26.3079105389752	23.653683342958225	23.762453954708814	26.275952163357758	0.0
180.0	26.15736976961936	23.698817540102155	23.914676743833997	26.229135946444494	0.0
181.0	26.202784303391514	23.80618646871163	23.79104829078758	26.19998093710928	0.0
182.0	26.259412302292596	23.695173163935255	23.758248905285466	26.287165628486687	0.0
183.0	26.28828697499958	23.7876842512489	23.737784331425175	26.186244442326345	0.0
184.0	26.272027450562636	23.779554489030428	23.73470062851472	26.213717431892213	0.0
185.0	26.372668300094755	23.7876842512489	23.73918601456629	26.100461434090054	0.0
186.0	26.122608027719686	23.822726329776795	23.71087201511575	26.343793627387768	0.0
187.0	26.25051511999843	23.81438299136841	23.77906047719035	26.156041411442814	0.0
188.0	26.139501504010227	23.695800265199193	23.820550414478866	26.344147816311715	0.0
189.0	26.218556654789705	23.793077347895927	23.575255177131197	26.41311082018317	0.0
190.0	26.301536529366746	23.68318508156417	23.719628945398682	26.2956494436704	0.0
191.0	26.294041131220702	23.719134764179508	23.755578730180087	26.2312453744197	0.0
192.0	26.123875843817984	23.754177039180068	23.799311489380788	26.32263562762116	0.0
193.0	26.241057211419854	23.70371616317926	23.857902173181728	26.197324452219156	0.0
194.0	26.21806947901949	23.848090336181567	23.85257574738164	26.0812644374173	0.0
195.0	26.29740518962076	23.739038776379825	23.712686985579403	26.25086904842001	0.0
196.0	26.22311556661957	23.777725447980444	23.783332211980536	26.215826773419455	0.0
197.0	26.268530355020296	23.745486554979927	23.82201888358115	26.163964206418623	0.0
198.0	26.31878467442832	23.767419563736468	23.742189055005312	26.1716067068299	0.0
199.0	26.346405613539325	23.64027820996947	23.736435021263834	26.276881155227372	0.0
200.0	26.232307006551558	23.756058860303497	23.66158409235539	26.35005004078955	0.0
201.0	26.20959942137709	23.68681474254925	23.83399353534674	26.269592300726924	0.0
202.0	26.223896789820273	23.751573411380143	23.826424340288582	26.198105458511	0.0
203.0	26.186050814529487	23.85698146107892	23.716250501108746	26.240717223282843	0.0
204.0	26.31900602173206	23.65716496406024	23.753041703578276	26.270787310629423	0.0
205.0	26.164818282741066	23.698935824259618	23.91199524541081	26.224250647588505	0.0
206.0	26.206589142940445	23.806586900209695	23.784159592720098	26.202664364129763	0.0
207.0	26.264619801069784	23.697814458885137	23.75079897282932	26.286766767215763	0.0
208.0	26.29489666618074	23.783038227345614	23.732016102806778	26.190049003666864	0.0
209.0	26.278636868250782	23.776029693755117	23.742388732520716	26.202944705473385	0.0
210.0	26.376475997174158	23.774627987037018	23.747715218049496	26.101180797739325	0.0
211.0	26.130616638819426	23.816959529923633	23.709588795317178	26.34283503593976	0.0
212.0	26.257684878625874	23.808896377138662	23.774694637335404	26.15872410690006	0.0
213.0	26.144707000423317	23.68414412949564	23.820670746579125	26.35047812350192	0.0
214.0	26.219838691138662	23.786749348905403	23.582379936474474	26.411032023481457	0.0
215.0	26.315715699439597	23.6774159183868	23.72086894846471	26.285999433708902	0.0
216.0	26.303734728319682	23.727944021126643	23.75233385477116	26.21598739578252	0.0
217.0	26.12011011869719	23.767192029290225	23.80195455080655	26.310743301206035	0.0
218.0	26.23925585776522	23.708880702875756	23.851855589757392	26.20000784960163	0.0
219.0	26.223276311584332	23.84092221605468	23.85381799016557	26.08198348219542	0.0
220.0	26.309341586628765	23.73046710736573	23.719533733663017	26.240657572342492	0.0
221.0	26.22243528283797	23.774480945092037	23.782330546724754	26.220753225345245	0.0
222.0	26.274298722196992	23.73663465150572	23.829428156521058	26.15963846977623	0.0
223.0	26.323712871981048	23.765856940609186	23.75744662956785	26.152983557841914	0.0
224.0	26.35933176525998	23.636883552330946	23.7380887634181	26.26569591899098	0.0
225.0	26.23569880656348	23.747900902997188	23.65650783148912	26.359892458950213	0.0
226.0	26.21551383371507	23.680337313324046	23.839854668195493	26.26429418476539	0.0
227.0	26.231213257041613	23.757432695731158	23.823033857488486	26.188320189738747	0.0
228.0	26.181591865455943	23.867048312171818	23.717623443724577	26.233736378647666	0.0
229.0	26.320156994673393	23.66582562377348	23.748528174936922	26.265489206616206	0.0
230.0	26.169890664423885	23.70255116344267	23.906083543594058	26.221474628539386	0.0
231.0	26.20605550883095	23.804878048780488	23.78413232408186	26.2049341183067	0.0
232.0	26.25791982057752	23.693019343986542	23.76058312307261	26.288477712363328	0.0
233.0	26.284272497897394	23.787776843285673	23.743481917577796	26.184468741239137	0.0
234.0	26.27432730208748	23.77809799886739	23.743054348496486	26.204520350548645	0.0
235.0	26.371328126314136	23.771089268793208	23.760996697486387	26.096585907406265	0.0
236.0	26.129667113356398	23.815104093659063	23.71866396783834	26.3365648251462	0.0
237.0	26.2651494125266	23.803396159765853	23.773679060939674	26.157775366767872	0.0
238.0	26.129740367875254	23.684808114450078	23.81376910935612	26.37168240831855	0.0
239.0	26.222816564198748	23.77115591103934	23.58304106846988	26.422986456292037	0.0
240.0	26.3049878038523	23.67678806740124	23.715198923374547	26.30302520537191	0.0
241.0	26.307259640592974	23.714470773294302	23.74671590357865	26.231553682534077	0.0
242.0	26.121788580497903	23.74669814759771	23.794648615605492	26.336864656298896	0.0
243.0	26.26844158284235	23.689915002565908	23.840504319978464	26.20113909461328	0.0
244.0	26.225071584621297	23.816855549105227	23.849107190433323	26.108965675840157	0.0
245.0	26.29535931250736	23.74643099550684	23.704921159358506	26.253288532627295	0.0
246.0	26.221143866932206	23.779136630108553	23.787271044290485	26.212448458668764	0.0
247.0	26.278213838877452	23.719541958179278	23.835679460493612	26.166564742449662	0.0
248.0	26.322478558382638	23.75958455025208	23.763231799524736	26.15470509184054	0.0
249.0	26.353207212616187	23.654788724886444	23.73194250780656	26.26006155469081	0.0
