# Position (bp)	A	C	G	T	N
0.0	26.34294919521869	23.652312815583922	23.865928442826007	26.138809546371377	0.0
1.0	26.340783257299886	23.640129414790646	23.820443746531115	26.19864358137835	0.0
2.0	26.289727394067054	23.729088885940854	23.778904648839482	26.202279071152613	0.0
3.0	26.179924032195622	23.73872056789047	23.783120852702055	26.29823454721185	0.0
4.0	26.258622743467292	23.75707958372589	23.78117453407405	26.202852408953575	2.707297791927921E-4
5.0	26.30577266168353	23.698152845722145	23.774497196646262	26.221577295948062	0.0
6.0	26.386147861186238	23.769380081053203	23.65026381545642	26.19420824230414	0.0
7.0	26.284130224096764	23.728322604048792	23.724532612874057	26.263014558980384	0.0
8.0	26.161342717920956	23.75338386572821	23.841364374661612	26.24390904168923	0.0
9.0	26.205371282237305	23.715718891526734	23.75470007498464	26.32420975125132	0.0
10.0	26.30544592246098	23.711878813472147	23.75816834229347	26.224506921773404	0.0
11.0	26.32872603637112	23.706464833493047	23.668566973639333	26.296242156496508	0.0
12.0	26.201768205861175	23.763311623273616	23.722977472429307	26.311942698435903	0.0
13.0	26.30355102946829	23.722977472429307	23.763311623273616	26.210159874828783	0.0
14.0	26.218280844797437	23.831527771010304	23.77143259324227	26.178488091951035	2.706989989551019E-4
15.0	26.235605580730564	23.74273849935303	23.74436269334676	26.277293226569647	0.0
16.0	26.212866864818334	23.612532280855625	23.791735018163905	26.38286583616214	0.0
17.0	26.26720625854391	23.774075227048172	23.669856394569795	26.288862119838125	0.0
18.0	26.24176062152322	23.762164503336354	23.76054031373929	26.235534561401135	0.0
19.0	26.282023518201704	23.81380340862334	23.739902982004025	26.164270091170927	0.0
20.0	26.215161227450896	23.770491803278688	23.72799229053425	26.286354678736167	0.0
21.0	26.181865430842194	23.792689001017823	23.681432314788747	26.344013253351235	0.0
22.0	26.185655196309852	23.846016415098426	23.660047209649825	26.3082811789419	0.0
23.0	26.23708772765663	23.799997834419734	23.744504840071897	26.218409597851743	0.0
24.0	26.21868029538515	23.74721181540594	23.796208068952076	26.23789982025684	0.0
25.0	26.35240487688676	23.64380535764558	23.860092686835436	26.143697078632222	0.0
26.0	26.341847673084	23.640827684778138	23.814074106156742	26.203250535981116	0.0
27.0	26.297453277605737	23.726368105333826	23.769138315611666	26.207040301448774	0.0
28.0	26.189444961777507	23.733676938735734	23.77509366134656	26.301784438140203	0.0
29.0	26.262533295796608	23.756415531541677	23.771033198345496	26.209747276782814	2.706975334040756E-4
30.0	26.312070944409555	23.703629512527883	23.768867618078264	26.2154319249843	0.0
31.0	26.38488858089525	23.769679710678478	23.642181172445156	26.203250535981116	0.0
32.0	26.28121142560149	23.735030426402755	23.722307642332762	26.261450505662992	0.0
33.0	26.161563115836888	23.75993459947593	23.83302293349503	26.245479351192152	0.0
34.0	26.198377980379846	23.71987136453213	23.75587413647487	26.32587651861316	0.0
35.0	26.302325833207007	23.712021136063406	23.75208437100721	26.233568659722373	0.0
36.0	26.327500703813588	23.709314160729367	23.665461160317907	26.297723975139135	0.0
37.0	26.21083006691643	23.76724343287784	23.713103926197025	26.308822574008705	0.0
38.0	26.303137925807217	23.72528531520021	23.763724364943588	26.207852394048984	0.0
39.0	26.219492387985362	23.832752235961628	23.77265738354592	26.17482729497369	2.706975334040756E-4
40.0	26.233297962188967	23.74017367953743	23.739902982004025	26.286625376269573	0.0
41.0	26.21272494965026	23.613487233904323	23.791064815817396	26.382723000628015	0.0
42.0	26.263274294361118	23.77259303172296	23.6748714866939	26.289261187222028	0.0
43.0	26.23566322069639	23.771510244520417	23.760953069295674	26.23187346548751	0.0
44.0	26.279174268714574	23.819359099989715	23.73977445603625	26.16169217525946	0.0
45.0	26.205815634322093	23.778754689809375	23.72299129982838	26.29243837604015	0.0
46.0	26.17468558651717	23.80013967917102	23.681574801444434	26.343599932867374	0.0
47.0	26.18172368428176	23.84751149104808	23.66506234130443	26.305702483365728	0.0
48.0	26.22963688829456	23.812321002225122	23.746000465597238	26.212041643883083	0.0
49.0	26.215560692765376	23.750872994818877	23.802305247713974	26.231261064701773	0.0
50.0	26.349555246360488	23.64232387160344	23.863753255120216	26.144367626915848	0.0
51.0	26.335479050831307	23.646113616553606	23.822066060668405	26.196341271946682	0.0
52.0	26.29297976817589	23.732736358271662	23.766844062823147	26.207439810729312	0.0
53.0	26.18280646855324	23.74518837739363	23.773611464519867	26.298393689533267	0.0
54.0	26.25914275969227	23.75709900437986	23.77307007238413	26.210417467475867	2.706960678689182E-4
55.0	26.3067852676372	23.699711437991652	23.773611464519867	26.219891829851278	0.0
56.0	26.372293716061478	23.783356522963146	23.638263430585408	26.206086330389965	0.0
57.0	26.272136170949985	23.741669328511332	23.72461547623559	26.261579024303096	0.0
58.0	26.158173126377164	23.766573366755274	23.831811119111684	26.243442387755877	0.0
59.0	26.191198046657178	23.72786382905002	23.756828308311995	26.324109815980812	0.0
60.0	26.3024541305513	23.70729092789198	23.758993876854944	26.231261064701773	0.0
61.0	26.325733992388027	23.70945649643493	23.656400067132623	26.30840944404442	0.0
62.0	26.205544938254228	23.769009631366096	23.71432902565657	26.311116404723105	0.0
63.0	26.301100650211957	23.72759313298215	23.761971533601503	26.209334683204393	0.0
64.0	26.2179969573762	23.84047339328349	23.763054317872978	26.178204635399467	2.706960678689182E-4
65.0	26.237216378194887	23.736255407153955	23.741398632443463	26.285129582207688	0.0
66.0	26.209334683204393	23.617149137291634	23.78741696398118	26.386099215522798	0.0
67.0	26.262861412109284	23.775712673143502	23.67041218778677	26.291013726960443	0.0
68.0	26.227129627875122	23.775983368478613	23.76596764107964	26.230919362566624	0.0
69.0	26.278490606897297	23.818418060743866	23.73883384765308	26.164257484705754	0.0
70.0	26.21108765091224	23.779979427210222	23.717719668669808	26.29121325320773	0.0
71.0	26.185100969086676	23.80271777380759	23.664934221211627	26.347247035894107	0.0
72.0	26.176709436413837	23.849006550809378	23.661685885983434	26.31259812679335	0.0
73.0	26.22760002165557	23.807860971252236	23.74478912890477	26.219749878187432	0.0
74.0	26.21866709977803	23.75318066157761	23.797574576362948	26.230577662281412	0.0
75.0	26.34968328731525	23.64354934762601	23.856856694277518	26.149910670781225	0.0
76.0	26.327486329922582	23.648692545070652	23.819500839153267	26.2043202858535	0.0
77.0	26.29392019923123	23.734232039413133	23.759948026636348	26.21189973471929	0.0
78.0	26.189432082724267	23.740999404471875	23.77239997834443	26.297168534459423	0.0
79.0	26.257376427914025	23.760218721238697	23.773753451356182	26.208380704888746	2.7069460234962914E-4
80.0	26.29879270207352	23.699853824914733	23.776731091982025	26.22462238102972	0.0
81.0	26.375940663743165	23.77537761897028	23.642737263818958	26.205944453467602	0.0
82.0	26.26712143359861	23.731795787991988	23.73720968003898	26.263873098370418	0.0
83.0	26.15424178441882	23.773753451356182	23.836283904498945	26.235720859726058	0.0
84.0	26.182935412267877	23.730442314980237	23.759948026636348	26.326674246115534	0.0
85.0	26.29879270207352	23.70689188457582	23.764279140273942	26.230036273076713	0.0
86.0	26.32396730009204	23.706350495371122	23.66358074819988	26.30610145633696	0.0
87.0	26.207297926479345	23.769963726923287	23.71365924963456	26.309079096962805	0.0
88.0	26.30014617508527	23.73125439878729	23.760218721238697	26.208380704888746	0.0
89.0	26.21893779438038	23.84792377239998	23.7575117752152	26.17535596340209	2.7069460234962914E-4
90.0	26.24005197336365	23.72963023117319	23.742082182881276	26.288235612581882	0.0
91.0	26.21000487250284	23.6135022467652	23.790536516701856	26.3859563640301	0.0
92.0	26.26596755463279	23.76854591374069	23.67217889616454	26.293307635461982	0.0
93.0	26.232401514802895	23.77125285243665	23.76259064860958	26.233754984150874	0.0
94.0	26.278619031893065	23.819371883645264	23.737351863180862	26.164657221280812	0.0
95.0	26.2120285202289	23.772271277834022	23.723275820064856	26.29242438187222	0.0
96.0	26.187936831049583	23.797175046423874	23.673738976022	26.341149146504538	0.0
97.0	26.17819187812312	23.849148128698346	23.659662932906002	26.312997060272536	0.0
98.0	26.219337234923746	23.813958020908338	23.747638202381015	26.2190665417869	0.0
99.0	26.224480404523824	23.746014043559942	23.797175046423874	26.232330505492364	0.0
100.0	26.34602162296777	23.648023128021613	23.8559154571195	26.150039791891118	0.0
101.0	26.326261023978	23.649376593705842	23.82234950815057	26.202012874165586	0.0
102.0	26.298650324019686	23.740329487686168	23.759007314128556	26.202012874165586	0.0
103.0	26.193621386923354	23.74466057787571	23.7703764258761	26.291341609324835	0.0
104.0	26.265355068187603	23.754946917075863	23.7738954366551	26.205531884944588	2.7069313684620843E-4
105.0	26.310290128904075	23.699184130885545	23.7703764258761	26.220149314334286	0.0
106.0	26.374173709199777	23.771459198423482	23.644774810379456	26.209592281997285	0.0
107.0	26.273746555429835	23.734374238675553	23.727877603391242	26.264001602503374	0.0
108.0	26.153288109533275	23.772000584697174	23.83940317577188	26.235037436860825	2.7069313684620843E-4
109.0	26.190102376144353	23.72462928574909	23.762797018044406	26.322471320062153	0.0
110.0	26.305417652440838	23.699454824022393	23.7703764258761	26.224751097660672	0.0
111.0	26.326802410251695	23.703515221075087	23.670219965243	26.299462403430223	0.0
112.0	26.209592281997285	23.7738954366551	23.711365322043626	26.305146959303993	0.0
113.0	26.309207356356684	23.730584534759704	23.76117285922333	26.19903524966028	0.0
114.0	26.230706346671283	23.842110107140343	23.75251067884425	26.174402174207273	2.7069313684620843E-4
115.0	26.24451169665044	23.727877603391242	23.740870873959864	26.286739825998453	0.0
116.0	26.211216440818358	23.61175024768422	23.78743009349741	26.389603218000012	0.0
117.0	26.265155473024006	23.770440770827864	23.66595293716383	26.298450818984303	0.0
118.0	26.230506657715726	23.782080607220486	23.753657750912915	26.233754984150874	0.0
119.0	26.288506307184235	23.813004168696878	23.72908884196849	26.169400682150396	0.0
120.0	26.207839315684044	23.766174002490388	23.733149261003735	26.29283742082183	0.0
121.0	26.18537166368903	23.803529857614638	23.668453251042173	26.34264522765416	0.0
122.0	26.1677765145363	23.862270586324506	23.65816685615289	26.311786042986302	0.0
123.0	26.21920848898273	23.820854312165014	23.74505982350712	26.214877375345136	0.0
124.0	26.222186129608577	23.75101510475881	23.792431378918305	26.234367386714307	0.0
125.0	26.352660927941095	23.638406150181364	23.856856694277518	26.152076227600023	0.0
126.0	26.321531048670888	23.652211574901198	23.820312922960316	26.205944453467602	0.0
127.0	26.297168534459423	23.741270099074224	23.755887607601103	26.20567375886525	0.0
128.0	26.195387363975964	23.74397704509772	23.761842888852797	26.29879270207352	0.0
129.0	26.25439878728818	23.749932326349413	23.77510692436793	26.220561961994477	0.0
130.0	26.310432569974555	23.690650208434842	23.77510692436793	26.22381029722267	0.0
131.0	26.378106220561964	23.767798170104488	23.64923393427535	26.2048616750582	0.0
132.0	26.2747008824644	23.73693898543663	23.724757728330896	26.263602403768072	0.0
133.0	26.147815894688687	23.771110852446682	23.847176241611827	26.233626315917697	2.706953351072901E-4
134.0	26.183347860688976	23.723532691964117	23.764678494280194	26.328440953066718	0.0
135.0	26.29514533671884	23.70052352619526	23.77307007238413	26.231261064701773	0.0
136.0	26.318425198555566	23.711622064977885	23.663167468829347	26.3067852676372	0.0
137.0	26.204874721181543	23.768326223011456	23.711209043463196	26.315590012343808	0.0
138.0	26.30503280854105	23.726909500400634	23.761558784676353	26.206498906381963	0.0
139.0	26.234110054789177	23.834647118695454	23.75262576607402	26.178346362907938	2.706975334040756E-4
140.0	26.247103536392576	23.729616475734673	23.737196006669986	26.28608398120276	0.0
141.0	26.214619832384088	23.606719795569223	23.791606210884204	26.38705416116248	0.0
142.0	26.25610762963063	23.767037072127554	23.6782480408213	26.298607257420514	0.0
143.0	26.216044286236347	23.782196175033498	23.75837472760987	26.243384811120286	0.0
144.0	26.27945881856129	23.820158413054187	23.732993335390645	26.167389432993875	0.0
145.0	26.203933797852812	23.76872560325272	23.73109844239796	26.296242156496508	0.0
146.0	26.182819275934317	23.80526996811166	23.66531858565187	26.346592170302152	0.0
147.0	26.16224615201373	23.86265815589014	23.66423578965605	26.310859902440082	0.0
148.0	26.214220359813112	23.820429112053144	23.746257586339446	26.219092941794305	0.0
149.0	26.226202109833707	23.752006561761497	23.787738926350723	26.23405240205407	0.0
150.0	26.350253917035722	23.641354368564098	23.84762812252986	26.160763591870325	0.0
151.0	26.31993546500926	23.650558184357845	23.82055807607766	26.208948274555237	0.0
152.0	26.29421892087967	23.732039024178967	23.76289887713447	26.210843177806893	0.0
153.0	26.184314532283736	23.752341559018113	23.769666388747524	26.293677519950627	0.0
154.0	26.25361385120137	23.757214167379512	23.76641798317326	26.222753998245864	0.0
155.0	26.305317639925068	23.695765161933018	23.772914794321785	26.226002403820125	0.0
156.0	26.3746169588427	23.771561291999177	23.650828884822367	26.202992864335755	0.0
157.0	26.27391638604052	23.738806535792015	23.726354314424004	26.260922763743462	0.0
158.0	26.150547763872762	23.775144757465263	23.853918805882877	26.220117971581786	2.707011973113957E-4
159.0	26.191494545356107	23.722692942800684	23.768170867058284	26.317641644784928	0.0
160.0	26.29733900002707	23.703473105763244	23.770607184429224	26.22858070978046	0.0
161.0	26.32359708724723	23.706992230854606	23.662326412387323	26.307084269510845	0.0
162.0	26.21220980595981	23.763156185031185	23.717678014553016	26.306955994455993	0.0
163.0	26.309663028413027	23.724716302841305	23.766133922383922	26.199486746361742	0.0
164.0	26.230076230076232	23.834892584892582	23.75557648995149	26.179454695079695	0.0
165.0	26.243882103257103	23.739063582813582	23.734190921690924	26.282863392238394	0.0
166.0	26.20923206860707	23.606148215523216	23.798889033264032	26.385730682605686	0.0
167.0	26.26317313965355	23.772965861502353	23.677407304138796	26.286453694705298	0.0
168.0	26.214446396521996	23.782981914257174	23.763220512876043	26.23908047221628	2.707041285086639E-4
169.0	26.280569346464322	23.822298500836478	23.73215378201762	26.16497837068158	0.0
170.0	26.213705245718806	23.767345413988945	23.727010389652577	26.291938950639675	0.0
171.0	26.186364054725697	23.80037140706973	23.663936156965505	26.34932838123907	0.0
172.0	26.166331894988172	23.860197181420983	23.661770518074967	26.311700405515882	0.0
173.0	26.213705245718806	23.826359073756244	23.748125368835375	26.211810311689575	0.0
174.0	26.230018543333202	23.747377539556854	23.7825692667939	26.240034650316048	0.0
175.0	26.35109527779883	23.643761301989148	23.844625396584767	26.16051802362725	0.0
176.0	26.324566057757902	23.648904722201166	23.822156771448064	26.204372448592867	0.0
177.0	26.29695401240918	23.721724724150253	23.775595283212958	26.205725980227612	0.0
178.0	26.186505831014284	23.751231713787615	23.772076100962632	26.290186354235473	0.0
179.0	26.255265238059145	23.756375133999633	23.767474093404513	26.220885534536713	0.0
180.0	26.303450964255937	23.691134909205097	23.780738703424976	26.22467542311399	0.0
181.0	26.3716689586469	23.769639744020097	23.654048142413185	26.204643154919815	0.0
182.0	26.271507617676036	23.740132754382735	23.73147015192039	26.256889476020834	0.0
183.0	26.151655509024017	23.780803079563512	23.850104086864484	26.217166617488218	2.707070597694117E-4
184.0	26.19179105689736	23.726184481946497	23.76300074173935	26.31902371941679	0.0
185.0	26.300344881727767	23.704527858538935	23.768414897591242	26.226712362142056	0.0
186.0	26.32227221292792	23.700196533857422	23.667711598746084	26.309819654468576	0.0
187.0	26.214943151055763	23.760693015701136	23.712506767731455	26.31185706551164	0.0
188.0	26.30969139144559	23.7184623714131	23.766377910124525	26.205468327016785	0.0
189.0	26.24038982133189	23.82864103952355	23.749323226854358	26.181645912290204	0.0
190.0	26.245533297238765	23.723876556578237	23.741743367623172	26.288846778559826	0.0
191.0	26.212777476989714	23.602598808879264	23.80373578776394	26.38088792636708	0.0
192.0	26.26130552600305	23.770502897950454	23.676295821049866	26.29189575499663	0.0
193.0	26.221781867303378	23.782143427567483	23.75832094835124	26.237483046786807	2.707099910936413E-4
194.0	26.283845608259927	23.824167970589986	23.73402129951976	26.157965121630326	0.0
195.0	26.214002241484796	23.77327435449028	23.72589997780172	26.286823426223204	0.0
196.0	26.17880984737329	23.800886848331608	23.667697172155776	26.352606132139318	0.0
197.0	26.161755071765413	23.866398843523786	23.660658693333477	26.311187391377324	0.0
198.0	26.21210726641725	23.83120644941229	23.743766885581405	26.212919398589058	0.0
199.0	26.217592454730276	23.750057526184566	23.787686418676927	26.244663600408234	0.0
200.0	26.344356733695008	23.646709764047255	23.843246813717528	26.165686688540212	0.0
201.0	26.319721924438817	23.66376463199385	23.822401975116136	26.194111468451204	0.0
202.0	26.297794237078907	23.73252552815948	23.769342385948956	26.200337848812655	0.0
203.0	26.18355369305569	23.756618913036416	23.772861644414125	26.286965749493767	0.0
204.0	26.252043877031696	23.75445321551939	23.766093839673413	26.227409067775504	0.0
205.0	26.298064949268536	23.697874367887035	23.782336571051122	26.221724111793304	0.0
206.0	26.370615816088964	23.77367378098301	23.648063324995398	26.207647077932627	0.0
207.0	26.27261800344346	23.73848119633131	23.735232650055764	26.253668150169467	0.0
208.0	26.14707833078412	23.789710201816483	23.843582073390273	26.21935868108664	2.7071292248135464E-4
209.0	26.188839017417713	23.72886403135947	23.759454674412687	26.32284227681013	0.0
210.0	26.29956090245104	23.702604806791662	23.76676394310682	26.231070347650476	0.0
211.0	26.311201589630585	23.70910193451978	23.665787749665668	26.313908726183964	0.0
212.0	26.21767661454498	23.75335686750119	23.717893186641835	26.311073331311995	0.0
213.0	26.311344046433057	23.717081041278643	23.75660544895396	26.21496946333434	0.0
214.0	26.24041668471434	23.83023996188331	23.738467535842684	26.190875817559668	0.0
215.0	26.24556027201455	23.724390349547363	23.735489669510983	26.2945597089271	0.0
216.0	26.20901373067094	23.607712132368867	23.791256984450122	26.39201715251007	0.0
217.0	26.257542820480197	23.767227680154633	23.682493617873742	26.29273588149143	0.0
218.0	26.219101169221776	23.779951325289463	23.756940477705196	26.243736311929634	2.707158539325539E-4
219.0	26.284144129510818	23.826308237905735	23.72208235198571	26.16746528059774	0.0
220.0	26.214840683288664	23.773789220065513	23.719104469530848	26.292265627114976	0.0
221.0	26.187769024608137	23.792197947968273	23.661441836541325	26.358591190882265	0.0
222.0	26.16448739814288	23.857982078561953	23.6652318687566	26.312298654538562	0.0
223.0	26.216464982809494	23.825766804732126	23.74346896234332	26.214299250115054	0.0
224.0	26.224116040271912	23.74786471714101	23.77818505694539	26.249834185641696	0.0
225.0	26.344115130973396	23.643431838608723	23.841868171137122	26.170584859280755	0.0
226.0	26.32408199508376	23.658592049552233	23.8123599034078	26.20496605195621	0.0
227.0	26.293761573196743	23.731415205691576	23.761464909526026	26.21335831158565	0.0
228.0	26.187910814644766	23.755238394317086	23.765525680314468	26.291325110723683	0.0
229.0	26.253153865312356	23.752801931844022	23.75767485679015	26.236369346053472	0.0
230.0	26.298634498142874	23.691890370017436	23.778520146837472	26.23095498500222	0.0
231.0	26.376059861175783	23.768774296945217	23.647492609397165	26.207673232481838	0.0
232.0	26.266960485993046	23.74034890142614	23.737912438953078	26.25477817362773	0.0
233.0	26.15224683055982	23.790766865103535	23.84355702826575	26.21315855728545	2.7071878544724097E-4
234.0	26.195903472248546	23.729107221172434	23.756179173006014	26.318810133573013	0.0
235.0	26.30392056006454	23.712593330553947	23.759969246262717	26.223516863118796	0.0
236.0	26.312312865132952	23.70988613537059	23.663593097735163	26.3142079017613	0.0
237.0	26.212288566911397	23.758744287787234	23.717053256231996	26.311913889069373	0.0
238.0	26.310560284148742	23.7138046044225	23.752246984168238	26.22338812726052	0.0
239.0	26.23990210729214	23.838065536135836	23.73140146839062	26.190630888181403	0.0
240.0	26.245543171339854	23.725895223579162	23.729956115296837	26.298605489784148	0.0
241.0	26.19819205185059	23.617304105108982	23.791114035016474	26.393389808023954	0.0
242.0	26.260345513762886	23.77119527402582	23.678061960726982	26.29039725148431	0.0
243.0	26.21149727770152	23.78972105578072	23.755878459051814	26.24263246669212	2.7074077383127976E-4
244.0	26.283200216596725	23.83240828482469	23.72952484093678	26.1548666576418	0.0
245.0	26.21250395977679	23.78519463149031	23.719672171094846	26.28262923763805	0.0
246.0	26.183687891415065	23.7985774355392	23.659407634844438	26.358327038201296	0.0
247.0	26.15643716628218	23.869827035340244	23.67081478593322	26.302921012444358	0.0
248.0	26.217043894540463	23.827497786454455	23.746537527381626	26.20892079162346	0.0
249.0	26.218739507630325	23.74606028441768	23.784780513164876	26.25041969478712	0.0
