# Position (bp)	A	C	G	T	N
0.0	25.56305427096932	25.37749283869652	26.097950532687197	22.96065504517083	8.473124761315101E-4
1.0	24.459233400553416	23.139484495401515	23.158064836311436	29.243217267733634	0.0
2.0	25.202810170648632	22.95416526456711	22.88510933955664	28.957915225227627	0.0
3.0	26.544920189361893	23.514815231745594	21.9832401896524	27.95690334482045	1.2104441967068656E-4
4.0	27.452555155369495	22.89045426127543	22.53742842496491	27.119441114043745	1.2104434641197322E-4
5.0	28.082695026532907	22.24660591858078	22.87537039547585	26.795328659410465	0.0
6.0	27.053031916953945	22.971237459813302	22.926753689429447	27.04897693380331	0.0
7.0	26.857573428393323	23.351953954814228	22.642393284471854	27.148079332320595	0.0
8.0	26.82767552911414	23.185518280689223	22.875887404753403	27.110918785443232	0.0
9.0	26.58982382027368	23.406847466243818	22.816817870954857	27.186510842527646	0.0
10.0	26.445781309576404	23.526136453043957	22.96025516101895	27.06782707636069	0.0
11.0	26.674010010349274	23.275030412336818	23.269583426638178	26.78137615067573	0.0
12.0	26.554418413232543	23.43952938043564	23.056364197568225	26.949688008763594	0.0
13.0	26.475134510285724	23.530917696046096	22.98918470728504	27.004763086383143	0.0
14.0	26.7623117007305	23.2070641352305	23.09576406078836	26.934860103250642	0.0
15.0	26.636304764902047	23.3721683239625	22.962857609741633	27.02866930139382	0.0
16.0	26.617966579716633	23.464161860206136	22.91522674591022	27.002644814167002	0.0
17.0	26.753838611865955	23.19937783318909	23.083841214314678	26.962942340630274	0.0
18.0	26.546490022937864	23.435837534573228	22.997778840276222	27.019893602212687	0.0
19.0	26.587947636310815	23.484618317607683	22.957108013726405	26.970326032355096	0.0
20.0	26.84195873605723	23.30153907607018	23.135648100515045	26.720854087357548	0.0
21.0	26.642780625677094	23.39952429658232	23.038812799205953	26.91888227853464	0.0
22.0	26.587645025994227	23.500293532007095	22.998141972656132	26.913919469342552	0.0
23.0	26.878756150554683	23.174200654848725	23.113739113593862	26.83330408100273	0.0
24.0	26.744760302368224	23.301478554006863	22.965823190844223	26.987937952780687	0.0
25.0	26.666021097991273	23.276180331539862	23.00189434058186	27.055843707823684	6.052206331818265E-5
26.0	26.887773937989095	23.093948398888813	23.102300443626724	26.915977219495367	0.0
27.0	26.7809524962325	23.21475043727191	22.928904732220133	27.075331812212145	6.052206331818265E-5
28.0	26.741734199202323	23.308135980971866	22.924849753977814	27.025219543784683	6.052206331818265E-5
29.0	26.964394870149917	23.111620841377725	23.01823529767777	26.905748990794592	0.0
30.0	26.851763310314773	23.23163609293768	22.898825266750993	27.017775329996553	0.0
31.0	26.756259494398684	23.271641176791	22.996326310756587	26.975773018053733	0.0
32.0	27.026853639494274	23.01714590053804	23.077365353539633	26.87863510642805	0.0
33.0	26.877122054845092	23.147510424925407	22.952750425167494	27.022617095062007	0.0
34.0	26.869738363120277	23.214145216638727	22.871348250004537	27.04476817023646	0.0
35.0	27.089154224511773	22.917576180913297	23.03514605586115	26.958123538713778	0.0
36.0	26.978196515720093	23.023747836907702	22.90818037759328	27.08987526977893	0.0
37.0	26.963233753514366	23.047242348790864	22.846978253560657	27.142545644134113	0.0
38.0	27.146970543601395	22.851289003697698	23.010799967023	26.990940485677907	0.0
39.0	27.058175070276757	22.962831403146684	22.813520084760814	27.16547344181574	0.0
40.0	26.98125435775519	23.087763269844487	22.85272860745341	27.078253764946908	0.0
41.0	27.237997793406105	22.82881639043152	22.977484113140328	26.955701703022044	0.0
42.0	27.092620875217516	22.968642865806416	22.851746697327417	27.08698956164865	0.0
43.0	26.97155010973343	23.121090882647078	22.870733340004563	27.036625667614935	0.0
44.0	27.19701776649746	22.839579419641073	22.984094588113035	26.979308225748433	0.0
45.0	27.115553259431913	22.909085430656052	22.803688333439002	27.171672976473033	0.0
46.0	27.04270834845609	23.02265352149304	22.815616405671555	27.118895482235523	1.2624214379358903E-4
47.0	27.261827538625393	22.820748477643544	22.919001877477758	26.998168221499213	2.5388475409357427E-4
48.0	27.149481899855893	22.86414979411992	22.782615024999952	27.203753281024234	0.0
49.0	27.060515714325177	23.003564736030302	22.77197574000875	27.163815327529793	1.2848210597589548E-4
50.0	27.365585384885417	22.718166167475953	22.906292001031783	27.009956446606846	0.0
51.0	27.14016067105247	22.907434240618795	22.809186371003477	27.143088587696635	1.3012962862955934E-4
52.0	26.974589700538548	23.072413031843286	22.841035121358765	27.111831128190044	1.3101806935703539E-4
53.0	27.294044392497163	22.811129059599608	23.016067231857168	26.878759316046057	0.0
54.0	27.17338660653722	22.87328502514953	22.844052971139327	27.109275397173928	0.0
55.0	26.99753160145975	23.049232064945592	22.87576798526593	27.077468348328726	0.0
56.0	27.283597155991963	22.746598668144856	23.001593124933787	26.96821105092939	0.0
57.0	27.214325018653785	22.839374756412514	22.80529801504682	27.140934192439044	6.801744783571882E-5
58.0	27.09583066666392	22.900225063468447	22.831423277777436	27.172520992090192	0.0
59.0	27.288866503341342	22.74984312051458	23.00652355752167	26.954766818622407	0.0
60.0	27.119599768592668	22.88224953610366	22.86277949798007	27.135371197323604	0.0
61.0	27.112646306706168	22.934174655566693	22.80385044328538	27.149187779517625	1.4081492412891888E-4
62.0	27.32283845003894	22.635596014255913	23.07469859657699	26.966795886930374	7.105219778658194E-5
63.0	27.172947904907126	22.901930632637573	22.82819965888666	27.096921803568634	0.0
64.0	27.114114090181623	22.931855543053874	22.83759787112419	27.116432495640314	0.0
65.0	27.294554440950325	22.774766782031236	23.02408894198392	26.906443433296438	1.464017380814345E-4
66.0	27.17631394015608	22.84195731774975	22.907127270037357	27.07460147205681	0.0
67.0	27.13518906455321	22.904337277491376	22.853480300026252	27.106993357929166	0.0
68.0	27.26799068053143	22.729778515161527	23.03475593110369	26.96747487320335	0.0
69.0	27.09777575546693	22.882226309329436	22.878096716591404	27.14174827073304	1.5294787918647022E-4
70.0	27.053363587062897	22.94946012874597	22.890664950260053	27.10651133393108	0.0
71.0	27.32406579156405	22.77395477984306	23.065707825915467	26.83627160267743	0.0
72.0	27.207304799258182	22.865823963586866	22.825597205032146	27.101274032122806	0.0
73.0	27.108304803099305	22.911614924806035	22.872176268349598	27.107823843874222	8.015987084641609E-5
74.0	27.31359333217009	22.773771795631337	23.066098029110886	26.84645568644319	8.115664449737662E-5
75.0	27.13847357748137	22.927326874120983	22.896995373007595	27.037204175390055	0.0
76.0	27.097577997604816	23.009272599775805	22.944562612118176	26.948586790501206	0.0
77.0	27.32059738275794	22.709744394789148	23.102626104056682	26.867032118396235	0.0
78.0	27.16855145836417	22.82875333371551	22.933909223686	27.068785984234317	0.0
79.0	27.093551190924376	22.96170547934511	22.923017135639945	27.021726194090572	0.0
80.0	27.32634090255315	22.696135396167858	23.075461423897718	26.90197430752327	8.79698580078522E-5
81.0	27.22768435016339	22.809917650280877	22.90055497519517	27.0617538143951	8.920996546682237E-5
82.0	27.180776839251358	22.892976013581386	22.882388180720735	27.04385896644653	0.0
83.0	27.40358396086619	22.708977162761915	23.029124502151145	26.858314374220747	0.0
84.0	27.233220621353905	22.811830005860774	22.927181973785846	27.027767398999476	0.0
85.0	27.13023850270516	22.945774715175112	22.94747756261985	26.97650921949987	0.0
86.0	27.410341418801238	22.665216668700122	23.069762258615206	26.854679653883434	0.0
87.0	27.170914272051682	22.93580040890216	22.90291257398543	26.990372745060725	0.0
88.0	27.109158994172738	22.925154011844928	22.946376506896318	27.019310487086013	0.0
89.0	27.390938075640992	22.66619775648648	23.122478264199312	26.820385903673223	0.0
90.0	27.17341424140488	22.78120813068757	22.92451129421502	27.12076390112389	1.0243256864006425E-4
91.0	27.113640079520874	22.958268202792812	22.92660981347585	27.00148190421046	0.0
92.0	27.32341594061849	22.687227235517074	23.14747841447387	26.841878409390564	0.0
93.0	27.219124879472968	22.73632725176818	22.938004664867513	27.10654320389134	0.0
94.0	27.185122662398875	22.884594304255366	22.945432223269684	26.98485081007608	0.0
95.0	27.396855387299084	22.688412982206852	23.05737016510499	26.857249930569576	1.1153481949762488E-4
96.0	27.23769295840217	22.795065260958676	22.91962597721118	27.04750225674041	1.1354668755925717E-4
97.0	27.099628061096485	22.916731701056854	22.92239691904635	27.061243318800315	0.0
98.0	27.373263099894274	22.673124877848917	23.073309487872017	26.880302534384793	0.0
99.0	27.209851673321584	22.775879228269602	22.950345935705123	27.063923162703695	0.0
100.0	27.16464360482017	22.85807461837049	22.960550904698277	27.01673087211106	0.0
101.0	27.315608012352733	22.744550577385596	23.088082875767224	26.851634111351245	1.2442314320232822E-4
102.0	27.328864982181955	22.758291952277297	22.88836179192122	27.024227726173827	2.535474456996451E-4
103.0	27.148830706331424	22.896912465143444	22.913969240947633	27.0402875875775	0.0
104.0	27.3989744319267	22.756388725337168	23.037478151026953	26.807158691709176	0.0
105.0	27.278772653384742	22.731706006421536	22.959146660934753	27.030374679258973	0.0
106.0	27.176556386895832	22.88924408960928	22.916935123471852	27.017264400023027	0.0
107.0	27.372144395045154	22.695243687610102	23.11760758325644	26.815004334088304	0.0
108.0	27.24847381553962	22.830777922505924	22.86273541903554	27.058012842918917	0.0
109.0	27.22394536426252	22.859056688946165	22.88745212820177	27.029545818589547	0.0
110.0	27.42428386268238	22.664601591019895	23.103677895763227	26.8074366505345	0.0
111.0	27.350269064082035	22.819366541938322	22.873862454744863	26.956046541634727	4.553976000546477E-4
112.0	27.315180766214404	22.885377822001928	22.908471507971196	26.890969903812472	0.0
113.0	27.434578011754034	22.678831180959286	23.04288022944587	26.843710577840806	0.0
114.0	27.279384781522754	22.7515733692006	22.880094151576927	27.088947697699723	0.0
115.0	27.18251641893086	22.909548493851055	22.914337520704283	26.993597566513806	0.0
116.0	27.50192699188555	22.64928073024981	23.084603798661814	26.764188479202822	0.0
117.0	27.361597781701796	22.747730658867674	22.856886657101867	27.033784902328662	0.0
118.0	27.2617307417641	22.82440607912597	22.927206010710236	26.98665716839969	0.0
119.0	27.503677371904878	22.607725365213504	23.053877103673045	26.83472015920857	0.0
120.0	27.413878011756527	22.626423223840625	22.890917374167	27.068781390235852	0.0
121.0	27.263926813113404	22.902226893689935	22.92147468255301	26.91237161064365	0.0
122.0	27.476000710517983	22.590224199315738	23.140682560645025	26.79309252952125	0.0
123.0	27.29006615186666	22.793834258642534	22.884553430429857	27.031546159060948	0.0
124.0	27.267300687980573	22.774180493727236	22.9293808174828	27.02913800080939	0.0
125.0	27.463281530024304	22.552153798023035	23.168530991859676	26.816033680092982	0.0
126.0	27.46782117806853	22.759154914631946	22.861660246819255	26.910939207758993	4.2445272127250924E-4
127.0	27.318016823526854	22.79783511204817	22.92433760079988	26.959375747168906	4.347164561914492E-4
128.0	27.499125770936395	22.574042190183246	23.043118982018722	26.883044856303467	6.682005581701996E-4
129.0	27.388912978980763	22.614738571787203	22.836798502864188	27.158637058675854	9.128876919916926E-4
130.0	27.335963867961823	22.73011135722021	22.89851547095848	27.034707620052252	7.016838072427803E-4
131.0	27.566514410057565	22.632633400275115	22.980602859484563	26.820249330182754	0.0
132.0	27.558345207094774	22.630079103817618	22.866162236525327	26.94492212450253	4.91328059745492E-4
133.0	27.23534421504054	22.90399471872685	22.974042139318776	26.88661892691383	0.0
134.0	27.603801823365654	22.61888452620668	22.957243703908578	26.820069946519087	0.0
135.0	27.39903908583301	22.737041836602188	22.831384209312862	27.032534868251933	0.0
136.0	27.412792672817947	22.669692481213225	22.989305466849665	26.92820937911916	0.0
137.0	27.390181599143315	22.537870337319294	23.08417365696948	26.98777440656791	0.0
138.0	27.505610001831837	22.716786499358857	22.849022256823595	26.92858124198571	0.0
139.0	27.427127409496943	22.69158439116126	22.816466854724965	27.06482134461683	0.0
140.0	27.62722448647132	22.431753252825953	23.154569945185397	26.78645231551733	0.0
141.0	27.47258873815276	22.734931549278325	22.861302112370687	26.931177600198232	0.0
142.0	27.47270575660406	22.74933832137222	22.88008347330381	26.897872448719905	0.0
143.0	27.671570469974142	22.49790000424902	23.08164979588368	26.748879729893154	0.0
144.0	27.399390161996617	22.63620610912608	22.965639523950244	26.998764204927063	0.0
145.0	27.45689372582443	22.784128747752817	22.860041337855883	26.898936188566875	0.0
146.0	27.50797350561072	22.479786852851127	23.070127824430326	26.94211181710783	0.0
147.0	27.578380429705746	22.64274871555348	22.868986454927605	26.909884399813173	0.0
148.0	27.41492998870362	22.83257711375569	22.79729937663488	26.954818225830056	3.7529507575331106E-4
149.0	27.58225341347323	22.56501715904836	23.042536682532514	26.809806714611632	3.8603033426366643E-4
150.0	27.615102642207813	22.63847464425708	22.748881043062465	26.996747379833756	7.942906388876754E-4
151.0	27.464035094885265	22.74019491712346	22.949326449420397	26.84521815849883	0.0012253800720523481
152.0	27.558250528785706	22.624459124759785	23.02141634673204	26.795032988658967	8.410110635005403E-4
153.0	27.58684933406123	22.608989523487665	22.878051316713027	26.925243282120604	8.665436174729855E-4
154.0	27.436029001673173	22.78639152258784	22.912214166201895	26.864472950362522	8.923591745677635E-4
155.0	27.75502323721264	22.53343078712323	22.98668284767329	26.72440344030266	4.5968768818464736E-4
156.0	27.490311315531706	22.605984034372945	22.986433475765274	26.916797978507446	4.731958226272778E-4
157.0	27.355110437313236	22.87717108887145	22.833785872018485	26.933445127450167	4.8747434666250686E-4
158.0	27.72841331382222	22.324135954259507	23.157884150235592	26.789566581682685	0.0
159.0	27.561938103326845	22.792807722583586	22.76328872685089	26.88196544723868	0.0
160.0	27.47503871002189	22.64829942869347	23.04180682364248	26.834855037642157	0.0
161.0	27.76676359150586	22.526213763327167	22.9794475284166	26.727575116750373	0.0
162.0	27.504022468971556	22.544588286797772	22.82033350958286	27.131055734647813	0.0
163.0	27.33552862868259	22.802751541003584	22.835563784657932	27.026156045655892	0.0
164.0	27.658390876878986	22.628218306708106	22.872501239554484	26.840889576858423	0.0
165.0	27.658300110431057	22.467416599596955	22.803077095850412	27.071206194121572	0.0
166.0	27.305926073823127	22.748497710336654	23.040904787360798	26.90467142847942	0.0
167.0	27.695159875608006	22.436408579858067	23.043749833878213	26.824681710655717	0.0
168.0	27.73511224580837	22.44984798259521	22.861633277742317	26.952720185028863	6.863088252451839E-4
169.0	27.48314080881571	22.732075364662	22.895880755348493	26.8881939569284	7.091142453960758E-4
170.0	27.699275893406817	22.53232095218551	22.986719826448944	26.78168332795872	0.0
171.0	27.386495264484772	22.55558836221581	23.118853482931705	26.938305813592557	7.570767751557685E-4
172.0	27.30648990433209	22.687633688268342	22.896833791693112	27.109042615706464	0.0
173.0	27.538285862373357	22.62328007191506	23.08570688133205	26.75272718437953	0.0
174.0	27.739312657166803	22.44593461860855	22.96479463537301	26.849958088851633	0.0
175.0	27.27249074178469	23.068783986539813	22.82594555215389	26.83277971952161	0.0
176.0	27.86838160717331	22.53686733146042	22.948847980038238	26.645903081328033	0.0
177.0	27.6770193264109	22.569789817147427	22.79754213417865	26.95564872226302	0.0
178.0	27.803506609795786	22.33754729879358	22.92679639133072	26.932149700079915	0.0
179.0	27.8922219007811	22.508304819289126	22.9552188182716	26.643256885767585	9.975758905858762E-4
180.0	27.29160639748729	22.67843121048064	22.80447989420176	27.22444931189817	0.001033185932140348
181.0	27.62201787666388	22.664137354510963	22.948149100808095	26.765695668017063	0.0
182.0	27.751414187439572	22.412509307520477	22.919282959735945	26.915682199575464	0.0011113457285426924
183.0	27.631942843973267	22.631942843973267	22.867020050702926	26.867941922101867	0.0011523392486748097
184.0	27.332408581063305	22.858919474804487	23.083729940449143	26.72255040298472	0.002391600698347404
185.0	27.75770668057159	22.445280395297157	23.23363998659168	26.56088991520479	0.0024830223347859014
186.0	27.60243418168691	22.65413475671076	23.049947139062944	26.69090534024393	0.0025785822954539593
187.0	27.632337368131793	22.60425463465637	22.85224058658731	26.90982694601949	0.001340464605032104
188.0	27.709417889256983	22.432560340747752	23.050583224297764	26.806046602266083	0.001391943431418947
189.0	27.3725320026036	22.62529832935561	22.784407319013525	27.21631590366674	0.0014464453605265062
190.0	27.085745215077207	22.925531115153884	22.934552179338755	27.054171490430157	0.0
191.0	27.827024998827447	22.47549364476338	23.21967387395838	26.477807482450793	0.0
192.0	27.90042655725961	22.135391227898797	23.310865813552148	26.65331640128944	0.0
193.0	27.397167331015183	22.49851581714867	23.037910270545332	27.066406581290813	0.0
194.0	27.64903591013621	22.618078896161332	23.23898814788608	26.492128073589242	0.0017689722271360339
195.0	27.661418193886206	22.72207677274236	22.782919724178623	26.833585309192813	0.0
196.0	27.764633466058825	22.628734106603574	23.044222594110067	26.562409833227534	0.0
197.0	28.107934468358497	22.37793125602313	23.048506264053966	26.46562801156441	0.0
198.0	27.654848713435587	22.70136618891962	22.921381275668427	26.722403821976364	0.0
199.0	27.462307709140244	22.53878640670474	23.03989146370818	26.959014420446834	0.0
200.0	27.75314285714286	22.205714285714286	23.321142857142856	26.72	0.0
201.0	27.988728089028992	22.276352868128193	23.143239241534125	26.591679801308686	0.0
202.0	27.70843734398402	22.865701447828258	22.810783824263606	26.615077383924113	0.0
203.0	27.766321229998177	22.89018246365084	23.070296797097285	26.273199509253697	0.0
204.0	27.621259734936466	23.0086077332969	23.31192785899713	26.058204672769502	0.0
205.0	27.44346931191218	22.712329550327322	23.029644664246305	26.8116977787942	0.0028586947199908523
206.0	27.549426116218978	22.540712697554234	23.306892614626527	26.599963944474492	0.0030046271257736915
207.0	27.920317720481624	22.6691042047532	22.59660845993822	26.810817625921956	0.003151988904999054
208.0	26.944085807925315	22.951633727281756	23.107226801734697	26.990432681166617	0.006620981891614527
209.0	27.61805192542255	22.5474821397456	23.220073183481443	26.614392751350408	0.0
210.0	27.96492000587113	22.288272420372817	23.330397768971086	26.41640980478497	0.0
211.0	27.947598253275107	22.15867372570236	23.39915755303938	26.494570467983152	0.0
212.0	27.579179064932944	22.300574736069784	23.13210777320344	26.988138425793828	0.0
213.0	27.759558125485455	22.158453439199103	23.094847674117545	26.987140761197892	0.0
214.0	28.126992803133827	22.483374328140656	23.039081716315934	26.350551152409587	0.0
215.0	27.766560907605037	22.449764445726373	23.44486107105086	26.33881357561773	0.0
216.0	27.969855898976526	22.45531849890524	22.78120067213198	26.793624929986255	0.0
217.0	27.670165566497136	22.79515203982253	23.22259495725571	26.31208743642463	0.0
218.0	27.790878242364986	22.93667682751481	23.28751365963076	25.984931270489447	0.0
219.0	28.479341887163116	22.22972558168089	22.739271901283075	26.55166062987292	0.0
220.0	28.285340314136125	22.284031413612563	22.342931937172775	27.087696335078533	0.0
221.0	28.07888663542905	22.190362962444926	23.28834184208686	26.442408560039166	0.0
222.0	27.486478365384613	23.317307692307693	23.054387019230766	26.141826923076923	0.0
223.0	27.199354317998388	22.970137207425342	22.994350282485875	26.82808716707022	0.008071025020177564
224.0	28.059805285118223	22.878998609179416	23.23539638386648	25.817107093184976	0.008692628650904033
225.0	27.51835812464696	22.74524571643758	22.8582187911881	26.878177367727357	0.0
226.0	28.635897435897434	22.574358974358972	23.117948717948718	25.671794871794873	0.0
227.0	28.19822850095302	23.41069626639758	22.03161789438278	26.359457338266623	0.0
228.0	27.26600985221675	21.85960591133005	23.52216748768473	27.35221674876847	0.0
229.0	27.49047359825803	23.026673924877517	22.86336418072945	26.619488296135003	0.0
230.0	27.337260232593263	22.760912248905	23.561395559583147	26.340431958918593	0.0
231.0	27.953156822810595	23.20095044127631	23.065173116089614	25.78071961982349	0.0
232.0	28.322481807736498	21.84986595174263	23.19034852546917	26.6373037150517	0.0
233.0	27.708196000878928	22.94001318391562	22.983959569325425	26.367831245880026	0.0
234.0	27.595836506727593	22.823051535922822	23.381568926123382	26.199543031226202	0.0
235.0	27.744270205066346	23.612786489746682	23.2810615199035	25.361881785283476	0.0
236.0	28.7292817679558	23.4622467771639	22.246777163904234	25.56169429097606	0.0
237.0	27.221438645980257	22.802068641278797	24.165491302303714	25.811001410437235	0.0
238.0	27.197975964579378	23.46616065781151	22.643896268184694	26.691967109424414	0.0
239.0	26.290630975143404	24.95219885277247	24.378585086042065	24.378585086042065	0.0
240.0	25.390625	25.9765625	22.0703125	26.5625	0.0
