# Position (bp)	A	C	G	T	N
0.0	26.284478695977604	23.774845452277326	23.794527763146952	26.14614808859812	0.0
1.0	26.24234191777784	23.669780722423976	23.822249327752058	26.26562803204613	0.0
2.0	26.18353282955686	23.767124426875714	23.70669342632685	26.342649317240575	0.0
3.0	26.161040487423566	23.712003193311787	23.72309108145717	26.403865237807484	0.0
4.0	26.15011905190885	23.835882993732795	23.751340893152644	26.262657061205708	0.0
5.0	26.315949942486522	23.74461244231329	23.739900494754494	26.199537120445694	0.0
6.0	26.288671223232946	23.642037927039507	23.866263116757853	26.203027732969698	0.0
7.0	26.32617540436571	23.613405319113557	23.86478276775717	26.195636508763563	0.0
8.0	26.255781792584337	23.772070581518772	23.762370749741567	26.20977687615532	0.0
9.0	26.299190777075715	23.80140782618335	23.7955880722758	26.103813324465136	0.0
10.0	26.253467420793164	23.817890090035164	23.744177088558136	26.184465400613536	0.0
11.0	26.254853003527696	23.854469474226775	23.561834400693897	26.328843121551632	0.0
12.0	26.096896571791202	23.72145353171183	23.752767701512226	26.428882194984745	0.0
13.0	26.153151230813144	23.659379425204857	23.791564018079082	26.395905325902913	0.0
14.0	26.242032921354543	23.751039184171148	23.732749542758967	26.27417835171535	0.0
15.0	26.144488167156236	23.84415008590589	23.841378928116168	26.1699828188217	0.0
16.0	26.327107465499083	23.740508784570196	23.681206007870088	26.251177742060634	0.0
17.0	26.271684309704597	23.830848528515215	23.660422324447154	26.23704483733304	0.0
18.0	26.2766723937261	23.739400321454305	23.758798425982373	26.22512885883722	0.0
19.0	26.306600897855127	23.80369118217591	23.692567754807957	26.197140165161002	0.0
20.0	26.243345775797327	23.833830754778155	23.611030285899556	26.311793183524955	0.0
21.0	26.223670610013272	23.727695705548673	23.638187556981773	26.41044612745628	0.0
22.0	26.29461205284029	23.787275432922925	23.772311222326604	26.145801291910182	0.0
23.0	26.27909361222188	23.737671845946224	23.82967402961251	26.153560512219386	0.0
24.0	26.13915053164515	23.868747246169576	23.777853522547463	26.21424869963781	0.0
25.0	26.284081682420656	23.771756992304518	23.800022723430907	26.144138601843924	0.0
26.0	26.244731350852547	23.670332898262767	23.817203854115572	26.267731896769114	0.0
27.0	26.19041680868811	23.759563931818622	23.711345919897134	26.33867333959613	0.0
28.0	26.15827146740712	23.704972274643147	23.727695705548673	26.409060552401066	0.0
29.0	26.149403787053743	23.82967402961251	23.751250481487332	26.26967170184642	0.0
30.0	26.32093797888938	23.736286270891007	23.735732040868925	26.207043709350692	0.0
31.0	26.28685283253109	23.64262139715846	23.87428954639044	26.19623622392001	0.0
32.0	26.316504138712688	23.61684970113146	23.863759175970802	26.20288698418505	0.0
33.0	26.249165191029235	23.771756992304518	23.769817187227215	26.209260629439036	0.0
34.0	26.29461205284029	23.804456563607594	23.800299838441948	26.100631545110165	0.0
35.0	26.249442306040276	23.815541164049314	23.74681664131064	26.188199888599765	0.0
36.0	26.251936341139665	23.843806895175703	23.57001726426519	26.334239499419443	0.0
37.0	26.0873300245801	23.723538980383026	23.761780851906966	26.427350143129903	0.0
38.0	26.144138601843924	23.664513483030863	23.79503465323213	26.396313261893084	0.0
39.0	26.2399476808309	23.75367869157739	23.735943380017847	26.270430247573866	0.0
40.0	26.14905420908824	23.842078135131988	23.837921421485223	26.17094623429455	0.0
41.0	26.327792895899265	23.73816029396279	23.684123016554807	26.24992379358314	0.0
42.0	26.285671530945347	23.820463224168794	23.655857363756784	26.23800788112907	0.0
43.0	26.27708098940869	23.7367747227472	23.761160776141573	26.224983511702533	0.0
44.0	26.317262554660786	23.8018965698799	23.684123016554807	26.19671785890451	0.0
45.0	26.254284867110233	23.8245539165833	23.599537774723373	26.321623441583093	0.0
46.0	26.24458589547834	23.72617863288838	23.633622732172597	26.395612739460685	0.0
47.0	26.30915333519923	23.78437246267974	23.764974519415954	26.14149968270507	0.0
48.0	26.280333533778748	23.738925852747442	23.82122855488094	26.15951205859287	0.0
49.0	26.135957413201133	23.866675164813238	23.77661328537423	26.2207541366114	0.0
50.0	26.285598689807486	23.769685448494304	23.797119682538803	26.147596179159404	0.0
51.0	26.250405278457478	23.659671398841112	23.828156391760864	26.26176693094055	0.0
52.0	26.18722340611257	23.76552874636635	23.70899759742617	26.338250250094912	0.0
53.0	26.164777214621616	23.703178214447036	23.72811842721476	26.40392614371659	0.0
54.0	26.16450010114642	23.832035980413618	23.746130803102563	26.2573331153374	0.0
55.0	26.318852306831126	23.74363678182579	23.736708944945867	26.20080196639722	0.0
56.0	26.281441987679532	23.649141086783626	23.877759703821116	26.19165722171572	0.0
57.0	26.31386426427758	23.618381491036764	23.856144852755754	26.2116093919299	0.0
58.0	26.252345072783857	23.769685448494304	23.762203384663984	26.21576609405786	0.0
59.0	26.303888179170485	23.80210772509235	23.791577413034865	26.1024266827023	0.0
60.0	26.246802803279916	23.81928876055456	23.74003430664823	26.193874129517297	0.0
61.0	26.251236618883066	23.843674746371892	23.57154931372848	26.333539321016563	0.0
62.0	26.093559051495994	23.71897368253326	23.76525163289115	26.42221563307959	0.0
63.0	26.145379271357825	23.65412912933717	23.81208381019944	26.38840778910556	0.0
64.0	26.242019154030327	23.753824155360466	23.741631196240135	26.262525494369072	0.0
65.0	26.141981466702134	23.838620643788243	23.844717123348406	26.174680766161213	0.0
66.0	26.32626141704354	23.73941429458189	23.687594218320477	26.24673007005409	0.0
67.0	26.282200496585972	23.825319233838787	23.662099849250687	26.230380420324558	0.0
68.0	26.273332889953	23.741076970825574	23.765185776358962	26.220404362862464	0.0
69.0	26.31711669770329	23.790403032721468	23.697293163075287	26.195187106499958	0.0
70.0	26.24194643426212	23.824421875216494	23.609660122206368	26.32397156831502	0.0
71.0	26.23945242680781	23.71911933825669	23.633491748992004	26.407936485943495	0.0
72.0	26.307621963892313	23.78091530073573	23.770107935100384	26.14135480027157	0.0
73.0	26.27991076995552	23.743228076981694	23.82359053939839	26.153270613664393	0.0
74.0	26.13886079281726	23.85795241988001	23.78146952461447	26.221717262688266	0.0
75.0	26.289886799772766	23.765951256009863	23.78701176340183	26.15715018081554	0.0
76.0	26.24499466559517	23.655106480262702	23.831349673700693	26.268549180441443	0.0
77.0	26.185969822509804	23.76789103958544	23.715516883044906	26.330622254859847	0.0
78.0	26.16934310614773	23.707480636803236	23.732420711346347	26.39075554570269	0.0
79.0	26.164355091239106	23.82359053939839	23.754035442617045	26.258018926745457	0.0
80.0	26.316766657891456	23.733806271043186	23.7448907486179	26.204536322447453	0.0
81.0	26.283236113227936	23.638202651961258	23.879012927271972	26.199548307538826	0.0
82.0	26.319537777285134	23.608828786388262	23.861277763152426	26.210355673174178	0.0
83.0	26.266886508805232	23.760963241101244	23.75985479334377	26.212295456749757	0.0
84.0	26.30041705346875	23.798096240976545	23.788397323098664	26.113089382456046	0.0
85.0	26.243886217837698	23.82497609909523	23.734083382982558	26.19705430008452	0.0
86.0	26.252199576018732	23.84437393485098	23.57169578651296	26.331730702617325	0.0
87.0	26.090366203427873	23.71911933825669	23.77177060673659	26.418743851578846	0.0
88.0	26.13054743463622	23.665359622019313	23.807240934975685	26.396852008368782	0.0
89.0	26.236331491467745	23.75313828401678	23.751475616988024	26.25905460752745	0.0
90.0	26.14737880542916	23.832114967882813	23.84957297168478	26.17093325500324	0.0
91.0	26.32556128867779	23.726812722728106	23.7040896066684	26.243536381925704	0.0
92.0	26.288705502873643	23.821307632195886	23.655872262834404	26.23411460209607	0.0
93.0	26.27928372304401	23.747041838244666	23.76283717501787	26.21083726369345	0.0
94.0	26.313645508305022	23.794982070907206	23.700764272610886	26.190608148176885	0.0
95.0	26.25260830167347	23.81320541917105	23.618673915874826	26.315512363280654	0.0
96.0	26.246788983198797	23.708734797030484	23.640011416948624	26.40446480282209	0.0
97.0	26.309138823998868	23.783554605990574	23.77302441065545	26.13428215935511	0.0
98.0	26.28530732929306	23.73256629173629	23.833157368227077	26.14896901074357	0.0
99.0	26.14120991944401	23.859482856564885	23.778012397919454	26.221294826071656	0.0
100.0	26.281704894046836	23.770530417023448	23.792145028500805	26.155619660428915	0.0
101.0	26.247620314409463	23.655806709951314	23.835928472262637	26.26064450337659	0.0
102.0	26.18388492159161	23.77302441065545	23.721481875594055	26.321608792158884	0.0
103.0	26.169198070203148	23.700421484923808	23.73478317496474	26.395597269908304	0.0
104.0	26.163378751728477	23.824289835313287	23.753072461599427	26.25925895135881	0.0
105.0	26.31662080489488	23.73173496052562	23.754458013617207	26.197186220962294	0.0
106.0	26.285861550100176	23.638348754527293	23.8813745784458	26.194415116926734	0.0
107.0	26.321885902562443	23.614240149417927	23.86308529181111	26.200788656208516	0.0
108.0	26.25787339934103	23.760000221688323	23.762494215320327	26.21963216365032	0.0
109.0	26.297777297453077	23.807663211099932	23.791590807693694	26.102968683753293	0.0
110.0	26.247343204005908	23.820964510470617	23.743096487071412	26.188595798452063	0.0
111.0	26.247897424813022	23.853940648493765	23.574059140902325	26.32410278579089	0.0
112.0	26.091052936400395	23.717602329944274	23.77357863146256	26.417766102192775	0.0
113.0	26.13345082814444	23.659686255601095	23.814313860785276	26.39254905546919	0.0
114.0	26.239234290654757	23.74718733719809	23.753006639546868	26.260571732600287	0.0
115.0	26.15443874214394	23.82782624117406	23.84556125785606	26.172173758825938	0.0
116.0	26.326800935522133	23.7300065397874	23.703404014764402	26.239788509926065	0.0
117.0	26.280523626367536	23.822284048460933	23.67458461265615	26.222607712515376	0.0
118.0	26.28412605163107	23.746078898655465	23.76021149007393	26.209583559639537	0.0
119.0	26.32236718135163	23.792633317445713	23.69730760277996	26.187691898422692	0.0
120.0	26.253162522480583	23.808217431907046	23.621722130313938	26.316897915298433	0.0
121.0	26.24568054158457	23.709289017837595	23.646662066633965	26.398368373943864	0.0
122.0	26.312741259245097	23.778012397919454	23.772470189848338	26.136776152987114	0.0
123.0	26.27671690678283	23.73533739577185	23.830940484998628	26.157005212446695	0.0
124.0	26.146197906708014	23.865579285443115	23.776903956305233	26.21131885154364	0.0
125.0	26.289741095749957	23.763325546530993	23.794361911729254	26.152571445989796	0.0
126.0	26.254825184901915	23.652481385108644	23.83759113468397	26.25510229530547	0.0
127.0	26.18665602562717	23.772470189848338	23.724807200436725	26.316066584087768	0.0
128.0	26.173354726256488	23.69765038088825	23.737000058193182	26.39199483466208	0.0
129.0	26.163378751728477	23.825675387331067	23.755289344827872	26.255656516112584	0.0
130.0	26.32271723377311	23.730349408507845	23.753072461599427	26.193860896119624	0.0
131.0	26.282886168272988	23.64063114840412	23.88421186811725	26.192270815205642	0.0
132.0	26.333043290307206	23.610703141886464	23.852898305742297	26.203355262064036	0.0
133.0	26.25822327401307	23.763668508532255	23.764776953218092	26.21333126423659	0.0
134.0	26.305886395504146	23.79941584965056	23.787500069277794	26.107197685567495	0.0
135.0	26.25240393941241	23.809391851823115	23.75286117284532	26.18534303591915	0.0
136.0	26.25240393941241	23.843476525912667	23.581052246540267	26.323067288134656	0.0
137.0	26.09195657113721	23.7040896066684	23.785837402249037	26.418116419945353	0.0
138.0	26.13767991442807	23.652269817605426	23.82491007742486	26.38514019054164	0.0
139.0	26.24582600141327	23.742119629224227	23.75597522619262	26.256079143169885	0.0
140.0	26.154379061421864	23.832181009518795	23.850747509456443	26.1626924196029	0.0
141.0	26.33893561304089	23.72715558449836	23.698613054743465	26.23529574771729	0.0
142.0	26.284344560985414	23.831349673700693	23.67173319662478	26.212572568689126	0.0
143.0	26.282681889349202	23.743505188921066	23.76262591273745	26.211187008992283	0.0
144.0	26.30935754189944	23.795391061452513	23.70089562826993	26.194355768378113	0.0
145.0	26.250682391932674	23.814854944951406	23.617550150611173	26.316912512504747	0.0
146.0	26.24929682455669	23.706780689624594	23.649418200258822	26.394504285559893	0.0
147.0	26.313032923851985	23.78437246267974	23.769685448494304	26.132909164973967	0.0
148.0	26.279502193353153	23.737540285371455	23.82372257615771	26.159234945117678	0.0
149.0	26.146764838733816	23.861687122259696	23.780769987502183	26.210778051504313	0.0
150.0	26.29945436356734	23.76746854069273	23.785203803105333	26.1478732926346	0.0
151.0	26.254284867110233	23.649418200258822	23.844228973322284	26.252067959308654	0.0
152.0	26.18694629263737	23.771625242820683	23.724793065512397	26.316635399029547	0.0
153.0	26.17724732100548	23.700407079695065	23.74003430664823	26.382311292651227	0.0
154.0	26.171150824551148	23.820397214455348	23.75832379601123	26.25012816498228	0.0
155.0	26.32273189548388	23.734214923669093	23.753335753457684	26.189717427389343	0.0
156.0	26.282069045784816	23.636182252495413	23.884476614329024	26.19727208739075	0.0
157.0	26.331672495302914	23.607085256968038	23.858982103962177	26.20226014376687	0.0
158.0	26.27070736181698	23.74952197793062	23.76559460403146	26.21417605622094	0.0
159.0	26.30146704280307	23.789426428939596	23.798848313205603	26.110258215051736	0.0
160.0	26.24244170901896	23.8174149674945	23.757835405224156	26.18230791826238	0.0
161.0	26.24410439447767	23.845957734535638	23.58713303146355	26.32280483952314	0.0
162.0	26.093354246221544	23.702135442357466	23.789149314696477	26.41536099672451	0.0
163.0	26.139078096335993	23.654471792541194	23.81963188143944	26.386818229683367	0.0
164.0	26.244454235841502	23.73850319097935	23.76011816184071	26.25692441133844	0.0
165.0	26.168247607804666	23.832999409745025	23.835770559855458	26.16298242259485	0.0
166.0	26.34587832988325	23.7207678302726	23.68889960400265	26.244454235841502	0.0
167.0	26.29544339787342	23.82413172939165	23.665621943075035	26.214802929659896	0.0
168.0	26.28685283253109	23.735732040868925	23.765383347050527	26.212031779549466	0.0
169.0	26.321288034140665	23.785124424984758	23.70171257551405	26.19187496536053	0.0
170.0	26.258455518637476	23.808191010893452	23.618643292809658	26.314710177659418	0.0
171.0	26.242382758916914	23.703995189256748	23.65439132736055	26.399230724465788	0.0
172.0	26.315541527300134	23.781310705843556	23.7696718108735	26.13347595598281	0.0
173.0	26.288938338797145	23.73392377632261	23.824540887160914	26.15259699771933	0.0
174.0	26.150102948797176	23.853083891492243	23.77521414181162	26.221599017898956	0.0
175.0	26.296420485563615	23.76024984827869	23.792949600813614	26.15038006534408	0.0
176.0	26.267046131591563	23.638872800733804	23.848927143288652	26.245153924385978	0.0
177.0	26.186682332988788	23.77188874324875	23.723393347540174	26.318035576222293	0.0
178.0	26.18114000205066	23.70288672306912	23.743345738917416	26.3726275359628	0.0
179.0	26.17587478765945	23.810685059815604	23.772720092889465	26.240720059635482	0.0
180.0	26.324409256801136	23.728381445384485	23.757201566262722	26.190007731551656	0.0
181.0	26.293999301664368	23.63339596184649	23.876982081594424	26.195622654894724	0.0
182.0	26.33113302185347	23.613166397862873	23.858692338814713	26.197008241468943	0.0
183.0	26.27127568184715	23.740640362691142	23.774448675102118	26.213635280359586	0.0
184.0	26.309517871295636	23.78276219454744	23.79024436204823	26.117475572108695	0.0
185.0	26.245503771566653	23.79800364686386	23.76170127861929	26.194791302950193	0.0
186.0	26.25215458712291	23.840956830664695	23.580189437396427	26.32669914481597	0.0
187.0	26.100848533218052	23.698241413519998	23.780545256028688	26.42036479723326	0.0
188.0	26.139922074611064	23.64586624101447	23.826823847607645	26.38738783676682	0.0
189.0	26.248624801514175	23.745417159705923	23.755393410686228	26.250564628093677	0.0
190.0	26.167152085175015	23.830215293038517	23.847396614171267	26.15523600761521	0.0
191.0	26.353652554890168	23.721030768420732	23.69442743247325	26.230889244215856	0.0
192.0	26.292278061825385	23.82314225935625	23.668786631749594	26.215793047068768	0.0
193.0	26.27232544928018	23.73501822061493	23.778248881129542	26.21440744897535	0.0
194.0	26.316183276338904	23.784411424010816	23.706817715752077	26.192587583898195	0.0
195.0	26.260554851975737	23.80193596838602	23.62679539868035	26.310713780957894	0.0
196.0	26.25778364042976	23.69884689887572	23.645639637192982	26.397729823501535	0.0
197.0	26.308496811721117	23.78198324525499	23.76729582406132	26.14222411896257	0.0
198.0	26.276350757787796	23.72960734703605	23.8382388396383	26.155803055537852	0.0
199.0	26.151923359373484	23.85680595699634	23.779766276018215	26.21150440761196	0.0
200.0	26.297411965537215	23.761753400969372	23.79473081836648	26.146103815126935	0.0
201.0	26.257506519275164	23.637326002555056	23.8498779281314	26.25528955003838	0.0
202.0	26.184069413306805	23.77283824715327	23.720185227779734	26.32290711176019	0.0
203.0	26.183515170997605	23.704112200813075	23.734872648973404	26.377499979215912	0.0
204.0	26.171044719040715	23.80969536071475	23.76701870290672	26.252241217337808	0.0
205.0	26.31529356992221	23.72114806388232	23.76022236324688	26.203336002948586	0.0
206.0	26.291533878342804	23.616461133434946	23.890259110433696	26.201745877788557	0.0
207.0	26.32395732298739	23.613689898849938	23.861161147291117	26.201191630871552	0.0
208.0	26.267424137453236	23.732852986005266	23.772204517112375	26.227518359429126	0.0
209.0	26.311559682859038	23.78668085542706	23.783078240482862	26.118681221231043	0.0
210.0	26.25641196179011	23.794163209541942	23.765896538441286	26.18352829022666	0.0
211.0	26.25447209220477	23.82658674403975	23.59269389689316	26.326247266862318	0.0
212.0	26.108981873304348	23.701326593672146	23.77919850131218	26.410493031711326	0.0
213.0	26.142381674227583	23.638273284799375	23.831152815459184	26.388192225513862	0.0
214.0	26.25275048081453	23.752237796733233	23.754731935507113	26.240279786945127	0.0
215.0	26.165178497198248	23.847569323201586	23.84618369054943	26.141068489050728	0.0
216.0	26.34863626034375	23.73034480082916	23.690438580447058	26.230580358380028	0.0
217.0	26.29197104565962	23.824976998370488	23.66895389697487	26.214098058995024	0.0
218.0	26.28892263692898	23.73103058385341	23.77149128155103	26.20855549766658	0.0
219.0	26.323636595416843	23.787353502769903	23.698118018085427	26.190891883727822	0.0
220.0	26.26495807029115	23.800167386279867	23.629455551183064	26.305418992245915	0.0
221.0	26.26190964466442	23.693472489344366	23.645251938521568	26.399365927469642	0.0
222.0	26.326757971633015	23.77467146285632	23.757489427505668	26.141081138005003	0.0
223.0	26.286297049678254	23.72949933766025	23.838134141812763	26.146069470848737	0.0
224.0	26.15299771090948	23.858087473187712	23.77550285166361	26.213411964239196	0.0
225.0	26.29765936337788	23.763032019554263	23.792407757411834	26.146900859656025	0.0
226.0	26.258029830230406	23.64109499448512	23.85670182517556	26.244173350108913	0.0
227.0	26.189578818430228	23.776057110868468	23.722848227201933	26.31151584349937	0.0
228.0	26.188193170418078	23.713980079924177	23.73060785606997	26.367218893587776	0.0
229.0	26.174890949501446	23.81457812560622	23.766634704385854	26.24389622050648	0.0
230.0	26.312974412552897	23.73122788153231	23.76226648302161	26.193531222893185	0.0
231.0	26.294756678860438	23.628755126926063	23.89424675756568	26.182241436647825	0.0
232.0	26.31942135018291	23.61739275024942	23.88260724975058	26.180578649817093	0.0
233.0	26.258452499722868	23.745150205077042	23.7778516794147	26.218545615785388	0.0
234.0	26.29593807764682	23.795654017442683	23.793436962190896	26.114970942719605	0.0
235.0	26.25353689595637	23.796485413162102	23.772374937298906	26.177602753582622	0.0
236.0	26.2428742063591	23.833753190498758	23.592092828617908	26.33127977452423	0.0
237.0	26.094884948051337	23.697403536776992	23.780543569534167	26.427167945637503	0.0
238.0	26.127032427384112	23.643639648927355	23.839850126234282	26.38947779745425	0.0
239.0	26.25597224223747	23.74569056302586	23.757884468290303	26.24045272644636	0.0
240.0	26.15988381761139	23.83401882420762	23.85037083023846	26.15572652794253	0.0
241.0	26.35020149779101	23.711883103564876	23.698579260417183	26.239336138226932	0.0
242.0	26.28810115775965	23.825679147853418	23.672401415809503	26.213818278577428	0.0
243.0	26.283037434340915	23.72680276634374	23.771984532867656	26.218175266447684	0.0
244.0	26.30903440953809	23.7859085276776	23.711617411841672	26.19343965094264	0.0
245.0	26.26371554826154	23.800322686168297	23.62816795205172	26.307793813518444	0.0
246.0	26.252113886501622	23.68440021069557	23.655568184968534	26.407917717834273	0.0
247.0	26.31643151617312	23.773257441965562	23.77048498576344	26.13982605609788	0.0
248.0	26.285086892390957	23.721844536370593	23.84023333961783	26.152835231620625	0.0
249.0	26.152835231620625	23.84938282558307	23.78395013807406	26.213831804722243	0.0
