# Position (bp)	A	C	G	T	N
0.0	26.12360218891268	23.93885320009517	23.8439804901261	26.09356412086605	0.0
1.0	26.20895788722341	23.98197715917202	23.74018558172734	26.06887937187723	0.0
2.0	26.09256830503585	23.83144633887387	23.932561881224927	26.14342347486535	0.0
3.0	26.200126681277634	24.016807572328766	23.75541592199288	26.02764982440072	0.0
4.0	26.054440783604726	23.97083486969657	23.86289296206868	26.111831384630023	0.0
5.0	26.22549165363321	23.9068251693358	23.75428914645242	26.11339403057857	0.0
6.0	26.106644624953912	23.912681517072418	23.972741219985014	26.007932637988656	0.0
7.0	26.039839452950797	23.956592834844656	23.796937713691097	26.206629998513453	0.0
8.0	26.044933865697868	23.929052416897324	23.800024378569454	26.225989338835358	0.0
9.0	26.074690227602442	24.013009251551836	23.89409470354603	26.018205817299688	0.0
10.0	26.08952863394216	23.864095795281585	23.91047136605784	26.13590420471842	0.0
11.0	25.95902302130898	23.95863061263318	23.905714897260275	26.176631468797563	0.0
12.0	26.09250142694064	23.79839707001522	23.901850266362253	26.207251236681888	0.0
13.0	26.03780203576865	23.82842227929985	23.963387081430746	26.17038860350076	0.0
14.0	26.2732472412481	23.77847935692542	23.822476693302892	26.12579670852359	0.0
15.0	26.1177701674277	23.878365201674274	23.902742104261794	26.101122526636228	0.0
16.0	26.216764174277017	23.74577863394216	23.893823725266362	26.14363346651446	0.0
17.0	26.04553129756469	23.892337328767123	23.91463327625571	26.14749809741248	0.0
18.0	26.08269121004566	23.986277587519027	23.896201959665145	26.03482924277017	0.0
19.0	26.06931364155251	23.893526445966515	23.85755565068493	26.17960426179604	0.0
20.0	26.14890675862479	23.79059708369874	23.853322829495966	26.207173328180506	0.0
21.0	26.038913744667568	24.003745708042867	23.761761077336978	26.195579469952584	0.0
22.0	26.154257770114604	23.762652912585285	23.886915290515333	26.196174026784785	0.0
23.0	26.087667404908068	23.839945300771436	23.894941807750048	26.17744548657045	0.0
24.0	26.17290850392109	23.864251187623744	23.92222030643368	26.040620002021488	0.0
25.0	26.147937191202963	23.900816324103857	23.84463087048807	26.106615614205108	0.0
26.0	26.24841699714019	23.958190887849078	23.72096341702687	26.072428697983863	0.0
27.0	26.12207404588776	23.810443954266823	23.92222030643368	26.145261693411737	0.0
28.0	26.23414767558697	23.9709738217405	23.745934729744995	26.04894377292753	0.0
29.0	26.074806918242732	23.946002509022374	23.87138584840035	26.107804724334542	0.0
30.0	26.24425511168717	23.87762867657988	23.75158300285981	26.126533208873138	0.0
31.0	26.118506715499457	23.89992449150678	23.987324086020227	25.994244706973536	0.0
32.0	26.046862830201018	23.943327011231144	23.81579494984928	26.194015208718557	0.0
33.0	26.059645764092444	23.916274755786507	23.802714738425497	26.221364741695552	0.0
34.0	26.108993834463977	23.992080526537965	23.891897998133096	26.007027640864962	0.0
35.0	26.0908599049901	23.83333432425844	23.93351685266331	26.14228891808815	0.0
36.0	25.98175905061447	23.947786174216525	23.88446605982413	26.18598871534487	0.0
37.0	26.10423739394624	23.803903848554935	23.894276218391965	26.19758253910686	0.0
38.0	26.04032272448913	23.812524896993335	23.958488165381436	26.188664213136096	0.0
39.0	26.25465982531972	23.788148139339928	23.824713275820038	26.13247875952031	0.0
40.0	26.11018294459341	23.86633213035025	23.914788368124714	26.10869655693162	0.0
41.0	26.198771649236296	23.76941965480133	23.879709619306393	26.152099076655983	0.0
42.0	26.038539059294973	23.89843810384499	23.905572764621596	26.15745007223844	0.0
43.0	26.076590583436886	24.003674350299953	23.885655169953566	26.0340798963096	0.0
44.0	26.07986063629283	23.887438835147716	23.848495478408733	26.184205050150723	0.0
45.0	26.143103033113647	23.794022955702808	23.8386144529961	26.224259558187445	0.0
46.0	26.02805697009694	24.007764866062008	23.787482869433124	26.17669529440793	0.0
47.0	26.15558865235577	23.72862209300597	23.91174450855711	26.204044746081152	0.0
48.0	26.093160556145158	23.836830793104372	23.89688067612601	26.173127974624467	0.0
49.0	26.18137388967502	23.853407374817177	23.912862527795284	26.052356207712524	0.0
50.0	26.15521362236465	23.900376945669883	23.838246310807758	26.10616312115771	0.0
51.0	26.23696445770955	23.93783369204609	23.737469826509862	26.087732023734496	0.0
52.0	26.104974018098147	23.81268059502717	23.934860934397186	26.1474844524775	0.0
53.0	26.253611900543422	23.961913029002226	23.756198199697966	26.02827687075639	0.0
54.0	26.091002057148295	23.939320070870544	23.860244717409657	26.109433154571505	0.0
55.0	26.227154357468162	23.896215084961415	23.744307169102346	26.132323388468077	0.0
56.0	26.137674352236107	23.865298405412798	23.991343329726387	26.005683912624704	0.0
57.0	26.069300926311286	23.930104522158935	23.794249497603957	26.206345053925823	0.0
58.0	26.06127448065924	23.916132561209082	23.808518734318703	26.21407422381298	0.0
59.0	26.11686504869377	23.99342426008062	23.879270366362654	26.010440324862955	0.0
60.0	26.087732023734496	23.835570828923743	23.926537212980246	26.15015993436151	0.0
61.0	25.98428005755259	23.93248272827806	23.905133357908127	26.17810385626122	0.0
62.0	26.114189566809753	23.803167770550672	23.892945051547617	26.189697611091955	0.0
63.0	26.063058135248586	23.832895347039727	23.93783369204609	26.166212825665603	0.0
64.0	26.238748112298893	23.810005113143156	23.819517937619654	26.131728836938294	0.0
65.0	26.110622257631068	23.87213574800528	23.913754355089957	26.1034876392737	0.0
66.0	26.20902053580984	23.764521921114902	23.88462133013068	26.141836212944575	0.0
67.0	26.04641069241471	23.901863324494336	23.91197070050061	26.139755282590343	0.0
68.0	26.085651093380264	23.982127781014782	23.896215084961415	26.036006040643546	0.0
69.0	26.08505654185048	23.870054817651045	23.857271959760755	26.18761668073772	0.0
70.0	26.140569400307385	23.80517793388012	23.83104084854142	26.223211817271075	0.0
71.0	26.055846059175536	23.991866559251342	23.779017744337658	26.173269637235464	0.0
72.0	26.163756841038204	23.732048313113687	23.916656014316757	26.187538831531356	0.0
73.0	26.10162639087485	23.837580895927037	23.876821180240736	26.18397153295738	0.0
74.0	26.176461844882425	23.83364547103065	23.91717946431226	26.07271321977467	0.0
75.0	26.160409049020483	23.903207586432416	23.84999554089004	26.086387823657063	0.0
76.0	26.24840215226374	23.945420494069385	23.722167721989358	26.084009631677517	0.0
77.0	26.120871607360503	23.80510716727608	23.935015904158863	26.139005321204557	0.0
78.0	26.24156485032254	23.95790600196201	23.765866999613543	26.034662148101905	0.0
79.0	26.102737893516455	23.94423139807961	23.85980558280567	26.093225125598263	0.0
80.0	26.222836588483606	23.87883111864205	23.761705163649335	26.136627129225005	0.0
81.0	26.137221677219895	23.865453788757097	23.993281607657778	26.00404292636523	0.0
82.0	26.04209399803799	23.942745028092393	23.8155117571866	26.199649216683017	0.0
83.0	26.050714943963854	23.91807128630459	23.813430839204493	26.21778293052707	0.0
84.0	26.126817087309373	23.98674157971402	23.882398406611376	26.00404292636523	0.0
85.0	26.114034305419302	23.81670085317637	23.928178602217663	26.141086239186656	0.0
86.0	25.9942328844496	23.919557656291804	23.905288504414518	26.180920954844076	0.0
87.0	26.12206070335028	23.78697345343203	23.908261244388953	26.18270459882874	0.0
88.0	26.064984095841137	23.834240019025536	23.94928505603615	26.151490829097177	0.0
89.0	26.24899670025863	23.81313356520705	23.81818722316359	26.11968251137073	0.0
90.0	26.095900591575255	23.873777460685513	23.92253039626624	26.107791551472992	0.0
91.0	26.205297422634445	23.761407889651892	23.90261303843753	26.130681649276138	0.0
92.0	26.045958560004756	23.903802134427302	23.914503998335267	26.13573530723268	0.0
93.0	26.076875055738874	23.975147893813727	23.890424804542345	26.057552245905054	0.0
94.0	26.081631439697972	23.866642884746874	23.86337287077499	26.18835280478017	0.0
95.0	26.14784581038137	23.787794560496565	23.85111373372058	26.21324589540148	0.0
96.0	26.029531111117716	23.99529119387855	23.808009132230055	26.16716856277368	0.0
97.0	26.153196726428472	23.734285400025566	23.925134739038796	26.187383134507165	0.0
98.0	26.085418456498537	23.85111373372058	23.896299247007203	26.16716856277368	0.0
99.0	26.172738947418487	23.82101833575115	23.911389093676423	26.09485362315394	0.0
100.0	26.150146257937166	23.913767271516566	23.831720136031773	26.104366334514495	0.0
101.0	26.24705700492283	23.955385383718994	23.715486694094984	26.082070917263195	0.0
102.0	26.102879973364406	23.809721991010488	23.9298199719375	26.157578063687602	0.0
103.0	26.259839710813576	23.96073628385931	23.762752978667745	26.01667102665937	0.0
104.0	26.116851768175227	23.92090180503698	23.873040976004187	26.08920545078361	0.0
105.0	26.226842493281648	23.876310970534377	23.76186116197769	26.13498537420628	0.0
106.0	26.11952721824538	23.885526409664916	23.977086256510262	26.017860115579445	0.0
107.0	26.03926371614069	23.935765416537848	23.828747413731598	26.196223453589862	0.0
108.0	26.074044567052724	23.896525482175555	23.81834288568099	26.211087065090727	0.0
109.0	26.13022901852601	23.977680800970298	23.889985493115176	26.00210468738852	0.0
110.0	26.1061499678946	23.80734381317035	23.94676448904849	26.139741729886563	0.0
111.0	25.99348379271802	23.922685438417084	23.917334538276773	26.16649623058812	0.0
112.0	26.110906323574877	23.808830174320438	23.891471854265262	26.188791647839427	0.0
113.0	26.04699279412114	23.841232847392327	23.944089038978337	26.167685319508195	0.0
114.0	26.262217888653716	23.789210207139288	23.827855597041548	26.12071630716545	0.0
115.0	26.107041784584652	23.86442008133368	23.92000998834693	26.108528145734738	0.0
116.0	26.20276344265024	23.758293895217484	23.917334538276773	26.1216081238555	0.0
117.0	26.039858260600727	23.90990273252634	23.92536088848724	26.12487811838569	0.0
118.0	26.072558205902634	23.983031701110612	23.909010915836287	26.03539917715047	0.0
119.0	26.097529073224095	23.875419153844323	23.85461009774311	26.17244167518847	0.0
120.0	26.160925827385395	23.78422728313183	23.83773644360283	26.217110445879943	0.0
121.0	26.03220656914127	24.003317567949203	23.798793665704494	26.165682197205037	0.0
122.0	26.151115814632377	23.731609942002017	23.93137747442708	26.185896768938527	0.0
123.0	26.113064856075223	23.828818250191	23.89956925125821	26.158547642475572	0.0
124.0	26.174678200897766	23.834240019025536	23.915990368322483	26.075091411754215	0.0
125.0	26.14940991111507	23.91153125836083	23.85356282885936	26.085496001664733	0.0
126.0	26.255239454204943	23.954933261987573	23.7224649959868	26.067362287820682	0.0
127.0	26.10838609946788	23.808377181247955	23.94750141205149	26.13573530723268	0.0
128.0	26.258212194179375	23.963554207913436	23.76646154760843	26.01177205029876	0.0
129.0	26.11730431939118	23.90350486042986	23.882992954606262	26.096197865572694	0.0
130.0	26.237403014358335	23.854751924849133	23.76646154760843	26.141383513184103	0.0
131.0	26.14175849983204	23.880983028577035	23.984731962103396	25.99252650948753	0.0
132.0	26.065061580491633	23.9371679811171	23.816474379364365	26.1812960590269	0.0
133.0	26.059413357749513	23.905954118594842	23.799826986019163	26.234805537636486	0.0
134.0	26.126597480892656	23.98919108532086	23.883063952745186	26.001147481041293	0.0
135.0	26.111733736834434	23.81052888174108	23.949058976363673	26.128678405060807	0.0
136.0	25.98033823935979	23.93805980576059	23.914872365029773	26.166729589849847	0.0
137.0	26.10148430230657	23.790752912567964	23.912636338502974	26.195126446622492	0.0
138.0	26.067892041012286	23.818994194187052	23.93909396023033	26.17401980457033	0.0
139.0	26.251609009860665	23.799671212026624	23.83653351645575	26.112186261656962	0.0
140.0	26.116348134737667	23.857045605210665	23.90877174207089	26.117834517980775	0.0
141.0	26.182640827380364	23.751512394949863	23.928094724231315	26.13775205343845	0.0
142.0	26.04292080252804	23.915609104989194	23.935526640446867	26.105943452035902	0.0
143.0	26.10178157895519	23.975658988010835	23.89717795277463	26.025381480259348	0.0
144.0	26.109808048467986	23.86863939450692	23.864774798074837	26.156777758950255	0.0
145.0	26.147639913670606	23.78071620103096	23.868413073076763	26.203230812221673	0.0
146.0	26.04240366721564	24.000998852508726	23.789931804534074	26.16666567574156	0.0
147.0	26.17082756119458	23.70907231573252	23.92876041214557	26.191339710927323	0.0
148.0	26.11018294459341	23.841955372696845	23.89160072060074	26.156260962109005	0.0
149.0	26.164443017503807	23.815341990106546	23.930983637747335	26.089231354642312	0.0
150.0	26.16236206240487	23.909876807458144	23.83615154109589	26.0916095890411	0.0
151.0	26.25362680745814	23.956846936834093	23.738643930745816	26.05088232496195	0.0
152.0	26.09874429223744	23.793937880517504	23.948820395738206	26.15849743150685	0.0
153.0	26.24411386986301	23.95327958523592	23.77550656392694	26.02709998097412	0.0
154.0	26.13560692541857	23.90482305936073	23.886391742770165	26.07317827245053	0.0
155.0	26.22984446347032	23.851610064687975	23.77312832952816	26.145417142313548	0.0
156.0	26.14014382415283	23.870706902548584	23.982781531765873	26.006367741532717	0.0
157.0	26.06166185568236	23.923028214862224	23.82938495702815	26.18592497242726	0.0
158.0	26.068796580088765	23.90192132182661	23.809169904543335	26.22011219354129	0.0
159.0	26.128847177176016	23.970593044238264	23.8944893172366	26.00607046134912	0.0
160.0	26.102686521019198	23.812439986562936	23.960485517995856	26.124387974422014	0.0
161.0	25.980504365559497	23.91886629229182	23.912028848069017	26.188600494079665	0.0
162.0	26.126624274260436	23.779285988209796	23.89255041158686	26.201539325942903	0.0
163.0	26.085004801103512	23.80901418332189	23.92138676084559	26.18459425472901	0.0
164.0	26.255941922998026	23.792366394059115	23.830121201851473	26.121570481091382	0.0
165.0	26.116813969873448	23.847066273065362	23.91781937743214	26.11830037962905	0.0
166.0	26.191729021555915	23.751341484804435	23.95230408376216	26.104625409877492	0.0
167.0	26.04606086550667	23.915143839872048	23.933575320841545	26.105219973779732	0.0
168.0	26.090950440125926	23.979654023265283	23.894036821342464	26.03535871526632	0.0
169.0	26.12484058255371	23.86936241939943	23.83963422428734	26.166162773759517	0.0
170.0	26.151970985195316	23.790950710505975	23.866163267732922	26.190915036565787	0.0
171.0	26.053867649681905	23.991913906891014	23.813544205957548	26.14067423746953	0.0
172.0	26.1605921874071	23.727034901004814	23.91283667281051	26.199536238777572	0.0
173.0	26.13086390391819	23.8367322670789	23.88727034901005	26.145133479992865	0.0
174.0	26.152423761363703	23.820226055211695	23.934383342549157	26.09296684087544	0.0
175.0	26.121506162709807	23.937950757778452	23.843116969599677	26.097426109912064	0.0
176.0	26.26093264125478	23.943599165224835	23.731040674479306	26.06442751904108	0.0
177.0	26.106344647985303	23.779498064677238	23.952517703298078	26.161639584039385	0.0
178.0	26.25023039556689	23.92843765050033	23.766417542169822	26.054914411762958	0.0
179.0	26.145883500109996	23.892763498207373	23.88949336758052	26.07185963410211	0.0
180.0	26.23150146561309	23.823198901236108	23.7893084565578	26.155991176593	0.0
181.0	26.1085032567625	23.89045624403571	23.97785817698594	26.02318232221585	0.0
182.0	26.04488416271029	23.935643637941954	23.85091727436775	26.168554924980008	0.0
183.0	26.053802727297047	23.904725947374523	23.827431720955953	26.214039604372473	0.0
184.0	26.120097390725288	23.97429075115124	23.883915963338755	26.02169589478472	0.0
185.0	26.117719106835484	23.807513593378857	23.949318770308313	26.125448529477342	0.0
186.0	25.99196734616219	23.917211937795983	23.92613050238274	26.16469021365908	0.0
187.0	26.130657748049053	23.76692679301375	23.913489409141583	26.18892604979561	0.0
188.0	26.087848383500557	23.79606094388703	23.93489409141583	26.18119658119658	0.0
189.0	26.25373467112598	23.795763656633223	23.836194723151245	26.114306949089556	0.0
190.0	26.130063173541433	23.84243775548123	23.91140839836492	26.116090672612412	0.0
191.0	26.202303976217017	23.741062801932365	23.925678186547753	26.13095503530286	0.0
192.0	26.079524340393906	23.90159791898922	23.916462281679674	26.1024154589372	0.0
193.0	26.090821256038648	23.9670011148272	23.90367892976589	26.03849869936826	0.0
194.0	26.127090301003342	23.857004830917873	23.837086584912672	26.178818283166112	0.0
195.0	26.159275092605256	23.788699483313216	23.862129653302574	26.189895770778953	0.0
196.0	26.04660288845155	23.988179823648675	23.808915076670612	26.156302211229164	0.0
197.0	26.190490347054173	23.73132287275473	23.899290670503664	26.178896109687432	0.0
198.0	26.12241136354177	23.85172456848627	23.891561178925837	26.134302889046126	0.0
199.0	26.16864661743546	23.803110841568266	23.92916176138323	26.099080779613047	0.0
200.0	26.110985587214003	23.937770537030868	23.839960995100604	26.111282880654525	0.0
201.0	26.25830196868887	23.953372219546566	23.74258991693572	26.045735894828848	0.0
202.0	26.113985016054226	23.78047330241408	23.94904269235343	26.15649898917826	0.0
203.0	26.251493943952575	23.93818491012552	23.785074236379096	26.02524690954281	0.0
204.0	26.151755877701007	23.894623553615812	23.881839479598995	26.071781089084183	0.0
205.0	26.23456239557133	23.809438865005323	23.79843854986116	26.15756018956219	0.0
206.0	26.13192765890394	23.87981602552096	23.984171297246032	26.004085018329064	0.0
207.0	26.0659378558453	23.923804880079206	23.836692463438055	26.17356480063744	0.0
208.0	26.063119713389526	23.920082058600546	23.818698063000788	26.19810016500914	0.0
209.0	26.12362974701421	23.974038407221197	23.89138468765516	26.01094715810943	0.0
210.0	26.110263751750466	23.812581948569747	23.94845676534687	26.128697534332918	0.0
211.0	26.005904756807862	23.93032030183832	23.924671239434023	26.13910370191979	0.0
212.0	26.122311847938228	23.773774517819923	23.92273225960867	26.181181374633177	0.0
213.0	26.091106135883184	23.773462609972853	23.943829478522773	26.191601775621187	0.0
214.0	26.223415484058954	23.80319504776516	23.842441865651008	26.130947602524877	0.0
215.0	26.1395835625236	23.848671984871956	23.90278566522661	26.108958787377833	0.0
216.0	26.197123632655124	23.743856425443095	23.94514862024161	26.11387132166017	0.0
217.0	26.070318887980378	23.920017839887013	23.928640451943807	26.081022820188803	0.0
218.0	26.092321415297704	23.957481602616518	23.93339775514755	26.016799226938232	0.0
219.0	26.1348533097844	23.85845665301899	23.832588509192114	26.174101528004496	0.0
220.0	26.137309705042817	23.809169838249286	23.861500951474788	26.192019505233112	0.0
221.0	26.06148905803996	23.99351807802093	23.82165794481446	26.12333491912464	0.0
222.0	26.18250475737393	23.730970504281636	23.909966698382494	26.17655803996194	0.0
223.0	26.09539837533748	23.841565670381428	23.906385661104437	26.156650293176654	0.0
224.0	26.162780325061103	23.816107949308073	23.938318079368194	26.08279364626263	0.0
225.0	26.132464273183032	23.941278969497652	23.8279879394116	26.098268817907716	0.0
226.0	26.25141987166144	23.933832493800143	23.74174095593789	26.073006678600525	0.0
227.0	26.098747517038763	23.764169233880082	23.966077099663387	26.17100614941777	0.0
228.0	26.23896042106515	23.92458889648815	23.799994052752087	26.03645662969461	0.0
229.0	26.139641380950966	23.907639239941716	23.886526509857564	26.066192869249754	0.0
230.0	26.24877338011835	23.819322608462933	23.801778227125396	26.130125784293316	0.0
231.0	26.130203485692366	23.883029180258646	23.97759070323442	26.00917663081457	0.0
232.0	26.054828167606836	23.94502314986901	23.822806115014853	26.1773425675093	0.0
233.0	26.048738421279573	23.918105178643113	23.830679334493063	26.20247706558425	0.0
234.0	26.11737907326676	23.969453844735604	23.901652799172112	26.01151428282552	0.0
235.0	26.10756576404047	23.817198865224608	23.949529853276157	26.12570551745877	0.0
236.0	25.981336759090745	23.94253529838585	23.94402217226326	26.132105770260143	0.0
237.0	26.092567921206644	23.778369891040583	23.937169910072797	26.191892277679973	0.0
238.0	26.089167504297194	23.78622875937502	23.94532899549761	26.179274740830177	0.0
239.0	26.211845454761733	23.799157804582112	23.86934075607261	26.119655984583538	0.0
240.0	26.138729286368555	23.84550872559866	23.919262933752066	26.09649905428072	0.0
241.0	26.183033789068887	23.749304797565973	23.963739430692407	26.10392198267273	0.0
242.0	26.079805364376686	23.89788768001713	23.935065939360772	26.08724101624541	0.0
243.0	26.0989190764856	23.971278488015848	23.93290778538582	25.996894650112733	0.0
244.0	26.14456075222279	23.862727075320443	23.85499305425416	26.13771911820261	0.0
245.0	26.14398334077049	23.79592443849472	23.892012494422133	26.16807972631266	0.0
246.0	26.024079897420947	24.00165411699605	23.86063766805204	26.113628317530964	0.0
247.0	26.178079012668924	23.74307493647686	23.92635481317949	26.152491237674724	0.0
248.0	26.09654277714466	23.857485888734494	23.92919521898125	26.116776115139594	0.0
249.0	26.15487614371792	23.80540058022763	23.983337052741206	26.05638622331325	0.0
