# Position (bp)	A	C	G	T	N
0.0	26.185544564942365	23.838286955037866	23.916548489787754	26.05961999023202	0.0
1.0	26.07962669836357	23.92802292533379	23.94802963346534	26.044320742837307	0.0
2.0	26.099453950620187	23.94408878009744	23.909666486219315	26.046790783063056	0.0
3.0	26.045218516938558	24.037010341124727	23.93080419528986	25.986966946646856	0.0
4.0	26.087110012797314	23.94186781989615	23.829192592265713	26.14182957504082	0.0
5.0	26.131121884634396	23.886823091948884	23.772975453625474	26.20907956979125	0.0
6.0	26.01645628083346	24.01958044426663	23.89426089412263	26.069702380777276	0.0
7.0	26.062975448753022	23.901430243982798	23.837889992998807	26.197704314265373	0.0
8.0	26.1796691837257	23.8307736205938	23.873721491879614	26.115835703800887	0.0
9.0	26.082927891092428	23.88118532289283	23.809117596879613	26.22676918913513	0.0
10.0	25.996140745142103	23.90649543184238	23.93149822627235	26.165865596743167	0.0
11.0	25.960842682417447	23.89472941093416	23.9397344409081	26.204693465740288	0.0
12.0	26.1464516622446	23.847959477823995	23.8538424882781	26.1517463716533	0.0
13.0	26.13174413610933	23.7517722568993	24.020037533606697	26.096446073384673	0.0
14.0	26.225284002329673	23.855607391414335	23.800307093145705	26.11880151311029	0.0
15.0	26.02143769009477	23.85766644507327	23.881786787935123	26.239109076896828	0.0
16.0	26.17674916608327	23.85590154193704	23.99444643813132	25.972902853848375	0.0
17.0	26.156158629493888	24.07975008971591	23.756184514739882	26.007906766050326	0.0
18.0	25.988492831551763	24.0362158123555	23.79412993216889	26.18116142392385	0.0
19.0	26.16733634935669	23.81560292032639	23.881786787935123	26.135273942381797	0.0
20.0	26.184831335082535	23.77957666105823	23.96047816827664	26.07511383558259	0.0
21.0	26.039521831723363	23.97606805426457	23.77840006588933	26.206010048122742	0.0
22.0	26.093939358284995	23.882822887129226	23.88429363109035	26.138944123495428	0.0
23.0	26.042169170853384	23.975185607887894	23.855761198244522	26.126884023014203	0.0
24.0	26.14306220658658	23.867821298725747	23.8954712851949	26.09364520949277	0.0
25.0	26.205715899330517	23.81399206974856	23.93194573543081	26.04834629549011	0.0
26.0	26.09129201915497	23.911649468767283	23.946359026249837	26.05069948582791	0.0
27.0	26.107470202727345	23.943711687119812	23.89605958277935	26.052758527373488	0.0
28.0	26.058347354425766	24.026073348942827	23.924003718040733	25.991575578590677	0.0
29.0	26.1092350954807	23.91664999823511	23.846642585685544	26.12747232059865	0.0
30.0	26.146886140885506	23.872821828193576	23.755750608888	26.22454142203292	0.0
31.0	26.03334470708663	24.017543033968302	23.8895883093504	26.059523949594666	0.0
32.0	26.062759586309138	23.89370639244155	23.863703215634597	26.179830805614714	0.0
33.0	26.18512548387476	23.83017025332094	23.871645233024672	26.113059029779624	0.0
34.0	26.10246967325952	23.881057994375876	23.819580896800836	26.196891435563767	0.0
35.0	26.01628407713758	23.89164735089598	23.93547552093751	26.15659305102893	0.0
36.0	25.96922027038157	23.89341224364933	23.91841489098846	26.218952594980642	0.0
37.0	26.143944652963253	23.857231942205644	23.866938852349072	26.131884552482028	0.0
38.0	26.146886140885506	23.752809120965747	23.995776023343648	26.1045287148051	0.0
39.0	26.20395100657717	23.852819710322272	23.806638349942936	26.136590933157628	0.0
40.0	26.023637796943206	23.84517184172442	23.894294690026	26.236895671306375	0.0
41.0	26.164240919626785	23.84987822240002	24.009601016578223	25.976279841394973	0.0
42.0	26.14659199209328	24.08725629772564	23.76839900695368	25.997752703227402	0.0
43.0	26.000105893565202	24.034015366332905	23.789577719993883	26.17630102010801	0.0
44.0	26.15894624136673	23.821345789554186	23.881646291960326	26.138061677118753	0.0
45.0	26.189383644246778	23.779436767206132	23.92709859221216	26.10408099633493	0.0
46.0	26.054370142896644	23.963572827871022	23.79002606142967	26.192030967802665	0.0
47.0	26.079960937270197	23.866798444550337	23.90709659201214	26.146144026167324	0.0
48.0	26.050252084031932	23.975632857403387	23.845325709041493	26.128789349523185	0.0
49.0	26.13496643782025	23.869445768106225	23.896801444850368	26.098786349223158	0.0
50.0	26.210562232693857	23.820911502915	23.939452768806294	26.029073495584854	0.0
51.0	26.081431672579026	23.894154121294484	23.963572827871022	26.06084137825547	0.0
52.0	26.112905408187874	23.940335209991588	23.89856632722096	26.04819305459958	0.0
53.0	26.074666290158426	24.013577828371073	23.92886347458275	25.982892406887746	0.0
54.0	26.127024467152598	23.930922504015108	23.813851973432637	26.128201055399657	0.0
55.0	26.146144026167324	23.88356482707094	23.755316708141404	26.21497443862033	0.0
56.0	26.035544730943684	24.003870975332827	23.89856632722096	26.06201796650253	0.0
57.0	26.078490201961372	23.9023902390239	23.827971032397357	26.19114852661737	0.0
58.0	26.18703046775266	23.835030561879716	23.900037062529783	26.07790190783784	0.0
59.0	26.098198055099626	23.875034562279758	23.830030061829714	26.196737320790902	0.0
60.0	26.026720319090735	23.887388738873888	23.93651129818864	26.149379643846736	0.0
61.0	25.972008965602445	23.876211150526817	23.931510798138635	26.220269085732102	0.0
62.0	26.153497702711448	23.840325208991487	23.877387738773876	26.128789349523185	0.0
63.0	26.148497202661442	23.76767088473553	23.986222151626926	26.0976097609761	0.0
64.0	26.201737820840908	23.855620856203267	23.814440267556165	26.128201055399657	0.0
65.0	26.02348470141132	23.850326209091495	23.896507297788602	26.229681791708582	0.0
66.0	26.1614396733791	23.86268038568563	24.002694387085768	25.973185553849504	0.0
67.0	26.146438173229086	24.078584329021137	23.762376237623762	26.01260126012601	0.0
68.0	26.005541730643657	24.00798903419754	23.81179294400028	26.174676291158526	0.0
69.0	26.170558232293818	23.820617355853233	23.882682385885648	26.126142025967305	0.0
70.0	26.185111539909638	23.783120764307228	23.94460655120482	26.087161144578314	0.0
71.0	26.066570971385545	23.951666039156628	23.785179781626507	26.196583207831324	0.0
72.0	26.07745434864458	23.876070689006024	23.90577936746988	26.14069559487952	0.0
73.0	26.047451524849397	23.973726939006024	23.851068335843372	26.127753200301207	0.0
74.0	26.14422533885542	23.856068806475903	23.89254282756024	26.10716302710843	0.0
75.0	26.216585090361445	23.822242093373493	23.926663685993976	26.034509130271083	0.0
76.0	26.092455760542173	23.90313205948795	23.947548004518072	26.056864175451803	0.0
77.0	26.12804734563253	23.939900225903614	23.912544710090362	26.01950771837349	0.0
78.0	26.064806099397593	24.019613610692772	23.930487575301203	25.98509271460843	0.0
79.0	26.130988798945783	23.93137001129518	23.822242093373493	26.115399096385545	0.0
80.0	26.143342902861445	23.89077795557229	23.78341490963855	26.18246423192771	0.0
81.0	26.04127447289157	23.99961172816265	23.885483339608435	26.07363045933735	0.0
82.0	26.06039391942771	23.90577936746988	23.844597138554217	26.189229574548197	0.0
83.0	26.18069935993976	23.843126411897593	23.89724915286145	26.078925075301207	0.0
84.0	26.09657379518072	23.882836031626507	23.84253812123494	26.178052051957827	0.0
85.0	26.046274943524097	23.886365775602407	23.927251976656628	26.14010730421687	0.0
86.0	25.97979809864458	23.872246799698797	23.949312876506024	26.198642225150603	0.0
87.0	26.17011012801205	23.840479103915662	23.869011201054217	26.120399567018072	0.0
88.0	26.136283414909638	23.779002729668676	23.997846856174696	26.08686699924699	0.0
89.0	26.212467055722893	23.85048004518072	23.806064100150603	26.130988798945783	0.0
90.0	26.021860881024097	23.839596667921686	23.89960231551205	26.238940135542173	0.0
91.0	26.153049698795183	23.85812782379518	24.013142413403614	25.975680064006024	0.0
92.0	26.14922580948795	24.06226468373494	23.78370905496988	26.00480045180723	0.0
93.0	26.002153143825304	24.003729762801203	23.8037109375	26.19040615587349	0.0
94.0	26.155402861445783	23.830478162650603	23.896660862198797	26.117458113704817	0.0
95.0	26.19731152748772	23.771215107215344	23.94976027296526	26.081713092331675	0.0
96.0	26.049945583433832	23.9565255757861	23.802982616113187	26.190546224666882	0.0
97.0	26.078183369120804	23.876812659940583	23.903579727623026	26.141424243315587	0.0
98.0	26.044945142218427	23.974174191840454	23.857693325881694	26.123187340059417	0.0
99.0	26.131129217283878	23.86239962349619	23.889166691178634	26.117304468041297	0.0
100.0	26.210842133129393	23.835044268611934	23.91975762567285	26.034355972585814	0.0
101.0	26.084654528340735	23.893284701591316	23.95711386298791	26.06494690708004	0.0
102.0	26.124069770862135	23.94475983174986	23.90122657881578	26.029943818572228	0.0
103.0	26.081124805129864	24.008294849545546	23.93240580051181	25.978174544812777	0.0
104.0	26.145836397329177	23.918581051269232	23.822101950172073	26.113480601229522	0.0
105.0	26.130835073682974	23.889754978380445	23.777686266435275	26.20172368150131	0.0
106.0	26.025237520957734	24.012118716357325	23.884166249963233	26.078477512721708	0.0
107.0	26.06406447627732	23.876224372738772	23.859164043886224	26.200547107097684	0.0
108.0	26.188487219460544	23.84357443303821	23.887107685972293	26.08083066152896	0.0
109.0	26.098185133982412	23.860634761890758	23.85886990028532	26.182310203841514	0.0
110.0	26.044945142218427	23.889166691178634	23.94123010853899	26.12465805806395	0.0
111.0	25.98582227843633	23.855634320675353	23.94623054975439	26.212312851133923	0.0
112.0	26.179074624231554	23.83563255581375	23.869459069917934	26.115833750036764	0.0
113.0	26.126717063270288	23.762979086389976	24.015942583169103	26.094361267170633	0.0
114.0	26.22054887195929	23.83916227902462	23.819748801364828	26.120540047651264	0.0
115.0	26.0237668029532	23.84651586904727	23.910345030443864	26.219372297555665	0.0
116.0	26.14848368973733	23.85681089507898	24.029473188810776	25.965232226372915	0.0
117.0	26.16466158778716	24.064182133717683	23.772097538018063	25.9990587404771	0.0
118.0	25.98464570403271	24.005647557137394	23.82180780657117	26.18789893225873	0.0
119.0	26.157602141365416	23.83533841221284	23.895343706797657	26.111715739624085	0.0
120.0	26.197171498493976	23.761942300451807	23.939900225903614	26.100985975150603	0.0
121.0	26.068041698042173	23.94607727786145	23.789591961596386	26.1962890625	0.0
122.0	26.087749435240966	23.873423381024097	23.910779838102407	26.12804734563253	0.0
123.0	26.062747082078314	23.96078454442771	23.861951713102407	26.11451666039157	0.0
124.0	26.129518072289155	23.853421498493976	23.907838384789155	26.10922204442771	0.0
125.0	26.200407097138555	23.824889401355424	23.946959713855424	26.027743787650603	0.0
126.0	26.102162556475903	23.889013083584338	23.953430911144576	26.055393448795183	0.0
127.0	26.139813158885545	23.92519295933735	23.900190606174696	26.034803275602407	0.0
128.0	26.08863187123494	24.011377541415662	23.93401731927711	25.96597326807229	0.0
129.0	26.132459525602407	23.91754518072289	23.82400696536145	26.125988328313255	0.0
130.0	26.148931664156628	23.874599962349397	23.781650037650603	26.194818335843372	0.0
131.0	26.03487985598602	24.005565246038586	23.902319931052133	26.05723496692326	0.0
132.0	26.06723593760571	23.889083352207717	23.858492147767283	26.18518856241929	0.0
133.0	26.180776369471154	23.86172775592925	23.878199942935638	26.079295931663953	0.0
134.0	26.093414949097998	23.86819897225319	23.862021902125793	26.176364176523016	0.0
135.0	26.049881312009692	23.890554083190427	23.94173552138884	26.11782908341104	0.0
136.0	25.967520376977767	23.85555068580186	23.94938332249895	26.227545614721432	0.0
137.0	26.161951012892427	23.838490206402383	23.878788235328724	26.120770545376466	0.0
138.0	26.130183223665824	23.754364394191203	24.00733012321784	26.108122258925132	0.0
139.0	26.234310977241908	23.822900457985625	23.84084337597473	26.101945188797735	0.0
140.0	26.024290592910486	23.83907849879547	23.90820285498298	26.22842805331106	0.0
141.0	26.14400809490333	23.85466824721223	24.0249788950104	25.976344762874042	0.0
142.0	26.160480281909713	24.06704180111599	23.7743663355561	25.998111581418197	0.0
143.0	26.01407199543484	24.002400240024002	23.817970032297346	26.165557732243812	0.0
144.0	26.172911408787936	23.827382738273826	23.898272180159193	26.101433672779045	0.0
145.0	26.18424303749809	23.76928145333035	23.944299984704262	26.1021755244673	0.0
146.0	26.077761174712617	23.935769669729737	23.801343671682883	26.18512548387476	0.0
147.0	26.083644150557117	23.864585662011272	23.91841489098846	26.13335529644315	0.0
148.0	26.045698956360084	23.975185607887894	23.857231942205644	26.121883493546378	0.0
149.0	26.13284386830331	23.822004159276155	23.932898580139604	26.112253392280927	0.0
150.0	26.199321690889892	23.827593002767948	23.935251777399305	26.037833528942855	0.0
151.0	26.11519488885555	23.882304839056015	23.95613640307916	26.046363869009276	0.0
152.0	26.147628264335427	23.91884975379601	23.907083732887795	26.02643824898077	0.0
153.0	26.08438590195375	24.019155082038584	23.93591048411293	25.96054853189474	0.0
154.0	26.13292073820015	23.913555044387312	23.83884081162012	26.11468340579241	0.0
155.0	26.143804307540254	23.87560962695831	23.79265917955536	26.187926885946077	0.0
156.0	26.020925929738997	23.99628192645627	23.905977450354598	26.076814693450128	0.0
157.0	26.063577880992234	23.886269307361726	23.877444765723126	26.172708045922917	0.0
158.0	26.18859222087239	23.865090407429086	23.873620797679735	26.072696574018785	0.0
159.0	26.11270116278044	23.850676989419377	23.861266439385695	26.175355408414497	0.0
160.0	26.042693132447546	23.880974582378567	23.945982039116252	26.13035024605764	0.0
161.0	25.963272257700147	23.839205085289194	23.953335823815085	26.24418683319557	0.0
162.0	26.184474101441047	23.823320910339714	23.881562885154473	26.110642103064762	0.0
163.0	26.134762516876936	23.75007721473934	24.018049129164815	26.09711113921891	0.0
164.0	26.231538323513583	23.80949579510591	23.851853594971185	26.107112286409322	0.0
165.0	26.027397260273972	23.839205085289194	23.918037657260687	26.215359997176147	0.0
166.0	26.147999329334837	23.85567756301458	24.040110483261316	25.95621262438927	0.0
167.0	26.155058962645718	24.062465988745767	23.78125726186239	26.00121778674613	0.0
168.0	26.00747146723144	23.99488175079421	23.8251559006942	26.172490881280154	0.0
169.0	26.177785621837863	23.82280268266855	23.8910460054124	26.108365690081186	0.0
170.0	26.17970455173874	23.788820972002426	23.94766412321522	26.083810353043614	0.0
171.0	26.082927891092428	23.92854411427294	23.812647444684345	26.175880549950286	0.0
172.0	26.09175251060425	23.860594544031912	23.89824625394902	26.14940669141482	0.0
173.0	26.045570335159052	23.962077668417862	23.860006236064454	26.132345760358632	0.0
174.0	26.145365443276653	23.828896007436235	23.923319713963824	26.10241883532329	0.0
175.0	26.1821347994011	23.839485582000076	23.925967107604784	26.05241251099404	0.0
176.0	26.105948693511237	23.880961415708455	23.962736463729236	26.05035342705107	0.0
177.0	26.143089105648965	23.915447881490547	23.905446587205404	26.036016425655085	0.0
178.0	26.08572874136653	24.00016472719999	23.928684888632645	25.985421642800834	0.0
179.0	26.147501441363	23.900740095777103	23.839849862923437	26.111908599936463	0.0
180.0	26.15338455564838	23.837202461495018	23.797491440068715	26.21192154278789	0.0
181.0	25.996381874071567	24.007000926593225	23.913753290876734	26.08286390845847	0.0
182.0	26.064037887367448	23.87727787501287	23.883455163183363	26.175229074436324	0.0
183.0	26.174640761277228	23.855804444705917	23.89345648688797	26.076098307128888	0.0
184.0	26.09963083349267	23.85139209601271	23.87257136974011	26.17640570075451	0.0
185.0	26.03462222941272	23.89139739083114	23.944345575149654	26.129634804606493	0.0
186.0	25.961965554264538	23.837860893353533	23.950522863320145	26.249650689061788	0.0
187.0	26.19640834816373	23.808445235398803	23.88463178950155	26.110514626935917	0.0
188.0	26.148460825697516	23.723728140489182	24.01847303319557	26.109338000617726	0.0
189.0	26.230824667970758	23.805503669603333	23.84815637363769	26.11551528878822	0.0
190.0	26.043152770219585	23.842861555205836	23.909635098763072	26.204350575811503	0.0
191.0	26.159638775720317	23.839625832830816	24.029945139797913	25.970790251650953	0.0
192.0	26.171405038902208	24.077892662264123	23.749319762909796	26.001382535923874	0.0
193.0	26.00175317837119	23.997070191849485	23.831753707854592	26.169422921924728	0.0
194.0	26.19883866640781	23.80057301870253	23.89117351171041	26.109414803179256	0.0
195.0	26.18869722784393	23.77894526286064	23.948969266249353	26.08338824304608	0.0
196.0	26.084270720572317	23.938673695109898	23.79071162987716	26.186343954440627	0.0
197.0	26.114569115639856	23.851896738363063	23.909257777568598	26.124276368428482	0.0
198.0	26.055737280557256	23.97603191038735	23.847190191556457	26.12104061749894	0.0
199.0	26.144356098378886	23.827845777773856	23.93109595206368	26.09670217178358	0.0
200.0	26.186280883308967	23.83563416865471	23.938002465075645	26.04008248296068	0.0
201.0	26.105974719737375	23.88887744926445	23.96065292146763	26.044494909530545	0.0
202.0	26.152696636485047	23.898194397867872	23.910255278841685	26.038853686805396	0.0
203.0	26.104900864858504	24.0007060069424	23.931870330058246	25.962522798140846	0.0
204.0	26.160793081131967	23.881861504971464	23.833911866800022	26.123433547096546	0.0
205.0	26.16566745309384	23.828449051874774	23.80167914948196	26.20420434554943	0.0
206.0	26.021022036954776	23.991186394805975	23.919112520555764	26.068679047683485	0.0
207.0	26.069561584919203	23.869984614434188	23.878515807712787	26.18193799293382	0.0
208.0	26.1810554556981	23.860276704841304	23.89293058256283	26.065737256897766	0.0
209.0	26.111194462340443	23.84394296422467	23.866889067358578	26.177973506076302	0.0
210.0	26.036625726263146	23.883503714054573	23.94234022210782	26.137530337574468	0.0
211.0	25.977495035669634	23.846436713981024	23.949988968154738	26.226079282194604	0.0
212.0	26.202250496433038	23.801426785320288	23.897330293447084	26.09899242479959	0.0
213.0	26.145473266161652	23.73435316613959	24.024711333382363	26.09546223431639	0.0
214.0	26.222254909171138	23.80731043612562	23.86026329337354	26.110171361329705	0.0
215.0	26.043250971543557	23.83186780535592	23.92129982378362	26.203581399316906	0.0
216.0	26.174751340744816	23.821277171594744	24.04250374349485	25.96146774416559	0.0
217.0	26.17269205084681	24.085160462810695	23.750967130791384	25.99118035555111	0.0
218.0	26.005671889433458	23.987561852424967	23.84076346926648	26.166002788875094	0.0
219.0	26.196163803247824	23.82148740880207	23.88444339844669	26.097905389503413	0.0
220.0	26.184998646724484	23.800291836806743	23.927970439755704	26.086739076713073	0.0
221.0	26.085562315395567	23.94709281116511	23.802056978782993	26.165287894656323	0.0
222.0	26.107920780428106	23.868543993221856	23.899728168135656	26.123807058214382	0.0
223.0	26.044528910253774	23.95547108974623	23.86809604782386	26.13190395217614	0.0
224.0	26.155683760558034	23.82681145136758	23.933605368527274	26.083899419547112	0.0
225.0	26.19614303996705	23.838131242553064	23.928744796340155	26.03698092113973	0.0
226.0	26.106565696684054	23.885932162999442	23.95418692980056	26.053315210515944	0.0
227.0	26.140489205585205	23.893638679839245	23.92276506481356	26.04310704976199	0.0
228.0	26.116531133418853	23.984971696891954	23.932307909571275	25.966189260117922	0.0
229.0	26.14286975197858	23.908029068227957	23.822707346494454	26.126393833299012	0.0
230.0	26.16951665862471	23.834896611785197	23.803415282861213	26.192171446728885	0.0
231.0	26.031016555697107	24.007379009835738	23.9058734917604	26.055730942706756	0.0
232.0	26.068970792890493	23.872332537961594	23.860858001135686	26.19783866801223	0.0
233.0	26.179905201557023	23.851135256959093	23.893797498521533	26.075162042962347	0.0
234.0	26.117530062169187	23.83142235913369	23.88761882905387	26.163428749643252	0.0
235.0	26.031911356688703	23.881734381941808	23.943521076618442	26.142833184751048	0.0
236.0	25.965711326678026	23.862609928827613	23.964999308577465	26.206679435916904	0.0
237.0	26.202714511426194	23.80184596192152	23.887465171223706	26.10797435542858	0.0
238.0	26.137858187371094	23.745479902668954	24.02382080259863	26.09284110736132	0.0
239.0	26.228186576671735	23.817566076540807	23.863171615112794	26.091075731674664	0.0
240.0	26.06895699456253	23.837770402278558	23.90720994280065	26.18606266035826	0.0
241.0	26.159482124466678	23.839340885684862	24.054141533029277	25.947035456819183	0.0
242.0	26.198799435028246	24.063971280602637	23.759416195856875	25.977813088512242	0.0
243.0	26.018162129077062	23.992725731840814	23.841472745035723	26.1476393940464	0.0
244.0	26.186293291428676	23.827684738051726	23.88536250180243	26.10065946871717	0.0
245.0	26.190237959306188	23.763559207312408	23.95337339540797	26.092829437973432	0.0
246.0	26.07339303740284	23.960304543728867	23.81138772230839	26.154914696559906	0.0
247.0	26.09226694135825	23.876683099109705	23.912000588624828	26.119049370907216	0.0
248.0	26.043217979432903	23.967083227868592	23.878492845075726	26.11120594762277	0.0
249.0	26.163825961037546	23.810715116125063	23.955521937350447	26.06993698548694	0.0
