# Position (bp)	A	C	G	T	N
0.0	24.410450002521085	17.826036439527964	16.97960991158668	40.76505032302758	0.01885332333668747
1.0	27.801795007826303	17.227076820547445	24.036619211932813	30.934508959693435	0.0
2.0	29.943177084931843	18.01146104166575	23.807091464724632	28.237831960259037	4.3844841873577785E-4
3.0	28.124931492434573	20.062084296092987	21.599722900599357	30.212384414035608	8.768968374715557E-4
4.0	27.09852374417412	20.96199967554817	21.67667059808749	30.262805982190226	0.0
5.0	26.881711001109277	20.86049886661084	22.765557246017792	29.49179443784336	4.3844841873577785E-4
6.0	25.969299841720122	21.7865019269808	23.38355029222587	28.86042871486384	2.1922420936788893E-4
7.0	25.098322057901502	22.969874209148664	23.964713671260142	27.967090061689692	0.0
8.0	25.06412308124011	23.20203264686926	24.1957759879339	27.538068283956736	0.0
9.0	24.39220087952753	23.97107117333181	23.859705274972924	27.777022672167735	0.0
10.0	24.530750579848036	24.083752416946908	23.87198183069753	27.51351517250753	0.0
11.0	25.668743450676747	23.25267343923324	23.734966699842598	27.343616410247417	0.0
12.0	25.7025039789194	23.09373588744152	23.18734462484161	28.016415508797465	0.0
13.0	25.99911433419415	23.23118946671519	23.234697054065073	27.534999145025584	0.0
14.0	26.416955677249348	22.709216624210246	23.74921627345151	27.124611425088897	0.0
15.0	26.202554400487553	23.148103491364758	23.746366358729727	26.902975749417962	0.0
16.0	25.893667489488198	23.439890914033416	24.29223464005577	26.374206956422615	0.0
17.0	25.98639933005082	23.344747607167754	24.659654414956353	26.009198647825077	0.0
18.0	25.314257904128866	23.90311166842777	24.13329708826405	26.64933333917931	0.0
19.0	25.16978915015543	24.251239712903974	24.091206040065416	26.487765096875176	0.0
20.0	25.97741113746673	23.50719274630936	23.939502887182837	26.57589322904107	0.0
21.0	25.80115487313495	23.45457893606107	23.194359799541385	27.549906391262603	0.0
22.0	26.046685987626983	23.497766105306543	23.21452842680323	27.241019480263244	0.0
23.0	26.63815290450155	22.962859034448893	23.44580996768635	26.953178093363206	0.0
24.0	26.492149581062534	23.320413719927917	23.504781280006316	26.682655419003233	0.0
25.0	26.45597758651683	23.65999202023878	24.127597258820487	25.75621391021453	2.1922420936788893E-4
26.0	26.994173020515	23.326113549371485	24.300345935802383	25.379367494311133	0.0
27.0	26.543228821845254	23.843482683479703	23.765438864944734	25.847849629730312	0.0
28.0	26.359518934394966	24.05043033712299	23.86957036439448	25.720480364087567	0.0
29.0	27.065640112768936	23.51048110944988	23.55103758818294	25.87284118959825	0.0
30.0	26.97049680590327	23.577344493307084	22.74275792824353	26.709400772546115	0.0
31.0	27.018068459336103	23.47606290857912	22.795371738491827	26.710496893592957	0.0
32.0	27.600547183626585	22.85587762027736	22.636434186700104	26.90714100939595	0.0
33.0	27.603397098348363	23.119165895728198	22.185709212239725	27.091289345264975	4.3844841873577785E-4
34.0	27.998877572048038	23.20510178580041	22.31307847788247	26.482942164269087	0.0
35.0	28.705621537467053	22.770663668270565	22.547377237985554	25.976337556276828	0.0
36.0	28.45070021430046	23.150145596161103	22.23598681446991	26.163167375068525	0.0
37.0	28.37536438628047	23.266637722508218	22.507473795199402	25.850524096011906	0.0
38.0	28.840059433511357	22.91593067475738	22.494077429812346	25.749932461918913	0.0
39.0	28.422844432600876	23.274336042549837	21.912839184570245	26.389708421593603	2.7191868543630717E-4
40.0	28.378574539120336	23.579505833397373	21.863214729933198	26.178704897549093	0.0
41.0	28.945322622441044	22.897064036004803	21.862611062957768	26.295002278596385	0.0
42.0	28.820043507613835	22.94151476508389	21.36623909184107	26.872202635461207	0.0
43.0	28.752594110384322	23.09349305172459	21.558699135734365	26.595213702156723	0.0
44.0	29.157071587633137	22.81551554489116	21.77769338327953	26.249374233976074	3.452502200970153E-4
45.0	28.89640376713574	22.95371077415367	21.681029780735244	26.468855677975345	0.0
46.0	28.692388000122826	23.33727392759542	22.155095648969816	25.814858599195507	3.8382411643688396E-4
47.0	29.347407194057823	22.924112304216074	22.22271803463565	25.505762467090452	0.0
48.0	28.865820244664842	23.274032338980437	21.659227243297018	26.200920173057714	0.0
49.0	28.497955417239634	23.55341246290801	21.907342404284577	26.04128971556778	0.0
50.0	29.28389478805919	22.84553078222044	21.97687398036578	25.89370044935459	0.0
51.0	28.763170594385905	23.032453953189094	21.35596798841792	26.74535510335398	0.10305236065310061
52.0	28.546604647220253	23.44165545301391	21.53286218332468	26.478877716441158	0.0
53.0	29.11441831407024	22.805569190950063	21.784216163148734	26.29579633183096	0.0
54.0	28.905052024276035	23.03697219300977	21.37724797161137	26.680727811102823	0.0
55.0	28.590105831908197	23.608942424467745	21.782908270751232	26.018043472872826	0.0
56.0	29.37571936800251	22.569190122423354	22.32133514701266	25.73375536256147	0.0
57.0	28.973014010628752	23.21554282559183	21.675063841534957	26.136379322244462	0.0
58.0	28.79542169730061	23.279851672336015	22.011182971517	25.913543658846372	0.0
59.0	29.31831489414158	22.902092514407222	22.039970415112947	25.739622176338255	0.0
60.0	28.923584583624574	23.442351143549146	21.348689022903493	26.285375249922787	0.0
61.0	28.912598580272814	23.597612666227104	21.603315551064796	25.886473202435283	0.0
62.0	29.439530149350535	22.671014466643847	21.690057109914065	26.199398274091557	0.0
63.0	29.15347726368065	23.004530204522624	21.356407680497373	26.485584851299354	0.0
64.0	28.755789873848276	23.330565531868068	21.758921157674646	26.15472343660901	0.0
65.0	29.469678602675327	22.570546133007262	21.92332423287339	26.03645103144402	0.0
66.0	29.115673554916516	23.294099288882943	21.264406250696627	26.32582090550391	0.0
67.0	29.059324036870716	23.048924604112504	21.91562278421177	25.976128574805013	0.0
68.0	29.36297776667499	22.959030726954786	22.068448663502373	25.60954284286785	0.0
69.0	28.830969922628007	23.610340912091683	21.3499168185059	26.208772346774406	0.0
70.0	28.747610876267803	23.464334044838793	21.818105721340977	25.96994935755242	0.0
71.0	29.765846910091685	22.686800005886944	21.71251122198184	25.834841862039532	0.0
72.0	29.01068896507858	23.076684404039778	21.42602274313905	26.486603887742593	0.0
73.0	28.845555610131473	23.198585392209832	21.598965240597934	26.35689375706076	0.0
74.0	29.193779450092343	22.912819096604935	21.733952396568686	26.15944905673404	0.0
75.0	29.10935820596433	22.946459475707286	21.439892153826534	26.50064671269561	0.003643451806241233
76.0	28.77894130079739	23.026227303295226	21.98289941396868	26.185032183687195	0.026899798251513115
77.0	29.16050632911392	23.029873417721518	21.800506329113926	25.980759493670885	0.028354430379746835
78.0	28.52988967758488	23.2019156760455	21.87206020696143	26.372616095099634	0.023518344308560677
79.0	28.785624098124096	23.62012987012987	22.102723665223664	25.450937950937952	0.040584415584415584
80.0	29.366625487028415	23.111280053216763	21.574170863822104	25.92416611232538	0.02375748360733631
81.0	28.913818200070267	23.372484063645032	21.136375043919088	26.54971640817146	0.02760628419414747
82.0	29.096494015464465	23.292024149984112	21.610528545704906	25.974473043109843	0.02648024573668044
83.0	29.802563601329275	22.488759808986565	21.631433438521043	26.049317210757074	0.02792594040604317
84.0	28.719305984414056	23.34362593736215	21.308631083664167	26.599029554477283	0.029407440082340832
85.0	28.854195706718706	23.414800359322243	21.515968156614935	26.1778645107332	0.03717126661090977
86.0	29.468046892858307	22.914149495477258	21.382620905855077	26.21885510890507	0.016327596904287627
87.0	28.928264235334595	23.512816101840702	21.38310682952004	26.16205057629451	0.013762257010149664
88.0	28.567800914169627	23.58339984038308	21.671624464920555	26.15540883697308	0.021765943553653053
89.0	29.535461670808637	23.070158669470466	21.586694704645385	25.784744790671	0.022940164404511566
90.0	29.39112903225806	23.282258064516128	20.657258064516128	26.65725806451613	0.012096774193548387
91.0	28.562909958258796	22.944884572791548	21.952466138512648	26.492886958003236	0.04685237243376778
92.0	29.625134843581446	22.91891405969076	21.269327580007193	26.123696512046024	0.06292700467457749
93.0	29.128102899995255	23.22843988798709	21.030898476434572	26.58882718686221	0.023731548720869525
94.0	29.29754139488209	23.59759157049674	20.988459608630205	26.096337180130458	0.02007024586051179
95.0	29.915528874249585	22.164373373001116	21.983743292780108	25.915103862296128	0.021250597673059556
96.0	29.306663670075288	23.67119901112485	20.771996853579054	26.210810203393642	0.03933026182717159
97.0	29.95657605139492	23.10986853845696	20.87918624710011	26.024626732496582	0.029742430551424663
98.0	29.81350806451613	22.65625	21.805695564516128	25.69304435483871	0.03150201612903226
99.0	29.034197168047022	22.98958055036067	21.440021373230028	26.529521773978093	0.00667913438418381
100.0	29.830532510813303	23.54109054811033	21.19407218322343	25.39176061830816	0.042544139544777704
101.0	30.494422671088333	22.64094060898402	20.764244799517638	26.07024419656316	0.030147723846849564
102.0	29.292848581701957	23.212145425489414	20.80703156212545	26.632041550139835	0.055932880543347975
103.0	29.18688803746275	22.57130693912303	22.103022562792678	26.12175393784589	0.017028522775649212
104.0	29.525706010137583	22.501810282404055	21.976828385228096	25.986603910209993	0.009051412020275162
105.0	29.74171164225135	23.573631457208943	20.21010023130301	26.426368542791057	0.0481881264456438
106.0	30.452548779242004	22.954336500153232	21.278986617632036	25.283481458780265	0.030646644192460923
107.0	29.314087258519645	23.279791621445625	21.69524636422835	25.67831560668548	0.03255914912090298
108.0	29.15606936416185	23.45664739884393	20.416184971098268	26.901734104046245	0.06936416184971098
109.0	29.926108374384235	23.07881773399015	20.788177339901477	26.194581280788178	0.01231527093596059
110.0	29.66802256921664	22.975987403227922	21.37514761842278	25.92835585881118	0.05248655032148012
111.0	28.900041823504807	23.2817510107347	20.82810539523212	26.93433709744877	0.055764673079604074
112.0	28.996725215838048	22.87883298600774	21.107472462042274	26.987198571003272	0.029770765108663295
113.0	28.92614265380357	22.884706626601297	21.587853866835363	26.569666297643522	0.03163055511624229
114.0	30.973751058425066	23.082133784928025	20.50804403048264	25.40220152413209	0.03386960203217612
115.0	29.733141002524345	22.196177425171296	20.555355210962855	27.497295347998556	0.018031013342949875
116.0	29.099307159353348	23.806774441878368	20.323325635103924	26.732101616628174	0.03849114703618168
117.0	30.125954986578567	22.733842659508568	20.66900681395829	26.42989882304357	0.041296716911005574
118.0	29.754804506295564	23.878948531036006	21.515352330461674	24.828804948089243	0.02208968411751712
119.0	28.771347248576852	23.458254269449714	21.9876660341556	25.735294117647058	0.04743833017077799
120.0	29.931454683929932	22.94998730642295	20.436659050520436	26.63112465092663	0.05077430820005078
121.0	31.804531804531806	22.549822549822547	19.92901992901993	25.60742560742561	0.10920010920010921
122.0	30.85798816568047	22.30769230769231	20.532544378698226	26.272189349112423	0.02958579881656805
123.0	30.52157115260786	22.537025112685125	21.023824855119123	25.885383129426913	0.03219575016097875
124.0	28.88418079096045	22.42231638418079	21.00988700564972	27.57768361581921	0.1059322033898305
125.0	30.14335528864781	23.014335528864784	21.34831460674157	25.455249903138316	0.03874467260751647
126.0	29.484448231785258	22.88027268853856	21.303792074989346	26.288879420536855	0.04260758414997869
127.0	30.50928129462161	22.608281770585435	22.275107091861017	24.55973346025702	0.047596382674916705
128.0	31.26984126984127	22.59259259259259	18.677248677248677	27.460317460317462	0.0
129.0	31.95997645673926	21.659799882283696	20.070629782224838	26.191877575044142	0.11771630370806356
130.0	28.533685601056803	23.91017173051519	20.607661822985467	26.81638044914135	0.13210039630118892
131.0	30.059523809523807	23.4375	20.610119047619047	25.744047619047617	0.1488095238095238
132.0	31.959629941126998	22.70815811606392	19.51219512195122	25.820016820857866	0.0
133.0	32.544378698224854	23.274161735700197	17.75147928994083	26.429980276134124	0.0
134.0	32.05574912891986	20.092915214866434	20.557491289198605	27.177700348432055	0.11614401858304298
135.0	32.18707015130674	23.383768913342504	18.707015130674005	25.584594222833562	0.1375515818431912
136.0	32.16783216783217	21.503496503496503	19.58041958041958	26.74825174825175	0.0
137.0	34.39635535307517	19.362186788154897	17.539863325740317	28.701594533029613	0.0
138.0	33.876221498371336	16.612377850162865	18.892508143322477	30.618892508143325	0.0
139.0	37.368421052631575	22.105263157894736	17.894736842105264	22.63157894736842	0.0
140.0	46.22641509433962	13.20754716981132	19.81132075471698	19.81132075471698	0.9433962264150944
