# Position (bp)	A	C	G	T	N
0.0	26.140984150692887	23.92628946027004	23.921251348435817	26.011475040601255	0.0
1.0	26.16469291226573	24.044240549094916	23.884502767997915	25.906563770641437	0.0
2.0	25.98989435002297	23.8573354868345	24.007882999688828	26.1448871634537	0.0
3.0	26.137077559535804	24.034802811725797	23.85017958535342	25.97794004338498	0.0
4.0	26.00056895969276	24.00209803886706	23.84355979114438	26.1537732102958	0.0
5.0	26.02547729178581	23.93911288769309	23.92518601267642	26.110223807844683	0.0
6.0	26.05300976339689	23.865060669363082	23.94506422507667	26.136865342163357	0.0
7.0	25.95734467964065	24.030210728423448	23.79554128048925	26.216903311446654	0.0
8.0	26.00613324247048	23.991348276321833	23.8861646494126	26.116353831795085	0.0
9.0	26.126350346364212	23.918982181057522	23.986240244617875	25.968427227960394	0.0
10.0	26.09981274739861	23.931000971817298	23.9413709734765	26.027815307307595	0.0
11.0	25.95078100926782	23.95411126122923	24.016627556946123	26.07848017255683	0.0
12.0	25.968854440730997	23.97455497878594	23.92151982744317	26.13507075303989	0.0
13.0	26.1347744672782	23.903446395979994	23.880336106568063	26.08144303017374	0.0
14.0	26.176254473915	23.81248666714072	23.879150963521298	26.13210789542298	0.0
15.0	25.93033729171111	23.91500154068596	23.98936926687051	26.165291900732417	0.0
16.0	26.1658844722558	23.90255753869492	23.987295266538673	25.944262722510608	0.0
17.0	26.0553698831449	23.997961553959563	23.855744388347674	26.09092417454787	0.0
18.0	25.924115290715587	24.04033041788144	24.040034132119747	25.995520159283224	0.0
19.0	26.11610846429164	23.90403896750338	23.875595534381	26.10425703382398	0.0
20.0	26.10054694027507	23.874861487227196	23.878713179305155	26.14587839319258	0.0
21.0	26.059363463441514	24.01944808215363	23.857677014879382	26.06351143952547	0.0
22.0	26.10617633638901	23.90952671592882	23.92345206421067	26.0608448834715	0.0
23.0	26.091954704101163	23.903304751802885	23.90774901189284	26.096991532203106	0.0
24.0	26.129582772862754	23.917526384090735	23.921970644180686	26.030920198865825	0.0
25.0	26.163062865540393	23.892934811593	23.936784844480524	26.00721747838608	0.0
26.0	26.179358485870214	24.028040318327538	23.882268587377116	25.91033260842513	0.0
27.0	25.995958686158204	23.839011122501585	24.00670786989577	26.158322321444444	0.0
28.0	26.162766581534395	24.009966993961733	23.84997363072347	25.977292793780403	0.0
29.0	26.026475938775874	23.98063487736805	23.850862482741455	26.142026701114617	0.0
30.0	26.043067843111693	23.928785176318613	23.89471251562898	26.133434464940713	0.0
31.0	26.069437119645407	23.847603358675492	23.94211795658847	26.140841565090632	0.0
32.0	25.96573771754653	24.021522070195605	23.799309065698015	26.213431146559845	0.0
33.0	26.01403201052401	23.986560557487984	23.882268587377116	26.11713884461089	0.0
34.0	26.154470629366482	23.89856420770694	23.99781934971586	25.949145813210713	0.0
35.0	26.10321349632904	23.91574868005475	23.954265600834333	26.02677222278187	0.0
36.0	25.96129345745658	23.944488228636445	24.00641158588977	26.08780672801721	0.0
37.0	25.965145149534536	23.969968653152165	23.916044964060752	26.148841233252547	0.0
38.0	26.140545281084638	23.9021196157789	23.8745652032212	26.082769899915263	0.0
39.0	26.16395171755838	23.81293812997387	23.8837500074071	26.139360145060646	0.0
40.0	25.931368772850906	23.91515611204276	23.983894001434013	26.169581113672326	0.0
41.0	26.160100025480425	23.90508245583887	23.99781934971586	25.93699816896484	0.0
42.0	26.02943877883584	24.00255989381181	23.87338006719721	26.094621260155133	0.0
43.0	25.914480584509086	24.034558566459467	24.048483914741315	26.00247693429013	0.0
44.0	26.102620928317048	23.903601035808887	23.87545405523919	26.118323980634877	0.0
45.0	26.12172459972268	23.866720392514726	23.857831925005037	26.15372308275756	0.0
46.0	26.07372687517036	24.01219497742329	23.86435013451214	26.049728012894203	0.0
47.0	26.096836890695553	23.891904383792177	23.925384278078667	26.085874447433604	0.0
48.0	26.087948423185864	23.90227426255348	23.9102738833122	26.099503430948456	0.0
49.0	26.11283613221299	23.929532229583188	23.923014020076085	26.034617618127733	0.0
50.0	26.16557437277048	23.8883489967883	23.94167980184643	26.004396828594796	0.0
51.0	26.183647590040177	23.993232913402622	23.894570924045084	25.928548572512117	0.0
52.0	25.98721245807606	23.829685111224357	24.022268573934273	26.160833856765308	0.0
53.0	26.16883347752403	24.012787541923938	23.85486910250181	25.96350987805023	0.0
54.0	26.024840303867077	23.97397456713163	23.826129724220483	26.17505540478081	0.0
55.0	26.028691973121276	23.928939665082545	23.908792472060583	26.1335758897356	0.0
56.0	26.06454212541035	23.84420294149018	23.949383140354826	26.14187179274464	0.0
57.0	25.966472700553457	24.024046267436212	23.7837613624243	26.225719669586034	0.0
58.0	26.025136586117398	24.00093625191102	23.890126690290238	26.08380047168134	0.0
59.0	26.145427179748516	23.89931144005025	24.00804702591877	25.947214354282465	0.0
60.0	26.120243188471065	23.918569786321243	23.957086478863225	26.00410054634447	0.0
61.0	25.94751063653279	23.933976463338034	24.021972291683948	26.096540608445228	0.0
62.0	25.97713886156508	23.97071546237808	23.9283471005819	26.12379857547494	0.0
63.0	26.122020881973	23.91560696381801	23.87620142452506	26.08617072968393	0.0
64.0	26.158167316512404	23.830277675725004	23.890719254790884	26.12083575297171	0.0
65.0	25.943955249528912	23.915903246068336	23.98760355064649	26.152537953756266	0.0
66.0	26.15283423600659	23.912644141314782	23.985825857144548	25.94869576553408	0.0
67.0	26.025729150618044	24.00301022766328	23.867016674765047	26.104243946953627	0.0
68.0	25.945732943030848	24.031749605944608	24.040638073454296	25.981879377570248	0.0
69.0	26.127057680228493	23.89427464179476	23.877979118027	26.100688559949752	0.0
70.0	26.110014873280836	23.874282260501662	23.865986406650904	26.1497164595666	0.0
71.0	26.092238043600634	24.001979153704394	23.860357077252175	26.04542572544279	0.0
72.0	26.097867372999367	23.902428907495306	23.933242078940975	26.066461640564352	0.0
73.0	26.07623889688846	23.900354944032614	23.925538786079557	26.097867372999367	0.0
74.0	26.107644629323474	23.924649944595547	23.924057383606208	26.04364804247477	0.0
75.0	26.163049081826745	23.88642976078313	23.947463542685128	26.003057614704993	0.0
76.0	26.175196582108214	24.0117564100285	23.894133053644545	25.918913954218738	0.0
77.0	25.987651028982157	23.84287652806665	24.034866288612754	26.134606154338435	0.0
78.0	26.173715179634865	24.01234897101784	23.84998725993873	25.963948589408563	0.0
79.0	26.022612127353206	23.98212836056151	23.822433173934428	26.172826338150855	0.0
80.0	26.0157976759758	23.923761103111538	23.937390005866355	26.12305121504631	0.0
81.0	26.082460787276528	23.85561658933746	23.939167688834374	26.12275493455164	0.0
82.0	25.94913456467507	24.040199337516814	23.784212990122008	26.22645310768611	0.0
83.0	26.01253859053443	24.004941958651095	23.892651651171196	26.08986779964328	0.0
84.0	26.14734621560924	23.901540066011297	24.00997872706048	25.941134991318982	0.0
85.0	26.124236337024985	23.9142801272821	23.956944518514568	26.00453901717834	0.0
86.0	25.951504808632432	23.929390432510267	24.041977020484833	26.077127738372475	0.0
87.0	25.995650602338245	23.972054823742734	23.923464822616868	26.108829751302153	0.0
88.0	26.108533470807483	23.91990945668083	23.87576366297501	26.09579340953668	0.0
89.0	26.164530484300098	23.824210856902447	23.885244638804448	26.12601401999301	0.0
90.0	25.947949442696387	23.90509543194733	24.009386166071142	26.137568959285133	0.0
91.0	26.152679264513303	23.90983591986205	23.998127507273686	25.939357308350964	0.0
92.0	26.042166640001422	23.995460982821655	23.88050415088973	26.08186822628719	0.0
93.0	25.938468466866954	24.029236959214025	24.034570008118088	25.997724565800933	0.0
94.0	26.12779170296103	23.901836346505963	23.860949638241514	26.109422312291493	0.0
95.0	26.11815596112823	23.863178478312395	23.891917515999054	26.126748044560323	0.0
96.0	26.078158331358143	24.01131784783124	23.87591846409102	26.034605356719602	0.0
97.0	26.087342972268313	23.90613889547286	23.93191514576914	26.074602986489694	0.0
98.0	26.066010903057595	23.895769139606543	23.949988148850437	26.088231808485425	0.0
99.0	26.108378762739985	23.927470964683575	23.918582602512444	26.045567670063996	0.0
100.0	26.162005214505808	23.902287271865372	23.923026783598008	26.012680730030812	0.0
101.0	26.169708461720788	24.00598483052856	23.89102867978194	25.933278027968715	0.0
102.0	25.98127518369282	23.8270324721498	24.03413131073714	26.15756103342024	0.0
103.0	26.179189381369994	23.99709646835743	23.86288219957336	25.96083195069922	0.0
104.0	26.04882673619341	23.961839298411945	23.82821758710595	26.161116378288696	0.0
105.0	26.020976534723868	23.93310026072529	23.92154538990282	26.12437781464802	0.0
106.0	26.060974164493956	23.865844986963737	23.9292486371178	26.14393221142451	0.0
107.0	25.983349134866078	24.014576913960653	23.79118274472624	26.210891206447023	0.0
108.0	26.032827684285376	24.000059255747807	23.89339890969424	26.073714150272576	0.0
109.0	26.14748755629296	23.888362171130602	24.01131784783124	25.952832424745196	0.0
110.0	26.139784309077978	23.904657501777674	23.957098838587342	25.998459350557003	0.0
111.0	25.962905901872478	23.91799004503437	24.043908509125387	26.075195543967766	0.0
112.0	25.976534723868216	23.973690447973453	23.92539701351031	26.12437781464802	0.0
113.0	26.098305285612707	23.9268784072055	23.877399857786205	26.097416449395595	0.0
114.0	26.176819151457693	23.809552026546573	23.903472386821523	26.110156435174215	0.0
115.0	25.945425456269255	23.89754681204077	24.014280635221617	26.142747096468355	0.0
116.0	26.143043375207398	23.9064351742119	24.020502488741407	25.930018961839295	0.0
117.0	26.035790471675753	23.992652287271866	23.88925100734771	26.08230623370467	0.0
118.0	25.91935292723394	24.034427589476177	24.051611756340368	25.994607726949514	0.0
119.0	26.12882199573359	23.909694240341313	23.86021569092202	26.10126807300308	0.0
120.0	26.125421459003668	23.84939469894939	23.878430187427043	26.146753654619904	0.0
121.0	26.07860914084582	24.02005226387926	23.85472774785345	26.04661084742147	0.0
122.0	26.08394218974988	23.907465675904692	23.936797444877016	26.071794689468415	0.0
123.0	26.094312007063326	23.874578540996332	23.943908176749094	26.087201275191248	0.0
124.0	26.09075664112729	23.936204883887672	23.932056956962295	26.040981518022743	0.0
125.0	26.142309447199853	23.895021895128558	23.94805610367447	26.014612553997118	0.0
126.0	26.19119572882039	23.992201897380287	23.899466102548605	25.91713627125072	0.0
127.0	25.98913243145551	23.80939683216895	24.044050983947525	26.15741975242802	0.0
128.0	26.172233777161512	24.002275434199067	23.868356650608263	25.957134138031158	0.0
129.0	26.058165786713598	23.964351530881316	23.80939683216895	26.16808585023613	0.0
130.0	26.02290840784788	23.92227970063819	23.930279273994277	26.12453261751966	0.0
131.0	26.074242186319502	23.855687269085703	23.95879318671356	26.111277357881235	0.0
132.0	25.980617272611457	24.004124236705113	23.796134713214446	26.21912377746899	0.0
133.0	25.99632018535363	24.034344936699483	23.88709309457005	26.082241783376837	0.0
134.0	26.148608810815453	23.89538897299988	24.01538292885988	25.940619287324786	0.0
135.0	26.14297946473807	23.908425353389607	23.96679278377089	25.98180239810143	0.0
136.0	25.945359789284687	23.915536106329462	24.06397307394887	26.07513103043699	0.0
137.0	25.97113626869165	23.955830372988622	23.942201429853903	26.130831928465824	0.0
138.0	26.116314141213625	23.89716666123484	23.881167467120175	26.10535173043136	0.0
139.0	26.178829510809827	23.822207473993902	23.90457369554719	26.094389319649085	0.0
140.0	25.948915165754617	23.890944752412473	24.007975894547535	26.152164187285383	0.0
141.0	26.13497986768074	23.906055102409656	24.015086647487387	25.94387838242222	0.0
142.0	26.036614452012785	23.998791172000224	23.89242615927494	26.07216821671205	0.0
143.0	25.950396572617084	24.009457301410002	24.050344130814153	25.98980199515876	0.0
144.0	26.129427938231075	23.89545977079605	23.877682835776675	26.0974294551962	0.0
145.0	26.111805732502948	23.86330641099332	23.888194267497052	26.136693589006676	0.0
146.0	26.07980705985529	23.996041645679885	23.86626925105329	26.057882043411535	0.0
147.0	26.08573273997523	23.887897983491055	23.94922877273239	26.07714050380132	0.0
148.0	26.09677256876031	23.889450184141054	23.93596691090417	26.077810336194457	0.0
149.0	26.092109317594637	23.92151982744317	23.943148688046648	26.043222166915548	0.0
150.0	26.152847898741378	23.888335822133733	23.93722297281282	26.021593306312074	0.0
151.0	26.1866244755742	23.990554409917277	23.911149825783973	25.91167128872455	0.0
152.0	25.978631870866813	23.809523809523807	24.04299698973666	26.168847329872712	0.0
153.0	26.178921045770227	24.007146412572	23.85100381616061	25.96292872549717	0.0
154.0	26.043222166915548	23.965370120173503	23.83678209959942	26.154625613311527	0.0
155.0	26.024556163928985	23.91914954134964	23.930112114532225	26.12618218018915	0.0
156.0	26.066705974027514	23.861444515882447	23.938182755525006	26.133666754565038	0.0
157.0	25.972486822651707	23.995958650236584	23.80663148756633	26.224923039545377	0.0
158.0	26.013670665548677	24.016402428365296	23.884851160406622	26.085075745679397	0.0
159.0	26.15766597236831	23.87981428753433	24.019069008121217	25.943450731976142	0.0
160.0	26.145814506786447	23.894924906151207	23.979662885061522	25.979597702000824	0.0
161.0	25.940784152220225	23.904998651895788	24.04454965912222	26.109667536761766	0.0
162.0	25.966857376500325	23.938479042164552	23.935219889129538	26.159443692205585	0.0
163.0	26.120926429064532	23.89462861951166	23.88870288672073	26.095742064703074	0.0
164.0	26.179591183694757	23.811964647078167	23.920998130431304	26.087446038795775	0.0
165.0	25.945228451813424	23.887221453522997	24.014920995167564	26.152629099496018	0.0
166.0	26.163295418519695	23.898480345825764	24.03951278624993	25.89871144940461	0.0
167.0	26.060483954597036	24.005736109341623	23.898776632465314	26.03500330359603	0.0
168.0	25.93159926639428	24.01818014820258	24.03862392633129	26.011596659071852	0.0
169.0	26.134040472874876	23.89351426624396	23.88906995348286	26.0833753073983	0.0
170.0	26.11197364210626	23.867878687320005	23.891285539898313	26.128862130675422	0.0
171.0	26.09182597153253	23.978987164748688	23.877656233333727	26.051530630385056	0.0
172.0	26.07256716877822	23.896915036088036	23.953209997985233	26.077307797148514	0.0
173.0	26.08894037753291	23.893134068330436	23.931948078113933	26.08597747602272	0.0
174.0	26.08664734849158	23.939129971022737	23.92875978501123	26.045462895474454	0.0
175.0	26.139090860606924	23.90209359241021	23.946240955716345	26.012574591266524	0.0
176.0	26.183238223913058	23.978832968895368	23.910389741219415	25.927539065972162	0.0
177.0	25.981167742203105	23.801947224641932	24.042239249080016	26.17464578407495	0.0
178.0	26.190349208606662	23.990388319022475	23.83750214810996	25.9817603242609	0.0
179.0	26.072129088075467	23.934389314560335	23.84076134942786	26.152720247936333	0.0
180.0	26.025907687567035	23.90209359241021	23.943870627485143	26.12812809253761	0.0
181.0	26.046132649886665	23.86897971881898	23.947200782210633	26.137686849083718	0.0
182.0	25.979763262766475	24.004977704034015	23.814758299877038	26.200500733322468	0.0
183.0	26.01442941586051	24.020681175093703	23.88794240085332	26.07694700819247	0.0
184.0	26.172056710270958	23.8597946697086	24.023347802254783	25.94480081776566	0.0
185.0	26.135020221922638	23.90097924475193	23.978607724330008	25.98539280899542	0.0
186.0	25.936800936282427	23.911942045303032	24.04142160856876	26.10983540984578	0.0
187.0	25.988948311876864	23.93860831691382	23.935052814032385	26.137390557176932	0.0
188.0	26.14598302247374	23.87579443267507	23.884979481785454	26.093243063065728	0.0
189.0	26.16346424497415	23.808832461741307	23.925867764922	26.101835528362543	0.0
190.0	25.94924519636746	23.89742374187049	23.998162990177924	26.15516807158412	0.0
191.0	26.16079761781307	23.895349698522985	24.0340143108991	25.90983837276485	0.0
192.0	26.07516925675175	23.997274114457564	23.879646227463297	26.04791040132739	0.0
193.0	25.92761588717204	24.018903423652983	24.053865868653798	25.999614820521177	0.0
194.0	26.132431023039725	23.88534654404096	23.890383521380485	26.09183891153883	0.0
195.0	26.11006749589632	23.872154831675072	23.892006565887016	26.12577110654159	0.0
196.0	26.09910459789868	23.97763568808481	23.862377111839336	26.06088260217717	0.0
197.0	26.104141605086784	23.885784380537004	23.935858157877583	26.07421585649863	0.0
198.0	26.10718190464621	23.900077333104196	23.905114355216725	26.087626407032865	0.0
199.0	26.094222222222225	23.918222222222223	23.929185185185183	26.05837037037037	0.0
200.0	26.123851851851853	23.906962962962965	23.957333333333334	26.01185185185185	0.0
201.0	26.195851851851852	23.97362962962963	23.904296296296295	25.926222222222222	0.0
202.0	25.994085855832367	23.79050418375329	24.043544219783346	26.171865740631002	0.0
203.0	26.204176691595656	23.994939139298115	23.843824446209094	25.957059722897135	0.0
204.0	26.068469771135316	23.939234115179026	23.838787289772796	26.153508823912862	0.0
205.0	26.03840113781149	23.894337610003262	23.94767252363033	26.11958872855492	0.0
206.0	26.07492392344639	23.867444568563716	23.947150870102433	26.110480637887456	0.0
207.0	25.982037826642213	24.005072787988873	23.808028161084724	26.204861224284194	0.0
208.0	26.012723679258983	24.017648400947017	23.88934488163778	26.08028303815622	0.0
209.0	26.189932943578377	23.86118165089769	23.997487236167206	25.951398169356725	0.0
210.0	26.157930762689013	23.889331717420742	23.96341083984983	25.98932668004042	0.0
211.0	25.954657650743606	23.90799965627287	24.028896784077137	26.108445908906386	0.0
212.0	25.990808262489	23.92251916426897	23.932001291939894	26.154671281302132	0.0
213.0	26.13986896729516	23.87687311281199	23.884873752863193	26.09838416702966	0.0
214.0	26.16090768742981	23.793607192279087	23.939100313210243	26.10638480708086	0.0
215.0	25.953067447394236	23.88291457137523	24.003816714721317	26.16020126650922	0.0
216.0	26.176061826403647	23.895205668210547	24.033888360432762	25.894844144953044	0.0
217.0	26.080797963604468	24.001434248308684	23.88023433957903	26.037533448507823	0.0
218.0	25.922556517976997	23.991358950272478	24.073442996038036	26.01264153571249	0.0
219.0	26.132012849234854	23.899991702523618	23.881915057548923	26.0860803906926	0.0
220.0	26.091865461549858	23.88116758038228	23.877018817602607	26.149948140465256	0.0
221.0	26.114090976440956	23.974514742924878	23.873462735220034	26.037931545414132	0.0
222.0	26.099273966513557	23.90546747666321	23.917617424803677	26.077641132019558	0.0
223.0	26.094906193232166	23.896648086081157	23.922133418679564	26.08631230200712	0.0
224.0	26.105819666787184	23.923222361176144	23.92944565288257	26.04151231915411	0.0
225.0	26.126422475106686	23.91151019440493	23.94914651493599	26.01292081555239	0.0
226.0	26.17992045946218	23.97596002821259	23.90809570943403	25.9360238028912	0.0
227.0	25.959743238677785	23.79961711030898	24.065150518323584	26.17548913268965	0.0
228.0	26.2135778467958	23.985573389601463	23.8415443704213	25.959304393181444	0.0
229.0	26.059769079399704	23.952677872875128	23.84421157448019	26.14334147324498	0.0
230.0	26.03280068280424	23.892221247540245	23.95949406102563	26.115484008629885	0.0
231.0	26.0654897207396	23.847528502461273	23.950661920948825	26.136319855850303	0.0
232.0	25.95865747943987	24.008001778172925	23.804400977995112	26.228939764392088	0.0
233.0	26.014824122836917	24.00903317201258	23.890191243631882	26.08595146151863	0.0
234.0	26.17813460415685	23.856984935643812	23.997759462270945	25.96712099792839	0.0
235.0	26.135908979097085	23.89772892296476	23.966486572994246	25.99987552494391	0.0
236.0	25.9382307352623	23.913732858747487	24.057175542429693	26.090860863560522	0.0
237.0	25.963872382674154	23.926914926722286	23.9467717795593	26.162440911044264	0.0
238.0	26.14303538986346	23.883786338997016	23.885860947859154	26.087317323280374	0.0
239.0	26.16259598770646	23.804062084152065	23.935947933245014	26.09739399489646	0.0
240.0	25.97701285691422	23.873908584909575	24.0099464739809	26.139132084195303	0.0
241.0	26.165770091435853	23.908475229330605	24.04807421568192	25.877680463551624	0.0
242.0	26.08422450382946	23.99283902022621	23.890878049937164	26.03205842600716	0.0
243.0	25.90612143272115	24.017405119571276	24.096249836975208	25.980223610732367	0.0
244.0	26.117578010368774	23.917251355381065	23.900651827874757	26.064518806375403	0.0
245.0	26.10520699008404	23.854328782960557	23.913617027583854	26.126847199371543	0.0
246.0	26.09407146965178	23.964330394464568	23.906521442674272	26.035076693209376	0.0
247.0	26.093285385210592	23.908048703117913	23.94095621522106	26.057709696450438	0.0
248.0	26.090282183706986	23.915647291119427	23.92572739832433	26.068343126849253	0.0
249.0	26.11630768318534	23.914081145584724	23.96240679523859	26.007204375991343	0.0
