# Position (bp)	A	C	G	T	N
0.0	26.214384280916136	23.8288651860595	23.73310884111679	26.223641691907577	0.0
1.0	26.188926400689677	23.855480242659883	23.733687429303757	26.221905927346683	0.0
2.0	26.281337409932515	23.822650580105464	23.65141027383986	26.24460173612216	0.0
3.0	26.199208626434654	23.740049981488337	23.770999166975194	26.289742225101815	0.0
4.0	26.22241503976862	23.80535068691251	23.77700650759219	26.19522776572668	0.0
5.0	26.261434392686617	23.7514351735367	23.761846508009498	26.225283925767183	0.0
6.0	26.281376518218625	23.72787738577212	23.751012145748987	26.239733950260263	0.0
7.0	26.18182869701001	23.83349719507258	23.723902608293333	26.26077149962408	0.0
8.0	26.186097617395326	23.82228776312746	23.778336803145965	26.213277816331253	0.0
9.0	26.369584765781994	23.838451596487527	23.80173079314044	25.990232844590043	0.0
10.0	26.154046317980743	23.858964350767632	23.81328244716223	26.1737068840894	0.0
11.0	26.156070199786047	23.74822910342036	23.892502963541215	26.203197733252377	0.0
12.0	26.135253129788648	23.749963859253477	23.836990776881485	26.277792234076387	0.0
13.0	26.057189117298407	23.89626160117963	23.690982160927515	26.355567120594444	0.0
14.0	26.13149449215023	23.862433862433864	23.786971983693295	26.219099661722613	0.0
15.0	26.171318208233707	23.727921681783094	23.794131337984393	26.30662877199881	0.0
16.0	26.24215386661501	23.81552659806691	23.62152363164301	26.32079590367507	0.0
17.0	26.12303431047992	23.776783829809382	23.85079986468944	26.249381995021263	0.0
18.0	26.382379557696368	23.796444339074394	23.694961416250568	26.12621468697867	0.0
19.0	26.249381995021263	23.754521194318112	23.795866088801894	26.200230721858723	0.0
20.0	26.164090079827453	23.78487933362439	23.8701712488182	26.180859337729963	0.0
21.0	26.202832848084977	23.75047344241061	23.92481589956949	26.12187780993492	0.0
22.0	26.26817512887753	23.71144154901683	23.719826177968088	26.300557144137553	0.0
23.0	26.290148639232548	23.716934926605585	23.77851858062688	26.214397853534987	0.0
24.0	26.230588861165	23.81379184724941	23.759725446770616	26.195893844814975	0.0
25.0	26.203121973221226	23.84443911169193	23.7365954358706	26.21584347921624	0.0
26.0	26.173631209323705	23.862075745003196	23.760592822179365	26.20370022349373	0.0
27.0	26.287835638142543	23.838367483830677	23.659688149628042	26.214108728398738	0.0
28.0	26.164090079827453	23.763484073541868	23.771579577356878	26.300846269273805	0.0
29.0	26.206880599992484	23.81610484833941	23.79037271121314	26.186641840454968	0.0
30.0	26.254007997201267	23.745847440230605	23.768110075721875	26.23203448684625	0.0
31.0	26.28349876109879	23.721850053921838	23.758279821089364	26.236371363890004	0.0
32.0	26.191267842634968	23.829982854879418	23.72618693096559	26.252562371520018	0.0
33.0	26.193794236017947	23.796664662071517	23.780184576953324	26.229356524957208	0.0
34.0	26.366401443308508	23.833961696812693	23.80649488828237	25.99314197159643	0.0
35.0	26.15678632557709	23.859404635240782	23.808518758384604	26.17529028079752	0.0
36.0	26.15505157977518	23.74548966091502	23.880221584863765	26.219237174446036	0.0
37.0	26.142619234861453	23.739128926308	23.83974418281908	26.278507656011474	0.0
38.0	26.06542304667623	23.890051811074617	23.697205902761713	26.347319239487437	0.0
39.0	26.130765138548366	23.861717629643337	23.793484294768007	26.214032937040294	0.0
40.0	26.162204045993757	23.733566945092562	23.795439366472664	26.30878964244101	0.0
41.0	26.242869492559407	23.81799099669532	23.629771621375475	26.3093678893698	0.0
42.0	26.129533094517356	23.78040494632423	23.84719246659901	26.242869492559407	0.0
43.0	26.377022780037763	23.784452674825733	23.716508660693375	26.122015884443133	0.0
44.0	26.244893356810156	23.764214032318222	23.799197971509773	26.191694639361845	0.0
45.0	26.16538440410208	23.77462247703637	23.869744096821666	26.19024902203988	0.0
46.0	26.19574236786335	23.756696822244002	23.927857913164658	26.119702896727993	0.0
47.0	26.279588172537316	23.72460411769638	23.71275005565627	26.28305765411004	0.0
48.0	26.30185067929558	23.712460932191874	23.76970737814169	26.21598101037086	0.0
49.0	26.22465471430265	23.809606416227922	23.766816143497756	26.198922725971673	0.0
50.0	26.210198541082995	23.840542626917973	23.74397538981071	26.205283442188314	0.0
51.0	26.178973206928557	23.85470967667323	23.75872068649475	26.20759642990346	0.0
52.0	26.285081518360787	23.83562752802329	23.66273169631628	26.216559257299643	0.0
53.0	26.171166873389947	23.755251204922036	23.784741798290124	26.288840123397893	0.0
54.0	26.21887224501479	23.81105203354989	23.78618741561209	26.18388830582323	0.0
55.0	26.25934953002981	23.751203476420535	23.775489847429547	26.21395714612011	0.0
56.0	26.280744666394888	23.732988698163776	23.759009809959146	26.227256825482186	0.0
57.0	26.180707947714914	23.828399441413467	23.737036426665277	26.25385618420634	0.0
58.0	26.20318381838473	23.794503200587496	23.781203559677802	26.22110942134997	0.0
59.0	26.35815354724553	23.840184575886017	23.822258972920775	25.97940290394768	0.0
60.0	26.155478584686907	23.854929829938072	23.815030907208985	26.17456067816604	0.0
61.0	26.148828764232064	23.748821825288978	23.893094016896328	26.209255393582637	0.0
62.0	26.145070170061928	23.741015514320242	23.84278667954226	26.271127636075565	0.0
63.0	26.06324846620446	23.88442033804218	23.702851327361987	26.349479868391377	0.0
64.0	26.12887930286752	23.868229470847766	23.78756425750418	26.215326968780538	0.0
65.0	26.157426816046257	23.73950126490784	23.79819298879653	26.30487893024937	0.0
66.0	26.249367546078783	23.811492591254066	23.623852547885797	26.31528731478135	0.0
67.0	26.137188290567405	23.77217202746657	23.84965666787134	26.240983014094688	0.0
68.0	26.385543910372245	23.793567040115647	23.703361040838452	26.117528008673652	0.0
69.0	26.24300686664257	23.764365739067582	23.80281893747741	26.18980845681243	0.0
70.0	26.167546078785687	23.7739067582219	23.87162992410553	26.18691723888688	0.0
71.0	26.187495482471988	23.755981207083483	23.93957354535598	26.116949765088542	0.0
72.0	26.273942898445966	23.719840983014095	23.71290205999277	26.293314058547164	0.0
73.0	26.299963859775932	23.712034694615106	23.778532706902784	26.20946873870618	0.0
74.0	26.23375496928081	23.814383809179617	23.75164438019516	26.200216841344414	0.0
75.0	26.2132273220094	23.825081315504157	23.747596675099388	26.214094687387064	0.0
76.0	26.172461149259124	23.86093241778099	23.762341886519696	26.204264546440186	0.0
77.0	26.288398988073723	23.826816046259484	23.664618720636067	26.22016624503072	0.0
78.0	26.171882905674014	23.755692085290928	23.784893386338997	26.287531622696058	0.0
79.0	26.22016624503072	23.81120346946151	23.789519335019875	26.179110950487892	0.0
80.0	26.26613661004698	23.736320925189737	23.784893386338997	26.21264907842429	0.0
81.0	26.266714853632095	23.74065775207806	23.762341886519696	26.230285507770144	0.0
82.0	26.177954463317672	23.837513552584024	23.735164438019517	26.249367546078783	0.0
83.0	26.20736911494293	23.79407648984029	23.782800772531196	26.21575362268559	0.0
84.0	26.355977286657644	23.8440944153396	23.81951913402491	25.980409163977843	0.0
85.0	26.153014375093964	23.86577848708786	23.812291110108823	26.168916027709354	0.0
86.0	26.156483826573684	23.753888676866854	23.89151025222912	26.198117244330337	0.0
87.0	26.139714811088368	23.73740878233818	23.846118262036107	26.27675814453735	0.0
88.0	26.05731533844499	23.888908163619334	23.701557783714396	26.35221871422128	0.0
89.0	26.14520810926459	23.868669696654294	23.784246377314414	26.2018758167667	0.0
90.0	26.16103412484785	23.74312255512798	23.79689889758498	26.29894442243919	0.0
91.0	26.24892664155177	23.81222226398402	23.628630987316303	26.31022010714792	0.0
92.0	26.133856833498616	23.769432486115004	23.86339652535439	26.23331415503199	0.0
93.0	26.376428614796588	23.794007696377616	23.698598056534546	26.130965632291247	0.0
94.0	26.235916236118623	23.760180642251434	23.814824345070644	26.1890787765593	0.0
95.0	26.16941860834921	23.776082248891946	23.881321972840055	26.173177169918787	0.0
96.0	26.186187575351934	23.748037597180502	23.939435117108104	26.126339710359463	0.0
97.0	26.273212731693636	23.716523504020216	23.72259502655568	26.287668737730463	0.0
98.0	26.299811782801402	23.708428140639594	23.781575531185943	26.210184545373068	0.0
99.0	26.23475975563567	23.804126900603393	23.753819999595233	26.2072933441657	0.0
100.0	26.213364866701166	23.82205234808906	23.757289441044072	26.2072933441657	0.0
101.0	26.18127253329941	23.85298820100787	23.754976480078177	26.210762785614538	0.0
102.0	26.289692578575618	23.824943549296425	23.65927772011438	26.22608615201358	0.0
103.0	26.175779251005416	23.757867681285543	23.783599372031098	26.28275369567794	0.0
104.0	26.219436389236638	23.807596342052232	23.80007921891308	26.172888049798047	0.0
105.0	26.254709043966496	23.732425110660728	23.793429456136142	26.219436389236638	0.0
106.0	26.27234537133143	23.7361836722303	23.762782723338066	26.228688233100208	0.0
107.0	26.190524377162983	23.82523266941716	23.74543551609387	26.238807437325985	0.0
108.0	26.22196265735317	23.795095380452068	23.770231121956297	26.21271084023847	0.0
109.0	26.35206633552871	23.8355720803289	23.82776585963837	25.984595724504018	0.0
110.0	26.15835641468957	23.865929605236527	23.810996941117967	26.16471703895593	0.0
111.0	26.14997195542937	23.74478862489086	23.891950340871638	26.21328907880813	0.0
112.0	26.143033092593342	23.752016607011722	23.844823897443607	26.26012640295133	0.0
113.0	26.068151197821198	23.88009645019342	23.70344456715952	26.348307784825863	0.0
114.0	26.135515991187646	23.85089540242513	23.800588646863925	26.212999959523298	0.0
115.0	26.159726378299926	23.733155236368788	23.801098071869063	26.306020313462223	0.0
116.0	26.251087808164126	23.80283278256269	23.63254201613859	26.313537393134595	0.0
117.0	26.12185186148913	23.769584160934894	23.86672795977784	26.241836017798132	0.0
118.0	26.38003463639018	23.78808774166688	23.70886928665805	26.12300833528488	0.0
119.0	26.243859846940694	23.7603323705689	23.801965427215876	26.193842355274533	0.0
120.0	26.173314945399984	23.77305358232214	23.884075066714082	26.169556405563792	0.0
121.0	26.189216460091536	23.751947935549715	23.935249032175992	26.123586572182756	0.0
122.0	26.273928165630178	23.71118223424955	23.73084228877729	26.284047311342984	0.0
123.0	26.304285602768594	23.70655633906655	23.778257714403015	26.210900343761836	0.0
124.0	26.210900343761836	23.806013085501	23.77334270077108	26.209743869966083	0.0
125.0	26.210611225312896	23.818445178805305	23.764090910405084	26.20685268547671	0.0
126.0	26.180832025072355	23.84620054990329	23.76119972591571	26.211767699108645	0.0
127.0	26.294744693953664	23.828275206069176	23.670127414500445	26.20685268547671	0.0
128.0	26.18459056490854	23.752815290896528	23.783461846483885	26.27913229771105	0.0
129.0	26.225645384657643	23.801098071869063	23.802543664113752	26.17071287935954	0.0
130.0	26.26756755975356	23.71551901098361	23.79184628150307	26.225067147759766	0.0
131.0	26.278554060813175	23.735757302409226	23.751947935549715	26.233740701227887	0.0
132.0	26.182855854214914	23.83637052263942	23.750213224856093	26.230560398289576	0.0
133.0	26.208663170250784	23.80174512400326	23.777748223361993	26.211843482383962	0.0
134.0	26.348307784825863	23.82776585963837	23.839330631031753	25.984595724504018	0.0
135.0	26.163560561816595	23.85956898097017	23.806371032560612	26.170499424652622	0.0
136.0	26.147369881865863	23.73293473421264	23.898889203707665	26.220806180213835	0.0
137.0	26.137539826181488	23.743921267036352	23.856099549552155	26.262439357230004	0.0
138.0	26.071909748524046	23.87807261519958	23.708937833571376	26.341079802704996	0.0
139.0	26.13935011579261	23.84807315895535	23.816559065795065	26.196017659456977	0.0
140.0	26.164000971446416	23.72324185546265	23.80506308619274	26.30769408689819	0.0
141.0	26.236859452520555	23.807376053845886	23.637372931339556	26.318391562294003	0.0
142.0	26.137112722478577	23.76429703130602	23.85594837456198	26.242641871653426	0.0
143.0	26.381130809885622	23.793787368883645	23.710809654326983	26.114272166903746	0.0
144.0	26.23281175912755	23.759671095999725	23.816338803501832	26.191178341370897	0.0
145.0	26.179035261191874	23.766899119915806	23.884282228313037	26.169783390579283	0.0
146.0	26.190889220414252	23.749840983473845	23.933143669985775	26.126126126126124	0.0
147.0	26.277336386450635	23.69606448553817	23.739721749991325	26.286877378019867	0.0
148.0	26.30574629562703	23.696711239609687	23.783158655583662	26.214383809179616	0.0
149.0	26.223346584748825	23.80108420672208	23.77217202746657	26.20339718106252	0.0
150.0	26.21264907842429	23.814962052764727	23.757137694253704	26.21525117455728	0.0
151.0	26.178243585110227	23.84936754607879	23.757715937838814	26.21467293097217	0.0
152.0	26.292446693169495	23.8190097578605	23.676761835923383	26.211781713046623	0.0
153.0	26.178243585110227	23.757715937838814	23.786049873509217	26.27799060354174	0.0
154.0	26.227105168052038	23.789808456812434	23.812070834839176	26.17101554029635	0.0
155.0	26.250524033249008	23.73256234188652	23.79761474521142	26.219298879653053	0.0
156.0	26.272497289483194	23.725623418865197	23.77159378388146	26.230285507770144	0.0
157.0	26.182291290206	23.824503071919047	23.75193350198771	26.241272135887243	0.0
158.0	26.214459600895125	23.790455483788893	23.78814250276112	26.206942412554863	0.0
159.0	26.351503726790682	23.834402123316583	23.837871594858242	25.976222555034497	0.0
160.0	26.156345952572323	23.850014745254054	23.819367746636058	26.174271555537565	0.0
161.0	26.1453592926904	23.73118534495221	23.904369799406723	26.219085562950674	0.0
162.0	26.149407009489007	23.747665334775093	23.846834396340864	26.25609325939504	0.0
163.0	26.077415474999565	23.86736210296235	23.71036851570225	26.344853906335835	0.0
164.0	26.142543650415035	23.839097009596006	23.812786774336246	26.205572565652712	0.0
165.0	26.16459268168571	23.714553360780865	23.80736226118333	26.313491696350095	0.0
166.0	26.238319378267107	23.81834898459546	23.643139658602024	26.300191978535416	0.0
167.0	26.144932229264008	23.757632881528426	23.868656612850998	26.228778276356575	0.0
168.0	26.381435906925105	23.79203867326641	23.711662117777674	26.114863302030813	0.0
169.0	26.242656242771893	23.737683304806403	23.82181847619929	26.19784197622242	0.0
170.0	26.171531664893372	23.769197853541193	23.883691076467596	26.17557940509784	0.0
171.0	26.20333533792848	23.73508118610353	23.947009298237496	26.11457417773049	0.0
172.0	26.271568672803813	23.70645788037193	23.73883980200768	26.28313364481658	0.0
173.0	26.300268019001305	23.699298293294323	23.781409831989382	26.21902385571499	0.0
174.0	26.229143235483747	23.79297483743939	23.779675081171884	26.198206845904977	0.0
175.0	26.20427847376623	23.823911227018165	23.76232757299687	26.209482726218734	0.0
176.0	26.18895484154497	23.84068048492068	23.759436321634368	26.210928351899987	0.0
177.0	26.292172515186294	23.825356852699418	23.679059533756806	26.20341109835748	0.0
178.0	26.17825721150371	23.75220819322811	23.79268571230314	26.276848882965037	0.0
179.0	26.223360732758742	23.790950961485642	23.808009344524404	26.17767896123121	0.0
180.0	26.24215386661501	23.727632556646842	23.79904646530065	26.231167111437504	0.0
181.0	26.261236125607525	23.725608680693092	23.774470828719377	26.23868436498001	0.0
182.0	26.18750921586372	23.822465601336916	23.755099444590613	26.23492573820875	0.0
183.0	26.225171307138524	23.794489258970135	23.77771995258334	26.202619481308005	0.0
184.0	26.353832364761328	23.821667100355626	23.834966895076185	25.989533639806865	0.0
185.0	26.161852719229767	23.85607309104577	23.819643218550326	26.16243097117414	0.0
186.0	26.136409633677392	23.73145979703357	23.8907682077081	26.24136236158094	0.0
187.0	26.143926908954228	23.73984445022696	23.854916587157025	26.26131205366178	0.0
188.0	26.091595107988553	23.857807846878885	23.701968947870586	26.34862809726198	0.0
189.0	26.143135117631246	23.836770569203946	23.813062170937553	26.20703214222726	0.0
190.0	26.16894306498433	23.713671111522313	23.814576659303548	26.302809164189807	0.0
191.0	26.236309806053175	23.817467935744272	23.641100072860166	26.305122185342384	0.0
192.0	26.149282385187412	23.755883747556872	23.86199359293141	26.23284027432431	0.0
193.0	26.37856060693675	23.78219436316745	23.713960239166386	26.125284790729413	0.0
194.0	26.248164039460143	23.735644812471808	23.821226595117214	26.19496455295084	0.0
195.0	26.180219043103147	23.765424959811256	23.881943400372396	26.172412596713198	0.0
196.0	26.199590595255994	23.72754923843779	23.957116587831194	26.115743578475026	0.0
197.0	26.272450761562215	23.714827622098607	23.74460776943805	26.26811384690113	0.0
198.0	26.309535168142666	23.696391965697796	23.776480554664076	26.21759231149546	0.0
199.0	26.235518277256865	23.784576152104712	23.786310922984846	26.19359464765358	0.0
200.0	26.20718368621464	23.82996932346827	23.74785683514183	26.214990155175254	0.0
201.0	26.19822070333394	23.83864317786895	23.75103724842208	26.212098870375026	0.0
202.0	26.294500487181487	23.823608496907774	23.67702035753628	26.204870658374464	0.0
203.0	26.18000560909251	23.743519907941494	23.79874344762582	26.277731035340175	0.0
204.0	26.22337488109591	23.79758693370573	23.80279124634614	26.176246938852216	0.0
205.0	26.248529058857883	23.7270395845802	23.802502117866116	26.2219292386958	0.0
206.0	26.26414199677911	23.72270265737986	23.781106610344438	26.232048735496594	0.0
207.0	26.183475150852786	23.834017122188587	23.751615505382127	26.2308922215765	0.0
208.0	26.224028959192285	23.79389705839834	23.77770581670358	26.204368165705795	0.0
209.0	26.35008934095864	23.82599041247188	23.833507774687305	25.990412471882173	0.0
210.0	26.160998768309113	23.858951154493358	23.812401334620922	26.167648742576606	0.0
211.0	26.14567491456229	23.721903858719852	23.896827094886458	26.2355941318314	0.0
212.0	26.14827707840609	23.74098639357439	23.849409887066088	26.26132664095343	0.0
213.0	26.099992482637784	23.860396801073247	23.6912561512262	26.34835456506277	0.0
214.0	26.149509201567085	23.830974513177104	23.81275931360502	26.20675697165079	0.0
215.0	26.17734138274004	23.711921448893207	23.811093377743852	26.299643790622905	0.0
216.0	26.236613235260105	23.813117294659172	23.64946915550621	26.300800314574513	0.0
217.0	26.14380218814332	23.74806282238105	23.873256540142947	26.234878449332687	0.0
218.0	26.381467860199386	23.77928896907455	23.716836675687553	26.122406495038515	0.0
219.0	26.260611107256032	23.736786713852844	23.816586866514005	26.18601531237712	0.0
220.0	26.1839913954618	23.76165197881248	23.887134827562278	26.167221798163443	0.0
221.0	26.21116970832466	23.726377998288346	23.951611037864595	26.110841255522406	0.0
222.0	26.281717669372934	23.70151273332871	23.75095413226008	26.265815465038283	0.0
223.0	26.30926118145046	23.693196439052457	23.776177272503855	26.221365106993233	0.0
224.0	26.240447807368817	23.77704466797547	23.781381645333557	26.201125879322156	0.0
225.0	26.21847378875451	23.816366596022124	23.756516308480524	26.208643306742847	0.0
226.0	26.211245493157698	23.840075405579668	23.746685826468863	26.20199327479378	0.0
227.0	26.302322017677522	23.825040550738297	23.666885443080062	26.205751988504115	0.0
228.0	26.18638015630466	23.751311935650822	23.786007754515516	26.276300153528997	0.0
229.0	26.22338902976034	23.794970841055562	23.812029618664038	26.169610510520062	0.0
230.0	26.2563500576818	23.72413354420681	23.796416500174924	26.223099897936464	0.0
231.0	26.259530507744394	23.710255216660933	23.78427296357228	26.245941312022392	0.0
232.0	26.183199706242068	23.83111231903962	23.75478151753729	26.230906457181025	0.0
233.0	26.230982299298567	23.790124384870264	23.774800353898375	26.204092961932794	0.0
234.0	26.350972353135067	23.817013722236034	23.83725300842533	25.994760916203575	0.0
235.0	26.17286663466932	23.847661784179817	23.810074538399707	26.169397042751154	0.0
236.0	26.155807807738345	23.705986780854793	23.90028392827197	26.23792148313489	0.0
237.0	26.143375103364924	23.74183923067582	23.856335763975228	26.258449901984026	0.0
238.0	26.087572500014456	23.86558800909033	23.699914994998007	26.346924495897206	0.0
239.0	26.146920294569203	23.83153925999173	23.816793451704587	26.204746993734478	0.0
240.0	26.171337365980037	23.707509744277765	23.81767502110778	26.303477868634413	0.0
241.0	26.229086303516798	23.80648071573566	23.673755009744784	26.290677971002758	0.0
242.0	26.154170919953383	23.756040149098784	23.863035010453686	26.226753920494144	0.0
243.0	26.383763837638373	23.765746278152434	23.732200488149083	26.118289396060106	0.0
244.0	26.26326018301077	23.728352787385905	23.815404370510045	26.19298265909328	0.0
245.0	26.189415718508318	23.744352986771094	23.882599968764282	26.183631325956302	0.0
246.0	26.202410460949316	23.719063003444756	23.930780955796646	26.14774557980928	0.0
247.0	26.304112648026983	23.69010222322498	23.74390392058175	26.261881208166287	0.0
248.0	26.309546883904734	23.67671180566605	23.766970518380088	26.246770792049134	0.0
249.0	26.248506536524403	23.77651711299407	23.770731298076505	26.204245052405017	0.0
