# Position (bp)	A	C	G	T	N
0.0	26.372676905813876	23.75061364752086	23.644575355915563	26.232134090749703	0.0
1.0	26.195665895224067	23.778946630198472	23.772494564836244	26.252892909741217	0.0
2.0	26.19311439816204	23.71305223530996	23.88276579808855	26.21106756843945	0.0
3.0	26.24338683707074	23.722670736017683	23.808508609033733	26.225433817877843	0.0
4.0	26.077224084489263	23.747037125345376	23.90973225430932	26.26600653585604	0.0
5.0	26.272149182475324	23.70779488531653	23.81691037663077	26.203145555577372	0.0
6.0	26.15860602626604	23.816990457383607	23.80689245061794	26.217511065732413	0.0
7.0	26.272579378435996	23.88337260181757	23.71227420621564	26.131773813530796	0.0
8.0	26.287475703375023	23.870855549727793	23.648995459020394	26.19267328787679	0.0
9.0	26.20168170930774	23.663130851344302	23.78990413471625	26.34528330463171	0.0
10.0	26.334182213895463	23.737617375500633	23.627954721383936	26.300245689219963	0.0
11.0	26.191143969395426	23.827647329391834	23.88850870009087	26.09270000112187	0.0
12.0	26.24407865398585	23.902465018833315	23.57403891190271	26.27941741527812	0.0
13.0	26.078883968262428	23.818886043713487	23.836555424359627	26.265674563664458	0.0
14.0	26.11618599407094	23.809911120210685	23.878625378279004	26.195277507439368	0.0
15.0	26.12824604752783	23.805984591178213	23.832348428967688	26.233420932326272	0.0
16.0	26.309988248459536	23.836555424359627	23.805143192099823	26.048313135081013	0.0
17.0	26.200886834628623	23.801777595786273	23.756061579193883	26.24127399039122	0.0
18.0	26.293647454774927	23.732716309073062	23.730472584490254	26.24316365166176	0.0
19.0	26.121161127471602	23.82526994811387	23.719814892721917	26.333754031692607	0.0
20.0	26.231384097602017	23.77114009255364	23.839854157902117	26.157621651942225	0.0
21.0	26.3155237694573	23.727667928761743	23.81657551535549	26.140232786425464	0.0
22.0	26.199411022297014	23.78123685317627	23.75010517458982	26.269246949936896	0.0
23.0	26.215397559949515	23.734399102510167	23.719534427149068	26.330668910391246	0.0
24.0	26.235871546767637	23.722619548450428	23.779273594166316	26.262235310615623	0.0
25.0	26.37161688402749	23.736362361520126	23.637077548730893	26.2549432057215	0.0
26.0	26.19913055672416	23.766933108960874	23.770018230262234	26.263918104052724	0.0
27.0	26.199691487869863	23.709998597672136	23.866498387322956	26.223811527135044	0.0
28.0	26.253540877857244	23.704669751787968	23.811246669471323	26.23054270088347	0.0
29.0	26.098162950497827	23.743374000841396	23.897630065909407	26.26083298275137	0.0
30.0	26.284392090870845	23.708035338662178	23.81377085962698	26.193801710839992	0.0
31.0	26.166316084700604	23.811527135044173	23.789650820361803	26.23250595989342	0.0
32.0	26.279624176132383	23.866217921750106	23.718132099284812	26.1360258028327	0.0
33.0	26.280746038423786	23.856962557846025	23.65110082737344	26.211190576356753	0.0
34.0	26.19772822885991	23.63651661758519	23.804795961295753	26.36095919225915	0.0
35.0	26.322535408778574	23.7285093254803	23.640443135605103	26.308512130136023	0.0
36.0	26.1943626419857	23.824148085822465	23.89174028887954	26.0897489833123	0.0
37.0	26.23355424609663	23.898965365403548	23.58484480481053	26.28263558368929	0.0
38.0	26.072006529220225	23.833336605422506	23.825203126621435	26.26945373873583	0.0
39.0	26.11575903587425	23.81847197175159	23.875406323359073	26.190362669015094	0.0
40.0	26.13567203569756	23.81650871824788	23.82828823927012	26.21953100678444	0.0
41.0	26.31460856932108	23.829129633628853	23.795473859279596	26.060787937770474	0.0
42.0	26.201300795678602	23.79491292970711	23.754806465274253	26.24897980934004	0.0
43.0	26.285927438354012	23.741277569611167	23.730619937624805	26.242175054410016	0.0
44.0	26.121855998564026	23.834111153492337	23.705097713657473	26.338935134286164	0.0
45.0	26.236004846417917	23.774372321568805	23.838598577486593	26.15102425452669	0.0
46.0	26.3159370863156	23.744923601606498	23.816722385514595	26.122416926563307	0.0
47.0	26.215250510444477	23.787273665552288	23.747447777603266	26.250028046399965	0.0
48.0	26.21889654243981	23.744362673607217	23.732583185622293	26.30415759833068	0.0
49.0	26.23039556642509	23.72052323363773	23.77885974556306	26.270221454374116	0.0
50.0	26.38016334223339	23.741558033610804	23.633018465749736	26.24526015840607	0.0
51.0	26.20431241445848	23.76259283358388	23.760629585586393	26.272465166371244	0.0
52.0	26.20178823846171	23.720803697637372	23.85149992147008	26.225908142430836	0.0
53.0	26.259002894388477	23.69275729767327	23.80971078552357	26.23852902241468	0.0
54.0	26.075579438623258	23.740436177612242	23.904788081401872	26.279196302362628	0.0
55.0	26.288171150351143	23.700329825663577	23.817283313513876	26.194215710471404	0.0
56.0	26.16841302250443	23.802418721532902	23.802979649532187	26.22618860643048	0.0
57.0	26.279196302362628	23.87393704144136	23.7230474096345	26.123819246561514	0.0
58.0	26.25760057439027	23.86019430545895	23.651809553725684	26.23039556642509	0.0
59.0	26.17991204648971	23.63946913774148	23.794846193542597	26.385772622226213	0.0
60.0	26.319022190311653	23.724730193632347	23.63946913774148	26.31677847831452	0.0
61.0	26.17346137449797	23.82822140949988	23.889082097421973	26.109235118580177	0.0
62.0	26.243503770827896	23.88593000199129	23.59116316508345	26.279403062097362	0.0
63.0	26.094297341489202	23.811046324108897	23.817216514795835	26.277439819606062	0.0
64.0	26.119819493876083	23.810765860895856	23.863212481734834	26.206202163493224	0.0
65.0	26.13720821308473	23.805156596635	23.820582073352348	26.237053116927918	0.0
66.0	26.320070227988545	23.823667168695817	23.80066918522632	26.055593418089316	0.0
67.0	26.197788267101945	23.818057904434966	23.74710071153517	26.237053116927918	0.0
68.0	26.299242190523735	23.72992590182693	23.73693746248815	26.233894445161184	0.0
69.0	26.13124519708095	23.832855612333613	23.694307173667944	26.34159201691749	0.0
70.0	26.244552017366235	23.767507866971062	23.83173376262782	26.156206353034882	0.0
71.0	26.330373519859545	23.727962664841794	23.828648675936883	26.113015139361778	0.0
72.0	26.213701150456874	23.794712722336588	23.74563179770806	26.245954329498478	0.0
73.0	26.22267594810323	23.746753647413858	23.74142486131133	26.289145543171582	0.0
74.0	26.24931987861586	23.711134919254867	23.767227404544613	26.27231779758466	0.0
75.0	26.377771669929377	23.735815612782353	23.636251451393058	26.250161265895205	0.0
76.0	26.207530977075	23.757411219618906	23.770592953662	26.264464849644092	0.0
77.0	26.20837236435435	23.720670641754126	23.859780005272693	26.211176988618835	0.0
78.0	26.273439647290452	23.676918503228123	23.800882895718463	26.248758953762962	0.0
79.0	26.087493058554944	23.742266248590678	23.894276883725887	26.275963809128488	0.0
80.0	26.291669705009618	23.717585555063188	23.793590872630794	26.197153867296397	0.0
81.0	26.171912248916012	23.811260005497065	23.794712722336588	26.222115023250335	0.0
82.0	26.27680519640784	23.873522664168682	23.72403619087151	26.125635948551974	0.0
83.0	26.268671786040827	23.855573068875962	23.65307919697998	26.22267594810323	0.0
84.0	26.188459532076486	23.632044514996327	23.804248444835846	26.37524750809134	0.0
85.0	26.309338837875888	23.74647318498741	23.64690902359811	26.297278953538594	0.0
86.0	26.169107624651527	23.83594069902455	23.882777924241488	26.112173752082434	0.0
87.0	26.23213809931147	23.888600636647922	23.592713606596458	26.286547657444153	0.0
88.0	26.082652045266506	23.81147368568664	23.81764384176354	26.28823042728331	0.0
89.0	26.119392520088063	23.803059836490863	23.88130863401158	26.19623900940949	0.0
90.0	26.140988066357224	23.791280447616778	23.81511968700481	26.252611799021192	0.0
91.0	26.3061799722343	23.832508308676083	23.80025522009227	26.06105649899735	0.0
92.0	26.200165472367516	23.809229992567765	23.751735356396626	26.23886917866809	0.0
93.0	26.29152222932723	23.73428016917399	23.721098509070103	26.253099092428677	0.0
94.0	26.13025723869462	23.831880546113375	23.70034440592782	26.33751780926418	0.0
95.0	26.25169678816231	23.758960724262106	23.8316000852601	26.15774240231549	0.0
96.0	26.338078730970732	23.725024961015944	23.817016120889846	26.119880187123478	0.0
97.0	26.20401844310571	23.81449197321038	23.743815838185306	26.2376737454986	0.0
98.0	26.228698998193835	23.74465722074513	23.746059525011496	26.28058425604954	0.0
99.0	26.26067153546708	23.71548929200462	23.7612044110883	26.262634761439998	0.0
100.0	26.383513389201134	23.734841090880536	23.645093617832824	26.23655190208551	0.0
101.0	26.20682305163845	23.766252706447233	23.765691784740685	26.261232457173627	0.0
102.0	26.217761024916143	23.71240422261861	23.84814727560327	26.221687476861984	0.0
103.0	26.27974287348972	23.675102929133153	23.80411492163924	26.241039275737894	0.0
104.0	26.09323640606244	23.725024961015944	23.885729029942002	26.296009602979613	0.0
105.0	26.286473933968296	23.699783484221275	23.80495630419906	26.208786277611374	0.0
106.0	26.18270341825688	23.8164551991833	23.792616026655	26.208225355904823	0.0
107.0	26.27385319557096	23.882083038849437	23.720537587363555	26.123526178216043	0.0
108.0	26.26347614399982	23.857402483761316	23.66388449500219	26.215236877236674	0.0
109.0	26.189714939588733	23.63948440076734	23.80411492163924	26.36668573800469	0.0
110.0	26.312837254176063	23.745498603304952	23.660238503909625	26.281425638609363	0.0
111.0	26.177094201191398	23.823186259661878	23.884046264822356	26.11567327432437	0.0
112.0	26.232832338167526	23.88846664067737	23.60604335351711	26.272657667637993	0.0
113.0	26.10101610682163	23.803206780402572	23.813022882736842	26.282754230038957	0.0
114.0	26.121489691690247	23.791988377734835	23.883418359476885	26.20310357109803	0.0
115.0	26.144487417159105	23.78665963646766	23.819753924337483	26.24909902203575	0.0
116.0	26.322299099442724	23.814144723003615	23.804328620669345	26.059227556884313	0.0
117.0	26.21488289389915	23.79226883780153	23.753845808664533	26.239002459634786	0.0
118.0	26.30498435028439	23.736243395146907	23.71605021371117	26.242722040857537	0.0
119.0	26.135866455760105	23.825710407341344	23.700063945074547	26.338359191824008	0.0
120.0	26.25169678816231	23.76933777583325	23.833282850379746	26.145682585624698	0.0
121.0	26.326860296839765	23.732036482347795	23.824308103074973	26.116795117737468	0.0
122.0	26.212432268703935	23.810565521264543	23.74269399477221	26.23430821525932	0.0
123.0	26.207103512491724	23.74942505525079	23.756997498289188	26.286473933968296	0.0
124.0	26.258147387787613	23.733999708320713	23.747461829277867	26.260391074613803	0.0
125.0	26.39080537138626	23.72754910869541	23.639764861620616	26.241880658297717	0.0
126.0	26.22028517259561	23.75307104634335	23.7612044110883	26.265439369972736	0.0
127.0	26.216919642356316	23.72895141296178	23.84450128451071	26.209627660171193	0.0
128.0	26.278340569223346	23.673700624866783	23.80271261737287	26.245246188537003	0.0
129.0	26.08426165875767	23.73988938623947	23.892740551273853	26.283108403729006	0.0
130.0	26.28058425604954	23.700063945074547	23.81925980771604	26.200091991159873	0.0
131.0	26.17793558375122	23.819820729422585	23.796262017747562	26.205981669078632	0.0
132.0	26.283108403729006	23.872266908984844	23.717172057124266	26.12745263016188	0.0
133.0	26.255062318401595	23.851793266695832	23.66837186865457	26.224772546247994	0.0
134.0	26.19027586129528	23.631631496875666	23.809443677851448	26.36864896397761	0.0
135.0	26.311715410762964	23.73428016917399	23.67426154657333	26.27974287348972	0.0
136.0	26.183544800816698	23.822344877102054	23.885448569088727	26.108661752992518	0.0
137.0	26.232699022591184	23.877943094333272	23.607578073508996	26.281779809566547	0.0
138.0	26.10284528333637	23.802779374851006	23.819046149962837	26.275329191849785	0.0
139.0	26.114624672210457	23.79324367909579	23.885235096969613	26.20689655172414	0.0
140.0	26.155852533269762	23.794645987295088	23.815961071924388	26.233540407510763	0.0
141.0	26.31291105159092	23.826057690959317	23.805023067969877	26.056008189479883	0.0
142.0	26.207457475003853	23.792121832536356	23.760710128872123	26.239710563587664	0.0
143.0	26.30961930030234	23.73076728910628	23.711415381681316	26.248198028910068	0.0
144.0	26.139659069874412	23.81855202858473	23.70833029499038	26.33345860655048	0.0
145.0	26.25464866471839	23.7590939941776	23.83594069902455	26.150316642079463	0.0
146.0	26.32252057191898	23.7262798902831	23.826685438951746	26.12451409884618	0.0
147.0	26.2080919019279	23.80985769336482	23.73862023704684	26.243430167660435	0.0
148.0	26.214823000162667	23.749277809251897	23.75264335836928	26.283255832216156	0.0
149.0	26.257733751409322	23.720390179327673	23.766666479691718	26.255209589571287	0.0
150.0	26.394318953089858	23.740863936458435	23.630361740437632	26.234455370014082	0.0
151.0	26.222115023250335	23.753204283222175	23.752923820795726	26.27175687273176	0.0
152.0	26.234455370014082	23.724597115724404	23.828648675936883	26.212298838324628	0.0
153.0	26.274561496996245	23.6819668269042	23.810979543070616	26.23249213302894	0.0
154.0	26.087773520981393	23.74619272256096	23.888106710344015	26.277927046113632	0.0
155.0	26.28746276861289	23.694868098520843	23.825844051672398	26.19182508119387	0.0
156.0	26.181447971415267	23.817430178878933	23.78321376285219	26.217908086853605	0.0
157.0	26.291669705009618	23.874644513874475	23.72403619087151	26.109649590244395	0.0
158.0	26.268952248467276	23.841549947553524	23.676918503228123	26.212579300751077	0.0
159.0	26.195751555164154	23.621386942791275	23.810418618217717	26.372442883826853	0.0
160.0	26.323922884051225	23.73273052609142	23.680284052345506	26.26306253751185	0.0
161.0	26.180326121709474	23.82724636380464	23.883338849094386	26.1090886653915	0.0
162.0	26.246308402958324	23.86181016566962	23.59621150291822	26.295669928453837	0.0
163.0	26.103272164306567	23.788609267065485	23.828435043317544	26.279683525310404	0.0
164.0	26.12570922134998	23.79113343598287	23.879479348091305	26.20367799457584	0.0
165.0	26.164693607962914	23.7880483406394	23.81329002981324	26.23396802158445	0.0
166.0	26.320070227988545	23.822545315843648	23.804315206995874	26.053069249171934	0.0
167.0	26.21517698631059	23.793096678474168	23.748783490813427	26.242942844401814	0.0
168.0	26.31201059032063	23.73763153761583	23.719681841638806	26.230676030424732	0.0
169.0	26.125782494558997	23.822892593506698	23.718840449639885	26.33248446229442	0.0
170.0	26.236565774417198	23.77016536157419	23.8509389934708	26.142329870537818	0.0
171.0	26.31285198231955	23.732583185622293	23.819246561511363	26.135318270546794	0.0
172.0	26.20655612645561	23.81251542551998	23.74352128160829	26.237407166416123	0.0
173.0	26.21833561444053	23.752496129596807	23.752496129596807	26.276672126365856	0.0
174.0	26.269940990374472	23.709585137651732	23.760910049586034	26.25956382238776	0.0
175.0	26.39951535820862	23.728937153626962	23.643115169736813	26.228432318427608	0.0
176.0	26.231236958424013	23.746606385604345	23.75389844959501	26.268258206376625	0.0
177.0	26.24049227041217	23.71547488164419	23.828501873499516	26.215530974444118	0.0
178.0	26.27386748636945	23.69472054567076	23.817563777513516	26.213848190446278	0.0
179.0	26.085115214611054	23.739033857614036	23.904788081401872	26.271062846373038	0.0
180.0	26.2817204783594	23.696964257667886	23.83298929749377	26.188325966478942	0.0
181.0	26.170095806502275	23.824014449505263	23.782505777558395	26.223383966434067	0.0
182.0	26.294621822342883	23.869169153447466	23.716877201642397	26.119331822567254	0.0
183.0	26.263490318382733	23.844207857479415	23.666674145706658	26.225627678431195	0.0
184.0	26.17543780921503	23.63468593288982	23.819513782155557	26.37036247573959	0.0
185.0	26.334536540764613	23.717770728683735	23.68355364089447	26.264139089657185	0.0
186.0	26.17803543431862	23.831640709359494	23.87679604652402	26.113527809797866	0.0
187.0	26.235044005542065	23.867888014449747	23.591345857196547	26.30572212281164	0.0
188.0	26.100979957705317	23.785991148407216	23.812635676742975	26.300393217144492	0.0
189.0	26.12510026756716	23.798612240776787	23.8673270770111	26.208960414644956	0.0
190.0	26.16969479393963	23.78683255456519	23.81852551984877	26.22494713164641	0.0
191.0	26.31245337207541	23.82273255063863	23.813757551620267	26.051056525665693	0.0
192.0	26.210643226960894	23.786552085845866	23.754859120562283	26.247945566630953	0.0
193.0	26.31533186554292	23.744548373978038	23.713696728323214	26.226423032155825	0.0
194.0	26.126575888036573	23.833176737859176	23.70948968573392	26.330757688370333	0.0
195.0	26.239398222940224	23.779393286663076	23.845023335128342	26.136185155268354	0.0
196.0	26.318210375157065	23.7328352180937	23.83436546401005	26.114588942739186	0.0
197.0	26.220606713336924	23.815573954406748	23.730871926045594	26.232947406210734	0.0
198.0	26.21668012924071	23.747139203015617	23.763967420570815	26.27221324717286	0.0
199.0	26.255945970202838	23.71123900556453	23.769576826422544	26.26323819781009	0.0
200.0	26.392815472985102	23.74854155447855	23.647011308562195	26.21163166397415	0.0
201.0	26.2441662179142	23.741249326871298	23.75274860886735	26.261835846347154	0.0
202.0	26.25680148089976	23.71150502047456	23.827340550849836	26.204352947775845	0.0
203.0	26.292141134234587	23.678970101531384	23.820048241431536	26.20884052280249	0.0
204.0	26.098614461210524	23.735064789364447	23.909238795086104	26.257081954338922	0.0
205.0	26.279800302911315	23.705895551691256	23.83547428058563	26.178829864811803	0.0
206.0	26.186549540301456	23.80756048443644	23.78989055865013	26.215999416611975	0.0
207.0	26.300983345393757	23.872911162344547	23.70378472981842	26.122320762443273	0.0
208.0	26.277984394370307	23.853277911470865	23.671810578395572	26.19692711576326	0.0
209.0	26.177734396912477	23.641917135067818	23.82142416388992	26.358924304129783	0.0
210.0	26.321974807239762	23.74043210828792	23.68461648496204	26.25297659951028	0.0
211.0	26.175003015165583	23.849819510785878	23.889086783477453	26.086090690571083	0.0
212.0	26.244635795024262	23.875129722603987	23.596331304518554	26.283903177853198	0.0
213.0	26.093736852438788	23.792387737357306	23.82071634925532	26.29315906094859	0.0
214.0	26.09626118419207	23.809777578324404	23.87821501696912	26.2157462205144	0.0
215.0	26.14786974448153	23.804728914817826	23.806131321347433	26.24127001935321	0.0
216.0	26.297927243149243	23.82296019970269	23.811179984854007	26.067932572294055	0.0
217.0	26.197514935629542	23.788460999074413	23.764059125459287	26.24996493983676	0.0
218.0	26.313988483405275	23.738882391053743	23.728785035719394	26.21834408982159	0.0
219.0	26.133638497850104	23.806478575375355	23.725419250607946	26.334463676166596	0.0
220.0	26.2206614908226	23.753534084279497	23.847495848853388	26.178308576044518	0.0
221.0	26.319391464345017	23.723522416191717	23.835154602163083	26.121931517300183	0.0
222.0	26.20972265852892	23.822813355472782	23.722680967553742	26.244783018444558	0.0
223.0	26.204393483821747	23.7647533994525	23.759985190503972	26.270867926221786	0.0
224.0	26.25067315891038	23.71931517300184	23.774009334470225	26.256002333617555	0.0
225.0	26.365951622312974	23.75157070412422	23.661255216981555	26.221222456581252	0.0
226.0	26.241697706771976	23.74035138895122	23.765033882331824	26.25291702194498	0.0
227.0	26.258526679531478	23.71202261813939	23.830105910335234	26.199344791993894	0.0
228.0	26.29807476551631	23.68313288156891	23.803179553920028	26.215612798994748	0.0
229.0	26.110431719247856	23.735583180002692	23.907519185028946	26.246465915720506	0.0
230.0	26.293306556567785	23.711461652380738	23.81159404029978	26.183637750751693	0.0
231.0	26.18055243907912	23.812435488937755	23.7782165776601	26.228795494323027	0.0
232.0	26.294428488085085	23.87414172238927	23.700803302966385	26.13062648655926	0.0
233.0	26.265819234393934	23.857032266750437	23.680608535654983	26.196539963200642	0.0
234.0	26.182662695006815	23.643436944290176	23.812569069296487	26.361331291406522	0.0
235.0	26.32830797279293	23.74391697636912	23.675198092700374	26.25257695813758	0.0
236.0	26.176845943482224	23.86031835074679	23.856672042633758	26.106163663137227	0.0
237.0	26.244236012161874	23.871043744600644	23.590838204440654	26.293882038796827	0.0
238.0	26.09726133444032	23.78549550661386	23.832897645039324	26.284345513906498	0.0
239.0	26.095858904309388	23.78942231098047	23.89712894503596	26.217589839674186	0.0
240.0	26.135152419526754	23.801175823805945	23.82894456349785	26.234727193169448	0.0
241.0	26.29354113020404	23.820343223880933	23.8245507739087	26.061564872006326	0.0
242.0	26.188198661935285	23.7805237247009	23.775754940600585	26.25552267276323	0.0
243.0	26.304155118437144	23.758401687631146	23.733715593756664	26.203727600175046	0.0
244.0	26.13986708447065	23.819315672979545	23.720849335282086	26.319967907267717	0.0
245.0	26.23707377835633	23.76460950606824	23.842601684406613	26.155715031168818	0.0
246.0	26.327425558956634	23.72489990825508	23.844420814593896	26.10325371819439	0.0
247.0	26.20880061278258	23.82865656398443	23.734101743231754	26.228441080001236	0.0
248.0	26.199421438211452	23.754142103978385	23.76592658269758	26.280509875112585	0.0
249.0	26.23814186828881	23.72187507891392	23.799315939068634	26.240667113728637	0.0
