# Position (bp)	A	C	G	T	N
0.0	26.265290636752002	23.818510808023817	23.720672968683555	26.195525586540626	0.0
1.0	26.056829331339515	23.757362158436152	23.815731323951645	26.370077186272685	0.0
2.0	26.14169464392912	23.718511683749472	23.751306223180737	26.388487449140673	0.0
3.0	26.079380606720843	23.83474694027279	23.80251003234807	26.283362420658303	0.0
4.0	26.053633458385438	23.848825899680424	23.755731554814506	26.341809087119632	0.0
5.0	26.262174366099337	23.65710316081973	23.895797151788816	26.184925321292113	0.0
6.0	26.3311883168845	23.744665244065082	23.76828265315195	26.155863785898465	0.0
7.0	26.11882244423947	23.781158663303067	23.83394641210006	26.2660724803574	0.0
8.0	26.17030143075427	23.795804972912904	23.857758021947493	26.176135574385327	0.0
9.0	26.358365766321363	23.766782508688152	23.66205243171016	26.21279929328033	0.0
10.0	26.221388888888892	23.75972222222222	23.926388888888887	26.0925	0.0
11.0	26.331315746345147	23.74076738675726	23.646323204657765	26.28159366223983	0.0
12.0	26.176593953905687	23.798545004041653	23.71910078027561	26.30576026177705	0.0
13.0	26.13631628801031	23.799100558054008	23.747711811911635	26.31687134202405	0.0
14.0	26.24548265143708	23.82604492765298	23.784656153732904	26.143816267177034	0.0
15.0	26.250204860542052	23.83160046777648	23.746045149874583	26.17214952180688	0.0
16.0	26.088538642948212	23.748822919936334	23.851878189227254	26.310760247888197	0.0
17.0	26.207354403586645	23.65653524147088	23.929589280059556	26.206521074882914	0.0
18.0	26.259854111921598	23.817645457525234	23.897089460614108	26.025410969939056	0.0
19.0	26.460130777051237	23.82292320598219	23.58098010566608	26.13596591130049	0.0
20.0	26.293742812539932	23.742645874189588	23.77181237882012	26.191798934450368	0.0
21.0	26.270409608835504	23.7873678479564	23.75736801462214	26.184854528585955	0.0
22.0	26.11568824617641	23.84653418592119	23.85514524919306	26.18263231870934	0.0
23.0	26.302631652046376	23.779034560919108	23.609035505358303	26.309298281676213	0.0
24.0	26.234298698340563	23.80847884178421	23.755423580980107	26.201798878895115	0.0
25.0	26.27568735729246	23.806812184376753	23.710701607213295	26.206798851117497	0.0
26.0	26.068744062532982	23.75931244826418	23.82764540196999	26.344298087232847	0.0
27.0	26.138465897411685	23.7354236920906	23.763479091782823	26.362631318714897	0.0
28.0	26.083743979200115	23.835145360303553	23.8062566319076	26.274854028588727	0.0
29.0	26.038466452964148	23.86125632635374	23.743479202893315	26.35679801778879	0.0
30.0	26.254298587230068	23.65264637418681	23.898756118021566	26.194298920561554	0.0
31.0	26.331242604207755	23.729590391164493	23.766256854128585	26.172910150499163	0.0
32.0	26.12985483413981	23.79042338653674	23.806812184376753	26.272909594946697	0.0
33.0	26.1842989761168	23.797090016166578	23.84181198993339	26.176799017783235	0.0
34.0	26.35207582180099	23.762645763079092	23.665146304742752	26.220132110377165	0.0
35.0	26.213743256981903	23.74709029394281	23.939867000738886	26.0992994483364	0.0
36.0	26.32116954580934	23.75146873776052	23.636191920622885	26.291169795807257	0.0
37.0	26.16617083746524	23.805079402116096	23.72563561970317	26.303114140715493	0.0
38.0	26.129504476351585	23.809801584986793	23.75813534887209	26.30255858978953	0.0
39.0	26.230336969414143	23.837301355822035	23.787023997022246	26.145337677741576	0.0
40.0	26.258670066638334	23.841190212303786	23.742857698408066	26.157282022649813	0.0
41.0	26.088115932367227	23.74174659655614	23.86730110582412	26.302836365252514	0.0
42.0	26.195542271752537	23.66723703069966	23.93584515727603	26.201375540271776	0.0
43.0	26.237486250152774	23.820846435039613	23.90862323751958	26.033044077288032	0.0
44.0	26.47192808968789	23.81945756158265	23.583904623281963	26.12470972544749	0.0
45.0	26.291930089665673	23.741958422684192	23.768347018366462	26.197764469283673	0.0
46.0	26.266374818057574	23.780013555404942	23.768902567749247	26.184709058788236	0.0
47.0	26.119432006311037	23.843068410350995	23.853623848623904	26.183875734714057	0.0
48.0	26.319985333496295	23.781680203553293	23.606682147976134	26.29165231497428	0.0
49.0	26.222486416817592	23.823901956644928	23.757791580093553	26.19582004644393	0.0
50.0	26.282763524849724	23.815568715903158	23.70945878379129	26.192208975455827	0.0
51.0	26.054988277908027	23.772235864045953	23.83001299985556	26.342762858190465	0.0
52.0	26.148320574215845	23.734180731325207	23.762513749847226	26.354984944611726	0.0
53.0	26.090265663714845	23.820290885656824	23.800846657259363	26.288596793368963	0.0
54.0	26.036099598893347	23.848068354796055	23.753347185031277	26.362484861279317	0.0
55.0	26.243875068054802	23.657237141809535	23.894178953567184	26.20470883656848	0.0
56.0	26.327485250163885	23.740013999844443	23.759736002933302	26.172764747058363	0.0
57.0	26.12137642915079	23.800013333185188	23.82167975911379	26.256930478550238	0.0
58.0	26.193042299530006	23.799735558493794	23.832235197386694	26.174986944589506	0.0
59.0	26.35470716992033	23.756402706636592	23.654737169587005	26.234152953856064	0.0
60.0	26.21165320385329	23.756680481327987	23.942511749869446	26.08915456494928	0.0
61.0	26.333800919431678	23.743281343314678	23.648282662740797	26.274635074512855	0.0
62.0	26.16185886307135	23.799113901195817	23.733281482201637	26.305745753531202	0.0
63.0	26.139081401647204	23.81050263190789	23.742725795475064	26.30769017096985	0.0
64.0	26.21102484687713	23.842724406605463	23.789947361842195	26.156303384675212	0.0
65.0	26.273246204913818	23.84383550228469	23.729948195163956	26.152970097637535	0.0
66.0	26.085471035124513	23.74383689115429	23.874112859543615	26.29657921417758	0.0
67.0	26.201785525796794	23.66960550657489	23.922656844608145	26.20595212302017	0.0
68.0	26.241784859141237	23.820158552913007	23.907101548307526	26.030955039638226	0.0
69.0	26.477336488836293	23.82182519180236	23.566829441731528	26.134008877629817	0.0
70.0	26.284561923967935	23.737937701038316	23.78321472419904	26.194285650794708	0.0
71.0	26.285117470264385	23.775159302900505	23.757659594562313	26.182063632272794	0.0
72.0	26.13484219707449	23.82599178902574	23.85015805292134	26.18900796097843	0.0
73.0	26.315950289717392	23.77793703438276	23.61738415470853	26.288728521191313	0.0
74.0	26.217063048949186	23.821547418654134	23.753215224190708	26.208174308205972	0.0
75.0	26.2765065026694	23.806825441798193	23.715438076032065	26.20122997950034	0.0
76.0	26.070954372982673	23.76682610845375	23.812658677910925	26.349560840652657	0.0
77.0	26.14456425726238	23.72599345566463	23.780992539013237	26.348449748059753	0.0
78.0	26.092065132247793	23.82043632606123	23.80099220568546	26.28650633600551	0.0
79.0	26.032899451675807	23.844602589956835	23.77265934456648	26.34983861380088	0.0
80.0	26.25400687766315	23.664605589906834	23.90154608534302	26.179841447086993	0.0
81.0	26.312894785086915	23.760437326044567	23.765437242712622	26.161230646155897	0.0
82.0	26.127064548924185	23.79932556679611	23.808492080687543	26.265117803592165	0.0
83.0	26.202618845241467	23.802936617723038	23.831269478842017	26.16317505819347	0.0
84.0	26.366505002694403	23.74460425659572	23.647105881568642	26.241784859141237	0.0
85.0	26.201785525796794	23.758770687155213	23.939601006649887	26.099842780398102	0.0
86.0	26.339487843291938	23.753982561450194	23.628151674828544	26.278377920429325	0.0
87.0	26.172268872549697	23.785926384764743	23.73481626746147	26.30698847522409	0.0
88.0	26.165324563133495	23.790092970414463	23.728983047551854	26.315599418900188	0.0
89.0	26.22449007935957	23.83481432305483	23.777315441088646	26.163380156496956	0.0
90.0	26.287544408858714	23.840091998211147	23.718983241992518	26.15338035093762	0.0
91.0	26.087548297671994	23.73759399122795	23.881202309955086	26.293655401144978	0.0
92.0	26.188306926512745	23.679196017866268	23.918079598231152	26.21441745738984	0.0
93.0	26.25024999444457	23.831970400657763	23.904468789582452	26.013310815315215	0.0
94.0	26.476633852581056	23.82919268460701	23.567809604231016	26.12636385858092	0.0
95.0	26.279971556187643	23.72169507344281	23.784193684584785	26.214139685784758	0.0
96.0	26.28552698828915	23.77113841914624	23.75447212284171	26.188862469722896	0.0
97.0	26.1469189573565	23.81391524632786	23.84919224017244	26.189973556143197	0.0
98.0	26.301637741383527	23.776971622852823	23.625863869691784	26.295526766071863	0.0
99.0	26.23025043887914	23.815304104353235	23.7455834314793	26.208862025288326	0.0
100.0	26.268305148774473	23.809748672251725	23.71947290060221	26.202473278371592	0.0
101.0	26.087198062265283	23.75530543765694	23.803359925334995	26.354136574742782	0.0
102.0	26.16108530921535	23.700028888246926	23.781138196928957	26.35774760560877	0.0
103.0	26.106642074620563	23.799471122863935	23.790304659896446	26.303582142619053	0.0
104.0	26.04469900668874	23.840303548810027	23.773916135196995	26.341081309304236	0.0
105.0	26.268027377169396	23.668085153663252	23.896691184640343	26.167196284527012	0.0
106.0	26.30135996977845	23.753361036421413	23.780860425323883	26.164418568476254	0.0
107.0	26.13414146352303	23.79502677718273	23.817248505588765	26.253583253705475	0.0
108.0	26.194973445034552	23.792804604342127	23.833081487078065	26.179140463545252	0.0
109.0	26.35858092042399	23.758916468522923	23.64030799315571	26.24219461789738	0.0
110.0	26.205250994422347	23.756972067287393	23.931968178484922	26.10580875980534	0.0
111.0	26.343785849798202	23.74718409817532	23.633575827270985	26.27545422475549	0.0
112.0	26.179067745528585	23.775794494026538	23.72579574399529	26.31934201644959	0.0
113.0	26.17462341219247	23.773294556524977	23.73551772316803	26.316564308114522	0.0
114.0	26.232677516395427	23.8382929315656	23.76940576485588	26.1596237871831	0.0
115.0	26.292120474765905	23.837737389898585	23.728295681496853	26.141846453838653	0.0
116.0	26.07768139129855	23.734684410667512	23.88273626492671	26.30489793310723	0.0
117.0	26.19830670429546	23.684473678362703	23.922801715517434	26.1944179018244	0.0
118.0	26.25136108086487	23.837525832759273	23.906135419212905	26.004977667162954	0.0
119.0	26.47885602542166	23.826414968556254	23.56725406102087	26.12747494500122	0.0
120.0	26.256360969756226	23.72475056109864	23.775860536432525	26.243027932712604	0.0
121.0	26.274693895691208	23.76947178951579	23.758638696917846	26.197195617875156	0.0
122.0	26.129697117841825	23.811693073487255	23.851414413013046	26.207195395657873	0.0
123.0	26.284415901868847	23.783638141374635	23.62197506722073	26.309970889535787	0.0
124.0	26.254694340125774	23.794471233972576	23.73808359814226	26.212750827759386	0.0
125.0	26.27024955001	23.799471122863935	23.71947290060221	26.210806426523853	0.0
126.0	26.104419901779963	23.76947178951579	23.793360147552274	26.332748161151976	0.0
127.0	26.18275149441123	23.6991955734317	23.765027443834583	26.35302548832248	0.0
128.0	26.11441967956268	23.792249061131976	23.792526832737053	26.3008044265683	0.0
129.0	26.039699117797383	23.849470011777516	23.774749450012223	26.33608142041288	0.0
130.0	26.28136041421302	23.65975200551099	23.884469234017022	26.17441834625897	0.0
131.0	26.313859692006847	23.741694629008244	23.77919379569343	26.165251883291486	0.0
132.0	26.13497477833826	23.811137530277104	23.822803937690274	26.231083753694364	0.0
133.0	26.18747361169752	23.812804159907557	23.825859425346106	26.17386280304882	0.0
134.0	26.35830314881892	23.750027777160508	23.649474456123198	26.24219461789738	0.0
135.0	26.22191729072687	23.76336081420413	23.928634919224017	26.086086975844978	0.0
136.0	26.34004338804523	23.749260431047173	23.640373659401067	26.27032252150653	0.0
137.0	26.18449085712222	23.7689822697892	23.72676086853867	26.319766004549912	0.0
138.0	26.171713327796404	23.774537717322165	23.737871763604595	26.315877191276837	0.0
139.0	26.24421191810159	23.846758535250704	23.752315927190303	26.1567136194574	0.0
140.0	26.297617261934526	23.813491997355598	23.722660177885924	26.166230562823955	0.0
141.0	26.086787442431515	23.724882363071725	23.873768770520492	26.31456142397627	0.0
142.0	26.212413716476163	23.673560089443203	23.90911237343926	26.20491382064138	0.0
143.0	26.23324676046166	23.83328009333204	23.91827891279288	26.015194233413425	0.0
144.0	26.460465826863516	23.84050221524701	23.586616852543717	26.11241510534576	0.0
145.0	26.256301995805615	23.726059360286662	23.77883640504993	26.238802238857794	0.0
146.0	26.27394771710236	23.76980191831735	23.76646861276156	26.189781751818735	0.0
147.0	26.123393416165975	23.832856948414317	23.860634494712542	26.18311514070716	0.0
148.0	26.30866964997514	23.791468404429963	23.60730327247273	26.29255867312217	0.0
149.0	26.23978133515554	23.80063499470838	23.761746429890863	26.19783724024522	0.0
150.0	26.28644761293656	23.810079360449773	23.734246659055618	26.169226367558046	0.0
151.0	26.095688357286907	23.767367959066892	23.797367792401154	26.339575891245048	0.0
152.0	26.175132360375773	23.70542385875634	23.76931239270893	26.350131388158953	0.0
153.0	26.099021672101824	23.80014555474692	23.797923344870306	26.30290942828095	0.0
154.0	26.02679985111194	23.862089655057474	23.763479091782823	26.347631402047767	0.0
155.0	26.283187315626023	23.64625752079155	23.88986727851512	26.180687885067304	0.0
156.0	26.290131721490432	23.756256909683835	23.786256743018093	26.167354625807633	0.0
157.0	26.14624363197982	23.799590002277764	23.820700996105575	26.23346536963684	0.0
158.0	26.1842989761168	23.799034449808612	23.82681207326626	26.18985450080833	0.0
159.0	26.375409025505412	23.762645763079092	23.644868639618668	26.21707657179682	0.0
160.0	26.226520963772426	23.746812517708236	23.924867084071757	26.101799434447585	0.0
161.0	26.331593523351327	23.742711825800484	23.64826764370099	26.277427007147203	0.0
162.0	26.173816183843932	23.774656181510608	23.73076741453496	26.3207602201105	0.0
163.0	26.155205124430207	23.78548948475143	23.744934041849884	26.314371348968475	0.0
164.0	26.234093794183906	23.839656000955554	23.765489540306834	26.160760664553713	0.0
165.0	26.29611111111111	23.82472222222222	23.71138888888889	26.16777777777778	0.0
166.0	26.079444444444444	23.738055555555558	23.863611111111112	26.318888888888893	0.0
167.0	26.21118391995533	23.684788013300036	23.913121980894392	26.19090608585024	0.0
168.0	26.244239567332134	23.842566229350638	23.89951083197453	26.0136833713427	0.0
169.0	26.486184683846343	23.832010644474014	23.58145439292887	26.100350278750774	0.0
170.0	26.259795166097682	23.715065875182987	23.78784385512182	26.237295103597507	0.0
171.0	26.2704966985836	23.77880926785501	23.773809226187996	26.176884807373398	0.0
172.0	26.131884432370267	23.8276985641547	23.869087797953874	26.171329205521154	0.0
173.0	26.30744145090098	23.80964285813493	23.61214121228788	26.270774478676213	0.0
174.0	26.236885307377563	23.798253874337842	23.752697939149492	26.212162879135104	0.0
175.0	26.285774603677254	23.811031758597988	23.734920013222332	26.168273624502426	0.0
176.0	26.079734219269103	23.76831964799609	23.81276458627318	26.339181546461628	0.0
177.0	26.168901876687517	23.71387459860665	23.787764308492317	26.329459216213515	0.0
178.0	26.090845453838373	23.79443104923388	23.816375737508196	26.29834775941955	0.0
179.0	26.02890032111468	23.861376237513753	23.777208635651505	26.332514805720063	0.0
180.0	26.28890321003567	23.653873931932576	23.88415426838076	26.173068589650995	0.0
181.0	26.29390326559184	23.75804175601951	23.78943099367771	26.158623984710943	0.0
182.0	26.14140157112857	23.80359781775353	23.823320259113988	26.23168035200391	0.0
183.0	26.205013389037656	23.794153268369648	23.81998688874321	26.180846453849487	0.0
184.0	26.367237413749038	23.764986277625308	23.659985110945676	26.207791197679974	0.0
185.0	26.213624595828843	23.761652907254526	23.92804364492939	26.096678851987242	0.0
186.0	26.33203238933874	23.751996555507716	23.645883970610704	26.270087084542844	0.0
187.0	26.166474534368533	23.77338574146863	23.741440853345186	26.318698870817652	0.0
188.0	26.149529854581317	23.80227503159766	23.733662967541218	26.314532146279813	0.0
189.0	26.235642161696692	23.824775344102	23.778941374185752	26.160641120015555	0.0
190.0	26.289604826747116	23.82789713161886	23.719839775107364	26.162658266526662	0.0
191.0	26.089601493358224	23.752895881598025	23.859286543664616	26.298216081379135	0.0
192.0	26.183842463603458	23.704627589980916	23.91074270888601	26.20078723752962	0.0
193.0	26.229121121799594	23.844352529076954	23.89240901906426	26.034117330059196	0.0
194.0	26.48579277930404	23.83018558694197	23.58823643793074	26.09578519582325	0.0
195.0	26.276344262249545	23.70657207223474	23.775740083834965	26.241343581680752	0.0
196.0	26.270656766419158	23.76948312596704	23.776705528749332	26.18315457886447	0.0
197.0	26.15204268995614	23.815873174607145	23.866429994083184	26.165654141353535	0.0
198.0	26.307324349775413	23.79726159820662	23.63309082727068	26.262323224747284	0.0
199.0	26.228433488614993	23.802539507932146	23.781427869030058	26.187599134422808	0.0
200.0	26.272879044198326	23.80670627876808	23.746982563452974	26.17343211358062	0.0
201.0	26.080724464568462	23.77704936248229	23.826495180421677	26.31573099252757	0.0
202.0	26.18211616989361	23.723436762132284	23.774549293035918	26.319897774938195	0.0
203.0	26.11016972693686	23.797605489041363	23.800383343981775	26.291841440040002	0.0
204.0	26.029889719158867	23.863162865635157	23.77343815105975	26.333509264146226	0.0
205.0	26.272118669963056	23.664824022889526	23.88594127614656	26.177116031000864	0.0
206.0	26.291008083557877	23.748159671101977	23.80260562793411	26.15822661740604	0.0
207.0	26.13600377788272	23.79343870663074	23.820661685046808	26.249895830439733	0.0
208.0	26.188783021750606	23.790938637184368	23.84177338259396	26.178504958471066	0.0
209.0	26.38212172560349	23.76010444734576	23.64954582071724	26.208228006333513	0.0
210.0	26.210728075779883	23.73649268035223	23.92122003388983	26.131559209978057	0.0
211.0	26.319970887999354	23.758503732058482	23.640722355405305	26.28080302453686	0.0
212.0	26.17941103755948	23.775170907999968	23.714613502079228	26.33080455236132	0.0
213.0	26.161910502820916	23.776837625594116	23.754059151807418	26.30719271977755	0.0
214.0	26.266913711252286	23.82128342810475	23.76794846509199	26.143854395550974	0.0
215.0	26.286987344022577	23.84579485982866	23.727735368956743	26.139482427192018	0.0
216.0	26.086702890096337	23.750791693056435	23.86190650799471	26.300598908852518	0.0
217.0	26.195945964715396	23.682521868845264	23.910030084419713	26.211502082019628	0.0
218.0	26.23761413606602	23.84447216149472	23.901974237958594	26.015939464480663	0.0
219.0	26.462344473550438	23.835582951606586	23.594185345581923	26.107887229261056	0.0
220.0	26.264003977921423	23.709467286318674	23.78780344845786	26.23872528730204	0.0
221.0	26.273316943761543	23.77265719404975	23.777935191744103	26.1760906704446	0.0
222.0	26.160256677361556	23.827381696459575	23.851827159464978	26.16053446671389	0.0
223.0	26.288873147492257	23.804325180215844	23.62320652249399	26.283595149797907	0.0
224.0	26.2330374876731	23.823492645526898	23.756823200966707	26.186646665833297	0.0
225.0	26.27303915440921	23.802936233454172	23.739878050474324	26.184146561662292	0.0
226.0	26.0989377305658	23.78077914573981	23.821892084092628	26.29839103960176	0.0
227.0	26.17533001466732	23.72133205920263	23.78327925685586	26.32005866927419	0.0
228.0	26.10171563180586	23.793557491444066	23.809669318636384	26.295057558113694	0.0
229.0	26.024767767456332	23.8557824792213	23.77661229387973	26.34283745944264	0.0
230.0	26.28783501488955	23.657718120805367	23.8860616027379	26.168385261567177	0.0
231.0	26.291724076625627	23.747166540735144	23.790779590204007	26.170329792435222	0.0
232.0	26.129494644206407	23.782445886483845	23.827447886572735	26.26061158273701	0.0
233.0	26.207831459175964	23.79827992355216	23.82717009644873	26.166718520823146	0.0
234.0	26.380894706431395	23.749388861727187	23.646050935597138	26.223665496244276	0.0
235.0	26.20672029867994	23.740777367883016	23.919118627494555	26.133383705942485	0.0
236.0	26.33096562893248	23.735287499687484	23.643616504112693	26.290130367267345	0.0
237.0	26.182903081534402	23.783900906431693	23.71278643713731	26.32040957489659	0.0
238.0	26.147901428678576	23.78556765180578	23.7483436717845	26.318187247731146	0.0
239.0	26.251517432767656	23.811124414208447	23.788901142553954	26.14845701046994	0.0
240.0	26.27805157211039	23.82862635500414	23.74361738183475	26.149704691050722	0.0
241.0	26.074091772890434	23.755876109931876	23.858673304957602	26.311358812220085	0.0
242.0	26.192976899010272	23.695324786467275	23.911775002917494	26.199923311604955	0.0
243.0	26.23387665957175	23.84865039096148	23.89894465408106	26.018528295385714	0.0
244.0	26.46194117777827	23.832058777760487	23.596969966431764	26.109030078029477	0.0
245.0	26.275098308947157	23.71948254060889	23.763947364764405	26.24147178567955	0.0
246.0	26.290146857733653	23.748763215528452	23.774610621338287	26.186479305399608	0.0
247.0	26.153687937940024	23.8194901898655	23.852009972733413	26.17481189946106	0.0
248.0	26.313829047949966	23.81014593467686	23.609451007644196	26.266574009728977	0.0
249.0	26.232661570535093	23.825990271021542	23.75316191799861	26.188186240444754	0.0
