# Position (bp)	A	C	G	T	N
0.0	26.191965216355463	21.84126067803366	25.33023921391651	26.601332792702397	0.03520209899196766
1.0	26.208362668393427	20.280058827931356	28.46854950663647	25.043028997038753	0.0
2.0	25.35816772069256	23.44687083359423	25.24194743055418	25.953014015159038	0.0
3.0	26.99731670105423	23.09988988852932	24.516983281688358	25.3858101287281	0.0
4.0	27.20975089761466	22.587359936223926	24.408322655625994	25.79456651053542	0.0
5.0	26.229361735271254	23.50055208455828	24.20024099292751	26.06984518724295	0.0
6.0	26.30136944460141	23.28384171437909	24.49132623997581	25.92346260104369	0.0
7.0	25.6052694676622	23.980858014236603	24.464371074128994	25.9495014439722	0.0
8.0	25.216061308112053	24.351052473231917	24.590289115152775	25.842597103503255	0.0
9.0	25.354655149505724	24.264841758668034	24.851135705896997	25.529367385929252	0.0
10.0	25.197887570232336	24.46085850294216	25.048679655034967	25.292574271790542	0.0
11.0	25.19132058931781	24.62068049194323	25.06013369151378	25.127865227225175	0.0
12.0	25.372370725926285	24.22490535147856	25.087852459792515	25.314871462802635	0.0
13.0	24.962163499498313	24.463912912669844	25.141762791486137	25.432160796345705	0.0
14.0	24.746903973939776	24.81967528570185	25.097397490191526	25.336023250166846	0.0
15.0	24.923830657415877	24.696811654405757	25.191855111020157	25.187502577158206	0.0
16.0	24.767521239601646	24.91123121728918	25.329074468036367	24.99217307507281	0.0
17.0	24.702156871429203	25.20140014141917	25.347400926402468	24.749042060749154	0.0
18.0	24.847394053980583	25.03699653782657	25.32159116420354	24.794018243989306	0.0
19.0	24.77027020835656	25.222857369756152	25.31204613380453	24.694826288082762	0.0
20.0	24.90206798810613	25.304715550458084	25.29326151397927	24.49995494745652	0.0
21.0	25.11282225931633	25.055246635949484	25.056315679354174	24.775615425380007	0.0
22.0	25.011950378059566	24.9555201583406	25.166274429550807	24.866255034049033	0.0
23.0	24.946509649643932	25.189793384453974	25.046923369441547	24.81677359646055	0.0
24.0	24.99728921136668	25.034171208828464	24.89679913132587	25.07174044847898	0.0
25.0	24.678943357498806	25.19674216658445	25.04379259947067	25.08052187644607	0.0
26.0	24.62900375845117	25.387871855294286	25.187502577158206	24.79562180909634	0.0
27.0	24.856404562677252	25.271651565155906	25.07723838598881	24.79470548617803	0.0
28.0	24.755609041663675	25.30860992286088	25.157798442556476	24.777906232675768	7.636024319210252E-5
29.0	24.81387190721925	25.503023102027978	25.046770648955164	24.63633434179761	0.0
30.0	25.198956613637023	25.100757340891978	24.86029893508005	24.839910750147755	7.636024319210252E-5
31.0	25.07907103182542	25.149856977264502	24.81181018065306	24.959261810257015	0.0
32.0	25.271269763939948	25.114044023207406	24.693146362732534	24.92146348987692	7.636024319210252E-5
33.0	25.504703027378202	24.873280176422703	24.38060388734726	25.241412908851835	0.0
34.0	25.281502036527687	24.996296528205182	24.302487358561738	25.41971407670539	0.0
35.0	25.2250371016485	25.166861100366315	24.25946958897692	25.348632209008265	0.0
36.0	25.482219730976663	24.892766431176398	24.225353430304807	25.399660407542136	0.0
37.0	25.415148634047487	24.939370976851023	24.303339698128372	25.34214069097312	0.0
38.0	25.389431162539932	25.149874065550286	24.150686805449382	25.310007966460397	0.0
39.0	25.739195676300426	24.85519809294903	24.019878248192438	25.385727982558105	0.0
40.0	25.588782345854703	24.98130783021293	24.042246824011333	25.38766299992103	0.0
41.0	25.70854392713598	25.094012523503128	23.836228459057114	25.361215090303773	0.0
42.0	26.03055681766651	24.653517199435562	23.77218339069887	25.54374259219906	0.0
43.0	25.886596020195583	24.586703408234804	23.705771508461183	25.820929063108434	0.0
44.0	25.864914598154886	24.86141537836691	23.528589095040264	25.745080928437936	0.0
45.0	26.034773303463833	24.613938324140793	23.39272230861932	25.958566063776058	0.0
46.0	25.83209177045643	24.694082751520018	23.52713596869689	25.946689509326664	0.0
47.0	25.74142108879627	24.913005930486364	23.474777510254548	25.870795470462827	0.0
48.0	25.950478061772053	24.701255043103547	23.44737595653095	25.900890938593445	0.0
49.0	25.889964448233126	24.78275973362044	23.365986099579438	25.961289718566988	0.0
50.0	25.815898105352293	25.12541472778568	23.396854145187067	25.66183302167496	0.0
51.0	26.226276498952423	24.663537385816955	23.270942484856747	25.839243630373872	0.0
52.0	26.13496750232126	24.637325905292478	23.270269266480966	25.957437325905293	0.0
53.0	26.151066780320857	24.857349143140674	23.19658782967138	25.794996246867086	0.0
54.0	26.492686204226963	24.363517306531428	22.99386452851681	26.1499319607248	0.0
55.0	26.144628537369318	24.544104902494944	22.985632950967737	26.325633609167998	0.0
56.0	26.02660565606057	24.818776485757642	22.982561659236897	26.172056198944894	0.0
57.0	26.353240475197737	24.36478389424247	23.138692465453346	26.14328316510645	0.0
58.0	26.174593172976824	24.618514054024438	23.05056343944624	26.1563293335525	0.0
59.0	26.068850775595642	24.878797752698045	23.04447209139291	26.007879380313398	0.0
60.0	26.362988335740585	24.536860287855447	23.031105581704548	26.069045794699424	0.0
61.0	26.172082957202047	24.791681133254635	22.926069948846145	26.110165960697174	0.0
62.0	26.42545651053776	24.727601764461927	23.081901697854747	25.76504002714557	0.0
63.0	26.63987599355385	24.44654612001857	22.834325749091803	26.07925213733577	0.0
64.0	26.486115745375006	24.516738961183407	22.875468060653244	26.121677232788343	0.0
65.0	26.42824938812315	24.677154450598994	22.777518356305553	26.117077804972304	0.0
66.0	26.732876592621075	24.275128021392245	22.698673471171155	26.293321914815525	0.0
67.0	26.25310103075179	24.66831422513365	22.867226077593365	26.2113586665212	0.0
68.0	26.40438431873956	24.68241529355963	22.984162009445054	25.929038378255758	0.0
69.0	26.729390379371864	24.24344430605581	22.872274772500308	26.154890542072014	0.0
70.0	26.178237405679962	24.583648750946253	23.01225855290469	26.225855290469095	0.0
71.0	26.30339947864021	24.75395009841996	23.057535776985688	25.885114645954143	0.0
72.0	26.654183631256938	24.36804633238259	22.922336650046812	26.05543338631366	0.0
73.0	26.587584025306445	24.287069988137606	22.90391459074733	26.22143139580862	0.0
74.0	26.621619292227606	24.448830434557774	22.866426490614174	26.06312378260045	0.0
75.0	26.796271138801703	24.16264580503115	22.749800908792807	26.29128214737434	0.0
76.0	26.63975782038345	24.395315414487968	22.584064662773038	26.380862102355547	0.0
77.0	26.267209531945106	24.497720187710094	22.901296885920633	26.333773394424163	0.0
78.0	26.642322527598754	24.049913546062417	22.965309601828228	26.3424543245106	0.0
79.0	26.290653615408903	24.63161772445006	22.637090832543944	26.440637827597097	0.0
80.0	26.424982053122758	25.18880114860014	22.637473079684135	25.748743718592966	0.0
81.0	27.03921108241371	24.530014870470378	22.455975581122328	25.974798465993583	0.0
82.0	26.832847076487347	24.140519697667674	22.669806009110918	26.356827216734057	0.0
83.0	26.525751711818994	24.711595713009824	22.594150044656146	26.168502530515035	0.0
84.0	26.82516177455018	24.4335355092602	22.65249406657606	26.088808649613565	0.0
85.0	26.723146345779508	24.41603256060874	22.564590337993277	26.296230755618478	0.0
86.0	26.54090174414397	24.77263406749813	22.55807782307674	26.128386365281166	0.0
87.0	26.786558151745865	24.491992648989235	22.567603045418743	26.153846153846157	0.0
88.0	26.251470208554462	24.50730084052899	22.76886887174044	26.47236007917611	0.0
89.0	26.586792629899588	24.687959458191262	22.45753433228016	26.267713579628992	0.0
90.0	26.564308572206713	24.586368897664602	22.492680601892832	26.356641928235852	0.0
91.0	26.896296296296295	24.09259259259259	22.45925925925926	26.551851851851854	0.0
92.0	26.53417156763334	24.834719123909956	22.612046238085583	26.019063070371125	0.0
93.0	27.12390754624906	24.55969122931547	22.101947562219955	26.21445366221552	0.0
94.0	26.77558539777961	25.04969215106414	22.368740000969602	25.805982450186647	0.0
95.0	27.107508080326394	24.07672336141578	22.900439781698722	25.915328776559104	0.0
96.0	26.685117915008938	24.361413826904226	22.37790463011013	26.575563627976706	0.0
97.0	27.483651911468815	24.113430583501007	22.82444668008048	25.5784708249497	0.0
98.0	27.221159103335157	24.473756150902133	22.819846910880262	25.48523783488245	0.0
99.0	26.37763069829702	24.332564884360824	22.681639027292334	26.608165390049827	0.0
100.0	26.868212027881345	23.812611444318364	23.04263251742584	26.276544010374455	0.0
101.0	27.11280056577086	24.39002828854314	22.50707213578501	25.99009900990099	0.0
102.0	27.666121742475237	23.598422925281277	22.28098855659198	26.454466775651504	0.0
103.0	26.39545884578997	24.11436980973405	22.96856932618522	26.521602018290757	0.0
104.0	27.09870848708487	24.204335793357934	23.09732472324723	25.599630996309962	0.0
105.0	26.392888443721045	24.37711280831351	22.987354450982846	26.242644296982597	0.0
106.0	27.045235803657363	23.6628626426509	23.181630688849168	26.110270864842565	0.0
107.0	27.798591338228682	23.827364004196014	22.148958489435035	26.225086168140265	0.0
108.0	27.247420992303912	23.628622891763552	22.4987719010971	26.625184214835436	0.0
109.0	27.26289217454021	23.674720519293185	23.314100252434187	25.748287053732422	0.0
110.0	26.299274367523047	24.55383408511473	22.965287311237496	26.181604236124727	0.0
111.0	26.149240966431474	24.759461193072482	22.001282873636946	27.0900149668591	0.0
112.0	27.01936702881436	24.32687765706188	22.86254133207369	25.79121398205007	0.0
113.0	27.6519052523172	24.665293511843462	22.55406797116375	25.12873326467559	0.0
114.0	27.698863636363637	24.6875	22.215909090909093	25.397727272727273	0.0
115.0	26.251564455569458	23.90488110137672	23.247809762202753	26.595744680851062	0.0
116.0	26.42487046632124	23.903281519861828	22.9706390328152	26.701208981001727	0.0
117.0	26.449412656309207	24.289503599848427	24.93368700265252	24.327396741189844	0.0
118.0	28.374425407438363	23.81947346427079	22.524028416213955	25.282072712076893	0.0
119.0	25.104214914312184	25.196850393700785	23.01991662806855	26.67901806391848	0.0
120.0	27.10997442455243	24.194373401534527	23.171355498721226	25.524296675191817	0.0
121.0	25.688073394495415	24.254587155963304	22.362385321100916	27.69495412844037	0.0
122.0	27.588424437299036	25.65916398713826	19.35691318327974	27.395498392282956	0.0
123.0	28.520114942528735	23.060344827586206	21.982758620689655	26.436781609195403	0.0
124.0	26.192400970088926	24.818108326596604	22.635408245755862	26.354082457558608	0.0
125.0	30.327868852459016	22.950819672131146	22.404371584699454	24.316939890710383	0.0
126.0	28.704663212435232	24.870466321243523	21.554404145077722	24.870466321243523	0.0
127.0	26.7688679245283	25.235849056603776	21.580188679245282	26.41509433962264	0.0
128.0	29.560585885486017	22.769640479360852	22.237017310252995	25.432756324900136	0.0
129.0	24.885496183206108	27.022900763358777	19.84732824427481	28.24427480916031	0.0
130.0	25.0	26.541095890410958	22.43150684931507	26.027397260273972	0.0
131.0	25.697211155378486	25.099601593625497	20.916334661354583	28.286852589641438	0.0
132.0	28.941176470588236	20.47058823529412	22.823529411764707	27.764705882352942	0.0
133.0	21.828908554572273	28.31858407079646	22.418879056047196	27.43362831858407	0.0
134.0	26.691729323308273	23.308270676691727	22.932330827067666	27.06766917293233	0.0
135.0	28.934010152284262	19.796954314720814	24.873096446700508	26.39593908629442	0.0
136.0	21.897810218978105	29.927007299270077	24.817518248175183	23.357664233576642	0.0
137.0	28.723404255319153	23.404255319148938	29.78723404255319	18.085106382978726	0.0
138.0	26.190476190476193	23.809523809523807	26.190476190476193	23.809523809523807	0.0
