# Position (bp)	A	C	G	T	N
0.0	26.283564002806305	23.68523946458431	23.876023592897727	26.15517293971166	0.0
1.0	26.158777872368745	23.756783512701844	23.792555536760606	26.291883078168805	0.0
2.0	26.206020886526886	23.746156895686575	23.80077125455004	26.247050963236497	0.0
3.0	26.16128379483455	23.88015845075303	23.76012840165991	26.198429352752513	0.0
4.0	26.146950474136617	23.85152497082556	23.831012775771217	26.170511779266604	0.0
5.0	26.21674885039789	23.836053850439466	23.59130432372352	26.355892975439122	0.0
6.0	26.328889381634745	23.697996064192466	23.683028908783502	26.290085645389283	0.0
7.0	26.205772631275533	23.78812990914785	23.513467070946714	26.4926303886299	0.0
8.0	26.217300086747098	23.83300214234838	23.737940629512305	26.211757141392223	0.0
9.0	26.313091001806953	23.705754542330418	23.69882603345638	26.28232842240624	0.0
10.0	26.269828952765245	23.72379696039198	23.743750623551975	26.2626234632908	0.0
11.0	26.22936735802414	23.779778070924188	23.791140573556962	26.199713997494705	0.0
12.0	26.231861565919147	23.843796073562505	23.721025618286422	26.20331674223193	0.0
13.0	26.325532929086897	23.790032036714738	23.750956113026415	26.133478921171942	0.0
14.0	26.212185036969704	23.800286002505295	23.742364952499194	26.245164008025807	0.0
15.0	26.37229552401777	23.78996610657998	23.635325645651637	26.202412723750612	0.0
16.0	26.363427253857	23.669967325967125	23.8168480505048	26.14975736967107	0.0
17.0	26.281600053209473	23.731702315166363	23.8422782522905	26.144419379333662	0.0
18.0	26.26081510262223	23.731148049817367	23.739184897377772	26.268851950182633	0.0
19.0	26.150516298172587	23.73752210133079	23.82703595519319	26.28492564530343	0.0
20.0	26.25416391843431	23.69456653678382	23.84310965031399	26.208159894467876	0.0
21.0	26.29822801367927	23.694289404109323	23.67738431096503	26.330098271246378	0.0
22.0	26.194026128068554	23.773549349015347	23.763849705407967	26.268574817508135	0.0
23.0	26.2306076411021	23.797382759022053	23.64495978804893	26.327049811826914	0.0
24.0	26.141925185263194	23.699832057599256	23.798768422394538	26.359474334743016	0.0
25.0	26.2552724491323	23.693458006085834	23.885233816837474	26.166035727944397	0.0
26.0	26.171301248759832	23.759138449941524	23.79765989169655	26.271900409602093	0.0
27.0	26.209545557840357	23.759692715290516	23.803756810535475	26.227004916333645	0.0
28.0	26.15190196154507	23.882739622767005	23.763849705407967	26.20150871027996	0.0
29.0	26.15439615561554	23.844495313686473	23.83507280275359	26.166035727944397	0.0
30.0	26.202062975628955	23.838675527522046	23.58814758977713	26.37111390707187	0.0
31.0	26.326218413803424	23.694843669458315	23.6798785050355	26.299059411702757	0.0
32.0	26.215919609353783	23.774657879713335	23.520804349874457	26.488618161058426	0.0
33.0	26.2145339459813	23.835349935428088	23.74001629540126	26.210099823189353	0.0
34.0	26.3120846474041	23.7042661803912	23.696229332830796	26.287419839373904	0.0
35.0	26.27439460367256	23.722834069582472	23.74251048947173	26.260260837273236	0.0
36.0	26.235041763894046	23.773549349015347	23.80015408576702	26.191254801323588	0.0
37.0	26.22977624307861	23.846712375082447	23.719508477488514	26.204002904350425	0.0
38.0	26.33231533264235	23.79045444215964	23.749993071683136	26.127237153514876	0.0
39.0	26.2225707935417	23.78879164611266	23.73447364191133	26.25416391843431	0.0
40.0	26.37298074764646	23.785400136903164	23.63824309456572	26.20337602088466	0.0
41.0	26.367160977610517	23.66179930661597	23.81837883377351	26.152660882000006	0.0
42.0	26.281177253076155	23.736004877508037	23.84852011972065	26.134297749695158	0.0
43.0	26.259838155415142	23.736004877508037	23.7337878284004	26.27036913867642	0.0
44.0	26.15092561800244	23.738221926615672	23.829952333444187	26.2809001219377	0.0
45.0	26.258452499722868	23.691386764216826	23.84491741492074	26.205243321139566	0.0
46.0	26.307227580090895	23.69859217381665	23.67448176477109	26.319698481321364	0.0
47.0	26.188338321693827	23.775911761445517	23.769537745261058	26.2662121715996	0.0
48.0	26.22741381221594	23.795865203414255	23.64981709344862	26.326903890921184	0.0
49.0	26.143443077264163	23.69914643609356	23.799745039352622	26.35766544728966	0.0
50.0	26.258452499722868	23.689723977386098	23.886209954550495	26.16561356834054	0.0
51.0	26.160070945571444	23.76371799135351	23.8072275800909	26.268983482984147	0.0
52.0	26.203857665447288	23.744595942800135	23.81969848132136	26.231847910431217	0.0
53.0	26.156191109633077	23.880390200642946	23.766489302738055	26.19692938698592	0.0
54.0	26.151202749140896	23.844086021505376	23.839374792151645	26.165336437202086	0.0
55.0	26.207737501385658	23.833832169382553	23.59051102981931	26.367919299412485	0.0
56.0	26.33798913645937	23.689446846247645	23.68612127258619	26.286442744706797	0.0
57.0	26.217159960093117	23.772586187784057	23.50875734397517	26.501496508147653	0.0
58.0	26.208846025939476	23.839651923290102	23.748752909876956	26.202749140893474	0.0
59.0	26.324963972952002	23.713002993016296	23.694158075601372	26.267874958430333	0.0
60.0	26.26981487639951	23.73018512360049	23.741824631415586	26.258175368584414	0.0
61.0	26.22852233676976	23.77840594169161	23.80196208846026	26.191109633078373	0.0
62.0	26.232956434985034	23.8427003658131	23.722425451723755	26.201917747478102	0.0
63.0	26.33438643165946	23.78256290876843	23.753464139230683	26.129586520341423	0.0
64.0	26.21660569781621	23.78200864649152	23.739330451169494	26.26205520452278	0.0
65.0	26.370617529604452	23.778340044507136	23.645594597066296	26.205447828822116	0.0
66.0	26.36673770441829	23.6539085081795	23.819909600073164	26.159444187329044	0.0
67.0	26.276874643195637	23.72977646726268	23.85309914034397	26.140249749197707	0.0
68.0	26.261078255857136	23.722848227201933	23.740030262552587	26.276043254388348	0.0
69.0	26.156046136536215	23.734210540901557	23.825386180100985	26.284357142461246	0.0
70.0	26.257198441423117	23.69014693411521	23.83868840101762	26.213966223444057	0.0
71.0	26.302647696221616	23.698183692585676	23.671579250752405	26.3275893604403	0.0
72.0	26.19872409531041	23.764971926771274	23.766357574783424	26.26994640313489	0.0
73.0	26.232256777204427	23.800167386279867	23.653842956196893	26.313732880318806	0.0
74.0	26.146900859656025	23.697075174175954	23.79989025667744	26.35613370949058	0.0
75.0	26.265512329496012	23.678784620415584	23.89023450706958	26.16546854301883	0.0
76.0	26.159371691765372	23.757489427505668	23.806541367135754	26.27659751359321	0.0
77.0	26.22615992595097	23.736427577721	23.81513238481108	26.222280111516955	0.0
78.0	26.16408289500668	23.873052471718925	23.77328581484417	26.189578818430228	0.0
79.0	26.15299771090948	23.845062381873507	23.839242660222478	26.162697246994533	0.0
80.0	26.211749186624616	23.83841127141519	23.587886110818584	26.36195343114161	0.0
81.0	26.326757971633015	23.694026748549227	23.692918230139508	26.286297049678254	0.0
82.0	26.212580575431904	23.780768314109775	23.51527815498196	26.491372955476354	0.0
83.0	26.20565233537116	23.830374512944726	23.759152205120245	26.204820946563874	0.0
84.0	26.321215379584416	23.71065452469502	23.699846470200253	26.26828362552031	0.0
85.0	26.27354908796648	23.720076931177633	23.746127113806043	26.260246867049847	0.0
86.0	26.23613659163845	23.768574611602862	23.800721645484728	26.19456715127397	0.0
87.0	26.21923168589022	23.847002289090515	23.72672804163595	26.20703798338331	0.0
88.0	26.330083526862175	23.789359331785104	23.759706464325106	26.12085067702762	0.0
89.0	26.214797612251346	23.786310906158374	23.74806702102305	26.25082446056723	0.0
90.0	26.37629107395737	23.780425281909306	23.64851195672356	26.194771687409762	0.0
91.0	26.36465166291157	23.658765723597245	23.82559728192039	26.15098533157079	0.0
92.0	26.286428484331182	23.732693352251943	23.839387657824435	26.141490505592447	0.0
93.0	26.25539014089191	23.718282692797995	23.749321036237266	26.277006130072827	0.0
94.0	26.15922670184346	23.725488022524967	23.83439935262884	26.28088592300274	0.0
95.0	26.257607165423284	23.682810300295973	23.848532884016365	26.21104965026438	0.0
96.0	26.29862211925375	23.702209264945516	23.679761891565327	26.319406724235407	0.0
97.0	26.20162729600603	23.76345456762479	23.76955138508608	26.265366751283103	0.0
98.0	26.230171486847503	23.802252496923877	23.65786877431799	26.30970724191063	0.0
99.0	26.13899635299465	23.707474698207538	23.79864983206039	26.35487911673743	0.0
100.0	26.279223154604203	23.67865337929964	23.89536752724169	26.146755938854465	0.0
101.0	26.164769263171898	23.75070667656938	23.8075179301859	26.277006130072827	0.0
102.0	26.21825497999135	23.737404529381116	23.821928589639842	26.222411900987687	0.0
103.0	26.15839531764419	23.872088769662238	23.769274257019653	26.200241655673924	0.0
104.0	26.157841061511345	23.8427131946215	23.832459456163882	26.166986287703274	0.0
105.0	26.21936349225704	23.842436066555077	23.58248994025119	26.35571050093669	0.0
106.0	26.3293833346266	23.695558191351388	23.694172551019278	26.28088592300274	0.0
107.0	26.211881034463648	23.778696611278004	23.51764197270843	26.491780381549923	0.0
108.0	26.219917748389886	23.82663976676902	23.755417853698553	26.19802463114254	0.0
109.0	26.322178004899627	23.704426289476892	23.697775215882764	26.27562048974072	0.0
110.0	26.275897617807143	23.719668333130105	23.749598164303688	26.254835884759064	0.0
111.0	26.24375076210218	23.766780104421855	23.80419239338883	26.185276740087126	0.0
112.0	26.218809236124198	23.842158938488655	23.73241622418552	26.206615601201626	0.0
113.0	26.32993759075944	23.79310727073195	23.76955138508608	26.10740375342253	0.0
114.0	26.219917748389886	23.7861790690714	23.74156145037745	26.252341732161266	0.0
115.0	26.38362731920908	23.780016350510607	23.644778228879435	26.191578101400882	0.0
116.0	26.371433718078404	23.656971830010114	23.8285136277349	26.143080824176586	0.0
117.0	26.280054538803473	23.73075345578699	23.848810012082783	26.140381993326756	0.0
118.0	26.24375076210218	23.727705047056347	23.745164115240936	26.283380075600537	0.0
119.0	26.161720854441256	23.723548126060017	23.838279145558747	26.276451873939987	0.0
120.0	26.261486958353192	23.684473068694505	23.846592987551407	26.207446985400896	0.0
121.0	26.303610424449346	23.694726807152122	23.67532784250258	26.326334925895956	0.0
122.0	26.201904424072453	23.755972109831394	23.774262562215252	26.2678609038809	0.0
123.0	26.223243285186946	23.79698706366186	23.662579951447164	26.31718969970403	0.0
124.0	26.13816496879538	23.702209264945516	23.80613228985379	26.353493476405315	0.0
125.0	26.286428484331182	23.673665074104044	23.886776557182603	26.15312988438217	0.0
126.0	26.16560064737116	23.760129030827727	23.81028921085012	26.26398111095099	0.0
127.0	26.21825497999135	23.73380186451763	23.816940284444247	26.231002871046766	0.0
128.0	26.14869583531942	23.870703129330124	23.78507055680571	26.195530478544743	0.0
129.0	26.15285275631575	23.84576160335214	23.837170633293056	26.164215007039054	0.0
130.0	26.21936349225704	23.84548447528572	23.582212812184768	26.35293922027247	0.0
131.0	26.322455132966045	23.67726773896753	23.70414916141047	26.296127966655952	0.0
132.0	26.21215816253007	23.783407788407178	23.520967509505493	26.48346653955726	0.0
133.0	26.221303388721996	23.824145614171222	23.747935395905156	26.206615601201626	0.0
134.0	26.327239270264354	23.70421485244275	23.68897276654944	26.279573110743453	0.0
135.0	26.271259245710738	23.71197445980662	23.76324329417503	26.25352300030761	0.0
136.0	26.233569724229095	23.76629171135369	23.807029650013995	26.19310891440322	0.0
137.0	26.22220744201772	23.840839367813704	23.73663892607034	26.200314264098235	0.0
138.0	26.330841945111867	23.781810926081427	23.77349706104871	26.113850067757998	0.0
139.0	26.21333931931616	23.776545478227373	23.744675662268634	26.26543954018784	0.0
140.0	26.392787959239666	23.770857524505253	23.6483659007707	26.187988615484382	0.0
141.0	26.37318479104312	23.653696929386985	23.836326349628646	26.13679192994125	0.0
142.0	26.287624120452612	23.725816777011353	23.852188926363283	26.134370176172755	0.0
143.0	26.249934181172215	23.711128785968256	23.754915627191075	26.284021405668454	0.0
144.0	26.16402329016542	23.723322589853094	23.836946671507235	26.27570744847425	0.0
145.0	26.2615737212441	23.682861331507958	23.850249003017968	26.205315944229973	0.0
146.0	26.303143507215125	23.69560939920574	23.677872957191433	26.323374136387695	0.0
147.0	26.190350821280404	23.764060980104702	23.782074554025478	26.263513644589416	0.0
148.0	26.232547569823577	23.783526125297225	23.66131061584423	26.32261568903497	0.0
149.0	26.15217909421957	23.699000659575763	23.809576596699905	26.339243649504763	0.0
150.0	26.282154318558465	23.67267305549859	23.890776470327406	26.15439615561554	0.0
151.0	26.162987268524933	23.758307051918035	23.811239392746884	26.267466286810148	0.0
152.0	26.211762619236335	23.72782245772341	23.822601832401244	26.237813090639012	0.0
153.0	26.15190196154507	23.868328723693182	23.784357523320715	26.195411791441035	0.0
154.0	26.149407767474603	23.85225502857238	23.8342414047301	26.16409579922292	0.0
155.0	26.22617351831016	23.832301476008624	23.590641783847598	26.35088322183362	0.0
156.0	26.318458698917517	23.67904710701201	23.707314639810665	26.295179554259807	0.0
157.0	26.207328496444386	23.788514513438162	23.52219001324694	26.48196697687051	0.0
158.0	26.221739395518213	23.829807281938155	23.749438806334144	26.19901451620949	0.0
159.0	26.335713909604614	23.69352366858166	23.685486798748464	26.285275623065264	0.0
160.0	26.27197321782411	23.714031543328428	23.767518297735542	26.24647694111191	0.0
161.0	26.24342847324415	23.755601559707014	23.80853404722908	26.19243591981975	0.0
162.0	26.22707760013524	23.820727918700133	23.7472875564313	26.20490692473333	0.0
163.0	26.33460537583452	23.781374969861737	23.77084389904583	26.113175755257917	0.0
164.0	26.217100796204377	23.77444663379864	23.750613157741583	26.257839412255397	0.0
165.0	26.384358501808308	23.77679548824255	23.64765058821899	26.19119542173015	0.0
166.0	26.36447784853977	23.662681454630107	23.84004833247421	26.13279236435591	0.0
167.0	26.29277255683377	23.717897198981248	23.865056688274077	26.124273555910904	0.0
168.0	26.261733267190085	23.711523059143705	23.7469965330222	26.279747140644012	0.0
169.0	26.170001080832407	23.712908741717083	23.832908852571688	26.284181324878826	0.0
170.0	26.260347584616706	23.68242372510275	23.85757400237783	26.19965468790271	0.0
171.0	26.307737928626263	23.69738909689524	23.680206632985342	26.314666341493155	0.0
172.0	26.201594643505445	23.76805890813756	23.77886723220991	26.251479216147082	0.0
173.0	26.235755143667966	23.77948740688187	23.66974104292302	26.315016406527135	0.0
174.0	26.157602429939697	23.695237672933665	23.81800948918056	26.329150407946077	0.0
175.0	26.278711422490247	23.67472951401206	23.885630986165307	26.160928077332386	0.0
176.0	26.166470822986877	23.75399077687123	23.806923997871586	26.27261440227031	0.0
177.0	26.22051259311813	23.73098838240511	23.818840901028736	26.22965812344803	0.0
178.0	26.155108194395176	23.86179717985101	23.78253591699184	26.200558708761974	0.0
179.0	26.15593960624335	23.83962619723306	23.82826356864136	26.17617062788223	0.0
180.0	26.2224525540972	23.829094980489536	23.600733859524652	26.347718605888616	0.0
181.0	26.312799308265344	23.6797179851011	23.71325159631075	26.29423111032281	0.0
182.0	26.213307023767296	23.789464349059948	23.513712752749203	26.483515874423553	0.0
183.0	26.228826711599858	23.832143490599503	23.75205081589216	26.186978981908478	0.0
184.0	26.340863174172952	23.69890613611358	23.68421781942239	26.276012870291076	0.0
185.0	26.276567146392633	23.70334034492602	23.76708209660478	26.253010412076566	0.0
186.0	26.2416477519947	23.757659402878357	23.806435699815147	26.194257145311795	0.0
187.0	26.23083936801439	23.822786844811006	23.743525362288718	26.20284842488589	0.0
188.0	26.34502024493461	23.77927617083898	23.77428768592499	26.101415898301422	0.0
189.0	26.215042499120088	23.781770413295973	23.742416810085608	26.26077027749833	0.0
190.0	26.381471555778496	23.780239393175158	23.648598089399687	26.18969096164665	0.0
191.0	26.367410511379386	23.648940769563335	23.841276175906525	26.142372543150756	0.0
192.0	26.294318329836734	23.713025909923594	23.86933350331322	26.12332225692645	0.0
193.0	26.26161567731905	23.70166312387931	23.755428501747375	26.281292697054266	0.0
194.0	26.172930517949045	23.70886879307812	23.83136516945794	26.286835519514888	0.0
195.0	26.270207052133017	23.674226152699216	23.85769357614591	26.197873219021854	0.0
196.0	26.317043901925295	23.687251785481685	23.680877539651966	26.314826772941046	0.0
197.0	26.205078888220672	23.759308477469812	23.785082601911718	26.250530032397794	0.0
198.0	26.227045722869196	23.781822817646177	23.673183196332857	26.31794826315177	0.0
199.0	26.15415740550847	23.69674025707682	23.81424841890551	26.3348539185092	0.0
200.0	26.28108839163475	23.67678604091723	23.880485330879704	26.161640236568317	0.0
201.0	26.173280195994746	23.757434331228904	23.79263135139929	26.276654121377064	0.0
202.0	26.225382871522562	23.72251445294962	23.823671243203094	26.228431432324722	0.0
203.0	26.155543114963997	23.866351094433327	23.786811371686074	26.191294418916595	0.0
204.0	26.147506000121943	23.838636905322787	23.841408324233843	26.172448770321427	0.0
205.0	26.212634344531715	23.84251689179826	23.601126304645454	26.343722459024573	0.0
206.0	26.32155110773614	23.675677473352806	23.704777371918876	26.29799404699218	0.0
207.0	26.217900040462716	23.77323141902191	23.52518942648257	26.483679114032803	0.0
208.0	26.231202851235775	23.82561123644083	23.75688004744669	26.1863058648767	0.0
209.0	26.344072611376706	23.69486593223862	23.689323079054944	26.27173837732973	0.0
210.0	26.267581237441973	23.709000207856995	23.773574447446823	26.249844107254212	0.0
211.0	26.23654125961339	23.762211598420286	23.812928705050926	26.188318436915402	0.0
212.0	26.234324118339913	23.818194415575416	23.746968752165177	26.200512713919487	0.0
213.0	26.34573546733181	23.768863022240698	23.780503013926417	26.10489849650107	0.0
214.0	26.211875562946023	23.788263008383563	23.737268759093745	26.262592669576662	0.0
215.0	26.380393602367935	23.777440891744106	23.656051061329578	26.186114444558385	0.0
216.0	26.371875173216562	23.650296546754614	23.843190510503852	26.13463776952497	0.0
217.0	26.2871411982185	23.72325182432189	23.86847699261957	26.121129984840046	0.0
218.0	26.267186594940956	23.70052574836691	23.763715325412466	26.26857233127967	0.0
219.0	26.171016493033903	23.7074544300605	23.830507816938688	26.291021259966907	0.0
220.0	26.264969416799005	23.668376665308646	23.86016257458726	26.206491343305093	0.0
221.0	26.320953164883225	23.687499826782958	23.675859641537723	26.31568736679609	0.0
222.0	26.20177983975345	23.75429231830918	23.784224223225493	26.259703618711878	0.0
223.0	26.233447333558747	23.78539873287918	23.67287663032332	26.308277303238754	0.0
224.0	26.154182995305113	23.6919998447971	23.805630539496367	26.34818662040142	0.0
225.0	26.283056831976232	23.661513560853393	23.888497802216076	26.166931804954295	0.0
226.0	26.163883176559928	23.75546674500718	23.80646198360392	26.274188094828972	0.0
227.0	26.231507297307783	23.722763276776657	23.81533072075118	26.230398705164376	0.0
228.0	26.16306462609544	23.858830311462416	23.780119396697465	26.197985665744678	0.0
229.0	26.155304395062274	23.839152582771177	23.84303269828776	26.162510323878784	0.0
230.0	26.21572333667762	23.83083804952136	23.601911234043023	26.351527379757993	0.0
231.0	26.323257966708606	23.680344997699645	23.70362569079914	26.29277134479261	0.0
232.0	26.227086532119042	23.768201899039397	23.52763473701131	26.47707683183025	0.0
233.0	26.231243798743954	23.82557217846314	23.76044166800623	26.182742354786676	0.0
234.0	26.34356300909335	23.68595366574929	23.695099677672367	26.275383647484986	0.0
235.0	26.266514787438368	23.713114549642057	23.77907669623877	26.2412939666808	0.0
236.0	26.2412939666808	23.758013153628056	23.817600807066263	26.183092072624873	0.0
237.0	26.236028081028124	23.831181249012644	23.735841003511517	26.196949666447715	0.0
238.0	26.342454401587528	23.779630999991685	23.781571063126883	26.096343535293904	0.0
239.0	26.21662744967615	23.77658232935066	23.748312837952067	26.258477383021123	0.0
240.0	26.370623304129953	23.781121553867347	23.651965199845897	26.196289942156803	0.0
241.0	26.372609072842728	23.64305096302291	23.841780975689527	26.142558988444836	0.0
242.0	26.285898015128375	23.717843887809433	23.87084614126654	26.125411955795652	0.0
243.0	26.259316851964265	23.708945563806402	23.768817338422433	26.262920245806896	0.0
244.0	26.16263114856343	23.70223558925032	23.834735485301657	26.300397776884587	0.0
245.0	26.270298440436658	23.661508779127466	23.86775035898232	26.200442421453555	0.0
246.0	26.318517881943965	23.678571329565017	23.697422150268764	26.305488638222258	0.0
247.0	26.225395065151098	23.761020238425285	23.772941502633767	26.240643193789854	0.0
248.0	26.249802411001756	23.784446348693972	23.667972833939274	26.297778406365	0.0
249.0	26.152186512921627	23.685998496937025	23.80774105164491	26.354073938496438	0.0
