# Position (bp)	A	C	G	T	N
0.0	26.31637902306656	23.687401462347765	23.67003923303752	26.32618028154815	0.0
1.0	26.217246294424207	23.78709426290336	23.75881063128506	26.236848811387382	0.0
2.0	26.244554200405425	23.76104559352216	23.71064744817391	26.283752757898508	0.0
3.0	26.310101739709847	23.727413728421606	23.687658530849472	26.274826001019076	0.0
4.0	26.209479869764472	23.64732264088085	23.88836474906145	26.254832740293228	0.0
5.0	26.24776397672016	23.800805668231533	23.677631928872763	26.27379842617554	0.0
6.0	26.291303228118107	23.772520126750944	23.67482560548209	26.26135103964886	0.0
7.0	26.279401103407352	23.651041127255727	23.768323643763452	26.30123412557347	0.0
8.0	26.22840237017631	23.75494369851626	23.71071981369989	26.305934117607542	0.0
9.0	26.136191888941756	23.876962691371155	23.754653082929835	26.232192336757254	0.0
10.0	26.34084497581945	23.767183861723087	23.686582034748344	26.205389127709118	0.0
11.0	26.253526329930143	23.7165278524091	23.774460415547196	26.25548540211356	0.0
12.0	26.25380619738492	23.719326526956834	23.805245835572272	26.221621440085976	0.0
13.0	26.237294017553285	23.82483655740641	23.792931667562243	26.14493775747806	0.0
14.0	26.165927816586066	23.770822138635143	23.809443847393872	26.25380619738492	0.0
15.0	26.335247626723984	23.671469192190578	23.72884202041913	26.26444116066631	0.0
16.0	26.187757478058394	23.76158651262762	23.721845334049792	26.328810675264197	0.0
17.0	26.268639172487912	23.70841169622067	23.741156188429162	26.28179294286226	0.0
18.0	26.180480924234285	23.885847662547018	23.807764642665234	26.125906770553463	0.0
19.0	26.19811257388501	23.789573258104962	23.667830915278522	26.344483252731504	0.0
20.0	26.21091312098916	23.784189212259278	23.714222544379858	26.290675122371702	0.0
21.0	26.227425254608704	23.75508307842144	23.64481560984347	26.372676057126387	0.0
22.0	26.2447769882428	23.685956010556573	23.79034627903267	26.27892072216796	0.0
23.0	26.305787922633655	23.825889346315414	23.669443876937027	26.1988788541139	0.0
24.0	26.20223725417211	23.752004545034747	23.815254412797742	26.230503787995403	0.0
25.0	26.313904056107667	23.680918410469253	23.673641877009793	26.331535656413287	0.0
26.0	26.233022588039056	23.780830812201067	23.761520011866345	26.22462658789353	0.0
27.0	26.24225818819914	23.759560945165724	23.71534201106593	26.282838855569207	0.0
28.0	26.307467122662764	23.733533344714576	23.702188277504597	26.256811255118063	0.0
29.0	26.211472854332197	23.66524587686426	23.88354188064806	26.23973938815548	0.0
30.0	26.235261521411203	23.814134946111672	23.66692507689337	26.283678455583757	0.0
31.0	26.292074455729292	23.78670801230294	23.663566676835153	26.257650855132614	0.0
32.0	26.28388476242185	23.652585680941694	23.7606139138125	26.302915642823958	0.0
33.0	26.229031048321644	23.755016596047174	23.71471590813682	26.301236447494357	0.0
34.0	26.135555841640684	23.873959598560372	23.762013243253833	26.22847131654511	0.0
35.0	26.34041767185165	23.76817029279569	23.693446100628577	26.19796593472408	0.0
36.0	26.25981629603094	23.703801138494434	23.783283050762076	26.253099514712552	0.0
37.0	26.244423672176293	23.72171255534348	23.80427299238205	26.229590780098178	0.0
38.0	26.24694246517069	23.824423336337226	23.784962246091673	26.14367195240041	0.0
39.0	26.177815590768905	23.754176998382377	23.807911248929514	26.26009616191921	0.0
40.0	26.331461963427127	23.6741353543382	23.73178772732107	26.262614954913605	0.0
41.0	26.185931701528624	23.774607208225817	23.71527563991335	26.324185450332198	0.0
42.0	26.276608249326923	23.709398456259763	23.747180351175718	26.2668129432376	0.0
43.0	26.184532372087293	23.8778777209961	23.81043004192391	26.127159864992695	0.0
44.0	26.200484727718475	23.79363808862793	23.673575622561668	26.332301561091924	0.0
45.0	26.212445601220214	23.787974196437318	23.71241061808208	26.28716958426039	0.0
46.0	26.23483480962176	23.74039712858402	23.652519485607936	26.37224857618628	0.0
47.0	26.255544827393194	23.67714761484964	23.80028826105817	26.26701929669899	0.0
48.0	26.314316499447266	23.82771504135007	23.671550312749254	26.18641814645341	0.0
49.0	26.22503953094608	23.743475644739238	23.815680841834237	26.215803982480445	0.0
50.0	26.32187285728279	23.68218518673999	23.668191931489023	26.327750024488196	0.0
51.0	26.245749548717516	23.7776191875516	23.758028630200243	26.218602633530637	0.0
52.0	26.257783748233354	23.753270923414917	23.71101129255699	26.277934035794747	0.0
53.0	26.3075997369268	23.745434700474373	23.68890194926046	26.258063613338372	0.0
54.0	26.224759665841063	23.662594629388632	23.88116927640877	26.23147642836153	0.0
55.0	26.249667660187793	23.812602325679023	23.666232875753888	26.271497138379303	0.0
56.0	26.294166211885873	23.789933252172453	23.6592362481284	26.256664287813276	0.0
57.0	26.270584020866682	23.65385261225358	23.768037255538516	26.30752611134122	0.0
58.0	26.244276774619664	23.744528652509263	23.726337471593773	26.284857101277296	0.0
59.0	26.123935116255637	23.882781627467004	23.768037255538516	26.225246000738846	0.0
60.0	26.340270236989106	23.778392235444258	23.69079470272812	26.19054282483852	0.0
61.0	26.26638605604003	23.697791310772537	23.788747215349996	26.247075417837433	0.0
62.0	26.237839895218794	23.72661733591555	23.80693839626549	26.228604372600163	0.0
63.0	26.240358674114788	23.819812155067225	23.79042640128066	26.14940276953733	0.0
64.0	26.177109337393233	23.75180512487546	23.81253568270103	26.25854985503028	0.0
65.0	26.323478377682502	23.670924335881967	23.725218014306666	26.280379272128872	0.0
66.0	26.192781739412734	23.783709657558017	23.705907376104065	26.317601226925184	0.0
67.0	26.283457779668417	23.696951717807206	23.743689059543932	26.27590144298044	0.0
68.0	26.19110255348207	23.869348140021717	23.817853104814784	26.121696201681427	0.0
69.0	26.216290342441983	23.78930694399355	23.6728833861344	26.32151932743006	0.0
70.0	26.216216972604155	23.779725006087034	23.710598712067995	26.293459309240813	0.0
71.0	26.233288648455012	23.743342746077012	23.65882395743835	26.36454464802962	0.0
72.0	26.266872273079645	23.66973863544136	23.79791613609204	26.265472955386954	0.0
73.0	26.32060607247906	23.81610726609705	23.67589563328921	26.187391028134684	0.0
74.0	26.222373970452008	23.743342746077012	23.81274890363459	26.221534379836392	0.0
75.0	26.324804025557135	23.68373181236829	23.668059454210127	26.323404707864444	0.0
76.0	26.250360324305866	23.769649918699642	23.757056059465402	26.222933697529083	0.0
77.0	26.257077049230794	23.757056059465402	23.706120895451377	26.279745995852423	0.0
78.0	26.312210166322902	23.743342746077012	23.68792976544637	26.256517322153716	0.0
79.0	26.239165782764324	23.66721986359451	23.87263970088185	26.220974652759317	0.0
80.0	26.251479778460023	23.800994635015964	23.670858089595516	26.276667496928496	0.0
81.0	26.2875821749315	23.789240366397344	23.66945877190282	26.25371868676833	0.0
82.0	26.269037663929605	23.654279941116876	23.77630010242977	26.300382292523743	0.0
83.0	26.234334682271815	23.74775410138868	23.72844357127265	26.28946764506686	0.0
84.0	26.125468070458247	23.874811792297056	23.760627788132698	26.239092349112	0.0
85.0	26.347399235414954	23.775180651408547	23.687583608998146	26.18983650417835	0.0
86.0	26.270436977706137	23.69821839369973	23.788334200907872	26.243010427686265	0.0
87.0	26.24636878074992	23.727603983006734	23.804846103470858	26.221181132772486	0.0
88.0	26.24161111390974	23.817719790214877	23.794211318769275	26.146457777106107	0.0
89.0	26.17052597406232	23.76174723915392	23.806525280002685	26.261201506781074	0.0
90.0	26.319972685395083	23.673870333988212	23.72676439474082	26.27939258587589	0.0
91.0	26.195433759284448	23.78581543611013	23.70577468809296	26.31297611651246	0.0
92.0	26.283310664450156	23.697938530944423	23.74663465036746	26.272116154237963	0.0
93.0	26.197112935816275	23.863057556574255	23.82359690807628	26.11623259953319	0.0
94.0	26.211106073581515	23.783576534067695	23.68030717736022	26.32501021499057	0.0
95.0	26.22334664543447	23.777353009495716	23.71718268549951	26.282117659570297	0.0
96.0	26.24097794967522	23.747687640455727	23.660650567140287	26.350683842728767	0.0
97.0	26.271762766603512	23.675203389688207	23.787707902462504	26.265325941245777	0.0
98.0	26.31793999199595	23.80701837853571	23.679401319269335	26.19564031019901	0.0
99.0	26.224466093322775	23.739851505237617	23.819612167279097	26.21607023416051	0.0
100.0	26.32549626524198	23.67800200940896	23.66764711644217	26.328854608906887	0.0
101.0	26.249093946865404	23.761680739059496	23.768957150333456	26.220268163741643	0.0
102.0	26.262247459552952	23.739851505237617	23.711025722113853	26.28687531309558	0.0
103.0	26.31150316663821	23.73789247143309	23.70039096717499	26.250213394753708	0.0
104.0	26.233421676429185	23.65925125727991	23.883140834940207	26.2241862313507	0.0
105.0	26.25413146236276	23.79890238134552	23.675203389688207	26.271762766603512	0.0
106.0	26.279878763793697	23.787707902462504	23.67128532207915	26.261128011664645	0.0
107.0	26.269730213813947	23.656106571140715	23.773368409269004	26.300794805776334	0.0
108.0	26.248740624650175	23.73698645471846	23.71935519982089	26.294917720810478	0.0
109.0	26.127840591066832	23.885312884809135	23.751259375349825	26.235587148774208	0.0
110.0	26.346692040747786	23.766092018358894	23.698645471845964	26.188570469047352	0.0
111.0	26.27196910332475	23.698365610657113	23.79659688794358	26.233068398074554	0.0
112.0	26.232788536885703	23.707321168700325	23.82458300682861	26.235307287585357	0.0
113.0	26.241744094928915	23.812828836896898	23.803313556475988	26.142113511698195	0.0
114.0	26.172058658905183	23.750699652972127	23.817306615918504	26.259935072204186	0.0
115.0	26.324023284450917	23.663103100861974	23.735027426396506	26.27784618829061	0.0
116.0	26.19220866450241	23.77924549423486	23.72131422814284	26.307231613119892	0.0
117.0	26.281484383745664	23.706481585133773	23.753218403671777	26.258815627448783	0.0
118.0	26.199205194223662	23.86516287921191	23.815627448785403	26.120004477779023	0.0
119.0	26.21935519982089	23.7694503526251	23.688570469047352	26.32262397850666	0.0
120.0	26.227544575015603	23.77707314752364	23.712145170002156	26.2832371074586	0.0
121.0	26.24013836375899	23.73901191932139	23.661770015028587	26.359079701891027	0.0
122.0	26.26700511307823	23.668486702358397	23.796943347540996	26.267564837022377	0.0
123.0	26.32521640326991	23.80869755036816	23.68331938687839	26.18276665948354	0.0
124.0	26.228664022903903	23.733414679879882	23.82604899263683	26.21187230457938	0.0
125.0	26.321298335660853	23.687237454487448	23.67044573616292	26.321018473688778	0.0
126.0	26.242377259535598	23.760281429199118	23.77287521794251	26.224466093322775	0.0
127.0	26.272602352519737	23.738172333405164	23.716902823527438	26.272322490547662	0.0
128.0	26.31290247649859	23.72837716438253	23.70458889675612	26.25413146236276	0.0
129.0	26.229783470792206	23.662049877000662	23.880901939163603	26.227264713043525	0.0
130.0	26.246295327144654	23.78630859260213	23.69787220942631	26.269523870826912	0.0
131.0	26.278199591961243	23.78630859260213	23.68331938687839	26.252172428558236	0.0
132.0	26.26763835015308	23.654839666627485	23.7782591417169	26.29926284150253	0.0
133.0	26.247281825381947	23.736905884690625	23.726271070226158	26.289541219701274	0.0
134.0	26.13085859334988	23.877117517498466	23.755936605311252	26.236087283840398	0.0
135.0	26.33515897648307	23.762933193774714	23.70360212360453	26.19830570613769	0.0
136.0	26.27806681462119	23.69380689975568	23.79371818301396	26.23440810260917	0.0
137.0	26.23440810260917	23.706120895451377	23.823383718099056	26.236087283840398	0.0
138.0	26.25399855030687	23.813308630711667	23.797356409014963	26.135336409966502	0.0
139.0	26.173397851207753	23.73802533884478	23.831499760716675	26.257077049230794	0.0
140.0	26.32144566309467	23.658264230361276	23.738305202383316	26.281984904160733	0.0
141.0	26.182986488150544	23.770556034434506	23.735013265568853	26.311444211846098	0.0
142.0	26.281778593737755	23.703948325851627	23.74228973793505	26.27198334247557	0.0
143.0	26.203136719318476	23.856194516898206	23.820651748032553	26.12001701575076	0.0
144.0	26.222447357521073	23.759361461563433	23.700589953990306	26.317601226925184	0.0
145.0	26.22875118243338	23.769569622237025	23.71947362823735	26.282205567092248	0.0
146.0	26.229590780098178	23.737385045086395	23.66182125525448	26.37120291956095	0.0
147.0	26.27528245543823	23.662447210149086	23.798462412506684	26.263807921906	0.0
148.0	26.330136323055697	23.79958187919275	23.68511641054202	26.185165387209537	0.0
149.0	26.237780321454856	23.737731344787345	23.821971212914168	26.202517120843634	0.0
150.0	26.32146045623865	23.686515743899605	23.671402943637652	26.320620856224096	0.0
151.0	26.248135388301012	23.757881745136615	23.76823681198277	26.225746054579595	0.0
152.0	26.27752138881037	23.72961521131333	23.722618544525385	26.27024485535091	0.0
153.0	26.331535656413287	23.713382944365303	23.69938961078942	26.25569178843199	0.0
154.0	26.23022392132388	23.658808943419356	23.88941908074993	26.221548054506833	0.0
155.0	26.244217254899766	23.78530867894535	23.702188277504597	26.268285788650285	0.0
156.0	26.275562322109746	23.786428145631422	23.690433877300855	26.247575654957977	0.0
157.0	26.27031837721655	23.647400591080064	23.776699355185386	26.305581676518003	0.0
158.0	26.249681649879236	23.734785662909903	23.725550011054796	26.289982676156065	0.0
159.0	26.133816199333353	23.88059701492537	23.75661538547652	26.228971400264754	0.0
160.0	26.343717377858507	23.756895253714553	23.698682660203577	26.200704708223366	0.0
161.0	26.27123150420782	23.69280542720487	23.797196279991383	26.238766788595928	0.0
162.0	26.228131795550652	23.69168595425274	23.83749730626821	26.242684943928396	0.0
163.0	26.25527901463991	23.79551707056318	23.80251377651402	26.146690138282896	0.0
164.0	26.174397093848217	23.732826585243664	23.833859019173772	26.258917301734343	0.0
165.0	26.31517081757908	23.667057549305788	23.7331064534817	26.284665179633425	0.0
166.0	26.176989169068875	23.768436371778005	23.75108449245753	26.303489966695587	0.0
167.0	26.283899135204724	23.696230164283115	23.749125409308444	26.270745291203717	0.0
168.0	26.199658559794013	23.865271053147126	23.811536201057905	26.123534186000953	0.0
169.0	26.22904480703031	23.760320170160366	23.701827544709076	26.30880747810025	0.0
170.0	26.235628645314407	23.75905381351663	23.72910766061773	26.27620988055123	0.0
171.0	26.245424115888817	23.724909601800128	23.670334837171293	26.359331445139766	0.0
172.0	26.273484706428924	23.661445199786176	23.802500370829566	26.26256972295533	0.0
173.0	26.330858337508083	23.80585882728298	23.687753108671256	26.175529726537683	0.0
174.0	26.233183228987954	23.734211756276817	23.83048750794135	26.202117506793876	0.0
175.0	26.316025154838833	23.683555038104487	23.679916710279954	26.320503096776722	0.0
176.0	26.250815125368383	23.748205324832707	23.775352847831137	26.225626701967776	0.0
177.0	26.28216071893358	23.7260954865144	23.721337673205394	26.27040612134663	0.0
178.0	26.338134993157148	23.722737030060983	23.6899920796402	26.249135897141674	0.0
179.0	26.232903357616838	23.644652917519107	23.901294964834165	26.221148760029887	0.0
180.0	26.23430271447243	23.789626287758146	23.706504490536148	26.26956650723328	0.0
181.0	26.287758146355934	23.76975542040878	23.69754860666038	26.244937826574905	0.0
182.0	26.280555042456605	23.64220024292903	23.780736959356965	26.296507755257398	0.0
183.0	26.237248289276664	23.747778508557115	23.727907529981387	26.287065672184827	0.0
184.0	26.137333650522663	23.877639551643554	23.74889800030786	26.23612879752592	0.0
185.0	26.334084325716123	23.7684891059459	23.6971215068359	26.20030506150208	0.0
186.0	26.261037488980005	23.695162396272092	23.800114747904452	26.243685366843454	0.0
187.0	26.238647653965103	23.703558584402682	23.824463693483157	26.23333006814906	0.0
188.0	26.261597234855376	23.79731601852759	23.795356907963786	26.145729838653253	0.0
189.0	26.174556751234938	23.727907529981387	23.834259246302178	26.263276472481493	0.0
190.0	26.325408264647848	23.66129777081205	23.73434460754817	26.278949356991927	0.0
191.0	26.186944450663862	23.77051474374762	23.739168886998186	26.303371918590337	0.0
192.0	26.28070214719119	23.692989723036966	23.762398405839285	26.26390972393256	0.0
193.0	26.19729977834001	23.85727559725052	23.814734791662	26.130689832747468	0.0
194.0	26.22668651904261	23.75596131025681	23.710341893737546	26.307010276963034	0.0
195.0	26.2461447179137	23.760852164275597	23.722509249878254	26.270493867932448	0.0
196.0	26.250902597802416	23.728386630917264	23.667373818226597	26.35333695305372	0.0
197.0	26.27364602953812	23.66744005754252	23.790305652657004	26.268608260262354	0.0
198.0	26.322064589799638	23.80849759726393	23.69822642533886	26.17121138759757	0.0
199.0	26.240900529245646	23.74496572917512	23.822211524736847	26.191922216842382	0.0
200.0	26.31646706838212	23.683672869653318	23.68031435680281	26.319545705161758	0.0
201.0	26.243979166025284	23.752242507017893	23.78330875088511	26.220469576071714	0.0
202.0	26.283721568089653	23.71949700672542	23.72565428028469	26.271127144900237	0.0
203.0	26.336205810819507	23.7123529592862	23.695000545761395	26.256440684132897	0.0
204.0	26.227053532195725	23.641823794636984	23.904908773884056	26.226213899283234	0.0
205.0	26.243286435170543	23.790158942510335	23.70983406054873	26.25672056177039	0.0
206.0	26.28582783607007	23.776165060635492	23.69332127993641	26.244685823358026	0.0
207.0	26.276252742823875	23.640902780887554	23.791478214141776	26.29136626214679	0.0
208.0	26.234903930925423	23.74116626317189	23.739207097776347	26.28472270812634	0.0
209.0	26.13078828419094	23.884465217817212	23.74788340167089	26.236863096320967	0.0
210.0	26.33985921997229	23.770833624875802	23.701143312948684	26.18816384220322	0.0
211.0	26.251976657943715	23.70002378986552	23.80637848276634	26.241621069424426	0.0
212.0	26.24274059250759	23.699184147553144	23.827089659804923	26.230985600134343	0.0
213.0	26.258134034901133	23.793503967309924	23.80609860199555	26.142263395793393	0.0
214.0	26.177248492142347	23.731930197735764	23.831287871366797	26.25953343875509	0.0
215.0	26.33062315453617	23.66168012426706	23.729691151569433	26.27800556962734	0.0
216.0	26.196913466221094	23.758305485118697	23.745710815183013	26.299070233477188	0.0
217.0	26.2842365111085	23.6944924907779	23.758585366672826	26.262685631440775	0.0
218.0	26.20391050507425	23.85850308149591	23.812042743510947	26.125543669918887	0.0
219.0	26.235817002244648	23.746270578291266	23.71660313355388	26.3013092859102	0.0
220.0	26.251637316256733	23.758998242334002	23.727371449682614	26.261992991726657	0.0
221.0	26.249118368169455	23.731569696494745	23.668316111191967	26.350995824143837	0.0
222.0	26.279139412971496	23.66474386424511	23.792370924540503	26.263745798242887	0.0
223.0	26.333157006473712	23.80384616461092	23.697770164935587	26.16522666397978	0.0
224.0	26.259267655776387	23.741711937888162	23.818959895435373	26.180060510900077	0.0
225.0	26.331757586952932	23.66978177451993	23.68517538924854	26.3132852492786	0.0
226.0	26.247939343220754	23.752200599514676	23.778509833776017	26.22135022348855	0.0
227.0	26.286003767258435	23.71749480112738	23.72169308319036	26.27480834842382	0.0
228.0	26.332184869951213	23.71861434301084	23.696223505341614	26.25297728169633	0.0
229.0	26.241781862861718	23.646963662469318	23.889344480238687	26.22190999443028	0.0
230.0	26.251857739812866	23.784107543193326	23.706859153234497	26.25717556375931	0.0
231.0	26.29132159120488	23.767314414941406	23.704060298525842	26.237303695327874	0.0
232.0	26.291115290745843	23.6358343969011	23.79397013053895	26.279080181814113	0.0
233.0	26.248646046455647	23.74029841555948	23.730782256281366	26.280273281703504	0.0
234.0	26.147047051809892	23.87800283805456	23.739738641484298	26.235211468651254	0.0
235.0	26.341568542936074	23.77472452118325	23.710350502537175	26.173356433343503	0.0
236.0	26.260121414996906	23.706432084010892	23.80215345086723	26.23129305012497	0.0
237.0	26.244314762724436	23.693130134206587	23.833354324978657	26.229200778090323	0.0
238.0	26.25634997271086	23.803686132919097	23.800887246875742	26.139076647494296	0.0
239.0	26.186377821626994	23.72503743510083	23.835313545209008	26.25327119806317	0.0
240.0	26.328826937610213	23.655218742127804	23.74506675623478	26.270887564027205	0.0
241.0	26.193435335874998	23.762617356107558	23.745262368228058	26.29868493978939	0.0
242.0	26.289092680305014	23.69943005587468	23.761015373934853	26.25046188988545	0.0
243.0	26.20286722898919	23.868099627948904	23.809310515692495	26.119722627369413	0.0
244.0	26.235088927522597	23.758052189103616	23.714939207896954	26.291919675476834	0.0
245.0	26.255095413008423	23.762542555097653	23.71886758645404	26.263494445439882	0.0
246.0	26.262711105138198	23.720490077498543	23.662534157595307	26.35426465976795	0.0
247.0	26.278623068695367	23.659496782792278	23.792217101321043	26.26966304719131	0.0
248.0	26.333712327002456	23.79062746789289	23.70549391463121	26.170166290473446	0.0
249.0	26.250686113071435	23.7364317639547	23.835008009319935	26.17787411365393	0.0
