# Position (bp)	A	C	G	T	N
0.0	26.267754788484375	23.65718211794238	23.77944704873556	26.29561604483769	0.0
1.0	26.361076472386248	23.663403563535837	23.640411264603493	26.335108699474425	0.0
2.0	26.303460476238133	23.734003446139866	23.67611695235725	26.28641912526475	0.0
3.0	26.173892109313503	23.67936292397123	23.759159726148194	26.38758524056707	0.0
4.0	26.24557398245552	23.62905036395457	23.882777145113863	26.242598508476046	0.0
5.0	26.224204669330163	23.825702144234747	23.773496100776597	26.176597085658486	0.0
6.0	26.1298009948903	23.7583482332447	23.81948069864129	26.292370073223708	0.0
7.0	26.255311897297457	23.73427394377436	23.766192664645146	26.244221494283032	0.0
8.0	26.11735810370338	23.788914465942995	23.82516114896575	26.268566281387866	0.0
9.0	26.251524930414483	23.76727465518314	23.833817073269696	26.14738334113268	0.0
10.0	26.31346888871457	23.609574534270696	23.765110674107152	26.311845902907578	0.0
11.0	26.28182066547828	23.79459491626746	23.693969796234132	26.22961462202013	0.0
12.0	26.27478772698133	23.748339820768265	23.678551431067735	26.29832102118267	0.0
13.0	26.231508105461614	23.839497523594154	23.738872403560833	26.190121967383394	0.0
14.0	26.186875995769416	23.731568967429382	23.85680937220204	26.224745664599165	0.0
15.0	26.268025286118874	23.626074889975087	23.793512925729466	26.312386898176577	0.0
16.0	26.249360949338495	23.706953682690045	23.757807237975705	26.285878129995755	0.0
17.0	26.300214504624158	23.77025012916262	23.58955770931783	26.339977656895392	0.0
18.0	26.135481445214765	23.83408757090419	23.776742072390576	26.25368891149047	0.0
19.0	26.270459764829358	23.833546575635197	23.817587215199804	26.078406444335645	0.0
20.0	26.266672797946384	23.764028683569162	23.735355934312356	26.233942584172105	0.0
21.0	26.28479613945776	23.79594740443995	23.790537451749984	26.12871900435231	0.0
22.0	26.16712966845105	23.802168850033407	23.841932002304638	26.188769479210904	0.0
23.0	26.244221494283032	23.905228448777216	23.646903207831446	26.203646849108303	0.0
24.0	26.474685478875486	23.735085436677856	23.657452615576876	26.13277646886978	0.0
25.0	26.26883677902237	23.661780577728848	23.772143612604108	26.297239030644675	0.0
26.0	26.36378144873123	23.660698587190854	23.636624297720516	26.3388956663574	0.0
27.0	26.303730973872636	23.734544441408858	23.670977497301788	26.290747087416722	0.0
28.0	26.169023151892535	23.678551431067735	23.754831763996222	26.397593653043504	0.0
29.0	26.23962303449656	23.622558420726612	23.881965652210372	26.255852892566455	0.0
30.0	26.224745664599165	23.825972641869246	23.76429918120366	26.18498251232793	0.0
31.0	26.128178009083307	23.751856290016743	23.821915177351773	26.298050523548174	0.0
32.0	26.254229906759463	23.731839465063878	23.76565166937615	26.2482789588005	0.0
33.0	26.119792582413865	23.796217902074446	23.8181282104688	26.265861305042886	0.0
34.0	26.25639388783545	23.767545152817636	23.824890651331255	26.151170308015658	0.0
35.0	26.318608343770034	23.605787567387722	23.76565166937615	26.309952419466093	0.0
36.0	26.285878129995755	23.790537451749984	23.689100838813165	26.234483579441097	0.0
37.0	26.28019767967129	23.74671683496128	23.675305459453757	26.297780025913674	0.0
38.0	26.24557398245552	23.83733354251817	23.731568967429382	26.185523507596926	0.0
39.0	26.192015450824886	23.72967548398789	23.849235438436093	26.22907362675113	0.0
40.0	26.26991876956036	23.629320861589065	23.78566849432902	26.315091874521556	0.0
41.0	26.24638547535902	23.70641268742105	23.757807237975705	26.289394599244233	0.0
42.0	26.303730973872636	23.770791124431618	23.587393728241846	26.3380841734539	0.0
43.0	26.13277646886978	23.840309016497653	23.77755356529407	26.249360949338495	0.0
44.0	26.266402300311885	23.83435806853869	23.821915177351773	26.07732445379765	0.0
45.0	26.262074338159913	23.77052062679712	23.73914290119533	26.22826213384764	0.0
46.0	26.278574693864304	23.80568531928188	23.790266954115484	26.125473032738327	0.0
47.0	26.166318175547552	23.80568531928188	23.84382548574613	26.184171019424436	0.0
48.0	26.23827054632407	23.91036790383268	23.6542066439629	26.19715490588035	0.0
49.0	26.46359507586106	23.741036384636814	23.66286256826684	26.132505971235283	0.0
50.0	26.262615333428908	23.662592070632343	23.777283067659575	26.29750952827917	0.0
51.0	26.360264979482757	23.660698587190854	23.63797678589301	26.341059647433383	0.0
52.0	26.298591518817165	23.73589692958135	23.67801043579874	26.28750111580274	0.0
53.0	26.1600967299541	23.682067900316213	23.75672524743771	26.401110122291982	0.0
54.0	26.230155617289125	23.634730814279028	23.878449182961894	26.256664385469946	0.0
55.0	26.22041770244719	23.830030106386722	23.766733659914145	26.182818531251943	0.0
56.0	26.125473032738327	23.76132370722418	23.821644679717277	26.291558580320217	0.0
57.0	26.249901944607494	23.73643792485035	23.769709133893624	26.243950996648536	0.0
58.0	26.10870217939944	23.81190676487534	23.8183987081033	26.26099234762192	0.0
59.0	26.259369361814933	23.77593057948708	23.820292191544784	26.144407867153202	0.0
60.0	26.31428038161806	23.60795154846371	23.769438636259128	26.3083294336591	0.0
61.0	26.287230618168245	23.797840887881435	23.685313871930187	26.22961462202013	0.0
62.0	26.28019767967129	23.750774299478753	23.673952971281267	26.295075049568688	0.0
63.0	26.241516517938052	23.842743495208136	23.72670001000841	26.1890399768454	0.0
64.0	26.191203957921388	23.736708422484845	23.843013992842632	26.22907362675113	0.0
65.0	26.25774637600794	23.63446031664453	23.783504513253032	26.324288794094496	0.0
66.0	26.243139503745038	23.707224180324545	23.75510226163072	26.294534054299696	0.0
67.0	26.301566992796648	23.779988044004554	23.576844320496416	26.341600642702378	0.0
68.0	26.133046966504274	23.850046931339584	23.76727465518314	26.249631446972998	0.0
69.0	26.270730262463854	23.83706304488367	23.815693731758316	26.076512960894156	0.0
70.0	26.26288583106341	23.770791124431618	23.73562643194685	26.230696612558123	0.0
71.0	26.278033698595305	23.8032508405714	23.780258541639054	26.13845691919424	0.0
72.0	26.16253120866458	23.805414821647386	23.839768021228654	26.192285948459382	0.0
73.0	26.241787015572548	23.90468745350822	23.651501667617918	26.202023863301317	0.0
74.0	26.46711154510954	23.74509384915429	23.653936146328398	26.133858459407772	0.0
75.0	26.260451352352927	23.66313306590134	23.77052062679712	26.305894954948617	0.0
76.0	26.361887965289743	23.656370625038882	23.635542307182526	26.34619910248885	0.0
77.0	26.29696853301018	23.738331408291835	23.678551431067735	26.28614862763025	0.0
78.0	26.154416279629633	23.684502379026696	23.75699574507221	26.40408559627146	0.0
79.0	26.23123760782712	23.633648823741034	23.880883661672378	26.254229906759463	0.0
80.0	26.217171730833215	23.82840712057973	23.771061622066114	26.18335952652094	0.0
81.0	26.121415568220858	23.761053209589683	23.825702144234747	26.291829077954716	0.0
82.0	26.250983935145488	23.731568967429382	23.771061622066114	26.24638547535902	0.0
83.0	26.096259288212526	23.816234727027314	23.824620153696756	26.26288583106341	0.0
84.0	26.25612339020095	23.777012570025075	23.82245617262077	26.144407867153202	0.0
85.0	26.315632869790555	23.605787567387722	23.767815650452135	26.310763912369584	0.0
86.0	26.28182066547828	23.80027536659192	23.689641834082163	26.22826213384764	0.0
87.0	26.279927182036793	23.752126787651243	23.674493966550262	26.293452063761702	0.0
88.0	26.24476248955203	23.836792547249175	23.7283229958154	26.190121967383394	0.0
89.0	26.193367938997376	23.732380460332873	23.844366481015122	26.22988511965463	0.0
90.0	26.26288583106341	23.632566833203043	23.78512749906002	26.31941983667353	0.0
91.0	26.24043452740006	23.708847166131534	23.762405697762173	26.28831260870624	0.0
92.0	26.30481296441063	23.773496100776597	23.581713277917384	26.339977656895392	0.0
93.0	26.13277646886978	23.847612452629104	23.76916813862463	26.25044293987649	0.0
94.0	26.276681210422815	23.82975960875222	23.815423234123816	26.07813594670115	0.0
95.0	26.26099234762192	23.767004157548644	23.73914290119533	26.23286059363411	0.0
96.0	26.28479613945776	23.800545864226414	23.779988044004554	26.134669952311267	0.0
97.0	26.169293649527038	23.797570390246936	23.841661504670142	26.191474455555884	0.0
98.0	26.243410001379537	23.90441695587372	23.651772165252417	26.200400877494328	0.0
99.0	26.470357516723514	23.739683896464324	23.659616596652864	26.130341990159295	0.0
100.0	26.267754788484375	23.670977497301788	23.762405697762173	26.298862016451668	0.0
101.0	26.358641993675764	23.662321572997843	23.633648823741034	26.34538760958535	0.0
102.0	26.295886542472186	23.743741360981797	23.676657947626246	26.283714148919767	0.0
103.0	26.156039265436625	23.682608895585208	23.75672524743771	26.40462659154046	0.0
104.0	26.22907362675113	23.634189819010032	23.8779081876929	26.258828366545934	0.0
105.0	26.220958697716192	23.825702144234747	23.766733659914145	26.186605498134917	0.0
106.0	26.120333577682864	23.76565166937615	23.821103684448282	26.292911068492707	0.0
107.0	26.25504139966296	23.727241005277406	23.767004157548644	26.250713437510985	0.0
108.0	26.1000462550955	23.81055427670285	23.825702144234747	26.263697323966902	0.0
109.0	26.26504981213939	23.766463162279646	23.818939703372294	26.149547322208665	0.0
110.0	26.32537078463249	23.59740214071828	23.771061622066114	26.30616545258312	0.0
111.0	26.291829077954716	23.792430935191472	23.69126481988915	26.224475166964666	0.0
112.0	26.28831260870624	23.748880816037264	23.670977497301788	26.291829077954716	0.0
113.0	26.255311897297457	23.830571101655714	23.7288639910844	26.185253009962427	0.0
114.0	26.20121237039782	23.729134488718895	23.836792547249175	26.23286059363411	0.0
115.0	26.270459764829358	23.63581280481702	23.782422522715038	26.311304907638583	0.0
116.0	26.24692647062801	23.70478970161406	23.763217190665667	26.285066637092257	0.0
117.0	26.3088704289281	23.775389584218086	23.582795268455378	26.332944718398437	0.0
118.0	26.133317464138777	23.84653046209111	23.769709133893624	26.25044293987649	0.0
119.0	26.28046817730579	23.83571055671118	23.811365769606343	26.072455496376683	0.0
120.0	26.259369361814933	23.771332119700613	23.738872403560833	26.230426114923628	0.0
121.0	26.284525641823265	23.80757880272337	23.781881527446043	26.126014028007326	0.0
122.0	26.168211658989044	23.799193376053925	23.83625155198018	26.19634341297685	0.0
123.0	26.243680499014037	23.90631043931521	23.643927733851967	26.206081327818787	0.0
124.0	26.46061960188158	23.742118375174808	23.657993610845875	26.13926841209774	0.0
125.0	26.25828737127694	23.673141478377772	23.76132370722418	26.307247443121113	0.0
126.0	26.349715571737324	23.65988709428736	23.635001311913527	26.35539602206179	0.0
127.0	26.28614862763025	23.745634844423286	23.682067900316213	26.28614862763025	0.0
128.0	26.146842345863686	23.683149890854203	23.75645474980321	26.413553013478897	0.0
129.0	26.220958697716192	23.632566833203043	23.883047642748366	26.263426826332402	0.0
130.0	26.20905680179827	23.82813662294523	23.771061622066114	26.191744953190383	0.0
131.0	26.115735117896392	23.768086148086635	23.82380866079326	26.292370073223708	0.0
132.0	26.243680499014037	23.728052498180904	23.771332119700613	26.25693488310445	0.0
133.0	26.09084933552256	23.812447760144337	23.821915177351773	26.27478772698133	0.0
134.0	26.258557868911435	23.763758185934662	23.821644679717277	26.156039265436625	0.0
135.0	26.32077232484602	23.591992188028314	23.773496100776597	26.313739386349067	0.0
136.0	26.28182066547828	23.792430935191472	23.693699298599633	26.232049100730613	0.0
137.0	26.285337134726756	23.74617583969228	23.672329985474278	26.29615704010668	0.0
138.0	26.25044293987649	23.829489111117724	23.73427394377436	26.185794005231422	0.0
139.0	26.200941872763323	23.722101550221943	23.840309016497653	26.236647560517085	0.0
140.0	26.267213793215376	23.635542307182526	23.784045508522027	26.31319839108007	0.0
141.0	26.24043452740006	23.70316671580707	23.761594204858678	26.29480455193419	0.0
142.0	26.30697694548661	23.772414110238607	23.584688751896866	26.335920192377916	0.0
143.0	26.125473032738327	23.84653046209111	23.774307593680096	26.25368891149047	0.0
144.0	26.269107276656868	23.83895652832516	23.809472286164855	26.082463908853114	0.0
145.0	26.255311897297457	23.764569678838157	23.739954394098824	26.240164029765563	0.0
146.0	26.28696012053375	23.800004868957423	23.780799536908052	26.132235473600783	0.0
147.0	26.16253120866458	23.792701432825968	23.833005580366198	26.21176177814325	0.0
148.0	26.23962303449656	23.90441695587372	23.643657236217468	26.212302773412244	0.0
149.0	26.45439815628812	23.744552853885292	23.657723113211375	26.143325876615208	0.0
150.0	26.25774637600794	23.669895506763794	23.75672524743771	26.315632869790555	0.0
151.0	26.34024815452989	23.656641122673385	23.639870269334494	26.363240453462232	0.0
152.0	26.28182066547828	23.749151313671764	23.678551431067735	26.290476589782223	0.0
153.0	26.142243886077214	23.685313871930187	23.751856290016743	26.420585951975852	0.0
154.0	26.216901233198715	23.639058776431	23.87899017823089	26.26504981213939	0.0
155.0	26.20689282072228	23.834628566173187	23.769709133893624	26.188769479210904	0.0
156.0	26.121686065855354	23.76592216701065	23.823267665524263	26.28912410160973	0.0
157.0	26.24638547535902	23.72967548398789	23.769709133893624	26.254229906759463	0.0
158.0	26.099505259826504	23.814341243585822	23.817316717565305	26.26883677902237	0.0
159.0	26.259910357083925	23.76132370722418	23.822185674986272	26.15658026070562	0.0
160.0	26.32699377043948	23.591992188028314	23.77457809131459	26.306435950217615	0.0
161.0	26.28750111580274	23.79459491626746	23.691805815158144	26.226098152771655	0.0
162.0	26.289394599244233	23.751315294747748	23.672870980743273	26.28641912526475	0.0
163.0	26.250983935145488	23.83571055671118	23.740224891733323	26.17308061641001	0.0
164.0	26.20554033254979	23.724265531297927	23.845718969187615	26.224475166964666	0.0
165.0	26.265320309773895	23.639599771699995	23.787832475405	26.307247443121113	0.0
166.0	26.241246020303556	23.701543730000083	23.770791124431618	26.28641912526475	0.0
167.0	26.3083294336591	23.771332119700613	23.589287211683335	26.33105123495695	0.0
168.0	26.121415568220858	23.847612452629104	23.78485700142552	26.24611497772452	0.0
169.0	26.27018926719486	23.836522049614675	23.813259253047832	26.08002943014263	0.0
170.0	26.251254432779987	23.769438636259128	23.743200365712802	26.236106565248086	0.0
171.0	26.28750111580274	23.8029803429369	23.778365058197565	26.131153483062793	0.0
172.0	26.160367227588594	23.79567690680545	23.84057951413215	26.203376351473807	0.0
173.0	26.2342130818066	23.905769444046214	23.642845743313977	26.217171730833215	0.0
174.0	26.453586663384627	23.742929868078303	23.65988709428736	26.143596374249707	0.0
175.0	26.263697323966902	23.666649535149816	23.757266242706706	26.312386898176577	0.0
176.0	26.34024815452989	23.656370625038882	23.638517781162005	26.364863439269225	0.0
177.0	26.282902656016272	23.753208778189236	23.67692844526075	26.28696012053375	0.0
178.0	26.140350402635733	23.680174416874724	23.76024171668619	26.41923346380336	0.0
179.0	26.2196062095437	23.638517781162005	23.878719680596394	26.263156328697907	0.0
180.0	26.20581083018429	23.831382594559212	23.77620107712158	26.186605498134917	0.0
181.0	26.125743530372823	23.76727465518314	23.826513637138245	26.28046817730579	0.0
182.0	26.249360949338495	23.727782000546405	23.768086148086635	26.25477090202846	0.0
183.0	26.09815277165401	23.815964229392815	23.822997167889767	26.26288583106341	0.0
184.0	26.25774637600794	23.764028683569162	23.822185674986272	26.156039265436625	0.0
185.0	26.332133225494943	23.58793472351084	23.77457809131459	26.30535395967962	0.0
186.0	26.28804211107174	23.7881029730395	23.69667477257911	26.227180143309646	0.0
187.0	26.293722561396198	23.748610318402765	23.675575957088256	26.28209116311278	0.0
188.0	26.25179542804898	23.831653092193708	23.741577379905813	26.174974099851493	0.0
189.0	26.2041878443773	23.721560554952948	23.850317428974083	26.223934171695667	0.0
190.0	26.269107276656868	23.63770628825851	23.785938991963516	26.307247443121113	0.0
191.0	26.24773796353151	23.699109251289595	23.76429918120366	26.28885360397523	0.0
192.0	26.307788438390105	23.772684607873103	23.58955770931783	26.329969244418955	0.0
193.0	26.126284525641825	23.848694443167094	23.779988044004554	26.24503298718653	0.0
194.0	26.269107276656868	23.831923589828207	23.80757880272337	26.09139033079156	0.0
195.0	26.248549456435004	23.770791124431618	23.743200365712802	26.237459053420576	0.0
196.0	26.28614862763025	23.80460332874389	23.77593057948708	26.133317464138777	0.0
197.0	26.15630976307112	23.792971930460467	23.83922702595966	26.211491280508753	0.0
198.0	26.2342130818066	23.906851434584205	23.643386738582972	26.215548745026222	0.0
199.0	26.449258701232658	23.747257830230275	23.657452615576876	26.146030852960187	0.0
200.0	26.262074338159913	23.67016600439829	23.751315294747748	26.316444362694046	0.0
201.0	26.339977656895392	23.66151008009435	23.638247283527505	26.360264979482757	0.0
202.0	26.2791156891333	23.75997121905169	23.676657947626246	26.284255144188762	0.0
203.0	26.141702890808222	23.685854867199186	23.75699574507221	26.415446496920385	0.0
204.0	26.214196256853732	23.64095225987249	23.883859135651857	26.26099234762192	0.0
205.0	26.19661391061135	23.83598105434568	23.778365058197565	26.1890399768454	0.0
206.0	26.11600561553089	23.775389584218086	23.82678413477274	26.28182066547828	0.0
207.0	26.24557398245552	23.7285934934499	23.767815650452135	26.258016873642443	0.0
208.0	26.09598879057803	23.818669205737798	23.822185674986272	26.263156328697907	0.0
209.0	26.258557868911435	23.768086148086635	23.81515273648932	26.158203246512606	0.0
210.0	26.32807576097747	23.596590647814786	23.767815650452135	26.30751794075561	0.0
211.0	26.28209116311278	23.792430935191472	23.69153531752365	26.233942584172105	0.0
212.0	26.284525641823265	23.750233304209758	23.672329985474278	26.292911068492707	0.0
213.0	26.252336423317978	23.840038518863153	23.732921455601872	26.174703602216997	0.0
214.0	26.203646849108303	23.72264254549094	23.847071457360105	26.226639148040647	0.0
215.0	26.274517229346827	23.63635380008602	23.783775010887528	26.30535395967962	0.0
216.0	26.25044293987649	23.70181422763458	23.75537275926522	26.292370073223708	0.0
217.0	26.309952419466093	23.76889764099013	23.58820522114534	26.332944718398437	0.0
218.0	26.13061248779379	23.847612452629104	23.77457809131459	26.247196968262514	0.0
219.0	26.275869717519317	23.82840712057973	23.792971930460467	26.10275123144048	0.0
220.0	26.257475878373445	23.765381171741655	23.73724941775384	26.23989353213106	0.0
221.0	26.292640570858204	23.799193376053925	23.769438636259128	26.13872741682874	0.0
222.0	26.161449218126588	23.78972595884649	23.833817073269696	26.21500774975723	0.0
223.0	26.234754077075596	23.905769444046214	23.633648823741034	26.225827655137156	0.0
224.0	26.448176710694664	23.74536434678879	23.651772165252417	26.154686777264136	0.0
225.0	26.27100076009835	23.66123958245985	23.74806932313377	26.319690334308028	0.0
226.0	26.332944718398437	23.65988709428736	23.640411264603493	26.36675692271071	0.0
227.0	26.279656684402298	23.75699574507221	23.677198942895245	26.28614862763025	0.0
228.0	26.139809407366734	23.687748350640675	23.750233304209758	26.422208937782838	0.0
229.0	26.2196062095437	23.638517781162005	23.87899017823089	26.26288583106341	0.0
230.0	26.200400877494328	23.831653092193708	23.77620107712158	26.191744953190383	0.0
231.0	26.114112132089407	23.77755356529407	23.820292191544784	26.28804211107174	0.0
232.0	26.24773796353151	23.729945981622393	23.763758185934662	26.258557868911435	0.0
233.0	26.09598879057803	23.81650522466181	23.82245617262077	26.26504981213939	0.0
234.0	26.25963985944943	23.772955105507602	23.80893129089586	26.15847374414711	0.0
235.0	26.325641282266986	23.60173010287025	23.767004157548644	26.30562445731412	0.0
236.0	26.277222205691814	23.792701432825968	23.694240293868628	26.235836067613587	0.0
237.0	26.27749270332631	23.761053209589683	23.67016600439829	26.291288082685714	0.0
238.0	26.244491991917528	23.84950593607059	23.738060910657335	26.16794116135455	0.0
239.0	26.206622323087785	23.731298469794883	23.846800959725606	26.215278247391726	0.0
240.0	26.270730262463854	23.64068176223799	23.783234015618536	26.30535395967962	0.0
241.0	26.242057513207044	23.71047015193852	23.760782711955184	26.286689622899246	0.0
242.0	26.312657395811073	23.76565166937615	23.592262685662813	26.32942824914996	0.0
243.0	26.12871900435231	23.856538874567544	23.77755356529407	26.23718855578608	0.0
244.0	26.277222205691814	23.841391007035643	23.787291480136005	26.094095307136538	0.0
245.0	26.251524930414483	23.767545152817636	23.741847877540312	26.23908203922757	0.0
246.0	26.288583106340734	23.798111385515934	23.778635555832064	26.134669952311267	0.0
247.0	26.15198180091915	23.8029803429369	23.83733354251817	26.20770431362578	0.0
248.0	26.224204669330163	23.90928591329469	23.636624297720516	26.22988511965463	0.0
249.0	26.434922326604255	23.74942181130626	23.656370625038882	26.1592852370506	0.0
