# Position (bp)	A	C	G	T	N
0.0	26.30468182347623	23.659820403454376	23.740522371916825	26.29497540115257	0.0
1.0	26.176002396099683	23.767423028070976	23.800979516675632	26.255595059153713	0.0
2.0	26.095890410958905	23.77987909711053	23.789584604292607	26.334645887637958	0.0
3.0	26.14412430992078	23.856291609246718	23.744270713467742	26.255313367364764	0.0
4.0	26.117563554798945	23.764739805862927	23.82019169718831	26.297504942149814	0.0
5.0	26.226663044020693	23.672420389582307	23.860945843290988	26.23997072310601	0.0
6.0	26.298631093960513	23.72853634060201	23.732694621402395	26.240137944035087	0.0
7.0	26.076989391574802	23.83416816585401	23.877411289227197	26.211431153343995	0.0
8.0	26.257639803201442	23.780195412653317	23.709791421245928	26.252373362899313	0.0
9.0	26.27614019041284	23.79328981831788	23.591513186158345	26.339056805110932	0.0
10.0	26.196032348718745	23.710568763199174	23.85413144577044	26.239267442311636	0.0
11.0	26.405205934277298	23.716045995360556	23.714383111754092	26.164364958608054	0.0
12.0	26.23282033374074	23.782838486886774	23.698031422957218	26.286309756415267	0.0
13.0	26.052120315171873	23.84436518032587	23.814710422677297	26.288804081824956	0.0
14.0	26.29905853073147	23.848799536609768	23.748749372954308	26.103392559704453	0.0
15.0	26.219517264889042	23.828567786064482	23.81942192622894	26.13249302281753	0.0
16.0	26.159653455056414	23.82939922786771	23.862102605461462	26.148844711614412	0.0
17.0	26.22422876844069	23.64537344208592	23.893974541251985	26.236423248221406	0.0
18.0	26.272729540295824	23.722420382518656	23.814987569945043	26.189862507240473	0.0
19.0	26.260535060515107	23.7905986103836	23.633456109572943	26.315410219528353	0.0
20.0	26.333701939199432	23.691657035799114	23.78699569590293	26.187645329098526	0.0
21.0	26.304601476086347	23.843533738522638	23.727963327873532	26.12390145751748	0.0
22.0	26.185982445492062	23.773692627051236	23.867368403548596	26.17295652390811	0.0
23.0	26.306818654228298	23.742374985796204	23.594101197553343	26.356705162422156	0.0
24.0	26.31901313400902	23.758726674593078	23.684174059570033	26.23808613182787	0.0
25.0	26.318735986741277	23.64731347296013	23.732951978692917	26.30099856160568	0.0
26.0	26.172402229372622	23.774246921586723	23.81277039180309	26.240580457237563	0.0
27.0	26.10006679249153	23.79669585027396	23.797804439344937	26.305432917889576	0.0
28.0	26.148013269811184	23.857668249177564	23.752075140167232	26.242243340844023	0.0
29.0	26.103392559704453	23.78450137049324	23.809721771857912	26.302384297944396	0.0
30.0	26.225337357511663	23.667268076237672	23.864319783603413	26.24307478264726	0.0
31.0	26.29739564712501	23.714105964486347	23.73239768415743	26.256100704231205	0.0
32.0	26.07782273709883	23.849564879995565	23.853444930990523	26.219167451915084	0.0
33.0	26.27736821683942	23.774735325092845	23.689097056704174	26.258799401363557	0.0
34.0	26.272933872845183	23.785821185078433	23.603181641815866	26.338063300260515	0.0
35.0	26.188681336954716	23.69463998669697	23.87339947896458	26.243279197383735	0.0
36.0	26.400625240770353	23.728108951529983	23.69374288081902	26.17752292688064	0.0
37.0	26.225191992705525	23.783538097837987	23.70316583569138	26.288104073765105	0.0
38.0	26.040612935499873	23.85781315389071	23.81873560574357	26.282838304865848	0.0
39.0	26.29170696827513	23.85337882218607	23.73642332347618	26.118490886062617	0.0
40.0	26.22768630428938	23.82898999781055	23.812084108186607	26.131239589713456	0.0
41.0	26.154242685431278	23.820121334401268	23.87776764656159	26.14786833360586	0.0
42.0	26.20939468600774	23.66020824730268	23.904096491057896	26.226300575631683	0.0
43.0	26.25179798293337	23.7275546600669	23.82344708317975	26.19720027381998	0.0
44.0	26.262052375000344	23.79517821856267	23.638590880242557	26.304178526194427	0.0
45.0	26.32579589325455	23.695960046671342	23.783538097837987	26.19470596223612	0.0
46.0	26.29697273717439	23.84257013865601	23.748894881395486	26.111562242774117	0.0
47.0	26.1924887963838	23.768572228334826	23.86501894291075	26.173920032370624	0.0
48.0	26.30916714936215	23.753883504563206	23.586210336981495	26.35073900909315	0.0
49.0	26.316927229845273	23.762197876509404	23.69124856923516	26.229626324410166	0.0
50.0	26.310275732288307	23.65660535279266	23.740026217986205	26.29309269693283	0.0
51.0	26.160894182988244	23.791298178321107	23.814855565502008	26.232952073188642	0.0
52.0	26.111007951311038	23.800721133193466	23.797672530146528	26.290598385348968	0.0
53.0	26.156459851283596	23.84395586731371	23.744737695422383	26.254846585980307	0.0
54.0	26.10352501655946	23.769680811260983	23.819012751475107	26.30778142070445	0.0
55.0	26.218540495148563	23.67877701131586	23.85919888254841	26.243483610987166	0.0
56.0	26.294201279858985	23.724783202751503	23.7275546600669	26.253460857322608	0.0
57.0	26.070472421304686	23.863844222358946	23.85442129360183	26.211262062734537	0.0
58.0	26.282211173376346	23.774603544129793	23.688688605461973	26.25449667703189	0.0
59.0	26.27860828885157	23.77848357361802	23.596953622561816	26.3459545149686	0.0
60.0	26.18853617573208	23.702822998597647	23.870772846445064	26.237867979225214	0.0
61.0	26.410456096202296	23.727977429376732	23.702480163404218	26.15908631101676	0.0
62.0	26.225323773706222	23.773151933219335	23.711625921850878	26.289898371223565	0.0
63.0	26.051000074828934	23.86183807573242	23.809180678615277	26.277981170823367	0.0
64.0	26.272438286916298	23.855740903434647	23.736014611041977	26.135806198607074	0.0
65.0	26.2355781089343	23.836063665564556	23.81028925539669	26.118068970104456	0.0
66.0	26.159640599407464	23.81112068798275	23.882346746188574	26.146891966421208	0.0
67.0	26.21423800589209	23.66589712961757	23.892878225612005	26.22698663887834	0.0
68.0	26.2522067606555	23.73213459230703	23.8233150325783	26.19234361445917	0.0
69.0	26.274655440479126	23.78839486396377	23.62432550031456	26.312624195242545	0.0
70.0	26.31788993495426	23.683911502315542	23.797540622410434	26.200657940319772	0.0
71.0	26.307358455530828	23.84299227044839	23.742388927535107	26.107260346485674	0.0
72.0	26.200380796124417	23.765114751554087	23.85823520119283	26.17626925112867	0.0
73.0	26.307081311335473	23.745991802074702	23.60049109951417	26.346435787075656	0.0
74.0	26.30597273455406	23.76372903057732	23.685297223292306	26.245001011576313	0.0
75.0	26.30680416714012	23.640399863645058	23.74848609983288	26.304309869381942	0.0
76.0	26.170172078830895	23.78506913361953	23.81056639959204	26.234192387957528	0.0
77.0	26.110863221025266	23.78590056620559	23.815554995108403	26.287681217660737	0.0
78.0	26.161857752970292	23.840497972690212	23.7418346391444	26.255809635195092	0.0
79.0	26.10365747194608	23.761789021209843	23.83218364682961	26.30236986001447	0.0
80.0	26.22698663887834	23.689177242027252	23.86072949895101	26.223106620143394	0.0
81.0	26.28324691053508	23.740726062362988	23.733520313283798	26.24250671381813	0.0
82.0	26.071436489812207	23.859277653371173	23.850409063698645	26.218876793117975	0.0
83.0	26.29536837904352	23.780846063454756	23.67913442564796	26.244651131853757	0.0
84.0	26.289271223643663	23.76588031838237	23.590725672349954	26.354122785624018	0.0
85.0	26.187559585836862	23.702691616965613	23.8698091036073	26.239939693590227	0.0
86.0	26.40476685373796	23.732280191228437	23.702348784036584	26.160604170997022	0.0
87.0	26.237095544931755	23.75362017598559	23.71094020647128	26.29834407261138	0.0
88.0	26.064989953578603	23.84313725490196	23.796023002840712	26.295849788678723	0.0
89.0	26.283378369015452	23.854222961269315	23.72396591145292	26.138432758262315	0.0
90.0	26.243192683433797	23.829002979283587	23.805722995912145	26.122081341370468	0.0
91.0	26.15894131504192	23.812928705050926	23.88664865239382	26.14148132751334	0.0
92.0	26.206609852421536	23.667151666320237	23.889142936326476	26.237095544931755	0.0
93.0	26.265641238827687	23.731725905910068	23.82207441280399	26.180558442458256	0.0
94.0	26.276449802535858	23.801288713365203	23.615325989052867	26.306935495046073	0.0
95.0	26.319129772050164	23.67740594471004	23.792143005612136	26.211321277627658	0.0
96.0	26.311369777593015	23.834545832467263	23.73616018845701	26.11792420148271	0.0
97.0	26.214369846878682	23.755283031940692	23.850342964040742	26.180004157139887	0.0
98.0	26.290029792835863	23.750017321416202	23.620591699577357	26.339361186170578	0.0
99.0	26.31524977482159	23.75500588928151	23.683780225871267	26.24596411002564	0.0
100.0	26.294464075382802	23.642208826993695	23.75445160396314	26.30887549366036	0.0
101.0	26.184715582346012	23.77773158733458	23.79824014411418	26.239312686205224	0.0
102.0	26.132335619760273	23.764705882352942	23.811820134414187	26.291138363472598	0.0
103.0	26.16642416683988	23.82983440726114	23.73616018845701	26.267581237441973	0.0
104.0	26.103512783205158	23.76664588096723	23.839811542991754	26.290029792835863	0.0
105.0	26.23986697152359	23.691540220328413	23.85394581861013	26.214646989537865	0.0
106.0	26.285872652948107	23.736437331116193	23.732280191228437	26.245409824707266	0.0
107.0	26.08542621651433	23.849722580967004	23.86025397282901	26.204597229689657	0.0
108.0	26.281365533525854	23.78403995277502	23.669303209857382	26.265291303841742	0.0
109.0	26.281365533525854	23.784317094666125	23.58865491954571	26.34566245226231	0.0
110.0	26.191294418916595	23.706440223265506	23.866073952542223	26.236191405275672	0.0
111.0	26.41182616600199	23.72328013147575	23.707205946339936	26.157687756182323	0.0
112.0	26.24221579870686	23.746837126933407	23.693071749065343	26.317875325294395	0.0
113.0	26.07066544355051	23.834968004057348	23.797831093571155	26.296535458820987	0.0
114.0	26.295981176574923	23.85353645930044	23.716351603399968	26.134130760724666	0.0
115.0	26.252192879135983	23.82499092362822	23.80448248052391	26.118333716711888	0.0
116.0	26.14383070003076	23.808916738492407	23.888733381925412	26.15851917955142	0.0
117.0	26.208681722820078	23.672009023714967	23.885961970695096	26.23334728276986	0.0
118.0	26.264941370795427	23.739631457734593	23.823050935767	26.17237623570298	0.0
119.0	26.28212412042336	23.797276811325094	23.616857940231746	26.303741128019798	0.0
120.0	26.29099263636036	23.691408902327154	23.781756908435344	26.235841552877144	0.0
121.0	26.293486906467646	23.830256604965815	23.745728562441283	26.130527926125264	0.0
122.0	26.200921771375203	23.748499973671596	23.854367882669532	26.19621037228367	0.0
123.0	26.278521285823953	23.751271384901905	23.6093751299099	26.360832199364236	0.0
124.0	26.34226374412114	23.729100095059405	23.68198610414409	26.246650056675357	0.0
125.0	26.29459547095977	23.63764352445909	23.746837126933407	26.32092387764774	0.0
126.0	26.2017531947443	23.793951117848717	23.785082601911718	26.219213085495262	0.0
127.0	26.159627744043547	23.760417041961936	23.79921679918631	26.2807384148082	0.0
128.0	26.174316223564205	23.812519573091816	23.73686004650428	26.276304156839704	0.0
129.0	26.097825273607572	23.782588331804437	23.836630850795533	26.282955543792454	0.0
130.0	26.24720433892142	23.681154680774995	23.84466794336344	26.226973036940137	0.0
131.0	26.29320976534461	23.725220119336967	23.73935431661156	26.24221579870686	0.0
132.0	26.100464213954133	23.86420009699993	23.856440102542784	26.178895586503153	0.0
133.0	26.273401233284833	23.80406013995704	23.66742880897942	26.2551098177787	0.0
134.0	26.279221229127693	23.776623016697844	23.601745998752858	26.342409755421603	0.0
135.0	26.214924132197048	23.71648305965496	23.850065821381556	26.218526986766438	0.0
136.0	26.409274327650046	23.724585947719664	23.717657362038004	26.14848236259229	0.0
137.0	26.251302574108156	23.738720262510256	23.696594461565752	26.313382701815847	0.0
138.0	26.073653637230336	23.830454736935458	23.797751812518015	26.298139813316183	0.0
139.0	26.307008402988714	23.854289071680377	23.714054497483538	26.124648027847368	0.0
140.0	26.254146770022974	23.80807210183386	23.7989263433872	26.13885478475596	0.0
141.0	26.150771985156158	23.803360650512857	23.873200987741914	26.172666376589078	0.0
142.0	26.223938052729455	23.66589712961757	23.88012959262575	26.230035225027233	0.0
143.0	26.254146770022974	23.734906034260568	23.831629358438903	26.179317837277555	0.0
144.0	26.270221133353473	23.805854948271037	23.63263982617516	26.29128409220033	0.0
145.0	26.294055534153866	23.701371586622805	23.773429077414686	26.231143801808642	0.0
146.0	26.29614129997977	23.833147183783648	23.745846278348544	26.124865237888038	0.0
147.0	26.202743188450782	23.761366439314784	23.86862183742077	26.167268534813658	0.0
148.0	26.29455129981708	23.76337231860762	23.599855883820187	26.342220497755115	0.0
149.0	26.329194612272044	23.75062357962419	23.689651349703453	26.23053045840031	0.0
150.0	26.302865694806275	23.648910814256414	23.766420930103653	26.281802560833654	0.0
151.0	26.193188274453394	23.792538641257803	23.788104284973908	26.22616879931489	0.0
152.0	26.141638882653073	23.764823914483436	23.807504593715965	26.286032609147526	0.0
153.0	26.166582136750005	23.81249324453535	23.748749372954308	26.272175245760337	0.0
154.0	26.093969552601166	23.784224223225493	23.828013491528992	26.293792732644345	0.0
155.0	26.243351929914997	23.668099518040904	23.847690947538794	26.240857604505308	0.0
156.0	26.282429694666853	23.73766348224456	23.73461486229938	26.245291960789203	0.0
157.0	26.107971631048425	23.845883093091512	23.85724619405405	26.18889908180601	0.0
158.0	26.268440788543778	23.789621885886753	23.665736370514693	26.27620095505478	0.0
159.0	26.29088984166489	23.79294767153432	23.598112062347397	26.318050424453393	0.0
160.0	26.21273387894695	23.705368649481592	23.854474706014408	26.22742276555706	0.0
161.0	26.392676599707332	23.72816061372001	23.722617622278392	26.156545164294265	0.0
162.0	26.236641390625692	23.751441177774822	23.697951310363177	26.31396612123631	0.0
163.0	26.059265664493815	23.84290053656157	23.8029909981819	26.294842800762712	0.0
164.0	26.295674249478957	23.856758015165624	23.720123276129662	26.127444459225757	0.0
165.0	26.251125923257067	23.825506145808795	23.791416653963942	26.131951276970195	0.0
166.0	26.145808793980297	23.821626041045967	23.860981389354656	26.171583775619084	0.0
167.0	26.226459542979093	23.671410556656458	23.87234455330294	26.22978534706151	0.0
168.0	26.254728877679696	23.75566426007788	23.813588681180107	26.176018181062314	0.0
169.0	26.287432617823537	23.80887712539667	23.62706650222413	26.27662375455566	0.0
170.0	26.295192827349194	23.70106564305808	23.772570430830203	26.231171098762523	0.0
171.0	26.2964471900957	23.837832894047608	23.75856745738097	26.107152458475717	0.0
172.0	26.215795994046776	23.76189327989845	23.881622890527783	26.14068783552699	0.0
173.0	26.30123166635256	23.778311142644924	23.598993381594845	26.321463809407668	0.0
174.0	26.32229526734144	23.745052825294056	23.68712792257464	26.245523984789866	0.0
175.0	26.31619790916045	23.650266620844096	23.763622052481626	26.26991341751383	0.0
176.0	26.188780275545927	23.788077414491244	23.802766545365856	26.220375764596977	0.0
177.0	26.1400012749057	23.768399522187515	23.826047432035054	26.26555177087173	0.0
178.0	26.166885155940367	23.803598005604044	23.75786769250383	26.27164914595176	0.0
179.0	26.097042495932776	23.782257192823945	23.839073642433295	26.281626668809988	0.0
180.0	26.251139793409845	23.678324663050738	23.84045940949694	26.23007613404248	0.0
181.0	26.2730349130154	23.733755345596446	23.747890169645604	26.24531957174255	0.0
182.0	26.107441887536066	23.853063532228962	23.854726461923068	26.1847681183119	0.0
183.0	26.288424069244392	23.78266617517856	23.66127230750896	26.267637448068093	0.0
184.0	26.277892181181734	23.79596961273139	23.61443312112503	26.31170508496185	0.0
185.0	26.20167457020196	23.7178119171085	23.861378180699482	26.219135331990056	0.0
186.0	26.385224274406333	23.733675528258797	23.723697922440746	26.157402274894125	0.0
187.0	26.231957162812353	23.739218642602157	23.710117292299508	26.31870690228598	0.0
188.0	26.056794749562094	23.857009822398616	23.78938382740959	26.2968116006297	0.0
189.0	26.29015986341766	23.84869515088357	23.73616992971331	26.124975055985455	0.0
190.0	26.24200749985449	23.82354000892444	23.799427394701322	26.135025096519747	0.0
191.0	26.15276311158043	23.833517642396075	23.863173386325652	26.150545859697843	0.0
192.0	26.20708578270377	23.687456174630757	23.870379454944057	26.23507858772141	0.0
193.0	26.25143082035548	23.752033635711058	23.803030429010523	26.19350511492294	0.0
194.0	26.278037842946507	23.81134512357022	23.62565027840369	26.284966755079587	0.0
195.0	26.313513873067873	23.689950582998666	23.76616861646254	26.23036692747092	0.0
196.0	26.294535829603248	23.833095439364754	23.757431299455384	26.114937431576614	0.0
197.0	26.218871689693877	23.76186582780172	23.874391984590012	26.144870497914386	0.0
198.0	26.298766089067747	23.769137814436647	23.616146162459394	26.315949934036208	0.0
199.0	26.32759060320839	23.743084888194144	23.71204310373499	26.217281404862476	0.0
200.0	26.29682597753905	23.641921929912087	23.77440383144311	26.286848261105757	0.0
201.0	26.18021468779362	23.797473967788516	23.81493501994163	26.20737632447624	0.0
202.0	26.148895657741207	23.780567234751373	23.808283190549968	26.26225391695745	0.0
203.0	26.181877645141533	23.816043658173573	23.742873534865286	26.259205161819608	0.0
204.0	26.092355107912073	23.776409841381586	23.84237381618224	26.288861234524102	0.0
205.0	26.221511461933524	23.69409345265976	23.851242922037788	26.233152163368928	0.0
206.0	26.27195450148696	23.730678514313905	23.747585247351047	26.24978173684809	0.0
207.0	26.11467263117342	23.839734368807182	23.853869584618668	26.191723415400737	0.0
208.0	26.263785299929875	23.784579311032953	23.691176022239407	26.26045936679776	0.0
209.0	26.296213147967997	23.786796599787692	23.609136338313917	26.307853913930394	0.0
210.0	26.19421786524982	23.69727356631495	23.86163009526027	26.246878473174963	0.0
211.0	26.38719512195122	23.742239467849224	23.71978935698448	26.15077605321508	0.0
212.0	26.253048780487802	23.731430155210642	23.683758314855876	26.331762749445677	0.0
213.0	26.06208425720621	23.83619733924612	23.80349223946785	26.298226164079825	0.0
214.0	26.30986696230599	23.847838137472284	23.72782705099778	26.11446784922395	0.0
215.0	26.249518429929132	23.83515475375486	23.806052677529593	26.109274138786414	0.0
216.0	26.150294208132507	23.83238312744769	23.866196968395144	26.151125696024657	0.0
217.0	26.222079329488164	23.674123265308385	23.863425342087975	26.240372063115476	0.0
218.0	26.249241267298412	23.758657867677016	23.81159593014393	26.180504934880638	0.0
219.0	26.273077253540063	23.804112539114577	23.629777244393694	26.293032962951674	0.0
220.0	26.297190402412422	23.696850601027165	23.778059251827194	26.227899744733218	0.0
221.0	26.29789050352414	23.83500971460406	23.751306136137494	26.115793645734303	0.0
222.0	26.233865580922238	23.76488718032578	23.859400161309548	26.14184707744244	0.0
223.0	26.28604529983703	23.769110522289605	23.608077694874666	26.3367664829987	0.0
224.0	26.33066885442189	23.76245856384217	23.683466557278905	26.223406024457034	0.0
225.0	26.302398031020303	23.637457178017495	23.77326799631925	26.286876794642954	0.0
226.0	26.191881816544022	23.805207943569062	23.807148103493674	26.195762136393242	0.0
227.0	26.14310065272523	23.767790573594425	23.82460954281517	26.264499230865173	0.0
228.0	26.173034548704944	23.801050458016327	23.759752768192463	26.26616222508627	0.0
229.0	26.087944677725577	23.775551213292868	23.84816862761402	26.288335481367536	0.0
230.0	26.240385814659295	23.689629845202955	23.84539697057886	26.22458736955889	0.0
231.0	26.269211047824943	23.733699192061973	23.728433043695173	26.268656716417908	0.0
232.0	26.11830052135158	23.819198266041745	23.849132327955367	26.21336888465131	0.0
233.0	26.2837693635963	23.774574340411263	23.67673430471212	26.26492199128032	0.0
234.0	26.285709534275885	23.78344369208937	23.605779491287247	26.325067282347497	0.0
235.0	26.185374993417277	23.708608537305327	23.862990689952408	26.243025779324984	0.0
236.0	26.39470941706025	23.72336415441584	23.717820794252646	26.164105634271266	0.0
237.0	26.249196212776337	23.73971706689727	23.681234617175548	26.32985210315085	0.0
238.0	26.061276303243975	23.849752766136724	23.79293332446396	26.29603760615535	0.0
239.0	26.293543094081905	23.83783454178585	23.744706091044147	26.123916273088092	0.0
240.0	26.23034428851383	23.824122093393907	23.816915345660565	26.128618272431698	0.0
241.0	26.135623383571406	23.840121524938393	23.867564428453026	26.15669066303718	0.0
242.0	26.210766185594448	23.68167175830695	23.875449792360875	26.23211226373773	0.0
243.0	26.24818756705655	23.76193156142311	23.814052004003294	26.175828867517044	0.0
244.0	26.267123952323256	23.807041718536425	23.638470773180583	26.28736355595973	0.0
245.0	26.30668300771394	23.698308036135156	23.756536881041242	26.238472075109666	0.0
246.0	26.31489918667173	23.81196671260645	23.751792067484338	26.121342033237475	0.0
247.0	26.233354224324877	23.751948131180637	23.861764493818672	26.152933150675818	0.0
248.0	26.308418083640024	23.772703698875944	23.59076903449825	26.32810918298578	0.0
249.0	26.331714595542046	23.766324892045628	23.672861505010136	26.22909900740219	0.0
