# Position (bp)	A	C	G	T	N
0.0	26.308611957102034	23.770639181873758	23.81240854307915	26.108340317945057	0.0
1.0	26.265459504466005	23.77866111217148	23.711166250356147	26.24471313300637	0.0
2.0	26.193222523726146	23.793915152923343	23.712315467151285	26.300546856199226	0.0
3.0	26.226973502240412	23.711069314598664	23.79598384687725	26.265973336283675	0.0
4.0	26.23984599938599	23.677870985764347	23.790163100147417	26.292119914702244	0.0
5.0	26.210053239300287	23.79865864620065	23.70711470649243	26.284173408006637	0.0
6.0	26.13746985552778	23.752184782849177	23.89101528794885	26.219330073674197	0.0
7.0	26.408097233168785	23.74745924420293	23.702658978719874	26.141784543908408	0.0
8.0	26.308483190965127	23.73479416294961	23.715989945274195	26.24073270081107	0.0
9.0	26.359858089741923	23.581657850275274	23.804809795457878	26.253674264524925	0.0
10.0	26.293522983674734	23.788601070654337	23.681314427288413	26.236561518382516	0.0
11.0	26.177387957350795	23.832289961509534	23.768968720966242	26.221353360173428	0.0
12.0	26.153331416183693	23.760120338008228	23.687950714506925	26.398597531301153	0.0
13.0	26.22439499181525	23.822888554616643	23.692098394018494	26.260618059549618	0.0
14.0	26.21250497721541	23.809615980179622	23.73274565323187	26.245133389373095	0.0
15.0	26.08309737645445	23.8663009335044	23.822888554616643	26.2277131354245	0.0
16.0	26.270572490377386	23.801044109189046	23.818464363137636	26.10991903729594	0.0
17.0	26.282185993009776	23.721685174534354	23.751824978985088	26.24430385347078	0.0
18.0	26.20476264212715	23.87293722072291	23.701223288943947	26.221076848205993	0.0
19.0	26.169092598327655	23.76786267309649	23.766203601291863	26.296841127283987	0.0
20.0	26.197573330973768	23.734957748971375	23.790813166393843	26.276655753661014	0.0
21.0	26.223012431978056	23.778646639826572	23.763991505552358	26.23434942264301	0.0
22.0	26.311496261558197	23.68988629827899	23.763991505552358	26.23462593461045	0.0
23.0	26.250314531493242	23.73710420877702	23.773880198756252	26.238701060973487	0.0
24.0	26.259919811972903	23.8257984238905	23.636665284114475	26.27761648002212	0.0
25.0	26.312180284805752	23.77381446149592	23.807825245403013	26.106180008295315	0.0
26.0	26.266003041614823	23.7829393059588	23.703580810175584	26.247476842250794	0.0
27.0	26.18858011889949	23.79206415042168	23.722107009539613	26.297248721139223	0.0
28.0	26.217337204479467	23.709111018940966	23.798147380063597	26.275404396515967	0.0
29.0	26.223973454997928	23.67510023503387	23.801742015761096	26.299184294207105	0.0
30.0	26.21180699571409	23.785427899903222	23.711323102447118	26.29144200193557	0.0
31.0	26.13880824001106	23.748098990736903	23.889119314254113	26.223973454997928	0.0
32.0	26.39679247891608	23.74561039679248	23.711876123323655	26.145721000967786	0.0
33.0	26.307756117793446	23.743398313286328	23.70496336236693	26.243882206553298	0.0
34.0	26.358910548873222	23.590764551361815	23.79510576524264	26.255219134522328	0.0
35.0	26.283976220102307	23.795382275680907	23.69058481957694	26.230056684639848	0.0
36.0	26.177796211806996	23.835199778791647	23.761371491773815	26.225632517627538	0.0
37.0	26.15927001244297	23.75418222037882	23.69113784045348	26.39540992672473	0.0
38.0	26.224802986312735	23.83409373703857	23.683119037743676	26.257984238905017	0.0
39.0	26.20047006774506	23.819715194248584	23.738144614959214	26.241670123047143	0.0
40.0	26.074657818332643	23.864786395686437	23.824415871699156	26.236139914281765	0.0
41.0	26.273468823448088	23.798976911378407	23.818885662933774	26.10866860223973	0.0
42.0	26.279275542651735	23.71712982165077	23.757223835199778	26.246370800497722	0.0
43.0	26.210424443522744	23.867828010507395	23.70192174754597	26.21982579842389	0.0
44.0	26.16784183602931	23.761648002212084	23.77464399281073	26.295866168947878	0.0
45.0	26.199640536430252	23.73095534356422	23.790681598230336	26.2787225217752	0.0
46.0	26.22120835061524	23.772431909304576	23.766625190100925	26.23973454997926	0.0
47.0	26.307479607355177	23.6900317987004	23.76828425273054	26.23420434121388	0.0
48.0	26.247680775111913	23.736972937998235	23.7654534343884	26.249892852501443	0.0
49.0	26.255073938482298	23.823178082797828	23.639852676053223	26.28189530266665	0.0
50.0	26.308440157941888	23.7805957107938	23.810458672978445	26.100505458285866	0.0
51.0	26.256732991937	23.78446683552144	23.70870339442337	26.25009677811819	0.0
52.0	26.18926481811244	23.783360799884974	23.72639996460686	26.30097441739573	0.0
53.0	26.216086182296795	23.70179067169544	23.809352637341973	26.272770508665786	0.0
54.0	26.214427128842093	23.67469279860197	23.8032694413414	26.30761063121454	0.0
55.0	26.21083251302357	23.777277603884396	23.72363487551569	26.288255007576346	0.0
56.0	26.136451616471085	23.732206651698316	23.891199274440623	26.240142457389975	0.0
57.0	26.394710937586407	23.741884463517415	23.712298010241888	26.151106588654287	0.0
58.0	26.318947496488338	23.726676473515976	23.711191974605423	26.243184055390266	0.0
59.0	26.367889573402053	23.59422870604891	23.785019853339676	26.252861867209358	0.0
60.0	26.29267915012222	23.786678906794375	23.690177297512527	26.230464645570876	0.0
61.0	26.178204461747757	23.835067965889863	23.75543340006415	26.23129417229823	0.0
62.0	26.171844756838063	23.748244168427107	23.68132901242078	26.39858206231405	0.0
63.0	26.234059261389405	23.822625064979594	23.68602966387577	26.257286009755234	0.0
64.0	26.216086182296795	23.805758021523456	23.733312687334788	26.244843108844968	0.0
65.0	26.0767256921018	23.84834039352748	23.832855894616927	26.242078019753794	0.0
66.0	26.273047017574907	23.797186245340825	23.81737139570637	26.112395341377898	0.0
67.0	26.274429562120496	23.7189342240607	23.763452158428542	26.243184055390266	0.0
68.0	26.211938548660036	23.886222114076517	23.69736652914957	26.204472808113877	0.0
69.0	26.172397774656297	23.767323283156184	23.770917898974705	26.28936104321281	0.0
70.0	26.203643281386523	23.720316768606285	23.804375476977867	26.271664473029322	0.0
71.0	26.229635118843532	23.778383639520865	23.765664229701482	26.226317011934125	0.0
72.0	26.31092873812394	23.691836350967225	23.76677026533795	26.230464645570876	0.0
73.0	26.253895308486314	23.726887375467644	23.76449248312609	26.25472483291995	0.0
74.0	26.257417310468018	23.822769829726756	23.636680362998888	26.28313249680634	0.0
75.0	26.31852544144403	23.77327500870998	23.797331150768414	26.110868399077567	0.0
76.0	26.273454738506967	23.77161596443009	23.69557643493505	26.259352862127887	0.0
77.0	26.186907928572612	23.784335303909263	23.72654526149303	26.302211506025095	0.0
78.0	26.212346607530957	23.70110658253469	23.80894446072766	26.277602349206703	0.0
79.0	26.207092967311297	23.66792569693685	23.815857145227206	26.309124190524646	0.0
80.0	26.20875201159119	23.780740707969493	23.727651291012958	26.282855989426356	0.0
81.0	26.14045468873564	23.739817615732164	23.89355571900214	26.226171976530054	0.0
82.0	26.393735448799127	23.738988093592216	23.712166877733967	26.155109579874686	0.0
83.0	26.307465146244752	23.73235191647265	23.714378936773823	26.24580400050877	0.0
84.0	26.357789489401473	23.597692822421433	23.795948613868504	26.24856907430859	0.0
85.0	26.285621063226177	23.780464200589513	23.69695897183496	26.23695576434935	0.0
86.0	26.176124140753316	23.827746962566433	23.762767728270667	26.233361168409587	0.0
87.0	26.171976530053588	23.7392646009722	23.68755772091557	26.40120114805864	0.0
88.0	26.24580400050877	23.829406006846323	23.676773933096275	26.24801605954863	0.0
89.0	26.219535799410487	23.80396732788798	23.736776034552364	26.23972083814917	0.0
90.0	26.072433873260074	23.84157233156553	23.83327711016607	26.25271668500832	0.0
91.0	26.27428426064692	23.80120225408816	23.821387292826845	26.103126192438076	0.0
92.0	26.277049334446733	23.71271989249393	23.767744861110344	26.242485911948986	0.0
93.0	26.21068756325106	23.888855093542446	23.701936104674633	26.198521238531857	0.0
94.0	26.183866347392815	23.751154418311422	23.78157023010944	26.28340900418632	0.0
95.0	26.204051386131493	23.72654526149303	23.79705464338843	26.272348708987042	0.0
96.0	26.230043079849803	23.7760400825098	23.76746835373036	26.226448483910037	0.0
97.0	26.31216577170445	23.68755772091557	23.760832176610794	26.23944433076919	0.0
98.0	26.25347361435622	23.72620314941035	23.767126128492624	26.2531971077408	0.0
99.0	26.266673302807085	23.812960382241688	23.64152675470613	26.278839560245093	0.0
100.0	26.31257327405048	23.776461609927665	23.798858583847636	26.112106532174224	0.0
101.0	26.269991373017454	23.781438715243215	23.68880925520384	26.25976065653549	0.0
102.0	26.188698652863497	23.78171522109408	23.728626097728228	26.300960028314197	0.0
103.0	26.214690202844693	23.698486959984074	23.812960382241688	26.273862454929546	0.0
104.0	26.200311898599775	23.676089986064106	23.82236158117106	26.301236534165064	0.0
105.0	26.210266109230872	23.782268232795804	23.737750790806732	26.269714867166588	0.0
106.0	26.145287234277877	23.731944167938593	23.88955250293096	26.23321609485257	0.0
107.0	26.40354369898467	23.731944167938593	23.720330922202315	26.14418121087442	0.0
108.0	26.311743756497886	23.73692127325414	23.711759240825536	26.23957572942243	0.0
109.0	26.3620678213551	23.594520760059282	23.792498949277764	26.250912469307853	0.0
110.0	26.283263653858917	23.778673656734576	23.699316477536662	26.238746211869845	0.0
111.0	26.190357687968678	23.809918817882185	23.7701019753578	26.229621518791333	0.0
112.0	26.177361912978082	23.745216448780056	23.692403831265068	26.385017806976798	0.0
113.0	26.242340787931074	23.8312097683987	23.67719600946756	26.249253434202668	0.0
114.0	26.208607074125688	23.81655495830292	23.741345366867964	26.23349260070343	0.0
115.0	26.07643727741279	23.841716990731523	23.835910367863384	26.245935363992302	0.0
116.0	26.278839560245093	23.791669431725175	23.82982723914438	26.09966376888535	0.0
117.0	26.282987148008054	23.7181188753954	23.759594753024974	26.23929922357157	0.0
118.0	26.20888357997655	23.879321786449	23.705123100404805	26.20667153316964	0.0
119.0	26.1787444422324	23.75047005994647	23.78475678545358	26.286028712367553	0.0
120.0	26.203353462959278	23.72669055677218	23.79775256044418	26.272203419824365	0.0
121.0	26.23183356559825	23.768442940252616	23.770654987059526	26.229068507089607	0.0
122.0	26.3139558033048	23.683279138186563	23.773420045568162	26.229345012940474	0.0
123.0	26.255132654048747	23.723714589871562	23.76519058218468	26.255962173895007	0.0
124.0	26.270136649947183	23.810326997627566	23.649399702478057	26.270136649947183	0.0
125.0	26.31216577170445	23.776593097269767	23.799266702428287	26.111974428597502	0.0
126.0	26.27207220160706	23.785994348189156	23.688387243055516	26.253546207148272	0.0
127.0	26.197691716391912	23.780464200589513	23.728480813152903	26.293363269865672	0.0
128.0	26.21289962229092	23.700830075154705	23.817239682127116	26.26903062042726	0.0
129.0	26.2071654320578	23.673797811714543	23.817029030590096	26.302007725637562	0.0
130.0	26.216013692683315	23.772787727462514	23.738777225683183	26.272421354170987	0.0
131.0	26.151863803148323	23.731864522069497	23.88781511559423	26.22845655918795	0.0
132.0	26.406527804276475	23.728822932479478	23.720527688143054	26.144121575100993	0.0
133.0	26.313344559564	23.727716899901285	23.71997467185396	26.238963868680752	0.0
134.0	26.36256300929344	23.59582251495218	23.79629091974904	26.24532355600534	0.0
135.0	26.294542005734776	23.771128678595225	23.69038830038739	26.24394101528261	0.0
136.0	26.183938747915818	23.817582046879192	23.7686401052943	26.22983909991069	0.0
137.0	26.18200319090399	23.74845501074234	23.69121782482103	26.37832397353264	0.0
138.0	26.236475295379826	23.81979411203557	23.68817623523101	26.255554357353596	0.0
139.0	26.206335907624158	23.816476014301003	23.745966437441414	26.23122164063342	0.0
140.0	26.078312636698715	23.84246777988846	23.830024913383824	26.24919467002901	0.0
141.0	26.27629246819465	23.79241980572538	23.836108092563865	26.095179633516107	0.0
142.0	26.284311204386523	23.71140291937299	23.77002264601704	26.234263230223448	0.0
143.0	26.209100989069633	23.892515754051537	23.701172118024736	26.197211138854094	0.0
144.0	26.185874304927655	23.749008027031437	23.78246551252167	26.282652155519244	0.0
145.0	26.205229875045973	23.72965245691312	23.799056001194515	26.266061666846397	0.0
146.0	26.232051165067066	23.757303271367856	23.774170268185248	26.236475295379826	0.0
147.0	26.31756495194275	23.682711556966364	23.77506553261146	26.224657958479426	0.0
148.0	26.26316531683861	23.724806512355833	23.7654534343884	26.246574736417156	0.0
149.0	26.267109083367895	23.81197290197705	23.645513618139084	26.275404396515967	0.0
150.0	26.307756117793446	23.772984930181114	23.79510576524264	26.1241531867828	0.0
151.0	26.26959767731232	23.775197013687265	23.7016452371077	26.25356007189271	0.0
152.0	26.20047006774506	23.7713258675515	23.73372044794691	26.29448361675653	0.0
153.0	26.22010230886216	23.69556200746578	23.816673579427626	26.267662104244433	0.0
154.0	26.2016485597914	23.675165699338308	23.818951524821028	26.304234216049267	0.0
155.0	26.217409698353926	23.77139159793059	23.74152838802264	26.26967031569284	0.0
156.0	26.155194677712366	23.733786074342802	23.898310240039375	26.212709007905456	0.0
157.0	26.414009163581266	23.72521422705441	23.71608935736031	26.14468725200402	0.0
158.0	26.3216544218289	23.724108182243004	23.716365868563166	26.23787152736493	0.0
159.0	26.37004388232789	23.58474653600591	23.797383650998622	26.247825930667577	0.0
160.0	26.31391210814906	23.768349974699223	23.683184524220998	26.234553392930714	0.0
161.0	26.195288802125816	23.808444099112673	23.770009041916335	26.226258056845175	0.0
162.0	26.176762551534775	23.744293500051157	23.704199375637707	26.374744572776365	0.0
163.0	26.246719885856173	23.817015946401067	23.688161725872323	26.24810244187043	0.0
164.0	26.215197608731117	23.807061543098417	23.74733512328252	26.230405724887945	0.0
165.0	26.080260141739643	23.842731488266246	23.836371730600664	26.240636639393443	0.0
166.0	26.27907169658979	23.794895050172958	23.83664824180352	26.089385011433734	0.0
167.0	26.28957912229814	23.708070532477624	23.770285553119187	26.232064792105053	0.0
168.0	26.206349250239874	23.883931657491104	23.714430290143206	26.195288802125816	0.0
169.0	26.186716954837426	23.745676056065413	23.783834602058903	26.283772387038262	0.0
170.0	26.20966738467409	23.718854469388827	23.806232009489865	26.265246136447217	0.0
171.0	26.22929968007654	23.751759302528143	23.781899023638942	26.237041993756378	0.0
172.0	26.306519046144317	23.68822722647436	23.771733840640625	26.233519886740698	0.0
173.0	26.257372520717716	23.73115220090309	23.764610241478568	26.246865036900623	0.0
174.0	26.27569501667376	23.80449389734713	23.644116069305344	26.27569501667376	0.0
175.0	26.310957737443452	23.776974040769375	23.802966453197065	26.109101768590104	0.0
176.0	26.26782139341452	23.770614195175366	23.7031445288737	26.258419882536415	0.0
177.0	26.190120671157267	23.773379345433632	23.743792237670196	26.292707745738902	0.0
178.0	26.223025959230622	23.688489232504896	23.82011038479831	26.268374423466174	0.0
179.0	26.211761322630327	23.66505089273123	23.823494440650034	26.299693343988405	0.0
180.0	26.220333312133786	23.774551145743178	23.7399866719389	26.265128870184135	0.0
181.0	26.166136217208685	23.729202556111968	23.893452935629888	26.21120829104946	0.0
182.0	26.410852691742964	23.72671391399806	23.715929798171125	26.146503596087854	0.0
183.0	26.320985059851843	23.72422527188415	23.71510025079982	26.239689417464184	0.0
184.0	26.36356849157871	23.586796924038346	23.799161051091822	26.250473533291117	0.0
185.0	26.299969859778844	23.767361735191887	23.69353201914595	26.239136385883317	0.0
186.0	26.190469606766893	23.817134577470046	23.77344508258144	26.218950733181618	0.0
187.0	26.18355671200604	23.737774545615427	23.700721429697243	26.37794731268129	0.0
188.0	26.237753806931146	23.819623219583956	23.69187292440335	26.25075004908155	0.0
189.0	26.211906282750018	23.80344042849124	23.751731689714386	26.232921599044356	0.0
190.0	26.08277269446772	23.833027781695108	23.833857333654095	26.250342190183083	0.0
191.0	26.27688785287067	23.7868493893115	23.83109216045747	26.105170597360367	0.0
192.0	26.291819788132432	23.699193398978547	23.774406109926698	26.23458070296233	0.0
193.0	26.212735834709004	23.881694829955673	23.698640364339223	26.206928970996096	0.0
194.0	26.19393265697197	23.74177706620654	23.78187207755758	26.282418199263912	0.0
195.0	26.20831155759441	23.717996576715585	23.81311853467942	26.26057333101059	0.0
196.0	26.231262495126384	23.741224031567217	23.786296354672174	26.241217118634225	0.0
197.0	26.309589647162923	23.674095785864395	23.76728238026767	26.249032186705012	0.0
198.0	26.24827521367994	23.743567480277296	23.768177657830044	26.239979648212717	0.0
199.0	26.266045050575435	23.813039558895913	23.65348774188553	26.267427648643114	0.0
200.0	26.311816301474412	23.778329591080535	23.80155736707629	26.10829674036877	0.0
201.0	26.27393290490991	23.771969604795984	23.702562797951533	26.251534692342577	0.0
202.0	26.19706002720968	23.770310477939145	23.74155227908726	26.29107721576392	0.0
203.0	26.234113860345765	23.69122543109646	23.813724297359776	26.260936411198	0.0
204.0	26.216212479433683	23.65506657264922	23.830381461971324	26.298339485945775	0.0
205.0	26.227549877639056	23.77341794903701	23.736640535346414	26.262391637977515	0.0
206.0	26.172798539964326	23.74134140777303	23.88015540531199	26.205704646950657	0.0
207.0	26.419252614521866	23.729516583064644	23.710159996018074	26.141070806395415	0.0
208.0	26.319020440668968	23.72632952836032	23.72107556853376	26.233574462436955	0.0
209.0	26.364923458101053	23.588620476064065	23.79656667551544	26.249889390319442	0.0
210.0	26.294409786744538	23.777209981417574	23.698953632421908	26.229426599415984	0.0
211.0	26.189054066011856	23.81619989381471	23.7736151667994	26.221130873374037	0.0
212.0	26.193478453234224	23.743197504645607	23.69646491460933	26.36685912751084	0.0
213.0	26.23661622865233	23.822836474648263	23.69757101141492	26.242976285284485	0.0
214.0	26.219544231550945	23.80990567733408	23.74851713486952	26.222032956245457	0.0
215.0	26.08321742328506	23.835899024143394	23.842259098362696	26.238624454208846	0.0
216.0	26.26987177537324	23.789166304879835	23.853320097004957	26.087641822741965	0.0
217.0	26.27512574972831	23.709527114655547	23.773957431746727	26.241389703869416	0.0
218.0	26.195486559504022	23.88760919279597	23.713951514112452	26.202952733587555	0.0
219.0	26.17944811147274	23.743539685480503	23.790825454676177	26.286186748370575	0.0
220.0	26.19521003453797	23.726395137584998	23.810182202300133	26.268212625576897	0.0
221.0	26.22535125583813	23.74879365983558	23.78225318072842	26.24360190359787	0.0
222.0	26.308104969167378	23.671985178220833	23.784807676354287	26.235102176257502	0.0
223.0	26.248447995044643	23.733992572498334	23.774088914329326	26.243470518127694	0.0
224.0	26.270089705443162	23.79600030971053	23.65192960722068	26.281980377625626	0.0
225.0	26.297334815527645	23.77871060156073	23.80581042292313	26.1181441599885	0.0
226.0	26.275489041164075	23.76405457572188	23.7059835299453	26.254472853168743	0.0
227.0	26.200549739233352	23.761565816617168	23.73861392709595	26.29927051705353	0.0
228.0	26.220736340860444	23.68690304347586	23.825997024550226	26.266363591113475	0.0
229.0	26.211275278397668	23.65695766032581	23.8331079605003	26.298659100776224	0.0
230.0	26.225799939715888	23.773508728751924	23.74170747827145	26.258983853260737	0.0
231.0	26.15584997386738	23.74473545214965	23.896277000251647	26.203137573731322	0.0
232.0	26.407017388611127	23.733186584664395	23.71244635193133	26.14734967479315	0.0
233.0	26.316313437458522	23.724060882261846	23.732080438918633	26.227545241361	0.0
234.0	26.371344188310253	23.586622273350738	23.790982699880537	26.25105083845847	0.0
235.0	26.29391398610681	23.777155878058494	23.685069244723685	26.243860891111016	0.0
236.0	26.190489358877926	23.812552541922923	23.771901685766117	26.225056413433034	0.0
237.0	26.192701650369454	23.7345692668466	23.703597185965222	26.369131896818725	0.0
238.0	26.22643909561524	23.82112517145259	23.700555285164373	26.2518804477678	0.0
239.0	26.22015126584904	23.80515188805774	23.742377943392835	26.232318902700385	0.0
240.0	26.08642746917848	23.831437120780535	23.832266771387008	26.24986863865397	0.0
241.0	26.277041191665422	23.798461189563525	23.833308442438423	26.09118917633263	0.0
242.0	26.283400496184576	23.70401511233298	23.76956458005471	26.243019811427732	0.0
243.0	26.198016789522455	23.889803200243406	23.712503630353908	26.19967637988023	0.0
244.0	26.180801243662057	23.743267876950483	23.791952156630604	26.283978722756856	0.0
245.0	26.20001327815522	23.71063580233253	23.825159891119128	26.264191028393125	0.0
246.0	26.224075114045988	23.74701571607599	23.786022347203282	26.24288682267475	0.0
247.0	26.313896581392836	23.66798261509477	23.77753739663534	26.240583406877054	0.0
248.0	26.25349634388254	23.740278711519466	23.769051788772412	26.237173155825577	0.0
249.0	26.275702175693322	23.803700670635884	23.651534937252386	26.269062216418405	0.0
