# Position (bp)	A	C	G	T	N
0.0	26.213066325647365	23.82574509552077	23.74225865718067	26.218929921651192	0.0
1.0	26.26137118796455	23.93631576302137	23.72271333716794	26.07959971184614	0.0
2.0	26.17109734271123	23.823457965583962	23.88600211644939	26.119442575255412	0.0
3.0	26.313026823132613	23.851005553368456	23.754400953761017	26.08156666973791	0.0
4.0	26.271382823384233	23.86221183617972	23.651419844600234	26.214985495835812	0.0
5.0	26.204102827533838	23.761278867199714	23.81069370616876	26.223924599097693	0.0
6.0	26.275310086067556	23.6622958233647	23.74185875764572	26.320535332922024	0.0
7.0	26.175474642465325	23.865980676517307	23.653818774653352	26.30472590636402	0.0
8.0	26.183238283463556	23.81466810706998	23.707754450315857	26.29433915915061	0.0
9.0	26.16324673475825	23.841917357771123	23.805349999860432	26.189485907610198	0.0
10.0	26.309692618603663	23.706217969474004	23.762602860556257	26.22148655136608	0.0
11.0	26.234605808202048	23.795540569208267	23.804193696057524	26.165659926532165	0.0
12.0	26.111787233567433	23.828757410984448	23.790516172973213	26.268939182474902	0.0
13.0	26.279825374317518	23.84578453155879	23.62750242845818	26.246887665665508	0.0
14.0	26.185199245224034	23.698402241997254	23.80112323169166	26.315275281087057	0.0
15.0	26.21813695387604	23.823733014749394	23.74194700936771	26.216183022006856	0.0
16.0	26.29768989426437	23.710684099460718	23.709288433839866	26.282337572435043	0.0
17.0	26.32504494043299	23.684724718912946	23.722965956924178	26.267264383729888	0.0
18.0	26.135792682246016	23.764277659301275	23.810334624789252	26.289595033663453	0.0
19.0	26.29210723178098	23.745575739981913	23.716825028192446	26.245492000044663	0.0
20.0	26.285687169925083	23.658486205241005	23.8851423020667	26.17068432276721	0.0
21.0	26.182966180230675	23.731619083773435	23.763719393052934	26.32169534294296	0.0
22.0	26.265031318736533	23.60293871353126	23.863369918381476	26.268660049350736	0.0
23.0	26.188548842714066	23.750041869968623	23.80726416042339	26.254145126893917	0.0
24.0	26.228949932031277	23.74411379667442	23.66539847537913	26.36153779591518	0.0
25.0	26.21101229853679	23.81662172648456	23.747955361279985	26.224410613698662	0.0
26.0	26.250928112456524	23.933298721019163	23.723670915049098	26.092102251475207	0.0
27.0	26.147649433083792	23.819413042143285	23.897849012153387	26.135088512619536	0.0
28.0	26.303963109972255	23.833090488871026	23.765261518364067	26.097684882792656	0.0
29.0	26.271025585199325	23.846767935598763	23.646909734434228	26.235296744767677	0.0
30.0	26.212966219497897	23.747955361279985	23.814667805523456	26.224410613698662	0.0
31.0	26.27995779530724	23.657237602371502	23.745443177187138	26.317361425134123	0.0
32.0	26.18337827351544	23.866307145209824	23.649142786961207	26.301171794313532	0.0
33.0	26.172213010880547	23.813272147694097	23.71641349433642	26.298101347088938	0.0
34.0	26.154627722230593	23.84983838282336	23.802944279756822	26.19258961518922	0.0
35.0	26.303963109972255	23.710830863018977	23.759120623914875	26.226085403093897	0.0
36.0	26.229714113450232	23.795965990610014	23.8102017004695	26.164118195470255	0.0
37.0	26.11554930300848	23.816063463352815	23.80154862192746	26.266838611711247	0.0
38.0	26.278562137477877	23.84509314620353	23.618159183149388	26.258185533169204	0.0
39.0	26.196218325545562	23.713063915545955	23.797361648439374	26.29335611046911	0.0
40.0	26.22915585031849	23.81690085805043	23.747676229714113	26.206267061916964	0.0
41.0	26.30591703093336	23.71613436277055	23.714738704941187	26.263209901354905	0.0
42.0	26.330480608730117	23.68068465390477	23.72590396757608	26.262930769789033	0.0
43.0	26.138438091410006	23.74655970345062	23.81773825274805	26.29726395239132	0.0
44.0	26.300334399615917	23.74655970345062	23.704410837003913	26.24869505992955	0.0
45.0	26.28330737409771	23.663936759952435	23.877472407844714	26.17528345810514	0.0
46.0	26.18002869472497	23.732882256722885	23.77447286003785	26.312616188514294	0.0
47.0	26.255952480642225	23.61118089400258	23.862399303287614	26.27046732206758	0.0
48.0	26.194543536150327	23.732882256722885	23.803781674454438	26.268792532672347	0.0
49.0	26.236898298697852	23.74063167297037	23.66610375291343	26.356366275418345	0.0
50.0	26.20305033272297	23.81202268768702	23.76205841632799	26.222868563262026	0.0
51.0	26.238220713679606	23.932327720959314	23.73498280559153	26.09446875976955	0.0
52.0	26.135221740878034	23.832957438256443	23.89129560984324	26.140525211022286	0.0
53.0	26.300187575365104	23.832120048233666	23.76931579652539	26.098376579875843	0.0
54.0	26.257759814211067	23.85193827877272	23.651243803313832	26.23905810370238	0.0
55.0	26.197467732571123	23.748381045955966	23.824583538028673	26.229567683444245	0.0
56.0	26.27701978473494	23.65012728328346	23.750055826001518	26.322797105980083	0.0
57.0	26.189093832343353	23.86617390915993	23.643149033093653	26.301583225403064	0.0
58.0	26.18267384216873	23.810627037649056	23.70483676477156	26.301862355410655	0.0
59.0	26.145549551158947	23.83519047831718	23.812860077709793	26.206399892814076	0.0
60.0	26.30214148541825	23.704278504756378	23.75284712607744	26.240732883747935	0.0
61.0	26.230963333482205	23.79248358715555	23.797507927292216	26.179045152070028	0.0
62.0	26.130197400741366	23.803369657451654	23.807835737573132	26.258597204233848	0.0
63.0	26.2747867446742	23.840773078469027	23.618306462417934	26.266133714438837	0.0
64.0	26.188814702335762	23.708744584877852	23.798903577330176	26.30353713545621	0.0
65.0	26.233196373542945	23.81230181769461	23.75368451610022	26.200817292662233	0.0
66.0	26.312748425706754	23.71683935509803	23.71321066499933	26.25720155419588	0.0
67.0	26.34959358670895	23.685018534232505	23.723538475280247	26.241849403778307	0.0
68.0	26.158668661515787	23.73219150551561	23.820954847929972	26.288184985038633	0.0
69.0	26.303258005448615	23.761779286320397	23.700370684650082	26.234592023580905	0.0
70.0	26.29404671519807	23.671620293868074	23.87426867938011	26.16006431155375	0.0
71.0	26.188256442320572	23.72632977535617	23.77294448662409	26.312469295699163	0.0
72.0	26.264738064400877	23.601837791969988	23.863661739091597	26.269762404537538	0.0
73.0	26.202212942700193	23.73470367558394	23.804765307489617	26.25831807422625	0.0
74.0	26.23703095822273	23.751943437253146	23.655085594977905	26.35594000954622	0.0
75.0	26.223001300738574	23.810773241630333	23.746852826733804	26.219372630897286	0.0
76.0	26.232212539566458	23.9377766860754	23.737641587905923	26.09236918645222	0.0
77.0	26.138146252142313	23.82082186580621	23.897582189371906	26.143449692679578	0.0
78.0	26.29920336740561	23.84594342624589	23.762204891446945	26.092648314901552	0.0
79.0	26.240307264597025	23.851805123681817	23.66562644797883	26.24226116374233	0.0
80.0	26.187831116123018	23.751318881923083	23.83114961843141	26.22970038352249	0.0
81.0	26.261241898296756	23.653623924657648	23.75634319401102	26.328790983034573	0.0
82.0	26.17136253761256	23.857108564219082	23.663951677282853	26.30757722088551	0.0
83.0	26.174991207453846	23.78844296568395	23.725918193034072	26.310647633828133	0.0
84.0	26.144287078027567	23.831707875330068	23.812168883876982	26.211836162765383	0.0
85.0	26.279943504401853	23.716986082655517	23.762763148345606	26.240307264597025	0.0
86.0	26.233329053363775	23.789838607930598	23.807981957137038	26.168850381568593	0.0
87.0	26.126143728821127	23.79877071830915	23.804074158846415	26.271011394023304	0.0
88.0	26.27129052247263	23.837848701215325	23.617895483143432	26.27296529316861	0.0
89.0	26.207370107576107	23.7074957153783	23.796258562265184	26.28887561478041	0.0
90.0	26.247285475830267	23.80909847093435	23.753831037967053	26.189785015268324	0.0
91.0	26.30534419329087	23.72535993613541	23.718939981800823	26.250355888772898	0.0
92.0	26.351400387430285	23.673442044560066	23.734012918064636	26.241144649945014	0.0
93.0	26.159918271190037	23.73792071635525	23.813285397674303	26.28887561478041	0.0
94.0	26.30227378034824	23.759971863852307	23.704425302435673	26.233329053363775	0.0
95.0	26.289992128577726	23.661997778137543	23.878880583266806	26.169129510017918	0.0
96.0	26.176386849700496	23.732617275817987	23.76918310268019	26.32181277180133	0.0
97.0	26.26180015519542	23.615383327099465	23.84761819694187	26.27519832076325	0.0
98.0	26.20178753858951	23.738199844804583	23.79988723210647	26.26012538449944	0.0
99.0	26.2346514672346	23.74120398929266	23.661652603284217	26.36249194018852	0.0
100.0	26.21838887958466	23.804220398593202	23.762072238039416	26.215318483782728	0.0
101.0	26.234019985485403	23.935410037403003	23.741695974990233	26.088874002121365	0.0
102.0	26.13939596940769	23.831295707028417	23.8899123541562	26.13939596940769	0.0
103.0	26.305197342711995	23.849159828057832	23.755094065762293	26.090548763467876	0.0
104.0	26.25718751744543	23.84301903645397	23.671635125327974	26.22815832077262	0.0
105.0	26.200245631664153	23.735555183386367	23.83101658013733	26.23318260481215	0.0
106.0	26.272818623346172	23.650142354714454	23.756210573326634	26.320828448612737	0.0
107.0	26.179869368614973	23.853904985206277	23.666331714397366	26.299893931781387	0.0
108.0	26.186010160218835	23.791380561603304	23.721877965723216	26.30073131245464	0.0
109.0	26.145536761011556	23.841902528889634	23.81650198180093	26.19605872829788	0.0
110.0	26.28817060235583	23.71071289007983	23.765980014514597	26.235136493049737	0.0
111.0	26.228437447663712	23.78691453134595	23.82403840786021	26.16060961313013	0.0
112.0	26.13046390889298	23.796683972533913	23.815106347345502	26.257745771227597	0.0
113.0	26.273097750237255	23.82990007257299	23.630045218556354	26.266956958633397	0.0
114.0	26.20582816948585	23.705688606040308	23.805057779266455	26.283425445207392	0.0
115.0	26.26053704013845	23.814268966672252	23.742533355663483	26.182660637525817	0.0
116.0	26.31133813431586	23.715178920337184	23.716853681683695	26.25662926366326	0.0
117.0	26.361580974711103	23.668843856417126	23.736671690950708	26.23290347792106	0.0
118.0	26.155027075308436	23.740579467425892	23.826829676771062	26.27756378049461	0.0
119.0	26.30073131245464	23.7623513649305	23.694523530396918	26.242393792217943	0.0
120.0	26.29347401328644	23.66186568414001	23.877072517166305	26.16758778540725	0.0
121.0	26.19661698208005	23.729414391782505	23.769608664098698	26.304359962038742	0.0
122.0	26.261095293920615	23.61413498576453	23.85418411209736	26.270585608217495	0.0
123.0	26.203316027466084	23.73974208675264	23.80254563724669	26.254396248534583	0.0
124.0	26.232976701213367	23.74650741502656	23.670584688730777	26.349931195029296	0.0
125.0	26.22635084213053	23.81775145286358	23.745457184487158	26.21044052051873	0.0
126.0	26.22997951197182	23.936660172278078	23.751598010372412	26.081762305377687	0.0
127.0	26.14233317888226	23.824729664096825	23.895070033327936	26.13786712369298	0.0
128.0	26.2925042846217	23.85850420646573	23.762484019896277	26.0865074890163	0.0
129.0	26.262358412094077	23.84761819694187	23.676233329053364	26.213790061910693	0.0
130.0	26.20848662137342	23.74266589999386	23.835057416722027	26.213790061910693	0.0
131.0	26.281897403547166	23.640784015988476	23.766391818186893	26.310926762277465	0.0
132.0	26.17275817985921	23.855433793523105	23.669813374718778	26.301994651898912	0.0
133.0	26.171920794511216	23.795421176917195	23.735129431861953	26.297528596709636	0.0
134.0	26.15294005995679	23.822496636502187	23.81970535200889	26.204857951532134	0.0
135.0	26.295016440665663	23.710286999871602	23.767508331984214	26.22718822747852	0.0
136.0	26.236957723205062	23.779510855305393	23.807981957137038	26.175549464352503	0.0
137.0	26.12809762796644	23.797095947613172	23.806307186441057	26.26849923797933	0.0
138.0	26.265987081935364	23.825567049444814	23.632968419407245	26.27547744921258	0.0
139.0	26.221047401593268	23.69884273344908	23.81384365457296	26.266266210384693	0.0
140.0	26.267382724182013	23.802399388150437	23.750202368125763	26.180015519541783	0.0
141.0	26.314555432118752	23.71000787142227	23.71140351366892	26.264033182790058	0.0
142.0	26.34609694689302	23.672604659212077	23.744898927588498	26.236399466306402	0.0
143.0	26.17275817985921	23.73540856031128	23.82724182014079	26.26459143968872	0.0
144.0	26.324883184743957	23.75438929486571	23.692143650665162	26.22858386972517	0.0
145.0	26.302552908797573	23.64859961256971	23.879159711716138	26.169687766916578	0.0
146.0	26.1970423549509	23.72424342233809	23.760530120750968	26.31818410196004	0.0
147.0	26.25872974225279	23.612033785707506	23.85599205042176	26.273244421617942	0.0
148.0	26.199554510994872	23.73540856031128	23.81579755371827	26.249239374975573	0.0
149.0	26.225865789084374	23.761992089477666	23.66206382568938	26.35007829574858	0.0
150.0	26.236545933634048	23.808114867580723	23.743914965834488	26.21142423295074	0.0
151.0	26.23877897369479	23.929815550890986	23.750893216024295	26.08051225938993	0.0
152.0	26.14108347103747	23.823467017998304	23.89352864990398	26.141920861060246	0.0
153.0	26.306607565539725	23.847472198651243	23.763733196373543	26.08218703943549	0.0
154.0	26.264738064400877	23.849426108704392	23.677482024027512	26.208353802867222	0.0
155.0	26.195234692510383	23.743635835826897	23.83965655843866	26.221472913224066	0.0
156.0	26.289580635076593	23.637566432941806	23.756196686168547	26.316656245813054	0.0
157.0	26.17876602206244	23.848867848689206	23.67999419409584	26.292371935152513	0.0
158.0	26.175695591978922	23.793320977178332	23.731912375508017	26.299071055334732	0.0
159.0	26.16815908177393	23.827653968112187	23.806160957527577	26.198025992586306	0.0
160.0	26.306328435532134	23.703999374748783	23.76066276629003	26.229009423429055	0.0
161.0	26.25189808405163	23.76429145638873	23.81704702782368	26.16676343173597	0.0
162.0	26.146107811174137	23.78466794694297	23.804765307489617	26.264458934393282	0.0
163.0	26.276740654727348	23.82067571792238	23.638403822964584	26.26417980438569	0.0
164.0	26.226776383368318	23.70511589477915	23.811743557679424	26.256364164173107	0.0
165.0	26.28064847483364	23.803927917466837	23.74782278594078	26.16760082175874	0.0
166.0	26.328100576124335	23.719909785181546	23.708744584877852	26.243245053816267	0.0
167.0	26.354338796838018	23.674132463936402	23.745310615872448	26.226218123353135	0.0
168.0	26.17429994194096	23.731633245500426	23.82542092805145	26.26864588450717	0.0
169.0	26.323355365995265	23.74586887588763	23.709023714885443	26.221752043231657	0.0
170.0	26.296558885266403	23.63896208297977	23.88627126970658	26.17820776204725	0.0
171.0	26.198025992586306	23.734424545576346	23.754521906122996	26.313027555714353	0.0
172.0	26.25692242418829	23.619422982448306	23.852217408780312	26.271437184583093	0.0
173.0	26.191885132419273	23.73833236568264	23.822350497967935	26.24743200393015	0.0
174.0	26.237456560271315	23.74314385005094	23.67810637674282	26.341293212934918	0.0
175.0	26.217990587683598	23.802106885059203	23.751584071636326	26.228318455620876	0.0
176.0	26.239762849821634	23.92157519525253	23.759958018612494	26.078703936313342	0.0
177.0	26.146812038386173	23.82890351538294	23.899802933114493	26.124481513116393	0.0
178.0	26.294472636732596	23.85235056691621	23.764144992100576	26.089031804250617	0.0
179.0	26.257906401603332	23.846767935598763	23.67928899607541	26.21603666672249	0.0
180.0	26.207383588180456	23.732882256722885	23.84983838282336	26.2098957722733	0.0
181.0	26.28805261071754	23.635186208667594	23.764144992100576	26.312616188514294	0.0
182.0	26.175841721236885	23.846767935598763	23.68654641678809	26.290843926376255	0.0
183.0	26.19510179928207	23.781451149184658	23.727578756971308	26.29586829456196	0.0
184.0	26.178353905329736	23.822204357802008	23.806852121679032	26.19258961518922	0.0
185.0	26.31373271477778	23.7136221786777	23.758841492349003	26.213803614195513	0.0
186.0	26.25288203341763	23.76554064992994	23.802944279756822	26.17863303689561	0.0
187.0	26.13425111792192	23.796524253741758	23.800990358795715	26.268234269540606	0.0
188.0	26.273816900858048	23.82248348936788	23.637698392760445	26.266001217013628	0.0
189.0	26.216315798288363	23.696874284725364	23.800990358795715	26.28581955819056	0.0
190.0	26.266852756454988	23.79874389392882	23.75129099790649	26.1831123517097	0.0
191.0	26.324912770411725	23.701046755059316	23.721702721563155	26.252337752965804	0.0
192.0	26.33049546406141	23.66308443824145	23.752965806001395	26.253454291695743	0.0
193.0	26.169993021632937	23.727564549895323	23.824982554082343	26.277459874389393	0.0
194.0	26.32407536636427	23.74542916957432	23.70048848569435	26.230006978367058	0.0
195.0	26.303698534542917	23.62651779483601	23.87662247034194	26.193161200279135	0.0
196.0	26.209351011863223	23.71612002791347	23.759944173063502	26.314584787159806	0.0
197.0	26.258757850662946	23.6142358688067	23.86154919748779	26.26545708304257	0.0
198.0	26.193719469644105	23.732030704815074	23.825540823447312	26.248709002093513	0.0
199.0	26.239012530390877	23.7457745869493	23.67710726338385	26.338105619275982	0.0
200.0	26.23015341327795	23.802784663138386	23.751144458587348	26.215917464996313	0.0
201.0	26.246064179004485	23.92616288157924	23.75951854581184	26.068254393604427	0.0
202.0	26.147675061270746	23.831668741590974	23.90284888037829	26.117807316759993	0.0
203.0	26.301200850812013	23.8470213205451	23.771095839171966	26.08068198947092	0.0
204.0	26.271127301148656	23.850158411143212	23.671788859579337	26.206925428128798	0.0
205.0	26.21809097126268	23.738223841225977	23.837597175117587	26.206088012393753	0.0
206.0	26.29959943614007	23.636059121550897	23.76167148180714	26.30266996050189	0.0
207.0	26.192131083476394	23.8565785984452	23.676255076832895	26.275035241245515	0.0
208.0	26.19687643930829	23.791539309690297	23.718125863584977	26.293458387416436	0.0
209.0	26.18319864896928	23.819174028946673	23.80940417870452	26.18822314337953	0.0
210.0	26.31188153358735	23.708914290499518	23.758600957445324	26.220603218467808	0.0
211.0	26.249354492037575	23.773674440676075	23.80437968429427	26.17259138299209	0.0
212.0	26.150539435302655	23.793493279738726	23.808845901547823	26.247121383410793	0.0
213.0	26.27084816257031	23.825873354827003	23.639129645912714	26.264148836689976	0.0
214.0	26.204486327754267	23.70535165976262	23.813657730485367	26.27650428199774	0.0
215.0	26.260460805824	23.798717068350445	23.76075390378571	26.18006822203985	0.0
216.0	26.327733766560037	23.71804534365038	23.711625102584286	26.242595787205296	0.0
217.0	26.33387486671021	23.680361320001563	23.756845930962868	26.228917882325355	0.0
218.0	26.166111176243987	23.73535208043725	23.844496178560863	26.2540405647579	0.0
219.0	26.316435908887897	23.74246315319339	23.713711478338546	26.22738945958017	0.0
220.0	26.281410682283845	23.638754124353085	23.889425465751817	26.190409727611254	0.0
221.0	26.198784048593392	23.719426749814367	23.76018177859412	26.321607422998117	0.0
222.0	26.24540110206064	23.623680346585232	23.850624445201234	26.28029410615289	0.0
223.0	26.187618287283872	23.734779671614962	23.820197745632793	26.25740429546838	0.0
224.0	26.225934227899405	23.722842699107016	23.690182756108385	26.36104031688519	0.0
225.0	26.239406424814927	23.777900601837896	23.75417322658806	26.228519746759122	0.0
226.0	26.221820252570932	23.915240232695766	23.77762145624672	26.085318058486585	0.0
227.0	26.13975144876562	23.822284750834648	23.897933206042943	26.140030594356794	0.0
228.0	26.301655891646845	23.836800321575723	23.764501613461515	26.097042173315916	0.0
229.0	26.26294206810689	23.85806923465585	23.662943743003815	26.216044954233443	0.0
230.0	26.208375089677272	23.745146261190467	23.846757241876006	26.199721407256256	0.0
231.0	26.293237007612447	23.630973483442155	23.76217447498667	26.313615033958726	0.0
232.0	26.179622531955815	23.855410924297026	23.685407937380837	26.279558606366322	0.0
233.0	26.200279709347928	23.787018918066376	23.720301818110762	26.292399554474933	0.0
234.0	26.175435266268227	23.820237892521266	23.80795524650433	26.19637159470618	0.0
235.0	26.311660976637846	23.71667285451485	23.745425412236308	26.226240756611	0.0
236.0	26.249410293415664	23.78004014192039	23.798184959899952	26.17236460476399	0.0
237.0	26.150869974234357	23.79511429839572	23.807117793366814	26.246897934003112	0.0
238.0	26.266996809303546	23.818562986246228	23.64716424410084	26.267275960349384	0.0
239.0	26.20091115155711	23.70864365711223	23.810254921446678	26.280190269883985	0.0
240.0	26.264115126390575	23.8027441620256	23.7544491436707	26.178691567913127	0.0
241.0	26.32933655309111	23.71909939838919	23.695090799960916	26.256473248558788	0.0
242.0	26.341679951087276	23.676327302066785	23.73942248366086	26.242570263185076	0.0
243.0	26.1706066130793	23.732651346152238	23.845726458738753	26.251015582029712	0.0
244.0	26.313864435267938	23.747141648588205	23.734577466558335	26.204416449585523	0.0
245.0	26.271217202163395	23.640409782739198	23.89924638619985	26.189126628897558	0.0
246.0	26.182159341257677	23.709083395460397	23.795084004166004	26.313673259115927	0.0
247.0	26.24752533305038	23.613558242979487	23.862909733643463	26.27600669032667	0.0
248.0	26.178083568819737	23.737308865085836	23.8353196099675	26.249287956126928	0.0
249.0	26.227301792959402	23.727043501813622	23.69632779799119	26.34932690723578	0.0
