# Position (bp)	A	C	G	T	N
0.0	26.22469148993002	23.794006090068915	23.738581120786368	26.2427212992147	0.0
1.0	26.117514290293286	23.805024306853998	23.81570863828196	26.261752764570755	0.0
2.0	26.19663669719257	24.07028414800669	23.63893739128693	26.094141763513807	0.0
3.0	26.152978248968527	23.885076041819666	23.671437918096487	26.290507791115324	0.0
4.0	26.134031113054334	23.93689276643181	23.762002823604803	26.167073296909056	0.0
5.0	26.305391759354734	23.675419891143658	23.793553381988314	26.22563496751329	0.0
6.0	26.295839033668123	23.74386866428643	23.798258200140147	26.162034101905302	0.0
7.0	26.1049014046912	23.784992159087118	23.670548196590037	26.439558239631644	0.0
8.0	26.23935302419153	23.72344720134253	23.763482833054752	26.27371694141119	0.0
9.0	26.302164129560868	23.75805251692238	23.7500458714066	26.189737482110154	0.0
10.0	26.27609144557534	23.66769748101	23.837498290316017	26.218712783098646	0.0
11.0	26.17401080186681	23.890873790294332	23.78345559658797	26.151659811250887	0.0
12.0	26.184018708112745	23.865854024679496	23.771112512217986	26.179014754989776	0.0
13.0	26.097950714397705	23.695386021623747	23.894876952792707	26.311786311185838	0.0
14.0	26.342477223673367	23.818816865323605	23.57695913104686	26.261746779956162	0.0
15.0	26.228387092469717	23.845504615312763	23.766108559095017	26.1599997331225	0.0
16.0	26.242731758088887	23.71106507474238	23.752764684100438	26.293438483068293	0.0
17.0	26.20837127997785	23.817482477824147	23.766108559095017	26.208037683102987	0.0
18.0	26.263414764330488	23.763439784096104	23.82749038407008	26.145655067503327	0.0
19.0	26.158665345623046	23.81381291220064	23.7484279247272	26.279093817449116	0.0
20.0	26.199276764387985	23.6889686553422	23.759357361124085	26.35239721914573	0.0
21.0	26.325042366661773	23.695640570582192	23.813399874567995	26.165917188188043	0.0
22.0	26.156910102614056	23.710318784110164	23.837752365193953	26.295018748081823	0.0
23.0	26.049158671488236	23.814734257615992	23.829078875381967	26.307028195513805	0.0
24.0	26.210619020295965	23.852096982959928	23.69630776210619	26.240976234637913	0.0
25.0	26.2489825329259	23.735338466260124	23.751684658598098	26.263994342215874	0.0
26.0	26.151906166184062	23.78037389413005	23.772701191604064	26.295018748081823	0.0
27.0	26.23964185158992	24.02956992834363	23.61324241736833	26.11754580269812	0.0
28.0	26.167831467983255	23.82532984170934	23.67554584424466	26.33129284606275	0.0
29.0	26.16015879105299	23.89671909662569	23.74726869381015	26.195853418511167	0.0
30.0	26.341967874835287	23.612162860907713	23.765949994162096	26.279919270094908	0.0
31.0	26.329624872817043	23.72124831117709	23.762614047670674	26.186512768335195	0.0
32.0	26.165496305439262	23.743599152669592	23.67387787099895	26.417026670892195	0.0
33.0	26.277584107550915	23.698897469684585	23.757943722582688	26.26557470018181	0.0
34.0	26.349974146414688	23.722916284422798	23.72892098810735	26.19818858105516	0.0
35.0	26.30627324737711	23.583473721081514	23.83333611328874	26.27691691825263	0.0
36.0	26.221540206495085	23.83266892399046	23.751605424248996	26.194185445265454	0.0
37.0	26.23288242456591	23.833002518639603	23.747935883108433	26.186179173686053	0.0
38.0	26.124130568945674	23.680549763981787	23.87636982302804	26.318949844044504	0.0
39.0	26.32428735843077	23.815655596884223	23.589478424766067	26.27057861991894	0.0
40.0	26.272246593164645	23.81098527179624	23.74293196337131	26.17383617166781	0.0
41.0	26.266909078778376	23.680216169332642	23.75494137074041	26.297933381148564	0.0
42.0	26.240888696145316	23.816989975480794	23.72324987907194	26.218871449301957	0.0
43.0	26.279585675445766	23.744266341967876	23.807982919953965	26.168165062632397	0.0
44.0	26.17984087535236	23.800977432321986	23.734258502493617	26.284923189832032	0.0
45.0	26.260149583341676	23.669795774037084	23.7091598113195	26.36089483130175	0.0
46.0	26.33921125144279	23.706824656565452	23.77254258321491	26.181421508776847	0.0
47.0	26.137053568450057	23.70849262424691	23.838927696936942	26.315526110366083	0.0
48.0	26.074337983627228	23.77888086040445	23.794559756610155	26.352221399358168	0.0
49.0	26.230126165075422	23.855607373751525	23.668794993428207	26.245471467744842	0.0
50.0	26.269156608821547	23.70582387595658	23.76753868017053	26.25748083505134	0.0
51.0	26.14139028442185	23.77854726686816	23.791557414783533	26.288505033926462	0.0
52.0	26.282500350273214	24.02307132896993	23.59840675727067	26.09602156348619	0.0
53.0	26.15698192262657	23.809492038816813	23.66771525885104	26.365810779705573	0.0
54.0	26.15598114535623	23.863200418992083	23.774798426778133	26.20602000887356	0.0
55.0	26.369480296363506	23.575310157555702	23.78147027524711	26.27373927083368	0.0
56.0	26.35079912065037	23.66771525885104	23.771128910120193	26.210356710378395	0.0
57.0	26.199014567981134	23.711082273899393	23.660042633111715	26.429860525007754	0.0
58.0	26.319441432846176	23.69140032091591	23.745775885938077	26.243382360299833	0.0
59.0	26.35380145246141	23.70307605573662	23.71508538298078	26.228037108821184	0.0
60.0	26.308099290448915	23.599995996890918	23.809492038816813	26.282412673843353	0.0
61.0	26.21335904218943	23.810492816087162	23.76045395256983	26.215694189153577	0.0
62.0	26.25238935573295	23.790477270680228	23.758785990452587	26.198347383134234	0.0
63.0	26.12896015905687	23.67605506943726	23.84618720539619	26.348797566109678	0.0
64.0	26.37248262817455	23.794813972185064	23.570306271203968	26.262397128436422	0.0
65.0	26.270069754175747	23.80815766912302	23.74310714655049	26.17866543015075	0.0
66.0	26.260061981472276	23.70707916481801	23.74010481473945	26.292754038970266	0.0
67.0	26.269402569328847	23.78981008583333	23.70674557239456	26.234041772443263	0.0
68.0	26.26473227540056	23.708079942088357	23.790477270680228	26.236710511830857	0.0
69.0	26.234375364866715	23.75745162075879	23.700073723925584	26.308099290448915	0.0
70.0	26.299671746150356	23.631608443863254	23.730685063115477	26.338034746870914	0.0
71.0	26.36205332123509	23.710002401857437	23.74636385471431	26.181580422193164	0.0
72.0	26.15856262176083	23.672973766379332	23.84410610872408	26.324357503135758	0.0
73.0	26.101184916335303	23.795401777374504	23.78005657708628	26.323356729203915	0.0
74.0	26.27431880654373	23.824090630087266	23.656294200848656	26.24529636252035	0.0
75.0	26.267313389020842	23.70466494088762	23.761709055002537	26.266312615089006	0.0
76.0	26.166235221904937	23.776053481358915	23.76371060286622	26.294000693869922	0.0
77.0	26.286661685036428	24.018907955485574	23.587240799551655	26.10718955992634	0.0
78.0	26.18916565755632	23.78698264330201	23.668224532890324	26.355627166251345	0.0
79.0	26.17148537707368	23.850698371079066	23.736276933238592	26.241539318608666	0.0
80.0	26.37464180752513	23.567480293159065	23.774973396181725	26.28290450313408	0.0
81.0	26.39665876057898	23.666890172099183	23.74895336075445	26.18749770656739	0.0
82.0	26.173820508458178	23.73594334304081	23.667557352494754	26.42267879600626	0.0
83.0	26.33794688576871	23.66922530348368	23.746951819567734	26.245875991179872	0.0
84.0	26.35696152704249	23.703585093855605	23.72193255473381	26.217520824368094	0.0
85.0	26.326604819043997	23.59149878739963	23.81066754734479	26.27122884621158	0.0
86.0	26.214518512588025	23.78231238053301	23.750954901941164	26.2522142049378	0.0
87.0	26.26989448542044	23.792987266862152	23.713259209591385	26.223859038126022	0.0
88.0	26.105100927714343	23.648209121023186	23.871047373143988	26.375642578118487	0.0
89.0	26.354292805460204	23.82267679446507	23.53812435575393	26.284906044320795	0.0
90.0	26.25288138533337	23.79699034923558	23.74728540976552	26.20284285566553	0.0
91.0	26.284238863925225	23.704919454646745	23.726269227305025	26.284572454123005	0.0
92.0	26.2522142049378	23.81533781011379	23.67689787803275	26.25555010691566	0.0
93.0	26.27423115799165	23.713926389986955	23.78231238053301	26.229530071488377	0.0
94.0	26.216853643972527	23.770303133412728	23.70992330761353	26.302919915001215	0.0
95.0	26.281482469893586	23.635453847950096	23.784901758014477	26.298161924141844	0.0
96.0	26.310171131200587	23.736197751609566	23.781899456249793	26.171731660940058	0.0
97.0	26.16739500283551	23.69750141775361	23.841611902458553	26.29349167695233	0.0
98.0	26.09233745871835	23.792574306968675	23.77289255095573	26.34219568335724	0.0
99.0	26.256463288521196	23.810588117556794	23.657470727557794	26.27547786636421	0.0
100.0	26.29882910231177	23.69483270507389	23.75387797311272	26.252460219501618	0.0
101.0	26.158388097541447	23.775561263635453	23.76421923474664	26.30183140407646	0.0
102.0	26.308836774860726	24.012075924875738	23.611435433832607	26.06765186643093	0.0
103.0	26.191326045548102	23.742456741979712	23.677407087410057	26.38881012506213	0.0
104.0	26.20867262010001	23.838196489987357	23.71476894029109	26.23836194962155	0.0
105.0	26.39214600478365	23.60735361325812	23.74078880211895	26.25971157983928	0.0
106.0	26.347445216515275	23.708097180848046	23.736118570508822	26.20833903212786	0.0
107.0	26.160969540082263	23.757468200726557	23.656057457192322	26.425504801998862	0.0
108.0	26.335769637489953	23.684746022797402	23.727778871205018	26.25170546850763	0.0
109.0	26.333434521684886	23.710765884625264	23.743457505896167	26.212342087793683	0.0
110.0	26.317088711049436	23.584002455207475	23.823518619212667	26.275390214530425	0.0
111.0	26.21000697198862	23.78248729863796	23.78348806255442	26.224017666819005	0.0
112.0	26.277058154391185	23.788825470108847	23.706429240987287	26.227687134512678	0.0
113.0	26.108596228454388	23.667065860273343	23.877893458673455	26.346444452598817	0.0
114.0	26.384807069396306	23.781820122693656	23.577664283736585	26.255708524173453	0.0
115.0	26.26104593172788	23.78115294674935	23.75479949694934	26.203001624573425	0.0
116.0	26.27005280697599	23.67974220321512	23.767142251918965	26.283062737889924	0.0
117.0	26.25704287606206	23.795163641579737	23.679075027270816	26.26871845508738	0.0
118.0	26.29874137258107	23.707763592875892	23.767809427863266	26.225685606679765	0.0
119.0	26.22601919465192	23.802836164939237	23.69442007398981	26.276724566419034	0.0
120.0	26.286152717083095	23.62978283350569	23.739867231544185	26.344197217867034	0.0
121.0	26.32651699636388	23.707175501217602	23.786236114354338	26.18007138806418	0.0
122.0	26.161390399306132	23.71951829736131	23.830937051739667	26.28815425159289	0.0
123.0	26.123027654535143	23.77155819461587	23.799246088667978	26.30616806218101	0.0
124.0	26.257797644861057	23.829602695399807	23.668479167361646	26.244120492377487	0.0
125.0	26.292490909697435	23.67148146912633	23.772558961870768	26.263468659305467	0.0
126.0	26.171064482770124	23.762551289321813	23.780565099909932	26.285819127998135	0.0
127.0	26.267805317410016	24.021750008339726	23.63245154618541	26.077993128064854	0.0
128.0	26.19216796933639	23.76196337846809	23.67689787803275	26.36897077416277	0.0
129.0	26.191500788940818	23.83568681217871	23.727603588096166	26.245208810784305	0.0
130.0	26.378978480096343	23.631529611133907	23.74428309798545	26.245208810784305	0.0
131.0	26.391988497809983	23.687906354559676	23.750621311743377	26.169483835886965	0.0
132.0	26.161811261337895	23.7616297882703	23.679233009417253	26.397325940974554	0.0
133.0	26.324603277857285	23.697246880097676	23.742281556798737	26.235868285246305	0.0
134.0	26.355293576053562	23.692910207526463	23.74495027838102	26.20684593803896	0.0
135.0	26.357628707438064	23.534121273380503	23.853033502463564	26.255216516717873	0.0
136.0	26.18883206735853	23.776641347170653	23.817672941498287	26.216853643972527	0.0
137.0	26.26689217364037	23.775306986379512	23.72827076849174	26.229530071488377	0.0
138.0	26.14579893184419	23.61918677381584	23.877385586901916	26.357628707438064	0.0
139.0	26.367302823173844	23.79465521785108	23.594501099179702	26.243540859795377	0.0
140.0	26.296581701243294	23.762964149061442	23.75862747649023	26.181826673205034	0.0
141.0	26.264890632453657	23.707921766426814	23.736944113634166	26.290243487485366	0.0
142.0	26.273230387398293	23.784313921719725	23.681901730999535	26.260553959882444	0.0
143.0	26.326938409241784	23.685237632977394	23.79532239824665	26.192501559534175	0.0
144.0	26.234867514652947	23.794321627653293	23.69524533891096	26.275565518782795	0.0
145.0	26.291999146006244	23.623935843719142	23.751034133062902	26.333030877211712	0.0
146.0	26.35471431240159	23.71133676709989	23.802740786208002	26.131208134290517	0.0
147.0	26.187918657094823	23.691321288463076	23.801406420965545	26.319353633476556	0.0
148.0	26.11519575138107	23.76404419417683	23.796736142616957	26.324023911825144	0.0
149.0	26.21660750980758	23.794401003442662	23.733687384910997	26.255304101838757	0.0
150.0	26.326359050999436	23.67831122734915	23.729350697873024	26.265979023778392	0.0
151.0	26.221611379466786	23.719342958554616	23.77638707266953	26.282658589309065	0.0
152.0	26.271650076058815	24.02591337300846	23.629606895999572	26.072829654933148	0.0
153.0	26.161985808978304	23.747110255631874	23.695737022420747	26.39516691296907	0.0
154.0	26.16999202714108	23.867203528073468	23.72809548749529	26.23470895729016	0.0
155.0	26.394833320545626	23.614340471099222	23.727094710224943	26.263731498130216	0.0
156.0	26.364142817588327	23.709080719358703	23.766458616191912	26.160317846861066	0.0
157.0	26.156648330203126	23.758785990452587	23.667048074004143	26.417517605340144	0.0
158.0	26.32211017223377	23.67672225428416	23.759453175299484	26.241714398182587	0.0
159.0	26.33745542371242	23.677723031554507	23.75645084348844	26.228370701244636	0.0
160.0	26.375818552409036	23.533277512201142	23.87020585988451	26.22069807550531	0.0
161.0	26.201349714945277	23.788142123716085	23.772463279813987	26.23804488152465	0.0
162.0	26.271737716292986	23.76879376315605	23.717754122368373	26.241714398182587	0.0
163.0	26.172660766528672	23.604666290819203	23.8728745992721	26.349798343380026	0.0
164.0	26.348797566109678	23.787808531292637	23.599995996890918	26.263397905706764	0.0
165.0	26.34179212521725	23.72976344961253	23.734767335964264	26.193677089205952	0.0
166.0	26.274406455680577	23.688731581528323	23.749445402596017	26.287416560195087	0.0
167.0	26.27140412386954	23.772463279813987	23.690733136069014	26.26539946024746	0.0
168.0	26.3291156131262	23.7097479042056	23.7541156965243	26.207020786143904	0.0
169.0	26.25372372542675	23.79314601006782	23.705077610277314	26.248052654228115	0.0
170.0	26.306852678422505	23.63476845272646	23.755195719327745	26.303183149523296	0.0
171.0	26.35188780582187	23.705156688883996	23.81557614939653	26.127379355897602	0.0
172.0	26.195432437301097	23.689144199142	23.810572246352155	26.304851117204752	0.0
173.0	26.07734032545385	23.775544925041533	23.78588632466657	26.36122842483804	0.0
174.0	26.242135532381926	23.791891008319823	23.73584729422283	26.230126165075422	0.0
175.0	26.304851117204752	23.713496527291287	23.752526971037412	26.22912538446655	0.0
176.0	26.21044414643422	23.747856661529326	23.76954024138828	26.272158950648173	0.0
177.0	26.27349332479334	24.01039477459085	23.645443445887793	26.07066845472802	0.0
178.0	26.158157223158142	23.742264774073025	23.667873167314397	26.43170483545444	0.0
179.0	26.20519406868714	23.842009574166433	23.722916284422798	26.22988007272363	0.0
180.0	26.41168915650593	23.583473721081514	23.75427418144213	26.25056294097043	0.0
181.0	26.36865544676663	23.70890530915884	23.758944506530117	26.163494737544408	0.0
182.0	26.15949160175471	23.79830867512885	23.636181675645922	26.40601804747052	0.0
183.0	26.292262272113152	23.703901389421713	23.76294764231982	26.240888696145316	0.0
184.0	26.33362800860674	23.667205978016113	23.76394842626724	26.235217587109904	0.0
185.0	26.33796473904559	23.59014561406435	23.82566343635848	26.24622621053158	0.0
186.0	26.182509632545493	23.77829299618034	23.784297699864894	26.25489967140927	0.0
187.0	26.266575484129234	23.77462345503978	23.716911580738245	26.241889480092738	0.0
188.0	26.146481410438177	23.616165996697415	23.883041716010876	26.35431087685354	0.0
189.0	26.33562957650159	23.809984487848816	23.59348156055577	26.260904375093823	0.0
190.0	26.357646823344954	23.740930395476457	23.719246743282238	26.182176037896355	0.0
191.0	26.263239537637816	23.71591079679082	23.735259286441046	26.28559037913032	0.0
192.0	26.279252080796624	23.784964889163177	23.671542708454957	26.26424032158524	0.0
193.0	26.34096709088786	23.691224792754323	23.75761012793355	26.210197988424266	0.0
194.0	26.248227778426436	23.793304755391723	23.681216953280067	26.277250512901773	0.0
195.0	26.249649724449903	23.65494188761826	23.802057618660015	26.29335076927183	0.0
196.0	26.37892728231063	23.707140998525496	23.7938764753371	26.12005524382677	0.0
197.0	26.222136228074273	23.717148938157607	23.77519498802383	26.285519845744293	0.0
198.0	26.072350731580386	23.75918228461246	23.820564314356055	26.347902669451095	0.0
199.0	26.229808981792225	23.803884414969207	23.73849920937277	26.2278073938658	0.0
200.0	26.293051682034722	23.745980063785215	23.744312040459572	26.21665621372049	0.0
201.0	26.229190992493745	23.73978315262719	23.772477064220183	26.25854879065888	0.0
202.0	26.241901368510252	24.014318980990318	23.68470217720573	26.0590774732937	0.0
203.0	26.15245003019374	23.757636013625554	23.726608192012172	26.363305764168537	0.0
204.0	26.207181868833974	23.831353198076915	23.768295815859098	26.193169117230013	0.0
205.0	26.388930596011463	23.617575715110323	23.785071519373794	26.20842216950442	0.0
206.0	26.32242780159829	23.745140893241462	23.801197884515922	26.131233420644325	0.0
207.0	26.175961240077278	23.759472256424115	23.68673066591923	26.377835837579372	0.0
208.0	26.300685089215104	23.717167941962632	23.742862958797872	26.239284010024395	0.0
209.0	26.32160317698687	23.68323572107924	23.76900101783718	26.226160084096712	0.0
210.0	26.333143110772937	23.590267279383546	23.87092898691469	26.20566062292883	0.0
211.0	26.167996609230503	23.813814715806124	23.800465229594476	26.217723445368897	0.0
212.0	26.24413850646642	23.76136837713809	23.768043387567793	26.2264497288277	0.0
213.0	26.141373820577602	23.644185743799582	23.892836521292182	26.321603914330627	0.0
214.0	26.274753260104074	23.85124513112177	23.613934253872575	26.26006735490159	0.0
215.0	26.314858392162755	23.764749077921863	23.763413942155243	26.156978587760143	0.0
216.0	26.249311547640904	23.743178062987134	23.785903833636528	26.221606555735434	0.0
217.0	26.27090072136489	23.786014000020028	23.72325759168945	26.21982768692564	0.0
218.0	26.302489309356027	23.70068199799039	23.81317995333171	26.183648739321875	0.0
219.0	26.219416522839335	23.805788034678802	23.7313427853206	26.243452657161264	0.0
220.0	26.260441079262066	23.61536766620596	23.810668429381245	26.31352282515073	0.0
221.0	26.33710370983681	23.730669586816592	23.82682086482733	26.105405838519268	0.0
222.0	26.197089991252614	23.743481193116942	23.834627635067008	26.22480118056344	0.0
223.0	26.048893845198428	23.767136551521507	23.835248709541712	26.348720893738353	0.0
224.0	26.247303713696134	23.780076531123324	23.75503362427626	26.21758613090428	0.0
225.0	26.27306544140727	23.776688460433963	23.73227725946159	26.217968838697182	0.0
226.0	26.20935156182169	23.752245723941254	23.78263395868536	26.255768755551696	0.0
227.0	26.20873212532477	24.023029193911423	23.699097667025107	26.069141013738705	0.0
228.0	26.13898221310873	23.771181629340692	23.74880608080579	26.341030076744794	0.0
229.0	26.174906822341264	23.884873826095088	23.785350735402165	26.15486861616148	0.0
230.0	26.397544569798743	23.607465149055834	23.803512146898317	26.191478134247102	0.0
231.0	26.324965598322	23.750517695154375	23.839026866708526	26.0854898398151	0.0
232.0	26.18225301116285	23.795701869826914	23.66042500317316	26.36162011583708	0.0
233.0	26.292037999545713	23.723661531472548	23.78044706919819	26.203853399783544	0.0
234.0	26.287888404160793	23.702424457019166	23.813993573084453	26.19569356573559	0.0
235.0	26.316650966401433	23.575785514334008	23.881439614107524	26.226123905157035	0.0
236.0	26.18387471772739	23.814120979703095	23.80343136599901	26.198572936570503	0.0
237.0	26.241364565656028	23.792375429266272	23.755962959498646	26.210297045579058	0.0
238.0	26.148557454598908	23.66770007884222	23.912578675183408	26.271163791375464	0.0
239.0	26.267505879837504	23.84207290998503	23.677036561898653	26.213384648278808	0.0
240.0	26.310830451561166	23.79324746487579	23.780550961426016	26.11537112213702	0.0
241.0	26.231195407368794	23.776824321163396	23.812578944202738	26.179401327265072	0.0
242.0	26.250622428825892	23.80268087196848	23.77761662394605	26.169080075259583	0.0
243.0	26.24746396066674	23.76674120199073	23.840942286930915	26.144852550411617	0.0
244.0	26.19447963710149	23.83844731854239	23.76590773098176	26.201165313374364	0.0
245.0	26.27146410613031	23.6225526907029	23.85892532363325	26.247057879533543	0.0
246.0	26.29345656266405	23.725101400039456	23.894965274875194	26.086476762421295	0.0
247.0	26.170474610733585	23.753277328910055	23.89139333297662	26.18485472737974	0.0
248.0	26.007939772776677	23.834368446928273	23.86614091591667	26.291550864378383	0.0
249.0	26.223690855638758	23.790523523962097	23.811259795379826	26.174525825019312	0.0
