# Position (bp)	A	C	G	T	N
0.0	26.308986742686336	23.748304779828956	23.813622650909192	26.129085826575515	0.0
1.0	26.13572832193961	23.92958954914063	23.757714981594752	26.176967147325016	0.0
2.0	26.20376059292716	23.871517687628348	23.70795348245075	26.216768236993737	0.0
3.0	26.18461180820386	23.74398769033215	23.803488108218808	26.26791239324518	0.0
4.0	26.258288041974296	23.695774897333436	23.761636466277768	26.284300594414496	0.0
5.0	26.199278329975872	23.771113275629247	23.69833750249043	26.331270891904456	0.0
6.0	26.118019468840448	23.76880890320367	23.866485149336743	26.24668647861914	0.0
7.0	26.366219629956532	23.741827307514587	23.69811049286558	26.193842569663296	0.0
8.0	26.212195412125688	23.799563402143146	23.756678314809744	26.231562870921422	0.0
9.0	26.29568046567861	23.66461844067384	23.8187195498145	26.220981543833048	0.0
10.0	26.345493075420652	23.721179862006387	23.705687395218362	26.22763966735461	0.0
11.0	26.209104037447506	23.768763867141033	23.70790060475951	26.314231490651956	0.0
12.0	26.164563195431935	23.724499676318107	23.747185074114853	26.363752054135105	0.0
13.0	26.2052309207505	23.806941731725807	23.8216042449359	26.166223102587793	0.0
14.0	26.19942124570499	23.818561081816824	23.689364974852406	26.29265269762578	0.0
15.0	26.183098825339034	23.858675504750103	23.74690842292221	26.211317246988653	0.0
16.0	26.297909070286003	23.801962010258226	23.759911028976447	26.140217890479327	0.0
17.0	26.225703109006105	23.812474755578673	23.774850193379184	26.186971942036042	0.0
18.0	26.263051020012945	23.81994433778004	23.705134092833074	26.211870549373938	0.0
19.0	26.183928778916965	23.75105819081186	23.750504888426573	26.314508141844602	0.0
20.0	26.225149806620816	23.717030094116737	23.791172613745136	26.266647485517307	0.0
21.0	26.244238738913207	23.71730674530938	23.78729949704813	26.251155018729282	0.0
22.0	26.28601306900234	23.716200140538806	23.724499676318107	26.273287114140746	0.0
23.0	26.241122979414445	23.675190266331366	23.80908907313807	26.27459768111612	0.0
24.0	26.275631591178193	23.79740391957241	23.719112065245056	26.207852424004336	0.0
25.0	26.308552900948357	23.751203426029413	23.81427954895039	26.12596412407184	0.0
26.0	26.14117985547822	23.934345502229796	23.748713579072007	26.175761063219984	0.0
27.0	26.200106233470184	23.864353137760467	23.71966536456892	26.215875264200427	0.0
28.0	26.177697610853517	23.74041408921398	23.80874655571171	26.27314174422079	0.0
29.0	26.242433631746103	23.68923390175617	23.77610189560348	26.292230570894244	0.0
30.0	26.204532628061127	23.76835570506933	23.699469939247734	26.32764172762181	0.0
31.0	26.120984430157023	23.756183119944225	23.864353137760467	26.258479312138284	0.0
32.0	26.355306693815223	23.73211459935596	23.717728816935384	26.194849889893433	0.0
33.0	26.211448869609484	23.81012980402138	23.74899022873394	26.229431097635196	0.0
34.0	26.291123972246506	23.679551163588478	23.80349021213496	26.225834652030056	0.0
35.0	26.341474210718513	23.724091759159872	23.71385572166831	26.22057830845331	0.0
36.0	26.21172551927142	23.77029225270287	23.694766894994853	26.323215333030863	0.0
37.0	26.159992032489736	23.72658160611728	23.75313997366295	26.360286387730035	0.0
38.0	26.209512321975943	23.814556198612323	23.814556198612323	26.161375280799408	0.0
39.0	26.192913342259892	23.8281120320471	23.690893799727778	26.28808082596523	0.0
40.0	26.17852755983932	23.862416590126927	23.75037347704361	26.20868237299014	0.0
41.0	26.30329655737161	23.799340467205948	23.752863324001016	26.144499651421427	0.0
42.0	26.226941250677793	23.805703409430436	23.77942169154669	26.18793364834508	0.0
43.0	26.27120519658725	23.816492746245864	23.70389633383868	26.208405723328205	0.0
44.0	26.18682704969735	23.745947082452666	23.753416623324885	26.313809244525103	0.0
45.0	26.23275089357841	23.715515619639913	23.79187092633373	26.25986256044795	0.0
46.0	26.242433631746103	23.713579072006375	23.788274480728585	26.25571281551894	0.0
47.0	26.278398087797537	23.71966536456892	23.735987694623038	26.2659488530105	0.0
48.0	26.233508267652272	23.67339937864658	23.806467497904386	26.286624855796763	0.0
49.0	26.266080172628435	23.797272249425955	23.720364068940714	26.216283509004896	0.0
50.0	26.309237281102167	23.755775029739674	23.81995739618779	26.11503029297037	0.0
51.0	26.13245912523861	23.932829833734473	23.75826486292085	26.176446178106065	0.0
52.0	26.19747143608045	23.858964782692894	23.71815088389078	26.225412897335875	0.0
53.0	26.174786289318615	23.729770105402938	23.819680748056545	26.275762857221903	0.0
54.0	26.23315904501065	23.68550640440424	23.785376379782555	26.295958170802557	0.0
55.0	26.198024732342933	23.76241458488948	23.71261792126594	26.32694276150165	0.0
56.0	26.121393199988933	23.745262400752484	23.8689241154176	26.264420283840984	0.0
57.0	26.352947685838384	23.732536586715355	23.711511328740976	26.20300439870529	0.0
58.0	26.216560157136136	23.792569231194843	23.75549838160843	26.235372230060587	0.0
59.0	26.29374498575262	23.680526738041884	23.800315378869616	26.225412897335875	0.0
60.0	26.34658477881982	23.715107754447118	23.71538440257836	26.222923064154703	0.0
61.0	26.211303842642543	23.766564306858108	23.683293219354304	26.338838631145045	0.0
62.0	26.174232993056133	23.723407198384376	23.745262400752484	26.35709740780701	0.0
63.0	26.21600686087365	23.805571693363213	23.82023404431903	26.158187401444106	0.0
64.0	26.204940935623984	23.813871137300467	23.684123163748026	26.297064763327523	0.0
65.0	26.176169529974825	23.854261764461782	23.755775029739674	26.21379367582372	0.0
66.0	26.30259772595236	23.80114532326334	23.751072011508562	26.145184939275733	0.0
67.0	26.224859601073398	23.80833817467563	23.782333250338894	26.184468973912082	0.0
68.0	26.26857000580961	23.832959858356155	23.700998699753782	26.19747143608045	0.0
69.0	26.19747143608045	23.74609234514621	23.753285196558497	26.303151022214845	0.0
70.0	26.232605748748167	23.711787976872216	23.79699560129471	26.258610673084902	0.0
71.0	26.248651340360198	23.713447865659667	23.790079398013667	26.24782139596647	0.0
72.0	26.28018922732177	23.717320939497053	23.73751625307771	26.26497358010347	0.0
73.0	26.24055595054652	23.672991747609075	23.804399246412576	26.28205305543183	0.0
74.0	26.265934844192635	23.795757347733712	23.7238292315864	26.214478576487256	0.0
75.0	26.322647397308778	23.74734419263456	23.800183693342778	26.129824716713877	0.0
76.0	26.15140315155807	23.922738137393768	23.73849150141643	26.18736720963173	0.0
77.0	26.19234684844193	23.862982471671387	23.71608312677054	26.228587553116146	0.0
78.0	26.170491766997166	23.728532223796034	23.823145361189802	26.277830648016998	0.0
79.0	26.223607914305948	23.684268767705383	23.794097468130314	26.29802584985836	0.0
80.0	26.20119953966006	23.768645980878187	23.713040014164307	26.317114465297454	0.0
81.0	26.119035499291787	23.75149389164306	23.876261508498583	26.253209100566572	0.0
82.0	26.356398282577903	23.726595697592067	23.715253186968837	26.201752832861192	0.0
83.0	26.203966005665723	23.79769387393768	23.76366634206799	26.23467377832861	0.0
84.0	26.28972645184136	23.68371547450425	23.804056745750707	26.22250132790368	0.0
85.0	26.338416253541077	23.710826841359772	23.7312986898017	26.219458215297454	0.0
86.0	26.20922229107649	23.770859153682718	23.68841846671388	26.33150008852691	0.0
87.0	26.185154036827196	23.714423247167137	23.743194493626063	26.357228222379604	0.0
88.0	26.228310906515578	23.806823211756374	23.811802850566572	26.153063031161473	0.0
89.0	26.20894564447592	23.818719015580736	23.68592864730878	26.28640669263456	0.0
90.0	26.173811526203966	23.844447149433428	23.758963349858355	26.222777974504247	0.0
91.0	26.301622255665723	23.80765315155807	23.751770538243626	26.138954054532576	0.0
92.0	26.22637438031161	23.81124955736544	23.78054178470255	26.181834277620396	0.0
93.0	26.2670414305949	23.836701044617563	23.69976097733711	26.196496547450426	0.0
94.0	26.21005223087819	23.7371082684136	23.759516643059488	26.293322857648725	0.0
95.0	26.231907312322946	23.715253186968837	23.791607648725215	26.261231851983002	0.0
96.0	26.244909702549574	23.71497654036827	23.792437588526912	26.24767616855524	0.0
97.0	26.29470609065156	23.710826841359772	23.722999291784703	26.271467776203966	0.0
98.0	26.241240701241864	23.66843443355382	23.80537412199528	26.284950743209034	0.0
99.0	26.274642159602074	23.782900014938836	23.72314467983866	26.219313145620433	0.0
100.0	26.322225111626285	23.748319381200307	23.80807471630048	26.121380790872927	0.0
101.0	26.142959106325765	23.932011707619356	23.740573319242877	26.184455866811994	0.0
102.0	26.198011475237497	23.862020504932584	23.711802231972424	26.228165787857492	0.0
103.0	26.17477328936521	23.725911130537742	23.821077034586168	26.27823854551088	0.0
104.0	26.21765327520098	23.689117336239953	23.80032865434305	26.29290073421602	0.0
105.0	26.199394700587042	23.771004276932782	23.727017710817375	26.302583311662804	0.0
106.0	26.123040661292375	23.744999640361407	23.873639597868728	26.25832010047749	0.0
107.0	26.352932714386096	23.72314467983866	23.724251260118294	26.19967134565695	0.0
108.0	26.209353923103734	23.800881944482867	23.76685460088416	26.222909531529236	0.0
109.0	26.2890277032373	23.680541339072796	23.8019885247625	26.2284424329274	0.0
110.0	26.334397494702248	23.71041900662288	23.73282725728545	26.22235624138942	0.0
111.0	26.22263288645933	23.75274570231884	23.700459784106187	26.324161627115643	0.0
112.0	26.196074959748145	23.716228553090957	23.748319381200307	26.339377105960594	0.0
113.0	26.22733585264777	23.807798071230575	23.809457941650024	26.155408134471635	0.0
114.0	26.203267731565756	23.829099741613504	23.686074240470962	26.281558286349778	0.0
115.0	26.183072641462456	23.84514515566818	23.754682217808195	26.217099985061164	0.0
116.0	26.31281917924941	23.79728555857406	23.754682217808195	26.13521304436834	0.0
117.0	26.237571720234378	23.805861555741213	23.778197048750393	26.178369675274016	0.0
118.0	26.26302306666593	23.829376386683414	23.70516275029463	26.202437796356033	0.0
119.0	26.209077278033828	23.731167386865998	23.7649180853948	26.29483724970537	0.0
120.0	26.23314539911584	23.708482491133527	23.795072398014796	26.263299711735836	0.0
121.0	26.255000359638593	23.705716040434442	23.78981614168654	26.249467458240428	0.0
122.0	26.29096421872666	23.70737591085389	23.73725357840398	26.26440629201547	0.0
123.0	26.248156847122743	23.65958176682629	23.806204059500985	26.286057326549976	0.0
124.0	26.273127655807365	23.784138190509914	23.727702283994333	26.21503186968839	0.0
125.0	26.322924043909346	23.749557365439095	23.809866324362606	26.117652266288953	0.0
126.0	26.14504027974504	23.928824362606232	23.74181126062323	26.184324097025495	0.0
127.0	26.199263013456093	23.865748937677054	23.71331666076487	26.22167138810198	0.0
128.0	26.166895361189802	23.725489111189802	23.829508233002834	26.278107294617563	0.0
129.0	26.22914084631728	23.68869511331445	23.787734596317282	26.294429444050994	0.0
130.0	26.202029479461757	23.761453169263454	23.726319050991503	26.31019830028329	0.0
131.0	26.130931303116146	23.74181126062323	23.870451929886684	26.256805506373937	0.0
132.0	26.359994688385267	23.718849592776202	23.7246591713881	26.196496547450426	0.0
133.0	26.211158817280456	23.793267528328613	23.76753939447592	26.228034259915013	0.0
134.0	26.290833038243626	23.686481940509914	23.80101363314448	26.22167138810198	0.0
135.0	26.35252523016997	23.696441218130314	23.72493581798867	26.226097733711047	0.0
136.0	26.21171211048159	23.759793289660056	23.69976097733711	26.328733622521245	0.0
137.0	26.19207020184136	23.721892705382437	23.741257967422097	26.344779125354105	0.0
138.0	26.22416120750708	23.80378009915014	23.816505842776202	26.155552850566572	0.0
139.0	26.203485203515637	23.827637625148352	23.68820735273369	26.28066981860232	0.0
140.0	26.179970177413956	23.850046061786422	23.75404942581839	26.215934334981227	0.0
141.0	26.316080681437793	23.78890699392206	23.76151890469775	26.1334934199424	0.0
142.0	26.238619418985206	23.800249535924042	23.781990809774506	26.17914023531625	0.0
143.0	26.25577155567113	23.84036340397985	23.711445731469468	26.19241930887955	0.0
144.0	26.222573871762876	23.71863856298292	23.768988383577106	26.289799181677093	0.0
145.0	26.237236182155694	23.713658910396685	23.796376472801413	26.25272843464621	0.0
146.0	26.256048203037036	23.706189431517327	23.786140520263036	26.251621845182598	0.0
147.0	26.292915041358896	23.711787976872216	23.741665975046338	26.25363100672255	0.0
148.0	26.249000605861085	23.66592985843876	23.805637551214627	26.27943198448553	0.0
149.0	26.278121438135603	23.78578463377118	23.723815109497938	26.212278818595287	0.0
150.0	26.31823563911605	23.741244038199785	23.81289630064072	26.127624022043445	0.0
151.0	26.137030110549205	23.924386114400168	23.761992762844844	26.176591012205787	0.0
152.0	26.204532628061127	23.864629787422402	23.72077196321666	26.21006562129981	0.0
153.0	26.168568172009692	23.71938871490699	23.832815076299976	26.279228036783337	0.0
154.0	26.225834652030056	23.681211061560084	23.796573970586607	26.296380315823253	0.0
155.0	26.21172551927142	23.752863324001016	23.728518153750816	26.30689300297675	0.0
156.0	26.126794073057642	23.74152068786172	23.885101862405524	26.246583376675115	0.0
157.0	26.366649329954516	23.721601912202463	23.710812575387035	26.200936182455987	0.0
158.0	26.213108767581083	23.795744021600807	23.773612048646076	26.217535162172034	0.0
159.0	26.293613819203916	23.683424258855556	23.80736330740204	26.215598614538493	0.0
160.0	26.361116336715835	23.695043544656787	23.72602830679341	26.21781181183397	0.0
161.0	26.219195060143637	23.756183119944225	23.703066384852878	26.321555435059256	0.0
162.0	26.19595648854117	23.71938871490699	23.74899022873394	26.335664567817897	0.0
163.0	26.236347339183553	23.795467371938873	23.823408987794217	26.14477630108336	0.0
164.0	26.214011237540358	23.818771838093102	23.689852738977553	26.277364185388986	0.0
165.0	26.1821964384024	23.84726683210362	23.75929199622649	26.211244733267492	0.0
166.0	26.31941505033655	23.791936746646307	23.754312288535328	26.13433591448182	0.0
167.0	26.237526523859717	23.796916454337463	23.789446892800726	26.176110129002094	0.0
168.0	26.260211858897215	23.83260435945743	23.717517781706213	26.189665999939137	0.0
169.0	26.224247303349962	23.716687830424355	23.7714646150271	26.28760025119859	0.0
170.0	26.251359045224042	23.702855309060027	23.79442660049188	26.251359045224042	0.0
171.0	26.25827530590621	23.705068512478316	23.78917024237344	26.247485939242033	0.0
172.0	26.290992790469918	23.712880326227086	23.73335251448269	26.262774368820303	0.0
173.0	26.250121035231626	23.676704521876253	23.799814643188135	26.273359799703982	0.0
174.0	26.280348803753622	23.781344753557754	23.73127061062789	26.207035832060733	0.0
175.0	26.32365227880109	23.740531508153	23.818548007812716	26.11726820523319	0.0
176.0	26.132484189209375	23.918420193547316	23.7648770825149	26.18421853472841	0.0
177.0	26.204414295278617	23.86419595974127	23.720889056111016	26.210500688869093	0.0
178.0	26.166789316719324	23.71784585931578	23.837360497092362	26.278004326872534	0.0
179.0	26.22820656113229	23.675241104182458	23.801672098311855	26.294880236373398	0.0
180.0	26.21326723141022	23.75491752936685	23.73029530075084	26.301519938472097	0.0
181.0	26.141337125340975	23.743298050694126	23.873048895872873	26.242315928092026	0.0
182.0	26.361830565868612	23.715355971028767	23.71452600826643	26.208287454836192	0.0
183.0	26.212437268647882	23.795585704721383	23.773176710138273	26.21880031649247	0.0
184.0	26.28796388002058	23.68520065733051	23.809695071681116	26.217140390967792	0.0
185.0	26.35851071481926	23.69986333279847	23.72337894439803	26.218247007984242	0.0
186.0	26.2196302792548	23.754364220858623	23.710376194454742	26.31562930543183	0.0
187.0	26.200264481466935	23.713972699758205	23.746617901743473	26.339144917031387	0.0
188.0	26.224333401574718	23.799458864278954	23.819377970575054	26.156829763571277	0.0
189.0	26.20988825841935	23.81099931112519	23.698123438619596	26.280988991835862	0.0
190.0	26.188032390948905	23.842538157854694	23.75096483971903	26.218464611477373	0.0
191.0	26.3150177475177	23.788590130554226	23.753454748671356	26.142937373256718	0.0
192.0	26.241980418249373	23.79025006985578	23.79052672640604	26.177242785488808	0.0
193.0	26.266326194672146	23.830088613093046	23.708913044079686	26.194672148155117	0.0
194.0	26.23340406519135	23.715829457836158	23.767840889284816	26.28292558768768	0.0
195.0	26.24557695340274	23.69646349931804	23.804912867019496	26.25304668025972	0.0
196.0	26.258026498164384	23.698123438619596	23.794123261559402	26.24972680165662	0.0
197.0	26.287978133005772	23.70150888899955	23.736367710771376	26.274145267223304	0.0
198.0	26.244615542097677	23.68359168587135	23.80310797688245	26.268684795148523	0.0
199.0	26.273184011331946	23.792937452967998	23.737052365986454	26.196826169713606	0.0
200.0	26.325064876858466	23.748250123113866	23.81464861365485	26.112036386372818	0.0
201.0	26.13942576372097	23.918119594747882	23.764019764617352	26.178434876913798	0.0
202.0	26.21246410331605	23.861127557033537	23.719754104256698	26.206654235393717	0.0
203.0	26.18479806559064	23.720307425011207	23.82958827402657	26.265306235371582	0.0
204.0	26.241236782550477	23.664145368428624	23.80385885894194	26.29075899007896	0.0
205.0	26.226020461801504	23.755719953299728	23.72473399104727	26.293525593851502	0.0
206.0	26.151875480697406	23.754889972167966	23.857530972129233	26.23570357500539	0.0
207.0	26.36877721646461	23.720860745765712	23.707581047657516	26.202780990112156	0.0
208.0	26.21821491709803	23.7921599331583	23.777496811462687	26.212128338280984	0.0
209.0	26.281017343983002	23.684261490492485	23.811526320303443	26.223194845221066	0.0
210.0	26.344649758888476	23.71109776982219	23.73101748231434	26.213234988974992	0.0
211.0	26.20880838619896	23.763940340461087	23.714141059230712	26.31311021410924	0.0
212.0	26.207425072831448	23.716077697945227	23.73544408509037	26.341053144132953	0.0
213.0	26.21849157977153	23.808759693568422	23.82176283922302	26.150985887437024	0.0
214.0	26.213103370046674	23.819958002373777	23.70071573029667	26.26622289728288	0.0
215.0	26.18765026324599	23.847071094400594	23.758261884802558	26.207016757550853	0.0
216.0	26.307999192140525	23.78841828307728	23.773755080246453	26.129827444535742	0.0
217.0	26.231086543329763	23.79588821659487	23.78620496944244	26.18682027063293	0.0
218.0	26.248239723999788	23.831854563161052	23.723125530849444	26.196780181989716	0.0
219.0	26.21918998254249	23.72257220244073	23.771265102407256	26.286972712609526	0.0
220.0	26.23427501127413	23.701676871021203	23.803213195848908	26.260834921855764	0.0
221.0	26.249491626711524	23.696696887787144	23.798786544085303	26.255024941416032	0.0
222.0	26.287467560852797	23.699529113615867	23.750712416239217	26.26229090929212	0.0
223.0	26.249360206947113	23.683271313754513	23.804174909045635	26.263193570252735	0.0
224.0	26.272949613218096	23.77076393576875	23.737840440012835	26.218446011000324	0.0
225.0	26.315425434786217	23.74599520808318	23.813225911764544	26.125353445366063	0.0
226.0	26.141953619114545	23.907016893443483	23.76314872095661	26.187880766485357	0.0
227.0	26.21499438360788	23.853066328760907	23.7183282518357	26.21361103579551	0.0
228.0	26.165193862362422	23.717774912710755	23.837849502824795	26.279181722102024	0.0
229.0	26.23574460079349	23.66105765240343	23.810182546577323	26.29301520022576	0.0
230.0	26.221634453107274	23.757891999269592	23.731885060396966	26.288588487226168	0.0
231.0	26.140582893884982	23.752898145740073	23.868547302718586	26.237971657656363	0.0
232.0	26.351407433640073	23.726614246426774	23.71499399620405	26.206984323729106	0.0
233.0	26.21729374690472	23.790591444705438	23.784781303519008	26.20733350487083	0.0
234.0	26.285632074192737	23.678262048434444	23.811618622332524	26.224487255040295	0.0
235.0	26.351757014362114	23.704822693858127	23.71478293589201	26.228637355887745	0.0
236.0	26.215080359786075	23.757943984705495	23.70620606080728	26.320769594701147	0.0
237.0	26.198756629786104	23.708972794705577	23.74438698860382	26.347883586904498	0.0
238.0	26.217017073514885	23.80940523521388	23.822132211146062	26.15144548012517	0.0
239.0	26.210521947238092	23.818390581985696	23.692503493020876	26.27858397775534	0.0
240.0	26.188717250614935	23.846837050625453	23.749996541410383	26.21444915734923	0.0
241.0	26.31945943253698	23.79122186619738	23.757464070083397	26.131854631182243	0.0
242.0	26.23562781044621	23.798823936354204	23.78664821860948	26.178900034590107	0.0
243.0	26.251266071497753	23.826220271534286	23.728808868865432	26.193704788102522	0.0
244.0	26.22234891360601	23.71967132811008	23.776959203836903	26.281020554447004	0.0
245.0	26.239081579559166	23.692833973585447	23.817932225531113	26.250152221324267	0.0
246.0	26.247993357320787	23.69692776086355	23.799058953778022	26.256019928037645	0.0
247.0	26.29093687030845	23.697438054958926	23.74836695378756	26.263258120945064	0.0
248.0	26.25291326900614	23.686191796898786	23.804383328074223	26.25651160602085	0.0
249.0	26.27706718113802	23.775108849995988	23.73774140064272	26.210082568223275	0.0
