# Position (bp)	A	C	G	T	N
0.0	26.259484517701132	23.862636165269045	23.748864405004824	26.129014912024996	0.0
1.0	26.136656298908413	23.8179199012846	23.799523969898594	26.245899829908385	0.0
2.0	26.296144322603464	23.815493455960382	23.66154934559604	26.22681287584011	0.0
3.0	26.22083382851451	23.70786008160586	23.79076755912463	26.280538530754992	0.0
4.0	26.240111363867857	23.744044183388226	23.86514107221675	26.15070338052717	0.0
5.0	26.164866439964467	23.743471938530135	23.759597594165342	26.332064027340056	0.0
6.0	26.270721357850068	23.763507779349364	23.857708628005657	26.10806223479491	0.0
7.0	26.23809146658822	23.80348939829377	23.785386164603654	26.17303297051436	0.0
8.0	26.263611936076934	23.77146089662	23.645028991656062	26.319898175647012	0.0
9.0	26.312023440505012	23.758682716021447	23.717673145236102	26.211620698237436	0.0
10.0	26.142887037571192	23.883412231139463	23.70638704605483	26.267313685234516	0.0
11.0	26.11234595132656	23.863334294811974	23.754460978106565	26.2698587757549	0.0
12.0	26.28117028917884	23.71345674194479	23.802817697993902	26.202555270882467	0.0
13.0	26.32358846451861	23.671886930111814	23.819502180294215	26.18502242507536	0.0
14.0	26.22574387340154	23.84353914632008	23.745977343038614	26.184739637239762	0.0
15.0	26.29672362013676	23.706952621726025	23.74682570654541	26.249498051591814	0.0
16.0	26.111780375655364	23.822895634321394	23.785850427857998	26.27947356216525	0.0
17.0	26.22037090452517	23.892744229714214	23.699600138000466	26.18728472776015	0.0
18.0	26.250911990769804	23.776518429283247	23.79744472911753	26.175124850829416	0.0
19.0	26.282301440521234	23.710063287917606	23.635124511484015	26.372510760077144	0.0
20.0	26.154407377348193	23.70377492414238	23.778147914587002	26.36366978392243	0.0
21.0	26.252817265845263	23.733184775877135	23.81462744221954	26.199370516058064	0.0
22.0	26.18127214575975	23.68709048902362	23.721590507404777	26.410046857811853	0.0
23.0	26.257907432491667	23.73968887770309	23.68624212791589	26.316161561889356	0.0
24.0	26.332563209972204	23.738274942523535	23.720459359261135	26.20870248824313	0.0
25.0	26.25677628434802	23.854217627247095	23.75241429431909	26.13659179408579	0.0
26.0	26.138288516301262	23.819434821830026	23.799922516352158	26.242354145516554	0.0
27.0	26.297780404555134	23.821131544045496	23.660508507647975	26.2205795437514	0.0
28.0	26.22983734135692	23.7184127774133	23.795613419903628	26.25613646132615	0.0
29.0	26.236906997262626	23.75008483587087	23.86659276519693	26.14641540166957	0.0
30.0	26.159989141008527	23.74810533221727	23.778929031966157	26.312976494808044	0.0
31.0	26.28300115376784	23.75715449177658	23.86517883401579	26.09466552043979	0.0
32.0	26.23153405877429	23.807773228061443	23.785715901635633	26.174976811528627	0.0
33.0	26.244825011877023	23.782605253037122	23.64630228717508	26.326267447910773	0.0
34.0	26.30873470126462	23.75008483587087	23.720675067303123	26.22050539556139	0.0
35.0	26.135669524692894	23.90080989978056	23.706535755491707	26.25698482003484	0.0
36.0	26.105128611180234	23.870834558740356	23.75998235413886	26.264054475940547	0.0
37.0	26.264620048413	23.718978349885756	23.80551093817162	26.210890663529625	0.0
38.0	26.324570730493406	23.66920797230957	23.81003551795127	26.196185779245752	0.0
39.0	26.22220211297876	23.838879714046556	23.757720064249032	26.18119810872565	0.0
40.0	26.289222450964868	23.70116281700337	23.75602334683166	26.2535913852001	0.0
41.0	26.117288419338053	23.814560097730922	23.789674908942832	26.27847657398819	0.0
42.0	26.20834558740357	23.895436961292223	23.7014456032396	26.19477184806461	0.0
43.0	26.247652874239304	23.777515100785017	23.799006854738366	26.175825170237317	0.0
44.0	26.286394588602587	23.69635545098749	23.64121213492297	26.376037825486957	0.0
45.0	26.156238953693883	23.69826793920113	23.766984800282785	26.378508306822194	0.0
46.0	26.263131848709794	23.723153057617534	23.81364439731354	26.20007069635914	0.0
47.0	26.187910922587488	23.68978437610463	23.71919406150583	26.40311063980205	0.0
48.0	26.25379992930364	23.746907034287734	23.68328031106398	26.316012725344645	0.0
49.0	26.335242135030047	23.724566984800283	23.735030045952634	26.20516083421704	0.0
50.0	26.25804171085189	23.85323435843054	23.744361965358785	26.144361965358787	0.0
51.0	26.136443973135382	23.81279604100389	23.80233297985154	26.24842700600919	0.0
52.0	26.28405797101449	23.81166489925769	23.671403322728878	26.232873806998942	0.0
53.0	26.24043480965766	23.70838117106774	23.796327193136253	26.25485682613835	0.0
54.0	26.244111009937054	23.750233297325423	23.86419550598655	26.141460186750976	0.0
55.0	26.16153789596919	23.74740545095666	23.772573283638646	26.31848336943551	0.0
56.0	26.280024658820334	23.757020128610453	23.871830691182208	26.091124521387005	0.0
57.0	26.228275070271984	23.80990085570631	23.786995300119333	26.17482877390237	0.0
58.0	26.263905934518387	23.772856068275523	23.652107028329365	26.31113096887672	0.0
59.0	26.306889199323578	23.75815126715796	23.71347129453151	26.22148823898695	0.0
60.0	26.142591325298483	23.898412447048575	23.705553324698975	26.253442902953967	0.0
61.0	26.10498096859394	23.865892213807808	23.76861429872238	26.260512518875874	0.0
62.0	26.274934535356564	23.718278633358405	23.804245162968787	26.202541668316243	0.0
63.0	26.321876785078018	23.660873352072528	23.81894996408635	26.1982998987631	0.0
64.0	26.23138570127762	23.824888441460754	23.75815126715796	26.185574590103666	0.0
65.0	26.295860598485405	23.698766493413945	23.750233297325423	26.255139610775224	0.0
66.0	26.121382477532762	23.816970471628217	23.782753530566193	26.278893520272828	0.0
67.0	26.216680900160057	23.887101061573528	23.70300826296709	26.193209775299326	0.0
68.0	26.247504425579564	23.760696328889843	23.814708194533207	26.17709105099738	0.0
69.0	26.2780451663622	23.710926232799626	23.639098935033058	26.371929665805116	0.0
70.0	26.158070509321966	23.698699477132685	23.76034635364381	26.382883659901534	0.0
71.0	26.26552836746063	23.735744159806803	23.80587455143414	26.19285292129843	0.0
72.0	26.18634889304267	23.67749068934216	23.731502402248697	26.404658015366472	0.0
73.0	26.256479284670004	23.735744159806803	23.691629881202513	26.316146674320684	0.0
74.0	26.33481040757634	23.72443280631852	23.730654050737076	26.210102735368057	0.0
75.0	26.24940968873983	23.85960348050347	23.75271119003922	26.138275640717477	0.0
76.0	26.14760750734531	23.805308983759723	23.803329496899277	26.24375401199569	0.0
77.0	26.29408953501854	23.808702389806207	23.678056257016575	26.219151818158682	0.0
78.0	26.23717578924746	23.716165009558065	23.791385297544313	26.25527390365016	0.0
79.0	26.250183808974402	23.752078455325936	23.861232707817255	26.136505027882407	0.0
80.0	26.16930786023731	23.736242605223566	23.777811711742284	26.31663782279684	0.0
81.0	26.277896546653544	23.756037417851527	23.872826812356486	26.093239223138436	0.0
82.0	26.22105715610755	23.804110534233715	23.792516429694484	26.182315879964257	0.0
83.0	26.266302442114313	23.775832230479487	23.655083873448934	26.302781453957262	0.0
84.0	26.312961643308785	23.756885766964153	23.717296141708236	26.212856448018822	0.0
85.0	26.15290644405986	23.893752757134614	23.71050934880722	26.242831449998306	0.0
86.0	26.106530025902924	23.866322802493016	23.764238125940253	26.262909045663807	0.0
87.0	26.270261404639903	23.723234585496623	23.814007940547693	26.19249606931578	0.0
88.0	26.32964584252378	23.659891185087154	23.820511950411166	26.189951021977897	0.0
89.0	26.22529890167068	23.83719614962616	23.759430814302036	26.178074134401125	0.0
90.0	26.300519189656928	23.695804630855022	23.748402275837886	26.25527390365016	0.0
91.0	26.110771771466062	23.82390534686167	23.783184589455587	26.28213829221668	0.0
92.0	26.231520128496612	23.885834832083432	23.704570905018834	26.178074134401125	0.0
93.0	26.244528148223555	23.756885766964153	23.814856289660323	26.183729795151965	0.0
94.0	26.280441593991426	23.70626760324409	23.645186467134955	26.368104335629532	0.0
95.0	26.16838551136926	23.692909800949582	23.773502738745975	26.365201948935184	0.0
96.0	26.265945383438577	23.72938870963637	23.80856773624335	26.196098170681704	0.0
97.0	26.191008090399826	23.674528955487247	23.73504435439401	26.399418599718917	0.0
98.0	26.261420867632463	23.730237056350017	23.691495889760173	26.316846186257347	0.0
99.0	26.327309129058985	23.72656088725755	23.727126451733312	26.219003531950154	0.0
100.0	26.25717913406423	23.85494402325601	23.75512189328364	26.13275494939612	0.0
101.0	26.15226692380998	23.804891567150886	23.802063744772063	26.24077776426707	0.0
102.0	26.29789977631925	23.806022696102414	23.674246173249365	26.221831354328973	0.0
103.0	26.24607640754461	23.707264655148037	23.787574583604332	26.25908435370302	0.0
104.0	26.252297599185585	23.7454401493086	23.863360009049007	26.13890224245681	0.0
105.0	26.163787009020727	23.73978452054407	23.789554053671917	26.306874416763282	0.0
106.0	26.276334021434835	23.756468625399428	23.87410570370161	26.093091649464128	0.0
107.0	26.22062607810423	23.797189152504032	23.801713655515652	26.180471113876084	0.0
108.0	26.27831349150242	23.769476571557842	23.653818963323246	26.298390973616492	0.0
109.0	26.308853886830867	23.75788253259056	23.716596442609507	26.21666713796906	0.0
110.0	26.14964793710941	23.889941464242288	23.70924412521562	26.251166473432686	0.0
111.0	26.101575092610922	23.853179877272858	23.770890478748974	26.274354551367246	0.0
112.0	26.269830048355626	23.719707038429995	23.81754941605633	26.19291349715805	0.0
113.0	26.326669117439135	23.665695783728758	23.82320504482086	26.184430054011255	0.0
114.0	26.2288267398128	23.827446766394253	23.765234849984445	26.1784916438085	0.0
115.0	26.299804880807624	23.68662161015751	23.762407035602184	26.251166473432686	0.0
116.0	26.11034131719594	23.816135508865198	23.79323021236886	26.28029296157	0.0
117.0	26.22515058111586	23.88824477561293	23.700195119192376	26.18640952407884	0.0
118.0	26.255973757882533	23.752509685264258	23.808217628594857	26.183298928258345	0.0
119.0	26.282272431637587	23.704719622204	23.646183864491135	26.36682408166728	0.0
120.0	26.16697160017985	23.700544921372398	23.764453707133747	26.368029771314006	0.0
121.0	26.26622816567646	23.716380726693796	23.804043220437237	26.213347887192512	0.0
122.0	26.181110712073952	23.670852786394782	23.75116294195329	26.396873559577976	0.0
123.0	26.25576522287482	23.7226019359272	23.69658597004205	26.325046871155926	0.0
124.0	26.336640942909096	23.72401584711661	23.720905242499907	26.21843796747439	0.0
125.0	26.256048005112703	23.849005596260486	23.75964640908975	26.13529998953706	0.0
126.0	26.161598737660093	23.802063744772063	23.80036705134477	26.235970466223073	0.0
127.0	26.301293163173835	23.794428624349248	23.671701133108428	26.23257707936849	0.0
128.0	26.24876989378669	23.70428812198129	23.790254165394142	26.256687818837875	0.0
129.0	26.25131494112457	23.739918784711616	23.874240727544198	26.134525546619614	0.0
130.0	26.16025880303596	23.74387774723721	23.786577985906092	26.309285463820736	0.0
131.0	26.281007160066512	23.736808171298655	23.88781431334623	26.09437035528861	0.0
132.0	26.224733335595594	23.802131052970918	23.797606524370245	26.175529087063243	0.0
133.0	26.264322960851516	23.773004400104064	23.649993778773172	26.312678860271244	0.0
134.0	26.321162351397515	23.749250624950513	23.71786170778332	26.21172531586865	0.0
135.0	26.143648533624415	23.896365379340377	23.71114196596979	26.248844121065417	0.0
136.0	26.102644877229398	23.85592729061978	23.773354410155335	26.268073421995492	0.0
137.0	26.268638989669906	23.727260644690592	23.81973095945728	26.184369406182224	0.0
138.0	26.31876615407238	23.66822575263131	23.82658514928201	26.186422944014296	0.0
139.0	26.240152025020784	23.825171226097627	23.761261898163596	26.17341485071799	0.0
140.0	26.288582537999293	23.694308943089432	23.770661010957937	26.24644750795334	0.0
141.0	26.1127638395584	23.81710517385698	23.787695405289234	26.28243558129539	0.0
142.0	26.223616044159897	23.87903535959098	23.70992919032645	26.187419405922675	0.0
143.0	26.24680451553062	23.750650408343326	23.81512567020338	26.187419405922675	0.0
144.0	26.27677985657082	23.69805216840486	23.645453928466395	26.37971404655793	0.0
145.0	26.174202469861974	23.691332294562287	23.769664303509668	26.364800932066068	0.0
146.0	26.264128747281713	23.708299516716956	23.81462744221954	26.2129442937818	0.0
147.0	26.18353444204704	23.66418473911482	23.747889701744512	26.404391117093628	0.0
148.0	26.26243202506624	23.723004442584333	23.69444295195731	26.320120580392114	0.0
149.0	26.33539108033131	23.726115099979356	23.73007411848211	26.20841970120722	0.0
150.0	26.250837756593885	23.85252090503163	23.75948397021687	26.137157368157617	0.0
151.0	26.16458771064099	23.798508581172605	23.808406127429492	26.22849758075691	0.0
152.0	26.302870571201538	23.79511513674167	23.666447035402108	26.235567256654686	0.0
153.0	26.252608717783392	23.699317350164865	23.791788972405563	26.256284959646177	0.0
154.0	26.251477566441	23.74654291870981	23.872666293386725	26.129313221462464	0.0
155.0	26.164378913076675	23.74399782818942	23.780194671146027	26.311428587587876	0.0
156.0	26.285977682384015	23.738342071477454	23.888502412180237	26.087177833958297	0.0
157.0	26.226309449072737	23.811584120897457	23.79744472911753	26.164661700912273	0.0
158.0	26.273252229782084	23.774821702269655	23.652091781619923	26.299834286328338	0.0
159.0	26.32641634287459	23.75106752407938	23.719960862163553	26.202555270882467	0.0
160.0	26.153424146190414	23.881783038903233	23.711544280458458	26.2532485344479	0.0
161.0	26.10846075317925	23.85293859810362	23.77432335749291	26.264277291224218	0.0
162.0	26.26399450258893	23.72342140314065	23.8272048322922	26.18537926197822	0.0
163.0	26.307901136813527	23.6723036027374	23.842825632034387	26.176969628414682	0.0
164.0	26.24172840902664	23.829534528590013	23.76109948532323	26.16763757706012	0.0
165.0	26.289311377499512	23.696407715648764	23.775871771595984	26.23840913525574	0.0
166.0	26.125366921367128	23.804783693137793	23.788381813142998	26.281467572352085	0.0
167.0	26.21953633582001	23.883965182767845	23.708634741444158	26.187863739967987	0.0
168.0	26.2523400958096	23.737479426952248	23.82033720002941	26.18984327720874	0.0
169.0	26.285709437867983	23.690818906277393	23.649814206290404	26.37365744956422	0.0
170.0	26.17012191155968	23.685230065296633	23.774875076707286	26.3697729464364	0.0
171.0	26.253545502620067	23.72171021189592	23.81022405597016	26.214520229513855	0.0
172.0	26.18963454811279	23.655536922715818	23.74631310146288	26.40851542770851	0.0
173.0	26.268533469827528	23.712378081370524	23.70332874267923	26.315759706122726	0.0
174.0	26.337817469182763	23.729345591416703	23.729911175084908	26.202925764315633	0.0
175.0	26.2476068741039	23.8517944555833	23.7666741135183	26.133924556794497	0.0
176.0	26.16305211570711	23.797498423435528	23.81022405597016	26.229225404887206	0.0
177.0	26.305296408260915	23.79071141941705	23.681270979619192	26.222721192702842	0.0
178.0	26.256447672051035	23.696043165467625	23.796151757839013	26.251357404642324	0.0
179.0	26.264083073164112	23.734502963666802	23.875333695307905	26.126080267861184	0.0
180.0	26.163691688158906	23.737896475272613	23.79162707569793	26.30678476087055	0.0
181.0	26.28783765440478	23.724039636215554	23.898805483914757	26.08931722546491	0.0
182.0	26.22929957920456	23.817078412741505	23.795868965205194	26.157753042848743	0.0
183.0	26.2623863173612	23.77154879869689	23.646837247183385	26.31922763675852	0.0
184.0	26.31781367358943	23.757974752273654	23.725453599384643	26.198757974752272	0.0
185.0	26.161786123326213	23.89152043889541	23.699503697524143	26.24718974025423	0.0
186.0	26.100702741682337	23.861261541507005	23.782362173550332	26.25567354326033	0.0
187.0	26.258784271029228	23.717036890403403	23.83383057845397	26.1903482601134	0.0
188.0	26.310892668276708	23.66874614692857	23.83983665805087	26.18052452674385	0.0
189.0	26.247829554259727	23.82824209448721	23.756695153472428	26.167233197780632	0.0
190.0	26.300786452986742	23.690588298507127	23.772598858073657	26.236026390432478	0.0
191.0	26.133728493376925	23.796986527606528	23.785674694297704	26.283610284718844	0.0
192.0	26.220264018189425	23.885218827415358	23.711582186124904	26.182934968270306	0.0
193.0	26.250523172290535	23.747780052713143	23.81961019422418	26.182086580772147	0.0
194.0	26.288417813875093	23.693200456998063	23.650498286257253	26.367883442869587	0.0
195.0	26.16943477437071	23.682803985170146	23.784893569487377	26.362867670971774	0.0
196.0	26.258515713594882	23.722395513714222	23.806103316921703	26.212985455769193	0.0
197.0	26.19347248812961	23.64292965999361	23.75548271971177	26.408115132165005	0.0
198.0	26.268413595730898	23.70542771576676	23.700902969647437	26.3252557188549	0.0
199.0	26.331760041401424	23.72126432718439	23.740494498191516	26.206481133222663	0.0
200.0	26.249466221356236	23.854744337704425	23.77188492439432	26.123904516545014	0.0
201.0	26.180463843036556	23.778672043573305	23.80977967314365	26.231084440246487	0.0
202.0	26.302066394993368	23.79450865499094	23.685066358229808	26.21835859178589	0.0
203.0	26.26113514889285	23.699273210599248	23.791465173496224	26.24812646701168	0.0
204.0	26.26141794632505	23.738864851107152	23.87177964424083	26.12793755832697	0.0
205.0	26.169225983428067	23.73943044597155	23.78185006080145	26.30949350979893	0.0
206.0	26.29252566386697	23.717372246260005	23.897514210570968	26.092587879302055	0.0
207.0	26.22946183648652	23.811826588614576	23.794858742682617	26.163852832216282	0.0
208.0	26.27131585645202	23.76516501230169	23.647238483074574	26.316280648171713	0.0
209.0	26.33409688640027	23.749045558666324	23.726138966658183	26.190718588275217	0.0
210.0	26.15841880958239	23.87509297044459	23.70710987056252	26.259378349410508	0.0
211.0	26.108646039246963	23.8547313825801	23.782617425560016	26.25400515261293	0.0
212.0	26.263337547050824	23.71927026331492	23.834652594547055	26.182739595087202	0.0
213.0	26.321951550595863	23.674654841829607	23.833871597201405	26.169522010373125	0.0
214.0	26.251251392793108	23.82453917637144	23.76571664507955	26.1584927857559	0.0
215.0	26.296008257801784	23.690558674226892	23.777661514967267	26.235771553004056	0.0
216.0	26.144783430051692	23.788192441261977	23.783102001108585	26.283922127577743	0.0
217.0	26.220574427891087	23.878123550638566	23.709290618884403	26.192011402585948	0.0
218.0	26.253662288888137	23.73530842411285	23.823542720104975	26.18748656689404	0.0
219.0	26.283639325346996	23.695433309577947	23.64990215042816	26.37102521464689	0.0
220.0	26.16833001982449	23.690975472493164	23.782038048319727	26.358656459362617	0.0
221.0	26.268442292627608	23.713316911904027	23.803813881669555	26.21442691379881	0.0
222.0	26.18799154979765	23.644446706881485	23.75304368483121	26.414518058489655	0.0
223.0	26.272832938820873	23.704401288457895	23.704966897718048	26.317798875003177	0.0
224.0	26.333635934287514	23.715147864400837	23.747104787599582	26.204111413712067	0.0
225.0	26.245683694333444	23.855701765549306	23.771708790416316	26.126905749700935	0.0
226.0	26.174699732184013	23.785849021920185	23.810453024736923	26.22899822115888	0.0
227.0	26.30196181571885	23.790091091371348	23.689978252323947	26.217968840585858	0.0
228.0	26.251131221719458	23.69796380090498	23.803167420814482	26.247737556561084	0.0
229.0	26.25084841628959	23.74010180995475	23.875	26.134049773755656	0.0
230.0	26.15950226244344	23.74462669683258	23.797794117647058	26.298076923076923	0.0
231.0	26.29128959276018	23.72002262443439	23.895079185520363	26.09360859728507	0.0
232.0	26.22935520361991	23.79920814479638	23.807692307692307	26.163744343891405	0.0
233.0	26.263009049773757	23.758484162895925	23.659219457013574	26.319287330316744	0.0
234.0	26.32183257918552	23.75735294117647	23.730486425339368	26.190328054298647	0.0
235.0	26.164666755279285	23.87195665146112	23.714433581542934	26.248943011716662	0.0
236.0	26.113478827711617	23.854139858992816	23.784569526497528	26.247811786798042	0.0
237.0	26.25771000483599	23.71471638777259	23.835474647835543	26.19209895955588	0.0
238.0	26.324526722436214	23.670382751033657	23.840349775734026	26.1647407507961	0.0
239.0	26.25297654398498	23.817725213377905	23.75918415828144	26.170114084355685	0.0
240.0	26.297077756785193	23.686517858152982	23.7747621364166	26.241642248645224	0.0
241.0	26.12527755384898	23.79707808279237	23.784349498635212	26.29329486472344	0.0
242.0	26.238847683542943	23.86723015212976	23.701748728480343	26.192173435846954	0.0
243.0	26.255919612092132	23.72512631334763	23.830080965017004	26.188873109543238	0.0
244.0	26.3010032309355	23.688245845333817	23.642978798046727	26.36777212568396	0.0
245.0	26.16624365841305	23.68138848568704	23.778439877653	26.373927978246908	0.0
246.0	26.2719298245614	23.716751556310133	23.79824561403509	26.213073005093378	0.0
247.0	26.185139907633797	23.647616136919318	23.744396903015485	26.422847052431404	0.0
248.0	26.286162258234324	23.694026682666454	23.701951106306144	26.31785995279308	0.0
249.0	26.323803270522845	23.72006407462543	23.75685604152398	26.199276613327747	0.0
