# Position (bp)	A	C	G	T	N
0.0	26.330883771114543	23.828584685996685	23.69245648509718	26.14807505779159	0.0
1.0	26.330324723061572	23.665901702580847	23.72963318062004	26.274140393737543	0.0
2.0	26.301977071117545	23.737150714641057	23.770968300903853	26.18990391333754	0.0
3.0	26.176083438833604	23.745245501217095	23.753070686576176	26.32560037337313	0.0
4.0	26.260102619135452	23.745766122271036	23.725085795410088	26.269045463183428	0.0
5.0	26.370930105829128	23.792131142043534	23.64206449233039	26.194874259796947	0.0
6.0	26.18277135974693	23.656544994215388	23.779502914661617	26.38118073137607	0.0
7.0	26.17734917942542	23.78618394395558	23.686703422297608	26.349763454321394	0.0
8.0	26.175706262050465	23.72174253220443	23.767010366893008	26.335540838852094	0.0
9.0	26.125650354027307	23.74609508161908	23.910674468120778	26.217580096232833	0.0
10.0	26.344730467145578	23.71995294735636	23.80126125673029	26.134055328767776	0.0
11.0	26.316510057362873	23.707658907451027	23.740349877199307	26.235481157986797	0.0
12.0	26.23771643796958	23.734761677242336	23.803775946710925	26.22374593807716	0.0
13.0	26.25559867783189	23.79539364677547	23.671894427726414	26.27711324766623	0.0
14.0	26.25727513781898	23.783379016867983	23.729452887283212	26.229892958029826	0.0
15.0	26.358421557040153	23.692291357569356	23.743702797173487	26.205584288216997	0.0
16.0	26.2441428679201	23.74705571714767	23.789246626822802	26.219554788109427	0.0
17.0	26.167025708513904	23.77918786690025	23.75851152705946	26.295274897526383	0.0
18.0	26.19776080827724	23.809643556665744	23.730849937272456	26.261745697784555	0.0
19.0	26.15584930859996	23.840658066426933	23.68586492761884	26.31762769735427	0.0
20.0	26.201040519924675	23.791415431212247	23.75732750671979	26.25021654214329	0.0
21.0	26.262231138480796	23.77716556113753	23.59890248059503	26.361700819786645	0.0
22.0	26.244348948583117	23.768783284622995	23.6363433156933	26.350524451100593	0.0
23.0	26.199922883056065	23.7257542651817	23.754254005331127	26.320068846431106	0.0
24.0	26.220319755908108	23.891443930952395	23.781636108611952	26.106600204527545	0.0
25.0	26.347730358929077	23.809577030327077	23.690548703820642	26.152143906923204	0.0
26.0	26.34325981145466	23.655622551676736	23.734136541696238	26.266981095172365	0.0
27.0	26.312804206785174	23.731621858741875	23.767386238537235	26.188187695935717	0.0
28.0	26.18343773924414	23.723798400661643	23.755651051416883	26.337112808677333	0.0
29.0	26.255525317269168	23.755930460634037	23.7257542651817	26.2627899569151	0.0
30.0	26.37650950829566	23.80119475381254	23.62293167327004	26.199364064621765	0.0
31.0	26.17589369038106	23.657299006979642	23.78638606530352	26.380421237335778	0.0
32.0	26.173937825861	23.799518298509632	23.68579874712907	26.3407451285003	0.0
33.0	26.181967538327854	23.714791044400798	23.770113914819543	26.33312750245181	0.0
34.0	26.129718160710148	23.739658395245584	23.911215175231	26.21940826881327	0.0
35.0	26.354362543622646	23.715908678146626	23.80140765970288	26.128321118527854	0.0
36.0	26.326980516849723	23.706408791307044	23.736584902444545	26.230025789398688	0.0
37.0	26.22583466285181	23.73211436746121	23.814819264652876	26.227231705034104	0.0
38.0	26.264951843955973	23.803363518758086	23.658071131799755	26.273613505486182	0.0
39.0	26.256569590862227	23.774584449802877	23.73742312775392	26.231422831580975	0.0
40.0	26.344862656783057	23.691041327301836	23.746364197720585	26.21773181819452	0.0
41.0	26.241760943729936	23.742731888046627	23.79609889941017	26.21940826881327	0.0
42.0	26.159335454974723	23.768716872637253	23.767319830454962	26.30462784193306	0.0
43.0	26.20236435418931	23.803084110321628	23.72540856498621	26.269142970502852	0.0
44.0	26.164644215267437	23.829627911785167	23.68517375013621	26.320554122811185	0.0
45.0	26.208438111204245	23.783738474434198	23.76865046102263	26.239172953338922	0.0
46.0	26.259290304554344	23.777312098351494	23.6035205364627	26.359877060631458	0.0
47.0	26.248113998323554	23.764179938530315	23.640681754680077	26.34702430846605	0.0
48.0	26.20284995808885	23.737915618887957	23.750209555741826	26.309024867281362	0.0
49.0	26.215702710254263	23.888516345347863	23.78457669740151	26.111204246996365	0.0
50.0	26.351215423302598	23.80692930986309	23.694607432243643	26.14724783459067	0.0
51.0	26.342274378317963	23.66024029058396	23.73595976529757	26.261525565800504	0.0
52.0	26.316289466331376	23.738474434199496	23.76194467728416	26.18329142218497	0.0
53.0	26.183850237496507	23.72115115954177	23.75859178541492	26.3364068175468	0.0
54.0	26.24895222129086	23.749930148086058	23.737077395920647	26.264040234702428	0.0
55.0	26.37608270466611	23.798826487845766	23.62587314892428	26.199217658563846	0.0
56.0	26.204246996367704	23.646828723107014	23.777312098351494	26.37161218217379	0.0
57.0	26.169879854708018	23.805252863928473	23.671696004470522	26.35317127689299	0.0
58.0	26.198026828648146	23.689511904129912	23.78311320728358	26.32934805993836	0.0
59.0	26.137674943629662	23.749863789148396	23.916390286699393	26.196070980522546	0.0
60.0	26.358406374947265	23.71745259163847	23.792054227286314	26.13208680612795	0.0
61.0	26.319010005560195	23.7110262335115	23.735334631643944	26.234629129284354	0.0
62.0	26.228202771157388	23.73589344539412	23.818597880419446	26.217305903029047	0.0
63.0	26.27206965054582	23.785907276034436	23.666041726622726	26.275981346797018	0.0
64.0	26.25195235553966	23.76355472602759	23.750143196023483	26.234349722409267	0.0
65.0	26.34890654119435	23.690629531630254	23.755451926650107	26.205012000525286	0.0
66.0	26.24496718366252	23.7459520928972	23.79121600666106	26.21786471677922	0.0
67.0	26.162262748637193	23.765510574153186	23.77417218728084	26.29805448992878	0.0
68.0	26.198585642398314	23.81189211541739	23.722202508514926	26.267319733669364	0.0
69.0	26.175115464891128	23.822230169795557	23.68420317350329	26.318451191810027	0.0
70.0	26.203262345558283	23.77885566439975	23.77187051203961	26.246011478002355	0.0
71.0	26.27590793010377	23.769635263284364	23.599476951791274	26.35497985482059	0.0
72.0	26.25243781817369	23.772708730322826	23.629373403892686	26.3454800476108	0.0
73.0	26.212482746673672	23.731356628350778	23.744768120882252	26.311392504093302	0.0
74.0	26.229247112338015	23.885868198557148	23.773546948606043	26.111337740498797	0.0
75.0	26.342965392761148	23.801487558046617	23.698107303116494	26.157439746075738	0.0
76.0	26.324245184435963	23.655358170672418	23.7520326793368	26.268363965554816	0.0
77.0	26.318936468642256	23.737503562427705	23.760414862168975	26.183145106761067	0.0
78.0	26.17588054830652	23.726886130840285	23.75790020731932	26.339333113533876	0.0
79.0	26.248805538946417	23.745326933071066	23.740018217277356	26.265849310705164	0.0
80.0	26.38655274348844	23.786958441137518	23.629373403892686	26.197115411481352	0.0
81.0	26.198512441953387	23.641946678140943	23.77829685221094	26.381244027694734	0.0
82.0	26.17588054830652	23.808472710406757	23.674078378997603	26.34156836228912	0.0
83.0	26.197321620662585	23.696644062776787	23.781862683464514	26.324171633096118	0.0
84.0	26.129984940053593	23.745819397993312	23.91960950313353	26.20458615881957	0.0
85.0	26.353788596351524	23.716202434737905	23.808685593582616	26.121323375327954	0.0
86.0	26.323892227782387	23.69999692654155	23.74498118205212	26.231129663623943	0.0
87.0	26.235320743329897	23.73240794293426	23.814553105170955	26.21771820856489	0.0
88.0	26.26382008533038	23.788568410994042	23.67149758454106	26.276113919134513	0.0
89.0	26.248452793075217	23.773759929366335	23.760069068993552	26.21771820856489	0.0
90.0	26.3563032441751	23.704188006247502	23.75392215209149	26.18558659748591	0.0
91.0	26.239511823035848	23.74414296611093	23.806450351072776	26.20989485978044	0.0
92.0	26.168542873348365	23.774039334680065	23.770965876229035	26.286451915742532	0.0
93.0	26.195086378152737	23.806450351072776	23.73017270042442	26.268290570350068	0.0
94.0	26.175528006191623	23.817067752994525	23.68910011930607	26.318304121507786	0.0
95.0	26.20171889668738	23.767826009209173	23.793531226250614	26.23692386785283	0.0
96.0	26.28581966113818	23.76279672761411	23.60856542536546	26.34281818588225	0.0
97.0	26.25480575796862	23.76167910948187	23.637344092270553	26.34617104027896	0.0
98.0	26.21764495507175	23.727032947382536	23.74351781483303	26.311804282712682	0.0
99.0	26.24083553131566	23.879587822432832	23.770620054539766	26.108956591711745	0.0
100.0	26.34281818588225	23.806942643837452	23.692945594349325	26.15729357593097	0.0
101.0	26.336671286154946	23.65466717332022	23.738209128704906	26.270452411819928	0.0
102.0	26.314318923510214	23.733738656175955	23.76223791854799	26.18970450176584	0.0
103.0	26.192219142563367	23.724797711118065	23.751341141758683	26.33164200455988	0.0
104.0	26.249217667307434	23.748547096428094	23.742679601233853	26.259555635030623	0.0
105.0	26.383052438642764	23.786546112924135	23.635667665072198	26.194733783360903	0.0
106.0	26.206748178282446	23.630358978944074	23.782913853994366	26.37997898877911	0.0
107.0	26.164558093790514	23.812810139031697	23.687916312754258	26.334715454423534	0.0
108.0	26.187954904234363	23.699026277922915	23.790391304955225	26.322627512887497	0.0
109.0	26.135426998784595	23.733113535714782	23.918637627303337	26.212821838197286	0.0
110.0	26.344421005574105	23.715790503066454	23.80268507006049	26.137103421298946	0.0
111.0	26.339112334278646	23.711320043028177	23.737304592000672	26.2122630306925	0.0
112.0	26.242438635950883	23.72221678937148	23.817214065184896	26.21813050949274	0.0
113.0	26.26451153238988	23.794023553736327	23.67862980399827	26.262835109875525	0.0
114.0	26.25864405358964	23.762171525963595	23.76328914097316	26.215895279473607	0.0
115.0	26.346656235593247	23.703217334208798	23.758818680934883	26.19130774926307	0.0
116.0	26.25864405358964	23.74987776085833	23.79709699501264	26.19438119053939	0.0
117.0	26.17845517665302	23.767200793506657	23.772788868554503	26.281555161285812	0.0
118.0	26.19689582431092	23.79709699501264	23.739260418267417	26.26674676240902	0.0
119.0	26.167279026557328	23.82587558150906	23.693438202875065	26.313407189058545	0.0
120.0	26.19724842415843	23.763634941213287	23.79185479905226	26.24726183557602	0.0
121.0	26.26765836648934	23.752738164423977	23.616947561357236	26.362655907729447	0.0
122.0	26.25452635343556	23.761958514014932	23.640976351200322	26.34253878134919	0.0
123.0	26.234129822522238	23.708033439134514	23.740444364969377	26.317392373373867	0.0
124.0	26.23133577719165	23.88014663149895	23.778163976932362	26.11035361437704	0.0
125.0	26.347288658411195	23.797163485180384	23.703842371138627	26.151705485269794	0.0
126.0	26.334715454423534	23.652990746121866	23.741561983101615	26.27073181635299	0.0
127.0	26.31264249631186	23.72982699271313	23.776766954267067	26.18076355670794	0.0
128.0	26.195851401493137	23.70663641646922	23.75916446868434	26.3383477133533	0.0
129.0	26.25061468997273	23.741003174035498	23.750782332692566	26.257599803299208	0.0
130.0	26.389478742903126	23.780678617729894	23.644608610130092	26.18523402923689	0.0
131.0	26.202350916309726	23.630145598108985	23.788289005680312	26.37921447990098	0.0
132.0	26.166587036152254	23.81203845734738	23.67876212269805	26.342612383802315	0.0
133.0	26.195159568820515	23.693357399511598	23.795899436158503	26.315583595509384	0.0
134.0	26.148219344960356	23.72856256740672	23.925823270057165	26.19739481757576	0.0
135.0	26.343803611044365	23.707327704231883	23.799531715385775	26.149336969337977	0.0
136.0	26.32927449413527	23.70062195796615	23.746444557448687	26.2236589904499	0.0
137.0	26.239026325642218	23.7226950394242	23.8202077663718	26.21807086856178	0.0
138.0	26.265011092421947	23.781649725343808	23.688607495906698	26.26473168632754	0.0
139.0	26.26724634117719	23.760414862168975	23.755944364658482	26.216394431995347	0.0
140.0	26.34974476181961	23.697614703507394	23.760201843526563	26.192438691146435	0.0
141.0	26.253628796790174	23.740363955395484	23.80965686041671	26.196350387397633	0.0
142.0	26.1756742786413	23.76998108415456	23.773892780405756	26.280451856798386	0.0
143.0	26.190482843020835	23.791495413536147	23.748746161648054	26.269275581794965	0.0
144.0	26.163100969262448	23.817200846044017	23.709908606011158	26.309789578682373	0.0
145.0	26.211232187761947	23.766974015088014	23.787929589270746	26.2338642078793	0.0
146.0	26.269069572506286	23.75775356244761	23.619167365185806	26.354009499860297	0.0
147.0	26.26599608829282	23.750768371053365	23.634534786253145	26.34870075440067	0.0
148.0	26.227231705034104	23.709761692544546	23.74748183146642	26.315524770954934	0.0
149.0	26.240084493111187	23.870421543508087	23.783525519769544	26.10596844361119	0.0
150.0	26.351009642385144	23.786319604134125	23.697747129776836	26.164923623703896	0.0
151.0	26.33089223496014	23.648012428087252	23.75558467612371	26.265510660828895	0.0
152.0	26.321186483299712	23.714298487278498	23.78778311138928	26.176731918032516	0.0
153.0	26.186790649849957	23.70368093702675	23.769062693840144	26.340465719283145	0.0
154.0	26.24742244997178	23.736371815433447	23.758165734371246	26.258040000223527	0.0
155.0	26.39606815349625	23.780518471743346	23.645005001424988	26.178408373335422	0.0
156.0	26.206422518210548	23.619365348130884	23.796231876769014	26.37798025688955	0.0
157.0	26.166746298516053	23.807967096678652	23.687820797603777	26.337465807201514	0.0
158.0	26.205098687886984	23.694872253392045	23.792666025884614	26.307363032836356	0.0
159.0	26.146422424391442	23.721136866575765	23.922871448689005	26.209569260343784	0.0
160.0	26.34396584482643	23.696548718063347	23.816974763618482	26.142510673491742	0.0
161.0	26.347318774169032	23.693195788720743	23.74432796119543	26.21515747591479	0.0
162.0	26.23890739209156	23.71834275879026	23.82563649775354	26.21711335136464	0.0
163.0	26.27439256096743	23.775342557614504	23.693475199499296	26.256789681918768	0.0
164.0	26.261819075932674	23.763607304915393	23.75773967856584	26.216833940586092	0.0
165.0	26.343201218234398	23.701364925466965	23.763114880062588	26.192318976236045	0.0
166.0	26.248201288087287	23.734056077899943	23.821511895947136	26.196230738065633	0.0
167.0	26.182818983221335	23.760879587588537	23.76730605345143	26.288995375738693	0.0
168.0	26.18784839128795	23.796364855614076	23.756129591081184	26.259657162016794	0.0
169.0	26.166613112784475	23.812570726050936	23.71449726875201	26.306318892412577	0.0
170.0	26.21670103438448	23.760945978418192	23.79056368645465	26.23178930074268	0.0
171.0	26.269509966638164	23.75368125757906	23.6237545194946	26.35305425628817	0.0
172.0	26.256656998999706	23.75759303033859	23.639681022872693	26.346068947789007	0.0
173.0	26.221803723459246	23.72021805399938	23.754865280963863	26.30311294157751	0.0
174.0	26.24750973056193	23.873895270374106	23.780291874945863	26.0983031241181	0.0
175.0	26.352010237696742	23.782806593031996	23.703732679879185	26.16145048939208	0.0
176.0	26.322951273145883	23.653997144397906	23.75235056287773	26.27070101957848	0.0
177.0	26.3241424787366	23.718049020374863	23.787343667922165	26.170464832966374	0.0
178.0	26.19952387871201	23.69793121947403	23.775887697964748	26.32665720384921	0.0
179.0	26.26434790383691	23.720284331586065	23.760799347289126	26.2545684172879	0.0
180.0	26.3867311926503	23.77532887016195	23.652945581348565	26.18499435583919	0.0
181.0	26.202111816167495	23.620320153342778	23.80082203799481	26.37674599249492	0.0
182.0	26.16886146899475	23.80082203799481	23.69604153219835	26.334274960812092	0.0
183.0	26.212802816507864	23.687725278716922	23.785241275252172	26.31423062952304	0.0
184.0	26.162228617731703	23.709240269356506	23.916007711866776	26.21252340104501	0.0
185.0	26.349436977842355	23.689960602419738	23.81038866690883	26.15021375282908	0.0
186.0	26.33630445108832	23.695828327139623	23.74752018776719	26.22034703400486	0.0
187.0	26.242141440107297	23.722093380647685	23.83050658023415	26.205258599010868	0.0
188.0	26.270082986392467	23.76847634748107	23.692754757048252	26.26868590907821	0.0
189.0	26.270921232781024	23.75059375785856	23.755064405264186	26.22342060409623	0.0
190.0	26.346716440013523	23.699806364543196	23.764910349298248	26.188566846145033	0.0
191.0	26.256744409579508	23.738924638644942	23.823587760450867	26.180743191324684	0.0
192.0	26.19136100858087	23.763233851836745	23.77161633914426	26.273788800438126	0.0
193.0	26.196111084721803	23.791175476195132	23.748983623413963	26.263729815669105	0.0
194.0	26.17571369894017	23.80151387720774	23.71573309042748	26.30703933342461	0.0
195.0	26.209875715307586	23.76693267167382	23.789006616595135	26.23418499642346	0.0
196.0	26.26827387339056	23.76050608011445	23.615209227467812	26.35601081902718	0.0
197.0	26.25905311158798	23.757711909871247	23.642033261802574	26.3412017167382	0.0
198.0	26.221963915984652	23.711115519703146	23.757778293148395	26.309142271163804	0.0
199.0	26.233978881602294	23.868986579562822	23.78320531340898	26.113829225425906	0.0
200.0	26.337922305085126	23.796896785856987	23.702174149941182	26.1630067591167	0.0
201.0	26.345540199951937	23.647753753988702	23.74890328205071	26.25780276400865	0.0
202.0	26.32912807186666	23.719351188230856	23.7811028682398	26.170417871662682	0.0
203.0	26.203109937549772	23.70761557483549	23.760984673847744	26.328289813766993	0.0
204.0	26.248934713665008	23.72214538189642	23.771602609776885	26.257317294661693	0.0
205.0	26.386129622644145	23.779985190773573	23.65787892758847	26.176006258993812	0.0
206.0	26.208771557264367	23.61966447228711	23.791507862882945	26.38005610756558	0.0
207.0	26.171901195931596	23.7965239745166	23.695093327372305	26.336481502179502	0.0
208.0	26.218225815014655	23.68495321018115	23.78303160024254	26.31378937456165	0.0
209.0	26.16283943510845	23.704991142133824	23.93216606962227	26.200003353135457	0.0
210.0	26.343364909045185	23.679827870455753	23.81311649481655	26.16369072568251	0.0
211.0	26.329672786207283	23.694078855450304	23.765054349344734	26.21119400899768	0.0
212.0	26.246122893788247	23.725375136222652	23.82541146226283	26.203090507726266	0.0
213.0	26.2740660016207	23.76533378042306	23.68709307849219	26.27350713946405	0.0
214.0	26.278536898873895	23.75303881297678	23.753877106211753	26.214547181937576	0.0
215.0	26.3624398872213	23.6944244961145	23.758693823717618	26.184441792946583	0.0
216.0	26.261006122352033	23.72180881831061	23.837214176137078	26.179970883200276	0.0
217.0	26.188220763579768	23.769165639748845	23.777269208951928	26.26534438771946	0.0
218.0	26.207368700487617	23.79891858661786	23.75588559931818	26.23782711357635	0.0
219.0	26.17243932767943	23.805066156232098	23.71033769717631	26.312156818912158	0.0
220.0	26.209397983591533	23.764335054657636	23.788366530302014	26.237900431448818	0.0
221.0	26.273388773388774	23.752598752598754	23.62685265911072	26.34715981490175	0.0
222.0	26.263475864998238	23.763070680876986	23.64011825787594	26.333335196248836	0.0
223.0	26.219677472538223	23.71423541542666	23.76732865553944	26.29875845649568	0.0
224.0	26.247621283123895	23.866529183118583	23.777947303561998	26.107902230195524	0.0
225.0	26.33955641995076	23.79499302801926	23.706131710356814	26.159318841673162	0.0
226.0	26.34905731554989	23.64465532706833	23.74525304517676	26.261034312205016	0.0
227.0	26.33670338514159	23.71722862140849	23.790442018901352	26.155625974548563	0.0
228.0	26.20145420809371	23.709404288852003	23.76445405719587	26.324687445858412	0.0
229.0	26.25231236971089	23.72980344158856	23.773955032443038	26.24392915625751	0.0
230.0	26.393988677073025	23.77367559199459	23.656310603647256	26.176025127285126	0.0
231.0	26.21130786878558	23.619211025633145	23.7969356474793	26.372545458101982	0.0
232.0	26.16842017018066	23.797068645121627	23.700660882200893	26.33385030249682	0.0
233.0	26.21838078311704	23.697506231626484	23.780221991214244	26.303890994042227	0.0
234.0	26.168360104177147	23.68912287761421	23.92385678995786	26.218660228250783	0.0
235.0	26.34133664196372	23.681857304136905	23.817108748868247	26.15969730503113	0.0
236.0	26.32696746645205	23.702374764563526	23.767486572436187	26.203171196548237	0.0
237.0	26.24173527159728	23.71271440787378	23.833716179585632	26.211834140943314	0.0
238.0	26.268003554601698	23.767766022255383	23.69846246709478	26.26576795604813	0.0
239.0	26.286167792849437	23.7526757320188	23.766089323340207	26.19506715179155	0.0
240.0	26.347442611772205	23.699228116458837	23.76322570187745	26.19010356989151	0.0
241.0	26.256644439351852	23.725748844384576	23.846480613049092	26.171126103214483	0.0
242.0	26.203937899135006	23.760148684339235	23.771886921647265	26.264026494878497	0.0
243.0	26.207199174937323	23.78651223759122	23.753811582739644	26.252477004731812	0.0
244.0	26.15922545013444	23.812265569536756	23.715558636264543	26.312950344064262	0.0
245.0	26.20807245080501	23.761180679785333	23.793884168157426	26.236862701252235	0.0
246.0	26.261796144729193	23.756093743011764	23.64540006261461	26.33671004964444	0.0
247.0	26.26653136871766	23.761003441152383	23.645552918550074	26.326912271579882	0.0
248.0	26.20974055021248	23.710858868262132	23.787463654663384	26.291936926861997	0.0
249.0	26.248336483297734	23.875239043156377	23.77962178060591	26.09680269293998	0.0
