# Position (bp)	A	C	G	T	N
0.0	23.969541671281867	22.92390263778344	28.177959396806813	24.921030666012626	0.0075656281152586356
1.0	22.43619159137301	24.819463344779024	30.433060509201386	22.31113620899726	1.4834564931879679E-4
2.0	25.320476051078373	26.129404876813773	26.754434545943635	21.795684526164216	0.0
3.0	25.942390461572547	27.788502618795196	24.8816201718436	21.38748674778866	0.0
4.0	27.15866301077236	25.250296073045362	22.981399937200372	24.609640978981904	0.0
5.0	26.149764748640784	24.430390074692	24.50752977419331	24.894365587782257	0.01794981469165136
6.0	25.771928566660318	24.583433260561588	24.631101638971373	25.012893702977546	6.428308291775969E-4
7.0	25.350083197143853	25.0405848771575	24.809165778653565	24.799572764741225	5.933823038562433E-4
8.0	24.80164960280472	25.44794182875481	25.08953891722564	24.660276268910973	5.933823038562433E-4
9.0	24.5619231520468	25.6688283913653	25.474050650124486	24.29500001236213	1.977941012854144E-4
10.0	24.631596124224586	25.597325823750623	25.60414972024497	24.166779986203863	1.4834557596406082E-4
11.0	24.8263738654654	25.446705615621777	25.547234467600088	24.17958715426209	9.88970506427072E-5
12.0	25.087857667364716	25.17360141027194	25.496005795367164	24.242535126996177	0.0
13.0	25.19946298901501	25.074654911103917	25.313639633982017	24.412242465899062	0.0
14.0	25.112829172651995	25.156541669036077	25.299101767537536	24.431428493723743	9.88970506427072E-5
15.0	24.99004848427908	25.197435599476837	25.648603944508864	24.16391197173522	0.0
16.0	24.905639851555527	25.3349024998702	25.68984401462687	24.0696136339474	0.0
17.0	24.625415058559415	25.557668106442893	25.68905283822173	24.127814548250633	4.94485253213536E-5
18.0	24.540907528785223	25.603803580567718	25.727919379124316	24.12736951152274	0.0
19.0	24.596685465347708	25.620517182126335	25.581798986799715	24.200998365726235	0.0
20.0	24.577153297845776	25.617896410284303	25.43513466069658	24.36981563117334	0.0
21.0	24.66690237130403	25.421437419182567	25.502483552184263	24.409176657329137	0.0
22.0	24.72050457275238	25.358489446448484	25.42519550710699	24.49581047369215	0.0
23.0	24.605635648430873	25.44922749041317	25.353445696865705	24.591691164290253	0.0
24.0	24.673182334019845	25.37114826893075	25.55237711423351	24.403292282815894	0.0
25.0	24.727773505974618	25.287926400814914	25.604199168770293	24.380100924440182	0.0
26.0	24.565384548819296	25.46455653326279	25.556629687411146	24.41337978198145	4.94485253213536E-5
27.0	24.415753311196877	25.551140901100478	25.682723426980598	24.350283463671403	9.88970506427072E-5
28.0	24.43701617708506	25.515092926141207	25.592677662370416	24.45486709472607	3.461396772494752E-4
29.0	24.316065084149027	25.654537767547424	25.40482271467459	24.62407994837574	4.94485253213536E-4
30.0	24.34578364786716	25.497291457025522	25.429101940607374	24.72747681482269	3.461396772494752E-4
31.0	24.41773125220973	25.34236922719372	25.306914634538312	24.93214426112777	8.406249304630112E-4
32.0	24.376441733566402	25.373818489298106	25.254449749172352	24.994844991235247	4.450367278921824E-4
33.0	24.42673088381822	25.390779333483326	25.362643122575477	24.819401623395088	4.450367278921824E-4
34.0	24.517122788105652	25.391570509888467	25.308447538823277	24.782018538252142	8.406249304630112E-4
35.0	24.442989347393958	25.504961033796626	25.284952353046407	24.76709726576301	0.0
36.0	24.48250391324439	25.438476959752286	25.40875993521588	24.67020890917401	5.028261342877644E-5
37.0	24.483963598527033	25.42966622499329	25.381044896233856	24.70532528024582	0.0
38.0	24.441433984381025	25.50746245636404	25.2560062105734	24.795097348681537	0.0
39.0	24.38443928775129	25.542559647053004	25.269879963642712	24.803121101552996	0.0
40.0	24.438233720986773	25.483809249984674	25.19174786529871	24.886209163729845	0.0
41.0	24.325092325253475	25.531081716242532	25.084482642852347	25.05934331565165	0.0
42.0	24.426349839084786	25.424439859716063	25.158453901236783	24.990647008245947	1.0939171642166568E-4
43.0	24.521021293210435	25.33242229442361	25.128052096551535	25.018504315814425	0.0
44.0	24.48398872499983	25.469354923242044	24.9812577048493	25.065398646908832	0.0
45.0	24.581306708823952	25.3623741560142	25.160988816004544	24.895330319157306	0.0
46.0	24.68240962589072	25.27799608715282	25.154256475427655	24.885278091638977	5.971988982874724E-5
47.0	24.55570447762657	25.439701262870052	25.135928824506635	24.868665434996743	0.0
48.0	24.557044025157232	25.378553459119495	25.223962264150945	24.840440251572325	0.0
49.0	24.590697821685957	25.324168876040098	25.208180809564396	24.876952492709552	0.0
50.0	24.52237189139071	25.469093401575567	25.04335431919273	24.965180387841	0.0
51.0	24.500286253414206	25.519184444210648	25.131000219984724	24.84952908239043	0.0
52.0	24.64494387555887	25.340739203388218	25.06031046964426	24.95400645140865	0.0
53.0	24.675692841316426	25.4644559934109	24.87768697145111	24.98216419382156	0.0
54.0	24.719768202635763	25.294625665950086	25.043462005794936	24.94214412561922	0.0
55.0	24.855597981073725	25.23179206726872	24.98830424706371	24.924305704593845	0.0
56.0	24.76651321615778	25.325317738293744	24.951371879462897	24.956797166085575	0.0
57.0	24.694042598843012	25.294321529663222	25.190671497066276	24.82096437442749	0.0
58.0	24.75736694247338	25.31999555976808	25.157500149430884	24.765137348327652	0.0
59.0	24.628859726218284	25.498906252486798	25.08934776573113	24.78288625556379	0.0
60.0	24.58366005408297	25.445011981796462	25.15481067295925	24.81651729116132	0.0
61.0	24.65717129279661	25.31937200618421	25.0698952710531	24.95356142996608	0.0
62.0	24.571211762850837	25.403658152002524	24.959791863765375	25.065338221381268	0.0
63.0	24.68222541029351	25.29365925388892	25.005811232728863	25.018304103088706	0.0
64.0	24.88630807236655	25.185545012841942	24.8711811070595	25.056965807732013	0.0
65.0	24.854449681175492	25.21253118935403	24.68034377599113	25.252675353479347	0.0
66.0	24.872880915926604	25.264362696966796	24.739964024751156	25.122792362355444	0.0
67.0	24.878845172713902	25.090963656552923	24.943669157588307	25.08652201314486	0.0
68.0	24.72774687804335	25.34882528919276	24.945149325102296	24.978278507661592	0.0
69.0	24.636869831650625	25.35406088555348	24.990898093884695	25.018171188911204	0.0
70.0	24.580321705753217	25.505776612269216	24.83453617081471	25.07936551116286	0.0
71.0	24.272541870620813	25.539482068829468	24.986836708481704	25.20113935206802	0.0
72.0	24.453595138248264	25.51439228846077	25.098154560566154	24.933858012724812	0.0
73.0	23.571140923698902	25.557985834195335	25.319362301903777	25.551510940201982	0.0
74.0	20.544662861362166	27.264632747094442	25.025427010905567	27.165277380637832	0.0
75.0	17.968853073265468	28.664988468987644	24.75341576555895	28.612742692187936	0.0
