# Position (bp)	A	C	G	T	N
0.0	26.313124885881383	23.855908992823668	23.781489822002623	26.04947629929233	0.0
1.0	26.29680246551543	23.807771685303734	23.64095101613983	26.254474833041	0.0
2.0	26.19550844034768	23.821090080170855	23.77378429669302	26.209617182788442	0.0
3.0	26.162115210126807	23.853652599198885	23.69569787770819	26.288534312966117	0.0
4.0	26.219178233761347	23.691751910022848	23.742372356257295	26.34669749995851	0.0
5.0	26.136190763324365	23.771564182919036	23.82937292725226	26.262872126504337	0.0
6.0	26.152590892118766	23.740786325731907	23.932734991909946	26.17388779023938	0.0
7.0	26.280388306551984	23.79124374256714	23.677849379096717	26.250518571784166	0.0
8.0	26.19937220847104	23.75651644841462	23.781406861457196	26.262704481657153	0.0
9.0	26.288294865625744	23.62735825576186	23.801582955846484	26.282763922765913	0.0
10.0	26.270947403351585	23.76113046844754	23.682594989215197	26.285327138985675	0.0
11.0	26.236380731154252	23.72379846247442	23.666556053315635	26.373264753055693	0.0
12.0	26.096454842099444	23.764448868978487	23.655218184834908	26.48387810408716	0.0
13.0	26.246612466124663	23.816990210718433	23.759747801559648	26.176649521597255	0.0
14.0	26.296111940711242	23.7616835352027	23.768596869642167	26.17360765444389	0.0
15.0	26.24329406559372	23.772744870305846	23.76638460262154	26.217576461478902	0.0
16.0	26.302472208395557	23.78021127150047	23.887782755378577	26.029533764725404	0.0
17.0	26.25463193407444	23.801780874951607	23.74730379956861	26.196283391405345	0.0
18.0	26.231679663735413	23.803993141972235	23.71965046181074	26.244676732481608	0.0
19.0	26.163928986228633	23.795144073889716	23.754493667385653	26.28643327249599	0.0
20.0	26.26679940268791	23.746750732813453	23.732094463801783	26.254355400696866	0.0
21.0	26.324318345224267	23.69503899120624	23.717161661412533	26.263481002156958	0.0
22.0	26.24854819976771	23.675681654775733	23.758365134671756	26.3174050107848	0.0
23.0	26.241009233423945	23.7201379344673	23.83213364268115	26.20671918942761	0.0
24.0	26.263888812074487	23.83317386663422	23.71232944898264	26.190607872308654	0.0
25.0	26.32030130910177	23.852531096006327	23.778420560695977	26.04874703419593	0.0
26.0	26.300114484185144	23.814646232806634	23.629369894530754	26.25586938847747	0.0
27.0	26.18922521306779	23.817411551288362	23.783951197659434	26.209412037984414	0.0
28.0	26.1471923721455	23.8395340991422	23.705139620930144	26.30813390778216	0.0
29.0	26.20637018765451	23.68522932786169	23.75353269436041	26.354867790123386	0.0
30.0	26.13447190712954	23.76874194600992	23.823495251948167	26.273290894912364	0.0
31.0	26.16101896455415	23.732239742051092	23.921387526201393	26.18535376719337	0.0
32.0	26.271078640126984	23.7781440288478	23.694078347003224	26.25669898402199	0.0
33.0	26.209135506136246	23.76238171350194	23.77786749699963	26.250615283362183	0.0
34.0	26.281863382205728	23.642366891394882	23.793906344193662	26.281863382205728	0.0
35.0	26.26222962098545	23.77150726449165	23.685505859709863	26.280757254813036	0.0
36.0	26.23595909540902	23.725879509543113	23.663106780007855	26.375054615040018	0.0
37.0	26.100458489804275	23.760722522412905	23.65591695195536	26.482902035827465	0.0
38.0	26.254486729236604	23.81990033792192	23.752979630664065	26.172633302177413	0.0
39.0	26.28545829623198	23.777590965151457	23.770401137098958	26.16654960151761	0.0
40.0	26.237065222801707	23.77150726449165	23.772060328187997	26.219367184518642	0.0
41.0	26.303985930059564	23.77980321993684	23.886821045179772	26.029389804823822	0.0
42.0	26.251444878906703	23.792247153104622	23.750490844030505	26.205817123958163	0.0
43.0	26.243701987157863	23.80303189518337	23.712605980830812	26.24066013682796	0.0
44.0	26.166826133365777	23.787546111685685	23.76404090459098	26.28158685035756	0.0
45.0	26.26748372610074	23.745513270763393	23.736940783470033	26.250062219665836	0.0
46.0	26.32997992378782	23.691589560369668	23.718966213338792	26.259464302503723	0.0
47.0	26.250338751514015	23.67720990426467	23.757957203931177	26.314494140290133	0.0
48.0	26.238098793494885	23.72387818252711	23.82232324824472	26.21569977573329	0.0
49.0	26.257936420149104	23.833318585049664	23.716622790522752	26.19212220427848	0.0
50.0	26.313795544543506	23.857929783421454	23.780777824480676	26.047496847554363	0.0
51.0	26.29194964935956	23.8100900382718	23.637258589031703	26.26070172333695	0.0
52.0	26.18963343140942	23.8170032962414	23.77580027874256	26.21756299360662	0.0
53.0	26.14234674689733	23.83027675154304	23.716622790522752	26.310753711036877	0.0
54.0	26.19627015906024	23.677355485255404	23.75893192929673	26.367442426387626	0.0
55.0	26.13571001924651	23.757549277702807	23.83884919142535	26.267891511625336	0.0
56.0	26.156726323474107	23.723812578811142	23.927338893436275	26.19212220427848	0.0
57.0	26.2667853903502	23.778012521292837	23.69643607725151	26.258766011105454	0.0
58.0	26.210373205318234	23.749253368139282	23.78575537021879	26.254618056323697	0.0
59.0	26.283100679158462	23.640023892219542	23.793498219144745	26.283377209477248	0.0
60.0	26.2667853903502	23.766674778222686	23.692011592150962	26.274528239276158	0.0
61.0	26.24604561644139	23.72242992721722	23.649149392739417	26.382375063601977	0.0
62.0	26.113864124062562	23.749529898458064	23.65246775656483	26.484138220914545	0.0
63.0	26.259319071743025	23.81617370528505	23.750359489414418	26.174147733557508	0.0
64.0	26.297756786054023	23.765292126628765	23.768610490454172	26.16834059686304	0.0
65.0	26.23498440369002	23.763909475034843	23.772205384598365	26.22890073667677	0.0
66.0	26.301628210517002	23.780501294161894	23.8902838307192	26.02758666460191	0.0
67.0	26.25517111696126	23.792392097869612	23.755337035152536	26.19709975001659	0.0
68.0	26.244939495166246	23.819492069110456	23.706667699046523	26.22890073667677	0.0
69.0	26.1724885516448	23.78962679468177	23.766674778222686	26.271209875450747	0.0
70.0	26.27148640576953	23.7384686857067	23.73570338251886	26.25434152600491	0.0
71.0	26.33951286419043	23.690628940557044	23.71634626020397	26.253511935048557	0.0
72.0	26.250746631860718	23.67514324270513	23.762526823440922	26.31158330199323	0.0
73.0	26.242654683719323	23.718492913930174	23.82799861735223	26.21085378499827	0.0
74.0	26.25419632437933	23.8412061079679	23.711237576944136	26.193359990708633	0.0
75.0	26.327199924784168	23.856415191385576	23.763501518143055	26.0528833656872	0.0
76.0	26.302035804947653	23.803874721397243	23.629108526488693	26.26498094716641	0.0
77.0	26.182851896710968	23.820189919972567	23.775668784877194	26.221289398439275	0.0
78.0	26.140542991930886	23.832080657917295	23.716215095153554	26.311161254998254	0.0
79.0	26.191147760393335	23.67390619037348	23.768202507563064	26.366743541670125	0.0
80.0	26.13197059945911	23.76543721966894	23.841759165546726	26.260833015325225	0.0
81.0	26.154645960190916	23.727276246730046	23.938820770630432	26.17925702244861	0.0
82.0	26.26415136079817	23.769861680299538	23.705153943577066	26.260833015325225	0.0
83.0	26.19833750891805	23.751887308987737	23.78590035008545	26.26387483200876	0.0
84.0	26.27936044421585	23.636298275013413	23.800279847134888	26.28406143363586	0.0
85.0	26.26415136079817	23.76405457572188	23.703771299630006	26.268022763849945	0.0
86.0	26.241752528855777	23.72285178609945	23.651507358431086	26.383888326613686	0.0
87.0	26.11261358420025	23.746356733199494	23.656208347851095	26.48482133474916	0.0
88.0	26.26995846537583	23.813276700237264	23.74220880135831	26.1745560330286	0.0
89.0	26.302865391315887	23.767372921194827	23.768755565141888	26.161006122347395	0.0
90.0	26.22433121512281	23.76543721966894	23.77373308335131	26.236498481856945	0.0
91.0	26.302865391315887	23.782028947033677	23.889045588536224	26.02606007311421	0.0
92.0	26.253366738011096	23.78590035008545	23.760459701459517	26.200273210443942	0.0
93.0	26.23566889548871	23.8276561972867	23.7104079905759	26.226266916648694	0.0
94.0	26.174002975449774	23.789218695558397	23.77428614093013	26.2624921880617	0.0
95.0	26.27521251237466	23.737231283148887	23.733359880097115	26.25419632437933	0.0
96.0	26.342685536991254	23.690221388948803	23.716215095153554	26.250877978906384	0.0
97.0	26.26276871685111	23.66643991305935	23.75465259688186	26.31613877320768	0.0
98.0	26.244168715278448	23.715043401073483	23.821230162570824	26.21955772107724	0.0
99.0	26.262346942161557	23.82171734489586	23.714424767993627	26.201510944948954	0.0
100.0	26.32567168471468	23.856006725142965	23.766135365624343	26.052186224518014	0.0
101.0	26.297465904188833	23.810656254493566	23.626212572035353	26.265665269282245	0.0
102.0	26.182430564005	23.817569435995	23.776366874246463	26.223633125753537	0.0
103.0	26.145928965677435	23.830289689957638	23.724932803875806	26.29884854048912	0.0
104.0	26.191002909066775	23.677093587885896	23.76973022000509	26.362173283042246	0.0
105.0	26.126295530213365	23.766411892884403	23.85047617994182	26.256816396960414	0.0
106.0	26.15892574690013	23.729357240036723	23.93426393973918	26.17745307332397	0.0
107.0	26.270919287223332	23.76558231110423	23.70806464101231	26.255433760660125	0.0
108.0	26.19763956330815	23.76530578384417	23.78410963752807	26.25294501531961	0.0
109.0	26.28059774132534	23.6336788080569	23.80014821861139	26.28557523200637	0.0
110.0	26.263453051201786	23.760051765903086	23.70529936841174	26.271195814483388	0.0
111.0	26.260687778601216	23.710829913612884	23.654694879821253	26.37378742796465	0.0
112.0	26.119382348711934	23.749820257280962	23.66105500680257	26.46974238720453	0.0
113.0	26.267877487362707	23.81148583627374	23.74816109372062	26.172475582642935	0.0
114.0	26.295806740628493	23.771112856305372	23.768900638224917	26.164179764841215	0.0
115.0	26.23469421615583	23.767794529184687	23.775537292466293	26.221973962193196	0.0
116.0	26.31820544869313	23.767794529184687	23.893061377990644	26.020938644131537	0.0
117.0	26.257645978740584	23.79240545532979	23.756733438782398	26.193215127147234	0.0
118.0	26.238565597796633	23.813698054354198	23.71414824073357	26.2335881071156	0.0
119.0	26.16528587388145	23.78189741944761	23.786045328348468	26.266771378322474	0.0
120.0	26.279215105025056	23.73156945811718	23.734334730717755	26.25488070614001	0.0
121.0	26.347793865519265	23.682900660347098	23.717743095114315	26.251562379019322	0.0
122.0	26.259581669560983	23.666309024743658	23.761434402203367	26.312674903491985	0.0
123.0	26.241403435031124	23.713107704900352	23.82178321862029	26.22370564144823	0.0
124.0	26.261109544114635	23.82627355333964	23.713726336048847	26.19889056649688	0.0
125.0	26.32802951115241	23.855032547438515	23.77373308335131	26.043204858057774	0.0
126.0	26.299547045842942	23.814935872973734	23.624131008279274	26.261386072904052	0.0
127.0	26.19197734676157	23.817424632078446	23.77428614093013	26.216311880229853	0.0
128.0	26.140819520720303	23.8276561972867	23.727276246730046	26.30424803526295	0.0
129.0	26.19833750891805	23.67252354642642	23.76543721966894	26.363701724986587	0.0
130.0	26.138883819194415	23.7554821832501	23.85088461559733	26.254749381958153	0.0
131.0	26.165983640556817	23.725617073993575	23.932184079684536	26.176215205765075	0.0
132.0	26.271894166901717	23.765160690879526	23.71427939362767	26.248665748591087	0.0
133.0	26.206909901389835	23.758523999933633	23.786729936453685	26.24783616222285	0.0
134.0	26.275765569953485	23.63851050532871	23.803874721397243	26.281849203320558	0.0
135.0	26.27355333963819	23.759077057512457	23.697964195052347	26.26940540779701	0.0
136.0	26.254749381958153	23.708748817839425	23.663674625165225	26.372827175037195	0.0
137.0	26.121185976672027	23.7510577226195	23.65814404937698	26.469612251331487	0.0
138.0	26.26857582142877	23.80193901987136	23.757417884775982	26.172067273923886	0.0
139.0	26.296577946768064	23.76494987901832	23.773245765641203	26.165226408572416	0.0
140.0	26.23546491531282	23.765502938126513	23.773798824749395	26.22523332181127	0.0
141.0	26.314828897338405	23.77131005876253	23.897407535430347	26.016453508468718	0.0
142.0	26.26118216384376	23.78264777048047	23.761354994815072	26.1948150708607	0.0
143.0	26.239612858624266	23.820532319391635	23.717939854821985	26.221914967162114	0.0
144.0	26.1735222951953	23.77767023850674	23.78900795022468	26.25979951607328	0.0
145.0	26.28330452817145	23.74255098513654	23.736743864500518	26.237400622191497	0.0
146.0	26.346629796059457	23.68365019011407	23.719322502592465	26.250397511234013	0.0
147.0	26.267891511625336	23.67237793951729	23.76307988407849	26.296650664778888	0.0
148.0	26.249436567917417	23.714476125688908	23.822876310411672	26.213210995982006	0.0
149.0	26.268313321645252	23.818794210529227	23.713435576375332	26.19945689145019	0.0
150.0	26.329426860091477	23.84423514056114	23.77593177406242	26.050406225284966	0.0
151.0	26.298178761247932	23.808839063995	23.629922958227098	26.263059216529967	0.0
152.0	26.19862729590567	23.802478831487022	23.784227729507606	26.214666143099702	0.0
153.0	26.142767862574733	23.82266565640365	23.732792805747437	26.30177367527418	0.0
154.0	26.19033134046048	23.67112620360487	23.779250156240494	26.359292299694154	0.0
155.0	26.1369606937631	23.74827858924512	23.85833826481796	26.256422452173815	0.0
156.0	26.165720005973085	23.72560297769494	23.942127414814365	26.16654960151761	0.0
157.0	26.28296950959842	23.7648705001355	23.704310025385624	26.247849964880455	0.0
158.0	26.21107122907345	23.75546841729762	23.784780793203954	26.248679560424975	0.0
159.0	26.283246041446596	23.62909336268258	23.808839063995	26.278821531875824	0.0
160.0	26.28379910514294	23.75933986317204	23.6973967291813	26.259464302503723	0.0
161.0	26.26250615283362	23.705139620930144	23.65978839782978	26.372565828406458	0.0
162.0	26.124793292443492	23.74883165294147	23.66559556664141	26.460779487973628	0.0
163.0	26.279098063724	23.798607385612602	23.757957203931177	26.164337346732225	0.0
164.0	26.301846408256157	23.760235163333988	23.77240259830043	26.165515830109427	0.0
165.0	26.235478581166472	23.767425011268703	23.780975109299515	26.21612129826531	0.0
166.0	26.323969017286053	23.76770154388158	23.89628920886785	26.012040229964523	0.0
167.0	26.26893902732419	23.78208123975101	23.758299435043874	26.19068029788093	0.0
168.0	26.239626570359576	23.811393696715623	23.723179793208914	26.225799939715888	0.0
169.0	26.179618993365985	23.774891391816293	23.787888424621357	26.257601190196368	0.0
170.0	26.292720832031325	23.732858434659494	23.736729891239726	26.237690842069462	0.0
171.0	26.345815093703074	23.685847890470964	23.72760431501489	26.24073270081107	0.0
172.0	26.270117803218852	23.669597920469002	23.75698246778386	26.30330180852829	0.0
173.0	26.24364317140416	23.720545657169563	23.821757153246924	26.214054018179354	0.0
174.0	26.268880420775513	23.8182280749299	23.72144085747944	26.191450646815145	0.0
175.0	26.327927967789034	23.841588867749213	23.78323967966019	26.04724348480156	0.0
176.0	26.29750895978054	23.805086058139022	23.630315030308395	26.267089951772043	0.0
177.0	26.18191672934826	23.8056391310119	23.79485420999071	26.217589929649133	0.0
178.0	26.145413919738065	23.819189416397503	23.73484580328304	26.30055086058139	0.0
179.0	26.19491394186098	23.66405247555418	23.78572850758816	26.355305074996682	0.0
180.0	26.135735144462636	23.756139108888988	23.860669881863632	26.247455864784747	0.0
181.0	26.176109464183	23.723784345825404	23.9328458917747	26.167260298216892	0.0
182.0	26.28146984646697	23.7542033538339	23.707745232511837	26.256581567187293	0.0
183.0	26.20763461793726	23.755586036016105	23.78545197115172	26.251327374894917	0.0
184.0	26.27676872704748	23.624231228706694	23.815317906287333	26.283682137958497	0.0
185.0	26.2775983363568	23.756692181761867	23.701661430910136	26.264048050971194	0.0
186.0	26.251327374894917	23.713275961240655	23.666264767045707	26.369131896818725	0.0
187.0	26.12771558780585	23.74756647935932	23.660457501880447	26.464260430954383	0.0
188.0	26.273450289810185	23.794301137117827	23.7542033538339	26.17804521923809	0.0
189.0	26.30159867040178	23.753570806359285	23.780948140691844	26.163882382547087	0.0
190.0	26.240760149662762	23.760760813355713	23.777076598462997	26.221402438518528	0.0
191.0	26.32095638154602	23.76020773589445	23.890457478022086	26.02837840453745	0.0
192.0	26.268690561456587	23.778735830846788	23.75578311620434	26.196790491492283	0.0
193.0	26.2462909242754	23.804177394064926	23.710154225650072	26.2393774560096	0.0
194.0	26.191812794340912	23.775417366079207	23.780118524499947	26.252651315079934	0.0
195.0	26.289984043715243	23.726193472026726	23.74582772190159	26.237994762356443	0.0
196.0	26.345291789841625	23.680841120203088	23.729235398063675	26.244631691891605	0.0
197.0	26.26489165182571	23.665420395340863	23.75833766578543	26.311350287047997	0.0
198.0	26.23841641985448	23.731855502183286	23.823390328280944	26.206337749681285	0.0
199.0	26.263173759502667	23.832647970598078	23.72175471296345	26.18242355693581	0.0
200.0	26.33321165460941	23.84681754828433	23.77685228202916	26.0431185150771	0.0
201.0	26.305833941726952	23.80367690980288	23.630837813322714	26.259651335147456	0.0
202.0	26.192174951881597	23.80561270768346	23.788467069312627	26.213745271122317	0.0
203.0	26.16562686666224	23.817504037521296	23.727351164797238	26.289517931019223	0.0
204.0	26.20296011150196	23.657662441096434	23.79095595230194	26.348421495099668	0.0
205.0	26.146545430410832	23.75611159045154	23.854284197252273	26.24305878188536	0.0
206.0	26.180560164598127	23.733158558438973	23.927567974159864	26.158713302803033	0.0
207.0	26.287029048029908	23.76191898409327	23.70356850512157	26.24748346275525	0.0
208.0	26.210644211224952	23.749671602992215	23.791429875140004	26.248254310642828	0.0
209.0	26.277568064600874	23.626056055640824	23.81106455939492	26.28531132036338	0.0
210.0	26.26512354641114	23.76488156966856	23.709849144785057	26.260145739135243	0.0
211.0	26.2463184967022	23.71455040721229	23.668920507183252	26.370210588902253	0.0
212.0	26.13542401238921	23.746906154505606	23.663666155058696	26.45400367804649	0.0
213.0	26.273419891870965	23.796684227264556	23.763222300576594	26.166673580287885	0.0
214.0	26.308410051907753	23.764183372372464	23.77662795939193	26.15077861632785	0.0
215.0	26.24093273562443	23.764459918750674	23.776351413013717	26.21825593261118	0.0
216.0	26.3095162374206	23.756163527404365	23.918496251413842	26.015823983761198	0.0
217.0	26.25724897193884	23.78464780436003	23.759205537564675	26.19889768613645	0.0
218.0	26.23650799357306	23.810366617533592	23.716617395320284	26.23650799357306	0.0
219.0	26.176220883123204	23.781605794199717	23.78298852609077	26.25918479658631	0.0
220.0	26.276330672035353	23.72961507509617	23.750079507083736	26.243974745784744	0.0
221.0	26.33302267956848	23.685644200960724	23.726296518557643	26.255036600913158	0.0
222.0	26.26478835847147	23.65971427149186	23.771992411546396	26.303504958490276	0.0
223.0	26.237206202416473	23.73029941841975	23.82653809032608	26.205956288837694	0.0
224.0	26.25975182453491	23.81367205108421	23.72738862662784	26.199187497753034	0.0
225.0	26.323430992428055	23.84277567906902	23.780828433785587	26.05296489471734	0.0
226.0	26.308773831713673	23.78829528924386	23.63287407563095	26.270056803411524	0.0
227.0	26.188751043977014	23.80129314874529	23.788571839446014	26.22138396783168	0.0
228.0	26.14948091527055	23.810142755214354	23.73823970265322	26.302136626861873	0.0
229.0	26.202578554084923	23.659975995442455	23.79050769086112	26.3469377596115	0.0
230.0	26.143396810823067	23.75510926498487	23.86019834180499	26.24129558238707	0.0
231.0	26.169128912537264	23.734907105759497	23.935408220269142	26.160555761434097	0.0
232.0	26.275325364912028	23.765051411251292	23.708357992665807	26.251265231170873	0.0
233.0	26.211237496301088	23.751289433147214	23.79387875318383	26.24359431736787	0.0
234.0	26.27982289480161	23.622968364984942	23.81130165683517	26.285907083378273	0.0
235.0	26.27788701661813	23.760692270038415	23.690170993354407	26.271249719989047	0.0
236.0	26.24829573581347	23.711742207398924	23.671918427624426	26.368043629163175	0.0
237.0	26.12799473441134	23.745481798596764	23.67025910346716	26.456264363524735	0.0
238.0	26.269866949857988	23.794984969288677	23.76179848614326	26.17334959471008	0.0
239.0	26.305134807005704	23.7622064708469	23.774928026416585	26.157730695730812	0.0
240.0	26.238816289843047	23.75993915508539	23.774320680356773	26.226923874714792	0.0
241.0	26.322471083477616	23.7605031557869	23.90460175130961	26.01242400942587	0.0
242.0	26.251867013331857	23.781324334790067	23.76445206616142	26.202356585716657	0.0
243.0	26.243012162502318	23.808575435451882	23.717847649237527	26.23056475280827	0.0
244.0	26.17987878251392	23.774062998791145	23.789554051325176	26.25650416736976	0.0
245.0	26.28220023901208	23.721672641968752	23.75901827999823	26.237108839020934	0.0
246.0	26.326112817107923	23.684953108141755	23.727833568484243	26.261100506266082	0.0
247.0	26.269120849022414	23.657978536509788	23.771686895319142	26.301213719148652	0.0
248.0	26.24286540339694	23.734309420849208	23.820076747924293	26.202748427829558	0.0
249.0	26.264590901419595	23.817441850813825	23.72752399423419	26.190443253532386	0.0
