# Position (bp)	A	C	G	T	N
0.0	26.380080856337017	23.67038426385408	23.816452750629413	26.133082129179492	0.0
1.0	26.262889632782144	23.70290623019945	23.861871358801398	26.17233277821701	0.0
2.0	26.237357314256236	23.79095557399475	23.789273620237267	26.182413491511742	0.0
3.0	26.029981443796007	23.714099911984167	23.786138347432683	26.469780296787143	0.0
4.0	26.283438347870934	23.79223938829966	23.677041056573312	26.247281207256094	0.0
5.0	26.22077852920816	23.777960263564285	23.77655892220033	26.22470228502723	0.0
6.0	26.231299990471335	23.68798659260463	23.826152268103066	26.254561148820965	0.0
7.0	26.194619831908284	23.68249217412262	23.699026704668064	26.423861289301037	0.0
8.0	26.219153360273058	23.799902478940496	23.67295696182667	26.307987198959776	0.0
9.0	26.104147576493798	23.869931821811978	23.731501797628756	26.294418804065472	0.0
10.0	26.179427687548333	23.777699317394667	23.80095721667395	26.241915778383046	0.0
11.0	26.171301433583288	23.833742448188126	23.809643901946938	26.18531221628165	0.0
12.0	26.12450541937075	23.83766546734367	23.804039588867592	26.233789524417993	0.0
13.0	26.292074380443186	23.80039678536602	23.796473766210475	26.111055067980317	0.0
14.0	26.18895501978323	23.65720658618873	23.826456841184974	26.327381552843065	0.0
15.0	26.285068989094007	23.69139289597274	23.77545759216293	26.248080522770323	0.0
16.0	26.420973581268143	23.567817792573166	23.72221661790914	26.28899200824955	0.0
17.0	26.378026670851206	23.768105383207843	23.64032740305266	26.213540542888286	0.0
18.0	26.26538029360914	23.772028391370505	23.70113402957388	26.261457285446483	0.0
19.0	26.226150211982546	23.75297378029473	23.72607315289364	26.29480285482908	0.0
20.0	26.337115300012048	23.862257579111663	23.53188424884201	26.268742872034277	0.0
21.0	26.26650115308419	23.74877055726331	23.75885829253872	26.225869997113787	0.0
22.0	26.249688260958504	23.763621945307662	23.65517879109701	26.33151100263682	0.0
23.0	26.140684677010334	23.92754764353306	23.7386828219879	26.19308485746871	0.0
24.0	26.258935351627628	23.78211612664591	23.73672131790657	26.222227203819887	0.0
25.0	26.39876257113955	23.654618361359493	23.821906638010027	26.12471242949093	0.0
26.0	26.281352541128538	23.682920063104387	23.857213711473957	26.178513684293115	0.0
27.0	26.220826129476084	23.791083002446275	23.79612687008398	26.19196399799366	0.0
28.0	26.028038299768262	23.719628210912127	23.77314925084555	26.479184238474062	0.0
29.0	26.2908061759184	23.798301902653627	23.677529632639335	26.233362288788637	0.0
30.0	26.218230728276403	23.77504413371816	23.77728584638664	26.229439291618796	0.0
31.0	26.226076722616078	23.697144618488526	23.829966094095887	26.246812564799505	0.0
32.0	26.1910499621711	23.685655841062573	23.69826547482276	26.425028721943566	0.0
33.0	26.212346232521643	23.79213719281531	23.68257348614341	26.31294308851963	0.0
34.0	26.076722616078683	23.87760248830106	23.7405778014403	26.305097094179953	0.0
35.0	26.179280970661583	23.796340404068708	23.79073612239751	26.233642502872197	0.0
36.0	26.169753691820553	23.84565808277524	23.80951046599602	26.17507775940819	0.0
37.0	26.125199652534537	23.835009947599968	23.806428111076862	26.233362288788637	0.0
38.0	26.289405105500602	23.798301902653627	23.804186398408383	26.108106593437384	0.0
39.0	26.193571888923138	23.65231036511895	23.821839885672656	26.33227786028526	0.0
40.0	26.299212598425196	23.68901841006529	23.766637711211366	26.245131280298146	0.0
41.0	26.43203407403256	23.559839717544204	23.715358533919915	26.29276767450332	0.0
42.0	26.384603960534758	23.766851327230288	23.637392783386716	26.211151928848242	0.0
43.0	26.261870535851887	23.77301601979427	23.71837442661354	26.246739017740307	0.0
44.0	26.238052405491057	23.74667596974817	23.73210487823331	26.28316674652746	0.0
45.0	26.329121727458944	23.85904150239162	23.541840048645028	26.269996721504405	0.0
46.0	26.263271602343703	23.754802155400693	23.758164714981046	26.223761527274565	0.0
47.0	26.267755015117505	23.757043861787594	23.656167074377016	26.31903404871788	0.0
48.0	26.13577455158867	23.942545065303708	23.731544451636584	26.190135931471037	0.0
49.0	26.26383202894043	23.77862028576152	23.73602786441039	26.22151982088766	0.0
50.0	26.393290572784	23.656167074377016	23.82793782627336	26.122604526565624	0.0
51.0	26.279523973648743	23.676622645157494	23.867167688044137	26.176685693149626	0.0
52.0	26.225162593766377	23.79263095067966	23.802998842719077	26.179207612834887	0.0
53.0	26.030974778001013	23.72145677289553	23.77525772618117	26.472310722922288	0.0
54.0	26.291499473200474	23.794525768342712	23.680199062969358	26.23377569548746	0.0
55.0	26.213320182026052	23.773229617341794	23.788080880539802	26.225369320092355	0.0
56.0	26.237978883185008	23.698973301351746	23.8273106323836	26.23573718307965	0.0
57.0	26.18277701809052	23.687484588311776	23.703736914075634	26.42600147952207	0.0
58.0	26.220325494855295	23.7992893810666	23.674034387679615	26.306350736398485	0.0
59.0	26.085823488533705	23.881391647425406	23.738203053195544	26.294581810845347	0.0
60.0	26.185859355735392	23.786960030487123	23.79228406823735	26.23489654554014	0.0
61.0	26.17493106772176	23.84804635835818	23.811898944159253	26.16512362976081	0.0
62.0	26.13542110336479	23.837118070344548	23.795926830908563	26.2315339953821	0.0
63.0	26.284213947858053	23.79956959357977	23.79956959357977	26.1166468649824	0.0
64.0	26.186419780761728	23.647694411441638	23.83795870788406	26.327927099912575	0.0
65.0	26.303828823779956	23.688885650877626	23.771828554775944	26.235456970566478	0.0
66.0	26.43496827994351	23.56503172005649	23.720549664865835	26.279450335134165	0.0
67.0	26.384175883297416	23.771201519868413	23.654073017572077	26.19054957926209	0.0
68.0	26.270409921736864	23.760833685933093	23.71207684526428	26.256679547065765	0.0
69.0	26.23426260882723	23.74682309953401	23.731691666223	26.28722262541576	0.0
70.0	26.338221159908425	23.853863979623004	23.53666430354776	26.271250556920812	0.0
71.0	26.2698494982809	23.75214712236566	23.757751356925294	26.22025202242815	0.0
72.0	26.252476371146038	23.7591524155652	23.65771577003584	26.33065544325292	0.0
73.0	26.13198532811392	23.943251520849156	23.742339711886302	26.18242343915062	0.0
74.0	26.25808060570567	23.773723425420247	23.74205950015832	26.22613646871576	0.0
75.0	26.399027104880446	23.653792805844095	23.82163963090511	26.125540458370345	0.0
76.0	26.262283781625396	23.686297366289967	23.876280917861536	26.1751379342231	0.0
77.0	26.231460491547416	23.782970412443643	23.80931031487392	26.176258781135026	0.0
78.0	26.034751858504286	23.714598750816116	23.779888083435843	26.47076130724375	0.0
79.0	26.289951075169387	23.792991363898743	23.6867914165784	26.23026614435347	0.0
80.0	26.214013909671202	23.78206313712963	23.78850798881398	26.215414964385193	0.0
81.0	26.242875636779367	23.70416449503186	23.822413512892506	26.23054635529627	0.0
82.0	26.194118932732565	23.68454972903602	23.6988404871187	26.422490851112716	0.0
83.0	26.23138698812466	23.798315371811903	23.673621502266904	26.29667613779653	0.0
84.0	26.092122149554186	23.871730638824907	23.73134495648324	26.304802255137666	0.0
85.0	26.18711365916262	23.782903769958025	23.787947566928384	26.242035003950974	0.0
86.0	26.18122922936387	23.839506380403165	23.812606129894583	26.166658260338384	0.0
87.0	26.133032947202654	23.839786591345966	23.79663410615511	26.23054635529627	0.0
88.0	26.281264535942654	23.796353895212317	23.801397692182675	26.12098387666235	0.0
89.0	26.19187724519018	23.653726525328267	23.838665747574776	26.31573048190678	0.0
90.0	26.306203309851657	23.6867914165784	23.770294277532127	26.236710996037814	0.0
91.0	26.4247325386551	23.575827883230495	23.7237792610277	26.275660317086704	0.0
92.0	26.39523642732049	23.759019264448337	23.65478108581436	26.190963222416812	0.0
93.0	26.26858143607706	23.757338003502625	23.71894921190893	26.255131348511384	0.0
94.0	26.235516637478106	23.753134851138356	23.736602451838877	26.274746059544658	0.0
95.0	26.34704028021016	23.83943957968476	23.541015761821367	26.272504378283713	0.0
96.0	26.272504378283713	23.754255691768826	23.751733800350262	26.2215061295972	0.0
97.0	26.262697022767075	23.758739054290718	23.656462346760073	26.32210157618214	0.0
98.0	26.134360770577935	23.943397548161123	23.751453590192646	26.170788091068303	0.0
99.0	26.264658493870403	23.77443082311734	23.737162872154116	26.223747810858143	0.0
100.0	26.394395796847636	23.64749562171629	23.83243432574431	26.125674255691766	0.0
101.0	26.281751313485113	23.681401050788093	23.865499124343255	26.171348511383535	0.0
102.0	26.223467600700523	23.782556917688265	23.81338003502627	26.180595446584938	0.0
103.0	26.035446584938704	23.719789842381786	23.792644483362523	26.452119089316987	0.0
104.0	26.306336094329687	23.79033613916318	23.685257624497027	26.21807014201011	0.0
105.0	26.205180510877728	23.778847554893016	23.79089655790807	26.22507537632119	0.0
106.0	26.23152019188738	23.707113955547584	23.827603985698115	26.23376186686692	0.0
107.0	26.207982604602158	23.680774274537935	23.694224324415202	26.4170187964447	0.0
108.0	26.222553491969197	23.796780954729375	23.682175321400152	26.29849023190128	0.0
109.0	26.092536343155604	23.875799997758325	23.732613008439905	26.299050650646162	0.0
110.0	26.19145025162802	23.778847554893016	23.793418442260055	26.23628375121891	0.0
111.0	26.174357479908988	23.841894663692713	23.82536231071857	26.158385545679728	0.0
112.0	26.14269382082292	23.839652988713166	23.7917371860254	26.225916004438517	0.0
113.0	26.285880810141336	23.79285802351517	23.810511213979087	26.110749952364408	0.0
114.0	26.195653392214663	23.65107208105897	23.840773826202938	26.312500700523433	0.0
115.0	26.29512771943196	23.683576368262365	23.782210067362332	26.239085844943343	0.0
116.0	26.44223763996458	23.557482150662974	23.72560777412883	26.274672435243613	0.0
117.0	26.403362521891417	23.755936952714535	23.6615061295972	26.179194395796845	0.0
118.0	26.29352014010508	23.763782837127845	23.716707530647984	26.22598949211909	0.0
119.0	26.23047285464098	23.762381786339752	23.727355516637477	26.279789842381785	0.0
120.0	26.34816112084063	23.833274956217164	23.542136602451837	26.27642732049037	0.0
121.0	26.26381786339755	23.744728546409807	23.760980735551666	26.23047285464098	0.0
122.0	26.258493870402805	23.751173380035027	23.664028021015763	26.32630472854641	0.0
123.0	26.133520140105077	23.934711033274954	23.7492119089317	26.182556917688267	0.0
124.0	26.26073555166375	23.759019264448337	23.745288966725045	26.234956217162875	0.0
125.0	26.40196147110333	23.649457092819613	23.835236427320492	26.113345008756568	0.0
126.0	26.27418563922942	23.681401050788093	23.875586690017514	26.168826619964975	0.0
127.0	26.218984238178635	23.77891418563923	23.81309982486865	26.189001751313484	0.0
128.0	26.038809106830126	23.708861646234674	23.791803852889668	26.460525394045536	0.0
129.0	26.3008793019385	23.787667355985587	23.67922572112286	26.232227620953054	0.0
130.0	26.197481464046135	23.776458918273676	23.79579347332672	26.23026614435347	0.0
131.0	26.24735901186413	23.68202783055084	23.83194068494763	26.238672472637404	0.0
132.0	26.19916272970292	23.683428885264828	23.701922807489478	26.415485577542775	0.0
133.0	26.23650430265108	23.803706080314285	23.66780339224318	26.29198622479145	0.0
134.0	26.08939314546071	23.87544028267759	23.73701568905465	26.298150882807047	0.0
135.0	26.20203826010934	23.772882790236302	23.794739305018872	26.230339644635485	0.0
136.0	26.170654546575395	23.837611699400068	23.840974240135846	26.150759513888694	0.0
137.0	26.145715702785022	23.829205347560617	23.800063327850523	26.225015621803838	0.0
138.0	26.288697348068773	23.77827344257885	23.816662556883138	26.11636665246923	0.0
139.0	26.20379295657827	23.643491223744086	23.84860678338452	26.304109036293127	0.0
140.0	26.297944361003385	23.679638637943015	23.7796745051447	26.2427424959089	0.0
141.0	26.43700384732859	23.558092419950068	23.73798935749893	26.266914375222417	0.0
142.0	26.39812816992182	23.751225936615576	23.661557429876424	26.18908846358618	0.0
143.0	26.288564463249926	23.755709361952533	23.719841959256872	26.235884215540672	0.0
144.0	26.219425055132273	23.751572705950924	23.735880673300287	26.293121565616516	0.0
145.0	26.343560241993565	23.839840389610753	23.538889620561047	26.27770974783464	0.0
146.0	26.265940723346663	23.74260583015056	23.76390216017642	26.227551286326356	0.0
147.0	26.25781449215258	23.74680905318198	23.665266526372424	26.330109928293016	0.0
148.0	26.13171780120997	23.94183860183989	23.752133135688446	26.174310461261697	0.0
149.0	26.269303301771796	23.750171631607117	23.750171631607117	26.23035343501397	0.0
150.0	26.391757199420518	23.644810840952843	23.83927995987323	26.12415199975341	0.0
151.0	26.274907599147024	23.68516178205448	23.88271326453124	26.157217354267253	0.0
152.0	26.213260328019526	23.770907531895457	23.82442857182888	26.19140356825614	0.0
153.0	26.038966679649956	23.71206240945557	23.798929018771595	26.450041892122876	0.0
154.0	26.302722575293945	23.785265140051784	23.694475268166382	26.217537016487892	0.0
155.0	26.199322998980012	23.768732416467714	23.802918726251722	26.22902585830055	0.0
156.0	26.25592656108141	23.67682168196644	23.841868702153178	26.22538305479897	0.0
157.0	26.213613997332345	23.684947935931493	23.69895871862986	26.4024793481063	0.0
158.0	26.23750584951817	23.79457893276767	23.6827725735358	26.28514264417836	0.0
159.0	26.086749405240607	23.870517587784807	23.733771965466126	26.30896104150846	0.0
160.0	26.207802906965338	23.773002266950993	23.79457893276767	26.224615893315995	0.0
161.0	26.189869054857972	23.838572913718554	23.828765338347342	26.14279269307613	0.0
162.0	26.15232005200817	23.828765338347342	23.80270520950382	26.216209400140666	0.0
163.0	26.300348029792698	23.769706276305392	23.814260814983776	26.115684878918138	0.0
164.0	26.20171156680659	23.639125049738556	23.84340340632058	26.315759977134274	0.0
165.0	26.305391939831757	23.669948944421716	23.77895344471034	26.245705671036184	0.0
166.0	26.4282011404873	23.55736763201771	23.748756532582348	26.265674694912644	0.0
167.0	26.395209379483504	23.751905487804876	23.664477223816355	26.188407908895268	0.0
168.0	26.289286675035868	23.762834020803446	23.70875179340029	26.2391275107604	0.0
169.0	26.227712035150745	23.75001050823425	23.737680846711484	26.28459660990352	0.0
170.0	26.339519647595854	23.84248296965502	23.544049116887994	26.27394826586113	0.0
171.0	26.274788924601317	23.74216435999249	23.760098413116516	26.222948302289673	0.0
172.0	26.252651577776348	23.747488532013687	23.673230343297007	26.32662954691296	0.0
173.0	26.125712108007836	23.94420267721787	23.76794456135828	26.162140653416017	0.0
174.0	26.2635801413988	23.755054460675385	23.75169182571463	26.229673572211187	0.0
175.0	26.401728394369826	23.64016443284958	23.83463682141326	26.123470351367335	0.0
176.0	26.28459660990352	23.680235832798584	23.876949978002763	26.158217579295133	0.0
177.0	26.222948302289673	23.775230270439916	23.82034562283005	26.181475804440357	0.0
178.0	26.048931943070592	23.714422621566257	23.801010471805707	26.43563496355744	0.0
179.0	26.30176370697917	23.79014857283768	23.6940329875414	26.21405473264175	0.0
180.0	26.21405473264175	23.758203451194017	23.803599150371852	26.224142665792378	0.0
181.0	26.24179654880598	23.678060426719572	23.83918713676435	26.240955887710093	0.0
182.0	26.207609664239957	23.686747258043724	23.706362683614394	26.399280394101922	0.0
183.0	26.23738654546168	23.78573169945721	23.693819162082715	26.283062592998398	0.0
184.0	26.09363309523876	23.861671631251383	23.73949520961943	26.30520006389042	0.0
185.0	26.209924872709543	23.772000863081143	23.78685258405934	26.231221680149975	0.0
186.0	26.18218297880687	23.8372923911551	23.835050621950842	26.145474008087184	0.0
187.0	26.150237767646228	23.830847304692863	23.79946253583328	26.21945239182763	0.0
188.0	26.301070447794654	23.768985036148628	23.817183209101607	26.112761306955107	0.0
189.0	26.20327299220983	23.639522501821443	23.848007622036654	26.309196883932074	0.0
190.0	26.29462534327187	23.676231575407723	23.785798352295018	26.243344729025388	0.0
191.0	26.43733239178499	23.557483487876162	23.744672265516634	26.260511854822212	0.0
192.0	26.395933396477027	23.766876460665028	23.662072869320568	26.175117273537374	0.0
193.0	26.30373986291466	23.760711543527115	23.703826171754592	26.23172242180363	0.0
194.0	26.241603779665247	23.750409828026353	23.7338765948265	26.274109797481906	0.0
195.0	26.343044973196545	23.83980137702217	23.543324076590906	26.273829573190383	0.0
196.0	26.273829573190383	23.7375195106163	23.759377005355088	26.229273910838234	0.0
197.0	26.257016115699006	23.740882202114573	23.68231532518628	26.31978635700014	0.0
198.0	26.13708011892719	23.93507763613997	23.75489341669072	26.172948828242127	0.0
199.0	26.258697461448143	23.764701266894022	23.749008706568738	26.227592565089097	0.0
200.0	26.407216335955297	23.63944100858327	23.835317788357802	26.118024867103628	0.0
201.0	26.291483703556327	23.67727128793887	23.87735143208624	26.153893576418564	0.0
202.0	26.22058695780102	23.773107995639712	23.819345003740995	26.18696004281827	0.0
203.0	26.05484020120217	23.712712446231663	23.79818133415533	26.434266018410842	0.0
204.0	26.304875383209943	23.783115784046135	23.689520083843814	26.22248874890011	0.0
205.0	26.202872883588245	23.759576745671897	23.8049734625365	26.232576908203352	0.0
206.0	26.238741894444228	23.682794644308316	23.850930632695725	26.22753282855173	0.0
207.0	26.216337396665267	23.664845173041897	23.715286534958665	26.403530895334175	0.0
208.0	26.244714150803283	23.787372249887206	23.69209385482375	26.275819744485762	0.0
209.0	26.099981224446335	23.86204731999989	23.73650331934975	26.301468136204033	0.0
210.0	26.208431064293663	23.75864165875011	23.795912533943117	26.23701474301311	0.0
211.0	26.186012492748993	23.83654619486783	23.839068284166604	26.138373028216577	0.0
212.0	26.164301027056563	23.829113480642857	23.80277151144054	26.203813980860037	0.0
213.0	26.30365089506899	23.76892984049052	23.813767360527287	26.113651903913194	0.0
214.0	26.2030467094865	23.63778009438298	23.844032686552108	26.315140509578416	0.0
215.0	26.307574178072212	23.67421057941285	23.777897344497877	26.24031789801706	0.0
216.0	26.438237544242142	23.558259514688533	23.741813626720994	26.261689314348324	0.0
217.0	26.395155278806865	23.75953503231122	23.661452407508087	26.18385728137383	0.0
218.0	26.314167054326564	23.755051255177364	23.707691359200993	26.223090331295083	0.0
219.0	26.232411634313323	23.74671071990046	23.738023377358545	26.282854268427673	0.0
220.0	26.348709929632523	23.83582604016915	23.55194610484782	26.263517925350506	0.0
221.0	26.277529768160047	23.747271193612843	23.744468825050934	26.23073021317618	0.0
222.0	26.272485504748616	23.721489402843282	23.68758074324419	26.31844434916391	0.0
223.0	26.13965323491415	23.930265860705468	23.764085404984293	26.16599549939609	0.0
224.0	26.269830371680225	23.752448583254633	23.756091682803728	26.22162936226141	0.0
225.0	26.404905293423646	23.650441795879935	23.828112958505095	26.116539952191324	0.0
226.0	26.294211114816484	23.681268022833827	23.87379182208223	26.15072904026746	0.0
227.0	26.235080806750382	23.768141935158432	23.816062706150394	26.180714551940792	0.0
228.0	26.056288690417805	23.719380448885914	23.795044824136376	26.42928603655991	0.0
229.0	26.317824895330656	23.775775001541316	23.682735583093727	26.2236645200343	0.0
230.0	26.215257343668558	23.752234907717227	23.804639640397042	26.227868108217173	0.0
231.0	26.250287245192496	23.667882904847577	23.84975815355988	26.232071696400045	0.0
232.0	26.22128933179388	23.66549339192234	23.712013361880526	26.401203914403254	0.0
233.0	26.252749870388275	23.783541412697744	23.68881976263539	26.274888954278588	0.0
234.0	26.108145221180656	23.862289293370885	23.728053582187847	26.30151190326061	0.0
235.0	26.210713635153503	23.756918463715724	23.797273249541103	26.23509465158967	0.0
236.0	26.20426807908417	23.826698614205444	23.8412711757535	26.12776213095688	0.0
237.0	26.16055039444001	23.820253058136114	23.81520870990794	26.20398783751594	0.0
238.0	26.29401906768974	23.773799581878407	23.8273258714136	26.10485547901826	0.0
239.0	26.214990723978097	23.63788204038853	23.83461217260687	26.312515063026503	0.0
240.0	26.30988946931821	23.669652265542677	23.771943591238255	26.248514673900857	0.0
241.0	26.424930004175927	23.561757476731117	23.74364852707486	26.269663992018096	0.0
242.0	26.395226296848552	23.764812717916524	23.652981602520263	26.186979382714664	0.0
243.0	26.309519805365895	23.756348592378327	23.708418822104875	26.225712780150907	0.0
244.0	26.2308270170875	23.749831815939366	23.747028748262096	26.272312418711035	0.0
245.0	26.362293367868965	23.821457504632313	23.548424171579306	26.267824955919412	0.0
246.0	26.270138738986244	23.754110447334412	23.749905386122737	26.225845427556603	0.0
247.0	26.266033054375708	23.714762325301038	23.68139955422852	26.33780506609473	0.0
248.0	26.12649240967031	23.937437962303513	23.777612032368957	26.158457595657218	0.0
249.0	26.26893376476988	23.752937151958008	23.767517763109932	26.21061132016218	0.0
