# Position (bp)	A	C	G	T	N
0.0	26.075502191408003	24.008158826763115	24.06944014707517	25.846898834753716	0.0
1.0	25.870029529185228	24.02738433901788	24.064032971753516	26.038553160043378	0.0
2.0	25.674677080204265	24.1462901772304	24.182337038149594	25.99669570441574	0.0
3.0	25.914511429515485	24.238082364603045	24.087290859391427	25.760115346490043	0.0
4.0	26.021620355213003	24.078852120735174	23.986339347664803	25.913188176387013	0.0
5.0	25.952178574968386	24.073801535980202	23.94735498442695	26.026664904624457	0.0
6.0	25.9791746130905	24.158830366501583	23.993644863181352	25.868350157226565	0.0
7.0	25.934902215174667	24.09843352073423	23.893313632213733	26.073350631877375	0.0
8.0	25.840425723603992	24.112124834077107	24.016325010661106	26.031124431657787	0.0
9.0	26.001970005465562	24.0229553685652	23.971603091947603	26.00347153402163	0.0
10.0	25.900455858593745	24.012456531270455	24.088132661457426	25.99895494867837	0.0
11.0	25.842197250433934	23.97071453882606	24.166211208475726	26.020877002264275	0.0
12.0	25.938894527895062	24.095339911951424	23.917861368536748	26.047904191616766	0.0
13.0	26.01877488753686	23.917260764328915	24.150895801175984	25.91306854695824	0.0
14.0	26.084541048294586	23.97131514303389	23.972516351449556	25.971627457221963	0.0
15.0	25.960816581480973	24.029573751193702	23.952696412591067	26.056913254734265	0.0
16.0	25.94790359101256	23.98873266506105	24.204349575673128	25.859014168253264	0.0
17.0	25.941597246830312	24.087532057249593	24.08242692148301	25.888443774437082	0.0
18.0	25.933188787920646	24.187832959957717	24.03227647012895	25.846701781992685	0.0
19.0	26.094751319827747	24.04158583535036	23.858401551961272	26.005261292860617	0.0
20.0	25.946246246246247	23.893393393393396	24.114414414414416	26.04594594594595	0.0
21.0	25.96966966966967	24.209609609609608	23.963363363363364	25.85735735735736	0.0
22.0	26.02252252252252	23.964564564564565	24.042342342342344	25.970570570570572	0.0
23.0	25.903003003003004	24.14084084084084	23.994594594594595	25.961561561561563	0.0
24.0	25.895795795795795	23.98378378378378	23.93993993993994	26.18048048048048	0.0
25.0	26.07207207207207	24.002702702702702	24.06966966966967	25.855555555555554	0.0
26.0	25.891591591591588	24.015015015015013	24.05255255255255	26.04084084084084	0.0
27.0	25.71411411411411	24.123123123123122	24.163663663663666	25.999099099099098	0.0
28.0	25.924924924924923	24.20810810810811	24.09009009009009	25.776876876876877	0.0
29.0	26.03723723723724	24.06336336336336	23.9987987987988	25.900600600600598	0.0
30.0	25.973873873873877	24.06156156156156	23.92762762762763	26.03693693693694	0.0
31.0	25.994594594594595	24.157057057057056	23.976576576576576	25.871771771771773	0.0
32.0	25.950150150150147	24.085585585585587	23.912012012012013	26.052252252252252	0.0
33.0	25.85195195195195	24.106606606606608	24.007807807807808	26.033633633633634	0.0
34.0	26.024324324324322	24.024324324324326	23.969069069069068	25.98228228228228	0.0
35.0	25.905105105105104	24.001801801801804	24.0990990990991	25.993993993993993	0.0
36.0	25.85855855855856	23.96276276276276	24.164564564564564	26.01411411411411	0.0
37.0	25.930030030030032	24.12072072072072	23.92762762762763	26.02162162162162	0.0
38.0	26.034234234234233	23.903003003003004	24.136636636636634	25.926126126126125	0.0
39.0	26.064264264264263	23.976876876876876	23.974174174174173	25.984684684684684	0.0
40.0	25.953453453453452	24.00750750750751	23.969069069069068	26.069969969969968	0.0
41.0	25.94324324324324	23.982282282282284	24.20810810810811	25.866366366366368	0.0
42.0	25.918318318318317	24.1021021021021	24.102702702702704	25.876876876876874	0.0
43.0	25.93933933933934	24.18078078078078	24.04834834834835	25.83153153153153	0.0
44.0	26.086786786786785	24.04984984984985	23.848948948948948	26.014414414414418	0.0
45.0	25.941585936420804	23.89445108437787	24.1109663005027	26.052996678698626	0.0
46.0	25.963808025177027	24.21276749088594	23.984840931886296	25.838583552050736	0.0
47.0	26.001045038768535	23.95631257469925	24.066522122990254	25.97612026354196	0.0
48.0	25.903748325835878	24.147002120107388	23.983940036396177	25.965309517660558	0.0
49.0	25.868913700218016	24.00406003567546	23.95511138071243	26.17191488339409	0.0
50.0	26.10584921411883	23.994450483780877	24.066221824493546	25.833478477606743	0.0
51.0	25.87371847616531	23.992648692800643	24.079735256845307	26.053897574188746	0.0
52.0	25.699545348075986	24.13889406069633	24.164719731413026	25.996840859814657	0.0
53.0	25.94038474243398	24.213368087879353	24.081236749328834	25.765010420357836	0.0
54.0	26.051194887718392	24.071927495930957	23.97553167848842	25.901345937862235	0.0
55.0	25.97041459210455	24.077032570374953	23.932889291956204	26.019663545564292	0.0
56.0	25.996840859814657	24.149104209584326	23.99354958829076	25.860505342310258	0.0
57.0	25.956901159752793	24.081236749328834	23.893550188887755	26.068311902030615	0.0
58.0	25.850895790415674	24.112167494489523	24.03078660188227	26.006150113212534	0.0
59.0	26.03167548543252	24.024780631948158	23.971928096527947	25.971615786091373	0.0
60.0	25.90915369877658	23.99294899129735	24.09685227115753	26.001045038768535	0.0
61.0	25.852997879892612	23.95631257469925	24.186341223175837	26.0043483222323	0.0
62.0	25.92146593714152	24.11456988246317	23.95300929123549	26.010954889159827	0.0
63.0	26.02627011249182	23.913970486663743	24.133788986252334	25.925970414592104	0.0
64.0	26.06050414111627	23.98784391685335	23.991747797310524	25.959904144719854	0.0
65.0	25.9517960853088	24.006762722145815	23.977033170971946	26.064408021573442	0.0
66.0	25.93588026498339	23.979435558945593	24.20646122245512	25.878222953615893	0.0
67.0	25.92627071308881	24.097152569654238	24.093849286190476	25.88272743106648	0.0
68.0	25.94999429432856	24.166821820889965	24.062017645539665	25.821166239241805	0.0
69.0	26.102846229151776	24.04009585528015	23.85240929483907	26.004648620729004	0.0
70.0	25.932721528870523	23.907820927075953	24.11022089824747	26.049236645806058	0.0
71.0	25.97806632953358	24.180490324440548	23.994606671391335	25.846836674634538	0.0
72.0	26.003891845143002	23.953766321125272	24.074485591764663	25.967856241967063	0.0
73.0	25.901790969477844	24.151962138592932	23.978090353269028	25.968156538660196	0.0
74.0	25.88317257450361	24.00511705565098	23.945658310410685	26.16605205943472	0.0
75.0	26.088575512606454	24.005717649037248	24.071182328140203	25.834524510216095	0.0
76.0	25.900589782705314	24.00812002258231	24.060671943880553	26.03061825083182	0.0
77.0	25.710802272645374	24.139349677481352	24.172082017032828	25.977766032840442	0.0
78.0	25.924012924769674	24.216525927616487	24.089200129728173	25.77026101788567	0.0
79.0	26.051639019351118	24.06787906451574	23.98980192430121	25.890679991831927	0.0
80.0	25.98227048323744	24.078089152082256	23.938751486468632	26.000888878211676	0.0
81.0	26.000888878211676	24.154364512137995	23.993705781311935	25.8510408283384	0.0
82.0	25.94203072635764	24.08799894295564	23.907520630382816	26.0624497003039	0.0
83.0	25.83692688376116	24.11983039242772	24.02823990102221	26.01500282278891	0.0
84.0	26.02100875665157	24.027939604329077	23.991603704460008	25.959447934559343	0.0
85.0	25.917706694213884	23.99130340776687	24.108419118088673	25.98257077993057	0.0
86.0	25.83632629037489	23.95556810128407	24.197306939255984	26.010798669085055	0.0
87.0	25.932721528870523	24.10481555777108	23.957369881442865	26.005093031915532	0.0
88.0	26.013501339323252	23.919232201414996	24.14115145764015	25.926115001621604	0.0
89.0	26.0615488102245	23.982895100359155	23.98649866067675	25.969057428739596	0.0
90.0	25.95704556101428	23.992804891232538	23.98139361689349	26.068755930859687	0.0
91.0	25.94052924289198	23.97478708964457	24.23424343251132	25.85044023495213	0.0
92.0	25.927015891701	24.087698646262506	24.122833359359046	25.862452102677448	0.0
93.0	25.963952384956336	24.157968072455585	24.057969273642357	25.82011026894572	0.0
94.0	26.100887677024904	24.05166304308657	23.867881466889287	25.979567812999242	0.0
95.0	25.92265604823937	23.90317291580332	24.135901455229035	26.038269580728272	0.0
96.0	25.95749025543083	24.189353945574553	24.009777601604775	25.84337819738984	0.0
97.0	25.993825937070202	23.957526290817583	24.080647195546025	25.968000576566187	0.0
98.0	25.910043662876948	24.138604109235267	23.986955189996575	25.964397037891207	0.0
99.0	25.87070503234176	23.98605430532783	23.957526290817583	26.185714371512823	0.0
100.0	26.082112634607185	24.01458231983808	24.07584247731272	25.827462568242016	0.0
101.0	25.883617712593765	24.021188807408876	24.06202891239197	26.03316456760539	0.0
102.0	25.712749920421857	24.129895557437404	24.170435367530914	25.98691915460983	0.0
103.0	25.936769908049705	24.20587016450154	24.093559875798036	25.76380005165072	0.0
104.0	26.053284325207354	24.06262950217113	23.988756959334065	25.89532921328745	0.0
105.0	25.98992210350564	24.065932745956527	23.934703879209383	26.00944127132844	0.0
106.0	25.978210602811963	24.165030059518447	23.998666690690257	25.858092646979337	0.0
107.0	25.947880818964226	24.0794460159877	23.91458412160742	26.058089043440656	0.0
108.0	25.84517996672733	24.108874915166695	24.04100827012126	26.004936847984723	0.0
109.0	26.028359849372084	24.011279076052684	23.99566374179444	25.96469733278079	0.0
110.0	25.906139829312387	23.986354600217414	24.122087890308283	25.98541768016192	0.0
111.0	25.854188813414776	23.929298571196917	24.20587016450154	26.010642450886774	0.0
112.0	25.92625958691435	24.121787595418702	23.955724521480093	25.996228296186857	0.0
113.0	26.02565719536585	23.9262956223011	24.1365020450082	25.911545137324854	0.0
114.0	26.071302018582248	23.971640150627916	23.990859023561136	25.966198807228697	0.0
115.0	25.952985832087112	23.999867870248583	23.993261382677787	26.05388491498652	0.0
116.0	25.92415752268728	23.977646048419547	24.256019411061665	25.842177017831506	0.0
117.0	25.941274331393426	24.083650144441844	24.112478453841675	25.862597070323055	0.0
118.0	25.93977285694552	24.17914391932878	24.0875539780064	25.7935292457193	0.0
119.0	26.091421776184216	24.047614757692052	23.879449619526376	25.98151384659736	0.0
120.0	25.94383250651644	23.89280609241931	24.10601674454361	26.05734465652064	0.0
121.0	25.96965802212586	24.18319299467874	23.999411418481458	25.847737564713935	0.0
122.0	26.007195108767462	23.957069584749732	24.084095085944917	25.951640220537893	0.0
123.0	25.91830728760015	24.135445820470625	23.99400607800507	25.952240813924156	0.0
124.0	25.869659223312635	24.000312308560858	23.96097344176046	26.16905502636605	0.0
125.0	26.066353557314624	24.017128923376298	24.09010101980757	25.82641649950151	0.0
126.0	25.909598683499297	24.007219132502915	24.064876097584413	26.01830608641338	0.0
127.0	25.70629782224838	24.118629205655186	24.19250219216586	25.98257077993057	0.0
128.0	25.94082953958511	24.20000960949418	24.103614370998546	25.755546479922163	0.0
129.0	26.043531008636535	24.060671943880553	24.003315275492188	25.892481771990727	0.0
130.0	25.994582647655882	24.058569867028623	23.93965237654803	26.007195108767462	0.0
131.0	25.972738984333475	24.1655480581256	24.01900283180632	25.8427101257346	0.0
132.0	25.93580238015874	24.09077395699138	23.919604327888937	26.05381933496095	0.0
133.0	25.834001495482024	24.117800740533866	24.03011384281823	26.018083921165875	0.0
134.0	26.004048023735592	24.012468393583223	24.017873766523927	25.965609816157258	0.0
135.0	25.926871310082223	23.979135260448885	24.13258779226551	25.961405637203377	0.0
136.0	25.83407907460015	23.93168809796938	24.21306778938265	26.021165038047823	0.0
137.0	25.903748325835878	24.114269583966465	23.966522723587246	26.01545936661041	0.0
138.0	26.039182947850165	23.91427078516045	24.13078600128528	25.915760265704108	0.0
139.0	26.072215782487795	23.965021231103716	24.024180034954746	25.938582951453743	0.0
140.0	25.950372521403843	23.974402479271834	24.007135113708365	26.068089885615958	0.0
141.0	25.933255455689324	23.97049858709133	24.250077327095113	25.846168630124232	0.0
142.0	25.944666832832336	24.081909663934944	24.11584349596548	25.857580007267245	0.0
143.0	25.967489587118358	24.16659409431203	24.074702478370934	25.79121384019868	0.0
144.0	26.111633298398502	24.035663556565893	23.877405773556234	25.975297371479368	0.0
145.0	25.92290066937138	23.89676845876414	24.13010249280028	26.0502283790642	0.0
146.0	25.97275066892093	24.176348877924557	24.006978999936937	25.84392145321758	0.0
147.0	26.018396451640996	23.93370550662314	24.085057312484423	25.96284072925144	0.0
148.0	25.91509283811663	24.135507914438183	23.99136333742744	25.958035910017745	0.0
149.0	25.858413564045428	23.975219070384806	23.98993387347672	26.176433492093043	0.0
150.0	26.07703349569667	24.00855260391954	24.087532057249593	25.826881843134192	0.0
151.0	25.917873380620904	24.005549582880377	24.07161604574202	26.004960990756704	0.0
152.0	25.73528970143965	24.09984444351017	24.17461966738539	25.990246187664788	0.0
153.0	25.924179724803153	24.201046252530045	24.107051694004166	25.767722328662636	0.0
154.0	26.038895128499266	24.0767211815086	24.005849884984297	25.878533805007837	0.0
155.0	25.992048000288293	24.046690971116945	23.946990672616653	26.014270355978113	0.0
156.0	25.984318177040635	24.154872266116513	23.99270864302081	25.868100913822044	0.0
157.0	25.936269696123386	24.078595302660386	23.934149556902913	26.050985444313312	0.0
158.0	25.848581218449418	24.09240924092409	24.029045306714476	26.02996423391202	0.0
159.0	26.04055303967615	23.990378262801958	24.000888899566363	25.968179797955532	0.0
160.0	25.924335427452583	23.978966714314886	24.123412893848574	25.973284964383957	0.0
161.0	25.82943939266538	23.90689377650182	24.21170224266958	26.051964588163223	0.0
162.0	25.92163269228459	24.096385542168676	23.95554300952564	26.026438756021093	0.0
163.0	26.06457735228051	23.896383139737416	24.134223834520537	25.904815673461545	0.0
164.0	26.05616884286898	23.949837235282107	24.036925368472893	25.95706855337602	0.0
165.0	25.95954894217631	23.972432018498775	24.000360365771257	26.067658673553655	0.0
166.0	25.952942236369914	23.962221654979803	24.257721587411222	25.827114521239057	0.0
167.0	25.95384315079806	24.08174296911365	24.115076802955	25.84933707713329	0.0
168.0	25.96345290469827	24.161323743599752	24.06432529016952	25.810898061532455	0.0
169.0	26.11210378534212	24.04060121022838	23.867325335215245	25.979969669214253	0.0
170.0	25.922767145255303	23.909211304742144	24.11912562726544	26.048895922737113	0.0
171.0	25.974720189313288	24.179487256488873	24.006210340757914	25.839582213439922	0.0
172.0	26.018865261431923	23.933235833786295	24.090296192412453	25.957602712369326	0.0
173.0	25.91045457412018	24.143450462922644	23.986089797683434	25.960005165273742	0.0
174.0	25.863083797808955	23.975951374207188	23.98736305977321	26.17360176821065	0.0
175.0	26.066692292907938	24.02279934653085	24.08646453968864	25.82404382087257	0.0
176.0	25.918340380549683	24.002678743032867	24.07265039400346	26.006330482413993	0.0
177.0	25.739056794157218	24.092770997501443	24.179559869306168	25.98861233903517	0.0
178.0	25.947470209494522	24.185566019604074	24.089167307322697	25.777796463578706	0.0
179.0	26.056782144916397	24.054031328079954	24.007483663271188	25.881702863732464	0.0
180.0	25.992816644243703	24.02069719392658	23.957932923313475	26.02855323851624	0.0
181.0	25.954154917099864	24.15801027655402	24.01446285335039	25.873371952995726	0.0
182.0	25.95175244976591	24.052301713860132	23.939686057581135	26.05625977879282	0.0
183.0	25.855353447991085	24.07812823770012	24.050800171776416	26.01571814253238	0.0
184.0	26.044325655425087	23.97249166641641	23.999219195771644	25.98396348238686	0.0
185.0	25.91489233910928	23.974293522327997	24.13045436799904	25.980359770563684	0.0
186.0	25.837412534910957	23.896213099492478	24.20372984173699	26.062644523859575	0.0
187.0	25.925102855941617	24.072194360190995	23.97759692483258	26.02510585903481	0.0
188.0	26.065647617045556	23.88059701492537	24.13375777050362	25.91999759752545	0.0
189.0	26.060242049310787	23.952671251388928	24.02955043695006	25.957536262350224	0.0
190.0	25.96572259143695	23.972863968479437	23.990582271486446	26.07083116859716	0.0
191.0	25.956412974602767	23.946736979299615	24.249149371300554	25.847700674797064	0.0
192.0	25.97653375937343	24.08938433401704	24.093888987323904	25.84019291928562	0.0
193.0	25.984642135325792	24.159957235824606	24.06115517329401	25.794245455555586	0.0
194.0	26.130592902468248	24.016709260666268	23.862049497130535	25.990648339734946	0.0
195.0	25.93044172895639	23.904236501725293	24.124365215458862	26.040956553859463	0.0
196.0	25.982095397117604	24.18232543612814	23.98441981218486	25.851159354569397	0.0
197.0	26.036451873496564	23.93546895224138	24.08892839660407	25.93915077765799	0.0
198.0	25.92503611252091	24.159802034313653	23.97571076348326	25.93945108968218	0.0
199.0	25.865652009393784	23.976984017346076	23.988996534388836	26.168367438871304	0.0
200.0	26.085050153162353	24.027869541714217	24.073517929004744	25.813562376118686	0.0
201.0	25.9284508700379	24.00427661018578	24.06554265498207	26.00172986479425	0.0
202.0	25.75471811443605	24.069891762670732	24.18101221724349	25.994377905649724	0.0
203.0	25.94949634497216	24.175741667317382	24.116576467266928	25.758185520443526	0.0
204.0	26.058516485166656	24.03728909258002	24.014463939261066	25.889730482992256	0.0
205.0	25.99710479210966	24.020915174012806	23.964452613495755	26.017527420381782	0.0
206.0	25.972855842841398	24.154936134044924	24.01377930881209	25.85842871430159	0.0
207.0	25.946437849705216	24.056115017164277	23.947693259530453	26.04975387360005	0.0
208.0	25.84853809073298	24.089741857007706	24.038683906233572	26.023036146025742	0.0
209.0	26.049100170595164	23.968019414209856	23.998654460703044	25.98422595449194	0.0
210.0	25.912454797746193	23.973713612936553	24.135300407270805	25.978531182046442	0.0
211.0	25.85990436830218	23.890504108799078	24.200466144456726	26.049125378442024	0.0
212.0	25.92884045869851	24.058544731514797	23.982555520180693	26.030059289606	0.0
213.0	26.090599995194268	23.869152029218828	24.135269240935195	25.904978734651706	0.0
214.0	26.040139846697265	23.970372684239614	24.037352524208856	25.952134944854265	0.0
215.0	25.98256095106794	23.963523973435937	23.98665188882982	26.067263186666306	0.0
216.0	25.97324971240287	23.918769955336092	24.256677810116813	25.851302522144227	0.0
217.0	25.981960225992772	24.087874063995244	24.10018892803614	25.829976781975844	0.0
218.0	25.974751525090785	24.14013714553466	24.078562825330174	25.80654850404438	0.0
219.0	26.118625180592975	24.016988505125685	23.861701073195345	26.00268524108599	0.0
220.0	25.927461139896373	23.920102125103252	24.101824735300745	26.05061199969963	0.0
221.0	25.983641764863137	24.18651872366117	23.99488166862409	25.83495784285161	0.0
222.0	26.04222674119976	23.932091181886175	24.088586644719253	25.937095432194813	0.0
223.0	25.903464268442505	24.14895182825543	23.990952591217525	25.95663131208454	0.0
224.0	25.861810011294544	23.99340350371278	23.990099247831207	26.15468723716146	0.0
225.0	26.098070903749456	24.01277252765078	24.069846381217292	25.81931018738247	0.0
226.0	25.93016479522256	23.990531634314415	24.075843051024638	26.003460519438388	0.0
227.0	25.724104369559083	24.063215317788845	24.184875666127954	26.027804646524118	0.0
228.0	25.959770736455066	24.167297501892506	24.106316763394734	25.76661499825769	0.0
229.0	26.070486593007818	24.041864181731885	24.003112176540917	25.88453704871938	0.0
230.0	26.010562237896686	24.02338352098629	23.95278835870754	26.013265882409485	0.0
231.0	25.988410342372546	24.1529306092531	24.000925250012767	25.857733798361586	0.0
232.0	25.96064011631924	24.0431150244685	23.92805751073219	26.06818734848007	0.0
233.0	25.846639128802103	24.074802853924147	24.03725122042809	26.041306796845664	0.0
234.0	26.047092894007946	23.949902966287546	24.019899421402695	25.98310471830182	0.0
235.0	25.915967699295827	23.965067653632627	24.134502150976953	25.984462496094597	0.0
236.0	25.84762820320245	23.91233815002854	24.215459488689277	26.024574158079734	0.0
237.0	25.92018457767043	24.071403679536633	23.974368218032375	26.034043524760563	0.0
238.0	26.084370287142573	23.88078085475837	24.137040130262626	25.897808727836424	0.0
239.0	26.04050879332825	23.965800051672446	24.052321354539064	25.941369800460244	0.0
240.0	26.006585390767235	23.960667912443142	23.968178622715993	26.06456807407363	0.0
241.0	25.974498104182814	23.936870189101004	24.26015058376748	25.828481122948705	0.0
242.0	26.012481183579162	24.081713593793662	24.10124361143077	25.80456161119641	0.0
243.0	25.96805937410796	24.149877555926142	24.087979447424168	25.79408362254173	0.0
244.0	26.11119124027933	24.031238356230244	23.87288308753711	25.984687315953316	0.0
245.0	25.93709996333936	23.906040591137742	24.109477075082186	26.047382370440708	0.0
246.0	25.963902128247817	24.177940990858332	24.027082419266623	25.831074461627228	0.0
247.0	26.045861633708	23.938510548776822	24.101400492877325	25.914227324637856	0.0
248.0	25.89533667544271	24.16357100780226	24.000372681261346	25.940719635493682	0.0
249.0	25.85934846704316	23.977903541384276	24.00705692122276	26.155691070349814	0.0
