# Position (bp)	A	C	G	T	N
0.0	26.216642238876137	23.794419402118304	23.879040955725785	26.109897403279774	0.0
1.0	26.211387959403776	23.86493736345787	23.704820110063327	26.218854567075024	0.0
2.0	26.218610091781176	23.867529817128982	23.73202883682087	26.18183125426897	0.0
3.0	26.211847206322343	23.7151516157041	23.783175440634004	26.28982573733955	0.0
4.0	26.28292866366379	23.68236956419551	23.679880990894585	26.35482078124611	0.0
5.0	26.215610916028425	23.77167030718611	23.74070285066497	26.272015926120496	0.0
6.0	26.216781128695132	23.77907169636044	23.810590225938093	26.193556949006336	0.0
7.0	26.275905160020347	23.815053192665825	23.71248313538142	26.19655851193241	0.0
8.0	26.259769485752514	23.7135519044104	23.766909124084563	26.259769485752514	0.0
9.0	26.27928321436668	23.66874374526575	23.82549222339561	26.226480816971964	0.0
10.0	26.29990131006057	23.68309748188611	23.685032578737708	26.33196862931561	0.0
11.0	26.21143973970183	23.86748456760261	23.72456384299177	26.19651184970379	0.0
12.0	26.127954132675768	23.81800137668319	23.650477277816325	26.403567212824715	0.0
13.0	26.16168010637504	23.840669654087616	23.79201579039031	26.205634449147038	0.0
14.0	26.272533511730835	23.847580714271892	23.718205667622236	26.16168010637504	0.0
15.0	26.197064734518534	23.822424455201123	23.770176840207995	26.210333970072348	0.0
16.0	26.231620035439917	23.77902299724387	23.796715311315616	26.1926416560006	0.0
17.0	26.270045530064497	23.71461191632641	23.798373965759843	26.216968587849248	0.0
18.0	26.210333970072348	23.806667237980975	23.780128766873354	26.202870025073327	0.0
19.0	26.16693251211509	23.76658308891217	23.728157594287595	26.338326804685146	0.0
20.0	26.16831472415194	23.808325892425202	23.777917227614385	26.24544215580847	0.0
21.0	26.380898935420287	23.6803330578124	23.667616707073332	26.27115129969398	0.0
22.0	26.21890368470085	23.684479693922967	23.745849908359343	26.350766713016842	0.0
23.0	26.29789351467905	23.65704649748438	23.83479847404213	26.210261513794435	0.0
24.0	26.34923882003975	23.741019126944416	23.69872367246179	26.21101838055404	0.0
25.0	26.222352456591867	23.791331366917216	23.87454007148761	26.111776105003305	0.0
26.0	26.212677025827873	23.869287694787154	23.699829435977673	26.2182058434073	0.0
27.0	26.219311606923185	23.863482436328752	23.742401331339273	26.174804625408786	0.0
28.0	26.199960745395185	23.70867554410476	23.785249667579844	26.30611404292021	0.0
29.0	26.269623846895986	23.674396875112304	23.700105876856643	26.355873401135067	0.0
30.0	26.219311606923185	23.7653459242939	23.739360481670587	26.275981987112324	0.0
31.0	26.221246693075983	23.77280982802613	23.799348152407383	26.2065953264905	0.0
32.0	26.265753674590385	23.806259174381672	23.73023793266453	26.197749218363413	0.0
33.0	26.265477233711415	23.719733179263617	23.75926422495653	26.255525362068443	0.0
34.0	26.268241642501128	23.680755015328646	23.81731680954053	26.233686532629697	0.0
35.0	26.287316063150158	23.69347129576133	23.693747736640304	26.32546490444821	0.0
36.0	26.217376520770387	23.873987189729668	23.710887071136533	26.197749218363413	0.0
37.0	26.125598148951873	23.813170196355955	23.658363304131964	26.40286835056021	0.0
38.0	26.164852753765818	23.842749370405897	23.79022560340133	26.20217227242696	0.0
39.0	26.259395534374043	23.857400736991384	23.72194470629539	26.161259022339188	0.0
40.0	26.195261250452674	23.819251895693327	23.769216096599504	26.2162707572545	0.0
41.0	26.238662468451185	23.7730862689051	23.798795270649443	26.189455991994272	0.0
42.0	26.267965201622157	23.71254571641036	23.802665442955043	26.216823639012443	0.0
43.0	26.217652961649357	23.802941883834013	23.7730862689051	26.20631888561153	0.0
44.0	26.166787839918616	23.76119931110933	23.73687251375984	26.33514033521221	0.0
45.0	26.177016152440558	23.802389002076072	23.779444409121442	26.241150436361927	0.0
46.0	26.37854155321072	23.684625187634246	23.66914449841185	26.267688760743184	0.0
47.0	26.207701090006385	23.686560273787048	23.754011848256074	26.351726787950497	0.0
48.0	26.286414074119126	23.654427741318397	23.833837375809278	26.2253208087532	0.0
49.0	26.347710943957452	23.740334989205046	23.69914552596733	26.212808540870174	0.0
50.0	26.220825282037246	23.79976944958161	23.877172467746437	26.102232800634706	0.0
51.0	26.20810907191017	23.865009136320538	23.70522719168028	26.22165460008901	0.0
52.0	26.215296495025477	23.858374591906408	23.7414407466074	26.184888166460716	0.0
53.0	26.20119808814545	23.698869086616742	23.799216570880432	26.300716254357376	0.0
54.0	26.258421033717305	23.672607348310816	23.702462798174395	26.36650881979748	0.0
55.0	26.220548842686657	23.756644910889776	23.750839684527413	26.271966561896154	0.0
56.0	26.21612581307724	23.75996218309684	23.80806263009927	26.215849373726652	0.0
57.0	26.26394982072908	23.807509751398094	23.730383172583853	26.19815725528898	0.0
58.0	26.27666603085616	23.70522719168028	23.762726576602727	26.255380200860834	0.0
59.0	26.27694247020675	23.670948712207284	23.81580293191575	26.236305885670212	0.0
60.0	26.289935119684415	23.692234542202613	23.690023027397906	26.327807310715066	0.0
61.0	26.228012705152555	23.86666777242407	23.699421965317917	26.205897557105455	0.0
62.0	26.141487188418296	23.797005056075722	23.658508941430796	26.402998814075186	0.0
63.0	26.16387877581598	23.83930027671579	23.79092339036277	26.205897557105455	0.0
64.0	26.266161335533788	23.848422775285215	23.71628476570383	26.169131123477165	0.0
65.0	26.19732793723721	23.805298236593384	23.77488990802863	26.22248391814078	0.0
66.0	26.238517400474926	23.769361121016853	23.797005056075722	26.195116422432502	0.0
67.0	26.272519440597332	23.71130885739323	23.802257403736906	26.213914298272528	0.0
68.0	26.21778444918077	23.813038538409867	23.77267839322392	26.196498619185444	0.0
69.0	26.168301805425397	23.763003015953316	23.735911959595622	26.332783219025664	0.0
70.0	26.175765667891294	23.796452177374544	23.789817632960418	26.237964521773744	0.0
71.0	26.38005434797633	23.68698219454143	23.668737197402574	26.26422626007967	0.0
72.0	26.20949126866311	23.687811512593196	23.750839684527413	26.351857534216283	0.0
73.0	26.29124463709142	23.65374408421425	23.838405059931887	26.21660621876244	0.0
74.0	26.347565273880775	23.74822043151944	23.697908747874884	26.206305546724902	0.0
75.0	26.22759125903606	23.799637866452887	23.86321856556414	26.10955230894691	0.0
76.0	26.215704432680482	23.862942127741917	23.688509861919307	26.232843577658294	0.0
77.0	26.20685842236935	23.861836376453027	23.74435030200832	26.186954899169308	0.0
78.0	26.192483655613763	23.705096131252677	23.79687348823066	26.3055467249029	0.0
79.0	26.250259160458334	23.669435652185932	23.710348449874914	26.36995673748082	0.0
80.0	26.223168253880498	23.762318760452807	23.756790004008348	26.25772298165835	0.0
81.0	26.215980870502705	23.760383695697247	23.814012633208474	26.209622800591575	0.0
82.0	26.2643574893917	23.804337309430675	23.732187037830517	26.19911816334711	0.0
83.0	26.25772298165835	23.70730763383046	23.771717646408383	26.263251738102806	0.0
84.0	26.270991997125048	23.680493165074846	23.822582205697383	26.225932632102722	0.0
85.0	26.285643201702857	23.68519260805263	23.701226001741556	26.32793818850295	0.0
86.0	26.227867696858286	23.8651536303197	23.70426681778601	26.202711855036004	0.0
87.0	26.14465991236921	23.785539537519522	23.666394836141478	26.403405713969786	0.0
88.0	26.178938202324844	23.839168475030753	23.780010781075067	26.201882541569336	0.0
89.0	26.270991997125048	23.85105530138634	23.713665703741587	26.164286997747034	0.0
90.0	26.190548590858203	23.802955120319563	23.776140651563946	26.230355637258292	0.0
91.0	26.241689587969425	23.771441208586158	23.796597050408437	26.190272153035977	0.0
92.0	26.274309250991724	23.70841338511935	23.80737812547513	26.209899238413797	0.0
93.0	26.209346362769352	23.819541389652933	23.77724640285284	26.193865844724872	0.0
94.0	26.17396232152483	23.75596069054168	23.74904974498611	26.32102724294738	0.0
95.0	26.176173824102612	23.79576773694177	23.784433786230633	26.243624652724982	0.0
96.0	26.380737812547512	23.68878629974153	23.66445977138592	26.266016116325037	0.0
97.0	26.219021686547155	23.68408685676374	23.737992232097195	26.35889922459191	0.0
98.0	26.29579870959181	23.646702382334567	23.832744522399697	26.224754385673926	0.0
99.0	26.35571269423105	23.7353730646004	23.702477145629405	26.206437095539147	0.0
100.0	26.23352785233879	23.793148250020042	23.86253375978239	26.110790137858782	0.0
101.0	26.211412948828876	23.87248546636185	23.68644384058472	26.229657744224554	0.0
102.0	26.216112365824735	23.859492960549776	23.74283684453499	26.181557829090497	0.0
103.0	26.19676182525356	23.70164783674778	23.79950628477914	26.302084053219517	0.0
104.0	26.24182094115501	23.674004207360394	23.716575396616975	26.36759945486763	0.0
105.0	26.216941674706355	23.75831727699193	23.769927601334633	26.25481344696708	0.0
106.0	26.227446253873566	23.76025233104905	23.806417192125988	26.205884222951397	0.0
107.0	26.267529516485276	23.80088846624851	23.738690300126887	26.19289171713933	0.0
108.0	26.258959991375185	23.716022524029228	23.77324483686112	26.251772647734466	0.0
109.0	26.268635261660773	23.67372777106652	23.8285320956359	26.229104871636803	0.0
110.0	26.285774311880957	23.684785222821475	23.703030018217152	26.326410447080416	0.0
111.0	26.23933301451014	23.848159072500945	23.713258161090486	26.199249751898424	0.0
112.0	26.152255581939865	23.788448833024187	23.665434682250304	26.393860902785647	0.0
113.0	26.17464692174365	23.83848380221536	23.78181436197121	26.20505491406978	0.0
114.0	26.26061860913843	23.859492960549776	23.72707997578418	26.15280845452761	0.0
115.0	26.205607786657524	23.803376392893373	23.77186265539175	26.219153165057346	0.0
116.0	26.24707323073861	23.76329313028166	23.80365282918725	26.18598080979248	0.0
117.0	26.278863404534107	23.705517944862017	23.809181555064725	26.206437095539147	0.0
118.0	26.212518694004373	23.808075809889232	23.779049999032473	26.200355497073925	0.0
119.0	26.16635383292743	23.76025233104905	23.748918443000218	26.3244753930233	0.0
120.0	26.18321644685374	23.792042504844545	23.787619524142563	26.23712152415915	0.0
121.0	26.387779304320425	23.682573732470484	23.66322319189931	26.266423771309782	0.0
122.0	26.211136512535006	23.683403041352104	23.749471315587968	26.355989130524925	0.0
123.0	26.297457331940087	23.643938011754102	23.829980151819232	26.228624504486575	0.0
124.0	26.353370468147453	23.734122102586074	23.70730763383046	26.205199795436013	0.0
125.0	26.23422576676941	23.796597050408437	23.868194446364154	26.100982736458	0.0
126.0	26.213216492280473	23.87206457587527	23.687127672808195	26.22759125903606	0.0
127.0	26.221786064769383	23.856031182186346	23.742968112897206	26.179214640147062	0.0
128.0	26.195248033835988	23.697908747874884	23.807931001119574	26.29891221716955	0.0
129.0	26.24611259312499	23.666671273963704	23.717535833252708	26.369680299658597	0.0
130.0	26.227314821213838	23.746838242408327	23.770888332941713	26.254958603436123	0.0
131.0	26.229598832323408	23.75685567694281	23.806614622495466	26.20693086823831	0.0
132.0	26.275764076252823	23.798874342076164	23.73584634437613	26.18951523729488	0.0
133.0	26.263600778451057	23.711519748772613	23.773718430713433	26.251161042062893	0.0
134.0	26.277699146357648	23.672265469503294	23.827623955062144	26.222411429076914	0.0
135.0	26.2970498474059	23.67668848688575	23.697974258038833	26.32828740766951	0.0
136.0	26.229322393737007	23.85554425228891	23.714007696050245	26.201125657923836	0.0
137.0	26.15219602813039	23.79555707903932	23.659549294528727	26.392697598301563	0.0
138.0	26.17044097483303	23.831494095271793	23.795833517625724	26.202231412269448	0.0
139.0	26.26138926975983	23.858585076739352	23.731976204166482	26.148049449334337	0.0
140.0	26.20748374541112	23.80689106108187	23.765701711707727	26.219923481799285	0.0
141.0	26.248673094785264	23.759620062806846	23.808273254013887	26.183433588394	0.0
142.0	26.283227918085718	23.694933433588396	23.814907780087577	26.20693086823831	0.0
143.0	26.21190676279358	23.814631341501173	23.78339378123756	26.190068114467692	0.0
144.0	26.17044097483303	23.757132115529213	23.754367729665177	26.318059179972575	0.0
145.0	26.17790481666593	23.797492149144144	23.788922552965634	26.235680481224293	0.0
146.0	26.388274580919102	23.67724136405856	23.667842452120837	26.266641602901498	0.0
147.0	26.216955131129005	23.68477067973672	23.753051199332123	26.345222989802153	0.0
148.0	26.301065400202354	23.645858097760282	23.83217873512061	26.22089776691675	0.0
149.0	26.35891425080375	23.73410810497013	23.703423167404303	26.203554476821818	0.0
150.0	26.23009280120307	23.786631871974702	23.865693963360528	26.117581363461706	0.0
151.0	26.20825397176433	23.875092953245556	23.692365532245447	26.224287542744673	0.0
152.0	26.228434155929243	23.84302581128487	23.752076762103272	26.176463270682614	0.0
153.0	26.199960745395185	23.691259768729562	23.812340873719045	26.29643861215621	0.0
154.0	26.241703318119868	23.664168562590362	23.721391824537445	26.372736294752325	0.0
155.0	26.22345822010776	23.742401331339273	23.77723288208967	26.2569075664633	0.0
156.0	26.229888870459444	23.753524630950405	23.82291148338586	26.193675015204292	0.0
157.0	26.279924807873055	23.79969038535965	23.723945375131308	26.19643943163598	0.0
158.0	26.27246088350749	23.702935810250455	23.774257754188092	26.25034555205396	0.0
159.0	26.28241278266158	23.667827721567978	23.829822524465087	26.21993697130536	0.0
160.0	26.308398297119478	23.674185879360866	23.697130535743906	26.320285287775754	0.0
161.0	26.235970586609163	23.845303256482556	23.718692983911097	26.200033172997177	0.0
162.0	26.15055011886991	23.79333222756676	23.673909437717697	26.382208215845637	0.0
163.0	26.179023608116324	23.825952341460717	23.801072593575494	26.193951456847458	0.0
164.0	26.272737325150658	23.846132581412064	23.732238624426383	26.14889146901089	0.0
165.0	26.20887930557859	23.803837010007186	23.770111129540552	26.21717255487367	0.0
166.0	26.248963343838117	23.764858738320342	23.80051971028916	26.185658207552386	0.0
167.0	26.28351854923426	23.69298391109637	23.818488417095153	26.205009122574225	0.0
168.0	26.218554763089514	23.806601426438878	23.79333222756676	26.181511582904847	0.0
169.0	26.175429866755128	23.750207331232374	23.756841930668436	26.31752087134406	0.0
170.0	26.18759329905457	23.7938851108531	23.791950019350917	26.226571570741413	0.0
171.0	26.38939569856803	23.673080112788192	23.67335655443136	26.264167634212416	0.0
172.0	26.215309933405024	23.68530902114508	23.743914811507743	26.355466233942153	0.0
173.0	26.30301488922922	23.65220131697527	23.825254742382608	26.2195290514129	0.0
174.0	26.35533550618267	23.726077232906782	23.715295919411066	26.203291341499487	0.0
175.0	26.234398109113027	23.787302859828326	23.871618726415747	26.106680304642904	0.0
176.0	26.19928953515695	23.868854271773536	23.695799411171162	26.236056781898355	0.0
177.0	26.21615270847444	23.851161762063388	23.759381867942	26.173303661520176	0.0
178.0	26.20426555351293	23.688888274565635	23.813288733465104	26.29355743845633	0.0
179.0	26.251537727894732	23.65571481885911	23.7264848576997	26.366262595546463	0.0
180.0	26.22499896332951	23.744730258338286	23.78094461415124	26.249326164180964	0.0
181.0	26.241934681285144	23.751983501689086	23.809207870977016	26.196873946048754	0.0
182.0	26.279254922125094	23.793726882184146	23.726550448672228	26.20046774701853	0.0
183.0	26.271237981500217	23.70802855136647	23.775481431106833	26.24525203602647	0.0
184.0	26.270408642814886	23.669326079384298	23.828559106968104	26.231706170832712	0.0
185.0	26.30219995908596	23.670431864298074	23.70719921268114	26.320168963934826	0.0
186.0	26.231982617061156	23.84846323541608	23.722956647702457	26.196597499820314	0.0
187.0	26.15623635046747	23.786815726473044	23.668496740698966	26.388451182360516	0.0
188.0	26.171717339260343	23.824688859769886	23.798979360524584	26.20461444044519	0.0
189.0	26.26889520418431	23.84472482390278	23.731934139086395	26.15444583282651	0.0
190.0	26.212776309533027	23.7991109440138	23.766213660942356	26.22189908551082	0.0
191.0	26.250096756714914	23.75736733272146	23.80159897382593	26.190936936737696	0.0
192.0	26.286864308383002	23.688808289009543	23.817909391483198	26.206418011124256	0.0
193.0	26.22106974224011	23.80298121261044	23.782800526356528	26.19314851879292	0.0
194.0	26.184855086085832	23.751285482069598	23.75377351188172	26.310085919962845	0.0
195.0	26.187066668141057	23.789988168036004	23.797452257472383	26.225492906350556	0.0
196.0	26.38749129189566	23.66365154313138	23.676644587705812	26.272212577267144	0.0
197.0	26.214231016971173	23.679198078129883	23.7444399291186	26.362130975780346	0.0
198.0	26.29336798164377	23.660741436983386	23.830481298205843	26.215409283167002	0.0
199.0	26.35121873004376	23.74125381155506	23.714714606791272	26.192812851609908	0.0
200.0	26.239270163798466	23.79404243555187	23.86536733706545	26.101320063584215	0.0
201.0	26.213283571774138	23.86674960259866	23.69645448890732	26.223512336719885	0.0
202.0	26.221853618080033	23.84490980717396	23.755615453728662	26.177621121017346	0.0
203.0	26.216324555947196	23.6903725205612	23.80344184117769	26.289861082313916	0.0
204.0	26.256686709516895	23.65194553873799	23.727970143064482	26.36339760868063	0.0
205.0	26.232635289239063	23.74289861082314	23.778561061579932	26.24590503835787	0.0
206.0	26.242383695856507	23.762039566078005	23.802125377359534	26.193451360705954	0.0
207.0	26.287722130685275	23.7968727538123	23.72250666253829	26.192898452964137	0.0
208.0	26.269970502127332	23.709157057511177	23.776888817624634	26.24398362273686	0.0
209.0	26.273011519928342	23.668241545279372	23.831627138042858	26.227119796749427	0.0
210.0	26.291257626734417	23.686487652085447	23.711368706821006	26.31088601435913	0.0
211.0	26.224631691275874	23.85180843799503	23.72767962048098	26.19588025024812	0.0
212.0	26.165193616074266	23.788499976501225	23.66713572062446	26.379170686800045	0.0
213.0	26.166852353056637	23.82969194489676	23.803428609342557	26.200027092704048	0.0
214.0	26.271978325776846	23.848280437907775	23.731339157359283	26.148402078956103	0.0
215.0	26.204799292270266	23.802112130930002	23.778336835121088	26.21475174167865	0.0
216.0	26.239632865199603	23.760367134800397	23.82450514209886	26.17549485790114	0.0
217.0	26.27418998120093	23.690423532013714	23.82367577131483	26.21171071547053	0.0
218.0	26.206734490766337	23.80570607099414	23.791883224593608	26.195676213645914	0.0
219.0	26.17217737476501	23.750691142320026	23.755943823952226	26.321187658962735	0.0
220.0	26.1737043774432	23.792844149309683	23.796161650788736	26.237289822458383	0.0
221.0	26.382706970623527	23.667055551562267	23.681707849761416	26.268529628052796	0.0
222.0	26.21082227266067	23.67569121716701	23.75973482031533	26.353751689856985	0.0
223.0	26.289685830872838	23.65751031195745	23.833338862533036	26.219464994636677	0.0
224.0	26.35306802316741	23.717567698326032	23.717844159075515	26.211520119431043	0.0
225.0	26.229082172882922	23.789026106332923	23.870029553817528	26.111862166966628	0.0
226.0	26.216917832646324	23.856206439912306	23.69419954494309	26.232676182498277	0.0
227.0	26.219682455427368	23.842936250563294	23.750044925120193	26.18733636888915	0.0
228.0	26.204753492409726	23.68922322393721	23.815290022752844	26.29073326090022	0.0
229.0	26.244985637705238	23.656731478998427	23.735247200112795	26.363035683183533	0.0
230.0	26.22798990348595	23.745331191648535	23.78293047726211	26.243748427603403	0.0
231.0	26.23332890982682	23.765841682701875	23.81035321699511	26.190476190476193	0.0
232.0	26.27341693760644	23.800676796496585	23.72713600070776	26.198770265189214	0.0
233.0	26.269618996801242	23.707019294835817	23.78553675252901	26.237824955833933	0.0
234.0	26.276254274916163	23.661401757795762	23.831154289569067	26.231189677719012	0.0
235.0	26.29754245886819	23.683519351512153	23.69623696789908	26.322701221720585	0.0
236.0	26.232572027326288	23.84663660517054	23.724989839730387	26.195801527772787	0.0
237.0	26.161519257512378	23.784430872843192	23.676331133554324	26.377718736090106	0.0
238.0	26.162901607119654	23.82977193996179	23.7990837786803	26.208242674238257	0.0
239.0	26.273838684884243	23.84366135658636	23.723396608257627	26.159103350271774	0.0
240.0	26.209882550706688	23.799794297847868	23.767169494149655	26.22315365729579	0.0
241.0	26.253082937943084	23.76378335932402	23.805810854153535	26.177322848579358	0.0
242.0	26.280454252604045	23.686502658655215	23.822822681660945	26.21022040707979	0.0
243.0	26.208496600087937	23.802702784913738	23.793024304048092	26.19577631095023	0.0
244.0	26.168668834760293	23.751686909581647	23.763301696865113	26.31634255879295	0.0
245.0	26.183786235391075	23.780538393889277	23.81012959285829	26.22554577786136	0.0
246.0	26.375848021306663	23.66356267129823	23.678497249548506	26.2820920578466	0.0
247.0	26.21923392862576	23.675803949009705	23.74826791754596	26.356694204818577	0.0
248.0	26.299980085411455	23.65853118845839	23.833613612727635	26.20787511340252	0.0
249.0	26.358413798635294	23.716681003366126	23.72276603336256	26.20213916463602	0.0
