# Position (bp)	A	C	G	T	N
0.0	26.60459520145429	21.52120730553567	25.31082465854989	26.55055457193194	0.012818262528212923
1.0	25.455302896779557	21.18289171052306	22.32298793481918	31.0388174578782	0.0
2.0	28.39454292002721	19.832969421183037	23.153698138877033	28.618571026960577	2.1849295214567362E-4
3.0	28.656952955554164	21.067308938837996	20.726095778570503	29.54964232703734	0.0
4.0	28.627092252094254	21.525488659487475	21.072042952801155	28.77537613561712	0.0
5.0	28.84956989693695	21.05556781542894	22.111834807795532	27.98288181797657	1.4566186201014827E-4
6.0	28.653727523464305	21.382068879124688	21.988022225086905	27.9761813723241	0.0
7.0	28.14514913225587	22.025894309209544	21.43217655965618	28.3967799988784	0.0
8.0	28.230871138048848	21.76850979903761	21.65926340253	28.341355660383545	0.0
9.0	28.107568371857255	21.92138192321726	21.587524935490002	28.383524769435482	0.0
10.0	27.95695400653876	22.194934900072322	21.77681252517219	28.07129856821673	0.0
11.0	28.416225857456755	21.740615552462668	22.089184388252953	27.753755709034607	2.184927930152224E-4
12.0	28.295399342919342	21.934418659867173	21.69844644341073	28.071735553802757	0.0
13.0	28.103344177858958	22.131207835442883	21.61964337606324	28.14580461063492	0.0
14.0	28.3350193693861	21.84053958980163	21.862097545379132	27.96219783357113	1.4566186201014827E-4
15.0	28.25767292065871	21.994285685153343	21.65278144967055	28.095259944517398	0.0
16.0	28.019151621617095	22.107974768452262	21.733405290293167	28.13946831963748	0.0
17.0	28.29925938226261	21.842141870283744	21.99785440077259	27.860671515750052	7.283093100507413E-5
18.0	28.084116812073624	22.044830351270864	21.76603354738344	28.105019289272075	0.0
19.0	27.924325749448485	22.2233389631643	21.75139453025142	28.100940757135795	0.0
20.0	28.321181492495136	21.843088672386806	21.991882264430174	27.84384757068788	0.0
21.0	28.15286921094241	21.954155842169545	21.751321699320414	28.14165324756763	0.0
22.0	28.08462662859065	22.068937389433543	21.710973363543605	28.1354626184322	0.0
23.0	28.473835123881774	21.73231282632809	21.88212605140553	27.9115803365226	1.4566186201014827E-4
24.0	28.25548799272856	21.798297649818686	21.533265891891222	28.412948465561534	0.0
25.0	28.06860382376954	21.952699223549445	21.582353939388643	28.396051689568353	2.9132372402029653E-4
26.0	28.401805333117753	21.675067714558104	21.8573635348638	28.065690586529335	7.283093100507413E-5
27.0	28.196422107683443	21.779434438688373	21.61287009947977	28.411273354148413	0.0
28.0	28.03430045526615	22.016134964454864	21.556571789812846	28.39299279046614	0.0
29.0	28.33596617148917	21.76472259062535	21.843744150765854	28.05527576339561	2.9132372402029653E-4
30.0	28.15658358842367	21.900625107880817	21.676742825971218	28.266048477724297	0.0
31.0	28.071371399147733	22.04606847709795	21.621755473062386	28.260804650691927	0.0
32.0	28.438293629551296	21.691017688448213	21.788246981339988	28.082296038798493	1.4566186201014827E-4
33.0	28.25133662966127	21.747607321839155	21.597284280244683	28.403043458944836	7.283093100507413E-4
34.0	28.13305919770903	21.909437650532432	21.5128004002788	28.444702751479745	0.0
35.0	28.526141574983416	21.595543792879692	21.696231326144492	28.1820833059924	0.0
36.0	28.330577547094745	21.64361661355847	21.45666115509419	28.568706678492823	4.38005759775741E-4
37.0	28.131519963974345	21.84625641670456	21.459463094902166	28.562760524418934	0.0
38.0	28.449237879888468	21.5744868430302	21.710025306371115	28.266249970710216	0.0
39.0	28.353148638260166	21.706928119150035	21.47945800348577	28.46046523910403	0.0
40.0	28.134149998236147	21.88767770839948	21.472951282322644	28.50522101104173	0.0
41.0	28.473175010328777	21.59623583337568	21.76444205833162	28.166147097963922	0.0
42.0	28.356406645350056	21.70411835738095	21.52719344086117	28.412281556407827	0.0
43.0	28.20656625333784	21.80360727373891	21.471617339241625	28.518209133681626	0.0
44.0	28.490091260992195	21.54729740757061	21.69151084345572	28.27110048798147	0.0
45.0	28.347520916891806	21.584714899491804	21.430962355545503	28.636801828070883	0.0
46.0	28.255634745270875	21.772637823176343	21.3452669930072	28.62631124293372	1.4919561185866402E-4
47.0	28.4533336326326	21.463648233573146	21.64756763228092	28.435375676696932	7.482481639860676E-5
48.0	28.3375760173621	21.584163915991102	21.464127612328532	28.614132454318263	0.0
49.0	28.11814816349127	21.762204789647914	21.504758389792528	28.61488865706829	0.0
50.0	28.48456770062594	21.528885207393962	21.629101814328706	28.357445277651394	0.0
51.0	28.316643908359886	21.66196328326506	21.45493855257169	28.566454255803368	0.0
52.0	28.15465293029972	21.877103787350315	21.464266457899882	28.503976824450085	0.0
53.0	28.47300968557624	21.51701188465394	21.706640281812266	28.303338147957557	0.0
54.0	28.335342490997185	21.582192464507013	21.555548730391514	28.52691631410429	0.0
55.0	28.094923348524546	21.818117312968006	21.47166822332238	28.615213989385946	7.712579911968613E-5
56.0	28.44207236044312	21.501169640940766	21.702399023065055	28.354358975551058	0.0
57.0	28.37204594121082	21.56488222698073	21.439127895658945	28.623943936149505	0.0
58.0	28.16275032520949	21.74324808748644	21.406846070639727	28.68715551666434	0.0
59.0	28.48697606062418	21.43544991361432	21.647480338996917	28.43009368676458	0.0
60.0	28.377702787151605	21.580213865671855	21.43687735235627	28.605205994820267	0.0
61.0	28.138748908043326	21.781452728022035	21.485252021213793	28.594546342720843	0.0
62.0	28.517383534202434	21.503705120581486	21.723795445650897	28.25511589956518	0.0
63.0	28.306531093389676	21.721087076950827	21.510931320132435	28.461369990080005	8.051944705685317E-5
64.0	28.085866750945094	21.82981430383183	21.481679571800765	28.602639373422313	0.0
65.0	28.42800552109404	21.59426484936093	21.679675390995918	28.298054238549113	0.0
66.0	28.28887112791923	21.69252366311511	21.525774991149177	28.49283021781648	0.0
67.0	28.18618913303751	21.832220612461207	21.42042149629447	28.56108601777761	8.274042920770247E-5
68.0	28.410306255058888	21.5726466942476	21.73694858626183	28.280098464431685	0.0
69.0	28.317251624134997	21.64359437123374	21.47387100351882	28.565283001112444	0.0
70.0	28.16121457325255	21.869705471746702	21.48917713712574	28.479902817875	0.0
71.0	28.442904032162986	21.60399747808273	21.71984164546559	28.233256844288697	0.0
72.0	28.33600468779622	21.690450338658806	21.504317253502922	28.46922772004205	0.0
73.0	28.140318960486923	21.904684052758316	21.513092615766446	28.44190437098832	0.0
74.0	28.432377678726606	21.6484646970737	21.702535167750124	28.21662245644957	0.0
75.0	28.330022436093476	21.693690147886745	21.59210277876026	28.38418463725952	0.0
76.0	28.200616595793072	21.906253441824106	21.499010097808245	28.394119864574574	0.0
77.0	28.39361623195539	21.66257381163939	21.799203386241857	28.14460657016336	0.0
78.0	28.249902349020612	21.70230126996585	21.578076417494298	28.46953701086464	1.8295265459728003E-4
79.0	28.10101168971148	21.90597345644461	21.553570519907666	28.439444333936247	0.0
80.0	28.42576201117214	21.639535177631757	21.79456334201778	28.140139469178322	0.0
81.0	28.30218003586009	21.783963791162346	21.572252779536242	28.341603393441318	0.0
82.0	28.19178239963145	21.967252449827722	21.568081696115787	28.272883454425045	0.0
83.0	28.453854277895452	21.669263220543698	21.808621336865425	28.068261164695425	0.0
84.0	28.329392096695177	21.908117107464168	21.56528373453775	28.197207061302905	0.0
85.0	28.15962284559242	21.962686425420337	21.566218449256397	28.311472279730847	0.0
86.0	28.401653392070124	21.763239610016896	21.784738574618647	28.05036842329433	0.0
87.0	28.272696396776553	21.844838055638462	21.6081224334366	28.27424019431265	1.0291983573994217E-4
88.0	28.159350422919164	22.03726622374786	21.64539179081076	28.157991562522213	0.0
89.0	28.39450194007947	21.87362617525066	21.81723962901688	27.91463225565299	0.0
90.0	28.306233954315058	21.90037025805832	21.598098960665883	28.195296826960742	0.0
91.0	28.114976709480256	22.10860130690266	21.60657950324531	28.16984248037177	0.0
92.0	28.454130980343123	21.79102178242581	21.88568915165534	27.86915808557573	0.0
93.0	28.257807103646343	21.87079652452103	21.62472279783328	28.24667357399935	0.0
94.0	28.038249172582848	22.05782491957193	21.62482633205196	28.278983893563094	1.1568223016830607E-4
95.0	28.398237586450296	21.8106336369282	21.785415898252317	28.005712878369188	0.0
96.0	28.32126938077581	21.818742915329786	21.693020038809582	28.166967665084826	0.0
97.0	28.062606736896228	22.114232198275072	21.664330442127945	28.15883062270076	0.0
98.0	28.43550701381283	21.854398915053753	21.88624298649936	27.82385108463405	0.0
99.0	28.258592880057687	21.983732835261833	21.646744655966284	28.1109296287142	0.0
100.0	28.13219399898552	22.120514521310493	21.665040904184064	28.082250575519918	0.0
101.0	28.335228450130977	21.92366752921048	21.901882541723563	27.839221478934977	0.0
102.0	28.323500057709673	21.94148918113369	21.653212391964097	28.08179836919254	0.0
103.0	28.110512058271812	22.18488748436222	21.646434169986296	28.05816628737967	0.0
104.0	28.503876387417154	21.917284795868216	21.759757729337533	27.819081087377096	0.0
105.0	28.371807094441408	21.955621955331296	21.665106788666566	28.00746416156073	0.0
106.0	28.18910757055087	22.237991103970487	21.582392407134677	27.99050891834397	0.0
107.0	28.447822568230976	21.94273277479474	21.842293371456613	27.767151285517677	0.0
108.0	28.444958741699928	21.902191905752424	21.714015328973257	27.938834023574387	0.0
109.0	28.18614972285997	22.165438668959357	21.628289737013166	28.020121871167508	0.0
110.0	28.423188824599542	22.018152801402834	21.94016274472459	27.61849562927303	0.0
111.0	28.401670002628332	22.01111313290606	21.717784382307947	27.86943248215766	0.0
112.0	28.125870279302355	22.18591674032509	21.720095689641752	27.9681172907308	0.0
113.0	28.5219754358232	21.974902977718177	21.846842446471232	27.65627913998739	0.0
114.0	28.42919990507658	22.061846260564792	21.67649367481426	27.832460159544368	0.0
115.0	28.217806918449075	22.22336900021393	21.725709052832272	27.83311502850473	0.0
116.0	28.604767429066687	22.009354183033913	21.816711288526168	27.56916709937324	0.0
117.0	28.396150172654472	22.128167400373705	21.62857148530501	27.847110941666813	0.0
118.0	28.23626315230099	22.256922586394367	21.546677894323764	27.960136366980876	0.0
119.0	28.48571140143517	22.089281658268206	21.85920030957929	27.565806630717333	0.0
120.0	28.46333638764153	22.182292377443176	21.61193822932439	27.7424330055909	0.0
121.0	28.134200921905865	22.334899606013593	21.679743741419912	27.851155730660626	0.0
122.0	28.499983889602348	22.028897450414497	21.934536549889298	27.536582110093853	0.0
123.0	28.38536474207423	22.192867519298147	21.66163443187968	27.760133306747942	0.0
124.0	28.230921692517637	22.261884054065312	21.681002908080643	27.826191345336415	0.0
125.0	28.61473733182638	22.045062060839598	21.85466967046693	27.485530936867097	0.0
126.0	28.5561801564808	22.19647265761604	21.658080578738865	27.566822729906203	0.02244387725808893
127.0	28.209919485744177	22.323426790269263	21.637195105509807	27.811392794162852	0.018065824313903137
128.0	28.66185631894221	21.997454655835494	21.80223734081156	27.525362934330676	0.013088750080064162
129.0	28.505440804450494	22.181962603642937	21.634860288890746	27.665073229975796	0.012663073040029702
130.0	28.35890685124075	22.410085655400817	21.59880153917633	27.62476024826962	0.007445705912486151
131.0	28.667235552707705	22.00849632329157	22.02051070358059	27.298828443891303	0.004928976528829892
132.0	28.45729685304995	22.169130646687247	21.81044396237294	27.560898691717394	0.002229846172469045
133.0	28.385310991682918	22.37695101794392	21.61848299797764	27.61826525596234	9.897364331878421E-4
134.0	28.646331466047275	22.149542287197704	21.824361251537095	27.379423418499794	3.415767181308922E-4
135.0	28.413126211394534	22.327858183721688	21.65831953935175	27.599281298190515	0.0014147673415106886
136.0	28.301658528001404	22.359699675919817	21.738301585206692	27.59997360432889	3.666065431935829E-4
137.0	28.3787582916062	22.23784087714366	21.92099324514281	27.462027672879515	3.799132278187662E-4
138.0	28.44478037335349	22.25594633535678	21.724496303469778	27.574383321129663	3.936666902866681E-4
139.0	28.4878522758356	22.320703184006074	21.692393740584546	27.49864254132594	4.082582478372519E-4
140.0	28.61269595198462	22.243965250687232	21.902571466087227	27.239073069282604	0.0016942619583126843
141.0	28.32256362917051	22.235702668249154	21.76579190294079	27.674623060354303	0.0013187392852433075
142.0	28.216691924263728	22.45522101918969	21.882816921981412	27.443900746772808	0.0013693877923642937
143.0	28.442109651075764	22.349435828446374	21.990848199482723	27.216658929637244	9.473913578960332E-4
144.0	28.588006215211532	22.39246307259603	21.663749188678874	27.354306394193888	0.0014751293196703578
145.0	28.382319144046374	22.373790250504328	21.831413906692884	27.409923137815685	0.0025535609407318503
146.0	28.72545428484974	22.27654706353883	21.870437907768096	27.12543729727721	0.002123446566121472
147.0	28.58002738999823	22.27038787771691	21.61877098427284	27.52915709489309	0.0016566531189256054
148.0	28.54878994057359	22.498205724456692	21.59676169149944	27.35566847529641	5.741681738581231E-4
149.0	28.691128868503718	22.055398287168092	22.0123983230014	27.241074521326787	0.0
150.0	28.614826457268173	22.43226956743224	21.51035292509738	27.442551050202212	0.0
151.0	28.33826933771323	22.5870698239851	21.690182739935075	27.384478098366593	0.0
152.0	28.66218890070397	22.19657302841452	22.051875681423553	27.089362389457953	0.0
153.0	28.46791977318072	22.41170499492457	21.69134376421996	27.429031467674754	0.0
154.0	28.521263004197845	22.539149479832084	21.657966782259535	27.281620733710533	0.0
155.0	28.664358808536537	22.064138167154866	22.116635599345685	27.15486742496291	0.0
156.0	28.65990812608902	22.31823221923016	21.70679550134643	27.31506415333439	0.0
157.0	28.453453453453452	22.655347655347654	21.658746658746658	27.231627231627233	8.25000825000825E-4
158.0	28.814128217706745	22.10374118922827	21.855017083645315	27.226252872376133	8.606370435396281E-4
159.0	28.615052990838873	22.455541584336267	21.795401472965693	27.13310580204778	8.981498113885396E-4
160.0	28.534212943006544	22.468467117716514	21.736604381805574	27.26071555747137	0.0
161.0	28.75705165182194	22.551598048513412	21.869164360927247	26.822185938737398	0.0
162.0	28.737239689669252	22.321355655369537	21.532258064516128	27.409146590445076	0.0
163.0	28.483582534929074	22.394040476165102	21.892084874191383	27.230292114714437	0.0
164.0	28.59114638408709	22.450160843286323	22.147397010207147	26.81129576241944	0.0
165.0	28.826136006792197	22.2560798315907	21.830404391667926	27.087379769949177	0.0
166.0	28.607394794453906	22.548041838968622	21.562880077839942	27.280467039649718	0.0012162490878131842
167.0	28.687379331368764	22.69967482979372	21.96931206178234	26.642363580936895	0.0012701961182806625
168.0	28.60557134131768	22.056988076586027	22.15657115542927	27.18086942666702	0.0
169.0	28.614093819889145	22.76458903443582	21.582463987553655	27.03746405700871	0.0013891011126699914
170.0	28.784357022488233	22.279040037189844	21.936196176419315	27.000406763902607	0.0
171.0	28.600504268051886	22.4611926243203	21.935660256994442	27.002642850633375	0.0
172.0	28.601661203577	22.726983419788052	21.659294147598892	27.012061229036057	0.0
173.0	28.809408785753554	22.224258275167003	21.87109563710873	27.095237301970716	0.0
174.0	28.436530889578034	22.697654970556467	21.62967350778773	27.23614063207777	0.0
175.0	28.183742745556085	22.82184180749717	21.814432237106253	27.17998320984049	0.0
176.0	28.71578947368421	22.432535885167464	22.057416267942585	26.794258373205743	0.0
177.0	28.457356098148185	22.294003169953655	22.021146399695045	27.22749433220312	0.0
178.0	28.46868822811961	22.736257728056525	21.697438701265927	27.097615342557933	0.0
179.0	28.863551319583546	22.537474411745283	22.013603046378023	26.585371222293148	0.0
180.0	28.532865745333737	22.46498857947073	21.685162540664006	27.316983134531526	0.0
181.0	28.164717844433145	22.659597646887935	21.935749388723462	27.239935119955454	0.0
182.0	28.932812341418856	22.381508170100478	21.691363036638585	26.994316451842078	0.0
183.0	28.447449685869447	22.55350867852199	22.095623469279097	26.903418166329462	0.0
184.0	28.243997766610835	22.83640424343942	21.901172529313236	27.018425460636514	0.0
185.0	28.87437391992033	22.828856799742244	21.885709264520663	26.411060015816762	0.0
186.0	28.47961129220739	22.605941324804725	21.987822129282243	26.926625253705637	0.0
187.0	28.12388980395956	22.526886929561087	21.713012305009205	27.63621096147014	0.0
188.0	28.271170378393013	22.818655655587897	21.92513368983957	26.985040276179518	0.0
189.0	29.135881786058466	22.739765142592	21.890280900881606	26.234072170467932	0.0
190.0	28.55857881718012	22.779401843939734	21.5276216175699	27.134397721310243	0.0
191.0	28.729977567003818	21.921366444960448	22.614034397260813	26.73462159077492	0.0
192.0	28.443449048152296	22.636970677284225	21.488117456762474	27.431462817801005	0.0
193.0	29.119609296646754	22.35642959926743	21.776479309292288	26.747481794793533	0.0
194.0	29.053094507306792	22.50217600439782	22.076137248614227	26.36859223968116	0.0
195.0	28.447402691361596	22.529301114165822	22.056624704577242	26.96667148989534	0.0
196.0	28.34705702958219	22.354376334248247	22.29846497916031	27.00010165700925	0.0
197.0	28.690584398224882	22.360049189969526	22.269154681067207	26.680211730738385	0.0
198.0	27.963046417305094	22.62843623253718	22.3017124831005	27.10680486705723	0.0
199.0	28.267585551330797	23.722671102661597	21.6611216730038	26.3486216730038	0.0
200.0	28.72467222884386	22.59582209397152	22.01869393388119	26.66081174330343	0.0
201.0	28.30537577598732	22.764496103553032	22.090873068286886	26.839255052172767	0.0
202.0	28.53850988059493	22.547308148872286	21.71636058934432	27.197821381188465	0.0
203.0	28.947368421052634	22.30226403998824	22.00088209350191	26.749485445457218	0.0
204.0	28.867747972551467	22.473487211478478	22.0134123518403	26.645352464129758	0.0
205.0	28.18466096115866	22.58064516129032	22.202106649111258	27.032587228439763	0.0
206.0	28.995633187772924	22.698689956331876	22.358078602620086	25.94759825327511	0.0
207.0	27.647167715660864	23.269159570529432	22.500925583117365	26.582747130692336	0.0
208.0	28.51953661888867	22.85489888081681	21.666993913214217	26.958570587080306	0.0
209.0	28.301689964531608	22.585019820571667	22.230335906530357	26.88295430836637	0.0
210.0	28.954927087936365	23.298718515245252	21.277065841802916	26.469288555015467	0.0
211.0	27.598777046095957	23.812323612417686	22.342427093132645	26.246472248353715	0.0
212.0	29.368262722486836	23.238906994234142	22.248683880671845	25.14414640260717	0.0
213.0	29.24163667866187	22.044515527122485	21.36478741836599	27.34906037584966	0.0
214.0	28.119207186653355	23.299586482247257	21.7738485669471	26.80735776415229	0.0
215.0	28.48863809669056	21.70199786487723	22.58654872655178	27.22281531188043	0.0
216.0	28.85644768856448	22.611516626115165	21.78426601784266	26.747769667477694	0.0
217.0	28.833824293883207	22.439785132559347	22.006584647374805	26.719805926182637	0.0
218.0	29.60976511928981	22.063991122618827	21.527649343443684	26.79859441464768	0.0
219.0	27.416485471437042	23.067799960466495	21.605060288594586	27.910654279501877	0.0
220.0	29.43058221369162	22.56344636383024	21.497120921305182	26.508850501172958	0.0
221.0	28.757126567844928	23.033067274800455	21.710376282782214	26.499429874572407	0.0
222.0	27.598123920019745	23.994075536904468	22.735127129103923	25.672673413971857	0.0
223.0	28.4524449220849	22.783449758194518	21.413218699623858	27.35088662009672	0.0
224.0	28.866880279638803	22.89542674046024	23.186717157005535	25.050975822895428	0.0
225.0	28.914141414141415	22.474747474747474	22.474747474747474	26.136363636363637	0.0
226.0	28.74828060522696	22.317744154057774	21.973865199449794	26.960110041265473	0.0
227.0	29.091605979302415	22.882330394787274	20.69758528171713	27.32847834419318	0.0
228.0	27.3185060847671	24.884599244649603	22.24087284934956	25.556021821233738	0.0
229.0	28.317757009345794	23.22429906542056	22.009345794392523	26.448598130841123	0.0
230.0	28.407908428720084	22.892819979188346	23.413111342351716	25.286160249739854	0.0
231.0	28.724035608308608	23.323442136498514	20.89020771513353	27.062314540059347	0.0
232.0	29.286190793862577	24.816544362908605	20.9472981987992	24.94996664442962	0.0
233.0	28.538102643856924	22.783825816485226	20.762052877138416	27.91601866251944	0.0
234.0	29.76618705035971	24.640287769784173	20.503597122302157	25.089928057553955	0.0
235.0	29.379760609357998	23.83025027203482	21.545157780195865	25.244831338411316	0.0
236.0	27.35723771580345	23.638778220451528	19.256308100929616	29.747675962815407	0.0
237.0	30.228471001757466	22.319859402460455	21.26537785588752	26.18629173989455	0.0
238.0	30.808080808080806	27.77777777777778	17.929292929292927	23.484848484848484	0.0
239.0	25.769230769230766	24.615384615384617	21.923076923076923	27.692307692307693	0.0
240.0	19.565217391304348	23.91304347826087	24.637681159420293	31.88405797101449	0.0
