# Position (bp)	A	C	G	T	N
0.0	26.086769084856826	23.994063070636525	24.033786301336114	25.885381543170528	0.0
1.0	25.960209024255803	24.065503299491603	23.984209245966863	25.990078430285728	0.0
2.0	25.936019066798462	23.946199111324606	24.16544265949814	25.95233916237879	0.0
3.0	25.989537307596382	24.109147004215252	24.070966490441016	25.83034919774735	0.0
4.0	25.909458989288165	24.096852956299784	23.945058362404204	26.048629692007847	0.0
5.0	26.012032316066897	24.01690928347989	23.934702825192737	26.036355575260473	0.0
6.0	26.03794962422914	23.992684706541585	23.925566273295175	26.0437993959341	0.0
7.0	25.91876506645403	24.089701395580814	23.929916166632285	26.06161737133287	0.0
8.0	25.996164041118032	24.124363880414133	23.89623823582835	25.983233842639486	0.0
9.0	25.963654946726145	24.090988852664925	23.94260400023397	26.002752200374964	0.0
10.0	25.898299449568395	24.019813074905493	24.074917804676822	26.00696967084929	0.0
11.0	25.851198758758265	24.067221613367977	24.11463015183046	25.966949476043293	0.0
12.0	26.02697976825229	24.124481276705783	23.89020921326454	25.95832974177739	0.0
13.0	26.105173071950155	23.8911327562216	24.126020514967554	25.877673656860694	0.0
14.0	26.072541220800648	24.025354332647858	23.97394377470477	25.92816067184672	0.0
15.0	25.9269292812373	24.017965988991367	23.93484712285584	26.12025760691549	0.0
16.0	25.99496361240749	24.065682375106206	24.03181913334729	25.90753487913901	0.0
17.0	26.01251092859166	24.0570626408403	23.960090630348855	25.970335800219186	0.0
18.0	25.78593505645926	24.130022534448152	24.029972047433166	26.05407036165942	0.0
19.0	26.070386287234175	23.939156989988795	23.927766626851703	26.06269009592533	0.0
20.0	26.003503295498977	23.947703001813217	24.131179637787568	25.917614064900242	0.0
21.0	26.04067258140981	24.05660667779016	23.88421305389148	26.018507686908553	0.0
22.0	25.950473774619965	23.917152549886406	24.148344713364818	25.984028962128814	0.0
23.0	25.811635338230133	24.13787795762811	24.003965053349667	26.046521650792087	0.0
24.0	26.049292262604745	23.905762256878813	23.937470369845894	26.107475110670546	0.0
25.0	26.10439665310093	23.993806143369927	24.03905946964333	25.862737733885815	0.0
26.0	25.956322844002237	24.057222369304085	23.985494307931955	26.00096047876172	0.0
27.0	25.93261872071617	23.947321434068673	24.16342915545595	25.9566306897592	0.0
28.0	25.997266329678176	24.094471705896478	24.078155880777498	25.83010608364785	0.0
29.0	25.92738534284782	24.081234338347116	23.950399891638295	26.040980427166772	0.0
30.0	26.017891995394628	24.01566319211422	23.923001619268682	26.043443193222465	0.0
31.0	26.040056889895887	23.99134337731423	23.93839390711678	26.030205825673104	0.0
32.0	25.90799106015922	24.082773567131923	23.966100025243353	26.04313534746551	0.0
33.0	25.992340797566786	24.13172104248887	23.907609331420584	25.968328828523756	0.0
34.0	25.981258350316157	24.090469711055974	23.940548827415512	25.987723111212357	0.0
35.0	25.90799106015922	24.011661197273718	24.079695109562305	26.000652633004762	0.0
36.0	25.85842789328835	24.07230681139522	24.106169844661032	25.963095450655405	0.0
37.0	26.034515666270575	24.130489659461023	23.900836724767423	25.934157949500978	0.0
38.0	26.09823973796169	23.878671830266164	24.129258276433177	25.89383015533897	0.0
39.0	26.047753033819937	24.047371305081302	23.99134337731423	25.913532283784534	0.0
40.0	25.91414797529846	24.01966518695473	23.940856673172473	26.12533016457434	0.0
41.0	25.977256355475653	24.0756931147218	24.046139922053456	25.900910607749093	0.0
42.0	25.99695848392122	24.07846372653446	23.953478349207913	25.971099440336413	0.0
43.0	25.77961937950609	24.140648569440767	24.049218379623074	26.030513671430068	0.0
44.0	26.061913938640185	23.946397896797787	23.937162524088933	26.0545256404731	0.0
45.0	26.006113797912196	23.941706506915732	24.123950634006384	25.928229061165688	0.0
46.0	26.03035340475311	24.06446250461766	23.906846447481836	25.998337643147394	0.0
47.0	25.930304149735257	23.929011205516563	24.150966629725403	25.989718015022778	0.0
48.0	25.793313631326193	24.14419406477035	24.013668267454747	26.048824036448714	0.0
49.0	26.024504371382832	23.91423470016008	23.96041127939909	26.100849649058	0.0
50.0	26.10177318064278	23.986578007634527	24.055227188769855	25.85642162295284	0.0
51.0	25.93307474448959	24.048762467676394	23.997968230513482	26.020194557320526	0.0
52.0	25.93707671469031	23.951791651274473	24.15958625785002	25.951545376185198	0.0
53.0	26.00326314493289	24.093091983745843	24.080470385420515	25.82317448590075	0.0
54.0	25.936461026967123	24.08847432582194	23.94163280384189	26.033431843369044	0.0
55.0	26.028198497721956	24.01274473586997	23.922854328284693	26.036202438123386	0.0
56.0	26.04205147149366	23.97980544267947	23.939170052949144	26.038973032877728	0.0
57.0	25.923223740918605	24.073389976603867	23.945634774042606	26.057751508434922	0.0
58.0	25.984792513237288	24.129725403275458	23.923162172146288	25.96231991134097	0.0
59.0	25.964782662233716	24.094939046915403	23.944711242457824	25.995567048393053	0.0
60.0	25.909986454870086	24.028752616672826	24.062307597586504	25.998953330870584	0.0
61.0	25.853343184336904	24.059844846693757	24.13095677872183	25.955855190247508	0.0
62.0	26.037433813569756	24.12910971555227	23.89545622460288	25.938000246275088	0.0
63.0	26.105775150843492	23.89730328777244	24.118335180396503	25.87858638098756	0.0
64.0	26.032816155645854	24.067848787095187	24.000430981406232	25.89890407585273	0.0
65.0	25.936461026967123	24.017362393793867	23.952715182859254	26.09346139637976	0.0
66.0	25.970323851742393	24.07000369412634	24.052148750153922	25.907523703977343	0.0
67.0	26.002647457209704	24.07092722571112	23.959179903952716	25.96724541312646	0.0
68.0	25.78223125230883	24.127570496244306	24.054919344908264	26.035278906538608	0.0
69.0	26.06421622952838	23.93701514591799	23.954870089890406	26.043898534663217	0.0
70.0	25.9754772334773	23.95448850360638	24.1493530681164	25.920681194799915	0.0
71.0	26.052357761619493	24.05815750426361	23.878993479907155	26.01049125420974	0.0
72.0	25.922756293829003	23.926401142709377	24.167133560315477	25.983709003146142	0.0
73.0	25.80054303322846	24.15481988166555	24.02244783617882	26.02218924892717	0.0
74.0	26.040044082969565	23.906391414903243	23.952875551806724	26.10068895032046	0.0
75.0	26.10623010571293	23.99474205921648	24.04153403808621	25.857493796984382	0.0
76.0	25.937532708208916	24.04492029971494	24.01321257719137	26.004334414884774	0.0
77.0	25.94522875736512	23.957801023266693	24.153280671834306	25.94368954753388	0.0
78.0	25.987403106741127	24.107412218863324	24.077859390103495	25.82732528429206	0.0
79.0	25.94799933506135	24.072626076677277	23.95749318130045	26.021881406960922	0.0
80.0	26.011722622074736	24.020292942415082	23.933481507933088	26.034502927577098	0.0
81.0	26.035426453475846	23.987353852026523	23.947642238380503	26.029577456117124	0.0
82.0	25.919370032200266	24.071086866846038	23.956261813435457	26.05328128751824	0.0
83.0	25.97662863792244	24.132655260095678	23.92609330074313	25.964622801238757	0.0
84.0	25.96277574944127	24.10310243133585	23.95225986787423	25.981861951348655	0.0
85.0	25.915060244672794	24.0255262558413	24.079706441900985	25.979707057584918	0.0
86.0	25.85102911569317	24.046459509546178	24.15081793610432	25.95169343865633	0.0
87.0	26.044969554429535	24.11695531981702	23.9143953060257	25.923679819727745	0.0
88.0	26.10838499947667	23.909777676531977	24.116339635884522	25.86549768810683	0.0
89.0	26.052665603585744	24.060312398027346	23.993202849385238	25.89381914900167	0.0
90.0	25.94338170556763	24.028604675503786	23.95225986787423	26.07575375105436	0.0
91.0	25.96831690483373	24.06523786948732	24.065545711453566	25.90089951422538	0.0
92.0	26.016648093534705	24.061543765892342	23.978426435005325	25.94338170556763	0.0
93.0	25.782380357219818	24.122496475209488	24.05507908460113	26.040044082969565	0.0
94.0	26.062824388471935	23.937175611528065	23.964881388490404	26.035118611509596	0.0
95.0	25.990093676021953	23.9438744254917	24.168290528039698	25.897741370446646	0.0
96.0	26.009099752496585	24.060164263461846	23.908399108495153	26.022336875546415	0.0
97.0	25.912745810296634	23.925330312396103	24.17283372942089	25.98909014788637	0.0
98.0	25.78899410178424	24.155594685449017	24.03615273792959	26.019258474837155	0.0
99.0	26.027570156752166	23.913324549629976	23.947186957431875	26.111918336185987	0.0
100.0	26.10730073512209	24.001366809914913	24.02968809644014	25.861644358522863	0.0
101.0	25.920441812069793	24.06570538473852	24.028148896085504	25.985703907106178	0.0
102.0	25.94229845710557	23.95242023863762	24.15621036559087	25.949070938665947	0.0
103.0	26.000480230510647	24.094026671263748	24.078018987575575	25.827474110650034	0.0
104.0	25.961384541502998	24.068783785447785	23.955498639346885	26.01433303370233	0.0
105.0	26.022952555688267	24.030611616652916	23.92563815246703	26.020797675191787	0.0
106.0	26.01464087377326	24.0047530506951	23.946263437219095	26.034342638312545	0.0
107.0	25.90720468901996	24.072170026227973	23.96935144253857	26.051273842213497	0.0
108.0	25.973390304269127	24.118653876937852	23.938567435445936	25.969388383347088	0.0
109.0	25.98047062590043	24.09125611062541	23.97366120353154	25.954612059942615	0.0
110.0	25.925982933346468	24.01491177303567	24.097412912043936	25.961692381573926	0.0
111.0	25.85086995604044	24.03522921771681	24.152208444668826	25.961692381573926	0.0
112.0	26.045117040794967	24.121116597505264	23.91732647055202	25.916439891147753	0.0
113.0	26.094987132285034	23.913016709559052	24.1121892354484	25.879806922707516	0.0
114.0	26.07189912696556	24.032150817007548	24.00844713154622	25.88750292448068	0.0
115.0	25.94537685781483	24.021068574454198	23.961655440765416	26.07189912696556	0.0
116.0	25.947223898240384	24.06324266417111	24.10110699289505	25.88842644469345	0.0
117.0	26.006329191858246	24.075248426937236	23.986590486510448	25.931831894694067	0.0
118.0	25.780682419869226	24.133738040413245	24.068475945376857	26.017103594340668	0.0
119.0	26.063279604979623	23.940106635800568	23.975200403886173	26.02141335533364	0.0
120.0	25.98116628648301	23.921709872153624	24.165827799891023	25.93129604147234	0.0
121.0	26.030193140049622	24.05015361314116	23.89838752378079	26.021265723028424	0.0
122.0	25.901515198157878	23.941177557089294	24.180062922897903	25.977244321854933	0.0
123.0	25.793154826038506	24.14281404498187	24.034453672862497	26.029577456117124	0.0
124.0	26.03758134723958	23.921475671249407	23.948873606245495	26.092069375265513	0.0
125.0	26.09945758245547	23.989200903824013	24.048614403309916	25.8627271104106	0.0
126.0	25.934146446580186	24.05507908460113	24.03106741123377	25.979707057584918	0.0
127.0	25.94307386360138	23.941793241021788	24.172059031775447	25.94307386360138	0.0
128.0	25.99140505230235	24.105257325099586	24.08062996779973	25.822707654798332	0.0
129.0	25.960928697643777	24.04830656134367	23.968267650119135	26.02249709089342	0.0
130.0	26.033271559712105	24.012904735225124	23.935636401696826	26.01818730336594	0.0
131.0	26.016112498114463	23.994200239501787	23.959106147315147	26.030581115068603	0.0
132.0	25.90467336327619	24.067159010100326	23.994200239501787	26.0339673871217	0.0
133.0	25.976400762219054	24.12041583420812	23.944945373274926	25.9582380302979	0.0
134.0	25.96262775520256	24.08847432582194	23.995197635759144	25.953700283216353	0.0
135.0	25.92537864794976	24.005356483191726	24.10509789434799	25.964166974510526	0.0
136.0	25.839490210565202	24.02567417805689	24.174054919344908	25.960780692033005	0.0
137.0	26.024504371382832	24.116180273365348	23.922854328284693	25.936461026967123	0.0
138.0	26.096231991134093	23.89114641054057	24.120182243566063	25.89243935475927	0.0
139.0	26.05128678734146	24.030907523703977	24.03306243073513	25.884743258219434	0.0
140.0	25.951009577052016	23.98634400426057	23.970336074178284	26.09231034450913	0.0
141.0	25.949470353005644	24.050067879780446	24.11656235858379	25.883899408630125	0.0
142.0	26.01658052142754	24.05868753444014	23.99003814197187	25.934693802160453	0.0
143.0	25.78446553523438	24.120564341104362	24.07838960223372	26.01658052142754	0.0
144.0	26.060602329153827	23.93247116263749	23.983881245786375	26.023045262422308	0.0
145.0	25.980334813045268	23.912227017775013	24.182515592387592	25.924922576792124	0.0
146.0	26.026591798348093	24.036362852753843	23.913839864301174	26.02320548459689	0.0
147.0	25.907762970351282	23.915379097824445	24.18720773803477	25.989650193789497	0.0
148.0	25.80124801054067	24.14010719222256	24.035131465935223	26.023513331301544	0.0
149.0	26.03775443608467	23.89020921326454	23.966247583395926	26.10578876725486	0.0
150.0	26.123643931091383	23.984410594884803	24.025354332647858	25.866591141375956	0.0
151.0	25.935241167850855	24.045980125355566	24.035205457523183	25.983573249270403	0.0
152.0	25.949710007511484	23.93146079867995	24.15803667081235	25.96079252299622	0.0
153.0	25.967257323695648	24.10231624573631	24.102008398083957	25.828418032484084	0.0
154.0	25.956174808210914	24.05459985962147	23.976406555923603	26.01281877624401	0.0
155.0	26.021130662857566	23.994877415064835	23.956396458520608	26.027595463556995	0.0
156.0	26.024289254544613	23.992180645558513	23.942309172349038	26.04122092754783	0.0
157.0	25.91100096972309	24.057136700170854	23.99125709975834	26.040605230347712	0.0
158.0	25.969800052334264	24.105776778980097	23.94446411254945	25.97995905613619	0.0
159.0	25.968340752507434	24.071063989607	24.000566443167894	25.960028814717674	0.0
160.0	25.926781063558618	23.99902719542905	24.129247554135343	25.944944186876988	0.0
161.0	25.843661685660983	24.00302923955005	24.160032508912245	25.993276565876727	0.0
162.0	26.05022873221399	24.093844856141907	23.918678463461337	25.937247948182762	0.0
163.0	26.11364573905441	23.868498987174988	24.112315829008047	25.905539444762553	0.0
164.0	26.043456042163076	24.019345265581805	24.04582032668994	25.89137836556518	0.0
165.0	25.965650041713744	23.97385733592338	23.98155359831052	26.07893902405236	0.0
166.0	25.95579882585821	24.044047248894046	24.132400341098347	25.867753584149394	0.0
167.0	26.021370981396597	24.057284820199918	23.986787056733768	25.934557141669718	0.0
168.0	25.797255820683247	24.111466507405343	24.058208371686373	26.033069300225037	0.0
169.0	26.078323323061387	23.933528921014798	23.972933784436925	26.01521397148689	0.0
170.0	25.979583292286474	23.935757560831444	24.169108954782782	25.915550192099303	0.0
171.0	26.035076701423204	24.026647702959387	23.929366347423738	26.008909248193675	0.0
172.0	25.909472925921477	23.909971646794794	24.184575979509347	25.99597944777438	0.0
173.0	25.809113046476472	24.1331646302231	24.027879112523127	26.029843210777297	0.0
174.0	26.03792753132408	23.8857248406859	23.960533201982575	26.11581442600745	0.0
175.0	26.09765107902595	24.007326909460332	24.02087245636179	25.874149555151927	0.0
176.0	25.947418649755257	24.038112243327276	24.034110149924576	25.980358956992887	0.0
177.0	25.948342209771262	23.914355201182158	24.17356771234184	25.963734876704734	0.0
178.0	25.97943539697688	24.081827417418342	24.089831604223747	25.848905581381032	0.0
179.0	25.983129637040914	24.030108056521872	23.994397069236214	25.992365237201	0.0
180.0	26.036080411292062	23.971000215497337	23.954068281870516	26.03885109134009	0.0
181.0	26.026001373030116	23.98739028842868	23.94829279405472	26.038315544486483	0.0
182.0	25.921023061364597	24.04649831141924	24.00616939989964	26.026309227316524	0.0
183.0	25.980746792927974	24.09421572581266	23.96614834266645	25.958889138592923	0.0
184.0	25.976208947504524	24.052729444506017	23.981922740650436	25.989138867339022	0.0
185.0	25.932493504254563	24.004704027977883	24.115839767507726	25.946962700259828	0.0
186.0	25.857068971886658	24.003472607041264	24.15278239560629	25.986676025465783	0.0
187.0	26.061484847365374	24.069969337618677	23.921583114756118	25.946962700259828	0.0
188.0	26.123363749430467	23.837230780597732	24.113684780868645	25.925720689103155	0.0
189.0	26.036856428632998	24.026561749602866	24.02748531530533	25.909096506458802	0.0
190.0	25.974749635960066	23.960754493930615	23.975839446844013	26.088656423265306	0.0
191.0	25.97013179323147	24.030945703405195	24.114066872519835	25.884855630843496	0.0
192.0	26.031087317248875	24.070043438507266	23.977378727753543	25.921490516490316	0.0
193.0	25.80265803027458	24.112219735428397	24.067580589052017	26.017541645245007	0.0
194.0	26.083422868172907	23.915499635190425	23.965680192841113	26.03539730379556	0.0
195.0	25.99330102885853	23.92234611761374	24.169247535603677	25.91510531792406	0.0
196.0	26.023243284845687	24.026475794658662	23.918109751404604	26.03217116909105	0.0
197.0	25.936119448934043	23.922111906411146	24.164396213345647	25.977372431309163	0.0
198.0	25.816670514892635	24.13361040560302	24.025552220426384	26.024166859077962	0.0
199.0	26.04241065931089	23.884626751717853	23.960052212890673	26.112910376080585	0.0
200.0	26.12324440148021	23.987894759526874	24.031919413333007	25.856941425659908	0.0
201.0	25.978092212206295	24.030835919412837	24.02960445298261	25.961467415398253	0.0
202.0	25.967476771321437	23.91676467147352	24.16367521104386	25.952083346161185	0.0
203.0	25.984729534189217	24.098088113050707	24.093162156337552	25.824020196422527	0.0
204.0	25.98950764759489	24.012955345927438	23.992943523558534	26.00459348291914	0.0
205.0	26.046785138114064	23.962451201339885	23.95290698390414	26.037856676641912	0.0
206.0	26.04088091946662	23.977438215254452	23.94572609968688	26.035954765592045	0.0
207.0	25.923736510722144	24.04901553287458	23.992056527963793	26.035191428439475	0.0
208.0	25.98394650065119	24.099030447459736	23.95370532869032	25.963317723198752	0.0
209.0	25.984358642773568	24.049202537102037	23.987314489808487	25.979124330315905	0.0
210.0	25.92572065497854	23.997918552593493	24.119849495341374	25.95651129708659	0.0
211.0	25.871699182185438	23.991895753276186	24.16371071041482	25.97269435412356	0.0
212.0	26.05968605087971	24.071485315581064	23.915372914652398	25.95345571888683	0.0
213.0	26.137602305688475	23.84115136623127	24.109963604116246	25.911282723964014	0.0
214.0	26.02553285831296	24.03235640076611	24.02742965531257	25.91468108560836	0.0
215.0	25.95634220469095	23.959439943587896	23.993619766407086	26.09059808531407	0.0
216.0	25.96774739876027	24.021629011944608	24.114623909542445	25.89599967975267	0.0
217.0	26.036268233424792	24.068890551721804	23.984825110008714	25.910016104844697	0.0
218.0	25.80347162560393	24.102763074023777	24.071046075868292	26.022719224503998	0.0
219.0	26.092927725275366	23.92754975411628	23.95988261631362	26.019639904294728	0.0
220.0	26.000628183257067	23.92423617227002	24.15395416725687	25.921181477216038	0.0
221.0	26.02488737247608	24.02299664657899	23.935234939629183	26.01688104131575	0.0
222.0	25.926815523755852	23.933226786885548	24.15247843666183	25.987479252696765	0.0
223.0	25.793488268968428	24.139842395538544	24.02990727881332	26.036762056679713	0.0
224.0	26.03117705388543	23.8785930292	23.96759113837512	26.122638778539446	0.0
225.0	26.13327010014659	23.96589103361624	24.01855113881327	25.882287727423904	0.0
226.0	25.96299535594181	24.01483142191946	24.028997647174762	25.993175574963967	0.0
227.0	25.946536909858025	23.902559206676727	24.171722460041266	25.97918142342398	0.0
228.0	25.996292007489895	24.07269389967478	24.0939440228639	25.837070069971418	0.0
229.0	25.98506920276688	24.021398345539545	23.989676560988983	26.003855890704592	0.0
230.0	26.056372730184542	23.9658018577377	23.94886293640821	26.028962475669548	0.0
231.0	26.06138068033077	23.964335761252865	23.93476955296509	26.03951400545127	0.0
232.0	25.923108432324888	24.05949040780311	23.964630987615916	26.052770172256086	0.0
233.0	25.988561361795444	24.08366159617357	23.95707892783556	25.97069811419543	0.0
234.0	25.96585029320455	24.051089045483664	23.987335534420737	25.995725126891045	0.0
235.0	25.936135219873968	23.98101550421022	24.10636738264046	25.97648189327535	0.0
236.0	25.861304291583764	23.995170659291247	24.1611792461547	25.98234580297029	0.0
237.0	26.053973807734483	24.076925919994085	23.909682267860884	25.95941800441055	0.0
238.0	26.13839368216147	23.844973942612146	24.10061970998066	25.91601266524573	0.0
239.0	26.02874320844678	24.035938250766936	24.037170278561483	25.898148262224797	0.0
240.0	25.992435069735347	23.960438125277218	23.962902271943225	26.08422453304421	0.0
241.0	25.97784636615102	24.038787341132696	24.10501413865119	25.878352154065094	0.0
242.0	26.05806700038506	24.040662302656912	23.99322294955718	25.908047747400847	0.0
243.0	25.814759476902697	24.105297207375116	24.079419602285856	26.00052371343633	0.0
244.0	26.081223466200022	23.941266721300362	23.952357772670418	26.025152039829198	0.0
245.0	25.99629671849823	23.909888870745615	24.168379151942375	25.925435258813778	0.0
246.0	26.023311632091545	24.01196700753946	23.952193591920114	26.01252776844888	0.0
247.0	25.9390155973649	23.924176223724512	24.158352385823715	25.978455793086873	0.0
248.0	25.814105408470144	24.142138736873246	24.022580486121385	26.021175368535225	0.0
249.0	26.048063797465232	23.86088060469545	23.983828772336356	26.10722682550296	0.0
