# Position (bp)	A	C	G	T	N
0.0	26.435256200341257	23.657526297949595	23.67045265220064	26.23676484950851	0.0
1.0	26.30742891941423	23.605533628628713	23.58513871414373	26.501898737813324	0.0
2.0	26.224724264705884	23.883846507352942	23.569048713235293	26.322380514705884	0.0
3.0	26.231273838518447	23.7118583704793	23.812956665594413	26.243911125407838	0.0
4.0	26.255919543035688	23.852778918529282	23.68621324426856	26.20508829416647	0.0
5.0	26.313809501929793	23.616120657967286	23.69193392758684	26.378135912516083	0.0
6.0	26.294872199839762	23.593566487383665	23.81783774936179	26.293723563414783	0.0
7.0	26.32499296514733	23.766890824829296	23.623609539834494	26.28450667018888	0.0
8.0	26.2506568047847	23.76125899786664	23.609655532808656	26.378428664540003	0.0
9.0	26.227432469680263	23.61292952958471	23.82683296582139	26.332805034913637	0.0
10.0	26.34184014768496	23.702804119330825	23.747017734253205	26.20833799873101	0.0
11.0	26.235325529917404	23.686439339781632	23.698497598396827	26.37973753190414	0.0
12.0	26.18020206196222	23.73897889517641	23.78778613242839	26.293032910432977	0.0
13.0	26.203457275005814	23.672945574188436	23.801279898021583	26.322317252784167	0.0
14.0	26.352674341821942	23.636128735896182	23.70273606844478	26.3084608538371	0.0
15.0	26.29094771898596	23.84025724211191	23.725417013579857	26.14337802532227	0.0
16.0	26.454020843501482	23.704458671872757	23.66512589360053	26.176394591025236	0.0
17.0	26.311331859550403	23.803795469552984	23.556888978209066	26.32798369268755	0.0
18.0	26.422726881226495	23.71278458844133	23.64789985932072	26.216588671011454	0.0
19.0	26.30501564698114	23.653067669604663	23.68924234159226	26.352674341821942	0.0
20.0	26.299560736125866	23.751543165570897	23.64876116103471	26.300134937268528	0.0
21.0	26.32597398868824	23.653928971318653	23.702161867302117	26.317935172690994	0.0
22.0	26.23553730871924	23.766472395280065	23.719962102724583	26.278028193276104	0.0
23.0	26.356119548677903	23.64445465246476	23.639573942752147	26.359851856105195	0.0
24.0	26.323102982974937	23.655938675317962	23.682351927880337	26.338606413826763	0.0
25.0	26.422152680083833	23.660819385030578	23.682351927880337	26.234676007005252	0.0
26.0	26.30070913841119	23.614596193046424	23.592202348482676	26.492492320059718	0.0
27.0	26.21457896701214	23.889064339238036	23.575837615916857	26.320519077832966	0.0
28.0	26.212569263012835	23.720823404438573	23.81384398954954	26.252763342999053	0.0
29.0	26.245298728144466	23.85317676782177	23.691826246734234	26.20969825729953	0.0
30.0	26.309896356693752	23.620912405615687	23.69354885016221	26.37564238752835	0.0
31.0	26.28685284128265	23.595005612800055	23.824111210958023	26.294030334959274	0.0
32.0	26.323601608906984	23.775591353704016	23.606202502935595	26.294604534453402	0.0
33.0	26.25441056986429	23.741713583550332	23.610221899394507	26.39365394719087	0.0
34.0	26.23661038554625	23.61366709635929	23.80602392689292	26.34369859120154	0.0
35.0	26.33479849904252	23.69348082604339	23.75061367570935	26.221106999204736	0.0
36.0	26.2271360938931	23.673670943495896	23.716161706061538	26.38303125654946	0.0
37.0	26.174883939927252	23.734248990126638	23.789946341057274	26.300920728888837	0.0
38.0	26.200722917163112	23.660751454877968	23.812914320822482	26.325611307136437	0.0
39.0	26.36601667470544	23.63771561129103	23.692551505546753	26.303716208456784	0.0
40.0	26.295964537541057	23.827487999265028	23.722409793518455	26.154137669675464	0.0
41.0	26.45501734077494	23.70374836353614	23.67044488849078	26.170789407198143	0.0
42.0	26.310606582604102	23.79762971129332	23.559911803210916	26.33185190289166	0.0
43.0	26.436355910792624	23.694274099083582	23.652931854199682	26.216438135924115	0.0
44.0	26.302567812765567	23.644605985438343	23.699154780771263	26.353671421024828	0.0
45.0	26.30285491168837	23.7488228944165	23.647189875743585	26.301132318151545	0.0
46.0	26.323526034130317	23.666712602494318	23.69369990123797	26.316061462137398	0.0
47.0	26.233376972369598	23.778681182388205	23.714658122602724	26.273283722639473	0.0
48.0	26.362858586554584	23.64144789728749	23.636280116677003	26.359413399480925	0.0
49.0	26.3163485610602	23.660683525115413	23.683077241094193	26.3398906727302	0.0
50.0	26.420852568961163	23.65207055743127	23.69369990123797	26.233376972369598	0.0
51.0	26.306012999839222	23.609867015778956	23.59350237717908	26.490617607202736	0.0
52.0	26.216438135924115	23.877443211833068	23.583453914880913	26.322664737361904	0.0
53.0	26.223615608994233	23.722983991364064	23.806816876823078	26.24658352281862	0.0
54.0	26.248019017432643	23.850168814166608	23.69484829692919	26.206963871471554	0.0
55.0	26.30802269229886	23.616183192080666	23.69484829692919	26.380945818691288	0.0
56.0	26.29617614042542	23.58338620723315	23.833448651069585	26.28698900127184	0.0
57.0	26.32086657690066	23.777177423753923	23.610086330398232	26.291869668947182	0.0
58.0	26.253111425643027	23.740141769041063	23.612670213285178	26.39407659203073	0.0
59.0	26.235024245434424	23.614392801876473	23.80301625262336	26.347566700065745	0.0
60.0	26.327756931265846	23.695641563765925	23.75851604734822	26.218085457620017	0.0
61.0	26.242488795996703	23.674109206374727	23.706264193412245	26.37713780421632	0.0
62.0	26.181623999104254	23.731528826084585	23.788661347695893	26.298185827115265	0.0
63.0	26.19827568882011	23.666357557713898	23.818232451846473	26.31713430161952	0.0
64.0	26.359262045166144	23.632699231153502	23.702463868808028	26.305574854872326	0.0
65.0	26.302416784855044	23.828499572225063	23.7268671371234	26.142216505796494	0.0
66.0	26.458310604799117	23.70016709061364	23.671170265909495	26.17035203867775	0.0
67.0	26.31275228672979	23.792899510212052	23.552311994349925	26.342036208708237	0.0
68.0	26.43677830922673	23.70045418788794	23.639589565736664	26.223177937148666	0.0
69.0	26.30701034124382	23.64475731667404	23.692415464207585	26.35581687787456	0.0
70.0	26.30902002216391	23.746389751775695	23.637579884816574	26.30701034124382	0.0
71.0	26.330265220461996	23.673467044103884	23.68523803235012	26.311029703084	0.0
72.0	26.23150375810332	23.76993172826817	23.72887681804349	26.26968769558502	0.0
73.0	26.3681620606694	23.639876663010963	23.645044413948334	26.346916862371312	0.0
74.0	26.302129687580745	23.668012195892214	23.684376740527224	26.345481375999817	0.0
75.0	26.41093955453987	23.64935087306281	23.697583215144956	26.242126357252367	0.0
76.0	26.300120006660656	23.612028227404007	23.59307980730031	26.494771958635027	0.0
77.0	26.233513439023408	23.861802856043685	23.58245720815127	26.322226496781642	0.0
78.0	26.224613423520154	23.72256067800892	23.803809206635393	26.249016691835525	0.0
79.0	26.248442497286934	23.858070591477805	23.68753481054451	26.205952100690755	0.0
80.0	26.312178092181192	23.618344367438578	23.693563853304777	26.375913687075453	0.0
81.0	26.291431606448185	23.58784433630478	23.833885993999683	26.286838063247348	0.0
82.0	26.318992865653218	23.776466703989204	23.615118499059758	26.289421931297817	0.0
83.0	26.255831646641692	23.736847393881973	23.61999913871065	26.387321820765685	0.0
84.0	26.22970586968692	23.615118499059758	23.81177956734565	26.34339606390767	0.0
85.0	26.33851542425678	23.677992621621232	23.757518338285745	26.22597361583624	0.0
86.0	26.225399422936135	23.679715200321546	23.70756355597663	26.387321820765685	0.0
87.0	26.187502691529218	23.728808693280506	23.78335701879046	26.30033159639981	0.0
88.0	26.19496719923058	23.657895870117564	23.822976328897695	26.32416060175416	0.0
89.0	26.36083326634435	23.625099047990904	23.708930970727728	26.30513671493701	0.0
90.0	26.3048496193112	23.820611169168227	23.73362119454748	26.140918016973092	0.0
91.0	26.46533607413957	23.693714902559744	23.669024678739994	26.171924344560686	0.0
92.0	26.317481826846883	23.795059658471043	23.549879994028412	26.337578520653658	0.0
93.0	26.43375555530036	23.69543747631461	23.64031511615889	26.23049185222614	0.0
94.0	26.3048496193112	23.638879638029834	23.699456815075965	26.356813927583	0.0
95.0	26.308294766820932	23.75027274084452	23.64548283742349	26.29594965491106	0.0
96.0	26.325520504369592	23.668737583114183	23.69026975505001	26.315472157466207	0.0
97.0	26.239966007877904	23.76118237462534	23.730463142663556	26.2683884748332	0.0
98.0	26.361407457595977	23.642324785539568	23.652947323694576	26.343320433169882	0.0
99.0	26.312601201208096	23.675053686882027	23.673331113127162	26.33901399878271	0.0
100.0	26.415955626500075	23.650363463062277	23.69543747631461	26.23824343412304	0.0
101.0	26.304275428059576	23.604715258558322	23.594666911654937	26.49634240172717	0.0
102.0	26.231066043477764	23.86195293928502	23.576292791603027	26.330688225634198	0.0
103.0	26.229917660974518	23.713524500740707	23.803098335993752	26.253459502291022	0.0
104.0	26.251162737284535	23.85965617427853	23.68768589441771	26.201495194019227	0.0
105.0	26.312888296833908	23.607586214816433	23.699743910701777	26.379781577647883	0.0
106.0	26.286687126956192	23.594886267394354	23.81824602301926	26.30018058263019	0.0
107.0	26.328602967986058	23.782359172822456	23.608953912671502	26.280083946519976	0.0
108.0	26.250226087156243	23.732404677348505	23.625318316361245	26.392050919134007	0.0
109.0	26.23788101068854	23.61785385152031	23.80130742972637	26.34295770806478	0.0
110.0	26.337215812033293	23.67728247544622	23.762262536712246	26.223239175808246	0.0
111.0	26.226684313427135	23.686756603898175	23.710298377627275	26.376260705047414	0.0
112.0	26.1933813164445	23.72149507488868	23.797001007702754	26.288122600964066	0.0
113.0	26.19366841124608	23.66953091580371	23.830016909883813	26.306783763066406	0.0
114.0	26.3580980598189	23.633576214838165	23.70506261519646	26.303263110146474	0.0
115.0	26.296659948667596	23.8267904615897	23.738365516568194	26.138184073174514	0.0
116.0	26.46834214711844	23.68266928496374	23.67807578132626	26.17091278659156	0.0
117.0	26.31474686924018	23.77884576737349	23.562089814479872	26.34431754890646	0.0
118.0	26.431881211995933	23.695875607921497	23.6419019401811	26.230341239901467	0.0
119.0	26.303263110146474	23.64505997393187	23.688985352465274	26.36269156345638	0.0
120.0	26.310727553557385	23.738365516568194	23.655108263138853	26.29579866673557	0.0
121.0	26.33225960185807	23.65711792098025	23.684391848827797	26.32623062833388	0.0
122.0	26.24038952910846	23.752146027480634	23.734920388840084	26.272544054570822	0.0
123.0	26.360681905614985	23.635011684724876	23.649653477569345	26.35465293209079	0.0
124.0	26.300392170373048	23.669750055983325	23.675779029507517	26.354078744136107	0.0
125.0	26.420397452902233	23.645921255863893	23.700469111558977	26.233212179674897	0.0
126.0	26.319053278900316	23.60371844119454	23.583621862780564	26.49360641712458	0.0
127.0	26.232063803765527	23.861815926825486	23.580463829029792	26.32565644037919	0.0
128.0	26.23235089774287	23.703340051332404	23.81272285669991	26.251586194224817	0.0
129.0	26.249002348428736	23.854351483414582	23.697023983830867	26.199622184325815	0.0
130.0	26.310440459580036	23.60572809903594	23.706210991105827	26.377620450278194	0.0
131.0	26.289558074971936	23.58799599215657	23.828294341074365	26.294151591797128	0.0
132.0	26.319204400601752	23.779556494677248	23.61562489233914	26.28561421238186	0.0
133.0	26.250588546032912	23.735630863928154	23.62050551797793	26.393275072061	0.0
134.0	26.229917660974518	23.619931326726306	23.809701535387408	26.340449476911772	0.0
135.0	26.337578520653658	23.665292435604453	23.774101677786838	26.223027365955055	0.0
136.0	26.232501521606817	23.68366655565636	23.71237611823746	26.371455804499362	0.0
137.0	26.179675926457584	23.718692222005306	23.80453381412281	26.2970980374143	0.0
138.0	26.195753281503002	23.667302104985126	23.836688524213645	26.300256089298223	0.0
139.0	26.361483140260972	23.61856365646039	23.704118398576	26.315834804702643	0.0
140.0	26.294015474498657	23.818956978596958	23.737995779682183	26.149031767222198	0.0
141.0	26.47266546851404	23.68179286505854	23.674041238652478	26.17150042777494	0.0
142.0	26.319355524038656	23.77567367375414	23.56465717714476	26.340313625062446	0.0
143.0	26.43656711061603	23.695067367568825	23.646260690815446	26.222104830999704	0.0
144.0	26.30909555486014	23.648844573702387	23.685880228415247	26.356179643022227	0.0
145.0	26.30909555486014	23.728944943197643	23.661763988137107	26.300195513805114	0.0
146.0	26.331202108448437	23.65257684898353	23.69621575996302	26.320005282605013	0.0
147.0	26.243712533590575	23.75772296102345	23.734180849353454	26.264383656032525	0.0
148.0	26.359126300558124	23.63771561129103	23.650060864971636	26.353097223179216	0.0
149.0	26.30773559337605	23.665564206803097	23.67934495509773	26.34735524472312	0.0
150.0	26.416546085119087	23.64144789728749	23.70547095707297	26.236535060520456	0.0
151.0	26.316635659983007	23.61130251039298	23.586612003031764	26.48544982659225	0.0
152.0	26.223328510071433	23.85390110016307	23.58460231057213	26.33816807919337	0.0
153.0	26.23079308206436	23.70920324306943	23.82232021865454	26.237683456211673	0.0
154.0	26.254335193734352	23.84672362709295	23.698867681848455	26.20007349732424	0.0
155.0	26.30773559337605	23.61359930177542	23.695709593697604	26.382955511150925	0.0
156.0	26.295178733947534	23.581511924687995	23.83358550261117	26.289723838753297	0.0
157.0	26.31592546869168	23.77364990956332	23.62119950618702	26.28922511555798	0.0
158.0	26.24443742643048	23.72886222043582	23.63124802618357	26.39545232695013	0.0
159.0	26.24127932014585	23.614309092475093	23.804082570124315	26.340329017254742	0.0
160.0	26.342625821825383	23.662541988458557	23.77077890385002	26.224053285866038	0.0
161.0	26.228359794435992	23.680916425023685	23.709626482156697	26.381097298383622	0.0
162.0	26.196204530447016	23.703597370158764	23.807814877551607	26.292383221842613	0.0
163.0	26.205678849300913	23.657087077603283	23.83652493468462	26.30070913841119	0.0
164.0	26.35619521746495	23.621554424376058	23.71141716119882	26.31083319696017	0.0
165.0	26.300497546718578	23.827119023625574	23.73639498261601	26.135988447039843	0.0
166.0	26.475705410154234	23.668132802002827	23.682775015216418	26.17338677262653	0.0
167.0	26.328709073578555	23.781538178853197	23.564776002848053	26.324976744720193	0.0
168.0	26.429270729557548	23.702940222275178	23.644945407356154	26.22284364081112	0.0
169.0	26.304668008394895	23.653271395636608	23.68542693658181	26.35663365938669	0.0
170.0	26.30840034796889	23.732224732778842	23.66963626915336	26.289738650098908	0.0
171.0	26.32447811844149	23.654706910857374	23.710692004467322	26.310122966233813	0.0
172.0	26.23698701716307	23.758419320941933	23.731431557308802	26.273162104586195	0.0
173.0	26.350967252932765	23.64472618904067	23.653052201225357	26.351254356801203	0.0
174.0	26.307327464930264	23.671139744936923	23.676594718437237	26.34493807169558	0.0
175.0	26.427911089674023	23.64271646196161	23.7038695859388	26.22550286242557	0.0
176.0	26.314505061641203	23.608263997749106	23.591037765642856	26.48619317496684	0.0
177.0	26.23239335526807	23.857757259421312	23.581850441852854	26.327998943457764	0.0
178.0	26.23325466687338	23.704730897544113	23.8178498217085	26.244164613874005	0.0
179.0	26.257945599559008	23.842827858262563	23.691811223464427	26.207415318714006	0.0
180.0	26.307614568798698	23.611996348038794	23.6992759240438	26.38111315911871	0.0
181.0	26.295344597407443	23.57847289013939	23.841173683983865	26.2850088284693	0.0
182.0	26.31034957967752	23.7777918140475	23.625338784510085	26.286519821764898	0.0
183.0	26.242879783177912	23.7324291423584	23.629358261748358	26.395332812715328	0.0
184.0	26.2397216224907	23.60351876521659	23.809086315402634	26.347673296890072	0.0
185.0	26.34250539758372	23.653475125178005	23.778940236115577	26.225079241122696	0.0
186.0	26.22881161284395	23.68534383756718	23.710322017547888	26.375522532040975	0.0
187.0	26.184597363222935	23.715777022371263	23.807937893334557	26.29168772107125	0.0
188.0	26.19493316183564	23.6577817079333	23.841816344342874	26.30546878588819	0.0
189.0	26.349471580778804	23.6239710826493	23.709528772361995	26.3170285642099	0.0
190.0	26.297792439341606	23.812599948895073	23.746852596733305	26.142755015030016	0.0
191.0	26.47788413503224	23.672272912587353	23.681460341887213	26.16838261049319	0.0
192.0	26.31164908613789	23.77993809969509	23.579824405257508	26.32858840890951	0.0
193.0	26.438052144553133	23.69243843686926	23.649372238380025	26.22013718019759	0.0
194.0	26.305982469186134	23.65281753425916	23.68526073712105	26.355939259433654	0.0
195.0	26.299091877427855	23.733494879429	23.66602450179586	26.30138874134728	0.0
196.0	26.319763652702694	23.66085655797715	23.7070809443556	26.312298844964555	0.0
197.0	26.239161642262417	23.75854148722366	23.739879414298017	26.262417456215907	0.0
198.0	26.347401665231125	23.641975308641975	23.656330749354005	26.354292276772895	0.0
199.0	26.30663221360896	23.660350272753377	23.680734998564457	26.35228251507321	0.0
200.0	26.429514786103937	23.63049095607235	23.700545506747055	26.23944875107666	0.0
201.0	26.320413436692508	23.604651162790695	23.59115704852139	26.483778351995408	0.0
202.0	26.237726098191217	23.849554981337928	23.584553545793856	26.328165374677003	0.0
203.0	26.227964398507037	23.721791559000863	23.81768590295722	26.232558139534884	0.0
204.0	26.250933103646286	23.8458225667528	23.695377548090725	26.20786678151019	0.0
205.0	26.312087281079528	23.608383577375825	23.703990812517944	26.3755383290267	0.0
206.0	26.295374350051826	23.584469576252452	23.833107950972877	26.28704812272285	0.0
207.0	26.310953901279373	23.77776374118566	23.62358453729012	26.287697820244848	0.0
208.0	26.250373245745003	23.738716494016586	23.625594322070885	26.385315938167537	0.0
209.0	26.2404750010049	23.611087184964425	23.8043147455885	26.344123068442176	0.0
210.0	26.35302359500881	23.647550632511614	23.785078123654156	26.21434764882542	0.0
211.0	26.238465204683397	23.676549122293235	23.714161024881278	26.37082464814209	0.0
212.0	26.19137854800829	23.708131635916782	23.81149258959385	26.288997226481076	0.0
213.0	26.19999196081471	23.66420323060403	23.841639534416327	26.294165274164932	0.0
214.0	26.357118862566864	23.61574880919226	23.7056156741594	26.321516654081478	0.0
215.0	26.293953653963758	23.812135185030993	23.75298958061173	26.140921580393517	0.0
216.0	26.485822241108036	23.672665464610155	23.67926911901508	26.16224317526673	0.0
217.0	26.315849919033457	23.77631412722658	23.58222411080358	26.325611842936386	0.0
218.0	26.43823699148126	23.69053463913796	23.656654923612727	26.214573445768053	0.0
219.0	26.31075738391173	23.649764134014372	23.685366546939196	26.3541119351347	0.0
220.0	26.302431013147054	23.71666221636505	23.681634035906757	26.29927273458114	0.0
221.0	26.311618732611525	23.66354571321108	23.712642589099346	26.31219296507805	0.0
222.0	26.234459789256082	23.75778805018806	23.74458066553734	26.26317149501852	0.0
223.0	26.359355709322692	23.644951046541678	23.65126762180941	26.344425622326224	0.0
224.0	26.309684458353672	23.65385167532803	23.68830572224296	26.34815814407534	0.0
225.0	26.437738666054152	23.624565735450343	23.69605788279882	26.24163771569669	0.0
226.0	26.318010853024777	23.610496999626747	23.586379166786298	26.485112980562175	0.0
227.0	26.24307330098481	23.854546498607483	23.58121105974906	26.321169140658647	0.0
228.0	26.22699474575785	23.72505670561888	23.81377587642482	26.234172672198458	0.0
229.0	26.2381923110052	23.853398030376987	23.69548364868357	26.21292600993425	0.0
230.0	26.30351892686512	23.61292952958471	23.702510565968392	26.381040977581772	0.0
231.0	26.297852058790593	23.567058202000073	23.854751971793377	26.28033776741595	0.0
232.0	26.31659038835899	23.772129801370138	23.623401457422922	26.287878352847947	0.0
233.0	26.249404225263145	23.745714728699976	23.623975698133144	26.38090534790373	0.0
234.0	26.24682014206715	23.60215455114475	23.808881206824275	26.34214409996382	0.0
235.0	26.35334179381313	23.66043998323217	23.780169171313233	26.206049051641468	0.0
236.0	26.230454281825853	23.667617992109932	23.719586776384922	26.38234094967929	0.0
237.0	26.183366543587745	23.707240601115174	23.822375863514466	26.287016991782615	0.0
238.0	26.190257432110393	23.66733087175482	23.849078056539742	26.293333639595044	0.0
239.0	26.36002124696728	23.618301103980937	23.708170033162496	26.313507615889286	0.0
240.0	26.288178761453267	23.818780634175894	23.75962993484809	26.133410669522743	0.0
241.0	26.466390813575185	23.679623721834414	23.693693952385193	26.16029151220521	0.0
242.0	26.300177176150996	23.787262269520244	23.58998509652798	26.322575457800774	0.0
243.0	26.436355804436783	23.683825113073446	23.65568238925982	26.224136693229955	0.0
244.0	26.306901889382527	23.653897515572545	23.6800312456025	26.359169349442436	0.0
245.0	26.301081877475298	23.708539278729205	23.68039380684739	26.309985036948113	0.0
246.0	26.322894168466522	23.638906759799642	23.721049124580674	26.317149947153162	0.0
247.0	26.227337484776765	23.76777959052368	23.735896964544224	26.268985960155334	0.0
248.0	26.354976962231845	23.628649561650448	23.6545024186784	26.361871057439302	0.0
249.0	26.313612390987117	23.649906355206767	23.68724937091381	26.349231882892305	0.0
