# Position (bp)	A	C	G	T	N
0.0	22.529200452456816	22.63713543457814	25.224260303543833	29.609403809421213	0.0
1.0	26.200440026683353	21.032612523772627	24.351250678478053	28.415696771065967	0.0
2.0	27.84038881453828	19.646445603669374	22.93359408988643	29.579571491905917	0.0
3.0	29.16310164305292	20.51236899185621	22.174274237154005	28.150255127936873	0.0
4.0	28.505341838288455	21.222749581001825	21.93416601235967	28.33774256835005	0.0
5.0	27.60436628209298	21.33254885549794	23.269573792363357	27.793303901603277	2.0716844244549916E-4
6.0	26.617415822282624	22.496835502041645	23.693233257164405	27.19251541851133	0.0
7.0	25.62321446698667	23.677902792423435	23.758491316534737	26.940391424055154	0.0
8.0	25.436141363458386	23.766363717347662	23.936449008595417	26.86104591059853	0.0
9.0	25.59628256946876	23.80572572141231	23.79184543576846	26.80614627335047	0.0
10.0	25.848199395482485	23.790395256671342	23.79370995175047	26.567695396095704	0.0
11.0	26.37502874462139	23.27350999276982	23.44214510492046	26.909316157688334	0.0
12.0	26.276623734459776	23.234562325590066	23.16764691868017	27.321167021269982	0.0
13.0	26.027192929755394	23.46369062293479	23.230211788298714	27.2789046590111	0.0
14.0	26.040244541629466	23.517761586413066	23.604565163797727	26.837428708159745	0.0
15.0	25.914493297065043	23.863525716854603	24.004400257717542	26.21758072836281	0.0
16.0	25.907863906906787	24.051634662595117	24.235185902601827	25.805315527896266	0.0
17.0	26.0085477699353	23.807797405836766	24.346849693079953	25.836805131147983	0.0
18.0	25.727627361979206	24.181114939123553	24.07483752814901	26.016420170748226	0.0
19.0	26.03133629860431	24.056813873656253	23.889628940602737	26.022220887136704	0.0
20.0	26.313292548772633	23.60995154330131	23.933341481958735	26.143414425967322	0.0
21.0	26.083128409215682	23.728037555495245	23.649520715808404	26.539313319480666	0.0
22.0	26.06572626005026	23.746889883757788	23.70483468994135	26.482549166250603	0.0
23.0	26.25777140619724	23.6426841572077	23.872641128322204	26.22690330827286	0.0
24.0	25.985759241266297	23.843016041052497	23.86953360168552	26.301691115995684	0.0
25.0	26.0131054756691	24.04355509333974	24.12828698629995	25.815052444691204	0.0
26.0	26.313914054099968	23.82768557631153	24.288635360752767	25.56976500883573	0.0
27.0	26.189612988632664	23.989898466746357	23.917803848775325	25.90268469584565	0.0
28.0	26.226696139830413	23.94142105121411	23.973946496678053	25.857936312277424	0.0
29.0	26.5585799846281	23.64413433630482	23.767192391117444	26.030093287949637	0.0
30.0	26.324065307779797	23.77029991775413	23.588198856844535	26.31743591762154	0.0
31.0	26.300240936898568	23.77982966610662	23.657185948178885	26.26274344881593	0.0
32.0	26.509066726883628	23.494765889301615	23.62113863919337	26.37502874462139	0.0
33.0	26.440908309319056	23.632118566642983	23.437587399186658	26.489385724851306	0.0
34.0	26.57536062846619	23.69054006741261	23.41334869142053	26.320750612700667	0.0
35.0	26.86639863112921	23.505107021761265	23.35205383105363	26.27644051605589	0.0
36.0	26.802763497241628	23.549932535141505	23.14343541307281	26.50386855454406	0.0
37.0	26.925070564867408	23.648160086420184	23.184697006655746	26.24207234205666	0.0
38.0	27.29227382512054	23.223755158061728	23.024562623102767	26.459408393714963	0.0
39.0	27.17497667953103	23.434784994421378	22.866634353337115	26.523375340661755	2.286320487260622E-4
40.0	27.24562732632827	23.60137968030191	22.807075331862052	26.345917661507766	0.0
41.0	27.487761124372255	23.33553722222492	22.782782442135762	26.393919211267058	0.0
42.0	27.347287634761035	23.374295309458738	22.662545256512402	26.615871799267826	0.0
43.0	27.46296009430965	23.35082822883218	22.708619408569263	26.477329713579067	2.625547098376624E-4
44.0	27.77857025292149	23.103363142590663	22.490261699676303	26.62780490481154	0.0
45.0	27.379812874574228	23.45219103465126	22.390951292775117	26.776757354949048	2.8744305034565025E-4
46.0	27.638497340826913	23.293269666109275	22.465635998140694	26.602596994923122	0.0
47.0	27.92973714982968	23.094399816970867	22.352750521124612	26.623112512074837	0.0
48.0	27.814829608197872	23.212086019917365	22.23065072114013	26.742433650744633	0.0
49.0	27.877440412557135	23.29690546631103	22.15576731152397	26.66953164678347	3.551628243968447E-4
50.0	28.048840122326002	23.010227687354003	22.332770352872142	26.607785681237704	3.761562101509515E-4
51.0	27.962788619572677	23.18770045796167	22.181620897094255	26.667890025371392	0.0
52.0	27.88623601453387	23.219473358798666	22.23615004785337	26.658140578814084	0.0
53.0	28.14441063680392	22.786849828061143	22.366454818789048	26.702284716345893	0.0
54.0	28.052103536623328	23.064435026219382	22.046787826545028	26.836673610612266	0.0
55.0	28.03581364246591	23.206893207352618	22.109411290281415	26.647881859900053	0.0
56.0	28.414452952797685	22.78043550432402	22.132240490690698	26.672871052187592	0.0
57.0	27.915342193501896	23.062976156577424	22.029160685956032	26.992520963964644	0.0
58.0	28.328856187456957	23.199473909509955	21.71550167815422	26.756168224878866	0.0
59.0	28.53473508153635	22.458501748866723	22.03771180534815	26.969051364248784	0.0
60.0	28.27793232655842	23.075394572499146	21.9519984103554	26.694674690587032	0.0
61.0	28.199694670403535	23.11238711539484	21.966261839117127	26.721656375084496	0.0
62.0	28.525046382189238	22.837125280734302	21.815903394850764	26.821924942225696	0.0
63.0	28.436316133246244	23.01937731330285	21.9655998258219	26.578706727628997	0.0
64.0	28.301675560697092	23.000709034593424	21.860656043586967	26.836959361122513	0.0
65.0	28.52171478285217	22.793772062279377	21.89078109218908	26.79373206267937	0.0
66.0	28.243227307325334	22.567780529379604	21.997448514671042	27.191543648624023	0.0
67.0	28.097235791046494	23.044652606172058	21.991839549451182	26.86627205333027	0.0
68.0	28.503404717260437	22.694414289943747	22.14176453172802	26.660416461067797	0.0
69.0	28.22594530163565	23.12826965101649	21.69392755446659	26.951857492881263	0.0
70.0	28.14428435019311	22.91675573987772	21.874955463394475	27.064004446534696	0.0
71.0	28.716801275076243	22.718425771252548	21.76211858822087	26.80265436545034	0.0
72.0	28.241114867650698	22.83499628927187	21.710233363568896	27.213655479508535	0.0
73.0	28.35112692763938	23.07501637718879	22.04281085674829	26.531045838423537	0.0
74.0	28.680546296119925	22.60043048439018	21.798510447818053	26.920512771671838	0.0
75.0	28.09246659562259	22.803098614640543	21.930076235757028	27.174358553979832	0.0
76.0	28.30612155085156	22.646657571623464	22.28138890111341	26.765831976411565	0.0
77.0	28.979437306263456	22.462790752703437	21.610941530015854	26.94683041101725	0.0
78.0	28.498041808656733	22.837088652662633	21.52738924774935	27.137480290931286	0.0
79.0	28.622178499207518	22.84800787014265	21.76586325627152	26.763950374378314	0.0
80.0	28.932699642081793	22.504840697060377	21.715660388429267	26.846799272428562	0.0
81.0	28.418493020905704	22.78784816522453	21.78993241962989	27.00372639423988	0.0
82.0	28.56802963869345	23.078753271472756	21.763366302980863	26.589850786852924	0.0
83.0	28.76166087433693	22.56081946222791	21.97548929943296	26.702030364002194	0.0
84.0	28.57086753328359	23.26512979617484	21.32113262380709	26.84287004673448	0.0
85.0	27.76606510372744	23.098330241187384	22.027323326024625	27.108281329060553	0.0
86.0	28.412533345390422	22.855721842926254	21.671112718723155	27.06063209296017	0.0
87.0	28.09877261922088	22.93213020909135	21.864842575073983	27.104254596613785	0.0
88.0	28.243559718969557	22.909185532136352	21.779859484777518	27.067395264116577	0.0
89.0	28.525980911983034	22.475860914215552	22.023776301836246	26.974381871965175	0.0
90.0	27.81182408074982	23.239605863975004	22.26628214371545	26.682287911559722	0.0
91.0	28.49306227815424	23.078412391093902	21.69086802194256	26.737657308809293	0.0
92.0	29.20035938903863	22.35123367198839	21.660100905383924	26.788306033589055	0.0
93.0	28.16117542297418	23.07064410804393	22.172751558325913	26.595428910655983	0.0
94.0	28.779904306220093	23.03030303030303	21.770334928229666	26.41945773524721	0.0
95.0	28.236808236808237	22.17932217932218	22.453882453882454	27.129987129987132	0.0
96.0	27.613793103448277	22.70344827586207	22.878160919540232	26.804597701149426	0.0
97.0	27.804733141895237	23.55678780077235	21.546687790870383	27.091791266462028	0.0
98.0	28.85492942799533	23.368354027379816	21.023028759418445	26.75368778520641	0.0
99.0	28.053783044667274	22.6640838650866	22.2538742023701	27.028258887876028	0.0
100.0	27.465222208543643	22.085436415117567	22.77483688292503	27.674504493413764	0.0
101.0	28.33025586916381	23.42389870746505	22.10498549195463	26.14085993141651	0.0
102.0	28.41777526181715	22.516275120294367	22.43136144919332	26.63458816869516	0.0
103.0	28.271454656116855	23.41752891052952	21.850273889227022	26.460742544126596	0.0
104.0	27.876902930103125	24.472090358487478	21.34555573743657	26.305450973972828	0.0
105.0	27.85388127853881	22.585177379697928	22.35686687741482	27.204074464348437	0.0
106.0	28.37357289912034	22.871046228710462	22.290847838293093	26.464533033876098	0.0
107.0	29.07399919126567	21.73473513950667	22.44237767893247	26.748887990295188	0.0
108.0	27.797051170858627	22.875108412836077	21.465741543798785	27.8620988725065	0.0
109.0	28.514989542179876	23.26283987915408	21.636067859632817	26.586102719033235	0.0
110.0	28.22942643391521	22.81795511221945	22.01995012468828	26.932668329177055	0.0
111.0	27.838926174496642	23.140939597315434	21.906040268456376	27.114093959731544	0.0
112.0	27.896871378910777	24.04403244495944	23.522595596755504	24.536500579374277	0.0
113.0	27.805486284289277	23.25436408977556	22.288029925187033	26.652119700748127	0.0
114.0	26.798924008069942	23.772696704774717	21.788836583725622	27.639542703429726	0.0
115.0	28.255350018135655	23.83025027203482	20.710917664127678	27.20348204570185	0.0
116.0	28.57702861622893	22.30497843982752	22.2265778126225	26.89141513132105	0.0
117.0	26.888982693119463	22.836639932460955	22.836639932460955	27.43773744195863	0.0
118.0	27.59725400457666	22.42562929061785	23.844393592677346	26.132723112128147	0.0
119.0	28.728179551122196	20.997506234413965	23.591022443890274	26.683291770573565	0.0
120.0	28.509011469142546	22.55598033861278	22.7198252321136	26.215182960131077	0.0
121.0	29.63615023474178	22.887323943661972	22.241784037558684	25.234741784037556	0.0
122.0	27.51119641714651	23.160588611644272	22.776711452335253	26.551503518873957	0.0
123.0	26.312154696132595	23.480662983425415	23.895027624309392	26.312154696132595	0.0
124.0	27.479182437547312	23.542770628311885	23.694171082513247	25.283875851627556	0.0
125.0	27.721943048576215	24.204355108877724	21.440536013400337	26.633165829145728	0.0
126.0	27.696526508226693	23.6745886654479	23.308957952468006	25.3199268738574	0.0
127.0	29.828109201213348	25.176946410515672	20.323559150657232	24.67138523761375	0.0
128.0	28.441410693970422	21.387940841865756	23.66325369738339	26.507394766780436	0.0
129.0	28.9002557544757	23.145780051150894	24.168797953964194	23.785166240409207	0.0
130.0	30.403458213256485	21.75792507204611	22.622478386167145	25.216138328530256	0.0
131.0	29.516129032258064	23.548387096774192	20.806451612903228	26.129032258064516	0.0
132.0	29.42271880819367	21.22905027932961	18.808193668528865	30.54003724394786	0.0
133.0	27.25173210161663	23.787528868360276	23.787528868360276	25.17321016166282	0.0
134.0	27.27272727272727	24.242424242424242	21.487603305785125	26.997245179063363	0.0
135.0	25.581395348837212	23.920265780730897	24.58471760797342	25.91362126245847	0.0
136.0	27.27272727272727	25.6198347107438	23.96694214876033	23.140495867768596	0.0
137.0	32.25806451612903	22.58064516129032	20.967741935483872	24.193548387096776	0.0
138.0	32.08955223880597	28.35820895522388	13.432835820895523	26.119402985074625	0.0
139.0	31.868131868131865	30.76923076923077	14.285714285714285	23.076923076923077	0.0
140.0	23.684210526315788	15.789473684210526	31.57894736842105	28.947368421052634	0.0
