# Position (bp)	A	C	G	T	N
0.0	26.215941983161777	23.77097950842055	23.837378089617964	26.15529219687323	0.020408221926478662
1.0	26.315971014576068	23.826167939545673	23.679861109115002	26.15960379305488	0.01839614370837513
2.0	26.339222838287245	23.787391458062068	23.69828718594337	26.159577128370515	0.015521389336805524
3.0	26.370913271538406	23.65193648056334	23.644751023927572	26.320902493353454	0.011496730617230725
4.0	26.224273655591034	23.737070365378038	23.741094036057838	26.28893979151638	0.008622151456712489
5.0	26.192624693940893	23.756221764969595	23.724897405538375	26.318784269998734	0.007471865552400767
6.0	26.17400100000575	23.7219754136518	23.84410255231352	26.253311800642532	0.006609233386398773
7.0	26.35212987572732	23.617843545722288	23.66927663242583	26.355290568206307	0.005459377918252999
8.0	26.206777664449582	23.637930786800936	23.756590194078523	26.394679001881887	0.004022352789070692
9.0	26.283084401313467	23.803244591151064	23.639492425744137	26.272167590286337	0.0020109915049973137
10.0	26.31492769693035	23.727299364008754	23.68507230306965	26.272700635991242	0.0
11.0	26.24282570852412	23.72959743535238	23.6620915896334	26.365485266490097	0.0
12.0	26.318087545027836	23.73965149748074	23.61009772548389	26.332163232007538	0.0
13.0	26.254603324160197	23.709489311095663	23.72126692673174	26.3146404380124	0.0
14.0	26.205769308108167	23.76550480009652	23.81634962857422	26.212376263221092	0.0
15.0	26.320672875289414	23.726437587254896	23.70000976680321	26.25287977065248	0.0
16.0	26.235356976657343	23.76923916602991	23.839904859846374	26.155498997466374	0.0
17.0	26.394211158285408	23.749418300691143	23.608948689812078	26.24742185121137	0.0
18.0	26.30106371671756	23.79243879248188	23.627265389134173	26.279232101666384	0.0
19.0	26.27837032738805	23.69735636377216	23.80479089047136	26.219482418368433	0.0
20.0	26.25108080857408	23.823175408409195	23.60169941887688	26.324044364139848	0.0
21.0	26.169499510224952	23.670928619236527	23.704250557998847	26.455321312539677	0.0
22.0	26.243899356254612	23.670928619236527	23.72206055975112	26.363111464757743	0.0
23.0	26.2306101344364	23.654486958520053	23.769389865563596	26.34551304147995	0.0
24.0	26.21998161553487	23.782890957141216	23.744685740549233	26.252441686774674	0.0
25.0	26.227450304492706	23.775709525450996	23.833160978972767	26.16367919108353	0.0
26.0	26.32511777547972	23.831437435367114	23.68091462714007	26.1625301620131	0.0
27.0	26.349534643226473	23.788061587958175	23.702171664943123	26.16023210387223	0.0
28.0	26.36361024933931	23.62777203263243	23.665689991956796	26.34292772607147	0.0
29.0	26.22314144547857	23.735780765253363	23.745260255084453	26.295817534183612	0.0
30.0	26.187808801562678	23.742387682408364	23.737791566126624	26.332011949902334	0.0
31.0	26.183787199816155	23.71251292657704	23.851545444099738	26.25215442950707	0.0
32.0	26.347236585085604	23.61427094105481	23.683787199816155	26.354705274043432	0.0
33.0	26.205044237619212	23.647880041365045	23.74842008502815	26.398655635987588	0.0
34.0	26.28949787429622	23.811329426634494	23.625473974491555	26.27369872457773	0.0
35.0	26.32023440193037	23.724864989084224	23.68292542801333	26.271975180972078	0.0
36.0	26.233482707112486	23.734631736182926	23.662817419280707	26.36906813742388	0.0
37.0	26.31994714466276	23.738078823394233	23.60622773756176	26.335746294381245	0.0
38.0	26.25215442950707	23.71251292657704	23.73204642077445	26.30328622314145	0.0
39.0	26.20533149488682	23.762495691140987	23.821670688268412	26.210502125703783	0.0
40.0	26.329139377226245	23.732620935309665	23.696713776858555	26.24152591060554	0.0
41.0	26.24210042514076	23.772836952774906	23.836608066184077	26.148454555900262	0.0
42.0	26.394921291508677	23.74640928415489	23.61111111111111	26.247558313225323	0.0
43.0	26.302636152372305	23.783109895697187	23.632874776299044	26.281379175631464	0.0
44.0	26.291433151116994	23.692336859884925	23.7989090000316	26.21732098896648	0.0
45.0	26.261271224660394	23.818155181675337	23.609032491576205	26.311541102088064	0.0
46.0	26.173083496830124	23.6607386512161	23.711583041528662	26.454594810425107	0.0
47.0	26.24920645407775	23.672228908913855	23.728818428075297	26.3497462089331	0.0
48.0	26.226437857992313	23.655212827686846	23.77700920941509	26.341340104905754	0.0
49.0	26.22098000126393	23.781318043674343	23.74167676848921	26.256025186572522	0.0
50.0	26.217532933856518	23.77930725435336	23.83934367836563	26.16381613342449	0.0
51.0	26.328126346510704	23.828715220526135	23.675320720896696	26.16783771206646	0.0
52.0	26.343063638609454	23.769253307748432	23.7172600410201	26.170423012622013	0.0
53.0	26.358288186325485	23.61959313114368	23.672735420341144	26.34938326218969	0.0
54.0	26.213511355214553	23.728750265711447	23.73736793422995	26.32037044484405	0.0
55.0	26.17846616990595	23.745411091513894	23.73564440052625	26.340478338053902	0.0
56.0	26.184785793486192	23.70749335003246	23.845950557563153	26.261770298918197	0.0
57.0	26.354266607683513	23.6052303502795	23.680778577625087	26.359724464411897	0.0
58.0	26.22270353496763	23.632519633921444	23.74167676848921	26.403100062621725	0.0
59.0	26.307156686449	23.79453180206939	23.629647077748604	26.268664433733	0.0
60.0	26.31893416675763	23.72041985281022	23.682789366946068	26.27785661348608	0.0
61.0	26.22931041416515	23.73736793422995	23.65722361700783	26.376098034597067	0.0
62.0	26.332722436387247	23.74024049040279	23.599197982316543	26.327839090893423	0.0
63.0	26.260334020831777	23.70347177139049	23.7347826336744	26.301411574103334	0.0
64.0	26.22356530181948	23.74799639206945	23.818948529538496	26.209489776572582	0.0
65.0	26.331286158300827	23.7155365073164	23.697439403427534	26.25573793095524	0.0
66.0	26.24913105175772	23.775285675711388	23.82727894243972	26.148304330091175	0.0
67.0	26.4088451749674	23.746272858365742	23.606379372748634	26.238502593918223	0.0
68.0	26.30305955079096	23.792452667591625	23.638771353803108	26.265716427814308	0.0
69.0	26.304783079543725	23.689615452009775	23.797048744265677	26.208552724180823	0.0
70.0	26.26542917302218	23.81169873866421	23.61780175397776	26.305070334335852	0.0
71.0	26.17006058203566	23.664624285094636	23.71460661892492	26.450708513944782	0.0
72.0	26.258535058011105	23.667784087808045	23.73356543520537	26.34011541897548	0.0
73.0	26.233755788167436	23.66398179958865	23.771702037205134	26.33056037503878	0.0
74.0	26.21853132791764	23.774861830841886	23.733497259597154	26.27310958164332	0.0
75.0	26.225138169158118	23.76997851340327	23.828003814732682	26.17687950270593	0.0
76.0	26.343199549585776	23.819960703657316	23.66455630752261	26.172283439234295	0.0
77.0	26.339177994048097	23.772563799106067	23.716836529512474	26.171421677333363	0.0
78.0	26.361583803472328	23.609690799829945	23.6823660534752	26.34635934322253	0.0
79.0	26.2076156771725	23.714825751743632	23.745849180177178	26.33170939090669	0.0
80.0	26.17946478840873	23.750732497615793	23.743263894474385	26.3265388195011	0.0
81.0	26.174006963036163	23.71884730728131	23.852707655892726	26.2544380737898	0.0
82.0	26.343774057519738	23.610839815697855	23.691270926451494	26.35411520033092	0.0
83.0	26.22111661362043	23.63353287908906	23.75504130712045	26.390309200170055	0.0
84.0	26.311888867185257	23.7923843228275	23.641288736197446	26.2544380737898	0.0
85.0	26.30614378784571	23.724017878686904	23.68121703760729	26.2886212958601	0.0
86.0	26.225999931059047	23.73723156116786	23.6608220059519	26.37594650182119	0.0
87.0	26.338890740081123	23.72947570405947	23.603371212556446	26.32826234330296	0.0
88.0	26.267651756270755	23.703048339097563	23.737518815134838	26.291781089496848	0.0
89.0	26.239500867506983	23.753317783318586	23.81536464018568	26.191816708988753	0.0
90.0	26.331134882972734	23.71166595810688	23.697016005791042	26.260183153129347	0.0
91.0	26.25328905792189	23.77744711654468	23.82714205283175	26.14212177270168	0.0
92.0	26.412715009594283	23.739816846870657	23.60911629189599	26.23835185163907	0.0
93.0	26.3034829443447	23.788581687612208	23.636624775583485	26.271310592459606	0.0
94.0	26.297737881508077	23.68488330341113	23.808402154398564	26.208976660682225	0.0
95.0	26.267001795332135	23.81472172351885	23.620825852782765	26.29745062836625	0.0
96.0	26.167899461400356	23.65874326750449	23.71906642728905	26.454290843806106	0.0
97.0	26.247755834829444	23.674254937163376	23.723087971274687	26.354901256732493	0.0
98.0	26.248254942176107	23.652355756249175	23.772427224625567	26.32696207694915	0.0
99.0	26.222689485990703	23.76696943060846	23.74772352539023	26.262617558010604	0.0
100.0	26.229296289274572	23.769554701458667	23.829877687963553	26.17127132130321	0.0
101.0	26.336728655716605	23.825568903213203	23.66700562440036	26.170696816669825	0.0
102.0	26.351091271551102	23.778459523276055	23.71210423812068	26.15834496705216	0.0
103.0	26.360857850318563	23.612427684229274	23.687400538885345	26.339313926566817	0.0
104.0	26.21119939332311	23.720721807621377	23.75203231014058	26.316046488914935	0.0
105.0	26.186495694087775	23.749734291607062	23.74485100222333	26.31891901208183	0.0
106.0	26.18362317092087	23.7144022566542	23.84711282696495	26.25486174545998	0.0
107.0	26.357698074834975	23.607831647162232	23.683379006451688	26.351091271551102	0.0
108.0	26.222976738307395	23.642589177481714	23.75978812269121	26.374645961519676	0.0
109.0	26.316908245865	23.79397114837731	23.637131383464606	26.251989222293076	0.0
110.0	26.311163199531208	23.717849284454477	23.696305360702734	26.274682155311584	0.0
111.0	26.224987504524222	23.730775638705527	23.6773467078012	26.366890148969052	0.0
112.0	26.347069739117444	23.725605097005108	23.608980656428994	26.318344507448455	0.0
113.0	26.259745034843707	23.695730856069357	23.74714902075685	26.29737508833009	0.0
114.0	26.236190344875133	23.76122438427466	23.81637682907913	26.18620844177108	0.0
115.0	26.32495131073232	23.708944462637092	23.698316126919565	26.267788099711026	0.0
116.0	26.266639090444265	23.76323515049149	23.831888454180383	26.138237304883866	0.0
117.0	26.41859556597324	23.737382441989393	23.615587459712863	26.228434532324503	0.0
118.0	26.30606822262119	23.78685816876122	23.63174147217235	26.27533213644524	0.0
119.0	26.30779174147217	23.67166965888689	23.813572710951526	26.20696588868941	0.0
120.0	26.271310592459606	23.808976660682227	23.630879712746857	26.28883303411131	0.0
121.0	26.16100538599641	23.6524236983842	23.727684021543986	26.458886894075405	0.0
122.0	26.242298025134648	23.67253141831239	23.729120287253142	26.356050269299818	0.0
123.0	26.251565534120026	23.650480863140718	23.77945789431352	26.318495708425733	0.0
124.0	26.22456366122416	23.776585354643746	23.746998196045087	26.251852788087003	0.0
125.0	26.22714894692696	23.769116751502338	23.83259987820432	26.17113442336639	0.0
126.0	26.34865737495835	23.82513127506291	23.667141593225402	26.15906975675334	0.0
127.0	26.36847789867978	23.778883386379565	23.700750307361744	26.15188840757891	0.0
128.0	26.371063184382574	23.60911629189599	23.68351506934311	26.336305454378323	0.0
129.0	26.21429782002338	23.72236249831238	23.749077193980288	26.314262487683948	0.0
130.0	26.188157633939728	23.734714454373883	23.75453503503072	26.322592876655666	0.0
131.0	26.184498537868905	23.710365906205297	23.847674091266853	26.25746146465894	0.0
132.0	26.352830329597094	23.601783282872095	23.684800156267055	26.360586231263756	0.0
133.0	26.22155451249849	23.642286324909083	23.761210150464493	26.374949012127928	0.0
134.0	26.312327287560105	23.796255335773093	23.643722602995503	26.2476947736713	0.0
135.0	26.321020564688713	23.719913478359537	23.684868192381384	26.274197764570367	0.0
136.0	26.235418144840445	23.71876445258976	23.677112268435398	26.368705134134395	0.0
137.0	26.342564797872004	23.734563556924172	23.60213833695755	26.320733308246268	0.0
138.0	26.265867327739496	23.696071193636694	23.7497881483737	26.28827333025011	0.0
139.0	26.23656717061022	23.760703893186562	23.81241005282646	26.190318883376758	0.0
140.0	26.330787283731805	23.717040913935097	23.698369245176245	26.253802557156853	0.0
141.0	26.253802557156853	23.762427431841225	23.834241542452194	26.149528468549725	0.0
142.0	26.417825985792298	23.7380106342335	23.613054081770418	26.231109298203787	0.0
143.0	26.298115592324482	23.79150867516948	23.646731012294612	26.26364472021142	0.0
144.0	26.3018499368034	23.676893025393543	23.81046765483167	26.210789382971388	0.0
145.0	26.265655521084685	23.80702056762036	23.628346547167645	26.298977364127314	0.0
146.0	26.16511547742158	23.64184763874526	23.731184648971617	26.461852234861542	0.0
147.0	26.251579914971853	23.68091462714007	23.733769964380098	26.333735493507987	0.0
148.0	26.26293383278084	23.65031397399732	23.77642063897874	26.3103315542431	0.0
149.0	26.22616469128284	23.788485513532766	23.741949568824364	26.243400226360023	0.0
150.0	26.232771646395765	23.776995156814642	23.82554191394872	26.164691282840874	0.0
151.0	26.350260543838584	23.813477039394687	23.675018240941288	26.161244175825438	0.0
152.0	26.36835785566963	23.77096271953763	23.711212864603382	26.14946656018936	0.0
153.0	26.37151770376711	23.602341734699152	23.69340281169029	26.332737749843442	0.0
154.0	26.21704771671593	23.71760069172146	23.757242536273722	26.30810905528888	0.0
155.0	26.201248430843656	23.726218484015433	23.760402393448178	26.312130691692737	0.0
156.0	26.18983327396615	23.70502935803008	23.851532247871397	26.253605120132367	0.0
157.0	26.355295361316344	23.60420089855106	23.672856174378655	26.367647565753945	0.0
158.0	26.233496880350227	23.635512300497535	23.76420503510324	26.366785784048997	0.0
159.0	26.309333670385733	23.782876972043802	23.65475875857473	26.253030598995736	0.0
160.0	26.33066659006363	23.711417204084857	23.683265587521365	26.27465061833015	0.0
161.0	26.23701937578099	23.710555419904342	23.681542019160336	26.37088318515433	0.0
162.0	26.348764057854446	23.72233313703805	23.60742857963604	26.32147422547147	0.0
163.0	26.272352527182107	23.697054134409605	23.746175832698967	26.284417505709317	0.0
164.0	26.243626387831608	23.75680450425865	23.80879881648306	26.190770291426684	0.0
165.0	26.322048748258474	23.718311477528978	23.70883185154331	26.250807922669235	0.0
166.0	26.261149332835416	23.75220832196257	23.83637591025954	26.150266434942477	0.0
167.0	26.43092081639688	23.73439811556526	23.614035591686655	26.220645476351205	0.0
168.0	26.30000517071994	23.780428250515637	23.658054545350087	26.26151203341434	0.0
169.0	26.31264470834267	23.671843131847613	23.808579947948086	26.206932211861634	0.0
170.0	26.274151571037073	23.80024934360583	23.625593914637157	26.30000517071994	0.0
171.0	26.161257519088576	23.644553221071256	23.73245545999299	26.461733799847174	0.0
172.0	26.262661082289135	23.67586480290939	23.726710215619022	26.33476389918245	0.0
173.0	26.26913177368203	23.65819046743577	23.76562715447902	26.30705060440318	0.0
174.0	26.245863400284964	23.774819598290208	23.75011490554764	26.22920209587719	0.0
175.0	26.234085581651883	23.76620168221722	23.83600680240842	26.163705933722483	0.0
176.0	26.357321781495614	23.804120512938365	23.681458840832835	26.157098864733193	0.0
177.0	26.370535919474193	23.767063473824514	23.71707956060119	26.145321046100108	0.0
178.0	26.377142988463483	23.596141471710254	23.69697108976421	26.329744450062048	0.0
179.0	26.23042650189164	23.71140239751114	23.761099189626297	26.297071910970928	0.0
180.0	26.20830712042998	23.724329308754967	23.75995013084907	26.307413439965988	0.0
181.0	26.181379449024732	23.71204504323346	23.856826865071383	26.249748642670422	0.0
182.0	26.35345149521703	23.59943695958174	23.682456694722934	26.364654850478296	0.0
183.0	26.23136364942116	23.63850507023642	23.75944385395421	26.370687426388212	0.0
184.0	26.302892763781564	23.782712361035305	23.65602826692712	26.25836660825601	0.0
185.0	26.325375098029642	23.70722963209799	23.696313510997992	26.271081758874377	0.0
186.0	26.24235512440069	23.71958208492168	23.678790263969045	26.359272526708587	0.0
187.0	26.348643671953326	23.72101841664536	23.606686411440094	26.32365149996122	0.0
188.0	26.262463768532267	23.695164445619042	23.745148789603256	26.297222996245427	0.0
189.0	26.23402440040332	23.753479513600624	23.81208184792694	26.200414238069108	0.0
190.0	26.330545892234902	23.712400426303258	23.704356968650625	26.25269671281122	0.0
191.0	26.257005707982266	23.741414327121678	23.843106613158522	26.158473351737534	0.0
192.0	26.433099977305957	23.725040145471677	23.617602532540094	26.224257344682268	0.0
193.0	26.30089685325734	23.779251147638938	23.641074845018473	26.278777154085248	0.0
194.0	26.31612210073943	23.668365382958065	23.80682895439895	26.208683561903555	0.0
195.0	26.274755390599413	23.785571061688106	23.642798457940973	26.296875089771504	0.0
196.0	26.165593238841044	23.640787576198054	23.733862674013086	26.459756510947813	0.0
197.0	26.26527551952566	23.66520542593348	23.723233727657668	26.34628532688319	0.0
198.0	26.26829912899593	23.65844690092616	23.7762277939926	26.297026176085307	0.0
199.0	26.237062019000124	23.78836149070821	23.744121711102746	26.230454779188918	0.0
200.0	26.235625662519425	23.764517973128644	23.837197611051902	26.16265875330003	0.0
201.0	26.357292854659995	23.800563629521317	23.682494448450306	26.159649067368377	0.0
202.0	26.37424195851204	23.76953815128368	23.720701750354063	26.135518139850216	0.0
203.0	26.3874565140577	23.59229074320384	23.702029008822155	26.31822373391631	0.0
204.0	26.237575409365128	23.707842573972997	23.752657282390118	26.301924734271758	0.0
205.0	26.21602987647228	23.725940821602986	23.75581729388107	26.302212008043668	0.0
206.0	26.202603282399544	23.7102088773596	23.844653388834786	26.242534451406062	0.0
207.0	26.36276670008647	23.60204195956874	23.677882888964856	26.35730845137993	0.0
208.0	26.231632169379047	23.63837458165156	23.767075080078715	26.362918168890676	0.0
209.0	26.30000430916847	23.787184532957955	23.663367758801478	26.249443399072092	0.0
210.0	26.3176038656225	23.712560400351627	23.702792923750483	26.267042810275388	0.0
211.0	26.238314937919068	23.729509845041857	23.684694364166	26.347480852873073	0.0
212.0	26.355524657132847	23.727786172700476	23.603681764121184	26.31300740604549	0.0
213.0	26.263595465592626	23.712273121628066	23.74961935569128	26.274512057088028	0.0
214.0	26.22567467408229	23.77145253868208	23.816842577005062	26.18603021023057	0.0
215.0	26.318752980516756	23.70911305566887	23.72520066418841	26.24693329962596	0.0
216.0	26.258711727292056	23.755652208886104	23.855050647238965	26.130585416582875	0.0
217.0	26.439984601860417	23.736404534407374	23.618045700299344	26.205565163432865	0.0
218.0	26.284430552842352	23.787102260321983	23.649207680728082	26.279259506107582	0.0
219.0	26.29592176780851	23.682819484504098	23.814968456614917	26.206290291072477	0.0
220.0	26.25801521454345	23.799441520535037	23.644595619498517	26.297947645422997	0.0
221.0	26.159476913883843	23.646032037875482	23.73221714049321	26.46227390774747	0.0
222.0	26.25083312265864	23.671600284985406	23.73939923237802	26.338167359977938	0.0
223.0	26.269657498434295	23.65047718092655	23.785213998839367	26.294651321799783	0.0
224.0	26.23468405705503	23.76488501371791	23.752244423057586	26.248186506169468	0.0
225.0	26.242153496990678	23.760001149144607	23.835270120803827	26.162575233060892	0.0
226.0	26.362239108263786	23.778962035135095	23.690477900512803	26.16832095608831	0.0
227.0	26.382923711162505	23.760001149144607	23.72638866943419	26.130686470258702	0.0
228.0	26.371432265107657	23.60084462128503	23.698809198902566	26.328913914704742	0.0
229.0	26.227577251468038	23.70778317877294	23.764091426207468	26.300548143551556	0.0
230.0	26.211065208772645	23.728029602220165	23.765664412408572	26.295240776598618	0.0
231.0	26.205394721343595	23.710285824276532	23.84847205104559	26.235847403334283	0.0
232.0	26.367713262143006	23.600541253328966	23.674949221589227	26.356796262938797	0.0
233.0	26.235272824428797	23.63932532944918	23.762285215222896	26.363116630899132	0.0
234.0	26.31456471338568	23.79043958159164	23.653115223180812	26.24188048184187	0.0
235.0	26.325844633417606	23.69857504022064	23.704895426338773	26.270684900022985	0.0
236.0	26.23477361526086	23.722132843024593	23.68507239715008	26.358021144564468	0.0
237.0	26.351700758446334	23.713226844403586	23.612962537347737	26.322109859802346	0.0
238.0	26.264651804182947	23.709204780510227	23.745403355550447	26.28074005975638	0.0
239.0	26.233624454148476	23.768386577798207	23.810043668122272	26.187945299931048	0.0
240.0	26.31179734120953	23.716215633825882	23.719376072035008	26.25203632780065	5.746251289315133E-4
241.0	26.255581800313788	23.753038740711364	23.838669448227904	26.1504111998069	0.0022988109400412637
242.0	26.45029469999799	23.722559565033723	23.616519292720003	26.207177978108	0.0034484641402835214
243.0	26.29069526831287	23.784602473904446	23.65412470685612	26.265691819561322	0.004885731365245781
244.0	26.29229694734815	23.674793850434142	23.821376323194233	26.206071963371624	0.0054609156518465075
245.0	26.25855854302123	23.788581710731307	23.65865857234017	26.287590040759074	0.006611133148221606
246.0	26.148234171356954	23.635600577207214	23.748857371177586	26.457534451336944	0.0097734289213009
247.0	26.252924976858903	23.66658425945623	23.737013677680487	26.330541070412174	0.012936015592210793
248.0	26.271047570311897	23.646587684673833	23.785443432813082	26.280247122983646	0.016674189217549297
249.0	26.23087493747161	23.77631223371531	23.74957595689997	26.22368776628469	0.0195491056284175
