# Position (bp)	A	C	G	T	N
0.0	26.300128207281503	23.743540648426524	23.840675859520648	26.11565528477133	0.0
1.0	26.179478996959975	23.84627443076527	23.8311582884048	26.143088283869957	0.0
2.0	26.181705193736388	23.863642725577904	23.75531158499376	26.19934049569195	0.0
3.0	26.091982657034173	23.86141302065985	23.724539065058515	26.322065257247463	0.0
4.0	26.28802064527686	23.84926932625751	23.61135602186563	26.251354006599996	0.0
5.0	26.32147555207255	23.81790702230681	23.796355901368635	26.064261524252007	0.0
6.0	26.30419693933525	23.783122684070886	23.82090521342931	26.091775163164556	0.0
7.0	26.169586960962928	23.78521634245383	23.80788465467205	26.237312041911192	0.0
8.0	26.152696621667005	23.846743681017305	23.761389840374324	26.239169856941363	0.0
9.0	26.166589710224013	23.892876631826386	23.832710685751866	26.107822972197738	0.0
10.0	26.227200734277673	23.800502577247464	23.88780998326608	26.084486705208782	0.0
11.0	26.192501637013866	23.835201674511275	23.80106224010656	26.171234448368303	0.0
12.0	26.152485742588667	23.83380251736354	23.791827802931515	26.22188393711628	0.0
13.0	26.177950402677425	23.759927019963172	23.73782033702897	26.32430224033043	0.0
14.0	26.1801890541138	23.78679083719967	23.895365431863848	26.13765467682268	0.0
15.0	26.27421241444154	23.841078134531756	23.74145814561308	26.143251305413617	0.0
16.0	26.198378097034347	23.8060992058384	23.66646332249453	26.329059374632724	0.0
17.0	26.328426036562675	23.706692709572167	23.688783548196632	26.276097705668526	0.0
18.0	26.19970393917601	23.655483701263996	23.81946446010874	26.325347899451252	0.0
19.0	26.224329036067374	23.793160379338424	23.69493982241947	26.287570762174735	0.0
20.0	26.24139870550343	23.759021040466312	23.74363035490921	26.25594989912105	0.0
21.0	26.27301956855711	23.719005258017848	23.800435976147234	26.207539197277807	0.0
22.0	26.252871762009633	23.742231201676745	23.780847830892743	26.22404920542088	0.0
23.0	26.089730495104362	23.718445596724862	23.756222734001383	26.435601174169392	0.0
24.0	26.09945153346765	23.788336691291693	23.781061114842174	26.331150660398478	0.0
25.0	26.309883590776806	23.73349003805686	23.838706066711442	26.117920304454888	0.0
26.0	26.188437430042534	23.827233042310276	23.830311170808148	26.154018356839043	0.0
27.0	26.16297291246922	23.84961943138572	23.777982986344306	26.20942466980076	0.0
28.0	26.088538168793374	23.838706066711442	23.738247145735393	26.334508618759795	0.0
29.0	26.278822475934632	23.83618759794045	23.608965748824716	26.2760241773002	0.0
30.0	26.324154913812404	23.781900604432504	23.80260801432729	26.091336467427805	0.0
31.0	26.30372733378106	23.78329975374972	23.81576001790911	26.09721289456011	0.0
32.0	26.19011640922319	23.78134094470562	23.786937541974478	26.24160510409671	0.0
33.0	26.14954107902395	23.853257219610477	23.763431833445264	26.233769867920305	0.0
34.0	26.168289679874633	23.887956122677412	23.827512872173717	26.11624132527423	0.0
35.0	26.220338034475038	23.797011417058428	23.8943922095366	26.088258338929933	0.0
36.0	26.19067606895008	23.838706066711442	23.795332437877768	26.17528542646071	0.0
37.0	26.148421759570184	23.842064025072755	23.800369375419745	26.20914483993732	0.0
38.0	26.185918961271547	23.75559659726886	23.73237071860309	26.326113722856505	0.0
39.0	26.182840832773675	23.797291246921873	23.885717483769866	26.134150436534586	0.0
40.0	26.28525856279382	23.837306917394223	23.73964629505261	26.137788224759344	0.0
41.0	26.20047011417058	23.81380120886501	23.664651891649875	26.321076785314528	0.0
42.0	26.328558516458145	23.706560033131762	23.685572852101934	26.279308598308155	0.0
43.0	26.192841412465267	23.64024054107751	23.826047050461575	26.340870995995648	0.0
44.0	26.215787397057877	23.795825509778627	23.687811484745115	26.30057560841838	0.0
45.0	26.238733381650487	23.759447729326926	23.74321764266386	26.258601246358726	0.0
46.0	26.276230478423777	23.71691370910648	23.80002294598459	26.20683286648515	0.0
47.0	26.25272483567037	23.746295762548236	23.758328413005337	26.242650988776056	0.0
48.0	26.08538704559255	23.699004647961026	23.76028721656812	26.455321089878304	0.0
49.0	26.095667698300325	23.78820355829663	23.784845618728347	26.331283124674698	0.0
50.0	26.30469943642581	23.742311717530125	23.83353574246842	26.119453103575648	0.0
51.0	26.168702883910434	23.834934883955206	23.850325440309824	26.146036791824535	0.0
52.0	26.14911490309546	23.845848187552118	23.776170941510287	26.22886596784213	0.0
53.0	26.085873707892837	23.837173510334058	23.741192404340698	26.33576037743241	0.0
54.0	26.27363849541921	23.835774368847275	23.61275121585395	26.27783591987956	0.0
55.0	26.31421359853594	23.778129739591787	23.81226879186931	26.095387870002966	0.0
56.0	26.305818749615234	23.783166648944206	23.809750337193098	26.101264264247458	0.0
57.0	26.195286572159322	23.76777609258959	23.788483386593988	26.2484539486571	0.0
58.0	26.154711469042596	23.845288530957404	23.77421214342879	26.22578785657121	0.0
59.0	26.179336359209987	23.888941745345058	23.81730570122173	26.11441619422322	0.0
60.0	26.224948371679137	23.78736407340456	23.879707411532284	26.10798014338402	0.0
61.0	26.202562107890596	23.837453338631416	23.794079952541118	26.16590460093687	0.0
62.0	26.166184429234224	23.836613853739347	23.79240098275698	26.20480073426945	0.0
63.0	26.196126057051394	23.742311717530125	23.726641332878145	26.334920892540335	0.0
64.0	26.169262540505144	23.794639609135835	23.89985504894197	26.136242801417048	0.0
65.0	26.287909738584403	23.84137093479441	23.73335721201471	26.13736211460648	0.0
66.0	26.208158673837733	23.802194973164468	23.683547775085206	26.306098577912596	0.0
67.0	26.339884095443566	23.718739768806508	23.680123571830325	26.2612525639196	0.0
68.0	26.21256257642789	23.6423468573971	23.814440778704007	26.330649787471007	0.0
69.0	26.238026880231025	23.781421132014227	23.684041157030805	26.29651083072394	0.0
70.0	26.239146190288302	23.757915620811332	23.75119976046765	26.251738428432713	0.0
71.0	26.285877385179774	23.720138906378107	23.800449402987997	26.19353430545412	0.0
72.0	26.267128941720326	23.73496976463708	23.75147958798197	26.246421705660634	0.0
73.0	26.093356055327494	23.696633395175215	23.759594585897254	26.450415963600037	0.0
74.0	26.118467444958082	23.788630080254304	23.766803595213844	26.326098879573767	0.0
75.0	26.318543557828995	23.746935897292396	23.82556720878432	26.10895333609429	0.0
76.0	26.158202840800975	23.83815941169228	23.85103144133153	26.15260630617522	0.0
77.0	26.15232647944393	23.83787958496099	23.788630080254304	26.221163855340773	0.0
78.0	26.081250489696778	23.84375594631804	23.73826126862247	26.336732295362715	0.0
79.0	26.26845457292844	23.839558545348723	23.62689022956985	26.265096652152987	0.0
80.0	26.315465463784825	23.777716837734076	23.813814486070225	26.093003212410874	0.0
81.0	26.291120538162772	23.78247389216597	23.82025050088985	26.106155068781412	0.0
82.0	26.178350365453714	23.759528100200356	23.809896911832194	26.252224622513737	0.0
83.0	26.144771157699154	23.847393693824785	23.78807042679173	26.219764721684335	0.0
84.0	26.182827593154318	23.891606317368286	23.810456565294768	26.11510952418263	0.0
85.0	26.213608533596002	23.79646522873037	23.890487010443135	26.099439227230498	0.0
86.0	26.212489226670844	23.830324263216216	23.78247389216597	26.174712617946966	0.0
87.0	26.156523880413246	23.835361144379398	23.79366696141749	26.21444801378986	0.0
88.0	26.193181182211973	23.73714196169732	23.727627852833525	26.342049003257184	0.0
89.0	26.1926215287494	23.778836144659227	23.897482678725332	26.13105964786604	0.0
90.0	26.299515340101408	23.82332859493402	23.731825253802846	26.145330811161728	0.0
91.0	26.1926215287494	23.81465396626409	23.68677315006548	26.30595135492103	0.0
92.0	26.34085598757573	23.71329033341262	23.68698669427616	26.258866984735498	0.0
93.0	26.21969135197907	23.635498719796285	23.818504889958444	26.326305038266202	0.0
94.0	26.247953772753345	23.7815678647881	23.691743735396585	26.27873462706197	0.0
95.0	26.235081779133377	23.759181788927286	23.759461614875548	26.246274817063785	0.0
96.0	26.280973234648048	23.71692807074	23.80815132987282	26.193947364739135	0.0
97.0	26.270619674562422	23.739873798497335	23.753585269962084	26.235921256978163	0.0
98.0	26.101604801813274	23.68614721643138	23.759181788927286	26.45306619282806	0.0
99.0	26.107408091424478	23.784299569628896	23.768069710045165	26.34022262890146	0.0
100.0	26.326231370639626	23.733651214721043	23.828791770901542	26.111325643737793	0.0
101.0	26.16141434831517	23.829351421232015	23.855654986764268	26.153579243688547	0.0
102.0	26.13399148212197	23.848379532468115	23.789336422603157	26.22829256280676	0.0
103.0	26.076627323248434	23.845861105980983	23.73980736835625	26.33770420241433	0.0
104.0	26.287335672671713	23.82991107156249	23.637671183044834	26.245082072720965	0.0
105.0	26.32287346865678	23.778703066324162	23.794932925907894	26.103490539111164	0.0
106.0	26.308042734899235	23.783460094133186	23.81312156164828	26.095375609319298	0.0
107.0	26.18184158537746	23.76219338157519	23.806685582847837	26.249279450199513	0.0
108.0	26.16365294963707	23.841383903337196	23.78234079347224	26.2126223535535	0.0
109.0	26.181281935046986	23.89706911121931	23.809483834500202	26.112165119233506	0.0
110.0	26.216539905866814	23.8010890795431	23.888954181427444	26.093416833162642	0.0
111.0	26.215420605205868	23.82039701594444	23.78569869545508	26.178483683394617	0.0
112.0	26.155817845010436	23.829631246397252	23.81004348483068	26.204507423761637	0.0
113.0	26.19471354297835	23.730013487572965	23.728334536581546	26.346938432867145	0.0
114.0	26.193874067482636	23.77702411533274	23.90406474035023	26.125037076834396	0.0
115.0	26.307762909734002	23.82795229540583	23.725256459763937	26.13902833509623	0.0
116.0	26.196672319135004	23.81508033780494	23.682163384317477	26.306083958742576	0.0
117.0	26.346172680592673	23.707973640395675	23.694541994879184	26.25131168413247	0.0
118.0	26.224448393099493	23.631021504624126	23.827459320302772	26.317070781973612	0.0
119.0	26.24991255439117	23.774852042029856	23.690904257551804	26.284331146027174	0.0
120.0	26.232003693702517	23.746029969359057	23.773732738236816	26.24823359870161	0.0
121.0	26.295524183957582	23.712171029619576	23.80871098176934	26.183593804653505	0.0
122.0	26.276496019475886	23.723364067549984	23.768416045219873	26.23172386775426	0.0
123.0	26.112518013795423	23.688945475913982	23.754144921858604	26.444391588431998	0.0
124.0	26.106714722243986	23.787510773329153	23.788909906985594	26.316864597441263	0.0
125.0	26.323580438992177	23.732105080534133	23.831723396872658	26.112591083601032	0.0
126.0	26.16967573678378	23.82332859493402	23.860265723464032	26.14672994481817	0.0
127.0	26.15092734578749	23.841517332467735	23.78807042679173	26.219484894953045	0.0
128.0	26.086007544128677	23.832003223603945	23.74945433787399	26.33253489439339	0.0
129.0	26.28832227084989	23.82528738205303	23.64647810076001	26.239912246337067	0.0
130.0	26.319103211291566	23.7793957981218	23.799823149505826	26.1016778410808	0.0
131.0	26.29391880547565	23.780794931778242	23.82332859493402	26.101957667812094	0.0
132.0	26.183387246616896	23.763445674438387	23.80206176335613	26.251105315588585	0.0
133.0	26.16491868235189	23.84347611958675	23.77687735754021	26.214727840521153	0.0
134.0	26.188144301048787	23.88125272831063	23.822209288008864	26.108393682631714	0.0
135.0	26.232077097861005	23.79786436238681	23.883491342160934	26.086567197591254	0.0
136.0	26.21444801378986	23.822489114740154	23.79086869410461	26.172194177365377	0.0
137.0	26.158202840800975	23.834801490916824	23.803740723743857	26.20325494453834	0.0
138.0	26.20213563761319	23.7351831745783	23.712797036075262	26.34988415173325	0.0
139.0	26.209411132626677	23.77575805061506	23.90867574797685	26.106155068781412	0.0
140.0	26.32050234494801	23.818011887039546	23.720912011282614	26.140573756729836	0.0
141.0	26.201016330688038	23.811575872219922	23.674740600620094	26.312667196471946	0.0
142.0	26.348558748387497	23.708665978290984	23.699431670318415	26.24334360300311	0.0
143.0	26.23019170983006	23.62583703405221	23.8337488771921	26.31022237892563	0.0
144.0	26.260133253862318	23.768269238841178	23.68739908720265	26.28419842009385	0.0
145.0	26.24334360300311	23.738047867294597	23.77190699652734	26.24670153317495	0.0
146.0	26.300148588410106	23.713702873548744	23.812761813618085	26.173386724423064	0.0
147.0	26.27776238726449	23.730212696893634	23.776104409242144	26.215920506599733	0.0
148.0	26.114622946415828	23.699151842804095	23.75595682821109	26.430268382568983	0.0
149.0	26.111058254654946	23.78120785086271	23.791281669567553	26.316452224914794	0.0
150.0	26.329044498295843	23.72860013095964	23.827099691629215	26.115255679115297	0.0
151.0	26.182414470480914	23.813667933356093	23.872711704098364	26.131205892064628	0.0
152.0	26.15163335777167	23.82933831800807	23.787643901701916	26.231384422518346	0.0
153.0	26.09286941532676	23.82598037843979	23.75126622304554	26.32988398318792	0.0
154.0	26.291827334747396	23.820383812492654	23.648289409618258	26.23949944314169	0.0
155.0	26.323168104051355	23.773372658536722	23.809190680598384	26.09426855681354	0.0
156.0	26.286510597097624	23.78372630553892	23.8201039841953	26.10965911316816	0.0
157.0	26.188850521320116	23.765257637913376	23.819264499303227	26.226627341463278	0.0
158.0	26.16226683307123	23.83633402544199	23.782327164052138	26.219071977434645	0.0
159.0	26.186332066643907	23.891180371723912	23.80807136740896	26.11441619422322	0.0
160.0	26.228026482950064	23.791281669567553	23.896217281076332	26.08447456640605	0.0
161.0	26.21375523978487	23.80359411465125	23.81646621632966	26.166184429234224	0.0
162.0	26.17234065177607	23.82066364079001	23.80527308443539	26.20172262299853	0.0
163.0	26.19752519853818	23.73559583839356	23.723563221607222	26.343315741461037	0.0
164.0	26.21627369446108	23.764697981318665	23.90769024126796	26.1113380829523	0.0
165.0	26.320369821077787	23.827099691629215	23.7204851103363	26.132045376956697	0.0
166.0	26.198644511727604	23.817865357816444	23.676552067651286	26.30693806280466	0.0
167.0	26.3464675776036	23.710197811176933	23.701523109684604	26.241811501534862	0.0
168.0	26.24321064693685	23.624010454414442	23.82716636678317	26.305612531865535	0.0
169.0	26.258041588197926	23.771200550703632	23.68753165566472	26.283226205433717	0.0
170.0	26.24824757038401	23.722510290714432	23.788829782768687	26.240412356132875	0.0
171.0	26.295818514051618	23.708798665774943	23.81373457092408	26.181648249249356	0.0
172.0	26.26923475141384	23.734263112091135	23.76868208898005	26.227820047514978	0.0
173.0	26.115888415355897	23.69228875003148	23.76756277265846	26.424260061954158	0.0
174.0	26.112043877322588	23.777703156480857	23.804007163644506	26.30624580255205	0.0
175.0	26.32303559435863	23.729012760241773	23.830870830535034	26.11708081486456	0.0
176.0	26.182840832773675	23.805965972688607	23.883758674725765	26.127434519811953	0.0
177.0	26.164092231922993	23.840105216028654	23.772666218938884	26.22313633310947	0.0
178.0	26.085460040295498	23.82583389299306	23.754477277815088	26.334228788896354	0.0
179.0	26.29449294828744	23.8241549138124	23.645343631072308	26.236008506827847	0.0
180.0	26.348779941795385	23.76483098276248	23.80932393104992	26.077065144392208	0.0
181.0	26.283019923886275	23.79169464965301	23.821916274904858	26.103369151555857	0.0
182.0	26.185639131408106	23.761473024401162	23.828072531900606	26.22481531229013	0.0
183.0	26.172766957689724	23.840105216028654	23.78218043429595	26.204947391985673	0.0
184.0	26.19207521826729	23.8904745914484	23.813241549138123	26.104208641146183	0.0
185.0	26.21642041638684	23.7922543093799	23.90922319229908	26.082102081934185	0.0
186.0	26.20858518021043	23.797571076785314	23.82583389299306	26.16800985001119	0.0
187.0	26.171087978509068	23.825274233266175	23.80092903514663	26.20270875307813	0.0
188.0	26.19179538840385	23.746362211775242	23.726494291470786	26.33534810835012	0.0
189.0	26.222576673382587	23.7519588090441	23.902507275576447	26.122957241996865	0.0
190.0	26.3202520735625	23.82973841211565	23.72060354380506	26.129405970516796	0.0
191.0	26.207199543312555	23.798117283605144	23.68030759242884	26.314375580653465	0.0
192.0	26.333477914119012	23.688768871290453	23.709196737138143	26.268556477452393	0.0
193.0	26.24477060625988	23.62412726840257	23.82196974996852	26.309132375369032	0.0
194.0	26.267437142337453	23.753130640399604	23.696604217095047	26.282828000167903	0.0
195.0	26.24561010759609	23.721509423402498	23.778315680485793	26.254564788515623	0.0
196.0	26.309132375369032	23.692406710414012	23.81581340683634	26.18264750738062	0.0
197.0	26.274432986805834	23.725706930083533	23.7752375089197	26.22462257419093	0.0
198.0	26.109610891130668	23.68289236193701	23.776356844034645	26.431139902897677	0.0
199.0	26.121157171879982	23.792094113959827	23.790135272027175	26.296613442133008	0.0
200.0	26.338028957280457	23.73109017948589	23.826513765062096	26.10436709817156	0.0
201.0	26.17656441511778	23.808324518544634	23.884719353917962	26.130391712419616	0.0
202.0	26.1614533487802	23.841904665961483	23.77782255130767	26.218819433950646	0.0
203.0	26.098076966128637	23.81993104837807	23.758646936354072	26.323345049139224	0.0
204.0	26.307747844556197	23.817759010048945	23.641461756088553	26.233031389306312	0.0
205.0	26.34216778461513	23.772145593548082	23.81999770533733	26.065688916499465	0.0
206.0	26.297953552669505	23.795092220254034	23.80908406580645	26.09787016127001	0.0
207.0	26.19665259087004	23.76486983386083	23.817479173137894	26.22099840213124	0.0
208.0	26.179862376207147	23.838466941466514	23.7844584176342	26.197212264692137	0.0
209.0	26.212323457888743	23.87876345665746	23.80376716449653	26.105145920957266	0.0
210.0	26.22043872830914	23.785297928367346	23.900031061897124	26.094232281426383	0.0
211.0	26.20588720893463	23.807964718162257	23.828392812668778	26.15775526023433	0.0
212.0	26.184619603694966	23.832870203245548	23.806285696695966	26.17622449636352	0.0
213.0	26.20588720893463	23.743322391710112	23.72429348175883	26.326496917596426	0.0
214.0	26.20791940674409	23.774730656219393	23.911011613264307	26.10633832377221	0.0
215.0	26.31944211245061	23.843984015581448	23.712459563226883	26.12411430874106	0.0
216.0	26.20554753349676	23.799489573189163	23.690072422400572	26.304890470913506	0.0
217.0	26.339664247915888	23.708328319532555	23.71392512040118	26.238082312150375	0.0
218.0	26.241160552628116	23.63612958832731	23.836215219380602	26.286494639663964	0.0
219.0	26.254592874712813	23.745826885352333	23.71868240113951	26.280897838795347	0.0
220.0	26.22087898249591	23.740642796177365	23.789335236256278	26.24914298507045	0.0
221.0	26.295037009052873	23.695588297023885	23.82599448712029	26.183380206802948	0.0
222.0	26.25138171794764	23.733087072716845	23.7842980872826	26.231233122052917	0.0
223.0	26.110487682702615	23.68396750461042	23.77155841866218	26.43398639402479	0.0
224.0	26.113918878833164	23.76770712650626	23.80072871366926	26.31764528099132	0.0
225.0	26.34646920876919	23.709219739073493	23.830951861242173	26.113359190915148	0.0
226.0	26.162331883741626	23.804926373054386	23.890558624510973	26.14218311869302	0.0
227.0	26.152257501217317	23.84578359106962	23.77330400568643	26.228654902026634	0.0
228.0	26.094475849331168	23.820451110986735	23.752448648346114	26.332624391335983	0.0
229.0	26.290721135952133	23.832551162901336	23.645054136268364	26.231673564878164	0.0
230.0	26.327101156045103	23.78301836631322	23.817439462247332	26.072441015394343	0.0
231.0	26.277288513148576	23.788055599864556	23.819958079023003	26.114697807963864	0.0
232.0	26.186618309224574	23.769585743509662	23.832271316592927	26.211524630672834	0.0
233.0	26.1762639958135	23.846263632013297	23.773503591827367	26.203968780345832	0.0
234.0	26.20956570651398	23.89215842659212	23.798409913275627	26.099865953618274	0.0
235.0	26.226076638710023	23.799809144817665	23.883763037339893	26.09035117913242	0.0
236.0	26.203968780345832	23.810723150845554	23.824995312574334	26.160312756234276	0.0
237.0	26.187457848149798	23.83199147028452	23.802047915284927	26.178502766280758	0.0
238.0	26.19060945099598	23.74670480049701	23.72991397500406	26.332771773502955	0.0
239.0	26.199637876850147	23.76971878087072	23.919437393832713	26.111205948446425	0.0
240.0	26.310089191012054	23.850969570948415	23.707961704116443	26.13097953392309	0.0
241.0	26.20610904938624	23.803126731708954	23.682221961008214	26.308542257896594	0.0
242.0	26.347446170725497	23.71119016364995	23.699994682146286	26.24136898347827	0.0
243.0	26.243796760460487	23.634867454299656	23.831355853926826	26.289979931313027	0.0
244.0	26.235101803178658	23.743625055282177	23.747543791881498	26.27372934965767	0.0
245.0	26.204085745796966	23.74104948466306	23.807111145945886	26.24775362359409	0.0
246.0	26.28916627242622	23.67990101532079	23.85457986098475	26.17635285126824	0.0
247.0	26.247470067716804	23.721036999297358	23.804738216744163	26.226754716241672	0.0
248.0	26.097862083831398	23.691201706525725	23.788341540296233	26.422594669346644	0.0
249.0	26.115011645614977	23.768252261936755	23.816682343456062	26.30005374899221	0.0
