# Position (bp)	A	C	G	T	N
0.0	26.193764420257686	23.735538639440122	23.791986584022492	26.278710356279696	0.0
1.0	26.26774959034137	23.783766009568748	23.694983805468325	26.253500594621553	0.0
2.0	26.276216207329306	23.673365374603367	23.761323593079524	26.289094824987806	0.0
3.0	26.267162416534006	23.793527669473296	23.731330606161073	26.207979307831625	0.0
4.0	26.214358319611385	23.787422565735216	23.71207741645593	26.28614169819747	0.0
5.0	26.319091519294258	23.708442350104793	23.801043821317517	26.171422309283432	0.0
6.0	26.27139307367135	23.731209573357663	23.735592978880206	26.261804374090786	0.0
7.0	26.172571644600044	23.718259545079732	23.918516509556724	26.190652300763496	0.0
8.0	26.192648110253693	23.75023626965147	23.752427756273814	26.30468786382102	0.0
9.0	26.17602989073119	23.801919120809284	23.681939829563664	26.340111158895862	0.0
10.0	26.077857761123713	23.774227832013057	23.88242448147783	26.2654899253854	0.0
11.0	26.16824989865124	23.752040670983575	23.853389431241716	26.226319999123472	0.0
12.0	26.26165510742969	23.746836275186535	23.77477566314959	26.216732954234185	0.0
13.0	26.227963492533064	23.77778873440051	23.66657901368482	26.327668759381606	0.0
14.0	26.35177332938895	23.667948591526148	23.673974734027983	26.306303345056918	0.0
15.0	26.326573097108547	23.638365710153504	23.79449758406469	26.240563608673263	0.0
16.0	26.254807218223053	23.755053742234495	23.735879652455928	26.254259387086528	0.0
17.0	26.242754933219388	23.8558546713561	23.739440554843373	26.16194984058114	0.0
18.0	26.260833360724888	23.867085209654977	23.79723673974734	26.074844689872794	0.0
19.0	26.347664595864973	23.69479231721614	23.80764553134142	26.149897555577468	0.0
20.0	26.306779117829937	23.767862670066865	23.762384373707466	26.162973838395736	0.0
21.0	26.18105221638175	23.89057650851738	23.731705914094835	26.196665361006033	0.0
22.0	26.26651363958836	23.734718977092502	23.74403208090348	26.254735302415654	0.0
23.0	26.1796826422919	23.791693259230247	23.715544939834608	26.313079158643244	0.0
24.0	26.282328707837777	23.72068434690669	23.771632363494923	26.225354581760612	0.0
25.0	26.202619714143278	23.731640909613834	23.790258520097073	26.275480856145812	0.0
26.0	26.274111285807418	23.773823676036354	23.690279885394354	26.261785152761874	0.0
27.0	26.276028684281165	23.67658418201042	23.74971923808063	26.297667895627786	0.0
28.0	26.270002574792233	23.78971069196172	23.724519143854188	26.21576758939186	0.0
29.0	26.21850673006864	23.78971069196172	23.714384323350078	26.27739825461956	0.0
30.0	26.322594075786544	23.703975588778288	23.802584653142617	26.170845682292555	0.0
31.0	26.270276488859917	23.740132245711877	23.72424522978651	26.265346035641702	0.0
32.0	26.174680479240052	23.726436542327942	23.911876366146412	26.187006612285597	0.0
33.0	26.19193706550381	23.75629317570492	23.75821057417867	26.293559184612604	0.0
34.0	26.16427174466826	23.804502051616367	23.68041897895792	26.35080722475745	0.0
35.0	26.071962703860546	23.779849785525283	23.87928059209265	26.268906918521523	0.0
36.0	26.165915229074333	23.75547143350188	23.850245700918705	26.228367636505073	0.0
37.0	26.25274598852848	23.756019261637242	23.77026279315653	26.22097195667775	0.0
38.0	26.225354581760612	23.776562816713138	23.666723275573986	26.331359325952263	0.0
39.0	26.34176806052405	23.67001024438613	23.66590153337095	26.322320161718864	0.0
40.0	26.333276724426014	23.641797095415225	23.791628090435466	26.233298089723288	0.0
41.0	26.250554675987047	23.756841003840275	23.739584417576516	26.253019902596158	0.0
42.0	26.24671987903955	23.856819638542998	23.73054525334312	26.165915229074333	0.0
43.0	26.260689496491164	23.868050115317825	23.800667254668863	26.070593133522152	0.0
44.0	26.348068084080662	23.697401651154	23.8105281611053	26.144002103660043	0.0
45.0	26.30197847589152	23.765541156845504	23.76526724352811	26.16721312373486	0.0
46.0	26.175704436574005	23.90249781554129	23.732671558758515	26.18912618912619	0.0
47.0	26.258700171743648	23.735684605249823	23.752119404293317	26.25349581871321	0.0
48.0	26.176526176526178	23.798958581567277	23.715141106445454	26.309374135461095	0.0
49.0	26.280815163799716	23.723567437274024	23.774241262189108	26.221376136737153	0.0
50.0	26.203023994740875	23.726580475512215	23.796428180124902	26.273967349622	0.0
51.0	26.267393448011394	23.784649939739236	23.693437054892076	26.25451955735729	0.0
52.0	26.265476060041635	23.68521967787882	23.752602169387533	26.296702092692016	0.0
53.0	26.26191519666922	23.784376027172126	23.732332639421497	26.221376136737153	0.0
54.0	26.21617179796209	23.789032540812975	23.709871808918592	26.284923852306342	0.0
55.0	26.32381943683576	23.713980497425222	23.793415141886708	26.168784923852307	0.0
56.0	26.26492823490742	23.744110879807163	23.72630656294511	26.26465432234031	0.0
57.0	26.167141448449655	23.73151090172017	23.91311493371316	26.188232716117017	0.0
58.0	26.18713706584858	23.759723896132353	23.755341295058617	26.297797742960448	0.0
59.0	26.163306672510135	23.81067163361455	23.680837076805084	26.345184617070235	0.0
60.0	26.071272049961653	23.77341952448778	23.88216281362989	26.273145611920672	0.0
61.0	26.1685110112852	23.75506738249151	23.83970636572806	26.236715240495233	0.0
62.0	26.247945655746683	23.753697819655965	23.77615865015887	26.22219787443848	0.0
63.0	26.225484825243782	23.774789087323324	23.66385449764435	26.33587158978854	0.0
64.0	26.334228114385887	23.674811000328695	23.66001972170483	26.330941163580583	0.0
65.0	26.32628464993974	23.646324093349403	23.800262956064426	26.227128300646434	0.0
66.0	26.240550016434756	23.76218910923633	23.740276103867643	26.256984770461266	0.0
67.0	26.244932617508493	23.863536759066506	23.73178481428728	26.159745809137725	0.0
68.0	26.266023885175855	23.862167196230963	23.799989043497316	26.07181987509587	0.0
69.0	26.338610715459627	23.699189218801358	23.80519338227238	26.157006683466637	0.0
70.0	26.298821357452184	23.770341376297317	23.76349358087657	26.16734368537393	0.0
71.0	26.172548009893692	23.90702337289533	23.73747195827775	26.18295665893322	0.0
72.0	26.25773458492773	23.742128459163858	23.743224106431178	26.25691284947724	0.0
73.0	26.17556103987882	23.795267351628816	23.72021551381748	26.30895609467488	0.0
74.0	26.27930163634471	23.73302436165026	23.768084978169288	26.219589023835745	0.0
75.0	26.20260653770934	23.729463517785046	23.788080486027795	26.279849458477823	0.0
76.0	26.26368870555108	23.77986315403115	23.690842057400804	26.26560608301697	0.0
77.0	26.259306128486205	23.683720369670375	23.757950268706757	26.299023233136666	0.0
78.0	26.25875830635309	23.78479355322914	23.7382286719148	26.21821946850297	0.0
79.0	26.221780312368182	23.783150086829806	23.711111476325865	26.283958124476147	0.0
80.0	26.31491007499685	23.711111476325865	23.79574999589133	26.17822845278595	0.0
81.0	26.267797371549406	23.74425471537901	23.73083307311782	26.257114839953765	0.0
82.0	26.162889433058872	23.73685911658203	23.908601355311955	26.19165009504714	0.0
83.0	26.18343276305049	23.760689379372305	23.76041546830575	26.29546238927145	0.0
84.0	26.169737209722747	23.806980349620087	23.682624725404157	26.340657715253013	0.0
85.0	26.06729447083121	23.78616310856191	23.878471137990918	26.268071282615963	0.0
86.0	26.1669980990572	23.749459025643553	23.84313661040533	26.240406264893913	0.0
87.0	26.24341928662602	23.75603289124087	23.780684887230812	26.219862934902295	0.0
88.0	26.22616288943306	23.781506620430477	23.658794462613876	26.333536027522587	0.0
89.0	26.33627513818813	23.68125517007138	23.659616195813545	26.32285349592694	0.0
90.0	26.330249094723925	23.646194553552352	23.802597772555206	26.220958579168514	0.0
91.0	26.23848888742803	23.7631545789713	23.74261124897968	26.25574528462099	0.0
92.0	26.241775820226685	23.870527717060824	23.734667828049588	26.1530286346629	0.0
93.0	26.268893015815625	23.863953851463506	23.791915240959565	26.075237891761304	0.0
94.0	26.34394464805167	23.688650768868364	23.805884705353865	26.161519877726104	0.0
95.0	26.30278594182693	23.77514154315594	23.752133076588063	26.16993943842907	0.0
96.0	26.17514373443847	23.902509840228113	23.740628843304126	26.18171758202929	0.0
97.0	26.264164587230848	23.73323326476445	23.74884615279265	26.253755995212046	0.0
98.0	26.17569155507104	23.795410906560974	23.718716018001388	26.310181520366598	0.0
99.0	26.28627932201904	23.72330751279158	23.770967777278653	26.219445387910728	0.0
100.0	26.20520209047781	23.733716076300247	23.78082852165529	26.280253311566653	0.0
101.0	26.25971009411533	23.784115436447504	23.698107832717948	26.258066636719217	0.0
102.0	26.264640466303646	23.686603630945207	23.768776500750512	26.279979402000635	0.0
103.0	26.261353551511434	23.786032803409626	23.73946817718662	26.213145467892318	0.0
104.0	26.223280121834975	23.78165025035334	23.71098158232078	26.2840880454909	0.0
105.0	26.31449200731886	23.712351130150868	23.796989186050332	26.176167676479935	0.0
106.0	26.274775120246304	23.75097237895936	23.717829321471225	26.256423179323114	0.0
107.0	26.17068948515958	23.731798709338126	23.91203120377776	26.185480601724535	0.0
108.0	26.19315006957303	23.755628841581665	23.75864184680786	26.29257924203745	0.0
109.0	26.167128660801346	23.803563015634758	23.68386453528503	26.34544378827886	0.0
110.0	26.068521217034984	23.78438934601352	23.87970987498767	26.26737956196382	0.0
111.0	26.170141666027547	23.74768546416715	23.846292907933517	26.235879961871788	0.0
112.0	26.25094498800276	23.754533203317592	23.776993787731044	26.217528020948606	0.0
113.0	26.216432382684534	23.77863724512715	23.662499589135653	26.342430783052666	0.0
114.0	26.334213496072135	23.67783852483264	23.668799509154056	26.31914846994116	0.0
115.0	26.336678682166298	23.64716065343866	23.795619638220245	26.2205410261748	0.0
116.0	26.23670169056984	23.759189665939893	23.747411554601133	26.25669708888913	0.0
117.0	26.24409724885232	23.87094476887511	23.73125089020609	26.153707092066487	0.0
118.0	26.271488205454084	23.850949370555817	23.794523999956173	26.083038424033923	0.0
119.0	26.344348150014792	23.69208182226556	23.79972828171051	26.163841746009137	0.0
120.0	26.29648600455239	23.780893659797908	23.751311345639213	26.171308990010488	0.0
121.0	26.171856810643057	23.90497503307467	23.739807112355273	26.183361043926993	0.0
122.0	26.265534138812267	23.727207237806198	23.753502628169485	26.253755995212046	0.0
123.0	26.17514373443847	23.79404135497955	23.71789428705253	26.312920623529447	0.0
124.0	26.291627634339683	23.71631578659041	23.770550177768282	26.221506401301625	0.0
125.0	26.210276047572872	23.732202628450594	23.783423997896364	26.27409732608017	0.0
126.0	26.266153905150073	23.78479355322914	23.692485523800134	26.256567017820654	0.0
127.0	26.262319150218303	23.69002032420114	23.76479804537063	26.28286248020992	0.0
128.0	26.26697563834974	23.782054442563588	23.74261124897968	26.20835867010699	0.0
129.0	26.219862934902295	23.785341375362247	23.715494053390746	26.27930163634471	0.0
130.0	26.30977783012537	23.71364163021357	23.798006469797116	26.17857406986395	0.0
131.0	26.266773674883108	23.752537108203384	23.720763337451142	26.259925879462365	0.0
132.0	26.16789150900759	23.73254154557482	23.912775521048754	26.186791424368838	0.0
133.0	26.190078366170795	23.744867577332155	23.768971817213167	26.296082239283887	0.0
134.0	26.159543550847896	23.80443684791511	23.681723681723682	26.35429591951331	0.0
135.0	26.066960849569544	23.783071609158565	23.883323883323886	26.26664365794801	0.0
136.0	26.167760950369644	23.743628091454177	23.84990645860211	26.238704499574066	0.0
137.0	26.2448024805658	23.75547143350188	23.778480215186892	26.22124587074543	0.0
138.0	26.213576276850425	23.77628890264546	23.662340650491128	26.347794170012982	0.0
139.0	26.326976700869402	23.683158119634708	23.659053681678984	26.330811497816903	0.0
140.0	26.3317053662652	23.64898363906792	23.79689764077167	26.222413353895206	0.0
141.0	26.230356883616334	23.756906077348066	23.751701695806638	26.26103534322896	0.0
142.0	26.244326539332796	23.862637197084453	23.736910295636264	26.156125967946487	0.0
143.0	26.26897887295009	23.851132774729713	23.794158492591976	26.085729859728225	0.0
144.0	26.3344445144449	23.697192647030626	23.795528066681822	26.172834771842652	0.0
145.0	26.299181540282024	23.77778873440051	23.753136333256634	26.169893392060832	0.0
146.0	26.172632547743486	23.901050740119864	23.739988385979906	26.186328326156744	0.0
147.0	26.263024685271013	23.72629260756664	23.752862417688373	26.257820289473973	0.0
148.0	26.175371703426137	23.79230625951857	23.714788153699505	26.317533883355793	0.0
149.0	26.29103608847497	23.71896185715264	23.770732041361363	26.219270013011027	0.0
150.0	26.216328744309376	23.729709593123584	23.785588675172704	26.268372987394333	0.0
151.0	26.265359899636785	23.783945172759495	23.690813369344298	26.259881558259423	0.0
152.0	26.26481206549905	23.696291710721663	23.767784065696272	26.27111215808302	0.0
153.0	26.271933909289626	23.783945172759495	23.73984452467171	26.20427639327917	0.0
154.0	26.220163583273525	23.78668434344818	23.71519198847357	26.277960084804725	0.0
155.0	26.309806531844316	23.719365715897915	23.797432294363045	26.17339545789472	0.0
156.0	26.2736493797131	23.743470483985398	23.728131086111546	26.254749050189965	0.0
157.0	26.164082252042743	23.73717037414435	23.913299531874447	26.185447841938466	0.0
158.0	26.190104444864453	23.75168801856067	23.759631635316772	26.298575901258104	0.0
159.0	26.15984287987816	23.81153255120237	23.680325197016472	26.348299371903	0.0
160.0	26.061505844068687	23.782497103303193	23.890695234625596	26.265301818002524	0.0
161.0	26.16751262083266	23.74579191444952	23.85563356169074	26.23106190302708	0.0
162.0	26.247842879447774	23.749965759991234	23.782562248335935	26.21962911222505	0.0
163.0	26.2155203111732	23.786944969457913	23.658750376640096	26.338784342728793	0.0
164.0	26.32700577971348	23.677376941408497	23.66833757909442	26.327279699783602	0.0
165.0	26.32625613240237	23.642379933656375	23.79769303885019	26.233670895091066	0.0
166.0	26.237779707397777	23.76071372808976	23.749209053630956	26.252297510881505	0.0
167.0	26.244901648729417	23.86261227329628	23.737978299992605	26.154507777981696	0.0
168.0	26.27503293897866	23.845355261608077	23.795775593107056	26.083836206306206	0.0
169.0	26.335843361118034	23.690589998055163	23.800706167875113	26.172860472951687	0.0
170.0	26.29948393176066	23.77529665706115	23.76214842166391	26.16307098951428	0.0
171.0	26.17375393077454	23.90075273647649	23.74352175485115	26.181971577897816	0.0
172.0	26.267161186409105	23.73776940186486	23.74571312741736	26.24935628430868	0.0
173.0	26.179506283760833	23.788170970887617	23.711472931070375	26.32084981428118	0.0
174.0	26.293803603174208	23.7150988722618	23.774813938263385	26.216283586300598	0.0
175.0	26.220464244821486	23.728586063889818	23.785288139678855	26.26566155160985	0.0
176.0	26.282096935896522	23.773509447606735	23.687771526244568	26.256622090252176	0.0
177.0	26.26620939775274	23.689962910816124	23.76392214010617	26.279905551324966	0.0
178.0	26.272783551467406	23.785014216607408	23.738173371390378	26.204028860534805	0.0
179.0	26.217177167964152	23.786109908893184	23.724203294746705	26.272509628395962	0.0
180.0	26.30901346335584	23.71659841398107	23.800966951090903	26.173421171572187	0.0
181.0	26.273677290345553	23.742895100872445	23.736320929149603	26.24710667963239	0.0
182.0	26.16986016188898	23.732759919466396	23.911906098913892	26.18547381973073	0.0
183.0	26.189034829413938	23.761247996932052	23.75029104406065	26.29942612959336	0.0
184.0	26.153841939610423	23.810136880483643	23.6904315145605	26.345589665345432	0.0
185.0	26.06015947932275	23.78959248129775	23.89176662658226	26.25848141279724	0.0
186.0	26.173564562828883	23.74247732583143	23.845747172405858	26.238210938933825	0.0
187.0	26.25006163336639	23.745555549468307	23.777878826062423	26.226503991102877	0.0
188.0	26.2188340610636	23.7863705343202	23.656255649725253	26.33853975489095	0.0
189.0	26.333335159507154	23.676252253041948	23.662008097254713	26.328404490196185	0.0
190.0	26.322450220648058	23.651389767737445	23.789448886624427	26.23671112499007	0.0
191.0	26.233697929934998	23.75712552148819	23.745346668091084	26.26382988048573	0.0
192.0	26.2454767833321	23.855739177836032	23.74288132668239	26.155902712149476	0.0
193.0	26.276156587529208	23.851356348665018	23.786161764746165	26.08632529905961	0.0
194.0	26.33587263498429	23.692204864392526	23.79985810590559	26.17206439471759	0.0
195.0	26.30115597436038	23.771160905056703	23.762395222703116	26.165287897879804	0.0
196.0	26.173231797512734	23.90237221278694	23.7407549443927	26.18364104530762	0.0
197.0	26.266915027666688	23.737741741083656	23.744589930422396	26.250753300827263	0.0
198.0	26.1658357530269	23.789514052484524	23.715279680052596	26.329370514435986	0.0
199.0	26.290544816043433	23.71671428454031	23.775334945858067	26.217405953558192	0.0
200.0	26.219669203249897	23.724723194670435	23.786631165458637	26.268976436621028	0.0
201.0	26.28294681940952	23.767730059333037	23.68993420223636	26.259388919021088	0.0
202.0	26.26158035161536	23.69349528020205	23.763621123218776	26.281303244963816	0.0
203.0	26.269798223843882	23.796766541207152	23.732667137824677	26.200768097124293	0.0
204.0	26.22323028121559	23.784439732864367	23.717874967813334	26.274455018106714	0.0
205.0	26.30959000923144	23.707804534634317	23.803953903089106	26.17865155304514	0.0
206.0	26.27041804430541	23.74834614868363	23.725062113587743	26.256173693423218	0.0
207.0	26.173172956551994	23.723418534639794	23.91188225400417	26.191526254804042	0.0
208.0	26.19097839515473	23.757933692546644	23.749989727631576	26.301098184667055	0.0
209.0	26.1396227965649	23.817233019681964	23.686567777458194	26.35657640629494	0.0
210.0	26.05716946761447	23.791209543767376	23.89941241730698	26.25220857131117	0.0
211.0	26.18126035802824	23.745463012422785	23.83449069318322	26.238785936365755	0.0
212.0	26.24488431848439	23.746623787165735	23.77675631550401	26.23173557884587	0.0
213.0	26.228722326012043	23.776208451352403	23.65348688139289	26.341582341242663	0.0
214.0	26.324872484618716	23.677866836139312	23.654308677620296	26.34295200162168	0.0
215.0	26.321657403171596	23.653277743231804	23.792435618937525	26.23262923465908	0.0
216.0	26.234546764442424	23.750523896530094	23.746962769789594	26.267966569237895	0.0
217.0	26.24112115227104	23.86365815374754	23.741758046091938	26.153462647889487	0.0
218.0	26.27618455402366	23.850783310916494	23.783121902846986	26.089910232212855	0.0
219.0	26.344941693397946	23.688341144984427	23.794627081547063	26.172090080070564	0.0
220.0	26.302280223091508	23.77168184258681	23.754697960838456	26.17133997348323	0.0
221.0	26.176818645014954	23.899334889276048	23.732783274711547	26.19106319099745	0.0
222.0	26.27351719754994	23.73935768054962	23.73716621193693	26.24995890996351	0.0
223.0	26.165313434798332	23.797979465939097	23.706211717782672	26.330495381479903	0.0
224.0	26.29057309800548	23.719973373583418	23.773390567345384	26.21606296106571	0.0
225.0	26.215312970825916	23.719216545678673	23.790165730721817	26.275304752773593	0.0
226.0	26.28050951924394	23.769346664840434	23.678674154225448	26.271469661690176	0.0
227.0	26.263799479523353	23.691001232707848	23.754554170661553	26.290645117107246	0.0
228.0	26.26982605122586	23.794000821805234	23.73757019586358	26.19860293110533	0.0
229.0	26.227366114230925	23.78413915901931	23.712642103821395	26.275852622928365	0.0
230.0	26.309892644549087	23.714076740382797	23.797353232031863	26.17867738303625	0.0
231.0	26.270993757002486	23.744209681440026	23.726677788461277	26.25811877309621	0.0
232.0	26.171007179858048	23.72722566011686	23.908297242288022	26.193469917737072	0.0
233.0	26.18333429210873	23.75900221614085	23.752153820446022	26.3055096713044	0.0
234.0	26.141565332683186	23.813919851416394	23.687634742923514	26.356880072976907	0.0
235.0	26.05691869814024	23.785704306568746	23.90021010993105	26.25716688535997	0.0
236.0	26.175259624103198	23.753653639120444	23.834191213734123	26.236895523042236	0.0
237.0	26.246555228656117	23.742761186261458	23.775359817666814	26.235323767415615	0.0
238.0	26.2345019531785	23.77809919845718	23.650444053626117	26.336954794738197	0.0
239.0	26.31147855338779	23.687151756217027	23.649074363230934	26.35229532716425	0.0
240.0	26.319192184837576	23.655056789230592	23.79120849016804	26.234542535763794	0.0
241.0	26.23260706976897	23.755475742358616	23.739038241844945	26.27287894602747	0.0
242.0	26.23225689792631	23.87116747625349	23.740482902786567	26.156092723033638	0.0
243.0	26.265983183239133	23.854156107103424	23.78511368711181	26.09474702254564	0.0
244.0	26.336050414411943	23.68901979587643	23.79615042126173	26.178779368449895	0.0
245.0	26.309602748809453	23.76876243293749	23.750678160226656	26.1709566580264	0.0
246.0	26.175046514113166	23.907569127233568	23.725896920889017	26.191487437764255	0.0
247.0	26.27413799245341	23.744358553487903	23.730931431249026	26.250572022809664	0.0
248.0	26.16690279212647	23.797609880548833	23.712659521702076	26.322827805622616	0.0
249.0	26.296866693339325	23.71875325415573	23.774108155804864	26.210271896700082	0.0
