# Position (bp)	A	C	G	T	N
0.0	26.144233173521194	23.829946838002673	23.813367687507476	26.212452300968657	0.0
1.0	26.307578574301772	23.754117608688563	23.697857212745834	26.240446604263834	0.0
2.0	26.33573683552764	23.72186027809625	23.68626960882866	26.25613327754745	0.0
3.0	26.35627750312381	23.834410821969904	23.75047536263378	26.058836312272504	0.0
4.0	26.23576416521581	23.829829998397493	23.783112830109758	26.151293006276937	0.0
5.0	26.218301615711155	23.789167212117427	23.716380090006165	26.276151082165256	0.0
6.0	26.269522498228003	23.801221522476503	23.742290802734168	26.186965176561323	0.0
7.0	26.28496012122496	23.764871374996265	23.793113748876415	26.157054754902358	0.0
8.0	26.194264921522837	23.75522728507033	23.75549883234671	26.29500896106012	0.0
9.0	26.17469527841059	23.772764175765097	23.792857201041578	26.259683344782736	0.0
10.0	26.301513431911854	23.675136165429457	23.81551009769157	26.207840304967117	0.0
11.0	26.16086798333976	23.753604379015048	23.822569521751173	26.26295811589402	0.0
12.0	26.115796275882293	23.740843112445763	23.786457852523203	26.356902759148742	0.0
13.0	26.247210169914908	23.672692518639597	23.75550499318494	26.32459231826056	0.0
14.0	26.23010464238587	23.679480426389212	23.7704383902341	26.31997654099082	0.0
15.0	26.244766523125048	23.793245760272818	23.81551009769157	26.14647761891057	0.0
16.0	26.13290180341133	23.72156545443685	23.724009101226713	26.42152364092511	0.0
17.0	26.231462223935793	23.750346183295232	23.786186336213216	26.232005256555762	0.0
18.0	26.30232798084181	23.634951751551718	23.830171978430744	26.232548289175732	0.0
19.0	26.329951154348457	23.747566541679	23.809472092271854	26.113010211700693	0.0
20.0	26.19337882124229	23.81734604388235	23.801598140661355	26.187676994214005	0.0
21.0	26.158353312354233	23.818160590600673	23.75055321297953	26.272932884065565	0.0
22.0	26.27076075948336	23.83146485366668	23.62511301835717	26.272661368492788	0.0
23.0	26.238450406323054	23.767115662918847	23.74240774579626	26.252026184961842	0.0
24.0	26.42145190237386	23.705210112325993	23.70711072133542	26.166227263964725	0.0
25.0	26.14830723616153	23.82521999549284	23.80702845211687	26.219444316228756	0.0
26.0	26.30985900196306	23.762771413754436	23.691362818114435	26.236006766168074	0.0
27.0	26.340540261686705	23.716613766382572	23.68348886650394	26.259357105426783	0.0
28.0	26.357031148181935	23.83167166253964	23.745058429992618	26.06623875928581	0.0
29.0	26.24055128372214	23.833572266388636	23.7738390025631	26.15203744732612	0.0
30.0	26.216929493027497	23.790944437204047	23.70758938268387	26.284536687084582	0.0
31.0	26.2696033711282	23.799632911942307	23.737184499761067	26.193579217168427	0.0
32.0	26.29241061731613	23.758362656935574	23.788772318519484	26.160454407228812	0.0
33.0	26.194393761675137	23.764064468482555	23.745872974499328	26.29566879534298	0.0
34.0	26.178374386376476	23.775739606412095	23.794202615230898	26.251683391980542	0.0
35.0	26.29756939919197	23.678265780442242	23.81348016855641	26.210684651809373	0.0
36.0	26.15855380337982	23.75591902341544	23.821625613623528	26.263901559581214	0.0
37.0	26.11483991485295	23.7442438854859	23.786057170163776	26.354859029497373	0.0
38.0	26.24706763977584	23.675279117250966	23.757276597593293	26.320376645379906	0.0
39.0	26.22996220513489	23.680166384291237	23.772209913549677	26.317661497024197	0.0
40.0	26.241908857899997	23.79175898171076	23.814023198227552	26.15230896216169	0.0
41.0	26.137647161040878	23.721165124462402	23.718993005777836	26.422194708718884	0.0
42.0	26.23865067987315	23.749674182197314	23.781441417959076	26.230233719970457	0.0
43.0	26.29295364698727	23.634008862244233	23.838459533428907	26.23457795733959	0.0
44.0	26.326550006109066	23.75286786766403	23.808799771928157	26.111782354298747	0.0
45.0	26.192150527416135	23.816130652584135	23.80146889127218	26.19024992872755	0.0
46.0	26.15359552544766	23.825362131928703	23.75694057913957	26.26410176348407	0.0
47.0	26.271161130041676	23.838666322748807	23.625527755528704	26.26464479168081	0.0
48.0	26.240208522827547	23.77133082635316	23.742550331925987	26.245910318893305	0.0
49.0	26.420222370046563	23.701551703072184	23.716756492580878	26.16146943430038	0.0
50.0	26.13974830643081	23.83296452668305	23.811243398813485	26.216043768072655	0.0
51.0	26.315417928075913	23.761284804713483	23.69177719553088	26.23152007167972	0.0
52.0	26.334423914961786	23.72028617585968	23.685803885366745	26.259486023811785	0.0
53.0	26.349828675069098	23.832628303638824	23.75198883537059	26.065554185921492	0.0
54.0	26.22791917590265	23.82258230927544	23.779683198210183	26.169815316611732	0.0
55.0	26.213800481121673	23.792987352907634	23.70963275102768	26.28357941494301	0.0
56.0	26.26728861327266	23.79760308004757	23.73922770739548	26.195880599284287	0.0
57.0	26.290367248972323	23.755790022427004	23.79108675937943	26.162755969221248	0.0
58.0	26.193165465672564	23.7617633163728	23.747916134953	26.297155083001634	0.0
59.0	26.17443104375166	23.771537797375007	23.794073406352325	26.259957752521	0.0
60.0	26.292810869222876	23.67840871449284	23.81090723474502	26.217873181539264	0.0
61.0	26.15243846149669	23.756333049149347	23.825568956248336	26.265659533105623	0.0
62.0	26.104923623291505	23.75198883537059	23.784298925350118	26.358788615987795	0.0
63.0	26.249640244796446	23.668905746851802	23.75551850906583	26.32593549928592	0.0
64.0	26.220045288428643	23.686554115328015	23.769094177124455	26.324306419118887	0.0
65.0	26.24312392412831	23.797874593408743	23.813350854995573	26.145650627467376	0.0
66.0	26.1375052266322	23.719950258752235	23.712347884639403	26.43019662997616	0.0
67.0	26.238779710349547	23.752531862092933	23.76827963704094	26.240408790516582	0.0
68.0	26.290638762333497	23.641482897373383	23.832628303638824	26.235250036654307	0.0
69.0	26.322877382183883	23.750295269978576	23.810571072502015	26.11625627533552	0.0
70.0	26.18766409544212	23.825232754196907	23.794823340311208	26.19227981004977	0.0
71.0	26.15100989120489	23.833921158164248	23.74893770685868	26.26613124377218	0.0
72.0	26.267488806892075	23.845596200995363	23.619426185220483	26.267488806892075	0.0
73.0	26.243052670733924	23.77445989351275	23.735633588283687	26.246853847469637	0.0
74.0	26.418449825824652	23.70440963652605	23.71336955311737	26.163770984531926	0.0
75.0	26.14069241149367	23.835550233908126	23.80161115591069	26.222146198687508	0.0
76.0	26.309301750984915	23.761698800185716	23.68866190433524	26.240337544494132	0.0
77.0	26.32233435693593	23.72015736871686	23.68866190433524	26.26884637001197	0.0
78.0	26.347513494140774	23.831684351140893	23.748601713783028	26.072200440935305	0.0
79.0	26.23212094225485	23.815393637933468	23.787427913594055	26.16505750621762	0.0
80.0	26.211214526971993	23.798831412839256	23.704888300009774	26.285065760178984	0.0
81.0	26.270947142065882	23.79693082963172	23.74289996416043	26.18922206414197	0.0
82.0	26.291310533575157	23.75538951095279	23.7890569849148	26.16424297055725	0.0
83.0	26.184606362066532	23.765163938877244	23.75538951095279	26.294840188103436	0.0
84.0	26.180533683764672	23.760819748688597	23.799102924726046	26.25954364282068	0.0
85.0	26.289409950367627	23.680723742085426	23.81593666170705	26.213929645839894	0.0
86.0	26.147409233576248	23.75566102283958	23.82896923227299	26.267960511311184	0.0
87.0	26.099351629614343	23.75729009416032	23.784712794726154	26.35864548149918	0.0
88.0	26.24325292961326	23.672578385481717	23.755117999066	26.32905068583903	0.0
89.0	26.216644764707798	23.68832607491556	23.776838950009232	26.31819021036741	0.0
90.0	26.238365715651028	23.798559900952462	23.81050642397124	26.152567959425266	0.0
91.0	26.134919686783885	23.726880762839798	23.70923249019842	26.428967060177893	0.0
92.0	26.233478501688808	23.755117999066	23.77629592623565	26.235107573009547	0.0
93.0	26.296197747537388	23.63429520944427	23.82978376793336	26.23972327508498	0.0
94.0	26.32816466608201	23.74908025598071	23.804468530500206	26.11828654743707	0.0
95.0	26.196481758523415	23.807183641996257	23.80311097475218	26.19322362472815	0.0
96.0	26.156569619531428	23.83161964546074	23.745279099886236	26.2665316351216	0.0
97.0	26.271147324664888	23.837049868452848	23.622556060264614	26.269246746617647	0.0
98.0	26.240738075909086	23.769172081051508	23.742020966090973	26.248068876948434	0.0
99.0	26.416948812002968	23.70455242744543	23.71188322848478	26.16661553206682	0.0
100.0	26.149510329641686	23.828904533964685	23.80582608624823	26.215759050145394	0.0
101.0	26.314046086302533	23.76455639150822	23.68310304662661	26.23829447556264	0.0
102.0	26.3224629319403	23.7181279849257	23.692062914563586	26.26734616857041	0.0
103.0	26.35225760907931	23.828025304770435	23.74521462898102	26.074502457169235	0.0
104.0	26.237137194211396	23.814178273736797	23.782683065895576	26.166001466156224	0.0
105.0	26.213244277918058	23.80033124270316	23.704488067117374	26.28193641226141	0.0
106.0	26.280307349786863	23.799516711465884	23.735983274958596	26.184192663788657	0.0
107.0	26.291167766283834	23.75770410795254	23.79109988868073	26.160028237082894	0.0
108.0	26.187722299150174	23.761776764138904	23.749015774754962	26.301485161955963	0.0
109.0	26.18853683038744	23.76069072248921	23.792457440742854	26.258315006380496	0.0
110.0	26.294968912057776	23.68168119247373	23.815264315386493	26.208085580081995	0.0
111.0	26.1578561537835	23.753088430941325	23.828839836007713	26.260215579267467	0.0
112.0	26.10056745676197	23.748201243517688	23.78784176373164	26.363389535988706	0.0
113.0	26.245010996171704	23.67652249463767	23.756889576715267	26.32157693247536	0.0
114.0	26.22410469441503	23.68656837989737	23.769922076511634	26.319404849175964	0.0
115.0	26.243653444109583	23.798159159403763	23.80548994053922	26.15269745594744	0.0
116.0	26.13423474790258	23.730010045885262	23.709375254541012	26.426379951671148	0.0
117.0	26.237137194211396	23.756618066302842	23.769379055686784	26.23686568379897	0.0
118.0	26.297412505769596	23.63498140153675	23.82042301322256	26.2471830794711	0.0
119.0	26.326807110333988	23.744193055287816	23.814242931886	26.114756902492203	0.0
120.0	26.19919687001947	23.808541197744283	23.800395863256124	26.191866068980126	0.0
121.0	26.152496952287347	23.83107662316153	23.743107010689393	26.273319413861728	0.0
122.0	26.26870372431844	23.845195202941007	23.6165828149733	26.269518257767256	0.0
123.0	26.240195053609877	23.7637418580594	23.745822122185448	26.250240966145277	0.0
124.0	26.416948812002968	23.7029233605478	23.713783806532014	26.166344020917222	0.0
125.0	26.138378372507866	23.830262089712715	23.806369108547443	26.224990429231976	0.0
126.0	26.31601811527309	23.767607545858358	23.679094670764687	26.23727966810387	0.0
127.0	26.320633817348522	23.72172203699078	23.692127241330628	26.26551690433007	0.0
128.0	26.348942594085912	23.82767636781272	23.74459350487501	26.078787533226354	0.0
129.0	26.2340927541426	23.81844493859742	23.78423434797601	26.16322795928397	0.0
130.0	26.211014181104353	23.79862451704692	23.701151485038295	26.289209816810434	0.0
131.0	26.26817447495961	23.799568292583594	23.73983519094229	26.192422041514508	0.0
132.0	26.285551377255263	23.755854522746095	23.787078644058592	26.171515455940046	0.0
133.0	26.174773625120483	23.761827832910225	23.755039980450984	26.308358561518308	0.0
134.0	26.17748876610418	23.75232483946729	23.79495255291131	26.27523384151722	0.0
135.0	26.28698032060472	23.680166384291237	23.818910465267823	26.213942829836224	0.0
136.0	26.153938051175118	23.75157478604631	23.82759894000608	26.266888222772494	0.0
137.0	26.089659872441985	23.751639275270634	23.797525407069724	26.36117544521766	0.0
138.0	26.252026184961842	23.669098541146827	23.754082915425613	26.32479235846572	0.0
139.0	26.22134492523819	23.69081978696888	23.765486569482192	26.32234871831074	0.0
140.0	26.234649188304193	23.79562479806029	23.81463088815459	26.15509512548092	0.0
141.0	26.131473270649437	23.72611681142972	23.710097392635955	26.43231252528489	0.0
142.0	26.231119485858112	23.75625504000782	23.774718098956566	26.237907375177507	0.0
143.0	26.284950937002787	23.64038207775141	23.825556201161007	26.2491107840848	0.0
144.0	26.316246765553174	23.744708811542733	23.815031726766968	26.12401269613713	0.0
145.0	26.190805889747786	23.810415936964603	23.795482499368724	26.203295673918888	0.0
146.0	26.150078332668116	23.823448755230096	23.75013915248669	26.276333759615095	0.0
147.0	26.266287628868778	23.83919674396757	23.612751526604598	26.28176410055905	0.0
148.0	26.234520134346635	23.765344107129767	23.744165777448337	26.25596998107526	0.0
149.0	26.412635317308396	23.705881873793448	23.715928004539766	26.165554804358393	0.0
150.0	26.14220433829938	23.82426330637169	23.809329868775812	26.224202486553118	0.0
151.0	26.302470811838173	23.77681238121097	23.678522943252784	26.24219386369807	0.0
152.0	26.328265001357586	23.7189790931306	23.689383654629378	26.263372250882433	0.0
153.0	26.344084561728376	23.821405977208734	23.7486390134103	26.08587044765259	0.0
154.0	26.240364486463445	23.82167749573037	23.779049087833528	26.158908929972657	0.0
155.0	26.215113263951302	23.80430031034567	23.69786504986438	26.28272137583865	0.0
156.0	26.26222858182391	23.807959337165386	23.74632429805293	26.183487782957776	0.0
157.0	26.28666538147202	23.752297737966913	23.78650925747427	26.174527623086803	0.0
158.0	26.17425610309071	23.76397309779879	23.756642057904354	26.305128741206147	0.0
159.0	26.183759302953867	23.759628777861348	23.78976749742735	26.26684442175744	0.0
160.0	26.290266524751832	23.68176683971588	23.819970892977388	26.2079957425549	0.0
161.0	26.15776440689011	23.758878727979667	23.82703043204379	26.25632643308643	0.0
162.0	26.088325934373263	23.752426723143135	23.798042330197262	26.361205012286348	0.0
163.0	26.25096729523887	23.67178484638673	23.755956502260418	26.321291356113985	0.0
164.0	26.22300058377116	23.691877435208188	23.771704747552914	26.313417233467735	0.0
165.0	26.234676007005252	23.793969508138858	23.819492526371523	26.151861958484368	0.0
166.0	26.126881983192824	23.730705005498308	23.71034089520629	26.432072116102578	0.0
167.0	26.225715798476763	23.756499545201535	23.78120799902252	26.236576657299178	0.0
168.0	26.28063449309519	23.64659755521404	23.831232656518978	26.241535295171794	0.0
169.0	26.321162769859868	23.748211342599507	23.812290757630475	26.118335129910154	0.0
170.0	26.195176123358305	23.808217913454776	23.80794639050973	26.188659572677185	0.0
171.0	26.154176158656288	23.825866904882798	23.74739677376437	26.27256016269655	0.0
172.0	26.25952706133432	23.848403309321654	23.61869489781234	26.27337473153169	0.0
173.0	26.241335024016205	23.771290792928458	23.737621947742692	26.249752235312645	0.0
174.0	26.42081169069192	23.699608735436186	23.713456405633558	26.166123168238332	0.0
175.0	26.142772194964337	23.819078831256636	23.813105326465614	26.225043647313417	0.0
176.0	26.30847262498235	23.77054076656566	23.68066642772583	26.24032018072616	0.0
177.0	26.329651472201405	23.712706222236704	23.694242611840604	26.263399693721283	0.0
178.0	26.348186624164043	23.810247874642606	23.75431384421558	26.087251656977774	0.0
179.0	26.237676185407732	23.822466473522297	23.777936468716316	26.161920872353654	0.0
180.0	26.217040329522035	23.796128604826077	23.702724204501333	26.28410686115056	0.0
181.0	26.261984474149376	23.804132081055908	23.750369954030667	26.18351349076405	0.0
182.0	26.277732976005257	23.753356738865403	23.7894696827763	26.179440602353043	0.0
183.0	26.17808297288271	23.761774041581475	23.7509130058188	26.309229979717013	0.0
184.0	26.19437452652672	23.753899790653534	23.7894696827763	26.262256000043443	0.0
185.0	26.288936918933008	23.682824311408464	23.812070987922496	26.216167781736033	0.0
186.0	26.156431922842994	23.750977495872796	23.836236858111043	26.25635372317317	0.0
187.0	26.07911764466299	23.75430031470022	23.801274549468214	26.365307491168572	0.0
188.0	26.245292394246878	23.668497666222265	23.756744061017628	26.329465878513226	0.0
189.0	26.212709110014742	23.692663602027768	23.772492648396497	26.322134639560996	0.0
190.0	26.235788936345838	23.790956509461374	23.81973841053309	26.1535161436597	0.0
191.0	26.12636340679959	23.726061468365703	23.71492884625306	26.43264627858165	0.0
192.0	26.226828533182	23.759459334703642	23.77602250418831	26.23768962792605	0.0
193.0	26.28201995188522	23.639508425517125	23.83256490879371	26.245906713803947	0.0
194.0	26.310601843680846	23.758230718058027	23.814708717433508	26.116458720827616	0.0
195.0	26.19221526806685	23.806562852138967	23.806291323295817	26.194930556498363	0.0
196.0	26.148770653162636	23.81851012123763	23.754157785410758	26.278561440188987	0.0
197.0	26.261455123070448	23.851365111258943	23.617035719619317	26.270144046051293	0.0
198.0	26.23891822908889	23.7723502179019	23.734607708703855	26.25412384430536	0.0
199.0	26.41622656366673	23.715872218526414	23.7041964782709	26.16370473953596	0.0
200.0	26.13546573984821	23.829914332649984	23.807648967511575	26.226970959990226	0.0
201.0	26.31501775803456	23.771328648542973	23.667875878398192	26.245777715024275	0.0
202.0	26.324521293349694	23.717022732456474	23.695300366021872	26.263155608171957	0.0
203.0	26.344686015917105	23.819997121778634	23.74261098122911	26.09270588107515	0.0
204.0	26.23716001010093	23.819454061143198	23.7779099225324	26.165476006223475	0.0
205.0	26.216523705954387	23.798817756996655	23.699437660712004	26.285220876336947	0.0
206.0	26.25875350615427	23.80519223093236	23.75495884935688	26.1810954135565	0.0
207.0	26.279389922369063	23.749256681718578	23.785098878302165	26.186254517610198	0.0
208.0	26.178380095633496	23.759846421618274	23.759303358033677	26.30247012471455	0.0
209.0	26.189512899117794	23.759303358033677	23.791344109525063	26.259839633323466	0.0
210.0	26.287335722819595	23.695829260345388	23.803899207125014	26.212935809710004	0.0
211.0	26.143966547192356	23.748778103616814	23.848702074508527	26.258553274682306	0.0
212.0	26.071266621230098	23.757260120723693	23.80423537589708	26.36723788214913	0.0
213.0	26.242061046109065	23.66439574344451	23.75128638885193	26.342256821594496	0.0
214.0	26.216265385753733	23.687204537863956	23.77545284960587	26.321077226776442	0.0
215.0	26.231199715433135	23.796632444423928	23.812381373904024	26.15978646623891	0.0
216.0	26.131818539748398	23.724676128695908	23.70947026574961	26.43403506580609	0.0
217.0	26.228484382764155	23.754816321321606	23.777353582474156	26.23934571344008	0.0
218.0	26.2823193348503	23.64735335806103	23.821135120751173	26.249192186337496	0.0
219.0	26.32312091170505	23.753859187513747	23.799205489346335	26.12381441143487	0.0
220.0	26.19305577052056	23.804364649435072	23.79649014193121	26.20608943811316	0.0
221.0	26.150967885586123	23.820656733925823	23.74652774949291	26.28184763099515	0.0
222.0	26.264740942279857	23.842651047988333	23.609131170287583	26.283476839444226	0.0
223.0	26.23595825967954	23.77802577950836	23.72914952603611	26.256866434776	0.0
224.0	26.4110981679551	23.71312897628687	23.70905595516418	26.166716900593844	0.0
225.0	26.143907982306796	23.82608742875607	23.804093114693558	26.225911474243574	0.0
226.0	26.31613246586799	23.773745777623304	23.66567465705069	26.244447099458014	0.0
227.0	26.3299807752881	23.716180256112263	23.684682140568487	26.26915682803115	0.0
228.0	26.350417486932322	23.82024302491345	23.737152942773744	26.092186545380493	0.0
229.0	26.237458421016903	23.81372615572602	23.77516801303374	26.17364741022334	0.0
230.0	26.214377842644765	23.803679315728736	23.69262100332632	26.289321838300182	0.0
231.0	26.26719851849036	23.801907823815487	23.752487964091856	26.1784056936023	0.0
232.0	26.278874639194292	23.75493180330896	23.780999421624717	26.18519413587203	0.0
233.0	26.173518015168096	23.76932330092078	23.759276406361586	26.297882277549533	0.0
234.0	26.1884525881615	23.770137913993153	23.787516326203658	26.25389317164169	0.0
235.0	26.2846483034279	23.69715862188817	23.807403223704217	26.210789850979708	0.0
236.0	26.14806447408437	23.74766476951818	23.845690142068907	26.25858061432854	0.0
237.0	26.074548362483064	23.750716184548878	23.80448093930828	26.37025451365978	0.0
238.0	26.23394185260311	23.66056518161897	23.757504663685168	26.34798830209275	0.0
239.0	26.21411949352515	23.69803758645128	23.768094691137776	26.319748228885793	0.0
240.0	26.23107963525176	23.79689018992326	23.812097085164044	26.159933089660942	0.0
241.0	26.124278994992338	23.730705308552125	23.703820376063174	26.441195320392357	0.0
242.0	26.22285228547297	23.76533402857554	23.783529820730713	26.22828386522078	0.0
243.0	26.28334134530512	23.65595778369849	23.82515976414928	26.23554110684711	0.0
244.0	26.31603249576963	23.75798202465702	23.808230414671446	26.11775506490191	0.0
245.0	26.183374893383533	23.811192420316075	23.80304339086548	26.202389295434912	0.0
246.0	26.150360497905474	23.824646429522254	23.75319884162542	26.271794230946853	0.0
247.0	26.257686047870187	23.843254890133327	23.616647239272137	26.282411822724345	0.0
248.0	26.230421711309603	23.783441429588837	23.732609912961223	26.253526946140337	0.0
249.0	26.401944101641288	23.726357908242317	23.709776504422614	26.161921485693785	0.0
