# Position (bp)	A	C	G	T	N
0.0	25.046114226052907	22.607577942476436	23.978139626900745	27.767453934375425	0.600714270194486
1.0	25.897383410771692	20.28019609838769	26.209004653162697	27.613415837677923	0.0
2.0	27.13048867928628	21.323469710987023	24.948682556872306	26.59735905285439	0.0
3.0	27.87231877080572	22.43798737276419	22.660868033835776	27.028711466175086	1.1435641922605861E-4
4.0	27.04975304731268	22.607577942476436	23.307324871720684	27.034657999974844	6.861385153563518E-4
5.0	26.814636249383906	22.735428419171168	24.519845984774584	25.930089346670343	0.0
6.0	26.548300149006415	23.001535806710205	24.39359649794902	26.056453189915135	1.1435641922605861E-4
7.0	25.763128974600296	23.75926144050207	24.227665333652006	26.249944251245626	0.0
8.0	25.7798250118073	23.912842111522668	24.36603660091554	25.94118191933527	1.1435641922605861E-4
9.0	26.02592002598178	23.66034313787153	24.02273863039891	26.290998205747783	0.0
10.0	25.745403729620257	23.742679759714292	24.11216535023369	26.399636804012538	1.1435641922605861E-4
11.0	26.191508121021112	23.58143720860555	24.02068021485284	26.206374455520496	0.0
12.0	26.37436403536358	23.22475953703947	23.54713028283773	26.853746144759217	0.0
13.0	26.110086350532157	23.478859500559775	23.632325815161145	26.77872833374692	0.0
14.0	26.109514568436026	23.766923320590216	23.890542609773586	26.23301950120017	0.0
15.0	26.352636315710626	23.55650750921427	23.841712418764057	26.249143756311042	0.0
16.0	26.14542248407301	23.79299658417376	23.912041616588084	26.14953931516515	0.0
17.0	26.180186835517734	23.878649542174077	24.075456939662125	25.86284777216542	0.0028589104806514658
18.0	26.27864771247137	23.744966888098812	23.7729842108092	26.203401188620624	0.0
19.0	25.964624985276615	23.874875780339615	23.830048064003	26.330451170380776	0.0
20.0	26.073149227122137	23.904265380080712	24.00364110838816	26.01894428440899	0.0
21.0	26.38842987492838	23.54667285716083	23.529633750696142	26.53526351721464	0.0
22.0	26.09030269000605	23.654053534814096	23.6707495720211	26.584894203158754	0.0
23.0	26.297402165224444	23.77378470574378	23.84205548802174	26.086757641010045	0.0
24.0	26.497868968127726	23.505390189820222	23.5224292962849	26.474311545767154	0.0
25.0	26.052222002403774	23.770811438843904	23.750684709060117	26.426281849692206	0.0
26.0	26.26664028845263	23.84800202182149	23.873389146889675	26.0119685428362	0.0
27.0	26.470537783932695	23.671321354117232	23.532492661176796	26.325648200773276	0.0
28.0	26.04010022196581	23.84114063666793	23.73433174111079	26.384427400255472	0.0
29.0	26.219639800150723	23.897747064184827	23.94463319606751	25.93797993959694	0.0
30.0	26.31101057911234	23.68618768861662	23.572860477163594	26.42982689868822	1.1435641922605861E-4
31.0	25.92745914902814	23.906323795626783	23.710659962330997	26.455557093014082	0.0
32.0	26.145651196911462	23.968648044104985	23.790823812208462	26.09487694677509	0.0
33.0	26.37516453029816	23.680469867655315	23.50333177427415	26.440919471353148	1.1435641922605861E-4
34.0	26.09213239271367	23.80717678015779	23.524945137507878	26.575745689620668	0.0
35.0	26.34642957912739	23.868642140237124	23.613665547641123	26.17126273299436	0.0
36.0	26.483061417951404	23.52256601794514	23.356875740413923	26.63494417235502	0.0025526513345145146
37.0	26.11610406716335	23.73820143624009	23.53548079183877	26.610213704757797	0.0
38.0	26.362885624963134	23.853713207101986	23.747301362590694	26.036099805344186	0.0
39.0	26.50620197310613	23.69513295725413	23.298535291358196	26.498701026558113	0.0014287517234317663
40.0	26.092171747522876	23.887395854867478	23.521776128228918	26.49865626938073	0.0
41.0	26.30379485560608	23.943104484498217	23.71326408576823	26.035587015778006	0.004249558349471537
42.0	26.490552327365478	23.642380366712572	23.35675305450609	26.50282681435329	0.0074874370625679695
43.0	26.157297902007603	23.91366159706676	23.48604214857665	26.44299835234899	0.0
44.0	26.380313356549586	23.8797698147685	23.636212827083337	26.103704001598576	0.0
45.0	26.392387990574058	23.66283419602095	23.28938461616763	26.655393197237366	0.0
46.0	26.305877318043418	23.7811339044707	23.407436816961905	26.505423055009143	1.2890551483573572E-4
47.0	26.36654309969725	23.78927672162936	23.617058252439872	26.215100606684636	0.012021319548886918
48.0	26.552303606359235	23.630452875598365	23.269180816268108	26.546472362554933	0.0015903392193554885
49.0	26.263458898168906	23.876861923504645	23.38913444845916	26.47054472986729	0.0
50.0	26.507870861365557	23.917918647519446	23.55976135586558	26.014449135249418	0.0
51.0	26.59001695777749	23.681265884917284	23.302315714160923	26.426401443144304	0.0
52.0	26.279297632222637	23.945073768353975	23.437682834847706	26.337945764575682	0.0
53.0	26.451250318995502	23.888533652950102	23.621150907094172	26.039065120960224	0.0
54.0	26.597763969355615	23.6955636836876	23.186088346991802	26.520583999964987	0.0
55.0	26.26845803105421	23.804861524838763	23.440566588568092	26.486113855538935	0.0
56.0	26.484107446199683	23.88455377609016	23.513015936460064	26.118322841250084	0.0
57.0	26.672936365643903	23.65730381324327	23.15047740823616	26.519282412876667	0.0
58.0	26.42784639342299	23.845145101599492	23.304993916009405	26.422014588968118	0.0
59.0	26.567389036968365	23.821319581257004	23.406697055149948	26.202340943330633	0.0022533832940600817
60.0	26.77803345938308	23.58243374163803	23.152307467090814	26.487225331888066	0.0
61.0	26.399539780554722	23.80559092614117	23.27724689192076	26.51762240138335	0.0
62.0	26.689738607870506	23.870854493607606	23.359393957124738	26.080012941397158	0.0
63.0	26.72889812229839	23.77240429400571	22.99889069755548	26.49980688614042	0.0
64.0	26.30035423910959	23.90806427684926	23.280456783914143	26.511124700127002	0.0
65.0	26.471063167135938	23.911005852142907	23.421007207063404	26.196923773657748	0.0
66.0	26.63783602381197	23.708246097757236	23.14955705302016	26.50436082541063	0.0
67.0	26.48178804707282	23.89274378813317	23.084389027821807	26.5410791369722	0.0
68.0	26.542801599443532	23.760260382008873	23.36140467971927	26.33553333882832	0.0
69.0	26.828774314080466	23.65337400491035	23.01705395597219	26.50038439600228	4.133290347113723E-4
70.0	26.423706693747377	23.762047404019953	23.090139171866717	26.724106730365953	0.0
71.0	26.539918127886867	24.001882620783256	23.15951927497209	26.29605306363696	0.0026269127208248502
72.0	26.348983566014617	23.920102354191535	23.04503719816683	26.685876881627017	0.0
73.0	26.218286496064923	24.0138959253094	23.18649069519316	26.581326883432517	0.0
74.0	25.220388608583466	24.37628983335904	23.558140730458796	26.845180827598703	0.0
75.0	22.585084950279576	25.937038752841552	22.734300089421346	28.743576207457526	0.0
76.0	26.122565811950025	24.160441731839967	23.31834424428214	26.379257809253836	0.019390402674028865
77.0	26.119871416886998	24.161641907442984	23.468320240427595	26.23209632320773	0.018070112034694615
78.0	26.98963974570285	23.520524291656855	23.170277058315676	26.305823718703397	0.013735185621222822
79.0	26.432708274269977	23.995585435988822	23.118747721841967	26.43675833299583	0.0162002349034061
80.0	26.58651683041927	24.141214385116825	23.297862322252566	25.95661863954547	0.017787822665871447
81.0	26.767982693347758	23.79556517036236	23.039480800432667	26.377501352082206	0.019469983775013522
82.0	26.49126735333632	24.071876399462607	23.26578593819973	26.15539632781012	0.015673981191222573
83.0	26.696963724683215	24.02471683457574	23.110008463081257	26.152080410865203	0.01623056679457899
84.0	26.87694358063083	23.852461968854684	22.852305882070432	26.397877219734173	0.020411348709882694
85.0	26.66807537413613	23.94968428379655	22.97394719832944	26.39586337194849	0.012429771789389945
86.0	26.813668600902645	23.834945196647325	23.170857511283042	26.163765312701482	0.016763378465506126
87.0	27.13713834330776	23.618642138945788	23.013482213385817	26.22136535861081	0.009371945749822601
88.0	26.40012229356013	23.966758386836766	23.153784151866365	26.464048472720197	0.015286695016537424
89.0	26.546986839067188	24.178884784114523	22.890210113137844	26.375259755252827	0.00865850842761487
90.0	26.707013811906403	23.800820924588788	22.96791203523384	26.49878658956767	0.02546663870329868
91.0	26.524067501089732	23.8059655022106	23.0291425368952	26.623700105859644	0.017124353944828447
92.0	26.7109634551495	23.84085568430435	23.322259136212626	26.117818653269588	0.00810307106393323
93.0	26.7458712504213	23.88102460397708	22.60701044826424	26.740815638692283	0.02527805864509606
94.0	26.608674301548607	23.909574001648572	23.07827215489574	26.385941528262506	0.017538013644574618
95.0	26.759945932122896	24.180762064808388	22.94231542030468	26.093230555657033	0.023746027107003253
96.0	26.53695163318977	23.94519190456226	23.19624957121622	26.30064412852079	0.020962762510957807
97.0	26.299578729830696	24.02630951434703	22.967172720769412	26.689054924091888	0.017884110960972897
98.0	26.43616138137141	24.018346339033705	23.45591897725386	26.08334716918479	0.006226133156234434
99.0	26.585212625376396	23.342215289963388	23.355213275275666	26.70002816230151	0.01733064708303546
100.0	26.71516964710682	23.84352122572018	23.01171777611568	26.415992384578775	0.013598966478547631
101.0	26.5366108042762	24.104581980230876	23.54279754426719	25.79941688197786	0.016592789247872566
102.0	26.81456115536366	23.534082731581428	22.85664656691233	26.75996923000571	0.03474031613687685
103.0	26.367304438370425	23.79799557464532	23.26695301314591	26.549524925159446	0.01822204867890147
104.0	27.30203836275206	23.719875403027487	23.285425433083777	25.66806929340401	0.024591507732662988
105.0	26.654243119266052	23.595183486238533	22.818233944954127	26.912270642201836	0.020068807339449542
106.0	26.403952759701134	24.168474331164134	23.104965051819715	26.307543986502775	0.015063870812243913
107.0	26.363233805668017	24.14283906882591	23.045293522267208	26.429655870445345	0.018977732793522266
108.0	26.79836376334431	23.838504772356913	22.84412517875553	26.499052179986034	0.019954105557218396
109.0	26.263897629536398	24.145164673799037	23.005384238864416	26.561079644780083	0.024473813020068527
110.0	26.841388449221483	23.996024588655356	23.00585268892406	26.134648654617738	0.022085618581367098
111.0	27.06553812703836	23.62556297561733	23.070352539214163	26.226898586737068	0.011647771393073459
112.0	26.99688371330162	23.581269476791864	23.23273741184189	26.168607511891096	0.020501886173527967
113.0	26.90078712914108	23.955540178185277	23.172735922498052	25.94498745783237	0.025949312343222904
114.0	27.0879221732746	24.14647577092511	22.3201174743025	26.440895741556535	0.004588839941262849
115.0	26.775982872713115	23.715453483845856	23.214285714285715	26.269949396652393	0.024328532502919425
116.0	26.488494479413887	24.584666185120216	22.737591579816325	26.173769476834174	0.015478278815395728
117.0	26.995279394005927	23.405423207816444	22.812602920188823	26.74827094082775	0.038423537161049515
118.0	27.29718664093116	23.846288822600457	22.27291337661578	26.577762180499505	0.0058489793531028835
119.0	27.28690877324348	23.992262573318357	22.613253463122426	26.07637588918008	0.031199301135654563
120.0	26.952761144377913	24.231536926147704	22.361942781104457	26.433799068529606	0.01996007984031936
121.0	26.252490748647876	24.338172502134928	22.900654711073155	26.494449188727582	0.014232849416453175
122.0	26.4032946918853	24.71018913971934	23.169615619280048	25.701647345942646	0.01525320317266626
123.0	27.271235125153876	24.037751333606895	22.57693885925318	26.081247435371356	0.03282724661469019
124.0	26.431561136343397	24.72170273399234	22.8960726689821	25.923946923145426	0.02671653753673524
125.0	26.436892269182632	24.16482141137961	22.797727929142198	26.590930971406568	0.00962741888899586
126.0	26.970910623946036	23.7141652613828	22.502107925801013	26.770657672849918	0.042158516020236084
127.0	27.043808209727494	24.01977693457514	22.364033574795908	26.537886627572725	0.03449465332873405
128.0	26.25894763280171	24.098957679266608	22.74268491774457	26.886851689061913	0.01255808112520407
129.0	27.500345829298656	23.29506155761516	22.38207220915756	26.794854060035966	0.027666343892654585
130.0	27.130113811135036	23.65426022762227	22.746847123961857	26.42263918794217	0.046139649338665024
131.0	27.666151468315302	24.16280267903143	21.689850592478106	26.481195260175166	0.0
132.0	28.322568017224505	22.646310432569976	21.94167155999217	27.050303386181252	0.03914660403210021
133.0	27.16216216216216	23.693693693693692	21.373873873873876	27.74774774774775	0.02252252252252252
134.0	26.346356916578667	25.36958817317846	21.83210137275607	26.372756071805703	0.07919746568109821
135.0	27.688930699278767	24.176857949200375	21.417372216995922	26.685481342113516	0.03135779241141424
136.0	26.915597043951774	23.25943212757682	24.348502528199145	25.28199144301828	0.19447685725398678
137.0	28.436724565756823	24.764267990074444	20.843672456575682	25.905707196029777	0.04962779156327543
138.0	26.97986577181208	25.100671140939596	20.671140939597315	27.114093959731544	0.1342281879194631
139.0	30.061983471074385	23.037190082644628	20.24793388429752	26.446280991735538	0.2066115702479339
140.0	29.38689217758985	22.621564482029598	22.41014799154334	24.735729386892178	0.8456659619450317
