# Position (bp)	A	C	G	T	N
0.0	26.362088535754825	23.694124641911248	23.7560131884763	26.18777363385763	0.0
1.0	26.21777201232366	23.894113831684773	23.613047943354413	26.275066212637157	0.0
2.0	26.265465296658036	23.729940381923235	23.7412910583695	26.263303263049227	0.0
3.0	26.278224444294306	23.63543003851091	23.903520032430244	26.182825484764543	0.0
4.0	26.181120449693267	23.764019133583762	23.708888468502554	26.345971948220416	0.0
5.0	26.188816102391144	23.783078220262034	23.700382669606952	26.327723007739873	0.0
6.0	26.288124875011487	23.759438321883934	23.818081581692493	26.134355221412086	0.0
7.0	26.258583554706394	23.834514740338182	23.77019719543075	26.136704509524673	0.0
8.0	26.250874903051287	23.656838026056572	23.80979404984853	26.282493021043614	0.0
9.0	26.34619853962523	23.76622113165533	23.70460650412656	26.182973824592885	0.0
10.0	26.28586407525612	23.66076374907781	23.799666525241662	26.253705650424408	0.0
11.0	26.25235445610375	23.74048421399675	23.8523631037474	26.1547982261521	0.0
12.0	26.336939220577065	23.819123723459164	23.71021746121397	26.1337195947498	0.0
13.0	26.45854670943647	23.80344986933951	23.51834786768024	26.219655553543774	0.0
14.0	26.37477266155555	23.736700869898904	23.71427104417595	26.1742554243696	0.0
15.0	26.187156121974688	23.69339862286647	23.753931964847425	26.36551329031142	0.0
16.0	26.250391845294075	23.521527169741976	23.784468873971747	26.443612110992206	0.0
17.0	26.150133497638116	23.700424814346402	23.833111738063582	26.3163299499519	0.0
18.0	26.167969214471793	23.834192690598957	23.76798434780729	26.22985374712196	0.0
19.0	26.274172801072304	23.802034352671576	23.65097123585303	26.272821610403085	0.0
20.0	26.19607398039152	23.718801007447762	23.770686729145723	26.31443828301499	0.0
21.0	26.27741565867843	23.77717244435797	23.70177600501562	26.243635891947985	0.0
22.0	26.16067278485802	23.74744624963518	23.8450022159527	26.24687874955411	0.0
23.0	26.112029920766176	23.813654592426847	23.75528315551664	26.31903233129033	0.0
24.0	26.34011090573013	23.692317670331096	23.77717244435797	26.19039897958081	0.0
25.0	26.36254067083914	23.693668861000315	23.74609505896596	26.197695409194584	0.0
26.0	26.221746603106656	23.89256412750916	23.603139086162727	26.282550183221453	0.0
27.0	26.268497800261592	23.731231961604564	23.732853390407627	26.267416847726217	0.0
28.0	26.283360897622988	23.629622423279393	23.901481985925997	26.185534693171626	0.0
29.0	26.183913264368563	23.763120061398105	23.703127195684836	26.349839478548496	0.0
30.0	26.192560884651556	23.77960458756256	23.692047432197253	26.335787095588632	0.0
31.0	26.291468041638293	23.754742679248956	23.817167688166812	26.136621590945943	0.0
32.0	26.258228751175537	23.839056977008138	23.76203910886273	26.1406751629536	0.0
33.0	26.253094226632506	23.655835522262215	23.80338554334079	26.28768470776448	0.0
34.0	26.338219238793226	23.76798434780729	23.704478386354054	26.189318027045434	0.0
35.0	26.281398208326014	23.66198705562837	23.798456944425677	26.25815779161994	0.0
36.0	26.242484022213514	23.747652312556582	23.84764015187342	26.162223513356487	0.0
37.0	26.334634976827143	23.821697361131754	23.704954802794255	26.138712859246848	0.0
38.0	26.46002513207853	23.799267656636356	23.521193368374117	26.219513842910995	0.0
39.0	26.371657501114733	23.73873447823913	23.707116702022727	26.182491318623413	0.0
40.0	26.185122930662676	23.69705387978792	23.75056074109705	26.367262448452355	0.0
41.0	26.255384465715075	23.520048858790528	23.777854645098177	26.44671203039622	0.0
42.0	26.14701955973041	23.70002648319398	23.83568529317977	26.317268663895838	0.0
43.0	26.162152813434002	23.838928133259106	23.762180918048024	26.236738135258857	0.0
44.0	26.269977246072113	23.808661625851922	23.654086248736643	26.267274879339325	0.0
45.0	26.185933640682507	23.7248882571356	23.778395118444735	26.31078298373716	0.0
46.0	26.277003399577346	23.780286775157684	23.69813482648103	26.244574998783936	0.0
47.0	26.154045713235654	23.746236954324598	23.851359020229918	26.248358312209835	0.0
48.0	26.110267372164543	23.815147306010605	23.760559498008355	26.3140258238165	0.0
49.0	26.339428071104678	23.691649146322348	23.783799851910302	26.185122930662676	0.0
50.0	26.359966058273837	23.70380979661988	23.74218340422542	26.194040740880865	0.0
51.0	26.2186322781492	23.89973138474676	23.60409246418013	26.277543872923907	0.0
52.0	26.262140382547035	23.740291747512472	23.739481037492634	26.25808683244786	0.0
53.0	26.277543872923907	23.633007788220926	23.90162304145971	26.187825297395456	0.0
54.0	26.184041983969557	23.762451154721305	23.710565713451842	26.342941147857296	0.0
55.0	26.186744350702345	23.781367721850796	23.69191938299563	26.33996854445123	0.0
56.0	26.28538073644898	23.757046421255737	23.81920085610978	26.1383719861855	0.0
57.0	26.251601152289172	23.8440626300514	23.760019024661798	26.14431719299763	0.0
58.0	26.247547602189996	23.664895715667782	23.795420028861276	26.292136653280945	0.0
59.0	26.337266177718444	23.768936834879987	23.70570145333283	26.18809553406874	0.0
60.0	26.273689558353396	23.663750820841678	23.804003275259632	26.258556345545298	0.0
61.0	26.243693368680194	23.75644174929131	23.84237677916589	26.157488102862608	0.0
62.0	26.332871229870804	23.826432858528783	23.699692201260923	26.1410037103395	0.0
63.0	26.453396460449618	23.80103067988661	23.51809364756369	26.227479212100086	0.0
64.0	26.36962331811905	23.744551367799225	23.702935032576946	26.182890281504783	0.0
65.0	26.182008820477343	23.699357921134556	23.74637884814943	26.37225441023867	0.0
66.0	26.24956762365963	23.525056208924248	23.777185662400555	26.448190505015567	0.0
67.0	26.139311656866138	23.703951919750953	23.83312435143549	26.323612071947423	0.0
68.0	26.16066023867174	23.84015046696645	23.7590799031477	26.240109391214112	0.0
69.0	26.269024558976135	23.817991179522657	23.64422993773781	26.268754323763403	0.0
70.0	26.18660281909374	23.733948028363887	23.765025077827744	26.314424074714633	0.0
71.0	26.28280655482532	23.780698720166033	23.694223452092704	26.242271272915946	0.0
72.0	26.149310359737115	23.75556684538222	23.8452849360083	26.24983785887236	0.0
73.0	26.11255837080595	23.818261414735385	23.751243081978554	26.31793713248011	0.0
74.0	26.340096419923903	23.68530569007264	23.78259036665514	26.19200752334832	0.0
75.0	26.358202179176754	23.70692450709097	23.74259555517122	26.19227775856105	0.0
76.0	26.223084572812176	23.89500821515047	23.60504583189208	26.276861380145277	0.0
77.0	26.26253891387063	23.740974143894846	23.737190850916637	26.259296091317886	0.0
78.0	26.27496973365617	23.638554998270493	23.898251037703215	26.188224230370118	0.0
79.0	26.182008820477343	23.764214372189553	23.70773521272916	26.346041594603943	0.0
80.0	26.181738585264615	23.786373659633345	23.695034157730888	26.336853597371153	0.0
81.0	26.284427966101692	23.756647786233138	23.817991179522657	26.140933068142512	0.0
82.0	26.24875691802145	23.8452849360083	23.759890608785888	26.146067537184365	0.0
83.0	26.25010809408509	23.66287616741612	23.79177836388793	26.295237374610863	0.0
84.0	26.338475008647528	23.766916724316843	23.705843566240056	26.188764700795574	0.0
85.0	26.279492715829527	23.65497542217382	23.80576626338674	26.259765598609913	0.0
86.0	26.231661212434027	23.758745463438625	23.85062518747517	26.15896813665217	0.0
87.0	26.33029679853209	23.825223146123893	23.707941380736063	26.136538674607955	0.0
88.0	26.4524427846042	23.79738899443047	23.520398649908525	26.229769571056806	0.0
89.0	26.363265405392262	23.741720691043618	23.714427008315113	26.180586895249007	0.0
90.0	26.182407782732064	23.701661937576006	23.74219700040535	26.373733279286583	0.0
91.0	26.255100662072696	23.524388596135655	23.775165518173218	26.44534522361843	0.0
92.0	26.143494122415888	23.704634508850155	23.832455073638698	26.319416295095255	0.0
93.0	26.157005810025673	23.846507228752873	23.756249155519523	26.240237805701934	0.0
94.0	26.27509795973517	23.817051749763547	23.641399810836372	26.26645047966491	0.0
95.0	26.192136197811106	23.723280637751657	23.76949060937711	26.315092555060126	0.0
96.0	26.282394271044453	23.774895284421024	23.695446561275503	26.24726388325902	0.0
97.0	26.154303472503713	23.74652074044048	23.848398865018243	26.25077692203756	0.0
98.0	26.111876773408998	23.81921361978111	23.754357519254153	26.314552087555736	0.0
99.0	26.343737332792866	23.68436697743548	23.7827320632347	26.189163626536953	0.0
100.0	26.36157276043778	23.703283340089175	23.749763545466827	26.185380354006217	0.0
101.0	26.22591541683556	23.897581407917848	23.6087015268207	26.267801648425888	0.0
102.0	26.268071882178084	23.741386299148765	23.7330090528307	26.257532765842456	0.0
103.0	26.281583569787863	23.63167139575733	23.899743277935414	26.18700175651939	0.0
104.0	26.181056613971087	23.761113363059046	23.711660586407245	26.346169436562626	0.0
105.0	26.19375760032428	23.783002296986893	23.693554925010133	26.32968517767869	0.0
106.0	26.289960816105935	23.75408728550196	23.81488987974598	26.141062018646128	0.0
107.0	26.249155519524386	23.851371436292393	23.754357519254153	26.145115524929064	0.0
108.0	26.25158762329415	23.670044588569112	23.791109309552763	26.287258478583976	0.0
109.0	26.342115930279693	23.764896635589785	23.701391703823806	26.191595730306716	0.0
110.0	26.2801613831607	23.655928507151717	23.803205504106188	26.26070460558139	0.0
111.0	26.23881573080467	23.748618433675357	23.8475237197035	26.165042115816465	0.0
112.0	26.342855444249576	23.825364611904845	23.699976489727092	26.131803454118486	0.0
113.0	26.461757973900895	23.792125950206863	23.518379898986897	26.227736176905346	0.0
114.0	26.367446649245647	23.745375637412142	23.709164412472873	26.178013300869342	0.0
115.0	26.184428134424355	23.69639942494568	23.7512565801563	26.367915860473662	0.0
116.0	26.256039691719003	23.528044707230336	23.778550041615773	26.437365559434888	0.0
117.0	26.14308259379763	23.70855987807119	23.82989417703458	26.318463351096604	0.0
118.0	26.160377460465018	23.849891366618746	23.752337509323013	26.237393663593224	0.0
119.0	26.281171294845052	23.817193259325716	23.637218553068216	26.264416892761016	0.0
120.0	26.19010301254959	23.722341724946762	23.762876568698456	26.324678693805193	0.0
121.0	26.284414082345187	23.775577486407315	23.692616172862195	26.24739225838531	0.0
122.0	26.156864440673207	23.740987753072538	23.848810437452034	26.25333736880222	0.0
123.0	26.107952395879497	23.81557186557565	23.756120761406503	26.32035497713835	0.0
124.0	26.333596359430565	23.685319900986887	23.786116545782754	26.19496719379979	0.0
125.0	26.35926842713997	23.700452909320852	23.746662631197776	26.1936160323414	0.0
126.0	26.22009879692584	23.894479694745606	23.61559996973398	26.269821538594574	0.0
127.0	26.25685038859403	23.740447288489186	23.735312874947304	26.267389447969475	0.0
128.0	26.281711759428404	23.62370693848432	23.894479694745606	26.20010160734167	0.0
129.0	26.177131862549047	23.755850529114827	23.710181271821256	26.356836336514867	0.0
130.0	26.180644882340857	23.780441667657517	23.69802081869575	26.340892631305866	0.0
131.0	26.285836276621332	23.758617055486948	23.8110422617423	26.144504406149423	0.0
132.0	26.24719295448465	23.84698325365963	23.755644492245665	26.150179299610055	0.0
133.0	26.248003653550455	23.66268433270009	23.79293664927267	26.296375364476788	0.0
134.0	26.337721016832816	23.762400317794032	23.7015978878587	26.198280777514448	0.0
135.0	26.280502634779086	23.64734495338468	23.801918659640588	26.270233752195647	0.0
136.0	26.23193144691649	23.75009795999989	23.84819307713303	26.169777515950592	0.0
137.0	26.33137773646193	23.827925490948495	23.703617629016698	26.137079143572876	0.0
138.0	26.455145129428804	23.79198430478126	23.51823677404884	26.23463379174109	0.0
139.0	26.363805874357183	23.74307186345592	23.708481849700984	26.184640412485916	0.0
140.0	26.174783203214723	23.700773145032926	23.74941561477326	26.37502803697909	0.0
141.0	26.246196418823605	23.530858325721667	23.78055701183096	26.442388243623764	0.0
142.0	26.140263642898447	23.70597169000611	23.827578192981413	26.326186474114028	0.0
143.0	26.157018316641718	23.847845943477296	23.755154764542787	26.239980975338202	0.0
144.0	26.26970700939883	23.820552039476173	23.643006545132227	26.26673440599277	0.0
145.0	26.181680606412733	23.719547622586443	23.771973678876893	26.326798092123934	0.0
146.0	26.279776783904662	23.773324865894686	23.697117918091042	26.24978043210961	0.0
147.0	26.153575916442595	23.740085665256927	23.849802051101893	26.256536367198585	0.0
148.0	26.106554608223327	23.821967598535313	23.749543974381492	26.321933818859865	0.0
149.0	26.324906430299016	23.683065573105974	23.78926887270467	26.20275912389034	0.0
150.0	26.351190669217715	23.704208148220214	23.750689107241303	26.193912075320775	0.0
151.0	26.20904541081601	23.90310341472906	23.620704564862557	26.267146609592373	0.0
152.0	26.25012160716023	23.740420058155244	23.728259342132286	26.281198992552234	0.0
153.0	26.283090659489144	23.617461707256435	23.896077223249126	26.203370410005295	0.0
154.0	26.176887072888626	23.760417680059668	23.709612910897082	26.35308233615462	0.0
155.0	26.183643026234716	23.779334349428716	23.692047432197253	26.344975192139312	0.0
156.0	26.28775574730504	23.757239023572936	23.812097512991734	26.14290771613029	0.0
157.0	26.243436573587392	23.84939047624195	23.762643800855578	26.144529149315083	0.0
158.0	26.248300873141773	23.669681631594166	23.793180792502493	26.28883670276157	0.0
159.0	26.32531894941939	23.76723786154582	23.708596028029174	26.198847161005613	0.0
160.0	26.28377319331319	23.65272050199707	23.80513563325244	26.258370671437298	0.0
161.0	26.24087601103661	23.74682805418859	23.847357454984717	26.164938479790077	0.0
162.0	26.336000605338327	23.827900151604823	23.697103834439968	26.138995408616882	0.0
163.0	26.4657159612043	23.78844506419559	23.516042816877047	26.22979615772306	0.0
164.0	26.36707824268122	23.737099402498643	23.713048013598492	26.18277434122165	0.0
165.0	26.17561932661152	23.704798683382023	23.75182075402863	26.367761235977827	0.0
166.0	26.247574573422188	23.531367048789583	23.788367681157073	26.432690696631155	0.0
167.0	26.141369264778213	23.713780746842218	23.828633815986468	26.316216172393105	0.0
168.0	26.154881390559886	23.845929336987012	23.761883914624985	26.237305357828117	0.0
169.0	26.272166642344843	23.820526540517463	23.64135575265243	26.26595106448527	0.0
170.0	26.183057369938684	23.721411642619522	23.768163724168122	26.327367263273672	0.0
171.0	26.28439858716831	23.773838832332984	23.693036101795226	26.24872647870348	0.0
172.0	26.153871099376545	23.744382318524902	23.84653426549237	26.255212316606176	0.0
173.0	26.107929747565784	23.825725535554554	23.752489615903276	26.31385510097639	0.0
174.0	26.329258965995294	23.682766858449288	23.795458292008636	26.19251588354678	0.0
175.0	26.35203061323763	23.69877525429958	23.75498600136203	26.19420813110076	0.0
176.0	26.20988228172394	23.895242625041888	23.630673772281614	26.26420132095256	0.0
177.0	26.247716438400587	23.746878682074176	23.73228550735604	26.273119372169194	0.0
178.0	26.29014474267369	23.613378157800863	23.894972381065628	26.201504718459827	0.0
179.0	26.177182760596267	23.75552648931455	23.711746965160145	26.355543784929036	0.0
180.0	26.176372028667483	23.77768649536802	23.70039671815715	26.34554475780735	0.0
181.0	26.287243098625808	23.75288824030159	23.81207183104301	26.14779683002959	0.0
182.0	26.238328806734497	23.84828462172497	23.767751699163593	26.145634872376938	0.0
183.0	26.24454443498588	23.669382625967813	23.79747861688759	26.288594322158715	0.0
184.0	26.32967151755915	23.762346805031957	23.71478373667356	26.193197940735335	0.0
185.0	26.287043893263863	23.65755579217045	23.803218082662674	26.252182231903014	0.0
186.0	26.23901111522486	23.751395145838345	23.84246810419611	26.167125634740685	0.0
187.0	26.335759243094536	23.828145057332726	23.701940097234573	26.134155602338172	0.0
188.0	26.468179865039065	23.786797393745964	23.515199995676063	26.22982274553891	0.0
189.0	26.366837552326416	23.739774560647295	23.709506989917113	26.183880897109173	0.0
190.0	26.178887714813083	23.696933500166203	23.750983025746493	26.37319575927422	0.0
191.0	26.247331297462367	23.528362565197416	23.786990244034268	26.437315893305946	0.0
192.0	26.14760965327136	23.70402399805421	23.828878739561656	26.319487609112773	0.0
193.0	26.153284868794422	23.843472150906685	23.760505904926628	26.24273707537227	0.0
194.0	26.27165364970408	23.819149798664974	23.649704078047726	26.259492473583222	0.0
195.0	26.180380456666906	23.720573252366705	23.773001575552186	26.3260447154142	0.0
196.0	26.281183366709094	23.78191979547549	23.691116101710946	26.245780736104468	0.0
197.0	26.152815049631243	23.74543616851652	23.838401854989744	26.26334692686249	0.0
198.0	26.10173797188869	23.82515964964908	23.754894886616995	26.318207491845236	0.0
199.0	26.330368700831556	23.684900372673493	23.785433033627093	26.199297892867857	0.0
200.0	26.347735847016985	23.705503367312744	23.749013588160896	26.19774719750938	0.0
201.0	26.21044893899921	23.901164236219962	23.625239171089753	26.26314765369107	0.0
202.0	26.247202914374046	23.753337585263818	23.730366350654545	26.26909314970759	0.0
203.0	26.293415633411527	23.615239927789247	23.895218740203443	26.196125698595786	0.0
204.0	26.180991708735558	23.755229333996347	23.70820586550207	26.355573091766026	0.0
205.0	26.175586712356903	23.77928156788135	23.704692617855947	26.3404391019058	0.0
206.0	26.284298172836035	23.758266288676232	23.809073391941666	26.148362146546063	0.0
207.0	26.237274577260578	23.85123247763001	23.761509295267643	26.14998364984177	0.0
208.0	26.244571342091255	23.66773235466601	23.79880387106887	26.288892432173867	0.0
209.0	26.3278085112708	23.771778816140444	23.706648433762943	26.193764238825818	0.0
210.0	26.28680146800495	23.66752606573592	23.788328387734918	26.257344078524213	0.0
211.0	26.23498412269441	23.75325991487062	23.837308289980406	26.174447672454566	0.0
212.0	26.33065333423417	23.831092493750422	23.69893926086075	26.139314911154653	0.0
213.0	26.46848185933383	23.789743936220525	23.509762853861226	26.232011350584422	0.0
214.0	26.360651307344096	23.743260590500643	23.709208837240727	26.18687926491453	0.0
215.0	26.178642949222073	23.70041862262616	23.746361712650295	26.37457671550147	0.0
216.0	26.244115214771014	23.52941176470588	23.78588300155126	26.440590018971843	0.0
217.0	26.148174973379962	23.710752333645026	23.823178081303272	26.31789461167174	0.0
218.0	26.1552015826086	23.847500959402414	23.748317667598144	26.24897979039084	0.0
219.0	26.273843176892186	23.812638167460314	23.643999545972942	26.26951910967456	0.0
220.0	26.186892095313507	23.71676202161499	23.76675918393821	26.329586699133294	0.0
221.0	26.278238262152687	23.78405549955273	23.68406117490629	26.25364506338829	0.0
222.0	26.1531102288789	23.74567929928301	23.832431132287084	26.268779339550996	0.0
223.0	26.10149153696682	23.819729150507673	23.75297618243289	26.325803130092616	0.0
224.0	26.32796516954443	23.681088370660046	23.786758048867497	26.20418841092803	0.0
225.0	26.355602399870275	23.700070266472082	23.747905518620616	26.196421815037024	0.0
226.0	26.208313064158695	23.90465380249716	23.617642289605968	26.269390843738176	0.0
227.0	26.256148316307225	23.743851683692775	23.72304199772985	26.276958002270145	0.0
228.0	26.293443597643375	23.617101778282255	23.887627695800226	26.201826928274148	0.0
229.0	26.183990054591643	23.761958813037133	23.700610777795795	26.35344035457543	0.0
230.0	26.17912545267823	23.77547159612994	23.704664612723636	26.34073833846819	0.0
231.0	26.285677221980492	23.755266621443763	23.809317899891628	26.149738256684117	0.0
232.0	26.23649055859294	23.844451230882736	23.76391482599542	26.155143384528902	0.0
233.0	26.241895686437722	23.675270729340923	23.799588669771012	26.28324491445034	0.0
234.0	26.328107475562067	23.767157902702294	23.702296368564856	26.202438253170783	0.0
235.0	26.286018518018047	23.661551600192425	23.793166818911512	26.259263062878023	0.0
236.0	26.227984119648557	23.7605299215982	23.836472378296133	26.17501358045711	0.0
237.0	26.329871330236177	23.83106722123578	23.696749068286053	26.14231238024199	0.0
238.0	26.460405873243666	23.797555247461602	23.51054140755695	26.231497471737786	0.0
239.0	26.35608634197888	23.748908833918442	23.704316288170542	26.190688535932132	0.0
240.0	26.16861074775953	23.70625817541053	23.743824524610012	26.38130655221993	0.0
241.0	26.243145437002884	23.53077898105181	23.788610547311013	26.437465034634293	0.0
242.0	26.137202068057803	23.714017767135395	23.823744827828513	26.325035336978292	0.0
243.0	26.14843663429756	23.849806623189544	23.744672340494535	26.25708440201836	0.0
244.0	26.27398304328907	23.819395082715992	23.63750368242248	26.269118191572456	0.0
245.0	26.177039751781102	23.724310533086847	23.76701369744538	26.331636017686677	0.0
246.0	26.277040832873872	23.7899869187775	23.687553378955446	26.245418869393184	0.0
247.0	26.150893930999068	23.7541047851998	23.82978148353356	26.26521980026757	0.0
248.0	26.103737097728875	23.826396715613537	23.756935942031333	26.312930244626248	0.0
249.0	26.32536291227131	23.689096820750663	23.785044581924524	26.2004956850535	0.0
