# Position (bp)	A	C	G	T	N
0.0	23.71405503916531	25.235695006699473	26.58408388579277	24.459527275089464	0.006638793252987278
1.0	26.47308040720787	20.44598413685337	25.54050841734738	27.540284268844	1.427697473760705E-4
2.0	25.8297599255313	24.86071026521622	23.472774166099754	25.836755643152724	0.0
3.0	27.955081814145334	23.402657514180593	23.82889629070184	24.813292996149503	7.13848227300697E-5
4.0	27.277711231259698	23.706899628656153	23.861661924334943	25.153655830926475	7.13848227300697E-5
5.0	25.994407716979367	23.947806310271055	25.217455861010997	24.82119899290364	0.019131118834943416
6.0	26.195855542920448	24.080938909626166	24.863672932108084	24.85924707625821	2.8553908708870774E-4
7.0	25.814875015972344	24.364907531735884	24.545582389091265	25.27349290685215	0.001142156348354831
8.0	25.252934092581764	24.98681166341509	24.44735694313275	25.312683146555077	2.1415431531653076E-4
9.0	25.240870066152265	24.82048514518592	24.420373499402867	25.517914365400085	3.5692385886088463E-4
10.0	25.28163077083418	24.83961626402086	24.624676716214836	25.253862094614803	2.1415431531653076E-4
11.0	25.742133933536493	24.584629859250644	24.512102931130116	25.160919121767428	2.1415431531653076E-4
12.0	25.986698161627974	24.196653624668865	24.38503803737564	25.431538791555752	7.138477177217693E-5
13.0	25.858848035384003	24.429939058820338	24.37782817542665	25.33338473036901	0.0
14.0	25.958287022462645	24.459563739105793	24.421087347120586	25.161061891310975	0.0
15.0	25.841501535843364	24.43229475628882	24.781437675026538	24.94476603284128	0.0
16.0	25.588942213313402	24.64373645027801	24.929989385084436	24.837331951324153	0.0
17.0	25.330243800411033	24.83897380107491	25.05077241892296	24.780009979591096	0.0
18.0	25.2179555544134	24.910001648988228	24.97110701362521	24.90086439820139	7.138477177217693E-5
19.0	25.044133635148146	25.088392193646897	24.945836804417862	24.921637366787092	0.0
20.0	25.243154378848974	24.958329139477993	24.755168079014375	25.043277017886883	7.138477177217693E-5
21.0	25.400129491975992	24.576991688671022	24.7002018047498	25.322534245059636	1.4276954354435387E-4
22.0	25.301404352615076	24.612826844100656	24.553720253073294	25.532048550210977	0.0
23.0	25.437249573297528	24.668792505170043	24.567497514025323	25.326460407507106	0.0
24.0	25.53740240809389	24.501038291505424	24.68842331740739	25.273135982993296	0.0
25.0	25.406982430066122	24.67036297014903	24.86838432704505	25.0542702727398	0.0
26.0	25.372789124387253	24.833762712735545	24.986383354784458	24.80699342332098	7.138477177217693E-5
27.0	25.200751824416308	24.74838652569602	25.09246112563791	24.95825775470622	1.4276954354435387E-4
28.0	25.017935423907762	24.970821474538123	25.033283149838777	24.97767441262825	2.8553908708870774E-4
29.0	25.096244518541837	25.01529418735219	24.843613811240104	25.04456194377878	2.8553908708870774E-4
30.0	25.067619225061193	24.82769500713491	24.64809092135611	25.456237922588926	3.5692385886088463E-4
31.0	24.959828219685207	24.87138248745948	24.569924596265576	25.59836500318733	4.996934024052385E-4
32.0	25.161704354256926	24.71140921391803	24.540299915980125	25.586443746301374	1.4276954354435387E-4
33.0	25.293266488633048	24.438291077117682	24.512102931130116	25.755768424944982	5.710781741774155E-4
34.0	25.242369146359483	24.604617595346856	24.493400120925806	25.659113443965452	4.996934024052385E-4
35.0	25.341168704622106	24.689724595004233	24.551402799226484	25.41763230601478	7.159513239013906E-5
36.0	25.311474891624986	24.59498565297293	24.68450190599213	25.409037549409952	0.0
37.0	25.181769113538227	24.73690742836031	24.7020545177454	25.379196781120832	7.215923522756136E-5
38.0	25.219886483534893	24.80473268083483	24.742949093079293	25.232431742550983	0.0
39.0	25.33260894930284	24.6345020710577	24.57463100169185	25.458257977947614	0.0
40.0	25.114163295537047	24.77106781677791	24.492275213370302	25.622493674314743	0.0
41.0	25.233610997112443	24.715921485113007	24.482033193946855	25.568434323827695	0.0
42.0	25.400708476893975	24.429553820608163	24.393466384627946	25.776271317869913	0.0
43.0	25.257726528449997	24.534286281875318	24.3513568831419	25.856630306532786	0.0
44.0	25.442983503207667	24.535956438371578	24.337900654306363	25.68315940411439	0.0
45.0	25.47104020593905	24.431041866737814	24.400747667000623	25.697170260322515	0.0
46.0	25.404586546762648	24.571086492659486	24.494485759191896	25.529841201385977	0.0
47.0	25.574450324239066	24.57778700029745	24.466932664472722	25.380830010990753	0.0
48.0	25.524152559330854	24.48497218553648	24.49585784607996	25.495017409052707	0.0
49.0	25.369119225896007	24.67488981485319	24.457404693810044	25.498586265440753	0.0
50.0	25.5012329529595	24.69564312577111	24.305772333956003	25.497351587313382	0.0
51.0	25.601632570795125	24.4964560448789	24.315059289865296	25.58685209446068	0.0
52.0	25.482131213525566	24.560554928390683	24.260427339982517	25.69688651810123	0.0
53.0	25.57694098358658	24.59662646492406	24.205544933910353	25.620887617579	0.0
54.0	25.673547144309104	24.406627537165043	24.207255099162957	25.712570219362895	0.0
55.0	25.572819432987455	24.518806350308978	24.324338991881213	25.584035224822355	0.0
56.0	25.736439836516034	24.53977417045743	24.353845798600688	25.369940194425844	0.0
57.0	25.738097508068407	24.40609073806447	24.38409672081474	25.471715033052384	0.0
58.0	25.533487886374562	24.603177667149886	24.377718109923116	25.485616336552436	0.0
59.0	25.723826666679834	24.652909771845135	24.311176102932826	25.312087458542205	0.0
60.0	25.789219343633167	24.442395530672037	24.17701401820972	25.591371107485074	0.0
61.0	25.626341717004248	24.65435091705354	24.156549960803485	25.56275740513873	0.0
62.0	25.6911026737116	24.586357964049597	24.182354034463533	25.540185327775273	0.0
63.0	25.777212666584514	24.434831253605402	24.147489659519294	25.640466420290785	0.0
64.0	25.608864270891544	24.502622257213027	24.157691562524846	25.730821909370583	0.0
65.0	25.60629547647949	24.665037440717903	24.199418177462782	25.529248905339823	0.0
66.0	25.8307565413831	24.420414109104506	24.17758622933981	25.571243120172582	0.0
67.0	25.567437282287198	24.590550884113217	24.2655709900389	25.57644084356069	0.0
68.0	25.843929144763365	24.592467185750817	24.223940815391202	25.339662854094612	0.0
69.0	25.726634880024807	24.55220891318112	24.08949361036813	25.63166259642594	0.0
70.0	25.59709504767436	24.845281450557998	23.854763040182863	25.702860461584777	0.0
71.0	25.486763632063216	24.79878328000099	24.03049500757012	25.683958080365677	0.0
72.0	25.337454567249036	24.66147516771053	24.115639997088877	25.885430267951552	0.0
73.0	24.234608356865646	25.069086845562587	24.248954259222906	26.447350538348864	0.0
74.0	20.669740117251617	26.85972541283139	24.125366084246036	28.345168385670956	0.0
75.0	18.285881213721172	28.024971193326586	23.817303478980595	29.87184411397164	0.0
