# Position (bp)	A	C	G	T	N
0.0	26.178068081438532	23.981941944022473	23.74414289949781	26.095847075041185	0.0
1.0	26.081786977292943	23.965130957584353	23.887800419969007	26.0652816451537	0.0
2.0	25.974387187480897	23.913747784094383	23.97946084724005	26.132404181184672	0.0
3.0	26.1067153208825	24.087809857368576	23.864403878890123	25.9410709428588	0.0
4.0	26.071543174976696	23.968644469232768	23.874822364500407	26.08498999129013	0.0
5.0	26.193437583084528	23.87425243027012	23.761792272642538	26.170517714002816	0.0
6.0	26.123653876712833	23.918517522521974	23.897737412754097	26.060091188011096	0.0
7.0	26.091433844762307	23.904135332601992	23.815518879888035	26.188911942747662	0.0
8.0	26.12964139920311	24.012747806106237	23.831247402772007	26.02636339191865	0.0
9.0	26.05839505267532	23.872552614211337	23.879580064041456	26.18947226907189	0.0
10.0	26.03170820386377	23.875868095338486	24.047577582440415	26.044846118357334	0.0
11.0	26.046679315728525	23.922614628303958	23.986776536295782	26.04392951967174	0.0
12.0	26.100453105283584	23.907643516439197	23.916198437504775	26.075704940772447	0.0
13.0	26.145977506668256	23.856925055836136	23.97241649022142	26.024680947274188	0.0
14.0	26.21350027650727	23.827899430792215	23.922309095408757	26.036291197291757	0.0
15.0	26.002988111715048	23.879534490080875	23.839815213704984	26.277662184499096	0.0
16.0	26.059206164431693	23.944918529653496	23.889922608517647	26.105952697397168	0.0
17.0	26.22755478968643	23.909476713810392	23.879840022976072	25.9831284735271	0.0
18.0	26.02529201306459	24.035050733737247	23.867618707168106	26.072038546030058	0.0
19.0	26.068677684182866	23.925975490151146	23.803762332071482	26.201584493594503	0.0
20.0	26.007797175662546	23.839742375449894	23.968065799363274	26.184394649524283	0.0
21.0	26.041100159487684	23.95156707343155	23.885266637742973	26.12206612933779	0.0
22.0	26.108622723023057	23.88435004185788	23.782607898612273	26.224419336506795	0.0
23.0	25.987937598152143	23.801856412199278	23.984870057256693	26.225335932391886	0.0
24.0	26.107931891023195	23.907191894872884	23.987241024262218	25.997635189841706	0.0
25.0	26.202035447709893	23.929190128903542	23.757481691053133	26.11129273233343	0.0
26.0	26.110681670277025	23.90780295692929	23.901386805337015	26.08012856745667	0.0
27.0	26.012300679195477	23.914524639549768	23.923690570395877	26.14948411085888	0.0
28.0	26.129319062997443	24.009850320349283	23.893442998603724	25.967387618049553	0.0
29.0	26.0831838777387	23.899553619167797	23.919413136001026	26.097849367092472	0.0
30.0	26.186147834243307	23.884888129814023	23.73395580188146	26.195008234061213	0.0
31.0	26.140929242069177	23.90260892944983	23.908719550013902	26.04774227846709	0.0
32.0	26.077989850259243	23.900470212252404	23.850668654655223	26.17087128283313	0.0
33.0	26.117403352897504	24.020543906336407	23.822254269032292	26.0397984717338	0.0
34.0	26.07951750540026	23.883360474673005	23.868694985319234	26.1684270346075	0.0
35.0	26.063935422961883	23.834781041188638	24.06515143645413	26.036132099395353	0.0
36.0	26.048353340523494	23.916052294690786	23.968909162570004	26.066685202215712	0.0
37.0	26.099682553261694	23.90688636384468	23.92644034964971	26.066990733243916	0.0
38.0	26.16689937946648	23.83905847558349	23.952104956018808	26.041937188931225	0.0
39.0	26.20447969593552	23.83905847558349	23.91544123263438	26.04102059584661	0.0
40.0	26.00527346554679	23.86838945429103	23.832642323991212	26.293694756170964	0.0
41.0	26.05813033342601	23.956993452470066	23.9001646812242	26.084711532879723	0.0
42.0	26.18125933779205	23.926134818621506	23.9084140189857	25.98419182460075	0.0
43.0	26.032771258085113	24.04468085756449	23.869611578403845	26.05293630594655	0.0
44.0	26.063935422961883	23.900775743280608	23.830503606793787	26.204785226963722	0.0
45.0	26.007027192178427	23.869844179651693	23.897036358081273	26.226092270088603	0.0
46.0	26.050412465627865	23.972196761380996	23.848151542926978	26.12923923006416	0.0
47.0	26.143599144515733	23.824625725633975	23.80323861900397	26.228536510846318	0.0
48.0	25.999694469905286	23.822487014970974	23.940421631530707	26.237396883593036	0.0
49.0	26.105022593881472	23.918655916113913	23.955930473784072	26.020391016220547	0.0
50.0	26.217762854375636	23.92934943675699	23.779640147753902	26.073247561113472	0.0
51.0	26.09555118988332	23.903990516374833	23.916211682824066	26.084246610917777	0.0
52.0	26.024362895316543	23.910712157921914	23.91407297869545	26.150851968066092	0.0
53.0	26.139547389100553	23.99839902719515	23.900324166440065	25.96172941726423	0.0
54.0	26.09677330652824	23.904296045536068	23.896046758182834	26.10288388975286	0.0
55.0	26.20065322134671	23.89451911237668	23.70936844067082	26.195459225605788	0.0
56.0	26.144741384841474	23.89390805405422	23.89024170411945	26.071108856984853	0.0
57.0	26.098300952334398	23.87893712515391	23.834024338452984	26.188737584058707	0.0
58.0	26.12763175181255	24.03322935157546	23.80927647639329	26.0298624202187	0.0
59.0	26.079358144338087	23.87832606683145	23.883520062572373	26.158795726258095	0.0
60.0	26.05399922395593	23.858161142190216	24.045144988863463	26.042694644990387	0.0
61.0	26.036889590927004	23.915295095340376	23.973651165135458	26.074164148597163	0.0
62.0	26.114493997879627	23.90124075392376	23.937598724110224	26.046666524086394	0.0
63.0	26.182932529995323	23.85571690890037	23.949819890559453	26.011530670544854	0.0
64.0	26.19790345889563	23.850828442320676	23.91804485779145	26.033223240992236	0.0
65.0	25.991060216742383	23.862133021286215	23.861216433802525	26.285590328168873	0.0
66.0	26.048194169892547	23.950125419720685	23.877715008508986	26.12396540187778	0.0
67.0	26.189959700703636	23.92110014940376	23.896352287344065	25.99258786254854	0.0
68.0	26.043000174151622	24.020091597642537	23.899713108117602	26.037195120088235	0.0
69.0	26.082107906789165	23.904296045536068	23.815998117940367	26.1975979297344	0.0
70.0	26.0087014439264	23.873670188388704	23.90300089825299	26.2146274694319	0.0
71.0	26.066446278971718	23.9607457332983	23.844645006752174	26.128162980977816	0.0
72.0	26.149855485148272	23.81348112752137	23.803704224233275	26.23295916309708	0.0
73.0	25.986397883300437	23.81439771220463	23.94546932191065	26.253735082584278	0.0
74.0	26.107001769003034	23.91362132336092	23.96403332691726	26.015343580718785	0.0
75.0	26.216380540355573	23.96006147209161	23.777356150111668	26.046201837441146	0.0
76.0	26.085309331109098	23.908427359358146	23.915148959832326	26.09111434970043	0.0
77.0	26.029703363549984	23.908427359358146	23.941729834434756	26.12013944265711	0.0
78.0	26.12075049724567	23.99916896575956	23.90506655912106	25.97501397787371	0.0
79.0	26.10211333229454	23.90140023158969	23.894373103821227	26.10211333229454	0.0
80.0	26.192549411401668	23.877874629930066	23.748636584449272	26.180939374218998	0.0
81.0	26.169940391624884	23.886123866875646	23.8980394313526	26.045896310146865	0.0
82.0	26.064533475097996	23.888568085229895	23.84304451838205	26.20385392129006	0.0
83.0	26.103029914177384	24.04805333284449	23.819518916722426	26.0293978362557	0.0
84.0	26.074310348514985	23.893456521938386	23.880929902872875	26.151303226673754	0.0
85.0	26.059645038389505	23.835100808730747	24.057830206261478	26.04742394661827	0.0
86.0	26.03550838214132	23.900178122412566	23.99703027469959	26.067283220746525	0.0
87.0	26.129610788779818	23.903538922649656	23.932564015606335	26.034286272964195	0.0
88.0	26.178495155864752	23.86229273792174	23.94234088902332	26.016871217190186	0.0
89.0	26.216380540355573	23.846405318619137	23.907816304769586	26.0293978362557	0.0
90.0	25.99059586988204	23.881846484755716	23.8613761560389	26.266181489323348	0.0
91.0	26.034286272964195	23.964949908800104	23.908427359358146	26.09233645887755	0.0
92.0	26.194382575167353	23.91667659630373	23.91606554171517	25.972875286813746	0.0
93.0	26.015343580718785	24.016584021533564	23.89467863111551	26.07339376663214	0.0
94.0	26.070644020983615	23.919426341952256	23.815852589191056	26.194077047873073	0.0
95.0	26.014347517903847	23.84816561972967	23.93401852711852	26.203468335247965	0.0
96.0	26.03329015227434	23.970070637694622	23.87046904406912	26.12617016596192	0.0
97.0	26.134113851343095	23.806919561019726	23.810891403710315	26.248075183926865	0.0
98.0	25.98746119815218	23.82586219539022	23.955710898736342	26.23096570772126	0.0
99.0	26.096148851988204	23.925390690640228	23.96419241991415	26.014268037457416	0.0
100.0	26.219886650066453	23.969691877606515	23.767739570125723	26.04268190220131	0.0
101.0	26.090954919723192	23.923252012648753	23.902781809016055	26.083011258612	0.0
102.0	26.027405630833627	23.889644215639848	23.932723300896715	26.15022685262981	0.0
103.0	26.12945112356976	23.99841126777776	23.900032080169872	25.972105528482608	0.0
104.0	26.120590886176505	23.889644215639848	23.897893402178397	26.091871496005254	0.0
105.0	26.198499870151693	23.893004995340736	23.738103603672418	26.17039153083515	0.0
106.0	26.15053237805716	23.897893402178397	23.894532622477506	26.057041597286933	0.0
107.0	26.067123936389606	23.870701639143917	23.870396113716563	26.191778310749914	0.0
108.0	26.124257191304746	24.04057377675257	23.823956248758805	26.01121278318388	0.0
109.0	26.08973281801378	23.868562961152442	23.895143673332214	26.14656054750157	0.0
110.0	26.0585692244237	23.828233604741754	24.081514184017966	26.03168298681658	0.0
111.0	26.031377461389226	23.893004995340736	24.004216250897482	26.07140129237256	0.0
112.0	26.135867157544183	23.911947571836667	23.91653045324697	26.035654817372176	0.0
113.0	26.173446785108688	23.85420326606682	23.952887979102062	26.01946196972243	0.0
114.0	26.218053497502332	23.843204350682086	23.91653045324697	26.022211698568615	0.0
115.0	25.991659155833247	23.885366859656894	23.866729808588317	26.256244175921537	0.0
116.0	26.046042681902204	23.94463879256351	23.937306182307022	26.072012343227264	0.0
117.0	26.18933410733108	23.91989123294786	23.921113334657278	25.969661325063782	0.0
118.0	25.99532546096149	24.040268251325216	23.915308351537558	26.049097936175734	0.0
119.0	26.08331678403935	23.9064481141443	23.82762255388705	26.182612547929303	0.0
120.0	26.018013834233617	23.83227824896732	23.9294356317063	26.22027228509276	0.0
121.0	26.06231515655171	23.961515899591816	23.846637987925597	26.12953095593088	0.0
122.0	26.13441937770391	23.81211350915357	23.821890352699633	26.23157676044289	0.0
123.0	25.995099357172535	23.817918510009044	23.9590716887053	26.227910444113117	0.0
124.0	26.09203093158327	23.928286633486405	23.965866490682945	26.01381594424738	0.0
125.0	26.221574504358347	23.950590125968905	23.798743060711328	26.02909230896142	0.0
126.0	26.08317064004913	23.92645346972072	23.91026052312383	26.08011536710632	0.0
127.0	26.024203872252926	23.86962539298448	23.966172017977225	26.139998716785364	0.0
128.0	26.12747209771985	23.99000314693113	23.90873288665243	25.973791868696587	0.0
129.0	26.140609771373924	23.863820374393146	23.88826255793561	26.107307296297318	0.0
130.0	26.223407668124032	23.856487719330406	23.737026547266602	26.183078065278963	0.0
131.0	26.16513189653592	23.874586773071965	23.92133259191817	26.038948738473948	0.0
132.0	26.071945787071265	23.888641071548598	23.877947583577246	26.161465557802888	0.0
133.0	26.099443327569034	24.06462533073431	23.80798161942182	26.02794972227484	0.0
134.0	26.08050057744835	23.88039180939927	23.917971781412884	26.121135831739494	0.0
135.0	26.06308546846643	23.84433947852442	24.065541915417565	26.02703313759158	0.0
136.0	26.022144685947534	23.889557656231858	24.010852362649786	26.07744529517082	0.0
137.0	26.12388558578927	23.903917482936247	23.933248192800534	26.038948738473948	0.0
138.0	26.17613091273503	23.844645006752174	23.952496471148972	26.02672760936383	0.0
139.0	26.20607267905482	23.85350532535701	23.929887382295252	26.010534613292926	0.0
140.0	25.991591863172236	23.85564402295128	23.870309377883423	26.28245473599306	0.0
141.0	26.041392964295973	23.958301507476275	23.907583821669284	26.092721706558468	0.0
142.0	26.201489755638523	23.895057164331412	23.93416477748379	25.96928830254627	0.0
143.0	26.021839157719782	24.022156907076646	23.910944632174566	26.045059303029007	0.0
144.0	26.097995423173163	23.900324166440065	23.8321911634856	26.169489246901172	0.0
145.0	26.00611060189429	23.84906813321112	23.950198594561563	26.19462267033303	0.0
146.0	26.05499541704858	23.969141460433853	23.855178735105408	26.120684387412158	0.0
147.0	26.149404216315308	23.790100824931258	23.823098075160402	26.237396883593036	0.0
148.0	25.97952948365414	23.819737244118546	23.950809654750994	26.249923617476323	0.0
149.0	26.09617564475079	23.897255398002425	23.991970595514168	26.014598361732617	0.0
150.0	26.233970980485616	23.94950152308148	23.787874621521127	26.028652874911778	0.0
151.0	26.10839696055876	23.916809503295173	23.89969966116402	26.075093874982052	0.0
152.0	26.01704262489421	23.853258661093747	23.979138213915803	26.150560500096244	0.0
153.0	26.111757822405952	23.995331457361356	23.923836759884754	25.969073960347938	0.0
154.0	26.12520126979471	23.863646779530516	23.912837575657583	26.098314375017186	0.0
155.0	26.22083306599205	23.847759068980164	23.756710266210813	26.174697598816977	0.0
156.0	26.16133408290966	23.859442217442314	23.90343908877591	26.075784610872116	0.0
157.0	26.074868009385998	23.88235725459523	23.867386096988657	26.17538863903011	0.0
158.0	26.128030895580757	24.033290965975755	23.821861556511536	26.016816581931952	0.0
159.0	26.0971719788815	23.865552894016425	23.90679996089167	26.130475166210402	0.0
160.0	26.058980250293313	23.845693195150567	24.067205220962066	26.028121333594058	0.0
161.0	26.01559444661713	23.881135119280405	24.011292530308957	26.091977903793506	0.0
162.0	26.131086233867812	23.89641181071568	23.924520922956592	26.047981032459916	0.0
163.0	26.20899736018772	23.82308369182636	23.93857547907704	26.029343468908877	0.0
164.0	26.195553871724677	23.820333887368008	23.954768771998435	26.029343468908877	0.0
165.0	25.998790086038326	23.857609014470082	23.88235725459523	26.261243644896364	0.0
166.0	26.064174325381305	23.937047809933514	23.92940946421588	26.0693684004693	0.0
167.0	26.192192999608917	23.879301916308172	23.962407117716072	25.966097966366835	0.0
168.0	26.021094055533826	24.02718028940164	23.907105494720376	26.044620160344152	0.0
169.0	26.107028827204815	23.893735009700727	23.820712201530732	26.178523961563727	0.0
170.0	26.014225741993435	23.8433946237939	23.95247086717141	26.189908767041253	0.0
171.0	26.07624948822771	23.95460961704156	23.860810158450814	26.10833073627992	0.0
172.0	26.1358289488961	23.800925162086685	23.819257303830806	26.243988585186408	0.0
173.0	25.99039395772608	23.84186694531522	23.937194082384643	26.23054501457405	0.0
174.0	26.119263896654658	23.914803645685335	23.961551035622733	26.00438142203727	0.0
175.0	26.22161929292281	23.948718418777172	23.791977170163555	26.037685118136462	0.0
176.0	26.103681433342196	23.902276567336102	23.91510918418166	26.078932815140043	0.0
177.0	26.015380807904894	23.85064056145754	23.971328267505065	26.1626503631325	0.0
178.0	26.126902359062733	23.96552303607493	23.908998414255205	25.998576190607135	0.0
179.0	26.152262054257523	23.839946714086242	23.916942415159596	26.09084881649664	0.0
180.0	26.208175599084605	23.8313916361892	23.767228551961406	26.193204212764787	0.0
181.0	26.131870817929055	23.859574078034772	23.929237068043633	26.079318035992543	0.0
182.0	26.084206666870358	23.87179565522931	23.873628891808487	26.170368786091846	0.0
183.0	26.117816004155337	24.027315225029792	23.820465031012255	26.03440373980262	0.0
184.0	26.110788597268474	23.85315775000764	23.901738519355924	26.134315133367963	0.0
185.0	26.069235234807053	23.846435882550644	24.08170124354548	26.002627639096826	0.0
186.0	26.022793241467813	23.88462831128357	23.99706682147331	26.09551162577531	0.0
187.0	26.153564117449356	23.877295364966848	23.91915426685814	26.049986250725652	0.0
188.0	26.217727397720676	23.811909926976078	23.95306914357298	26.017293531730267	0.0
189.0	26.19206208561215	23.82810351675884	23.938708790369397	26.04112560725962	0.0
190.0	26.00996058541355	23.855907604876407	23.855296526016684	26.278835283693358	0.0
191.0	26.077179259983502	23.921598582297047	23.911821320541414	26.08940083717804	0.0
192.0	26.201839347367777	23.88462831128357	23.935653396070762	25.977878945277887	0.0
193.0	26.031348345503986	24.019982278713066	23.90968254453237	26.038986831250572	0.0
194.0	26.10017446354751	23.874312916107783	23.831537265230423	26.193975355114286	0.0
195.0	26.037618244481926	23.84474835618782	23.93793845176114	26.179694947569114	0.0
196.0	26.062672630832783	23.966048251081617	23.845359438781745	26.125919679303856	0.0
197.0	26.180917112756962	23.78486226198333	23.807472317958496	26.226748307301218	0.0
198.0	25.97742660898047	23.833137786903276	23.93243870841583	26.256996895700425	0.0
199.0	26.1157706586003	23.90943672945598	23.952212903127243	26.022579708816473	0.0
200.0	26.223948227975345	23.934783870741043	23.81409247710683	26.02717542417678	0.0
201.0	26.102340190845176	23.896590391742876	23.92195086179766	26.07911855561429	0.0
202.0	26.013915073440664	23.85209810829557	23.980737676115513	26.153249142148248	0.0
203.0	26.139658812780926	23.97385636891976	23.918855742523736	25.967629075775584	0.0
204.0	26.14974226095353	23.840327070391634	23.920994655772468	26.088936012882368	0.0
205.0	26.201236299413015	23.823361353268126	23.773860487002967	26.201541860315892	0.0
206.0	26.154725237117432	23.85566392881588	23.939999511098073	26.049611322968612	0.0
207.0	26.080327077387537	23.88086609505534	23.883310619625867	26.15549620793126	0.0
208.0	26.092416945755005	24.056396215806586	23.822939839147335	26.028246999291078	0.0
209.0	26.109382925800755	23.840503095454906	23.901312130638587	26.14880184810575	0.0
210.0	26.088909532045445	23.840503095454906	24.06418256155769	26.00640481094196	0.0
211.0	26.050260960971972	23.87609548604745	23.9882414775158	26.08540207546478	0.0
212.0	26.15661516647925	23.853774507407227	23.934447269349242	26.05516305676429	0.0
213.0	26.2114887453322	23.823653443017704	23.95749934299387	26.00735846865622	0.0
214.0	26.187973279386867	23.850836394306285	23.925094273892398	26.036096052414447	0.0
215.0	26.030143382757398	23.855260423669765	23.86381693945654	26.250779254116296	0.0
216.0	26.07125176479217	23.940666312180277	23.9183581168216	26.069723806205957	0.0
217.0	26.203267386640754	23.88443743620773	23.948306105111328	25.96398907204019	0.0
218.0	25.999902210052806	24.038602581654605	23.93286720125171	26.028628007040876	0.0
219.0	26.08784673730018	23.923001934425127	23.81879356658487	26.17035776168983	0.0
220.0	26.03368925452134	23.859045430375335	23.925360454242632	26.181904860860687	0.0
221.0	26.092669897868753	23.95592037307549	23.855072640927066	26.096337088128696	0.0
222.0	26.160686999572153	23.817920664996027	23.798361958315507	26.223030377116313	0.0
223.0	25.983595034502994	23.825400803134304	23.937864053933463	26.25314010842924	0.0
224.0	26.14934185795623	23.887484757448604	23.953803226683863	26.009370157911306	0.0
225.0	26.215835429381762	23.973190954850658	23.79807031109128	26.0129033046763	0.0
226.0	26.090079186799553	23.929022221814726	23.912212982234163	26.068685609151558	0.0
227.0	25.983123317145328	23.821734306854893	24.049425881044144	26.14571649495564	0.0
228.0	26.13366504579894	24.01227417624568	23.89277211170234	25.961288666253047	0.0
229.0	26.114118225968635	23.90559527120576	23.88572895622381	26.09455754660179	0.0
230.0	26.21133996986359	23.808068366245998	23.792786211828997	26.187805452061408	0.0
231.0	26.16420519842531	23.86941584957332	23.926877277061887	26.03950167493948	0.0
232.0	26.08275718730706	23.861920568260313	23.855196317555798	26.200125926876833	0.0
233.0	26.129069724793077	24.03689802305821	23.82294328365508	26.011088968493635	0.0
234.0	26.105082984381205	23.844178867255554	23.904086560503714	26.14665158785952	0.0
235.0	26.088591112768444	23.846915633042553	24.052621604934497	26.01187164925451	0.0
236.0	26.023792203346314	23.901933575004737	24.014109045560968	26.060165176087978	0.0
237.0	26.150493330562043	23.873959237568926	23.93447934369307	26.04106808817596	0.0
238.0	26.205671807850546	23.84537324016848	23.953576515610003	25.99537843637097	0.0
239.0	26.185367225421512	23.84642189047427	23.950042181711478	26.018168702392742	0.0
240.0	26.053438404612052	23.857456830804878	23.85837386097211	26.23073090361096	0.0
241.0	26.05735632640708	23.952273373421416	23.919868669236624	26.070501630934878	0.0
242.0	26.239150838125457	23.86739182938499	23.93892980412658	25.954527528362973	0.0
243.0	26.01100046777976	24.021866410661712	23.945737548039148	26.021395573519385	0.0
244.0	26.084656731751167	23.91289724883967	23.822394530700603	26.18005148870856	0.0
245.0	26.04260627872346	23.824535761571177	23.987818041163035	26.145039918542324	0.0
246.0	26.053557831387934	23.937726865457126	23.920907859368647	26.087807443786293	0.0
247.0	26.13773636260769	23.846513775777016	23.822965438992988	26.192784422622307	0.0
248.0	25.954901199188917	23.833612155206424	23.984084215419717	26.227402430184938	0.0
249.0	26.10852504541757	23.89545090315201	24.013200149250995	25.98282390217943	0.0
