# Position (bp)	A	C	G	T	N
0.0	26.319259918124093	23.687333926311684	23.613258397331034	26.380147758233186	0.0
1.0	26.281660975383915	23.691542763185584	23.81921081502723	26.20758544640327	0.0
2.0	26.29648854533466	23.768185070355354	23.643327113817147	26.291999270492838	0.0
3.0	26.182847587731604	23.696230374718034	23.785729516199623	26.335192521350738	0.0
4.0	26.239539000625626	23.72721585218394	23.721604856877537	26.311640290312898	0.0
5.0	26.385896400035907	23.66179639105844	23.688167699075322	26.264139509830326	0.0
6.0	26.15762689992201	23.671527399835046	23.752321425565697	26.418524274677246	0.0
7.0	26.249186471868757	23.75979039026908	23.657398056509347	26.333625081352814	0.0
8.0	26.243828545780968	23.81031193895871	23.74803635547576	26.197823159784562	0.0
9.0	26.391335569942665	23.69926954882578	23.688329611884697	26.22106526934686	0.0
10.0	26.24408496887859	23.86713304367095	23.68677192874193	26.202010058708524	0.0
11.0	26.351235740111694	23.77064124968093	23.602061109599532	26.276061900607843	0.0
12.0	26.24352397007632	23.724919847296125	23.67695444970225	26.354601732925296	0.0
13.0	26.28335488503732	23.709211880832633	23.827863127512224	26.179570106617824	0.0
14.0	26.393797614639787	23.608446374274912	23.596384933858428	26.401371077226877	0.0
15.0	26.389309636810392	23.60872687288925	23.681095515388154	26.320867974912204	0.0
16.0	26.209156010086705	23.700944436185342	23.733762682008027	26.356136871719926	0.0
17.0	26.300598301866152	23.75395852559122	23.63390545540225	26.311537717140382	0.0
18.0	26.375491221820486	23.84091285212996	23.656625779433337	26.126970146616213	0.0
19.0	26.337063019446916	23.695334479634454	23.64905233808964	26.31855016282899	0.0
20.0	26.191765144778955	23.603892187855006	23.881024041468798	26.32331862589724	0.0
21.0	26.191765144778955	23.720579284113445	23.737689651593648	26.349965919513952	0.0
22.0	26.23468131239324	23.659711255536326	23.795191706240235	26.310415725830204	0.0
23.0	26.265536073423114	23.73067720590504	23.70851787752904	26.29526884314281	0.0
24.0	26.341831482515165	23.6930904970141	23.636710433677692	26.32836758679304	0.0
25.0	26.303403280141595	23.68383406870514	23.620161061852578	26.39260158930069	0.0
26.0	26.271146029973995	23.681590086084782	23.814546056340795	26.23271782760043	0.0
27.0	26.298634817073342	23.751714542970863	23.632222468436982	26.317428171518813	0.0
28.0	26.19064315346878	23.67822411215425	23.78060581920793	26.35052691516904	0.0
29.0	26.241413260254298	23.710200864494304	23.713005842769746	26.33538003248165	0.0
30.0	26.407748471988086	23.65017432939982	23.68579755349795	26.25627964511415	0.0
31.0	26.171569301195763	23.66980917732792	23.746385084247525	26.412236437228792	0.0
32.0	26.255157653803973	23.756483006039115	23.647369351124375	26.340989989032536	0.0
33.0	26.251511182045896	23.81370456285816	23.728433223284686	26.20635103181126	0.0
34.0	26.398772541506666	23.68411456653268	23.694492986151822	26.22261990580883	0.0
35.0	26.235242308048324	23.84091285212996	23.69673696877218	26.227107871049537	0.0
36.0	26.34659994558342	23.746665582075067	23.615673096611868	26.291061375729647	0.0
37.0	26.236083801530956	23.70346891663324	23.68776103829076	26.372686243545047	0.0
38.0	26.294988345315268	23.68720004263567	23.835302895579076	26.182508716469993	0.0
39.0	26.40010097893467	23.590362121679618	23.596533056576252	26.413003842809456	0.0
40.0	26.400381475975426	23.608033435247258	23.676755210232532	26.31482987854478	0.0
41.0	26.208167489923174	23.713153310837534	23.72830010855205	26.35037909068724	0.0
42.0	26.316719540210542	23.752703282647662	23.639102299788785	26.29147487735301	0.0
43.0	26.373660279766963	23.83713265509339	23.659017533820837	26.13018953131881	0.0
44.0	26.343927676845873	23.704457926964384	23.636577833503033	26.315036562686707	0.0
45.0	26.186849774621262	23.600393816740578	23.882292551982967	26.330463856655197	0.0
46.0	26.186288782113316	23.71820224340904	23.75017881636191	26.345330158115736	0.0
47.0	26.244912499193575	23.673322842773434	23.777386952997244	26.304377705035748	0.0
48.0	26.265669221987544	23.72016571718685	23.708945867027946	26.30521919379767	0.0
49.0	26.34645214313163	23.692116091789593	23.647797683661935	26.313634081416843	0.0
50.0	26.31223160014698	23.69267708429754	23.6093696968677	26.38572161868778	0.0
51.0	26.283901478495753	23.663224977630424	23.816375932299426	26.2364976115744	0.0
52.0	26.318122021480406	23.747373853822182	23.62956542715372	26.304938697543694	0.0
53.0	26.207045504907285	23.661261503852614	23.773179509187656	26.358513482052448	0.0
54.0	26.266510710749458	23.699969986900825	23.693799069313428	26.33972023303629	0.0
55.0	26.406478341481748	23.646395202392075	23.677530286583025	26.269596169543156	0.0
56.0	26.160202630493867	23.666871428932065	23.753544771409576	26.419381169164485	0.0
57.0	26.253046890558778	23.754386260171493	23.650883142455633	26.341683706814095	0.0
58.0	26.240705055383984	23.7992656608071	23.73503201864739	26.224997265161527	0.0
59.0	26.37562375354477	23.695482046837267	23.695201550583292	26.233692649034673	0.0
60.0	26.237339100336314	23.835449677569557	23.68622567045617	26.24098555163796	0.0
61.0	26.335793285480673	23.74260541750465	23.611052674391534	26.31054862262314	0.0
62.0	26.23565612281248	23.71062884455178	23.67612780531316	26.37758722732258	0.0
63.0	26.295401824908627	23.691274603027676	23.82142486487093	26.191898707192767	0.0
64.0	26.411733686383627	23.58461987254286	23.59247374562427	26.411172695449242	0.0
65.0	26.409770218113277	23.60874248272148	23.667927026299253	26.31356027286599	0.0
66.0	26.20914244361356	23.705166431518627	23.735179362323393	26.35051176254442	0.0
67.0	26.321059821100494	23.74106975061218	23.63868919225947	26.299181236027856	0.0
68.0	26.3852931029163	23.832511016428573	23.64878700075453	26.133408879900593	0.0
69.0	26.353877698709443	23.701520000673188	23.636445234816122	26.308157065801247	0.0
70.0	26.19623968831431	23.59549301147504	23.88524401634723	26.32302328386342	0.0
71.0	26.192873752149293	23.720593638941637	23.73910628784925	26.34742632105982	0.0
72.0	26.244204278665855	23.672068059229257	23.780619500551172	26.303108161553716	0.0
73.0	26.263277916934307	23.73041095275628	23.712739787889923	26.29357134241949	0.0
74.0	26.341535932771038	23.705166431518627	23.638969686939888	26.31432794877045	0.0
75.0	26.3272307040697	23.696751591106075	23.623822974197296	26.352194730626934	0.0
76.0	26.30563261367748	23.66168975605378	23.792119782448324	26.240557847820416	0.0
77.0	26.32302328386342	23.734618372962558	23.63728671885738	26.305071624316646	0.0
78.0	26.20661799148979	23.656640851806245	23.783143952674937	26.35359720402903	0.0
79.0	26.269729294583925	23.69787356982775	23.69366614962147	26.33873098596685	0.0
80.0	26.410257129473543	23.631957319929427	23.684409825167666	26.273375725429364	0.0
81.0	26.192032268108033	23.66253124009503	23.717788692137454	26.427647799659482	0.0
82.0	26.262155938212633	23.757618936756863	23.632798803970683	26.34742632105982	0.0
83.0	26.2540215924805	23.807546989871337	23.722557101704567	26.215874315943598	0.0
84.0	26.372670842297474	23.709093357044484	23.693105160260636	26.225130640397403	0.0
85.0	26.234386964851215	23.83503546855234	23.688056256013105	26.242521310583346	0.0
86.0	26.3409749434102	23.744996676138037	23.620737532712692	26.29329084773907	0.0
87.0	26.227655092521168	23.706007915559884	23.69422713898231	26.37210985293664	0.0
88.0	26.292729858378234	23.69282466558022	23.819888755809746	26.194556720231798	0.0
89.0	26.3955973678453	23.583365590131102	23.600475717643626	26.42056132437997	0.0
90.0	26.398682800675427	23.606085595516586	23.683501910163415	26.31172969364457	0.0
91.0	26.20338555180006	23.704752955696115	23.741497552697645	26.350363939806183	0.0
92.0	26.324558573973043	23.741778045804523	23.635190665189405	26.29847271503303	0.0
93.0	26.38458409884577	23.836865209037487	23.629580803051763	26.148969889064976	0.0
94.0	26.360181198547046	23.69044780724514	23.63631263761693	26.313058356590886	0.0
95.0	26.191043855097263	23.59479965779841	23.882024599245476	26.332131887858857	0.0
96.0	26.20534900354824	23.699423586665358	23.72635092492602	26.368876484860383	0.0
97.0	26.247703462687404	23.667166879373937	23.789742367081328	26.295387290857324	0.0
98.0	26.268179459489783	23.73224128017054	23.709801831619988	26.28977742871969	0.0
99.0	26.34475407766854	23.710923804047514	23.640239541113278	26.304082577170668	0.0
100.0	26.332973367179502	23.685679424428145	23.628178337517355	26.353168870875	0.0
101.0	26.31389983591153	23.665203427625766	23.789181380867568	26.231715355595135	0.0
102.0	26.32540005329369	23.720180076574618	23.632946720334346	26.32147314979734	0.0
103.0	26.211519851899638	23.660715537915657	23.778803135912934	26.34896147427177	0.0
104.0	26.277155238910005	23.690167314138254	23.71316774890257	26.31950969804917	0.0
105.0	26.421609188954182	23.631824747906823	23.68035005539739	26.266216007741612	0.0
106.0	26.187958430921558	23.65370321024361	23.725228952498494	26.433109406336342	0.0
107.0	26.257240228321386	23.750753825224745	23.630983268586174	26.36102267786769	0.0
108.0	26.259203680069565	23.810498856990588	23.713728735116334	26.216568727823514	0.0
109.0	26.37869374360125	23.709521338513106	23.689045341710727	26.222739576174913	0.0
110.0	26.25050839375622	23.83013337447232	23.697740628024068	26.221617603747386	0.0
111.0	26.352327391554354	23.741497552697645	23.606299875180568	26.29987518056744	0.0
112.0	26.239008176374067	23.70391147637547	23.69549668316901	26.361583664081458	0.0
113.0	26.305204549598194	23.687362383069434	23.814145267380056	26.193287799952316	0.0
114.0	26.40610800076294	23.56444030562443	23.608477599883315	26.420974093729317	0.0
115.0	26.400498154360534	23.598660368679106	23.68477151095603	26.316069966004328	0.0
116.0	26.20127511451067	23.701534569179028	23.743047316116765	26.35414300019354	0.0
117.0	26.338435474325205	23.727059298715066	23.63197266890499	26.302532558054736	0.0
118.0	26.404911967732254	23.834207064459758	23.63309463503844	26.12778633276955	0.0
119.0	26.37349691599559	23.699010145378764	23.62103349910383	26.306459439521817	0.0
120.0	26.20520199597775	23.600838108701687	23.872073421463774	26.321886473856786	0.0
121.0	26.206604453644566	23.702376043779118	23.733230112449057	26.357789390127255	0.0
122.0	26.248397692115667	23.681058687243524	23.789608910655033	26.280934709985782	0.0
123.0	26.268032099451077	23.72537634951489	23.716400620447274	26.29019093058676	0.0
124.0	26.339557440458663	23.70490046757939	23.64852166937341	26.307020422588543	0.0
125.0	26.324130406123693	23.690314907844506	23.628887262037995	26.356667423993805	0.0
126.0	26.304495998788273	23.67152197510918	23.78932841912167	26.234653606980874	0.0
127.0	26.33675252512503	23.711071281313373	23.628606770504632	26.323569423056963	0.0
128.0	26.214738708112094	23.649082652440136	23.770815977919707	26.365362661528064	0.0
129.0	26.294678795120568	23.686388026377426	23.702095552245755	26.316837626256252	0.0
130.0	26.43744898560237	23.626923821304455	23.67600983964299	26.25961735345019	0.0
131.0	26.187250537842516	23.656936415374304	23.734352078582507	26.421460968200677	0.0
132.0	26.266910133317626	23.737156993916138	23.642911838706148	26.353021034060088	0.0
133.0	26.24783670904894	23.824950843858776	23.707144399846293	26.22006804724599	0.0
134.0	26.38247264506321	23.7063029252462	23.69508326391168	26.21614116577891	0.0
135.0	26.251202607449294	23.822706911591872	23.7063029252462	26.21978755571263	0.0
136.0	26.3468502203261	23.748096163717296	23.608691871635852	26.296361744320745	0.0
137.0	26.246153759848763	23.699571128445488	23.70994931517992	26.34432579652583	0.0
138.0	26.306178947988457	23.688070975577602	23.808401843390357	26.197348233043588	0.0
139.0	26.411156862525104	23.559391443862268	23.611843507724757	26.417608185887868	0.0
140.0	26.41480326268667	23.60398972276139	23.680564126154227	26.300642888397718	0.0
141.0	26.19525125170049	23.714009228223215	23.735326704346242	26.355412815730055	0.0
142.0	26.34868098116489	23.712606762688807	23.644166444609624	26.29454581153668	0.0
143.0	26.401133192151804	23.83882866078566	23.633507706548112	26.126530440514422	0.0
144.0	26.36915697796727	23.70110654530665	23.634068692761875	26.29566778396421	0.0
145.0	26.21320281054093	23.599568040615402	23.87304881982525	26.314180329018416	0.0
146.0	26.2028245655863	23.706435914337405	23.737851142308177	26.352888377768117	0.0
147.0	26.245459517832348	23.675581672580396	23.795071736112085	26.28388707347517	0.0
148.0	26.271264883665484	23.72831437667419	23.711484790261277	26.288935949399043	0.0
149.0	26.34279062592037	23.71008232472687	23.638276089365103	26.308850959987655	0.0
150.0	26.333814846500147	23.68511843821438	23.623129461593482	26.357937253691993	0.0
151.0	26.322875615331753	23.662678989663828	23.786376449798745	26.228068945205674	0.0
152.0	26.347839501844245	23.706716407444286	23.625373406448535	26.320070684262937	0.0
153.0	26.224422534816206	23.64837384121285	23.770949328920242	26.3562542950507	0.0
154.0	26.304363070277546	23.690728300352017	23.696057669382775	26.308850959987655	0.0
155.0	26.432828913229457	23.64052003422016	23.67922808296986	26.247422969580526	0.0
156.0	26.195531744807372	23.66295948277071	23.73224128017054	26.409267492251377	0.0
157.0	26.277155238910005	23.739253607842585	23.645288417037154	26.338302736210256	0.0
158.0	26.257520721428275	23.80460850174607	23.712045776475044	26.225825000350618	0.0
159.0	26.382901140204478	23.693813724527722	23.69521619006213	26.228068945205674	0.0
160.0	26.242093600549765	23.82087710194522	23.715692186864505	26.22133711064051	0.0
161.0	26.355973801943815	23.751314811438508	23.606299875180568	26.28641151143711	0.0
162.0	26.238727683267182	23.701667531520414	23.721302049002148	26.338302736210256	0.0
163.0	26.299594687460555	23.69521619006213	23.81975512951769	26.185433992959624	0.0
164.0	26.42701268393387	23.558682127490087	23.61365893064508	26.400646257930966	0.0
165.0	26.431500586232236	23.59626830923891	23.67340412999209	26.298826974536766	0.0
166.0	26.20297156064435	23.711898303848667	23.7337768889213	26.351353246585678	0.0
167.0	26.34181642745145	23.729849963395445	23.645701559269927	26.282632049883176	0.0
168.0	26.394549427370112	23.85046267597535	23.641494139063653	26.113493757590888	0.0
169.0	26.37407331569957	23.70460544215779	23.628310889083988	26.293010353058655	0.0
170.0	26.22036223083029	23.592127075310014	23.87486571317175	26.312644980687942	0.0
171.0	26.217837778706528	23.70769088364239	23.736301341045067	26.338169996606016	0.0
172.0	26.2433627946246	23.67459251135302	23.807827484551755	26.274217209470624	0.0
173.0	26.266924347779746	23.7337768889213	23.72367908042624	26.275619682872716	0.0
174.0	26.348828794461916	23.708532367683645	23.63868919225947	26.30394964559497	0.0
175.0	26.325828230667604	23.683287846445992	23.639530676300723	26.351353246585678	0.0
176.0	26.323864767904677	23.67319003795093	23.785668404798706	26.21727678934569	0.0
177.0	26.352194730626934	23.69058070813687	23.639811170981144	26.31741339025505	0.0
178.0	26.20353255000519	23.657201841167083	23.788753846283306	26.35051176254442	0.0
179.0	26.300022720069116	23.683287846445992	23.712178798529084	26.304510634955808	0.0
180.0	26.419513453927344	23.644299085867836	23.685812298569758	26.25037516163506	0.0
181.0	26.171836651117914	23.67319003795093	23.735740351684232	26.41923295924693	0.0
182.0	26.273256906596504	23.732773830527872	23.644697018571865	26.349272244303755	0.0
183.0	26.253341449116007	23.788873710754626	23.71622436586098	26.24156047426839	0.0
184.0	26.388542160462485	23.669941964673903	23.70163839700202	26.239877477861583	0.0
185.0	26.225572008403763	23.81888714667594	23.708370382629234	26.247170462291063	0.0
186.0	26.364419211964986	23.74455480537549	23.61103709043581	26.279988892223717	0.0
187.0	26.24191458208277	23.70338788126988	23.710961386344128	26.343736150303222	0.0
188.0	26.311759128878613	23.68627736980584	23.820075959450893	26.18188754186465	0.0
189.0	26.41309378550091	23.577228930870533	23.610328045889958	26.3993492377386	0.0
190.0	26.419338913448374	23.596088683436932	23.67687319076364	26.307699212351054	0.0
191.0	26.20847510399632	23.72294202292828	23.729113078992324	26.33946979408308	0.0
192.0	26.341152809373273	23.746504236990994	23.6345837201931	26.277759233442637	0.0
193.0	26.38855774004707	23.882267470399967	23.641876786450606	26.08729800310236	0.0
194.0	26.363873515790893	23.708355890413266	23.630937187064344	26.2968334067315	0.0
195.0	26.215768170253828	23.611021506130385	23.865717820046395	26.307492503569396	0.0
196.0	26.223061236511334	23.692367245156422	23.755760821087062	26.328810697245185	0.0
197.0	26.243892039876354	23.677006019601574	23.804915540445776	26.2741864000763	0.0
198.0	26.266051803355943	23.74797336340329	23.731984673297767	26.253990159943	0.0
199.0	26.37741162742425	23.70926390314781	23.632405989307212	26.28091848012073	0.0
200.0	26.324957503744717	23.683738099646003	23.636613539334984	26.354690857274292	0.0
201.0	26.33758015382803	23.659614812820124	23.781633763625447	26.221171269726394	0.0
202.0	26.354690857274292	23.69720225973487	23.639699076022012	26.308407806968827	0.0
203.0	26.210792646324567	23.66045632282568	23.77742621359768	26.351324817252074	0.0
204.0	26.298309686902176	23.68878715967933	23.717398499868164	26.295504653550335	0.0
205.0	26.434914811137105	23.636333035999797	23.68710413966822	26.24164801319488	0.0
206.0	26.187230366169057	23.668029912875664	23.747131853397736	26.397607867557543	0.0
207.0	26.27356598475732	23.737233484525902	23.64494711065108	26.344253420065694	0.0
208.0	26.259260194278244	23.786882992659166	23.72264718835116	26.231209624711433	0.0
209.0	26.388573319981262	23.697121170045357	23.70413381243706	26.210171697536317	0.0
210.0	26.246076426581844	23.82699530713971	23.70890240926342	26.218025857015025	0.0
211.0	26.36024224471878	23.74228258704793	23.6227871606933	26.274688007539993	0.0
212.0	26.230161179024847	23.72439677080937	23.710371446684135	26.335070603481647	0.0
213.0	26.288506527385845	23.705883342964057	23.823135052651068	26.18247507699903	0.0
214.0	26.393489987293023	23.591502873796973	23.611979904459226	26.403027234450782	0.0
215.0	26.39693011983304	23.6114851218527	23.677965531170056	26.3136192271442	0.0
216.0	26.19924543121222	23.720108276413416	23.734133718565477	26.346512573808887	0.0
217.0	26.342865958849355	23.729645577076816	23.63791918540232	26.28956927867151	0.0
218.0	26.38410075877642	23.871863560498742	23.63791918540232	26.106116495322517	0.0
219.0	26.372599896211728	23.70159469277269	23.60930728341211	26.31649812760347	0.0
220.0	26.20569713460217	23.623332725564172	23.8797178081039	26.29125233172976	0.0
221.0	26.20429459038696	23.71281504649434	23.753488828735325	26.329401534383372	0.0
222.0	26.243078424882327	23.684830600234505	23.809657385538046	26.262433589345125	0.0
223.0	26.25934798341627	23.73560284324561	23.760007181046525	26.245041992291597	0.0
224.0	26.35023310350244	23.719894303971458	23.643034665380064	26.28683792714604	0.0
225.0	26.333683035338602	23.676695820967534	23.64275415575017	26.346866987943695	0.0
226.0	26.330036410149958	23.669963589850042	23.794229355893787	26.205770644106213	0.0
227.0	26.3530381998014	23.700819649138555	23.65088893501714	26.29525321604291	0.0
228.0	26.19707484557945	23.66238982984286	23.793948846263895	26.3465864783138	0.0
229.0	26.277300599729585	23.705027293586987	23.717369717302393	26.300302389381024	0.0
230.0	26.420080001346445	23.647242309828496	23.687355186903567	26.245322501921493	0.0
231.0	26.170987449999156	23.67697633059743	23.75411647881872	26.397919740584697	0.0
232.0	26.279765828590346	23.73776617081497	23.63678185424036	26.345686146354325	0.0
233.0	26.27555814873307	23.786855769149852	23.70494626792822	26.232639814188857	0.0
234.0	26.38819150100003	23.69638333861634	23.694139230102472	26.22128593028116	0.0
235.0	26.23110390502933	23.81588211697977	23.719385450883475	26.233628527107427	0.0
236.0	26.35761552249859	23.732289074838214	23.649818086953594	26.2602773157096	0.0
237.0	26.215188169026725	23.72001301586589	23.733758219070488	26.331040596036893	0.0
238.0	26.272974125356253	23.69027849464779	23.855781961805167	26.180965418190794	0.0
239.0	26.385814910501644	23.568601379573447	23.638169133797305	26.407414576127604	0.0
240.0	26.40050718417406	23.603981171348583	23.700480815085363	26.295030829391997	0.0
241.0	26.21125539668246	23.739231181393052	23.72296048183713	26.326552940087357	0.0
242.0	26.34567423279666	23.742555203011865	23.63286455308775	26.278906011103725	0.0
243.0	26.394597521526027	23.876003355506985	23.655202017793165	26.074197105173823	0.0
244.0	26.369556495169906	23.715598003428624	23.627497467811036	26.287348033590437	0.0
245.0	26.186374095067062	23.619731747011617	23.898928110443908	26.294966047477413	0.0
246.0	26.193977080129756	23.708652756108787	23.76870236718934	26.32866779657212	0.0
247.0	26.223067813827665	23.698078898186655	23.814254205041	26.264599082944677	0.0
248.0	26.24437690651984	23.74706392436501	23.755482779232366	26.25307638988278	0.0
249.0	26.326881684219977	23.723210502240818	23.650808350381514	26.299099463157688	0.0
