# Position (bp)	A	C	G	T	N
0.0	26.402337492774418	23.726356899025948	23.597806299842116	26.27349930835751	0.0
1.0	26.232087034794937	23.72463138762751	23.690121159658695	26.353160417918858	0.0
2.0	26.258975221630827	23.746919597542004	23.752670640637447	26.24143454018973	0.0
3.0	26.226397191384383	23.778634624065877	23.783235141048976	26.21173304350076	0.0
4.0	26.19782128060859	23.84659837444188	23.72757094925809	26.228009395691437	0.0
5.0	26.316228259307174	23.58114129653586	23.72919361793877	26.3734368262182	0.0
6.0	26.26920589292131	23.724326266618757	23.72087675170679	26.285591088753147	0.0
7.0	26.2100842510111	23.71503554294617	23.673643029816983	26.40123717622575	0.0
8.0	26.29450466064792	23.79560407343215	23.721160175101247	26.188731090818685	0.0
9.0	26.255644111298572	23.788186670268935	23.654538713358185	26.301630505074314	0.0
10.0	26.246827785010762	23.74871746234297	23.592657418025368	26.4117973346209	0.0
11.0	26.279516243993285	23.659267008484125	23.768767387855515	26.292449359667074	0.0
12.0	26.212264042489597	23.806417124594763	23.731979858827856	26.24933897408778	0.0
13.0	26.363150392017104	23.68858207067804	23.79894465776102	26.149322879543835	0.0
14.0	26.278941438852225	23.920515945094614	23.592877014692018	26.207665601361143	0.0
15.0	26.13236612788265	23.695767134941253	23.771066608419748	26.40080012875635	0.0
16.0	26.39390246706367	23.7454877796427	23.657255190490424	26.20335456280321	0.0
17.0	26.271468972018486	23.76215712873336	23.708700250615042	26.257673648633112	0.0
18.0	26.187834823994667	23.72393258685306	23.791759593497805	26.296472995654476	0.0
19.0	26.080058860046446	23.782850113811417	23.76416894672706	26.37292207941508	0.0
20.0	26.338645475578037	23.727313224791274	23.709206914885975	26.224834384744717	0.0
21.0	26.216787135897917	23.670407679374613	23.878486542413313	26.234318642314157	0.0
22.0	26.35416516978258	23.72616361781316	23.692825015447845	26.226846196956416	0.0
23.0	26.353015562804465	23.61752575838135	23.759789621923005	26.269669056891175	0.0
24.0	26.305306873212718	23.743407722484875	23.686502177068213	26.26478322723419	0.0
25.0	26.410495911710186	23.708057307907858	23.594533618819067	26.286913161562893	0.0
26.0	26.215062725430744	23.75030536435356	23.695411631148602	26.339220279067092	0.0
27.0	26.247826524307005	23.73392346491543	23.767262067280747	26.250987943496817	0.0
28.0	26.21046429751829	23.799738464412478	23.794277831266434	26.1955194068028	0.0
29.0	26.188046961445053	23.85060857319404	23.736797482360718	26.224546983000184	0.0
30.0	26.31507853252669	23.589360387417553	23.743407722484875	26.352153357570877	0.0
31.0	26.25414936268663	23.73047464398109	23.72616361781316	26.28921237551912	0.0
32.0	26.2096020922847	23.722714796878815	23.682478552644813	26.385204558191667	0.0
33.0	26.284326545862136	23.804911695813992	23.72415180560146	26.18660995272241	0.0
34.0	26.249838336518707	23.79284082254379	23.661498225294228	26.295822615643278	0.0
35.0	26.247251720817943	23.752317176565263	23.588210780439436	26.412220322177355	0.0
36.0	26.273904571399008	23.662579825605125	23.77351658015899	26.28999902283688	0.0
37.0	26.216711788610876	23.80196927109379	23.735867059831122	26.24545188046421	0.0
38.0	26.365585464411147	23.681835687146858	23.79334724353779	26.15923160490421	0.0
39.0	26.27735338242141	23.91549263391446	23.601938231794588	26.20521575186954	0.0
40.0	26.133940324073272	23.69850494042179	23.767768561788323	26.39978617371661	0.0
41.0	26.39518775902008	23.733567852482857	23.67378846142792	26.19745592706914	0.0
42.0	26.26700694935421	23.753973317698723	23.723508820334192	26.255510912612877	0.0
43.0	26.190558305024343	23.712587585429922	23.797083455478724	26.29977065406701	0.0
44.0	26.072436527507143	23.786737022411526	23.769780368218058	26.371046081863277	0.0
45.0	26.33188387886661	23.7248776394106	23.715393436356685	26.227845045366106	0.0
46.0	26.216923841849475	23.666248020531864	23.87949888919864	26.237329248420018	0.0
47.0	26.353726285899864	23.730338241168912	23.685216426639688	26.230719046291533	0.0
48.0	26.358899487565633	23.613941203689066	23.755629449312682	26.27152985943261	0.0
49.0	26.311191072203528	23.743558645425882	23.689240027935288	26.256010254435303	0.0
50.0	26.4163795060742	23.7047596329326	23.59784679850667	26.28101406248653	0.0
51.0	26.208014438980648	23.744995645888597	23.70044863154446	26.346541283586294	0.0
52.0	26.247963051844103	23.732924842001797	23.77775925643848	26.241352849715614	0.0
53.0	26.219223042589817	23.782070257826625	23.804774865137507	26.193931834446047	0.0
54.0	26.18789643250265	23.844723478000958	23.737810643575028	26.229569445921364	0.0
55.0	26.31780127433201	23.593248397025985	23.735511442834685	26.35343888580732	0.0
56.0	26.262620456563784	23.721716238392627	23.721428838300085	26.2942344667435	0.0
57.0	26.201979037037248	23.719991837837373	23.694988029786145	26.383041095339234	0.0
58.0	26.29279746628078	23.807936266155476	23.731200441446543	26.1680658261172	0.0
59.0	26.255435454250215	23.796727662546306	23.657051217570494	26.29078566563298	0.0
60.0	26.252561453324784	23.745857846166228	23.584913794342242	26.416666906166743	0.0
61.0	26.278064538379297	23.65439663397979	23.77711612079966	26.290422706841255	0.0
62.0	26.22173428213411	23.79464747605964	23.738892018347567	26.244726223458674	0.0
63.0	26.356237138882822	23.688309747433525	23.79780886799177	26.157644245691884	0.0
64.0	26.273466150114384	23.905870992217228	23.605826157931645	26.214836699736743	0.0
65.0	26.140112890431904	23.689459344499753	23.779702714198674	26.39072505086967	0.0
66.0	26.407969006863098	23.743203007345926	23.66589260464207	26.18293538114891	0.0
67.0	26.262544977985215	23.750962787542967	23.72423465575316	26.26225757871866	0.0
68.0	26.196155747410533	23.710726890224976	23.79464747605964	26.298469886304847	0.0
69.0	26.072286663524437	23.785163300263257	23.763608355271476	26.37894168094083	0.0
70.0	26.32857114117299	23.73278842589	23.716981511658318	26.221658921278696	0.0
71.0	26.227119491649635	23.66352540171117	23.87361366177227	26.23574144486692	0.0
72.0	26.344952852285825	23.730489238365394	23.70088719898606	26.223670710362722	0.0
73.0	26.350988219537918	23.62214002626822	23.757217293338968	26.269654460854895	0.0
74.0	26.31793739887167	23.743422168191316	23.69140305044705	26.247237382489963	0.0
75.0	26.42916059537461	23.70663516779758	23.58334123679045	26.280863000037364	0.0
76.0	26.20901338989335	23.735949808736336	23.704623378713546	26.35041342265677	0.0
77.0	26.25097356221745	23.73422541809288	23.77503599665468	26.239765023034984	0.0
78.0	26.22826908541194	23.774748598214106	23.806649825118047	26.1903324912559	0.0
79.0	26.188033303731295	23.841999833308904	23.7460087541565	26.223958108803302	0.0
80.0	26.321673578599164	23.594549775972915	23.725890863316177	26.357885782111744	0.0
81.0	26.258733320113002	23.726465660197327	23.72186728514811	26.292933734541556	0.0
82.0	26.21159997585853	23.708646956881612	23.701749394307786	26.378003672952072	0.0
83.0	26.29350853142271	23.81096080172669	23.723016878910418	26.17251378794019	0.0
84.0	26.24378860120305	23.795153887495008	23.660938815745986	26.30011869555596	0.0
85.0	26.247812179371117	23.745721355715922	23.601159940106164	26.4053065248068	0.0
86.0	26.2819370599224	23.662020405230635	23.77582986061216	26.280212674234804	0.0
87.0	26.22790630837764	23.794223307946545	23.74220433970398	26.235666043971833	0.0
88.0	26.355223451645347	23.68357522632562	23.804857019686736	26.156344302342287	0.0
89.0	26.27072855295301	23.91378071562006	23.609426641758873	26.206064089668057	0.0
90.0	26.132202902715907	23.692197154763615	23.781865210518752	26.39373473200172	0.0
91.0	26.403793648512718	23.74335393016238	23.667193562293434	26.18565885903147	0.0
92.0	26.27044115533841	23.74795229199598	23.718350337692197	26.263256214973417	0.0
93.0	26.19083201609427	23.7114527949418	23.806581405374335	26.291133783589597	0.0
94.0	26.077884753556546	23.78129041528955	23.762896967955164	26.377927863198735	0.0
95.0	26.328707203025715	23.717707378337753	23.72690407557386	26.226681343062673	0.0
96.0	26.235590643510147	23.65275570410776	23.88238573822176	26.229267914160324	0.0
97.0	26.349974565384205	23.730065440248772	23.694715635247494	26.225244359119532	0.0
98.0	26.349974565384205	23.630338754594757	23.762828674152395	26.256858005868644	0.0
99.0	26.313187776439783	23.73495118565545	23.69816439671103	26.25369664119373	0.0
100.0	26.430733062988754	23.707648490735764	23.583205681259717	26.278412765015762	0.0
101.0	26.212886297208517	23.7415613117939	23.71167204577656	26.333880345221022	0.0
102.0	26.26203114806395	23.729203249882886	23.76886400671359	26.239901595339575	0.0
103.0	26.23242927883524	23.773174958543013	23.811398731430575	26.182997031191174	0.0
104.0	26.182422237613917	23.839851013504777	23.749321025086868	26.22840572379444	0.0
105.0	26.314912157171555	23.592402378495823	23.730927630614655	26.361757833717963	0.0
106.0	26.264330322372974	23.72029394943541	23.724604901264833	26.290770826926778	0.0
107.0	26.218059439403824	23.707361093947135	23.698739190288286	26.37584027636075	0.0
108.0	26.303416285626426	23.809674350698806	23.721443536589923	26.165465827084848	0.0
109.0	26.256858005868644	23.791568353015226	23.66166500455524	26.289908636560895	0.0
110.0	26.25369664119373	23.740699121428015	23.60418564682958	26.40141859054867	0.0
111.0	26.279774221731735	23.66188439784798	23.76793350807008	26.290407872350208	0.0
112.0	26.246723686025657	23.78690164160574	23.73631995217731	26.230054720191294	0.0
113.0	26.363981238791556	23.67711638386904	23.80816894284269	26.150733434496715	0.0
114.0	26.2613808801214	23.910481905550192	23.619062399411415	26.209074814917	0.0
115.0	26.14096197176622	23.6811399273463	23.777130178875247	26.400767922012232	0.0
116.0	26.414850324182648	23.727123281372144	23.673092840391778	26.18493355405343	0.0
117.0	26.26109348415873	23.75816204533959	23.713903067089714	26.266841403411966	0.0
118.0	26.195854600634572	23.7035568124339	23.808456338805353	26.292132248126176	0.0
119.0	26.08377017519658	23.784027681979122	23.76017381707822	26.37202832574608	0.0
120.0	26.326982822293942	23.7131090297197	23.730927630614655	26.228980517371696	0.0
121.0	26.224956962330904	23.650169133010106	23.8878462772057	26.23702762745329	0.0
122.0	26.35457291400226	23.719431759069522	23.703624935694968	26.222370391233245	0.0
123.0	26.35141154932735	23.61108316975666	23.766564832404562	26.270940448511425	0.0
124.0	26.319510505789605	23.730927630614655	23.70017617423143	26.249385689364306	0.0
125.0	26.427571698313844	23.707073697158506	23.58636704593463	26.27898755859302	0.0
126.0	26.201390425663384	23.742423502159788	23.71828217191501	26.337903900261818	0.0
127.0	26.26749168704789	23.72862845630563	23.779497687892835	26.224382168753646	0.0
128.0	26.230992294892097	23.76512784846142	23.809674350698806	26.194205505947675	0.0
129.0	26.18817017338648	23.83898882313889	23.744435279680186	26.22840572379444	0.0
130.0	26.321522283310006	23.5880914266664	23.728053662728374	26.36233262729522	0.0
131.0	26.2746766067636	23.709085474678908	23.736675566387223	26.279562352170277	0.0
132.0	26.22581915269679	23.703624935694968	23.711097252199302	26.35945865940894	0.0
133.0	26.298243143431115	23.8004776534627	23.729490646671515	26.17178855643467	0.0
134.0	26.25513362513687	23.791280956226597	23.658503639880326	26.295081778756202	0.0
135.0	26.255995815502757	23.73839994711899	23.607921805081748	26.397682432296506	0.0
136.0	26.282511855151604	23.657134645782442	23.778416439143555	26.2819370599224	0.0
137.0	26.237965224888633	23.787038367581548	23.737893375484983	26.237103032044836	0.0
138.0	26.37189251329214	23.675528093116828	23.803994826842935	26.148584566748095	0.0
139.0	26.264980600661016	23.89653685874407	23.624658715332664	26.21382382526225	0.0
140.0	26.140612561036242	23.674733940893635	23.7796343717039	26.40501912636622	0.0
141.0	26.40976930394572	23.736373643112312	23.671996022382718	26.18186103055925	0.0
142.0	26.27181725952516	23.746720046443855	23.726027239780773	26.255435454250215	0.0
143.0	26.19048303333554	23.70447223284006	23.813684268006334	26.29136046581807	0.0
144.0	26.07925919752146	23.79184186097308	23.756779049682855	26.372119891822603	0.0
145.0	26.32534933581648	23.696493133992057	23.742477280957388	26.23568024923408	0.0
146.0	26.231157223124345	23.643391915388925	23.891419620917098	26.23403124056963	0.0
147.0	26.361062811651266	23.715529753265603	23.70403368348446	26.219373751598674	0.0
148.0	26.34812973314748	23.603155671154923	23.773872307404904	26.27484228829269	0.0
149.0	26.321113969161793	23.718978574199944	23.699147853827473	26.26075960281079	0.0
150.0	26.42342899021397	23.703746281739928	23.592521806607365	26.280302921438732	0.0
151.0	26.209314690540168	23.741970713762235	23.71840377071089	26.330310824986707	0.0
152.0	26.27426748480363	23.723002198623348	23.78163215450718	26.221098162065843	0.0
153.0	26.225409188233773	23.760077023667534	23.818994381295894	26.1955194068028	0.0
154.0	26.1814367213209	23.841986520858182	23.74858095388639	26.22799580393453	0.0
155.0	26.325712397074252	23.586773771716793	23.732773857937318	26.35473997327164	0.0
156.0	26.262196611533433	23.7054706922071	23.74886835563092	26.283464340628548	0.0
157.0	26.222822572533016	23.707482504418802	23.70978171837503	26.359913204673152	0.0
158.0	26.29697222262139	23.790829010332093	23.74254551725129	26.16965324979523	0.0
159.0	26.252999755708515	23.80232508011324	23.66264783227234	26.282027331905905	0.0
160.0	26.250987943496817	23.74829355214186	23.605167483366625	26.395551020994695	0.0
161.0	26.287276113397557	23.657542593060953	23.77796427011243	26.277217023429056	0.0
162.0	26.25508702549836	23.784861931805118	23.73916492309107	26.220886119605453	0.0
163.0	26.37867013082565	23.677948175568485	23.799232060331548	26.14414963327432	0.0
164.0	26.271468972018486	23.89666153174074	23.62736532315545	26.204504173085326	0.0
165.0	26.14077593168996	23.676579209813102	23.782056256340837	26.4005886021561	0.0
166.0	26.415398012881496	23.74080663100928	23.669817584015682	26.173977772093544	0.0
167.0	26.267384412874595	23.74080663100928	23.727585998775655	26.264222957340465	0.0
168.0	26.19524574568677	23.710054290813673	23.814094918391337	26.280605045108224	0.0
169.0	26.077697080826923	23.786791438778412	23.761787199553947	26.373724280840715	0.0
170.0	26.33270104040927	23.687704776685635	23.744898545726276	26.234695637178824	0.0
171.0	26.219251075619574	23.648398138754207	23.895855307970653	26.236495477655563	0.0
172.0	26.35519444500329	23.718812780401162	23.711915019586765	26.21407775500878	0.0
173.0	26.35260778469789	23.600976033155238	23.775719307119928	26.270696875026943	0.0
174.0	26.32214267443431	23.72168684740716	23.70243059846697	26.253739879691558	0.0
175.0	26.42618390005145	23.69323358404778	23.59177901873604	26.288803497164732	0.0
176.0	26.21407775500878	23.744104570053945	23.711052799484968	26.330764875452306	0.0
177.0	26.275007975535942	23.72456091441316	23.783766694736723	26.216664415314177	0.0
178.0	26.240806578164566	23.760199345287536	23.823716226120094	26.175277850427804	0.0
179.0	26.193671879266194	23.83262583383869	23.75473861797614	26.218963668918978	0.0
180.0	26.31438269351812	23.584593851221047	23.73634458913775	26.364678866123086	0.0
181.0	26.259775420404154	23.70702910567657	23.751002330868342	26.282193143050936	0.0
182.0	26.223849582829175	23.70386763196997	23.715363899993964	26.356918885206888	0.0
183.0	26.284204989955136	23.80158591017391	23.733183115431153	26.1810259844398	0.0
184.0	26.24856655908076	23.792676302455316	23.6633432871854	26.295413851278525	0.0
185.0	26.259775420404154	23.747266043760547	23.60126343985584	26.39169509597947	0.0
186.0	26.28284349510545	23.649615736136898	23.782685420965805	26.284855347791847	0.0
187.0	26.243756071483997	23.784697273652203	23.74762170271715	26.22392495214665	0.0
188.0	26.382861314372104	23.668297225367738	23.803378762883042	26.14546269737712	0.0
189.0	26.276520529519626	23.89362472624433	23.6283475791664	26.201507165069636	0.0
190.0	26.1429511664468	23.671814150262836	23.781316732626884	26.40391795066348	0.0
191.0	26.424188425999105	23.727132941497693	23.67971029071522	26.16896834178798	0.0
192.0	26.268124793424057	23.73201891157831	23.735180421630478	26.26467587336715	0.0
193.0	26.19339819219107	23.71132539123687	23.811056662882436	26.284219753689626	0.0
194.0	26.083607570379524	23.795536522626353	23.75443689194821	26.36641901504591	0.0
195.0	26.332005495295085	23.689550317014145	23.74502060735657	26.233423580334204	0.0
196.0	26.215679455527358	23.645069596732704	23.908051262743115	26.231199684996824	0.0
197.0	26.357085990693612	23.706288279640045	23.717784745913725	26.218840983752617	0.0
198.0	26.340703526253616	23.60828090465693	23.780153075448435	26.27086249364102	0.0
199.0	26.324895885127308	23.730143447157932	23.69967781153268	26.24528285618208	0.0
200.0	26.441585017805153	23.688181345259	23.578964915659046	26.291268721276793	0.0
201.0	26.20935639907683	23.73646650360845	23.71979662751162	26.334380469803094	0.0
202.0	26.287819781394695	23.7169225109432	23.771818137400018	26.22343957026209	0.0
203.0	26.24068426967261	23.75313637970529	23.82182776569052	26.18435158493158	0.0
204.0	26.184926408245268	23.834473878591567	23.754860849646338	26.225738863516828	0.0
205.0	26.318860240333624	23.583850913825362	23.735891680294767	26.36139716554624	0.0
206.0	26.26425202553365	23.707437926267414	23.754286026332654	26.27402402186628	0.0
207.0	26.22660109848735	23.702264516444256	23.713186159404252	26.357948225664135	0.0
208.0	26.296729542756797	23.797397774858954	23.730143447157932	26.175729235226324	0.0
209.0	26.259366027367335	23.792511776692642	23.663751354427433	26.28437084151259	0.0
210.0	26.263102378906282	23.749687439823184	23.604544553117986	26.382665628152544	0.0
211.0	26.286170860972835	23.644562730648516	23.7874067346493	26.28185967372935	0.0
212.0	26.24449605095249	23.783095547405814	23.746306749594748	26.22610165204695	0.0
213.0	26.38619040502167	23.667843141763335	23.797466171550763	26.148500281664234	0.0
214.0	26.2680638745502	23.885701803800742	23.63823965602474	26.20799466562432	0.0
215.0	26.14656354277141	23.679695111961856	23.77770305031745	26.396038294949285	0.0
216.0	26.437865196634945	23.720356739449716	23.68098088977924	26.160797174136103	0.0
217.0	26.2855352672528	23.724093133943995	23.73932612688221	26.251045471920996	0.0
218.0	26.19183798993473	23.7051237465115	23.81606592149548	26.286972342058295	0.0
219.0	26.085781869289427	23.796521704140787	23.75743326943141	26.36026315713838	0.0
220.0	26.33360925248902	23.69398266307972	23.75089098894024	26.22151709549102	0.0
221.0	26.218430877741593	23.647201855561654	23.908463557010524	26.22590370968623	0.0
222.0	26.364438517275175	23.703822928372904	23.715319592903107	26.216418961448813	0.0
223.0	26.340008105148492	23.610987362291517	23.779700914272247	26.269303618287744	0.0
224.0	26.33454718949665	23.715607009516365	23.705547428052437	26.244298372934555	0.0
225.0	26.453825083997508	23.673356767367867	23.58511986709856	26.28769828153607	0.0
226.0	26.20894612950418	23.73975000502979	23.724516924527272	26.326786940938764	0.0
227.0	26.27936319975167	23.724804341140526	23.770216166034828	26.225616293072974	0.0
228.0	26.248897038746634	23.74779767020093	23.820226656741212	26.18307863431122	0.0
229.0	26.18020446817867	23.836321987083497	23.758144668278117	26.22532887645972	0.0
230.0	26.323625358192952	23.576209952087652	23.731414923245396	26.368749766474004	0.0
231.0	26.263555286022644	23.69836201272106	23.75900691811788	26.279075783138417	0.0
232.0	26.22619112629948	23.69548784658851	23.725954007593547	26.352367019518464	0.0
233.0	26.29402144702768	23.794933994774766	23.73285200631167	26.178192551885882	0.0
234.0	26.257232120531032	23.796658494454295	23.668758101555788	26.277351283458888	0.0
235.0	26.261543369729857	23.743199004388853	23.60552644663967	26.389731179241622	0.0
236.0	26.287199002086652	23.645832734547	23.789541454217275	26.277426809149073	0.0
237.0	26.232302271172607	23.773733495053545	23.757925535889814	26.236038697884034	0.0
238.0	26.386070601219803	23.661928111150072	23.803624908744965	26.148376378885164	0.0
239.0	26.264493024378748	23.87950311273087	23.63950955088151	26.216494312008876	0.0
240.0	26.148203717596065	23.681495086415282	23.78094523630908	26.389355959679573	0.0
241.0	26.43842034613494	23.716940836277196	23.678998789878673	26.16564002770919	0.0
242.0	26.29282342863385	23.718099815454664	23.732759958836617	26.25631679707487	0.0
243.0	26.190558324852958	23.693303666396446	23.80196744686111	26.314170561889483	0.0
244.0	26.09769349965358	23.77911874035125	23.754107456524924	26.369080303470245	0.0
245.0	26.336399104131747	23.681282506131062	23.748271371029183	26.234047018708008	0.0
246.0	26.230696021461164	23.635459226949518	23.88934733791271	26.244497413676605	0.0
247.0	26.34938709315666	23.689000457200038	23.731557441865146	26.23005500777815	0.0
248.0	26.360501666566012	23.597079267573715	23.766180357240433	26.276238708619843	0.0
249.0	26.315925699051828	23.720454042177494	23.714127130659353	26.24949312811133	0.0
