# Position (bp)	A	C	G	T	N
0.0	26.253278551827652	23.74141512151488	23.639230431025336	26.366075895632136	0.0
1.0	26.324231719704667	23.64408192968359	23.71655119089131	26.31513515972043	0.0
2.0	26.321932821770623	23.760683242430396	23.66063443073742	26.25674950506156	0.0
3.0	26.27226540238387	23.776236495252874	23.7386475245844	26.212850577778855	0.0
4.0	26.25129569797962	23.846904569949505	23.759615442901392	26.142184289169478	0.0
5.0	26.213598116540567	23.904421099836075	23.59051119440295	26.291469589220405	0.0
6.0	26.304149587525487	23.842632565945934	23.75174578361069	26.101472062917892	0.0
7.0	26.20241315694608	23.699588315303828	23.822578739620788	26.275419788129305	0.0
8.0	26.23575987229699	23.6841228444816	23.797407774254033	26.28270950896738	0.0
9.0	26.250942693331638	23.71619554715587	23.73769955568478	26.295162203827715	0.0
10.0	26.35861747328191	23.852310823210896	23.672120821181863	26.11695088232533	0.0
11.0	26.262919925985823	23.707855981248127	23.731780368072148	26.297443724693903	0.0
12.0	26.27192557418355	23.7311028200407	23.818623413121426	26.178348192654326	0.0
13.0	26.25920631844171	23.751393061343155	23.73837096617889	26.251029654036245	0.0
14.0	26.182285105145848	23.678105921116387	23.765929353619537	26.373679620118228	0.0
15.0	26.238916077139258	23.750787382498302	23.68870530090125	26.32159123946119	0.0
16.0	26.218928675259228	23.69657912588429	23.854964143812385	26.229528055044092	0.0
17.0	26.402752204670993	23.621172109700552	23.83649093904448	26.13958474658397	0.0
18.0	26.153515360015504	23.71535517007462	23.712932454695224	26.418197015214652	0.0
19.0	26.132922279290625	23.854964143812385	23.80196724488807	26.210146332008915	0.0
20.0	26.287067545304776	23.787733792034114	23.653273088477565	26.27192557418355	0.0
21.0	26.083559453435413	23.761083922860742	23.876162903382113	26.279193720321736	0.0
22.0	26.124442775462736	23.722926155635236	23.91401783118519	26.238613237716834	0.0
23.0	26.23528200407016	23.68355703072003	23.807721193914137	26.27343977129567	0.0
24.0	26.228922376199243	23.74897034596376	23.803481442000194	26.218625835836807	0.0
25.0	26.257086442484738	23.7544214555674	23.60996705107084	26.378525050877023	0.0
26.0	26.319774202926638	23.660541234615756	23.70687566624673	26.31280889621087	0.0
27.0	26.332796298090898	23.75654133152437	23.659935555770907	26.250726814613817	0.0
28.0	26.274045450140516	23.78288836127532	23.74079368155829	26.202272507025874	0.0
29.0	26.27616532609749	23.84224488807055	23.736553929644348	26.145035856187615	0.0
30.0	26.220666305279384	23.908797155740757	23.57597763840477	26.294558900575087	0.0
31.0	26.310003664345917	23.848229454678705	23.752835325505966	26.088931555469415	0.0
32.0	26.204918703003248	23.714071996826252	23.807951933472438	26.273057366698062	0.0
33.0	26.239745131113928	23.68499950031647	23.78978162315382	26.285473745415782	0.0
34.0	26.25428137936882	23.714677673836874	23.742538816325418	26.28850213046888	0.0
35.0	26.356640794163695	23.86700544200794	23.65865255035447	26.117701213473893	0.0
36.0	26.254584217874132	23.71104361177315	23.735573530703284	26.298798639649434	0.0
37.0	26.279337391357018	23.736713000817662	23.798491868810757	26.185457739014566	0.0
38.0	26.269343750946366	23.746403803640106	23.73398746252385	26.250264982889675	0.0
39.0	26.182732200720753	23.670997244177947	23.755488931286152	26.390781623815148	0.0
40.0	26.241785530420035	23.756700281638956	23.693407225704853	26.308106962236156	0.0
41.0	26.220586899245934	23.697344114351473	23.848762908452198	26.233306077950395	0.0
42.0	26.39532418763817	23.624965930771328	23.846340207746586	26.133369673843916	0.0
43.0	26.161836407134853	23.716120044819963	23.696435601586867	26.425607946458314	0.0
44.0	26.140940613548953	23.854213985039824	23.795766330516944	26.20907907089428	0.0
45.0	26.312952363647373	23.785469852518094	23.66524333000212	26.23633445383241	0.0
46.0	26.089155385966507	23.75942581993277	23.879349504860542	26.27206928924018	0.0
47.0	26.13185548590291	23.73580448805306	23.90811907573968	26.22422095030435	0.0
48.0	26.227249326186364	23.687047636352624	23.816359286514643	26.269343750946366	0.0
49.0	26.222403924775143	23.760334332697376	23.808788346809607	26.208473395717874	0.0
50.0	26.27025226371097	23.749432179522124	23.610429726537657	26.36988583022925	0.0
51.0	26.324460191999034	23.663426304472914	23.69855546470428	26.313558038823782	0.0
52.0	26.3386935586445	23.760031495109175	23.66494049241392	26.23633445383241	0.0
53.0	26.28085157929802	23.785772690106295	23.737924351170467	26.195451379425215	0.0
54.0	26.269646588534567	23.848762908452198	23.748523666757517	26.133066836255715	0.0
55.0	26.212028066902676	23.897750226370412	23.592188025232353	26.29803368149456	0.0
56.0	26.29015992804601	23.859289969140942	23.749663094203402	26.100887008609647	0.0
57.0	26.2083940268495	23.715745387040407	23.791757391486048	26.28410319462404	0.0
58.0	26.24776279409226	23.675770946455447	23.776009884588944	26.300456374863344	0.0
59.0	26.244734427381278	23.729070200568728	23.736338280675085	26.28985709137491	0.0
60.0	26.371320155900317	23.85444458240337	23.669714213033487	26.104521048662825	0.0
61.0	26.256242220883014	23.707568796920757	23.734824097319592	26.301364884876637	0.0
62.0	26.281298075175947	23.73111819073807	23.799861906896176	26.187721827189804	0.0
63.0	26.254042857315905	23.76291594490812	23.729906847722066	26.2531343500539	0.0
64.0	26.173791382505783	23.689932528194007	23.763218780662122	26.37305730863809	0.0
65.0	26.23163301151987	23.753225200780104	23.70325730137003	26.311884486329994	0.0
66.0	26.233450026043876	23.69659491478202	23.84013906217824	26.22981599699587	0.0
67.0	26.389410439354112	23.6166462757259	23.84104756944024	26.15289571547975	0.0
68.0	26.156226908773757	23.728089833198066	23.692052378472013	26.423630879556164	0.0
69.0	26.155015565757754	23.864063086744274	23.77351519629814	26.207406151199837	0.0
70.0	26.30946180029799	23.781086090148147	23.660557460055966	26.2488946494979	0.0
71.0	26.11504124622969	23.77018400300413	23.865577265514275	26.249197485251898	0.0
72.0	26.13200004845372	23.74323162089809	23.90191755599433	26.22285077465386	0.0
73.0	26.236175547829877	23.687509842162005	23.80319310019018	26.273121509817937	0.0
74.0	26.222547938899858	23.747774157208095	23.820454738168205	26.209223165723838	0.0
75.0	26.260099572395916	23.758676244352113	23.61180090366189	26.36942327959008	0.0
76.0	26.326420602522017	23.66267731033397	23.69689775053602	26.314004336608	0.0
77.0	26.323392244982013	23.762310273400118	23.65783193826996	26.25646554334791	0.0
78.0	26.28947464053396	23.792291013046164	23.72627281867406	26.19196152774581	0.0
79.0	26.26433927295192	23.85497801412426	23.741414606374086	26.13926810654973	0.0
80.0	26.190065200340385	23.902753677172008	23.609609555044774	26.297571567442834	0.0
81.0	26.31937567570023	23.86671633157992	23.73165199431882	26.08225599840103	0.0
82.0	26.200664419632176	23.71529891312577	23.791310457189756	26.292726210052297	0.0
83.0	26.238518774245712	23.673507705632424	23.789796283005213	26.298177237116647	0.0
84.0	26.236701765224264	23.730137820134278	23.74951924969641	26.28364116494505	0.0
85.0	26.37267460699609	23.858539790983397	23.658668798623918	26.110116803396593	0.0
86.0	26.26425973538292	23.710453555735235	23.737708691056987	26.28757801782486	0.0
87.0	26.289618247560675	23.71764976651505	23.793055412550647	26.19967657337363	0.0
88.0	26.25660935030011	23.760349349209907	23.732791462506135	26.25024983798385	0.0
89.0	26.17847819898611	23.69705705996717	23.7561096743324	26.36835506671431	0.0
90.0	26.227840127917045	23.75550400649276	23.713107257717724	26.303548607872468	0.0
91.0	26.218452276402576	23.70190240268432	23.84847401987802	26.23117130103509	0.0
92.0	26.39863845869648	23.600755873463875	23.854530698274452	26.14607496956519	0.0
93.0	26.168484679631998	23.71341009163754	23.695845724287885	26.422259504442575	0.0
94.0	26.157279824598596	23.866946888987144	23.772159872082952	26.20361341433131	0.0
95.0	26.33201499633571	23.775793879120812	23.65223763983356	26.239953484709915	0.0
96.0	26.113368906224448	23.75520117257294	23.876637574421437	26.25479234678118	0.0
97.0	26.13517294845161	23.73581980170435	23.901469955846817	26.227537293997226	0.0
98.0	26.232382636714373	23.683126699655375	23.8203104653346	26.26418019829565	0.0
99.0	26.23753081335134	23.743996317539533	23.81304245125888	26.205430417850245	0.0
100.0	26.267208537493868	23.757926677851334	23.614080565936028	26.36078421871877	0.0
101.0	26.333226332015	23.65405464335249	23.702508070523965	26.31021095410855	0.0
102.0	26.34110001393036	23.75732101001169	23.66011132174893	26.241467654309027	0.0
103.0	26.302942940032825	23.802746097984944	23.716135596915937	26.17817536506629	0.0
104.0	26.286287074442633	23.8412060058023	23.73218579466649	26.14032112508858	0.0
105.0	26.204139727147464	23.900489075299426	23.615523219720487	26.279847977832627	0.0
106.0	26.32042760019987	23.87020577502536	23.724543100707116	26.08482352406765	0.0
107.0	26.216253047257087	23.70334479051527	23.786018200263463	26.294383961964172	0.0
108.0	26.235634359432492	23.67396998924943	23.78510970125524	26.30528595006284	0.0
109.0	26.245930681525675	23.724543100707116	23.75452356797844	26.275002649788775	0.0
110.0	26.38129703375074	23.85869812092122	23.66549066517269	26.094514180155354	0.0
111.0	26.265311993701072	23.701224959496088	23.74574141089896	26.287721635903882	0.0
112.0	26.277951401506893	23.720837270150447	23.801390604937374	26.19982072340529	0.0
113.0	26.268260774765608	23.7629309300579	23.722351430578772	26.246456864597718	0.0
114.0	26.189827264578337	23.680560602756984	23.75808561668726	26.371526515977422	0.0
115.0	26.21950480897352	23.75747995251593	23.705392833781524	26.317622404729025	0.0
116.0	26.217687816459527	23.714780628437143	23.84590692153015	26.221624633573175	0.0
117.0	26.40938052668556	23.595767618770743	23.851357899072124	26.14349395547157	0.0
118.0	26.146825108413886	23.72356275892143	23.69630787121157	26.43330426145311	0.0
119.0	26.158635559754828	23.862562686241734	23.766262083000218	26.21253967100322	0.0
120.0	26.31307992344405	23.781403687283476	23.655425539646778	26.2500908496257	0.0
121.0	26.106548441020422	23.761416769629577	23.880429779295977	26.251605010054025	0.0
122.0	26.14228262712891	23.741732684061343	23.904656346149185	26.21132834266056	0.0
123.0	26.228286939457814	23.70266734501054	23.81471521670664	26.254330498825013	0.0
124.0	26.23585774159944	23.75263463914529	23.805630254136688	26.20587736511859	0.0
125.0	26.263718293480633	23.74688082951765	23.63029047653657	26.359110400465152	0.0
126.0	26.32610170312765	23.652397218790124	23.700244688325217	26.321256389757007	0.0
127.0	26.334278169440605	23.75263463914529	23.652397218790124	26.26068997262398	0.0
128.0	26.299229290008025	23.795406023348427	23.7087957845646	26.196568902078948	0.0
129.0	26.269854488742183	23.83961964174856	23.733022424783854	26.157503444725407	0.0
130.0	26.200887909052916	23.89541327745038	23.6122635624171	26.291435251079605	0.0
131.0	26.31392464863588	23.87368153282881	23.72438395823302	26.088009860302293	0.0
132.0	26.220651518868127	23.714087573778137	23.778591394039605	26.28666951331413	0.0
133.0	26.22549687625866	23.67078219210025	23.789493448168304	26.31422748347279	0.0
134.0	26.24063861810407	23.730137820134278	23.760724138662013	26.268499423099634	0.0
135.0	26.36760626506608	23.85437234261626	23.666917010889975	26.11110438142769	0.0
136.0	26.249197485251898	23.70416580863203	23.754436543796107	26.29220016231996	0.0
137.0	26.268132400593565	23.718845583113776	23.804548620574785	26.208473395717874	0.0
138.0	26.26570969988795	23.745495290875503	23.722782471760397	26.26601253747615	0.0
139.0	26.173041397898306	23.684927773235216	23.76154568305018	26.3804851458163	0.0
140.0	26.215518050689106	23.75434951803252	23.70740954970943	26.322722881568943	0.0
141.0	26.200981802434214	23.707106711204116	23.843989715604362	26.24792177075731	0.0
142.0	26.39267857629562	23.60414161939862	23.85246919375305	26.150710610552714	0.0
143.0	26.144956678951814	23.730122437607697	23.69832439455012	26.426596488890368	0.0
144.0	26.148669929256712	23.866472041864522	23.771683302645606	26.213174726233163	0.0
145.0	26.30675210776238	23.773500339180153	23.650547533675745	26.26920001938172	0.0
146.0	26.091736117840874	23.774408857447426	23.884036728365153	26.249818296346543	0.0
147.0	26.140190425428823	23.73685676906677	23.89312191103789	26.229830894466517	0.0
148.0	26.216059066158703	23.699145381973675	23.81846483710169	26.266330714765935	0.0
149.0	26.238166477895618	23.74881134806757	23.802414250498174	26.210607923538635	0.0
150.0	26.257245477065833	23.74669145927088	23.628280527912878	26.36778253575041	0.0
151.0	26.32992737866665	23.649176574623116	23.7039908420804	26.316905204629837	0.0
152.0	26.315996680859826	23.747902824297558	23.657958971066545	26.278141523776068	0.0
153.0	26.303054163322788	23.797035175118488	23.70678820732575	26.193122454232977	0.0
154.0	26.267318786814254	23.83791886858164	23.733741160794054	26.161021183810057	0.0
155.0	26.203498443386515	23.89977105062325	23.62206393623336	26.274666569756878	0.0
156.0	26.309876045947494	23.874404532969113	23.726010969009973	26.089708452073424	0.0
157.0	26.229622383806323	23.71450289670294	23.773557478278516	26.282317241212223	0.0
158.0	26.229319539798247	23.665442167393998	23.782642798520907	26.322595494286848	0.0
159.0	26.252032840404237	23.727222345042293	23.75629536981796	26.26444944473551	0.0
160.0	26.372644623594045	23.86236303838257	23.667936596386454	26.097055741636936	0.0
161.0	26.2590777766337	23.7024609178624	23.752127485599726	26.28633381990418	0.0
162.0	26.264385221078136	23.708964264082375	23.819503331314355	26.207147183525137	0.0
163.0	26.257419745608722	23.75711689884918	23.734100545124168	26.251362810417927	0.0
164.0	26.172925499697154	23.679285281647484	23.764688067837675	26.383101150817684	0.0
165.0	26.222368935096714	23.75628030369565	23.69389368229462	26.32745707891302	0.0
166.0	26.20026105469732	23.706613284716184	23.85288871256424	26.240236948022254	0.0
167.0	26.387118071223714	23.604856465343627	23.85410010327106	26.1539253601616	0.0
168.0	26.14120575774003	23.741440767537153	23.69873924512188	26.41861422960094	0.0
169.0	26.16157578180365	23.856897982422666	23.778157348015434	26.203368887758256	0.0
170.0	26.309971592801894	23.782094379735792	23.658835002029086	26.249099025433225	0.0
171.0	26.106760186312457	23.759380735195247	23.888697084779437	26.245161993712863	0.0
172.0	26.149461838048687	23.743935456907675	23.89717684540791	26.209425859635733	0.0
173.0	26.230481289900542	23.684114889338453	23.82615174017856	26.259252080582442	0.0
174.0	26.2528922215896	23.740747919417558	23.805860761487114	26.200499097505727	0.0
175.0	26.252286520733144	23.743170722843402	23.62839041054404	26.376152345879415	0.0
176.0	26.32799912779077	23.647167137094332	23.70501156888636	26.31982216622854	0.0
177.0	26.320427867085005	23.74256502198694	23.66412676107524	26.272880349852816	0.0
178.0	26.292948106421964	23.811989884765065	23.70902042732325	26.18604158148973	0.0
179.0	26.277805539151107	23.839852208543437	23.732642832265782	26.149699420039674	0.0
180.0	26.206109135841356	23.896557781183184	23.629139233299213	26.26819384967625	0.0
181.0	26.308250023471118	23.866041981507784	23.744597856405196	26.081110138615898	0.0
182.0	26.226176811743436	23.711586859806236	23.7839687697801	26.278267558670233	0.0
183.0	26.232839581699185	23.66827885509384	23.783060210240677	26.315821352966296	0.0
184.0	26.24767938750973	23.730666610134072	23.763677606733033	26.257976395623167	0.0
185.0	26.383740369239717	23.85400009691331	23.66623055676697	26.096028977080003	0.0
186.0	26.260478751756555	23.70378446479624	23.755572515384987	26.28016426806222	0.0
187.0	26.27032920439747	23.69968805839062	23.82900754111269	26.200975196099215	0.0
188.0	26.270026348466036	23.751173566734305	23.7266422362882	26.252157848511466	0.0
189.0	26.166449619915806	23.67545958387595	23.77631060904328	26.381780187164967	0.0
190.0	26.22498023859062	23.7569997789145	23.693096983848644	26.324922998646226	0.0
191.0	26.199540263303746	23.69915412082171	23.849673974602425	26.251631641272123	0.0
192.0	26.378528660857874	23.614354203198772	23.860879678002597	26.146237457940757	0.0
193.0	26.15592887709766	23.745794075514326	23.68734270372423	26.41093434366378	0.0
194.0	26.159036670018292	23.854591929446258	23.767671750639032	26.218699649896422	0.0
195.0	26.317128423807045	23.773728905956606	23.64380292439459	26.265339745841764	0.0
196.0	26.09907083237428	23.76494603074612	23.883969132736503	26.252014004143092	0.0
197.0	26.130568040025683	23.764037457448485	23.89487201230814	26.21052249021769	0.0
198.0	26.23279000321031	23.695129411907228	23.818090409647898	26.253990175234566	0.0
199.0	26.23915005481759	23.768421435191073	23.800827412428145	26.191601097563193	0.0
200.0	26.249144421629023	23.745706965165088	23.618203073419224	26.386945539786666	0.0
201.0	26.325162181315985	23.65363764665976	23.716632443531825	26.304567728492422	0.0
202.0	26.322133585312518	23.746918403566475	23.66393487307154	26.26701313804946	0.0
203.0	26.310098883958993	23.814528219028727	23.69520117509881	26.180171721913474	0.0
204.0	26.27314990081318	23.834819873707165	23.740024531701927	26.15200569377773	0.0
205.0	26.200239866256393	23.906367358805998	23.63197489884428	26.26141787609333	0.0
206.0	26.303292416629564	23.86252472113949	23.746225577937082	26.08795728429386	0.0
207.0	26.231211176832243	23.71139640744678	23.779843299019028	26.277549116701948	0.0
208.0	26.24665715678881	23.669904265210505	23.775906088441864	26.30753248955882	0.0
209.0	26.232119763888512	23.73350535914932	23.767123080231265	26.267251796730907	0.0
210.0	26.389385248135877	23.859568359268522	23.66058719130661	26.090459201288986	0.0
211.0	26.255822546353226	23.70268518574604	23.7681036519253	26.273388615975428	0.0
212.0	26.272336301411354	23.701617299654735	23.813677388091346	26.212369010842572	0.0
213.0	26.266884729541463	23.750378581379852	23.722817856926525	26.259918832152156	0.0
214.0	26.173299412441697	23.6670906778121	23.787025258949665	26.372584650796536	0.0
215.0	26.225168772090292	23.761353689968168	23.68260852446703	26.330869013474512	0.0
216.0	26.19488216997447	23.7147123227098	23.844944711807837	26.245460795507892	0.0
217.0	26.3766017826694	23.622035320235387	23.856756486633007	26.144606410462202	0.0
218.0	26.155509587223904	23.73894160440246	23.67715693608618	26.428391872287456	0.0
219.0	26.168612081967908	23.84865133352313	23.78383780869713	26.198898775811834	0.0
220.0	26.33791470055546	23.769300195652043	23.639976012938476	26.252809090854022	0.0
221.0	26.092289613481213	23.76081992137574	23.891355571843068	26.255534893299977	0.0
222.0	26.14650279546184	23.75415684873008	23.904681717134395	26.194658638673683	0.0
223.0	26.245699263423145	23.70614460166699	23.8054855592169	26.242670575692962	0.0
224.0	26.247819344834273	23.756117949214964	23.80124539639465	26.194817309556118	0.0
225.0	26.257208276797826	23.74248885442915	23.61407249466951	26.38623037410351	0.0
226.0	26.33141112618724	23.640724946695098	23.714322058538475	26.313541868579183	0.0
227.0	26.328988176003104	23.749757704981587	23.654354041480907	26.266900077534405	0.0
228.0	26.307564170515636	23.828272885590973	23.674112213220262	26.190050730673125	0.0
229.0	26.282425986219426	23.829787234042556	23.747709547966984	26.14007723177103	0.0
230.0	26.204364971197002	23.8928564938487	23.632690641903967	26.27008789305033	0.0
231.0	26.306814912182404	23.8732422093872	23.73119546419604	26.088747414234355	0.0
232.0	26.232005645525224	23.7133260442253	23.767237175662455	26.28743113458702	0.0
233.0	26.245331992622052	23.6654723432867	23.77692906446015	26.3122665996311	0.0
234.0	26.255629624469595	23.73422417944532	23.769660147861877	26.240486048223204	0.0
235.0	26.388973020122847	23.870285790436498	23.656760718655732	26.083980470784923	0.0
236.0	26.238142543886216	23.720061059084355	23.762160328556025	26.2796360684734	0.0
237.0	26.264954417421325	23.722021988672502	23.815004391677014	26.198019202229155	0.0
238.0	26.257685434776022	23.76896750159009	23.71323863464276	26.260108428991124	0.0
239.0	26.182572614107887	23.665687373171394	23.77048187297453	26.381258139746187	0.0
240.0	26.232378367571958	23.757928598690228	23.686139567569533	26.32355346616828	0.0
241.0	26.194010408777785	23.712080362065517	23.849914875827764	26.24399435332893	0.0
242.0	26.37812093834925	23.631725487701054	23.845014224298556	26.14513934965113	0.0
243.0	26.152988376180257	23.743985067209678	23.679441959686315	26.42358459692375	0.0
244.0	26.171311505218625	23.865358272823148	23.770804795558412	26.192525426399815	0.0
245.0	26.319474968549645	23.776164420934567	23.649756733407095	26.25460387710869	0.0
246.0	26.106768859486895	23.76619754179375	23.872917892030536	26.254115706688818	0.0
247.0	26.152059409483318	23.755302793689108	23.896306314228617	26.19633148259895	0.0
248.0	26.232819380587873	23.72775466136135	23.78780342823869	26.251622529812092	0.0
249.0	26.234639040190217	23.791746024043768	23.78840998143947	26.185204954326547	0.0
