# Position (bp)	A	C	G	T	N
0.0	26.27495131450828	23.839846861998762	23.729474639284767	26.1557271842082	0.0
1.0	26.251715057094806	23.900427104541027	23.616059573338056	26.231798265026114	0.0
2.0	26.257745076344325	23.807258242974108	23.77185217968577	26.163144500995795	0.0
3.0	26.140122807988053	23.753388283454115	23.8239198982132	26.282569010344638	0.0
4.0	26.248624010532197	23.67310362376161	23.772119549283932	26.306152816422262	0.0
5.0	26.183706883200212	23.793891187468194	23.75821404075492	26.26418788857667	0.0
6.0	26.145009140161125	23.76939691529933	23.851810470946454	26.233783473593093	0.0
7.0	26.27612679133412	23.826748745858705	23.711428587231264	26.18569587557591	0.0
8.0	26.254994953196082	23.73435836455899	23.789942341993555	26.220704340251373	0.0
9.0	26.236135729514338	23.66251787042593	23.790272404744062	26.311073995315663	0.0
10.0	26.297408501177955	23.766742984813792	23.706739224209443	26.229109289798807	0.0
11.0	26.295749411022996	23.747110417980114	23.694849078098905	26.26229109289799	0.0
12.0	26.163022198626273	23.750705113315856	23.68710665737576	26.39916603068211	0.0
13.0	26.10412449812523	23.83725431639955	23.785822521595822	26.272798663879392	0.0
14.0	26.186525975821528	23.79467100242227	23.7678490449171	26.250953976839103	0.0
15.0	26.219154748869055	23.773379345433632	23.766189954762144	26.241275950935172	0.0
16.0	26.27307517890522	23.792735397241486	23.794117972370618	26.140071451482672	0.0
17.0	26.262567607923813	23.777527070821026	23.784992976518343	26.17491234473681	0.0
18.0	26.219984293946535	23.83918992158034	23.723330125759034	26.217495658714096	0.0
19.0	26.172976739556024	23.796330092577232	23.699549833537954	26.33114333432879	0.0
20.0	26.33418499961288	23.695402108150557	23.74323920761854	26.227173684618023	0.0
21.0	26.358794836911436	23.701208923692914	23.696231653228036	26.24376458616761	0.0
22.0	26.260078972691375	23.690977867737335	23.734114211766265	26.314828947805026	0.0
23.0	26.234014019273044	23.677086645743753	23.84769594491836	26.241203390064843	0.0
24.0	26.272929881707523	23.766058521316424	23.753615413968358	26.207396183007692	0.0
25.0	26.278460151640004	23.842376246384585	23.72679360479585	26.152369997179566	0.0
26.0	26.25550953142023	23.905421323614807	23.61010490922062	26.228964235744346	0.0
27.0	26.254679990930356	23.801452248884267	23.780713736637484	26.16315402354789	0.0
28.0	26.124165620523936	23.74670257655276	23.830209652533142	26.29892215039016	0.0
29.0	26.229517262737595	23.670384851484602	23.78707354705983	26.313024338717973	0.0
30.0	26.19384702167313	23.787903087549704	23.756104035437968	26.2621458553392	0.0
31.0	26.154858618649175	23.759422197397456	23.845141381350825	26.240577802602544	0.0
32.0	26.26739961177505	23.816383977701953	23.725411037312732	26.190805373210267	0.0
33.0	26.257168612399973	23.735918550184433	23.78181979062398	26.225093046791613	0.0
34.0	26.237259640643064	23.672043932464344	23.78099025013411	26.309706176758485	0.0
35.0	26.287032070035337	23.778501628664493	23.713520956957908	26.220945344342255	0.0
36.0	26.297539582907042	23.757210089424465	23.680062823866432	26.26518750380206	0.0
37.0	26.165089618024258	23.743107901096653	23.696100606670612	26.395701874208484	0.0
38.0	26.109233891706253	23.8390580844251	23.785967493073336	26.265740530795306	0.0
39.0	26.17780923886895	23.803387843360635	23.769653196772534	26.249149720997885	0.0
40.0	26.207672696504314	23.77324787222864	23.771312277752276	26.24776715351476	0.0
41.0	26.277907124646756	23.79343335748218	23.789009141536198	26.139650376334867	0.0
42.0	26.258274666386466	23.771035764255654	23.791774276502437	26.178915292855443	0.0
43.0	26.23145285721396	23.834357354982497	23.720433794373502	26.213755993430038	0.0
44.0	26.176150157889204	23.79011519552269	23.706055092549068	26.327679554039037	0.0
45.0	26.34371733684321	23.68946428275164	23.740342766130414	26.22647561427473	0.0
46.0	26.358372552164273	23.699971795623345	23.697759687650354	26.243895964562032	0.0
47.0	26.256615585406724	23.694718039187492	23.742831387600027	26.305834987805753	0.0
48.0	26.226126581998464	23.6783382690856	23.844245908302845	26.251289240613083	0.0
49.0	26.267254346768127	23.765927089324425	23.755419634561783	26.211398929345663	0.0
50.0	26.275826217758702	23.847221607751184	23.736616820776003	26.14033535371411	0.0
51.0	26.24679246117772	23.907224704685216	23.6127394593638	26.233243374773263	0.0
52.0	26.25232270052648	23.795237357872846	23.779199663761446	26.173240277839227	0.0
53.0	26.129274875016588	23.734957748971375	23.841414856434987	26.294352519577046	0.0
54.0	26.227436623457063	23.668041852851392	23.783900367207895	26.320621156483654	0.0
55.0	26.193702163429634	23.773392912445253	23.77201035260806	26.260894571517056	0.0
56.0	26.150289784541876	23.745465203734017	23.85164579923019	26.252599212493916	0.0
57.0	26.264765739061186	23.81404017165863	23.725832854045922	26.19536123523426	0.0
58.0	26.265042251028625	23.721961686501793	23.7883245586869	26.22467150378268	0.0
59.0	26.244580365438214	23.667765340883953	23.77781710392426	26.309837189753573	0.0
60.0	26.287163208423657	23.77201035260806	23.713389815511217	26.227436623457063	0.0
61.0	26.30071229482812	23.754866610626905	23.67357209220015	26.27084900234482	0.0
62.0	26.18042958899261	23.7344047250365	23.693480953855683	26.391684732115205	0.0
63.0	26.111025085165686	23.83809671282573	23.78279431933814	26.26808388267044	0.0
64.0	26.184300756536743	23.79108967836128	23.767586161129053	26.257023403972923	0.0
65.0	26.211398929345663	23.763161969650046	23.779752687696323	26.24568641330797	0.0
66.0	26.279420873335397	23.788877582621776	23.791366190328716	26.14033535371411	0.0
67.0	26.263383179223997	23.772563376542937	23.79108967836128	26.17296376587179	0.0
68.0	26.233519886740698	23.847774631686057	23.71311330354378	26.205592178029463	0.0
69.0	26.18513029243906	23.79108967836128	23.702605848781136	26.321174180418527	0.0
70.0	26.344677697650752	23.682420475158164	23.752931026854842	26.219970800336238	0.0
71.0	26.36679865504579	23.702329336813698	23.6965225854975	26.23434942264301	0.0
72.0	26.259788523647305	23.70039375304163	23.739381940450382	26.30043578286068	0.0
73.0	26.23565943774212	23.673230120918348	23.84964426833753	26.241466173002	0.0
74.0	26.261578874602513	23.774367482372462	23.752523157749206	26.21153048527582	0.0
75.0	26.286741324484996	23.84128300843357	23.71906539471865	26.152910272362785	0.0
76.0	26.257431218028483	23.903221346605836	23.598783354071617	26.24056408129407	0.0
77.0	26.252730540577907	23.798700400940135	23.77464399281073	26.173925065671227	0.0
78.0	26.122770634591458	23.73925065671229	23.84128300843357	26.296695700262685	0.0
79.0	26.218719756670815	23.66099820268215	23.8025715470759	26.317710493571134	0.0
80.0	26.192174754596987	23.777962118069958	23.778238628508227	26.25162449882483	0.0
81.0	26.147103553159134	23.75362919950228	23.857873634729714	26.241393612608878	0.0
82.0	26.261855385040782	23.805060141020324	23.732614406193832	26.20047006774506	0.0
83.0	26.25217751970137	23.723766072169227	23.80008295313148	26.223973454997928	0.0
84.0	26.238351997787916	23.676759297663487	23.78017420157611	26.304714502972487	0.0
85.0	26.28148762615789	23.76911378404535	23.719894926033458	26.22950366376331	0.0
86.0	26.297801742015757	23.749205032489975	23.67897138116964	26.274021844324626	0.0
87.0	26.19051569196737	23.726531176551916	23.69639153878059	26.386561592700126	0.0
88.0	26.13023641642472	23.834646757915113	23.77353795105765	26.261578874602513	0.0
89.0	26.18885662933776	23.795658786119176	23.765795658786118	26.24968892575695	0.0
90.0	26.21180699571409	23.75445873081709	23.778791649384765	26.25494262408406	0.0
91.0	26.2787225217752	23.78487487902668	23.793999723489563	26.14240287570856	0.0
92.0	26.262684916355596	23.77464399281073	23.790128577353794	26.172542513479886	0.0
93.0	26.230609705516382	23.84708972763722	23.71934190515692	26.20295866168948	0.0
94.0	26.19051569196737	23.781833264205723	23.711323102447118	26.316327941379786	0.0
95.0	26.34370247476842	23.688649246509055	23.749481542928248	26.218166735794274	0.0
96.0	26.365823309829945	23.70247476842251	23.697497580533668	26.23420434121388	0.0
97.0	26.26323793723213	23.691414350891744	23.732614406193832	26.31273330568229	0.0
98.0	26.23772642685904	23.671440145333484	23.843705672042937	26.247127755764538	0.0
99.0	26.26696382157433	23.75902801588267	23.757645471337085	26.216362691205912	0.0
100.0	26.289914061031045	23.8422571975269	23.714233572605707	26.15359516883634	0.0
101.0	26.25203234048201	23.904471702078244	23.602247464413303	26.241248493026447	0.0
102.0	26.25756251866435	23.796356718613474	23.77506553261146	26.17101523011072	0.0
103.0	26.1253912601064	23.742160972426532	23.840045126253965	26.292402641213098	0.0
104.0	26.215809673387675	23.663355933328173	23.807140566069037	26.31369382721511	0.0
105.0	26.184011148839215	23.774512514793226	23.795250682977006	26.246225653390553	0.0
106.0	26.155254222291042	23.750179730790926	23.85552962516452	26.239036421753507	0.0
107.0	26.272217490847556	23.798015772068176	23.741054936790064	26.188711800294207	0.0
108.0	26.254244411754946	23.73469523188037	23.793591629522304	26.21746872684238	0.0
109.0	26.23682435048057	23.673586762965503	23.78280778206674	26.306781104487186	0.0
110.0	26.277747669029893	23.773682988065875	23.71976375078805	26.228805592116178	0.0
111.0	26.30926968466924	23.73414221406214	23.688518244057825	26.2680698572108	0.0
112.0	26.201707719022703	23.724740911152157	23.700408127149856	26.37314324267528	0.0
113.0	26.12732682247022	23.830920332253104	23.778383639520865	26.26336920575581	0.0
114.0	26.18069304192981	23.8049284947961	23.770917898974705	26.243460564299383	0.0
115.0	26.22133985157002	23.754050855518567	23.779489675157333	26.24511961775408	0.0
116.0	26.28493690066694	23.772023934611173	23.801610387886697	26.14142877683519	0.0
117.0	26.270281928483737	23.770641390065588	23.788890978067315	26.170185703383364	0.0
118.0	26.2324002079347	23.832026367889572	23.721146295333636	26.214427128842093	0.0
119.0	26.1837346399301	23.78944399588555	23.71063895678719	26.316182407397164	0.0
120.0	26.348533949763862	23.68602966387577	23.74796765951799	26.21746872684238	0.0
121.0	26.377843894130272	23.692112859876346	23.695154457876633	26.234888788116756	0.0
122.0	26.261986661210223	23.690453806421644	23.743543516972117	26.304016015396016	0.0
123.0	26.2391089752275	23.671163635659795	23.83955802693757	26.250169362175136	0.0
124.0	26.265450020738285	23.761094981335546	23.76247753352689	26.21097746439928	0.0
125.0	26.293377575003458	23.844877644131067	23.713258675515	26.14848610535048	0.0
126.0	26.24941241531868	23.903497857044105	23.598506843633345	26.248582884003874	0.0
127.0	26.26489699986174	23.793999723489563	23.76911378404535	26.17198949260335	0.0
128.0	26.122217613714916	23.743951334162862	23.84128300843357	26.29254804368865	0.0
129.0	26.22010230886216	23.665145859256185	23.80340107839071	26.31135075349094	0.0
130.0	26.19355730678833	23.766625190100925	23.795658786119176	26.244158716991567	0.0
131.0	26.164596058609312	23.744846522456857	23.84936775713468	26.241189661799147	0.0
132.0	26.276859606966973	23.797660162201474	23.740422343211236	26.185057887620317	0.0
133.0	26.25335615472461	23.731573984719994	23.79904271821573	26.21602714233967	0.0
134.0	26.24036012819059	23.676271744149716	23.786046691681715	26.297321435977977	0.0
135.0	26.290685167109544	23.765031840265006	23.714430290143206	26.229852702482244	0.0
136.0	26.29759794718083	23.738763275994128	23.69092683790084	26.272711938924203	0.0
137.0	26.196947869342928	23.72770282788007	23.70115775240634	26.37419155037066	0.0
138.0	26.11924822134169	23.82973546173223	23.78936482611593	26.261651490810152	0.0
139.0	26.18588742122887	23.79904271821573	23.774986243567657	26.240083616987743	0.0
140.0	26.218792254368182	23.751759302528143	23.77968693401613	26.249761509087538	0.0
141.0	26.28709052147248	23.768349974699223	23.80816758790982	26.136391915918473	0.0
142.0	26.271052871707095	23.76364928425075	23.79572458378151	26.169573260260638	0.0
143.0	26.228746657670836	23.844114044280502	23.724937715851556	26.202201582197105	0.0
144.0	26.19584182453152	23.78355809085605	23.7138772677375	26.306722816874927	0.0
145.0	26.352347165345403	23.689267770683728	23.74954721290533	26.208837851065535	0.0
146.0	26.378615729616286	23.68760870346662	23.693968461132204	26.23980710578489	0.0
147.0	26.26365969119143	23.693757465823122	23.74629473963633	26.296288103349113	0.0
148.0	26.242440833188162	23.6764026799614	23.840651242786475	26.24050524406396	0.0
149.0	26.27182382772103	23.758869170404207	23.758869170404207	26.210437831470557	0.0
150.0	26.28730858353196	23.839334597921724	23.716009578427524	26.15734724011879	0.0
151.0	26.24334293756878	23.900167567178954	23.611763990200362	26.244725505051903	0.0
152.0	26.27210034121765	23.791774276502437	23.774630439711764	26.161494942568147	0.0
153.0	26.12195351255095	23.73564203668781	23.846800462330567	26.295603988430678	0.0
154.0	26.212926452940167	23.661259906096017	23.811959761755972	26.313853879207844	0.0
155.0	26.18969931922377	23.76495246732993	23.79426289797205	26.25108531547425	0.0
156.0	26.165438482489733	23.745938696788286	23.862627715024402	26.225995105697574	0.0
157.0	26.279085843852396	23.796540806592102	23.733219040772028	26.191154308783478	0.0
158.0	26.25972984556679	23.725200127196562	23.80041200624922	26.21465802098743	0.0
159.0	26.24479807546074	23.665196532511164	23.790457492845192	26.2995478991829	0.0
160.0	26.296229728048225	23.761423495416775	23.714692585270086	26.227654191264914	0.0
161.0	26.31060846963182	23.73155995520469	23.68676464488656	26.27106693027693	0.0
162.0	26.20138533644873	23.72298801310678	23.708885785784403	26.366740864660095	0.0
163.0	26.13308631392664	23.818661947489943	23.797923377898215	26.250328360685206	0.0
164.0	26.190048251738585	23.792393092673755	23.775802237000374	26.241756418587286	0.0
165.0	26.224889048652685	23.752298524796416	23.78271509353095	26.240097333019953	0.0
166.0	26.29069944282376	23.774972694216704	23.800135491988	26.134192370971533	0.0
167.0	26.273832072889157	23.755063667408646	23.805389262951238	26.165714996750957	0.0
168.0	26.232078419444484	23.841059602649008	23.72879481259246	26.198067165314047	0.0
169.0	26.197514136791604	23.77552572273915	23.721052413278215	26.30590772719103	0.0
170.0	26.35678635125607	23.68289344522944	23.751745496273973	26.20857470724053	0.0
171.0	26.37448326397434	23.688147216192675	23.700866872208934	26.23650264762405	0.0
172.0	26.26948048356948	23.69208392784064	23.739644512282798	26.298791076307086	0.0
173.0	26.246878828015475	23.6761115243486	23.836214167010006	26.240795480625923	0.0
174.0	26.270731828714585	23.754707694349662	23.762726674446	26.211833802489753	0.0
175.0	26.288297754673156	23.83447627474837	23.728293330383806	26.148932640194666	0.0
176.0	26.23852449950227	23.894480699037718	23.61630350624931	26.250691295210704	0.0
177.0	26.25622165689636	23.79659329720164	23.778896139807543	26.16828890609446	0.0
178.0	26.126811193452053	23.728016812299522	23.85410905873244	26.291062935515985	0.0
179.0	26.222762968698156	23.65031523061608	23.813737418427163	26.313184382258598	0.0
180.0	26.189304280499943	23.768664970689084	23.79991151421303	26.242119234597943	0.0
181.0	26.175827275266215	23.739419697543685	23.85887584027165	26.225877186918446	0.0
182.0	26.278415768210838	23.79361739192952	23.732506726321002	26.195460113538637	0.0
183.0	26.25325255296027	23.73333628286772	23.800530363152202	26.2128808010198	0.0
184.0	26.241362242457257	23.6683543533745	23.791128722289354	26.29915468187889	0.0
185.0	26.287264371375873	23.76458291279425	23.71674515193328	26.231407563896592	0.0
186.0	26.309109360439553	23.737207546752426	23.694347125171788	26.259335967636233	0.0
187.0	26.202096565912413	23.71895730272454	23.70762002991934	26.371326101443703	0.0
188.0	26.11969394893803	23.817398012935552	23.798594731209853	26.264313306916563	0.0
189.0	26.184820690360777	23.789601174658568	23.780199481800814	26.245378653179845	0.0
190.0	26.23099959351504	23.74978224020219	23.77356299272475	26.245655173558013	0.0
191.0	26.28796279141791	23.76416129986699	23.79900286751632	26.148873041198772	0.0
192.0	26.268053324189726	23.74978224020219	23.811722804912108	26.170441630695972	0.0
193.0	26.23708304183477	23.839927883485373	23.71715283557822	26.205836239101643	0.0
194.0	26.201964953807273	23.774669074237426	23.71245198914934	26.31091398280596	0.0
195.0	26.359028528607414	23.672356534314794	23.759183933059948	26.20943100401784	0.0
196.0	26.37147194562503	23.679546064147196	23.711898948393	26.23708304183477	0.0
197.0	26.266743355196937	23.689289783096815	23.73657489851674	26.30739196318951	0.0
198.0	26.239440319659323	23.688802245357888	23.838677119194767	26.233080315788023	0.0
199.0	26.27463125701676	23.762422781043817	23.762422781043817	26.2005231808956	0.0
200.0	26.288471642286314	23.840665873959573	23.722036335481018	26.148826148273095	0.0
201.0	26.25003456571634	23.896800597295577	23.61142604319332	26.24173879379476	0.0
202.0	26.274645355750355	23.790614716699388	23.769322235434007	26.16541769211625	0.0
203.0	26.143019107927994	23.724801592788207	23.84868512015043	26.28349417913337	0.0
204.0	26.229571661643114	23.65096922268617	23.81246024942621	26.306998866244502	0.0
205.0	26.196941625418248	23.771534441279762	23.795039128390897	26.236484804911097	0.0
206.0	26.17876331820733	23.75086068871689	23.85234591252361	26.218030080552168	0.0
207.0	26.279972015518666	23.800635457886397	23.73012120156293	26.18927132503201	0.0
208.0	26.25889731379934	23.73225376493947	23.807469595659605	26.201379325601586	0.0
209.0	26.243964759171078	23.668652143374647	23.791707454663104	26.29567564279117	0.0
210.0	26.28350837605703	23.77152085303601	23.722298728520627	26.22267204238633	0.0
211.0	26.306460265578252	23.73861392709595	23.69851725263117	26.256408554694627	0.0
212.0	26.209675189283953	23.72534054520416	23.70155906931471	26.363425196197177	0.0
213.0	26.119250275146143	23.827932726076114	23.79723803045135	26.255578968326393	0.0
214.0	26.188178361562393	23.793155893536124	23.78403041825095	26.234635326650533	0.0
215.0	26.232423090217765	23.74725198755617	23.780988593155893	26.239336329070166	0.0
216.0	26.282198409955065	23.76854476322157	23.819702730729347	26.129554096094022	0.0
217.0	26.265053577601105	23.752782578638094	23.807258900795023	26.17490494296578	0.0
218.0	26.220532319391637	23.841548565502936	23.73038368475631	26.207535430349115	0.0
219.0	26.188178361562393	23.776564120290356	23.72734185966125	26.307915658486003	0.0
220.0	26.348711226885456	23.678803615920447	23.758168036878185	26.21431712031591	0.0
221.0	26.368621464895764	23.677144429419588	23.714476125688908	26.239757979995744	0.0
222.0	26.263059216529967	23.685782391558035	23.74993778033416	26.301220611577836	0.0
223.0	26.23796737468233	23.685018292632343	23.843471479808972	26.23354285287635	0.0
224.0	26.280349538189256	23.734583264199987	23.76721420275427	26.21785299485648	0.0
225.0	26.27662339817155	23.83730898351299	23.722546997107443	26.163520621208015	0.0
226.0	26.255883280146453	23.885426057331216	23.61220956921392	26.24648109330841	0.0
227.0	26.273304979287538	23.787809235159756	23.771493675646678	26.167392109906036	0.0
228.0	26.13116603708886	23.725312346177457	23.85030612414205	26.29321549259163	0.0
229.0	26.218827602608275	23.65396634017112	23.8185046098369	26.308701447383704	0.0
230.0	26.193807796115216	23.769136321401707	23.797343037918676	26.2397128445644	0.0
231.0	26.16540979118445	23.75342564247216	23.863765206257554	26.217399360085835	0.0
232.0	26.271324710808024	23.79684246331002	23.73489744504454	26.19693538083742	0.0
233.0	26.256187605431265	23.735239622798044	23.809629158485663	26.19894361328503	0.0
234.0	26.249827161859464	23.663338956334172	23.789994745720527	26.296839136085836	0.0
235.0	26.288266364315145	23.765106053483034	23.709521307485964	26.237106274715856	0.0
236.0	26.314814302701805	23.73772849202179	23.68933381267111	26.25812339260529	0.0
237.0	26.20143248250878	23.721689112579853	23.711457094659995	26.365421310251374	0.0
238.0	26.119299798125052	23.8256685379276	23.79663173031719	26.258399933630155	0.0
239.0	26.193208686730696	23.783146990257436	23.77955194699247	26.244092376019402	0.0
240.0	26.232591068485274	23.74998617241341	23.773216517881835	26.24420624121948	0.0
241.0	26.28707025059669	23.773359478064148	23.805717730939744	26.133852540399417	0.0
242.0	26.272890454946495	23.74550211722015	23.806349724388	26.17525770344536	0.0
243.0	26.221586665855316	23.842583628830162	23.73000901703279	26.20582068828173	0.0
244.0	26.19025226820093	23.780150475768973	23.72980747953087	26.299789776499228	0.0
245.0	26.353016677408736	23.669251217818744	23.7685577319388	26.209174372833722	0.0
246.0	26.36478314512872	23.678648689022534	23.714334718357005	26.242233447491742	0.0
247.0	26.26399831798867	23.679012482294617	23.749557365439095	26.307431834277622	0.0
248.0	26.244352654425334	23.693260257903518	23.839337341231086	26.223049746440065	0.0
249.0	26.286754534488672	23.736485065790202	23.76802452331153	26.208735876409595	0.0
