# Position (bp)	A	C	G	T	N
0.0	28.23654779400989	22.51943875692447	25.306183974173774	23.67801797954168	0.2598114953501907
1.0	26.688244259467066	19.900304821880184	24.956872728490797	28.454578190161957	0.0
2.0	27.288467013917966	22.119056392047835	22.591990888840506	28.000485705193697	0.0
3.0	29.5827340539341	20.932384535346493	21.666174681832363	27.585066271403957	0.23364045748308931
4.0	29.402688540103046	20.902446734790864	22.059971904525632	27.63279926809405	0.0020935524864076106
5.0	28.477128985862237	21.563171899501107	22.950359776994787	27.009339337641862	0.0
6.0	28.335814193029723	21.4794298000448	23.22817419194108	26.956581814984393	0.0
7.0	27.13830217080457	22.42508745815512	23.03849833667255	27.38764427193572	0.010467762432038053
8.0	26.21567359004474	23.242829059345933	23.64416307099027	26.897334279619056	0.0
9.0	26.645061205006943	22.978204025064013	23.829023755540064	26.535987120465105	0.011723893923882619
10.0	26.493697360239672	23.14589757922526	23.752818445034826	26.607586615500246	0.0
11.0	26.466481177916375	23.41533778422592	23.86356737156579	26.25461366629192	0.0
12.0	27.33300255204048	22.6237655891152	23.66593601684891	26.37729584199541	0.0
13.0	26.958675367470804	22.636326904033645	23.387284180908058	27.017713547587498	0.0
14.0	26.62600987738063	23.227336770946515	23.507872804125135	26.63773377130451	0.0010467762432038053
15.0	26.955116328243907	22.961455605172752	23.54450997263727	26.538499383448794	4.187104972815221E-4
16.0	26.65343541495257	23.059015151039343	23.60794461297542	26.679604821032665	0.0
17.0	26.151401528712025	23.684359278729296	24.028539307494707	26.135699885063968	0.0
18.0	26.54394261991345	23.35399669637418	23.83090795277783	26.27115273093454	0.0
19.0	26.329353490056672	23.458674320694556	23.597895561040662	26.614076628208107	0.0
20.0	26.258382060767456	23.78652464006599	23.74025713011638	26.214836169050177	0.0
21.0	26.989869299518272	23.20367962785011	23.379119326211068	26.427331746420545	0.0
22.0	26.847089019945276	23.13187077756633	23.05231578308284	26.968724419405554	0.0
23.0	26.33940254199143	23.597686205792023	23.370535761016797	26.692375491199755	0.0
24.0	26.688397741475576	23.281978490841755	23.34478506543398	26.684838702248687	0.0
25.0	26.283295335355707	23.60250137651076	23.427899099144366	26.68609483374053	2.0935524864076105E-4
26.0	26.10387788727057	23.898948408586076	23.793642718519774	26.203530985623573	0.0
27.0	26.780723406126157	23.3556715383633	23.524411868767757	26.3377277000023	0.0014654867404853274
28.0	26.500815438693454	23.30710112067865	23.34729732841767	26.844576756961587	2.0935524864076105E-4
29.0	26.22467586573629	23.678706687015996	23.415547139474562	26.68107030777315	0.0
30.0	26.78511986634761	23.114913002426427	22.8322834167614	27.267683714464564	0.0
31.0	26.619729219921407	22.88985611013761	22.512807307335596	27.977607362605383	0.0
32.0	26.555875869085977	23.08204422838983	22.659565336632774	27.702514565891423	0.0
33.0	27.26600887247544	22.76822071067733	22.293821717257362	27.671320633843948	6.280657459222832E-4
34.0	26.5950253005818	23.026774442748668	22.228293524432804	28.14990673223673	0.0
35.0	26.339816243636815	23.49589386118945	22.451178630341083	27.71311126483265	0.0
36.0	27.076600576469563	22.93083545594682	22.427073767802217	27.565254135260247	2.3606452115492206E-4
37.0	26.88209967828648	23.121805223498942	22.313868447637788	27.68197472142935	2.519291474465721E-4
38.0	26.6660204526729	23.37490643359882	22.443819770917138	27.514176319488197	0.0010770233229400582
39.0	27.31303056944785	22.995258204459308	22.052375942233688	27.639335283859157	0.0
40.0	26.965243039023516	22.946024993352832	22.056231952165124	28.032500015458535	0.0
41.0	26.84373028783905	23.406593406593405	22.332259885129975	27.41741642043757	0.0
42.0	27.498464790140382	22.827499535866785	22.060608657155505	27.612712965739828	7.140510974965368E-4
43.0	27.289284396901515	22.94702139431944	22.02984753473503	27.732693962867334	0.0011527111766875691
44.0	26.659707637948248	23.439085716179328	22.20302966285991	27.698176983012512	0.0
45.0	27.36787069269854	22.98314840220398	22.100126465186325	27.548854439911164	0.0
46.0	27.233424527983246	22.907710049264413	21.91373661634073	27.945128806411613	0.0
47.0	27.05894610716053	23.431533432314865	22.02912140866349	27.480399051861117	0.0
48.0	27.465157235535397	22.868781895828995	22.069241026968328	27.596819841667276	0.0
49.0	27.2694686448195	22.909148349311657	22.099904008554176	27.72147899731467	0.0
50.0	27.088428326962543	23.521659596509288	22.002504605983518	27.387407470544655	0.0
51.0	27.541438026814504	22.867285172823443	22.100752390111445	27.49052441025061	0.0
52.0	27.09757328317813	22.865727785678242	22.118751624692266	27.914889062189395	0.0030582442619692036
53.0	27.013194656205446	23.517970610778246	22.083948012560057	27.384886720456247	0.0
54.0	27.454772910770213	23.15431775634599	21.98937085769548	27.40153847518832	0.0
55.0	27.136216691853015	23.040725366796106	22.165579509153165	27.657478432197717	0.0
56.0	26.8915965693551	23.66505855187201	22.169305624278408	27.274039254494475	0.0
57.0	27.46178457163171	22.78594916459296	22.13606469960896	27.61620156416637	0.0
58.0	27.136033328943743	23.035759179226876	21.98106092348948	27.847146568339898	0.0
59.0	27.08019905103576	23.609664519281463	21.975337216628734	27.334799213054044	0.0
60.0	27.492146089652213	23.059357570892786	22.154254951077405	27.2942413883776	0.0
61.0	27.382829936021423	23.12007141794376	22.109805088528493	27.387293557506325	0.0
62.0	26.886543956833385	23.57242061908335	22.35277214603854	27.188263278044733	0.0
63.0	27.363884548685636	23.043903779124673	22.345083360519222	27.247128311670473	0.0
64.0	27.443914698599254	22.966330339653325	22.33248327604686	27.25727168570056	0.0
65.0	26.71969216121866	23.478657569025707	22.64757219930181	27.154078070453824	0.0
66.0	27.12992999829264	23.28197029195834	22.42188833873997	27.166211371009048	0.0
67.0	26.896488786475324	23.266637767789923	22.552531313453947	27.284342132280802	0.0
68.0	26.594990836896766	23.77519853390348	22.695174098961516	26.934636530238244	0.0
69.0	27.435387673956264	23.351993303337867	22.25855393952077	26.954065083185103	0.0
70.0	27.22648455723239	23.33136610179018	22.263440406935896	27.178708934041534	0.0
71.0	26.97512527380202	23.626489032916254	22.26723077384703	27.131154919434692	0.0
72.0	26.901128494485764	23.364965375737366	22.611567068479097	27.12233906129777	0.0
73.0	26.96537121781299	23.80643398674954	21.665186804180042	27.563007991257425	0.0
74.0	27.001638448935005	22.854542144547608	23.608228654651377	26.53559075186601	0.0
75.0	26.525553763229336	23.92493213203761	22.5046228901916	27.04489121454145	0.0
76.0	26.761606848864012	24.05334211392822	22.57984853473823	26.580507079354625	0.02469542311491604
77.0	26.001742160278745	24.80836236933798	22.98780487804878	26.17595818815331	0.02613240418118467
78.0	26.748477578889094	23.75899612474626	23.325336778003322	26.148735929138216	0.018453589223103892
79.0	25.920859794821688	24.82657547630679	22.63800683927699	26.58524670249145	0.029311187103077674
80.0	26.229508196721312	24.891056235733554	22.67067856401743	26.17763021373729	0.031126789790412945
81.0	26.88278751791818	23.574815304884773	22.76987539971331	26.72841548130996	0.04410629617377881
82.0	26.218724304005637	23.998590391166452	23.246799013273815	26.51239281099495	0.02349348055914484
83.0	26.60092372987143	23.854699787791787	23.5551117213831	25.964299088752963	0.024965672200724
84.0	26.67814113597246	22.110419700781147	23.99046736396134	27.181252482457303	0.03971931682775057
85.0	26.041228439209085	24.470621231243864	23.348758939840135	26.08329827513673	0.0560931145701865
86.0	25.727069351230426	23.862788963460105	23.95227442207308	26.428038777032064	0.02982848620432513
87.0	26.331594752647387	24.798482693219533	22.98087561245456	25.873241662715348	0.0158052789631737
88.0	26.046042681902204	24.86976978659049	22.65165518400269	26.432532347504623	0.0
89.0	26.092384519350816	23.845193508114857	24.02354200107009	26.02104512216872	0.017834849295523453
90.0	26.03988603988604	24.273504273504273	22.507122507122507	27.17948717948718	0.0
91.0	26.294741051789643	23.435312937412515	22.135572885422917	28.114377124575086	0.01999600079984003
92.0	25.460317460317462	25.841269841269842	23.49206349206349	25.185185185185183	0.021164021164021166
93.0	27.605570530098834	23.539982030548067	23.20305480682839	25.628930817610062	0.022461814914645106
94.0	26.735280038295834	23.86309238870273	22.73815222594543	26.61560555289612	0.04786979415988511
95.0	25.521098118962886	23.690899847483475	23.792577529232332	26.995424504321303	0.0
96.0	27.208480565371023	22.47893449306877	23.240010872519708	27.0725740690405	0.0
97.0	26.176046176046174	22.770562770562773	23.665223665223664	27.38816738816739	0.0
98.0	25.61349693251534	24.11042944785276	23.680981595092025	26.564417177914113	0.030674846625766874
99.0	26.382978723404253	23.993453355155484	23.829787234042556	25.761047463175125	0.03273322422258593
100.0	26.077885952712098	24.33936022253129	22.809457579972182	26.738525730180807	0.03477051460361613
101.0	25.82315945246023	24.787273399926008	23.381428042915278	25.971143174250834	0.03699593044765076
102.0	25.8409180846854	23.981005144440047	24.337158686189156	25.801345468935498	0.03957261574990107
103.0	26.9700800674252	22.966708807416772	23.725242309313106	26.33796881584492	0.0
104.0	26.38888888888889	23.297491039426525	24.193548387096776	26.120071684587813	0.0
105.0	25.346062052505967	25.727923627684962	22.95942720763723	25.823389021479713	0.1431980906921241
106.0	25.95066803699897	26.002055498458375	22.199383350462487	25.84789311408017	0.0
107.0	26.805251641137858	23.63238512035011	23.960612691466082	25.547045951859953	0.05470459518599562
108.0	25.94752186588921	25.014577259475217	22.740524781341108	26.29737609329446	0.0
109.0	27.425373134328357	22.263681592039802	22.885572139303484	27.425373134328357	0.0
110.0	27.21224218230206	23.68596141051231	22.954091816367264	26.147704590818364	0.0
111.0	26.115107913669068	21.294964028776977	24.820143884892087	27.697841726618705	0.07194244604316546
112.0	26.908249807247493	23.438704703161143	23.5929067077872	25.983037779491134	0.07710100231303006
113.0	25.185796862097444	24.112303881090007	23.699421965317917	27.002477291494632	0.0
114.0	27.289048473967686	24.416517055655294	22.351885098743267	25.852782764811487	0.08976660682226212
115.0	26.140684410646386	25.09505703422053	23.574144486692013	25.190114068441066	0.0
116.0	29.65235173824131	23.415132924335378	22.801635991820042	24.130879345603272	0.0
117.0	28.121606948968513	26.384364820846905	21.932681867535287	23.561346362649292	0.0
118.0	28.193325661680092	23.130034522439587	24.050632911392405	24.510932105868815	0.11507479861910241
119.0	23.449131513647643	24.937965260545905	22.332506203473944	29.280397022332505	0.0
120.0	27.553763440860212	25.134408602150536	23.118279569892472	24.193548387096776	0.0
121.0	27.0	24.142857142857142	22.142857142857142	26.571428571428573	0.14285714285714285
122.0	24.175824175824175	29.513343799058084	22.135007849293565	24.018838304552588	0.15698587127158556
123.0	26.36986301369863	24.65753424657534	24.143835616438356	24.65753424657534	0.17123287671232876
124.0	30.353817504655495	23.277467411545626	20.85661080074488	25.512104283054004	0.0
125.0	29.740518962075846	24.151696606786427	23.75249500998004	22.355289421157686	0.0
126.0	25.925925925925924	23.311546840958606	24.18300653594771	26.143790849673206	0.4357298474945534
127.0	24.574209245742093	23.600973236009732	22.871046228710462	28.953771289537713	0.0
128.0	24.585635359116022	24.03314917127072	26.795580110497237	24.03314917127072	0.5524861878453038
129.0	27.3015873015873	24.761904761904763	22.22222222222222	25.71428571428571	0.0
130.0	28.51985559566787	26.353790613718413	19.494584837545126	25.27075812274368	0.36101083032490977
131.0	26.720647773279353	24.696356275303643	24.291497975708502	24.291497975708502	0.0
132.0	27.699530516431924	25.821596244131456	21.5962441314554	23.943661971830984	0.9389671361502347
133.0	30.05464480874317	25.136612021857925	21.85792349726776	22.950819672131146	0.0
134.0	25.161290322580644	23.870967741935484	20.64516129032258	29.677419354838708	0.6451612903225806
135.0	21.323529411764707	25.0	21.323529411764707	32.35294117647059	0.0
136.0	28.30188679245283	19.81132075471698	26.41509433962264	24.528301886792452	0.9433962264150944
137.0	25.0	32.142857142857146	15.476190476190476	27.380952380952383	0.0
138.0	29.09090909090909	30.909090909090907	10.909090909090908	29.09090909090909	0.0
139.0	16.666666666666664	27.77777777777778	19.444444444444446	36.11111111111111	0.0
140.0	29.411764705882355	41.17647058823529	11.76470588235294	17.647058823529413	0.0
