# Position (bp)	A	C	G	T	N
0.0	26.266335340578163	23.8116741070825	23.74759008942019	26.174400462919152	0.0
1.0	26.203062513012842	23.71946883272449	23.86494225678493	26.212526397477742	0.0
2.0	26.26340466263242	23.74065121108389	23.83988492134309	26.156059204940597	0.0
3.0	26.150439247560413	23.797781184684062	23.746677590397933	26.30510197735759	0.0
4.0	26.190514817218258	23.82111183214363	23.815704088254382	26.172669262383735	0.0
5.0	26.16222793024199	23.826686494524807	23.821278896850075	26.189806678383125	0.0
6.0	26.20967305841255	23.771670830494358	23.802764348982837	26.21589176211025	0.0
7.0	26.295639383976464	23.7589764665167	23.79196227721059	26.153421872296246	0.0
8.0	26.253376268381906	23.68916971510919	23.71269206539754	26.344761951111362	0.0
9.0	26.3318688746198	23.741263940520447	23.673943899966204	26.252923284893548	0.0
10.0	26.25255485503563	23.771236387624228	23.65822798498989	26.317980772350253	0.0
11.0	26.254176985216986	23.77285851780558	23.716354316488413	26.25661018048902	0.0
12.0	26.22470828692239	23.664986860745532	23.83179591439478	26.2785089379373	0.0
13.0	26.246336689340446	23.65390230450628	23.78069881368213	26.319062192471154	0.0
14.0	26.345016275372817	23.74852656508527	23.596857393128655	26.309599766413257	0.0
15.0	26.306625861080775	23.665527570805985	23.681478517589298	26.34636805052395	0.0
16.0	26.2111905354111	23.669042186198915	23.84828757123855	26.27147970715143	0.0
17.0	26.289252064830958	23.782797355934953	23.750084485718535	26.17786609351555	0.0
18.0	26.28276356164754	23.749273422820607	23.70547602633251	26.262486989199346	0.0
19.0	26.284385687443397	23.78036416724117	23.731430039066197	26.203820106249236	0.0
20.0	26.33250875272044	23.79171904781216	23.7081795693256	26.1675926301418	0.0
21.0	26.09838192951863	23.835516444300257	23.760898657690905	26.305202968490203	0.0
22.0	26.273571515471023	23.812536328858968	23.753599091609555	26.160293064060454	0.0
23.0	26.17597361342039	23.84092353028644	23.767927869472942	26.215174986820227	0.0
24.0	26.26140557200211	23.584627654541276	23.857685496843615	26.296281276613005	0.0
25.0	26.267894075185534	23.816050934749992	23.732241101964124	26.183813888100353	0.0
26.0	26.20787542073888	23.724130472984847	23.85606337104776	26.211930735228517	0.0
27.0	26.263027697797963	23.756572988901954	23.829298295416145	26.15110101788394	0.0
28.0	26.160022709761144	23.8017221568866	23.72980791327034	26.308447220081916	0.0
29.0	26.197061248766506	23.81523987185206	23.81523987185206	26.17245900752937	0.0
30.0	26.16137448125769	23.82740581532098	23.818484123443774	26.192735579977562	0.0
31.0	26.210038255133348	23.77279424686051	23.802803574083836	26.214363923922303	0.0
32.0	26.299525528204715	23.75927653189505	23.780904875839788	26.160293064060454	0.0
33.0	26.255728131716616	23.69385079146221	23.714397718209714	26.33602335861146	0.0
34.0	26.33162650113819	23.740017194486953	23.670806680977382	26.25754962339748	0.0
35.0	26.248087248503595	23.768945026305403	23.65999253824151	26.322975186949492	0.0
36.0	26.25349431987153	23.768945026305403	23.718118555446814	26.259442098376258	0.0
37.0	26.23321780224177	23.669184559567004	23.831667054173447	26.265930584017777	0.0
38.0	26.251872198461147	23.651341224052818	23.780299876178066	26.316486701307973	0.0
39.0	26.33541145109574	23.740828255192138	23.605921824562163	26.317838469149958	0.0
40.0	26.30891680139286	23.665399609609448	23.672969509524556	26.352714079473134	0.0
41.0	26.20753421324408	23.667292084588222	23.851673218234808	26.27350048393289	0.0
42.0	26.287487800328208	23.786453700724817	23.73914195416438	26.186916544782594	0.0
43.0	26.277214392503655	23.755363124413673	23.706699613665798	26.260722869416874	0.0
44.0	26.286136036140768	23.786453700724817	23.735357014439547	26.192053248694876	0.0
45.0	26.331555312838784	23.798619578411788	23.707240319340773	26.162584789408655	0.0
46.0	26.09580763854907	23.840524268222456	23.763203356700828	26.30046473652764	0.0
47.0	26.266940984679106	23.81916639406089	23.756444535763624	26.157448085496384	0.0
48.0	26.175832078445577	23.839442856872502	23.7753692343878	26.20935583029412	0.0
49.0	26.256397224017064	23.596936361645586	23.854041910096868	26.292624504240486	0.0
50.0	26.257478635367015	23.829980507560418	23.729138899177315	26.183401957895246	0.0
51.0	26.200163833819516	23.72832784066485	23.862152495221515	26.20935583029412	0.0
52.0	26.265589220491663	23.759688769813483	23.827817684860513	26.146904324834342	0.0
53.0	26.15609632130894	23.801863812461644	23.729138899177315	26.3129009670521	0.0
54.0	26.189079367482503	23.816462865686006	23.818355335548425	26.176102431283066	0.0
55.0	26.162044083733683	23.82619556783558	23.821329216760795	26.190431131669946	0.0
56.0	26.198812069632076	23.776180292900264	23.808892986236337	26.21611465123132	0.0
57.0	26.293435562752947	23.76644759075069	23.78293911383747	26.157177732658894	0.0
58.0	26.255856518342085	23.695885500166266	23.70913278920319	26.339125192288453	0.0
59.0	26.327158491218967	23.738266718574273	23.672030452461286	26.26254433774548	0.0
60.0	26.24443074660438	23.7807119993079	23.65905355134527	26.315803702742453	0.0
61.0	26.25416342244139	23.771520027684055	23.705554113677653	26.2687624361969	0.0
62.0	26.23118349338178	23.668245522969116	23.823697984254693	26.276872999394413	0.0
63.0	26.24821567609655	23.6520243965741	23.782874816160568	26.316885111168787	0.0
64.0	26.335539406523058	23.745836577558613	23.609038411627303	26.30958560429103	0.0
65.0	26.303908210052775	23.671219396141534	23.668245522969116	26.356626870836582	0.0
66.0	26.19008997318107	23.67987066355221	23.84370404014188	26.28633532312484	0.0
67.0	26.284912500777256	23.78767684359362	23.740906055600462	26.18650460002866	0.0
68.0	26.2700431751147	23.755775381263028	23.705760376761678	26.268421066860597	0.0
69.0	26.28734566315841	23.7911914114775	23.73414727120839	26.187315654155707	0.0
70.0	26.336549613532707	23.802546169256182	23.706571430888726	26.15433278632238	0.0
71.0	26.09512583504781	23.83769184809497	23.75956030052259	26.30762201633463	0.0
72.0	26.27031352649038	23.824444630686504	23.747664839992538	26.15757700283058	0.0
73.0	26.168931760609265	23.846072740741143	23.769022598671494	26.2159728999781	0.0
74.0	26.263825093473987	23.596808772361438	23.853101876508898	26.286264257655674	0.0
75.0	26.26193263384421	23.82687779306765	23.724684973059485	26.18650460002866	0.0
76.0	26.201914628442584	23.72982164919746	23.861212417779388	26.207051304580563	0.0
77.0	26.2667989586065	23.758749246395542	23.824714982062186	26.14973681293577	0.0
78.0	26.165146841349703	23.802816520631865	23.7260367299379	26.30599990808053	0.0
79.0	26.190559870663904	23.817145143543065	23.81227881878077	26.180016167012266	0.0
80.0	26.163524733095606	23.8260667389406	23.81876725179716	26.19164127616663	0.0
81.0	26.197048303680294	23.773348220682422	23.81254917015645	26.217054305480836	0.0
82.0	26.289778825539557	23.768211544544442	23.78605473533952	26.15595489457648	0.0
83.0	26.256255254954862	23.68683578046387	23.719277945545826	26.33763101903544	0.0
84.0	26.322960880261697	23.738949417394362	23.675957717159154	26.262131985184784	0.0
85.0	26.251858660682903	23.777879910243584	23.65811457460326	26.312146854470246	0.0
86.0	26.26023953067128	23.77003974154478	23.70245208034821	26.267268647435728	0.0
87.0	26.22914920652086	23.66541404201249	23.818162156316745	26.287274595149913	0.0
88.0	26.251317959393333	23.643245289140012	23.78707183216632	26.31836491930033	0.0
89.0	26.332693503474008	23.744356430290086	23.61431777014788	26.308632296088025	0.0
90.0	26.30890264673281	23.67406526264565	23.661358782340695	26.355673308280842	0.0
91.0	26.195085025277788	23.67487631458001	23.838979155965287	26.291059504176918	0.0
92.0	26.29261052580355	23.779978426076873	23.742399788045667	26.185011260073914	0.0
93.0	26.26692728398366	23.763216731415472	23.706713599411717	26.26314238518915	0.0
94.0	26.2904477264924	23.79187382228819	23.7326671911455	26.185011260073914	0.0
95.0	26.33911071099324	23.793766271685442	23.712390947603485	26.154732069717834	0.0
96.0	26.09119983995285	23.839455407133453	23.764568480984938	26.30477627192876	0.0
97.0	26.27098253269206	23.827560010922134	23.751321335204153	26.150136121181646	0.0
98.0	26.173656563690383	23.85081010351698	23.763216731415472	26.21231660137716	0.0
99.0	26.268279033553128	23.59100383626528	23.851891503172556	26.28882562700904	0.0
100.0	26.26611623424198	23.829182110405497	23.72050144502029	26.184200210332232	0.0
101.0	26.204206103960352	23.731856141403817	23.856487451708748	26.207450302927075	0.0
102.0	26.269901133036488	23.76105393210432	23.821341962902583	26.147702971956605	0.0
103.0	26.16419431670411	23.801336069274463	23.725097393556478	26.30937222046495	0.0
104.0	26.18879615886842	23.80512096806897	23.821341962902583	26.18474091016002	0.0
105.0	26.16770886558473	23.818368113849754	23.816205314538607	26.197717706026914	0.0
106.0	26.195825256629657	23.775112127626787	23.807554117294014	26.22150849844954	0.0
107.0	26.2945029752008	23.762946381501575	23.78592612418253	26.15662451911509	0.0
108.0	26.267197633897553	23.686707705783597	23.719960745192502	26.32613391512635	0.0
109.0	26.324710996723365	23.737198966184724	23.679884939387712	26.258205097704195	0.0
110.0	26.25685335178917	23.772885058341352	23.65798665556433	26.312274934305147	0.0
111.0	26.276318492965515	23.75963794837412	23.698268683832037	26.26577487482833	0.0
112.0	26.240362051625883	23.65879770311334	23.82019616536719	26.28064407989359	0.0
113.0	26.264963827279313	23.638521514387982	23.780184486282483	26.31633017205022	0.0
114.0	26.34228369361868	23.74612048922388	23.610134850172482	26.30146096698496	0.0
115.0	26.31362668022017	23.678262844289684	23.658257004747334	26.34985347074281	0.0
116.0	26.19737653152812	23.67637040000865	23.836957814713482	26.289295253749746	0.0
117.0	26.30072102322035	23.79187382228819	23.736722439853903	26.170682714637554	0.0
118.0	26.26611623424198	23.758080083051496	23.709687448464546	26.26611623424198	0.0
119.0	26.28450002838674	23.790251722804825	23.73428929062886	26.19095895817957	0.0
120.0	26.34046246056271	23.795388371168805	23.701847300961635	26.16230186730685	0.0
121.0	26.089577740469487	23.839725757047347	23.759702182534856	26.31099431994831	0.0
122.0	26.2653051845003	23.830263510061073	23.749158535893006	26.155272769545622	0.0
123.0	26.17257516403481	23.854324652397597	23.763216731415472	26.209883452152123	0.0
124.0	26.25989818622243	23.59559978480147	23.847295554636368	26.297206474339742	0.0
125.0	26.262060985533576	23.826748961180456	23.719960745192502	26.191229308093465	0.0
126.0	26.20015085525195	23.73104509166214	23.861083400244937	26.207720652840973	0.0
127.0	26.26233133544747	23.76781267995166	23.822693712472052	26.147162272128817	0.0
128.0	26.160139067995708	23.80106571936057	23.73428929062886	26.304505922014865	0.0
129.0	26.18690370947117	23.806202367724545	23.820530913160905	26.186363009643383	0.0
130.0	26.158787318426242	23.813231465485778	23.827560010922134	26.200421205165846	0.0
131.0	26.18136792389068	23.76604873353898	23.8133602242835	26.239223118286837	0.0
132.0	26.282749689771794	23.769292950047177	23.786865789466567	26.161091570714458	0.0
133.0	26.266400279004127	23.68155679977939	23.720217255540206	26.331825665676273	0.0
134.0	26.320812358402318	23.730554819593063	23.684054005828823	26.264578816175792	0.0
135.0	26.251331491324354	23.770296794147384	23.655666881147162	26.322704833381096	0.0
136.0	26.266200937586177	23.759753004979913	23.69946415922744	26.274581898206474	0.0
137.0	26.239165580746498	23.65864077039953	23.811660890112087	26.29053275874188	0.0
138.0	26.261334573355033	23.62944258501268	23.77651492622051	26.332707915411774	0.0
139.0	26.337104775808694	23.741703502439947	23.61544804466253	26.305743677088827	0.0
140.0	26.303381600718062	23.676612127045235	23.66309437553395	26.35691189670275	0.0
141.0	26.1901028430535	23.674178931773206	23.84315082566426	26.292567399509036	0.0
142.0	26.29263848297975	23.784818442588602	23.745346501461274	26.177196572970374	0.0
143.0	26.254247964897008	23.756971799190556	23.713174165884887	26.275606070027553	0.0
144.0	26.28162495065994	23.782449537960755	23.733515012896007	26.202410498483303	0.0
145.0	26.33082983221676	23.80245591837397	23.708371859133454	26.15834239027582	0.0
146.0	26.087508989353363	23.847605452549733	23.75622495822992	26.308660599866982	0.0
147.0	26.272973542913686	23.82084015983476	23.74865497645195	26.157531320799603	0.0
148.0	26.16821671893587	23.849086190115713	23.773926678922894	26.208770412025522	0.0
149.0	26.259327349410622	23.59792365091381	23.846112252622472	26.2966367470531	0.0
150.0	26.261490213042066	23.82664647993944	23.720125446090623	26.191737860927866	0.0
151.0	26.186060343895317	23.736346923326483	23.863685519627985	26.21390721315021	0.0
152.0	26.259868065318482	23.76230128690386	23.82069860495296	26.1571320428247	0.0
153.0	26.15199524170001	23.800962474315995	23.738239429004	26.308802854979994	0.0
154.0	26.182004974586352	23.81258786633503	23.825565048123714	26.179842110954905	0.0
155.0	26.16335027576511	23.817183951551854	23.82150967881475	26.197956093868278	0.0
156.0	26.185049705444214	23.764528399828052	23.808056148091673	26.24236574663606	0.0
157.0	26.284541701475344	23.771557725634597	23.788590322781232	26.15531025010882	0.0
158.0	26.26819185837454	23.6803045336693	23.724373237589795	26.327130370366365	0.0
159.0	26.322605413706214	23.732277844466797	23.683342525603173	26.261774216223817	0.0
160.0	26.256096637792126	23.766613675934636	23.664687625041907	26.31260206123133	0.0
161.0	26.266911072900108	23.768235841200834	23.696590208610456	26.268262877288606	0.0
162.0	26.240145346007854	23.65684715958862	23.81338610777666	26.28962138662687	0.0
163.0	26.262585298856916	23.63278504147336	23.783646411229707	26.320983248440015	0.0
164.0	26.333761405880363	23.74721189591078	23.620682663061846	26.298344035147007	0.0
165.0	26.299766947663255	23.681307688564214	23.67400790539481	26.34491745837772	0.0
166.0	26.195677446914356	23.670493194979912	23.84541762870599	26.28841172939974	0.0
167.0	26.29334933882711	23.7946538406426	23.743825583375916	26.168171237154375	0.0
168.0	26.25901322886504	23.76572499209188	23.70516366428477	26.270098114758312	0.0
169.0	26.28368732967081	23.79066271575031	23.732804862222608	26.192845092356276	0.0
170.0	26.34289700220617	23.79796253839166	23.70901284768785	26.150127611714325	0.0
171.0	26.089566120171305	23.847168750270363	23.75578578535277	26.307479344205564	0.0
172.0	26.27611714322793	23.8241878271402	23.74524159709305	26.154453432538826	0.0
173.0	26.172979695568717	23.84297185497607	23.76997323383892	26.2140752156163	0.0
174.0	26.26138913672371	23.592613621001973	23.855949387622676	26.290047854651633	0.0
175.0	26.258685484089007	23.83377943601806	23.724281504312327	26.18325357558061	0.0
176.0	26.185146132424908	23.732933192743396	23.865952902371106	26.215967772460598	0.0
177.0	26.264633519885365	23.759158623300078	23.823775921269636	26.15243193554492	0.0
178.0	26.14080622921567	23.806472544407494	23.741044150647525	26.31167707572931	0.0
179.0	26.174331521886067	23.8129613107308	23.83323870549112	26.179468461892014	0.0
180.0	26.165139102928052	23.815664963365506	23.82539811285046	26.193797820855973	0.0
181.0	26.18413546417786	23.75949322598001	23.80842947097486	26.247941838867273	0.0
182.0	26.285522712095364	23.76030432396335	23.79193714531361	26.16223581862768	0.0
183.0	26.26727986005781	23.67824109747558	23.72636650471656	26.328112537750055	0.0
184.0	26.31818009765699	23.729404703324988	23.684523584216986	26.267891614801037	0.0
185.0	26.255725046368145	23.770230299622025	23.66694965203614	26.30709500197369	0.0
186.0	26.27411008311118	23.765904408623665	23.69966420271125	26.2603213055539	0.0
187.0	26.24058442787388	23.659920079163804	23.80916331860728	26.290332174355036	0.0
188.0	26.262754619240482	23.630449946737468	23.781585763492725	26.325209670529325	0.0
189.0	26.336095602449543	23.742176199424115	23.620239817230612	26.301488380895734	0.0
190.0	26.299126165293192	23.672755391170806	23.67978500205481	26.34833344148119	0.0
191.0	26.19449311098133	23.673566500118962	23.849306772218977	26.282633616680727	0.0
192.0	26.301360233383715	23.78745643657246	23.74311569418947	26.16806763585436	0.0
193.0	26.251341713012653	23.770693472988647	23.70661569283762	26.27134912116108	0.0
194.0	26.283316480200725	23.786980008760025	23.739665064267214	26.19003844677204	0.0
195.0	26.33441662025296	23.7961726265472	23.717765004244825	26.151645748955016	0.0
196.0	26.086215939999242	23.861332064391583	23.750479908722713	26.30197208688646	0.0
197.0	26.280612769086847	23.816991202124036	23.748046568720223	26.154349460068893	0.0
198.0	26.172065105715674	23.84659060184935	23.76142324122641	26.219921051208566	0.0
199.0	26.259665819499272	23.59703671659547	23.845779484129128	26.29751797977613	0.0
200.0	26.25074352457687	23.84361650354188	23.72546368896339	26.18017628291786	0.0
201.0	26.186394852106204	23.73330449359217	23.870113015735683	26.210187638565944	0.0
202.0	26.260747309792894	23.768182555561566	23.819553344508734	26.15151679013681	0.0
203.0	26.138538906613313	23.812523657600174	23.746823122262477	26.30211431352404	0.0
204.0	26.174768831449736	23.819012599361923	23.826312658843886	26.179905910344452	0.0
205.0	26.155302006164494	23.816849618774672	23.83334234575245	26.194506029308386	0.0
206.0	26.181598933647688	23.765002338729083	23.813128786916096	26.240269940707133	0.0
207.0	26.28542228254551	23.761487485771603	23.786902576387217	26.166187655295666	0.0
208.0	26.26528631335895	23.68104429549799	23.7175448889706	26.33612450217246	0.0
209.0	26.316187921785776	23.727883284305243	23.68083794774182	26.27509084616716	0.0
210.0	26.257516438830248	23.767358106938914	23.66137091192248	26.31375454230836	0.0
211.0	26.28076873161447	23.76222097248659	23.698412355078734	26.25859794082021	0.0
212.0	26.23750865201592	23.66542654438484	23.80548105208514	26.291583751514104	0.0
213.0	26.26211282228759	23.633792611178407	23.773306367883716	26.330788198650286	0.0
214.0	26.342215192440282	23.744170012572493	23.617633937624205	26.29598085736302	0.0
215.0	26.300107610029904	23.671232432257053	23.676099217529078	26.352560740183968	0.0
216.0	26.193849464923996	23.67069167833794	23.845895948130885	26.289562908607177	0.0
217.0	26.299908341962887	23.79810357087816	23.732401792063335	26.16958629509562	0.0
218.0	26.254214512252165	23.765387870316044	23.702930623788372	26.277466993643422	0.0
219.0	26.285649394893092	23.790056563165805	23.728139904610494	26.19615413733061	0.0
220.0	26.335939781317936	23.792219590538917	23.72111006564788	26.150730562495266	0.0
221.0	26.090165796048147	23.853595492250953	23.745984880438662	26.310253831262237	0.0
222.0	26.289975449639314	23.80925343110217	23.739766176740968	26.161004942517547	0.0
223.0	26.18034338245235	23.839123969176693	23.76125456266054	26.219278085710425	0.0
224.0	26.2552386102474	23.596322833581183	23.843179667432743	26.305258888738674	0.0
225.0	26.25740164931729	23.83831282952548	23.716912261727728	26.187373259429496	0.0
226.0	26.18872515884818	23.733405434635664	23.860213600108153	26.217655806408004	0.0
227.0	26.259564688387183	23.764769501149114	23.817223198594025	26.158442611869674	0.0
228.0	26.143301338380425	23.81424901987292	23.74016493172908	26.302284710017577	0.0
229.0	26.174665404893876	23.822090036501283	23.813978639989188	26.189265918615657	0.0
230.0	26.160605650939573	23.812897120454238	23.826416114641074	26.200081113965123	0.0
231.0	26.19014787115823	23.76348185340504	23.810257699763955	26.236112575672777	0.0
232.0	26.277480809735863	23.763211472790246	23.788627250580642	26.17068046689325	0.0
233.0	26.267889154163747	23.68114382433817	23.714130437721543	26.336836583776535	0.0
234.0	26.312573341336666	23.729876759516124	23.685533979007477	26.272015920139737	0.0
235.0	26.255522568852985	23.768000735441237	23.666336799640934	26.31013989606485	0.0
236.0	26.28202008403498	23.762322696473667	23.694997377286764	26.260659842204593	0.0
237.0	26.241733045646026	23.669581393336685	23.80206896924666	26.286616591770628	0.0
238.0	26.271475154523777	23.628212823715817	23.775841836872644	26.324470184887765	0.0
239.0	26.33238248455434	23.74940853600833	23.61665021833471	26.301558761102623	0.0
240.0	26.296705881716736	23.674768346397506	23.671794095300413	26.356731676585344	0.0
241.0	26.192349602662794	23.67529479203	23.84969594713347	26.282659658173735	0.0
242.0	26.30430491600263	23.793171512547556	23.736929911608755	26.165593659841065	0.0
243.0	26.249699185299153	23.775582769333937	23.69067866500464	26.284039380362273	0.0
244.0	26.272240549456495	23.798334324806664	23.729381861446107	26.200043264290734	0.0
245.0	26.334732242328535	23.795063437638582	23.720971736990688	26.149232583042192	0.0
246.0	26.086439215919572	23.85582827892236	23.74847556441298	26.309256940745087	0.0
247.0	26.29327362506017	23.81381186485595	23.737283598072462	26.155630912011425	0.0
248.0	26.184134023824658	23.848452479143287	23.75840015143935	26.20901334559271	0.0
249.0	26.259583271360388	23.599118406641697	23.84412564057493	26.297172681422985	0.0
