# Position (bp)	A	C	G	T	N
0.0	26.262623462522562	23.80709491956744	23.712011798068954	26.21826981984105	0.0
1.0	26.092139148465503	23.744999819813327	23.826499638240602	26.336361393480566	0.0
2.0	26.211027585595176	23.777607770090473	23.710251463544438	26.301113180769914	0.0
3.0	26.072856988433685	23.838587096613256	23.822511218468414	26.26604469648465	0.0
4.0	25.93788454929437	23.829307229249583	23.834573129496803	26.39823509195925	0.0
5.0	26.25263274581532	23.66395078150981	23.88427003658131	26.199146436093564	0.0
6.0	26.31376222039948	23.784610609856127	23.720598993548958	26.181028176195436	0.0
7.0	26.1728285596327	23.78851818088617	23.77466396601838	26.263989293462753	0.0
8.0	26.199098407667137	23.850081874780074	23.77582657508513	26.174993142467656	0.0
9.0	26.371434270895673	23.69616774164949	23.701708890218764	26.230689097236077	0.0
10.0	26.223549554241764	23.71079183727747	23.893638595072	26.172020013408765	0.0
11.0	26.354516717965197	23.69493488180098	23.66390642704573	26.28664197318809	0.0
12.0	26.236220734210814	23.729841893400636	23.692718563604174	26.34121880878438	0.0
13.0	26.142858330170466	23.790513604038132	23.761424427705087	26.305203638086322	0.0
14.0	26.270850706035866	23.849246036253426	23.78358760967312	26.09631564803759	0.0
15.0	26.190232131627138	23.843151161212216	23.78386464944772	26.18275205771293	0.0
16.0	26.15393992115448	23.78857432561593	23.781648331250917	26.275837421978675	0.0
17.0	26.300144060283685	23.66051640070922	23.838929521276594	26.200410017730498	0.0
18.0	26.24722960992908	23.770777925531917	23.91982491134752	26.06216755319149	0.0
19.0	26.452515514184398	23.782136524822693	23.587932180851066	26.177415780141843	0.0
20.0	26.22977615248227	23.750554078014186	23.75387854609929	26.265791223404257	0.0
21.0	26.28269060283688	23.799589982269502	23.658854166666668	26.258865248226947	0.0
22.0	26.19930186170213	23.751662234042552	23.83283466312057	26.21620124113475	0.0
23.0	26.3885195035461	23.645833333333332	23.62893395390071	26.33671320921986	0.0
24.0	26.204011524822697	23.78518395390071	23.79681959219858	26.213984929078016	0.0
25.0	26.271054964539008	23.800975177304963	23.70068705673759	26.22728280141844	0.0
26.0	26.101507092198585	23.747783687943265	23.841145833333332	26.30956338652482	0.0
27.0	26.207335992907797	23.795988475177303	23.72091090425532	26.275764627659576	0.0
28.0	26.08211436170213	23.83837544326241	23.81704343971631	26.262466755319146	0.0
29.0	25.923093971631207	23.845024379432626	23.82175310283688	26.410128546099294	0.0
30.0	26.250554078014183	23.66328679078014	23.88768838652482	26.19847074468085	0.0
31.0	26.31648936170213	23.7749335106383	23.718140514184398	26.19043661347518	0.0
32.0	26.1860039893617	23.79294104609929	23.75027703900709	26.270777925531913	0.0
33.0	26.21343085106383	23.84834884751773	23.764406028368796	26.173814273049643	0.0
34.0	26.366633421985814	23.692929964539008	23.704011524822697	26.23642508865248	0.0
35.0	26.21592420212766	23.69570035460993	23.90735815602837	26.18101728723404	0.0
36.0	26.349384005474274	23.705331046844396	23.656295278437284	26.288989669244046	0.0
37.0	26.236352403722286	23.7310956031261	23.690925058385808	26.341626934765806	0.0
38.0	26.128307490282882	23.804510736616972	23.766833536032976	26.300348237067162	0.0
39.0	26.26017769232687	23.857148002138732	23.77902321857486	26.103651086959534	0.0
40.0	26.202553738492522	23.85022204614903	23.780408409772804	26.166815805585646	0.0
41.0	26.157119467200058	23.782624715689508	23.792044015835508	26.268211801274933	0.0
42.0	26.292795363500865	23.670912727655544	23.842952997822486	26.1933389110211	0.0
43.0	26.228245632504255	23.77120029255157	23.92772646428156	26.072827610662618	0.0
44.0	26.46345044630737	23.776186967049163	23.59278816052659	26.167574426116875	0.0
45.0	26.226860445143814	23.74765210742405	23.749037294784493	26.276450152647644	0.0
46.0	26.275064965287203	23.79308625284656	23.675622364681047	26.25622641718519	0.0
47.0	26.20746782209762	23.74959136972867	23.83187149893895	26.21106930923477	0.0
48.0	26.398900715310752	23.652628254497703	23.62797191948183	26.320499110709715	0.0
49.0	26.193615948493193	23.797518852399975	23.79502551515118	26.213839683955655	0.0
50.0	26.270909403205877	23.8041677517301	23.708589823859576	26.216333021204445	0.0
51.0	26.091943196236723	23.752638781921643	23.841290772989954	26.314127248851683	0.0
52.0	26.207744859569704	23.800012189648772	23.725489109656973	26.26675384112455	0.0
53.0	26.09028097140419	23.82383741224838	23.80555293909054	26.280328677256886	0.0
54.0	25.919071813653517	23.831594461466857	23.8329796488273	26.41635407605233	0.0
55.0	26.242374543580766	23.670912727655544	23.877305644361456	26.209407084402237	0.0
56.0	26.30914057435409	23.78394401626764	23.721056510103555	26.185858899274717	0.0
57.0	26.178378887528325	23.79834996481624	23.765105468165622	26.25816567948981	0.0
58.0	26.217164133620713	23.853757459233936	23.759564718723855	26.169513688421496	0.0
59.0	26.370919930629817	23.692521650478444	23.68808905092503	26.24846936796671	0.0
60.0	26.216610058676537	23.701386849585273	23.906948653874924	26.175054437863267	0.0
61.0	26.364197992592036	23.698827857702867	23.670293077129788	26.266681072575302	0.0
62.0	26.223740383363392	23.726808564866758	23.69550341724775	26.353947634522097	0.0
63.0	26.14644714278195	23.80188551181146	23.751464831575536	26.300202513831056	0.0
64.0	26.2511670171181	23.85840099954843	23.77972257544402	26.11070940788945	0.0
65.0	26.210165584838336	23.857846926139246	23.769195180669485	26.162792308352934	0.0
66.0	26.158359721079442	23.783601089308323	23.7963447777196	26.261694411892634	0.0
67.0	26.29154153876841	23.675768220653584	23.83921942354362	26.193470817034388	0.0
68.0	26.23197881229153	23.77550115801022	23.924823528108067	26.067696501590188	0.0
69.0	26.464134927582805	23.77577819394732	23.57935971454217	26.180727163927703	0.0
70.0	26.217295907625136	23.745027204929023	23.76303454084064	26.274642346605205	0.0
71.0	26.293757826265225	23.788244811116897	23.66856528628894	26.249432076328944	0.0
72.0	26.22089737480746	23.735607983067563	23.82481355481433	26.218681087310646	0.0
73.0	26.397923338615488	23.645848339446594	23.63864540508195	26.317582916855976	0.0
74.0	26.185436774858434	23.797109961104155	23.795724781418645	26.221728482618765	0.0
75.0	26.257743154441993	23.806529182965612	23.712059928413915	26.22366773417848	0.0
76.0	26.10814374840704	23.74475016899192	23.83284759699028	26.314258485610754	0.0
77.0	26.202890038895845	23.79655588922995	23.73671612681597	26.26383794505823	0.0
78.0	26.090413448432532	23.822597267317516	23.805698075154307	26.28129120909564	0.0
79.0	25.922252634611766	23.825644662625635	23.846422357908267	26.405680344854332	0.0
80.0	26.253864651322566	23.671335645659955	23.883545173479902	26.191254529537574	0.0
81.0	26.29791336532175	23.79849514078966	23.724526545583494	26.179064948305093	0.0
82.0	26.188484170166554	23.800711428286476	23.753061247104977	26.257743154441993	0.0
83.0	26.223390698241378	23.853625292272916	23.754446426790484	26.16853758269523	0.0
84.0	26.381024146452276	23.675768220653584	23.683802262829534	26.259405370064602	0.0
85.0	26.210370009197593	23.701255526866944	23.905708048448044	26.182666415487414	0.0
86.0	26.359065283337717	23.71199423766847	23.655479063067055	26.273461415926754	0.0
87.0	26.23938609006413	23.710332026650782	23.69232474062582	26.35795714265926	0.0
88.0	26.16458659426814	23.782915241089857	23.73720443810342	26.315293726538584	0.0
89.0	26.26515036083831	23.854667350020083	23.762414638538363	26.117767650603245	0.0
90.0	26.21722327649495	23.85272810383278	23.768232377100272	26.161816242571994	0.0
91.0	26.161539207402377	23.774881221171025	23.80286177330212	26.26071779812447	0.0
92.0	26.278375248638376	23.688657657507907	23.835762925040033	26.19720416881368	0.0
93.0	26.239867466742016	23.78561969825413	23.916379936060462	26.05813289894339	0.0
94.0	26.46703567649031	23.78728190466692	23.57839796545935	26.16728445338342	0.0
95.0	26.21853581777785	23.732429093044775	23.758193292443057	26.29084179673432	0.0
96.0	26.286686280702337	23.77924790700509	23.665386767728815	26.268679044563754	0.0
97.0	26.232387537884456	23.72356399217655	23.81830975770571	26.225738712233287	0.0
98.0	26.37589135818886	23.650703944415817	23.64571732517744	26.327687372217884	0.0
99.0	26.199974512835006	23.787835973471186	23.790606317492507	26.221583196201305	0.0
100.0	26.252611049240095	23.80833651922896	23.712759650493396	26.226292781037547	0.0
101.0	26.12185081143376	23.740463090706605	23.817201620097183	26.320484477762445	0.0
102.0	26.21936692098425	23.770105771734734	23.73547647146823	26.27505083581279	0.0
103.0	26.097748818448274	23.811937966456675	23.794207764720223	26.296105450374828	0.0
104.0	25.935129624396758	23.822742308139823	23.84379692270186	26.398331144761556	0.0
105.0	26.268402010161623	23.67258966218425	23.88258173900035	26.17642658865378	0.0
106.0	26.28862552151726	23.79670107433941	23.73547647146823	26.179196932675097	0.0
107.0	26.190278308760384	23.796147005535147	23.764011014887828	26.249563670816645	0.0
108.0	26.217704714571454	23.848229473135973	23.75292963880255	26.18113617349002	0.0
109.0	26.378938736612312	23.683671038269534	23.675637040607704	26.26175318451045	0.0
110.0	26.211332923322416	23.705556756037964	23.902528215953858	26.18058210468576	0.0
111.0	26.36861541359736	23.706045150941776	23.65590206306948	26.26943737239138	0.0
112.0	26.24145697529137	23.70632218457643	23.679726955649684	26.372493884482516	0.0
113.0	26.17552297024382	23.77281025689329	23.7464920616012	26.305174711261692	0.0
114.0	26.274978045084453	23.85647441455867	23.7542490033715	26.114298536985377	0.0
115.0	26.227051226289383	23.848440439153716	23.770871021450716	26.15363731310618	0.0
116.0	26.150589943124995	23.768654752373486	23.811040898475483	26.269714406026033	0.0
117.0	26.283084833474625	23.695860551963342	23.836316993844296	26.18473762071774	0.0
118.0	26.239590432339888	23.786727835862656	23.917488073668988	26.056193658128468	0.0
119.0	26.46481940127325	23.788390042275452	23.58504679111052	26.161743765340777	0.0
120.0	26.19720416881368	23.737692746685283	23.75209853559615	26.313004548904885	0.0
121.0	26.282253730268224	23.775369425375242	23.66898821495653	26.273388629399996	0.0
122.0	26.217704714571454	23.71830033853604	23.821357136129166	26.24263781076334	0.0
123.0	26.36508701650571	23.65125801322008	23.639622568330534	26.34403240194367	0.0
124.0	26.2224142994077	23.772322046951793	23.786173767058393	26.219089886582115	0.0
125.0	26.250117739620904	23.800856590371392	23.716361097721116	26.232664572286584	0.0
126.0	26.14041211637661	23.75099039798762	23.811383897652412	26.297213587983354	0.0
127.0	26.24014450114415	23.765119152496357	23.72494916418721	26.269787182172283	0.0
128.0	26.10827612572929	23.798640315154334	23.7922685239053	26.300815035211073	0.0
129.0	25.927095626734932	23.834654787431504	23.845182094712523	26.393067491121048	0.0
130.0	26.28142262706183	23.667603042945874	23.86956112210014	26.181413207892156	0.0
131.0	26.296936553581222	23.781464182222148	23.73686164347889	26.18473762071774	0.0
132.0	26.199770060809218	23.810064687712103	23.7668472012522	26.223318050226474	0.0
133.0	26.213898854459572	23.865194686465447	23.74385328217417	26.177053176900806	0.0
134.0	26.3792888507196	23.673209313922403	23.688446248251218	26.259055587106783	0.0
135.0	26.23225584822863	23.7098436409171	23.891302179718753	26.166598331135514	0.0
136.0	26.366968359637973	23.713510803046294	23.66419826962874	26.255322567686996	0.0
137.0	26.249781833595133	23.697719710884495	23.6816515820181	26.37084687350227	0.0
138.0	26.16999526267235	23.771965547715418	23.75091075816635	26.307128431445882	0.0
139.0	26.278593650872807	23.8633876602311	23.74564706077908	26.11237162811701	0.0
140.0	26.23288259461496	23.8318054759075	23.769195180669485	26.16611674880805	0.0
141.0	26.160298978011596	23.756728528962803	23.800500328288496	26.282472164737108	0.0
142.0	26.304707974800674	23.684210526315788	23.815803325557816	26.195278173325725	0.0
143.0	26.22492118283919	23.786991428460613	23.928280539225735	26.05980684947446	0.0
144.0	26.4554163596168	23.79086995306985	23.599714097328807	26.15399958998454	0.0
145.0	26.192230761132752	23.73850987084513	23.752361744449555	26.316897623572565	0.0
146.0	26.27908909574468	23.77382535460993	23.683787677304966	26.263297872340424	0.0
147.0	26.22007978723404	23.736979166666668	23.83089539007092	26.212045656028373	0.0
148.0	26.38000437722844	23.66446050659493	23.62622901770007	26.329306098476557	0.0
149.0	26.205192279455563	23.780540172152516	23.803257433669753	26.21101011472217	0.0
150.0	26.271127745810468	23.80852118938716	23.737599007089447	26.18275205771293	0.0
151.0	26.131572094260274	23.74680710775215	23.817175405448836	26.304445392538746	0.0
152.0	26.223549554241764	23.775342283589783	23.729353553599033	26.27175460856942	0.0
153.0	26.09057009402756	23.808033067559105	23.799444810753606	26.301952027659723	0.0
154.0	25.923791687675575	23.84571058128647	23.835183040686175	26.395314690351785	0.0
155.0	26.282559189711822	23.65178220180741	23.869259027366066	26.196399581114697	0.0
156.0	26.27978878429069	23.79999889183783	23.74043517528355	26.179777148587924	0.0
157.0	26.205337477871325	23.801450034214604	23.767373953130154	26.225838534783925	0.0
158.0	26.21170942799281	23.854087883044244	23.74327135919237	26.190931329770585	0.0
159.0	26.39261740318099	23.68232227107384	23.689802386433843	26.235257939311328	0.0
160.0	26.235330622014875	23.69596294285176	23.890446481011534	26.17825995412183	0.0
161.0	26.361180756604007	23.70627917607458	23.669709520577356	26.262830546744055	0.0
162.0	26.242329376238033	23.705448047540553	23.67857489160699	26.373647684614426	0.0
163.0	26.160601737058638	23.779972572758375	23.756423930960924	26.30300175922206	0.0
164.0	26.266986189414194	23.863639511850508	23.751160116912082	26.11821418182322	0.0
165.0	26.233464005208408	23.84092199858708	23.75503871673754	26.170575279466966	0.0
166.0	26.150628194650306	23.768613816126663	23.793547672147497	26.287210317075537	0.0
167.0	26.311108894762214	23.689999279686607	23.813837774342435	26.185054051208738	0.0
168.0	26.23187442167146	23.800816724568783	23.906093297206844	26.061215556552913	0.0
169.0	26.482044803492965	23.788903849243948	23.59414218986353	26.134909157399555	0.0
170.0	26.194750577635933	23.73349512680286	23.76701740387972	26.30473689168149	0.0
171.0	26.2843813027771	23.78294066801126	23.68098805381325	26.25168997539839	0.0
172.0	26.224539550965225	23.739444579888737	23.84139719408675	26.19461867505929	0.0
173.0	26.375048136727703	23.67606683455649	23.637557452396585	26.311327576319222	0.0
174.0	26.187765098309747	23.784945879080542	23.79990635848079	26.22738266412893	0.0
175.0	26.278636158370528	23.807386598180916	23.729813742031467	26.18416350141709	0.0
176.0	26.11358913977005	23.751489125917715	23.829062196980193	26.305859537332037	0.0
177.0	26.216096412245466	23.777254467377755	23.75204321928245	26.254605901094337	0.0
178.0	26.080897631250867	23.805513228979084	23.816041002908992	26.29754813686106	0.0
179.0	25.93129242277324	23.837096550768806	23.850671838204736	26.380939188253222	0.0
180.0	26.293392436625574	23.661448954148774	23.85122593156947	26.193932677656186	0.0
181.0	26.27150574871866	23.796924781825737	23.750657985870617	26.180911483584985	0.0
182.0	26.206472382524954	23.804748039196674	23.77177939265658	26.217000185621792	0.0
183.0	26.22891322596821	23.849906773533103	23.741581220615654	26.17959877988303	0.0
184.0	26.383228655571838	23.68173897143364	23.709997811325145	26.225034561669375	0.0
185.0	26.21818101222337	23.716158560235822	23.895962853375003	26.169697574165806	0.0
186.0	26.36010272976365	23.715947216627374	23.67023413409725	26.253715919511727	0.0
187.0	26.23266019664937	23.70375706128601	23.694614444779983	26.368968297284646	0.0
188.0	26.153978284900553	23.792966834466	23.737834086444824	26.31522079418862	0.0
189.0	26.26008804616744	23.84782253350215	23.772188160588673	26.119901259741734	0.0
190.0	26.223794629128378	23.841450406846434	23.772188160588673	26.162566803436516	0.0
191.0	26.158411068661053	23.78354716897495	23.793520932436063	26.26452082992794	0.0
192.0	26.28287887938916	23.71102602605376	23.816304932039696	26.189790162517383	0.0
193.0	26.218880386539816	23.801344245399587	23.904406753364768	26.075368614695826	0.0
194.0	26.4748743579372	23.79469505133732	23.60076022452112	26.129670366204362	0.0
195.0	26.212508242230136	23.727649011209433	23.750090041169596	26.30975270539083	0.0
196.0	26.281916308347004	23.777649718515892	23.686499844851276	26.253934128285827	0.0
197.0	26.242297974200984	23.732767409902923	23.831674719624097	26.193259896271996	0.0
198.0	26.383667227235325	23.66079962764204	23.65331922214865	26.302213922973987	0.0
199.0	26.185575007688193	23.787412416919015	23.825091496441267	26.201921078951525	0.0
200.0	26.25982495851146	23.808191321067316	23.73615778668654	26.19582593373469	0.0
201.0	26.121648353475074	23.7531237705781	23.83346908921655	26.29175878673028	0.0
202.0	26.22942190157975	23.78110610569011	23.74425808024558	26.245213912484555	0.0
203.0	26.098098863529323	23.80825728233345	23.79911453917804	26.294529314959192	0.0
204.0	25.931867169794593	23.84067246261172	23.84233477954907	26.385125588044616	0.0
205.0	26.275135617356803	23.67083908217941	23.859512054568324	26.19451324589546	0.0
206.0	26.267655191138743	23.786924214970824	23.758941879858813	26.18647871403162	0.0
207.0	26.20151215849682	23.795578778803183	23.771198062841297	26.231710999858706	0.0
208.0	26.215364838020616	23.845448425088865	23.762332347946064	26.176854388944452	0.0
209.0	26.39822020773478	23.680324485165166	23.699718236498484	26.221737070601563	0.0
210.0	26.221255610350752	23.696182190945862	23.88679558929462	26.195766609408764	0.0
211.0	26.346003064229688	23.72561568575299	23.666602943987765	26.261778306029548	0.0
212.0	26.234626903715032	23.70262011032335	23.67408343238054	26.388669553581074	0.0
213.0	26.168964838934	23.76800511997872	23.754429418821463	26.30860062226581	0.0
214.0	26.28366566095656	23.84751994104267	23.762741072591215	26.106073325409557	0.0
215.0	26.226038194819623	23.857770980692028	23.777424994251106	26.138765830237244	0.0
216.0	26.158990854410302	23.776316773748473	23.792940081287973	26.271752290553252	0.0
217.0	26.292050158198915	23.68578537034061	23.81932631088996	26.20283816057051	0.0
218.0	26.22888141453657	23.79910123068228	23.909646532091383	26.06237082268977	0.0
219.0	26.459946029511993	23.806581739800187	23.599620987538025	26.133851243149792	0.0
220.0	26.193418260199813	23.726789642542485	23.768902138317387	26.310889958940315	0.0
221.0	26.283607066072655	23.790367267327174	23.687578961367112	26.23844670523306	0.0
222.0	26.253684863798572	23.740773987632156	23.81890418245894	26.18663696611033	0.0
223.0	26.369844985939295	23.664648759471927	23.637774114452743	26.327732140136035	0.0
224.0	26.189203042098992	23.80400903209719	23.80539432307756	26.201393602726252	0.0
225.0	26.26206934766648	23.80373197390112	23.73058861013756	26.203610068294847	0.0
226.0	26.136634398532692	23.75919143112037	23.824854405514582	26.279319764832355	0.0
227.0	26.220860323494044	23.77387555619587	23.75946849008406	26.245795630226027	0.0
228.0	26.09091966952407	23.796871450182028	23.811832634221215	26.300376246072688	0.0
229.0	25.92385311441981	23.838153235771635	23.852283242919757	26.385710406888798	0.0
230.0	26.2904021233799	23.66720785517574	23.86004089390304	26.182349127541322	0.0
231.0	26.2635274039021	23.78163320717915	23.750325544282333	26.204513844636416	0.0
232.0	26.194058177002375	23.787240291134363	23.774218483762915	26.244483048100342	0.0
233.0	26.2281365239532	23.85207226826031	23.75066840660178	26.169122801184706	0.0
234.0	26.40462357279606	23.671429323447843	23.69470234087767	26.22924476287843	0.0
235.0	26.212693803819004	23.700586260015736	23.88898739928851	26.19773253687675	0.0
236.0	26.354621797518085	23.707855518090714	23.664911021774245	26.272611662616956	0.0
237.0	26.235762514164758	23.714782049754664	23.672945798504426	26.376509637576156	0.0
238.0	26.161510094727248	23.772133731932144	23.74636703414226	26.319989139198352	0.0
239.0	26.264022763353662	23.840844926038496	23.78016850866232	26.114963801945525	0.0
240.0	26.223421646153934	23.84030544672692	23.789877921055986	26.14639498606316	0.0
241.0	26.142928790527943	23.78849132568379	23.79791240062844	26.270667483159826	0.0
242.0	26.287129947542127	23.696658824311854	23.821914809303305	26.19429641884271	0.0
243.0	26.230330508427606	23.805419606582458	23.90574163475022	26.05850825023972	0.0
244.0	26.455777241346816	23.802661153314247	23.608104849773156	26.13345675556578	0.0
245.0	26.19510234627271	23.73740593428219	23.74128636168355	26.326205357761545	0.0
246.0	26.30605858172031	23.764763929582188	23.680774806589405	26.2484026821081	0.0
247.0	26.26196825467226	23.72611200124187	23.820083937174633	26.191835806911236	0.0
248.0	26.392727736455296	23.66978733785586	23.62459905797684	26.312885867712005	0.0
249.0	26.190350777487918	23.80535217749291	23.797035316165484	26.207261728853688	0.0
