# Position (bp)	A	C	G	T	N
0.0	26.3388760826265	23.71203813530873	23.725745809368213	26.223339972696554	0.0
1.0	26.233131168453326	23.82141977933442	23.67147461003066	26.27397444218159	0.0
2.0	26.28968503738765	23.749898593172595	23.686117195520755	26.274299173919	0.0
3.0	26.15040757296871	23.833088099540674	23.687626230131865	26.32887809735875	0.0
4.0	26.361884302421533	23.79461875631117	23.580353621388472	26.26314331987882	0.0
5.0	26.364340716665218	23.660133643994552	23.729780681757788	26.245744957582435	0.0
6.0	26.282668039022646	23.67873444911841	23.743063635549984	26.29553387630896	0.0
7.0	26.189963445978638	23.77102135907124	23.607968608849596	26.43104658610052	0.0
8.0	26.30884195453732	23.74709146232325	23.600266243064254	26.343800340075173	0.0
9.0	26.264936924440768	23.822174743488997	23.772676299753627	26.14021203231661	0.0
10.0	26.31256624002729	23.698199949105287	23.75664497582501	26.23258883504241	0.0
11.0	26.238181660565825	23.72951977203643	23.60731653434974	26.424982033048007	0.0
12.0	26.325429738731152	23.658211246612844	23.749653943920737	26.266705070735263	0.0
13.0	26.08270111101479	23.842494847609487	23.77929591919486	26.295508122180866	0.0
14.0	26.21497143464364	23.764474931557796	23.79467618938426	26.2258774444143	0.0
15.0	26.343047139129922	23.65373698619411	23.78908336386084	26.214132510815126	0.0
16.0	26.205183989977655	23.729799413312602	23.694284971238893	26.370731625470846	0.0
17.0	26.28935601410511	23.626891423681702	23.730079054588774	26.35367350762442	0.0
18.0	26.3981364705356	23.67415079935459	23.785727668546787	26.141985061563027	0.0
19.0	26.430574858571426	23.713580219294688	23.56117572378153	26.294669198352356	0.0
20.0	26.28040749326764	23.595012318198215	23.719173044818106	26.40540714371604	0.0
21.0	26.33885251998736	23.694284971238893	23.65122021470857	26.31564229406517	0.0
22.0	26.34696211699632	23.540482269344885	23.82767385997243	26.284881753686374	0.0
23.0	26.3173201417222	23.659329811717527	23.67219331042139	26.351156736138883	0.0
24.0	26.243701097868584	23.80971023651993	23.623749307889778	26.322839357721712	0.0
25.0	26.33877886589001	23.69981152230692	23.721064199864653	26.24034541193841	0.0
26.0	26.24062505243259	23.80104138120033	23.681075609196817	26.277257957170264	0.0
27.0	26.282011845571336	23.738961191492216	23.69058338599896	26.288443576937485	0.0
28.0	26.150021532318053	23.802719224165415	23.69785403884766	26.34940520466888	0.0
29.0	26.356116576529214	23.779509063148417	23.581243952774315	26.283130407548054	0.0
30.0	26.367302196296443	23.644163063964964	23.731131257655157	26.257403482083436	0.0
31.0	26.28417546832661	23.669823799017344	23.73777624908068	26.30822448357536	0.0
32.0	26.184344091073065	23.77720544850015	23.608023422622292	26.430427037804492	0.0
33.0	26.304589167316827	23.741691205051414	23.611658738880827	26.342060888750936	0.0
34.0	26.26571924732175	23.806847257992803	23.773849771953813	26.153583722731632	0.0
35.0	26.30934304242414	23.699465608509996	23.74336904332458	26.24782230574128	0.0
36.0	26.254254019121763	23.718201469227047	23.608862341758876	26.41868216989231	0.0
37.0	26.33479025623387	23.650528658875906	23.74560616102214	26.26907492386809	0.0
38.0	26.087868390365855	23.840124383743984	23.782518603031853	26.289488622858308	0.0
39.0	26.229366084736427	23.76098634519285	23.794543110656228	26.21510445941449	0.0
40.0	26.342060888750936	23.652486136861267	23.790628154685503	26.214824819702297	0.0
41.0	26.214265540277903	23.738894807929466	23.68911893915879	26.357720712633842	0.0
42.0	26.300394571633905	23.62340360679301	23.726311020880697	26.34989080069239	0.0
43.0	26.40497982399477	23.66199388707589	23.781400044183073	26.151626244746268	0.0
44.0	26.440494067443503	23.700024887934383	23.548180524212604	26.311300520409503	0.0
45.0	26.278862313794903	23.592922878163776	23.721277506061192	26.406937301980125	0.0
46.0	26.34345908731191	23.698906329085606	23.650528658875906	26.30710592472658	0.0
47.0	26.340942329902155	23.555171517017477	23.804610140295242	26.29927601278513	0.0
48.0	26.318850792638766	23.63570775412958	23.682407586066113	26.36303386716554	0.0
49.0	26.237681905124106	23.81097526873301	23.63256563125692	26.31877719488596	0.0
50.0	26.331640585675775	23.70750886455409	23.71785550497198	26.242995044798157	0.0
51.0	26.22901309828749	23.793637655059786	23.70247536381025	26.274873882842474	0.0
52.0	26.268162548517353	23.754488204829922	23.681782082974465	26.295567163678257	0.0
53.0	26.145401058153713	23.805382490128746	23.691010167671504	26.358206284046037	0.0
54.0	26.348418921488577	23.772385096363575	23.593416181027056	26.285779801120796	0.0
55.0	26.366315813022222	23.627811769443294	23.730998534692006	26.274873882842474	0.0
56.0	26.28682484864585	23.66689503782106	23.734567469694216	26.311712643838874	0.0
57.0	26.197340641210275	23.754701416367222	23.607332112246755	26.44062583017575	0.0
58.0	26.312271920135345	23.74463444303072	23.60397645446792	26.339117182366017	0.0
59.0	26.283189552718785	23.79888424378854	23.7622516463696	26.15567455712308	0.0
60.0	26.3111533675424	23.68954572782819	23.743236252289538	26.256064652339873	0.0
61.0	26.2555053760434	23.72030592413417	23.597544777058484	26.426643922763944	0.0
62.0	26.346667412368397	23.65375204485396	23.74966792969897	26.249912613078674	0.0
63.0	26.090518868584052	23.833279736021588	23.787419079710855	26.288782315683505	0.0
64.0	26.21551712084563	23.76197200822136	23.795808224157938	26.226702646775074	0.0
65.0	26.344989583478977	23.639490499293913	23.796087862306177	26.219432054920933	0.0
66.0	26.22027096936564	23.72701723969184	23.706044378574127	26.346667412368397	0.0
67.0	26.313110834580055	23.62802533521623	23.72561904895066	26.333244781253057	0.0
68.0	26.421610436095694	23.665776485228115	23.772877896002573	26.13973518267362	0.0
69.0	26.445938954992236	23.694579214496443	23.54385425259714	26.31562757791418	0.0
70.0	26.287384124942324	23.59195201409376	23.71527243746592	26.405391423497992	0.0
71.0	26.362047510521386	23.697934872275276	23.634457012625663	26.30556060457768	0.0
72.0	26.356175109408426	23.547489548524208	23.801960263419137	26.29437507864823	0.0
73.0	26.322618531620083	23.63082171669859	23.683393688566994	26.363166063114328	0.0
74.0	26.24760210958429	23.810842099964766	23.612579207283993	26.328976583166945	0.0
75.0	26.33484896785848	23.7096133733774	23.708774461278615	26.2467631974855	0.0
76.0	26.226070032382008	23.79965660531423	23.703740988685873	26.270532373617893	0.0
77.0	26.275006571478105	23.745406956259124	23.691157307204016	26.28842916505875	0.0
78.0	26.15392359188604	23.792106396425115	23.69786860399434	26.356101407694503	0.0
79.0	26.34687337460781	23.781759813873368	23.60558827312741	26.265778538391416	0.0
80.0	26.353025396665604	23.64138185600913	23.733102912143533	26.272489835181734	0.0
81.0	26.27241636768855	23.67151649716029	23.738349640806806	26.31771749434435	0.0
82.0	26.18908466556863	23.743942372492707	23.614190997379804	26.45278196455886	0.0
83.0	26.305972757803957	23.739468187143988	23.611394631536857	26.343164423515198	0.0
84.0	26.286957470071894	23.788684225979917	23.770507848000737	26.153850455947453	0.0
85.0	26.295346567600745	23.701717248264156	23.749255467594317	26.253680716540785	0.0
86.0	26.251163987282126	23.715419440894614	23.599649894996464	26.4337666768268	0.0
87.0	26.35714625272995	23.655297575271177	23.74506091882989	26.24249525316898	0.0
88.0	26.085619129379456	23.8292315307027	23.779735855282475	26.30541348463537	0.0
89.0	26.22627633127987	23.75345001635874	23.798751143014538	26.22152250934685	0.0
90.0	26.34735897227963	23.623978277830133	23.80546242103762	26.223200328852624	0.0
91.0	26.22375960202121	23.733316182289496	23.690531784892354	26.352392430796932	0.0
92.0	26.308769123646908	23.625935733920198	23.725486357929235	26.33980878450366	0.0
93.0	26.439918681681284	23.66592376547439	23.75736492853887	26.136792624305453	0.0
94.0	26.455298693817515	23.686057599543634	23.539528029373027	26.319115677265824	0.0
95.0	26.27940728229593	23.579236424342923	23.72912163352507	26.412234659836077	0.0
96.0	26.372246628281886	23.693328150735304	23.636841560707705	26.29758366027511	0.0
97.0	26.351833157628345	23.56245822928522	23.794276957665815	26.291431655420617	0.0
98.0	26.330580777221925	23.620902275402887	23.674033226418945	26.374483720956242	0.0
99.0	26.262555647524664	23.790295519115904	23.62055658710096	26.326592246258475	0.0
100.0	26.327431153665465	23.711997494463212	23.705006599404935	26.255564752466388	0.0
101.0	26.224804814209975	23.790854790720566	23.710878951253886	26.273461443815577	0.0
102.0	26.251929487036087	23.750587235184895	23.710040043846895	26.28744323393213	0.0
103.0	26.15154023399924	23.799243864790498	23.696897161137333	26.352318740072928	0.0
104.0	26.350920561061276	23.78386389566229	23.61328605624035	26.251929487036087	0.0
105.0	26.35791145611955	23.631742019194203	23.73576653766135	26.2745799870249	0.0
106.0	26.261922938181087	23.680052795091846	23.744648484797644	26.313375781929427	0.0
107.0	26.19285308814935	23.751918995327298	23.606508784734164	26.44871913178919	0.0
108.0	26.312536876868307	23.737377974267986	23.614618200324937	26.335466948538766	0.0
109.0	26.291004980299714	23.793025343321897	23.775128702018126	26.140840974360263	0.0
110.0	26.29883476087011	23.706338487006757	23.7440892147569	26.25073753736623	0.0
111.0	26.254652427651433	23.7068977570475	23.61377929526382	26.424670520037246	0.0
112.0	26.35643957506662	23.653207833136193	23.758070965775467	26.232281626021713	0.0
113.0	26.088828860571184	23.82742045082758	23.791347533199666	26.292403155401573	0.0
114.0	26.2236129403902	23.742691039655043	23.81204052470715	26.221655495247603	0.0
115.0	26.353363589842537	23.62748141126202	23.801973663973783	26.21718133492166	0.0
116.0	26.228646370756888	23.730946368799444	23.690119655825217	26.35028760461845	0.0
117.0	26.3136554169498	23.62915922138425	23.737657609288355	26.319527752377596	0.0
118.0	26.4456431465651	23.66299505884919	23.7617062210403	26.129655573545406	0.0
119.0	26.457387817420702	23.691517830927076	23.531846234295	26.319248117357226	0.0
120.0	26.2960384106664	23.57602856751368	23.725074033371644	26.40285898844828	0.0
121.0	26.380767821838937	23.683688050356675	23.64258170236208	26.29296242544231	0.0
122.0	26.361193370412938	23.54442981021171	23.79721986862747	26.297156950747887	0.0
123.0	26.35028760461845	23.621609075834222	23.675019364725163	26.353083954822164	0.0
124.0	26.255005480861726	23.798964228988165	23.621115858705622	26.324914431444483	0.0
125.0	26.331905326502763	23.718149482114494	23.686550636451088	26.263394554931658	0.0
126.0	26.228999351244937	23.782465716650634	23.718708753719156	26.26982617838527	0.0
127.0	26.26898727097828	23.74862978456858	23.70360842039328	26.278774524059866	0.0
128.0	26.158531129057515	23.795328963557864	23.698854611753653	26.347285295630968	0.0
129.0	26.330227511688776	23.788338068499588	23.63202165499653	26.249412764815105	0.0
130.0	26.36630053018948	23.63202165499653	23.736885080870675	26.26479273394331	0.0
131.0	26.272136731104258	23.66927940448593	23.7386292773911	26.319954587018714	0.0
132.0	26.19971085577184	23.74953510417861	23.603844443760888	26.446909596288666	0.0
133.0	26.30513384805107	23.733036545705204	23.622580094908656	26.339249511335066	0.0
134.0	26.293389111510677	23.786167496721262	23.776380216270933	26.144063175497124	0.0
135.0	26.29115201883632	23.72464744817635	23.75177219685297	26.23242833613436	0.0
136.0	26.258714175058095	23.708428526287236	23.603844443760888	26.42901285489378	0.0
137.0	26.346240425942447	23.650264116753867	23.758203838291756	26.245291619011933	0.0
138.0	26.082822763536505	23.831188986792764	23.79231950157575	26.29366874809498	0.0
139.0	26.228793060538525	23.739747823728283	23.816647884409424	26.214811231323772	0.0
140.0	26.35882407223572	23.630689555853213	23.79735296009306	26.213133411818003	0.0
141.0	26.21089631914364	23.73499400179527	23.693887423903895	26.360222255157197	0.0
142.0	26.319954587018714	23.62677464367308	23.73807000422251	26.315200765085695	0.0
143.0	26.44159650118706	23.666762675227275	23.761839113887593	26.129801709698075	0.0
144.0	26.468721249863673	23.679905594689142	23.54512076105893	26.306252394388252	0.0
145.0	26.295346567600745	23.559941500026564	23.72688454085071	26.417827391521982	0.0
146.0	26.38399136482228	23.69137069464524	23.641315746056424	26.28332219447606	0.0
147.0	26.368890989270344	23.554348768340663	23.795954777171588	26.280805465217405	0.0
148.0	26.344003333268084	23.623419004661542	23.68382050686927	26.348757155201103	0.0
149.0	26.2498392085144	23.79182675905885	23.628238899794745	26.330095132632003	0.0
150.0	26.33484896785848	23.705978087615982	23.683327460948643	26.275845483576898	0.0
151.0	26.23306096653859	23.78259872597216	23.721917417492996	26.26242288999625	0.0
152.0	26.264100714193834	23.735060373707377	23.711291197574987	26.289547714523803	0.0
153.0	26.160914526042628	23.785674737001056	23.7096133733774	26.343797363578915	0.0
154.0	26.35526249559571	23.782039451239633	23.617612679876736	26.245085373287917	0.0
155.0	26.365329440781192	23.63159454818991	23.73366218687606	26.26941382415284	0.0
156.0	26.272283664937575	23.663539380042227	23.741278785251886	26.322898169768322	0.0
157.0	26.211042910473846	23.748829015254262	23.61068777002559	26.429440304246306	0.0
158.0	26.318144321248305	23.723381943764767	23.620475105213853	26.337998629773075	0.0
159.0	26.28850267753527	23.784622698228493	23.774835363040225	26.152039261196013	0.0
160.0	26.295213993092936	23.716111351910627	23.755260692663693	26.23341396233274	0.0
161.0	26.273681855678753	23.69401993819997	23.61068777002559	26.421610436095694	0.0
162.0	26.36176787237315	23.64256651892451	23.7622516463696	26.23341396233274	0.0
163.0	26.095272717104066	23.82405167712979	23.79944352008501	26.28123208568113	0.0
164.0	26.2392863634457	23.741278785251886	23.814264341941527	26.205170509360887	0.0
165.0	26.368758826079052	23.63026244040212	23.79357111897205	26.207407614546774	0.0
166.0	26.230617580850378	23.737643489324814	23.686469708197592	26.345269221627216	0.0
167.0	26.31618685421065	23.633618098180953	23.736804574880104	26.313390472728287	0.0
168.0	26.447337145733417	23.65822625522574	23.761133093776653	26.133303505264188	0.0
169.0	26.46858964499937	23.68507151745641	23.549167377413628	26.297171460130592	0.0
170.0	26.303603137540023	23.54888773926539	23.731771088211854	26.415738034982734	0.0
171.0	26.383579647935573	23.68870681338348	23.638651584849203	26.289061953831744	0.0
172.0	26.37547014163672	23.536024384446527	23.79944352008501	26.289061953831744	0.0
173.0	26.346108136071923	23.621873295955034	23.682554774122284	26.34946379385076	0.0
174.0	26.25110457377434	23.784129931432535	23.632285992326707	26.332479502466416	0.0
175.0	26.329962752094495	23.692128723392354	23.70527175311238	26.272636771400766	0.0
176.0	26.222022125032158	23.781613181060614	23.733515285063923	26.2628494088433	0.0
177.0	26.267603270656924	23.75169181552779	23.696882585205984	26.2838223286093	0.0
178.0	26.170009284012487	23.783291014641893	23.711423809577074	26.33527589176855	0.0
179.0	26.350935671860494	23.77350365208443	23.622778268699456	26.252782407355625	0.0
180.0	26.362960145859667	23.63592129841948	23.745539759063096	26.25557879665776	0.0
181.0	26.27438807839979	23.67597587268563	23.73861516821727	26.31102088069731	0.0
182.0	26.20084283409255	23.745885800734335	23.624522165641785	26.428749199531325	0.0
183.0	26.30822448357536	23.72770921944167	23.627318562763737	26.336747734219234	0.0
184.0	26.280819791780267	23.784476081017218	23.78167968389527	26.153024443307242	0.0
185.0	26.292285019980255	23.714845792680713	23.75539355094896	26.237475636390073	0.0
186.0	26.2469833866047	23.698347049661216	23.617251533124723	26.43741803060936	0.0
187.0	26.370863779107	23.642419107222253	23.75958814663188	26.227128967038865	0.0
188.0	26.091783346336577	23.823905280436687	23.79901734605135	26.28529402717539	0.0
189.0	26.231043923009594	23.74504688159775	23.809923294826945	26.21398590056571	0.0
190.0	26.355086871534155	23.628833575225745	23.801094528197943	26.21498502504216	0.0
191.0	26.224213290379954	23.73062413834568	23.690914632952737	26.354247938321627	0.0
192.0	26.29770074441965	23.629870747272047	23.743686974613667	26.32874153369464	0.0
193.0	26.444794935038058	23.65475930804208	23.759626839376498	26.140818917543356	0.0
194.0	26.46940384905787	23.682164689564143	23.539544846949333	26.308886614428655	0.0
195.0	26.310284848179776	23.540943080700462	23.72690816960016	26.4218639015196	0.0
196.0	26.38858593824281	23.66986023255424	23.653920367791407	26.28763346141155	0.0
197.0	26.374603600731554	23.534790852195506	23.812480075169045	26.27812547190389	0.0
198.0	26.33852916995252	23.615049469510115	23.691672679071797	26.354748681465573	0.0
199.0	26.26142010609827	23.78653944568266	23.635250130735223	26.316790317483846	0.0
200.0	26.34531436577338	23.70628060392681	23.697331882894797	26.251073147405013	0.0
201.0	26.215278263276964	23.78374297036016	23.735923242345347	26.265055524017527	0.0
202.0	26.262259048695025	23.751024209086864	23.699848710685053	26.286868031533057	0.0
203.0	26.167738182794402	23.794369576585673	23.71467002989432	26.3232222107256	0.0
204.0	26.358531510772053	23.785487371082127	23.61294436117139	26.24303675697443	0.0
205.0	26.37027673997181	23.631960446542426	23.74857379359717	26.249189019888586	0.0
206.0	26.288692948088737	23.670058810204957	23.736615295127674	26.304632946578632	0.0
207.0	26.20507786829087	23.75982617012173	23.614688289134794	26.420407672452605	0.0
208.0	26.328962417957946	23.718997402059898	23.62867074395049	26.32336943603167	0.0
209.0	26.288413298992424	23.781918448730533	23.78024055415265	26.149427698124395	0.0
210.0	26.289252246281364	23.70948933278522	23.755072135484394	26.24618628544902	0.0
211.0	26.257931547494206	23.694947579776894	23.61944232377213	26.427678548956766	0.0
212.0	26.370070835116096	23.648805478885095	23.7631819592775	26.21794172672131	0.0
213.0	26.103711243914102	23.83294788150642	23.793796789051118	26.269544085528356	0.0
214.0	26.225712272223902	23.745203977762117	23.82770115328255	26.20138259673143	0.0
215.0	26.350378231749094	23.648083672413552	23.802452563726106	26.199085532111244	0.0
216.0	26.225372988240558	23.75127592041053	23.686116587664472	26.337234503684435	0.0
217.0	26.30921019514405	23.637375483105973	23.75567002813341	26.29774429361657	0.0
218.0	26.447639981878286	23.66394281591355	23.76853421033497	26.119882991873194	0.0
219.0	26.454072072979063	23.682959433081084	23.555715891739517	26.307252602200336	0.0
220.0	26.279007332583852	23.551521049717266	23.75203449838079	26.417437119318087	0.0
221.0	26.365141422107374	23.685476338294436	23.656392100273504	26.292990139324683	0.0
222.0	26.358988987141412	23.55627520400915	23.805169163995952	26.279566644853485	0.0
223.0	26.330184405255295	23.61696058526436	23.694984646878197	26.357870362602142	0.0
224.0	26.25838621179537	23.777829358942448	23.642755068082476	26.321029361179704	0.0
225.0	26.3411646591961	23.682466350281477	23.70204233446408	26.27432665605835	0.0
226.0	26.202175171499604	23.77615141744108	23.752380579505065	26.269292831554246	0.0
227.0	26.249157533537854	23.764126170014627	23.69421194079104	26.292504355656483	0.0
228.0	26.166658743054022	23.777829358942448	23.717982778727055	26.33752911927647	0.0
229.0	26.35579569098597	23.788229635098553	23.621831442826142	26.234143231089334	0.0
230.0	26.36684993875394	23.63818398429416	23.751726915267888	26.243239161684016	0.0
231.0	26.274075503463628	23.670970682909502	23.747598392496077	26.30735542113079	0.0
232.0	26.194930825313996	23.758784919443023	23.63741110206867	26.408873153174316	0.0
233.0	26.317438032939094	23.731084070487093	23.628166871289178	26.323311025284628	0.0
234.0	26.286954406002756	23.78813599612942	23.771635684301494	26.153273913566334	0.0
235.0	26.293386730952626	23.71262609454399	23.757372702890912	26.236614471612473	0.0
236.0	26.260386107296775	23.695286783809557	23.61362422357643	26.430702885317242	0.0
237.0	26.360094751473152	23.660740504576765	23.754429239834774	26.224735504115316	0.0
238.0	26.087698249558823	23.827422552976085	23.81455783111976	26.27032136634533	0.0
239.0	26.214740775129624	23.746664951365624	23.833082563778436	26.205511709726316	0.0
240.0	26.35063137139741	23.652025562500874	23.795499993008068	26.20184307309365	0.0
241.0	26.21879763386427	23.75309401613783	23.687647708680025	26.340460641317875	0.0
242.0	26.30383584786391	23.6458176000358	23.738679018354112	26.311667533746174	0.0
243.0	26.43646331571145	23.663673743391794	23.785068949120305	26.11479399177645	0.0
244.0	26.434437693710628	23.685285265124815	23.579268906716795	26.301008134447763	0.0
245.0	26.261255842967877	23.557056179209525	23.7699346258962	26.411753351926397	0.0
246.0	26.357560684941856	23.671953024246	23.687339318135407	26.28314697267674	0.0
247.0	26.3393481605819	23.549027836060986	23.839697859840538	26.271926143516577	0.0
248.0	26.320766329830686	23.628596367542887	23.720079229193942	26.33055807343248	0.0
249.0	26.25173803935173	23.770503269052686	23.673424853752906	26.304333837842677	0.0
