# Position (bp)	A	C	G	T	N
0.0	26.31452292142943	23.7085622025167	23.629653051573566	26.347261824480306	0.0
1.0	26.254641509011595	23.670506725466108	23.699887792306637	26.37496397321566	0.0
2.0	26.32421330676979	23.67130969103089	23.74881779160674	26.255659210592587	0.0
3.0	26.305422027230453	23.723397706732626	23.791949501110818	26.179230764926103	0.0
4.0	26.300768877796553	23.674609125807212	23.74651654710076	26.278105449295474	0.0
5.0	26.268196532341776	23.76495801822521	23.67570652766936	26.29113892176365	0.0
6.0	26.28932893904889	23.676538885500538	23.759910920617514	26.27422125483306	0.0
7.0	26.301462606730002	23.764561721556383	23.607334295721845	26.326641375991766	0.0
8.0	26.260840373748113	23.729927824092208	23.63705029933419	26.37218150282549	0.0
9.0	26.346251755372418	23.710535591399655	23.709416628901682	26.233796024326246	0.0
10.0	26.467066873297117	23.744132571709905	23.489574300244488	26.299226254748493	0.0
11.0	26.27712723997292	23.734901337689728	23.77266547686317	26.215305945474178	0.0
12.0	26.32524155062353	23.766791055213968	23.684828886489388	26.223138507673116	0.0
13.0	26.109286621424292	23.807072803665637	23.667205621541783	26.416434953368285	0.0
14.0	26.226981422892838	23.75945149839293	23.773158443898033	26.240408634816205	0.0
15.0	26.2373315654171	23.741548549161777	23.75077975735909	26.270340128062035	0.0
16.0	26.2046027363539	23.795257396855234	23.709099453680317	26.291040413110554	0.0
17.0	26.067533281302886	23.719169862622838	23.825188890101067	26.388107965973205	0.0
18.0	26.285651945261883	23.77141354578107	23.731971221089616	26.21096328786743	0.0
19.0	26.29264526524264	23.66343668527822	23.702599277170446	26.341318772308693	0.0
20.0	26.23222298060892	23.67266786765282	23.86680243031856	26.2283067214197	0.0
21.0	26.267469313311924	23.762462096205706	23.678542256436653	26.291526334045717	0.0
22.0	26.31194682838952	23.703158742768906	23.64721218292287	26.337682245918696	0.0
23.0	26.402300522540866	23.715746718734266	23.54874623759385	26.333206521131014	0.0
24.0	26.270826106902685	23.61056718622372	23.828199304024793	26.290407402848796	0.0
25.0	26.314184690783364	23.698683017981224	23.62539302458292	26.361739266652496	0.0
26.0	26.266350382115007	23.65840149489208	23.685815309216636	26.38943281377628	0.0
27.0	26.341878237907153	23.64833111411979	23.73980373946806	26.269986908504993	0.0
28.0	26.307750836401066	23.71183045954504	23.775050072171062	26.205368631882823	0.0
29.0	26.323415873157956	23.662597486880532	23.735607747479605	26.278378892481904	0.0
30.0	26.278378892481904	23.761063432209554	23.679101722035114	26.281455953273436	0.0
31.0	26.300477783621083	23.68022065323203	23.73896454107037	26.280337022076512	0.0
32.0	26.298799386825706	23.743719998657284	23.634344474158283	26.323136140358727	0.0
33.0	26.268028778910384	23.714068321938882	23.64105806133981	26.376844837810925	0.0
34.0	26.346353962694835	23.697843819583532	23.719662977923488	26.236139239798145	0.0
35.0	26.46803773035996	23.730013091495003	23.50035246332703	26.301596714818004	0.0
36.0	26.283414082868045	23.725817099506553	23.77141354578107	26.219355271844336	0.0
37.0	26.32789159794564	23.742601067460363	23.702599277170446	26.226908057423547	0.0
38.0	26.126204249700685	23.796030032113325	23.66287721967976	26.41488849850623	0.0
39.0	26.241940221268024	23.75931857280725	23.755682056589787	26.243059149334936	0.0
40.0	26.247534861602585	23.75260500440578	23.74057652768648	26.25928360630516	0.0
41.0	26.218162999846147	23.788130970530233	23.70309243744493	26.29061359217869	0.0
42.0	26.077457795431975	23.70001538526092	23.827293452872148	26.395233366434955	0.0
43.0	26.292498167760414	23.781910340544805	23.71421538186111	26.211376109833672	0.0
44.0	26.294456286400024	23.651275854159323	23.70274640125767	26.35152145818298	0.0
45.0	26.238510039553997	23.670577309321203	23.86610944204808	26.22480320907672	0.0
46.0	26.28410623073351	23.75813318563524	23.675892202771575	26.28186838085967	0.0
47.0	26.311799622922294	23.707781563473816	23.655192091438547	26.325226722165347	0.0
48.0	26.408866361200158	23.7178518879061	23.55029287860224	26.322988872291504	0.0
49.0	26.271518325193156	23.598686382124054	23.82834572542701	26.30144956725578	0.0
50.0	26.313757741561904	23.701347745086522	23.617708106051705	26.367186407299865	0.0
51.0	26.28018999345429	23.653793435267396	23.677011127708496	26.38900544356982	0.0
52.0	26.344528177327227	23.654912360204317	23.729880330977995	26.270679131490464	0.0
53.0	26.312079354156527	23.706662638536894	23.782749534247493	26.198508473059086	0.0
54.0	26.321310484886123	23.65854886624931	23.734356030725678	26.28578461813889	0.0
55.0	26.273476443832767	23.746664205031806	23.684284139798482	26.295575211336946	0.0
56.0	26.300050911084632	23.675612471537345	23.7354749556626	26.288861661715423	0.0
57.0	26.30061037355309	23.727922212338385	23.64652042317741	26.324946990931114	0.0
58.0	26.24886009522051	23.720928931482632	23.638687948618966	26.391523024677888	0.0
59.0	26.33641597153455	23.688200377077703	23.71645323173495	26.2589304196528	0.0
60.0	26.467889651622723	23.72204785641955	23.49938179397235	26.31068069798538	0.0
61.0	26.27459536876969	23.7206492002484	23.77771437203135	26.22704105895056	0.0
62.0	26.331380809318404	23.745545280094884	23.682326021158868	26.24074788942784	0.0
63.0	26.136687870294224	23.790582008805938	23.657429941312387	26.415300179587454	0.0
64.0	26.25158397368296	23.759185648708904	23.74687750883249	26.242352868775647	0.0
65.0	26.242352868775647	23.743520743411647	23.72729637721092	26.286830010601786	0.0
66.0	26.21354063224677	23.795550607434677	23.686735461709098	26.304173298609463	0.0
67.0	26.0750740586371	23.70855443694456	23.829397992094815	26.386973512323525	0.0
68.0	26.295707827955063	23.7680705366334	23.736181354339166	26.200040281072372	0.0
69.0	26.299064583986038	23.64834623819541	23.68946649957481	26.363122678243744	0.0
70.0	26.238922705097796	23.676039475450924	23.86513673186233	26.219901087588955	0.0
71.0	26.299344313655283	23.746251622432084	23.674081367766192	26.280322696146445	0.0
72.0	26.32507944322607	23.712124602783867	23.648625967864657	26.314169986125407	0.0
73.0	26.424103746139732	23.7146421698071	23.552958420981962	26.308295663071206	0.0
74.0	26.291791612585598	23.600232735084813	23.835205657252832	26.272769995076757	0.0
75.0	26.332632144295754	23.69310298527503	23.625128675647854	26.349136194781366	0.0
76.0	26.274448373092245	23.642751644810456	23.69785838965224	26.38494159244506	0.0
77.0	26.35780781452804	23.646388130510672	23.738698921362396	26.25710513359889	0.0
78.0	26.315009175133152	23.69534082262901	23.785693505795997	26.203956496441837	0.0
79.0	26.327876739918544	23.66457055901177	23.71911784451506	26.288434856554627	0.0
80.0	26.285917289531398	23.745692163093587	23.679116501812647	26.289274045562365	0.0
81.0	26.307736203732713	23.681913798505125	23.721355681869042	26.28899431589312	0.0
82.0	26.303819988363248	23.73338405764669	23.63995434811798	26.32284160587208	0.0
83.0	26.26549702367632	23.70345298303719	23.640513807456472	26.390536185830015	0.0
84.0	26.340464575034687	23.6847110951976	23.717439466499574	26.257384863268136	0.0
85.0	26.462706440495904	23.723593519223023	23.513516537618045	26.300183502663028	0.0
86.0	26.25095108087544	23.729747571946472	23.77870026406481	26.24060108311328	0.0
87.0	26.329555117934028	23.750447567470793	23.686948932551584	26.233048382043595	0.0
88.0	26.12423354070626	23.797162422235154	23.66233272165779	26.416271315400795	0.0
89.0	26.245562800533722	23.7414298062318	23.765766219380176	26.247241173854302	0.0
90.0	26.24528307164696	23.741709535118563	23.72688390412013	26.28612348911435	0.0
91.0	26.204722383066333	23.80213097465936	23.68352592667187	26.30962071560244	0.0
92.0	26.074368721834794	23.713736646442268	23.821711996732766	26.39018263499017	0.0
93.0	26.297518811715015	23.756188984307254	23.745559316344515	26.200732887633222	0.0
94.0	26.301435005174973	23.635626171361437	23.696047441886485	26.366891381577105	0.0
95.0	26.25052449019553	23.67338946543959	23.852974908389047	26.22311113597583	0.0
96.0	26.302274189487818	23.740524210467427	23.668354359562503	26.288847240482248	0.0
97.0	26.30814847967775	23.724299980419033	23.651290945201264	26.31626059470195	0.0
98.0	26.41612352793085	23.72402025231475	23.544434809365296	26.3154214103891	0.0
99.0	26.29500125877647	23.58919130605052	23.852695180284762	26.26311225488825	0.0
100.0	26.340596939774542	23.683739405298052	23.625835687711543	26.349827967215866	0.0
101.0	26.27765811631095	23.638143724299983	23.69548798567792	26.388710173711154	0.0
102.0	26.366891381577105	23.630031609275783	23.74723768497021	26.2558393241769	0.0
103.0	26.31514168228482	23.70080281965929	23.787238803882627	26.196816694173265	0.0
104.0	26.326890262664687	23.664158437998264	23.721222971271924	26.287728328065118	0.0
105.0	26.279616213040924	23.748636325491624	23.682620492880922	26.289126968586533	0.0
106.0	26.319617331953342	23.671711096813898	23.712831128143446	26.29584044308932	0.0
107.0	26.313743041763406	23.7248594366276	23.649332848471285	26.31206467313771	0.0
108.0	26.26311225488825	23.70164200397214	23.640381549134243	26.394864192005368	0.0
109.0	26.331645640437497	23.692131248426527	23.722621611793336	26.253601499342636	0.0
110.0	26.478782623290165	23.71227167193488	23.508909340121402	26.300036364653558	0.0
111.0	26.242692103275616	23.727656717670424	23.78667934767406	26.242971831379897	0.0
112.0	26.333883465271757	23.74108366667599	23.692970432739376	26.232062435312876	0.0
113.0	26.135556239335365	23.781923969901257	23.647934207949874	26.434585582813508	0.0
114.0	26.258003697995196	23.73794025583861	23.751087439963523	26.252968606202675	0.0
115.0	26.251290242271835	23.73933889244764	23.73514298262054	26.274227882659986	0.0
116.0	26.229751238492717	23.78633308251117	23.69458252095857	26.289333158037543	0.0
117.0	26.10555230761054	23.695141975602183	23.819061179162553	26.380244537624726	0.0
118.0	26.29807826792358	23.761783546392905	23.744440403927385	26.195697781756135	0.0
119.0	26.307868751573473	23.635626171361437	23.68709614254944	26.369408934515654	0.0
120.0	26.251363674508376	23.674508377856725	23.858010014266135	26.216117933368764	0.0
121.0	26.300875548966406	23.747797141178776	23.66807463145822	26.283252678396597	0.0
122.0	26.317659235223363	23.71059330330918	23.66891381577107	26.30283364569638	0.0
123.0	26.410808693949484	23.720104058854794	23.553665836806623	26.3154214103891	0.0
124.0	26.299197180340713	23.601779070743238	23.837869590757784	26.261154158158266	0.0
125.0	26.337799658731715	23.674788105961007	23.63059106548435	26.35682116982293	0.0
126.0	26.275420291476685	23.6426193739685	23.696047441886485	26.38591289266833	0.0
127.0	26.355142801197236	23.627793784441522	23.744720132031667	26.272343282329576	0.0
128.0	26.300316092757843	23.70499874122353	23.796749559428235	26.197935606590395	0.0
129.0	26.327449718873254	23.679543483733813	23.719264874541945	26.27374192285099	0.0
130.0	26.27989594114521	23.747517413074494	23.680102939942376	26.292483705837927	0.0
131.0	26.317099779014796	23.66471789420683	23.727656717670424	26.290525609107945	0.0
132.0	26.318498419536212	23.731852639234663	23.637863996195698	26.311784945033427	0.0
133.0	26.27262301043386	23.683739405298052	23.652130129514113	26.39150745475398	0.0
134.0	26.34199558029595	23.68345967719377	23.720663515063357	26.253881227446925	0.0
135.0	26.468432683431704	23.72178242748049	23.51310526168564	26.296679627402163	0.0
136.0	26.26674872024392	23.730453998713248	23.772133486251366	26.230663794791464	0.0
137.0	26.33751993062743	23.74108366667599	23.688774511175136	26.23262189152144	0.0
138.0	26.13191977397969	23.788077988195475	23.655486866765504	26.424515371059332	0.0
139.0	26.262066804852736	23.743947366212666	23.74982167283469	26.24416415609991	0.0
140.0	26.25171683604251	23.736394686270067	23.738352788477407	26.27353568921002	0.0
141.0	26.225981778460316	23.784508054793292	23.70450559317909	26.2850045735673	0.0
142.0	26.106537543812536	23.707582610933482	23.811082299035775	26.374797546218204	0.0
143.0	26.307736203732713	23.76303540258694	23.743174596070357	26.186053797609986	0.0
144.0	26.313051067448416	23.63743678109475	23.693662444613526	26.355849706843305	0.0
145.0	26.26409837533008	23.671284071073714	23.847234033030478	26.217383520565722	0.0
146.0	26.317247012487133	23.734223246654434	23.647786778856915	26.30074296200152	0.0
147.0	26.315009175133152	23.70373271270644	23.673521908427695	26.307736203732713	0.0
148.0	26.404802398961642	23.726111086246252	23.561909770397886	26.307176744394216	0.0
149.0	26.297945665309047	23.604708409792778	23.849751600053708	26.24759432484447	0.0
150.0	26.352772680481586	23.680515150158886	23.625967864655596	26.340744304703932	0.0
151.0	26.263818645660837	23.643031374479705	23.695900281967507	26.397249697891954	0.0
152.0	26.357528084858796	23.631002998702055	23.743454325739606	26.268014590699547	0.0
153.0	26.311092959763684	23.69869757865998	23.790169180503963	26.200040281072372	0.0
154.0	26.348017276104375	23.670444882065972	23.722194870876784	26.259342970952872	0.0
155.0	26.291791612585598	23.74373405540885	23.686389473213087	26.27808485879246	0.0
156.0	26.325918632233808	23.647227319518418	23.721635411538287	26.305218636709483	0.0
157.0	26.323680794879827	23.71827865550732	23.658416506288322	26.29962404332453	0.0
158.0	26.293190260931837	23.68135433916663	23.654500290918858	26.37095510898268	0.0
159.0	26.345499709081142	23.680515150158886	23.723034059884526	26.25095108087544	0.0
160.0	26.46578346685763	23.726670545584746	23.522467887033972	26.285078100523656	0.0
161.0	26.2501118918677	23.74373405540885	23.781217831088036	26.224936221635414	0.0
162.0	26.353611869489324	23.728348923600233	23.68918676990556	26.22885243700488	0.0
163.0	26.14185650986886	23.76555296961017	23.665689477688762	26.426901042832206	0.0
164.0	26.267808339883686	23.748555891542907	23.749674813349856	26.233960955223544	0.0
165.0	26.254940739103798	23.723380150886605	23.732890986245653	26.28878812376394	0.0
166.0	26.21437982360198	23.78324246755826	23.699603062488986	26.302774646350773	0.0
167.0	26.117593087301078	23.70240036700635	23.808977669118036	26.37102887657453	0.0
168.0	26.320471291183427	23.76848324130176	23.7410695803472	26.169975887167606	0.0
169.0	26.298652254913478	23.64064606725858	23.69855043274422	26.362151245083727	0.0
170.0	26.25277633249973	23.671975965492358	23.854920192678875	26.22032750932904	0.0
171.0	26.321310484886123	23.737992536770673	23.64232445466396	26.298372523679248	0.0
172.0	26.3201915599492	23.697990970275757	23.689319302014624	26.292498167760414	0.0
173.0	26.41306232971361	23.71449511309534	23.577426808322564	26.29501574886849	0.0
174.0	26.29781306121079	23.611274287664415	23.852682342805032	26.238230308319764	0.0
175.0	26.350961995714517	23.66582187833929	23.64344337960088	26.339772746345314	0.0
176.0	26.255014182373575	23.64875827305125	23.6974315078073	26.398796036767873	0.0
177.0	26.347325489669526	23.634771711339745	23.739391192941824	26.27851160604891	0.0
178.0	26.30704419194038	23.703026132491903	23.801771258175144	26.18815841739257	0.0
179.0	26.336975434003012	23.68120709622195	23.7354749556626	26.246342514112442	0.0
180.0	26.28522515567043	23.74918178613988	23.692955808059615	26.272637250130078	0.0
181.0	26.307883385643073	23.64875827305125	23.73771280553644	26.305645535769234	0.0
182.0	26.315023889181056	23.72301977151425	23.653086571706705	26.308869767597994	0.0
183.0	26.281455953273436	23.681339584428954	23.64721218292287	26.38999227937474	0.0
184.0	26.331822759315205	23.68524113237104	23.73391518406624	26.249020924247514	0.0
185.0	26.462253726792344	23.707126852206702	23.53369009088646	26.296929330114494	0.0
186.0	26.257000430795742	23.735446656857206	23.781043868433862	26.226509043913193	0.0
187.0	26.346236691488706	23.739083244283567	23.671666508148753	26.243013556078974	0.0
188.0	26.130279345861844	23.763420406290734	23.665512283273376	26.440787964574042	0.0
189.0	26.279452943825753	23.742506510908395	23.736352268817296	26.241688276448556	0.0
190.0	26.25315754580015	23.72320456980449	23.73691174537103	26.28672613902433	0.0
191.0	26.20923863633185	23.782509084500543	23.71117582389916	26.297076455268453	0.0
192.0	26.12028186428777	23.70362289042372	23.81216134184857	26.36393390343994	0.0
193.0	26.330998444650827	23.781736396289542	23.733061799953003	26.154203359106624	0.0
194.0	26.302744799650885	23.65137799460663	23.7070460674283	26.338831138314177	0.0
195.0	26.248475422126237	23.696415983170898	23.8418802940617	26.213228300641163	0.0
196.0	26.320368360393427	23.73194284371538	23.653615907081875	26.294072888809318	0.0
197.0	26.345059095041613	23.6838939785999	23.693964612909994	26.277082313448492	0.0
198.0	26.40296524232464	23.709630044059026	23.583187635498987	26.304217078117354	0.0
199.0	26.30505629764319	23.610322400167842	23.85705294076509	26.227568361423874	0.0
200.0	26.36156374571648	23.667109588083083	23.64249248199175	26.328834184208688	0.0
201.0	26.26617245961256	23.643891181201482	23.695643051961675	26.39429330722428	0.0
202.0	26.368557241765156	23.625428351632983	23.738443247779564	26.267571158822296	0.0
203.0	26.306175257010977	23.702356808168403	23.803342891111267	26.18812504370935	0.0
204.0	26.34701727393524	23.67857892160291	23.726134694733897	26.24826910972795	0.0
205.0	26.27372543534513	23.763060353870898	23.698720190223092	26.264494020560882	0.0
206.0	26.32631652563116	23.635498985943073	23.74375830477656	26.294426183649204	0.0
207.0	26.328907836653855	23.71780884763647	23.655146947750048	26.29813636795963	0.0
208.0	26.278274783620624	23.694590375803553	23.6489926540112	26.378142186564617	0.0
209.0	26.321237145702554	23.6891134311323	23.74562198574418	26.244027437420968	0.0
210.0	26.45866611463436	23.726945424332875	23.5395155356998	26.27487292533297	0.0
211.0	26.253965412095138	23.752468766260286	23.78771687377261	26.205848947871967	0.0
212.0	26.344043909071075	23.758063703960655	23.677496601075347	26.220395785892926	0.0
213.0	26.14094767054769	23.761420666580875	23.672740904030036	26.4248907588414	0.0
214.0	26.254878099953842	23.74889849355881	23.755052942246095	26.241170464241254	0.0
215.0	26.242848950246877	23.732393381170183	23.732393381170183	26.292364287412756	0.0
216.0	26.204523519785155	23.79281887737261	23.69462744604367	26.308030156798566	0.0
217.0	26.109968808135065	23.69043123102961	23.829745569496314	26.369854391339015	0.0
218.0	26.328245641519143	23.774701788152093	23.73553700512499	26.161515565203768	0.0
219.0	26.305586017053468	23.63706555065685	23.712317883758924	26.34503054853076	0.0
220.0	26.238726137457196	23.676510082134143	23.85862632321017	26.22613745719849	0.0
221.0	26.319013942662757	23.7352572566748	23.64573775261285	26.29999104804959	0.0
222.0	26.337551019266332	23.695599264819016	23.67265982773042	26.29418988818423	0.0
223.0	26.393780615056663	23.721336194235487	23.58929455635968	26.29558863434817	0.0
224.0	26.29195189432193	23.62118596889748	23.85869306753426	26.228169069246327	0.0
225.0	26.33111678691221	23.68776628630096	23.664826849212368	26.31629007757446	0.0
226.0	26.264256720275945	23.63265568744178	23.718258952674823	26.384828639607456	0.0
227.0	26.35377647476802	23.630977192045048	23.74931111751426	26.26593521567267	0.0
228.0	26.313492585246586	23.69280177249114	23.81113569796035	26.182569944301925	0.0
229.0	26.3473422424139	23.677415564687816	23.7347641574093	26.24047803548899	0.0
230.0	26.283279668105507	23.751269362143773	23.70035500177641	26.265095967974304	0.0
231.0	26.32384330685973	23.651398886038557	23.726651429658453	26.298106377443258	0.0
232.0	26.31216744716921	23.726438054954095	23.664333551538345	26.297060946338352	0.0
233.0	26.273002445015138	23.700141553507788	23.658458801215236	26.368397200261846	0.0
234.0	26.333855536283778	23.697756392323615	23.743915403122028	26.224472668270575	0.0
235.0	26.466120400495726	23.731245996021897	23.534019476468497	26.26861412701388	0.0
236.0	26.26561031287767	23.752853498052907	23.783346761559464	26.19818942750996	0.0
237.0	26.343661877266012	23.74362159258762	23.68011727317488	26.23259925697149	0.0
238.0	26.135524372230428	23.766001969473166	23.67648046193098	26.421993196365428	0.0
239.0	26.25141626218685	23.749003371053696	23.773342099005472	26.22623826775398	0.0
240.0	26.237204110351698	23.718732427071473	23.757340413329267	26.286723049247563	0.0
241.0	26.196471437444398	23.782265419975044	23.720434439576305	26.30082870300426	0.0
242.0	26.104801954020097	23.685499010959187	23.841059602649008	26.368639432371708	0.0
243.0	26.32917555022076	23.79281593275919	23.74525044627618	26.13275807074387	0.0
244.0	26.29794092217811	23.651834255287596	23.714790160971255	26.33543466156304	0.0
245.0	26.24056321318044	23.684725976417127	23.880317199156075	26.19439361124635	0.0
246.0	26.304331401612345	23.76352601107545	23.666426950445903	26.265715636866304	0.0
247.0	26.322785376883296	23.705757908168977	23.701560366249524	26.2698963486982	0.0
248.0	26.376809160818027	23.726731365503657	23.610877911727503	26.285581561950817	0.0
249.0	26.278865419702925	23.614795661372106	23.88595990463078	26.22037901429419	0.0
