# Position (bp)	A	C	G	T	N
0.0	26.314933722820843	23.768567255490947	23.762228897401272	26.15427012428693	0.0
1.0	26.155372447432967	23.76829167470444	23.831399674814673	26.244936203047924	0.0
2.0	26.17266940395161	23.74135412935049	23.7708396483783	26.3151368183196	0.0
3.0	26.15644487063965	23.71693657498877	23.809523809523807	26.31709474484777	0.0
4.0	26.233198684000243	23.75054420006723	23.744757768972605	26.27149934695992	0.0
5.0	26.224733837370778	23.81328939537549	23.789593757577094	26.172383009676636	0.0
6.0	26.279711147173323	23.777183271663276	23.65926166748863	26.283843913674776	0.0
7.0	26.193159120025346	23.799815409199233	23.773917595360434	26.233107875414984	0.0
8.0	26.11735729812082	23.82492554624673	23.811977067417494	26.24574008821496	0.0
9.0	26.3248951075922	23.803069497590847	23.76367458146345	26.1083608133535	0.0
10.0	26.249066832685514	23.771731435135575	23.690466680073055	26.28873505210586	0.0
11.0	26.270002837379586	23.760987959042563	23.765395538978158	26.203613664599697	0.0
12.0	26.16174165521155	23.852445242706143	23.76016153780464	26.22565156427767	0.0
13.0	26.16662810044847	23.770288585501305	23.83364737253865	26.229435941511575	0.0
14.0	26.284530538935353	23.760096084977906	23.7818584509603	26.17351492512644	0.0
15.0	26.188941412405097	23.780756559011824	23.813262371491852	26.217039657091224	0.0
16.0	26.22888499553734	23.88213061827157	23.666986215331725	26.22199817085937	0.0
17.0	26.276817295296024	23.75899419302943	23.736129935098564	26.22805857657598	0.0
18.0	26.174065871100684	23.698941081837514	23.763126287836215	26.36386675922559	0.0
19.0	26.205194318645113	23.74797527354468	23.706103379502604	26.340727028307604	0.0
20.0	26.264421010875672	23.687371216378523	23.831719061628817	26.216488711116988	0.0
21.0	26.37433473273611	23.632276618954744	23.736680881072804	26.256707767236342	0.0
22.0	26.20326600773528	23.78654149174132	23.88819102398819	26.12200147653521	0.0
23.0	26.307119323879103	23.807752911749475	23.718775136910075	26.166352627461354	0.0
24.0	26.278745606205856	23.69756371690192	23.695910878979205	26.327779797913013	0.0
25.0	26.331085473758442	23.772767842385374	23.753760206274173	26.142386477582008	0.0
26.0	26.15891485680914	23.765330071733164	23.84080967020374	26.234945401253952	0.0
27.0	26.178748911881698	23.741914867828058	23.773318788359614	26.306017431930623	0.0
28.0	26.153129924079643	23.720703447819908	23.813537844478972	26.312628783621477	0.0
29.0	26.229435941511575	23.75155642237722	23.738333718995516	26.28067391711569	0.0
30.0	26.21538681916851	23.805273654865402	23.79976419512303	26.179575330843058	0.0
31.0	26.263870064901436	23.778001829140635	23.664506958447653	26.293621147510276	0.0
32.0	26.18839046643086	23.795356627329124	23.780205613037587	26.23604729320243	0.0
33.0	26.099688164578584	23.824832236950844	23.810232168633544	26.26524742983703	0.0
34.0	26.309598580763172	23.80114156005862	23.767809328617236	26.121450530560974	0.0
35.0	26.25057504827651	23.77160046609901	23.6950191866407	26.282805298983785	0.0
36.0	26.264899604146407	23.76554007707713	23.770223104957676	26.19933721381879	0.0
37.0	26.167933379796317	23.84101946762237	23.761683465881386	26.229363686699926	0.0
38.0	26.176951853096575	23.756934994242645	23.833240591271963	26.232872561388813	0.0
39.0	26.28300836882324	23.75004820750715	23.786961384409416	26.179982039260192	0.0
40.0	26.191000898036993	23.787512327348256	23.807621744615908	26.213865029998846	0.0
41.0	26.230944261102877	23.883651870175807	23.672640724600154	26.212763144121165	0.0
42.0	26.294302699069455	23.760791594814528	23.729938790239494	26.214966915876524	0.0
43.0	26.18108392513787	23.70404447211402	23.755006693956705	26.359864908791398	0.0
44.0	26.2146914444071	23.74288594930223	23.706248243869382	26.336174362421282	0.0
45.0	26.271163095638183	23.696882213909106	23.83571983449674	26.196234855955968	0.0
46.0	26.36647622405747	23.640135091208602	23.74013123460803	26.25325745012589	0.0
47.0	26.202295228283205	23.792195342328395	23.880070741073347	26.12543868831505	0.0
48.0	26.303393257560316	23.818365131923287	23.706799186808222	26.171442423708175	0.0
49.0	26.288517798211643	23.701565228889244	23.69027089864303	26.319646074256088	0.0
50.0	26.332317761849406	23.770984039183062	23.755282165426127	26.141416033541404	0.0
51.0	26.164280165503257	23.767402910080605	23.830210405108343	26.238106519307795	0.0
52.0	26.178053738974256	23.74013123460803	23.776768940040878	26.305046086376834	0.0
53.0	26.159321679053697	23.720572760279218	23.80211231522751	26.31799324543957	0.0
54.0	26.240310291063157	23.738753877260933	23.734897276689054	26.286038554986863	0.0
55.0	26.232321618449976	23.80569344432997	23.785308555592895	26.176676381627157	0.0
56.0	26.27749893943484	23.77484063975494	23.6497765926383	26.297883828171916	0.0
57.0	26.19375561273119	23.792746285267235	23.77814629738798	26.235351804613593	0.0
58.0	26.103951913700296	23.823048146903425	23.80982551637127	26.26317442302501	0.0
59.0	26.310280044295816	23.793297228206075	23.774014225346683	26.122408502151433	0.0
60.0	26.235004063192978	23.75659408013443	23.71224329573158	26.29615856094101	0.0
61.0	26.248502128011243	23.762654435767118	23.784692092613252	26.20415134360839	0.0
62.0	26.166962797680537	23.837857939754556	23.76651102571519	26.228668236849717	0.0
63.0	26.18176609295458	23.754875818145756	23.828977235163187	26.23438085373647	0.0
64.0	26.282863565242305	23.747713599400576	23.78765674240254	26.18176609295458	0.0
65.0	26.197743350155367	23.779392643850407	23.80060383013421	26.22226017586002	0.0
66.0	26.237686493157327	23.879112766379443	23.67085748286577	26.21234325759746	0.0
67.0	26.29360689336007	23.758456927518345	23.72843070277894	26.21950547634264	0.0
68.0	26.184245322520223	23.705291226832976	23.75101923882143	26.359444211825373	0.0
69.0	26.208486678273136	23.750743768869693	23.7047402869295	26.336029265927674	0.0
70.0	26.255592040020275	23.699781827798226	23.841924322894858	26.202701809286644	0.0
71.0	26.37404411926747	23.642208607885053	23.74027591070366	26.243471362143815	0.0
72.0	26.20986402803182	23.80253211979637	23.87580712695859	26.111796725213214	0.0
73.0	26.30572757123653	23.816305617383257	23.716310024902484	26.16165678647773	0.0
74.0	26.282588095290567	23.71080062586773	23.685181920356126	26.321429358485577	0.0
75.0	26.340161315203737	23.757905987614873	23.758456927518345	26.143475769663045	0.0
76.0	26.1724001145955	23.761762566939197	23.82649800559755	26.239339312867756	0.0
77.0	26.182592502809793	23.733940101813694	23.772505895056966	26.310961500319547	0.0
78.0	26.15256627807039	23.715208145095534	23.814377327721093	26.317848249112984	0.0
79.0	26.233829913833002	23.74137779051061	23.742204200365823	26.282588095290567	0.0
80.0	26.227494104943034	23.796747250809883	23.790686911871653	26.18507173237543	0.0
81.0	26.269641007558896	23.776637944333032	23.653227405954556	26.300493642153516	0.0
82.0	26.187000022037598	23.796747250809883	23.778290764043458	26.237961963109065	0.0
83.0	26.10518544637151	23.818233907045418	23.805837759217223	26.270742887365845	0.0
84.0	26.30242193181568	23.79564537100293	23.77443418471913	26.12749851246226	0.0
85.0	26.215301211788976	23.76279898737525	23.722305016018534	26.299594784817238	0.0
86.0	26.247255638165708	23.747648181765594	23.777674323792	26.227421856276706	0.0
87.0	26.165716757066477	23.834420977529977	23.76114617221783	26.238716093185722	0.0
88.0	26.182999190122803	23.748684638227306	23.830774231580804	26.237541940069086	0.0
89.0	26.28574891603171	23.74262433267772	23.789729434904057	26.181897316386515	0.0
90.0	26.208617754491513	23.7685183654805	23.79854442479436	26.224319455233626	0.0
91.0	26.248009740563827	23.870166217653118	23.668247855478242	26.21357618630481	0.0
92.0	26.3086127960597	23.756397754381325	23.713975615534217	26.22101383402476	0.0
93.0	26.173082326496207	23.70929265215499	23.753643070040603	26.3639819513082	0.0
94.0	26.21991196028847	23.756673222815397	23.697447509489887	26.325967307406245	0.0
95.0	26.271700025894035	23.70047766226468	23.830498763146732	26.197323548694555	0.0
96.0	26.36866491468743	23.64373116484582	23.740696053639212	26.24690786682754	0.0
97.0	26.216606339079608	23.796340677321787	23.868513407048685	26.11853957654992	0.0
98.0	26.31439763317521	23.812593314932045	23.713149210231997	26.159859841660744	0.0
99.0	26.289880942542794	23.712598273363856	23.68394955622035	26.313571227873002	0.0
100.0	26.33588417103284	23.771548518255294	23.755020412210964	26.1375468985009	0.0
101.0	26.17473513710064	23.76714102331014	23.82278564699271	26.235338192596508	0.0
102.0	26.197599017128624	23.733533874353338	23.7685183654805	26.30034874303753	0.0
103.0	26.158757967924455	23.718934047347513	23.807634883118745	26.314673101609287	0.0
104.0	26.226798671140273	23.75281666473839	23.73931871146885	26.281065952652487	0.0
105.0	26.22982882391507	23.79854442479436	23.783669129354468	26.187957621936103	0.0
106.0	26.28326970012506	23.77237492355751	23.63987460676881	26.304480769548615	0.0
107.0	26.206414007018935	23.79551427201957	23.762733528364986	26.235338192596508	0.0
108.0	26.112754739434408	23.823061115426782	23.797442551058072	26.266741594080735	0.0
109.0	26.30999013823006	23.79854442479436	23.773201328859724	26.118264108115852	0.0
110.0	26.221492538958014	23.751373895030287	23.726306336582933	26.300827229428762	0.0
111.0	26.24848837113209	23.746415476875864	23.782501742333046	26.222594409659	0.0
112.0	26.168327277635605	23.84034995413463	23.76569821414306	26.2256245540867	0.0
113.0	26.16990799404991	23.758470607680017	23.83532587736213	26.236295520907937	0.0
114.0	26.289185168861216	23.746625530273814	23.789873836152278	26.174315464712688	0.0
115.0	26.19166988044736	23.778579692578923	23.810258387967608	26.219492039006116	0.0
116.0	26.236295520907937	23.872789377995705	23.668392926009584	26.22252217508677	0.0
117.0	26.302958514682384	23.74800286485593	23.7323012506198	26.21673736984188	0.0
118.0	26.177896534626193	23.706407360476007	23.751583934769435	26.36411217012837	0.0
119.0	26.225276844251006	23.755165004682937	23.690981213156302	26.32857693790976	0.0
120.0	26.278166492204285	23.702826290562502	23.82981653903366	26.189190678199548	0.0
121.0	26.372927111453915	23.643600903531485	23.73973885736323	26.24373312765137	0.0
122.0	26.214533634510495	23.789598369235854	23.874166712577818	26.12170128367583	0.0
123.0	26.31700732741998	23.80998292105118	23.719629772464327	26.15337997906451	0.0
124.0	26.289460635777644	23.706407360476007	23.683819073329293	26.320312930417057	0.0
125.0	26.33546361082034	23.771417552751913	23.75048206710374	26.142636769324007	0.0
126.0	26.174866398545532	23.76094980992783	23.82458266762162	26.23960112390502	0.0
127.0	26.20682056085064	23.724588176959944	23.772519420417606	26.296071841771802	0.0
128.0	26.166051457219986	23.712192165720896	23.808605586469064	26.31315079059005	0.0
129.0	26.235193653242245	23.744146328026	23.737535122031844	26.283124896699906	0.0
130.0	26.235265922720295	23.794622320043853	23.786358289786484	26.18375346744936	0.0
131.0	26.28705384566648	23.7665246171688	23.641186824932028	26.305234712232696	0.0
132.0	26.209371961247207	23.791041240265663	23.76459634344208	26.234990455045054	0.0
133.0	26.117916693065652	23.829331247124806	23.776992388828134	26.275759670981408	0.0
134.0	26.313223274814817	23.793244981667627	23.766249149493554	26.127282594024003	0.0
135.0	26.220462897156615	23.75143932256803	23.731605595314832	26.296492184960524	0.0
136.0	26.24112302971203	23.756122285947253	23.779537102843385	26.223217581497337	0.0
137.0	26.167572957814766	23.836283600262245	23.77209945512344	26.22404398679955	0.0
138.0	26.16496242589858	23.764241796504837	23.834211164246206	26.236584613350377	0.0
139.0	26.287343498202553	23.737035659683485	23.799016569563243	26.17660427255072	0.0
140.0	26.19588722229109	23.767888379268072	23.813891987934383	26.222332410506453	0.0
141.0	26.235004063192978	23.87917854634106	23.673677396250845	26.212139994215118	0.0
142.0	26.298913268046775	23.74805448810655	23.72904700907676	26.223985234769913	0.0
143.0	26.1768797432613	23.705356527967165	23.76182802363539	26.35593570513615	0.0
144.0	26.22874048934752	23.750874621915408	23.696331270970266	26.324053617766808	0.0
145.0	26.280529125598463	23.703769000644602	23.8379236062521	26.177778267504838	0.0
146.0	26.37887244018137	23.643440748841645	23.73655010550557	26.241136705471412	0.0
147.0	26.21248767265174	23.783655726776377	23.881448098420446	26.122408502151433	0.0
148.0	26.32019701719493	23.80624438726881	23.71671615970734	26.15684243582892	0.0
149.0	26.288242326742218	23.709829372971843	23.68834259835709	26.313585701928847	0.0
150.0	26.331215875971726	23.77236139653016	23.755557636895546	26.140865090602567	0.0
151.0	26.176951853096575	23.765199138325244	23.822772675434006	26.235076333144175	0.0
152.0	26.195132970078287	23.723327474973416	23.775942525632622	26.305597029315674	0.0
153.0	26.16703488019746	23.71919540293212	23.80679533020765	26.306974386662773	0.0
154.0	26.231495204041718	23.74591613546585	23.74536519252701	26.27722346796542	0.0
155.0	26.222752353221512	23.803004300121483	23.787026910881977	26.187216435775028	0.0
156.0	26.286937382407793	23.76554007707713	23.638822852074167	26.30869968844091	0.0
157.0	26.19823532490572	23.787302383110244	23.77160046609901	26.242861825885022	0.0
158.0	26.116971017566865	23.81870621713272	23.783170299686237	26.281152465614177	0.0
159.0	26.321371410941207	23.781792938544903	23.766366493761932	26.13046915675196	0.0
160.0	26.219243440988176	23.746597908609083	23.725937434575165	26.308221215827576	0.0
161.0	26.23770013112514	23.750179057441628	23.779103721089108	26.23301709034412	0.0
162.0	26.16910735733254	23.832545480590174	23.767258382642996	26.231088779434288	0.0
163.0	26.179444092449245	23.75526844990496	23.83295226026831	26.23233519737748	0.0
164.0	26.303755554270005	23.72503161078651	23.796104228820774	26.175108606122716	0.0
165.0	26.199625904591894	23.766077425077615	23.812908219906394	26.221388450424094	0.0
166.0	26.240120768355606	23.879022283194082	23.668283706464578	26.212573241985737	0.0
167.0	26.29741962320493	23.760292444539942	23.726684462368702	26.21560346988642	0.0
168.0	26.16932362558504	23.72117495709473	23.766352900341314	26.34314851697892	0.0
169.0	26.22834758462623	23.755399330042312	23.693141748942175	26.32311133638928	0.0
170.0	26.287850405500706	23.70526269393512	23.82619666784203	26.180690232722142	0.0
171.0	26.38178772919605	23.65209582157969	23.731983868124118	26.234132581100138	0.0
172.0	26.219807827926655	23.790935736953458	23.878812588152325	26.110443846967563	0.0
173.0	26.325590620592383	23.812973818758813	23.712149594499294	26.149285966149506	0.0
174.0	26.31071491537377	23.705538169957688	23.677439615655853	26.306307299012694	0.0
175.0	26.3363341854725	23.77606003173484	23.75374647390691	26.133859308885754	0.0
176.0	26.19198474964739	23.758705042313117	23.82371738363893	26.22559282440056	0.0
177.0	26.19391308180536	23.730606488011283	23.77661098377997	26.298869446403383	0.0
178.0	26.160305007052187	23.725096967559946	23.806362394217206	26.30823563117066	0.0
179.0	26.23909114950635	23.758429566290552	23.73914624471086	26.26333303949224	0.0
180.0	26.229521744759744	23.804499637748034	23.786042693391586	26.17993592410064	0.0
181.0	26.280484949326045	23.77061599363098	23.64334572060594	26.305553336437036	0.0
182.0	26.19453619351693	23.801469393152196	23.77309528466393	26.23089912866694	0.0
183.0	26.11464792689948	23.824884919574554	23.789623891550303	26.270843261975664	0.0
184.0	26.313266686317345	23.792103182583254	23.78025768098136	26.11437245011804	0.0
185.0	26.214167258943377	23.751949003597737	23.739277036743196	26.29460670071569	0.0
186.0	26.234001641846138	23.763519060291014	23.785006308435676	26.217472989427172	0.0
187.0	26.158796273339835	23.839550861418267	23.778670325008402	26.222982540233495	0.0
188.0	26.165551894744958	23.756487531817832	23.82783660786107	26.25012396557614	0.0
189.0	26.285182216124937	23.733688151337592	23.795120150522173	26.186009482015297	0.0
190.0	26.1898661994529	23.76977600736082	23.820464293683525	26.21989349950276	0.0
191.0	26.235044889436175	23.873080938725025	23.673358071420896	26.218516100417904	0.0
192.0	26.291518251915274	23.756828455963173	23.72707663573028	26.224576656391267	0.0
193.0	26.171684531532797	23.71302716506475	23.763990931204425	26.351297372198022	0.0
194.0	26.226026302885387	23.756067459683415	23.697114616448395	26.320791620982803	0.0
195.0	26.28883587418251	23.697114616448395	23.82631500652889	26.187734502840204	0.0
196.0	26.3745103332764	23.643395904154797	23.736783819372896	26.245309943195906	0.0
197.0	26.20591622084727	23.796563104335515	23.883614966308723	26.113905708508494	0.0
198.0	26.308119514493033	23.824662123073704	23.724111712883126	26.14310664955014	0.0
199.0	26.300681538944687	23.704552591996737	23.692431446658695	26.302334422399877	0.0
200.0	26.33566757207949	23.777279464024993	23.751659770469587	26.135393193425934	0.0
201.0	26.194896997812684	23.769015046749054	23.815846744646034	26.220241210792228	0.0
202.0	26.197376322995463	23.727141999217636	23.77672850287326	26.298753174913635	0.0
203.0	26.16955278483314	23.71777565963824	23.812816458311524	26.299855097217094	0.0
204.0	26.234290720161326	23.7538636150765	23.730172285552147	26.28167337921003	0.0
205.0	26.2260985506927	23.797730584764228	23.789466144721363	26.18670471982171	0.0
206.0	26.27733807895846	23.7688050446142	23.64153266795408	26.312324208473253	0.0
207.0	26.19855041721648	23.794700290081845	23.775416596648494	26.23133269605318	0.0
208.0	26.117283423461647	23.82224842355806	23.78781325671279	26.272654896267504	0.0
209.0	26.313701615147068	23.790843551395174	23.7710088952923	26.124445938165458	0.0
210.0	26.210468319559226	23.752617079889806	23.739393939393942	26.297520661157026	0.0
211.0	26.226997245179064	23.766666666666666	23.792011019283745	26.214325068870526	0.0
212.0	26.1534435261708	23.838567493112947	23.780440771349863	26.22754820936639	0.0
213.0	26.17066760698406	23.747513760406395	23.836770450525897	26.245048182083647	0.0
214.0	26.282035388722218	23.728295275167564	23.81507285184175	26.174596484268463	0.0
215.0	26.19002360901054	23.770444383837884	23.818654148656876	26.220877858494696	0.0
216.0	26.23382562390323	23.875403928958093	23.67677969790384	26.213990749234846	0.0
217.0	26.301870263390608	23.76300630583724	23.72554043146362	26.209582999308534	0.0
218.0	26.17336326946652	23.73421121503051	23.753495227206987	26.33893028829598	0.0
219.0	26.24037862884786	23.767334997272684	23.696534928951994	26.29575144492746	0.0
220.0	26.26765180691692	23.71223766784024	23.846124178361077	26.173986346881765	0.0
221.0	26.37013283966126	23.658242284996447	23.737306952732002	26.23431792261029	0.0
222.0	26.21172801754299	23.796261095224715	23.88083549590351	26.111175391328782	0.0
223.0	26.300710204576383	23.826013653118235	23.722981647079568	26.15029449522582	0.0
224.0	26.294649498338817	23.707003421544158	23.6797302434751	26.31861683664193	0.0
225.0	26.32936081588125	23.788822955751336	23.751081285090113	26.1307349432773	0.0
226.0	26.189964572417175	23.78166030292512	23.8094844542885	26.218890670369206	0.0
227.0	26.18913811247569	23.729593326611457	23.781384816277956	26.2998837446349	0.0
228.0	26.173435373587445	23.7147170476647	23.81306578070161	26.29878179804625	0.0
229.0	26.238450222317724	23.7497038518543	23.73207270643592	26.279773219392055	0.0
230.0	26.23328824522787	23.80211188645511	23.7943982390845	26.17020162923252	0.0
231.0	26.27764171760888	23.769879859942204	23.642880165733224	26.309598256715695	0.0
232.0	26.202158168339334	23.798806037581993	23.775940582876252	26.22309521120242	0.0
233.0	26.11978743391746	23.82607929078522	23.792469827241845	26.261663448055472	0.0
234.0	26.313455080401	23.788062028744356	23.77566509547016	26.122817795384485	0.0
235.0	26.21242341429012	23.75341605324635	23.74157006215013	26.292590470313392	0.0
236.0	26.222340988231146	23.76994534314806	23.78785207387491	26.21986159474589	0.0
237.0	26.162284568254947	23.83991933706528	23.77848547626394	26.219310618415832	0.0
238.0	26.180335546433785	23.754097909033305	23.82104190198077	26.244524642552136	0.0
239.0	26.29721561810413	23.72496136246553	23.800721233976788	26.177101785453555	0.0
240.0	26.192148857096413	23.769694665531617	23.814600844676963	26.223555632695007	0.0
241.0	26.233803445530263	23.875711849417158	23.671283298848643	26.21920140620394	0.0
242.0	26.298213759261145	23.753172003163048	23.72341510052598	26.225199137049827	0.0
243.0	26.170276667208558	23.71881948711449	23.75877242530867	26.352131420368284	0.0
244.0	26.23396663130485	23.75101607814502	23.701693233952852	26.313324056597274	0.0
245.0	26.27493448626485	23.70646539965445	23.83019060294681	26.18840951113389	0.0
246.0	26.377211764478947	23.645798026393745	23.729570199151805	26.247420009975503	0.0
247.0	26.229575962675234	23.78819904703901	23.872527000101964	26.109697990183783	0.0
248.0	26.333093570780935	23.81503559233752	23.712240842861828	26.139629994019714	0.0
249.0	26.307188191556502	23.703973168641262	23.680823680823682	26.308014958978553	0.0
