# Position (bp)	A	C	G	T	N
0.0	26.33748394630925	23.844064919322403	23.61494442579797	26.203506708570384	0.0
1.0	26.352462767919803	23.865146223811333	23.62825893389624	26.154132074372622	0.0
2.0	26.11158264960252	23.71422548415908	23.817131825519663	26.35706004071874	0.0
3.0	26.169561852882197	23.808665311296078	23.78148393663966	26.24028889918206	0.0
4.0	26.238919890391504	23.774670231531303	23.798522282252964	26.18788759582423	0.0
5.0	26.258819222577213	23.630524494142705	23.85655173943912	26.254104543840967	0.0
6.0	26.239992013023212	23.766247812594465	23.802854789551482	26.19090538483084	0.0
7.0	26.27527321836116	23.980266715472993	23.63806782415303	26.106392242012816	0.0
8.0	26.318255931319808	23.68118948057278	23.778519693423693	26.22203489468372	0.0
9.0	26.275949458343618	23.81208530082933	23.723080079744243	26.188885161082816	0.0
10.0	26.29270429579847	23.731971453762082	23.698700780197296	26.276623470242157	0.0
11.0	26.18976985075372	23.78985191818764	23.88661385886065	26.133764372197994	0.0
12.0	26.084135755061983	23.800942111961053	23.731073891188565	26.383848241788403	0.0
13.0	26.201137299371464	23.755472317490067	23.889663662148337	26.153726720990132	0.0
14.0	26.28098669454002	23.749095456070357	23.794287995697005	26.175629853692616	0.0
15.0	26.224426706295628	23.79983309258371	23.72136997163683	26.254370229483836	0.0
16.0	26.362222363930254	23.68033625467521	23.710557032707754	26.246884348686784	0.0
17.0	26.23551690006904	23.733846439631918	23.74188683011764	26.288749830181406	0.0
18.0	26.209732199545854	23.801496621649722	23.75242251420238	26.236348664602044	0.0
19.0	26.2399529775784	23.711666052085096	23.745213888249662	26.303167082086844	0.0
20.0	26.243557290554758	23.72136997163683	23.77238486299452	26.262687874813896	0.0
21.0	26.182561224801	23.712220561773766	23.90768522703013	26.197532986395107	0.0
22.0	26.241339251800078	23.870810332733537	23.62932136331752	26.258529052148866	0.0
23.0	26.232189841937014	23.633757440826887	23.780147998635908	26.353904718600198	0.0
24.0	26.145059332372185	23.691083508927584	23.864644560275035	26.299212598425196	0.0
25.0	26.342186980148607	23.83775091493845	23.62509703892647	26.19496506598647	0.0
26.0	26.349118332039478	23.86713984695575	23.630364866363536	26.15337695464123	0.0
27.0	26.116779416657426	23.69773760674282	23.825551735610514	26.359931240989244	0.0
28.0	26.17528002661639	23.791172230231787	23.785349894643453	26.248197848508376	0.0
29.0	26.23405789065099	23.7706554286348	23.80115337695464	26.194133303759564	0.0
30.0	26.260119773760675	23.625374293002107	23.856604192081623	26.257901741155592	0.0
31.0	26.241821004768774	23.76400133081956	23.790617722080516	26.20355994233115	0.0
32.0	26.26954641233226	23.98164578019297	23.634800931573693	26.114006875901076	0.0
33.0	26.315570588887656	23.677220805145836	23.778695796828213	26.228512809138294	0.0
34.0	26.275368747920595	23.804203171786625	23.727958300987023	26.192469779305753	0.0
35.0	26.29394477098813	23.730176333592105	23.694687811910836	26.281191083508926	0.0
36.0	26.187683853599165	23.787501975429812	23.896739778363706	26.12807439260732	0.0
37.0	26.07789154405139	23.79249253495471	23.737596380180825	26.392019540813074	0.0
38.0	26.199882999104474	23.75062728560695	23.89119471222493	26.158295003063646	0.0
39.0	26.27474139197795	23.75062728560695	23.78972000188532	26.184911320529775	0.0
40.0	26.23953022199672	23.79720584117267	23.709039289566125	26.25422464726448	0.0
41.0	26.373166315941234	23.68464099855551	23.706544009803675	26.23564867569958	0.0
42.0	26.236757688927337	23.73371483388368	23.751181792220827	26.27834568496816	0.0
43.0	26.210418624768145	23.808850480064102	23.760608404656747	26.220122490511006	0.0
44.0	26.231212622788558	23.718465902002045	23.75700411166654	26.293317363542855	0.0
45.0	26.233430649244067	23.73343758057674	23.77641184315226	26.25671992702693	0.0
46.0	26.183247800688143	23.711811822635514	23.904502870957995	26.200437505718348	0.0
47.0	26.229271849639986	23.879827326640438	23.632794630157953	26.258106193561627	0.0
48.0	26.233430649244067	23.63750793637591	23.77862986960777	26.350431544772253	0.0
49.0	26.14935039730289	23.67903028152223	23.854253885694323	26.31736543548056	0.0
50.0	26.33899113346383	23.835123460555284	23.62080724849036	26.20507815749053	0.0
51.0	26.3412091537698	23.855917400923808	23.636887895708686	26.16598554959771	0.0
52.0	26.115802840175	23.70204224219673	23.829023904713846	26.35313101291442	0.0
53.0	26.16737181228894	23.789654044282777	23.793258327279986	26.249715816148296	0.0
54.0	26.236962199388934	23.763869558225807	23.801298650889148	26.197869591496108	0.0
55.0	26.267182726057857	23.617480218031396	23.845936309546914	26.269400746363836	0.0
56.0	26.24361626030686	23.758601759999113	23.7874360239768	26.210345955717223	0.0
57.0	26.272727776822798	23.977354012675985	23.63078833986725	26.119129870633966	0.0
58.0	26.329564547163432	23.67043545283657	23.771078124220228	26.228921875779772	0.0
59.0	26.281045352970207	23.804348428809867	23.73226276886565	26.182343449354278	0.0
60.0	26.290194686732356	23.73475804170987	23.69594268635529	26.27910458520248	0.0
61.0	26.19252917381745	23.777389009185352	23.904093067874005	26.12598874912319	0.0
62.0	26.086896249615315	23.805114186141292	23.7435642932991	26.36442527094429	0.0
63.0	26.211936797686615	23.762140161859584	23.884130940465727	26.141792099988077	0.0
64.0	26.279308977689553	23.757981385316192	23.781270533959184	26.181439103035075	0.0
65.0	26.23411693925137	23.808163955606446	23.70779881502594	26.24992029011625	0.0
66.0	26.368306795718123	23.69615424070444	23.69615424070444	26.239384722872995	0.0
67.0	26.228571903860175	23.733583229594963	23.747168566303376	26.29067630024149	0.0
68.0	26.208887028221454	23.80733220029777	23.758535888855313	26.225244882625464	0.0
69.0	26.228849155629735	23.71639361988228	23.75465436408148	26.300102860406504	0.0
70.0	26.234394191020925	23.726374683586418	23.771566722024602	26.26766440336805	0.0
71.0	26.186429634887144	23.71500736103448	23.89328024886119	26.205282755217183	0.0
72.0	26.2543563184292	23.869991100218197	23.62573229123635	26.24992029011625	0.0
73.0	26.242434492338145	23.629059312471064	23.77794351272447	26.35056268246632	0.0
74.0	26.15419591664726	23.685830255847222	23.84386332634661	26.316110501158906	0.0
75.0	26.33607257322199	23.832773286311564	23.618181011633453	26.212973128832996	0.0
76.0	26.34743986425791	23.849408346364132	23.633152565680764	26.1699992236972	0.0
77.0	26.1084495015027	23.69525678987701	23.833050537312438	26.36324317130785	0.0
78.0	26.165840458684052	23.78453161215912	23.798671413203802	26.25095651595302	0.0
79.0	26.23709396590922	23.75015248805048	23.80504818622395	26.207705359816348	0.0
80.0	26.261492053986313	23.61319049361768	23.853012609375522	26.272304843020482	0.0
81.0	26.245688746936374	23.752924998059243	23.789244879174014	26.212141375830367	0.0
82.0	26.270086835013473	23.973339543755753	23.625112286655355	26.131461334575416	0.0
83.0	26.3335773142141	23.672244956804295	23.760688026083773	26.233489702897828	0.0
84.0	26.282008628051145	23.806434441228333	23.72464539596988	26.18691153475064	0.0
85.0	26.28810815007042	23.743498464029457	23.694425036874385	26.27396834902574	0.0
86.0	26.187670682174197	23.781138666703633	23.90257426840595	26.128616382716217	0.0
87.0	26.08037484231393	23.805259436904777	23.744818886285817	26.369546834495473	0.0
88.0	26.212345952839733	23.76921690671916	23.881226000526777	26.137211139914328	0.0
89.0	26.285817264371957	23.763117401610824	23.76256290114643	26.188502432870784	0.0
90.0	26.2345259714155	23.80248693458281	23.71321235981535	26.24977473418634	0.0
91.0	26.374260088442824	23.69269584263277	23.69158684170398	26.241457227220426	0.0
92.0	26.2442297295424	23.72347061840664	23.74176913373165	26.29053051831931	0.0
93.0	26.221495210502237	23.79832818109985	23.7559088955737	26.22426771282421	0.0
94.0	26.238130224434066	23.71127160818997	23.747314138375593	26.303284029000373	0.0
95.0	26.230089967700348	23.733451626765735	23.77171215880893	26.26474624672498	0.0
96.0	26.187393431941995	23.71459861097634	23.89592026283322	26.202087694248444	0.0
97.0	26.24506148023899	23.86209573450518	23.632809792478202	26.26003299277763	0.0
98.0	26.240348226291637	23.635582294800173	23.776425412756282	26.347644066151904	0.0
99.0	26.154050891911524	23.680985677292714	23.839849619890984	26.325113810904778	0.0
100.0	26.32345031412364	23.834027381157018	23.628031029759956	26.214491274959386	0.0
101.0	26.342303277643158	23.84650360701552	23.638566509373803	26.17262660596752	0.0
102.0	26.08806551959322	23.69762064510405	23.832363884375884	26.38194995092685	0.0
103.0	26.15820963386436	23.787726720748793	23.793826208946285	26.26023743644056	0.0
104.0	26.233621487942422	23.750852542100333	23.80297544124252	26.21255052871473	0.0
105.0	26.26883216980975	23.609455315703965	23.843731112380297	26.277981402105986	0.0
106.0	26.249701956826716	23.747802798001587	23.78800397021232	26.214491274959386	0.0
107.0	26.286298886011654	23.96599812579363	23.615277554437935	26.132425433756783	0.0
108.0	26.33564929051862	23.666014206262513	23.76776475937519	26.23057174384368	0.0
109.0	26.28768513332927	23.79798495089912	23.71702810755061	26.197301808221003	0.0
110.0	26.304042851677085	23.735326572143084	23.68070842782919	26.279922148350643	0.0
111.0	26.193347694815728	23.77546182701345	23.892460776240895	26.13872970192993	0.0
112.0	26.085497952518388	23.814276644292697	23.730547538447464	26.369677864741455	0.0
113.0	26.222458807775162	23.763817381829675	23.876934849329196	26.136788961065964	0.0
114.0	26.29426621974177	23.749123201002533	23.772966588759783	26.183643990495913	0.0
115.0	26.24075722163538	23.809563416480216	23.7050406585211	26.244638703363304	0.0
116.0	26.37605458472304	23.70005018201377	23.69589145159099	26.2280037816722	0.0
117.0	26.25545140246252	23.72722055410924	23.7435782271055	26.273749816322738	0.0
118.0	26.23133076601042	23.798473468686147	23.75355918012016	26.216636585183274	0.0
119.0	26.250183677260342	23.706426901995357	23.747182460138568	26.296206960605733	0.0
120.0	26.238816480771415	23.732488279311426	23.76631262008334	26.26238261983382	0.0
121.0	26.195011186984836	23.720012088043095	23.88968828929238	26.195288435679686	0.0
122.0	26.24630219553242	23.867785642399088	23.624361288319236	26.26155087374926	0.0
123.0	26.24380695727875	23.6343422413339	23.762153889660564	26.359696911726786	0.0
124.0	26.163754623134807	23.686253417099635	23.820719406907948	26.329272552857606	0.0
125.0	26.326777307685912	23.83097763705827	23.627753780296434	26.214491274959386	0.0
126.0	26.34258052710668	23.85260309521301	23.639675507227896	26.165140870452415	0.0
127.0	26.090283515301397	23.701779387056888	23.833472882229973	26.37446421541174	0.0
128.0	26.15820963386436	23.79188546270163	23.799371198216733	26.250533705217283	0.0
129.0	26.223363257792098	23.759170026006	23.817115163882157	26.200351552319745	0.0
130.0	26.26633692463805	23.610287064094532	23.840958617745077	26.282417393522344	0.0
131.0	26.242216221311608	23.750020793709766	23.794935206800375	26.212827778178248	0.0
132.0	26.278535901033027	23.96516637740306	23.63329876956688	26.12299895199703	0.0
133.0	26.32317306466012	23.672668193387043	23.77608224328086	26.228076498671975	0.0
134.0	26.28130839566826	23.797430451972076	23.7256228409198	26.19563831143987	0.0
135.0	26.290807768551506	23.73594687885551	23.68604183706004	26.28720351553294	0.0
136.0	26.19772432378481	23.771223564117065	23.90069978152621	26.130352330571917	0.0
137.0	26.08211065641947	23.817801732264254	23.734903683002294	26.36518392831398	0.0
138.0	26.219349901853146	23.765678544099544	23.876024442448237	26.13894711159907	0.0
139.0	26.295871178094956	23.745716472036463	23.762074281088154	26.196338068780427	0.0
140.0	26.235707710904837	23.796176154195916	23.710505594925195	26.257610539974046	0.0
141.0	26.37586572105068	23.69732894904653	23.692061150819836	26.23474417908296	0.0
142.0	26.261637675292913	23.71756838433856	23.73947133486007	26.281322605508457	0.0
143.0	26.222545067400095	23.78826778159154	23.756938244769632	26.232248906238738	0.0
144.0	26.25221108899252	23.711746081035372	23.74501638562501	26.2910264443471	0.0
145.0	26.234262409164888	23.738150886794703	23.758113124894297	26.269473579146112	0.0
146.0	26.200510147499166	23.7055007208606	23.89070644338472	26.20328268825552	0.0
147.0	26.25596096262615	23.862981035821225	23.62731507153155	26.253742930021073	0.0
148.0	26.244316291449483	23.63618720195187	23.75928801153377	26.360208495064878	0.0
149.0	26.17091652133892	23.68671311609492	23.815913873555157	26.326456489011	0.0
150.0	26.327915758654534	23.83594230865204	23.630773155002522	26.2053687776909	0.0
151.0	26.337896960723974	23.865885914860346	23.63631826726332	26.159898857152363	0.0
152.0	26.09280299879671	23.71145453839713	23.825129339743484	26.370613123062675	0.0
153.0	26.163225924508843	23.792413177404775	23.80433516876549	26.24002572932089	0.0
154.0	26.24196651861217	23.75470641403135	23.797958289665573	26.2053687776909	0.0
155.0	26.272464636046557	23.602770338085495	23.850082344917073	26.274682680950878	0.0
156.0	26.25423855693598	23.756435813761343	23.792201887006932	26.197123742295737	0.0
157.0	26.280855169583866	23.97491384257937	23.627788852629916	26.116442135206846	0.0
158.0	26.33242485658914	23.670486335419223	23.763089966923314	26.233998841068324	0.0
159.0	26.29083639932682	23.80745098800312	23.719837971370506	26.181874641299558	0.0
160.0	26.30643569297652	23.739311736849693	23.67498807794253	26.279264492231253	0.0
161.0	26.201150620364594	23.77680737506065	23.892423927358426	26.129618077216332	0.0
162.0	26.078879878006518	23.82588202675539	23.741595619324876	26.35364247591322	0.0
163.0	26.217231579676998	23.774034795868857	23.87856103139946	26.13017259305469	0.0
164.0	26.29098218617869	23.761558189505788	23.766826089970195	26.180633534345326	0.0
165.0	26.227212864767452	23.807305746170375	23.714147085326122	26.25133430373605	0.0
166.0	26.375618980020736	23.707835885037458	23.695913761457714	26.22063137348409	0.0
167.0	26.258338555038623	23.73944337545817	23.74166144496138	26.26055662454183	0.0
168.0	26.22118589085989	23.794063336974663	23.77105086587888	26.213699906286564	0.0
169.0	26.239207705573453	23.718648973865598	23.760792294426547	26.281351026134402	0.0
170.0	26.230685413102726	23.740618233136388	23.76390802749305	26.26478832626784	0.0
171.0	26.176415136190222	23.715176115695147	23.896781563304053	26.211627184810578	0.0
172.0	26.241848549374502	23.872937183923344	23.623402981101943	26.26181128560021	0.0
173.0	26.236303344867355	23.63227530831337	23.768687339189068	26.362734007630202	0.0
174.0	26.163456446456745	23.68612946424858	23.817551175447985	26.33286291384669	0.0
175.0	26.31768652785094	23.816508165358915	23.642110516538665	26.22369479025148	0.0
176.0	26.33238140128095	23.84700695927025	23.651537416474895	26.169074222973908	0.0
177.0	26.092827238195582	23.703108104361327	23.827875897634957	26.376188759808134	0.0
178.0	26.164638034768622	23.79155460670419	23.79377270080683	26.250034657720356	0.0
179.0	26.223417528488646	23.75384700695927	23.807635788948346	26.21509967560374	0.0
180.0	26.265006792913187	23.60606648737073	23.85809742978346	26.270829289932625	0.0
181.0	26.25066196429413	23.751972029755816	23.796888559870684	26.20047744607937	0.0
182.0	26.272842966819994	23.976554680330164	23.629144728268855	26.121457624580984	0.0
183.0	26.321363909845314	23.67600209610474	23.770548619371223	26.23208537467872	0.0
184.0	26.28642883086708	23.800215710249564	23.718977788498595	26.194377670384757	0.0
185.0	26.29981035190258	23.747324409151908	23.67329510796633	26.279570130979184	0.0
186.0	26.212545090069234	23.768739585268406	23.892122096005455	26.1265932286569	0.0
187.0	26.081399185398162	23.828905888257033	23.734913368841617	26.35478155750318	0.0
188.0	26.20672254461872	23.773730338511704	23.88297238172608	26.136574735143498	0.0
189.0	26.287129124649606	23.75931260691996	23.766798736784903	26.18675953164554	0.0
190.0	26.226131029453764	23.80922013935292	23.7182775246973	26.24637130649602	0.0
191.0	26.37065872580171	23.718620551978837	23.68451697692602	26.226203745293432	0.0
192.0	26.263634498400183	23.738306355464616	23.73775182578896	26.26030732034625	0.0
193.0	26.219549389185566	23.794591117543657	23.767141898598705	26.218717594672082	0.0
194.0	26.242007841049613	23.717511492627526	23.760764807328663	26.279715858994194	0.0
195.0	26.2201766181914	23.74003576726325	23.77968474900531	26.26010286554004	0.0
196.0	26.17034137036133	23.70627509260697	23.90202515360557	26.221358383426125	0.0
197.0	26.25074861921345	23.865980524809796	23.6192134507464	26.26405740523035	0.0
198.0	26.220249317924715	23.632799503138653	23.783632411330213	26.363318767606415	0.0
199.0	26.169582130687097	23.68693212223045	23.81724767996717	26.326238067115288	0.0
200.0	26.312170397768547	23.828127166155568	23.643744004081384	26.2159584319945	0.0
201.0	26.339342653232112	23.859458440312537	23.647903022774784	26.153295883680567	0.0
202.0	26.08813792415059	23.712506446478976	23.834781596065014	26.36457403330542	0.0
203.0	26.158841241938436	23.794023212869668	23.803450321908045	26.24368522328385	0.0
204.0	26.20985853791084	23.76574188575453	23.815095574249575	26.209304002085055	0.0
205.0	26.26032129805746	23.609085514969692	23.855576689532025	26.275016497440816	0.0
206.0	26.244867063530574	23.757212451581957	23.797416410424194	26.200504074463275	0.0
207.0	26.269266707517584	23.979027396918436	23.63050066405849	26.121205231505485	0.0
208.0	26.318343264173283	23.682349907530895	23.75970786971699	26.23959895857883	0.0
209.0	26.285071022372808	23.817657024186147	23.707304088881248	26.189967864559794	0.0
210.0	26.29983918371874	23.754505628569845	23.674929296290134	26.270725891421282	0.0
211.0	26.215344688473046	23.781743974224963	23.88322487446591	26.119686462836082	0.0
212.0	26.08419587477368	23.830543532810772	23.733498956077625	26.35176163633793	0.0
213.0	26.21118563518448	23.775644029401736	23.880174902054296	26.13299543335949	0.0
214.0	26.2939579711471	23.7535941351478	23.76218955960927	26.19025833409583	0.0
215.0	26.23129455410542	23.81154393232351	23.71338973040867	26.243771783162394	0.0
216.0	26.37166718424205	23.710405483341468	23.696541857060467	26.22138547535602	0.0
217.0	26.259517432220353	23.745473500917775	23.734105264325365	26.2609038025365	0.0
218.0	26.220976337431445	23.798987395121085	23.76959634441875	26.210439923028723	0.0
219.0	26.236371904217915	23.72286858245622	23.77666004902233	26.26409946430354	0.0
220.0	26.231176400453627	23.742620982612	23.768962237731213	26.25724037920316	0.0
221.0	26.17995286288646	23.707749896021074	23.899348398724527	26.212948842367943	0.0
222.0	26.250658533203936	23.872175239151534	23.620407597393594	26.256758630250935	0.0
223.0	26.212671565229446	23.635935117149593	23.782614723416053	26.368778594204905	0.0
224.0	26.159784166876936	23.688128900953558	23.81567673832452	26.336410193844983	0.0
225.0	26.312082695592377	23.819901954260107	23.653534748563697	26.214480601583816	0.0
226.0	26.338701448503805	23.851234444666268	23.644939109602714	26.165124997227213	0.0
227.0	26.084991459816777	23.70788136909119	23.833211330715823	26.37391584037621	0.0
228.0	26.162352210465606	23.785519398416184	23.80492890574743	26.247199485370775	0.0
229.0	26.22002617510703	23.758623366828598	23.801324282957342	26.22002617510703	0.0
230.0	26.277977418424612	23.600297242740844	23.850957165990106	26.270768172844434	0.0
231.0	26.263631750714687	23.745379831247728	23.791962778007303	26.19902564003028	0.0
232.0	26.28969601854445	23.963598754460733	23.62587239045382	26.120832836541	0.0
233.0	26.329624258624087	23.683546515013294	23.75758012682762	26.229249099535	0.0
234.0	26.289141459654452	23.824681752517005	23.704342473388103	26.18183431444044	0.0
235.0	26.295037238732714	23.74988215590912	23.674739217958884	26.280341387399275	0.0
236.0	26.20443926853277	23.78072619889365	23.897184211620846	26.11765032095274	0.0
237.0	26.064412372277445	23.830082213811366	23.741629580335232	26.363875833575957	0.0
238.0	26.191961624312	23.785439975599274	23.88359744346934	26.13900095661939	0.0
239.0	26.287900844320593	23.745511514092808	23.76908039762093	26.197507243965674	0.0
240.0	26.221989290695774	23.801165212231123	23.723798669517304	26.2530468275558	0.0
241.0	26.357517824310943	23.70917601905697	23.70501631988641	26.22828983674567	0.0
242.0	26.249070961873382	23.7451052170344	23.737894771872607	26.267929049219607	0.0
243.0	26.20918984280532	23.80107163063133	23.770287210321378	26.219451316241972	0.0
244.0	26.23905169209947	23.71268977529274	23.77620244177081	26.272056090836983	0.0
245.0	26.23119508298571	23.736631312683055	23.769636992988374	26.262536611342856	0.0
246.0	26.176052900190832	23.701349132383616	23.90854524475214	26.214052722673415	0.0
247.0	26.24815193904242	23.86099807773922	23.63049321383695	26.26035676938141	0.0
248.0	26.220804438280165	23.63883495145631	23.779750346740638	26.36033287101248	2.7739251040221914E-4
249.0	26.168172449854232	23.67745818989789	23.818928762631796	26.335163204336208	2.773932798704019E-4
