# Position (bp)	A	C	G	T	N
0.0	26.04369667217209	23.98744992256214	23.87000725801382	26.098846147251958	0.0
1.0	26.067128055366645	23.996308128403978	23.772281245177993	26.164282571051384	0.0
2.0	26.065823913316798	23.959321530214535	23.996753951835046	25.97810060463362	0.0
3.0	26.210279986627842	24.03273320551687	23.75014643652084	26.006840371334444	0.0
4.0	26.181714285714285	23.80457142857143	23.91914285714286	26.094571428571427	0.0
5.0	26.080310843820982	23.980400839964002	23.820693398854335	26.11859491736068	0.0
6.0	26.17949728874185	23.934209849666594	23.81678865899858	26.06950420259298	0.0
7.0	26.12639379715627	23.947456382683917	23.949741881479746	25.97640793868007	0.0
8.0	26.15483502356806	23.82516783316669	23.98285959148693	26.037137551778315	0.0
9.0	25.96882837897287	23.984322777108055	23.871485622546864	26.175363221372216	0.0
10.0	25.985214639106935	24.017927535735097	23.924804899507535	26.07205292565043	0.0
11.0	26.02349204172808	23.950227950502175	23.935374033067106	26.09090597470264	0.0
12.0	25.9786446371645	23.979364480855587	24.07420103063335	25.967789851346563	0.0
13.0	25.93408288485929	23.865103577508883	24.066774071915813	26.134039465716015	0.0
14.0	26.087763799860603	23.85310618265748	23.94365794855974	26.115472068922173	0.0
15.0	25.97893028942287	24.03878015059587	23.868817056867652	26.11347250311361	0.0
16.0	26.170602954786958	23.919377506598565	23.916235331756532	25.99378420685794	0.0
17.0	26.09319119276957	23.84967835555708	23.957654909219713	26.099475542453636	0.0
18.0	25.975788114580833	24.011928838309395	23.893097498828826	26.119185548280942	0.0
19.0	26.102332065037302	23.85681966201625	23.9182348975651	26.12261337538135	0.0
20.0	25.99892594750854	23.94451490533484	23.96222534535358	26.09433380180304	0.0
21.0	26.08262205921	23.872816188484787	23.887955758178226	26.15660599412699	0.0
22.0	26.127966133164986	23.892172293524	23.947588673349006	26.032272899962006	0.0
23.0	26.06226630141369	23.982438149321435	23.88731621900325	26.067979330261625	0.0
24.0	26.057124575450548	23.902455745450286	23.940161735846686	26.100257943252487	0.0
25.0	26.045984169197062	24.015573716639484	23.860179331975537	26.078262782187917	0.0
26.0	26.073692359109568	23.9950068127869	23.780482579546785	26.150818248556746	0.0
27.0	26.051411546602605	23.970440788740763	23.98672292095739	25.99142474369924	0.0
28.0	26.195951176455466	24.023000654141804	23.778197368007607	26.002850801395123	0.0
29.0	26.182450768114535	23.787841566736557	23.943235507515467	26.086472157633438	0.0
30.0	26.059049697495983	23.967230160135742	23.841258233879305	26.132461908488963	0.0
31.0	26.1767377555859	23.919526505521628	23.832974365712783	26.07076137317969	0.0
32.0	26.12532064282817	23.92438256617097	23.978656185193014	25.97164060580785	0.0
33.0	26.129605402224648	23.820120087523353	23.99950868092254	26.050765829329464	0.0
34.0	25.949359856946163	23.98922525837099	23.88239192408549	26.179022960597354	0.0
35.0	25.9864944383823	24.016076417255583	23.933523386216788	26.063905758145328	0.0
36.0	26.017059055410506	23.95123372505556	23.95294762881415	26.07875959071978	0.0
37.0	25.96535629202635	23.988939607744562	24.080919109455607	25.964784990773488	0.0
38.0	25.947360302561144	23.866109838378875	24.074063494421242	26.11246636463874	0.0
39.0	26.08133044635767	23.86496723587315	23.946948965659082	26.1067533521101	0.0
40.0	25.983352281491552	24.030073297950743	23.876678911556855	26.109895509000854	0.0
41.0	26.17645210495947	23.9246682167974	23.920383457400924	25.978496220842214	0.0
42.0	26.083615651369126	23.863253332114557	23.964659304497854	26.088471712018464	0.0
43.0	25.989065294020193	24.005221693451173	23.903530070441445	26.102182942087193	0.0
44.0	26.11103811150658	23.853255560189442	23.931809482458196	26.10389684584578	0.0
45.0	25.984494883997282	23.940950302504014	23.968658413267903	26.105896400230804	0.0
46.0	26.08104479573124	23.885819731602673	23.88553408097624	26.14760139168985	0.0
47.0	26.126674264951628	23.899462692706503	23.944595362760975	26.02926767958089	0.0
48.0	26.044692769346344	23.993155830541106	23.900033992327447	26.062117407785102	0.0
49.0	26.028982029770425	23.914887782471954	23.948880109918047	26.107250077839574	0.0
50.0	26.02812508033901	24.008009620685616	23.868326863365127	26.095538435610248	0.0
51.0	26.073543400203953	23.981158538501308	23.798057009989172	26.147241051305564	0.0
52.0	26.04297887048352	23.971732094755755	23.994584079593466	25.99070495516726	0.0
53.0	26.191516771928626	24.014579566326457	23.79520051188446	25.998703149860457	0.0
54.0	26.156021480804387	23.79913162705667	23.951668190127968	26.093178702010967	0.0
55.0	26.039476691042047	23.989088208409505	23.83569469835466	26.135740402193786	0.0
56.0	26.164590950639855	23.935386197440586	23.83140996343693	26.068612888482633	0.0
57.0	26.114031078610605	23.934243601462523	23.966807586837295	25.98491773308958	0.0
58.0	26.142881627056674	23.823697440585008	23.98251828153565	26.05090265082267	0.0
59.0	25.978633455210236	23.963094149908592	23.875114259597808	26.183158135283364	0.0
60.0	25.997771937842778	24.00994058500914	23.946240859232176	26.046046617915902	0.0
61.0	25.997200639853745	23.96252285191956	23.948240402193786	26.092036106032907	0.0
62.0	25.975205667276054	23.98508912248629	24.077068098720293	25.962637111517367	0.0
63.0	25.951782449725773	23.855975776965266	24.07078382084095	26.121457952468006	0.0
64.0	26.0900365630713	23.85426188299817	23.94938299817185	26.106318555758683	0.0
65.0	25.98063299817185	24.027079524680072	23.884826325411336	26.107461151736743	0.0
66.0	26.198011882998173	23.91396252285192	23.904821755027424	25.98320383912249	0.0
67.0	26.086037477148082	23.87340036563071	23.97280621572212	26.067755941499087	0.0
68.0	25.987202925045704	24.010511882998173	23.913391224862888	26.088893967093234	0.0
69.0	26.11888711151737	23.862260054844604	23.923103290676416	26.09574954296161	0.0
70.0	25.99063071297989	23.94595521023766	23.973091864716636	26.090322212065814	0.0
71.0	26.069755484460693	23.885683272394882	23.901393967093234	26.143167276051187	0.0
72.0	26.111956947106528	23.89618402598256	23.978736349587667	26.013122677323246	0.0
73.0	26.0608259231435	23.99730348119435	23.88647198791137	26.055398607750778	0.0
74.0	26.023691659930133	23.89618402598256	23.957598384373902	26.122525929713408	0.0
75.0	26.04682916239385	23.999303018444305	23.863620133626217	26.090247685535633	0.0
76.0	26.076250924785978	23.996732184837224	23.774783550092693	26.152233340284102	0.0
77.0	26.05168518142944	23.961597458873804	23.999017370265737	25.987699989431018	0.0
78.0	26.193366677997375	24.00758681562267	23.79020855173517	26.008837954644783	0.0
79.0	26.148445221405268	23.80242343222445	23.952388297598848	26.09674304877143	0.0
80.0	26.043898286687117	23.981809975948494	23.845556183979753	26.128735553384637	0.0
81.0	26.175867368216586	23.926108740238	23.83927194200216	26.05875194954325	0.0
82.0	26.08874492261813	23.950960060785757	23.969241491993305	25.99105352460281	0.0
83.0	26.128735553384637	23.831273815848856	23.998091875617714	26.041898755148797	0.0
84.0	25.97420033020835	23.96552807627927	23.882119046394845	26.178152547117534	0.0
85.0	25.986197519438303	24.02437143297856	23.94553276089602	26.043898286687117	0.0
86.0	25.999908592843962	23.948389234522196	23.964956781554037	26.086745391079802	0.0
87.0	25.969344325043846	23.98466644957467	24.088642089567585	25.957347135813897	0.0
88.0	25.94706383075965	23.848983952331167	24.082072200227376	26.121880016681803	0.0
89.0	26.077033380750798	23.875263509692015	23.956673008038116	26.091030101519074	0.0
90.0	25.979056335372857	24.03208391176924	23.884975520021023	26.103884232836876	0.0
91.0	26.191577973160573	23.92239532452397	23.91925320353517	25.966773498780288	0.0
92.0	26.080461149102206	23.873549625516308	23.9723836129821	26.07360561239938	0.0
93.0	25.98077021954856	24.01894413308882	23.91553978782114	26.08474585954148	0.0
94.0	26.10788329591353	23.867551030901332	23.94581840825864	26.078747264926506	0.0
95.0	25.99105352460281	23.954673476499792	23.97524008660828	26.07903291228912	0.0
96.0	26.077319028113415	23.875263509692015	23.916682377271613	26.13073508492296	0.0
97.0	26.10723742655313	23.900046560387107	23.96745914540266	26.0252568676571	0.0
98.0	26.05553540160476	23.982027119283142	23.90633078441398	26.056106694698116	0.0
99.0	26.027827686577183	23.900046560387107	23.963460093749198	26.108665659286512	0.0
100.0	26.044680832831073	23.997737679350326	23.863769448959246	26.093812038859355	0.0
101.0	26.08124359080561	23.98431229165655	23.784645355529975	26.149798762007865	0.0
102.0	26.056963634338143	23.9503203526021	23.999451558630383	25.993264454429376	0.0
103.0	26.190074925089192	24.00459319647055	23.810924837824174	25.99440704061608	0.0
104.0	26.15886472960775	23.79914534797363	23.96367728887924	26.07831263353938	0.0
105.0	26.03575141965928	23.98938540464574	23.846562539276288	26.12830063641869	0.0
106.0	26.19485609168085	23.921116074999144	23.84113527039225	26.042892562927754	0.0
107.0	26.09659396030667	23.94768112795786	23.972246660801407	25.983478250934063	0.0
108.0	26.118874327304304	23.82028313204831	24.01595045760446	26.044892083042924	0.0
109.0	25.968910318666378	23.97938780406988	23.883696484272345	26.168005392991393	0.0
110.0	26.00747249231613	24.011951417374117	23.949395002342293	26.031181087967457	0.0
111.0	26.012042824007953	23.928542863998356	23.967105037648107	26.092309274345588	0.0
112.0	25.981764376549627	23.962534705956283	24.107928382902386	25.947772534591696	0.0
113.0	25.93977445413101	23.867700323350967	24.0947886792884	26.097736543229626	0.0
114.0	26.084311193884897	23.872841946504266	23.94568160784269	26.097165251768146	0.0
115.0	25.974051941819674	24.02423418379589	23.912546703076977	26.08916717130746	0.0
116.0	26.199997714834154	23.91683138903806	23.92482946949875	25.95834142662904	0.0
117.0	26.076884404885686	23.878269215388308	23.965391163263675	26.079455216462332	0.0
118.0	25.981764376549627	24.00052558814456	23.921116074999144	26.09659396030667	0.0
119.0	26.096879606037408	23.876840986734614	23.94825241941934	26.078026987808638	0.0
120.0	25.982906959472587	23.95910695718742	23.96910455776328	26.088881525576717	0.0
121.0	26.071457136001648	23.87798356965757	23.92425817803727	26.126301116303512	0.0
122.0	26.116378116046768	23.904616905133924	23.968887378136042	26.01011760068327	0.0
123.0	26.06296221181834	23.978028067629676	23.90518819822728	26.053821522324704	0.0
124.0	26.030398505497267	23.910329836067447	23.9706012574161	26.088670401019186	0.0
125.0	26.04239566045766	24.001165437910437	23.866911560972685	26.089527340659213	0.0
126.0	26.091812513032625	23.9908821622301	23.786930527903383	26.130374796833895	0.0
127.0	26.05496410851141	23.955747636988942	24.00744966193731	25.981838592562333	0.0
128.0	26.20207208004959	23.999451558630383	23.814923889477637	25.98355247184239	0.0
129.0	26.16101370536046	23.804708611125395	23.946389702983872	26.087887980530276	0.0
130.0	26.042755697236647	23.981524328585873	23.843842299804045	26.13187767437343	0.0
131.0	26.18529373118298	23.92639438760062	23.848412657605934	26.03989922361047	0.0
132.0	26.092743985694778	23.95895818693906	23.95867253957644	25.98962528778972	0.0
133.0	26.115881422066828	23.819562273981525	24.011802949023373	26.052753354928278	0.0
134.0	25.96877303031861	23.962671602653092	23.88554681474626	26.18300855228204	0.0
135.0	25.996766471855164	24.01894413308882	23.95067441342314	26.033614981632873	0.0
136.0	26.033043686907636	23.950103118697903	23.94696099770911	26.069892196685345	0.0
137.0	25.973629035483114	23.97381184979519	24.096068920995652	25.95649019372604	0.0
138.0	25.959917962077455	23.860124199473265	24.078073137150724	26.101884701298555	0.0
139.0	26.085888448991952	23.878119983318193	23.944104524082928	26.091887043606928	0.0
140.0	25.982484103724268	24.022086254077614	23.906399072217365	26.089030569980746	0.0
141.0	26.201861278214817	23.91553978782114	23.928108271776328	25.95449066218772	0.0
142.0	26.08531715426671	23.880405162219137	23.95210265023623	26.082175033277917	0.0
143.0	25.98905399306448	24.006946943858868	23.917539319359467	26.08645974371719	0.0
144.0	26.10759764855091	23.870978799252747	23.942104992544603	26.07931855965174	0.0
145.0	25.99333870350375	23.970955376169012	23.954673476499792	26.081032443827446	0.0
146.0	26.078461617563885	23.88126210430699	23.92068144034826	26.119594837780863	0.0
147.0	26.12481111514192	23.899897452303893	23.974165978730635	26.001125453823544	0.0
148.0	26.06939536850043	23.991876165801628	23.89618402598256	26.042544439715382	0.0
149.0	26.032546753465624	23.908466897660826	23.96731042244509	26.091675926428454	0.0
150.0	26.056541200465034	23.985591905873214	23.856478929162108	26.101387964499644	0.0
151.0	26.100816668142517	23.980735886837618	23.804490960663387	26.113956484356475	0.0
152.0	26.061111571322066	23.95502755076682	24.00044561115856	25.98341526675255	0.0
153.0	26.21107686506837	23.980450238659053	23.82677151859141	25.981701377681166	0.0
154.0	26.15659277879342	23.77885054844607	23.96395109689214	26.100605575868375	0.0
155.0	26.047474862888482	23.978804844606945	23.840836380255944	26.132883912248627	0.0
156.0	26.183443784277877	23.909963436928702	23.859974862888482	26.046617915904935	0.0
157.0	26.084609232175502	23.96195155393053	23.956524223034734	25.99691499085923	0.0
158.0	26.13088436928702	23.80113117001828	24.012511425959783	26.055473034734916	0.0
159.0	25.99063071297989	23.94338436928702	23.898823126142595	26.167161791590495	0.0
160.0	25.98805987202925	24.023080438756857	23.952239488117	26.036620201096895	0.0
161.0	26.049188756855575	23.92938756855576	23.945098263254113	26.07632541133455	0.0
162.0	25.982632541133455	23.953096435100548	24.120772394881172	25.943498628884825	0.0
163.0	25.967207495429616	23.85369058500914	24.084494972577698	26.094606946983546	0.0
164.0	26.097749085923216	23.86968692870201	23.948240402193786	26.084323583180986	0.0
165.0	25.98491773308958	24.037077239488116	23.893110146252287	26.08489488117002	0.0
166.0	26.208295246800734	23.90739259597806	23.924531535648992	25.95978062157221	0.0
167.0	26.09832038391225	23.88654021937843	23.942241773308957	26.072897623400365	0.0
168.0	26.01091179159049	23.994515539305304	23.91253427787934	26.082038391224867	0.0
169.0	26.100319926873855	23.875971206581355	23.94938299817185	26.074325868372945	0.0
170.0	26.012054387568558	23.960523308957953	23.948240402193786	26.079181901279707	0.0
171.0	26.09574954296161	23.878827696526507	23.91281992687386	26.112602833638025	0.0
172.0	26.11924736987937	23.88003850559445	23.99172758148875	26.008986543037427	0.0
173.0	26.058689610059442	23.980587238880364	23.90660393796829	26.0541192130919	0.0
174.0	26.027839430528537	23.910888685125357	23.976588141533767	26.084683742812338	0.0
175.0	26.055547462144258	23.99001368262592	23.853473073220616	26.100965782009204	0.0
176.0	26.094681486178832	23.977730740775655	23.821480294447824	26.10610747859769	0.0
177.0	26.053547913470958	23.950308358970403	24.007723970875144	25.98841975668349	0.0
178.0	26.2106553092302	23.974588592860467	23.834048886108565	25.980707211800762	0.0
179.0	26.176166454333032	23.77641554167928	23.95951759322208	26.087900410765602	0.0
180.0	26.06247750501317	23.967230160135742	23.843829089517193	26.1264632453339	0.0
181.0	26.1884494312696	23.90467267294717	23.86496723587315	26.041910659910076	0.0
182.0	26.093613423294236	23.95294762881415	23.958660641342785	25.994778306548827	0.0
183.0	26.139888824776193	23.78527071109867	24.008649500968353	26.06619096315678	0.0
184.0	25.992778752163805	23.94380680876833	23.895817503527788	26.16759693554008	0.0
185.0	25.999348716571735	24.01122035660624	23.93580859122824	26.053622335593786	0.0
186.0	26.043053262415803	23.932380783711057	23.93580859122824	26.0887573626449	0.0
187.0	25.991636149658078	23.955804135078466	24.099200749547244	25.953358965716212	0.0
188.0	25.962225129544038	23.829533184412437	24.082908185126573	26.12533350091695	0.0
189.0	26.099624650788115	23.862097727908957	23.936653393282565	26.10162422802036	0.0
190.0	25.967652553460123	24.025206099281863	23.8992327336506	26.10790861360741	0.0
191.0	26.21245793746465	23.90237492644412	23.91722892874078	25.967938207350443	0.0
192.0	26.099910304678442	23.870952998508887	23.930654661585837	26.098482035226837	0.0
193.0	26.02249810040163	23.978073207379012	23.903231888115084	26.096196804104277	0.0
194.0	26.10905122916869	23.850957226186466	23.95150739557922	26.08848414906563	0.0
195.0	26.007358444214653	23.947222587224417	23.94065254774705	26.104766420813885	0.0
196.0	26.095054188542992	23.87438084519273	23.911801504824695	26.11876346143958	0.0
197.0	26.121694617979678	23.89130267115716	23.98585437894382	26.001148331919342	0.0
198.0	26.064563676718855	24.004136280147286	23.89958665763998	26.03171338549388	0.0
199.0	26.04313957374605	23.91929683237496	23.968715096565575	26.068848497313418	0.0
200.0	26.043002705165524	23.97999263006647	23.869443627149924	26.107561037618083	0.0
201.0	26.12342138264171	23.976701735943486	23.80816353347483	26.091713347939976	0.0
202.0	26.077144791455396	23.918998825945742	24.00812411267493	25.995732269923927	0.0
203.0	26.212410767081728	23.961127441318375	23.828581385848995	25.9978804057509	0.0
204.0	26.19349604643722	23.774509803921568	23.944478723890487	26.087515425750716	0.0
205.0	26.063817631263213	23.971890533051475	23.841341484316974	26.122950351368335	0.0
206.0	26.200440497173332	23.90339914128761	23.856835562005262	26.03932479953379	0.0
207.0	26.119385930331546	23.942603797085056	23.943460797924914	25.994549474658484	0.0
208.0	26.14309628690103	23.799198989881674	24.006307526181374	26.051397197035918	0.0
209.0	25.988984619603723	23.950739310281783	23.898461960372057	26.161814109742444	0.0
210.0	25.999988573191562	24.006867511869597	23.941163363366794	26.05198055157204	0.0
211.0	26.044987601842013	23.9367294002034	23.94358552443637	26.07469747351822	0.0
212.0	25.995143550921295	23.9680045707756	24.101985430652764	25.934866447650336	0.0
213.0	25.954726208977053	23.8461582411555	24.06269997257519	26.136415577292254	0.0
214.0	26.10670536612122	23.855299844592743	23.95928558369138	26.078709205594663	0.0
215.0	25.975580491818267	24.025847883718804	23.913863241612578	26.08470838285035	0.0
216.0	26.199549776030718	23.91614864247189	23.929004022305513	25.95529755919188	0.0
217.0	26.10670536612122	23.872154675930158	23.93271779870189	26.088422159246733	0.0
218.0	26.003862327452236	23.992423896151386	23.896437060060336	26.10727671633605	0.0
219.0	26.091713660490335	23.862578061169103	23.952280557412454	26.09342772092811	0.0
220.0	26.002011164246987	23.946281345880255	23.935139953034746	26.116567536838016	0.0
221.0	26.094433842602644	23.8655711853367	23.92184982459348	26.118145147467175	0.0
222.0	26.133646437723367	23.883922832337742	23.980768077064816	26.001662652874074	0.0
223.0	26.076373910484772	23.964906968040886	23.91834099434066	26.04037812713368	0.0
224.0	26.032379064166765	23.911484654654743	23.97804828577224	26.07808799540625	0.0
225.0	26.037247490979524	23.985750077848913	23.84919308530241	26.127809345869153	0.0
226.0	26.10295483048935	23.976608187134502	23.80834026117239	26.11209672120376	0.0
227.0	26.069964432128216	23.925893124973214	24.010741782964562	25.993400659934007	0.0
228.0	26.21166454783093	23.96960303969603	23.823903323953317	25.994829088519722	0.0
229.0	26.17903505965169	23.77325501668419	23.95923801252457	26.088471911139553	0.0
230.0	26.069194069079792	23.94766162900323	23.857383652829757	26.12576064908722	0.0
231.0	26.199543466398502	23.899162640809763	23.854594904993586	26.046698987798155	0.0
232.0	26.120481790028226	23.938370644634144	23.949798301850137	25.99134926348749	0.0
233.0	26.159349073206407	23.781797819578085	23.99006925239412	26.06878385482138	0.0
234.0	25.99050350833086	23.953214636710626	23.888933330285923	26.167348524672597	0.0
235.0	26.00207986926536	24.008490894858035	23.933352760683615	26.056076475192985	0.0
236.0	26.051082795268844	23.933775212844978	23.938917776127077	26.076224215759098	0.0
237.0	25.978389435851135	23.975326701217668	24.09275057569126	25.95353328723994	0.0
238.0	25.978400617125224	23.832176223536468	24.046741521670807	26.142681637667497	0.0
239.0	26.11585076656705	23.860720795881164	23.937577499557143	26.085850937994643	0.0
240.0	25.985325127290803	24.01410342127971	23.8940986210877	26.106472830341787	0.0
241.0	26.186863708186536	23.89842761095729	23.931286913140006	25.983421767716163	0.0
242.0	26.107207456916136	23.84578676808865	23.964658515189008	26.082347259806205	0.0
243.0	25.996170772132366	23.979825112876494	23.916099902840486	26.107904212150657	0.0
244.0	26.090646700768726	23.836767353470695	23.97993884491184	26.092647100848744	0.0
245.0	26.004103865521245	23.929308344336036	23.963316700675023	26.1032710894677	0.0
246.0	26.08828606376533	23.847982898361856	23.93457708883478	26.12915394903803	0.0
247.0	26.12287941835475	23.88598015455668	23.98915131007362	26.00198911701495	0.0
248.0	26.088559514588912	23.95702637122059	23.91215499772785	26.042259116462652	0.0
249.0	26.065409315525784	23.90300924007328	23.969887592922326	26.061693851478612	0.0
