# Position (bp)	A	C	G	T	N
0.0	25.458812566330447	24.656807337549722	24.347480952915088	25.536899143204746	0.0
1.0	25.492463135370198	24.4920058327653	24.148166043987334	25.867364987877167	0.0
2.0	25.444444923307664	24.60662583878878	24.398894975240378	25.55003426266318	0.0
3.0	25.538771746904377	24.460366562976624	24.497419238093595	25.503442452025403	0.0
4.0	25.55108968642706	24.525806548888344	24.353920846418617	25.56918291826598	0.0
5.0	25.610974716802342	24.52470172718267	24.285222035577377	25.579101520437607	0.0
6.0	25.552081718429708	24.49571942879782	24.379877008940106	25.572321843832356	0.0
7.0	25.506869486220126	24.383985120059933	24.461915361729794	25.647230031990148	0.0
8.0	25.430893469015274	24.46837818757856	24.535530416516004	25.565197926890164	0.0
9.0	25.53402111551556	24.57121214077584	24.360745628193044	25.53402111551556	0.0
10.0	25.41067209495488	24.64764183626481	24.44881500066706	25.492871068113253	0.0
11.0	25.624561569613064	24.421702250358276	24.44149886169485	25.512237318333813	0.0
12.0	25.61251145836471	24.42643622263441	24.374362527596908	25.586689791403966	0.0
13.0	25.60648640274054	24.43246127825859	24.294745721134603	25.666306597866267	0.0
14.0	25.60347387492845	24.506053029096712	24.46990269535167	25.42057040062316	0.0
15.0	25.670610209026396	24.442359583926873	24.509495918024815	25.37753428902192	0.0
16.0	25.54193223533867	24.404918166833788	24.48969930668824	25.563450291139294	0.0
17.0	25.648231430993746	24.438916694998774	24.45397933405921	25.458872539948267	0.0
18.0	25.577221846851693	24.480231362135967	24.52929252936139	25.413254261650952	0.0
19.0	25.558285957747145	24.592985974531228	24.40276636125373	25.445961706467894	0.0
20.0	25.552691263238987	24.571898279846618	24.48582605664413	25.389584400270266	0.0
21.0	25.64564926429767	24.447954278435034	24.44494175062295	25.461454706644343	0.0
22.0	25.589271958100042	24.595998502343317	24.43461308383865	25.380116455717992	0.0
23.0	25.644358180949634	24.392007333353416	24.318845943631302	25.64478854206565	0.0
24.0	25.655117208849948	24.370058916436783	24.37307144424887	25.6017524304644	0.0
25.0	25.584968346939917	24.3291746104156	24.453118611827186	25.632738430817298	0.0
26.0	25.478669151284844	24.49099039003628	24.303783304570867	25.726557154108008	0.0
27.0	25.469201206732567	24.542633723957774	24.504331584632666	25.483833484676992	0.0
28.0	25.47092265119662	24.456561500755285	24.562430335294348	25.51008551275375	0.0
29.0	25.534616096366463	24.497445806776465	24.407930694645877	25.560007402211195	0.0
30.0	25.5359071797145	24.537899751681636	24.3360603882718	25.59013268033207	0.0
31.0	25.578512930199732	24.54736769623391	24.455270417407245	25.418848956159113	0.0
32.0	25.519983818422038	24.426866583750424	24.460004389683384	25.59314520814415	0.0
33.0	25.440367011959736	24.585669835559017	24.54392480730581	25.430038345175436	0.0
34.0	25.454138567672135	24.597719946807366	24.437625611650738	25.510515873869764	0.0
35.0	25.405507761562728	24.609339696939703	24.520685307041138	25.464467234456436	0.0
36.0	25.6086382083206	24.370489277552796	24.48238316771603	25.538489346410575	0.0
37.0	25.59228448591213	24.467750889771608	24.372641083132855	25.567323541183406	0.0
38.0	25.582386180243844	24.46990269535167	24.324440638139464	25.623270486265028	0.0
39.0	25.59960062488434	24.47721883432388	24.483674251064066	25.43950628972771	0.0
40.0	25.606056041624527	24.47162413981572	24.56630358533846	25.356016233221297	0.0
41.0	25.47608698458877	24.438916694998774	24.530583612709425	25.554412707703033	0.0
42.0	25.700305126031253	24.456561500755285	24.4569918618713	25.38614151134217	0.0
43.0	25.553121624354997	24.464308000843506	24.52111566815715	25.461454706644343	0.0
44.0	25.5359071797145	24.549519501813972	24.49271183450033	25.4218614839712	0.0
45.0	25.487276373605095	24.65840086416512	24.516812056997026	25.337510705232763	0.0
46.0	25.643067097601595	24.485395695528116	24.403196722369742	25.468340484500544	0.0
47.0	25.52385706846615	24.55468383520612	24.444081028390922	25.477378067936808	0.0
48.0	25.578943291315742	24.410512861341953	24.385982277729244	25.624561569613064	0.0
49.0	25.662433347822155	24.325301360371487	24.42041116701024	25.591854124796114	0.0
50.0	25.56990570787948	24.32271919367541	24.467750889771608	25.6396242086735	0.0
51.0	25.44854387316397	24.501319056820577	24.278822359842145	25.771314710173304	0.0
52.0	25.480390595748894	24.52412819596924	24.509495918024815	25.48598529025706	0.0
53.0	25.463176151108396	24.536178307217586	24.57577152989073	25.424874011783288	0.0
54.0	25.467049401152508	24.53359614052151	24.438055972766747	25.56129848555923	0.0
55.0	25.47307445677668	24.544785529537837	24.384691194381205	25.59744881930428	0.0
56.0	25.53074284632235	24.524988918201263	24.539621196145685	25.4046470393307	0.0
57.0	25.44294917865581	24.44365066727491	24.50691375132874	25.60648640274054	0.0
58.0	25.459302901064284	24.609770058055712	24.558987446366245	25.371939594513755	0.0
59.0	25.403786317098675	24.62698450269621	24.49099039003628	25.478238790168835	0.0
60.0	25.402925594866655	24.646781114032784	24.541342640609738	25.408950650490823	0.0
61.0	25.59960062488434	24.404918166833788	24.473775945395783	25.521705262886087	0.0
62.0	25.606056041624527	24.442789945042886	24.34854086063616	25.602613152696428	0.0
63.0	25.563880652255307	24.447954278435034	24.354996277376348	25.633168791933315	0.0
64.0	25.612941819480728	24.498736890124505	24.45397933405921	25.434341956335558	0.0
65.0	25.624991930729074	24.430309472678523	24.57749297435478	25.36720562223762	0.0
66.0	25.474795901240732	24.457422222987308	24.53531758498556	25.5324642907864	0.0
67.0	25.615954347292814	24.50820483467678	24.464308000843506	25.4115328171869	0.0
68.0	25.544944763150763	24.48582605664413	24.51724241811304	25.451986762092073	0.0
69.0	25.525578512930196	24.52412819596924	24.522406751505187	25.427886539595374	0.0
70.0	25.455860012136185	24.630427391624313	24.6024539190835	25.311258677156	0.0
71.0	25.563880652255307	24.506483390212725	24.42643622263441	25.503199734897553	0.0
72.0	25.586689791403966	24.515090612532976	24.460004389683384	25.43821520637967	0.0
73.0	25.619397236220916	24.385121555497218	24.37134999978482	25.624131208497047	0.0
74.0	25.5565645132831	24.375653610944944	24.437625611650738	25.630156264121222	0.0
75.0	25.51352840168185	24.338642554967873	24.470763417583694	25.67706562576658	0.0
76.0	25.51008551275375	24.449245361783074	24.33476930492376	25.705899820539415	0.0
77.0	25.5324642907864	24.534026501637523	24.50519230686469	25.42831690071139	0.0
78.0	25.458011817716248	24.516812056997026	24.586530557791043	25.438645567495687	0.0
79.0	25.52773031851026	24.514660251416963	24.455270417407245	25.502339012665526	0.0
80.0	25.47651734570478	24.50519230686469	24.42041116701024	25.597879180420293	0.0
81.0	25.526869596278235	24.592555613415218	24.49314219561634	25.387432594690207	0.0
82.0	25.501478290433504	24.479370639903944	24.445372111738962	25.573778957923594	0.0
83.0	25.45327784544011	24.58480911332699	24.604605724663564	25.357307316569333	0.0
84.0	25.365053816657557	24.593846696763254	24.537039029449613	25.50406045712958	0.0
85.0	25.416266789463037	24.67518494768961	24.49443327896438	25.414114983882975	0.0
86.0	25.565171735603343	24.409652139109927	24.488408223340205	25.536767901946522	0.0
87.0	25.577221846851693	24.45785258410332	24.417829000314164	25.547096568730822	0.0
88.0	25.536767901946522	24.48066172325198	24.315833415819213	25.666736958982284	0.0
89.0	25.549248374310885	24.47721883432388	24.47205450093173	25.501478290433504	0.0
90.0	25.58884159698403	24.437195250534725	24.61794691925995	25.356016233221297	0.0
91.0	25.445531345351885	24.452688250711173	24.568025029802506	25.533755374134437	0.0
92.0	25.63445987528135	24.483243889948056	24.48109208436799	25.401204150402602	0.0
93.0	25.529882124090324	24.474636667627806	24.571467918730608	25.42401328955126	0.0
94.0	25.467049401152508	24.5331657794055	24.552962390742074	25.44682242869992	0.0
95.0	25.41454534499899	24.674324225457582	24.538760473913662	25.37236995562977	0.0
96.0	25.589271958100042	24.484534973296093	24.44752391731902	25.478669151284844	0.0
97.0	25.5221356240021	24.53187469605746	24.475927750975842	25.470061928964594	0.0
98.0	25.581525458011818	24.38340011103317	24.422993333706312	25.6120810972487	0.0
99.0	25.56086812444322	24.352844471796285	24.48066172325198	25.605625680508513	0.0
100.0	25.510946234985777	24.352844471796285	24.47721883432388	25.65899045889406	0.0
101.0	25.480820956864907	24.54048191837771	24.340794360547935	25.637902764209446	0.0
102.0	25.500617568201477	24.5262800015493	24.51896386257709	25.454138567672135	0.0
103.0	25.410241733838863	24.54564625176986	24.61751655814394	25.426595456247338	0.0
104.0	25.460163623296307	24.588252002255093	24.465168723075532	25.48641565137307	0.0
105.0	25.469631567848584	24.51207808472089	24.451397167363133	25.566893180067396	0.0
106.0	25.569475346763472	24.58739128002307	24.447093556203008	25.39603981701045	0.0
107.0	25.518262373957988	24.468181250887618	24.454409695175222	25.559146679979172	0.0
108.0	25.421431122855186	24.55640527967017	24.622250530420075	25.399913067054563	0.0
109.0	25.35171262206117	24.623111252652098	24.555114196322133	25.470061928964594	0.0
110.0	25.366344900005593	24.68465289224188	24.512508445836904	25.436493761915624	0.0
111.0	25.551400179890948	24.418259361430174	24.56156961306232	25.468770845616557	0.0
112.0	25.598309541536302	24.44365066727491	24.42643622263441	25.531603568554374	0.0
113.0	25.49373179034528	24.535747946101573	24.310669082427065	25.65985118112608	0.0
114.0	25.610790013900665	24.46258655637946	24.478509917671918	25.44811351204796	0.0
115.0	25.529882124090324	24.43590416718669	24.688956503402004	25.345257205320987	0.0
116.0	25.44854387316397	24.45096680624712	24.558987446366245	25.54150187422266	0.0
117.0	25.64349745871761	24.49615472342843	24.472484862047743	25.387862955806217	0.0
118.0	25.535046457482473	24.44020777834681	24.574050085426684	25.450695678744033	0.0
119.0	25.5359071797145	24.551671307394034	24.472915223163756	25.43950628972771	0.0
120.0	25.47565662347275	24.609339696939703	24.564582140874407	25.350421538713135	0.0
121.0	25.55699487439911	24.464308000843506	24.451827528479146	25.526869596278235	0.0
122.0	25.509655151637737	24.491851112268304	24.52111566815715	25.477378067936808	0.0
123.0	25.57679148573568	24.365755305276657	24.49271183450033	25.564741374487333	0.0
124.0	25.589271958100042	24.335199666039774	24.44149886169485	25.634029514165334	0.0
125.0	25.51309804056584	24.355426638492357	24.45570077852326	25.675774542418544	0.0
126.0	25.488137095837114	24.543064085073784	24.31841558251529	25.65038323657381	0.0
127.0	25.477808429052818	24.523697834853227	24.491420751152294	25.507072984941665	0.0
128.0	25.369787788933696	24.509495918024815	24.655388336353035	25.465327956688455	0.0
129.0	25.486846012489078	24.536178307217586	24.480231362135967	25.496744318157365	0.0
130.0	25.39560945589444	24.529722890477398	24.478509917671918	25.596157735956243	0.0
131.0	25.52816067962627	24.61235222475179	24.444511389506935	25.414975706115	0.0
132.0	25.517832012841975	24.474206306511796	24.443220306158896	25.564741374487333	0.0
133.0	25.365484177773567	24.579644779934842	24.634731002784434	25.42014003950715	0.0
134.0	25.39603981701045	24.6058968080116	24.52929252936139	25.468770845616557	0.0
135.0	25.402925594866655	24.64592039180076	24.49271183450033	25.458442178832257	0.0
136.0	25.563019930023284	24.371780360900832	24.571037557614595	25.494162151461293	0.0
137.0	25.5631299437946	24.42137698935282	24.434287878396642	25.58120518845594	0.0
138.0	25.409169352860424	24.524769647229956	24.387052904747357	25.67900809516227	0.0
139.0	25.571416890097737	24.461936383472267	24.52347855276918	25.443168173660812	0.0
140.0	25.591754174556726	24.48485109313135	24.59846789464624	25.32492683766569	0.0
141.0	25.42003787226717	24.46892752625237	24.5601652608022	25.550869340678258	0.0
142.0	25.64824259012993	24.474627623634117	24.48452609969917	25.39260368653678	0.0
143.0	25.51310687341571	24.4974371554362	24.494854944288793	25.4946010268593	0.0
144.0	25.51525871603854	24.54348658756493	24.47764020330609	25.463614493090432	0.0
145.0	25.48814549899079	24.571890910186394	24.55596727477739	25.383996316045433	0.0
146.0	25.49976544915411	24.44536256396352	24.463007673470795	25.591864313411573	0.0
147.0	25.474373706204624	24.557688748875663	24.49399420723966	25.473943337680055	0.0
148.0	25.58196583734652	24.358858490525435	24.45827361970055	25.600902052427493	0.0
149.0	25.538928984889765	24.35154222560779	24.496146049862496	25.613382739639956	0.0
150.0	25.53075198292298	24.338200801346193	24.466880990191903	25.66416622553893	0.0
151.0	25.52989124587384	24.49313347019052	24.30118910823338	25.675786175702253	0.0
152.0	25.4627537560413	24.492703101665956	24.52110742428742	25.523435718005327	0.0
153.0	25.414552481289725	24.51852521314001	24.641180242641774	25.425742062928485	0.0
154.0	25.532903825545816	24.53875253379469	24.456982514126846	25.47136112653265	0.0
155.0	25.372376365882104	24.590827125267367	24.458703988225118	25.57809252062541	0.0
156.0	25.512246136366574	24.567587224940716	24.531005900352472	25.389160738340237	0.0
157.0	25.511385399317437	24.456121777077712	24.47075430691301	25.561738516691847	0.0
158.0	25.33880762096583	24.57963754362861	24.666141617066696	25.415413218338863	0.0
159.0	25.408527321945783	24.5279933206805	24.47850094035523	25.584978417018494	0.0
160.0	25.363338626866184	24.644192822313748	24.541334744942095	25.451133805877973	0.0
161.0	25.573788835379734	24.434172982324764	24.512930422320633	25.479107759974866	0.0
162.0	25.566582600986408	24.405443324525088	24.439442584288038	25.588531490200467	0.0
163.0	25.480187814440708	24.501951738058246	24.380156397267996	25.637704050233047	0.0
164.0	25.576160821494508	24.419750642330552	24.521748860589522	25.482339675585415	0.0
165.0	25.608548950747988	24.421577234932602	24.598891356366952	25.37098245795245	0.0
166.0	25.417032484635644	24.45988052815507	24.573929659660177	25.549157327549104	0.0
167.0	25.61296292311334	24.48882098513051	24.523251059800735	25.374965031955416	0.0
168.0	25.526457360504402	24.525833315401	24.50302339093198	25.44468593316262	0.0
169.0	25.514406834369822	24.533149706268425	24.472897075595533	25.479546383766223	0.0
170.0	25.51698908997009	24.546491360203138	24.519808052333715	25.41671149749306	0.0
171.0	25.499343676701596	24.405758429988595	24.457403541993934	25.637494351315876	0.0
172.0	25.473951496632306	24.555959630737448	24.55165587140367	25.41843300122657	0.0
173.0	25.63792472724925	24.349379182716103	24.387682640786725	25.62501344924792	0.0
174.0	25.554862172107335	24.30074670224441	24.517225796733445	25.62716532891481	0.0
175.0	25.51914096963698	24.309354220911967	24.466441436594867	25.70506337285619	0.0
176.0	25.527318112371155	24.484086849863356	24.30462008564481	25.683974952120675	0.0
177.0	25.455875707430444	24.4832260979966	24.52841557100127	25.53248262357169	0.0
178.0	25.43823029416195	24.52282068386736	24.65021196014719	25.3887370618235	0.0
179.0	25.523875104904132	24.540896473069225	24.39887241505455	25.53635600697209	0.0
180.0	25.3771169116223	24.53487121000194	24.48537797766349	25.602633900712274	0.0
181.0	25.557444427707605	24.508618278065892	24.502593014998602	25.431344279227908	0.0
182.0	25.547115405306535	24.419100083923308	24.46730218846162	25.566482322308538	0.0
183.0	25.370230896688255	24.52669406726776	24.66785737341568	25.435217662628308	0.0
184.0	25.409395106625638	24.532288954401672	24.483656473929976	25.574659465042714	0.0
185.0	25.32375029588345	24.623528652277766	24.506036022465626	25.546685029373155	0.0
186.0	25.528609240171292	24.438897376858687	24.49915000753158	25.533343375438445	0.0
187.0	25.636313556039493	24.36411682174613	24.398116666810125	25.601452955404252	0.0
188.0	25.428550524417588	24.4481457093302	24.392626736043866	25.730677030208348	0.0
189.0	25.5649808696251	24.477411524705943	24.494196330583208	25.46341127508575	0.0
190.0	25.602103704723866	24.391870954413992	24.645796033604185	25.360229307257953	0.0
191.0	25.4566347610522	24.409946977000413	24.528732268282603	25.604685993664784	0.0
192.0	25.609100025392618	24.521090935696424	24.504305985341144	25.365503053569817	0.0
193.0	25.530339873725527	24.512913652190004	24.447925767481095	25.50882070660337	0.0
194.0	25.509251089945817	24.543040486161026	24.49139448506785	25.45631393882531	0.0
195.0	25.524323533335913	24.479334788054075	24.56541293840678	25.43092874020323	0.0
196.0	25.506036282252687	24.37582043943274	24.519572187910217	25.598571090404356	0.0
197.0	25.49484602638318	24.528180077040606	24.526458499214527	25.450515397361684	0.0
198.0	25.68530147239211	24.2877986425242	24.418209285409933	25.608690599673757	0.0
199.0	25.495065485080247	24.292963420460268	24.52408723309934	25.687883861360145	0.0
200.0	25.507169021905224	24.347126149819857	24.402653248335263	25.743051579939653	0.0
201.0	25.523122419901252	24.481397461118263	24.33762219821185	25.657857920768638	0.0
202.0	25.475601093484297	24.49232623716555	24.548291968917493	25.483780700432657	0.0
203.0	25.439476460077927	24.525434309947688	24.551266871892018	25.483822358082364	0.0
204.0	25.528855055178322	24.466193320042887	24.38782847571766	25.61712314906113	0.0
205.0	25.395847956490098	24.49369786799757	24.51652075806445	25.593933417447882	0.0
206.0	25.53908036571763	24.496018535665222	24.508077053931725	25.456824044685423	0.0
207.0	25.515869084894977	24.42577127327387	24.457212261123864	25.601147380707296	0.0
208.0	25.41512855524494	24.530813199688144	24.585086816249348	25.468971428817568	0.0
209.0	25.46427325243283	24.510956891835427	24.512249232134472	25.512520623597272	0.0
210.0	25.38115239633818	24.62940226171244	24.46052773290253	25.528917609046847	0.0
211.0	25.562999504534584	24.39930204002499	24.549665022295944	25.48803343314448	0.0
212.0	25.60602535267099	24.380617529708815	24.45343536447696	25.559921753143232	0.0
213.0	25.438124006222285	24.470308399656997	24.367752694241798	25.723814899878917	0.0
214.0	25.601541186662015	24.44263432588168	24.472802968594443	25.483021518861865	0.0
215.0	25.63401893005534	24.34529248487147	24.622864334603385	25.397824250469803	0.0
216.0	25.51491951823018	24.41179767046875	24.50103027011182	25.57225254118925	0.0
217.0	25.587480869958828	24.47739960769944	24.489470394240513	25.445649128101223	0.0
218.0	25.57524909137159	24.434882708251596	24.41461910900523	25.57524909137159	0.0
219.0	25.533685458661203	24.491969386655168	24.467823649886817	25.506521504796808	0.0
220.0	25.496004795108302	24.470576059818114	24.534395846539287	25.4990232985343	0.0
221.0	25.545650964511662	24.32863691839278	24.495103049435265	25.630609067660288	0.0
222.0	25.428377964573905	24.509732040040884	24.55070451085339	25.51118548453181	0.0
223.0	25.634567027961925	24.328987151230745	24.412230268577666	25.62421555222966	0.0
224.0	25.508861676752602	24.217459379488528	24.56554276422203	25.70813617953684	0.0
225.0	25.539119894052533	24.329955610772476	24.42917351485896	25.701750980316028	0.0
226.0	25.54046999641916	24.434722959243103	24.30702060926101	25.71778643507673	0.0
227.0	25.422726939323205	24.512769179657333	24.58266636176538	25.481837519254086	0.0
228.0	25.45445915800465	24.541441756307197	24.55956402987586	25.44453505581229	0.0
229.0	25.519446614049546	24.472138674445603	24.383676322727922	25.62473838877693	0.0
230.0	25.412471462542026	24.4272008907571	24.517398678537674	25.642928968163204	0.0
231.0	25.510472729469953	24.46859475953508	24.5113229778547	25.509609533140264	0.0
232.0	25.5722406626467	24.399055581693478	24.45603145758966	25.57267229807016	0.0
233.0	25.417341190183258	24.50862310863606	24.553951088950765	25.520084612229923	0.0
234.0	25.50761804844984	24.470147352787528	24.45935385824256	25.56288074052007	0.0
235.0	25.35806659153421	24.633513392143907	24.442227893139197	25.56619212318268	0.0
236.0	25.58414695759942	24.387136891832952	24.5050242467948	25.52369190377283	0.0
237.0	25.598338213320204	24.376182209208924	24.442256367735084	25.583223209735788	0.0
238.0	25.428787387971063	24.418097397689234	24.422848504481156	25.730266709858547	0.0
239.0	25.586267369885146	24.394078796753448	24.53403136838195	25.485622464979464	0.0
240.0	25.689500241929906	24.30142738646575	24.543789313610283	25.465283057994053	0.0
241.0	25.588359852380666	24.342065460705427	24.483807680008297	25.585767006905613	0.0
242.0	25.61993473233775	24.474076635473622	24.489637137732057	25.416351494456574	0.0
243.0	25.671223637448442	24.373308429963597	24.426919850925664	25.5285480816623	0.0
244.0	25.519907629636357	24.44657784235631	24.46474055430867	25.56877397369866	0.0
245.0	25.530074309886935	24.43575525316401	24.491985086118152	25.542185350830906	0.0
246.0	25.531574325230476	24.23849138882039	24.517959965910023	25.71197432003911	0.0
247.0	25.536721207898598	24.344055496172302	24.63962540949199	25.479597886437105	0.0
248.0	25.74941086775714	24.199040060992512	24.346756307180485	25.70479276406986	0.0
249.0	25.4678727386151	24.105409995147987	24.84880779094753	25.57790947528939	0.0
