# Position (bp)	A	C	G	T	N
0.0	26.22859409720007	23.837846385166156	23.643657083887003	26.28990243374677	0.0
1.0	26.2408002818519	23.676946678392003	23.749351546440373	26.332901493315724	0.0
2.0	26.183468474591315	23.678523774782448	23.809735163820054	26.328272586806182	0.0
3.0	26.217944272617576	23.730877519035797	23.79606385487025	26.255114353476372	0.0
4.0	26.24916093886087	23.66651688385175	23.768868474045966	26.31545370324141	0.0
5.0	26.23711983579958	23.74138433161829	23.81183518937135	26.209660643210785	0.0
6.0	26.288112229473548	23.774154271149115	23.720624495558138	26.217109003819196	0.0
7.0	26.222556274198737	23.853714818225185	23.80101842709593	26.122710480480148	0.0
8.0	26.34696826404932	23.858401581944094	23.639026094866725	26.155604059139858	0.0
9.0	26.21831493704587	23.89760940706639	23.627211714460035	26.2568639414277	0.0
10.0	26.12856707063424	23.751351950969244	23.81014448542666	26.309936492969854	0.0
11.0	26.186804958540172	23.68839956737569	23.79461438198508	26.33018109209906	0.0
12.0	26.20843617404809	23.760780942344493	23.721123713913308	26.30965916969411	0.0
13.0	26.26889264815996	23.7269475027039	23.907762278488036	26.096397570648104	0.0
14.0	26.275825730053526	23.797110291466765	23.697551235475192	26.22951274300452	0.0
15.0	26.217792457382465	23.736310667764865	23.800926811817266	26.244970063035407	0.0
16.0	26.23352708878733	23.76730487642543	23.735690198340507	26.26347783644673	0.0
17.0	26.257376758219813	23.77035541553889	23.70601677241869	26.266251053822604	0.0
18.0	26.24378799307805	23.76480898078715	23.61866042507876	26.372742601056043	0.0
19.0	26.229089940985933	23.75926254603541	23.636131694546744	26.37551581843191	0.0
20.0	26.26597373208502	23.75149753738297	23.787272041531704	26.195256689000313	0.0
21.0	26.227980654035587	23.740681989617073	23.786994719794116	26.244342636553224	0.0
22.0	26.200248480276876	23.859653015041932	23.742623241780183	26.19747526290101	0.0
23.0	26.35194347073701	23.744287172205706	23.799474197985536	26.10429515907175	0.0
24.0	26.251830323468074	23.76397701557439	23.737908772241205	26.24628388871633	0.0
25.0	26.231031193149047	23.832752806495986	23.653325642277146	26.282890358077825	0.0
26.0	26.25016639304255	23.669410303057195	23.754270754758842	26.326152549141412	0.0
27.0	26.18971025424857	23.671906198695478	23.806407241425212	26.33197630563074	0.0
28.0	26.225484758397304	23.71738696365976	23.795591693659315	26.261536584283622	0.0
29.0	26.23602298442561	23.671906198695478	23.78560811110618	26.30646270577273	0.0
30.0	26.230199227936286	23.744287172205706	23.816668145715933	26.208845454142075	0.0
31.0	26.286772862404046	23.777565780716156	23.714613746283888	26.22104761059591	0.0
32.0	26.218551714957627	23.847450858588097	23.812508319652128	26.121489106802148	0.0
33.0	26.34556507077251	23.853829258552604	23.639736877135377	26.16086879353951	0.0
34.0	26.21383724541865	23.894318232240316	23.624484181568086	26.26736034077295	0.0
35.0	26.112337489461773	23.757321293872298	23.822214580467676	26.308126636198253	0.0
36.0	26.177785419532324	23.686326929050004	23.795037050184142	26.34085060123353	0.0
37.0	26.200248480276876	23.75621200692195	23.718773572347697	26.324765940453474	0.0
38.0	26.274293384212626	23.724320007099436	23.907629675644497	26.093756933043437	0.0
39.0	26.280394462439542	23.786162754581355	23.700747659404534	26.23269512357457	0.0
40.0	26.233454337715926	23.7292459920187	23.79330713574584	26.243992534519528	0.0
41.0	26.24780223741937	23.772719457339832	23.728348225428046	26.25113007981275	0.0
42.0	26.264164129186838	23.768282334148655	23.707271890269944	26.260281646394564	0.0
43.0	26.255289882804483	23.768559654348103	23.60466341647393	26.37148704637348	0.0
44.0	26.23504550824473	23.753307043378424	23.64016040200336	26.37148704637348	0.0
45.0	26.273870336167548	23.74665135859166	23.782980304719434	26.196498000521363	0.0
46.0	26.228667143657407	23.739441033405992	23.777156580531013	26.254735242405587	0.0
47.0	26.20481760650482	23.85203303438216	23.736113191012606	26.207036168100412	0.0
48.0	26.35346123340932	23.740550314203787	23.801283437883047	26.10470501450385	0.0
49.0	26.25639916360228	23.763290570558578	23.738609072807645	26.241701193031496	0.0
50.0	26.23865067083756	23.832065980021852	23.652639810978553	26.27664353816203	0.0
51.0	26.252516680809997	23.66595118055209	23.756357565572362	26.325174573065553	0.0
52.0	26.195943360122463	23.67205222493996	23.8112669650632	26.320737449874375	0.0
53.0	26.23726406984032	23.715036855854507	23.79851023588856	26.249188838416615	0.0
54.0	26.2411465526326	23.678153269327833	23.782425664320538	26.29827451371903	0.0
55.0	26.231994986050793	23.741936915201027	23.80738448227092	26.218683616477257	0.0
56.0	26.29383739052785	23.782702984519986	23.708935811466635	26.214523813485524	0.0
57.0	26.228667143657407	23.855083556576094	23.800174157085255	26.116075142681243	0.0
58.0	26.339872543636332	23.859797999966723	23.634891318213835	26.165438138183113	0.0
59.0	26.21785165587891	23.893076423900563	23.62989955462376	26.25917236559677	0.0
60.0	26.111360699290614	23.753029723178976	23.830124738625713	26.305484838904697	0.0
61.0	26.175144345163815	23.689800717704674	23.804333960076985	26.33072097705453	0.0
62.0	26.202321724709783	23.755248284774567	23.732230708220325	26.310199282295322	0.0
63.0	26.275534257364235	23.723633782037414	23.91110223686473	26.08972972373362	0.0
64.0	26.284408503746597	23.774660698735975	23.71642345685175	26.22450734066568	0.0
65.0	26.2283170870367	23.731610255272535	23.804545265464025	26.235527392226736	0.0
66.0	26.240169053455947	23.774251516933077	23.73182176174999	26.253757667860985	0.0
67.0	26.25542157982895	23.764822682447946	23.71518264207035	26.264573095652754	0.0
68.0	26.24488347069851	23.775638110239715	23.60508713352339	26.374391285538383	0.0
69.0	26.243219558730544	23.749292837413616	23.6355921862694	26.371895417586437	0.0
70.0	26.285371995252305	23.740695958912468	23.781461802127588	26.19247024370764	0.0
71.0	26.23129485629347	23.745133057493707	23.77619274756237	26.247379338650457	0.0
72.0	26.20189907819277	23.850236830136772	23.740973277573797	26.20689081409666	0.0
73.0	26.363298539085296	23.730435168443357	23.801983383065814	26.10428290940554	0.0
74.0	26.24959788794107	23.760940221189365	23.745687694816358	26.2437741960532	0.0
75.0	26.229630944325503	23.838589446361024	23.647794207367802	26.28398540194567	0.0
76.0	26.26152259037815	23.658332316498242	23.762881451818657	26.31726364130495	0.0
77.0	26.197184660950207	23.664156008386115	23.813353448180237	26.325305882483445	0.0
78.0	26.22685775771223	23.712964092779732	23.803369976372448	26.25680817313559	0.0
79.0	26.238782460149306	23.668870425628683	23.78645353803148	26.30589357619053	0.0
80.0	26.237673185504	23.73958668426716	23.809193668260324	26.21354646196852	0.0
81.0	26.282044171316375	23.777024703546353	23.71130018081177	26.229630944325503	0.0
82.0	26.224361889760285	23.840807995651645	23.803647295033777	26.131182819554294	0.0
83.0	26.340558408856452	23.85467392871801	23.63226436233347	26.17250330009207	0.0
84.0	26.214655736613828	23.893221222642513	23.627549945090905	26.264573095652754	0.0
85.0	26.123140578375796	23.747628925445653	23.836370897070406	26.29285959910814	0.0
86.0	26.16917547615614	23.694383742470798	23.802815339049797	26.333625442323267	0.0
87.0	26.194966111659586	23.757612397253435	23.73736813497654	26.31005335611044	0.0
88.0	26.289531775172215	23.712409455457077	23.912078891612776	26.085979877757936	0.0
89.0	26.284262720606993	23.77175564898113	23.72572075120079	26.218260879211087	0.0
90.0	26.22955820486582	23.72620959131662	23.808295687429457	26.235936516388104	0.0
91.0	26.245847176079735	23.770237217067205	23.73917769926622	26.244737907586842	0.0
92.0	26.25555327539254	23.76607746021886	23.722815988996057	26.25555327539254	0.0
93.0	26.252225469913864	23.76552282597241	23.607174748612028	26.37507695550169	0.0
94.0	26.251948152790643	23.735295259541093	23.646276462986485	26.36648012468178	0.0
95.0	26.284671573330964	23.737236479403656	23.784657707474803	26.19343423979057	0.0
96.0	26.22948546580957	23.74278282186812	23.784657707474803	26.243074004847504	0.0
97.0	26.20424960759627	23.839566497872976	23.752211604057706	26.20397229047305	0.0
98.0	26.365093539065665	23.72919428283019	23.801296734868192	26.104415443235958	0.0
99.0	26.251393518544198	23.753875506797044	23.752488921180927	26.24224205347783	0.0
100.0	26.221997903482546	23.841785034858763	23.65570524517607	26.280511816482623	0.0
101.0	26.26415010621246	23.65764646503863	23.76080843487762	26.31739499387129	0.0
102.0	26.200644484994374	23.668739149967553	23.815162591029345	26.31545377400873	0.0
103.0	26.22532570896123	23.7125552554368	23.804069906100423	26.258049129501547	0.0
104.0	26.240300833615272	23.668739149967553	23.793531855417946	26.29742816099923	0.0
105.0	26.232258637041806	23.732799405432086	23.818767713631246	26.216174243894862	0.0
106.0	26.28772206168642	23.771346485560095	23.716437695161925	26.224493757591556	0.0
107.0	26.23475449115081	23.845944791707108	23.80573380883976	26.11356690830232	0.0
108.0	26.346790608932942	23.850659182801902	23.631301338332435	26.17124886993272	0.0
109.0	26.215342292525197	23.88920626292991	23.638234266413015	26.25721717813188	0.0
110.0	26.12715544734025	23.74278282186812	23.8398438149962	26.290217915795427	0.0
111.0	26.173467406918512	23.702017204754323	23.79602770952695	26.328487678800215	0.0
112.0	26.206745461705278	23.747219895839688	23.74195087049845	26.30408377195658	0.0
113.0	26.28689011031675	23.711168669820687	23.905567973200075	26.09637324666249	0.0
114.0	26.283839621961295	23.773287705422657	23.7197655006406	26.22310717197544	0.0
115.0	26.223589083719034	23.729128477893727	23.820920191126433	26.22636224726081	0.0
116.0	26.242928452579033	23.77149195784803	23.731558513588464	26.25402107598447	0.0
117.0	26.25263449805879	23.762895174708817	23.73128119800333	26.253189129229064	0.0
118.0	26.259012756516913	23.75124792013311	23.61120354963949	26.37853577371048	0.0
119.0	26.245701608430394	23.744315030504715	23.650582362728787	26.359400998336106	0.0
120.0	26.282584581253467	23.737936772046588	23.784803105934554	26.194675540765388	0.0
121.0	26.23516361619523	23.73987798114254	23.7859123682751	26.23904603438713	0.0
122.0	26.210759844703276	23.84165280088741	23.74736550194121	26.200221852468108	0.0
123.0	26.369107043815866	23.731558513588464	23.80310593455352	26.096228508042152	0.0
124.0	26.253743760399335	23.752634498058793	23.7573488630061	26.23627287853577	0.0
125.0	26.224070992789795	23.83777038269551	23.663893510815306	26.274265113699393	0.0
126.0	26.258458125346646	23.65501941209096	23.76677759290072	26.319744869661676	0.0
127.0	26.20410427066001	23.663616195230173	23.808374930671103	26.323904603438713	0.0
128.0	26.219911259012758	23.715196894065446	23.806988352745424	26.25790349417637	0.0
129.0	26.24327854486563	23.669505461745597	23.796516351958825	26.290699641429953	0.0
130.0	26.237177585073724	23.736616019456516	23.808995587896806	26.217210807572954	0.0
131.0	26.292918172263374	23.76961666560362	23.728019212477015	26.20944594965599	0.0
132.0	26.22386640007321	23.85059304102341	23.80317194445908	26.1223686144443	0.0
133.0	26.3403392688277	23.85003840831505	23.638168713723555	26.171453609133692	0.0
134.0	26.21998397111473	23.88303905446216	23.639832611848618	26.257144362574493	0.0
135.0	26.126805676111136	23.740498448415	23.83672722331454	26.295968652159324	0.0
136.0	26.175890670800527	23.69002687195472	23.80344926081326	26.330633196431492	0.0
137.0	26.202235724447377	23.73717065216487	23.75297768435298	26.307615939034772	0.0
138.0	26.288758426950714	23.7111029148722	23.916317016963443	26.083821641213646	0.0
139.0	26.289867692367423	23.765734236645137	23.72025435456005	26.22414371642739	0.0
140.0	26.232813271288247	23.729748917076634	23.813221371166783	26.224216440468336	0.0
141.0	26.241205556341292	23.76808459304986	23.733419856515724	26.25728999409313	0.0
142.0	26.25645804041631	23.76115164574303	23.732033267054355	26.2503570467863	0.0
143.0	26.26727343821496	23.750336247944382	23.6130638912692	26.36932642257146	0.0
144.0	26.252020954139937	23.75200015529802	23.651611078295158	26.344367812266878	0.0
145.0	26.29916499582637	23.730369359700717	23.784446348693972	26.186019295778944	0.0
146.0	26.230944794327186	23.74312598274528	23.781118533986696	26.244810688940838	0.0
147.0	26.206540819807156	23.851834596516333	23.744789890098918	26.196834693577596	0.0
148.0	26.366275925756455	23.72482300185526	23.808295687429457	26.10060538495883	0.0
149.0	26.258194766442223	23.747074288122995	23.759553627882728	26.235177317552054	0.0
150.0	26.225748483066923	23.83803480903837	23.663878689724786	26.272338018169915	0.0
151.0	26.257085491796918	23.65944159114355	23.76870514370653	26.314767773353005	0.0
152.0	26.20661349543533	23.673584842871247	23.817235909438818	26.3025657522546	0.0
153.0	26.230462900309487	23.71407336742504	23.8008741084205	26.25458962384497	0.0
154.0	26.23303151735326	23.663389675397607	23.79650300198283	26.307075805266294	0.0
155.0	26.23857790596098	23.736324685589096	23.812587528945215	26.212509879504708	0.0
156.0	26.290436639443143	23.762670031475754	23.733274171854852	26.213619157226255	0.0
157.0	26.220829462416283	23.83782359711033	23.810091654071744	26.13125528640164	0.0
158.0	26.342018053494918	23.84669781888268	23.637876287802104	26.173407839820296	0.0
159.0	26.218888226403582	23.87442976192127	23.645918551283295	26.26076346039185	0.0
160.0	26.134583119566273	23.735770046728323	23.839487513692646	26.29015932001276	0.0
161.0	26.175349075832997	23.68668450755002	23.798998876856306	26.33896753976067	0.0
162.0	26.208627407479305	23.739652518753726	23.750467976538776	26.301252097228193	0.0
163.0	26.295983028050863	23.719685519765942	23.90604417698526	26.078287275197937	0.0
164.0	26.293487153177388	23.75823292058958	23.722458714069802	26.22582121216323	0.0
165.0	26.23532282844418	23.73971835360544	23.80932572366706	26.21563309428332	0.0
166.0	26.242605929676948	23.766684322768327	23.740061509790817	26.250648237763908	0.0
167.0	26.272001952339618	23.745885250129646	23.734792411389016	26.247320386141716	0.0
168.0	26.266732853937818	23.748103817877777	23.61637635783279	26.368786970351614	0.0
169.0	26.24787502807875	23.748381138846288	23.653537367613904	26.350206465461063	0.0
170.0	26.29030513626166	23.727859387176125	23.793861777682874	26.187973698879347	0.0
171.0	26.236227547401086	23.743389361413005	23.783878222816305	26.236504868369604	0.0
172.0	26.209882055392093	23.837955811676878	23.74699453400371	26.20516759892732	0.0
173.0	26.37239214294232	23.727304745239092	23.806895863203113	26.093407248615474	0.0
174.0	26.259318010382927	23.735967520078095	23.765918267737497	26.238796201801485	0.0
175.0	26.22659404534765	23.83691263255979	23.66219993787993	26.274293384212626	0.0
176.0	26.254603540843945	23.65748546834095	23.776733815503395	26.311177175311713	0.0
177.0	26.20607223676621	23.660813329191996	23.831920841283225	26.301193592758576	0.0
178.0	26.231585836624216	23.70906731153215	23.806407241425212	26.252939610418423	0.0
179.0	26.23914629039549	23.658383043392654	23.794548394164025	26.307922272047833	0.0
180.0	26.2360957428222	23.736310667764865	23.819507419763667	26.20808616964927	0.0
181.0	26.29433346922136	23.75766450077789	23.742689085418107	26.205312944582644	0.0
182.0	26.22805339012898	23.83254157757681	23.808137196990494	26.131267835303714	0.0
183.0	26.35007529306056	23.831154965043496	23.6506180132061	26.16815172868985	0.0
184.0	26.221120327462415	23.869148148456283	23.645903530592832	26.26382799348847	0.0
185.0	26.145411283143506	23.728822960084972	23.836146770163428	26.289618986608097	0.0
186.0	26.180076596476344	23.680568843925666	23.811465067070447	26.327889492527547	0.0
187.0	26.215851199835825	23.72993225011162	23.74629427800472	26.307922272047833	0.0
188.0	26.305149046981207	23.71412486723185	23.90298149426913	26.077744591517813	0.0
189.0	26.303485111941228	23.761269693364504	23.711351642165223	26.22389355252904	0.0
190.0	26.236723148173823	23.738317757009344	23.811808425081114	26.213150669735715	0.0
191.0	26.24428365812601	23.76445204928603	23.741711477610245	26.24955281497772	0.0
192.0	26.259813804636305	23.75918289243432	23.73616499671371	26.244838306215662	0.0
193.0	26.25759521227769	23.74115682952059	23.618856925752034	26.382391032449686	0.0
194.0	26.257740850335704	23.74128851012377	23.653930951476344	26.347039688064182	0.0
195.0	26.285473408636474	23.726590254224362	23.797030952308322	26.19090538483084	0.0
196.0	26.23444550136306	23.728531533305418	23.79203909181418	26.24498387351735	0.0
197.0	26.212536780305445	23.84278967350459	23.751272231112047	26.193401315077914	0.0
198.0	26.371167013785858	23.731304789135493	23.810619905875697	26.086908291202953	0.0
199.0	26.25670436456213	23.72776535972001	23.771582923352543	26.243947352365314	0.0
200.0	26.232022319224818	23.83009878364662	23.656769813581228	26.28110908354734	0.0
201.0	26.25892297537897	23.661484361567005	23.780180040267787	26.299412622786246	0.0
202.0	26.211500169169078	23.65760179263754	23.833426699871875	26.29747133832151	0.0
203.0	26.214550759042226	23.709461820481106	23.81567781333718	26.260309607139487	0.0
204.0	26.240692208494533	23.65267551340183	23.804373448701416	26.30225882940222	0.0
205.0	26.24124686273694	23.734764341278755	23.81934911324653	26.204639682737774	0.0
206.0	26.288115146220726	23.760001109308483	23.73781493961202	26.21406880485877	0.0
207.0	26.21983349141111	23.832581770582003	23.803739510014367	26.143845227992525	0.0
208.0	26.347273836596596	23.820234067335956	23.654390149204062	26.178101946863386	0.0
209.0	26.22358422541461	23.86266570525265	23.645792889234013	26.267957180098726	0.0
210.0	26.14399023794997	23.71651228576183	23.846025847246104	26.2934716290421	0.0
211.0	26.178656608796942	23.671030007210607	23.81940207443563	26.330911309556825	0.0
212.0	26.21637362027844	23.727050862499308	23.750901325642022	26.30567419158023	0.0
213.0	26.303178212879253	23.712906983193744	23.91036663153808	26.07354817238893	0.0
214.0	26.308724832214764	23.75727993787786	23.710133673525984	26.223861556381383	0.0
215.0	26.23731897120734	23.730510458208766	23.81204621468864	26.22012435589526	0.0
216.0	26.24765306716735	23.76524293008151	23.73917360230963	26.247930400441515	0.0
217.0	26.25541839884408	23.770512262290715	23.73168560390707	26.242383734958135	0.0
218.0	26.26013306450495	23.7474936005347	23.620752294239512	26.371621040720843	0.0
219.0	26.255914181277628	23.743808483140768	23.655061097028625	26.345216238552975	0.0
220.0	26.29446382712009	23.72578167033674	23.796224908063255	26.183529594479914	0.0
221.0	26.24454342243201	23.729941704060746	23.790400860849644	26.235114012657597	0.0
222.0	26.21570052194556	23.83810258088492	23.755179241986387	26.191017655183124	0.0
223.0	26.373781803457817	23.735765751274357	23.802880962021668	26.08757148324616	0.0
224.0	26.266116798078603	23.72792043730638	23.76785709333252	26.23810567128249	0.0
225.0	26.23560963028086	23.836359551932908	23.659972654484136	26.268058163302094	0.0
226.0	26.265839460189532	23.659140640816926	23.77673190578277	26.298287993210767	0.0
227.0	26.216064054314153	23.66149058848653	23.826507547792517	26.2959378094068	0.0
228.0	26.218560109160798	23.721673244233422	23.802933696463093	26.256832950142687	0.0
229.0	26.254964389518758	23.647966541678684	23.807991835104612	26.289077233697945	0.0
230.0	26.24803088460429	23.7364380643873	23.818253422378024	26.197277628630385	0.0
231.0	26.294346697432943	23.766113465421224	23.73810210556677	26.201437731579063	0.0
232.0	26.219887621129	23.845010344846713	23.80535047675044	26.12975155727384	0.0
233.0	26.362995956357505	23.83031123289495	23.64865239650993	26.158040414237615	0.0
234.0	26.211290027345896	23.876349960894817	23.66251948325688	26.24984052850241	0.0
235.0	26.13613041717744	23.724089348413326	23.856104014244274	26.283676220164963	0.0
236.0	26.167192691490598	23.67361315265444	23.828924524220255	26.330269631634707	0.0
237.0	26.208793951731447	23.734073650871128	23.75071415496747	26.306418242429956	0.0
238.0	26.291164447008313	23.71798783024467	23.918505904605535	26.072341818141474	0.0
239.0	26.29865267385167	23.760975799160207	23.70412074349772	26.2362507834904	0.0
240.0	26.229853751619046	23.737834592054938	23.817157628185747	26.215154028140265	0.0
241.0	26.2491193618355	23.753931668025764	23.743114380335836	26.253834589802906	0.0
242.0	26.252749599869073	23.761535837029516	23.737680544344492	26.248034018756915	0.0
243.0	26.258717398179126	23.74794028062116	23.617283334165542	26.376058987034174	0.0
244.0	26.257927062700777	23.72931196147295	23.662732957161957	26.35002801866431	0.0
245.0	26.2930113716754	23.715727534768362	23.79895521518517	26.19230587837107	0.0
246.0	26.238340703913526	23.731696084252114	23.793564567947133	26.236398643887227	0.0
247.0	26.21343869131185	23.82734683232433	23.76630727314093	26.192907203222887	0.0
248.0	26.36970527682669	23.73240179131313	23.8112018112906	26.086691120569576	0.0
249.0	26.263231642180322	23.727750724878955	23.771312828623355	26.237704804317364	0.0
