# Position (bp)	A	C	G	T	N
0.0	26.165187302542503	23.758359888945115	23.88418562030718	26.192267188205204	0.0
1.0	26.34708754462027	23.780516159032782	23.688608668298755	26.183787628048194	0.0
2.0	26.101191453047562	23.711720878327373	23.839181190577783	26.347906478047285	0.0
3.0	26.304503607590433	23.713548020064657	23.72831753360064	26.253630838744265	0.0
4.0	26.21691399690404	23.730028060540754	23.8087944907258	26.244263451829404	0.0
5.0	26.446039151766428	23.652414577715543	23.804197410666912	26.097348859851117	0.0
6.0	26.086231226139557	23.78988590743516	23.668464290011705	26.455418576413575	0.0
7.0	26.233578718237606	23.817558329049124	23.763139760011377	26.185723192701893	0.0
8.0	26.293741095916634	23.706669072990923	23.71350522145019	26.286084609642252	0.0
9.0	26.352214155831728	23.83331282556089	23.71764898896682	26.09682402964057	0.0
10.0	26.180300929913354	23.702537096734503	23.76132315104188	26.35583882231026	0.0
11.0	26.215025715480966	23.8433502035638	23.778275408563076	26.163348672392157	0.0
12.0	26.241749468192733	23.749227580700726	23.765632946348987	26.243390004757554	0.0
13.0	26.270185435316378	23.71942449977306	23.84410527869982	26.166284786210742	0.0
14.0	26.2463976551264	23.693175914735846	23.844378701460624	26.21604772867713	0.0
15.0	26.203743704440935	23.82059092127065	23.712315507992145	26.26334986629627	0.0
16.0	26.250225573777662	23.73610328818212	23.84219131937419	26.171479818666025	0.0
17.0	26.27975523194453	23.86570567680336	23.768093751196226	26.086445340055885	0.0
18.0	26.247217923408815	23.729267719162014	23.74813388965751	26.275380467771658	0.0
19.0	26.11706868926597	23.800084214210326	23.84355843317821	26.23928866334549	0.0
20.0	26.189525720879107	23.79707656384148	23.70821416658008	26.30518354869933	0.0
21.0	26.225617525305278	23.75004784898314	23.842464742134993	26.181869883576585	0.0
22.0	26.271825971881203	23.80254501905757	23.672669207675522	26.252959801385707	0.0
23.0	26.150426266084093	23.840550782809363	23.74430597100625	26.26471698010029	0.0
24.0	26.243865093578684	23.763927433797697	23.73248390227897	26.25972357034465	0.0
25.0	26.173048792158255	23.757912149507156	23.88259258752922	26.186446470805365	0.0
26.0	26.348859146649893	23.77841880049763	23.68545531600749	26.187266736844983	0.0
27.0	26.10879461905478	23.710610141222467	23.834470313204918	26.346124926517835	0.0
28.0	26.30757242265575	23.710063297196058	23.728109150067674	26.254255130080523	0.0
29.0	26.22226475453539	23.74314736079402	23.79236332317115	26.242224561499444	0.0
30.0	26.441549209126826	23.661394178845338	23.803026781686192	26.094029830341643	0.0
31.0	26.080358729681326	23.792636745184353	23.67014368326794	26.45686084186638	0.0
32.0	26.230193992918373	23.819432102478572	23.759279259573187	26.19109464502987	0.0
33.0	26.30019002829918	23.695571930496122	23.714984893433773	26.289253147770925	0.0
34.0	26.346945192557452	23.826267652808728	23.715531737460182	26.111255417173634	0.0
35.0	26.175509590277112	23.702134058813076	23.75763872749395	26.364717623415864	0.0
36.0	26.212421562059962	23.841579285548278	23.780879598616483	26.165119553775273	0.0
37.0	26.25090229017652	23.749644552354702	23.767143513353894	26.23230964411488	0.0
38.0	26.270862042566222	23.725583480980816	23.833311459632085	26.170243016820876	0.0
39.0	26.24570728612989	23.68511713367019	23.84534199531903	26.223833584880897	0.0
40.0	26.19649145831966	23.825382242929326	23.711638996434587	26.266487302316428	0.0
41.0	26.252269396504584	23.7340595402148	23.84315462519413	26.170516438086487	0.0
42.0	26.279064680534592	23.86448148391189	23.767143513353894	26.089310322199623	0.0
43.0	26.238051490692737	23.735426646542862	23.743629284511233	26.282892578253165	0.0
44.0	26.116652448760856	23.800774329024215	23.848349629240765	26.234223592974164	0.0
45.0	26.190749611741804	23.802961699149115	23.707537677450404	26.298751011658684	0.0
46.0	26.223833584880897	23.753199028807664	23.844248310256578	26.178719076054858	0.0
47.0	26.260198613207343	23.812531443445543	23.673360019248857	26.253909924098256	0.0
48.0	26.148095894306277	23.84561541658464	23.742535599448782	26.2637530896603	0.0
49.0	26.246182366017113	23.76817221117907	23.731807282282077	26.25383814052174	0.0
50.0	26.16798409786267	23.766531688070934	23.882735408230506	26.182748805835885	0.0
51.0	26.34297322939708	23.78457744226042	23.68013080437582	26.192318523966673	0.0
52.0	26.098808706802977	23.715128630682702	23.83762102275679	26.34844163975753	0.0
53.0	26.302233572211726	23.713214687056546	23.73290096435417	26.25165077637756	0.0
54.0	26.2120048012643	23.754501185277945	23.797154786089457	26.236339227368298	0.0
55.0	26.443591980029364	23.65825716293402	23.806724504220245	26.091426352816367	0.0
56.0	26.0821300552036	23.799888991269682	23.670561086245034	26.44741986728168	0.0
57.0	26.232784760634008	23.81492711976092	23.761883539264552	26.19040458034052	0.0
58.0	26.2945777977071	23.70501207151587	23.709933640840276	26.290476489936758	0.0
59.0	26.334770613856406	23.824223417373684	23.714855210164682	26.126150758605228	0.0
60.0	26.17099172356092	23.70036392270949	23.769539313769183	26.359105039960408	0.0
61.0	26.21802005266079	23.837074181720745	23.777195088273814	26.167710677344648	0.0
62.0	26.246110603765537	23.751975457841407	23.760724890495382	26.241189047897674	0.0
63.0	26.266070247007423	23.729828456436028	23.833181129661124	26.170920166895428	0.0
64.0	26.24665744330641	23.686628132707018	23.843297661167284	26.223416762819284	0.0
65.0	26.19853556370954	23.821970919073216	23.70986881319414	26.269624704023098	0.0
66.0	26.249938480551656	23.737484210008258	23.835368487824617	26.177208821615473	0.0
67.0	26.27427284012052	23.866538341654408	23.767833804526738	26.09135501369833	0.0
68.0	26.23954852927505	23.729281616895154	23.744319704269177	26.286850149560614	0.0
69.0	26.117056472119387	23.80228469560177	23.843024241396847	26.237634590881996	0.0
70.0	26.186505093810325	23.805292313076574	23.712329591128075	26.295873001985026	0.0
71.0	26.212479972001816	23.759904631184074	23.84958631588733	26.178029080926784	0.0
72.0	26.252125838715145	23.817049363205356	23.675144502348676	26.25568029573082	0.0
73.0	26.14029715260651	23.850133155428203	23.73475001230389	26.274819679661398	0.0
74.0	26.235648919037892	23.77104984702206	23.73413827893662	26.25916295500343	0.0
75.0	26.16948151550696	23.76366753340497	23.884792160529777	26.182058790558294	0.0
76.0	26.340915242837106	23.786361312301942	23.67507976999992	26.197643674861038	0.0
77.0	26.09757231249607	23.722654679976703	23.835303317393006	26.34446969013422	0.0
78.0	26.299355551363128	23.708163471765385	23.736599050142317	26.25588192672917	0.0
79.0	26.211588045026645	23.750543420307924	23.796204397124725	26.241664137540706	0.0
80.0	26.450282851979146	23.655120181331498	23.798938587353277	26.095658379336083	0.0
81.0	26.082534266239037	23.796204397124725	23.67343925586279	26.44782208077345	0.0
82.0	26.237836271220733	23.818624756998844	23.757105476856445	26.18643349492398	0.0
83.0	26.28787195240322	23.711444500039647	23.711444500039647	26.289239047517494	0.0
84.0	26.325603777557223	23.82655390866164	23.721561003885284	26.126281309895855	0.0
85.0	26.16045868775274	23.70734321469682	23.774604294319175	26.357593803231268	0.0
86.0	26.210220949912372	23.84514640221579	23.778705579662	26.165927068209843	0.0
87.0	26.244053152512713	23.74555695302674	23.770711434352272	26.239678460108273	0.0
88.0	26.268934215562968	23.7302455296112	23.831136873188605	26.169683381637228	0.0
89.0	26.24979493629354	23.68349100453874	23.846448296604144	26.22026576256357	0.0
90.0	26.201399901569424	23.828676108711104	23.70126319243178	26.26866079728769	0.0
91.0	26.25088860939465	23.732159457538142	23.835511565593045	26.181440367474163	0.0
92.0	26.271121561765188	23.870782523103845	23.769344342975884	26.088751572155083	0.0
93.0	26.24049871493411	23.72805818340898	23.745830371302016	26.285612730354895	0.0
94.0	26.121288346913108	23.803248209110297	23.844534368677202	26.230929075299393	0.0
95.0	26.189916334007762	23.80516213703724	23.71028599551594	26.294635533439052	0.0
96.0	26.21835183463663	23.757040520588397	23.846721714879422	26.177885929895556	0.0
97.0	26.258544321102423	23.812544430469732	23.684037841089296	26.24487340733855	0.0
98.0	26.14507573686225	23.84590146005359	23.743369606824523	26.265653196259635	0.0
99.0	26.231677607924738	23.77611479161483	23.736742667625453	26.255464932834983	0.0
100.0	26.166057401275765	23.76927935342223	23.884114715057926	26.18054853024408	0.0
101.0	26.34897372730976	23.794160348443295	23.662373100089955	26.194492824156985	0.0
102.0	26.101257447209914	23.720337615963206	23.83845398793135	26.33995094889553	0.0
103.0	26.302492747600077	23.704752816884078	23.734555327403818	26.258199108112024	0.0
104.0	26.21390546862397	23.74877303884443	23.798535028886562	26.238786463645035	0.0
105.0	26.45888757344678	23.647881971121638	23.79689452372034	26.09633593171124	0.0
106.0	26.079657462521293	23.79498060102641	23.671395878504185	26.453966057948108	0.0
107.0	26.237692793534222	23.816307168187322	23.759983157480296	26.186016880798164	0.0
108.0	26.2904623763811	23.70830724474423	23.70748699216112	26.293743386713547	0.0
109.0	26.332568675647522	23.827517286823188	23.724985713934178	26.11492832359511	0.0
110.0	26.173986509579183	23.69791737869148	23.776388209142535	26.351707902586803	0.0
111.0	26.217459896484126	23.83900082298676	23.778575549364167	26.164963731164946	0.0
112.0	26.245276725123173	23.748434688933727	23.771128281684902	26.235160304258194	0.0
113.0	26.276172821278386	23.736404350607806	23.833740724335733	26.153682103778074	0.0
114.0	26.260588064810715	23.689923497984918	23.83538122501654	26.214107212187827	0.0
115.0	26.212740128287155	23.822530636350216	23.69894625172936	26.265782983633272	0.0
116.0	26.250745060725865	23.736404350607806	23.83401414111587	26.17883644755046	0.0
117.0	26.26851715143462	23.87065198965391	23.767573863543152	26.093256995368318	0.0
118.0	26.244183058002633	23.726287929742824	23.748161272153595	26.281367740100947	0.0
119.0	26.120872090161917	23.806672463102405	23.837295142477487	26.235160304258194	0.0
120.0	26.188952868415438	23.801477544279848	23.71589809209771	26.293671495207004	0.0
121.0	26.2162945464289	23.756637192337767	23.849598897583544	26.177469363649784	0.0
122.0	26.256213396328558	23.80995346446402	23.676252658978186	26.25758048022923	0.0
123.0	26.136456846629592	23.840576143839098	23.746247354692652	26.276719654838658	0.0
124.0	26.228396597592287	23.78267681227973	23.72908697684974	26.259839613278245	0.0
125.0	26.160589050721683	23.76873251836682	23.881653957308586	26.189024473602906	0.0
126.0	26.350614232475987	23.790332503055442	23.664560440311586	26.194492824156985	0.0
127.0	26.105905545180878	23.714049012826017	23.83982107556987	26.340224366423232	0.0
128.0	26.29948515479533	23.7061199045226	23.74139076559642	26.25300417508565	0.0
129.0	26.21472572120708	23.747132533678204	23.79826161135886	26.239880133755854	0.0
130.0	26.455059728058927	23.652803486620314	23.79224642574937	26.099890359571393	0.0
131.0	26.075009364550322	23.794433765971	23.667568033116332	26.462988836362346	0.0
132.0	26.239333298700444	23.81193248774406	23.75861606984177	26.19011814371372	0.0
133.0	26.291354514135723	23.715207524470934	23.705364466560944	26.288073494832393	0.0
134.0	26.335101438180132	23.818286214250563	23.72915185651009	26.117460491059223	0.0
135.0	26.173511237491116	23.690873297971237	23.779187400885878	26.356428063651776	0.0
136.0	26.218150101575166	23.844872983192932	23.764214371450677	26.172762543781218	0.0
137.0	26.241260796692707	23.746025149219246	23.773914042057545	26.238800012030506	0.0
138.0	26.261018877004176	23.738981122995824	23.84014699127239	26.15985300872761	0.0
139.0	26.25308966030142	23.697421090622743	23.8313975107728	26.21809173830304	0.0
140.0	26.20551436008487	23.81882013255463	23.70152240960693	26.274143097753573	0.0
141.0	26.251449132707744	23.726403744777656	23.83850646367872	26.183640658835884	0.0
142.0	26.265393617253974	23.869403066692914	23.768237198416344	26.096966117636768	0.0
143.0	26.242699652208152	23.727770851105713	23.746636918432966	26.282892578253165	0.0
144.0	26.11282455104228	23.801868014086665	23.842334361397292	26.242973073473763	0.0
145.0	26.18664829275762	23.79913380143054	23.72448979591837	26.289728109893474	0.0
146.0	26.213716998053236	23.751011658682767	23.852177526959338	26.18309381630466	0.0
147.0	26.256097294223157	23.817179604960955	23.673086597983247	26.253636502832645	0.0
148.0	26.14481483911893	23.833584880897696	23.740621650589496	26.280978629393882	0.0
149.0	26.22889859843493	23.779030661628397	23.733369060574077	26.258701679362595	0.0
150.0	26.15487254363156	23.77526774997061	23.883543459299545	26.186316247098297	0.0
151.0	26.34845638758329	23.793040278017024	23.67164024028458	26.186863094115104	0.0
152.0	26.111945052811752	23.709919531461477	23.844170474089022	26.33396494163775	0.0
153.0	26.296232497477668	23.713200613562353	23.735894764760086	26.254672124199896	0.0
154.0	26.218306797581842	23.745738011062713	23.7963213601179	26.23963383123754	0.0
155.0	26.43977983939103	23.65851591188107	23.78811865486571	26.113585593862187	0.0
156.0	26.07011125602557	23.79796190116834	23.669179428708922	26.46274741409717	0.0
157.0	26.24072752527117	23.819562358332444	23.758588915957816	26.18112120043857	0.0
158.0	26.291109336891495	23.709710935876544	23.705882996292367	26.2932967309396	0.0
159.0	26.334036945085472	23.820174335305634	23.739240755525902	26.10654796408299	0.0
160.0	26.18338018002253	23.69658657158794	23.773965636039502	26.346067612350026	0.0
161.0	26.216536197369106	23.844300865936987	23.768015289926204	26.171147646767707	0.0
162.0	26.241014521681354	23.75119282310126	23.772520090012	26.235272565205385	0.0
163.0	26.265147869454896	23.734852130545104	23.844769883629365	26.155230116370635	0.0
164.0	26.253117070609854	23.698759734009975	23.837113920727973	26.211009274652202	0.0
165.0	26.210188992912762	23.81688030448858	23.710517105608538	26.262413596990115	0.0
166.0	26.254757634088723	23.728016449383148	23.84258246565754	26.174643450870594	0.0
167.0	26.262413596990115	23.87976857117858	23.765202554904192	26.092615276927116	0.0
168.0	26.25010937089859	23.724188467932454	23.750164056347884	26.275538104821067	0.0
169.0	26.1166768746172	23.802388660425233	23.833832793770235	26.247101671187327	0.0
170.0	26.191322512905767	23.79500612477032	23.72172762271415	26.291943739609763	0.0
171.0	26.214837256102896	23.75617945577041	23.8581678187068	26.170815469419896	0.0
172.0	26.25776533379998	23.822622276664625	23.66977644588328	26.249835943652112	0.0
173.0	26.157144107095988	23.8330125120308	23.736766121270453	26.27307725960277	0.0
174.0	26.23275348211503	23.773808807686628	23.737169356294054	26.25626835390429	0.0
175.0	26.164467837856314	23.767038075056394	23.87941759518764	26.189076491899648	0.0
176.0	26.356415339394353	23.78809214573792	23.670244035819263	26.185248479048468	0.0
177.0	26.114703670790895	23.709071023309864	23.84031717820767	26.33590812769157	0.0
178.0	26.297081140200973	23.708524164331124	23.74461685692802	26.249777838539885	0.0
179.0	26.216692870326064	23.747624581311094	23.794381023993438	26.241301524369405	0.0
180.0	26.4419987695673	23.64918996513774	23.79602160092966	26.112789664365298	0.0
181.0	26.06849408708729	23.808052498461958	23.672431471734225	26.451021942716523	0.0
182.0	26.240481235901292	23.811880511313145	23.765397498120173	26.182240754665393	0.0
183.0	26.295512462950203	23.710503002264	23.705581257997835	26.288403276787957	0.0
184.0	26.343089324189826	23.817414224934648	23.734564863120823	26.1049315877547	0.0
185.0	26.18313263553937	23.702573525390733	23.76874364274699	26.345550196322908	0.0
186.0	26.215469084525722	23.845916171528724	23.76962892681073	26.168985817134825	0.0
187.0	26.23830734357611	23.744876558906927	23.771946374422033	26.244869723094926	0.0
188.0	26.257792846986767	23.73455102264027	23.84665864595866	26.160997484414306	0.0
189.0	26.258339713441973	23.688614240402494	23.833807284261184	26.21923876189435	0.0
190.0	26.21103576506617	23.81384665864596	23.706113966969266	26.269003609318602	0.0
191.0	26.263534944766487	23.72279339385322	23.835447883626816	26.178223777753473	0.0
192.0	26.261074045718036	23.877009734222902	23.762988078311274	26.098928141747784	0.0
193.0	26.252050749207044	23.723066827080828	23.752597615662253	26.27228480804987	0.0
194.0	26.119709067045825	23.800448430493272	23.831619818440338	26.24822268402056	0.0
195.0	26.186700207809256	23.80072186372088	23.72279339385322	26.289784534616643	0.0
196.0	26.2216996609428	23.759706879580005	23.85294761019359	26.165645849283603	0.0
197.0	26.258613146669585	23.8204090561085	23.673575412884173	26.247402384337743	0.0
198.0	26.15334135404134	23.839822815268512	23.730996390681398	26.275839440008752	0.0
199.0	26.22977266637136	23.77296168085793	23.73932920993771	26.257936442833003	0.0
200.0	26.166133923224788	23.776581345685326	23.878025905276484	26.1792588258134	0.0
201.0	26.35972623640684	23.780956313214862	23.670488383094032	26.188829067284264	0.0
202.0	26.10488437781126	23.707949042565698	23.843026165040182	26.34414041458286	0.0
203.0	26.29820325552271	23.714238058389412	23.732284799448756	26.255273886639124	0.0
204.0	26.21726635622626	23.751425282390482	23.798182747862416	26.233125613520837	0.0
205.0	26.44749902246819	23.65517599674065	23.79380778033288	26.103517200458278	0.0
206.0	26.069064331163165	23.810487344039245	23.675683657035357	26.444764667762232	0.0
207.0	26.23367248446203	23.81896384362772	23.760995523861347	26.1863681480489	0.0
208.0	26.293900184842883	23.70555294272058	23.708834177339792	26.29171269509674	0.0
209.0	26.34257183169454	23.82203677170263	23.727427840182	26.107963556420827	0.0
210.0	26.173314812586817	23.711295103304202	23.765162038302947	26.350228045806034	0.0
211.0	26.216862857689733	23.845890925994283	23.76468014710909	26.172566069206898	0.0
212.0	26.243256323948017	23.742114718372058	23.764810110660544	26.249818847019384	0.0
213.0	26.253445334033337	23.732062387889926	23.844445902786894	26.170046375289846	0.0
214.0	26.255359408496304	23.69131994574966	23.83077394233714	26.2225467034169	0.0
215.0	26.212976331102066	23.810539440871505	23.70417158857243	26.272312639454	0.0
216.0	26.260281314258215	23.721398258739118	23.83514896968106	26.183171457321606	0.0
217.0	26.263836023975152	23.875891411821325	23.76432821455134	26.095944349652182	0.0
218.0	26.25098438115238	23.724952968456055	23.740812442577766	26.283250207813797	0.0
219.0	26.116178851117823	23.79878155488472	23.83241457759111	26.25262501640635	0.0
220.0	26.1837183357396	23.80096906855668	23.722765454784092	26.29254714091963	0.0
221.0	26.21625760161001	23.762414140088374	23.850461565384784	26.17086669291683	0.0
222.0	26.263289145557163	23.819016056350353	23.66862449140307	26.249070306689415	0.0
223.0	26.156100975631098	23.835422408890057	23.727960799755	26.28051581572385	0.0
224.0	26.239916874025866	23.77566924612398	23.72891088567444	26.25550299417571	0.0
225.0	26.16588599132097	23.76889822235712	23.878548244642598	26.186667541679316	0.0
226.0	26.35647468342316	23.77737490737171	23.669638975250816	26.196511433954317	0.0
227.0	26.098892835560516	23.709561427255004	23.839992999898826	26.351552737285655	0.0
228.0	26.30342704171896	23.71174895887167	23.72596791438001	26.258856085029354	0.0
229.0	26.215652335600165	23.752491735232113	23.794328277400883	26.23752765176684	0.0
230.0	26.447530686966957	23.65213872231747	23.789406331263383	26.11092425945219	0.0
231.0	26.077017519393834	23.804992494032142	23.674560921388316	26.443429065185708	0.0
232.0	26.239441741931422	23.82085209825298	23.753038618136276	26.186667541679316	0.0
233.0	26.296389469194004	23.703610530806	23.705524626204515	26.29447537379549	0.0
234.0	26.341507432158988	23.817909370317302	23.730134424185415	26.11044877333829	0.0
235.0	26.163496560097126	23.715368545396874	23.770603869754012	26.350531024751987	0.0
236.0	26.215795705305066	23.8480532229353	23.764653123948953	26.17149794781068	0.0
237.0	26.23836152089799	23.747009201405504	23.7653299790815	26.249299298615004	0.0
238.0	26.24882418568022	23.741605232647167	23.842779953186184	26.166790628486424	0.0
239.0	26.255933760637017	23.68636930413668	23.825006015794195	26.232690919432113	0.0
240.0	26.20518415821007	23.815735142511027	23.702524809196834	26.276555890082065	0.0
241.0	26.259513176929367	23.7266768213478	23.830046735233555	26.18376326648928	0.0
242.0	26.258877709803834	23.8758091466733	23.76805966149159	26.09725348203127	0.0
243.0	26.243473932651256	23.727126287778717	23.736971795355654	26.292427984214367	0.0
244.0	26.111487927884564	23.802634313907824	23.827795950070563	26.258081808137057	0.0
245.0	26.1835407897292	23.805655614177603	23.71703877533717	26.29376482075603	0.0
246.0	26.216688593911975	23.764301715248507	23.847725538357178	26.17128415248234	0.0
247.0	26.256520228778996	23.822392660690987	23.67769623597826	26.243390874551753	0.0
248.0	26.149132884731113	23.844302204715795	23.729689807976367	26.27687510257673	0.0
249.0	26.237629178998734	23.774953635065568	23.73474333794703	26.252673847988667	0.0
