# Position (bp)	A	C	G	T	N
0.0	26.18800413073209	23.80418097072204	23.702866393145218	26.304948505400656	0.0
1.0	26.201959306706858	23.703145496664714	23.724915571185353	26.36997962544308	0.0
2.0	26.193473121910788	23.761174201723122	23.755871427255705	26.28948124911039	0.0
3.0	26.320959815136792	23.729135211920106	23.755926981265297	26.19397799167781	0.0
4.0	26.282389384235422	23.675331742643056	23.708540890507486	26.333737982614036	0.0
5.0	26.310252353166064	23.63909841578135	23.78699975163738	26.263649479415204	0.0
6.0	26.30007478429753	23.74875824580594	23.750153475237468	26.201013494659065	0.0
7.0	26.31063464071255	23.814373730383732	23.744614594727327	26.130377034176394	0.0
8.0	26.228117658219723	23.853635942566005	23.71524076853965	26.20300563067462	0.0
9.0	26.25966423834223	23.833385880376888	23.682999031832345	26.223950849448535	0.0
10.0	26.257257567260666	23.716655646045552	23.838579985994045	26.18750680069974	0.0
11.0	26.245260435412188	23.668946121717877	23.735348851483877	26.350444591386058	0.0
12.0	26.175788671917505	23.738138882146316	23.82379282348313	26.26227962245305	0.0
13.0	26.25167750593579	23.841370016656484	23.79589251685876	26.111059960548964	0.0
14.0	26.255862551929443	23.684849296493766	23.81095868243592	26.24832946914087	0.0
15.0	26.149489425813293	23.741141677361753	23.720774510350985	26.38859438647397	0.0
16.0	26.319607389075976	23.719313321485068	23.74609746638729	26.214981823051666	0.0
17.0	26.298403274361714	23.762000552422986	23.670767058849787	26.26882911436551	0.0
18.0	26.168667572491564	23.780414652043266	23.68248512224451	26.36843265322065	0.0
19.0	26.18819767814944	23.750282489028265	23.681927119225715	26.37959271359658	0.0
20.0	26.209680794373096	23.78292566562785	23.744423457330903	26.262970082668147	0.0
21.0	26.255995044933194	23.819474863359012	23.689181158470067	26.235348933237727	0.0
22.0	26.142162429098743	23.870811141088275	23.804129780342112	26.182896649470873	0.0
23.0	26.272177132478287	23.826728902603364	23.69252917658285	26.208564788335504	0.0
24.0	26.315422366435005	23.678021098094142	23.73912242865234	26.267434106818516	0.0
25.0	26.19238270079041	23.79269071845679	23.715128298844096	26.299798281908704	0.0
26.0	26.214144818523465	23.693645182620436	23.721545333560254	26.37066466529584	0.0
27.0	26.193498706828006	23.762558555441785	23.753351505631645	26.290591232098564	0.0
28.0	26.321560399641765	23.72070832903206	23.762558555441785	26.19517271588439	0.0
29.0	26.273572140025276	23.6838801297915	23.72210333657905	26.32044439360417	0.0
30.0	26.293939250211345	23.646772929041546	23.79352772298498	26.26576009776213	0.0
31.0	26.29477625473954	23.75390950865044	23.745539463368498	26.205774773241526	0.0
32.0	26.318491383038385	23.8055247878891	23.75139849506586	26.124585334006657	0.0
33.0	26.236464939275322	23.847654015808224	23.712617285259512	26.20326375965694	0.0
34.0	26.252926028329814	23.832866935810124	23.68248512224451	26.23172191361555	0.0
35.0	26.236743940784717	23.723498344126043	23.8515600369398	26.18819767814944	0.0
36.0	26.243718978519677	23.666303034699418	23.739959433180534	26.350018553600375	0.0
37.0	26.173131596641934	23.734658404501968	23.823101882981188	26.269108115874907	0.0
38.0	26.252089023801616	23.84542200373304	23.791295710909797	26.11119326155554	0.0
39.0	26.26269108115875	23.678021098094142	23.811104818077066	26.248183002670046	0.0
40.0	26.16664155660088	23.736266189017417	23.715062133462787	26.382030120918916	0.0
41.0	26.332015523557363	23.723644966980356	23.74261696375512	26.201722545707167	0.0
42.0	26.30299952849008	23.763820960150436	23.663938977130375	26.26924053422911	0.0
43.0	26.181355549169556	23.775538958158375	23.671471975849766	26.3716335168223	0.0
44.0	26.198374546276327	23.749870962521936	23.682910973905138	26.368843517296604	0.0
45.0	26.21985754262422	23.776933957921226	23.741221963992267	26.261986535462288	0.0
46.0	26.255569536553182	23.809297952419346	23.690164972671955	26.244967538355517	0.0
47.0	26.14117955599948	23.86677194264877	23.801485953747388	26.19056254760437	0.0
48.0	26.28040053233191	23.817109951091307	23.694628971913076	26.20786054466371	0.0
49.0	26.3074635277312	23.686816973241115	23.743453963612826	26.26226553541486	0.0
50.0	26.191957547367217	23.79869595422169	23.710810969162136	26.298535529248962	0.0
51.0	26.217067543098516	23.692396972292514	23.724760966790637	26.36577451781833	0.0
52.0	26.2014435457546	23.761030960624737	23.753497961905346	26.28402753171532	0.0
53.0	26.338990522371613	23.713879968640406	23.76242596038759	26.184703548600396	0.0
54.0	26.2879335310513	23.686537973288544	23.717227968071246	26.308300527588912	0.0
55.0	26.29937252910667	23.645524980260753	23.779165957541785	26.27593653309079	0.0
56.0	26.29937252910667	23.762704960340155	23.737873964561427	26.20004854599175	0.0
57.0	26.32336652502769	23.810413952229627	23.742337963802544	26.123881558940138	0.0
58.0	26.231575540632157	23.85031094544714	23.703556970395315	26.214556543525386	0.0
59.0	26.260033535794296	23.83189694857752	23.684026973715415	26.224042541912766	0.0
60.0	26.240224539161826	23.718064967928957	23.85449594473569	26.187214548173525	0.0
61.0	26.23994553920926	23.671192975897192	23.747638962901377	26.34122252199217	0.0
62.0	26.178844549596427	23.738989964371708	23.829664948956957	26.25250053707491	0.0
63.0	26.251105537312057	23.84249894677518	23.798974954174255	26.107420561738504	0.0
64.0	26.265055534940558	23.666449976703504	23.82520094971584	26.2432935386401	0.0
65.0	26.16175256121242	23.734738745173313	23.72413677655514	26.379371917059125	0.0
66.0	26.324056636674335	23.72658157215596	23.743321475901514	26.206040315268186	0.0
67.0	26.29783078747297	23.760619376438584	23.66827090744228	26.27327892864616	0.0
68.0	26.171444514194043	23.781823254516286	23.673850875357466	26.372881355932204	0.0
69.0	26.201855339331797	23.74360047429727	23.68277882402176	26.371765362349166	0.0
70.0	26.22194322382646	23.7762432866011	23.740531491943923	26.261281997628515	0.0
71.0	26.25849201367092	23.813908070028596	23.690590779103022	26.237009137197457	0.0
72.0	26.142707679430842	23.858268814954315	23.806654111738858	26.192369393875985	0.0
73.0	26.28694985003836	23.81335007323708	23.693380763060613	26.206319313663943	0.0
74.0	26.30424775057543	23.681104833647208	23.75559740531492	26.259050010462442	0.0
75.0	26.175071493338915	23.809165097300692	23.71542163632559	26.30034177303481	0.0
76.0	26.223617214201017	23.684731812792077	23.734672525632977	26.35697844737393	0.0
77.0	26.206877310455468	23.753644416544606	23.75448141173188	26.284996861268045	0.0
78.0	26.32740461742345	23.70956267001465	23.765083350770734	26.197949361791167	0.0
79.0	26.286391853246844	23.682220827230243	23.721559601032293	26.30982771849062	0.0
80.0	26.304805747366956	23.643161051823952	23.783497244890842	26.268535955918253	0.0
81.0	26.294482806723863	23.75448141173188	23.73829950477785	26.212736276766407	0.0
82.0	26.326288623840412	23.799400153449117	23.746111459859108	26.128199762851363	0.0
83.0	26.22975517890772	23.850456859873056	23.700076724558834	26.219711236660387	0.0
84.0	26.252075050568457	23.832042965752947	23.692264769477575	26.223617214201017	0.0
85.0	26.24733207784055	23.710399665201926	23.85938480853735	26.18288344842017	0.0
86.0	26.23282416126107	23.672176884982914	23.753086419753085	26.34191253400293	0.0
87.0	26.178140475692263	23.74415847108879	23.832600962544465	26.245100090674477	0.0
88.0	26.257934016879403	23.835669944897816	23.80163214061519	26.10476389760759	0.0
89.0	26.26909395270977	23.663248936318617	23.831484968961426	26.236172142010183	0.0
90.0	26.160769587027726	23.734048311227422	23.72372539938509	26.381456702359763	0.0
91.0	26.330884671076678	23.71780027732286	23.748768926448065	26.202546125152402	0.0
92.0	26.29684705672285	23.763555758913252	23.67762473251178	26.261972451852124	0.0
93.0	26.176599419128582	23.76299776523532	23.68487865032489	26.37552416531121	0.0
94.0	26.211753020838273	23.732587109788046	23.68487865032489	26.370781219048787	0.0
95.0	26.223749884913804	23.777784597700506	23.73956203076219	26.258903486623495	0.0
96.0	26.249417594098656	23.809869234181576	23.707198397442156	26.233514774277605	0.0
97.0	26.142282807935786	23.853113744221275	23.824098072968834	26.1805053748741	0.0
98.0	26.282897214774557	23.811822212054338	23.69408554601076	26.211195027160343	0.0
99.0	26.30605395240872	23.68376266296903	23.75351187271048	26.256671511911772	0.0
100.0	26.169624498154437	23.809311240503643	23.723938207780108	26.297126053561815	0.0
101.0	26.231840793243812	23.685994637680754	23.726728176169765	26.355436392905666	0.0
102.0	26.20728907141482	23.752116888515655	23.7590918094898	26.28150223057973	0.0
103.0	26.323630753263565	23.705245419569394	23.77359964511602	26.19752418205102	0.0
104.0	26.2907091262656	23.679577710384542	23.725054195135968	26.30465896821389	0.0
105.0	26.311912886027	23.631311257243457	23.786712496547413	26.270063360182128	0.0
106.0	26.299079031434573	23.75295387903255	23.738167046567362	26.209800042965515	0.0
107.0	26.326978715331155	23.803173310046397	23.749326920125995	26.120521054496454	0.0
108.0	26.23658373950623	23.850044778992654	23.697991501756285	26.215379979744828	0.0
109.0	26.252765556166246	23.831630987620912	23.700781470145944	26.214821986066898	0.0
110.0	26.249417594098656	23.70385043537457	23.866505592491638	26.180226378035137	0.0
111.0	26.237699726862097	23.676229748316953	23.74374698334668	26.34232354147428	0.0
112.0	26.186922302170316	23.735935071855636	23.839442899111955	26.237699726862097	0.0
113.0	26.255555524555906	23.83358396549367	23.797872370106045	26.112988139844372	0.0
114.0	26.266994394953507	23.66227990636866	23.833304968654705	26.237420730023132	0.0
115.0	26.16341357260035	23.729730936199182	23.733078888926087	26.373776602274372	0.0
116.0	26.32906377553156	23.714877981413334	23.74612545301859	26.20993279003652	0.0
117.0	26.305907167109805	23.755332297330852	23.676934623035525	26.26182591252382	0.0
118.0	26.183707233510685	23.75589028789523	23.688652424887497	26.371750053706595	0.0
119.0	26.205468865521485	23.734686646448807	23.69227936355596	26.367565124473746	0.0
120.0	26.217744657937835	23.776535938777275	23.748078419993917	26.257640983290976	0.0
121.0	26.257361988008782	23.807225419818153	23.69702228335319	26.238390308819877	0.0
122.0	26.153854738316372	23.858839547023262	23.813642311308516	26.17366340335185	0.0
123.0	26.28358754453462	23.80610943868939	23.700649222021656	26.209653794754328	0.0
124.0	26.31288204916455	23.688652424887497	23.750868372815816	26.24759715313214	0.0
125.0	26.18733417217915	23.801645514174353	23.72157386818589	26.289446445460605	0.0
126.0	26.225277530556955	23.68502548621903	23.738592580399466	26.35110440282455	0.0
127.0	26.211327766447468	23.74500947188983	23.75840124543494	26.28526151622776	0.0
128.0	26.320414921783673	23.70455515597231	23.77011904728691	26.204910874957104	0.0
129.0	26.290914772283415	23.681464617719598	23.730009932259758	26.297610677737232	0.0
130.0	26.317140401977525	23.63236131105829	23.783577175890276	26.26692111107391	0.0
131.0	26.294820717131472	23.753724597408684	23.746749695894295	26.204704989565546	0.0
132.0	26.329137232582276	23.80450188043345	23.745354715591414	26.121006171392857	0.0
133.0	26.231209615320232	23.849978238307276	23.706574263171404	26.21223788320109	0.0
134.0	26.25687725289319	23.825705581037194	23.700436349838743	26.216980816230873	0.0
135.0	26.24153246956153	23.70629526711083	23.86867097436584	26.183501288961804	0.0
136.0	26.23818451683462	23.664445858024486	23.755677569832713	26.34169205530818	0.0
137.0	26.183222292901227	23.723035030745365	23.846909281640944	26.246833394712464	0.0
138.0	26.266642115013333	23.8268215652795	23.805617864675753	26.10091845503141	0.0
139.0	26.274733000770027	23.654401999843763	23.839097391944826	26.23176760744138	0.0
140.0	26.17185647286616	23.73565607501667	23.725333191974933	26.367154260142232	0.0
141.0	26.328726152678655	23.715076473246917	23.74855618733016	26.20764118674426	0.0
142.0	26.307243336141912	23.75943709440721	23.67573780919911	26.257581760251767	0.0
143.0	26.190622332085283	23.758042106320413	23.69108267815393	26.360252883440378	0.0
144.0	26.21496826393248	23.73774150798633	23.689753783915744	26.357536444165447	0.0
145.0	26.235614145218666	23.774011299435028	23.743042477505753	26.24733207784055	0.0
146.0	26.25263304735998	23.81335007323708	23.695612750226687	26.238404129176256	0.0
147.0	26.154704610448494	23.865243774848295	23.80944409569645	26.170607519006765	0.0
148.0	26.284438864476527	23.79800516147032	23.70537769407826	26.21217827997489	0.0
149.0	26.308990723303342	23.69031178070726	23.7625723652089	26.2381251307805	0.0
150.0	26.19348538745902	23.802469135802472	23.72044360744926	26.283601869289253	0.0
151.0	26.22863918532469	23.6749668689405	23.742484480714236	26.353909465020575	0.0
152.0	26.218316244681596	23.754202413336124	23.760340378042827	26.267140963939458	0.0
153.0	26.324893631861617	23.706772686057054	23.767594336332564	26.200739345748765	0.0
154.0	26.284512197843895	23.676427917773363	23.735296743521637	26.303763140861104	0.0
155.0	26.313528111956792	23.62899805816575	23.779657612213466	26.277816217663997	0.0
156.0	26.301252148293642	23.746177711313972	23.74701470883646	26.205555431555922	0.0
157.0	26.3238510814008	23.795281565966565	23.754268687364686	26.126598665267952	0.0
158.0	26.236245340713793	23.84494341896748	23.704885833537933	26.213925406780795	0.0
159.0	26.256054282079326	23.817043501551236	23.714092806285294	26.212809410084148	0.0
160.0	26.250474298596078	23.701537843447984	23.871727339687073	26.17626051826887	0.0
161.0	26.239314331629576	23.66666294667768	23.752315693145547	26.341707028547194	0.0
162.0	26.190489476151154	23.719951788942705	23.854708390063166	26.23485034484298	0.0
163.0	26.261355266388414	23.83601544539428	23.80644153293306	26.096187755284245	0.0
164.0	26.274468227574044	23.64964399705377	23.838526437961743	26.23736133741044	0.0
165.0	26.171590550829606	23.741779963897404	23.721133967407226	26.36549551786576	0.0
166.0	26.3359950003069	23.711993125421987	23.757191243841056	26.194820630430048	0.0
167.0	26.313674941828346	23.749658224104547	23.67600203112532	26.260664802941786	0.0
168.0	26.18868261434845	23.758307246764986	23.690789069867364	26.3622210690192	0.0
169.0	26.211912806448286	23.730473381860996	23.69783020526141	26.35978360642931	0.0
170.0	26.22865289701217	23.768417587139147	23.750003487518867	26.252926028329814	0.0
171.0	26.261296073611756	23.809709810530073	23.69615619620502	26.232837919653146	0.0
172.0	26.146905454758514	23.85462905354318	23.81668484826503	26.181780643433285	0.0
173.0	26.289754227570374	23.79631773807896	23.710664274693727	26.20326375965694	0.0
174.0	26.31040033926584	23.678021098094142	23.765348570535767	26.246229992104258	0.0
175.0	26.184291657017866	23.801897768266926	23.719313321485068	26.29449725323014	0.0
176.0	26.224188872861802	23.670488057340393	23.748887481481276	26.356435588316536	0.0
177.0	26.22307286682421	23.736332413558358	23.770091596195535	26.270503123421896	0.0
178.0	26.327140429829726	23.700062217336594	23.770649599214334	26.202147753619347	0.0
179.0	26.29624462920596	23.672786116846158	23.729423581273366	26.301545672674514	0.0
180.0	26.30321968640143	23.63595781485408	23.78885106857876	26.271971430165724	0.0
181.0	26.306846716143074	23.739746665922663	23.7581608169187	26.19524580101557	0.0
182.0	26.333351933485854	23.791362089169134	23.743652697952122	26.13163327939289	0.0
183.0	26.236538139612747	23.828748395736845	23.72189051950226	26.21282294514815	0.0
184.0	26.267228391272806	23.813961274482452	23.70821940739914	26.2105909268456	0.0
185.0	26.259137324926062	23.69789632274985	23.870040734334022	26.172925617990067	0.0
186.0	26.24853523798895	23.659952011606496	23.75788181463088	26.333630935773673	0.0
187.0	26.19775682160594	23.71296244629206	23.8519055856258	26.2373751464762	0.0
188.0	26.270018414150996	23.826237375146476	23.80503320127225	26.098711009430275	0.0
189.0	26.28452653311757	23.655487975001396	23.8340494392054	26.22593605267563	0.0
190.0	26.180810727109893	23.73339583002017	23.72725776256281	26.358535680307128	0.0
191.0	26.327639794876372	23.720627870252052	23.757177373904213	26.194554960967366	0.0
192.0	26.313131594953376	23.751876300855425	23.68407836659989	26.250913737591304	0.0
193.0	26.184789826403808	23.75606135852552	23.694959516542138	26.364189298528533	0.0
194.0	26.225185887867415	23.72612753372487	23.691809773586485	26.356876804821226	0.0
195.0	26.21960576426768	23.767141442182943	23.757097219703414	26.256155573845962	0.0
196.0	26.263688740705604	23.802017214681307	23.703807039325923	26.230487005287166	0.0
197.0	26.149296206910982	23.847216215839182	23.829359820320022	26.174127756929817	0.0
198.0	26.29382140814419	23.800343177601384	23.708550144385697	26.197285269868726	0.0
199.0	26.311119791303376	23.67255834716739	23.756539207343444	26.25978265418579	0.0
200.0	26.18584601648927	23.789461936581898	23.72110542248511	26.30358662444373	0.0
201.0	26.23997321540672	23.669210273007547	23.74705299722389	26.343763514361846	0.0
202.0	26.213467628307967	23.740635855084193	23.783602806802172	26.26229370980567	0.0
203.0	26.319636843529672	23.69277900076169	23.77871338372213	26.208870771986508	0.0
204.0	26.29655257078446	23.666060288159997	23.733022331841568	26.304364809213975	0.0
205.0	26.307433902882714	23.637601419595324	23.78463890717945	26.270325770342513	0.0
206.0	26.30185373257592	23.738881510663706	23.75450598752274	26.204758769237635	0.0
207.0	26.325510799114976	23.79125524191636	23.74828757090363	26.134946388065032	0.0
208.0	26.236652743947523	23.816778132123538	23.725541074811595	26.221028049117344	0.0
209.0	26.26873917083093	23.800874424885674	23.715217615727372	26.215168788556024	0.0
210.0	26.259252748969747	23.68647933773615	23.87871888662889	26.17554902666522	0.0
211.0	26.247959710383505	23.648107587784768	23.762503313290832	26.3414293885409	0.0
212.0	26.204712545862918	23.702794324855958	23.85457792162498	26.237915207656144	0.0
213.0	26.269722799626123	23.83058272066517	23.80686653367001	26.0928279460387	0.0
214.0	26.28981180508084	23.657036034653533	23.828908636877273	26.224243523388346	0.0
215.0	26.179116304505527	23.73187799243312	23.73187799243312	26.35712771062823	0.0
216.0	26.32567249716102	23.72329472688566	23.754544465308605	26.19648831064472	0.0
217.0	26.306978457211578	23.76319394647924	23.675583072686337	26.254244523622848	0.0
218.0	26.18365359664958	23.77016933452008	23.68813877115984	26.3580382976705	0.0
219.0	26.229425863353413	23.729697906523175	23.68700805526801	26.3538681748554	0.0
220.0	26.235006236066504	23.76569131052263	23.75090332283293	26.248399130577933	0.0
221.0	26.282160385492148	23.79498826726637	23.703470154771637	26.219381192469843	0.0
222.0	26.156601999447542	23.847164752133796	23.826238354459694	26.16999489395897	0.0
223.0	26.293042112282677	23.80112667725077	23.706818378399493	26.199012832067055	0.0
224.0	26.324997140043028	23.675700410438704	23.752151943236132	26.24715050628214	0.0
225.0	26.188277245624263	23.7951210529106	23.71866952011317	26.297932181351964	0.0
226.0	26.242128142813698	23.671794127741023	23.742107216299242	26.343970513146036	0.0
227.0	26.21673730527878	23.74322329707001	23.78089102308334	26.25914837456787	0.0
228.0	26.31830065541843	23.701091247973615	23.778379841349118	26.20222825525883	0.0
229.0	26.30526010334937	23.657630107478877	23.73882521010279	26.298284579068966	0.0
230.0	26.312793669572205	23.641446891148338	23.78151541869887	26.264244020580584	0.0
231.0	26.300516746838692	23.74496367146955	23.767006328195627	26.18751325349613	0.0
232.0	26.330592394382702	23.804873421076863	23.742372200349894	26.12216198419054	0.0
233.0	26.251349775246723	23.826079192394943	23.713632799747764	26.208938232610567	0.0
234.0	26.256239693519092	23.816446283528325	23.729948575717582	26.197365447235004	0.0
235.0	26.253728469743937	23.696465592048906	23.88424932545739	26.165556612749764	0.0
236.0	26.235591853590073	23.650705514368386	23.773476454486858	26.340226177554683	0.0
237.0	26.196249347779382	23.705394387693886	23.86081123688932	26.23754502763741	0.0
238.0	26.265447514027972	23.83207167590704	23.811423835978022	26.091056974086964	0.0
239.0	26.291396826371198	23.657960160829933	23.81812043271176	26.232522580087114	0.0
240.0	26.17362769828337	23.733732169564924	23.733732169564924	26.35890796258678	0.0
241.0	26.328610933606427	23.71729224278176	23.756079729213116	26.198017094398697	0.0
242.0	26.310355027934516	23.746574463216295	23.684342715536726	26.25872779331246	0.0
243.0	26.181200149586125	23.771635568008662	23.685400282427537	26.361763999977672	0.0
244.0	26.226877435055872	23.716746486263215	23.69079116291012	26.36558491577079	0.0
245.0	26.232043026958834	23.758606926849147	23.757211397566756	26.252138648625262	0.0
246.0	26.272231960431856	23.79643172150457	23.70850871414695	26.22282760391662	0.0
247.0	26.15777118405149	23.840135323360865	23.82980742659517	26.172286065992466	0.0
248.0	26.291533258708622	23.79681607427485	23.711118617004946	26.20053205001158	0.0
249.0	26.321401753587708	23.673713212203097	23.75996895909691	26.244916075112286	0.0
