# Position (bp)	A	C	G	T	N
0.0	26.1830521920208	23.658840250768503	23.802073577858334	26.356033979352368	0.0
1.0	26.32187833981556	23.765438899968046	23.656085763709083	26.25659699650731	0.0
2.0	26.292101406960988	23.71368288840166	23.722221610127477	26.271994094509875	0.0
3.0	26.24448098539372	23.79945078402371	23.73913067429069	26.21693755629188	0.0
4.0	26.2332375808686	23.819228894293136	23.72200755186745	26.225525972970814	0.0
5.0	26.189177875453034	23.750784890445818	23.714707469953844	26.34532976414731	0.0
6.0	26.250667812274525	23.744099844131238	23.851775967570486	26.153456376023748	0.0
7.0	26.17217726057348	23.752233931526728	23.767379230013024	26.308209577886764	0.0
8.0	26.25329742649286	23.85326658626178	23.66602232612443	26.22741366112093	0.0
9.0	26.161754947284948	23.856004890150587	23.70759322537922	26.274646937185242	0.0
10.0	26.259172070100085	23.886617381847216	23.70737482619529	26.146835721857403	0.0
11.0	26.22605975836738	23.73043755988502	23.83065892796176	26.212843753785837	0.0
12.0	26.157154381781787	23.87987786242728	23.8696905536114	26.093277202179532	0.0
13.0	26.37631918765849	23.662640385245474	23.736154208322205	26.224886218773836	0.0
14.0	26.18826697357082	23.806088706679844	23.73312554894451	26.272518770804826	0.0
15.0	26.24305817503999	23.77800477426851	23.795901397863968	26.18303565282753	0.0
16.0	26.245811501746985	23.732299550932414	23.74358819043109	26.27830075688951	0.0
17.0	26.2408555136744	23.701737624484785	23.752949501234866	26.304457360605955	0.0
18.0	26.145590409612414	23.68466699890142	23.815725350154324	26.35401724133184	0.0
19.0	26.205337599154177	23.825086660958103	23.796727395876065	26.17284834401165	0.0
20.0	26.302254699240358	23.731748885591013	23.689898319644712	26.276098095523913	0.0
21.0	26.16954435196326	23.696506303741497	23.994416253438217	26.139533090857025	0.0
22.0	26.263432792671747	23.816551348166424	23.817928011519918	26.102087847641915	0.0
23.0	26.24828949578328	23.730922887578917	23.747718180491578	26.273069436146223	0.0
24.0	26.286560737010493	23.727618895530526	23.75597816061256	26.22984220684642	0.0
25.0	26.19157096561921	23.648047753698407	23.811320027423132	26.349061253259247	0.0
26.0	26.324281312896307	23.756804158624657	23.665669044623165	26.25324548385587	0.0
27.0	26.29261805576588	23.715228925349052	23.72596689950633	26.266186119378737	0.0
28.0	26.23287086622412	23.81627601549572	23.7389075350292	26.211945583250962	0.0
29.0	26.241681511686494	23.820956670897612	23.71164960062996	26.22571221678593	0.0
30.0	26.193222961643404	23.750746839869272	23.719634248080244	26.336395950407077	0.0
31.0	26.258201471928455	23.7380815370171	23.851243264674544	26.1524737263799	0.0
32.0	26.176427668730746	23.745515519125984	23.77359945153732	26.304457360605955	0.0
33.0	26.261230131306153	23.842432619212165	23.67227702871995	26.224060220761736	0.0
34.0	26.162110369854375	23.858952579454126	23.705592281874573	26.273344768816926	0.0
35.0	26.25269481851447	23.885109183170567	23.70696894522807	26.155227053086893	0.0
36.0	26.21572806017654	23.722046927571185	23.841265645735934	26.220959366516333	0.0
37.0	26.152054383409645	23.878920371476795	23.87561639762224	26.09340884749132	0.0
38.0	26.370391988964727	23.66719071363082	23.738776813812816	26.22364048359164	0.0
39.0	26.179036836555163	23.819724173249377	23.721706282230954	26.279532707964503	0.0
40.0	26.238783697091677	23.77236721466744	23.7930170512584	26.19583203698248	0.0
41.0	26.244014989028052	23.729415554558244	23.736574164576442	26.289995291837258	0.0
42.0	26.24842028750079	23.6897678683036	23.756398007703766	26.30541383649184	0.0
43.0	26.138563156836884	23.679029953276302	23.81999950440392	26.36240738548289	0.0
44.0	26.19968667314613	23.819173510940285	23.80871092706753	26.17242888884606	0.0
45.0	26.28283668181906	23.737400158040085	23.701607107949087	26.278156052191775	0.0
46.0	26.168574252682415	23.70408508834	23.988226839831608	26.139113819145976	0.0
47.0	26.277880721037228	23.82137616017665	23.804580959749337	26.09616215903678	0.0
48.0	26.26081018945537	23.740704131894635	23.747312079603745	26.25117359904625	0.0
49.0	26.301834531482744	23.7291402234037	23.752818702694668	26.216206542418895	0.0
50.0	26.19665803044612	23.653148824748968	23.814768212467545	26.33542493233737	0.0
51.0	26.32275969922825	23.760527975021958	23.671871343258104	26.24484098249169	0.0
52.0	26.28476399990088	23.72335826915823	23.72638691185824	26.265490819082654	0.0
53.0	26.22832111321892	23.80871092706753	23.753094033849212	26.209873925864336	0.0
54.0	26.239885021709863	23.817796855167554	23.712345022976386	26.229973100146204	0.0
55.0	26.188673426964282	23.750891384612842	23.724459593776416	26.33597559464646	0.0
56.0	26.257506215600813	23.72858956109461	23.856067885649466	26.157836337655116	0.0
57.0	26.16527027882786	23.744834099212827	23.782829798540195	26.30706582341912	0.0
58.0	26.25420224174626	23.855241892185827	23.668292038249003	26.22226382781891	0.0
59.0	26.158386999964208	23.856618547958558	23.710968367203655	26.27402608487358	0.0
60.0	26.250072274428067	23.88580365034045	23.708765717967285	26.1553583572642	0.0
61.0	26.21888766519824	23.72411894273128	23.84113436123348	26.215859030837002	0.0
62.0	26.16843015300068	23.86364574987404	23.865573057342903	26.102351039782377	0.0
63.0	26.37244941506218	23.663481102750268	23.736443456928807	26.227626025258743	0.0
64.0	26.194035809372775	23.816839711344407	23.712214448748764	26.276910030534058	0.0
65.0	26.25047838524674	23.760121805832032	23.79343669207959	26.195963116841636	0.0
66.0	26.26176690042153	23.7276329084997	23.734791479098348	26.27580871198042	0.0
67.0	26.243044485009676	23.7017519224892	23.755991861255886	26.29921173124523	0.0
68.0	26.14805575975837	23.68826077020713	23.811057788937806	26.352625681096693	0.0
69.0	26.196789105756867	23.818216359536454	23.82041899664373	26.164575538062945	0.0
70.0	26.284343930771115	23.75296323523338	23.7075338448958	26.255158989099698	0.0
71.0	26.174487405045692	23.714141756217632	23.981486835113337	26.12988400362334	0.0
72.0	26.278562008364514	23.825374930135105	23.80362388870075	26.092439172799637	0.0
73.0	26.257912285483798	23.749383949934057	23.74002274222813	26.252681022354015	0.0
74.0	26.301965027629333	23.72845889741493	23.745254005357914	26.22432206959783	0.0
75.0	26.193485150095952	23.65467055432116	23.80775383327689	26.344090462305996	0.0
76.0	26.320412113402767	23.756542520532708	23.66293044347345	26.26011492259107	0.0
77.0	26.28159063438702	23.719373019347415	23.726256260307654	26.272780085957915	0.0
78.0	26.229278003089195	23.804725207254386	23.74965927957247	26.21633751008395	0.0
79.0	26.252681022354015	23.81573839279077	23.697346648274646	26.23423393658057	0.0
80.0	26.190181194435034	23.745804664634733	23.717996371155365	26.346017769774864	0.0
81.0	26.265621515359268	23.73369016054471	23.8424453677165	26.158242956379524	0.0
82.0	26.17366141613046	23.742500708973818	23.769483013537958	26.314354861357756	0.0
83.0	26.24882640741628	23.852081905060835	23.673117640094603	26.225974047428284	0.0
84.0	26.14392581518223	23.851806575422422	23.717721041516956	26.286546567878393	0.0
85.0	26.2435951442865	23.86860168336541	23.725980930669245	26.161822241678852	0.0
86.0	26.214062697892633	23.713250477695606	23.841553735937577	26.231133088474184	0.0
87.0	26.17269130486257	23.856906468283576	23.868470249419747	26.101931977434106	0.0
88.0	26.375883459112398	23.661698829580153	23.73411012574235	26.228307585565098	0.0
89.0	26.195268210890326	23.817259218673854	23.702172063556745	26.28530050687907	0.0
90.0	26.24813121036996	23.755861047403243	23.797160265746705	26.198847476480097	0.0
91.0	26.266578194563373	23.733559469497774	23.725299625829084	26.274562710109773	0.0
92.0	26.241523335435	23.710156579103145	23.740167344432727	26.308152741029122	0.0
93.0	26.146535133245045	23.68565237621936	23.8106513437389	26.35716114679669	0.0
94.0	26.20518002329276	23.822215124875072	23.80817339063829	26.164431461193878	0.0
95.0	26.280619928800146	23.755861047403243	23.704099360412773	26.259419663383838	0.0
96.0	26.177922539186078	23.718141094649546	23.974471576501298	26.129464789663082	0.0
97.0	26.28474985063449	23.823041109241938	23.804869453170816	26.08733958695275	0.0
98.0	26.259419663383838	23.748977844346	23.7354867663538	26.256115725916363	0.0
99.0	26.296313631770662	23.739616688188146	23.744021938144787	26.22004774189641	0.0
100.0	26.204904695170466	23.650685704688563	23.804594125048524	26.339815475092443	0.0
101.0	26.32687505334482	23.752832438058054	23.66445211080305	26.255840397794074	0.0
102.0	26.28832911622426	23.7140111728152	23.72942954766343	26.26823016329711	0.0
103.0	26.219497085651827	23.81395528120638	23.756411703647824	26.210135929493973	0.0
104.0	26.255289741549493	23.815882578062407	23.693086235521182	26.23574144486692	0.0
105.0	26.19857214835781	23.743195953777914	23.71483715718207	26.343394740682207	0.0
106.0	26.271534100764587	23.723372328973053	23.851124577715492	26.153968992546865	0.0
107.0	26.172415976740282	23.740993328799597	23.774583359718946	26.31200733474118	0.0
108.0	26.24179866355729	23.844792030902827	23.67766786067296	26.23574144486692	0.0
109.0	26.14157922704383	23.84424137465825	23.720619047750155	26.293560350547768	0.0
110.0	26.23491546050005	23.86654295256372	23.720343719627866	26.178197867308366	0.0
111.0	26.213092366824153	23.708439334368563	23.837567868195283	26.240900430611998	0.0
112.0	26.16483803912391	23.85264520036894	23.870541429771066	26.111975330736087	0.0
113.0	26.380694098374196	23.646425572335183	23.726820941341668	26.246059387948957	0.0
114.0	26.19539929241062	23.80886826998527	23.700940240360126	26.294792197243982	0.0
115.0	26.25349320631599	23.748571743230407	23.786291488277968	26.21164356217563	0.0
116.0	26.267810189837693	23.734805412921077	23.72158973582412	26.275794661417105	0.0
117.0	26.246334714555143	23.708924711939538	23.733428779890144	26.31131179361518	0.0
118.0	26.16346140609298	23.68524662380749	23.801159125012045	26.350132845087487	0.0
119.0	26.214396828237497	23.82979309205545	23.794826613069752	26.1609834666373	0.0
120.0	26.279373907297533	23.751875662504645	23.702592199997248	26.266158230200574	0.0
121.0	26.174749796946628	23.7240676752798	23.97846945939621	26.12271306837736	0.0
122.0	26.29176360457593	23.825387866356465	23.800608471799674	26.082240057267935	0.0
123.0	26.26725953662532	23.738935312013876	23.73948596522625	26.254319186134552	0.0
124.0	26.309109180765684	23.7425145578943	23.74086259825718	26.207513663082832	0.0
125.0	26.20255778417147	23.647802205366116	23.80721631034815	26.34242370011426	0.0
126.0	26.336366514778152	23.74994837626134	23.666524414586803	26.2471606943737	0.0
127.0	26.290111644938808	23.716358530306575	23.725994961523106	26.267534863231507	0.0
128.0	26.22293195302928	23.81905535441417	23.750223702867526	26.207788989689018	0.0
129.0	26.251913525181443	23.81609233378487	23.695223620885233	26.236770520148454	0.0
130.0	26.19574674287728	23.741478618076894	23.71064195328245	26.352132685763372	0.0
131.0	26.27228775013491	23.731291505600158	23.837292540831047	26.159128203433884	0.0
132.0	26.167938679089435	23.74781114745432	23.75689695047411	26.327353222982126	0.0
133.0	26.24943557890332	23.83701721346681	23.67870397903107	26.234843228598802	0.0
134.0	26.142608561579717	23.83151066618209	23.730465523507448	26.29541524873074	0.0
135.0	26.23594453805575	23.86427462252618	23.716699155295647	26.18308168412242	0.0
136.0	26.217294460673507	23.714561829059782	23.83322824976666	26.23491546050005	0.0
137.0	26.160648895105204	23.85504485107461	23.855595508835304	26.128710744984886	0.0
138.0	26.37870936834048	23.64854819081393	23.73224817043959	26.240494270406	0.0
139.0	26.196789105756867	23.798667955209375	23.714141756217632	26.290401182816126	0.0
140.0	26.24607311103218	23.746079994273146	23.798667955209375	26.2091789394853	0.0
141.0	26.258187615122203	23.729835545606978	23.725154941754013	26.286821897516806	0.0
142.0	26.248551077777872	23.711663789471945	23.731212193799024	26.30857293895116	0.0
143.0	26.156662995594715	23.69933920704846	23.79955947136564	26.344438325991188	0.0
144.0	26.218337004405285	23.832048458149778	23.793226872246695	26.15638766519824	0.0
145.0	26.29247327222817	23.748688735376476	23.697477140630895	26.261360851764458	0.0
146.0	26.174906869236974	23.722807606849138	23.9744602821043	26.12782524180959	0.0
147.0	26.296878570700912	23.822477484794838	23.799900330122053	26.080743614382197	0.0
148.0	26.269345455246295	23.744008105749188	23.740979463049182	26.245666975955327	0.0
149.0	26.313673771128226	23.744834099212827	23.74180545651282	26.19968667314613	0.0
150.0	26.2263937951371	23.649018857430775	23.79742234973114	26.327164997700987	0.0
151.0	26.340656224273744	23.75171737807648	23.660032103612618	26.247594294037153	0.0
152.0	26.29632790839182	23.713171016440025	23.720880288767315	26.269620786400843	0.0
153.0	26.224741808209824	23.818072186322098	23.745660092676466	26.21152591279161	0.0
154.0	26.243811915263848	23.824470399066076	23.69864371499843	26.233073970671644	0.0
155.0	26.20306279219599	23.753434765609942	23.69946971073629	26.344032731457773	0.0
156.0	26.2738230937395	23.73608885511484	23.839613654260212	26.15047439688545	0.0
157.0	26.163414996778616	23.755086757085667	23.759767399600218	26.321730846535495	0.0
158.0	26.246289902477436	23.848974939289313	23.67744315772664	26.227292000506612	0.0
159.0	26.1325778225651	23.840990313823315	23.741870825279875	26.28456103833171	0.0
160.0	26.219307375040614	23.884217424104758	23.733335535988633	26.163139664865998	0.0
161.0	26.21029358722677	23.725416234164932	23.844084615236362	26.220205563371945	0.0
162.0	26.154748400312776	23.85598960340973	23.86975627484884	26.11950572142865	0.0
163.0	26.370885141906847	23.652793532968424	23.737871562462143	26.238449762662587	0.0
164.0	26.182629166150416	23.81255248557937	23.70902683131651	26.295791516953702	0.0
165.0	26.233015322347498	23.766021007998457	23.793003758311652	26.207959911342392	0.0
166.0	26.247608034251574	23.731604234639793	23.734632910695357	26.286154820413277	0.0
167.0	26.243202687261665	23.698288798028607	23.74482027560952	26.31368823910021	0.0
168.0	26.159573120701335	23.678254596716904	23.81069070524293	26.35148157733883	0.0
169.0	26.2135387699136	23.829138146555284	23.793895273600334	26.163427809930777	0.0
170.0	26.282995542314968	23.755413788261336	23.694289262182917	26.26730140724078	0.0
171.0	26.170383239765084	23.718794139754895	23.97705902922138	26.133763591258642	0.0
172.0	26.290154270594424	23.82397237832227	23.797815486531952	26.088057864551356	0.0
173.0	26.268127414349944	23.738618310374925	23.75321110263689	26.240043172638238	0.0
174.0	26.30502239855944	23.749356402794106	23.752935766933835	26.192685431712615	0.0
175.0	26.215813630769315	23.650235549693967	23.806075557623632	26.327875261913086	0.0
176.0	26.327875261913086	23.75458778115217	23.663726999143705	26.253809957791034	0.0
177.0	26.295385648952486	23.712186082881555	23.72732954654963	26.265098721616333	0.0
178.0	26.237014479904623	23.81929167137032	23.746052374357436	26.19764147436762	0.0
179.0	26.240115421044518	23.8254146567105	23.692427145972378	26.242042776272605	0.0
180.0	26.19496024141501	23.743089054824996	23.71004867948633	26.35190202427366	0.0
181.0	26.269025749465847	23.73482896099033	23.841659507918678	26.154485781625148	0.0
182.0	26.158340492081322	23.75327650388775	23.750523139276194	26.33785986475473	0.0
183.0	26.248650851340336	23.845514218374856	23.675356285380737	26.23047864490407	0.0
184.0	26.13603823872773	23.8427608537633	23.739234344368818	26.28196656314016	0.0
185.0	26.23075398136523	23.89011872508205	23.724641511927576	26.154485781625148	0.0
186.0	26.206596529099013	23.720301439187644	23.848608583362473	26.224493448350866	0.0
187.0	26.15270244224786	23.863267160439438	23.869324595941517	26.114705801371187	0.0
188.0	26.36113329111484	23.65043090393458	23.74762520994521	26.24081059500537	0.0
189.0	26.18471374408366	23.79972961736176	23.725112820046864	26.29044381850772	0.0
190.0	26.238129458766647	23.764486259220405	23.793947503916694	26.20343677809625	0.0
191.0	26.252722411747055	23.736677046936993	23.73061959475645	26.279980946559505	0.0
192.0	26.238129458766647	23.71272257695029	23.739430434291787	26.30971752999127	0.0
193.0	26.157251891582323	23.694064781876055	23.800896505391147	26.347786821150475	0.0
194.0	26.212870469288635	23.8413714109497	23.787955549192155	26.157802570569512	0.0
195.0	26.28122702629775	23.766269167123273	23.694956041928812	26.25754776465017	0.0
196.0	26.15677323252209	23.729924253896755	23.988744090509847	26.12455842307131	0.0
197.0	26.27489420050828	23.836480931310867	23.807570204880683	26.081054663300172	0.0
198.0	26.256446403643302	23.751951474034037	23.754980216802917	26.236621905519748	0.0
199.0	26.291689955862957	23.751951474034037	23.750299432523743	26.206059137579263	0.0
200.0	26.21487002563418	23.66301657272975	23.79380319229488	26.328310209341193	0.0
201.0	26.320050001789713	23.76351576460611	23.66301657272975	26.253417660874423	0.0
202.0	26.29003791435266	23.720562685338408	23.731300955155334	26.2580984451536	0.0
203.0	26.23552054451288	23.82436596023536	23.738184461448235	26.201929033803523	0.0
204.0	26.25211324225053	23.82195348939662	23.688137758614044	26.23779550973881	0.0
205.0	26.206957316636654	23.736047094326324	23.71126640344066	26.345729185596362	0.0
206.0	26.2735898410181	23.74651005270027	23.832967129790244	26.14693297649138	0.0
207.0	26.16896025727864	23.755320965015173	23.749814144818355	26.32590463288783	0.0
208.0	26.251562560230845	23.85113963643973	23.680703551348344	26.21659425198108	0.0
209.0	26.139774110235525	23.84425611119371	23.741003232503456	26.2749665460673	0.0
210.0	26.22953527944359	23.883905216610774	23.736322435336163	26.15023706860947	0.0
211.0	26.205377424728443	23.733359031898342	23.844872447925987	26.21639109544722	0.0
212.0	26.145149566060176	23.86586413498392	23.873298383188686	26.115687915767218	0.0
213.0	26.376987973038457	23.64448874399753	23.745264108551037	26.23325917441297	0.0
214.0	26.190928540157444	23.80783241506348	23.724678743223112	26.27656030155596	0.0
215.0	26.23470812235154	23.781674803060714	23.782776176197675	26.200840898390066	0.0
216.0	26.25783695822767	23.74285139998293	23.72164996709648	26.277661674692926	0.0
217.0	26.23512793896157	23.712969566139197	23.73609852938342	26.315803965515816	0.0
218.0	26.16223360317198	23.69734016190319	23.80279751087615	26.337628724048677	0.0
219.0	26.216201332672505	23.826477228922297	23.788204196266314	26.169117242138885	0.0
220.0	26.27471928365705	23.75997444779144	23.69334045564434	26.271965812907172	0.0
221.0	26.171739477611528	23.72390398096801	23.972542389682193	26.131814151738265	0.0
222.0	26.286008513731556	23.829361910688423	23.799624426589716	26.085005148990305	0.0
223.0	26.27334254828211	23.734642516892542	23.744279664517123	26.247735270308226	0.0
224.0	26.308311626805587	23.744830358667098	23.744830358667098	26.20202765586021	0.0
225.0	26.230939098733952	23.667457830595463	23.79219005556504	26.30941301510554	0.0
226.0	26.327310574979762	23.75887305949149	23.670486648420333	26.243329717108416	0.0
227.0	26.29151545523132	23.72803418709283	23.737395987642422	26.243054370033427	0.0
228.0	26.229287016284026	23.82550705163859	23.741250846692257	26.20395508538513	0.0
229.0	26.240648499216633	23.82171778499189	23.694231738243335	26.243401977548135	0.0
230.0	26.17456501926058	23.741040869878873	23.718737695393706	26.365656415466837	0.0
231.0	26.253314499541546	23.73498321754957	23.853658133637317	26.15804414927157	0.0
232.0	26.16134832326937	23.749301304873384	23.76885100102705	26.320499370830202	0.0
233.0	26.238721064384585	23.840166089812957	23.683493172750477	26.23761967305198	0.0
234.0	26.129132626790792	23.84429630731021	23.739664130713123	26.286906935185872	0.0
235.0	26.217243933398866	23.88009152561974	23.731954391384917	26.170710149596477	0.0
236.0	26.20602682996674	23.72651276516069	23.840231733374452	26.227228671498114	0.0
237.0	26.15571005713499	23.844978316238727	23.870585805741033	26.128725820885247	0.0
238.0	26.374612789977288	23.636538858676946	23.74089626213258	26.24795208921319	0.0
239.0	26.18799803950723	23.79988655575564	23.723063875717976	26.289051529019147	0.0
240.0	26.24023835486678	23.772428377887188	23.784819746885635	26.202513520360398	0.0
241.0	26.26198927677433	23.735119252513513	23.733191605372078	26.26969986534008	0.0
242.0	26.239449225473322	23.705611015490533	23.745817555938036	26.309122203098106	0.0
243.0	26.162870755418467	23.690066371072128	23.80655999559362	26.34050287791578	0.0
244.0	26.225295789543264	23.829786062088264	23.785720580783043	26.15919756758543	0.0
245.0	26.28649333480225	23.766662994381406	23.683761154566486	26.263082516249863	0.0
246.0	26.17388478191413	23.727511099849064	23.964105897517822	26.13449822071898	0.0
247.0	26.300451456698443	23.826667070654764	23.792787159789228	26.080094312857565	0.0
248.0	26.27423975319524	23.73292199206699	23.749724548259145	26.243113706478628	0.0
249.0	26.305090348171	23.744766416923753	23.74944909651829	26.200694138386954	0.0
