# Position (bp)	A	C	G	T	N
0.0	26.331166522054534	23.711079185809993	23.789027495270474	26.168726796865	0.0
1.0	26.205425088545297	23.670967099554787	23.780208525951952	26.343399285947967	0.0
2.0	26.220251133628807	23.72626775828815	23.69184640680917	26.36163470127387	0.0
3.0	26.24260750585283	23.695521691761083	23.786265535260668	26.275605267125414	0.0
4.0	26.255141457642356	23.720680180000798	23.778708249657235	26.245470112699614	0.0
5.0	26.261491375779368	23.694989305056204	23.719735584581077	26.32378373458335	0.0
6.0	26.301193750515527	23.649742164678976	23.7310889951391	26.31797508966639	0.0
7.0	26.328303872353132	23.68293064463374	23.728153130732803	26.260612352280322	0.0
8.0	26.274835472990265	23.774081805616387	23.692458207011097	26.25862451438225	0.0
9.0	26.348240312833276	23.730110202630645	23.767934589406327	26.153714895129752	0.0
10.0	26.309129067300635	23.803768562702263	23.665277011540013	26.221825358457085	0.0
11.0	26.221540981555314	23.7551401124995	23.64565500531785	26.377663900627336	0.0
12.0	26.25225368694653	23.771918349703963	23.71674923076048	26.259078732589025	0.0
13.0	26.28893830727493	23.639683090380668	23.717602361465794	26.353776240878613	0.0
14.0	26.322988678987734	23.698481716039097	23.72862558190458	26.249904023068588	0.0
15.0	26.18023188026629	23.77014449149289	23.810241520615843	26.239382107624976	0.0
16.0	26.27834163237565	23.803985246568292	23.70388486180744	26.21378825924862	0.0
17.0	26.34488563815417	23.79460083549696	23.72350681222931	26.137006714119558	0.0
18.0	26.2604259385122	23.769291363213675	23.659522191288424	26.310760506985698	0.0
19.0	26.197294445850527	23.81678217075647	23.70473799008665	26.281185393306355	0.0
20.0	26.29312918921532	23.73772561688284	23.575346867739523	26.393798326162315	0.0
21.0	26.242794620741822	23.664072208777554	23.66919097845282	26.4239421920278	0.0
22.0	26.378726393229574	23.71525990553026	23.736019360324416	26.169994340915746	0.0
23.0	26.187341282593056	23.79460083549696	23.746256899674957	26.27180098223503	0.0
24.0	26.12477854211752	23.852613558483366	23.73744124078977	26.285166658609345	0.0
25.0	26.336638731455125	23.712984896785695	23.791757074566256	26.158619297192924	0.0
26.0	26.20810073738721	23.665209713149835	23.77981327865729	26.346876270805662	0.0
27.0	26.224878926878375	23.72379118832238	23.693647322456897	26.35768256234235	0.0
28.0	26.244500877300247	23.683409783106356	23.79886647689302	26.27322286270038	0.0
29.0	26.257582177581497	23.71867241864711	23.77952890256422	26.244216501207173	0.0
30.0	26.26497595600133	23.687391048409342	23.71525990553026	26.332373090059065	0.0
31.0	26.294266693587602	23.65326591724087	23.740853753906617	26.311613635264912	0.0
32.0	26.313319891823333	23.697344211666813	23.72919433409072	26.260141562419133	0.0
33.0	26.266607516607515	23.78258940758941	23.69812994812995	26.252673127673127	0.0
34.0	26.34282009282009	23.729695604695607	23.778892528892527	26.14859177359177	0.0
35.0	26.304145054145057	23.7976612976613	23.67623305123305	26.221960596960596	0.0
36.0	26.2208230958231	23.743629993629995	23.655189280189283	26.380357630357633	0.0
37.0	26.240729365729365	23.777470652470654	23.722017472017473	26.259782509782507	0.0
38.0	26.272863772863776	23.646373646373647	23.724292474292476	26.35647010647011	0.0
39.0	26.31885772460607	23.695218811940315	23.73673748539026	26.249185978063355	0.0
40.0	26.184064223131585	23.76659680533714	23.80214361479771	26.24719535673356	0.0
41.0	26.272789059545172	23.80157486584634	23.71540939971392	26.210226674894564	0.0
42.0	26.35810140225054	23.791621759197383	23.718253144470765	26.13202369408131	0.0
43.0	26.265964072128746	23.766881179812824	23.65853450457701	26.30862024348143	0.0
44.0	26.203686061953825	23.80271236374908	23.704318795162223	26.289282779134876	0.0
45.0	26.303785877394787	23.724509382935825	23.56952529368774	26.402179445981645	0.0
46.0	26.25089222491746	23.660240751431115	23.667634487798914	26.42123253585251	0.0
47.0	26.392226339332687	23.712850029432758	23.72280313608172	26.17212049515284	0.0
48.0	26.18861421474254	23.786218644159373	23.74413122175806	26.281035919340024	0.0
49.0	26.12093308952962	23.854468518323667	23.73588436196321	26.288714030183506	0.0
50.0	26.337342065525565	23.709437535724543	23.789915512343274	26.163304886406614	0.0
51.0	26.203970436429508	23.668487611225967	23.78906238891622	26.338479563428308	0.0
52.0	26.224161024203113	23.732187493779307	23.687540701096832	26.35611078092075	0.0
53.0	26.254020344149993	23.67758759444787	23.79844674661381	26.269945314788323	0.0
54.0	26.2685234424099	23.71654689761666	23.772568669326517	26.242360990646922	0.0
55.0	26.273073434020855	23.691521943756417	23.715693774189603	26.31971084803312	0.0
56.0	26.298667136832464	23.662231372760907	23.738728106720053	26.300373383686576	0.0
57.0	26.316867103276277	23.697493807745794	23.71995939132487	26.265679697653056	0.0
58.0	26.268164367979523	23.783022892080194	23.686620218967725	26.26219252097256	0.0
59.0	26.35518271008105	23.73268875302147	23.767097966728283	26.145030570169205	0.0
60.0	26.301151713351345	23.800938433101095	23.669842172614818	26.228067680932742	0.0
61.0	26.22920517560074	23.739513721029432	23.651642257926916	26.37963884544291	0.0
62.0	26.245698848286647	23.768519835063273	23.730413763685483	26.255367552964596	0.0
63.0	26.269586236314517	23.637992321910993	23.737238731693445	26.35518271008105	0.0
64.0	26.31813929151346	23.704468350722735	23.736602483712545	26.240789874051263	0.0
65.0	26.17566848949669	23.765039769544234	23.815089392608012	26.244202348351063	0.0
66.0	26.27207088846612	23.79888013968395	23.72494319652155	26.20410577532838	0.0
67.0	26.345439085911888	23.799164512542266	23.725227569379868	26.130168832165985	0.0
68.0	26.264677194149883	23.769020989560673	23.662949913408465	26.303351902880983	0.0
69.0	26.209224486778083	23.796320783959096	23.708165197880852	26.286289531381968	0.0
70.0	26.297380072856324	23.729208789396306	23.57024436159715	26.403166776150215	0.0
71.0	26.249605432659084	23.657262456242126	23.662096794833516	26.431035316265273	0.0
72.0	26.39918555613378	23.70958706217244	23.7206776036468	26.170549778046986	0.0
73.0	26.1893183866959	23.79120207250939	23.74456492374542	26.274914617049287	0.0
74.0	26.11651893496677	23.84551728844792	23.743711805170467	26.294251971414837	0.0
75.0	26.34117349303713	23.705605842156004	23.789780208217806	26.16344045658906	0.0
76.0	26.202115165320162	23.65697808338381	23.792339563942658	26.34856718735337	0.0
77.0	26.20296828389511	23.737455602287497	23.69280906353174	26.36676705028565	0.0
78.0	26.25955848270018	23.68285601349065	23.79859576682563	26.258989736983544	0.0
79.0	26.27377712561602	23.70304648643115	23.78210214104325	26.24107424690958	0.0
80.0	26.27207088846612	23.684277877782232	23.71783387506363	26.32581735868802	0.0
81.0	26.30278315716435	23.657546829100443	23.73518061942096	26.304489394314253	0.0
82.0	26.324395494396434	23.68285601349065	23.729208789396306	26.263539702716614	0.0
83.0	26.274555526486417	23.778053302696982	23.68989796730859	26.257493203508016	0.0
84.0	26.35702342088201	23.728003821960346	23.763834700214986	26.151138056942656	0.0
85.0	26.29901152275545	23.800234322568905	23.66743257538703	26.233321579288614	0.0
86.0	26.231330974941137	23.737956843697745	23.65150774060719	26.379204440753927	0.0
87.0	26.245265205373496	23.770090885307066	23.738525587797028	26.246118321522417	0.0
88.0	26.25578697121017	23.64411406731655	23.741084936243787	26.359014025229488	0.0
89.0	26.316852124110984	23.702911677136267	23.74869544693206	26.23154075182069	0.0
90.0	26.184335125820056	23.758079697883993	23.820925742137845	26.236659434158106	0.0
91.0	26.269646498110355	23.790782390595275	23.73561436984755	26.203956741446827	0.0
92.0	26.346995475653557	23.789644905631405	23.727367603859488	26.135992014855553	0.0
93.0	26.263105959568094	23.773435744896247	23.65883413478628	26.304624160749373	0.0
94.0	26.21789093225424	23.79504795920979	23.710589700642394	26.276471407893574	0.0
95.0	26.30974284308679	23.72338640648594	23.576935217387597	26.389935533039672	0.0
96.0	26.253721708616162	23.644615572737898	23.673337068075632	26.428325650570304	0.0
97.0	26.392210502967412	23.70376479085917	23.731633172474	26.17239153369941	0.0
98.0	26.189453808157477	23.788507420667532	23.753245386787544	26.26879338438745	0.0
99.0	26.120067225361364	23.841969213969453	23.750401674377866	26.287561886291318	0.0
100.0	26.334767512291947	23.712864670570134	23.789360534390436	26.16300728274748	0.0
101.0	26.205094226410697	23.66366844588273	23.788223049426566	26.34301427828001	0.0
102.0	26.20566296889263	23.735045627365615	23.706608503268846	26.352682900472907	0.0
103.0	26.261968474604224	23.67618078048531	23.797891671619464	26.263959073290998	0.0
104.0	26.2736276954839	23.705186647064007	23.782251253366244	26.238934404085846	0.0
105.0	26.27504955168874	23.689546228810787	23.722817664004005	26.31258655549647	0.0
106.0	26.30035859213486	23.65399982368983	23.73561436984755	26.310027214327757	0.0
107.0	26.326805117544854	23.678740121654016	23.73532999860658	26.259124762194553	0.0
108.0	26.274974833216742	23.776211844597245	23.695735012256367	26.253078309929645	0.0
109.0	26.361423444635925	23.73270316845536	23.76512139773755	26.140751989171175	0.0
110.0	26.302843135582133	23.79753962701974	23.67383848896927	26.22577874842885	0.0
111.0	26.23459423183015	23.738674947533656	23.649667002223776	26.377063818412417	0.0
112.0	26.24596904912215	23.761708952549952	23.737253095372154	26.25506890295575	0.0
113.0	26.253931421226547	23.64028277795788	23.742940504018154	26.36284529679742	0.0
114.0	26.323242951187954	23.697373846525714	23.746285421791242	26.233097780495086	0.0
115.0	26.193854772433205	23.752257183887618	23.811121695980436	26.242766347698737	0.0
116.0	26.266369026460595	23.79377514893859	23.73604811534032	26.203807709260495	0.0
117.0	26.349404956562537	23.786665908347672	23.73661685458759	26.127312280502196	0.0
118.0	26.260112894740583	23.77187868791856	23.658699577711108	26.309308839629754	0.0
119.0	26.219163668936886	23.794343888185864	23.711876697331192	26.274615745546058	0.0
120.0	26.307886991511566	23.720692155663933	23.585047845189177	26.38637300763532	0.0
121.0	26.253003654149666	23.64533420540018	23.683155365343875	26.41850677510628	0.0
122.0	26.387226116506234	23.69680510727844	23.737185593834866	26.17878318238046	0.0
123.0	26.187314271089562	23.786665908347672	23.754247771253077	26.271772049309693	0.0
124.0	26.122477996900372	23.840411767215024	23.745432312920332	26.29167792296427	0.0
125.0	26.34258008559526	23.70562056561118	23.78950960458404	26.16228974420952	0.0
126.0	26.21489812458233	23.660690165076566	23.791500191949496	26.332911518391604	0.0
127.0	26.21290753721687	23.729223244373035	23.700786282009357	26.357082936400733	0.0
128.0	26.264662808718775	23.667799405667488	23.804012455389515	26.263525330224226	0.0
129.0	26.277175072158794	23.699933173138447	23.788087756465853	26.23480399823691	0.0
130.0	26.274331375922422	23.681449147602056	23.72979198362031	26.314427492855213	0.0
131.0	26.298008838233034	23.662463671677273	23.743509244882755	26.296018245206938	0.0
132.0	26.33156454924443	23.68379145409977	23.72530953721556	26.259334459440247	0.0
133.0	26.278462006580348	23.773435744896247	23.69921485100369	26.248887397519717	0.0
134.0	26.35353601419581	23.726230118895618	23.767748320076894	26.152485546831677	0.0
135.0	26.30633038819518	23.791919875559145	23.685280660196273	26.216469076049403	0.0
136.0	26.23637506291714	23.727651975100454	23.655706051135635	26.38026691084677	0.0
137.0	26.242915601459394	23.753245386787544	23.742154908389804	26.261684103363258	0.0
138.0	26.261684103363258	23.632671980617257	23.751539159341736	26.35410475667775	0.0
139.0	26.332283052563334	23.69558540830139	23.74335991264091	26.228771626494375	0.0
140.0	26.194362608487936	23.753028562328666	23.811040460455224	26.241568368728174	0.0
141.0	26.27483989853605	23.788859440583305	23.737388099598466	26.198912561282178	0.0
142.0	26.35503281653453	23.796821857973224	23.72658196171215	26.121563363780098	0.0
143.0	26.269721201642533	23.766394048661745	23.65577332135179	26.308111428343935	0.0
144.0	26.21349007965284	23.79404580109256	23.71214641789729	26.280317701357315	0.0
145.0	26.3019300385894	23.73176814512116	23.58218802164646	26.384113794642982	0.0
146.0	26.2649615670082	23.640200084743114	23.690534080665206	26.404304267583484	0.0
147.0	26.393498098967445	23.703330859289466	23.734611873704324	26.16855916803876	0.0
148.0	26.18732777668768	23.794614546809196	23.7425743137372	26.27548336276592	0.0
149.0	26.127325103582816	23.83556423840683	23.74712427947027	26.289986378540085	0.0
150.0	26.351695288794858	23.714421400763825	23.782670886759885	26.151212423681436	0.0
151.0	26.212352588219566	23.655556219092226	23.79688952967573	26.335201663012477	0.0
152.0	26.201546419603527	23.731199399404524	23.70844957073917	26.35880461025278	0.0
153.0	26.265245939866517	23.67062798058302	23.808264444008405	26.255861635542054	0.0
154.0	26.27548336276592	23.701624622139565	23.797458275392362	26.225433739702147	0.0
155.0	26.280033328498998	23.681434149199063	23.72778692510472	26.310745597197222	0.0
156.0	26.293757998009383	23.658751599601878	23.744632447035404	26.302857955353335	0.0
157.0	26.335560927058154	23.68150149296175	23.727285653348503	26.255651926631597	0.0
158.0	26.279898421437288	23.76233118820187	23.711428157054335	26.246342233306507	0.0
159.0	26.355826406445065	23.72166563817898	23.77114679694809	26.151361158427868	0.0
160.0	26.297814013405414	23.793043631575806	23.693228190610522	26.21591416440826	0.0
161.0	26.22586727105722	23.72621562978993	23.66308449618796	26.384832602964885	0.0
162.0	26.242929739598292	23.755790575261127	23.746121843087852	26.25515784205273	0.0
163.0	26.262551578420528	23.634647048619502	23.74725934099059	26.35554203196938	0.0
164.0	26.329454454454453	23.687892437892437	23.753298753298754	26.229354354354356	0.0
165.0	26.202907452907453	23.75102375102375	23.8022113022113	26.24385749385749	0.0
166.0	26.279688779688783	23.791689416689415	23.727136227136228	26.201485576485577	0.0
167.0	26.359598234598238	23.791689416689415	23.72884247884248	26.119869869869873	0.0
168.0	26.263763763763766	23.76069251069251	23.666564291564292	26.308979433979435	0.0
169.0	26.220613285482315	23.78635392879791	23.71924117083325	26.27379161488652	0.0
170.0	26.3059261134035	23.720947427391675	23.584446902717783	26.388679556487045	0.0
171.0	26.25957281023299	23.63904711258734	23.694216074643037	26.407164002536636	0.0
172.0	26.392092069603894	23.700756724783663	23.73317559939371	26.173975606218736	0.0
173.0	26.190753795709902	23.795738339869242	23.743697514837322	26.269810349583533	0.0
174.0	26.130181687885862	23.831854103689214	23.748816284512593	26.28914792391233	0.0
175.0	26.356545057970067	23.701041100876733	23.78948206582169	26.15293177533151	0.0
176.0	26.22829143999522	23.64501901054182	23.79858210079995	26.32810744866301	0.0
177.0	26.212082002690195	23.72435994050852	23.702747357435154	26.360810699366127	0.0
178.0	26.271232230048884	23.670612858918176	23.804838374847503	26.253316536185434	0.0
179.0	26.27947913674793	23.689381681060837	23.808819640150492	26.22231954204074	0.0
180.0	26.275213495351874	23.679428517803366	23.736303736417486	26.309054250427277	0.0
181.0	26.300313383345753	23.649067528139096	23.746608805446385	26.30401028306877	0.0
182.0	26.329035450424577	23.68290837944979	23.729261814438384	26.258794355687254	0.0
183.0	26.28019735813107	23.763738998137327	23.714257276514665	26.241806367216935	0.0
184.0	26.36522629356311	23.713119765672765	23.767720286083975	26.153933654680145	0.0
185.0	26.300388175574795	23.78193917160773	23.69236019280809	26.225312460009388	0.0
186.0	26.23697194613886	23.716532298198466	23.66363804405011	26.382857711612562	0.0
187.0	26.25261272021499	23.745254446956448	23.744970069245973	26.257162763582592	0.0
188.0	26.267684738870166	23.629797096503577	23.758335821638298	26.344182342987953	0.0
189.0	26.335441526088886	23.68617124136911	23.749587651147184	26.228799581394817	0.0
190.0	26.207755570975188	23.749303272628	23.809875897214226	26.23306525918258	0.0
191.0	26.28453777115492	23.791960050505626	23.728543640727555	26.1949585376119	0.0
192.0	26.36558564912241	23.784850587526023	23.7330936970345	26.11647006631707	0.0
193.0	26.25183424144874	23.75954089931863	23.678208642831954	26.31041621640068	0.0
194.0	26.219774032186056	23.78804639933114	23.722639153914624	26.269540414568183	0.0
195.0	26.308784761818092	23.71894222265195	23.587558973163123	26.38471404236683	0.0
196.0	26.278640553060917	23.634481562266277	23.688513634566878	26.39836425010593	0.0
197.0	26.38499842169473	23.699320049026994	23.730317395767866	26.185364133510408	0.0
198.0	26.189345444100976	23.784918226724265	23.755058397294984	26.270677931879778	0.0
199.0	26.132753957849296	23.82842826389264	23.76330539780402	26.275512380454042	0.0
200.0	26.354285454281758	23.702448221633873	23.78804639933114	26.155219924753233	0.0
201.0	26.222617825465033	23.637325355545254	23.800843469086544	26.33921334990317	0.0
202.0	26.21863651487446	23.728042361144684	23.70415449760126	26.349166626379596	0.0
203.0	26.267265379944998	23.680266634057837	23.79629339984018	26.256174586156984	0.0
204.0	26.26499034532182	23.68652297927159	23.81250302153036	26.235983653876232	0.0
205.0	26.273386777992325	23.67186989002989	23.739836935965943	26.31490639601184	0.0
206.0	26.304174724149696	23.63894892503697	23.7546922989421	26.30218405187123	0.0
207.0	26.327778409737228	23.6744966442953	23.725969741781366	26.2717552041861	0.0
208.0	26.285764662053985	23.75333794033085	23.714661911790216	26.246235485824954	0.0
209.0	26.362263571446853	23.713524381539024	23.759878739275223	26.1643333077389	0.0
210.0	26.3048182937615	23.78348249198752	23.694470749831503	26.217228464419474	0.0
211.0	26.238272774066584	23.70755234772025	23.670866997119205	26.383307881093966	0.0
212.0	26.25633821241792	23.744088363852494	23.75432619434246	26.245247229387125	0.0
213.0	26.260319590941794	23.628628386660107	23.763710872291597	26.3473411501065	0.0
214.0	26.330352978648374	23.689553970583216	23.753824978102354	26.226268072666052	0.0
215.0	26.20124219363205	23.771172462432745	23.80728935603863	26.220295987896574	0.0
216.0	26.28030122058037	23.805583046104495	23.720836319375717	26.193279413939415	0.0
217.0	26.364479177331102	23.78738240680704	23.733633643881742	26.11450477198012	0.0
218.0	26.267503896074352	23.758943907904765	23.67334402620892	26.300208169811967	0.0
219.0	26.222645641076685	23.797687943464105	23.7126565899299	26.267009825529314	0.0
220.0	26.31905242652182	23.723463250245285	23.583261051943065	26.374223271289832	0.0
221.0	26.28280053351079	23.631456660779847	23.68463710743872	26.401105698270637	0.0
222.0	26.392574075811996	23.693168729897366	23.72957031905424	26.184686875236395	0.0
223.0	26.197484308924363	23.783035153128402	23.752605699692577	26.266874838254655	0.0
224.0	26.13321275306925	23.83024346406623	23.7639811963041	26.272562586560422	0.0
225.0	26.352475450256375	23.71165391189109	23.782750765713114	26.15311987213942	0.0
226.0	26.223153751649452	23.642330618373755	23.807844564772264	26.326671065204533	0.0
227.0	26.21945670473677	23.730490967830004	23.703189698320973	26.346862629112255	0.0
228.0	26.276618737771308	23.68527324020567	23.795331482913955	26.24277653910907	0.0
229.0	26.271649176691408	23.692802093109233	23.814236555470238	26.221312174729118	0.0
230.0	26.27143950015499	23.675237252900075	23.742069055737723	26.31125419120721	0.0
231.0	26.308485103575368	23.649424960469588	23.758915672244534	26.283174263710514	0.0
232.0	26.322704676533153	23.676726540548536	23.748961971174083	26.251606811744228	0.0
233.0	26.280120696078512	23.753295395404788	23.718030754179857	26.24855315433684	0.0
234.0	26.350365586260438	23.724287384074604	23.76580865519428	26.159538374470674	0.0
235.0	26.294909094011555	23.78372536807469	23.70153600263916	26.2198295352746	0.0
236.0	26.227508126509058	23.716040008304255	23.667124538218054	26.389327326968637	0.0
237.0	26.239168209494718	23.741635312419128	23.75215782633302	26.26703865175314	0.0
238.0	26.24599362392535	23.630437935653408	23.77007453921343	26.353493901207813	0.0
239.0	26.333661333348502	23.68482421663927	23.751940982748714	26.229573467263513	0.0
240.0	26.196814562002274	23.74971558589306	23.816837315130833	26.236632536973836	0.0
241.0	26.282122388611572	23.795668188347058	23.722855070608816	26.199354352432557	0.0
242.0	26.35875439454792	23.790290466817606	23.736247482734687	26.11470765589979	0.0
243.0	26.268002059409994	23.748922649812123	23.676672630611822	26.30640266016606	0.0
244.0	26.21065926313634	23.789909655690327	23.725906287690872	26.273524793482466	0.0
245.0	26.319802008363443	23.72173071999545	23.583193468551762	26.37527380308935	0.0
246.0	26.278881878026162	23.62610165055559	23.695514881172514	26.399501590245734	0.0
247.0	26.39161531502313	23.68605226772272	23.739253139420423	26.183079277833727	0.0
248.0	26.194364466092342	23.782590388182676	23.749871971412638	26.27317317431234	0.0
249.0	26.142584015204108	23.821283472362893	23.762674830148743	26.273457682284256	0.0
