# Position (bp)	A	C	G	T	N
0.0	26.174912409377676	23.88338393475485	23.978645128675666	25.963058527191812	0.0
1.0	26.046923443312288	23.925462498940732	23.950884964803034	26.07672909294395	0.0
2.0	25.93732193732194	23.96172108992622	23.943019943019944	26.157937029731904	0.0
3.0	26.100562772839638	24.01280994874852	23.936546339638962	25.950080938772885	0.0
4.0	26.092495412629585	23.915685884924205	23.84000888255163	26.151809819894577	0.0
5.0	26.166176285825316	23.909353077127605	23.873706724012493	26.050763913034586	0.0
6.0	26.04912625160331	23.937871974896353	23.865704827602325	26.147296945898013	0.0
7.0	26.014602208153047	23.88416399582794	23.79359407731165	26.307639718707364	0.0
8.0	26.062567926049713	23.94239870984329	23.849785558191446	26.145247805915556	0.0
9.0	26.137917333738447	23.920804459350496	23.943299872623374	25.997978334287687	0.0
10.0	26.17323984808647	24.004382120946538	23.7776803973123	26.04469763365469	0.0
11.0	25.967864446392053	23.938066023955596	23.978965819456615	26.115103710195736	0.0
12.0	26.027169149868534	23.964358749634822	23.895121238679522	26.113350861817118	0.0
13.0	26.14723926380368	23.854221443178496	24.013146362839613	25.985392930178207	0.0
14.0	26.18258837277242	23.91995325737657	23.78118609406953	26.116272275781476	0.0
15.0	25.98422436459246	23.886649138182882	23.919661115980134	26.209465381244524	0.0
16.0	26.244230207420394	23.871457785568214	23.931054630441135	25.95325737657026	0.0
17.0	26.027461291264974	24.008179959100204	23.87204206836109	26.092316681273736	0.0
18.0	25.991527899503357	24.003797838153666	23.885480572597135	26.119193689745835	0.0
19.0	26.196319018404907	23.735612036225533	23.858895705521473	26.209173239848088	0.0
20.0	26.19412098088822	23.76965369761205	23.938218298461592	26.098007023038132	0.0
21.0	26.073467289118966	23.93500476187694	23.759720948168574	26.231807000835524	0.0
22.0	26.06850091439723	23.86605979515165	23.879790360558808	26.18564892989232	0.0
23.0	26.003061623946106	23.939094717530136	23.91630782174805	26.141535836775713	0.0
24.0	26.123715315715362	23.876868963663668	23.894397345034502	26.105018375586468	0.0
25.0	26.17980613610204	23.88680171310714	23.972690781824237	25.96070136896659	0.0
26.0	26.080770781356815	23.904330094477977	23.945229651009928	26.069669473155283	0.0
27.0	25.946678663869914	23.960713054554166	23.936173320634996	26.15643496094092	0.0
28.0	26.112614007513834	23.992848420400698	23.93354406342937	25.9609935086561	0.0
29.0	26.10443409620744	23.908712189820687	23.851160670986438	26.135693042985437	0.0
30.0	26.18448037113426	23.903745815098947	23.85934058229283	26.05243323147396	0.0
31.0	26.061781701538404	23.960420914864653	23.856127045708174	26.121670337888762	0.0
32.0	26.017084329042778	23.87365542707901	23.81347465103914	26.29578559283907	0.0
33.0	26.07083803191334	23.944353231941385	23.84999211222838	26.13481662391689	0.0
34.0	26.15555854187238	23.930038387155204	23.937926158772076	25.976476912200336	0.0
35.0	26.18360395206572	23.991972001332158	23.781339285192608	26.043084761409514	0.0
36.0	25.983488264748672	23.93354406342937	23.963342311759792	26.119625360062166	0.0
37.0	26.03665768824021	23.969769384929098	23.891475948139362	26.102096978691332	0.0
38.0	26.1497157480821	23.85437420757109	23.994016979158754	26.001893065188046	0.0
39.0	26.15994063721509	23.929454107776174	23.78075500581358	26.129850249195158	0.0
40.0	25.977937610647906	23.88329603683297	23.931499085602773	26.20726726691635	0.0
41.0	26.233851978662116	23.888554551244223	23.925656291812494	25.951937178281163	0.0
42.0	26.015039351216178	24.011253220840075	23.88300389714346	26.090703530800287	0.0
43.0	25.98173542661159	24.005994706428826	23.899071580066725	26.113198286892857	0.0
44.0	26.19266028244065	23.74365326524531	23.8608012807404	26.20288517157364	0.0
45.0	26.203024212396	23.76337991960363	23.93165139758811	26.101944470412263	0.0
46.0	26.096685986725248	23.925516499953257	23.77535757689072	26.20243993643078	0.0
47.0	26.048191081611666	23.866504627465645	23.905066841170424	26.18023744975227	0.0
48.0	26.00962886790689	23.937202019257736	23.9167523604749	26.136416752360475	0.0
49.0	26.113629989716742	23.88052725063102	23.903314013274752	26.10252874637749	0.0
50.0	26.18958586519585	23.886077872300646	23.96028091988408	25.964055342619424	0.0
51.0	26.083831915490325	23.886370010283255	23.947426848649155	26.082371225577266	0.0
52.0	25.938347200149575	23.952977470318782	23.951808918388334	26.15686641114331	0.0
53.0	26.119180611386373	24.00527016920632	23.924932223988034	25.950616995419278	0.0
54.0	26.118304197438537	23.90594325511826	23.834369449378332	26.14138309806488	0.0
55.0	26.1811138637001	23.916460222492287	23.862414695709077	26.04001121809853	0.0
56.0	26.075652051977187	23.93953912311863	23.862414695709077	26.122394129195104	0.0
57.0	26.01693231747219	23.86854959334393	23.79843647751706	26.316081611666824	0.0
58.0	26.079741983733758	23.943044778909975	23.85978545386557	26.117427783490697	0.0
59.0	26.141967374030102	23.938662709170796	23.945966158736095	25.973403758063007	0.0
60.0	26.188709451248016	23.99329251191923	23.78178461250818	26.03621342432458	0.0
61.0	25.97544872394129	23.91850518837057	23.9827755445452	26.123270543142933	0.0
62.0	26.038258390202863	23.96144947181453	23.900976909413853	26.09931522856876	0.0
63.0	26.164754136673835	23.868257455361316	23.97926988875386	25.987718519210993	0.0
64.0	26.154237169299805	23.93311208750117	23.799312891464897	26.11333785173413	0.0
65.0	25.98216789754137	23.873515939048332	23.94246050294475	26.20185566046555	0.0
66.0	26.229608768813684	23.875560904926616	23.935449191362064	25.959381134897637	0.0
67.0	26.027157146863605	23.9950453398149	23.881695802561463	26.096101710760028	0.0
68.0	26.006123212115543	23.98744975226699	23.903021875292136	26.103405160325327	0.0
69.0	26.20185566046555	23.731829017481537	23.87497662896139	26.19133869309152	0.0
70.0	26.19118566428868	23.768791665936327	23.944365567649996	26.095657102124996	0.0
71.0	26.108803234532846	23.91076989594106	23.767623120833406	26.212803748692693	0.0
72.0	26.050960251938328	23.87805063305931	23.90638785180511	26.164601263197255	0.0
73.0	26.00655553802738	23.931803707793613	23.91135416849252	26.150286585686487	0.0
74.0	26.110556052187224	23.882724813470986	23.897331627257483	26.109387507084303	0.0
75.0	26.187972165255648	23.90200580766916	23.956635291230654	25.953386735844536	0.0
76.0	26.09361214819489	23.897331627257483	23.954882473576276	26.054173750971355	0.0
77.0	25.94929682798432	23.957511700057843	23.956343154954922	26.136848317002915	0.0
78.0	26.11785945908047	23.99753436983284	23.933264389172262	25.95134178191443	0.0
79.0	26.120196549286312	23.89820803608467	23.852342640795076	26.12925277383394	0.0
80.0	26.17336535146915	23.9072642606323	23.8760056791292	26.043364708769346	0.0
81.0	26.081050288338503	23.94319702254708	23.857601093758216	26.118151595356203	0.0
82.0	25.995162223273915	23.87805063305931	23.820207650464788	26.306579493201987	0.0
83.0	26.064690656897632	23.954298201024816	23.874252861474822	26.106758280602737	0.0
84.0	26.133342681694156	23.947871202958755	23.949624020613136	25.96916209473395	0.0
85.0	26.18621934760127	23.98760173645802	23.793331113097636	26.03284780284307	0.0
86.0	25.978802591833038	23.91047775966533	24.004837776726088	26.105881871775544	0.0
87.0	26.057387250004382	23.969197151087037	23.894702400775913	26.078713198132665	0.0
88.0	26.153792220995246	23.864904500651463	23.99782650610857	25.983476772244718	0.0
89.0	26.165769808300176	23.930927298966424	23.790409750340338	26.112893142393062	0.0
90.0	25.96916209473395	23.886230448779745	23.945241976477188	26.199365480009114	0.0
91.0	26.223612790894695	23.86841013596022	23.958388108885032	25.94958896426005	0.0
92.0	26.02612866850128	23.99110737176678	23.90229794394489	26.080466015787046	0.0
93.0	25.988150952656397	23.991399508042512	23.887106857606938	26.133342681694156	0.0
94.0	26.20871384083247	23.73315104029728	23.87396072519909	26.18417439367116	0.0
95.0	26.19161690641177	23.765439311964663	23.95854026198628	26.084403519637284	0.0
96.0	26.083234981361812	23.914427942087244	23.782090982390127	26.220246094160814	0.0
97.0	26.048763102235412	23.878203255547636	23.913551538380638	26.15948210383631	0.0
98.0	25.996763148976942	23.935169496476856	23.92552905570422	26.142538298841977	0.0
99.0	26.094043960409923	23.883753812356122	23.89047290744008	26.131729319793866	0.0
100.0	26.18781915701649	23.90040548278159	23.942180726129685	25.96959463407224	0.0
101.0	26.086156327050492	23.90011334821272	23.95328183974666	26.06044848499013	0.0
102.0	25.938920504341116	23.954450378022134	23.959708800261755	26.146920317374995	0.0
103.0	26.12501022470991	23.978113278100423	23.954450378022134	25.942426119167532	0.0
104.0	26.13318999263821	23.88959650373348	23.862720123397644	26.11449338023067	0.0
105.0	26.194246117531577	23.903618963039133	23.86797854563726	26.034156373792023	0.0
106.0	26.065414772660876	23.96000093483062	23.84811339495425	26.12647089755425	0.0
107.0	26.004650782336373	23.860967315984436	23.834090935648597	26.300290966030595	0.0
108.0	26.06658331093635	23.945978475524964	23.874113371583487	26.113324841955198	0.0
109.0	26.139032684015568	23.926405459410823	23.959708800261755	25.974853056311858	0.0
110.0	26.182268600207998	23.987753718873062	23.800203325659933	26.029774355259004	0.0
111.0	25.988875515617515	23.898360540799512	24.004405389298526	26.108358554284443	0.0
112.0	26.053729389906167	23.97460766327401	23.898360540799512	26.07330240602031	0.0
113.0	26.15422368159669	23.87382123701462	23.996809890507965	25.975145190880728	0.0
114.0	26.184021407621206	23.91033805812309	23.8004954602288	26.105145074026897	0.0
115.0	25.98390922794676	23.883461677787256	23.94714701380044	26.185482080465544	0.0
116.0	26.219953959591948	23.86827068020613	23.972562721291936	25.939212638909986	0.0
117.0	26.015751895953354	24.00907954240041	23.903911097608002	26.071257464038233	0.0
118.0	25.97076317234771	24.002360447316452	23.908585250709887	26.118291129625952	0.0
119.0	26.206515769424026	23.73388877852694	23.87089989132594	26.18869556072309	0.0
120.0	26.196444117251815	23.750094944289614	23.94348915882281	26.109971779635764	0.0
121.0	26.09887060115803	23.904635034150733	23.776971481656766	26.21952288303448	0.0
122.0	26.042196163666425	23.888275402709855	23.919533984212958	26.149994449410762	0.0
123.0	26.00217349389143	23.926837391106204	23.93005089013923	26.140938224863135	0.0
124.0	26.085140196198726	23.890612492915693	23.90229794394489	26.12194936694069	0.0
125.0	26.18884857408284	23.905511442977918	23.945826249028645	25.959813733910597	0.0
126.0	26.10091555508814	23.885061903676828	23.96247801674525	26.051544524489785	0.0
127.0	25.9481282828814	23.952837519646163	23.969197151087037	26.129837046385397	0.0
128.0	26.126331411076638	23.96656792460547	23.954298201024816	25.95280246329308	0.0
129.0	26.120488685562044	23.88126413209234	23.872792180096173	26.12545500224945	0.0
130.0	26.19439916332171	23.89908444491186	23.86782586340876	26.038690528357666	0.0
131.0	26.061553293115793	23.949986123486365	23.88337885803596	26.105081725361885	0.0
132.0	26.01451921531967	23.86847986444837	23.833131271818992	26.283869648412967	0.0
133.0	26.055202393194353	23.955314574179674	23.866796765448257	26.122686267177713	0.0
134.0	26.115674955595026	23.944505468823035	23.96466298962326	25.97515658595868	0.0
135.0	26.186080209404505	23.98423623445826	23.809829858838928	26.019853697298306	0.0
136.0	25.978077965784802	23.894842011779	24.014910722632514	26.112169299803682	0.0
137.0	26.032707768533232	23.958528091988406	23.908572496961767	26.100191642516595	0.0
138.0	26.167967654482567	23.844594278769748	24.005854445171543	25.981583621576142	0.0
139.0	26.189001589230624	23.903898289239976	23.815380480508555	26.09171964102085	0.0
140.0	25.974280172010843	23.86854959334393	23.950932504440498	26.20623773020473	0.0
141.0	26.20243993643078	23.877313732822287	23.969045059362436	25.951201271384498	0.0
142.0	26.025988594933157	24.002640927362812	23.90769608301393	26.0636743946901	0.0
143.0	25.99443769281107	23.982191268579975	23.903898289239976	26.11947274936898	0.0
144.0	26.21587828363092	23.72949191362064	23.875268766944004	26.179361035804433	0.0
145.0	26.17980613610204	23.753001735309756	23.95574667983243	26.111445448755777	0.0
146.0	26.10238911838085	23.88475673528054	23.794485571220736	26.21836857511788	0.0
147.0	26.06937733346577	23.853789928192064	23.92098205678027	26.155850681561894	0.0
148.0	26.000724506429997	23.927993409328604	23.93354406342937	26.13773802081203	0.0
149.0	26.085229082006773	23.87927584202208	23.91462484772174	26.120870228249405	0.0
150.0	26.19682676942223	23.895635712428533	23.941209637132232	25.966327881016998	0.0
151.0	26.101665205959684	23.895413380075954	23.956470931931054	26.046450482033308	0.0
152.0	25.94332456909144	23.943908851884313	23.955886649138183	26.156879929886063	0.0
153.0	26.116272275781476	23.967864446392053	23.955010224948875	25.960853052877592	0.0
154.0	26.12678936605317	23.881974875839905	23.881974875839905	26.109260882267016	0.0
155.0	26.183172655565297	23.891323400525856	23.878469179082675	26.047034764826176	0.0
156.0	26.064639394213827	23.944563086658157	23.875909657930638	26.11488786119737	0.0
157.0	26.005626659733156	23.858088980686475	23.83530188519394	26.30098247438643	0.0
158.0	26.066760541983886	23.94843089939176	23.870428690789897	26.114379867834458	0.0
159.0	26.125189162659435	23.93791374767016	23.955150190769448	25.98174689890096	0.0
160.0	26.18595492816201	23.977060923522778	23.82193293562919	26.015051212686025	0.0
161.0	25.96976903166247	23.883575130441894	24.012994525238245	26.13366131265739	0.0
162.0	26.060625536812953	23.944925182151223	23.89613728388714	26.09831199714868	0.0
163.0	26.178651350577564	23.832450087350786	23.99897165627611	25.989926905795535	0.0
164.0	26.17660634885392	23.90139585974794	23.819011504595412	26.102986286802725	0.0
165.0	25.979409754073934	23.870428690789897	23.9636223407674	26.186539214368764	0.0
166.0	26.216922097120055	23.866630830445988	23.981150926970066	25.935296145463894	0.0
167.0	26.029074081648158	24.0109495235146	23.905485863195228	26.05449053164202	0.0
168.0	25.990803335105667	23.987285932141	23.902856575264828	26.119054157488502	0.0
169.0	26.230944966082188	23.72640214082466	23.87510298044394	26.167549912649214	0.0
170.0	26.193411550237222	23.75487881833267	23.946525813915443	26.105183817514664	0.0
171.0	26.121836071704024	23.87816392829598	23.80016126393531	26.19983873606469	0.0
172.0	26.05844064786033	23.86326454296866	23.920524925795217	26.157769883375792	0.0
173.0	26.004393857947505	23.93104213896744	23.929581414915745	26.134982588169304	0.0
174.0	26.08510203187309	23.882031580946258	23.920302662907726	26.112563724272924	0.0
175.0	26.1812179552725	23.912122584320542	23.936662820082095	25.969996640324865	0.0
176.0	26.100954150525574	23.877427007192647	23.956598713386736	26.065020128895043	0.0
177.0	25.94845366848382	23.934979871104957	23.957475152938702	26.159091307472526	0.0
178.0	26.119943674151457	23.95221651562692	23.94432855965924	25.98351125056238	0.0
179.0	26.14419183508913	23.86077465570533	23.885899256194968	26.10913425301057	0.0
180.0	26.19911538034555	23.869831197742293	23.883854230573718	26.04719919133844	0.0
181.0	26.045814550691954	23.953162933510182	23.88655333296328	26.114469182834586	0.0
182.0	26.000823855585715	23.85500141691475	23.851787795835733	26.29238693166381	0.0
183.0	26.054947238030685	23.93132179542613	23.892758229815477	26.120972736727705	0.0
184.0	26.115129772241247	23.930737498977482	23.949142837109836	26.004989891671435	0.0
185.0	26.188751124770665	23.982155586458344	23.81446250569689	26.0146307830741	0.0
186.0	25.978988699706683	23.877274373926355	24.013123298236593	26.130613628130366	0.0
187.0	26.071891835041427	23.934827574118003	23.892173933366834	26.10110665747374	0.0
188.0	26.17881808514368	23.813293912799598	24.004650999731222	26.003237002325502	0.0
189.0	26.17239082420857	23.895387563834387	23.820597618407675	26.111623993549365	0.0
190.0	25.99271966624987	23.859161184018323	23.95294076402604	26.19517838570577	0.0
191.0	26.239877064027205	23.84484592102649	23.964334544774637	25.950942470171668	0.0
192.0	26.044429901955056	24.005527444404194	23.895387563834387	26.054655089806367	0.0
193.0	25.997978334287687	23.985953513374543	23.903567714115432	26.112500438222337	0.0
194.0	26.234034099540743	23.70373832867844	23.882825190188495	26.179402381592325	0.0
195.0	26.19299424464635	23.751205118466796	23.951619971369308	26.104180665517546	0.0
196.0	26.124339010780336	23.876245289082355	23.788892459610274	26.21052324052704	0.0
197.0	26.078179321627857	23.87011014052412	23.908089631598937	26.143620906249087	0.0
198.0	26.027637383505215	23.930585176312483	23.919483478921382	26.12229396126092	0.0
199.0	26.095200254755486	23.871932781947418	23.905237971421812	26.127628991875284	0.0
200.0	26.185488700936354	23.90960749083366	23.94320522371708	25.961698584512906	0.0
201.0	26.099087307615896	23.886889249862687	23.95350060183941	26.060522840682005	0.0
202.0	25.9620890743143	23.92513643959845	23.953476142060794	26.15929834402646	0.0
203.0	26.138415421562843	23.959459380496327	23.943098219555093	25.959026978385737	0.0
204.0	26.154776582504073	23.8425939452018	23.893722573143155	26.108906899150973	0.0
205.0	26.20853468273956	23.85515697949596	23.892261755201975	26.04404658256251	0.0
206.0	26.07495230387617	23.945061077333456	23.88954950901479	26.09043710977559	0.0
207.0	26.002787265061894	23.850691411191715	23.860040727961177	26.28648059578521	0.0
208.0	26.055897717578034	23.939427583063562	23.89180408334989	26.11287061600851	0.0
209.0	26.12077226935933	23.916625762569243	23.947888179884533	26.014713788186896	0.0
210.0	26.18681703967744	23.97154210249518	23.81902647110384	26.022614386723543	0.0
211.0	26.001577747910943	23.87804592999474	24.013615380120378	26.10676094197394	0.0
212.0	26.07506617814631	23.925225999100093	23.897761337938046	26.101946484815546	0.0
213.0	26.16185639904866	23.81856749665453	24.007900565077396	26.011675539219407	0.0
214.0	26.16127203772637	23.90709823698189	23.829378181116947	26.10225154417479	0.0
215.0	26.0001402475369	23.84967801502986	23.959246403235042	26.190935334198194	0.0
216.0	26.23651578369155	23.853184203452425	23.974147704030948	25.93615230882508	0.0
217.0	26.043243243243243	24.019284149013878	23.901241782322863	26.036230825420013	0.0
218.0	25.995325054784512	23.981300219138056	23.909130752373994	26.11424397370343	0.0
219.0	26.23433162892622	23.72154857560263	23.869393718042367	26.17472607742878	0.0
220.0	26.18861176690587	23.759963535214233	23.94345620719478	26.107968490685117	0.0
221.0	26.126084009256445	23.897583039199645	23.786260255720997	26.190072695822913	0.0
222.0	26.072906196676094	23.871578504476286	23.91978915873869	26.13572614010893	0.0
223.0	26.002793328736225	23.928834398849943	23.93263285842849	26.13573941398534	0.0
224.0	26.087185196223672	23.8887087018645	23.908870168918032	26.1152359329938	0.0
225.0	26.19106754130933	23.90725670957091	23.944657910500094	25.957017838619663	0.0
226.0	26.093550027174388	23.876938001484366	23.956707983426544	26.0728039879147	0.0
227.0	25.93518978464775	23.910820208631623	23.967799433129766	26.186190573590864	0.0
228.0	26.164428392767398	23.932290753532733	23.949530722208586	25.953750131491287	0.0
229.0	26.1577077270124	23.852811575908458	23.8834928760943	26.10598782098484	0.0
230.0	26.2103042416167	23.854856995920848	23.895473193309723	26.03936556915273	0.0
231.0	26.07246067668536	23.94054238853159	23.89203657221669	26.094960362566365	0.0
232.0	26.003652567755132	23.847468770545692	23.849514208488568	26.299364453210604	0.0
233.0	26.063198742336844	23.929496058114324	23.885664860821336	26.12164033872749	0.0
234.0	26.12193254670945	23.908749291395644	23.957840232363786	26.011477929531125	0.0
235.0	26.197183098591548	23.964408859797793	23.812752030857343	26.025656010753316	0.0
236.0	25.996294759480797	23.88126866500301	24.025913306722614	26.096523268793575	0.0
237.0	26.074175374617205	23.924363559856932	23.889590200341303	26.11187086518456	0.0
238.0	26.175726299917596	23.826319203773078	23.995511580473035	26.002442915836287	0.0
239.0	26.16565170128458	23.89746706719811	23.831718350028638	26.10516288148867	0.0
240.0	26.0218290206163	23.852369193904238	23.951724843295686	26.174076942183778	0.0
241.0	26.23856267406215	23.859774219660952	23.975499063388575	25.926164042888328	0.0
242.0	26.068367326064273	24.01068440386813	23.894079449180406	26.026868820887188	0.0
243.0	26.009001373586226	23.988076102522136	23.898062366659847	26.104860157231784	0.0
244.0	26.240939911152676	23.73275660509703	23.8762567220014	26.15004676174889	0.0
245.0	26.215062123147337	23.745919104000375	23.93765180056292	26.101366972289362	0.0
246.0	26.10917062477165	23.889221775666787	23.80387285348922	26.197734746072342	0.0
247.0	26.080500423840284	23.87799245856596	23.91891496886966	26.122592148724095	0.0
248.0	26.006506888356878	23.94160754635354	23.936638224607496	26.115247340682085	0.0
249.0	26.10598256619526	23.876478394827153	23.917110501791903	26.10042853718569	0.0
