# Position (bp)	A	C	G	T	N
0.0	26.228056249530002	23.800491863091608	23.567372153196136	26.404079734182258	0.0
1.0	26.32832279142053	23.819152580610123	23.619176533172904	26.233348094796444	0.0
2.0	26.1862853768987	23.678361954202895	23.811208092195777	26.32414457670263	0.0
3.0	26.240743680360033	23.826790204940973	23.77610497968414	26.156361135014855	0.0
4.0	26.18131286689762	23.84068706626714	23.748788611275103	26.229211455560137	0.0
5.0	26.25212330483696	23.64567959678093	23.89240065718025	26.20979644120186	0.0
6.0	26.200745688899037	23.78101584101623	23.802734935162935	26.215503534921798	0.0
7.0	26.247222670802266	23.77198892966327	23.728554006871626	26.25223439266284	0.0
8.0	26.277719774483188	23.76306814227048	23.743857451103224	26.215354632143107	0.0
9.0	26.23174001286238	23.717172392096597	23.625576649488984	26.425510945552038	0.0
10.0	26.338515161301103	23.68069397890892	23.735815859511586	26.24497500027839	0.0
11.0	26.252491620360573	23.69015935234574	23.721896192692732	26.335452834600954	0.0
12.0	26.29397222748076	23.769501453213216	23.781750760013807	26.154775559292215	0.0
13.0	26.127771405663637	23.89700560127393	23.783699513368447	26.19152347969399	0.0
14.0	26.249634609763227	23.863253573864508	23.631352570259324	26.25575924611294	0.0
15.0	26.171963085146366	23.72544925599588	23.786138834370345	26.31644882448741	0.0
16.0	26.327862919502792	23.657521471026293	23.756072437744464	26.25854317172645	0.0
17.0	26.268565303935077	23.81676201611893	23.662532537130605	26.252140142815385	0.0
18.0	26.197853593351983	23.68090644617976	23.81035898720786	26.310880973260392	0.0
19.0	26.270792444425883	23.664759677621415	23.927283862975184	26.13716401497752	0.0
20.0	26.217268085722402	23.82031480543198	23.737910836678676	26.22450627216695	0.0
21.0	26.187480164585224	23.805560040756557	23.740694754541963	26.266265040116256	0.0
22.0	26.202791712833307	23.85789769658636	23.76519323173889	26.174117358841443	0.0
23.0	26.326397665963263	23.776885686764697	23.792475626799106	26.104241020472934	0.0
24.0	26.31581877808277	23.65522847613904	23.671931983318764	26.357020762459427	0.0
25.0	26.2395394286287	23.77855603748267	23.591198365283432	26.3907061686052	0.0
26.0	26.32778962489491	23.83534796189373	23.60901543960847	26.22784697360289	0.0
27.0	26.193326392098125	23.684459613703556	23.79887863788467	26.32333535631365	0.0
28.0	26.243993697209955	23.841472581192967	23.76352288102092	26.151010840576163	0.0
29.0	26.188036948157883	23.826717816517544	23.749881683490813	26.235363551833768	0.0
30.0	26.233971592902122	23.647711897908163	23.89742933024504	26.220887178944675	0.0
31.0	26.200007794970016	23.778277645696342	23.80027059681631	26.221443962517334	0.0
32.0	26.25039670829552	23.76352288102092	23.72983747487514	26.256242935808423	0.0
33.0	26.266821823688915	23.764636448166232	23.760182179584973	26.20835954855988	0.0
34.0	26.226176622884918	23.715082710199717	23.636854618241344	26.421886048674022	0.0
35.0	26.325840882390604	23.683067654771914	23.7342917434564	26.25679971938108	0.0
36.0	26.238425861483382	23.69865759480632	23.727610340584512	26.335306203125786	0.0
37.0	26.283525330868642	23.763801272807246	23.786351007499874	26.16632238882424	0.0
38.0	26.12985306481518	23.89770772203137	23.786629399286202	26.18580981386725	0.0
39.0	26.252550757641135	23.85643932328713	23.632056168170443	26.25895375090129	0.0
40.0	26.168476672225204	23.728101067072746	23.784892833380194	26.318529427321852	0.0
41.0	26.32827311271774	23.654605840086635	23.765127071577112	26.251993975618515	0.0
42.0	26.268140654274553	23.819413318782765	23.667690217618254	26.244755809324428	0.0
43.0	26.197429337401555	23.689683107511826	23.809391242375565	26.303496312711054	0.0
44.0	26.277884339670443	23.65599779514319	23.93327524240897	26.132842622777396	0.0
45.0	26.225752210418474	23.814335983608384	23.74306808311619	26.216843722856954	0.0
46.0	26.191788601590165	23.802643593683882	23.73248925413688	26.273078550589073	0.0
47.0	26.204316162223556	23.860827153070087	23.764782521547403	26.17007416315895	0.0
48.0	26.323745573595243	23.782599496670453	23.78399144785194	26.10966348188236	0.0
49.0	26.310661232489252	23.666789158370637	23.675140865459568	26.34740874368054	0.0
50.0	26.23911494176076	23.775082960290415	23.595242867642146	26.390559230306675	0.0
51.0	26.320683280995972	23.838834324402576	23.611667891583707	26.22881450301775	0.0
52.0	26.191231821117572	23.68404935302109	23.802921983920182	26.321796841941158	0.0
53.0	26.246074697668202	23.84050466582036	23.756430814458476	26.15698982205296	0.0
54.0	26.19707801607982	23.81600632502617	23.75253335115031	26.234382307743704	0.0
55.0	26.236331039397786	23.641455646867556	23.89813144473397	26.224081869000692	0.0
56.0	26.20765684505913	23.773969399345226	23.803757154629075	26.214616600966572	0.0
57.0	26.25136411215786	23.766174472728892	23.734159595554665	26.248301819558584	0.0
58.0	26.266397184917928	23.757544375403665	23.769515155564463	26.20654328411394	0.0
59.0	26.22519542994588	23.714115498541236	23.63727979332309	26.423409278189798	0.0
60.0	26.341005768245694	23.68794681632926	23.726086278702034	26.24496113672301	0.0
61.0	26.23911494176076	23.691844279637426	23.728591790828713	26.3404489877731	0.0
62.0	26.286719672167656	23.75726598516737	23.79095120375938	26.16506313890559	0.0
63.0	26.123861383933544	23.9062047615866	23.785940179506024	26.18399367497383	0.0
64.0	26.257972378197653	23.8538009905097	23.637770768549785	26.25045586274286	0.0
65.0	26.179466550114277	23.726855396162122	23.78253328841983	26.311144765303762	0.0
66.0	26.335643037897157	23.658649978146425	23.754972731752268	26.25073425220415	0.0
67.0	26.271056682878214	23.82011586569379	23.665052935756066	26.243774515671937	0.0
68.0	26.20201609647865	23.679807577204357	23.81788875000348	26.300287576313515	0.0
69.0	26.277181251026562	23.663104209527045	23.93119326074792	26.128521278698475	0.0
70.0	26.217532919462155	23.818935998441024	23.73792489073244	26.22560619136438	0.0
71.0	26.188858884774923	23.807243673617105	23.735141003869604	26.26875643773837	0.0
72.0	26.191364382951477	23.866818852481835	23.770496367027643	26.171320397539045	0.0
73.0	26.33501294507391	23.784415801341833	23.77996158236129	26.100609671222962	0.0
74.0	26.319701567328302	23.654686673533586	23.672225160769468	26.353386598368644	0.0
75.0	26.238133682247156	23.780239971047575	23.583140781158654	26.398485565546615	0.0
76.0	26.313855404916342	23.83202026669636	23.61014448372818	26.243979844659115	0.0
77.0	26.196653767990867	23.677236157122575	23.808078839675957	26.318031235210597	0.0
78.0	26.243423067286546	23.843434202833997	23.767155702792238	26.14598702708722	0.0
79.0	26.199437654853707	23.82311182873528	23.750730770301494	26.226719746109517	0.0
80.0	26.230895576403775	23.645221458199938	23.906350045934133	26.217532919462155	0.0
81.0	26.200551209598842	23.774115419949332	23.80445978675427	26.220873583697557	0.0
82.0	26.254280226051613	23.755184989282036	23.734584226497034	26.255950558169317	0.0
83.0	26.27627293226803	23.75852565351744	23.762423095125413	26.20277831908911	0.0
84.0	26.227276523482086	23.70117758414298	23.64160240527825	26.429943487096686	0.0
85.0	26.34280782828986	23.676400991063723	23.730130007516497	26.250661173129924	0.0
86.0	26.251217950502493	23.685587817711088	23.72818128671251	26.33501294507391	0.0
87.0	26.28740847971938	23.750730770301494	23.78775646557724	26.174104284401885	0.0
88.0	26.117034603713705	23.899111940090755	23.794716182734334	26.189137273461206	0.0
89.0	26.24669066370462	23.86480369476436	23.64237175364897	26.24613388788205	0.0
90.0	26.173474643037103	23.73396137646119	23.779616993911656	26.312946986590052	0.0
91.0	26.32853670962192	23.662137295350085	23.76903825328289	26.2402877417451	0.0
92.0	26.273137515276535	23.814693870733358	23.667983441487035	26.24418517250307	0.0
93.0	26.203540537455698	23.67744863047067	23.816085810289774	26.302925021783853	0.0
94.0	26.28148915261504	23.662694071172655	23.936349387964174	26.119467388248136	0.0
95.0	26.22267630257341	23.820195316414818	23.745030789617275	26.212097591394496	0.0
96.0	26.194559201808403	23.799873055465852	23.73751433693752	26.268053405788226	0.0
97.0	26.187042749128647	23.8750375822634	23.76897208333797	26.16894758526998	0.0
98.0	26.331804059997992	23.779829181653174	23.786788860060355	26.101577898288475	0.0
99.0	26.31621438036591	23.656782067414227	23.66958787568344	26.357415676536416	0.0
100.0	26.228244045299153	23.773147890382283	23.593309800340744	26.405298263977816	0.0
101.0	26.312038573321605	23.826319833413137	23.619756578288033	26.24188501497723	0.0
102.0	26.193445653263254	23.67376368272775	23.807667895281895	26.325122768727105	0.0
103.0	26.244947273476388	23.831887576138882	23.772869503245992	26.150295647138737	0.0
104.0	26.209870494304198	23.81991692927853	23.753939177978463	26.216273398438805	0.0
105.0	26.232141465207174	23.645368194826453	23.90398984443727	26.218500495529103	0.0
106.0	26.19400242753583	23.7770453102903	23.805440798191597	26.223511463982273	0.0
107.0	26.265547921561637	23.757836597886484	23.7313898199392	26.245225660612675	0.0
108.0	26.277518568421993	23.751990468024452	23.766744986247677	26.203745977305882	0.0
109.0	26.23464694943376	23.706056590537063	23.64063561350957	26.418660846519604	0.0
110.0	26.342939545449482	23.667360778593142	23.72749240003118	26.26220727592619	0.0
111.0	26.247452757702973	23.686847878133246	23.728049174303752	26.337650189860028	0.0
112.0	26.288375666737192	23.748649822389005	23.791799828513525	26.171174682360277	0.0
113.0	26.12301370778259	23.899535650256674	23.7923566027861	26.18509403917464	0.0
114.0	26.246266142929127	23.852143435788793	23.653932346546476	26.247658074735604	0.0
115.0	26.16831796176642	23.72993182318012	23.782825231826244	26.31892498322722	0.0
116.0	26.32978205131774	23.65755136924332	23.77697911823904	26.235687461199902	0.0
117.0	26.268815438194054	23.805374527091168	23.6767600281727	26.24905000654208	0.0
118.0	26.205900120541294	23.675089710004926	23.817066754265575	26.3019434151882	0.0
119.0	26.279672506284573	23.653653960185185	23.94540286682275	26.121270666707495	0.0
120.0	26.229357593844306	23.814627573689076	23.737792724073806	26.218222108392812	0.0
121.0	26.18286694208434	23.80042982973843	23.736679175528657	26.280024052648578	0.0
122.0	26.191775330445534	23.869191452401367	23.77119918042827	26.16783403672483	0.0
123.0	26.324844381590818	23.778158858835454	23.794305312740107	26.102691446833624	0.0
124.0	26.31148179904903	23.653998196051358	23.672093359910026	26.36242664498959	0.0
125.0	26.230192755253167	23.770085631883124	23.602496575838224	26.39722503702549	0.0
126.0	26.313430509003037	23.824649510595414	23.618364642606597	26.243555337794948	0.0
127.0	26.205137912987315	23.66569045577542	23.810451766644768	26.3187198645925	0.0
128.0	26.253298887565002	23.826319833413137	23.781499504470897	26.13888177455096	0.0
129.0	26.202910815897017	23.83606338318319	23.745865951026136	26.215159849893656	0.0
130.0	26.235203723706334	23.63506787078383	23.91178468425331	26.217943721256525	0.0
131.0	26.205137912987315	23.760063694976783	23.81796821932452	26.21683017271138	0.0
132.0	26.25663953320045	23.751433693751878	23.743082079663264	26.24884469338441	0.0
133.0	26.278910504103425	23.759506920704208	23.76423950202109	26.197343073171275	0.0
134.0	26.239936305023214	23.706056590537063	23.637294967874126	26.416712136565597	0.0
135.0	26.346001803948642	23.668195940002004	23.73333852989321	26.252463726156144	0.0
136.0	26.256917920336736	23.684620781042952	23.724151754395734	26.33430954422458	0.0
137.0	26.29839760364353	23.740019821164104	23.793748538467536	26.16783403672483	0.0
138.0	26.133870806097793	23.89285435898578	23.79347015133125	26.17980468358518	0.0
139.0	26.25086648237387	23.85561689369201	23.659353416237252	26.23416320769687	0.0
140.0	26.176536910061216	23.72811523032424	23.782679260935772	26.312668598678773	0.0
141.0	26.3283316166031	23.653294730102168	23.776899306812172	26.24147434648256	0.0
142.0	26.269107956649197	23.800350213942302	23.682313082355954	26.24822874705255	0.0
143.0	26.206748717320554	23.662269041143176	23.825962044380848	26.305020197155415	0.0
144.0	26.28581132432651	23.64834956807875	23.94260722866075	26.12323187893399	0.0
145.0	26.23243357608962	23.801251642502393	23.742511302643592	26.223803478764392	0.0
146.0	26.178498748632407	23.798533992934438	23.738958316513877	26.284008941919286	0.0
147.0	26.181561049756823	23.868410136773505	23.781552141244465	26.168476672225204	0.0
148.0	26.320756555412338	23.781273750233154	23.797420428889193	26.100549265465318	0.0
149.0	26.319716263091376	23.651609382916767	23.680562128694955	26.348112225296905	0.0
150.0	26.23007410789352	23.768812324961164	23.58924962277913	26.41186394436619	0.0
151.0	26.309415766997212	23.82504746579957	23.627110905719835	26.238425861483382	0.0
152.0	26.200564578542675	23.662466662583586	23.821706764363622	26.315261994510113	0.0
153.0	26.248169574004887	23.819201238286666	23.79191884322645	26.140710344482	0.0
154.0	26.184974638508262	23.838688663329677	23.76101735494396	26.215319343218095	0.0
155.0	26.237033902551737	23.636297834668685	23.915803188142736	26.210865074636835	0.0
156.0	26.210865074636835	23.76296609744826	23.813633402560093	26.21253542535481	0.0
157.0	26.259583637244365	23.744313847764236	23.73846762025133	26.257634894740068	0.0
158.0	26.27406001013346	23.75711986993536	23.766863582456864	26.20195653747432	0.0
159.0	26.243436913637304	23.698379203019996	23.631843566087426	26.42634031725528	0.0
160.0	26.346998658151588	23.661909879010928	23.739581187396645	26.251510275440832	0.0
161.0	26.26125398796234	23.676943035472682	23.716753060917693	26.34504991564729	0.0
162.0	26.30050722983469	23.737910836678676	23.796929895380366	26.16465203810627	0.0
163.0	26.13486411696909	23.886293658791892	23.796373111807707	26.182469112431306	0.0
164.0	26.25102657256998	23.85016912348102	23.66615164042817	26.232652663520835	0.0
165.0	26.186439498336604	23.72600604111858	23.786974012054397	26.300580448490418	0.0
166.0	26.321533167782096	23.658979298671508	23.787875413414106	26.23161212013229	0.0
167.0	26.27511462877537	23.795736672577902	23.696071580693925	26.233077117952803	0.0
168.0	26.208856830260324	23.656818010985432	23.822184113161637	26.3121410455926	0.0
169.0	26.277063387555227	23.652642099314317	23.946904675072314	26.12338983805815	0.0
170.0	26.243450760296433	23.795524523805547	23.743464680040756	26.21756003585726	0.0
171.0	26.181163192752805	23.798931517451233	23.740190032878527	26.279715256917434	0.0
172.0	26.175038488200197	23.86491128922247	23.783619756069722	26.17643046650761	0.0
173.0	26.31646348423306	23.770535159980067	23.80310745237346	26.10989390341341	0.0
174.0	26.321826280623604	23.650890868596882	23.678452115812917	26.348830734966594	0.0
175.0	26.230790645879733	23.769209354120267	23.594097995545656	26.40590200445434	0.0
176.0	26.307906458797326	23.827394209354118	23.62639198218263	26.238307349665924	0.0
177.0	26.19515590200445	23.669543429844097	23.81653674832962	26.318763919821826	0.0
178.0	26.25501113585746	23.82099109131403	23.79064587973274	26.133351893095767	0.0
179.0	26.187917594654785	23.821826280623608	23.768095768374163	26.22216035634744	0.0
180.0	26.24415367483296	23.634743875278396	23.918986636971045	26.202115812917594	0.0
181.0	26.217149220489976	23.75139198218263	23.82043429844098	26.211024498886417	0.0
182.0	26.25389755011136	23.743875278396438	23.750278396436524	26.251948775055677	0.0
183.0	26.278118040089087	23.747216035634743	23.76837416481069	26.20629175946548	0.0
184.0	26.23468819599109	23.704621380846326	23.633073496659243	26.42761692650334	0.0
185.0	26.35467706013363	23.658407572383073	23.73357461024499	26.25334075723831	0.0
186.0	26.259187082405344	23.67260579064588	23.71575723830735	26.352449888641427	0.0
187.0	26.300389755011132	23.743875278396438	23.797884187082406	26.15785077951002	0.0
188.0	26.138641425389753	23.886692650334076	23.80011135857461	26.17455456570156	0.0
189.0	26.25397064023007	23.849453923869497	23.661814203268943	26.23476123263149	0.0
190.0	26.176019420989476	23.72890793125816	23.791268906650632	26.303803741101728	0.0
191.0	26.329211187144697	23.656312117550765	23.78548878334512	26.228987911959422	0.0
192.0	26.26413917710894	23.795577357271917	23.69730259439806	26.242980871221082	0.0
193.0	26.20149945573042	23.649696406150387	23.828985208673792	26.319818929445404	0.0
194.0	26.280007906524833	23.651088399958798	23.948139878673818	26.12076381484255	0.0
195.0	26.240269936190824	23.793416407755096	23.739685297163664	26.22662835889041	0.0
196.0	26.191066133994067	23.792090647141524	23.74281379195145	26.27402942691296	0.0
197.0	26.183270925263436	23.856679519481062	23.789863444647057	26.170186110608444	0.0
198.0	26.314675872436975	23.772324225003132	23.800721056807582	26.112278845752307	0.0
199.0	26.30528349582677	23.66158677483477	23.673836422657395	26.35929330668107	0.0
200.0	26.23512642193355	23.765151979153327	23.601452140069153	26.398269458843966	0.0
201.0	26.31781154473627	23.824729811745186	23.63151945745196	26.225939186066583	0.0
202.0	26.197542275205045	23.663257181356038	23.816656180225728	26.322544363213197	0.0
203.0	26.253500893667486	23.819996993268262	23.785753659582287	26.14074845348196	0.0
204.0	26.184179023034904	23.825008212832063	23.762646369371428	26.228166394761605	0.0
205.0	26.24681926758242	23.639036286797662	23.917437373675508	26.19670707194441	0.0
206.0	26.215081543678348	23.752902331330702	23.82166739978953	26.21034872520142	0.0
207.0	26.25448228245618	23.74858014655115	23.741341677988373	26.255595893004298	0.0
208.0	26.27397046704826	23.749972159736295	23.766954720595113	26.209102652620324	0.0
209.0	26.237221318960337	23.703200516715295	23.637497494376266	26.422080669948105	0.0
210.0	26.357212855520167	23.6583776921535	23.74523931490679	26.239170137419542	0.0
211.0	26.260050335196777	23.674525045101227	23.71879106438896	26.346633555313037	0.0
212.0	26.306543575580747	23.739671262166194	23.805095881868194	26.14868928038486	0.0
213.0	26.1433996302813	23.873026125303458	23.805374284505223	26.17819995991002	0.0
214.0	26.25650419971547	23.852212332714352	23.658721961296358	26.23256150627382	0.0
215.0	26.173261579493918	23.738623740572564	23.790406775225435	26.29770790470808	0.0
216.0	26.33480887552549	23.653776552799354	23.790194604526853	26.221219967148308	0.0
217.0	26.2764171508593	23.79332329219436	23.693375910732232	26.23688364621411	0.0
218.0	26.206537505324494	23.659410505332847	23.820885383461075	26.313166605881584	0.0
219.0	26.275303531010135	23.66553541450323	23.937815467622894	26.121345586863743	0.0
220.0	26.239462342839957	23.793667939908904	23.74828780471508	26.218581912536052	0.0
221.0	26.19331991413943	23.79150693093013	23.742228978220258	26.272944176710183	0.0
222.0	26.18997903598961	23.854426802751767	23.789279678830248	26.166314482428373	0.0
223.0	26.325006194544905	23.768956003418833	23.80459203701693	26.10144576501934	0.0
224.0	26.311437528188737	23.654318375437796	23.68021025318359	26.354033843189878	0.0
225.0	26.247960666618408	23.756772257270605	23.597523288769608	26.397743787341376	0.0
226.0	26.32396585613025	23.823868413579593	23.619795871776738	26.232369858513415	0.0
227.0	26.20174505687861	23.667403517954487	23.81161849292567	26.31923293224123	0.0
228.0	26.252971997795015	23.8185786751154	23.787953873480593	26.14049545360899	0.0
229.0	26.192279209100576	23.82776611560584	23.75593703540784	26.224017639885744	0.0
230.0	26.23515393138931	23.640954825633514	23.91797007678473	26.205921166192446	0.0
231.0	26.219563123284317	23.75259614795677	23.820527526128522	26.207313202630395	0.0
232.0	26.258261736259207	23.738397376289722	23.747584816780165	26.255756070670905	0.0
233.0	26.265778733024113	23.74897685321811	23.771527843512832	26.213716570244944	0.0
234.0	26.243227742729392	23.694130617563044	23.640954825633514	26.421686814074047	0.0
235.0	26.353198621327113	23.65515359730056	23.757050664558196	26.23459711681413	0.0
236.0	26.266335547599297	23.66990918354279	23.721692939034373	26.342062329823545	0.0
237.0	26.30030123668517	23.733942859688295	23.81106167835049	26.154694225276042	0.0
238.0	26.136876158870336	23.867299950443503	23.801874237860048	26.193949652826117	0.0
239.0	26.24692011080641	23.83952559266116	23.664406921224437	26.24914737530799	0.0
240.0	26.179113952245185	23.732348093371346	23.79610655737705	26.292431397006418	0.0
241.0	26.32808475685308	23.646438068189727	23.787885116039483	26.23759205891771	0.0
242.0	26.278301111856745	23.779199117865726	23.69204380598615	26.25045596429138	0.0
243.0	26.21319751721603	23.654392906968003	23.815066566790954	26.317343009025013	0.0
244.0	26.269621807670777	23.655330086354056	23.927396874991295	26.147651230983872	0.0
245.0	26.241638400142588	23.788995271275084	23.748336034666178	26.221030293916154	0.0
246.0	26.184819934106272	23.80640723215703	23.73538905428852	26.273383779448174	0.0
247.0	26.192054455721305	23.87089047581912	23.774523456735107	26.16253161172447	0.0
248.0	26.322078558735218	23.79435014400392	23.787943779977606	26.095627517283255	0.0
249.0	26.311567418813038	23.63871348710507	23.698599230677097	26.351119863404797	0.0
