# Position (bp)	A	C	G	T	N
0.0	26.17930713842926	23.913082351819178	23.744695055076058	26.162915454675506	0.0
1.0	26.072612178723	23.989974250154976	23.809367698249964	26.128045872872065	0.0
2.0	26.153442669853575	23.789186949952164	23.94773781885265	26.1096325613416	0.0
3.0	26.207654963388137	23.980247178487662	23.74510873290478	26.06698912521942	0.0
4.0	25.98843117562739	23.950327366140478	23.769434105084976	26.291807353147156	0.0
5.0	26.248614306318764	23.79012551702764	23.82022337978139	26.141036796872207	0.0
6.0	26.07172017569476	23.85110047618764	23.91516827481808	26.162011073299524	0.0
7.0	25.957896932405657	23.958522668017462	23.79523547027011	26.288344929306774	0.0
8.0	26.18073577917686	23.925486492043014	23.794086711936522	26.099691016843607	0.0
9.0	26.25071135092617	23.797705204258275	23.88798345792527	26.063599986890285	0.0
10.0	26.129419581273815	23.884732612912163	23.879071735237773	26.10677607057625	0.0
11.0	26.031992897088223	23.92257111105152	23.88115732174939	26.164278670110864	0.0
12.0	26.03020525150684	23.846596173842574	23.880263498958694	26.242935075691893	0.0
13.0	26.19645629057583	23.676173961750344	24.027744259423127	26.099625488250698	0.0
14.0	26.23012361569195	23.909461710121352	23.786412105935877	26.07400256825082	0.0
15.0	26.1589157333667	23.846298232912343	23.779559464540558	26.215226569180395	0.0
16.0	26.160107497087626	23.77240888221501	23.902609068726036	26.16487455197133	0.0
17.0	26.148487800808613	23.89396878174933	23.838253827796102	26.119289589645955	0.0
18.0	26.074300509181047	23.97024165988851	23.822760899424082	26.13269693150636	0.0
19.0	26.129121640343584	23.885626435702857	23.760789185935995	26.22446273801756	0.0
20.0	26.156752215184216	23.87065826873	23.874531489283097	26.098058026802683	0.0
21.0	26.108783868334335	23.901644033154767	23.832819883326678	26.156752215184216	0.0
22.0	26.073031063228836	23.879596470006376	23.82358374200776	26.22378872475703	0.0
23.0	25.984244930550176	23.864401527836538	23.930544217281714	26.220809324331572	0.0
24.0	26.143344913269654	23.828350782688492	23.979108444216685	26.04919585982517	0.0
25.0	26.21872374403375	23.834607523581955	23.7705504144346	26.176118317949697	0.0
26.0	26.100143607100506	23.929650397154077	23.820902281624846	26.14930371412057	0.0
27.0	26.18744003956644	23.794385617838266	23.89091819162312	26.12725615097218	0.0
28.0	26.223490784714482	23.92279777617552	23.75833487269022	26.095376566419777	0.0
29.0	26.045918519357166	23.874531489283097	23.796173258093543	26.283376733266195	0.0
30.0	26.237493966714137	23.797365018263726	23.78753299685971	26.177608018162424	0.0
31.0	26.094405000610777	23.847347894612962	23.913788326148033	26.144458778628227	0.0
32.0	25.964801468244154	23.941794606705418	23.83632414588293	26.257079779167498	0.0
33.0	26.16710215439803	23.92332237910374	23.796698238285778	26.112877228212454	0.0
34.0	26.25290863099938	23.8008693864539	23.90633984727639	26.039882135270336	0.0
35.0	26.145054656937962	23.84317674644484	23.895614037701222	26.116154558915976	0.0
36.0	26.033625413018154	23.91557596107723	23.864628365595177	26.18617026030944	0.0
37.0	26.02468723837218	23.85390255602001	23.885782045590652	26.23562816001716	0.0
38.0	26.196300191574878	23.661731801131573	24.015981456267003	26.125986551026546	0.0
39.0	26.226987924526053	23.929579101355923	23.7773321932195	26.066100780898527	0.0
40.0	26.153396953274203	23.832152997714807	23.77316104505138	26.24128900395961	0.0
41.0	26.161739249610445	23.778226010684097	23.913490386993168	26.146544352712286	0.0
42.0	26.087552400048864	23.93821933684703	23.852412860245682	26.121815402858427	0.0
43.0	26.0750389555445	23.975461731205254	23.831855058559942	26.11764425469031	0.0
44.0	26.129561820884938	23.869693331227896	23.786866246175205	26.21387860171196	0.0
45.0	26.17745203193898	23.88869026337743	23.812418066976523	26.121439637707066	0.0
46.0	26.13723036586819	23.913717077821474	23.80288404242641	26.14616851388392	0.0
47.0	26.08211178643785	23.83118817780956	23.84548921463473	26.241210821117868	0.0
48.0	25.99541175068526	23.881539744964844	23.900905732332262	26.222142772017637	0.0
49.0	26.140507686807297	23.859194374925515	23.92980574424979	26.070492194017397	0.0
50.0	26.25193659873674	23.835359313550235	23.78560362292933	26.127100464783698	0.0
51.0	26.083899416040996	23.924144917173162	23.82344178286259	26.16851388392325	0.0
52.0	26.189369562626624	23.801096412823263	23.87260159694911	26.136932427601	0.0
53.0	26.252234537003933	23.912227386485522	23.770110833035396	26.065427243475153	0.0
54.0	26.04546537957335	23.88898820164462	23.772494339172923	26.293052079609105	0.0
55.0	26.23376236443809	23.79543558574663	23.79156238827315	26.17923966154213	0.0
56.0	26.105869068439198	23.82903161413534	23.910070581365208	26.155028736060252	0.0
57.0	25.98013949428109	23.943439567871625	23.81562443205687	26.260796505790413	0.0
58.0	26.164562732204942	23.933309696967893	23.80758012280979	26.094547448017373	0.0
59.0	26.249474885368596	23.80042962570127	23.914837579437553	26.035257909492582	0.0
60.0	26.141621553981786	23.850483105460892	23.888619090039658	26.119276250517665	0.0
61.0	26.03853522066732	23.89100258907583	23.861506788503192	26.20895540175366	0.0
62.0	26.03317234783593	23.84005529717764	23.899344835702433	26.227427519283996	0.0
63.0	26.214318274585047	23.67738148795886	23.997664170944553	26.11063606651154	0.0
64.0	26.21997908479596	23.93092619793172	23.78732038100232	26.061774336270005	0.0
65.0	26.155326673439777	23.839161485039075	23.81026155922548	26.195250282295667	0.0
66.0	26.146984426813173	23.79655643976749	23.8975572114253	26.158901921994037	0.0
67.0	26.09305776111977	23.91424170467851	23.8629964754008	26.12970405880092	0.0
68.0	26.10050619560781	23.943737505251146	23.855548040912762	26.100208258228285	0.0
69.0	26.143409178258914	23.866273786575537	23.776594635339542	26.213722399826008	0.0
70.0	26.17818985705007	23.887356171158554	23.826577126819647	26.107876844971727	0.0
71.0	26.155844620160767	23.892123155028276	23.80214633448734	26.14988589032362	0.0
72.0	26.074507957883696	23.842665697379946	23.839686332461373	26.243140012274985	0.0
73.0	25.997938279476347	23.88437680623998	23.903742678210712	26.213942236072956	0.0
74.0	26.136776684681895	23.85964807741582	23.9394950572336	26.064080180668686	0.0
75.0	26.244033821750556	23.870373791122685	23.779801097598035	26.105791289528725	0.0
76.0	26.102513988118293	23.918341566311724	23.814659667145353	26.16448477842463	0.0
77.0	26.18772382478951	23.806317445373345	23.89361283748756	26.112345892349587	0.0
78.0	26.230328743125114	23.935621882839452	23.77354443126903	26.0605049427664	0.0
79.0	26.057823514339685	23.872757283057545	23.78724950989447	26.2821696927083	0.0
80.0	26.234797790502977	23.796783477633905	23.812276175210492	26.156142556652622	0.0
81.0	26.115545386020266	23.84348846840244	23.902777653637944	26.138188491939353	0.0
82.0	25.969854875567194	23.948957672288714	23.830379301817707	26.25080815032639	0.0
83.0	26.175430442464165	23.920951725494053	23.812801101169992	26.09081673087179	0.0
84.0	26.253787506368376	23.814886650399384	23.892647843095194	26.03867800013705	0.0
85.0	26.137294685126754	23.834252464672286	23.89354164990779	26.13491120029317	0.0
86.0	26.034804837282472	23.873282028822292	23.900394168804354	26.191518965090886	0.0
87.0	26.049403681888194	23.846765760048623	23.886689131011224	26.217141427051953	0.0
88.0	26.1885396090489	23.692137181469597	24.005565437086428	26.113757772395076	0.0
89.0	26.24038040417944	23.92512282395283	23.78330547635434	26.051191295513387	0.0
90.0	26.15070178731569	23.844680210819234	23.79969193458526	26.204926067279814	0.0
91.0	26.159937791045845	23.78896625283411	23.922739339119243	26.128356617000804	0.0
92.0	26.09528576493477	23.909928108138708	23.887880873428017	26.106905253498507	0.0
93.0	26.090220859663393	23.93912579735016	23.8515327297158	26.119120613270645	0.0
94.0	26.130740101834387	23.882518032552444	23.780028184708158	26.206713680905008	0.0
95.0	26.20157071182562	23.886915898988214	23.831797976427403	26.07971541275876	0.0
96.0	26.143473442099367	23.899727091799644	23.8085590685369	26.148240397564088	0.0
97.0	26.09342040971982	23.85205753715246	23.83805460547485	26.216467447652867	0.0
98.0	26.00493379890598	23.878275792208413	23.911346545744898	26.205443863140708	0.0
99.0	26.114275839877966	23.86308112166462	23.936373061934667	26.086269976522747	0.0
100.0	26.238812551393735	23.877381988058776	23.778467662165866	26.105337798381615	0.0
101.0	26.109210949696703	23.906579590280177	23.825839282096506	26.158370177926614	0.0
102.0	26.16671234998987	23.810346676836172	23.878573726924955	26.144367246249	0.0
103.0	26.240004290259915	23.91581556649307	23.780553205181683	26.063626938065333	0.0
104.0	26.067500089380413	23.846396777538107	23.802004504772913	26.284098628308566	0.0
105.0	26.237918747244105	23.817199175316706	23.792470593843476	26.152411483595717	0.0
106.0	26.115985639589447	23.83887738533272	23.88624886412728	26.158888110950556	0.0
107.0	25.96135798239211	23.933918276750735	23.858541018039894	26.246182722817263	0.0
108.0	26.19344843510256	23.9106794380968	23.8141488775343	26.081723249266336	0.0
109.0	26.261079414262095	23.78673896527581	23.8931013421919	26.059080278270198	0.0
110.0	26.151737699057037	23.823980693887886	23.911871173412386	26.112410433642687	0.0
111.0	26.06056994741468	23.865095562275616	23.88714266561397	26.18719182469573	0.0
112.0	26.054909204665645	23.849305069344098	23.871352172682446	26.224433553307808	0.0
113.0	26.180339346631115	23.687527000253244	24.01376454289502	26.11836911022062	0.0
114.0	26.248864127277333	23.914552577872456	23.798656318431675	26.037926976418536	0.0
115.0	26.157398441806073	23.835600113214856	23.815638546678784	26.191362898300284	0.0
116.0	26.16574058901518	23.781376156355673	23.952390174142323	26.100493080486824	0.0
117.0	26.09453440390889	23.92289472508156	23.89995382025652	26.082617050753026	0.0
118.0	26.073976969715023	23.945239762248804	23.866883165248996	26.11390010278717	0.0
119.0	26.141607948874558	23.859434819526584	23.788228634420292	26.210728597178566	0.0
120.0	26.20246451597526	23.86367699109771	23.8291165639785	26.104741928948528	0.0
121.0	26.14615485454827	23.900322961232735	23.791576789693842	26.161945394525148	0.0
122.0	26.095505952735635	23.835969062459032	23.844609169238836	26.223915815566496	0.0
123.0	26.02340575133177	23.885724160122034	23.906877524996723	26.183992563549474	0.0
124.0	26.107423341397435	23.89287459331911	23.933691649485763	26.06601041579769	0.0
125.0	26.243877441575002	23.86665633826316	23.810048742119626	26.07941747804221	0.0
126.0	26.114275839877966	23.92356186912324	23.82166819606488	26.14049409493392	0.0
127.0	26.177437999785486	23.793066463276567	23.901514700098915	26.127980836839033	0.0
128.0	26.245665049874273	23.927732955154866	23.78978918139457	26.036812813576287	0.0
129.0	26.081580727141635	23.83961530554786	23.797308449751668	26.281495517558835	0.0
130.0	26.24723292307601	23.77526121504098	23.811013487544802	26.166492374338212	0.0
131.0	26.105869068439198	23.833798612207683	23.922286013925593	26.138046305427526	0.0
132.0	25.98111071386009	23.947682040281254	23.83714694315338	26.23406030270528	0.0
133.0	26.179835538076514	23.92652842331069	23.816291264450008	26.077344774162793	0.0
134.0	26.249255154332022	23.787093314265285	23.93218925038732	26.031462281015372	0.0
135.0	26.157490168037185	23.822250029793825	23.900011917530687	26.120247884638303	0.0
136.0	26.04159218209987	23.88332737456799	23.88600881897271	26.189071624359432	0.0
137.0	26.034739601954477	23.8264211655345	23.89822428792754	26.240614944583484	0.0
138.0	26.18817780955786	23.681027291145273	24.003098557978785	26.127696341318078	0.0
139.0	26.234656179239664	23.921761411035632	23.830592301275175	26.01299010844953	0.0
140.0	26.16315099511381	23.801692289357646	23.824931474198547	26.210225241329997	0.0
141.0	26.16881182219044	23.781730425455848	23.942617089739006	26.106840662614704	0.0
142.0	26.102967465141226	23.925634608509117	23.887200572041472	26.084197354308188	0.0
143.0	26.098200452866166	23.932487188654513	23.862173757597425	26.107138600881896	0.0
144.0	26.15093552615898	23.856214992253605	23.79752115361697	26.195328327970447	0.0
145.0	26.20523836622085	23.872374783621687	23.838707659121855	26.083679191035607	0.0
146.0	26.15578046651313	23.89203876784283	23.787164185330074	26.165016580313967	0.0
147.0	26.102151418637288	23.819341614055578	23.85181698193595	26.226689985371188	0.0
148.0	26.017834637810267	23.88488822812605	23.908425421360448	26.188851712703233	0.0
149.0	26.112061208802338	23.859634487155805	23.968680542727583	26.05962376131427	0.0
150.0	26.254178609096705	23.859634487155805	23.783659776306614	26.102527127440872	0.0
151.0	26.127554091014726	23.92994833719662	23.818220821241933	26.12427675054672	0.0
152.0	26.18058741858788	23.787235056817167	23.892705831878395	26.13947169271656	0.0
153.0	26.23093928577813	23.935609198004993	23.793193857668083	26.040257658548793	0.0
154.0	26.082642855227522	23.834976477563558	23.80726797105206	26.27511269615686	0.0
155.0	26.24442478034305	23.766152122680158	23.838551768726333	26.150871328250464	0.0
156.0	26.09829129858328	23.8375020483561	23.90394327170885	26.16026338135177	0.0
157.0	25.98932170161545	23.931723246155038	23.836977183479625	26.24197786874989	0.0
158.0	26.21099173504472	23.89805562011	23.814631413980706	26.076321230864576	0.0
159.0	26.27802904354148	23.767854269829634	23.910569251029397	26.04354743559949	0.0
160.0	26.155574226687406	23.823271778186953	23.906100097129613	26.11505389799603	0.0
161.0	26.037886507326434	23.87064480952466	23.896863845736725	26.194604837412182	0.0
162.0	26.04742070231264	23.8271450449001	23.886137876377244	26.23929637641002	0.0
163.0	26.20562875036498	23.678173248240643	24.00471942651817	26.111478574876205	0.0
164.0	26.249724402176177	23.901928886823146	23.833401860359796	26.014944850640877	0.0
165.0	26.16570430886025	23.80718282414773	23.826549157713462	26.20056370927856	0.0
166.0	26.19162540147899	23.769641931389547	23.957048451587145	26.081684215544314	0.0
167.0	26.120118939082452	23.891500861056986	23.906695984316247	26.081684215544314	0.0
168.0	26.08645131303742	23.935000625681546	23.861408558131775	26.11713950314926	0.0
169.0	26.162426929333737	23.860812670945137	23.78364528027554	26.193115119445586	0.0
170.0	26.216432829906477	23.865650874616023	23.844198871982194	26.073717423495307	0.0
171.0	26.158631600587544	23.886506988287802	23.796825699499156	26.158035711625494	0.0
172.0	26.09546737061016	23.82691809208272	23.849561872640653	26.228052664666468	0.0
173.0	26.00667991526459	23.88025015418627	23.919578825681622	26.193491104867515	0.0
174.0	26.09465128474043	23.877043905229538	23.955403537207417	26.072901272822612	0.0
175.0	26.225449301616056	23.883300757973018	23.786468513133432	26.104781427277494	0.0
176.0	26.13308623730753	23.921139819802644	23.838013061924965	26.107760880964864	0.0
177.0	26.192377365686227	23.780807551127424	23.89253706440387	26.134278018782474	0.0
178.0	26.226343137722267	23.92024598369643	23.78557467702722	26.067836201554083	0.0
179.0	26.11945857206277	23.824378558595598	23.807991514490617	26.248171354851014	0.0
180.0	26.260089205109182	23.755552973354664	23.826166236134327	26.158191585401823	0.0
181.0	26.068367155400757	23.83375691611869	23.93267566271091	26.165200265769645	0.0
182.0	26.00200221673996	23.91397618792234	23.846043834245055	26.23797776109264	0.0
183.0	26.19864850370053	23.890736172190643	23.82995459258465	26.080660731524187	0.0
184.0	26.28386189471677	23.77066275757684	23.90354797573504	26.04192737197135	0.0
185.0	26.159319246308417	23.83055049042392	23.912784392243793	26.09734587102387	0.0
186.0	26.06457148986378	23.86421871834293	23.877626419726603	26.19358337206669	0.0
187.0	26.079170986926	23.812971504165326	23.87136949241422	26.23648801649445	0.0
188.0	26.220994672673314	23.64343856889175	24.019450105473915	26.11611665296102	0.0
189.0	26.246916228681755	23.895503354904836	23.82757100122755	26.030009415185862	0.0
190.0	26.17034335633499	23.80790637253149	23.822803818513353	26.198946452620163	0.0
191.0	26.214439796441297	23.763809932425183	23.94973005827881	26.072020212854707	0.0
192.0	26.114924857282467	23.90682541385105	23.89490745706556	26.083342271800923	0.0
193.0	26.10151715589879	23.939301846091507	23.86630436078039	26.092876637229313	0.0
194.0	26.17332284553136	23.83263613286138	23.78883764167471	26.205203379932545	0.0
195.0	26.23269284056408	23.86577957077351	23.83628253984334	26.065245048819076	0.0
196.0	26.155821790261214	23.886040157675037	23.788908520470642	26.169229531593107	0.0
197.0	26.121259612605662	23.828535844851576	23.843731285027726	26.20647325751504	0.0
198.0	25.989267847938336	23.885444258060286	23.926263381670722	26.199024512330656	0.0
199.0	26.089754667397642	23.874193298492965	23.94897892296783	26.087073111141567	0.0
200.0	26.24142636656715	23.86613511629154	23.78956087503203	26.102877642109277	0.0
201.0	26.13431857457839	23.919611465347714	23.834693999165722	26.111375960908166	0.0
202.0	26.17872807017544	23.779855549199088	23.887716914569033	26.153699466056445	0.0
203.0	26.23356733370678	23.924651085181697	23.79354731058484	26.04823427052668	0.0
204.0	26.10283929906946	23.809112335412127	23.80970826343594	26.27834010208247	0.0
205.0	26.259128926816622	23.74846920076637	23.841434526487667	26.150967345929338	0.0
206.0	26.10673921270072	23.817725109727863	23.93840341117332	26.137132266398094	0.0
207.0	25.997473167301354	23.93011877305586	23.842811935708795	26.22959612393399	0.0
208.0	26.192803251528623	23.907615108642535	23.829247070882847	26.070334568945995	0.0
209.0	26.31083352205681	23.74459158253573	23.905205192080768	26.0393697033267	0.0
210.0	26.172128753881267	23.821911521934766	23.896706060443524	26.10925366374044	0.0
211.0	26.075438638314104	23.869731572423	23.89059073138171	26.16423905788119	0.0
212.0	26.089301571598	23.787628657079342	23.893415022259834	26.22965474906282	0.0
213.0	26.221481869978785	23.66676997163087	24.022576107945742	26.08917205044461	0.0
214.0	26.245321477102056	23.919469807137578	23.825601354089684	26.009607361670678	0.0
215.0	26.192434455589524	23.78938773564102	23.829319315560802	26.18885849320865	0.0
216.0	26.22521411074755	23.759886045998797	23.93600219325693	26.078897649996723	0.0
217.0	26.110485317694458	23.91812238135255	23.889514682305542	26.081877618647454	0.0
218.0	26.09469148384559	23.949710049050285	23.864780942504485	26.09081752459964	0.0
219.0	26.177094632448476	23.853599227587523	23.78803952653976	26.181266613424242	0.0
220.0	26.21934684073916	23.87467257106586	23.81566831262721	26.09031227556777	0.0
221.0	26.173454639731318	23.87467257106586	23.81417830610098	26.137694483101836	0.0
222.0	26.107453951073857	23.864384757738392	23.83488245268456	26.193278838503193	0.0
223.0	25.980957489607082	23.896115506682758	23.91369779327403	26.20922921043613	0.0
224.0	26.135584734498767	23.863223206995	23.952329580335803	26.048862478170427	0.0
225.0	26.229175979734766	23.91744896438683	23.766353747578602	26.087021308299807	0.0
226.0	26.11743248317667	23.95021844992937	23.82296317047439	26.109385896419568	0.0
227.0	26.133992966561365	23.762293616260358	23.955117124634917	26.148596292543363	0.0
228.0	26.238756862113977	23.965094862578905	23.771972176027752	26.024176099279366	0.0
229.0	26.070746296235587	23.876055397765374	23.80661447172741	26.246583834271632	0.0
230.0	26.285029668859174	23.72555038639554	23.861451941216615	26.12796800352867	0.0
231.0	26.09921468699242	23.819273697229796	23.926565037924508	26.154946577853277	0.0
232.0	26.003558538555303	23.921187610086697	23.791840396267407	26.28341345509059	0.0
233.0	26.21338968249947	23.893457158440302	23.813880850125322	26.079272308934897	0.0
234.0	26.274785635731252	23.76977113615298	23.919088478721534	26.036354749394235	0.0
235.0	26.185388185012652	23.83651791382409	23.876753605565042	26.101340295598213	0.0
236.0	26.05752809792473	23.86542800344537	23.91222062272929	26.164823275900613	0.0
237.0	26.086891729578777	23.81490279296974	23.883750942563953	26.214454534887533	0.0
238.0	26.226532625574112	23.692547963006565	24.011754922970084	26.069164488449236	0.0
239.0	26.255741105570774	23.907140877267754	23.84872391727443	25.988394099887042	0.0
240.0	26.198949633683256	23.799262001418768	23.820722380194457	26.181065984703515	0.0
241.0	26.201625715759068	23.770504019577743	23.941004462223123	26.086865802440062	0.0
242.0	26.168204798015932	23.86786378594935	23.89558592073258	26.068345495302143	0.0
243.0	26.105218599271435	23.938006403262442	23.883751572495783	26.073023424970337	0.0
244.0	26.158840697227248	23.874100815935943	23.780195144927752	26.186863341909056	0.0
245.0	26.222709832062797	23.835276650676906	23.888642102658434	26.053371414601862	0.0
246.0	26.11931176153151	23.863544887256378	23.884415053949382	26.13272829726273	0.0
247.0	26.09933687951721	23.90841542828519	23.837451995324763	26.15479569687284	0.0
248.0	25.974285424630413	23.879907208072183	23.968465056921527	26.177342310375877	0.0
249.0	26.073357127735385	23.870138621773368	24.03115337251359	26.025350877977655	0.0
