# Position (bp)	A	C	G	T	N
0.0	26.260584479235316	23.71006418527892	23.659668496048646	26.369682839437118	0.0
1.0	26.251446799319933	23.70507999623417	23.788149813646708	26.255323390799184	0.0
2.0	26.34690413492716	23.775069709228756	23.620560276677104	26.25746587916698	0.0
3.0	26.21392020911326	23.86554947610925	23.647907759785568	26.272622554991916	0.0
4.0	26.24327138205259	23.720178100702213	23.833152426732827	26.20339809051237	0.0
5.0	26.22104694790181	23.769400102451925	23.70211410929128	26.30743884035498	0.0
6.0	26.287779146880062	23.697406858740948	23.797089811571528	26.217724182807462	0.0
7.0	26.213847623530718	23.820072270140802	23.686054078001913	26.280026028326574	0.0
8.0	26.27670326323222	23.64950366196403	23.854961303631505	26.218831771172248	0.0
9.0	26.22686178681693	23.63205914521868	23.838624375250937	26.30245469271345	0.0
10.0	26.236553185008795	23.793213252294784	23.774938044275846	26.19529551842058	0.0
11.0	26.416813191377425	23.660579545611874	23.696853064558557	26.225754198452144	0.0
12.0	26.323221974553157	23.67359370889809	23.761646983898434	26.24153733265032	0.0
13.0	26.248182862839027	23.696576167467363	23.71125171330075	26.343989256392863	0.0
14.0	26.330421298924257	23.67719337108364	23.768015616995942	26.224369712996165	0.0
15.0	26.153411639613893	23.88120040094588	23.691249522353843	26.274138437086386	0.0
16.0	26.492332740775197	23.536187580646054	23.748843957845303	26.222635720733443	0.0
17.0	26.247002597287523	23.647499903086285	23.81336080144872	26.292136698177472	0.0
18.0	26.317057367380503	23.641961976596722	23.68377332159293	26.357207334429845	0.0
19.0	26.32231839754559	23.821944587507545	23.673805053911714	26.181931961035147	0.0
20.0	26.23066571414331	23.74939775049426	23.548094122598616	26.471842412763813	0.0
21.0	26.271369473841606	23.694018485598622	23.858771798663145	26.17584024189663	0.0
22.0	26.251156042154694	23.760750499797865	23.698448826790273	26.289644631257165	0.0
23.0	26.323425982843503	23.73859879383961	23.724200184966744	26.21377503835014	0.0
24.0	26.215990208945968	23.77099566380356	23.70204847900849	26.310965648241986	0.0
25.0	26.266385340000998	23.71007847241836	23.65137645162898	26.372159735951666	0.0
26.0	26.25226362745261	23.713955020961052	23.77819496823999	26.255586383346348	0.0
27.0	26.346685274099674	23.77874876088895	23.613164758850992	26.26140120616039	0.0
28.0	26.214533140244832	23.869504661536713	23.63940445303436	26.276557745184093	0.0
29.0	26.246099233829987	23.720257955901612	23.830739283449674	26.202903526818723	0.0
30.0	26.226162753670945	23.7617922895663	23.705028700224563	26.307016256538198	0.0
31.0	26.292894583092203	23.69644493793386	23.790035636458285	26.22062484251565	0.0
32.0	26.210656602436128	23.818832774465797	23.679554308910223	26.290956314187852	0.0
33.0	26.27932670076174	23.643834781958592	23.849014390262138	26.22782412701753	0.0
34.0	26.22976239592188	23.628051735166014	23.82852411898756	26.313661749924545	0.0
35.0	26.236684784866	23.79529665205581	23.770652947414764	26.197365615663426	0.0
36.0	26.417774479644024	23.659617828751173	23.693675982356215	26.228931709248588	0.0
37.0	26.320030347753132	23.676231562217048	23.76068470733524	26.24305338269458	0.0
38.0	26.241945800463522	23.699213893511505	23.708905238033264	26.3499350679917	0.0
39.0	26.327783423370537	23.681769473372338	23.760961602893005	26.22948550036412	0.0
40.0	26.152159225580647	23.882729518092304	23.686688006025232	26.278423250301813	0.0
41.0	26.48941708108587	23.537164818855427	23.75065070275898	26.222767397299723	0.0
42.0	26.244918980584135	23.648476524859614	23.81516718907484	26.29143730548141	0.0
43.0	26.315804047094264	23.644323102993788	23.681980794577292	26.357892055334652	0.0
44.0	26.311927520019495	23.827350559881268	23.672566371681416	26.188155548417825	0.0
45.0	26.227197713956606	23.75369654546059	23.54851750528869	26.47058823529412	0.0
46.0	26.26707056386855	23.696379323712165	23.860854829598946	26.17569528282034	0.0
47.0	26.253502719106848	23.760065125654855	23.699702061204825	26.286730094033473	0.0
48.0	26.32134194291537	23.735698384042	23.729052909056676	26.213906763985957	0.0
49.0	26.2136298691949	23.777509497491334	23.70274790390643	26.30611272940733	0.0
50.0	26.261809562838508	23.712162326802307	23.650691683188054	26.37533642717113	0.0
51.0	26.246857244121525	23.7196384861608	23.783601182894547	26.249903086823128	0.0
52.0	26.339340104333957	23.789692868297763	23.621340835336206	26.24962619203208	0.0
53.0	26.212449709122826	23.877402401778767	23.641765587056867	26.268382302041537	0.0
54.0	26.241800475703936	23.724003112288834	23.834483828004508	26.199712584002725	0.0
55.0	26.22297168204813	23.768306156184842	23.71237356326613	26.296348598500895	0.0
56.0	26.28582662557559	23.70462053058433	23.787134949840645	26.222417893999427	0.0
57.0	26.203865994367977	23.826177007274005	23.676654234124975	26.293302764233044	0.0
58.0	26.27668912277204	23.65228755998217	23.84749784714896	26.22352547009683	0.0
59.0	26.224633046194228	23.632904978277665	23.829776629590558	26.31268534593755	0.0
60.0	26.239031535460434	23.800979651058153	23.762214487649143	26.197774325832274	0.0
61.0	26.412644088727923	23.665855367175322	23.686899313025926	26.23460123107083	0.0
62.0	26.315731180205397	23.673885293881472	23.763322063746543	26.247061462166588	0.0
63.0	26.231278502778633	23.70462053058433	23.70683568277913	26.357265283857913	0.0
64.0	26.32043837861935	23.688006889123326	23.757507289235193	26.234047443022135	0.0
65.0	26.14786099958466	23.88813512390973	23.684895472795237	26.27910840371037	0.0
66.0	26.493977571646134	23.53565000692233	23.742212377128617	26.22816004430292	0.0
67.0	26.24560431953482	23.648622456043196	23.813373944344455	26.29239928007753	0.0
68.0	26.31953481932715	23.651391388619686	23.672989062716322	26.356084729336843	0.0
69.0	26.304582583414092	23.835802298214038	23.669943236882183	26.189671881489684	0.0
70.0	26.226498684757026	23.75799529281462	23.53980340578707	26.475702616641282	0.0
71.0	26.26498684757026	23.706216253634224	23.856292399280076	26.172504499515437	0.0
72.0	26.257510729613738	23.758825972587566	23.693756057040012	26.289907240758687	0.0
73.0	26.325349577737782	23.73805897826388	23.71812266371314	26.2184687802852	0.0
74.0	26.217084313996953	23.778485393880658	23.699293922192993	26.305136369929393	0.0
75.0	26.261387235220823	23.70704693340717	23.651391388619686	26.38017444275232	0.0
76.0	26.241174027412434	23.721999169320227	23.78180811297245	26.25501869029489	0.0
77.0	26.334210161982558	23.797591028658452	23.61345701232175	26.25474179703724	0.0
78.0	26.20621291371199	23.874501247400673	23.642465339982447	26.27682049890489	0.0
79.0	26.242762722517725	23.72137969990392	23.83739765361303	26.198459923965324	0.0
80.0	26.218396183313903	23.770666563293467	23.710857785247722	26.300079468144904	0.0
81.0	26.285681058615374	23.702551010519144	23.789218360187288	26.222549570678193	0.0
82.0	26.205659128730087	23.82770641642969	23.68344542864342	26.283189026196794	0.0
83.0	26.275989821432034	23.654648609584356	23.848473353251133	26.22088821573248	0.0
84.0	26.228364312988194	23.631666532835297	23.82936777137541	26.310601382801103	0.0
85.0	26.23971690511725	23.792264177587768	23.76180600358299	26.20621291371199	0.0
86.0	26.413051604453543	23.66517052424055	23.68566056857104	26.23611730273487	0.0
87.0	26.31724680258396	23.668770126622938	23.76734385340204	26.246639217391067	0.0
88.0	26.228364312988194	23.70725818286534	23.7086426453201	26.355734858826363	0.0
89.0	26.321677082439198	23.687045031025804	23.758483293691558	26.23279459284344	0.0
90.0	26.150208222576644	23.888833510544035	23.682549175970227	26.27840909090909	0.0
91.0	26.499645578592947	23.53247386142123	23.74346535530746	26.224415204678365	0.0
92.0	26.23853668261563	23.65126041112883	23.811857611199716	26.29834529505582	0.0
93.0	26.327418926103135	23.65181419457735	23.673688640793905	26.347078238525608	0.0
94.0	26.305821371610843	23.834285840864787	23.677842016657806	26.18205077086656	0.0
95.0	26.228291688818008	23.75897129186603	23.542441963494596	26.470295055821367	0.0
96.0	26.264287612971827	23.696393762183234	23.85975987949672	26.17955874534822	0.0
97.0	26.25182748538012	23.761463317384372	23.690025252525253	26.29668394471026	0.0
98.0	26.33157230196704	23.729897660818715	23.71937577529683	26.21915426191742	0.0
99.0	26.223307637781325	23.775031011873118	23.700270246322876	26.30139110402268	0.0
100.0	26.259026670210883	23.707192539429382	23.65236797802587	26.381412812333867	0.0
101.0	26.244351408825096	23.726021176679073	23.77779992911572	26.25182748538012	0.0
102.0	26.33904837852206	23.792752082225764	23.616095162147793	26.25210437710438	0.0
103.0	26.218527881534975	23.873538361857715	23.634581465473083	26.273352291134227	0.0
104.0	26.247878323037604	23.71211093359324	23.840034555991505	26.19997618737765	0.0
105.0	26.22046611823798	23.77053492564093	23.715156734126534	26.293842221994556	0.0
106.0	26.290796421461266	23.701865968163077	23.788255946925542	26.219081663450115	0.0
107.0	26.208559807062382	23.827020680985623	23.68248360113304	26.28193591081896	0.0
108.0	26.276674982625092	23.652579377715263	23.85304843099739	26.217697208662255	0.0
109.0	26.23071108366814	23.626828518661068	23.82868202673105	26.31377837093974	0.0
110.0	26.244001849631598	23.787702165010398	23.75918239638048	26.209113588977523	0.0
111.0	26.422873408223108	23.661716779315135	23.680545364430035	26.23486444803172	0.0
112.0	26.324300227327473	23.669192835169582	23.759736178295626	26.246770759207315	0.0
113.0	26.235972011862007	23.707126896356947	23.708788242102376	26.348112849678667	0.0
114.0	26.32623846403048	23.68802142028448	23.756690377762332	26.22904973792271	0.0
115.0	26.155324321480588	23.883994085625524	23.678818454177442	26.28186313871645	0.0
116.0	26.50282151104515	23.528467080525207	23.745548990181472	26.22316241824817	0.0
117.0	26.237006927792578	23.64836053317975	23.818094220194155	26.29653831883352	0.0
118.0	26.330318922121865	23.65445211737929	23.671065528832575	26.344163431666267	0.0
119.0	26.307613926469042	23.83083116897501	23.67328065035968	26.18827425419627	0.0
120.0	26.225931320157052	23.764100632970976	23.543972931214938	26.46599511565703	0.0
121.0	26.26746484879027	23.698477657730496	23.85408994500961	26.17996754846963	0.0
122.0	26.25528168039119	23.7635468525892	23.685740708949645	26.295430758069966	0.0
123.0	26.326442459449435	23.73170448063707	23.71979820242888	26.22205485748462	0.0
124.0	26.225377539775273	23.77379178965206	23.69653942639428	26.304291244178383	0.0
125.0	26.256389241154743	23.70263101059382	23.65445211737929	26.38652763087215	0.0
126.0	26.234238025883695	23.720628873001544	23.782929165951366	26.26220393516339	0.0
127.0	26.33114959269453	23.792343432441562	23.621502184663605	26.255004790200303	0.0
128.0	26.214651408128965	23.876307271433436	23.63402768355794	26.275013636879663	0.0
129.0	26.241232940055877	23.713772279338674	23.841142119821793	26.203852660783657	0.0
130.0	26.214651408128965	23.769427361810646	23.7134953883811	26.302425841679288	0.0
131.0	26.286992734361153	23.703592947014	23.78666046429204	26.222753854332804	0.0
132.0	26.19866427432217	23.823487063618643	23.685318093212828	26.292530568846356	0.0
133.0	26.271486797802584	23.655136895268473	23.85339136983874	26.219984937090203	0.0
134.0	26.225522771575406	23.621632996632997	23.832624490519226	26.32021974127237	0.0
135.0	26.232445064681908	23.790813840155945	23.75869440014177	26.21804669502038	0.0
136.0	26.413255360623783	23.660397838029418	23.68753322700691	26.238813574339893	0.0
137.0	26.30755556540062	23.666278094204362	23.774266165675854	26.25190017471916	0.0
138.0	26.22559538807867	23.703381687992003	23.71058089275677	26.360442031172553	0.0
139.0	26.31946194251158	23.689537063444376	23.753776121345364	26.23722487269868	0.0
140.0	26.15007614564585	23.885919977848538	23.67714246158106	26.286861414924545	0.0
141.0	26.49840786376852	23.52595874290461	23.746365775993354	26.22926761733352	0.0
142.0	26.23044782070558	23.647580361568217	23.818423974592204	26.303547843133995	0.0
143.0	26.320715272643703	23.648687937665617	23.672223929735374	26.35837285995531	0.0
144.0	26.300502008866143	23.826453901298354	23.681084538514575	26.19195955132092	0.0
145.0	26.226571304364683	23.762768275697844	23.544852678534344	26.46580774140313	0.0
146.0	26.259317509719004	23.69748690287638	23.86113172439	26.18206386301461	0.0
147.0	26.251564455569458	23.76255717877435	23.686964900816285	26.298913464839902	0.0
148.0	26.317465415840598	23.730437383011953	23.724345697608737	26.227751503538716	0.0
149.0	26.221382923344443	23.76837196938651	23.697210008085328	26.31303509918371	0.0
150.0	26.252395139942625	23.706624430981204	23.650691683188054	26.390288745888114	0.0
151.0	26.229689767076103	23.724899487190847	23.78000155061083	26.26540919512222	0.0
152.0	26.328541207482804	23.791077342253036	23.620787045754096	26.25959440451006	0.0
153.0	26.212871766898242	23.874488781576478	23.63220516853248	26.280434282992797	0.0
154.0	26.23862305377035	23.713058671399732	23.840430627971436	26.20788764685848	0.0
155.0	26.22062484251565	23.772868111876882	23.708905238033264	26.2976018075742	0.0
156.0	26.287152564336864	23.708693990795965	23.780410138835816	26.223743306031356	0.0
157.0	26.20020711845071	23.821390794858587	23.690695729704885	26.28770635698582	0.0
158.0	26.269154303245777	23.65912954871437	23.853233872173583	26.218482275866272	0.0
159.0	26.22457399500479	23.61787199636712	23.834128025784583	26.323425982843503	0.0
160.0	26.235372951659443	23.790101510192553	23.75881222552652	26.215713312621485	0.0
161.0	26.415355562570262	23.663559889906022	23.68986504073145	26.231219506792268	0.0
162.0	26.314361267634883	23.676639576901245	23.769123205360728	26.23987595010314	0.0
163.0	26.227969375181715	23.704606183112045	23.71125171330075	26.356172728405486	0.0
164.0	26.319622312367606	23.697683755832145	23.754724556618534	26.227969375181715	0.0
165.0	26.15078749750792	23.886593713311033	23.684458277030767	26.27816051215028	0.0
166.0	26.507985734222363	23.526072702301576	23.740668542188157	26.225273021287908	0.0
167.0	26.230883611201104	23.647696341892267	23.82241937404297	26.29900067286366	0.0
168.0	26.330844014697778	23.649080835015493	23.675386204356723	26.344688945930006	0.0
169.0	26.301769659110104	23.825188360289413	23.67455550848279	26.198486472117693	0.0
170.0	26.22866842220395	23.758455791750084	23.550781823266682	26.46209396277929	0.0
171.0	26.26418417132319	23.70424929806004	23.86097435357837	26.170592177038394	0.0
172.0	26.254215793233687	23.760459874509195	23.69012742909991	26.29519690315721	0.0
173.0	26.32344064107747	23.72944714267518	23.72612434997868	26.22098786626867	0.0
174.0	26.22264926261692	23.76987445381595	23.70148030414629	26.30599597942084	0.0
175.0	26.254215793233687	23.709233487104793	23.652469111872893	26.38408160778863	0.0
176.0	26.224310658965173	23.72889334389243	23.78261182581921	26.26418417132319	0.0
177.0	26.326763433773976	23.790365008777712	23.626163669692254	26.256707887756065	0.0
178.0	26.21026136605924	23.869347429397383	23.6397971983242	26.280594006219175	0.0
179.0	26.24127418376756	23.70597633611249	23.843872614851264	26.20887686526869	0.0
180.0	26.217737670328212	23.769663372477787	23.71289884006524	26.299700117128765	0.0
181.0	26.289250706097356	23.699950157833527	23.78412803898765	26.226671097081468	0.0
182.0	26.199534806446252	23.816802348119843	23.69607354488564	26.287589300548262	0.0
183.0	26.270975245057322	23.655646009857673	23.858614387772057	26.21476435731295	0.0
184.0	26.22528659245722	23.618541285927893	23.83313950268594	26.32303261892895	0.0
185.0	26.235255025751787	23.79575787783131	23.75117682893061	26.217810267486293	0.0
186.0	26.41330232042975	23.661184028354654	23.68998172453896	26.235531926676636	0.0
187.0	26.31562916217855	23.671494909162398	23.773948535051602	26.238927393607447	0.0
188.0	26.22563611241101	23.70693832568623	23.71801439334993	26.349411168552827	0.0
189.0	26.313967752029	23.69641606140572	23.756503728481277	26.23311245808401	0.0
190.0	26.147899141048576	23.88394464166053	23.68402106673903	26.28413515055187	0.0
191.0	26.51036445901567	23.524525250735177	23.739401558407035	26.225708731842122	0.0
192.0	26.23187322262742	23.64172045511814	23.820323035302394	26.306083286952042	0.0
193.0	26.333496706236136	23.652519680896724	23.673287422778614	26.340696190088526	0.0
194.0	26.30248354502585	23.824199680453678	23.677717874380082	26.19559890014039	0.0
195.0	26.229381093601596	23.75608148708108	23.55366522953893	26.460872189778396	0.0
196.0	26.25963625891631	23.709904301980416	23.85555580169244	26.174903637410836	0.0
197.0	26.25409817907935	23.76445438837446	23.686367462673342	26.295079969872848	0.0
198.0	26.324431793008728	23.732887333303797	23.718211421735855	26.22446945195162	0.0
199.0	26.21837756413096	23.774422932080988	23.702150990208676	26.305048513579372	0.0
200.0	26.25105223516902	23.718211421735855	23.64732399982278	26.38341234327234	0.0
201.0	26.21616233219618	23.737594701165214	23.785775995746754	26.260466970891855	0.0
202.0	26.324985600992424	23.791314075583713	23.62766381640158	26.256036507022284	0.0
203.0	26.214019687928335	23.874451382447006	23.6332673376992	26.278261591925457	0.0
204.0	26.244756116133853	23.708031622523436	23.83706924003489	26.210143021307818	0.0
205.0	26.2162349259972	23.777257812175502	23.707754717764825	26.29875254406247	0.0
206.0	26.289410578898693	23.703666782966987	23.77649293614005	26.230429701994275	0.0
207.0	26.196093416848036	23.81969019809821	23.693698184053567	26.290518201000186	0.0
208.0	26.264212176089764	23.661577143110314	23.854026483244446	26.22018419755548	0.0
209.0	26.22599921358831	23.623917991659603	23.822736158877316	26.327346635874772	0.0
210.0	26.235414001450984	23.793937984238536	23.74464880072217	26.22599921358831	0.0
211.0	26.408756860334393	23.66130023758494	23.691759845375955	26.238183056704713	0.0
212.0	26.312743504470653	23.67825704103474	23.772682086655056	26.23631736783955	0.0
213.0	26.22441039727746	23.705393857664628	23.718131547103145	26.35206419795477	0.0
214.0	26.305820847167112	23.699301919237513	23.763544179014378	26.231333054581	0.0
215.0	26.149164294496195	23.887110530221637	23.674445908975112	26.28927926630706	0.0
216.0	26.50720512167296	23.526300632455722	23.73730381134876	26.229190434522557	0.0
217.0	26.2287092495521	23.6404518028084	23.813519193865936	26.31731975377356	0.0
218.0	26.335595670269235	23.655681733221464	23.66731186190053	26.341410734608772	0.0
219.0	26.305966532920188	23.819888073856855	23.669804032331758	26.2043413608912	0.0
220.0	26.23092451215764	23.76035289133306	23.545749326421713	26.462973270087588	0.0
221.0	26.26256472738349	23.70697532744441	23.846537258051118	26.18392268712098	0.0
222.0	26.25370365242434	23.763741588901503	23.678176833827152	26.304377924847007	0.0
223.0	26.320161714618006	23.729128014842303	23.716667128180987	26.234043142358708	0.0
224.0	26.219643895550078	23.76401849749398	23.70531387588957	26.311023731066374	0.0
225.0	26.253149835239387	23.718605488328304	23.636917453548584	26.391327222883724	0.0
226.0	26.222966798659762	23.73826599839393	23.7795253786725	26.259241824273804	0.0
227.0	26.33206878409437	23.78949408800155	23.62501038407222	26.25342674383186	0.0
228.0	26.22110104699429	23.87290968047429	23.62867562560747	26.27731364692395	0.0
229.0	26.244084523812823	23.709533158511224	23.831650185944632	26.21473213173132	0.0
230.0	26.21528595044984	23.77682213281127	23.70704097427789	26.300850942461	0.0
231.0	26.29704703041581	23.69409184555061	23.77938016437385	26.229480959659735	0.0
232.0	26.20345140781108	23.81593230101238	23.69270729492036	26.287908996256178	0.0
233.0	26.271294388693207	23.65947807979442	23.84999224651647	26.2192352849959	0.0
234.0	26.227819498903436	23.624310493786137	23.819532132651027	26.328337874659404	0.0
235.0	26.230034779911833	23.797102412441017	23.74116656697902	26.23169624066813	0.0
236.0	26.403103608692764	23.664185551937265	23.69270729492036	26.240003544449614	0.0
237.0	26.31318068158847	23.67754280350126	23.77141559617531	26.237860918734963	0.0
238.0	26.21736951266452	23.710772110642516	23.721848546356266	26.350009830336695	0.0
239.0	26.308196285517283	23.70301860564289	23.760892982247242	26.227892126592582	0.0
240.0	26.14544508011054	23.890830347302604	23.675669987760507	26.288054584826348	0.0
241.0	26.500445827772023	23.535552687981482	23.73659055288182	26.227410931364677	0.0
242.0	26.21668397369332	23.65164416753202	23.813084112149532	26.318587746625127	0.0
243.0	26.331325718241605	23.662997577016267	23.667151263412944	26.338525441329182	0.0
244.0	26.301142263759086	23.82748355832468	23.671858774662514	26.19951540325372	0.0
245.0	26.227002359300407	23.768290116414306	23.544544256266544	26.460163268018743	0.0
246.0	26.255874037377847	23.714357711915333	23.84533801502535	26.18443023568147	0.0
247.0	26.246254728318963	23.76980632584002	23.680085954331222	26.303852991509796	0.0
248.0	26.31749469014541	23.727504077580644	23.7144890493768	26.240512182897145	0.0
249.0	26.217251281426446	23.77208747206615	23.702304767654056	26.30835647885335	0.0
