# Position (bp)	A	C	G	T	N
0.0	26.23680710049548	23.78149015143154	23.700169031755898	26.281533716317085	0.0
1.0	26.24116358904953	23.651666792520782	23.812856869020717	26.29431274940897	0.0
2.0	26.25243225975082	23.80361862167107	23.692097696976738	26.25185142160137	0.0
3.0	26.247680338271294	23.699319565892914	23.761758034959733	26.29124206087606	0.0
4.0	26.279642460955877	23.69044645916702	23.776404513959474	26.253506565917633	0.0
5.0	26.258736892845842	23.629320533258998	23.77364079065432	26.338301783240848	0.0
6.0	26.30849954846784	23.699195372593884	23.75610875101268	26.236196327925594	0.0
7.0	26.31954889401216	23.723424642419527	23.708325832321904	26.248700631246408	0.0
8.0	26.358821889807675	23.741928365697294	23.724507572238224	26.174742172256803	0.0
9.0	26.28887979165396	23.524868840131578	23.810851065683003	26.37540030253145	0.0
10.0	26.220103472903688	23.783670791259965	23.77438029485713	26.22184544097922	0.0
11.0	26.229103641293932	23.773799638831953	23.790638663562092	26.20645805631202	0.0
12.0	26.37688059970154	23.809219656367762	23.524988532043505	26.28891121188719	0.0
13.0	26.186425423443403	23.718346988427523	23.75115405385004	26.344073534279026	0.0
14.0	26.249426602175134	23.72821814085554	23.733444045082134	26.28891121188719	0.0
15.0	26.212264616563797	23.772347998769007	23.714572724263874	26.300814660403322	0.0
16.0	26.336234677939135	23.760444550252878	23.651281217519553	26.252039554288437	0.0
17.0	26.256104146464676	23.768864062617943	23.701507963697384	26.27352382721999	0.0
18.0	26.310685812831338	23.76131553429064	23.689314187168662	26.238684465709362	0.0
19.0	26.265394642867513	23.682055986853946	23.796735551826455	26.25581381845209	0.0
20.0	26.307201876680274	23.797025879839044	23.661733025972744	26.23403921750794	0.0
21.0	26.292975804063428	23.6986046835715	23.779025543058545	26.229393969306525	0.0
22.0	26.24216840186042	23.779025543058545	23.731411748994013	26.247394306087017	0.0
23.0	26.229393969306525	23.76015422224029	23.781638495171844	26.228813313281346	0.0
24.0	26.271124930684387	23.72147172648858	23.792601883062023	26.21480145976501	0.0
25.0	26.24383417673376	23.776053234389835	23.693600318198577	26.286512270677825	0.0
26.0	26.245285812582196	23.655277131799828	23.80450529701921	26.294931758598768	0.0
27.0	26.25130646847056	23.801823249332248	23.692079897805133	26.254790384392056	0.0
28.0	26.25275810010452	23.688305655556846	23.769306700731622	26.289629543607013	0.0
29.0	26.286435954012312	23.68946696086401	23.76437115317617	26.259725931947507	0.0
30.0	26.26640343746371	23.62472418998955	23.77104865869237	26.337823713854373	0.0
31.0	26.308791081175244	23.699338055974916	23.743177331320403	26.248693531529437	0.0
32.0	26.318662176286146	23.72459644640576	23.701660666589248	26.255080710718847	0.0
33.0	26.359017535710137	23.7466612472419	23.723435141098594	26.17088607594937	0.0
34.0	26.28266171176402	23.533271397050285	23.808210428521658	26.375856462664032	0.0
35.0	26.221402856811054	23.784984322378353	23.77598420624782	26.21762861456277	0.0
36.0	26.230112646614796	23.77133898501916	23.79514574381605	26.203402624549994	0.0
37.0	26.37846939960516	23.814016955057486	23.521948670305424	26.28556497503193	0.0
38.0	26.18859598188364	23.718789919869934	23.74695157356869	26.34566252467774	0.0
39.0	26.25450005806527	23.71559633027523	23.730112646614796	26.29979096504471	0.0
40.0	26.215596330275233	23.76843572175125	23.717047961909184	26.298919986064334	0.0
41.0	26.341017303449078	23.75943560562072	23.644176053884568	26.255371037045638	0.0
42.0	26.24927418418302	23.775693879921032	23.698467076994543	26.27656485890141	0.0
43.0	26.313145976077113	23.765822784810126	23.6830797816746	26.237951457438157	0.0
44.0	26.259725931947507	23.691789571478342	23.79979096504471	26.248693531529437	0.0
45.0	26.29369411218209	23.800952270351875	23.672047381256533	26.233306236209497	0.0
46.0	26.293984438508883	23.6999187086285	23.78846823829985	26.21762861456277	0.0
47.0	26.226048078039714	23.793984438508883	23.72430612007897	26.25566136337243	0.0
48.0	26.228370688654046	23.760016258274298	23.78440366972477	26.22720938334688	0.0
49.0	26.272714340046626	23.719592034630026	23.798270240766925	26.209423384556423	0.0
50.0	26.234101050687926	23.785495919475323	23.698978925273124	26.281424104563627	0.0
51.0	26.23961723488203	23.653978475268627	23.810754236574624	26.295650053274727	0.0
52.0	26.24708949547384	23.804297965985565	23.69020038206723	26.25841215647337	0.0
53.0	26.244766898345727	23.698039147374594	23.76829771049988	26.288896243779796	0.0
54.0	26.279896179908373	23.693393953118377	23.77584615116623	26.250863715807014	0.0
55.0	26.262476701447557	23.631554804582482	23.77149128155103	26.33447721241893	0.0
56.0	26.301670527984395	23.707910185169055	23.740426544962578	26.249992741883975	0.0
57.0	26.30573507295858	23.7366523246294	23.702103692348782	26.25550891006323	0.0
58.0	26.34957409375163	23.747684660987918	23.73084583180913	26.171895413451324	0.0
59.0	26.289767217702835	23.529650855586716	23.808943160241782	26.371638766468664	0.0
60.0	26.20731501965498	23.78426556575563	23.78107199470448	26.227347419884918	0.0
61.0	26.219798979218563	23.782233293268533	23.795007577473132	26.20296015003977	0.0
62.0	26.374832337519816	23.806910887754686	23.527328258458606	26.290928516266888	0.0
63.0	26.176830932348555	23.727942585398992	23.747974985628932	26.347251496623525	0.0
64.0	26.249702417242958	23.716619924399463	23.719232846168588	26.31444481218899	0.0
65.0	26.220089303859577	23.761620243756568	23.716910249040478	26.301380203343378	0.0
66.0	26.33302558921386	23.761039594474543	23.643748439505057	26.262186376806547	0.0
67.0	26.252315339012082	23.78658816288374	23.689910057426214	26.27118644067797	0.0
68.0	26.31125124113784	23.761329919115557	23.688458434221147	26.238960405525457	0.0
69.0	26.25115404044803	23.69513590096446	23.795588226755157	26.258121831832355	0.0
70.0	26.28947689306182	23.80778186167773	23.670167981837288	26.23257326342316	0.0
71.0	26.29499306124108	23.700361744502704	23.780781670063465	26.223863524192755	0.0
72.0	26.229089367730996	23.797620499242253	23.720103820091627	26.253186312935124	0.0
73.0	26.22589579667985	23.763652516243663	23.77584615116623	26.234605535910255	0.0
74.0	26.27023919777728	23.724389811957273	23.792035256922045	26.213335733343396	0.0
75.0	26.222626094883623	23.78564813336314	23.704067146088033	26.287658625665205	0.0
76.0	26.237142284790227	23.660808900166355	23.801325618462272	26.30072319658115	0.0
77.0	26.24577580100103	23.805901685034435	23.68599830451394	26.262324209450593	0.0
78.0	26.2440338632695	23.700224129321455	23.76090162696984	26.2948403804392	0.0
79.0	26.270743575153	23.699062837500435	23.779191973150933	26.25100161419563	0.0
80.0	26.269291960376723	23.626772421641835	23.76845002380648	26.335485594174962	0.0
81.0	26.297743609991752	23.70951446388963	23.751901615356925	26.240840310761694	0.0
82.0	26.30296942318635	23.737966113504662	23.70661123433708	26.252453228971905	0.0
83.0	26.341001730324816	23.741449988967727	23.742320957833492	26.17522732287397	0.0
84.0	26.288453275423578	23.530094877541778	23.80474039321341	26.376711453821233	0.0
85.0	26.207453170907318	23.786159724077063	23.780643587927212	26.225743517088407	0.0
86.0	26.2199370579833	23.783546817479763	23.789062953629617	26.207453170907318	0.0
87.0	26.37787274564225	23.80967588345275	23.52370777252616	26.28874359837884	0.0
88.0	26.172033770366156	23.727804810070722	23.748708062849115	26.35145335671401	0.0
89.0	26.25942097989804	23.717933829592038	23.712417693442184	26.31022749706774	0.0
90.0	26.23067900732775	23.747256448072836	23.714449954128973	26.30761459047044	0.0
91.0	26.333743656443424	23.76235324174612	23.64186921531512	26.262033886495338	0.0
92.0	26.245485478045776	23.789643599540128	23.69674025385839	26.2681306685557	0.0
93.0	26.30558232978365	23.758869366283054	23.687159596334965	26.24838870759833	0.0
94.0	26.24780806168782	23.69093379475328	23.8015468407056	26.259711302853294	0.0
95.0	26.28874359837884	23.805901685034435	23.672353125616937	26.233001590969796	0.0
96.0	26.294550057483946	23.70196606705299	23.778611327240423	26.224872548222645	0.0
97.0	26.221098349804322	23.799514580018812	23.723740288697144	26.25564678147972	0.0
98.0	26.22806610073045	23.76990163858276	23.774837128822103	26.22719513186469	0.0
99.0	26.26776408425148	23.729477855680877	23.796251941529125	26.20650611853852	0.0
100.0	26.22566737795584	23.789864855056685	23.70363918767873	26.28082857930874	0.0
101.0	26.24221573836171	23.66270376983263	23.799155162652962	26.2959253291527	0.0
102.0	26.25520400875609	23.810118276885202	23.682376918297788	26.252300796060922	0.0
103.0	26.248816940826718	23.696022017965078	23.759312054719754	26.295848986488444	0.0
104.0	26.28191356555164	23.697183303043147	23.77963454358593	26.241268587819285	0.0
105.0	26.272913606196617	23.63534487263606	23.75873141218072	26.333010108986603	0.0
106.0	26.30746183726912	23.704731656050583	23.75205402298183	26.23575248369846	0.0
107.0	26.307752158538637	23.72157028968256	23.712280009058023	26.258397542720775	0.0
108.0	26.34926810007955	23.739860529662124	23.739570208392607	26.171301161865724	0.0
109.0	26.284236135707772	23.524442147680624	23.813311810849886	26.37800990576172	0.0
110.0	26.215139673562764	23.77702165216028	23.783408720089653	26.224429954187308	0.0
111.0	26.234010556081362	23.783408720089653	23.77963454358593	26.20294618024306	0.0
112.0	26.39049372035094	23.811279561963268	23.518635722290288	26.279590995395502	0.0
113.0	26.175365659638956	23.737828280775506	23.743344384896325	26.343461674689213	0.0
114.0	26.269429750962413	23.71634450683126	23.712860651597055	26.30136509060927	0.0
115.0	26.243300836705895	23.747408882669564	23.70618326239817	26.303107018226367	0.0
116.0	26.339977819455008	23.765989443918638	23.635925515175092	26.25810722145126	0.0
117.0	26.250558868443818	23.78166679247255	23.697473624312664	26.27030071477097	0.0
118.0	26.3036876607654	23.76163462487589	23.691667198922328	26.24301051543638	0.0
119.0	26.25520400875609	23.687022058610058	23.804311851494862	26.25346208113899	0.0
120.0	26.29730059283603	23.80402153022535	23.659731859275475	26.238946017663146	0.0
121.0	26.282784529360192	23.704441334781066	23.77992486485545	26.232849271003296	0.0
122.0	26.213397745945667	23.79095707309709	23.73202185538517	26.263623325572077	0.0
123.0	26.228784773230057	23.774118439465113	23.770053941691877	26.227042845612957	0.0
124.0	26.26457054101526	23.733252043141867	23.788993888719535	26.213183527123345	0.0
125.0	26.23437704132735	23.780284225348023	23.70538112035303	26.279957612971593	0.0
126.0	26.241054449912177	23.660090870821175	23.8020583837768	26.296796295489845	0.0
127.0	26.25477581261395	23.806192007989686	23.686288627469196	26.252743551927164	0.0
128.0	26.244614509180014	23.69093379475328	23.75974033514882	26.30471136091789	0.0
129.0	26.273356481750298	23.697901545679414	23.778030681329913	26.250711291240375	0.0
130.0	26.260582271719063	23.634320818478475	23.76670808607495	26.338388823727517	0.0
131.0	26.30035651658905	23.7051596195608	23.751611292401666	26.242872571448476	0.0
132.0	26.304130715007375	23.707482203202844	23.719385444368317	26.269001637421468	0.0
133.0	26.342163022145836	23.741449988967727	23.737966113504662	26.178420875381775	0.0
134.0	26.279743586765917	23.51528840682375	23.816353311423626	26.3886146949867	0.0
135.0	26.203098326578484	23.77948229610619	23.782385525658743	26.23503385165658	0.0
136.0	26.223420933446366	23.78325649452451	23.781224233837722	26.212098338191403	0.0
137.0	26.376711453821233	23.81693395733414	23.526611002078713	26.279743586765917	0.0
138.0	26.17116280150039	23.738837082370427	23.740869343057216	26.349130773071966	0.0
139.0	26.257969365121763	23.71706286072627	23.717353183681528	26.30761459047044	0.0
140.0	26.239388695985415	23.749288708759625	23.70661123433708	26.30471136091789	0.0
141.0	26.336066240085472	23.760030658104075	23.634901464388985	26.269001637421468	0.0
142.0	26.239969341895925	23.778321004285168	23.701095098187224	26.280614555631686	0.0
143.0	26.297743609991752	23.76148227288035	23.69383702430584	26.246937092822055	0.0
144.0	26.255066135569205	23.679320876543066	23.808804914586986	26.256808073300743	0.0
145.0	26.298033932947014	23.8015468407056	23.65812730080942	26.24229192553797	0.0
146.0	26.28351778518424	23.699933806366204	23.789062953629617	26.22748545481994	0.0
147.0	26.208033816817828	23.796030704555747	23.730127393712767	26.265808084913655	0.0
148.0	26.223420933446366	23.777740358374654	23.77048228449327	26.228356423685707	0.0
149.0	26.254852036476283	23.726712402342333	23.798712704279083	26.219722856902305	0.0
150.0	26.224077713874284	23.7798416574005	23.705518765078693	26.290561863646527	0.0
151.0	26.233077751616378	23.675034766274827	23.80713209442491	26.284755387683884	0.0
152.0	26.259573455037422	23.803717316703537	23.690490706708243	26.246218521550794	0.0
153.0	26.24883144331992	23.687297135657094	23.758716997346433	26.30515442367656	0.0
154.0	26.268573518908845	23.69455525168243	23.785717188960696	26.25115404044803	0.0
155.0	26.259573455037422	23.641425842376947	23.762781542320624	26.336219160265006	0.0
156.0	26.309218968650743	23.711974730143247	23.746813687064876	26.23199261414113	0.0
157.0	26.30950929329176	23.71226505478426	23.720684469373655	26.257541182550327	0.0
158.0	26.348703119828592	23.749136284192986	23.728813559322035	26.17334703665639	0.0
159.0	26.28715429593371	23.522392739561376	23.811556082010902	26.378896882494008	0.0
160.0	26.20760534429599	23.789491409293873	23.782523617909547	26.220379628500588	0.0
161.0	26.22676677060289	23.779039722217384	23.788039786088806	26.206153721090924	0.0
162.0	26.375993636083866	23.803426992062523	23.529650855586716	26.290928516266888	0.0
163.0	26.172185738092335	23.740426544962578	23.74623303778285	26.341154679162237	0.0
164.0	26.254928260781206	23.70761986052804	23.73752329855244	26.29992858013831	0.0
165.0	26.238960405525457	23.752910504526163	23.711684405502233	26.296444684446147	0.0
166.0	26.335348186341967	23.768878359781908	23.62894188281336	26.26683157106276	0.0
167.0	26.246799170832823	23.77816874829434	23.701232718425743	26.273799362447086	0.0
168.0	26.293831762677026	23.763071866961635	23.699781095220676	26.24331527514066	0.0
169.0	26.26102507824249	23.687587460298104	23.805749589190633	26.245637872268773	0.0
170.0	26.29876728157426	23.80139471957543	23.66203889188891	26.237799106961408	0.0
171.0	26.284831698805604	23.705587588040945	23.789491409293873	26.220089303859577	0.0
172.0	26.21573443424437	23.795588226755157	23.72271674186075	26.26596059713972	0.0
173.0	26.23228293878215	23.77816874829434	23.76423316552569	26.225315147397822	0.0
174.0	26.251520579721927	23.722785614952922	23.798270240766925	26.22742356455823	0.0
175.0	26.226842913590424	23.779979735281223	23.700430552692623	26.29274679843573	0.0
176.0	26.235843003591324	23.667914098495825	23.808141307219525	26.288101590693323	0.0
177.0	26.259435605620716	23.79485541748926	23.698757403321334	26.246951573568687	0.0
178.0	26.239403089072116	23.68511206596214	23.761758216235048	26.313726628730695	0.0
179.0	26.27046800603879	23.68917663453722	23.787016606665894	26.253338752758097	0.0
180.0	26.26233886888863	23.643885727557777	23.762629195215425	26.331146208338176	0.0
181.0	26.30153292300546	23.715306003948438	23.763209847869003	26.219951225177102	0.0
182.0	26.312274997096736	23.719080246196725	23.71588665660202	26.25275810010452	0.0
183.0	26.344501219370574	23.749854836836604	23.729241667634422	26.1764022761584	0.0
184.0	26.289919869933804	23.53036813378237	23.80588781790733	26.37382417837649	0.0
185.0	26.207757519451864	23.791952154221345	23.782952038090812	26.217338288235975	0.0
186.0	26.226048078039714	23.784984322378353	23.782952038090812	26.206015561491114	0.0
187.0	26.37440483103008	23.80850075484845	23.52978748112879	26.28730693299268	0.0
188.0	26.17175705492974	23.72953199396121	23.748693531529437	26.350017419579608	0.0
189.0	26.25740332133318	23.703402624549994	23.73591917315062	26.303274880966203	0.0
190.0	26.249564510509813	23.744338636627567	23.70456392985716	26.30153292300546	0.0
191.0	26.333178492625713	23.770468006038787	23.632563000812915	26.26379050052259	0.0
192.0	26.250725815816978	23.780919753803275	23.69440250841946	26.273951921960283	0.0
193.0	26.29079084891418	23.76408082684938	23.702241319242827	26.242887004993616	0.0
194.0	26.259435605620716	23.690337939844387	23.801823249332248	26.248403205202646	0.0
195.0	26.296016722796423	23.806758796887703	23.657531064916967	26.239693415398907	0.0
196.0	26.284693996051562	23.698757403321334	23.78440366972477	26.232144930902336	0.0
197.0	26.209499477412614	23.79514574381605	23.723144814771803	26.272209963999536	0.0
198.0	26.224015793752177	23.78382301707119	23.762919521542216	26.229241667634422	0.0
199.0	26.256027917860635	23.725245979694517	23.787666321177333	26.23105978126751	0.0
200.0	26.220027348819386	23.785053376650147	23.701148824610456	26.293770449920018	0.0
201.0	26.232801744285634	23.672987089150762	23.8024730068314	26.291738159732205	0.0
202.0	26.249716930187727	23.802832440090814	23.692217467294547	26.25523316242691	0.0
203.0	26.241587745835243	23.683797954929478	23.763638158391352	26.310976140843927	0.0
204.0	26.2758464513207	23.695120747420436	23.77815455902078	26.25087824223808	0.0
205.0	26.25262021031361	23.64605531329296	23.758702582177342	26.342621894216084	0.0
206.0	26.295008100151552	23.71776633240235	23.769154390630533	26.218071176815567	0.0
207.0	26.298492036302612	23.73054076495625	23.718637316440113	26.252329882301023	0.0
208.0	26.344944518316794	23.74912175776192	23.718056660414938	26.18787706350635	0.0
209.0	26.285136947723537	23.52353689198056	23.81647785668248	26.374848303613422	0.0
210.0	26.205006416249077	23.798767847914572	23.771477014731243	26.224748721105108	0.0
211.0	26.21894216085333	23.777573902995606	23.782509479209608	26.220974456941455	0.0
212.0	26.37397731957566	23.807187360279645	23.532537060370807	26.286298259773893	0.0
213.0	26.169876726725853	23.724443876691886	23.750283069812276	26.355396326769988	0.0
214.0	26.25058791422549	23.70063697965962	23.73025043694366	26.31852466917123	0.0
215.0	26.248265290124785	23.741573229434614	23.702088619722563	26.308072860718042	0.0
216.0	26.333912053838425	23.7700253746683	23.629796944587998	26.266265626905277	0.0
217.0	26.25871709857797	23.765089798454294	23.68815287511831	26.288040227849425	0.0
218.0	26.289201539899782	23.766251110504648	23.692217467294547	26.252329882301023	0.0
219.0	26.253200866338787	23.69279812331973	23.802542112078225	26.25145889826326	0.0
220.0	26.296459740214495	23.803413096115992	23.65244252956991	26.247684634099606	0.0
221.0	26.287169243811658	23.691346483256783	23.779606199083723	26.241878073847836	0.0
222.0	26.212845272588968	23.79092899157468	23.723572892654122	26.272652843182225	0.0
223.0	26.229393969306525	23.78047718312149	23.762476846340995	26.22765200123099	0.0
224.0	26.25414807352288	23.724222426742774	23.77996556699774	26.241663932736607	0.0
225.0	26.22917979195034	23.77996556699774	23.701286447158694	26.28956819389322	0.0
226.0	26.235276697915726	23.663253367088902	23.795933654049943	26.30553628094543	0.0
227.0	26.257708253492666	23.79687372980757	23.68103218014377	26.26438583655599	0.0
228.0	26.240288471588336	23.68625811471507	23.75884053931645	26.314612874380146	0.0
229.0	26.27425704630178	23.70193591842897	23.76726010057021	26.256546934699042	0.0
230.0	26.253353308016585	23.649095913319165	23.75942119871326	26.33812957995099	0.0
231.0	26.300967378555086	23.71674273304765	23.772776364839913	26.209513523557355	0.0
232.0	26.293418806396545	23.73416251495198	23.724871964603004	26.247546714048475	0.0
233.0	26.347710459998375	23.74896932957066	23.71529108455562	26.188029125875346	0.0
234.0	26.28993485001568	23.520479856925526	23.810809555331033	26.37877573772776	0.0
235.0	26.207481215668516	23.79368010312511	23.77045372725267	26.22838495395371	0.0
236.0	26.224610667874437	23.77626032122078	23.782937904284104	26.216191106620677	0.0
237.0	26.37442079225168	23.812261203823063	23.525125132100015	26.288192871825245	0.0
238.0	26.175835278542316	23.722839656714164	23.73996910892009	26.361355955823434	0.0
239.0	26.24580473585804	23.707161853000265	23.724871964603004	26.32216144653869	0.0
240.0	26.241293308441172	23.751883606885798	23.699040993673403	26.307782090999627	0.0
241.0	26.335396873330392	23.772619573044672	23.633533879997213	26.258449673627727	0.0
242.0	26.254595294650585	23.77560443006731	23.692845569061543	26.27695470622056	0.0
243.0	26.288064027134865	23.764207762941624	23.69712563234346	26.25060257758005	0.0
244.0	26.250660688044885	23.691837671125466	23.804517654165384	26.252983986664262	0.0
245.0	26.29423638238241	23.810464255115228	23.65072680539622	26.24457255710614	0.0
246.0	26.28828849762122	23.697189030305495	23.77909577279883	26.235426699274456	0.0
247.0	26.212385267805278	23.7934239572441	23.721680027884283	26.27251074706634	0.0
248.0	26.2229606671566	23.785608263353733	23.764403791243424	26.227027278246247	0.0
249.0	26.241627113917726	23.734263621734357	23.785967827203383	26.238141437144535	0.0
