# Position (bp)	A	C	G	T	N
0.0	26.206832012960994	23.857358845909772	23.825190306156767	26.110618834972467	0.0
1.0	26.125533339767042	23.95006272865252	23.812907772796528	26.111496158783915	0.0
2.0	26.090758091495008	23.888187060626265	23.86771706963306	26.15333777824566	0.0
3.0	26.03151116751566	24.02258651242492	23.8640949311936	26.08180738886582	0.0
4.0	26.064237299039128	23.92757513553345	23.867630460082694	26.140557105344726	0.0
5.0	26.209677419354836	23.892664155886685	23.77950361411963	26.118154810638845	0.0
6.0	26.090363629983976	23.873671037088155	23.9640229710289	26.07194236189897	0.0
7.0	26.11985684545391	23.93423545648055	23.725468410095672	26.22043928796987	0.0
8.0	26.214409767906954	23.893479290563654	23.774772088018757	26.117338853510635	0.0
9.0	26.179881061673676	23.804038289486765	23.90373831229205	26.112342336547513	0.0
10.0	26.070723756340726	23.932930840411068	23.855453389273027	26.140892013975176	0.0
11.0	26.02006806301091	23.833456127425183	23.87292565694839	26.273550152615517	0.0
12.0	26.16215836929446	23.774105649697695	23.784923224455905	26.27881275655194	0.0
13.0	26.217415710626952	23.74428422739127	23.85392180940018	26.184378252581595	0.0
14.0	26.257469973920873	23.79369423101662	23.85713784513911	26.091697949923397	0.0
15.0	25.95984048462735	23.90333181302553	23.964144125179807	26.172683577167316	0.0
16.0	26.203089733244454	23.85889204645125	23.825269854635184	26.11274836566911	0.0
17.0	26.154849197160534	23.842227133985897	23.892514238267317	26.110409430586255	0.0
18.0	26.028839069571625	23.934907436644096	23.829362991030184	26.2068905027541	0.0
19.0	26.14198505420482	23.823515653323042	23.855091276941607	26.17940801553053	0.0
20.0	26.217631425839894	23.804734575499143	23.96173513391826	26.015898864742702	0.0
21.0	26.112672020863243	23.910278712536947	23.760294938851644	26.216754327748166	0.0
22.0	26.16559027239743	23.786315515572877	24.00675950262691	26.041334709402786	0.0
23.0	26.000988197183343	23.945070270175446	23.86203831749197	26.19190321514924	0.0
24.0	26.123197197963965	23.960858035826533	23.723456818999114	26.19248794721039	0.0
25.0	26.20242839224996	23.843619257565702	23.83981849916822	26.11413385101612	0.0
26.0	26.148048310562892	23.93015960261609	23.82169180527253	26.10010028154849	0.0
27.0	26.10390103994597	23.87256349459269	23.858237559094484	26.16529790636686	0.0
28.0	26.039288147188756	23.996819057587338	23.869639834286936	26.094252960936977	0.0
29.0	26.095714791089854	23.909693980475797	23.864669611767148	26.1299216166672	0.0
30.0	26.224940576604283	23.890397822457803	23.76000257282107	26.12465902811684	0.0
31.0	26.083435417805678	23.869055102225783	23.958811473612503	26.088698006356037	0.0
32.0	26.11618041323015	23.932498530860695	23.74246061098653	26.208860444922628	0.0
33.0	26.227864236910044	23.89361384879414	23.759417840759916	26.119104073535905	0.0
34.0	26.20038183003593	23.80824296786605	23.896537509099893	26.094837692998123	0.0
35.0	26.083435417805678	23.92021915757652	23.86320778161427	26.133137643003536	0.0
36.0	26.018161724720645	23.83682514808296	23.864307474608086	26.28070565258831	0.0
37.0	26.160251200159045	23.777475017395727	23.789169624427693	26.273104158017528	0.0
38.0	26.204105976528925	23.745899578409414	23.861676188025893	26.18831825703577	0.0
39.0	26.23100357270245	23.807296265327242	23.861091457674295	26.100608704296015	0.0
40.0	25.95647267262702	23.886234862793025	23.957571965688025	26.19972049889194	0.0
41.0	26.19358083020015	23.86986241294827	23.82980838386378	26.1067483729878	0.0
42.0	26.154403896643064	23.860506727322694	23.89062034043001	26.094469035604227	0.0
43.0	26.040673843257185	23.935644577503083	23.831270209742776	26.192411369496956	0.0
44.0	26.12633683976634	23.839748799840955	23.845303738181137	26.188610622211566	0.0
45.0	26.219524674086873	23.809565575855384	23.93937533439169	26.03153441566605	0.0
46.0	26.134739020988835	23.894058864632395	23.77565131461617	26.1955507997626	0.0
47.0	26.177131847537854	23.768926935232532	24.01626715082198	26.037674066407636	0.0
48.0	26.014577285046443	23.949900449948693	23.844064565736655	26.191457699268213	0.0
49.0	26.11865898333231	23.96364157303699	23.724195194115293	26.193504249515403	0.0
50.0	26.214554480629403	23.844649294378712	23.84318747277357	26.097608752218314	0.0
51.0	26.146433593829943	23.910723630930974	23.839094372279185	26.103748402959898	0.0
52.0	26.1017018527127	23.88324138475437	23.856636231540847	26.158420530992082	0.0
53.0	26.041474802580993	24.00252602773368	23.873885726481483	26.08211344320385	0.0
54.0	26.10287130999681	23.909846537967894	23.86014460339318	26.127137548642114	0.0
55.0	26.218062852481733	23.896982507842672	23.771265849800756	26.11368878987484	0.0
56.0	26.101409488391674	23.84084855820535	23.975043781557073	26.0826981718459	0.0
57.0	26.136785571236025	23.920956382166946	23.731504302140983	26.21075374445604	0.0
58.0	26.236189440385456	23.885287935001564	23.773312400047946	26.105210224565035	0.0
59.0	26.189703513342046	23.8086884828923	23.90399925154734	26.097608752218314	0.0
60.0	26.088545458266456	23.921248746487976	23.85283549536749	26.137370299878082	0.0
61.0	26.014501227926555	23.839609402409074	23.86416793357502	26.281721436089345	0.0
62.0	26.15746696292831	23.768272716641327	23.8039410595252	26.270319260905158	0.0
63.0	26.20073675593498	23.765349081978716	23.853642848789615	26.18027131329669	0.0
64.0	26.22207928897205	23.813589053911823	23.87557010875921	26.088761548356914	0.0
65.0	25.964799438662144	23.890188282072273	23.96678751023272	26.17822476903286	0.0
66.0	26.199274938603672	23.864460297041283	23.8363934042802	26.099871360074843	0.0
67.0	26.158636416793357	23.848672669863173	23.88960355513975	26.10308735820372	0.0
68.0	26.04052157642381	23.93872061747164	23.832592679218806	26.188165126885742	0.0
69.0	26.151619693603088	23.828499590691145	23.849549760261958	26.17033095544381	0.0
70.0	26.22960405331525	23.80825690487398	23.950637496674375	26.0115015451364	0.0
71.0	26.148034884706806	23.883101733417924	23.7781435558895	26.190719825985774	0.0
72.0	26.17931768413728	23.767618501875507	24.01437254598133	26.03869126800588	0.0
73.0	26.003900117237404	23.959700737630868	23.848895307872446	26.187503837259275	0.0
74.0	26.14072581941931	23.950929859285875	23.714408506582544	26.193935814712273	0.0
75.0	26.225510976754247	23.840124429527453	23.840709154750453	26.093655438967843	0.0
76.0	26.151250873433302	23.910291456287407	23.839832066915957	26.09862560336334	0.0
77.0	26.119090986168324	23.891580249151417	23.858835636663443	26.13049312801682	0.0
78.0	26.04424615762438	24.00150859107534	23.877546843799426	26.076698407500853	0.0
79.0	26.09599433985984	23.913799807625402	23.866144701950937	26.124061150563822	0.0
80.0	26.222587350639248	23.889826073482418	23.78866860990349	26.098917965974838	0.0
81.0	26.114705546995825	23.853280747044945	23.97256469253686	26.05944901342237	0.0
82.0	26.12581532623282	23.936311728710884	23.73750515289103	26.20036779216527	0.0
83.0	26.23574366815674	23.887194809978922	23.771711578436502	26.105349943427836	0.0
84.0	26.175224607576286	23.819659046722467	23.9167234337404	26.088392911960845	0.0
85.0	26.091024175464344	23.9181852467979	23.85678909838294	26.13400147935481	0.0
86.0	25.99826921840008	23.829822068634847	23.88303190836213	26.288876804602946	0.0
87.0	26.173101548932586	23.775150420123843	23.79064559323124	26.26110243771233	0.0
88.0	26.206138427444582	23.758485799989476	23.86987562930868	26.16550014325726	0.0
89.0	26.240052391226808	23.81169563971676	23.85467281795803	26.0935791510984	0.0
90.0	25.956753848942526	23.90145069903696	23.967232094304208	26.174563357716302	0.0
91.0	26.189766169066957	23.856134626741746	23.863736032417073	26.09036317177423	0.0
92.0	26.16257652568983	23.84414779471527	23.909052104712288	26.084223574882614	0.0
93.0	26.032767905695792	23.921038936738764	23.832453324445535	26.21373983311991	0.0
94.0	26.128370200150858	23.82485191877021	23.8713374380924	26.175440442986535	0.0
95.0	26.21629444251161	23.801685752960886	23.96833146709624	26.013688337431258	0.0
96.0	26.132094502737964	23.88442388822458	23.795253813117064	26.188227795920394	0.0
97.0	26.181795856076572	23.76338647479995	24.018032820434858	26.036784848688615	0.0
98.0	26.0049175103715	23.947281482152828	23.854310715319418	26.193490292156252	0.0
99.0	26.12069242756028	23.958683557330513	23.707253181617517	26.213370833491695	0.0
100.0	26.227404156787305	23.845539888259662	23.832968369474013	26.09408758547902	0.0
101.0	26.157237540309257	23.908689843089903	23.83998503112182	26.09408758547902	0.0
102.0	26.108997991480603	23.878576670184742	23.85606488073137	26.156360457603284	0.0
103.0	26.06075844265195	23.990550895647623	23.880330835596695	26.068359826103737	0.0
104.0	26.099350081714874	23.908982203991897	23.878576670184742	26.11309104410849	0.0
105.0	26.2130784725897	23.905181512266	23.792330204097144	26.089409811047148	0.0
106.0	26.095257029086987	23.86688223410507	23.965700218978316	26.07216051782963	0.0
107.0	26.116014653128406	23.91746067014966	23.761632309388002	26.204892367333933	0.0
108.0	26.25020830714267	23.86717459500706	23.779758685311496	26.102858412538776	0.0
109.0	26.1844271041945	23.792330204097144	23.92535441450344	26.097888277204913	0.0
110.0	26.083854953909302	23.918922474659617	23.866589873203075	26.130632698228002	0.0
111.0	26.00630328261861	23.816818888797933	23.89224778098724	26.284630047596213	0.0
112.0	26.169440188981536	23.78904468430962	23.785828723789923	26.255686402918922	0.0
113.0	26.202184514273018	23.751330238214965	23.871782577680065	26.17470266983195	0.0
114.0	26.253639882588203	23.791091204640338	23.877337418577728	26.077931494193727	0.0
115.0	25.967711756382222	23.89370958122347	23.978201634877383	26.16037702751693	0.0
116.0	26.179672790635124	23.870613137491084	23.872367297774556	26.077346774099237	0.0
117.0	26.17236378945399	23.838745892341336	23.904526902971547	26.08436341523313	0.0
118.0	26.017412964413932	23.929962227081898	23.84342365309726	26.20920115540691	0.0
119.0	26.118277180713594	23.82705149045152	23.882892259475387	26.171779069359495	0.0
120.0	26.219218051531534	23.790868399587186	23.966577301684293	26.023336247196987	0.0
121.0	26.139695886189745	23.893194715284334	23.778004519899547	26.189104878626374	0.0
122.0	26.17273266811483	23.773034384565683	24.02183351216075	26.032399435158737	0.0
123.0	26.021582081785038	23.927985662621364	23.861327376967225	26.189104878626374	0.0
124.0	26.111629239598532	23.969208549802218	23.725671918443002	26.193490292156252	0.0
125.0	26.219802773335516	23.844370444651698	23.84173919653377	26.09408758547902	0.0
126.0	26.167470171878975	23.898749572422183	23.832968369474013	26.100811886224832	0.0
127.0	26.11133687869654	23.878869031086737	23.868051677713037	26.141742412503692	0.0
128.0	26.05812719453402	23.989966173843637	23.87185236943893	26.08005426218341	0.0
129.0	26.098765359910885	23.91307525661978	23.883546805518606	26.104612577950725	0.0
130.0	26.219218051531534	23.88296208371462	23.814841993550516	26.082977871203326	0.0
131.0	26.115213921097407	23.86899854403845	23.96226194443957	26.05352559042457	0.0
132.0	26.11258266528672	23.92425491606294	23.76053233228668	26.202630086363666	0.0
133.0	26.207307874471557	23.902035422550448	23.790937954987985	26.099718747990014	0.0
134.0	26.174855719473044	23.812572724986993	23.93068687471129	26.081884680828672	0.0
135.0	26.099718747990014	23.90817501944206	23.859935329579407	26.132170902988523	0.0
136.0	25.98986671188542	23.80796454226248	23.90181294055391	26.3003558052982	0.0
137.0	26.180779497194777	23.783698445507994	23.780482456781495	26.25503960051573	0.0
138.0	26.210892846179256	23.73633570244503	23.87374612984993	26.179025321525785	0.0
139.0	26.248315260451232	23.796854763025486	23.881347557748924	26.073482418774358	0.0
140.0	25.975540943921928	23.867898877619933	23.97256469253686	26.18399548592128	0.0
141.0	26.183703123309776	23.853280747044945	23.869653053288932	26.09336307635634	0.0
142.0	26.17025444318079	23.838077891246957	23.907075467560908	26.084592198011347	0.0
143.0	26.024950225265393	23.948590958393876	23.84567931914595	26.180779497194777	0.0
144.0	26.13312439152031	23.815565970161472	23.896258050935415	26.1550515873828	0.0
145.0	26.216232019646824	23.797509063267455	23.974096596889254	26.01216232019647	0.0
146.0	26.12267571044322	23.895743187931238	23.788153432347094	26.193427669278446	0.0
147.0	26.182317857560523	23.75687054145714	24.020582388024792	26.04022921295755	0.0
148.0	26.015963045257866	23.93345807507894	23.863290843176237	26.18728803648696	0.0
149.0	26.116612433085116	23.93849824142861	23.75401635486012	26.190872970626156	0.0
150.0	26.226249053470514	23.83061580696938	23.836170729068908	26.1069644104912	0.0
151.0	26.171576925438327	23.895813050558562	23.832954721537604	26.099655302465507	0.0
152.0	26.10579495320709	23.877394098333816	23.859267510430097	26.157543438028995	0.0
153.0	26.060770847768822	23.988784904645378	23.863652975245515	26.08679127234029	0.0
154.0	26.088837822587486	23.912185452536114	23.89610541487959	26.10287130999681	0.0
155.0	26.21104610877707	23.880025377223067	23.81512049795491	26.093808016044957	0.0
156.0	26.10236289535081	23.867815856717677	23.966927651313597	26.06289359661792	0.0
157.0	26.10967202474579	23.920441588361527	23.76197966307837	26.20790672381431	0.0
158.0	26.241236353855417	23.87629444681585	23.772504809407142	26.109964389921586	0.0
159.0	26.19855103818874	23.792385641361484	23.928335448108104	26.08072787234167	0.0
160.0	26.101485799823408	23.895882913594395	23.873955525409457	26.128675761172737	0.0
161.0	25.97847601282902	23.80210328122396	23.901507731619677	26.31791297432734	0.0
162.0	26.172314691100667	23.768481187707764	23.776375070533305	26.282829050658265	0.0
163.0	26.224063478512562	23.725211015182566	23.873148226653843	26.177577279651032	0.0
164.0	26.240143610194217	23.777836900686182	23.890982554518956	26.09103693460064	0.0
165.0	25.975259986492688	23.862915415583693	23.992725933159278	26.16909866476434	0.0
166.0	26.18488643041542	23.860868853369666	23.892736750702408	26.061507965512504	0.0
167.0	26.18283986820139	23.8208147071808	23.918172595362492	26.078172829255315	0.0
168.0	26.02876297008803	23.922558085821123	23.83864903504592	26.21002990904493	0.0
169.0	26.134014741095264	23.81555211863044	23.88747416215205	26.16295897812225	0.0
170.0	26.217415710626952	23.80041866937983	23.967944894689445	26.014220725303772	0.0
171.0	26.14286215486089	23.878480627770177	23.802172870691972	26.176484346676958	0.0
172.0	26.176191979791604	23.757733104117694	24.032850343238724	26.03322457285198	0.0
173.0	26.0133436246477	23.93753873861231	23.86181571530482	26.187301921435168	0.0
174.0	26.112532343181254	23.944333182276665	23.746400222199483	26.196734252342598	0.0
175.0	26.186793749177717	23.858669434414605	23.838496060344703	26.116040756062976	0.0
176.0	26.170421155729677	23.89726197611356	23.84638998932858	26.085926878828193	0.0
177.0	26.114871285102403	23.858377066674464	23.864809156957623	26.161942491265517	0.0
178.0	26.069554285380153	23.9767860014326	23.851944976391305	26.101714736795945	0.0
179.0	26.111655239960825	23.88936804712968	23.89433829871212	26.104638414197378	0.0
180.0	26.224509187656235	23.85077550543073	23.827970821699534	26.096744485213502	0.0
181.0	26.08541840869621	23.867802616114187	23.977440839214815	26.069338135974785	0.0
182.0	26.115532373974514	23.91575106568353	23.768982031026155	26.199734529315798	0.0
183.0	26.24242034417631	23.863124718595227	23.792956255810825	26.101498681417635	0.0
184.0	26.193010051632292	23.78038440622862	23.934170287164434	26.09243525497465	0.0
185.0	26.095651309518935	23.906102902050673	23.876573673962238	26.121672114468154	0.0
186.0	25.996029622872648	23.79010212464879	23.902664362795402	26.31120388968316	0.0
187.0	26.187823981896486	23.75326357398263	23.77460654381302	26.284305900307864	0.0
188.0	26.215306710171244	23.71408606771861	23.86758002882763	26.20302719328252	0.0
189.0	26.247174980191968	23.774314174363294	23.877228220668766	26.101282624775973	0.0
190.0	25.99076697277748	23.8561776202881	23.973710139080147	26.17934526785427	0.0
191.0	26.19484084869004	23.856469989737832	23.879274806816888	26.069414354755242	0.0
192.0	26.203611932181982	23.82957200036254	23.894770387652652	26.072045679802823	0.0
193.0	26.04660953767619	23.926931027123114	23.85033023129347	26.176129203907227	0.0
194.0	26.137536436542675	23.81378405007704	23.884829826361784	26.163849687018505	0.0
195.0	26.22006128081583	23.805374935678532	23.969102306216964	26.005461477288677	0.0
196.0	26.144337371941806	23.876713289984565	23.801281751415072	26.177667586658558	0.0
197.0	26.200472470412123	23.754502502689807	24.025822145296345	26.01920288160172	0.0
198.0	26.030312953173972	23.944543200636197	23.852446554708333	26.1726972914815	0.0
199.0	26.10494370393327	23.93730392859127	23.752817727048132	26.20493464042733	0.0
200.0	26.190330003186883	23.86712160151099	23.842854511485935	26.099693883816187	0.0
201.0	26.175571961113953	23.897083546524378	23.836854031138074	26.09049046122359	0.0
202.0	26.125881159344015	23.847950856818734	23.85789176687981	26.168276216957437	0.0
203.0	26.08714720527222	23.97235241317003	23.86358652589476	26.07691385566299	0.0
204.0	26.12166133064339	23.875561013405843	23.900121339707322	26.10265631624344	0.0
205.0	26.25031065888923	23.85743315351666	23.817668815695217	26.074587371898893	0.0
206.0	26.097762079914855	23.866274479992047	23.98001251410761	26.05595092598549	0.0
207.0	26.124076792178098	23.905746548386908	23.7697872016935	26.200389457741498	0.0
208.0	26.24644749307042	23.874600891196803	23.7842531840988	26.09469843163398	0.0
209.0	26.211375172510586	23.76377160768169	23.934820238123084	26.09003298168464	0.0
210.0	26.103343216200887	23.891393718238863	23.86595556803097	26.139307497529284	0.0
211.0	26.01745588514788	23.77304425373898	23.88649288753088	26.32300697358226	0.0
212.0	26.176670964874578	23.747452507726543	23.78517147510402	26.29070505229486	0.0
213.0	26.216882406776588	23.72273765281388	23.869228452548384	26.19115148786115	0.0
214.0	26.241750658631506	23.770968751187876	23.89026804328693	26.097012546893687	0.0
215.0	25.986800745053202	23.860708970171554	23.986736415498743	26.165753869276497	0.0
216.0	26.19967308890052	23.85105953700265	23.88673319902102	26.062534175075807	0.0
217.0	26.21283140685812	23.822403644561668	23.89959910991289	26.065165838667326	0.0
218.0	26.042942901672276	23.911587799607588	23.875329323457773	26.170139975262362	0.0
219.0	26.147269186457926	23.82729117566216	23.864134789143414	26.1613048487365	0.0
220.0	26.222787549161513	23.81303273535389	23.963916546047344	26.000263169437254	0.0
221.0	26.160657108686692	23.883350926800457	23.795042443630237	26.160949520882614	0.0
222.0	26.195746572198033	23.770479819172298	24.018152949123202	26.015620659506467	0.0
223.0	26.010509355782922	23.939634073237986	23.866530596729056	26.18332597425003	0.0
224.0	26.116173253950613	23.937339899173033	23.74580375001462	26.20068309686173	0.0
225.0	26.198636145649353	23.85984817470436	23.841133192191176	26.100382487455114	0.0
226.0	26.165007661445966	23.911314376615632	23.83148327933281	26.092194682605594	0.0
227.0	26.106815762694026	23.85253763466015	23.87885557881932	26.161791023826513	0.0
228.0	26.099073018101006	23.96613738047197	23.861449834780828	26.073339766646196	0.0
229.0	26.10331960885229	23.90282131661442	23.89112431572545	26.102734758807845	0.0
230.0	26.245730594675525	23.85720301314743	23.820942310391615	26.07612408178543	0.0
231.0	26.114215699175652	23.861659165942914	23.980091646269962	26.044033488611472	0.0
232.0	26.134991212499596	23.904925386664637	23.753739439646978	26.206343961188782	0.0
233.0	26.253286193454812	23.8647097183597	23.772009088755734	26.10999499942976	0.0
234.0	26.1929061671136	23.761912977871617	23.959012630169113	26.086168224845668	0.0
235.0	26.112779602233015	23.88414985422229	23.855199015086605	26.14787152845809	0.0
236.0	26.012551248983794	23.772510074336616	23.899133811754663	26.315804864924928	0.0
237.0	26.170910877422827	23.752471078150407	23.79078010036379	26.28583794406298	0.0
238.0	26.222686224967244	23.728768950028073	23.86182856073367	26.18671626427101	0.0
239.0	26.24820515220017	23.771242078543416	23.890264979485366	26.09028778977105	0.0
240.0	26.010627564404388	23.85674721662509	23.97811318326846	26.154512035702066	0.0
241.0	26.2022232685733	23.864018553559365	23.88916997388347	26.04458820398387	0.0
242.0	26.218706130088908	23.811710341600374	23.899157697707064	26.07042583060365	0.0
243.0	26.041889073801634	23.921404608909544	23.87314530729476	26.163561009994062	0.0
244.0	26.137799513290904	23.83850851740921	23.85927555222763	26.164416417072257	0.0
245.0	26.234749364526383	23.807225532437673	23.98741045599071	25.97061464704523	0.0
246.0	26.137244520369627	23.88952105705017	23.812588304466487	26.16064611811371	0.0
247.0	26.18841453068962	23.781454590132284	24.042101321663225	25.988029557514874	0.0
248.0	26.002322785235982	23.95306452603772	23.868519824123617	26.176092864602683	0.0
249.0	26.129222884023545	23.914073744690313	23.76721626080953	26.189487110476612	0.0
