# Position (bp)	A	C	G	T	N
0.0	26.201473472925507	23.812782263582864	23.6742165047215	26.311527758770133	0.0
1.0	26.393640801058343	23.77258108662926	23.611776378814834	26.222001733497557	0.0
2.0	26.310042734433576	23.847182349738148	23.658455231475806	26.18431968435247	0.0
3.0	26.206806118551206	23.782646621170915	23.682590179075376	26.327957081202502	0.0
4.0	26.205148961884454	23.688531132064718	23.844733031571028	26.261586874479804	0.0
5.0	26.339790854963702	23.59821807745036	23.84304716736448	26.218943900221458	0.0
6.0	26.177671759532377	23.869209964575084	23.824750700375912	26.128367575516627	0.0
7.0	26.30211079162523	23.833108679978686	23.649871334896883	26.21490919349921	0.0
8.0	26.171513243193186	23.78902075882998	23.77705273056264	26.262413267414193	0.0
9.0	26.11788907440437	23.739365309111214	23.838517952896794	26.304227663587614	0.0
10.0	26.157896086358235	23.74367170650963	23.847659421714347	26.250772785417787	0.0
11.0	26.164163839055504	23.888114916396727	23.668458674142386	26.279262570405383	0.0
12.0	26.18011811864856	23.868456964755286	23.82771657222303	26.123708344373124	0.0
13.0	26.128836505670893	23.820309228126256	23.891248792745362	26.159320575607616	2.84897849875927E-4
14.0	26.16387894120563	23.681848873086555	23.814896168978613	26.339376016729197	0.0
15.0	26.169292000353273	23.920878169132457	23.713757432272658	26.19607239824161	0.0
16.0	26.307392508347483	23.7250857540085	23.73990039999544	26.22762133764857	0.0
17.0	26.213946279814476	23.638477054392542	23.878930154642113	26.268646511150873	0.0
18.0	26.192009207872275	23.7661109275108	23.793176146140784	26.24841882143793	2.848970382103908E-4
19.0	26.280612186755707	23.852149833050333	23.576084603024466	26.29115337716949	0.0
20.0	26.278048113411813	23.65728025891443	23.815398115121194	26.249273512552563	0.0
21.0	26.220498911693312	23.742464473339336	23.798019395790362	26.23901721917699	0.0
22.0	26.152123622522822	23.901721917698943	23.750726487447437	26.195427972330798	0.0
23.0	26.23160989618352	23.84103884856013	23.74075509111007	26.186596164146277	0.0
24.0	26.262378776310243	23.775227632733532	23.7470228259507	26.215370765005524	0.0
25.0	26.197422251598272	23.807420998051303	23.67950222789484	26.315654522455585	0.0
26.0	26.389442855352073	23.771239074198586	23.63021504028444	26.209103030164897	0.0
27.0	26.315084728379162	23.835340907795924	23.666966758213583	26.18260760561133	0.0
28.0	26.189445134528384	23.78320474980342	23.690898109423255	26.336452006244944	0.0
29.0	26.206254059782797	23.68804913904115	23.86012695012023	26.245569851055826	0.0
30.0	26.334172829939263	23.59317842531709	23.859842053082016	26.212806691661633	0.0
31.0	26.167792959624393	23.867819170151908	23.829073172955294	26.13531469726841	0.0
32.0	26.300839876468647	23.835340907795924	23.65898964114369	26.20482957459174	0.0
33.0	26.173775797426813	23.77636722088637	23.787478205376576	26.262378776310243	0.0
34.0	26.103331861369494	23.746100482899106	23.834703209355993	26.315864446375407	0.0
35.0	26.151194427429807	23.74382131308671	23.85749490747995	26.247489352003534	0.0
36.0	26.16372986139799	23.883420464095952	23.67573111494138	26.277118559564677	0.0
37.0	26.17683508781926	23.860913662198545	23.831284454637398	26.130966795344797	0.0
38.0	26.12469907836071	23.818749020669223	23.88399025654905	26.172561644421023	0.0
39.0	26.16629392743693	23.680289454566175	23.81476047349753	26.338656144499367	0.0
40.0	26.17882936140511	23.909915813165057	23.712197831939715	26.19905699349012	0.0
41.0	26.3078124020672	23.723526093571053	23.738340655145496	26.230320849216255	0.0
42.0	26.21949482345031	23.640906423252027	23.874805558879338	26.264793194418328	0.0
43.0	26.198982353578003	23.76170207916674	23.803296809741145	26.236018757514117	0.0
44.0	26.279892651407664	23.864834219358073	23.571391942018085	26.283881187216174	0.0
45.0	26.272200475205555	23.65629077565626	23.821245220879415	26.250263528258778	0.0
46.0	26.2240531500886	23.748881785496543	23.789336934411377	26.237728130003475	0.0
47.0	26.165364694620607	23.89645761041122	23.750306262571012	26.18787143239717	0.0
48.0	26.237728130003475	23.83150145581557	23.748311994666757	26.182458419514198	0.0
49.0	26.277613488088527	23.766260405805028	23.74574793593272	26.210378170173733	0.0
50.0	26.18901101405674	23.816686894241123	23.684780317145577	26.30952177455656	0.0
51.0	26.38359458242879	23.77965049030501	23.63065018831587	26.20610473895033	0.0
52.0	26.3120858332906	23.840048318262365	23.672529814305168	26.175336034141868	0.0
53.0	26.197842771918427	23.78620308484755	23.693612075007266	26.322342068226757	0.0
54.0	26.202116203141827	23.690763120858332	23.868252964336794	26.23886771166305	0.0
55.0	26.336017048141624	23.590764830230825	23.85457798442192	26.218640137205636	0.0
56.0	26.17220218457804	23.863409742283608	23.83691446869854	26.12747360443981	0.0
57.0	26.310376460801237	23.83406551454961	23.656860566486042	26.198697458163107	0.0
58.0	26.18473758283334	23.774237477422037	23.78079007196458	26.260234867780035	0.0
59.0	26.11514870073816	23.742546444942693	23.843399134490195	26.298905719828948	0.0
60.0	26.14449284487204	23.749099020817248	23.85735897004903	26.249049164261685	0.0
61.0	26.15617352360494	23.882429695134284	23.67844515921335	26.282951622047424	0.0
62.0	26.1929249274231	23.857928759255515	23.834282507186465	26.11486380613492	0.0
63.0	26.12597469566134	23.82203203924708	23.88499374656346	26.166999518528122	0.0
64.0	26.173267199799433	23.671892583338796	23.81234562273687	26.342494594124904	0.0
65.0	26.17469167281564	23.916332152920027	23.71605124684123	26.1929249274231	0.0
66.0	26.306238034460755	23.720826875740723	23.752734980399307	26.220200109399215	0.0
67.0	26.221054790774	23.641056614094268	23.879797611450453	26.25809098368128	0.0
68.0	26.194274774364118	23.75928753760598	23.802591393928342	26.24384629410156	0.0
69.0	26.274045036010573	23.86070972741362	23.584647643358554	26.280597593217248	0.0
70.0	26.269771629136656	23.65416172850761	23.826237578630685	26.249829063725045	0.0
71.0	26.235584374145322	23.73877518461118	23.795753942930077	26.229886498313427	0.0
72.0	26.163791138663505	23.90116464582004	23.757293281064822	26.177750934451637	0.0
73.0	26.2418520375604	23.8359239675449	23.741909016318715	26.180314978575986	0.0
74.0	26.27233567326101	23.745612635609444	23.761281794147145	26.220769896982404	0.0
75.0	26.18886179232382	23.82253395933996	23.682936001458657	26.305668246877563	0.0
76.0	26.389427021606345	23.78008478439238	23.628806181055705	26.201682012945575	0.0
77.0	26.307092715835534	23.840482268210412	23.668406418087336	26.184018597866714	0.0
78.0	26.19455966815571	23.79148053605616	23.69718069103838	26.31677910474975	0.0
79.0	26.209943932901815	23.692337496581274	23.86640760324551	26.231310967271405	0.0
80.0	26.335012307411798	23.58379296198377	23.861564408788404	26.21963032181603	0.0
81.0	26.17290773999453	23.865268028079132	23.83934269304403	26.122481538882305	0.0
82.0	26.31108122891786	23.837633330294466	23.655016409882396	26.196269030905277	0.0
83.0	26.181739447533957	23.78207904093354	23.77837542164281	26.25780608988969	0.0
84.0	26.114145221347602	23.74013201940691	23.8412690272899	26.30445373195559	0.0
85.0	26.14491366318242	23.739562233447007	23.877165542763862	26.238358560606706	0.0
86.0	26.166280636678827	23.881723830443093	23.683153423416496	26.26884210946158	0.0
87.0	26.202177152152796	23.851810067548126	23.82645459233239	26.11955818796669	0.0
88.0	26.13066901418482	23.810500585455074	23.889985726861703	26.1688446734984	0.0
89.0	26.179670606736575	23.669478560378792	23.81164015737488	26.339210675509744	0.0
90.0	26.182519536536102	23.909073556518493	23.717340581010742	26.191066325934663	0.0
91.0	26.307797498646764	23.714708982650066	23.751460072362608	26.22603344634056	0.0
92.0	26.22603344634056	23.63522406769038	23.885644283638644	26.253098202330417	0.0
93.0	26.200678043360586	23.75345431754081	23.813281672886813	26.23258596621179	0.0
94.0	26.273325546280734	23.869405430044726	23.58736218341358	26.26990684026096	0.0
95.0	26.276744252300503	23.64405572490812	23.830944987322297	26.248255035469075	0.0
96.0	26.246260790290876	23.715278766986696	23.791629868094926	26.246830574627506	0.0
97.0	26.173043503034098	23.891057234836616	23.747756474174526	26.18814278795476	0.0
98.0	26.249679496310645	23.8269564969659	23.74690179766958	26.176462209053874	0.0
99.0	26.26705791857782	23.76057662174867	23.754308994045754	26.21805646562776	0.0
100.0	26.195265092162618	23.8129967807185	23.686789550155265	26.30494857696362	0.0
101.0	26.39041622745791	23.778524828352467	23.63522406769038	26.195834876499248	0.0
102.0	26.31036152816159	23.83920686020341	23.66371328452181	26.18671832711319	0.0
103.0	26.198968690350704	23.770832739807982	23.70416797242244	26.326030597418875	0.0
104.0	26.218626249964387	23.687929118828524	23.87225435172787	26.221190279479217	0.0
105.0	26.326315489587195	23.589356428591778	23.86826586137147	26.216062220449558	0.0
106.0	26.16962479701433	23.865986724024957	23.841485997549928	26.122902481410787	0.0
107.0	26.323466567904045	23.82923563431241	23.647474430927893	26.199823366855647	0.0
108.0	26.178741346400386	23.779094612689097	23.782798210877182	26.25936583003333	0.0
109.0	26.118554689169287	23.74113631766526	23.84027850979029	26.300030483375163	0.0
110.0	26.14163088906046	23.740281643595214	23.884151778719183	26.23393568862514	0.0
111.0	26.174963177792147	23.877314386158837	23.67589619698528	26.271826239063735	0.0
112.0	26.199463834466723	23.850534598630812	23.83742959622348	26.11257197067898	0.0
113.0	26.133084148360027	23.806661329701917	23.885576235502594	26.174678286435466	0.0
114.0	26.168695567945164	23.664785434074716	23.816632527185757	26.349886470794363	0.0
115.0	26.18407970120595	23.90836754403708	23.723188162194347	26.184364592562627	0.0
116.0	26.3142000843276	23.707451597096394	23.754743427575125	26.22360489100088	0.0
117.0	26.228448030266772	23.634804508107983	23.886647749934475	26.250099711690766	0.0
118.0	26.200243866306565	23.75844700466081	23.811151755495537	26.23015737353709	0.0
119.0	26.283147014916867	23.86613563069069	23.58580333435894	26.2649140200335	0.0
120.0	26.27887365674108	23.6365138513783	23.836222123460164	26.248390368420456	0.0
121.0	26.233291169532663	23.717992547263343	23.79890146205828	26.249814821145716	0.0
122.0	26.176313060522148	23.884368625574055	23.75844700466081	26.18087130924299	0.0
123.0	26.25123927387098	23.81571000421638	23.75388875593997	26.179161965972675	0.0
124.0	26.27089672147961	23.75217941266965	23.75958656684102	26.217337299009717	0.0
125.0	26.19910430412635	23.802320148598906	23.696055975294293	26.302519571980444	0.0
126.0	26.38542272059075	23.77810445226944	23.639077866283774	26.19739496085604	0.0
127.0	26.323316581769284	23.839071028910695	23.657880642257247	26.179731747062778	0.0
128.0	26.206511458297722	23.768133283192597	23.69463152256903	26.33072373594065	0.0
129.0	26.215058174649297	23.68494524403724	23.873257894317003	26.226738686996455	0.0
130.0	26.324741034494547	23.59577450343578	23.865565849600586	26.21391861246909	0.0
131.0	26.179161965972675	23.865280959055532	23.847047964172166	26.108509110799634	0.0
132.0	26.316764099233076	23.829384750378903	23.65303750299135	26.20081364739667	0.0
133.0	26.186569120144043	23.775540437363965	23.776395108999125	26.261495333492874	0.0
134.0	26.116845341029197	23.74483990530211	23.8371447048668	26.301170048801893	0.0
135.0	26.142275148856157	23.73750035611521	23.881940685450555	26.23828380957807	0.0
136.0	26.170838924358065	23.875741077864102	23.686002353216015	26.267417644561817	0.0
137.0	26.193915255734186	23.84953092370851	23.836995632590618	26.11955818796669	0.0
138.0	26.125825833525635	23.813349515254593	23.895398693480793	26.165425957738975	0.0
139.0	26.173402961177633	23.658367734160663	23.82503012743263	26.343199177229078	0.0
140.0	26.192490790834423	23.91135270035811	23.714491651211222	26.181664857596243	0.0
141.0	26.309161925545645	23.70522525191805	23.768756748440914	26.21685607409539	0.0
142.0	26.232315117120503	23.628371024996724	23.88306752591124	26.256246331971532	0.0
143.0	26.198982353578003	23.751445844230584	23.82551865210281	26.2240531500886	0.0
144.0	26.28445097804596	23.863124846868715	23.580508595294667	26.27191557979066	0.0
145.0	26.274764533939592	23.645179854475423	23.833210828304928	26.24684478328006	0.0
146.0	26.24542030620559	23.708996427411495	23.797314006028387	26.248269260354522	0.0
147.0	26.16792875335464	23.87594514053891	23.763981242485883	26.192144863620566	0.0
148.0	26.263368717343866	23.81098898594326	23.750306262571012	26.175336034141868	0.0
149.0	26.27932286057788	23.750876053400795	23.75942291584759	26.210378170173733	0.0
150.0	26.196418294843966	23.796174424368814	23.70187404203917	26.30553323874806	0.0
151.0	26.390147176971336	23.76711509204971	23.64147621408181	26.201261516897144	0.0
152.0	26.324336336131005	23.832071246645356	23.66483763810305	26.178754779120585	0.0
153.0	26.21664586930138	23.759138020432697	23.700734460379593	26.323481649886325	0.0
154.0	26.22718699965243	23.673384500549847	23.87793940844316	26.221489091354567	0.0
155.0	26.332313407748014	23.59218930730529	23.865973801017645	26.209523483929047	0.0
156.0	26.177900092875905	23.877369617613375	23.849164971538947	26.095565317971776	0.0
157.0	26.319493114077826	23.819535848390057	23.665122533517945	26.195848504014172	0.0
158.0	26.182458419514198	23.786487980262446	23.78449371235819	26.246559887865168	0.0
159.0	26.121850116095214	23.735844218743324	23.84040113388698	26.301904531274484	0.0
160.0	26.144431402491144	23.735057150345863	23.881209330947794	26.239302116215203	0.0
161.0	26.174989957350792	23.86959655615479	23.68270356663618	26.272709919858233	0.0
162.0	26.192368726193223	23.852502685162236	23.844240647515832	26.11088794112871	0.0
163.0	26.128836505670893	23.80720392703196	23.896092056193254	26.167867511103893	0.0
164.0	26.174989957350792	23.656492964447597	23.836548405569182	26.331968672632428	0.0
165.0	26.19322341974285	23.915750007834692	23.72201946991906	26.1690071025034	0.0
166.0	26.30134956880465	23.702211674610613	23.770587548183624	26.225851208401114	0.0
167.0	26.22051282051282	23.636467236467237	23.895441595441596	26.247578347578347	0.0
168.0	26.202849002849003	23.747008547008548	23.825641025641026	26.224501424501423	0.0
169.0	26.284900284900285	23.85071225071225	23.58831908831909	26.276068376068373	0.0
170.0	26.27777777777778	23.635327635327634	23.835612535612537	26.25128205128205	0.0
171.0	26.24102564102564	23.710826210826212	23.806837606837608	26.241310541310543	0.0
172.0	26.166381766381768	23.88917378917379	23.749857549857552	26.194586894586898	0.0
173.0	26.27065527065527	23.805698005698005	23.744729344729347	26.178917378917376	0.0
174.0	26.286894586894586	23.73846153846154	23.765527065527063	26.20911680911681	0.0
175.0	26.191168091168095	23.804273504273503	23.70911680911681	26.295441595441595	0.0
176.0	26.391737891737893	23.755555555555556	23.652706552706555	26.200000000000003	0.0
177.0	26.31965811965812	23.835327635327637	23.67122507122507	26.173789173789174	0.0
178.0	26.22165242165242	23.756980056980055	23.705982905982907	26.315384615384612	0.0
179.0	26.241880341880343	23.67122507122507	23.879487179487178	26.207407407407405	0.0
180.0	26.332763532763533	23.59116809116809	23.864957264957265	26.211111111111112	0.0
181.0	26.172364672364672	23.88091168091168	23.85783475783476	26.08888888888889	0.0
182.0	26.31652421652422	23.827350427350428	23.672364672364672	26.18376068376068	0.0
183.0	26.174928774928773	23.793447293447294	23.78717948717949	26.244444444444444	0.0
184.0	26.119162732657358	23.739383872888524	23.84850099288032	26.292952401573793	0.0
185.0	26.15371027755144	23.726061117157364	23.88817030296469	26.23205830232651	0.0
186.0	26.175722299620794	23.859748089015007	23.693364900554705	26.27116471080949	0.0
187.0	26.197374906338233	23.84664256389656	23.853765131895717	26.1022173978695	0.0
188.0	26.134696307945653	23.806186377661348	23.88823836101163	26.170878953381365	0.0
189.0	26.178286424100488	23.65091439527973	23.84550295301669	26.325296227603083	0.0
190.0	26.19224665737884	23.913879605808596	23.720430658951503	26.173443077861062	0.0
191.0	26.29154261456716	23.711163976694824	23.75560905426003	26.241684354477986	0.0
192.0	26.223810093619832	23.638010906169335	23.894710450890898	26.243468549319932	0.0
193.0	26.208995025555993	23.748269201182925	23.819495489951397	26.223240283309686	0.0
194.0	26.276802452463578	23.85225958278489	23.5969845638387	26.273953400912838	0.0
195.0	26.282500555565054	23.631458087602635	23.840863376581936	26.24517798025037	0.0
196.0	26.24717231633589	23.711231531023323	23.799552129096224	26.242044023544565	0.0
197.0	26.168538493535504	23.87562180550095	23.756531450680068	26.199308250283483	0.0
198.0	26.277372262773724	23.800691749716517	23.740861667151005	26.181074320358753	0.0
199.0	26.27794207308387	23.74798429602785	23.760805028006178	26.2132686028821	0.0
200.0	26.189906380166043	23.792999310529524	23.71408058257406	26.303013726730374	0.0
201.0	26.385636221701798	23.759950312540955	23.652825974233178	26.20158749152407	0.0
202.0	26.322387277275393	23.833455842550016	23.6721995247782	26.171957355396387	0.0
203.0	26.228938386411166	23.757101260990215	23.69641646295948	26.31754388963914	0.0
204.0	26.253725134902588	23.664507085591207	23.867359556003805	26.214408223502396	0.0
205.0	26.346319310301602	23.579035539069043	23.86451050445307	26.210134646176286	0.0
206.0	26.17879507911816	23.86536521991829	23.85510863433563	26.10073106662792	0.0
207.0	26.325236328826136	23.828327549758686	23.66336746497091	26.18306865644427	0.0
208.0	26.185632802839937	23.787871017738194	23.787016302272974	26.239479877148895	0.0
209.0	26.119324317009173	23.746057613684606	23.8434954543253	26.291122614980928	0.0
210.0	26.160140402060446	23.732449742444274	23.888863563841912	26.21854629165337	0.0
211.0	26.190415138849716	23.862720126726895	23.694339740905036	26.25252499351835	0.0
212.0	26.204660518360868	23.838787889148154	23.85303326865931	26.103518323831665	0.0
213.0	26.12972982213219	23.802034810009374	23.895199592012332	26.173035775846103	0.0
214.0	26.18443207945503	23.64789980369867	23.84363131818195	26.324036798664352	0.0
215.0	26.203520887999975	23.898618483095007	23.713143641859762	26.184716987045253	0.0
216.0	26.30709224505611	23.69760875696959	23.763137876115774	26.23216112185852	0.0
217.0	26.224543289229263	23.629582777758785	23.899962391876645	26.245911541135307	0.0
218.0	26.20944305788232	23.745256248076856	23.830444345675637	26.214856348365185	0.0
219.0	26.282664934413713	23.846114397073404	23.6033710554207	26.26784961309219	0.0
220.0	26.28750840484575	23.62473930732675	23.83813691636181	26.24961537146569	0.0
221.0	26.265855242914288	23.700525374086865	23.794260772448062	26.239358610550788	0.0
222.0	26.17354439468016	23.881443240224737	23.75893192929673	26.186080435798374	0.0
223.0	26.270128893295496	23.80280807321048	23.74554115810227	26.18152187539175	0.0
224.0	26.285798944693266	23.74269205784813	23.76548485988125	26.206024137577355	0.0
225.0	26.19947120699283	23.789702212041437	23.724457816221637	26.286368764744093	0.0
226.0	26.394064754350577	23.758647019271315	23.644113189054895	26.203175037323213	0.0
227.0	26.32597125827664	23.83443308603143	23.670609821418395	26.168985834273535	0.0
228.0	26.234515140118752	23.757792289195073	23.688559153019476	26.319133417666702	0.0
229.0	26.250470101541936	23.656934140198523	23.874890309640215	26.217705448619327	0.0
230.0	26.33936202947109	23.57915370326051	23.871186479309834	26.210297787958563	0.0
231.0	26.184940795696722	23.850103137429198	23.86007498831869	26.10459616852998	2.8491002541397424E-4
232.0	26.32055796779377	23.823321595040287	23.664911620910118	26.19120881625583	0.0
233.0	26.19206354633207	23.791981492244748	23.78058509122819	26.23508496016958	2.8491002541397424E-4
234.0	26.113217868468062	23.740195505816455	23.865271363326848	26.281315262388638	0.0
235.0	26.16514618816705	23.730006325038605	23.89525508139926	26.20959240539509	0.0
236.0	26.178896534039914	23.85885436699574	23.694174964742082	26.26778922176161	2.8491246064646635E-4
237.0	26.196846019060644	23.838055757368547	23.846603131187944	26.118495092382865	0.0
238.0	26.137869139706826	23.79503397581093	23.904440360699176	26.162656523783067	0.0
239.0	26.186019345556076	23.64545493397154	23.842614356738892	26.325911363733496	0.0
240.0	26.19452636377883	23.903064495448135	23.71956518641991	26.182843954353125	0.0
241.0	26.307585778481936	23.704239840653344	23.76635996044829	26.221814420416433	0.0
242.0	26.233026032686908	23.620068109602315	23.900200909077956	26.24670494863282	0.0
243.0	26.20607691189589	23.74219438023878	23.835391556392842	26.216337151472484	0.0
244.0	26.30011258853877	23.834281072298943	23.59684752091439	26.268758818247896	0.0
245.0	26.290164420423707	23.62716927778158	23.832694807416022	26.249971494378695	0.0
246.0	26.24172917005197	23.699117112956518	23.79917954507228	26.259974171919232	0.0
247.0	26.18061970417508	23.86699282675881	23.77005713503712	26.18233033402899	0.0
248.0	26.287291462917395	23.77700539181163	23.73993846890798	26.19576467636299	0.0
249.0	26.290998155207763	23.73223995415107	23.773298699521266	26.20346319111991	0.0
