# Position (bp)	A	C	G	T	N
0.0	26.22028614373991	23.749930412514615	23.788064354506485	26.24171908923899	0.0
1.0	26.304069476145408	23.65751823192117	23.63692033624673	26.40149195568669	0.0
2.0	26.259713655897222	23.75921266504865	23.65567455634477	26.32539912270936	0.0
3.0	26.22725425691209	23.85707685542363	23.803917639396825	26.111751248267456	0.0
4.0	26.243501397130036	23.861144199405523	23.764569672815522	26.130784730648916	0.0
5.0	26.267526062974156	23.8051107363312	23.638407890415838	26.288955310278805	0.0
6.0	26.19846716425387	23.708861393578122	23.81990014860826	26.272771293559753	0.0
7.0	26.20484107062353	23.817143556834434	23.756755402930914	26.221259969611122	0.0
8.0	26.352317821820755	23.621245262226378	23.79238950760548	26.23404740834739	0.0
9.0	26.240055209414543	23.62345175715649	23.747839903828762	26.388653129600204	0.0
10.0	26.17999476856464	23.77047355620732	23.686158401184308	26.363373274043735	0.0
11.0	26.231474318661196	23.763238592409966	23.62160026268484	26.383686826243995	0.0
12.0	26.310780652593735	23.8211183027888	23.672801544943038	26.19529949967443	0.0
13.0	26.189734142907227	23.839762247958905	23.70730675689965	26.26319685223421	0.0
14.0	26.273141384712563	23.79489491244327	23.69221436581545	26.239749337028723	0.0
15.0	26.283437266081748	23.700562377736407	23.77096394493651	26.245036411245326	0.0
16.0	26.328516530454937	23.7030667813127	23.714475730938013	26.253940957294354	0.0
17.0	26.21240622426037	23.665713140847267	23.780637118496916	26.34124351639545	0.0
18.0	26.168996683065828	23.685470047416576	23.824603192270878	26.320930077246725	0.0
19.0	26.222702076979587	23.714688007835978	23.794272166692636	26.2683377484918	0.0
20.0	26.342913114133705	23.797889628458847	23.717192404443356	26.14200485296409	0.0
21.0	26.331782462545355	23.714688007835978	23.617573072727676	26.335956456890987	0.0
22.0	26.262215890118206	23.731940517797913	23.63732997929699	26.36851361278689	0.0
23.0	26.34903497250729	23.71663587186394	23.731662251508205	26.20266690412057	0.0
24.0	26.143952716992054	23.777297923020413	23.83489904499009	26.24385031499744	0.0
25.0	26.2296587342223	23.753923554684892	23.774236993833618	26.24218071725919	0.0
26.0	26.30339930099508	23.648182364595623	23.653747690389796	26.394670644019502	0.0
27.0	26.27557267202422	23.76588900514236	23.660147815053094	26.29839050778033	0.0
28.0	26.22158901182075	23.87135192894192	23.808742013757485	26.098317045479842	0.0
29.0	26.234945793726766	23.850481957213777	23.780915384786624	26.133656864272837	0.0
30.0	26.264998553015296	23.82015093163554	23.632321186082233	26.282529329266936	0.0
31.0	26.200440773802896	23.70439215511676	23.818203067607577	26.276964003472763	0.0
32.0	26.205727833307364	23.808742013757485	23.76171501079673	26.223815142138417	0.0
33.0	26.34708710847933	23.630095055764563	23.787593775739634	26.23522406001647	0.0
34.0	26.234389261147346	23.6248079962601	23.750027826628973	26.390774915963583	0.0
35.0	26.177066405467375	23.769784733198282	23.68658311257541	26.36656574875893	0.0
36.0	26.237450190334144	23.75642795129227	23.62063400191447	26.385487856459118	0.0
37.0	26.302564502125954	23.8220987956635	23.674061129538522	26.201275572672024	0.0
38.0	26.192092785111644	23.830168518065047	23.707731350593264	26.270007346230052	0.0
39.0	26.27661261822806	23.79531901750012	23.70460445948315	26.22346390478867	0.0
40.0	26.27856047683579	23.700987007783088	23.769996855599675	26.25045565978145	0.0
41.0	26.31918724208265	23.699873945721528	23.722413452468075	26.25852535972775	0.0
42.0	26.210312491304226	23.67198152322119	23.780226507499236	26.337479477975346	0.0
43.0	26.173859810223448	23.683946907087403	23.83615772045524	26.30603556223391	0.0
44.0	26.231460611625902	23.707877674819823	23.79080056766007	26.269861145894204	0.0
45.0	26.355288421404122	23.798035450928012	23.715112558087764	26.131563569580095	0.0
46.0	26.334418565823526	23.72151264713248	23.60965022122047	26.334418565823526	0.0
47.0	26.263182792108413	23.722903970837855	23.645824637560175	26.368088599493554	0.0
48.0	26.34694047917188	23.71427776386454	23.744608620641678	26.194173136321897	0.0
49.0	26.15382474886607	23.773548153713442	23.83615772045524	26.236469376965243	0.0
50.0	26.22867796421515	23.754626151320366	23.784400478615357	26.232295405849126	0.0
51.0	26.30353117956424	23.65333778556919	23.647215961265548	26.395915073601024	0.0
52.0	26.285443971394386	23.755182680802516	23.659459609872833	26.299913737930268	0.0
53.0	26.230625817402675	23.863705929821634	23.810279099535297	26.095389153240394	0.0
54.0	26.25149567298328	23.84506219216963	23.772156830008072	26.131285304839025	0.0
55.0	26.268191557447757	23.81751398280324	23.633859253693963	26.280435206055042	0.0
56.0	26.203077608036285	23.704816762668003	23.823635807106882	26.268469822188827	0.0
57.0	26.20919943233993	23.807496452124553	23.761304505106157	26.221999610429364	0.0
58.0	26.34387956702006	23.620224281381304	23.79525280351727	26.240643348081367	0.0
59.0	26.23980855385814	23.61855469293486	23.755182680802516	26.386454072404486	0.0
60.0	26.18220775245569	23.76686979992765	23.684781701310627	26.366140746306037	0.0
61.0	26.232851935331276	23.765478476222277	23.617163369229484	26.384506219216963	0.0
62.0	26.302139855858865	23.82224448340151	23.67532070011409	26.200294960625538	0.0
63.0	26.194451401062974	23.825027130812256	23.712886440159167	26.267635027965607	0.0
64.0	26.2675619346024	23.789343046600866	23.71087260797338	26.232222410823354	0.0
65.0	26.27757943740591	23.694455033934293	23.77626464016295	26.25170088849685	0.0
66.0	26.322658200021703	23.70502906467133	23.721446638710415	26.250866096596553	0.0
67.0	26.202931780995737	23.669067150473605	23.792059481540022	26.335941586990643	0.0
68.0	26.17482719855748	23.676301993477512	23.832685907638883	26.31618490032612	0.0
69.0	26.223801520430083	23.705519628685597	23.797346482196723	26.2733323686876	0.0
70.0	26.346515588304044	23.802633482853423	23.71470231403671	26.136148614805826	0.0
71.0	26.320358848212994	23.715537103614082	23.61675367029151	26.34735037788142	0.0
72.0	26.26136705141191	23.72972852642944	23.648753937424175	26.36015048473448	0.0
73.0	26.352080852153197	23.709971839764922	23.73891121178055	26.199036096301327	0.0
74.0	26.158131407010003	23.766459267833888	23.842981645759824	26.23242767939628	0.0
75.0	26.228810257894324	23.740580790935297	23.78510290172857	26.2455060494418	0.0
76.0	26.29614995046915	23.65765835958283	23.647640884654344	26.39855080529368	0.0
77.0	26.2786193693443	23.75393742417328	23.66962367685852	26.2978195296239	0.0
78.0	26.22046236212059	23.878599334394444	23.811259641819618	26.08967866166535	0.0
79.0	26.248010418173926	23.85188606791848	23.772302794875504	26.12780071903209	0.0
80.0	26.270549736763023	23.811259641819618	23.639014725688146	26.279175895729217	0.0
81.0	26.207105728882606	23.697449996104318	23.8246162750576	26.270827999955475	0.0
82.0	26.21155793996193	23.81376401055174	23.75282437140345	26.22185367808288	0.0
83.0	26.348185167458787	23.62231893414067	23.789555112807896	26.239940785592648	0.0
84.0	26.243001680709682	23.625379829257707	23.75838963525261	26.373228854780006	0.0
85.0	26.179001146444353	23.766459267833888	23.695780416949567	26.35875916877219	0.0
86.0	26.229923310664162	23.7703549525283	23.620092828601006	26.379628908206538	0.0
87.0	26.296984740046526	23.827120643789723	23.674354151130306	26.201540465033446	0.0
88.0	26.20070567545607	23.82016406397827	23.716371893191457	26.262758367374197	0.0
89.0	26.269920110859747	23.805071610833313	23.701001466442946	26.224006811863998	0.0
90.0	26.285781068694643	23.69627100533429	23.76861923405487	26.249328691916197	0.0
91.0	26.326129119327273	23.703784090624506	23.722984197477274	26.247102592570947	0.0
92.0	26.207794665167768	23.661978885506464	23.789422718393652	26.340803730932123	0.0
93.0	26.17774240763105	23.683683293727427	23.833109796479434	26.30546450216209	0.0
94.0	26.229499073388723	23.704552917016812	23.798327090997123	26.26762091859734	0.0
95.0	26.351099411754888	23.793040119763813	23.730431249895652	26.12542921858565	0.0
96.0	26.33440371312338	23.7106746731817	23.623857040297853	26.33106457339707	0.0
97.0	26.268455703528915	23.724031232086908	23.659196269067877	26.3483167953163	0.0
98.0	26.35722116791977	23.714013812908004	23.749909564965748	26.178855454206477	0.0
99.0	26.155481476122368	23.779405299214744	23.841735907439045	26.22337731722384	0.0
100.0	26.238403445992198	23.731544296471085	23.79359664305153	26.236455614485187	0.0
101.0	26.293777513120038	23.656691914273154	23.647231018381966	26.402299554224847	0.0
102.0	26.2926644665446	23.76048350743237	23.651126681395983	26.295725344627048	0.0
103.0	26.224212102155413	23.88542298552483	23.808344510176028	26.08202040214373	0.0
104.0	26.25621219119914	23.844240262233775	23.774396589625294	26.125150956941795	0.0
105.0	26.269012226816628	23.818918452642652	23.63665707591534	26.27541224462538	0.0
106.0	26.210855543250204	23.700657254002795	23.822257592368953	26.266229610378044	0.0
107.0	26.214751206264225	23.811683649902328	23.74907478003417	26.224490363799273	0.0
108.0	26.362508139153086	23.6074396033102	23.795822736202396	26.234229521334317	0.0
109.0	26.238403445992198	23.61244831289965	23.770500926611273	26.378647314496874	0.0
110.0	26.169394558315297	23.757979152637642	23.698709422495785	26.373916866551284	0.0
111.0	26.234786044622037	23.754918274555198	23.62608313344872	26.384212547374048	0.0
112.0	26.312699304902416	23.82448368551982	23.66893542660293	26.193881582974836	0.0
113.0	26.191377228180112	23.81752714442336	23.73237908140266	26.258716545993867	0.0
114.0	26.272834782608694	23.799095652173914	23.708104347826087	26.219965217391305	0.0
115.0	26.2976	23.680278260869564	23.76904347826087	26.253078260869568	0.0
116.0	26.336278260869566	23.695860869565216	23.723408695652175	26.24445217391304	0.0
117.0	26.214751206264225	23.66615281016434	23.78385748551648	26.335238498054952	0.0
118.0	26.179690239138058	23.671718043041512	23.845909832096922	26.302681885723505	0.0
119.0	26.225881672018563	23.708170318386973	23.806953201956734	26.258994807637727	0.0
120.0	26.360560307646075	23.78246617729719	23.730152988251792	26.126820526804945	0.0
121.0	26.334681974767232	23.704274655372952	23.623300517010133	26.337742852849676	0.0
122.0	26.264838302158754	23.726257325237775	23.66086583893103	26.34803853367244	0.0
123.0	26.35193419668646	23.706222486879962	23.75074434989732	26.191098966536252	0.0
124.0	26.15102928982063	23.772170496474427	23.852588111549526	26.224212102155413	0.0
125.0	26.236733876129048	23.72709211016935	23.794431427983103	26.241742585718498	0.0
126.0	26.289325326818304	23.66448324030119	23.649735373176693	26.396456059703816	0.0
127.0	26.302681885723505	23.75519653619906	23.656413652629293	26.285707925448143	0.0
128.0	26.218646869278246	23.880136014291516	23.819753237574226	26.08146387885601	0.0
129.0	26.255377406267566	23.841735907439045	23.78608357866735	26.11680310762604	0.0
130.0	26.281534000790263	23.810848864970755	23.63303967454518	26.2745774596938	0.0
131.0	26.222542532292266	23.686187648522154	23.82281411565667	26.268455703528915	0.0
132.0	26.201672909002877	23.800274922504133	23.768553095104263	26.229499073388723	0.0
133.0	26.35582985970048	23.619404853996116	23.796379259490113	26.228386026813293	0.0
134.0	26.245081725444802	23.614396144406662	23.77161397318671	26.36890815696183	0.0
135.0	26.173011959685454	23.75464001291134	23.70177030057823	26.37057772682498	0.0
136.0	26.234229521334317	23.756587844418352	23.62803096495573	26.381151669291604	0.0
137.0	26.314090613121703	23.81418800469706	23.684239817015143	26.18748156516609	0.0
138.0	26.199725077495867	23.815857574560205	23.72737037181321	26.257046976130717	0.0
139.0	26.284946281440174	23.792271539598133	23.703784090624506	26.218998088337187	0.0
140.0	26.303033338620317	23.674566536718118	23.771958383072743	26.25044174158882	0.0
141.0	26.355903198069974	23.683192671680956	23.722984197477274	26.237919932771796	0.0
142.0	26.214618835078973	23.65070177977138	23.80040737731376	26.334272007835892	0.0
143.0	26.18122725198402	23.664893202586732	23.85884264772993	26.29503689769932	0.0
144.0	26.233262468973656	23.712754471689504	23.80847700989504	26.2455060494418	0.0
145.0	26.365159222198724	23.773694110837795	23.738354685395635	26.122791981567843	0.0
146.0	26.341228587647343	23.698841312066605	23.630388566721948	26.329541533564104	0.0
147.0	26.2647062097214	23.718041472346204	23.669901940050977	26.34735037788142	0.0
148.0	26.36293311665906	23.705241365493137	23.74475473882217	26.187070779025635	0.0
149.0	26.16035751254967	23.767850583796175	23.852999120688313	26.21879278296584	0.0
150.0	26.234375521743488	23.724719788965196	23.796233429426888	26.244671259864432	0.0
151.0	26.286132475540665	23.65237135892613	23.658214885967745	26.403281279565466	0.0
152.0	26.30728047816747	23.757276582482774	23.65459746446579	26.28084547488396	0.0
153.0	26.217123203811095	23.88472112462852	23.821555379940563	26.07660029161983	0.0
154.0	26.24717562859655	23.84409469852966	23.798181271774094	26.1105484010997	0.0
155.0	26.284741159578374	23.805137851585545	23.630388566721948	26.279732422114133	0.0
156.0	26.21489709827143	23.690771679485326	23.822390169517938	26.27194105272531	0.0
157.0	26.21127967676948	23.79985085092884	23.760894003984728	26.227975468316956	0.0
158.0	26.35096779938337	23.613136248789555	23.804581325200626	26.23131462662645	0.0
159.0	26.251349576483424	23.620092828601006	23.772024531683048	26.35653306323253	0.0
160.0	26.177609830482062	23.74948521309395	23.7074674710328	26.36543748539118	0.0
161.0	26.23632336409069	23.752267845018533	23.629553777144572	26.381855013746204	0.0
162.0	26.32258495375266	23.815155326514027	23.685762942021082	26.17649677771223	0.0
163.0	26.20654920249769	23.804581325200626	23.74002426455038	26.248845207751298	0.0
164.0	26.281196868973844	23.787951726767044	23.715324831441603	26.215526572817506	0.0
165.0	26.302623194414686	23.66968954089228	23.781551655531473	26.246135609161563	0.0
166.0	26.355493348099873	23.6827679473302	23.72729018201246	26.234448522557468	0.0
167.0	26.21226034449175	23.661407463060353	23.801652892561982	26.32467929988591	0.0
168.0	26.19250354787545	23.66279878676573	23.854801458107243	26.28989620725158	0.0
169.0	26.24036508334029	23.700642791551882	23.81167042324067	26.247321701867154	0.0
170.0	26.364471157859587	23.779669978017086	23.73570414892729	26.120154715196037	0.0
171.0	26.353618832957675	23.699529732587585	23.629128753095696	26.317722681359047	0.0
172.0	26.2720872638228	23.71789520549851	23.669755405292594	26.340262125386094	0.0
173.0	26.357236274591646	23.704816762668003	23.749617385981022	26.18832957675933	0.0
174.0	26.163007485321533	23.754626151320366	23.863427665080557	26.21893869827754	0.0
175.0	26.240921612822437	23.72401702980215	23.78300915490998	26.252052202465425	0.0
176.0	26.30047026741242	23.64081587222083	23.659737874613906	26.39897598575284	0.0
177.0	26.321061858251944	23.754347886579293	23.65445084453349	26.27013941063528	0.0
178.0	26.229791023179455	23.867045106714528	23.83727077941954	26.065893090686483	0.0
179.0	26.250104349277905	23.834766396749867	23.802487686785206	26.112641567187023	0.0
180.0	26.276261234938918	23.804713804713803	23.644711578595874	26.274313381751398	0.0
181.0	26.214764727161423	23.686173025016	23.824470601330106	26.274591646492475	0.0
182.0	26.20808637337563	23.799148509892312	23.765478476222277	26.227286640509785	0.0
183.0	26.356958009850572	23.613824192336587	23.795809332999415	26.233408464813422	0.0
184.0	26.2523304672065	23.611876339149067	23.77438294793667	26.361410245707766	0.0
185.0	26.186381723571806	23.760469710882933	23.69758187940006	26.3555666861452	0.0
186.0	26.240643348081367	23.756852269248963	23.628850488354622	26.37365389431505	0.0
187.0	26.318279210841194	23.813896541169267	23.687842613462447	26.17998163452709	0.0
188.0	26.211425550268526	23.80554859893703	23.737095472632664	26.245930378161788	0.0
189.0	26.289969362966755	23.787249317553822	23.70989150427555	26.212889815203873	0.0
190.0	26.30833488698246	23.664255959751674	23.780849210699863	26.246559942566	0.0
191.0	26.354805228052502	23.68456934237511	23.729091824837422	26.231533604734963	0.0
192.0	26.221867278110462	23.66877407003406	23.79566349814118	26.3136951537143	0.0
193.0	26.189031855924842	23.66098261392222	23.86383873911979	26.28614679103315	0.0
194.0	26.236893657754724	23.705505220275594	23.812916008103112	26.244685113866566	0.0
195.0	26.361000422964757	23.79009817234701	23.72999265376995	26.11890875091828	0.0
196.0	26.361000422964757	23.70077469335055	23.61673827385855	26.321486609826138	0.0
197.0	26.271398677678594	23.713018410097728	23.677122058725317	26.338460853498365	0.0
198.0	26.35849602635738	23.70661828543443	23.748914761470136	26.18597092673805	0.0
199.0	26.157587765187774	23.749193027759848	23.872743260390465	26.22047594666192	0.0
200.0	26.24357204870773	23.719140268471318	23.78842857460876	26.248859108212198	0.0
201.0	26.307295029051005	23.644564902829412	23.661539146501635	26.386600921617955	0.0
202.0	26.32176487611585	23.756984483871683	23.651521560072126	26.26972907994034	0.0
203.0	26.212684490550075	23.872743260390465	23.836290376438637	26.078281872620824	0.0
204.0	26.248302575632778	23.838794773046015	23.79343736782351	26.119465283497696	0.0
205.0	26.272511742837423	23.7898199060573	23.64873889717504	26.288929453930233	0.0
206.0	26.220754212951626	23.681574319360653	23.819316132766414	26.278355334921304	0.0
207.0	26.216872029474292	23.789528166427353	23.760588150176424	26.233011653921928	0.0
208.0	26.356284992375418	23.61171402811634	23.7889716276533	26.243029351854947	0.0
209.0	26.24887300898254	23.60893133424606	23.771440656270524	26.370755000500886	0.0
210.0	26.191549515254724	23.754187954274776	23.69825580748211	26.35600672298839	0.0
211.0	26.24191627430683	23.755857570596945	23.623679611758554	26.378546543337674	0.0
212.0	26.318440355739586	23.81485068064692	23.684898876904754	26.18181008670874	0.0
213.0	26.206297792767224	23.807059137810132	23.733874289021717	26.25276878040093	0.0
214.0	26.286937091114503	23.78694404790726	23.715706490131094	26.21041237084714	0.0
215.0	26.306562518261682	23.662966559902493	23.788189526351086	26.24228139548474	0.0
216.0	26.364721629345585	23.683280507793043	23.727525955938212	26.224471906923156	0.0
217.0	26.2214838684543	23.67193717685428	23.801612876296062	26.30496607839536	0.0
218.0	26.18823673460301	23.65620721512929	23.86324424804372	26.292311802223978	0.0
219.0	26.244170126559734	23.706853371030398	23.813989470051983	26.234987032357886	0.0
220.0	26.362993800020035	23.788388116519553	23.73913333852781	26.109484744932605	0.0
221.0	26.36855931165752	23.692104765191065	23.624483798795623	26.31485212435579	0.0
222.0	26.2672669998553	23.706853371030398	23.682365119825466	26.34351450928884	0.0
223.0	26.365498280256904	23.697392001246676	23.754438495530895	26.182671222965524	0.0
224.0	26.169592270617436	23.750820912966528	23.86380079920747	26.215786017208565	0.0
225.0	26.247787709124097	23.711305780340385	23.791170872338295	26.24973563819722	0.0
226.0	26.315130399937665	23.634501719743096	23.65843341978428	26.391934460534955	0.0
227.0	26.32793107670388	23.75026436180278	23.656763766293036	26.2650407952003	0.0
228.0	26.22162980442792	23.87687975155556	23.833468760783177	26.06802168323334	0.0
229.0	26.25502287425283	23.837364618929417	23.797014659557654	26.1105978472601	0.0
230.0	26.262536314963437	23.797292935139527	23.660659624439276	26.27951112545776	0.0
231.0	26.22246463117354	23.672625474459867	23.828459800309442	26.276450094057147	0.0
232.0	26.221073253264173	23.782822604882067	23.760838833914004	26.23526530793976	0.0
233.0	26.348245194180702	23.615857255757522	23.79617983281203	26.239717717249743	0.0
234.0	26.245283228887235	23.606117610391923	23.77447433742584	26.374124823295002	0.0
235.0	26.194504583224344	23.748170327866116	23.70503737261864	26.352287716290903	0.0
236.0	26.239307201255585	23.754014147609322	23.625728390389423	26.38095026074567	0.0
237.0	26.320285846268582	23.80577369390629	23.68667108199714	26.18726937782799	0.0
238.0	26.205635668449496	23.79603399433428	23.743439616645425	26.2548907205708	0.0
239.0	26.287244019112126	23.777177315898296	23.72013034537071	26.215448319618872	0.0
240.0	26.30306167315067	23.666605444334987	23.781536457898518	26.24879642461583	0.0
241.0	26.364418123780712	23.67690890520943	23.722271233326563	26.23640173768329	0.0
242.0	26.227596571301348	23.659968830012247	23.815262161861295	26.29717243682511	0.0
243.0	26.192921373644268	23.65915498445619	23.863437116449166	26.28448652545038	0.0
244.0	26.250587963517034	23.704184073633908	23.792691717855444	26.252536244993614	0.0
245.0	26.355562111896326	23.769827905332626	23.750901110279198	26.123708872491854	0.0
246.0	26.375690976803217	23.695842170599597	23.615680511253252	26.31278634134393	0.0
247.0	26.28200667481302	23.714235611435697	23.66886469725353	26.334893016497755	0.0
248.0	26.380282709512915	23.68819556951102	23.75249834371642	26.179023377259643	0.0
249.0	26.171507468586285	23.753890178655933	23.865515340804702	26.20908701195308	0.0
