# Position (bp)	A	C	G	T	N
0.0	26.359150671878613	23.725130182576013	23.659934414171442	26.255784731373932	0.0
1.0	26.199504623605886	23.748255177351993	23.832953953398956	26.21928624564317	0.0
2.0	26.323912468136673	23.68681311027845	23.717457620035937	26.27181680154894	0.0
3.0	26.2246947490995	23.800516482016455	23.6952143233222	26.27957444556185	0.0
4.0	26.270324778610686	23.80836975567088	23.773827730003926	26.147477735714503	0.0
5.0	26.305072659559947	23.840190750495122	23.680303507213033	26.174433082731902	0.0
6.0	26.309353700283832	23.654296641068708	23.853453774654398	26.18289588399306	0.0
7.0	26.171191746788626	23.83465724885527	23.79065051972504	26.20350048463107	0.0
8.0	26.131179501462192	23.998885949032168	23.602283804484056	26.267650745021587	0.0
9.0	26.192266559721944	23.739221977140566	23.843938685025513	26.22457277811198	0.0
10.0	26.11757825554194	23.79915339200178	23.6897070290743	26.393561323381974	0.0
11.0	26.229809513200404	23.563551297760945	23.924752144368945	26.28188704466971	0.0
12.0	26.305837139356132	23.814470313022166	23.71783446585719	26.16185808176451	0.0
13.0	26.18155792147176	23.739490532776728	23.772352199086	26.306599346665514	0.0
14.0	26.09160607216756	23.685463725454703	23.87957034763744	26.343359854740296	0.0
15.0	26.315510984986673	23.728907962270352	23.709970730837888	26.245610321905083	0.0
16.0	26.30242201620247	23.728629473572816	23.666526494022243	26.30242201620247	0.0
17.0	26.348651139993486	23.7885045435431	23.608043867539635	26.25480044892378	0.0
18.0	26.255078937621317	23.729464939665423	23.86508893536556	26.1503671873477	0.0
19.0	26.370021332174826	23.89704858500287	23.6664605856044	26.066469497217902	0.0
20.0	26.076773550331122	23.87476955124456	23.672587319887935	26.375869578536378	0.0
21.0	26.202093115221594	23.791223174650916	23.722436657922145	26.284247052205345	0.0
22.0	26.215460535476577	23.828540556196078	23.85861725176979	26.097381656557555	0.0
23.0	26.28285461259545	23.612155440818533	23.779805169849784	26.325184776736233	0.0
24.0	26.224650636901874	23.678714054171472	23.762260430765117	26.334374878161533	0.0
25.0	26.348020786338495	23.733854662723278	23.650029798207655	26.268094752730576	0.0
26.0	26.212954144178767	23.746665107134305	23.8229707977565	26.217409950930424	0.0
27.0	26.32156443375051	23.691802986504477	23.729677343893595	26.25695523585142	0.0
28.0	26.222979709370005	23.79456502971466	23.706284358447373	26.27617090246796	0.0
29.0	26.25305640494372	23.814337672175157	23.782590049069572	26.150015873811554	0.0
30.0	26.29733598453835	23.833831826713674	23.687347179752813	26.18148500899516	0.0
31.0	26.299006912070222	23.668688488980234	23.851655053720318	26.180649545229222	0.0
32.0	26.16895305250611	23.82631265282025	23.79456502971466	26.210169264958978	0.0
33.0	26.133306598492823	23.99368389392952	23.61020602536468	26.262803482212977	0.0
34.0	26.182041984839117	23.733854662723278	23.846363783202722	26.23773956923488	0.0
35.0	26.102115951231198	23.800691763998195	23.69737274494405	26.39981953982656	0.0
36.0	26.224929124823852	23.568711324989835	23.92935318395241	26.277006366233895	0.0
37.0	26.304019694665843	23.81879347892682	23.711018653121013	26.166168173286326	0.0
38.0	26.18196907121752	23.74743443716355	23.768042485999057	26.30255400561987	0.0
39.0	26.096473517264812	23.683939367778482	23.88027280600864	26.33931430894807	0.0
40.0	26.310073158573367	23.72069967110668	23.719028748228123	26.25019842209183	0.0
41.0	26.31313651718405	23.7284973112066	23.660824934625143	26.297541236984205	0.0
42.0	26.34850438478012	23.780017433295367	23.619608836954132	26.251869344970384	0.0
43.0	26.26300883082741	23.726826388328046	23.864677525808798	26.145487255035743	0.0
44.0	26.370988403827518	23.888560893829855	23.672733956400176	26.067716745942455	0.0
45.0	26.073843446101748	23.873522629802498	23.679974602042975	26.372659322052776	0.0
46.0	26.204175067672185	23.789141259426763	23.72425393501242	26.28242973788863	0.0
47.0	26.20723841775183	23.837040915217607	23.863775606821804	26.091945060208754	0.0
48.0	26.285214601597396	23.615087277628632	23.78496396386361	26.31473415691036	0.0
49.0	26.218656358957794	23.68637978857315	23.751545599358366	26.343418253110695	0.0
50.0	26.353443762462263	23.731494580655223	23.649619587617384	26.265442069265134	0.0
51.0	26.214757549765515	23.753495003954505	23.82116719207762	26.21058025420236	0.0
52.0	26.330329393679474	23.680253088413853	23.723139989528914	26.266277528377763	0.0
53.0	26.219770304441305	23.79136915039378	23.709772643726815	26.279087901438103	0.0
54.0	26.25068229160865	23.812255628209556	23.781065154671328	26.155996925510465	0.0
55.0	26.30916442949282	23.828964810462175	23.68053157478473	26.18133918526027	0.0
56.0	26.30805048400931	23.6627084470486	23.852636151986722	26.176604916955366	0.0
57.0	26.181896158002026	23.824230542157267	23.789141259426763	26.20473204041394	0.0
58.0	26.140401688741356	23.99633511935926	23.601998418197415	26.261264773701974	0.0
59.0	26.193592585578862	23.732608526138733	23.848458856423566	26.225340031858842	0.0
60.0	26.09695781488454	23.79888828240746	23.701696538971383	26.40245736373662	0.0
61.0	26.229517327422	23.569415512804802	23.932561740428422	26.268505419344777	0.0
62.0	26.295797083690726	23.81726838288534	23.727595771462944	26.15933876196099	0.0
63.0	26.182101730787977	23.748416113176546	23.77570770151914	26.29377445451634	0.0
64.0	26.108581533620175	23.67461743041341	23.879861314173525	26.33693972179289	0.0
65.0	26.318002701310274	23.721403010429285	23.72195998161995	26.238634306640492	0.0
66.0	26.309091162259634	23.733934862219254	23.662642549814112	26.294331425707007	0.0
67.0	26.346965203224865	23.78656863973711	23.613350599440246	26.253115557597784	0.0
68.0	26.260077697481098	23.728086664717267	23.863987635239567	26.147848002562068	0.0
69.0	26.381702433400356	23.88787087215876	23.67065271272063	26.05977398172026	0.0
70.0	26.076483070907802	23.870604813331624	23.67733634839565	26.37557576736492	0.0
71.0	26.18954790774355	23.7901227004116	23.73024846415622	26.29008092768863	0.0
72.0	26.197345482697738	23.83607269567736	23.873668146349342	26.092913675275557	0.0
73.0	26.287853049130295	23.624981202274665	23.792907548609527	26.29425819998552	0.0
74.0	26.227143358415532	23.679007257314407	23.745565129244806	26.348284255025256	0.0
75.0	26.35608182997945	23.720779980283275	23.65589301727163	26.267245172465646	0.0
76.0	26.210712754047776	23.746679068523974	23.815743303832505	26.22686487359574	0.0
77.0	26.337144862233558	23.675943924296686	23.716602707986386	26.270308505483364	0.0
78.0	26.22213063165927	23.782882095096998	23.718552101724935	26.276435171518802	0.0
79.0	26.251371537737477	23.821034515408567	23.78009724689907	26.147496699954885	0.0
80.0	26.297878502642817	23.83635118049715	23.685690892989424	26.180079423870605	0.0
81.0	26.304283653498047	23.66201968330706	23.862528753557644	26.171167909637244	0.0
82.0	26.17367427301538	23.82047754576898	23.79346451824911	26.21238366296653	0.0
83.0	26.137192761622565	23.996201467058032	23.603537871150643	26.263067900168764	0.0
84.0	26.19957336125608	23.724121798120784	23.850275421486774	26.226029419136367	0.0
85.0	26.099875795770373	23.795413911987655	23.6976657402405	26.40704455200147	0.0
86.0	26.2357763878291	23.565106966019282	23.93214995850576	26.266966687645855	0.0
87.0	26.298992441921992	23.81852815203043	23.717159677625972	26.165319728421604	0.0
88.0	26.188082553810077	23.74633445376747	23.77334740606037	26.29223558636208	0.0
89.0	26.114284282082057	23.680055251234382	23.880285279054934	26.325375187628623	0.0
90.0	26.320919442920516	23.72544815044822	23.719878469563085	26.233753937068176	0.0
91.0	26.30810917688471	23.74132174097085	23.65666259151682	26.293906490627624	0.0
92.0	26.350717235655985	23.787828576361715	23.61600392105534	26.245450266926955	0.0
93.0	26.25408327229891	23.727397538758016	23.870538337505952	26.14798085143712	0.0
94.0	26.38127701287707	23.890522657398744	23.665786659537495	26.062413670186697	0.0
95.0	26.079679632847657	23.864623713407298	23.687508354498064	26.36818829924698	0.0
96.0	26.193022323218823	23.779407833177384	23.738470792674775	26.28909905092902	0.0
97.0	26.20249075435548	23.833433587310076	23.880218776455912	26.083856881878535	0.0
98.0	26.28909905092902	23.627355968453415	23.791382613732566	26.292162366884998	0.0
99.0	26.21975671701644	23.68360958873591	23.74292652497438	26.35370716927327	0.0
100.0	26.34785902063004	23.731508710956646	23.65548277859466	26.26514948981865	0.0
101.0	26.21585795125429	23.734572026912623	23.82312970636724	26.226440315465847	0.0
102.0	26.33616272334358	23.66717907588112	23.725103595775966	26.27155460499933	0.0
103.0	26.21307311856704	23.789990197388942	23.714521231564408	26.28241545247961	0.0
104.0	26.264035556743753	23.807256160049906	23.775230584146502	26.15347769905984	0.0
105.0	26.30831439647106	23.82842088847302	23.684166555273357	26.17909815978256	0.0
106.0	26.308592879739784	23.656875194938287	23.850142583433588	26.184389341888338	0.0
107.0	26.18132602593236	23.818395490798913	23.794445929688543	26.205832553580183	0.0
108.0	26.139553535623577	23.99328298355835	23.609254555986276	26.257908924831796	0.0
109.0	26.202769237624203	23.72844539500067	23.844572918059086	26.22421244931605	0.0
110.0	26.10641402664528	23.782749632402087	23.707837633115002	26.402998707837632	0.0
111.0	26.240085995633383	23.561633917034264	23.934244530588604	26.264035556743753	0.0
112.0	26.294668716303526	23.816446107917834	23.73011629461302	26.158768881165617	0.0
113.0	26.18737973037325	23.748708537437793	23.778506164209986	26.28540556797897	0.0
114.0	26.102999534934234	23.68215122156346	23.887114336557232	26.32773490694508	0.0
115.0	26.321886774587917	23.7336704828051	23.713619743294835	26.23082299931215	0.0
116.0	26.317431054696744	23.72475904302276	23.666556201944363	26.291253700336124	0.0
117.0	26.34444385653696	23.787417603992324	23.627847135389835	26.240291404080885	0.0
118.0	26.25672187117957	23.732835035325504	23.862329394662606	26.14811369883232	0.0
119.0	26.37904914672726	23.88606692509914	23.668571492224746	26.066312435948845	0.0
120.0	26.07661631689168	23.866016129750925	23.687229871229338	26.37013768212806	0.0
121.0	26.197478055518424	23.77857238337121	23.731508710956646	26.292440850153724	0.0
122.0	26.189959007262843	23.8325981375039	23.883003609143163	26.094439246090097	0.0
123.0	26.28213696921089	23.622900236153814	23.791939580270018	26.30302321436528	0.0
124.0	26.22198458316624	23.677761440092677	23.74515439112418	26.355099585616898	0.0
125.0	26.35147930312347	23.711736398877157	23.663558793387693	26.27322550461168	0.0
126.0	26.21279463529831	23.74181259189948	23.82201577329234	26.223376999509867	0.0
127.0	26.345074187942792	23.65966002762554	23.726217528850864	26.269048255580806	0.0
128.0	26.215300984716837	23.791104130463843	23.71285033195206	26.28074455286726	0.0
129.0	26.26542797308738	23.8050282939001	23.78414204874571	26.14540168426681	0.0
130.0	26.307200463396157	23.829813304816646	23.685558971616985	26.177427260170212	0.0
131.0	26.320846143563692	23.649356146682706	23.861281914182598	26.168515795571	0.0
132.0	26.18076905939491	23.814218241768035	23.79305351334492	26.211959185492134	0.0
133.0	26.14268965459624	23.99167889675761	23.615446952966828	26.250184495679317	0.0
134.0	26.200335851757373	23.729903895156326	23.84742416183265	26.222336091253652	0.0
135.0	26.105372792665843	23.78476525187489	23.704561847128968	26.405300108330295	0.0
136.0	26.22901970831581	23.563648920735087	23.935146635773503	26.272184735175596	0.0
137.0	26.305602820486403	23.806487007326915	23.735195091997205	26.15271508018948	0.0
138.0	26.189269422923754	23.741387856947917	23.78538845847513	26.283954261653196	0.0
139.0	26.106837916265185	23.673159076098763	23.892048144455647	26.32795486318041	0.0
140.0	26.31235971327203	23.71883058654473	23.7235648284812	26.245244871702045	0.0
141.0	26.316610273333612	23.717225726499297	23.667376804934765	26.298787195232325	0.0
142.0	26.34258279399806	23.7838500183801	23.629011596172482	26.244555591449352	0.0
143.0	26.273239687649685	23.71979815307839	23.872408684318987	26.134553474952938	0.0
144.0	26.38359376522977	23.88166524174077	23.67279988192145	26.061941111108016	0.0
145.0	26.08422008282208	23.854373501391045	23.686724239242736	26.37468217654414	0.0
146.0	26.189488224171015	23.78391625334533	23.738244361331503	26.288351161152157	0.0
147.0	26.1947794799531	23.83487940114124	23.885007087497875	26.085334031407783	0.0
148.0	26.291971494055694	23.615431529757743	23.791992380591672	26.30060459559489	0.0
149.0	26.225486100667815	23.66896697690221	23.755855208559602	26.34969171387037	0.0
150.0	26.349134738026414	23.72382909753204	23.661169315086806	26.26586684935474	0.0
151.0	26.205434970285342	23.72912036804964	23.834110314635655	26.231334347029367	0.0
152.0	26.336602781537366	23.658384435867017	23.73803198155296	26.26698080104266	0.0
153.0	26.21462507171064	23.794286541792683	23.726057000907872	26.265031385588806	0.0
154.0	26.26586684935474	23.803198155296005	23.78955224711904	26.141382748230207	0.0
155.0	26.303184230899905	23.821856846068588	23.689853571050623	26.185105351980887	0.0
156.0	26.315716187388954	23.64947282236369	23.859452715535728	26.175358274711623	0.0
157.0	26.16728212497424	23.81851499100484	23.79038771088498	26.22381517313594	0.0
158.0	26.13894915074872	23.993193736232215	23.61862643804601	26.249230674973056	0.0
159.0	26.20912830252784	23.728907962270352	23.843923794352804	26.218039940849003	0.0
160.0	26.113606679272923	23.77820046173426	23.704122468189627	26.40407039080319	0.0
161.0	26.23836961576914	23.56292869853877	23.931369245379177	26.267332440312906	0.0
162.0	26.311055165826097	23.796302227074115	23.739490532776728	26.153152074323067	0.0
163.0	26.185529686977834	23.73844268686644	23.78717834465857	26.28884928149716	0.0
164.0	26.10727414503732	23.666592402807176	23.896624707586053	26.32950874456946	0.0
165.0	26.31864765511864	23.71783446585719	23.725075192157735	26.238442686866435	0.0
166.0	26.320391891477918	23.713166183486084	23.673899058424468	26.292542866611523	0.0
167.0	26.345807874612206	23.775892702978183	23.637482663933742	26.240816758475876	0.0
168.0	26.266994914753898	23.72381488144637	23.875035507605592	26.13415469619414	0.0
169.0	26.388211999097688	23.876494456620726	23.671246000161524	26.06404754412006	0.0
170.0	26.082984986507075	23.8539366208362	23.692411376947007	26.37066701570972	0.0
171.0	26.180178624640398	23.78737708068186	23.73641308131682	26.29603121336092	0.0
172.0	26.192153772032185	23.82998632605263	23.884013735215568	26.09384616669962	0.0
173.0	26.28377757416933	23.620560492596297	23.796567310075556	26.29909462315882	0.0
174.0	26.23427909411935	23.659615234657842	23.755973665742072	26.350132005480738	0.0
175.0	26.351245975782284	23.723111541846293	23.662121667836335	26.263520814535084	0.0
176.0	26.218962002473013	23.739264111218795	23.82253339125979	26.219240495048403	0.0
177.0	26.340106272766768	23.667691519344096	23.739264111218795	26.25293809667034	0.0
178.0	26.228709242611593	23.78354443070548	23.720605108667804	26.267141218015126	0.0
179.0	26.26574875513819	23.80498835901035	23.79273468569328	26.136528200158182	0.0
180.0	26.305851685994053	23.821976406109012	23.694148314005947	26.178023593890988	0.0
181.0	26.30724414887099	23.64151321725763	23.870155621651126	26.181087012220257	0.0
182.0	26.17217524980784	23.813900121422762	23.789114282213237	26.22481034655616	0.0
183.0	26.13548701524751	23.99777205319223	23.61484369560677	26.251897235953493	0.0
184.0	26.213186660168486	23.72317760913458	23.83903084313862	26.22460488755831	0.0
185.0	26.112093573765925	23.786395599805054	23.70312608786465	26.398384738564367	0.0
186.0	26.239922021861727	23.559145025412516	23.932883102415932	26.268049850309822	0.0
187.0	26.308988372902597	23.79892780059876	23.738494743438	26.15358908306064	0.0
188.0	26.187359708583745	23.733547959473537	23.797601608582074	26.281490723360644	0.0
189.0	26.10548243537544	23.67784913416176	23.89201111748553	26.32465731297727	0.0
190.0	26.3176949598133	23.716559817753442	23.735218924232885	26.230526298200367	0.0
191.0	26.322781161490838	23.71272693853339	23.662597856146242	26.301894043829527	0.0
192.0	26.336222261830493	23.773226539524106	23.644561536404954	26.245989662240444	0.0
193.0	26.273560734337405	23.71752740397469	23.87794091435701	26.130970947330894	0.0
194.0	26.381133536264418	23.872437484508634	23.67331252036505	26.073116458861893	0.0
195.0	26.092611210596235	23.85544920085443	23.68556636431235	26.366373224236987	0.0
196.0	26.1800590969474	23.789724037864378	23.734024747194844	26.296192117993378	0.0
197.0	26.18869248700118	23.821472633546012	23.89805915821662	26.09177572123619	0.0
198.0	26.28533075631282	23.617056236788827	23.794458477571286	26.303154529327067	0.0
199.0	26.234438967332274	23.659453588436797	23.750522182304287	26.355585261926645	0.0
200.0	26.35252179240817	23.719330492661598	23.665023533015848	26.26312418191439	0.0
201.0	26.22441306708998	23.727685409530174	23.829615395326815	26.218286128053027	0.0
202.0	26.342774389394823	23.669200991450133	23.72935639290389	26.258668226251146	0.0
203.0	26.218564625281974	23.787840810983933	23.724343442782743	26.26925112095135	0.0
204.0	26.270922104325063	23.809842092071186	23.790068788815553	26.1291670147882	0.0
205.0	26.304620269028323	23.824880942434625	23.687860305789957	26.182638482747095	0.0
206.0	26.308519230233657	23.641908263012784	23.869718996295987	26.179853510457573	0.0
207.0	26.163289404792405	23.810253211090934	23.798277763543396	26.22817962057326	0.0
208.0	26.143031801864275	23.99524322758705	23.612584837927184	26.24914013262149	0.0
209.0	26.21432768814734	23.722870662021293	23.839283476342853	26.223518173488515	0.0
210.0	26.112118351171233	23.786090061186353	23.712287678901152	26.38950390874126	0.0
211.0	26.248861633065694	23.55326443254323	23.932023828421993	26.26585010596908	0.0
212.0	26.323499514018273	23.784976062963178	23.747378622931095	26.144145800087447	0.0
213.0	26.191006667297934	23.736583246534064	23.798688820439693	26.273721265728305	0.0
214.0	26.10857056919898	23.67447767262843	23.888922927818285	26.32802883035431	0.0
215.0	26.31187581113221	23.715417221346495	23.734912244545573	26.23779472297572	0.0
216.0	26.32726665088494	23.70740673694178	23.67816412070238	26.287162491470905	0.0
217.0	26.34711360648798	23.775984225653364	23.638125793730367	26.238776374128285	0.0
218.0	26.271361094400998	23.72752489806831	23.877080409063563	26.12403359846713	0.0
219.0	26.3909119012541	23.883552468508313	23.67021943224448	26.05531619799311	0.0
220.0	26.084280474457127	23.853195678752755	23.696120179467112	26.366403667323006	0.0
221.0	26.184262928789654	23.782456003542553	23.73538905428852	26.297892013379272	0.0
222.0	26.193732019172124	23.814762311906268	23.90221214661494	26.089293522306672	0.0
223.0	26.290093938946647	23.615911413874446	23.798052152407795	26.29594249477111	0.0
224.0	26.232106054698377	23.65871999108784	23.749234111290594	26.359939842923186	0.0
225.0	26.356319278115077	23.725282682560017	23.659834011028796	26.258564028296107	0.0
226.0	26.22876399487551	23.72862474238289	23.829443547039492	26.213167715702113	0.0
227.0	26.34072299894168	23.678772350025064	23.719991087840473	26.260513563192784	0.0
228.0	26.228485489890268	23.780426669637386	23.728903247368127	26.262184593104216	0.0
229.0	26.269982732690917	23.810226703057985	23.787946304238847	26.131844260012254	0.0
230.0	26.30173230100819	23.816632317718486	23.69102656937559	26.190608811897732	0.0
231.0	26.310922965521083	23.642566701943966	23.876232384559685	26.17027794797527	0.0
232.0	26.17027794797527	23.804099593382723	23.79769397872222	26.227928479919793	0.0
233.0	26.145285315226747	23.989650725925266	23.61561748904776	26.24944646980023	0.0
234.0	26.21519026121055	23.708916918946468	23.84928382243587	26.226608997407112	0.0
235.0	26.111864623919743	23.781606922539194	23.717829103295003	26.388699350246057	0.0
236.0	26.236635204799214	23.556295761977836	23.937291642877632	26.26977739034532	0.0
237.0	26.318237392740468	23.787734049278807	23.75069278308022	26.143335774900507	0.0
238.0	26.176829370185317	23.742682240752192	23.790028351965418	26.29046003709707	0.0
239.0	26.109430788340603	23.670270541249604	23.87469433907614	26.345604331333654	0.0
240.0	26.303241636888764	23.71667219054887	23.737282305659146	26.24280386690322	0.0
241.0	26.331753184899647	23.705568769879513	23.677159520719254	26.285518524501583	0.0
242.0	26.33884925951407	23.768526075076387	23.65181980998326	26.240804855426287	0.0
243.0	26.262997657427295	23.725721225491426	23.86972955959076	26.141551557490523	0.0
244.0	26.387422595983768	23.87873858264646	23.67204931572482	26.061789505644956	0.0
245.0	26.08447361383491	23.844212426457478	23.689605990372613	26.381707969335	0.0
246.0	26.18822762488195	23.772909998077772	23.743937329890045	26.29492504715023	0.0
247.0	26.210243608888494	23.817616511021463	23.88364499520806	26.088494884881985	0.0
248.0	26.291183149213605	23.618126854547732	23.794491732025687	26.29619826421298	0.0
249.0	26.22243768702252	23.665557765927215	23.750814958458015	26.361189588592254	0.0
