# Position (bp)	A	C	G	T	N
0.0	26.385984583041346	23.778836720392434	23.63812193412754	26.19705676243868	0.0
1.0	26.18135949544499	23.72417659425368	23.79313244569026	26.30133146461107	0.0
2.0	26.262269534556502	23.685597206105758	23.822657226622717	26.22947603271502	0.0
3.0	26.26762852850833	23.816730566579224	23.780016143135803	26.135624761776644	0.0
4.0	26.27245467029117	23.770422890452036	23.746321777877423	26.21080066137937	0.0
5.0	26.285731899713895	23.823695072843893	23.751117388100063	26.139455639342152	0.0
6.0	26.30792897352339	23.86986138236555	23.653822983011143	26.16838666109992	0.0
7.0	26.277345676245123	23.775888734477967	23.76972475007845	26.177040839198458	0.0
8.0	26.22743687367451	23.732920942559456	23.790072924808722	26.24956925895731	0.0
9.0	26.158427435281855	23.681195391222257	23.83695034050385	26.323426832992038	0.0
10.0	26.12525804816152	23.758077572708657	23.823342399448748	26.29332197968107	0.0
11.0	26.245143652645464	23.75163512200041	23.7549964006308	26.248224824723327	0.0
12.0	26.153548809967315	23.755556613735866	23.819701014265824	26.271193562030998	0.0
13.0	26.22637651362578	23.865358382328637	23.65723921379693	26.251025890248652	0.0
14.0	26.261389832692355	23.805135473534133	23.746032990949757	26.187441702823754	0.0
15.0	26.195844899399734	23.64883601722095	23.805695686639197	26.349623396740117	0.0
16.0	26.268672603058203	23.691692319758438	23.76143885133905	26.278196225844315	0.0
17.0	26.22917757915111	23.868439554406496	23.696734237704025	26.20564862873837	0.0
18.0	26.29100748442612	23.718236005915834	23.692746381033476	26.298010128624565	0.0
19.0	26.179525388786807	23.825796620804017	23.87341460135347	26.12126338905571	0.0
20.0	26.146472908170125	23.883778514767176	23.8692130148344	26.1005355622283	0.0
21.0	26.135548783220543	23.87201407251378	23.801427418993413	26.191009725272263	0.0
22.0	26.29268811903375	23.694707121409046	23.702830188679243	26.309774570877963	0.0
23.0	26.19353067718371	23.683782996459463	23.891061264733562	26.23162506162327	0.0
24.0	26.276722090261284	23.726359073186035	23.692466275265538	26.30445256128714	0.0
25.0	26.38316228207771	23.777618428718682	23.63868596782145	26.200533321382153	0.0
26.0	26.18036570609062	23.727759602025724	23.782660332541568	26.309214359342086	0.0
27.0	26.271680186438402	23.676500246493077	23.815152601622373	26.236666965446155	0.0
28.0	26.264117330704075	23.810670909335364	23.78210012100569	26.14311163895487	0.0
29.0	26.271960292206337	23.778458746022498	23.74512615963788	26.204454802133288	0.0
30.0	26.28260431138798	23.827197149643705	23.748487428853135	26.14171111011518	0.0
31.0	26.312015417021467	23.865851745619146	23.652691256218347	26.16944158114104	0.0
32.0	26.266918388383452	23.77677811141487	23.768935149912608	26.18736835028907	0.0
33.0	26.223501994353065	23.738683726975307	23.786861919060637	26.25095235961099	0.0
34.0	26.14471904069645	23.681475817136263	23.83553355797753	26.338271584189755	0.0
35.0	26.11866927724511	23.769428781907457	23.818727258976665	26.293174681870767	0.0
36.0	26.237713895167907	23.75318269287329	23.75514342775672	26.25395998420208	0.0
37.0	26.151161455313453	23.752342377923245	23.818727258976665	26.277768907786637	0.0
38.0	26.232952110450995	23.86046290149548	23.664389413152048	26.242195574901473	0.0
39.0	26.25676103403556	23.809483794526187	23.742258598522724	26.19149657291553	0.0
40.0	26.198219092515874	23.643381539400966	23.80416179984258	26.354237568240574	0.0
41.0	26.278329117753334	23.68203602710296	23.763826682240506	26.275808172903204	0.0
42.0	26.2259494858673	23.87082678587935	23.699962746037215	26.203260982216136	0.0
43.0	26.29534186717459	23.71418167558332	23.69205344388112	26.29842301336097	0.0
44.0	26.171815915520575	23.826783563485616	23.87776252766029	26.12363799333352	0.0
45.0	26.14212487045181	23.885885549424383	23.873560964678862	26.098428615444945	0.0
46.0	26.132601327693898	23.864317526119716	23.813338561945045	26.189742584241337	0.0
47.0	26.290019887398113	23.70045656984398	23.702977507632838	26.306546035125066	0.0
48.0	26.189742584241337	23.687571776700935	23.888966695610765	26.23371894344696	0.0
49.0	26.284697907621634	23.731268031707796	23.6856110473096	26.29842301336097	0.0
50.0	26.375451668020506	23.782807204279994	23.647796980476738	26.193944147222766	0.0
51.0	26.175177165905716	23.729587406515222	23.790089913447805	26.305145514131254	0.0
52.0	26.2687319682922	23.680849275930647	23.819780958516567	26.23063779726058	0.0
53.0	26.257807904540485	23.81165793675247	23.775244390913418	26.155289767793622	0.0
54.0	26.262289571720682	23.777485224503515	23.74163188706199	26.218593316713818	0.0
55.0	26.284697907621634	23.829024397075713	23.745273241645894	26.14100445365676	0.0
56.0	26.315509369485447	23.865437942914763	23.654799585445787	26.164253102154	0.0
57.0	26.262009467521917	23.7864485588639	23.76964230693818	26.181899666676006	0.0
58.0	26.21747289991877	23.740511470266938	23.792330747037898	26.249684882776393	0.0
59.0	26.137009784012257	23.6838640826193	23.84464344235892	26.33448269100952	0.0
60.0	26.111520373321827	23.770416037601084	23.830918375064073	26.287145214013012	0.0
61.0	26.23924753018815	23.752209315679348	23.756410866892054	26.25213228724045	0.0
62.0	26.141211335224966	23.763133348832387	23.815232583869964	26.280422732072683	0.0
63.0	26.231404634591094	23.860049130138847	23.66649767094011	26.242048564329952	0.0
64.0	26.26781807843456	23.80234782681766	23.73680362789942	26.19303046684836	0.0
65.0	26.196671811232708	23.656133844615432	23.797305965362412	26.349888378789448	0.0
66.0	26.288265627669738	23.679382427992415	23.763133348832387	26.26921859550546	0.0
67.0	26.234205668732898	23.874614507676235	23.697309046499967	26.1938707770909	0.0
68.0	26.2932338408793	23.716849853786428	23.6826773329748	26.30723897235947	0.0
69.0	26.16914837596495	23.82777049510941	23.882390507882086	26.12069062104355	0.0
70.0	26.138617189338177	23.881270097363675	23.88098999473407	26.099122718564082	0.0
71.0	26.124612057858	23.87034609480914	23.81040413207399	26.19463771525887	0.0
72.0	26.291273122472074	23.699203388121408	23.70900698015753	26.30051650924899	0.0
73.0	26.186234636370763	23.695001848677354	23.87762876317883	26.24113475177305	0.0
74.0	26.283710351472777	23.73393611419224	23.685478359270835	26.296875175064145	0.0
75.0	26.379225348167566	23.782393869113644	23.647104299015158	26.19127648370363	0.0
76.0	26.175310633816228	23.73645703785867	23.787435716446506	26.300796611878592	0.0
77.0	26.27082563051102	23.676515075123525	23.81740669781408	26.23525259655138	0.0
78.0	26.25149854906838	23.805082182111526	23.785755100668883	26.15766416815121	0.0
79.0	26.258501114808464	23.77987294544721	23.741498885191533	26.22012705455279	0.0
80.0	26.292113430360885	23.824689366183772	23.743179500969156	26.14001770248619	0.0
81.0	26.312560922321936	23.86642465799469	23.656627788421677	26.164386631261692	0.0
82.0	26.268864912103794	23.78071325333602	23.765867813967038	26.184554020593144	0.0
83.0	26.207802538850235	23.74289939833955	23.802841361074698	26.246456701735514	0.0
84.0	26.134062345068664	23.674207942007712	23.851232308067214	26.340497404856407	0.0
85.0	26.10549195687552	23.76776195824802	23.83414609552033	26.29259998935613	0.0
86.0	26.235459212969836	23.755997680756725	23.748995134630952	26.259547971642487	0.0
87.0	26.14554652071493	23.757958393671938	23.82042110511382	26.27607398049931	0.0
88.0	26.228456666844064	23.864397094783662	23.66608498850182	26.24106124987045	0.0
89.0	26.268231128838444	23.80697621655234	23.736110449759533	26.188682204849684	0.0
90.0	26.191203121454958	23.657962034995926	23.805015503637122	26.34581933991199	0.0
91.0	26.29708161887662	23.675048247542808	23.758518597362	26.269351536218572	0.0
92.0	26.242181657250573	23.867758316924036	23.693815071159875	26.196244954665517	0.0
93.0	26.29812836471399	23.715036385127757	23.68450536953733	26.302329880620928	0.0
94.0	26.17320329174766	23.83323903264298	23.878055202316997	26.115502473292363	0.0
95.0	26.15275591433389	23.87525419171237	23.87189297898682	26.10009691496692	0.0
96.0	26.12558611146902	23.86348994717294	23.811671250987356	26.199252690370685	0.0
97.0	26.299808971076764	23.689547188625657	23.711675172402202	26.298968667895377	0.0
98.0	26.192810365980044	23.683945167416404	23.887858739433188	26.235385727170364	0.0
99.0	26.28020189684438	23.72764093284857	23.686185975900102	26.30597119440694	0.0
100.0	26.382438783913237	23.781980538578317	23.64389071577025	26.191689961738195	0.0
101.0	26.186368041589404	23.73408325723921	23.78618205448526	26.293366646686124	0.0
102.0	26.267877450184024	23.678903348328078	23.821194687043086	26.232024514444813	0.0
103.0	26.258354014128297	23.810550846745507	23.77889942691323	26.152195712212965	0.0
104.0	26.26927795548634	23.77973973009462	23.734643459360136	26.216338855058908	0.0
105.0	26.292526343504736	23.825116101889563	23.746407703899568	26.135949850706137	0.0
106.0	26.323337460155628	23.8570476227823	23.655935061370144	26.163679855691935	0.0
107.0	26.27375957245374	23.781420336457394	23.75845204949946	26.186368041589404	0.0
108.0	26.219139865663532	23.735203661481062	23.798506501145614	26.247149971709792	0.0
109.0	26.15324286094422	23.66427180930773	23.84885789112502	26.333627438623026	0.0
110.0	26.114589022870188	23.756985000630227	23.837373779813174	26.291052196686415	0.0
111.0	26.231390837919978	23.75782530145792	23.75670490035433	26.254078960267773	0.0
112.0	26.158844866462193	23.752503396215847	23.815806058568967	26.272845678752994	0.0
113.0	26.235872442334358	23.867344509334345	23.65979020489335	26.23699284343795	0.0
114.0	26.26892427489041	23.807683150567904	23.739618783524502	26.183773791017185	0.0
115.0	26.209262916123972	23.643264288615324	23.804882147808915	26.342590647451786	0.0
116.0	26.295253700824894	23.677996722826773	23.763987507527695	26.26276206882064	0.0
117.0	26.242594848955925	23.86342310547176	23.69676344131199	26.197218604260325	0.0
118.0	26.29924876895584	23.7071935554348	23.680864055751314	26.312693619858045	0.0
119.0	26.17628440341275	23.834919639005754	23.874693989591446	26.11410196799005	0.0
120.0	26.151075307971116	23.87413378747052	23.87749500019607	26.097295904362294	0.0
121.0	26.120544292380693	23.862089441870626	23.80971054356412	26.207655722184565	0.0
122.0	26.290565636081496	23.693748704532595	23.70579305013249	26.30989260925342	0.0
123.0	26.19337056810097	23.676942640904837	23.89430106382383	26.235385727170364	0.0
124.0	26.27235906715143	23.714756284067292	23.69094769392797	26.32193695485331	0.0
125.0	26.376276560583058	23.781700437517856	23.6450111200121	26.197011881886983	0.0
126.0	26.186928243710334	23.744446996476327	23.770496395099354	26.29812836471399	0.0
127.0	26.260034620491073	23.683384965295478	23.827637011433726	26.228943402779727	0.0
128.0	26.251631588677192	23.811111048866433	23.789823368271275	26.147433994185104	0.0
129.0	26.263675934277085	23.777498921610917	23.738844975267074	26.21998016884492	0.0
130.0	26.281395915554896	23.833865993675303	23.741152282970088	26.143585807799717	0.0
131.0	26.32201068308437	23.85319302098243	23.65067938702512	26.17411690890808	0.0
132.0	26.264309703008017	23.77840582835919	23.762440023192433	26.194844445440364	0.0
133.0	26.215852083817676	23.730508412858917	23.793251226145827	26.260388277177583	0.0
134.0	26.13728988742644	23.670979325567	23.854447061855236	26.337283725151327	0.0
135.0	26.109559649422565	23.75781138396296	23.83455971944842	26.298069247166055	0.0
136.0	26.23371894344696	23.747233971037225	23.75507688860256	26.26397019691325	0.0
137.0	26.156130080389907	23.75339626340999	23.811938040951233	26.27853561524887	0.0
138.0	26.229797484664296	23.867958880703622	23.65507968964455	26.247163944987534	0.0
139.0	26.264250301112014	23.811097728354948	23.735189490490463	26.189462480042575	0.0
140.0	26.195064564017816	23.643315313296544	23.80437522758466	26.35724489510098	0.0
141.0	26.286098428615446	23.680289067533124	23.76376011876418	26.26985238508725	0.0
142.0	26.242122069409817	23.85619450435562	23.705218341222935	26.19646508501162	0.0
143.0	26.293174681870767	23.7139679952046	23.681475817136263	26.31138150578837	0.0
144.0	26.16852796428101	23.836373872927574	23.873347730729478	26.121750432061937	0.0
145.0	26.153682400163582	23.87810951544639	23.872227310796088	26.09598077359394	0.0
146.0	26.12006980216185	23.86802573604587	23.810044004492884	26.201860457299397	0.0
147.0	26.29373489183746	23.692119806503477	23.703884215804084	26.31026108585498	0.0
148.0	26.199059407465917	23.671111932752396	23.894635709463905	26.23519295031778	0.0
149.0	26.276928592836597	23.721250724771643	23.683716657003046	26.318104025388717	0.0
150.0	26.370483657274747	23.791557075591932	23.650104059001315	26.18785520813201	0.0
151.0	26.187014893181964	23.732454924105557	23.77307014669098	26.307460036021503	0.0
152.0	26.260195849952943	23.691906063729665	23.82523640926814	26.222661677049253	0.0
153.0	26.25375341729037	23.814312284318557	23.786021601756822	26.145912696634248	0.0
154.0	26.272240397974272	23.776498005646932	23.741484784654684	26.209776811724105	0.0
155.0	26.284078463447496	23.831465489472194	23.74407224508203	26.14038380199828	0.0
156.0	26.313489651463417	23.853033694017203	23.66088059897985	26.172596055539525	0.0
157.0	26.2574683409569	23.786648441066983	23.76227917099665	26.19360404697947	0.0
158.0	26.208449694263695	23.732587876428195	23.79477153109043	26.26419089821768	0.0
159.0	26.12904581168331	23.671657259702243	23.8618506743603	26.337446254254143	0.0
160.0	26.112799540622678	23.762132183022647	23.829078024117308	26.29599025223736	0.0
161.0	26.240042128379514	23.750154059898488	23.75827721818243	26.25152659353957	0.0
162.0	26.164412723666963	23.752114822242888	23.810097365855846	26.273375088234307	0.0
163.0	26.243963653068313	23.86415838478	23.651555724865826	26.240322237285856	0.0
164.0	26.262450840886935	23.819340959765157	23.743711555052606	26.174496644295303	0.0
165.0	26.20026666367884	23.639511041893087	23.80673605897973	26.353486235448344	0.0
166.0	26.27785683073579	23.67816607096839	23.775643970375683	26.268333127920133	0.0
167.0	26.250406157914195	23.86079707790389	23.706176961602672	26.182619802579243	0.0
168.0	26.292776251179962	23.71100522964793	23.69083733189917	26.305381187272936	0.0
169.0	26.169247877468816	23.835093822740987	23.882432360512375	26.11322593927782	0.0
170.0	26.155242392921068	23.884673238040016	23.873748960092772	26.086335408946145	0.0
171.0	26.116867365260237	23.871508082565132	23.809323731173127	26.202300821001508	0.0
172.0	26.297258006235243	23.696719635409227	23.707924023047426	26.298098335308108	0.0
173.0	26.197819065946227	23.672350092296142	23.903160477643045	26.226670364114586	0.0
174.0	26.277090108486483	23.71996873975849	23.68915667375344	26.313784478001583	0.0
175.0	26.382411352285555	23.775430458567577	23.65638383991171	26.185774349235157	0.0
176.0	26.193897530272853	23.734814553379103	23.769268045366566	26.302019870981475	0.0
177.0	26.266239404821263	23.685021372429286	23.826197052117355	26.222542170632096	0.0
178.0	26.26203774768769	23.809670534058633	23.79482467885334	26.133467039400337	0.0
179.0	26.265118962918976	23.777177718892332	23.7469257875306	26.210777530658092	0.0
180.0	26.27807765244355	23.83130579466164	23.753995086848494	26.13662146604631	0.0
181.0	26.322895454074356	23.850073249094542	23.663799261066494	26.163232035764604	0.0
182.0	26.263791978173728	23.775003431362936	23.769401206159085	26.191803384304247	0.0
183.0	26.210570838737148	23.736348077456366	23.797412332178343	26.255668751628146	0.0
184.0	26.133126423323315	23.670094313989676	23.86113126367301	26.335647999014	0.0
185.0	26.118280443362586	23.7583298552657	23.827237611309833	26.296152090061874	0.0
186.0	26.241883708031978	23.752514019686384	23.75755606473986	26.24804620754178	0.0
187.0	26.166533145843957	23.74158958873719	23.81357878755623	26.27829847786262	0.0
188.0	26.236561549364424	23.864839578933214	23.65447425475773	26.24412461694463	0.0
189.0	26.264853024386692	23.81890094622379	23.740749247894946	26.175496781494573	0.0
190.0	26.199306438691533	23.641589028509962	23.807976515274596	26.351128017523905	0.0
191.0	26.27689790979221	23.675202662199787	23.7754833360411	26.2724160919669	0.0
192.0	26.241883708031978	23.85839696580933	23.70853618227553	26.19118314388316	0.0
193.0	26.29545906548234	23.70496110611574	23.694316758964362	26.305263069437558	0.0
194.0	26.159603582102932	23.84025636069771	23.878351918923688	26.12178813827567	0.0
195.0	26.15988369650165	23.88087294851217	23.873870088544162	26.085373266442012	0.0
196.0	26.13243248542705	23.871068944556956	23.7962784000986	26.200220169917394	0.0
197.0	26.290697120704092	23.697117902951565	23.709442936495265	26.302742039849075	0.0
198.0	26.199940055518674	23.679470695832176	23.90020084202388	26.22038840662527	0.0
199.0	26.284534603932247	23.722608313235124	23.68675367019891	26.306103412633718	0.0
200.0	26.380053613895914	23.78899542573187	23.64221548080236	26.188735479569857	0.0
201.0	26.194057653145546	23.743056664341715	23.765465816239352	26.297419866273387	0.0
202.0	26.2658405136192	23.682058062275207	23.824356575423813	26.227744848681777	0.0
203.0	26.257997288485026	23.811191161805734	23.790742753420208	26.140068796289036	0.0
204.0	26.254635906284662	23.782339297919304	23.74088225078152	26.22214254501451	0.0
205.0	26.28720290200143	23.824423311250857	23.751873275536074	26.13650051121164	0.0
206.0	26.317735542514605	23.8437513130436	23.668398717068868	26.17011442737293	0.0
207.0	26.261992464880464	23.772041625232845	23.771201277328814	26.194764632557877	0.0
208.0	26.205409039342285	23.74403002843177	23.786607655569405	26.263953276656537	0.0
209.0	26.13552646690551	23.66488978775494	23.866014179549737	26.333569565789805	0.0
210.0	26.11535800421857	23.760689985517924	23.83071936984759	26.29323264041592	0.0
211.0	26.23027967013266	23.756834887056293	23.754593940480458	26.258291502330582	0.0
212.0	26.154647723198277	23.74955181068483	23.81369890641807	26.282101559698816	0.0
213.0	26.24288499462173	23.859358192900682	23.649829688060237	26.24792712441735	0.0
214.0	26.275658838293296	23.819301272857654	23.728262818214414	26.17677707063464	0.0
215.0	26.204788902832554	23.640865901756904	23.803894765148797	26.35045043026174	0.0
216.0	26.282101559698816	23.681202940121906	23.7674793832915	26.269216116887772	0.0
217.0	26.244285586231626	23.862159376120474	23.706413589100038	26.18714144854787	0.0
218.0	26.30094316103207	23.704239042440847	23.689952968001997	26.304864828525087	0.0
219.0	26.162004084136576	23.829732402217424	23.87819300766686	26.13007050597914	0.0
220.0	26.158642654856845	23.873711101960556	23.873711101960556	26.093935141222047	0.0
221.0	26.121386813673176	23.866147886081162	23.80116025333972	26.21130504690594	0.0
222.0	26.28441613374007	23.69779630298803	23.710401662787017	26.307385900484885	0.0
223.0	26.214106237972384	23.67482653624321	23.893319439425646	26.217747786358757	0.0
224.0	26.283015538206843	23.725808213652442	23.69331439728172	26.297861850858983	0.0
225.0	26.385259012131957	23.78687417890087	23.644013434512352	26.18385337445482	0.0
226.0	26.191696709440855	23.74429607469096	23.77202786624873	26.29197934961946	0.0
227.0	26.271884366508864	23.68105549175047	23.822516036863778	26.224544104876884	0.0
228.0	26.254797053138745	23.813552200341746	23.792263088601924	26.139387657917588	0.0
229.0	26.26264041009552	23.77433541555786	23.738760189361045	26.224263984985573	0.0
230.0	26.286244113964297	23.81922132054489	23.744989341408278	26.149545224082534	0.0
231.0	26.308373647367283	23.840510491919918	23.673558569031538	26.177557291681257	0.0
232.0	26.268316390701113	23.770480322923117	23.75675440979974	26.20444887657603	0.0
233.0	26.205849479955965	23.73854656586057	23.78924840821426	26.266355545969205	0.0
234.0	26.130083168294643	23.67509181006591	23.86613518139316	26.328689840246284	0.0
235.0	26.1099143666296	23.7686526400121	23.827478311535156	26.293954681823145	0.0
236.0	26.22511807185716	23.764517376031552	23.748830486349604	26.261534065761683	0.0
237.0	26.15032522283787	23.74434851786905	23.815499767497887	26.2898264917952	0.0
238.0	26.23464225487834	23.85891883715328	23.65975136279854	26.246687545169838	0.0
239.0	26.26601603424224	23.826424565669242	23.726700766976858	26.180858633111665	0.0
240.0	26.200781611127454	23.63855387934053	23.805241557059013	26.355422952473003	0.0
241.0	26.279456138335632	23.68202079405148	23.774756324086862	26.263766743526023	0.0
242.0	26.243205379658168	23.860184925749508	23.711123564023538	26.185486130568787	0.0
243.0	26.29502390252924	23.719827610363552	23.682838936743764	26.30230955036344	0.0
244.0	26.15760136981311	23.822921950358285	23.882613069833006	26.136863609995597	0.0
245.0	26.161482257915342	23.878735562923374	23.8750921366453	26.084690042515984	0.0
246.0	26.12127293417269	23.869197437090435	23.802770319130452	26.206759309606426	0.0
247.0	26.275455144286695	23.69637426244902	23.72384409468683	26.304326498577456	0.0
248.0	26.210285534880327	23.675623854188274	23.88810710501382	26.225983505917576	0.0
249.0	26.285411539129992	23.719073595452073	23.69832984801	26.29718501740793	0.0
