# Position (bp)	A	C	G	T	N
0.0	26.331348147720885	23.713498781490188	23.708019092390444	26.24713397839849	0.0
1.0	26.233214895482444	23.828215126205528	23.7194868718564	26.21908310645563	0.0
2.0	26.258810229671585	23.785889789938746	23.6575574755736	26.297742504816068	0.0
3.0	26.198811858345827	23.812435113623255	23.76254469950398	26.226208328526933	0.0
4.0	26.327339841102766	23.7241359422087	23.68347439908872	26.265049817599817	0.0
5.0	26.091921539677138	23.768794661652834	23.892217986354225	26.2470658123158	0.0
6.0	26.223405175645514	23.64567533119171	23.793608591087093	26.33731090207568	0.0
7.0	26.204283370292085	23.7370343990334	23.752894461377867	26.30578776929665	0.0
8.0	26.284069806337012	23.616157421825438	23.703819047948603	26.395953723888947	0.0
9.0	26.187743661906847	23.69835521003945	23.886940875222034	26.226960252831667	0.0
10.0	26.14685909543102	23.767932063611067	23.801957929035886	26.28325091192203	0.0
11.0	26.155509739183092	23.793307285283813	23.812338701538373	26.238844273994722	0.0
12.0	26.351590997563402	23.815510604247468	23.60356983232169	26.229328565867444	0.0
13.0	26.233942242535214	23.758128000692054	23.692671462968036	26.3152582938047	0.0
14.0	26.242881241079026	23.765336870485445	23.801381219452413	26.190400668983116	0.0
15.0	26.28584610504765	23.643362793581222	23.687192721925058	26.38359837944607	0.0
16.0	26.219236148156693	23.67133320837959	23.7682204184028	26.341210225060912	0.0
17.0	26.278925590045993	23.768797127986275	23.61798757190848	26.334289710059256	0.0
18.0	26.34611225652042	23.706800847763088	23.771969030695367	26.175117865021125	0.0
19.0	26.233942242535214	23.76706699923586	23.68949956025894	26.30949119796998	0.0
20.0	26.31237474588734	23.772834095070575	23.635000504620884	26.2797906544212	0.0
21.0	26.358223157773324	23.74313355152179	23.750919130898655	26.147724159806224	0.0
22.0	26.23019363024265	23.775429288196197	23.736213036520134	26.258164045041017	0.0
23.0	26.295361813174928	23.930275811358296	23.631540247120057	26.142822128346715	0.0
24.0	26.27834888046252	23.83338860133508	23.69180639859283	26.196456119609568	0.0
25.0	26.328234259432804	23.698150204011014	23.720641877766404	26.252973658789774	0.0
26.0	26.217718774149645	23.838798602060002	23.726052203600965	26.21743042018939	0.0
27.0	26.25520478898257	23.773342253082504	23.67386013679512	26.297592821139805	0.0
28.0	26.19465045732938	23.80996320603467	23.770170359519717	26.22521597711623	0.0
29.0	26.318642660238297	23.731530928845775	23.68625935708601	26.263567053829917	0.0
30.0	26.095168341041997	23.74940887438148	23.901371411434965	26.254051373141557	0.0
31.0	26.198975766733177	23.655117129378656	23.79237361445922	26.353533489428944	0.0
32.0	26.19984082861394	23.742488379335402	23.752580767944266	26.30509002410639	0.0
33.0	26.29470928153727	23.612152389300913	23.705002364502477	26.388135964659337	0.0
34.0	26.18159903344031	23.701473772841172	23.892940250348186	26.22398694337033	0.0
35.0	26.14411312669948	23.7602978111114	23.799513836624882	26.296075225564238	0.0
36.0	26.14988018927499	23.784807827057328	23.830367621403877	26.2349443622638	0.0
37.0	26.359224560766098	23.81537325870754	23.591322877648885	26.23407930287748	0.0
38.0	26.24359495612707	23.756549220437318	23.683595878857084	26.31625994457853	0.0
39.0	26.252245549990338	23.754819101664662	23.809317843003257	26.183617505341743	0.0
40.0	26.27012344397443	23.65216538782054	23.698013535295864	26.379697632909167	0.0
41.0	26.222545177726452	23.672061753706057	23.77529217380773	26.330100894759756	0.0
42.0	26.279062390966473	23.7732737019063	23.622753368685427	26.3249105384418	0.0
43.0	26.357494441993445	23.69916694781097	23.76750663933079	26.1758319708648	0.0
44.0	26.238692952937885	23.770390170618548	23.698878594682192	26.292038281761375	0.0
45.0	26.31625994457853	23.76894840497467	23.645533265858703	26.269258384588102	0.0
46.0	26.36672174211426	23.73924803271078	23.74789862657405	26.14613159860091	0.0
47.0	26.230619065332167	23.76346969552793	23.746168507801393	26.25974273133851	0.0
48.0	26.297516991208113	23.918603678809216	23.652742094078093	26.13113723590458	0.0
49.0	26.282522628511778	23.836423037108165	23.689939647690146	26.191114686689907	0.0
50.0	26.333561132305068	23.70781754167424	23.719928373082812	26.238692952937885	0.0
51.0	26.216702518468963	23.834624190450924	23.727645488151605	26.221027802928504	0.0
52.0	26.259667010767075	23.7691682189632	23.68006735909665	26.291097411173077	0.0
53.0	26.200554789820014	23.8216483370723	23.76397787761175	26.213818995495934	0.0
54.0	26.32252781157908	23.720436680719033	23.703423895178172	26.25361161252372	0.0
55.0	26.094729496709903	23.74610003517898	23.909307435452337	26.249863032658784	0.0
56.0	26.204303369684943	23.655845766123218	23.798868505585382	26.340982358606453	0.0
57.0	26.210935472522912	23.743504864503258	23.760229297746815	26.285330365227022	0.0
58.0	26.2936925818488	23.624127013419915	23.69881025842133	26.383370146309954	0.0
59.0	26.189810235900335	23.71229444144879	23.884440266552094	26.213455056098777	0.0
60.0	26.13790697205009	23.760449136243185	23.804278559050054	26.297365332656668	0.0
61.0	26.153189599739328	23.78841922842915	23.832248651236018	26.226142520595502	0.0
62.0	26.360802655140297	23.814082508888433	23.599549018307435	26.22556581766383	0.0
63.0	26.257284478905646	23.740264533634754	23.68374764633116	26.318703341128437	0.0
64.0	26.25180580105479	23.747473320280623	23.818407780875955	26.182313097788633	0.0
65.0	26.28583127402328	23.65116393069184	23.691244784442862	26.371760010842017	0.0
66.0	26.224412411800497	23.676827211151128	23.772848249274077	26.325912127774302	0.0
67.0	26.280640947638258	23.777173521261595	23.62146372971087	26.32072180138928	0.0
68.0	26.352152111165257	23.69412829910121	23.78294055057829	26.170779039155246	0.0
69.0	26.237388227763052	23.760160784777348	23.707392466529605	26.29505852092999	0.0
70.0	26.299383792917514	23.776020115398254	23.65174063362351	26.27285545806072	0.0
71.0	26.3691648476495	23.741417939498096	23.74920342907563	26.140213783776773	0.0
72.0	26.237388227763052	23.760449136243185	23.7422829938956	26.25987964209816	0.0
73.0	26.295923575327496	23.91125695287472	23.646838658704322	26.145980813093463	0.0
74.0	26.280929299104095	23.828211730714333	23.70479730333709	26.186061666844484	0.0
75.0	26.330525751227658	23.719791579560496	23.709987629722114	26.239695039489735	0.0
76.0	26.212226066897347	23.844002306805077	23.72058823529412	26.223183391003463	0.0
77.0	26.25865051903114	23.774221453287197	23.680219146482123	26.28690888119954	0.0
78.0	26.193483275663205	23.827277970011533	23.77047289504037	26.208765859284888	0.0
79.0	26.317185697808537	23.720299884659745	23.707324106113035	26.255190311418687	0.0
80.0	26.095732410611305	23.753171856978085	23.902249134948097	26.248846597462517	0.0
81.0	26.21020761245675	23.659746251441753	23.796424452133795	26.333621683967706	0.0
82.0	26.208477508650518	23.736447520184544	23.758938869665513	26.296136101499425	0.0
83.0	26.292099192618224	23.6280276816609	23.69752018454441	26.382352941176467	0.0
84.0	26.200904841681538	23.70754409589361	23.894971467787002	26.196579594637846	0.0
85.0	26.14121643247857	23.765214056476193	23.807601477504388	26.285968033540847	0.0
86.0	26.156498972032953	23.792318937950004	23.83038111193451	26.220800978082533	0.0
87.0	26.356613735254513	23.808178177110214	23.606910014677005	26.228298072958268	0.0
88.0	26.253384505811688	23.740992673031506	23.691396506930488	26.314226314226314	0.0
89.0	26.254826254826252	23.736667425987815	23.82836266331412	26.180143655871813	0.0
90.0	26.265783547336945	23.654487732157637	23.69947030141205	26.380258419093373	0.0
91.0	26.22973982197283	23.673230469346972	23.772422801549016	26.32460690713118	0.0
92.0	26.287121432752503	23.764925706673278	23.625652751866344	26.322300108707875	0.0
93.0	26.350270039590427	23.704083898258656	23.790012139526702	26.155633922624215	0.0
94.0	26.239255365468956	23.759158710615022	23.70148875003244	26.30009717388358	0.0
95.0	26.296348626445713	23.769250953716973	23.659101329004244	26.27529909083307	0.0
96.0	26.366417628553553	23.73320722835286	23.749643167118894	26.150731975974693	0.0
97.0	26.240697114483524	23.75310336475385	23.743876171060638	26.262323349701987	0.0
98.0	26.298367075066103	23.920057900640426	23.641511991026555	26.14006303326692	0.0
99.0	26.28308453551172	23.824902465679166	23.704372248061567	26.187640750747548	0.0
100.0	26.330373903189436	23.70783244569652	23.720808186827604	26.24098546428644	0.0
101.0	26.212074901528826	23.84155800716259	23.72996695520787	26.216400136100717	0.0
102.0	26.256192294162084	23.77840958241302	23.683542770802937	26.281855352621957	0.0
103.0	26.19189047352668	23.826852209618167	23.7700474622407	26.21120985461445	0.0
104.0	26.325972745255218	23.721028137092635	23.70084370909049	26.252155408561656	0.0
105.0	26.096158615002217	23.74438440378083	23.913645250027393	26.245811731189555	0.0
106.0	26.208614713871313	23.650670988056586	23.80407264087289	26.336641657199213	0.0
107.0	26.212939948443204	23.729390257264953	23.771489207098	26.286180587193847	0.0
108.0	26.294254358394703	23.623277835767958	23.705457292633834	26.377010513203498	0.0
109.0	26.203637223438093	23.699910323728457	23.895410362655454	26.201042090177996	0.0
110.0	26.14279576589591	23.75844499615055	23.81178940205246	26.286969835901075	0.0
111.0	26.168458750356834	23.788721550851637	23.829666986733102	26.21315271205843	0.0
112.0	26.362805396723786	23.798813735752	23.607350570785144	26.23103029673907	0.0
113.0	26.262460244000195	23.734223752389685	23.695585101628303	26.30773090198182	0.0
114.0	26.254386496079906	23.73134027098958	23.839759171633464	26.17451406129705	0.0
115.0	26.274282517740623	23.64973774736666	23.707119027228714	26.368860707664005	0.0
116.0	26.225840030218883	23.671075509727423	23.77286240315107	26.330222056902624	0.0
117.0	26.28379800636096	23.756714907310492	23.631283466406	26.32820361992255	0.0
118.0	26.361363656023734	23.69241327208819	23.791605032251738	26.154618039636336	0.0
119.0	26.248619533279697	23.762193521970687	23.699910323728457	26.289276621021155	0.0
120.0	26.30023385034155	23.768248832910903	23.651179488066713	26.28033782868084	0.0
121.0	26.360210263463696	23.725861656329386	23.756426559170478	26.157501521036437	0.0
122.0	26.23708560767929	23.749506203810235	23.73999071518989	26.27341747332059	0.0
123.0	26.3100376871019	23.905790895695826	23.650602791786692	26.13356862541558	0.0
124.0	26.28033782868084	23.829955334873112	23.71029085676883	26.179415979677223	0.0
125.0	26.33829580482291	23.698180234888394	23.717499560269086	26.246024400019607	0.0
126.0	26.20342443238505	23.842711403048426	23.729678606236412	26.224185558330117	0.0
127.0	26.260805877705433	23.765145529725896	23.691039844060878	26.283008748507797	0.0
128.0	26.199099197813165	23.809839620302075	23.780139676241774	26.210921505642986	0.0
129.0	26.31876402096874	23.721893184007012	23.6965184745186	26.26282432050565	0.0
130.0	26.093563474259085	23.739770820237485	23.92604425580014	26.240621449703287	0.0
131.0	26.215246740214877	23.654131175714095	23.804937687787266	26.325684396283762	0.0
132.0	26.21063315667153	23.727660163436198	23.778697931384478	26.283008748507797	0.0
133.0	26.292524264565948	23.622701137825043	23.704015547776542	26.38075904983247	0.0
134.0	26.183315503703852	23.70379554845574	23.910542357144298	26.202346590696106	0.0
135.0	26.140639732872746	23.761753858841235	23.811350024942257	26.286256383343765	0.0
136.0	26.156498972032953	23.779631546621836	23.84018500523355	26.223684476111657	0.0
137.0	26.358055484269077	23.795202435979135	23.61815565699061	26.22858642276118	0.0
138.0	26.254826254826252	23.72628683308295	23.709562544514	26.309324367576796	0.0
139.0	26.25223110660004	23.728593631506254	23.838743256218983	26.180432005674724	0.0
140.0	26.261746650096164	23.646702287478988	23.69860525200331	26.392945810421537	0.0
141.0	26.221377677688356	23.667751823091628	23.787128641497574	26.32374185772244	0.0
142.0	26.29923212447484	23.747336368695592	23.62334595344304	26.330085553386525	0.0
143.0	26.35920888348073	23.695145054368353	23.79174223834418	26.153903823806736	0.0
144.0	26.25223110660004	23.749354817315982	23.705813997076135	26.292600079007844	0.0
145.0	26.295483577036975	23.765214056476193	23.659678028610067	26.27962433787677	0.0
146.0	26.36238073131277	23.72426838446256	23.760888809432497	26.152462074792172	0.0
147.0	26.243580612512652	23.74704801889268	23.75079656633055	26.25857480226412	0.0
148.0	26.308459318168055	23.89987341443652	23.655352781566375	26.136314485829047	0.0
149.0	26.28221948610298	23.825767515087904	23.708697495105262	26.183315503703852	0.0
150.0	26.339601096882646	23.693414955550878	23.72426838446256	26.242715563103914	0.0
151.0	26.205882352941178	23.846020761245676	23.73010380622837	26.217993079584772	0.0
152.0	26.246828143021915	23.771049596309112	23.691753171856977	26.290369088811993	0.0
153.0	26.199538638985004	23.812572087658594	23.782583621683965	26.205305651672433	0.0
154.0	26.32266435986159	23.725778546712803	23.695213379469436	26.25634371395617	0.0
155.0	26.093713956170706	23.74019607843137	23.918108419838525	26.2479815455594	0.0
156.0	26.221164936562865	23.643598615916954	23.81026528258362	26.32497116493656	0.0
157.0	26.209054209919262	23.7277970011534	23.77710495963091	26.286043829296425	0.0
158.0	26.294117647058822	23.620530565167243	23.70040369088812	26.384948096885815	0.0
159.0	26.20278605186289	23.690668081511195	23.912122007272224	26.194423859353687	0.0
160.0	26.137618620584256	23.750068483473136	23.827058324850995	26.28525457109161	0.0
161.0	26.156073114397678	23.779480332988275	23.846089521596085	26.21835703101797	0.0
162.0	26.359360897811122	23.79360955481417	23.630979328083416	26.216050219291294	0.0
163.0	26.269971943402375	23.721810039821335	23.713736198777966	26.29448181799832	0.0
164.0	26.250075692259784	23.727865420603866	23.850703145049437	26.171355742086917	0.0
165.0	26.261898102359005	23.655777554145196	23.701337085747078	26.38098725774872	0.0
166.0	26.229891089651353	23.66471644958607	23.78611241670247	26.319280044060108	0.0
167.0	26.298807089985843	23.7497801320073	23.635881303002606	26.315531475004256	0.0
168.0	26.352152111165257	23.686919512455344	23.80168339585754	26.159244980521855	0.0
169.0	26.243443608545586	23.746319914417285	23.71027598118795	26.299960495849177	0.0
170.0	26.29621192679333	23.757277270119005	23.669618424505263	26.276892378582406	0.0
171.0	26.377238688692874	23.718061470765488	23.763044299435695	26.141655541105948	0.0
172.0	26.251517449588956	23.74862672614396	23.73738101897641	26.262474805290676	0.0
173.0	26.302844010507524	23.89453256785631	23.65721931147437	26.145404110161795	0.0
174.0	26.280064244706587	23.820426241136797	23.712582792914628	26.18692672124199	0.0
175.0	26.3475384877119	23.684035997796997	23.73536255871557	26.233062955775537	0.0
176.0	26.209782063333698	23.8530787374783	23.727933840448905	26.20920535873909	0.0
177.0	26.24755621428036	23.769744923557806	23.697368496934814	26.285330365227022	0.0
178.0	26.207475244955276	23.800886971666504	23.784162538422944	26.207475244955276	0.0
179.0	26.31993264090335	23.711209407205345	23.707460827340412	26.26139712455089	0.0
180.0	26.0944411444126	23.736296057070685	23.917381299776817	26.2518814987399	0.0
181.0	26.236598826982853	23.628163945582152	23.81213271126131	26.32310451617368	0.0
182.0	26.20228490360383	23.7273571358543	23.781855720044522	26.28850224049735	0.0
183.0	26.29311587725419	23.618071615176557	23.70227048598896	26.386542021580283	0.0
184.0	26.20091869306828	23.684460938243408	23.911971556847377	26.202648811840934	0.0
185.0	26.14007618289662	23.744726742157514	23.830944327661427	26.284252747284437	0.0
186.0	26.152475367433976	23.773850408163856	23.850840693546946	26.222833530855226	0.0
187.0	26.362108092053855	23.793458420920597	23.62765537187461	26.21677811515094	0.0
188.0	26.27243026900463	23.713872957378523	23.713872957378523	26.299823816238316	0.0
189.0	26.250515431217686	23.72425367001445	23.84766880913041	26.17756208963745	0.0
190.0	26.272141915875856	23.652453740949316	23.694841650879333	26.380562692295495	0.0
191.0	26.229465652817062	23.668601516160752	23.789709830246515	26.31222300077567	0.0
192.0	26.28454110041321	23.752800629763232	23.638901143896863	26.323757125926694	0.0
193.0	26.35634102947834	23.686767763273618	23.79836042410978	26.15853078313826	0.0
194.0	26.24099977796809	23.750782157861806	23.71214283860587	26.296075225564238	0.0
195.0	26.296075225564238	23.753377336020783	23.671485047448506	26.279062390966473	0.0
196.0	26.37739080787896	23.71675648866628	23.75827933920997	26.147573364244785	0.0
197.0	26.253975668762997	23.749917098475475	23.73722956080935	26.25887767195218	0.0
198.0	26.307320997586487	23.895535428507166	23.654183859721968	26.14295971418438	0.0
199.0	26.286559572314637	23.824312205699588	23.700608713454844	26.188519508530927	0.0
200.0	26.351727379417934	23.682154113213205	23.73146249823384	26.234656009135026	0.0
201.0	26.209068155342045	23.84571909710608	23.732395990726538	26.212816756825337	0.0
202.0	26.25145618749928	23.765268342195412	23.698946931337154	26.284328538968154	0.0
203.0	26.2093565093023	23.80015917138606	23.787471597134914	26.203012722176727	0.0
204.0	26.32152619984083	23.705002364502477	23.702695532820446	26.270775902836252	0.0
205.0	26.100935420247062	23.732972698647043	23.91578910944763	26.25030277165827	0.0
206.0	26.233001534043073	23.629741980876364	23.815441931279484	26.321814553801083	0.0
207.0	26.209933217222805	23.71970841647539	23.778532624367063	26.291825741934737	0.0
208.0	26.299322944901327	23.619072884346995	23.705867426383236	26.37573674436845	0.0
209.0	26.206260182528585	23.68632765754985	23.917876555313658	26.18953560460791	0.0
210.0	26.136766677720267	23.74745887339783	23.82819821508384	26.287576233798067	0.0
211.0	26.151761126890527	23.771103966320158	23.85386179154832	26.223273115240993	0.0
212.0	26.370045704234492	23.788405253824305	23.632116956703527	26.209432085237676	0.0
213.0	26.271140010669125	23.71141452443086	23.716604910682104	26.300840554217906	0.0
214.0	26.25758733545755	23.729004166726742	23.83713721362765	26.17627128418806	0.0
215.0	26.28555775025592	23.647976470248995	23.68488588359117	26.381579895903922	0.0
216.0	26.242304531495552	23.66181750025231	23.781196384030913	26.314681584221226	0.0
217.0	26.301705618593118	23.743710261105264	23.632982021078735	26.321602099222886	0.0
218.0	26.35360948110555	23.679983852131663	23.798497671535056	26.16790899522773	0.0
219.0	26.24576478899638	23.74342190631353	23.711702879222596	26.299110425467497	0.0
220.0	26.306607650052626	23.737654810478816	23.681137271298606	26.274600268169955	0.0
221.0	26.38821205611384	23.721795296933344	23.760434839025937	26.129557807926872	0.0
222.0	26.269409881918715	23.735347972144925	23.737366455687077	26.257875690249282	0.0
223.0	26.313816519846018	23.896826655516946	23.654896985250655	26.13445983938638	0.0
224.0	26.304012456927	23.821566054873916	23.6923831081763	26.18203838002278	0.0
225.0	26.35908822214853	23.68286740004902	23.726120618809382	26.231923758993066	0.0
226.0	26.21844668592882	23.831438836888758	23.73483970310905	26.21527477407337	0.0
227.0	26.25737469506393	23.759638286706227	23.698506894582952	26.28448012364689	0.0
228.0	26.2106610841018	23.788762204651754	23.795682739609106	26.20489397163734	0.0
229.0	26.346476582639838	23.702543873308073	23.70773427452609	26.243245269526	0.0
230.0	26.10829483785763	23.729649301891037	23.91390854513054	26.24814731512079	0.0
231.0	26.235171312075757	23.630743323125543	23.82480665755463	26.309278707244072	0.0
232.0	26.22479050963973	23.71177125325121	23.77780469096928	26.28563354613978	0.0
233.0	26.305818439765392	23.61200020761605	23.71004111951187	26.372140233106684	0.0
234.0	26.206988030323565	23.679832061200774	23.91599599761241	26.197183910863252	0.0
235.0	26.149316739380552	23.7377917085985	23.82602878374131	26.286862768279633	0.0
236.0	26.15393044265599	23.77124105734545	23.85861306312411	26.216215436874446	0.0
237.0	26.37077449660172	23.794309573722654	23.63571352362937	26.199202406046258	0.0
238.0	26.271868232634453	23.698575230757253	23.723662242317463	26.305894294290834	0.0
239.0	26.248511359802535	23.729429371411765	23.85053908239209	26.17152018639361	0.0
240.0	26.281322990859024	23.6483174255313	23.6858040889299	26.38455549467978	0.0
241.0	26.25278990501347	23.6572410650949	23.79392478358411	26.29604424630752	0.0
242.0	26.2976676586615	23.740397259325903	23.629374581862645	26.332560500149953	0.0
243.0	26.33413984929014	23.681865503130417	23.789433006785693	26.19456164079375	0.0
244.0	26.24454224032023	23.733540204294687	23.730656315428227	26.29126123995686	0.0
245.0	26.303479502227862	23.73502141343062	23.668113455132733	26.29338562920878	0.0
246.0	26.378630612651015	23.70514998312852	23.777827126455346	26.13839227776512	0.0
247.0	26.261280358548845	23.73684498934332	23.743766781741467	26.258107870366366	0.0
248.0	26.313649028283333	23.90036515087711	23.642509792158197	26.143476028681363	0.0
249.0	26.285671433433517	23.807491073128244	23.71952028519841	26.187317208239836	0.0
