# Position (bp)	A	C	G	T	N
0.0	26.28518312796853	23.736921455048346	23.725302379359984	26.252593037623136	0.0
1.0	26.20441638232994	23.746840178196944	23.782547581531905	26.266195857941216	0.0
2.0	26.169116730326763	23.86630246290902	23.6540706570402	26.310510149724013	0.0
3.0	26.2268513271528	23.822732733413424	23.743964911485367	26.206451027948408	0.0
4.0	26.22568115432887	23.715531480280024	23.866820410973265	26.191966954417833	0.0
5.0	26.33469498756381	23.617713214089438	23.74264168474966	26.30495011359709	0.0
6.0	26.264308719927254	23.79928559086055	23.713737787484526	26.222667901727668	0.0
7.0	26.225956023350733	23.732265310111003	23.793163027437963	26.248615639100297	0.0
8.0	26.41324542323727	23.668037429762553	23.7997326445532	26.118984502446985	0.0
9.0	26.34390027016771	23.76229772821242	23.643639164689024	26.25016283693085	0.0
10.0	26.20636732012448	23.76404160307181	23.63661591348645	26.39297516331726	0.0
11.0	26.227038598657217	23.71052281344596	23.800853468952024	26.2615851189448	0.0
12.0	26.231778177987696	23.726879382015472	23.720366531878987	26.320975908117845	0.0
13.0	26.1958159185384	23.81947512091248	23.7175348579066	26.267174102642514	0.0
14.0	26.24282170648	23.874409595976758	23.66401621982851	26.218752477714723	0.0
15.0	26.25131672839716	23.80135240748921	23.675342915718055	26.271987948395576	0.0
16.0	26.168348681006265	23.861383895703785	23.777000011326695	26.193267411963255	0.0
17.0	26.2156376363451	23.749532773794556	23.834766160363362	26.200063429496982	0.0
18.0	26.114546875530937	23.777283178723934	23.893098644194502	26.215071301550623	0.0
19.0	26.22781383442636	23.739905082288445	23.889983802824876	26.14229728046032	0.0
20.0	26.26689093524528	23.82117412529591	23.671378572156716	26.24055636730209	0.0
21.0	26.24140586949381	23.68751911379931	23.855720547759013	26.215354468947865	0.0
22.0	26.318427401542692	23.86364923488169	23.630602466954365	26.187320896621248	0.0
23.0	26.230362341001506	23.82485530146001	23.71951702968727	26.22526532785121	0.0
24.0	26.07716877909545	23.702243818455717	23.83674833214403	26.3838390703048	0.0
25.0	26.28154121914546	23.726245862228122	23.742952691356905	26.24926022726951	0.0
26.0	26.207351571149857	23.751447689219	23.7791980155685	26.26200272406265	0.0
27.0	26.181300244372775	23.874341991623933	23.64186221679801	26.302495547205286	0.0
28.0	26.244163228552253	23.81516017318469	23.733891360304007	26.206785237959046	0.0
29.0	26.21641290220275	23.71293703224418	23.86159949483079	26.209050570722276	0.0
30.0	26.322034042288102	23.623173221501407	23.737006192853443	26.31778654335705	0.0
31.0	26.262569057253454	23.79109101257543	23.71916669734305	26.227173232828072	0.0
32.0	26.201688239241793	23.740970525189084	23.794772178315668	26.262569057253454	0.0
33.0	26.403302855168782	23.675559041650974	23.78967517959841	26.131462923581832	0.0
34.0	26.341855703966317	23.774101016851244	23.6410127170118	26.243030562170645	0.0
35.0	26.194892240952118	23.763907019416735	23.639596884034784	26.401603855596363	0.0
36.0	26.218678234965974	23.71661819798442	23.800718676819134	26.263984890230468	0.0
37.0	26.20954268724338	23.720798527537873	23.73212515928076	26.337533625937986	0.0
38.0	26.194251734390484	23.82783519750814	23.715418377460004	26.26249469064137	0.0
39.0	26.248902732549904	23.875407050828258	23.673226674217755	26.202463542404075	0.0
40.0	26.25343338524706	23.800934447118788	23.68058898485063	26.265043182783522	0.0
41.0	26.15007787059323	23.862381424323942	23.785360328472322	26.202180376610507	0.0
42.0	26.219170324224834	23.746000283165795	23.85530227948464	26.179527113124735	0.0
43.0	26.125159280758886	23.77063570720657	23.896927651139745	26.207277360894803	0.0
44.0	26.2225683137477	23.738071640945773	23.892113832649017	26.14724621265751	0.0
45.0	26.273821322384254	23.81679173155883	23.665581197791308	26.243805748265608	0.0
46.0	26.248619566756336	23.681155316437774	23.85643494265893	26.21379017414696	0.0
47.0	26.31827835197508	23.85558544527821	23.63783095002124	26.18830525272547	0.0
48.0	26.229364292793427	23.82896786068243	23.719665864363584	26.222001982160553	0.0
49.0	26.071357779980183	23.70069375619425	23.834914342347442	26.393034121478127	0.0
50.0	26.267800459293618	23.73149162822702	23.74451721784732	26.256190694632043	0.0
51.0	26.204654666134314	23.756976477484134	23.774815871964115	26.263552984417434	0.0
52.0	26.185116281703863	23.86118119444657	23.647391625678534	26.306310898171038	0.0
53.0	26.234103825275874	23.8192727756682	23.73545593811146	26.211167460944466	0.0
54.0	26.217680255754622	23.7060067789699	23.863446514380534	26.212866450894946	0.0
55.0	26.32018598276658	23.6162434765865	23.741685567929867	26.32188497271705	0.0
56.0	26.28337453383963	23.788124626576167	23.711953243796565	26.216547595787638	0.0
57.0	26.214282275853673	23.74083607295463	23.788407791567913	26.256473859623785	0.0
58.0	26.4119314400922	23.664664690175023	23.802849206146945	26.120554663585832	0.0
59.0	26.351617296850353	23.77340004700539	23.641445160851873	26.23353749529238	0.0
60.0	26.20975163598574	23.766037757219998	23.634082871066482	26.390127735727773	0.0
61.0	26.22815736044921	23.72724415335083	23.789823616526643	26.254774869673312	0.0
62.0	26.222702972091337	23.72123051830373	23.737370877129393	26.318695632475535	0.0
63.0	26.19636870242842	23.821470641536788	23.7302917723813	26.251868883653493	0.0
64.0	26.25271837622327	23.870174882203695	23.67564108372599	26.201465657847045	0.0
65.0	26.25866482421167	23.80561344690105	23.669128307357738	26.26659342152954	0.0
66.0	26.153327745559984	23.85941464298659	23.780411833997825	26.2068457774556	0.0
67.0	26.22128715114172	23.741618339978253	23.85431768756796	26.18277682131207	0.0
68.0	26.121047027908663	23.77559804276912	23.89282801739761	26.21052691192461	0.0
69.0	26.223269300471188	23.729725444001453	23.894810166727076	26.15219508880029	0.0
70.0	26.26942506342878	23.81495786516854	23.678189561435303	26.237427509967382	0.0
71.0	26.247338256614718	23.692914099311345	23.84780491119971	26.211942732874228	0.0
72.0	26.320111453425156	23.857149329467198	23.6402455599855	26.182493657122148	0.0
73.0	26.233463211308443	23.829965567234503	23.724911652772743	26.211659568684304	0.0
74.0	26.076873414280538	23.69263093512142	23.848088075389633	26.38240757520841	0.0
75.0	26.26623588076556	23.7341888643166	23.75542611842459	26.24414913649325	0.0
76.0	26.19289656324596	23.764487346844003	23.77468122881584	26.2679348610942	0.0
77.0	26.190631256141106	23.865859839786154	23.640178619465217	26.303330284607522	0.0
78.0	26.236786888402474	23.808943998776737	23.749479687274356	26.204789425546434	0.0
79.0	26.220363411892293	23.71181895665618	23.856798611366745	26.21101902008478	0.0
80.0	26.32315172177498	23.60874748338539	23.74409958290033	26.3240012119393	0.0
81.0	26.283792010828165	23.78345929384714	23.71521691731346	26.21753177801123	0.0
82.0	26.21413381735395	23.746081726617074	23.787140417892527	26.252644038136445	0.0
83.0	26.41263135241666	23.661982200349424	23.803280731014603	26.12210571621932	0.0
84.0	26.34495530265919	23.78289296707093	23.631966881210126	26.240184849059755	0.0
85.0	26.21753177801123	23.757691425529444	23.639045965912793	26.38573083054653	0.0
86.0	26.23055729386413	23.725410799285296	23.798183790028684	26.245848116821886	0.0
87.0	26.22085549080571	23.725909942971054	23.742050210389802	26.311184355833433	0.0
88.0	26.19763615872962	23.825300010760177	23.72336147969441	26.253702350815793	0.0
89.0	26.251153887539147	23.86437644766872	23.679754441405166	26.204715223386966	0.0
90.0	26.253136025643204	23.801231190925208	23.683718717613278	26.26191406581831	0.0
91.0	26.15204698233632	23.86211114697837	23.77914450919429	26.20669736149102	0.0
92.0	26.22283762890977	23.74346602332127	23.851067806112912	26.18262854165605	0.0
93.0	26.123447561120646	23.774897070399884	23.896656982506215	26.204998385973262	0.0
94.0	26.224536604427527	23.73157319469693	23.905435022681324	26.138455178194214	0.0
95.0	26.277204845478174	23.818220946102834	23.676356490369642	26.22821771804935	0.0
96.0	26.246056960985857	23.679188116232577	23.85304994421697	26.221704978564592	0.0
97.0	26.325059322561827	23.855598407493613	23.64860655691285	26.170735713031707	0.0
98.0	26.233031482016344	23.826715823691647	23.72704259331623	26.213210100975775	0.0
99.0	26.06794769420706	23.70014214761832	23.84625404214592	26.3856561160287	0.0
100.0	26.27797992382948	23.72102900992482	23.760954821537286	26.240036244708413	0.0
101.0	26.20435785986323	23.75812320369243	23.774546587192592	26.262972349251747	0.0
102.0	26.190199770638955	23.857229828262376	23.64315951919129	26.30941088190738	0.0
103.0	26.242584700768784	23.79578372102901	23.748212541235436	26.213419036966773	0.0
104.0	26.219931758009942	23.719330039217905	23.855530857555465	26.205207345216692	0.0
105.0	26.328665883252395	23.602384222225368	23.744248276252637	26.324701618269597	0.0
106.0	26.283926321303674	23.783890926080616	23.714233127097167	26.21794962551854	0.0
107.0	26.222763375854797	23.741133496623295	23.792952103184152	26.243151024337756	0.0
108.0	26.417861845365348	23.64938907844997	23.80512805991703	26.127621016267643	0.0
109.0	26.351318826011244	23.77794452860642	23.63041723888944	26.2403194064929	0.0
110.0	26.214551684104713	23.750760997295806	23.644009004544746	26.390678314054732	0.0
111.0	26.224179184777224	23.71451628888165	23.80852600133086	26.25277852501026	0.0
112.0	26.217309064549376	23.726908221862296	23.750410583424888	26.30537213016344	0.0
113.0	26.195505668882873	23.820917668112678	23.72634189989693	26.257234763107522	0.0
114.0	26.254403153280702	23.87103716204737	23.6767887279276	26.197770956744325	0.0
115.0	26.258933729003616	23.797981628515444	23.684717235442694	26.258367407038246	0.0
116.0	26.15897790211691	23.850083249328907	23.78495622331208	26.205982625242104	0.0
117.0	26.23033446975274	23.730306153654475	23.858578078809366	26.18078129778342	0.0
118.0	26.120468008472177	23.77787719874503	23.89878693835019	26.202867854432604	0.0
119.0	26.23769665530247	23.732288280533247	23.905582801934557	26.124432262229725	0.0
120.0	26.278754997791342	23.80987438978808	23.67339079613542	26.237979816285158	0.0
121.0	26.24704096773097	23.675656083996873	23.855180147017183	26.222122801254972	0.0
122.0	26.322928111089716	23.841871580831135	23.657250620122554	26.1779496879566	0.0
123.0	26.2419440700427	23.810440711753447	23.7220944851567	26.22552073304715	0.0
124.0	26.064118972918482	23.693778386888514	23.85036641031159	26.391736229881413	0.0
125.0	26.271750364570796	23.718197392079965	23.766901219011483	26.243151024337756	0.0
126.0	26.207472639492575	23.755857909416545	23.774263425408108	26.262406025682772	0.0
127.0	26.196429329897637	23.8391074740553	23.648539593096515	26.315923602950548	0.0
128.0	26.249663745380925	23.787572029278927	23.756141071201032	26.20662315413912	0.0
129.0	26.213702198751253	23.719613201002392	23.86742365250386	26.19926094774249	0.0
130.0	26.32300264756269	23.60493267828574	23.75670739477	26.315357279381573	0.0
131.0	26.287041100933017	23.76775070436494	23.728957539890416	26.216250654811628	0.0
132.0	26.22106440514788	23.732921804873214	23.800314309580777	26.245699480398127	0.0
133.0	26.422958757486086	23.65137121094137	23.801730118503205	26.123939913069332	0.0
134.0	26.35953051776132	23.785306735003044	23.61767495858759	26.237487788648046	0.0
135.0	26.21426852232023	23.748778864804407	23.640894224915403	26.396058387959958	0.0
136.0	26.21851594908751	23.716498421373053	23.815888207727482	26.24909742181195	0.0
137.0	26.224536604427527	23.72024669124518	23.74544816142533	26.309768542901963	0.0
138.0	26.19338871993521	23.817088295757657	23.736953283836513	26.25256970047062	0.0
139.0	26.248605424262507	23.874287138189004	23.685700855717336	26.191406581831156	0.0
140.0	26.250378731031592	23.806395528283776	23.69171435610061	26.25151138458402	0.0
141.0	26.16323849220732	23.84922073214933	23.786075117796305	26.201465657847045	0.0
142.0	26.24195813700616	23.725194816962667	23.85743249365712	26.17541455237405	0.0
143.0	26.121896520478433	23.76540413193186	23.905570405944182	26.207128941645525	0.0
144.0	26.242032445044757	23.728943143301308	23.894594663472564	26.134429748181372	0.0
145.0	26.281466798810705	23.804898768228796	23.67804049270848	26.235593940252016	0.0
146.0	26.249469064137052	23.67492566897919	23.856718108452498	26.218887158431258	0.0
147.0	26.312615036103637	23.83576383972816	23.662749539855586	26.18887158431262	0.0
148.0	26.2225683137477	23.818207560526687	23.7358063145972	26.223417811128414	0.0
149.0	26.07305677474161	23.6859691349285	23.85558544527821	26.385388645051677	0.0
150.0	26.268798722352322	23.71916669734305	23.759376353890286	26.252658226414344	0.0
151.0	26.20112190605099	23.75258035560061	23.787126680239787	26.259171058108617	0.0
152.0	26.192060574998088	23.83186700231347	23.65403838040034	26.322034042288102	0.0
153.0	26.25860472491781	23.775800016423663	23.75427935517303	26.2113159034855	0.0
154.0	26.212731736462512	23.717184531175224	23.87377565843313	26.196308073929135	0.0
155.0	26.316937043570842	23.601935726846175	23.756261521340853	26.32486570824213	0.0
156.0	26.297115381892628	23.771552517492616	23.72029936372466	26.211032736890093	0.0
157.0	26.218395068370576	23.73955469221207	23.803267176177762	26.238783063239595	0.0
158.0	26.431053181518283	23.65092354785091	23.805249342345583	26.112773928285225	0.0
159.0	26.36337636521695	23.779481182163902	23.629686053195677	26.22745639942347	0.0
160.0	26.218678234965974	23.744934857524726	23.643278049775024	26.39310885773427	0.0
161.0	26.224058400278636	23.71746769777063	23.810912674253643	26.24756122769709	0.0
162.0	26.227247499631883	23.716119020920406	23.743869425849784	26.312764053597924	0.0
163.0	26.1958159185384	23.806732588036745	23.74670109982217	26.250750393602683	0.0
164.0	26.248485054424776	23.869312582826463	23.702526985852955	26.179675376895805	0.0
165.0	26.25450591396784	23.817560392697658	23.68418817093165	26.24374552240285	0.0
166.0	26.1611344882853	23.849342764748858	23.791293119559615	26.198229627406228	0.0
167.0	26.253447582586237	23.721633545332526	23.86236853879132	26.162550333289914	0.0
168.0	26.120074983151444	23.764958402473766	23.902295367921482	26.212671246453308	0.0
169.0	26.230868340200203	23.738690906001782	23.908875957467895	26.12156479633012	0.0
170.0	26.279931132908956	23.80643590150194	23.678159617606415	26.23547334798269	0.0
171.0	26.247083342772353	23.678159617606415	23.87071562875201	26.204041410869223	0.0
172.0	26.324105747230593	23.82965589108126	23.65324060439934	26.19299775728881	0.0
173.0	26.220182135332898	23.81294882540833	23.74158983304261	26.22527920621616	0.0
174.0	26.070101714881183	23.681557664861927	23.864769046054867	26.383571574202026	0.0
175.0	26.269245036713173	23.710225036316732	23.772805917149707	26.247724009820384	0.0
176.0	26.197602670872705	23.753550261508792	23.792627915603596	26.256219152014904	0.0
177.0	26.200151213531065	23.83425411235675	23.64651146985782	26.31908320425437	0.0
178.0	26.252537923730614	23.781584230750717	23.754116604321762	26.211761241196907	0.0
179.0	26.219690040578463	23.70852600787783	23.878712023174746	26.193071928368962	0.0
180.0	26.324180289571082	23.591293045593428	23.76147906089035	26.32304760394514	0.0
181.0	26.290766063605965	23.767708831832998	23.72834800633171	26.21317709822933	0.0
182.0	26.209212698538554	23.743639262281853	23.808768685773185	26.238379353406412	0.0
183.0	26.4179100251173	23.660670040182023	23.796025972481402	26.125393962219274	0.0
184.0	26.363541115072366	23.773089088556194	23.635184613598454	26.228185182772982	0.0
185.0	26.21685832651362	23.741090719623497	23.645095612825397	26.396955341037483	0.0
186.0	26.22422078308221	23.724383606640938	23.805936971708345	26.245458638568515	0.0
187.0	26.218914770828732	23.71595562125151	23.750785802878163	26.314343805041595	0.0
188.0	26.20050857728619	23.80657072792248	23.73775988129421	26.25516081349712	0.0
189.0	26.25601033012216	23.856125864383166	23.705761421751024	26.18210238374365	0.0
190.0	26.258916410159117	23.802107373542015	23.69138672654832	26.24758948975055	0.0
191.0	26.160446281927847	23.846066715750126	23.79226369145381	26.20122331086821	0.0
192.0	26.248796511298632	23.72147023843235	23.863340318287367	26.16639293198165	0.0
193.0	26.126182250665458	23.769043438862774	23.90411734722773	26.20065696324404	0.0
194.0	26.241225126649848	23.73626249154016	23.9112644029688	26.111247978841195	0.0
195.0	26.283775747724686	23.805990859097577	23.680544149879086	26.229689243298655	0.0
196.0	26.249794697823514	23.685358131948416	23.857245609365176	26.20760156086289	0.0
197.0	26.32710158634868	23.829777594028396	23.65732376577995	26.185797053842975	0.0
198.0	26.2175127004174	23.820432805305575	23.72500269016645	26.23705180411057	0.0
199.0	26.076774518743377	23.684791781116733	23.855263381454275	26.38317031868561	0.0
200.0	26.279602533860796	23.7009998952248	23.777174297793774	26.24222327312063	0.0
201.0	26.204277659945006	23.750272557109565	23.791333108680202	26.254116674265227	0.0
202.0	26.205410364815922	23.83409271755721	23.644081475461366	26.316415442165503	0.0
203.0	26.263744665668	23.785103231890172	23.74517538519045	26.205976717251378	0.0
204.0	26.22891399088739	23.698734485482973	23.87826820752286	26.19408331610678	0.0
205.0	26.32491072869736	23.588862113004303	23.767829482608732	26.318397675689603	0.0
206.0	26.291779111223125	23.775192064269675	23.73186610295721	26.20116272154999	0.0
207.0	26.220850382998	23.730584620612515	23.80902487717162	26.239540119217864	0.0
208.0	26.406048678267517	23.658374276126693	23.805343565491953	26.130233480113834	0.0
209.0	26.35819162643182	23.781839806306373	23.640250895549862	26.21971767171195	0.0
210.0	26.217883913426387	23.737515327086395	23.64803062868664	26.39657013080058	0.0
211.0	26.22949426986433	23.724489073521873	23.803779312610263	26.242237344003534	0.0
212.0	26.245992999784782	23.70360091976938	23.735883465672895	26.314522614772944	0.0
213.0	26.211161831836254	23.79959901679825	23.740414349308477	26.24882480205702	0.0
214.0	26.25533794728317	23.85227053906188	23.70756544295051	26.184826070704435	0.0
215.0	26.271836797109287	23.798250507601995	23.68979217344272	26.240120521846	0.0
216.0	26.170532098660548	23.841927901905812	23.793220626964573	26.19431937246906	0.0
217.0	26.240194829099767	23.720159714552715	23.871661994166455	26.167983462181066	0.0
218.0	26.128621187664596	23.771132444142385	23.905360632061846	26.19488573613117	0.0
219.0	26.236021397279746	23.740049670233823	23.911091980551017	26.112836951935414	0.0
220.0	26.2805554926259	23.801850886930517	23.68206429396706	26.23552932647652	0.0
221.0	26.250821231961215	23.681781110532157	23.86386805917401	26.203529598332615	0.0
222.0	26.324448925035682	23.8310187807254	23.65969280260982	26.1848394916291	0.0
223.0	26.227033823429462	23.817142792415215	23.725108176072133	26.23071520808319	0.0
224.0	26.083743005369158	23.684329761446275	23.850841621168527	26.381085612016044	0.0
225.0	26.27879646017699	23.700106194690264	23.78166371681416	26.239433628318583	0.0
226.0	26.20715044247788	23.751929203539824	23.793557522123894	26.247362831858407	0.0
227.0	26.19440707964602	23.83461946902655	23.651681415929204	26.319292035398227	0.0
228.0	26.257557522123893	23.779398230088493	23.754477876106193	26.208566371681414	0.0
229.0	26.230938053097347	23.70407079646018	23.883893805309732	26.18109734513274	0.0
230.0	26.322407079646016	23.59221238938053	23.76353982300885	26.3218407079646	0.0
231.0	26.302300884955756	23.75646017699115	23.739185840707965	26.202053097345136	0.0
232.0	26.23688495575221	23.735787610619468	23.802902654867257	26.224424778761062	0.0
233.0	26.39603539823009	23.65394690265487	23.806300884955753	26.14371681415929	0.0
234.0	26.36233628318584	23.772318584070796	23.641486725663714	26.223858407079646	0.0
235.0	26.22612389380531	23.733522123893806	23.657061946902655	26.38329203539823	0.0
236.0	26.233769911504424	23.71992920353982	23.801769911504426	26.24453097345133	0.0
237.0	26.232428268823416	23.69507595065756	23.73812032034073	26.334375460178293	0.0
238.0	26.21458751033631	23.788810729375516	23.74038581348195	26.256215946806222	0.0
239.0	26.248569907454605	23.841766631551522	23.703571549937134	26.20609191105674	0.0
240.0	26.26232303121787	23.805221765000752	23.67353065287639	26.25892455090499	0.0
241.0	26.15634727096096	23.84379434281296	23.793663066844534	26.206195319381543	0.0
242.0	26.236867970168447	23.712855722576755	23.86637548895479	26.18390081830001	0.0
243.0	26.130604868293204	23.772374858010476	23.901546375690828	26.19547389800549	0.0
244.0	26.23487217840631	23.738498322908168	23.90960701658961	26.117022482095916	0.0
245.0	26.27327767185034	23.787209569166524	23.700799224856713	26.23871353412642	0.0
246.0	26.250651676224585	23.68758075118435	23.86495001926695	26.196817553324113	0.0
247.0	26.333253989844035	23.840451577801957	23.64294296336598	26.183351468988032	0.0
248.0	26.235241436774114	23.81208799306213	23.730749392086064	26.22192117807769	0.0
249.0	26.07681538121447	23.686537469604303	23.858000374100882	26.378646775080345	0.0
