# Position (bp)	A	C	G	T	N
0.0	26.35069690023547	23.76590287423415	23.725852768996106	26.157547456534274	0.0
1.0	26.28167437844225	23.757949661846453	23.667339849286627	26.293036110424673	0.0
2.0	26.30027433985198	23.857343276969655	23.638950579067245	26.203431804111123	0.0
3.0	26.22583054332115	23.758125111813467	23.797029098478202	26.219015246387183	0.0
4.0	26.11778402476077	23.794190305818212	23.812363347247068	26.275662322173947	0.0
5.0	26.274470833747394	23.722547947928053	23.740151332320668	26.262829886003892	0.0
6.0	26.29809753369276	23.74974093411351	23.775576545807105	26.17658498638662	0.0
7.0	26.459374831444087	23.614292973595983	23.72302040839501	26.20331178656492	0.0
8.0	26.167523929556836	23.719499040546832	23.730853515913296	26.382123513983036	0.0
9.0	26.270344530039225	23.637406118544675	23.756904509148296	26.335344842267798	0.0
10.0	26.157046724621885	23.797400813416548	23.804780028438362	26.240772433523208	0.0
11.0	26.194794247618074	23.844230447208812	23.743759596527227	26.217215708645885	0.0
12.0	26.160452516170412	23.99550435515594	23.753125523285682	26.090917605387965	0.0
13.0	26.175494762176417	23.881694154242624	23.62994939561391	26.312861687967054	0.0
14.0	26.288453515202605	23.770438296990697	23.725027743010322	26.216080444796376	0.0
15.0	26.26319389455102	23.67280560593289	23.76532960966791	26.298670889848186	0.0
16.0	26.322227614725506	23.79513028571753	23.65464138434074	26.228000715216226	0.0
17.0	26.30256966243025	23.715594507609083	23.682104319099057	26.29973151086161	0.0
18.0	26.19585516344915	23.76128874786429	23.825714788472563	26.217141300213996	0.0
19.0	26.078639503664053	23.730352895766046	23.74965232643284	26.441355274137063	0.0
20.0	26.145619880684105	23.871125213570906	23.82486334300197	26.158391562743017	0.0
21.0	26.329248287175528	23.745111283923006	23.70537716196196	26.220263266939508	0.0
22.0	26.27333670127319	23.756747705354456	23.73858353531512	26.231332058057227	0.0
23.0	26.142497913958596	23.727230929040534	23.7925084151194	26.337762741881466	0.0
24.0	26.16775746291955	23.723257516844427	23.832526352237316	26.276458667998703	0.0
25.0	26.36188703021496	23.75390955378581	23.738299720158253	26.14590369584097	0.0
26.0	26.29433902288118	23.769235572256502	23.670467897667606	26.265957507194713	0.0
27.0	26.308245965567544	23.85665064057081	23.646059794177248	26.189043599684396	0.0
28.0	26.206072509096273	23.780020548217358	23.80896969421755	26.204937248468816	0.0
29.0	26.11269732248781	23.79676564247237	23.81379455188425	26.27674248315557	0.0
30.0	26.28412167723405	23.720986995589513	23.745678914236738	26.2492124129397	0.0
31.0	26.30484018368517	23.750787587060298	23.77037083288396	26.17400139637057	0.0
32.0	26.463209041215634	23.61625920270646	23.714743062138492	26.205788693939414	0.0
33.0	26.179393884351	23.70991820447179	23.734042492805287	26.376645418371925	0.0
34.0	26.28554075301837	23.631017590863422	23.747949435491652	26.33549222062655	0.0
35.0	26.163709794149455	23.796130475133605	23.8177003658367	26.222459364880248	0.0
36.0	26.19379411539324	23.83614829867487	23.75299069372742	26.21706689220447	0.0
37.0	26.15264103444655	23.9905433058128	23.766329968241173	26.090485691499477	0.0
38.0	26.162006908041313	23.891775911540744	23.634923923563118	26.311293256854828	0.0
39.0	26.2905748092058	23.771154812214235	23.737380904402812	26.200889474177153	0.0
40.0	26.251692243069964	23.670968346185393	23.774560584430514	26.302778826314132	0.0
41.0	26.31327995731432	23.79584666078225	23.658764329077066	26.232109052826363	0.0
42.0	26.2941897690893	23.705526417364847	23.69105192652635	26.3092318870195	0.0
43.0	26.182934859114955	23.7588833639852	23.836648275548896	26.22153350135095	0.0
44.0	26.087573507708377	23.73078582294576	23.74951751697205	26.432123152373816	0.0
45.0	26.144620030424814	23.85963717276298	23.82841768271916	26.167325114093043	0.0
46.0	26.32909883522921	23.75547760143496	23.70297209545217	26.212451467883657	0.0
47.0	26.267511295779123	23.75831573689349	23.73788116159208	26.236291805735306	0.0
48.0	26.14121426787458	23.720852348840907	23.793508616579253	26.344424766705266	0.0
49.0	26.16902799536816	23.71858184047408	23.841473105828396	26.270917058329356	0.0
50.0	26.365426969098383	23.749801330517904	23.74866607633449	26.13610562404923	0.0
51.0	26.297879345185386	23.768249210998345	23.67061735122494	26.263254092591332	0.0
52.0	26.307812819290238	23.846581749653748	23.651318030106943	26.194287400949072	0.0
53.0	26.21074858660854	23.779034125740754	23.80599641259678	26.204220875053924	0.0
54.0	26.10744045591808	23.79265717594169	23.821889971164545	26.27801239697568	0.0
55.0	26.292770701360034	23.715176077923847	23.741003110596463	26.251050110119657	0.0
56.0	26.305258497377565	23.747814635696933	23.778182685103193	26.168744181822312	0.0
57.0	26.46731603205958	23.614706082691914	23.714040823740433	26.20393706150807	0.0
58.0	26.178110028835455	23.71744658629067	23.722839043661875	26.381604341211997	0.0
59.0	26.285959176259567	23.628612946438707	23.739867856413053	26.345560020888676	0.0
60.0	26.171791851736227	23.797130653195023	23.80933460103024	26.221742894038513	0.0
61.0	26.20045693851197	23.822673799826873	23.765627439015738	26.21124182264542	0.0
62.0	26.160439342122068	23.98274418538648	23.7701684428614	26.086648029630048	0.0
63.0	26.170940413515165	23.885964040925796	23.634789765712583	26.308305779846457	0.0
64.0	26.296669457491944	23.768749379159633	23.732988973875038	26.201592189473384	0.0
65.0	26.250124168073906	23.66714441811293	23.787197207282635	26.29553420653053	0.0
66.0	26.321644978643093	23.8028069080021	23.657494784940898	26.218053328413916	0.0
67.0	26.29574338860098	23.70454042333388	23.690917450460628	26.308798737604516	0.0
68.0	26.18817866528923	23.759032314826904	23.833958665629808	26.21883035425406	0.0
69.0	26.07976250617291	23.73093493327581	23.752504640325135	26.43679792022614	0.0
70.0	26.137660140884243	23.86035317557174	23.84360827141503	26.158378412128986	0.0
71.0	26.32809794917496	23.74455790614907	23.72128532749059	26.20605881718538	0.0
72.0	26.265659323505876	23.753072264194856	23.74569315388851	26.235575258410766	0.0
73.0	26.13595726927509	23.715325276858543	23.806712719883297	26.34200473398307	0.0
74.0	26.173136632741677	23.71589290072826	23.84474351915447	26.266226947375593	0.0
75.0	26.368966867794725	23.75051795678112	23.73859785551702	26.141917319907137	0.0
76.0	26.286093782815755	23.774358159309315	23.673037298564477	26.266510759310453	0.0
77.0	26.30823111373479	23.852974065265393	23.649480907971142	26.189313913028673	0.0
78.0	26.217695106514622	23.775209595113893	23.817497573407955	26.18959772496353	0.0
79.0	26.11779330544408	23.792522123140323	23.82799861499776	26.26168595641784	0.0
80.0	26.29318908118724	23.719298643946576	23.73973310325646	26.247779171609725	0.0
81.0	26.306812054060497	23.751653204520558	23.77748009059277	26.164054650826174	0.0
82.0	26.46773342112583	23.612869168374267	23.71106809783565	26.208329312664258	0.0
83.0	26.185624357875497	23.719866267816293	23.717311960402558	26.37719741390565	0.0
84.0	26.28240422766258	23.633303627684153	23.746260777758227	26.33803136689504	0.0
85.0	26.161142283033488	23.80011749780756	23.81515948766415	26.223580731494806	0.0
86.0	26.192077696134774	23.826228121709565	23.766343973412575	26.21535020874309	0.0
87.0	26.163980394327186	23.976931831404837	23.768330651318163	26.09075712294982	0.0
88.0	26.16454801658592	23.88270653645412	23.64146707648994	26.31127837047002	0.0
89.0	26.29623638061343	23.771736384870596	23.734273315793804	26.197753918722167	0.0
90.0	26.25508376685483	23.672970111849967	23.78535931908034	26.286586802214863	0.0
91.0	26.31723840418678	23.79813081990197	23.671834867332485	26.212795908578755	0.0
92.0	26.300418904038054	23.696175372075334	23.696742992723102	26.30666273116351	0.0
93.0	26.188313826103737	23.756059350414933	23.83779672369362	26.217830099787708	0.0
94.0	26.08046590302769	23.725124025111537	23.756059350414933	26.43835072144584	0.0
95.0	26.14772894978828	23.857663446365525	23.833539568835356	26.161068035010842	0.0
96.0	26.33163803966533	23.73562500709526	23.723988783816	26.208748169423412	0.0
97.0	26.269767389058547	23.7566269710627	23.751234574908896	26.222371064969856	0.0
98.0	26.134389864565716	23.722285921872693	23.806577588066343	26.33674662549525	0.0
99.0	26.16986615505126	23.717177336042774	23.843189119847423	26.269767389058547	0.0
100.0	26.368249571446412	23.750666954261128	23.740733592925174	26.140349881367285	0.0
101.0	26.297296990475328	23.767127953046423	23.675457218431777	26.260117838046476	0.0
102.0	26.307797972459046	23.841770068228	23.657577168027064	26.192854791285885	0.0
103.0	26.212437703633906	23.773371780171875	23.81793000102172	26.196260515172497	0.0
104.0	26.11565838318935	23.78273752086006	23.828998603653208	26.272605492297384	0.0
105.0	26.300135093714168	23.720583059929385	23.744706937459554	26.234574908896885	0.0
106.0	26.297864611123096	23.748680281993938	23.777061314382372	26.176393792500598	0.0
107.0	26.474962253226924	23.60677512005177	23.710082077945668	26.208180548775644	0.0
108.0	26.181502378330514	23.711784939888975	23.730232610941457	26.376480070839058	0.0
109.0	26.28537695687218	23.628060894343093	23.75151838523278	26.33504376355194	0.0
110.0	26.169224263443347	23.784089070779256	23.819281451061304	26.227405214716093	0.0
111.0	26.18682045358437	23.817010974914076	23.76450621400941	26.231662357492148	0.0
112.0	26.174900453811418	23.958631924597487	23.772169071006303	26.09429855058479	0.0
113.0	26.167237596814523	23.8814357355917	23.642468121095845	26.30885854649793	0.0
114.0	26.300911879982632	23.77131764245109	23.72817859565374	26.199591881912536	0.0
115.0	26.26316521403495	23.660348120755273	23.789197642110523	26.28728902309926	0.0
116.0	26.315953784458024	23.79459002296019	23.67482240619386	26.214633786387925	0.0
117.0	26.304392248572434	23.703838250820212	23.693337268836494	26.298432231770864	0.0
118.0	26.190016688047045	23.750383143937242	23.840634826932465	26.218965341083244	0.0
119.0	26.085006868209838	23.717461146366663	23.763438418835925	26.43409356658758	0.0
120.0	26.15368896658985	23.85482534312668	23.82644431073825	26.165041379545222	0.0
121.0	26.33277328096087	23.726826887054845	23.725124025111537	26.21527580687275	0.0
122.0	26.265226423876392	23.7566269710627	23.75151838523278	26.226628219828125	0.0
123.0	26.135241295537366	23.712068750212858	23.80884807065742	26.343841883592354	0.0
124.0	26.170717586022906	23.71547447409947	23.84375674049519	26.270051199382426	0.0
125.0	26.361438123673185	23.7475450406984	23.7475450406984	26.14347179493001	0.0
126.0	26.31262274796508	23.76968224596138	23.668361960334668	26.249333045738872	0.0
127.0	26.30609511051574	23.83779672369362	23.659563840294254	26.196544325496383	0.0
128.0	26.219816772054898	23.759748884625427	23.82530906944271	26.19512527387696	0.0
129.0	26.105157401205624	23.782169900212292	23.843189119847423	26.269483578734658	0.0
130.0	26.305243679544088	23.712352560536743	23.739882161953524	26.242521597965645	0.0
131.0	26.30354081760078	23.741868834220714	23.785575624098904	26.169014724079602	0.0
132.0	26.472691770635848	23.610464654262266	23.717744956690545	26.19909861841134	0.0
133.0	26.17554236152894	23.714339232803933	23.733354524504183	26.37676388116294	0.0
134.0	26.27913312974673	23.62919613563863	23.760032694949313	26.33163803966533	0.0
135.0	26.170508050302683	23.785926941339078	23.82197095476902	26.22159405358922	0.0
136.0	26.186969095806123	23.819132843475323	23.76974970696501	26.224148353753545	0.0
137.0	26.169940428043947	23.963308897195095	23.772304007129335	26.094446667631626	0.0
138.0	26.173210915437995	23.870070527465977	23.651534717393464	26.30518383970256	0.0
139.0	26.31937447672026	23.753139678440167	23.729867033731146	26.19761881110843	0.0
140.0	26.262044303168768	23.653805219316297	23.790035334686173	26.294115142828762	0.0
141.0	26.318104801287383	23.792157074214614	23.68884865032085	26.200889474177153	0.0
142.0	26.30342110790085	23.692605479903047	23.70622860743255	26.29774480476355	0.0
143.0	26.188475969370668	23.75334192347208	23.850122891962922	26.20805921519433	0.0
144.0	26.088573034154315	23.711337280256114	23.774911875393794	26.425177810195777	0.0
145.0	26.153850520233185	23.85409630415903	23.822309006590185	26.1697441690176	0.0
146.0	26.33407314484223	23.72155462590324	23.73120434123664	26.213167888017892	0.0
147.0	26.275607222528112	23.74227313235436	23.766965051001584	26.21515459411594	0.0
148.0	26.142497913958596	23.712756356040437	23.80471246686458	26.340033263136387	0.0
149.0	26.16151352946853	23.71587832276595	23.84529803429622	26.277310113469298	0.0
150.0	26.3752263425876	23.73971879594258	23.74709799002106	26.137956871448765	0.0
151.0	26.316760420273482	23.75220666284462	23.67557657049117	26.25545634639072	0.0
152.0	26.31108411713619	23.836783579590286	23.66450777937345	26.187624523900077	0.0
153.0	26.22707483070426	23.765829790374124	23.819754670178405	26.18734070874321	0.0
154.0	26.10844009513484	23.784845405884056	23.834513058335368	26.272201440645738	0.0
155.0	26.29774480476355	23.71417543182476	23.74397602329555	26.244103740116138	0.0
156.0	26.31108411713619	23.741421686883765	23.79591419700178	26.151579998978264	0.0
157.0	26.472574941392168	23.614556311765273	23.716445953079678	26.19642279376288	0.0
158.0	26.165770756821498	23.71360780151103	23.736596829217067	26.384024612450403	0.0
159.0	26.28156734082227	23.62988233023596	23.762991638805477	26.325558690136287	0.0
160.0	26.16925081100411	23.785764358959078	23.818119378670094	26.226865451366717	0.0
161.0	26.192523719919052	23.816416482895832	23.774979352388737	26.216080444796376	0.0
162.0	26.176346210063546	23.965987495068696	23.76930303314119	26.088363261726567	0.0
163.0	26.165993545988382	23.86224630256656	23.661871095734504	26.30988905571055	0.0
164.0	26.30364506909539	23.74871927319996	23.74616491503921	26.201470742665446	0.0
165.0	26.262775338523408	23.651937480664927	23.796116807960516	26.289170372851146	0.0
166.0	26.326216094250675	23.785466754839828	23.68613004027394	26.202187110635556	0.0
167.0	26.301030834203715	23.68023704645566	23.716849825166886	26.301882294173744	0.0
168.0	26.184096998319784	23.748353844057945	23.852799600381456	26.214749557240815	0.0
169.0	26.087598201716546	23.71912038508696	23.771627083238727	26.421654329957768	0.0
170.0	26.14492983969847	23.863017120021798	23.8303778211707	26.161675219109032	0.0
171.0	26.33395395304482	23.724229144907135	23.74352890422778	26.198287997820263	0.0
172.0	26.278325235002953	23.731040824667364	23.767085963398575	26.223547976931112	0.0
173.0	26.147200399618548	23.713443985286773	23.797454702329595	26.341900912765087	0.0
174.0	26.176150038599516	23.704077925616456	23.83775714091095	26.282014894873072	0.0
175.0	26.372269651696108	23.729621724717315	23.76396394350847	26.13414468007811	0.0
176.0	26.32118205349439	23.750056763998	23.671154806775352	26.257606375732255	0.0
177.0	26.309261613913993	23.83662186095091	23.66718132691522	26.186935198219878	0.0
178.0	26.227521456791248	23.764247763498478	23.82470142137051	26.18352935833977	0.0
179.0	26.111155260887337	23.785818082739205	23.839176240860997	26.26385041551246	0.0
180.0	26.29421915444349	23.72110712501703	23.749489124017984	26.235184596521506	0.0
181.0	26.30727487398393	23.736717224467554	23.80710458198992	26.148903319558602	0.0
182.0	26.471890468189457	23.614674628763453	23.72564824485718	26.18778665818991	0.0
183.0	26.17359565868943	23.718268925116934	23.730473184687344	26.37766223150629	0.0
184.0	26.277189955042914	23.626595068343853	23.771343263248717	26.324871713364516	0.0
185.0	26.156356876268323	23.785885591837314	23.820795549689926	26.236961982204438	0.0
186.0	26.19240211730314	23.80688833070799	23.77055926887763	26.230150283111243	0.0
187.0	26.1801978230945	23.968098542580215	23.764315211375536	26.087388422949747	0.0
188.0	26.17892732159633	23.853570343964375	23.64836674396097	26.319135590478325	0.0
189.0	26.30948562865244	23.7530972120125	23.731242886700933	26.206174272634126	0.0
190.0	26.252437324917054	23.64070353898159	23.80588817964823	26.300970956453128	0.0
191.0	26.316730574374663	23.799211536878673	23.682559865580945	26.201498023165716	0.0
192.0	26.29920812874294	23.68603298044447	23.711861039366504	26.30289785144609	0.0
193.0	26.187664973178553	23.74563619334147	23.851502852439474	26.2151959810405	0.0
194.0	26.085204211960377	23.716118411716288	23.778276048023162	26.420401328300176	0.0
195.0	26.158431016376692	23.854624925495983	23.83191893963046	26.155025118496866	0.0
196.0	26.342065677064113	23.719808134419438	23.739108222405132	26.199017966111317	0.0
197.0	26.288706610280133	23.735986149348623	23.759259784860784	26.21604745551046	0.0
198.0	26.14480742485738	23.71214486418982	23.80013055941873	26.342917151534074	0.0
199.0	26.17915022847898	23.699372747140465	23.85320580137939	26.268271223001165	0.0
200.0	26.387193823971845	23.71583458689297	23.755286237334317	26.14168535180087	0.0
201.0	26.321346464961827	23.7430817699316	23.682059432918003	26.25351233218857	0.0
202.0	26.316521442965403	23.833338063747057	23.65679902364261	26.19334146964494	0.0
203.0	26.23250929526296	23.75784066074419	23.817160048817872	26.192489995174977	0.0
204.0	26.120398490051937	23.77770839837652	23.839866034683393	26.262027076888145	0.0
205.0	26.288990435103454	23.712712513836458	23.750177390514573	26.24811966054551	0.0
206.0	26.30743904861919	23.73854057275849	23.80523940623847	26.148780972383847	0.0
207.0	26.47461186955411	23.617347373201262	23.71668606136293	26.191354695881703	0.0
208.0	26.182556126358815	23.714699287599693	23.73030965288224	26.372434933159255	0.0
209.0	26.29608605568643	23.624442993784236	23.76578775579712	26.313683194732214	0.0
210.0	26.16872298334795	23.78430387507131	23.820917381197688	26.226055760383048	0.0
211.0	26.19398346431886	23.80048193591785	23.783736223813538	26.22179837594975	0.0
212.0	26.17752157784344	23.95516690366107	23.781181793153557	26.086129725341937	0.0
213.0	26.19299684667936	23.841771990224988	23.65614897524175	26.3090821878539	0.0
214.0	26.315042559894643	23.75009579169351	23.73306615729138	26.201795491120468	0.0
215.0	26.258277111887534	23.65302687560136	23.79863024973959	26.290065762771516	0.0
216.0	26.321152345135886	23.795075569431635	23.687220605974595	26.196551479457884	0.0
217.0	26.311009184727695	23.6850172000772	23.706872083650275	26.297101531544826	0.0
218.0	26.177893075691692	23.741499301779044	23.855598823809903	26.22500879871936	0.0
219.0	26.0987046014464	23.714251654726898	23.790318002747473	26.396725741079237	0.0
220.0	26.163133933538447	23.85446350518273	23.833460110580035	26.148942450698787	0.0
221.0	26.34024363937739	23.70885889124783	23.746324405944527	26.204573063430253	0.0
222.0	26.28035558179403	23.73667419761356	23.76903077848798	26.21393944210443	0.0
223.0	26.14568491323278	23.709561140093438	23.801522470921487	26.343231475752294	0.0
224.0	26.187124278359004	23.68997678260228	23.858572555787035	26.264326383251685	0.0
225.0	26.3872253222904	23.71580542798917	23.751568167755632	26.145401081964792	0.0
226.0	26.325066274601078	23.739647254500145	23.681461844562644	26.253824626336137	0.0
227.0	26.31371302388156	23.834163066740086	23.657903849319656	26.194220060058697	0.0
228.0	26.232551274700693	23.75950135956721	23.81087540233539	26.197071963396706	0.0
229.0	26.123842664865265	23.776247594502696	23.842381030773335	26.257528709858708	0.0
230.0	26.292724186672267	23.719764530906737	23.744174297083884	26.243336985337113	0.0
231.0	26.31032192507905	23.724305882753647	23.817687430105757	26.147684762061544	0.0
232.0	26.46160570847927	23.613610431485192	23.741052117689133	26.183731742346406	0.0
233.0	26.17010768680567	23.70954648925119	23.732253248485744	26.3880925754574	0.0
234.0	26.285344489921037	23.61758411435124	23.76688105631844	26.33019033940928	0.0
235.0	26.172736484472793	23.77148987985252	23.827121597879184	26.22865203779551	0.0
236.0	26.192321119900548	23.79334519764871	23.77148987985252	26.242843802598227	0.0
237.0	26.17529100213728	23.944629410445707	23.77688275047755	26.103196836939464	0.0
238.0	26.19474050210749	23.831798248726283	23.669727374650527	26.303733874515707	0.0
239.0	26.313952003178976	23.737280558591035	23.74238962292267	26.206377815307324	0.0
240.0	26.248591387380532	23.650783287964416	23.815984808272567	26.284640516382485	0.0
241.0	26.325291457671575	23.79322188820856	23.69216619687125	26.189320457248616	0.0
242.0	26.3153860566523	23.683194513050243	23.702782651155132	26.298636779142328	0.0
243.0	26.177558604673614	23.753027115574067	23.852393160209292	26.217021119543034	0.0
244.0	26.11404024315108	23.70098435871883	23.792123426715385	26.3928519714147	0.0
245.0	26.16305483621825	23.843475989278087	23.832118031893142	26.161351142610513	0.0
246.0	26.34107831499793	23.698678374065008	23.737867110427043	26.222376200510023	0.0
247.0	26.295266522582494	23.735263796154033	23.753155982948464	26.21631369831501	0.0
248.0	26.182455462643155	23.705349027449554	23.794821396109796	26.31737411379749	0.0
249.0	26.197793582984914	23.686602435920744	23.853049445555357	26.262554535538996	0.0
