# Position (bp)	A	C	G	T	N
0.0	26.3206730878703	23.763576747045565	23.742798916137257	26.17295124894688	0.0
1.0	26.19885238062709	23.819363799895257	23.78805473962247	26.19372907985518	0.0
2.0	26.239782326555705	23.648364033789477	23.86154056330973	26.250313076345087	0.0
3.0	26.235008850967915	23.839840170302868	23.81508022790531	26.110070750823912	0.0
4.0	26.1826026079582	23.85723961683163	23.721491465226276	26.238666309983895	0.0
5.0	26.213296603850907	23.77446655928605	23.73946351430572	26.27277332255733	0.0
6.0	26.236169922141784	23.719721804853616	23.823874243045122	26.220234029959478	0.0
7.0	26.20473785302696	23.70605392331223	23.818168883830122	26.271039339830686	0.0
8.0	26.166466541090237	23.738497521667625	23.780609254337794	26.314426682904347	0.0
9.0	26.32495412060945	23.76481299702673	23.754285632993327	26.15594724937049	0.0
10.0	26.297385881255046	23.801909660972584	23.70659732101196	26.1941071367604	0.0
11.0	26.230809500506435	23.80447029100138	23.73760939580512	26.227110812687066	0.0
12.0	26.284298216663444	23.740739054729197	23.772604672865288	26.20235805574207	0.0
13.0	26.236215275011666	23.731634592404603	23.855113862681947	26.177036269901787	0.0
14.0	26.113589548077254	23.81556635445948	23.852837747100796	26.218006350362472	0.0
15.0	26.2481648818127	23.865356382797117	23.655953749331392	26.23052498605879	0.0
16.0	26.208617373590233	23.778579476265804	23.822963730098216	26.18983942004575	0.0
17.0	26.176467241006495	23.71968498560357	23.784838794113966	26.319008979275964	0.0
18.0	26.28059952884407	23.712287609964832	23.748420944815578	26.258691916375515	0.0
19.0	26.310758060294305	23.718546927812994	23.62551070343352	26.345184308459185	0.0
20.0	26.233370130535228	23.706312806564316	23.775449817341723	26.28486724555873	0.0
21.0	26.243043621755113	23.75069706039673	23.76321569609305	26.243043621755113	0.0
22.0	26.28714336113988	23.78825296748569	23.702898633192593	26.221705038181835	0.0
23.0	26.33181212941993	23.62778681901467	23.73049653461403	26.30990451695137	0.0
24.0	26.25691012498684	23.735265749963723	23.73213609994395	26.27568802510548	0.0
25.0	26.32718499361267	23.757173300102142	23.734696722687403	26.180944983597787	0.0
26.0	26.20029191099275	23.813791514096227	23.78192598662217	26.20399058828885	0.0
27.0	26.248090202203844	23.645643953942933	23.85789112801122	26.248374715842004	0.0
28.0	26.23358000665762	23.847648637037416	23.802695482207938	26.11607587409702	0.0
29.0	26.18834233818998	23.850209259780865	23.717625904397728	26.243822497631424	0.0
30.0	26.207404751946783	23.778796336602394	23.733274154496595	26.280524756954225	0.0
31.0	26.228953163498144	23.72182611713962	23.819414017378044	26.22980670198419	0.0
32.0	26.205338598717415	23.704755347418615	23.81827596606331	26.271630087800656	0.0
33.0	26.160101058956748	23.739750425346678	23.78100478550578	26.319143730190792	0.0
34.0	26.323980448278412	23.77702160590421	23.74544068192035	26.15355726389703	0.0
35.0	26.2949601397527	23.80604191442992	23.69934960367363	26.19964834214375	0.0
36.0	26.235496958557864	23.808033504230703	23.731215040486177	26.22525449672526	0.0
37.0	26.28870085752166	23.740034938175363	23.77275391347396	26.198510290829013	0.0
38.0	26.240333676645477	23.725240271083823	23.852702018334007	26.18172403393669	0.0
39.0	26.111449365251882	23.81343924797569	23.84814981307507	26.22696157369736	0.0
40.0	26.245739420390468	23.865789608453444	23.65894878200058	26.229522189155507	0.0
41.0	26.19680321385691	23.78356540096393	23.821974632836195	26.19765675234296	0.0
42.0	26.176602803020387	23.72580929674119	23.777590631561576	26.319997268676843	0.0
43.0	26.27419070325881	23.7135752451078	23.7497083743506	26.262525677282788	0.0
44.0	26.309470294015558	23.72097257865357	23.6242382169012	26.345318910429672	0.0
45.0	26.228668650669455	23.705039860247297	23.785272477936033	26.28101901114721	0.0
46.0	26.240902702302847	23.76393401578477	23.761942425983985	26.233220855928398	0.0
47.0	26.29268403712323	23.788686631880232	23.696219962558114	26.22240936843842	0.0
48.0	26.332231320310235	23.62679883235935	23.732922117458276	26.308047729872143	0.0
49.0	26.2544846207028	23.74224349107628	23.72944045021182	26.273831438009097	0.0
50.0	26.321629457236423	23.77410883722783	23.73057849828866	26.173683207247088	0.0
51.0	26.201565385129694	23.817639176166995	23.7871963901115	26.19359904859181	0.0
52.0	26.234568779358085	23.653475741082683	23.860885003086953	26.251070476472275	0.0
53.0	26.21806708224389	23.85263415452986	23.81280247184042	26.116496291385833	0.0
54.0	26.188477832246022	23.850358058376177	23.722896673769984	26.238267435607813	0.0
55.0	26.19758221686075	23.784351269919398	23.746226659345222	26.271839853874628	0.0
56.0	26.227381358825536	23.729941959713212	23.819562990781836	26.223113690679412	0.0
57.0	26.196654148173437	23.70205986115853	23.81643336747468	26.284852623193355	0.0
58.0	26.15739160122909	23.74985774439513	23.782007511095937	26.310743143279847	0.0
59.0	26.320416524411062	23.780584955047228	23.74615909866849	26.15283942187322	0.0
60.0	26.295664049163538	23.809036076021396	23.69324001365654	26.202059861158528	0.0
61.0	26.229372937293725	23.810743143279844	23.733925116649594	26.225958802776827	0.0
62.0	26.28200751109594	23.74132240810288	23.77546375327188	26.201206327529302	0.0
63.0	26.242744964151587	23.718561511323546	23.846307044497554	26.192386480027313	0.0
64.0	26.10930920678275	23.809320587231138	23.850005690224194	26.231364515761925	0.0
65.0	26.236201206327532	23.869352452486627	23.65426197792193	26.240184363263914	0.0
66.0	26.2046204620462	23.781722999886195	23.817286901103905	26.196369636963695	0.0
67.0	26.180152498008418	23.721691134630703	23.77574826448162	26.32240810287925	0.0
68.0	26.274610219642653	23.723113690679412	23.74189143052236	26.260384659155573	0.0
69.0	26.295379537953796	23.733356094230114	23.62780243541596	26.343461932400135	0.0
70.0	26.225389780357343	23.710026175031295	23.77887788778878	26.28570615682258	0.0
71.0	26.233071583020372	23.76664390576989	23.759815636736086	26.240468874473656	0.0
72.0	26.28399908956413	23.79082735859793	23.696369636963695	26.228803914874245	0.0
73.0	26.33350404005918	23.62694890178673	23.731933538181405	26.30761351997269	0.0
74.0	26.25718033122701	23.744099965574243	23.724184237554805	26.274535465643943	0.0
75.0	26.326031848094207	23.769136880798676	23.725606789556192	26.17922448155092	0.0
76.0	26.20397688637508	23.815227565643664	23.783646911212838	26.197148636768418	0.0
77.0	26.22275457279341	23.663014501495102	23.863878844091147	26.250352081620342	0.0
78.0	26.220762999991464	23.85249842808004	23.80811480563672	26.118623766291776	0.0
79.0	26.184630179156198	23.84965332407726	23.725606789556192	26.240109707210348	0.0
80.0	26.20682199037786	23.77966376560895	23.742677413572853	26.270836830440338	0.0
81.0	26.233775840583583	23.72354772079367	23.81857392412698	26.224102514495762	0.0
82.0	26.199065670503753	23.699079895983292	23.81231471312898	26.289539720383974	0.0
83.0	26.15923432778919	23.75000711273977	23.784148263637967	26.30661029583307	0.0
84.0	26.314292054785167	23.779311600594056	23.753705737420407	26.15269060720037	0.0
85.0	26.286979134066605	23.8125992227198	23.700502443937385	26.199919199276206	0.0
86.0	26.222395456950853	23.81060765558407	23.7349281044264	26.232068783038677	0.0
87.0	26.281288942250242	23.747162016831588	23.76679317859805	26.204755862320116	0.0
88.0	26.23576740771931	23.724970268747757	23.85072350788945	26.188538815643476	0.0
89.0	26.113428283667446	23.811461184356524	23.851008017480268	26.224102514495762	0.0
90.0	26.23946603239995	23.871777217610006	23.652135813498273	26.236620936491768	0.0
91.0	26.202479785593574	23.77874258141242	23.824264115943347	26.19451351705066	0.0
92.0	26.17829647037402	23.721556153657943	23.7784580718216	26.321689304146446	0.0
93.0	26.289539720383974	23.712736356342575	23.74289437296931	26.254829550304144	0.0
94.0	26.30148912319834	23.725254778338577	23.636772295594085	26.336483802868994	0.0
95.0	26.227232119994763	23.709322241252753	23.782441206093058	26.281004432659426	0.0
96.0	26.240604070763222	23.761672005963323	23.763094553917412	26.23462936935604	0.0
97.0	26.28584109570334	23.785001792410423	23.69822636721084	26.2309307446754	0.0
98.0	26.338190860413906	23.635634257230812	23.729806931791668	26.296367950563614	0.0
99.0	26.2550393617899	23.75363815604169	23.714944961776247	26.27637752039217	0.0
100.0	26.329580662507148	23.776114349769408	23.72518727790533	26.169117709818114	0.0
101.0	26.207810904083555	23.81736812306712	23.776114349769408	26.19870662307992	0.0
102.0	26.233132185624907	23.660319275754446	23.8611824753971	26.245366063223543	0.0
103.0	26.232847676843544	23.841266860701655	23.81110892987712	26.11477653257768	0.0
104.0	26.190455868420383	23.850086632923926	23.72177317252897	26.237684326126725	0.0
105.0	26.209517956771737	23.77355377073713	23.742542313568507	26.274385958922625	0.0
106.0	26.235902629991692	23.726542317715744	23.82099896439098	26.216556087901584	0.0
107.0	26.203753229165482	23.700936600243537	23.81161020131784	26.28369996927314	0.0
108.0	26.153110810164904	23.76125229028917	23.77690022874441	26.308736670801515	0.0
109.0	26.315280354155522	23.777469244688238	23.753855083019427	26.153395318136813	0.0
110.0	26.28882111276758	23.805351025935746	23.702074632131193	26.203753229165482	0.0
111.0	26.230496978525338	23.807627089711055	23.725119777856175	26.236756153907432	0.0
112.0	26.28142390549783	23.74731139966542	23.768080481615094	26.203184213221654	0.0
113.0	26.243015329289527	23.724266253940435	23.848880745638493	26.183837671131542	0.0
114.0	26.116124773816164	23.814739789008886	23.8511568094138	26.217978627761152	0.0
115.0	26.259516791660502	23.867373763812864	23.64972516529913	26.223384279227503	0.0
116.0	26.203753229165482	23.778891784547803	23.82327502816629	26.194079958120426	0.0
117.0	26.17928554358093	23.723981745968523	23.771494577278055	26.32523813317249	0.0
118.0	26.284838001160793	23.714308474923467	23.73906066847993	26.26179285543581	0.0
119.0	26.3041845432509	23.726542317715744	23.632370179012415	26.336902960020943	0.0
120.0	26.225944850974724	23.706626759681807	23.78002981643546	26.28739857290801	0.0
121.0	26.239885741598478	23.764097370008308	23.759829750429606	26.236187137963608	0.0
122.0	26.2828464453574	23.785150959929897	23.707195775625635	26.22480681908707	0.0
123.0	26.33775648393668	23.630663131180935	23.73308600106975	26.29849438381263	0.0
124.0	26.26044502863581	23.74111976966169	23.717505540808517	26.28092966089398	0.0
125.0	26.33185673275806	23.77099319170486	23.7192125934967	26.17793748204038	0.0
126.0	26.19927564064265	23.818790666973936	23.777821402457587	26.20411228992583	0.0
127.0	26.222889869495823	23.653206556220358	23.8705712651821	26.25333230910172	0.0
128.0	26.222605360714457	23.848664089017106	23.814807544034846	26.113923006233584	0.0
129.0	26.181067078635383	23.84809507145438	23.728316874500333	26.242520975409906	0.0
130.0	26.203258763581736	23.769286139016682	23.74737896285169	26.28007613454989	0.0
131.0	26.234344859765223	23.727530855065122	23.81203020353816	26.22609408163149	0.0
132.0	26.204186843138483	23.699079895983292	23.808331578857523	26.2884016820207	0.0
133.0	26.152121588018733	23.75683534291941	23.776181995095055	26.314861073966807	0.0
134.0	26.3086018629688	23.772767880005237	23.762525534735776	26.15610472229019	0.0
135.0	26.284134038158424	23.809469617220795	23.701924991891477	26.204471352729303	0.0
136.0	26.21983487063349	23.816582356991255	23.726961835883486	26.236620936491768	0.0
137.0	26.27645227920633	23.744601430514223	23.77362140877769	26.205324881501756	0.0
138.0	26.24031956117241	23.72184066324876	23.851861546252724	26.18597822932611	0.0
139.0	26.108591620623535	23.809754126811615	23.84702488320881	26.23462936935604	0.0
140.0	26.24714779135205	23.86608702579364	23.65811051490546	26.22865466794886	0.0
141.0	26.201626256821122	23.77646650468587	23.8188584337178	26.203048804775207	0.0
142.0	26.17630490323829	23.720418115294667	23.775043956731782	26.328233024735265	0.0
143.0	26.275029731252243	23.720987134476303	23.74972260314895	26.254260531122505	0.0
144.0	26.300635594425888	23.724970268747757	23.636487786003265	26.337906350823086	0.0
145.0	26.22837015835804	23.70107146311902	23.785001792410423	26.28555658611252	0.0
146.0	26.233775840583583	23.762810044326592	23.760818477190863	26.24259563789895	0.0
147.0	26.281288942250242	23.789269436272697	23.70590812616293	26.22353349531413	0.0
148.0	26.340751446731268	23.634780728458356	23.726108307111033	26.298359517699343	0.0
149.0	26.25405071682395	23.736702695167022	23.71877853994953	26.290468048059495	0.0
150.0	26.318065556886435	23.77738768240673	23.72333070635397	26.18121605435287	0.0
151.0	26.189751366361197	23.828030533656158	23.77824121360756	26.20397688637508	0.0
152.0	26.229298311999795	23.65362565828594	23.871845135298923	26.245230894415343	0.0
153.0	26.22133202079202	23.850222344877817	23.814374034442828	26.114071599887335	0.0
154.0	26.186337241557865	23.850791365678372	23.720485602351193	26.24238579041257	0.0
155.0	26.204830417575913	23.766860797596458	23.74808311117813	26.2802256736495	0.0
156.0	26.231080004552183	23.734494139069078	23.81017412086036	26.22425173551838	0.0
157.0	26.199783771480593	23.699783771480597	23.812734721748036	26.28769773529077	0.0
158.0	26.15454648913167	23.75526345738022	23.776032775691363	26.314157277796745	0.0
159.0	26.312165699328556	23.782007511095937	23.75298736770229	26.15283942187322	0.0
160.0	26.292534425856378	23.81472630021623	23.696085125753953	26.196654148173437	0.0
161.0	26.22425173551838	23.814157277796745	23.727096847615798	26.23449413906908	0.0
162.0	26.277170820530326	23.742175941732103	23.781153977466712	26.199499260270855	0.0
163.0	26.241322408102878	23.726527825196314	23.848014111756	26.184135654944807	0.0
164.0	26.116991009445773	23.808751564811654	23.848298622965743	26.225958802776827	0.0
165.0	26.247297143507453	23.865653806759987	23.667064982360305	26.219984067372256	0.0
166.0	26.194662569705248	23.786844201661545	23.81358825537726	26.204904973255942	0.0
167.0	26.174462273813585	23.725958802776827	23.77404119722317	26.32553772618641	0.0
168.0	26.275179242062137	23.72453624672812	23.747581654717195	26.252702856492544	0.0
169.0	26.306475475133723	23.73250256060089	23.62694890178673	26.334073062478662	0.0
170.0	26.22994195971321	23.699214749061113	23.791396381017414	26.27944691020826	0.0
171.0	26.245590076249	23.76351428246273	23.761522703994537	26.229372937293725	0.0
172.0	26.284283600773872	23.78229202230568	23.709741663821553	26.223682713098896	0.0
173.0	26.34602253328781	23.629794013884148	23.734494139069078	26.289689313758963	0.0
174.0	26.263589005317527	23.740251906941808	23.715499361270517	26.280659726470144	0.0
175.0	26.321344945217213	23.77353981318941	23.725172769923667	26.179942471669715	0.0
176.0	26.19530612070707	23.819346248282258	23.783213221842555	26.202134409168114	0.0
177.0	26.237698411569397	23.65205318098663	23.873972555970628	26.236275851473344	0.0
178.0	26.223472810608882	23.851211594433806	23.813940519917264	26.111375075040044	0.0
179.0	26.18933136830365	23.849789034337757	23.72118960165472	26.23968999570387	0.0
180.0	26.201849897148904	23.7761004213623	23.74252800309549	26.2795216783933	0.0
181.0	26.229522189155507	23.73406016877301	23.812016683832272	26.224400958239208	0.0
182.0	26.202208957601897	23.69394385992864	23.810594119688858	26.293253062780604	0.0
183.0	26.155833366526497	23.75056191283665	23.77275391347396	26.320850807162895	0.0
184.0	26.31146188381634	23.778444170047628	23.749423861521915	26.16067008461411	0.0
185.0	26.291261472979816	23.814008273633057	23.700772167817046	26.19395808557008	0.0
186.0	26.228099625012092	23.817137914748578	23.728938937856707	26.225823522382623	0.0
187.0	26.27504424174486	23.743733604948247	23.782427349649197	26.198794803657698	0.0
188.0	26.24204075361758	23.72410221976909	23.85042591570454	26.18343111090879	0.0
189.0	26.1179931603116	23.80689545291597	23.854124582477425	26.220986804295006	0.0
190.0	26.2537057795936	23.863228992995296	23.656103653713746	26.22696157369736	0.0
191.0	26.196518701028232	23.785272477936033	23.81571535060516	26.202493470430582	0.0
192.0	26.176887315849072	23.72751637371329	23.776168067418162	26.319428243019477	0.0
193.0	26.273052651944077	23.728654425028026	23.74572519474903	26.25256772827887	0.0
194.0	26.304633575927937	23.73662078423116	23.629359447817503	26.329386192023396	0.0
195.0	26.227815112183407	23.696219962558114	23.789540170366283	26.286424754892195	0.0
196.0	26.236919522701278	23.76393401578477	23.76051986184057	26.23862659967338	0.0
197.0	26.285286703577466	23.780151247019727	23.703048270446516	26.231513778956295	0.0
198.0	26.343896346286254	23.62736785801672	23.72324868128304	26.30548711441399	0.0
199.0	26.265445534131675	23.74806886368098	23.714496254377952	26.271989347809388	0.0
200.0	26.320925693573123	23.77765828204975	23.723885204437277	26.177530819939854	0.0
201.0	26.20000739735459	23.81862824594497	23.78277952753665	26.198584829163785	0.0
202.0	26.231019383914166	23.659585122212835	23.865572996241575	26.243822497631424	0.0
203.0	26.22589813842727	23.85049377341903	23.815783109563355	26.10782497859035	0.0
204.0	26.18350560634124	23.85533050526777	23.724454231713597	26.23670965667739	0.0
205.0	26.197731288249305	23.77566668658262	23.739817968174304	26.286784056993774	0.0
206.0	26.224550182658273	23.734195222433396	23.80930703661132	26.23194755829701	0.0
207.0	26.199228396817993	23.7003380031638	23.805323834344307	26.295109765673903	0.0
208.0	26.15313705629972	23.747282887025005	23.77431175955115	26.325268297124126	0.0
209.0	26.31673286369482	23.781709135189885	23.74159259807213	26.159965403043167	0.0
210.0	26.278892442158213	23.818411498935916	23.70545926322139	26.197236795684486	0.0
211.0	26.224550182658273	23.82182567230764	23.72679784679466	26.226826298239423	0.0
212.0	26.27547826878649	23.73561779467161	23.78370073632339	26.205203200218506	0.0
213.0	26.244181679545687	23.718546927812994	23.855113862681947	26.182157529959373	0.0
214.0	26.113589548077254	23.804754805449022	23.85369129044373	26.227964356029997	0.0
215.0	26.247880367365056	23.861942209425393	23.647133801454437	26.243043621755113	0.0
216.0	26.20093548350385	23.784838794113966	23.816988926697697	26.197236795684486	0.0
217.0	26.1810194721688	23.73391070798575	23.75894797937839	26.32612184046706	0.0
218.0	26.274340210995916	23.731350077956957	23.73760939580512	26.25670031524201	0.0
219.0	26.30990451695137	23.72679784679466	23.628924876805243	26.334372759448726	0.0
220.0	26.22198955262948	23.698346402030296	23.788537481933332	26.29112656340689	0.0
221.0	26.242190078412182	23.761224094959545	23.75411123376845	26.24247459285983	0.0
222.0	26.286005303349302	23.77516530289408	23.702898633192593	26.23593076056402	0.0
223.0	26.346037851802112	23.622950073404727	23.71655532667949	26.314456748113667	0.0
224.0	26.25905114161747	23.75190269578206	23.706664769898286	26.28238139270218	0.0
225.0	26.322213528700477	23.779500675723735	23.71804538018351	26.180240415392277	0.0
226.0	26.19588875453446	23.822177964293335	23.780354221495127	26.201579059677076	0.0
227.0	26.23003058539014	23.658866206700335	23.861725585034495	26.249377622875024	0.0
228.0	26.223486734476136	23.848637883206486	23.81193541503663	26.115939967280745	0.0
229.0	26.183370083220716	23.856035279891884	23.727434383668825	26.23316025321858	0.0
230.0	26.200156483391424	23.7726723095526	23.744505299096662	26.282665907959313	0.0
231.0	26.227829085508457	23.735468341897267	23.805174778219726	26.23152779437455	0.0
232.0	26.195109737846895	23.70445609063544	23.80545929428635	26.29497487723132	0.0
233.0	26.154708456386533	23.75424640229434	23.77103285022505	26.32001229109408	0.0
234.0	26.318020678627725	23.777861235823988	23.741727695362957	26.162390390185337	0.0
235.0	26.269368431235314	23.815986388751373	23.711284476234372	26.203360703778944	0.0
236.0	26.224130376642368	23.82423735468342	23.720104474299664	26.23152779437455	0.0
237.0	26.274205204367888	23.738028986496868	23.77814575189061	26.20962005724463	0.0
238.0	26.23920972817335	23.718966410033175	23.854680573812004	26.187143287981474	0.0
239.0	26.108332337527102	23.808873487085815	23.845291543613467	26.23750263177362	0.0
240.0	26.252639006652288	23.859180897859773	23.646068662542895	26.242111432945048	0.0
241.0	26.19359942180248	23.787478267797642	23.818778330113222	26.20014398028665	0.0
242.0	26.172609748532373	23.74444036571936	23.759806725343395	26.32314316040488	0.0
243.0	26.2664234511373	23.73172682077273	23.739410306684917	26.262439421405055	0.0
244.0	26.305379746835445	23.734177215189874	23.631442946908297	26.32900009106639	0.0
245.0	26.21814300960512	23.696905016008536	23.790821771611526	26.294130202774813	0.0
246.0	26.236068261250693	23.765354796844225	23.75254727398991	26.24602966791516	0.0
247.0	26.288075869959982	23.779380539537424	23.703385344027687	26.229158246474903	0.0
248.0	26.349841596953194	23.629237245921797	23.71861470629257	26.302306450832436	0.0
249.0	26.26651637547749	23.75084681115115	23.70900437780017	26.273632435571194	0.0
