# Position (bp)	A	C	G	T	N
0.0	25.86365440272575	24.037775906405578	24.109726940984018	25.988842749884654	0.0
1.0	25.95431915930217	24.217492167662044	23.934205134658136	25.89398353837765	0.0
2.0	25.937433455291636	24.022559059436926	24.062566544708364	25.977440940563074	0.0
3.0	25.949285414717554	24.148788592444433	23.99393489692551	25.907991095912507	0.0
4.0	25.871612903225806	24.123870967741937	23.926451612903225	26.078064516129036	0.0
5.0	25.955803849342153	24.061452712183133	24.03822892844817	25.944514510026544	0.0
6.0	25.901962934532296	24.093844139256756	24.049979680434515	25.95421324577643	0.0
7.0	25.917325412260244	24.13379389084013	23.937379660000193	26.011501036899432	0.0
8.0	25.926570945728034	24.102454945366823	24.051498381000297	25.919475727904846	0.0
9.0	26.006682189642603	24.03492024587362	23.97300034184947	25.985397222634305	0.0
10.0	25.966751052130867	23.957947014528276	24.12822290662238	25.947079026718477	0.0
11.0	25.8129222632504	24.0862989180386	24.115000725607494	25.985778093103505	0.0
12.0	25.944176596739606	24.05437218827096	24.017608075205185	25.983843139784252	0.0
13.0	26.060596288114553	23.802183272328556	24.246577551316577	25.890642888240322	0.0
14.0	25.92740700130609	23.932147636938257	24.026960349581568	26.11348501217408	0.0
15.0	25.914507312511088	24.115968202267123	24.001483464211425	25.968041021010368	0.0
16.0	26.11348501217408	23.984713868777916	24.08178402696035	25.820017092087653	0.0
17.0	25.949336472257606	24.11403324894787	23.88183885063773	26.054791428156797	0.0
18.0	26.037376848283532	24.143702533176388	23.96697679668478	25.8519438218553	0.0
19.0	26.015769869551896	23.943757356853766	24.082106519180225	25.958366254414113	0.0
20.0	26.035441894964283	23.923117854781754	23.960526952287275	26.080913297966685	0.0
21.0	25.924182079107343	24.125642968863374	23.935695051356888	26.014479900672395	0.0
22.0	26.04672912265992	24.072109260364094	23.94020994243514	25.94095167454085	0.0
23.0	25.939578052540263	24.039137529588565	23.996246202666356	26.025038215204816	0.0
24.0	25.9153912140503	24.029785285372444	24.015918164638197	26.03890533593906	0.0
25.0	25.897331707977788	24.016885638177797	24.0855762594893	26.000206394355114	0.0
26.0	25.98246937946247	24.168456492714924	23.919170810678327	25.929903317144277	0.0
27.0	25.94248047315906	23.99592371148649	24.02849532065298	26.033100494701472	0.0
28.0	25.976342047045016	24.088156188928235	23.979476661313313	25.956025102713443	0.0
29.0	25.923131002367082	24.073321594654388	23.916913372419266	26.086634030559264	0.0
30.0	25.98440432654167	24.013015744019402	24.017853111717393	25.984726817721537	0.0
31.0	25.90281405803551	24.047522300265086	24.060421947459737	25.989241694239663	0.0
32.0	25.92538844062615	24.11847035983566	23.941745193268964	26.01439600626923	0.0
33.0	25.92465985352498	24.09291585909761	24.035190124061955	25.947234163315457	0.0
34.0	26.028179188421312	24.026805380425493	23.95037521727773	25.99464021387546	0.0
35.0	25.97529080548362	23.961984862312836	24.121939971685364	25.940784360518176	0.0
36.0	25.848874670656947	24.042284907138963	24.107750405531352	26.00109001667274	0.0
37.0	25.95981127877015	24.055184512733526	24.012293324131615	25.97271088436471	0.0
38.0	26.09686958821234	23.788485167066018	24.223201875602655	25.89144336911899	0.0
39.0	25.90853534653178	23.939088062382492	24.030030281824132	26.122346309261594	0.0
40.0	25.929497205622937	24.087756016859785	23.971014586229025	26.01173219128825	0.0
41.0	26.112671605065675	23.97681940874658	24.08420862532128	25.826300360866465	0.0
42.0	25.952716495693146	24.103558033713117	23.869752682311738	26.073972788281996	0.0
43.0	26.062040653107033	24.123552422384687	23.95747000035474	25.856936924153544	0.0
44.0	26.029469148980773	23.95618003979528	24.062924276090257	25.951426535133688	0.0
45.0	26.043658715134782	23.935540670843988	23.913288851193375	26.10751176282785	0.0
46.0	25.95239400555328	24.119360050566456	23.935218180704123	25.99302776317614	0.0
47.0	26.039788833456416	24.054539532453795	23.964242293291882	25.941429340797907	0.0
48.0	25.972627125203168	24.018343180000514	23.99447898661025	26.014550708186064	0.0
49.0	25.920706380124354	24.006088594205515	24.02382549469828	26.049379530971855	0.0
50.0	25.91264415262764	23.990609117411832	24.076068728876965	26.020678001083564	0.0
51.0	25.9661773432058	24.14862877634736	23.908051907845515	25.977141972601324	0.0
52.0	25.94553804081422	23.970614793219987	24.041884884290912	26.04196228167488	0.0
53.0	25.986171667397638	24.096385542168676	23.97674208611749	25.940700704316193	0.0
54.0	25.93199349861975	24.067684012280385	23.88644513815433	26.113877350945536	0.0
55.0	26.006488480689356	24.015118289001833	23.985449291813936	25.99294393849488	0.0
56.0	25.915546554526458	24.027372874796832	24.03962746059183	26.017453110084883	0.0
57.0	25.939410747916718	24.118314800959727	23.92320889553933	26.01906555558422	0.0
58.0	25.941262024773533	24.07470113419051	24.050514529699537	25.93352231133642	0.0
59.0	26.01930413526439	24.01020352221459	23.966990122190726	26.003502220330294	0.0
60.0	25.982540496438116	23.932161411723733	24.11146477301678	25.97383331882137	0.0
61.0	25.84967541576773	24.000206392358322	24.130491568549676	26.01962662332427	0.0
62.0	25.96480365314474	24.036325055064836	24.00891356997507	25.989957721815347	0.0
63.0	26.073159641264283	23.784139392239002	24.229495402932706	25.913205563564006	0.0
64.0	25.94900173821064	23.927646578885415	24.007301129675675	26.116050553228266	0.0
65.0	25.94351944119269	24.076636062549785	23.9721499311488	26.007694565108725	0.0
66.0	26.08283428306067	23.975052323687716	24.079860943148578	25.862252450103036	0.0
67.0	25.981250544198602	24.102112619280273	23.85024944451432	26.066387392006813	0.0
68.0	26.07573954574332	24.1095298446575	23.93990112516084	25.87482948443834	0.0
69.0	26.03736346661765	23.951833183376387	24.059544195376166	25.951259154629803	0.0
70.0	26.053165381551747	23.920874329627946	23.930548971424333	26.09541131739597	0.0
71.0	25.95674145164775	24.136618841687387	23.927001602765657	25.979638103899205	0.0
72.0	26.031881169599696	24.05631931477737	23.983114525184703	25.928684990438228	0.0
73.0	25.964074945983423	24.029797800638526	23.991099358250832	26.01502789512722	0.0
74.0	25.964074945983423	23.994646715469703	23.995614176529394	26.04566416201748	0.0
75.0	25.94343577670999	23.986907026992164	24.047534586732883	26.022122609564963	0.0
76.0	25.965042407043114	24.141055822503144	23.907575220097392	25.98632655035635	0.0
77.0	25.944725724789574	23.987874488051855	24.05656422329001	26.010835563868557	0.0
78.0	25.99148634267471	24.09977748395627	23.963042987519753	25.945693185849272	0.0
79.0	25.938598471411527	24.068818730046114	23.89112838208262	26.101454416459735	0.0
80.0	25.999548518172144	23.99754909864878	24.017220806862525	25.985681576316555	0.0
81.0	25.935373601212554	24.035280079976783	24.021090651101293	26.008255667709374	0.0
82.0	25.93440614015286	24.097520074816988	23.94046889612693	26.027604888903223	0.0
83.0	25.95173674824487	24.066806195600645	24.03745997142774	25.943997084726746	0.0
84.0	26.017846374128883	24.00521137343554	23.980702438961465	25.99623981347411	0.0
85.0	25.98334037427723	23.91910761679636	24.123886214046845	25.97366579487957	0.0
86.0	25.87047028130452	23.995536794037882	24.144202830781932	25.98979009387567	0.0
87.0	25.983017888297304	24.017788326652497	24.007468775294992	25.9917250097552	0.0
88.0	26.072024018755783	23.793660570606693	24.245463428477446	25.888851982160077	0.0
89.0	25.949479346385417	23.952968644688173	23.999406625796944	26.098145383129467	0.0
90.0	25.941739682867286	24.07680326097823	23.981992382881153	25.99946467327333	0.0
91.0	26.078151252374305	23.987474644539827	24.079060662837684	25.855313440248185	0.0
92.0	26.007526822771382	24.088412756255423	23.85074058905289	26.05331983192031	0.0
93.0	26.080731140213683	24.10550451319129	23.943939037250356	25.869825309344673	0.0
94.0	26.00623687885169	23.952646158708248	24.0719659712794	25.96915099116066	0.0
95.0	26.0326807292053	23.927814738254256	23.943939037250356	26.095565495290092	0.0
96.0	25.936579907188534	24.13581819530396	23.96103079418622	25.966571103321286	0.0
97.0	26.02494106568717	24.05648664424314	23.966190569864978	25.952381720204716	0.0
98.0	25.984546521677437	24.02093572230177	23.99771680662513	25.996800949395666	0.0
99.0	25.934238871044723	23.989009713246393	23.987397288546624	26.089354127162263	0.0
100.0	25.934561355984677	23.999974201204804	24.031577725320226	26.033886717490297	0.0
101.0	25.96422997046038	24.14799478864337	23.906131083678392	25.981644157217858	0.0
102.0	25.961005121060847	23.978367710227932	24.054796640996866	26.00583052771436	0.0
103.0	26.008410407233985	24.09123743921159	23.95772867407092	25.942623479483508	0.0
104.0	25.92940159694542	24.06995343317467	23.920320421036337	26.08032454884357	0.0
105.0	26.008410407233985	24.03286766508004	23.986752318666717	25.971969609019258	0.0
106.0	25.91617971440734	24.042219728338686	24.035125059659716	26.006475497594263	0.0
107.0	25.938108690324164	24.091882409091493	23.952246430091716	26.017762470492627	0.0
108.0	25.9776905637986	24.04665697065074	24.06181371395033	25.913838751600327	0.0
109.0	26.00477921139787	23.983127642352457	23.98183770675249	26.030255439497186	0.0
110.0	25.988655016398305	23.92766041155395	24.149851818647956	25.933832753399788	0.0
111.0	25.878365522601282	23.99441457885215	24.131470236348452	25.995749662198115	0.0
112.0	25.9889775002983	24.000864256851976	24.032145195151134	25.978013047698596	0.0
113.0	26.110231446695025	23.779317817557956	24.236922471645602	25.873528264101413	0.0
114.0	25.95834152979912	23.93185270225384	24.032467679051123	26.077338088895914	0.0
115.0	25.943184786499536	24.059878810550384	24.006991450951812	25.98994495199827	0.0
116.0	26.066696120196198	23.982805158452464	24.1037366209492	25.846762100402138	0.0
117.0	25.993492274898177	24.110508782849017	23.854134082355937	26.04186485989687	0.0
118.0	26.055731667596493	24.143724624548117	23.93668996075371	25.86385374710168	0.0
119.0	26.03412524629708	23.958296382053128	24.069875811450114	25.937702560199682	0.0
120.0	26.067341087996184	23.905731506354545	23.923145636954075	26.1037817686952	0.0
121.0	25.938347527999667	24.105026556549163	23.948621865053386	26.00800405039778	0.0
122.0	26.034770214097065	24.05342913255056	23.97184070585276	25.93995994749962	0.0
123.0	25.970357184319493	24.017710872902235	23.99965171626485	26.012280226513422	0.0
124.0	25.962940030700565	23.988364743366485	23.983204984327234	26.065490241605715	0.0
125.0	25.926176747545888	23.974175406008538	24.07059840305458	26.029049443390996	0.0
126.0	25.973582033719023	24.133805451285426	23.923222785495916	25.969389729499632	0.0
127.0	25.96551991022019	23.969015646969286	24.07188834281439	25.99357609999613	0.0
128.0	26.016795015672766	24.088980044631917	23.963210918050127	25.931014021645186	0.0
129.0	25.935851295744488	24.05124930665738	23.89419914090012	26.118700256698013	0.0
130.0	26.03098435303071	23.98610734878681	24.004811475304102	25.97809682287837	0.0
131.0	25.92424183790617	24.05415167111696	24.06027888497607	25.9613276060008	0.0
132.0	25.954555422261784	24.091882409091493	23.949021580692182	26.004540587954544	0.0
133.0	25.954639122064165	24.052294326504157	24.055519186303375	25.9375473651283	0.0
134.0	25.984952804176835	23.991666962278817	24.014240980873357	26.009139252670987	0.0
135.0	26.027520953526544	23.908143093479012	24.16645436339655	25.897881589597894	0.0
136.0	25.85563592622811	23.97780006514217	24.157747241938658	26.00881676669107	0.0
137.0	25.976568168698865	23.983927298760687	24.039717373287196	25.999787159253252	0.0
138.0	26.10556256066767	23.75496225301605	24.23191901732072	25.907556168995555	0.0
139.0	25.99365992563473	23.916205242977064	24.034235111628522	26.055899719759683	0.0
140.0	25.94528702864643	24.043909691026183	23.992634420218582	26.01816886010881	0.0
141.0	26.052997345940387	23.96393316800552	24.08486541047628	25.898204075577812	0.0
142.0	25.99365992563473	24.119048924348014	23.86815483196868	26.019136318048574	0.0
143.0	26.102015214888535	24.12356372806692	23.929427168153865	25.844993888890684	0.0
144.0	26.02848841146631	23.955548532527548	24.098409821633005	25.917553234373138	0.0
145.0	26.037840504884052	23.93684434569207	23.943616551270434	26.081698598153448	0.0
146.0	25.942384654827134	24.10743942907082	23.959418364286613	25.990757551815435	0.0
147.0	26.042032822623035	24.03584754152813	23.959418364286613	25.962701271562217	0.0
148.0	25.983424167177272	23.99851655970847	24.01431842368345	26.003740849430812	0.0
149.0	25.964397433003324	23.964655422619238	24.010771066464574	26.060176077912867	0.0
150.0	25.929891321874294	23.986262052952366	24.067851268986423	26.015995356186917	0.0
151.0	25.96278499790383	24.141055822503144	23.920474700893287	25.975684478699733	0.0
152.0	25.971492147441065	23.94949853268406	24.0707536521655	26.008255667709374	0.0
153.0	25.96471992002322	24.10106743203586	23.98980941017124	25.94440323776968	0.0
154.0	25.9547228224064	24.063981424747656	23.91305749943565	26.068238253410303	0.0
155.0	26.047599084136863	23.969815214937597	24.01625334580283	25.966332355122706	0.0
156.0	25.919894224257472	24.061401528588476	24.03141023573801	25.98729401141604	0.0
157.0	25.93279370505337	24.0962301267374	23.961108065400367	26.009868102808863	0.0
158.0	25.979315615839322	24.036325055064836	24.068896349112674	25.915462979983168	0.0
159.0	26.021239063623668	23.968602562490123	24.012460938633748	25.99769743525246	0.0
160.0	26.031236193479934	23.897332701256737	24.163707838717272	25.907723266546057	0.0
161.0	25.893533791911356	23.95022074307699	24.162740374537634	25.993505090474024	0.0
162.0	25.98060556807884	23.95731548039434	24.069541325232432	25.992537626294386	0.0
163.0	26.12088787412646	23.7683374773049	24.214983440238125	25.89579120833051	0.0
164.0	26.007694565108725	23.906684854993244	24.013105914753506	26.072514665144524	0.0
165.0	25.92836250237835	24.061156635675566	24.01117098639423	25.99930987555186	0.0
166.0	26.06412997558765	23.943448493819517	24.126299223771237	25.866122306821588	0.0
167.0	25.99995485167162	24.100822667040752	23.87056619228673	26.0286562890009	0.0
168.0	26.088316580078626	24.11823702227425	23.93312887590337	25.86031752174376	0.0
169.0	26.038975906917045	23.959572896813494	24.06502649239412	25.93642470387534	0.0
170.0	26.069934760665486	23.92409921022674	23.923776722166863	26.08218930694091	0.0
171.0	25.964481165084862	24.0953403700228	23.95699299233446	25.983185472557878	0.0
172.0	26.045425668114635	24.069541325232432	23.933451363963247	25.951581642689682	0.0
173.0	25.99552385129383	24.024792961997885	23.994156497510385	25.985526689197908	0.0
174.0	25.944570573514614	23.997703877608938	23.999316323108282	26.05840922576817	0.0
175.0	25.87781532984185	24.002218725007094	24.09283816207012	26.027127783080932	0.0
176.0	25.986816645597376	24.122507159258017	23.928691210237094	25.96198498490751	0.0
177.0	25.940055726116455	23.933851035834987	24.084130956373677	26.04196228167488	0.0
178.0	25.99487887309409	24.075746239777096	23.972872216919068	25.956502670209748	0.0
179.0	25.94940791001264	24.042207373390777	23.926756275637885	26.081628440958692	0.0
180.0	26.050346998271458	23.926111297438148	24.01898815820025	26.004553546090143	0.0
181.0	25.90200201233198	24.040917416991306	24.078003663476174	25.979076907200536	0.0
182.0	25.947150486313564	24.124764582957095	23.965777456721963	25.96230747400738	0.0
183.0	25.95658637737151	24.04099494657951	24.073243960565904	25.92917471548307	0.0
184.0	26.0104422307288	23.982946721403994	24.001328659376238	26.005282388490976	0.0
185.0	26.075262748841453	23.900389245598817	24.1261323435036	25.898215662056135	0.0
186.0	25.89337830995817	23.937153121543307	24.16676610112646	26.002702467372057	0.0
187.0	25.993995233595733	23.956502529935147	24.05582949301325	25.99367274345587	0.0
188.0	26.12524872052037	23.745593978464107	24.22126693476347	25.90789036625205	0.0
189.0	25.975935785763347	23.904259127277182	24.040027476159917	26.07977761079955	0.0
190.0	25.941429340797907	24.04841221979638	24.021000557907943	25.98915788149777	0.0
191.0	26.089774805135335	23.951342687697323	24.103880523852983	25.855001983314356	0.0
192.0	25.99302776317614	24.094528309796928	23.882652287906296	26.029791639120635	0.0
193.0	26.096547098072477	24.119360050566456	23.94844027643855	25.835652574922523	0.0
194.0	26.030759109540224	23.931993279305487	24.070986529586857	25.96626108156743	0.0
195.0	26.07977761079955	23.93263825958521	23.90167920615827	26.085904923456965	0.0
196.0	25.966906061847162	24.093560839377336	23.93618565112372	26.003347447651787	0.0
197.0	26.05688081086921	24.05066965077543	23.923608535669022	25.968841002686343	0.0
198.0	25.979889450023542	24.043652406106695	24.008178376321407	25.968279767548356	0.0
199.0	25.94377043787852	24.012370761659668	24.020110549976458	26.02374825048535	0.0
200.0	25.904127348602607	24.017827772366953	24.079425176890975	25.998619702139464	0.0
201.0	25.983810107395104	24.111007191924404	23.941045570355083	25.96413713032541	0.0
202.0	25.9562541926828	23.922803034212293	24.088897775943032	26.032044997161876	0.0
203.0	26.001444918916828	24.08660482757731	23.97855843535923	25.933391818146635	0.0
204.0	25.958083639201924	24.046754352579942	23.93064254981519	26.064519458402945	0.0
205.0	26.04905141884003	23.969333187116586	24.0280349113991	25.95358048264429	0.0
206.0	25.950224492955563	24.052355885844044	24.069773442741393	25.927646178458996	0.0
207.0	25.95364199960003	24.122804188089876	23.977008083297314	25.946545729012783	0.0
208.0	25.9531051923629	24.04544325560541	24.071893759293967	25.92955779273772	0.0
209.0	26.005709585329267	23.974452024967338	24.026386671182724	25.99345171852067	0.0
210.0	26.03928425113791	23.929908999119345	24.14700787426975	25.88379887547299	0.0
211.0	25.889783896951847	23.94714685265056	24.17295986012497	25.99010939027262	0.0
212.0	25.98996725648015	23.945674790715678	24.07471329257867	25.989644660225498	0.0
213.0	26.085806366278792	23.746923158815008	24.25857402323398	25.90869645167222	0.0
214.0	25.95033696918079	23.94820127174008	24.033048466136936	26.0684132929422	0.0
215.0	25.94181811142764	24.031565465109903	24.047696630844726	25.978919792617734	0.0
216.0	26.085090869201906	23.948624137363648	24.122522592280717	25.84376240115373	0.0
217.0	26.009440262752904	24.096867549177446	23.891995134683448	26.001697053386202	0.0
218.0	26.061566158938902	24.11798298396802	24.0005420351484	25.819908821944683	0.0
219.0	26.018358688112027	23.958249310339262	24.086663332634263	25.936728668914448	0.0
220.0	26.032736529979445	23.956131888271184	23.950646761032367	26.060484820717	0.0
221.0	25.94271591235412	24.103585014632383	23.976136469965702	25.977562603047794	0.0
222.0	26.01743013587246	24.074689519654882	23.956918331327458	25.9509620131452	0.0
223.0	25.94201121572525	24.0505675621608	24.041210369060604	25.96621085305335	0.0
224.0	25.928806055873565	24.02150273946966	24.036990907154888	26.01270029750189	0.0
225.0	25.885902358749313	24.00245232486851	24.111838920977057	25.999806395405116	0.0
226.0	25.977902406598304	24.116322144705677	23.942393948976758	25.96338149971926	0.0
227.0	25.923738713445765	23.905551145274654	24.131120878269794	26.039589263009795	0.0
228.0	25.986704101720075	24.07203020621551	24.022331945654628	25.918933746409785	0.0
229.0	25.929440012392536	24.101218599127357	23.924689541218083	26.044651847262024	0.0
230.0	26.03676522794312	23.990666692484943	24.03584867907235	25.936719400499587	0.0
231.0	25.943353601074058	24.053419051676283	24.08730619779766	25.915921149451997	0.0
232.0	25.932584124607054	24.1326112355489	23.991569788082803	25.943234851761243	0.0
233.0	25.946247768930604	24.06391912958438	24.068760509829616	25.9210725916554	0.0
234.0	25.960784313725487	23.995804082950052	24.0400225933995	26.00338900992496	0.0
235.0	26.027932257658453	23.916390431894545	24.150073752263403	25.9056035581836	0.0
236.0	25.896410484831467	23.95947311172007	24.177987792872614	25.96612861057585	0.0
237.0	25.98825743270941	23.974784789534333	24.07807290204091	25.95888487571535	0.0
238.0	26.08106232509498	23.76513422699646	24.27544535216632	25.878358095742243	0.0
239.0	25.958251697013324	23.95572756117479	24.050947519278008	26.03507322253388	0.0
240.0	25.966060770395334	24.070254269841733	24.021188615476984	25.94249634428595	0.0
241.0	26.05957303943881	23.97964948300519	24.14590132710938	25.81487615044662	0.0
242.0	26.006050020823178	24.103554145103647	23.91695264906328	25.97344318500989	0.0
243.0	26.029458295396573	24.129714651014122	24.040603630305498	25.800223423283807	0.0
244.0	25.972470221277945	23.97764295239602	24.132631150690504	25.91725567563553	0.0
245.0	26.04099056771323	23.959493801686254	23.98403518459318	26.015480446007345	0.0
246.0	25.904491860138414	24.117307015362556	24.014287144476487	25.96391398002254	0.0
247.0	25.967038184161144	24.121938694768936	23.98209481608754	25.928928304982385	0.0
248.0	25.926512102634998	24.083500752579116	24.073487897365002	25.916499247420884	0.0
249.0	25.917503795342228	24.030491940954164	24.06311573371233	25.98888852999128	0.0
