# Position (bp)	A	C	G	T	N
0.0	26.186118140697367	23.87351868668035	23.74969042935669	26.19067274326559	0.0
1.0	26.14882733217001	23.734033983028414	23.789827864489187	26.327310820312388	0.0
2.0	26.22880825239955	23.782292864543603	23.85658495485546	26.13231392820139	0.0
3.0	26.274307769377902	23.72483832771655	23.735085162583115	26.265768740322432	0.0
4.0	26.13884437714712	23.852474647282	23.800104171706852	26.20857680386403	0.0
5.0	26.31587934950279	23.77149492546149	23.748441777995343	26.164183947040375	0.0
6.0	26.212031089469022	23.736029803086748	23.880320912534543	26.171618194909684	0.0
7.0	26.236944705313185	23.76020945388315	23.880873103958564	26.121972736845102	0.0
8.0	26.221969265793966	23.74957313602732	23.668468981217984	26.359988616960727	0.0
9.0	26.208376254190117	23.838006726955058	23.774550255817793	26.179066763037035	0.0
10.0	26.179866719022986	23.752980611089296	23.857124158457538	26.210028511430185	0.0
11.0	26.119827679419984	23.736192443617366	23.923707737922477	26.220272139040173	0.0
12.0	26.223402136365447	23.79850784491148	23.795662392797592	26.18242762592548	0.0
13.0	26.370227465441985	23.671031590209367	23.74216789305653	26.21657305129212	0.0
14.0	26.44677012730553	23.653389787103272	23.610708005394976	26.28913208019622	0.0
15.0	26.333805678384238	23.682128853453523	23.65367433231466	26.330391135847574	0.0
16.0	26.323562050774246	23.649121608932443	23.692087935852125	26.33522840444118	0.0
17.0	26.288278444562057	23.616968000045528	23.652536151469107	26.44221740392331	0.0
18.0	26.21287396354407	23.74188334784514	23.66619432161576	26.379048366995033	0.0
19.0	26.19324034395825	23.794239666740648	23.80277602308231	26.20974396621879	0.0
20.0	26.22681667890211	23.93224409426414	23.72680245164154	26.114136775192208	0.0
21.0	26.25157211229292	23.82923872774145	23.74017607657681	26.17901308338882	0.0
22.0	26.189541256210198	23.759240605739844	23.858831429725868	26.192386708324083	0.0
23.0	26.35827656656366	23.690665209795185	23.75838697010568	26.192671253535476	0.0
24.0	26.1343394852008	23.880456865791405	23.76009424137401	26.225109407633777	0.0
25.0	26.18669580409631	23.870213238181414	23.74188334784514	26.20120760987713	0.0
26.0	26.15169674309551	23.74131425742236	23.782004222650936	26.32498477683119	0.0
27.0	26.22930295157908	23.78364381869969	23.855918096739405	26.131135132981825	0.0
28.0	26.27170006743702	23.731856737584618	23.73783217002097	26.25861102495739	0.0
29.0	26.137964198623376	23.850227208704784	23.797301949982785	26.214506642689056	0.0
30.0	26.31722717171401	23.773684764639096	23.74494578006425	26.164142283582642	0.0
31.0	26.211376654270012	23.732141281986348	23.8786816488779	26.177800414865736	0.0
32.0	26.238408372434474	23.761733899766387	23.87754347127097	26.122314256528163	0.0
33.0	26.21905935311676	23.74466123566252	23.66982605800722	26.366453353213505	0.0
34.0	26.20390393808331	23.84304575460961	23.770487138629637	26.18256316867744	0.0
35.0	26.17601866605964	23.750569087184157	23.85414295470066	26.219269292055543	0.0
36.0	26.11996357842021	23.73662645117232	23.92129524243114	26.222114727976326	0.0
37.0	26.217277486910994	23.796096061916685	23.791258820851354	26.195367630320966	0.0
38.0	26.374061006146142	23.672035055770543	23.743740040974277	26.210163897109034	0.0
39.0	26.45088777600729	23.652970635101298	23.613703619394492	26.282437969496925	0.0
40.0	26.3273958570453	23.680002276348734	23.655246983837923	26.33735488276804	0.0
41.0	26.32170498520373	23.651547917140906	23.695652173913043	26.331094923742317	0.0
42.0	26.286421579786023	23.612565445026178	23.65553152743	26.445481447757796	0.0
43.0	26.205042112451626	23.746870020487137	23.67402686091509	26.374061006146142	0.0
44.0	26.19109947643979	23.807762349191897	23.790689733667197	26.210448440701118	0.0
45.0	26.221261097200095	23.93666059640337	23.73463464602777	26.107443660368766	0.0
46.0	26.249715456407923	23.83877760072843	23.737195538356477	26.174311404507172	0.0
47.0	26.18256316867744	23.76508081038015	23.85585021625313	26.19650580468928	0.0
48.0	26.36125654450262	23.68483951741407	23.757967220578195	26.19593671750512	0.0
49.0	26.131629865695427	23.885442749829274	23.75682904620988	26.226098338265423	0.0
50.0	26.178579558388343	23.88259731390849	23.742317323013886	26.19650580468928	0.0
51.0	26.15780787616663	23.734065558843614	23.788128841338494	26.319997723651262	0.0
52.0	26.224600999883336	23.788914782282088	23.856920507282872	26.1295637105517	0.0
53.0	26.262160647164105	23.74566427935272	23.733998025273088	26.258177048210086	0.0
54.0	26.130132796116563	23.85464416502343	23.79147566732396	26.22374737153605	0.0
55.0	26.319638289214975	23.770134958641705	23.75277784891347	26.157448903229845	0.0
56.0	26.2072438901551	23.74338793709328	23.874277617011106	26.17509055574051	0.0
57.0	26.23228365500895	23.754769648390482	23.884805699961017	26.128140996639548	0.0
58.0	26.209804775196975	23.756476905085062	23.67765855435194	26.35605976536602	0.0
59.0	26.202047564036167	23.844332777528013	23.772343658413053	26.181276000022763	0.0
60.0	26.17729241240375	23.74815759072621	23.848316365147024	26.226233631723016	0.0
61.0	26.117823140091396	23.733645950114102	23.925711781744923	26.22281912804958	0.0
62.0	26.21143744913812	23.803643275419557	23.785717131134014	26.19920214430831	0.0
63.0	26.3710654958713	23.673323051883383	23.74787304875342	26.2077384034919	0.0
64.0	26.44049373723118	23.65539690759784	23.614707405489384	26.289401949681597	0.0
65.0	26.329237825871694	23.692956448005646	23.646291564468676	26.331514161653985	0.0
66.0	26.325254238252683	23.649706068142113	23.687265608549918	26.337774085055287	0.0
67.0	26.281719316416364	23.62039824494511	23.6562505335162	26.441631905122325	0.0
68.0	26.202332106008956	23.74815759072621	23.673892135828957	26.375618167435878	0.0
69.0	26.191519511043076	23.804781443310702	23.7922615965081	26.21143744913812	0.0
70.0	26.225664547777445	23.93424804092852	23.726532400794444	26.1135550104996	0.0
71.0	26.238184394580045	23.841487357800148	23.740474957460975	26.17985329015883	0.0
72.0	26.18070691607719	23.77433545222256	23.845186403446373	26.199771228253883	0.0
73.0	26.35570022934083	23.69153373814171	23.756409307937012	26.196356724580443	0.0
74.0	26.12778210913892	23.891566745010557	23.758401101746518	26.222250044104005	0.0
75.0	26.18412141975063	23.879615982153528	23.74332037718884	26.192942220907007	0.0
76.0	26.14798458920675	23.741897667324906	23.7797417497055	26.33037599376284	0.0
77.0	26.22701263078223	23.794470227035394	23.850524836175424	26.12799230600695	0.0
78.0	26.261726652686214	23.73699291207963	23.736708370916478	26.264572064317687	0.0
79.0	26.12799230600695	23.846256718728213	23.79589293285113	26.229858042413706	0.0
80.0	26.32119575578401	23.771991475146752	23.745813688137194	26.16099908093204	0.0
81.0	26.200834843772675	23.742683735342574	23.88153982295849	26.174941597926267	0.0
82.0	26.237825194981834	23.760894369784005	23.88210890528478	26.11917152994938	0.0
83.0	26.203111173077854	23.752358134889583	23.685490961549952	26.359039730482607	0.0
84.0	26.19336224263325	23.851879673575308	23.774769237773302	26.179988846018144	0.0
85.0	26.177427982836527	23.744323419947417	23.847042487565588	26.231206109650472	0.0
86.0	26.106577434811808	23.73578720934203	23.931835512912443	26.22579984293372	0.0
87.0	26.21043466384403	23.807775918780802	23.785012690499766	26.196776726875402	0.0
88.0	26.370630882871808	23.67176562980162	23.74574612171498	26.21185736561159	0.0
89.0	26.436644244886807	23.646441538338966	23.622540148643882	26.294374068130345	0.0
90.0	26.336486040450257	23.68741534924483	23.64843332081356	26.327665289491353	0.0
91.0	26.32709620878433	23.654977748944354	23.684285405356185	26.333640636915128	0.0
92.0	26.282992453989824	23.61770296263416	23.65611591035841	26.44318867301761	0.0
93.0	26.209865583137	23.740055314644724	23.67375741227621	26.376321689942067	0.0
94.0	26.190232298744608	23.804361434538645	23.789280795802462	26.216125470914285	0.0
95.0	26.2317751903575	23.93155097255893	23.729811861918257	26.10686197516532	0.0
96.0	26.238888699195318	23.840213519081278	23.744323419947417	26.17657436177599	0.0
97.0	26.18653327414894	23.772208374591685	23.84419708403046	26.197061267228918	0.0
98.0	26.35697294590319	23.68826897030537	23.76111130080468	26.19364678298676	0.0
99.0	26.131047905213915	23.886593596703882	23.762249462218733	26.220109035863466	0.0
100.0	26.185395112734888	23.88431727387578	23.74290071817985	26.18738689520948	0.0
101.0	26.1592174002117	23.741193476058776	23.77733010095492	26.32225902277461	0.0
102.0	26.228570615601303	23.796326594488466	23.85038910782626	26.124713682083968	0.0
103.0	26.26499167721834	23.739418685711847	23.737711448448547	26.257878188621262	0.0
104.0	26.12499822162785	23.848681870562963	23.798602910839534	26.22771699696965	0.0
105.0	26.319907809187782	23.774986128697236	23.739418685711847	26.165687376403135	0.0
106.0	26.203815675283472	23.742264081150676	23.881119378565636	26.172800865000212	0.0
107.0	26.241090355532158	23.759905532871432	23.879981220390103	26.119022891206306	0.0
108.0	26.20353113573959	23.757344676976484	23.677104525601443	26.362019661682485	0.0
109.0	26.195204953250283	23.85003670549672	23.771219476107284	26.18353886514571	0.0
110.0	26.178986245397585	23.745041912555557	23.843776853343044	26.23219498870381	0.0
111.0	26.110412410441437	23.731953130779694	23.927715779949125	26.22991867882975	0.0
112.0	26.22024436186498	23.79455165231643	23.79284441991088	26.192359565907708	0.0
113.0	26.383000517860495	23.6690700705087	23.74987907103794	26.198050340592864	0.0
114.0	26.441046419649105	23.65000597531342	23.619560330747824	26.28938727428965	0.0
115.0	26.33548254923943	23.688418704438234	23.64573789429955	26.33036085202279	0.0
116.0	26.32865361961724	23.65541221126432	23.686996010766943	26.328938158351495	0.0
117.0	26.29080996796094	23.61643040467099	23.653135901390257	26.439623725977818	0.0
118.0	26.207724657557634	23.746464606226848	23.670492764179986	26.375317972035532	0.0
119.0	26.19861941806138	23.80024242700159	23.790283571302563	26.210854583634468	0.0
120.0	26.23646306971768	23.930561167291703	23.731668592045434	26.10130717094518	0.0
121.0	26.239023918326005	23.842923237140273	23.743334680150006	26.17471816438372	0.0
122.0	26.18553063628552	23.775203018386893	23.846622240685626	26.192644104641964	0.0
123.0	26.359952880385606	23.686426933298428	23.75386261331755	26.19975757299841	0.0
124.0	26.127769273231166	23.883043198670634	23.760976081674	26.228211446424204	0.0
125.0	26.17585631932075	23.883327737404894	23.741058370275947	26.19975757299841	0.0
126.0	26.158783995265278	23.740204754073172	23.779186560666503	26.32182468999505	0.0
127.0	26.22344890381141	23.7957575154007	23.85209634508956	26.128697235698333	0.0
128.0	26.25844726770903	23.73600421118525	23.742548620694564	26.26299990041116	0.0
129.0	26.122437365732903	23.850958186914024	23.798602910839534	26.228001536513535	0.0
130.0	26.323891362802144	23.77612428687277	23.740272304343495	26.159712045981593	0.0
131.0	26.194994949423094	23.73884960662408	23.887379248531065	26.17877619542176	0.0
132.0	26.22373344335529	23.76104369104696	23.881119378565636	26.134103487032114	0.0
133.0	26.200401200756872	23.755068360625415	23.687063409637354	26.357467028980352	0.0
134.0	26.19506948475433	23.843912543676947	23.768509349996016	26.192508621572713	0.0
135.0	26.171737175766268	23.740055314644724	23.84419708403046	26.24401042555855	0.0
136.0	26.10401657163019	23.73095002333231	23.931266432205415	26.233766972832086	0.0
137.0	26.211003744551054	23.793264360751643	23.79867062746839	26.197061267228918	0.0
138.0	26.37945163383071	23.675180114043773	23.740624395351748	26.204743856773767	0.0
139.0	26.442904132664097	23.656684991065433	23.618272043341186	26.282138832929284	0.0
140.0	26.328803450905408	23.69026075277996	23.658676773540023	26.32225902277461	0.0
141.0	26.32738074913784	23.647579699753017	23.69026075277996	26.33477879832918	0.0
142.0	26.291528664595216	23.618272043341186	23.64957148222761	26.44062780983599	0.0
143.0	26.19620764616838	23.7505833077247	23.671481089448104	26.381727956658814	0.0
144.0	26.18852505662353	23.79212619933759	23.797532466054335	26.221816277984544	0.0
145.0	26.226938004347776	23.931266432205415	23.733510886513926	26.10828467693288	0.0
146.0	26.237750537781267	23.84334346296992	23.742331637472827	26.17657436177599	0.0
147.0	26.183118789906786	23.772208374591685	23.848749729686663	26.195923105814867	0.0
148.0	26.36323283368047	23.67887913863944	23.75769681656252	26.200191211117563	0.0
149.0	26.116251806831244	23.886878137057398	23.75769681656252	26.239173239548837	0.0
150.0	26.170599014352213	23.880049168573088	23.743469798886878	26.205882018187822	0.0
151.0	26.164054586221418	23.74290071817985	23.776476479894377	26.31656821570435	0.0
152.0	26.223598136824467	23.79816926215631	23.849671212685983	26.128561388333242	0.0
153.0	26.262295735012504	23.73756199440592	23.73784653556907	26.262295735012504	0.0
154.0	26.129415011822687	23.848817589196543	23.79276298005651	26.229004418924262	0.0
155.0	26.324894790904924	23.77654413375711	23.738984700221657	26.159576375116306	0.0
156.0	26.189737738409928	23.744675523484602	23.881824364121634	26.183762373983832	0.0
157.0	26.220468184029844	23.762886157926037	23.887515187384583	26.12913047065954	0.0
158.0	26.200265761446378	23.75918712280512	23.686344585039397	26.354202530709102	0.0
159.0	26.198063976417163	23.845755487391944	23.77177457446748	26.18440596172341	0.0
160.0	26.178430580294897	23.745596712971132	23.83978010596343	26.23619260077054	0.0
161.0	26.11327046852681	23.731085072359022	23.932256247119014	26.223388211995154	0.0
162.0	26.219404624376143	23.78913163480745	23.804781443310702	26.186682297505705	0.0
163.0	26.380739922946034	23.675030303720103	23.74075949943376	26.203470273900102	0.0
164.0	26.443054614986256	23.65454328167948	23.6206827869179	26.281719316416364	0.0
165.0	26.331229619681203	23.687834692495493	23.659949579162422	26.320986108660886	0.0
166.0	26.329806909817265	23.651128778006044	23.688403776441064	26.33066053573563	0.0
167.0	26.294523705191754	23.61669919929889	23.654827823652266	26.433949271857095	0.0
168.0	26.20830748743747	23.747019422835063	23.673323051883383	26.37135003784408	0.0
169.0	26.19664126655323	23.788847092834665	23.804212359365128	26.21029928124698	0.0
170.0	26.22907905145088	23.93083353725508	23.731938698277382	26.108148713016654	0.0
171.0	26.230217219342023	23.84860090711981	23.746165796916703	26.17501607662146	0.0
172.0	26.18156054199555	23.776896329977635	23.84774728120145	26.193795846825363	0.0
173.0	26.362529236687703	23.681859311066976	23.75356388820915	26.202047564036167	0.0
174.0	26.125790315329418	23.876770562425666	23.759539269637663	26.23789985260726	0.0
175.0	26.179568748186043	23.874209684670586	23.744174003107197	26.202047564036167	0.0
176.0	26.154813596553627	23.745881254943917	23.771490032494693	26.327815116007763	0.0
177.0	26.232568197791377	23.791760210106393	23.850091480504553	26.125580111597678	0.0
178.0	26.258746133774945	23.73115259744879	23.744526108223003	26.26557516055327	0.0
179.0	26.12842553942198	23.85122965163427	23.79460563793069	26.225739171013057	0.0
180.0	26.327036401558157	23.77980941324433	23.74509519378786	26.148058991409656	0.0
181.0	26.19074040877416	23.74537973657029	23.882244814919147	26.1816350397364	0.0
182.0	26.222324657623897	23.759606875691794	23.891919269521768	26.12614919716254	0.0
183.0	26.198707606682202	23.758468704562073	23.68904026564914	26.35378342310658	0.0
184.0	26.205326656043702	23.848167539267013	23.765649897564305	26.180855907124972	0.0
185.0	26.180571363532895	23.73975643068518	23.839346687912588	26.24032551786934	0.0
186.0	26.122809014340998	23.725813794673346	23.934099704074665	26.217277486910994	0.0
187.0	26.21756203050307	23.790974277259277	23.80207147735033	26.18939221488732	0.0
188.0	26.377190985659006	23.67431140450717	23.74800819485545	26.200489414978374	0.0
189.0	26.445481447757796	23.65581607102208	23.621386296380606	26.277316184839517	0.0
190.0	26.334224903255176	23.68939221488732	23.652970635101298	26.3234122467562	0.0
191.0	26.331379467334397	23.650125199180515	23.68939221488732	26.329103118597768	0.0
192.0	26.289836102890963	23.615126337354884	23.650694286364672	26.44434327338948	0.0
193.0	26.20874117914865	23.744593671750515	23.67374231732301	26.372922831777828	0.0
194.0	26.19650580468928	23.789267015706805	23.80036421579786	26.213862963806058	0.0
195.0	26.22410653312087	23.925563396312317	23.733496471659457	26.116833598907352	0.0
196.0	26.22410653312087	23.853289323924425	23.74544730252675	26.17715684042795	0.0
197.0	26.18114045071705	23.772478943774185	23.84304575460961	26.203334850899157	0.0
198.0	26.357842021397676	23.67744138402003	23.752845435920783	26.21187115866151	0.0
199.0	26.129638060550874	23.882028226724334	23.757967220578195	26.230366492146594	0.0
200.0	26.171181424994312	23.880605508763942	23.74004097427726	26.20817209196449	0.0
201.0	26.155246983837927	23.75199180514455	23.76821078989301	26.324550421124513	0.0
202.0	26.221335708330606	23.79445650596547	23.85193447511517	26.13227331058875	0.0
203.0	26.25548103653835	23.737263081217506	23.74494578006425	26.262310102179892	0.0
204.0	26.128858777767977	23.85933262956018	23.787911984725657	26.223896607946184	0.0
205.0	26.316088994107083	23.786773807118735	23.74039306963655	26.156744129137632	0.0
206.0	26.192596723755756	23.743807602457327	23.884087992510793	26.179507681276128	0.0
207.0	26.22788022957042	23.750636668098874	23.889778880545414	26.13170422178529	0.0
208.0	26.190604912943638	23.75718118933869	23.689744166128403	26.362469731589265	0.0
209.0	26.193524889169638	23.859115974937257	23.762655148276508	26.184703987616594	0.0
210.0	26.176167631274932	23.731639720235147	23.83777508408311	26.254417564406808	0.0
211.0	26.11470586561499	23.731924265446537	23.932528639475525	26.22084122946295	0.0
212.0	26.209459421007402	23.793955121529258	23.805336929984804	26.191248527478532	0.0
213.0	26.37506473403559	23.671600680632146	23.74558243559319	26.207752149739072	0.0
214.0	26.447339217728306	23.652820696680497	23.611561641029144	26.288278444562057	0.0
215.0	26.331244771481742	23.692941571486294	23.65367433231466	26.322139324717302	0.0
216.0	26.341488399091734	23.651397970623552	23.67928340133964	26.327830228945075	0.0
217.0	26.28998571583039	23.61241527666331	23.652536151469107	26.445062856037193	0.0
218.0	26.21287396354407	23.744444254747638	23.667332502461317	26.37534927924698	0.0
219.0	26.195516705649364	23.792532395472314	23.794524211952037	26.217426686926288	0.0
220.0	26.224540317211005	23.920008650174427	23.73363153671487	26.1218194958997	0.0
221.0	26.221979410308506	23.857124158457538	23.73733062446292	26.183565806771036	0.0
222.0	26.182712171136874	23.772045140252335	23.839197810140053	26.206044878470742	0.0
223.0	26.367666558539486	23.667617047672703	23.74188334784514	26.222833045942668	0.0
224.0	26.121534950688314	23.872489599872523	23.762370603065122	26.24360484637404	0.0
225.0	26.171899453104103	23.87903413973446	23.73562335319459	26.213443053966845	0.0
226.0	26.16421673239661	23.746720616438747	23.771476049829555	26.317586601335087	0.0
227.0	26.218354925633896	23.79857556261862	23.847802024260396	26.13526748748709	0.0
228.0	26.26189046685466	23.735690891966414	23.731991793692753	26.270426847486178	0.0
229.0	26.129861113087127	23.855484766828763	23.785201899629236	26.229452220454874	0.0
230.0	26.323636953422664	23.787478267797642	23.741097266366378	26.147787512413316	0.0
231.0	26.198152158139298	23.744796364640035	23.872272982070754	26.184778495149914	0.0
232.0	26.220631293802306	23.76016184977677	23.88223209280753	26.13697476361339	0.0
233.0	26.184778495149914	23.759308211713623	23.692155350745654	26.363757942390816	0.0
234.0	26.192535767536622	23.854129912701033	23.768481316655095	26.18485300310725	0.0
235.0	26.18257662846151	23.73974208675264	23.827382510613596	26.250298774172254	0.0
236.0	26.114000842258616	23.727222026201073	23.93465666579406	26.224120465746253	0.0
237.0	26.20790129639536	23.79978146803401	23.79722054655755	26.195096689013077	0.0
238.0	26.374645739195756	23.668605379073288	23.73974208675264	26.217006794978314	0.0
239.0	26.4423678849065	23.653524397045267	23.61596421539057	26.288143502657668	0.0
240.0	26.327740848661445	23.694170005463487	23.653193862684393	26.324895283190674	0.0
241.0	26.337057420761173	23.653836303307287	23.67489456639898	26.33421170953256	0.0
242.0	26.290311564424513	23.611790954728107	23.648502510045873	26.44939497080151	0.0
243.0	26.217303078512455	23.745556690791215	23.667007237364494	26.370132993331836	0.0
244.0	26.186396780491695	23.79254207958834	23.797949669567792	26.22311147035218	0.0
245.0	26.216336219410145	23.927967621292073	23.73613174627571	26.11956441302207	0.0
246.0	26.214534565989617	23.858331815283723	23.751593952090357	26.175539666636304	0.0
247.0	26.18122507536101	23.772519349063074	23.843681773026027	26.202573802549896	0.0
248.0	26.359252596101296	23.668644106394606	23.75062625250501	26.221477044999087	0.0
249.0	26.127254509018037	23.878723355802514	23.757173437784658	26.236848697394787	0.0
