# Position (bp)	A	C	G	T	N
0.0	29.230769230769234	21.025641025641026	24.358974358974358	25.384615384615383	0.0
1.0	20.76923076923077	22.564102564102566	25.8974358974359	30.76923076923077	0.0
2.0	28.205128205128204	21.28205128205128	28.205128205128204	22.30769230769231	0.0
3.0	30.76923076923077	21.025641025641026	23.589743589743588	24.615384615384617	0.0
4.0	26.666666666666668	22.30769230769231	23.846153846153847	27.17948717948718	0.0
5.0	24.871794871794872	22.564102564102566	25.128205128205128	27.435897435897438	0.0
6.0	29.230769230769234	20.76923076923077	23.333333333333332	26.666666666666668	0.0
7.0	24.615384615384617	23.076923076923077	25.384615384615383	26.923076923076923	0.0
8.0	25.8974358974359	27.692307692307693	22.564102564102566	23.846153846153847	0.0
9.0	29.48717948717949	22.05128205128205	22.30769230769231	26.153846153846157	0.0
10.0	26.410256410256412	18.974358974358974	23.076923076923077	31.538461538461537	0.0
11.0	20.51282051282051	26.666666666666668	26.666666666666668	26.153846153846157	0.0
12.0	26.153846153846157	23.589743589743588	22.82051282051282	27.435897435897438	0.0
13.0	28.46153846153846	23.589743589743588	21.025641025641026	26.923076923076923	0.0
14.0	25.128205128205128	23.846153846153847	21.53846153846154	29.48717948717949	0.0
15.0	24.615384615384617	24.102564102564102	22.05128205128205	29.230769230769234	0.0
16.0	25.384615384615383	23.846153846153847	22.05128205128205	28.717948717948715	0.0
17.0	27.692307692307693	24.615384615384617	24.358974358974358	23.333333333333332	0.0
18.0	27.17948717948718	20.51282051282051	23.846153846153847	28.46153846153846	0.0
19.0	25.384615384615383	22.82051282051282	21.025641025641026	30.76923076923077	0.0
20.0	25.128205128205128	24.871794871794872	21.53846153846154	28.46153846153846	0.0
21.0	27.692307692307693	25.384615384615383	17.17948717948718	29.743589743589745	0.0
22.0	25.384615384615383	24.358974358974358	20.51282051282051	29.743589743589745	0.0
23.0	19.743589743589745	25.64102564102564	26.666666666666668	27.94871794871795	0.0
24.0	29.48717948717949	21.794871794871796	20.51282051282051	28.205128205128204	0.0
25.0	30.0	20.256410256410255	20.51282051282051	29.230769230769234	0.0
26.0	26.410256410256412	21.025641025641026	24.358974358974358	28.205128205128204	0.0
27.0	26.410256410256412	25.128205128205128	21.53846153846154	26.923076923076923	0.0
28.0	26.153846153846157	21.53846153846154	26.410256410256412	25.8974358974359	0.0
29.0	23.333333333333332	27.692307692307693	23.333333333333332	25.64102564102564	0.0
30.0	25.8974358974359	17.94871794871795	23.076923076923077	33.07692307692307	0.0
31.0	23.333333333333332	23.076923076923077	25.8974358974359	27.692307692307693	0.0
32.0	29.743589743589745	21.794871794871796	21.28205128205128	27.17948717948718	0.0
33.0	31.794871794871792	21.28205128205128	21.794871794871796	25.128205128205128	0.0
34.0	26.666666666666668	20.51282051282051	20.256410256410255	32.56410256410256	0.0
35.0	18.4	27.200000000000003	24.0	30.4	0.0
36.0	29.6398891966759	24.099722991689752	18.282548476454295	27.977839335180054	0.0
37.0	28.653295128939828	22.063037249283667	22.922636103151863	26.36103151862464	0.0
38.0	27.27272727272727	19.393939393939394	23.636363636363637	29.6969696969697	0.0
39.0	26.25	23.75	21.25	28.749999999999996	0.0
40.0	26.602564102564102	29.166666666666668	18.269230769230766	25.961538461538463	0.0
41.0	25.082508250825082	24.752475247524753	21.45214521452145	28.71287128712871	0.0
42.0	27.33564013840831	23.52941176470588	22.145328719723185	26.989619377162633	0.0
43.0	29.454545454545457	19.272727272727273	24.0	27.27272727272727	0.0
44.0	30.384615384615383	20.384615384615383	17.307692307692307	31.92307692307692	0.0
45.0	24.4	20.0	24.8	30.8	0.0
46.0	30.737704918032787	20.491803278688526	17.62295081967213	31.147540983606557	0.0
47.0	28.57142857142857	22.51082251082251	21.645021645021643	27.27272727272727	0.0
48.0	24.43438914027149	24.8868778280543	23.981900452488688	26.69683257918552	0.0
49.0	28.095238095238095	26.190476190476193	17.61904761904762	28.095238095238095	0.0
50.0	32.82828282828283	23.737373737373737	20.2020202020202	23.232323232323232	0.0
51.0	32.30769230769231	23.589743589743588	17.94871794871795	26.153846153846157	0.0
52.0	32.065217391304344	21.73913043478261	20.652173913043477	25.543478260869566	0.0
53.0	32.748538011695906	21.052631578947366	20.46783625730994	25.730994152046783	0.0
54.0	28.484848484848484	19.393939393939394	20.606060606060606	31.515151515151512	0.0
55.0	33.54037267080746	17.391304347826086	20.496894409937887	28.57142857142857	0.0
56.0	29.22077922077922	31.818181818181817	16.233766233766232	22.727272727272727	0.0
57.0	31.125827814569533	23.841059602649008	21.192052980132452	23.841059602649008	0.0
58.0	27.142857142857142	25.71428571428571	19.28571428571429	27.857142857142858	0.0
59.0	25.925925925925924	19.25925925925926	25.925925925925924	28.888888888888886	0.0
60.0	29.230769230769234	20.0	24.615384615384617	26.153846153846157	0.0
61.0	29.599999999999998	17.599999999999998	21.6	31.2	0.0
62.0	20.0	22.5	25.0	32.5	0.0
63.0	25.64102564102564	23.076923076923077	24.786324786324787	26.495726495726498	0.0
64.0	25.225225225225223	23.423423423423422	25.225225225225223	26.126126126126124	0.0
65.0	33.63636363636363	29.09090909090909	11.818181818181818	25.454545454545453	0.0
66.0	30.476190476190478	25.71428571428571	17.142857142857142	26.666666666666668	0.0
67.0	26.262626262626267	21.21212121212121	21.21212121212121	31.313131313131315	0.0
68.0	30.851063829787233	20.212765957446805	21.27659574468085	27.659574468085108	0.0
69.0	29.67032967032967	19.78021978021978	19.78021978021978	30.76923076923077	0.0
70.0	28.40909090909091	20.454545454545457	19.318181818181817	31.818181818181817	0.0
71.0	26.190476190476193	25.0	20.238095238095237	28.57142857142857	0.0
72.0	28.915662650602407	19.27710843373494	20.481927710843372	31.32530120481928	0.0
73.0	25.64102564102564	24.358974358974358	20.51282051282051	29.48717948717949	0.0
74.0	46.05263157894737	22.36842105263158	11.842105263157894	19.736842105263158	0.0
75.0	31.506849315068493	19.17808219178082	15.068493150684931	34.24657534246575	0.0
76.0	19.718309859154928	23.943661971830984	32.3943661971831	23.943661971830984	0.0
77.0	27.142857142857142	35.714285714285715	17.142857142857142	20.0	0.0
78.0	31.428571428571427	28.57142857142857	12.857142857142856	27.142857142857142	0.0
79.0	28.78787878787879	22.727272727272727	24.242424242424242	24.242424242424242	0.0
80.0	26.5625	23.4375	15.625	34.375	0.0
81.0	28.333333333333332	21.666666666666668	25.0	25.0	0.0
82.0	26.666666666666668	21.666666666666668	26.666666666666668	25.0	0.0
83.0	34.48275862068966	20.689655172413794	17.24137931034483	27.586206896551722	0.0
84.0	35.714285714285715	30.357142857142854	16.071428571428573	17.857142857142858	0.0
85.0	25.925925925925924	25.925925925925924	33.33333333333333	14.814814814814813	0.0
86.0	27.77777777777778	25.925925925925924	22.22222222222222	24.074074074074073	0.0
87.0	32.69230769230769	26.923076923076923	13.461538461538462	26.923076923076923	0.0
88.0	28.000000000000004	30.0	14.000000000000002	28.000000000000004	0.0
89.0	27.083333333333332	20.833333333333336	29.166666666666668	22.916666666666664	0.0
90.0	32.608695652173914	26.08695652173913	8.695652173913043	32.608695652173914	0.0
91.0	20.0	26.666666666666668	31.11111111111111	22.22222222222222	0.0
92.0	33.33333333333333	15.555555555555555	31.11111111111111	20.0	0.0
93.0	37.2093023255814	23.25581395348837	13.953488372093023	25.581395348837212	0.0
94.0	34.146341463414636	31.70731707317073	9.75609756097561	24.390243902439025	0.0
95.0	40.0	22.5	17.5	20.0	0.0
96.0	31.57894736842105	31.57894736842105	23.684210526315788	13.157894736842104	0.0
97.0	36.84210526315789	34.21052631578947	18.421052631578945	10.526315789473683	0.0
98.0	29.411764705882355	17.647058823529413	17.647058823529413	35.294117647058826	0.0
99.0	40.625	25.0	9.375	25.0	0.0
100.0	33.33333333333333	26.666666666666668	13.333333333333334	26.666666666666668	0.0
101.0	27.586206896551722	20.689655172413794	24.137931034482758	27.586206896551722	0.0
102.0	32.142857142857146	32.142857142857146	21.428571428571427	14.285714285714285	0.0
103.0	28.57142857142857	21.428571428571427	17.857142857142858	32.142857142857146	0.0
104.0	38.46153846153847	23.076923076923077	19.230769230769234	19.230769230769234	0.0
105.0	25.0	33.33333333333333	16.666666666666664	25.0	0.0
106.0	26.08695652173913	21.73913043478261	13.043478260869565	39.130434782608695	0.0
107.0	31.818181818181817	36.36363636363637	9.090909090909092	22.727272727272727	0.0
108.0	28.57142857142857	14.285714285714285	23.809523809523807	33.33333333333333	0.0
109.0	26.31578947368421	31.57894736842105	21.052631578947366	21.052631578947366	0.0
110.0	26.31578947368421	47.368421052631575	15.789473684210526	10.526315789473683	0.0
111.0	17.647058823529413	29.411764705882355	29.411764705882355	23.52941176470588	0.0
112.0	42.857142857142854	21.428571428571427	21.428571428571427	14.285714285714285	0.0
113.0	16.666666666666664	33.33333333333333	16.666666666666664	33.33333333333333	0.0
114.0	16.666666666666664	16.666666666666664	25.0	41.66666666666667	0.0
115.0	9.090909090909092	18.181818181818183	36.36363636363637	36.36363636363637	0.0
116.0	30.0	40.0	10.0	20.0	0.0
117.0	25.0	25.0	37.5	12.5	0.0
118.0	25.0	37.5	12.5	25.0	0.0
119.0	37.5	12.5	0.0	50.0	0.0
120.0	37.5	25.0	0.0	37.5	0.0
121.0	50.0	25.0	0.0	25.0	0.0
122.0	50.0	25.0	25.0	0.0	0.0
123.0	37.5	25.0	0.0	37.5	0.0
124.0	28.57142857142857	28.57142857142857	0.0	42.857142857142854	0.0
125.0	14.285714285714285	42.857142857142854	14.285714285714285	28.57142857142857	0.0
126.0	33.33333333333333	33.33333333333333	33.33333333333333	0.0	0.0
127.0	0.0	20.0	40.0	40.0	0.0
128.0	0.0	40.0	20.0	40.0	0.0
129.0	20.0	20.0	20.0	40.0	0.0
130.0	20.0	40.0	0.0	40.0	0.0
131.0	0.0	25.0	25.0	50.0	0.0
132.0	0.0	0.0	100.0	0.0	0.0
133.0	0.0	50.0	0.0	50.0	0.0
134.0	50.0	0.0	50.0	0.0	0.0
135.0	100.0	0.0	0.0	0.0	0.0
136.0	100.0	0.0	0.0	0.0	0.0
137.0	0.0	100.0	0.0	0.0	0.0
138.0	0.0	0.0	100.0	0.0	0.0
139.0	0.0	0.0	100.0	0.0	0.0
140.0	0.0	0.0	100.0	0.0	0.0
141.0	0.0	100.0	0.0	0.0	0.0
142.0	0.0	0.0	0.0	100.0	0.0
