# Position (bp)	A	C	G	T	N
0.0	23.031980026164607	26.730724169060682	37.71706818297009	12.467413604273895	0.05281401753072798
1.0	23.183443870599046	26.703178610543265	18.857689361023844	31.25304378421617	0.002644373617672055
2.0	25.628093825314146	25.155118221864413	20.5688194561258	28.647968496695636	0.0
3.0	20.638528082880544	29.0471954581414	15.708240382376426	34.606036076601626	0.0
4.0	34.17674098820169	16.475243539285813	16.799840162423184	32.54200510951372	0.006170200575591568
5.0	34.817633845606885	16.05016079248881	28.06412895131565	21.067709136744867	3.672738437852124E-4
6.0	29.39789904824726	21.61133200576179	24.306532401241974	24.68423654474898	0.0
7.0	30.095057746424043	21.980515402351873	24.90562905515935	23.01879779606474	0.0
8.0	17.007263936746675	34.93491544995052	24.9372145825238	23.120606030778994	0.0
9.0	25.52242829534378	25.613291777552682	18.73131954784216	30.13296037926138	0.0
10.0	23.997361506644346	19.63260889845106	31.97241334730932	24.397616247595277	0.0
11.0	24.77862585326833	23.880641964825475	22.892455686606926	28.447615402866056	6.610924332094641E-4
12.0	22.49991369071011	24.483337899768102	27.106258855884054	25.910489553637735	0.0
13.0	21.84756236856197	29.121342047021304	22.927273221422624	26.1038223629941	0.0
14.0	26.977198921978605	24.62150621830888	25.232943264312834	23.168351595399677	0.0
15.0	26.83543132241258	23.94249083468796	24.60960655451111	24.612471288388353	0.0
16.0	26.41005506899969	23.912741675193537	23.225866637088902	26.451336618717882	0.0
17.0	26.577237999886883	23.41288234097238	23.750700574342414	26.25917908479833	0.0
18.0	26.373107347454756	23.750333300768407	24.044299069402218	25.832260282374612	0.0
19.0	26.150098833318765	24.01300736089697	23.979365101518088	25.857528704266176	0.0
20.0	25.87251346608559	24.17144918072284	24.023144111539516	25.932893241652057	0.0
21.0	25.738752430432875	24.25812574418808	24.27428578144431	25.728836043934734	0.0
22.0	25.879050935702885	24.104164661965076	24.23050677142288	25.786277630909154	0.0
23.0	25.888673503341824	24.07985115136593	24.16814371855679	25.858924343847395	0.004407282888063095
24.0	25.73081932123436	24.29522037516261	24.171081907148835	25.802878396454194	0.0
25.0	25.93818198111773	24.135970553473932	24.01785537207384	25.9079920933345	0.0
26.0	25.958088208828816	24.129065810282633	24.1480171267013	25.76482885418725	0.0
27.0	25.80618385862024	24.233885688303733	24.25393882544442	25.70261271075076	0.003378916880848372
28.0	26.047409142026893	24.167923354412387	24.03945105822535	25.745216445335366	0.0
29.0	25.868253092627132	24.09836173949579	24.21368564173344	25.819699526143637	0.0
30.0	25.74271898503213	24.3853493102235	24.193191776303948	25.678739928440418	0.0
31.0	25.89073023535625	24.249972270845163	24.13193054415987	25.727366949638714	0.0
32.0	25.852533783659702	24.176076827755306	24.256583195177257	25.714806193407735	0.0
33.0	25.71789129142938	24.31901970275815	24.304475669227543	25.658613336584928	0.0
34.0	25.97586424981067	24.212363456867024	24.084478798398393	25.727293494923913	0.0
35.0	25.91927354717519	24.056694598491653	24.225432022188677	25.798158880688828	4.40951455654247E-4
36.0	25.821571387181645	24.275127326100417	24.224976358451467	25.678104322836926	2.2060542954083185E-4
37.0	26.002759128115514	24.165179803182195	24.130819461050308	25.70124160765198	0.0
38.0	25.993696240052362	24.116262478492338	24.127158956794727	25.760084580231577	0.0027977444289914058
39.0	25.882951833900957	24.272970450277626	24.238271940545467	25.60278531052219	0.003020464753754769
40.0	25.99331682566174	24.283526999921122	24.041293259842497	25.68178919767261	7.37169020324487E-5
41.0	25.81238354741676	24.22914475305045	24.232537829109937	25.72593387042285	0.0
42.0	25.775272472826526	24.3108648124392	24.320386414666515	25.593476300067756	0.0
43.0	25.86058783598621	24.269009087665726	24.14683564125917	25.723567435088896	0.0
44.0	25.886985362219107	24.257559305446424	24.128352412539574	25.7271029197949	0.0
45.0	25.661274490586187	24.39490582492601	24.280621970460768	25.66312374389469	7.397013233996377E-5
46.0	25.84478340234711	24.23656748126117	24.147592265522178	25.771056850869545	0.0
47.0	25.916798151070026	24.114980332896284	24.210686163396222	25.75753535263747	0.0
48.0	25.773986062505976	24.281646791789317	24.17949879283007	25.764868352874636	0.0
49.0	25.973531774554985	24.19934026008321	24.061220659784425	25.76590730557737	0.0
50.0	25.88598757839588	24.168608392859397	24.174695231259033	25.770708797485693	0.0
51.0	25.760929635550063	24.26945109667758	24.308225527540245	25.661319459713216	7.428051889399278E-5
52.0	25.789055467471833	24.368045752989456	24.143413679067514	25.699485100471193	0.0
53.0	25.786684221684165	24.21870873920013	24.204352305397798	25.79025473371791	0.0
54.0	25.78875242943564	24.32137702384736	24.343410358198	25.545864692996005	5.954955229902211E-4
55.0	25.840153035456492	24.277469134422997	24.16670018786771	25.715677642252803	0.0
56.0	25.856251695953862	24.20323714727887	24.172523609168735	25.76798754759853	0.0
57.0	25.7050347099176	24.37303929065686	24.230245561942564	25.691680437482983	0.0
58.0	25.997400245042957	24.23827254421338	24.015180418663583	25.749072129387464	7.466269262041412E-5
59.0	25.930965532082777	24.160868213717823	24.12552455076934	25.782641703430052	0.0
60.0	25.74036336714739	24.289362593150692	24.238734982781377	25.73153905692054	0.0
61.0	25.9073151017109	24.252997440387983	24.040594548475458	25.795650156420734	0.003442753004924634
62.0	25.87590740583991	24.19132171324515	24.206303132539865	25.726467748375075	0.0
63.0	25.718916787307688	24.397325930185396	24.205249927465445	25.678282441689337	2.249133521310915E-4
64.0	25.878338933552243	24.273759910436517	24.16443183165427	25.682869032915477	6.002914414948458E-4
65.0	25.798439062055206	24.2378015576331	24.264390530419963	25.69936884989173	0.0
66.0	25.712434113236142	24.402705614443178	24.244148849392126	25.640711422928558	0.0
67.0	25.856458941291383	24.29742750029724	24.17168459374732	25.67382696391457	6.020007494909331E-4
68.0	25.892872611191496	24.19318513072868	24.1409102310415	25.77303202703833	0.0
69.0	25.75324494173619	24.317440690042563	24.23299492194421	25.696244048269808	7.539800723066889E-5
70.0	25.935357655286616	24.2603898647542	24.076982703119658	25.726892395848505	3.7738099101757765E-4
71.0	25.9129889460601	24.242582224539294	24.047494918814365	25.796707240595083	2.2666999115987033E-4
72.0	25.73151785700779	24.287845072361385	24.250405033151452	25.73023203747937	0.0
73.0	25.931439960743212	24.27014485027292	24.101425481774065	25.696611073079417	3.7863413038342E-4
74.0	25.84101847162539	24.218723938510806	24.13926956563932	25.800988024224488	0.0
75.0	25.72559867489141	24.351071792403705	24.27933556310283	25.643993969602057	0.0
76.0	25.85519509690425	24.2726955548782	24.158601130910622	25.71350821730693	0.0
77.0	25.85869596659151	24.268656398295473	24.195503007586332	25.673186275479985	0.003958352046696375
78.0	25.726446660918374	24.39145440282139	24.207188724800695	25.67491021145954	0.0
79.0	25.81701742247556	24.298450198479067	24.154039304811608	25.730493074233767	0.0
80.0	25.781053349950923	24.240789748509812	24.179583167884296	25.798420717203406	1.5301645156378987E-4
81.0	25.84684882228557	24.29606242706849	24.20957965385423	25.647509096791705	0.0
82.0	25.902371513254607	24.27295033277723	23.998536871379162	25.82606443759841	7.68449905903309E-5
83.0	25.935311775728586	24.11469377188224	24.101826396765127	25.848168055624043	0.0
84.0	25.71265378806733	24.392151649448998	24.15007891323872	25.744961068953632	1.5458029132201702E-4
85.0	25.92851767663054	24.370708849564387	23.931838105803767	25.768935368001305	0.0
86.0	25.889129408244465	24.301078285154137	24.0254680387179	25.784324267883495	0.0
87.0	25.738951850346243	24.49638014047076	24.04420121453082	25.72046679465218	0.0
88.0	25.927506777205867	24.442912099876608	23.902155766857806	25.72742535605972	0.0
89.0	25.735884404681027	24.701754044188373	23.79587532965949	25.766486221471112	0.0
90.0	26.017313859395507	23.88049781499759	23.759201103301596	26.33966402472459	0.003323197580712161
91.0	26.522762885561303	23.700550532516612	23.74831362756517	26.025021158213157	0.0033517961437585365
92.0	26.47891609544175	23.495304827026615	23.727739132639694	26.296349513578388	0.0016904313135496522
93.0	26.279220447066447	23.60739313543283	23.604835547068152	26.50684581152279	0.0017050589097853332
94.0	26.301398132384048	23.59369894581162	23.772549828887858	26.33063337288689	0.0017197200295791845
95.0	26.48033449574073	23.77990596644633	23.70183382779021	26.037058241815437	8.674682072902027E-4
96.0	26.435373197031225	23.870081221117488	23.436843579330628	26.25682677496149	8.752275591653831E-4
97.0	26.332349353932088	23.779895002916586	23.84264578509183	26.042458416559132	0.0026514415003623636
98.0	26.342103618523844	23.763693340594784	23.67084200094637	26.221575437249456	0.0017856026855464391
99.0	26.38487910501624	23.789245759653554	23.459040057740886	26.36412847347528	0.0027066041140382533
100.0	26.433208125159553	23.665256555194926	23.759162685532985	26.14146092410926	9.11710003282156E-4
101.0	26.546235053521748	23.609447832415203	23.671168266484884	26.17222764706966	9.212005085026807E-4
102.0	26.330049719744515	23.880374667138415	23.5330813206458	26.2546321297555	0.0018621627157781046
103.0	26.192022132512776	23.691763355258825	23.703996461809183	26.411277042223034	9.410081961813886E-4
104.0	26.330766814820457	23.762027581349756	23.54407971752434	26.362174148908835	9.517373966175252E-4
105.0	26.42282679801439	23.727248239504366	23.512717897410244	26.33624504559972	9.620194712740987E-4
106.0	26.45402282078968	23.905409480452526	23.5133899475686	26.126204998005857	9.727531833347925E-4
107.0	26.605062194929936	23.65277121713116	23.65670760510156	26.08349078885215	0.0019681939851991814
108.0	26.034642469396495	23.925017679811152	23.606283056266623	26.43306074882716	9.960456985766506E-4
109.0	26.362976260110127	23.82863712458904	23.61382843542629	26.194558179874544	0.0
110.0	26.53023693002442	23.70219765624202	23.707306108687433	26.058215924067962	0.0020433809781664745
111.0	26.346368946518083	23.790339284974525	23.466175069389784	26.39608103069721	0.0010356684203985252
112.0	26.3454009174023	23.733848366205166	23.752742235144694	26.168008481247835	0.0
113.0	26.50710163752901	23.652605353378338	23.723941142650283	26.114222439896935	0.0021294265454313154
114.0	26.41073529888048	23.746342937956797	23.6524198685077	26.18942231914411	0.0010795755109091105
115.0	26.673380255481245	23.77486125857898	23.402694922118723	26.147968956949114	0.001094606871941942
116.0	26.526353181475066	23.307135562364014	23.758936104080636	26.40424492695706	0.0033302251232183297
117.0	26.39624214296979	23.479847703156327	23.764841057066256	26.35681618491901	0.0022529118886160365
118.0	26.696563400906054	23.59058252871459	23.381229121859697	26.325904910080993	0.005720038438658308
119.0	26.834001510661786	23.43617453953867	23.508221486258787	26.221602463540762	0.0
120.0	26.570470432646893	23.74952767806537	23.390563007746078	26.287077271868505	0.0023616096731532213
121.0	26.48284976272001	23.486514086622215	23.45167297410945	26.576560341202622	0.0024028353457079352
122.0	26.647340158770934	23.43155602852495	23.674972172275023	26.2461316404291	0.0
123.0	26.420072683825357	23.6434012047593	23.670782097874245	26.2657440135411	0.0
124.0	26.312318482162105	23.467640680287637	23.73650902357671	26.483531813973542	0.0
125.0	26.579478422850045	23.399824071199422	23.571872089413226	26.4475318224154	0.00129359412190831
126.0	26.601985262131063	23.33276209810306	23.554225602763022	26.509708801856075	0.0013182351467854836
127.0	26.58016806722689	23.575126050420167	23.283361344537816	26.56	0.0013445378151260505
128.0	26.55135520684736	23.418468122462414	23.691429825523976	26.33737517831669	0.00137166684955558
129.0	26.461650492234874	23.722499964990405	23.278578330462548	26.534470444901903	0.0028007674102704144
130.0	26.466167566097425	23.83944803103394	23.434346326171287	26.260038076697345	0.0
131.0	26.581111533846467	23.454008018964558	23.657408762328426	26.307471684860545	0.0
132.0	26.517988197585595	23.959799898151754	23.152502770871404	26.368211365066053	0.0014977683251954587
133.0	26.882199354937796	23.51712486561204	23.527875902319153	26.069728152357545	0.0030717247734602976
134.0	27.018643320526547	23.23171883857152	23.466334949927568	26.281728286200163	0.0015746047742016755
135.0	26.373679620118228	24.023645702102918	23.288755370352423	26.31391930742643	0.0
136.0	26.955830213062065	23.81954339109977	23.050796911759832	26.173829484078333	0.0
137.0	26.84607141034582	23.224522428428056	23.40653545851974	26.51946858999439	0.003402112711994148
138.0	26.772507124997812	23.504624691832916	23.335023516863952	26.387844666305316	0.0
139.0	26.535277177825773	23.486321094312455	23.57091432685385	26.405687544996397	0.0017998560115190783
140.0	26.73976364074878	23.435557781859334	23.569136008608375	26.255542568783515	0.0
141.0	26.51612285905655	23.991962491627593	23.237967658597263	26.24820591330973	0.005741077408860396
142.0	26.769486626145834	23.764081648815065	23.213684689857253	26.25274703518185	0.0
143.0	26.701645795331107	23.72568711442684	23.360865733434444	26.205652681847063	0.006148674960546002
144.0	27.067988367897094	23.64840483114347	23.512555454140223	25.771051346819213	0.0
145.0	27.03167360973352	23.41246225396196	23.2427428420287	26.313121294275827	0.0
146.0	27.128086384373784	23.471423003736906	23.03812558747335	26.36236502441597	0.0
147.0	26.92831378544299	23.842056231039344	23.177985333110385	26.05164465040728	0.0
148.0	26.55368641741127	23.96545699595667	23.284081265911247	26.194279438925772	0.002495881795038187
149.0	27.53312599639338	23.484828685675456	23.10064553223741	25.881399785693755	0.0
150.0	27.068369976424144	23.271560940841056	23.203026481715007	26.457042601019793	0.0
151.0	27.308878194968734	23.358211105668097	23.055643604299338	26.277267095063827	0.0
152.0	27.428328215729792	23.35147295777217	23.5217219469188	25.69847687957924	0.0
153.0	26.932596187843526	23.682941724791874	23.38401208575745	26.00045000160715	0.0
154.0	26.89233501844514	23.842054925536278	23.507309741768	25.758300314250583	0.0
155.0	27.354145342886387	23.797338792221083	23.340400643368913	25.508115221523614	0.0
156.0	27.439192109709616	23.25042241345436	22.841761955283115	26.464694094070495	0.003929427482415812
157.0	27.637551435964873	23.170576507020744	22.55970814066941	26.62792177491198	0.004242141432995376
158.0	28.206546795758413	22.844628861226372	22.10235131396957	26.846473029045644	0.0
159.0	28.16618046474198	21.587365456191527	22.55809274720853	27.688361331857962	0.0
160.0	27.566096423017107	22.472783825816485	22.217285047767163	27.738280382137305	0.00555432126194179
161.0	27.82992478398707	23.049667433331262	20.58805246472307	28.5323553179586	0.0
162.0	29.42632807526349	22.140482422013157	20.350852373205065	28.082337129518287	0.0
163.0	29.47351020745516	21.613356475741796	20.902553930076866	28.010579386726175	0.0
164.0	30.83466773418735	20.916733386709367	22.38791032826261	25.840672538030425	0.020016012810248198
165.0	30.3875	22.112499999999997	25.1	22.400000000000002	0.0
166.0	26.48829431438127	25.418060200668897	24.06354515050167	24.03010033444816	0.0
167.0	25.018839487565934	29.037930168299418	24.340617935192164	21.602612408942477	0.0
168.0	12.191435768261965	41.914357682619645	23.828715365239294	22.065491183879093	0.0
