# Position (bp)	A	C	G	T	N
0.0	28.14161629799888	19.34789038633916	23.181704263481002	29.32867616013511	1.1289204585223335E-4
1.0	25.686214300712802	18.13520402979447	26.918318089144076	29.260263580348656	0.0
2.0	26.769639264756684	20.927814568041164	23.462918349698917	28.83962781750323	0.0
3.0	28.27076479845383	20.688822106971987	23.25892242284393	27.781490671730253	0.0
4.0	27.079640822666917	21.27631231358701	23.631804850293857	28.012242013452216	0.0
5.0	26.353293399653648	22.279696817121657	24.02579809031815	27.34121169290654	0.0
6.0	26.837035816130467	21.829144662125398	23.833317152140093	27.500502369604042	0.0
7.0	26.097480023752485	22.471161726887047	23.67334912316748	27.758009126192984	0.0
8.0	25.60075502200266	23.233747496618882	24.133722886152885	27.03177459522557	0.0
9.0	26.177294700170016	22.830610000880558	24.200667869343263	26.791427429606163	0.0
10.0	25.69276203937223	23.164544672511465	24.420581574663412	26.722111713452897	0.0
11.0	25.446205811230953	23.80983560660283	24.561696631978705	26.182261950187513	0.0
12.0	26.02263259735246	23.20586316129338	24.422726523534603	26.34877771781956	0.0
13.0	25.5068288398536	23.396650718783658	24.449143262264027	26.647377179098715	0.0
14.0	25.28341548111203	24.028620391464457	24.578404654764835	26.109559472658677	0.0
15.0	25.86921230703927	23.49689885550044	24.360071438086614	26.273817399373673	0.0
16.0	25.48346018636219	23.799449538384422	24.392019887062798	26.325070388190593	0.0
17.0	25.095788900905617	24.48312376806555	24.621755200372093	25.799332130656737	0.0
18.0	25.652459579002983	23.97262593672175	24.4326610235696	25.942253460705665	0.0
19.0	25.26873951515124	24.1294329884105	24.527151665947923	26.074675830490335	0.0
20.0	25.04826134960183	24.76524099065028	24.648849291376628	25.53764836837126	0.0
21.0	25.718275641734834	24.10448384627716	24.338847733466395	25.838392778521612	0.0
22.0	25.245370861659826	24.200216301159852	24.478382302139757	26.076030535040562	0.0
23.0	25.163637020462815	24.809946240807765	24.46483525663749	25.56158148209193	0.0
24.0	25.762303539617204	24.190168909079006	24.211505505745077	25.836022045558714	0.0
25.0	25.45986574877907	24.3036254151605	24.19445880682139	26.04205002923904	0.0
26.0	25.315928390317477	24.78996434869192	24.27946651734812	25.614640743642486	0.0
27.0	25.996328750668884	24.115321482678972	23.99938135158873	25.888968415063413	0.0
28.0	25.713985743992453	24.239728517208135	23.946547874129884	26.09973786466953	0.0
29.0	25.5723062264479	24.7484200758183	24.0812280848316	25.598045612902204	0.0
30.0	26.19637345591904	24.04939252790127	23.748986793888477	26.00524722229121	0.0
31.0	25.853294528574107	24.161268545340832	23.627514952551472	26.35792197353359	0.0
32.0	25.896419290089657	24.57930779113165	23.680799998193727	25.843472920584958	0.0
33.0	26.601543008482707	23.946434982084032	23.24673008189189	26.205291927541367	0.0
34.0	26.29955678582798	24.04589287447985	23.091842194982625	26.56270814470954	0.0
35.0	26.24383784908319	24.50964278202221	23.1022184317994	26.1443009370952	0.0
36.0	26.982726766180825	23.83823572538784	22.766650048388513	26.41238746004282	0.0
37.0	26.608178709999613	23.876579847105376	22.707541008797204	26.807700434097807	0.0
38.0	26.567552723806802	24.248271683689175	22.799490679283107	26.384684913220912	0.0
39.0	27.15228182829855	23.719442795089325	22.51658815173617	26.61168722487596	0.0
40.0	26.758472614095435	23.80797712547465	22.538634024552024	26.89491623587789	0.0
41.0	26.650443467042308	24.331028687321393	22.56887677460885	26.449651071027446	0.0
42.0	27.358579947611883	23.603494398929943	22.305634509279386	26.732291144178788	0.0
43.0	27.035552323774358	23.651193148880868	22.320637348371715	26.992617178973056	0.0
44.0	26.780643901266473	24.22141429923531	22.419963042531137	26.577978756967084	0.0
45.0	27.605450133219918	23.414026243698636	22.106688515567342	26.873835107514104	0.0
46.0	27.284768860099145	23.581016823076308	22.03165602820104	27.102558288623502	0.0
47.0	27.11566523019856	24.018451341915775	22.164793803185688	26.701089624699982	0.0
48.0	27.66621455191626	23.395958058484993	22.03284099759922	26.90498639199953	0.0
49.0	27.364818796384334	23.5164018179203	21.984656394009754	27.13412299168561	0.0
50.0	27.251002264284104	23.983375645713053	21.989629382762036	26.77599270724081	0.0
51.0	27.80442595433997	23.42481129452471	21.742371973761443	27.02839077737388	0.0
52.0	27.380320617929215	23.502450879522428	21.836979147488147	27.280249355060203	0.0
53.0	27.30659208803442	23.98933330900099	21.985108605893597	26.718965997070992	0.0
54.0	27.85268225353061	23.465660566099896	21.729752346325593	26.951904834043905	0.0
55.0	27.53746650136023	23.437511884569457	21.815379076565783	27.20964253750453	0.0
56.0	27.4009506594363	23.878690500100422	21.826872866037355	26.893485974425925	0.0
57.0	28.14669249148205	23.12583942431397	21.604343093040022	27.123124991163955	0.0
58.0	27.733338915186728	23.209645442665895	21.660083069939624	27.396932572207756	0.0
59.0	27.532036986071702	23.74011052799737	21.719352522309638	27.008499963621297	0.0
60.0	28.125146347500884	23.2436627350759	21.49752798164217	27.133662935781043	0.0
61.0	27.599608862939057	23.278323779290993	21.616345561090366	27.505721796679587	0.0
62.0	27.427973193044604	23.77803961005336	21.78665505932502	27.007332137577016	0.0
63.0	28.084955667690743	23.175371293038953	21.527037137263015	27.212635902007293	0.0
64.0	27.857818065191335	23.432251312435646	21.444185614692525	27.265745007680493	0.0
65.0	27.547249261975264	23.642773629110653	21.67933665127155	27.130640457642528	0.0
66.0	28.1543933730872	23.164236735237335	21.398137845112082	27.283232046563384	0.0
67.0	27.858975394933537	23.094521433477436	21.540543816411457	27.505959355177566	0.0
68.0	27.62250142162806	23.582395416456553	21.521839425769556	27.273263736145832	0.0
69.0	28.141182106439764	22.98914159271848	21.493259119009057	27.376417181832696	0.0
70.0	27.993182011185386	23.070157347535456	21.30864137621468	27.62801926506448	0.0
71.0	27.93847107197955	23.413525777987207	21.625494613314057	27.022508536719187	0.0
72.0	28.263780636034635	23.107930861620233	21.218093544200357	27.410194958144775	0.0
73.0	27.879717929043807	23.09181921151668	21.248127443457925	27.780335415981583	0.0
74.0	27.6601866251944	23.664074650077758	21.615085536547436	27.060653188180407	0.0
75.0	28.467581387280372	22.959432333528834	21.133019982322377	27.439966296868416	0.0
76.0	27.885377233911434	23.12879654899199	21.233383220353904	27.752442996742673	0.0
77.0	28.001503335525697	23.565723950014096	21.422531241191393	27.010241473268813	0.0
78.0	28.289559257591673	22.818550202611437	21.629896443043677	27.261994096753213	0.0
79.0	27.96265542497019	23.162578777039684	21.254896951115654	27.619868846874468	0.0
80.0	27.785656746729597	23.491303509229738	21.53643676465583	27.186602979384833	0.0
81.0	28.379343313928864	22.911397000980312	21.269076694058842	27.440182991031985	0.0
82.0	27.64739258265848	22.997369371228142	21.462835920977973	27.8924021251354	0.0
83.0	27.683957402954313	23.59051872208863	21.446925455170042	27.278598419787016	0.0
84.0	28.499649450806263	22.693678429539613	21.233056788969385	27.573615330684742	0.0
85.0	28.01918823785939	22.977603339251786	21.304862473912095	27.698345948976733	0.0
86.0	27.82709698830167	23.521115075085042	21.456898697419728	27.19488923919356	0.0
87.0	28.56132659194569	23.103984725807024	21.212389067637805	27.122299614609485	0.0
88.0	27.855662332768045	23.17505181835312	21.247409082344074	27.721876766534763	0.0
89.0	27.533472300168366	23.398540848232184	21.734947486570995	27.333039365028462	0.0
90.0	28.22864455582809	22.84099392129679	21.126159752586116	27.804201770289005	0.0
91.0	28.10362458811499	23.051925917509376	21.31348710373821	27.530962390637427	0.0
92.0	28.501526088852287	23.126302020250957	21.496051547890122	26.876120343006637	0.0
93.0	28.367383836557586	22.865924529276548	21.22323527132784	27.543456362838032	0.0
94.0	28.40050725037217	22.867618680046313	20.74764293984672	27.9842311297348	0.0
95.0	28.007982157530225	23.35074539265172	21.35520601009508	27.286066439722973	0.0
96.0	28.382941470735368	23.13656828414207	20.8791895947974	27.60130065032516	0.0
97.0	28.230430724096543	22.99306574209895	21.032804373916523	27.743699159887985	0.0
98.0	27.84232660916673	23.3694489985031	21.1205360325041	27.667688359826077	0.0
99.0	28.41422228968239	23.101734147914847	21.12472963229993	27.359313930102836	0.0
100.0	28.282173807402604	23.471288572122784	20.78642585243379	27.460111768040818	0.0
101.0	28.57513401348781	23.49559052394951	21.02714853882068	26.902126923742003	0.0
102.0	28.506808216016616	22.5294253404108	21.532425571197784	27.431340872374797	0.0
103.0	28.259261086173726	22.714941054604644	21.146352291224783	27.87944556799684	0.0
104.0	28.42099720949824	22.861054072553046	21.71852787869215	26.999420839256565	0.0
105.0	28.983231450844038	22.573046940721216	20.806460658403903	27.637260950030846	0.0
106.0	28.100263852242747	23.08707124010554	20.898296953705923	27.91436795394579	0.0
107.0	28.948714669395066	23.110372170354264	21.28149379716076	26.65941936308991	0.0
108.0	28.453284122753058	23.176816348848337	20.552252067527853	27.817647460870752	0.0
109.0	28.185917951702066	22.839685772475995	21.16671515856852	27.80768111725342	0.0
110.0	28.664495114006517	23.033969288040947	21.188149526911744	27.113386071040797	0.0
111.0	28.642507670619455	23.65867816568538	21.36163861016668	26.337175553528485	0.0
112.0	27.815037063183905	23.570420049417578	21.01129544652312	27.603247440875396	0.0
113.0	28.21842874658116	22.918042063566915	21.333584834480806	27.52994435537112	0.0
114.0	29.468937875751504	21.993987975951903	20.571142284569138	27.965931863727455	0.0
115.0	28.268287481339303	22.819364470036255	20.825335892514396	28.08701215611005	0.0
116.0	28.071566074057298	23.542067716000453	21.934095798890276	26.452270411051977	0.0
117.0	29.27034499338863	22.646952758745044	21.10830628681332	26.97439596105301	0.0
118.0	27.648942985265855	23.741191543882127	21.101857783472134	27.508007687379887	0.0
119.0	27.480604328297265	23.315639036341366	21.573431332516673	27.6303253028447	0.0
120.0	28.372295629446786	23.827501089008276	21.155800784085958	26.64440249745898	0.0
121.0	27.573472841975686	22.988152023388214	21.234036005539313	28.204339129096784	0.0
122.0	27.40289664252798	23.502304147465438	20.967741935483872	28.12705727452271	0.0
123.0	27.806077639206045	22.483751976111012	21.060952046372737	28.649218338310206	0.0
124.0	28.50187265917603	23.146067415730336	21.629213483146067	26.722846441947567	0.0
125.0	28.26522435897436	22.736378205128204	21.25400641025641	27.744391025641026	0.0
126.0	27.82887700534759	23.614973262032084	20.25668449197861	28.299465240641712	0.0
127.0	28.594212804739122	23.399407609933924	21.645021645021643	26.361357940305307	0.0
128.0	28.208846990572876	22.528402223833695	21.658206429780034	27.604544355813392	0.0
129.0	28.939901986071703	22.69796234201702	20.5313386639154	27.830797007995873	0.0
130.0	27.643835616438356	22.465753424657535	20.931506849315067	28.95890410958904	0.0
131.0	28.022138071657444	24.410136906495776	20.24468394989805	27.323041071948733	0.0
132.0	29.75	21.71875	20.9375	27.59375	0.0
133.0	29.279731993299833	23.04857621440536	19.63149078726968	28.04020100502513	0.0
134.0	29.02881536819637	24.048381358946994	21.807186054784776	25.11561721807186	0.0
135.0	27.899096385542173	23.531626506024097	19.653614457831324	28.915662650602407	0.0
136.0	28.28894269572236	22.437449556093625	21.872477804681196	27.401129943502823	0.0
137.0	30.310880829015545	23.05699481865285	20.984455958549223	25.647668393782386	0.0
138.0	30.75160403299725	21.127406049495875	20.989917506874427	27.131072410632445	0.0
139.0	28.24278022515908	22.075379344101812	20.6069505628977	29.074889867841406	0.0
140.0	27.96478508544795	22.630761263593993	21.80217503883998	27.602278612118074	0.0
141.0	27.712854757929883	21.647189760712298	22.3149693934335	28.32498608792432	0.0
142.0	29.59243945658594	21.97282929710573	21.027761370348493	27.406969875959835	0.0
143.0	26.46502835538752	24.070573408947702	21.865154379332072	27.599243856332706	0.0
144.0	27.0791749833666	24.35129740518962	22.488356620093146	26.081170991350632	0.0
145.0	26.326963906581742	21.86836518046709	19.886765746638357	31.91790516631281	0.0
146.0	27.416918429003022	20.31722054380665	20.39274924471299	31.87311178247734	0.0
147.0	27.514078841512468	21.560740144810943	21.399839098954143	29.525341914722446	0.0
148.0	30.82901554404145	22.020725388601036	19.689119170984455	27.461139896373055	0.0
149.0	27.605118829981716	23.217550274223033	22.02925045703839	27.148080438756857	0.0
150.0	28.377065111758988	22.546161321671526	20.408163265306122	28.668610301263364	0.0
151.0	27.51817237798546	22.949117341640708	20.041536863966773	29.49117341640706	0.0
152.0	28.539823008849556	21.68141592920354	21.128318584070797	28.650442477876105	0.0
153.0	29.00232018561485	20.88167053364269	20.88167053364269	29.23433874709977	0.0
154.0	28.217821782178216	22.64851485148515	22.64851485148515	26.48514851485149	0.0
155.0	28.01556420233463	23.346303501945524	20.622568093385212	28.01556420233463	0.0
156.0	27.456258411843876	22.476446837146703	18.842530282637952	31.22476446837147	0.0
157.0	27.977044476327116	20.946915351506455	21.664275466284074	29.411764705882355	0.0
158.0	26.73716012084592	24.169184290030213	21.6012084592145	27.492447129909365	0.0
159.0	29.354838709677416	25.483870967741932	20.483870967741936	24.677419354838708	0.0
160.0	31.399317406143346	20.477815699658702	21.501706484641637	26.621160409556317	0.0
161.0	25.454545454545453	22.545454545454547	23.454545454545457	28.545454545454547	0.0
162.0	27.466150870406192	22.243713733075435	19.729206963249517	30.56092843326886	0.0
163.0	25.15212981744422	22.920892494929006	22.718052738336713	29.20892494929006	0.0
164.0	31.69164882226981	19.914346895074946	19.271948608137045	29.1220556745182	0.0
165.0	31.662870159453306	18.223234624145785	24.373576309794988	25.740318906605925	0.0
166.0	27.710843373493976	22.40963855421687	23.373493975903614	26.506024096385545	0.0
167.0	25.190839694656486	24.173027989821882	23.66412213740458	26.97201017811705	0.0
168.0	33.15217391304348	20.92391304347826	19.565217391304348	26.358695652173914	0.0
169.0	26.923076923076923	21.005917159763314	23.37278106508876	28.698224852071007	0.0
170.0	25.878594249201274	24.920127795527154	19.808306709265175	29.39297124600639	0.0
171.0	31.64983164983165	18.855218855218855	20.2020202020202	29.292929292929294	0.0
172.0	31.046931407942242	19.133574007220215	20.938628158844764	28.880866425992778	0.0
173.0	29.343629343629345	19.69111969111969	22.00772200772201	28.957528957528954	0.0
174.0	27.572016460905353	24.691358024691358	20.16460905349794	27.572016460905353	0.0
175.0	30.22222222222222	17.333333333333336	24.0	28.444444444444443	0.0
176.0	33.9622641509434	19.339622641509436	20.28301886792453	26.41509433962264	0.0
177.0	22.916666666666664	27.083333333333332	21.354166666666664	28.645833333333332	0.0
178.0	32.78688524590164	22.404371584699454	21.311475409836063	23.497267759562842	0.0
179.0	25.443786982248522	21.301775147928996	24.85207100591716	28.402366863905325	0.0
180.0	26.08695652173913	22.36024844720497	19.875776397515526	31.67701863354037	0.0
181.0	28.387096774193548	27.09677419354839	16.129032258064516	28.387096774193548	0.0
182.0	32.86713286713287	16.083916083916083	25.174825174825177	25.874125874125873	0.0
183.0	32.35294117647059	19.852941176470587	23.52941176470588	24.264705882352942	0.0
184.0	31.2	24.8	20.0	24.0	0.0
185.0	26.126126126126124	17.117117117117118	26.126126126126124	30.630630630630627	0.0
186.0	31.428571428571427	17.142857142857142	20.952380952380953	30.476190476190478	0.0
187.0	28.999999999999996	13.0	16.0	42.0	0.0
188.0	32.97872340425532	20.212765957446805	17.02127659574468	29.78723404255319	0.0
189.0	26.136363636363637	28.40909090909091	19.318181818181817	26.136363636363637	0.0
190.0	20.73170731707317	21.951219512195124	24.390243902439025	32.926829268292686	0.0
191.0	31.57894736842105	27.631578947368425	23.684210526315788	17.105263157894736	0.0
192.0	23.28767123287671	21.91780821917808	23.28767123287671	31.506849315068493	0.0
193.0	24.637681159420293	17.391304347826086	24.637681159420293	33.33333333333333	0.0
194.0	27.536231884057973	23.18840579710145	23.18840579710145	26.08695652173913	0.0
195.0	26.5625	21.875	23.4375	28.125	0.0
196.0	19.642857142857142	19.642857142857142	28.57142857142857	32.142857142857146	0.0
197.0	34.61538461538461	21.153846153846153	15.384615384615385	28.846153846153843	0.0
198.0	38.775510204081634	20.408163265306122	16.3265306122449	24.489795918367346	0.0
199.0	38.297872340425535	21.27659574468085	14.893617021276595	25.53191489361702	0.0
200.0	13.043478260869565	34.78260869565217	10.869565217391305	41.30434782608695	0.0
201.0	34.883720930232556	16.27906976744186	18.6046511627907	30.23255813953488	0.0
202.0	32.5	27.500000000000004	10.0	30.0	0.0
203.0	38.46153846153847	23.076923076923077	12.82051282051282	25.64102564102564	0.0
204.0	27.027027027027028	18.91891891891892	27.027027027027028	27.027027027027028	0.0
205.0	20.0	28.57142857142857	20.0	31.428571428571427	0.0
206.0	31.25	28.125	6.25	34.375	0.0
207.0	28.125	28.125	12.5	31.25	0.0
208.0	33.33333333333333	13.333333333333334	20.0	33.33333333333333	0.0
209.0	32.142857142857146	25.0	14.285714285714285	28.57142857142857	0.0
210.0	30.76923076923077	19.230769230769234	19.230769230769234	30.76923076923077	0.0
211.0	30.434782608695656	13.043478260869565	26.08695652173913	30.434782608695656	0.0
212.0	27.27272727272727	22.727272727272727	27.27272727272727	22.727272727272727	0.0
213.0	50.0	20.0	10.0	20.0	0.0
214.0	25.0	6.25	12.5	56.25	0.0
215.0	42.857142857142854	28.57142857142857	0.0	28.57142857142857	0.0
216.0	38.46153846153847	23.076923076923077	0.0	38.46153846153847	0.0
217.0	25.0	25.0	33.33333333333333	16.666666666666664	0.0
218.0	25.0	25.0	33.33333333333333	16.666666666666664	0.0
219.0	36.36363636363637	9.090909090909092	36.36363636363637	18.181818181818183	0.0
220.0	0.0	30.0	30.0	40.0	0.0
221.0	25.0	50.0	12.5	12.5	0.0
222.0	28.57142857142857	14.285714285714285	28.57142857142857	28.57142857142857	0.0
223.0	14.285714285714285	42.857142857142854	14.285714285714285	28.57142857142857	0.0
224.0	0.0	0.0	33.33333333333333	66.66666666666666	0.0
225.0	50.0	16.666666666666664	0.0	33.33333333333333	0.0
226.0	16.666666666666664	16.666666666666664	0.0	66.66666666666666	0.0
227.0	50.0	25.0	0.0	25.0	0.0
228.0	50.0	25.0	0.0	25.0	0.0
229.0	25.0	75.0	0.0	0.0	0.0
230.0	0.0	100.0	0.0	0.0	0.0
231.0	0.0	100.0	0.0	0.0	0.0
232.0	0.0	0.0	100.0	0.0	0.0
