# Position (bp)	A	C	G	T	N
0.0	26.052509638477588	24.067573829375473	23.878590011114913	26.00132652103202	0.0
1.0	25.993452195271168	23.968841898681656	23.91281304230633	26.12489286374085	0.0
2.0	25.87439695456376	23.9846274519305	24.047014073331535	26.093961520174197	0.0
3.0	26.045521443410113	24.068645561417004	23.95417572633836	25.931657268834527	0.0
4.0	25.89648552238716	24.12107778120969	23.997831840452527	25.98460485595063	0.0
5.0	26.123594655071656	23.982837608286882	23.896843973027064	25.996723763614398	0.0
6.0	25.950315636495752	24.07859878589703	23.953252494058162	26.017833083549057	0.0
7.0	26.036715689539296	23.96510071990361	23.88517870441569	26.1130048861414	0.0
8.0	25.99056132565243	24.008984600854262	24.013525335787346	25.98692873770596	0.0
9.0	26.081692204309213	23.95039381042614	23.8871298757121	26.080784109552553	0.0
10.0	26.116830166748894	24.01347551433665	23.930842643404354	25.9388516755101	0.0
11.0	26.07657312706393	23.975639950722964	23.92751311380635	26.020273808406756	0.0
12.0	25.925230872609173	23.939317809653822	23.985628539516977	26.149822778220035	0.0
13.0	26.086561715857943	23.891796341755025	24.105794289554055	25.915847652832973	0.0
14.0	26.052055681842255	23.9417392857251	23.94627955335874	26.059925479073907	0.0
15.0	26.062346955145184	23.967770153491312	23.836405076624583	26.13347781473892	0.0
16.0	26.09624762014305	23.866068158497715	23.95868961822403	26.078994603135207	0.0
17.0	25.99394025613163	23.981693640901153	23.967770153491312	26.056595949475902	0.0
18.0	25.916150337341886	24.13212784182918	23.921459423628157	26.030262397200776	0.0
19.0	26.044488569119522	23.942647339251824	23.90844398974505	26.10442010188361	0.0
20.0	26.16639122459728	23.778823045118017	24.064253673065398	25.990532057219305	0.0
21.0	25.963290533873323	24.1865378445296	23.79062770523461	26.059543916362472	0.0
22.0	25.934232908970937	24.03761751690488	23.97738348195098	26.050766092173205	0.0
23.0	25.937562428491002	23.96830297416898	24.012192095115292	26.081942502224724	0.0
24.0	26.025643353976353	23.9356131461538	24.088771044076786	25.949972455793063	0.0
25.0	26.09374716234132	24.02066723571182	23.883551568203696	26.002034033743165	0.0
26.0	26.04894999061681	23.923808486037206	23.90716088843688	26.120080634909105	0.0
27.0	25.924244350410742	23.96709223979805	23.999782067813232	26.108881341977973	0.0
28.0	26.08224518581746	23.991609610809437	23.96921102494718	25.95693417842592	0.0
29.0	25.940891948011064	24.06546440743633	24.011586727929828	25.982056916622774	0.0
30.0	26.112513545090778	23.984950571769307	23.873865693236233	26.028670189903686	0.0
31.0	25.957236862018657	24.061529520730797	23.97738348195098	26.003850135299565	0.0
32.0	26.046449683545266	23.93826484128834	23.921314611400845	26.093970863765552	0.0
33.0	25.997717772618717	23.983667242772693	24.019686481283617	25.99892850332497	0.0
34.0	26.104262074768673	23.936146062552403	23.88257122880086	26.07702063387806	0.0
35.0	26.137557169190533	23.978521637271133	23.933421918463342	25.95049927507499	0.0
36.0	26.10577548815149	23.951885561733647	23.909509987014914	26.03282896309996	0.0
37.0	25.93385172786406	23.931303139727405	23.986391386861754	26.148453745546778	0.0
38.0	26.089430623617115	23.865318316236806	24.104437630721083	25.940813429424992	0.0
39.0	26.039185299307764	23.95128019638052	23.92040656337116	26.089127940940553	0.0
40.0	26.075507220495247	23.95642580188208	23.83262858716807	26.135438390454603	0.0
41.0	26.10062988264993	23.855027105233688	23.960663359353955	26.08367965276243	0.0
42.0	25.960185120724987	23.992445040393005	23.996682597864876	26.050687241017133	0.0
43.0	25.922652468831252	24.130771023582007	23.913444861810223	26.03313164577652	0.0
44.0	26.05250333707651	23.936448745228965	23.92313070746022	26.087917210234306	0.0
45.0	26.176221320903203	23.801077547067013	23.998426054845932	26.02427507718385	0.0
46.0	25.981596948967855	24.18578606453175	23.769295962225318	26.063321024275076	0.0
47.0	25.942248320116228	23.995096555481567	23.993280464919184	26.069374659483017	0.0
48.0	25.94255100187663	23.979357103940917	23.986924147950845	26.091167746231612	0.0
49.0	26.020642896059083	23.946364792057633	24.065318723893697	25.967673587989587	0.0
50.0	26.088746292148436	24.02203523215691	23.89793571039409	25.99128276530056	0.0
51.0	26.028209940069015	23.9076215267268	23.936678975724924	26.127489557479265	0.0
52.0	25.897451419577454	23.97996246746171	23.999636781887524	26.122949331073308	0.0
53.0	26.099340153762334	23.97784369513893	23.97663296809734	25.94618318300139	0.0
54.0	25.94345904715782	24.053211453477815	23.994188510200377	26.009140989163992	0.0
55.0	26.133240510926814	23.99055632907561	23.851322719292938	26.024880440704646	0.0
56.0	25.964949452146012	24.041709546582723	23.974211514014165	26.019129487257096	0.0
57.0	26.052042944358178	23.932974353852067	23.896047290855105	26.118935410934647	0.0
58.0	26.02086681740173	23.98200865061853	24.013790139263456	25.98333439271629	0.0
59.0	26.12105417684431	23.922380524303758	23.887874908060695	26.06869039079124	0.0
60.0	26.14647936776025	23.972020182758694	23.92328856683647	25.958211882644584	0.0
61.0	26.118330049246175	23.9526486087275	23.91390546066511	26.01511588136122	0.0
62.0	25.951855584915595	23.927526098655793	24.011671373353792	26.108946943074812	0.0
63.0	26.107433538853623	23.876978397668147	24.070391457135855	25.945196606342375	0.0
64.0	26.02177485993444	23.960215629833435	23.94689767268699	26.071111837545136	0.0
65.0	26.076862773585646	23.94689767268699	23.854882696038814	26.12135685768855	0.0
66.0	26.0780734969626	23.869411376562212	23.968085331783605	26.084429794691584	0.0
67.0	25.968805712192893	23.97474431035683	23.997445373674637	26.059004603775644	0.0
68.0	25.922798223868803	24.126992775008247	23.925710013590372	26.024498987532574	0.0
69.0	26.062939454750726	23.918142992484434	23.925710013590372	26.093207539174468	0.0
70.0	26.172733381358547	23.785799468494044	24.018863013118146	26.02260413702926	0.0
71.0	26.003232621631927	24.1877584129886	23.77006011223372	26.038948853145754	0.0
72.0	25.944210035655697	24.010085295203734	23.97921194253924	26.066492726601325	0.0
73.0	25.9187849216967	23.98829234038174	23.99676737836807	26.096155359553485	0.0
74.0	26.01443177897101	23.933809953326755	24.066081081899135	25.9856771858031	0.0
75.0	26.097668759193905	24.027943410960646	23.903541960518428	25.970845869327018	0.0
76.0	26.042883692210832	23.886894564473852	23.941679631456918	26.128542111858394	0.0
77.0	25.91212596327887	23.985265541100908	24.01734961347773	26.085258882142487	0.0
78.0	26.080416003293156	24.0070584959229	23.958024347573414	25.954501153210526	0.0
79.0	25.96146279155644	24.065778401971052	23.992832539302988	25.979926267169517	0.0
80.0	26.14791362725572	23.968315465128246	23.876906126847107	26.00686478076893	0.0
81.0	25.94753951486461	24.057606043912806	23.986173580885158	26.008680860337428	0.0
82.0	26.056728100416787	23.939185732922095	23.89862674532285	26.105459421338267	0.0
83.0	26.01435303874594	23.983679547676484	24.023027819227988	25.978939594349587	0.0
84.0	26.117869260827586	23.931618757623728	23.888335658917075	26.062176322631615	0.0
85.0	26.154190742259743	23.970058992139425	23.92253838726569	25.953211878335143	0.0
86.0	26.105762100350198	23.929802683552122	23.949476819327874	26.01495839676981	0.0
87.0	25.935656495642935	23.941304486005635	24.005169757523845	26.117869260827586	0.0
88.0	26.079429026311885	23.885914226821598	24.08840648580587	25.946250261060648	0.0
89.0	26.052490594249704	23.946450029208524	23.946450029208524	26.054609347333248	0.0
90.0	26.064597754727085	23.9479634242682	23.85927847377135	26.128160347233365	0.0
91.0	26.066111149786764	23.858673115747482	23.980350078545204	26.09486565592055	0.0
92.0	25.986203890636016	23.95643843660237	24.026357288359268	26.031000384402347	0.0
93.0	25.92930023639231	24.12109581909481	23.912549979871844	26.03705396464104	0.0
94.0	26.059149532512265	23.930710720587925	23.92586785639697	26.08427189050284	0.0
95.0	26.19951329362197	23.758414451063008	24.03597026490387	26.006101990411157	0.0
96.0	25.964029735096126	24.199719114727106	23.79927599399487	26.036975156181896	0.0
97.0	25.934669959804346	24.01478279819846	23.97815874860768	26.07238849338951	0.0
98.0	25.944052980773886	23.9917792629183	24.00297835246259	26.061189403845226	0.0
99.0	26.007615380890115	23.955155213327522	24.056855053513488	25.980374352268875	0.0
100.0	26.086614363891712	24.043839895394452	23.894619594169207	25.974926146544625	0.0
101.0	26.049082280013558	23.866470531260596	23.957879316189647	26.1265678725362	0.0
102.0	25.895927163543032	24.001464961983633	24.010545304857377	26.092062569615965	0.0
103.0	26.107499152501333	23.992384619109885	23.959695384764395	25.94042084362439	0.0
104.0	25.977650249406754	24.047169354448158	24.013572085815294	25.961608310329797	0.0
105.0	26.160770497360648	23.965143590488644	23.880696401762798	25.99338951038791	0.0
106.0	25.94889583030655	24.07289699259044	23.981790885757178	25.996416291345824	0.0
107.0	26.031448158966054	23.924814988573935	23.925420342933247	26.118316509526764	0.0
108.0	26.029934773067787	23.976572786294778	24.025606489398733	25.967885951238706	0.0
109.0	26.11589509208953	23.917248059082585	23.886072309578218	26.080784539249663	0.0
110.0	26.121948635682614	23.962952313210344	23.965071053467923	25.95002799763912	0.0
111.0	26.119224541065726	23.90574632625573	23.948726485766606	26.026302646911937	0.0
112.0	25.93822358763261	23.945094359610756	23.999878929128137	26.116803123628497	0.0
113.0	26.083508633866547	23.863371521104167	24.09219546892262	25.960924376106664	0.0
114.0	26.05293823872149	23.951147903203836	23.956898769617265	26.039015088457408	0.0
115.0	26.08199524796828	23.939040816017677	23.859436717768663	26.11952721824538	0.0
116.0	26.08895682310032	23.85156711109766	23.993825385535057	26.065650680266963	0.0
117.0	25.966675242520086	23.961438927312077	24.03983231684247	26.032053513325366	0.0
118.0	25.901599648894468	24.118831060732177	23.938132784478714	26.041436505894637	0.0
119.0	26.053846270260454	23.924209634214627	23.937224752939752	26.084719342585167	0.0
120.0	26.21404184221996	23.75599302629667	24.017809579156378	26.012155552326988	0.0
121.0	25.95616010460555	24.205772676642937	23.783839411109497	26.054227807642015	0.0
122.0	25.93436728170856	24.020231003922706	23.973315899075015	26.072085815293715	0.0
123.0	25.950106542689717	23.989357838151967	24.006307811516297	26.054227807642015	0.0
124.0	25.992481476100536	23.96695965906339	24.067751464961983	25.972807399874085	0.0
125.0	26.07178313719793	24.048985423022906	23.91580706087462	25.96342437890455	0.0
126.0	26.0512010266841	23.86737856554797	23.952431110465398	26.128989297302535	0.0
127.0	25.90742893118311	23.99359533149305	24.01902029153954	26.079955445784297	0.0
128.0	26.106591118213956	23.97604000193714	23.981790885757178	25.935577994091723	0.0
129.0	25.980071674173082	24.02840331250908	24.006610489612086	25.984914523705747	0.0
130.0	26.170153518330185	23.950009685699065	23.889474066540753	25.990362729429993	0.0
131.0	25.949882409203862	24.052993041409515	24.014552806893818	25.982571742492805	0.0
132.0	26.035316694008753	23.939863551888422	23.926848314980838	26.097971439121988	0.0
133.0	26.011404979690177	23.987989660453657	24.037326488731225	25.96327887112494	0.0
134.0	26.113408115454234	23.924426875556172	23.897791041884847	26.06437396710475	0.0
135.0	26.139438589269393	23.97588246333033	23.953181468724082	25.931497478676196	0.0
136.0	26.085258882142487	23.93623139275142	23.956510947932998	26.02199877717309	0.0
137.0	25.927562639611118	23.930177794189756	24.018863013118146	26.12339655308098	0.0
138.0	26.093431240200736	23.850875653031945	24.06456768225872	25.9911254245086	0.0
139.0	26.04984533055675	23.94712787016242	23.965591345775497	26.037435453505335	0.0
140.0	26.081021363149326	23.926848314980838	23.872063247997772	26.12006707387206	0.0
141.0	26.089496401135655	23.84663813403878	23.987081620669407	26.07678384415616	0.0
142.0	25.98658522558735	23.962867226422745	24.016744253621567	26.033803294368337	0.0
143.0	25.92983836793995	24.09770567225619	23.93244143107936	26.040014528724498	0.0
144.0	26.06483443307706	23.925479750590227	23.92669047763182	26.082995338700886	0.0
145.0	26.203541992681135	23.765735715647786	24.033004519052362	25.997717772618717	0.0
146.0	25.9850051002031	24.174054646330426	23.804176415571206	26.036763837895265	0.0
147.0	25.955342197899988	23.999104059277375	23.960360676677393	26.085193066145244	0.0
148.0	25.931127583774998	23.99335308842269	24.016659654517994	26.058859673284317	0.0
149.0	26.003850135299565	23.94923390782679	24.069096610549128	25.977819346324516	0.0
150.0	26.064768431216457	24.028004370764307	23.913286941887602	25.99394025613163	0.0
151.0	26.066584538269915	23.87060842613136	23.95838693371512	26.10442010188361	0.0
152.0	25.903134903458774	23.986233908534796	24.007421824158463	26.103209363847967	0.0
153.0	26.072940912957016	24.002276187507	23.973218474651688	25.9515644248843	0.0
154.0	25.979108715195064	24.018923835497024	24.023161418621754	25.978806030686158	0.0
155.0	26.166470426210058	23.917524525012336	23.88907218117484	26.02693286760277	0.0
156.0	25.940746301184102	24.056529529990073	23.99447901784633	26.00824515097949	0.0
157.0	26.018391277763993	23.91895245993934	23.932573386525576	26.130082875771095	0.0
158.0	26.03140682983528	23.972225417254382	24.05243754048442	25.94393021242592	0.0
159.0	26.10919745500554	23.93166532475316	23.888078359677216	26.07105886056409	0.0
160.0	26.136439308178005	23.97827916240382	23.94861581117158	25.936665718246594	0.0
161.0	26.08528516166526	23.91683364913704	23.962236737757813	26.035644451439882	0.0
162.0	25.92788778777991	23.93136263749569	24.01672044410274	26.124029130621658	0.0
163.0	26.111618953065314	23.83964839848172	24.081192829944246	25.967539818508723	0.0
164.0	26.03715788772724	23.909871842215185	23.981911409493485	26.07105886056409	0.0
165.0	26.076204543941113	23.92379545605889	23.888078359677216	26.111921640322787	0.0
166.0	26.107986705975648	23.835108089619645	24.006429077348702	26.050476127056005	0.0
167.0	25.978436559777705	23.950734621973886	24.029735996174033	26.041092822074376	0.0
168.0	25.958537773970637	24.095189376855856	23.906614644659218	26.039658204514293	0.0
169.0	26.08506143056485	23.90691733283289	23.911457655437946	26.09656358116432	0.0
170.0	26.206742076380333	23.77766948267564	24.029808731343056	25.985779709600966	0.0
171.0	26.004849064542203	24.17873131278888	23.81066249360571	26.005757129063213	0.0
172.0	25.94794368789217	23.994091526849953	23.96684959121962	26.091115194038256	0.0
173.0	25.934322720077002	23.976838300950742	24.04010012924785	26.0487388497244	0.0
174.0	26.005230467473027	23.95330112721417	24.061058443209475	25.980409962103323	0.0
175.0	26.062517593856604	24.05295864346447	23.899192120373762	25.985331642305166	0.0
176.0	26.07825747417298	23.868923119765352	23.963665091669668	26.089154314391998	0.0
177.0	25.910264520796318	23.987880292156394	24.002106722442345	26.099748464604943	0.0
178.0	26.078862854185143	23.980010351998207	23.96669199173051	25.974434802086137	0.0
179.0	26.00137421262762	23.996960992338916	24.044180633288033	25.95748416174543	0.0
180.0	26.169669856010362	23.89677060032509	23.895862530306836	26.037697013357707	0.0
181.0	25.930320549686712	24.05605835880982	24.01095741138723	26.002663680116235	0.0
182.0	26.029905863123165	23.907739806883193	23.9443654084814	26.117988921512243	0.0
183.0	26.016890153464296	23.973121046099827	24.06816599570179	25.941822804734088	0.0
184.0	26.109210884765567	23.92529588037655	23.88534067863305	26.08015255622484	0.0
185.0	26.147349940975268	23.954354208917277	23.95677573629567	25.94152011381179	0.0
186.0	26.09074673850531	23.90864787965009	23.943457335714502	26.057148046130095	0.0
187.0	25.954838514392954	23.92499318945425	23.997639010806065	26.122529285346737	0.0
188.0	26.120713139812935	23.806035656990645	24.08420861458365	25.989042588612765	0.0
189.0	26.040802736325936	23.917728607319066	23.972818355177527	26.068650301177463	0.0
190.0	26.077731028846447	23.92378242576505	23.88473529678845	26.113751248600053	0.0
191.0	26.125858885492026	23.822078275872506	23.99188788328238	26.060174955353087	0.0
192.0	26.005387898416927	23.954959590761874	24.009141265853437	26.030511244967762	0.0
193.0	25.978829732813914	24.06339577865962	23.905996022629243	26.051778465897225	0.0
194.0	26.099301084544855	23.882991442901723	23.91870907984708	26.098998392706335	0.0
195.0	26.204637844349804	23.794000042376855	24.027980833552785	25.973381279720552	0.0
196.0	26.00728276563479	24.167521771110486	23.796724268923537	26.02847119433119	0.0
197.0	25.994267016578434	23.963810163786555	23.970772076072514	26.071150743562498	0.0
198.0	25.92434520188032	23.98348513329035	24.037364280546903	26.054805384282425	0.0
199.0	25.998280705153043	23.94481305695467	24.083446338628438	25.97345989926385	0.0
200.0	26.051948916797585	24.04294669802611	23.931856775728516	25.973247609447792	0.0
201.0	26.068899967611387	23.87162000587233	23.95365098391769	26.105829042598593	0.0
202.0	25.911362556264887	23.978907666554665	24.00948065274839	26.10024912443205	0.0
203.0	26.092997490563125	23.975565531416393	23.982830487387734	25.94860649063275	0.0
204.0	26.00325108747968	23.987516308411355	24.03383068312189	25.975401920987075	0.0
205.0	26.16233135259983	23.90562707924044	23.907443340225036	26.024598227934696	0.0
206.0	25.95490788446054	24.056595206238306	24.000896030222858	25.9876008790783	0.0
207.0	26.02454426019095	23.905528210157957	23.957595461673055	26.112332067978034	0.0
208.0	26.029400190108316	23.973627012332823	24.045371710187744	25.951601087371117	0.0
209.0	26.125837036678252	23.899289199956407	23.888088347480714	26.086785415884624	0.0
210.0	26.14823874162963	23.948633495997964	23.954990736592276	25.948137025780127	0.0
211.0	26.095867188162213	23.918663647481928	23.951963479166412	26.033505685189446	0.0
212.0	25.975539611903248	23.903369357914812	24.011443102352192	26.109647927829744	0.0
213.0	26.15249085757187	23.817538931001913	24.078794410404207	25.951175801022014	0.0
214.0	26.02823911213906	23.93543269900279	23.98477848886844	26.051549699989707	0.0
215.0	26.106660854086062	23.91725549319141	23.880926864415503	26.09515678830703	0.0
216.0	26.106687657049438	23.837909842269383	24.006539311555812	26.048863189125367	0.0
217.0	25.990735975295937	23.968696073385605	24.02349308225606	26.017074869062395	0.0
218.0	25.97130513498212	24.078194869559162	23.92348843334756	26.027011562111152	0.0
219.0	26.08681172627391	23.9260553252942	23.899110205539795	26.088022742892093	0.0
220.0	26.192645967998306	23.798422622201365	24.02367580496223	25.9852556048381	0.0
221.0	26.02691614817506	24.16488789984407	23.824878514010628	25.98331743797024	0.0
222.0	25.9615297277167	23.983517065771267	23.96565348899876	26.08929971751327	0.0
223.0	25.910518077140843	23.987901138128674	24.03362006061542	26.067960724115068	0.0
224.0	26.03702402867939	23.931183993799053	24.08015211704292	25.951639860478636	0.0
225.0	26.037563319597055	24.07280126200158	23.929281888400062	25.9603535300013	0.0
226.0	26.04619898445803	23.903690044721394	23.948199487081663	26.101911483738917	0.0
227.0	25.86953954599544	23.957415498651066	24.07217322057403	26.100871734779464	0.0
228.0	26.07423915314437	23.997068949333396	23.982534813796526	25.94615708372571	0.0
229.0	25.971603588763763	24.05307446109498	24.027033819526242	25.948288130615015	0.0
230.0	26.1850906437264	23.8877331952557	23.924977819766298	26.002198341251603	0.0
231.0	25.948838138841957	24.06933013571701	24.012402875432254	25.96942885000878	0.0
232.0	26.018665439261618	23.903208614445425	23.926222459089864	26.151903487203093	0.0
233.0	26.027459483030114	23.9704207950774	24.051273044405143	25.950846677487345	0.0
234.0	26.11831825284349	23.91196385527575	23.891977663917054	26.07774022796371	0.0
235.0	26.121136323030196	23.978341908346785	23.9544186807097	25.94610308791332	0.0
236.0	26.078135078416707	23.910206133431046	23.989546457999595	26.022112330152652	0.0
237.0	25.941572108206977	23.931088156647558	24.018000175641014	26.109339559504452	0.0
238.0	26.13026216570617	23.846570828954818	24.08672030913567	25.936446696203337	0.0
239.0	26.023821276827707	23.9306015281231	24.017516179147147	26.028061015902047	0.0
240.0	26.085810939728827	23.92645468834705	23.882237856271068	26.10549651565306	0.0
241.0	26.092316079595363	23.833176848290275	24.025502014113943	26.049005058000425	0.0
242.0	26.003780077055417	23.94806028738278	24.04013908745063	26.008020548111173	0.0
243.0	25.971374479363877	24.076334721696327	23.942446043165468	26.00984475577433	0.0
244.0	26.055160379530555	23.940598378633833	23.937568920179828	26.06667232165578	0.0
245.0	26.20640345136819	23.786628371991565	24.055660583145496	25.951307593494754	0.0
246.0	25.985335110895647	24.15585989577021	23.8919524906072	25.966852502726944	0.0
247.0	25.94843886357025	24.014593231843303	24.000351498109183	26.036616406477265	0.0
248.0	25.897362081243656	24.00521220018485	24.071576842073362	26.02584887649813	0.0
249.0	25.99472711294282	23.934967726294737	24.14861056395648	25.921694596805967	0.0
