# Position (bp)	A	C	G	T	N
0.0	26.352464413074383	23.71888411440488	23.858893842528023	26.06975762999272	0.0
1.0	26.33768411547981	23.771286987694733	23.768868393542892	26.122160503282572	0.0
2.0	26.09105737372326	23.858826943695767	23.805083584359608	26.245032098221365	0.0
3.0	26.118418400935095	23.786325590143893	23.8706990366917	26.224556972229312	0.0
4.0	26.31805211484827	23.83214483392355	23.732461349139392	26.117341702088787	0.0
5.0	26.27118871762079	23.606696561711594	23.826744870241352	26.29536985042626	0.0
6.0	26.24815627779017	23.80893530247791	23.69260281186108	26.250305607870843	0.0
7.0	26.255766032727696	23.66699532269634	23.83624870037585	26.240989944200116	0.0
8.0	26.17872637644562	23.746188666066704	23.787827909038402	26.287257048449277	0.0
9.0	26.21973168857823	23.7133784996266	23.871603797407147	26.195286014388024	0.0
10.0	26.17235664033224	23.825628655010036	23.806556117583536	26.195458587074192	0.0
11.0	26.18471349556631	23.90460507759299	23.68406207439364	26.226619352447063	0.0
12.0	26.248646790038226	23.817032581803723	23.742622823111617	26.19169780504643	0.0
13.0	26.261272272559992	23.811391408762084	23.661497382227083	26.26583893645084	0.0
14.0	26.231723270913303	23.679764037790488	23.8476560926012	26.240856598695007	0.0
15.0	26.273629127794056	23.815152190789846	23.64564837225295	26.265570309163145	0.0
16.0	26.112452755175774	23.753367914619503	23.844701192436528	26.289478137768192	0.0
17.0	26.212113478911412	23.840671783121074	23.824554145859246	26.122660592108264	0.0
18.0	26.226350725159364	23.84362668328574	23.85222275649205	26.07779983506284	0.0
19.0	26.15382135748113	23.77324633390909	23.743428704974708	26.32950360363506	0.0
20.0	26.062756706951806	23.836642373805617	23.741011059385432	26.359589859857145	0.0
21.0	26.235752680228764	23.810585526898993	23.781305152540007	26.17235664033224	0.0
22.0	26.192235059621826	23.745577723276288	23.89735214082517	26.164835076276717	0.0
23.0	26.195458587074192	23.912126641648513	23.726236558562093	26.166178212715202	0.0
24.0	26.172893894907634	23.782648288978493	23.828046300599308	26.216411515514572	0.0
25.0	26.360127114432537	23.70877578486178	23.85410314750593	26.076993953199757	0.0
26.0	26.343740849883012	23.770022806456726	23.762501242401203	26.123735101259054	0.0
27.0	26.093648845036977	23.864848239013817	23.799034553528017	26.24246836242119	0.0
28.0	26.124003728546754	23.78748358015704	23.86350510257533	26.225007588720878	0.0
29.0	26.317146748400994	23.837179628381012	23.727848322288274	26.11782530092972	0.0
30.0	26.280882064561883	23.598369969618254	23.819987481968393	26.30076048385147	0.0
31.0	26.257440955880774	23.802194141791848	23.691788623127675	26.24857627919971	0.0
32.0	26.26093310123998	23.661971074291362	23.834160703156897	26.242935121311756	0.0
33.0	26.174435346958074	23.753304106762943	23.785002041561903	26.28725850471708	0.0
34.0	26.213923452173727	23.71784540003868	23.863709625427116	26.204521522360473	0.0
35.0	26.165769008636317	23.825500651417673	23.81233798503754	26.196392354908465	0.0
36.0	26.17678266826051	23.90367077216499	23.687964219037514	26.231582340536985	0.0
37.0	26.240984245094225	23.819322256994347	23.744375646380938	26.195317851530497	0.0
38.0	26.260862557586666	23.813412488415512	23.66459377056667	26.261131183431157	0.0
39.0	26.230776463003508	23.678562314480274	23.841349576242727	26.249311646273487	0.0
40.0	26.272950720588828	23.810726229970587	23.648476219897116	26.267846829543473	0.0
41.0	26.11956536338361	23.75001678911528	23.848065222355043	26.282352625146068	0.0
42.0	26.203645252709762	23.839737821175774	23.825500651417673	26.131116274696787	0.0
43.0	26.222180435979748	23.849676977422	23.846990718977075	26.081151867621184	0.0
44.0	26.15072596134474	23.784938148899307	23.739809007024565	26.324526882731387	0.0
45.0	26.062885310195693	23.84054369870925	23.737122748579644	26.35944824251541	0.0
46.0	26.23050783715901	23.812069359193046	23.78332639383235	26.17409640981559	0.0
47.0	26.1808120559279	23.74974816327079	23.905819778920932	26.163620001880382	0.0
48.0	26.182423810994855	23.917370690234108	23.732824735067762	26.167380763703274	0.0
49.0	26.169529770459217	23.791385169167125	23.825769277262165	26.21331578311149	0.0
50.0	26.35515022900353	23.713752300108794	23.85746712691228	26.073630343975395	0.0
51.0	26.33446603897761	23.77983425785395	23.77177548251917	26.11392422064927	0.0
52.0	26.086524384511034	23.86283964380213	23.810726229970587	26.23990974171625	0.0
53.0	26.12063986676158	23.793265550078573	23.86821216069198	26.217882422467863	0.0
54.0	26.307603454528362	23.842692705465193	23.73040710246733	26.119296737539116	0.0
55.0	26.281009495923602	23.597974561132524	23.821471263750286	26.299544679193588	0.0
56.0	26.251658760133882	23.808244642271926	23.6889750877061	26.251121509888094	0.0
57.0	26.265358641401576	23.65351657148383	23.8300032772265	26.251121509888094	0.0
58.0	26.168653597159018	23.749147115234805	23.796693761987395	26.28550552561878	0.0
59.0	26.21082774145369	23.72335910343679	23.868685294923523	26.197127860185997	0.0
60.0	26.16777742856606	23.829133390818953	23.813284551142054	26.189804629472935	0.0
61.0	26.17744790701298	23.90703446719693	23.687031082529476	26.228486543260615	0.0
62.0	26.238694270510145	23.826447146805922	23.74397945560579	26.190879127078148	0.0
63.0	26.2588411006079	23.81355317554336	23.65963139359653	26.267974330252216	0.0
64.0	26.237619772904928	23.671450867253878	23.839341118068482	26.251588241772705	0.0
65.0	26.266093959443086	23.818657039168123	23.63787281709096	26.27737618429783	0.0
66.0	26.117007416719716	23.744785328809698	23.847668474508886	26.290538779961693	0.0
67.0	26.208339713162864	23.843639108489338	23.821074658779853	26.126946519567944	0.0
68.0	26.2112945815772	23.85518995774538	23.85089196732453	26.08262349335289	0.0
69.0	26.14575022765918	23.788571106222147	23.736726596770595	26.328952069348077	0.0
70.0	26.059253170439494	23.84149011327891	23.739681465184933	26.35957525109666	0.0
71.0	26.227949294458007	23.817851165964214	23.7848103646039	26.16938917497388	0.0
72.0	26.175836160605158	23.750157816835767	23.90381097438129	26.170195048177785	0.0
73.0	26.183626268242953	23.922614682472528	23.723026752304126	26.170732296980393	0.0
74.0	26.16482256015172	23.78722798421563	23.829939264022865	26.218010191609785	0.0
75.0	26.352322392261467	23.708789659035048	23.858413450561024	26.080474498142465	0.0
76.0	26.330563815755898	23.78212412059087	23.767349778519183	26.119962285134058	0.0
77.0	26.088801854582865	23.863248689784484	23.801733701886015	26.24621575374664	0.0
78.0	26.11136630429235	23.794749467452124	23.867278055804032	26.226606172451493	0.0
79.0	26.304238624428166	23.844982230495855	23.730010986738012	26.120768158337963	0.0
80.0	26.28221142352129	23.598653654500666	23.82000016117464	26.2991347608034	0.0
81.0	26.253666713228103	23.809191227825117	23.68992231403183	26.24721974491495	0.0
82.0	26.260113681541252	23.661179580302363	23.831755616921143	26.24695112123524	0.0
83.0	26.16851300675857	23.742841178935606	23.798446280636533	26.290199533669288	0.0
84.0	26.20853793503605	23.721351284558438	23.872049168878334	26.19806161152718	0.0
85.0	26.1636074988785	23.83222884527049	23.808590024955073	26.19557363089594	0.0
86.0	26.17999349932441	23.900727699593574	23.69657425141497	26.222704549667043	0.0
87.0	26.250372714354402	23.82202117286156	23.74089703950638	26.186709073277658	0.0
88.0	26.259774517888946	23.81369386115954	23.654937692904863	26.271593928046656	0.0
89.0	26.233718090950358	23.672935431099553	23.840824779930642	26.252521698019443	0.0
90.0	26.2656842229678	23.823632910610336	23.643118282747153	26.26756458367471	0.0
91.0	26.11901608782896	23.73901667879947	23.84055615697251	26.301411076399056	0.0
92.0	26.207393041053646	23.837601304433083	23.828468123856673	26.126537530656595	0.0
93.0	26.219212451211355	23.854524550795258	23.85183832121396	26.074424676779422	0.0
94.0	26.15071359688827	23.795964745922976	23.7266600227255	26.32666163446325	0.0
95.0	26.064217004370494	23.837332681474955	23.735524580343785	26.362925733810766	0.0
96.0	26.225659402206468	23.823901533568467	23.78253359801649	26.167905466208573	0.0
97.0	26.181605237073192	23.746269498668973	23.90583153579804	26.166293728459795	0.0
98.0	26.178381761575636	23.925441011741512	23.72800313751615	26.16817408916671	0.0
99.0	26.165487859585408	23.79327851634168	23.829005369772933	26.21222825429998	0.0
100.0	26.35862776648069	23.710005399321457	23.85533041966965	26.076036414528204	0.0
101.0	26.335794815039666	23.78199635210023	23.76722208940309	26.114986743457013	0.0
102.0	26.087587201727786	23.860702878832242	23.79945684437866	26.252253075061315	0.0
103.0	26.11337500570824	23.79112953267664	23.869567436450524	26.225928025164595	0.0
104.0	26.307589404436037	23.84001891105625	23.730152121181188	26.12223956332652	0.0
105.0	26.2882485514507	23.600944478320784	23.81181350045263	26.298993469775887	0.0
106.0	26.25836086711258	23.808794692024605	23.695973352674134	26.23687108818868	0.0
107.0	26.267225400918687	23.660515217449703	23.821957181615495	26.25030220001612	0.0
108.0	26.171864506943887	23.74217637736052	23.791602868885487	26.294356246810114	0.0
109.0	26.214306820318583	23.723641443038655	23.872726784323206	26.189324952319552	0.0
110.0	26.1637355582358	23.832906672827054	23.81249143768921	26.190866331247936	0.0
111.0	26.18844873761319	23.89549548581544	23.693223485041813	26.222832291529556	0.0
112.0	26.2593648175657	23.818401111018588	23.74453019440139	26.177703877014324	0.0
113.0	26.25855895302078	23.818669732533557	23.656959580520642	26.265811733925016	0.0
114.0	26.23626336727814	23.680061030808204	23.83371253737197	26.249963064541692	0.0
115.0	26.262051032715416	23.826728377982707	23.645946098406807	26.265274490895074	0.0
116.0	26.130963733409263	23.734053955317496	23.84015945373129	26.29482285754195	0.0
117.0	26.21369916002052	23.83586150949174	23.823504919803046	26.126934410684687	0.0
118.0	26.214505024565437	23.854665015539755	23.85224742190501	26.078582537989796	0.0
119.0	26.14090272946321	23.801209334060403	23.728950146533037	26.328937789943346	0.0
120.0	26.06756905587596	23.84203980433609	23.728144281988122	26.362246857799825	0.0
121.0	26.21826572577504	23.825116648892877	23.778107883772844	26.178509741559242	0.0
122.0	26.180658713679012	23.74748503106608	23.906508967929277	26.16534728732563	0.0
123.0	26.175554904894554	23.939549414270786	23.723577716233603	26.161317964601054	0.0
124.0	26.168839367020265	23.793956553156168	23.82565389192282	26.21155018790075	0.0
125.0	26.348547160536278	23.70799766836525	23.85869433826433	26.084760832834146	0.0
126.0	26.332161248123008	23.775153047108155	23.77327269650335	26.119413008265486	0.0
127.0	26.07999570204422	23.86090740591506	23.805033980712924	26.254062911327804	0.0
128.0	26.11975179305343	23.78623042415451	23.87406989550595	26.21994788728611	0.0
129.0	26.30107180272383	23.84559593843178	23.72095522067317	26.132377038171217	0.0
130.0	26.280119268273026	23.608671125795794	23.817390603594166	26.293819002337017	0.0
131.0	26.248492353647496	23.805903795373776	23.698454612121882	26.24714923885685	0.0
132.0	26.262729370428374	23.664070873481272	23.82551327131725	26.24768648477311	0.0
133.0	26.166364017320852	23.728066876551303	23.790924817604523	26.31464428852332	0.0
134.0	26.21417903231006	23.717859176722147	23.87634714775377	26.191614643214027	0.0
135.0	26.1565654666287	23.83456990431573	23.808781892517715	26.20008273653785	0.0
136.0	26.18960635674491	23.892592930861266	23.699988717744837	26.217811994648986	0.0
137.0	26.247092133044653	23.818721022064867	23.751564741340868	26.182622103549612	0.0
138.0	26.25864301332918	23.8165720210817	23.65163619562356	26.27314876996556	0.0
139.0	26.22828837444193	23.674737956192615	23.840211031896548	26.256762637468906	0.0
140.0	26.260254764066556	23.823019024031204	23.640622565584824	26.276103646317416	0.0
141.0	26.123793201635394	23.74216286203951	23.832689528455457	26.301354407869642	0.0
142.0	26.21600204155642	23.832216297529985	23.830067290774046	26.121714370139554	0.0
143.0	26.204719756087734	23.84349858299867	23.86418277302459	26.087598887889	0.0
144.0	26.135145662364177	23.79514593099002	23.73739137442413	26.33231703222167	0.0
145.0	26.05872729763635	23.8382541375318	23.732414986179126	26.37060357865273	0.0
146.0	26.226619352447063	23.820256109256093	23.776738488649155	26.176386049647693	0.0
147.0	26.189081883189797	23.74510425453041	23.893118287657618	26.172695574622175	0.0
148.0	26.17384039692581	23.94261015792683	23.72582677207658	26.157722673070776	0.0
149.0	26.162020732765452	23.796476128307827	23.82763706109423	26.21386607783249	0.0
150.0	26.351135359331224	23.709709048221544	23.859066622611554	26.08008896983568	0.0
151.0	26.33179409070518	23.772836799987108	23.770150512677933	26.125218596629786	0.0
152.0	26.071831515607368	23.855907161661204	23.81104604308816	26.261215279643256	0.0
153.0	26.11642400472788	23.787943910170313	23.876591629506258	26.21904045559555	0.0
154.0	26.305807768763767	23.849191425347875	23.724010100467417	26.120990705420944	0.0
155.0	26.280556600225648	23.60769354752055	23.807016601300166	26.304733250953632	0.0
156.0	26.248928837180564	23.805200142911254	23.6953304016827	26.250540618225482	0.0
157.0	26.265852538152203	23.663900671306806	23.821855213708734	26.248391576832258	0.0
158.0	26.170290497450694	23.729241547528865	23.793175700723694	26.307292254296748	0.0
159.0	26.216763642420045	23.716615895427363	23.884510205287732	26.18211025686486	0.0
160.0	26.159954439955303	23.83762786899338	23.807541047021406	26.194876644029915	0.0
161.0	26.19621980572509	23.894040660190836	23.695252729304563	26.214486804779508	0.0
162.0	26.24349909739534	23.820166766956074	23.75408321155334	26.182250924095246	0.0
163.0	26.258273876042292	23.824733516719675	23.64931659932949	26.267676007908534	0.0
164.0	26.23678328891945	23.669732657096194	23.84300051577409	26.25048353821026	0.0
165.0	26.26203472878879	23.830106163500385	23.64098899681939	26.26687011089143	0.0
166.0	26.123689074185506	23.74575560904324	23.837090604315307	26.293464712455943	0.0
167.0	26.219929886771165	23.833931041893326	23.82560341701253	26.12053565432298	0.0
168.0	26.200588306402867	23.844407731259487	23.868584706719854	26.086419255617788	0.0
169.0	26.13933996856993	23.800620542370147	23.737491773112517	26.322547715947405	0.0
170.0	26.067486360083063	23.837282708265615	23.731172079204196	26.364058852447126	0.0
171.0	26.22732388993507	23.82411961757192	23.775496772356437	26.17305972013657	0.0
172.0	26.19032268463299	23.74842848393024	23.890267883046967	26.1709809483898	0.0
173.0	26.175886700102886	23.94217879871377	23.733448667700017	26.14848583348332	0.0
174.0	26.165409898160114	23.798727202881924	23.821023986503732	26.21483891245423	0.0
175.0	26.35157460960481	23.718136418706735	23.856752567488066	26.073536404200393	0.0
176.0	26.337874176295028	23.772938151945862	23.764073165686593	26.125114506072517	0.0
177.0	26.076292813969104	23.85466756212223	23.816252518468772	26.25278710543989	0.0
178.0	26.117662860980523	23.787777031564808	23.87696440564137	26.217595701813295	0.0
179.0	26.29764942914708	23.85466756212223	23.72948287441236	26.118200134318336	0.0
180.0	26.289053055742105	23.60322364002686	23.807656145063802	26.300067159167227	0.0
181.0	26.25258899285156	23.803421903081002	23.693817847730955	26.250171256336486	0.0
182.0	26.26199130152129	23.668834570408517	23.825987443888366	26.243186684181826	0.0
183.0	26.173679912316523	23.730684919730933	23.795963981001915	26.299671186950636	0.0
184.0	26.221497496292795	23.70811931830393	23.887032301046617	26.183350884356667	0.0
185.0	26.161463118475414	23.839611439746832	23.801195983301366	26.19772945847638	0.0
186.0	26.19719217936526	23.892802071748253	23.697232475298595	26.212773273587896	0.0
187.0	26.23963722914417	23.823224426857507	23.75633317752239	26.180805166475935	0.0
188.0	26.267844382478255	23.816239798412877	23.64860871574174	26.267307103367127	0.0
189.0	26.236413554477416	23.66741348463113	23.841491916635775	26.25468104425568	0.0
190.0	26.265426626478188	23.829940415746577	23.63571401707473	26.2689189407005	0.0
191.0	26.123584941141075	23.74343847885538	23.836656404635644	26.296320175367903	0.0
192.0	26.215261454149818	23.83134763395076	23.827855310346678	26.12553560155274	0.0
193.0	26.19215839030746	23.849615172802856	23.866808150546014	26.09141828634367	0.0
194.0	26.135743932087742	23.800991282623006	23.739204018858548	26.324060766430712	0.0
195.0	26.068723924962995	23.83684851024734	23.73342144781769	26.36100611697198	0.0
196.0	26.225073406350152	23.81992408184976	23.776404123113128	26.178598388686957	0.0
197.0	26.191832195184855	23.751215607051325	23.882044476442744	26.174907721321077	0.0
198.0	26.165306884518362	23.94309063214423	23.732743034754368	26.158859448583044	0.0
199.0	26.16799331615808	23.797486037271554	23.81736563140546	26.217155015164906	0.0
200.0	26.351745240314745	23.718773590227837	23.85470703119753	26.074774138259894	0.0
201.0	26.33777579578821	23.777875086301616	23.753965844708134	26.13038327320204	0.0
202.0	26.080485708145286	23.85315925209542	23.810713518160327	26.255641521598967	0.0
203.0	26.12293144208038	23.788684719535784	23.877874489576616	26.21050934880722	0.0
204.0	26.292177090049428	23.849666881581776	23.73495594240275	26.12320008596604	0.0
205.0	26.280356759080163	23.608693316140126	23.80372877713303	26.307221147646683	0.0
206.0	26.25087645303152	23.804061369174107	23.700901839946916	26.24416033784746	0.0
207.0	26.255712055964043	23.674574668425393	23.822329202474755	26.24738407313581	0.0
208.0	26.17196524804023	23.735889404090933	23.794722731155872	26.29742261671296	0.0
209.0	26.229186703130793	23.71090538848801	23.88606214303752	26.17384576534368	0.0
210.0	26.160016763558602	23.841326470303787	23.799417573797268	26.199239192340347	0.0
211.0	26.20111971974769	23.892638003847022	23.69169021803372	26.21455205837157	0.0
212.0	26.243834556571638	23.809088857606465	23.758045970835706	26.18903061498619	0.0
213.0	26.256729601650562	23.821715255912913	23.65246778925198	26.26908735318454	0.0
214.0	26.23899891466704	23.670467123007985	23.83622218162671	26.254311780698263	0.0
215.0	26.26586359191481	23.825476310727602	23.634737102268453	26.273922995089137	0.0
216.0	26.122674862184205	23.744613632211824	23.821983902685393	26.310727602918575	0.0
217.0	26.217846253039074	23.82607761226107	23.82043601488307	26.135640119816784	0.0
218.0	26.193936626056118	23.841390519429932	23.8677179738606	26.09695488065335	0.0
219.0	26.142087659677355	23.79115343801631	23.730976399317637	26.335782502988703	0.0
220.0	26.067812364836	23.831309959084766	23.729492011723842	26.37138566435539	0.0
221.0	26.229270376350293	23.825668331394585	23.76925205449275	26.175809237762373	0.0
222.0	26.186894195018162	23.742719594231552	23.882686066754065	26.187700143996217	0.0
223.0	26.172726076011937	23.9324505481811	23.729619510465273	26.165203865341685	0.0
224.0	26.165741166103846	23.791140447732726	23.815318982029975	26.227799404133457	0.0
225.0	26.355945635908885	23.719410795984214	23.847288377378565	26.07735519072834	0.0
226.0	26.338752011519727	23.782543635538147	23.741977427994982	26.136726924947144	0.0
227.0	26.080380409961585	23.852725465438034	23.80087580259517	26.266018322005213	0.0
228.0	26.11691695994412	23.789055154071406	23.871799693737746	26.222228192246728	0.0
229.0	26.29986836095962	23.84547188566209	23.736130886817293	26.118528866560997	0.0
230.0	26.28589850361336	23.60637240415872	23.801413104800794	26.306315987427126	0.0
231.0	26.25399955403797	23.806850084222347	23.695090925210017	26.244059436529664	0.0
232.0	26.263133716072634	23.66795709093058	23.820282675449793	26.24862651754699	0.0
233.0	26.175892195106226	23.727930193322372	23.79482467734829	26.30135293422311	0.0
234.0	26.22559291616966	23.706975294711842	23.88106214470701	26.18636964441149	0.0
235.0	26.16340610274403	23.836325243266188	23.79978830065605	26.200480353333727	0.0
236.0	26.1953759275279	23.900264892833924	23.68561035499938	26.218748824638794	0.0
237.0	26.24158441377013	23.81805677196112	23.749012696587556	26.191346117681192	0.0
238.0	26.24991268745332	23.82450446771585	23.659282264000904	26.266300580829927	0.0
239.0	26.23701729594386	23.672446309500142	23.83901178316399	26.251524611392004	0.0
240.0	26.26265068656925	23.8331278058531	23.63995884077128	26.26426266680637	0.0
241.0	26.117409994626545	23.74986566362171	23.822944653412144	26.309779688339603	0.0
242.0	26.218483330825613	23.825043526857684	23.821013262257377	26.135459880059326	0.0
243.0	26.196502654715076	23.843264332237055	23.864760000859828	26.09547301218804	0.0
244.0	26.14454075956986	23.79580715717518	23.733468043142967	26.326184040111993	0.0
245.0	26.062514779542962	23.83644689038416	23.741051658533436	26.35998667153944	0.0
246.0	26.229102899325756	23.82504615434227	23.76726924844338	26.178581697888593	0.0
247.0	26.183284063423812	23.740123622682074	23.8806772373018	26.195915076592314	0.0
248.0	26.16468766965711	23.931798513198988	23.735869746340782	26.16764407080312	0.0
249.0	26.163881378435473	23.797954170406964	23.814617522320827	26.22354692883674	0.0
