# Position (bp)	A	C	G	T	N
0.0	26.28742250023506	23.83342459086208	23.7692677827739	26.10988512612897	0.0
1.0	26.281338664985316	23.80189926274978	23.64620838794958	26.270553684315317	0.0
2.0	26.241956491080586	23.797172224419082	23.68600795847655	26.274863326023777	0.0
3.0	26.1878361376488	23.777737836828937	23.76667726638001	26.26774875914225	0.0
4.0	26.220193328614407	23.77455317642895	23.73197221730667	26.273281277649975	0.0
5.0	26.222673195331875	23.724656954770285	23.78797136750837	26.26469848238947	0.0
6.0	26.127632986737957	23.74422533030696	23.89489893809665	26.233242744858437	0.0
7.0	26.3783990003428	23.85492806670279	23.674956596742266	26.09171633621214	0.0
8.0	26.254855073465382	23.75634096783557	23.709345238917994	26.279458719781058	0.0
9.0	26.335852540676814	23.58011245210834	23.77333768251353	26.310697324701316	0.0
10.0	26.33366964742305	23.710696170165715	23.70185064890191	26.253783533509324	0.0
11.0	26.213702265282713	23.828728594529597	23.665086451149225	26.292482689038465	0.0
12.0	26.147084433264688	23.752159551089797	23.727005099995853	26.373750915649662	0.0
13.0	26.17887302530648	23.796940002487805	23.797769270106283	26.22641770209943	0.0
14.0	26.17140961674015	23.869915552914183	23.785053833289567	26.1736209970561	0.0
15.0	26.22005998369107	23.76459856536702	23.757964424419168	26.257377026522743	0.0
16.0	26.212320152585246	23.795557889790334	23.817395270410348	26.174726687214072	0.0
17.0	26.27866156206377	23.805509101212113	23.72672867745636	26.189100659267755	0.0
18.0	26.194629110057633	23.822647298660733	23.812696087238955	26.170027504042682	0.0
19.0	26.157312067225963	23.751883128550304	23.755476621563723	26.33532818266001	0.0
20.0	26.153718574212544	23.77593188948627	23.83536273547745	26.23498680082374	0.0
21.0	26.319848520448357	23.768192058380443	23.704062029217862	26.20789739195334	0.0
22.0	26.288612773485546	23.63550923942338	23.80467983359363	26.271198153497437	0.0
23.0	26.22993868965022	23.749882520745455	23.77807754183644	26.242101247767895	0.0
24.0	26.306711225733693	23.73240234736723	23.700337510054815	26.260548916844268	0.0
25.0	26.294548701235875	23.82942612233841	23.771101288951176	26.104923887474534	0.0
26.0	26.28210975572675	23.798743390082567	23.645053307792033	26.274093546398646	0.0
27.0	26.240370183018353	23.78906865468658	23.697020457919045	26.273540704376018	0.0
28.0	26.179004718506665	23.771101288951176	23.768889920860666	26.281004071681497	0.0
29.0	26.202500504468347	23.769719183894605	23.74871118703475	26.2790691246023	0.0
30.0	26.223784922339515	23.720792664892045	23.790174338731838	26.265248074036602	0.0
31.0	26.133671672651182	23.73682508354825	23.888856639770903	26.240646604029667	0.0
32.0	26.370288058335888	23.839653699757026	23.695361931851163	26.09469631005592	0.0
33.0	26.253638391561417	23.75949160647599	23.704483825224525	26.282386176738065	0.0
34.0	26.33297122180851	23.590874789574507	23.76004444849862	26.316109540118365	0.0
35.0	26.326613538548294	23.717752033767592	23.70835371938292	26.2472807083012	0.0
36.0	26.21411018694353	23.836060226609945	23.655280885210647	26.294548701235875	0.0
37.0	26.146939881194246	23.750646134113946	23.73820718860482	26.364206796086986	0.0
38.0	26.17817545547272	23.801507600195706	23.793214969856287	26.227101974475286	0.0
39.0	26.162143036816516	23.877799799318346	23.79183286479972	26.168224299065418	0.0
40.0	26.213833765932215	23.766125710747527	23.76502002670227	26.255020496617988	0.0
41.0	26.216874397056667	23.793214969856287	23.81394654570483	26.17596408738221	0.0
42.0	26.273264283364707	23.801507600195706	23.72963813725409	26.195589979185495	0.0
43.0	26.197801347276013	23.818645702897168	23.811458756603006	26.172094193223817	0.0
44.0	26.162143036816516	23.74235350377453	23.76280865861176	26.332694800797196	0.0
45.0	26.155785353556293	23.769719183894605	23.838824436723083	26.23567102582601	0.0
46.0	26.315280277084423	23.77414192007563	23.704483825224525	26.206093977615424	0.0
47.0	26.284044702805947	23.634825730373418	23.810353072557753	26.270776494262883	0.0
48.0	26.22011897127441	23.752515424249797	23.771864841555914	26.25550076291988	0.0
49.0	26.297720368522455	23.732271145399412	23.701588582769666	26.268419903308466	0.0
50.0	26.28859852557848	23.83482277364838	23.776221843220398	26.100356857552747	0.0
51.0	26.272289776072576	23.800270338254524	23.655150109600324	26.272289776072576	0.0
52.0	26.239395857577623	23.784238008231775	23.696060193106653	26.280305941083952	0.0
53.0	26.179965668700195	23.754661123534632	23.785067266681224	26.280305941083952	0.0
54.0	26.18964035061047	23.77345764838889	23.75106767025367	26.285834330746972	0.0
55.0	26.218940815824464	23.713198201062003	23.80358737205233	26.2642736110612	0.0
56.0	26.132145098115096	23.72149078555653	23.893976543042662	26.252387573285716	0.0
57.0	26.36848375620907	23.837863387963036	23.694954515174047	26.098698340653844	0.0
58.0	26.263997191578053	23.744986441624352	23.706840552949533	26.284175813848066	0.0
59.0	26.339736129961384	23.58438672191371	23.75659605991669	26.319281088208225	0.0
60.0	26.328126511669048	23.717897332275566	23.706564133466383	26.247412022589	0.0
61.0	26.2147945235772	23.841456841244	23.641881974409085	26.30186666076972	0.0
62.0	26.16310408022799	23.73779953506243	23.733376823332016	26.365719561377567	0.0
63.0	26.179412829733888	23.795018368074654	23.796124046007257	26.229444756184193	0.0
64.0	26.17277876213827	23.86439965834552	23.79004281737794	26.17277876213827	0.0
65.0	26.218940815824464	23.745815700073805	23.768758517175325	26.266484966926406	0.0
66.0	26.21728229892556	23.795018368074654	23.807180825333294	26.180518507666495	0.0
67.0	26.271184098139972	23.802758113602877	23.733100403848866	26.192957384408285	0.0
68.0	26.20180280786911	23.824318833288647	23.815196990344667	26.15868136849758	0.0
69.0	26.170014567306758	23.743051505242295	23.76018951319765	26.326744414253294	0.0
70.0	26.152876559351405	23.77069345355738	23.84449745555866	26.231932531532554	0.0
71.0	26.32149244407343	23.778986038051904	23.704352777601176	26.195168740273488	0.0
72.0	26.284452233331212	23.63828852112812	23.813814892928914	26.26344435261175	0.0
73.0	26.231030765403435	23.749343505542196	23.77118058434917	26.2484451447052	0.0
74.0	26.296745731415726	23.737944721937357	23.697034864596663	26.268274682050247	0.0
75.0	26.293705133910677	23.83358533436898	23.76061099424774	26.1120985374726	0.0
76.0	26.280437072070455	23.794886820668324	23.640922019730716	26.283754087530507	0.0
77.0	26.231511094034627	23.78631786406318	23.698416954371687	26.283754087530507	0.0
78.0	26.174292577348655	23.756464724922672	23.787147117928193	26.28209557980048	0.0
79.0	26.190877654648936	23.7642044276628	23.759228904472717	26.285689013215542	0.0
80.0	26.21990153992443	23.712237852121923	23.809813390238578	26.258047217715074	0.0
81.0	26.127301524997858	23.73158710897225	23.89854355379508	26.242567812234814	0.0
82.0	26.36667947403192	23.836625931874032	23.698140536416684	26.09855405767737	0.0
83.0	26.25003109701994	23.747066514452513	23.713619941896948	26.2892824466306	0.0
84.0	26.332956483521343	23.58923186214484	23.763098755842783	26.31471289849103	0.0
85.0	26.324111108961194	23.711685016211913	23.71500203167197	26.249201843154925	0.0
86.0	26.21934870401442	23.830544736863928	23.649214558380855	26.3008920007408	0.0
87.0	26.162683023238458	23.73518054238731	23.739050393757378	26.363086040616857	0.0
88.0	26.19585317783902	23.7993095079484	23.780789504963085	26.224047809249495	0.0
89.0	26.175121831213666	23.86233280168947	23.79543965657833	26.167105710518534	0.0
90.0	26.211056165364276	23.745408006722485	23.769732786762898	26.27380304115034	0.0
91.0	26.22128362969945	23.797927418173376	23.80760204659854	26.173186905528635	0.0
92.0	26.2773964745654	23.79543965657833	23.734074870567294	26.19308899828897	0.0
93.0	26.195023923974002	23.833308916413976	23.818105928888716	26.153561230723305	0.0
94.0	26.180097354403753	23.733798452612287	23.765862935392832	26.320241257591125	0.0
95.0	26.156601828228354	23.768350696987874	23.839666529379084	26.23538094540469	0.0
96.0	26.320241257591125	23.780236669053075	23.702839641651764	26.196682431704033	0.0
97.0	26.2892824466306	23.630970973350546	23.80483786704849	26.27490871297036	0.0
98.0	26.23199142001039	23.741472529659564	23.770772751898985	26.255763298431056	0.0
99.0	26.30212868290337	23.723163420155732	23.7021557717132	26.272552125227698	0.0
100.0	26.291348442255224	23.835388489467153	23.762967385625792	26.11029568265183	0.0
101.0	26.279738952326458	23.800283603253973	23.63940924281248	26.280568201607085	0.0
102.0	26.23827648829515	23.78784486404458	23.69496894461444	26.278909703045834	0.0
103.0	26.175806375821303	23.7516343121239	23.792267526874586	26.28029178518021	0.0
104.0	26.186310200042566	23.764625884187048	23.76379663490642	26.285267280863966	0.0
105.0	26.223073584816998	23.716253009483847	23.817697838147126	26.24297556755203	0.0
106.0	26.132961829655617	23.731455912961998	23.893712355537865	26.241869901844527	0.0
107.0	26.373996953890977	23.830412993783394	23.704367103128206	26.091222949197423	0.0
108.0	26.256243556042048	23.75771547351516	23.708513349531334	26.277527620911457	0.0
109.0	26.33225807343279	23.58716653813303	23.761032470637666	26.319542917796518	0.0
110.0	26.325624079187776	23.70989543166571	23.717911508045102	26.246568981101408	0.0
111.0	26.23164249405014	23.81493367387837	23.65765272698626	26.29577110508523	0.0
112.0	26.171107296564422	23.736431408645753	23.741683320756383	26.35077797403344	0.0
113.0	26.190732862872572	23.801389268961476	23.783975034068323	26.223902834097622	0.0
114.0	26.168343132295668	23.86994054282658	23.79751943898522	26.164196885892533	0.0
115.0	26.21809808913324	23.747764482147645	23.767113632028924	26.267023796690193	0.0
116.0	26.225008499805124	23.789226946178957	23.81272234246337	26.17304221155255	0.0
117.0	26.283608782302714	23.795031691143343	23.7347729100845	26.18658661646944	0.0
118.0	26.19404985999508	23.82516108167276	23.820185585989005	26.16060347234315	0.0
119.0	26.178017707236307	23.7347729100845	23.771259878432055	26.315949504247136	0.0
120.0	26.164749718746283	23.761032470637666	23.84036398515091	26.233853825465143	0.0
121.0	26.323412747772775	23.769877796297678	23.704367103128206	26.202342352801345	0.0
122.0	26.29107202582835	23.62503558861496	23.816039339585874	26.267853045970817	0.0
123.0	26.235861260683524	23.737049854604557	23.77021991751711	26.25686896719481	0.0
124.0	26.295087223685705	23.728822929422204	23.710302926436892	26.265786920455202	0.0
125.0	26.289006028675598	23.832756080503962	23.770838458582915	26.10739943223752	0.0
126.0	26.28209557980048	23.803179359318463	23.63539366063062	26.279331400250435	0.0
127.0	26.243949902009835	23.7816187588281	23.688465907991517	26.28596543117055	0.0
128.0	26.172634069618628	23.74983069400256	23.799862343858408	26.277672892520403	0.0
129.0	26.191226469856538	23.763993697653206	23.759294579428918	26.285485253061335	0.0
130.0	26.226884484617297	23.71534400309589	23.815131160682203	26.242640351604614	0.0
131.0	26.138706913232163	23.730270613925974	23.894463333056915	26.236559139784948	0.0
132.0	26.38002045498521	23.827570003040606	23.704840091771015	26.08756945020317	0.0
133.0	26.25535561268209	23.74989634298035	23.716173259253118	26.278574785084448	0.0
134.0	26.334687785056804	23.58100450562512	23.770074909472868	26.314232799845204	0.0
135.0	26.33385852889958	23.704840091771015	23.710644884871606	26.250656494457804	0.0
136.0	26.218868341764107	23.82342372225447	23.6561903972137	26.301517538767726	0.0
137.0	26.169665809768638	23.741603781408077	23.73883959421732	26.349890814605963	0.0
138.0	26.186527351632254	23.79218840699892	23.795781850346906	26.22550239102192	0.0
139.0	26.163031760510826	23.871796998092712	23.798822456256737	26.166348785139732	0.0
140.0	26.220250435359482	23.746579318351436	23.76427011637228	26.2689001299168	0.0
141.0	26.22412029742654	23.784725101583877	23.818171766592034	26.172982834397544	0.0
142.0	26.286038090499485	23.789700638527243	23.73441689471211	26.189844376261163	0.0
143.0	26.199519031428807	23.830887027669515	23.821212372501865	26.148381568399813	0.0
144.0	26.187356607789482	23.73386405727396	23.769798490753793	26.308980844182766	0.0
145.0	26.167730878735107	23.773944771539927	23.835862564612874	26.22246178511209	0.0
146.0	26.327777317079914	23.7617823479006	23.707880697680846	26.20255963733864	0.0
147.0	26.29440333472464	23.629166678184145	23.823489574839193	26.25294041225202	0.0
148.0	26.23974480882776	23.740905773866125	23.771312001061453	26.248037416244664	0.0
149.0	26.297312911349017	23.72493898006175	23.708906561405545	26.268841547183687	0.0
150.0	26.291231649100112	23.828873280315783	23.761979395577818	26.117915675006287	0.0
151.0	26.278792703590987	23.803718968286216	23.643118360712833	26.27436996740996	0.0
152.0	26.251427023470907	23.775800446143514	23.69923182600956	26.273540704376018	0.0
153.0	26.17872829749535	23.74456487186504	23.800678337161767	26.27602849347785	0.0
154.0	26.18184130073031	23.761215813536925	23.770890575675992	26.28605231005678	0.0
155.0	26.228556580773205	23.70537861490577	23.82423997832853	26.241824825992495	0.0
156.0	26.13816666021683	23.736061431975365	23.90025596656402	26.22551594124379	0.0
157.0	26.385011305650615	23.826174930756345	23.69763880519452	26.091174958398522	0.0
158.0	26.26614994222785	23.74269555458501	23.713947689943225	26.277206813243918	0.0
159.0	26.337190338506105	23.57794817644555	23.772272684553	26.312588800495345	0.0
160.0	26.343271617564945	23.70510219313037	23.712565581066215	26.239060608238475	0.0
161.0	26.23159722030263	23.811800998435455	23.660874709066082	26.29572707219584	0.0
162.0	26.174377912794462	23.73302079244595	23.75126462962246	26.34133666513713	0.0
163.0	26.193727437072585	23.79272789593273	23.79549211368675	26.218052553307942	0.0
164.0	26.174930756345262	23.860451230906165	23.800467705643978	26.164150307104595	0.0
165.0	26.22385741059138	23.74435408523742	23.771719841002195	26.26006866316901	0.0
166.0	26.229662267874815	23.7877523039755	23.810418889558445	26.172166538591245	0.0
167.0	26.286605153607578	23.78498808622148	23.738549227953982	26.18985753221696	0.0
168.0	26.19925587258062	23.823687134777728	23.83170336626438	26.145353626377272	0.0
169.0	26.18736973623834	23.733297214221345	23.77669543295943	26.30263761658088	0.0
170.0	26.178247817650085	23.771719841002195	23.83667895822161	26.21335338312611	0.0
171.0	26.327515576367045	23.757898752232105	23.709801363312195	26.20478430808865	0.0
172.0	26.29165342141998	23.62832225339654	23.816289580252374	26.2637347449311	0.0
173.0	26.239205669994803	23.744485355093374	23.770192722327263	26.246116252584557	0.0
174.0	26.300091496366406	23.717461431931955	23.71165652651045	26.270790545191186	0.0
175.0	26.292496980050366	23.829544920541462	23.77204839659333	26.105909702814845	0.0
176.0	26.271212209165718	23.795820997841115	23.64793330403222	26.285033488960945	0.0
177.0	26.23859398884899	23.776471206127802	23.704047700000828	26.280887105022376	0.0
178.0	26.182203167284477	23.73500736674213	23.804943042505965	26.277846423467427	0.0
179.0	26.190568332596197	23.75248783724016	23.776536930561697	26.280406899601942	0.0
180.0	26.228715170278637	23.7093653250774	23.827675807164972	26.23424369747899	0.0
181.0	26.148551525873508	23.74198363555949	23.890424590888987	26.219040247678016	0.0
182.0	26.381855373728442	23.81993586908448	23.700243255196813	26.097965501990274	0.0
183.0	26.25856921716055	23.74502432551968	23.719593100398054	26.276813356921718	0.0
184.0	26.33016364440513	23.575851393188856	23.771008403361343	26.32297655904467	0.0
185.0	26.335415745245466	23.70604820875719	23.713788146837683	26.244747899159666	0.0
186.0	26.22733303847855	23.816342326404246	23.668177797434765	26.28814683768244	0.0
187.0	26.181169836355593	23.73092658115878	23.74502432551968	26.342879256965944	0.0
188.0	26.185869084475893	23.78952896948253	23.795057496682883	26.229544449358688	0.0
189.0	26.165281762946503	23.862084597990922	23.80901044344562	26.163623195616957	0.0
190.0	26.22554304258648	23.741285610822704	23.768928399648384	26.264242946942428	0.0
191.0	26.22775446569253	23.777497664184345	23.811774722328185	26.182973147794936	0.0
192.0	26.28773931744426	23.77694480840783	23.741285610822704	26.194030263325207	0.0
193.0	26.20508737885548	23.818685419534606	23.822002554193688	26.15422464741623	0.0
194.0	26.199282393202083	23.729399211627662	23.77279839008398	26.298520005086274	0.0
195.0	26.1793795852476	23.761188418777195	23.847433919913314	26.2119980760619	0.0
196.0	26.327544933353238	23.747919880140866	23.713919249885283	26.210615936620613	0.0
197.0	26.291405556768773	23.614194058442546	23.816816260639047	26.277584124149637	0.0
198.0	26.23149305056447	23.756896913941993	23.77154767301717	26.240062362476362	0.0
199.0	26.299290956586642	23.727384555845806	23.711351605368275	26.26197288219928	0.0
200.0	26.29059054105978	23.840576304826776	23.764834016580373	26.10399913753307	0.0
201.0	26.28174472637407	23.79468864114465	23.640992610980422	26.28257402150086	0.0
202.0	26.247467194466946	23.773403399557154	23.703189745489325	26.275939660486575	0.0
203.0	26.194945169770534	23.74023159448574	23.79966441190536	26.265158823838362	0.0
204.0	26.1994405006745	23.747484464495013	23.77927419889869	26.273800835931798	0.0
205.0	26.23261239744355	23.706019593533693	23.823779827063845	26.23758818195891	0.0
206.0	26.1576991972401	23.75024878922577	23.879619186625092	26.212432826909044	0.0
207.0	26.39239036688118	23.818804042548486	23.697450186868352	26.091355403701982	0.0
208.0	26.26959576944235	23.74657566434185	23.716997144428873	26.26683142178693	0.0
209.0	26.324329853019634	23.57656828353361	23.77753635808254	26.321565505364212	0.0
210.0	26.33096428739264	23.71533853583562	23.720590796380918	26.233106380390826	0.0
211.0	26.220113946410358	23.817895833851647	23.673873321004343	26.288116898733655	0.0
212.0	26.194129078449425	23.73137175223705	23.744917055748598	26.329582113564932	0.0
213.0	26.183900992124375	23.79274027018734	23.79882183502926	26.224536902659025	0.0
214.0	26.17208664595243	23.86689076373608	23.804139898492874	26.156882691818613	0.0
215.0	26.225991574245057	23.739453984541726	23.782577927175826	26.251976514037395	0.0
216.0	26.216869201764766	23.78091931399759	23.831507015933745	26.170704468303903	0.0
217.0	26.273814920884153	23.787830202240233	23.734201709477315	26.204153167398296	0.0
218.0	26.19116069750213	23.825701869809922	23.826807611928746	26.1563298207592	0.0
219.0	26.177891792076252	23.73060804759114	23.782854362705528	26.30864579762708	0.0
220.0	26.163661795845705	23.772757680803657	23.84573706412787	26.217843459222767	0.0
221.0	26.32399528951253	23.748431219695586	23.7180231433105	26.209550347481382	0.0
222.0	26.28674895299175	23.615253839030256	23.826452335208504	26.271544872769493	0.0
223.0	26.23015170949622	23.751050466628335	23.77427130788624	26.244526515989207	0.0
224.0	26.29988693630561	23.704950752329694	23.71877271985913	26.276389591505573	0.0
225.0	26.28482809523941	23.83528546667367	23.768663214841556	26.11122322324536	0.0
226.0	26.28455165436044	23.786078990216758	23.639841765240877	26.289527590181926	0.0
227.0	26.24667925394136	23.768110333083612	23.703976049162247	26.281234363812782	0.0
228.0	26.18254497001999	23.73355522321219	23.80819426053447	26.275705546233354	0.0
229.0	26.19312213191795	23.745231381655334	23.784209653342177	26.277436833084533	0.0
230.0	26.229612428816278	23.702659368607286	23.835627798971636	26.232100403604797	0.0
231.0	26.142822389809144	23.749917066589997	23.891733197691135	26.215527345909724	0.0
232.0	26.378076829511027	23.82759802729062	23.69739257358958	26.09693256960878	0.0
233.0	26.266742228426885	23.745006703802506	23.72676130316392	26.261489764606686	0.0
234.0	26.331706912518833	23.5741634069139	23.770439686510844	26.32368999405642	0.0
235.0	26.34138250376657	23.710174575310656	23.701604765919804	26.246838155002973	0.0
236.0	26.23080431807815	23.815223851714652	23.66898420114172	26.284987629065476	0.0
237.0	26.188231716588113	23.72206173027216	23.752194285872257	26.337512267267478	0.0
238.0	26.18076768905414	23.787302859828326	23.797531342004504	26.234398109113027	0.0
239.0	26.172270231717228	23.860350423239176	23.79870291429614	26.168676430747457	0.0
240.0	26.231892071215306	23.7343801835674	23.7708724980648	26.262855247152494	0.0
241.0	26.22082880611334	23.79036828761878	23.818844846986874	26.169958059281008	0.0
242.0	26.278595245599774	23.78333692761124	23.733570002709534	26.204497824079446	0.0
243.0	26.189370185421744	23.82417837649518	23.829984903031008	26.156466535052065	0.0
244.0	26.179744833345314	23.731217820741833	23.78403189859697	26.30500544731588	0.0
245.0	26.16950614860063	23.754863436634984	23.864645062453853	26.21098535231053	0.0
246.0	26.322964945853567	23.750041480924306	23.71630366248908	26.21068991073305	0.0
247.0	26.291482300884955	23.60813053097345	23.819690265486727	26.280696902654867	0.0
248.0	26.232690887670184	23.75002419887883	23.776850384554756	26.240434528896227	0.0
249.0	26.300243925373216	23.71192468734962	23.72243394379207	26.26539744348509	0.0
