# Position (bp)	A	C	G	T	N
0.0	25.886252694660357	24.192557165010335	24.118682872308923	25.802507268020392	0.0
1.0	25.876699984397238	24.258789289501255	24.214528398615496	25.649982327486015	0.0
2.0	25.79691962821562	24.154521689014274	24.306088462775392	25.74247021999471	0.0
3.0	25.658757752900573	24.33105363033151	24.2231179714464	25.787070645321513	0.0
4.0	25.65186661487816	24.364370355748843	24.186082050824904	25.797680978548097	0.0
5.0	25.820058320917855	24.174848149138555	24.18248844405394	25.82260508588965	0.0
6.0	25.770613084266852	24.23081942998666	24.23941451550776	25.75915297023872	0.0
7.0	25.679289006595535	24.218849474139905	24.13003896203112	25.97182255723344	0.0
8.0	25.768296681085655	24.210218067345917	24.2410931695998	25.78039208196862	0.0
9.0	25.82084611761111	24.188065744076795	24.176607636192344	25.814480502119753	0.0
10.0	25.746339910884785	24.118077657542965	24.219923615531506	25.915658816040736	0.0
11.0	25.73169955442393	24.259070655633355	24.233290897517502	25.775938892425206	0.0
12.0	25.7511139401655	24.16327180140038	24.2106938255888	25.87492043284532	0.0
13.0	25.785805219605347	24.15340547422024	24.259707192870785	25.80108211330363	0.0
14.0	25.887969446212605	24.20432845321451	24.124124761298535	25.78357733927435	0.0
15.0	25.657542966263524	24.306810948440482	24.215786123488222	25.81985996180777	0.0
16.0	25.806810948440486	24.286441756842773	24.09261616804583	25.814131126670908	0.0
17.0	25.895607893061744	24.15626989178867	24.234882240611075	25.71323997453851	0.0
18.0	25.720560152768932	24.348822406110756	24.232017823042646	25.698599618077655	0.0
19.0	25.786441756842777	24.13590070019096	24.175047740292808	25.902609802673453	0.0
20.0	25.74625796862518	24.26917801025458	24.252309827148864	25.732254193971375	0.0
21.0	25.747212771442484	24.254219432783472	24.205524489100927	25.79304330667312	0.0
22.0	25.8754746165671	24.20329661586055	24.1215018411781	25.79972692639425	0.0
23.0	25.720160024952182	24.21061677079322	24.222392672206645	25.846830532047953	0.0
24.0	25.808956686961533	24.171788122889488	24.19565819332211	25.82359699682687	0.0
25.0	25.912075391230456	24.127548925687698	24.15332860175493	25.80704708132692	0.0
26.0	25.9337175884227	24.183564024302914	24.207752362341303	25.67496602493308	0.0
27.0	25.82646140527879	24.181336151062535	24.248808883485413	25.743393560173267	0.0
28.0	25.688651531981122	24.268859742648814	24.22175613699511	25.820732588374955	0.0
29.0	25.69247074325034	24.27713470039879	24.221119601783574	25.8092749545673	0.0
30.0	25.785004551212275	24.191761987511217	24.173302525127145	25.849930936149356	0.0
31.0	25.77736615298439	24.243002908956658	24.246822108070603	25.73280882998835	0.0
32.0	25.683477508099884	24.245549041699288	24.157389195485706	25.913584254715122	0.0
33.0	25.77736615298439	24.22104251405147	24.249368240813236	25.75222309215091	0.0
34.0	25.829561874208313	24.187942788397272	24.195899453217994	25.78659588417642	0.0
35.0	25.731854030209867	24.107421340411584	24.22454344657259	25.936181182805967	0.0
36.0	25.731854030209867	24.262417171119218	24.215631981973377	25.790096816697538	0.0
37.0	25.761452823342946	24.17839479061241	24.217223314937524	25.842929071107122	0.0
38.0	25.793916015811487	24.129700001909598	24.265281570454675	25.811102411824237	0.0
39.0	25.8725278642402	24.220087714272985	24.125562536202825	25.78182188528399	0.0
40.0	25.63955671828951	24.311111959822025	24.213722382416407	25.83560893947206	0.0
41.0	25.80123614744655	24.31270329278617	24.095645476476914	25.79041508329037	0.0
42.0	25.833699339915086	24.220087714272985	24.245549041699288	25.70066390411264	0.0
43.0	25.71753203353257	24.376038344759106	24.222315580422784	25.684114041285543	0.0
44.0	25.78118535209833	24.136065333766176	24.21276758263792	25.86998173149757	0.0
45.0	25.761689099085622	24.29130211996703	24.183410088382352	25.763598692564997	0.0
46.0	25.759461240026354	24.265204342415572	24.175453448884955	25.799880968673115	0.0
47.0	25.900134626340293	24.131532798859336	24.154129655031937	25.81420291976843	0.0
48.0	25.733045196895	24.229558597467243	24.173225589825687	25.86417061581207	0.0
49.0	25.81961343462666	24.192321524619434	24.15317485829225	25.834890182461656	0.0
50.0	25.929096794110812	24.13344239233871	24.203460819915787	25.733999993634686	0.0
51.0	25.902680750979464	24.20696174129464	24.227967269567763	25.662390238158135	0.0
52.0	25.822796090425616	24.19104846229985	24.23051339420693	25.7556420530676	0.0
53.0	25.705356091444067	24.256611171758387	24.244835345302242	25.79319739149531	0.0
54.0	25.696444655206985	24.300531821784006	24.19709550831787	25.805928014691137	0.0
55.0	25.824305228450307	24.204338582576927	24.147687489656402	25.823668699316364	0.0
56.0	25.788659596949753	24.21165866761722	24.24666776998383	25.7530139654492	0.0
57.0	25.69381675599292	24.234891981005973	24.160418072335172	25.91087319066594	0.0
58.0	25.78102124734249	24.23584677470688	24.240620743211416	25.74251123473921	0.0
59.0	25.812211174905475	24.171239067612124	24.195108910134817	25.82144084734758	0.0
60.0	25.725643212689846	24.12668202823643	24.20688469911268	25.940790059961046	0.0
61.0	25.729462387493474	24.25653397155988	24.233300658171125	25.780702982775523	0.0
62.0	25.775610749704015	24.16901121564334	24.241575536912325	25.813802497740323	0.0
63.0	25.795024888289138	24.146096166821557	24.246349505416866	25.812529439472442	0.0
64.0	25.862815241053582	24.229799747934464	24.139094346348234	25.768290664663724	0.0
65.0	25.6371656630724	24.31700423928403	24.239984214077477	25.805845883566093	0.0
66.0	25.802981502463368	24.314139858181306	24.103448714847676	25.779429924507646	0.0
67.0	25.83608101742817	24.210385609349338	24.254306119591092	25.699227253631403	0.0
68.0	25.723097096154092	24.362197807793663	24.237119832974756	25.67758526307749	0.0
69.0	25.804254560731245	24.12827335107128	24.220251810925387	25.847220277272093	0.0
70.0	25.74115625149186	24.291465762798172	24.197578014353684	25.769799971356278	0.0
71.0	25.766617335815788	24.254228926974427	24.18962142550246	25.789532311707326	0.0
72.0	25.910790725800037	24.13583488486816	24.140927101732945	25.81244728759886	0.0
73.0	25.717286484938178	24.231632214636942	24.177527410448594	25.873553889976293	0.0
74.0	25.815629923139348	24.18834837128626	24.15365764389491	25.84236406167948	0.0
75.0	25.90919940802979	24.160022914975894	24.20426154898872	25.7265161280056	0.0
76.0	25.894241020989483	24.209990292961603	24.244681020352953	25.651087665695965	0.0
77.0	25.84045448035518	24.17084387581356	24.266004678474246	25.722696965357013	0.0
78.0	25.67113826960106	24.301968460081795	24.246908865231298	25.779984405085855	0.0
79.0	25.68832450151971	24.316290320014	24.201078913448228	25.794306265018065	0.0
80.0	25.797725059355965	24.210231504172423	24.16185559791984	25.830187838551776	0.0
81.0	25.808864248295706	24.21946111786535	24.241421233203695	25.73025340063525	0.0
82.0	25.670420042901792	24.252560422143436	24.161219072837564	25.91580046211721	0.0
83.0	25.762079654748792	24.242694283368234	24.258925672966143	25.736300388916828	0.0
84.0	25.804408572719804	24.19718273998587	24.20482104097312	25.793587646321203	0.0
85.0	25.701609771933065	24.112524904043845	24.23282814459304	25.953037179430055	0.0
86.0	25.72547946251822	24.243649070991644	24.246831696402996	25.78403977008714	0.0
87.0	25.757305716631762	24.215641967371724	24.236010770004395	25.791041545992123	0.0
88.0	25.776083206558752	24.151352934062366	24.267518761576802	25.805045097802076	0.0
89.0	25.875699381934147	24.225508106146922	24.13162065651197	25.76717185540696	0.0
90.0	25.651642552974803	24.305392003971914	24.24714995894413	25.795815484109152	0.0
91.0	25.75635092900836	24.330216482180482	24.12461888060699	25.788813708204174	0.0
92.0	25.83209741379859	24.198774052691547	24.282477101010166	25.686651432499698	0.0
93.0	25.709248072920314	24.364588836623106	24.224235055982383	25.701928034474196	0.0
94.0	25.776083206558752	24.153580771850315	24.21882459278308	25.85151142880785	0.0
95.0	25.755950694924046	24.250891927932862	24.223521436505234	25.76963594063786	0.0
96.0	25.74735763366188	24.260439773779705	24.206017052452683	25.786185540105727	0.0
97.0	25.912217105284096	24.132816900960194	24.143001269863497	25.81196472389221	0.0
98.0	25.7317628187787	24.239434512916645	24.17641873032746	25.85238393797719	0.0
99.0	25.798597739706626	24.193923114380013	24.160187392387822	25.847291753525543	0.0
100.0	25.933858889203616	24.160187392387822	24.183738745476706	25.722214972931855	0.0
101.0	25.867660491332146	24.225749267202833	24.269669358098323	25.6369208833667	0.0
102.0	25.832651723227045	24.200606606472803	24.23625189763436	25.730489772665788	0.0
103.0	25.69516274303246	24.3043598646752	24.243571912783608	25.75690547950873	0.0
104.0	25.722851495988312	24.27062414268301	24.210472713847878	25.7960516474808	0.0
105.0	25.812519095630922	24.197346980344232	24.148334860983805	25.841799063041044	0.0
106.0	25.81633822181485	24.22726346878501	24.23076433445361	25.725633974946533	0.0
107.0	25.654343619513188	24.233628679091556	24.202757409104798	25.909270292290458	0.0
108.0	25.768280884000404	24.235856502698848	24.27022863835421	25.725633974946533	0.0
109.0	25.799788675017822	24.19989306446685	24.211350443018638	25.78896781749669	0.0
110.0	25.700173133720337	24.099004481108054	24.255906915164477	25.94491547000713	0.0
111.0	25.74091047968225	24.244767797128016	24.26163560444037	25.752686118749363	0.0
112.0	25.75173133720338	24.245404318158673	24.225990426723698	25.77687391791425	0.0
113.0	25.777192178429576	24.141969650677257	24.289642529789184	25.791195641103982	0.0
114.0	25.868851206843875	24.221534779509117	24.133376616763417	25.776237396883594	0.0
115.0	25.66420969548834	24.309374681739484	24.257179957225787	25.769235665546393	0.0
116.0	25.771463489153685	24.31733119462267	24.134649658824728	25.77655565739892	0.0
117.0	25.815383440268867	24.197983501374885	24.291233832365823	25.69539922599043	0.0
118.0	25.698900091659027	24.379710255626847	24.255906915164477	25.66548273754965	0.0
119.0	25.802971280171093	24.1343313983094	24.220261737447803	25.842435584071698	0.0
120.0	25.770908986750772	24.22638579025929	24.225112744146372	25.777592478843562	0.0
121.0	25.747039372133656	24.25821194308211	24.19583268354938	25.798916001234858	0.0
122.0	25.93290410461893	24.114357732322958	24.169735238234665	25.783002924823446	0.0
123.0	25.731126295722245	24.241344082086012	24.182147437835567	25.845382184356176	0.0
124.0	25.797324693593715	24.21015445231965	24.163051746141875	25.829469107944764	0.0
125.0	25.923356258772085	24.150639546540976	24.216837944412443	25.7091662502745	0.0
126.0	25.881982260102415	24.225112744146372	24.252483235574	25.640421760177208	0.0
127.0	25.8208760466826	24.191058760625957	24.275079804078203	25.71298538861324	0.0
128.0	25.707256681105132	24.29640332646949	24.241344082086012	25.75499591033936	0.0
129.0	25.71266712708501	24.258530204610338	24.208881406206736	25.819921262097917	0.0
130.0	25.825732162975886	24.170448686530495	24.156763397261667	25.847055753231956	0.0
131.0	25.823186062646798	24.214687179748317	24.26401787362431	25.698108883980574	0.0
132.0	25.675912222911794	24.244681020352953	24.195350169475343	25.884056587259913	0.0
133.0	25.757705956302413	24.234496586623383	24.271733422447127	25.736064034627077	0.0
134.0	25.797170637004502	24.168934294489265	24.2462723381232	25.78762273038303	0.0
135.0	25.714740376505784	24.104326793017297	24.221129517353322	25.959803313123597	0.0
136.0	25.750704158113336	24.239907067042218	24.26059419805541	25.74879457678904	0.0
137.0	25.729380499992043	24.222402571569518	24.241498384812463	25.80671854362598	0.0
138.0	25.790805365923518	24.137107939084355	24.29623971610891	25.775846978883216	0.0
139.0	25.850320650530705	24.230677423974793	24.15779507009755	25.761206855396956	0.0
140.0	25.67368437803345	24.2637768335959	24.279371747744307	25.783167040626342	0.0
141.0	25.771391289126527	24.31660858356805	24.12692350535478	25.785076621950637	0.0
142.0	25.82263172132843	24.220174726691173	24.286055282379337	25.67113826960106	0.0
143.0	25.728107445775848	24.369758597094254	24.266959469136392	25.635174487993506	0.0
144.0	25.78579521584703	24.154052780995787	24.236801568407788	25.823350434749397	0.0
145.0	25.74959500704958	24.25915729639755	24.224466348188912	25.766781348363953	0.0
146.0	25.766463082784057	24.247381469941406	24.192958055779226	25.79319739149531	0.0
147.0	25.960923352100394	24.072335400998718	24.15858537315048	25.80815587375041	0.0
148.0	25.72699815087698	24.24197095508318	24.159540169890168	25.871490724149677	0.0
149.0	25.79319739149531	24.180863963743185	24.177681307944226	25.848257336817284	0.0
150.0	25.941827417306644	24.144581687635064	24.19932336737714	25.71426752768115	0.0
151.0	25.90586340677842	24.227012472828076	24.24197095508318	25.625153165310326	0.0
152.0	25.834253651301864	24.167815074967457	24.293848244606195	25.704083029124487	0.0
153.0	25.695489858467297	24.291620385546924	24.25088239132026	25.762007364665518	0.0
154.0	25.704083029124487	24.24356228298266	24.2327412532662	25.81961343462666	0.0
155.0	25.821286942794764	24.153251729778933	24.18348705609767	25.84197427132864	0.0
156.0	25.8206504096091	24.21308584923075	24.241093309399687	25.725170431760457	0.0
157.0	25.647276743231245	24.23607817925468	24.22493881305279	25.891706264461284	0.0
158.0	25.763126151730898	24.2198465313605	24.29941343280257	25.717613884106033	0.0
159.0	25.834099827817226	24.1676506440145	24.22843975671624	25.769809771452035	0.0
160.0	25.713476405231045	24.111317277793514	24.234486841225838	25.940719475749603	0.0
161.0	25.755805996798227	24.211253306004753	24.268859742648814	25.764080954548202	0.0
162.0	25.761853081307823	24.200432207408635	24.21539078487974	25.8223239264038	0.0
163.0	25.82996234894224	24.112908615822356	24.278407770821865	25.778721264413544	0.0
164.0	25.858606433461382	24.18038134824523	24.181336151062535	25.77967606723085	0.0
165.0	25.665099729154267	24.27872603842763	24.264722263773827	25.791451968644274	0.0
166.0	25.800363461605784	24.296867291956424	24.112590348216585	25.7901788982212	0.0
167.0	25.819141250346117	24.183564024302914	24.316599883514055	25.680694841836914	0.0
168.0	25.741802222144422	24.375797658186958	24.251991559543097	25.630408560125524	0.0
169.0	25.807447485677915	24.15340547422024	24.21387651177594	25.825270528325905	0.0
170.0	25.76870072788265	24.246417079621512	24.227957440984856	25.756924751510983	0.0
171.0	25.788751714677637	24.238778608461516	24.195493938554865	25.77697573830598	0.0
172.0	25.949159609037586	24.0981034312649	24.14870830269988	25.804028656997634	0.0
173.0	25.729235293555995	24.235914181776515	24.16557659317821	25.86927393148928	0.0
174.0	25.822170026002627	24.191038163711536	24.16366697538821	25.823124834897627	0.0
175.0	25.913831679922595	24.16239389686154	24.20695164529486	25.716822777921	0.0
176.0	25.920515342187596	24.217772812771525	24.242916113673182	25.6187957313677	0.0
177.0	25.824716183055962	24.175124682128203	24.264876718258176	25.73528241655766	0.0
178.0	25.696453521494337	24.285882513948167	24.249281506306513	25.768382458250983	0.0
179.0	25.708229497866004	24.22254685724652	24.25341901151818	25.8158046333693	0.0
180.0	25.82097912781113	24.144011101280086	24.18411320250288	25.85089656840591	0.0
181.0	25.775466425629702	24.23853748273382	24.26368086365922	25.722315227977262	0.0
182.0	25.67020054297145	24.204877831424234	24.23925117044402	25.885670455160298	0.0
183.0	25.744994382505244	24.19851239827242	24.302587230304553	25.75390598891778	0.0
184.0	25.83029118673953	24.141541771563702	24.225565489167625	25.802601552529147	0.0
185.0	25.709029685197503	24.11608003895645	24.226838575797988	25.948051700048058	0.0
186.0	25.770774386770086	24.20328647313628	24.249117591829332	25.776821548264305	0.0
187.0	25.77968599318262	24.189919063517475	24.201376843190737	25.82901810010917	0.0
188.0	25.83633834823375	24.07820571170317	24.312135380032274	25.77332056003081	0.0
189.0	25.85734427763473	24.15681881112805	24.17241412234999	25.813422788887223	0.0
190.0	25.667654369710725	24.28603710410984	24.251027221774873	25.79528130440456	0.0
191.0	25.80864871402337	24.281899572561162	24.112579050722953	25.796872662692515	0.0
192.0	25.811194887284096	24.20869709131532	24.298131427098284	25.681976594302302	0.0
193.0	25.71189413011582	24.383428231332573	24.2739427811214	25.63073485743021	0.0
194.0	25.83100994283823	24.130160791353166	24.203681778253063	25.83514748755554	0.0
195.0	25.79926478779102	24.25627396998679	24.18179792803832	25.762663314183865	0.0
196.0	25.815496745651583	24.22985725425293	24.1423319912793	25.812314008816177	0.0
197.0	25.98609144002928	24.062763570394182	24.1572908544057	25.793854135170836	0.0
198.0	25.721924282690683	24.231448622670634	24.16811215964608	25.8785149349926	0.0
199.0	25.825681503524883	24.179251738569995	24.137557886026194	25.85750887187893	0.0
200.0	25.923886577824174	24.147567228642632	24.22490921069802	25.70363698283517	0.0
201.0	25.93041723559536	24.189097575647626	24.245751733840038	25.634733454916976	0.0
202.0	25.843218761040543	24.156303810199788	24.254972420531985	25.74550500822769	0.0
203.0	25.71449488020931	24.286619155688108	24.2503334150293	25.748552549073285	0.0
204.0	25.696842761970544	24.211963700834268	24.25206975907718	25.839123778118005	0.0
205.0	25.83253226042615	24.127042735913317	24.181154945537653	25.85927005812288	0.0
206.0	25.801348366108773	24.222206660342884	24.268361779741404	25.708083193806935	0.0
207.0	25.692903685830608	24.21175938806108	24.219399074961245	25.875937851147068	0.0
208.0	25.754368317008186	24.199950976803112	24.29831570302129	25.74736500316741	0.0
209.0	25.849889694997913	24.130214020354696	24.21266422393348	25.807232060713908	0.0
210.0	25.725909914269252	24.103933809367668	24.206441425810908	25.963714850552172	0.0
211.0	25.75234226519249	24.209296476812927	24.259277534946946	25.779083723047634	0.0
212.0	25.79500125748522	24.1488098459501	24.223940608495507	25.83224828806917	0.0
213.0	25.829085896386943	24.08129610233325	24.289184396598653	25.80043360468115	0.0
214.0	25.842456965849653	24.189538093221824	24.170754924214688	25.797250016713836	0.0
215.0	25.680266153037994	24.27564031136085	24.272456662580986	25.77163687302017	0.0
216.0	25.79648961944877	24.30236519291811	24.10943116298468	25.79171402464844	0.0
217.0	25.81798500453684	24.219105684585873	24.291695187761665	25.671214123115615	0.0
218.0	25.701150303574444	24.379558790286893	24.287547239494288	25.63174366664438	0.0
219.0	25.84914671421294	24.155629139072847	24.18969689251146	25.805527254202755	0.0
220.0	25.791291888880046	24.266815251134283	24.163973573191118	25.777919286794553	0.0
221.0	25.82313141765502	24.19644989254159	24.190718777362093	25.789699912441293	0.0
222.0	25.96038424922071	24.11077891023253	24.140072022848628	25.788764817698134	0.0
223.0	25.742277921589977	24.23973228642296	24.153763368962675	25.864226423024387	0.0
224.0	25.912493591927582	24.13256192347249	24.126193652744565	25.828750831855363	0.0
225.0	25.915064209725237	24.207687335415812	24.186353085028134	25.690895369830823	0.0
226.0	25.920335750199815	24.254321860382177	24.2164289603653	25.60891342905271	0.0
227.0	25.82005190504243	24.117057015937714	24.324358749820878	25.738532329198975	0.0
228.0	25.701611644858563	24.32561531333293	24.22848990691883	25.744283134889674	0.0
229.0	25.67327870888438	24.286437617626735	24.218926639131528	25.821357034357355	0.0
230.0	25.867460671294822	24.11056620597414	24.186357556843515	25.835615565887522	0.0
231.0	25.813971262610824	24.22965708753694	24.254815041271783	25.701556608580457	0.0
232.0	25.68906382856761	24.207596500781815	24.16556002458497	25.937779646065607	0.0
233.0	25.792100176110722	24.1889512017248	24.28035043804756	25.738598184116913	0.0
234.0	25.841143668771714	24.14277388720634	24.20519287786578	25.81088956615617	0.0
235.0	25.731282822138642	24.111553074333685	24.19117014805591	25.96599395547176	0.0
236.0	25.746414820334966	24.200241400505092	24.28399909554428	25.769344683615657	0.0
237.0	25.774942593896004	24.179036978766906	24.20164909185295	25.84437133548414	0.0
238.0	25.825756007452583	24.12440084717423	24.267082822427824	25.782760322945364	0.0
239.0	25.867642515677602	24.168505938219585	24.171372335444914	25.792479210657902	0.0
240.0	25.698332919270484	24.276823309827304	24.26280887495939	25.76203489594282	0.0
241.0	25.82174130478408	24.297231610163823	24.08667981155455	25.794347273497547	0.0
242.0	25.874921156749934	24.198028759469153	24.249635250418905	25.677414833362004	0.0
243.0	25.71720756568363	24.37725197600441	24.28486321684916	25.620677241462804	0.0
244.0	25.82480779708215	24.170890935796418	24.159739502518633	25.8445617646028	0.0
245.0	25.790550358153407	24.225063091080578	24.248642585842106	25.735743964923905	0.0
246.0	25.774266840443193	24.193389056540042	24.269867723771803	25.762476379244966	0.0
247.0	25.958915459922498	24.15198602896186	24.13063430552723	25.758464205588417	0.0
248.0	25.70337697436355	24.241168746733297	24.225871014622083	25.82958326428107	0.0
249.0	25.85317814436144	24.130249101246783	24.22139925040157	25.79517350399021	0.0
