# Position (bp)	A	C	G	T	N
0.0	26.359836210284126	23.68686322191912	23.664937268994425	26.28836329880233	0.0
1.0	26.279535967105378	23.76573970192094	23.677181632316007	26.277542698657676	0.0
2.0	26.32191860779641	23.72520379370923	23.676515390945095	26.276362207549266	0.0
3.0	26.388631853473683	23.72112622321177	23.688383865705084	26.201858057609467	0.0
4.0	26.259569367774045	23.83907803821199	23.661996691824367	26.239355902189605	0.0
5.0	26.386358460487358	23.736051013436573	23.661466636301526	26.21612388977454	0.0
6.0	26.328958979760316	23.63688120925731	23.773805118278347	26.260354692704034	0.0
7.0	26.260567589877887	23.64749082007344	23.73658592126612	26.355355668782554	0.0
8.0	26.22388072446566	23.841728789340802	23.715064001297957	26.21932648489558	0.0
9.0	26.138349528379756	23.737270238115567	23.72303909011732	26.401341143387352	0.0
10.0	26.190035718859843	23.667515760413256	23.81836034779639	26.32408817293051	0.0
11.0	26.2136585504689	23.719030610066742	23.800998989625878	26.26631184983848	0.0
12.0	26.198004866872537	23.743791891391897	23.822344921802735	26.23585831993283	0.0
13.0	26.172030646979135	23.755393390179762	23.8311000808297	26.241475882011407	0.0
14.0	26.099739295757008	23.786700668268082	23.721239995901595	26.392320040073315	0.0
15.0	26.340236113799108	23.636425733444142	23.785277610173157	26.23806054258359	0.0
16.0	26.38882959497036	23.77752542286051	23.54955216489212	26.284092817277017	0.0
17.0	26.297184914488682	23.828755368471384	23.656565829057055	26.21749388798288	0.0
18.0	26.17992526120157	23.70808038547688	23.695272899074162	26.416721454247387	0.0
19.0	26.364068454591767	23.729995417765977	23.747641287920832	26.158294839721425	0.0
20.0	26.348414860099556	23.80684033618229	23.681326969435645	26.16341783428251	0.0
21.0	26.226032212251354	23.72430320158699	23.69214218017572	26.357522405985932	0.0
22.0	26.240262752698822	23.809401833462832	23.75304889329087	26.197286520547475	0.0
23.0	26.275839103817482	23.677627028919304	23.74422595821344	26.302307909049773	0.0
24.0	26.253354849910487	23.690434515322025	23.75304889329087	26.303161741476615	0.0
25.0	26.358945460030682	23.67136559112242	23.67535014244771	26.294338806399185	0.0
26.0	26.27043149844745	23.763294882413042	23.682180801862494	26.284092817277017	0.0
27.0	26.310561622509297	23.737964520416558	23.677057807301406	26.274416049772736	0.0
28.0	26.37573749775869	23.722880147542245	23.694703677456264	26.206678677242806	0.0
29.0	26.255631736382085	23.843555130536746	23.66681181817923	26.23400131490194	0.0
30.0	26.382568157173473	23.737679909607607	23.66311187766289	26.216640055556027	0.0
31.0	26.32336910891202	23.650019780451224	23.77638697962471	26.250224131012047	0.0
32.0	26.256770179617885	23.647173672361728	23.735403023136012	26.360653124884376	0.0
33.0	26.22403993658871	23.8432705197278	23.72060326107065	26.21208628261284	0.0
34.0	26.132679866915986	23.72714930967648	23.72373397996909	26.41643684343844	0.0
35.0	26.18533286657161	23.67022714788662	23.81395560640602	26.33048437913575	0.0
36.0	26.214932390702334	23.71178032599322	23.810255665889677	26.263031617414768	0.0
37.0	26.19244813679534	23.74137985012395	23.821640098247652	26.244531914833065	0.0
38.0	26.17131245054901	23.75753504972137	23.831533649440175	26.239618850289446	0.0
39.0	26.10727520079236	23.7811576796316	23.722812629853312	26.388754489722732	0.0
40.0	26.324432629967156	23.641698780161544	23.781726899629437	26.25214169024186	0.0
41.0	26.396648442191605	23.7634442265603	23.553687254346695	26.2862200769014	0.0
42.0	26.303012019046047	23.824350592983244	23.660131090992405	26.212506296978304	0.0
43.0	26.1794916310668	23.705953170404058	23.69485341203726	26.419701786491878	0.0
44.0	26.360503075202285	23.73726018118221	23.749213767115684	26.15302297649982	0.0
45.0	26.349118707646596	23.804143340571894	23.69485341203726	26.151884539744252	0.0
46.0	26.223606055345105	23.729575733082118	23.6897304466372	26.357087764935578	0.0
47.0	26.24068260667864	23.811543179483095	23.747790721171224	26.199983492667045	0.0
48.0	26.277966410423524	23.670661630981417	23.74096010063781	26.310411857957245	0.0
49.0	26.25861298557885	23.697414894737292	23.75120603143793	26.292766088245923	0.0
50.0	26.359080029257825	23.663831010448003	23.676923033137047	26.300165927157128	0.0
51.0	26.2643051693567	23.764298054126975	23.691438101770554	26.279958674745775	0.0
52.0	26.310127248768357	23.732706434159933	23.684607481237137	26.272558835834577	0.0
53.0	26.38640251139148	23.712214572559688	23.697414894737292	26.203968021311535	0.0
54.0	26.25718993963439	23.839434879994535	23.671515458548097	26.231859721822982	0.0
55.0	26.39864070651385	23.7412447098267	23.651592815325635	26.208521768333814	0.0
56.0	26.32464231740186	23.643908367225546	23.775682421682667	26.25576689368993	0.0
57.0	26.263166732601128	23.646754459114465	23.735267916859964	26.354810891424442	0.0
58.0	26.222467618589533	23.84285019026124	23.724737376870948	26.209944814278273	0.0
59.0	26.138507907866316	23.729575733082118	23.721606675793137	26.410309683258433	0.0
60.0	26.19087599862249	23.666107883959143	23.818658409205398	26.32435770821297	0.0
61.0	26.21677543481169	23.706806997970737	23.810120133538632	26.266297433678943	0.0
62.0	26.18916834348914	23.73839861793778	23.831181213516658	26.241251825056423	0.0
63.0	26.17571721311475	23.744877049180328	23.837374772313296	26.24203096539162	0.0
64.0	26.115949453551913	23.776183970856103	23.725808287795992	26.382058287795996	0.0
65.0	26.327698087431695	23.638718123861565	23.786145264116577	26.247438524590166	0.0
66.0	26.397921226317095	23.774408656623812	23.54643799397201	26.281232123087083	0.0
67.0	26.30115465290684	23.82421498117321	23.65885798366922	26.215772382250734	0.0
68.0	26.180765651281728	23.70695666280549	23.695856967620195	26.41642071829258	0.0
69.0	26.363768318054646	23.735986634828564	23.748509367858126	26.151735679258653	0.0
70.0	26.34612264878572	23.820799690346963	23.676219045369294	26.15685861549802	0.0
71.0	26.222602963903224	23.728302230469517	23.691872461656246	26.357222343971014	0.0
72.0	26.222318356334366	23.81795361465843	23.766155037127056	26.19357299188015	0.0
73.0	26.272978503590323	23.68447266486605	23.74224800134335	26.30030083020028	0.0
74.0	26.2596019478542	23.692157069225097	23.750786228408955	26.29745475451174	0.0
75.0	26.358645381815283	23.661419451788902	23.67536522266273	26.304569943733085	0.0
76.0	26.261594200836175	23.76473199928279	23.687887955692293	26.28578584418874	0.0
77.0	26.326769334103673	23.720333218541615	23.68333423459063	26.26956321276408	0.0
78.0	26.369460469431722	23.72545615478098	23.70240294170383	26.202680434083465	0.0
79.0	26.25903273271649	23.851821915352016	23.665119350184	26.22402600174749	0.0
80.0	26.401336517143335	23.736271242397418	23.662842489633167	26.199549750826073	0.0
81.0	26.33416913089387	23.639220061418314	23.77867777015662	26.2479330375312	0.0
82.0	26.265009491662422	23.631535657059263	23.738832710517105	26.364622140761213	0.0
83.0	26.21548777468188	23.84897583966348	23.725171547212128	26.210364838442512	0.0
84.0	26.13522844026514	23.72232547152359	23.73399438184659	26.408451706364676	0.0
85.0	26.19414220701785	23.660850236651193	23.821084297915817	26.32392325841513	0.0
86.0	26.225164432022908	23.712648814182565	23.799738730251793	26.26244802354274	0.0
87.0	26.20097278867034	23.73029448345149	23.81880743736499	26.249925290513175	0.0
88.0	26.168737655181832	23.748157171236503	23.839800547583405	26.24330462599826	0.0
89.0	26.11096248313705	23.783448409332824	23.729373125152975	26.37621598237715	0.0
90.0	26.32897126040949	23.638014355564916	23.789140544509653	26.243873839515942	0.0
91.0	26.392078847232064	23.77740399529831	23.54601935889664	26.284497798572986	0.0
92.0	26.31210457560984	23.814971980544335	23.661569374123058	26.211354069722763	0.0
93.0	26.186024140276583	23.703121842652756	23.692876028494748	26.41797798857592	0.0
94.0	26.36048758691154	23.737559162461615	23.760896850265965	26.141056400360878	0.0
95.0	26.34711110731637	23.814118162697838	23.689460757108748	26.149309972877056	0.0
96.0	26.23013806234578	23.719913593633933	23.692022210648247	26.35792613337204	0.0
97.0	26.22359212552261	23.820664099521007	23.7603276383683	26.195416136588083	0.0
98.0	26.274821196312647	23.680637972694903	23.755773943186963	26.288766887805487	0.0
99.0	26.25973708102447	23.696575905829583	23.747235764721957	26.296451248423995	0.0
100.0	26.36105679880921	23.655023437299885	23.678930337001905	26.304989426889	0.0
101.0	26.269698289233638	23.759473820521794	23.68689930356924	26.28392858667532	0.0
102.0	26.32291960166551	23.712229233015428	23.691737604699416	26.27311356061964	0.0
103.0	26.36902576537655	23.720198199582768	23.695722087983086	26.215053947057605	0.0
104.0	26.266567623796472	23.848270876557862	23.65872331463472	26.22643818501094	0.0
105.0	26.40602453872491	23.723044259071102	23.66726149309973	26.20366970910426	0.0
106.0	26.32804250874452	23.63197035544437	23.784234538070315	26.255752597740802	0.0
107.0	26.259452475075634	23.637377868472207	23.746666552824287	26.356503103627873	0.0
108.0	26.217615400597104	23.836032820758017	23.739266798154617	26.207084980490265	0.0
109.0	26.141056400360878	23.73300546728028	23.725605712610605	26.40033241974824	0.0
110.0	26.199969831769426	23.654738831351054	23.816395010288506	26.328896326591018	0.0
111.0	26.232699515885283	23.70682171998759	23.80387234853983	26.256606415587296	0.0
112.0	26.203385103155423	23.738697586256947	23.82237173521401	26.235545575373614	0.0
113.0	26.17712685420248	23.743183706925013	23.839949454127343	26.239739984745164	0.0
114.0	26.10455254380073	23.784166846916587	23.737491604148406	26.37378900513428	0.0
115.0	26.3234138955613	23.634179938752975	23.79469723705331	26.247708928632413	0.0
116.0	26.3845289086847	23.77840706957153	23.54873137620423	26.288332645539537	0.0
117.0	26.29743998406216	23.82166692755397	23.670826633273094	26.21006645511078	0.0
118.0	26.18985954776372	23.700140879142772	23.700710087800438	26.40928948529307	0.0
119.0	26.35919912341867	23.732301168300772	23.754215701620822	26.15428400665974	0.0
120.0	26.353222432513196	23.805729085139387	23.685341454043517	26.155707028303897	0.0
121.0	26.234827031719156	23.711809656624876	23.69843325316978	26.354930058486193	0.0
122.0	26.216612354673913	23.827074409801774	23.759623183868626	26.196690051655686	0.0
123.0	26.267556529534815	23.671111237601924	23.76332304014344	26.298009192719825	0.0
124.0	26.25731077369687	23.691318144948983	23.75393109729199	26.29743998406216	0.0
125.0	26.367452648954792	23.644927639349394	23.68761828867417	26.300001423021648	0.0
126.0	26.266702716548316	23.755069514607317	23.694733396894968	26.283494371949395	0.0
127.0	26.332446316508474	23.71835555618801	23.682780015084028	26.266418112219487	0.0
128.0	26.37464282055077	23.707038854293554	23.696508464156828	26.221809860998853	0.0
129.0	26.259377739324464	23.848487608292253	23.669186370829113	26.22294828155417	0.0
130.0	26.399403467629014	23.730091870538814	23.664063478330164	26.20644118350201	0.0
131.0	26.32398310583896	23.634179938752975	23.796404867886295	26.245432087521774	0.0
132.0	26.254254846825514	23.63873362097426	23.751721861089926	26.3552896711103	0.0
133.0	26.22721735863663	23.84251090037682	23.72753042428934	26.202741316697214	0.0
134.0	26.14838173518061	23.723545952345717	23.719561480402092	26.408510832071585	0.0
135.0	26.192780136838152	23.65353308819344	23.826573012602314	26.327113762366096	0.0
136.0	26.223232886693005	23.696223859017998	23.818604068715064	26.261939185573937	0.0
137.0	26.201887501280723	23.734076342482442	23.826857617741144	26.23717853849569	0.0
138.0	26.17236305473257	23.732720861331444	23.84684784681369	26.24806823712229	0.0
139.0	26.10861132219386	23.77427332986114	23.74125903979645	26.375856308148553	0.0
140.0	26.32925586716833	23.640006602876806	23.792840432374586	26.237897097580277	0.0
141.0	26.39258879781421	23.773053278688526	23.55845856102004	26.27589936247723	0.0
142.0	26.289275956284154	23.824852003642988	23.675717213114755	26.210154826958103	0.0
143.0	26.194216757741344	23.70076275045537	23.69592440801457	26.409096083788707	0.0
144.0	26.367543260473585	23.722392987249545	23.752561475409838	26.157502276867028	0.0
145.0	26.366404826958107	23.799521857923498	23.67799408014572	26.15607923497268	0.0
146.0	26.227231329690348	23.711008652094716	23.70417805100182	26.357581967213118	0.0
147.0	26.21962152670061	23.828904340005522	23.76372883574919	26.18774529754468	0.0
148.0	26.275974146101284	23.668669366659174	23.75746743359356	26.297889053645985	0.0
149.0	26.2532054109899	23.687738182314956	23.760882743860268	26.298173662834877	0.0
150.0	26.365626040602347	23.64703906830336	23.681761389348218	26.30557350174608	0.0
151.0	26.270281962323434	23.74949837630458	23.69371497528169	26.286504686090296	0.0
152.0	26.334034420635305	23.71107613580412	23.681761389348218	26.273128054212357	0.0
153.0	26.373954769778972	23.705736029918203	23.705166809920367	26.215142390382457	0.0
154.0	26.259541550213743	23.84320265939583	23.673575100040413	26.223680690350015	0.0
155.0	26.393308249705427	23.729927879826274	23.666744460066372	26.210019410401923	0.0
156.0	26.328132559953094	23.619783810244822	23.804780309541833	26.247303320260247	0.0
157.0	26.24844176025592	23.64056034016587	23.74899674975381	26.362001149824394	0.0
158.0	26.222257640355423	23.846048759385013	23.72850482983168	26.203188770427882	0.0
159.0	26.148543650635535	23.726512559839254	23.718543479869535	26.40640030965568	0.0
160.0	26.204042600424636	23.64682176014208	23.820149249483432	26.328986389949854	0.0
161.0	26.23193438031865	23.69691311995173	23.81872619948884	26.252426300240778	0.0
162.0	26.208596360407334	23.72309723985223	23.838364289414216	26.22994211032622	0.0
163.0	26.17907142877472	23.73597224475391	23.84298590891885	26.24197041755252	0.0
164.0	26.105357229256853	23.770410152636774	23.74451056902239	26.37972204908398	0.0
165.0	26.32885164903972	23.642687189061807	23.788408337981988	26.240052823916482	0.0
166.0	26.397308697211358	23.764067009341005	23.5676838743831	26.27094041906453	0.0
167.0	26.30167864888403	23.81188203350467	23.68238300972808	26.204056307883217	0.0
168.0	26.187833353256263	23.702305936462942	23.69775212463783	26.41210858564297	0.0
169.0	26.370270439499766	23.727351901501052	23.756382451886132	26.145995207113053	0.0
170.0	26.356324390785364	23.80647438196235	23.68209839648901	26.155102830763276	0.0
171.0	26.219994649271104	23.710275107156882	23.715398145460135	26.354332098111875	0.0
172.0	26.22120773125603	23.820772840988976	23.765557715459952	26.19246171229504	0.0
173.0	26.272722874146513	23.67021200900519	23.760719276624933	26.296345840223367	0.0
174.0	26.254792189052033	23.675050447840206	23.765273101410834	26.304884261696927	0.0
175.0	26.367783966552157	23.637481393356538	23.681881185019055	26.31285345507225	0.0
176.0	26.278699769178004	23.749334714660186	23.688142694099664	26.28382282206214	0.0
177.0	26.341884088082356	23.708350291587095	23.6810273428717	26.26873827745885	0.0
178.0	26.380666681846126	23.703863931328126	23.710410073089097	26.20505931373665	0.0
179.0	26.256289988387714	23.835640611125026	23.675687060270043	26.23238234021722	0.0
180.0	26.402582026002413	23.71439468111751	23.6751178305517	26.20790546232838	0.0
181.0	26.329720622054236	23.61990254787222	23.810879118377013	26.23949771169653	0.0
182.0	26.244336164302467	23.64523327033858	23.75737152485257	26.353059040506388	0.0
183.0	26.219290056695282	23.853286732393723	23.728625424076142	26.198797786834856	0.0
184.0	26.145290193310412	23.71980236344179	23.722363897174343	26.41254354607345	0.0
185.0	26.213882374371	23.64124866231016	23.813440652109566	26.331428311209272	0.0
186.0	26.23067465106218	23.69760240442633	23.814863726405427	26.25685921810606	0.0
187.0	26.203636239440787	23.736025410414626	23.833932921969993	26.226405428174594	0.0
188.0	26.1869184946108	23.73466988851604	23.843393074162307	26.235018542710854	0.0
189.0	26.10608764454918	23.768254537485305	23.74548528394682	26.380172534018687	0.0
190.0	26.3310089654191	23.633698591148427	23.795360751387506	26.23993169204497	0.0
191.0	26.40003643111673	23.75764199596981	23.566663251249473	26.275658321663993	0.0
192.0	26.287327663740793	23.81485023395608	23.69587986839259	26.20194223391054	0.0
193.0	26.18315743934788	23.70043375798354	23.70327993897788	26.413128863690698	0.0
194.0	26.371290003073877	23.72918018602639	23.76191126746132	26.137618543438414	0.0
195.0	26.367020731582365	23.805742454774183	23.673679656636725	26.15355715700673	0.0
196.0	26.226134772362443	23.708972300966565	23.709541537165432	26.35535138950556	0.0
197.0	26.22421708453466	23.819471918075294	23.769948227820358	26.186362769569683	0.0
198.0	26.27231768024204	23.670900847310495	23.76482508744916	26.291956384998304	0.0
199.0	26.26178678059013	23.682000984781425	23.755432663435293	26.30077957119315	0.0
200.0	26.361688017828527	23.632761913436003	23.688547219700183	26.317002849035287	0.0
201.0	26.275733107156174	23.752871093249695	23.68228560369094	26.2891101959032	0.0
202.0	26.34119545634373	23.697370405895025	23.684277936057516	26.27715620170373	0.0
203.0	26.38595572455642	23.707968782909155	23.70398410683486	26.202091385699568	0.0
204.0	26.25616913242217	23.84373238915485	23.677799092632334	26.22229938579064	0.0
205.0	26.411286879600166	23.7139457970206	23.670398979922926	26.20436834345631	0.0
206.0	26.321062428489295	23.6248598247881	23.81043188196251	26.243645864760097	0.0
207.0	26.23525661459994	23.65544879092855	23.75990482262398	26.349389771847537	0.0
208.0	26.227571838426154	23.848422059292318	23.723757912473246	26.200248189808278	0.0
209.0	26.138485359078285	23.724611776492555	23.72205018443463	26.41485267999453	0.0
210.0	26.204232888565056	23.64064848126053	23.830775536226604	26.32434309394781	0.0
211.0	26.24066442005556	23.696718885195136	23.814552119859737	26.24806457488957	0.0
212.0	26.2085022086616	23.722619427114168	23.838744933740152	26.23013343048408	0.0
213.0	26.192637963471594	23.727525523491288	23.839666650538078	26.24016986249904	0.0
214.0	26.116643849457656	23.75854933782657	23.748018318281567	26.376788494434212	0.0
215.0	26.340147206994896	23.635090595488155	23.782809911709958	26.241952285806992	0.0
216.0	26.4046223031821	23.746797973472987	23.57232310582342	26.276256617521486	0.0
217.0	26.30329595263847	23.81482324813571	23.6864575624751	26.195423236750727	0.0
218.0	26.18119200774179	23.706665907667787	23.711504525530824	26.400637559059597	0.0
219.0	26.37359822394262	23.733989867364947	23.753059714236922	26.139352194455512	0.0
220.0	26.361359366994936	23.798030397905162	23.687311436215634	26.153298798884272	0.0
221.0	26.23754767461718	23.706665907667787	23.702681163545282	26.35310525416975	0.0
222.0	26.226237337727948	23.82200666592664	23.769066343332224	26.182689653013185	0.0
223.0	26.276616031809734	23.66773970438807	23.775612727308953	26.280031536493244	0.0
224.0	26.264946390807737	23.682540224683283	23.757112076939933	26.295401307569044	0.0
225.0	26.360011271165458	23.62561514662477	23.689940484830892	26.324433097378886	0.0
226.0	26.27519290485827	23.757965953110812	23.686809605537672	26.280031536493244	0.0
227.0	26.343218373138193	23.707871884419323	23.673147586803626	26.275762155638855	0.0
228.0	26.383994899498486	23.711070251438784	23.708793241835497	26.19614160722723	0.0
229.0	26.26445189532587	23.836021153419214	23.675491976387413	26.224034974867504	0.0
230.0	26.399799622014253	23.71775166791903	23.673634355716466	26.208814354350253	0.0
231.0	26.329781178131473	23.616993419404785	23.807124803606804	26.246100598856938	0.0
232.0	26.24183118154701	23.655133547373456	23.762438235762918	26.34059703531662	0.0
233.0	26.22759979051392	23.84498030375481	23.738814126647995	26.188605779083268	0.0
234.0	26.135665004440195	23.721736457408294	23.724013479973586	26.41858505817793	0.0
235.0	26.21023749345356	23.640048272878385	23.832456679645695	26.317257554022362	0.0
236.0	26.230730696541205	23.698681603934695	23.813671243482023	26.256916456042077	0.0
237.0	26.20340642575768	23.721736457408294	23.84156476990687	26.233292346927158	0.0
238.0	26.191241977030472	23.724650262569913	23.84191725845703	26.24219050194259	0.0
239.0	26.107845788207833	23.760798098680745	23.747705181664223	26.383650931447196	0.0
240.0	26.327924194250805	23.637207210540847	23.792052237425246	26.2428163577831	0.0
241.0	26.399583263355357	23.742602497573305	23.584902974941716	26.272911264129622	0.0
242.0	26.29219176561348	23.81811815544732	23.682899542534084	26.206790536405123	0.0
243.0	26.187473489129477	23.697657933618206	23.70477494583954	26.410093631412785	0.0
244.0	26.379620561641655	23.72543102466577	23.7462135878106	26.148734825881974	0.0
245.0	26.35839006044249	23.79264497797821	23.683318955822607	26.1656460057567	0.0
246.0	26.238166417538615	23.703039362232186	23.69392839347996	26.364865826749234	0.0
247.0	26.227743719265472	23.81397123518977	23.757876723055414	26.200408322489345	0.0
248.0	26.276251904375435	23.657255136474305	23.772870303133857	26.293622656016403	0.0
249.0	26.25802685347344	23.667791494027025	23.77258553671351	26.301596115786026	0.0
