# Position (bp)	A	C	G	T	N
0.0	26.275115919629055	23.812670561529337	23.76207236923962	26.150141149601993	0.0
1.0	26.244701705684413	23.85220903965737	23.661152477514218	26.24193677714399	0.0
2.0	26.1843869665593	23.822939850975295	23.75824266972642	26.23443051273899	0.0
3.0	26.198362187657242	23.74109073214967	23.76735544730192	26.293191632891165	0.0
4.0	26.17120329977165	23.769911700145414	23.741989704800925	26.316895295282013	0.0
5.0	26.2143356711017	23.762305074625214	23.726920642116873	26.29643861215621	0.0
6.0	26.132795223352502	23.78676470588235	23.87798540468819	26.202454666076957	0.0
7.0	26.370810586690624	23.810379379448552	23.61136065233916	26.207449381521663	0.0
8.0	26.266836564055644	23.731643204426913	23.789135596359184	26.212384635158255	0.0
9.0	26.277283494056157	23.618377957065032	23.83589964704549	26.268438901833317	0.0
10.0	26.319047908593916	23.78763674153018	23.683439557341618	26.209875792534287	0.0
11.0	26.197162077752655	23.797033835064425	23.719646005958865	26.286158081224052	0.0
12.0	26.207388326598753	23.721027931478606	23.717158540023327	26.354425201899318	0.0
13.0	26.19163437567369	23.818039102964505	23.735676341987872	26.254650179373932	0.0
14.0	26.277037372793753	23.82992366243429	23.73429441646813	26.158744548303826	0.0
15.0	26.14188505696297	23.83876798576064	23.743691510002378	26.275655447274016	0.0
16.0	26.248846092191013	23.763867622590613	23.81195863067764	26.17532765454073	0.0
17.0	26.301359261941222	23.68979641473243	23.820250183796094	26.18859413953026	0.0
18.0	26.24387116031994	23.775752182060394	23.78072711393147	26.199649543688192	0.0
19.0	26.109547999801002	23.76414400769456	23.78155626924331	26.344751723261123	0.0
20.0	26.23696153272123	23.7837673500749	23.780450728827518	26.198820388376348	0.0
21.0	26.316284057554434	23.715776614503582	23.70803783159303	26.259901496348952	0.0
22.0	26.262665347388435	23.692560265771917	23.724068167622036	26.32070621921761	0.0
23.0	26.268673216975525	23.736439893315644	23.782872462446278	26.212014427262552	0.0
24.0	26.27661573838636	23.74245472837022	23.754891989298425	26.22603754394499	0.0
25.0	26.280761492029097	23.813761691025274	23.759037742941164	26.14643907400447	0.0
26.0	26.243173325668295	23.85853583036682	23.654288367568046	26.244002476396844	0.0
27.0	26.179052335993987	23.815972759634732	23.77009308598846	26.234881818382828	0.0
28.0	26.18513277467	23.741349194065492	23.775620757512105	26.2978972737524	0.0
29.0	26.156665266323216	23.761525195126804	23.75433922214606	26.327470316403918	0.0
30.0	26.218022420235698	23.755997523603156	23.729741083865832	26.29623897229531	0.0
31.0	26.137318415990446	23.777831826121563	23.870420324142657	26.21442943374533	0.0
32.0	26.36340018130763	23.797731443606697	23.629413845711632	26.20945452937405	0.0
33.0	26.27025891613417	23.739138125456034	23.781424812611935	26.209178145797864	0.0
34.0	26.273299135472172	23.628308311406904	23.825369801224934	26.27302275189599	0.0
35.0	26.305359630309326	23.794414840692507	23.693811218962125	26.206414310036042	0.0
36.0	26.198122802750568	23.803535498706523	23.713710836447255	26.284630862095646	0.0
37.0	26.209178145797864	23.717027439361445	23.725318946646915	26.348475468193776	0.0
38.0	26.193977049107836	23.822605965463108	23.730293851018196	26.25312313441086	0.0
39.0	26.272469984743623	23.843058350100605	23.730846618170563	26.15362504698521	0.0
40.0	26.132067128042983	23.835872377119863	23.75240453711279	26.27965595772437	0.0
41.0	26.25671612090123	23.7631834965839	23.807404868773077	26.17269551374179	0.0
42.0	26.29734450660004	23.68855993101466	23.82039489685365	26.19370066553165	0.0
43.0	26.25174121652995	23.771198620293188	23.778108209697745	26.198951953479117	0.0
44.0	26.114654962743494	23.757932208636433	23.786123333407037	26.34128949521304	0.0
45.0	26.243449709244477	23.779490127578658	23.776726291816836	26.200333871360026	0.0
46.0	26.31779689123753	23.715092754328168	23.70735401419506	26.25975634023924	0.0
47.0	26.258650805934508	23.693258451809758	23.730846618170563	26.31724412408517	0.0
48.0	26.2616184424723	23.738243366121548	23.77583142859512	26.224306762811032	0.0
49.0	26.26956093947786	23.73983605016887	23.758630029462328	26.231972980890944	0.0
50.0	26.280892603463617	23.819157698069198	23.764710434527856	26.13523926393933	0.0
51.0	26.239435296198643	23.855363746413943	23.660238020220113	26.244962937167305	0.0
52.0	26.179184009640206	23.815841113487995	23.768303401157485	26.236671475714306	0.0
53.0	26.1858171788026	23.72878076823154	23.78460994201505	26.30079211095081	0.0
54.0	26.147952838167253	23.76056470380136	23.760288321752927	26.331194136278462	0.0
55.0	26.220088552808317	23.7425998706532	23.742876252701635	26.294435323836847	0.0
56.0	26.129435240922234	23.772725513932418	23.87692154619173	26.220917698953617	0.0
57.0	26.365465510284174	23.797323516242976	23.626243028262827	26.210967945210022	0.0
58.0	26.27978707526989	23.722147599069146	23.78571547020878	26.21234985545219	0.0
59.0	26.279510693221454	23.62541388211753	23.82053960831136	26.27453581634966	0.0
60.0	26.310741864694403	23.798152662388272	23.688152607111864	26.20295286580546	0.0
61.0	26.20405839399919	23.79787628033984	23.702524473630387	26.29554085203058	0.0
62.0	26.222299609195783	23.707499350502186	23.718554632439513	26.351646407862518	0.0
63.0	26.197977988933662	23.818604933972328	23.729886296425274	26.253530780668733	0.0
64.0	26.280892603463617	23.830212980006525	23.724358655456612	26.16453576107325	0.0
65.0	26.1357920280362	23.823303428795693	23.753931534638962	26.286973008529152	0.0
66.0	26.257952893443665	23.759735557656057	23.808378798180303	26.173932750719974	0.0
67.0	26.29305341359468	23.693403866032092	23.823303428795693	26.190239291577534	0.0
68.0	26.256018219104632	23.781016975385416	23.775765716465184	26.187199089044768	0.0
69.0	26.116168902597437	23.76167023199509	23.783504413821312	26.338656451586157	0.0
70.0	26.24634484740947	23.768303401157485	23.788755672741544	26.1965960786915	0.0
71.0	26.3240082030192	23.717725486294214	23.710815935083385	26.247450375603204	0.0
72.0	26.257123747298365	23.697825978807025	23.73043906052214	26.31461121337247	0.0
73.0	26.273634054596357	23.735901099721133	23.773212573137396	26.21725227254511	0.0
74.0	26.274390580951856	23.74495605549721	23.75186556851473	26.228787795036208	0.0
75.0	26.286551323862696	23.81598584931734	23.75158918799403	26.145873638825933	0.0
76.0	26.24868719252667	23.85191531700846	23.643248023879277	26.256149466585594	0.0
77.0	26.173235310375325	23.816262229838042	23.768448399756785	26.24205406002985	0.0
78.0	26.18042120391355	23.725609419048148	23.79166436349566	26.302305013542643	0.0
79.0	26.139240506329113	23.757393178928748	23.768724780277488	26.33464153446465	0.0
80.0	26.221878282018686	23.75186556851473	23.73998120612459	26.286274943341994	0.0
81.0	26.132607373832293	23.774528771212207	23.886462882096072	26.206400972859434	0.0
82.0	26.365872533303854	23.789729699850753	23.630258139406337	26.21413962743906	0.0
83.0	26.262506218561715	23.727544082693054	23.796086451826877	26.213863246918358	0.0
84.0	26.271074014703444	23.630258139406337	23.827870211707477	26.270797634182742	0.0
85.0	26.305068818749653	23.790006080371455	23.697418605936655	26.207506494942233	0.0
86.0	26.205295450776628	23.790558841412857	23.70957934884749	26.294566358963024	0.0
87.0	26.222707423580786	23.70515726051628	23.722016472279034	26.3501188436239	0.0
88.0	26.21192858327345	23.82289536233486	23.718976286551325	26.246199767840363	0.0
89.0	26.280747332927973	23.83146315847659	23.730860648941462	26.156928859653974	0.0
90.0	26.128738046542484	23.81902603504505	23.754629373721738	26.297606544690733	0.0
91.0	26.25504394450279	23.765960975070477	23.814051185672433	26.164943894754302	0.0
92.0	26.29733016417003	23.68691614615002	23.826764689624675	26.188989000055273	0.0
93.0	26.247028909402463	23.784754850478137	23.783925708916033	26.18429053120336	0.0
94.0	26.12790890498038	23.756840417887346	23.78834779724725	26.32690287988503	0.0
95.0	26.250345475650878	23.768448399756785	23.781714664750428	26.199491459841912	0.0
96.0	26.323586313636614	23.71676524238572	23.70957934884749	26.250069095130176	0.0
97.0	26.264993643248026	23.69023271239843	23.719529047592726	26.32524459676082	0.0
98.0	26.273212444827692	23.728307643834935	23.775844962011604	26.222634949325773	0.0
99.0	26.277009137089507	23.731282232700057	23.758367374012636	26.2333412561978	0.0
100.0	26.28640602285102	23.81530144656765	23.756709100054724	26.14158343052661	0.0
101.0	26.248265721819013	23.85592915853652	23.64256457595171	26.25324054369276	0.0
102.0	26.17834183659368	23.817788857504517	23.76361857487936	26.240250731022435	0.0
103.0	26.184974932425337	23.72326724190348	23.79180923216388	26.299948593507306	0.0
104.0	26.137437745631832	23.762789437900402	23.770528049703998	26.329244766763765	0.0
105.0	26.2162057586327	23.75256341515994	23.752839794152926	26.278391032054436	0.0
106.0	26.13826688261079	23.768869775746087	23.88522533179298	26.207638009850147	0.0
107.0	26.37042523671861	23.78324148338133	23.6351023431411	26.211230936758962	0.0
108.0	26.266230356363074	23.731282232700057	23.79319112712881	26.209296283808058	0.0
109.0	26.273968968166667	23.627363731337507	23.824145574343188	26.27452172615264	0.0
110.0	26.309621858261796	23.78876906324104	23.695076584618956	26.206532493878203	0.0
111.0	26.21786403259061	23.77467373459878	23.719121557008695	26.288340675801912	0.0
112.0	26.229195571303016	23.706408123331364	23.72354362089646	26.34085268446916	0.0
113.0	26.207914388843136	23.821381784413333	23.71939793600168	26.251305890741854	0.0
114.0	26.27618000011055	23.84238658788023	23.7304530957211	26.15098031628812	0.0
115.0	26.1399251565687	23.819447131462432	23.751181520195015	26.28944619177386	0.0
116.0	26.266783114349046	23.750628762209043	23.81889437347646	26.163693749965454	0.0
117.0	26.30519979437403	23.68429780389252	23.82497471132214	26.18552769041131	0.0
118.0	26.248542100812	23.77108080768997	23.786558031297155	26.193819060200873	0.0
119.0	26.12334241698957	23.758920131998607	23.79374388511478	26.32399356589704	0.0
120.0	26.25489881765067	23.761407542935476	23.787387168276116	26.196306471137742	0.0
121.0	26.321782533953158	23.709724671247187	23.711106566212116	26.25738622858754	0.0
122.0	26.261531913482322	23.690101762745215	23.732387748672	26.315978575100463	0.0
123.0	26.273488824584533	23.723332808211794	23.776674101282126	26.226504265921548	0.0
124.0	26.277154386158863	23.72947874633796	23.763749930904872	26.229616936598312	0.0
125.0	26.286551323862696	23.812669283068928	23.759051462052955	26.141727931015424	0.0
126.0	26.25228013929578	23.85606102481897	23.638825935548063	26.252832900337186	0.0
127.0	26.18511967276546	23.814603946713834	23.76568459454978	26.234591785970924	0.0
128.0	26.183185009120557	23.72256923332044	23.80078492067879	26.293460836880218	0.0
129.0	26.14373485085084	23.75828798377089	23.761328177901106	26.33664898747716	0.0
130.0	26.226925617504886	23.74474530082721	23.75137845165677	26.276950630011136	0.0
131.0	26.144563994704534	23.76657942230784	23.88265956182511	26.206197021162513	0.0
132.0	26.382251899430376	23.784544205804558	23.632534499293843	26.200669395471216	0.0
133.0	26.268935572758757	23.727609661184182	23.796152219756287	26.207302546300777	0.0
134.0	26.27750339258027	23.622861154334075	23.830699880326904	26.268935572758757	0.0
135.0	26.31232743443545	23.78067486782065	23.69554943217465	26.21144826556925	0.0
136.0	26.207578927585338	23.780951249105215	23.71572526594789	26.295744557361555	0.0
137.0	26.232176861911622	23.709368496402895	23.71904184136267	26.339412800322815	0.0
138.0	26.203433208316866	23.812735096830185	23.733137286875483	26.25069440797747	0.0
139.0	26.27308129202723	23.842584275563198	23.730373474029832	26.15396095837974	0.0
140.0	26.141247419289755	23.819644628944307	23.746403588534598	26.29270436323134	0.0
141.0	26.267277285051367	23.746127207250034	23.827936067481254	26.158659440217345	0.0
142.0	26.304035995898502	23.683388655653793	23.82876521133495	26.183810137112758	0.0
143.0	26.250141645408338	23.783715061950865	23.784267824519993	26.1818754681208	0.0
144.0	26.130744930476286	23.759117127624584	23.79283564434151	26.31730229755762	0.0
145.0	26.25373460210768	23.771001522860878	23.788689925073033	26.1865739499584	0.0
146.0	26.327528405086518	23.69886600758943	23.716001647232456	26.257603940091595	0.0
147.0	26.27039008562316	23.69036366349933	23.735966701490803	26.30327954938671	0.0
148.0	26.27903055964756	23.7260825223801	23.7750022801582	26.219884637814143	0.0
149.0	26.27965595772437	23.732228536051473	23.75986689366971	26.22824861255445	0.0
150.0	26.284078094943286	23.802429964401796	23.754615605722247	26.158876334932675	0.0
151.0	26.244278859973026	23.854942843876444	23.655117518296592	26.245660777853935	0.0
152.0	26.19370066553165	23.80795763592544	23.77147500386937	26.226866694673532	0.0
153.0	26.18706745970327	23.719514891547085	23.802153580825614	26.291264067924025	0.0
154.0	26.134903196384897	23.753852106739632	23.770711551483494	26.34053314539198	0.0
155.0	26.223622569545206	23.735887124635518	23.762420021281592	26.27807028453768	0.0
156.0	26.148446029047996	23.76628940204248	23.894531735831848	26.19073283307768	0.0
157.0	26.387518483202744	23.782043309426086	23.62505700427014	26.20538120310103	0.0
158.0	26.276135594157235	23.725660904053175	23.79669167944944	26.201511822340144	0.0
159.0	26.279452206238	23.61593632104805	23.834832718378177	26.269778754335782	0.0
160.0	26.323120931967996	23.77651562262482	23.697193317026656	26.203170128380528	0.0
161.0	26.21284358028274	23.773475394884123	23.72068598593204	26.292995038901097	0.0
162.0	26.2274919503061	23.70659038458881	23.733399665574947	26.332517999530147	0.0
163.0	26.21450188632312	23.809405359092352	23.73533435595539	26.240758398629133	0.0
164.0	26.283597971338946	23.83234525931761	23.733399665574947	26.1506571037685	0.0
165.0	26.14457664828711	23.81769688929425	23.75440487541976	26.28332158699888	0.0
166.0	26.269778754335782	23.748877188618494	23.824330113455773	26.15701394358996	0.0
167.0	26.305985102884073	23.677570028882165	23.838149330458936	26.178295537774833	0.0
168.0	26.247668007130713	23.777344775645012	23.794204220388874	26.1807829968354	0.0
169.0	26.13296850600445	23.753852106739632	23.797797216809695	26.31538217044622	0.0
170.0	26.27005513867584	23.764078327321975	23.787570996227352	26.178295537774833	0.0
171.0	26.323950084988184	23.699680776087227	23.72068598593204	26.255683152992553	0.0
172.0	26.26570558353187	23.694494961499554	23.729595869701008	26.310203585267566	0.0
173.0	26.274346140133165	23.73518917230724	23.77222487859751	26.21823980896209	0.0
174.0	26.281604811338482	23.726134014349995	23.76703923584624	26.225221938465282	0.0
175.0	26.28727785301678	23.804483015947596	23.76081368674166	26.147425444293965	0.0
176.0	26.24112103037506	23.84981067411072	23.656062574279318	26.2530057212349	0.0
177.0	26.182803128713967	23.80641773306432	23.777673364473063	26.233105773748655	0.0
178.0	26.18777811558553	23.717144357535723	23.806970509383376	26.28810701749537	0.0
179.0	26.14418104580041	23.747059912826934	23.777462694405056	26.331296346967598	0.0
180.0	26.22709772283166	23.735727966965996	23.762537692539436	26.27463661766291	0.0
181.0	26.151367157809783	23.76613074854412	23.88801826378006	26.194483829866034	0.0
182.0	26.389338020889475	23.77967380579256	23.624896008667555	26.206092164650407	0.0
183.0	26.27076717273479	23.729371021726934	23.795704363351934	26.20415744218635	0.0
184.0	26.271043561658225	23.61549878527068	23.83826825756131	26.275189395509784	0.0
185.0	26.315542178331665	23.77718630548162	23.700902962612872	26.206368553573846	0.0
186.0	26.213278276659786	23.776909916558182	23.724948798951935	26.2848630078301	0.0
187.0	26.23483661268791	23.702837685076933	23.726883521415996	26.335442180819165	0.0
188.0	26.20415744218635	23.807865475983185	23.73185852203787	26.256118559792597	0.0
189.0	26.27782215380023	23.8312138792229	23.740005030306214	26.150958936670655	0.0
190.0	26.152064498475706	23.812972109439563	23.743321715721365	26.291641676363366	0.0
191.0	26.26455541213962	23.743598106172627	23.82375133703881	26.168095144648944	0.0
192.0	26.305184808475236	23.673947712454428	23.838952811858256	26.181914667212077	0.0
193.0	26.257922041309318	23.772066322652684	23.784227502508244	26.185784133529754	0.0
194.0	26.14073248997394	23.75299538151556	23.794177558753702	26.312094569756805	0.0
195.0	26.268424878457296	23.7593523618946	23.792795606497386	26.179427153150712	0.0
196.0	26.319557111940895	23.68721445411504	23.727567459999392	26.26566097394467	0.0
197.0	26.26186409291167	23.685621576203822	23.7295677794177	26.322946551466806	0.0
198.0	26.270504829949836	23.740689045203908	23.776343610508423	26.212462514337837	0.0
199.0	26.277210865551513	23.739649091773448	23.767841151562724	26.215298891112315	0.0
200.0	26.283989585463875	23.810537255183775	23.756640372358362	26.148832786993992	0.0
201.0	26.24916390733053	23.848956058838812	23.655756463480024	26.246123570350633	0.0
202.0	26.190844716170723	23.800310667160492	23.778199125488527	26.230645491180262	0.0
203.0	26.203558852632103	23.716010414536125	23.80058706143139	26.27984367140038	0.0
204.0	26.152221801487556	23.73956954237274	23.780476007529	26.327732648610702	0.0
205.0	26.236522287113633	23.73431803671079	23.759193589846355	26.269966086329227	0.0
206.0	26.160790047567584	23.777712057180604	23.874726714409302	26.186771180842506	0.0
207.0	26.396831407320597	23.78075240256384	23.620166887322036	26.202249302793522	0.0
208.0	26.272671490721343	23.729263290565452	23.79946821154346	26.19859700716975	0.0
209.0	26.267972736167692	23.617875167911375	23.84009861856616	26.27405347735477	0.0
210.0	26.306944759230287	23.788965113129425	23.705769517797222	26.198320609843062	0.0
211.0	26.20744172162367	23.781778782635616	23.73009248254551	26.28068701319521	0.0
212.0	26.247242936666314	23.703005544530374	23.7229061520517	26.326845366751613	0.0
213.0	26.19914980182312	23.813011680551025	23.738108005019377	26.249730512606483	0.0
214.0	26.287946002869013	23.836571336965203	23.731816460611892	26.143666199553895	0.0
215.0	26.148917763276092	23.81363029544192	23.75531029831646	26.282141642965527	0.0
216.0	26.25477823199197	23.75144072504747	23.843204891140612	26.150576151819944	0.0
217.0	26.29568514940699	23.67874802720863	23.833807356058784	26.1917594673256	0.0
218.0	26.237365152281527	23.782397311199375	23.79290043864377	26.18733709787533	0.0
219.0	26.124041935118314	23.753651909772607	23.799257594728534	26.323048560380546	0.0
220.0	26.258371407170316	23.760561862038656	23.796770011912756	26.184296718878265	0.0
221.0	26.320284579474123	23.692015135559444	23.727117693070976	26.260582591895453	0.0
222.0	26.26314276553638	23.681853862397595	23.739621223009653	26.315382149056376	0.0
223.0	26.268190549897042	23.738304841139318	23.77617158888321	26.21733302008043	0.0
224.0	26.284570777845957	23.718193225979427	23.770432898279132	26.22680309789549	0.0
225.0	26.270895984433047	23.809813373430035	23.761166637183795	26.15812400495312	0.0
226.0	26.255141075535114	23.841875995046877	23.650053069166816	26.252929860251196	0.0
227.0	26.18852821510702	23.795716875995048	23.775539536529276	26.240215372368652	0.0
228.0	26.193227047585353	23.710308685653636	23.812577392534937	26.283886874226077	0.0
229.0	26.142585871875596	23.746161436638484	23.781541174552018	26.3297115169339	0.0
230.0	26.229653195647185	23.73593448114785	23.767168156024642	26.26724416718032	0.0
231.0	26.146191798996643	23.78290973920975	23.884627610321047	26.18627085147256	0.0
232.0	26.386389706593693	23.78760866260348	23.623422751081442	26.202578879721383	0.0
233.0	26.270924087300713	23.730457952811623	23.80536452690003	26.19325343298764	0.0
234.0	26.27368816752537	23.611326095128586	23.841297569820664	26.27368816752537	0.0
235.0	26.31818985914247	23.78352829312518	23.685403445149593	26.212878402582756	0.0
236.0	26.20845587422329	23.77495964442872	23.73294562501382	26.283638856334168	0.0
237.0	26.239413572739533	23.699223846272915	23.736262521283418	26.32510005970413	0.0
238.0	26.19491188112244	23.811721911416758	23.73543329721602	26.257932910244786	0.0
239.0	26.28896327356454	23.830583526589145	23.72637741408524	26.154075785761076	0.0
240.0	26.15550893254498	23.80675959941067	23.74954045006869	26.28819101797566	0.0
241.0	26.267311679336558	23.753420870767105	23.82667588113338	26.152591568762958	0.0
242.0	26.30129791145452	23.673407328569258	23.83319280688902	26.192101953087203	0.0
243.0	26.235381935804924	23.782588261314313	23.79364684415692	26.18838295872384	0.0
244.0	26.125471048651754	23.752187628734866	23.80471836612818	26.3176229564852	0.0
245.0	26.263983587429564	23.743758191078154	23.813157705558044	26.179100515934238	0.0
246.0	26.31926759737764	23.692760307361354	23.726493741341983	26.26147835391902	0.0
247.0	26.266089673574918	23.679851788355986	23.73266601224958	26.32139252581952	0.0
248.0	26.2724331499046	23.741946188092804	23.77512927577911	26.210491386223488	0.0
249.0	26.28771475738948	23.722931512682887	23.772153228861622	26.217200501066007	0.0
