# Position (bp)	A	C	G	T	N
0.0	29.114622639941224	15.995704601595149	22.247720147479775	32.29361641294338	0.34833619804047383
1.0	25.817355803276072	16.086050926403068	26.69289231250021	31.403285381349594	4.1557647105759226E-4
2.0	28.2570986635903	19.676116590713203	22.89965748215724	29.165631189486923	0.0014960740523409818
3.0	29.116901466982505	20.12583634625774	21.845488924905457	28.908282425300253	0.0034908365540456303
4.0	27.987782072060842	20.897893030794165	22.321489423596393	28.791006940115533	0.0018285334330715207
5.0	27.08689689564892	21.77268004820679	22.967709761875078	28.17138345177243	0.0013298424967792875
6.0	27.70543988696339	21.38295308149441	22.896729418609482	28.01487761293272	0.0
7.0	26.60300045713336	22.31907908407098	22.505007688151935	28.572912770643725	0.0
8.0	25.93209491750821	23.160620039064124	22.948510160827826	27.957445040103064	0.0013298424967792875
9.0	26.663342060424718	22.760836138469852	23.12803889789303	27.44703486680796	7.480364044383493E-4
10.0	26.29605618584549	23.03179154718863	23.360179528737067	27.311390932136476	5.818060923409384E-4
11.0	26.170136724431696	23.357021152807214	23.633212816357062	26.83962930640402	0.0
12.0	26.932385820554376	22.76474255080414	23.315380459626812	26.98740805385862	8.311515604870547E-5
13.0	26.537007023230686	22.873457174915846	23.300170386069897	27.289116070315423	2.4934546814611643E-4
14.0	26.34866807962432	23.433736441840168	23.49748576652953	26.71977725138179	3.324606241948219E-4
15.0	26.90329551593733	22.864813198686782	23.401820221917465	26.830071063458423	0.0
16.0	26.513984125005198	23.112496363711923	23.42143539874496	26.951917882225825	1.6623031209741094E-4
17.0	26.288658936957155	23.614511906246104	23.656235714582554	26.440593442214187	0.0
18.0	26.79391597057724	23.10759256950505	23.42035490171633	26.678136558201388	0.0
19.0	26.368366371607866	23.269750238956075	23.572871213065703	26.78843037027802	5.818060923409384E-4
20.0	26.16722769397	23.792128994722187	23.68150272202136	26.359140589286454	0.0
21.0	26.87794539334248	23.13842829239912	23.337572206291817	26.645887877654488	1.6623031209741094E-4
22.0	26.5233761376387	23.145160620039064	23.39209574865977	26.93936749366247	0.0
23.0	26.402942276524122	23.661305739101525	23.574450401030628	26.36130158334372	0.0
24.0	27.039604371857205	23.05439886963388	23.279142251589576	26.626438931139095	4.155757802435274E-4
25.0	26.663591405892866	23.192453143830775	23.317042762747786	26.826829572372525	8.311515604870547E-5
26.0	26.607156214935795	23.54137056892324	23.481860117192372	26.369529983792546	8.311515604870547E-5
27.0	27.2102397872252	23.08830985330175	23.118730000415578	26.581722977184892	9.973818725844657E-4
28.0	26.89722810954577	23.13585172256161	23.075094543490003	26.885758218011052	0.0060674063915555
29.0	26.837052736566513	23.49972987574284	23.16668744545568	26.495449445206333	0.0010804970286331713
30.0	27.514441258363465	22.936375348044717	22.750862319744005	26.798237958691768	8.311515604870547E-5
31.0	27.252877862278186	22.926152183850725	22.62668827660724	27.188463616340442	0.005818060923409384
32.0	27.14690603831609	23.45177243070274	22.612392469766863	26.78826413996592	6.649212483896438E-4
33.0	28.101816066159664	22.921747080580143	21.98944437518181	26.980426380750526	0.006566097327847733
34.0	27.9547853551095	22.966047458754105	21.634542658853842	27.444125836346256	4.986909362922329E-4
35.0	27.921405594239783	23.419808607481997	21.616886521291253	27.039001253175748	0.0028980238112174595
36.0	28.637943294467842	22.779788204660317	21.345794148648157	27.235542400539785	9.319516838969E-4
37.0	28.260491965828592	22.870763437348945	21.314846815264183	27.55320299868289	6.947828753887062E-4
38.0	28.319383124521774	23.194403525244965	21.34657490403712	27.137624868322607	0.0020135778735345922
39.0	28.92017597283513	22.69602722838248	21.01829704659152	27.363344890198437	0.002154861992430764
40.0	28.624965193378898	22.819889567254904	20.95924007874504	27.593716447329225	0.0021887132919342265
41.0	28.5035657406463	23.239685241991793	21.08324245728826	27.172852775576708	6.53784496938981E-4
42.0	29.103931947123208	22.64155728154793	20.770469469611903	27.48333687892804	7.04422788922529E-4
43.0	28.744815948070386	22.688289792120088	20.795910938635142	27.770526408775154	4.569123992317779E-4
44.0	28.45815195884448	23.17174515235457	20.896979290331092	27.47098008178341	0.0021435166864529746
45.0	29.245657444024115	22.536774959417034	20.54928237876957	27.66792765863112	3.57559158162718E-4
46.0	28.848832668571905	22.624878332144988	20.656239011037048	27.86869002819003	0.0013599600560303543
47.0	28.844374009508716	22.939672477548864	20.674484944532487	27.537242472266243	0.004226096143687269
48.0	29.421110597605534	22.375660755221087	20.404029256022387	27.797589896049608	0.001609495101386695
49.0	29.059627562856605	22.456078751018875	20.382719919744186	28.10157376638034	0.0
50.0	28.915375707985557	22.939416420063672	20.47785774315146	27.667350128799306	0.0
51.0	29.553082811038283	22.374850932957937	20.29374052919921	27.774440270069135	0.003885456735439251
52.0	29.129542349503517	22.469717669976532	20.31579910705531	28.083306640867583	0.0016342325970570741
53.0	28.712920814366466	23.04251198753725	20.567826950699246	27.676740247397042	0.0
54.0	29.55034797525683	22.33215713398122	20.221250522646724	27.895853604210874	3.907639043566268E-4
55.0	29.116108204386066	22.566129184185513	20.37395422122128	27.942095753517325	0.001712636689815806
56.0	29.205937739207204	22.816434444898402	20.254246441535997	27.718685281976867	0.00469609238152933
57.0	29.6215804218853	22.311717205009888	20.092081410678972	27.968441001977588	0.006179960448253132
58.0	29.55433093118553	22.337148509255332	20.181998021760634	27.925957326550797	5.652112477038294E-4
59.0	28.908704462222	22.831010614895554	20.309585628683145	27.95007962720834	6.196669909590587E-4
60.0	29.762754252550174	22.25597531719981	20.132928296193604	27.84630335650744	0.002038777548981631
61.0	29.40935192780968	22.335744649116265	20.17003505108509	28.083376836453127	0.0014915355358341414
62.0	29.110765706806284	22.81413612565445	20.34276832460733	27.73151178010471	8.18062827225131E-4
63.0	29.749694090549195	22.210825595623696	20.12974159648744	27.907039516303172	0.0026992010364931983
64.0	28.95809975492871	22.47313641640291	20.37762806711183	28.189151378650024	0.001984382906525643
65.0	29.214071448050177	22.955004090537223	20.23670575402236	27.592037087537495	0.00218161985274066
66.0	29.95533355746602	22.360837615868594	19.954613130973538	27.72801498487104	0.001200710820805917
67.0	29.24807968484433	22.63139171794095	19.764423773699257	28.35610482351546	0.0
68.0	29.241767324507347	22.644026506967503	20.300740977045663	27.81346519147949	0.0
69.0	30.048272236294988	21.880227500836398	19.85693574853829	28.208191941882138	0.00637257244818302
70.0	29.361478496978187	22.228256109310678	19.782780064815626	28.625733555224663	0.001751773670841727
71.0	29.249095122278185	23.197426125591285	19.581745408583412	27.96215791791945	0.00957542562766915
72.0	29.408184679958026	22.398740818467996	20.088142707240294	28.10283315844701	0.002098635886673662
73.0	29.251026149518054	22.531476271733617	20.200156804870176	28.017340773878153	0.0
74.0	28.336880510793556	22.919833789399007	20.69017938583156	28.053106313975878	0.0
75.0	25.65004136626876	23.98061694835126	20.529488240160738	29.839853445219237	0.0
