# Position (bp)	A	C	G	T	N
0.0	26.93444504116745	24.169599839271154	25.89086666074237	22.778194195988732	0.22689426283029587
1.0	25.397765250887677	23.301239080291012	24.814350458424936	26.48471337333524	0.0019318370611349155
2.0	24.41320449268027	24.488063178799248	25.866815289331235	25.231337488070903	5.795511183404748E-4
3.0	26.180545628059548	25.318849706940316	23.683163267277386	24.817248214016637	1.9318370611349158E-4
4.0	27.012394666584242	24.671104740341782	22.529083806955384	25.787416786118595	0.0
5.0	26.56160048836841	23.92850657404152	24.012541486200888	25.497351451389182	0.0
6.0	26.250961088937913	23.72836825450794	24.720656360959893	25.300014295594252	0.0
7.0	25.27480382194644	24.689940151687846	24.537614799417355	25.491652532058833	0.005988694889518238
8.0	24.878680632560727	25.1782119688897	24.773298920875817	25.16980847767376	0.0
9.0	24.913550291514213	25.27258220932614	24.855595179680165	24.95518138018167	0.0030909392978158653
10.0	24.89877173799653	25.23867846890322	24.695928846577363	25.16662094652289	0.0
11.0	25.24157622449492	24.84893034181925	24.73495195521229	25.17454147847354	0.0
12.0	25.898304233427737	24.153662183516794	24.452324193168252	25.495709389887217	0.0
13.0	26.181801322149283	23.9790241131902	24.070593189887994	25.768581374772527	0.0
14.0	25.943509220658296	24.068178393561574	24.397653204338134	25.588920528086977	0.0017386533550214239
15.0	25.982532329293218	24.19374780253534	24.529597675613648	25.292286947349712	0.0018352452080781698
16.0	25.54497123494616	24.4781142179344	24.792327515927997	25.18458703119144	0.0
17.0	25.136387696516127	24.84052685060331	25.350531834742927	24.672553618137634	0.0
18.0	25.277604985685088	24.854532669296542	25.217524853083788	24.65033749193458	0.0
19.0	25.210666831516765	25.043176558316365	24.676996843378245	25.06915976678863	0.0
20.0	25.31247464463857	24.889981879368367	24.71350856383369	25.08403491215937	0.0
21.0	25.779979213433222	24.346266338511942	24.34230607253662	25.531448375518217	0.0
22.0	25.688796504147653	24.200895599661543	24.059485126786466	26.050629585698225	1.9318370611349158E-4
23.0	25.496385532858618	24.29304422747768	24.38084622190626	25.825956935488232	0.0037670822692130856
24.0	25.626977718191334	24.164383879206092	24.471449380073487	25.737189022529083	0.0
25.0	25.399986863507984	24.468551624481787	24.66598537212977	25.4653795480274	9.659185305674579E-5
26.0	25.291031253259977	24.64473516445729	25.12846716456547	24.93402776436224	0.0017386533550214239
27.0	25.41814613188265	24.553745638877835	25.08219966695129	24.94561878672905	2.897755591702374E-4
28.0	25.229792018422	24.764702245953767	24.764509062247654	25.240996673376582	0.0
29.0	25.22882609989143	24.75214530505639	24.63468961173939	25.384338983312794	0.0
30.0	25.33034413745407	24.50487016123112	24.314873986268502	25.846917367601545	0.002994347444759119
31.0	25.173092600677688	24.34462427700998	24.10633217551899	26.375950946793342	0.0
32.0	25.144211636613722	24.19596941515565	24.34404472589164	26.305728669621086	0.01004555271790156
33.0	25.318559931381145	24.097252541331653	24.193458026976174	26.39072950031103	0.0
34.0	25.135228594279447	24.308788699525927	24.22262876659931	26.333353939595316	0.0
35.0	25.051460399694513	24.542381367277148	24.742551321053245	25.65695739714521	0.006649514829884875
36.0	25.40440312034025	24.449609957468844	24.80329217127148	25.342496331725144	1.984191942791778E-4
37.0	25.265232071763343	24.512825681600564	24.761679181575367	25.46026306506073	0.0
38.0	25.14541442084451	24.534017539973583	24.99600059068199	25.324567448499913	0.0
39.0	25.253275423901428	24.582679188641226	24.57797874773987	25.58606663971747	0.0
40.0	25.066793364553284	24.545229867180275	24.41569122077391	25.972072490508314	2.1305698422099972E-4
41.0	24.931478827801044	24.568390059832936	24.56915170843221	25.930979403933808	0.0
42.0	25.157997840677627	24.29237670157942	24.428614360606836	26.12012065492025	8.904422158654542E-4
43.0	24.991811220966927	24.324040543301237	24.409865795327317	26.274282440404516	0.0
44.0	25.023707571067032	24.490477703161282	24.50677116362268	25.979043562149002	0.0
45.0	25.197645161134535	24.349473348690978	24.422760222734144	26.030121267440343	0.0
46.0	25.226351465155535	24.417387485511885	24.460805046418113	25.895456002914468	0.0
47.0	25.228798362883765	24.477290696652904	24.816935471368552	25.476975469094782	0.0
48.0	25.310880759570352	24.452825737897832	24.708821534741713	25.5274719677901	0.0
49.0	25.058478921844884	24.591482463281082	24.59677026585123	25.7532683490228	0.0
50.0	24.983918413958094	24.649999638616045	24.649710531451248	25.716371415974614	0.0
51.0	25.071609326579125	24.535723468462574	24.662327254246563	25.730339950711734	0.0
52.0	25.036155440219876	24.507127786786203	24.477389545912715	25.97917071002398	1.565170572288968E-4
53.0	25.070982998328372	24.5458474334407	24.620703714274065	25.76246585395686	0.0
54.0	25.272774314787515	24.3850875431077	24.464919776265486	25.875005532084387	0.0022128337549065335
55.0	25.298661916312376	24.407970487059615	24.365437969259133	25.92703982574125	8.898016276251372E-4
56.0	25.293160094466838	24.431932472602384	24.557652335223167	25.717255097707614	0.0
57.0	25.407028656614937	24.501239696064427	24.487758367704206	25.603973279616426	0.0
58.0	25.21813378872375	24.443299582718424	24.617765562878567	25.720801065679254	0.0
59.0	25.222721717688618	24.67925049769613	24.723945985395154	25.373865878989665	2.1592023043006992E-4
60.0	25.34330779876243	24.49659930418105	24.6583965259046	25.501696371151915	0.0
61.0	25.314589938386074	24.593886462882097	24.3168032541724	25.768977687384098	0.005742657175330502
62.0	25.045101793993148	24.656823221124775	24.62129610965531	25.67350332594235	0.003275549284418464
63.0	25.44037805477015	24.418249638272734	24.361169739689114	25.780202567267995	0.0
64.0	25.43887424028873	24.356434533833596	24.204842537666828	25.999568481193908	2.802070169441183E-4
65.0	25.44746851366751	24.288653080554692	24.23774215986621	26.026136245911584	0.0
66.0	25.708123742061094	24.15931336490636	24.09357969893981	26.038983194092737	0.0
67.0	25.48573092988925	24.450718583883333	23.986336645461105	26.077213840766312	0.0
68.0	25.162815328664266	24.429138069502944	24.732148180361158	25.675898421471633	0.0
69.0	25.562803929015587	24.3191617702911	24.511293313375482	25.604134551655832	0.0026064356619974233
70.0	25.027637225262207	24.684103543508325	24.42219378152526	25.864084286602978	0.001981163101233472
71.0	25.190133650608132	24.561610029471243	24.442211562312128	25.80520392333273	8.408342757684174E-4
72.0	25.139971849237025	24.40313679930293	24.507696776067384	25.94919457539266	0.0
73.0	25.463974704786462	24.50544918440002	24.16413445903986	25.866441651773652	0.0
74.0	25.142162892460323	24.54074328003065	24.413199975802062	25.902885604242705	0.0010082474642576274
75.0	24.4778517328437	24.672940096396605	24.42976272446091	26.419445446298784	0.0
76.0	24.8208483074738	24.660526372420325	24.436721255030236	26.033484688717206	0.048419376358432506
77.0	24.93661054891838	24.52657788336341	24.63051374009183	25.846905909495852	0.059391918130525155
78.0	24.992403340099425	24.76754220704241	24.852624797928847	25.34975022182247	0.03767943310685158
79.0	24.997406504486747	24.808081332019295	24.451475698947043	25.709321022874633	0.033715441672285906
80.0	25.13731512610855	24.543781734667053	24.666915701656084	25.614632189155913	0.03735524841240195
81.0	25.510279489794414	24.57322750853545	24.590963508180728	25.293013494139732	0.03251599934968001
82.0	25.139101240483587	24.61106820295383	24.177608246772696	26.042274167362827	0.029948142427060512
83.0	25.54808192294144	24.17766744384991	24.39404867739068	25.8533639733633	0.026837982454668972
84.0	25.414068502206575	24.610051993067593	24.224124068680876	25.721381479033035	0.030373957011917307
85.0	25.243807387411366	24.572742999448703	24.173526224740034	25.981407904492137	0.028515483907761915
86.0	25.084711372628586	24.632241046971696	24.802678299685503	25.43775996753576	0.04260931317845186
87.0	25.432713111207267	24.58459541324102	24.433145824318476	25.52790999567287	0.021635655560363478
88.0	25.320935396572064	24.733421229153656	24.266185552702797	25.642449055119933	0.03700876645155321
89.0	25.35371806625864	24.868052630274796	24.426989122085388	25.32398344772902	0.02725673365215452
90.0	25.248392752776155	24.464693693215025	24.472663514159716	25.78502736305191	0.029222676797194622
91.0	25.330115007809173	24.4299304273747	24.3078233707227	25.889535709214822	0.04259548487860287
92.0	25.14219667244578	24.546035222191804	24.47911914104085	25.805274203850715	0.027374760470845878
93.0	25.105093362009974	24.006908462867013	24.674943787271484	26.177208589956656	0.03584579789487405
94.0	24.49277376320178	24.96178432462479	24.21136742634797	26.313229571984436	0.02084491384102279
95.0	24.94331065759637	24.83179063975317	23.94706516486376	26.248094866361843	0.029738671424854098
96.0	25.17426807408883	24.262099183429594	24.875522804222268	25.668193586934873	0.01991635132443736
97.0	24.965747559513616	24.486213392704233	24.400582291488266	26.1217674259291	0.02568933036478849
98.0	25.073719130114263	24.06929598230741	24.870991522300038	25.9537412458533	0.03225211942499079
99.0	25.071974585525663	24.843641417651146	24.60538072073861	25.434329395413478	0.044673880671100966
100.0	25.075963537502	24.29233967695506	24.494909110293726	26.104803027879953	0.03198464736926275
101.0	25.080589454294266	24.389822703200554	24.40133548238545	26.11098319134239	0.01726916877734285
102.0	24.918154302304032	24.806967694113286	24.263388720736305	25.992958181481253	0.018531101365124467
103.0	24.928614117803306	24.19815392788366	25.001660136795273	25.83836908161232	0.03320273590543861
104.0	24.115847150074718	24.91994591902085	24.613961431722764	26.328897744253897	0.02134775492777343
105.0	24.79951118918506	24.990452913770717	24.776598182234782	25.387611700908884	0.04582601390055755
106.0	25.354188846122348	23.92105478666776	24.666284497584144	26.02571451969536	0.03275734993039063
107.0	25.221355308144123	23.783641623564478	24.85316034014202	26.10677654072061	0.03506618742877181
108.0	24.64437117286858	24.700894959962316	24.258125294394723	26.340084785680638	0.05652378709373528
109.0	25.400040510431438	23.951792586591047	24.549321450273446	26.03807980554993	0.06076564715414219
110.0	25.503209661625505	24.523990860624522	24.74159503862474	25.187683603525183	0.04352083560004352
111.0	25.064237327727167	23.96636299929923	24.643774818967533	26.278906797477227	0.046718056528848396
112.0	25.72003521569614	23.83348006540058	24.575525091183497	25.833228524713874	0.037731103005911204
113.0	24.521644727914236	24.37237074229882	24.684489075858327	26.421495453928618	0.0
114.0	24.5131058720164	24.835261385268705	24.703470493483675	25.845658222287305	0.10250402694391567
115.0	26.26597255087553	23.505284745227954	24.78308881527055	25.42987852973655	0.015775358889414736
116.0	25.11477639857167	24.876721645978574	24.24757694269682	25.692909369154904	0.06801564359802754
117.0	24.908223201174742	25.073421439060205	24.430983847283407	25.55066079295154	0.03671071953010279
118.0	25.07468631746664	25.39334793865764	23.979286994622584	25.492929695279827	0.059749053973312094
119.0	26.220968092033864	24.61471673540265	24.506186238332972	24.61471673540265	0.04341219882787063
120.0	25.477256658024984	25.830780108413858	23.473957105821352	25.147301437662033	0.07070469007777516
121.0	24.825986078886313	24.181490074761534	25.290023201856147	25.676720804331016	0.025779840164990978
122.0	24.846625766871167	25.09760178471835	24.17735638594534	25.82264361405466	0.055772448410485224
123.0	24.624808575803982	25.727411944869832	23.828483920367535	25.788667687595712	0.030627871362940276
124.0	25.683428957138037	24.029699628754642	23.962200472494093	26.155923050961867	0.16874789065136686
125.0	23.721275018532246	23.79540400296516	24.796145292809488	27.613046701260192	0.07412898443291327
126.0	25.398121682319314	24.703960800326662	23.27480604328297	26.500612494895876	0.12249897917517355
127.0	25.124490719782706	24.354911724762335	23.811679492983252	26.618379357175193	0.09053870529651425
128.0	26.067302862882975	23.053741838272224	24.359618282270215	26.36865896534405	0.15067805123053743
129.0	26.96883852691218	24.475920679886688	22.379603399433428	26.11898016997167	0.05665722379603399
130.0	24.58808618504436	26.996197718631176	22.9404309252218	25.41191381495564	0.06337135614702154
131.0	24.152847873107426	24.585436193222783	25.378514780100936	25.811103100216293	0.07209805335255948
132.0	24.392288348700756	25.14668901927913	25.901089689857503	24.392288348700756	0.16764459346186086
133.0	26.459143968871597	24.610894941634243	25.486381322957197	23.249027237354085	0.19455252918287938
134.0	24.056603773584907	24.410377358490564	24.29245283018868	27.004716981132077	0.2358490566037736
135.0	25.467625899280577	27.62589928057554	22.302158273381295	24.46043165467626	0.14388489208633093
136.0	25.48330404217926	25.13181019332162	25.83479789103691	23.374340949033392	0.17574692442882248
137.0	24.786324786324787	23.076923076923077	26.70940170940171	25.427350427350426	0.0
138.0	26.608187134502927	27.485380116959064	24.561403508771928	21.34502923976608	0.0
139.0	25.806451612903224	28.57142857142857	17.972350230414747	27.64976958525346	0.0
140.0	23.14814814814815	32.407407407407405	20.37037037037037	24.074074074074073	0.0
