# Position (bp)	A	C	G	T	N
0.0	26.0194203899086	24.04256277108253	24.072878990259788	25.865137848749082	0.0
1.0	26.007413966472065	23.942309135387433	24.050066785730365	26.000210112410137	0.0
2.0	25.840804651176754	24.068999258621155	24.053091129567207	26.03710496063488	0.0
3.0	25.927804573517538	24.24942748492552	23.99100783662836	25.83176010492858	0.0
4.0	25.87343747655277	24.184036375095666	23.970047569741443	25.972478578610126	0.0
5.0	26.145216858936653	23.939714055916355	23.947216786910435	25.96785229823656	0.0
6.0	25.883789883081647	24.111408542001776	23.970362278827455	26.03443929608912	0.0
7.0	25.938985451577278	24.062515004561387	23.89836510299131	26.100134440870026	0.0
8.0	25.932638755521413	24.064660553101593	24.020849337430384	25.98185135394661	0.0
9.0	26.017445785735504	24.038216292935566	24.015111279147575	25.92922664218135	0.0
10.0	26.00096015362458	23.985837734037446	24.069251080172826	25.943951032165145	0.0
11.0	25.82363178108497	23.96873499759962	24.05244839174268	26.155184829572732	0.0
12.0	25.910045607297167	24.051848295727314	23.936329812770044	26.101776284205474	0.0
13.0	26.077772443590973	23.992738838214116	23.987938070091214	25.941550648103696	0.0
14.0	26.130580892942874	23.978336533845415	24.012842054728758	25.878240518482958	0.0
15.0	25.91784685549688	24.083353336533843	24.05574891982717	25.943050888142103	0.0
16.0	25.94477332941272	23.964462420600032	24.036173679267645	26.054590570719604	0.0
17.0	26.001182185603138	23.999267885057954	23.979764823077225	26.019785106261683	0.0
18.0	25.86946150545636	24.187097374287763	24.082380933806608	25.861060186449276	0.0
19.0	25.95197445999022	24.007069109850246	23.97706439911066	26.063892031048873	0.0
20.0	25.92309215619205	23.883978132632425	24.112013250040505	26.08091646113502	0.0
21.0	25.928192941713025	24.17382276870638	23.955089083718892	25.942895205861703	0.0
22.0	26.014906295569517	23.958689638204284	24.098211124513174	25.928192941713025	0.0
23.0	26.03800985351744	24.05020373137463	24.033101097569027	25.878685317538903	0.0
24.0	25.93509400447669	24.086509322435656	23.98239328856644	25.996003384521217	0.0
25.0	26.013706110741055	24.032200958947676	24.08680936864277	25.867283561668497	0.0
26.0	26.026908143854154	23.927784878871346	24.049303592753287	25.996003384521217	0.0
27.0	25.869083838911195	24.040602252746922	24.05410433206714	26.036209576274743	0.0
28.0	25.944095390690165	24.21912974598088	23.983893519602017	25.852881343726935	0.0
29.0	25.893087535480465	24.180723831470047	23.966790885796414	25.959397747253078	0.0
30.0	26.148126811528975	23.923584231971724	23.9325856181852	25.9957033383141	0.0
31.0	25.89848836720855	24.10451209486261	23.974592087181428	26.022407450747416	0.0
32.0	25.945295575518628	24.047803361717705	23.913082614722665	26.093818448041002	0.0
33.0	25.936894281719386	24.07450747415102	23.998895829957814	25.989702414171784	0.0
34.0	26.048811516973615	24.031600866533445	24.012097863070913	25.907489753422023	0.0
35.0	26.007405140391622	23.983593473394905	24.062205579659267	25.946795806554206	0.0
36.0	25.80277362713858	23.973991994767193	24.063105718280614	26.160128659813616	0.0
37.0	25.911990446528765	24.05560456310272	23.93768640370617	26.094718586662346	0.0
38.0	26.063213734915173	23.99469518305819	23.984793658223367	25.957297423803265	0.0
39.0	26.097719048733502	23.99139467477992	24.029500543083635	25.881385733402944	0.0
40.0	25.910190169286068	24.0553045168956	24.06700631897312	25.967498994845208	0.0
41.0	25.938016640512718	23.965518793337797	24.044430709037066	26.052033857112423	0.0
42.0	25.98962443328943	24.008125226909264	23.994923233408244	26.007327106393063	0.0
43.0	25.88070798690602	24.19235304530984	24.07023460542542	25.85670436235872	0.0
44.0	25.947318045024797	23.997023550556136	23.97542028846356	26.080238115955513	0.0
45.0	25.925636994275152	23.882634629925228	24.093265803338895	26.098462572460722	0.0
46.0	25.950540680020644	24.177278237179102	23.970847685457446	25.901333397342807	0.0
47.0	26.01385004980737	23.949244488184252	24.10406740197549	25.932838060032886	0.0
48.0	26.036953469113428	24.05696043014366	24.020955101355	25.88513099938791	0.0
49.0	25.935538459692037	24.086964870800877	23.990050527478065	25.987446142029018	0.0
50.0	26.01385004980737	24.036857454903327	24.078263583010283	25.871028912279016	0.0
51.0	26.00154822913791	23.93124182378992	24.062961318275107	26.00424862879706	0.0
52.0	25.85482651432412	24.047959097946496	24.062961318275107	26.034253069454277	0.0
53.0	25.944239747482627	24.224985297824077	23.993050971543788	25.83772398314951	0.0
54.0	25.893832287178505	24.178778459211962	23.967247152578583	25.960142101030954	0.0
55.0	26.135368034469103	23.936942667514792	23.948944443777677	25.97874485423843	0.0
56.0	25.885431043794483	24.0845645155483	24.002352348147525	26.02765209250969	0.0
57.0	25.971543788480695	24.05426003048451	23.88983569568296	26.08436048535183	0.0
58.0	25.931637882406594	24.081564071482582	24.016454435256417	25.970343610854407	0.0
59.0	26.040253957585723	24.037757588123043	24.01105363593812	25.910934818353116	0.0
60.0	26.014450138620514	23.978948884434896	24.065361673527683	25.941239303416907	0.0
61.0	25.805919276052858	23.95854586478799	24.080663938262862	26.154870920896293	0.0
62.0	25.92923752715402	24.045858787100492	23.943543644459382	26.08136004128611	0.0
63.0	26.080759952472967	23.995451326796367	23.967247152578583	25.956541568152087	0.0
64.0	26.095462128395003	24.002352348147525	24.0263559006733	25.875829622784174	0.0
65.0	25.908234418693965	24.06926225081312	24.06656185115397	25.95594147933894	0.0
66.0	25.930659945692124	23.957573848207993	24.05028729165729	26.061478914442592	0.0
67.0	25.98856834240965	24.013081896875047	23.983077546244207	26.015272214471096	0.0
68.0	25.88295302818909	24.197608653254722	24.083592120857524	25.835846197698665	0.0
69.0	25.966365122942825	23.985177850788364	23.979777067674814	26.068679958594	0.0
70.0	25.926081503573506	23.891792634554108	24.092521138001597	26.089604723870792	0.0
71.0	25.953385380724065	24.159730681756812	23.96110247655167	25.925781460967457	0.0
72.0	26.011293603691726	23.947600559279415	24.1105236943646	25.93058214266426	0.0
73.0	26.019394754055075	24.07061802775994	24.018110571701182	25.8918766464838	0.0
74.0	25.939883463451814	24.07541870945674	23.997707674489778	25.98699015260167	0.0
75.0	26.009493348055422	24.038813511518637	24.079619305941442	25.8720738344845	0.0
76.0	26.012793816721974	23.931698301158765	24.06131670697239	25.99419117514687	0.0
77.0	25.868773365817948	24.047814789700137	24.06221683479054	26.02119500969138	0.0
78.0	25.94258384690626	24.22874048114832	23.993507078005077	25.835168593940338	0.0
79.0	25.895177115150354	24.19783609272517	23.975204479036023	25.93178231308846	0.0
80.0	26.122909453142345	23.947000474067316	23.96050239133957	25.96958768145077	0.0
81.0	25.9104792880589	24.082619732001945	24.00340848400473	26.00349249593442	0.0
82.0	25.962986744117668	24.052915514002986	23.90139399794771	26.08270374393164	0.0
83.0	25.928181801815857	24.084419987638245	24.01631031606488	25.971087894481016	0.0
84.0	26.02779594702448	24.06221683479054	24.018410614307232	25.891576603877752	0.0
85.0	26.015194157570377	23.96500303043032	24.06881777212364	25.95098503987566	0.0
86.0	25.807864716789787	23.946700431461267	24.094621436243948	26.150813415505002	0.0
87.0	25.93178231308846	24.04931500273039	23.95270128358227	26.06620140059889	0.0
88.0	26.060500591083937	24.001008143156326	23.974004308611825	25.964486957147916	0.0
89.0	26.10130638550674	23.981805416369127	24.024711509034283	25.89217668908985	0.0
90.0	25.920080651452505	24.058916366123988	24.074518581638593	25.946484400784914	0.0
91.0	25.92150308892936	23.95472970742933	24.061244512987308	26.062522690654	0.0
92.0	25.994413223438055	23.99433521259455	24.003036422062667	26.00821514190472	0.0
93.0	25.868095665297474	24.19026244648006	24.090348558449627	25.85129332977284	0.0
94.0	25.956307926801824	23.988034336772813	23.994035170888754	26.061622565536606	0.0
95.0	25.938827680564557	23.886548570605605	24.110979093156672	26.063644655673173	0.0
96.0	25.928026211564774	24.159585703655697	24.005064688797674	25.90732339598185	0.0
97.0	26.005436739396558	23.958258323131947	24.111879215573317	25.924425721898174	0.0
98.0	26.007537025035404	24.073173951657427	24.024867381963947	25.894421641343225	0.0
99.0	25.938827680564557	24.066273013129784	23.99666354624229	25.99823576006337	0.0
100.0	25.988334413480235	24.0572717889633	24.074674155685173	25.879719641871297	0.0
101.0	26.006336861813207	23.934555099493533	24.06897338037973	25.99013465831353	0.0
102.0	25.871618540121453	24.040169463046972	24.07137370682413	26.016838290007442	0.0
103.0	25.960130577758576	24.209392477376923	23.997863709464486	25.832613235400014	0.0
104.0	25.919024987398288	24.172487458294327	23.97656081227047	25.931926742036914	0.0
105.0	26.135054367393966	23.94325628285447	23.95045726218766	25.971232087563912	0.0
106.0	25.90342286550971	24.095076930462543	24.00326444396438	25.99823576006337	0.0
107.0	25.960430618564125	24.049770768824562	23.91325220229951	26.076546410311803	0.0
108.0	25.962530904202975	24.062672523463192	24.02366721874175	25.95112935359209	0.0
109.0	26.027939799812778	24.041369626269173	24.035068769352634	25.895621804565423	0.0
110.0	26.006036821007655	23.964859220854038	24.089076114351553	25.940027843786755	0.0
111.0	25.820311562372485	23.930654569021385	24.104378195434577	26.144655673171552	0.0
112.0	25.932226782842466	24.047970523991264	23.96305897602074	26.05674371714553	0.0
113.0	26.083147308033894	24.005664770408774	23.96365905763184	25.947528863925495	0.0
114.0	26.126953265644126	23.97566068985382	24.027867790019442	25.86951825448261	0.0
115.0	25.92262547706488	24.070473584407477	24.075274237296274	25.93162670123137	0.0
116.0	25.916546900737796	23.952785720500827	24.09260431637408	26.038063062387295	0.0
117.0	25.99035671744342	23.99389118752794	24.018194419857842	25.997557675170796	0.0
118.0	25.84813780232771	24.207219560201505	24.102805673154528	25.841836964316258	0.0
119.0	25.96245300624983	23.991190828380173	23.991190828380173	26.055165336989823	0.0
120.0	25.93432706848131	23.890449101077746	24.104978277045678	26.07024555339526	0.0
121.0	25.95022923117544	24.161685989294543	23.984061832409207	25.904022947120808	0.0
122.0	26.0099373514798	23.953757711048702	24.113379419601067	25.922925517870432	0.0
123.0	26.018038453229643	24.06417272749094	24.017366361825207	25.900422457454216	0.0
124.0	25.930426538009172	24.079174767768414	23.986162118048053	26.00423657617436	0.0
125.0	25.98113343414704	24.04346991190802	24.093276685629245	25.882119968315692	0.0
126.0	26.018638534840736	23.918052855188304	24.080975012601712	25.982333597369244	0.0
127.0	25.88302009073234	24.032668442908236	24.083975420657207	26.000336045702216	0.0
128.0	25.950307092685883	24.2067647402989	24.002136296945274	25.84079187006994	0.0
129.0	25.91340196287284	24.157557900548177	23.984133794597447	25.944906341981532	0.0
130.0	26.152535202393135	23.93282666290614	23.953829582311943	25.96080855238878	0.0
131.0	25.8996777542411	24.102722586607296	24.02111099776168	25.97648866138992	0.0
132.0	25.967187340602365	24.037613341094435	23.933498556795065	26.061700761508135	0.0
133.0	25.93538282436106	24.06671747388129	24.02801197770083	25.969887724056818	0.0
134.0	26.02749590441843	24.036713213276283	24.05591594006349	25.8798749422418	0.0
135.0	26.005292751570725	23.95780200788512	24.079019220729343	25.957886019814815	0.0
136.0	25.824367060122537	23.92659757685591	24.10842339612225	26.140611966899304	0.0
137.0	25.953685423330114	24.034912957639985	23.97040379733922	26.04099782169068	0.0
138.0	26.103706726355142	23.989306481520376	23.96380286000612	25.943183932118362	0.0
139.0	26.10430681156724	23.979105032914674	24.042113980185185	25.874474175332896	0.0
140.0	25.919480566240406	24.054115684427188	24.081419561577743	25.94498418775466	0.0
141.0	25.89795520350451	23.950672847562895	24.087192642933225	26.064179305999367	0.0
142.0	26.012871866420635	23.979777067674814	24.025083637127384	25.982267428777174	0.0
143.0	25.88025263663231	24.180206129888834	24.110295992918974	25.829245240559885	0.0
144.0	25.970865775537455	23.994179155977616	23.995979417015466	26.038975651469464	0.0
145.0	25.93493837087889	23.885935118397523	24.120869888743535	26.058256621980053	0.0
146.0	25.93763877053804	24.145473530082455	24.010453547124975	25.906434152254533	0.0
147.0	26.021051115565104	23.936942667514792	24.108268023667502	25.933738193252605	0.0
148.0	26.02195124878482	24.05846065217652	24.020355012541856	25.899233086496803	0.0
149.0	25.932615824989576	24.050731660480732	24.013826087739247	26.002826426790442	0.0
150.0	25.98280135140812	24.05320419344579	24.08110849070757	25.882885964438522	0.0
151.0	26.01760671143356	23.91638312300094	24.096710893477596	25.969299272087902	0.0
152.0	25.884086149266988	24.02469980376978	24.086509322435656	26.004704724527578	0.0
153.0	25.93667205751303	24.206600436268495	24.00676906274285	25.849958443475625	0.0
154.0	25.902466687269904	24.15589247511859	23.99746760241358	25.944173235197926	0.0
155.0	26.153606116160237	23.930557097464302	23.96176199663347	25.954074789741988	0.0
156.0	25.886641862698035	24.088454152664426	24.009241478636582	26.015662506000957	0.0
157.0	25.950552088334135	24.03354536725876	23.937830052808447	26.078072491598657	0.0
158.0	25.964954392702833	24.05274843975036	24.027844455112817	25.95445271243399	0.0
159.0	26.05676908305329	24.029944791166585	24.038346135381662	25.874939990398467	0.0
160.0	26.02706433029285	23.954032645223236	24.101056168987036	25.91784685549688	0.0
161.0	25.81192990878541	23.925228036485837	24.105556889102257	26.157285165626497	0.0
162.0	25.95985357657225	24.02364378300528	23.956132981277005	26.060369659145465	0.0
163.0	26.118879020643305	23.97653624579933	23.96243398943831	25.942150744119058	0.0
164.0	26.10357657225156	23.960933749399903	24.04794767162746	25.887542006721077	0.0
165.0	25.934949591934707	24.04554728756601	24.074051848295728	25.945451272203552	0.0
166.0	25.918524719529284	23.948403589785137	24.10022833721897	26.032843353466617	0.0
167.0	26.015740565712207	23.97900857839828	24.02461601241002	25.98063484347949	0.0
168.0	25.863915818278375	24.182741786911265	24.109829902274072	25.843512492536284	0.0
169.0	25.962331860093197	23.995811317244712	23.99251077925702	26.049346043405073	0.0
170.0	25.93210472938508	23.893566332011112	24.115603190129562	26.05872574847425	0.0
171.0	25.962109710211895	24.142907722681965	24.001884312795923	25.893098254310214	0.0
172.0	26.034421714004523	23.927171910537147	24.101200799332688	25.93720557612564	0.0
173.0	26.02422002052341	24.069695569464532	24.026188347265645	25.879896062746415	0.0
174.0	25.933382741683342	24.05266490036816	24.005556939122712	26.00839541882578	0.0
175.0	25.970366903107333	24.055437535256065	24.094744296018916	25.879451265617686	0.0
176.0	26.009973715479063	23.91291302103962	24.111547186116013	25.965566077365303	0.0
177.0	25.89685425893254	24.014930568057704	24.090243521885764	25.99797165112399	0.0
178.0	25.94073962943515	24.186632660715627	24.010501837821618	25.8621258720276	0.0
179.0	25.910134273497864	24.14132473182807	24.010801890330807	25.93773910434326	0.0
180.0	26.16607906383617	23.903383092041107	23.96309354136974	25.967444302752984	0.0
181.0	25.881406890426494	24.09308856976542	24.019875537845735	26.005629001962348	0.0
182.0	25.955820135984204	24.03787874241615	23.941561597964437	26.064739523635204	0.0
183.0	25.95822056326026	24.044479917425303	24.040279169692205	25.957020349622233	0.0
184.0	26.050637013388382	24.010873935560532	24.050480985615437	25.888008065435645	0.0
185.0	26.01433055083805	23.964065603677454	24.100889958412598	25.9207138870719	0.0
186.0	25.810594285782866	23.917857378613395	24.094588836812953	26.176959498790787	0.0
187.0	25.981624729201798	24.00397270714187	23.94636245251655	26.068040111139783	0.0
188.0	26.1253503123556	23.953563734344712	23.968866458229567	25.95221949507012	0.0
189.0	26.103146360052087	23.961365122991893	24.038478849235165	25.897009667720855	0.0
190.0	25.945018213241955	24.037578689006644	24.057082160624592	25.960320937126806	0.0
191.0	25.923492152079525	23.93473218652576	24.08295901558182	26.058816645812893	0.0
192.0	26.030611540688863	23.986041473506706	24.012446252771753	25.970900733032682	0.0
193.0	25.886585471970424	24.181676883515916	24.106963360368226	25.82477428414543	0.0
194.0	25.978102036468602	23.97763995283146	23.982740876098575	26.061517134601363	0.0
195.0	25.95957656208742	23.884994839050385	24.10733574977796	26.04809284908423	0.0
196.0	25.96017667250774	24.14064187810557	23.98791377613481	25.91126767325188	0.0
197.0	26.057694615809307	23.927602678892917	24.088132216327804	25.92657048896997	0.0
198.0	26.02378837706138	24.065027965145585	24.02422045656401	25.886963201229023	0.0
199.0	25.938050415427682	24.042896021556032	24.00088816608706	26.018165396929227	0.0
200.0	25.98149237250501	24.04371256766326	24.097723153738134	25.877071906093597	0.0
201.0	26.024556960506022	23.917831401943193	24.09666752684042	25.960944110710365	0.0
202.0	25.90364337968325	23.999135815064424	24.09995739088165	25.997263414370675	0.0
203.0	25.937639719495763	24.195740824648844	24.028602549983948	25.83801690587145	0.0
204.0	25.908533054069384	24.12702508874532	24.009398152176846	25.955043705008446	0.0
205.0	26.17740875551008	23.893258275244335	23.982679825838026	25.94665314340756	0.0
206.0	25.89871928750615	24.095879394572275	24.007957941737786	25.99744337618379	0.0
207.0	25.952432393504015	24.04036584926722	23.941341687371718	26.065860069857045	0.0
208.0	25.955888972243063	24.051012753188296	24.04291072768192	25.95018754688672	0.0
209.0	26.05658316428803	24.004633241708778	24.0472446615693	25.891538932433892	0.0
210.0	26.019073111593904	23.948518202878372	24.108160987144554	25.92424769838317	0.0
211.0	25.838589836693295	23.919240902898228	24.087589050468434	26.154580209940043	0.0
212.0	25.981286535668414	24.004609345929012	23.95599515058397	26.058108967818605	0.0
213.0	26.134658552102465	23.941865629538935	23.982078336754416	25.941397481604188	0.0
214.0	26.103305264295102	23.970218410328126	24.036239669173472	25.890236656203296	0.0
215.0	25.947422123521996	24.03727267270872	24.06878338635136	25.946521817417924	0.0
216.0	25.922291345931654	23.940111458230174	24.084460970112747	26.053136225725424	0.0
217.0	26.056593751219175	24.005978086352137	24.003877353196266	25.93355080923242	0.0
218.0	25.868428081400406	24.173436529348745	24.117617048349874	25.840518340900974	0.0
219.0	25.986225109914017	23.97461098690035	23.95840523385802	26.080758669327615	0.0
220.0	25.94968998901607	23.895154465298578	24.1016283829611	26.053527162724254	0.0
221.0	25.97805601238851	24.129683204686504	23.98322989568203	25.909030887242956	0.0
222.0	26.057741364304793	23.929353860928543	24.074907715854867	25.937997058911797	0.0
223.0	26.01588197162133	24.062747593095004	24.028834841900554	25.892535593383116	0.0
224.0	25.931650455133422	24.051992953160124	24.00547420610506	26.0108823856014	0.0
225.0	25.989051554931304	24.02805539048854	24.09318183182372	25.88971122275644	0.0
226.0	26.014730245624147	23.920742394775385	24.099017983625057	25.965509375975415	0.0
227.0	25.88479638878217	23.99184834805993	24.107400115251632	26.01595514790626	0.0
228.0	25.969067864013855	24.178149414282327	24.03318316470627	25.819599556997545	0.0
229.0	25.896745573674053	24.147825330079808	24.000756354730367	25.954672741515772	0.0
230.0	26.17693404367074	23.90095295265251	23.983792301343136	25.938320702333606	0.0
231.0	25.904637844716845	24.10346607758155	24.003817847838356	25.988078229863255	0.0
232.0	25.942611879821115	24.030975177837142	23.939130173785156	26.08728276855659	0.0
233.0	25.962066616040797	24.050990055918575	24.037183000513263	25.949760327527365	0.0
234.0	26.0293009727971	24.003565822135112	24.057893583621233	25.909239621446563	0.0
235.0	26.029157074207365	23.930472054051947	24.100059730880865	25.940311140859823	0.0
236.0	25.831054655256768	23.915764450220763	24.088353678851966	26.1648272156705	0.0
237.0	25.97888695787897	24.009556998310117	23.94802481697928	26.063531226831632	0.0
238.0	26.139484624273983	23.951013792378923	23.962720055229546	25.94678152811754	0.0
239.0	26.091759091113747	23.98373129624349	24.035659077606518	25.888850535036244	0.0
240.0	25.968728143770093	24.0365248556926	24.06113891031779	25.93360809021952	0.0
241.0	25.91797648923524	23.943936792305568	24.10213614149686	26.03595057696233	0.0
242.0	26.05812442024178	23.98285266561197	24.017075286764552	25.9419476273817	0.0
243.0	25.878224007541572	24.1840720292296	24.12492832202998	25.812775641198847	0.0
244.0	25.98358293201388	23.980688628148005	23.973482892382336	26.062245547455774	0.0
245.0	25.962190954894577	23.884675206130158	24.116177539169232	26.03695629980603	0.0
246.0	25.946634156301982	24.138044933968324	24.008924335329198	25.906396574400492	0.0
247.0	26.037615728575762	23.932804603016823	24.111483818269726	25.91809585013769	0.0
248.0	26.01063717967584	24.076003880077963	24.058885889069412	25.854473051176786	0.0
249.0	25.94224312425296	24.03313091998967	24.014511294904832	26.01011466085254	0.0
