# Position (bp)	A	C	G	T	N
0.0	26.136067949065588	23.849004511129916	23.766560667439062	26.247819072739574	5.477996258528556E-4
1.0	26.24590177404909	23.816136533578746	23.773408162762223	26.16455352960994	0.0
2.0	26.252081325037246	23.749287967750416	23.699171851722024	26.298911138375253	5.477171150644115E-4
3.0	26.286850276839157	23.717257129087553	23.758878842478246	26.236739924533264	2.7382706178086166E-4
4.0	26.299144035355777	23.686069627220004	23.836123569969498	26.178388946391312	2.738210634114819E-4
5.0	26.225746564952384	23.673488387375894	23.810671237602886	26.289819992004514	2.7381806432533965E-4
6.0	26.172932804332767	23.805573125018824	23.827204100575823	26.19374235043823	5.476196343543701E-4
7.0	26.140396030928965	23.7832124942501	23.723796902722714	26.35204696295972	5.476091385013033E-4
8.0	26.2481894920721	23.719638911477457	23.802326759375624	26.22902343461226	8.214024625645828E-4
9.0	26.33531563499365	23.710134927936217	23.658660796425284	26.295341043501118	5.475971437332983E-4
10.0	26.133370569327397	23.732744128486083	23.818441673648415	26.315169834464104	2.7379407400106233E-4
11.0	26.10106286859527	23.84472590475252	23.74479106774213	26.309146364836078	2.7379407400106233E-4
12.0	26.13665609821541	23.84828522771453	23.822822378832434	26.191962501163623	2.7379407400106233E-4
13.0	26.364178973710295	23.73219654033808	23.727268247006062	26.17608244487156	2.7379407400106233E-4
14.0	26.263696548551902	23.792431236618313	23.774087033660244	26.16951138709554	2.7379407400106233E-4
15.0	26.314348452242097	23.80666852846637	23.625416851477667	26.25247099151786	0.0010951762960042493
16.0	26.33022850853416	23.67469978479786	23.70372195664197	26.29080216187801	5.475881480021247E-4
17.0	26.17060656339154	23.661557669245806	23.886068809926677	26.28121936928797	5.475881480021247E-4
18.0	26.10106286859527	23.88387845733467	23.75026694922215	26.2634227544779	0.0013689703700053115
19.0	26.343096830012215	23.74205312700212	23.70344816256797	26.210854292269698	5.475881480021247E-4
20.0	26.23494817078179	23.709471632195992	23.758206977368182	26.297099425580033	2.7379407400106233E-4
21.0	26.30394427743006	23.693317781829933	23.820632026240425	26.181284532277584	8.213822220031869E-4
22.0	26.279302810769963	23.794895383284324	23.670866667761842	26.25438755003587	5.475881480021247E-4
23.0	26.215508791527714	23.786955355138293	23.69605572256994	26.300658748542045	8.213822220031869E-4
24.0	26.345834770752223	23.800645058838345	23.679628078129877	26.173618298205554	2.7379407400106233E-4
25.0	26.137751274511416	23.85020178623254	23.765873211440212	26.245626139667834	5.475881480021247E-4
26.0	26.24781649225984	23.81953684994442	23.771896681068235	26.160749976727505	0.0
27.0	26.25301857966586	23.74725521440814	23.699341251457952	26.299837366320045	5.475881480021247E-4
28.0	26.280124192991966	23.72014960108203	23.75984974181219	26.239602670039808	2.7379407400106233E-4
29.0	26.292444926322016	23.68263981294389	23.843904522530515	26.180736944129578	2.7379407400106233E-4
30.0	26.223175025599748	23.673057020353852	23.81214440994639	26.29134975002601	2.7379407400106233E-4
31.0	26.176356238945566	23.79927608846834	23.82939343660846	26.194700441903635	2.7379407400106233E-4
32.0	26.144869920435443	23.783943620324283	23.719602012934033	26.351036858158245	5.475881480021247E-4
33.0	26.256577902627875	23.71878063071203	23.79599055958033	26.227829524857764	8.213822220031869E-4
34.0	26.33296644927417	23.708376455899987	23.6596411107278	26.298742190024036	2.7379407400106233E-4
35.0	26.13912024488142	23.725625482562055	23.81981064401842	26.315169834464104	2.7379407400106233E-4
36.0	26.103527015261278	23.842261758086508	23.74561244996413	26.308324982614078	2.7379407400106233E-4
37.0	26.145965096731445	23.84527349290052	23.812418204020393	26.196069412273644	2.7379407400106233E-4
38.0	26.361441032970284	23.74013656848411	23.723161335896044	26.17498726857556	2.7379407400106233E-4
39.0	26.261779990033894	23.792157442544312	23.781753267732274	26.16403550561552	2.7379407400106233E-4
40.0	26.305039453726064	23.811323027724388	23.6336306736977	26.248911668555845	0.0010951762960042493
41.0	26.328311950016154	23.684282577387894	23.699888839605958	26.286969044841996	5.475881480021247E-4
42.0	26.176903827093568	23.662652845541814	23.886068809926677	26.273826929289946	5.475881480021247E-4
43.0	26.09887251600326	23.890175721036695	23.74670762626014	26.262875166329902	0.0013689703700053115
44.0	26.349941681862237	23.734934481078092	23.69906745738395	26.215782585601715	2.7379407400106233E-4
45.0	26.244530963371833	23.714399925528014	23.74752900848214	26.293266308544016	2.7379407400106233E-4
46.0	26.308598776688076	23.693043987755928	23.817894085500413	26.179641767833576	8.213822220031869E-4
47.0	26.280124192991966	23.792705030692314	23.675247372945858	26.251375815221856	5.475881480021247E-4
48.0	26.218520526341727	23.78421741439828	23.702900574419967	26.293540102618017	8.213822220031869E-4
49.0	26.345834770752223	23.799823676616345	23.683461195165894	26.17060656339154	2.7379407400106233E-4
50.0	26.143774744139435	23.85293972697255	23.753278684036164	26.24945925670385	5.475881480021247E-4
51.0	26.24672131596384	23.816798909204408	23.770253916624227	26.166225858207525	0.0
52.0	26.256030314479872	23.74479106774213	23.69824607516195	26.300384954468047	5.475881480021247E-4
53.0	26.28204075150997	23.727815835154065	23.76039732996019	26.229472289301768	2.7379407400106233E-4
54.0	26.297099425580033	23.681818430721886	23.844178316604513	26.176630033019567	2.7379407400106233E-4
55.0	26.22646055448776	23.67031907961384	23.81187061587239	26.29107595595201	2.7379407400106233E-4
56.0	26.17553485672356	23.804751969948363	23.829941024756458	26.189224560423614	5.475881480021247E-4
57.0	26.137203686363414	23.781479473658273	23.725351688488054	26.35541756334226	5.475881480021247E-4
58.0	26.252744785591858	23.72918480552407	23.80119264698635	26.216056379675717	8.213822220031869E-4
59.0	26.33734715445819	23.711388190714	23.6593673166538	26.291623544100013	2.7379407400106233E-4
60.0	26.146512684879447	23.72425651219205	23.8151561447604	26.3138008640941	2.7379407400106233E-4
61.0	26.097777339707264	23.847190051418526	23.742874509224123	26.31188430557609	2.7379407400106233E-4
62.0	26.14706027302745	23.846368669196526	23.816525115130407	26.189772148571617	2.7379407400106233E-4
63.0	26.361988621118282	23.740684156632113	23.72425651219205	26.172796915983547	2.7379407400106233E-4
64.0	26.2634227544779	23.79434779513632	23.77545600403025	26.166499652281527	2.7379407400106233E-4
65.0	26.308598776688076	23.805847146244368	23.62678582184767	26.257673078923883	0.0010951762960042493
66.0	26.329954714460158	23.67798531368587	23.708376455899987	26.28313592780598	5.475881480021247E-4
67.0	26.17553485672356	23.669771491465838	23.880866722520658	26.273279341141944	5.475881480021247E-4
68.0	26.10078907452127	23.8926398677027	23.748076596630145	26.257125490775877	0.0013689703700053115
69.0	26.356238945564264	23.733291716634085	23.696329516643942	26.21386602708371	2.7379407400106233E-4
70.0	26.245626139667834	23.707555073677984	23.751635919592157	26.294909072988027	2.7379407400106233E-4
71.0	26.308598776688076	23.692222605533924	23.829119642534458	26.16923759302154	8.213822220031869E-4
72.0	26.281766957435977	23.789419501804304	23.68072325442588	26.24754269818584	5.475881480021247E-4
73.0	26.22180605522974	23.78421741439828	23.69605572256994	26.297099425580033	8.213822220031869E-4
74.0	26.33762094853219	23.797633324024332	23.69085363516392	26.173618298205554	2.7379407400106233E-4
75.0	26.136929892289412	23.85841560845257	23.752731095888162	26.251375815221856	5.475881480021247E-4
76.0	26.245899933741835	23.809406469206383	23.780384297362268	26.16430929968952	0.0
77.0	26.258768255219884	23.744517273668126	23.699341251457952	26.29682563150603	5.475881480021247E-4
78.0	26.284504898175985	23.72672065885806	23.753826272184163	26.23467437670779	2.7379407400106233E-4
79.0	26.294909072988027	23.6859253418319	23.85020178623254	26.168690004873536	2.7379407400106233E-4
80.0	26.225912966339752	23.670866667761842	23.813513380316394	26.289433191508003	2.7379407400106233E-4
81.0	26.17307071005755	23.80119264698635	23.83267896549647	26.192510089311625	5.475881480021247E-4
82.0	26.135834715993404	23.779015326992262	23.725899276636056	26.35870309223027	5.475881480021247E-4
83.0	26.246173727815837	23.72014960108203	23.80968026328038	26.223175025599748	8.213822220031869E-4
84.0	26.331049890756162	23.715495101824015	23.663200433689813	26.289706985582008	5.475881480021247E-4
85.0	26.145417508583446	23.72863721737607	23.823369966980433	26.302301512986055	2.7379407400106233E-4
86.0	26.09476560489325	23.848011433640533	23.74643383218614	26.310515335206087	2.7379407400106233E-4
87.0	26.139394038955423	23.844178316604513	23.823096172906432	26.19305767745963	2.7379407400106233E-4
88.0	26.361167238896282	23.736303451448094	23.725625482562055	26.176630033019567	2.7379407400106233E-4
89.0	26.265339312995913	23.79407400106232	23.782574649954277	26.157738241913492	2.7379407400106233E-4
90.0	26.302301512986055	23.8151561447604	23.627059615921674	26.25438755003587	0.0010951762960042493
91.0	26.32256227446213	23.68318740109189	23.71659027812002	26.277112458177953	5.475881480021247E-4
92.0	26.166499652281527	23.666759756651828	23.885521221778678	26.28067178113997	5.475881480021247E-4
93.0	26.099420104151267	23.893187455850708	23.74725521440814	26.258768255219884	0.0013689703700053115
94.0	26.35048927001024	23.73411309885609	23.699615045531957	26.215234997453713	5.475881480021247E-4
95.0	26.235221964855793	23.706459897381983	23.751635919592157	26.306408424096066	2.7379407400106233E-4
96.0	26.305313247800065	23.700162633679955	23.83267896549647	26.161023770801506	8.213822220031869E-4
97.0	26.28204075150997	23.787776737360296	23.681270842573884	26.248364080407843	5.475881480021247E-4
98.0	26.223996407821748	23.77737256254826	23.69906745738395	26.298742190024036	8.213822220031869E-4
99.0	26.341180271494203	23.795716765506327	23.693317781829933	26.16951138709554	2.7379407400106233E-4
100.0	26.145143714509445	23.85841560845257	23.748624184778144	26.247268904111838	5.475881480021247E-4
101.0	26.240971640409818	23.810227851428383	23.782848444028275	26.165952064133524	0.0
102.0	26.259589637441888	23.741505538854117	23.70317436849397	26.295182867062028	5.475881480021247E-4
103.0	26.287790427063996	23.71905442478603	23.759028359590182	26.234126788559784	0.0
104.0	26.294635278914026	23.687294312201907	23.849927992158538	26.16786862265153	2.7379407400106233E-4
105.0	26.230567465597776	23.671961844057847	23.807763704762376	26.289433191508003	2.7379407400106233E-4
106.0	26.16978518116954	23.802561617356353	23.840071405494502	26.187034207831605	5.475881480021247E-4
107.0	26.140763009325426	23.77819394477026	23.725625482562055	26.354869975194255	5.475881480021247E-4
108.0	26.24918546262985	23.712483367010005	23.818441673648415	26.21906811448973	8.213822220031869E-4
109.0	26.342549241864212	23.714673719602015	23.657724552209793	26.284504898175985	5.475881480021247E-4
110.0	26.143500950065434	23.72863721737607	23.825560319572443	26.30202771891205	2.7379407400106233E-4
111.0	26.104348397483285	23.844452110678517	23.74643383218614	26.30449186557806	2.7379407400106233E-4
112.0	26.144869920435443	23.847737639566528	23.815429938834402	26.19168870708962	2.7379407400106233E-4
113.0	26.356786533712263	23.735755863300096	23.72699445293206	26.180189355981582	2.7379407400106233E-4
114.0	26.26889863595792	23.797359529950334	23.78120567958427	26.152262360433472	2.7379407400106233E-4
115.0	26.30312289520806	23.8151561447604	23.631987909253695	26.248637874481844	0.0010951762960042493
116.0	26.326121597424144	23.675247372945858	23.71905442478603	26.279029016695965	5.475881480021247E-4
117.0	26.171154151539543	23.66237905146781	23.8912708973327	26.274648311511946	5.475881480021247E-4
118.0	26.10243183896528	23.887985368444685	23.74725521440814	26.26095860781189	0.0013689703700053115
119.0	26.357334121860266	23.731922746264082	23.694960546273936	26.215234997453713	5.475881480021247E-4
120.0	26.24179302263182	23.70618610330798	23.752183507740156	26.299563572246043	2.7379407400106233E-4
121.0	26.301206336690047	23.69851986923595	23.831036201052463	26.168416210799535	8.213822220031869E-4
122.0	26.277112458177953	23.791062266248307	23.682092224795888	26.24918546262985	5.475881480021247E-4
123.0	26.21879432041573	23.78120567958427	23.699888839605958	26.299289778172042	8.213822220031869E-4
124.0	26.342823035938213	23.79626435365433	23.697150898865946	26.163487917467513	2.7379407400106233E-4
125.0	26.148155449323458	23.84855902178853	23.758206977368182	26.244530963371833	5.475881480021247E-4
126.0	26.240971640409818	23.805847146244368	23.782848444028275	26.17033276931754	0.0
127.0	26.263696548551902	23.73876759811411	23.704269544789973	26.292718720396014	5.475881480021247E-4
128.0	26.29080216187801	23.715495101824015	23.756838006998176	26.236590935225795	2.7379407400106233E-4
129.0	26.296004249284028	23.682092224795888	23.853213521046552	26.168416210799535	2.7379407400106233E-4
130.0	26.225912966339752	23.673878402575856	23.808585086984376	26.29134975002601	2.7379407400106233E-4
131.0	26.17197553376155	23.80119264698635	23.8397976114205	26.186486619683603	5.475881480021247E-4
132.0	26.145143714509445	23.779289121066263	23.721518571452037	26.353501004824253	5.475881480021247E-4
133.0	26.25391184354269	23.711453111267478	23.81494755460153	26.2188661061174	8.21384470905193E-4
134.0	26.34508551981316	23.71364346985656	23.656420351716832	26.28430306896618	5.475896472701287E-4
135.0	26.141727540549127	23.722469855107384	23.83198808441665	26.303540724353567	2.737955732731713E-4
136.0	26.10859827618307	23.841023338334665	23.751765981447612	26.29833860846138	2.737955732731713E-4
137.0	26.143096518415494	23.844582680787216	23.8284287419641	26.183618263259923	2.737955732731713E-4
138.0	26.35857363458148	23.73533824705122	23.727945766572848	26.177868556221185	2.737955732731713E-4
139.0	26.263566570655684	23.792835317438588	23.79365670415841	26.14966761217405	2.737955732731713E-4
140.0	26.313123569418128	23.81035823412807	23.630474542487597	26.24494847167311	0.0010951822930926852
141.0	26.329277508241244	23.680852927969863	23.72055328609447	26.268768686547876	5.475911465463426E-4
142.0	26.18005892080737	23.658127895388187	23.889758950377292	26.271506642280606	5.475911465463426E-4
143.0	26.097920248825417	23.88209267432564	23.75423014160707	26.264387957375508	0.0013689778663658566
144.0	26.34597903821091	23.732052700171945	23.70056620924553	26.22085446122507	5.475911465463426E-4
145.0	26.24494847167311	23.703577960551534	23.755325323900163	26.29587444830192	2.737955732731713E-4
146.0	26.296695835021737	23.69974482252571	23.8355474268692	26.167190528863532	8.213867198195139E-4
147.0	26.283553647504625	23.785716632533486	23.6824957014095	26.247686427405842	5.475911465463426E-4
148.0	26.21565234533288	23.77996692549475	23.70412555169808	26.299433790754474	8.213867198195139E-4
149.0	26.34789560722382	23.786538019253307	23.701935187111893	26.163357390837703	2.737955732731713E-4
150.0	26.15021520332059	23.846225454226854	23.75669430176653	26.246317449539475	5.475911465463426E-4
151.0	26.243031902660196	23.810632029701342	23.782978676800752	26.163357390837703	0.0
152.0	26.26986386884097	23.738897589503775	23.69700686679298	26.293684083715736	5.475911465463426E-4
153.0	26.295600652728645	23.710696645456636	23.752861163740704	26.240567742500737	2.737955732731713E-4
154.0	26.303540724353567	23.678936358956946	23.851975161265592	26.165273959850616	2.737955732731713E-4
155.0	26.229068328423267	23.675924607650945	23.808715460688433	26.286017807664088	2.737955732731713E-4
156.0	26.17430921376863	23.795847068744592	23.845130271933762	26.184165854406466	5.475911465463426E-4
157.0	26.14035856268276	23.781335903361114	23.730136131159032	26.34762181165055	5.475911465463426E-4
158.0	26.255424589647763	23.70610702698263	23.820280093638342	26.217366900762524	8.213889687461497E-4
159.0	26.348515339438993	23.701452489493064	23.658192670472435	26.291291907949677	5.475926458307664E-4
160.0	26.138585126247833	23.72259975796339	23.841975281600288	26.29656603711593	2.7379707256170013E-4
161.0	26.108467448266044	23.843891861108222	23.752991233017738	26.294375660535437	2.7379707256170013E-4
162.0	26.1437872706265	23.84991539670458	23.82445226895634	26.18157126664002	2.7379707256170013E-4
163.0	26.35762278429719	23.7439559296232	23.724790134543884	26.173357354463167	2.7379707256170013E-4
164.0	26.259603432320098	23.794608388047113	23.791596620248935	26.153917762311284	2.7379707256170013E-4
165.0	26.30724412294584	23.81322658898131	23.636079883033894	26.242354216748716	0.0010951882902468005
166.0	26.33188585947639	23.674137676119965	23.72287355503595	26.27055531522257	5.475941451234003E-4
167.0	26.18157126664002	23.66072161956444	23.89372292831445	26.263436591335964	5.475941451234003E-4
168.0	26.10107492730688	23.87592611859794	23.757919580323847	26.26371038840853	0.001368985362808501
169.0	26.350504060410586	23.727801902342062	23.70014839801333	26.2209980450889	5.475941451234003E-4
170.0	26.24481839040177	23.6982318185054	23.757098189106163	26.299577804914108	2.7379707256170013E-4
171.0	26.305327543437905	23.693029674126727	23.83732073136674	26.163500659850946	8.213912176851005E-4
172.0	26.285614154213466	23.785299287580017	23.673863879047406	26.25467508501399	5.475941451234003E-4
173.0	26.214974509492546	23.78283511392696	23.699600803868204	26.301768181494605	8.213912176851005E-4
174.0	26.352420639918517	23.791322823176376	23.697684224360273	26.15829851547227	2.7379707256170013E-4
175.0	26.15282257402104	23.849094005486894	23.75353882716286	26.243996999184084	5.475941451234003E-4
176.0	26.25138952014325	23.804465082659338	23.783382708072086	26.160762689125328	0.0
177.0	26.27152056774872	23.733407806544882	23.702742366495816	26.29178166206685	5.475971437332983E-4
178.0	26.301364612082185	23.70657554650195	23.749561922285015	26.242224120558987	2.7379857186664915E-4
179.0	26.296710036360448	23.672350725018617	23.86072414246287	26.169941297586192	2.7379857186664915E-4
180.0	26.230176983396852	23.66249397643142	23.816916370964208	26.290138870635648	2.7379857186664915E-4
181.0	26.17569106759539	23.801583650939676	23.837998860997942	26.184178823323258	5.475971437332983E-4
182.0	26.13653787181846	23.778036973759146	23.726562842248214	26.358314715030446	5.475971437332983E-4
183.0	26.257628733596	23.705271458337325	23.817255380841164	26.219023029260935	8.213979645758438E-4
184.0	26.353732295451373	23.70143826783597	23.651606791318372	26.292675046751235	5.475986430505625E-4
185.0	26.137502395750623	23.717109766448537	23.843605399337402	26.301508638392246	2.738000711880185E-4
186.0	26.10519398735044	23.84004599841196	23.759274977411494	26.295211236754923	2.738000711880185E-4
187.0	26.14297839717438	23.84251019905265	23.832653396489885	26.181858007283083	0.0
188.0	26.355447252416287	23.738466172001203	23.724776168441807	26.18103660706952	2.738000711880185E-4
189.0	26.265367028995428	23.79021438545574	23.791035785669305	26.15310899980834	2.738000711880185E-4
190.0	26.308901240314324	23.80801139008296	23.63250554445144	26.249486624866524	0.001095200284752074
191.0	26.33025764586699	23.673575555129645	23.723133368014675	26.272485830846314	5.47600142376037E-4
192.0	26.1808344901418	23.66350974320221	23.895692839287133	26.259415325727147	5.476016417097218E-4
193.0	26.08993261761799	23.885562208915502	23.757971026397136	26.265165142965095	0.0013690041042743045
194.0	26.351138600713526	23.7248411270737	23.700472854017615	26.22299981655345	5.476016417097218E-4
195.0	26.24463008140098	23.69444923595881	23.756875823113717	26.30377105870563	2.738008208548609E-4
196.0	26.31034227840615	23.69444923595881	23.825873629969145	26.168513453203335	8.214024625645828E-4
197.0	26.290354818483745	23.78288690109493	23.67583078014068	26.250653699459793	2.738008208548609E-4
198.0	26.21505959274866	23.781517896990657	23.70184185812189	26.300759249676233	8.214024625645828E-4
199.0	26.350317198250963	23.796576942137673	23.69225882939197	26.160573229398544	2.738008208548609E-4
200.0	26.15085960238427	23.847634484854623	23.754815498306534	26.24614280981417	5.476046404017228E-4
201.0	26.24504760053337	23.808480753065904	23.78849318369124	26.15797846270949	0.0
202.0	26.276059207175827	23.72667882352297	23.70641739635185	26.29029696680959	5.47606139760039E-4
203.0	26.300297899371344	23.703261560028913	23.749534532232275	26.246632203798214	2.7380456925065166E-4
204.0	26.304131163340855	23.66520272490307	23.86152060105579	26.168871706131032	2.7380456925065166E-4
205.0	26.236501434735942	23.662738483779815	23.81880708825269	26.2816791886623	2.7380456925065166E-4
206.0	26.178454866054807	23.79909315926664	23.84016384465424	26.18174052088581	5.476091385013033E-4
207.0	26.14313407662147	23.780200643988348	23.724618316430465	26.351499353821218	5.476091385013033E-4
208.0	26.254644422722556	23.707433540603958	23.820515137327057	26.216585483389597	8.214159568263774E-4
209.0	26.347190620524998	23.704421682095596	23.66526752148687	26.282572565254654	5.476106378842515E-4
210.0	26.1326703557572	23.717968024839756	23.843097740819942	26.305990071764768	2.7380681833739023E-4
211.0	26.107206321651823	23.841181093091578	23.753836718041953	26.29750206039631	2.7380681833739023E-4
212.0	26.144515634412137	23.83987733420952	23.830841684464158	26.18476534691419	0.0
213.0	26.35699030721209	23.735556650785828	23.72241388751985	26.18476534691419	2.7380756804118065E-4
214.0	26.264717156782215	23.78237774492087	23.797984776299216	26.154646514429658	2.7380756804118065E-4
215.0	26.310443020645092	23.80072285197963	23.63917638683533	26.24856251026778	0.0010952302721647226
216.0	26.33618093204096	23.672033295000276	23.719675811839437	26.27156234598324	5.476151360823613E-4
217.0	26.185384659615192	23.66470528641719	23.891692381831177	26.25767005550095	5.476166354981531E-4
218.0	26.10187312270172	23.875537691083977	23.757252497816378	26.26396764680917	0.0013690415887453828
219.0	26.353502966713123	23.72795500781723	23.700026559406822	26.217967849427332	5.476166354981531E-4
220.0	26.248360572697475	23.696193242958337	23.757526306134128	26.29764606989231	2.7380831774907657E-4
221.0	26.315443610546	23.68797899342586	23.824609343982655	26.17114662709224	8.214249532472298E-4
222.0	26.290527053630836	23.777788121647557	23.681681402117633	26.24972961428622	2.7380831774907657E-4
223.0	26.21851546606283	23.78299047968479	23.698931326135824	26.298741303163307	8.214249532472298E-4
224.0	26.34884822531139	23.80160944529173	23.68797899342586	26.16128952765327	2.7380831774907657E-4
225.0	26.156432596421865	23.84740073052259	23.75321041131598	26.24240864360464	5.476181349221561E-4
226.0	26.248158634021323	23.807150797605814	23.782781790601778	26.161908777771085	0.0
227.0	26.26931385997914	23.72534684858591	23.702346823943028	26.302444847857576	5.476196343543701E-4
228.0	26.297040655392973	23.707887934811183	23.749507140979585	26.245290458249364	2.738105668973977E-4
229.0	26.31264785770612	23.666268728642777	23.85437658810129	26.166433014982914	2.738105668973977E-4
230.0	26.241457110312798	23.666542539209672	23.816864540436345	26.274861999474286	2.738105668973977E-4
231.0	26.178480679926402	23.805364496626655	23.83384079558398	26.181766406729167	5.476211337947954E-4
232.0	26.14452816963112	23.7793524927714	23.73006659072987	26.345505125733816	5.476211337947954E-4
233.0	26.251933792423642	23.715619566556686	23.80898922552469	26.222635981545118	8.214339498651479E-4
234.0	26.350779677724077	23.711238585490737	23.656202510849774	26.28150541461879	2.7381131662171593E-4
235.0	26.12804034905658	23.718213754713002	23.846358152639695	26.307113930774644	2.738128160826696E-4
236.0	26.116540210781107	23.832119886203394	23.760380928389736	26.290685161809684	2.738128160826696E-4
237.0	26.13577867101848	23.83875666736033	23.837387599531233	26.187803248524144	2.7381356581930496E-4
238.0	26.353460455844825	23.73443369878317	23.72840980033515	26.183422231471038	2.7381356581930496E-4
239.0	26.265018674085187	23.792208361171046	23.79823225961907	26.144266891558875	2.7381356581930496E-4
240.0	26.31001048720315	23.80348678968366	23.633446237339374	26.25196121651556	0.0010952692582562765
241.0	26.338242985331284	23.67229921221033	23.72651622813863	26.262393927694216	5.476466255384051E-4
242.0	26.190547908069522	23.654600768369257	23.895845712767912	26.258457949171525	5.476616217903606E-4
243.0	26.095552616373794	23.877474457871575	23.76410601865924	26.26149772304693	0.0013691840484581618
244.0	26.35489091591201	23.72712410693992	23.698918606593512	26.218792530745365	2.7383980918842097E-4
245.0	26.23661920918807	23.693139340962677	23.75804079754853	26.311926806492338	2.73845808379134E-4
246.0	26.308438855540462	23.690191911668055	23.825198264908206	26.175623274766686	5.476931165929107E-4
247.0	26.288531324888737	23.77541937692571	23.676001369394044	26.259500171174256	5.47757617254365E-4
248.0	26.218403146811003	23.790910186595372	23.690380970120636	26.29948393176066	8.217647123275663E-4
249.0	26.352624716491174	23.800497441572528	23.68599822498822	26.1606056953773	2.7392157077585545E-4
