# Position (bp)	A	C	G	T	N
0.0	25.996033089261427	23.984369896610904	23.90687261346968	26.11272440065798	0.0
1.0	26.040868682189878	23.97546216291651	24.10076428355098	25.88290487134263	0.0
2.0	25.944345801884833	24.020321027096685	23.999239891446997	26.03609327957149	0.0
3.0	26.208651399491096	23.98003568873014	23.898978922271606	25.912333989507157	0.0
4.0	25.99974466392131	23.998919275201818	23.851952578745944	26.14938348213093	0.0
5.0	25.98361142449973	23.869128911584824	23.9745264532985	26.172733210616943	0.0
6.0	26.21727294048492	23.861251220909693	23.939626943435886	25.981848895169502	0.0
7.0	25.93180839852158	24.072496251985335	23.836779527675933	26.158915821817157	0.0
8.0	25.85586548395141	24.066355550805696	24.072292876396755	26.00548608884614	0.0
9.0	26.083536187140062	23.884996734548476	23.982366561776406	26.049100516535056	0.0
10.0	26.082916750774782	23.92480140589192	24.033746155764277	25.958535687569018	0.0
11.0	26.02673442792302	23.929480005580807	23.853189221923063	26.190596344573112	0.0
12.0	26.040983290240423	23.884061756944096	23.961539945794954	26.113415007020535	0.0
13.0	26.084323579789174	24.110559297531086	23.90573190171847	25.899385220961264	0.0
14.0	26.102431508984203	23.925324087404896	24.00102116846608	25.97122323514482	0.0
15.0	25.908587611207917	24.06721900798233	23.9651021613743	26.059091219435448	0.0
16.0	26.11133704793258	23.912856332877173	23.97311714642784	26.00268947276241	0.0
17.0	26.070668420068333	23.847549047255757	24.077608803422102	26.004173729253804	0.0
18.0	26.006845390938317	23.974304551620957	23.982022685376215	26.036827372064515	0.0
19.0	26.157348999165848	23.813411147953655	23.80153709602249	26.227702756858008	0.0
20.0	26.024062766238508	23.99092822432459	23.89237359329591	26.09263541614099	0.0
21.0	26.105696873265277	23.944322570494762	23.90216968613912	26.04781087010084	0.0
22.0	25.991112272129524	24.049407930085582	23.937791841932622	26.021687955852276	0.0
23.0	26.012188714307342	24.006958194431665	23.93482332894983	26.046029762311168	0.0
24.0	25.98784690784845	23.959461986706998	24.00369283015059	26.048998275293954	0.0
25.0	25.99905007866536	23.97453023421498	23.916644402885385	26.109775284234278	0.0
26.0	26.03140677412652	23.97453023421498	24.099504259803485	25.894558731855017	0.0
27.0	25.934039837325972	24.018464095942054	24.00154362216879	26.045952444563188	0.0
28.0	26.199127259773803	23.970968029210084	23.904473535785318	25.925431175230802	0.0
29.0	26.020423308694753	24.00659007925906	23.844806601953277	26.128180010092915	0.0
30.0	25.986285510731143	23.858164870721644	23.975717635883278	26.179831982663938	0.0
31.0	26.209813874788495	23.85074361029477	23.951375901683143	25.988066613233592	0.0
32.0	25.92483747439665	24.068038115593552	23.846587704455725	26.160536705554073	0.0
33.0	25.869920147237806	24.066553863508176	24.062694808086206	26.00083118116781	0.0
34.0	26.096417015465907	23.893193219936474	23.97215543087838	26.03823433371924	0.0
35.0	26.092557960043933	23.921394009558583	24.01757354469083	25.968474485706654	0.0
36.0	26.03311059723158	23.936462325341154	23.846220066434924	26.18420701099234	0.0
37.0	26.042312932843732	23.882435709811766	23.96466303124935	26.11058832609515	0.0
38.0	26.093667902550234	24.11486889640248	23.8954970893903	25.895966111656982	0.0
39.0	26.097823796052495	23.937352873948782	23.99612908205218	25.968694247946544	0.0
40.0	25.91941722499117	24.062029679016597	23.965850429392855	26.05270266659938	0.0
41.0	26.115041069133287	23.918057654116858	23.981880304330144	25.985020972419708	0.0
42.0	26.082981319258707	23.852453906688318	24.06529502391123	25.999269750141746	0.0
43.0	26.00461304178751	23.987223595975905	23.987223595975905	26.020939766260675	0.0
44.0	26.16817713605505	23.82514374938775	23.79427139765667	26.212407716900533	0.0
45.0	26.01886181950955	23.99256688762167	23.89074749681629	26.097823796052495	0.0
46.0	26.09752694651662	23.952492200278446	23.911230114791714	26.03875073841322	0.0
47.0	26.00045714828525	24.04451555639993	23.9554606956372	25.99956659967762	0.0
48.0	25.98917686592197	24.00028497555444	23.937649723484657	26.072888435038934	0.0
49.0	25.989473715457844	23.960210288211215	24.001472373697943	26.048843622632994	0.0
50.0	25.99473984183904	23.967560379016362	23.919174048303212	26.118525730841384	0.0
51.0	26.037782896767915	23.972606806145954	24.09134626801871	25.89826402906742	0.0
52.0	25.943978721888435	24.03108599111829	23.99041772542687	26.03451756156641	0.0
53.0	26.19719062433209	23.97201310883659	23.897800945166118	25.932995321665203	0.0
54.0	26.006316939371633	24.0111971312546	23.856538982165333	26.125946947208433	0.0
55.0	25.973069890047256	23.861585409294925	23.98596499560664	26.179379705051176	0.0
56.0	26.204908689353818	23.85742952812938	23.953608492246314	25.984053290270488	0.0
57.0	25.922011921441975	24.070270013536298	23.841696549431237	26.166021515590494	0.0
58.0	25.882827899023965	24.051271699636658	24.07383219739248	25.9920682039469	0.0
59.0	26.107542330618156	23.88711439359757	23.972606806145954	26.03273646963832	0.0
60.0	26.091215654610657	23.91739295637512	24.02069628820442	25.970695100809806	0.0
61.0	26.02850332321082	23.925633695784466	23.851421752411145	26.19444122859356	0.0
62.0	26.040970929697544	23.871013705461703	23.965708145206058	26.1223072196347	0.0
63.0	26.100934179943184	24.10285181655995	23.89446467956767	25.901749323929195	0.0
64.0	26.094700376699826	23.93602336785673	24.008157376815596	25.961118878627854	0.0
65.0	25.900858780608715	24.05921519385644	23.96748923184702	26.07243679368783	0.0
66.0	26.104496353225105	23.9152440237122	23.9725356439964	26.007723979066295	0.0
67.0	26.06828092485892	23.86359251112437	24.07108910479617	25.997037459220536	0.0
68.0	26.005052349104858	23.98233162052168	23.983519011615652	26.029097018757813	0.0
69.0	26.14813297592861	23.82737708275819	23.799176544276328	26.225313397036864	0.0
70.0	26.018410498912054	23.987081184897573	23.910791307109804	26.083717009080576	0.0
71.0	26.10627743986606	23.954427929813313	23.89713630952911	26.042158320791515	0.0
72.0	26.006536587972324	24.042888566314307	23.94967836543742	26.000896480275948	0.0
73.0	25.995553220353067	23.996283465875866	23.950865756531392	26.05729755723967	0.0
74.0	25.99288159039163	23.960364885283177	24.01379748451197	26.03295603981322	0.0
75.0	26.000819297422773	23.965340156853898	23.932093304915192	26.101747240808137	0.0
76.0	26.030800833546074	23.972464482269334	24.105155043131855	25.891579641052736	0.0
77.0	25.945012081668516	24.029162238700525	23.999477549469532	26.026348130161423	0.0
78.0	26.19881617459347	23.97840142011553	23.894393749591835	25.928388655699163	0.0
79.0	26.007646775945904	24.006008181100352	23.85402257223769	26.13232247071605	0.0
80.0	25.964307129668658	23.870645998207042	23.993540611623338	26.17150626050096	0.0
81.0	26.191691849178035	23.868568069960876	23.9623716879308	25.977368392930295	0.0
82.0	25.932841359083813	24.08793792337788	23.832055902206758	26.147164815331546	0.0
83.0	25.87465936819107	24.03806764546982	24.09120323919329	25.996069747145818	0.0
84.0	26.101153547023515	23.886378883499468	23.980776195254013	26.031691374223005	0.0
85.0	26.08987336511574	23.926156367068995	24.01135142516193	25.97261884265334	0.0
86.0	26.05061224489796	23.908571428571427	23.858107606679035	26.182708719851576	0.0
87.0	26.020630797773652	23.887198515769946	23.982189239332097	26.1099814471243	0.0
88.0	26.10166975881262	24.108942486085343	23.896103896103895	25.893283858998146	0.0
89.0	26.10048237476809	23.942115027829313	24.004452690166975	25.952949907235624	0.0
90.0	25.901892393320963	24.061447124304266	23.97417439703154	26.062486085343227	0.0
91.0	26.114137291280148	23.905899814471244	23.995250463821893	25.984712430426715	0.0
92.0	26.052690166975882	23.87116883116883	24.075398886827458	26.00074211502783	0.0
93.0	26.007272727272728	23.98278293135436	23.983970315398885	26.025974025974026	0.0
94.0	26.146493506493506	23.82634508348794	23.806159554730982	26.221001855287568	0.0
95.0	26.03161410018553	23.986641929499072	23.90560296846011	26.076141001855284	0.0
96.0	26.10018552875696	23.964081632653063	23.890760667903525	26.04497217068646	0.0
97.0	25.99747680890538	24.05461966604824	23.963191094619667	25.984712430426715	0.0
98.0	25.992727272727272	24.00296846011132	23.95012987012987	26.054174397031538	0.0
99.0	25.99569573283859	23.968237476808905	24.006530612244898	26.029536178107605	0.0
100.0	26.016397724978923	23.961338890274167	23.924233249029317	26.098030135717593	0.0
101.0	26.03717688407604	23.958964129234495	24.10827722960377	25.895581757085694	0.0
102.0	25.93892114605968	24.033175411724194	23.9978508412591	26.030052600957028	0.0
103.0	26.21439342666144	23.964010496443798	23.896626651943148	25.924969424951616	0.0
104.0	26.03391158764649	24.000522447428725	23.853287262969165	26.112278701955617	0.0
105.0	25.974245716524774	23.868129519467104	23.984492810410952	26.173131953597167	0.0
106.0	26.19213004191453	23.877925408755743	23.958667284104536	25.971277265225183	0.0
107.0	25.934468469110293	24.07918640686781	23.836663935691472	26.149681188330426	0.0
108.0	25.884598487277216	24.038221778933494	24.093138127975873	25.984041605813413	0.0
109.0	26.114356617865326	23.89068974934397	23.971134779562806	26.023818853227894	0.0
110.0	26.095952219807884	23.921561642859686	24.020114226006008	25.96237191132642	0.0
111.0	26.052535495151048	23.916741125099072	23.85766911958964	26.17305426016024	0.0
112.0	26.025819512759853	23.88111981524414	23.9758131306085	26.117247541387513	0.0
113.0	26.08726627225961	24.108502509818123	23.90753895338655	25.89669226453572	0.0
114.0	26.105373771435865	23.92505276406522	24.006981776731568	25.962591687767343	0.0
115.0	25.89966070702363	24.052398946796604	23.982640548330696	26.065299797849068	0.0
116.0	26.118731762631462	23.910210551625667	23.9924364085408	25.978621277202063	0.0
117.0	26.046895454424018	23.860340717828763	24.084458125666046	26.008305702081174	0.0
118.0	25.99316664539283	23.98115632708674	24.00015435900937	26.02552266851106	0.0
119.0	26.135058196314976	23.817595146002844	23.815517236261304	26.231829421420876	0.0
120.0	26.02611635700864	23.98649952356498	23.911101084372042	26.076283035054338	0.0
121.0	26.108342213923773	23.952065590705214	23.903976822401056	26.035615372969957	0.0
122.0	25.9907918914025	24.057742143274847	23.962455139412903	25.98901082590975	0.0
123.0	25.989307670158546	24.00193542450212	23.95325296770038	26.055503937638957	0.0
124.0	25.997916153373485	23.971360466876636	24.003716489994865	26.027006889755018	0.0
125.0	26.019663021408473	23.965791567223548	23.929576461368573	26.084968949999404	0.0
126.0	26.029458910697112	23.969056863653098	24.104715088044266	25.89676913760553	0.0
127.0	25.939514836319592	24.025457438345267	24.007943575677697	26.02708414965744	0.0
128.0	26.210237594842017	23.981821204241324	23.879112789275577	25.92882841164108	0.0
129.0	26.032427361996703	23.996069770479345	23.855958869138792	26.11554399838516	0.0
130.0	25.971870955485105	23.864864223037557	23.97202531495268	26.191239506524656	0.0
131.0	26.204597537372802	23.857739939918545	23.965791567223548	25.971870955485105	0.0
132.0	25.937733765539843	24.070281052969044	23.831320723352214	26.1606644581389	0.0
133.0	25.86708462460965	24.028722734774814	24.102340327004594	26.00185231361094	0.0
134.0	26.10574810909652	23.887721298044383	23.97707168216198	26.029458910697112	0.0
135.0	26.102779657796933	23.917702656170224	24.024863748085348	25.95465393794749	0.0
136.0	26.050315398886823	23.91510204081633	23.859591836734694	26.174990723562154	0.0
137.0	26.025974025974026	23.883933209647495	23.973580705009276	26.1165120593692	0.0
138.0	26.10166975881262	24.093506493506496	23.90679035250464	25.898033395176252	0.0
139.0	26.10552875695733	23.924304267161407	24.016326530612243	25.953840445269016	0.0
140.0	25.894174397031538	24.056400742115027	23.983376623376625	26.066048237476807	0.0
141.0	26.11205936920223	23.90530612244898	23.992875695732838	25.989758812615953	0.0
142.0	26.044378478664193	23.86196660482375	24.09410018552876	25.999554730983306	0.0
143.0	25.994805194805192	23.977736549165122	24.004452690166975	26.02300556586271	0.0
144.0	26.129276437847864	23.834359925788497	23.81031539888683	26.226048237476807	0.0
145.0	26.027755102040818	23.985454545454544	23.91569573283859	26.071094619666045	0.0
146.0	26.11146567717996	23.96200371057514	23.892244897959184	26.034285714285716	0.0
147.0	25.979666048237476	24.0486827458256	23.978330241187386	25.99332096474954	0.0
148.0	25.986493506493506	23.997625231910945	23.956660482374765	26.05922077922078	0.0
149.0	25.998367346938778	23.964675324675326	24.007124304267162	26.029833024118737	0.0
150.0	26.019817498530607	23.970683400915476	23.91279825691505	26.09670084363887	0.0
151.0	26.03673777139227	23.966230697530825	24.103077114885686	25.893954416191217	0.0
152.0	25.952730100868575	24.016397822331196	23.994431152300265	26.03644092449996	0.0
153.0	26.223454466655188	23.97810457322322	23.88370726146868	25.91473369865291	0.0
154.0	26.026941823946043	23.98997844891562	23.85580365359155	26.127276073546785	0.0
155.0	25.971134608191786	23.85402257223769	23.98404151106942	26.1908013085011	0.0
156.0	26.1967382463473	23.85788158183772	23.960887453469248	25.98449271834573	0.0
157.0	25.926607574345304	24.055581612116104	23.843336084114537	26.17447472942406	0.0
158.0	25.87792468400648	24.030052779377453	24.098030717716416	25.993991818899648	0.0
159.0	26.101153547023515	23.8843009552533	23.98879106134638	26.025754436376808	0.0
160.0	26.08749858997726	23.92971852977671	24.030646473162072	25.95213640708395	0.0
161.0	26.057000709466177	23.903666960545962	23.859139794521973	26.180192535465892	0.0
162.0	26.02998756207829	23.87813805202554	23.979066295013254	26.112808090882915	0.0
163.0	26.10152787549017	24.08563464569734	23.917321958126653	25.895515520685837	0.0
164.0	26.11369863420339	23.913759784844736	24.012610093417994	25.959931487533876	0.0
165.0	25.899671389514744	24.06129312827089	23.97045770958195	26.068577772632416	0.0
166.0	26.131212652839498	23.903963808319457	23.996580313649357	25.96824322519169	0.0
167.0	26.054922775051725	23.86270196780389	24.095727469996113	25.98664778714827	0.0
168.0	25.988428873789232	23.97965999056024	23.998658248063812	26.033252887586716	0.0
169.0	26.14130547713827	23.82529914834374	23.822627518382298	26.210767856135696	0.0
170.0	26.034737126454182	23.985300098256612	23.92058728363508	26.059375491654123	0.0
171.0	26.109839613147983	23.944928801061526	23.90247956945199	26.0427520163385	0.0
172.0	25.98427300496033	24.05298139061308	23.973723035090373	25.989022569336218	0.0
173.0	25.990209960430192	23.986784337124078	23.95769325532174	26.06531244712399	0.0
174.0	26.00000593695547	23.966895536300033	24.009344767909568	26.023753758834932	0.0
175.0	26.021753069415087	23.9702320169085	23.917689805029806	26.090325108646606	0.0
176.0	26.045500961789642	23.97141941152723	24.10351706286067	25.87956256382246	0.0
177.0	25.959118003277208	24.02069628820442	23.980028022513004	26.040157686005365	0.0
178.0	26.23014082500178	23.982402811750458	23.88236481512266	25.905091548125103	0.0
179.0	26.036595502149183	23.98269966040514	23.864553895841745	26.116150941603934	0.0
180.0	25.973663587356622	23.853867344273198	23.978840627894275	26.19362844047591	0.0
181.0	26.197784321641453	23.858616922748105	23.958654919375906	25.984943836234535	0.0
182.0	25.936854354176063	24.050974850981977	23.84021230615783	26.171958488684126	0.0
183.0	25.87748462323969	24.017430953002922	24.115391009047947	25.989693414709446	0.0
184.0	26.106948633308797	23.880880571849247	23.97824693058491	26.033923864257048	0.0
185.0	26.094777838466836	23.92807950794367	24.02841435322615	25.948728300363342	0.0
186.0	26.041125534700228	23.91568285782985	23.864624737659224	26.178566869810698	0.0
187.0	26.03340744676746	23.87620186955838	23.96466303124935	26.125727652424814	0.0
188.0	26.111775724238655	24.07004461648524	23.932306431838892	25.885873227437212	0.0
189.0	26.115337918669162	23.916276556901604	24.01008101023834	25.958304514190893	0.0
190.0	25.897450359336364	24.052530493868574	23.976833862220257	26.073185284574805	0.0
191.0	26.127805599175947	23.89193489495979	24.00740936441546	25.972850141448806	0.0
192.0	26.06754514339317	23.87056172837674	24.075981607202756	25.98591152102734	0.0
193.0	25.999863449213496	23.962881934034097	24.001472373697943	26.035782243054463	0.0
194.0	26.144429173184985	23.81089497166571	23.81445716609622	26.230218689053082	0.0
195.0	26.036375942126217	23.986036197832405	23.917760804580983	26.0598270554604	0.0
196.0	26.109400927951647	23.93824342255641	23.91360491107872	26.03875073841322	0.0
197.0	25.994520157567734	24.04985884804569	23.96674097800048	25.988880016386094	0.0
198.0	25.996004405247113	23.992270038085795	23.943289864666298	26.068435692000797	0.0
199.0	26.003128794108132	23.95516384610133	24.007706213951334	26.03400114583921	0.0
200.0	26.031858175902727	23.958048849994658	23.917083249225215	26.093009724877398	0.0
201.0	26.05576104445091	23.95878479870334	24.110180309084324	25.875273847761427	0.0
202.0	25.96715588486748	24.02067303125297	23.97822266552674	26.03394841835281	0.0
203.0	26.234934394110315	23.985038294840585	23.873716083833045	25.906311227216055	0.0
204.0	26.032179540461915	23.966929881850028	23.873419224603694	26.12747135308437	0.0
205.0	25.983055174583946	23.852780696910862	23.97864975746457	26.185514371040618	0.0
206.0	26.19827939369111	23.861983387658896	23.953416573155454	25.986320645494544	0.0
207.0	25.946244411591827	24.0386156778227	23.83704706434165	26.178092846243818	0.0
208.0	25.856449046476833	24.035196048163012	24.1156458546085	25.992709050751657	0.0
209.0	26.1061106229368	23.88765525922056	23.968995653929277	26.037238463913365	0.0
210.0	26.100767093357398	23.91882584843375	24.02391526349538	25.956491794713465	0.0
211.0	26.049784031705038	23.91622508200858	23.865461400305772	26.168529485980613	0.0
212.0	26.027970657824035	23.877774578228486	23.97811508284029	26.116139681107185	0.0
213.0	26.105310656640473	24.065536394429586	23.930164969081286	25.89898797984866	0.0
214.0	26.113481114683434	23.9148698675074	24.020555204260663	25.951093813548503	0.0
215.0	25.894391849166837	24.050835834454013	23.976321734664495	26.07845058171466	0.0
216.0	26.135901462681872	23.887996627549004	24.006448031302043	25.96965387846708	0.0
217.0	26.040605972444464	23.865137584719474	24.095806107817495	25.998450335018568	0.0
218.0	26.00587210217101	23.963401781817858	23.999323134835695	26.03140298117543	0.0
219.0	26.14005765228724	23.8197163697465	23.819122628374306	26.22110334959195	0.0
220.0	26.032293593233724	23.984182729844708	23.922433627136357	26.061090049785214	0.0
221.0	26.108292488874774	23.93846464418564	23.911152541064638	26.042090325874952	0.0
222.0	26.002012783251743	24.04593183255306	23.958058109468098	25.993997274727104	0.0
223.0	25.993700404041004	23.99368259179984	23.942917704477107	26.069699299682053	0.0
224.0	25.992512921296612	23.949151988885163	24.013572927768394	26.044762162049835	0.0
225.0	26.025839701228453	23.963472922344337	23.913301627449933	26.097385748977274	0.0
226.0	26.044839481543498	23.96287917920949	24.105674403139712	25.886606936107302	0.0
227.0	25.98339874481211	24.011257503517967	23.970882490900777	26.03446126076914	0.0
228.0	26.240054625341408	23.97072794204964	23.88018050112813	25.909036931480824	0.0
229.0	26.030162688516807	23.9561809761311	23.875133594584966	26.13852274076713	0.0
230.0	26.002256264101653	23.85435221470134	23.977259232870203	26.166132288326803	0.0
231.0	26.211710080216605	23.861025181244397	23.943260558488056	25.984004180050945	0.0
232.0	25.95417354439549	24.053842225890346	23.83266634207745	26.159317887636714	0.0
233.0	25.87810576754653	24.00893024139559	24.113433066237572	25.999530924820313	0.0
234.0	26.10937764411444	23.877114178242632	23.977163757707824	26.036344419935105	0.0
235.0	26.101516784381484	23.920898017106502	24.026885886394066	25.950699312117948	0.0
236.0	26.062417984359875	23.919768663939244	23.853859262645997	26.16395408905488	0.0
237.0	26.022634832227915	23.89007974443778	23.9797402813322	26.107545142002103	0.0
238.0	26.109481509631145	24.065981046481248	23.935349025010094	25.889188418877513	0.0
239.0	26.102214225911606	23.925693689842113	24.02693410762955	25.945157976616727	0.0
240.0	25.893739886881523	24.05623264997105	23.96924127488384	26.080786188263588	0.0
241.0	26.13477114557849	23.89818531626327	23.99764851191183	25.969395026246406	0.0
242.0	26.04847401565919	23.84508267542362	24.10250624259573	26.003937066321452	0.0
243.0	25.987938964389954	23.971234044069398	24.01013103237358	26.030695959167073	0.0
244.0	26.129959439637513	23.823422867017833	23.829658354662662	26.216959338681995	0.0
245.0	26.053995949709886	23.98520040621678	23.922842567242537	26.037961076830797	0.0
246.0	26.105922703449096	23.935205119448856	23.903728229721903	26.055143947380145	0.0
247.0	25.991477230545367	24.044603483347935	23.967690685830526	25.996228600276172	0.0
248.0	25.993282591458616	23.99825383014044	23.942126941797305	26.066336636603637	0.0
249.0	25.993876526784998	23.959351066262393	24.016071889931904	26.030700517020698	0.0
