# Position (bp)	A	C	G	T	N
0.0	26.218013690071228	23.789067381253208	23.633283812115575	26.359635116559986	0.0
1.0	26.16136511947572	23.668828013273536	23.873484859003373	26.296322008247365	0.0
2.0	26.240524255130094	23.744481159581262	23.72976425179796	26.285230333490684	0.0
3.0	26.241638877242472	23.770439457002517	23.77710336555148	26.210818300203524	0.0
4.0	26.26476051387273	23.644587094320137	23.685123845327308	26.40552854647983	0.0
5.0	26.16802709756233	23.70648009328669	23.752290521405964	26.373202287745016	0.0
6.0	26.30040311386023	23.767337782762716	23.657120012437673	26.275139090939376	0.0
7.0	26.320070625860616	23.77348643006263	23.761548882867675	26.14489406120908	0.0
8.0	26.23320813171987	23.837443333083485	23.711686501822502	26.21766203337414	0.0
9.0	26.18081984915486	23.900376696452614	23.700508276495754	26.21829517789677	0.0
10.0	26.15179198485467	23.83252415730493	23.812537648198578	26.203146209641826	0.0
11.0	26.265881641003435	23.65930774504987	23.74147450470932	26.333336109237376	0.0
12.0	26.180938977301434	23.759795471390145	23.82169813153899	26.23756741976943	0.0
13.0	26.08683583025902	23.796437404751792	23.953553573560068	26.163173191429117	0.0
14.0	26.28392501728	23.796714995156048	23.71482582590085	26.2045341616631	0.0
15.0	26.277818028386395	23.709551608220007	23.772287039581617	26.24034332381198	0.0
16.0	26.366296177035565	23.693663183842062	23.720589378310255	26.219451260812114	0.0
17.0	26.294678051542842	23.74890352094691	23.682837188128048	26.2735812393822	0.0
18.0	26.23555145956629	23.718368661240717	23.662295555234785	26.383784323958203	0.0
19.0	26.174204150520204	23.778605611752035	23.65563340402616	26.3915568337016	0.0
20.0	26.251651658320473	23.81608021230055	23.690887287505134	26.24138084187384	0.0
21.0	26.26469837110403	23.73557921852966	23.793873041605135	26.205849368761175	0.0
22.0	26.22056161934689	23.838287382995972	23.769722743473867	26.171428254183276	0.0
23.0	26.29523323081023	23.764726130067398	23.831902821421036	26.108137817701337	0.0
24.0	26.30550404725686	23.81496985376578	23.714204816735325	26.165321282242036	0.0
25.0	26.224447874218587	23.776940073949877	23.637867667469827	26.360744384361713	0.0
26.0	26.165876461509423	23.659519658897857	23.878537879881414	26.296065999711303	0.0
27.0	26.249153351617238	23.74140860083721	23.73002742585581	26.279410621689742	0.0
28.0	26.24832058271616	23.7608398751957	23.77943838065311	26.211401161435028	0.0
29.0	26.259701757697563	23.65563340402616	23.699770155783302	26.384894682492977	0.0
30.0	26.155050465795405	23.717258302705943	23.753344955085996	26.374346276412652	0.0
31.0	26.29377229385557	23.767991228191924	23.655845327485462	26.282391150467042	0.0
32.0	26.31459145859068	23.770489527960137	23.772155061138946	26.142763952310233	0.0
33.0	26.235201043734126	23.823231411955753	23.71830282169079	26.223264722619327	0.0
34.0	26.1744090827076	23.89762522727588	23.698594012408222	26.22937167760829	0.0
35.0	26.134713875279324	23.838221210565035	23.822398645366345	26.204666268789296	0.0
36.0	26.263237518910742	23.65362461658038	23.741065108467847	26.34207275604103	0.0
37.0	26.17496426043387	23.758830795708477	23.82017793446127	26.246027009396382	0.0
38.0	26.09418590126164	23.793806992463463	23.94648086718761	26.16552623908729	0.0
39.0	26.28933087204541	23.79075351496898	23.717747643964522	26.202167969021083	0.0
40.0	26.29682577135005	23.701647489902705	23.7629946286555	26.238532110091743	0.0
41.0	26.375587792786042	23.697973051747972	23.721845627709953	26.204593527756032	0.0
42.0	26.299528655418797	23.747938908412586	23.679374649545032	26.273157786623585	0.0
43.0	26.24539897736547	23.708798987358637	23.65994348306435	26.385858552211545	0.0
44.0	26.183496832719864	23.781527067614906	23.65800036641628	26.376975733248948	0.0
45.0	26.263997379568405	23.804566879299145	23.688257468507633	26.243178272624817	0.0
46.0	26.270104317605192	23.729618094302225	23.785968477096205	26.214309110996375	0.0
47.0	26.219583284755416	23.83121533618694	23.77070113200424	26.178500247053403	0.0
48.0	26.299528655418797	23.755711375004857	23.83371362902017	26.111046340556175	0.0
49.0	26.304802829177838	23.823442869594665	23.71213004446961	26.15962425675788	0.0
50.0	26.228466103718013	23.787911593744273	23.635238142824626	26.348384159713085	0.0
51.0	26.175169189942427	23.655779661675634	23.87840531192574	26.2906458364562	0.0
52.0	26.25483697251323	23.742664734653545	23.726842213376415	26.275656079456816	0.0
53.0	26.259000793901944	23.75876484402325	23.78180465570749	26.200429706367316	0.0
54.0	26.269826729512612	23.657722778323702	23.700748932673786	26.371701559489903	0.0
55.0	26.15906908057272	23.71185245637703	23.743775087023867	26.385303376026382	0.0
56.0	26.305007397702134	23.767859274331222	23.65321571033208	26.273917617634567	0.0
57.0	26.322495398990135	23.776186893992175	23.75869889270417	26.14261881431351	0.0
58.0	26.236720916482305	23.829206072500256	23.701515904365618	26.23255710665183	0.0
59.0	26.175929292957335	23.898602903008214	23.697907269179204	26.227560534855254	0.0
60.0	26.12846186088989	23.833092295008704	23.836700930195114	26.201744913906293	0.0
61.0	26.265312410651582	23.655713996230364	23.743986764636485	26.334986828481572	0.0
62.0	26.176206880279363	23.757866130738076	23.828928485178224	26.236998503804333	0.0
63.0	26.09792725546639	23.793952482602215	23.945792747753625	26.162327514177775	0.0
64.0	26.289462507668347	23.775631719348116	23.73427120836537	26.200634564618163	0.0
65.0	26.293071142854764	23.700127967755456	23.77368860809389	26.233112281295888	0.0
66.0	26.37238791055051	23.69756390042415	23.721991516954986	26.208056672070352	0.0
67.0	26.296884368546113	23.7447536141769	23.686182851813196	26.272179165463793	0.0
68.0	26.23470498101308	23.7217139304035	23.660644889076416	26.382936199507007	0.0
69.0	26.189180786569256	23.776120894494905	23.658146610113036	26.37655170882281	0.0
70.0	26.26440674202216	23.802491616886144	23.694788034909283	26.238313606182405	0.0
71.0	26.271346405809332	23.722824276609447	23.796662299304923	26.209167018276297	0.0
72.0	26.21888254757834	23.823865781350626	23.77029157691368	26.186960094157357	0.0
73.0	26.30299127267882	23.748917412449202	23.83968821478537	26.10840310008661	0.0
74.0	26.29771712820057	23.820812329284273	23.719770824543094	26.161699717972063	0.0
75.0	26.223046345850637	23.787779529657346	23.6378827918545	26.351291332637516	0.0
76.0	26.180298016921675	23.64815349425951	23.879383091647977	26.292165397170837	0.0
77.0	26.25718949168351	23.737536363838245	23.72948635384513	26.27578779063312	0.0
78.0	26.252192933756746	23.7511381048611	23.78417090448802	26.21249805689414	0.0
79.0	26.274399857875686	23.648431080810997	23.700894939041994	26.376274122271326	0.0
80.0	26.161422131420576	23.71477426661633	23.746419133485823	26.37738446847727	0.0
81.0	26.288483798705897	23.76439629256431	23.654749909090654	26.29236999963914	0.0
82.0	26.322626849762248	23.76439629256431	23.757179062259716	26.155797795413726	0.0
83.0	26.235742500326165	23.823244478124852	23.706658450127552	26.23435457142143	0.0
84.0	26.173008113832374	23.89486160960891	23.699996391384847	26.232133885173862	0.0
85.0	26.13442369028089	23.82490999281053	23.839622039200663	26.20104427770792	0.0
86.0	26.25100971827819	23.663910239861874	23.74579804524093	26.339281996619007	0.0
87.0	26.17356328539427	23.759954920069173	23.834625495143634	26.23185629939292	0.0
88.0	26.11027372733859	23.784660054573365	23.948990836893373	26.156075381194672	0.0
89.0	26.292647585420088	23.772446280211742	23.73969115806012	26.19521497630805	0.0
90.0	26.294035514324815	23.696110190451606	23.77966351051634	26.230190784707247	0.0
91.0	26.377238029146426	23.695766828591257	23.730464954892437	26.19653018736988	0.0
92.0	26.29979181124219	23.745454545454546	23.695766828591257	26.258986814712003	0.0
93.0	26.23733518390007	23.71297709923664	23.670506592643996	26.379181124219294	0.0
94.0	26.195975017349067	23.76210964607911	23.668008327550314	26.373907009021515	0.0
95.0	26.274253990284524	23.795419847328244	23.695489243580848	26.234836918806387	0.0
96.0	26.274531575294937	23.720194309507285	23.799028452463567	26.20624566273421	0.0
97.0	26.231783483691878	23.810131852879945	23.779597501734905	26.17848716169327	0.0
98.0	26.305065926439973	23.74767522553782	23.83761276891048	26.109646079111727	0.0
99.0	26.30090215128383	23.817626648161	23.722970159611382	26.158501040943786	0.0
100.0	26.216238723108955	23.79819569743234	23.64385843164469	26.34170714781402	0.0
101.0	26.179597501734907	23.65496183206107	23.877862595419845	26.28757807078418	0.0
102.0	26.256766134628727	23.739347675225538	23.73351839000694	26.270367800138793	0.0
103.0	26.255655794587092	23.74267869535045	23.79264399722415	26.209021512838305	0.0
104.0	26.270090215128384	23.651353226925746	23.705482303955584	26.373074253990286	0.0
105.0	26.161554476058292	23.705759888965996	23.749618320610686	26.38306731436502	0.0
106.0	26.301106728364392	23.75649200141013	23.654063416895443	26.28833785333004	0.0
107.0	26.32581172571346	23.772314303083128	23.7592678438089	26.14260612739451	0.0
108.0	26.245312296149077	23.8225570505009	23.700419984954934	26.231710668395092	0.0
109.0	26.169254214422722	23.894451368629095	23.702085490394197	26.234208926553986	0.0
110.0	26.13400101595832	23.81978120810213	23.850870642968374	26.19534713297118	0.0
111.0	26.250031228226987	23.674049482166602	23.743167957896024	26.33275133171039	0.0
112.0	26.187019605774864	23.752605822051848	23.83532592553525	26.225048646638037	0.0
113.0	26.10596500773072	23.78091941451932	23.948025126925394	26.165090450824565	0.0
114.0	26.281120663093233	23.782862504198462	23.739836947017494	26.196179885690814	0.0
115.0	26.294167122367462	23.69681138983653	23.78230733571871	26.226714152077303	0.0
116.0	26.375148507156105	23.701186946914937	23.72228329058548	26.20138125534348	0.0
117.0	26.29964580349311	23.74088138303188	23.6970231948747	26.262449618600314	0.0
118.0	26.24052052452172	23.71062478487281	23.66815451406238	26.380700176543087	0.0
119.0	26.188889999222763	23.76586389527331	23.67481651732676	26.370429588177164	0.0
120.0	26.269389205334043	23.795010159554977	23.698133528752095	26.23746710635888	0.0
121.0	26.27827187635322	23.720062622830685	23.801116995880662	26.200548504935433	0.0
122.0	26.2313602700332	23.81610650322552	23.773358648945738	26.179174577795543	0.0
123.0	26.310471558797733	23.741991716909276	23.842754516283048	26.104782208009947	0.0
124.0	26.29964580349311	23.81943750485771	23.72561429221767	26.155302399431505	0.0
125.0	26.225531017176866	23.791956741392138	23.651499505901423	26.331012735529573	0.0
126.0	26.185558997590576	23.65316500671752	23.879395534237144	26.281880461454758	0.0
127.0	26.263282369008362	23.73283146242075	23.72172812364678	26.28215804492411	0.0
128.0	26.24912561207155	23.74615546894951	23.79473257608563	26.20998634289331	0.0
129.0	26.27751206797483	23.65239791145618	23.710135433350636	26.359954587218354	0.0
130.0	26.164812866584686	23.707359590951864	23.751495485092338	26.37633205737111	0.0
131.0	26.307564191533654	23.762664816099928	23.656627342123528	26.273143650242886	0.0
132.0	26.3236641221374	23.774045801526718	23.759611380985426	26.14267869535045	0.0
133.0	26.240739044383186	23.81908069141066	23.706658450127552	26.233521814078596	0.0
134.0	26.17633914320373	23.891252994456615	23.70443776387998	26.227970098459675	0.0
135.0	26.134146104499944	23.82268930656296	23.847116855286206	26.19604773365089	0.0
136.0	26.256561433897108	23.663355068299982	23.750239417736065	26.329844080066845	0.0
137.0	26.184944302413054	23.739968743841068	23.847394441067152	26.22769251267873	0.0
138.0	26.109996141557644	23.777720410049717	23.95953909656932	26.15274435182332	0.0
139.0	26.28765104136306	23.779941096297282	23.73969115806012	26.19271670427954	0.0
140.0	26.30264067353414	23.69083606061363	23.781884196763905	26.224639069088322	0.0
141.0	26.370999977793076	23.697286313872663	23.723657036263905	26.208056672070352	0.0
142.0	26.305211965090713	23.734205325220405	23.69589838111523	26.26468432857365	0.0
143.0	26.24247740445471	23.717550132131198	23.672025937687373	26.367946525726722	0.0
144.0	26.196398036907908	23.77056916346517	23.675079389753726	26.357953409873197	0.0
145.0	26.284392973729208	23.791388154826677	23.69700872732118	26.227210144122935	0.0
146.0	26.270791232706358	23.727543247984723	23.795829539650462	26.20583597965846	0.0
147.0	26.22415669205658	23.828862339277386	23.76973640381071	26.17724456485532	0.0
148.0	26.316315427150183	23.74281050831649	23.83885545513091	26.10201860940241	0.0
149.0	26.301880926472876	23.8138726654971	23.733094979014457	26.151151429015567	0.0
150.0	26.23054118274078	23.787779529657346	23.65398281184073	26.327696475761144	0.0
151.0	26.18751526726033	23.65148453287735	23.878827918545003	26.28217228131731	0.0
152.0	26.26440674202216	23.73725877728676	23.733927738668918	26.26440674202216	0.0
153.0	26.2594101840954	23.739757056250138	23.793886433790057	26.206946325864404	0.0
154.0	26.26975380780409	23.644610503349092	23.708733174738445	26.376902514108373	0.0
155.0	26.165658562042154	23.703181428297807	23.753424733585568	26.37773527607447	0.0
156.0	26.30702353391849	23.75765449165293	23.658833130694028	26.27648884373456	0.0
157.0	26.320902938547547	23.767370074893268	23.76126313685648	26.150463849702703	0.0
158.0	26.237144165776073	23.811572679704092	23.70997515579675	26.24130799872309	0.0
159.0	26.1744090827076	23.878194006856447	23.71969076600647	26.227706144429487	0.0
160.0	26.136656997321268	23.819622756735	23.843772987827727	26.199947258116	0.0
161.0	26.257685741648046	23.662507460200697	23.746616885730546	26.333189912420714	0.0
162.0	26.19939208038973	23.734958153478882	23.84571610986967	26.219933656261713	0.0
163.0	26.105844633513303	23.78658968202196	23.954253355355384	26.153312329109358	0.0
164.0	26.294605060444976	23.77298782772835	23.74328581937293	26.18912129245375	0.0
165.0	26.298768893392	23.703868200807783	23.77826201612791	26.21910088967231	0.0
166.0	26.372403148976804	23.703656410655	23.72808429841996	26.195856141948237	0.0
167.0	26.32104906674365	23.724475633181953	23.694495952743143	26.259979347331253	0.0
168.0	26.251651658320473	23.710040972229933	23.674509499117267	26.363797870332327	0.0
169.0	26.188916401105917	23.764726130067398	23.684502725930205	26.36185474289648	0.0
170.0	26.27108293267896	23.794705810506212	23.705044358823464	26.229166897991362	0.0
171.0	26.274414008283276	23.73113778439058	23.800257603180068	26.19419060414608	0.0
172.0	26.231110025427213	23.815802622666858	23.768334795305403	26.184752556600525	0.0
173.0	26.319661118575187	23.73613439779705	23.842728817135054	26.101475666492714	0.0
174.0	26.305226457623164	23.806364575121304	23.733358501460124	26.155050465795405	0.0
175.0	26.231110025427213	23.784990173326968	23.652024738788153	26.331875062457666	0.0
176.0	26.1858629151353	23.641476332707832	23.892139771932356	26.280520980224516	0.0
177.0	26.268307036342037	23.723087685013493	23.74862593131322	26.259979347331253	0.0
178.0	26.257758630261712	23.73308091182643	23.80081278244745	26.208347675464406	0.0
179.0	26.273376581918317	23.641264368773303	23.703167028922145	26.382192020386242	0.0
180.0	26.167614637897195	23.704277390539165	23.761461013815673	26.366646957747964	0.0
181.0	26.313422643667312	23.747647414793388	23.669089112318943	26.26984082922036	0.0
182.0	26.32924534063213	23.763747702933028	23.754587194163925	26.152419762270917	0.0
183.0	26.24548566098806	23.8015661737559	23.71690063041131	26.23604753484473	0.0
184.0	26.179696369930127	23.87596081512099	23.716067854575133	26.22827496037375	0.0
185.0	26.1455525606469	23.812114667680802	23.839596270274622	26.202736501397677	0.0
186.0	26.257699706585313	23.654997626588866	23.764924036964143	26.322378629861674	0.0
187.0	26.20773315641473	23.73050263573552	23.837375534711487	26.22438867313826	0.0
188.0	26.11529503859916	23.786021024813945	23.950077864540685	26.148606072046217	0.0
189.0	26.30350237757501	23.77880363423375	23.737442434370323	26.180251553820916	0.0
190.0	26.310164584264424	23.695803642561508	23.775194938943653	26.21883683423042	0.0
191.0	26.37408394403731	23.709471463468798	23.72279591383522	26.193648678658672	0.0
192.0	26.31606706640018	23.736120364201643	23.694203864090607	26.253608705307574	0.0
193.0	26.23834110592938	23.70919387075283	23.675882744836777	26.376582278481013	0.0
194.0	26.20961697544401	23.75818209072891	23.676291784875556	26.35590914895153	0.0
195.0	26.268189363698447	23.792603778613028	23.710435878502544	26.228770979185985	0.0
196.0	26.27179808904113	23.717653329187925	23.81120259384074	26.1993459879302	0.0
197.0	26.22793819641459	23.82230636412594	23.779279254270786	26.17047618518868	0.0
198.0	26.316768358696198	23.737917709958417	23.84867781855329	26.096636112792098	0.0
199.0	26.31538038741055	23.791493401584507	23.735974550158506	26.157151660846438	0.0
200.0	26.236821212642752	23.77983444278505	23.64936514193394	26.333979202638258	0.0
201.0	26.18879740615926	23.642147691248564	23.89198252266557	26.2770723799266	0.0
202.0	26.262637478555845	23.724315591359048	23.75151982855779	26.26152710152732	0.0
203.0	26.249590548470735	23.724037997101917	23.81148018809787	26.21489126632948	0.0
204.0	26.268817472941425	23.638604585314667	23.710501697493594	26.382076244250314	0.0
205.0	26.172769593351042	23.701618656606623	23.75547209198389	26.370139658058445	0.0
206.0	26.312472934409666	23.746099779033745	23.664209018532294	26.277218268024292	0.0
207.0	26.320742408385684	23.757956655831087	23.757956655831087	26.163344279952145	0.0
208.0	26.241290286761238	23.793409765982844	23.72262165838492	26.242678288870998	0.0
209.0	26.181883796463374	23.860866668517335	23.72484246176054	26.232407073258752	0.0
210.0	26.141354134858286	23.803125780751184	23.85698026261	26.198539821780532	0.0
211.0	26.25433750659301	23.650167948255284	23.765372123365626	26.33012242178608	0.0
212.0	26.2110318407684	23.726508064292258	23.845043444466036	26.217416650473307	0.0
213.0	26.10804208422397	23.784526552480358	23.963578824639814	26.14385253865586	0.0
214.0	26.305138383810345	23.777586541931544	23.735668878216696	26.181606196041418	0.0
215.0	26.305138383810345	23.695972017877466	23.778974544041308	26.21991505427088	0.0
216.0	26.375722110102185	23.70658664349622	23.723242715050706	26.19444853135089	0.0
217.0	26.306877014343655	23.747949221189852	23.683268143319943	26.261905621146546	0.0
218.0	26.245527150784643	23.716857887621483	23.672164095616953	26.365450865976918	0.0
219.0	26.21520934080272	23.754531877210418	23.672916446897226	26.35734233508964	0.0
220.0	26.281278974865778	23.788954711764283	23.705118453415356	26.224647859954587	0.0
221.0	26.28710864845958	23.712613748035956	23.812551009643947	26.18772659386052	0.0
222.0	26.22659108448585	23.82226713230028	23.77812817509008	26.173013608123792	0.0
223.0	26.320421068995575	23.74342773703175	23.846696240693344	26.08945495327933	0.0
224.0	26.32819396712064	23.795894799375947	23.732601200357553	26.143310033145855	0.0
225.0	26.241581673727048	23.784790659197284	23.64848733850416	26.325140328571507	0.0
226.0	26.192168249931985	23.64126964738803	23.890835197903538	26.275726904776448	0.0
227.0	26.273651949897843	23.72496002487341	23.74661321844186	26.25477480678689	0.0
228.0	26.25366438660389	23.728846495513903	23.8104623789642	26.207026738918003	0.0
229.0	26.278444185962584	23.636747237128112	23.71725292388326	26.36755565302604	0.0
230.0	26.17698579483151	23.71211006576518	23.75097509584394	26.359929043559372	0.0
231.0	26.318638609738493	23.74659930042752	23.67192271389706	26.262839375936924	0.0
232.0	26.318434063722346	23.77581415749863	23.75610392566744	26.14964785311158	0.0
233.0	26.25493451187892	23.798366544703487	23.718414959829882	26.22828398358772	0.0
234.0	26.164711369226413	23.879706177925588	23.73868046571798	26.216901987130015	0.0
235.0	26.14055932796251	23.817244002243086	23.85999589137689	26.182200778417513	0.0
236.0	26.237722712357513	23.657340832495876	23.773936893769886	26.33099956137672	0.0
237.0	26.20302150364501	23.741178952745283	23.838619946809988	26.217179596799717	0.0
238.0	26.10447007090151	23.787539767585184	23.966042785202294	26.141947376311016	0.0
239.0	26.30712512978252	23.777268209806284	23.73007456595728	26.18553209445391	0.0
240.0	26.30050582166871	23.695607513478397	23.784723186176798	26.219163478676087	0.0
241.0	26.38218717898887	23.69554957105972	23.727754796079846	26.194508453871567	0.0
242.0	26.311902355593563	23.73696427183172	23.68726469052987	26.263868682044844	0.0
243.0	26.245904370522577	23.717720886321985	23.67051702115844	26.365857721997	0.0
244.0	26.21382138880327	23.746053431744155	23.672467462505868	26.367657716946706	0.0
245.0	26.277876976137783	23.782799096940092	23.710043347986304	26.22928057893582	0.0
246.0	26.274177647565228	23.71874088782127	23.82149155084075	26.185589913772755	0.0
247.0	26.225488154054226	23.815752566783583	23.787703322308037	26.17105595685415	0.0
248.0	26.316768823580055	23.733083009551002	23.860559284799773	26.08958888206917	0.0
249.0	26.31704654966992	23.79696001022032	23.740581613977398	26.14541182613236	0.0
