# Position (bp)	A	C	G	T	N
0.0	26.317409969965784	23.81359033792851	23.744168888733974	26.124830803371736	0.0
1.0	26.26164043755846	23.894630439707907	23.734293034036842	26.109436088696793	0.0
2.0	26.16285486897369	23.717185330630123	23.858929598410604	26.26103020198558	0.0
3.0	26.2918652643564	23.95545602676821	23.703923157579823	26.048755551295567	0.0
4.0	26.219009224620677	23.911111369286893	23.690951971559358	26.17892743453308	0.0
5.0	26.331824967615642	23.652200684282985	23.70360904090014	26.312365307201237	0.0
6.0	26.2241803945259	23.77262482864379	23.6413485443435	26.361846232486812	0.0
7.0	26.11640334572491	23.743320167286246	23.78630343866171	26.35397304832714	0.0
8.0	26.212706885485854	23.862365791254398	23.65442754542841	26.27049977783134	0.0
9.0	26.257263917244344	23.80270605420821	23.809095106856905	26.13093492169054	0.0
10.0	26.248874691447654	23.777842311601567	23.762741396834617	26.210541600116162	0.0
11.0	25.917816175402937	23.83098591549296	23.956439668941485	26.294758240162626	0.0
12.0	26.135908232902572	23.800493683752	23.80572092347902	26.257877159866418	0.0
13.0	26.26542761724989	23.70727457528677	23.894003194424275	26.13329461303906	0.0
14.0	26.308987948308406	23.714244228256135	23.738638013648906	26.238129809786553	0.0
15.0	26.10425439233338	23.871642224480908	23.680267170030493	26.34383621315522	0.0
16.0	26.251488311311167	23.740961231305356	23.831566719907073	26.175983737476404	0.0
17.0	26.153332365325976	23.927399448235807	23.75954697255699	26.159721213881227	0.0
18.0	26.205895164803252	23.735733991578336	23.86583418033977	26.19253666327864	0.0
19.0	26.152461158704803	23.826920284594163	23.688688834035137	26.33192972266589	0.0
20.0	26.141059558415687	23.73305145040961	23.889868186821005	26.2360208043537	0.0
21.0	26.218596722530208	23.78241968224283	23.712723354948874	26.286260240278086	0.0
22.0	26.272535080382863	23.827072298113556	23.71265449307685	26.187738128426723	0.0
23.0	26.166829290958088	23.739661741473842	23.867147569928445	26.226361397639625	0.0
24.0	26.274858284546042	23.830266703837932	23.59881748908094	26.296057522535083	0.0
25.0	26.33758479695196	23.77218659975839	23.764926586748444	26.125302016541212	0.0
26.0	26.289087910045534	23.85669315119413	23.736467335749463	26.117751603010873	0.0
27.0	26.17176609980485	23.704523278505715	23.85495074807174	26.268759873617693	0.0
28.0	26.31290075271815	23.926389276089584	23.71439689619924	26.046313074993034	0.0
29.0	26.259467056964965	23.87063237617322	23.700457671220146	26.16944289564167	0.0
30.0	26.33932720007434	23.645571972864975	23.67286962178236	26.34223120527832	0.0
31.0	26.226070997119226	23.770153796115604	23.631051946845087	26.372723259920082	0.0
32.0	26.113685995725305	23.725141715453955	23.80006504971657	26.36110723910417	0.0
33.0	26.20777576433417	23.852627543908557	23.647604776507762	26.29199191524951	0.0
34.0	26.28008549391321	23.793676238267818	23.811100269491682	26.11513799832729	0.0
35.0	26.268469473097294	23.754181767493726	23.778575411207136	26.198773348201843	0.0
36.0	25.94234968869064	23.82591069603197	23.930164482854753	26.301575132422638	0.0
37.0	26.124140414459625	23.81022906793049	23.802097853359353	26.263532664250533	0.0
38.0	26.258886255924168	23.692907257689804	23.892412415203047	26.155794071182974	0.0
39.0	26.271083077780876	23.711202490474864	23.753891366973328	26.263823064770932	0.0
40.0	26.106716383235756	23.87063237617322	23.669965616578384	26.35268562401264	0.0
41.0	26.244656630424686	23.744598550320603	23.84072112257225	26.170023696682463	0.0
42.0	26.14475885140786	23.932197286497537	23.764345785707647	26.158698076386955	0.0
43.0	26.223747792956043	23.724851314933556	23.8598875569185	26.191513335191896	0.0
44.0	26.14388764984667	23.817489080940433	23.697844066536568	26.34077920267633	0.0
45.0	26.1516525193624	23.736979204479127	23.859818267882087	26.251550008276393	0.0
46.0	26.23848202280799	23.763405575093	23.72362081933365	26.274491582765357	0.0
47.0	26.274415281948226	23.81212357051174	23.723551926215464	26.18990922132457	0.0
48.0	26.171614094797796	23.741847052742234	23.8492946212328	26.23724423122717	0.0
49.0	26.273544085446954	23.836807471381192	23.585322081346522	26.304326361825332	0.0
50.0	26.355146157733028	23.780470097632087	23.756657393263907	26.107726351370975	0.0
51.0	26.2822560504597	23.828385905202204	23.757528589765183	26.13182945457291	0.0
52.0	26.161159736782498	23.70874158569379	23.872526527933463	26.257572149590246	0.0
53.0	26.311876731503048	23.923927121508683	23.718905544875334	26.045290602112942	0.0
54.0	26.256991351922732	23.87194573026595	23.69712563234346	26.173937285467865	0.0
55.0	26.338593424208806	23.651823414277168	23.657631390952332	26.351951770561687	0.0
56.0	26.239567421897235	23.7546246014276	23.63410908541791	26.37169889125725	0.0
57.0	26.124859882562713	23.719486342542847	23.783954883637186	26.37169889125725	0.0
58.0	26.21023713968765	23.86439536058823	23.64979062244086	26.275576877283264	0.0
59.0	26.269478501774334	23.802830807831477	23.8124139693455	26.115276721048687	0.0
60.0	26.278190466787088	23.763917364107865	23.762174971105317	26.195717197999734	0.0
61.0	25.93406784878352	23.821416333192005	23.941931849201694	26.30258396882278	0.0
62.0	26.13357184757546	23.808348385672883	23.819964339023215	26.23811542772844	0.0
63.0	26.259314542592797	23.7038048055199	23.88559447545259	26.151286176434716	0.0
64.0	26.2822560504597	23.71919594370909	23.755495797928873	26.243052207902334	0.0
65.0	26.11672871521748	23.87804410577487	23.67679771398038	26.32842946502727	0.0
66.0	26.25844334609152	23.744170243412302	23.829837899370997	26.167548511125176	0.0
67.0	26.130958258071637	23.932929485355185	23.76682135244545	26.169290904127728	0.0
68.0	26.222143491871737	23.72209993204667	23.87310732560098	26.182649250480612	0.0
69.0	26.16174053445001	23.80660599267033	23.704676002021177	26.326977470858477	0.0
70.0	26.13843272204556	23.743520494838176	23.873328396567494	26.244718386548765	0.0
71.0	26.23745843678762	23.75513641445601	23.733937361153462	26.27346778760291	0.0
72.0	26.279489830291908	23.81140447676242	23.7228333468852	26.186272346060473	0.0
73.0	26.17030050296786	23.737643601389262	23.8558352402746	26.23622065536828	0.0
74.0	26.28123221317474	23.831151482767833	23.588960262054385	26.298656042003042	0.0
75.0	26.35063713134082	23.778299201988638	23.773943244781563	26.097120421888974	0.0
76.0	26.294300084795967	23.84305776580051	23.75042107586335	26.112221073540177	0.0
77.0	26.165944545760784	23.71005587241111	23.875291849132875	26.248707732695237	0.0
78.0	26.302721602062984	23.94092160438616	23.718186992530985	26.038169801019873	0.0
79.0	26.267293150112092	23.878195820604258	23.69379363217136	26.160717397112293	0.0
80.0	26.33582687683676	23.65459001730767	23.675498611901634	26.33408449395393	0.0
81.0	26.250450115578065	23.762617756043163	23.62671189118238	26.36022023719639	0.0
82.0	26.108445910627374	23.71876778682526	23.80385415093682	26.36893215161054	0.0
83.0	26.200792203417393	23.870064700484384	23.664753917457514	26.264389178640705	0.0
84.0	26.280070624586184	23.79281905934556	23.814308448233803	26.112801867834452	0.0
85.0	26.27919943314477	23.75042107586335	23.773362450487287	26.197017040504594	0.0
86.0	25.92898047369583	23.817793213999465	23.96850933336431	26.2847169789404	0.0
87.0	26.14474555401968	23.802402165201126	23.819535596882297	26.233316683896895	0.0
88.0	26.253644484196588	23.69843998652557	23.90026600378678	26.14764952549106	0.0
89.0	26.288492141853197	23.727770098386554	23.748097898686243	26.235639861074006	0.0
90.0	26.10873630777451	23.88197098351706	23.688566483522866	26.320726225185563	0.0
91.0	26.248417335548098	23.737062807094983	23.8558352402746	26.158684617082322	0.0
92.0	26.152295879845276	23.90955871249521	23.794271045081253	26.143874362578263	0.0
93.0	26.209794514978686	23.714121432471046	23.877034232015703	26.199049820534565	0.0
94.0	26.153747865580968	23.804434945231097	23.70976547526397	26.332051713923967	0.0
95.0	26.15396231236769	23.73844585706113	23.88596717940974	26.22162465116144	0.0
96.0	26.2326597107072	23.75732161681046	23.750061709214563	26.259956963267772	0.0
97.0	26.262494264689657	23.82259160524803	23.724728335046667	26.19018579501565	0.0
98.0	26.151563198764077	23.75551025386371	23.863827760644448	26.229098786727768	0.0
99.0	26.27701403771656	23.828980305379865	23.58679049129104	26.30721516561253	0.0
100.0	26.35367843929864	23.793261663733674	23.754348672021557	26.09871122494613	0.0
101.0	26.278175619558713	23.834207423669554	23.76247974491663	26.125137211855105	0.0
102.0	26.16346941264614	23.70207748912469	23.865860528868215	26.268592569360955	0.0
103.0	26.30866714291522	23.930328321107687	23.717178053072672	26.04382648290442	0.0
104.0	26.283693133308937	23.851631151301845	23.70991816655922	26.15475754883	0.0
105.0	26.344676180021953	23.66084133372827	23.674489920373563	26.31999256587621	0.0
106.0	26.23345471863584	23.765964490443086	23.641094442411674	26.3594863485094	0.0
107.0	26.11177902067035	23.70962777109868	23.81562211419511	26.36297109403586	0.0
108.0	26.22067731837216	23.862375783341754	23.65619500635966	26.260751891926425	0.0
109.0	26.260751891926425	23.772933981496	23.83798256465655	26.128331561921026	0.0
110.0	26.278175619558713	23.748831158271333	23.792971268273135	26.180021953896816	0.0
111.0	25.94596321270306	23.808652623142194	23.96111023992473	26.284273924230018	0.0
112.0	26.14517449863224	23.792971268273135	23.82839951445879	26.23345471863584	0.0
113.0	26.249426468965435	23.701496698203613	23.904773520580328	26.14430331225062	0.0
114.0	26.30256883824392	23.721243589520206	23.75754302208748	26.21864455014839	0.0
115.0	26.12223325724972	23.860633410578526	23.709046980177607	26.30808635199415	0.0
116.0	26.235487486859604	23.73402098978389	23.884155442882115	26.14633608047439	0.0
117.0	26.145755289553314	23.91842210722562	23.790067313667755	26.145755289553314	0.0
118.0	26.193089749621034	23.715726075769982	23.898384820448488	26.192799354160496	0.0
119.0	26.16521178540937	23.816493300576724	23.720082007678055	26.29821290633585	0.0
120.0	26.154833501279196	23.73641308293428	23.880740045940698	26.228013369845826	0.0
121.0	26.234402088530217	23.761677561368	23.734380308807427	26.269540041294352	0.0
122.0	26.261194810022186	23.818954802588017	23.73590121850643	26.183949168883363	0.0
123.0	26.174656460174933	23.739095587124954	23.873259069102907	26.21298888359721	0.0
124.0	26.27135871017203	23.829989894179278	23.59767217646854	26.30097921918015	0.0
125.0	26.35092752848796	23.793690250786977	23.77626642195867	26.079115798766395	0.0
126.0	26.294880879090243	23.812275668203835	23.764069741778858	26.12877371092706	0.0
127.0	26.171171694409274	23.70831348952828	23.879067012045674	26.241447804016772	0.0
128.0	26.309767536408646	23.91485530920126	23.735098953115244	26.040278201274848	0.0
129.0	26.28159893133539	23.849225363360485	23.715932685745813	26.153243019558303	0.0
130.0	26.36407196062203	23.64391398411523	23.667145823350904	26.324868231911836	0.0
131.0	26.24043861839851	23.765369358276658	23.650952217775895	26.34323980554894	0.0
132.0	26.123117489560162	23.702062412517353	23.819673940189457	26.355146157733028	0.0
133.0	26.197169192168523	23.871074533764673	23.659373783954884	26.272382490111916	0.0
134.0	26.25844334609152	23.77379092445565	23.846971430562736	26.120794298890093	0.0
135.0	26.28254644929346	23.740395058573444	23.806025195002817	26.17103329713028	0.0
136.0	25.91896710942809	23.830999494706028	23.96951973840873	26.28051365745715	0.0
137.0	26.144607003258276	23.79208605098242	23.838259465549985	26.22504748020932	0.0
138.0	26.258152947257763	23.69044645916702	23.898081625304194	26.153318968271023	0.0
139.0	26.303745564157815	23.71251677053265	23.767402150112964	26.21633551519657	0.0
140.0	26.12834466856781	23.84116345388757	23.715711157703993	26.31478071984063	0.0
141.0	26.229403462715695	23.730521498225663	23.881528891779972	26.15854614727867	0.0
142.0	26.14547819975955	23.908245584485734	23.803121206665235	26.143155009089487	0.0
143.0	26.207333151350063	23.719486342542847	23.889079261457685	26.184101244649398	0.0
144.0	26.17451808313538	23.809800379841676	23.721519134379157	26.29416240264379	0.0
145.0	26.154266116456075	23.741044799958182	23.89553742816238	26.20915165542336	0.0
146.0	26.24254761828705	23.739302401895728	23.740754400281105	26.277395579536115	0.0
147.0	26.27493458709282	23.804199784522186	23.731599443590987	26.189266184794	0.0
148.0	26.17039009615189	23.739440280411557	23.873896111816144	26.216273511620408	0.0
149.0	26.286336576157982	23.793233628575578	23.61754029330623	26.302889501960212	0.0
150.0	26.361550747785685	23.779003920429794	23.76245099462756	26.096994337156964	0.0
151.0	26.30869754610135	23.806011325686075	23.773486278495717	26.111804849716858	0.0
152.0	26.17714534630463	23.70378974880209	23.87019021344562	26.248874691447654	0.0
153.0	26.314001202268628	23.919047245672267	23.721573171404593	26.045378380654512	0.0
154.0	26.282637672826116	23.8490601105274	23.733479696470734	26.134822520175753	0.0
155.0	26.372662618448146	23.637356286790435	23.678012713845547	26.31196838091587	0.0
156.0	26.231893317225598	23.753586488087635	23.647589066874207	26.36693112781256	0.0
157.0	26.1113757013254	23.69608651712802	23.82705867320269	26.365479108343887	0.0
158.0	26.21940594979498	23.852614215851407	23.658624414836154	26.269355419517463	0.0
159.0	26.28184278694809	23.755038507556307	23.846225330189228	26.116893375306375	0.0
160.0	26.297524597209797	23.724255694820357	23.801503130553975	26.17671657741587	0.0
161.0	25.917966708097623	23.825606653734013	23.97051819670798	26.285908441460382	0.0
162.0	26.145933764679917	23.773043548967905	23.845644522401756	26.235378163950422	0.0
163.0	26.264999361111435	23.67604864846028	23.905758128404987	26.1531938620233	0.0
164.0	26.311754388002832	23.698990556065375	23.77072031781802	26.218534738113767	0.0
165.0	26.128799934949527	23.830833923821253	23.720480444201797	26.319885697027424	0.0
166.0	26.25164078199961	23.7303541765888	23.893851568761836	26.124153472649763	0.0
167.0	26.15638830485439	23.903144493361367	23.80556878506627	26.134898416717974	0.0
168.0	26.21272666023906	23.712929942964674	23.88194500911868	26.192398387677585	0.0
169.0	26.18310546307805	23.794243033210588	23.719318828626854	26.303332675084505	0.0
170.0	26.162562763723802	23.745814541726805	23.895663386061152	26.19595930848824	0.0
171.0	26.24619932800344	23.733327138032276	23.738844828036836	26.281628705927453	0.0
172.0	26.25477355559105	23.801420087412335	23.744790834773266	26.199015522223352	0.0
173.0	26.16445715779233	23.73317457782166	23.87895860256429	26.223409661821716	0.0
174.0	26.27750156819924	23.805264502938922	23.6115628557489	26.305671073112936	0.0
175.0	26.335002207095233	23.785226401505472	23.762574634667658	26.11719675673164	0.0
176.0	26.2987012987013	23.797713913992986	23.778837441628138	26.12474734567758	0.0
177.0	26.182247984573564	23.694328926887067	23.875543061589575	26.247880026949794	0.0
178.0	26.32549521843046	23.90523402537586	23.720534467086594	26.048736289107083	0.0
179.0	26.290646245168336	23.833503222077987	23.744638340259566	26.131212192494115	0.0
180.0	26.372831740444845	23.60640407965314	23.68858957492965	26.33217460497237	0.0
181.0	26.220153219764068	23.752548338570374	23.657294201694825	26.37000423997073	0.0
182.0	26.126931945565744	23.686335097083713	23.837347753105924	26.34938520424462	0.0
183.0	26.213473813824628	23.839671024737036	23.67994610009816	26.266909061340176	0.0
184.0	26.288108914974067	23.754871610201487	23.832991618797593	26.124027856026856	0.0
185.0	26.286366461250733	23.739479935645374	23.799304180146482	26.174849422957408	0.0
186.0	25.93148671959854	23.813243809933148	23.97325914352591	26.2820103269424	0.0
187.0	26.1463893454763	23.770263284757593	23.837057344152036	26.246290025614073	0.0
188.0	26.27213642251018	23.655261339017606	23.916629397517582	26.155972840954632	0.0
189.0	26.29943486417573	23.701726771639823	23.765907150449262	26.232931213735185	0.0
190.0	26.133611351505188	23.83357243670537	23.713343129795376	26.319473081994065	0.0
191.0	26.268651515063514	23.708696586533158	23.88991177375981	26.132740124643522	0.0
192.0	26.169622061787408	23.905593857269807	23.79204395629926	26.132740124643522	0.0
193.0	26.229736715242403	23.721764989458155	23.8797474603737	26.168750834925742	0.0
194.0	26.191112324375187	23.77229614743482	23.714504765610933	26.32208676257906	0.0
195.0	26.16534191397481	23.74535707336623	23.889400332809625	26.199900679849335	0.0
196.0	26.254788131532404	23.728803714922126	23.729094124719392	26.287314028826074	0.0
197.0	26.2897900034559	23.79980193936789	23.73533058991285	26.175077467263364	0.0
198.0	26.190178864433015	23.7321360635885	23.865725346243092	26.211959725735394	0.0
199.0	26.265181304416007	23.784769615900654	23.615459229013354	26.334589850669982	0.0
200.0	26.350425166116814	23.77764741415362	23.763126713442684	26.108800706286882	0.0
201.0	26.307306278206628	23.794339217155436	23.785917161825438	26.1124373428125	0.0
202.0	26.191153834983883	23.67902883861412	23.885516800743474	26.244300525658527	0.0
203.0	26.347338431200573	23.893275868578414	23.725702602468	26.03368309775301	0.0
204.0	26.294481699082557	23.810796132745907	23.73441525061932	26.160306917552212	0.0
205.0	26.39221665577579	23.602410513323168	23.68866623103173	26.31670659986931	0.0
206.0	26.23923978578316	23.756694276321138	23.65359370825153	26.350472229644172	0.0
207.0	26.126126126126124	23.689453476687518	23.834085536213195	26.350334860973156	0.0
208.0	26.221247676579925	23.836837825278813	23.67419842007435	26.267716078066915	0.0
209.0	26.314046898506614	23.742586794765305	23.830005982841442	26.113360323886642	0.0
210.0	26.300106297085833	23.734164348073584	23.791088470541766	26.174640884298817	0.0
211.0	25.952462549155143	23.81170894347667	23.969702426245508	26.26612608112268	0.0
212.0	26.164185433233232	23.75217095824209	23.838428429533167	26.245215178991515	0.0
213.0	26.271796837788543	23.654143286980563	23.914369358380092	26.159690516850798	0.0
214.0	26.294740877565957	23.724427560729097	23.759279266720107	26.22155229498484	0.0
215.0	26.136898296322542	23.838414935204494	23.717885418542377	26.306801349930588	0.0
216.0	26.262365166679253	23.720499311674807	23.893597123555825	26.12353839809012	0.0
217.0	26.17116933961442	23.914798701185546	23.79572134737478	26.11831061182525	0.0
218.0	26.21821941599819	23.729793153923453	23.895630151547714	26.156357278530646	0.0
219.0	26.17552582816847	23.800077835928832	23.701040329466707	26.32335600643599	0.0
220.0	26.164136492879987	23.741326881801626	23.89293400443204	26.201602620886348	0.0
221.0	26.274792266294135	23.7102503260134	23.745683408313994	26.269273999378466	0.0
222.0	26.29817983265032	23.795486031442685	23.723748144835017	26.18258599107197	0.0
223.0	26.1642884734352	23.731299501320034	23.87564658489903	26.228765440345736	0.0
224.0	26.278964397534722	23.805263983363442	23.599340114202068	26.316431504899768	0.0
225.0	26.341409576476465	23.79480804642436	23.757921824444818	26.105860552654352	0.0
226.0	26.291025268661052	23.794365379029916	23.787975602672088	26.126633749636945	0.0
227.0	26.165705290184665	23.669611789786753	23.9115533636559	26.253129556372677	0.0
228.0	26.35166731049065	23.8878061673497	23.738806902180386	26.02171961997926	0.0
229.0	26.285445414859844	23.836977957983947	23.735321539252446	26.14225508790376	0.0
230.0	26.398292162244587	23.600400819065044	23.696248856358647	26.305058162331722	0.0
231.0	26.22874636212075	23.762540154635285	23.653912063527102	26.35480141971687	0.0
232.0	26.12361671846409	23.685846234279243	23.819454529611665	26.371082517645007	0.0
233.0	26.228194001498757	23.828735411837833	23.66201355849497	26.28105702816844	0.0
234.0	26.301969873883923	23.743922204213938	23.847034151838876	26.10707377006326	0.0
235.0	26.297765798003976	23.7277944952423	23.797213928036157	26.17722577871757	0.0
236.0	25.922784677766032	23.81435094282627	24.00198673188414	26.260877647523557	0.0
237.0	26.143394078110386	23.777020001045653	23.820588935814246	26.258996985029714	0.0
238.0	26.270477518299057	23.6728825374695	23.90757522946439	26.14906471476705	0.0
239.0	26.293438985000407	23.726893538904832	23.776853454786277	26.202814021308484	0.0
240.0	26.150682305373046	23.828404119974206	23.72412671302509	26.29678686162766	0.0
241.0	26.23655101898543	23.7317872330537	23.918562498547626	26.113099249413242	0.0
242.0	26.172611422413166	23.899864343956335	23.80894284145672	26.11858139217378	0.0
243.0	26.20992574861432	23.736913048025194	23.91063107867858	26.142530124681905	0.0
244.0	26.163133568259926	23.820452558094946	23.714706540275	26.301707333370132	0.0
245.0	26.16630738569345	23.72939460671807	23.938281145593045	26.166016861995434	0.0
246.0	26.265267463886854	23.703936129414636	23.774535439110274	26.256260967588236	0.0
247.0	26.283859758205807	23.806355450829077	23.744178140898434	26.16560665006668	0.0
248.0	26.171382414300076	23.734476967509867	23.90503419861346	26.189106419576603	0.0
249.0	26.262403207763718	23.77173739340142	23.66423081951971	26.301628579315157	0.0
