# Position (bp)	A	C	G	T	N
0.0	26.2156406954641	23.826724863566177	23.634964964797565	26.322669476172162	0.0
1.0	26.39179223037945	23.679560290092592	23.750912810564635	26.177734668963325	0.0
2.0	26.143448391187412	23.697830297794066	23.898217694848174	26.260503616170343	0.0
3.0	26.312019776097568	23.754169952928653	23.719054559845272	26.21475571112851	0.0
4.0	26.20837060507007	23.832175471156553	23.840814154063946	26.118639769709436	0.0
5.0	26.24779865801734	23.773936110925344	23.824371920907733	26.153893310149577	0.0
6.0	26.191272269310282	23.795074978684987	23.78365124741573	26.230001504588994	0.0
7.0	26.335820438094494	23.671980786697798	23.78036208827643	26.211836686931278	0.0
8.0	26.198190768853586	23.81002794362242	23.65234010425228	26.339441183271717	0.0
9.0	26.244163630082795	23.824368446271965	23.6196079742364	26.311859949408838	0.0
10.0	26.362780383985378	23.587355002618587	23.717448714662982	26.332415898733046	0.0
11.0	26.270294061932407	23.77204907346534	23.671205553636497	26.28645131096576	0.0
12.0	26.18700065743289	23.803249278495258	23.85060673255853	26.159143331513324	0.0
13.0	26.280322699263454	23.780127697982014	23.75004178598888	26.18950781676565	0.0
14.0	26.21430083683407	23.783470577092363	23.762577582652685	26.239651003420878	0.0
15.0	26.10927871811729	23.788206322498688	23.82832087182287	26.27419408756115	0.0
16.0	26.298429961111175	23.765084741985447	23.66646980823017	26.27001548867321	0.0
17.0	26.307344305405433	23.824420846194133	23.625240965869203	26.24299388253123	0.0
18.0	26.302608559999108	23.6578340371951	23.850049586040136	26.18950781676565	0.0
19.0	26.152457573292626	23.765084741985447	23.819963674047003	26.262494010674924	0.0
20.0	26.192426192426193	23.800888086602374	23.76968805540234	26.236997665569096	0.0
21.0	26.1252904110047	23.792252363680934	23.819552390980963	26.262904834333405	0.0
22.0	25.9567545281831	23.973602545031117	23.766066623209483	26.303576303576303	0.0
23.0	26.28017628017628	23.77776663490949	23.76355947784519	26.178497607069033	0.0
24.0	26.300233443090587	23.73486659200945	23.772473772473774	26.192426192426193	0.0
25.0	26.22947622947623	23.806738092452377	23.62678076963791	26.33700490843348	0.0
26.0	26.40441926156212	23.667730810587955	23.74656660370946	26.18128332414047	0.0
27.0	26.142840428554713	23.710352281780853	23.88334531191674	26.263461977747692	0.0
28.0	26.31444060015489	23.75185946614518	23.711466568609428	26.22223336509051	0.0
29.0	26.184626184626186	23.83153097438812	23.85994528851672	26.123897552468982	0.0
30.0	26.25231910946197	23.779995208566636	23.80924523781667	26.158440444154728	0.0
31.0	26.187969045111902	23.787795216366643	23.78222378222378	26.242011956297674	0.0
32.0	26.318062032347743	23.67358081643796	23.79559522416665	26.21276192704764	0.0
33.0	26.189640475354757	23.811752383180952	23.656309370595086	26.342297770869198	0.0
34.0	26.21192621192621	23.83264526121669	23.627895056466485	26.327533470390613	0.0
35.0	26.351769208912067	23.58917358917359	23.730966588109446	26.3280906138049	0.0
36.0	26.261233404090547	23.778602350030923	23.67636653350939	26.28379771236914	0.0
37.0	26.185740471454753	23.80311666025952	23.855209569495283	26.15593329879044	0.0
38.0	26.27293341579056	23.77470234613092	23.752138037852326	26.2002262002262	0.0
39.0	26.220004791433364	23.787795216366643	23.75464518321661	26.237554808983383	0.0
40.0	26.107461821747535	23.790580933438076	23.83348097633812	26.26847626847627	0.0
41.0	26.309983452840598	23.755759470045184	23.663552234980806	26.270704842133412	0.0
42.0	26.314997743569172	23.81843810415239	23.63625220768078	26.230311944597656	0.0
43.0	26.307197735769165	23.650737936452224	23.85493099778814	26.187133329990473	0.0
44.0	26.156211870497586	23.758266615409475	23.827630970488116	26.257890543604827	0.0
45.0	26.19590167587805	23.784598413264398	23.779027010162242	26.24047290069531	0.0
46.0	26.125980566945977	23.796019789623816	23.81412684970583	26.263872793724367	0.0
47.0	25.963852736673203	23.977647530754144	23.767048493492602	26.29145123908005	0.0
48.0	26.2825369941166	23.787662684970584	23.757855678374042	26.171944642538776	0.0
49.0	26.295629791406665	23.732505794259225	23.779862720627563	26.19200169370654	0.0
50.0	26.229608664646104	23.802984043501514	23.641691923694065	26.325715368158313	0.0
51.0	26.40900784453557	23.67066321982528	23.755069976822963	26.16525895881619	0.0
52.0	26.1443661971831	23.703534498128008	23.88154082724193	26.270558477446958	0.0
53.0	26.325993938313424	23.74086289891246	23.711055892315922	26.222087270458193	0.0
54.0	26.188380281690144	23.82694107684079	23.86009092529863	26.12458771617044	0.0
55.0	26.258022820467108	23.77735558923159	23.80381975396684	26.160801836334464	0.0
56.0	26.197294526653593	23.79044838652166	23.77930558031735	26.2329515065074	0.0
57.0	26.321258245676592	23.68264173649492	23.784876983419505	26.211223034408988	0.0
58.0	26.203701640221073	23.81050543768943	23.644199055090034	26.341593866999464	0.0
59.0	26.222922980923514	23.83111962916741	23.629713407024425	26.31624398288465	0.0
60.0	26.356636655375286	23.589599304688893	23.715234444642537	26.33852959529328	0.0
61.0	26.25607282938135	23.779027010162242	23.67734890354787	26.287551256908543	0.0
62.0	26.18058031734712	23.799919771795327	23.86872660010697	26.15077331075058	0.0
63.0	26.27585131039401	23.77735558923159	23.75395569620253	26.192837404171865	0.0
64.0	26.222922980923514	23.777077019076483	23.762591371010874	26.237408628989122	0.0
65.0	26.104809235157784	23.791841237297202	23.839198163665536	26.264151363879478	0.0
66.0	26.319308254590833	23.75924852914958	23.65534186129435	26.266101354965233	0.0
67.0	26.32376537707256	23.81914111249777	23.633891959351043	26.223201551078624	0.0
68.0	26.31067257978249	23.64782046710644	23.853962381886255	26.18754457122482	0.0
69.0	26.15968755571403	23.765098502406843	23.820812533428416	26.254401408450708	0.0
70.0	26.17876304397484	23.79728005615943	23.77778025394314	26.246176645922592	0.0
71.0	26.113856559454895	23.794215801525443	23.82262979904061	26.26929783997905	0.0
72.0	25.956186730106023	23.981413902801844	23.783630194608026	26.278769172484107	0.0
73.0	26.277654898071752	23.794215801525443	23.759394726139206	26.168734574263603	0.0
74.0	26.29715470028804	23.729309317005498	23.778337391149318	26.195198591557144	0.0
75.0	26.221941177453772	23.808144231679936	23.635431697764208	26.334482893102084	0.0
76.0	26.404960749683827	23.65938859762994	23.75354478547432	26.18210586721192	0.0
77.0	26.147841929031863	23.705073848536678	23.879179225467855	26.267904996963605	0.0
78.0	26.331140069865004	23.739616355319825	23.720395121706623	26.208848453108548	0.0
79.0	26.184612984639728	23.834329680370384	23.858008011633025	26.123049323356863	0.0
80.0	26.25174801798439	23.782237351592578	23.812601329329375	26.153413301093657	0.0
81.0	26.194362885747875	23.788365860860555	23.784187331814206	26.233083921577364	0.0
82.0	26.332532912880456	23.6825097916864	23.78084450857713	26.204112786856022	0.0
83.0	26.20383421825293	23.800901447999596	23.65716004880522	26.338104284942254	0.0
84.0	26.22806968672175	23.832379700148756	23.62540322805297	26.314147385076524	0.0
85.0	26.360668341792532	23.58417507479567	23.720673690309713	26.334482893102084	0.0
86.0	26.264283605123435	23.767194647025722	23.689195438160557	26.279326309690287	0.0
87.0	26.172077397500683	23.810094211901564	23.860515129060833	26.15731326153692	0.0
88.0	26.26957640858214	23.782794488798757	23.74797341341252	26.19965568920658	0.0
89.0	26.213862687964163	23.782515920195664	23.766358941216453	26.237262450623717	0.0
90.0	26.1082851873931	23.795051507334712	23.839622483829093	26.257040821443095	0.0
91.0	26.313033110664165	23.760230431948475	23.65353865696505	26.27319780042231	0.0
92.0	26.331140069865004	23.817336995581904	23.62874605129005	26.222776883263045	0.0
93.0	26.309690287427085	23.644903030269266	23.854108051189765	26.191298631113884	0.0
94.0	26.152856163887478	23.768030352834995	23.832936837354936	26.246176645922592	0.0
95.0	26.186138503537805	23.790461864170705	23.790740431221796	26.232659201069698	0.0
96.0	26.110368265641544	23.791297565323973	23.830018385425372	26.268315783609115	0.0
97.0	25.95353501587832	23.97960889186027	23.789626163017438	26.277229929243966	0.0
98.0	26.281965569112486	23.787954760710903	23.75870522034654	26.171374449830076	0.0
99.0	26.29728675692239	23.729177112931083	23.780154883280407	26.19338124686612	0.0
100.0	26.229316396456625	23.80578305198061	23.63251434620313	26.332386205359633	0.0
101.0	26.401749401080842	23.670399465151263	23.753412446375844	26.174438687392055	0.0
102.0	26.14546771407878	23.703270377179784	23.888238899103015	26.26302300963842	0.0
103.0	26.33962894868795	23.741712630230097	23.706613181792857	26.212045239289093	0.0
104.0	26.18920274109978	23.81998997158616	23.86567496796479	26.125132319349266	0.0
105.0	26.24937322413505	23.777090645718424	23.812190094155664	26.161346035990864	0.0
106.0	26.191152710457406	23.787676193659816	23.77904061507605	26.24213048080673	0.0
107.0	26.32904340074656	23.68070644604156	23.78990473006853	26.20034542314335	0.0
108.0	26.205081063011864	23.801604546214275	23.657306813750072	26.33600757702379	0.0
109.0	26.229316396456625	23.83085408657864	23.62165023121065	26.318179285754077	0.0
110.0	26.359407209315282	23.58153657585381	23.724162906011475	26.334893308819435	0.0
111.0	26.263858710791688	23.769569335339018	23.687670622318794	26.278901331550504	0.0
112.0	26.17471725444315	23.81302579530893	23.867346370271324	26.1449105799766	0.0
113.0	26.265251546047136	23.77904061507605	23.760376622653073	26.195331216223742	0.0
114.0	26.213995208646722	23.77597637751407	23.77541924341189	26.23460917042732	0.0
115.0	26.106189759875203	23.790183297119615	23.846732408490723	26.25689453451446	0.0
116.0	26.315672182294282	23.752855312273663	23.65619254554571	26.275279959886344	0.0
117.0	26.3332219065129	23.811354393002397	23.640592790684718	26.214830909799993	0.0
118.0	26.31093654242576	23.64309989414452	23.849796646052702	26.196166917377013	0.0
119.0	26.16273887124631	23.759819488550892	23.836425427600425	26.241016212602375	0.0
120.0	26.189348650892256	23.79170868409763	23.78084450857713	26.238098156432986	0.0
121.0	26.108006618790007	23.79170868409763	23.828479739705497	26.271804957406857	0.0
122.0	25.948943946425686	23.973056844709145	23.7981157619687	26.27988344689647	0.0
123.0	26.26874070277287	23.789758703876004	23.763016117979376	26.17848447537175	0.0
124.0	26.286569093370627	23.719559415897354	23.781680214386398	26.212191276345624	0.0
125.0	26.233919627386637	23.80034431079342	23.639331658207468	26.32640440361248	0.0
126.0	26.404403612477644	23.665795675501005	23.76413039239173	26.165670319629612	0.0
127.0	26.160377516170907	23.70145245669651	23.88670057775128	26.251469449381297	0.0
128.0	26.339775696560793	23.735159257670386	23.71175949501084	26.213305550757987	0.0
129.0	26.192691474129333	23.81900840720044	23.86636506972572	26.121935048944504	0.0
130.0	26.257040821443095	23.759951863345385	23.815944152566455	26.167063162645064	0.0
131.0	26.204669924062195	23.77555170511842	23.790037272479093	26.229741098340288	0.0
132.0	26.328632952437196	23.675267008006063	23.788087292257465	26.208012747299275	0.0
133.0	26.195477160160234	23.806194251458308	23.659945734836118	26.338382853545344	0.0
134.0	26.236705313417534	23.831265425736394	23.627353208274602	26.30467605257147	0.0
135.0	26.36178261620489	23.575260879496792	23.73042359141786	26.332532912880456	0.0
136.0	26.267904996963605	23.769980333056623	23.68223122308331	26.27988344689647	0.0
137.0	26.176534495150122	23.79978717358724	23.87834351965859	26.145334811604055	0.0
138.0	26.275426349247027	23.77193031327825	23.760509000551565	26.192134336923157	0.0
139.0	26.20920003231405	23.773389381492407	23.777846491557955	26.239564094635586	0.0
140.0	26.111700749630202	23.779517907832535	23.852503085155874	26.256278257381393	0.0
141.0	26.321258245676592	23.740584328757354	23.659241843465857	26.278915582100197	0.0
142.0	26.336858174362632	23.80214833303619	23.646149046175786	26.21484444642539	0.0
143.0	26.323281565568635	23.642036353506512	23.853471690229124	26.181210390695732	0.0
144.0	26.161431854585977	23.761821853889547	23.836478863430603	26.240267428093876	0.0
145.0	26.19667774456575	23.787304337652134	23.782568605438293	26.233449312343826	0.0
146.0	26.110598847267063	23.79287578731548	23.82435447791338	26.272170887504075	0.0
147.0	25.962398286222083	23.976455053722702	23.79399007724815	26.26715658280706	0.0
148.0	26.279413772066423	23.785354330269964	23.75833279940274	26.17689909826087	0.0
149.0	26.29230134940887	23.71689156814459	23.795727800496973	26.195079281949567	0.0
150.0	26.2251651939427	23.79795638657054	23.64418394749451	26.332694471992248	0.0
151.0	26.403452079827954	23.6645197954158	23.75979185006073	26.17223627469552	0.0
152.0	26.157750465217344	23.692098548076174	23.8912784284011	26.258872558305384	0.0
153.0	26.329351592881896	23.737227416065878	23.724970192661267	26.20845079839096	0.0
154.0	26.19090068306163	23.82330655315735	23.87122115373901	26.11457161004201	0.0
155.0	26.26332973045252	23.76090614309751	23.82191368686137	26.153850439588606	0.0
156.0	26.19619357498635	23.76759190131821	23.792663494645822	26.243551029049623	0.0
157.0	26.32127296836522	23.68123419096754	23.792942067905017	26.204550772762218	0.0
158.0	26.203715052984634	23.806313584346412	23.662569782601427	26.327401580067527	0.0
159.0	26.235750977792136	23.828878018341264	23.62774812520197	26.30762287866463	0.0
160.0	26.3613875176894	23.5801120978795	23.728870218290005	26.329630166141094	0.0
161.0	26.2769798201531	23.76090614309751	23.684855643337084	26.2772583934123	0.0
162.0	26.180314899212192	23.792663494645822	23.881528364329252	26.145493241812733	0.0
163.0	26.273358367783562	23.771770500206145	23.764527595467055	26.190343536543242	0.0
164.0	26.212702418858346	23.765986667446672	23.77935822113764	26.241952692557334	0.0
165.0	26.10823715564767	23.780751091313785	23.85568750679024	26.2553242462483	0.0
166.0	26.317519569880492	23.742095439730342	23.669944563612557	26.27044042677661	0.0
167.0	26.340084129593	23.800874724907374	23.648772877956375	26.210268267543245	0.0
168.0	26.32483584933518	23.644381548267397	23.85275608757302	26.1780265148244	0.0
169.0	26.157969072538297	23.767511957857085	23.83632012792191	26.23819884168271	0.0
170.0	26.200179960832052	23.783523276512884	23.780737505118854	26.235559257536206	0.0
171.0	26.106856619132117	23.80330225341048	23.834502893023593	26.255338234433808	0.0
172.0	25.965339432315503	23.971841422749165	23.785751893628102	26.277067251307223	0.0
173.0	26.277067251307223	23.778230310864227	23.76012279680305	26.184579641025497	0.0
174.0	26.30416251121276	23.711437852052843	23.787768200888106	26.19663143584629	0.0
175.0	26.244546837304927	23.792782603366337	23.640957639442174	26.321712919886565	0.0
176.0	26.40250051536914	23.661293827270548	23.76771059097519	26.168495066385116	0.0
177.0	26.157351949766834	23.69193739797084	23.891399185438175	26.259311466824155	0.0
178.0	26.335084659828507	23.738738487767645	23.718959455770182	26.207217396633663	0.0
179.0	26.194402812522632	23.813675947025622	23.875520244257117	26.116400996194628	0.0
180.0	26.265718758879668	23.75127449396322	23.826211953221197	26.156794793935916	0.0
181.0	26.18883125421349	23.769939214298848	23.794175492943623	26.247054038544036	0.0
182.0	26.323384387379306	23.674108411381578	23.805597187477364	26.196910013761748	0.0
183.0	26.19802432542358	23.804204297900082	23.66212956101692	26.33564181565942	0.0
184.0	26.235632344010295	23.821476128658425	23.622571497022	26.32032003030928	0.0
185.0	26.356256581403255	23.578834764295227	23.725923903656614	26.338984750644904	0.0
186.0	26.271290317188818	23.76018898725785	23.683301482591666	26.285219212961675	0.0
187.0	26.184374007566174	23.79918989542185	23.876355978003488	26.140080119008484	0.0
188.0	26.28299058963802	23.763531922243335	23.766039123482447	26.187438364636208	0.0
189.0	26.213140556878805	23.771119747050548	23.778919950412995	26.23681974565765	0.0
190.0	26.10421628849609	23.778084214338445	23.85162898889864	26.26607050826682	0.0
191.0	26.315452245907668	23.74193512441359	23.673125995921595	26.269486633757143	0.0
192.0	26.33634570597609	23.814922944919267	23.646103787566442	26.202627561538204	0.0
193.0	26.31831135799511	23.639483735092476	23.856497744892927	26.185707162019483	0.0
194.0	26.15896345862944	23.76038756083496	23.83978293027415	26.240866050261445	0.0
195.0	26.20284654878942	23.781134997952424	23.773891871261778	26.242126581996374	0.0
196.0	26.120943500825994	23.79896423288324	23.83573702992804	26.244355236362725	0.0
197.0	25.958251732082317	23.967784801134385	23.791163942601006	26.282799524182295	0.0
198.0	26.27694930647062	23.77862776179028	23.76609158097955	26.178331350759553	0.0
199.0	26.300702028081126	23.707934031646978	23.782594160909294	26.2087697793626	0.0
200.0	26.244706931134388	23.79596612435926	23.639124136394027	26.320202808112324	0.0
201.0	26.413527969690215	23.660017829284598	23.76560062402496	26.16085357700022	0.0
202.0	26.168653889012706	23.688711834187654	23.884276799643413	26.25835747715623	0.0
203.0	26.329396032984175	23.729942054825052	23.725206151103187	26.215455761087586	0.0
204.0	26.19233340762202	23.81685981724983	23.86310452418097	26.12770225094718	0.0
205.0	26.26782928459995	23.755571651437485	23.821595720971697	26.155003342990863	0.0
206.0	26.19233340762202	23.770893692890574	23.79791620236238	26.23885669712503	0.0
207.0	26.331492820887124	23.670457267981213	23.806406320516608	26.19164359061506	0.0
208.0	26.202508371452925	23.808913577633035	23.660985407763583	26.327592643150453	0.0
209.0	26.236217050462727	23.8208926949671	23.621147878024725	26.321742376545444	0.0
210.0	26.364922915772876	23.586324862518733	23.732302943519855	26.316449278188536	0.0
211.0	26.272154402464913	23.7598827718006	23.682157801191224	26.28580502454326	0.0
212.0	26.184546295367678	23.796509878648077	23.877021139081116	26.14192268690313	0.0
213.0	26.281772696375043	23.76001515506079	23.770601410757862	26.187610737806306	0.0
214.0	26.216099511080778	23.772617737599422	23.778468053098578	26.232814698221222	0.0
215.0	26.112465350809988	23.770389045980693	23.852293462968895	26.264852140240418	0.0
216.0	26.317856884169	23.743989480546254	23.67155680115001	26.266596834134738	0.0
217.0	26.338472339074087	23.80862171754598	23.649269822874242	26.203636120505692	0.0
218.0	26.32600925469351	23.64682841486211	23.84574025011631	26.181422080328066	0.0
219.0	26.164985388059158	23.77302878092675	23.837382609979578	26.22460322103451	0.0
220.0	26.20134781627576	23.785140590219836	23.78151892598154	26.231992667522864	0.0
221.0	26.116378001454237	23.80241314274093	23.844480165816503	26.236728689988325	0.0
222.0	25.958417722753246	23.96873110814568	23.793776866480385	26.279074302620693	0.0
223.0	26.282974556415777	23.77984738864079	23.76368919434686	26.17348886059657	0.0
224.0	26.3011561498816	23.700793982448808	23.78214235966012	26.215907508009472	0.0
225.0	26.248781167293494	23.786878395319683	23.63699679621117	26.32734364117565	0.0
226.0	26.41872127037192	23.653990806519012	23.76932720434601	26.157960718763057	0.0
227.0	26.155174815433906	23.703301295445048	23.891349770162975	26.25017411895807	0.0
228.0	26.340994567488508	23.731438919069507	23.712216186098342	26.21535032734364	0.0
229.0	26.196684775038303	23.813623067279565	23.8665552305335	26.12313692714863	0.0
230.0	26.260481961275943	23.757347820030645	23.823930909597436	26.158239309095975	0.0
231.0	26.194734642707896	23.76431257835353	23.80777267028834	26.233180108650227	0.0
232.0	26.334586989831454	23.669313274829364	23.803315224961693	26.192784510377493	0.0
233.0	26.201699401030787	23.80470817662627	23.66847750383062	26.325114918512327	0.0
234.0	26.239030505641452	23.819194873937874	23.627803315224963	26.31397130519571	0.0
235.0	26.37191809444212	23.579050006964756	23.725588522078283	26.32344337651483	0.0
236.0	26.276918790917954	23.750661652040677	23.683242791475138	26.289176765566236	0.0
237.0	26.189441426382505	23.79356456330965	23.879091795514697	26.137902214793147	0.0
238.0	26.28945535589915	23.753726145702743	23.76264103635604	26.194177462042067	0.0
239.0	26.22879573421294	23.756578232562287	23.76939342357828	26.245232609646497	0.0
240.0	26.104823835553848	23.75392142112859	23.85589230091997	26.2853624423976	0.0
241.0	26.312460644291264	23.732676522543507	23.6694287640775	26.285434069087728	0.0
242.0	26.32781458798879	23.795618810915638	23.644879603675697	26.231686997419878	0.0
243.0	26.312621732552017	23.645721005012803	23.84745918563535	26.19419807679983	0.0
244.0	26.163950688840345	23.77864594944046	23.827968255383656	26.229435106335547	0.0
245.0	26.196295253833913	23.764829156413636	23.77458288860959	26.26429270114286	0.0
246.0	26.107797781617524	23.80385708711889	23.850677219775932	26.237667911487655	0.0
247.0	25.967174187506792	23.98307706457304	23.774327416437433	26.275421331482736	0.0
248.0	26.277105747254588	23.772785551034058	23.774457885054908	26.17565081665645	0.0
249.0	26.273834310257847	23.717107188547825	23.81298793965087	26.196070561543454	0.0
