# Position (bp)	A	C	G	T	N
0.0	26.217598067156118	23.830751387388307	23.76439495123936	26.187255594216214	0.0
1.0	26.28707382295309	23.74255971370317	23.740007543082058	26.230358920261683	0.0
2.0	26.28237662503367	23.679770900378525	23.62731616031303	26.41053631427478	0.0
3.0	26.168375331715392	23.837011499466985	23.781442083059268	26.21317108575835	0.0
4.0	26.29431809805689	23.606173490505594	23.783644332556545	26.315864078880967	0.0
5.0	26.122402698642173	23.74748419650197	23.784902344303653	26.345210760552202	0.0
6.0	26.32116010385605	23.731561582330865	23.812911711017133	26.13436660279595	0.0
7.0	26.080782715412543	23.89725159640953	23.824977396598293	26.196988291579633	0.0
8.0	26.240356873614818	23.829929543535066	23.754258279909987	26.175455302940126	0.0
9.0	26.133581209757867	23.865001813729936	23.790468849188358	26.210948127323842	0.0
10.0	26.276534547690634	23.799268325167404	23.693852741230245	26.23034438591172	0.0
11.0	26.260665535054933	23.784249438208615	23.742026529588625	26.213058497147827	0.0
12.0	26.284469054008486	23.792183944526464	23.785099563885527	26.13824743757952	0.0
13.0	26.24848040035252	23.772631053957475	23.602039168123685	26.37684937756632	0.0
14.0	26.240829269260306	23.687335111040582	23.76866380079855	26.303171818900562	0.0
15.0	26.229136558134265	23.783615290883844	23.74819348805577	26.239054662926126	0.0
16.0	26.18549689705007	23.78389866530647	23.754144350930883	26.27646008671257	0.0
17.0	26.216951457961407	23.635127093428547	23.83433931253365	26.3135821360764	0.0
18.0	26.108985802941426	23.733174643656664	23.833205814843154	26.324633738558756	0.0
19.0	26.225736065062765	23.91368415086854	23.671399019524497	26.18918076454419	0.0
20.0	26.29034543342118	23.76802969763949	23.705687324662076	26.235937544277256	0.0
21.0	26.25350675847998	23.74705999036527	23.770296693020487	26.229136558134265	0.0
22.0	26.323216866445637	23.696052594292837	23.799484258550823	26.181246280710702	0.0
23.0	26.28807843804018	23.719005922525433	23.719005922525433	26.27390971690895	0.0
24.0	26.282410949587693	23.71022131542407	23.8360395590694	26.17132817591884	0.0
25.0	26.225736065062765	23.834055938111025	23.75244410439514	26.18776389243107	0.0
26.0	26.28382782170081	23.752160729972513	23.736858511150782	26.22715293717589	0.0
27.0	26.27957720536144	23.681883873161606	23.63767746323217	26.40086145824478	0.0
28.0	26.176995664371333	23.833489189265777	23.787865907223214	26.201649239139673	0.0
29.0	26.28694494034968	23.6161410071127	23.79438351894358	26.302530533594037	0.0
30.0	26.123437898495283	23.736008387882908	23.79239989798521	26.3481538156366	0.0
31.0	26.310748391850154	23.732891269234038	23.80486837258069	26.151491966335115	0.0
32.0	26.082841443958614	23.909649155121553	23.804800915863538	26.20270848505629	0.0
33.0	26.240113802845638	23.831438036107468	23.747276071081437	26.181172089965454	0.0
34.0	26.13611568444647	23.84617346432751	23.798566696231983	26.219144154994034	0.0
35.0	26.27015140652496	23.7866650042081	23.69626881955051	26.24691476971643	0.0
36.0	26.27241839548189	23.774763312184216	23.734524258198707	26.218294034135187	0.0
37.0	26.291971175235414	23.80253392690661	23.777880421999996	26.127614475857985	0.0
38.0	26.234446330453316	23.780714158196155	23.60672275575178	26.37811675559875	0.0
39.0	26.219144154994034	23.694568577832815	23.771646202368437	26.31464106480471	0.0
40.0	26.2292712784648	23.80076624009612	23.723688833977537	26.24627364746155	0.0
41.0	26.202634233703233	23.786030853632273	23.74607528648992	26.26525962617458	0.0
42.0	26.205751334685967	23.631309295761877	23.84468902667105	26.318250342881104	0.0
43.0	26.101753510989194	23.73700735635832	23.82513630232479	26.33610283032769	0.0
44.0	26.2292712784648	23.899379980277253	23.682033029935504	26.189315711322443	0.0
45.0	26.2884961971368	23.75769357197103	23.714620903845937	26.239189327046237	0.0
46.0	26.24343991929542	23.74409167677363	23.78234700701631	26.230121396914637	0.0
47.0	26.316266733164824	23.68061616585244	23.80870067896127	26.194416422021465	0.0
48.0	26.297564127268398	23.72907291749317	23.7115038028632	26.261859152375234	0.0
49.0	26.261575779558616	23.731906645659294	23.833354114006553	26.173163460775534	0.0
50.0	26.230121396914637	23.829103521757364	23.748058896206203	26.192716185121796	0.0
51.0	26.272627319406507	23.754859843804905	23.746925404939756	26.22558743184884	0.0
52.0	26.28594584178729	23.681182911485667	23.639243734627023	26.39362751210002	0.0
53.0	26.190449202588894	23.828820148940753	23.78348049828276	26.197250150187596	0.0
54.0	26.283395486437776	23.603255386917244	23.798215884746607	26.31513324189837	0.0
55.0	26.111954932387242	23.740974575790894	23.80756718769482	26.339503304127042	0.0
56.0	26.30096460106775	23.73785747480816	23.786880972082113	26.174296952041985	0.0
57.0	26.06569130019581	23.914047600830845	23.817984488215973	26.20227661075737	0.0
58.0	26.247332760921864	23.843204597427547	23.738356952390667	26.171105689259917	0.0
59.0	26.138801279708012	23.85737319810821	23.77944589436458	26.2243796278192	0.0
60.0	26.27878705443293	23.79531472712692	23.70321882270263	26.22267939573752	0.0
61.0	26.276236706310414	23.767544269792825	23.755075901193845	26.201143122702913	0.0
62.0	26.280203914500994	23.797581703235828	23.7970149592086	26.12519942305458	0.0
63.0	26.235147764336496	23.777178918255675	23.609139314183054	26.378534003224775	0.0
64.0	26.20766067901602	23.681965921681645	23.78653019470491	26.32384320459743	0.0
65.0	26.232806451795724	23.79808101016169	23.72752157871769	26.241590959324895	0.0
66.0	26.214103951894902	23.780795366313964	23.73290563171944	26.272195050071694	0.0
67.0	26.204752701944496	23.6388263897941	23.849087828073017	26.307333080188382	0.0
68.0	26.10443929338555	23.742540252880467	23.819617222168695	26.333403231565285	0.0
69.0	26.234223307848815	23.89414385056136	23.679348472912544	26.19228436867728	0.0
70.0	26.28381326970705	23.753024987673353	23.720437298452225	26.24272444416737	0.0
71.0	26.246124898694795	23.736022715036242	23.788163017790044	26.22968936847892	0.0
72.0	26.322351754351164	23.686999495599245	23.805165290427155	26.18548345962244	0.0
73.0	26.296281602974265	23.715053245450477	23.726388093875215	26.262277057700047	0.0
74.0	26.264260656174375	23.712786275765527	23.83208555543591	26.190867512624187	0.0
75.0	26.238190504797476	23.816500138851893	23.7445238513548	26.20078550499583	0.0
76.0	26.28749709544509	23.754441843726447	23.734039116561913	26.22402194426655	0.0
77.0	26.29486474692117	23.680765328965638	23.6510113518507	26.37335857226249	0.0
78.0	26.194834709572845	23.820183964589933	23.77456119968036	26.210420126156862	0.0
79.0	26.28749709544509	23.614739836891534	23.814233169166947	26.283529898496433	0.0
80.0	26.123708535707607	23.738856427142426	23.799214495004165	26.3382205421458	0.0
81.0	26.286080239392	23.746790821039745	23.789296502632517	26.177832436935738	0.0
82.0	26.076878391589563	23.91957947831508	23.79007920202893	26.213462928066424	0.0
83.0	26.25256804431913	23.834001615211324	23.72603748990493	26.187392850564617	0.0
84.0	26.136669547599144	23.860921803936012	23.774493829609376	26.227914818855467	0.0
85.0	26.269003527961576	23.789795831621305	23.712719080746396	26.228481559670726	0.0
86.0	26.28203856671248	23.765709346972898	23.735672083764292	26.216580002550334	0.0
87.0	26.29053967894133	23.78724549795265	23.784411793876366	26.137803029229655	0.0
88.0	26.253134785134392	23.762308902081354	23.59455362076538	26.39000269201887	0.0
89.0	26.219413706626614	23.681548335907284	23.787812238767906	26.311225718698196	0.0
90.0	26.256460826985855	23.781794069640913	23.723986670293797	26.237758433079435	0.0
91.0	26.21650571273123	23.77924374319913	23.75232363075807	26.251926913311568	0.0
92.0	26.21792256075444	23.65286089952847	23.841868425825172	26.287348113891913	0.0
93.0	26.10967537178092	23.75232363075807	23.819198857453756	26.318802140007254	0.0
94.0	26.236341585056223	23.899959194776933	23.68573177366703	26.177967446499817	0.0
95.0	26.28224746100834	23.743539173014145	23.716335690968442	26.257877675009066	0.0
96.0	26.235491476242288	23.73673830250272	23.788028200943053	26.239742020311933	0.0
97.0	26.32645311933261	23.674113619876678	23.821465814290896	26.177967446499817	0.0
98.0	26.302083333333332	23.69961688429452	23.74070547696772	26.257594305404425	0.0
99.0	26.277430177729418	23.692816013783098	23.830533641639462	26.199220166848026	0.0
100.0	26.227840496916937	23.818348748639824	23.7472229778745	26.206587776568735	0.0
101.0	26.29868289807762	23.755157326804497	23.718886017410227	26.227273757707653	0.0
102.0	26.315685074356182	23.653994377947043	23.649743833877405	26.38057671381937	0.0
103.0	26.197519949220165	23.812964726151613	23.77017591585056	26.21933940877766	0.0
104.0	26.288764961915124	23.622823721436344	23.819198857453756	26.26921245919478	0.0
105.0	26.139429180268408	23.740422107363077	23.78972841857091	26.33042029379761	0.0
106.0	26.282530830612988	23.741555585781647	23.78972841857091	26.18618516503446	0.0
107.0	26.079564292130563	23.917460335451988	23.789944374704234	26.213030997713215	0.0
108.0	26.248735466722582	23.82819916292856	23.73355398317356	26.189511387175298	0.0
109.0	26.140205215686162	23.87098785197947	23.766424764166313	26.22238216816805	0.0
110.0	26.28642351734359	23.77124203379456	23.70096657098247	26.24136787787938	0.0
111.0	26.286140148541925	23.74658894805	23.742621784826735	26.224649118581343	0.0
112.0	26.301725432633315	23.779459729042753	23.773225615406197	26.145589222917735	0.0
113.0	26.260353587590714	23.741204940818424	23.606321391227468	26.39212008036339	0.0
114.0	26.215864685729827	23.676880222841227	23.79136121871254	26.3158938727164	0.0
115.0	26.264813062131264	23.77797550567019	23.723002113925272	26.234209318273265	0.0
116.0	26.208139462394232	23.781375921654416	23.75360585778327	26.256878758168085	0.0
117.0	26.226275014310087	23.658110842226364	23.837766153392764	26.277847990070786	0.0
118.0	26.116611598818924	23.75190564979116	23.821047441470338	26.310435309919576	0.0
119.0	26.233925950274582	23.897273433116652	23.682197122114605	26.18660349449416	0.0
120.0	26.267930110116804	23.737170513859528	23.716201281956824	26.278698094066844	0.0
121.0	26.24044341424434	23.725835793912122	23.79582768958736	26.237893102256177	0.0
122.0	26.31638603789197	23.675679658144848	23.830965321424323	26.176968982538863	0.0
123.0	26.295983541986633	23.699482570034398	23.744254713826656	26.260279174152306	0.0
124.0	26.295983541986633	23.67057903416851	23.82444785745456	26.20898956639029	0.0
125.0	26.22882532629825	23.80234515355712	23.752755753787213	26.216073766357418	0.0
126.0	26.322620133863044	23.758989849758287	23.713934337967345	26.204455678411325	0.0
127.0	26.334238221809137	23.647626226275015	23.6326077223447	26.38552782957115	0.0
128.0	26.22174112633112	23.799228105571583	23.767774257717527	26.211256510379773	0.0
129.0	26.292940999781806	23.619072987302246	23.82309852449865	26.264887488417298	0.0
130.0	26.163158088620758	23.739504728008455	23.763024338546373	26.33431284482441	0.0
131.0	26.284439935731957	23.7332706143719	23.785693842679308	26.19659560721684	0.0
132.0	26.076878391589563	23.934031369104126	23.7917794244747	26.19731081483161	0.0
133.0	26.250867821873364	23.83116791113504	23.73283837968801	26.185125887303588	0.0
134.0	26.114924028178432	23.88592608545342	23.768893775467987	26.230256110900157	0.0
135.0	26.305916224135295	23.795247298055507	23.683032298650588	26.215804179158614	0.0
136.0	26.303365883239728	23.74905779072469	23.75019127556717	26.197385050468412	0.0
137.0	26.301665655976013	23.770877373942316	23.789579873843138	26.137877096238533	0.0
138.0	26.28466338333891	23.74594070740789	23.586119344619064	26.38327656463414	0.0
139.0	26.23790713358686	23.67679813201698	23.783629078420148	26.301665655976013	0.0
140.0	26.25845867857588	23.76959523026875	23.727939426226722	26.244006664928648	0.0
141.0	26.21000192693515	23.788864581798396	23.734457001008806	26.26667649025764	0.0
142.0	26.236638971696724	23.663330424039085	23.821169082892215	26.278861521371976	0.0
143.0	26.106287476054995	23.759677181687316	23.837321333439128	26.29671400881856	0.0
144.0	26.23748909014656	23.905897555059337	23.689117350350816	26.167496004443286	0.0
145.0	26.270076964056994	23.735590492275257	23.7137707853961	26.280561758271652	0.0
146.0	26.238339208596393	23.719154868911733	23.80388334107886	26.23862258141301	0.0
147.0	26.306632057399998	23.68713374063453	23.85177334708636	26.15446085487911	0.0
148.0	26.30578193895016	23.72425557961076	23.727089307776883	26.242873173662197	0.0
149.0	26.266393117441027	23.683166521201954	23.84015506160525	26.210285299751767	0.0
150.0	26.24684039309477	23.79736576629677	23.775829432234225	26.179964408374236	0.0
151.0	26.30493182050032	23.751742742822167	23.724822325243984	26.218503111433527	0.0
152.0	26.318817088514336	23.652845629824423	23.62705870351269	26.401278578148556	0.0
153.0	26.212552282284662	23.788581208981785	23.7843306167326	26.21453589200095	0.0
154.0	26.289987559898098	23.625142041026834	23.808768146538167	26.276102252536905	0.0
155.0	26.15425159610191	23.740191730591032	23.758611015866087	26.34694565744097	0.0
156.0	26.273268516340742	23.743592214026428	23.78581488334925	26.197324386283583	0.0
157.0	26.10509253617993	23.90836778703785	23.788216691367538	26.19832298541468	0.0
158.0	26.25414790486527	23.82052146709022	23.736359025075874	26.188971602968643	0.0
159.0	26.124719457731633	23.894266736188253	23.7661807712362	26.214833034843917	0.0
160.0	26.301829475640996	23.787150597356668	23.695336764072454	26.21568316292988	0.0
161.0	26.302396227698306	23.739826800571286	23.764197139035616	26.19357983269479	0.0
162.0	26.291061186552106	23.793668246015734	23.790834485729185	26.124436081702978	0.0
163.0	26.26839110425971	23.753428849946726	23.598705538301104	26.37947450749246	0.0
164.0	26.224751195846842	23.680034458525085	23.789134229557256	26.306080116070824	0.0
165.0	26.254087722380596	23.779634216149127	23.737127570943592	26.22915049052669	0.0
166.0	26.212147832444472	23.787568789920822	23.730893262980114	26.26939011465459	0.0
167.0	26.246719903878308	23.66940031624944	23.823557749528177	26.26032203034408	0.0
168.0	26.113532415567636	23.75299671848699	23.82724165877932	26.306229207166055	0.0
169.0	26.257488253997042	23.894968913473473	23.680168666368175	26.167374166161313	0.0
170.0	26.273640779175146	23.73060988534541	23.71644100361023	26.279308331869217	0.0
171.0	26.245303015704792	23.708223052203827	23.815056420487068	26.231417511604317	0.0
172.0	26.293193835969692	23.686969729601064	23.860113464404936	26.159722970024312	0.0
173.0	26.288093038545025	23.734860549865964	23.743078501272365	26.233967910316647	0.0
174.0	26.267406471211668	23.686686351966358	23.823274371893472	26.2226328049285	0.0
175.0	26.231134133969608	23.809955623062407	23.77056613183861	26.188344111129375	0.0
176.0	26.305945829531353	23.751013075044064	23.734860549865964	26.208180545558623	0.0
177.0	26.333716837732297	23.660048854304222	23.633978111911496	26.372256196051985	0.0
178.0	26.20959743373214	23.803721315098926	23.782751370130864	26.203929881038068	0.0
179.0	26.289584425521063	23.62299332643779	23.822775125040735	26.26464712300041	0.0
180.0	26.154979667597093	23.745412811539172	23.7734672768749	26.32614024398883	0.0
181.0	26.283633478328632	23.741162134973152	23.79925471470876	26.175949671989457	0.0
182.0	26.10100231521496	23.91614217743558	23.795705658816093	26.187149848533366	0.0
183.0	26.284632583604196	23.821493242802855	23.736479229659686	26.15739494393326	0.0
184.0	26.11722898872711	23.909692191724147	23.781320668098687	26.191758151450063	0.0
185.0	26.290941447849427	23.798606899756862	23.70594136283517	26.20451028955855	0.0
186.0	26.304260347651624	23.75978372373768	23.7609172471251	26.175038681485596	0.0
187.0	26.296325683939674	23.778203478783276	23.798890280603715	26.126580556673336	0.0
188.0	26.26515379078559	23.7660181023685	23.59485607086788	26.37397203597803	0.0
189.0	26.232281612550373	23.65379928701379	23.79633985298202	26.31757924745382	0.0
190.0	26.24206529131716	23.798741781908863	23.741498526411245	26.217694400362728	0.0
191.0	26.218261165268647	23.805826343232827	23.726195873951486	26.24971661754704	0.0
192.0	26.218544547721606	23.67206982543641	23.833314441169804	26.276071185672183	0.0
193.0	26.116526864656542	23.74348220358195	23.828780321922466	26.311210609839037	0.0
194.0	26.26558603491272	23.877238721378372	23.684255270913628	26.172919972795285	0.0
195.0	26.293357515302652	23.710326456585808	23.73072999319882	26.26558603491272	0.0
196.0	26.227612786216277	23.71939469508048	23.819428700974836	26.233563817728406	0.0
197.0	26.291090455678983	23.70040807073226	23.846350034005894	26.16215143958286	0.0
198.0	26.292790750396733	23.721945137157107	23.74801632282929	26.23724778961687	0.0
199.0	26.26756971208343	23.684822035819543	23.83898209022897	26.20862616186806	0.0
200.0	26.232997052822487	23.799308546814782	23.775504420766268	26.192189979596463	0.0
201.0	26.3148945817275	23.756517796418045	23.73866470188166	26.189922919972798	0.0
202.0	26.333314441169804	23.67150306053049	23.610575833144413	26.384606665155292	0.0
203.0	26.207492632056223	23.81461119927454	23.783722511902063	26.194173656767173	0.0
204.0	26.30165014069979	23.62197807180365	23.813828536127115	26.26254325136945	0.0
205.0	26.13048665406556	23.767920448652372	23.7835065277333	26.31808636954877	0.0
206.0	26.27812933045038	23.753751285851525	23.79285817518186	26.175261208516233	0.0
207.0	26.107397195056635	23.9026629675496	23.80319488093585	26.186744956457915	0.0
208.0	26.259291481167658	23.833233676323477	23.753885914922197	26.153588927586668	0.0
209.0	26.139493759847653	23.907831646244006	23.774356997925615	26.178317595982726	0.0
210.0	26.29167186207053	23.785975810199616	23.707477980933813	26.21487434679604	0.0
211.0	26.30272390301409	23.76670558496469	23.756787086682007	26.173783425339213	0.0
212.0	26.312075629966337	23.76188802865596	23.794477380156202	26.131558961221508	0.0
213.0	26.278069350139994	23.74885228805586	23.612260397420055	26.360817964384093	0.0
214.0	26.25029755494848	23.66837075913352	23.773223455264738	26.30810823065326	0.0
215.0	26.239677618640084	23.79376207938244	23.759755606817166	26.20680469516031	0.0
216.0	26.212755827859237	23.800846761166873	23.733400590579073	26.252996820394813	0.0
217.0	26.22480672878551	23.64908522070326	23.84320660182729	26.282901448683944	0.0
218.0	26.117118955315245	23.749971661112244	23.82081888050058	26.312090503071932	0.0
219.0	26.251161894397967	23.861343489990706	23.692160330091365	26.195334285519962	0.0
220.0	26.27666689337777	23.703495885193497	23.753655716520438	26.2661815049083	0.0
221.0	26.221972840009975	23.717948717948715	23.831587657847606	26.228490784193703	0.0
222.0	26.282334670928837	23.70094538529552	23.851141490398785	26.165578453376863	0.0
223.0	26.286302115214582	23.71568160692829	23.737219161622345	26.26079711623478	0.0
224.0	26.263914393887866	23.683658663764763	23.83187104672516	26.220555895622212	0.0
225.0	26.24095989480605	23.781711215398218	23.769525493663423	26.207803396132306	0.0
226.0	26.322575891541412	23.76385771611236	23.721916162234464	26.19165023011177	0.0
227.0	26.3092566142964	23.666938719989115	23.624430388356117	26.399374277358362	0.0
228.0	26.20043528531592	23.81005010315355	23.78794577070439	26.201568840826134	0.0
229.0	26.29686202606618	23.61429530905062	23.83137180442711	26.25747086045609	0.0
230.0	26.14921600244849	23.754006421610164	23.79028030073313	26.30649727520822	0.0
231.0	26.2781583071434	23.750605745442385	23.776110816700722	26.195125130713492	0.0
232.0	26.103738214464855	23.886201394851913	23.809402356115157	26.200658034568068	0.0
233.0	26.277173682017974	23.83462418064494	23.734870447673213	26.153331689663872	0.0
234.0	26.13073443894034	23.914041511273336	23.758459253885306	26.196764795901018	0.0
235.0	26.30303682963601	23.788215423331106	23.69639638618407	26.212351360848817	0.0
236.0	26.31380572905449	23.753358196266024	23.750807667456385	26.182028407223097	0.0
237.0	26.32202409966333	23.768944761213824	23.792749696770464	26.116281442352378	0.0
238.0	26.27611458108981	23.757042293435507	23.598059330967956	26.36878379450673	0.0
239.0	26.227654533706655	23.67230805853747	23.79445004931022	26.305587358445653	0.0
240.0	26.218682689037525	23.774231946491327	23.78245096927786	26.22463439519329	0.0
241.0	26.207846538441913	23.800656429093753	23.735183579069094	26.256313453395236	0.0
242.0	26.22699429977352	23.67025422840022	23.827286822584348	26.275464649241908	0.0
243.0	26.119938202486075	23.755474607741697	23.82095729451618	26.303629895256048	0.0
244.0	26.250974499992914	23.86738295369176	23.698989354916442	26.182653191398884	0.0
245.0	26.279917667938697	23.692014583888547	23.7297217607267	26.29834598744606	0.0
246.0	26.230772502374638	23.694231396288473	23.831747877000723	26.243248224336163	0.0
247.0	26.287717029765297	23.680098905741804	23.86356225135329	26.168621813139602	0.0
248.0	26.291057178022676	23.724824030537295	23.73361541384728	26.25050337759275	0.0
249.0	26.267802551202717	23.686822567197364	23.8328729673471	26.21250191425282	0.0
