# Position (bp)	A	C	G	T	N
0.0	26.311189557741304	23.739626777504164	23.78716923120721	26.16201443354732	0.0
1.0	26.16030632143823	23.882823509316328	23.781760209528418	26.175109959717023	0.0
2.0	26.269463975632668	23.733952005465568	23.753593896780437	26.242990122121324	0.0
3.0	26.299699412488042	23.705993532814137	23.846039987247803	26.148267067450014	0.0
4.0	26.23405309089667	23.630174028384218	23.84820762719101	26.2875652535281	0.0
5.0	26.21122679584901	23.787634699349343	23.78080367053948	26.220334834262164	0.0
6.0	26.29684022381985	23.70259054970201	23.7119827865913	26.288586439886835	0.0
7.0	26.262614763755998	23.74193878886884	23.79117407662491	26.204272370750253	0.0
8.0	26.289382991499448	23.84252210513135	23.63392138057822	26.234173522790982	0.0
9.0	26.154511616259345	23.83296718307134	23.70035628507359	26.312164915595726	0.0
10.0	26.25290247678019	23.759333454744127	23.74937397559643	26.238390092879254	0.0
11.0	26.16981196503369	23.793195683846292	23.877708978328176	26.15928337279184	0.0
12.0	26.176925878710616	23.77726051720998	23.730593243489345	26.315220360590057	0.0
13.0	26.183755235840465	23.703275814969953	23.795756692769988	26.317212256419598	0.0
14.0	26.256032598798036	23.777829630304133	23.61477872882899	26.35135904206884	0.0
15.0	26.289610271353126	23.675104716809326	23.798886814787835	26.236398197049716	0.0
16.0	26.207657985794935	23.703844928064104	23.88283099617556	26.205666089965398	0.0
17.0	26.257739938080494	23.77071571662721	23.695592788198873	26.275951557093425	0.0
18.0	26.21875569113094	23.791772901110907	23.835310052813696	26.154161354944456	0.0
19.0	26.174364869786928	23.83787106173739	23.787504552904753	26.200259515570934	0.0
20.0	26.295016845747586	23.68620242214533	23.753926880349663	26.26485385175742	0.0
21.0	26.22387770897833	23.85124521945001	23.694454562010563	26.2304225095611	0.0
22.0	26.241235658350025	23.787504552904753	23.68620242214533	26.28505736659989	0.0
23.0	26.358113395461334	23.60532119228854	23.785160418296933	26.25140499395319	0.0
24.0	26.339332716795905	23.782314860923385	23.708045813473714	26.170306608807	0.0
25.0	26.315145479120723	23.734794052785087	23.786867752721065	26.163192715373125	0.0
26.0	26.16347727111048	23.877641032937326	23.77861563633777	26.180266059614425	0.0
27.0	26.269047449669202	23.73308671836096	23.75329017571317	26.244575656256668	0.0
28.0	26.31173081027246	23.70662303478694	23.834673116596715	26.146973038343884	0.0
29.0	26.23831543003486	23.633207654549334	23.847193569040336	26.281283346375474	0.0
30.0	26.211567190723486	23.79056697730668	23.76353418225795	26.23433164971189	0.0
31.0	26.29807213487942	23.700362808565128	23.70833036921107	26.293234687344384	0.0
32.0	26.258518887387066	23.751867397026395	23.782599416660737	26.207014298925802	0.0
33.0	26.294372910293806	23.842640677242656	23.632069431599913	26.23091698086363	0.0
34.0	26.150956818666852	23.837518673970266	23.698655474141	26.31286903322188	0.0
35.0	26.241370871819385	23.764604781661003	23.748954260640932	26.245070085878673	0.0
36.0	26.164541041357214	23.799035927905162	23.87444298372915	26.161980047008477	0.0
37.0	26.17734601310091	23.774564204128325	23.728750860778653	26.319338921992113	0.0
38.0	26.179053342666737	23.699441703231976	23.79306027442477	26.328444679676515	0.0
39.0	26.25815961255001	23.779401637898165	23.61265245030248	26.349786299249345	0.0
40.0	26.294298088359998	23.68009196815261	23.78736917587202	26.238240767615373	0.0
41.0	26.21120804948979	23.705417356712367	23.88070319213718	26.20267140166066	0.0
42.0	26.26897269980024	23.762328342239904	23.698303483521425	26.27039547443843	0.0
43.0	26.217468257897824	23.792491164569498	23.838019952991527	26.152020624541155	0.0
44.0	26.167955700488864	23.84001183748499	23.786800066016745	26.205232396009404	0.0
45.0	26.285761440530862	23.687205841343552	23.759767347891163	26.267265370234416	0.0
46.0	26.222590246595303	23.86220712184073	23.693181494823946	26.222021136740025	0.0
47.0	26.24080176196411	23.793913939207687	23.680376523080252	26.28490777574795	0.0
48.0	26.347719441021887	23.61628446306061	23.78132585145706	26.254670244460442	0.0
49.0	26.33377628924357	23.78474050087216	23.714740187862628	26.16674302202164	0.0
50.0	26.31300383863505	23.732097989056047	23.792708016174053	26.162190156134844	0.0
51.0	26.16645846790372	23.88262711743833	23.775350214980637	26.175564199677314	0.0
52.0	26.261214989172714	23.730390664348498	23.75457776437212	26.25381658210667	0.0
53.0	26.311296513927502	23.70278891490978	23.838521229159966	26.14739334200275	0.0
54.0	26.237881551502873	23.63847968425875	23.842220432692994	26.281418331545385	0.0
55.0	26.207434260884906	23.79413078676368	23.769090024386287	26.229344927965126	0.0
56.0	26.28397931860671	23.711325538447532	23.715024741980553	26.28967040096521	0.0
57.0	26.243003525625518	23.754008656136268	23.782748622046686	26.22023919619153	0.0
58.0	26.28227199389916	23.845350527990167	23.643886212499325	26.228491265611346	0.0
59.0	26.155929965540498	23.84022855386752	23.699089711376757	26.30475176921523	0.0
60.0	26.240367870516863	23.76475408903104	23.740282504524398	26.2545955359277	0.0
61.0	26.160977497524385	23.800323252558133	23.87885996562596	26.159839284291518	0.0
62.0	26.174351503010573	23.76816872872964	23.731745905277897	26.32573386298189	0.0
63.0	26.17634337616809	23.702721467839787	23.786949247071945	26.333985908920177	0.0
64.0	26.254310982619483	23.780973627599394	23.613940835676157	26.350774554104966	0.0
65.0	26.288457379605497	23.67853443664136	23.792640313236284	26.240367870516863	0.0
66.0	26.208497899996587	23.713819046860237	23.86804693991372	26.20963611322945	0.0
67.0	26.26996141457141	23.759632129483137	23.69190844212755	26.27849801381791	0.0
68.0	26.21674994593487	23.786949247071945	23.842152588865996	26.154148218127183	0.0
69.0	26.164676690531202	23.834754202852363	23.788372013613028	26.212197093003404	0.0
70.0	26.292156572612313	23.68621737596321	23.753656510010586	26.267969541413887	0.0
71.0	26.219026372400606	23.863778640290473	23.693046655360416	26.224148331948506	0.0
72.0	26.23353859111966	23.804591552181385	23.676542563483842	26.28532729321511	0.0
73.0	26.347854047332465	23.61643461410413	23.784036035728413	26.251675302834997	0.0
74.0	26.33248821241275	23.78915798070165	23.713751568595647	26.16460223828995	0.0
75.0	26.31000856503021	23.744767790933587	23.781759615740306	26.163464028295902	0.0
76.0	26.159764845815232	23.88391396270655	23.777491328262606	26.178829863215615	0.0
77.0	26.249683435345407	23.740214950957377	23.759564520856273	26.250537092840943	0.0
78.0	26.31114677502426	23.697816628678908	23.83184085547863	26.159195740818202	0.0
79.0	26.23346394293015	23.633507764014922	23.846637585401318	26.286390707653606	0.0
80.0	26.20500869307883	23.79171895318827	23.76980841080275	26.23346394293015	0.0
81.0	26.283829735166993	23.716027988583754	23.71403612109416	26.286106155155096	0.0
82.0	26.240008650395957	23.756718995871143	23.790580743194216	26.212691610538684	0.0
83.0	26.27500860771308	23.8506213203805	23.64745083644207	26.226919235464347	0.0
84.0	26.154927453340505	23.840092877935515	23.698385733675934	26.306593935048046	0.0
85.0	26.23908032894175	23.760350567680618	23.743562018040578	26.257007085337055	0.0
86.0	26.16367413140597	23.79762683891529	23.87417124320633	26.164527786472412	0.0
87.0	26.16708875167174	23.77827732407592	23.72791167515579	26.326722249096544	0.0
88.0	26.17590985402498	23.70230202316251	23.791366701761373	26.33042142105114	0.0
89.0	26.260706257291638	23.783399254474574	23.607546310787356	26.348348177446436	0.0
90.0	26.284893150840848	23.681529749879065	23.795919528782402	26.23765757049768	0.0
91.0	26.213755228637282	23.70770850524998	23.8696184161853	26.20891784992744	0.0
92.0	26.263836325868596	23.766895256523348	23.686651680277723	26.28261673733034	0.0
93.0	26.21290157357084	23.788521184873233	23.842870557436758	26.155706684119167	0.0
94.0	26.172210682070396	23.835472213527588	23.789374839939676	26.202942264462344	0.0
95.0	26.286885012662548	23.684944370144837	23.761488774435875	26.26668184275674	0.0
96.0	26.22143812423527	23.8596591070768	23.701448368096063	26.217454400591865	0.0
97.0	26.23964943231938	23.792504908516634	23.683521611700765	26.28432404746322	0.0
98.0	26.35339511881422	23.60776368618591	23.78048606981171	26.25835512518816	0.0
99.0	26.33489931167142	23.78731529091059	23.705649188603168	26.172136208814816	0.0
100.0	26.31327344485831	23.735242480031644	23.793006308492988	26.15847776661706	0.0
101.0	26.162746029803856	23.88121708102017	23.79016079970179	26.165876089474178	0.0
102.0	26.26233883749584	23.735811581789882	23.75772199948212	26.244127581232163	0.0
103.0	26.311850690462705	23.69768176398781	23.827436964866504	26.163030580682978	0.0
104.0	26.232460995188244	23.647600809262702	23.84394091585546	26.2759972796936	0.0
105.0	26.216810696836646	23.79442906288859	23.758860202998598	26.229900037276167	0.0
106.0	26.286525662221035	23.721868588713004	23.71105565530645	26.280550093759516	0.0
107.0	26.24583488650688	23.754307388932677	23.78930714706443	26.21055057749601	0.0
108.0	26.281403746396876	23.83938810178954	23.6461780548671	26.233030096946486	0.0
109.0	26.162746029803856	23.83568894036098	23.697112662229568	26.30445236760559	0.0
110.0	26.24803660452093	23.757938946937106	23.735459491452115	26.258564957089845	0.0
111.0	26.16693983473332	23.79123130506044	23.874889025472925	26.16693983473332	0.0
112.0	26.16722438480275	23.78297935304696	23.733752191035535	26.316044071114753	0.0
113.0	26.18315918869084	23.705866284231373	23.79265405540759	26.31832047167019	0.0
114.0	26.267670559311618	23.782694802977534	23.604566459514217	26.345068178196634	0.0
115.0	26.28474356347743	23.680256777982652	23.79094675499101	26.24405290354891	0.0
116.0	26.219297047508476	23.705297184092515	23.862653372487422	26.212752395911586	0.0
117.0	26.27080061007535	23.762491748047985	23.68907783013499	26.277629811741676	0.0
118.0	26.20706139452298	23.79379225568531	23.833913815474972	26.16523253431674	0.0
119.0	26.173199936260783	23.839320266794147	23.78781670422728	26.199663092717795	0.0
120.0	26.28588176375515	23.68651687951012	23.760215347492544	26.267386009242188	0.0
121.0	26.214175146258732	23.865498873181725	23.70302078353707	26.217305197022466	0.0
122.0	26.24832115459036	23.790093104782716	23.681110428190944	26.280475312435975	0.0
123.0	26.348273202990057	23.61060919497711	23.776217806624913	26.26489979540792	0.0
124.0	26.322663623869264	23.794144512009467	23.707641044757008	26.175550819364258	0.0
125.0	26.318395360682466	23.735811581789882	23.78703074003147	26.15876231749618	0.0
126.0	26.168437047386256	23.87922522486633	23.79215265585563	26.160185071891778	0.0
127.0	26.26120063397936	23.735242480031644	23.758575652119475	26.244981233869524	0.0
128.0	26.312135241341828	23.69568990783397	23.82914427014122	26.163030580682978	0.0
129.0	26.235591054858563	23.64532440222974	23.84365636497634	26.275428177935357	0.0
130.0	26.211119679254246	23.79186810497651	23.754307388932677	26.24270482683656	0.0
131.0	26.28254194991335	23.70906379915261	23.721014936075647	26.287379314858395	0.0
132.0	26.23957476716624	23.75203098189972	23.790729901460033	26.217664349474006	0.0
133.0	26.276281830572717	23.83711169475658	23.647600809262702	26.239005665408005	0.0
134.0	26.15933141925442	23.825445108712664	23.69881996750429	26.31640350452863	0.0
135.0	26.244486811029223	23.753521327149077	23.73445636399852	26.26753549782318	0.0
136.0	26.155137580741545	23.791082150072558	23.884415104003644	26.169365165182256	0.0
137.0	26.157413994252053	23.78567566798509	23.73787098426429	26.319039353498564	0.0
138.0	26.173348888825654	23.710554022138123	23.78567566798509	26.33042142105114	0.0
139.0	26.264120877557406	23.77628546225422	23.60811541416498	26.35147824602339	0.0
140.0	26.28034032381982	23.684090715078394	23.791935805139	26.24363315596278	0.0
141.0	26.21546253877017	23.70287112654014	23.86620379591953	26.21546253877017	0.0
142.0	26.26298267080215	23.76234242950232	23.690066300543496	26.284608599152037	0.0
143.0	26.19924309250775	23.78909028825086	23.84030959223743	26.171357027003957	0.0
144.0	26.15769854594087	23.840025040548614	23.78510656460746	26.217169848903055	0.0
145.0	26.28603135759611	23.69319636912045	23.762057877813504	26.25871439546994	0.0
146.0	26.21290157357084	23.8656346925419	23.700310161340806	26.221153572546452	0.0
147.0	26.245909569473298	23.788521184873233	23.679537888057364	26.28603135759611	0.0
148.0	26.34301665485774	23.605337066662113	23.785174245722466	26.266472032757683	0.0
149.0	26.31911424498263	23.798548213152586	23.70322312615066	26.17911441571413	0.0
150.0	26.31996790247817	23.729401956013874	23.784320588226926	26.16630955328103	0.0
151.0	26.16431768579144	23.876231045246694	23.796556345662992	26.162894923298875	0.0
152.0	26.25366717032459	23.740214950957377	23.759279968357763	26.24683791036027	0.0
153.0	26.30574027755251	23.696962971183368	23.837816457947408	26.15948029331672	0.0
154.0	26.23090297044353	23.644320758958422	23.84322295541916	26.281553315178886	0.0
155.0	26.210984295547608	23.7837514832299	23.75814175836371	26.247122462858783	0.0
156.0	26.2818378676774	23.713751568595647	23.722572696049557	26.2818378676774	0.0
157.0	26.23147207544056	23.764971018328026	23.79342626817935	26.210130638052064	0.0
158.0	26.283545182668476	23.838670115442948	23.64204433897032	26.235740362918257	0.0
159.0	26.162325818301845	23.82984898798904	23.696962971183368	26.310862222525742	0.0
160.0	26.249189023071583	23.762762215873522	23.736014204901146	26.252034556153745	0.0
161.0	26.17378239639414	23.781827287524045	23.881990052016345	26.16240026406547	0.0
162.0	26.16069294421617	23.7895102268459	23.74113616444905	26.308660664488887	0.0
163.0	26.174351503010573	23.711542620394503	23.785526480530862	26.32857939606406	0.0
164.0	26.25544919585235	23.788656566921247	23.612233515826855	26.343660721399548	0.0
165.0	26.28675005975619	23.679957203182443	23.797762272784183	26.23553046427718	0.0
166.0	26.223294672023854	23.69873772152475	23.860079447283656	26.21788815916774	0.0
167.0	26.270815074496056	23.755363829859885	23.685079162730347	26.288741932913712	0.0
168.0	26.208497899996587	23.7963395062431	23.83589241608523	26.159270177675086	0.0
169.0	26.153863664818967	23.83930705578383	23.790648440078765	26.216180839318437	0.0
170.0	26.27906712043434	23.689632015661815	23.76674596218856	26.264554901715286	0.0
171.0	26.20792879338015	23.87003881307124	23.71011985385342	26.211912539695188	0.0
172.0	26.234676804352524	23.798615932708834	23.67938809656601	26.28731916637263	0.0
173.0	26.34942676572944	23.608032393640784	23.785025054990083	26.25751578563969	0.0
174.0	26.334060843361495	23.789008812641033	23.703642577263555	26.173287766733917	0.0
175.0	26.327231544531298	23.7292524478768	23.770797349093836	26.172718658498066	0.0
176.0	26.16019827730937	23.872667723310958	23.803521072655204	26.16361292672447	0.0
177.0	26.261214989172714	23.7394963961221	23.76055340084854	26.238735213856646	0.0
178.0	26.30816641863033	23.692544966664485	23.84449686563639	26.154791749068796	0.0
179.0	26.23048314443682	23.639048792494602	23.852748935056216	26.27771912801236	0.0
180.0	26.21454811383303	23.785025054990083	23.756285089079668	26.24414174209722	0.0
181.0	26.28739396802181	23.711040984329603	23.71758572904188	26.28397931860671	0.0
182.0	26.23190591502645	23.765390820853263	23.793846232645755	26.20885703147453	0.0
183.0	26.282556548017084	23.842220432692994	23.641040671320074	26.23418234796985	0.0
184.0	26.15279987024332	23.833399255037317	23.702219806673934	26.311581068045424	0.0
185.0	26.24734652529978	23.755499023976597	23.73927939310125	26.25787505762237	0.0
186.0	26.1833216665813	23.7728568745625	23.885825180834658	26.157996278021546	0.0
187.0	26.1659638159954	23.780539857608716	23.73927939310125	26.31421693329463	0.0
188.0	26.168240255416503	23.714238559469134	23.783669961812727	26.333851223301636	0.0
189.0	26.25645228298418	23.783669961812727	23.615782554506495	26.34409520069659	0.0
190.0	26.284338665892676	23.676108199165686	23.800174147615714	26.239378987325924	0.0
191.0	26.226289460654588	23.691189610330483	23.86448356126183	26.218037367753098	0.0
192.0	26.26925725472788	23.761190122529353	23.685498511777727	26.284054110965037	0.0
193.0	26.209785274851605	23.786230956161468	23.836881733280975	26.167102035705952	0.0
194.0	26.157142613238634	23.840865502267903	23.789930170220757	26.212061714272707	0.0
195.0	26.271249139221343	23.70257180743599	23.758629128180615	26.267549925162054	0.0
196.0	26.212346269200342	23.87444298372915	23.704279137001816	26.208931610068692	0.0
197.0	26.23511066341136	23.790499280076034	23.681514742790803	26.292875313721808	0.0
198.0	26.349292167603327	23.612435085722417	23.78658319698371	26.251689549690543	0.0
199.0	26.3336416020488	23.792558867468166	23.696379028242156	26.177420502240878	0.0
200.0	26.319698370918402	23.73877783310806	23.770363519954472	26.171160276019066	0.0
201.0	26.159493490787504	23.880771146048232	23.796258092053783	26.16347727111048	0.0
202.0	26.247705769367574	23.750160062602262	23.76467240520737	26.237461762822793	0.0
203.0	26.309738920110977	23.69922458561571	23.837803229707617	26.153233264565696	0.0
204.0	26.232908871025113	23.638898769296436	23.84292523298001	26.285267126698443	0.0
205.0	26.209575300561998	23.78430675108487	23.7549975101373	26.251120438215835	0.0
206.0	26.287543572597283	23.71629792985701	23.710891370847264	26.285267126698443	0.0
207.0	26.22437219890446	23.769509852742406	23.796258092053783	26.20985985629935	0.0
208.0	26.27900690047663	23.846055346090917	23.64145977093263	26.23347798249982	0.0
209.0	26.145550259657107	23.838087785444976	23.707761257736358	26.308600697161555	0.0
210.0	26.248918685121108	23.75335776725551	23.734861591695502	26.262861955927878	0.0
211.0	26.175503095975234	23.778967856492443	23.881408213440174	26.164120834092152	0.0
212.0	26.16212893826261	23.78892733564014	23.736568930977963	26.312374795119286	0.0
213.0	26.16696639956292	23.709820615552722	23.783520761245676	26.339692223638682	0.0
214.0	26.254040702968496	23.7832362046986	23.605957475869605	26.356765616463303	0.0
215.0	26.288756601711892	23.681649517392096	23.790065561828445	26.239528319067567	0.0
216.0	26.232698961937718	23.68620242214533	23.85665179384447	26.224446822072483	0.0
217.0	26.265422964851577	23.755918776179204	23.68819431797487	26.290463940994353	0.0
218.0	26.20282052449463	23.790065561828445	23.834456383172466	26.172657530504463	0.0
219.0	26.158714259697685	23.835310052813696	23.78778910945183	26.21818657803679	0.0
220.0	26.275382443999273	23.700999362593333	23.762463576761974	26.26115461664542	0.0
221.0	26.209934438171555	23.87998543070479	23.69843835366964	26.211641777454016	0.0
222.0	26.240381988708794	23.79234201420506	23.67425104716809	26.29302494991805	0.0
223.0	26.357409731292485	23.613707696991945	23.772206144731562	26.256676426984004	0.0
224.0	26.3269620941145	23.791271487637406	23.696513887821798	26.185252530426297	0.0
225.0	26.32155550433523	23.726107852929378	23.772206144731562	26.180130498003827	0.0
226.0	26.16817908901808	23.872939449040047	23.79297883177823	26.16590263016365	0.0
227.0	26.239887542932593	23.751148900328094	23.761392965173027	26.247570591566287	0.0
228.0	26.312449668917516	23.702489592314674	23.830255845519503	26.154804893248308	0.0
229.0	26.23732652672136	23.63618772817943	23.84021535300763	26.28627039209158	0.0
230.0	26.210862692538623	23.7827347669333	23.74460408112161	26.26179845940647	0.0
231.0	26.29025419508683	23.711310870375588	23.705904280596318	26.29253065394126	0.0
232.0	26.229928035444466	23.77049880059074	23.79013325821019	26.209439905754607	0.0
233.0	26.284278490593955	23.848467516354933	23.63761051496345	26.22964347808766	0.0
234.0	26.14769095932822	23.839077123580417	23.709318968877962	26.30391294821341	0.0
235.0	26.243661466840436	23.754631184160356	23.733858438003313	26.267848910995895	0.0
236.0	26.180489553869705	23.772842906818585	23.880975010101814	26.165692529209895	0.0
237.0	26.157440342380383	23.787355373311858	23.7378422523348	26.31736203197296	0.0
238.0	26.165407971043358	23.713939366345873	23.78081053548156	26.339842127129202	0.0
239.0	26.252482770003017	23.786217140645718	23.605238146729572	26.35606194262169	0.0
240.0	26.282000204892377	23.684420211494462	23.791134989926125	26.242444593687036	0.0
241.0	26.22479616375201	23.698222747129215	23.854461630405396	26.22251945871338	0.0
242.0	26.258210671311318	23.752319479070614	23.69027697141491	26.299192878203158	0.0
243.0	26.19764569268776	23.788692949600975	23.82882318787782	26.184838169833448	0.0
244.0	26.1556852141739	23.840045538636687	23.787960722925856	26.216308524263553	0.0
245.0	26.278996954430305	23.701648023226028	23.766828907295135	26.25252611504853	0.0
246.0	26.20739909994791	23.882406856563804	23.703079589995248	26.20711445349304	0.0
247.0	26.238706041093785	23.795738042778982	23.67589540384977	26.289660512277464	0.0
248.0	26.35326337605548	23.61684440673913	23.775415501819154	26.25447671538624	0.0
249.0	26.323940534415907	23.79335083214239	23.698549800433863	26.184158833007842	0.0
