# Position (bp)	A	C	G	T	N
0.0	26.20983579158484	23.623448794551454	23.851864232092368	26.31485118177133	0.0
1.0	26.22515633922478	23.786682265769716	23.67553865652725	26.312622738478254	0.0
2.0	26.224791086350972	23.84735376044568	23.690250696378833	26.237604456824513	0.0
3.0	26.281088880285004	23.840495138031983	23.699273838406064	26.179142143276945	0.0
4.0	26.233535452567896	23.89027070236666	23.664662186062966	26.211531659002475	0.0
5.0	26.291206648767286	23.728289568966478	23.801818161562373	26.178685620703867	0.0
6.0	26.29513584269819	23.818356519196225	23.662670064474803	26.22383757363078	0.0
7.0	26.346673350600163	23.751914668449047	23.76611802712563	26.135293953825162	0.0
8.0	26.339519443918412	23.708101725501553	23.67022757906228	26.28215125151775	0.0
9.0	26.294757478376617	23.7330897627972	23.780430072792687	26.191722686033497	0.0
10.0	26.210001921411486	23.730267243275758	23.70743307779489	26.352297757517874	0.0
11.0	26.13425932371885	23.776770970535573	23.76229076803551	26.326678937710067	0.0
12.0	26.231165294296193	23.839982623757	23.74725363467006	26.18159844727675	0.0
13.0	26.282124468479108	23.73527962106424	23.670675640679345	26.31192026977731	0.0
14.0	26.282681399344494	23.74725363467006	23.69573752962176	26.274327436363688	0.0
15.0	26.282959864777183	23.642829097409994	23.772315523612477	26.301895514200346	0.0
16.0	26.14094249410349	23.692674409862132	23.879246249766787	26.28713684626759	0.0
17.0	26.410775498383508	23.73778580995848	23.72971031241037	26.121728379247642	0.0
18.0	26.312755666075393	23.644221424573463	23.631968945534947	26.4110539638162	0.0
19.0	26.258660250840965	23.599601238610795	23.698456191940117	26.443282318608123	0.0
20.0	26.32939027378645	23.62856156296643	23.7034685557709	26.33857960747622	0.0
21.0	26.32883334447192	23.7335427387556	23.622156875849317	26.315467040923167	0.0
22.0	26.287268909786054	23.680011584097485	23.647431309921945	26.385288196194512	0.0
23.0	26.27111800463921	23.650772876504053	23.742387493630137	26.3357216252266	0.0
24.0	26.210134414515768	23.698390200299073	23.756310687722248	26.335164697462915	0.0
25.0	26.222665289198666	23.626824982665624	23.842077563329646	26.30843216480606	0.0
26.0	26.2374238749363	23.787498642488575	23.66803763717827	26.30703984539685	0.0
27.0	26.229905350126565	23.842912954975176	23.67193613152406	26.255245563374203	0.0
28.0	26.274738035103155	23.836786749574646	23.70423794181776	26.18423727350444	0.0
29.0	26.244107008100514	23.878277867969135	23.663582215068796	26.214032908861558	0.0
30.0	26.28921815695895	23.700060983590124	23.80838343362674	26.202337425824183	0.0
31.0	26.279193457212628	23.80559879480832	23.67834080080643	26.236866947172615	0.0
32.0	26.35604948860108	23.736818215993296	23.767449242995937	26.139683052409683	0.0
33.0	26.348252499909496	23.69950405582644	23.659962184604847	26.292281259659216	0.0
34.0	26.293116651304743	23.739324390929877	23.778309334387785	26.1892496233776	0.0
35.0	26.203729745233396	23.742109029748296	23.701453302999333	26.352707922018975	0.0
36.0	26.138569196882315	23.768563098523305	23.767449242995937	26.32541846159844	0.0
37.0	26.226285319662612	23.845140666029913	23.74266595751198	26.185908056795494	0.0
38.0	26.297850537296057	23.72094577472829	23.661632967895898	26.319570720079753	0.0
39.0	26.28420580708579	23.75129833784909	23.695048633716965	26.26944722134816	0.0
40.0	26.293395115186584	23.63267272418431	23.764664604177515	26.309267556451594	0.0
41.0	26.132999919245474	23.698668664180914	23.881062506787558	26.287268909786054	0.0
42.0	26.41898232589742	23.749627554558035	23.724287341310397	26.107102778234147	0.0
43.0	26.324861533834753	23.650215948740367	23.629331157602206	26.395591359822674	0.0
44.0	26.267146365778	23.601419047990333	23.696374967280583	26.435059618951083	0.0
45.0	26.337319068596603	23.61589912952433	23.70612117600539	26.34066062587368	0.0
46.0	26.350128371492058	23.72004433132654	23.61339296156652	26.316434335614876	0.0
47.0	26.293527143115714	23.677095080962925	23.638945741614805	26.39043203430656	0.0
48.0	26.279882488896316	23.656488868468315	23.73278754716456	26.33084109547081	0.0
49.0	26.211102293137294	23.697144368795513	23.751722985673112	26.340030352394077	0.0
50.0	26.217506926750485	23.63337649499464	23.82690781504532	26.32220876320956	0.0
51.0	26.241733149548196	23.773443047491753	23.68349971457611	26.301324088383943	0.0
52.0	26.218899238405523	23.84194478091976	23.6832212522451	26.255934728429615	0.0
53.0	26.268743995655985	23.83748938362363	23.70939671135987	26.184369909360512	0.0
54.0	26.217785389081495	23.881486431922923	23.674867382314858	26.225860796680728	0.0
55.0	26.278211714910267	23.699928992105594	23.80852930119878	26.21332999178536	0.0
56.0	26.266237834676915	23.809364688191806	23.677930467955946	26.246467009175333	0.0
57.0	26.34615652367626	23.734458321150605	23.766481489216545	26.15290366595659	0.0
58.0	26.35757347924759	23.693524358492404	23.656767330799326	26.29213483146067	0.0
59.0	26.309121033652172	23.72137059159322	23.764253790568482	26.20525458418612	0.0
60.0	26.205811508848143	23.741141417094802	23.696865906464502	26.356181167592553	0.0
61.0	26.135082076772065	23.772607660498725	23.767873800871588	26.32443646185762	0.0
62.0	26.22753157066678	23.84250170558178	23.737799869122707	26.19216685462874	0.0
63.0	26.30494409868705	23.721092129262214	23.661501190426463	26.312462581624267	0.0
64.0	26.29575484176378	23.736407557467665	23.699093605112566	26.268743995655985	0.0
65.0	26.29714715341882	23.6286426353675	23.755899920638235	26.318310290575443	0.0
66.0	26.15401751528062	23.692688971499383	23.86812024003453	26.28517327318547	0.0
67.0	26.421341353048465	23.75395068432118	23.726939838213383	26.09776812441697	0.0
68.0	26.32582877351266	23.650641159517146	23.63031340935355	26.39321665761664	0.0
69.0	26.287884694639057	23.607970683567427	23.692901458024703	26.41124316376881	0.0
70.0	26.34886777531494	23.614096837790573	23.69930607380345	26.337729313091035	0.0
71.0	26.3416277748694	23.72436761380724	23.61938760734693	26.31461700397643	0.0
72.0	26.291988404893115	23.673900149533438	23.641041777470853	26.393069668102598	0.0
73.0	26.28335612070718	23.659420188963484	23.73516152117555	26.32206216915379	0.0
74.0	26.23044857247081	23.68197551215899	23.737946128977462	26.349629786392736	0.0
75.0	26.23267625871234	23.617094150374392	23.81953513757355	26.33069445333972	0.0
76.0	26.237688552755788	23.795030588916706	23.654964816480422	26.312316041847083	0.0
77.0	26.231562415591576	23.845710450911543	23.669723237830567	26.253003895666318	0.0
78.0	26.268040777796653	23.82983818644063	23.711492354859278	26.190628680903437	0.0
79.0	26.20260249445167	23.880518048435466	23.68420319840052	26.23267625871234	0.0
80.0	26.285583806948708	23.704809296134684	23.80756132402532	26.202045572891286	0.0
81.0	26.26887616013723	23.807004402464933	23.692835482586457	26.231283954811385	0.0
82.0	26.348515943271973	23.734604599615167	23.759944530612586	26.156934926500274	0.0
83.0	26.344895953129484	23.700910845212007	23.669723237830567	26.284469963827945	0.0
84.0	26.30953143404517	23.718453874364066	23.772475265721198	26.19953942586956	0.0
85.0	26.20705786693473	23.73098460947268	23.708707747057367	26.353249776535225	0.0
86.0	26.12964577004152	23.771918344160817	23.773867569622155	26.324568316175505	0.0
87.0	26.229056268569856	23.84348276467001	23.73933843287842	26.188122533881714	0.0
88.0	26.320112943692447	23.710378511738515	23.65273713023889	26.316771414330148	0.0
89.0	26.300063767518665	23.731819991813254	23.694227786487414	26.27388845418067	0.0
90.0	26.288089953970434	23.625726434560324	23.75910914827201	26.32707446319723	0.0
91.0	26.15526416181913	23.69979700209124	23.86575962708532	26.279179209004305	0.0
92.0	26.437066471372837	23.74880609940493	23.722073864506555	26.092053564715677	0.0
93.0	26.320948326033022	23.6524586694587	23.629624885483004	26.396968119025278	0.0
94.0	26.27659989195752	23.595865425848885	23.702237147678478	26.425297534515117	0.0
95.0	26.356517913332105	23.61118072611231	23.704464827716794	26.327836532838788	0.0
96.0	26.346214893154894	23.711147867831745	23.62092682627994	26.321710412733417	0.0
97.0	26.281538988469006	23.657896129138255	23.650656189174065	26.409908693218682	0.0
98.0	26.289335846891976	23.643137789980482	23.74561078639671	26.32191557673083	0.0
99.0	26.224454846443656	23.68267900055413	23.740598520267657	26.352267632734556	0.0
100.0	26.23169478640785	23.618911837023383	23.819959400644354	26.329433975924417	0.0
101.0	26.245617747877443	23.784038160052795	23.643416249209874	26.326927842859888	0.0
102.0	26.242833155583522	23.840008465160572	23.662351476808524	26.25480690244738	0.0
103.0	26.267894486228798	23.834439280572735	23.71525873039299	26.18240750280548	0.0
104.0	26.216657988020685	23.88873883030416	23.687134348224404	26.207468833450747	0.0
105.0	26.282931284615962	23.70495573890549	23.81355483836834	26.198558138110208	0.0
106.0	26.271792915440283	23.804087224569017	23.703284983529134	26.220834876461563	0.0
107.0	26.362292164992663	23.727232477256845	23.75117997098455	26.159295386765947	0.0
108.0	26.345863070458535	23.68769126668319	23.68462821515988	26.281817447698398	0.0
109.0	26.30492956373793	23.71665102653995	23.774013627794684	26.204405781927438	0.0
110.0	26.212481099579804	23.72138483343961	23.719714078063262	26.346419988917326	0.0
111.0	26.15149852834297	23.765381391683537	23.767887524748062	26.315232555225425	0.0
112.0	26.232808623325415	23.835831576719695	23.74672462331428	26.184635176640615	0.0
113.0	26.31996636212509	23.718321781916302	23.650656189174065	26.31105566678455	0.0
114.0	26.297689623773735	23.735307794909208	23.686020511306836	26.280982070010218	0.0
115.0	26.29963883837948	23.61445648935311	23.7631537178484	26.32275095441901	0.0
116.0	26.159852305224728	23.68936202205954	23.873145113458214	26.277640559257513	0.0
117.0	26.432185431570037	23.756470696342998	23.716372567310557	26.09497130477641	0.0
118.0	26.32163711750144	23.648150056109536	23.64035319768656	26.38985962870246	0.0
119.0	26.289965972187414	23.601991545954252	23.69666794758269	26.411374534275645	0.0
120.0	26.358745593370426	23.612851486141047	23.70335098769764	26.325051932790895	0.0
121.0	26.343151833102212	23.71198324784611	23.62120528628473	26.323659632766944	0.0
122.0	26.29115302255254	23.66833093392961	23.648003296975638	26.392512746542213	0.0
123.0	26.3053545223423	23.64076331669066	23.736275364296315	26.317606796670724	0.0
124.0	26.241308542898274	23.6783555220165	23.740730736779376	26.339605198305843	0.0
125.0	26.2340685626133	23.636029483427407	23.80756132402532	26.322340629933976	0.0
126.0	26.25244697410593	23.78639830473077	23.66025557130406	26.300899149859237	0.0
127.0	26.240473160557702	23.83958431374733	23.66805247314942	26.25189005254555	0.0
128.0	26.275002297301437	23.833458176583118	23.715112345001767	26.176427181113677	0.0
129.0	26.216525533461237	23.882745734677	23.687266266982625	26.213462464879132	0.0
130.0	26.289760718651582	23.696177011948752	23.81006747104704	26.203994798352625	0.0
131.0	26.26859769935703	23.80366287310264	23.712049276419663	26.21569015112066	0.0
132.0	26.3540851588758	23.716226188122533	23.768298354018327	26.16139029898334	0.0
133.0	26.35297131575503	23.677241678895736	23.69005087478454	26.27973613056469	0.0
134.0	26.31092373794613	23.70536621769507	23.77470295196273	26.20900709239607	0.0
135.0	26.194805592606308	23.718175413583875	23.722630786066937	26.364388207742877	0.0
136.0	26.15025186777568	23.765513746216413	23.761058373733352	26.32317601227455	0.0
137.0	26.225714739207557	23.84598891169173	23.745464570042632	26.18283177905808	0.0
138.0	26.323454473054742	23.71789695280368	23.65050944399736	26.308139130144216	0.0
139.0	26.300899149859237	23.73126307025287	23.693113943366647	26.274723836521247	0.0
140.0	26.306468365463065	23.618207993495155	23.762172216854115	26.31315142418766	0.0
141.0	26.15192263245683	23.6881016493232	23.889428793401592	26.270546924818373	0.0
142.0	26.437623392933222	23.742679962240718	23.722073864506555	26.097622780319508	0.0
143.0	26.331529835680296	23.637700248108555	23.643269463712382	26.38750045249877	0.0
144.0	26.279809309526726	23.603236837122267	23.704318381804207	26.412635471546796	0.0
145.0	26.363069314650417	23.610755299123404	23.697356842914267	26.32881854331191	0.0
146.0	26.361398545316835	23.70765992047138	23.620222992013723	26.310718542198064	0.0
147.0	26.28489481085446	23.669019673363685	23.649527310193115	26.39655820558874	0.0
148.0	26.31107026996923	23.652311933503196	23.731673697840524	26.30494409868705	0.0
149.0	26.238670063907104	23.687676649541235	23.728053687537418	26.345599599014243	0.0
150.0	26.23031619397686	23.626971861381453	23.821060106094148	26.321651838547538	0.0
151.0	26.24841624549239	23.774835359146792	23.671804296673766	26.30494409868705	0.0
152.0	26.253428567450538	23.834983222644556	23.657881180123358	26.25370702978155	0.0
153.0	26.26985784498002	23.818553945115077	23.722484440917256	26.18910376898765	0.0
154.0	26.22892388232182	23.87368948665469	23.682942789914094	26.214443841109393	0.0
155.0	26.299653314397897	23.697144368795513	23.80852930119878	26.194673015607812	0.0
156.0	26.272085543628087	23.80128928059257	23.70800439970483	26.218620776074513	0.0
157.0	26.356181167592553	23.717750581290115	23.765089177561507	26.160979073555822	0.0
158.0	26.353118081951465	23.680158166604013	23.692132046837365	26.274591704607158	0.0
159.0	26.316361054258387	23.700485916767608	23.787644626373165	26.195508402600836	0.0
160.0	26.199128412903942	23.719142892945158	23.713852108656003	26.367876585494898	0.0
161.0	26.157080600921713	23.758684543948316	23.763696865906464	26.320537989223507	0.0
162.0	26.227810032997784	23.854754048146138	23.749495287025045	26.167940631831026	0.0
163.0	26.33641034209097	23.710510560683904	23.664285813736548	26.288793283488577	0.0
164.0	26.31719644125141	23.714687495649027	23.698258218119545	26.26985784498002	0.0
165.0	26.30048870139092	23.62418723807137	23.762304554251422	26.313019506286288	0.0
166.0	26.16181446054885	23.69101819751333	23.88287874357796	26.264288598359858	0.0
167.0	26.430809072302747	23.756456845300253	23.72638291355137	26.086351168845635	0.0
168.0	26.331954944794845	23.62836417303649	23.64841346086908	26.391267421299585	0.0
169.0	26.2805125948863	23.602532900416023	23.701665766302625	26.41528873839505	0.0
170.0	26.378253145240787	23.60476060526741	23.686628758555777	26.330357490936024	0.0
171.0	26.367114620983866	23.69219802068424	23.63093613727117	26.309751221060722	0.0
172.0	26.29534436235948	23.665252998359847	23.65550676249537	26.383895876785303	0.0
173.0	26.29255972354106	23.664974534478006	23.73765360763882	26.304812134342114	0.0
174.0	26.243828544218673	23.686694717261698	23.729021227301715	26.340455511217918	0.0
175.0	26.226285319662612	23.61735721068299	23.831774399701487	26.32458306995291	0.0
176.0	26.241322369282095	23.770790809578042	23.680568511861168	26.307318309278692	0.0
177.0	26.239930049872882	23.82091430830964	23.676670017515377	26.2624856243021	0.0
178.0	26.283091951558426	23.820635844427798	23.72484426907408	26.1714279349397	0.0
179.0	26.236031555527088	23.870480879277554	23.682517759034063	26.210969806161295	0.0
180.0	26.29255972354106	23.688643964434593	23.821749699955166	26.19704661206918	0.0
181.0	26.256637882783412	23.799751053289633	23.72122423861013	26.222386825316825	0.0
182.0	26.354378705310026	23.72512273295592	23.774410840041995	26.14608772169206	0.0
183.0	26.35772027189213	23.682517759034063	23.69059321160749	26.26916875746631	0.0
184.0	26.297572073414216	23.711478002745654	23.795574095062	26.19537582877813	0.0
185.0	26.203451281351555	23.727628907892502	23.715376497091444	26.353543313664503	0.0
186.0	26.143860010637322	23.777473942742255	23.77162620122357	26.30703984539685	0.0
187.0	26.223779144726034	23.852937654721494	23.748235235148826	26.175047965403646	0.0
188.0	26.32669371524365	23.709089491432916	23.6567374069567	26.30747938636674	0.0
189.0	26.316668848003523	23.712988050915186	23.694052190572727	26.276290910508564	0.0
190.0	26.293834428178787	23.62109343454736	23.761163107374685	26.323909029899166	0.0
191.0	26.158014625208153	23.682979398840452	23.87707250783891	26.281933468112477	0.0
192.0	26.430914548907563	23.75621682734346	23.726699080494342	26.086169543254638	0.0
193.0	26.345702940078976	23.62867788341047	23.637867370637082	26.387751805873478	0.0
194.0	26.2839559460325	23.598390442906673	23.701702844571923	26.415950766488912	0.0
195.0	26.36944626223528	23.593934921541056	23.69863967363306	26.337979142590605	0.0
196.0	26.36610462121107	23.68805781038972	23.639882485623982	26.305955082775235	0.0
197.0	26.301294332561042	23.66139057209054	23.652201033683834	26.385114061664588	0.0
198.0	26.29795268223133	23.684782124398502	23.722375690607738	26.29488950276243	0.0
199.0	26.23780297629656	23.69842719657815	23.74242559258599	26.321344234539296	0.0
200.0	26.220610799686998	23.63165999727098	23.842184554292224	26.3055446487498	0.0
201.0	26.253338197331672	23.773255992046806	23.672727171464295	26.300678639157226	0.0
202.0	26.242199269843304	23.820317960685156	23.669107020030577	26.268375749440963	0.0
203.0	26.296780014536303	23.81447002375376	23.713662729984044	26.17508723172589	0.0
204.0	26.24359163577935	23.86598756338746	23.68748625038638	26.20293455044681	0.0
205.0	26.314045352143268	23.699460597436374	23.80862208682237	26.177871963597987	0.0
206.0	26.27596769702033	23.79699248120301	23.70899470899471	26.218045112781958	0.0
207.0	26.362016151489836	23.719298245614034	23.771372876636036	26.147312726260097	0.0
208.0	26.355889724310778	23.685881370091895	23.690893901420218	26.267335004177113	0.0
209.0	26.29330630271875	23.715187176795258	23.799286547720826	26.19221997276517	0.0
210.0	26.202802012815408	23.736629731633897	23.719642772605884	26.340925482944815	0.0
211.0	26.154625883113013	23.775894669715036	23.76809737704644	26.301382070125506	0.0
212.0	26.22981406241733	23.85498149535365	23.747490246422295	26.16771419580673	0.0
213.0	26.320259763405886	23.721233319223828	23.660803796199346	26.29770312117094	0.0
214.0	26.302158754205003	23.73404326419676	23.69867667698888	26.26512130460935	0.0
215.0	26.292412056942986	23.639918016352173	23.778042640408138	26.289627286296703	0.0
216.0	26.14684136509837	23.691223770868433	23.895626505520823	26.26630835851237	0.0
217.0	26.42114203762236	23.757223018978266	23.732995446887315	26.088639496512066	0.0
218.0	26.322839360057927	23.641376237485904	23.642768626686532	26.39301577576964	0.0
219.0	26.26749541902677	23.594657666237808	23.71106172756994	26.42678518716548	0.0
220.0	26.365798370343143	23.60607528947852	23.694631489247943	26.333494850930393	0.0
221.0	26.351874439561783	23.68126451569784	23.659543183678924	26.307317861061446	0.0
222.0	26.297644342830406	23.649305333158818	23.659330591239595	26.393719732771174	0.0
223.0	26.301689543876066	23.658626921866603	23.734095257191072	26.30558827706626	0.0
224.0	26.232904751163353	23.692601596809723	23.741614242629304	26.33287940939762	0.0
225.0	26.21953766593983	23.63913325591563	23.836019282020434	26.305309796124103	0.0
226.0	26.25017056957707	23.780044612646932	23.66558894542052	26.304195872355475	0.0
227.0	26.242651584138837	23.83156358694593	23.66753831201562	26.258246516899614	0.0
228.0	26.288600939594698	23.823487639623384	23.73019652400088	26.157714896781037	0.0
229.0	26.23151234645257	23.86275345246748	23.70067754413227	26.205056656947683	0.0
230.0	26.307537643661355	23.701791467900893	23.810399035342016	26.180271853095732	0.0
231.0	26.273914617505362	23.804617226879053	23.702971399927595	26.218496755687987	0.0
232.0	26.364421175749815	23.720515748141136	23.767022194992897	26.148040881116152	0.0
233.0	26.353853951421108	23.676779378756063	23.694045437583195	26.27532123223963	0.0
234.0	26.29488839689767	23.72056755364329	23.795201693192418	26.18934235626662	0.0
235.0	26.200481780079926	23.734213347814585	23.708035701853323	26.357269170252167	0.0
236.0	26.132252809223445	23.780720442235125	23.778492557472465	26.308534191068965	0.0
237.0	26.226937911636522	23.853126697021594	23.74785914198588	26.172076249356003	0.0
238.0	26.322121409594466	23.71463899610674	23.668688488980234	26.294551105318565	0.0
239.0	26.2953865690845	23.748614522588156	23.697094257022073	26.258904651305272	0.0
240.0	26.298288072765956	23.633897663123243	23.7698046893494	26.298009574761398	0.0
241.0	26.133721011193085	23.69569516043235	23.899281737643467	26.2713020907311	0.0
242.0	26.41513112452931	23.768131280497315	23.744457565562264	26.07228002941111	0.0
243.0	26.32250337710808	23.628058545824224	23.654239837341766	26.395198239725932	0.0
244.0	26.258220317030574	23.580367612856143	23.744147245688946	26.417264824424336	0.0
245.0	26.361529548088065	23.607830466173453	23.715070416258133	26.315569569480346	0.0
246.0	26.344216311375177	23.679599778273598	23.67737137222459	26.298812538126636	0.0
247.0	26.289193947362556	23.67487130345642	23.67431417556214	26.361620573618882	0.0
248.0	26.302858097944178	23.669563763997996	23.731684216390885	26.295893921666945	0.0
249.0	26.239066243244746	23.706613181792857	23.748676806507326	26.305643768455067	0.0
