# Position (bp)	A	C	G	T	N
0.0	26.154950562102126	23.849112826764188	23.62887715020994	26.36705946092374	0.0
1.0	26.301774346471625	23.641879994582148	23.905729378301505	26.150616280644723	0.0
2.0	26.198964112343965	23.704056865464633	23.856297676837727	26.24068134535368	0.0
3.0	26.27926253799186	23.75811982944972	23.651390461536796	26.311227171021624	0.0
4.0	26.237674720988192	23.835735182576663	23.685393867157874	26.241196229277282	0.0
5.0	26.199253996158923	23.70824044402669	23.799256163199853	26.293249396614538	0.0
6.0	26.30096243184016	23.75551576649177	23.798585471694537	26.144936329973532	0.0
7.0	26.36406237725944	23.758238007654946	23.67535003914154	26.202349575944066	0.0
8.0	26.30608082301985	23.7273719652091	23.79536103278373	26.171186178987316	0.0
9.0	26.208353648626687	23.793813315997618	23.736930494609677	26.260902540766022	0.0
10.0	26.271253010024836	23.807434253473208	23.73375805494836	26.187554681553593	0.0
11.0	26.266847967409205	23.687646268527345	23.78461688480541	26.260888879258037	0.0
12.0	26.354879951460518	23.815766663777413	23.56440149085551	26.264951893906563	0.0
13.0	26.18504593915229	23.785971223021583	23.726922076796395	26.302060761029733	0.0
14.0	26.364288906645722	23.595216490377453	23.792136733615937	26.248357869360888	0.0
15.0	26.26650595230034	23.729024743692186	23.80540921218359	26.199060091823885	0.0
16.0	26.256213009737667	23.753944499370235	23.774801251405123	26.21504123948698	0.0
17.0	26.23075152024053	23.684331703617428	23.840080176605223	26.244836599536818	0.0
18.0	26.175494670693556	23.842517978791122	23.71629399894362	26.265693351571706	0.0
19.0	26.142719774638728	23.75773663610385	23.684602570526973	26.41494101873045	0.0
20.0	26.24673266790363	23.74690195972209	23.783468992510528	26.22289637986375	0.0
21.0	26.199060091823885	23.80432574454542	23.765591776480626	26.23102238715007	0.0
22.0	26.189850616899385	23.763424841204277	23.78563592778688	26.261088614109457	0.0
23.0	26.30253125126969	23.704104988014137	23.748527161179357	26.244836599536818	0.0
24.0	26.298739114536072	23.71087666075274	23.85335265517288	26.137031569538305	0.0
25.0	26.159784389940004	23.84387231333884	23.623928382789117	26.37241491393204	0.0
26.0	26.306052521093758	23.63638826062814	23.901296098162167	26.15626312011593	0.0
27.0	26.203393962376587	23.704375854923683	23.846851849343825	26.245378333355905	0.0
28.0	26.278965830139363	23.7666752441188	23.648035537738533	26.306323388003307	0.0
29.0	26.24294053117001	23.831954169318905	23.677830897788372	26.247274401722713	0.0
30.0	26.201768760919325	23.710605793843197	23.79565800344001	26.29196744179747	0.0
31.0	26.30253125126969	23.75502796700841	23.797283204897273	26.14515757682463	0.0
32.0	26.36347630591709	23.760987039018378	23.67214269268795	26.203393962376587	0.0
33.0	26.303614718907863	23.724690873139483	23.7894280645205	26.182266343432154	0.0
34.0	26.20556089765294	23.795387136530465	23.73471294879261	26.264339017023985	0.0
35.0	26.269756355214863	23.80649267982177	23.728212142963557	26.195538821999808	0.0
36.0	26.25939228464785	23.693206134577153	23.78475890201687	26.26264267875813	0.0
37.0	26.34850725650485	23.812387251954302	23.563461236341574	26.275644255199275	0.0
38.0	26.188967078924986	23.78448803584101	23.71920928745944	26.30733559777456	0.0
39.0	26.35872877430679	23.59860991855076	23.787132266304067	26.255529040838383	0.0
40.0	26.26555106219883	23.72862533079442	23.810426694331056	26.19539691267569	0.0
41.0	26.25065346287925	23.760587452970988	23.776026783174924	26.212732300974846	0.0
42.0	26.22762990029443	23.687995514468277	23.837513238548485	26.246861346688803	0.0
43.0	26.178061524376535	23.842388816507622	23.71535292412788	26.26419673498796	0.0
44.0	26.143390747778227	23.754628413243154	23.686099456373057	26.415881382605562	0.0
45.0	26.24334009594054	23.756253605896198	23.774401590521876	26.226004707641387	0.0
46.0	26.193771720022646	23.8036550582767	23.767088223583173	26.235484998117485	0.0
47.0	26.18835441117916	23.768442550794042	23.79038265161016	26.25282038641664	0.0
48.0	26.29480452995365	23.71535292412788	23.749752835284017	26.240089710634447	0.0
49.0	26.289116355667996	23.716978116780925	23.855119492289813	26.138786035261262	0.0
50.0	26.149078922063886	23.846180932698065	23.629217713516457	26.375522431721592	0.0
51.0	26.30076356968149	23.644927909162565	23.904958733649885	26.14934978750606	0.0
52.0	26.197563836213085	23.708581288073525	23.854036030521115	26.239818845192275	0.0
53.0	26.273947890906236	23.769255147120568	23.65278300698562	26.30401395498758	0.0
54.0	26.246590481246628	23.83534631501109	23.676619165896955	26.24144403784532	0.0
55.0	26.192146527369598	23.717519847665276	23.799321211201914	26.291012413763216	0.0
56.0	26.301305300565836	23.75869139487577	23.800675538412783	26.13932776614561	0.0
57.0	26.36116656328636	23.767359089025344	23.66551368276781	26.205960664920486	0.0
58.0	26.302930493218884	23.725916676372677	23.788757458957114	26.18239537145132	0.0
59.0	26.208398453900056	23.79038265161016	23.737293024943998	26.263925869545783	0.0
60.0	26.26175894600839	23.812864483310626	23.726187541814852	26.199189028866133	0.0
61.0	26.254916194459195	23.697953346262608	23.781108811770697	26.266021647507504	0.0
62.0	26.344572412971168	23.813341712081648	23.56468790968287	26.27739796526431	0.0
63.0	26.186658287918352	23.785984376523615	23.71772646998277	26.30963086557526	0.0
64.0	26.358315117731028	23.59468998263762	23.788086860659448	26.258908038971907	0.0
65.0	26.260804086795652	23.73472665761981	23.805693019022776	26.19877623656176	0.0
66.0	26.241301880608574	23.766959470623448	23.772105886145038	26.21963276262294	0.0
67.0	26.23046732161576	23.69193014959817	23.827091273033595	26.250511255752475	0.0
68.0	26.1781905744754	23.843613975497647	23.71414099553345	26.264054454493497	0.0
69.0	26.139186162101254	23.76425083087524	23.68380423035356	26.412758776669943	0.0
70.0	26.238051512910733	23.75802095945437	23.770751566270935	26.233175961363962	0.0
71.0	26.200130556435862	23.804880427098315	23.763709102925603	26.231279913540217	0.0
72.0	26.1887542694934	23.776168845767344	23.781586125263754	26.2534907594755	0.0
73.0	26.295745539547493	23.71847481913058	23.744748624688167	26.24103101663376	0.0
74.0	26.29276603582447	23.715495315407555	23.852823350641543	26.138915298126435	0.0
75.0	26.151645904942995	23.848760391019233	23.624485019867873	26.375108684169895	0.0
76.0	26.29764158737124	23.643445498105304	23.90157886610923	26.157334048414228	0.0
77.0	26.186316493720017	23.71305753963417	23.856344582314208	26.244281384331604	0.0
78.0	26.27651419733524	23.77508538986806	23.64723759375279	26.301162819043906	0.0
79.0	26.250240391777652	23.837925832026414	23.6737822632852	26.238051512910733	0.0
80.0	26.197151052712837	23.71766222720612	23.792691548231392	26.29249517184965	0.0
81.0	26.30685096251513	23.758291823429193	23.79621277990406	26.138644434151615	0.0
82.0	26.36021116555477	23.771293294220573	23.66646893596505	26.202026604259608	0.0
83.0	26.2984541792957	23.724975554526274	23.79567105195442	26.180899214223608	0.0
84.0	26.209339931579763	23.793504140155854	23.734997521594632	26.262158406669755	0.0
85.0	26.25565767127406	23.81977794571344	23.724975554526274	26.19958882848622	0.0
86.0	26.257211733795604	23.69213684010943	23.782334299412227	26.26831712668274	0.0
87.0	26.341721065034264	23.80914976028603	23.574853056691676	26.274276117988027	0.0
88.0	26.182453479238333	23.794252282022807	23.711909856713344	26.311384382025516	0.0
89.0	26.356818015607097	23.591311814209988	23.79500041983689	26.25686975034603	0.0
90.0	26.260932687958267	23.732160318100927	23.806376645151158	26.200530348789652	0.0
91.0	26.237909374822248	23.76791416908863	23.772247969208347	26.221928486880774	0.0
92.0	26.2308669496277	23.694781292068335	23.828316508257245	26.246035250046724	0.0
93.0	26.180215660728457	23.839963596078995	23.715908567651976	26.263912175540572	0.0
94.0	26.143107497203346	23.750849831117225	23.68936404191868	26.41667862976075	0.0
95.0	26.23818023732973	23.755996218759396	23.77116451917842	26.234659024732455	0.0
96.0	26.199176036252236	23.80177198252395	23.76358036896891	26.2354716122549	0.0
97.0	26.18617463589307	23.780373844432827	23.7838950570301	26.249556462643998	0.0
98.0	26.297769988975894	23.712929080069667	23.75139155613219	26.237909374822248	0.0
99.0	26.297499126468416	23.70994959248736	23.854048446468088	26.138502834576137	0.0
100.0	26.15854666012985	23.84348480867627	23.62896170275007	26.369006828443815	0.0
101.0	26.306166726707858	23.64196310310923	23.901720247785022	26.15014992239789	0.0
102.0	26.190237573505314	23.71455425511456	23.85242327142319	26.242784899956934	0.0
103.0	26.28016392598953	23.7714353816859	23.646296903228954	26.302103789095614	0.0
104.0	26.255786300316096	23.833733758406893	23.676362641559518	26.23411729971749	0.0
105.0	26.19836344872979	23.71753374269687	23.79120834473213	26.29289446384121	0.0
106.0	26.312125701872475	23.755725356251915	23.79852163243416	26.133627309441454	0.0
107.0	26.367110790891434	23.76249691893898	23.669591078872454	26.200801211297133	0.0
108.0	26.30372896414051	23.721325817801624	23.793375244791992	26.181569973265873	0.0
109.0	26.215427786701195	23.791479207239615	23.72701393045876	26.266079075600434	0.0
110.0	26.262016137988198	23.81829459548039	23.721325817801624	26.19836344872979	0.0
111.0	26.258965524713428	23.68957073826085	23.780309432490412	26.27115430453531	0.0
112.0	26.341578365728402	23.81443801599168	23.569037248911133	26.274946369368784	0.0
113.0	26.18772887819888	23.79899889488396	23.70907278597586	26.3041994409413	0.0
114.0	26.36615537130986	23.587391960302607	23.788370852101746	26.258081816285788	0.0
115.0	26.26268645396852	23.725531090784493	23.806789402832663	26.20499305241432	0.0
116.0	26.246705652599044	23.763180775366813	23.76480594160778	26.225307630426364	0.0
117.0	26.2339751837115	23.68950657244314	23.831708618527436	26.24480962531792	0.0
118.0	26.184136752321958	23.840647032852736	23.71442578813791	26.260790426687397	0.0
119.0	26.145403623578993	23.75586752728248	23.68923571140298	26.409493137735545	0.0
120.0	26.243184459076964	23.753158916880874	23.768868857210183	26.234787766831978	0.0
121.0	26.193075166647255	23.805976819712182	23.75586752728248	26.245080486358084	0.0
122.0	26.182782447121156	23.777807271535483	23.789454296262388	26.249955985080973	0.0
123.0	26.298710972309873	23.71821784270016	23.74638739087686	26.23668379411311	0.0
124.0	26.293022890466506	23.715780093338715	23.85229405757964	26.13890295861514	0.0
125.0	26.152987732703494	23.84335564325434	23.63289661504958	26.37076000899259	0.0
126.0	26.300606999590997	23.639126418973273	23.902945072089665	26.15732150934606	0.0
127.0	26.187458016425058	23.713677436130794	23.84612884352857	26.252735703915576	0.0
128.0	26.280705651004492	23.769268481626042	23.64981811582623	26.300207751543237	0.0
129.0	26.250981879249167	23.830277093095695	23.676155908881604	26.242585118773533	0.0
130.0	26.192746282402013	23.71380589940139	23.795877461469704	26.29757035672689	0.0
131.0	26.29892467293264	23.75606056502072	23.799398683604647	26.145616078441996	0.0
132.0	26.3645449891519	23.76425083087524	23.66863584776361	26.202568332209246	0.0
133.0	26.30278800289283	23.7173913632313	23.78646167681052	26.19335895706535	0.0
134.0	26.205276971957453	23.787815996684625	23.734184929670167	26.27272210168775	0.0
135.0	26.258366311022268	23.814631530191853	23.714682723483094	26.212319435302785	0.0
136.0	26.250040629706273	23.68738962263129	23.78381745885565	26.27875228880679	0.0
137.0	26.328591395169944	23.81090392970519	23.577418550982156	26.283086124142713	0.0
138.0	26.18015753491446	23.799798476656882	23.70905879931092	26.31098518911774	0.0
139.0	26.361508832945997	23.585672262761857	23.78665496524787	26.266163939044272	0.0
140.0	26.254787559658276	23.72002188598701	23.811845519602585	26.213345034752127	0.0
141.0	26.23752319297913	23.76369570811382	23.7691130463047	26.229668052602356	0.0
142.0	26.221812912225577	23.692457710903746	23.831683302409363	26.254046074461314	0.0
143.0	26.17793247287945	23.84387231333884	23.71656486585316	26.261630347928545	0.0
144.0	26.141365440091015	23.75150669718434	23.687040372712868	26.420087490011785	0.0
145.0	26.24375313189864	23.752048431003423	23.769654780123787	26.234543656974147	0.0
146.0	26.187683681623035	23.80324227690724	23.760716172108832	26.248357869360888	0.0
147.0	26.18280807725124	23.773446916857402	23.790782399068217	26.25296260682314	0.0
148.0	26.29034224034021	23.711960128390917	23.752590164822514	26.24510746644636	0.0
149.0	26.29034224034021	23.71629399894362	23.857686525725587	26.135677234990588	0.0
150.0	26.14542844373417	23.854165255901513	23.62826225334182	26.372144047022495	0.0
151.0	26.289529639611576	23.648306404648075	23.901837831981258	26.16032612375909	0.0
152.0	26.185587674438764	23.71202435641848	23.849895986824997	26.25249198231776	0.0
153.0	26.28208774510202	23.76653312855684	23.64545496406931	26.305924162271825	0.0
154.0	26.251279856547722	23.831064353083303	23.670438970480685	26.24721681988829	0.0
155.0	26.191417783098853	23.71919541039379	23.79530963048036	26.294077176027	0.0
156.0	26.29651499802266	23.754950132996733	23.800727012692928	26.147807856287685	0.0
157.0	26.361324120147028	23.76747449083241	23.672670045316522	26.198531343704033	0.0
158.0	26.30037840517253	23.720343137918796	23.788873208534568	26.190405248374105	0.0
159.0	26.206928308878304	23.788331468845904	23.73361576029102	26.271124461984773	0.0
160.0	26.25839357930121	23.817314542189333	23.71546748072084	26.208824397788614	0.0
161.0	26.25277642342489	23.687632049406794	23.789208516170973	26.270383010997346	0.0
162.0	26.327807573541364	23.813857738772416	23.58415948859635	26.27417519908988	0.0
163.0	26.186684002383657	23.80979468010185	23.701446448886724	26.302074868627766	0.0
164.0	26.364247056975227	23.589704695296035	23.782565591665808	26.26348265606293	0.0
165.0	26.256981726971812	23.721619381436597	23.80992366825759	26.211475223334002	0.0
166.0	26.240258737678673	23.767190263748823	23.769357245982278	26.223193752590223	0.0
167.0	26.221568515915127	23.692971122253013	23.834908458544277	26.250551903287583	0.0
168.0	26.178499744025224	23.841138532465457	23.714911817366737	26.265449906142578	0.0
169.0	26.14599501052341	23.752563133673007	23.685386684435922	26.416055171367663	0.0
170.0	26.24675968437904	23.745520441414282	23.77992128437037	26.22779858983631	0.0
171.0	26.187980291296586	23.802132852263277	23.767190263748823	26.24269659269131	0.0
172.0	26.184458945167222	23.776670811020185	23.791568813875188	26.2473014299374	0.0
173.0	26.300392494657032	23.71707879960019	23.746333059751827	26.236195645990946	0.0
174.0	26.29009932904813	23.719245781833646	23.85549478976209	26.135160099356135	0.0
175.0	26.14355715551077	23.85061907973682	23.637713075299924	26.368110689452486	0.0
176.0	26.288744965152215	23.64881885924638	23.905877126689905	26.156559048911497	0.0
177.0	26.190218215701993	23.70901683749756	23.852850672849808	26.247914273950634	0.0
178.0	26.27967765964651	23.765964650910814	23.65084309609264	26.303514593350037	0.0
179.0	26.247785597035545	23.82968464734786	23.67284803371852	26.249681721898078	0.0
180.0	26.194152350923954	23.71618803057637	23.792033025077604	26.297626593422073	0.0
181.0	26.292479968795202	23.753568777866263	23.804493274174238	26.149457979164296	0.0
182.0	26.362437122974864	23.759592386225428	23.679142299138885	26.198828191660823	0.0
183.0	26.29823957873409	23.723836791964743	23.793180974773346	26.18474265452782	0.0
184.0	26.213997231650204	23.789388714776	23.731150436245336	26.26546361732846	0.0
185.0	26.258149973047868	23.816747161899706	23.715981396255955	26.20912146879647	0.0
186.0	26.252532694787256	23.687874486689132	23.793245424896796	26.26634739362682	0.0
187.0	26.326481965046106	23.811935899797383	23.589004583229496	26.272577551927018	0.0
188.0	26.187522347306945	23.80462223570585	23.70358532066354	26.304270096323666	0.0
189.0	26.35967169596663	23.58615272096866	23.78768588996939	26.266489693095323	0.0
190.0	26.254571064821086	23.720237289053824	23.810710512771895	26.214481133353196	0.0
191.0	26.240285614447583	23.76553827650751	23.767434427051025	26.226741681993882	0.0
192.0	26.229992225782773	23.691046648012158	23.83054915228527	26.248411973919804	0.0
193.0	26.184755491387413	23.84355132744082	23.704590580465855	26.26710260070591	0.0
194.0	26.14466545132446	23.753619615948253	23.685087317732528	26.41662761499476	0.0
195.0	26.245703187429065	23.74928555756307	23.782332752750097	26.222678502257775	0.0
196.0	26.193694486806855	23.795876685203794	23.762016854069547	26.248411973919804	0.0
197.0	26.185026370036486	23.77989484490843	23.78883384032787	26.24624494472721	0.0
198.0	26.298524523998495	23.72436472184826	23.736825139705665	26.240285614447583	0.0
199.0	26.28145916910683	23.723822964550113	23.855199109351002	26.139518756992054	0.0
200.0	26.14195666483372	23.856553502596373	23.635516524951985	26.365973307617917	0.0
201.0	26.288502013982757	23.651227486598277	23.903415508886177	26.15685499053279	0.0
202.0	26.189160490616736	23.71413556971352	23.8474082260651	26.24929571360465	0.0
203.0	26.276996589619333	23.769459350375303	23.650813859310286	26.30273020069508	0.0
204.0	26.245645590330636	23.837243949876207	23.66983958436042	26.247270875432733	0.0
205.0	26.19444910961464	23.727808086335145	23.789568920214755	26.28817388383546	0.0
206.0	26.287903002985107	23.7589593841253	23.799862392528023	26.15327522036157	0.0
207.0	26.35867430552734	23.762816084948465	23.678030149120314	26.200479460403887	0.0
208.0	26.295829778012543	23.72408001841995	23.79261305920117	26.18747714436634	0.0
209.0	26.206167973670308	23.798030690883483	23.723538255251718	26.27226308019449	0.0
210.0	26.25573930356345	23.822951796622107	23.71189034713475	26.209418552679697	0.0
211.0	26.250663661678818	23.694076345472475	23.785905451235763	26.269354541612945	0.0
212.0	26.328136004594167	23.81678603547475	23.581931065867746	26.27314689406334	0.0
213.0	26.182130435253708	23.802158390308914	23.711954578452936	26.30375659598444	0.0
214.0	26.359159393437025	23.590185338686	23.778991337136542	26.271663930740434	0.0
215.0	26.25216029818887	23.71966778812554	23.810142972461954	26.218028941223636	0.0
216.0	26.23895806978527	23.765782409301092	23.770929215166284	26.22433030574736	0.0
217.0	26.22812268901645	23.692372704592305	23.821042851222096	26.258461755169154	0.0
218.0	26.18234320526816	23.837295922375333	23.70347896988035	26.276881902476156	0.0
219.0	26.14523202613494	23.752779952378503	23.682349977381143	26.41963804410542	0.0
220.0	26.248439027957993	23.740861033532795	23.780410173339003	26.230289765170212	0.0
221.0	26.193449470556207	23.799372089684447	23.757114104686032	26.250064335073315	0.0
222.0	26.187760895652573	23.77797221266602	23.787724055357963	26.246542836323446	0.0
223.0	26.300990624686786	23.71621054228372	23.735985112186825	26.246813720842667	0.0
224.0	26.2801325167068	23.72054469459125	23.854090762567008	26.14523202613494	0.0
225.0	26.142523180942735	23.856528723239993	23.634945186517538	26.366002909299734	0.0
226.0	26.29530204978316	23.652010911228434	23.896890516603868	26.155796522384545	0.0
227.0	26.19487485101311	23.70787734315744	23.84331996966085	26.2539278361686	0.0
228.0	26.27566983332385	23.76780736755707	23.645366901524817	26.31115589759426	0.0
229.0	26.25109031905038	23.837489638582937	23.662767703801624	26.24865233856506	0.0
230.0	26.199892728858647	23.730489383949422	23.776811013170512	26.292806874021423	0.0
231.0	26.28576381928605	23.75811982944972	23.79929461097958	26.15682174028465	0.0
232.0	26.359245524262036	23.763331048849135	23.679897712897223	26.19752571399161	0.0
233.0	26.29639963484371	23.72919922959608	23.794753993558295	26.17964714200191	0.0
234.0	26.205652337623285	23.800984405009252	23.722427043236348	26.270936214131112	0.0
235.0	26.25414119195898	23.819404751907726	23.707257345790545	26.21919671034275	0.0
236.0	26.25637941683191	23.691880939223527	23.779648712197556	26.272090931747012	0.0
237.0	26.32572679300892	23.817573058544355	23.578378788371314	26.278321360075413	0.0
238.0	26.181072500514684	23.809717301086803	23.703800019503948	26.30541017889456	0.0
239.0	26.350791268684613	23.595030800153864	23.783299110940153	26.270878820221373	0.0
240.0	26.245415192575454	23.72641228322055	23.810117186865103	26.218055337338885	0.0
241.0	26.229117397676266	23.774539682023693	23.76641283824601	26.229930082054032	0.0
242.0	26.225267104436213	23.694005591313957	23.81753462063585	26.263192683613983	0.0
243.0	26.17814379368261	23.844340900471366	23.706994636181395	26.270520669664627	0.0
244.0	26.143268524864617	23.75229926938091	23.68565770617572	26.418774499578753	0.0
245.0	26.241818733474926	23.748428763382602	23.778498981405228	26.231253521737248	0.0
246.0	26.190830947111206	23.802531878753726	23.758103447808786	26.248533726326283	0.0
247.0	26.184742002161833	23.780175601615685	23.785864638840952	26.249217757381526	0.0
248.0	26.299278299126588	23.71941440367569	23.736210745324115	26.245096551873605	0.0
249.0	26.275980147807807	23.73485620164279	23.853243319390565	26.13592033115884	0.0
