# Position (bp)	A	C	G	T	N
0.0	26.18923594184813	23.86800783306545	23.632625887557072	26.31013033752935	0.0
1.0	26.19870693137154	23.813688922563518	23.682487861812692	26.30511628425225	0.0
2.0	26.332106774670685	23.679174593801097	23.700901673820816	26.287816957707406	0.0
3.0	26.260842437173753	23.79765240692356	23.675648874949164	26.26585628095352	0.0
4.0	26.281837021191258	23.751866212090825	23.631258773982218	26.3350379927357	0.0
5.0	26.181775643668043	23.71405652915028	23.77700286322263	26.327164963959042	0.0
6.0	26.217399538775194	23.70545114247836	23.894842971892025	26.18230634685442	0.0
7.0	26.259618946295436	23.721024795506008	23.83131369114096	26.188042567057597	0.0
8.0	26.277620270368125	23.74577375747077	23.654147148435108	26.322458823726002	0.0
9.0	26.33718954867242	23.720737229651824	23.744130736282774	26.197942485392982	0.0
10.0	26.2027826358178	23.77382450902853	23.84038275166813	26.183010103485536	0.0
11.0	26.377672076728565	23.648227155762996	23.54268082120061	26.431419946307827	0.0
12.0	26.2233906272627	23.696683784295598	23.83035724231656	26.24956834612514	0.0
13.0	26.293290706352828	23.75321651758363	23.70670929364717	26.24678348241637	0.0
14.0	26.214479063394634	23.681924006639115	23.71617783025699	26.38741909970926	0.0
15.0	26.152376602689063	23.638758619153176	23.866838956901447	26.34202582125631	0.0
16.0	26.268783905715654	23.824230542157267	23.62539127335108	26.281594278775998	0.0
17.0	26.24204921411146	23.709215670985063	23.77382450902853	26.274910605874947	0.0
18.0	26.344810684965076	23.681924006639115	23.764912945160464	26.208352363235342	0.0
19.0	26.12786980205189	23.753495003954505	23.776609372737298	26.34202582125631	0.0
20.0	26.283822169743015	23.648505642133873	23.798609796036583	26.269062392086536	0.0
21.0	26.420558977843623	23.856256474808124	23.512325806775017	26.210858740573233	0.0
22.0	26.29718951554511	23.776887859108175	23.752381058471	26.17354156687572	0.0
23.0	26.308607456751066	23.699747134375244	23.75015316750398	26.241492241369706	0.0
24.0	26.16852881219993	23.81754686925622	23.764912945160464	26.249011373383386	0.0
25.0	26.19665593565851	23.871016252464607	23.619264573191785	26.313063238685096	0.0
26.0	26.203061122188682	23.82005324659411	23.679974602042975	26.29691102917423	0.0
27.0	26.350380412382616	23.68526584308964	23.682759465751747	26.281594278775998	0.0
28.0	26.26237871918548	23.790812177652025	23.671898497287543	26.274910605874947	0.0
29.0	26.285493087968277	23.754330463067138	23.62929008254336	26.33088636642123	0.0
30.0	26.1883013445322	23.708101725501553	23.783293045638345	26.3203038843279	0.0
31.0	26.22053274294387	23.687984738989375	23.901861676204796	26.189620841861956	0.0
32.0	26.261953960889596	23.718552101724935	23.827439666263793	26.192054271121677	0.0
33.0	26.272536384041707	23.753919673838578	23.656449986911213	26.317093955208502	0.0
34.0	26.34605637646692	23.708526648212406	23.74472967478543	26.200687300535247	0.0
35.0	26.204864572832136	23.757261491676086	23.843591785811753	26.19428214968002	0.0
36.0	26.37919607002222	23.647538472677855	23.540600301877546	26.43266515542238	0.0
37.0	26.22797881287491	23.691260589385273	23.811009061896034	26.26975153584378	0.0
38.0	26.30094183566054	23.747793007803146	23.705741800014483	26.245523356521836	0.0
39.0	26.211826693326945	23.68958968046652	23.715210283887426	26.38337334231911	0.0
40.0	26.142762458018414	23.644196654840343	23.863085723197226	26.34995516394401	0.0
41.0	26.25889062787187	23.822426939507526	23.63806998880491	26.280612443815688	0.0
42.0	26.23605487264889	23.705184830374897	23.778147853160526	26.280612443815688	0.0
43.0	26.345499406827333	23.68624786262901	23.75753997649588	26.210712754047776	0.0
44.0	26.110179734102694	23.764502096990693	23.773970580863637	26.351347588042977	0.0
45.0	26.27420729296046	23.65617150209142	23.79457845752828	26.275042747419835	0.0
46.0	26.413449702856695	23.85055390630657	23.519156970753524	26.21683942008321	0.0
47.0	26.292865775886558	23.782882095096998	23.746679068523974	26.17757306049247	0.0
48.0	26.309853349893896	23.699336649159257	23.74166634176771	26.249143659179136	0.0
49.0	26.186763059545626	23.80822421369811	23.75057785600107	26.254434870755194	0.0
50.0	26.208484875489436	23.859465420539927	23.618019081779853	26.31403062219079	0.0
51.0	26.20430760319255	23.80376845658143	23.685133923349838	26.30679001687618	0.0
52.0	26.345499406827333	23.68429846889046	23.667867864522705	26.3023342597595	0.0
53.0	26.267245172465646	23.797641790546	23.659513319928934	26.27559971705942	0.0
54.0	26.31681547038871	23.73721058465103	23.62915847457155	26.31681547038871	0.0
55.0	26.191497301482098	23.69098210456548	23.773692096043845	26.34382849790858	0.0
56.0	26.226234867873245	23.68423251189823	23.89504493340054	26.194487686827983	0.0
57.0	26.257908924831796	23.72482511250724	23.82842088847302	26.188845074187945	0.0
58.0	26.287706634585394	23.755458272067013	23.65966002762554	26.29717506572205	0.0
59.0	26.341732388718086	23.727888428463217	23.75044557322996	26.179933609588733	0.0
60.0	26.218921267210266	23.765483669741123	23.835661453459874	26.179933609588733	0.0
61.0	26.39213786035735	23.645457380920554	23.54269705476095	26.419707703961148	0.0
62.0	26.227275765272022	23.69864768524707	23.815332174842936	26.25874437463797	0.0
63.0	26.314441028383012	23.747939223811436	23.70143251793432	26.236187229871227	0.0
64.0	26.223098516241144	23.675812057211605	23.711179432339705	26.38990999420755	0.0
65.0	26.152085282716214	23.632647150559194	23.85877556476407	26.356492001960525	0.0
66.0	26.2623646571314	23.84819320055251	23.61760905404803	26.27183308826806	0.0
67.0	26.25233925945729	23.706445216771378	23.759078554560443	26.28213696921089	0.0
68.0	26.339504522568287	23.68193868912356	23.755458272067013	26.223098516241144	0.0
69.0	26.10836340952636	23.74933164015506	23.79305351334492	26.349251436973663	0.0
70.0	26.277124270373836	23.659381544356815	23.790825647195117	26.272668538074235	0.0
71.0	26.405226573987434	23.85794011495789	23.53517800650537	26.201655304549305	0.0
72.0	26.27823820344874	23.797787728913246	23.754344338992116	26.169629728645905	0.0
73.0	26.29745354899078	23.691964086797665	23.74821770708016	26.2623646571314	0.0
74.0	26.172414561333156	23.79333199661364	23.76214187051642	26.272111571536783	0.0
75.0	26.189402040725398	23.867965512632	23.640723165352227	26.30190928129038	0.0
76.0	26.204997103774	23.809484026199705	23.689736220647863	26.295782649378424	0.0
77.0	26.336998173149755	23.68305262219846	23.680267789511205	26.29968141514058	0.0
78.0	26.26041527425032	23.7994586285256	23.67191329144945	26.268212805774628	0.0
79.0	26.320010693757517	23.726774495388316	23.61900147039166	26.334213340462505	0.0
80.0	26.186895691306866	23.686672904691886	23.7741166510716	26.352314752929644	0.0
81.0	26.22219004202301	23.683265151536247	23.90187390869673	26.192670897744012	0.0
82.0	26.265003202539756	23.720515748141136	23.828566654599125	26.18591439471999	0.0
83.0	26.273636135787687	23.755604444568217	23.66649029491214	26.30426912473196	0.0
84.0	26.33852237600601	23.72079422985881	23.755047481132863	26.185635913002308	0.0
85.0	26.22991450611267	23.751705700520763	23.83525021582333	26.183129577543234	0.0
86.0	26.397560500153165	23.64309783062742	23.54451530257039	26.41482636664903	0.0
87.0	26.2274081706536	23.68626249686708	23.828566654599125	26.257762677880198	0.0
88.0	26.310952685956167	23.746414547884932	23.706034698822023	26.23659806733688	0.0
89.0	26.2274081706536	23.6793004539252	23.71132585145785	26.381965523963352	0.0
90.0	26.15305355203431	23.621933220084102	23.863655351026207	26.361357876855386	0.0
91.0	26.261661421927652	23.831908435211226	23.62750285443761	26.278927288423514	0.0
92.0	26.26639561112813	23.697123283856413	23.75699685315659	26.279484251858864	0.0
93.0	26.345484418947894	23.676237155030773	23.75643988972124	26.22183853630009	0.0
94.0	26.11629396530118	23.74947784677936	23.78568047007714	26.348547717842326	0.0
95.0	26.287003258236098	23.660363697123284	23.791250104430645	26.261382940209977	0.0
96.0	26.409813695730875	23.85307304575455	23.54089504024061	26.19621821827397	0.0
97.0	26.284496922777016	23.79375643988972	23.742515803837478	26.17923083349578	0.0
98.0	26.303155197861262	23.681249825948928	23.758946225180317	26.256648751009497	0.0
99.0	26.16530674761202	23.794591885042745	23.773148792781754	26.26695257456348	0.0
100.0	26.195939736556294	23.86978194881506	23.62833829959063	26.305940015038015	0.0
101.0	26.214876493358215	23.815756495586065	23.68459160656103	26.28477540449469	0.0
102.0	26.341864156618115	23.675680191595422	23.692946058091284	26.289509593695175	0.0
103.0	26.256370269291825	23.800440001113927	23.676794118466123	26.26639561112813	0.0
104.0	26.315686875156647	23.725249937341612	23.62889526302598	26.330167924475756	0.0
105.0	26.18897769361441	23.683199197972655	23.779832354005958	26.347990754406975	0.0
106.0	26.2326262702212	23.680348435354826	23.899512936832167	26.187512357591807	0.0
107.0	26.2623505953906	23.714814030944716	23.82425673643523	26.19857863722946	0.0
108.0	26.271818921056443	23.755472135274523	23.683902732447397	26.288806211221637	0.0
109.0	26.344502244550146	23.71954819377764	23.751016452608244	26.184933109063973	0.0
110.0	26.21974312989429	23.761598698940663	23.841800986933713	26.176857184231338	0.0
111.0	26.385717309213234	23.651042072783575	23.55357401445869	26.409666603544498	0.0
112.0	26.2473126663919	23.681953371280898	23.82063649426888	26.250097468058325	0.0
113.0	26.321388390718813	23.741548126942398	23.70868746727858	26.228376015060206	0.0
114.0	26.23199625722656	23.686966014280465	23.71314314994486	26.367894578548118	0.0
115.0	26.159034453566214	23.628763659452172	23.867421162264822	26.344780724716788	0.0
116.0	26.272375881389724	23.836231383600857	23.618738373453045	26.27265436155637	0.0
117.0	26.273211321889654	23.698105220946164	23.756864536107738	26.271818921056443	0.0
118.0	26.342274403217004	23.665244561282346	23.765497421273658	26.226983614226995	0.0
119.0	26.113085226070197	23.747674690608537	23.79891504127076	26.340325042050505	0.0
120.0	26.284629008722	23.652991433950074	23.800585922270614	26.261793635057312	0.0
121.0	26.426932373876333	23.840408586100498	23.544105688792843	26.188553351230325	0.0
122.0	26.282958127722146	23.78220623127221	23.758813897274237	26.176021743731408	0.0
123.0	26.300502378220624	23.685016653113966	23.767446782440153	26.247034186225253	0.0
124.0	26.166831898232207	23.808104886769964	23.77440878660622	26.250654428391613	0.0
125.0	26.187717910730395	23.873547725930962	23.631548461118598	26.30718590222004	0.0
126.0	26.213895046394796	23.8122820892696	23.686966014280465	26.28685685005514	0.0
127.0	26.332527597384512	23.666358481948915	23.69894066144609	26.302173259220478	0.0
128.0	26.26290755572388	23.79640871977098	23.669978724115268	26.27070500038987	0.0
129.0	26.32528711305181	23.722332995444066	23.62737125861896	26.325008632885165	0.0
130.0	26.19022423223018	23.686130573780538	23.774965746939504	26.348679447049783	0.0
131.0	26.23457563681629	23.676449702164632	23.89839901306354	26.190575647955534	0.0
132.0	26.272243727199307	23.72719930936534	23.82299702024562	26.17755994318973	0.0
133.0	26.280876660447245	23.75393355426216	23.67762956361915	26.28756022167145	0.0
134.0	26.34409201035952	23.71912333955276	23.76284496922777	26.173939680859952	0.0
135.0	26.223509426606146	23.77398423793478	23.847503411401043	26.155002924058035	0.0
136.0	26.40062379904759	23.65590798964048	23.53671781447548	26.406750396836447	0.0
137.0	26.250243671502965	23.676237155030773	23.828009691163775	26.245509482302488	0.0
138.0	26.32988944275808	23.75393355426216	23.705199253668997	26.21097774931076	0.0
139.0	26.24829429947924	23.676515636748448	23.705756217104348	26.369433846667967	0.0
140.0	26.167256119635745	23.615249658859895	23.86532624133226	26.352167980172105	0.0
141.0	26.267788019716505	23.838035033000082	23.621654738366427	26.272522208916982	0.0
142.0	26.287003258236098	23.69043972263221	23.74585758444958	26.276699434682115	0.0
143.0	26.347990754406975	23.665933331476786	23.77008549388733	26.215990420228913	0.0
144.0	26.124091453396087	23.739174023225377	23.78512350664179	26.351611016736754	0.0
145.0	26.27614247124676	23.652844690746054	23.809629897797212	26.261382940209977	0.0
146.0	26.42513019020301	23.848617338271744	23.539502631652233	26.186749839873013	0.0
147.0	26.275863989529086	23.78679439694784	23.76340193266312	26.173939680859952	0.0
148.0	26.307610905344063	23.685427051714054	23.75866774346264	26.24829429947924	0.0
149.0	26.164192820741317	23.80322481829068	23.77788298198223	26.25469937898577	0.0
150.0	26.196496699991645	23.873123729427164	23.628059817872956	26.302319752708236	0.0
151.0	26.224623353476844	23.798212147372524	23.68709794202011	26.290066557130526	0.0
152.0	26.33712996741764	23.67289537441867	23.7063131805397	26.283661477623994	0.0
153.0	26.269737391740232	23.790136177559944	23.672059929265643	26.268066501434177	0.0
154.0	26.32571221699295	23.725528419059287	23.62750285443761	26.32125650951015	0.0
155.0	26.20735748698098	23.6804143807959	23.773705756217105	26.33852237600601	0.0
156.0	26.23611416668291	23.67323978178112	23.91078534847907	26.1798607030569	0.0
157.0	26.287428151316668	23.71563516463931	23.818395490798913	26.17854119324511	0.0
158.0	26.291605400347546	23.75044557322996	23.675255090674153	26.28269393574834	0.0
159.0	26.35259323619837	23.711179432339705	23.759635521097895	26.176591810364037	0.0
160.0	26.238136612752307	23.770496368578176	23.833433587310076	26.157933431359442	0.0
161.0	26.39854297553803	23.64573586418928	23.55160851936016	26.404112640912537	0.0
162.0	26.25066835984494	23.69001470391659	23.83315510404135	26.22616183219712	0.0
163.0	26.333099407387607	23.74821770708016	23.69669830236599	26.22198458316624	0.0
164.0	26.235630263333782	23.682774138929734	23.71479971483313	26.366795882903354	0.0
165.0	26.17213607806443	23.611760905404804	23.879940293187186	26.33616272334358	0.0
166.0	26.28408635209197	23.833712070578798	23.613153321748428	26.269048255580806	0.0
167.0	26.27322550461168	23.68193868912356	23.762977320322594	26.281858485942166	0.0
168.0	26.35788441830415	23.663001826850245	23.772724234727978	26.20638952011763	0.0
169.0	26.136211736398877	23.729280844806844	23.78776233123914	26.34674508755514	0.0
170.0	26.285757251704318	23.64796373033908	23.8050282939001	26.261250724056502	0.0
171.0	26.425555852604376	23.837332353072227	23.542140088223498	26.194971706099896	0.0
172.0	26.2910484338101	23.777179967027582	23.76492670320367	26.16684489595865	0.0
173.0	26.329200641625448	23.67720447355523	23.748496190348884	26.245098694470435	0.0
174.0	26.17325001113933	23.809484026199705	23.77550906741523	26.241756895245732	0.0
175.0	26.19887047186205	23.868522479169453	23.622064786347636	26.310542262620864	0.0
176.0	26.227275765272022	23.78831929777659	23.696141335828543	26.288263601122846	0.0
177.0	26.32808670855055	23.68583745488571	23.707002183308827	26.279073653254915	0.0
178.0	26.267377355968453	23.77857238337121	23.679153856436304	26.274896404224034	0.0
179.0	26.33142850777525	23.725103595775966	23.61482422136078	26.328643675088	0.0
180.0	26.21140221895468	23.677482956823955	23.772724234727978	26.338390589493383	0.0
181.0	26.242108458395876	23.671422245862423	23.911475492011686	26.17499380373002	0.0
182.0	26.290359412508423	23.71910907136452	23.815743303832505	26.174788212294548	0.0
183.0	26.292865775886558	23.745843614064597	23.685690892989424	26.27559971705942	0.0
184.0	26.338815771152312	23.709362102671783	23.775084520142805	26.176737606033097	0.0
185.0	26.23605487264889	23.772578156764677	23.844705725090925	26.146661245495505	0.0
186.0	26.389500008354545	23.637791503985117	23.566777874938037	26.4059306127223	0.0
187.0	26.24496638688225	23.665083016324783	23.845541179550303	26.244409417242665	0.0
188.0	26.339651225611693	23.731362403435387	23.712982405329086	26.216003965623834	0.0
189.0	26.2430169931437	23.68875422600714	23.71827361690514	26.34995516394401	0.0
190.0	26.156129729368455	23.611613930924623	23.885086023960834	26.347170315746087	0.0
191.0	26.267245172465646	23.835237241217982	23.632221807589268	26.2652957787271	0.0
192.0	26.274764262600048	23.679285742134194	23.7678439148282	26.278106080437556	0.0
193.0	26.346334861286714	23.663690592225816	23.775919974602182	26.21405457188529	0.0
194.0	26.127445792929826	23.72467876776037	23.79346451824911	26.354410921060694	0.0
195.0	26.2728148688615	23.65366513871329	23.820199060949186	26.253320931476026	0.0
196.0	26.432386670602586	23.83384481711902	23.538372423319203	26.19539608895919	0.0
197.0	26.27615668669901	23.781489670998035	23.766173005909447	26.17618063639351	0.0
198.0	26.323103486688204	23.675504065946306	23.751810181575138	26.249582265790355	0.0
199.0	26.180795365935168	23.793583602539826	23.769911997326503	26.25570903419851	0.0
200.0	26.181073855408265	23.87156065500724	23.627603876573467	26.31976161301103	0.0
201.0	26.220062381641974	23.78857079202406	23.690542497493595	26.30082432884037	0.0
202.0	26.32923025509636	23.68330177119305	23.69917567115963	26.288292302550964	0.0
203.0	26.280216107831123	23.768519549961013	23.66854182911886	26.282722513089006	0.0
204.0	26.331736660354238	23.71922691322268	23.62036315027292	26.328673276150163	0.0
205.0	26.213100144814526	23.659630165979724	23.781051576250416	26.346218112955334	0.0
206.0	26.238310339257765	23.670901586841854	23.92572087401623	26.165067199884145	0.0
207.0	26.28879042656589	23.73140022892026	23.81160586726524	26.168203477248614	0.0
208.0	26.311626754150225	23.753958064704786	23.665676164165347	26.268739016979648	0.0
209.0	26.345324261927104	23.71803262252943	23.771781539892558	26.164861575650907	0.0
210.0	26.23532000100257	23.77122455629294	23.85365812903639	26.1397973136681	0.0
211.0	26.40395460558379	23.63378124347281	23.561094478869318	26.401169672074083	0.0
212.0	26.243542435424356	23.65773167165634	23.84822112372067	26.250504769198635	0.0
213.0	26.34158703988905	23.73123978266137	23.714251499007162	26.212921678442424	0.0
214.0	26.248290728017583	23.698098704712994	23.711188038020335	26.342422529249088	0.0
215.0	26.166412770733366	23.620398194228997	23.870209512881853	26.342979522155787	0.0
216.0	26.288394217299643	23.844030846267174	23.62011969777565	26.247455238657537	0.0
217.0	26.292644888183364	23.673378449884424	23.766675021583534	26.267301640348677	0.0
218.0	26.35252179240817	23.665023533015848	23.773915949536303	26.208538725039688	0.0
219.0	26.133344473222493	23.72601442615646	23.79090428050241	26.34973682011864	0.0
220.0	26.290973904809643	23.648592196507646	23.828501406411007	26.231932492271703	0.0
221.0	26.43447359699668	23.85196160069513	23.53920834157223	26.174356460735957	0.0
222.0	26.270159774305217	23.794869509759963	23.76701970930378	26.167951006631036	0.0
223.0	26.319116819749016	23.67447767262843	23.757470771390217	26.24893473623234	0.0
224.0	26.17791715172141	23.80648682971933	23.781700300223356	26.233895718335905	0.0
225.0	26.18460115967538	23.8928219324581	23.637158628218767	26.285418279647754	0.0
226.0	26.214122194805412	23.81066433469056	23.68784568853637	26.287367781967664	0.0
227.0	26.325243827040158	23.693137194833263	23.693694195496093	26.28792478263049	0.0
228.0	26.266480257111507	23.776965794589294	23.674199172297016	26.28235477600218	0.0
229.0	26.31939532008043	23.731570240568587	23.604852589774584	26.344181849576405	0.0
230.0	26.199918677903227	23.666401163017383	23.781143299560526	26.35253685951886	0.0
231.0	26.230142815765433	23.666532985762984	23.924425729117928	26.17889846935365	0.0
232.0	26.280624848564177	23.716450873523588	23.822838888997193	26.180085388915035	0.0
233.0	26.307082601103428	23.741794615429605	23.673282961485867	26.277839821981104	0.0
234.0	26.343287946683454	23.699462211366807	23.771037394551932	26.18621244739781	0.0
235.0	26.226595332852455	23.782177500884245	23.841220064445515	26.150007101817785	0.0
236.0	26.389797890620866	23.634014086664457	23.568844464620415	26.407343558094258	0.0
237.0	26.226595332852455	23.666598897686477	23.86155075850199	26.245255010959077	0.0
238.0	26.327970300476515	23.733718038338676	23.724805953272824	26.21350570791198	0.0
239.0	26.234950412601687	23.688043602376187	23.73900958884653	26.3379963961756	0.0
240.0	26.15560290206236	23.615323557672223	23.884641628719834	26.344431911545584	0.0
241.0	26.27282450061831	23.84415280578425	23.624681097581355	26.258341596016088	0.0
242.0	26.28383139798843	23.6814911579481	23.77201460630656	26.262662837756913	0.0
243.0	26.343834433581236	23.676499261859004	23.7787248266065	26.20094147795326	0.0
244.0	26.133014668605398	23.73077287338648	23.790383233332776	26.34582922467535	0.0
245.0	26.291143894992537	23.64812916453101	23.81805317228623	26.24267376819023	0.0
246.0	26.427483000019503	23.837858768535618	23.55705614102532	26.177602090419562	0.0
247.0	26.27158306450265	23.800012257564866	23.770482669474763	26.157922008457717	0.0
248.0	26.322534273480226	23.687077066229094	23.7486453582801	26.24174330201058	0.0
249.0	26.181010778629954	23.815228262353358	23.779568799083997	26.22419215993269	0.0
