# Position (bp)	A	C	G	T	N
0.0	26.28864072835906	23.654313962586244	23.84124048652109	26.215804822533606	0.0
1.0	26.174550110249662	23.719467956469163	23.818763781207767	26.287218152073404	0.0
2.0	26.25297310830649	23.668502691445415	23.96581352209489	26.1127106781532	0.0
3.0	26.28464457834753	23.775953205992636	23.70625152916944	26.23315068649039	0.0
4.0	26.123135220018433	23.810011493075706	23.70333071609827	26.36352257080759	0.0
5.0	26.36748696446198	23.703486668619984	23.82353024842194	26.105496118496095	0.0
6.0	26.24413666373678	23.704234687056427	23.769090510853395	26.282538138353402	0.0
7.0	26.125108798916845	23.95396596940546	23.671799889636656	26.24912534204104	0.0
8.0	26.289307818330755	23.821334304177665	23.723491398926004	26.165866478565576	0.0
9.0	26.23757448200344	23.83907620984371	23.647378375687936	26.275970932464908	0.0
10.0	26.311194031973194	23.68439763713464	23.71682019982537	26.287588131066787	0.0
11.0	26.22046773812808	23.75464652296456	23.84451959147571	26.18036614743165	0.0
12.0	26.42723267739266	23.695205158031552	23.75606856518784	26.12149359938795	0.0
13.0	26.244073639034486	23.846510450588298	23.65880087711564	26.250615033261564	0.0
14.0	26.187686287001434	23.770505790539463	23.811744897727014	26.230063024732086	0.0
15.0	26.222668426201906	23.7497440331278	23.79866214648131	26.228925394188984	0.0
16.0	26.223237241473456	23.84502059111283	23.788992286864918	26.142749880548795	0.0
17.0	26.283816067893788	23.714193078655775	23.733817205524335	26.2681736479261	0.0
18.0	26.143318695820344	23.790698732679573	23.847864667470592	26.218117904029487	0.0
19.0	26.20418192987645	23.79268958613001	23.75799185456531	26.245136629428227	0.0
20.0	26.24570544469978	23.798093331209756	23.77704716616232	26.179154057928145	0.0
21.0	26.256228527223495	23.660440035494073	23.836203954403768	26.247127482878664	0.0
22.0	26.130235944574643	23.732963982617004	23.703101180860504	26.43369889194785	0.0
23.0	26.18342017246479	23.833644285681782	23.755432185843325	26.2275033560101	0.0
24.0	26.328108779923156	23.70502461541087	23.688813426277484	26.278053178388493	0.0
25.0	26.295686401656386	23.64785884320367	23.839549044535264	26.216905710604678	0.0
26.0	26.167987736377622	23.72038258406355	23.82191582126737	26.289713858291453	0.0
27.0	26.2604199551206	23.670611389355788	23.95444940260346	26.11451925292015	0.0
28.0	26.288007417330046	23.77868598357835	23.702464953968754	26.230841645122847	0.0
29.0	26.131868069361136	23.812814802806525	23.695354783296217	26.359962344536118	0.0
30.0	26.372476244919785	23.700758513007347	23.80883310722991	26.117932134842963	0.0
31.0	26.242217918198907	23.696208003776924	23.77271344021342	26.28886063781075	0.0
32.0	26.114234846093247	23.956724657218672	23.675161898586214	26.25387859810187	0.0
33.0	26.291420299252866	23.822200228094275	23.721804618198057	26.16457485445481	0.0
34.0	26.231979272430454	23.83670497626625	23.644445961280855	26.286869790022436	0.0
35.0	26.307062674732446	23.683409696566358	23.707868683679884	26.301658945021316	0.0
36.0	26.220318592527498	23.759061912522146	23.843815146938788	26.17680434801157	0.0
37.0	26.438458628760923	23.6916574945465	23.750529707715103	26.11935416897747	0.0
38.0	26.239658256756794	23.85035650395752	23.65639104801072	26.253594191274964	0.0
39.0	26.17928955376696	23.778902761582437	23.807058957367538	26.23474872728307	0.0
40.0	26.225363328688033	23.75103097181536	23.799664400898724	26.22394129859788	0.0
41.0	26.219959614345438	23.843747333693578	23.791132220357785	26.1451608316032	0.0
42.0	26.269730667500923	23.717471061687665	23.73282898666136	26.279969284150052	0.0
43.0	26.14402320753107	23.7885725661955	23.84602258183783	26.2213816444356	0.0
44.0	26.204317283353717	23.79539831062825	23.755581468103866	26.244702937914166	0.0
45.0	26.23332669719291	23.805921333295412	23.781178009726688	26.179573959784992	0.0
46.0	26.25351952447314	23.660021046045333	23.8457381758198	26.240721253661725	0.0
47.0	26.123545974232815	23.740507949148203	23.704388384858223	26.43155769176076	0.0
48.0	26.17701430562271	23.835783965188703	23.768095332897243	26.219106396291348	0.0
49.0	26.32198651350498	23.70460537355202	23.69294475997622	26.28046335296677	0.0
50.0	26.28643586235925	23.656540893202997	23.836853795814125	26.220169448623622	0.0
51.0	26.17011413181044	23.725366953821126	23.8220647249375	26.282454189430933	0.0
52.0	26.25429807372352	23.66933912761546	23.963129708683745	26.113233089977278	0.0
53.0	26.291839561333408	23.772293813333484	23.70119251104203	26.234674114291078	0.0
54.0	26.12261846187975	23.822633535355834	23.69806405374121	26.356683949023214	0.0
55.0	26.371188614690666	23.705174183970353	23.808982085315876	26.114655116023105	0.0
56.0	26.240077813265227	23.696926432904544	23.772293813333484	26.290701940496742	0.0
57.0	26.113517495186443	23.962276493056248	23.669907938033795	26.25429807372352	0.0
58.0	26.288142293614246	23.82633080307499	23.715981581918655	26.169545321392107	0.0
59.0	26.229270415316925	23.836853795814125	23.638338959816387	26.295536829052562	0.0
60.0	26.30321576970004	23.68782546621124	23.708871451689507	26.300087312399214	0.0
61.0	26.21817861215946	23.764614872686007	23.84055106353328	26.17665545162125	0.0
62.0	26.4374550284263	23.70119251104203	23.75011020701855	26.11124225351312	0.0
63.0	26.236380545546073	23.855055729200735	23.66393542864131	26.244628296611882	0.0
64.0	26.181415878866478	23.77876750509084	23.80407949671797	26.23573711932471	0.0
65.0	26.22720498731556	23.75743717506797	23.794125342707304	26.221232494909163	0.0
66.0	26.21582881130337	23.84702456116401	23.790712489903644	26.146434137628976	0.0
67.0	26.266452794557637	23.725015073433216	23.732409587841143	26.276122544168	0.0
68.0	26.146718542029284	23.786730828299376	23.83536398075151	26.23118664891983	0.0
69.0	26.199902164886296	23.801235452714923	23.759143601469802	26.23971878092898	0.0
70.0	26.226351774114647	23.812327224326815	23.777629887489617	26.183691114068917	0.0
71.0	26.247113295336906	23.663583722967363	23.840483259956997	26.248819721738737	0.0
72.0	26.13136070441282	23.737244462646327	23.702262721408825	26.429132111532027	0.0
73.0	26.18340670966861	23.83763921595395	23.75971241027041	26.21924166410703	0.0
74.0	26.321552388563564	23.711011822657298	23.682002656329544	26.285433132449597	0.0
75.0	26.291405607870015	23.64929624331296	23.83614940289466	26.223148745922366	0.0
76.0	26.16939646713859	23.72181915913234	23.824773259236718	26.284011114492355	0.0
77.0	26.255855158938946	23.670626512671603	23.953608086162912	26.119910242226542	0.0
78.0	26.28059827139497	23.77528703432467	23.702764118505286	26.24135057577507	0.0
79.0	26.114790977580466	23.825626470011063	23.705323750828324	26.354258801580144	0.0
80.0	26.364497330872293	23.7004888897737	23.819938398182092	26.115075381171916	0.0
81.0	26.237368925494792	23.699635678999353	23.77301180559308	26.289983589912776	0.0
82.0	26.111378134483083	23.959011754400432	23.676314584500574	26.25329552661591	0.0
83.0	26.28713955399829	23.823066837688025	23.72608521300407	26.163708395309616	0.0
84.0	26.22030471000788	23.842406281906527	23.640479731978058	26.296809276107542	0.0
85.0	26.293112029418708	23.693947607170387	23.709589804700055	26.303350558710854	0.0
86.0	26.21091939149008	23.766186119398316	23.84780995014405	26.175084538967557	0.0
87.0	26.43559822873443	23.69508522153618	23.75196593982589	26.1173506099035	0.0
88.0	26.233387275214508	23.858048479436196	23.66721366957422	26.24135057577507	0.0
89.0	26.182688971428895	23.782329486311692	23.802806486658664	26.23217505560074	0.0
90.0	26.223074166557648	23.75673323587798	23.799393653267504	26.22079894429687	0.0
91.0	26.22278976377505	23.84632011239598	23.78631112526805	26.144578998560924	0.0
92.0	26.271138236816512	23.726017735357523	23.72914616596609	26.27369786185988	0.0
93.0	26.14514780412612	23.783751500224678	23.84774212630896	26.223358569340245	0.0
94.0	26.2091384302104	23.806219320049827	23.750760777443446	26.23388147229633	0.0
95.0	26.227055805514	23.805081708919438	23.77749463900755	26.19036784655901	0.0
96.0	26.24241355577423	23.664302331534014	23.85257697361311	26.24070713907865	0.0
97.0	26.122679984300966	23.74336630509593	23.703549915532374	26.430403795070728	0.0
98.0	26.181835763081107	23.84290727900482	23.760714874834335	26.21454208307974	0.0
99.0	26.318843052770784	23.704904512037313	23.682436756111088	26.29381567908081	0.0
100.0	26.29438448302831	23.64404248965488	23.83914224364717	26.222430783669637	0.0
101.0	26.170669624447196	23.71940901269855	23.82378453706469	26.28613682578957	0.0
102.0	26.25854983433585	23.674757902819845	23.95176542525205	26.11492683759225	0.0
103.0	26.288980845527064	23.768894956130996	23.700922884404818	26.24120131393712	0.0
104.0	26.114642435618503	23.82122491930094	23.703198100194818	26.36093454488574	0.0
105.0	26.366053780413235	23.704051306116064	23.82150932127469	26.108385592196008	0.0
106.0	26.243760931700866	23.703198100194818	23.767472946262245	26.28556802184207	0.0
107.0	26.117486455355998	23.948637003540803	23.67248268702985	26.261393854073344	0.0
108.0	26.287843237632067	23.824068939038437	23.722253032436043	26.16583479089345	0.0
109.0	26.222715185643388	23.840564253515918	23.64148287189113	26.295237688949562	0.0
110.0	26.300356924477057	23.684143167953586	23.70717972782731	26.308320179742044	0.0
111.0	26.214467528404644	23.768894956130996	23.84283946930592	26.173798046158442	0.0
112.0	26.447392744905653	23.69921647256232	23.74642720020477	26.106963582327264	0.0
113.0	26.24347652972712	23.860472391678396	23.65854699031611	26.237504088278374	0.0
114.0	26.19249408445577	23.77764379322898	23.810065526028396	26.21979659628686	0.0
115.0	26.24283309064434	23.75318529304696	23.800964688751368	26.20301692755734	0.0
116.0	26.22605342191482	23.85101929377503	23.78418502002184	26.138742264288318	0.0
117.0	26.276108026938477	23.726735984710594	23.727589188205314	26.26956680014561	0.0
118.0	26.15040271204951	23.782763014197307	23.84902848562068	26.21780578813251	0.0
119.0	26.214392974153622	23.804093101565343	23.74806607207863	26.233447852202403	0.0
120.0	26.225484619585004	23.809212322533675	23.772808973425555	26.19249408445577	0.0
121.0	26.240273480160177	23.66388332726611	23.855000910083728	26.24084228248999	0.0
122.0	26.11456816527121	23.743515653440117	23.705121496177647	26.436794685111032	0.0
123.0	26.177420822715693	23.84362486348744	23.762570531488898	26.21638378230797	0.0
124.0	26.310310993558296	23.712583365328555	23.68186795216359	26.295237688949562	0.0
125.0	26.297228502765808	23.63920765610113	23.83971104759467	26.223852793538388	0.0
126.0	26.170669624447196	23.719693414672296	23.82975697851343	26.279879982367078	0.0
127.0	26.25798103038835	23.67191388308235	23.9514810232783	26.118624063251	0.0
128.0	26.286421227763316	23.768894956130996	23.69722565874607	26.24745815735961	0.0
129.0	26.112367219828503	23.817812095615942	23.703482502168566	26.366338182386983	0.0
130.0	26.359796936990744	23.700354080457316	23.824637742985935	26.115211239566005	0.0
131.0	26.245182941569617	23.69608805085107	23.772023377842242	26.28670562973707	0.0
132.0	26.11777085732975	23.95176542525205	23.672198285056098	26.258265432362098	0.0
133.0	26.28471481592082	23.822931331143437	23.7185558067773	26.173798046158442	0.0
134.0	26.22413719551214	23.83373860614593	23.64318928373363	26.298934914608306	0.0
135.0	26.292393669212068	23.684427569927337	23.712298963354804	26.31087979750579	0.0
136.0	26.21276111656215	23.760362896918505	23.847674302859662	26.179201683659688	0.0
137.0	26.432319440296915	23.70917054164356	23.73817954296603	26.120330475093496	0.0
138.0	26.23921050012087	23.851655930492157	23.664235029791104	26.244898539595862	0.0
139.0	26.191505457689395	23.778347847355338	23.80678812561502	26.223358569340245	0.0
140.0	26.23245945838334	23.749907569095658	23.799962458832695	26.217670513688308	0.0
141.0	26.219376930383888	23.844044890135205	23.786595528050647	26.14998265143026	0.0
142.0	26.268009806207942	23.731136985444266	23.724311318661943	26.276541889685852	0.0
143.0	26.136046915083018	23.790292764224404	23.846888917961174	26.2267714027314	0.0
144.0	26.209991638558193	23.80138447274568	23.753889208052012	26.234734680644117	0.0
145.0	26.223927374905436	23.80422850057165	23.784320305789873	26.187523818733045	0.0
146.0	26.238147514035276	23.663449123186222	23.85883383483024	26.23956952794826	0.0
147.0	26.11244148412748	23.748485555182672	23.69416462370668	26.44490833698317	0.0
148.0	26.172166068472812	23.846604515178576	23.771522180573015	26.209707235775593	0.0
149.0	26.3047725766681	23.709305401108605	23.685415499426927	26.30050652279637	0.0
150.0	26.293965240193053	23.639342117612262	23.839562245992045	26.227130396202643	0.0
151.0	26.162286377352373	23.722956773498137	23.824773259236718	26.289983589912776	0.0
152.0	26.256423966121844	23.668351283940016	23.958442947217538	26.116781802720606	0.0
153.0	26.283726710900908	23.768745751721355	23.702764118505286	26.244763418872452	0.0
154.0	26.104552448288317	23.823066837688025	23.701626504139494	26.37075420988416	0.0
155.0	26.357671644677527	23.701626504139494	23.824773259236718	26.115928591946258	0.0
156.0	26.239359750634932	23.699635678999353	23.773580612775977	26.287423957589734	0.0
157.0	26.11820382067785	23.953039278980015	23.67318614499464	26.255570755347495	0.0
158.0	26.283157903718006	23.82619527719396	23.714993472937575	26.175653346150458	0.0
159.0	26.22997443211713	23.835011788528863	23.645314593032683	26.289699186321325	0.0
160.0	26.288561571955533	23.68086504196375	23.711296226248745	26.319277159831973	0.0
161.0	26.21802948127629	23.760782451160793	23.84013105317494	26.181057014387974	0.0
162.0	26.435313825142988	23.702479714913842	23.74343383208243	26.118772627860743	0.0
163.0	26.24305699732376	23.847241142961153	23.66721366957422	26.242488190140868	0.0
164.0	26.186535158071965	23.78274916669511	23.80749234952163	26.2232233257113	0.0
165.0	26.24057199412989	23.75487753546523	23.800382239514008	26.20416823089087	0.0
166.0	26.22521415651343	23.843611708360353	23.783886784296328	26.147287350829888	0.0
167.0	26.273278500164952	23.73411601424297	23.72643709543474	26.266168390157336	0.0
168.0	26.142452476024708	23.789859276702728	23.851290627168584	26.216397620103976	0.0
169.0	26.221232494909163	23.80208866591584	23.754593131064926	26.222085708110075	0.0
170.0	26.23147105332014	23.803510687917363	23.784171188696632	26.180847070065866	0.0
171.0	26.23858116332776	23.669556215373763	23.859538354777428	26.23232426652105	0.0
172.0	26.119131315199706	23.75260230026279	23.693446184999374	26.434820199538127	0.0
173.0	26.175443386460074	23.84446492156127	23.765684902676814	26.21440678930184	0.0
174.0	26.305206606164198	23.704320968342856	23.690669518302897	26.29980290719005	0.0
175.0	26.29695885509839	23.636632528561393	23.844532736461602	26.221875879878613	0.0
176.0	26.168692105764606	23.71911003921948	23.82547758744749	26.28672026756842	0.0
177.0	26.253729263305186	23.672183179707122	23.961707682637915	26.112379874349777	0.0
178.0	26.288426698823415	23.768027735196	23.701761321460364	26.241784244520222	0.0
179.0	26.112664279558945	23.809835300943373	23.705174183970353	26.372326235527332	0.0
180.0	26.356683949023214	23.70261453708786	23.826615208284156	26.114086305604772	0.0
181.0	26.23922459763773	23.7014769162512	23.778266322725965	26.281032163385103	0.0
182.0	26.118636788951427	23.957157199291263	23.66877031719713	26.25543569456018	0.0
183.0	26.281885379012603	23.823771156192496	23.72110087568364	26.17324258911126	0.0
184.0	26.226141958016104	23.836853795814125	23.651990409856346	26.285013836313425	0.0
185.0	26.282454189430933	23.690385113093733	23.70631180480702	26.32084889266832	0.0
186.0	26.220453853832787	23.76319284664018	23.840266658324115	26.17608664120292	0.0
187.0	26.431482519033818	23.704320968342856	23.735605541351095	26.12859097127223	0.0
188.0	26.246903538285203	23.84737678855326	23.659100540085493	26.246619133076045	0.0
189.0	26.182418019965304	23.775205483348028	23.813031483746197	26.229345012940474	0.0
190.0	26.241574471715822	23.760131964392368	23.79226984442991	26.206023719461903	0.0
191.0	26.22422570461591	23.840334461477205	23.786012912033218	26.149426921873665	0.0
192.0	26.28366656238446	23.731975768607263	23.719746309831915	26.26461135917636	0.0
193.0	26.149142515855633	23.789141378231562	23.84516936378374	26.216546742129065	0.0
194.0	26.220528426381502	23.802792867097068	23.751599783851425	26.225078922670004	0.0
195.0	26.2350331333011	23.805352521259348	23.779187167600465	26.180427177839082	0.0
196.0	26.252950712437073	23.662011888171552	23.846875799891926	26.238161599499442	0.0
197.0	26.107619237223062	23.75671909217599	23.698131452461535	26.437530218139415	0.0
198.0	26.17360143340633	23.844600551747675	23.76468246068087	26.217115554165126	0.0
199.0	26.293979960694973	23.711850379256504	23.68397851022016	26.31019114982836	0.0
200.0	26.293126740214273	23.642455113492545	23.836136162612448	26.228281983680734	0.0
201.0	26.162868413493396	23.721804618198057	23.825897516843995	26.289429451464553	0.0
202.0	26.252456563967364	23.6726022371441	23.960421945968392	26.11451925292015	0.0
203.0	26.28886063781075	23.774419881174826	23.696208003776924	26.2405114772375	0.0
204.0	26.11309721878564	23.80627344578779	23.70758427685298	26.373045058573584	0.0
205.0	26.34943929194076	23.701042919834247	23.82362226222878	26.125895525996206	0.0
206.0	26.22885079733454	23.708721904160587	23.779254797232152	26.283172501272723	0.0
207.0	26.10911552320902	23.959284318660785	23.673171050797905	26.258429107332294	0.0
208.0	26.27549351694638	23.823906669055685	23.72663953425538	26.173960279742552	0.0
209.0	26.20951113310524	23.839833451362168	23.65582223435691	26.29483318117568	0.0
210.0	26.273502669158074	23.69421715598861	23.707868683679884	26.324411491173432	0.0
211.0	26.221740626662005	23.759061912522146	23.837842603573854	26.181354857241995	0.0
212.0	26.434476933184303	23.700189699353544	23.73830021415834	26.127033153303813	0.0
213.0	26.23852062944919	23.838411417227658	23.668051727913678	26.255016225409474	0.0
214.0	26.179438465563926	23.78046005779163	23.804919114468383	26.235182362176058	0.0
215.0	26.246843075242882	23.754578962935994	23.79126754795113	26.207310413869994	0.0
216.0	26.218117904029487	23.843882960569726	23.79553366248777	26.142465472913017	0.0
217.0	26.273861800641622	23.731826352073902	23.715046301563103	26.27926554572137	0.0
218.0	26.149006848535873	23.784726172328273	23.8381948078542	26.228072171281653	0.0
219.0	26.23034743236786	23.79553366248777	23.745762326226934	26.228356578917435	0.0
220.0	26.23432913926873	23.806341152647267	23.76794612181748	26.191383586266525	0.0
221.0	26.254522081408844	23.656458328593207	23.844736183477053	26.244283406520896	0.0
222.0	26.12028167732247	23.755432185843325	23.6911560601579	26.4331300766763	0.0
223.0	26.185695433550997	23.841892107119293	23.75514777820755	26.21726468112216	0.0
224.0	26.29612038440645	23.708856763375017	23.682122369577396	26.312900482641133	0.0
225.0	26.283890821286267	23.648562173108044	23.832574436800176	26.234972568805514	0.0
226.0	26.167283358977496	23.72449922783107	23.816931972344126	26.29128544084731	0.0
227.0	26.254881159931397	23.66989280645721	23.95287920888947	26.12234682472192	0.0
228.0	26.283890821286267	23.77199543808855	23.69975569314604	26.244358047479142	0.0
229.0	26.10897962782311	23.81778519767809	23.70174655225863	26.371488622240168	0.0
230.0	26.361818735121883	23.699186876256732	23.8132346625636	26.125759726057783	0.0
231.0	26.230990850580337	23.70572827048381	23.7825185505408	26.280762328395053	0.0
232.0	26.11210812071432	23.960842645339824	23.675580975350318	26.251468258595533	0.0
233.0	26.285312863509542	23.820060465235336	23.72336159405245	26.171265077202673	0.0
234.0	26.213357527011695	23.83940023947191	23.655387975779778	26.29185425773662	0.0
235.0	26.271092441276767	23.69406752425293	23.70942558026433	26.325414454205976	0.0
236.0	26.215348386124283	23.76232555097026	23.83684056347001	26.18548549943545	0.0
237.0	26.429223536505248	23.700040101590698	23.741563734510404	26.129172627393654	0.0
238.0	26.245780089702425	23.833996479023455	23.664773454453407	26.25544997682071	0.0
239.0	26.17276155697002	23.777182414407037	23.800219563943735	26.249836464679216	0.0
240.0	26.237019718934786	23.76283807037154	23.791849051881307	26.208293158812367	0.0
241.0	26.217254031913985	23.852717808686748	23.787296982108828	26.14273117729044	0.0
242.0	26.26870596400604	23.734565179671122	23.712093844845388	26.284635011477448	0.0
243.0	26.138493879768674	23.794230512119565	23.84372715402843	26.22354845408333	0.0
244.0	26.230445580466487	23.80042046091392	23.74267109316993	26.226462865449662	0.0
245.0	26.22810436504437	23.814428003652946	23.772322381129854	26.18514525017283	0.0
246.0	26.253570656317926	23.662497581627196	23.83804299582333	26.245888766231552	0.0
247.0	26.1211738395616	23.759325332468375	23.691039145056934	26.428461682913092	0.0
248.0	26.184006487317014	23.84885689490831	23.7484172938214	26.218719323953284	0.0
249.0	26.29106511805243	23.71547912386827	23.683611511037007	26.309844247042285	0.0
