# Position (bp)	A	C	G	T	N
0.0	26.003014180348455	24.080047039481194	23.945893179275227	25.97104560089512	0.0
1.0	25.914815153106662	24.027241796634165	24.135421186034296	25.922521864224873	0.0
2.0	25.84144907349264	24.026682041855526	24.20850126160275	25.92336762304908	0.0
3.0	25.999988582976073	24.06223419741176	24.00629078018233	25.931486439429836	0.0
4.0	26.004892097008515	23.87451799715151	24.155656594198554	25.96493331164142	0.0
5.0	26.05768270232472	23.940176672898264	23.949024588643272	26.053116036133744	0.0
6.0	25.969837428075625	24.046145766736686	24.01846059000822	25.96555621517947	0.0
7.0	25.977584273030065	24.07050650866633	23.920668761541076	26.031240456762532	0.0
8.0	25.871457518764807	24.015810953508947	24.028368389508834	26.084363138217416	0.0
9.0	26.053590641472386	23.99506845092852	24.01732891548729	25.934011992111806	0.0
10.0	25.83682217332614	23.961838226270892	24.03090156191585	26.170438038487116	0.0
11.0	25.994925842529888	24.142201978864335	23.871085578605207	25.991786600000573	0.0
12.0	26.073332496204383	24.06165454732252	24.138708462232167	25.72630449424093	0.0
13.0	26.107293295738632	24.061939932192555	23.960342918459833	25.870423853608976	0.0
14.0	26.022819374208055	23.999155260784693	23.9880252508533	25.99000011415395	0.0
15.0	25.98343626214313	24.1070307416582	23.948927523658405	25.960605472540266	0.0
16.0	26.02710014725859	24.04881222817091	23.90925902672344	26.014828597847057	0.0
17.0	26.012830903756807	24.02883528726841	24.017419892466982	25.940913916507803	0.0
18.0	25.95432700539948	23.992306023903836	24.061083777582446	25.992283193114236	0.0
19.0	26.00255704843552	24.036540678759373	23.883859773290258	26.077042499514846	0.0
20.0	25.9529000810493	24.06964532368352	24.034542984669123	25.942911610598053	0.0
21.0	25.87613155100969	24.073069942123947	24.12500998847045	25.92578851839591	0.0
22.0	25.861006152897797	24.059371468362233	24.106459971918127	25.973162406821842	0.0
23.0	25.89639387678223	23.9960160272143	24.085912261275556	26.021677834727914	0.0
24.0	26.02652937751852	24.020559126037373	24.055946849921806	25.896964646522303	0.0
25.0	25.976301640392236	24.099896119907307	23.96062830332987	25.963173936370588	0.0
26.0	25.905526192623373	24.05023915252109	24.12900537665095	25.91522927820459	0.0
27.0	25.84159998173537	24.046243764340588	24.196356205979384	25.91580004794466	0.0
28.0	25.980867798312808	24.08477072179541	24.013139119416447	25.921222360475337	0.0
29.0	25.986290110843484	23.910685951073617	24.144701544502915	25.95832239357998	0.0
30.0	26.04565016381091	23.94350521112773	23.95748906975948	26.053355555301884	0.0
31.0	25.967169324551087	24.04338991564023	24.025125283957944	25.96431547585073	0.0
32.0	25.971164712731593	24.069930708553557	23.918962112304655	26.0399424664102	0.0
33.0	25.881839248410405	24.02027374116734	24.00999988584605	26.087887124576202	0.0
34.0	26.057276579957477	23.98767140879839	24.02020519113597	25.93484682010816	0.0
35.0	25.837816241206603	23.955708394571996	24.02990824902613	26.176567115195276	0.0
36.0	25.99620439206062	24.147486479930365	23.87694239522838	25.97936673278064	0.0
37.0	26.065763714091656	24.072647157868303	24.12858227313459	25.733006854905454	0.0
38.0	26.10571736785329	24.055809546640184	23.978185305046146	25.86028778046038	0.0
39.0	26.007545532896124	24.006438245920446	23.999589048132737	25.986427173050693	0.0
40.0	25.969304178581414	24.112315428388783	23.95820847816533	25.96017191486447	0.0
41.0	26.014394730683836	24.03554733651821	23.93880241776682	26.011255515031134	0.0
42.0	26.01296781447806	24.026985839283572	24.03554733651821	25.924499009720154	0.0
43.0	25.949041968459447	23.993310616827337	24.06380027739251	25.993847137320707	0.0
44.0	25.980434124986445	24.037830402447447	23.893426482423248	26.08830899014286	0.0
45.0	25.945046603083284	24.090340918819884	24.0286981387305	25.935914339366335	0.0
46.0	25.87227387658887	24.093765517713738	24.12344537479381	25.91051523090358	0.0
47.0	25.850584750261124	24.067224876286364	24.118023093211875	25.964167280240634	0.0
48.0	25.89339223643431	24.002157497303127	24.07635714000331	26.028093126259254	0.0
49.0	26.02923465922387	24.025273539836647	24.071505624903683	25.873986176035796	0.0
50.0	25.9681626456168	24.10889082949493	23.965628442435346	25.957318082452925	0.0
51.0	25.89995605098086	24.06380027739251	24.133148404993065	25.903095266633564	0.0
52.0	25.839169420614944	24.050958031540556	24.21191417955172	25.897958368292777	0.0
53.0	25.978436442298364	24.09205321826681	24.025273539836647	25.90423679959818	0.0
54.0	26.0026940177965	23.89799261428172	24.148273716774256	25.95103965114753	0.0
55.0	26.04692842017545	23.92938477080872	23.95849386140648	26.065192947609344	0.0
56.0	25.96302574727602	24.042111151064766	24.022705090666253	25.972158010992963	0.0
57.0	25.974155693681045	24.06380027739251	23.928528621085256	26.03351540784119	0.0
58.0	25.87141772686541	24.040969618100146	24.014714359913928	26.072898295120517	0.0
59.0	26.050849440793133	23.98724911317411	24.028914947475364	25.93298649855739	0.0
60.0	25.83196111949818	23.950434780127107	24.028914947475364	26.188689152899343	0.0
61.0	25.982928423233552	24.140499476323246	23.88822141110195	25.98835068934125	0.0
62.0	26.053058149357323	24.070226707152806	24.13529371475537	25.7414214287345	0.0
63.0	26.080169402525055	24.054816100089038	23.99773977763065	25.867274719755258	0.0
64.0	25.98570808885642	24.009155042122327	24.013721147919	25.991415721102257	0.0
65.0	25.959452980525562	24.100762539668043	23.969486998013746	25.970297481792652	0.0
66.0	25.97828816693683	24.059667587498	23.942090363233717	26.019953882331453	0.0
67.0	25.980285838222873	24.029702518207348	24.0562430081505	25.933768635419284	0.0
68.0	25.952033058605966	23.988322184425012	24.065945982968426	25.993698774000595	0.0
69.0	25.99426953722518	24.02313874112463	23.891863199470333	26.090728522179855	0.0
70.0	25.94832309764617	24.079929681970732	24.03912011141298	25.932627108970113	0.0
71.0	25.867274719755258	24.08535193260428	24.12930070089724	25.918072646743223	0.0
72.0	25.85814250816191	24.069085180703638	24.09990639483117	25.972865916303277	0.0
73.0	25.889249103901733	24.005159699550237	24.08278349809365	26.022807698454375	0.0
74.0	26.03564987100751	24.035980913677772	24.0705120887651	25.85785712654962	0.0
75.0	25.968014428894314	24.11617314673181	23.959213259971236	25.95659916440264	0.0
76.0	25.902376658067165	24.042830072372777	24.15412890116664	25.900664368393418	0.0
77.0	25.84472957238419	24.054816100089038	24.230896554873176	25.86955777265359	0.0
78.0	25.981427364672037	24.09134494646241	24.027704846921303	25.89952284194425	0.0
79.0	25.999977169471016	23.914408346841395	24.161548823086232	25.924065660601357	0.0
80.0	26.057624255153993	23.93067509874204	23.962923220931028	26.048777425172943	0.0
81.0	25.974578205977032	24.03883472980069	24.020570306614005	25.966016757608273	0.0
82.0	25.963448323097648	24.065945982968426	23.936668112600167	26.03393758133376	0.0
83.0	25.871840825551928	24.039690874637564	24.02570717563526	26.06276112417525	0.0
84.0	26.051271514144897	23.99281981912565	24.029919322848443	25.925989343881007	0.0
85.0	25.849507290052482	23.956576457796462	24.006803478221165	26.187112773929893	0.0
86.0	25.986775453826816	24.146640069176307	23.860403128915067	26.006181348081814	0.0
87.0	26.08230358722639	24.082075283239636	24.118033161154077	25.717587968379895	0.0
88.0	26.074027567706402	24.06152792443138	24.00416654775834	25.86027796010388	0.0
89.0	25.96900773379755	24.011871807311437	24.018720926914185	26.000399531976825	0.0
90.0	25.940755115436204	24.110898661567877	23.986472988784566	25.961873234211353	0.0
91.0	25.96643931394652	24.07265774378585	23.963071830141832	25.997831112125798	0.0
92.0	25.98327673296995	24.032989926086586	24.057247224679664	25.926486116263803	0.0
93.0	25.942182015353442	24.002168887874202	24.07037470391827	25.985274392854084	0.0
94.0	25.98755743272167	24.037270625838303	23.90085899375018	26.074312947689847	0.0
95.0	25.934762135783796	24.087212122941697	24.05610570474587	25.92192003652864	0.0
96.0	25.871693159441794	24.076082303587228	24.13429982021061	25.917924716760364	0.0
97.0	25.853714220484576	24.068947804001027	24.1080448617334	25.969293113781	0.0
98.0	25.88339373876316	24.003310407807994	24.087212122941697	26.026083730487144	0.0
99.0	26.02094689078508	24.019291686881083	24.08264604320653	25.877115379127307	0.0
100.0	25.981279073085812	24.112610941468564	23.94823207100254	25.957877914443078	0.0
101.0	25.899945777803147	24.047829685225878	24.150566479267145	25.90165805770383	0.0
102.0	25.84715048086527	24.043834365457606	24.231899774549813	25.877115379127307	0.0
103.0	25.971290773665135	24.099768842213408	24.03042150623555	25.898518877885905	0.0
104.0	25.99212351245684	23.921977112525326	24.165976998373335	25.9199223766445	0.0
105.0	26.052338688964355	23.925401672326704	23.959647270340458	26.06261236836848	0.0
106.0	25.97500071344996	24.041836705573473	24.026996946434174	25.956165634542394	0.0
107.0	25.95844867440998	24.052681144944493	23.934819211780486	26.054050968865045	0.0
108.0	25.88082531891213	24.0378413858052	24.026140806483834	26.055192488798834	0.0
109.0	26.066533299468336	23.98412150303501	24.020364657502192	25.928980539994463	0.0
110.0	25.840512997594256	23.9424561443562	24.03120906592544	26.185821792124102	0.0
111.0	25.98320258211072	24.14250694184829	23.871396731266998	26.002893744773992	0.0
112.0	26.082154720728738	24.077942536214515	24.120749289407897	25.719153453648847	0.0
113.0	26.075591018572425	24.059392943164045	24.004885677431137	25.86013036083239	0.0
114.0	25.96885951394359	24.026574432382453	24.020010730226137	25.98455532344783	0.0
115.0	25.937753273289726	24.11133180370535	23.998036596920198	25.952878326084722	0.0
116.0	25.974281702681417	24.066812780384232	23.97606246361426	25.982843053320092	0.0
117.0	25.986267593575562	24.03627729643962	24.051116970879992	25.926338139104825	0.0
118.0	25.939465543417462	23.997751218565575	24.07080807734895	25.991975160668012	0.0
119.0	25.984269945093203	24.02058148693538	23.91813065762588	26.077017910345536	0.0
120.0	25.939750921772088	24.08764540027168	24.056253781263198	25.916349896693035	0.0
121.0	25.866123306279466	24.081652454824606	24.141867287649966	25.910356951245962	0.0
122.0	25.85527892880381	24.064815131901877	24.108763398513748	25.97114254078057	0.0
123.0	25.876396927045874	24.002317272239534	24.097348264328847	26.023937536385738	0.0
124.0	26.019656861066405	24.01858383845302	24.079654806342248	25.882104494138332	0.0
125.0	25.97399632432679	24.12103466776252	23.956085978790682	25.948883029120008	0.0
126.0	25.89665879022408	24.057966051390935	24.1410111525861	25.904364005798886	0.0
127.0	25.849571361711355	24.04084335011358	24.240608198349374	25.86897708982569	0.0
128.0	25.98369918838396	24.087360021917057	24.043411755305183	25.8855290343938	0.0
129.0	25.991689782313394	23.925550494846068	24.16013150234581	25.92262822049473	0.0
130.0	26.05532915539422	23.937536385740216	23.94952227663436	26.057612182231203	0.0
131.0	25.97799162129151	24.03542116137575	24.028001324155564	25.958585893177172	0.0
132.0	25.980274648128486	24.05853680810018	23.927262764973804	26.033925778797528	0.0
133.0	25.87782381881899	24.0297135942833	24.03085510770179	26.06160747919592	0.0
134.0	26.066247920299308	23.97670164464015	24.040055820165463	25.916994614895078	0.0
135.0	25.83851534341102	23.94359766103233	24.041482716010627	26.176404279546016	0.0
136.0	25.971787415349407	24.14650225021475	23.873965143788293	26.00774519064755	0.0
137.0	26.080020547358806	24.08236066322308	24.11318170143546	25.72443708798265	0.0
138.0	26.082018207242946	24.056676464712766	24.006164207642474	25.855141120401814	0.0
139.0	25.966724693929965	24.017008647013498	24.026140806483834	25.9901258525727	0.0
140.0	25.950172654889986	24.099768842213408	23.998458948089382	25.951599554807224	0.0
141.0	25.978996033218234	24.068377044034133	23.970777089694927	25.98184983305271	0.0
142.0	26.00839017151337	24.034416826003824	24.031563026169344	25.925629976313463	0.0
143.0	25.94018435546931	23.984189948916985	24.080077623355496	25.995548072258213	0.0
144.0	25.97985217316857	24.032419166119688	23.90371279358466	26.084015867127082	0.0
145.0	25.923346936445878	24.10890100168374	24.04668816529209	25.921063896578296	0.0
146.0	25.90080191775349	24.068377044034133	24.144288119631288	25.88653291858109	0.0
147.0	25.850575040666644	24.058103364630004	24.110327901600982	25.980993693102366	0.0
148.0	25.874832339259722	24.007876487543165	24.096915042378928	26.020376130818185	0.0
149.0	26.040067349676093	24.006449587625927	24.077794583487915	25.87568847921007	0.0
150.0	25.97214691361548	24.12431152078993	23.936246111697727	25.967295453896867	0.0
151.0	25.90650951742245	24.036985245854854	24.150281099283696	25.906224137439	0.0
152.0	25.855426500385263	24.041265945606575	24.229331354698783	25.87397619930938	0.0
153.0	25.978996033218234	24.090351302759625	24.02956536628521	25.901087297736936	0.0
154.0	26.010958591364403	23.922833252475673	24.157130218886447	25.909077937273477	0.0
155.0	26.058902428583657	23.926543192260493	23.967637909877002	26.046916469278848	0.0
156.0	25.9615878542279	24.04469050540795	24.041551325590024	25.95217031477412	0.0
157.0	25.97072001369824	24.062098684398276	23.921977112525326	26.045204189378158	0.0
158.0	25.889101338432123	24.01301332724523	24.03213378613624	26.065751548186412	0.0
159.0	26.061259842070267	23.971701640083445	24.035912319603664	25.931126198242627	0.0
160.0	25.844655816488732	23.936885182743595	24.03277313082712	26.185685869940556	0.0
161.0	25.979355553082257	24.13636636045307	23.87153298003191	26.012745106432767	0.0
162.0	26.074461770279218	24.079929681970732	24.1164585283441	25.72915001940595	0.0
163.0	26.07332024383005	24.055386863313625	24.004588936325653	25.866703956530674	0.0
164.0	25.962306796648477	24.02028492500171	24.04054701947444	25.976861258875367	0.0
165.0	25.933483253806987	24.12330768703911	24.000022830528984	25.943186228624914	0.0
166.0	25.98199812789662	24.06822903586676	23.953505627725395	25.99626720851122	0.0
167.0	26.005684801716853	24.035124768840895	24.035980913677772	25.923209515764476	0.0
168.0	25.95260382183055	23.97034314285062	24.081641971644483	25.995411063674347	0.0
169.0	25.972580534690987	24.02599255724755	23.92411132165932	26.07731558640214	0.0
170.0	25.92149722609073	24.087634985502614	24.051676902353826	25.93919088605283	0.0
171.0	25.890390630350907	24.063377548457797	24.13529371475537	25.91093810643593	0.0
172.0	25.854147165589826	24.061665258784046	24.112463185772015	25.97172438985411	0.0
173.0	25.88810757745257	24.00544508116253	24.094769525809916	26.011677815574984	0.0
174.0	26.049633570009817	24.014577292755874	24.079929681970732	25.85585945526358	0.0
175.0	25.958882217300978	24.11788543640556	23.94551494258122	25.97771740371224	0.0
176.0	25.908084290313006	24.033127097554853	24.14813588730851	25.910652724823635	0.0
177.0	25.85899865299879	24.030844044656515	24.22861350197484	25.881543800369855	0.0
178.0	25.966735729411027	24.088057852890646	24.032122737624356	25.913083680073974	0.0
179.0	25.998984035661486	23.90427104558712	24.167109010690456	25.929635908060934	0.0
180.0	26.06433679788588	23.921679423297544	23.966199208917654	26.04778456989892	0.0
181.0	25.975582609886814	24.030125054936274	24.02670045604242	25.96759187913449	0.0
182.0	25.967306495893332	24.05438263043441	23.915971758474456	26.062339115197798	0.0
183.0	25.915366746003208	23.996164449238883	24.011289761020073	26.077179043737836	0.0
184.0	26.06269887701374	23.954852242405217	24.04246514747221	25.93998373310883	0.0
185.0	25.851229291819465	23.92488691656797	24.034474393915612	26.18940939769695	0.0
186.0	25.996775160171804	24.120945762760236	23.87494470683923	26.007334370228737	0.0
187.0	26.08674558509606	24.07763610004452	24.105318432437986	25.73029988242143	0.0
188.0	26.071905571854202	24.064508396022877	24.00600449766555	25.85758153445737	0.0
189.0	25.974874716042056	24.04224837616009	24.019417586557232	25.963459321240624	0.0
190.0	25.95489777513955	24.106459971918127	23.994589102864122	25.944053150078194	0.0
191.0	25.992283193114236	24.066506090113126	23.947785984178264	25.993424732594377	0.0
192.0	26.010833209666558	24.01884681681716	24.04025068206984	25.930069291446443	0.0
193.0	25.961609808163193	23.978173640561412	24.071495025713325	25.98872152556207	0.0
194.0	25.991575390551425	24.022408547896415	23.913390905303054	26.072625156249106	0.0
195.0	25.93735195575368	24.098606743112196	24.034680167350643	25.929361133783484	0.0
196.0	25.907100986866517	24.061791884749518	24.12971387149617	25.901393256887808	0.0
197.0	25.86800303651235	24.043527148817645	24.11002220306962	25.97844761160039	0.0
198.0	25.889121637433576	23.996723762992218	24.100604448604745	26.013550150969454	0.0
199.0	26.047796530841723	24.011563860936867	24.076631982694163	25.86400762552725	0.0
200.0	25.98973732576856	24.104727222913503	23.93320700007991	25.97232845123803	0.0
201.0	25.923241132889647	24.035377116177127	24.139544971974566	25.901836778958664	0.0
202.0	25.857674909744716	24.042865908474724	24.233507898229142	25.865951283551418	0.0
203.0	25.97418905574867	24.08574347734265	24.03722666484015	25.90284080206853	0.0
204.0	26.004726108323773	23.904233519980362	24.173644525876583	25.91739584581928	0.0
205.0	26.056245576383024	23.94346902897326	23.972579282632022	26.02770611201169	0.0
206.0	25.974051918993585	24.037078472111233	24.04107399712322	25.947795611771955	0.0
207.0	25.958217985673105	24.045492165872314	23.930192071691543	26.066097776763037	0.0
208.0	25.892006050400983	24.000399554781815	24.01609634978167	26.091498045035532	0.0
209.0	26.059608035640387	23.96079785609708	24.04527539391933	25.934318714343203	0.0
210.0	25.84013767555488	23.931401956111635	24.025297597812717	26.203162770520766	0.0
211.0	25.98812170542857	24.105631772868286	23.88644555876788	26.019800962935268	0.0
212.0	26.067685739074843	24.05275355039043	24.121820631079043	25.757740079455683	0.0
213.0	26.073679163432118	24.0270674460021	24.012226585688843	25.887026804876932	0.0
214.0	25.96979314123933	24.013082789168454	24.01565139960729	26.00147266998493	0.0
215.0	25.945534042650348	24.109548381204622	23.983401068541944	25.96151650760309	0.0
216.0	26.002551508215344	24.054386510684083	23.93308997919408	26.009972001906494	0.0
217.0	26.01311144154506	24.027273168351023	24.034979065645683	25.924636324458234	0.0
218.0	25.959529653519038	23.98709972030367	24.061590273417433	25.991780352759864	0.0
219.0	25.977658414626486	24.027478894222813	23.925588935378364	26.069273755772336	0.0
220.0	25.93513291359617	24.083703885517927	24.046886505431278	25.93427669545462	0.0
221.0	25.90460479373469	24.05229840113707	24.124506955424774	25.918589849703462	0.0
222.0	25.881772049295893	24.030892703225696	24.102815848207914	25.984519399270496	0.0
223.0	25.898896607624994	23.992647856290706	24.07398950835393	26.034466027730367	0.0
224.0	26.054617483531413	24.002180589329956	24.072107864963296	25.871094062175338	0.0
225.0	26.008528322135394	24.095935061450728	23.908700144422053	25.986836471991825	0.0
226.0	25.916200479506795	24.030996689119764	24.145164973170452	25.907637858202992	0.0
227.0	25.879169651700114	24.03163612180649	24.21858722053665	25.870607005956746	0.0
228.0	26.000125586546257	24.07722430898857	24.012147644110563	25.91050246035461	0.0
229.0	26.003550674171414	23.914247222824784	24.148294877210606	25.933907225793195	0.0
230.0	26.05735912819605	23.934078103860667	23.951489065345335	26.057073702597943	0.0
231.0	25.96802091598783	24.029981104825403	24.043396107936545	25.95860187125022	0.0
232.0	25.960314424838877	24.054527706262807	23.926657038309823	26.05850083058849	0.0
233.0	25.908810668249853	23.978444289677693	24.03438866498453	26.078356377087925	0.0
234.0	26.063166307496893	23.94525396394982	24.059427136108695	25.93215259244459	0.0
235.0	25.849377042629406	23.926700823474004	24.03145470892977	26.19246742496682	0.0
236.0	25.997665145300463	24.093245762010373	23.88744744436167	26.0216416483275	0.0
237.0	26.06582177313467	24.046640406462295	24.11771422047154	25.769823599931495	0.0
238.0	26.087093035868218	24.029365926619437	23.99910943146333	25.884431606049013	0.0
239.0	25.984906005057972	24.004532765500745	24.011097854072354	25.99946337536893	0.0
240.0	25.95902708596776	24.099346614182668	23.99458794447505	25.94703835537452	0.0
241.0	25.99725957009506	24.049270645999258	23.94878821615141	26.00468156775427	0.0
242.0	26.007707679132174	24.031972594918642	24.03368541250357	25.926634313445618	0.0
243.0	25.960341657816905	23.969145741267287	24.071917143411785	25.998595457504024	0.0
244.0	25.9793425943372	24.008952684377906	23.90817788892505	26.10352683235984	0.0
245.0	25.93791664168601	24.089918948471325	24.005983938150745	25.966180471691917	0.0
246.0	25.899966596528895	24.05535269211992	24.11016864470412	25.934512066647063	0.0
247.0	25.874503220501577	24.050408843817095	24.07496231327943	26.0001256224019	0.0
248.0	25.896517856123157	24.000982172428365	24.05665764438506	26.04584232706342	0.0
249.0	26.056691906213953	23.989276047555418	24.064366555886753	25.889665490343877	0.0
