# Position (bp)	A	C	G	T	N
0.0	26.218651284164263	23.755528086801263	23.791237467380853	26.234583161653617	0.0
1.0	26.287323169894243	23.61351462711166	23.796456530696332	26.302705672297762	0.0
2.0	26.29476928316958	23.676252056660836	23.755359678735157	26.27361898143443	0.0
3.0	26.208768118131452	23.742477387528186	23.76774732262291	26.281007171717448	0.0
4.0	26.241859417531195	23.66159348039256	23.778878295717043	26.3176688063592	0.0
5.0	26.330491435854054	23.715378107867586	23.66044452257221	26.29368593370615	0.0
6.0	26.334322127005056	23.713744232036916	23.663480553724455	26.288453087233577	0.0
7.0	26.331763187167834	23.71094661960806	23.616188527404315	26.341101665819792	0.0
8.0	26.179182448151128	23.744324845435294	23.77069216972866	26.305800536684913	0.0
9.0	26.35282485099838	23.67436622813041	23.743305226729657	26.22950369414156	0.0
10.0	26.29088252419718	23.800852531777682	23.577008008964768	26.33125693506037	0.0
11.0	26.290058556628544	23.74097755512343	23.68522241631236	26.283741471935663	0.0
12.0	26.332080902629006	23.675884117201146	23.718730430770247	26.2733045493996	0.0
13.0	26.27742438724279	23.73603374971161	23.738780308273732	26.24776155477187	0.0
14.0	26.30763653142612	23.68906759829933	23.77668281643101	26.226613053843533	0.0
15.0	26.48121903255221	23.669292376652056	23.63029124506993	26.219197345725803	0.0
16.0	26.282368192654605	23.76130208848313	23.610790679278864	26.345539039583404	0.0
17.0	26.27385386111203	23.784098524548742	23.671489623501753	26.270557990837478	0.0
18.0	26.270557990837478	23.725047515463125	23.754985003790253	26.24940948990914	0.0
19.0	26.257374509739297	23.67368687035145	23.79535941465344	26.273579205255814	0.0
20.0	26.241719125935205	23.737956340705097	23.72477285960691	26.295551673752787	0.0
21.0	26.229908924118078	23.777506783999648	23.76240071190798	26.23018357997429	0.0
22.0	26.285938718785363	23.697307273985697	23.773661602012677	26.243092405216263	0.0
23.0	26.239247223229295	23.728892697450096	23.666820473946146	26.36503960537447	0.0
24.0	26.348010942289314	23.626720718939172	23.79645803807829	26.228810300693233	0.0
25.0	26.21864803401338	23.75883018577722	23.789042329960562	26.233479450248836	0.0
26.0	26.291431835909606	23.613537237840983	23.789042329960562	26.30598859628885	0.0
27.0	26.28806376392845	23.680213571807204	23.754919759511992	26.276802904752355	0.0
28.0	26.21301092574994	23.74359368734448	23.75650244167715	26.28689294522843	0.0
29.0	26.2399270518053	23.66366927222091	23.773531011222378	26.32287266475141	0.0
30.0	26.329189714743993	23.70871258521151	23.655704296143305	26.30639340390119	0.0
31.0	26.33276022126154	23.713381709119076	23.655154987448295	26.298703082171087	0.0
32.0	26.334408147346565	23.711733783034052	23.606266513592644	26.34759155602674	0.0
33.0	26.18170033013453	23.744692304734492	23.761720874279717	26.311886490851265	0.0
34.0	26.35280998862931	23.670260976560996	23.738100600394404	26.23882843441529	0.0
35.0	26.28139985827836	23.805940224227808	23.574131954934714	26.338527962559123	0.0
36.0	26.289639488703465	23.740297835174434	23.677401989596095	26.29266068652601	0.0
37.0	26.32891506039649	23.6779512982911	23.716677561289117	26.27645608002329	0.0
38.0	26.280850549583352	23.735354056919366	23.72876235257928	26.255033040918	0.0
39.0	26.2995270452136	23.697177102616358	23.77682686339242	26.226468988777622	0.0
40.0	26.478327025438485	23.67273286568853	23.63812641790307	26.210813690969914	0.0
41.0	26.276730734370794	23.7754535916549	23.60818909402517	26.339626579949133	0.0
42.0	26.265469906123144	23.785615802512538	23.67438079177355	26.274533499590763	0.0
43.0	26.26821644959818	23.72821304388427	23.755129169939632	26.248441336577915	0.0
44.0	26.258878201783055	23.677127335248592	23.7977005938027	26.266293869165658	0.0
45.0	26.233335347465214	23.74991073733706	23.722994611281703	26.29375930391602	0.0
46.0	26.23443396485523	23.78122133295248	23.761171565584714	26.22317313660758	0.0
47.0	26.284146401753393	23.70431811565145	23.777101517739922	26.23443396485523	0.0
48.0	26.23745516267777	23.730959587359308	23.672458211341027	26.359127038621892	0.0
49.0	26.340450542991643	23.631809367910485	23.8053909155328	26.222349173565068	0.0
50.0	26.21301092574994	23.76693930688229	23.78946096337759	26.23058880399018	0.0
51.0	26.286618290880924	23.616154070102777	23.796876630760188	26.30035100825611	0.0
52.0	26.282975597028248	23.68255537703072	23.757810461555362	26.27665856438567	0.0
53.0	26.20902179644929	23.74923097205133	23.762688961153103	26.279058270346283	0.0
54.0	26.232367287748286	23.66601116189137	23.77806952012656	26.32355203023378	0.0
55.0	26.323277377394973	23.71792054842679	23.655574354016522	26.303227720161715	0.0
56.0	26.32767182281596	23.7181952012656	23.654750395500088	26.299382580418353	0.0
57.0	26.342228423272985	23.718469854104413	23.602291703287044	26.337010019335562	0.0
58.0	26.17633810863069	23.74456187379153	23.757195904376868	26.32190411320091	0.0
59.0	26.343052381789416	23.674250747055723	23.73879416417648	26.24390270697838	0.0
60.0	26.276037089119352	23.80635876252417	23.571255932501316	26.34634821585516	0.0
61.0	26.27878361750747	23.74456187379153	23.677821233960277	26.29883327474073	0.0
62.0	26.328770434171204	23.68221567938126	23.71489936719986	26.27411451924767	0.0
63.0	26.276586394796976	23.742639303919848	23.7228642995254	26.25791000175778	0.0
64.0	26.29910792757954	23.69759623835472	23.772576463350326	26.230719370715416	0.0
65.0	26.46170240815609	23.680567762348392	23.637172613816137	26.22055721567938	0.0
66.0	26.27356521357005	23.775048338899634	23.60476357883635	26.34662286869397	0.0
67.0	26.266424239760944	23.785485146774477	23.676173316927404	26.27191729653718	0.0
68.0	26.26889611531025	23.726984092107575	23.75280145895588	26.251318333626294	0.0
69.0	26.252142292142732	23.685236860608192	23.791527509228334	26.27109333802074	0.0
70.0	26.23621242749165	23.755547987344	23.712152838811743	26.29608674635261	0.0
71.0	26.232367287748286	23.786583758129723	23.754449375988752	26.226599578133243	0.0
72.0	26.28976973105994	23.708857004746	23.766534100896468	26.23483916329759	0.0
73.0	26.23593777465284	23.73357576023906	23.6690323431183	26.3614541219898	0.0
74.0	26.33755932501318	23.63497539110564	23.79702056600457	26.230444717876605	0.0
75.0	26.20902179644929	23.777520214448934	23.78411188258042	26.229346106521355	0.0
76.0	26.281255493056776	23.61410177535595	23.8000417472315	26.304600984355776	0.0
77.0	26.2825565714631	23.680228071090944	23.75767995891205	26.27953539853391	0.0
78.0	26.208328526935055	23.75157237886503	23.760361221429395	26.27973787277052	0.0
79.0	26.22892737669529	23.665331861202205	23.7815093738499	26.32423138825261	0.0
80.0	26.319562315640294	23.718339567918527	23.65819092661866	26.303907189822525	0.0
81.0	26.32450603958275	23.719987475899345	23.662585347900837	26.292921136617064	0.0
82.0	26.33823860608957	23.714769100626754	23.606007173892742	26.34098511939093	0.0
83.0	26.180039439931008	23.740037022999303	23.755142846156804	26.324780690912885	0.0
84.0	26.342907678701888	23.67714186839807	23.74250888497053	26.237441567929515	0.0
85.0	26.278364616119838	23.81089706617449	23.56837994166406	26.342358376041613	0.0
86.0	26.27973787277052	23.74168493098012	23.682634895000795	26.295942301248566	0.0
87.0	26.33137232283616	23.68593071096243	23.707353514713073	26.275343451488336	0.0
88.0	26.27589275414861	23.732896088415757	23.73042422644453	26.26078693099111	0.0
89.0	26.29951276854034	23.700487231459665	23.76695285335267	26.23304714664733	0.0
90.0	26.46457821795231	23.676867217067933	23.6381413795187	26.220413185461055	0.0
91.0	26.273146240847247	23.76969936665403	23.609028338524244	26.34812605397448	0.0
92.0	26.264632049613017	23.790298216414264	23.680437684359706	26.264632049613017	0.0
93.0	26.268202516904786	23.722184686540437	23.75322028684585	26.256392509708924	0.0
94.0	26.2569418123692	23.681261638350115	23.7996363616389	26.262160187641786	0.0
95.0	26.235244357288423	23.75624145147735	23.712297238655527	26.2962169525787	0.0
96.0	26.239089475910333	23.783431933160852	23.750473773544485	26.22700481738433	0.0
97.0	26.292097182626655	23.707078863382936	23.766678202022533	26.234145751967873	0.0
98.0	26.242385291871965	23.729600272454118	23.671099539135067	26.356914896538846	0.0
99.0	26.343456981362163	23.631000444935154	23.797164499667673	26.228378074035014	0.0
100.0	26.2154694615186	23.77354448527594	23.7845305384814	26.226455514724055	0.0
101.0	26.29237183395679	23.6109508978352	23.797164499667673	26.29951276854034	0.0
102.0	26.291201019502935	23.676527537839984	23.749035289852486	26.283236152804594	0.0
103.0	26.215874759681405	23.749794012633892	23.759956056028564	26.27437517165614	0.0
104.0	26.235649546827794	23.66602581708322	23.78110409228234	26.317220543806645	0.0
105.0	26.319143092556992	23.72123043120022	23.665751167261742	26.29387530898105	0.0
106.0	26.32573468827245	23.72589947816534	23.6613567701181	26.28700906344411	0.0
107.0	26.344136226311456	23.7165613842351	23.604504257072236	26.334798132381216	0.0
108.0	26.188959077176598	23.734688272452622	23.7558363087064	26.32051634166438	0.0
109.0	26.34688272452623	23.675638560834937	23.740181268882175	26.237297445756656	0.0
110.0	26.28234001647899	23.802526778357596	23.564954682779458	26.35017852238396	0.0
111.0	26.287558363087065	23.738808019774787	23.676737160120844	26.296896457017304	0.0
112.0	26.337819280417467	23.680307607800057	23.70722329030486	26.274649821477613	0.0
113.0	26.282889316121942	23.73716012084592	23.72342762977204	26.256522933260097	0.0
114.0	26.30266410326833	23.697610546553143	23.762153254600385	26.237572095578138	0.0
115.0	26.466080747047517	23.678934358692665	23.633342488327383	26.22164240593244	0.0
116.0	26.276023070585	23.770667399066188	23.606426805822576	26.34688272452623	0.0
117.0	26.263389178797038	23.794836583356222	23.682504806371877	26.25926943147487	0.0
118.0	26.266684976654766	23.71875858280692	23.757209557813788	26.257346882724526	0.0
119.0	26.25707223290305	23.679483658335624	23.795385882999177	26.268058225762154	0.0
120.0	26.241142543257347	23.755561658884922	23.706399340840427	26.296896457017304	0.0
121.0	26.241417193078824	23.783301290854162	23.742378467453996	26.23290304861302	0.0
122.0	26.295523207909916	23.708047239769297	23.76489975281516	26.231529799505633	0.0
123.0	26.241417193078824	23.736885471024443	23.667124416369127	26.3545729195276	0.0
124.0	26.344960175775885	23.62318044493271	23.79730843174952	26.234550947541884	0.0
125.0	26.215050810216972	23.7717659983521	23.784125240318595	26.229057951112335	0.0
126.0	26.28453721505081	23.61054655314474	23.797583081571	26.307333150233454	0.0
127.0	26.28543335741103	23.67625288726418	23.750683193307314	26.287630562017473	0.0
128.0	26.215194810188464	23.74690330625271	23.757340056797897	26.28056182676093	0.0
129.0	26.22618086339392	23.662585347900837	23.787277051782763	26.323956736922476	0.0
130.0	26.30857626243484	23.715593054617162	23.67247279578575	26.30335788716225	0.0
131.0	26.315717197018383	23.72575515383221	23.666155815192614	26.29237183395679	0.0
132.0	26.33336720709042	23.72224984001516	23.604698747861146	26.339684205033276	0.0
133.0	26.181484604377403	23.732411967140624	23.7620743922636	26.32402903621837	0.0
134.0	26.342705377962467	23.670615248134425	23.74312339843503	26.243555975468073	0.0
135.0	26.280634006871793	23.800800336174152	23.570367237302147	26.348198419651908	0.0
136.0	26.275690269351298	23.73872896508348	23.680228071090944	26.305352694474276	0.0
137.0	26.326500904978616	23.674460377317033	23.712087712889694	26.28695100481465	0.0
138.0	26.27665856438567	23.728147873494553	23.73473955973029	26.260454002389487	0.0
139.0	26.295884315906566	23.69766132465428	23.764676801384255	26.241777558054903	0.0
140.0	26.4560073607163	23.67678765157445	23.635314959007953	26.2318900287013	0.0
141.0	26.271440146115708	23.770719180433677	23.60565237094714	26.352188302503464	0.0
142.0	26.25915285613056	23.789735617725093	23.683719039588677	26.267392486555668	0.0
143.0	26.259499633335437	23.71619339015032	23.753271828900857	26.271035147613386	0.0
144.0	26.257171970743578	23.680892963572294	23.79405148712822	26.26788357855591	0.0
145.0	26.23272753240261	23.75340230876347	23.713027787009292	26.30084237182463	0.0
146.0	26.22998096629689	23.78498781897932	23.74543726705686	26.23959394766693	0.0
147.0	26.291229390454586	23.70451343208154	23.76603651284981	26.238220664614065	0.0
148.0	26.24103930346892	23.734241533686724	23.67271828394078	26.35200087890357	0.0
149.0	26.341563899035954	23.62520255980664	23.791370265593674	26.24186327556373	0.0
150.0	26.21522151116482	23.772144250048065	23.7886236919443	26.224010546842813	0.0
151.0	26.281688593479636	23.613117635749404	23.797962042352168	26.307231728418795	0.0
152.0	26.284507359464303	23.674156593580143	23.75243415758235	26.2889018893732	0.0
153.0	26.208499044187118	23.748654171518975	23.756619278855663	26.286227505438248	0.0
154.0	26.22552789435521	23.66543253279427	23.785183801718265	26.323855771132255	0.0
155.0	26.313968051679815	23.721737601898443	23.665981850541627	26.298312495880115	0.0
156.0	26.320834523521786	23.726132143877305	23.666531168288984	26.286502164311926	0.0
157.0	26.333266499490506	23.720154798166373	23.6009525195901	26.345626182753023	0.0
158.0	26.181379725175574	23.734162439197227	23.757783167210032	26.326674668417166	0.0
159.0	26.33711173428329	23.674835959537145	23.74734610134391	26.240706204835657	0.0
160.0	26.28108117015988	23.80255268658315	23.572662577900335	26.34370356535663	0.0
161.0	26.27366536020237	23.738831652874175	23.681702450238543	26.305800536684913	0.0
162.0	26.32612534916105	23.677582555817704	23.7168588826297	26.279433212391545	0.0
163.0	26.274633670708763	23.735666121922076	23.735116799648434	26.254583407720723	0.0
164.0	26.29248664460222	23.70325610777703	23.770273425161704	26.233983822459038	0.0
165.0	26.455360698737934	23.673318043863382	23.644203963360205	26.227117294038482	0.0
166.0	26.27738028207699	23.766428169246193	23.606026065341883	26.350165483334937	0.0
167.0	26.26426868524846	23.78846639786423	23.683270893530064	26.263994023357245	0.0
168.0	26.26434082338368	23.72426067682369	23.74650835111774	26.26489014867489	0.0
169.0	26.263661108379726	23.68346604189727	23.794430360276973	26.258442489446033	0.0
170.0	26.234821372167183	23.751033423880948	23.714777755499465	26.299367448452404	0.0
171.0	26.238666670328854	23.780697152556712	23.748561446491305	26.23207473062313	0.0
172.0	26.2938741653643	23.701044547779205	23.76861192976288	26.23646935709361	0.0
173.0	26.23626675455944	23.744232036914966	23.676664469347397	26.342836739178203	0.0
174.0	26.34860470226324	23.62722478576137	23.788453087233574	26.235717424741818	0.0
175.0	26.211546912766426	23.772797187431333	23.7964183695891	26.219237530213142	0.0
176.0	26.286805097780707	23.614864864864867	23.79834102395078	26.299989013403646	0.0
177.0	26.282207982333507	23.67837749499422	23.751438561411124	26.287975961261157	0.0
178.0	26.210592235729706	23.742714473272212	23.75891979191272	26.28777349908536	0.0
179.0	26.224050890193862	23.665807876334192	23.79215442844665	26.317986805025296	0.0
180.0	26.312493476672582	23.7188184949379	23.66415987782838	26.304528150561147	0.0
181.0	26.32677613038964	23.7188184949379	23.67239987035745	26.28200550431501	0.0
182.0	26.332891119186325	23.713939633648927	23.607094103719817	26.34607514344493	0.0
183.0	26.187866852341674	23.730694331144235	23.755963710973226	26.325475105540864	0.0
184.0	26.334813789390704	23.67246489066873	23.7477236958116	26.244997624128963	0.0
185.0	26.279331020635745	23.808699808007646	23.57770471631001	26.334264455046597	0.0
186.0	26.27850701911958	23.73426500438094	23.685648914927338	26.301579061572138	0.0
187.0	26.322453766648263	23.675760896733383	23.722454315982606	26.279331020635745	0.0
188.0	26.277552702053146	23.735219391608872	23.73137403007622	26.25585387626176	0.0
189.0	26.2965048410355	23.699512463091395	23.767904964636408	26.236077731236694	0.0
190.0	26.45636201332143	23.668474902149285	23.640733365378015	26.234429719151276	0.0
191.0	26.281398063585797	23.75911556684749	23.605575774222345	26.353910595344367	0.0
192.0	26.261968720644703	23.78802111658619	23.684745408900387	26.265264753868717	0.0
193.0	26.262040854444024	23.723538960593068	23.751280649759803	26.263139535203106	0.0
194.0	26.266579870409895	23.677249767215734	23.790139835361785	26.26603052701259	0.0
195.0	26.231696564681066	23.74921375226261	23.71817585031491	26.30091383274142	0.0
196.0	26.24158474583254	23.778878295717043	23.74564302018013	26.23389393827028	0.0
197.0	26.29102565158994	23.702519563491737	23.762947337195218	26.243507447723108	0.0
198.0	26.226000494410417	23.749553657263714	23.678688164363994	26.345757683961875	0.0
199.0	26.343834976790177	23.63281786469635	23.788831818056966	26.234515340456504	0.0
200.0	26.208970802318238	23.77894360974538	23.79514928447826	26.216936303458127	0.0
201.0	26.285329744279945	23.620182931853765	23.79514928447826	26.299338039388033	0.0
202.0	26.280183152094793	23.684246667527308	23.745498792811254	26.290071387566645	0.0
203.0	26.2113121724513	23.748310755133655	23.756825647955875	26.283551424459166	0.0
204.0	26.2228484788556	23.67112737180966	23.793357284902818	26.31266686443192	0.0
205.0	26.306624037267763	23.726611512135097	23.662887152949448	26.303877297647695	0.0
206.0	26.326125888570267	23.718920641198896	23.662337805025434	26.2926156652054	0.0
207.0	26.32592352506544	23.714865670329914	23.604995783743103	26.35421502086154	0.0
208.0	26.18583941966726	23.734092900482604	23.746727937440088	26.33333974241005	0.0
209.0	26.33251571826065	23.67448848700926	23.744255864991885	26.248739929738207	0.0
210.0	26.277580774967248	23.806332350913433	23.5783523362458	26.337734537873526	0.0
211.0	26.26906585875677	23.74068509367781	23.690968969997282	26.299280077568138	0.0
212.0	26.31411251225736	23.6816300296374	23.71678839334518	26.28746906476006	0.0
213.0	26.280471893755237	23.735047312979827	23.727631054894044	26.256849738370896	0.0
214.0	26.289536209193415	23.69769134632552	23.765811050224546	26.24696139425652	0.0
215.0	26.455165973109196	23.666378256629997	23.636713224286872	26.241742545973935	0.0
216.0	26.282669303558432	23.75619738233557	23.603477401013556	26.357655913092444	0.0
217.0	26.254999121033663	23.79801353608157	23.681825173595854	26.265162169288914	0.0
218.0	26.259740759154322	23.730508181276317	23.744516745728074	26.265234313841283	0.0
219.0	26.272245585217863	23.6776254528774	23.78282760306652	26.267301358838218	0.0
220.0	26.235713245857152	23.74931673538226	23.711410999804976	26.303559018955614	0.0
221.0	26.24560169861644	23.76772024468427	23.74272443354273	26.243953623156557	0.0
222.0	26.29696671711609	23.69712767915267	23.75700775419504	26.248897849536206	0.0
223.0	26.236334670109322	23.74690985002472	23.668076690655386	26.348678789210574	0.0
224.0	26.34950282920398	23.627973410976214	23.78014612975883	26.242377630060982	0.0
225.0	26.22232599022139	23.777674009778607	23.779322089765422	26.220677910234574	0.0
226.0	26.30170850958633	23.617810251057517	23.783716969730264	26.29676426962589	0.0
227.0	26.282827783408734	23.690390843242444	23.734339763609743	26.292441609739083	0.0
228.0	26.21889918639338	23.743469447176	23.748139032791478	26.289492333639146	0.0
229.0	26.22027259392734	23.680292700613638	23.790165303330788	26.309269402128233	0.0
230.0	26.304050453499165	23.72698855676843	23.6624384026721	26.306522587060304	0.0
231.0	26.326574337056186	23.71874811156464	23.659691587604172	26.294985963775	0.0
232.0	26.33076688540531	23.715791757884066	23.60207330170825	26.35136805500238	0.0
233.0	26.184361240135473	23.732547375823014	23.742161254968316	26.340930129073193	0.0
234.0	26.335161801586015	23.67184259607699	23.74380934853608	26.249186253800914	0.0
235.0	26.27802789123681	23.803140716975637	23.57735189819177	26.34147949359578	0.0
236.0	26.27088615244316	23.744633395319966	23.688323531754644	26.296156920482233	0.0
237.0	26.307968257717885	23.68997162532241	23.714418346577595	26.28764177038211	0.0
238.0	26.27954567304391	23.742017002925383	23.721415720152176	26.257021603878535	0.0
239.0	26.27707351911112	23.698891650986802	23.766738542253233	26.257296287648845	0.0
240.0	26.445874639132217	23.676497652814287	23.63749234314784	26.240135364905658	0.0
241.0	26.272836898329622	23.770701196816912	23.60231727047733	26.35414463437614	0.0
242.0	26.246003230378744	23.809209875729305	23.692191053828658	26.252595840063286	0.0
243.0	26.254546253667222	23.729521256139503	23.750673010361613	26.265259479831666	0.0
244.0	26.262337683743237	23.683682803748074	23.786147730800188	26.2678317817085	0.0
245.0	26.228229218174825	23.752266358991264	23.709686280973575	26.309818141860337	0.0
246.0	26.240748982182005	23.771338465004092	23.74441642354415	26.243496129269754	0.0
247.0	26.289604320796027	23.70806055927496	23.755037677846854	26.247297442082157	0.0
248.0	26.23056656749057	23.748142165225726	23.666548534473996	26.354742732809704	0.0
249.0	26.34183060942475	23.63468031505581	23.78028511067338	26.243203964846057	0.0
