# Position (bp)	A	C	G	T	N
0.0	26.31858495211433	23.83162833415402	23.7928993100701	26.056887403661555	0.0
1.0	26.21180349999723	23.873123717101077	23.709908544175985	26.205164238725704	0.0
2.0	26.228637502835422	23.862096055856462	23.68477833902262	26.22448810228549	0.0
3.0	26.189652930876623	23.755162331645057	23.7548857164196	26.300299021058716	0.0
4.0	26.321962121777904	23.653558378765624	23.73543331480083	26.28904618465564	0.0
5.0	26.22030823016584	23.7603305785124	23.72188478431633	26.297476407005433	0.0
6.0	26.165130307078314	23.722996163941048	23.874557829902454	26.237315699078184	0.0
7.0	26.315745805930607	23.74675730539684	23.696699503846983	26.24079738482557	0.0
8.0	26.25589402508331	23.735394571274494	23.755306351028082	26.253405052614116	0.0
9.0	26.289299827715418	23.67212280599871	23.75563796455307	26.2829394017328	0.0
10.0	26.297334815527645	23.773180025772483	23.69851725263117	26.230967906068702	0.0
11.0	26.255302439536983	23.756035240828925	23.662015452428754	26.326646867205344	0.0
12.0	26.185617184605086	23.691880561685277	23.771244324246595	26.351257929463035	0.0
13.0	26.215205765072202	23.805533894133717	23.749398549883026	26.229861790911052	0.0
14.0	26.1723438027133	23.779816716718376	23.807746124449018	26.240093356119303	0.0
15.0	26.055372124791916	23.870518159645602	23.752440366566564	26.321669348995925	0.0
16.0	26.226266916648694	23.78507076371721	23.838164291284368	26.150498028349734	0.0
17.0	26.26415136079817	23.73501905283359	23.75492912567127	26.245900460696962	0.0
18.0	26.26719317748171	23.78534729250662	23.73861392709595	26.20884560291572	0.0
19.0	26.105147306886117	23.777051428824254	23.75465259688186	26.363148667407764	0.0
20.0	26.253366738011096	23.83373983065377	23.74829243472538	26.164600996609757	0.0
21.0	26.346280411253613	23.75520565446069	23.770138209088948	26.12837572519675	0.0
22.0	26.250048392538144	23.761289287827754	23.7217456709418	26.266916648692295	0.0
23.0	26.29698556800239	23.680477397981896	23.81238126577938	26.210155768236334	0.0
24.0	26.282533432145737	23.739035694138728	23.739035694138728	26.239395179576803	0.0
25.0	26.324012521154334	23.835267180638667	23.787704491908812	26.053015806298184	0.0
26.0	26.21118939905096	23.877852378687493	23.70723505923214	26.203723163029412	0.0
27.0	26.220591325892904	23.85877199774354	23.691196478148814	26.22944019821474	0.0
28.0	26.17717654606391	23.74816109372062	23.760881347683256	26.313781012532218	0.0
29.0	26.30631477651067	23.650270443660336	23.750096784541018	26.293317995287975	0.0
30.0	26.228610616434565	23.752862057141595	23.721614476755118	26.29691284966872	0.0
31.0	26.16998683730242	23.713595186213457	23.86762087006537	26.248797106418753	0.0
32.0	26.305485194730498	23.740694857699072	23.70585242293185	26.247967524638575	0.0
33.0	26.255986815180236	23.744289712079816	23.750373311801077	26.249350160938867	0.0
34.0	26.289446613647172	23.67930580596635	23.747884566460563	26.283363013925914	0.0
35.0	26.284192595706084	23.787704491908812	23.70502284115168	26.223080071233422	0.0
36.0	26.251562379019322	23.757563020562568	23.656907097901712	26.333967502516398	0.0
37.0	26.17717654606391	23.692579114449103	23.777196456026637	26.353047883460352	0.0
38.0	26.21865563507251	23.80899709093322	23.74263054851947	26.2297167254748	0.0
39.0	26.16307365580099	23.790469764509385	23.80927361819328	26.237182961496348	0.0
40.0	26.049697479177496	23.870662669926002	23.75424469344188	26.325395157454622	0.0
41.0	26.22833408917451	23.78466269204818	23.83913856227947	26.147864656497838	0.0
42.0	26.26372957846185	23.729080712776664	23.75839260234274	26.248797106418753	0.0
43.0	26.27174886900351	23.78493921930824	23.738206112358558	26.205105799329697	0.0
44.0	26.114128330770846	23.76558231110423	23.759498711382967	26.360790646741954	0.0
45.0	26.256539869700358	23.82752441735706	23.752585529881536	26.163350183061045	0.0
46.0	26.340604156757774	23.75396816618182	23.772218965345605	26.1332087117148	0.0
47.0	26.247137942858405	23.759775238643023	23.731292930857123	26.261793887641442	0.0
48.0	26.29075654883873	23.678687273421104	23.80616598779412	26.22439018994605	0.0
49.0	26.280175870364737	23.73862787932417	23.736139147747696	26.245057102563397	0.0
50.0	26.317783369742553	23.845366811381798	23.79337997400658	26.043469844869065	0.0
51.0	26.20440782014766	23.876614218953073	23.71401708929016	26.2049608716091	0.0
52.0	26.218234106683624	23.85476868622625	23.68719409341039	26.239803113679727	0.0
53.0	26.175925669883583	23.737521776401294	23.773746647125517	26.31280590658961	0.0
54.0	26.295661311285013	23.653181428531926	23.751624588667973	26.299532671515085	0.0
55.0	26.224041147028732	23.743605342477117	23.73309736470979	26.299256145784366	0.0
56.0	26.16762989796201	23.705168265907144	23.87357243591516	26.25362940021569	0.0
57.0	26.30423360893731	23.732267787517628	23.711804883444405	26.251693720100654	0.0
58.0	26.263031275060143	23.734479993363383	23.752177640129414	26.25031109144706	0.0
59.0	26.295937837015735	23.67696264137378	23.737798302132013	26.28930121947847	0.0
60.0	26.289024693747752	23.781489367585653	23.703785637253546	26.225700301413045	0.0
61.0	26.256947708984317	23.751901114398695	23.646544810994662	26.34460636562232	0.0
62.0	26.193623316649617	23.68387578464176	23.769598761164726	26.3529021375439	0.0
63.0	26.222105466913696	23.80527058042751	23.740287033708487	26.23233691895031	0.0
64.0	26.17316041257639	23.77512927577911	23.80527058042751	26.24643973121699	0.0
65.0	26.052871719713522	23.85559826341841	23.76074993778171	26.33078007908636	0.0
66.0	26.23150734175815	23.784254624892846	23.835411885075906	26.148826148273095	0.0
67.0	26.259712966291517	23.73060863313331	23.759643834858835	26.25003456571634	0.0
68.0	26.272986201366038	23.795315654121616	23.740010507977768	26.191687636534578	0.0
69.0	26.117578740701823	23.769875286895445	23.75660205182092	26.355943920581808	0.0
70.0	26.26109559494511	23.81882034123275	23.7563255260902	26.163758537731933	0.0
71.0	26.34986035450599	23.755219423167325	23.770151812626164	26.124768409700522	0.0
72.0	26.250864142908497	23.757984680474518	23.729779055941155	26.26137212067583	0.0
73.0	26.303331296266087	23.672196244237913	23.807693477605625	26.216778981890382	0.0
74.0	26.276712237855055	23.741261835235818	23.73822006902044	26.24380585788868	0.0
75.0	26.32399787629413	23.838321829926556	23.773062118396602	26.06461817538271	0.0
76.0	26.215047340943283	23.87150473409433	23.699230156623308	26.214217768339086	0.0
77.0	26.212282098929297	23.857678524024422	23.685956994956197	26.244082382090077	0.0
78.0	26.173568710733562	23.738773117423236	23.773891691000795	26.313766480842403	0.0
79.0	26.28777320591098	23.646690558357665	23.760895053535087	26.304641182196264	0.0
80.0	26.2261083089992	23.750110609680558	23.736284399610653	26.287496681709584	0.0
81.0	26.16665560569861	23.714715511901602	23.877035218122288	26.241593664277495	0.0
82.0	26.304364657994867	23.727712149367314	23.713056366693213	26.254866825944607	0.0
83.0	26.251825059729228	23.727712149367314	23.762277674542077	26.258185116361382	0.0
84.0	26.29302716573755	23.682362180338025	23.74236793204141	26.28224272188302	0.0
85.0	26.289985399522166	23.773891691000795	23.709185027873637	26.226937881603398	0.0
86.0	26.255143350146003	23.74983408547916	23.65222104238563	26.342801521989205	0.0
87.0	26.19403150163702	23.677384744712857	23.772509069993806	26.35607468365631	0.0
88.0	26.23302141403416	23.80818069197416	23.73351915759667	26.22527873639501	0.0
89.0	26.175504380143348	23.778869126625963	23.806245022564372	26.239381470666313	0.0
90.0	26.046644102291832	23.847447128572693	23.768084682771438	26.337824086364037	0.0
91.0	26.22527873639501	23.794354481904257	23.83721573312096	26.14315104857977	0.0
92.0	26.267310415007522	23.72632952836032	23.76338377134767	26.242976285284485	0.0
93.0	26.270628705424297	23.79822582072383	23.741814883638614	26.189330590213256	0.0
94.0	26.127942217502877	23.759235908326698	23.766149013361648	26.346672860808777	0.0
95.0	26.26177993097956	23.82007123263428	23.75425847270153	26.16389036368463	0.0
96.0	26.346119812405984	23.75757676311831	23.771679497389613	26.1246239270861	0.0
97.0	26.260120785771168	23.75315237589594	23.71775727811698	26.26896956021591	0.0
98.0	26.3042919202617	23.67455403682739	23.79650087243144	26.224653170479463	0.0
99.0	26.281267801147017	23.730899196425113	23.747214034078652	26.240618968349217	0.0
100.0	26.31666270317503	23.844826537327794	23.78343850412295	26.055072255374217	0.0
101.0	26.216008450532858	23.877732735306967	23.692462545004066	26.21379626915611	0.0
102.0	26.215178882516575	23.853951785506894	23.68776165957847	26.243107672398057	0.0
103.0	26.175636140407153	23.736706172539087	23.77265411991129	26.31500356714247	0.0
104.0	26.285139118556327	23.64683630410857	23.764911485092664	26.30311309224243	0.0
105.0	26.222368471991018	23.75108535148797	23.745001852701904	26.281544323819112	0.0
106.0	26.17176482299784	23.710159996018074	23.873861417897654	26.24421376308644	0.0
107.0	26.3091965910285	23.726751356343705	23.720391334885544	26.243660717742245	0.0
108.0	26.253062488593436	23.737259217883274	23.7632523490601	26.246425944463187	0.0
109.0	26.289010435965643	23.67863641139937	23.74113053529259	26.291222617342395	0.0
110.0	26.28818086794936	23.774313255943856	23.71071304136226	26.226792834744522	0.0
111.0	26.27020689426326	23.731728764441396	23.660385915041175	26.33767842625417	0.0
112.0	26.196375340814193	23.680295547431935	23.780673277402016	26.34265583435186	0.0
113.0	26.22734588008871	23.807772499267216	23.73560008185071	26.229281538793366	0.0
114.0	26.168723073604806	23.782608936106673	23.81026120331606	26.23840678697246	0.0
115.0	26.056731391406778	23.844550014655702	23.765741053108943	26.332977540828573	0.0
116.0	26.23094067482593	23.78896895756483	23.839019561213824	26.141070806395415	0.0
117.0	26.275460825033043	23.720391334885544	23.762975826388004	26.241172013693404	0.0
118.0	26.26522948616557	23.78758634420436	23.744448807357717	26.20273536227235	0.0
119.0	26.122543787365128	23.761316690355443	23.764911485092664	26.351228037186768	0.0
120.0	26.26661209952604	23.816897747446315	23.75744537294613	26.15904478008152	0.0
121.0	26.347909765121642	23.750808828815874	23.772377597239196	26.128903808823285	0.0
122.0	26.261911214100444	23.74389576201353	23.7314522417693	26.26274078211673	0.0
123.0	26.303462349951467	23.669576614966	23.799266106798882	26.227694928283647	0.0
124.0	26.278647907264848	23.732689584992478	23.75425847270153	26.23440403504115	0.0
125.0	26.31985001327316	23.843852313954518	23.78191089284134	26.054386779930976	0.0
126.0	26.218642155561454	23.88311875055305	23.689551809574375	26.20868728431112	0.0
127.0	26.220024776568447	23.850212370586675	23.686233519157597	26.24352933368728	0.0
128.0	26.169144323511194	23.73545482700646	23.778592602424563	26.316808247057782	0.0
129.0	26.295035547284385	23.64482027259831	23.759578133511784	26.300566046605518	0.0
130.0	26.231434805091382	23.74519883527684	23.743539685480503	26.279826674151273	0.0
131.0	26.17944811147274	23.707314914927093	23.874335994425255	26.238900979174907	0.0
132.0	26.315221869806514	23.72390641289049	23.722523788060204	26.23834792924279	0.0
133.0	26.25853425176492	23.732478686838242	23.7645555829008	26.24443147849604	0.0
134.0	26.295865122182555	23.676620643694815	23.744092735412618	26.283421498710013	0.0
135.0	26.29641817211467	23.768703457391652	23.70593229009681	26.22894608039687	0.0
136.0	26.266830000746616	23.73662656132909	23.65947609579931	26.337067342124982	0.0
137.0	26.199357909028816	23.683257242880174	23.775340056577008	26.342044791514002	0.0
138.0	26.22728693060053	23.80078035345421	23.744922310310788	26.22701040563447	0.0
139.0	26.168940162762595	23.778381831203628	23.816818801485493	26.235859204548284	0.0
140.0	26.055841451645463	23.851660947208618	23.758748558613615	26.333749042532308	0.0
141.0	26.234753104684057	23.78252970569448	23.845577397955374	26.13713979166609	0.0
142.0	26.27706142449071	23.71561066390879	23.769256507323764	26.238071404276734	0.0
143.0	26.266276950814504	23.793314179370682	23.746857985073184	26.19355088474163	0.0
144.0	26.130226667514677	23.756812883851218	23.770915657120103	26.342044791514002	0.0
145.0	26.26655347578056	23.82013710107817	23.76317295807052	26.15013646507075	0.0
146.0	26.355317989884718	23.74879365983558	23.7728513318825	26.123037018397206	0.0
147.0	26.26469042944446	23.744158393938555	23.73199126178691	26.25915991483008	0.0
148.0	26.310942983001915	23.67149758454106	23.797870192932535	26.219689239524484	0.0
149.0	26.286681341046602	23.730186821816897	23.744566239339875	26.238565597796633	0.0
150.0	26.314610594312388	23.83803245323924	23.78162089218755	26.065736060260818	0.0
151.0	26.213401617131417	23.88089417854812	23.701981041291052	26.203723163029412	0.0
152.0	26.229993252734857	23.843286471180328	23.68953731458847	26.237182961496348	0.0
153.0	26.17026336456248	23.726868494696205	23.78466269204818	26.31820544869313	0.0
154.0	26.29311417565613	23.638168610197802	23.762053165278036	26.306664048868033	0.0
155.0	26.226747449720296	23.741313563423088	23.750715516263995	26.28122347059263	0.0
156.0	26.173930596996353	23.7075771444057	23.882895912086212	26.235596346511734	0.0
157.0	26.325467954549854	23.717532153296077	23.715043401073483	26.241956491080586	0.0
158.0	26.258824700589283	23.724998409963856	23.77007247799528	26.246104411451576	0.0
159.0	26.29698556800239	23.673564197363582	23.748503292066133	26.280946942567894	0.0
160.0	26.3063875208433	23.7642653894759	23.707300616380966	26.222046473299837	0.0
161.0	26.266290957257066	23.731635082557442	23.663332660448475	26.338741299737023	0.0
162.0	26.201030343420157	23.677988645759303	23.786940687503975	26.334040323316565	0.0
163.0	26.2369789866354	23.793577360097558	23.754033852560788	26.21540980070625	0.0
164.0	26.17531323712002	23.776156094539402	23.814870018001972	26.233660650338607	0.0
165.0	26.06000105080649	23.851095189241953	23.7642653894759	26.324638370475657	0.0
166.0	26.24112690700639	23.784728463306116	23.838927956153714	26.13521667353378	0.0
167.0	26.284541806889415	23.710895480702494	23.769519421945816	26.235043290462272	0.0
168.0	26.26269609293554	23.786940687503975	23.758181772931778	26.19218144662871	0.0
169.0	26.133557505385387	23.748503292066133	23.776709150588868	26.341230051959613	0.0
170.0	26.279011246394766	23.806297649235262	23.76150010922857	26.1531909951414	0.0
171.0	26.35339728504785	23.74407884367041	23.782516239108254	26.120007632173483	0.0
172.0	26.26276871685111	23.74580367562067	23.725617073993575	26.265810533534644	0.0
173.0	26.309851365364672	23.67784306947805	23.795644659522985	26.21666090563429	0.0
174.0	26.281718027564544	23.722153396898435	23.754507444196182	26.241621131340843	0.0
175.0	26.318089054316385	23.842022885775755	23.78367466581126	26.0562133940966	0.0
176.0	26.212177356466142	23.879078153430928	23.69822632472582	26.210518165377106	0.0
177.0	26.21992024821499	23.84617086349835	23.698779388422164	26.235129499864502	0.0
178.0	26.16793226075847	23.728368296176672	23.789758366471066	26.31394107659379	0.0
179.0	26.294103495095694	23.631094433121973	23.76770154388158	26.307100527900758	0.0
180.0	26.229394863683247	23.745578934851682	23.750003456657662	26.27502274480741	0.0
181.0	26.182937384720468	23.704652108146373	23.881079915159795	26.23133059197336	0.0
182.0	26.32424554989893	23.71543688004845	23.717649140951437	26.242668429101183	0.0
183.0	26.255112396680502	23.72677471717627	23.77019033739744	26.247922548745787	0.0
184.0	26.294933092934315	23.67506311856889	23.750833054496283	26.279170734000513	0.0
185.0	26.302122940869033	23.767425011268703	23.70216331463051	26.228288733231754	0.0
186.0	26.260643048937975	23.74032481520708	23.67146819460153	26.327563941253413	0.0
187.0	26.206442656814733	23.672850857665896	23.784293500653998	26.33641298486537	0.0
188.0	26.22275808097428	23.7948017399432	23.749726924044786	26.23271325503773	0.0
189.0	26.170085089555585	23.7744698149157	23.821480619104637	26.23396447642408	0.0
190.0	26.068043991051354	23.845262555341396	23.756495095666985	26.330198357940265	0.0
191.0	26.230922600858914	23.775299417342563	23.84222067977623	26.151557302022294	0.0
192.0	26.275721131909552	23.714185371896942	23.771981007635105	26.2381124885584	0.0
193.0	26.26825471006778	23.78331890746891	23.747092934829197	26.201333447634113	0.0
194.0	26.140495936330776	23.749305207967502	23.76921566621223	26.340983189489492	0.0
195.0	26.283187553751326	23.802676297429063	23.764238051651045	26.149898097168567	0.0
196.0	26.35149148689643	23.736861171564545	23.78691385131865	26.12473349022037	0.0
197.0	26.258095559402463	23.73803295189952	23.72780116034047	26.276070328357548	0.0
198.0	26.306838450625943	23.68666296108867	23.801148729180323	26.205349859105077	0.0
199.0	26.27510950842883	23.737611167647447	23.760010618999157	26.227268704924562	0.0
200.0	26.312587455131712	23.84974033085002	23.78364775700056	26.054024457017704	0.0
201.0	26.21828800876072	23.8726929820195	23.701239443163153	26.207779566056622	0.0
202.0	26.22824337553303	23.839231888145925	23.69819752553828	26.23432721078277	0.0
203.0	26.18593306675073	23.72336248043494	23.78862544038671	26.302079012427615	0.0
204.0	26.303257902785575	23.621108754386597	23.77348159496478	26.302151747863046	0.0
205.0	26.238271301087075	23.746380799362854	23.740020408558323	26.27532749099175	0.0
206.0	26.19900280133734	23.70960114818881	23.866122069726476	26.22527398074737	0.0
207.0	26.32786984981181	23.72259846852851	23.71098384184197	26.238547839817706	0.0
208.0	26.261441884903626	23.725837227952766	23.775614612427752	26.237106274715856	0.0
209.0	26.292414479688063	23.674677138353477	23.75293824838915	26.279970133569314	0.0
210.0	26.28660711816598	23.781698514974696	23.710074389535688	26.221619977323634	0.0
211.0	26.253698736207514	23.74325931251901	23.679378335776114	26.32366361549736	0.0
212.0	26.214153369652387	23.674677138353477	23.783634302148723	26.327535189845413	0.0
213.0	26.22023727219933	23.804374879013302	23.750172838140536	26.225215010646828	0.0
214.0	26.18104084798774	23.775680361937894	23.819373964696673	26.223904825377687	0.0
215.0	26.069594506773893	23.852005895870953	23.75798168740269	26.320417909952464	0.0
216.0	26.223628283588074	23.77982848878208	23.860578691348945	26.1359645362809	0.0
217.0	26.262620675923444	23.718159669698487	23.77623344551712	26.242986208860952	0.0
218.0	26.247410877494755	23.79144324394581	23.756322436665016	26.20482344189442	0.0
219.0	26.11854240353531	23.754939727716952	23.781211197730144	26.345306671017592	0.0
220.0	26.267045344557243	23.811630794587522	23.769319900776807	26.152003960078428	0.0
221.0	26.345306671017592	23.743048430763615	23.784806240995106	26.12683865722369	0.0
222.0	26.259374792593082	23.73343510099334	23.742561005287495	26.26462910112608	0.0
223.0	26.30590668875326	23.68234022018379	23.80401928060021	26.20773381046274	0.0
224.0	26.278325027792683	23.716144090529472	23.763156584791183	26.242374296886666	0.0
225.0	26.306124932246323	23.846251700755523	23.784582028959854	26.063041338038296	0.0
226.0	26.226479795577482	23.8633975287884	23.695534341434275	26.214588334199846	0.0
227.0	26.226756341190914	23.83325405692415	23.693045430913376	26.24694417097156	0.0
228.0	26.166745943075853	23.723188902777625	23.79757967279123	26.312485481355296	0.0
229.0	26.296387454680715	23.621062994847914	23.780631137635126	26.30191841283625	0.0
230.0	26.227803573552066	23.752423251041893	23.74661574497858	26.273157430427457	0.0
231.0	26.181356593113325	23.717564028462625	23.87741048736577	26.223668891058278	0.0
232.0	26.319632076593557	23.723924700702717	23.716181273627825	26.240261949075904	0.0
233.0	26.259693138198433	23.726479275213222	23.78206617329838	26.231761413289973	0.0
234.0	26.29232624254693	23.6722751357869	23.751368931072246	26.284029690593925	0.0
235.0	26.301175897963475	23.771280655759465	23.693569619132955	26.23397382714411	0.0
236.0	26.253332448367793	23.742242723923937	23.679742032544606	26.32468279516366	0.0
237.0	26.208807619553316	23.670062721932762	23.790639276983153	26.33049038153077	0.0
238.0	26.21848693016516	23.801424794522063	23.750539275876946	26.229548999435835	0.0
239.0	26.174864143586056	23.773835368298787	23.810893402840193	26.240407085274963	0.0
240.0	26.070723329406103	23.847413282887786	23.75338101322536	26.32848237448075	0.0
241.0	26.233062930254814	23.784499901814087	23.842858288688706	26.139578879242393	0.0
242.0	26.26459036344526	23.711622503734027	23.774686065165678	26.24910106765503	0.0
243.0	26.24889356052224	23.792044700154904	23.756915246736003	26.202146492586852	0.0
244.0	26.12282157676348	23.752973720608576	23.783402489626557	26.340802213001385	0.0
245.0	26.269067128464172	23.798985299569	23.780727331072296	26.151220240894528	0.0
246.0	26.342945197710417	23.741849096588034	23.783623773387593	26.131581932313956	0.0
247.0	26.262757607531867	23.731570807661342	23.73765738647839	26.268014198328405	0.0
248.0	26.308333771404378	23.68461097907496	23.803028500441297	26.204026749079357	0.0
249.0	26.28654906040417	23.72313464220102	23.76131609818721	26.229000199207597	0.0
