{
  "alignment": "/2/scratch/keaton/plague-phylogeography/results/snippy_multi/all/snippy-core_chromosome.snps.filter5.aln",
  "generated_by": {
    "program": "augur",
    "version": "10.3.0"
  },
  "input_tree": "/2/scratch/keaton/plague-phylogeography/results/mugration/all/chromosome_filter5/mugration_model_divtree.nwk",
  "models": {
    "Branch_Major": {
      "alphabet": [
        "0.ANT",
        "0.PE",
        "0.PRE",
        "1.ANT",
        "1.IN",
        "1.ORI",
        "1.PRE",
        "2.ANT",
        "2.MED",
        "3.ANT",
        "4.ANT",
        "NA"
      ],
      "equilibrium_probabilities": [
        [
          0.0,
          1.5035688380444934,
          1.0083353526392351,
          1.008522077162282,
          1.005938287079314,
          0.9986769817551532,
          1.3307208182842116,
          1.152846945480574,
          1.1444099201711349,
          1.1562107111805942,
          1.1558518298859486
        ],
        [
          1.5035688380444934,
          0.0,
          1.516724240424573,
          1.0104267367045812,
          1.0078265093081014,
          1.000829900850478,
          1.0081997041856754,
          1.0070767047253166,
          1.0010649972357328,
          1.0099806436837921,
          1.0097265887546667
        ],
        [
          1.0083353526392351,
          1.516724240424573,
          0.0,
          1.0166732423344096,
          1.014118291983791,
          1.0080448987754684,
          1.0143979559478609,
          1.0134233296739834,
          1.0081182049557926,
          1.0161845230764257,
          1.0159594127235878
        ],
        [
          1.008522077162282,
          1.0104267367045812,
          1.0166732423344096,
          0.0,
          1.3528904087370277,
          1.0082370459085725,
          1.3528675933844148,
          1.0136555605729811,
          1.0083016564407599,
          1.0164516144015783,
          1.016224356986995
        ],
        [
          1.005938287079314,
          1.0078265093081014,
          1.014118291983791,
          1.3528904087370277,
          0.0,
          1.508841425997438,
          1.3488818329603598,
          1.0111074766159889,
          1.0056212801410809,
          1.0138766583223389,
          1.013644311572334
        ],
        [
          0.9986769817551532,
          1.000829900850478,
          1.0080448987754684,
          1.0082370459085725,
          1.508841425997438,
          0.0,
          1.0058737779961002,
          1.0046101452849148,
          0.9981222314582233,
          1.0076856709124995,
          1.0074116113493288
        ],
        [
          1.3307208182842116,
          1.0081997041856754,
          1.0143979559478609,
          1.3528675933844148,
          1.3488818329603598,
          1.0058737779961002,
          0.0,
          1.16247930624981,
          1.1549919686776293,
          1.165679358940656,
          1.1653599262182817
        ],
        [
          1.152846945480574,
          1.0070767047253166,
          1.0134233296739834,
          1.0136555605729811,
          1.0111074766159889,
          1.0046101452849148,
          1.16247930624981,
          0.0,
          1.389972833051446,
          1.0717862597753443,
          1.0715066232302275
        ],
        [
          1.1444099201711349,
          1.0010649972357328,
          1.0081182049557926,
          1.0083016564407599,
          1.0056212801410809,
          0.9981222314582233,
          1.1549919686776293,
          1.389972833051446,
          0.0,
          1.0654487453410553,
          1.0651337479422114
        ],
        [
          1.1562107111805942,
          1.0099806436837921,
          1.0161845230764257,
          1.0164516144015783,
          1.0138766583223389,
          1.0076856709124995,
          1.165679358940656,
          1.0717862597753443,
          1.0654487453410553,
          0.0,
          1.4064741834286536
        ],
        [
          1.1558518298859486,
          1.0097265887546667,
          1.0159594127235878,
          1.016224356986995,
          1.013644311572334,
          1.0074116113493288,
          1.1653599262182817,
          1.0715066232302275,
          1.0651337479422114,
          1.4064741834286536,
          0.0
        ]
      ],
      "rate": 9.53687894279877
    },
    "Branch_Minor": {
      "alphabet": [
        "0.ANT1",
        "0.ANT2",
        "0.ANT3",
        "0.ANT4",
        "0.ANT5",
        "0.PE10",
        "0.PE2",
        "0.PE4a",
        "0.PE4h",
        "0.PE4m",
        "0.PE4t",
        "0.PE5",
        "0.PE7",
        "0.PE8",
        "0.PRE1",
        "0.PRE2",
        "1.ANT1",
        "1.IN1",
        "1.IN2",
        "1.IN3",
        "1.ORI1",
        "1.ORI2",
        "1.ORI3",
        "1.PRE0",
        "1.PRE1",
        "1.PRE2",
        "1.PRE3",
        "2.ANT1",
        "2.ANT2",
        "2.ANT3",
        "2.MED0",
        "2.MED1",
        "2.MED2",
        "2.MED3",
        "3.ANT1",
        "3.ANT2",
        "4.ANT1",
        "NA"
      ],
      "equilibrium_probabilities": [
        [
          0.0,
          1.0871474621129686,
          1.0351082409847674,
          1.2573138080394024,
          1.0869797590782777,
          1.0425643263149644,
          1.041288511467482,
          1.0056982728904107,
          1.001231463656999,
          1.0168139664815605,
          1.0012027338147442,
          1.2619537799246234,
          1.016516609154065,
          1.1036254284083329,
          1.004691681614822,
          1.004843905543122,
          0.9986718748820336,
          0.9987891143681227,
          0.998081421974339,
          0.9985165522137242,
          0.9962947765900277,
          0.9984304272600978,
          0.9985666865977568,
          1.0039140767742143,
          1.0030090024869702,
          0.9987952902894638,
          0.998734021323756,
          0.9984781738287584,
          1.0006256004701142,
          1.0008579876874246,
          1.0016562325020628,
          0.9970495738580029,
          0.9991789549383657,
          0.9994982573180915,
          1.0007308215503012,
          1.0006055425745055,
          1.0043054633849036
        ],
        [
          1.0871474621129686,
          0.0,
          1.1845382711529597,
          1.1854919147158953,
          1.3399529406984845,
          1.0060052384733609,
          1.0051582298254644,
          1.0012338995277703,
          1.00098135355857,
          1.002629226058163,
          1.0009548024365003,
          1.0389484476909716,
          1.0027466709015342,
          1.014364052055461,
          1.0012285825577178,
          1.0013938932453956,
          1.0005491924667007,
          1.0006326523333566,
          1.0000205098252817,
          1.0003315957884509,
          0.998451970274323,
          1.0002721089080777,
          1.00039151301955,
          1.0325489274967865,
          1.0316572340119239,
          1.000649720988517,
          1.0005980177900737,
          1.0004276236628231,
          1.015606104298245,
          1.0158715600125867,
          1.0189383002367818,
          1.0012189504173894,
          1.003049936711445,
          1.007588086238317,
          1.013639950388434,
          1.0135277069171995,
          1.0369490465980886
        ],
        [
          1.0351082409847674,
          1.1845382711529597,
          0.0,
          1.0840604048127274,
          1.1843590682130358,
          1.002680973777269,
          1.0018547645301592,
          1.00070041389291,
          1.0007775207430212,
          1.001299737086554,
          1.0007505291038854,
          1.015432387626023,
          1.0014548080453456,
          1.005860445334201,
          1.0007759182233502,
          1.0009405394441542,
          1.0004947811405895,
          1.0005796719721454,
          0.9999615720872562,
          1.0002779253324956,
          0.9983784648286005,
          1.0002173490155009,
          1.0003378660282842,
          1.1010815986057803,
          1.0999494213915608,
          1.0006248210086193,
          1.0005443693576703,
          1.0004616901228907,
          1.0513934720184042,
          1.051783681818555,
          1.0612880874891462,
          1.0071902602162202,
          1.0090869696204539,
          1.0252412774886979,
          1.0435920733044572,
          1.0434672241660152,
          1.1160481160094313
        ],
        [
          1.2573138080394024,
          1.1854919147158953,
          1.0840604048127274,
          0.0,
          1.1853111610324694,
          1.0183577579944756,
          1.0173833007055617,
          1.0030135624500927,
          1.001446633409325,
          1.0075130944027242,
          1.001420609783611,
          1.1214317761022645,
          1.007476216855984,
          1.045286758166999,
          1.002684440020327,
          1.002849733009591,
          1.0003855359043994,
          1.0004712656116392,
          0.9998556795674073,
          1.0001750501722513,
          0.9982807120231543,
          1.000113728728587,
          1.0002336396413,
          1.0131987615765206,
          1.0123794476630297,
          1.0004780875251797,
          1.0004350427338982,
          1.0002353183157118,
          1.0059592129445387,
          1.0061881764965623,
          1.007578371180214,
          0.9995456400636836,
          1.0013765563475137,
          1.0028920787487454,
          1.0054707010250235,
          1.005361325777618,
          1.0147695910893046
        ],
        [
          1.0869797590782777,
          1.3399529406984845,
          1.1843590682130358,
          1.1853111610324694,
          0.0,
          1.0058960217669106,
          1.0050413738572903,
          1.001123571531968,
          1.0008740695431602,
          1.0025195828781477,
          1.0008472428408561,
          1.0388212202111302,
          1.002639555307994,
          1.0142511235390506,
          1.0011208704795374,
          1.0012849244414075,
          1.0004403046691859,
          1.0005257664578104,
          0.999907792692704,
          1.0002262330858995,
          0.9983258483451408,
          1.0001651702162655,
          1.0002856092696664,
          1.032426640554549,
          1.0315268609737285,
          1.0005431524626314,
          1.0004899369725735,
          1.0003166915886976,
          1.015487026562007,
          1.0157537057713089,
          1.0188222028107956,
          1.0010930963891127,
          1.0029434004611708,
          1.007474193736996,
          1.0135250408426042,
          1.0134116691137078,
          1.0368204335008457
        ],
        [
          1.0425643263149644,
          1.0060052384733609,
          1.002680973777269,
          1.0183577579944756,
          1.0058960217669106,
          0.0,
          1.099255287258204,
          1.123209910245132,
          1.046282180176902,
          1.2643294927503927,
          1.046301705485,
          1.1004314146744587,
          1.0434621143114369,
          1.221182017675378,
          1.0157331389663538,
          1.0159252151436244,
          1.0006303078041636,
          1.000712799120093,
          1.0001013649359232,
          1.0004089008287473,
          0.9985332668525269,
          1.0003502213778828,
          1.0004695804270436,
          1.0011359234561108,
          1.0003883281078245,
          1.0007083984999319,
          1.0006788348289009,
          1.0004626916735746,
          1.000496092218866,
          1.0006979603230115,
          1.001059049790669,
          0.9989605180957973,
          1.000766383092986,
          1.0005134342536406,
          1.0008779376976693,
          1.0007721903547313,
          1.0008889868888768
        ],
        [
          1.041288511467482,
          1.0051582298254644,
          1.0018547645301592,
          1.0173833007055617,
          1.0050413738572903,
          1.099255287258204,
          0.0,
          1.017505824460365,
          1.0060392403221297,
          1.0432793934370832,
          1.0060175051264098,
          1.0990584169865172,
          1.25674948577084,
          1.220362747968428,
          1.1028019439090768,
          1.103095728108653,
          0.9998160755331268,
          0.999913127087762,
          0.9992609438021197,
          0.9996219504906403,
          0.9976000476878085,
          0.99955177846019,
          0.9996783104811902,
          1.0003439790587103,
          0.9995421770593019,
          0.9999111164682349,
          0.9998703471172675,
          0.9996341015409524,
          0.9996753905498393,
          0.9998854479982694,
          1.000269345684114,
          0.998040485794577,
          0.9999816550187111,
          0.9996979970564905,
          1.000074997332702,
          0.9999614846554209,
          1.0000712463343104
        ],
        [
          1.0056982728904107,
          1.0012338995277703,
          1.00070041389291,
          1.0030135624500927,
          1.001123571531968,
          1.123209910245132,
          1.017505824460365,
          0.0,
          1.2216954268778837,
          1.263846981812812,
          1.2218054888064351,
          1.0182578388203642,
          1.0074587588787172,
          1.0457849648576372,
          1.0025833768075754,
          1.0027495641934185,
          1.0002389187188025,
          1.0003286699308616,
          0.9996957499374878,
          1.0000299543840088,
          0.9980783236899013,
          0.9999655646495074,
          1.000088734366239,
          1.0005754262678541,
          0.9998009366899123,
          1.0003250733137257,
          1.0002903154133294,
          1.000063467294469,
          1.0000243967466522,
          1.0002302653070114,
          1.0005890467903291,
          0.9985031714807071,
          1.0003794344313677,
          1.0000879134926368,
          1.0004273994123773,
          1.0003176467503803,
          1.0002875566982299
        ],
        [
          1.001231463656999,
          1.00098135355857,
          1.0007775207430212,
          1.001446633409325,
          1.0008740695431602,
          1.046282180176902,
          1.0060392403221297,
          1.2216954268778837,
          0.0,
          1.10618502459832,
          1.397808926021324,
          1.006671464339139,
          1.003053949668268,
          1.0167862445819227,
          1.0012918529384993,
          1.0014577201351451,
          1.0004966646739348,
          1.0005815744316149,
          0.9999631642271304,
          1.000279585130831,
          0.9983793343435109,
          1.0002189954529654,
          1.0003395760851026,
          1.000805429949764,
          1.0000502957362039,
          1.0005771825266883,
          1.0005460799130486,
          1.0003261299636454,
          1.0002765190387906,
          1.0004791896679324,
          1.0008283096740458,
          0.9987979019002494,
          1.0006263995122062,
          1.0003429519673115,
          1.0006740640773235,
          1.0005670619639055,
          1.0005234971657984
        ],
        [
          1.0168139664815605,
          1.002629226058163,
          1.001299737086554,
          1.0075130944027242,
          1.0025195828781477,
          1.2643294927503927,
          1.0432793934370832,
          1.263846981812812,
          1.10618502459832,
          0.0,
          1.1062507147572285,
          1.0442012751872258,
          1.0183046784092293,
          1.1055246202830082,
          1.0064379250246225,
          1.0066127082826528,
          1.0003981516891247,
          1.0004850033110844,
          0.9998604538957886,
          1.000184007825209,
          0.9982621155186459,
          1.0001219035235687,
          1.0002435970553383,
          1.0007787179573886,
          1.0000148754110048,
          1.0004810519047203,
          1.000448422611693,
          1.0002257472534521,
          1.0002054089700838,
          1.0004097075244442,
          1.00076763635871,
          0.9986867330150101,
          1.0005354795170955,
          1.0002562166981845,
          1.0006016679700234,
          1.0004934846638904,
          1.000503516062246
        ],
        [
          1.0012027338147442,
          1.0009548024365003,
          1.0007505291038854,
          1.001420609783611,
          1.0008472428408561,
          1.046301705485,
          1.0060175051264098,
          1.2218054888064351,
          1.397808926021324,
          1.1062507147572285,
          0.0,
          1.0066513065220102,
          1.0030299435269354,
          1.0167773822873432,
          1.001265614622264,
          1.0014311711318808,
          1.0004691098556244,
          1.0005545290662021,
          0.9999346190074299,
          1.0002529118788677,
          0.9983473441422761,
          1.0001919212361936,
          1.0003127678223758,
          1.0007787963500796,
          1.000021682745335,
          1.0005502159362325,
          1.0005187275432108,
          1.0002980547487006,
          1.0002487527879718,
          1.0004517393736148,
          1.0008017059342629,
          0.9987664481629462,
          1.000599877079268,
          1.0003153497547002,
          1.0006469674795817,
          1.0005396819698886,
          1.0004959498561636
        ],
        [
          1.2619537799246234,
          1.0389484476909716,
          1.015432387626023,
          1.1214317761022645,
          1.0388212202111302,
          1.1004314146744587,
          1.0990584169865172,
          1.0182578388203642,
          1.006671464339139,
          1.0442012751872258,
          1.0066513065220102,
          0.0,
          1.0432332638193837,
          1.221151327520248,
          1.0154956125279677,
          1.0156824196421563,
          1.000390503964168,
          1.0004761346725473,
          0.9998608621588485,
          1.0001798746816708,
          0.998286608407449,
          1.0001186289562347,
          1.00023848378218,
          1.002546866732463,
          1.0017824348475985,
          1.0004743954351998,
          1.0004399366664136,
          1.0002238342787784,
          1.000980720521138,
          1.001186589968719,
          1.0016829754044887,
          0.9988117387001451,
          1.000634140208601,
          1.0005959726380265,
          1.0012534405066686,
          1.001146428241546,
          1.0025449298176852
        ],
        [
          1.016516609154065,
          1.0027466709015342,
          1.0014548080453456,
          1.007476216855984,
          1.002639555307994,
          1.0434621143114369,
          1.25674948577084,
          1.0074587588787172,
          1.003053949668268,
          1.0183046784092293,
          1.0030299435269354,
          1.0432332638193837,
          0.0,
          1.1040593543464214,
          1.221777464993401,
          1.2221725532698666,
          1.0005820686575968,
          1.0006649623896882,
          1.0000543470009562,
          1.0003633456849392,
          0.9984891720182443,
          1.000304310254537,
          1.0004234544094874,
          1.0009520427718337,
          1.0002063212315777,
          1.0006604784547584,
          1.0006306146534178,
          1.000414171903672,
          1.0003911649725539,
          1.0005920422828025,
          1.0009419455683852,
          0.9989075160453912,
          1.0007115235603612,
          1.0004410792829184,
          1.000780537887843,
          1.0006749395420829,
          1.000684502809557
        ],
        [
          1.1036254284083329,
          1.014364052055461,
          1.005860445334201,
          1.045286758166999,
          1.0142511235390506,
          1.221182017675378,
          1.220362747968428,
          1.0457849648576372,
          1.0167862445819227,
          1.1055246202830082,
          1.0167773822873432,
          1.221151327520248,
          1.1040593543464214,
          0.0,
          1.0392677593942206,
          1.039493232631247,
          1.0006690874850825,
          1.0007503325640446,
          1.0001446925872435,
          1.0004476392172272,
          0.9985911149570165,
          1.0003898968234148,
          1.0005081428938671,
          1.0015510105269534,
          1.000808124309595,
          1.0007462747464577,
          1.0007169218018208,
          1.0005038727515823,
          1.0007003269334287,
          1.0009015595747504,
          1.001289808811262,
          0.9990372785302989,
          1.0008252467777021,
          1.0006251110375604,
          1.001054180969471,
          1.0009493922276336,
          1.001364939776009
        ],
        [
          1.004691681614822,
          1.0012285825577178,
          1.0007759182233502,
          1.002684440020327,
          1.0011208704795374,
          1.0157331389663538,
          1.1028019439090768,
          1.0025833768075754,
          1.0012918529384993,
          1.0064379250246225,
          1.001265614622264,
          1.0154956125279677,
          1.221777464993401,
          1.0392677593942206,
          0.0,
          1.3981228276151596,
          1.0003635045547594,
          1.0004499089754213,
          0.9998311198285245,
          1.000153010736839,
          0.9982482592515848,
          1.0000911663715695,
          1.0002116881462286,
          1.0006875511493434,
          0.9999312171145205,
          1.0004459701799813,
          1.0004133124432923,
          1.0001923563176027,
          1.000150778015507,
          1.0003527547082995,
          1.0007032097838784,
          0.9986656299924257,
          1.000497481769496,
          1.0002138572933184,
          1.0005462366170357,
          1.0004390628035638,
          1.000406638362723
        ],
        [
          1.004843905543122,
          1.0013938932453956,
          1.0009405394441542,
          1.002849733009591,
          1.0012849244414075,
          1.0159252151436244,
          1.103095728108653,
          1.0027495641934185,
          1.0014577201351451,
          1.0066127082826528,
          1.0014311711318808,
          1.0156824196421563,
          1.2221725532698666,
          1.039493232631247,
          1.3981228276151596,
          0.0,
          1.0005249651634154,
          1.0006106837157163,
          0.999984121950187,
          1.0003036065723947,
          0.9983792180441756,
          1.0002424671573542,
          1.0003646534083257,
          1.0008518108554503,
          1.0000868679743415,
          1.00060615885518,
          1.000574895913927,
          1.0003522715604376,
          1.0003076074159842,
          1.0005131358714823,
          1.0008679744300182,
          0.9988045980403186,
          1.000656434485164,
          1.0003715248639724,
          1.000709751334598,
          1.0006013729752028,
          1.0005686836495873
        ],
        [
          0.9986718748820336,
          1.0005491924667007,
          1.0004947811405895,
          1.0003855359043994,
          1.0004403046691859,
          1.0006303078041636,
          0.9998160755331268,
          1.0002389187188025,
          1.0004966646739348,
          1.0003981516891247,
          1.0004691098556244,
          1.000390503964168,
          1.0005820686575968,
          1.0006690874850825,
          1.0003635045547594,
          1.0005249651634154,
          0.0,
          1.334512101714586,
          0.9997966159656843,
          1.0000800036850652,
          0.9981446718477631,
          1.0000165462162303,
          1.0001388213330287,
          1.0005967360200205,
          1.0002846361692717,
          1.3322993059037034,
          1.0007954219544701,
          1.0001159056784659,
          1.0000655441820971,
          1.0002700302205143,
          1.0006240203335264,
          0.9985659722104074,
          1.0004267194349292,
          1.0001350127935364,
          1.000467587853133,
          1.0003587392097852,
          1.000307372193679
        ],
        [
          0.9987891143681227,
          1.0006326523333566,
          1.0005796719721454,
          1.0004712656116392,
          1.0005257664578104,
          1.000712799120093,
          0.999913127087762,
          1.0003286699308616,
          1.0005815744316149,
          1.0004850033110844,
          1.0005545290662021,
          1.0004761346725473,
          1.0006649623896882,
          1.0007503325640446,
          1.0004499089754213,
          1.0006106837157163,
          1.334512101714586,
          0.0,
          1.4997716104300627,
          1.0001686773238927,
          0.9982698108427125,
          1.0001063534663168,
          1.0002265183217645,
          1.0006791850130465,
          1.0003812548152158,
          1.3323202395741813,
          1.0008826957655406,
          1.0002078550240079,
          1.0001570766652543,
          1.0003584417076412,
          1.0007060866924775,
          0.9986846958250876,
          1.0005105513883,
          1.0002253020370626,
          1.0005528233916097,
          1.0004460017866237,
          1.0003957259828733
        ],
        [
          0.998081421974339,
          1.0000205098252817,
          0.9999615720872562,
          0.9998556795674073,
          0.999907792692704,
          1.0001013649359232,
          0.9992609438021197,
          0.9996957499374878,
          0.9999631642271304,
          0.9998604538957886,
          0.9999346190074299,
          0.9998608621588485,
          1.0000543470009562,
          1.0001446925872435,
          0.9998311198285245,
          0.999984121950187,
          0.9997966159656843,
          1.4997716104300627,
          0.0,
          1.5000079722149884,
          0.9989437918115298,
          0.999490548052325,
          0.9996162886228627,
          1.0000704666092972,
          0.9992749702501553,
          0.9998923109898439,
          0.999804459375601,
          0.9995684427383554,
          0.9995249501824949,
          0.999732686618863,
          1.0000982180389957,
          0.9979745584168705,
          0.9999053128984263,
          0.9995966790361633,
          0.999934354501358,
          0.999821512709827,
          0.9997674600044694
        ],
        [
          0.9985165522137242,
          1.0003315957884509,
          1.0002779253324956,
          1.0001750501722513,
          1.0002262330858995,
          1.0004089008287473,
          0.9996219504906403,
          1.0000299543840088,
          1.000279585130831,
          1.000184007825209,
          1.0002529118788677,
          1.0001798746816708,
          1.0003633456849392,
          1.0004476392172272,
          1.000153010736839,
          1.0003036065723947,
          1.0000800036850652,
          1.0001686773238927,
          1.5000079722149884,
          0.0,
          1.4977550952604952,
          0.9998255014680572,
          0.9999434946764958,
          1.000377820775609,
          0.9996344271251641,
          1.0001648183579057,
          1.0001296022065127,
          0.9999107832849194,
          0.9998656319203686,
          1.000061934004967,
          1.0004041524389562,
          0.9984151238086273,
          1.000217660199633,
          0.9999327896024778,
          1.0002519622012886,
          1.000146568529748,
          1.000096527046176
        ],
        [
          0.9962947765900277,
          0.998451970274323,
          0.9983784648286005,
          0.9982807120231543,
          0.9983258483451408,
          0.9985332668525269,
          0.9976000476878085,
          0.9980783236899013,
          0.9983793343435109,
          0.9982621155186459,
          0.9983473441422761,
          0.998286608407449,
          0.9984891720182443,
          0.9985911149570165,
          0.9982482592515848,
          0.9983792180441756,
          0.9981446718477631,
          0.9982698108427125,
          0.9989437918115298,
          1.4977550952604952,
          0.0,
          1.4975749295029759,
          1.497783463269413,
          0.9985103869574382,
          0.9976179477381437,
          0.9982718456733283,
          0.9982092157496786,
          0.9979367346361583,
          0.9979120075571902,
          0.9981332193723156,
          0.998539407307136,
          0.9961833104464708,
          0.9983563576507665,
          0.9979917375448729,
          0.998350790301716,
          0.9982240708660292,
          0.9981610156819429
        ],
        [
          0.9984304272600978,
          1.0002721089080777,
          1.0002173490155009,
          1.000113728728587,
          1.0001651702162655,
          1.0003502213778828,
          0.99955177846019,
          0.9999655646495074,
          1.0002189954529654,
          1.0001219035235687,
          1.0001919212361936,
          1.0001186289562347,
          1.000304310254537,
          1.0003898968234148,
          1.0000911663715695,
          1.0002424671573542,
          1.0000165462162303,
          1.0001063534663168,
          0.999490548052325,
          0.9998255014680572,
          1.4975749295029759,
          0.0,
          0.9998799324752824,
          1.0003191234313729,
          0.9995645326198913,
          1.0001034306030585,
          1.0000670547859678,
          0.999844632015012,
          0.9997997375717589,
          0.9999985428450668,
          1.0003457737134034,
          0.9983277929185357,
          1.0001577463415556,
          0.9998678781653513,
          1.0001911015941038,
          1.0000841139737997,
          1.0000332281050714
        ],
        [
          0.9985666865977568,
          1.00039151301955,
          1.0003378660282842,
          1.0002336396413,
          1.0002856092696664,
          1.0004695804270436,
          0.9996783104811902,
          1.000088734366239,
          1.0003395760851026,
          1.0002435970553383,
          1.0003127678223758,
          1.00023848378218,
          1.0004234544094874,
          1.0005081428938671,
          1.0002116881462286,
          1.0003646534083257,
          1.0001388213330287,
          1.0002265183217645,
          0.9996162886228627,
          0.9999434946764958,
          1.497783463269413,
          0.9998799324752824,
          0.0,
          1.000437876249726,
          0.9996907539649958,
          1.0002232381869411,
          1.0001885167835132,
          0.9999689165439476,
          0.9999225829407686,
          1.0001203371721716,
          1.0004644219021919,
          0.9984644210542194,
          1.0002756727286721,
          0.9999901045963274,
          1.0003116633427191,
          1.000205746808129,
          1.0001555478551927
        ],
        [
          1.0039140767742143,
          1.0325489274967865,
          1.1010815986057803,
          1.0131987615765206,
          1.032426640554549,
          1.0011359234561108,
          1.0003439790587103,
          1.0005754262678541,
          1.000805429949764,
          1.0007787179573886,
          1.0007787963500796,
          1.002546866732463,
          1.0009520427718337,
          1.0015510105269534,
          1.0006875511493434,
          1.0008518108554503,
          1.0005967360200205,
          1.0006791850130465,
          1.0000704666092972,
          1.000377820775609,
          0.9985103869574382,
          1.0003191234313729,
          1.000437876249726,
          0.0,
          1.4046117934670517,
          1.0007353857815833,
          1.0006450954346617,
          1.000551606784604,
          1.0462147923114749,
          1.046574341003709,
          1.055029587728377,
          1.0064879868050993,
          1.0083463541792663,
          1.0228072242932982,
          1.0392803504736041,
          1.0391597258357086,
          1.103410404386047
        ],
        [
          1.0030090024869702,
          1.0316572340119239,
          1.0999494213915608,
          1.0123794476630297,
          1.0315268609737285,
          1.0003883281078245,
          0.9995421770593019,
          0.9998009366899123,
          1.0000502957362039,
          1.0000148754110048,
          1.000021682745335,
          1.0017824348475985,
          1.0002063212315777,
          1.000808124309595,
          0.9999312171145205,
          1.0000868679743415,
          1.0002846361692717,
          1.0003812548152158,
          0.9992749702501553,
          0.9996344271251641,
          0.9976179477381437,
          0.9995645326198913,
          0.9996907539649958,
          1.4046117934670517,
          0.0,
          1.4994386166010145,
          1.0019466968194586,
          0.9997687618622823,
          1.0452449898078016,
          1.0456135705129175,
          1.0540592669924147,
          1.005568032077108,
          1.0075663243839676,
          1.021929225805937,
          1.038364469807229,
          1.0382354192860346,
          1.1022717041496963
        ],
        [
          0.9987952902894638,
          1.000649720988517,
          1.0006248210086193,
          1.0004780875251797,
          1.0005431524626314,
          1.0007083984999319,
          0.9999111164682349,
          1.0003250733137257,
          1.0005771825266883,
          1.0004810519047203,
          1.0005502159362325,
          1.0004743954351998,
          1.0006604784547584,
          1.0007462747464577,
          1.0004459701799813,
          1.00060615885518,
          1.3322993059037034,
          1.3323202395741813,
          0.9998923109898439,
          1.0001648183579057,
          0.9982718456733283,
          1.0001034306030585,
          1.0002232381869411,
          1.0007353857815833,
          1.4994386166010145,
          0.0,
          1.5002665196127918,
          1.0002045335694925,
          1.0001853193432806,
          1.0003861350898258,
          1.0007381536584667,
          0.9986940791603807,
          1.0005145662869928,
          1.0002415936793663,
          1.000574585880622,
          1.0004680776868478,
          1.0004417391698535
        ],
        [
          0.998734021323756,
          1.0005980177900737,
          1.0005443693576703,
          1.0004350427338982,
          1.0004899369725735,
          1.0006788348289009,
          0.9998703471172675,
          1.0002903154133294,
          1.0005460799130486,
          1.000448422611693,
          1.0005187275432108,
          1.0004399366664136,
          1.0006306146534178,
          1.0007169218018208,
          1.0004133124432923,
          1.000574895913927,
          1.0007954219544701,
          1.0008826957655406,
          0.999804459375601,
          1.0001296022065127,
          0.9982092157496786,
          1.0000670547859678,
          1.0001885167835132,
          1.0006450954346617,
          1.0019466968194586,
          1.5002665196127918,
          0.0,
          1.00016798477672,
          1.0001174316753418,
          1.000320773482466,
          1.0006723001030178,
          0.9986285696722835,
          1.0004751858865346,
          1.0001863755123725,
          1.000517135106495,
          1.0004091044272017,
          1.0003582699568274
        ],
        [
          0.9984781738287584,
          1.0004276236628231,
          1.0004616901228907,
          1.0002353183157118,
          1.0003166915886976,
          1.0004626916735746,
          0.9996341015409524,
          1.000063467294469,
          1.0003261299636454,
          1.0002257472534521,
          1.0002980547487006,
          1.0002238342787784,
          1.000414171903672,
          1.0005038727515823,
          1.0001923563176027,
          1.0003522715604376,
          1.0001159056784659,
          1.0002078550240079,
          0.9995684427383554,
          0.9999107832849194,
          0.9979367346361583,
          0.999844632015012,
          0.9999689165439476,
          1.000551606784604,
          0.9997687618622823,
          1.0002045335694925,
          1.00016798477672,
          0.0,
          2.0005424814757817,
          1.0007554508021994,
          1.0007614124836317,
          0.9984257374059994,
          1.0003228514601044,
          1.0001161774088425,
          1.0003538577185673,
          1.0002429121942669,
          1.0002734571189744
        ],
        [
          1.0006256004701142,
          1.015606104298245,
          1.0513934720184042,
          1.0059592129445387,
          1.015487026562007,
          1.000496092218866,
          0.9996753905498393,
          1.0000243967466522,
          1.0002765190387906,
          1.0002054089700838,
          1.0002487527879718,
          1.000980720521138,
          1.0003911649725539,
          1.0007003269334287,
          1.000150778015507,
          1.0003076074159842,
          1.0000655441820971,
          1.0001570766652543,
          0.9995249501824949,
          0.9998656319203686,
          0.9979120075571902,
          0.9997997375717589,
          0.9999225829407686,
          1.0462147923114749,
          1.0452449898078016,
          1.0001853193432806,
          1.0001174316753418,
          2.0005424814757817,
          0.0,
          1.4150734844173558,
          1.1339752786223471,
          1.0188344664978888,
          1.0208523319326572,
          1.0581150821722831,
          1.0189092258838828,
          1.0187906513575977,
          1.0527001477590507
        ],
        [
          1.0008579876874246,
          1.0158715600125867,
          1.051783681818555,
          1.0061881764965623,
          1.0157537057713089,
          1.0006979603230115,
          0.9998854479982694,
          1.0002302653070114,
          1.0004791896679324,
          1.0004097075244442,
          1.0004517393736148,
          1.001186589968719,
          1.0005920422828025,
          1.0009015595747504,
          1.0003527547082995,
          1.0005131358714823,
          1.0002700302205143,
          1.0003584417076412,
          0.999732686618863,
          1.000061934004967,
          0.9981332193723156,
          0.9999985428450668,
          1.0001203371721716,
          1.046574341003709,
          1.0456135705129175,
          1.0003861350898258,
          1.000320773482466,
          1.0007554508021994,
          1.4150734844173558,
          0.0,
          1.1345857027924515,
          1.01913175099881,
          1.0211266211506005,
          1.0585130097527573,
          1.0191848682827873,
          1.0190675918437382,
          1.05308966483085
        ],
        [
          1.0016562325020628,
          1.0189383002367818,
          1.0612880874891462,
          1.007578371180214,
          1.0188222028107956,
          1.001059049790669,
          1.000269345684114,
          1.0005890467903291,
          1.0008283096740458,
          1.00076763635871,
          1.0008017059342629,
          1.0016829754044887,
          1.0009419455683852,
          1.001289808811262,
          1.0007032097838784,
          1.0008679744300182,
          1.0006240203335264,
          1.0007060866924775,
          1.0000982180389957,
          1.0004041524389562,
          0.998539407307136,
          1.0003457737134034,
          1.0004644219021919,
          1.055029587728377,
          1.0540592669924147,
          1.0007381536584667,
          1.0006723001030178,
          1.0007614124836317,
          1.1339752786223471,
          1.1345857027924515,
          0.0,
          1.1088572216050558,
          1.1112040627231095,
          1.2758972578380217,
          1.022820477970833,
          1.0227051979975748,
          1.0628147218107822
        ],
        [
          0.9970495738580029,
          1.0012189504173894,
          1.0071902602162202,
          0.9995456400636836,
          1.0010930963891127,
          0.9989605180957973,
          0.998040485794577,
          0.9985031714807071,
          0.9987979019002494,
          0.9986867330150101,
          0.9987664481629462,
          0.9988117387001451,
          0.9989075160453912,
          0.9990372785302989,
          0.9986656299924257,
          0.9988045980403186,
          0.9985659722104074,
          0.9986846958250876,
          0.9979745584168705,
          0.9984151238086273,
