# Position (bp)	A	C	G	T	N
0.0	26.206783189962195	23.71267327817654	23.909922743959235	26.17062078790203	0.0
1.0	26.133636513067778	23.830201084872062	23.719796175552023	26.316366226508137	0.0
2.0	26.152990584309737	23.7282517279449	23.824956373329243	26.293801314416115	0.0
3.0	26.200012053539634	23.66219407294583	23.74273363321079	26.395060240303746	0.0
4.0	26.291697142528413	23.646529312985045	23.758296967754482	26.303476576732056	0.0
5.0	26.282067085781595	23.749024119653203	23.80928901124488	26.15961978332032	0.0
6.0	26.28136119716979	23.7782178868737	23.743977033975145	26.196443881981367	0.0
7.0	26.235026967209297	23.819345719897118	23.7229266475472	26.222700665346384	0.0
8.0	26.272395837613228	23.893184762749982	23.74225852486722	26.092160874769572	0.0
9.0	26.14835956459574	23.84890135474929	23.772481004475658	26.230258076179314	0.0
10.0	26.3178221320164	23.790780928590408	23.66259370951352	26.22880322987967	0.0
11.0	26.22825542125114	23.769142487763325	23.769690296391857	26.232911794593676	0.0
12.0	26.224075027664263	23.847961609676467	23.784963789948836	26.14299957271044	0.0
13.0	26.278581836906863	23.682523857000426	23.75538220503325	26.283512101059458	0.0
14.0	26.270912537113933	23.669376485926836	23.798658968150495	26.26105200880874	0.0
15.0	26.30597219331018	23.815093181992484	23.66526793246634	26.213666692230998	0.0
16.0	26.22051428133183	23.847687706112435	23.831527395834478	26.100270616721268	0.0
17.0	26.15443188447875	23.704645117819297	23.834201148748402	26.306721848953558	0.0
18.0	26.32151260089895	23.7202575782061	23.789007184470805	26.169222636424145	0.0
19.0	26.3026133067465	23.733404913268675	23.653699194451825	26.310282585533002	0.0
20.0	26.24290249333732	23.639456248134035	23.759151777766213	26.358489480762437	0.0
21.0	26.20784293317045	23.713683910674817	23.81201502083031	26.26645813532442	0.0
22.0	26.210034155680884	23.763808125600875	23.7657254452975	26.260432273420747	0.0
23.0	26.22372929637106	23.768190570621734	23.69451071370856	26.313569419298645	0.0
24.0	26.33685115847195	23.81064550676129	23.677254836438934	26.175248498327825	0.0
25.0	26.21085586412229	23.70574072907451	23.915276381634268	26.16812702516893	0.0
26.0	26.13854552127814	23.830640412168954	23.727652954178797	26.303161112374106	0.0
27.0	26.15744481543059	23.7355961357791	23.825436258706688	26.28152279008362	0.0
28.0	26.185930708066163	23.66848994639722	23.746552248331245	26.39902709720537	0.0
29.0	26.29193109700816	23.649864555058574	23.75586494400057	26.302339403932695	0.0
30.0	26.278783761945583	23.750112984910693	23.80927599269227	26.16182726045145	0.0
31.0	26.27850985913178	23.767916667807928	23.740252483613762	26.213320989446526	0.0
32.0	26.233315894854186	23.81448014615454	23.725735634482174	26.2264683245091	0.0
33.0	26.276318636621355	23.886242683371087	23.744087123007017	26.093351557000545	0.0
34.0	26.145119188809428	23.855839471038887	23.773394724084003	26.22564661606769	0.0
35.0	26.305352334884535	23.78544644789136	23.66848994639722	26.240711270826882	0.0
36.0	26.22865954701953	23.762438611531856	23.778324974732463	26.230576866716156	0.0
37.0	26.222561860781056	23.847283165431367	23.7955156754151	26.134639298372477	0.0
38.0	26.281998608577517	23.68157241696659	23.75251305143333	26.283915923022565	0.0
39.0	26.272959840479437	23.67718998394934	23.78620300525344	26.263647170317782	0.0
40.0	26.297611026201473	23.816880036374194	23.660481958071074	26.22502697935326	0.0
41.0	26.22667039173473	23.8393400055876	23.829753433362367	26.1042361693153	0.0
42.0	26.15620591900738	23.686711677782498	23.83598789356195	26.321094509648173	0.0
43.0	26.306851641353617	23.717662526191813	23.800380722825565	26.175105109628998	0.0
44.0	26.290965365178927	23.729440282666157	23.660143250386888	26.31945110176803	0.0
45.0	26.236185102507566	23.643983072898834	23.760938933702185	26.35889289089141	0.0
46.0	26.203864747531462	23.733548802366506	23.798737314945427	26.263849135156605	0.0
47.0	26.221942234213014	23.777920815130308	23.74340924964735	26.256727701009325	0.0
48.0	26.237828510387708	23.781481532203948	23.685342171215712	26.295347786192636	0.0
49.0	26.34355441734343	23.817636505567044	23.675755625248225	26.1630534518413	0.0
50.0	26.209616675111956	23.714375710431533	23.92226680726934	26.15374080718717	0.0
51.0	26.143058655966257	23.83270107780167	23.728618578726085	26.295621687505992	0.0
52.0	26.150180090113533	23.74012243388707	23.82366233446089	26.286035141538505	0.0
53.0	26.172913899122147	23.678494638381792	23.751078486421342	26.397512976074722	0.0
54.0	26.281652720524797	23.64069625713855	23.767786466536105	26.309864555800544	0.0
55.0	26.277544200824444	23.750804585107986	23.809145564852983	26.16250564921459	0.0
56.0	26.274805187690873	23.760938933702185	23.747791670661062	26.216464207945876	0.0
57.0	26.226050753913366	23.814897492433477	23.72998808529287	26.229063668360293	0.0
58.0	26.265766444350103	23.88994645229324	23.744778756214135	26.099508347142525	0.0
59.0	26.132102603431985	23.849409057916432	23.787781262411155	26.230707076240428	0.0
60.0	26.304934332160123	23.78723345978444	23.672468809487942	26.235363398567497	0.0
61.0	26.22742026048015	23.762856242895687	23.779838124323806	26.22988537230036	0.0
62.0	26.22844402568092	23.83592260665688	23.78771610754432	26.147917260117886	0.0
63.0	26.290619453513596	23.669938865394307	23.755943642220128	26.283498038871965	0.0
64.0	26.27911562986173	23.672403970462565	23.78086859346583	26.267611806209874	0.0
65.0	26.30541008392313	23.813188859916295	23.657613340053025	26.223787716107545	0.0
66.0	26.238852247080217	23.838661612288277	23.825514385257577	26.096971755373925	0.0
67.0	26.163457930358234	23.70000301289794	23.829283724599215	26.307255332144607	0.0
68.0	26.31684182559703	23.71534140242182	23.79532014779634	26.172496624184806	0.0
69.0	26.297394938879258	23.729858092506923	23.67316083123115	26.29958613738267	0.0
70.0	26.230563384525208	23.664396037217507	23.75368737623152	26.351353202025763	0.0
71.0	26.210020898555726	23.739170686146423	23.79532014779634	26.255488267501516	0.0
72.0	26.223441989389123	23.782720756401723	23.738075086894717	26.25576216731444	0.0
73.0	26.241519377042266	23.794224548544634	23.672886931418226	26.291369142994874	0.0
74.0	26.336836511940664	23.817779932456308	23.674530330295784	26.170853225307244	0.0
75.0	26.20755580023939	23.713698003544266	23.91693166473567	26.161814531480676	0.0
76.0	26.1423676447629	23.83366612160604	23.71999769924157	26.303968534389494	0.0
77.0	26.147571741208502	23.729036393068142	23.830379323850924	26.293012541872436	0.0
78.0	26.174961722501145	23.66795673478555	23.74464868240495	26.412432860308353	0.0
79.0	26.290821343369025	23.642210152370467	23.7493049792247	26.31766352503581	0.0
80.0	26.285617246923422	23.749578879037625	23.808467338816808	26.156336535222145	0.0
81.0	26.279591451039042	23.76601286781321	23.73862288652057	26.215772794627178	0.0
82.0	26.229193885460578	23.8166843332046	23.71917599980279	26.234945781532033	0.0
83.0	26.257131666379074	23.891732881946442	23.75396127604445	26.097174175630037	0.0
84.0	26.122646858232194	23.840787516742125	23.799428644990236	26.23713698003544	0.0
85.0	26.296025439814624	23.768204066316624	23.68411682374821	26.251653670120547	0.0
86.0	26.223441989389123	23.743553083153245	23.78929435191196	26.243710575545677	0.0
87.0	26.238982410202194	23.82867065828901	23.7892291932577	26.1431177382511	0.0
88.0	26.289379837742192	23.668439706599322	23.747322636661938	26.29485781899654	0.0
89.0	26.273493692104587	23.674465485979105	23.78019052418803	26.27185029772828	0.0
90.0	26.301705295564474	23.80922382483607	23.664879018783996	26.224191860815456	0.0
91.0	26.2406258045785	23.84400900580118	23.820179787344767	26.095185402275554	0.0
92.0	26.171805455506586	23.700420981706333	23.81847115439922	26.309302408387865	0.0
93.0	26.31560206957565	23.71548538889452	23.79820267927329	26.170709862256537	0.0
94.0	26.30409834045013	23.72753691464507	23.66207521795458	26.306289526950223	0.0
95.0	26.22768071125914	23.660431828079506	23.758761322271493	26.35312613838986	0.0
96.0	26.217272575383667	23.733288779207832	23.794094204585605	26.2553444408229	0.0
97.0	26.232884779196873	23.782864373772593	23.73575386402044	26.24849698301009	0.0
98.0	26.242197321822303	23.790259628210432	23.671935557205032	26.295607492762237	0.0
99.0	26.342444104201874	23.823675222336956	23.66727928589232	26.16660138756885	0.0
100.0	26.2202854568213	23.70809013445668	23.908035902590804	26.163588506131212	0.0
101.0	26.148524098943028	23.822031832461878	23.720689456832254	26.308754611762836	0.0
102.0	26.14907189556805	23.725893524769994	23.828331493649667	26.296703086012286	0.0
103.0	26.171805455506586	23.67522233695518	23.748353186396017	26.40461902114221	0.0
104.0	26.294511899512184	23.639067759703533	23.742875220145766	26.323545120638514	0.0
105.0	26.283008170386662	23.74095793195818	23.809432510086307	26.16660138756885	0.0
106.0	26.283829865324197	23.75711793239642	23.746983694833457	26.212068507445924	0.0
107.0	26.22576342307155	23.815458272961582	23.72863250789512	26.230145796071753	0.0
108.0	26.255892237447924	23.885576240964777	23.756296237458884	26.102235284128415	0.0
109.0	26.117847487941624	23.843122002525345	23.80477623877359	26.23425427075944	0.0
110.0	26.282460373761634	23.773277932834656	23.680152506580406	26.264109186823298	0.0
111.0	26.22329833825894	23.738218948833058	23.788616238335354	26.249866474572652	0.0
112.0	26.229526157217204	23.829635716242127	23.787729389208437	26.153108737332236	0.0
113.0	26.295261572172006	23.657080251985757	23.745275267050122	26.30238290879211	0.0
114.0	26.28266228430567	23.662010408107367	23.77704738427828	26.278279923308684	0.0
115.0	26.30238290879211	23.805806628321008	23.64804163242947	26.24376883045741	0.0
116.0	26.238564776773487	23.84470008216927	23.818132018625036	26.098603122432213	0.0
117.0	26.182213591382066	23.702064371581407	23.810528103336356	26.305193933700178	0.0
118.0	26.325188510513588	23.710829117581806	23.788616238335354	26.17536613356925	0.0
119.0	26.304372238762635	23.729454202832656	23.662349116267094	26.303824442137614	0.0
120.0	26.23973223700969	23.662349116267094	23.75054437289612	26.3473742738271	0.0
121.0	26.219737660196273	23.727810812957582	23.796011492773193	26.25644003407295	0.0
122.0	26.237814948822102	23.78450776364767	23.73520606739542	26.24247122013481	0.0
123.0	26.248770881322603	23.78259047546008	23.67960470995538	26.289033933261933	0.0
124.0	26.3473742738271	23.825866408837054	23.66837487914237	26.158384438193476	0.0
125.0	26.225489524759038	23.708637931081704	23.909953190778392	26.155919353380863	0.0
126.0	26.15345426856825	23.823127425711927	23.72561962645748	26.297798679262335	0.0
127.0	26.14688070906795	23.731645389332755	23.831344375087305	26.290129526511986	0.0
128.0	26.17920070994443	23.68124809983046	23.74232742352074	26.397223766704375	0.0
129.0	26.29149901807455	23.639341658016043	23.749174881333555	26.31998444257585	0.0
130.0	26.287664441699377	23.748079288083506	23.794368102898115	26.169888167319	0.0
131.0	26.283829865324197	23.764787085146768	23.726989118020043	26.22439393150899	0.0
132.0	26.225215626446523	23.820662340899318	23.709733524331757	26.2443885083224	0.0
133.0	26.256166135760438	23.888041325777394	23.75410505095878	26.10168748750339	0.0
134.0	26.120586471066755	23.83052268014977	23.813267086461483	26.235623762322003	0.0
135.0	26.277804102448926	23.76725216995938	23.68042640489292	26.274517322698777	0.0
136.0	26.21782037200869	23.744244711708333	23.795737594460682	26.242197321822303	0.0
137.0	26.229943741132516	23.831957447041617	23.78073832231346	26.157360489512406	0.0
138.0	26.297322910561	23.659127138466932	23.74294025165846	26.30060969931361	0.0
139.0	26.274863187418173	23.66268782628226	23.78156001950161	26.280888966797956	0.0
140.0	26.302872935137785	23.797511346299753	23.660835339649463	26.238780378913003	0.0
141.0	26.230837284338133	23.845991613187728	23.82216232946313	26.10100877301101	0.0
142.0	26.183798233889167	23.70581983916559	23.798124328943622	26.312257598001622	0.0
143.0	26.31972500308139	23.725605664279158	23.785863953217657	26.168805379421794	0.0
144.0	26.312055766307402	23.74724386803435	23.650556704419397	26.290143661238858	0.0
145.0	26.245223845848344	23.661238855640313	23.74696996672099	26.346567331790354	0.0
146.0	26.217357721573077	23.730874788410656	23.788668123825644	26.263099366190623	0.0
147.0	26.243378417613002	23.787298613507755	23.729231376029187	26.240091592850064	0.0
148.0	26.254334500156123	23.78647690731702	23.671985844741357	26.287202747785503	0.0
149.0	26.357321676061506	23.82619270653585	23.671164138550623	26.145321478852026	0.0
150.0	26.24701103554437	23.70820585439874	23.895829281854212	26.148953828202675	0.0
151.0	26.161553357637647	23.8188625911754	23.72628344010978	26.293300611077175	0.0
152.0	26.155253592920158	23.728748565434014	23.823245036196255	26.29275280544957	0.0
153.0	26.18319167992813	23.681089475832184	23.73778735828953	26.397931485950153	0.0
154.0	26.289192068870122	23.652329680382806	23.747100053958857	26.311378196788215	0.0
155.0	26.291657194194357	23.75504323555916	23.788733281657002	26.16456628858948	0.0
156.0	26.287274749173502	23.77640765503584	23.732857107641067	26.203460488149595	0.0
157.0	26.224824907626278	23.836666274072634	23.712314396605798	26.226194421695293	0.0
158.0	26.25988446779314	23.901855143757892	23.74737395677266	26.090886431676314	0.0
159.0	26.107868406132134	23.83474895437601	23.829270898099935	26.228111741391917	0.0
160.0	26.27166228878669	23.783529128194733	23.69807145028801	26.246737132730562	0.0
161.0	26.210034155680884	23.757234458069586	23.799689394209146	26.233041992040384	0.0
162.0	26.21887085994763	23.830157878014308	23.792906993305795	26.158064268732268	0.0
163.0	26.277760126214762	23.671841618003135	23.753190976520987	26.29720727926112	0.0
164.0	26.256669551784206	23.675128460771532	23.778116200848007	26.290085786596258	0.0
165.0	26.292349030789588	23.80858470901775	23.660128570685117	26.238937689507548	0.0
166.0	26.22222952633727	23.844740078500976	23.825566776502296	26.10746361865946	0.0
167.0	26.18039387548276	23.69607494042565	23.810841162453094	26.312690021638502	0.0
168.0	26.321527079698377	23.706822172127893	23.79474593866153	26.1769048095122	0.0
169.0	26.3075578831463	23.732021507084575	23.653136632437572	26.30728397733155	0.0
170.0	26.242916110866116	23.65697131384402	23.746812421080886	26.353300154208974	0.0
171.0	26.22271890612674	23.71537821018494	23.792072048382856	26.269830835305463	0.0
172.0	26.239975019721275	23.78056797265317	23.730716977824525	26.24874002980103	0.0
173.0	26.245727057586116	23.79261986151284	23.680044263300903	26.281608817600137	0.0
174.0	26.355015777018142	23.82932334122184	23.682509422385838	26.133151459374176	0.0
175.0	26.233747024681787	23.713251909818755	23.90854782558678	26.14445323991268	0.0
176.0	26.14883575695656	23.828566889535917	23.72311257316749	26.299484780340027	0.0
177.0	26.149931386217535	23.731329792624773	23.8329494065798	26.28578941457789	0.0
178.0	26.1940304639716	23.68147866125061	23.729960256048557	26.394530618729235	0.0
179.0	26.282228619479742	23.653540115095854	23.749681582746028	26.314549682678372	0.0
180.0	26.285241599947412	23.756255358311854	23.789945958086705	26.168557083654033	0.0
181.0	26.28743285846935	23.775702777694082	23.728864626787587	26.207999737048976	0.0
182.0	26.226077619854994	23.82473218712252	23.713251909818755	26.23593828320373	0.0
183.0	26.26168557083654	23.898413254922797	23.742559992549722	26.097341181690943	0.0
184.0	26.107201845039675	23.837331923623683	23.820897484709125	26.234568746627517	0.0
185.0	26.27784610243586	23.78364608983612	23.686408992924974	26.25209881480305	0.0
186.0	26.212656161408106	23.75187284126797	23.794602382445827	26.2408686148781	0.0
187.0	26.220945201952418	23.829179974033515	23.792476293256932	26.157398530757135	0.0
188.0	26.273809458593316	23.665109042800875	23.76535939477274	26.295722103833068	0.0
189.0	26.25408807787754	23.660726513752923	23.798502270697863	26.286683137671673	0.0
190.0	26.291411589081992	23.805962994918993	23.669008587041375	26.23361682895764	0.0
191.0	26.229234287905555	23.844310229124723	23.8297930618897	26.096662421080026	0.0
192.0	26.17205903298967	23.70605121013246	23.81150639304927	26.3103833638286	0.0
193.0	26.324698767129668	23.72419422432707	23.779798018532773	26.171308990010488	0.0
194.0	26.31127716163174	23.739807112355273	23.64914279766519	26.2997729283478	0.0
195.0	26.235547727764523	23.66789835680301	23.757741432723147	26.33881248270932	0.0
196.0	26.205763120411962	23.736989153062343	23.802180344034184	26.25506738249151	0.0
197.0	26.223019612139804	23.798619480661774	23.73123698915306	26.24712391804536	0.0
198.0	26.23397611482415	23.799715130930206	23.6750849128958	26.291223841349844	0.0
199.0	26.338884628026733	23.832858551550345	23.674537087761585	26.153719732661333	0.0
200.0	26.22391318043492	23.71979763284111	23.904141295445644	26.152147891278325	0.0
201.0	26.146669624930496	23.838128185954275	23.7233585059672	26.29184368314803	0.0
202.0	26.143108751804405	23.73678025851939	23.833471659558615	26.286639330117588	0.0
203.0	26.18720879590445	23.689119341293257	23.731028078854166	26.392643783948134	0.0
204.0	26.292463528341887	23.646727548633443	23.745336612997768	26.315472310026898	0.0
205.0	26.29191570020653	23.74944532401295	23.789984606029396	26.16865436975112	0.0
206.0	26.291367872071174	23.778206301119212	23.725340886057225	26.20508494075239	0.0
207.0	26.23603723040008	23.821758637880126	23.71164518267329	26.230558949046507	0.0
208.0	26.268359090386163	23.898454576830158	23.746432269268485	26.086754063515194	0.0
209.0	26.1097628452002	23.840384794482276	23.82258038008316	26.227271980234363	0.0
210.0	26.28534176258224	23.781493269931357	23.690279885394354	26.242885082092045	0.0
211.0	26.214124104985785	23.756019261637242	23.79491505924761	26.234941574129365	0.0
212.0	26.21008718708656	23.83935443755701	23.794980237045884	26.15557813831055	0.0
213.0	26.283222443484526	23.668157676325816	23.763206118161374	26.285413762028288	0.0
214.0	26.27144410631182	23.664596783692208	23.789501940686485	26.27445716930949	0.0
215.0	26.289594495392738	23.819423900776822	23.66164853345605	26.229333070374388	0.0
216.0	26.2331678883301	23.844076301920698	23.820793478618153	26.101962331131052	0.0
217.0	26.171882489899335	23.70033554749024	23.809354242278985	26.31842772033144	0.0
218.0	26.319595479272696	23.721492081057537	23.784219089828362	26.174693349841405	0.0
219.0	26.300969118589656	23.73381834915661	23.646712721256513	26.31849981099722	0.0
220.0	26.23091819992166	23.651981932380647	23.757440292763366	26.35965957493433	0.0
221.0	26.214007099969322	23.72956567471622	23.78955384143402	26.26687338388044	0.0
222.0	26.22468992417934	23.788732085725556	23.72463514046544	26.261942849629662	0.0
223.0	26.249890432572204	23.786540737169652	23.667112240873035	26.29645658938511	0.0
224.0	26.356444756102903	23.815850024104833	23.67697330937459	26.15073191041767	0.0
225.0	26.242292595139027	23.723330530225628	23.908773909732627	26.12560296490272	0.0
226.0	26.16066463783757	23.844402869578794	23.71209983811368	26.28283265446995	0.0
227.0	26.155734090081108	23.736752576896	23.83015906494901	26.277354268073882	0.0
228.0	26.187234811858517	23.689912373209594	23.731548109819734	26.391304705112155	0.0
229.0	26.272495685758894	23.646150053414413	23.757635521954693	26.323718738872	0.0
230.0	26.25907360232284	23.75736160188457	23.799819212753718	26.18374558303887	0.0
231.0	26.274139206179637	23.7751664064426	23.737913276905797	26.212781110471965	0.0
232.0	26.215246391103076	23.815706576820883	23.725860793820363	26.243186238255678	0.0
233.0	26.247295039307527	23.889664995754238	23.754896321253458	26.108143643684773	0.0
234.0	26.109787164105512	23.835154901799655	23.815158736680637	26.239899197414196	0.0
235.0	26.27441312624976	23.782288328265814	23.683951023091463	26.259347522392968	0.0
236.0	26.210863669981098	23.758457282165065	23.785575369107296	26.24510367874654	0.0
237.0	26.22107053735047	23.824263358433612	23.79385814736392	26.160807956851993	0.0
238.0	26.278593909644478	23.66401967847174	23.755235311680806	26.302151100202977	0.0
239.0	26.25640632318822	23.657993420421892	23.79988440541377	26.285715850976114	0.0
240.0	26.2882093677495	23.825607227285303	23.657690084670783	26.228493320294415	0.0
241.0	26.234820697268617	23.835169139823535	23.834895206997338	26.09511495591051	0.0
242.0	26.182525442068787	23.68666876686436	23.819803037981618	26.311002753085237	0.0
243.0	26.310281725638017	23.72533120021039	23.79573521515686	26.16865185899473	0.0
244.0	26.306085660590323	23.742678523486255	23.642684550520244	26.308551265403178	0.0
245.0	26.243534388287383	23.666604567571124	23.741945382019026	26.347915662122475	0.0
246.0	26.214331703174015	23.738955328155182	23.781147686954615	26.265565281716185	0.0
247.0	26.238828216186004	23.786926478566066	23.72171778334274	26.25252752190519	0.0
248.0	26.246325070621662	23.78258117723777	23.668874135894985	26.302219616245587	0.0
249.0	26.344140525463526	23.8190222290416	23.68257377943026	26.154263466064613	0.0
