# Position (bp)	A	C	G	T	N
0.0	26.413680468825056	23.758011610831286	23.71134869549703	26.11695922484663	0.0
1.0	26.316237322097635	23.82690803288363	23.52579498510904	26.331059659909695	0.0
2.0	26.302470033788328	23.691628674240448	23.77534467662292	26.2305566153483	0.0
3.0	26.28525161591349	23.797225157474372	23.790637994208787	26.126885232403353	0.0
4.0	26.13178832848003	23.849411428900776	23.826082660687185	26.19271758193201	0.0
5.0	26.26757451760128	23.765221185749922	23.760281247169825	26.206923049478974	0.0
6.0	26.195572826617923	23.74514937456434	23.764085338075557	26.29519246074218	0.0
7.0	26.280865637400453	23.799814490590062	23.57808134971817	26.341238522291317	0.0
8.0	26.19340321606937	23.76351462598101	23.80742000987871	26.235662148070908	0.0
9.0	26.172235149492913	23.869473591781183	23.824472055143346	26.133819203582558	0.0
10.0	26.293202796588776	23.765791177794117	23.759754585066567	26.181251440550536	0.0
11.0	26.215001481709123	23.661522757954582	23.8585351933356	26.264940567000693	0.0
12.0	26.26164788005839	23.72765088737913	23.75673628870279	26.253964943859685	0.0
13.0	26.18838559559219	23.65164469712768	23.77512045746397	26.384849249816156	0.0
14.0	26.33710528915279	23.859083974492652	23.699663048369572	26.104147687984984	0.0
15.0	26.366739471633505	23.756461898124265	23.64258980803635	26.23420882220588	0.0
16.0	26.233934431627354	23.874724237468584	23.73204113663553	26.159300194268532	0.0
17.0	26.178507534765288	23.81271196672191	23.777589972670697	26.23119052584211	0.0
18.0	26.16698313046723	23.758657022752466	23.726278934486505	26.3480809122938	0.0
19.0	26.27866009592695	23.734785042420782	23.7841753465553	26.20237951509697	0.0
20.0	26.194970969476795	23.701858172997774	23.834114431846867	26.269056425678567	0.0
21.0	26.171647770302158	23.61624831249794	23.90847427862717	26.30362963857273	0.0
22.0	26.228721010635383	23.7043276882045	23.820394902920615	26.246556398239512	0.0
23.0	26.116495264018614	23.79652292258893	23.745486274983264	26.341495538409195	0.0
24.0	26.229544182370958	23.70377890704745	23.76963264589347	26.29704426468813	0.0
25.0	26.41558099461097	23.75673628870279	23.712559405560253	26.115123311125988	0.0
26.0	26.315428433449313	23.824236371019964	23.528168936791385	26.332166258739342	0.0
27.0	26.301160123366003	23.67030325646739	23.79021193928285	26.238324680883757	0.0
28.0	26.287714985018273	23.792407063911053	23.790760720439902	26.129117230630772	0.0
29.0	26.12739919603781	23.845299016312474	23.82828684712371	26.199014940526006	0.0
30.0	26.263770939373572	23.752555255251135	23.770390593916776	26.21328321145852	0.0
31.0	26.19517348296725	23.736366255539245	23.76215889914802	26.306301362345486	0.0
32.0	26.277490430654833	23.809353949155565	23.572281139815335	26.340874480374264	0.0
33.0	26.193180882764526	23.75221569176229	23.815050789417363	26.239552636055823	0.0
34.0	26.171229756946158	23.862520098999575	23.82904463212657	26.137205511927693	0.0
35.0	26.294979228747195	23.76099614208964	23.762368087453282	26.181656541709884	0.0
36.0	26.201686944019144	23.667155079216126	23.858953041054093	26.27220493571064	0.0
37.0	26.2532720896923	23.731362122234845	23.75934980765326	26.256015980419594	0.0
38.0	26.186869934091746	23.643008840815924	23.778557042744332	26.391564182348006	0.0
39.0	26.32900347376566	23.863068877145036	23.697886655361835	26.110040993727466	0.0
40.0	26.388271513475246	23.762093698380557	23.62709427459761	26.222540513546587	0.0
41.0	26.254095256910485	23.875141996345135	23.720112170252932	26.15065057649144	0.0
42.0	26.18385165429172	23.82300807252652	23.784044824198922	26.20909544898284	0.0
43.0	26.167662699000676	23.763740032816933	23.73300845667122	26.33558881151117	0.0
44.0	26.269186655910616	23.74508157587132	23.79090455101716	26.1948272172009	0.0
45.0	26.18302848707353	23.706118327543724	23.837276304308457	26.27357688107429	0.0
46.0	26.165741975491567	23.60898459579746	23.91684913540003	26.308424293310946	0.0
47.0	26.223912458910238	23.706392716616453	23.812581287762796	26.257113536710513	0.0
48.0	26.11141293909111	23.799959390417236	23.74617913216224	26.34244853832941	0.0
49.0	26.232418520164853	23.694045208343624	23.76648392354423	26.307052347947295	0.0
50.0	26.407478748566316	23.749746190107725	23.718465835816556	26.1243092255094	0.0
51.0	26.307601126092756	23.829867799344758	23.529686153778613	26.332844920783877	0.0
52.0	26.2922353380199	23.67648430768893	23.788709438435323	26.242570915855843	0.0
53.0	26.290040225438062	23.788983827508055	23.794471608962645	26.126504338091237	0.0
54.0	26.129176533213332	23.83913161584538	23.82815608305186	26.20353576788943	0.0
55.0	26.261431703375248	23.74638836374013	23.766693099408144	26.225486833476474	0.0
56.0	26.198048001492673	23.736510384225966	23.761754109651058	26.303687504630304	0.0
57.0	26.28585226384083	23.810595230582223	23.566115237606567	26.337437267970376	0.0
58.0	26.210049170252	23.753182895776625	23.802572657827728	26.234195276143645	0.0
59.0	26.176299499517082	23.863761085257703	23.82397488804987	26.135964527175343	0.0
60.0	26.294560540872773	23.76059136008429	23.76964614979366	26.175201949249278	0.0
61.0	26.21553692159101	23.66153744841514	23.87007199929757	26.252853630696286	0.0
62.0	26.259438932303098	23.73479892879094	23.762786460619896	26.24297567828607	0.0
63.0	26.18590306436035	23.654952146808323	23.787206954078496	26.371937834752835	0.0
64.0	26.336816226183156	23.865407410659408	23.688976205110194	26.10880015804724	0.0
65.0	26.387303538502067	23.763884010887697	23.62943410308192	26.219378347528316	0.0
66.0	26.247365879357275	23.889827904118007	23.707634559662832	26.155171656861885	0.0
67.0	26.17849460005268	23.827816313987178	23.777603389235228	26.21608569672491	0.0
68.0	26.174104398981473	23.756475546580035	23.72519536394767	26.344224690490826	0.0
69.0	26.269316884713316	23.736994029326546	23.790225217314955	26.203463868645184	0.0
70.0	26.18645183949425	23.69556150671701	23.828639476688032	26.289347177100712	0.0
71.0	26.171634910878915	23.60419044692247	23.90903503380455	26.315139608394066	0.0
72.0	26.246268329089474	23.699951707788216	23.801749495126874	26.252030467995436	0.0
73.0	26.11785494775661	23.79379225568531	23.744951268768112	26.343401527789972	0.0
74.0	26.24297567828607	23.693092018614454	23.751810957941874	26.312121345157607	0.0
75.0	26.40074852928264	23.751262182807974	23.72025638774256	26.127732900166826	0.0
76.0	26.304164105716044	23.827541926420228	23.530654578979718	26.33763938888401	0.0
77.0	26.28056677495829	23.676079989463517	23.79488980595311	26.248463429625073	0.0
78.0	26.287700851699007	23.78418869084204	23.801200719992977	26.126909737465976	0.0
79.0	26.12820998274107	23.818970555550983	23.83351305669655	26.2193064050114	0.0
80.0	26.265129002960634	23.740495926727746	23.76985531583294	26.22451975447868	0.0
81.0	26.202843196167365	23.73692889814487	23.755312814687375	26.304915091000385	0.0
82.0	26.288726268970418	23.80415366759135	23.560772563513687	26.346347499924544	0.0
83.0	26.21127726711483	23.747564823706956	23.798051858965565	26.24310605021265	0.0
84.0	26.173411990670875	23.862532583344766	23.819453971738234	26.144601454246125	0.0
85.0	26.29743449032789	23.763753601317052	23.760460968582798	26.178350939772262	0.0
86.0	26.212649197420774	23.665797777472903	23.860886266977637	26.260666758128686	0.0
87.0	26.26011798600631	23.73686376732062	23.756070791603786	26.246947455069282	0.0
88.0	26.179997256139387	23.666620935656468	23.784881328028536	26.368500480175605	0.0
89.0	26.335574152833036	23.874331183975855	23.687199890245576	26.102894772945533	0.0
90.0	26.38688434627521	23.762656057072302	23.629304431334887	26.2211551653176	0.0
91.0	26.24310605021265	23.887227328851697	23.712169021813693	26.157497599121964	0.0
92.0	26.187131293730275	23.82329537659487	23.771985183152697	26.217588146522157	0.0
93.0	26.179722870078198	23.75716833584854	23.723967622444782	26.339141171628484	0.0
94.0	26.27493483331047	23.728357799423787	23.788173960762794	26.208533406502948	0.0
95.0	26.187405679791464	23.699821649060226	23.82549046508437	26.287282206063935	0.0
96.0	26.176155851282758	23.606530388256278	23.904788036767734	26.312525723693238	0.0
97.0	26.24612429688572	23.697626560570722	23.802167649883383	26.254081492660177	0.0
98.0	26.11633968994375	23.792838523802992	23.755796405542597	26.335025380710658	0.0
99.0	26.239539031417202	23.69652901632597	23.74866236795171	26.315269584305117	0.0
100.0	26.393743997804915	23.749211140074085	23.719028673343395	26.13801618877761	0.0
101.0	26.295513787899576	23.823569762656057	23.540677733571137	26.340238715873234	0.0
102.0	26.273837289065717	23.681437782960625	23.793112909864178	26.251612018109483	0.0
103.0	26.27932501028948	23.780765537110714	23.80436273837289	26.135546714226916	0.0
104.0	26.12065819547758	23.815821605647947	23.838046815621304	26.225473383253167	0.0
105.0	26.25894839086736	23.736524251545475	23.76999925915967	26.234528098427496	0.0
106.0	26.206540796979567	23.730487774762587	23.753261755352572	26.309709672905274	0.0
107.0	26.299831801806008	23.80073041369073	23.555978718675487	26.34345906582778	0.0
108.0	26.213054119609712	23.7479832735175	23.80039072360695	26.23857188326583	0.0
109.0	26.19329843161788	23.852523789140957	23.805055261049464	26.149122518191696	0.0
110.0	26.31073502134712	23.759233040290628	23.741946813297773	26.188085125064482	0.0
111.0	26.220736887162094	23.656064447444383	23.858834633916125	26.264364031477395	0.0
112.0	26.270126107141685	23.740574890520563	23.753745349181784	26.235553653155968	0.0
113.0	26.191103355174345	23.654966909222612	23.782006958392326	26.371922777210717	0.0
114.0	26.345033090777388	23.862127248581434	23.689813747763765	26.103025912877413	0.0
115.0	26.389209004203572	23.76307442406682	23.62588214634575	26.221834425383868	0.0
116.0	26.25229111103794	23.89258393423551	23.705453667423967	26.149671287302578	0.0
117.0	26.198237353615838	23.819323257932457	23.774324190839945	26.208115197611757	0.0
118.0	26.18726197139815	23.753745349181784	23.720544817973284	26.338447861446774	0.0
119.0	26.281924643025693	23.73261773841274	23.790787264166475	26.194670354395093	0.0
120.0	26.19851173817128	23.69420390065084	23.825634102707628	26.28165025847025	0.0
121.0	26.18314620306652	23.600913151800512	23.900815470898774	26.315125174234193	0.0
122.0	26.245431497151888	23.69694774620526	23.7935311097209	26.264089646921956	0.0
123.0	26.121135293536597	23.79270795605457	23.74139804418689	26.344758706221942	0.0
124.0	26.254211802926037	23.69146005509642	23.73508719941172	26.319240942565823	0.0
125.0	26.394971079867858	23.757861117513418	23.716703434197093	26.13046436842163	0.0
126.0	26.301405946462086	23.826457256373953	23.539725395936912	26.332411401227045	0.0
127.0	26.271498029918895	23.685423594876692	23.797372493497086	26.24570588170733	0.0
128.0	26.27780887469406	23.783104496614094	23.81301241315729	26.126074215534555	0.0
129.0	26.116542415852884	23.82350439428071	23.842162595246	26.2177905946204	0.0
130.0	26.261692243950492	23.739816875245232	23.765609094226658	26.23288178657762	0.0
131.0	26.20489448512969	23.725000068596326	23.762590855835214	26.307514590438767	0.0
132.0	26.292423398481553	23.79112692789977	23.576832002107277	26.339617671511395	0.0
133.0	26.202771299217996	23.751680614624775	23.801893263822198	26.243654822335028	0.0
134.0	26.186582521607903	23.852380299080806	23.812319934147343	26.148717245163944	0.0
135.0	26.295860326136168	23.759428616898386	23.758331069642118	26.186379987323328	0.0
136.0	26.224866098867327	23.659616735446484	23.860194046887347	26.25532311879884	0.0
137.0	26.267670559311618	23.73973790499605	23.755377996312234	26.237213539380104	0.0
138.0	26.190018877864606	23.65851918517868	23.77897532706998	26.37248660988673	0.0
139.0	26.34587101589253	23.864035472824654	23.681018965668628	26.10907454561419	0.0
140.0	26.381960564802466	23.755508360635048	23.629289387179444	26.233241687383043	0.0
141.0	26.242570915855843	23.891056562563453	23.7031000477437	26.163272473837	0.0
142.0	26.20909544898284	23.80956300796277	23.7708741487079	26.210467394346487	0.0
143.0	26.181656541709884	23.74096573978038	23.731087733162116	26.346289985347624	0.0
144.0	26.27604638272885	23.74069135070765	23.782672878835275	26.200589387728222	0.0
145.0	26.20415644567371	23.69047815039814	23.816971512926468	26.288393891001682	0.0
146.0	26.186393008547242	23.59423232586536	23.90017698143753	26.31919768414987	0.0
147.0	26.251221038074434	23.696095970848745	23.79487657911778	26.257806411959038	0.0
148.0	26.127196496581096	23.793504626225154	23.736980167048984	26.34231871014477	0.0
149.0	26.253416162702635	23.692803283906443	23.73368748010668	26.320093073284234	0.0
150.0	26.397471216428315	23.766065568372643	23.718047217130753	26.11841599806829	0.0
151.0	26.300062561051902	23.836583947053594	23.53612626356861	26.32722722832589	0.0
152.0	26.270702769149718	23.687589862914468	23.791309501596952	26.250397866338858	0.0
153.0	26.284147907497445	23.791035111018427	23.80749854572993	26.11731843575419	0.0
154.0	26.123426708703416	23.829789569287925	23.835551787247937	26.211231934760715	0.0
155.0	26.270500462349393	23.73292942929347	23.779027172973553	26.217542935383587	0.0
156.0	26.20554162253527	23.733268942657542	23.757141053994875	26.30404838081231	0.0
157.0	26.297188578703885	23.795555945802075	23.56808490788658	26.339170567607468	0.0
158.0	26.220156349038664	23.746779314072786	23.800011524499165	26.233052812389385	0.0
159.0	26.188052387080486	23.858457198833282	23.81510313054788	26.13838728353835	0.0
160.0	26.311326967402042	23.750411590385248	23.750411590385248	26.187849851827462	0.0
161.0	26.22304418572107	23.65992662695266	23.864624806894984	26.252404380431294	0.0
162.0	26.26639849192869	23.74553766199556	23.756239041375924	26.231824804699826	0.0
163.0	26.18901928717838	23.668707245931415	23.779288166195165	26.36298530069504	0.0
164.0	26.34569845708061	23.87642376364769	23.679683019654867	26.098194759616838	0.0
165.0	26.38116771577058	23.764536080211172	23.63310082922198	26.221195374796263	0.0
166.0	26.245342143245214	23.902008023312607	23.702522788512724	26.150127044929455	0.0
167.0	26.208573200379764	23.823531025853505	23.78264615654789	26.185249617218844	0.0
168.0	26.177017764338515	23.755206646946807	23.745054028394406	26.32272156032027	0.0
169.0	26.267293750926086	23.739017336282167	23.7930731701963	26.200615742595446	0.0
170.0	26.19649981615528	23.69099819448027	23.825726186621594	26.286775802742852	0.0
171.0	26.166388154879993	23.605451696726732	23.910031089049685	26.318129059343594	0.0
172.0	26.246583762306685	23.709512781393716	23.792380555159205	26.251522901140394	0.0
173.0	26.117342962824747	23.786892623121755	23.75204425468395	26.34372015936955	0.0
174.0	26.23094315599996	23.693872175086984	23.746281926044627	26.328902742868433	0.0
175.0	26.40189223896651	23.75204425468395	23.719116662459253	26.126946843890288	0.0
176.0	26.30969498073736	23.81625305952211	23.542405250853374	26.331646708887156	0.0
177.0	26.265242731234018	23.68646346683643	23.794850124576058	26.2534436773535	0.0
178.0	26.28252971715198	23.787715812927374	23.79924047020602	26.130513999714626	0.0
179.0	26.12098179373551	23.830861470495424	23.84320935146185	26.204947384307214	0.0
180.0	26.259552457914303	23.740584740763097	23.786683496371094	26.2131793049515	0.0
181.0	26.199805726139715	23.73324113556913	23.767540899037957	26.2994122392532	0.0
182.0	26.28432034332691	23.803761449261046	23.570797455780745	26.341120751631298	0.0
183.0	26.211951167978754	23.750867786396952	23.80904034486449	26.228140700759813	0.0
184.0	26.18012090013802	23.85952973523254	23.817821108406758	26.14252825622268	0.0
185.0	26.317666944724944	23.756695350572947	23.74105457259516	26.184583132106948	0.0
186.0	26.22801024062168	23.646725992025925	23.867069486404834	26.25819428094756	0.0
187.0	26.258468681314156	23.750998131333503	23.751272531700103	26.239260655652235	0.0
188.0	26.186575785265248	23.670598823920027	23.77459656286101	26.368228827953715	0.0
189.0	26.339142389094235	23.87338069483661	23.68733724628256	26.1001396697866	0.0
190.0	26.39025327223335	23.753807315533848	23.630326811733394	26.22561260049941	0.0
191.0	26.24509507998793	23.906923140246413	23.697006283785637	26.15097549598002	0.0
192.0	26.20173970309799	23.83256043684658	23.77191778942458	26.19378207063085	0.0
193.0	26.18061081689213	23.760392942403204	23.729934418132427	26.329061822572235	0.0
194.0	26.265949565074227	23.736245643882228	23.797985895782457	26.19981889526109	0.0
195.0	26.18170842137036	23.687951046840272	23.83832286035727	26.2920176714321	0.0
196.0	26.167785768970088	23.60322586841333	23.91412318997665	26.31486517263994	0.0
197.0	26.251550374833986	23.69686193157496	23.796744487251253	26.2548432063398	0.0
198.0	26.110507425335044	23.791530837367052	23.75832811968345	26.339633617614457	0.0
199.0	26.241397477691063	23.693843502694634	23.74625440416214	26.31850461545216	0.0
200.0	26.395337350587774	23.76463938006959	23.7171677258608	26.122855543481837	0.0
201.0	26.3143885760699	23.817599086788064	23.546489292809554	26.32152304433249	0.0
202.0	26.26499610348272	23.698508347327866	23.797567695127707	26.238927854061707	0.0
203.0	26.277893026880484	23.791530837367052	23.808269397521595	26.122306738230872	0.0
204.0	26.10920705655728	23.837695889711792	23.85553210931133	26.197564944419593	0.0
205.0	26.248603972812113	23.742752320766574	23.784187230913187	26.224456475508127	0.0
206.0	26.198055012842186	23.736087634184358	23.76270498101113	26.30315237196233	0.0
207.0	26.268028450376484	23.813470023928172	23.56979781792637	26.348703707768973	0.0
208.0	26.204712655348317	23.764142219344002	23.799266237312132	26.231878887995542	0.0
209.0	26.18522980163162	23.862654113488997	23.817377059076954	26.134739025802432	0.0
210.0	26.311254534578044	23.758993694123845	23.74088282266164	26.188868948636472	0.0
211.0	26.228455550036905	23.64764928475582	23.861961851814247	26.261933313393026	0.0
212.0	26.26275653708211	23.752473101165958	23.753296324855043	26.231474036896884	0.0
213.0	26.193880155095346	23.663839350641155	23.775523364460334	26.36675712980317	0.0
214.0	26.34906522437085	23.873343596244982	23.684001108613987	26.093590070770183	0.0
215.0	26.399354587314566	23.754040689537838	23.626165557134936	26.220439166012653	0.0
216.0	26.250075462792726	23.90606391561339	23.705744502192537	26.138116119401346	0.0
217.0	26.1982119434276	23.832521993973955	23.776267912122893	26.192998150475553	0.0
218.0	26.18394261534831	23.766114736374163	23.72577644353462	26.324166204742905	0.0
219.0	26.25845187917106	23.749231647348086	23.80932780119424	26.182988672286616	0.0
220.0	26.191495433789953	23.694349315068493	23.832652792413068	26.281502458728482	0.0
221.0	26.175376974054306	23.603309413717877	23.90955366820795	26.31175994401987	0.0
222.0	26.251461250116627	23.712041798613665	23.785584527487966	26.25091242378174	0.0
223.0	26.10459069567055	23.797580204768792	23.756966721641223	26.34086237791944	0.0
224.0	26.23795659296783	23.692479096404885	23.746813350859334	26.322750959767955	0.0
225.0	26.39108040097582	23.748734258845094	23.729799594414	26.130385745765082	0.0
226.0	26.306834865028772	23.816789284626424	23.548959828325707	26.327416022019097	0.0
227.0	26.254970349413163	23.688637280433355	23.79675695848918	26.259635411664302	0.0
228.0	26.28103981493424	23.778371124911157	23.80663591384453	26.133953146310073	0.0
229.0	26.126890041436845	23.82865453747153	23.835789358140556	26.208666062951067	0.0
230.0	26.255591229658904	23.73480420405587	23.780082873686233	26.229521692598993	0.0
231.0	26.219440244340834	23.72581357760099	23.760390111111416	26.294356066946754	0.0
232.0	26.290239812957417	23.812529328309672	23.559242499499188	26.337988359233716	0.0
233.0	26.213893294841466	23.763878750624304	23.798729987980437	26.223497966553786	0.0
234.0	26.184804860512724	23.86376733643244	23.824250972816035	26.127176830238803	0.0
235.0	26.30726801223913	23.75845556455043	23.745832247087716	26.188444176122722	0.0
236.0	26.214860429633045	23.647929221413598	23.861428524385023	26.275781824568334	0.0
237.0	26.25520027222533	23.754953293597218	23.756874238482563	26.232972195694888	0.0
238.0	26.175343849134475	23.670157297944037	23.780474418502543	26.374024434418942	0.0
239.0	26.335605536712002	23.87514955928036	23.683329491443565	26.10591541256408	0.0
240.0	26.388080836910106	23.745019045632677	23.639636870588493	26.22726324686872	0.0
241.0	26.23760202429372	23.898796291722242	23.712449296601843	26.151152387382194	0.0
242.0	26.194220535241342	23.834185514835642	23.768865322388084	26.20272862753493	0.0
243.0	26.16696995397169	23.770588542052636	23.73353534189125	26.32890616208442	0.0
244.0	26.257657934608375	23.747557146307724	23.80217825695527	26.192606662128632	0.0
245.0	26.191358482175943	23.684159962230073	23.840894181070567	26.283587374523414	0.0
246.0	26.175764147188406	23.594065249317175	23.912763008001754	26.317407595492664	0.0
247.0	26.24574503129461	23.70292083013067	23.79433402876908	26.257000109805645	0.0
248.0	26.10556426396831	23.792725745392854	23.765548177044014	26.33616181359482	0.0
249.0	26.24227566838974	23.690603973415396	23.752371174208214	26.314749183986645	0.0
