# Position (bp)	A	C	G	T	N
0.0	26.278601961277342	23.756600452602463	23.68535747213142	26.279440113988766	0.0
1.0	26.29815885787724	23.73257340820831	23.654345821808732	26.31492191210572	0.0
2.0	26.246458844367954	23.71694222957305	23.767230830264797	26.2693680957942	0.0
3.0	26.283147272788227	23.797311341312145	23.547554393375574	26.371986992524054	0.0
4.0	26.29693986445337	23.773180093754014	23.571759815397336	26.358120226395275	0.0
5.0	26.304748017352875	23.726678231526254	23.72248806500904	26.24608568611183	0.0
6.0	26.33088822717699	23.777214143253797	23.64732369816254	26.244573931406673	0.0
7.0	26.15953141104603	23.781950833912923	23.780274907754233	26.278242847286815	0.0
8.0	26.347205036604205	23.78114010708929	23.667738304391666	26.20391655191484	0.0
9.0	26.303132881429782	23.728288101083393	23.69672746975905	26.271851547727778	0.0
10.0	26.306837699932135	23.719554598543816	23.70586970303777	26.267737998486286	0.0
11.0	26.190097162758093	23.747762240301178	23.775969882058543	26.286170714882186	0.0
12.0	26.318846893947644	23.694698359767525	23.718158180635037	26.268296565649795	0.0
13.0	26.1144113121022	23.775132031313277	23.70642827020128	26.40402838638325	0.0
14.0	26.359901580465788	23.65504009115816	23.760888568643715	26.224169759732334	0.0
15.0	26.248746714926867	23.686040568733084	23.612868270312994	26.452344446027055	0.0
16.0	26.228917580622184	23.73770803135796	23.81171818052332	26.22165620749653	0.0
17.0	26.230313998530967	23.79328546412742	23.73323949404986	26.243161043291746	0.0
18.0	26.26438659550521	23.760050717898448	23.6592293448845	26.31633334171184	0.0
19.0	26.41184832667242	23.54919161367261	23.636048807598748	26.402911252056228	0.0
20.0	26.280026476083552	23.67012140457299	23.737428747776203	26.312423371567256	0.0
21.0	26.413524028162954	23.68995053887767	23.65587794190343	26.24064749105594	0.0
22.0	26.178014857845056	23.68122661006535	23.79573255878903	26.34502597330056	0.0
23.0	26.241412053845725	23.620063676478804	23.78791264033961	26.350611629335862	0.0
24.0	26.276601686868123	23.68010947885829	23.845165614701447	26.19812321957214	0.0
25.0	26.301737139026976	23.734848908004246	23.679271630452998	26.28414232251578	0.0
26.0	26.314304865106408	23.720046919510697	23.64855052225884	26.317097693124058	0.0
27.0	26.249511255096913	23.718371222700103	23.754119421326035	26.27799810087695	0.0
28.0	26.291403675361668	23.77813774227783	23.540188795173993	26.390269787186504	0.0
29.0	26.29726861419874	23.75719153214545	23.570072054962857	26.37546779869296	0.0
30.0	26.301457856225213	23.70692062782774	23.73345249399542	26.258169021951627	0.0
31.0	26.329386136401723	23.757750097748982	23.65441546109591	26.258448304753397	0.0
32.0	26.159861475730324	23.776182762665474	23.769479975423113	26.29447578618109	0.0
33.0	26.359269396190584	23.758308663352512	23.676478802435348	26.20594313802156	0.0
34.0	26.315701279115235	23.71474054627716	23.69100150812713	26.27855666648048	0.0
35.0	26.30697004141752	23.719980673684095	23.71188149505252	26.261167789845864	0.0
36.0	26.200563591119945	23.745674619687705	23.775557796017996	26.278203993174348	0.0
37.0	26.33266398742114	23.694007445658702	23.706016572595175	26.267311994324988	0.0
38.0	26.127670983435785	23.75935943875485	23.70685441866051	26.406115159148857	0.0
39.0	26.359195779490086	23.651277296326604	23.76745861738642	26.222068306796885	0.0
40.0	26.27178050667344	23.670547755829315	23.60491648071139	26.452755256785853	0.0
41.0	26.22681610116712	23.727800570293887	23.821360047589657	26.22402328094934	0.0
42.0	26.232960305646248	23.79985533191272	23.7224942118801	26.24469015056094	0.0
43.0	26.270104814542773	23.75908015673307	23.656583654740395	26.314231373983766	0.0
44.0	26.422034234390228	23.553249306682382	23.632006836823894	26.392709622103496	0.0
45.0	26.27094266060811	23.655466526653278	23.747350311818376	26.326240500920235	0.0
46.0	26.41561074788933	23.687583959157795	23.65323227047905	26.243573022473825	0.0
47.0	26.182337137143847	23.673274460847562	23.794482519787074	26.349905882221513	0.0
48.0	26.248526791449528	23.62384168104965	23.781635582664453	26.34599594483637	0.0
49.0	26.276734196870933	23.66964380470421	23.85173517435528	26.201886824069575	0.0
50.0	26.29851813373103	23.732482084108337	23.67941864816708	26.289581133993558	0.0
51.0	26.30941010216108	23.725779334305233	23.650931961503872	26.313878602029817	0.0
52.0	26.248806072691323	23.712653115940814	23.756500270902805	26.282040540465058	0.0
53.0	26.295446040071273	23.769905770509016	23.546480777072127	26.38816741234758	0.0
54.0	26.287067602817388	23.747842552407125	23.57803955739509	26.387050287380397	0.0
55.0	26.29851813373103	23.703995397445134	23.717680178293143	26.27980629053069	0.0
56.0	26.321977758041903	23.761527333255135	23.64813914908591	26.26835575961705	0.0
57.0	26.165300981394285	23.749518239857903	23.778563489004696	26.306617289743116	0.0
58.0	26.37029341287263	23.759572364562562	23.655121180130813	26.215013042433995	0.0
59.0	26.331473320262972	23.70287827247795	23.67830152319989	26.287346884059186	0.0
60.0	26.32078712405359	23.717334658984594	23.69164085649732	26.2702373604645	0.0
61.0	26.20181364731905	23.73800141315914	23.775145714580955	26.285039224940864	0.0
62.0	26.323021367748133	23.69331653926823	23.698343587580954	26.28531850540268	0.0
63.0	26.130317849093593	23.76313665472277	23.69973998989005	26.406805506293583	0.0
64.0	26.371616168104495	23.638577568751867	23.765370898417316	26.224435364726318	0.0
65.0	26.25906614199177	23.671811943708228	23.599478304097325	26.469643610202674	0.0
66.0	26.244264277515413	23.7159382566755	23.81871346662459	26.2210839991845	0.0
67.0	26.233372339504502	23.803911602148226	23.71454185436641	26.248174203980863	0.0
68.0	26.284759944479045	23.75866816733368	23.65337943322823	26.303192454959046	0.0
69.0	26.440039881249948	23.5545141497446	23.632712679053686	26.372733289951768	0.0
70.0	26.288949151406314	23.65952360338823	23.736884291311863	26.314642953893593	0.0
71.0	26.423562334002675	23.690803015111868	23.64751454353005	26.23812010735541	0.0
72.0	26.189452164976096	23.67816926582957	23.7979802493409	26.334398319853435	0.0
73.0	26.256479288618795	23.621754770096967	23.77870995129362	26.343055989990617	0.0
74.0	26.293623486304124	23.6639260020555	23.85020554984584	26.192244961794543	0.0
75.0	26.3128937843514	23.72508825237946	23.681241342329862	26.28077662093927	0.0
76.0	26.325740649716252	23.722574735242862	23.63599803387104	26.315686581169846	0.0
77.0	26.263461280664906	23.711403547969077	23.74324143169936	26.28189373966665	0.0
78.0	26.2897135707583	23.772007238929355	23.550259171544752	26.388020018767595	0.0
79.0	26.285524375530635	23.745196389472273	23.58544841145717	26.383830823539927	0.0
80.0	26.295857723758882	23.69939452164976	23.733745922516643	26.271001832074713	0.0
81.0	26.31010098753295	23.76139461101926	23.668673756646857	26.259830644800928	0.0
82.0	26.165154832655613	23.753295500245766	23.775637874793333	26.305911792305288	0.0
83.0	26.37042539881139	23.748827025336254	23.675655748692968	26.20509182715939	0.0
84.0	26.329092005898385	23.701908038786364	23.681241342329862	26.28775861298539	0.0
85.0	26.320640107243097	23.71608506835351	23.69876977643724	26.264505047966153	0.0
86.0	26.190496138969184	23.735634591484786	23.77557147445296	26.298297795093067	0.0
87.0	26.333486936729365	23.68620222585285	23.693463477301606	26.286847360116177	0.0
88.0	26.131847569575356	23.759094019242315	23.704355354474746	26.40470305670758	0.0
89.0	26.376775166520044	23.64319327496404	23.75825618253669	26.221775375979224	0.0
90.0	26.265342884671778	23.66385991370282	23.60074288187899	26.470054319746417	0.0
91.0	26.247469034951752	23.71859857847039	23.821093935458645	26.212838451119207	0.0
92.0	26.246910477148006	23.795679555387988	23.709103095806626	26.248306871657377	0.0
93.0	26.268694231494283	23.761048971555443	23.664697750408443	26.305559046541827	0.0
94.0	26.438216524932624	23.54600421711142	23.629787887674027	26.385991370281932	0.0
95.0	26.29773923728932	23.65464370994093	23.73423819697541	26.31337885579434	0.0
96.0	26.429000321170736	23.675031069777834	23.657995056763436	26.23797355228799	0.0
97.0	26.185116710327144	23.669937944401312	23.793378874285747	26.351566470985794	0.0
98.0	26.264710975071637	23.61715437936023	23.7682438433138	26.349890802254333	0.0
99.0	26.286773946702564	23.67440639435188	23.84225254562008	26.196567113325475	0.0
100.0	26.318053096356536	23.723559343808127	23.682226181765373	26.27616137806996	0.0
101.0	26.318890930722272	23.734171912440726	23.63558673540632	26.311350421430685	0.0
102.0	26.27308931872895	23.708199047103047	23.73277552183117	26.285936112336834	0.0
103.0	26.29682795909134	23.769640233923354	23.557109583149476	26.376422223835828	0.0
104.0	26.288170337312117	23.752324990364905	23.587830176559628	26.371674495763354	0.0
105.0	26.292638787262685	23.70456843151821	23.737243971781737	26.265548809437366	0.0
106.0	26.316656705746983	23.763496115241324	23.665748772572652	26.254098406439034	0.0
107.0	26.174224863572636	23.747856540414336	23.77857713382449	26.299341462188536	0.0
108.0	26.365809655203233	23.743388090463768	23.683064016131105	26.207738238201895	0.0
109.0	26.325593605648123	23.70847832522496	23.67524422871761	26.29068384040931	0.0
110.0	26.31937598270715	23.711204886236377	23.715673323707577	26.253745807348906	0.0
111.0	26.205430827191563	23.731312854856775	23.77180806943952	26.29144824851215	0.0
112.0	26.340601060695345	23.677691605202376	23.704502230029576	26.277205104072703	0.0
113.0	26.142593425252812	23.76454685854882	23.695565355087176	26.39729436111119	0.0
114.0	26.38249266198784	23.638592777329382	23.76538469057467	26.21352987010811	0.0
115.0	26.265754733052756	23.66679978886633	23.608710101740733	26.45873537634018	0.0
116.0	26.245367487090405	23.72544803067582	23.83213197530071	26.197052506933062	0.0
117.0	26.257376412794255	23.782141331091665	23.712880550288073	26.247601705826007	0.0
118.0	26.261286295581556	23.75672709297422	23.677970882544326	26.3040157288999	0.0
119.0	26.440582349113434	23.55397174271854	23.622115414154337	26.38333049401369	0.0
120.0	26.29647524066725	23.64920531632348	23.74248394853477	26.3118354944745	0.0
121.0	26.43778957569393	23.665403402156578	23.654511585820533	26.242295436328956	0.0
122.0	26.197684225813116	23.671892891254682	23.790865371188552	26.339557511743646	0.0
123.0	26.282305496751995	23.60598325448381	23.77187445889864	26.339836789865558	0.0
124.0	26.301296409041907	23.67273072562042	23.843928214351546	26.182044650986132	0.0
125.0	26.33006205559869	23.721604396954753	23.68055051303391	26.267783034412652	0.0
126.0	26.3250350494043	23.731099853099707	23.63391106667486	26.30995403082113	0.0
127.0	26.269179425022205	23.702054928421017	23.74255025609804	26.286215390458743	0.0
128.0	26.29682795909134	23.775784352605385	23.54314567705395	26.38424201124932	0.0
129.0	26.28649466858065	23.751766434121084	23.592857182754017	26.368881714544244	0.0
130.0	26.298782905944712	23.70456843151821	23.728307071880604	26.26834159065647	0.0
131.0	26.317215261990807	23.757631274681206	23.66854155379176	26.256611909536232	0.0
132.0	26.18735093530243	23.736406137416008	23.787234755603713	26.289008171677846	0.0
133.0	26.38424201124932	23.736685415537917	23.688649578569315	26.19042299464345	0.0
134.0	26.328107108745314	23.712108940809795	23.66910011003558	26.29068384040931	0.0
135.0	26.30779327775683	23.724463435409774	23.712733721531006	26.25500956530239	0.0
136.0	26.210324941002334	23.7264183877229	23.76970661751358	26.293550053761187	0.0
137.0	26.34884727633251	23.67391395417033	23.715805789451636	26.261432980045523	0.0
138.0	26.146928630276626	23.767193107396704	23.70044544984849	26.385432812478182	0.0
139.0	26.380405792244428	23.649058131903423	23.75462555681231	26.215910519039838	0.0
140.0	26.262550095653026	23.679220253305964	23.60549062321087	26.45273902783014	0.0
141.0	26.26087442224177	23.72474271431165	23.82807590800553	26.18630695544105	0.0
142.0	26.274000530629916	23.77557147445296	23.715247231647886	26.235180763269238	0.0
143.0	26.265342884671778	23.757976903634813	23.675031069777834	26.301649141915572	0.0
144.0	26.43402734140449	23.562481672322065	23.618337452697137	26.385153533576304	0.0
145.0	26.30779327775683	23.65604010445031	23.738706659405416	26.297459958387442	0.0
146.0	26.440450756147627	23.68061664781534	23.642355438258416	26.23657715777862	0.0
147.0	26.182749452611827	23.673421511238217	23.794070333795077	26.349758702354887	0.0
148.0	26.27379462889316	23.611421421868716	23.76865588274722	26.34612806649091	0.0
149.0	26.300605478350235	23.668115197283168	23.847412753027392	26.183866571339205	0.0
150.0	26.328254166852854	23.719502658742574	23.687385495330442	26.264857679074133	0.0
151.0	26.33719111667188	23.725367532061306	23.645493543053757	26.291947808213056	0.0
152.0	26.28021806157558	23.702466598150053	23.72732248983422	26.289992850440147	0.0
153.0	26.30507395325975	23.758601814200812	23.55975468072747	26.37656955181197	0.0
154.0	26.286362214576165	23.735700880289556	23.597178158094643	26.380758747039636	0.0
155.0	26.297533401849947	23.70162875910452	23.730673846016355	26.27016399302918	0.0
156.0	26.329650565262074	23.749106305018095	23.662250323964432	26.258992805755394	0.0
157.0	26.18554224943027	23.734025202198488	23.792115376022164	26.28831717234908	0.0
158.0	26.385785781312837	23.72927744760713	23.68179990169355	26.20313686938648	0.0
159.0	26.33719111667188	23.699673801331606	23.680403503284328	26.282731578712188	0.0
160.0	26.318552880359043	23.72375810960641	23.71454185436641	26.243147155668133	0.0
161.0	26.210192061173593	23.7251545119155	23.7712357881155	26.293417638795407	0.0
162.0	26.354300779471767	23.673208346017322	23.721244585450048	26.251246289060866	0.0
163.0	26.16550718728268	23.751686155788228	23.705046318664593	26.377760338264494	0.0
164.0	26.39982349474813	23.631316276744595	23.755037521330046	26.213822707177233	0.0
165.0	26.263534629380864	23.67823539433005	23.611766644417322	26.446463331871765	0.0
166.0	26.25655261783541	23.732415803922773	23.825695478170044	26.185336100071776	0.0
167.0	26.280012176628137	23.77710067781368	23.726271633762774	26.21661551179541	0.0
168.0	26.271075201849953	23.761460971951863	23.669856980475505	26.297606845722683	0.0
169.0	26.44283268586813	23.550045662355508	23.622379301966415	26.384742349809947	0.0
170.0	26.31994928266813	23.655613676922776	23.73297436484641	26.291462675562684	0.0
171.0	26.451211099722677	23.666505614933687	23.656172237846413	26.22611104749723	0.0
172.0	26.189319168188753	23.67131949215499	23.798113175930425	26.341248163725833	0.0
173.0	26.274499946936565	23.608481212750863	23.765995833123874	26.3510230071887	0.0
174.0	26.294608196345887	23.66629242980266	23.85089733062989	26.188202043221565	0.0
175.0	26.323374164250886	23.714887365875185	23.689752054113534	26.271986415760402	0.0
176.0	26.322815601767292	23.735274896526303	23.650652680262077	26.291256821444332	0.0
177.0	26.277292759354527	23.701202585027172	23.73890555266965	26.28259910294865	0.0
178.0	26.30298663359977	23.751473208550475	23.575246744977125	26.37029341287263	0.0
179.0	26.287346884059186	23.740860521362222	23.60149918170596	26.37029341287263	0.0
180.0	26.296004602554863	23.700085460059988	23.74113980260402	26.262770134781128	0.0
181.0	26.32421200797627	23.744770458747368	23.66266177365931	26.26835575961705	0.0
182.0	26.18876060570516	23.74309477129659	23.79867173841402	26.269472884584232	0.0
183.0	26.391518787249137	23.74169836508761	23.678860085683485	26.18792276197977	0.0
184.0	26.325608414185254	23.69729264764203	23.69366199149868	26.283436946674037	0.0
185.0	26.318979168353994	23.730034826468117	23.7082508287694	26.242735176408488	0.0
186.0	26.19944646303283	23.72947626242456	23.76466579716864	26.306411477373963	0.0
187.0	26.345231678401166	23.675574832221326	23.72025995570587	26.258933533671637	0.0
188.0	26.151568893047155	23.742441803633522	23.706413819106004	26.399575484213315	0.0
189.0	26.40097191772214	23.635754283559788	23.757243998826997	26.206029799891077	0.0
190.0	26.24903995196269	23.680160869140217	23.6217899484716	26.449009230425492	0.0
191.0	26.268663385969717	23.722399414613438	23.822942908052973	26.185994291363873	0.0
192.0	26.276204147977676	23.779094773414066	23.71597580253258	26.228725276075675	0.0
193.0	26.287096359766966	23.74697671300977	23.665424768331032	26.300502158892236	0.0
194.0	26.437073737480937	23.550916900802672	23.6218559211739	26.390153440542484	0.0
195.0	26.31921442017126	23.65537041898708	23.73329162640272	26.29212353443894	0.0
196.0	26.447128086824893	23.666262630776362	23.662911180995046	26.2236981014037	0.0
197.0	26.186346714033952	23.67805883486523	23.799269940483672	26.336324510617143	0.0
198.0	26.27320536345178	23.61912901162677	23.7716204025661	26.33604522235535	0.0
199.0	26.298899883536798	23.678338123127023	23.850938268915495	26.171823724420683	0.0
200.0	26.335486645831764	23.71352844411302	23.694257554049262	26.256727356005953	0.0
201.0	26.33801518786535	23.73194730330206	23.649556345639844	26.280481163192746	0.0
202.0	26.29109423570517	23.686981390815223	23.736415965412554	26.285508408067056	0.0
203.0	26.308968884147145	23.74898407759832	23.570516884560494	26.371530153694046	0.0
204.0	26.306808025739564	23.741230226114933	23.593484672446152	26.358477075699348	0.0
205.0	26.31226155298481	23.70784759500176	23.744435072588438	26.23545577942499	0.0
206.0	26.341940258906003	23.75539387507157	23.67188481894734	26.230781047075087	0.0
207.0	26.193076289293245	23.75148375204234	23.79058498233462	26.264854976329794	0.0
208.0	26.393609741792233	23.748690807021465	23.677470708989095	26.180228742197208	0.0
209.0	26.323506821768213	23.69869709114776	23.697021324135235	26.280774762948788	0.0
210.0	26.31520148361654	23.72836858039794	23.731999419065815	26.224430516919707	0.0
211.0	26.2154930678911	23.736747438862263	23.76383908123024	26.2839204120164	0.0
212.0	26.345233240792982	23.693589020282538	23.71006753397646	26.251110204948024	0.0
213.0	26.156647739492065	23.751602479059546	23.708590404955885	26.383159376492504	0.0
214.0	26.385673069134924	23.658875150472436	23.767243233279057	26.188208547113582	0.0
215.0	26.249654367261666	23.693508249101356	23.63401752323071	26.422819860406264	0.0
216.0	26.24386238332244	23.761165016003886	23.830710706684766	26.164261893988904	0.0
217.0	26.27989207849446	23.77373351431971	23.722063021243557	26.224311385942272	0.0
218.0	26.26955797987923	23.764237315592197	23.66229282925276	26.30391187527581	0.0
219.0	26.422335059407104	23.565934342164798	23.620956434791836	26.39077416363626	0.0
220.0	26.308659974639564	23.66005842955217	23.744407018249458	26.286874577558805	0.0
221.0	26.43909305716153	23.659499829627023	23.66732022857909	26.234086884632358	0.0
222.0	26.17243469250385	23.668503534550897	23.8176501311317	26.341411641813554	0.0
223.0	26.280244779170868	23.606219468937567	23.774917117504614	26.33861863438695	0.0
224.0	26.295606320017207	23.667107030837595	23.8595452425308	26.177741406614402	0.0
225.0	26.31487807126079	23.7182190667445	23.704812631096786	26.262090230897922	0.0
226.0	26.330239612107125	23.737211517245424	23.64783527959401	26.28471359105344	0.0
227.0	26.28136198214151	23.700343819214215	23.74419403581194	26.27410016283233	0.0
228.0	26.301750936355738	23.76821389968076	23.574379184274253	26.355655979689253	0.0
229.0	26.291769542727543	23.74174664000268	23.608799115172776	26.357684702096996	0.0
230.0	26.300707191455608	23.699572110067145	23.752639399390006	26.247081299087245	0.0
231.0	26.331503903249683	23.76331922856704	23.676735514684317	26.22844135349896	0.0
232.0	26.19967321630567	23.757174577904394	23.793483877274568	26.24966832851537	0.0
233.0	26.387938474601363	23.736771396890212	23.674486287500244	26.20080384100818	0.0
234.0	26.31978795132265	23.70297544067413	23.708282243716326	26.26895436428689	0.0
235.0	26.313305104628686	23.73054621426257	23.729987598735296	26.226161082373444	0.0
236.0	26.198509613773226	23.73920475493537	23.783335381590266	26.27895024970114	0.0
237.0	26.346822036265323	23.69730859038958	23.708760208698763	26.247109164646343	0.0
238.0	26.157949863836322	23.744710564904686	23.71538300398017	26.38195656727882	0.0
239.0	26.387822079463724	23.66538649535647	23.76146917114727	26.18532225403254	0.0
240.0	26.25142802874772	23.684747116708703	23.63251408476276	26.43131076978082	0.0
241.0	26.252220645579378	23.74135484519726	23.846102278186837	26.160322231036524	0.0
242.0	26.265670741245618	23.784330376097788	23.728183870030612	26.22181501262598	0.0
243.0	26.258729537963017	23.753282306274095	23.68484272864406	26.303145427118835	0.0
244.0	26.41916334939591	23.54075005237796	23.658076681332496	26.38200991689364	0.0
245.0	26.296087294182062	23.65921522396232	23.76174007296864	26.282957408886976	0.0
246.0	26.4190529403548	23.670903757508032	23.68375471434558	26.22628858779159	0.0
247.0	26.16013007984712	23.676431967904698	23.834282297853797	26.329155654394388	0.0
248.0	26.267220594028423	23.617533086170724	23.78991364209103	26.325332677709824	0.0
249.0	26.293762170709833	23.677321479958316	23.887698398285693	26.14121795104616	0.0
