# Position (bp)	A	C	G	T	N
0.0	26.24725527243017	23.73231884798039	23.70253110691246	26.31789477267698	0.0
1.0	26.213779525325254	23.830192854346457	23.72012005878114	26.235907561547144	0.0
2.0	26.174928800789715	23.806349494513974	23.703096456491892	26.315625248204416	0.0
3.0	26.211336916596938	23.834186603888643	23.7417213847092	26.212755094805214	0.0
4.0	26.275709893700295	23.617082827549435	23.86212803612148	26.245079242628787	0.0
5.0	26.27046065542158	23.73294236419116	23.724718400127045	26.271878580260218	0.0
6.0	26.35775635954279	23.65401138209999	23.77537507904236	26.212857179314863	0.0
7.0	26.139202281948844	23.872564725630244	23.756595903947193	26.231637088473718	0.0
8.0	26.112202687262016	23.902965968341455	23.836337294195367	26.14849405020116	0.0
9.0	26.150745050010205	23.88837858066272	23.69361094100837	26.267265428318705	0.0
10.0	26.240322493770396	23.742526598081934	23.760102735357236	26.257048172790437	0.0
11.0	26.230967452962574	23.763221082293175	23.792420149056984	26.213391315687268	0.0
12.0	26.305807779425145	23.89249073709217	23.664851410768502	26.13685007271418	0.0
13.0	26.236637174664278	23.6492596760888	23.75074769454941	26.36335545469751	0.0
14.0	26.208572052240815	23.664851410768502	23.835510033989983	26.2910665030007	0.0
15.0	26.17958225608926	23.787249965981765	23.828638817072616	26.204528960856354	0.0
16.0	26.219553680772894	23.81928380278496	23.77874540753844	26.182417108903707	0.0
17.0	26.31934049984125	23.776194040005443	23.730269424411485	26.174196035741826	0.0
18.0	26.195457431850137	23.76315371705901	23.710141969428946	26.3312468816619	0.0
19.0	26.261792987708077	23.86350750669025	23.697101646482515	26.177597859119157	0.0
20.0	26.270581031432847	23.71921349843516	23.72318229237538	26.287023177756613	0.0
21.0	26.126570508459203	23.82268562616229	23.81985077334785	26.230893092030662	0.0
22.0	26.187519843969703	23.712126366399055	23.766272055154896	26.334081734476346	0.0
23.0	26.282770898534945	23.629632149498796	23.761452805370347	26.326144146595908	0.0
24.0	26.319623985122693	23.691715426135072	23.9074477253141	26.08121286342813	0.0
25.0	26.254138885109086	23.73282079194448	23.699086043452624	26.313954279493807	0.0
26.0	26.206229872545016	23.833174581575726	23.739057468136256	26.221538077743006	0.0
27.0	26.16115571279539	23.813047126593187	23.720630924842382	26.30516623576904	0.0
28.0	26.213033519299678	23.845364448677824	23.73622261532181	26.205379416700687	0.0
29.0	26.2728489136844	23.622828502744138	23.861523109720142	26.24279947385132	0.0
30.0	26.266045266929737	23.716662130902165	23.745861114890914	26.27143148727718	0.0
31.0	26.34315326348256	23.657697192361773	23.76995736381367	26.229192180341997	0.0
32.0	26.149458686389625	23.866274702128685	23.749762581749838	26.234504029731852	0.0
33.0	26.125645990253805	23.90737995141076	23.827153844191262	26.139820214144176	0.0
34.0	26.154844891467967	23.880448926019053	23.6987353757445	26.265970806768475	0.0
35.0	26.25094612944468	23.716027928890753	23.7636533211624	26.269372620502164	0.0
36.0	26.239606750332385	23.763369836684593	23.772441339974428	26.22458207300859	0.0
37.0	26.313879683517925	23.901143292898997	23.652527405861893	26.132449617721182	0.0
38.0	26.227416917786666	23.64600726287232	23.76450377459582	26.36207204474519	0.0
39.0	26.19283181149416	23.68456115185413	23.824035514935378	26.29857152171633	0.0
40.0	26.18510349988944	23.801005800075973	23.815179983784734	26.198710716249852	0.0
41.0	26.223373795903093	23.813195598065505	23.793918708221593	26.169511897809805	0.0
42.0	26.295095165469423	23.784847230647987	23.744592548915108	26.175465054967482	0.0
43.0	26.174898087619137	23.765570340804075	23.714826763126712	26.344704808450082	0.0
44.0	26.25682486945577	23.8727271696423	23.70178651411465	26.16866144678728	0.0
45.0	26.272416471535404	23.702920448811355	23.723614757026144	26.301048322627103	0.0
46.0	26.12897373240275	23.81007727764958	23.826802814425918	26.23414617552175	0.0
47.0	26.18878878765372	23.707739671272332	23.766420791826597	26.337050749247346	0.0
48.0	26.285740204221643	23.64877506704389	23.756782346904643	26.30870238182983	0.0
49.0	26.301048322627103	23.71142495903661	23.91581668811693	26.071710030219357	0.0
50.0	26.248320359230508	23.740623777476657	23.6989516773729	26.31210418591993	0.0
51.0	26.195592395833923	23.835874291999524	23.751396157095314	26.217137155071242	0.0
52.0	26.184253048866918	23.808659859278706	23.716527665171764	26.29055942668262	0.0
53.0	26.218271089767942	23.848914541011585	23.72503217539702	26.20778219382346	0.0
54.0	26.277802661344733	23.615323993491213	23.863372208394516	26.24350113676953	0.0
55.0	26.246902940859634	23.72021295293604	23.763018987736494	26.269865118467827	0.0
56.0	26.334499396179773	23.662098799730124	23.773791367355155	26.229610436734944	0.0
57.0	26.13712066448385	23.862737594080876	23.774290938470045	26.22585080296523	0.0
58.0	26.132868421425638	23.922835962636956	23.823049992204222	26.121245623733184	0.0
59.0	26.15979929412765	23.88683363807742	23.69009652591742	26.26327054187751	0.0
60.0	26.252214709926154	23.713625604172865	23.774574421340592	26.259585264560386	0.0
61.0	26.226984734447424	23.765786452353616	23.786764184774135	26.22046462842483	0.0
62.0	26.299556349307597	23.898172952899323	23.665716999050332	26.136553698742755	0.0
63.0	26.242859775198085	23.640487023571602	23.76890476392964	26.347748437300677	0.0
64.0	26.181910958030365	23.686127765729754	23.836373687119956	26.29558758911993	0.0
65.0	26.199979589291182	23.79690210797265	23.81277710372042	26.190341199015748	0.0
66.0	26.234280919389043	23.785279343228748	23.79945344657497	26.180986290807244	0.0
67.0	26.284457245234666	23.793500323169557	23.746725782127022	26.175316649468755	0.0
68.0	26.180986290807244	23.76628604474481	23.714408826497635	26.338318837950307	0.0
69.0	26.267731803286125	23.858984680629103	23.694281599746	26.179001916338773	0.0
70.0	26.262062161947636	23.718944539568426	23.71667668303303	26.302316615450906	0.0
71.0	26.144700586240916	23.80739094444885	23.821848529862	26.22605993944823	0.0
72.0	26.194309947952693	23.71015659549377	23.754379797933982	26.341153658619554	0.0
73.0	26.289559922439302	23.643538309766523	23.764018188209413	26.30288357958476	0.0
74.0	26.313655898127884	23.697399902482168	23.907176632006262	26.081767567383686	0.0
75.0	26.251573325471433	23.74219006905623	23.707605256891448	26.298631348580887	0.0
76.0	26.20536574856275	23.840841828345937	23.738788284253136	26.21500413883818	0.0
77.0	26.184671557677262	23.801721303110366	23.734819535316195	26.278787603896177	0.0
78.0	26.21727199537357	23.848495844152897	23.712424452029165	26.221807708444363	0.0
79.0	26.279354568030026	23.613489210672533	23.87656056877842	26.230595652519025	0.0
80.0	26.254124664073753	23.722629806438444	23.769971311614828	26.253274217872978	0.0
81.0	26.313088933994035	23.676705711596686	23.781877558425656	26.228327795983624	0.0
82.0	26.128468038904966	23.875925920676274	23.759698602720853	26.235907437697904	0.0
83.0	26.141791658280344	23.91703070385563	23.80703997369294	26.134137664171085	0.0
84.0	26.16758845324118	23.877626808256107	23.68599347426132	26.268791264241393	0.0
85.0	26.251498907179734	23.70810501279918	23.779542291152268	26.260853788868825	0.0
86.0	26.23278914380154	23.76253341535391	23.78067621620549	26.22400122463906	0.0
87.0	26.31159693500058	23.889816502578263	23.665582823303293	26.13300373911786	0.0
88.0	26.261420751395438	23.635533809392868	23.756013346297877	26.347032092913818	0.0
89.0	26.20840975515723	23.683442142891565	23.831419362337247	26.27672873961395	0.0
90.0	26.23044693529275	23.78429404861123	23.797050669297366	26.188208346798653	0.0
91.0	26.23951831000289	23.783727087691844	23.798751552055517	26.17800305024975	0.0
92.0	26.278638613440375	23.80357071987028	23.743756342875287	26.17403432381406	0.0
93.0	26.193027514613416	23.778057478498006	23.70860476587349	26.320310241015086	0.0
94.0	26.27410292608531	23.85856592905051	23.69584814518735	26.171482999676833	0.0
95.0	26.264464590455777	23.695564664727662	23.727314476213156	26.31265626860341	0.0
96.0	26.132929657158734	23.79620022791829	23.829367441702242	26.241502673220733	0.0
97.0	26.192460553694037	23.70747084403472	23.761615611835875	26.338452990435368	0.0
98.0	26.286576066311753	23.62894675670006	23.784010568151537	26.300466608836654	0.0
99.0	26.312372788143712	23.69839946932458	23.89853667386707	26.090691068664633	0.0
100.0	26.23611654448659	23.750559873907893	23.71285697276887	26.300466608836654	0.0
101.0	26.221092080122915	23.847510191122527	23.72334574977747	26.20805197897709	0.0
102.0	26.20096496748479	23.78769581412753	23.719943984261167	26.29139523412651	0.0
103.0	26.22279296288107	23.84552582790468	23.693013340590433	26.238667868623818	0.0
104.0	26.282607339876062	23.616190136013927	23.86565294054281	26.235549583567202	0.0
105.0	26.250574047930876	23.72533011299531	23.76246605321495	26.261629785858858	0.0
106.0	26.309254503087104	23.666649657839084	23.791097579643836	26.23299825942998	0.0
107.0	26.13682429080477	23.85991569315028	23.76608392698698	26.237176089057968	0.0
108.0	26.140509526333844	23.90527243812348	23.81314154989667	26.14107648564601	0.0
109.0	26.176227963000237	23.87607403354698	23.678772192913573	26.268925810539205	0.0
110.0	26.260421420856733	23.693513135029864	23.776856153918114	26.26920929019529	0.0
111.0	26.243979600803947	23.753894301775432	23.781675308071513	26.220450789349105	0.0
112.0	26.311164279295497	23.88826365875853	23.658361657675638	26.142210404270337	0.0
113.0	26.26127185982498	23.631998049659966	23.76608392698698	26.340646163528074	0.0
114.0	26.206560286201057	23.682740908098733	23.83355208513461	26.277146720565597	0.0
115.0	26.23455040253997	23.779340061231434	23.78812790565824	26.19798163057036	0.0
116.0	26.219526023358657	23.785576595985937	23.800034017462295	26.194863363193104	0.0
117.0	26.290679215330538	23.80683750992176	23.731715614015194	26.17076766073251	0.0
118.0	26.196564236307974	23.781324413198774	23.72037645991609	26.301734890577162	0.0
119.0	26.27678875155913	23.857580224515253	23.698265109422838	26.167365914502778	0.0
120.0	26.25722871073818	23.6886268284386	23.72604603696564	26.328098423857583	0.0
121.0	26.13760063499263	23.79861662319991	23.830649733529878	26.23313300827758	0.0
122.0	26.186075518766298	23.708753826964507	23.77140265336206	26.33376800090713	0.0
123.0	26.275938315001703	23.63533280417281	23.77395396303436	26.314774917791134	0.0
124.0	26.33631931057943	23.68153985712666	23.899818573534414	26.082322258759493	0.0
125.0	26.238519106474655	23.729731262047853	23.72859734663794	26.30315228483955	0.0
126.0	26.23710171221227	23.85417847828552	23.70591903843973	26.202800771062478	0.0
127.0	26.213006009751673	23.785860074838418	23.705352080734777	26.295781834675136	0.0
128.0	26.235684317949882	23.83490191631704	23.692879011225763	26.23653475450731	0.0
129.0	26.29075374405756	23.6056344416443	23.864734847303684	26.23887696699446	0.0
130.0	26.259570981888487	23.71817586510904	23.758713455928834	26.26353969707364	0.0
131.0	26.331291334877356	23.651274666273576	23.79131361637832	26.226120382470754	0.0
132.0	26.1340635789975	23.882378287664633	23.770970467005707	26.21258766633216	0.0
133.0	26.13179573531996	23.92518383707811	23.82001258653241	26.12300784106952	0.0
134.0	26.166947312321764	23.886913975019702	23.676287993468613	26.269850719189925	0.0
135.0	26.27807165252099	23.708037804954106	23.74942595206912	26.264464590455777	0.0
136.0	26.24377051689827	23.760198209537418	23.782026204933693	26.21400506863062	0.0
137.0	26.311805827224326	23.8835122095034	23.66126352910494	26.14341843416733	0.0
138.0	26.27304348319098	23.626745890230385	23.770187409463173	26.330023217115468	0.0
139.0	26.22003248695278	23.698183168583473	23.820930555594927	26.260853788868825	0.0
140.0	26.25015591513681	23.766002562677883	23.77592443502024	26.207917087165068	0.0
141.0	26.220957262243587	23.78216104049258	23.78924809216569	26.20763360509814	0.0
142.0	26.306852328521696	23.793216841102634	23.719794985769198	26.180135844606472	0.0
143.0	26.181627475159814	23.783078907457018	23.739422545392692	26.295871071990472	0.0
144.0	26.27999603123981	23.86925770010347	23.696900114810564	26.153846153846157	0.0
145.0	26.25504953863163	23.69066349165852	23.731201542146817	26.323085427563043	0.0
146.0	26.139388527448226	23.7907329449618	23.840909413048717	26.228969114541258	0.0
147.0	26.19608510155774	23.71816133010163	23.77003869541183	26.3157148729288	0.0
148.0	26.289917931708978	23.658913410157194	23.754163654661166	26.297005003472666	0.0
149.0	26.314297458576064	23.67648934813114	23.916882822355458	26.09233037093734	0.0
150.0	26.246828535385745	23.74027299400434	23.739422545392692	26.27347592521722	0.0
151.0	26.20664825912676	23.851465894079162	23.714543279452535	26.227342567341548	0.0
152.0	26.18708788560867	23.78711510004139	23.712842377407487	26.31295463694246	0.0
153.0	26.229610436734944	23.83133855321272	23.71029102433991	26.228759985712426	0.0
154.0	26.29658713037168	23.61312306344666	23.858337136750077	26.231952669431585	0.0
155.0	26.262568993034783	23.717728835757597	23.74182501637123	26.27787715483639	0.0
156.0	26.332022690097606	23.658480579895848	23.791434799987528	26.218061930019022	0.0
157.0	26.157470404136618	23.87002766816347	23.77307570190956	26.199426225790358	0.0
158.0	26.130822787680863	23.91623576903887	23.81673243525196	26.136209008028306	0.0
159.0	26.18213362362226	23.89384043180478	23.677541162062866	26.246484782510095	0.0
160.0	26.26547829636685	23.699086043452624	23.756066585022907	26.279369075157614	0.0
161.0	26.23826370934821	23.74869596770536	23.79433709801787	26.218703224928564	0.0
162.0	26.313670794212364	23.890155123146005	23.65287794257722	26.143296140064407	0.0
163.0	26.263284866662318	23.636786288345036	23.773993553526427	26.32593529146622	0.0
164.0	26.215092232197783	23.698019282723507	23.8312577427137	26.25563074236501	0.0
165.0	26.23784549964564	23.77888022678951	23.78483345145287	26.19844082211198	0.0
166.0	26.214599574769665	23.791637136782423	23.795322466335932	26.19844082211198	0.0
167.0	26.31892274982282	23.795322466335932	23.7218993621545	26.163855421686748	0.0
168.0	26.175269100691995	23.78064856314263	23.72763636466723	26.316445971498148	0.0
169.0	26.285262325336145	23.868813235473382	23.696452718505228	26.14947172068525	0.0
170.0	26.251243802250322	23.681144383116607	23.731321704668193	26.336290109964878	0.0
171.0	26.1205559760623	23.79879177545507	23.85719024008573	26.223462008396904	0.0
172.0	26.19142789915776	23.717997783126247	23.771860444678794	26.318713873037204	0.0
173.0	26.286679763798055	23.66328465849655	23.7576860600597	26.29234951764569	0.0
174.0	26.32268270073055	23.68482972311757	23.885822497016292	26.10666507913559	0.0
175.0	26.242739171478867	23.751449330827302	23.72508497543579	26.280726522258036	0.0
176.0	26.215315182509897	23.847619263610284	23.725435721818407	26.211629832061416	0.0
177.0	26.19518749929128	23.789220633426694	23.73138898023518	26.284202887046842	0.0
178.0	26.222118906414778	23.832594373320333	23.72883758377085	26.21644913649404	0.0
179.0	26.302420715130108	23.613241218210216	23.876886266927855	26.207451799731817	0.0
180.0	26.268118509866845	23.726920427388468	23.74563072116843	26.25933034157626	0.0
181.0	26.337006409693064	23.66256835635739	23.800911134609223	26.19951409934032	0.0
182.0	26.155647406349043	23.881773287294543	23.77177912719067	26.190800179165745	0.0
183.0	26.1545134459356	23.914374649180996	23.815153113004826	26.115958791878572	0.0
184.0	26.168687951103625	23.905869946080184	23.69155142793965	26.23389067487654	0.0
185.0	26.276414190380613	23.6969377399035	23.755903681402483	26.270744388313403	0.0
186.0	26.23502463528998	23.77036167667387	23.798143706803195	26.196469981232955	0.0
187.0	26.321489116814934	23.87496952481389	23.654697714502788	26.148843643868393	0.0
188.0	26.247856100015593	23.652496846163658	23.77014557258076	26.32950148123999	0.0
189.0	26.216105118428327	23.676310082354107	23.839317353895872	26.26826744532169	0.0
190.0	26.22184927312725	23.78070215226907	23.78693896990452	26.210509604699155	0.0
191.0	26.22156578141655	23.793742770961376	23.807350373075092	26.177341074546977	0.0
192.0	26.299242510149	23.79771165491121	23.72939015263194	26.17365568230785	0.0
193.0	26.164941614716664	23.793243239412263	23.71925169315904	26.322563452712032	0.0
194.0	26.288827843500794	23.85731254766218	23.703659604868133	26.150200003968894	0.0
195.0	26.266148442350378	23.680980203717723	23.727472976076065	26.325398377855834	0.0
196.0	26.122701230074018	23.796361657070445	23.854477622518377	26.226459490337156	0.0
197.0	26.214269312218814	23.726622498532926	23.755255242485322	26.30385294676294	0.0
198.0	26.30215199167666	23.652347459765323	23.751853332312763	26.293647216245255	0.0
199.0	26.310373274593683	23.691469426749787	23.906073260135567	26.092084038520962	0.0
200.0	26.229294415480958	23.753270794884664	23.73144187127739	26.285992918356992	0.0
201.0	26.20753978828719	23.851426821869808	23.747668267458934	26.193365122384066	0.0
202.0	26.197334028836938	23.798980558028244	23.709113176202436	26.294572236932375	0.0
203.0	26.24439391963531	23.82534543660806	23.724988802013936	26.20527184174269	0.0
204.0	26.31789329848246	23.61562732996731	23.868787580689517	26.197691790860716	0.0
205.0	26.25609157994109	23.74660161421553	23.753121979015766	26.244184826827617	0.0
206.0	26.32866607510893	23.667223260125702	23.811805262217888	26.19230540254748	0.0
207.0	26.151839882066113	23.87906106480694	23.782389295231614	26.186709757895333	0.0
208.0	26.133412711912456	23.91251346600896	23.835969836139935	26.11810398593865	0.0
209.0	26.189261212224302	23.901740658842208	23.689686454612463	26.219311674321027	0.0
210.0	26.275443669558314	23.680047627147474	23.74978737880592	26.29472132448829	0.0
211.0	26.23376991551851	23.769065033735895	23.800816465385267	26.196348585360322	0.0
212.0	26.326472756137665	23.86205136928049	23.650280659976186	26.16119521460566	0.0
213.0	26.258791911299856	23.62823504063911	23.782456717289556	26.330516330771474	0.0
214.0	26.234127782864952	23.676429314592376	23.82328010228526	26.266162800257415	0.0
215.0	26.238454603700195	23.763529872029665	23.794430994108943	26.203584530161194	0.0
216.0	26.2429905482256	23.772601761080463	23.805203862356763	26.179203828337176	0.0
217.0	26.3036588062528	23.774869733343163	23.732912246483227	26.188559213920815	0.0
218.0	26.157165253432446	23.80271987344679	23.72872706860919	26.311387804511575	0.0
219.0	26.27368265875142	23.84864644196668	23.70292881098382	26.174742088298082	0.0
220.0	26.246750411779878	23.67486257466611	23.751973850205676	26.326413163348327	0.0
221.0	26.128532022441647	23.79449845068706	23.858568848745666	26.21840067812563	0.0
222.0	26.219818164808338	23.73864947538818	23.74970587151334	26.291826488290145	0.0
223.0	26.28615654155929	23.64651284101186	23.75565931558073	26.311671301848122	0.0
224.0	26.314789772550085	23.695841377570257	23.883233117024865	26.106135732854792	0.0
225.0	26.241647459722117	23.739783464734348	23.72192313253217	26.296645943011367	0.0
226.0	26.220459493785718	23.857785992923887	23.734180803773928	26.187573709516464	0.0
227.0	26.18984169463848	23.791730926245126	23.708949469291483	26.309477909824913	0.0
228.0	26.240871359883876	23.81412727932505	23.728510840968884	26.216490519822187	0.0
229.0	26.312387486356613	23.615745531347894	23.877982054516846	26.193884927778644	0.0
230.0	26.285171587735835	23.733114094149997	23.737650077253463	26.244064240860705	0.0
231.0	26.324861439891134	23.678682296908445	23.79009738188725	26.206358881313168	0.0
232.0	26.140661234811503	23.86444176064683	23.800937817165345	26.193959187376326	0.0
233.0	26.150300226232797	23.908951221033416	23.841761780832016	26.09898677190177	0.0
234.0	26.185454194945766	23.90016272885517	23.689522416325048	26.22486065987401	0.0
235.0	26.28581310562634	23.69008941582042	23.74820686409589	26.275890614457353	0.0
236.0	26.246123140950406	23.7442378676283	23.787896828771824	26.221742162649477	0.0
237.0	26.341095556424953	23.86812725736674	23.651816949882914	26.13896023632539	0.0
238.0	26.26434158414438	23.634306968727053	23.75677920693556	26.34457224019301	0.0
239.0	26.22266700308732	23.676265050335523	23.829638848647562	26.271429097929595	0.0
240.0	26.23047960352473	23.751091554486997	23.801274708824298	26.217154133163977	0.0
241.0	26.24014335901282	23.757446531001104	23.80479810366875	26.19761200631732	0.0
242.0	26.291910530375212	23.79145683045234	23.737012839707816	26.179619799464632	0.0
243.0	26.151368029402423	23.80382503743364	23.72583828667362	26.318968646490315	0.0
244.0	26.261351454063835	23.85691353893102	23.70915319996143	26.172581807043716	0.0
245.0	26.243596943550994	23.671028970462267	23.737399522358935	26.3479745636278	0.0
246.0	26.14429328401393	23.772877355814508	23.86024531106396	26.2225840491076	0.0
247.0	26.21423120675618	23.722933161610975	23.753287168765443	26.309548462867404	0.0
248.0	26.29507843242952	23.659669360993448	23.746769219420717	26.29848298715632	0.0
249.0	26.310966354487913	23.703928572441832	23.881532844023162	26.103572229047096	0.0
