# Position (bp)	A	C	G	T	N
0.0	26.143445592340175	23.98544010206939	23.64626722204422	26.224847083546223	0.0
1.0	26.24216654976027	23.708328642644567	23.810224835537237	26.23927997205793	0.0
2.0	26.30689116872793	23.657394339829146	23.869377127748432	26.166337363694492	0.0
3.0	26.205355342959663	23.873552162468826	23.846481704402116	26.074610790169395	0.0
4.0	26.252120102168046	23.917056131954585	23.726426911547467	26.104396854329902	0.0
5.0	26.246152339981975	23.848437468506056	23.709936105088268	26.195474086423697	0.0
6.0	26.178678267979972	23.722132806629105	23.81426765750021	26.284921267890716	0.0
7.0	26.158629624298257	23.807110983158196	23.78897365769397	26.245285734849578	0.0
8.0	26.125905690195662	23.695475075348245	23.814074792666393	26.364544441789704	0.0
9.0	26.130008146018096	23.739166227702793	23.837897118382077	26.292928507897035	0.0
10.0	26.314729052554625	23.78212526875995	23.712182920826987	26.190962757858436	0.0
11.0	26.193841043781607	23.76197726729778	23.851491959508273	26.19268972941234	0.0
12.0	26.23298573233668	23.831343958046105	23.648860630517316	26.286809679099903	0.0
13.0	26.206217673251224	23.716788178304057	23.748449323458896	26.328544824985823	0.0
14.0	26.197294986889407	23.822709100276604	23.772914753805814	26.207081159028178	0.0
15.0	26.304942880415854	23.803424584591383	23.804288070368333	26.08734446462443	0.0
16.0	26.152969383672637	23.786154869052382	23.77233909662118	26.288536650653803	0.0
17.0	26.232697903744363	23.70182109150359	23.69664017684189	26.368840827910162	0.0
18.0	26.24565019039861	23.899271505832846	23.678219146933618	26.17685915683492	0.0
19.0	26.19700715829709	23.76111378152083	23.825875214792084	26.216003845389995	0.0
20.0	26.267812992007002	23.71736383548869	23.913375106856368	26.101448065647947	0.0
21.0	26.247664990544834	23.833358758192322	23.743268408797196	26.175707842465656	0.0
22.0	26.24219624729081	23.860414645870094	23.59302188360787	26.304367223231225	0.0
23.0	26.199309787035624	23.68915663344165	23.813498585322467	26.298034994200254	0.0
24.0	26.21341338805914	23.688580976257022	23.858687674316194	26.239317961367647	0.0
25.0	26.14195665313876	23.96511527501943	23.660593500849092	26.232334570992716	0.0
26.0	26.252770342227212	23.723627781135768	23.806522177129207	26.217079699507817	0.0
27.0	26.31781941686095	23.65915436202976	23.866102524249488	26.156923696859803	0.0
28.0	26.205278761189305	23.87934260138733	23.84739371959819	26.06798491782517	0.0
29.0	26.25507296433814	23.923668077022707	23.71787122585845	26.103387732780703	0.0
30.0	26.244998992602824	23.848545030653657	23.716432087039117	26.1900238897044	0.0
31.0	26.175056845983363	23.718734709150045	23.814581354517454	26.291627090349134	0.0
32.0	26.16440721872032	23.805658693837607	23.78349595601992	26.246438131422156	0.0
33.0	26.120945226376534	23.68966410499957	23.828684914946898	26.360705753677	0.0
34.0	26.12900440376479	23.748956624355984	23.836168436807416	26.285870535071815	0.0
35.0	26.323212378860838	23.78054923135817	23.7057142281489	26.190524161632094	0.0
36.0	26.205203335338528	23.74917609539736	23.849339868923614	26.196280700340502	0.0
37.0	26.231683413397196	23.82458675247747	23.65390537977325	26.28982445435209	0.0
38.0	26.215277278078236	23.701684651053014	23.755796114912027	26.32724195595672	0.0
39.0	26.191675469373777	23.831782425862976	23.764718749910056	26.21182335485319	0.0
40.0	26.305654935800206	23.80415104006263	23.796667539741705	26.09352648439546	0.0
41.0	26.158863198735865	23.789471866356195	23.767884846199678	26.283780088708262	0.0
42.0	26.236288644363913	23.70513857427806	23.692762016054985	26.36581076530304	0.0
43.0	26.25154347194119	23.886469543592828	23.69477680460293	26.167210179863055	0.0
44.0	26.191099815502934	23.769036153941357	23.82775284876709	26.212111181788618	0.0
45.0	26.27341831903313	23.716075997824028	23.90805656374935	26.10244911939349	0.0
46.0	26.249240856457828	23.82458675247747	23.73881432572223	26.18735806534247	0.0
47.0	26.23830343291186	23.86545817730715	23.59720347349546	26.299034916285535	0.0
48.0	26.19426591179256	23.688732438959104	23.817391079091962	26.29961057015638	0.0
49.0	26.216716412755336	23.68700547734658	23.8548085806966	26.241469529201485	0.0
50.0	26.14123051417256	23.961235579912042	23.664774689723455	26.232759216191948	0.0
51.0	26.24916530428976	23.734140781505445	23.806960786571185	26.209733127633612	0.0
52.0	26.32831748370904	23.650959036588453	23.861647746897237	26.15907573280527	0.0
53.0	26.189009647931105	23.884098183241612	23.85905731193442	26.06783485689286	0.0
54.0	26.25923921803403	23.916910359437242	23.72521817218909	26.098632250339637	0.0
55.0	26.250604434824652	23.843226876050565	23.715144258444816	26.19102443067996	0.0
56.0	26.18066269082871	23.726945128830966	23.815883395887543	26.276508784452783	0.0
57.0	26.16512008105183	23.806960786571185	23.794584263971082	26.233334868405905	0.0
58.0	26.134322687605057	23.68578599553294	23.82653296184577	26.353358355016233	0.0
59.0	26.13317138317714	23.7430633908218	23.84178774551567	26.28197748048539	0.0
60.0	26.311260012721878	23.791925349635758	23.71996903000003	26.176845607642335	0.0
61.0	26.2188680983096	23.74270722700492	23.86157906704314	26.176845607642335	0.0
62.0	26.237001090857802	23.827040033617994	23.6459979334145	26.2899609421097	0.0
63.0	26.22635155555172	23.702699513287453	23.74846373257578	26.32248519858505	0.0
64.0	26.20246205743266	23.82502525666819	23.76256717122438	26.20994551467477	0.0
65.0	26.30982088632916	23.80084793327059	23.79537925297827	26.093951927421976	0.0
66.0	26.15813696453705	23.792788825471387	23.764294122895638	26.28478008709593	0.0
67.0	26.235849789743632	23.704714290237256	23.698669959387853	26.360765960631262	0.0
68.0	26.23757674141489	23.88115118598406	23.698957784666398	26.182314287934656	0.0
69.0	26.18893426934114	23.74961503368995	23.835099141417192	26.22635155555172	0.0
70.0	26.262617540648126	23.709607319972484	23.919719773308813	26.10805536607058	0.0
71.0	26.24707497560681	23.828191334732164	23.7311942158632	26.193539473797827	0.0
72.0	26.239879343643235	23.868774699006714	23.582388546856517	26.308957410493534	0.0
73.0	26.18605601655571	23.689171725195937	23.82473743138965	26.300034826858703	0.0
74.0	26.205628135496628	23.692337803259907	23.86157906704314	26.24045499420032	0.0
75.0	26.154319957171722	23.952462913819602	23.66550193705855	26.227715191950125	0.0
76.0	26.247862903457925	23.730550262783723	23.80480897091246	26.21677786284589	0.0
77.0	26.339103254143232	23.64535422555075	23.848846111779505	26.166696408526512	0.0
78.0	26.187419768934532	23.878204205690864	23.857193020832735	26.077183004541872	0.0
79.0	26.260815003712935	23.922816995458128	23.727096369382387	26.089271631446547	0.0
80.0	26.25793675921182	23.840499202726274	23.716734689178377	26.184829348883532	0.0
81.0	26.171589424178404	23.72623289603205	23.814595002216247	26.287582677573297	0.0
82.0	26.166696408526512	23.79646206185923	23.803945497562125	26.232896032052132	0.0
83.0	26.13762613906526	23.6819079307149	23.822654086819366	26.357811843400476	0.0
84.0	26.12755228331136	23.731125911683947	23.83992355382605	26.301398251178643	0.0
85.0	26.318304143221035	23.78488062515291	23.71350036697512	26.183314864650942	0.0
86.0	26.22476146617353	23.75091743779412	23.853670470735533	26.170650625296823	0.0
87.0	26.224185818930156	23.816253399916533	23.66025299696346	26.299307784189846	0.0
88.0	26.226488407903638	23.708319541784796	23.749190496064013	26.31600155424756	0.0
89.0	26.212672874062775	23.825175932188756	23.76645991336509	26.195691280383382	0.0
90.0	26.30103472591996	23.799271806237137	23.790924921208283	26.10876854663462	0.0
91.0	26.16144026940291	23.782290212557744	23.77279203304215	26.283477484997192	0.0
92.0	26.241743059852922	23.694791831565617	23.69824571502583	26.365219393555627	0.0
93.0	26.22994229136385	23.890511894311167	23.69018665361866	26.18935916070632	0.0
94.0	26.196554751248435	23.760703440931398	23.8317958754875	26.21094593233267	0.0
95.0	26.26592024407443	23.7137881905968	23.932821966698807	26.08746959862996	0.0
96.0	26.24289435433966	23.82920546289234	23.730769784276195	26.1971303984918	0.0
97.0	26.23742570552765	23.871227711658296	23.588584915163988	26.302761667650067	0.0
98.0	26.18072445205578	23.691050124483716	23.835825406191084	26.29240001726942	0.0
99.0	26.21094593233267	23.693064889835508	23.857987825060803	26.238001352771022	0.0
100.0	26.148988590704477	23.957505842802703	23.663926593674805	26.22957897281801	0.0
101.0	26.23907712499568	23.732140595678054	23.80150588885435	26.227276390471914	0.0
102.0	26.33233171001278	23.640900770213793	23.85705568795404	26.169711831819388	0.0
103.0	26.18122474354989	23.87979368862179	23.858206979127093	26.080774588701228	0.0
104.0	26.2566343153847	23.915195892193093	23.73300406405784	26.09516572836436	0.0
105.0	26.257209960971228	23.828561231421038	23.726096317019536	26.188132490588195	0.0
106.0	26.179209983997055	23.73501882361068	23.804384116786977	26.281387075605288	0.0
107.0	26.16510666712718	23.793446850642997	23.80985274985897	26.231593732370857	0.0
108.0	26.147837299531425	23.678029910544677	23.837195915218917	26.336936874704982	0.0
109.0	26.136900033387445	23.739048342716355	23.827409940247986	26.296641683648215	0.0
110.0	26.319303931360217	23.787621928579856	23.710773463966127	26.182300676093796	0.0
111.0	26.232669519941744	23.746463387606962	23.85468444638884	26.166182646062452	0.0
112.0	26.2165514899104	23.81755541292378	23.668175813169007	26.297717283996814	0.0
113.0	26.231806054047208	23.70444138073953	23.749629429220263	26.314123135993	0.0
114.0	26.215112380086175	23.80028609503306	23.785319352861094	26.19928217201968	0.0
115.0	26.300595503645262	23.790787970193158	23.807193822189348	26.101422703972233	0.0
116.0	26.156396699257705	23.795393121630685	23.768337856935215	26.279872322176395	0.0
117.0	26.25051448176216	23.696094543759013	23.69436761196994	26.35902336250889	0.0
118.0	26.22777654653937	23.890374370029672	23.69177721428633	26.19007186914462	0.0
119.0	26.192086622898543	23.75221982690387	23.834536908849664	26.221156641347925	0.0
120.0	26.268071621617732	23.711061285930974	23.925488649740817	26.095378442710476	0.0
121.0	26.23123041011752	23.836263840638736	23.726603672032628	26.205902077211118	0.0
122.0	26.237562493344118	23.86734861284204	23.59247863641466	26.302610257399184	0.0
123.0	26.18201285412895	23.684006021235504	23.843171567795025	26.29080955684052	0.0
124.0	26.192086622898543	23.693791968040248	23.875983271787405	26.238138137273808	0.0
125.0	26.161077148021505	23.948295513418298	23.665077884847857	26.22554945371234	0.0
126.0	26.251741327899243	23.728111076572375	23.79718854695541	26.222959048572974	0.0
127.0	26.342117684983705	23.63946165624748	23.850435763709	26.16798489505981	0.0
128.0	26.178922161203786	23.885837967280306	23.85245052326184	26.082789348254064	0.0
129.0	26.25951254331733	23.889004018006194	23.745092621374873	26.106390817301605	0.0
130.0	26.268147227115207	23.826834294661463	23.720627683947548	26.18439079427578	0.0
131.0	26.19187418690061	23.728398899365637	23.80611105354655	26.2736158601872	0.0
132.0	26.16798489505981	23.79517378740257	23.804096293993716	26.232745023543902	0.0
133.0	26.13920261573355	23.687240239929082	23.831151636560403	26.342405507776974	0.0
134.0	26.129704463555882	23.737897051543307	23.83287857331998	26.299519911580838	0.0
135.0	26.31485025976082	23.78200238893606	23.72530113546419	26.177846215838933	0.0
136.0	26.227927526012063	23.74228272914358	23.861153884899334	26.168635859945027	0.0
137.0	26.210082461467614	23.82229769597191	23.660540820585148	26.307079021975333	0.0
138.0	26.232820527580696	23.69824571502583	23.75897649920129	26.309957258192178	0.0
139.0	26.214399815792884	23.807906514887677	23.79754486450703	26.180148804812408	0.0
140.0	26.30247384402838	23.800710924345562	23.794378804668497	26.10243642695756	0.0
141.0	26.16259156388965	23.783441507044483	23.78056327082764	26.27340365823823	0.0
142.0	26.241455236231236	23.68500582842834	23.701411774864365	26.37212716047606	0.0
143.0	26.234547469310805	23.888497128959372	23.69018665361866	26.186768748111156	0.0
144.0	26.20231122368213	23.759839970066345	23.833234993595926	26.2046138126556	0.0
145.0	26.259012477154	23.70745607091974	23.93627585015902	26.097255601767237	0.0
146.0	26.23663774990358	23.83762095822516	23.71702251362849	26.208718778242773	0.0
147.0	26.241818590005582	23.863237334285074	23.59930231353293	26.295641762176412	0.0
148.0	26.18008703861475	23.684346864998044	23.848119919869212	26.287446176517992	0.0
149.0	26.205127909921945	23.68521034331898	23.87719035667411	26.232471390084967	0.0
150.0	26.155121448575404	23.9443227576123	23.66138888009418	26.23916691371812	0.0
151.0	26.248165098005355	23.728520853121495	23.803643899490545	26.21967014938261	0.0
152.0	26.339694326914774	23.643036007253258	23.853150274875514	26.164119390956454	0.0
153.0	26.182828195607748	23.879054773623466	23.845954580778862	26.092162449989925	0.0
154.0	26.26169300290706	23.90438361684368	23.746078346717326	26.087845033531938	0.0
155.0	26.25075554788015	23.8252309817805	23.729672164176957	26.194341306162393	0.0
156.0	26.177935123622024	23.722764297844172	23.819186598739314	26.28011397979449	0.0
157.0	26.180813401260682	23.792706444463633	23.799614310796418	26.226865843479263	0.0
158.0	26.14512275854129	23.67843882220879	23.817747459919982	26.358690959329937	0.0
159.0	26.137351408916903	23.73082347523242	23.845954580778862	26.285870535071815	0.0
160.0	26.315304709739255	23.78356441172153	23.72858915058904	26.172541727950172	0.0
161.0	26.221472588644012	23.742980580204875	23.862429446016307	26.173117385134802	0.0
162.0	26.222623903013275	23.807454184883817	23.668720803387167	26.301201108715738	0.0
163.0	26.23874230418301	23.692034919364822	23.76370423885168	26.305518537600488	0.0
164.0	26.22579001752876	23.79594104119115	23.798531498522	26.17973744275809	0.0
165.0	26.31041162366987	23.797955841337366	23.793062755267982	26.098569779724777	0.0
166.0	26.170526927803955	23.78097395439068	23.789320983567865	26.259178134237498	0.0
167.0	26.254572876760427	23.678506975525934	23.70412372024212	26.362796427471512	0.0
168.0	26.24219624729081	23.884592247624695	23.690307947810922	26.182903557273573	0.0
169.0	26.20420287310501	23.76715818195948	23.839115330038656	26.18952361489686	0.0
170.0	26.261192934383715	23.710168120680773	23.93582573705707	26.092813207878446	0.0
171.0	26.23737867989914	23.83918394602623	23.705631094787986	26.21780627928664	0.0
172.0	26.24342309773536	23.855878052431006	23.600285526785406	26.30041332304823	0.0
173.0	26.180251334097044	23.678423606753668	23.844789969662607	26.29653508948668	0.0
174.0	26.208458779711364	23.67036433657815	23.877890543597776	26.243286340112714	0.0
175.0	26.16046628768799	23.948190256889976	23.65546520831834	26.235878247103688	0.0
176.0	26.2443009118541	23.737277793128857	23.80031316201529	26.21810813300175	0.0
177.0	26.34014921248964	23.65064014000184	23.852410886985357	26.156799760523164	0.0
178.0	26.179538546559822	23.879754996776274	23.854713548862485	26.08599290780142	0.0
179.0	26.271932854379664	23.886950815142306	23.750805931656995	26.09031039882104	0.0
180.0	26.268191028829325	23.81384130054343	23.732672469374595	26.18529520125265	0.0
181.0	26.178099382886614	23.725764483743205	23.820173620705535	26.27596251266464	0.0
182.0	26.16658607350097	23.792253845445334	23.81412913327807	26.22703094777563	0.0
183.0	26.13924196371005	23.682013908077735	23.82103711890946	26.357707009302757	0.0
184.0	26.130606981670812	23.728067145620336	23.845502901353967	26.295822971354887	0.0
185.0	26.325545516560506	23.77044697674017	23.71892476894161	26.18508273775772	0.0
186.0	26.22912127291515	23.741663620428124	23.866007719696164	26.163207386960565	0.0
187.0	26.223940268778982	23.811607176266396	23.660494555628155	26.30395799932647	0.0
188.0	26.250708790149186	23.693595415387005	23.760372802030954	26.295322992432858	0.0
189.0	26.217320096827212	23.798942499489094	23.805850505003985	26.17788689867971	0.0
190.0	26.293308157491012	23.799518166615336	23.80354783649902	26.103625839394628	0.0
191.0	26.157450715698154	23.778506316507542	23.792610161100445	26.271432806693856	0.0
192.0	26.25617762784847	23.671720064589852	23.7019425887175	26.370159718844178	0.0
193.0	26.22998477360451	23.886731736240836	23.697912918833815	26.18537057132084	0.0
194.0	26.206382421428632	23.774476646623857	23.8398148654522	26.179326066495314	0.0
195.0	26.278628645771867	23.70827492710615	23.92645276795146	26.086643659170523	0.0
196.0	26.23380211961246	23.839019981463466	23.713524186723927	26.21365371220015	0.0
197.0	26.237256132311714	23.873560108455997	23.59407291420808	26.295110845024205	0.0
198.0	26.17667376662253	23.67912037303552	23.847504461458755	26.296701398883197	0.0
199.0	26.214092452938807	23.674802832306717	23.870243509297104	26.24086120545737	0.0
200.0	26.159341655704814	23.944136297302666	23.65054099252483	26.245981054467688	0.0
201.0	26.248934994358347	23.72803785663297	23.792513873857278	26.230513275151402	0.0
202.0	26.332984088240035	23.65636585534345	23.85583853363115	26.154811522785366	0.0
203.0	26.17496027816796	23.884046791166785	23.86936698367375	26.071625946991507	0.0
204.0	26.25814585396182	23.890091417781566	23.754519077992953	26.097243650263664	0.0
205.0	26.243904966408955	23.82978233462094	23.74371786974618	26.18259482922392	0.0
206.0	26.180079617055206	23.712699294499632	23.830138768555006	26.27708231989016	0.0
207.0	26.16885378497638	23.795597746774014	23.806535737004662	26.229012731244943	0.0
208.0	26.13057081916911	23.678158272718637	23.823806247895156	26.367464660217088	0.0
209.0	26.126828875142845	23.7360144842018	23.8554688511944	26.28168778946096	0.0
210.0	26.31630456057937	23.77753215202699	23.72312988612944	26.183033401264204	0.0
211.0	26.23772350983846	23.738385547994888	23.865612011099213	26.158278931067436	0.0
212.0	26.22448274670996	23.812073273231782	23.6606680252841	26.30277595477416	0.0
213.0	26.258160339884633	23.687437394217817	23.765730602282016	26.28867166361553	0.0
214.0	26.220452949236066	23.79336349924585	23.795954083336213	26.19022946818187	0.0
215.0	26.307532886215135	23.7888949656026	23.806741314297227	26.096830833885036	0.0
216.0	26.166777006994618	23.77047292824041	23.8035750266256	26.259175038139375	0.0
217.0	26.260038571140726	23.669439567082122	23.705707953138944	26.364813908638208	0.0
218.0	26.238450246106904	23.879565930744654	23.68872513744567	26.19325868570277	0.0
219.0	26.198152039377103	23.787743588267464	23.840994790017557	26.173109582337872	0.0
220.0	26.281051207506977	23.69476986845514	23.932817132494748	26.091361791543132	0.0
221.0	26.23996499802826	23.843366176466354	23.696277298515582	26.2203915269898	0.0
222.0	26.24831250773584	23.863227492667143	23.593804420726002	26.294655578871012	0.0
223.0	26.180531768214227	23.67367381774115	23.841200666653233	26.304593747391387	0.0
224.0	26.223420944310277	23.66647764725524	23.86566764630534	26.244433762129145	0.0
225.0	26.163048421731343	23.923881567963708	23.672302723614443	26.240767286690502	0.0
226.0	26.248902577683108	23.730804104719276	23.788949496984788	26.231343820612828	0.0
227.0	26.343892574948548	23.649342985852247	23.85515464659403	26.151609792605175	0.0
228.0	26.178955397878557	23.87587973690649	23.874440494523682	26.070724370691266	0.0
229.0	26.270779061901816	23.8894086153049	23.74778716483643	26.09202515795685	0.0
230.0	26.25494739569091	23.829823980656585	23.722168650422418	26.193059973230092	0.0
231.0	26.18852978088911	23.69633049705818	23.841982245454858	26.273157476597852	0.0
232.0	26.16651602466307	23.79750260505121	23.805562431995213	26.230418938290512	0.0
233.0	26.137730928434493	23.678620157627186	23.824848446468355	26.358800467469962	0.0
234.0	26.12448978416935	23.734175393348337	23.859966263867218	26.281368558615092	0.0
235.0	26.320016349981724	23.785769183162973	23.716972605145063	26.177241861710243	0.0
236.0	26.229630887648568	23.739425044832917	23.877593904450475	26.15335016306804	0.0
237.0	26.21898037138638	23.804479549569518	23.670916318605876	26.305623760438223	0.0
238.0	26.251083048598296	23.696095843684066	23.773528421210194	26.279292686507443	0.0
239.0	26.22488838482552	23.799435231534922	23.800586645327133	26.17508973831243	0.0
240.0	26.304093129564432	23.786152043686148	23.79104572134248	26.11870910540694	0.0
241.0	26.1771649009673	23.759500230308614	23.80700138185168	26.256333486872407	0.0
242.0	26.25152589999309	23.671891194693323	23.70413662850957	26.37244627680402	0.0
243.0	26.244216212169636	23.884920257869837	23.694310797075786	26.17655273288474	0.0
244.0	26.213231588798504	23.79353538262184	23.83068173637607	26.162551292203585	0.0
245.0	26.263315679888034	23.70745390089304	23.93640151940583	26.092828899813096	0.0
246.0	26.239980645328526	23.839079731453932	23.710048588289848	26.21089103492769	0.0
247.0	26.242834509577996	23.863459599596716	23.58404148062797	26.30966441019732	0.0
248.0	26.198628159678517	23.675504336077786	23.84034457672721	26.285522927516485	0.0
249.0	26.224761398869497	23.652834633394342	23.882053384296494	26.240350583439664	0.0
