# Position (bp)	A	C	G	T	N
0.0	26.172138440700248	23.734917909221256	23.787340394783822	26.305319890507846	2.833647868246709E-4
1.0	26.31297073975211	23.721883129027322	23.760987469609127	26.204158661611437	0.0
2.0	26.157598903029132	23.771290640617387	23.82738574164523	26.2428747889351	8.49925773149145E-4
3.0	26.126667195485396	23.878432128004352	23.7945765861729	26.199757498838487	5.665914988611511E-4
4.0	26.309795633920125	23.844031343308952	23.56442319132903	26.28146654050777	2.8329093412352615E-4
5.0	26.289816315199037	23.75635984543734	23.8280320456889	26.12579179367472	0.0
6.0	26.24802406812503	23.75962470042323	23.81118306619301	26.18116816525873	0.0
7.0	26.39163517487153	23.726211182939476	23.721678630715974	26.160191726959052	2.832845139687594E-4
8.0	26.2465050268125	23.718509831249808	23.76865048001881	26.266051381417366	2.832805015197999E-4
9.0	26.231179978187896	23.66103423367279	23.760463436397885	26.34703907765959	2.8327408183788225E-4
10.0	26.170842598756426	23.779159525799187	23.774343866407943	26.275654009036444	0.0
11.0	26.24109457105222	23.807203659901138	23.787941022336163	26.1631941985468	5.665481636757645E-4
12.0	26.317012024984777	23.780859170290213	23.72675382065918	26.174808435902158	5.665481636757645E-4
13.0	26.16631021344702	23.696726767984362	23.74403353965129	26.392929478917328	0.0
14.0	26.25072588983471	23.793039955809242	23.803521096837247	26.1527130575188	0.0
15.0	26.216658735014843	23.735751354046275	23.833197362159222	26.213826002220863	5.665465587962018E-4
16.0	26.312971650010198	23.84254538037936	23.70402474675369	26.140174949577354	2.832732793981009E-4
17.0	26.243212083270777	23.81670004560687	23.588665701651763	26.351422169470588	0.0
18.0	26.355104711671107	23.72888557774838	23.723220128209125	26.19278958237139	0.0
19.0	26.236980088777596	23.654668188784107	23.699708512621207	26.40864320981709	0.0
20.0	26.23188118419226	23.820665860284347	23.711322684176682	26.23613027134671	0.0
21.0	26.197888486956717	23.667981995201366	23.850692742842412	26.2834367749995	0.0
22.0	26.227915369514783	23.752397193336297	23.761745185076073	26.25765897959588	2.832724769628658E-4
23.0	26.197605214479758	23.69715906032854	23.631439845673157	26.47379587951855	0.0
24.0	26.216584470436267	23.707923414453127	23.753813555721113	26.32139528691253	2.832724769628658E-4
25.0	26.173810326414877	23.737950297011192	23.78525680066399	26.30269930343298	2.832724769628658E-4
26.0	26.31572983737327	23.716421588762017	23.754663373152002	26.21318520071271	0.0
27.0	26.14774925853429	23.77732517130903	23.82661458230057	26.24774444290218	5.665449539257316E-4
28.0	26.122254735607637	23.88015308044655	23.793754974972877	26.203553936495975	2.832724769628658E-4
29.0	26.304398938294753	23.844177475872268	23.564304268632956	26.28683604472306	2.832724769628658E-4
30.0	26.293351311693204	23.758062642875554	23.823215312577016	26.125087460377262	2.832724769628658E-4
31.0	26.257942252072848	23.762028457553036	23.808768416251908	26.170977601645244	2.832724769628658E-4
32.0	26.39872867312339	23.728319032794452	23.7150052263772	26.157663795227993	2.832724769628658E-4
33.0	26.256809162164995	23.711605956653646	23.767127362138368	26.26417424656603	2.832724769628658E-4
34.0	26.23556372639278	23.657217641076773	23.762028457553036	26.344906902500448	2.832724769628658E-4
35.0	26.166161969536876	23.790355705249322	23.772792811677622	26.270689513536176	0.0
36.0	26.245761535563446	23.81358404836028	23.784406983233104	26.15539761541229	8.498174308885975E-4
37.0	26.312897112603643	23.776475353878144	23.72860230527142	26.181458683292874	5.665449539257316E-4
38.0	26.1743768713688	23.698858695190317	23.744748836458303	26.38173232450562	2.832724769628658E-4
39.0	26.256809162164995	23.79942042451213	23.801686604327838	26.142083808995036	0.0
40.0	26.219342923023753	23.736466695749225	23.83589505351002	26.207728784367934	5.665433490643537E-4
41.0	26.30998985887405	23.839294313604405	23.709555886668667	26.140876669178343	2.8327167453217684E-4
42.0	26.24986190544985	23.814582217954275	23.59419747945578	26.341358397140098	0.0
43.0	26.358921191210673	23.7264849767293	23.725068622368767	26.18952520969126	0.0
44.0	26.233715465739806	23.66218248876123	23.69617499341395	26.407927052085018	0.0
45.0	26.233148923995593	23.828745761559574	23.703823306960814	26.234282007484016	0.0
46.0	26.196890252366018	23.671530427540727	23.8392267838275	26.29235253626575	0.0
47.0	26.224367526960307	23.754528793067795	23.760477481382022	26.260342927717772	2.8327087210603394E-4
48.0	26.19632371062181	23.70410657783292	23.623940921026914	26.475628790518357	0.0
49.0	26.203122211552355	23.712604703996103	23.751696084346737	26.332293729232703	2.8327087210603394E-4
50.0	26.1773445621907	23.736116186380904	23.78795475597631	26.29830122457998	2.8327087210603394E-4
51.0	26.314164393417915	23.716570496205584	23.75141281347463	26.217852296901867	0.0
52.0	26.145334953642724	23.779456629813126	23.826196323710622	26.248162280217212	8.498126163181018E-4
53.0	26.122106742130025	23.881717414643404	23.790504193825264	26.205105107657094	5.665417442120679E-4
54.0	26.312464768185283	23.83696061685065	23.56332095439622	26.28697038969574	2.8327087210603394E-4
55.0	26.296318328475238	23.755661876556218	23.821663989756924	26.12607253433951	2.8327087210603394E-4
56.0	26.25779348986882	23.760477481382022	23.814298947082168	26.16714681079489	2.8327087210603394E-4
57.0	26.40169509289868	23.72988422719457	23.717986850566117	26.15015055846853	2.8327087210603394E-4
58.0	26.252694614170906	23.71940320492665	23.76925887841731	26.25836003161303	2.8327087210603394E-4
59.0	26.241930321030882	23.653684362598046	23.76925887841731	26.334843167081658	2.8327087210603394E-4
60.0	26.170262790388055	23.793053631674216	23.763026919230974	26.273656658706756	0.0
61.0	26.24561284236826	23.812599321849532	23.781722796789975	26.159215226375913	8.498126163181018E-4
62.0	26.314164393417915	23.77549083760364	23.733283477659842	26.176494749574385	5.665417442120679E-4
63.0	26.17309549910911	23.699007702135013	23.750279729986204	26.377333797897563	2.8327087210603394E-4
64.0	26.252411343298803	23.806933904407412	23.801551757837398	26.139102994456387	0.0
65.0	26.222310350688343	23.72840065718656	23.842841765339074	26.205880686646648	5.665401393688743E-4
66.0	26.310973882499578	23.836609823806015	23.70998810265707	26.142144920967652	2.8327006968443717E-4
67.0	26.253395690341367	23.8133142221001	23.59236419363154	26.340925893926993	0.0
68.0	26.36245435823931	23.72493421071268	23.72776690338535	26.18484452766266	0.0
69.0	26.239232226978	23.665730933853794	23.68754266743338	26.407494171734825	0.0
70.0	26.23554972650352	23.833992878610623	23.704822092736695	26.225635302149165	0.0
71.0	26.190509913008007	23.670263242130073	23.844190572232247	26.29475300336241	2.8326926726738634E-4
72.0	26.23073414895998	23.758076714982963	23.760626138388368	26.250279728401427	2.8326926726738634E-4
73.0	26.189660105206208	23.705671900538494	23.632021891048975	26.472362833939055	2.8326926726738634E-4
74.0	26.208922415380385	23.713603440021984	23.756377099379357	26.320813775951006	2.8326926726738634E-4
75.0	26.170114525764752	23.735698442868838	23.790369411451444	26.303534350647695	2.8326926726738634E-4
76.0	26.32279666082188	23.707654785409364	23.75269459890488	26.216853954863872	0.0
77.0	26.14830279218517	23.777055755889876	23.83512595567969	26.23866568844346	8.49807801802159E-4
78.0	26.12592452007104	23.885264615986017	23.786686910976968	26.201557414431438	5.665385345347727E-4
79.0	26.312032428665717	23.834559417145158	23.568286305913812	26.284838579008046	2.8326926726738634E-4
80.0	26.292486849224268	23.746462675024997	23.83314307080882	26.127624135674647	2.8326926726738634E-4
81.0	26.24886338206509	23.77592267882081	23.818129799643646	26.15680087020319	2.8326926726738634E-4
82.0	26.39418051617326	23.722101518040002	23.72918324972169	26.154251446797783	2.8326926726738634E-4
83.0	26.247163766461483	23.71841901756553	23.778472102226214	26.255661844479505	2.8326926726738634E-4
84.0	26.248013574263286	23.652700547559494	23.763742100328308	26.335260508581644	2.8326926726738634E-4
85.0	26.161899717014002	23.79093594998598	23.768557677871854	26.27860665512817	0.0
86.0	26.245180881590613	23.811048067961963	23.784987295373362	26.157933947272262	8.49807801802159E-4
87.0	26.3060837740531	23.774789601751735	23.746745944292265	26.171814141368362	5.665385345347727E-4
88.0	26.174363564773767	23.6943411298478	23.750994983301275	26.38001705280989	2.8326926726738634E-4
89.0	26.256794921548575	23.806232490418417	23.80085037434034	26.13612221369267	0.0
90.0	26.21415601816312	23.731881492140737	23.84773796608153	26.205657988289715	5.665353248938455E-4
91.0	26.316982179631353	23.83754033023344	23.70525433187073	26.139939890602026	2.8326766244692275E-4
92.0	26.25041427895633	23.81261277593811	23.595913014166218	26.34105993093934	0.0
93.0	26.360322131985736	23.726782674216697	23.72366672992978	26.189228463867792	0.0
94.0	26.227752865960575	23.669845874064862	23.686841933811678	26.415559326162885	0.0
95.0	26.237950501808665	23.83272477997184	23.70780374083275	26.221520977386742	0.0
96.0	26.196310155428964	23.663897253153475	23.845755092444403	26.293754231310707	2.8326766244692275E-4
97.0	26.232285148559725	23.758791920073197	23.760774793710322	26.24786486999431	2.8326766244692275E-4
98.0	26.193477478804496	23.698739175634447	23.641235840157723	26.466264237740884	2.8326766244692275E-4
99.0	26.202542044002797	23.719417714993074	23.751710228512025	26.326046744829657	2.8326766244692275E-4
100.0	26.177897757369916	23.736980310064784	23.785419080343207	26.299419584559647	2.8326766244692275E-4
101.0	26.319531588593374	23.70242165524626	23.765307076309476	26.212739679850888	0.0
102.0	26.14900445580033	23.778903924106928	23.8318749769845	26.239366840120898	8.498029873407682E-4
103.0	26.127192845791917	23.880030479600478	23.78315293904363	26.209057200239076	5.665353248938455E-4
104.0	26.31669891196891	23.836407259583652	23.56163762701014	26.284972933774853	2.8326766244692275E-4
105.0	26.29743671092252	23.74831101656266	23.82734269438535	26.12662631046702	2.8326766244692275E-4
106.0	26.24673179934452	23.76417400565969	23.823093679448647	26.1657172478847	2.8326766244692275E-4
107.0	26.39204811017979	23.72423326525467	23.73273129512808	26.15070406177501	2.8326766244692275E-4
108.0	26.24729833466941	23.713469094081688	23.782869671381185	26.256079632205264	2.8326766244692275E-4
109.0	26.24673179934452	23.66078130886656	23.76502380864703	26.327179815479447	2.8326766244692275E-4
110.0	26.167983389184275	23.789101559955018	23.762757667347454	26.280157383513252	0.0
111.0	26.2484314053192	23.808647028663856	23.79165096891704	26.150420794112566	8.498029873407682E-4
112.0	26.30848414975795	23.76757321760905	23.747744481237767	26.175631616070337	5.665353248938455E-4
113.0	26.178181025032366	23.688824807448807	23.753409834486703	26.379301065369674	2.8326766244692275E-4
114.0	26.256079632205264	23.801282069440237	23.810629902300985	26.132008396053514	0.0
115.0	26.21925483608717	23.72989861850361	23.84773796608153	26.202825311665244	2.8326766244692275E-4
116.0	26.318681785606035	23.840939542182802	23.699022443296897	26.141072961251815	2.8326766244692275E-4
117.0	26.259195576492182	23.806380887364277	23.59931222611558	26.33511131002796	0.0
118.0	26.37080303549627	23.723949997592225	23.720267517980414	26.184979448931088	0.0
119.0	26.228885936610364	23.666729929777947	23.68599213082434	26.418392002787357	0.0
120.0	26.252680420255903	23.835274188933866	23.699305710959344	26.212739679850888	0.0
121.0	26.203391846990137	23.661064576529007	23.850004107381107	26.285256201437303	2.8326766244692275E-4
122.0	26.234551289859304	23.758225384748304	23.763324202672347	26.2436158550576	2.8326766244692275E-4
123.0	26.192627675817153	23.702704922908705	23.640386037170384	26.46399809644131	2.8326766244692275E-4
124.0	26.201692241015458	23.718567912005735	23.752276763836917	26.327179815479447	2.8326766244692275E-4
125.0	26.18327984295641	23.734147633440315	23.789384827617464	26.292904428323364	2.8326766244692275E-4
126.0	26.320381391580717	23.704687796545834	23.76389073799724	26.21104007387621	0.0
127.0	26.14532197618852	23.773805106182884	23.8318749769845	26.248148137656752	8.498029873407682E-4
128.0	26.13002552241639	23.87918067661314	23.786835418655443	26.203391846990137	5.665353248938455E-4
129.0	26.31443277066933	23.836407259583652	23.56616990960929	26.28270679247528	2.8326766244692275E-4
130.0	26.298003246247408	23.750010622537342	23.836123991921205	26.115578871631595	2.8326766244692275E-4
131.0	26.24786486999431	23.75850865241075	23.82734269438535	26.166000515547143	2.8326766244692275E-4
132.0	26.39629712511649	23.717434841355946	23.737546845389677	26.148437920475438	2.8326766244692275E-4
133.0	26.257212702855053	23.711769488107006	23.777770853457138	26.252963687918353	2.8326766244692275E-4
134.0	26.258345773504843	23.652283278993153	23.764740540984583	26.324347138854975	2.8326766244692275E-4
135.0	26.1657172478847	23.78853502463012	23.76389073799724	26.281856989487938	0.0
136.0	26.24304931973271	23.8046812813896	23.79703305450353	26.15438654138682	8.498029873407682E-4
137.0	26.317414544743794	23.768557677871854	23.743063443817793	26.170397795032024	5.665385345347727E-4
138.0	26.18059548865365	23.68555978256251	23.75920979205203	26.37435166746454	2.8326926726738634E-4
139.0	26.261610499092118	23.798867489469465	23.806515759685684	26.13300625175273	0.0
140.0	26.219969916803816	23.728899980454422	23.850989034646663	26.19985779882783	2.8326926726738634E-4
141.0	26.321380314485545	23.83625903274876	23.710204208814773	26.131873174683655	2.8326926726738634E-4
142.0	26.264443191764798	23.80793210602202	23.59774630970962	26.329878392503563	0.0
143.0	26.369252820653728	23.715303055625586	23.735698442868838	26.179745680851845	0.0
144.0	26.238948957710733	23.651567470490424	23.696890553253205	26.41259301854564	0.0
145.0	26.25169607473776	23.828044223998006	23.70623843907303	26.2140212621912	0.0
146.0	26.201274145164167	23.65751612510304	23.853255188784804	26.287671271680722	2.8326926726738634E-4
147.0	26.23385011089992	23.757793445715695	23.771956909079066	26.236116265038056	2.8326926726738634E-4
148.0	26.196741836887888	23.688109205967915	23.64505227734327	26.46981341053365	2.8326926726738634E-4
149.0	26.20835587684585	23.71841901756553	23.758926522784762	26.314015313536586	2.8326926726738634E-4
150.0	26.18286164279179	23.74193036674872	23.787819988046035	26.287104733146187	2.8326926726738634E-4
151.0	26.317414544743794	23.702272669331286	23.76459190813011	26.21572087779481	0.0
152.0	26.144903560977962	23.773939793949936	23.83880845615417	26.241498381116134	8.49807801802159E-4
153.0	26.1341393288218	23.885547885253285	23.78527056464063	26.19447568274975	5.665385345347727E-4
154.0	26.325062814960017	23.839658263955968	23.56205438203393	26.27294126978282	2.8326926726738634E-4
155.0	26.293053387758803	23.743346713085057	23.83625903274876	26.127057597140112	2.8326926726738634E-4
156.0	26.24858011279782	23.757793445715695	23.829743839601612	26.163599332617604	2.8326926726738634E-4
157.0	26.39588013177686	23.71473651709105	23.74164709748145	26.147452984383367	2.8326926726738634E-4
158.0	26.256794921548575	23.711337285883843	23.77762229442441	26.253962228875906	2.8326926726738634E-4
159.0	26.25452876741044	23.65185073975769	23.768557677871854	26.324496276425478	5.665385345347727E-4
160.0	26.17266394917016	23.786120372442433	23.75835998425023	26.282855694137176	0.0
161.0	26.24376453525428	23.803116528478476	23.801983451409406	26.15028567705604	8.49807801802159E-4
162.0	26.31501420603424	23.767275982312565	23.749996459114097	26.16714681079489	5.665417442120679E-4
163.0	26.183009979632825	23.68484415852971	23.760477481382022	26.37110183871123	5.665417442120679E-4
164.0	26.262325823822515	23.79985213260476	23.808916800512154	26.128905243060572	0.0
165.0	26.227483506553472	23.724502080624553	23.84715836824647	26.2005727737034	2.8327087210603394E-4
166.0	26.31982981086004	23.83781042946697	23.711754891379787	26.1303215974211	2.8327087210603394E-4
167.0	26.262325823822515	23.800985216093185	23.600995980386326	26.335692979697978	0.0
168.0	26.370535296967017	23.720819559287175	23.732433665043526	26.176211478702278	0.0
169.0	26.237114716205078	23.65708361306332	23.697591347774484	26.40821032295712	0.0
170.0	26.25496078114776	23.830445386792213	23.70552293219345	26.20907089986658	0.0
171.0	26.20198912806393	23.66161594701702	23.85225724394438	26.283854410102574	2.8327087210603394E-4
172.0	26.23484854922823	23.753112438707266	23.779456629813126	26.232299111379277	2.8327087210603394E-4
173.0	26.213319962948166	23.68229472068076	23.64122044422538	26.462881601273587	2.8327087210603394E-4
174.0	26.207371274633946	23.720253017542962	23.75197935521884	26.320113081732146	2.8327087210603394E-4
175.0	26.19320773102864	23.735832915508798	23.78427223463893	26.28640384795153	2.8327087210603394E-4
176.0	26.31614728952266	23.69504190992553	23.767275982312565	26.221534818239245	0.0
177.0	26.149867287596418	23.773791212371005	23.833844637257485	26.24164705015877	8.498126163181018E-4
178.0	26.133720847886377	23.888232644701844	23.78795475597631	26.18952520969126	5.665417442120679E-4
179.0	26.329461020511648	23.837527158594863	23.561054787419376	26.27167376260201	2.8327087210603394E-4
180.0	26.296318328475238	23.743197958183554	23.831011928536423	26.12918851393268	2.8327087210603394E-4
181.0	26.241930321030882	23.76132729399834	23.82647959458273	26.169979519515945	2.8327087210603394E-4
182.0	26.39376350847971	23.708072370042405	23.747730292137252	26.15015055846853	2.8327087210603394E-4
183.0	26.260342927717772	23.711754891379787	23.780306442429445	26.247312467600892	2.8327087210603394E-4
184.0	26.262325823822515	23.648018945155926	23.763876731847294	26.32549522830216	2.8327087210603394E-4
185.0	26.17507839521386	23.78795475597631	23.75849458527728	26.27847226353256	0.0
186.0	26.244479758879834	23.79475325690685	23.80976661312847	26.15015055846853	8.498126163181018E-4
187.0	26.31148075021883	23.771093176815846	23.748148106181855	26.168711421829542	5.665449539257316E-4
188.0	26.186274315401242	23.678463076848992	23.762595002506963	26.372101060288884	5.665449539257316E-4
189.0	26.25256007501055	23.797720789650356	23.815000410745093	26.134718724594	0.0
190.0	26.22848191446871	23.719537586008606	23.85465855751989	26.19703866952583	2.832724769628658E-4
191.0	26.32252837682038	23.828314217162347	23.718404496100753	26.130469637439557	2.832724769628658E-4
192.0	26.26304115665818	23.79602115478858	23.600846418161165	26.34009127039208	0.0
193.0	26.38088250707473	23.715571771331128	23.72293685573216	26.18060886586198	0.0
194.0	26.242078993362927	23.645320197044335	23.706790324545278	26.40581048504746	0.0
195.0	26.253693164918403	23.821515677715237	23.71103941169972	26.21375174566664	0.0
196.0	26.202137574111163	23.662316545662108	23.846160383211007	26.289102224538762	2.832724769628658E-4
197.0	26.23754663373152	23.75522991810593	23.77732517130903	26.229615004376562	2.832724769628658E-4
198.0	26.209502658512196	23.68611143372699	23.641637654843816	26.462464980440036	2.832724769628658E-4
199.0	26.201287756680276	23.726619397932676	23.74871465113578	26.323094921774302	2.832724769628658E-4
200.0	26.203270664019012	23.73058521261016	23.782990620848288	26.282870230045578	2.832724769628658E-4
201.0	26.3185625621429	23.683561981434323	23.76741063461533	26.23046482180745	0.0
202.0	26.161063064951545	23.771942994246736	23.831146941931973	26.234997181438853	8.498174308885975E-4
203.0	26.140667446610223	23.892050524478993	23.776192081401177	26.190523402555684	5.665449539257316E-4
204.0	26.332159641037116	23.83482948413249	23.55892209157066	26.273805510782765	2.832724769628658E-4
205.0	26.3009996685712	23.743049201596524	23.835396029086418	26.120271828268894	2.832724769628658E-4
206.0	26.248594260333068	23.75438010067504	23.83143021440894	26.16531215210599	2.832724769628658E-4
207.0	26.393063223584136	23.70707359702224	23.747015016274002	26.152564890642658	2.832724769628658E-4
208.0	26.257942252072848	23.708773231884017	23.781857530940435	26.251143712625733	2.832724769628658E-4
209.0	26.262623401271902	23.643187966517004	23.767545288443834	26.32636006968542	2.8327408183788225E-4
210.0	26.17622480631135	23.791340311318216	23.756780873333994	26.275654009036444	0.0
211.0	26.248742971261844	23.78964066682719	23.812869141537895	26.1481806722094	5.665481636757645E-4
212.0	26.306963199655538	23.773628733219457	23.749550299847314	26.169291215904227	5.665513734621671E-4
213.0	26.184304827300974	23.675898621297232	23.764847186930794	26.374666088784267	2.8327568673108355E-4
214.0	26.253424094863366	23.797707166591596	23.813287329361806	26.135581409183235	0.0
215.0	26.22198049363621	23.726038417848635	23.857195060805125	26.194502752023297	2.8327568673108355E-4
216.0	26.332532605123905	23.833750694027398	23.7093923152754	26.12404110908411	2.8327648918450367E-4
217.0	26.266245906654735	23.799190962346888	23.60118069640692	26.333382434591456	0.0
218.0	26.38068960828527	23.715341121548274	23.73007149898587	26.17389777118058	0.0
219.0	26.236501875290358	23.65075408201421	23.70740937985111	26.40533466284432	0.0
220.0	26.251798805706322	23.82610222881942	23.708542485807847	26.213556479666412	0.0
221.0	26.20335852605577	23.658685823711377	23.854713154227053	26.282959219516616	2.8327648918450367E-4
222.0	26.238484810714652	23.7569827654584	23.775679013744575	26.228570133593195	2.8327648918450367E-4
223.0	26.208174226371906	23.690979343478407	23.636873534044167	26.463689619616332	2.8327648918450367E-4
224.0	26.21072371477457	23.72270631026707	23.74706808833694	26.319218610132232	2.8327648918450367E-4
225.0	26.19457695489105	23.72752201058321	23.7861602438444	26.291457514192153	2.8327648918450367E-4
226.0	26.31780222768631	23.697494702729653	23.755283106523294	26.229419963060746	0.0
227.0	26.163699817569942	23.765481060133933	23.830634652646367	26.239334640182204	8.49829467553511E-4
228.0	26.142737357370287	23.89437186271288	23.770580036939254	26.191744189999206	5.665529783690073E-4
229.0	26.329133287253693	23.833750694027398	23.56265509387783	26.2741776483519	2.8327648918450367E-4
230.0	26.302222020781162	23.743668770466726	23.83205103509229	26.122058173659816	0.0
231.0	26.249249317303665	23.757266041947585	23.828651717222076	26.164832923526678	0.0
232.0	26.406751045290243	23.698911085175574	23.743102217488357	26.150952375556642	2.8327648918450367E-4
233.0	26.26426297123044	23.709109038786217	23.77794522565805	26.248399487836103	2.8327648918450367E-4
234.0	26.269153085881175	23.644022424230407	23.761582500262033	26.324958712334745	2.8327729164247007E-4
235.0	26.17878762984723	23.78651090192657	23.75563367713754	26.27906779108866	0.0
236.0	26.254989221299052	23.793876111509274	23.802374430258546	26.1479104050582	8.498318749274103E-4
237.0	26.301312431127815	23.773331558118915	23.748119736324004	26.17666971663612	5.665577931440841E-4
238.0	26.18658447801614	23.67984952225014	23.762283681152603	26.370715760787967	5.665577931440841E-4
239.0	26.257687481055726	23.795710590948104	23.80477551563841	26.14182641235776	0.0
240.0	26.221859623180276	23.729841051310597	23.859583521006666	26.188432524000945	2.832805015197999E-4
241.0	26.33709533036453	23.837973507382355	23.70681352052668	26.117834358817465	2.832829089755357E-4
242.0	26.25934130684812	23.809780114560258	23.5990164361675	26.33186214242412	0.0
243.0	26.3862684774418	23.717414829545778	23.730729352574237	26.16558734043819	0.0
244.0	26.240523971943023	23.653242529660393	23.703101451574522	26.40313204682206	0.0
245.0	26.246487172513827	23.832834738464328	23.703653340585625	26.217024748436224	0.0
246.0	26.199130274657563	23.66219527741972	23.853988129807217	26.2846863181155	0.0
247.0	26.234928153755494	23.757422600970038	23.7761207560854	26.231245183808532	2.8330538053578715E-4
248.0	26.20383436191253	23.70237508288138	23.63238636041642	26.46140419478967	0.0
249.0	26.211484951007897	23.72220994349898	23.742894869571625	26.32312688076982	2.833551516800127E-4
