# Position (bp)	A	C	G	T	N
0.0	26.303965754745185	23.780557658938946	23.700365197030365	26.215111389285507	0.0
1.0	26.23411169384921	23.85041171983492	23.753174867067724	26.16230171924815	0.0
2.0	26.175481145360664	23.834857053445692	23.739298567181528	26.250363234012113	0.0
3.0	26.090698018792274	23.828416402868854	23.828975197883285	26.251910380455584	0.0
4.0	26.21359223300971	23.842704477194943	23.770342948941817	26.17336034085353	0.0
5.0	26.16798670186761	23.765941694953135	23.835505454748635	26.230566148430622	0.0
6.0	26.174299778186267	23.882410785622895	23.737701071075378	26.20558836511546	0.0
7.0	26.12438961706502	23.822533605980357	23.753533795939347	26.29954298101527	0.0
8.0	26.15285770154757	23.84379015587463	23.732890105592492	26.270462036985304	0.0
9.0	26.272228026168037	23.859059090375816	23.731961988189745	26.136750895266402	0.0
10.0	26.422272563484462	23.75077164588926	23.79267097019282	26.034284820433463	0.0
11.0	26.174787221264744	23.75049231706057	23.805799425141274	26.268921036533417	0.0
12.0	26.287915396884365	23.66864897025427	23.82451445666353	26.218921176197828	0.0
13.0	26.136519171734157	23.702447758525814	23.830101033237337	26.33093203650269	0.0
14.0	26.071156225820598	23.768928019754135	23.79965419091008	26.360261563515188	0.0
15.0	26.2957366040877	23.863341163851498	23.75105097471795	26.089871257342857	0.0
16.0	26.2256250680864	23.76753137561068	23.707755006270933	26.299088550031986	0.0
17.0	26.26249647347354	23.679822123401888	23.77255929452711	26.285122108597463	0.0
18.0	26.171714604149148	23.826749087293052	23.798536875595317	26.202999432962475	0.0
19.0	26.28428412211139	23.836525596297218	23.72591138013581	26.153278901455586	0.0
20.0	26.22108256378456	23.757409176485048	23.788414589862626	26.23309366986777	0.0
21.0	26.25041200887146	23.72137585823543	23.789252574007964	26.238959558885146	0.0
22.0	26.330858486824095	23.6864598521796	23.7948391349769	26.187842526019406	0.0
23.0	26.165496282143675	23.777800124021653	23.769140954519806	26.287562639314864	0.0
24.0	26.227992502856125	23.75538752468555	23.641980653793404	26.374639318664926	0.0
25.0	26.304807501613116	23.76237070639073	23.69728745289844	26.235534339097715	0.0
26.0	26.234137702756684	23.84058234148876	23.757622142831206	26.167657812923355	0.0
27.0	26.161791940291003	23.82745395988302	23.759577433708657	26.25117666611732	0.0
28.0	26.08693223241146	23.807063069303886	23.840861668756965	26.26514302952769	0.0
29.0	26.215143448518585	23.82549866900557	23.78276159696986	26.176596285505987	0.0
30.0	26.16905444926439	23.7458903975665	23.84142032329338	26.243634829875727	0.0
31.0	26.167657812923355	23.879408831769567	23.742259143079806	26.210674212227268	0.0
32.0	26.129669304447166	23.821308759982458	23.74309712488443	26.305924810685944	0.0
33.0	26.146428940539607	23.83946503241593	23.736393270447454	26.277712756597012	0.0
34.0	26.26402572045486	23.861531886604304	23.732482688692553	26.14195970424829	0.0
35.0	26.407041281776966	23.76097407004969	23.790024105943246	26.041960542230093	0.0
36.0	26.18441744901579	23.742259143079806	23.809577014717753	26.26374639318665	0.0
37.0	26.287209883716056	23.657902308081216	23.832761177978956	26.22212663022377	0.0
38.0	26.156205394926857	23.691421580266088	23.827733287151226	26.32463973765583	0.0
39.0	26.07380385080572	23.778851015214954	23.794493342234563	26.352851791744765	0.0
40.0	26.296427683566897	23.867397759236656	23.75035963385782	26.085814923338628	0.0
41.0	26.224640575637636	23.77633706980109	23.712091798113423	26.286930556447853	0.0
42.0	26.268215629477965	23.674661944173653	23.764884651804593	26.292237774543786	0.0
43.0	26.16793714019156	23.81795683276397	23.79868325125767	26.215422775786795	0.0
44.0	26.289723829129922	23.831643868906127	23.719354307086814	26.15927799487714	0.0
45.0	26.224008670294186	23.755600496083844	23.773198064826094	26.24719276879588	0.0
46.0	26.256410542898962	23.71845007318354	23.780181227025395	26.2449581568921	0.0
47.0	26.325683511916072	23.67794773242757	23.792750918984147	26.203617836672215	0.0
48.0	26.16981933162758	23.76537692316287	23.77180143238623	26.293002312823322	0.0
49.0	26.220862837111213	23.755254814876885	23.656932165751876	26.366950182260023	0.0
50.0	26.297677406740128	23.7647518889401	23.701065627575034	26.236505076744738	0.0
51.0	26.216952277202832	23.839052527199343	23.768383123140737	26.17561207245709	0.0
52.0	26.145724221728745	23.835979944414184	23.763913911816875	26.254381922040192	0.0
53.0	26.078686051870786	23.80525411656262	23.84827027555481	26.267789556011788	0.0
54.0	26.19600284912222	23.830672755967093	23.788494574098127	26.18482982081256	0.0
55.0	26.1588525299926	23.738495272412397	23.846314995600622	26.256337201994384	0.0
56.0	26.182595215150627	23.862515886649625	23.744361112274966	26.210527785924775	0.0
57.0	26.13902040474295	23.795198391083925	23.746875043644643	26.31890616052848	0.0
58.0	26.15326601583777	23.850504881216743	23.725087638440804	26.271141464504687	0.0
59.0	26.27281741875113	23.85720869820254	23.730674152595636	26.139299730450695	0.0
60.0	26.42588790659348	23.75162358067625	23.77396963729557	26.048518875434702	0.0
61.0	26.192371614921576	23.740171226658845	23.8024608594852	26.264996298934374	0.0
62.0	26.29348752112401	23.658328794290583	23.837935224368376	26.210248460217034	0.0
63.0	26.155779947207442	23.68905462214215	23.822013659027107	26.333151771623303	0.0
64.0	26.072820212008214	23.76726582030977	23.80944400217874	26.350469965503276	0.0
65.0	26.29991201240206	23.861677909526403	23.760003351908495	26.078406726163045	0.0
66.0	26.23371181966732	23.777042220080723	23.712797307300175	26.27644865295177	0.0
67.0	26.283431795645313	23.693803159173754	23.75553414058463	26.267230904596307	0.0
68.0	26.197958129076408	23.804695465147134	23.79463973966844	26.202706666108018	0.0
69.0	26.29404617253949	23.829555453136127	23.725646289856286	26.150752084468092	0.0
70.0	26.22386216990777	23.766640782556717	23.77502053038217	26.234476517153343	0.0
71.0	26.27358200700547	23.727814617632106	23.77278593096205	26.225817444400374	0.0
72.0	26.34257526410172	23.663011234448586	23.797087199655873	26.197326301793826	0.0
73.0	26.169114484114793	23.764964832991627	23.77222728110702	26.293693401786562	0.0
74.0	26.22183365129732	23.766295072442716	23.637247316393257	26.374623959866707	0.0
75.0	26.305630895485283	23.77355750027234	23.693112145851895	26.22769945839048	0.0
76.0	26.21568852005687	23.853164882250905	23.76489845170625	26.16624814598597	0.0
77.0	26.159823690598227	23.820763281164893	23.774674796861515	26.244738231375365	0.0
78.0	26.077423067146732	23.8123835567461	23.846461102715867	26.263732273391305	0.0
79.0	26.196694478040932	23.824394495079705	23.80288653573813	26.176024491141238	0.0
80.0	26.155075180094244	23.751211568488884	23.84674042686316	26.246972824553712	0.0
81.0	26.17406922211018	23.862941227406168	23.752887513372645	26.210102037111007	0.0
82.0	26.125746144628458	23.79702072864497	23.759032644613093	26.31820048211348	0.0
83.0	26.14166762102417	23.837522730002487	23.75428413410911	26.266525514864234	0.0
84.0	26.27043605292634	23.860985958375117	23.727189691821668	26.141388296876876	0.0
85.0	26.419595147580914	23.753166837519938	23.779981955660084	26.047256059239064	0.0
86.0	26.197811774630104	23.731938202325654	23.8081936945367	26.262056328507544	0.0
87.0	26.29138536397333	23.66043122061859	23.83947799903354	26.20870541637454	0.0
88.0	26.148650724706503	23.692832821704606	23.817690715544668	26.340825738044227	0.0
89.0	26.089992653774924	23.74981494775242	23.800931266707074	26.35926113176558	0.0
90.0	26.30451359889611	23.852326909809026	23.75679805143475	26.086361439860113	0.0
91.0	26.22490621691755	23.792272218140987	23.705402408332798	26.277419156608673	0.0
92.0	26.282167667112656	23.687525662906033	23.760987913644147	26.269318756337167	0.0
93.0	26.19697380218823	23.814059501629856	23.793948163024744	26.19501853315717	0.0
94.0	26.295295902035438	23.82998097802557	23.731938202325654	26.142784917613344	0.0
95.0	26.219805144019126	23.767345981095396	23.7810328260821	26.23181604880338	0.0
96.0	26.27483184733302	23.71678845165471	23.772094478335678	26.236285222676585	0.0
97.0	26.34857321624098	23.66986212598601	23.789971173828516	26.19159348394449	0.0
98.0	26.196621304551854	23.743603494893968	23.75673169314652	26.303043507407654	0.0
99.0	26.229508196721312	23.744933786580784	23.64521562307093	26.380342393626975	0.0
100.0	26.30939445656394	23.76727959352977	23.69186249507694	26.231463454829345	0.0
101.0	26.22475971274465	23.841579401635155	23.771469432332708	26.162191453287488	0.0
102.0	26.148504646531233	23.82677530453145	23.778452497004267	26.24626755193305	0.0
103.0	26.078394677228783	23.81476443329637	23.84465195009064	26.262188939384206	0.0
104.0	26.212190196335843	23.82677530453145	23.796608465150317	26.164426033982384	0.0
105.0	26.168895195372183	23.747727012449406	23.83375836920301	26.2496194229754	0.0
106.0	26.17308503417512	23.871466918429423	23.754989399707828	26.20045864768763	0.0
107.0	26.123365613713624	23.79102201341307	23.76588298059546	26.319729392277846	0.0
108.0	26.14571142066261	23.842696691982603	23.748844302796858	26.262747584557932	0.0
109.0	26.27950693976967	23.86336656341042	23.73823004449609	26.118896452323824	0.0
110.0	26.426709943046124	23.755548044881554	23.791301335999933	26.026440676072387	0.0
111.0	26.18900642162627	23.732364270171978	23.81867494951244	26.259954358689306	0.0
112.0	26.294311036873374	23.659181752414046	23.844372627503777	26.202134583208803	0.0
113.0	26.151018549812992	23.684320785231655	23.826216659357726	26.338444005597623	0.0
114.0	26.0945953872668	23.742978528472747	23.806105433103635	26.356320651156818	0.0
115.0	26.308835811390217	23.85917672460748	23.751078883491754	26.08090858051055	0.0
116.0	26.230066841895038	23.77789385183054	23.709180495462405	26.28285881081202	0.0
117.0	26.288724585136126	23.687951978860866	23.764207045074286	26.25911639092872	0.0
118.0	26.198224066992733	23.805546787929913	23.81588172364382	26.18034742143354	0.0
119.0	26.30101477895807	23.81979223985989	23.730688334650804	26.148504646531233	0.0
120.0	26.218129203816677	23.762318160488032	23.77712229894304	26.242430336752253	0.0
121.0	26.291591249357555	23.708688074009522	23.776842975575967	26.22287770105696	0.0
122.0	26.357511563987394	23.65673392773346	23.798909521574938	26.186844986704205	0.0
123.0	26.197459274653077	23.740810261223213	23.767345981095396	26.29438448302831	0.0
124.0	26.22490621691755	23.75791534802392	23.661548517207763	26.35562991785077	0.0
125.0	26.31903845455536	23.76657439659001	23.683335800696632	26.231051348157997	0.0
126.0	26.235520534514688	23.84562313027399	23.769926286357528	26.148930048853792	0.0
127.0	26.142505593466048	23.828584357289103	23.780540603954673	26.248369445290177	0.0
128.0	26.080495632766958	23.801210590854367	23.86126528252241	26.257028493856264	0.0
129.0	26.209822712963714	23.819087336281132	23.805400453063765	26.165689497691385	0.0
130.0	26.17462787040477	23.748976975310537	23.831377598762035	26.245017555522658	0.0
131.0	26.173231249668305	23.856516772018423	23.766853720737306	26.203398257575973	0.0
132.0	26.13803640710936	23.78919965252076	23.754563458256403	26.31820048211348	0.0
133.0	26.148092076411917	23.84227124050647	23.747580354574072	26.262056328507544	0.0
134.0	26.285798881027468	23.859868661785942	23.735010767945877	26.119321689240714	0.0
135.0	26.426578251263244	23.76238453438061	23.77970263151279	26.031334582843353	0.0
136.0	26.193621912420706	23.72663104352708	23.813780177482563	26.265966866569645	0.0
137.0	26.310938054283856	23.65931392402942	23.84143326806459	26.188314753622137	0.0
138.0	26.151443966179432	23.6847324214331	23.819087336281132	26.344736276106335	0.0
139.0	26.09976899893019	23.753725485814524	23.80484180476918	26.341663710486106	0.0
140.0	26.30954143354739	23.854282178840077	23.751490892636177	26.084685494976355	0.0
141.0	26.23468256207281	23.77439547271422	23.707637001511145	26.283284963701824	0.0
142.0	26.279374425639723	23.69869862879776	23.768529665621063	26.253397279941453	0.0
143.0	26.20256028513409	23.802327887443543	23.81936666042843	26.17574516699394	0.0
144.0	26.309262109400095	23.823277198490533	23.732496850620237	26.134963841489135	0.0
145.0	26.225258794545343	23.766640782556717	23.77222728110702	26.235873141790922	0.0
146.0	26.290620827583894	23.691502377055134	23.784796902845205	26.23307989251577	0.0
147.0	26.3495583872896	23.66552515879622	23.79652854980084	26.18838790411334	0.0
148.0	26.201236850779036	23.747646687485684	23.768316732121807	26.282799729613473	0.0
149.0	26.22337676848089	23.757489420538818	23.667546542646054	26.351587268334242	0.0
150.0	26.322537394729125	23.75609279200011	23.677322942417007	26.24404687085376	0.0
151.0	26.247119453638916	23.83346601304451	23.777321545788467	26.14209298752811	0.0
152.0	26.15745590145389	23.81307523637938	23.78318738565104	26.246281476515694	0.0
153.0	26.086227845979803	23.80022625382327	23.86307453806511	26.250471362131815	0.0
154.0	26.20549992318543	23.82089635619614	23.80944400217874	26.164159718439688	0.0
155.0	26.169746232594516	23.739612575243363	23.846035669892878	26.244605522269243	0.0
156.0	26.18147791231966	23.843801064230945	23.77061772880267	26.204103294646725	0.0
157.0	26.14851747880616	23.791567156883282	23.75385818633818	26.306057177972374	0.0
158.0	26.152148713006802	23.838493875783858	23.746316392229158	26.263041018980182	0.0
159.0	26.290973589754334	23.856370721079315	23.74072987807433	26.111925811092025	0.0
160.0	26.43734026061089	23.758327397662043	23.790170528344575	26.014161813382497	0.0
161.0	26.209969134509294	23.71391461013114	23.81503051633357	26.26108573902599	0.0
162.0	26.315833577743327	23.655256211505428	23.838214550076117	26.19069566067513	0.0
163.0	26.154662644376476	23.68011619949442	23.821734333319366	26.343486822809737	0.0
164.0	26.117232999539112	23.73765729528917	23.80748872222455	26.337620982947165	0.0
165.0	26.32197874331364	23.853018812586416	23.754416837753663	26.07058560634628	0.0
166.0	26.248236756469883	23.780952779989107	23.70274158182148	26.26806888171953	0.0
167.0	26.28119718998338	23.69492046200472	23.766148517478804	26.25773383053309	0.0
168.0	26.206337900308657	23.80022625382327	23.81503051633357	26.178405329534506	0.0
169.0	26.310805715003983	23.821455007611625	23.739891900951104	26.127847376433287	0.0
170.0	26.223450017318246	23.75923174042748	23.782136512441202	26.23518172981307	0.0
171.0	26.28909174199171	23.698617892537513	23.777667288633648	26.23462307683713	0.0
172.0	26.353336834225317	23.662026122613156	23.79582351035184	26.18881353280969	0.0
173.0	26.201662551256412	23.742192824661178	23.772639411850147	26.283505212232267	0.0
174.0	26.224081921101224	23.750638961126025	23.679689835001383	26.345589282771375	0.0
175.0	26.297544992639725	23.75594617922196	23.69896341650768	26.24754541163063	0.0
176.0	26.237768957243375	23.841699650561587	23.79281737862532	26.12771401356972	0.0
177.0	26.1693337765326	23.81572221461831	23.779968324287783	26.234975684561302	0.0
178.0	26.081625014315524	23.797565942184843	23.86823574104128	26.25257330245836	0.0
179.0	26.20955690315444	23.82410203266453	23.809577014717753	26.15676404946327	0.0
180.0	26.181624176333717	23.73667259771566	23.842816959634415	26.238886266316204	0.0
181.0	26.191679957989177	23.84142032329338	23.765722633609215	26.201177085108224	0.0
182.0	26.139445758834423	23.787230833261177	23.770750524436945	26.302572883467455	0.0
183.0	26.15536741312224	23.849241486803184	23.730248070546896	26.26514302952769	0.0
184.0	26.284416611033983	23.853710723094498	23.74505241576188	26.116820250109633	0.0
185.0	26.424638899674026	23.76404666999997	23.80790105110851	26.003413379217495	0.0
186.0	26.201177085108224	23.708739870894938	23.816001541886518	26.27408150211032	0.0
187.0	26.304807501613116	23.6648854897864	23.841978977829793	26.18832803077069	0.0
188.0	26.15313279497658	23.676337907782894	23.823822705396324	26.346706591844203	0.0
189.0	26.105647159381345	23.741421161275184	23.79868325125767	26.354248428085796	0.0
190.0	26.320743912692496	23.85481523691407	23.745876385129566	26.07856446526387	0.0
191.0	26.248956002670397	23.759842904589117	23.718781337378037	26.272419755362446	0.0
192.0	26.279403015092225	23.688892985734597	23.76794348587566	26.263760513297523	0.0
193.0	26.202587158064688	23.801463132578583	23.81738496476247	26.178564744594258	0.0
194.0	26.316274626465436	23.82017826865438	23.734423839172734	26.12912326570744	0.0
195.0	26.228358817647024	23.74985335113604	23.77219984469187	26.249587986525064	0.0
196.0	26.30377823339795	23.68281387046855	23.780859110944753	26.23254878518874	0.0
197.0	26.356292493254152	23.662702026268303	23.80907155905899	26.171933921418557	0.0
198.0	26.206012324091194	23.747618701780457	23.765495896625122	26.280873077503227	0.0
199.0	26.23960535982145	23.750757687913584	23.668913426648828	26.340723525616138	0.0
200.0	26.316980309890862	23.764724285399037	23.688466663128462	26.229828741581635	0.0
201.0	26.234856716676397	23.845451218864962	23.779249546783912	26.140442517674728	0.0
202.0	26.167817048746215	23.81640069609522	23.783439526029547	26.232342729129016	0.0
203.0	26.10077738081604	23.799361447162966	23.869473766539944	26.230387405481054	0.0
204.0	26.224594688208807	23.8281991977564	23.79635526653929	26.150850847495505	0.0
205.0	26.19582341702142	23.730712074995253	23.839931172415334	26.233533335567994	0.0
206.0	26.207555391680355	23.841886501525156	23.76786332808188	26.182694778712612	0.0
207.0	26.1542028402552	23.80417658297858	23.747192706063753	26.294427870702464	0.0
208.0	26.169007474943857	23.846635157934728	23.727918747695504	26.256438619425914	0.0
209.0	26.309379486807043	23.84425437297832	23.74788404274932	26.098482097465318	0.0
210.0	26.431169237473252	23.756543405755405	23.80151622652894	26.010771130242404	0.0
211.0	26.204908462153	23.713805259306024	23.82079029257474	26.260495985966248	0.0
212.0	26.322787532751946	23.660452409816923	23.83978502433002	26.17697503310111	0.0
213.0	26.158259635636348	23.676653798667015	23.823583635479924	26.34150293021671	0.0
214.0	26.10497970630711	23.74599503342244	23.82113616746696	26.327889092803492	0.0
215.0	26.310158635272952	23.866521784067196	23.746127695947663	26.077191884712185	0.0
216.0	26.252615289211178	23.780206764974537	23.703668527979755	26.263509417834523	0.0
217.0	26.274124209826503	23.700316488403338	23.789983547072413	26.23557575469774	0.0
218.0	26.21378749745105	23.805067725166275	23.830766695252116	26.150378082130555	0.0
219.0	26.29870583338687	23.812609814213207	23.753390448363227	26.135293904036693	0.0
220.0	26.20743596189838	23.744518003296182	23.78837397692673	26.259672057878714	0.0
221.0	26.284253750104753	23.69060588284589	23.78809463951507	26.237045727534287	0.0
222.0	26.354367440431297	23.668258889913126	23.801782172686387	26.17559149696919	0.0
223.0	26.18886666592176	23.739343218208433	23.77900935226879	26.292780763601016	0.0
224.0	26.22022587412392	23.742482268909207	23.688849036417523	26.34844282054935	0.0
225.0	26.31184931296388	23.749465762723226	23.692759792953375	26.24592513135952	0.0
226.0	26.224974649917453	23.846955336366964	23.784103892040772	26.14396612167481	0.0
227.0	26.15793310930285	23.805892392740517	23.78326587278309	26.25290862517354	0.0
228.0	26.08390807487423	23.8003055976893	23.86231902275781	26.25346730467866	0.0
229.0	26.21109441256823	23.847288411149165	23.80315211379343	26.138465062489175	0.0
230.0	26.19280406726633	23.742108497681436	23.844348846304264	26.220738588747977	0.0
231.0	26.19028996033298	23.846583608022794	23.77171909045198	26.191407341192246	0.0
232.0	26.13442091736968	23.800770992792895	23.771439745237164	26.29336834460026	0.0
233.0	26.17438040539031	23.84210114644557	23.725333541913425	26.258184906250698	0.0
234.0	26.302601291706708	23.85271638322122	23.742094442085502	26.102587882986565	0.0
235.0	26.445068943169375	23.761928173955795	23.784834737524303	26.008168145350524	0.0
236.0	26.210136992424072	23.711366125103357	23.816959796187454	26.261537086285113	0.0
237.0	26.312657831809954	23.668346481328356	23.839028314747356	26.179967372114334	0.0
238.0	26.142255346727154	23.67337475137998	23.840983753100765	26.343386148792096	0.0
239.0	26.09679446888749	23.737970528668203	23.818423074237028	26.346811928207277	0.0
240.0	26.30964353559057	23.860207844451896	23.746228628897086	26.083919991060455	0.0
241.0	26.259987707437	23.777728110856568	23.69754707492876	26.264737106777673	0.0
242.0	26.273528105206985	23.710686376678783	23.766284927205014	26.249500590909218	0.0
243.0	26.20860376683719	23.80550580727719	23.836239533070884	26.149650892814734	0.0
244.0	26.29837742987351	23.813528775681846	23.767425095490502	26.120668698954148	0.0
245.0	26.20050241567492	23.733971179559116	23.814167674944322	26.25135872982164	0.0
246.0	26.269403266594942	23.686306288684282	23.811493160828803	26.232797283891973	0.0
247.0	26.346587527141335	23.654111091549787	23.82066178751373	26.17863959379515	0.0
248.0	26.189697716596385	23.730518691157855	23.791439262469854	26.28834432977591	0.0
249.0	26.200669569251232	23.74567546570833	23.71353837727265	26.34011658776779	0.0
