# Position (bp)	A	C	G	T	N
0.0	26.305616277582168	23.691880677045962	23.768640735116612	26.233862310255258	0.0
1.0	26.22746563874937	23.697999232399418	23.769196967421475	26.30533816142974	0.0
2.0	26.240290566866815	23.64665867570702	23.768747931574392	26.344302825851774	0.0
3.0	26.275977718883052	23.711090779143852	23.67466009616588	26.338271405807216	0.0
4.0	26.20900237490058	23.899175180898457	23.7376040757076	26.154218368493353	0.0
5.0	26.27611176614536	23.886565371181952	23.673277568908365	26.16404529376432	0.0
6.0	26.31249652410878	23.761192369723595	23.65524720538346	26.27106390078416	0.0
7.0	26.179611879954734	23.72848836724309	23.775202916322563	26.316696836479615	0.0
8.0	26.330145895490226	23.83015284686674	23.596586596077756	26.24311466156528	0.0
9.0	26.400447097619097	23.677266698734613	23.780143638451506	26.14214256519479	0.0
10.0	26.328052449244012	23.70141966624219	23.706424365098343	26.26410351941545	0.0
11.0	26.20905183199782	23.832653991803415	23.756471353659826	26.20182282253894	0.0
12.0	26.228792588597074	23.74340352886877	23.749520383026283	26.27828349950787	0.0
13.0	26.197374201333474	23.83487830240615	23.79456267273162	26.173184823528757	0.0
14.0	26.32221363391184	23.80568422574528	23.77148545022827	26.10061669011461	0.0
15.0	26.17735540590888	23.663606385995738	23.6847373367217	26.47430087137368	0.0
16.0	26.340842235209728	23.669445201327914	23.711151025129148	26.27856153833321	0.0
17.0	26.275503111254455	23.743681567694114	23.64720209530059	26.333613225750845	0.0
18.0	26.20321301666565	23.636636619937608	23.809576769300065	26.350573594096684	0.0
19.0	26.358636720031587	23.682234987293626	23.72310669461884	26.236021598055952	0.0
20.0	26.225105167893275	23.722762697302752	23.701909843381166	26.350222291422803	0.0
21.0	26.34716387284764	23.622112922374555	23.687451864662197	26.34327134011561	0.0
22.0	26.277654359775678	23.732215991080537	23.673549962047804	26.316579687095974	0.0
23.0	26.26597676157959	23.667433124897475	23.614327856910496	26.452262256612443	0.0
24.0	26.180341041474936	23.67049154347264	23.813403102348587	26.335764312703837	0.0
25.0	26.33687646491299	23.6691013532112	23.74389358927663	26.250128592599182	0.0
26.0	26.245679983762578	23.68550559829618	23.75112257863611	26.31769183930513	0.0
27.0	26.248182326233167	23.65102887981249	23.75501511136814	26.3457736825862	0.0
28.0	26.287107653553466	23.721094468989026	23.6691013532112	26.322696524246307	0.0
29.0	26.20453035202398	23.89653647998265	23.736108523812568	26.162824644180805	0.0
30.0	26.268201065997893	23.876239702165638	23.676330342570683	26.179228889265787	0.0
31.0	26.300731518115565	23.75279080694984	23.660760211642565	26.285717463292023	0.0
32.0	26.182565345893238	23.688285978819064	23.796720819211316	26.332427856076386	0.0
33.0	26.319082029566566	23.820076015603494	23.589026394152306	26.271815560677638	0.0
34.0	26.40603452110859	23.66514302237644	23.771909337603987	26.156913118910985	0.0
35.0	26.340417723208326	23.690444414787134	23.708238800658393	26.260899061346144	0.0
36.0	26.221695804973532	23.829185017127095	23.748276168868724	26.20084300903065	0.0
37.0	26.237543929890116	23.747720094310246	23.748276168868724	26.266459806930914	0.0
38.0	26.221973842252773	23.8386382846212	23.78108456781885	26.15830330530717	0.0
39.0	26.33235464211041	23.788035499799815	23.76468036834379	26.114929489745986	0.0
40.0	26.17776591485386	23.67042573068197	23.67682058810445	26.474987766359714	0.0
41.0	26.335969126740515	23.67598647626674	23.71574580719783	26.272298589794918	0.0
42.0	26.275913074425016	23.7488322434272	23.639841629965748	26.335413052182037	0.0
43.0	26.205847680056944	23.637895369011076	23.808332221184216	26.347924729747763	0.0
44.0	26.369889674807602	23.678488811779882	23.722140664620312	26.229480848792207	0.0
45.0	26.235802760902505	23.73124991311359	23.691490692727953	26.341456633255945	0.0
46.0	26.357304714108963	23.611416178944296	23.684539780073123	26.34673932687362	0.0
47.0	26.285015222498714	23.718738270334892	23.678701013443064	26.317545493723326	0.0
48.0	26.27862038285627	23.668413662713913	23.595290061585086	26.45767589284473	0.0
49.0	26.186312262800104	23.665077224639592	23.80381744123003	26.344793071330265	0.0
50.0	26.333671611082536	23.673418319825394	23.746819957460414	26.24609011163166	0.0
51.0	26.24609011163166	23.683705670554545	23.74459566541087	26.32560855240293	0.0
52.0	26.241919564038756	23.640331975588396	23.768228768437297	26.34951969193555	0.0
53.0	26.2939123906969	23.710675211655293	23.670915991269652	26.324496406378156	0.0
54.0	26.199101942084997	23.906134875509157	23.724020963952565	26.170742218453285	0.0
55.0	26.269723214658086	23.864429399580164	23.67480850235636	26.191038883405394	0.0
56.0	26.29252220816593	23.750156395534734	23.650619326317546	26.306702069981792	0.0
57.0	26.16712774387277	23.679813159467837	23.788803469895598	26.364255626763793	0.0
58.0	26.307814216006562	23.823558033169757	23.581110199769228	26.28751755105445	0.0
59.0	26.395600362558596	23.667513748867005	23.762880005338285	26.174005883236113	0.0
60.0	26.33554464419767	23.68669821445452	23.71199946617139	26.265757675176417	0.0
61.0	26.233783565863884	23.819321259168227	23.73952500375348	26.207370171214407	0.0
62.0	26.247685352521504	23.741749289618703	23.737578753621417	26.272986604238373	0.0
63.0	26.20458981388288	23.833501081559003	23.791239650119834	26.170669454438283	0.0
64.0	26.341939466060175	23.78067429226004	23.750090361613275	26.127295880066505	0.0
65.0	26.186517491227974	23.671128213397985	23.67641089232788	26.46594340304616	0.0
66.0	26.34889035938899	23.66945999899907	23.712277501904545	26.269372139707396	0.0
67.0	26.279381426100883	23.742305361085005	23.6441587472822	26.33415446553191	0.0
68.0	26.218213564807346	23.628588746225667	23.798190543448644	26.355007145518343	0.0
69.0	26.375581789771623	23.674186606462662	23.722842859764338	26.227388744001377	0.0
70.0	26.232320451973628	23.73389830037229	23.6938612661156	26.33991998153848	0.0
71.0	26.373562211712503	23.621572176485472	23.685798252272242	26.319067359529786	0.0
72.0	26.30794596112515	23.71971851740638	23.669950259545637	26.302385261922833	0.0
73.0	26.299048842401447	23.65132191721787	23.60071955447678	26.448909685903903	0.0
74.0	26.197288046999027	23.666891874984362	23.788115117594884	26.347704960421726	0.0
75.0	26.335471422176624	23.660497070901695	23.753360747580402	26.250670759341276	0.0
76.0	26.25011468942105	23.685798252272242	23.744463628856693	26.31962342945002	0.0
77.0	26.236769011335486	23.643258903374512	23.762535901264226	26.35743618402578	0.0
78.0	26.285703164315883	23.716104062924874	23.667169909944477	26.33102286281477	0.0
79.0	26.222589228369575	23.904889800843556	23.71554799300464	26.156972977782228	0.0
80.0	26.272913556150552	23.87235971051	23.669116154665286	26.18561057867416	0.0
81.0	26.292097968398547	23.76142376142376	23.648541567616714	26.297936702560982	0.0
82.0	26.186166648594394	23.69135895147456	23.77560354438967	26.346870855541376	0.0
83.0	26.30266329688295	23.82731804697123	23.59988544959643	26.27013320654939	0.0
84.0	26.3921171747278	23.66404573106309	23.76135769654237	26.182479397666736	0.0
85.0	26.33372999544024	23.689624876274788	23.707697098435222	26.26894802984975	0.0
86.0	26.22418452572928	23.804731029727417	23.756075046987775	26.215009397555523	0.0
87.0	26.2358619615868	23.73577855133067	23.75107043162027	26.277289055462262	0.0
88.0	26.1983273463305	23.836704961242035	23.783322397321975	26.181645295105486	0.0
89.0	26.3309496535694	23.784156499883224	23.754406841865276	26.130487004682095	0.0
90.0	26.18970828653091	23.66487983362434	23.675445132733522	26.469966747111222	0.0
91.0	26.34846580735567	23.666548038746843	23.711589577054397	26.27339657684309	0.0
92.0	26.284239910139352	23.738836927388594	23.636242312354728	26.34068085011733	0.0
93.0	26.21250708987177	23.625398979058467	23.803340858791998	26.358753072277768	0.0
94.0	26.380717773057377	23.67016248317893	23.72576932059566	26.223350423168036	0.0
95.0	26.238847384678692	23.716528252365368	23.697621980209583	26.34700238274636	0.0
96.0	26.363962421003755	23.61421195599287	23.70207051483447	26.319755108168902	0.0
97.0	26.32253544230946	23.709299383599923	23.6692625719759	26.298902602114723	0.0
98.0	26.296678334802277	23.65174646689039	23.606983087227423	26.444592111079913	0.0
99.0	26.189079403562722	23.667872404905623	23.787704806363628	26.355343385168027	0.0
100.0	26.338661380324684	23.65258056713256	23.76045753178617	26.248300520756583	0.0
101.0	26.252749055381475	23.68538850999113	23.755730963747222	26.306131470880175	0.0
102.0	26.253305122209586	23.63117199425027	23.763237865926726	26.35228501761342	0.0
103.0	26.283332730927604	23.714860051881033	23.658697302241784	26.34310991494958	0.0
104.0	26.236067050538132	23.898362105157798	23.71207971774048	26.153491126563587	0.0
105.0	26.27888419630271	23.870836797166284	23.675657340499182	26.174621666031822	0.0
106.0	26.286391098482216	23.76156966544239	23.652858600546615	26.299180635528778	0.0
107.0	26.181016434555104	23.692617378756577	23.790485140504185	26.335881046184127	0.0
108.0	26.310023938676952	23.8399750882061	23.595583717251138	26.254417255865807	0.0
109.0	26.410876636917173	23.656963327494648	23.757889176189284	26.174270859398895	0.0
110.0	26.335529791197487	23.66419217616148	23.72897378152195	26.271304251119084	0.0
111.0	26.21820001668196	23.809325214780216	23.751772458086577	26.220702310451248	0.0
112.0	26.224594767425696	23.736480662829816	23.754830817137933	26.28409375260656	0.0
113.0	26.21708788611783	23.825451107960074	23.78847276670281	26.16898823921928	0.0
114.0	26.33775405232574	23.779297689548752	23.762059665804767	26.12088859232074	0.0
115.0	26.197903633886614	23.65585119693052	23.679483971418243	26.466761197764615	0.0
116.0	26.34414880306948	23.668918731059026	23.72063280229099	26.266299663580504	0.0
117.0	26.2818694914783	23.73814885867601	23.641949564878917	26.338032084966773	0.0
118.0	26.231267550810465	23.613034170211584	23.8126616064726	26.343036672505356	0.0
119.0	26.397809102788667	23.66836266577696	23.718964606444796	26.214863624989576	0.0
120.0	26.23134048249919	23.715694152123202	23.704850848975028	26.348114516402582	0.0
121.0	26.374249657323816	23.61170965526637	23.69845608045175	26.315584606958065	0.0
122.0	26.31336033964562	23.721254820404315	23.674823240257016	26.290561599693053	0.0
123.0	26.30418523698178	23.655360901273113	23.613377855750702	26.427076005994397	0.0
124.0	26.191581704289224	23.66870650514779	23.788260873191742	26.35145091737125	0.0
125.0	26.346724349332302	23.649522199577948	23.764628032997006	26.239125418092748	0.0
126.0	26.249134620998753	23.68427637633491	23.756287030575336	26.310301972091004	0.0
127.0	26.259977924146927	23.636732662531383	23.767686400551618	26.335603012770076	0.0
128.0	26.301126869427165	23.705962982631252	23.658697302241784	26.334212845699795	0.0
129.0	26.23134048249919	23.90225457295458	23.705128882389083	26.161276062157153	0.0
130.0	26.278050096060547	23.864720062057057	23.675657340499182	26.181572501383215	0.0
131.0	26.290283566278994	23.75906736471589	23.65313663396067	26.297512435044446	0.0
132.0	26.181850534797274	23.685666543405187	23.79270940781663	26.33977351398091	0.0
133.0	26.309189838434783	23.838306887721767	23.601422418946306	26.25108085489714	0.0
134.0	26.40713102083032	23.65931914988267	23.753572739304023	26.179977089982987	0.0
135.0	26.336510337311076	23.663767696876008	23.730495901776084	26.269226064036832	0.0
136.0	26.226964867600124	23.79972641435991	23.758299320484447	26.215009397555523	0.0
137.0	26.215843500116776	23.736056585517755	23.76163573072945	26.28646418363602	0.0
138.0	26.22084811548428	23.830032140752028	23.783322397321975	26.165797346441718	0.0
139.0	26.341236918491497	23.776093508457798	23.765250175161537	26.117419397889165	0.0
140.0	26.204722132633428	23.665991970372676	23.677947440417274	26.45133845657662	0.0
141.0	26.355416662032766	23.666826072933926	23.713535816363983	26.26422144866933	0.0
142.0	26.28646418363602	23.729383765027748	23.643749235405988	26.340402815930247	0.0
143.0	26.234471790651376	23.617892056007207	23.81195991859159	26.335676234749826	0.0
144.0	26.40323854221115	23.672664790862687	23.716316158234815	26.207780508691346	0.0
145.0	26.230652242212937	23.71971851740638	23.701090175078615	26.348539065302074	0.0
146.0	26.373562211712503	23.6237964561664	23.7008121401185	26.3018291920026	0.0
147.0	26.326018233532682	23.71638209788499	23.665223665223664	26.292376003358665	0.0
148.0	26.3034974017633	23.649097637536943	23.60878256832014	26.438622392379617	0.0
149.0	26.206463200682855	23.66438956034332	23.783666558233033	26.345480680740796	0.0
150.0	26.353265659624043	23.657160651380305	23.756141097181562	26.233432591814093	0.0
151.0	26.255675388623366	23.674398818907488	23.765316250865386	26.304609541603764	0.0
152.0	26.263460367506607	23.636308029371612	23.759199481742836	26.341032121378944	0.0
153.0	26.30043901720202	23.711655503563016	23.664111525383202	26.32379395385176	0.0
154.0	26.242885780458035	23.877920409712317	23.71221157348325	26.1669822363464	0.0
155.0	26.27819622039275	23.86346259178629	23.680515588030037	26.177825599790914	0.0
156.0	26.297658667600864	23.74946825813878	23.654936371699378	26.297936702560982	0.0
157.0	26.19172734779671	23.680237553069926	23.797012236318597	26.33102286281477	0.0
158.0	26.32379395385176	23.829542326652152	23.59849527479585	26.248168444700237	0.0
159.0	26.409224113483067	23.66000678407189	23.761767862405677	26.169001240039368	0.0
160.0	26.34221750179333	23.666401605934396	23.73034982455945	26.26103106771282	0.0
161.0	26.233783565863884	23.79429804318451	23.769552862933942	26.202365528017662	0.0
162.0	26.216823386141584	23.741749289618703	23.753704826144258	26.287722498095455	0.0
163.0	26.215989278942132	23.834891260224765	23.78039625652689	26.168723204306215	0.0
164.0	26.344997859124852	23.769830898667095	23.776503756262755	26.10866748594529	0.0
165.0	26.205979992548645	23.661953034203957	23.686420178721367	26.445646794526034	0.0
166.0	26.36501643191183	23.660284819805042	23.705604644308885	26.269094103974243	0.0
167.0	26.284942140763928	23.717838216567593	23.649163390478943	26.348056252189533	0.0
168.0	26.237676066128017	23.61301874516913	23.807365722642672	26.341939466060175	0.0
169.0	26.40616572041839	23.681415535524625	23.70282428697736	26.20959445707962	0.0
170.0	26.24803636717501	23.714289686235805	23.69955375140756	26.338120195181624	0.0
171.0	26.362587407726636	23.626430150278733	23.709285029124324	26.30169741287031	0.0
172.0	26.332281428551568	23.722074708409213	23.685373889591705	26.260269973447514	0.0
173.0	26.32032585878526	23.637273574020266	23.61503065352481	26.42736991366966	0.0
174.0	26.199101942084997	23.65784827547857	23.801315112674292	26.34173466976214	0.0
175.0	26.355358458565608	23.658960421503345	23.756551235177177	26.229129884753867	0.0
176.0	26.262772302003253	23.677588867418294	23.76767269542491	26.291966135153544	0.0
177.0	26.263606411521835	23.630878734377823	23.773511462054966	26.33200339204538	0.0
178.0	26.29419042720309	23.707060737074777	23.67230617380062	26.32644266192151	0.0
179.0	26.23941723548302	23.869434056691645	23.727913475039273	26.163235232786064	0.0
180.0	26.273337689238595	23.85442008535721	23.689822473690796	26.182419751713397	0.0
181.0	26.296692755758833	23.7473760304728	23.658126311984766	26.297804901783607	0.0
182.0	26.18520011677533	23.68231548802358	23.8010370761681	26.331447319032993	0.0
183.0	26.308926362031336	23.839128077516577	23.608079740869975	26.243865819582112	0.0
184.0	26.402420036478492	23.66514302237644	23.755227100849684	26.177209840295383	0.0
185.0	26.339305574091377	23.65485564304462	23.72631122380889	26.279527559055115	0.0
186.0	26.213646221431354	23.804704443085136	23.767447033309235	26.21420230217428	0.0
187.0	26.223099594061054	23.72323861424679	23.758549741422456	26.295112050269697	0.0
188.0	26.205026969916034	23.82500139020186	23.783295334482567	26.18667630539954	0.0
189.0	26.348773841961854	23.76911527553801	23.771895679252626	26.11021520324751	0.0
190.0	26.200856364344105	23.665128176611244	23.677918033698493	26.456097425346158	0.0
191.0	26.379914363565586	23.652060279152533	23.699327142301062	26.26869821498082	0.0
192.0	26.28065395095368	23.727131179447255	23.656508925095924	26.33570594450314	0.0
193.0	26.23929889144996	23.61681481625651	23.809219288270278	26.334667004023256	0.0
194.0	26.408069866178796	23.668252427994293	23.71190488768528	26.211772818141625	0.0
195.0	26.254386111250135	23.723092493424307	23.68917137947717	26.33335001584839	0.0
196.0	26.36115420760834	23.635787331298065	23.705019768780343	26.298038692313252	0.0
197.0	26.331125680507594	23.737272631221884	23.670542570998006	26.261059117272524	0.0
198.0	26.31694554271002	23.63940187622686	23.619938941994896	26.423713639068225	0.0
199.0	26.19516318280144	23.656362433200428	23.802890523775364	26.345583860222767	0.0
200.0	26.361988333361136	23.663313481140417	23.753677104360253	26.22102108113819	0.0
201.0	26.256610446590926	23.67832774469079	23.7834275895434	26.281634219174883	0.0
202.0	26.265507787954114	23.638289708556464	23.770081577498622	26.326120925990804	0.0
203.0	26.314443165451625	23.710024523297133	23.6716547386684	26.30387757258284	0.0
204.0	26.251327650156536	23.863781703729654	23.7267070383531	26.158183607760705	0.0
205.0	26.273863212976917	23.84875463640054	23.69332747585179	26.184054674770753	0.0
206.0	26.306394479138284	23.748102342807254	23.65606944452168	26.289433733532785	0.0
207.0	26.18559051527588	23.68289346368156	23.8085705070457	26.322945513996864	0.0
208.0	26.31710653631844	23.844716559340696	23.615050103989415	26.223126800351448	0.0
209.0	26.42478402673703	23.659047243021707	23.762202802160985	26.153965928080282	0.0
210.0	26.33580888138779	23.678510556066854	23.733841974580912	26.251838587964443	0.0
211.0	26.214520864845625	23.804664560903994	23.77046445413293	26.210350120117447	0.0
212.0	26.208681822226175	23.74543998576386	23.763235163270753	26.282643028739212	0.0
213.0	26.209237921523265	23.841367114511964	23.788815730936914	26.160579233027846	0.0
214.0	26.343257852122075	23.78269863866892	23.782142539371833	26.091900969837173	0.0
215.0	26.191998843313463	23.66981048135955	23.683434914138267	26.45475576118872	0.0
216.0	26.347984696147343	23.68454711273245	23.70901548180443	26.258452709315776	0.0
217.0	26.262623454043954	23.73070335439096	23.6553518996352	26.351321291929885	0.0
218.0	26.218764510756383	23.619271118624653	23.81668691800571	26.34527745261326	0.0
219.0	26.39617620807301	23.673754250743098	23.71490617084164	26.215163370342253	0.0
220.0	26.249436940068176	23.722201522625276	23.689113062434313	26.339248474872235	0.0
221.0	26.371224717913925	23.614038404858164	23.71580627401694	26.29893060321097	0.0
222.0	26.315057751875475	23.728874825520936	23.689113062434313	26.26695436016928	0.0
223.0	26.310052774703735	23.63878523642956	23.622380033477736	26.42878195538897	0.0
224.0	26.197440788339517	23.656858765105298	23.7983883973507	26.347312049204486	0.0
225.0	26.358434220697248	23.67409813091908	23.7619632857119	26.205504362671768	0.0
226.0	26.252495537228686	23.69161555102018	23.776144054365176	26.279744857385957	0.0
227.0	26.250549157217456	23.645180485037898	23.778368488663727	26.32590186908092	0.0
228.0	26.291423137453357	23.717474599740854	23.688000845285035	26.303101417520757	0.0
229.0	26.24915888578086	23.873185000639523	23.724982065498466	26.15267404808115	0.0
230.0	26.26973490304247	23.86011644913553	23.699679125352432	26.17046952246957	0.0
231.0	26.30866250326714	23.745836137047398	23.64545853932522	26.300042820360247	0.0
232.0	26.18465029112284	23.68855695385967	23.804505591671717	26.32228716334577	0.0
233.0	26.309291765955496	23.84655809543406	23.604928247891646	26.2392218907188	0.0
234.0	26.412801690579467	23.66894672450228	23.758202647091537	26.160048937826712	0.0
235.0	26.326326326326328	23.678122567011457	23.739572906239573	26.255978200422646	0.0
236.0	26.228391405778606	23.817349160403406	23.76813286730787	26.186126566510122	0.0
237.0	26.21172139375419	23.754494164884758	23.75060130744398	26.283183133917078	0.0
238.0	26.19754027021992	23.850147233429634	23.788695698114466	26.163616798235978	0.0
239.0	26.342966301757624	23.781744166970217	23.787861514377155	26.087428016895004	0.0
240.0	26.18013458650798	23.678327123074354	23.698626327790446	26.442911962627218	0.0
241.0	26.34165060773665	23.68017841401729	23.722724150684208	26.25544682756185	0.0
242.0	26.256952169076754	23.72191323692992	23.690767519466075	26.33036707452725	0.0
243.0	26.211240579548935	23.613281793153313	23.834366917878697	26.341110709419063	0.0
244.0	26.389823626584498	23.6808147328257	23.72253029940653	26.206831341183275	0.0
245.0	26.247198010935406	23.73110917049999	23.693007681482676	26.328685137081926	0.0
246.0	26.374824435760868	23.62753959755809	23.709307338237544	26.28832862844349	0.0
247.0	26.31807309339712	23.753685264504647	23.690827168048063	26.237414474050176	0.0
248.0	26.302585283769314	23.647767254926503	23.642204514164128	26.40744294714006	0.0
249.0	26.168523231396108	23.676971643928965	23.830781426008592	26.323723698666335	0.0
