# Position (bp)	A	C	G	T	N
0.0	26.320955627809962	23.813571948152106	23.750471065616154	26.115001358421775	0.0
1.0	26.10945081782834	23.952043329272673	23.879009900411617	26.05949595248737	0.0
2.0	26.049234490434415	23.891026258979146	23.88664440685789	26.173094843728546	0.0
3.0	26.134773629493747	23.98426112281173	23.850766934336633	26.03019831335789	0.0
4.0	26.11404502915094	23.93707135262709	23.786351049784436	26.162532568437534	0.0
5.0	26.148332486286606	23.841444535964435	23.78448794564881	26.22573503210015	0.0
6.0	26.10025235413697	23.88105474682805	23.927494917868074	26.091197981166903	0.0
7.0	26.10116622418491	23.846115652755508	23.802597645354524	26.250120477705053	0.0
8.0	26.058703271028037	23.88960280373832	23.799357476635514	26.25233644859813	0.0
9.0	26.181478344674513	23.88072778248299	23.88248006775503	26.055313805087465	0.0
10.0	26.11684651665377	23.813209117591228	23.856139479870915	26.21380488588409	0.0
11.0	26.05201290831301	23.860228085802316	23.984054436867545	26.10370456901713	0.0
12.0	26.1586087058102	23.89527327950002	23.79539447746156	26.150723537228217	0.0
13.0	26.149847407385774	23.899653928712237	23.854679263466846	26.095819400435143	0.0
14.0	26.336171020545248	23.828103324912753	23.778455967174335	26.05726968736767	0.0
15.0	26.099615963085732	23.804155775885985	23.792182001372602	26.304046259655685	0.0
16.0	26.12677598820145	23.803279646043542	23.888556284041297	26.181388081713706	0.0
17.0	26.15948483565264	23.891476716849436	23.774659404523753	26.174379042974167	0.0
18.0	26.024268796635663	23.957186455032637	23.88884832732211	26.129696421009598	0.0
19.0	26.228699093205616	23.744578946599887	23.855263350028473	26.171458610166027	0.0
20.0	26.1149417231037	23.752033339466205	23.92550603503915	26.20751890239094	0.0
21.0	26.111729265778276	23.979241684846254	23.775396665469295	26.133632383906175	0.0
22.0	26.119906429879357	23.844318477178412	23.934559323865344	26.101215769076884	0.0
23.0	26.086905731899996	23.88462021453374	23.82621189952602	26.202262154040252	0.0
24.0	26.174810245986617	23.747944757415667	23.821247192750363	26.255997803847357	0.0
25.0	26.3357251538329	23.813654111799355	23.745900466390395	26.10472026797735	0.0
26.0	26.13567667493144	23.940108113791077	23.85921259750538	26.065002613772098	0.0
27.0	26.064418530622017	23.859796680655457	23.877319175157776	26.198465613564746	0.0
28.0	26.137428924381673	23.970188396020056	23.852495641279493	26.039887038318778	0.0
29.0	26.126915427680288	23.928718492364574	23.791166910521383	26.153199169433762	0.0
30.0	26.162544499834993	23.826795982676092	23.780361372244954	26.230298145243957	0.0
31.0	26.111729265778276	23.8895849213094	23.930762783389845	26.067923029522483	0.0
32.0	26.111729265778276	23.83760152095252	23.814238194949432	26.236431018319767	0.0
33.0	26.05945382384636	23.88023959090816	23.809857571323853	26.250449013921624	0.0
34.0	26.19379294836413	23.88316000665855	23.887540630284125	26.035506414693195	0.0
35.0	26.124871136655013	23.80255653194789	23.862425054830805	26.210147276566293	0.0
36.0	26.07463998574837	23.85746034805515	23.963179398219133	26.10472026797735	0.0
37.0	26.16050020880973	23.90564720793652	23.787370370045878	26.14648221320787	0.0
38.0	26.140933423282135	23.906815374236675	23.84022989512787	26.112021307353317	0.0
39.0	26.30184833112842	23.840813978277946	23.790582827371303	26.06675486322233	0.0
40.0	26.096251062301228	23.79437936784681	23.7996361161975	26.30973345365446	0.0
41.0	26.122826845629742	23.805184906123237	23.889876962884436	26.182111285362588	0.0
42.0	26.146774254782912	23.89922229328567	23.781237496970068	26.172765954961346	0.0
43.0	26.02178046066638	23.962595315069056	23.885496339258857	26.13012788500571	0.0
44.0	26.224457313743184	23.742395967489934	23.858920555930343	26.17422616283654	0.0
45.0	26.126178745922395	23.740213013880656	23.919233453751108	26.214374786445845	0.0
46.0	26.12004590866745	23.97705734786913	23.786647353096647	26.116249390366775	0.0
47.0	26.115081230889643	23.82694885505769	23.947853360940837	26.11011655311183	0.0
48.0	26.08587724396135	23.87630359296651	23.83162149296622	26.206197670105922	0.0
49.0	26.158595171412802	23.741381173357787	23.836002091005465	26.26402156422395	0.0
50.0	26.33265093350544	23.815559300155655	23.74371749231205	26.10807227402685	0.0
51.0	26.126178745922395	23.91339265636545	23.878639911920775	26.081788685791384	0.0
52.0	26.05842549624875	23.868418516495872	23.878931951790058	26.194224035465325	0.0
53.0	26.152754374027143	23.970632470744906	23.847683685776783	26.028929469451167	0.0
54.0	26.147205616510767	23.922153852443937	23.785771233488795	26.1448692975565	0.0
55.0	26.152754374027143	23.847683685776783	23.77350555897891	26.226056381217166	0.0
56.0	26.124426506706694	23.87601155309723	23.93266728773812	26.066894652457957	0.0
57.0	26.106320034811155	23.837170250482593	23.80008118708366	26.25642852762259	0.0
58.0	26.064266293634407	23.872799114535116	23.82402845636486	26.238906135465612	0.0
59.0	26.181958360955438	23.88418866943715	23.895578224339186	26.038274745268225	0.0
60.0	26.136984221085864	23.80855034329287	23.859949360286667	26.194516075334604	0.0
61.0	26.077700127621423	23.841842888391124	23.978225507346263	26.10223147664119	0.0
62.0	26.170860845922682	23.89587026420847	23.79336427009015	26.139904619778694	0.0
63.0	26.154214573373558	23.918357334143256	23.840090649175423	26.087337443307764	0.0
64.0	26.301110627622883	23.841842888391124	23.800373226952946	26.056673257033054	0.0
65.0	26.11420511128179	23.790443871397322	23.808842383162148	26.286508634158736	0.0
66.0	26.127346905399524	23.797744868129396	23.880684191005756	26.194224035465325	0.0
67.0	26.1483737759879	23.8987906629013	23.77350555897891	26.17933000213189	0.0
68.0	26.02688519036619	23.94610112172514	23.88915334721496	26.137860340693713	0.0
69.0	26.247375291674818	23.734372216494997	23.8611175197638	26.157134972066387	0.0
70.0	26.124273920115883	23.745623078023836	23.93077527371277	26.199327728147516	0.0
71.0	26.129238568896184	23.96844819681036	23.785340268266257	26.116972966027202	0.0
72.0	26.111132202756256	23.832942488924452	23.951217945161073	26.10470736315822	0.0
73.0	26.086308958854744	23.886969549180687	23.827393763817057	26.199327728147516	0.0
74.0	26.178885056699208	23.735693780463233	23.826809687489963	26.2586114753476	0.0
75.0	26.33570955052406	23.8227211532003	23.74533103986029	26.09623825641535	0.0
76.0	26.147929011363203	23.93340361718469	23.858933885480155	26.059733485971947	0.0
77.0	26.080176157420254	23.86857114487721	23.886093434690046	26.165159263012487	0.0
78.0	26.153185698307052	23.98100583784289	23.850464778737283	26.015343685112768	0.0
79.0	26.143256400746452	23.923766357787635	23.78358803928497	26.149389202180938	0.0
80.0	26.154061812797696	23.838491214031848	23.78271192479433	26.224735048376125	0.0
81.0	26.13274302685875	23.876748213456533	23.93895234229209	26.051556417392625	0.0
82.0	26.09682233274244	23.84287178648506	23.80899535951358	26.25131052125892	0.0
83.0	26.053600684537454	23.88667751101714	23.816004275438715	26.243717529006688	0.0
84.0	26.188522316096268	23.88258897672748	23.895438655923556	26.0334500512527	0.0
85.0	26.148221049526754	23.811915741149054	23.860686114461437	26.179177094862755	0.0
86.0	26.07521150863995	23.82914599279834	23.99677589867444	26.098866599887273	0.0
87.0	26.17362836975536	23.899527190213217	23.783880077448522	26.142964362582905	0.0
88.0	26.150265316671582	23.910332602264464	23.847252358938267	26.092149722125686	0.0
89.0	26.308257963150623	23.846668282611173	23.78183581030369	26.063237943934514	0.0
90.0	26.105291439485313	23.806074977878108	23.8072431305323	26.28139045210428	0.0
91.0	26.127778378078446	23.79643771848105	23.90040330470386	26.17538059873664	0.0
92.0	26.160778690559283	23.88492528203586	23.78826064990173	26.166035377503132	0.0
93.0	26.01651183776696	23.937492151474355	23.88434120570876	26.16165480504992	0.0
94.0	26.23028377348352	23.73452562780904	23.86857114487721	26.166619453830226	0.0
95.0	26.127333736343644	23.743440131065963	23.95020194321059	26.179024189379803	0.0
96.0	26.109227475958097	23.97677726087325	23.798927058053927	26.115068205114728	0.0
97.0	26.10689118429545	23.841564380897314	23.949033797379265	26.10251063742798	0.0
98.0	26.086740668705083	23.88098930270455	23.837767906945505	26.194502121644863	0.0
99.0	26.159749783162926	23.736139219620178	23.824042193427427	26.280068803789465	0.0
100.0	26.32942296516297	23.825502375716585	23.739643657114154	26.10543100200629	0.0
101.0	26.14865239776534	23.929759391162392	23.867847662102136	26.053740548970133	0.0
102.0	26.080899939548452	23.861422860029847	23.88741410477684	26.17026309564486	0.0
103.0	26.172307350849678	23.963927656728664	23.855874167331052	26.007890825090602	0.0
104.0	26.149820543596665	23.91690978701781	23.783449125788863	26.149820543596665	0.0
105.0	26.164422366488232	23.841856417355142	23.779360615379225	26.214360600777404	0.0
106.0	26.11594431448822	23.88566188602985	23.932095682825043	26.06629811665688	0.0
107.0	26.100174345765325	23.840688271523817	23.824626266343092	26.234511116367763	0.0
108.0	26.063085715620737	23.878653011041898	23.82725459446357	26.23100667887379	0.0
109.0	26.182236590415947	23.86492729752382	23.9084407297407	26.04439538231953	0.0
110.0	26.15098868942799	23.800095203885252	23.869307844391294	26.179608262295467	0.0
111.0	26.07184680935568	23.8284227402949	24.005980906656387	26.093749543693036	0.0
112.0	26.181360481042454	23.90610443807805	23.789581891403323	26.12295318947617	0.0
113.0	26.139891304030392	23.917201823475644	23.846236964222616	26.09666990827135	0.0
114.0	26.32679463704249	23.822874047596102	23.783741162246695	26.066590153114717	0.0
115.0	26.122077080102677	23.800387240343085	23.814697026776823	26.262838652777415	0.0
116.0	26.104262856174966	23.80213945909007	23.930343464078057	26.163254220656906	0.0
117.0	26.1594577467051	23.89617519851178	23.794546511186457	26.149820543596665	0.0
118.0	26.001173986560485	23.9539984171624	23.90172389121058	26.14310370506654	0.0
119.0	26.242980173644874	23.74110383940331	23.871352099596113	26.144563887355698	0.0
120.0	26.144716591564187	23.719631681468133	23.936908075147258	26.198743651820422	0.0
121.0	26.1064595921395	23.971952654772927	23.804614787060373	26.116972966027202	0.0
122.0	26.100910867032102	23.848420511592455	23.943624952908845	26.107043668466595	0.0
123.0	26.099742714377918	23.8647746487511	23.8437479009757	26.191734735895288	0.0
124.0	26.16311499586766	23.727516711883908	23.835570832396378	26.273797459852055	0.0
125.0	26.325488214799908	23.820384847891923	23.75058772680414	26.103539210504028	0.0
126.0	26.162822957704112	23.93048323554922	23.857473694662417	26.04922011208425	0.0
127.0	26.073751317822214	23.861270190788535	23.894270503269365	26.17070798811989	0.0
128.0	26.168663720975054	23.962315395375867	23.850756816900834	26.01826406674824	0.0
129.0	26.143840477073542	23.908288335119636	23.791765107864297	26.156106079942525	0.0
130.0	26.18180543833468	23.833526565251546	23.781251733976596	26.203416262437173	0.0
131.0	26.129314876467497	23.8937562058291	23.935225746159684	26.041703171543716	0.0
132.0	26.1015711699083	23.84206529992407	23.830383739267567	26.225979790900066	0.0
133.0	26.053968810233048	23.896384556976813	23.81928625664389	26.230360376146255	0.0
134.0	26.16932422171602	23.870101045499677	23.91857952222417	26.04199521056013	0.0
135.0	26.164943636469832	23.786577886805677	23.870977162548918	26.177501314175572	0.0
136.0	26.05426084924946	23.833596168448103	24.013200163541846	26.098942818760584	0.0
137.0	26.165527714502655	23.896384556976813	23.79679925238012	26.14128847614041	0.0
138.0	26.143916827288127	23.89726067402605	23.84089714385842	26.117925354827403	0.0
139.0	26.31914023713568	23.821038490742364	23.80351614975761	26.05630512236435	0.0
140.0	26.113252730564803	23.781613223526662	23.82308276385725	26.282051282051285	0.0
141.0	26.111576752458244	23.79920506747581	23.922153852443937	26.167064327622008	0.0
142.0	26.17152135693801	23.890683316881706	23.790805389903568	26.146989936276714	0.0
143.0	26.02812936235829	23.945586972647465	23.89506392771408	26.131219737280166	0.0
144.0	26.25300071842018	23.72655643102874	23.881922095216957	26.13852075533412	0.0
145.0	26.127068031482263	23.73172904224406	23.93966385818378	26.20153906808989	0.0
146.0	26.113341997283996	23.963903450491365	23.8024035162011	26.120351036023536	0.0
147.0	26.108669304790972	23.828103324912753	23.94375246411518	26.119474906181097	0.0
148.0	26.099323919804917	23.87775068265117	23.84124527254939	26.18168012499452	0.0
149.0	26.149847407385774	23.727932479593473	23.85643152315173	26.26578858986902	0.0
150.0	26.318356380415576	23.81204094446797	23.754216374866754	26.1153863002497	0.0
151.0	26.1749631295358	23.91191974650643	23.86928142750756	26.043835696450213	0.0
152.0	26.07274798125082	23.860228085802316	23.89118467356862	26.175839259378243	0.0
153.0	26.16328139830323	23.953681935662864	23.84737818144649	26.035658484587415	0.0
154.0	26.15101558050903	23.90491070776689	23.814961377276113	26.129112334447964	0.0
155.0	26.181096038432894	23.822846545858095	23.787217265598763	26.208840150110248	0.0
156.0	26.12743637818547	23.879280636889845	23.93447697816094	26.058806006763742	0.0
157.0	26.10640920055839	23.835474016833423	23.82174794254908	26.23636884005911	0.0
158.0	26.068151419042447	23.88161698995952	23.818243412944565	26.231988178053466	0.0
159.0	26.187305425595913	23.853580753123413	23.919582727341755	26.039531093938916	0.0
160.0	26.153136261951904	23.795463970515225	23.89242262290677	26.158977144626093	0.0
161.0	26.058221918496322	23.82262407495021	24.005151658518635	26.114002348034838	0.0
162.0	26.1899338227993	23.88336925476178	23.796340102916353	26.130356819522564	0.0
163.0	26.151091953015943	23.88950218156968	23.837226281635683	26.1221795837787	0.0
164.0	26.31200827068987	23.80685369172989	23.818535457078273	26.062602580501963	0.0
165.0	26.12071936311015	23.78173789623088	23.82145589841537	26.2760868422436	0.0
166.0	26.120795647361522	23.789400519255985	23.936591192507294	26.1532126408752	0.0
167.0	26.177820870763874	23.885845122250387	23.794434774482205	26.141899232503533	0.0
168.0	26.025664988376572	23.936953144165507	23.886137168089903	26.151244699368014	0.0
169.0	26.26163802670467	23.73719378993727	23.881172388818147	26.119995794539914	0.0
170.0	26.114967772459252	23.746747310964373	23.946800463772856	26.19148445280352	0.0
171.0	26.12898609557576	23.952349383339808	23.81333434576778	26.105330175316656	0.0
172.0	26.111755240078388	23.82881291087559	23.941251544205905	26.118180304840116	0.0
173.0	26.09919715895318	23.875832702995538	23.847796056762526	26.17717408128875	0.0
174.0	26.152934064233126	23.731852842653083	23.847211959966007	26.268001133147784	0.0
175.0	26.29194910180515	23.829397007672114	23.743242730185248	26.13541116033749	0.0
176.0	26.172793355314845	23.90766597840594	23.876708848190322	26.042831818088896	0.0
177.0	26.080506061464504	23.861230283082513	23.888682832519002	26.169580822933973	0.0
178.0	26.179218420076577	23.937454915028518	23.83348568524776	26.049840979647147	0.0
179.0	26.17512974250093	23.887222590527703	23.808953619793872	26.128694047177497	0.0
180.0	26.17600588769571	23.805741087413008	23.7931830062878	26.225070018603486	0.0
181.0	26.10745076049625	23.894301535010865	23.944534006214806	26.05371369827808	0.0
182.0	26.103362070979653	23.82362561622392	23.826546108735776	26.246466204060653	0.0
183.0	26.058970584799418	23.874442185930235	23.839396275787948	26.227190953482392	0.0
184.0	26.17987897479031	23.85575103385435	23.902186864792878	26.062183126562466	0.0
185.0	26.14424896614565	23.811067498422933	23.879114973949207	26.16556856148221	0.0
186.0	26.06744001308381	23.812527744678864	23.999439265437726	26.120592976799607	0.0
187.0	26.19156094483774	23.875026284432607	23.79208429709586	26.141328473633795	0.0
188.0	26.152426345178853	23.87969907245158	23.83852012803439	26.12935445433518	0.0
189.0	26.320646713861827	23.800553725380247	23.81135954767412	26.06744001308381	0.0
190.0	26.122637321557907	23.78536716431859	23.81603233569309	26.275963178430413	0.0
191.0	26.12417386326798	23.787773030341086	23.92153197802615	26.166521128364785	0.0
192.0	26.190837777375396	23.886263675286067	23.786090197017575	26.136808350320962	0.0
193.0	26.02553693568454	23.936788490855886	23.89969801931041	26.137976554149166	0.0
194.0	26.25654924271187	23.73176871900609	23.8818829109303	26.12979912735174	0.0
195.0	26.124771103056926	23.742782627488662	23.94517571399783	26.187270555456582	0.0
196.0	26.12681547766813	23.955981694085622	23.797688688475276	26.11951413977097	0.0
197.0	26.134116815565285	23.83945234124701	23.93203330578295	26.094397537404756	0.0
198.0	26.110460480778496	23.884136529177606	23.83653180608815	26.16887118395575	0.0
199.0	26.158941364415618	23.732268700916755	23.83945234124701	26.269337593420616	0.0
200.0	26.308334379864544	23.829077601992985	23.750806802550226	26.111781215592245	0.0
201.0	26.195615031673757	23.895945349988466	23.871412424758397	26.03702719357938	0.0
202.0	26.092962806115743	23.853444121555516	23.890827845032785	26.16276522729596	0.0
203.0	26.188911572374433	23.939741758739228	23.838688290940528	26.03265837794581	0.0
204.0	26.179718508956135	23.870078360704575	23.818383076657973	26.131820053681317	0.0
205.0	26.20074709907679	23.791221147752132	23.78859257398705	26.219439179184036	0.0
206.0	26.125915627884154	23.89949414114981	23.947100949799644	26.027489281166392	0.0
207.0	26.11964274240185	23.814934021835004	23.828661218624596	26.23676201713855	0.0
208.0	26.055247908780782	23.88867470442544	23.833181457077433	26.222895929716344	0.0
209.0	26.201449859512	23.848494938343002	23.90515745754692	26.044897744598078	0.0
210.0	26.16231183078352	23.801178814059316	23.879454871516277	26.15705448364089	0.0
211.0	26.082575399120273	23.81169350834458	24.005047053256927	26.100684039278228	0.0
212.0	26.186999088721173	23.870832067668292	23.805114844498444	26.137053999112087	0.0
213.0	26.152394749601314	23.882362562577768	23.8382587462833	26.126983941537617	0.0
214.0	26.316988538782375	23.810942483614316	23.825546481604803	26.046522495998502	0.0
215.0	26.12670502672547	23.77486345182113	23.826561906709117	26.271869614744283	0.0
216.0	26.12459728887422	23.783542222235205	23.943020209307555	26.14884027958302	0.0
217.0	26.192729418224943	23.89635653073027	23.794418838319224	26.11649521272556	0.0
218.0	26.021135399749973	23.92541271862696	23.91372924723394	26.13972263438913	0.0
219.0	26.26430503385306	23.736279143129202	23.87735788434464	26.122057938673098	0.0
220.0	26.139520211240246	23.738823866175565	23.938322053750596	26.183333868833593	0.0
221.0	26.13338629917718	23.972496706673404	23.796365803148156	26.09775119100126	0.0
222.0	26.13572302758216	23.844268735450214	23.93160395958628	26.088404277381343	0.0
223.0	26.08723591317886	23.875522477866802	23.851571011715773	26.18567059723857	0.0
224.0	26.155167327290833	23.744205542232724	23.845855009303264	26.254772121173175	0.0
225.0	26.32487520191148	23.81051137276437	23.748294888609127	26.116318536715028	0.0
226.0	26.17080131210366	23.88980899719878	23.888348507817998	26.05104118287956	0.0
227.0	26.062153312282565	23.84977814907097	23.90323268496584	26.18483585368062	0.0
228.0	26.203099212782426	23.92528005374695	23.846120141962057	26.025500591508568	0.0
229.0	26.17522397389722	23.880422622020863	23.810900890637644	26.133452513444276	0.0
230.0	26.19216624457044	23.791621755043977	23.796879701114975	26.219332299270604	0.0
231.0	26.129605178598553	23.896977203416565	23.942547001156772	26.030870616828107	0.0
232.0	26.10872549878772	23.815324394590014	23.82145882627874	26.25449128034353	0.0
233.0	26.04724124231731	23.874471267322566	23.848472809702976	26.22981468065715	0.0
234.0	26.18482858545021	23.839709284662664	23.925299712556377	26.050162417330746	0.0
235.0	26.162043420345398	23.789757191932885	23.871257974807786	26.17694141291393	0.0
236.0	26.070610642424807	23.83006940711832	24.000666027903065	26.09865392255381	0.0
237.0	26.18235249440592	23.872565916699287	23.796322803409613	26.14875878548518	0.0
238.0	26.161764877718184	23.893738096072724	23.8358981549643	26.108598871244787	0.0
239.0	26.306948972318622	23.81311272361856	23.84904359612531	26.030894707937506	0.0
240.0	26.146614784173504	23.77217275467994	23.815700296805254	26.265512164341303	0.0
241.0	26.133000680691442	23.78592984496011	23.94368665990844	26.13738281444001	0.0
242.0	26.2014181247681	23.890464907693342	23.796682861842395	26.111434105696162	0.0
243.0	26.04296620494406	23.926794421931287	23.90663483984819	26.123604533276456	0.0
244.0	26.274546469194384	23.7413771442095	23.88395922386263	26.100117162733483	0.0
245.0	26.144365682762487	23.733790709497956	23.951472934356392	26.170370673383164	0.0
246.0	26.12504419529499	23.96539179676885	23.80672703524812	26.10283697268804	0.0
247.0	26.135161514678636	23.836492323157938	23.95163034266711	26.076715819496314	0.0
248.0	26.086346619751648	23.89947951218514	23.850966891597672	26.163206976465535	0.0
249.0	26.178695945689245	23.730269829533665	23.860903211477034	26.230131013300056	0.0
